{"timestamp": "18:39:31.917236", "frame": 1, "mu": [1.0076559614803113, 1.4460075048694416, 1.3271028458114562], "Sigma": [[0.009868015223719493, -0.003542863245608716, -0.011048730620762236], [-0.003542863245608716, 0.0032004067554921812, 0.0019429313699308457], [-0.011048730620762236, 0.0019429313699308452, 0.020299152535999447]], "chi2_level": 0.95, "chi2_df": 3, "chi2_threshold": 7.814727903251179, "N_raw": 60, "N_roi": 60, "N_inlier": 60, "refit": true}
{"timestamp": "18:39:31.970648", "frame": 2, "mu": [0.934919830762034, 1.4581703345438792, 1.4728588818580117], "Sigma": [[0.005233352745646885, -0.0024271393041541325, -0.0038147658028565724], [-0.0024271393041541325, 0.003037037055196019, 0.001682548547779226], [-0.0038147658028565724, 0.001682548547779226, 0.0035818798062515764]], "chi2_level": 0.95, "chi2_df": 3, "chi2_threshold": 7.814727903251179, "N_raw": 26, "N_roi": 26, "N_inlier": 25, "refit": true}
{"timestamp": "18:39:32.032038", "frame": 3, "mu": [1.0183544341591568, 1.4161500046810154, 1.2367978132993926], "Sigma": [[0.011210966209144406, -0.006102971763044445, -0.017226314182309257], [-0.006102971763044444, 0.00617950996198671, 0.006882485746995322], [-0.01722631418230926, 0.006882485746995322, 0.037542025456118344]], "chi2_level": 0.95, "chi2_df": 3, "chi2_threshold": 7.814727903251179, "N_raw": 80, "N_roi": 79, "N_inlier": 76, "refit": true}
{"timestamp": "18:39:32.082374", "frame": 4, "mu": [0.9503572638145564, 1.435019953380213, 1.3562705688845584], "Sigma": [[0.005986647423937435, -0.0012088910649526016, -0.007600712884396253], [-0.0012088910649526016, 0.003495184006345346, 0.00011665265780983597], [-0.007600712884396253, 0.00011665265780983603, 0.013303608799828259]], "chi2_level": 0.95, "chi2_df": 3, "chi2_threshold": 7.814727903251179, "N_raw": 36, "N_roi": 36, "N_inlier": 32, "refit": true}
{"timestamp": "18:39:32.134245", "frame": 5, "mu": [1.127684880292884, 1.2819661868954024, 1.109287130388112], "Sigma": [[0.007441436960170455, -0.006968117975221483, -0.006625379252452544], [-0.006968117975221483, 0.008113733347017017, 0.0038618511953200474], [-0.006625379252452546, 0.0038618511953200482, 0.01686603133953679]], "chi2_level": 0.95, "chi2_df": 3, "chi2_threshold": 7.814727903251179, "N_raw": 22, "N_roi": 22, "N_inlier": 18, "refit": true}
{"timestamp": "18:39:32.187659", "frame": 6, "mu": [1.1000675415077619, 1.2801729986488954, 0.9907429161999631], "Sigma": [[0.006044949603839017, -0.005124590526427313, -0.016982285709096503], [-0.005124590526427312, 0.006667810320617861, 0.008658066994205167], [-0.016982285709096507, 0.008658066994205169, 0.06819502227251631]], "chi2_level": 0.95, "chi2_df": 3, "chi2_threshold": 7.814727903251179, "N_raw": 9, "N_roi": 9, "N_inlier": 8, "refit": true}
{"timestamp": "18:39:32.244375", "frame": 7, "mu": [0.9981141413237519, 1.3769355161189976, 1.2679795387845136], "Sigma": [[0.008496586424545444, -0.0027205203613528545, -0.016672235125965315], [-0.0027205203613528545, 0.0018478324173941442, 0.004297706157480248], [-0.016672235125965315, 0.004297706157480248, 0.04277053771919792]], "chi2_level": 0.95, "chi2_df": 3, "chi2_threshold": 7.814727903251179, "N_raw": 23, "N_roi": 23, "N_inlier": 21, "refit": true}
{"timestamp": "18:39:32.301573", "frame": 8, "mu": [1.0378906871800393, 1.3289102998680027, 1.1502913475193188], "Sigma": [[0.011752369449522196, -0.010329710474553572, -0.02427620306508409], [-0.010329710474553574, 0.013643454305974214, 0.017255143438992246], [-0.02427620306508409, 0.017255143438992242, 0.06800793180440613]], "chi2_level": 0.95, "chi2_df": 3, "chi2_threshold": 7.814727903251179, "N_raw": 41, "N_roi": 41, "N_inlier": 38, "refit": true}
{"timestamp": "18:39:32.357552", "frame": 9, "mu": [0.9234652709421576, 1.4351412265408974, 1.421297151010833], "Sigma": [[0.00504725882142659, -0.0018793917347334384, -0.00923721149879958], [-0.0018793917347334384, 0.004618497876361619, 0.003895483633418627], [-0.00923721149879958, 0.003895483633418627, 0.032425517700663826]], "chi2_level": 0.95, "chi2_df": 3, "chi2_threshold": 7.814727903251179, "N_raw": 42, "N_roi": 42, "N_inlier": 38, "refit": true}
{"timestamp": "18:39:32.414050", "frame": 10, "mu": [0.9791548518099197, 1.366382838004446, 0.5517468817525257], "Sigma": [[0.008224111454275047, -0.003835070133764284, -0.030319573497490884], [-0.003835070133764284, 0.0030139366868245573, 0.013757535484859902], [-0.030319573497490884, 0.013757535484859904, 0.5553788525822246]], "chi2_level": 0.95, "chi2_df": 3, "chi2_threshold": 7.814727903251179, "N_raw": 52, "N_roi": 52, "N_inlier": 50, "refit": true}
{"timestamp": "18:39:32.469671", "frame": 11, "mu": [0.9625151730554482, 1.417091754255162, 1.211170378934368], "Sigma": [[0.007885166838426154, 0.000448473476674147, -0.008327938238328485], [0.000448473476674147, 0.004995479964662441, -0.004071628310914866], [-0.008327938238328485, -0.004071628310914866, 0.017355256258788056]], "chi2_level": 0.95, "chi2_df": 3, "chi2_threshold": 7.814727903251179, "N_raw": 57, "N_roi": 57, "N_inlier": 54, "refit": true}
{"timestamp": "18:39:32.527810", "frame": 12, "mu": [1.0036913912353203, 1.308292708263871, 1.1470815782441715], "Sigma": [[0.008764219486102372, -0.004633721908328676, -0.010653366469835886], [-0.004633721908328676, 0.006466404429472585, 0.005019983544875197], [-0.010653366469835886, 0.0050199835448751975, 0.03142799748270268]], "chi2_level": 0.95, "chi2_df": 3, "chi2_threshold": 7.814727903251179, "N_raw": 78, "N_roi": 78, "N_inlier": 73, "refit": true}
{"timestamp": "18:39:32.578892", "frame": 13, "mu": [0.9652697314037002, 1.411614833814308, 1.137611198268902], "Sigma": [[0.006369476283011679, -0.001223310082861601, -0.00485731991989842], [-0.0012233100828616013, 0.005226051001279594, -0.004499821695262833], [-0.00485731991989842, -0.004499821695262833, 0.014442253474139388]], "chi2_level": 0.95, "chi2_df": 3, "chi2_threshold": 7.814727903251179, "N_raw": 43, "N_roi": 43, "N_inlier": 38, "refit": true}
{"timestamp": "18:39:32.637450", "frame": 14, "mu": [0.9171957841493713, 1.391046925756111, 1.2105948529969595], "Sigma": [[0.007283749397254778, -0.0012833680908717672, -0.0022577635606895533], [-0.0012833680908717674, 0.00611552637286432, -0.007198637734329222], [-0.0022577635606895537, -0.0071986377343292215, 0.0184596366757354]], "chi2_level": 0.95, "chi2_df": 3, "chi2_threshold": 7.814727903251179, "N_raw": 75, "N_roi": 75, "N_inlier": 71, "refit": true}
{"timestamp": "18:39:32.694824", "frame": 15, "mu": [0.9152899890046928, 1.291585015075031, 1.0694030632064868], "Sigma": [[0.00926997761278425, -0.00250726583507933, -0.005960663129915103], [-0.00250726583507933, 0.00517709876295009, -0.0005760428567885883], [-0.005960663129915103, -0.0005760428567885885, 0.011522988844617204]], "chi2_level": 0.95, "chi2_df": 3, "chi2_threshold": 7.814727903251179, "N_raw": 82, "N_roi": 82, "N_inlier": 77, "refit": true}
{"timestamp": "18:39:32.747010", "frame": 16, "mu": [0.9185760900321503, 1.2996385593524948, 1.0863160597741013], "Sigma": [[0.007177102052257286, -0.0015862185700531927, -0.0022746761459375283], [-0.0015862185700531925, 0.005150200616640923, -0.0011698764544894856], [-0.0022746761459375283, -0.0011698764544894858, 0.005025201531610411]], "chi2_level": 0.95, "chi2_df": 3, "chi2_threshold": 7.814727903251179, "N_raw": 63, "N_roi": 63, "N_inlier": 59, "refit": true}
{"timestamp": "18:39:32.799891", "frame": 17, "mu": [0.8870926415131157, 1.2959749477271094, 1.0346534563202325], "Sigma": [[0.011036282481917748, -0.0014992093662433623, -0.0009336094328027194], [-0.001499209366243362, 0.0031362334605978736, -0.0006602083328316773], [-0.0009336094328027192, -0.0006602083328316773, 0.005031333870718035]], "chi2_level": 0.95, "chi2_df": 3, "chi2_threshold": 7.814727903251179, "N_raw": 60, "N_roi": 60, "N_inlier": 55, "refit": true}
{"timestamp": "18:39:32.852136", "frame": 18, "mu": [0.571982593940177, 1.3899189345121292, 0.10759357684348028], "Sigma": [[0.016770991383485943, -0.008710120170975322, 0.025638517460001897], [-0.008710120170975322, 0.006063577332340469, -0.012644873023141046], [0.025638517460001897, -0.012644873023141046, 0.11667432955504597]], "chi2_level": 0.95, "chi2_df": 3, "chi2_threshold": 7.814727903251179, "N_raw": 38, "N_roi": 38, "N_inlier": 34, "refit": true}
{"timestamp": "18:39:32.903516", "frame": 19, "mu": [0.7565161520184356, 1.2961680652257397, 1.0107091250134397], "Sigma": [[0.011000906977689856, -0.0024063032381881934, 0.033834853456774824], [-0.0024063032381881934, 0.0007558743385541255, -0.007992524846806445], [0.033834853456774824, -0.007992524846806445, 0.1471242966113577]], "chi2_level": 0.95, "chi2_df": 3, "chi2_threshold": 7.814727903251179, "N_raw": 18, "N_roi": 18, "N_inlier": 16, "refit": true}
{"timestamp": "18:39:32.970671", "frame": 20, "mu": [0.783060575643254, 1.483422292472166, -0.537368211005855], "Sigma": [[0.023867060527264696, -0.01018452664417499, 0.0049703815584966286], [-0.01018452664417499, 0.011233075584046662, -0.00588500587830668], [0.0049703815584966286, -0.005885005878306679, 0.005320305760760715]], "chi2_level": 0.95, "chi2_df": 3, "chi2_threshold": 7.814727903251179, "N_raw": 97, "N_roi": 97, "N_inlier": 91, "refit": true}
{"timestamp": "18:39:33.022537", "frame": 21, "mu": [0.7148840269352518, 1.522898684539748, -0.46014166462389927], "Sigma": [[0.005341057521435403, -0.0007381165553078321, 0.006442014404534483], [-0.0007381165553078321, 0.004579146507529227, -0.005388128058915051], [0.006442014404534483, -0.0053881280589150515, 0.03346426696206349]], "chi2_level": 0.95, "chi2_df": 3, "chi2_threshold": 7.814727903251179, "N_raw": 71, "N_roi": 71, "N_inlier": 68, "refit": true}
{"timestamp": "18:39:33.071838", "frame": 22, "mu": [0.8466357192938392, 1.2503161108700447, 1.2763108211485772], "Sigma": [[0.008831973065864132, -0.0015169271898121631, -0.00012469179040271053], [-0.0015169271898121631, 0.0018939225162977623, -0.0017491709360587134], [-0.00012469179040271053, -0.0017491709360587134, 0.003024304875595816]], "chi2_level": 0.95, "chi2_df": 3, "chi2_threshold": 7.814727903251179, "N_raw": 38, "N_roi": 38, "N_inlier": 34, "refit": true}
{"timestamp": "18:39:33.129035", "frame": 23, "mu": [0.5650282324073337, 1.5503123994525834, -0.5862009766418672], "Sigma": [[0.01461271080767174, -0.006392541671412576, -0.009903644584888129], [-0.006392541671412576, 0.006605157063791073, 0.004827666513742486], [-0.009903644584888129, 0.004827666513742485, 0.007159547615772187]], "chi2_level": 0.95, "chi2_df": 3, "chi2_threshold": 7.814727903251179, "N_raw": 52, "N_roi": 52, "N_inlier": 48, "refit": true}
{"timestamp": "18:39:33.188242", "frame": 24, "mu": [0.5935960856726434, 1.5519525267974854, -0.44710648272499715], "Sigma": [[0.005335982480702209, -0.0020145921336265924, 0.0027377192771009607], [-0.002014592133626592, 0.008307134704437833, -0.00863841905609059], [0.0027377192771009607, -0.008638419056090588, 0.012857721050051127]], "chi2_level": 0.95, "chi2_df": 3, "chi2_threshold": 7.814727903251179, "N_raw": 88, "N_roi": 88, "N_inlier": 85, "refit": true}
{"timestamp": "18:39:33.239569", "frame": 25, "mu": [0.5639657752768507, 1.5056181246305376, -0.40375783740531174], "Sigma": [[0.00365398109354344, -0.0010453895501955548, 0.005791838437054204], [-0.0010453895501955548, 0.004621842968775385, -0.005725462554099177], [0.005791838437054204, -0.005725462554099178, 0.02230191730641342]], "chi2_level": 0.95, "chi2_df": 3, "chi2_threshold": 7.814727903251179, "N_raw": 57, "N_roi": 57, "N_inlier": 52, "refit": true}
{"timestamp": "18:39:33.298182", "frame": 26, "mu": [0.5714890899609609, 1.3593827171385278, 1.2185645169500137], "Sigma": [[0.0057952055333631266, 0.00043261345492581814, -0.00395664546424661], [0.0004326134549258182, 0.0030763803060475624, 2.0035198224058973e-05], [-0.00395664546424661, 2.003519822405854e-05, 0.05951303664246003]], "chi2_level": 0.95, "chi2_df": 3, "chi2_threshold": 7.814727903251179, "N_raw": 78, "N_roi": 78, "N_inlier": 72, "refit": true}
{"timestamp": "18:39:33.353256", "frame": 27, "mu": [0.5144029218511378, 1.2034865163227362, 0.9780508925202729], "Sigma": [[0.005611037237768148, 0.008612876155880462, 0.012899474028185115], [0.008612876155880463, 0.14376102681228548, 0.263896040504805], [0.012899474028185115, 0.263896040504805, 0.5147018965536251]], "chi2_level": 0.95, "chi2_df": 3, "chi2_threshold": 7.814727903251179, "N_raw": 80, "N_roi": 80, "N_inlier": 72, "refit": true}
{"timestamp": "18:39:33.402018", "frame": 28, "mu": [0.33845291504466796, 1.3168661742898298, 0.3805879081180686], "Sigma": [[0.016604825583894645, 0.003955389172592663, 0.05195652364133001], [0.0039553891725926625, 0.003693866898130207, 0.026893374501249033], [0.05195652364133001, 0.026893374501249033, 0.32847803793432256]], "chi2_level": 0.95, "chi2_df": 3, "chi2_threshold": 7.814727903251179, "N_raw": 33, "N_roi": 33, "N_inlier": 32, "refit": true}
{"timestamp": "18:39:33.465709", "frame": 29, "mu": [0.38951405766686575, 1.3610286968652459, 1.1102955842068432], "Sigma": [[0.004564383094880077, -0.00027649164930917394, -0.0013043189912220385], [-0.00027649164930917394, 0.00276563621807423, -0.0046054740866278265], [-0.0013043189912220388, -0.0046054740866278265, 0.02409997757943884]], "chi2_level": 0.95, "chi2_df": 3, "chi2_threshold": 7.814727903251179, "N_raw": 92, "N_roi": 92, "N_inlier": 84, "refit": true}
{"timestamp": "18:39:33.522416", "frame": 30, "mu": [0.29918496320084975, 1.363646824162619, 0.8402402187054088], "Sigma": [[0.03413359522608132, -0.005352701522448796, 0.052340316669625894], [-0.005352701522448796, 0.0023564840654052826, -0.003805680755972242], [0.052340316669625894, -0.003805680755972242, 0.14694105557003495]], "chi2_level": 0.95, "chi2_df": 3, "chi2_threshold": 7.814727903251179, "N_raw": 101, "N_roi": 101, "N_inlier": 97, "refit": true}
{"timestamp": "18:39:33.576079", "frame": 31, "mu": [0.3203630665087873, 1.3543151799601674, 1.075384173885619], "Sigma": [[0.007769624861757145, -0.003984389344322277, -0.013351394321626778], [-0.003984389344322277, 0.0036507775689909525, 0.007502638811682346], [-0.013351394321626778, 0.007502638811682346, 0.04929301481218763]], "chi2_level": 0.95, "chi2_df": 3, "chi2_threshold": 7.814727903251179, "N_raw": 93, "N_roi": 93, "N_inlier": 87, "refit": true}
{"timestamp": "18:39:33.628974", "frame": 32, "mu": [0.25086147607269943, 1.3678773897544205, 1.131010161460145], "Sigma": [[0.00474466020869477, -0.0026030659956921024, -0.005247468230741402], [-0.0026030659956921016, 0.0024535296913997654, 0.0017022192210734862], [-0.005247468230741402, 0.0017022192210734864, 0.02465560374427793]], "chi2_level": 0.95, "chi2_df": 3, "chi2_threshold": 7.814727903251179, "N_raw": 74, "N_roi": 73, "N_inlier": 68, "refit": true}
{"timestamp": "18:39:33.684205", "frame": 33, "mu": [0.13583887556271956, 1.3795538984359335, 1.2346593884781953], "Sigma": [[0.006601352222038422, -0.002299409651709743, -0.0013222567345890766], [-0.002299409651709743, 0.0032411554969522458, 0.0068570579941997075], [-0.0013222567345890764, 0.006857057994199708, 0.04630372565053442]], "chi2_level": 0.95, "chi2_df": 3, "chi2_threshold": 7.814727903251179, "N_raw": 85, "N_roi": 85, "N_inlier": 84, "refit": true}
{"timestamp": "18:39:33.742361", "frame": 34, "mu": [0.13761919153834823, 1.3702427444942356, 1.1135092880223445], "Sigma": [[0.005312416765038145, -0.0018991208476004779, -0.004667105382360427], [-0.0018991208476004779, 0.002460897331674741, 0.000383516587500741], [-0.004667105382360426, 0.000383516587500741, 0.035817039451881555]], "chi2_level": 0.95, "chi2_df": 3, "chi2_threshold": 7.814727903251179, "N_raw": 104, "N_roi": 104, "N_inlier": 96, "refit": true}
{"timestamp": "18:39:33.792943", "frame": 35, "mu": [0.03388340639438831, 1.4121496825654412, 1.0226861521487987], "Sigma": [[0.012614906011543454, -0.0037837475765997814, -0.04032545122565398], [-0.0037837475765997806, 0.007427200883986689, 0.044553985113446326], [-0.04032545122565398, 0.04455398511344633, 0.3982181061281664]], "chi2_level": 0.95, "chi2_df": 3, "chi2_threshold": 7.814727903251179, "N_raw": 72, "N_roi": 72, "N_inlier": 70, "refit": true}
{"timestamp": "18:39:33.842034", "frame": 36, "mu": [0.003963253523820862, 1.4722061656884633, 1.4610145569941682], "Sigma": [[0.0026455280369410057, -0.0008069222852473256, 0.0017178167285327001], [-0.0008069222852473257, 0.001738005916729582, -0.0017271360738333767], [0.0017178167285327001, -0.0017271360738333767, 0.018240976553317776]], "chi2_level": 0.95, "chi2_df": 3, "chi2_threshold": 7.814727903251179, "N_raw": 33, "N_roi": 32, "N_inlier": 28, "refit": true}
{"timestamp": "18:39:33.906053", "frame": 37, "mu": [-0.01643634638294999, 1.3551599089457522, 1.1386515014537015], "Sigma": [[0.005229675021980148, -0.0009654609670420387, -0.0048515760407119145], [-0.0009654609670420387, 0.0050514894071018385, 0.005502068595122993], [-0.0048515760407119145, 0.005502068595122993, 0.042002202425908984]], "chi2_level": 0.95, "chi2_df": 3, "chi2_threshold": 7.814727903251179, "N_raw": 97, "N_roi": 97, "N_inlier": 93, "refit": true}
{"timestamp": "18:39:33.960522", "frame": 38, "mu": [-0.09844255920306323, 1.4341416998719279, 1.1150580850994496], "Sigma": [[0.0056739773502097945, -0.0012030100042453883, -0.000910080956488645], [-0.0012030100042453881, 0.006211158996071756, 0.005099150469413399], [-0.0009100809564886456, 0.005099150469413399, 0.2628740062919863]], "chi2_level": 0.95, "chi2_df": 3, "chi2_threshold": 7.814727903251179, "N_raw": 94, "N_roi": 94, "N_inlier": 91, "refit": true}
{"timestamp": "18:39:34.021360", "frame": 39, "mu": [-0.21950130351821862, 1.5958041973229133, 1.3195334226965352], "Sigma": [[0.018518829292301156, -0.001486710267317416, 0.008511651693454643], [-0.001486710267317416, 0.0025797444782880707, -0.0032763049540673345], [0.008511651693454643, -0.003276304954067335, 0.032931810192664474]], "chi2_level": 0.95, "chi2_df": 3, "chi2_threshold": 7.814727903251179, "N_raw": 135, "N_roi": 135, "N_inlier": 129, "refit": true}
{"timestamp": "18:39:34.076141", "frame": 40, "mu": [-0.2280171602518701, 1.5287634128005478, 1.2731409956729323], "Sigma": [[0.010967344562410443, -0.002330454200083547, 0.0032127450630029045], [-0.0023304542000835474, 0.019028048334675383, 0.0014877333989748607], [0.0032127450630029045, 0.0014877333989748607, 0.005066384642335813]], "chi2_level": 0.95, "chi2_df": 3, "chi2_threshold": 7.814727903251179, "N_raw": 123, "N_roi": 123, "N_inlier": 114, "refit": true}
{"timestamp": "18:39:34.126125", "frame": 41, "mu": [-0.20078264939873658, 1.6147803038913586, 1.396288287475626], "Sigma": [[0.006165617052755159, 0.0002635441230610646, -0.0037489438337032204], [0.0002635441230610646, 0.004424483604216268, -0.003506072039000062], [-0.0037489438337032204, -0.0035060720390000617, 0.030081875184925305]], "chi2_level": 0.95, "chi2_df": 3, "chi2_threshold": 7.814727903251179, "N_raw": 90, "N_roi": 90, "N_inlier": 85, "refit": true}
{"timestamp": "18:39:34.181731", "frame": 42, "mu": [-0.28238900601462236, 1.5428553871422854, 1.245882248794457], "Sigma": [[0.005300256452938561, -0.000881981404697612, -0.005750912466929738], [-0.0008819814046976122, 0.007359959862371531, -0.0016623698684815594], [-0.005750912466929738, -0.00166236986848156, 0.02445501820234293]], "chi2_level": 0.95, "chi2_df": 3, "chi2_threshold": 7.814727903251179, "N_raw": 94, "N_roi": 94, "N_inlier": 87, "refit": true}
{"timestamp": "18:39:34.243273", "frame": 43, "mu": [-0.369321588155247, 1.66244030541486, 1.222688307954963], "Sigma": [[0.013167211976564846, -0.00714637999090714, -0.0030060349951264265], [-0.00714637999090714, 0.015177459923011631, -0.003392807127368988], [-0.0030060349951264265, -0.003392807127368988, 0.029436846885127706]], "chi2_level": 0.95, "chi2_df": 3, "chi2_threshold": 7.814727903251179, "N_raw": 150, "N_roi": 150, "N_inlier": 139, "refit": true}
{"timestamp": "18:39:34.287721", "frame": 44, "mu": [-0.35043811341806547, 1.697671097805552, 1.3959327422139727], "Sigma": [[0.005744491067308711, 0.00012508631657149629, -0.0034970669319294182], [0.00012508631657149607, 0.014561831799674052, 0.008013412504641743], [-0.0034970669319294182, 0.008013412504641743, 0.018561325556774207]], "chi2_level": 0.95, "chi2_df": 3, "chi2_threshold": 7.814727903251179, "N_raw": 73, "N_roi": 73, "N_inlier": 70, "refit": true}
{"timestamp": "18:39:34.347160", "frame": 45, "mu": [-0.40301606566399545, 1.6991776887579542, -0.04468721699970578], "Sigma": [[0.008203837059591186, -0.004165364052617793, 0.06472555264031246], [-0.004165364052617795, 0.01437272244214534, -0.009941705007142225], [0.06472555264031246, -0.009941705007142226, 0.8406798787402211]], "chi2_level": 0.95, "chi2_df": 3, "chi2_threshold": 7.814727903251179, "N_raw": 106, "N_roi": 106, "N_inlier": 103, "refit": true}
{"timestamp": "18:39:34.402379", "frame": 46, "mu": [-0.4317951718090912, 1.763773019765937, 0.08349334615578856], "Sigma": [[0.006199551069539824, -0.0031449218899592553, 0.050185430320813844], [-0.0031449218899592553, 0.01570966213709643, -0.038699230284022695], [0.050185430320813844, -0.03869923028402269, 0.5917353413462495]], "chi2_level": 0.95, "chi2_df": 3, "chi2_threshold": 7.814727903251179, "N_raw": 109, "N_roi": 109, "N_inlier": 100, "refit": true}
{"timestamp": "18:39:34.460430", "frame": 47, "mu": [-0.4930348402817989, 1.9605033195138426, -0.6497069896033768], "Sigma": [[0.01253788101382691, -0.010595724419813775, 0.030803944327841226], [-0.010595724419813775, 0.03307290978360268, -0.09158418299152817], [0.03080394432784122, -0.09158418299152817, 0.29958462171868677]], "chi2_level": 0.95, "chi2_df": 3, "chi2_threshold": 7.814727903251179, "N_raw": 129, "N_roi": 129, "N_inlier": 127, "refit": true}
{"timestamp": "18:39:34.519656", "frame": 48, "mu": [-0.543817188906825, 1.9906210682380547, -0.6698560454449438], "Sigma": [[0.01033324857170802, -0.004301448192908284, 0.008557398393235254], [-0.004301448192908284, 0.024441953894179146, -0.07332276253476414], [0.008557398393235254, -0.07332276253476414, 0.29158354237142653]], "chi2_level": 0.95, "chi2_df": 3, "chi2_threshold": 7.814727903251179, "N_raw": 146, "N_roi": 146, "N_inlier": 144, "refit": true}
{"timestamp": "18:39:34.568443", "frame": 49, "mu": [-0.5758587277083207, 1.9656760929166177, -0.43943619368209463], "Sigma": [[0.012784197535741169, -0.008077739400593614, 0.0274455853931447], [-0.008077739400593614, 0.025427242897824054, -0.04042526307499884], [0.0274455853931447, -0.04042526307499884, 0.14350792857425124]], "chi2_level": 0.95, "chi2_df": 3, "chi2_threshold": 7.814727903251179, "N_raw": 113, "N_roi": 113, "N_inlier": 108, "refit": true}
{"timestamp": "18:39:34.621808", "frame": 50, "mu": [-0.5660523336906262, 1.8639846027021274, 1.3751346990294364], "Sigma": [[0.008301367259087407, 0.0015015637560529143, -0.005572460465797515], [0.001501563756052914, 0.008907362812941766, -0.0026201888851034834], [-0.005572460465797516, -0.0026201888851034834, 0.012025136107538989]], "chi2_level": 0.95, "chi2_df": 3, "chi2_threshold": 7.814727903251179, "N_raw": 97, "N_roi": 97, "N_inlier": 87, "refit": true}
{"timestamp": "18:39:34.671454", "frame": 51, "mu": [-0.5849515270177102, 1.8740509590592873, 1.3305031084841696], "Sigma": [[0.006337726359999793, 0.0003874160292560027, -0.004121118609762914], [0.0003874160292560027, 0.00609090023489688, -0.0020875111139501534], [-0.004121118609762913, -0.0020875111139501534, 0.009860393713657578]], "chi2_level": 0.95, "chi2_df": 3, "chi2_threshold": 7.814727903251179, "N_raw": 68, "N_roi": 68, "N_inlier": 62, "refit": true}
{"timestamp": "18:39:34.741921", "frame": 52, "mu": [-0.586892471197158, 2.0673685883087325, -0.4606793387687543], "Sigma": [[0.020754611201277237, 0.004225727422764154, -0.016030963182077244], [0.004225727422764154, 0.0071956317474595995, -0.016140939533972113], [-0.016030963182077244, -0.016140939533972113, 0.04557718396159066]], "chi2_level": 0.95, "chi2_df": 3, "chi2_threshold": 7.814727903251179, "N_raw": 138, "N_roi": 138, "N_inlier": 132, "refit": true}
{"timestamp": "18:39:34.789624", "frame": 53, "mu": [-0.6617487237224912, 2.081566991627419, -0.541228722737965], "Sigma": [[0.009879202662112651, 0.003358202725291093, 0.015487501952030268], [0.003358202725291093, 0.023717887994343198, -0.019849721001155722], [0.015487501952030268, -0.019849721001155722, 0.18082011081929347]], "chi2_level": 0.95, "chi2_df": 3, "chi2_threshold": 7.814727903251179, "N_raw": 121, "N_roi": 121, "N_inlier": 117, "refit": true}
{"timestamp": "18:39:34.848149", "frame": 54, "mu": [-0.6558932517795081, 2.154254685375598, -0.35278889486431575], "Sigma": [[0.01300556635519443, 0.0013029452737935354, -0.01583820405103701], [0.001302945273793535, 0.008666651455537957, -0.0139588583120114], [-0.01583820405103701, -0.0139588583120114, 0.0913029094853549]], "chi2_level": 0.95, "chi2_df": 3, "chi2_threshold": 7.814727903251179, "N_raw": 130, "N_roi": 128, "N_inlier": 118, "refit": true}
{"timestamp": "18:39:34.900545", "frame": 55, "mu": [-0.7266368175389339, 2.027730073760518, 0.9331372783528884], "Sigma": [[0.013583000679020912, -0.0026673632120792815, -0.013288413032466483], [-0.002667363212079281, 0.00801848012275492, -0.0006379198147601069], [-0.013288413032466483, -0.0006379198147601077, 0.3020041051481112]], "chi2_level": 0.95, "chi2_df": 3, "chi2_threshold": 7.814727903251179, "N_raw": 131, "N_roi": 131, "N_inlier": 124, "refit": true}
{"timestamp": "18:39:34.955509", "frame": 56, "mu": [-0.7080699888415857, 2.089546581012342, 1.2321122148553323], "Sigma": [[0.012568995718947793, 0.0005988721533611772, -0.011533740900508134], [0.0005988721533611775, 0.009208522109584177, -0.0038532934903078796], [-0.011533740900508132, -0.003853293490307879, 0.03592499187534201]], "chi2_level": 0.95, "chi2_df": 3, "chi2_threshold": 7.814727903251179, "N_raw": 119, "N_roi": 119, "N_inlier": 111, "refit": true}
{"timestamp": "18:39:35.014491", "frame": 57, "mu": [-0.7183790133235632, 2.1036206319035387, 0.9088416404750954], "Sigma": [[0.014407579922762002, -8.176409703957441e-05, 0.014311700687180339], [-8.176409703957452e-05, 0.005063800539233672, 0.0053473036794000495], [0.014311700687180337, 0.0053473036794000495, 0.29786777680443893]], "chi2_level": 0.95, "chi2_df": 3, "chi2_threshold": 7.814727903251179, "N_raw": 150, "N_roi": 150, "N_inlier": 144, "refit": true}
{"timestamp": "18:39:35.070302", "frame": 58, "mu": [-0.7321312481530073, 2.194725994093251, 0.8083767817043623], "Sigma": [[0.012826166596582514, -0.00050224155422589, 0.014158281568997403], [-0.0005022415542258903, 0.006333251212499103, -0.017869165325874257], [0.014158281568997403, -0.017869165325874257, 0.33158735928485344]], "chi2_level": 0.95, "chi2_df": 3, "chi2_threshold": 7.814727903251179, "N_raw": 150, "N_roi": 150, "N_inlier": 149, "refit": true}
{"timestamp": "18:39:35.122746", "frame": 59, "mu": [-0.74589618415686, 2.473908876635031, -0.6510020641012625], "Sigma": [[0.011204367377711284, -0.0027872467313294633, 0.008130111925989421], [-0.002787246731329463, 0.02212916515268645, -0.07452318820967206], [0.008130111925989421, -0.07452318820967205, 0.4073904707106979]], "chi2_level": 0.95, "chi2_df": 3, "chi2_threshold": 7.814727903251179, "N_raw": 138, "N_roi": 138, "N_inlier": 137, "refit": true}
{"timestamp": "18:39:35.177520", "frame": 60, "mu": [-0.7305436850704504, 2.5156582011967985, -0.5585121340780241], "Sigma": [[0.013688646374489587, -0.004619281729387591, 0.011018862437169995], [-0.0046192817293875905, 0.028624097964313627, -0.05864553762463527], [0.011018862437169995, -0.05864553762463527, 0.1598369578072185]], "chi2_level": 0.95, "chi2_df": 3, "chi2_threshold": 7.814727903251179, "N_raw": 128, "N_roi": 128, "N_inlier": 122, "refit": true}
{"timestamp": "18:39:35.228267", "frame": 61, "mu": [-0.6596831154523478, 2.3025923308209046, 0.8269284930182158], "Sigma": [[0.01142761342359007, 0.00016750740882750238, -0.003282504910518327], [0.00016750740882750224, 0.004440985053245596, 0.006508889353144406], [-0.0032825049105183264, 0.006508889353144407, 0.30209428968882707]], "chi2_level": 0.95, "chi2_df": 3, "chi2_threshold": 7.814727903251179, "N_raw": 108, "N_roi": 108, "N_inlier": 107, "refit": true}
{"timestamp": "18:39:35.283233", "frame": 62, "mu": [-0.7489725477452485, 2.4859166393385297, -0.33863707884578037], "Sigma": [[0.018140585166254553, 0.0024096854512713683, 0.008640990681966332], [0.002409685451271368, 0.007408801555844529, -0.010958103558113014], [0.008640990681966332, -0.010958103558113013, 0.030345946523593258]], "chi2_level": 0.95, "chi2_df": 3, "chi2_threshold": 7.814727903251179, "N_raw": 105, "N_roi": 105, "N_inlier": 101, "refit": true}
{"timestamp": "18:39:35.331039", "frame": 63, "mu": [-0.7320611808651165, 2.3948324675923467, 0.8927316744089936], "Sigma": [[0.012801797484371791, 0.0020348535655546032, -0.0027661048972246463], [0.0020348535655546032, 0.006518830149086235, -0.0006518555497768261], [-0.0027661048972246463, -0.000651855549776826, 0.0012541798457800905]], "chi2_level": 0.95, "chi2_df": 3, "chi2_threshold": 7.814727903251179, "N_raw": 59, "N_roi": 59, "N_inlier": 57, "refit": true}
{"timestamp": "18:39:35.390437", "frame": 64, "mu": [-0.7833300344396277, 2.4062947299557944, 0.9877187965252421], "Sigma": [[0.015415991986800224, 0.0018932642695054717, 0.003183132579657748], [0.0018932642695054717, 0.002337471018326074, -0.004229914037155719], [0.003183132579657748, -0.004229914037155719, 0.026019387329162074]], "chi2_level": 0.95, "chi2_df": 3, "chi2_threshold": 7.814727903251179, "N_raw": 94, "N_roi": 94, "N_inlier": 84, "refit": true}
{"timestamp": "18:39:35.445875", "frame": 65, "mu": [-0.7817512619177736, 2.6382833355036728, -0.02863354538733969], "Sigma": [[0.014183464287936686, -0.0045386202459267305, 0.057086271604548405], [-0.0045386202459267305, 0.005804576428710422, -0.036444268978197025], [0.057086271604548405, -0.036444268978197025, 0.4454161512850623]], "chi2_level": 0.95, "chi2_df": 3, "chi2_threshold": 7.814727903251179, "N_raw": 98, "N_roi": 98, "N_inlier": 92, "refit": true}
{"timestamp": "18:39:35.499738", "frame": 66, "mu": [-0.7426279840710777, 2.7463084458331677, -0.27014658606158426], "Sigma": [[0.015367333298897468, 0.0013197287178225393, 0.015019244008169308], [0.001319728717822539, 0.007285908800134398, -0.012728161340949617], [0.015019244008169308, -0.012728161340949617, 0.1731658388711223]], "chi2_level": 0.95, "chi2_df": 3, "chi2_threshold": 7.814727903251179, "N_raw": 89, "N_roi": 89, "N_inlier": 86, "refit": true}
{"timestamp": "18:39:35.559573", "frame": 67, "mu": [-0.8471631543487594, 2.6221528697193386, 0.8053640942727962], "Sigma": [[0.016786177225170208, 0.003207597218589356, 0.00633413379661479], [0.003207597218589356, 0.0040628395795035644, 0.02378374249442062], [0.0063341337966147885, 0.02378374249442062, 0.38816247437853024]], "chi2_level": 0.95, "chi2_df": 3, "chi2_threshold": 7.814727903251179, "N_raw": 119, "N_roi": 119, "N_inlier": 117, "refit": true}
{"timestamp": "18:39:35.614959", "frame": 68, "mu": [-0.8066116099116771, 2.6504812386558716, 0.8841917376081884], "Sigma": [[0.03254695156785156, 0.007142174489260668, 0.04061079454867675], [0.007142174489260668, 0.004449789728818044, 0.011173501959859734], [0.04061079454867675, 0.011173501959859734, 0.15727388627417727]], "chi2_level": 0.95, "chi2_df": 3, "chi2_threshold": 7.814727903251179, "N_raw": 122, "N_roi": 120, "N_inlier": 116, "refit": true}
{"timestamp": "18:39:35.665177", "frame": 69, "mu": [-0.7033881081450298, 2.7122132841773015, 0.6932615477020978], "Sigma": [[0.013413229204382227, 0.0011956768137584245, 0.010615726193080913], [0.0011956768137584245, 0.002099361326866247, 0.019994329910021216], [0.010615726193080913, 0.01999432991002121, 0.45523020045812496]], "chi2_level": 0.95, "chi2_df": 3, "chi2_threshold": 7.814727903251179, "N_raw": 89, "N_roi": 89, "N_inlier": 85, "refit": true}
{"timestamp": "18:39:35.722588", "frame": 70, "mu": [-0.7431995790310377, 2.8626960287369108, 0.07983818144022076], "Sigma": [[0.03340656001389427, -0.022988343391007096, 0.11834784136741508], [-0.022988343391007096, 0.02719391911034534, -0.09255384125472003], [0.11834784136741508, -0.09255384125472003, 0.586599004339187]], "chi2_level": 0.95, "chi2_df": 3, "chi2_threshold": 7.814727903251179, "N_raw": 111, "N_roi": 111, "N_inlier": 108, "refit": true}
{"timestamp": "18:39:35.780600", "frame": 71, "mu": [-0.7144860914257078, 2.8175020752335014, 0.9617088813490238], "Sigma": [[0.032407709783079774, -0.006015540888148889, 0.03892475068296185], [-0.006015540888148889, 0.0053654740898379195, -0.020262831881978926], [0.03892475068296185, -0.020262831881978926, 0.16770624282239482]], "chi2_level": 0.95, "chi2_df": 3, "chi2_threshold": 7.814727903251179, "N_raw": 107, "N_roi": 107, "N_inlier": 104, "refit": true}
{"timestamp": "18:39:35.823901", "frame": 72, "mu": [-0.7440550327747373, 2.8851039180342477, 0.5479877746653461], "Sigma": [[0.023056877255088398, -0.006302365194302315, 0.043179709717216595], [-0.006302365194302315, 0.0030573804963247423, -0.01819374299836932], [0.043179709717216595, -0.01819374299836932, 0.1758248309026939]], "chi2_level": 0.95, "chi2_df": 3, "chi2_threshold": 7.814727903251179, "N_raw": 42, "N_roi": 42, "N_inlier": 40, "refit": true}
{"timestamp": "18:39:35.881021", "frame": 73, "mu": [-0.5888085303345179, 2.847445456569968, 1.1457167924928702], "Sigma": [[0.011789973050062028, -0.0014009655803573914, -0.014827873899358867], [-0.0014009655803573916, 0.0030072601867154568, -0.0027663118186684365], [-0.014827873899358867, -0.0027663118186684365, 0.0376160456116864]], "chi2_level": 0.95, "chi2_df": 3, "chi2_threshold": 7.814727903251179, "N_raw": 64, "N_roi": 64, "N_inlier": 59, "refit": true}
{"timestamp": "18:39:35.935919", "frame": 74, "mu": [-0.6142555280286837, 2.8808116822868546, 1.1785575163888797], "Sigma": [[0.014117153467971493, -0.00028699885265410943, -0.01167428009332153], [-0.00028699885265410943, 0.0032833647167430768, -0.0029700738092725363], [-0.01167428009332153, -0.0029700738092725363, 0.015258467969960839]], "chi2_level": 0.95, "chi2_df": 3, "chi2_threshold": 7.814727903251179, "N_raw": 62, "N_roi": 59, "N_inlier": 55, "refit": true}
{"timestamp": "18:39:35.982969", "frame": 75, "mu": [-0.6013781424168827, 3.021724304905056, 0.9099758599153396], "Sigma": [[0.0020669367900459437, 0.001195022548900042, -0.012106622147102657], [0.0011950225489000424, 0.017125071703733306, -0.06392212644237377], [-0.01210662214710266, -0.06392212644237377, 0.3811811810172065]], "chi2_level": 0.95, "chi2_df": 3, "chi2_threshold": 7.814727903251179, "N_raw": 11, "N_roi": 11, "N_inlier": 10, "refit": true}
{"timestamp": "18:39:36.043482", "frame": 76, "mu": [-0.6075726963274728, 3.0662755532762604, -0.27202795870965507], "Sigma": [[0.010192983001025089, -0.005275081682423339, 0.016465876855611915], [-0.005275081682423339, 0.019229877046198864, -0.056840388148085584], [0.016465876855611915, -0.056840388148085584, 0.20640852852052124]], "chi2_level": 0.95, "chi2_df": 3, "chi2_threshold": 7.814727903251179, "N_raw": 47, "N_roi": 47, "N_inlier": 42, "refit": true}
{"timestamp": "18:39:36.101196", "frame": 77, "mu": [-0.5466211074515621, 3.0156932070549387, 1.4037809081340167], "Sigma": [[0.018555712278575408, 5.951967193654456e-06, -0.009512457900760517], [5.951967193654564e-06, 0.007636173005536717, 0.005439247755057408], [-0.009512457900760518, 0.005439247755057407, 0.009646650548871026]], "chi2_level": 0.95, "chi2_df": 3, "chi2_threshold": 7.814727903251179, "N_raw": 63, "N_roi": 63, "N_inlier": 59, "refit": true}
{"timestamp": "18:39:36.159215", "frame": 78, "mu": [-0.5371936421944613, 3.0500808659750414, 1.2193848913421033], "Sigma": [[0.01943002725846698, -6.127307368770876e-05, -0.00276981033578733], [-6.127307368770884e-05, 0.00552158590225029, -0.00506220675437058], [-0.00276981033578733, -0.00506220675437058, 0.02610962889496304]], "chi2_level": 0.95, "chi2_df": 3, "chi2_threshold": 7.814727903251179, "N_raw": 86, "N_roi": 83, "N_inlier": 79, "refit": true}
{"timestamp": "18:39:36.210141", "frame": 79, "mu": [-0.4575289125286829, 3.085745958864366, 1.2697888653063818], "Sigma": [[0.01623370969431038, -0.0009095981867350654, -0.012698408506210795], [-0.0009095981867350653, 0.005977139306395656, 0.003138627018315325], [-0.012698408506210795, 0.003138627018315325, 0.013254123979341443]], "chi2_level": 0.95, "chi2_df": 3, "chi2_threshold": 7.814727903251179, "N_raw": 53, "N_roi": 53, "N_inlier": 48, "refit": true}
{"timestamp": "18:39:36.268667", "frame": 80, "mu": [-0.44865521330029695, 3.230783553545592, -0.07375960510158132], "Sigma": [[0.018812017636472823, 0.0017225503729354818, 0.052653482600360506], [0.0017225503729354815, 0.014369752000741571, -0.003113370733296703], [0.05265348260036051, -0.0031133707332967027, 0.25341248822617907]], "chi2_level": 0.95, "chi2_df": 3, "chi2_threshold": 7.814727903251179, "N_raw": 80, "N_roi": 77, "N_inlier": 71, "refit": true}
{"timestamp": "18:39:36.320126", "frame": 81, "mu": [-0.43485719488397223, 3.1443802960795897, 0.6113196796698687], "Sigma": [[0.01298755333666844, 0.001161282176644146, 0.01900959124831641], [0.001161282176644146, 0.005111393788916944, 0.008926192167990175], [0.01900959124831641, 0.008926192167990175, 0.3062490713448686]], "chi2_level": 0.95, "chi2_df": 3, "chi2_threshold": 7.814727903251179, "N_raw": 60, "N_roi": 57, "N_inlier": 56, "refit": true}
{"timestamp": "18:39:36.376516", "frame": 82, "mu": [-0.4279011013762931, 3.209626279489876, 1.3453338596167286], "Sigma": [[0.017421652361214828, -0.0003453671067478772, -0.010390813229136178], [-0.0003453671067478769, 0.006772796383221118, -0.0002735943228079084], [-0.010390813229136178, -0.0002735943228079086, 0.05703840023747851]], "chi2_level": 0.95, "chi2_df": 3, "chi2_threshold": 7.814727903251179, "N_raw": 69, "N_roi": 69, "N_inlier": 64, "refit": true}
{"timestamp": "18:39:36.430241", "frame": 83, "mu": [-0.3750972906007049, 3.175573786255011, 1.1074927948826687], "Sigma": [[0.017401834159528645, 0.00011386645324694846, -0.007643968691093732], [0.00011386645324694824, 0.005155271926618192, -0.0009444925556515032], [-0.007643968691093733, -0.0009444925556515032, 0.01254925066086591]], "chi2_level": 0.95, "chi2_df": 3, "chi2_threshold": 7.814727903251179, "N_raw": 60, "N_roi": 58, "N_inlier": 54, "refit": true}
{"timestamp": "18:39:36.488542", "frame": 84, "mu": [-0.36356063748112855, 3.4168705462972224, -0.2376098754378423], "Sigma": [[0.016498970409082544, -0.005251967639115558, 0.019204070867935588], [-0.005251967639115557, 0.03535190620643585, -0.12315589171027205], [0.019204070867935588, -0.12315589171027205, 0.4953585024878115]], "chi2_level": 0.95, "chi2_df": 3, "chi2_threshold": 7.814727903251179, "N_raw": 76, "N_roi": 76, "N_inlier": 75, "refit": true}
{"timestamp": "18:39:36.541392", "frame": 85, "mu": [-0.27765079050998137, 3.30618749898397, 0.06939074610379951], "Sigma": [[0.016187535439753764, 0.0014698775520395814, -0.0027429122170276182], [0.001469877552039581, 0.00564490589445518, -0.0025106339049839736], [-0.0027429122170276182, -0.0025106339049839736, 0.003182753541076733]], "chi2_level": 0.95, "chi2_df": 3, "chi2_threshold": 7.814727903251179, "N_raw": 63, "N_roi": 60, "N_inlier": 55, "refit": true}
{"timestamp": "18:39:36.592012", "frame": 86, "mu": [-0.23482399513993937, 3.2773846826205175, -0.6453600995557426], "Sigma": [[0.009375955754934329, 0.004321208572417383, 0.026223619389866257], [0.004321208572417383, 0.018793175017268234, -0.013936198257452983], [0.026223619389866254, -0.01393619825745298, 0.20546590566207973]], "chi2_level": 0.95, "chi2_df": 3, "chi2_threshold": 7.814727903251179, "N_raw": 38, "N_roi": 30, "N_inlier": 28, "refit": true}
