{"timestamp": "18:31:24.686906", "frame": 1, "mu": [1.757974613538707, 0.8714811638562332, 1.2339400028160685], "Sigma": [[0.0012286404013166644, -0.0010935455238437251, -0.0005117679444233314], [-0.0010935455238437251, 0.004196539732087201, -0.0043564665908904805], [-0.0005117679444233314, -0.0043564665908904805, 0.017313538187898245]], "chi2_level": 0.997, "chi2_df": 3, "chi2_threshold": 13.931422665512084, "N_raw": 15, "N_roi": 15, "N_inlier": 15, "refit": true}
{"timestamp": "18:31:24.740404", "frame": 2, "mu": [1.687670547037802, 0.9240577185558952, 1.1613635016211303], "Sigma": [[0.000416885870396986, -0.0004631628711799119, -7.594399403902248e-05], [-0.00046316287117991194, 0.0010744386263042372, -0.0011848104930537084], [-7.594399403902248e-05, -0.0011848104930537084, 0.012575255441596522]], "chi2_level": 0.997, "chi2_df": 3, "chi2_threshold": 13.931422665512084, "N_raw": 7, "N_roi": 7, "N_inlier": 7, "refit": true}
{"timestamp": "18:31:24.849289", "frame": 4, "mu": [1.837271015209692, 0.7623049893283548, 1.3373462706407746], "Sigma": [[0.00418492337180008, 0.0026964229046162517, -0.00221099290579097], [0.0026964229046162517, 0.002648743955718275, -0.0024565323390364742], [-0.00221099290579097, -0.002456532339036474, 0.0026064188429323677]], "chi2_level": 0.997, "chi2_df": 3, "chi2_threshold": 13.931422665512084, "N_raw": 5, "N_roi": 5, "N_inlier": 5, "refit": true}
{"timestamp": "18:31:24.904582", "frame": 5, "mu": [1.859742177954026, 0.6088654933335073, 1.2859676822787516], "Sigma": [[0.0033096933020726783, -0.0012006295917819584, -0.005179491280024637], [-0.0012006295917819584, 0.0029272835450788143, 0.006538837181820913], [-0.005179491280024638, 0.006538837181820913, 0.01984157313775084]], "chi2_level": 0.997, "chi2_df": 3, "chi2_threshold": 13.931422665512084, "N_raw": 5, "N_roi": 5, "N_inlier": 5, "refit": true}
{"timestamp": "18:31:24.959046", "frame": 6, "mu": [1.8139631407439447, 0.6495213893480829, 1.1924986607573944], "Sigma": [[0.0018622814395743857, -0.0001960851303987006, -0.004602312487604663], [-0.0001960851303987006, 0.0007730397815327341, 0.001615263310502505], [-0.004602312487604663, 0.0016152633105025048, 0.015049596038161554]], "chi2_level": 0.997, "chi2_df": 3, "chi2_threshold": 13.931422665512084, "N_raw": 5, "N_roi": 5, "N_inlier": 5, "refit": true}
{"timestamp": "18:31:25.015016", "frame": 7, "mu": [1.7836976599253211, 0.5861995301644269, 1.3138702988368953], "Sigma": [[0.003776182164623629, -0.0005760724326695343, -0.00954590181505319], [-0.0005760724326695343, 0.0015896204801954788, 0.0032181727268149308], [-0.009545901815053192, 0.00321817272681493, 0.02889526757113311]], "chi2_level": 0.997, "chi2_df": 3, "chi2_threshold": 13.931422665512084, "N_raw": 6, "N_roi": 6, "N_inlier": 6, "refit": true}
{"timestamp": "18:31:25.127135", "frame": 9, "mu": [1.7819854268941395, 0.6630351917962085, 1.2110620424526901], "Sigma": [[0.003174989003586138, -0.00306168743594128, -0.0036188554450585684], [-0.00306168743594128, 0.005924758344813623, 0.0007226333121481212], [-0.0036188554450585684, 0.0007226333121481212, 0.008485934482093564]], "chi2_level": 0.997, "chi2_df": 3, "chi2_threshold": 13.931422665512084, "N_raw": 18, "N_roi": 18, "N_inlier": 17, "refit": true}
{"timestamp": "18:31:25.180645", "frame": 10, "mu": [1.7397648429425043, 0.6385537275185752, 1.1825447560272593], "Sigma": [[0.002283598905097156, -0.00144708698093662, -0.0031365008249924584], [-0.00144708698093662, 0.002308557295701438, 0.0014429901613387747], [-0.0031365008249924584, 0.0014429901613387747, 0.006598274933481486]], "chi2_level": 0.997, "chi2_df": 3, "chi2_threshold": 13.931422665512084, "N_raw": 8, "N_roi": 8, "N_inlier": 8, "refit": true}
{"timestamp": "18:31:25.236144", "frame": 11, "mu": [1.724777677319907, 0.6390352569929563, 1.1941867618909168], "Sigma": [[0.0015415420643868159, 0.0016572538786716012, -0.004891613621612842], [0.0016572538786716012, 0.004870424252553173, -0.00063151369462341], [-0.004891613621612842, -0.0006315136946234096, 0.028629691540244875]], "chi2_level": 0.997, "chi2_df": 3, "chi2_threshold": 13.931422665512084, "N_raw": 5, "N_roi": 5, "N_inlier": 5, "refit": true}
{"timestamp": "18:31:25.290771", "frame": 12, "mu": [1.7067957312806288, 0.7593968341969772, -0.48153714120965213], "Sigma": [[0.0018745370530850068, 0.0033072523604569574, -0.004909621065676787], [0.0033072523604569574, 0.012400116127296265, -0.011071550633820317], [-0.004909621065676787, -0.011071550633820319, 0.01602380089418119]], "chi2_level": 0.997, "chi2_df": 3, "chi2_threshold": 13.931422665512084, "N_raw": 6, "N_roi": 6, "N_inlier": 6, "refit": true}
{"timestamp": "18:31:25.344645", "frame": 13, "mu": [1.76001037541641, 0.6410220365912346, 0.9950932510863872], "Sigma": [[0.008891446972814588, -0.00030335396720164106, -0.03054155721257709], [-0.00030335396720164074, 0.009762456464298306, -0.0009489261505899104], [-0.03054155721257709, -0.0009489261505899097, 0.10801986467512668]], "chi2_level": 0.997, "chi2_df": 3, "chi2_threshold": 13.931422665512084, "N_raw": 5, "N_roi": 5, "N_inlier": 5, "refit": true}
{"timestamp": "18:31:25.402439", "frame": 14, "mu": [1.6884827606802568, 0.69905538789622, 1.1872739490622788], "Sigma": [[0.004273427357616701, -0.003196772777073033, -0.004032568103982174], [-0.003196772777073033, 0.006785352606128676, -0.0010033000631102073], [-0.004032568103982174, -0.0010033000631102073, 0.009075837239325313]], "chi2_level": 0.997, "chi2_df": 3, "chi2_threshold": 13.931422665512084, "N_raw": 25, "N_roi": 25, "N_inlier": 25, "refit": true}
{"timestamp": "18:31:25.457192", "frame": 15, "mu": [1.6837374324257721, 0.6762116610999267, 1.0735287495892005], "Sigma": [[0.012658034389078828, 0.00327275349770926, -0.05035844803173034], [0.00327275349770926, 0.002658933226544435, -0.01675406583960424], [-0.05035844803173034, -0.01675406583960424, 0.2184952555463878]], "chi2_level": 0.997, "chi2_df": 3, "chi2_threshold": 13.931422665512084, "N_raw": 7, "N_roi": 7, "N_inlier": 7, "refit": true}
{"timestamp": "18:31:25.512535", "frame": 16, "mu": [1.669259477237191, 0.5435411725115, 1.2573444314173434], "Sigma": [[0.0026354619593026607, -0.0017519094556156121, -0.007583589325209078], [-0.001751909455615612, 0.0021886108993204503, 0.003598836985427573], [-0.007583589325209078, 0.003598836985427573, 0.029171948735025276]], "chi2_level": 0.997, "chi2_df": 3, "chi2_threshold": 13.931422665512084, "N_raw": 6, "N_roi": 6, "N_inlier": 6, "refit": true}
{"timestamp": "18:31:25.569235", "frame": 17, "mu": [1.6408023748095457, 0.5481266421227677, 1.1274120118243243], "Sigma": [[0.002780934522556901, -0.0034740699701857306, -0.006071624128749221], [-0.0034740699701857306, 0.006280014527710439, 0.005756637933524565], [-0.006071624128749221, 0.005756637933524565, 0.023221366362022725]], "chi2_level": 0.997, "chi2_df": 3, "chi2_threshold": 13.931422665512084, "N_raw": 19, "N_roi": 19, "N_inlier": 17, "refit": true}
{"timestamp": "18:31:25.623470", "frame": 18, "mu": [1.6458228243603694, 0.6111191527331841, 1.2675988183106208], "Sigma": [[0.0033359257963278023, -0.0014069698673883227, -0.003282894380805012], [-0.0014069698673883234, 0.005889098226796005, -0.0017588501283522181], [-0.003282894380805012, -0.0017588501283522183, 0.007444421897059672]], "chi2_level": 0.997, "chi2_df": 3, "chi2_threshold": 13.931422665512084, "N_raw": 16, "N_roi": 16, "N_inlier": 16, "refit": true}
{"timestamp": "18:31:25.680757", "frame": 19, "mu": [1.6215745293728898, 0.6865044876737171, 1.2001145196983005], "Sigma": [[0.002453384235165601, -0.00044701738851799465, -0.0036444046178173437], [-0.0004470173885179948, 0.006530940006117284, -0.0040447578362011755], [-0.0036444046178173437, -0.0040447578362011755, 0.010089903909980652]], "chi2_level": 0.997, "chi2_df": 3, "chi2_threshold": 13.931422665512084, "N_raw": 21, "N_roi": 21, "N_inlier": 21, "refit": true}
{"timestamp": "18:31:25.736364", "frame": 20, "mu": [1.612234035110946, 0.6233055344706987, 1.2188840797216012], "Sigma": [[0.005221209230705529, -0.0030509322169661127, -0.004396271674906903], [-0.0030509322169661127, 0.008025922763121139, 0.0003125503763784001], [-0.004396271674906903, 0.00031255037637840027, 0.008078854361484571]], "chi2_level": 0.997, "chi2_df": 3, "chi2_threshold": 13.931422665512084, "N_raw": 20, "N_roi": 20, "N_inlier": 20, "refit": true}
{"timestamp": "18:31:25.788728", "frame": 21, "mu": [1.5672459683752435, 0.6765113871431845, 1.2018471707805145], "Sigma": [[0.004905983397864585, -0.0005466549238074509, -0.004779361998197666], [-0.000546654923807451, 0.005190588116340139, -0.0003966042670177117], [-0.004779361998197666, -0.0003966042670177117, 0.012543262913783153]], "chi2_level": 0.997, "chi2_df": 3, "chi2_threshold": 13.931422665512084, "N_raw": 17, "N_roi": 17, "N_inlier": 17, "refit": true}
{"timestamp": "18:31:25.841916", "frame": 22, "mu": [1.1516258753131106, 0.5700067235935558, 1.3769086398751424], "Sigma": [[1.033251310865304, 0.07847702286056994, 0.03894807444508424], [0.07847702286056994, 0.01442925775021692, 0.0076398589274874916], [0.03894807444508424, 0.0076398589274874916, 0.004246191035305896]], "chi2_level": 0.997, "chi2_df": 3, "chi2_threshold": 13.931422665512084, "N_raw": 5, "N_roi": 5, "N_inlier": 5, "refit": true}
{"timestamp": "18:31:25.899167", "frame": 23, "mu": [1.493497684760213, 0.8188425012696927, -0.6497448766906367], "Sigma": [[0.004056080188170255, -0.0008302799713377151, -0.006078129166466331], [-0.0008302799713377151, 0.005387312943858932, -0.0019894044882933816], [-0.006078129166466331, -0.001989404488293382, 0.014552858794946886]], "chi2_level": 0.997, "chi2_df": 3, "chi2_threshold": 13.931422665512084, "N_raw": 19, "N_roi": 19, "N_inlier": 19, "refit": true}
{"timestamp": "18:31:25.955420", "frame": 24, "mu": [1.461624149871847, 0.581761501006366, 1.162706233577739], "Sigma": [[0.003327460763369581, -5.718154317975997e-05, -0.0034762164041949283], [-5.718154317975978e-05, 0.006215565356331289, -0.0019939123713518933], [-0.0034762164041949274, -0.0019939123713518933, 0.006926965727079467]], "chi2_level": 0.997, "chi2_df": 3, "chi2_threshold": 13.931422665512084, "N_raw": 26, "N_roi": 26, "N_inlier": 26, "refit": true}
{"timestamp": "18:31:26.008389", "frame": 25, "mu": [1.403435973622597, 0.6654199366498337, -0.6914732219582813], "Sigma": [[0.006856599136505306, -0.00289941014634586, -0.006634115133974888], [-0.00289941014634586, 0.007408927029855434, 0.010271858014988438], [-0.006634115133974888, 0.010271858014988436, 0.017270444419608177]], "chi2_level": 0.997, "chi2_df": 3, "chi2_threshold": 13.931422665512084, "N_raw": 14, "N_roi": 14, "N_inlier": 14, "refit": true}
{"timestamp": "18:31:26.066908", "frame": 26, "mu": [1.375971849459643, 0.5954994671013396, 1.2569744468483846], "Sigma": [[0.004776136285897732, -0.005138610397268295, -0.005505911290799197], [-0.005138610397268294, 0.008934513729793725, 0.003416281105894892], [-0.005505911290799197, 0.0034162811058948916, 0.009717413042497526]], "chi2_level": 0.997, "chi2_df": 3, "chi2_threshold": 13.931422665512084, "N_raw": 33, "N_roi": 33, "N_inlier": 31, "refit": true}
{"timestamp": "18:31:26.119077", "frame": 27, "mu": [1.2901851982486805, 0.6999032688698301, 1.2254641950483522], "Sigma": [[0.006163540156592296, -0.004653388951993458, -0.009329431685465888], [-0.0046533889519934585, 0.009955171378317846, 0.0077602761855633095], [-0.009329431685465888, 0.0077602761855633095, 0.018379191701178056]], "chi2_level": 0.997, "chi2_df": 3, "chi2_threshold": 13.931422665512084, "N_raw": 13, "N_roi": 13, "N_inlier": 13, "refit": true}
{"timestamp": "18:31:26.172517", "frame": 28, "mu": [1.1925571074523482, 0.7064000104417474, 1.3088780274237892], "Sigma": [[0.005893879056276255, -0.0031602497762010405, -0.01067843365509536], [-0.0031602497762010413, 0.0028807008647885888, 0.00843651118745846], [-0.010678433655095361, 0.008436511187458457, 0.025627847932577212]], "chi2_level": 0.997, "chi2_df": 3, "chi2_threshold": 13.931422665512084, "N_raw": 6, "N_roi": 6, "N_inlier": 6, "refit": true}
{"timestamp": "18:31:26.228846", "frame": 29, "mu": [1.1681261513361165, 0.7255270624084299, 1.371147545230013], "Sigma": [[0.0028083919446416565, -0.001355423915578228, -0.004790385633896242], [-0.001355423915578228, 0.0015677631991356806, 0.0015945764792898178], [-0.004790385633896242, 0.0015945764792898178, 0.019285435697673516]], "chi2_level": 0.997, "chi2_df": 3, "chi2_threshold": 13.931422665512084, "N_raw": 17, "N_roi": 17, "N_inlier": 17, "refit": true}
{"timestamp": "18:31:26.286641", "frame": 30, "mu": [1.114195912556869, 0.7225516629519173, 1.3544248792879046], "Sigma": [[0.0071275789996336, -0.006907470148086005, -0.0067353856843639474], [-0.006907470148086004, 0.008391841169279749, 0.005226436846351313], [-0.006735385684363948, 0.005226436846351313, 0.009315674558612872]], "chi2_level": 0.997, "chi2_df": 3, "chi2_threshold": 13.931422665512084, "N_raw": 36, "N_roi": 36, "N_inlier": 35, "refit": true}
{"timestamp": "18:31:26.341115", "frame": 31, "mu": [1.0525570824684445, 0.7866633730052331, 1.2297661346041324], "Sigma": [[0.004509648899198632, -0.002080749775492784, -0.008650647610894397], [-0.0020807497754927844, 0.002365227048244627, 0.004434465220916312], [-0.008650647610894397, 0.004434465220916312, 0.02324968149135203]], "chi2_level": 0.997, "chi2_df": 3, "chi2_threshold": 13.931422665512084, "N_raw": 25, "N_roi": 25, "N_inlier": 24, "refit": true}
{"timestamp": "18:31:26.398936", "frame": 32, "mu": [1.096437147314868, 0.7495252769961973, 1.1666129206711733], "Sigma": [[0.005022732487421962, -0.0033162791988453804, -0.00356593522314732], [-0.0033162791988453812, 0.007999817258947207, -0.003066707453986346], [-0.00356593522314732, -0.003066707453986346, 0.011995485983614988]], "chi2_level": 0.997, "chi2_df": 3, "chi2_threshold": 13.931422665512084, "N_raw": 46, "N_roi": 46, "N_inlier": 45, "refit": true}
{"timestamp": "18:31:26.454544", "frame": 33, "mu": [1.0255901203574704, 0.7552255897253095, 1.1513850088702648], "Sigma": [[0.00647554525374587, -0.002940965140890808, -0.011104225378966038], [-0.002940965140890808, 0.003539526713667241, 0.0022770473018077003], [-0.011104225378966038, 0.0022770473018077003, 0.029419264009869363]], "chi2_level": 0.997, "chi2_df": 3, "chi2_threshold": 13.931422665512084, "N_raw": 50, "N_roi": 50, "N_inlier": 48, "refit": true}
{"timestamp": "18:31:26.509852", "frame": 34, "mu": [0.9623714983072453, 0.7590785621339949, 1.228477231115705], "Sigma": [[0.006899222793475409, -0.002408676947751396, -0.012095287759879206], [-0.002408676947751396, 0.002932127192047455, 0.003154050250367814], [-0.012095287759879206, 0.0031540502503678144, 0.031098595440167097]], "chi2_level": 0.997, "chi2_df": 3, "chi2_threshold": 13.931422665512084, "N_raw": 55, "N_roi": 55, "N_inlier": 53, "refit": true}
{"timestamp": "18:31:26.562921", "frame": 35, "mu": [0.8878838010712198, 0.745525888950919, 1.3751886481914422], "Sigma": [[0.0058720219976034, -0.001741503383965549, -0.0058083773326952845], [-0.0017415033839655492, 0.0024762842972345426, 0.000888616943698692], [-0.0058083773326952845, 0.000888616943698692, 0.006852287564114234]], "chi2_level": 0.997, "chi2_df": 3, "chi2_threshold": 13.931422665512084, "N_raw": 37, "N_roi": 37, "N_inlier": 35, "refit": true}
{"timestamp": "18:31:26.617703", "frame": 36, "mu": [0.8875179834938391, 0.7319802326157121, 1.2236316883581755], "Sigma": [[0.006796281030506681, 0.0002865593942895209, -0.01261505638549822], [0.000286559394289521, 0.0037779185654628414, -0.005253530532203534], [-0.012615056385498221, -0.005253530532203534, 0.030820027379012967]], "chi2_level": 0.997, "chi2_df": 3, "chi2_threshold": 13.931422665512084, "N_raw": 41, "N_roi": 41, "N_inlier": 38, "refit": true}
{"timestamp": "18:31:26.672555", "frame": 37, "mu": [0.8163993104735857, 0.6601027202308544, 1.3469562598129317], "Sigma": [[0.006477140257993276, -0.0032616420843058205, -0.006975863636606104], [-0.0032616420843058205, 0.0034752620932506527, 0.0032239588593743207], [-0.006975863636606104, 0.0032239588593743216, 0.008563952507648622]], "chi2_level": 0.997, "chi2_df": 3, "chi2_threshold": 13.931422665512084, "N_raw": 36, "N_roi": 36, "N_inlier": 36, "refit": true}
{"timestamp": "18:31:26.726735", "frame": 38, "mu": [0.8207588145524944, 0.6471725146449157, 1.3093465741488703], "Sigma": [[0.007674815761337468, -0.0030187629757186443, -0.00813771281856638], [-0.0030187629757186443, 0.0025064556748685945, 0.002385472855062215], [-0.00813771281856638, 0.002385472855062215, 0.009765725488068037]], "chi2_level": 0.997, "chi2_df": 3, "chi2_threshold": 13.931422665512084, "N_raw": 40, "N_roi": 40, "N_inlier": 40, "refit": true}
{"timestamp": "18:31:26.781662", "frame": 39, "mu": [0.7129724422397963, 0.6686818700557151, 1.3909759124631011], "Sigma": [[0.0044419760023764725, 8.737334757645575e-07, -0.0044418065428091045], [8.737334757645033e-07, 0.001834063661061552, -0.0013746123418340306], [-0.004441806542809104, -0.0013746123418340306, 0.006955660203821509]], "chi2_level": 0.997, "chi2_df": 3, "chi2_threshold": 13.931422665512084, "N_raw": 37, "N_roi": 37, "N_inlier": 36, "refit": true}
{"timestamp": "18:31:26.841902", "frame": 40, "mu": [0.690655081692575, 0.6511476950743553, 1.3673702498643419], "Sigma": [[0.005264647912582933, -0.0013139566848928744, -0.005963003062035085], [-0.0013139566848928744, 0.002243534759469075, -0.00035902996311071224], [-0.005963003062035085, -0.0003590299631107124, 0.011583915472095469]], "chi2_level": 0.997, "chi2_df": 3, "chi2_threshold": 13.931422665512084, "N_raw": 67, "N_roi": 67, "N_inlier": 63, "refit": true}
{"timestamp": "18:31:26.892021", "frame": 41, "mu": [0.5989447861113633, 0.6768791396702643, 1.3995118182745523], "Sigma": [[0.004584143705470585, -0.0013108317917346576, -0.004431029150014902], [-0.0013108317917346576, 0.0013470656255623983, 0.0007288242249840465], [-0.004431029150014902, 0.0007288242249840465, 0.005174418354650394]], "chi2_level": 0.997, "chi2_df": 3, "chi2_threshold": 13.931422665512084, "N_raw": 36, "N_roi": 36, "N_inlier": 33, "refit": true}
{"timestamp": "18:31:26.948535", "frame": 42, "mu": [0.571322469023924, 0.7867956370542348, -0.37053725172882956], "Sigma": [[0.0034014752572943466, 0.0012267580373907438, -0.0019241725696968392], [0.001226758037390744, 0.002820051843808212, -0.0012903639678249314], [-0.0019241725696968388, -0.0012903639678249312, 0.0017726851124868666]], "chi2_level": 0.997, "chi2_df": 3, "chi2_threshold": 13.931422665512084, "N_raw": 50, "N_roi": 50, "N_inlier": 47, "refit": true}
{"timestamp": "18:31:27.001764", "frame": 43, "mu": [0.5370410909386452, 0.755335611696877, -0.4437870191598759], "Sigma": [[0.0017111389594968562, 0.0010265279620008127, -0.0008735274669396443], [0.0010265279620008127, 0.003704117485780773, 0.005174742330298908], [-0.0008735274669396442, 0.005174742330298908, 0.024601329415810756]], "chi2_level": 0.997, "chi2_df": 3, "chi2_threshold": 13.931422665512084, "N_raw": 38, "N_roi": 38, "N_inlier": 35, "refit": true}
{"timestamp": "18:31:27.060179", "frame": 44, "mu": [0.5416426732436906, 0.6387669249748212, 1.3180472767020976], "Sigma": [[0.005115550809332071, -0.0020844388034232803, -0.00788303068622916], [-0.0020844388034232803, 0.0016455397600742096, 0.0027803801148231465], [-0.00788303068622916, 0.0027803801148231465, 0.05612286490227851]], "chi2_level": 0.997, "chi2_df": 3, "chi2_threshold": 13.931422665512084, "N_raw": 45, "N_roi": 45, "N_inlier": 42, "refit": true}
{"timestamp": "18:31:27.111866", "frame": 45, "mu": [0.410217701420774, 0.7046749815435188, 1.297172815487173], "Sigma": [[0.0018495342288226125, -0.0004681369845802597, 0.008249394590538653], [-0.0004681369845802597, 0.0012058434672470749, -0.0012883651175417381], [0.008249394590538653, -0.0012883651175417381, 0.18849627753653433]], "chi2_level": 0.997, "chi2_df": 3, "chi2_threshold": 13.931422665512084, "N_raw": 31, "N_roi": 31, "N_inlier": 31, "refit": true}
{"timestamp": "18:31:27.167331", "frame": 46, "mu": [0.41920592875026624, 0.6387593514333965, 1.2971784593706632], "Sigma": [[0.0021624275146637215, -0.0010259915821507555, -0.0026405296696357054], [-0.0010259915821507555, 0.001195767321060833, 0.0002250191536665596], [-0.0026405296696357054, 0.00022501915366655964, 0.006400844072052104]], "chi2_level": 0.997, "chi2_df": 3, "chi2_threshold": 13.931422665512084, "N_raw": 46, "N_roi": 46, "N_inlier": 42, "refit": true}
{"timestamp": "18:31:27.224701", "frame": 47, "mu": [0.32728991379100425, 0.7262053242148572, 1.3648310665821959], "Sigma": [[0.0023868681027987035, -0.0005327579678856194, -0.0003172236240616868], [-0.0005327579678856194, 0.002738646177211537, -0.0017896453847832648], [-0.0003172236240616868, -0.0017896453847832646, 0.017661842813872067]], "chi2_level": 0.997, "chi2_df": 3, "chi2_threshold": 13.931422665512084, "N_raw": 60, "N_roi": 60, "N_inlier": 57, "refit": true}
{"timestamp": "18:31:27.283464", "frame": 48, "mu": [0.303440428392575, 0.7037298791585643, 1.2882600662958217], "Sigma": [[0.0032017508142032705, -0.001313718663467829, -0.005353166001139009], [-0.001313718663467829, 0.001517318692777658, 0.0012779787436397471], [-0.0053531660011390085, 0.0012779787436397471, 0.018019204511620063]], "chi2_level": 0.997, "chi2_df": 3, "chi2_threshold": 13.931422665512084, "N_raw": 80, "N_roi": 80, "N_inlier": 76, "refit": true}
{"timestamp": "18:31:27.334056", "frame": 49, "mu": [0.21665592814830184, 0.7306751971860096, 1.4181160718352432], "Sigma": [[0.0013018627810513631, 0.00010685739496885283, -0.000831301924733419], [0.00010685739496885279, 0.0016302712593790332, -0.0009551170737916142], [-0.000831301924733419, -0.0009551170737916141, 0.0053573525862391815]], "chi2_level": 0.997, "chi2_df": 3, "chi2_threshold": 13.931422665512084, "N_raw": 44, "N_roi": 44, "N_inlier": 41, "refit": true}
{"timestamp": "18:31:27.388767", "frame": 50, "mu": [0.1930408400258933, 0.7026105853281417, 1.2701524418359968], "Sigma": [[0.0019355591964864917, -0.0011165921820540103, -0.005388464695873311], [-0.0011165921820540101, 0.0011094548722111318, 0.0014978378979142073], [-0.005388464695873311, 0.0014978378979142073, 0.07122882254115556]], "chi2_level": 0.997, "chi2_df": 3, "chi2_threshold": 13.931422665512084, "N_raw": 52, "N_roi": 52, "N_inlier": 50, "refit": true}
{"timestamp": "18:31:27.444792", "frame": 51, "mu": [0.12659061820701847, 0.6054550554233818, 1.106974267567565], "Sigma": [[0.0019077246012717038, -9.904717599086473e-05, -0.005000497041071786], [-9.90471759908647e-05, 0.001749625595146706, 0.0018229192224719299], [-0.005000497041071785, 0.0018229192224719299, 0.0924448177966925]], "chi2_level": 0.997, "chi2_df": 3, "chi2_threshold": 13.931422665512084, "N_raw": 48, "N_roi": 48, "N_inlier": 46, "refit": true}
{"timestamp": "18:31:27.493704", "frame": 52, "mu": [0.08264880993398681, 0.8893259216185428, -0.5936743646190304], "Sigma": [[0.0006329472242639504, 0.00115081801383651, -0.00027791375874284803], [0.00115081801383651, 0.003376291723357302, -0.0011808839833779535], [-0.00027791375874284803, -0.0011808839833779535, 0.0007357540544188278]], "chi2_level": 0.997, "chi2_df": 3, "chi2_threshold": 13.931422665512084, "N_raw": 12, "N_roi": 12, "N_inlier": 10, "refit": true}
{"timestamp": "18:31:27.555247", "frame": 53, "mu": [0.09957455373895038, 0.762312196365936, 1.2985831524518596], "Sigma": [[0.00197078198607598, -0.0010647700632580622, -0.0014590158782383602], [-0.0010647700632580625, 0.0021276624895973685, -0.001316384803551215], [-0.00145901587823836, -0.001316384803551215, 0.005929195694911963]], "chi2_level": 0.997, "chi2_df": 3, "chi2_threshold": 13.931422665512084, "N_raw": 61, "N_roi": 61, "N_inlier": 60, "refit": true}
{"timestamp": "18:31:27.604704", "frame": 54, "mu": [-0.07189604912670669, 0.8825751737064964, -0.3737356087125142], "Sigma": [[0.0007255440686224455, -0.001112794911303494, 0.0025972409449056097], [-0.001112794911303494, 0.006316978194356076, -0.01707897460808636], [0.0025972409449056097, -0.017078974608086363, 0.06866748732998916]], "chi2_level": 0.997, "chi2_df": 3, "chi2_threshold": 13.931422665512084, "N_raw": 25, "N_roi": 25, "N_inlier": 23, "refit": true}
{"timestamp": "18:31:27.665834", "frame": 55, "mu": [-0.12019586951138503, 0.7472300631586842, 1.3466024177126685], "Sigma": [[0.002917633704381724, 4.7812460146545266e-05, -0.005303702392477888], [4.781246014654521e-05, 0.001626925348434851, -0.0019535953676445288], [-0.005303702392477888, -0.0019535953676445283, 0.015779928902221196]], "chi2_level": 0.997, "chi2_df": 3, "chi2_threshold": 13.931422665512084, "N_raw": 62, "N_roi": 62, "N_inlier": 58, "refit": true}
{"timestamp": "18:31:27.722779", "frame": 56, "mu": [-0.12508433975479236, 0.8230912627344302, -0.4787349095883892], "Sigma": [[0.0031576406966684276, 0.0006140213093439012, 0.02576763780489354], [0.0006140213093439012, 0.009170636130394772, -0.01630031721338734], [0.02576763780489354, -0.01630031721338734, 0.40039660407568434]], "chi2_level": 0.997, "chi2_df": 3, "chi2_threshold": 13.931422665512084, "N_raw": 79, "N_roi": 79, "N_inlier": 76, "refit": true}
{"timestamp": "18:31:27.774297", "frame": 57, "mu": [-0.20124948733680176, 0.707616296698222, 1.3036343402269521], "Sigma": [[0.003600867057084147, -0.0008004610167593676, -0.007958914814534928], [-0.0008004610167593677, 0.0024702373826740454, 0.0034284367172587146], [-0.007958914814534928, 0.0034284367172587146, 0.03162084074949251]], "chi2_level": 0.997, "chi2_df": 3, "chi2_threshold": 13.931422665512084, "N_raw": 53, "N_roi": 53, "N_inlier": 49, "refit": true}
{"timestamp": "18:31:27.826690", "frame": 58, "mu": [-0.20199401915571688, 0.6978804983331235, 0.9365865897614586], "Sigma": [[0.0019178673705519955, 0.0009784579159639077, 0.008583834203012047], [0.0009784579159639077, 0.007329988049244217, -0.0015908866686277297], [0.008583834203012048, -0.0015908866686277293, 0.33352575222928993]], "chi2_level": 0.997, "chi2_df": 3, "chi2_threshold": 13.931422665512084, "N_raw": 29, "N_roi": 29, "N_inlier": 27, "refit": true}
{"timestamp": "18:31:27.895287", "frame": 59, "mu": [-0.2789336402030463, 0.7988761384446185, 0.3172983171726861], "Sigma": [[0.006415987654155798, -0.004318041567757299, 0.05009302226133068], [-0.004318041567757299, 0.007219452057626801, -0.052148436783240895], [0.05009302226133067, -0.052148436783240895, 0.6565203531453273]], "chi2_level": 0.997, "chi2_df": 3, "chi2_threshold": 13.931422665512084, "N_raw": 128, "N_roi": 128, "N_inlier": 127, "refit": true}
{"timestamp": "18:31:27.939559", "frame": 60, "mu": [-0.32145857226575303, 0.621446497017891, 1.1500954405812192], "Sigma": [[0.0013748984482694242, -0.0009350215675798678, 0.0003862547969250981], [-0.0009350215675798678, 0.0042170447356529705, -0.012085572839558516], [0.0003862547969250981, -0.012085572839558514, 0.07291305150020864]], "chi2_level": 0.997, "chi2_df": 3, "chi2_threshold": 13.931422665512084, "N_raw": 51, "N_roi": 51, "N_inlier": 46, "refit": true}
{"timestamp": "18:31:27.995543", "frame": 61, "mu": [-0.4575929178404828, 0.7045563537952461, 1.4080713266467844], "Sigma": [[0.002055731703394032, -0.0008018582340074349, -0.0015447402945715195], [-0.0008018582340074349, 0.002054337798685218, -0.0024921157397465336], [-0.0015447402945715193, -0.0024921157397465336, 0.008370828066976662]], "chi2_level": 0.997, "chi2_df": 3, "chi2_threshold": 13.931422665512084, "N_raw": 67, "N_roi": 67, "N_inlier": 63, "refit": true}
{"timestamp": "18:31:28.057393", "frame": 62, "mu": [-0.40876051937109076, 0.6403720240671644, 1.2164026544915334], "Sigma": [[0.0038340403991703924, -0.00241254458319865, -0.0007116280188044485], [-0.00241254458319865, 0.003982175468446605, -0.0018521930555056546], [-0.0007116280188044484, -0.0018521930555056546, 0.003639042779076675]], "chi2_level": 0.997, "chi2_df": 3, "chi2_threshold": 13.931422665512084, "N_raw": 80, "N_roi": 80, "N_inlier": 74, "refit": true}
{"timestamp": "18:31:28.105953", "frame": 63, "mu": [-0.5752075490130507, 0.6104470220032207, 1.3633139674227213], "Sigma": [[0.04417411566044066, 0.005535343555241962, -0.053636788002896174], [0.005535343555241962, 0.002959970102020243, -0.009102781958720252], [-0.053636788002896174, -0.00910278195872025, 0.06910231322173901]], "chi2_level": 0.997, "chi2_df": 3, "chi2_threshold": 13.931422665512084, "N_raw": 57, "N_roi": 57, "N_inlier": 56, "refit": true}
{"timestamp": "18:31:28.160889", "frame": 64, "mu": [-0.6556205649446579, 0.6364254178549263, 1.382290734886423], "Sigma": [[0.04374990801672941, 0.015255352568119222, -0.053622660665064464], [0.015255352568119222, 0.008631666275685198, -0.022271654014821902], [-0.053622660665064464, -0.0222716540148219, 0.0722277456923043]], "chi2_level": 0.997, "chi2_df": 3, "chi2_threshold": 13.931422665512084, "N_raw": 62, "N_roi": 62, "N_inlier": 60, "refit": true}
{"timestamp": "18:31:28.216391", "frame": 65, "mu": [-0.755586030490344, 0.5842194858900227, 1.5156757975669943], "Sigma": [[0.041315014902662484, 0.003281714081338081, -0.04868783344597835], [0.0032817140813380815, 0.003158079929259802, -0.00622434680884464], [-0.04868783344597835, -0.006224346808844639, 0.0634581401844673]], "chi2_level": 0.997, "chi2_df": 3, "chi2_threshold": 13.931422665512084, "N_raw": 67, "N_roi": 65, "N_inlier": 63, "refit": true}
{"timestamp": "18:31:28.273583", "frame": 66, "mu": [-0.7571423677525212, 0.5903226488940779, 1.4271072249362515], "Sigma": [[0.03795036633846808, 0.004804535670247549, -0.041016813375756134], [0.004804535670247549, 0.00352245950309171, -0.008530813025485669], [-0.041016813375756134, -0.008530813025485669, 0.051015660534249274]], "chi2_level": 0.997, "chi2_df": 3, "chi2_threshold": 13.931422665512084, "N_raw": 76, "N_roi": 76, "N_inlier": 73, "refit": true}
{"timestamp": "18:31:28.325561", "frame": 67, "mu": [-0.7810495786908335, 0.6414034902683072, 1.2790209325123798], "Sigma": [[0.02688030946326731, 0.01014208205724823, -0.0474515959254647], [0.01014208205724823, 0.005785424588388236, -0.021153745267952186], [-0.047451595925464704, -0.021153745267952186, 0.09747104541748536]], "chi2_level": 0.997, "chi2_df": 3, "chi2_threshold": 13.931422665512084, "N_raw": 62, "N_roi": 62, "N_inlier": 59, "refit": true}
{"timestamp": "18:31:28.378445", "frame": 68, "mu": [-0.9318103768491995, 0.6080777608859609, 1.4197756454192347], "Sigma": [[0.026054461771382008, 0.01081801857612626, -0.03351816182428434], [0.010818018576126258, 0.007949909970906685, -0.020120571556923428], [-0.033518161824284326, -0.020120571556923428, 0.06143913727889483]], "chi2_level": 0.997, "chi2_df": 3, "chi2_threshold": 13.931422665512084, "N_raw": 54, "N_roi": 54, "N_inlier": 53, "refit": true}
{"timestamp": "18:31:28.433010", "frame": 69, "mu": [-0.9181278092685953, 0.5853814142946839, 1.281340363029197], "Sigma": [[0.01539444404474787, 0.005844080586604854, -0.02300186803708698], [0.005844080586604855, 0.0057649659500361786, -0.013729194179648282], [-0.02300186803708698, -0.013729194179648282, 0.05423651635117519]], "chi2_level": 0.997, "chi2_df": 3, "chi2_threshold": 13.931422665512084, "N_raw": 47, "N_roi": 47, "N_inlier": 47, "refit": true}
{"timestamp": "18:31:28.494561", "frame": 70, "mu": [-0.9763405194442013, 0.6225471121788102, 1.4008666975413708], "Sigma": [[0.016862709072246497, 0.004957929665339982, -0.012038541510071355], [0.004957929665339982, 0.003919343206470477, -0.008188163446534405], [-0.012038541510071355, -0.008188163446534405, 0.023193617817722372]], "chi2_level": 0.997, "chi2_df": 3, "chi2_threshold": 13.931422665512084, "N_raw": 98, "N_roi": 98, "N_inlier": 97, "refit": true}
{"timestamp": "18:31:28.549534", "frame": 71, "mu": [-1.0199047845519855, 0.6078664109913434, 1.2927847531860588], "Sigma": [[0.019300553903438197, 0.007017136737882386, -0.025015749491199897], [0.007017136737882386, 0.006237325811910172, -0.014835658877539733], [-0.025015749491199897, -0.014835658877539733, 0.05028402925787559]], "chi2_level": 0.997, "chi2_df": 3, "chi2_threshold": 13.931422665512084, "N_raw": 91, "N_roi": 91, "N_inlier": 91, "refit": true}
{"timestamp": "18:31:28.601842", "frame": 72, "mu": [-1.1311950205550376, 0.7346614990767625, -0.32664310061220936], "Sigma": [[0.01006714549999904, 0.0039792696237660775, 0.00038572555615551114], [0.0039792696237660775, 0.007853142592194032, -0.0026505618173251998], [0.00038572555615551114, -0.0026505618173251998, 0.00179220614015125]], "chi2_level": 0.997, "chi2_df": 3, "chi2_threshold": 13.931422665512084, "N_raw": 74, "N_roi": 74, "N_inlier": 72, "refit": true}
{"timestamp": "18:31:28.655111", "frame": 73, "mu": [-1.1805775378649528, 0.6652536809583904, 1.4591880371024029], "Sigma": [[0.007536683039000596, 0.0033037113568668485, -0.00023745829385965803], [0.0033037113568668485, 0.0048811605560211664, -0.0035242348904795566], [-0.00023745829385965814, -0.0035242348904795566, 0.006028643643391274]], "chi2_level": 0.997, "chi2_df": 3, "chi2_threshold": 13.931422665512084, "N_raw": 63, "N_roi": 63, "N_inlier": 62, "refit": true}
{"timestamp": "18:31:28.712931", "frame": 74, "mu": [-1.2047325821915296, 0.728154776578658, -0.415216007088561], "Sigma": [[0.009767089682719108, 0.0056437554127786865, -0.00033590984851812546], [0.0056437554127786865, 0.01822289025089347, -0.0005544689007388344], [-0.0003359098485181254, -0.0005544689007388341, 0.005367059335356712]], "chi2_level": 0.997, "chi2_df": 3, "chi2_threshold": 13.931422665512084, "N_raw": 79, "N_roi": 79, "N_inlier": 76, "refit": true}
{"timestamp": "18:31:28.766561", "frame": 75, "mu": [-1.2376454452742822, 0.6472559057193531, 1.4199473547459278], "Sigma": [[0.01066627044159498, 0.003526137704853291, -0.0022246057908999694], [0.0035261377048532907, 0.0077694311164488656, -0.005429895707648173], [-0.0022246057908999694, -0.005429895707648173, 0.004376080200596729]], "chi2_level": 0.997, "chi2_df": 3, "chi2_threshold": 13.931422665512084, "N_raw": 77, "N_roi": 77, "N_inlier": 77, "refit": true}
{"timestamp": "18:31:28.823683", "frame": 76, "mu": [-1.2909377903128314, 0.6205290036445308, 1.3814415519186252], "Sigma": [[0.00974275627217761, 0.003303680531698424, -0.002644655176355108], [0.003303680531698423, 0.012582273811582629, -0.007261507029083264], [-0.0026446551763551086, -0.007261507029083264, 0.006361321448495412]], "chi2_level": 0.997, "chi2_df": 3, "chi2_threshold": 13.931422665512084, "N_raw": 89, "N_roi": 89, "N_inlier": 85, "refit": true}
{"timestamp": "18:31:28.876165", "frame": 77, "mu": [-1.3182506663681088, 0.7131053992185276, -0.45869416765465476], "Sigma": [[0.00773413460575583, -0.00032489270263664073, -0.004808024083683973], [-0.0003248927026366411, 0.012538531469057987, -0.0009860525580247565], [-0.004808024083683973, -0.0009860525580247565, 0.0048641593471064025]], "chi2_level": 0.997, "chi2_df": 3, "chi2_threshold": 13.931422665512084, "N_raw": 64, "N_roi": 64, "N_inlier": 62, "refit": true}
{"timestamp": "18:31:28.931261", "frame": 78, "mu": [-1.3678790056863266, 0.551078394351616, 1.327319566912366], "Sigma": [[0.007852408523759753, 0.0025854396167272536, -0.00273916572887281], [0.0025854396167272536, 0.015641324737647577, -0.006456646075252773], [-0.00273916572887281, -0.006456646075252773, 0.0035991090329439306]], "chi2_level": 0.997, "chi2_df": 3, "chi2_threshold": 13.931422665512084, "N_raw": 67, "N_roi": 67, "N_inlier": 65, "refit": true}
{"timestamp": "18:31:28.984319", "frame": 79, "mu": [-1.4314353672839788, 0.6525923347883554, 1.3530121469499368], "Sigma": [[0.006848635746104527, 0.00240460228026177, -0.000902750042086345], [0.00240460228026177, 0.007539537255615389, -0.005054176855602954], [-0.000902750042086345, -0.005054176855602954, 0.011007527419492458]], "chi2_level": 0.997, "chi2_df": 3, "chi2_threshold": 13.931422665512084, "N_raw": 62, "N_roi": 62, "N_inlier": 60, "refit": true}
{"timestamp": "18:31:29.038324", "frame": 80, "mu": [-1.4707273536366372, 0.6545744210102322, 1.3204144080669393], "Sigma": [[0.006085363014912849, 0.003586847639959917, -0.004437972363840168], [0.003586847639959916, 0.01456058786087888, -0.007027145273065966], [-0.004437972363840168, -0.007027145273065966, 0.02131487721358908]], "chi2_level": 0.997, "chi2_df": 3, "chi2_threshold": 13.931422665512084, "N_raw": 57, "N_roi": 57, "N_inlier": 57, "refit": true}
{"timestamp": "18:31:29.096160", "frame": 81, "mu": [-1.4987018422151375, 0.6491740233611791, 1.2896767199892631], "Sigma": [[0.007807422561089094, 0.002836353721052066, -0.0031336052121537605], [0.002836353721052066, 0.01827320413082472, -0.011058655824797925], [-0.0031336052121537605, -0.011058655824797925, 0.0129266205052513]], "chi2_level": 0.997, "chi2_df": 3, "chi2_threshold": 13.931422665512084, "N_raw": 77, "N_roi": 77, "N_inlier": 76, "refit": true}
{"timestamp": "18:31:29.155519", "frame": 82, "mu": [-1.5623952971899124, 0.6540388580481373, 1.2067305856783266], "Sigma": [[0.008766760794657184, 0.007010143384192711, 0.0016610765972322862], [0.0070101433841927106, 0.014301819385177814, -0.006419335307847442], [0.0016610765972322862, -0.006419335307847442, 0.03255714895863228]], "chi2_level": 0.997, "chi2_df": 3, "chi2_threshold": 13.931422665512084, "N_raw": 95, "N_roi": 95, "N_inlier": 95, "refit": true}
{"timestamp": "18:31:29.208756", "frame": 83, "mu": [-1.6133908010301325, 0.6998258410325674, 1.2611221421575187], "Sigma": [[0.007505556110241125, 0.006671045258336486, 0.0014923832762830807], [0.006671045258336486, 0.016461381374760303, -0.002119038728060112], [0.001492383276283081, -0.002119038728060112, 0.02924766963690931]], "chi2_level": 0.997, "chi2_df": 3, "chi2_threshold": 13.931422665512084, "N_raw": 79, "N_roi": 79, "N_inlier": 76, "refit": true}
{"timestamp": "18:31:29.265157", "frame": 84, "mu": [-1.638256988558241, 0.7501490424851138, 1.288574516827223], "Sigma": [[0.01153274914869914, 0.005392315483722324, 0.0003982808997628234], [0.0053923154837223234, 0.01198677240788242, -0.0044085668770824935], [0.0003982808997628236, -0.004408566877082493, 0.030049398608386547]], "chi2_level": 0.997, "chi2_df": 3, "chi2_threshold": 13.931422665512084, "N_raw": 93, "N_roi": 93, "N_inlier": 91, "refit": true}
{"timestamp": "18:31:29.315767", "frame": 85, "mu": [-1.657769628354849, 0.7729639715665866, 1.3339987898537775], "Sigma": [[0.010155344845258475, 0.005652310606781746, -0.0043128950951679835], [0.005652310606781746, 0.011139520640470772, -0.006568477642310637], [-0.0043128950951679835, -0.0065684776423106375, 0.005886895644798264]], "chi2_level": 0.997, "chi2_df": 3, "chi2_threshold": 13.931422665512084, "N_raw": 57, "N_roi": 57, "N_inlier": 54, "refit": true}
{"timestamp": "18:31:29.369560", "frame": 86, "mu": [-1.706829232268907, 0.7987884155591606, 1.313823186513191], "Sigma": [[0.009533376681204951, 0.005320564003905008, -0.0025376837038338976], [0.005320564003905008, 0.00996169436596587, -0.007373928487347183], [-0.002537683703833898, -0.007373928487347183, 0.008868292375268606]], "chi2_level": 0.997, "chi2_df": 3, "chi2_threshold": 13.931422665512084, "N_raw": 59, "N_roi": 59, "N_inlier": 58, "refit": true}
{"timestamp": "18:31:29.422560", "frame": 87, "mu": [-1.7410963862811863, 0.8036497434365194, 1.302214520076232], "Sigma": [[0.007402219616691497, 0.005106609682430859, -0.0033667149138858475], [0.005106609682430859, 0.00974474882969396, -0.0070772355847809176], [-0.003366714913885848, -0.0070772355847809176, 0.007617394228042876]], "chi2_level": 0.997, "chi2_df": 3, "chi2_threshold": 13.931422665512084, "N_raw": 47, "N_roi": 47, "N_inlier": 45, "refit": true}
{"timestamp": "18:31:29.479560", "frame": 88, "mu": [-1.7557065929170734, 0.8519512007443871, 1.2726438677965155], "Sigma": [[0.010746213841695707, 0.004581145218586305, -0.0032455623893372213], [0.004581145218586306, 0.008287921724845266, -0.006784472785616015], [-0.003245562389337221, -0.006784472785616014, 0.00804885863042028]], "chi2_level": 0.997, "chi2_df": 3, "chi2_threshold": 13.931422665512084, "N_raw": 59, "N_roi": 59, "N_inlier": 58, "refit": true}
