{"timestamp": "17:48:52.438047", "frame": 10, "mu": [-2.4235625602934547, 3.032544905076383, 0.9257960129205722], "Sigma": [[0.0016415530991026183, -0.00017343407676550967, -0.0012309364843792797], [-0.00017343407676550967, 0.0029465590781994613, 0.0004121925587988205], [-0.0012309364843792797, 0.0004121925587988205, 0.0017143530721025254]], "chi2_level": 0.997, "chi2_df": 3, "chi2_threshold": 13.931422665512084, "N_raw": 36, "N_roi": 7, "N_inlier": 7, "refit": true}
{"timestamp": "17:48:52.493326", "frame": 11, "mu": [-2.3950731025523115, 3.057871883261711, 0.8984907873992201], "Sigma": [[0.003063487342296934, 0.001032369829948526, -0.0031512726616247646], [0.001032369829948526, 0.004675031502514973, -0.003010486614990976], [-0.0031512726616247646, -0.003010486614990976, 0.005665325350699736]], "chi2_level": 0.997, "chi2_df": 3, "chi2_threshold": 13.931422665512084, "N_raw": 31, "N_roi": 16, "N_inlier": 16, "refit": true}
{"timestamp": "17:48:52.548764", "frame": 12, "mu": [-2.3807432821873835, 3.0207906400976294, 0.9308516534217827], "Sigma": [[0.00417569247257932, 0.0019468814908079283, -0.0011386305892429516], [0.0019468814908079283, 0.006507890821637325, -0.005378996887150788], [-0.0011386305892429516, -0.005378996887150787, 0.006943223925664964]], "chi2_level": 0.997, "chi2_df": 3, "chi2_threshold": 13.931422665512084, "N_raw": 38, "N_roi": 23, "N_inlier": 23, "refit": true}
{"timestamp": "17:48:52.604503", "frame": 13, "mu": [-2.315847299326313, 3.0615984180427014, 0.8646508688515322], "Sigma": [[0.009310363006595287, 0.003999143044690156, -0.005788639246301745], [0.003999143044690156, 0.00497619948439343, -0.004267066575552145], [-0.0057886392463017446, -0.004267066575552144, 0.00620615941649921]], "chi2_level": 0.997, "chi2_df": 3, "chi2_threshold": 13.931422665512084, "N_raw": 29, "N_roi": 20, "N_inlier": 20, "refit": true}
{"timestamp": "17:48:52.656140", "frame": 14, "mu": [-2.2951405043129025, 3.0385313892243793, 1.0723621663546286], "Sigma": [[0.0015818758747312763, -0.0031358090371552978, 0.0004885420906004618], [-0.0031358090371552978, 0.006756285706865787, -0.00028596756564296246], [0.0004885420906004618, -0.0002859675656429626, 0.005212535652966485]], "chi2_level": 0.997, "chi2_df": 3, "chi2_threshold": 13.931422665512084, "N_raw": 5, "N_roi": 5, "N_inlier": 5, "refit": true}
{"timestamp": "17:48:52.717824", "frame": 15, "mu": [-2.253700355499931, 3.035921128247546, 1.1328267598550819], "Sigma": [[0.019764858901523553, 0.010999467839468997, -0.01162745296099965], [0.010999467839468997, 0.01299290153150784, -0.008327324347757507], [-0.01162745296099965, -0.008327324347757507, 0.010057709536784245]], "chi2_level": 0.997, "chi2_df": 3, "chi2_threshold": 13.931422665512084, "N_raw": 53, "N_roi": 52, "N_inlier": 51, "refit": true}
{"timestamp": "17:48:52.773602", "frame": 16, "mu": [-2.1953116585929804, 3.095181756434686, 1.2391372179281215], "Sigma": [[0.02582047085601881, 0.009175849735006195, -0.014789780551405375], [0.009175849735006195, 0.008871297902380162, -0.008037879906679823], [-0.014789780551405375, -0.008037879906679823, 0.011564789149249537]], "chi2_level": 0.997, "chi2_df": 3, "chi2_threshold": 13.931422665512084, "N_raw": 57, "N_roi": 56, "N_inlier": 54, "refit": true}
{"timestamp": "17:48:52.831287", "frame": 17, "mu": [-2.0766328695810357, 3.1342992342498426, 1.0812502377135753], "Sigma": [[0.02043239382211872, 0.010146951905215537, -0.020862641624767607], [0.01014695190521554, 0.012433920485765743, -0.025954771340868925], [-0.02086264162476761, -0.025954771340868925, 0.07391841971289168]], "chi2_level": 0.997, "chi2_df": 3, "chi2_threshold": 13.931422665512084, "N_raw": 76, "N_roi": 74, "N_inlier": 72, "refit": true}
{"timestamp": "17:48:52.886894", "frame": 18, "mu": [-2.047548312020261, 3.120703433289963, 1.2272072261773481], "Sigma": [[0.025016004871262352, 0.009471911417838878, -0.017491513250345786], [0.009471911417838878, 0.0095338782201611, -0.008903458982290967], [-0.017491513250345786, -0.008903458982290967, 0.015354247546590115]], "chi2_level": 0.997, "chi2_df": 3, "chi2_threshold": 13.931422665512084, "N_raw": 58, "N_roi": 58, "N_inlier": 58, "refit": true}
{"timestamp": "17:48:52.934642", "frame": 19, "mu": [-1.9250696230445143, 3.2016065514442964, 1.1889909304703712], "Sigma": [[0.016280371736684937, 0.007498316275892348, -0.006356249939199853], [0.0074983162758923486, 0.004282377709466137, -0.005326616835385526], [-0.006356249939199853, -0.005326616835385526, 0.014012762358994586]], "chi2_level": 0.997, "chi2_df": 3, "chi2_threshold": 13.931422665512084, "N_raw": 28, "N_roi": 27, "N_inlier": 26, "refit": true}
{"timestamp": "17:48:52.991334", "frame": 20, "mu": [-1.8558345980447637, 3.1730210303832265, 1.3614595856727287], "Sigma": [[0.020235566247516806, 0.007199132090302169, -0.010487535356598117], [0.007199132090302168, 0.005999162539897784, -0.0037816960594917793], [-0.010487535356598117, -0.003781696059491779, 0.006233892608275337]], "chi2_level": 0.997, "chi2_df": 3, "chi2_threshold": 13.931422665512084, "N_raw": 40, "N_roi": 40, "N_inlier": 38, "refit": true}
{"timestamp": "17:48:53.049382", "frame": 21, "mu": [-1.7632298250954201, 3.25293088164784, 0.02309743982513889], "Sigma": [[0.02351108761100132, 0.01103186685055084, -0.01954127563184118], [0.01103186685055084, 0.011562031813580497, -0.010486973760702255], [-0.01954127563184118, -0.010486973760702253, 0.020935588221598182]], "chi2_level": 0.997, "chi2_df": 3, "chi2_threshold": 13.931422665512084, "N_raw": 59, "N_roi": 59, "N_inlier": 56, "refit": true}
{"timestamp": "17:48:53.102938", "frame": 22, "mu": [-1.6815749550676151, 3.260188583616965, 0.03526163558566305], "Sigma": [[0.017350668693161764, 0.006924350325641961, -0.018311050235150558], [0.006924350325641959, 0.006777360598348052, -0.006435457873554245], [-0.018311050235150558, -0.006435457873554245, 0.020951354586519776]], "chi2_level": 0.997, "chi2_df": 3, "chi2_threshold": 13.931422665512084, "N_raw": 44, "N_roi": 42, "N_inlier": 40, "refit": true}
{"timestamp": "17:48:53.163014", "frame": 23, "mu": [-1.5627957734206634, 3.1958688983770305, 1.1511868962961374], "Sigma": [[0.022289601955836014, 0.005986765996462683, -0.011446054045146587], [0.005986765996462683, 0.012450523670327307, -0.0013864257307362555], [-0.011446054045146587, -0.0013864257307362555, 0.00802074978943638]], "chi2_level": 0.997, "chi2_df": 3, "chi2_threshold": 13.931422665512084, "N_raw": 77, "N_roi": 74, "N_inlier": 70, "refit": true}
{"timestamp": "17:48:53.216243", "frame": 24, "mu": [-1.4982222041945772, 3.1828571776371266, 1.1384838181751427], "Sigma": [[0.023864029518313176, 0.002036431782166428, -0.02366133247695655], [0.0020364317821664284, 0.006542121373607647, -0.0033452185478847055], [-0.02366133247695655, -0.0033452185478847055, 0.03671893077132162]], "chi2_level": 0.997, "chi2_df": 3, "chi2_threshold": 13.931422665512084, "N_raw": 67, "N_roi": 67, "N_inlier": 64, "refit": true}
{"timestamp": "17:48:53.275093", "frame": 25, "mu": [-1.405812429436035, 3.2263002337798214, 1.035896926313808], "Sigma": [[0.022061193580259, 0.00660377596916485, -0.01626384960868905], [0.00660377596916485, 0.015341953210062783, -0.018239208222229214], [-0.01626384960868905, -0.018239208222229214, 0.03839164190655349]], "chi2_level": 0.997, "chi2_df": 3, "chi2_threshold": 13.931422665512084, "N_raw": 95, "N_roi": 95, "N_inlier": 92, "refit": true}
{"timestamp": "17:48:53.327460", "frame": 26, "mu": [-1.3518695424551292, 3.112835832204732, 0.7329117363363225], "Sigma": [[0.012339110581676508, 0.004065600038113662, -0.009743122162909585], [0.004065600038113662, 0.009312766827149451, -0.008717290700256605], [-0.009743122162909585, -0.008717290700256605, 0.08406836409228244]], "chi2_level": 0.997, "chi2_df": 3, "chi2_threshold": 13.931422665512084, "N_raw": 69, "N_roi": 67, "N_inlier": 66, "refit": true}
{"timestamp": "17:48:53.384442", "frame": 27, "mu": [-1.2042764957077412, 3.268290393863927, 1.0443309674026777], "Sigma": [[0.018349199506584757, 0.003507444701439885, -0.01665569442453426], [0.003507444701439885, 0.024937045735392876, -0.01919627742146484], [-0.01665569442453426, -0.01919627742146484, 0.03494165257355848]], "chi2_level": 0.997, "chi2_df": 3, "chi2_threshold": 13.931422665512084, "N_raw": 88, "N_roi": 88, "N_inlier": 86, "refit": true}
{"timestamp": "17:48:53.437487", "frame": 28, "mu": [-1.1509160121794113, 3.2018738407162073, 0.9005348813145413], "Sigma": [[0.019945821255567993, 0.005274916597143183, -0.013356480529015426], [0.005274916597143183, 0.024740533462731383, -0.005935687748332353], [-0.013356480529015424, -0.005935687748332353, 0.014932103407862796]], "chi2_level": 0.997, "chi2_df": 3, "chi2_threshold": 13.931422665512084, "N_raw": 79, "N_roi": 79, "N_inlier": 75, "refit": true}
{"timestamp": "17:48:53.492683", "frame": 29, "mu": [-1.0538135155035258, 3.3425043757398885, -0.3957085434932335], "Sigma": [[0.017571826707575577, 0.001757876790395601, -0.015207929885527743], [0.0017578767903956012, 0.007661539968153695, -0.008925113842305593], [-0.015207929885527743, -0.008925113842305595, 0.027400044914523254]], "chi2_level": 0.997, "chi2_df": 3, "chi2_threshold": 13.931422665512084, "N_raw": 70, "N_roi": 70, "N_inlier": 66, "refit": true}
{"timestamp": "17:48:53.549242", "frame": 30, "mu": [-0.9689058514351242, 3.117025637279912, 0.7888331049151285], "Sigma": [[0.02247756587259043, -0.002853288168183557, -0.01246762766477173], [-0.0028532881681835576, 0.008549982946173316, -0.001751714705041438], [-0.01246762766477173, -0.0017517147050414383, 0.009960267953930365]], "chi2_level": 0.997, "chi2_df": 3, "chi2_threshold": 13.931422665512084, "N_raw": 88, "N_roi": 88, "N_inlier": 84, "refit": true}
{"timestamp": "17:48:53.600190", "frame": 31, "mu": [-0.9284070454642447, 3.103500595341612, 0.8697868684063729], "Sigma": [[0.016646309758520585, -0.002242936469302099, -0.015453270648696638], [-0.002242936469302099, 0.006040752351865354, 0.001892162843356993], [-0.015453270648696636, 0.0018921628433569931, 0.015501448817533433]], "chi2_level": 0.997, "chi2_df": 3, "chi2_threshold": 13.931422665512084, "N_raw": 58, "N_roi": 58, "N_inlier": 53, "refit": true}
{"timestamp": "17:48:53.652343", "frame": 32, "mu": [-0.8607677640001223, 3.2439448034998772, -0.7098003975551956], "Sigma": [[0.016797981817916266, 0.0070630945344578415, 0.05596952576600877], [0.0070630945344578415, 0.020264104211849678, 0.02611570254922882], [0.05596952576600877, 0.02611570254922882, 0.28232314707717004]], "chi2_level": 0.997, "chi2_df": 3, "chi2_threshold": 13.931422665512084, "N_raw": 43, "N_roi": 40, "N_inlier": 38, "refit": true}
{"timestamp": "17:48:53.707720", "frame": 33, "mu": [-0.8016280327443202, 3.358899852981448, -0.44114115930454956], "Sigma": [[0.008479432304768587, -0.000797978287116174, -0.00019283639740913115], [-0.0007979782871161741, 0.022255362458267234, -0.040679991118162805], [-0.00019283639740913083, -0.040679991118162805, 0.1095727861647977]], "chi2_level": 0.997, "chi2_df": 3, "chi2_threshold": 13.931422665512084, "N_raw": 43, "N_roi": 42, "N_inlier": 41, "refit": true}
{"timestamp": "17:48:53.762792", "frame": 34, "mu": [-0.6662436593402369, 3.2667661965359893, 1.0063686608001707], "Sigma": [[0.017196756530200977, 0.0016083207054492102, 0.014282120237815393], [0.0016083207054492107, 0.0003769831968788566, 0.004069198455928547], [0.014282120237815391, 0.004069198455928547, 0.12557536425441734]], "chi2_level": 0.997, "chi2_df": 3, "chi2_threshold": 13.931422665512084, "N_raw": 45, "N_roi": 39, "N_inlier": 36, "refit": true}
{"timestamp": "17:48:53.822285", "frame": 35, "mu": [-0.6277394035142685, 3.1833479578531536, 0.9501709894213458], "Sigma": [[0.019052590790850824, 0.002271841200620731, -0.006867230297975916], [0.002271841200620731, 0.006188480701840338, -0.006112549572792602], [-0.006867230297975916, -0.006112549572792602, 0.01654087841242257]], "chi2_level": 0.997, "chi2_df": 3, "chi2_threshold": 13.931422665512084, "N_raw": 77, "N_roi": 73, "N_inlier": 70, "refit": true}
{"timestamp": "17:48:53.876031", "frame": 36, "mu": [-0.5543127694191115, 3.3607242605274625, -0.1404503999890434], "Sigma": [[0.017506856463621705, 0.0008176028582247238, -0.0007213823009909531], [0.0008176028582247236, 0.009481232033924336, -0.01601025837287463], [-0.0007213823009909533, -0.01601025837287463, 0.04002669362019047]], "chi2_level": 0.997, "chi2_df": 3, "chi2_threshold": 13.931422665512084, "N_raw": 68, "N_roi": 66, "N_inlier": 63, "refit": true}
{"timestamp": "17:48:53.930142", "frame": 37, "mu": [-0.48886299044332365, 3.178608796665408, 1.1556580732328967], "Sigma": [[0.020377934460899604, 0.0038477948414464467, 0.001757195739900479], [0.0038477948414464467, 0.009900047218042997, 0.00520147168770904], [0.0017571957399004784, 0.00520147168770904, 0.006010129701034406]], "chi2_level": 0.997, "chi2_df": 3, "chi2_threshold": 13.931422665512084, "N_raw": 63, "N_roi": 63, "N_inlier": 61, "refit": true}
{"timestamp": "17:48:53.987690", "frame": 38, "mu": [-0.4300701301137375, 3.2924551382180067, -0.06321833798084323], "Sigma": [[0.020268712818985284, 0.0034379930996049227, -0.00392065384400134], [0.0034379930996049227, 0.010288790866194652, 0.00978462354236225], [-0.00392065384400134, 0.00978462354236225, 0.01545517672657281]], "chi2_level": 0.997, "chi2_df": 3, "chi2_threshold": 13.931422665512084, "N_raw": 78, "N_roi": 76, "N_inlier": 76, "refit": true}
{"timestamp": "17:48:54.035318", "frame": 39, "mu": [-0.3347546647611082, 3.1631601684340325, -0.6436294511038881], "Sigma": [[0.009947050726405357, 0.006587069171901498, 0.02482442262528847], [0.0065870691719014975, 0.009665428174898074, 0.02957359627524333], [0.02482442262528847, 0.02957359627524333, 0.1087657244554793]], "chi2_level": 0.997, "chi2_df": 3, "chi2_threshold": 13.931422665512084, "N_raw": 24, "N_roi": 21, "N_inlier": 20, "refit": true}
{"timestamp": "17:48:54.092975", "frame": 40, "mu": [-0.3020915202995613, 3.203001124866915, 1.1941937988900746], "Sigma": [[0.018378368434354968, 0.0005669523576330508, -0.026958768022000017], [0.0005669523576330505, 0.0066498973168093, -0.013522110682086003], [-0.026958768022000017, -0.013522110682086003, 0.15047557348284543]], "chi2_level": 0.997, "chi2_df": 3, "chi2_threshold": 13.931422665512084, "N_raw": 52, "N_roi": 49, "N_inlier": 48, "refit": true}
{"timestamp": "17:48:54.151764", "frame": 41, "mu": [-0.20480748223806972, 3.1642314571204966, 1.1523348219968779], "Sigma": [[0.019362131218068287, -0.0015263196602584698, -0.012731287350549044], [-0.0015263196602584698, 0.005886539402229769, -0.00199670315499844], [-0.012731287350549044, -0.0019967031549984397, 0.012510529799405477]], "chi2_level": 0.997, "chi2_df": 3, "chi2_threshold": 13.931422665512084, "N_raw": 75, "N_roi": 75, "N_inlier": 71, "refit": true}
{"timestamp": "17:48:54.203629", "frame": 42, "mu": [-0.09583054594623207, 3.192491613246009, 1.122888940159891], "Sigma": [[0.014884190605373373, -0.0015506904273567836, -0.012512303610321837], [-0.0015506904273567836, 0.0042874675238162175, -0.004582844278871092], [-0.012512303610321837, -0.004582844278871092, 0.04730943738924425]], "chi2_level": 0.997, "chi2_df": 3, "chi2_threshold": 13.931422665512084, "N_raw": 53, "N_roi": 53, "N_inlier": 50, "refit": true}
{"timestamp": "17:48:54.263543", "frame": 43, "mu": [-0.0518049758004407, 3.238181902662125, 1.0696753296175063], "Sigma": [[0.01831502151914484, -0.0017495703693809442, -0.006974228465596458], [-0.0017495703693809442, 0.005824115207077591, -0.009296329499608763], [-0.006974228465596458, -0.009296329499608763, 0.02784743720148983]], "chi2_level": 0.997, "chi2_df": 3, "chi2_threshold": 13.931422665512084, "N_raw": 81, "N_roi": 77, "N_inlier": 73, "refit": true}
{"timestamp": "17:48:54.314629", "frame": 44, "mu": [0.01808265923453529, 3.2434997160455517, 1.2626701483397194], "Sigma": [[0.014283972518471955, 2.9288705152894228e-05, -0.005443218752945459], [2.9288705152894336e-05, 0.005096712135378636, 0.0006729654948323039], [-0.005443218752945459, 0.000672965494832304, 0.0037906691696362473]], "chi2_level": 0.997, "chi2_df": 3, "chi2_threshold": 13.931422665512084, "N_raw": 51, "N_roi": 51, "N_inlier": 49, "refit": true}
{"timestamp": "17:48:54.365859", "frame": 45, "mu": [0.07705161053455134, 3.26499713669756, 0.8797887349594012], "Sigma": [[0.012342396828045232, -0.0009656426869739626, -0.0008328111957982462], [-0.0009656426869739625, 0.0027005751133394903, 0.0019660776897548822], [-0.000832811195798246, 0.0019660776897548822, 0.020216849930014557]], "chi2_level": 0.997, "chi2_df": 3, "chi2_threshold": 13.931422665512084, "N_raw": 31, "N_roi": 29, "N_inlier": 26, "refit": true}
{"timestamp": "17:48:54.418141", "frame": 46, "mu": [0.16898573683140533, 3.230087302356244, 0.08203583088009722], "Sigma": [[0.010901998179337055, 0.023480025712171802, 0.11802381067363399], [0.023480025712171802, 0.08005185679641454, 0.41442477233846237], [0.118023810673634, 0.41442477233846237, 2.3054726929455867]], "chi2_level": 0.997, "chi2_df": 3, "chi2_threshold": 13.931422665512084, "N_raw": 15, "N_roi": 9, "N_inlier": 9, "refit": true}
{"timestamp": "17:48:54.471921", "frame": 47, "mu": [0.27622147613912534, 3.529203424674713, -0.19979736908180137], "Sigma": [[0.0018508150612953666, 0.004952182017476295, -0.017784361526933686], [0.004952182017476295, 0.027359168549102274, -0.09604892935564482], [-0.017784361526933686, -0.09604892935564482, 0.35482774759769264]], "chi2_level": 0.997, "chi2_df": 3, "chi2_threshold": 13.931422665512084, "N_raw": 10, "N_roi": 7, "N_inlier": 7, "refit": true}
{"timestamp": "17:48:54.598369", "frame": 48, "mu": [0.3081329083865804, 3.404416361141687, 0.037331722853798106], "Sigma": [[0.013419488297671927, -0.0009938542716889458, -0.0054363083539208336], [-0.0009938542716889458, 0.0032859808135284898, -0.0014560269478329042], [-0.005436308353920833, -0.0014560269478329042, 0.003947273726007606]], "chi2_level": 0.997, "chi2_df": 3, "chi2_threshold": 13.931422665512084, "N_raw": 39, "N_roi": 39, "N_inlier": 37, "refit": true}
{"timestamp": "17:48:54.623179", "frame": 49, "mu": [0.37731913338616146, 3.23872165348963, 1.0132917813943885], "Sigma": [[0.016819560139286135, -0.0015358550112478818, -0.007926514600085996], [-0.0015358550112478818, 0.005344367587437848, -0.0030824136228980526], [-0.007926514600085996, -0.0030824136228980526, 0.009166787891887419]], "chi2_level": 0.997, "chi2_df": 3, "chi2_threshold": 13.931422665512084, "N_raw": 73, "N_roi": 69, "N_inlier": 65, "refit": true}
{"timestamp": "17:48:54.659908", "frame": 50, "mu": [0.4980252488405537, 3.214439687105668, 0.7870273112621239], "Sigma": [[0.017491344076212115, 0.0005905773150265748, -0.022467728909812825], [0.0005905773150265748, 0.0027278894903772014, -0.004670024294757024], [-0.022467728909812825, -0.004670024294757024, 0.04781943157694209]], "chi2_level": 0.997, "chi2_df": 3, "chi2_threshold": 13.931422665512084, "N_raw": 31, "N_roi": 28, "N_inlier": 27, "refit": true}
{"timestamp": "17:48:54.694846", "frame": 51, "mu": [0.5780041612385399, 3.1898912791695206, 0.8998908432970256], "Sigma": [[0.017000782993634903, -0.0008986082359987424, -0.01894960960549072], [-0.0008986082359987426, 0.004603561490887149, -0.004691459227556356], [-0.01894960960549072, -0.004691459227556356, 0.03759632842609738]], "chi2_level": 0.997, "chi2_df": 3, "chi2_threshold": 13.931422665512084, "N_raw": 34, "N_roi": 34, "N_inlier": 32, "refit": true}
{"timestamp": "17:48:54.751883", "frame": 52, "mu": [0.6527265922638672, 3.0717384300412403, 0.8239016134411515], "Sigma": [[0.013989484370409382, -0.005615080914239555, -0.009598453927134435], [-0.0056150809142395544, 0.003640941957654952, 0.0019505714649106051], [-0.009598453927134435, 0.0019505714649106051, 0.010971854930766549]], "chi2_level": 0.997, "chi2_df": 3, "chi2_threshold": 13.931422665512084, "N_raw": 44, "N_roi": 42, "N_inlier": 39, "refit": true}
{"timestamp": "17:48:54.808582", "frame": 53, "mu": [0.7173728510227206, 3.003405881749806, 0.6409488564218444], "Sigma": [[0.016064629322457905, -0.003122602518638961, -0.002933834434851362], [-0.0031226025186389616, 0.003818114044475085, -0.0008162000795369792], [-0.002933834434851362, -0.0008162000795369791, 0.0034478134951785953]], "chi2_level": 0.997, "chi2_df": 3, "chi2_threshold": 13.931422665512084, "N_raw": 51, "N_roi": 51, "N_inlier": 47, "refit": true}
{"timestamp": "17:48:54.861703", "frame": 54, "mu": [0.7736030618686872, 3.0568888886685075, 0.904610638021937], "Sigma": [[0.013779836412929862, -0.0024966607345606774, -0.0007667993580095403], [-0.0024966607345606774, 0.0015208721026548305, -0.001887489789649212], [-0.0007667993580095401, -0.001887489789649212, 0.005065544902836601]], "chi2_level": 0.997, "chi2_df": 3, "chi2_threshold": 13.931422665512084, "N_raw": 41, "N_roi": 41, "N_inlier": 37, "refit": true}
{"timestamp": "17:48:54.911402", "frame": 55, "mu": [0.7381874542257367, 3.2657356385726026, 0.8569722140719997], "Sigma": [[0.013997469149983528, -0.0132055766563729, 0.05892615797383108], [-0.0132055766563729, 0.015498332475449938, -0.05768340127853258], [0.05892615797383108, -0.057683401278532574, 0.2570393061119311]], "chi2_level": 0.997, "chi2_df": 3, "chi2_threshold": 13.931422665512084, "N_raw": 7, "N_roi": 6, "N_inlier": 6, "refit": true}
{"timestamp": "17:48:54.967013", "frame": 56, "mu": [0.8521265889975747, 3.3716605883574515, 0.2294639997978674], "Sigma": [[0.004466596261593654, -0.002971554379590931, 0.0034893269870646176], [-0.0029715543795909316, 0.002862836846573876, -0.0028904074559832835], [0.003489326987064617, -0.0028904074559832835, 0.005542111942976084]], "chi2_level": 0.997, "chi2_df": 3, "chi2_threshold": 13.931422665512084, "N_raw": 13, "N_roi": 10, "N_inlier": 9, "refit": true}
{"timestamp": "17:48:55.021973", "frame": 57, "mu": [0.9370960311220401, 3.522803486112009, -0.6199632579237893], "Sigma": [[0.0027927291491360307, -0.005685876629248487, 0.0006114182658341506], [-0.005685876629248487, 0.09020171805503721, -0.11659954069968834], [0.0006114182658341501, -0.11659954069968834, 0.17626532866977723]], "chi2_level": 0.997, "chi2_df": 3, "chi2_threshold": 13.931422665512084, "N_raw": 12, "N_roi": 10, "N_inlier": 10, "refit": true}
{"timestamp": "17:48:55.081015", "frame": 58, "mu": [1.0701678765686484, 3.1162822383981457, 1.032957798284981], "Sigma": [[0.014436690630021358, -0.0059897801716019584, 0.0029947913209446004], [-0.0059897801716019584, 0.009961713004192203, -0.007921400280897252], [0.002994791320944601, -0.007921400280897254, 0.03565200542645262]], "chi2_level": 0.997, "chi2_df": 3, "chi2_threshold": 13.931422665512084, "N_raw": 41, "N_roi": 41, "N_inlier": 39, "refit": true}
{"timestamp": "17:48:55.136232", "frame": 59, "mu": [1.1284112631981615, 3.124404225162583, 1.0037555467311698], "Sigma": [[0.012989921888452697, -0.004476039429936573, -0.00127935636962502], [-0.004476039429936573, 0.005099066210787719, -0.0012000672882516215], [-0.0012793563696250198, -0.0012000672882516215, 0.00288601833794864]], "chi2_level": 0.997, "chi2_df": 3, "chi2_threshold": 13.931422665512084, "N_raw": 36, "N_roi": 36, "N_inlier": 35, "refit": true}
{"timestamp": "17:48:55.191963", "frame": 60, "mu": [1.173793850229653, 3.1687173276266507, 1.206498569084566], "Sigma": [[0.019131237074847814, -0.010155517962901487, -0.016742769873755087], [-0.010155517962901487, 0.007891444893321749, 0.006884242140737776], [-0.016742769873755087, 0.006884242140737776, 0.021020241605015075]], "chi2_level": 0.997, "chi2_df": 3, "chi2_threshold": 13.931422665512084, "N_raw": 45, "N_roi": 43, "N_inlier": 42, "refit": true}
{"timestamp": "17:48:55.247488", "frame": 61, "mu": [1.2281396041554689, 3.308542419395673, -0.18240623843714887], "Sigma": [[0.018257242420360288, -0.004962141942310663, 0.0004700198259301655], [-0.004962141942310663, 0.005047337915367123, -0.0008380095328548067], [0.00047001982593016537, -0.0008380095328548067, 0.000845281812418277]], "chi2_level": 0.997, "chi2_df": 3, "chi2_threshold": 13.931422665512084, "N_raw": 47, "N_roi": 44, "N_inlier": 41, "refit": true}
{"timestamp": "17:48:55.301013", "frame": 62, "mu": [1.257003861775581, 3.1504870963924287, 0.9889681198896065], "Sigma": [[0.016104186507369035, -0.004984256415141107, -0.0007032197755312002], [-0.004984256415141107, 0.004722302949247712, -0.0016782481548306455], [-0.0007032197755312, -0.0016782481548306455, 0.0029574259838545734]], "chi2_level": 0.997, "chi2_df": 3, "chi2_threshold": 13.931422665512084, "N_raw": 41, "N_roi": 41, "N_inlier": 39, "refit": true}
{"timestamp": "17:48:55.358309", "frame": 63, "mu": [1.3335210877724595, 3.1409598537038566, 0.9488882577756693], "Sigma": [[0.016366738332874244, -0.003863288242280649, 0.0027976087582544376], [-0.003863288242280649, 0.004388038325131023, -0.00324777526726439], [0.0027976087582544384, -0.00324777526726439, 0.007483280321519229]], "chi2_level": 0.997, "chi2_df": 3, "chi2_threshold": 13.931422665512084, "N_raw": 51, "N_roi": 51, "N_inlier": 50, "refit": true}
{"timestamp": "17:48:55.411712", "frame": 64, "mu": [1.4059715305488365, 3.1551340466871465, 1.0037644617669337], "Sigma": [[0.01290230900944865, -0.004701830024132863, 0.0025525341412625264], [-0.004701830024132863, 0.0033913109612244553, -0.00032859253443692673], [0.0025525341412625255, -0.00032859253443692673, 0.02636844709734988]], "chi2_level": 0.997, "chi2_df": 3, "chi2_threshold": 13.931422665512084, "N_raw": 39, "N_roi": 39, "N_inlier": 36, "refit": true}
{"timestamp": "17:48:55.465661", "frame": 65, "mu": [1.450793226636605, 3.1347229684390454, 0.9801656393421675], "Sigma": [[0.012735354694667128, -0.004557815775918239, 0.0018537101200203163], [-0.004557815775918239, 0.0022801522720910204, -0.0032867666715449195], [0.0018537101200203161, -0.0032867666715449195, 0.018740876387420387]], "chi2_level": 0.997, "chi2_df": 3, "chi2_threshold": 13.931422665512084, "N_raw": 35, "N_roi": 35, "N_inlier": 35, "refit": true}
{"timestamp": "17:48:55.520893", "frame": 66, "mu": [1.5370598911424866, 3.1873104839174515, 0.9578446992276928], "Sigma": [[0.017006305545996612, -0.005063315232073038, 0.00025938737048195054], [-0.0050633152320730375, 0.005011292392782109, -0.0011081525232441735], [0.00025938737048195065, -0.0011081525232441735, 0.0008869852133389368]], "chi2_level": 0.997, "chi2_df": 3, "chi2_threshold": 13.931422665512084, "N_raw": 40, "N_roi": 40, "N_inlier": 39, "refit": true}
{"timestamp": "17:48:55.571615", "frame": 67, "mu": [1.4285566220417056, 3.1698869481406717, 0.6757000185546425], "Sigma": [[0.012747324664831992, -0.0026703781945773613, 0.043683084978711456], [-0.0026703781945773613, 0.0011445775450299642, -0.01034613218196149], [0.04368308497871145, -0.01034613218196149, 0.15408799539814402]], "chi2_level": 0.997, "chi2_df": 3, "chi2_threshold": 13.931422665512084, "N_raw": 7, "N_roi": 7, "N_inlier": 7, "refit": true}
{"timestamp": "17:48:55.627777", "frame": 68, "mu": [1.6253419534127704, 3.236818156912405, 1.1502938504443128], "Sigma": [[0.010926865266396841, -0.0018633043097061274, 0.014576769587766141], [-0.0018633043097061274, 0.004270127398900927, 0.009947192270013866], [0.014576769587766141, 0.009947192270013866, 0.09294727841187045]], "chi2_level": 0.997, "chi2_df": 3, "chi2_threshold": 13.931422665512084, "N_raw": 18, "N_roi": 18, "N_inlier": 17, "refit": true}
{"timestamp": "17:48:55.685576", "frame": 69, "mu": [1.7060151189660209, 3.2493621733880906, 1.0928102131968518], "Sigma": [[0.015977309302343742, -0.006887233950308326, -0.0014740302150967567], [-0.006887233950308326, 0.004623496129423685, -0.0014047610440700512], [-0.0014740302150967567, -0.0014047610440700512, 0.008345459035723887]], "chi2_level": 0.997, "chi2_df": 3, "chi2_threshold": 13.931422665512084, "N_raw": 36, "N_roi": 34, "N_inlier": 33, "refit": true}
{"timestamp": "17:48:55.737286", "frame": 70, "mu": [1.684675627622458, 3.0021881932031844, 0.8942655539629109], "Sigma": [[0.2792392567599463, 0.3830920611295018, -0.20526277436107762], [0.3830920611295018, 0.6975900142319166, -0.2496340387053364], [-0.2052627743610776, -0.24963403870533635, 0.21664145290858125]], "chi2_level": 0.997, "chi2_df": 3, "chi2_threshold": 13.931422665512084, "N_raw": 9, "N_roi": 8, "N_inlier": 8, "refit": true}
{"timestamp": "17:48:55.793217", "frame": 71, "mu": [1.90031195722781, 3.258134600468101, 1.0564764356663474], "Sigma": [[0.06565637129873364, 0.023251591338680065, -0.013177097954550784], [0.02325159133868007, 0.012408906566196648, 0.015879086853360463], [-0.013177097954550781, 0.015879086853360466, 0.15945976279315346]], "chi2_level": 0.997, "chi2_df": 3, "chi2_threshold": 13.931422665512084, "N_raw": 12, "N_roi": 6, "N_inlier": 6, "refit": true}
{"timestamp": "17:48:55.847370", "frame": 72, "mu": [1.9348113317795619, 3.2507822785307674, 0.8471368017810713], "Sigma": [[0.05231271766763697, 0.01863360393844244, -0.029957370748584275], [0.01863360393844244, 0.012407835577408209, 0.004604837704888158], [-0.029957370748584275, 0.004604837704888158, 0.0914044242501259]], "chi2_level": 0.997, "chi2_df": 3, "chi2_threshold": 13.931422665512084, "N_raw": 8, "N_roi": 6, "N_inlier": 6, "refit": true}
{"timestamp": "17:48:55.957130", "frame": 74, "mu": [1.880470256607012, 3.2531118484790666, 1.2473399462768688], "Sigma": [[0.0006275480927205489, 0.0017173494323203698, -0.0004028400526206289], [0.0017173494323203696, 0.010119009575193842, -0.0024041118566253635], [-0.0004028400526206289, -0.0024041118566253635, 0.0005723154748064075]], "chi2_level": 0.997, "chi2_df": 3, "chi2_threshold": 13.931422665512084, "N_raw": 10, "N_roi": 6, "N_inlier": 6, "refit": true}
{"timestamp": "17:48:56.067177", "frame": 76, "mu": [2.002678282011062, 3.289215217375932, 1.3424829060893873], "Sigma": [[0.007964517410778112, -0.003648561258939623, -0.0044924538000412784], [-0.0036485612589396235, 0.0037337341129699626, 0.0016736263746955716], [-0.0044924538000412784, 0.0016736263746955716, 0.004742548605136446]], "chi2_level": 0.997, "chi2_df": 3, "chi2_threshold": 13.931422665512084, "N_raw": 14, "N_roi": 12, "N_inlier": 11, "refit": true}
{"timestamp": "17:48:56.124244", "frame": 77, "mu": [2.0093595219796154, 3.3662277463193355, -0.07386840315047419], "Sigma": [[0.007286372958123508, -0.003261906516299074, 0.026959950054487515], [-0.003261906516299074, 0.0046556607580662945, -0.018729383831279284], [0.026959950054487515, -0.018729383831279284, 0.1662630576663497]], "chi2_level": 0.997, "chi2_df": 3, "chi2_threshold": 13.931422665512084, "N_raw": 22, "N_roi": 19, "N_inlier": 19, "refit": true}
{"timestamp": "17:48:56.893538", "frame": 91, "mu": [2.4401967089503778, 3.3303725999567995, 1.2551063849813344], "Sigma": [[0.002777053876686926, 0.002959144532199432, 0.0012455446582470306], [0.0029591445321994316, 0.005041777452340451, 0.0019060725217695954], [0.0012455446582470301, 0.0019060725217695947, 0.002078332765275044]], "chi2_level": 0.997, "chi2_df": 3, "chi2_threshold": 13.931422665512084, "N_raw": 24, "N_roi": 6, "N_inlier": 6, "refit": true}
