{"timestamp": "18:29:46.780306", "frame": 1, "mu": [0.8391541644310403, 1.3266157719383926, 1.1956278503971767], "Sigma": [[0.002643721144918749, -0.0017179881683317127, -0.002361021136387159], [-0.0017179881683317124, 0.0031497774296398795, -0.004112668477027254], [-0.0023610211363871594, -0.004112668477027254, 0.08833280099702043]], "chi2_level": 0.997, "chi2_df": 3, "chi2_threshold": 13.931422665512084, "N_raw": 52, "N_roi": 52, "N_inlier": 52, "refit": true}
{"timestamp": "18:29:46.839976", "frame": 2, "mu": [0.9015578276540182, 1.319245189530746, 1.3080503181068408], "Sigma": [[0.003664197888782408, -0.0014386929745900598, -0.004511206268430027], [-0.0014386929745900598, 0.0019031275860794331, -0.001068924811080526], [-0.004511206268430027, -0.0010689248110805263, 0.02680339522033205]], "chi2_level": 0.997, "chi2_df": 3, "chi2_threshold": 13.931422665512084, "N_raw": 49, "N_roi": 49, "N_inlier": 49, "refit": true}
{"timestamp": "18:29:46.896649", "frame": 3, "mu": [0.8980357609499621, 1.33065900064784, 1.2628965194614656], "Sigma": [[0.005589825402735875, -0.002474264036044095, -0.004965511741687407], [-0.0024742640360440956, 0.0030060969035721774, -0.0028785845088305025], [-0.0049655117416874065, -0.0028785845088305016, 0.025644783695577447]], "chi2_level": 0.997, "chi2_df": 3, "chi2_threshold": 13.931422665512084, "N_raw": 70, "N_roi": 70, "N_inlier": 67, "refit": true}
{"timestamp": "18:29:46.947839", "frame": 4, "mu": [0.8800134447529273, 1.3312963358935053, 1.3116513866841821], "Sigma": [[0.005408576269108101, -0.0012433363201035793, 0.0016071171374295624], [-0.0012433363201035793, 0.002472703874939996, -0.0018776459645195398], [0.001607117137429563, -0.0018776459645195398, 0.041254539937175164]], "chi2_level": 0.997, "chi2_df": 3, "chi2_threshold": 13.931422665512084, "N_raw": 49, "N_roi": 49, "N_inlier": 49, "refit": true}
{"timestamp": "18:29:47.006871", "frame": 5, "mu": [0.8675349101432303, 1.3708713545655133, 1.255571676649385], "Sigma": [[0.006457021812802014, -0.001854901481272393, 0.0027935675443455576], [-0.001854901481272393, 0.003136242855527667, -0.005611666838292739], [0.0027935675443455576, -0.005611666838292739, 0.0425081946811396]], "chi2_level": 0.997, "chi2_df": 3, "chi2_threshold": 13.931422665512084, "N_raw": 70, "N_roi": 70, "N_inlier": 67, "refit": true}
{"timestamp": "18:29:47.059450", "frame": 6, "mu": [0.8483445413764508, 1.3347224616342612, 1.0127431546257324], "Sigma": [[0.003602276309311276, -0.00038759379790275866, 0.002497937457983803], [-0.00038759379790275866, 0.004115866428860068, 9.606446216424988e-05], [0.0024979374579838028, 9.606446216424967e-05, 0.1175693943512062]], "chi2_level": 0.997, "chi2_df": 3, "chi2_threshold": 13.931422665512084, "N_raw": 61, "N_roi": 61, "N_inlier": 59, "refit": true}
{"timestamp": "18:29:47.115815", "frame": 7, "mu": [0.8508858260121531, 1.3267626473353284, 0.9797069803203761], "Sigma": [[0.006545598192043659, -0.0034139936674891487, 0.009195920136720893], [-0.0034139936674891487, 0.0029021665327919307, -0.006820053334683747], [0.009195920136720891, -0.006820053334683747, 0.08635099298366472]], "chi2_level": 0.997, "chi2_df": 3, "chi2_threshold": 13.931422665512084, "N_raw": 68, "N_roi": 68, "N_inlier": 63, "refit": true}
{"timestamp": "18:29:47.162975", "frame": 8, "mu": [0.7743067108903782, 1.3499773753865911, 0.645346615116356], "Sigma": [[0.020000761026328813, -0.0022627619023184212, 0.054879729581359116], [-0.0022627619023184212, 0.0030743243229460976, 0.003468917832690672], [0.054879729581359116, 0.003468917832690672, 0.2791586686932345]], "chi2_level": 0.997, "chi2_df": 3, "chi2_threshold": 13.931422665512084, "N_raw": 17, "N_roi": 17, "N_inlier": 17, "refit": true}
{"timestamp": "18:29:47.223820", "frame": 9, "mu": [0.6537449190178053, 1.4695147556696007, 0.6862895993969715], "Sigma": [[0.05265957272653896, -0.026842807397092768, 0.11969489765538043], [-0.026842807397092768, 0.014667657037608582, -0.06143265953892629], [0.11969489765538044, -0.06143265953892629, 0.3630278938628581]], "chi2_level": 0.997, "chi2_df": 3, "chi2_threshold": 13.931422665512084, "N_raw": 55, "N_roi": 55, "N_inlier": 54, "refit": true}
{"timestamp": "18:29:47.273517", "frame": 10, "mu": [0.7752757593961148, 1.3935286561768911, 1.0724325642563621], "Sigma": [[0.012992004729571757, -0.007733006162204964, 0.0291092590218725], [-0.007733006162204964, 0.006909350909709135, -0.02882399674410107], [0.029109259021872502, -0.028823996744101077, 0.28697744937802905]], "chi2_level": 0.997, "chi2_df": 3, "chi2_threshold": 13.931422665512084, "N_raw": 22, "N_roi": 22, "N_inlier": 21, "refit": true}
{"timestamp": "18:29:47.334967", "frame": 11, "mu": [0.8718078657938707, 1.3637750522681655, -0.8347674754320581], "Sigma": [[0.004192331536127479, -0.0012237465311726536, -0.0024679827466285156], [-0.0012237465311726536, 0.0026857367360372873, -0.0012607959262925339], [-0.002467982746628516, -0.0012607959262925339, 0.05548185935778331]], "chi2_level": 0.997, "chi2_df": 3, "chi2_threshold": 13.931422665512084, "N_raw": 68, "N_roi": 68, "N_inlier": 65, "refit": true}
{"timestamp": "18:29:47.387943", "frame": 12, "mu": [0.8462438219143326, 1.3687468441843809, 1.245444157115709], "Sigma": [[0.0054816884318749015, -0.0020569782022239703, 0.00017868180511381728], [-0.0020569782022239703, 0.00400577900502525, -0.009614345843480032], [0.00017868180511381772, -0.009614345843480032, 0.13886204916498854]], "chi2_level": 0.997, "chi2_df": 3, "chi2_threshold": 13.931422665512084, "N_raw": 52, "N_roi": 52, "N_inlier": 50, "refit": true}
{"timestamp": "18:29:47.441820", "frame": 13, "mu": [0.8989945782302288, 1.326020258894517, 1.0462526122702642], "Sigma": [[0.0033347916982140414, -0.0028889852523135877, -0.0014045076596884826], [-0.0028889852523135877, 0.003696828221534049, -0.0017598226307180987], [-0.0014045076596884824, -0.001759822630718099, 0.01582669923912071]], "chi2_level": 0.997, "chi2_df": 3, "chi2_threshold": 13.931422665512084, "N_raw": 46, "N_roi": 46, "N_inlier": 43, "refit": true}
{"timestamp": "18:29:47.494688", "frame": 14, "mu": [0.8647063082170968, 1.3453390281419022, 1.3403888568997635], "Sigma": [[0.0077945547226861344, -0.0034967438949944606, -0.01245263802706345], [-0.0034967438949944606, 0.0037129137470386054, 0.006752939386892122], [-0.01245263802706345, 0.006752939386892122, 0.03602379559107727]], "chi2_level": 0.997, "chi2_df": 3, "chi2_threshold": 13.931422665512084, "N_raw": 34, "N_roi": 34, "N_inlier": 32, "refit": true}
{"timestamp": "18:29:47.551752", "frame": 15, "mu": [0.810685101028246, 1.3897467213264716, 1.4169014171590322], "Sigma": [[0.006191263830866348, -0.001431718848942675, -0.005757022831762734], [-0.001431718848942675, 0.0032170807835302717, 0.0010503612305771035], [-0.005757022831762734, 0.001050361230577103, 0.014008070151144978]], "chi2_level": 0.997, "chi2_df": 3, "chi2_threshold": 13.931422665512084, "N_raw": 44, "N_roi": 44, "N_inlier": 42, "refit": true}
{"timestamp": "18:29:47.605016", "frame": 16, "mu": [0.8881538665732797, 1.3936347909487523, 1.1137394934403677], "Sigma": [[0.0033357448130689814, -0.0020096965315841895, -0.0017846329718373224], [-0.002009696531584189, 0.004293387765008842, -0.0024443519910547435], [-0.0017846329718373224, -0.0024443519910547435, 0.008793126686339761]], "chi2_level": 0.997, "chi2_df": 3, "chi2_threshold": 13.931422665512084, "N_raw": 41, "N_roi": 41, "N_inlier": 38, "refit": true}
{"timestamp": "18:29:47.660712", "frame": 17, "mu": [0.8986337625207562, 1.360888033825616, 0.998830208502], "Sigma": [[0.0033108951170520502, -0.0024481648150126403, -0.001975330614368201], [-0.0024481648150126403, 0.004770669984531757, -0.0022653573877031937], [-0.0019753306143682012, -0.002265357387703194, 0.008085211866934212]], "chi2_level": 0.997, "chi2_df": 3, "chi2_threshold": 13.931422665512084, "N_raw": 42, "N_roi": 42, "N_inlier": 42, "refit": true}
{"timestamp": "18:29:47.713929", "frame": 18, "mu": [0.8577084917022184, 1.3571380338581582, 1.0871341727968824], "Sigma": [[0.0028476366129545883, -0.00042877809519987077, -0.0010068299274868468], [-0.0004287780951998709, 0.001836180044451999, -0.0022695307602006937], [-0.0010068299274868468, -0.0022695307602006937, 0.006061297672055034]], "chi2_level": 0.997, "chi2_df": 3, "chi2_threshold": 13.931422665512084, "N_raw": 24, "N_roi": 24, "N_inlier": 22, "refit": true}
{"timestamp": "18:29:47.774056", "frame": 19, "mu": [0.8688956726588727, 1.2613078194220546, 1.0707723154903361], "Sigma": [[0.0032577692658411848, -0.0012650427481738428, 0.00031790932984703354], [-0.0012650427481738428, 0.003769821951480564, -0.0031997410266701694], [0.0003179093298470335, -0.0031997410266701694, 0.004506918937086184]], "chi2_level": 0.997, "chi2_df": 3, "chi2_threshold": 13.931422665512084, "N_raw": 44, "N_roi": 44, "N_inlier": 44, "refit": true}
{"timestamp": "18:29:47.828574", "frame": 20, "mu": [0.8501602101447538, 1.320831829480573, 1.0709269777485597], "Sigma": [[0.005478472594036143, -0.0018260880968344936, -0.0017518386335145966], [-0.0018260880968344936, 0.006417764839664322, -0.002879446384486295], [-0.0017518386335145966, -0.002879446384486295, 0.0034704147359754817]], "chi2_level": 0.997, "chi2_df": 3, "chi2_threshold": 13.931422665512084, "N_raw": 63, "N_roi": 63, "N_inlier": 62, "refit": true}
{"timestamp": "18:29:47.881669", "frame": 21, "mu": [0.8341387232862241, 1.3028337221582567, 1.0342723111756051], "Sigma": [[0.003992630358726436, -0.0008734060542366071, -0.002438315468612782], [-0.0008734060542366071, 0.005590321150825039, 0.010994722590084731], [-0.002438315468612782, 0.010994722590084731, 0.08594984408320677]], "chi2_level": 0.997, "chi2_df": 3, "chi2_threshold": 13.931422665512084, "N_raw": 47, "N_roi": 47, "N_inlier": 45, "refit": true}
{"timestamp": "18:29:47.933417", "frame": 22, "mu": [0.8358133960550647, 1.3421285670458567, 1.019433002127377], "Sigma": [[0.0027704735725526033, -0.0023930689566230624, 0.009711057876827007], [-0.0023930689566230624, 0.007884437679608227, -0.006486313616126923], [0.009711057876827007, -0.0064863136161269225, 0.09314665147781237]], "chi2_level": 0.997, "chi2_df": 3, "chi2_threshold": 13.931422665512084, "N_raw": 26, "N_roi": 26, "N_inlier": 23, "refit": true}
{"timestamp": "18:29:47.993553", "frame": 23, "mu": [0.8418998390021398, 1.2917089296037236, 0.9510534474779482], "Sigma": [[0.0033495318938591995, -0.0017911026042174275, -0.001681131892684371], [-0.0017911026042174275, 0.004339875410673969, 0.0007394261808303152], [-0.001681131892684371, 0.0007394261808303156, 0.2762141129634561]], "chi2_level": 0.997, "chi2_df": 3, "chi2_threshold": 13.931422665512084, "N_raw": 62, "N_roi": 62, "N_inlier": 62, "refit": true}
{"timestamp": "18:29:48.047889", "frame": 24, "mu": [0.7850274926380224, 1.308993685844309, 1.051053970985549], "Sigma": [[0.004437464576623264, -0.002118441592096303, 0.0025556949508680135], [-0.002118441592096303, 0.0034790678456088917, 6.416389826081805e-05], [0.002555694950868014, 6.416389826081849e-05, 0.04069846547790813]], "chi2_level": 0.997, "chi2_df": 3, "chi2_threshold": 13.931422665512084, "N_raw": 55, "N_roi": 54, "N_inlier": 51, "refit": true}
{"timestamp": "18:29:48.103282", "frame": 25, "mu": [0.7641170271909744, 1.4343882965471835, -0.4387525638542028], "Sigma": [[0.005052288652703354, 0.0026270092859692583, 0.011929120020735571], [0.0026270092859692583, 0.005157201039762555, 0.011586397582330366], [0.011929120020735571, 0.011586397582330366, 0.1278395181354383]], "chi2_level": 0.997, "chi2_df": 3, "chi2_threshold": 13.931422665512084, "N_raw": 53, "N_roi": 53, "N_inlier": 50, "refit": true}
{"timestamp": "18:29:48.159608", "frame": 26, "mu": [0.7068153695990184, 1.460271781903593, -0.5426782260161883], "Sigma": [[0.004750925371839858, 0.0019732807257916225, 0.004509771548311569], [0.0019732807257916225, 0.004383415264491168, 0.00034824873471053086], [0.004509771548311569, 0.00034824873471053054, 0.10350740052472314]], "chi2_level": 0.997, "chi2_df": 3, "chi2_threshold": 13.931422665512084, "N_raw": 67, "N_roi": 67, "N_inlier": 64, "refit": true}
{"timestamp": "18:29:48.215705", "frame": 27, "mu": [0.740861641461185, 1.4796059563900599, -0.40487514231705074], "Sigma": [[0.005403906200425658, -0.0015405212018354993, -0.008912347130459066], [-0.0015405212018354993, 0.0070778025292662534, 0.0022026578011996936], [-0.008912347130459066, 0.0022026578011996936, 0.02808443989863988]], "chi2_level": 0.997, "chi2_df": 3, "chi2_threshold": 13.931422665512084, "N_raw": 67, "N_roi": 67, "N_inlier": 63, "refit": true}
{"timestamp": "18:29:48.270727", "frame": 28, "mu": [0.7128884808040773, 1.3521904407700467, 1.219444215805188], "Sigma": [[0.005750150720762564, -0.003915671459578286, -0.003448765080797064], [-0.003915671459578286, 0.010687501011784633, 0.002642138882780985], [-0.0034487650807970647, 0.002642138882780985, 0.028909038754352107]], "chi2_level": 0.997, "chi2_df": 3, "chi2_threshold": 13.931422665512084, "N_raw": 74, "N_roi": 74, "N_inlier": 70, "refit": true}
{"timestamp": "18:29:48.324976", "frame": 29, "mu": [0.6771163615327924, 1.3165598209357323, 1.2121562842477158], "Sigma": [[0.004446533738856018, -0.0043847887572777185, -0.00609941271310276], [-0.0043847887572777185, 0.008254631624897436, 0.004092313535609767], [-0.006099412713102761, 0.004092313535609767, 0.011343585736420341]], "chi2_level": 0.997, "chi2_df": 3, "chi2_threshold": 13.931422665512084, "N_raw": 56, "N_roi": 56, "N_inlier": 52, "refit": true}
{"timestamp": "18:29:48.380765", "frame": 30, "mu": [0.6089626659592474, 1.333722071000675, 1.126561522578036], "Sigma": [[0.004364300140299618, -0.0020745694796306707, 0.0003468690625614494], [-0.0020745694796306707, 0.007470297326832051, -0.0039954283615407545], [0.0003468690625614494, -0.003995428361540754, 0.013407821084002602]], "chi2_level": 0.997, "chi2_df": 3, "chi2_threshold": 13.931422665512084, "N_raw": 66, "N_roi": 66, "N_inlier": 63, "refit": true}
{"timestamp": "18:29:48.433639", "frame": 31, "mu": [0.5583447411809116, 1.41627170626211, 1.3133827575486285], "Sigma": [[0.004287733686589943, -0.0023530144131469993, -0.00410456030488386], [-0.002353014413146999, 0.006740899702742734, 0.00047996421507959393], [-0.00410456030488386, 0.00047996421507959393, 0.004999732119777447]], "chi2_level": 0.997, "chi2_df": 3, "chi2_threshold": 13.931422665512084, "N_raw": 59, "N_roi": 59, "N_inlier": 54, "refit": true}
{"timestamp": "18:29:48.488163", "frame": 32, "mu": [0.532260403929001, 1.5833557226130066, -0.2206205395470803], "Sigma": [[0.00473607212921284, -0.0002492357880121452, -0.0035900945257573563], [-0.0002492357880121451, 0.006093881042073858, -0.001759425665992802], [-0.0035900945257573563, -0.001759425665992802, 0.0040661500166754285]], "chi2_level": 0.997, "chi2_df": 3, "chi2_threshold": 13.931422665512084, "N_raw": 60, "N_roi": 60, "N_inlier": 58, "refit": true}
{"timestamp": "18:29:48.541485", "frame": 33, "mu": [0.4910043823956846, 1.4579793577176259, 1.2809977646838655], "Sigma": [[0.00376756312667089, -0.0019340290736769212, 0.00024851188044088657], [-0.0019340290736769212, 0.003864341961924085, -0.005923337866442666], [0.0002485118804408866, -0.005923337866442667, 0.02188844331709698]], "chi2_level": 0.997, "chi2_df": 3, "chi2_threshold": 13.931422665512084, "N_raw": 48, "N_roi": 48, "N_inlier": 46, "refit": true}
{"timestamp": "18:29:48.599093", "frame": 34, "mu": [0.4609281923088842, 1.529112553507545, 1.1008703358996053], "Sigma": [[0.0032193590528341036, -0.001578794243657, 0.0008143053614042548], [-0.001578794243657, 0.004929068486784862, -0.015420018962586445], [0.0008143053614042542, -0.015420018962586445, 0.16711269332149192]], "chi2_level": 0.997, "chi2_df": 3, "chi2_threshold": 13.931422665512084, "N_raw": 61, "N_roi": 61, "N_inlier": 59, "refit": true}
{"timestamp": "18:29:48.656708", "frame": 35, "mu": [0.4800273804794302, 1.4344470321416058, 1.301326817443369], "Sigma": [[0.0044854653076148625, -0.0025675375571041505, -0.004629591914463884], [-0.002567537557104151, 0.008372502300227808, -0.0007222835366870355], [-0.004629591914463884, -0.0007222835366870355, 0.03287379694783445]], "chi2_level": 0.997, "chi2_df": 3, "chi2_threshold": 13.931422665512084, "N_raw": 79, "N_roi": 79, "N_inlier": 75, "refit": true}
{"timestamp": "18:29:48.710215", "frame": 36, "mu": [0.4460401896763691, 1.396713752713901, 1.2889044957419797], "Sigma": [[0.004056104011306987, -0.0015789934753949542, -0.0026494232714552543], [-0.0015789934753949542, 0.007719568684051605, -0.0005518662051710486], [-0.0026494232714552543, -0.0005518662051710486, 0.0040731601095078465]], "chi2_level": 0.997, "chi2_df": 3, "chi2_threshold": 13.931422665512084, "N_raw": 66, "N_roi": 66, "N_inlier": 62, "refit": true}
{"timestamp": "18:29:48.766469", "frame": 37, "mu": [0.45543691867453046, 1.3307551663614545, 1.1624489433858038], "Sigma": [[0.004937228500959454, -0.001684176600144826, -0.003909764947178072], [-0.0016841766001448259, 0.004255185821641238, -0.0022245510060280183], [-0.003909764947178072, -0.0022245510060280183, 0.008615269088176608]], "chi2_level": 0.997, "chi2_df": 3, "chi2_threshold": 13.931422665512084, "N_raw": 74, "N_roi": 74, "N_inlier": 71, "refit": true}
{"timestamp": "18:29:48.820852", "frame": 38, "mu": [0.41108749621455, 1.4087589626313994, 1.268714027777092], "Sigma": [[0.004827853396729596, -0.0015755884347600242, -0.005330548138646496], [-0.0015755884347600242, 0.004619927676660164, -0.001714977798844091], [-0.005330548138646496, -0.001714977798844091, 0.012456059995431876]], "chi2_level": 0.997, "chi2_df": 3, "chi2_threshold": 13.931422665512084, "N_raw": 73, "N_roi": 73, "N_inlier": 68, "refit": true}
{"timestamp": "18:29:48.871681", "frame": 39, "mu": [0.37298382930570967, 1.5416681848229525, -0.4622665559779955], "Sigma": [[0.0028620833387840387, -0.0010302007751148963, 0.0025938694639823182], [-0.001030200775114896, 0.008532610299578336, -0.030597367803552638], [0.002593869463982318, -0.030597367803552638, 0.13596926036375206]], "chi2_level": 0.997, "chi2_df": 3, "chi2_threshold": 13.931422665512084, "N_raw": 34, "N_roi": 34, "N_inlier": 32, "refit": true}
{"timestamp": "18:29:48.932144", "frame": 40, "mu": [0.2613153403531025, 1.3758551881852434, 0.9821788424606193], "Sigma": [[0.006512804991030293, 0.003026285155590948, 0.024006324030966288], [0.003026285155590949, 0.012829689143158787, 0.06418238298597478], [0.024006324030966288, 0.06418238298597478, 0.4314336690758352]], "chi2_level": 0.997, "chi2_df": 3, "chi2_threshold": 13.931422665512084, "N_raw": 80, "N_roi": 80, "N_inlier": 80, "refit": true}
{"timestamp": "18:29:48.991826", "frame": 41, "mu": [0.27535145171521846, 1.3049939828779107, 0.8082403327001131], "Sigma": [[0.01652433523763546, 0.001301153075679905, 0.027865006691440698], [0.001301153075679905, 0.01837671289012216, 0.08091337875281543], [0.027865006691440698, 0.08091337875281542, 0.5202143060222502]], "chi2_level": 0.997, "chi2_df": 3, "chi2_threshold": 13.931422665512084, "N_raw": 113, "N_roi": 113, "N_inlier": 112, "refit": true}
{"timestamp": "18:29:49.036630", "frame": 42, "mu": [0.08705013151614441, 1.3104173566247563, 0.19624035698984307], "Sigma": [[0.03475182697347839, 0.003790438519848604, 0.010842694374596444], [0.003790438519848604, 0.0019451250920287965, 0.014552290726153173], [0.010842694374596448, 0.014552290726153171, 0.25367855621400615]], "chi2_level": 0.997, "chi2_df": 3, "chi2_threshold": 13.931422665512084, "N_raw": 35, "N_roi": 35, "N_inlier": 34, "refit": true}
{"timestamp": "18:29:49.094296", "frame": 43, "mu": [0.24565512689427474, 1.3526691069417716, 1.062932451059253], "Sigma": [[0.005600319839341985, -0.0015799462893776005, 0.009339872338637705], [-0.0015799462893776005, 0.0066340140962447705, 0.006536358590008426], [0.009339872338637704, 0.006536358590008426, 0.14906281431058838]], "chi2_level": 0.997, "chi2_df": 3, "chi2_threshold": 13.931422665512084, "N_raw": 66, "N_roi": 65, "N_inlier": 64, "refit": true}
{"timestamp": "18:29:49.149825", "frame": 44, "mu": [0.21397932119437804, 1.3370559972034148, 1.2683097640221248], "Sigma": [[0.0045923092794329014, 0.00015717516958369486, -0.002634431077061082], [0.0001571751695836947, 0.002900970177286014, 0.0006387327143811069], [-0.002634431077061082, 0.0006387327143811071, 0.07312787074512295]], "chi2_level": 0.997, "chi2_df": 3, "chi2_threshold": 13.931422665512084, "N_raw": 67, "N_roi": 67, "N_inlier": 63, "refit": true}
{"timestamp": "18:29:49.209850", "frame": 45, "mu": [0.10650131267225181, 1.3457337964229052, 1.331774261350297], "Sigma": [[0.0035222899253807153, -0.0019992685236163484, -0.004593510031250886], [-0.0019992685236163484, 0.004128435762402095, 0.0039932496238485275], [-0.004593510031250886, 0.0039932496238485275, 0.058787349688601984]], "chi2_level": 0.997, "chi2_df": 3, "chi2_threshold": 13.931422665512084, "N_raw": 73, "N_roi": 73, "N_inlier": 71, "refit": true}
{"timestamp": "18:29:49.261932", "frame": 46, "mu": [0.10190302681695906, 1.3206695800995123, 1.4029789523779304], "Sigma": [[0.003916418576885308, 8.200393536235083e-05, -0.005059769305387615], [8.200393536235079e-05, 0.0032215256068619546, -0.00422619946184561], [-0.005059769305387615, -0.004226199461845609, 0.014391948841482727]], "chi2_level": 0.997, "chi2_df": 3, "chi2_threshold": 13.931422665512084, "N_raw": 80, "N_roi": 80, "N_inlier": 75, "refit": true}
{"timestamp": "18:29:49.314664", "frame": 47, "mu": [0.038872612423317424, 1.30650682896357, 1.4822809181316237], "Sigma": [[0.004234668326247855, -0.0018584340192446544, -0.004038804006886306], [-0.0018584340192446549, 0.004016313203310805, -0.00022498589225376832], [-0.004038804006886305, -0.00022498589225376832, 0.005954690924263587]], "chi2_level": 0.997, "chi2_df": 3, "chi2_threshold": 13.931422665512084, "N_raw": 62, "N_roi": 62, "N_inlier": 60, "refit": true}
{"timestamp": "18:29:49.375850", "frame": 48, "mu": [0.007181643908983658, 1.3336906311943026, 1.3537764828838625], "Sigma": [[0.004692692120789065, -0.0006346359040812829, -0.0061739122737848404], [-0.0006346359040812829, 0.002903448068184982, -0.004540760732249108], [-0.0061739122737848404, -0.004540760732249108, 0.03825287367187296]], "chi2_level": 0.997, "chi2_df": 3, "chi2_threshold": 13.931422665512084, "N_raw": 105, "N_roi": 105, "N_inlier": 103, "refit": true}
{"timestamp": "18:29:49.430597", "frame": 49, "mu": [-0.003911842459482782, 1.2880861425617687, 0.004911621380846645], "Sigma": [[0.0071514625446000525, -0.0015542339391843869, 0.04910423032332832], [-0.0015542339391843869, 0.003995099963638576, -0.012224941130698353], [0.04910423032332832, -0.012224941130698353, 0.7257889687520792]], "chi2_level": 0.997, "chi2_df": 3, "chi2_threshold": 13.931422665512084, "N_raw": 106, "N_roi": 106, "N_inlier": 106, "refit": true}
{"timestamp": "18:29:49.477291", "frame": 50, "mu": [0.039261920760968086, 1.1999362668250244, 1.295132110107712], "Sigma": [[0.003901086971406044, -0.003428726466168413, -0.01046742009714201], [-0.003428726466168413, 0.004793542239195834, 0.009642827396011116], [-0.01046742009714201, 0.009642827396011116, 0.03533125319466483]], "chi2_level": 0.997, "chi2_df": 3, "chi2_threshold": 13.931422665512084, "N_raw": 45, "N_roi": 45, "N_inlier": 45, "refit": true}
{"timestamp": "18:29:49.535762", "frame": 51, "mu": [-0.016070616811825564, 1.2273289687603572, 1.2450584027688236], "Sigma": [[0.003360788647369377, -0.0007201282376273033, -0.0016969275355221429], [-0.0007201282376273033, 0.007728065611418848, -0.0017368668003202247], [-0.0016969275355221429, -0.0017368668003202247, 0.0018043703595171754]], "chi2_level": 0.997, "chi2_df": 3, "chi2_threshold": 13.931422665512084, "N_raw": 70, "N_roi": 70, "N_inlier": 66, "refit": true}
{"timestamp": "18:29:49.595204", "frame": 52, "mu": [-0.1339993406862697, 1.384612722206495, -0.03839738496679371], "Sigma": [[0.00736457870181892, -0.0053016365693760205, 0.07497486178923936], [-0.0053016365693760205, 0.016242716356638185, -0.0752913292515189], [0.07497486178923936, -0.07529132925151888, 0.9474721175082896]], "chi2_level": 0.997, "chi2_df": 3, "chi2_threshold": 13.931422665512084, "N_raw": 103, "N_roi": 103, "N_inlier": 103, "refit": true}
{"timestamp": "18:29:49.650234", "frame": 53, "mu": [-0.170107626590714, 1.3550365930394346, 1.1954714026648072], "Sigma": [[0.008364946867242725, -0.0035519019030729833, 0.023376716662950315], [-0.0035519019030729833, 0.0062663229875569776, -0.020518117692800916], [0.02337671666295031, -0.020518117692800916, 0.13727933314684346]], "chi2_level": 0.997, "chi2_df": 3, "chi2_threshold": 13.931422665512084, "N_raw": 101, "N_roi": 101, "N_inlier": 99, "refit": true}
{"timestamp": "18:29:49.707728", "frame": 54, "mu": [-0.13189532083907526, 1.2422020254899344, 1.1453509155206278], "Sigma": [[0.006165688809941666, -0.0039647002990204905, -0.008330658678587885], [-0.0039647002990204905, 0.00789691417524962, 0.007905151704250756], [-0.008330658678587885, 0.007905151704250754, 0.08350674067069577]], "chi2_level": 0.997, "chi2_df": 3, "chi2_threshold": 13.931422665512084, "N_raw": 118, "N_roi": 118, "N_inlier": 116, "refit": true}
{"timestamp": "18:29:49.761445", "frame": 55, "mu": [-0.17105234089131702, 1.238912605030366, 1.1867974425551173], "Sigma": [[0.0053415299847289315, -0.0029836105233488354, -0.010820241460753346], [-0.0029836105233488354, 0.005124025421116944, 0.008985036678671047], [-0.010820241460753346, 0.008985036678671047, 0.0704530428272395]], "chi2_level": 0.997, "chi2_df": 3, "chi2_threshold": 13.931422665512084, "N_raw": 111, "N_roi": 111, "N_inlier": 111, "refit": true}
{"timestamp": "18:29:49.812286", "frame": 56, "mu": [-0.2095159042288941, 1.3064408822172093, 1.3656602151153145], "Sigma": [[0.00427207092139631, -0.00131582197429789, -0.005721363980125104], [-0.00131582197429789, 0.006443094110080756, -0.0027051895662585776], [-0.005721363980125104, -0.0027051895662585776, 0.012358986705031615]], "chi2_level": 0.997, "chi2_df": 3, "chi2_threshold": 13.931422665512084, "N_raw": 83, "N_roi": 83, "N_inlier": 82, "refit": true}
{"timestamp": "18:29:49.867913", "frame": 57, "mu": [-0.27197492205564916, 1.3070750260654234, 1.3798989517618225], "Sigma": [[0.004017742811261094, -0.0012130796368339844, -0.0036949991125097], [-0.0012130796368339844, 0.004617846033564792, -0.004352856431902697], [-0.0036949991125097, -0.004352856431902697, 0.012739840133831866]], "chi2_level": 0.997, "chi2_df": 3, "chi2_threshold": 13.931422665512084, "N_raw": 82, "N_roi": 82, "N_inlier": 81, "refit": true}
{"timestamp": "18:29:49.929498", "frame": 58, "mu": [-0.3056169320095973, 1.3018372522760844, 1.2942303976430583], "Sigma": [[0.007113437957399444, -0.002745419633146344, -0.012936175184622527], [-0.002745419633146344, 0.004983182729539929, 0.004232140613952265], [-0.012936175184622527, 0.004232140613952263, 0.05986193723437433]], "chi2_level": 0.997, "chi2_df": 3, "chi2_threshold": 13.931422665512084, "N_raw": 129, "N_roi": 129, "N_inlier": 126, "refit": true}
{"timestamp": "18:29:49.980987", "frame": 59, "mu": [-0.31908464617907245, 1.331654226873406, 1.3238744479287325], "Sigma": [[0.00600757797628451, -0.002965484963353196, -0.01183785359241556], [-0.002965484963353196, 0.006640938279206938, 0.005612326462607503], [-0.01183785359241556, 0.005612326462607503, 0.050721254851198584]], "chi2_level": 0.997, "chi2_df": 3, "chi2_threshold": 13.931422665512084, "N_raw": 103, "N_roi": 103, "N_inlier": 99, "refit": true}
{"timestamp": "18:29:50.038290", "frame": 60, "mu": [-0.36833878439397305, 1.2961464685473423, 1.044661066098703], "Sigma": [[0.006574473585537124, -0.003618784788962313, 0.007213292814480155], [-0.003618784788962313, 0.0076695266300638, -0.007973948056069314], [0.0072132928144801566, -0.007973948056069316, 0.26047932836446924]], "chi2_level": 0.997, "chi2_df": 3, "chi2_threshold": 13.931422665512084, "N_raw": 118, "N_roi": 118, "N_inlier": 118, "refit": true}
{"timestamp": "18:29:50.089170", "frame": 61, "mu": [-0.3764664313375187, 1.2002342519608973, 1.102868088244174], "Sigma": [[0.004609079617487278, -0.0004169534674203802, -0.005449300200829542], [-0.0004169534674203801, 0.007922057950656232, 0.004908057111063421], [-0.005449300200829541, 0.004908057111063421, 0.03579565973893065]], "chi2_level": 0.997, "chi2_df": 3, "chi2_threshold": 13.931422665512084, "N_raw": 95, "N_roi": 95, "N_inlier": 92, "refit": true}
{"timestamp": "18:29:50.147240", "frame": 62, "mu": [-0.42947811326290747, 1.44663429050305, -0.43481078957682473], "Sigma": [[0.005298123465726134, -0.0001224035569312001, -0.007424604232383971], [-0.0001224035569312, 0.008255841417670875, -0.007885846771712784], [-0.007424604232383972, -0.007885846771712784, 0.03841845208100149]], "chi2_level": 0.997, "chi2_df": 3, "chi2_threshold": 13.931422665512084, "N_raw": 108, "N_roi": 108, "N_inlier": 104, "refit": true}
{"timestamp": "18:29:50.200491", "frame": 63, "mu": [-0.44466796700102085, 1.28745568124037, 1.1766885821749036], "Sigma": [[0.005929054679117304, -0.0014665838941666958, -0.007449318507516166], [-0.001466583894166696, 0.004864253569052147, -0.00016329112394368873], [-0.007449318507516166, -0.00016329112394368852, 0.025661913468123878]], "chi2_level": 0.997, "chi2_df": 3, "chi2_threshold": 13.931422665512084, "N_raw": 98, "N_roi": 98, "N_inlier": 93, "refit": true}
{"timestamp": "18:29:50.258767", "frame": 64, "mu": [-0.48281600268971175, 1.3174686439522103, -0.7768057641052116], "Sigma": [[0.009032972350927147, 0.0011335420587301915, -0.007486576706616157], [0.001133542058730191, 0.009205059560660346, 0.0030764505582736032], [-0.007486576706616156, 0.003076450558273604, 0.02897993140205521]], "chi2_level": 0.997, "chi2_df": 3, "chi2_threshold": 13.931422665512084, "N_raw": 113, "N_roi": 113, "N_inlier": 109, "refit": true}
{"timestamp": "18:29:50.313300", "frame": 65, "mu": [-0.5013760201172698, 1.2701909574917964, 1.1957035611625442], "Sigma": [[0.0060588849373332445, -0.002085573089022996, -0.007305022089430182], [-0.002085573089022996, 0.00907361525295664, -0.003873466513043158], [-0.007305022089430182, -0.003873466513043158, 0.023168577673519906]], "chi2_level": 0.997, "chi2_df": 3, "chi2_threshold": 13.931422665512084, "N_raw": 111, "N_roi": 111, "N_inlier": 106, "refit": true}
{"timestamp": "18:29:50.366401", "frame": 66, "mu": [-0.5414895640227305, 1.2749925054010622, 1.1883370368438528], "Sigma": [[0.005408253890233593, -0.0007156176071802427, -0.002068882267290559], [-0.0007156176071802429, 0.008944453160686205, -0.0050542862642617625], [-0.002068882267290559, -0.0050542862642617625, 0.007754092933183495]], "chi2_level": 0.997, "chi2_df": 3, "chi2_threshold": 13.931422665512084, "N_raw": 99, "N_roi": 99, "N_inlier": 95, "refit": true}
{"timestamp": "18:29:50.417370", "frame": 67, "mu": [-0.5693919542533917, 1.3021754548819404, 1.2701191740845827], "Sigma": [[0.005106513224114688, -0.00177925065636402, -0.00616065438817667], [-0.00177925065636402, 0.008764254560473769, -0.00032134860148804855], [-0.00616065438817667, -0.0003213486014880484, 0.01906292967901162]], "chi2_level": 0.997, "chi2_df": 3, "chi2_threshold": 13.931422665512084, "N_raw": 83, "N_roi": 83, "N_inlier": 81, "refit": true}
{"timestamp": "18:29:50.465835", "frame": 68, "mu": [-0.5979795635762406, 1.3952572380776185, 1.1003794995315654], "Sigma": [[0.009722772850898856, 0.0012692939563064038, 0.024970324307430937], [0.0012692939563064042, 0.0016416369485885366, 0.011170173285632936], [0.024970324307430933, 0.011170173285632936, 0.1301181604520998]], "chi2_level": 0.997, "chi2_df": 3, "chi2_threshold": 13.931422665512084, "N_raw": 35, "N_roi": 35, "N_inlier": 33, "refit": true}
{"timestamp": "18:29:50.525574", "frame": 69, "mu": [-0.6857586914298107, 1.4113150873232645, -0.3908213754994991], "Sigma": [[0.006544334978803777, 0.0010444914839388981, 0.005831939932591397], [0.0010444914839388981, 0.00786219415817584, 0.00573067822160116], [0.005831939932591397, 0.00573067822160116, 0.019221140998971237]], "chi2_level": 0.997, "chi2_df": 3, "chi2_threshold": 13.931422665512084, "N_raw": 60, "N_roi": 60, "N_inlier": 58, "refit": true}
{"timestamp": "18:29:50.578943", "frame": 70, "mu": [-0.6980894854769527, 1.3026173250989856, 1.340133068614582], "Sigma": [[0.0048773709024271346, -0.002120622591868122, -0.005436798017104243], [-0.002120622591868122, 0.008632166386341745, 0.0034995483527550404], [-0.005436798017104243, 0.0034995483527550404, 0.009538606121940912]], "chi2_level": 0.997, "chi2_df": 3, "chi2_threshold": 13.931422665512084, "N_raw": 57, "N_roi": 57, "N_inlier": 55, "refit": true}
{"timestamp": "18:29:50.641133", "frame": 71, "mu": [-0.7231287596254226, 1.3050784090955594, 1.186688229327703], "Sigma": [[0.006089091853248287, -0.0006245162735558729, -0.002981204643423505], [-0.0006245162735558727, 0.008627212995141917, 0.0033750523579948594], [-0.002981204643423504, 0.0033750523579948594, 0.03455529958189947]], "chi2_level": 0.997, "chi2_df": 3, "chi2_threshold": 13.931422665512084, "N_raw": 98, "N_roi": 98, "N_inlier": 96, "refit": true}
{"timestamp": "18:29:50.694132", "frame": 72, "mu": [-0.78429159198355, 1.2585610900603805, 1.1195308897509229], "Sigma": [[0.0054779336557962905, -0.00018963690130004724, -0.005703300767362824], [-0.0001896369013000472, 0.0018844605016074053, -0.0025672123256194924], [-0.005703300767362824, -0.0025672123256194924, 0.037022774576323275]], "chi2_level": 0.997, "chi2_df": 3, "chi2_threshold": 13.931422665512084, "N_raw": 92, "N_roi": 92, "N_inlier": 88, "refit": true}
{"timestamp": "18:29:50.752970", "frame": 73, "mu": [-0.7773924532408248, 1.2881615427496544, 1.0342241600277806], "Sigma": [[0.017920891657756052, 0.003879335011988761, -0.04235532387769821], [0.003879335011988761, 0.00505704632959305, -0.011097043066778936], [-0.04235532387769822, -0.011097043066778936, 0.16188737657639182]], "chi2_level": 0.997, "chi2_df": 3, "chi2_threshold": 13.931422665512084, "N_raw": 120, "N_roi": 120, "N_inlier": 110, "refit": true}
{"timestamp": "18:29:50.801900", "frame": 74, "mu": [-0.8694061446877986, 1.396942605052088, -0.15107303243111908], "Sigma": [[0.005904903494022955, 0.0017870260778431201, 0.0129835867826761], [0.0017870260778431197, 0.01206057178055351, -0.010311830453804929], [0.0129835867826761, -0.010311830453804929, 0.1614216314343314]], "chi2_level": 0.997, "chi2_df": 3, "chi2_threshold": 13.931422665512084, "N_raw": 80, "N_roi": 80, "N_inlier": 75, "refit": true}
{"timestamp": "18:29:50.860270", "frame": 75, "mu": [-0.9292971381494171, 1.2750936678088431, 1.092304917872394], "Sigma": [[0.042247298435994236, 0.028296142108415245, -0.06296686171636856], [0.028296142108415245, 0.02631082027199208, -0.03747248705170619], [-0.06296686171636856, -0.03747248705170619, 0.2056924229800483]], "chi2_level": 0.997, "chi2_df": 3, "chi2_threshold": 13.931422665512084, "N_raw": 98, "N_roi": 98, "N_inlier": 98, "refit": true}
{"timestamp": "18:29:50.913261", "frame": 76, "mu": [-0.8958991708609984, 1.5440689478995036, -0.6778554697507707], "Sigma": [[0.024221083952412077, 0.025198107824546817, -0.06414949109182125], [0.025198107824546817, 0.03772344752588255, -0.08568702326934574], [-0.06414949109182125, -0.08568702326934576, 0.2415404322043845]], "chi2_level": 0.997, "chi2_df": 3, "chi2_threshold": 13.931422665512084, "N_raw": 88, "N_roi": 88, "N_inlier": 82, "refit": true}
{"timestamp": "18:29:50.975686", "frame": 77, "mu": [-1.016691738860712, 1.2753480679741898, 0.019999396177131423], "Sigma": [[0.05496777095905282, 0.026595040801494652, 0.06650434836052774], [0.026595040801494652, 0.018424772955946914, 0.03538358885754353], [0.06650434836052774, 0.03538358885754353, 0.4886064644885022]], "chi2_level": 0.997, "chi2_df": 3, "chi2_threshold": 13.931422665512084, "N_raw": 134, "N_roi": 134, "N_inlier": 133, "refit": true}
{"timestamp": "18:29:51.025951", "frame": 78, "mu": [-1.1106110545619203, 1.2401678674930117, 1.2261689068423027], "Sigma": [[0.05947443942257745, 0.034340811865098006, -0.08359856213213815], [0.03434081186509801, 0.027835791810803638, -0.06956892598379552], [-0.08359856213213815, -0.06956892598379552, 0.21854619428954833]], "chi2_level": 0.997, "chi2_df": 3, "chi2_threshold": 13.931422665512084, "N_raw": 104, "N_roi": 104, "N_inlier": 103, "refit": true}
{"timestamp": "18:29:51.086266", "frame": 79, "mu": [-1.0964326275051517, 1.2877032966002657, 1.1662999671446175], "Sigma": [[0.044223767386833764, 0.02512918894163283, -0.059533803090980913], [0.02512918894163283, 0.0262411360513279, -0.06064444012314198], [-0.059533803090980913, -0.060644440123141984, 0.20788275810136378]], "chi2_level": 0.997, "chi2_df": 3, "chi2_threshold": 13.931422665512084, "N_raw": 132, "N_roi": 132, "N_inlier": 132, "refit": true}
{"timestamp": "18:29:51.146499", "frame": 80, "mu": [-1.2137239239086943, 1.2150189409249124, 1.4422797887809193], "Sigma": [[0.05729597172339051, 0.02706027108173572, -0.04433079655513285], [0.02706027108173572, 0.01866578162565496, -0.022647184936738618], [-0.04433079655513285, -0.022647184936738618, 0.040356456580507336]], "chi2_level": 0.997, "chi2_df": 3, "chi2_threshold": 13.931422665512084, "N_raw": 142, "N_roi": 142, "N_inlier": 138, "refit": true}
{"timestamp": "18:29:51.198018", "frame": 81, "mu": [-1.1852998208452679, 1.2389939550224138, 1.3849800789795241], "Sigma": [[0.05297986518267751, 0.032769208002829536, -0.028274161516382755], [0.032769208002829536, 0.030624568026006625, -0.02068082504127084], [-0.028274161516382755, -0.02068082504127084, 0.01805369503808263]], "chi2_level": 0.997, "chi2_df": 3, "chi2_threshold": 13.931422665512084, "N_raw": 146, "N_roi": 146, "N_inlier": 146, "refit": true}
{"timestamp": "18:29:51.245743", "frame": 82, "mu": [-1.115669929278456, 1.3327447613689587, 1.398358060114893], "Sigma": [[0.07191534387782648, 0.0330217796302759, -0.06915518953021474], [0.0330217796302759, 0.02162351280348461, -0.03201214433478794], [-0.06915518953021474, -0.03201214433478795, 0.07590060989617604]], "chi2_level": 0.997, "chi2_df": 3, "chi2_threshold": 13.931422665512084, "N_raw": 96, "N_roi": 96, "N_inlier": 94, "refit": true}
{"timestamp": "18:29:51.289250", "frame": 83, "mu": [-0.9714642413904148, 1.4179686859399478, 1.2670998603883978], "Sigma": [[0.004607016463949162, -0.00031286114578267857, -0.006575728249369205], [-0.00031286114578267857, 0.0014563909214960714, 0.0005735056099660077], [-0.006575728249369205, 0.0005735056099660076, 0.025100986626970544]], "chi2_level": 0.997, "chi2_df": 3, "chi2_threshold": 13.931422665512084, "N_raw": 25, "N_roi": 25, "N_inlier": 24, "refit": true}
{"timestamp": "18:29:51.345126", "frame": 84, "mu": [-0.9641635153884655, 1.5806932187867053, -0.3083405111853153], "Sigma": [[0.005270969210584213, 0.0014341579735648933, -0.003893657359419941], [0.0014341579735648933, 0.0027435371618978075, -0.004124959425401141], [-0.003893657359419941, -0.0041249594254011415, 0.012512942783499395]], "chi2_level": 0.997, "chi2_df": 3, "chi2_threshold": 13.931422665512084, "N_raw": 33, "N_roi": 33, "N_inlier": 30, "refit": true}
{"timestamp": "18:29:51.403685", "frame": 85, "mu": [-0.9987713202569038, 1.6496225809817682, -0.5127425312777029], "Sigma": [[0.004571856797626444, 0.002556912586019638, 0.004621238770820003], [0.002556912586019638, 0.014214568512961883, 0.003908416647273821], [0.004621238770820002, 0.00390841664727382, 0.023335853877767432]], "chi2_level": 0.997, "chi2_df": 3, "chi2_threshold": 13.931422665512084, "N_raw": 63, "N_roi": 63, "N_inlier": 59, "refit": true}
{"timestamp": "18:29:51.461145", "frame": 86, "mu": [-1.000083692766665, 1.5295602548895402, 1.1682338117700979], "Sigma": [[0.00699011299845636, -0.0006397985444888798, -0.01165160672331594], [-0.0006397985444888798, 0.003750956798451898, 0.003211872978772751], [-0.01165160672331594, 0.003211872978772751, 0.053834992181773136]], "chi2_level": 0.997, "chi2_df": 3, "chi2_threshold": 13.931422665512084, "N_raw": 74, "N_roi": 74, "N_inlier": 71, "refit": true}
