{"timestamp": "17:43:11.991768", "frame": 12, "mu": [-2.305418686384798, 4.917408547146343, 0.5486950311956338], "Sigma": [[0.014198536732323267, 0.003260869668607813, -0.00686749063808823], [0.0032608696686078124, 0.0015381666758898015, -0.004713195187616092], [-0.00686749063808823, -0.004713195187616092, 0.025391671621530706]], "chi2_level": 0.997, "chi2_df": 3, "chi2_threshold": 13.931422665512084, "N_raw": 36, "N_roi": 28, "N_inlier": 26, "refit": true}
{"timestamp": "17:43:12.045354", "frame": 13, "mu": [-2.3867776302542247, 4.941005407949487, 0.16468154931635434], "Sigma": [[0.004189024812457246, 0.0017594450537029818, -7.183079577094386e-06], [0.0017594450537029816, 0.0013966054132294003, 1.487010544521272e-05], [-7.183079577094386e-06, 1.487010544521272e-05, 1.4999203345559472e-06]], "chi2_level": 0.997, "chi2_df": 3, "chi2_threshold": 13.931422665512084, "N_raw": 12, "N_roi": 6, "N_inlier": 6, "refit": true}
{"timestamp": "17:43:12.101913", "frame": 14, "mu": [-2.2924861044934457, 4.826475344827021, 0.6035302954493171], "Sigma": [[0.01503576813792818, 0.0037944112856981163, -0.004557031053078708], [0.003794411285698116, 0.0024853536323694433, -0.003201695990540346], [-0.004557031053078708, -0.0032016959905403464, 0.007570383465263219]], "chi2_level": 0.997, "chi2_df": 3, "chi2_threshold": 13.931422665512084, "N_raw": 23, "N_roi": 20, "N_inlier": 20, "refit": true}
{"timestamp": "17:43:12.157193", "frame": 15, "mu": [-2.2702172720306857, 4.736096459779172, 0.7330175080184368], "Sigma": [[0.014400991825611583, 0.003076795210809796, -0.008317401985230961], [0.003076795210809796, 0.0020363852931824617, -0.0027895264167628166], [-0.008317401985230961, -0.0027895264167628166, 0.00837252959300684]], "chi2_level": 0.997, "chi2_df": 3, "chi2_threshold": 13.931422665512084, "N_raw": 23, "N_roi": 19, "N_inlier": 19, "refit": true}
{"timestamp": "17:43:12.212389", "frame": 16, "mu": [-2.32088546224858, 4.804884695855409, 0.17757085806006792], "Sigma": [[0.00850580325529514, 0.0036777700407060613, -0.0037328995052014844], [0.0036777700407060613, 0.004351096087109009, -0.0043229311433236745], [-0.0037328995052014844, -0.0043229311433236745, 0.005371910402786994]], "chi2_level": 0.997, "chi2_df": 3, "chi2_threshold": 13.931422665512084, "N_raw": 22, "N_roi": 15, "N_inlier": 15, "refit": true}
{"timestamp": "17:43:12.265259", "frame": 17, "mu": [-2.377136154055102, 4.5904451957229675, 0.6885581357847268], "Sigma": [[0.003784928838966738, 0.0008225038607755755, 0.0002387404399339353], [0.0008225038607755754, 0.001815956476759653, -0.003975738536830655], [0.00023874043993393572, -0.003975738536830655, 0.018385373601950077]], "chi2_level": 0.997, "chi2_df": 3, "chi2_threshold": 13.931422665512084, "N_raw": 13, "N_roi": 10, "N_inlier": 10, "refit": true}
{"timestamp": "17:43:12.322536", "frame": 18, "mu": [-2.2190235712575848, 4.5275792240996635, 0.3358441994104058], "Sigma": [[0.013657870454831996, 0.0035470197645159126, -0.005659592087672444], [0.0035470197645159126, 0.0016472229386312457, -0.0031517602030018688], [-0.005659592087672443, -0.0031517602030018688, 0.03263953122200778]], "chi2_level": 0.997, "chi2_df": 3, "chi2_threshold": 13.931422665512084, "N_raw": 28, "N_roi": 27, "N_inlier": 27, "refit": true}
{"timestamp": "17:43:12.376592", "frame": 19, "mu": [-2.2798635855675435, 4.443588859658422, 0.21601204578097097], "Sigma": [[0.013688796629285172, 0.002644675591976258, -0.001978924544053703], [0.002644675591976258, 0.0009875566880813197, -0.002002241380708658], [-0.001978924544053703, -0.002002241380708658, 0.026852313739239173]], "chi2_level": 0.997, "chi2_df": 3, "chi2_threshold": 13.931422665512084, "N_raw": 25, "N_roi": 21, "N_inlier": 21, "refit": true}
{"timestamp": "17:43:12.431370", "frame": 20, "mu": [-2.2781114170073784, 4.416395752583411, 0.6481379938249977], "Sigma": [[0.01702345592809177, 0.005981629210105938, -0.009981528413380562], [0.005981629210105938, 0.00306717202296819, -0.004975480796465449], [-0.009981528413380562, -0.004975480796465449, 0.01208841094511144]], "chi2_level": 0.997, "chi2_df": 3, "chi2_threshold": 13.931422665512084, "N_raw": 26, "N_roi": 22, "N_inlier": 20, "refit": true}
{"timestamp": "17:43:12.489862", "frame": 21, "mu": [-2.257934005186021, 4.5404175691411215, -0.15041046001336802], "Sigma": [[0.02212176511324692, 0.007772407677134793, -0.010081056887412843], [0.007772407677134793, 0.008669776430437195, -0.008097003399923147], [-0.010081056887412843, -0.008097003399923147, 0.009829549138993757]], "chi2_level": 0.997, "chi2_df": 3, "chi2_threshold": 13.931422665512084, "N_raw": 47, "N_roi": 39, "N_inlier": 39, "refit": true}
{"timestamp": "17:43:12.540592", "frame": 22, "mu": [-2.295986838810623, 4.285865318077524, 0.7472529773759088], "Sigma": [[0.01591640361019107, 0.005758308146696458, -0.002367124176890285], [0.005758308146696459, 0.003187755212261267, -0.0022381903043335472], [-0.0023671241768902854, -0.0022381903043335472, 0.004708828082666781]], "chi2_level": 0.997, "chi2_df": 3, "chi2_threshold": 13.931422665512084, "N_raw": 21, "N_roi": 18, "N_inlier": 18, "refit": true}
{"timestamp": "17:43:12.595636", "frame": 23, "mu": [-2.1411061163785012, 4.183980845343495, 0.49312209707359933], "Sigma": [[0.02178200180784784, 0.0008777175065141411, -0.007697533608872039], [0.0008777175065141414, 0.0019582536803688638, -0.0019027167313094276], [-0.007697533608872039, -0.0019027167313094276, 0.00666039479521214]], "chi2_level": 0.997, "chi2_df": 3, "chi2_threshold": 13.931422665512084, "N_raw": 16, "N_roi": 16, "N_inlier": 16, "refit": true}
{"timestamp": "17:43:12.653338", "frame": 24, "mu": [-2.273040777492427, 4.118934540422503, 0.7055232324058348], "Sigma": [[0.021617008487071623, 0.004101373330312636, -0.01733169736404491], [0.004101373330312636, 0.0022359648282766647, -0.006583336454820622], [-0.01733169736404491, -0.006583336454820622, 0.028517728330662205]], "chi2_level": 0.997, "chi2_df": 3, "chi2_threshold": 13.931422665512084, "N_raw": 37, "N_roi": 33, "N_inlier": 32, "refit": true}
{"timestamp": "17:43:12.703709", "frame": 25, "mu": [-2.2857508613728603, 4.091791404137898, 0.7048246467535084], "Sigma": [[0.007160898979416137, -0.0023909155133083116, 0.006930597152420639], [-0.0023909155133083116, 0.0009917571896268964, -0.002608273927224412], [0.006930597152420639, -0.002608273927224412, 0.008817803175416182]], "chi2_level": 0.997, "chi2_df": 3, "chi2_threshold": 13.931422665512084, "N_raw": 5, "N_roi": 5, "N_inlier": 5, "refit": true}
{"timestamp": "17:43:12.762668", "frame": 26, "mu": [-2.295952503101771, 3.9758620869068944, 0.6012691853603748], "Sigma": [[0.01351179881994315, 0.0005531894651141659, -0.01481225233846471], [0.0005531894651141659, 0.002133036237639674, -0.0031966768459957932], [-0.01481225233846471, -0.0031966768459957937, 0.022459816970795743]], "chi2_level": 0.997, "chi2_df": 3, "chi2_threshold": 13.931422665512084, "N_raw": 30, "N_roi": 27, "N_inlier": 27, "refit": true}
{"timestamp": "17:43:12.821033", "frame": 27, "mu": [-2.1590464002956344, 3.8899697497266543, 0.4746559082898058], "Sigma": [[0.03213004997852846, 0.007454727546050518, -0.026871994741248878], [0.007454727546050518, 0.0033184274382674047, -0.010233708896205874], [-0.026871994741248878, -0.010233708896205874, 0.04268958461792799]], "chi2_level": 0.997, "chi2_df": 3, "chi2_threshold": 13.931422665512084, "N_raw": 54, "N_roi": 54, "N_inlier": 54, "refit": true}
{"timestamp": "17:43:12.871668", "frame": 28, "mu": [-2.151649465878943, 3.8047287468191224, 0.3865093991103747], "Sigma": [[0.012507382249539926, 0.001264869816931138, -0.015287412399916909], [0.001264869816931138, 0.0009774611477600336, -0.0031168025551574874], [-0.01528741239991691, -0.003116802555157488, 0.029147160338120353]], "chi2_level": 0.997, "chi2_df": 3, "chi2_threshold": 13.931422665512084, "N_raw": 27, "N_roi": 27, "N_inlier": 25, "refit": true}
{"timestamp": "17:43:12.925896", "frame": 29, "mu": [-2.1351033391015934, 3.713162263384637, 0.4251114624711666], "Sigma": [[0.016314806468050867, -0.0010337335590839057, -0.009915126530747652], [-0.0010337335590839055, 0.0011914961527995781, -0.001174292529678292], [-0.009915126530747652, -0.0011742925296782919, 0.018243822814435363]], "chi2_level": 0.997, "chi2_df": 3, "chi2_threshold": 13.931422665512084, "N_raw": 15, "N_roi": 15, "N_inlier": 15, "refit": true}
{"timestamp": "17:43:12.978411", "frame": 30, "mu": [-2.257312461972772, 3.6490868069060474, 0.6549370515824983], "Sigma": [[0.01668828813392933, 0.0010632682464420385, 0.008564022207405883], [0.0010632682464420385, 0.00010083094706148086, 0.00035848757333215855], [0.008564022207405883, 0.0003584875733321586, 0.017011865380429307]], "chi2_level": 0.997, "chi2_df": 3, "chi2_threshold": 13.931422665512084, "N_raw": 6, "N_roi": 5, "N_inlier": 5, "refit": true}
{"timestamp": "17:43:13.035761", "frame": 31, "mu": [-2.2107209928139175, 3.557162637345736, 0.7884669980830696], "Sigma": [[0.01209258162103938, 0.0008723074308127291, -0.00048056283651191955], [0.0008723074308127291, 0.0015430146522489036, -0.002751717732360704], [-0.00048056283651191955, -0.002751717732360704, 0.010267881284623366]], "chi2_level": 0.997, "chi2_df": 3, "chi2_threshold": 13.931422665512084, "N_raw": 17, "N_roi": 16, "N_inlier": 16, "refit": true}
{"timestamp": "17:43:13.090265", "frame": 32, "mu": [-2.2257779128661452, 3.6741744599339685, -0.2514813662795008], "Sigma": [[0.009107669441199876, 0.0026545819156052553, -0.004419955893365194], [0.0026545819156052553, 0.0042084627443230846, -0.003860723384707309], [-0.004419955893365194, -0.003860723384707309, 0.006018488241137821]], "chi2_level": 0.997, "chi2_df": 3, "chi2_threshold": 13.931422665512084, "N_raw": 20, "N_roi": 20, "N_inlier": 19, "refit": true}
{"timestamp": "17:43:13.148672", "frame": 33, "mu": [-2.2407775835622687, 3.404689901107079, 0.46755566223657136], "Sigma": [[0.016562067916666742, 0.003987365228704819, -0.004677969537596444], [0.003987365228704819, 0.001962700507950353, -0.003265595391842728], [-0.004677969537596444, -0.0032655953918427284, 0.015177329320658716]], "chi2_level": 0.997, "chi2_df": 3, "chi2_threshold": 13.931422665512084, "N_raw": 36, "N_roi": 32, "N_inlier": 31, "refit": true}
{"timestamp": "17:43:13.205957", "frame": 34, "mu": [-2.2433903244564353, 3.330776486625029, 0.6701992084871102], "Sigma": [[0.020349368107816398, 0.007730240545196403, -0.006254988870753665], [0.007730240545196403, 0.0038847351341112367, -0.0047464513471235925], [-0.006254988870753665, -0.0047464513471235925, 0.01434609997985785]], "chi2_level": 0.997, "chi2_df": 3, "chi2_threshold": 13.931422665512084, "N_raw": 37, "N_roi": 36, "N_inlier": 35, "refit": true}
{"timestamp": "17:43:13.258505", "frame": 35, "mu": [-2.23739866245177, 3.4405972012449793, -0.25085290571858593], "Sigma": [[0.01968750666821211, 0.006750058013099592, -0.0011131700824629045], [0.006750058013099592, 0.006458157106562979, -0.004238199210113265], [-0.0011131700824629047, -0.004238199210113265, 0.005194762241527563]], "chi2_level": 0.997, "chi2_df": 3, "chi2_threshold": 13.931422665512084, "N_raw": 38, "N_roi": 38, "N_inlier": 36, "refit": true}
{"timestamp": "17:43:13.315603", "frame": 36, "mu": [-2.3050016473395996, 3.0953365651397875, 0.3500366185688783], "Sigma": [[0.012650523666786291, 0.0029389341338060164, -0.010904279654011678], [0.002938934133806016, 0.0024232730298151786, -0.0052311322884255875], [-0.010904279654011678, -0.0052311322884255875, 0.02428388352357049]], "chi2_level": 0.997, "chi2_df": 3, "chi2_threshold": 13.931422665512084, "N_raw": 47, "N_roi": 37, "N_inlier": 35, "refit": true}
{"timestamp": "17:43:13.368965", "frame": 37, "mu": [-2.292830701161248, 3.3278911563024938, -0.6949667517814764], "Sigma": [[0.017325650545963984, 0.009344633846815883, -0.0016865676595997489], [0.009344633846815883, 0.008351634813035169, -0.004229282547829139], [-0.0016865676595997489, -0.004229282547829139, 0.0070016010944369085]], "chi2_level": 0.997, "chi2_df": 3, "chi2_threshold": 13.931422665512084, "N_raw": 39, "N_roi": 35, "N_inlier": 34, "refit": true}
{"timestamp": "17:43:13.426693", "frame": 38, "mu": [-2.201711993730547, 3.002087124217737, 0.6568206890439185], "Sigma": [[0.02471436288774679, 0.00729667972899882, 0.012610735511086442], [0.00729667972899882, 0.0034360212011459116, 0.0038511310995550203], [0.012610735511086442, 0.00385113109955502, 0.03891822232311515]], "chi2_level": 0.997, "chi2_df": 3, "chi2_threshold": 13.931422665512084, "N_raw": 55, "N_roi": 49, "N_inlier": 48, "refit": true}
{"timestamp": "17:43:13.477483", "frame": 39, "mu": [-2.276913081925403, 2.858436366862105, 0.7720820399173804], "Sigma": [[0.007517346006147263, 0.001711332700376422, -0.001339213148049189], [0.001711332700376422, 0.0016360963745246644, -0.0025535015748619347], [-0.001339213148049189, -0.002553501574861935, 0.005931172784628101]], "chi2_level": 0.997, "chi2_df": 3, "chi2_threshold": 13.931422665512084, "N_raw": 18, "N_roi": 13, "N_inlier": 12, "refit": true}
{"timestamp": "17:43:13.535124", "frame": 40, "mu": [-2.217901079828323, 2.7982817526187564, -1.1523707908277032], "Sigma": [[0.020416415703147048, 0.012239939115969798, 0.008586048066616867], [0.012239939115969798, 0.021222341039763403, 0.0192638211982494], [0.008586048066616867, 0.0192638211982494, 0.046873739925484756]], "chi2_level": 0.997, "chi2_df": 3, "chi2_threshold": 13.931422665512084, "N_raw": 51, "N_roi": 51, "N_inlier": 51, "refit": true}
{"timestamp": "17:43:13.590882", "frame": 41, "mu": [-2.1803207339210635, 2.732490642378682, 0.8330771205828305], "Sigma": [[0.01712704860511189, 0.007229525194832534, -0.006600284856660348], [0.007229525194832536, 0.006872471890314097, -0.006952464054874377], [-0.006600284856660348, -0.006952464054874376, 0.008782029238045245]], "chi2_level": 0.997, "chi2_df": 3, "chi2_threshold": 13.931422665512084, "N_raw": 50, "N_roi": 48, "N_inlier": 46, "refit": true}
{"timestamp": "17:43:13.642187", "frame": 42, "mu": [-2.1979606780655607, 2.6047023964033924, 0.7452940316851645], "Sigma": [[0.006755991003218079, 0.00318539821048449, -0.008802503220413614], [0.00318539821048449, 0.005257167541093041, 0.00022332822054111322], [-0.008802503220413616, 0.00022332822054111322, 0.1478934474176995]], "chi2_level": 0.997, "chi2_df": 3, "chi2_threshold": 13.931422665512084, "N_raw": 23, "N_roi": 21, "N_inlier": 21, "refit": true}
{"timestamp": "17:43:13.704215", "frame": 43, "mu": [-2.1855823474679306, 2.6047956367080674, 0.9213580956235236], "Sigma": [[0.015365670986998101, 0.004255507405496197, -0.014919562390926039], [0.004255507405496197, 0.005682231868730246, -0.008044746268970272], [-0.014919562390926039, -0.008044746268970272, 0.02147560902194701]], "chi2_level": 0.997, "chi2_df": 3, "chi2_threshold": 13.931422665512084, "N_raw": 71, "N_roi": 48, "N_inlier": 47, "refit": true}
{"timestamp": "17:43:13.754227", "frame": 44, "mu": [-1.8911934215104529, 2.145974321168197, 0.8823404564104084], "Sigma": [[0.672409544031335, -0.5976057553855896, 0.07382286282213371], [-0.5976057553855896, 0.5545309935518891, -0.07788231922166929], [0.07382286282213371, -0.07788231922166929, 0.016615177733133625]], "chi2_level": 0.997, "chi2_df": 3, "chi2_threshold": 13.931422665512084, "N_raw": 35, "N_roi": 35, "N_inlier": 34, "refit": true}
{"timestamp": "17:43:13.810851", "frame": 45, "mu": [-1.898525178550399, 2.202071209013147, 0.7381779287867992], "Sigma": [[0.5955975369977907, -0.5125872724762476, 0.09980881703157296], [-0.5125872724762476, 0.46167424808414814, -0.0945593859634826], [0.09980881703157293, -0.0945593859634826, 0.03951828966812472]], "chi2_level": 0.997, "chi2_df": 3, "chi2_threshold": 13.931422665512084, "N_raw": 50, "N_roi": 49, "N_inlier": 49, "refit": true}
{"timestamp": "17:43:13.866881", "frame": 46, "mu": [-1.925041460940008, 2.0971944352799348, 0.9281066845333364], "Sigma": [[0.5863930987255228, -0.4626730801148364, 0.036466221611027194], [-0.46267308011483643, 0.3871255637826248, -0.04389464083687955], [0.036466221611027194, -0.04389464083687955, 0.014750206736070267]], "chi2_level": 0.997, "chi2_df": 3, "chi2_threshold": 13.931422665512084, "N_raw": 54, "N_roi": 42, "N_inlier": 41, "refit": true}
{"timestamp": "17:43:13.921788", "frame": 47, "mu": [-1.8569062268234575, 1.9010321562910517, 0.7759580104358534], "Sigma": [[0.7279872946989804, -0.5403599682735138, 0.09508117911802598], [-0.5403599682735138, 0.41770756688690086, -0.08051200123018024], [0.09508117911802598, -0.08051200123018024, 0.0200670698586999]], "chi2_level": 0.997, "chi2_df": 3, "chi2_threshold": 13.931422665512084, "N_raw": 56, "N_roi": 36, "N_inlier": 36, "refit": true}
{"timestamp": "17:43:13.975109", "frame": 48, "mu": [-1.747824343339252, 2.0510035837607616, -0.6598535454993409], "Sigma": [[0.8804949409721076, -0.647733892910281, -0.0850964115742206], [-0.647733892910281, 0.5170743200701873, 0.045099360392053076], [-0.0850964115742206, 0.045099360392053076, 0.02203023213684076]], "chi2_level": 0.997, "chi2_df": 3, "chi2_threshold": 13.931422665512084, "N_raw": 34, "N_roi": 28, "N_inlier": 28, "refit": true}
{"timestamp": "17:43:14.025793", "frame": 49, "mu": [-0.9321699562475582, 1.2566511162837484, 0.9431787361876424], "Sigma": [[1.5803538364799097, -1.1489096414129039, 0.17084793256439385], [-1.1489096414129039, 0.8364839740635152, -0.12529210620239536], [0.17084793256439385, -0.12529210620239536, 0.02074646932045362]], "chi2_level": 0.997, "chi2_df": 3, "chi2_threshold": 13.931422665512084, "N_raw": 17, "N_roi": 10, "N_inlier": 9, "refit": true}
{"timestamp": "17:43:14.087888", "frame": 50, "mu": [-1.1376735242263156, 1.4086243455611998, -0.5394416636896002], "Sigma": [[1.9565519793503137, -1.0929825267597604, -0.2907941600754135], [-1.0929825267597604, 0.6403352931039702, 0.1446421889789192], [-0.29079416007541353, 0.14464218897891923, 0.05714204664779965]], "chi2_level": 0.997, "chi2_df": 3, "chi2_threshold": 13.931422665512084, "N_raw": 66, "N_roi": 60, "N_inlier": 58, "refit": true}
{"timestamp": "17:43:14.145911", "frame": 51, "mu": [-0.7526142649352567, 0.9540263581570401, 1.0909427352970442], "Sigma": [[2.040290456672727, -1.1057723301123188, -0.00044858691936968537], [-1.1057723301123188, 0.6140842316096474, -0.008020049338093116], [-0.0004485869193696819, -0.008020049338093114, 0.006969082965474083]], "chi2_level": 0.997, "chi2_df": 3, "chi2_threshold": 13.931422665512084, "N_raw": 89, "N_roi": 80, "N_inlier": 80, "refit": true}
{"timestamp": "17:43:14.202057", "frame": 52, "mu": [-0.8419083948893389, 0.949935176885839, 1.087007409812838], "Sigma": [[2.0598159358754047, -1.091136345913481, -0.005709032054536654], [-1.091136345913481, 0.5985466588360324, -0.005591909163667324], [-0.005709032054536653, -0.005591909163667324, 0.005362033479653405]], "chi2_level": 0.997, "chi2_df": 3, "chi2_threshold": 13.931422665512084, "N_raw": 85, "N_roi": 83, "N_inlier": 83, "refit": true}
{"timestamp": "17:43:14.257021", "frame": 53, "mu": [-1.0760685218668893, 1.1325253865593383, -0.3699920155433896], "Sigma": [[2.0280941172642324, -1.072612382723857, 0.8960423937302507], [-1.072612382723857, 0.6175242651972512, -0.5352899373333658], [0.8960423937302507, -0.5352899373333659, 0.7592986001852183]], "chi2_level": 0.997, "chi2_df": 3, "chi2_threshold": 13.931422665512084, "N_raw": 96, "N_roi": 93, "N_inlier": 92, "refit": true}
{"timestamp": "17:43:14.306916", "frame": 54, "mu": [-2.0445337898682827, 1.4363576834231009, -0.9554610655075931], "Sigma": [[0.6568183937171609, -0.2732071030760016, 0.020996159449255848], [-0.2732071030760016, 0.1794743063816165, 0.016128192337391645], [0.020996159449255848, 0.016128192337391642, 0.019723478830097944]], "chi2_level": 0.997, "chi2_df": 3, "chi2_threshold": 13.931422665512084, "N_raw": 49, "N_roi": 47, "N_inlier": 46, "refit": true}
{"timestamp": "17:43:14.359794", "frame": 55, "mu": [-2.2884965676155136, 1.4134149311000614, 1.0246913881223016], "Sigma": [[0.012652520260435491, 0.011666923969407317, -0.0063054242023092896], [0.011666923969407317, 0.016736349139900165, -0.010858466575444661], [-0.006305424202309289, -0.010858466575444661, 0.00890809912536376]], "chi2_level": 0.997, "chi2_df": 3, "chi2_threshold": 13.931422665512084, "N_raw": 48, "N_roi": 48, "N_inlier": 48, "refit": true}
{"timestamp": "17:43:14.416059", "frame": 56, "mu": [-2.230959324747236, 1.3096737677672883, 0.9999710096710746], "Sigma": [[0.011050075868132276, 0.009488088465230405, -0.0021900366995441767], [0.009488088465230407, 0.013880450007649666, -0.008236152922657556], [-0.0021900366995441763, -0.008236152922657556, 0.009956742594587247]], "chi2_level": 0.997, "chi2_df": 3, "chi2_threshold": 13.931422665512084, "N_raw": 55, "N_roi": 55, "N_inlier": 55, "refit": true}
{"timestamp": "17:43:14.468793", "frame": 57, "mu": [-2.205665884932446, 1.262784467979725, 0.9969137041624858], "Sigma": [[0.01003055478793915, 0.006985238129765972, -0.002707435835790332], [0.006985238129765972, 0.009481551094153265, -0.0052857946516742605], [-0.002707435835790332, -0.005285794651674261, 0.005434245427456608]], "chi2_level": 0.997, "chi2_df": 3, "chi2_threshold": 13.931422665512084, "N_raw": 40, "N_roi": 40, "N_inlier": 40, "refit": true}
{"timestamp": "17:43:14.526871", "frame": 58, "mu": [-2.227758245605029, 1.1758498650973517, 0.8690174364457424], "Sigma": [[0.013021186591433028, 0.014763433040942006, -0.004996416662938609], [0.014763433040942006, 0.020606189254935167, -0.010294988266450842], [-0.004996416662938609, -0.010294988266450842, 0.014972497683297269]], "chi2_level": 0.997, "chi2_df": 3, "chi2_threshold": 13.931422665512084, "N_raw": 58, "N_roi": 58, "N_inlier": 57, "refit": true}
{"timestamp": "17:43:14.580815", "frame": 59, "mu": [-2.270689679951312, 1.0124295056089185, 0.8770973621163926], "Sigma": [[0.009894013524064662, 0.011613818833363813, -0.002106981871118816], [0.011613818833363813, 0.018331353594532425, -0.009089909794174735], [-0.002106981871118816, -0.009089909794174735, 0.013472555058952751]], "chi2_level": 0.997, "chi2_df": 3, "chi2_threshold": 13.931422665512084, "N_raw": 52, "N_roi": 52, "N_inlier": 52, "refit": true}
{"timestamp": "17:43:14.635680", "frame": 60, "mu": [-2.2131539698605662, 1.0563791690601636, 1.035091859391678], "Sigma": [[0.009355629045161734, 0.007546499084529514, -0.0018571566906126443], [0.007546499084529514, 0.011355211631194564, -0.007437839725550238], [-0.001857156690612644, -0.007437839725550238, 0.01926202771389323]], "chi2_level": 0.997, "chi2_df": 3, "chi2_threshold": 13.931422665512084, "N_raw": 53, "N_roi": 53, "N_inlier": 53, "refit": true}
{"timestamp": "17:43:14.690882", "frame": 61, "mu": [-2.1724564065836938, 0.9675795887380335, 1.007485001285967], "Sigma": [[0.009124760146679341, 0.009965416158187582, 0.0019313298979248147], [0.009965416158187582, 0.012142830359719683, 0.000966702284810198], [0.0019313298979248144, 0.000966702284810198, 0.019754651823680934]], "chi2_level": 0.997, "chi2_df": 3, "chi2_threshold": 13.931422665512084, "N_raw": 45, "N_roi": 45, "N_inlier": 45, "refit": true}
{"timestamp": "17:43:14.746254", "frame": 62, "mu": [-2.161296170900144, 0.9052772857246291, 1.0421887769716964], "Sigma": [[0.010500444463011587, 0.010168902681323973, -0.004591609085613421], [0.010168902681323973, 0.018038253251900754, -0.011374197225637442], [-0.004591609085613421, -0.011374197225637442, 0.011615931483638042]], "chi2_level": 0.997, "chi2_df": 3, "chi2_threshold": 13.931422665512084, "N_raw": 52, "N_roi": 52, "N_inlier": 52, "refit": true}
{"timestamp": "17:43:14.802264", "frame": 63, "mu": [-2.1533100116778603, 0.848470089310724, 1.0116981045405535], "Sigma": [[0.012220534358170422, 0.011448473730621272, -0.0027669455476304785], [0.01144847373062127, 0.018224716825070063, -0.009908172309118255], [-0.002766945547630479, -0.009908172309118255, 0.013484443684956058]], "chi2_level": 0.997, "chi2_df": 3, "chi2_threshold": 13.931422665512084, "N_raw": 59, "N_roi": 59, "N_inlier": 59, "refit": true}
{"timestamp": "17:43:14.855171", "frame": 64, "mu": [-2.082565640567154, 0.8650862845709983, 1.0708920373589121], "Sigma": [[0.009072013705822215, 0.008719578626611883, -0.0033799774940682413], [0.00871957862661188, 0.015391126773276944, -0.01032846960601636], [-0.0033799774940682413, -0.01032846960601636, 0.011893379403094958]], "chi2_level": 0.997, "chi2_df": 3, "chi2_threshold": 13.931422665512084, "N_raw": 49, "N_roi": 49, "N_inlier": 49, "refit": true}
{"timestamp": "17:43:14.904907", "frame": 65, "mu": [-2.0415563790237803, 0.8035895892399306, 0.9451502773889341], "Sigma": [[0.0030870309337275056, 0.0014055567748077731, -0.0025675250658593993], [0.0014055567748077731, 0.0039466141511840915, -0.001691702444082958], [-0.0025675250658593997, -0.001691702444082958, 0.0028903240304436776]], "chi2_level": 0.997, "chi2_df": 3, "chi2_threshold": 13.931422665512084, "N_raw": 13, "N_roi": 13, "N_inlier": 13, "refit": true}
{"timestamp": "17:43:14.964759", "frame": 66, "mu": [-2.0934573581097937, 0.6864182498011857, 0.9780667249355263], "Sigma": [[0.008256247300751855, 0.009015551439284147, -0.002174365995394275], [0.009015551439284147, 0.014957863682426463, -0.007890497509160072], [-0.002174365995394275, -0.00789049750916007, 0.00920685951372706]], "chi2_level": 0.997, "chi2_df": 3, "chi2_threshold": 13.931422665512084, "N_raw": 46, "N_roi": 46, "N_inlier": 43, "refit": true}
{"timestamp": "17:43:15.019604", "frame": 67, "mu": [-1.7237335453267348, 0.6613197050730304, 1.0369884313167412], "Sigma": [[1.1665165427318385, -0.051119620544363364, 0.03271426637772869], [-0.05111962054436336, 0.014569126833929092, -0.008782577224961957], [0.03271426637772869, -0.008782577224961957, 0.006706941451512674]], "chi2_level": 0.997, "chi2_df": 3, "chi2_threshold": 13.931422665512084, "N_raw": 46, "N_roi": 46, "N_inlier": 46, "refit": true}
{"timestamp": "17:43:15.073398", "frame": 68, "mu": [-1.3553581751059485, 0.6081163682047741, 1.026020149281999], "Sigma": [[2.205737055460842, -0.08183717208683275, 0.045509249541901685], [-0.08183717208683275, 0.014513248622653926, -0.006364129575132367], [0.045509249541901685, -0.006364129575132367, 0.003695127188017158]], "chi2_level": 0.997, "chi2_df": 3, "chi2_threshold": 13.931422665512084, "N_raw": 35, "N_roi": 35, "N_inlier": 35, "refit": true}
{"timestamp": "17:43:15.123196", "frame": 69, "mu": [-1.8672211393846179, 0.7233529039711892, 0.9995057208852421], "Sigma": [[0.0009121282546643332, -0.0004640105477986703, -0.0006008532673150648], [-0.0004640105477986704, 0.0011783078678434843, -0.00020150587177824501], [-0.0006008532673150648, -0.00020150587177824501, 0.0017844478458097213]], "chi2_level": 0.997, "chi2_df": 3, "chi2_threshold": 13.931422665512084, "N_raw": 7, "N_roi": 7, "N_inlier": 7, "refit": true}
{"timestamp": "17:43:15.184044", "frame": 70, "mu": [-0.911338560375323, 0.5118131003398355, 1.0280074612314256], "Sigma": [[2.8717834782533496, -0.02247385510422943, 0.052149035058909596], [-0.02247385510422943, 0.006545451126201503, -0.0034671873379492515], [0.052149035058909596, -0.0034671873379492515, 0.00658364752544846]], "chi2_level": 0.997, "chi2_df": 3, "chi2_threshold": 13.931422665512084, "N_raw": 37, "N_roi": 37, "N_inlier": 37, "refit": true}
{"timestamp": "17:43:15.239452", "frame": 71, "mu": [-0.522945405776693, 0.48606025792243296, 0.9975279621781689], "Sigma": [[3.2385804963536753, -0.013063075126113193, 0.0666291669835969], [-0.013063075126113195, 0.006790970020555024, -0.002821832716591036], [0.0666291669835969, -0.002821832716591036, 0.0035352099080956448]], "chi2_level": 0.997, "chi2_df": 3, "chi2_threshold": 13.931422665512084, "N_raw": 44, "N_roi": 44, "N_inlier": 44, "refit": true}
{"timestamp": "17:43:15.290095", "frame": 72, "mu": [-0.4082639431361755, 0.7482793641823824, -0.7501803924184038], "Sigma": [[3.218801653575986, -0.10865355435755764, 0.0598005231662614], [-0.10865355435755764, 0.01711640760712061, -0.0064776548071912975], [0.0598005231662614, -0.0064776548071912975, 0.002723376475419382]], "chi2_level": 0.997, "chi2_df": 3, "chi2_threshold": 13.931422665512084, "N_raw": 14, "N_roi": 14, "N_inlier": 14, "refit": true}
