{"timestamp": "17:53:21.799003", "frame": 1, "mu": [-1.9892968440234349, 4.935299093157368, 1.0087267017720505], "Sigma": [[0.024013860618718495, 0.004025158284408342, -0.00792317862242363], [0.004025158284408342, 0.0024345929934354808, -0.002910028497107704], [-0.00792317862242363, -0.0029100284971077042, 0.0067426332720473894]], "chi2_level": 0.997, "chi2_df": 3, "chi2_threshold": 13.931422665512084, "N_raw": 37, "N_roi": 23, "N_inlier": 23, "refit": true}
{"timestamp": "17:53:21.910184", "frame": 3, "mu": [-1.8812650458022362, 4.95927065254646, 0.33381430931328837], "Sigma": [[0.009571720118182773, 0.0011550868122638613, -0.0004521604406411831], [0.0011550868122638613, 0.0008086499125861986, -0.0005866924129641908], [-0.000452160440641183, -0.0005866924129641908, 0.0005224413985950093]], "chi2_level": 0.997, "chi2_df": 3, "chi2_threshold": 13.931422665512084, "N_raw": 30, "N_roi": 6, "N_inlier": 6, "refit": true}
{"timestamp": "17:53:21.969064", "frame": 4, "mu": [-1.8566836963858464, 4.8842260845023135, 0.7940453274486818], "Sigma": [[0.038314848863601175, 0.0050420750626871775, -0.025588394584819155], [0.005042075062687177, 0.0036361525753428442, -0.0017691066909154742], [-0.025588394584819155, -0.001769106690915474, 0.01975496858874063]], "chi2_level": 0.997, "chi2_df": 3, "chi2_threshold": 13.931422665512084, "N_raw": 50, "N_roi": 31, "N_inlier": 31, "refit": true}
{"timestamp": "17:53:22.075904", "frame": 6, "mu": [-1.6946966172646665, 4.82313276818482, 0.6049916436775702], "Sigma": [[0.033313992499243675, 0.0032892620840254396, -0.025856114957620864], [0.0032892620840254396, 0.0008567897032233743, -0.0035991075017224507], [-0.025856114957620864, -0.0035991075017224507, 0.049516055163718944]], "chi2_level": 0.997, "chi2_df": 3, "chi2_threshold": 13.931422665512084, "N_raw": 40, "N_roi": 38, "N_inlier": 38, "refit": true}
{"timestamp": "17:53:22.131380", "frame": 7, "mu": [-1.712754863344661, 4.771342911885074, 0.6476789816055474], "Sigma": [[0.02976592369114997, 0.0022410617458770155, -0.028048655461261444], [0.0022410617458770155, 0.0013748625609661081, -0.004130558139873069], [-0.028048655461261444, -0.004130558139873069, 0.03948850469264257]], "chi2_level": 0.997, "chi2_df": 3, "chi2_threshold": 13.931422665512084, "N_raw": 35, "N_roi": 35, "N_inlier": 35, "refit": true}
{"timestamp": "17:53:22.182698", "frame": 8, "mu": [-1.6593060851494723, 4.797397308106206, 0.6129926977653373], "Sigma": [[0.012301594806178406, 0.0005732643333678455, -0.010315160705052614], [0.0005732643333678452, 0.002408393692546518, 9.723347669576296e-06], [-0.010315160705052614, 9.72334766957629e-06, 0.010371954346332726]], "chi2_level": 0.997, "chi2_df": 3, "chi2_threshold": 13.931422665512084, "N_raw": 14, "N_roi": 14, "N_inlier": 14, "refit": true}
{"timestamp": "17:53:22.293304", "frame": 10, "mu": [-1.4479080428379696, 4.608739751072117, 0.236585456778171], "Sigma": [[0.011315847533556972, 0.00035821882264932485, -0.010298445638924153], [0.0003582188226493249, 0.0021427163837871473, -0.00013660165366108243], [-0.010298445638924153, -0.00013660165366108248, 0.012795583331187577]], "chi2_level": 0.997, "chi2_df": 3, "chi2_threshold": 13.931422665512084, "N_raw": 17, "N_roi": 16, "N_inlier": 16, "refit": true}
{"timestamp": "17:53:22.346938", "frame": 11, "mu": [-1.4069134887556676, 4.516978912982669, 0.07283107327958781], "Sigma": [[0.012505099313284427, 0.0007910980423502751, -0.007607776001810876], [0.0007910980423502753, 0.0010544038185178427, -0.0007474217523146107], [-0.007607776001810876, -0.0007474217523146107, 0.011609538915143576]], "chi2_level": 0.997, "chi2_df": 3, "chi2_threshold": 13.931422665512084, "N_raw": 12, "N_roi": 12, "N_inlier": 12, "refit": true}
{"timestamp": "17:53:22.407413", "frame": 12, "mu": [-1.4252008480755576, 4.771127511768949, -0.3720165047110027], "Sigma": [[0.02872529537678676, 0.006647207861704275, -0.015340722775131026], [0.006647207861704275, 0.004061913090088426, -0.009191042628866946], [-0.015340722775131026, -0.009191042628866946, 0.023308152375203783]], "chi2_level": 0.997, "chi2_df": 3, "chi2_threshold": 13.931422665512084, "N_raw": 41, "N_roi": 39, "N_inlier": 39, "refit": true}
{"timestamp": "17:53:22.462569", "frame": 13, "mu": [-1.4284461749660828, 4.475992962627388, 0.5281443837300525], "Sigma": [[0.032244923976610065, 0.003106945704405271, -0.01999695206974078], [0.003106945704405271, 0.0020171482502054283, -0.003926308332676421], [-0.01999695206974078, -0.003926308332676421, 0.020101494804472507]], "chi2_level": 0.997, "chi2_df": 3, "chi2_threshold": 13.931422665512084, "N_raw": 44, "N_roi": 43, "N_inlier": 42, "refit": true}
{"timestamp": "17:53:22.516683", "frame": 14, "mu": [-1.3904753281058662, 4.480789054887416, 0.5373732401633158], "Sigma": [[0.022038547486346205, 0.007469084267924343, -0.002900992154522956], [0.007469084267924345, 0.005200101377958919, -0.0022881605156243553], [-0.0029009921545229554, -0.0022881605156243553, 0.0012579720707274744]], "chi2_level": 0.997, "chi2_df": 3, "chi2_threshold": 13.931422665512084, "N_raw": 38, "N_roi": 36, "N_inlier": 34, "refit": true}
{"timestamp": "17:53:22.572450", "frame": 15, "mu": [-1.4211000205356037, 4.36581521354451, 0.606396485712803], "Sigma": [[0.028138788852255372, 0.004203272499863447, -0.01412262910900959], [0.004203272499863447, 0.0033092355111123666, -0.0035354866993497947], [-0.01412262910900959, -0.0035354866993497947, 0.00979347055879906]], "chi2_level": 0.997, "chi2_df": 3, "chi2_threshold": 13.931422665512084, "N_raw": 41, "N_roi": 40, "N_inlier": 40, "refit": true}
{"timestamp": "17:53:22.622592", "frame": 16, "mu": [-1.3144801220549787, 4.423006317887825, 0.7172146026848192], "Sigma": [[0.012301988831528535, 0.008579785031597162, -0.015576087328308742], [0.00857978503159716, 0.006481734285825596, -0.011621706037463316], [-0.015576087328308742, -0.011621706037463316, 0.022831551169980906]], "chi2_level": 0.997, "chi2_df": 3, "chi2_threshold": 13.931422665512084, "N_raw": 8, "N_roi": 5, "N_inlier": 5, "refit": true}
{"timestamp": "17:53:22.682297", "frame": 17, "mu": [-1.2759328871051396, 4.342614100086242, 0.5800484651316195], "Sigma": [[0.02712279044307995, 0.0009769647907188846, -0.023203123698357676], [0.0009769647907188843, 0.002814137410750265, -0.002953546739013659], [-0.02320312369835768, -0.002953546739013659, 0.02632563345403364]], "chi2_level": 0.997, "chi2_df": 3, "chi2_threshold": 13.931422665512084, "N_raw": 45, "N_roi": 45, "N_inlier": 44, "refit": true}
{"timestamp": "17:53:22.737533", "frame": 18, "mu": [-1.2088347943605124, 4.29074229527826, 0.6864011898081372], "Sigma": [[0.022767948347106028, 0.0031893779574301063, -0.00975216309802197], [0.003189377957430106, 0.0017645011097283277, -0.004577277141249933], [-0.00975216309802197, -0.004577277141249933, 0.021238198109003237]], "chi2_level": 0.997, "chi2_df": 3, "chi2_threshold": 13.931422665512084, "N_raw": 42, "N_roi": 40, "N_inlier": 40, "refit": true}
{"timestamp": "17:53:22.789109", "frame": 19, "mu": [-1.226998004603538, 4.272479379115249, 0.5879527839164428], "Sigma": [[0.012652692538931701, 0.0010999086081408703, -0.00638885273575331], [0.0010999086081408703, 0.0032017800677015622, -0.005858203800707904], [-0.00638885273575331, -0.005858203800707904, 0.10379260483864125]], "chi2_level": 0.997, "chi2_df": 3, "chi2_threshold": 13.931422665512084, "N_raw": 24, "N_roi": 24, "N_inlier": 24, "refit": true}
{"timestamp": "17:53:22.845674", "frame": 20, "mu": [-1.1754811663658258, 4.161450289800976, 0.6492931483002466], "Sigma": [[0.02277689832529036, 0.0033457793695705375, -0.020559444056529652], [0.0033457793695705375, 0.0019081081199581239, -0.004081074592345936], [-0.020559444056529652, -0.004081074592345936, 0.022352472904564578]], "chi2_level": 0.997, "chi2_df": 3, "chi2_threshold": 13.931422665512084, "N_raw": 28, "N_roi": 28, "N_inlier": 28, "refit": true}
{"timestamp": "17:53:22.904473", "frame": 21, "mu": [-1.0016376505383806, 4.081218162732326, 0.46830123355041636], "Sigma": [[0.026189466161147913, -0.0021301180126270993, -0.04232892231903479], [-0.0021301180126270997, 0.0015710818435491, 0.005612970715955139], [-0.04232892231903479, 0.005612970715955139, 0.13008011479167766]], "chi2_level": 0.997, "chi2_df": 3, "chi2_threshold": 13.931422665512084, "N_raw": 58, "N_roi": 56, "N_inlier": 56, "refit": true}
{"timestamp": "17:53:22.958224", "frame": 22, "mu": [-0.8596557696495943, 4.027328055477697, 0.2511852087773167], "Sigma": [[0.02634488457253128, -0.006110163118488971, -0.03328856705246188], [-0.006110163118488971, 0.0025800858549812184, 0.006058342642111631], [-0.03328856705246188, 0.00605834264211163, 0.06466320929343741]], "chi2_level": 0.997, "chi2_df": 3, "chi2_threshold": 13.931422665512084, "N_raw": 52, "N_roi": 52, "N_inlier": 51, "refit": true}
{"timestamp": "17:53:23.014795", "frame": 23, "mu": [-0.8465176303389852, 3.9838981268462605, 0.38587793320216235], "Sigma": [[0.03128995242913663, -0.003644943118770335, -0.03583677150594054], [-0.0036449431187703346, 0.0022088886389762365, 0.0020752633771086815], [-0.03583677150594054, 0.002075263377108682, 0.05709541898726906]], "chi2_level": 0.997, "chi2_df": 3, "chi2_threshold": 13.931422665512084, "N_raw": 56, "N_roi": 56, "N_inlier": 56, "refit": true}
{"timestamp": "17:53:23.068907", "frame": 24, "mu": [-0.791767015269538, 3.9822915218039965, 0.5393513631065733], "Sigma": [[0.02249810394253058, -0.00042317434280174804, -0.01589058154712787], [-0.00042317434280174804, 0.00031664590432503456, -0.00023116730688040548], [-0.01589058154712787, -0.00023116730688040548, 0.048018325590223454]], "chi2_level": 0.997, "chi2_df": 3, "chi2_threshold": 13.931422665512084, "N_raw": 51, "N_roi": 48, "N_inlier": 47, "refit": true}
{"timestamp": "17:53:23.126982", "frame": 25, "mu": [-0.8025561277845292, 4.117635049734514, -0.298756870871185], "Sigma": [[0.031018492700002627, 0.01240020877920147, -0.019051552234565398], [0.01240020877920147, 0.012092825453004004, -0.013891006344590229], [-0.019051552234565398, -0.013891006344590229, 0.02080198404991271]], "chi2_level": 0.997, "chi2_df": 3, "chi2_threshold": 13.931422665512084, "N_raw": 75, "N_roi": 74, "N_inlier": 73, "refit": true}
{"timestamp": "17:53:23.176838", "frame": 26, "mu": [-0.7869333466769376, 3.8229411368282302, 0.7299690350974015], "Sigma": [[0.017598772083867856, -0.0005830619172464654, -0.012835228851417982], [-0.0005830619172464654, 0.0035422334806433087, 0.00024360912671614159], [-0.012835228851417982, 0.00024360912671614159, 0.011087901417578231]], "chi2_level": 0.997, "chi2_df": 3, "chi2_threshold": 13.931422665512084, "N_raw": 37, "N_roi": 37, "N_inlier": 37, "refit": true}
{"timestamp": "17:53:23.236733", "frame": 27, "mu": [-0.6933519543351713, 3.7166720261650887, 0.5273602240025719], "Sigma": [[0.02255449740525873, -0.001948268244200111, -0.01452753396855538], [-0.0019482682442001104, 0.006259139894284721, -0.006498087360727937], [-0.01452753396855538, -0.006498087360727936, 0.02829916750332684]], "chi2_level": 0.997, "chi2_df": 3, "chi2_threshold": 13.931422665512084, "N_raw": 72, "N_roi": 72, "N_inlier": 70, "refit": true}
{"timestamp": "17:53:23.292401", "frame": 28, "mu": [-0.639067471529682, 3.7026567439464615, 0.6789124081791462], "Sigma": [[0.02582223073584866, 0.0018654622855304127, -0.008498776387078471], [0.0018654622855304127, 0.007643077338239439, -0.002010289760631445], [-0.008498776387078471, -0.002010289760631445, 0.004833392320684302]], "chi2_level": 0.997, "chi2_df": 3, "chi2_threshold": 13.931422665512084, "N_raw": 72, "N_roi": 70, "N_inlier": 66, "refit": true}
{"timestamp": "17:53:23.348704", "frame": 29, "mu": [-0.598346412726603, 3.6347702743923302, 0.6235842567016211], "Sigma": [[0.0262038335434459, -0.0010919305754017864, -0.02019988463368913], [-0.0010919305754017862, 0.007197828026591904, -0.002634843479231149], [-0.02019988463368913, -0.002634843479231149, 0.02192180859117484]], "chi2_level": 0.997, "chi2_df": 3, "chi2_threshold": 13.931422665512084, "N_raw": 79, "N_roi": 76, "N_inlier": 75, "refit": true}
{"timestamp": "17:53:23.400550", "frame": 30, "mu": [-0.6656814583344373, 3.6047308509906864, 0.7450462854710926], "Sigma": [[0.021311871388823414, -0.0005026606223835791, -0.009121651069968269], [-0.0005026606223835792, 0.0037238676151073063, -0.002476877198873356], [-0.009121651069968269, -0.002476877198873356, 0.00722160689387148]], "chi2_level": 0.997, "chi2_df": 3, "chi2_threshold": 13.931422665512084, "N_raw": 54, "N_roi": 51, "N_inlier": 50, "refit": true}
{"timestamp": "17:53:23.458275", "frame": 31, "mu": [-0.501911673835648, 3.5906984734584997, 0.6454433325733815], "Sigma": [[0.024782926124346853, 0.00359502972942051, -0.01023029896407901], [0.00359502972942051, 0.012077205747828139, 0.0008266666909056235], [-0.010230298964079008, 0.0008266666909056235, 0.026841785445209664]], "chi2_level": 0.997, "chi2_df": 3, "chi2_threshold": 13.931422665512084, "N_raw": 83, "N_roi": 78, "N_inlier": 78, "refit": true}
{"timestamp": "17:53:23.508937", "frame": 32, "mu": [-0.49440209469326496, 3.485219175724725, 0.6636000125434246], "Sigma": [[0.01661127769044926, -0.002868542700722012, -0.00853392915229265], [-0.002868542700722012, 0.0016444778355264552, -0.0009485803972271511], [-0.008533929152292648, -0.0009485803972271512, 0.030117222308944598]], "chi2_level": 0.997, "chi2_df": 3, "chi2_threshold": 13.931422665512084, "N_raw": 49, "N_roi": 48, "N_inlier": 47, "refit": true}
{"timestamp": "17:53:23.564233", "frame": 33, "mu": [-0.3384089650111368, 3.405023755731738, 0.45305354103039225], "Sigma": [[0.024030692454761575, -0.004707599749769961, -0.018780422679117455], [-0.004707599749769961, 0.0039007720184978684, 0.0012758571183970207], [-0.01878042267911745, 0.0012758571183970205, 0.020615038478705668]], "chi2_level": 0.997, "chi2_df": 3, "chi2_threshold": 13.931422665512084, "N_raw": 57, "N_roi": 56, "N_inlier": 54, "refit": true}
{"timestamp": "17:53:23.619547", "frame": 34, "mu": [-0.27135700577315336, 3.387025995198092, 0.6038025991874707], "Sigma": [[0.02136054966448405, -0.002963452050882028, -0.014289570535862533], [-0.002963452050882028, 0.0016440405744537377, -0.0014279587866963253], [-0.014289570535862533, -0.0014279587866963255, 0.029468651584083842]], "chi2_level": 0.997, "chi2_df": 3, "chi2_threshold": 13.931422665512084, "N_raw": 60, "N_roi": 60, "N_inlier": 58, "refit": true}
{"timestamp": "17:53:23.676935", "frame": 35, "mu": [-0.2176289241537217, 3.347847670357645, 0.6767306857237713], "Sigma": [[0.0209615192129975, -0.0014695705538676795, -0.005988558820366554], [-0.001469570553867679, 0.005046033456903641, -0.0049646944542601065], [-0.005988558820366555, -0.0049646944542601065, 0.010603598931134042]], "chi2_level": 0.997, "chi2_df": 3, "chi2_threshold": 13.931422665512084, "N_raw": 68, "N_roi": 68, "N_inlier": 65, "refit": true}
{"timestamp": "17:53:23.731685", "frame": 36, "mu": [-0.2172392538277603, 3.3049067252275046, 0.717948480883432], "Sigma": [[0.019374769742676955, -0.004581914227870449, -0.008158797036961596], [-0.004581914227870449, 0.0195852699832706, -0.02356302890906288], [-0.008158797036961596, -0.02356302890906288, 0.042701891927224706]], "chi2_level": 0.997, "chi2_df": 3, "chi2_threshold": 13.931422665512084, "N_raw": 71, "N_roi": 71, "N_inlier": 68, "refit": true}
{"timestamp": "17:53:23.786549", "frame": 37, "mu": [-0.20004932556520538, 3.2262677062038625, 0.750667240316713], "Sigma": [[0.016389547689605984, 0.0015473346893727362, -0.0030324126666019567], [0.0015473346893727364, 0.0030934219245025256, -0.003633600068185123], [-0.0030324126666019567, -0.0036336000681851236, 0.018031184244729256]], "chi2_level": 0.997, "chi2_df": 3, "chi2_threshold": 13.931422665512084, "N_raw": 63, "N_roi": 63, "N_inlier": 61, "refit": true}
{"timestamp": "17:53:23.843895", "frame": 38, "mu": [-0.1472784419440511, 3.2104929746131283, 0.9481767248436945], "Sigma": [[0.01951249469731403, 0.0019802611149012856, -0.0019807639743033077], [0.0019802611149012856, 0.008340052990487614, -0.004127314787544294], [-0.0019807639743033077, -0.004127314787544294, 0.003077948758371544]], "chi2_level": 0.997, "chi2_df": 3, "chi2_threshold": 13.931422665512084, "N_raw": 84, "N_roi": 84, "N_inlier": 83, "refit": true}
{"timestamp": "17:53:23.898783", "frame": 39, "mu": [-0.07954047751254928, 3.0726429365305004, 0.8120800286722207], "Sigma": [[0.0190000959424056, -0.002105579183692189, -0.01090471248980454], [-0.0021055791836921884, 0.009739764041611787, 0.0009545583434081135], [-0.01090471248980454, 0.0009545583434081137, 0.010890092101916831]], "chi2_level": 0.997, "chi2_df": 3, "chi2_threshold": 13.931422665512084, "N_raw": 83, "N_roi": 83, "N_inlier": 80, "refit": true}
{"timestamp": "17:53:23.946572", "frame": 40, "mu": [-0.0349368442406956, 3.202887236341142, -0.5588202160330348], "Sigma": [[0.011092948920284338, 0.0009302165158512863, -0.009378661412482017], [0.0009302165158512859, 0.022423985268867977, -0.0345116470273448], [-0.009378661412482017, -0.0345116470273448, 0.062234944151172714]], "chi2_level": 0.997, "chi2_df": 3, "chi2_threshold": 13.931422665512084, "N_raw": 32, "N_roi": 32, "N_inlier": 31, "refit": true}
{"timestamp": "17:53:24.008742", "frame": 41, "mu": [0.042299430298724, 3.1113209979700116, 0.9054300491914613], "Sigma": [[0.020444207553452092, 0.001045290292760218, -0.01781835677746515], [0.0010452902927602181, 0.006464930469423798, -0.00701387924296972], [-0.01781835677746515, -0.00701387924296972, 0.04878462192124785]], "chi2_level": 0.997, "chi2_df": 3, "chi2_threshold": 13.931422665512084, "N_raw": 84, "N_roi": 84, "N_inlier": 80, "refit": true}
{"timestamp": "17:53:24.062356", "frame": 42, "mu": [0.20252207870078506, 3.0269226380312384, 0.8076053787371217], "Sigma": [[0.022006636651815938, 0.00766755227035479, -0.018891571391826057], [0.00766755227035479, 0.017214616803094697, -0.007992490765156653], [-0.01889157139182606, -0.007992490765156653, 0.01803334095456843]], "chi2_level": 0.997, "chi2_df": 3, "chi2_threshold": 13.931422665512084, "N_raw": 76, "N_roi": 74, "N_inlier": 69, "refit": true}
{"timestamp": "17:53:24.120328", "frame": 43, "mu": [0.1971436511441516, 3.001700758815594, 0.6174150007301235], "Sigma": [[0.03531240755487072, -0.003005524025418255, 0.03469481637401528], [-0.003005524025418256, 0.017079318783947393, -0.03010575032609513], [0.03469481637401528, -0.03010575032609513, 0.155957516666772]], "chi2_level": 0.997, "chi2_df": 3, "chi2_threshold": 13.931422665512084, "N_raw": 96, "N_roi": 94, "N_inlier": 94, "refit": true}
{"timestamp": "17:53:24.180698", "frame": 44, "mu": [0.33445484796975977, 2.919508601703244, 0.7888953944560415], "Sigma": [[0.025085616016629512, 0.0056796511284451946, -0.02070577821609648], [0.0056796511284451946, 0.010020698936081157, -0.012277614754128377], [-0.02070577821609648, -0.012277614754128377, 0.02889612000240844]], "chi2_level": 0.997, "chi2_df": 3, "chi2_threshold": 13.931422665512084, "N_raw": 120, "N_roi": 117, "N_inlier": 112, "refit": true}
{"timestamp": "17:53:24.229296", "frame": 45, "mu": [0.2992589444155932, 2.7842541502137648, 0.7885059852541658], "Sigma": [[0.01827668101740932, -0.00039793317755946144, -0.013429239096587699], [-0.00039793317755946165, 0.0053630861837559085, -0.003921578910107399], [-0.013429239096587699, -0.003921578910107399, 0.015233206529171305]], "chi2_level": 0.997, "chi2_df": 3, "chi2_threshold": 13.931422665512084, "N_raw": 85, "N_roi": 83, "N_inlier": 83, "refit": true}
{"timestamp": "17:53:24.280851", "frame": 46, "mu": [0.3428328391119247, 2.7460101244559323, 0.8656210719433369], "Sigma": [[0.012756559942675898, 0.0004331443223188475, 0.00044951869009091485], [0.0004331443223188474, 0.0033937222602262143, -0.0030805145916063437], [0.00044951869009091485, -0.0030805145916063437, 0.0036597865879476475]], "chi2_level": 0.997, "chi2_df": 3, "chi2_threshold": 13.931422665512084, "N_raw": 62, "N_roi": 59, "N_inlier": 56, "refit": true}
{"timestamp": "17:53:24.337516", "frame": 47, "mu": [0.45605611562200077, 2.6967374607429346, 0.9787472661111591], "Sigma": [[0.01395955099335502, -0.001749231925547289, -0.006294856124444916], [-0.001749231925547289, 0.003495785353105316, -0.004173936185794716], [-0.006294856124444915, -0.004173936185794716, 0.012523907283497487]], "chi2_level": 0.997, "chi2_df": 3, "chi2_threshold": 13.931422665512084, "N_raw": 77, "N_roi": 75, "N_inlier": 70, "refit": true}
{"timestamp": "17:53:24.392562", "frame": 48, "mu": [0.4759767038534856, 2.6473887451871385, 0.843918982329654], "Sigma": [[0.012290045840423314, -0.003080440022929818, -0.010395595715655414], [-0.003080440022929818, 0.007090589230989681, 0.027500517845491255], [-0.010395595715655414, 0.02750051784549126, 0.23093158910600245]], "chi2_level": 0.997, "chi2_df": 3, "chi2_threshold": 13.931422665512084, "N_raw": 75, "N_roi": 75, "N_inlier": 75, "refit": true}
{"timestamp": "17:53:24.448370", "frame": 49, "mu": [0.5266511146406194, 2.653988192283507, -0.5644227357273596], "Sigma": [[0.015217178308042423, 0.0024940309046625423, 0.07742690626558815], [0.0024940309046625423, 0.00825702333365878, -0.013767444300540076], [0.07742690626558815, -0.013767444300540076, 0.7433237725129594]], "chi2_level": 0.997, "chi2_df": 3, "chi2_threshold": 13.931422665512084, "N_raw": 85, "N_roi": 85, "N_inlier": 84, "refit": true}
{"timestamp": "17:53:24.497514", "frame": 50, "mu": [0.5949699638239714, 2.561390537876424, 1.0270191602165524], "Sigma": [[0.009280335669931233, 5.370139205125728e-05, 0.003881314161134513], [5.3701392051257256e-05, 0.002044807308956882, -0.0034247115893402047], [0.003881314161134513, -0.0034247115893402047, 0.02804772706140037]], "chi2_level": 0.997, "chi2_df": 3, "chi2_threshold": 13.931422665512084, "N_raw": 45, "N_roi": 45, "N_inlier": 41, "refit": true}
{"timestamp": "17:53:24.557420", "frame": 51, "mu": [0.6297001168584261, 2.5829826676258896, -0.6455546474410447], "Sigma": [[0.01199928060399742, 0.006262542923692157, 0.034937091263006946], [0.006262542923692157, 0.007453116765934668, 0.019739121138273148], [0.034937091263006946, 0.019739121138273148, 0.19653597936512388]], "chi2_level": 0.997, "chi2_df": 3, "chi2_threshold": 13.931422665512084, "N_raw": 73, "N_roi": 72, "N_inlier": 69, "refit": true}
{"timestamp": "17:53:24.616101", "frame": 52, "mu": [0.7011454860354842, 2.4316174720998815, 0.9389528628976764], "Sigma": [[0.013288719424034869, -0.0044055543259395955, -0.0037119237064131604], [-0.0044055543259395955, 0.0033557616231012803, -0.005143751748525254], [-0.0037119237064131604, -0.005143751748525254, 0.02676539284418302]], "chi2_level": 0.997, "chi2_df": 3, "chi2_threshold": 13.931422665512084, "N_raw": 84, "N_roi": 84, "N_inlier": 81, "refit": true}
{"timestamp": "17:53:24.674259", "frame": 53, "mu": [0.832062710799517, 2.2680977763814854, 0.6015460622366665], "Sigma": [[0.023617477076967326, -0.013204540545657428, -0.042333768912086484], [-0.013204540545657428, 0.014483201013257412, 0.046821149660202746], [-0.042333768912086484, 0.046821149660202746, 0.26264232340788546]], "chi2_level": 0.997, "chi2_df": 3, "chi2_threshold": 13.931422665512084, "N_raw": 119, "N_roi": 117, "N_inlier": 116, "refit": true}
{"timestamp": "17:53:24.724316", "frame": 54, "mu": [0.8484270502937051, 2.224127936730081, 0.6131096465037188], "Sigma": [[0.019925003297327132, -0.00683263131766413, -0.03400106296581726], [-0.00683263131766413, 0.004589319536084902, 0.009729738015630636], [-0.03400106296581726, 0.009729738015630636, 0.12146333674391309]], "chi2_level": 0.997, "chi2_df": 3, "chi2_threshold": 13.931422665512084, "N_raw": 81, "N_roi": 79, "N_inlier": 76, "refit": true}
{"timestamp": "17:53:24.774934", "frame": 55, "mu": [0.8563549914037056, 2.1960117024472217, 0.9220339831401757], "Sigma": [[0.010377185139968192, -0.0010867081886555192, -0.0033790407356023653], [-0.0010867081886555192, 0.0031445451800012833, -0.0040571520492074225], [-0.0033790407356023653, -0.0040571520492074225, 0.010495418769932917]], "chi2_level": 0.997, "chi2_df": 3, "chi2_threshold": 13.931422665512084, "N_raw": 66, "N_roi": 65, "N_inlier": 61, "refit": true}
{"timestamp": "17:53:24.833632", "frame": 56, "mu": [0.9358983731747615, 2.147382886424928, 0.968766455649321], "Sigma": [[0.01208711422484156, -0.0025925643542245884, -0.0018142229855985421], [-0.0025925643542245884, 0.0036102647425870285, -0.0054420141598015385], [-0.001814222985598542, -0.0054420141598015385, 0.02199496840678411]], "chi2_level": 0.997, "chi2_df": 3, "chi2_threshold": 13.931422665512084, "N_raw": 86, "N_roi": 85, "N_inlier": 83, "refit": true}
{"timestamp": "17:53:24.877515", "frame": 57, "mu": [0.9720533228890876, 2.05476060179804, 0.7644443503301103], "Sigma": [[0.01033753410204345, -0.000644099482543664, -0.03796221355598393], [-0.0006440994825436644, 0.008840908229313915, 0.027827445213099503], [-0.037962213555983934, 0.027827445213099503, 0.2249040512059309]], "chi2_level": 0.997, "chi2_df": 3, "chi2_threshold": 13.931422665512084, "N_raw": 8, "N_roi": 8, "N_inlier": 8, "refit": true}
{"timestamp": "17:53:24.939000", "frame": 58, "mu": [1.0183354787912373, 2.1895797225079767, -0.3115995888278924], "Sigma": [[0.01009310435151598, -0.002712232412582981, -0.004107091278221167], [-0.002712232412582981, 0.004967792656367872, -0.002141118876399312], [-0.004107091278221167, -0.002141118876399312, 0.007048486811329471]], "chi2_level": 0.997, "chi2_df": 3, "chi2_threshold": 13.931422665512084, "N_raw": 55, "N_roi": 55, "N_inlier": 53, "refit": true}
{"timestamp": "17:53:24.995219", "frame": 59, "mu": [1.040644176118268, 2.0029684288733898, 1.0439246978485535], "Sigma": [[0.009246775835856641, -0.0033395794404046508, 0.004387347350580245], [-0.0033395794404046508, 0.0037451657948759246, -0.00525868142592577], [0.004387347350580245, -0.005258681425925769, 0.01920863547514258]], "chi2_level": 0.997, "chi2_df": 3, "chi2_threshold": 13.931422665512084, "N_raw": 64, "N_roi": 64, "N_inlier": 61, "refit": true}
{"timestamp": "17:53:25.049967", "frame": 60, "mu": [1.097461287928032, 1.936506551552015, 1.0061407039822714], "Sigma": [[0.007101125097163266, -0.0031346685714319492, -0.0020370766405091844], [-0.003134668571431949, 0.004639965685896224, -0.0037195448736650916], [-0.002037076640509185, -0.0037195448736650916, 0.00977714369143568]], "chi2_level": 0.997, "chi2_df": 3, "chi2_threshold": 13.931422665512084, "N_raw": 56, "N_roi": 56, "N_inlier": 53, "refit": true}
{"timestamp": "17:53:25.104514", "frame": 61, "mu": [1.142293283013712, 1.9312562078597086, 1.125422797556627], "Sigma": [[0.012770362431757344, -0.004592819193088788, -0.023632975866150468], [-0.004592819193088788, 0.011482654376364287, 0.014955162266304042], [-0.023632975866150468, 0.014955162266304042, 0.11826533778557247]], "chi2_level": 0.997, "chi2_df": 3, "chi2_threshold": 13.931422665512084, "N_raw": 49, "N_roi": 49, "N_inlier": 47, "refit": true}
{"timestamp": "17:53:25.156074", "frame": 62, "mu": [1.1633656202307638, 1.8832813989533745, 0.7696786135368561], "Sigma": [[0.0037801281289695063, -0.001224275009547649, -0.017281940022292195], [-0.001224275009547649, 0.00231162406734925, -0.00581544425293685], [-0.017281940022292195, -0.00581544425293685, 0.2034004663602329]], "chi2_level": 0.997, "chi2_df": 3, "chi2_threshold": 13.931422665512084, "N_raw": 29, "N_roi": 29, "N_inlier": 29, "refit": true}
{"timestamp": "17:53:25.210080", "frame": 63, "mu": [1.2166335664867158, 1.8513670940019613, 0.3683652032563617], "Sigma": [[0.004075543639335226, -0.001124248023533771, 0.010971793123317235], [-0.0011242480235337713, 0.0018652647138452134, -0.005675220103737188], [0.010971793123317235, -0.005675220103737188, 0.2590685333941585]], "chi2_level": 0.997, "chi2_df": 3, "chi2_threshold": 13.931422665512084, "N_raw": 27, "N_roi": 27, "N_inlier": 26, "refit": true}
{"timestamp": "17:53:25.263020", "frame": 64, "mu": [1.3254625031988598, 2.045777409374664, -0.656247696793854], "Sigma": [[0.007972541922336672, 0.009972788987891137, -0.03953011072984233], [0.009972788987891137, 0.013163775141153218, -0.050579484286452384], [-0.03953011072984233, -0.050579484286452384, 0.23465943004689596]], "chi2_level": 0.997, "chi2_df": 3, "chi2_threshold": 13.931422665512084, "N_raw": 8, "N_roi": 8, "N_inlier": 8, "refit": true}
{"timestamp": "17:53:25.317637", "frame": 65, "mu": [1.3563393129180104, 1.6779609295729057, 0.8744049758998704], "Sigma": [[0.15505353234168576, 0.15419386870193486, -0.20774121636447382], [0.15419386870193483, 0.19785488003386467, -0.09434751552085245], [-0.20774121636447382, -0.09434751552085245, 0.5846338598719317]], "chi2_level": 0.997, "chi2_df": 3, "chi2_threshold": 13.931422665512084, "N_raw": 8, "N_roi": 8, "N_inlier": 8, "refit": true}
{"timestamp": "17:53:25.375682", "frame": 66, "mu": [1.4789538781784473, 1.805779963019793, 1.1725143982615727], "Sigma": [[0.005408491711518833, -0.0014018314899450924, 0.005696191508135405], [-0.0014018314899450924, 0.0032474046530405597, 0.009121623294294839], [0.005696191508135406, 0.009121623294294837, 0.06505505871252266]], "chi2_level": 0.997, "chi2_df": 3, "chi2_threshold": 13.931422665512084, "N_raw": 26, "N_roi": 24, "N_inlier": 24, "refit": true}
{"timestamp": "17:53:25.427576", "frame": 67, "mu": [1.3572038595657212, 1.6805956625475251, 1.533967000286402], "Sigma": [[0.18892692763901975, 0.22827931469173834, -0.09882367912672978], [0.22827931469173837, 0.278110203501666, -0.11722557768294002], [-0.09882367912672978, -0.11722557768294002, 0.09668309130438499]], "chi2_level": 0.997, "chi2_df": 3, "chi2_threshold": 13.931422665512084, "N_raw": 6, "N_roi": 6, "N_inlier": 6, "refit": true}
{"timestamp": "17:53:25.593230", "frame": 70, "mu": [1.7219992798275994, 1.6917360204405967, 1.5659052445268788], "Sigma": [[0.007172468157230602, -0.0002547800301664064, 0.004370763977105136], [-0.00025478003016640645, 0.0033403881380457317, 0.001571064493175831], [0.004370763977105136, 0.001571064493175831, 0.0045545321443704895]], "chi2_level": 0.997, "chi2_df": 3, "chi2_threshold": 13.931422665512084, "N_raw": 17, "N_roi": 15, "N_inlier": 15, "refit": true}
{"timestamp": "17:53:25.646892", "frame": 71, "mu": [1.6527553001604431, 1.5226938060822814, 1.4959644892356996], "Sigma": [[0.17860057502218818, 0.15961526629108758, -0.03260319585924438], [0.15961526629108758, 0.14809127861970423, -0.0301542662380334], [-0.03260319585924438, -0.0301542662380334, 0.009172275484623104]], "chi2_level": 0.997, "chi2_df": 3, "chi2_threshold": 13.931422665512084, "N_raw": 9, "N_roi": 9, "N_inlier": 9, "refit": true}
{"timestamp": "17:53:25.978499", "frame": 77, "mu": [2.121266952444142, 1.4201662034630804, -0.24758552887173066], "Sigma": [[0.002999731849314035, -0.001011245327879235, -8.806287012919599e-06], [-0.001011245327879235, 0.0037311184951778742, -4.36848517878555e-05], [-8.806287012919599e-06, -4.368485178785544e-05, 0.0014559594975253642]], "chi2_level": 0.997, "chi2_df": 3, "chi2_threshold": 13.931422665512084, "N_raw": 12, "N_roi": 12, "N_inlier": 12, "refit": true}
{"timestamp": "17:53:26.089099", "frame": 79, "mu": [2.1554426167364777, 1.3536413807658143, -0.38416348920190857], "Sigma": [[0.0034256606771144484, -0.0007892731170169481, -0.0005024622458223765], [-0.0007892731170169482, 0.00846376011687232, -0.003184721291972793], [-0.0005024622458223765, -0.003184721291972793, 0.0021211914763953877]], "chi2_level": 0.997, "chi2_df": 3, "chi2_threshold": 13.931422665512084, "N_raw": 21, "N_roi": 21, "N_inlier": 21, "refit": true}
{"timestamp": "17:53:26.193665", "frame": 80, "mu": [2.1961041336086513, 1.388607449007956, -0.38646118684263137], "Sigma": [[0.0038530919659220592, -0.0010077535361104643, 0.0001222919299762129], [-0.0010077535361104643, 0.01009193917022218, 0.00127761548661063], [0.00012229192997621302, 0.00127761548661063, 0.0012915307777464507]], "chi2_level": 0.997, "chi2_df": 3, "chi2_threshold": 13.931422665512084, "N_raw": 11, "N_roi": 11, "N_inlier": 11, "refit": true}
{"timestamp": "17:53:26.263817", "frame": 82, "mu": [2.2945857131543916, 1.0612363315491913, 1.2152135737553067], "Sigma": [[0.0012258438048508072, -0.0013502802097986725, 0.00481681324416185], [-0.0013502802097986725, 0.008078071715135417, -0.015352404325092026], [0.004816813244161848, -0.015352404325092023, 0.05362597664225585]], "chi2_level": 0.997, "chi2_df": 3, "chi2_threshold": 13.931422665512084, "N_raw": 5, "N_roi": 5, "N_inlier": 5, "refit": true}
