{"timestamp": "17:29:44.140100", "frame": 19, "mu": [-0.921653870318764, 0.6320198076839507, 0.9052007023597071], "Sigma": [[4.11089754579668, -0.16811191642836792, 0.40757516368588664], [-0.16811191642836792, 0.0475679661464833, -0.11023354197867495], [0.40757516368588664, -0.11023354197867495, 0.2620644762405779]], "chi2_level": 0.997, "chi2_df": 3, "chi2_threshold": 13.931422665512084, "N_raw": 22, "N_roi": 8, "N_inlier": 8, "refit": true}
{"timestamp": "17:29:44.250097", "frame": 21, "mu": [-1.2845128407581252, 0.6750161222796942, 0.7482818064599056], "Sigma": [[4.04954354350764, -0.10867873147194448, 0.09455778838194498], [-0.10867873147194448, 0.015884016138388586, -0.006800291344455226], [0.09455778838194498, -0.0068002913444552265, 0.004943257854602773]], "chi2_level": 0.997, "chi2_df": 3, "chi2_threshold": 13.931422665512084, "N_raw": 26, "N_roi": 24, "N_inlier": 24, "refit": true}
{"timestamp": "17:29:44.308354", "frame": 22, "mu": [-2.281222060014136, 0.7338035702106424, 0.8838917901429036], "Sigma": [[0.007735719914026857, 0.011187341993393773, 0.0014260711653632109], [0.011187341993393773, 0.020452016865802218, 0.001337050066218853], [0.001426071165363211, 0.0013370500662188535, 0.030187673939953794]], "chi2_level": 0.997, "chi2_df": 3, "chi2_threshold": 13.931422665512084, "N_raw": 47, "N_roi": 47, "N_inlier": 46, "refit": true}
{"timestamp": "17:29:44.356819", "frame": 23, "mu": [-2.229229332153625, 0.8067257154326811, 1.1074169254841144], "Sigma": [[0.00918575556091501, 0.01644111033212305, -0.0039947140305978505], [0.01644111033212305, 0.031698196461609617, -0.008001543435328771], [-0.003994714030597851, -0.008001543435328773, 0.002058223918918395]], "chi2_level": 0.997, "chi2_df": 3, "chi2_threshold": 13.931422665512084, "N_raw": 5, "N_roi": 5, "N_inlier": 5, "refit": true}
{"timestamp": "17:29:44.468789", "frame": 25, "mu": [-2.135902059831181, 0.8487155344846341, 0.9859432065471447], "Sigma": [[0.005390461020175837, 0.005672288643164857, -0.0015935176069706166], [0.005672288643164857, 0.007955545964591247, -0.003017471773488891], [-0.0015935176069706166, -0.003017471773488891, 0.0042626840914942845]], "chi2_level": 0.997, "chi2_df": 3, "chi2_threshold": 13.931422665512084, "N_raw": 22, "N_roi": 22, "N_inlier": 21, "refit": true}
{"timestamp": "17:29:44.522448", "frame": 26, "mu": [-2.1807492406866653, 1.1339974830450263, -0.6839190475247922], "Sigma": [[0.003425770420209411, 0.006207971256401491, -0.0019371876658264863], [0.006207971256401491, 0.014258604635078989, -0.006599631889315843], [-0.0019371876658264861, -0.006599631889315843, 0.006166569466717907]], "chi2_level": 0.997, "chi2_df": 3, "chi2_threshold": 13.931422665512084, "N_raw": 14, "N_roi": 14, "N_inlier": 14, "refit": true}
{"timestamp": "17:29:44.582709", "frame": 27, "mu": [-2.1721474793065947, 0.9200230270961166, 1.1156947957154502], "Sigma": [[0.008331060283680128, 0.006426900557075929, -0.003273963477857498], [0.006426900557075929, 0.015000960118155483, -0.009016391943664227], [-0.003273963477857498, -0.009016391943664227, 0.0064108731507639604]], "chi2_level": 0.997, "chi2_df": 3, "chi2_threshold": 13.931422665512084, "N_raw": 45, "N_roi": 45, "N_inlier": 44, "refit": true}
{"timestamp": "17:29:44.634688", "frame": 28, "mu": [-2.10891179815557, 1.1979261312693228, -0.6213226869419571], "Sigma": [[0.0056543842898953605, 0.0019159283928596462, -0.003801091832367048], [0.0019159283928596462, 0.011153567286276386, 0.000759697900616172], [-0.003801091832367048, 0.000759697900616172, 0.0034188573829541757]], "chi2_level": 0.997, "chi2_df": 3, "chi2_threshold": 13.931422665512084, "N_raw": 28, "N_roi": 28, "N_inlier": 28, "refit": true}
{"timestamp": "17:29:44.691899", "frame": 29, "mu": [-2.086997764136033, 0.9306057003257394, 1.1528463239993096], "Sigma": [[0.008624026827553397, 0.006150776867551751, -0.004618395560686521], [0.006150776867551751, 0.013496365452531542, -0.006519565046228583], [-0.004618395560686521, -0.006519565046228583, 0.0042588825659621785]], "chi2_level": 0.997, "chi2_df": 3, "chi2_threshold": 13.931422665512084, "N_raw": 40, "N_roi": 40, "N_inlier": 38, "refit": true}
{"timestamp": "17:29:44.743521", "frame": 30, "mu": [-2.048281561417546, 1.0165772748540425, 0.837386615340532], "Sigma": [[0.011558292348705534, 0.014248119340889225, -0.022972276356155397], [0.014248119340889225, 0.04397398880127038, -0.07014000456770947], [-0.022972276356155397, -0.07014000456770947, 0.1207679307142308]], "chi2_level": 0.997, "chi2_df": 3, "chi2_threshold": 13.931422665512084, "N_raw": 15, "N_roi": 15, "N_inlier": 15, "refit": true}
{"timestamp": "17:29:44.803984", "frame": 31, "mu": [-2.083054132491738, 0.9677550230427366, 1.1221910697645479], "Sigma": [[0.00969227586521152, 0.010205487437893596, 0.0009103896039686793], [0.010205487437893596, 0.016178811116559586, -0.0022915044324192425], [0.000910389603968679, -0.0022915044324192425, 0.01879059108739632]], "chi2_level": 0.997, "chi2_df": 3, "chi2_threshold": 13.931422665512084, "N_raw": 53, "N_roi": 53, "N_inlier": 53, "refit": true}
{"timestamp": "17:29:44.856163", "frame": 32, "mu": [-2.0422362212774066, 1.2204776777451944, -0.6327031586088245], "Sigma": [[0.008356280245016121, 0.0027426746854695497, 0.004301740790909296], [0.0027426746854695497, 0.009233449291902502, -0.005079207798991941], [0.0043017407909092965, -0.005079207798991941, 0.008969286956170273]], "chi2_level": 0.997, "chi2_df": 3, "chi2_threshold": 13.931422665512084, "N_raw": 34, "N_roi": 34, "N_inlier": 34, "refit": true}
{"timestamp": "17:29:44.913328", "frame": 33, "mu": [-2.0103087704351306, 1.067869075071629, 1.0618991143766028], "Sigma": [[0.007670681726032227, 0.004330916715544681, 0.000111001735633816], [0.004330916715544681, 0.007325953691736004, -0.005553946201376019], [0.00011100173563381607, -0.005553946201376019, 0.010623076621852733]], "chi2_level": 0.997, "chi2_df": 3, "chi2_threshold": 13.931422665512084, "N_raw": 50, "N_roi": 50, "N_inlier": 48, "refit": true}
{"timestamp": "17:29:44.968121", "frame": 34, "mu": [-1.9075974581478095, 1.3041671084140363, -0.5402078125943467], "Sigma": [[0.0082611866922859, 0.005926127728919959, -0.002942595193862155], [0.005926127728919959, 0.011217991763575545, -0.003770702832497049], [-0.002942595193862155, -0.003770702832497049, 0.002641669192555806]], "chi2_level": 0.997, "chi2_df": 3, "chi2_threshold": 13.931422665512084, "N_raw": 44, "N_roi": 44, "N_inlier": 42, "refit": true}
{"timestamp": "17:29:45.020971", "frame": 35, "mu": [-1.8692552483203269, 1.2673456980204896, 1.2655908678244292], "Sigma": [[0.0081282475193069, 0.00435402756210555, -0.006630714984877613], [0.00435402756210555, 0.010533494491241495, -0.0036371869682264944], [-0.006630714984877612, -0.0036371869682264944, 0.0059718313212655996]], "chi2_level": 0.997, "chi2_df": 3, "chi2_threshold": 13.931422665512084, "N_raw": 36, "N_roi": 36, "N_inlier": 35, "refit": true}
{"timestamp": "17:29:45.080118", "frame": 36, "mu": [-1.8910317789145077, 1.4394489012301024, -0.4271834472232624], "Sigma": [[0.010711739713839792, 0.006470025122624146, -0.004766255627066614], [0.006470025122624146, 0.013349807436320032, -0.004380778929434998], [-0.004766255627066614, -0.004380778929434998, 0.004306471015706191]], "chi2_level": 0.997, "chi2_df": 3, "chi2_threshold": 13.931422665512084, "N_raw": 52, "N_roi": 52, "N_inlier": 52, "refit": true}
{"timestamp": "17:29:45.134835", "frame": 37, "mu": [-1.809191530357083, 1.3388812928071627, 1.1944277214923837], "Sigma": [[0.013720079371289287, 0.011503459820660752, -0.006959439351487172], [0.011503459820660752, 0.018004235522395044, -0.009455008493075377], [-0.006959439351487172, -0.009455008493075378, 0.005820530453432234]], "chi2_level": 0.997, "chi2_df": 3, "chi2_threshold": 13.931422665512084, "N_raw": 63, "N_roi": 63, "N_inlier": 63, "refit": true}
{"timestamp": "17:29:45.187123", "frame": 38, "mu": [-1.7944223517964686, 1.361601779540186, 1.2784077154702036], "Sigma": [[0.008703748962166904, 0.004727444477255859, -0.004911275843598856], [0.004727444477255859, 0.008152241978902559, -0.004489826678395684], [-0.004911275843598856, -0.004489826678395684, 0.0040454478644497225]], "chi2_level": 0.997, "chi2_df": 3, "chi2_threshold": 13.931422665512084, "N_raw": 24, "N_roi": 24, "N_inlier": 24, "refit": true}
{"timestamp": "17:29:45.246466", "frame": 39, "mu": [-1.7846090100693313, 1.4644135002459224, 1.3181550753612894], "Sigma": [[0.016114744857433444, 0.013883024657399858, -0.01714241748073278], [0.013883024657399858, 0.018832000748250446, -0.01812515082678761], [-0.01714241748073278, -0.018125150826787614, 0.033873541730713545]], "chi2_level": 0.997, "chi2_df": 3, "chi2_threshold": 13.931422665512084, "N_raw": 58, "N_roi": 58, "N_inlier": 55, "refit": true}
{"timestamp": "17:29:45.306955", "frame": 40, "mu": [-1.7601063385101952, 1.6083758353394304, 0.07931877130936303], "Sigma": [[0.024382109071546608, 0.016432756615424312, 0.039285025519059935], [0.016432756615424312, 0.027085291466172785, 0.038727293922111786], [0.039285025519059935, 0.038727293922111786, 0.30911806142442005]], "chi2_level": 0.997, "chi2_df": 3, "chi2_threshold": 13.931422665512084, "N_raw": 85, "N_roi": 85, "N_inlier": 85, "refit": true}
{"timestamp": "17:29:45.356198", "frame": 41, "mu": [-1.6643667910361242, 1.5978026114668444, 1.330979284581232], "Sigma": [[0.03927731532926447, 0.026745915056156304, -0.07045660693296388], [0.026745915056156304, 0.049428627318293, -0.023221240416585135], [-0.07045660693296388, -0.02322124041658513, 0.20492491764423634]], "chi2_level": 0.997, "chi2_df": 3, "chi2_threshold": 13.931422665512084, "N_raw": 48, "N_roi": 48, "N_inlier": 48, "refit": true}
{"timestamp": "17:29:45.414018", "frame": 42, "mu": [-1.677244886210849, 1.7682265348907744, 0.009597142457704513], "Sigma": [[0.02264265579488437, 0.015755526318394966, -0.01902281993385135], [0.015755526318394966, 0.019699550820106583, -0.008899579408005419], [-0.019022819933851347, -0.008899579408005419, 0.02761061038425516]], "chi2_level": 0.997, "chi2_df": 3, "chi2_threshold": 13.931422665512084, "N_raw": 72, "N_roi": 72, "N_inlier": 68, "refit": true}
{"timestamp": "17:29:45.463840", "frame": 43, "mu": [-1.4561571440875485, 1.7887796999521584, 1.134863309297791], "Sigma": [[0.017573847800474877, 0.01306218186969631, -0.053628706392057725], [0.01306218186969631, 0.0200534010345453, -0.0542501251035839], [-0.05362870639205772, -0.0542501251035839, 0.2220955348465998]], "chi2_level": 0.997, "chi2_df": 3, "chi2_threshold": 13.931422665512084, "N_raw": 37, "N_roi": 37, "N_inlier": 36, "refit": true}
{"timestamp": "17:29:45.520784", "frame": 44, "mu": [-1.432497999103651, 1.870772222452639, 1.3183182652215797], "Sigma": [[0.012214307498053798, 0.005347071953568969, -0.028059281601520596], [0.005347071953568969, 0.011392195512829979, -0.016464834321578622], [-0.028059281601520596, -0.016464834321578622, 0.10839259178631319]], "chi2_level": 0.997, "chi2_df": 3, "chi2_threshold": 13.931422665512084, "N_raw": 50, "N_roi": 50, "N_inlier": 49, "refit": true}
{"timestamp": "17:29:45.571137", "frame": 45, "mu": [-1.460167583396166, 1.9632833763674624, 1.5224913165597023], "Sigma": [[0.0036432777645451983, 0.0013271686038568583, 0.001175404313262058], [0.0013271686038568583, 0.0011804037194365037, -0.0017574031222366694], [0.001175404313262058, -0.0017574031222366694, 0.010126016035867278]], "chi2_level": 0.997, "chi2_df": 3, "chi2_threshold": 13.931422665512084, "N_raw": 19, "N_roi": 19, "N_inlier": 17, "refit": true}
{"timestamp": "17:29:45.632646", "frame": 46, "mu": [-1.330723934553812, 1.9777793993809574, 1.3502448705114816], "Sigma": [[0.011350730858709536, 0.0009140370029736976, -0.006735992065638376], [0.0009140370029736976, 0.007843550647842847, -0.002696561987977424], [-0.006735992065638376, -0.0026965619879774244, 0.0073985479451454846]], "chi2_level": 0.997, "chi2_df": 3, "chi2_threshold": 13.931422665512084, "N_raw": 65, "N_roi": 65, "N_inlier": 64, "refit": true}
{"timestamp": "17:29:45.688454", "frame": 47, "mu": [-1.2140327025796074, 1.9813700626753223, 1.076453451606413], "Sigma": [[0.010725774489221794, -0.000905436049943242, 0.0066281990767784365], [-0.0009054360499432418, 0.003475209045486333, -0.003984980602304126], [0.006628199076778435, -0.003984980602304126, 0.09525671002312291]], "chi2_level": 0.997, "chi2_df": 3, "chi2_threshold": 13.931422665512084, "N_raw": 65, "N_roi": 65, "N_inlier": 63, "refit": true}
{"timestamp": "17:29:45.739419", "frame": 48, "mu": [-1.2202807774555364, 2.2584905915614284, -0.43871958433568464], "Sigma": [[0.009955853266605265, -0.004731098842154256, 0.017773324358970014], [-0.004731098842154256, 0.0075866381356613595, -0.028999980149668675], [0.017773324358970014, -0.028999980149668675, 0.17231816930052976]], "chi2_level": 0.997, "chi2_df": 3, "chi2_threshold": 13.931422665512084, "N_raw": 34, "N_roi": 34, "N_inlier": 34, "refit": true}
{"timestamp": "17:29:45.796496", "frame": 49, "mu": [-1.1783276784331116, 2.17674915902831, 1.3246882269134586], "Sigma": [[0.012040869225202587, -0.0006777900295698554, -0.007724638980780818], [-0.0006777900295698555, 0.0046960391811034135, 0.009203208171080212], [-0.007724638980780818, 0.009203208171080212, 0.10679887226866125]], "chi2_level": 0.997, "chi2_df": 3, "chi2_threshold": 13.931422665512084, "N_raw": 58, "N_roi": 58, "N_inlier": 55, "refit": true}
{"timestamp": "17:29:45.853473", "frame": 50, "mu": [-1.1186037727240563, 2.1972406415908163, 1.2796522526697751], "Sigma": [[0.010539169412922137, -0.00135319787866244, -0.012954310420683377], [-0.00135319787866244, 0.0017183895635386542, -0.000308851281507284], [-0.012954310420683377, -0.0003088512815072839, 0.05954455778179728]], "chi2_level": 0.997, "chi2_df": 3, "chi2_threshold": 13.931422665512084, "N_raw": 65, "N_roi": 65, "N_inlier": 62, "refit": true}
{"timestamp": "17:29:45.906548", "frame": 51, "mu": [-1.1245244556112441, 2.2348096122899763, 1.334797647133001], "Sigma": [[0.012719380847712104, -0.0031658800862158464, -0.013654323994515556], [-0.0031658800862158464, 0.005513826772470914, 0.0039035375059894577], [-0.013654323994515556, 0.003903537505989458, 0.1764845572314043]], "chi2_level": 0.997, "chi2_df": 3, "chi2_threshold": 13.931422665512084, "N_raw": 53, "N_roi": 53, "N_inlier": 52, "refit": true}
{"timestamp": "17:29:45.963315", "frame": 52, "mu": [-1.0102519547166295, 2.250252533290468, 1.2212288332300887], "Sigma": [[0.009808038046364776, -0.00381276902419944, -0.012497725558312538], [-0.00381276902419944, 0.006433562225132598, 0.0020271791478480438], [-0.012497725558312538, 0.0020271791478480438, 0.02480764203655642]], "chi2_level": 0.997, "chi2_df": 3, "chi2_threshold": 13.931422665512084, "N_raw": 64, "N_roi": 64, "N_inlier": 62, "refit": true}
{"timestamp": "17:29:46.020714", "frame": 53, "mu": [-0.9931609186236551, 2.4255995908196915, -0.24716451848415721], "Sigma": [[0.01337569137216577, 0.0017629974937726116, 0.011425057837010153], [0.0017629974937726116, 0.00939767582995264, -0.002398545536459001], [0.011425057837010153, -0.0023985455364590015, 0.07040776446361045]], "chi2_level": 0.997, "chi2_df": 3, "chi2_threshold": 13.931422665512084, "N_raw": 79, "N_roi": 79, "N_inlier": 76, "refit": true}
{"timestamp": "17:29:46.075622", "frame": 54, "mu": [-0.9588910831931233, 2.3802750463496634, 1.2443794048595629], "Sigma": [[0.01492005458452756, -0.0019761728627523275, -0.007231682042330731], [-0.001976172862752328, 0.006179292320526158, -0.002569682711018329], [-0.007231682042330731, -0.0025696827110183295, 0.010507174955723396]], "chi2_level": 0.997, "chi2_df": 3, "chi2_threshold": 13.931422665512084, "N_raw": 81, "N_roi": 81, "N_inlier": 75, "refit": true}
{"timestamp": "17:29:46.128907", "frame": 55, "mu": [-0.8738373282613574, 2.4266088279523834, 1.0008211354027097], "Sigma": [[0.007469884344234447, -0.00301460663386162, -0.007196636826647479], [-0.00301460663386162, 0.0062371418373062485, 0.0026389830860703177], [-0.00719663682664748, 0.0026389830860703185, 0.24836309509957535]], "chi2_level": 0.997, "chi2_df": 3, "chi2_threshold": 13.931422665512084, "N_raw": 62, "N_roi": 62, "N_inlier": 61, "refit": true}
{"timestamp": "17:29:46.190950", "frame": 56, "mu": [-0.9110066050958906, 2.4553102895469276, 0.7302692726707354], "Sigma": [[0.014419785205078929, 0.004351366642046604, 0.013237795027784079], [0.004351366642046604, 0.00905974926117944, 0.022416277727869714], [0.013237795027784077, 0.022416277727869714, 0.3673649708983882]], "chi2_level": 0.997, "chi2_df": 3, "chi2_threshold": 13.931422665512084, "N_raw": 111, "N_roi": 111, "N_inlier": 111, "refit": true}
{"timestamp": "17:29:46.247173", "frame": 57, "mu": [-0.823873663867544, 2.473022657360315, 0.5750032022113244], "Sigma": [[0.013966543334623745, 0.005353949092889497, 0.0058564510342473345], [0.005353949092889496, 0.015619311181961354, 0.03144690314503096], [0.0058564510342473345, 0.03144690314503096, 0.27918071365898917]], "chi2_level": 0.997, "chi2_df": 3, "chi2_threshold": 13.931422665512084, "N_raw": 116, "N_roi": 116, "N_inlier": 116, "refit": true}
{"timestamp": "17:29:46.301069", "frame": 58, "mu": [-0.8405731312962359, 2.568699815320569, 0.8544614190998959], "Sigma": [[0.014219412876842098, 0.0027693999701072234, 0.020508761217672162], [0.0027693999701072234, 0.005100847493712614, 0.019042963454477667], [0.020508761217672162, 0.019042963454477667, 0.21538748337556035]], "chi2_level": 0.997, "chi2_df": 3, "chi2_threshold": 13.931422665512084, "N_raw": 106, "N_roi": 106, "N_inlier": 106, "refit": true}
{"timestamp": "17:29:46.355984", "frame": 59, "mu": [-0.8002467998012999, 2.62295004650983, 1.0121896978377523], "Sigma": [[0.018475658556865636, -0.0014735583174364558, 0.019602854829889625], [-0.0014735583174364558, 0.006737106689846621, 0.01319096196756541], [0.019602854829889625, 0.01319096196756541, 0.229350234122078]], "chi2_level": 0.997, "chi2_df": 3, "chi2_threshold": 13.931422665512084, "N_raw": 101, "N_roi": 98, "N_inlier": 98, "refit": true}
{"timestamp": "17:29:46.404012", "frame": 60, "mu": [-0.7284794651164955, 2.719836852510655, 1.189865828720412], "Sigma": [[0.01049213723972647, -0.001272450992887273, -0.010507948155214527], [-0.001272450992887273, 0.005430801050769111, -0.004348438579013212], [-0.010507948155214527, -0.004348438579013213, 0.14737306235527117]], "chi2_level": 0.997, "chi2_df": 3, "chi2_threshold": 13.931422665512084, "N_raw": 67, "N_roi": 67, "N_inlier": 66, "refit": true}
{"timestamp": "17:29:46.455844", "frame": 61, "mu": [-0.6652062352896316, 2.718556346934655, 0.9621726552751637], "Sigma": [[0.010149561328689872, -0.0003989817496910733, -0.004757845396448775], [-0.0003989817496910733, 0.0039299376228569705, -0.004225724936622527], [-0.004757845396448775, -0.004225724936622526, 0.07821137930225569]], "chi2_level": 0.997, "chi2_df": 3, "chi2_threshold": 13.931422665512084, "N_raw": 46, "N_roi": 45, "N_inlier": 44, "refit": true}
{"timestamp": "17:29:46.511249", "frame": 62, "mu": [-0.6412415490070587, 2.7783331229057158, 1.0754027840890046], "Sigma": [[0.011794640740194056, -0.0004607175298369637, -0.0036618478642004002], [-0.00046071752983696377, 0.0016934135026626018, -0.004746705085795144], [-0.0036618478642004, -0.004746705085795144, 0.050928422577447535]], "chi2_level": 0.997, "chi2_df": 3, "chi2_threshold": 13.931422665512084, "N_raw": 57, "N_roi": 57, "N_inlier": 54, "refit": true}
{"timestamp": "17:29:46.563925", "frame": 63, "mu": [-0.5775816152310146, 2.830697485328501, 0.9530175026509357], "Sigma": [[0.007992379066215952, 0.0012807086468795365, -0.012225850590617968], [0.0012807086468795365, 0.0050660449109520885, -0.012156571642506797], [-0.012225850590617968, -0.012156571642506797, 0.10646156253902714]], "chi2_level": 0.997, "chi2_df": 3, "chi2_threshold": 13.931422665512084, "N_raw": 35, "N_roi": 33, "N_inlier": 31, "refit": true}
{"timestamp": "17:29:46.618796", "frame": 64, "mu": [-0.6301910351545562, 2.913266945938927, 1.1841450438754006], "Sigma": [[0.010161002759570473, 0.0011360758932738948, 0.008770440897827452], [0.001136075893273895, 0.005607304911639617, 0.03029934835047468], [0.008770440897827452, 0.03029934835047468, 0.27323348899100314]], "chi2_level": 0.997, "chi2_df": 3, "chi2_threshold": 13.931422665512084, "N_raw": 38, "N_roi": 38, "N_inlier": 37, "refit": true}
{"timestamp": "17:29:46.677870", "frame": 65, "mu": [-0.5023196667644481, 2.9508497200106927, 1.094764247968569], "Sigma": [[0.018299394464034648, -0.00010270289853303967, -0.015273455451537386], [-0.00010270289853303946, 0.004383309840632855, -0.0036407912970365455], [-0.015273455451537386, -0.0036407912970365455, 0.17184106802937696]], "chi2_level": 0.997, "chi2_df": 3, "chi2_threshold": 13.931422665512084, "N_raw": 61, "N_roi": 57, "N_inlier": 56, "refit": true}
{"timestamp": "17:29:46.732522", "frame": 66, "mu": [-0.47305077872227375, 2.975488490154706, 0.9634290949745707], "Sigma": [[0.02127922091613773, 0.002541363983018222, 0.023388175192270155], [0.002541363983018222, 0.004402539230533462, 0.010624798981773608], [0.023388175192270155, 0.01062479898177361, 0.13441015671562861]], "chi2_level": 0.997, "chi2_df": 3, "chi2_threshold": 13.931422665512084, "N_raw": 58, "N_roi": 57, "N_inlier": 55, "refit": true}
{"timestamp": "17:29:46.790775", "frame": 67, "mu": [-0.42113065067673067, 2.9987847153739575, 1.010825650741975], "Sigma": [[0.02248838367969426, 0.006740529875380555, 0.0413230724602612], [0.006740529875380555, 0.007414685832570395, 0.020800223130686073], [0.04132307246026119, 0.020800223130686073, 0.20927980968269555]], "chi2_level": 0.997, "chi2_df": 3, "chi2_threshold": 13.931422665512084, "N_raw": 78, "N_roi": 74, "N_inlier": 73, "refit": true}
{"timestamp": "17:29:46.848517", "frame": 68, "mu": [-0.40923918505684154, 3.048449127810154, 0.6586054950770843], "Sigma": [[0.030940098944306448, 0.004041683334534904, 0.03092502072404653], [0.004041683334534904, 0.0034926513817777538, 0.0037772216033793472], [0.030925020724046532, 0.0037772216033793472, 0.3204749337969571]], "chi2_level": 0.997, "chi2_df": 3, "chi2_threshold": 13.931422665512084, "N_raw": 99, "N_roi": 99, "N_inlier": 99, "refit": true}
{"timestamp": "17:29:46.900859", "frame": 69, "mu": [-0.3595797229497367, 3.099591910708241, 0.8753988640845438], "Sigma": [[0.037967520639468, -0.002336815673220391, 0.06561078114618846], [-0.002336815673220391, 0.00274719621783499, -0.00709970757942421], [0.06561078114618846, -0.00709970757942421, 0.24931578531978965]], "chi2_level": 0.997, "chi2_df": 3, "chi2_threshold": 13.931422665512084, "N_raw": 79, "N_roi": 77, "N_inlier": 77, "refit": true}
{"timestamp": "17:29:46.953737", "frame": 70, "mu": [-0.25817174372791724, 3.2007769676529354, 1.2405662114913099], "Sigma": [[0.014839798779910688, -0.0022818271244915145, -0.002901259719159163], [-0.0022818271244915145, 0.0047431839252354965, -0.015592444536452796], [-0.0029012597191591634, -0.015592444536452796, 0.2595532505291579]], "chi2_level": 0.997, "chi2_df": 3, "chi2_threshold": 13.931422665512084, "N_raw": 62, "N_roi": 62, "N_inlier": 62, "refit": true}
{"timestamp": "17:29:47.009037", "frame": 71, "mu": [-0.20855076914692222, 3.2318899034358552, 1.0569674008975742], "Sigma": [[0.016470968468676014, -0.001182479464328524, -0.011135869894762958], [-0.001182479464328524, 0.007806706426265652, -0.03419949489607771], [-0.011135869894762958, -0.03419949489607771, 0.3168160962178329]], "chi2_level": 0.997, "chi2_df": 3, "chi2_threshold": 13.931422665512084, "N_raw": 74, "N_roi": 74, "N_inlier": 74, "refit": true}
{"timestamp": "17:29:47.061108", "frame": 72, "mu": [-0.13359341390455093, 3.216398479606125, 1.0899036950754317], "Sigma": [[0.011382193696437169, -0.0010018484311591028, 0.007206966943891494], [-0.0010018484311591028, 0.004876708970907964, -0.025120278961357573], [0.007206966943891493, -0.025120278961357566, 0.1719581236183169]], "chi2_level": 0.997, "chi2_df": 3, "chi2_threshold": 13.931422665512084, "N_raw": 45, "N_roi": 45, "N_inlier": 44, "refit": true}
{"timestamp": "17:29:47.119951", "frame": 73, "mu": [-0.14483239886700747, 3.2921454264340966, 1.4154007562749336], "Sigma": [[0.014903602188621525, -0.0025214261893830962, -0.01345075850605364], [-0.0025214261893830962, 0.0072792607119096485, 0.005648434570215095], [-0.01345075850605364, 0.0056484345702150955, 0.08099918793071409]], "chi2_level": 0.997, "chi2_df": 3, "chi2_threshold": 13.931422665512084, "N_raw": 68, "N_roi": 68, "N_inlier": 65, "refit": true}
{"timestamp": "17:29:47.170643", "frame": 74, "mu": [-0.06575704442615972, 3.267140588897774, 1.228127630650199], "Sigma": [[0.012765109980803803, -4.382156202675688e-05, -0.00029189106526407937], [-4.3821562026756826e-05, 0.003098559553412608, -0.0005925810186421281], [-0.0002918910652640798, -0.000592581018642128, 0.03683557724773645]], "chi2_level": 0.997, "chi2_df": 3, "chi2_threshold": 13.931422665512084, "N_raw": 46, "N_roi": 46, "N_inlier": 43, "refit": true}
{"timestamp": "17:29:47.225787", "frame": 75, "mu": [-0.02154497280844057, 3.317648661150816, 1.1780883508921924], "Sigma": [[0.015872036843143648, -0.0014095112611557103, -0.0017212511281038526], [-0.0014095112611557103, 0.0012625201834775008, -0.0035227497200912665], [-0.0017212511281038526, -0.0035227497200912665, 0.018853515624602274]], "chi2_level": 0.997, "chi2_df": 3, "chi2_threshold": 13.931422665512084, "N_raw": 48, "N_roi": 48, "N_inlier": 45, "refit": true}
{"timestamp": "17:29:47.277846", "frame": 76, "mu": [-0.009741159442512724, 3.376990990502833, 1.1614857048762741], "Sigma": [[0.006995249140406443, 0.0005572148713418822, -0.002584812433922075], [0.0005572148713418822, 0.0033621337017811686, 0.013331313305031865], [-0.002584812433922076, 0.013331313305031865, 0.23706916888772064]], "chi2_level": 0.997, "chi2_df": 3, "chi2_threshold": 13.931422665512084, "N_raw": 29, "N_roi": 29, "N_inlier": 28, "refit": true}
{"timestamp": "17:29:47.334407", "frame": 77, "mu": [-0.02523994640455172, 3.58294573859998, 0.2546599626544098], "Sigma": [[0.013574913134934266, 0.0002960569771986773, -0.007037715147545772], [0.0002960569771986774, 0.005697268133667902, -0.012615660176400567], [-0.007037715147545772, -0.012615660176400567, 0.05714495354835513]], "chi2_level": 0.997, "chi2_df": 3, "chi2_threshold": 13.931422665512084, "N_raw": 40, "N_roi": 40, "N_inlier": 38, "refit": true}
{"timestamp": "17:29:47.388826", "frame": 78, "mu": [0.047839355037481754, 3.559870748160472, 1.4592480457449002], "Sigma": [[0.0154592279312526, -0.0009311059282512528, -0.0045901633759250346], [-0.0009311059282512527, 0.0030773186341898255, -0.0001973961865877558], [-0.0045901633759250346, -0.00019739618658775584, 0.006137351582859303]], "chi2_level": 0.997, "chi2_df": 3, "chi2_threshold": 13.931422665512084, "N_raw": 41, "N_roi": 41, "N_inlier": 39, "refit": true}
{"timestamp": "17:29:47.445482", "frame": 79, "mu": [0.12470571511222044, 3.5922965938775264, 1.323429043085444], "Sigma": [[0.01128833546468177, -0.001455926360156106, 0.005406551132816522], [-0.0014559263601561063, 0.0071035677915966865, 0.02185091085356429], [0.005406551132816522, 0.02185091085356429, 0.24185174484320374]], "chi2_level": 0.997, "chi2_df": 3, "chi2_threshold": 13.931422665512084, "N_raw": 41, "N_roi": 41, "N_inlier": 40, "refit": true}
{"timestamp": "17:29:47.499776", "frame": 80, "mu": [0.21114522191860982, 3.7006259521488727, 0.3811859265034042], "Sigma": [[0.01201974203691368, 0.0016430828017753277, -0.011614694820661927], [0.0016430828017753277, 0.005063113015073843, -0.006931379702230526], [-0.011614694820661926, -0.006931379702230527, 0.020530991200611817]], "chi2_level": 0.997, "chi2_df": 3, "chi2_threshold": 13.931422665512084, "N_raw": 37, "N_roi": 37, "N_inlier": 34, "refit": true}
{"timestamp": "17:29:47.556358", "frame": 81, "mu": [0.2231996072014804, 3.697653680879967, 1.4004367334239636], "Sigma": [[0.016881274574249615, -0.0019065871923668167, -0.012546422957282515], [-0.0019065871923668164, 0.006150677121424346, 0.003936266759340426], [-0.012546422957282517, 0.003936266759340426, 0.01547130848393327]], "chi2_level": 0.997, "chi2_df": 3, "chi2_threshold": 13.931422665512084, "N_raw": 52, "N_roi": 52, "N_inlier": 50, "refit": true}
{"timestamp": "17:29:47.611063", "frame": 82, "mu": [0.28309400569428683, 3.7340438082338485, 1.2095360530290524], "Sigma": [[0.013837886118611939, -0.0037257614219736246, 0.0010769419443105463], [-0.0037257614219736246, 0.0038873138509398658, -0.008211040674655999], [0.0010769419443105459, -0.008211040674655999, 0.04136246944011261]], "chi2_level": 0.997, "chi2_df": 3, "chi2_threshold": 13.931422665512084, "N_raw": 49, "N_roi": 48, "N_inlier": 46, "refit": true}
{"timestamp": "17:29:47.667070", "frame": 83, "mu": [0.28375398703884724, 3.786734838028519, 1.3007518439780232], "Sigma": [[0.015399516030874544, -0.004908684598454737, 0.001358349072813751], [-0.004908684598454737, 0.007331446897350627, -0.008490562531340085], [0.0013583490728137503, -0.008490562531340085, 0.198989468239524]], "chi2_level": 0.997, "chi2_df": 3, "chi2_threshold": 13.931422665512084, "N_raw": 60, "N_roi": 60, "N_inlier": 59, "refit": true}
{"timestamp": "17:29:47.721956", "frame": 84, "mu": [0.3188972956265603, 3.8510343178062825, 0.3110146074742563], "Sigma": [[0.015520383965680661, 6.670408107481657e-05, -0.006042294344018814], [6.6704081074817e-05, 0.01422062010788795, -0.027588345020238117], [-0.006042294344018814, -0.02758834502023812, 0.08566723244450347]], "chi2_level": 0.997, "chi2_df": 3, "chi2_threshold": 13.931422665512084, "N_raw": 54, "N_roi": 54, "N_inlier": 52, "refit": true}
{"timestamp": "17:29:47.776738", "frame": 85, "mu": [0.38681110019730447, 3.816321663616001, 1.3634864617835054], "Sigma": [[0.017211523603980164, -0.001947954931926414, -0.00895026929146097], [-0.001947954931926414, 0.004259969472249852, -0.0010967686038532625], [-0.008950269291460968, -0.0010967686038532625, 0.009676624956328936]], "chi2_level": 0.997, "chi2_df": 3, "chi2_threshold": 13.931422665512084, "N_raw": 50, "N_roi": 50, "N_inlier": 47, "refit": true}
{"timestamp": "17:29:47.826558", "frame": 86, "mu": [0.297430039300861, 3.9926544996864703, 1.5748333759022681], "Sigma": [[0.005259714074767754, -0.0027049996524759366, -0.0028028917563580604], [-0.0027049996524759366, 0.00373449827634088, -0.001274468389010054], [-0.0028028917563580604, -0.0012744683890100542, 0.050483277066168064]], "chi2_level": 0.997, "chi2_df": 3, "chi2_threshold": 13.931422665512084, "N_raw": 14, "N_roi": 12, "N_inlier": 12, "refit": true}
{"timestamp": "17:29:47.885439", "frame": 87, "mu": [0.345954213090721, 3.964558128815212, 1.1902345664096055], "Sigma": [[0.015763550160402727, -0.0025342153270410464, 0.002902138988746482], [-0.0025342153270410464, 0.0012134366266386995, -0.002264309035442914], [0.0029021389887464817, -0.002264309035442914, 0.09628930320139548]], "chi2_level": 0.997, "chi2_df": 3, "chi2_threshold": 13.931422665512084, "N_raw": 45, "N_roi": 45, "N_inlier": 45, "refit": true}
{"timestamp": "17:29:47.936674", "frame": 88, "mu": [0.43828678183002756, 3.977257762446794, 0.9507283715332302], "Sigma": [[0.009207678491429878, -0.0006691782104698031, 0.00672352698563753], [-0.0006691782104698031, 0.0004417555704703429, -0.001547881033112421], [0.00672352698563753, -0.001547881033112421, 0.03319701596211548]], "chi2_level": 0.997, "chi2_df": 3, "chi2_threshold": 13.931422665512084, "N_raw": 16, "N_roi": 16, "N_inlier": 16, "refit": true}
{"timestamp": "17:29:47.996013", "frame": 89, "mu": [0.44379030139475173, 4.087262540128456, 1.1888738118475868], "Sigma": [[0.021427267613042242, -0.0017904277368074653, -0.000891009181527895], [-0.0017904277368074653, 0.0016495380629195622, -0.0011154029065606236], [-0.0008910091815278933, -0.0011154029065606236, 0.08071182796231335]], "chi2_level": 0.997, "chi2_df": 3, "chi2_threshold": 13.931422665512084, "N_raw": 52, "N_roi": 52, "N_inlier": 51, "refit": true}
{"timestamp": "17:29:48.046372", "frame": 90, "mu": [0.4024726246686411, 4.0772866539597405, 0.6757637222950046], "Sigma": [[0.010886179542489178, -0.0011237953860017533, 0.02053357768385214], [-0.001123795386001753, 0.0012090513525627353, -0.0028946316266484536], [0.02053357768385214, -0.0028946316266484536, 0.09358046393275099]], "chi2_level": 0.997, "chi2_df": 3, "chi2_threshold": 13.931422665512084, "N_raw": 14, "N_roi": 13, "N_inlier": 13, "refit": true}
{"timestamp": "17:29:48.099817", "frame": 91, "mu": [0.5971708339474366, 4.13419883284877, 1.196006527232818], "Sigma": [[0.002969212955467392, -0.0012276363095947887, 0.006343062649637531], [-0.001227636309594789, 0.00292029852000366, -0.007124496132769855], [0.006343062649637532, -0.007124496132769855, 0.039696348988475946]], "chi2_level": 0.997, "chi2_df": 3, "chi2_threshold": 13.931422665512084, "N_raw": 8, "N_roi": 8, "N_inlier": 8, "refit": true}
{"timestamp": "17:29:48.155903", "frame": 92, "mu": [0.6711407477218473, 4.154322588690336, 1.264747594008473], "Sigma": [[0.008051399231962951, -0.002126773097141371, 0.0011014660900193942], [-0.0021267730971413707, 0.0021712845207983843, -0.006906518523966912], [0.0011014660900193944, -0.006906518523966912, 0.040822639694675894]], "chi2_level": 0.997, "chi2_df": 3, "chi2_threshold": 13.931422665512084, "N_raw": 16, "N_roi": 16, "N_inlier": 16, "refit": true}
{"timestamp": "17:29:48.211721", "frame": 93, "mu": [0.8209711075367743, 4.120568618647158, 0.9346431026322598], "Sigma": [[0.010341828542997452, -0.0023498318426644596, -0.008038453468214468], [-0.0023498318426644596, 0.004806617789493004, -0.0038509781381019874], [-0.008038453468214468, -0.0038509781381019874, 0.02070281844577485]], "chi2_level": 0.997, "chi2_df": 3, "chi2_threshold": 13.931422665512084, "N_raw": 23, "N_roi": 22, "N_inlier": 21, "refit": true}
{"timestamp": "17:29:48.269195", "frame": 94, "mu": [0.7920240640112559, 4.188741153624301, 1.048378039531813], "Sigma": [[0.017886111310990042, -0.0045026864039101, -0.00485496698665206], [-0.0045026864039101, 0.004560579274916538, -0.00207375356273608], [-0.00485496698665206, -0.00207375356273608, 0.011828847427996133]], "chi2_level": 0.997, "chi2_df": 3, "chi2_threshold": 13.931422665512084, "N_raw": 38, "N_roi": 38, "N_inlier": 36, "refit": true}
{"timestamp": "17:29:48.321015", "frame": 95, "mu": [0.8335285273518467, 4.314353204272594, 0.7305276689083839], "Sigma": [[0.007090901227185757, -0.00981960673802177, 0.004894721735693176], [-0.00981960673802177, 0.018801736079507376, -0.02355247123427319], [0.004894721735693176, -0.02355247123427319, 0.07399634146672426]], "chi2_level": 0.997, "chi2_df": 3, "chi2_threshold": 13.931422665512084, "N_raw": 14, "N_roi": 11, "N_inlier": 10, "refit": true}
{"timestamp": "17:29:48.376726", "frame": 96, "mu": [0.839006022328689, 4.377480523804147, 0.21095927850948631], "Sigma": [[0.010696204039975973, -0.007157643622588822, -0.0007885623734682121], [-0.007157643622588822, 0.025814343930542348, -0.017265082235905976], [-0.0007885623734682119, -0.017265082235905976, 0.016971100940435427]], "chi2_level": 0.997, "chi2_df": 3, "chi2_threshold": 13.931422665512084, "N_raw": 28, "N_roi": 24, "N_inlier": 24, "refit": true}
{"timestamp": "17:29:48.430687", "frame": 97, "mu": [0.8947090960924833, 4.300517771641671, 1.0821709622663283], "Sigma": [[0.005694941779764818, -0.0014254289765267348, -0.005666452735680538], [-0.0014254289765267348, 0.0021662216275794306, -0.0010344657193317637], [-0.005666452735680538, -0.0010344657193317641, 0.01292982171613473]], "chi2_level": 0.997, "chi2_df": 3, "chi2_threshold": 13.931422665512084, "N_raw": 14, "N_roi": 11, "N_inlier": 11, "refit": true}
{"timestamp": "17:29:48.539717", "frame": 99, "mu": [0.8748290841351354, 3.982667675875711, 1.042243924830988], "Sigma": [[0.06478898005321133, 0.3092410739734464, -0.09621897299829138], [0.3092410739734464, 1.513087274356178, -0.43633919105202046], [-0.09621897299829137, -0.43633919105202046, 0.2837947258207444]], "chi2_level": 0.997, "chi2_df": 3, "chi2_threshold": 13.931422665512084, "N_raw": 7, "N_roi": 7, "N_inlier": 7, "refit": true}
{"timestamp": "17:29:48.680626", "frame": 100, "mu": [0.9537694637776073, 4.405161053155343, 1.1619941810531969], "Sigma": [[0.0015208763126246386, -0.0005618356810198153, 0.0033290777600299606], [-0.0005618356810198153, 0.0014016602026731427, -0.0027771692854158293], [0.0033290777600299606, -0.0027771692854158298, 0.08793425347724522]], "chi2_level": 0.997, "chi2_df": 3, "chi2_threshold": 13.931422665512084, "N_raw": 7, "N_roi": 7, "N_inlier": 7, "refit": true}
{"timestamp": "17:29:48.706436", "frame": 101, "mu": [0.945823907218403, 4.471567719968261, 0.9305810686380673], "Sigma": [[0.0010792896826042123, 0.00042521049752816534, -0.008092161874586962], [0.00042521049752816534, 0.0005506652073304969, -0.002501390605405722], [-0.008092161874586962, -0.002501390605405722, 0.126430135550709]], "chi2_level": 0.997, "chi2_df": 3, "chi2_threshold": 13.931422665512084, "N_raw": 6, "N_roi": 6, "N_inlier": 6, "refit": true}
{"timestamp": "17:29:48.737779", "frame": 102, "mu": [1.0389560723993951, 4.498097715734524, 0.9397686531451437], "Sigma": [[0.001976344369730885, -0.0001199527056772806, -0.00240776966792225], [-0.00011995270567728055, 0.00048310147234111603, -0.004277821904789468], [-0.00240776966792225, -0.004277821904789468, 0.049063992013464466]], "chi2_level": 0.997, "chi2_df": 3, "chi2_threshold": 13.931422665512084, "N_raw": 8, "N_roi": 8, "N_inlier": 8, "refit": true}
{"timestamp": "17:29:48.813835", "frame": 104, "mu": [1.0859446416486929, 4.651774269283095, 1.1133963358246242], "Sigma": [[0.0004114588900178606, -0.0007686839831113996, 0.00194241123613986], [-0.0007686839831113996, 0.0034352087444009904, -0.009503355476671374], [0.00194241123613986, -0.009503355476671374, 0.03421224022297354]], "chi2_level": 0.997, "chi2_df": 3, "chi2_threshold": 13.931422665512084, "N_raw": 6, "N_roi": 5, "N_inlier": 5, "refit": true}
{"timestamp": "17:29:48.923994", "frame": 106, "mu": [1.1773106893118936, 4.810531611905382, 0.44653908631638956], "Sigma": [[0.0035532151544005954, 0.0005755760476806796, -0.005430613225973318], [0.0005755760476806796, 0.0037113486744972802, -0.0013794141516272275], [-0.005430613225973317, -0.0013794141516272275, 0.009471845242760684]], "chi2_level": 0.997, "chi2_df": 3, "chi2_threshold": 13.931422665512084, "N_raw": 6, "N_roi": 6, "N_inlier": 6, "refit": true}
{"timestamp": "17:29:49.034500", "frame": 108, "mu": [1.228891865494874, 4.927561953437321, 0.8086031747609417], "Sigma": [[0.0037430194800813998, 0.00018703198977605852, -0.022881128729241484], [0.00018703198977605863, 0.0006642975282251485, 0.00021100999178820095], [-0.022881128729241484, 0.00021100999178820095, 0.22337375952593017]], "chi2_level": 0.997, "chi2_df": 3, "chi2_threshold": 13.931422665512084, "N_raw": 9, "N_roi": 5, "N_inlier": 5, "refit": true}
{"timestamp": "17:29:49.198462", "frame": 111, "mu": [1.2854564408933962, 4.915998127242464, 1.0430534863252234], "Sigma": [[0.00034039231113192146, 0.0001643679257952656, -0.003482787851455335], [0.00016436792579526554, 0.0017183272281375806, -0.007724488899826441], [-0.0034827878514553353, -0.00772448889982644, 0.05857310974171642]], "chi2_level": 0.997, "chi2_df": 3, "chi2_threshold": 13.931422665512084, "N_raw": 5, "N_roi": 5, "N_inlier": 5, "refit": true}
{"timestamp": "17:29:49.254244", "frame": 112, "mu": [1.3711715806963394, 4.92906355403236, 0.5078177370319086], "Sigma": [[0.0038898749980352462, -0.00045727939900377706, -0.008965745096405072], [-0.00045727939900377706, 0.0007090352563266643, 0.0007004275017420236], [-0.008965745096405072, 0.0007004275017420235, 0.05990570248857766]], "chi2_level": 0.997, "chi2_df": 3, "chi2_threshold": 13.931422665512084, "N_raw": 8, "N_roi": 8, "N_inlier": 8, "refit": true}
