{"timestamp": "17:54:46.778096", "frame": 4, "mu": [2.169643562554805, 4.832127493805262, 0.8564491194036785], "Sigma": [[0.02454056579980981, -0.011166545073800518, -0.007451678892685644], [-0.011166545073800518, 0.009287577685839257, 0.005557026163734158], [-0.007451678892685644, 0.005557026163734158, 0.004931687288384717]], "chi2_level": 0.997, "chi2_df": 3, "chi2_threshold": 13.931422665512084, "N_raw": 35, "N_roi": 29, "N_inlier": 29, "refit": true}
{"timestamp": "17:54:46.995782", "frame": 8, "mu": [2.1769579727063184, 4.869467420927144, 0.993220481371029], "Sigma": [[0.008127814332189438, -0.004680051231626656, -0.005437966609323387], [-0.004680051231626656, 0.0057890529094561495, 0.005666836914565541], [-0.0054379666093233876, 0.005666836914565541, 0.007081168330597632]], "chi2_level": 0.997, "chi2_df": 3, "chi2_threshold": 13.931422665512084, "N_raw": 12, "N_roi": 10, "N_inlier": 10, "refit": true}
{"timestamp": "17:54:47.105835", "frame": 10, "mu": [2.190619090856184, 4.859624915968216, 1.1251035501904982], "Sigma": [[0.014972488938833869, -0.006577081212596581, -0.006153056521987558], [-0.006577081212596581, 0.005085141818490849, 0.0025854667600989124], [-0.006153056521987558, 0.0025854667600989124, 0.0050509507304998995]], "chi2_level": 0.997, "chi2_df": 3, "chi2_threshold": 13.931422665512084, "N_raw": 18, "N_roi": 17, "N_inlier": 17, "refit": true}
{"timestamp": "17:54:47.382779", "frame": 15, "mu": [2.2349434863400957, 4.904703373223466, 0.15164363515489804], "Sigma": [[0.018863483776240527, -0.006181073901272939, -0.001979736508173263], [-0.0061810739012729396, 0.0033878977900839175, 0.0007085473819361159], [-0.001979736508173263, 0.0007085473819361158, 0.0004351528539799054]], "chi2_level": 0.997, "chi2_df": 3, "chi2_threshold": 13.931422665512084, "N_raw": 33, "N_roi": 16, "N_inlier": 16, "refit": true}
{"timestamp": "17:54:47.544362", "frame": 18, "mu": [2.1523928150802014, 4.8094914501409525, 0.7419402700045347], "Sigma": [[0.004312701318222201, -0.0012252438281416414, -0.006447497551574557], [-0.0012252438281416414, 0.0012332442554889216, -0.0005512234741511272], [-0.006447497551574557, -0.0005512234741511272, 0.02105123896635683]], "chi2_level": 0.997, "chi2_df": 3, "chi2_threshold": 13.931422665512084, "N_raw": 8, "N_roi": 7, "N_inlier": 7, "refit": true}
{"timestamp": "17:54:47.599530", "frame": 19, "mu": [2.1814484278234776, 4.744864218619714, 0.713693875813229], "Sigma": [[0.009689979373929564, -0.001352909975079597, -0.022884892014291846], [-0.001352909975079597, 0.00044914419085223013, 0.0051408817806669], [-0.022884892014291846, 0.0051408817806669, 0.07477420997277502]], "chi2_level": 0.997, "chi2_df": 3, "chi2_threshold": 13.931422665512084, "N_raw": 8, "N_roi": 5, "N_inlier": 5, "refit": true}
{"timestamp": "17:54:47.709005", "frame": 21, "mu": [1.8922664821834774, 4.12697412131652, 1.034568703888958], "Sigma": [[0.5086135802586454, 1.09702133101154, -0.3139811993126553], [1.09702133101154, 2.367933264423624, -0.6706032664592233], [-0.3139811993126553, -0.6706032664592233, 0.21847519009642896]], "chi2_level": 0.997, "chi2_df": 3, "chi2_threshold": 13.931422665512084, "N_raw": 6, "N_roi": 5, "N_inlier": 5, "refit": true}
{"timestamp": "17:54:47.766132", "frame": 22, "mu": [2.220874753391217, 4.587583562439841, 0.6782254056103775], "Sigma": [[0.014248445666496827, -0.008425577123600442, -0.00015567214623162353], [-0.008425577123600442, 0.005907841987995531, -0.002862833211812863], [-0.0001556721462316231, -0.0028628332118128636, 0.023383912886145414]], "chi2_level": 0.997, "chi2_df": 3, "chi2_threshold": 13.931422665512084, "N_raw": 19, "N_roi": 17, "N_inlier": 17, "refit": true}
{"timestamp": "17:54:47.819667", "frame": 23, "mu": [2.118540232423175, 4.769809141818499, 0.09182835292496075], "Sigma": [[0.0035606861327147766, -0.0017409730121239384, -0.003882253333305863], [-0.0017409730121239384, 0.008403174483528305, -0.013659899016350507], [-0.0038822533333058625, -0.013659899016350507, 0.04312653546389603]], "chi2_level": 0.997, "chi2_df": 3, "chi2_threshold": 13.931422665512084, "N_raw": 9, "N_roi": 7, "N_inlier": 7, "refit": true}
{"timestamp": "17:54:47.881899", "frame": 24, "mu": [2.151173727066289, 4.71309707277599, -0.48809527340516295], "Sigma": [[0.04121901822216266, -0.01700517714752127, 0.018042997239878282], [-0.01700517714752127, 0.010668898471414579, -0.021639218961983477], [0.01804299723987829, -0.021639218961983477, 0.08955998892773466]], "chi2_level": 0.997, "chi2_df": 3, "chi2_threshold": 13.931422665512084, "N_raw": 60, "N_roi": 55, "N_inlier": 55, "refit": true}
{"timestamp": "17:54:47.935212", "frame": 25, "mu": [2.1527687822473673, 4.427068250207114, 0.39126994832172485], "Sigma": [[0.02187472183473957, -0.0060229936313623686, 0.025926703866960485], [-0.0060229936313623686, 0.001954713277437726, -0.0073698071057461696], [0.025926703866960485, -0.0073698071057461696, 0.05299340185032784]], "chi2_level": 0.997, "chi2_df": 3, "chi2_threshold": 13.931422665512084, "N_raw": 25, "N_roi": 21, "N_inlier": 21, "refit": true}
{"timestamp": "17:54:47.994707", "frame": 26, "mu": [2.0680294490129856, 4.380253238423288, 0.34613362560169536], "Sigma": [[0.03611825070022835, -0.013973228051467711, 0.020807480272151718], [-0.013973228051467711, 0.006441742670534319, -0.00953593925738876], [0.02080748027215172, -0.00953593925738876, 0.0609733906580161]], "chi2_level": 0.997, "chi2_df": 3, "chi2_threshold": 13.931422665512084, "N_raw": 59, "N_roi": 58, "N_inlier": 58, "refit": true}
{"timestamp": "17:54:48.045111", "frame": 27, "mu": [1.9391307213881823, 4.362110561893174, 0.11815022263165034], "Sigma": [[0.02386298139419359, -0.010347647252901764, 0.006609563288354532], [-0.010347647252901765, 0.006551467520219757, -0.00457742334465388], [0.006609563288354532, -0.00457742334465388, 0.005065973014472316]], "chi2_level": 0.997, "chi2_df": 3, "chi2_threshold": 13.931422665512084, "N_raw": 31, "N_roi": 30, "N_inlier": 29, "refit": true}
{"timestamp": "17:54:48.102399", "frame": 28, "mu": [1.9940549190425214, 4.568300488237669, -0.2824431647594369], "Sigma": [[0.023673052954895128, -0.009030354999919572, -0.009185037828558975], [-0.009030354999919568, 0.008805526090664753, -0.006688544903174922], [-0.009185037828558975, -0.006688544903174923, 0.02616250359062887]], "chi2_level": 0.997, "chi2_df": 3, "chi2_threshold": 13.931422665512084, "N_raw": 46, "N_roi": 45, "N_inlier": 44, "refit": true}
{"timestamp": "17:54:48.209057", "frame": 30, "mu": [1.935266641849834, 4.23396471994751, 0.8192830126769869], "Sigma": [[0.011763911460201901, -0.00522058608831408, -0.004509370759230509], [-0.00522058608831408, 0.005133796715977177, -0.0011436427571879177], [-0.004509370759230509, -0.0011436427571879179, 0.010517332930436375]], "chi2_level": 0.997, "chi2_df": 3, "chi2_threshold": 13.931422665512084, "N_raw": 21, "N_roi": 17, "N_inlier": 17, "refit": true}
{"timestamp": "17:54:48.268359", "frame": 31, "mu": [1.8467490544243264, 4.201950292473734, 0.7025279465454638], "Sigma": [[0.03303414354255241, -0.01640469173804486, -0.01647140575847312], [-0.01640469173804486, 0.012617394932664831, 0.00556544037346103], [-0.01647140575847312, 0.005565440373461029, 0.01352608087512922]], "chi2_level": 0.997, "chi2_df": 3, "chi2_threshold": 13.931422665512084, "N_raw": 56, "N_roi": 56, "N_inlier": 55, "refit": true}
{"timestamp": "17:54:48.322127", "frame": 32, "mu": [1.8582426743928862, 4.365748262641929, -0.2709606504773939], "Sigma": [[0.026676661818878577, -0.007874358295349456, -0.03454552989563638], [-0.007874358295349458, 0.006111348531989195, 0.005509977624960154], [-0.03454552989563638, 0.005509977624960154, 0.05400866844697178]], "chi2_level": 0.997, "chi2_df": 3, "chi2_threshold": 13.931422665512084, "N_raw": 45, "N_roi": 44, "N_inlier": 43, "refit": true}
{"timestamp": "17:54:48.373308", "frame": 33, "mu": [1.8863730257703004, 4.0380047177848315, 0.49180668101116326], "Sigma": [[0.013438747712190204, -0.00809391523556256, -0.008534194890914022], [-0.00809391523556256, 0.005220757137034204, 0.004393940243660006], [-0.008534194890914022, 0.004393940243660005, 0.016607635371019405]], "chi2_level": 0.997, "chi2_df": 3, "chi2_threshold": 13.931422665512084, "N_raw": 21, "N_roi": 20, "N_inlier": 19, "refit": true}
{"timestamp": "17:54:48.426004", "frame": 34, "mu": [1.6413843568999276, 3.550102824306124, 0.9864609150427193], "Sigma": [[0.37156303220941017, 0.827536042054379, -0.1999644907317002], [0.827536042054379, 1.85031065537813, -0.4473133160316107], [-0.1999644907317002, -0.4473133160316107, 0.10814566935224185]], "chi2_level": 0.997, "chi2_df": 3, "chi2_threshold": 13.931422665512084, "N_raw": 5, "N_roi": 5, "N_inlier": 5, "refit": true}
{"timestamp": "17:54:48.542219", "frame": 36, "mu": [1.6688532341951996, 3.8575806672239072, 0.37491340817186086], "Sigma": [[0.025129034402697693, -0.007899541012340668, 0.007200991370735054], [-0.007899541012340668, 0.004606277818251836, -0.004734644566369589], [0.007200991370735054, -0.00473464456636959, 0.016847986749800835]], "chi2_level": 0.997, "chi2_df": 3, "chi2_threshold": 13.931422665512084, "N_raw": 51, "N_roi": 49, "N_inlier": 49, "refit": true}
{"timestamp": "17:54:48.596758", "frame": 37, "mu": [1.66005678742259, 3.784794931586254, 0.3633120048421495], "Sigma": [[0.0250268751108209, -0.011231782617694329, 0.0008778475831929774], [-0.011231782617694329, 0.008603039376959066, -0.0028167502137616245], [0.0008778475831929774, -0.002816750213761625, 0.0023395039145981717]], "chi2_level": 0.997, "chi2_df": 3, "chi2_threshold": 13.931422665512084, "N_raw": 49, "N_roi": 49, "N_inlier": 47, "refit": true}
{"timestamp": "17:54:48.646059", "frame": 38, "mu": [1.5935440685980948, 3.689735398880528, 0.2683001196782112], "Sigma": [[0.010507690587108917, -0.010475081122950255, 0.0022253829822204705], [-0.010475081122950255, 0.010621987545316396, -0.00033062955779290457], [0.0022253829822204705, -0.00033062955779290413, 0.03777407792429687]], "chi2_level": 0.997, "chi2_df": 3, "chi2_threshold": 13.931422665512084, "N_raw": 5, "N_roi": 5, "N_inlier": 5, "refit": true}
{"timestamp": "17:54:48.706251", "frame": 39, "mu": [1.5330598577696801, 3.6908965769237474, 0.460633839973783], "Sigma": [[0.02054897280791069, -0.00922404256531097, -0.0033221415031429707], [-0.00922404256531097, 0.00535577989371356, -0.001498366570443436], [-0.0033221415031429707, -0.0014983665704434359, 0.014022926625392415]], "chi2_level": 0.997, "chi2_df": 3, "chi2_threshold": 13.931422665512084, "N_raw": 43, "N_roi": 43, "N_inlier": 43, "refit": true}
{"timestamp": "17:54:48.758195", "frame": 40, "mu": [1.4581092743311985, 3.6798698368349116, 0.702905553494756], "Sigma": [[0.006534477897447522, -0.0028075426193001083, -0.007609860291466328], [-0.002807542619300109, 0.0022157294268292643, 0.0010310187447645882], [-0.007609860291466328, 0.0010310187447645882, 0.01748860234681358]], "chi2_level": 0.997, "chi2_df": 3, "chi2_threshold": 13.931422665512084, "N_raw": 11, "N_roi": 10, "N_inlier": 10, "refit": true}
{"timestamp": "17:54:48.815304", "frame": 41, "mu": [1.4165359151567671, 3.6008782020616628, 0.6124514642263597], "Sigma": [[0.011266914623553283, -0.00791801848318697, -0.0022156027300859744], [-0.00791801848318697, 0.00930918327777402, 0.0005766228497021176], [-0.0022156027300859744, 0.0005766228497021176, 0.0018557299071718732]], "chi2_level": 0.997, "chi2_df": 3, "chi2_threshold": 13.931422665512084, "N_raw": 30, "N_roi": 30, "N_inlier": 30, "refit": true}
{"timestamp": "17:54:48.873302", "frame": 42, "mu": [1.2793171952063362, 3.5743037272367184, 0.6502970550661892], "Sigma": [[0.019163966890355967, -0.006958993487393013, -0.005225932352870548], [-0.006958993487393013, 0.00997594241499734, 0.00071525865993605], [-0.005225932352870548, 0.00071525865993605, 0.003935369531126107]], "chi2_level": 0.997, "chi2_df": 3, "chi2_threshold": 13.931422665512084, "N_raw": 55, "N_roi": 55, "N_inlier": 53, "refit": true}
{"timestamp": "17:54:48.934870", "frame": 43, "mu": [1.1842196528382851, 3.5491468607497194, 0.5491814513236516], "Sigma": [[0.030574289265696775, -0.011420187028096364, 0.011057905530681821], [-0.011420187028096364, 0.007928019785778097, -0.011578004695191532], [0.011057905530681821, -0.011578004695191532, 0.04632361696831323]], "chi2_level": 0.997, "chi2_df": 3, "chi2_threshold": 13.931422665512084, "N_raw": 93, "N_roi": 93, "N_inlier": 93, "refit": true}
{"timestamp": "17:54:48.985576", "frame": 44, "mu": [1.1452448585411714, 3.517928040342232, 0.6075960803752194], "Sigma": [[0.027977595692039826, -0.012635312497375182, 0.012266792681794238], [-0.012635312497375182, 0.007254736532666344, -0.010113160642323147], [0.012266792681794238, -0.010113160642323147, 0.033411352850957116]], "chi2_level": 0.997, "chi2_df": 3, "chi2_threshold": 13.931422665512084, "N_raw": 66, "N_roi": 66, "N_inlier": 64, "refit": true}
{"timestamp": "17:54:49.040617", "frame": 45, "mu": [1.0780893949094568, 3.4860640854089366, 0.6755148491796802], "Sigma": [[0.02392176731273196, -0.007742658304918992, 0.014992122899864908], [-0.007742658304918992, 0.004219900727954177, -0.009605121038032152], [0.01499212289986491, -0.009605121038032152, 0.06155004053180338]], "chi2_level": 0.997, "chi2_df": 3, "chi2_threshold": 13.931422665512084, "N_raw": 70, "N_roi": 70, "N_inlier": 70, "refit": true}
{"timestamp": "17:54:49.101231", "frame": 46, "mu": [0.9517488629441311, 3.3661701732026956, 0.3908317647275818], "Sigma": [[0.0356611541612917, -0.005313417239715004, 0.02652824637730001], [-0.005313417239715004, 0.003744556313752478, -0.008014081577050502], [0.026528246377300006, -0.0080140815770505, 0.083392483828349]], "chi2_level": 0.997, "chi2_df": 3, "chi2_threshold": 13.931422665512084, "N_raw": 109, "N_roi": 109, "N_inlier": 108, "refit": true}
{"timestamp": "17:54:49.153753", "frame": 47, "mu": [0.8965667848017469, 3.3139096542489335, 0.47988518147878734], "Sigma": [[0.024809128574389223, -0.005784722992318089, 0.00852724376887884], [-0.005784722992318088, 0.0029072413958392495, -0.007502486229576211], [0.00852724376887884, -0.0075024862295762105, 0.03973879592994915]], "chi2_level": 0.997, "chi2_df": 3, "chi2_threshold": 13.931422665512084, "N_raw": 87, "N_roi": 87, "N_inlier": 84, "refit": true}
{"timestamp": "17:54:49.202908", "frame": 48, "mu": [0.9527262963929111, 3.239633231439921, 0.7026754506008557], "Sigma": [[0.017774844683633544, -0.005118971415015421, 0.003291621759275297], [-0.005118971415015421, 0.003167048634111617, -0.004434356413362166], [0.003291621759275297, -0.004434356413362165, 0.010717320158170457]], "chi2_level": 0.997, "chi2_df": 3, "chi2_threshold": 13.931422665512084, "N_raw": 44, "N_roi": 44, "N_inlier": 43, "refit": true}
{"timestamp": "17:54:49.256379", "frame": 49, "mu": [0.829193573918148, 3.2225387018540754, 0.7504161631370662], "Sigma": [[0.013730603883445765, -0.003663035445430081, -0.00219669995506387], [-0.003663035445430081, 0.0016402421897665478, -0.002328454079122924], [-0.00219669995506387, -0.002328454079122924, 0.023656651007979028]], "chi2_level": 0.997, "chi2_df": 3, "chi2_threshold": 13.931422665512084, "N_raw": 47, "N_roi": 47, "N_inlier": 47, "refit": true}
{"timestamp": "17:54:49.314026", "frame": 50, "mu": [0.7264276880159374, 3.2016080286042774, 0.7472775884271186], "Sigma": [[0.01478837896812297, -0.003692405777697982, 0.0011484872203752557], [-0.003692405777697982, 0.00518408464060389, -0.00321267075359721], [0.0011484872203752561, -0.0032126707535972106, 0.008745774219184746]], "chi2_level": 0.997, "chi2_df": 3, "chi2_threshold": 13.931422665512084, "N_raw": 59, "N_roi": 57, "N_inlier": 56, "refit": true}
{"timestamp": "17:54:49.370188", "frame": 51, "mu": [0.6859242328946106, 3.157721205820337, 0.6765805212523411], "Sigma": [[0.014841044257993543, -0.0038028771929875765, -0.009306041615836366], [-0.0038028771929875765, 0.0028510368017832955, -0.0031434597648615763], [-0.009306041615836366, -0.0031434597648615763, 0.0656448247553612]], "chi2_level": 0.997, "chi2_df": 3, "chi2_threshold": 13.931422665512084, "N_raw": 66, "N_roi": 63, "N_inlier": 61, "refit": true}
{"timestamp": "17:54:49.424573", "frame": 52, "mu": [0.6525586197584028, 3.0593858064670494, 0.6454512475361862], "Sigma": [[0.012901523879414846, -0.003586711997760241, -0.0021497744044503414], [-0.003586711997760241, 0.00520354387736753, -0.002584274664331008], [-0.0021497744044503414, -0.0025842746643310083, 0.008350929116909742]], "chi2_level": 0.997, "chi2_df": 3, "chi2_threshold": 13.931422665512084, "N_raw": 60, "N_roi": 58, "N_inlier": 56, "refit": true}
{"timestamp": "17:54:49.483128", "frame": 53, "mu": [0.5558891821107813, 3.191959673474033, -0.25147329215727365], "Sigma": [[0.01695814949304366, -0.006426122050291612, 0.05955989623185809], [-0.006426122050291612, 0.020847633402741338, -0.04800761171299274], [0.05955989623185809, -0.04800761171299274, 0.34353971266853006]], "chi2_level": 0.997, "chi2_df": 3, "chi2_threshold": 13.931422665512084, "N_raw": 90, "N_roi": 90, "N_inlier": 90, "refit": true}
{"timestamp": "17:54:49.528186", "frame": 54, "mu": [0.4886396736197382, 2.9540164454427926, 0.5863543929791781], "Sigma": [[0.0039964354726532685, -0.0017583446170016238, 7.653149738180655e-05], [-0.0017583446170016236, 0.0013845676901927217, -0.0024226915956286504], [7.653149738180644e-05, -0.0024226915956286504, 0.023284944075866565]], "chi2_level": 0.997, "chi2_df": 3, "chi2_threshold": 13.931422665512084, "N_raw": 13, "N_roi": 13, "N_inlier": 13, "refit": true}
{"timestamp": "17:54:49.590736", "frame": 55, "mu": [0.43697735951989286, 3.003914007580514, -0.9564912089800998], "Sigma": [[0.018236322541922777, 0.009211310744475957, 0.06401985616492734], [0.009211310744475957, 0.018296770299153647, 0.019851059935184157], [0.06401985616492734, 0.019851059935184157, 0.3538602870769761]], "chi2_level": 0.997, "chi2_df": 3, "chi2_threshold": 13.931422665512084, "N_raw": 75, "N_roi": 75, "N_inlier": 74, "refit": true}
{"timestamp": "17:54:49.641152", "frame": 56, "mu": [0.34490287787134527, 3.033438252753368, -0.730549178886187], "Sigma": [[0.008933754813816799, 0.004773604629189086, 0.02044572499368987], [0.004773604629189087, 0.012023855743890912, 0.024461675837568857], [0.02044572499368987, 0.024461675837568857, 0.10269796512852149]], "chi2_level": 0.997, "chi2_df": 3, "chi2_threshold": 13.931422665512084, "N_raw": 42, "N_roi": 42, "N_inlier": 40, "refit": true}
{"timestamp": "17:54:49.697366", "frame": 57, "mu": [0.2866041533748345, 2.7743463983238175, 0.7560120922653071], "Sigma": [[0.010504173471601427, -0.003958395493657922, -0.004418804920713603], [-0.003958395493657922, 0.003299532585309641, -0.0006393062459244026], [-0.004418804920713603, -0.0006393062459244026, 0.008168291542689126]], "chi2_level": 0.997, "chi2_df": 3, "chi2_threshold": 13.931422665512084, "N_raw": 48, "N_roi": 48, "N_inlier": 45, "refit": true}
{"timestamp": "17:54:49.756499", "frame": 58, "mu": [0.22475112050032886, 2.7619222121063833, 0.8193500830273504], "Sigma": [[0.018038229661964902, -0.002972023039730127, -0.0010201228765472738], [-0.002972023039730127, 0.00518608106171064, -0.002696995565894437], [-0.001020122876547274, -0.002696995565894437, 0.0029958554837139426]], "chi2_level": 0.997, "chi2_df": 3, "chi2_threshold": 13.931422665512084, "N_raw": 81, "N_roi": 78, "N_inlier": 72, "refit": true}
{"timestamp": "17:54:49.809681", "frame": 59, "mu": [0.16557975367243247, 2.7623309338931685, 1.0473999459877485], "Sigma": [[0.013470675494345934, -0.0032035240640302083, -0.010636539576414621], [-0.0032035240640302083, 0.002833362411227314, -0.0007676466600820861], [-0.010636539576414621, -0.0007676466600820861, 0.017055372852579]], "chi2_level": 0.997, "chi2_df": 3, "chi2_threshold": 13.931422665512084, "N_raw": 58, "N_roi": 58, "N_inlier": 55, "refit": true}
{"timestamp": "17:54:49.866863", "frame": 60, "mu": [0.11359279858745339, 2.6853477192047155, 0.9426936044925103], "Sigma": [[0.013367602604446934, -0.004999056205180139, -0.003925994585657908], [-0.004999056205180139, 0.003967867255207191, -0.0038991970322253336], [-0.003925994585657908, -0.003899197032225334, 0.026089538961277695]], "chi2_level": 0.997, "chi2_df": 3, "chi2_threshold": 13.931422665512084, "N_raw": 80, "N_roi": 77, "N_inlier": 74, "refit": true}
{"timestamp": "17:54:49.922040", "frame": 61, "mu": [0.03247136038483784, 2.6432697858604635, 0.9902551838093813], "Sigma": [[0.012839064899419507, -0.003308239442595734, -0.003533496923910982], [-0.003308239442595734, 0.0028326694857555325, -0.0037597230301444975], [-0.0035334969239109813, -0.0037597230301444975, 0.02141560534867412]], "chi2_level": 0.997, "chi2_df": 3, "chi2_threshold": 13.931422665512084, "N_raw": 73, "N_roi": 72, "N_inlier": 69, "refit": true}
{"timestamp": "17:54:49.977468", "frame": 62, "mu": [-0.03466960824409226, 2.61174237195751, 1.0348564735637789], "Sigma": [[0.016306765484685237, -0.007706913548785169, -0.003593633550406486], [-0.007706913548785169, 0.0077680566458396974, -0.0016899932633752464], [-0.0035936335504064857, -0.0016899932633752468, 0.005946139842498648]], "chi2_level": 0.997, "chi2_df": 3, "chi2_threshold": 13.931422665512084, "N_raw": 77, "N_roi": 77, "N_inlier": 73, "refit": true}
{"timestamp": "17:54:50.032997", "frame": 63, "mu": [-0.10420915322902558, 2.541763494995479, 1.0022529885712341], "Sigma": [[0.017459411933357025, -0.007358916672037999, 0.0006032884555241762], [-0.007358916672037998, 0.007263268119318933, -0.004429432307430265], [0.0006032884555241765, -0.004429432307430265, 0.005307387935477488]], "chi2_level": 0.997, "chi2_df": 3, "chi2_threshold": 13.931422665512084, "N_raw": 85, "N_roi": 85, "N_inlier": 79, "refit": true}
{"timestamp": "17:54:50.090102", "frame": 64, "mu": [-0.21011441218481583, 2.5021977283901933, 0.8558165398080301], "Sigma": [[0.01897718148012823, -0.009813419459637384, 0.007527632691661177], [-0.009813419459637384, 0.01246064869595648, 0.010754311080404283], [0.007527632691661177, 0.010754311080404283, 0.19617247124771023]], "chi2_level": 0.997, "chi2_df": 3, "chi2_threshold": 13.931422665512084, "N_raw": 95, "N_roi": 95, "N_inlier": 93, "refit": true}
{"timestamp": "17:54:50.145060", "frame": 65, "mu": [-0.28119778521298466, 2.4354486576514898, 0.8418543534873049], "Sigma": [[0.02134901734601595, -0.00765697678031321, 0.023726931043314952], [-0.007656976780313209, 0.011105956604040108, -0.010231399459016816], [0.02372693104331495, -0.010231399459016816, 0.2244072081119453]], "chi2_level": 0.997, "chi2_df": 3, "chi2_threshold": 13.931422665512084, "N_raw": 85, "N_roi": 80, "N_inlier": 79, "refit": true}
{"timestamp": "17:54:50.201628", "frame": 66, "mu": [-0.27598403024713886, 2.358978330475594, 0.6485474273775851], "Sigma": [[0.02308620504178265, -0.0008768411210879691, -0.009335863928003662], [-0.0008768411210879697, 0.013222726963989935, 0.007268842931641982], [-0.00933586392800366, 0.007268842931641981, 0.26519392353884397]], "chi2_level": 0.997, "chi2_df": 3, "chi2_threshold": 13.931422665512084, "N_raw": 103, "N_roi": 103, "N_inlier": 103, "refit": true}
{"timestamp": "17:54:50.253211", "frame": 67, "mu": [-0.39979302279874535, 2.2603325324593464, 0.8227301015697174], "Sigma": [[0.010385610169996918, -0.0009349639729275361, 0.00596370260478475], [-0.0009349639729275361, 0.003502643329243755, 0.004065235060601949], [0.005963702604784749, 0.00406523506060195, 0.15715322012117852]], "chi2_level": 0.997, "chi2_df": 3, "chi2_threshold": 13.931422665512084, "N_raw": 79, "N_roi": 79, "N_inlier": 76, "refit": true}
{"timestamp": "17:54:50.307603", "frame": 68, "mu": [-0.41116481778244246, 2.3904508453807107, -0.35887818718821207], "Sigma": [[0.009079715195695304, -0.00287164209201504, 0.022979217101743894], [-0.0028716420920150395, 0.013744054662043368, -0.03727656064151444], [0.022979217101743894, -0.037276560641514446, 0.2478935402347563]], "chi2_level": 0.997, "chi2_df": 3, "chi2_threshold": 13.931422665512084, "N_raw": 78, "N_roi": 78, "N_inlier": 78, "refit": true}
{"timestamp": "17:54:50.362390", "frame": 69, "mu": [-0.5003792393249085, 2.36277246947385, -0.3170139019723379], "Sigma": [[0.009963139124362677, -0.0037810675044344638, 0.010645586726083626], [-0.0037810675044344638, 0.011585980045283257, -0.04159656854781691], [0.010645586726083626, -0.04159656854781691, 0.2184476736134467]], "chi2_level": 0.997, "chi2_df": 3, "chi2_threshold": 13.931422665512084, "N_raw": 77, "N_roi": 77, "N_inlier": 76, "refit": true}
{"timestamp": "17:54:50.419130", "frame": 70, "mu": [-0.5354448969848393, 2.1111622626051556, 0.897100352856878], "Sigma": [[0.021405715120273946, -0.009886105700646047, -0.05628606657944065], [-0.009886105700646047, 0.007641700705754131, 0.03141467611185016], [-0.05628606657944065, 0.03141467611185016, 0.25547560480612086]], "chi2_level": 0.997, "chi2_df": 3, "chi2_threshold": 13.931422665512084, "N_raw": 84, "N_roi": 83, "N_inlier": 82, "refit": true}
{"timestamp": "17:54:50.471216", "frame": 71, "mu": [-0.5936475392288912, 2.2810132655037805, -0.4561996215987605], "Sigma": [[0.007123156647803925, 0.001161646107433203, -0.014675478217155598], [0.0011616461074332026, 0.008023923389617762, -0.024497907238287615], [-0.014675478217155598, -0.02449790723828761, 0.17510220797555776]], "chi2_level": 0.997, "chi2_df": 3, "chi2_threshold": 13.931422665512084, "N_raw": 73, "N_roi": 73, "N_inlier": 73, "refit": true}
{"timestamp": "17:54:50.528240", "frame": 72, "mu": [-0.7191990096047736, 2.034451569879366, 1.2721436710081175], "Sigma": [[0.013720517313322403, -0.0037352133422585403, -0.013043560500412908], [-0.0037352133422585403, 0.005963287764595142, 0.00045692019207086527], [-0.013043560500412908, 0.0004569201920708654, 0.017490199323316094]], "chi2_level": 0.997, "chi2_df": 3, "chi2_threshold": 13.931422665512084, "N_raw": 85, "N_roi": 85, "N_inlier": 79, "refit": true}
{"timestamp": "17:54:50.582627", "frame": 73, "mu": [-0.6780451422835991, 1.9714365166580856, 1.0828845020218434], "Sigma": [[0.009302018476284717, -0.0025036809080268164, -0.012214796038431074], [-0.0025036809080268164, 0.003307556491240775, -0.0019541867260590277], [-0.012214796038431074, -0.0019541867260590277, 0.0333706013753485]], "chi2_level": 0.997, "chi2_df": 3, "chi2_threshold": 13.931422665512084, "N_raw": 81, "N_roi": 81, "N_inlier": 75, "refit": true}
{"timestamp": "17:54:50.637378", "frame": 74, "mu": [-0.852535629300794, 1.9418756721418535, 1.0785839248492626], "Sigma": [[0.011811177265281908, -0.004124128280618065, 0.007975328847304244], [-0.004124128280618065, 0.005435199564346163, -0.01415420453921452], [0.007975328847304243, -0.01415420453921452, 0.08720679738868012]], "chi2_level": 0.997, "chi2_df": 3, "chi2_threshold": 13.931422665512084, "N_raw": 64, "N_roi": 64, "N_inlier": 62, "refit": true}
{"timestamp": "17:54:50.692050", "frame": 75, "mu": [-0.8821311421713258, 1.885735926816918, 1.112198865000579], "Sigma": [[0.010080784504363007, -0.00035260208777322465, -0.009758797600783825], [-0.00035260208777322476, 0.0018566737643875356, -0.00419435829346286], [-0.009758797600783825, -0.00419435829346286, 0.042732137739218655]], "chi2_level": 0.997, "chi2_df": 3, "chi2_threshold": 13.931422665512084, "N_raw": 79, "N_roi": 79, "N_inlier": 72, "refit": true}
{"timestamp": "17:54:50.740633", "frame": 76, "mu": [-1.0111884123772674, 1.8201714132906948, 0.7991481569268825], "Sigma": [[0.01602514369653856, -0.0027759140035645818, 0.004147979432038972], [-0.0027759140035645818, 0.010934276776201192, 0.0011566348920301669], [0.004147979432038974, 0.0011566348920301669, 0.2592847690638875]], "chi2_level": 0.997, "chi2_df": 3, "chi2_threshold": 13.931422665512084, "N_raw": 27, "N_roi": 27, "N_inlier": 26, "refit": true}
{"timestamp": "17:54:50.800874", "frame": 77, "mu": [-1.0071703161113905, 1.7165779349666395, 1.1772519460778181], "Sigma": [[0.012426900590820316, -0.0027649711758129594, 0.0018017101254336311], [-0.002764971175812959, 0.005255592620219521, -0.005778753877172435], [0.0018017101254336307, -0.005778753877172435, 0.011004150317330116]], "chi2_level": 0.997, "chi2_df": 3, "chi2_threshold": 13.931422665512084, "N_raw": 74, "N_roi": 74, "N_inlier": 70, "refit": true}
{"timestamp": "17:54:50.849644", "frame": 78, "mu": [-0.9959015905777593, 1.6426104100261696, 1.1689106958612456], "Sigma": [[0.006456990575208931, -0.003474436497785741, 0.0011846559898098345], [-0.003474436497785741, 0.004104528066906044, -0.0006284572364538101], [0.001184655989809835, -0.0006284572364538101, 0.011628040892268513]], "chi2_level": 0.997, "chi2_df": 3, "chi2_threshold": 13.931422665512084, "N_raw": 23, "N_roi": 23, "N_inlier": 20, "refit": true}
{"timestamp": "17:54:50.902122", "frame": 79, "mu": [-1.1513167570512024, 1.881729585448502, -0.7741883186508879], "Sigma": [[0.028023437617788013, -0.0019419276780884157, -0.013774816628611512], [-0.0019419276780884161, 0.03514778548137003, -0.0830433299720602], [-0.01377481662861151, -0.08304332997206018, 0.2500233194991635]], "chi2_level": 0.997, "chi2_df": 3, "chi2_threshold": 13.931422665512084, "N_raw": 15, "N_roi": 15, "N_inlier": 15, "refit": true}
{"timestamp": "17:54:50.962973", "frame": 80, "mu": [-1.1152764427080752, 1.482548774904354, 1.2691142698600273], "Sigma": [[0.008688853749739269, -0.0015431986601822775, -0.005689985036147645], [-0.0015431986601822775, 0.006782146613293938, 0.0011092544021193804], [-0.005689985036147644, 0.0011092544021193806, 0.004338748739368923]], "chi2_level": 0.997, "chi2_df": 3, "chi2_threshold": 13.931422665512084, "N_raw": 55, "N_roi": 55, "N_inlier": 52, "refit": true}
{"timestamp": "17:54:51.018773", "frame": 81, "mu": [-1.1843053142437954, 1.4016166759851927, 1.2841751682412128], "Sigma": [[0.007640211875465091, 0.00048798121552989283, -0.005287690524518454], [0.00048798121552989294, 0.004594899605707516, -0.0018521329070002117], [-0.005287690524518454, -0.0018521329070002117, 0.00947596407023425]], "chi2_level": 0.997, "chi2_df": 3, "chi2_threshold": 13.931422665512084, "N_raw": 51, "N_roi": 51, "N_inlier": 47, "refit": true}
{"timestamp": "17:54:51.067859", "frame": 82, "mu": [-1.4714356885364979, 1.3964248425458268, -0.18846044486093194], "Sigma": [[0.05039658747914156, 0.04807971858057887, -0.07590244155998321], [0.04807971858057887, 0.0631690835687585, -0.10664151586065765], [-0.0759024415599832, -0.10664151586065765, 0.25733535815634606]], "chi2_level": 0.997, "chi2_df": 3, "chi2_threshold": 13.931422665512084, "N_raw": 21, "N_roi": 21, "N_inlier": 21, "refit": true}
{"timestamp": "17:54:51.121755", "frame": 83, "mu": [-1.379257005169562, 1.3337614173103984, 1.1180124553489494], "Sigma": [[0.017070176888508024, 0.009950464600412316, -0.048194391744649304], [0.009950464600412316, 0.012355643651443156, -0.051063723416521725], [-0.048194391744649304, -0.051063723416521725, 0.37643442874099303]], "chi2_level": 0.997, "chi2_df": 3, "chi2_threshold": 13.931422665512084, "N_raw": 11, "N_roi": 11, "N_inlier": 11, "refit": true}
{"timestamp": "17:54:51.178651", "frame": 84, "mu": [-1.4444678539607387, 1.2211509400740852, 0.9914605872219803], "Sigma": [[0.02549014545846295, 0.021229065356419996, -0.08301069911813974], [0.021229065356419996, 0.022765820434352695, -0.07823638867752984], [-0.08301069911813974, -0.07823638867752984, 0.378052847997588]], "chi2_level": 0.997, "chi2_df": 3, "chi2_threshold": 13.931422665512084, "N_raw": 22, "N_roi": 22, "N_inlier": 21, "refit": true}
{"timestamp": "17:54:51.236916", "frame": 85, "mu": [-1.5385753275129217, 1.09011767394864, 1.4082797980399822], "Sigma": [[0.006390054840251171, 0.004283817544651064, -0.005771678291619148], [0.004283817544651065, 0.008992499973025309, -0.00860246709934595], [-0.005771678291619148, -0.00860246709934595, 0.010880792995428493]], "chi2_level": 0.997, "chi2_df": 3, "chi2_threshold": 13.931422665512084, "N_raw": 45, "N_roi": 45, "N_inlier": 42, "refit": true}
{"timestamp": "17:54:51.291208", "frame": 86, "mu": [-1.5772164399019655, 1.107931487087183, 1.3921835586711504], "Sigma": [[0.0077919991072005, 0.0024735325704247036, -0.006763418499403852], [0.0024735325704247036, 0.004928208450425482, -0.006424144814328966], [-0.006763418499403852, -0.006424144814328966, 0.019399221953697865]], "chi2_level": 0.997, "chi2_df": 3, "chi2_threshold": 13.931422665512084, "N_raw": 40, "N_roi": 40, "N_inlier": 38, "refit": true}
{"timestamp": "17:54:51.344959", "frame": 87, "mu": [-1.6589671861551343, 0.9687373334386391, 1.2761225696900413], "Sigma": [[0.005175626193394021, 0.004572071579136557, -0.0009049858861294003], [0.004572071579136558, 0.005824048441086283, -0.004212917357386783], [-0.0009049858861294004, -0.004212917357386783, 0.010929542620869379]], "chi2_level": 0.997, "chi2_df": 3, "chi2_threshold": 13.931422665512084, "N_raw": 33, "N_roi": 33, "N_inlier": 31, "refit": true}
{"timestamp": "17:54:51.404075", "frame": 88, "mu": [-1.5881423059577182, 0.9810785573226526, -0.5679220532016043], "Sigma": [[0.010485492853227524, 0.008604820908856843, -0.0027161814699581247], [0.008604820908856843, 0.013566931876359817, -0.006013107937206149], [-0.0027161814699581247, -0.006013107937206149, 0.00423909859553176]], "chi2_level": 0.997, "chi2_df": 3, "chi2_threshold": 13.931422665512084, "N_raw": 60, "N_roi": 60, "N_inlier": 56, "refit": true}
{"timestamp": "17:54:51.455895", "frame": 89, "mu": [-1.6710956956492706, 0.8504812030608946, 1.3387889851161385], "Sigma": [[0.007239135856500209, 0.0014487305705592134, -0.00496156004682935], [0.0014487305705592132, 0.010113360319106444, -0.002200496245348688], [-0.00496156004682935, -0.0022004962453486886, 0.003867775303526889]], "chi2_level": 0.997, "chi2_df": 3, "chi2_threshold": 13.931422665512084, "N_raw": 40, "N_roi": 40, "N_inlier": 40, "refit": true}
{"timestamp": "17:54:51.512299", "frame": 90, "mu": [-1.678424354217369, 0.739893428013318, 1.2360219152669953], "Sigma": [[0.010516136471365062, 0.00793648534926245, -0.004250260710710595], [0.00793648534926245, 0.015926696331272104, -0.006716660490718583], [-0.004250260710710595, -0.006716660490718582, 0.003520294352877926]], "chi2_level": 0.997, "chi2_df": 3, "chi2_threshold": 13.931422665512084, "N_raw": 53, "N_roi": 53, "N_inlier": 53, "refit": true}
{"timestamp": "17:54:51.569336", "frame": 91, "mu": [-1.7369035977262812, 0.7051473888248578, 1.2116495007493873], "Sigma": [[0.009149236470545082, 0.0058049208173419145, 0.00018606531640321094], [0.0058049208173419145, 0.011712137529477069, -0.007616403272489351], [0.00018606531640321072, -0.007616403272489351, 0.01145984185904632]], "chi2_level": 0.997, "chi2_df": 3, "chi2_threshold": 13.931422665512084, "N_raw": 64, "N_roi": 64, "N_inlier": 64, "refit": true}
{"timestamp": "17:54:51.622679", "frame": 92, "mu": [-1.712761880156298, 0.8623407454680425, -0.6097744293070589], "Sigma": [[0.006995087158360456, 0.004642414582438309, 0.0018804855433178567], [0.004642414582438309, 0.010222859560321504, -0.003149919227480736], [0.0018804855433178565, -0.003149919227480736, 0.004974101828657706]], "chi2_level": 0.997, "chi2_df": 3, "chi2_threshold": 13.931422665512084, "N_raw": 45, "N_roi": 45, "N_inlier": 44, "refit": true}
{"timestamp": "17:54:51.678174", "frame": 93, "mu": [-1.749188996895364, 0.6472299523353168, 1.174814876396149], "Sigma": [[0.006781089069906876, 0.005996406823080315, -0.0011843353377575768], [0.005996406823080315, 0.008524127902715804, -0.004549992713814584], [-0.0011843353377575766, -0.004549992713814583, 0.0064120406908711085]], "chi2_level": 0.997, "chi2_df": 3, "chi2_threshold": 13.931422665512084, "N_raw": 44, "N_roi": 44, "N_inlier": 39, "refit": true}
{"timestamp": "17:54:51.734808", "frame": 94, "mu": [-1.3159829963180485, 0.5686371777962637, 1.0359099129538187], "Sigma": [[1.6164475134886485, -0.07222499796371407, -0.36143286251944695], [-0.07222499796371407, 0.014986864716539145, 0.015034852998945178], [-0.36143286251944695, 0.015034852998945178, 0.10498686359798386]], "chi2_level": 0.997, "chi2_df": 3, "chi2_threshold": 13.931422665512084, "N_raw": 62, "N_roi": 62, "N_inlier": 59, "refit": true}
{"timestamp": "17:54:51.783413", "frame": 95, "mu": [-1.789375427307517, 0.6113928618673432, 1.1543936893332312], "Sigma": [[0.0044973239598372775, 0.0056860683830381, 0.0002223070933007632], [0.0056860683830381, 0.012392118689024715, -0.002891639760870844], [0.0002223070933007632, -0.002891639760870844, 0.016152941355702444]], "chi2_level": 0.997, "chi2_df": 3, "chi2_threshold": 13.931422665512084, "N_raw": 24, "N_roi": 24, "N_inlier": 24, "refit": true}
{"timestamp": "17:54:52.002329", "frame": 99, "mu": [1.4778988427642907, 0.4221374896842933, 0.31316179530081406], "Sigma": [[2.4977770229747875, 0.08170993736553053, -0.0360890086501429], [0.08170993736553053, 0.016630141215281932, -0.0036438856173731846], [-0.03608900865014289, -0.0036438856173731846, 0.00468920307642302]], "chi2_level": 0.997, "chi2_df": 3, "chi2_threshold": 13.931422665512084, "N_raw": 13, "N_roi": 13, "N_inlier": 13, "refit": true}
