{"timestamp": "17:05:24.860732", "frame": 1, "mu": [1.455793006877689, 1.0584876770226836, 1.3195051906452782], "Sigma": [[0.01723874532996678, 0.0034717625904131266, -0.02278351495511624], [0.0034717625904131266, 0.0017852947568262707, -0.00740437210204152], [-0.02278351495511624, -0.00740437210204152, 0.055339614073451705]], "chi2_level": 0.99, "chi2_df": 3, "chi2_threshold": 11.344866730144373, "N_raw": 10, "N_roi": 10, "N_inlier": 10, "refit": true}
{"timestamp": "17:05:24.973522", "frame": 3, "mu": [1.6474120561075292, 0.9938690795867506, 1.2996088977981384], "Sigma": [[0.015871258570388853, -0.007332128736081972, -0.016450145538341204], [-0.0073321287360819725, 0.006451766289276062, 0.005514333665887295], [-0.016450145538341204, 0.005514333665887295, 0.03281964303371359]], "chi2_level": 0.99, "chi2_df": 3, "chi2_threshold": 11.344866730144373, "N_raw": 29, "N_roi": 29, "N_inlier": 28, "refit": true}
{"timestamp": "17:05:25.083601", "frame": 5, "mu": [1.5846638298664937, 1.0112620703611244, 1.1710533529462062], "Sigma": [[0.008706212702561174, -0.004881297052940951, -0.008647100690077805], [-0.004881297052940951, 0.005248017023383286, 0.0017614933822600479], [-0.008647100690077805, 0.0017614933822600477, 0.01928340037686077]], "chi2_level": 0.99, "chi2_df": 3, "chi2_threshold": 11.344866730144373, "N_raw": 29, "N_roi": 29, "N_inlier": 29, "refit": true}
{"timestamp": "17:05:25.139503", "frame": 6, "mu": [1.6303083996274665, 1.0426444629860403, 1.3392383333628155], "Sigma": [[0.007572664710460174, -0.0031534219355567406, -0.0008538399043357334], [-0.003153421935556741, 0.00670989412433981, -0.0008217412635266844], [-0.0008538399043357334, -0.0008217412635266844, 0.0007971721853469408]], "chi2_level": 0.99, "chi2_df": 3, "chi2_threshold": 11.344866730144373, "N_raw": 35, "N_roi": 35, "N_inlier": 34, "refit": true}
{"timestamp": "17:05:25.194198", "frame": 7, "mu": [1.5753030053103638, 1.0312697810796991, 1.131782334877704], "Sigma": [[0.007163790410957534, -0.004362920069641475, -0.005788474331268717], [-0.004362920069641475, 0.005949798773990661, -0.0016980307979401518], [-0.005788474331268717, -0.0016980307979401516, 0.018306879009011456]], "chi2_level": 0.99, "chi2_df": 3, "chi2_threshold": 11.344866730144373, "N_raw": 30, "N_roi": 30, "N_inlier": 29, "refit": true}
{"timestamp": "17:05:25.412791", "frame": 11, "mu": [1.6043133716797267, 1.0440047811752726, 1.2518989215187157], "Sigma": [[0.0019733780669638603, -0.0012221706085263522, -0.0006404498273587627], [-0.001222170608526352, 0.005951977232873526, -0.006280531419903366], [-0.0006404498273587627, -0.006280531419903366, 0.01067511745155043]], "chi2_level": 0.99, "chi2_df": 3, "chi2_threshold": 11.344866730144373, "N_raw": 20, "N_roi": 20, "N_inlier": 20, "refit": true}
{"timestamp": "17:05:25.474832", "frame": 12, "mu": [1.622007733334443, 1.0316755830514872, 1.2848102097008163], "Sigma": [[0.005620250282867167, -0.0027821551598521243, -0.0021547939483543784], [-0.0027821551598521243, 0.006783561395676902, -0.002417943207912578], [-0.002154793948354379, -0.002417943207912578, 0.003802586885953131]], "chi2_level": 0.99, "chi2_df": 3, "chi2_threshold": 11.344866730144373, "N_raw": 41, "N_roi": 41, "N_inlier": 39, "refit": true}
{"timestamp": "17:05:25.523547", "frame": 13, "mu": [1.6404411523293176, 1.0468085857967973, 1.3421389965562824], "Sigma": [[0.0023745436269274047, -0.0003355204589203744, -0.0003416592256400927], [-0.0003355204589203744, 0.0024952398054284056, -0.0007175407542556999], [-0.0003416592256400927, -0.0007175407542557, 0.00034205558382980396]], "chi2_level": 0.99, "chi2_df": 3, "chi2_threshold": 11.344866730144373, "N_raw": 14, "N_roi": 14, "N_inlier": 12, "refit": true}
{"timestamp": "17:05:25.580268", "frame": 14, "mu": [1.6370434672081338, 1.0620998436409184, 1.3134438764515903], "Sigma": [[0.004527173432042418, -0.002894814602840759, -0.0008289829084706327], [-0.002894814602840759, 0.004395914263635874, -0.0012740372607467976], [-0.0008289829084706327, -0.0012740372607467976, 0.002250727081734242]], "chi2_level": 0.99, "chi2_df": 3, "chi2_threshold": 11.344866730144373, "N_raw": 25, "N_roi": 25, "N_inlier": 24, "refit": true}
{"timestamp": "17:05:25.690790", "frame": 16, "mu": [1.5515676822329194, 1.083063491138382, 1.280831112165523], "Sigma": [[0.007028570495147201, -0.005854029092904967, -0.00447932507175419], [-0.005854029092904967, 0.00859088543878092, 0.0006090119648771325], [-0.004479325071754192, 0.0006090119648771329, 0.0071464462253671744]], "chi2_level": 0.99, "chi2_df": 3, "chi2_threshold": 11.344866730144373, "N_raw": 32, "N_roi": 32, "N_inlier": 31, "refit": true}
{"timestamp": "17:05:25.745005", "frame": 17, "mu": [1.5363395127761763, 1.094336580476278, 1.2548111304398937], "Sigma": [[0.00900870689379696, -0.005214037496203348, -0.0035244351913342404], [-0.005214037496203349, 0.007976102457335904, -0.0011403828936175585], [-0.0035244351913342404, -0.0011403828936175585, 0.010692525310181581]], "chi2_level": 0.99, "chi2_df": 3, "chi2_threshold": 11.344866730144373, "N_raw": 26, "N_roi": 26, "N_inlier": 25, "refit": true}
{"timestamp": "17:05:25.798292", "frame": 18, "mu": [1.5325029946929822, 1.1163040383982799, -0.26232617211221915], "Sigma": [[0.011209507121932008, 0.0006849047449411145, -0.014431535681058101], [0.0006849047449411145, 0.0010961206437849677, -0.001384432466364753], [-0.014431535681058101, -0.001384432466364753, 0.02291375563191471]], "chi2_level": 0.99, "chi2_df": 3, "chi2_threshold": 11.344866730144373, "N_raw": 12, "N_roi": 12, "N_inlier": 11, "refit": true}
{"timestamp": "17:05:25.856068", "frame": 19, "mu": [1.5698163643167078, 1.0273107167333246, 1.265496985594246], "Sigma": [[0.005971019859649632, -0.004746848775446546, -0.004587266617671632], [-0.004746848775446546, 0.005439517172542536, 0.0010444384548969653], [-0.004587266617671632, 0.0010444384548969651, 0.008611834966736622]], "chi2_level": 0.99, "chi2_df": 3, "chi2_threshold": 11.344866730144373, "N_raw": 31, "N_roi": 31, "N_inlier": 30, "refit": true}
{"timestamp": "17:05:25.913196", "frame": 20, "mu": [1.5649262724124435, 1.0291763067087851, 1.2910832484478647], "Sigma": [[0.009170507529247335, -0.005371116948796674, -0.0011322500539235707], [-0.005371116948796673, 0.006121387423829419, -0.002293254779253736], [-0.0011322500539235707, -0.002293254779253736, 0.0039953091157565864]], "chi2_level": 0.99, "chi2_df": 3, "chi2_threshold": 11.344866730144373, "N_raw": 43, "N_roi": 43, "N_inlier": 41, "refit": true}
{"timestamp": "17:05:25.969552", "frame": 21, "mu": [1.5778740948646237, 1.0589426647139286, 1.2965311087354934], "Sigma": [[0.009571857935537205, -0.004798434036464563, -0.0030812733839680312], [-0.004798434036464563, 0.009064546582416734, -0.001118153096940121], [-0.0030812733839680317, -0.001118153096940121, 0.0024043257210610266]], "chi2_level": 0.99, "chi2_df": 3, "chi2_threshold": 11.344866730144373, "N_raw": 50, "N_roi": 50, "N_inlier": 48, "refit": true}
{"timestamp": "17:05:26.021804", "frame": 22, "mu": [1.5889238070261957, 1.1495796626161787, -0.34998770994277933], "Sigma": [[0.007246621566523939, -0.001830536981639885, -0.001978201023921448], [-0.0018305369816398855, 0.005725534937655341, -0.0004886531947955904], [-0.001978201023921448, -0.0004886531947955904, 0.0010133095142381414]], "chi2_level": 0.99, "chi2_df": 3, "chi2_threshold": 11.344866730144373, "N_raw": 37, "N_roi": 37, "N_inlier": 36, "refit": true}
{"timestamp": "17:05:26.078015", "frame": 23, "mu": [1.4458420952551052, 1.1381142928531993, 1.22486002926291], "Sigma": [[0.004067549533800298, -0.0029242474956144683, -0.00285515053110253], [-0.0029242474956144688, 0.006757176429072154, -0.009463195270709181], [-0.00285515053110253, -0.009463195270709181, 0.04050204938835182]], "chi2_level": 0.99, "chi2_df": 3, "chi2_threshold": 11.344866730144373, "N_raw": 42, "N_roi": 42, "N_inlier": 41, "refit": true}
{"timestamp": "17:05:26.131806", "frame": 24, "mu": [1.5607676868479254, 1.0074465433307358, 1.3282692276984263], "Sigma": [[0.007603497063096731, -0.0032703556236343967, -0.0008708941214532769], [-0.0032703556236343967, 0.006356733937280889, -0.004522962579968793], [-0.0008708941214532767, -0.004522962579968793, 0.022238131589291533]], "chi2_level": 0.99, "chi2_df": 3, "chi2_threshold": 11.344866730144373, "N_raw": 37, "N_roi": 37, "N_inlier": 36, "refit": true}
{"timestamp": "17:05:26.189322", "frame": 25, "mu": [1.487348763750662, 1.075787083386561, 1.2922289808433771], "Sigma": [[0.011316839147282213, -0.007067587438413816, -0.0011150198019444896], [-0.007067587438413816, 0.007263038434701039, -0.0020234340624820414], [-0.0011150198019444896, -0.0020234340624820414, 0.004027047993875863]], "chi2_level": 0.99, "chi2_df": 3, "chi2_threshold": 11.344866730144373, "N_raw": 49, "N_roi": 49, "N_inlier": 47, "refit": true}
{"timestamp": "17:05:26.243076", "frame": 26, "mu": [1.446303611788484, 1.0574094370036553, 1.3950325966200658], "Sigma": [[0.007802528139077964, -0.003990533852590678, -0.0069839479228161645], [-0.003990533852590678, 0.005290503125059979, 0.0006181455180714146], [-0.0069839479228161645, 0.0006181455180714146, 0.009752094679019096]], "chi2_level": 0.99, "chi2_df": 3, "chi2_threshold": 11.344866730144373, "N_raw": 44, "N_roi": 44, "N_inlier": 41, "refit": true}
{"timestamp": "17:05:26.302252", "frame": 27, "mu": [1.4627079218797208, 1.041611413747443, 1.2593510597102517], "Sigma": [[0.012072575401262805, -0.0070317280364731675, -0.004381749400474314], [-0.0070317280364731675, 0.012045534216807013, -0.001083541533829131], [-0.004381749400474314, -0.0010835415338291306, 0.005191139652229022]], "chi2_level": 0.99, "chi2_df": 3, "chi2_threshold": 11.344866730144373, "N_raw": 67, "N_roi": 66, "N_inlier": 63, "refit": true}
{"timestamp": "17:05:26.356841", "frame": 28, "mu": [1.3843317342827222, 1.0578896024319144, 1.2778383922570273], "Sigma": [[0.009817949993453026, -0.005032880527757733, -0.007504428571833419], [-0.0050328805277577325, 0.008707270922818509, -0.001645674068144822], [-0.007504428571833419, -0.0016456740681448216, 0.022965661221380076]], "chi2_level": 0.99, "chi2_df": 3, "chi2_threshold": 11.344866730144373, "N_raw": 66, "N_roi": 66, "N_inlier": 66, "refit": true}
{"timestamp": "17:05:26.410820", "frame": 29, "mu": [1.462536800424929, 0.9513250805963736, 1.2921754590127998], "Sigma": [[0.011941028681737449, -0.004880233236017084, -0.00502758845549032], [-0.004880233236017084, 0.0074420589377607585, -0.0009073430989519342], [-0.00502758845549032, -0.0009073430989519342, 0.011256088141246866]], "chi2_level": 0.99, "chi2_df": 3, "chi2_threshold": 11.344866730144373, "N_raw": 55, "N_roi": 55, "N_inlier": 52, "refit": true}
{"timestamp": "17:05:26.467011", "frame": 30, "mu": [1.39190598058463, 0.9969527717972181, 1.2012779036702665], "Sigma": [[0.007928465502277052, -0.005417898162395634, -0.002604511262358236], [-0.005417898162395634, 0.014303371704185582, -0.003932021590784493], [-0.002604511262358236, -0.003932021590784493, 0.009240334826199004]], "chi2_level": 0.99, "chi2_df": 3, "chi2_threshold": 11.344866730144373, "N_raw": 72, "N_roi": 72, "N_inlier": 69, "refit": true}
{"timestamp": "17:05:26.573827", "frame": 32, "mu": [1.4129279921797473, 0.8162176147309688, 1.2798784938297345], "Sigma": [[0.010578842794047113, -0.004471754166570821, -0.004166155981310746], [-0.004471754166570821, 0.011340795787042607, 0.002158856661286126], [-0.004166155981310746, 0.0021588566612861255, 0.003912487287216242]], "chi2_level": 0.99, "chi2_df": 3, "chi2_threshold": 11.344866730144373, "N_raw": 46, "N_roi": 46, "N_inlier": 43, "refit": true}
{"timestamp": "17:05:26.627540", "frame": 33, "mu": [1.3613255355299536, 1.0282886089752474, -0.5069582731877331], "Sigma": [[0.006614182003874941, -0.002552848984557689, -0.0026203850381856415], [-0.002552848984557689, 0.00794617373129278, -0.007803815484994559], [-0.002620385038185641, -0.007803815484994559, 0.024217543169942367]], "chi2_level": 0.99, "chi2_df": 3, "chi2_threshold": 11.344866730144373, "N_raw": 40, "N_roi": 40, "N_inlier": 40, "refit": true}
{"timestamp": "17:05:26.679572", "frame": 34, "mu": [1.1807560423518177, 0.9518814632787861, 1.4191671794145722], "Sigma": [[0.00989685538757917, -0.004114830955597504, -0.01574762604056944], [-0.004114830955597504, 0.004163066357789348, 0.006284882632427689], [-0.01574762604056944, 0.006284882632427689, 0.03741818338914634]], "chi2_level": 0.99, "chi2_df": 3, "chi2_threshold": 11.344866730144373, "N_raw": 17, "N_roi": 17, "N_inlier": 17, "refit": true}
{"timestamp": "17:05:26.737069", "frame": 35, "mu": [1.3150988227973357, 0.9024899900863717, -0.45784865940381125], "Sigma": [[0.007104728799847319, -0.002546959904312192, -0.0066985398513211905], [-0.002546959904312192, 0.004300116792261042, 0.0015998898794903295], [-0.0066985398513211905, 0.0015998898794903293, 0.008820179012729976]], "chi2_level": 0.99, "chi2_df": 3, "chi2_threshold": 11.344866730144373, "N_raw": 34, "N_roi": 34, "N_inlier": 32, "refit": true}
{"timestamp": "17:05:26.790954", "frame": 36, "mu": [1.3115506275560145, 0.6862750659665467, 1.2906427546492307], "Sigma": [[0.004195254606992054, -0.002882742063303678, -0.002054721585908037], [-0.002882742063303678, 0.005077340897263464, -0.00021458317336247638], [-0.002054721585908037, -0.00021458317336247635, 0.0024108086367985214]], "chi2_level": 0.99, "chi2_df": 3, "chi2_threshold": 11.344866730144373, "N_raw": 28, "N_roi": 28, "N_inlier": 27, "refit": true}
{"timestamp": "17:05:26.849574", "frame": 37, "mu": [1.2787264915926007, 0.6961678338110002, 1.3109856338832244], "Sigma": [[0.007311117367817096, -0.003041057319198282, -0.001624830178068448], [-0.003041057319198282, 0.008424525519082593, -0.0007512496248806369], [-0.001624830178068448, -0.0007512496248806369, 0.00203679826804949]], "chi2_level": 0.99, "chi2_df": 3, "chi2_threshold": 11.344866730144373, "N_raw": 47, "N_roi": 47, "N_inlier": 43, "refit": true}
{"timestamp": "17:05:26.899490", "frame": 38, "mu": [1.1329795872368829, 0.8010729146557889, 1.3435257522407453], "Sigma": [[0.013912972882406434, -0.014007039739139086, -0.01746210025118633], [-0.014007039739139086, 0.018270039190226007, 0.011125432869222112], [-0.01746210025118633, 0.01112543286922211, 0.05757539432364975]], "chi2_level": 0.99, "chi2_df": 3, "chi2_threshold": 11.344866730144373, "N_raw": 16, "N_roi": 16, "N_inlier": 16, "refit": true}
{"timestamp": "17:05:26.954051", "frame": 39, "mu": [1.1301657743068263, 0.7699674409345408, 0.7967285848957606], "Sigma": [[0.005118728275375998, -0.002124587029068358, -0.018334492958141442], [-0.0021245870290683582, 0.018854560336202933, 0.062120826591697605], [-0.018334492958141446, 0.062120826591697605, 0.31017286164006014]], "chi2_level": 0.99, "chi2_df": 3, "chi2_threshold": 11.344866730144373, "N_raw": 11, "N_roi": 11, "N_inlier": 11, "refit": true}
{"timestamp": "17:05:27.009495", "frame": 40, "mu": [1.1125950481595153, 0.8190432383974546, 1.0077239375868934], "Sigma": [[0.003907618675524534, -0.00672023960636099, 0.007382576268330199], [-0.00672023960636099, 0.016865828421344292, -0.02363102607246042], [0.0073825762683302, -0.02363102607246042, 0.04358015098520793]], "chi2_level": 0.99, "chi2_df": 3, "chi2_threshold": 11.344866730144373, "N_raw": 23, "N_roi": 23, "N_inlier": 23, "refit": true}
{"timestamp": "17:05:27.064717", "frame": 41, "mu": [1.1292560952377584, 0.6769099232579763, 1.2616181614106445], "Sigma": [[0.008567595556023572, -0.009236752925404053, 0.005166993585459224], [-0.009236752925404053, 0.014810258639477792, -0.01355617330009179], [0.005166993585459224, -0.013556173300091791, 0.027831149448475527]], "chi2_level": 0.99, "chi2_df": 3, "chi2_threshold": 11.344866730144373, "N_raw": 19, "N_roi": 19, "N_inlier": 19, "refit": true}
{"timestamp": "17:05:27.121626", "frame": 42, "mu": [0.864719835203899, 0.874296690585914, 1.4850747722869047], "Sigma": [[0.004276449760932278, -0.0013232477185577494, -0.002791459933349255], [-0.0013232477185577498, 0.003564823378460427, 0.0002223125017931529], [-0.002791459933349256, 0.00022231250179315294, 0.0024835468639769613]], "chi2_level": 0.99, "chi2_df": 3, "chi2_threshold": 11.344866730144373, "N_raw": 39, "N_roi": 39, "N_inlier": 36, "refit": true}
{"timestamp": "17:05:27.290138", "frame": 45, "mu": [0.8303309403127926, 1.0038837557609113, -0.6504003602759332], "Sigma": [[0.007661905087109122, 0.0020308502381090818, -0.02021001988274808], [0.0020308502381090818, 0.00865395583095697, -0.02126901206678042], [-0.02021001988274808, -0.02126901206678042, 0.09883518140268177]], "chi2_level": 0.99, "chi2_df": 3, "chi2_threshold": 11.344866730144373, "N_raw": 65, "N_roi": 65, "N_inlier": 64, "refit": true}
{"timestamp": "17:05:27.340640", "frame": 46, "mu": [0.7106957487421042, 0.7933214332906966, 1.471615364231491], "Sigma": [[0.0048420930066633465, -0.002268459918294494, -0.005040080556408631], [-0.002268459918294494, 0.0020288480522987775, 0.001849343600424581], [-0.005040080556408631, 0.001849343600424581, 0.0065022732180873]], "chi2_level": 0.99, "chi2_df": 3, "chi2_threshold": 11.344866730144373, "N_raw": 32, "N_roi": 31, "N_inlier": 30, "refit": true}
{"timestamp": "17:05:27.404387", "frame": 47, "mu": [0.76407685798746, 0.7439264858646183, 1.4061270886407267], "Sigma": [[0.013696294597863487, -0.006663971103811206, -0.01388369464145281], [-0.006663971103811206, 0.005102950098931212, 0.005867734096845999], [-0.01388369464145281, 0.005867734096845999, 0.016550339698505848]], "chi2_level": 0.99, "chi2_df": 3, "chi2_threshold": 11.344866730144373, "N_raw": 82, "N_roi": 82, "N_inlier": 76, "refit": true}
{"timestamp": "17:05:27.456959", "frame": 48, "mu": [0.698720974453669, 0.7852158702155475, 1.4470713745569646], "Sigma": [[0.006398324528743413, -0.001161109175714654, -0.005769187690883261], [-0.0011611091757146538, 0.0019919935434786857, -7.112007151390581e-05], [-0.005769187690883261, -7.112007151390573e-05, 0.011631827506094186]], "chi2_level": 0.99, "chi2_df": 3, "chi2_threshold": 11.344866730144373, "N_raw": 68, "N_roi": 68, "N_inlier": 65, "refit": true}
{"timestamp": "17:05:27.508413", "frame": 49, "mu": [0.5958328080283347, 0.7856126705860117, 1.490594670762772], "Sigma": [[0.0022622629565980127, 0.0006701993775182804, -0.004462516766884398], [0.0006701993775182805, 0.004376677873714998, -0.006791260088198276], [-0.004462516766884398, -0.006791260088198275, 0.030101140106137424]], "chi2_level": 0.99, "chi2_df": 3, "chi2_threshold": 11.344866730144373, "N_raw": 43, "N_roi": 43, "N_inlier": 39, "refit": true}
{"timestamp": "17:05:27.564823", "frame": 50, "mu": [0.5784260404363623, 0.8033434304508619, 1.5120610107640216], "Sigma": [[0.004190832506375046, 0.00020838232748692266, -0.002554053440071565], [0.00020838232748692268, 0.003216490115090589, -0.00034065070418548386], [-0.002554053440071565, -0.0003406507041854838, 0.002519534835322428]], "chi2_level": 0.99, "chi2_df": 3, "chi2_threshold": 11.344866730144373, "N_raw": 56, "N_roi": 56, "N_inlier": 53, "refit": true}
{"timestamp": "17:05:27.620755", "frame": 51, "mu": [0.5390595170755581, 0.8076504059820717, 1.4904230700675618], "Sigma": [[0.003218169532656128, -0.0009644678279200414, -0.0032392859687990824], [-0.0009644678279200415, 0.0038233245633980707, -0.0008487856034053512], [-0.003239285968799082, -0.0008487856034053511, 0.018956944786846872]], "chi2_level": 0.99, "chi2_df": 3, "chi2_threshold": 11.344866730144373, "N_raw": 55, "N_roi": 55, "N_inlier": 52, "refit": true}
{"timestamp": "17:05:27.676297", "frame": 52, "mu": [0.547460154306223, 0.7539236706525598, 1.427403592701818], "Sigma": [[0.006483856570039181, -0.0018932578626597893, -0.0036987084002318917], [-0.0018932578626597893, 0.003654780283896309, -0.006173468969813773], [-0.003698708400231892, -0.006173468969813773, 0.037968346151292034]], "chi2_level": 0.99, "chi2_df": 3, "chi2_threshold": 11.344866730144373, "N_raw": 65, "N_roi": 64, "N_inlier": 62, "refit": true}
{"timestamp": "17:05:27.736226", "frame": 53, "mu": [0.48476299403742173, 0.8220472465693223, 1.3716224087642863], "Sigma": [[0.004058200666088983, -0.0015038760236477013, -0.011684445308487428], [-0.0015038760236477011, 0.004990115772545705, -0.00028860772817304527], [-0.011684445308487428, -0.0002886077281730455, 0.0616067333421585]], "chi2_level": 0.99, "chi2_df": 3, "chi2_threshold": 11.344866730144373, "N_raw": 97, "N_roi": 97, "N_inlier": 93, "refit": true}
{"timestamp": "17:05:27.780528", "frame": 54, "mu": [0.4760725606895624, 0.7313725604863025, 1.4004127378097389], "Sigma": [[0.009073899679386344, -0.0022162504796145663, -0.00974427661139876], [-0.0022162504796145663, 0.0024828163639178877, 0.0007458562129972804], [-0.00974427661139876, 0.0007458562129972803, 0.023194640958148376]], "chi2_level": 0.99, "chi2_df": 3, "chi2_threshold": 11.344866730144373, "N_raw": 17, "N_roi": 16, "N_inlier": 14, "refit": true}
{"timestamp": "17:05:27.846817", "frame": 55, "mu": [0.4452479427869465, 0.7614498270253466, -0.012807825845139547], "Sigma": [[0.006451481123720682, -0.0023943955542325554, 0.06063679904456935], [-0.002394395554232556, 0.004839149278305989, -0.04481081031647823], [0.06063679904456935, -0.04481081031647824, 1.1422274746773502]], "chi2_level": 0.99, "chi2_df": 3, "chi2_threshold": 11.344866730144373, "N_raw": 106, "N_roi": 106, "N_inlier": 103, "refit": true}
{"timestamp": "17:05:27.904006", "frame": 56, "mu": [0.31248318167667793, 0.8470919689736376, 1.1975149241291623], "Sigma": [[0.015659860159569848, -0.009385454047263505, 0.014142302055476338], [-0.009385454047263505, 0.012960084840095318, -0.021342429522528267], [0.014142302055476338, -0.021342429522528267, 0.04017124876326082]], "chi2_level": 0.99, "chi2_df": 3, "chi2_threshold": 11.344866730144373, "N_raw": 115, "N_roi": 115, "N_inlier": 113, "refit": true}
{"timestamp": "17:05:27.952526", "frame": 57, "mu": [0.2675839465228124, 0.8460858918825355, 1.1722344308008639], "Sigma": [[0.0037211000352397787, -0.0042467863397460705, 0.0030638862526937687], [-0.0042467863397460705, 0.01518894261829211, -0.027400741354008565], [0.0030638862526937687, -0.027400741354008565, 0.06839555376234759]], "chi2_level": 0.99, "chi2_df": 3, "chi2_threshold": 11.344866730144373, "N_raw": 66, "N_roi": 66, "N_inlier": 62, "refit": true}
{"timestamp": "17:05:28.016057", "frame": 58, "mu": [0.17920912107837236, 0.799384675691074, 1.3019562496017512], "Sigma": [[0.018614925173725577, -0.01363556432184585, 0.018011767857864312], [-0.01363556432184585, 0.012117124130513648, -0.01628815639211828], [0.018011767857864312, -0.01628815639211828, 0.028848783322869546]], "chi2_level": 0.99, "chi2_df": 3, "chi2_threshold": 11.344866730144373, "N_raw": 138, "N_roi": 138, "N_inlier": 135, "refit": true}
{"timestamp": "17:05:28.066190", "frame": 59, "mu": [0.17906368047787258, 0.7666595371642613, 1.307212790838553], "Sigma": [[0.02597880561874562, -0.019545146922336096, 0.004224400664227485], [-0.019545146922336096, 0.017439848084387415, -0.005947621778253551], [0.004224400664227485, -0.005947621778253551, 0.017386319756240137]], "chi2_level": 0.99, "chi2_df": 3, "chi2_threshold": 11.344866730144373, "N_raw": 101, "N_roi": 101, "N_inlier": 97, "refit": true}
{"timestamp": "17:05:28.118140", "frame": 60, "mu": [0.1260809727196542, 0.8111222230657423, 1.1417344058755792], "Sigma": [[0.016636335577272544, -0.01894626924353808, 0.013581382575678458], [-0.01894626924353808, 0.02577201272431938, -0.0219147382390356], [0.013581382575678458, -0.0219147382390356, 0.029171537383001364]], "chi2_level": 0.99, "chi2_df": 3, "chi2_threshold": 11.344866730144373, "N_raw": 82, "N_roi": 82, "N_inlier": 82, "refit": true}
{"timestamp": "17:05:28.173226", "frame": 61, "mu": [0.07503148164124486, 0.7449700216163819, 1.245829754215765], "Sigma": [[0.003066947756976783, -0.0040058554400664165, 0.005955262667957022], [-0.0040058554400664165, 0.009955161446166294, -0.006041100994848035], [0.005955262667957022, -0.006041100994848036, 0.07146025802852646]], "chi2_level": 0.99, "chi2_df": 3, "chi2_threshold": 11.344866730144373, "N_raw": 77, "N_roi": 77, "N_inlier": 76, "refit": true}
{"timestamp": "17:05:28.229225", "frame": 62, "mu": [-0.027038726749856443, 0.8324767871836966, 1.2808000050609671], "Sigma": [[0.01455191402611569, -0.011743556688792582, 0.02682968901768258], [-0.011743556688792582, 0.012163877553399762, -0.025485809352901876], [0.02682968901768258, -0.025485809352901873, 0.05927247780212555]], "chi2_level": 0.99, "chi2_df": 3, "chi2_threshold": 11.344866730144373, "N_raw": 85, "N_roi": 85, "N_inlier": 75, "refit": true}
{"timestamp": "17:05:28.288308", "frame": 63, "mu": [0.02668949434435014, 0.6840015339998606, 1.2377696740924604], "Sigma": [[0.016445496130519592, -0.016388030639427884, 0.011500312171390395], [-0.016388030639427884, 0.020699697125873218, -0.015306087656227959], [0.011500312171390395, -0.015306087656227959, 0.019787787853177568]], "chi2_level": 0.99, "chi2_df": 3, "chi2_threshold": 11.344866730144373, "N_raw": 108, "N_roi": 108, "N_inlier": 107, "refit": true}
{"timestamp": "17:05:28.335915", "frame": 64, "mu": [-0.11450935959612896, 0.7633436670590779, 1.4242108750718627], "Sigma": [[0.006257800615237158, -0.0027770096137554267, 0.007893789406070103], [-0.0027770096137554267, 0.003388272779063676, -0.008237661601443548], [0.007893789406070103, -0.008237661601443548, 0.02761566884068091]], "chi2_level": 0.99, "chi2_df": 3, "chi2_threshold": 11.344866730144373, "N_raw": 60, "N_roi": 60, "N_inlier": 57, "refit": true}
{"timestamp": "17:05:28.395793", "frame": 65, "mu": [-0.03781447698622499, 0.7015902577556725, 1.4307763723192717], "Sigma": [[0.00373054098437929, -0.0033181676913788135, -0.004495819154363743], [-0.0033181676913788135, 0.008178062331244495, 0.00309584676076531], [-0.004495819154363743, 0.00309584676076531, 0.010370714868586378]], "chi2_level": 0.99, "chi2_df": 3, "chi2_threshold": 11.344866730144373, "N_raw": 94, "N_roi": 93, "N_inlier": 88, "refit": true}
{"timestamp": "17:05:28.453609", "frame": 66, "mu": [-0.1707826308043025, 0.817048346907418, 1.3385197416760095], "Sigma": [[0.00628546269424093, -0.00596570232562457, 0.012572849480744712], [-0.00596570232562457, 0.00885314503036644, -0.02059092048325143], [0.012572849480744712, -0.02059092048325143, 0.06131654614020867]], "chi2_level": 0.99, "chi2_df": 3, "chi2_threshold": 11.344866730144373, "N_raw": 113, "N_roi": 113, "N_inlier": 113, "refit": true}
{"timestamp": "17:05:28.503641", "frame": 67, "mu": [-0.14926377984229827, 0.761761602992014, 1.4282582291329362], "Sigma": [[0.0040373300943886475, -0.0011439590000769059, -0.0003766325630238986], [-0.0011439590000769059, 0.0030790773617450614, -0.001243263115392097], [-0.0003766325630238986, -0.001243263115392097, 0.020491022864336694]], "chi2_level": 0.99, "chi2_df": 3, "chi2_threshold": 11.344866730144373, "N_raw": 76, "N_roi": 76, "N_inlier": 72, "refit": true}
{"timestamp": "17:05:28.560203", "frame": 68, "mu": [-0.1875073071317003, 0.7476546165460439, 1.4574400783692374], "Sigma": [[0.0046882114926652335, -0.003371645097587579, -0.0073243254268469445], [-0.003371645097587579, 0.004879962749284359, 0.0034056172796178502], [-0.0073243254268469445, 0.0034056172796178502, 0.01625087211205152]], "chi2_level": 0.99, "chi2_df": 3, "chi2_threshold": 11.344866730144373, "N_raw": 97, "N_roi": 97, "N_inlier": 97, "refit": true}
{"timestamp": "17:05:28.614345", "frame": 69, "mu": [-0.2665564995413966, 0.7648252723999617, 1.4732124775525373], "Sigma": [[0.003282695557930093, -0.004020058905606989, -0.004020170082961477], [-0.004020058905606989, 0.00792180319897128, 0.004068235986337607], [-0.004020170082961477, 0.004068235986337607, 0.010450292005041328]], "chi2_level": 0.99, "chi2_df": 3, "chi2_threshold": 11.344866730144373, "N_raw": 80, "N_roi": 80, "N_inlier": 78, "refit": true}
{"timestamp": "17:05:28.669400", "frame": 70, "mu": [-0.2835006791743647, 0.7621692349303223, 1.4450226700907771], "Sigma": [[0.003171608236206877, -0.0035935537161597506, -0.005707025673158993], [-0.0035935537161597506, 0.0076861064433578425, 0.004995757069213718], [-0.005707025673158993, 0.004995757069213717, 0.01696030235947368]], "chi2_level": 0.99, "chi2_df": 3, "chi2_threshold": 11.344866730144373, "N_raw": 87, "N_roi": 84, "N_inlier": 83, "refit": true}
{"timestamp": "17:05:28.724723", "frame": 71, "mu": [-0.33842247808600945, 0.8014559593913756, 1.4790152153223297], "Sigma": [[0.003376545967715059, -0.003466576093955817, -0.003015609359133717], [-0.003466576093955817, 0.007653877470993871, 0.0015154725858896013], [-0.0030156093591337165, 0.0015154725858896013, 0.009331062082043705]], "chi2_level": 0.99, "chi2_df": 3, "chi2_threshold": 11.344866730144373, "N_raw": 86, "N_roi": 84, "N_inlier": 83, "refit": true}
{"timestamp": "17:05:28.769719", "frame": 72, "mu": [-0.37400044382600406, 0.8728676800013524, 1.4686557233436905], "Sigma": [[0.00048740980504239403, -0.0001839229294200149, -0.0001222018262889806], [-0.0001839229294200149, 0.001734264652002429, -0.0008608241198322701], [-0.0001222018262889806, -0.0008608241198322701, 0.004135626366398315]], "chi2_level": 0.99, "chi2_df": 3, "chi2_threshold": 11.344866730144373, "N_raw": 18, "N_roi": 18, "N_inlier": 16, "refit": true}
{"timestamp": "17:05:28.827008", "frame": 73, "mu": [-0.39202930248999424, 0.8525898183285632, -0.39027231262682754], "Sigma": [[0.0016062950877120332, -0.0016245569844698662, -0.0006908366986122919], [-0.001624556984469866, 0.00565918771350924, 0.0004219982756255242], [-0.0006908366986122919, 0.0004219982756255242, 0.0005636078509238079]], "chi2_level": 0.99, "chi2_df": 3, "chi2_threshold": 11.344866730144373, "N_raw": 39, "N_roi": 39, "N_inlier": 36, "refit": true}
{"timestamp": "17:05:28.884480", "frame": 74, "mu": [-0.4678674979526864, 0.7626623210659846, 1.4060060091884194], "Sigma": [[0.0020236627395369047, -0.0013457692812183291, -0.00015653494086174247], [-0.0013457692812183291, 0.004810748353529553, -0.003068400983959022], [-0.00015653494086174252, -0.003068400983959022, 0.0030014844956281622]], "chi2_level": 0.99, "chi2_df": 3, "chi2_threshold": 11.344866730144373, "N_raw": 62, "N_roi": 62, "N_inlier": 62, "refit": true}
{"timestamp": "17:05:28.941558", "frame": 75, "mu": [-0.567493539942026, 0.7302158559965175, 1.4905712920535845], "Sigma": [[0.025858085071363137, 0.001449749332157776, -0.025039079269420738], [0.0014497493321577759, 0.011994232917900739, -0.0013008785922893177], [-0.025039079269420738, -0.0013008785922893184, 0.026887279754376086]], "chi2_level": 0.99, "chi2_df": 3, "chi2_threshold": 11.344866730144373, "N_raw": 68, "N_roi": 68, "N_inlier": 66, "refit": true}
{"timestamp": "17:05:28.999304", "frame": 76, "mu": [-0.6967722156194828, 0.8356190362418481, -0.32341891082199337], "Sigma": [[0.019798202703634235, 0.01630055235234454, -0.0032152175043273744], [0.01630055235234454, 0.02183672230504504, -0.0024878381120115064], [-0.0032152175043273744, -0.0024878381120115064, 0.009137718111038065]], "chi2_level": 0.99, "chi2_df": 3, "chi2_threshold": 11.344866730144373, "N_raw": 88, "N_roi": 88, "N_inlier": 85, "refit": true}
{"timestamp": "17:05:29.049549", "frame": 77, "mu": [-0.8453018030442099, 0.7985470030650826, -0.08688322011650385], "Sigma": [[0.017487844101051715, 0.016311425528160547, -0.009818583105887534], [0.01631142552816055, 0.025133335086025124, -0.012540118735588152], [-0.009818583105887534, -0.012540118735588152, 0.007766115832512046]], "chi2_level": 0.99, "chi2_df": 3, "chi2_threshold": 11.344866730144373, "N_raw": 52, "N_roi": 52, "N_inlier": 47, "refit": true}
{"timestamp": "17:05:29.103553", "frame": 78, "mu": [-0.9494285270950535, 0.6801039368295869, 1.7752158771248747], "Sigma": [[0.009395687446235885, 0.0031538176252756006, -0.004513449446120665], [0.0031538176252756, 0.007942230807848194, -0.004927213401245205], [-0.004513449446120664, -0.004927213401245205, 0.004237426688472166]], "chi2_level": 0.99, "chi2_df": 3, "chi2_threshold": 11.344866730144373, "N_raw": 52, "N_roi": 52, "N_inlier": 48, "refit": true}
{"timestamp": "17:05:29.162137", "frame": 79, "mu": [-0.9546516610176462, 0.6953512561451247, 1.6975097206792678], "Sigma": [[0.009327845543448362, 0.004654169674024525, -0.005424669856949443], [0.004654169674024525, 0.007632595598037125, -0.00609438677953845], [-0.005424669856949444, -0.00609438677953845, 0.005982855219800662]], "chi2_level": 0.99, "chi2_df": 3, "chi2_threshold": 11.344866730144373, "N_raw": 74, "N_roi": 74, "N_inlier": 72, "refit": true}
{"timestamp": "17:05:29.217892", "frame": 80, "mu": [-0.9752039544856849, 0.7299637758734626, 1.6926055910066593], "Sigma": [[0.010929964343224893, 0.003874946993506135, -0.005520450101251954], [0.0038749469935061348, 0.007521893562362834, -0.005582492821054159], [-0.0055204501012519535, -0.00558249282105416, 0.006537299677301838]], "chi2_level": 0.99, "chi2_df": 3, "chi2_threshold": 11.344866730144373, "N_raw": 81, "N_roi": 81, "N_inlier": 78, "refit": true}
{"timestamp": "17:05:29.276709", "frame": 81, "mu": [-0.9582433270160887, 0.7331512189958287, 1.6494734486535247], "Sigma": [[0.012716279626897512, 0.0032809440097730305, -0.005160345379245951], [0.0032809440097730305, 0.005791208782945786, -0.005913366891576588], [-0.005160345379245951, -0.005913366891576588, 0.007052355451192712]], "chi2_level": 0.99, "chi2_df": 3, "chi2_threshold": 11.344866730144373, "N_raw": 102, "N_roi": 102, "N_inlier": 99, "refit": true}
{"timestamp": "17:05:29.329236", "frame": 82, "mu": [-1.0451994202828179, 0.7185737029008818, 1.6288872322462418], "Sigma": [[0.013198936369854544, 0.004501262679118607, -0.00614977012786048], [0.004501262679118607, 0.0057082333745158845, -0.0072421362630985045], [-0.00614977012786048, -0.0072421362630985045, 0.01902583828996892]], "chi2_level": 0.99, "chi2_df": 3, "chi2_threshold": 11.344866730144373, "N_raw": 79, "N_roi": 79, "N_inlier": 76, "refit": true}
{"timestamp": "17:05:29.386559", "frame": 83, "mu": [-1.0620241517739544, 0.7158518328002196, -0.41363385684800363], "Sigma": [[0.013501259143204084, 0.01171339029776889, 0.005433351851520111], [0.01171339029776889, 0.0279666682446197, 0.00734292879281219], [0.005433351851520111, 0.00734292879281219, 0.019896869140869577]], "chi2_level": 0.99, "chi2_df": 3, "chi2_threshold": 11.344866730144373, "N_raw": 103, "N_roi": 103, "N_inlier": 97, "refit": true}
{"timestamp": "17:05:29.441159", "frame": 84, "mu": [-1.0748258231007697, 0.7683869948821908, 1.3995077685172603], "Sigma": [[0.012806780290990255, 0.008486400299121372, -0.027347790209862274], [0.008486400299121372, 0.01644912760776227, -0.047238696974093886], [-0.027347790209862274, -0.047238696974093886, 0.17598743518463242]], "chi2_level": 0.99, "chi2_df": 3, "chi2_threshold": 11.344866730144373, "N_raw": 91, "N_roi": 91, "N_inlier": 91, "refit": true}
{"timestamp": "17:05:29.500502", "frame": 85, "mu": [-1.1137208543352495, 0.7405990133634189, 1.2188609409894335], "Sigma": [[0.01414288990945463, 0.010228352702727967, -0.028160898911321314], [0.010228352702727967, 0.03100901228788938, -0.07230737394561627], [-0.028160898911321314, -0.07230737394561627, 0.21449481909023327]], "chi2_level": 0.99, "chi2_df": 3, "chi2_threshold": 11.344866730144373, "N_raw": 121, "N_roi": 121, "N_inlier": 118, "refit": true}
{"timestamp": "17:05:29.553759", "frame": 86, "mu": [-1.15723870318421, 0.7633569633409047, 1.3576409629244284], "Sigma": [[0.012772966287243488, 0.0118808031829301, -0.01568620649114013], [0.0118808031829301, 0.030054949402769295, -0.04526396881669486], [-0.01568620649114013, -0.04526396881669485, 0.12773124281789547]], "chi2_level": 0.99, "chi2_df": 3, "chi2_threshold": 11.344866730144373, "N_raw": 114, "N_roi": 114, "N_inlier": 114, "refit": true}
{"timestamp": "17:05:29.604762", "frame": 87, "mu": [-1.2129586276358972, 0.829490974539707, -0.3118441200076958], "Sigma": [[0.013377139463995125, 0.007706143014879182, 0.002466454279304022], [0.007706143014879182, 0.011549339293659816, -0.003056834950131805], [0.0024664542793040225, -0.0030568349501318053, 0.0048008183787633515]], "chi2_level": 0.99, "chi2_df": 3, "chi2_threshold": 11.344866730144373, "N_raw": 90, "N_roi": 90, "N_inlier": 87, "refit": true}
{"timestamp": "17:05:29.662615", "frame": 88, "mu": [-1.23712350951942, 0.7574222103482957, 1.4747337489428372], "Sigma": [[0.0158027082867292, 0.002046875776572994, -0.0073481156560796165], [0.0020468757765729935, 0.009104036951257501, -0.007400347121948622], [-0.007348115656079617, -0.007400347121948622, 0.009320461750704105]], "chi2_level": 0.99, "chi2_df": 3, "chi2_threshold": 11.344866730144373, "N_raw": 112, "N_roi": 112, "N_inlier": 111, "refit": true}
{"timestamp": "17:05:29.716459", "frame": 89, "mu": [-1.26606138808065, 0.7696516646624283, 1.44698729442316], "Sigma": [[0.012068265011375647, 0.0037200057389196505, -0.0035540965514135503], [0.00372000573891965, 0.008852669811149518, -0.006789509126745245], [-0.0035540965514135503, -0.006789509126745245, 0.006968262433675625]], "chi2_level": 0.99, "chi2_df": 3, "chi2_threshold": 11.344866730144373, "N_raw": 94, "N_roi": 94, "N_inlier": 92, "refit": true}
{"timestamp": "17:05:29.772548", "frame": 90, "mu": [-1.302239149163043, 0.8286495139551325, -0.5095210286932742], "Sigma": [[0.013219896850280334, 0.005812047564311639, -0.0018045215190091053], [0.005812047564311638, 0.018805821118208492, -0.0013823998985191758], [-0.0018045215190091053, -0.001382399898519176, 0.005699187388529179]], "chi2_level": 0.99, "chi2_df": 3, "chi2_threshold": 11.344866730144373, "N_raw": 101, "N_roi": 101, "N_inlier": 99, "refit": true}
{"timestamp": "17:05:29.820711", "frame": 91, "mu": [-1.3204961815177272, 0.8151448075666333, 1.3895902093442591], "Sigma": [[0.008945298957846667, 0.006452150890966039, -0.0017034466745275089], [0.006452150890966039, 0.010555639214464547, -0.00473657713665558], [-0.0017034466745275089, -0.00473657713665558, 0.003197365544863395]], "chi2_level": 0.99, "chi2_df": 3, "chi2_threshold": 11.344866730144373, "N_raw": 62, "N_roi": 62, "N_inlier": 61, "refit": true}
{"timestamp": "17:05:29.875123", "frame": 92, "mu": [-1.4462677644621924, 0.8990023567085924, 1.4368402344736284], "Sigma": [[0.006523179542250633, 0.0018926354510553525, -0.00533283353998454], [0.0018926354510553525, 0.0037055878909581213, -0.004655722175698422], [-0.00533283353998454, -0.004655722175698422, 0.05033139806585218]], "chi2_level": 0.99, "chi2_df": 3, "chi2_threshold": 11.344866730144373, "N_raw": 55, "N_roi": 55, "N_inlier": 53, "refit": true}
{"timestamp": "17:05:29.932236", "frame": 93, "mu": [-1.425764835447304, 0.9106842393390113, 1.4960003330358003], "Sigma": [[0.010322299077853555, 0.003255042958806996, -0.0046854482202077115], [0.003255042958806996, 0.010915343287753948, -0.0066126331667257735], [-0.0046854482202077115, -0.0066126331667257735, 0.005197921005199288]], "chi2_level": 0.99, "chi2_df": 3, "chi2_threshold": 11.344866730144373, "N_raw": 76, "N_roi": 76, "N_inlier": 75, "refit": true}
{"timestamp": "17:05:29.991581", "frame": 94, "mu": [-1.443313733862073, 0.9326523154202008, 1.4706934079705127], "Sigma": [[0.012963007666920113, 0.0044186675863880755, -0.0045207940572082545], [0.0044186675863880755, 0.014530559911039258, -0.007188273195088042], [-0.004520794057208254, -0.007188273195088043, 0.006056610639643029]], "chi2_level": 0.99, "chi2_df": 3, "chi2_threshold": 11.344866730144373, "N_raw": 99, "N_roi": 99, "N_inlier": 95, "refit": true}
{"timestamp": "17:05:30.045848", "frame": 95, "mu": [-1.467108443539363, 0.9776769439126557, -0.0629351047467118], "Sigma": [[0.010511463346311188, 0.006788371323745188, 0.041472385021390834], [0.006788371323745188, 0.01971808316963105, 0.052623889765521445], [0.041472385021390834, 0.052623889765521445, 0.560260164437988]], "chi2_level": 0.99, "chi2_df": 3, "chi2_threshold": 11.344866730144373, "N_raw": 96, "N_roi": 96, "N_inlier": 95, "refit": true}
