{"timestamp": "16:51:23.382849", "frame": 41, "mu": [-2.39531899355993, 4.061364360612129, 0.6304214794434627], "Sigma": [[0.006071452292954412, 0.0031323990416040905, -0.0025116670093591354], [0.00313239904160409, 0.005660091946009091, -0.002818654179187189], [-0.0025116670093591354, -0.002818654179187189, 0.0017974809246936428]], "chi2_level": 0.99, "chi2_df": 3, "chi2_threshold": 11.344866730144373, "N_raw": 25, "N_roi": 16, "N_inlier": 15, "refit": true}
{"timestamp": "16:51:23.438806", "frame": 42, "mu": [-2.2753917764721527, 4.44688755423444, 0.7726772474085618], "Sigma": [[0.01752384649371957, 0.014214574452207775, -0.007082804945729567], [0.014214574452207772, 0.038282045759186686, -0.0037696166400803875], [-0.007082804945729567, -0.0037696166400803875, 0.00799524462449261]], "chi2_level": 0.99, "chi2_df": 3, "chi2_threshold": 11.344866730144373, "N_raw": 28, "N_roi": 25, "N_inlier": 25, "refit": true}
{"timestamp": "16:51:23.496671", "frame": 43, "mu": [-2.164233209241979, 4.371199790568033, 0.7908554157087371], "Sigma": [[0.015987454450726815, 0.0006971370581129004, -0.010574630882999064], [0.0006971370581128997, 0.039896104668265, -0.009054167248986607], [-0.010574630882999063, -0.009054167248986607, 0.01658407830802913]], "chi2_level": 0.99, "chi2_df": 3, "chi2_threshold": 11.344866730144373, "N_raw": 37, "N_roi": 37, "N_inlier": 37, "refit": true}
{"timestamp": "16:51:23.549505", "frame": 44, "mu": [-2.0899631048255496, 4.17348784205545, 0.7425711558834263], "Sigma": [[0.017773831972708987, 0.005226883508593107, -0.009530501658002899], [0.005226883508593107, 0.002594306013840951, -0.004142470954582283], [-0.009530501658002899, -0.004142470954582283, 0.00965052053258454]], "chi2_level": 0.99, "chi2_df": 3, "chi2_threshold": 11.344866730144373, "N_raw": 24, "N_roi": 24, "N_inlier": 22, "refit": true}
{"timestamp": "16:51:23.606372", "frame": 45, "mu": [-2.070599099173301, 4.101736753615151, 0.9071816112016743], "Sigma": [[0.023378120312465375, 0.00741419821991559, -0.013188430256264757], [0.00741419821991559, 0.004653012138851962, -0.006724077566695793], [-0.013188430256264755, -0.006724077566695793, 0.0112533145221971]], "chi2_level": 0.99, "chi2_df": 3, "chi2_threshold": 11.344866730144373, "N_raw": 36, "N_roi": 34, "N_inlier": 33, "refit": true}
{"timestamp": "16:51:23.664643", "frame": 46, "mu": [-1.88400520796174, 4.112812492459248, 0.6050093013833486], "Sigma": [[0.028457550193138538, 0.002628884895175412, -0.03025656722931105], [0.0026288848951754114, 0.0036742918027651223, -0.00815922504169821], [-0.03025656722931105, -0.00815922504169821, 0.04997072767140424]], "chi2_level": 0.99, "chi2_df": 3, "chi2_threshold": 11.344866730144373, "N_raw": 61, "N_roi": 59, "N_inlier": 58, "refit": true}
{"timestamp": "16:51:23.713863", "frame": 47, "mu": [-1.839443956231714, 4.125205178635168, 0.9158147255292517], "Sigma": [[0.010885150499314907, 0.0032913425355201287, -0.007557400645537689], [0.0032913425355201287, 0.002775857054217382, -0.0030888213167396756], [-0.007557400645537689, -0.0030888213167396756, 0.007674420915850138]], "chi2_level": 0.99, "chi2_df": 3, "chi2_threshold": 11.344866730144373, "N_raw": 19, "N_roi": 19, "N_inlier": 18, "refit": true}
{"timestamp": "16:51:23.823316", "frame": 49, "mu": [-1.7042073411796859, 4.177002710571522, 1.1908105327335203], "Sigma": [[0.014633477177174547, 0.005949687417533759, -0.009003901720021289], [0.005949687417533759, 0.005123764669310828, -0.0012164159899928375], [-0.009003901720021289, -0.001216415989992838, 0.009126869844365908]], "chi2_level": 0.99, "chi2_df": 3, "chi2_threshold": 11.344866730144373, "N_raw": 20, "N_roi": 19, "N_inlier": 19, "refit": true}
{"timestamp": "16:51:23.883133", "frame": 50, "mu": [-1.631758391492088, 4.138850526304361, 1.048873161037405], "Sigma": [[0.030084494101654872, 0.006874692456822184, -0.01887328276401177], [0.006874692456822184, 0.005551359625111549, -0.0036161150988508212], [-0.018873282764011765, -0.0036161150988508212, 0.013928211930060769]], "chi2_level": 0.99, "chi2_df": 3, "chi2_threshold": 11.344866730144373, "N_raw": 47, "N_roi": 44, "N_inlier": 41, "refit": true}
{"timestamp": "16:51:23.937272", "frame": 51, "mu": [-1.604201812063306, 4.163448293900752, 0.9861708603332491], "Sigma": [[0.01743464860445367, 0.006543397115238729, -0.02475948585500135], [0.006543397115238728, 0.0049769138325771595, -0.015351527361270764], [-0.02475948585500135, -0.015351527361270767, 0.06825465760417124]], "chi2_level": 0.99, "chi2_df": 3, "chi2_threshold": 11.344866730144373, "N_raw": 16, "N_roi": 14, "N_inlier": 13, "refit": true}
{"timestamp": "16:51:23.988843", "frame": 52, "mu": [-1.3716816028712864, 4.304593318586864, 0.964631312716765], "Sigma": [[0.004135428413662399, 0.002382687814474594, -0.0029245713493929394], [0.002382687814474594, 0.005231804175888058, -0.0025065721790736473], [-0.0029245713493929394, -0.0025065721790736473, 0.004098360564535111]], "chi2_level": 0.99, "chi2_df": 3, "chi2_threshold": 11.344866730144373, "N_raw": 13, "N_roi": 11, "N_inlier": 11, "refit": true}
{"timestamp": "16:51:24.045377", "frame": 53, "mu": [-1.3427126287713207, 4.226479476019041, 0.8716783152398209], "Sigma": [[0.009737779117966503, 0.0007134750447140788, -0.0047775552522526], [0.0007134750447140789, 0.003688124014134499, -0.0061081604560650204], [-0.0047775552522526, -0.0061081604560650204, 0.014092918156467672]], "chi2_level": 0.99, "chi2_df": 3, "chi2_threshold": 11.344866730144373, "N_raw": 29, "N_roi": 29, "N_inlier": 27, "refit": true}
{"timestamp": "16:51:24.102534", "frame": 54, "mu": [-1.2925688476151396, 4.291789729215299, -0.6581350856603683], "Sigma": [[0.02149684662044828, 0.009113071323850044, 0.03800676301674705], [0.009113071323850044, 0.010462230293396805, 0.03488711777547702], [0.038006763016747054, 0.034887117775477025, 0.1861086767461526]], "chi2_level": 0.99, "chi2_df": 3, "chi2_threshold": 11.344866730144373, "N_raw": 41, "N_roi": 38, "N_inlier": 38, "refit": true}
{"timestamp": "16:51:24.159212", "frame": 55, "mu": [-1.1840131391519086, 4.3415579799600605, -0.26228828414762756], "Sigma": [[0.025007806820691727, 0.009612155805384773, 0.06179980303187753], [0.009612155805384773, 0.01173034166850794, 0.043981630072786326], [0.06179980303187753, 0.04398163007278634, 0.27431261265416734]], "chi2_level": 0.99, "chi2_df": 3, "chi2_threshold": 11.344866730144373, "N_raw": 57, "N_roi": 54, "N_inlier": 53, "refit": true}
{"timestamp": "16:51:24.210621", "frame": 56, "mu": [-1.1052876487753298, 4.256032352125008, 0.9551738113555771], "Sigma": [[0.02235518596073046, 0.0038112848396671334, -0.00837459379395545], [0.0038112848396671334, 0.0033502132255850787, -1.2721546973863598e-05], [-0.00837459379395545, -1.2721546973863598e-05, 0.0054969434916466876]], "chi2_level": 0.99, "chi2_df": 3, "chi2_threshold": 11.344866730144373, "N_raw": 30, "N_roi": 29, "N_inlier": 28, "refit": true}
{"timestamp": "16:51:24.265496", "frame": 57, "mu": [-0.9878892168291781, 4.309912417276104, 0.9552088354948768], "Sigma": [[0.017052751661947585, 0.0033203274141010443, -0.010560451546863409], [0.0033203274141010443, 0.003851845278956084, -0.002520495732355529], [-0.010560451546863409, -0.002520495732355529, 0.008153290245544566]], "chi2_level": 0.99, "chi2_df": 3, "chi2_threshold": 11.344866730144373, "N_raw": 33, "N_roi": 33, "N_inlier": 32, "refit": true}
{"timestamp": "16:51:24.319953", "frame": 58, "mu": [-0.8390403421768965, 4.4401574858856785, 1.2449648856019255], "Sigma": [[0.01606552696541329, 0.002560053775316314, -0.003053975448634754], [0.0025600537753163143, 0.0017642925041501283, -0.0013653102002393], [-0.003053975448634753, -0.0013653102002393, 0.006747488726106638]], "chi2_level": 0.99, "chi2_df": 3, "chi2_threshold": 11.344866730144373, "N_raw": 24, "N_roi": 23, "N_inlier": 22, "refit": true}
{"timestamp": "16:51:24.377681", "frame": 59, "mu": [-0.8225175863815608, 4.377740989146717, 1.0923050705188946], "Sigma": [[0.02310821522902278, 0.00534518982332076, -9.483293280935579e-05], [0.005345189823320759, 0.006389357205555197, 0.004581974296432142], [-9.483293280935579e-05, 0.004581974296432142, 0.005490234043419901]], "chi2_level": 0.99, "chi2_df": 3, "chi2_threshold": 11.344866730144373, "N_raw": 42, "N_roi": 36, "N_inlier": 35, "refit": true}
{"timestamp": "16:51:24.434539", "frame": 60, "mu": [-0.8169291820816167, 4.326102292149729, 1.026662117206976], "Sigma": [[0.0292957804996285, 0.008656296003481789, 0.0037749607254375112], [0.008656296003481789, 0.008671332612561835, 0.003950017090529287], [0.0037749607254375112, 0.003950017090529287, 0.003347847287275331]], "chi2_level": 0.99, "chi2_df": 3, "chi2_threshold": 11.344866730144373, "N_raw": 57, "N_roi": 50, "N_inlier": 48, "refit": true}
{"timestamp": "16:51:24.488132", "frame": 61, "mu": [-0.6421668950058196, 4.3614894264510875, 1.173563595293855], "Sigma": [[0.02333604223350395, 0.002683266964057879, -0.004911510879695125], [0.002683266964057879, 0.0052270874831572105, 0.004102206569248881], [-0.004911510879695125, 0.004102206569248881, 0.006481637097920855]], "chi2_level": 0.99, "chi2_df": 3, "chi2_threshold": 11.344866730144373, "N_raw": 41, "N_roi": 36, "N_inlier": 34, "refit": true}
{"timestamp": "16:51:24.541541", "frame": 62, "mu": [-0.606536570385857, 4.282657563853247, 1.0484680825990158], "Sigma": [[0.024851533985758983, 0.001848489827594644, -0.006038005923405518], [0.0018484898275946437, 0.00249023378473952, -0.002394874170854773], [-0.006038005923405518, -0.0023948741708547734, 0.00735534729713959]], "chi2_level": 0.99, "chi2_df": 3, "chi2_threshold": 11.344866730144373, "N_raw": 37, "N_roi": 37, "N_inlier": 35, "refit": true}
{"timestamp": "16:51:24.596704", "frame": 63, "mu": [-0.471680183526203, 4.32027197220022, 1.1830367339917423], "Sigma": [[0.024215398355161954, 0.0018256906811020943, -0.007911850462655896], [0.0018256906811020943, 0.00535801499935754, 0.004906596336736407], [-0.007911850462655898, 0.004906596336736406, 0.009802707803582304]], "chi2_level": 0.99, "chi2_df": 3, "chi2_threshold": 11.344866730144373, "N_raw": 40, "N_roi": 37, "N_inlier": 36, "refit": true}
{"timestamp": "16:51:24.653722", "frame": 64, "mu": [-0.4587765262437228, 4.296719924095431, 1.0784253589551285], "Sigma": [[0.031096068717307464, 0.0026149551782721865, -0.0023996742713326704], [0.0026149551782721873, 0.007855563874937696, -0.008724762171146214], [-0.0023996742713326717, -0.008724762171146214, 0.035111578263618194]], "chi2_level": 0.99, "chi2_df": 3, "chi2_threshold": 11.344866730144373, "N_raw": 48, "N_roi": 42, "N_inlier": 39, "refit": true}
{"timestamp": "16:51:24.757350", "frame": 66, "mu": [-0.36881691613061973, 4.284386145073613, 1.171084694043305], "Sigma": [[0.008260842462619494, 0.00034669274030579194, -0.006728317743138687], [0.00034669274030579194, 0.0013354053653984986, -0.003033825808813688], [-0.006728317743138685, -0.003033825808813688, 0.026362410924990285]], "chi2_level": 0.99, "chi2_df": 3, "chi2_threshold": 11.344866730144373, "N_raw": 12, "N_roi": 12, "N_inlier": 12, "refit": true}
{"timestamp": "16:51:24.814994", "frame": 67, "mu": [-0.16103758980262858, 4.370362185884512, 1.359550349023975], "Sigma": [[0.014546565830079202, 0.0015156576529252743, -0.002406179709356779], [0.0015156576529252739, 0.0059937680305416205, 0.008964781048165333], [-0.0024061797093567795, 0.008964781048165333, 0.016750530959337415]], "chi2_level": 0.99, "chi2_df": 3, "chi2_threshold": 11.344866730144373, "N_raw": 32, "N_roi": 31, "N_inlier": 31, "refit": true}
{"timestamp": "16:51:24.873795", "frame": 68, "mu": [-0.1702243805410607, 4.39039825236403, 1.29493838905914], "Sigma": [[0.030483559747230583, -0.0024294577513997734, -0.015031642506360004], [-0.0024294577513997734, 0.005844658688066392, 0.0029757943149625273], [-0.015031642506360004, 0.0029757943149625273, 0.009197083387880037]], "chi2_level": 0.99, "chi2_df": 3, "chi2_threshold": 11.344866730144373, "N_raw": 54, "N_roi": 53, "N_inlier": 53, "refit": true}
{"timestamp": "16:51:24.926182", "frame": 69, "mu": [-0.06560443525483636, 4.420403086069766, 1.2746992835068869], "Sigma": [[0.015754093730055062, -0.0019780536555099528, -0.0024989235538081978], [-0.0019780536555099523, 0.006902440092323718, 0.0033659792794075846], [-0.002498923553808198, 0.0033659792794075837, 0.0036231396634333287]], "chi2_level": 0.99, "chi2_df": 3, "chi2_threshold": 11.344866730144373, "N_raw": 29, "N_roi": 29, "N_inlier": 28, "refit": true}
{"timestamp": "16:51:24.982896", "frame": 70, "mu": [-0.005644608015024141, 4.375096249571575, 1.1699043644108469], "Sigma": [[0.018295602224089054, -0.003477894802166525, -0.005368693216284912], [-0.0034778948021665246, 0.006289246169998651, 0.0004307769764544771], [-0.005368693216284911, 0.00043077697645447686, 0.00364396641659364]], "chi2_level": 0.99, "chi2_df": 3, "chi2_threshold": 11.344866730144373, "N_raw": 44, "N_roi": 43, "N_inlier": 43, "refit": true}
{"timestamp": "16:51:25.035959", "frame": 71, "mu": [0.04950432851581886, 4.338408977909088, 1.2248267355913396], "Sigma": [[0.01692710237792186, -0.0018689963238559134, -0.007849996224368338], [-0.0018689963238559132, 0.0015560458742937323, -0.00015612710123394253], [-0.007849996224368338, -0.00015612710123394244, 0.0065019635978567246]], "chi2_level": 0.99, "chi2_df": 3, "chi2_threshold": 11.344866730144373, "N_raw": 31, "N_roi": 25, "N_inlier": 24, "refit": true}
{"timestamp": "16:51:25.092357", "frame": 72, "mu": [0.2105529545897501, 4.392949103132296, 1.189250091750186], "Sigma": [[0.014312781541930943, 0.00012593866266355172, -0.009336903011594762], [0.00012593866266355174, 0.0032026228422219506, -0.0019258038321797932], [-0.009336903011594762, -0.001925803832179793, 0.010462460980125654]], "chi2_level": 0.99, "chi2_df": 3, "chi2_threshold": 11.344866730144373, "N_raw": 45, "N_roi": 31, "N_inlier": 31, "refit": true}
{"timestamp": "16:51:25.149651", "frame": 73, "mu": [0.22257390174527486, 4.399320070246905, 1.1631138154730785], "Sigma": [[0.025501749577399643, -0.0020847083704104894, -0.016576247775427926], [-0.00208470837041049, 0.003917080861548528, 0.0023470603326516937], [-0.016576247775427926, 0.0023470603326516933, 0.01592336386353653]], "chi2_level": 0.99, "chi2_df": 3, "chi2_threshold": 11.344866730144373, "N_raw": 55, "N_roi": 42, "N_inlier": 40, "refit": true}
{"timestamp": "16:51:25.309299", "frame": 76, "mu": [0.4338000384182496, 4.3456885876619475, 1.135502905227612], "Sigma": [[0.014220737110254367, -0.0018076337685278437, -0.006845410367539919], [-0.0018076337685278437, 0.001541451289521305, 0.00033846701321346955], [-0.006845410367539918, 0.00033846701321346966, 0.006241472402609271]], "chi2_level": 0.99, "chi2_df": 3, "chi2_threshold": 11.344866730144373, "N_raw": 24, "N_roi": 23, "N_inlier": 21, "refit": true}
{"timestamp": "16:51:25.364906", "frame": 77, "mu": [0.5088545615570204, 4.34742977946357, 1.1179446954822971], "Sigma": [[0.01211866222519112, -0.002726497977228432, -0.0049050033717991225], [-0.002726497977228432, 0.0030157905833047647, 0.0009343381288113481], [-0.0049050033717991225, 0.0009343381288113481, 0.00329093978345482]], "chi2_level": 0.99, "chi2_df": 3, "chi2_threshold": 11.344866730144373, "N_raw": 22, "N_roi": 22, "N_inlier": 21, "refit": true}
{"timestamp": "16:51:25.418542", "frame": 78, "mu": [0.5632282090983836, 4.361413601909553, 0.9860712336983435], "Sigma": [[0.0037448154533935712, -0.0008763041948561276, -0.0014529250373076252], [-0.0008763041948561276, 0.004014743879937533, -0.000737105992324093], [-0.0014529250373076252, -0.000737105992324093, 0.0019036067201039376]], "chi2_level": 0.99, "chi2_df": 3, "chi2_threshold": 11.344866730144373, "N_raw": 13, "N_roi": 10, "N_inlier": 10, "refit": true}
{"timestamp": "16:51:25.584240", "frame": 81, "mu": [0.7618423589671949, 4.354247396794414, 1.0878136267270795], "Sigma": [[0.009081773054209423, -0.00462635936061385, 0.0042559296542378], [-0.00462635936061385, 0.012277885872721642, -0.02134645731555389], [0.0042559296542378, -0.02134645731555389, 0.044490756365570726]], "chi2_level": 0.99, "chi2_df": 3, "chi2_threshold": 11.344866730144373, "N_raw": 23, "N_roi": 17, "N_inlier": 17, "refit": true}
{"timestamp": "16:51:25.693953", "frame": 83, "mu": [0.9720443647508346, 4.44428210400316, 1.1988246920194476], "Sigma": [[0.0016467424143877397, -0.0026958558792801305, 0.006196111541347266], [-0.0026958558792801305, 0.019422421658145197, -0.04970329060641184], [0.006196111541347266, -0.04970329060641184, 0.17970169078716375]], "chi2_level": 0.99, "chi2_df": 3, "chi2_threshold": 11.344866730144373, "N_raw": 18, "N_roi": 12, "N_inlier": 12, "refit": true}
{"timestamp": "16:51:25.802983", "frame": 85, "mu": [0.9831471673771492, 4.2546388625893785, 1.1634736584058687], "Sigma": [[0.0070427328737138065, 0.00014583552671871766, -0.004450688168706369], [0.00014583552671871772, 0.0018412591828971322, -0.0019732251275305177], [-0.004450688168706369, -0.0019732251275305173, 0.007197237036582349]], "chi2_level": 0.99, "chi2_df": 3, "chi2_threshold": 11.344866730144373, "N_raw": 13, "N_roi": 11, "N_inlier": 11, "refit": true}
{"timestamp": "16:51:25.860735", "frame": 86, "mu": [1.088298840931538, 4.246556940413972, 1.1646186461172259], "Sigma": [[0.018919390945158855, -0.005940822228993246, -0.014306784148642348], [-0.005940822228993246, 0.0039760952494318, 0.003741094899420405], [-0.014306784148642348, 0.003741094899420405, 0.01377838226011184]], "chi2_level": 0.99, "chi2_df": 3, "chi2_threshold": 11.344866730144373, "N_raw": 30, "N_roi": 25, "N_inlier": 25, "refit": true}
{"timestamp": "16:51:25.917680", "frame": 87, "mu": [1.0923359493039257, 4.292582829915192, 1.1542253004173688], "Sigma": [[0.01840778128616398, -0.003816064521682906, -0.0075793590533254004], [-0.003816064521682906, 0.005184603530692218, -0.0019202603372833584], [-0.0075793590533254004, -0.0019202603372833584, 0.009501557379971111]], "chi2_level": 0.99, "chi2_df": 3, "chi2_threshold": 11.344866730144373, "N_raw": 44, "N_roi": 44, "N_inlier": 44, "refit": true}
{"timestamp": "16:51:26.078150", "frame": 90, "mu": [1.3788373965360576, 4.261190802838388, 1.0503638241726543], "Sigma": [[0.01384465551112877, -0.003727648315535661, -0.00465975779889679], [-0.003727648315535661, 0.0030159779067710406, 0.0016139197304202292], [-0.00465975779889679, 0.0016139197304202292, 0.003980584280620419]], "chi2_level": 0.99, "chi2_df": 3, "chi2_threshold": 11.344866730144373, "N_raw": 18, "N_roi": 18, "N_inlier": 18, "refit": true}
{"timestamp": "16:51:26.798751", "frame": 103, "mu": [1.9046036557470036, 3.9345324647836586, -0.2329645772059471], "Sigma": [[0.03056251182583, -0.00891107538965795, -0.03797585450125107], [-0.00891107538965795, 0.0067195879463451715, 0.004688902912066658], [-0.03797585450125107, 0.0046889029120666574, 0.059923178009530044]], "chi2_level": 0.99, "chi2_df": 3, "chi2_threshold": 11.344866730144373, "N_raw": 51, "N_roi": 48, "N_inlier": 46, "refit": true}
{"timestamp": "16:51:26.856841", "frame": 104, "mu": [1.8976089953904667, 3.7010316518293713, 0.7186914923316263], "Sigma": [[0.038992972356143484, -0.024405218696248253, -0.042131198722547544], [-0.024405218696248256, 0.018593487775305492, 0.02170559482947912], [-0.042131198722547544, 0.021705594829479116, 0.06671565836868995]], "chi2_level": 0.99, "chi2_df": 3, "chi2_threshold": 11.344866730144373, "N_raw": 69, "N_roi": 67, "N_inlier": 66, "refit": true}
{"timestamp": "16:51:26.906817", "frame": 105, "mu": [1.877562548432835, 3.6760554888497814, 0.7755590460718368], "Sigma": [[0.020428005902367985, -0.013252960410123724, -0.016026799391319756], [-0.013252960410123724, 0.012155419726075105, 0.006693490177350843], [-0.016026799391319756, 0.006693490177350843, 0.021435368028186505]], "chi2_level": 0.99, "chi2_df": 3, "chi2_threshold": 11.344866730144373, "N_raw": 37, "N_roi": 35, "N_inlier": 33, "refit": true}
{"timestamp": "16:51:26.960949", "frame": 106, "mu": [1.851147788132387, 3.6262289155000014, 0.880296240850749], "Sigma": [[0.01464794739291632, -0.009056919415534308, -0.005998473750134927], [-0.009056919415534308, 0.0070523120829889185, -0.00011930856573080654], [-0.005998473750134927, -0.00011930856573080643, 0.017220461709581483]], "chi2_level": 0.99, "chi2_df": 3, "chi2_threshold": 11.344866730144373, "N_raw": 31, "N_roi": 29, "N_inlier": 28, "refit": true}
{"timestamp": "16:51:27.017572", "frame": 107, "mu": [1.8993701407567558, 3.7682624549498693, -0.25605824781725023], "Sigma": [[0.023138974720530843, -0.011148787254931378, -0.013741881554107133], [-0.011148787254931377, 0.008743974564933013, 0.0018208290181816382], [-0.013741881554107133, 0.0018208290181816382, 0.016762327135304903]], "chi2_level": 0.99, "chi2_df": 3, "chi2_threshold": 11.344866730144373, "N_raw": 42, "N_roi": 40, "N_inlier": 39, "refit": true}
{"timestamp": "16:51:27.068616", "frame": 108, "mu": [1.8087814355254195, 3.6917883453048574, 0.7770556279163748], "Sigma": [[0.002658872570851501, -0.0012905878935361615, -0.003472162225886339], [-0.0012905878935361615, 0.014937409944510802, -0.007896113670679734], [-0.003472162225886339, -0.007896113670679734, 0.022796423579905883]], "chi2_level": 0.99, "chi2_df": 3, "chi2_threshold": 11.344866730144373, "N_raw": 15, "N_roi": 14, "N_inlier": 13, "refit": true}
{"timestamp": "16:51:27.128271", "frame": 109, "mu": [1.8750800539058279, 3.4602088138715024, 0.6772382342977046], "Sigma": [[0.026796010824021967, -0.028152974890100213, -0.020206042623898742], [-0.028152974890100213, 0.04222718297753639, 0.01879006275668436], [-0.020206042623898742, 0.018790062756684364, 0.022035325898404103]], "chi2_level": 0.99, "chi2_df": 3, "chi2_threshold": 11.344866730144373, "N_raw": 48, "N_roi": 48, "N_inlier": 48, "refit": true}
{"timestamp": "16:51:27.179261", "frame": 110, "mu": [1.816254720455017, 3.4030087256180024, 0.7618224094492596], "Sigma": [[0.008796644239046606, -0.005177421013674986, -0.009289689368096082], [-0.005177421013674986, 0.005245400440249418, 0.003593563080502038], [-0.009289689368096082, 0.003593563080502038, 0.012929433459907356]], "chi2_level": 0.99, "chi2_df": 3, "chi2_threshold": 11.344866730144373, "N_raw": 14, "N_roi": 14, "N_inlier": 14, "refit": true}
{"timestamp": "16:51:27.288246", "frame": 112, "mu": [1.7167184410175735, 3.2696103204086917, 0.721860863159675], "Sigma": [[0.0028390886506192447, -0.0028392857771542897, -0.0030546671934530397], [-0.0028392857771542897, 0.010854120648649329, -0.0010633787909357048], [-0.0030546671934530392, -0.0010633787909357052, 0.009292012532600894]], "chi2_level": 0.99, "chi2_df": 3, "chi2_threshold": 11.344866730144373, "N_raw": 12, "N_roi": 10, "N_inlier": 10, "refit": true}
{"timestamp": "16:51:27.349304", "frame": 113, "mu": [1.7295596767388104, 3.1393261101096814, 0.6542204155646923], "Sigma": [[0.025241624574592364, -0.015604845034249387, -0.011774628512593274], [-0.015604845034249387, 0.01741898339319633, 0.005439118070412131], [-0.011774628512593272, 0.00543911807041213, 0.007284050271417627]], "chi2_level": 0.99, "chi2_df": 3, "chi2_threshold": 11.344866730144373, "N_raw": 61, "N_roi": 60, "N_inlier": 57, "refit": true}
{"timestamp": "16:51:27.399056", "frame": 114, "mu": [1.5868986316914777, 3.3254631176096314, 0.8551736840443831], "Sigma": [[0.0033090089365213756, -0.004758943423438677, 0.004217864827660376], [-0.004758943423438677, 0.013793157570943503, -0.01594343224055813], [0.004217864827660375, -0.01594343224055813, 0.03776340855745059]], "chi2_level": 0.99, "chi2_df": 3, "chi2_threshold": 11.344866730144373, "N_raw": 13, "N_roi": 13, "N_inlier": 13, "refit": true}
{"timestamp": "16:51:27.459371", "frame": 115, "mu": [1.555540878718655, 3.266044417228162, 0.8389964537523508], "Sigma": [[0.015902373822217396, -0.011341760908978551, -0.0019182686808584385], [-0.011341760908978551, 0.020618498496101118, -0.01601887272833067], [-0.0019182686808584385, -0.01601887272833067, 0.03603821608770219]], "chi2_level": 0.99, "chi2_df": 3, "chi2_threshold": 11.344866730144373, "N_raw": 57, "N_roi": 54, "N_inlier": 54, "refit": true}
{"timestamp": "16:51:27.508415", "frame": 116, "mu": [1.4597880099207654, 3.3408490065369123, 0.9903179901799344], "Sigma": [[0.0036264641492589713, -0.0024255977172488495, -0.001421755366771671], [-0.0024255977172488495, 0.007032712724720363, 0.0004648989405966046], [-0.0014217553667716706, 0.00046489894059660456, 0.007517102526581442]], "chi2_level": 0.99, "chi2_df": 3, "chi2_threshold": 11.344866730144373, "N_raw": 15, "N_roi": 15, "N_inlier": 13, "refit": true}
{"timestamp": "16:51:27.562942", "frame": 117, "mu": [1.5071337510541878, 3.2371439348505726, 0.9504009847569808], "Sigma": [[0.00544079760348969, -0.008080470665477818, -0.006169521855393834], [-0.008080470665477818, 0.017947637569387172, 0.012940485224697615], [-0.006169521855393835, 0.012940485224697616, 0.011105761435648205]], "chi2_level": 0.99, "chi2_df": 3, "chi2_threshold": 11.344866730144373, "N_raw": 15, "N_roi": 15, "N_inlier": 14, "refit": true}
{"timestamp": "16:51:27.621777", "frame": 118, "mu": [1.3160109241118616, 3.225692573110174, 0.8246130981527761], "Sigma": [[0.009250852362952377, -0.0028673495201666766, 0.0014743441807656176], [-0.002867349520166677, 0.010995248930416727, 0.007169282359640754], [0.0014743441807656176, 0.007169282359640754, 0.009351101373339015]], "chi2_level": 0.99, "chi2_df": 3, "chi2_threshold": 11.344866730144373, "N_raw": 36, "N_roi": 36, "N_inlier": 36, "refit": true}
{"timestamp": "16:51:27.786522", "frame": 121, "mu": [1.0926901328806766, 3.311655737594245, 1.0537748433837084], "Sigma": [[0.012281639841249704, -0.0052498374339421715, -0.00786361325091092], [-0.005249837433942172, 0.0048500705304120265, 0.0015112004775977256], [-0.00786361325091092, 0.0015112004775977256, 0.008951048368725565]], "chi2_level": 0.99, "chi2_df": 3, "chi2_threshold": 11.344866730144373, "N_raw": 36, "N_roi": 34, "N_inlier": 31, "refit": true}
{"timestamp": "16:51:27.839125", "frame": 122, "mu": [1.0816531196641108, 3.2933339296329085, 0.8313948575933784], "Sigma": [[0.009778307099565285, -0.00965510507087391, 0.006079746748205409], [-0.009655105070873912, 0.015260345055375364, -0.03265799169026256], [0.006079746748205408, -0.03265799169026256, 0.2225693775804455]], "chi2_level": 0.99, "chi2_df": 3, "chi2_threshold": 11.344866730144373, "N_raw": 18, "N_roi": 18, "N_inlier": 17, "refit": true}
{"timestamp": "16:51:27.897268", "frame": 123, "mu": [0.9708015975694506, 3.310285412249986, 1.0256523578071788], "Sigma": [[0.009900515634510268, -0.00580210315857988, -0.003364964230363698], [-0.00580210315857988, 0.00813650389251001, -0.002490980310362779], [-0.003364964230363698, -0.002490980310362779, 0.0190446233397875]], "chi2_level": 0.99, "chi2_df": 3, "chi2_threshold": 11.344866730144373, "N_raw": 42, "N_roi": 42, "N_inlier": 39, "refit": true}
{"timestamp": "16:51:27.954083", "frame": 124, "mu": [1.0129073862383329, 3.241280387329796, 0.6892611484618808], "Sigma": [[0.012835885484976103, -0.004936865793088104, -0.0013077941462175434], [-0.004936865793088104, 0.0047100430194253595, -0.003119905760866694], [-0.0013077941462175434, -0.003119905760866694, 0.008858443688028876]], "chi2_level": 0.99, "chi2_df": 3, "chi2_threshold": 11.344866730144373, "N_raw": 47, "N_roi": 44, "N_inlier": 41, "refit": true}
{"timestamp": "16:51:28.005448", "frame": 125, "mu": [0.9043879435457455, 3.419294695024922, -0.1136057920614245], "Sigma": [[0.0058632415800458065, -0.004133081078577251, 0.004898931818799702], [-0.004133081078577252, 0.014605667451443346, -0.026482849575019618], [0.004898931818799703, -0.026482849575019618, 0.054991923113650885]], "chi2_level": 0.99, "chi2_df": 3, "chi2_threshold": 11.344866730144373, "N_raw": 23, "N_roi": 23, "N_inlier": 21, "refit": true}
{"timestamp": "16:51:28.105574", "frame": 126, "mu": [0.7160840946210999, 3.4608950034027814, 0.15988531822817234], "Sigma": [[0.013973137463845894, -0.005699470053714796, -0.01775499658834329], [-0.005699470053714797, 0.009018615447744705, 0.007600172033139882], [-0.017754996588343286, 0.007600172033139882, 0.02624874499905023]], "chi2_level": 0.99, "chi2_df": 3, "chi2_threshold": 11.344866730144373, "N_raw": 51, "N_roi": 50, "N_inlier": 49, "refit": true}
{"timestamp": "16:51:28.119634", "frame": 127, "mu": [0.7950053621798914, 3.4033530967489725, -0.15480195040294073], "Sigma": [[0.014962272779090255, -0.004833719594914854, -0.01824625367175474], [-0.004833719594914854, 0.006978210357418538, 0.005167000420005768], [-0.01824625367175474, 0.005167000420005768, 0.025155982200494025]], "chi2_level": 0.99, "chi2_df": 3, "chi2_threshold": 11.344866730144373, "N_raw": 53, "N_roi": 53, "N_inlier": 51, "refit": true}
{"timestamp": "16:51:28.170802", "frame": 128, "mu": [0.6826935976540289, 3.2643403163222597, 1.1419276608359152], "Sigma": [[0.010519169042405225, -0.003392934323653529, -0.0053314887999665606], [-0.0033929343236535287, 0.0032770625741905795, 0.002493786531402409], [-0.0053314887999665606, 0.002493786531402409, 0.0036529248990171768]], "chi2_level": 0.99, "chi2_df": 3, "chi2_threshold": 11.344866730144373, "N_raw": 25, "N_roi": 25, "N_inlier": 24, "refit": true}
{"timestamp": "16:51:28.282132", "frame": 130, "mu": [0.4123489745592665, 3.431139452519149, 0.3192366687200071], "Sigma": [[0.010979372958028468, -0.0016034434517832109, -0.00997900025488482], [-0.0016034434517832109, 0.004189477310205977, 0.0029969658949927157], [-0.009979000254884818, 0.0029969658949927152, 0.011811144211674287]], "chi2_level": 0.99, "chi2_df": 3, "chi2_threshold": 11.344866730144373, "N_raw": 38, "N_roi": 36, "N_inlier": 35, "refit": true}
{"timestamp": "16:51:28.341778", "frame": 131, "mu": [0.41422309678441893, 3.3691646978554672, 0.059504677554952166], "Sigma": [[0.01731500949076855, -0.003041752367943392, -0.015514248422631298], [-0.003041752367943392, 0.007218058016945572, 0.008042712958245123], [-0.015514248422631296, 0.008042712958245121, 0.022061594549131258]], "chi2_level": 0.99, "chi2_df": 3, "chi2_threshold": 11.344866730144373, "N_raw": 67, "N_roi": 66, "N_inlier": 65, "refit": true}
{"timestamp": "16:51:28.396041", "frame": 132, "mu": [0.29025272701863386, 3.3815058210135502, 0.22754729528558607], "Sigma": [[0.013524218256244188, -0.002105811118167706, -0.011744455919521453], [-0.0021058111181677065, 0.006796308791216396, 0.005783411694346363], [-0.011744455919521453, 0.005783411694346362, 0.015335808519534483]], "chi2_level": 0.99, "chi2_df": 3, "chi2_threshold": 11.344866730144373, "N_raw": 57, "N_roi": 57, "N_inlier": 57, "refit": true}
{"timestamp": "16:51:28.505896", "frame": 134, "mu": [0.14756386998586946, 3.400494808387447, 0.23278321365411658], "Sigma": [[0.017657918796627446, -0.0014429290734581908, -0.015435823560441528], [-0.0014429290734581908, 0.009088482173168384, 0.006468455322888382], [-0.015435823560441528, 0.006468455322888382, 0.019826484058421197]], "chi2_level": 0.99, "chi2_df": 3, "chi2_threshold": 11.344866730144373, "N_raw": 59, "N_roi": 56, "N_inlier": 55, "refit": true}
{"timestamp": "16:51:28.557258", "frame": 135, "mu": [0.044402985134274306, 3.4152058422690765, 0.12811084859974206], "Sigma": [[0.009781224880032665, 0.0016789228715688967, -0.005933974945643449], [0.0016789228715688965, 0.0063668682538319385, 0.003726305071157515], [-0.005933974945643449, 0.003726305071157515, 0.011934633238630454]], "chi2_level": 0.99, "chi2_df": 3, "chi2_threshold": 11.344866730144373, "N_raw": 35, "N_roi": 31, "N_inlier": 28, "refit": true}
{"timestamp": "16:51:28.616166", "frame": 136, "mu": [0.043116947274261255, 3.4973639479152565, 0.05794425457124124], "Sigma": [[0.01575474387142806, -0.0002634070232529868, -0.012638674746282885], [-0.0002634070232529868, 0.008047347358104842, -0.0036949120101268185], [-0.012638674746282885, -0.0036949120101268185, 0.015614582781723552]], "chi2_level": 0.99, "chi2_df": 3, "chi2_threshold": 11.344866730144373, "N_raw": 59, "N_roi": 55, "N_inlier": 50, "refit": true}
{"timestamp": "16:51:28.671915", "frame": 137, "mu": [-0.09483717762475583, 3.4583764226850953, 0.27563308722037994], "Sigma": [[0.01731868942819958, 0.002166812684329016, -0.011969775334815913], [0.002166812684329016, 0.006442574724897268, 0.007048278543288069], [-0.011969775334815913, 0.007048278543288069, 0.0337757026554859]], "chi2_level": 0.99, "chi2_df": 3, "chi2_threshold": 11.344866730144373, "N_raw": 72, "N_roi": 69, "N_inlier": 65, "refit": true}
{"timestamp": "16:51:28.729243", "frame": 138, "mu": [-0.14265102918249856, 3.4941556703324306, 0.07659168377601094], "Sigma": [[0.019826496730206505, 0.0037474831807632796, -0.01305437749685354], [0.0037474831807632796, 0.0111993766727642, -0.005736392115238695], [-0.013054377496853542, -0.005736392115238695, 0.010975353371943842]], "chi2_level": 0.99, "chi2_df": 3, "chi2_threshold": 11.344866730144373, "N_raw": 87, "N_roi": 85, "N_inlier": 82, "refit": true}
{"timestamp": "16:51:28.781763", "frame": 139, "mu": [-0.20016070651217555, 3.4108260144033755, 1.112641846573765], "Sigma": [[0.01810429755180134, -0.0010039765814515234, -0.006286245686812189], [-0.0010039765814515234, 0.00504536023203142, -0.004893356082497379], [-0.006286245686812189, -0.004893356082497379, 0.011431890042403718]], "chi2_level": 0.99, "chi2_df": 3, "chi2_threshold": 11.344866730144373, "N_raw": 68, "N_roi": 68, "N_inlier": 67, "refit": true}
{"timestamp": "16:51:28.836111", "frame": 140, "mu": [-0.3659503898185184, 3.408568504429928, 1.3211099709046041], "Sigma": [[0.022724047397395794, -0.0028271060105778283, -0.016389000737790017], [-0.0028271060105778288, 0.0065834192416365815, 0.005416370008958197], [-0.016389000737790017, 0.005416370008958197, 0.016045389050396444]], "chi2_level": 0.99, "chi2_df": 3, "chi2_threshold": 11.344866730144373, "N_raw": 56, "N_roi": 56, "N_inlier": 55, "refit": true}
{"timestamp": "16:51:28.887698", "frame": 141, "mu": [-0.3504552345734856, 3.4902954091405696, -0.14345066334252726], "Sigma": [[0.0065323810671065385, 0.0022883578985635313, -0.004651851213980378], [0.0022883578985635313, 0.006817263827787867, -0.0010110775043095767], [-0.004651851213980378, -0.0010110775043095765, 0.012384462866174626]], "chi2_level": 0.99, "chi2_df": 3, "chi2_threshold": 11.344866730144373, "N_raw": 32, "N_roi": 32, "N_inlier": 32, "refit": true}
{"timestamp": "16:51:28.942542", "frame": 142, "mu": [-0.4081907463260805, 3.3286931530339485, 1.0944304353772263], "Sigma": [[0.020086597538263817, 0.0008381041796347998, -0.008273748221906973], [0.0008381041796347995, 0.002021385997740623, -0.0026365142658598397], [-0.008273748221906973, -0.0026365142658598397, 0.007266937327955906]], "chi2_level": 0.99, "chi2_df": 3, "chi2_threshold": 11.344866730144373, "N_raw": 46, "N_roi": 44, "N_inlier": 42, "refit": true}
{"timestamp": "16:51:28.993404", "frame": 143, "mu": [-0.47865626679942075, 3.3893401852019265, 1.0015274573223116], "Sigma": [[0.012834272241173185, -0.012255311051852603, 0.01824006273767569], [-0.012255311051852602, 0.016264985905526136, -0.022549940974499184], [0.01824006273767569, -0.022549940974499184, 0.11175146826453562]], "chi2_level": 0.99, "chi2_df": 3, "chi2_threshold": 11.344866730144373, "N_raw": 16, "N_roi": 16, "N_inlier": 16, "refit": true}
{"timestamp": "16:51:29.053144", "frame": 144, "mu": [-0.5813775335242456, 3.3441102661640847, 1.1404080867435702], "Sigma": [[0.02094866463601405, -0.005516112607526148, -0.0010719214990152347], [-0.005516112607526148, 0.01123555605543977, -0.011692996515554995], [-0.0010719214990152358, -0.011692996515554993, 0.020291739305490997]], "chi2_level": 0.99, "chi2_df": 3, "chi2_threshold": 11.344866730144373, "N_raw": 47, "N_roi": 43, "N_inlier": 39, "refit": true}
{"timestamp": "16:51:29.107067", "frame": 145, "mu": [-0.6666125910689014, 3.390603783481856, 1.159016564442905], "Sigma": [[0.01724047517021301, -0.003364844830800887, 0.00407196189835038], [-0.0033648448308008865, 0.007858853412048608, -0.006381443714535156], [0.00407196189835038, -0.006381443714535156, 0.06757079480397299]], "chi2_level": 0.99, "chi2_df": 3, "chi2_threshold": 11.344866730144373, "N_raw": 38, "N_roi": 38, "N_inlier": 37, "refit": true}
{"timestamp": "16:51:29.166308", "frame": 146, "mu": [-0.7030899819390264, 3.4428580243100053, 0.0704174106482755], "Sigma": [[0.018718963280710238, 0.0030674686938153995, -0.013455048017463105], [0.0030674686938153995, 0.006779964098340059, -0.0018986821937948292], [-0.013455048017463105, -0.0018986821937948292, 0.016422461638407465]], "chi2_level": 0.99, "chi2_df": 3, "chi2_threshold": 11.344866730144373, "N_raw": 61, "N_roi": 58, "N_inlier": 54, "refit": true}
{"timestamp": "16:51:29.219010", "frame": 147, "mu": [-0.7540938991243453, 3.477860497937217, -0.02857506539044199], "Sigma": [[0.014845642899283593, 0.005636454525939244, -0.017278458767710066], [0.005636454525939244, 0.013874165119708974, -0.011281029209581659], [-0.017278458767710066, -0.011281029209581659, 0.03655888592279434]], "chi2_level": 0.99, "chi2_df": 3, "chi2_threshold": 11.344866730144373, "N_raw": 47, "N_roi": 43, "N_inlier": 41, "refit": true}
{"timestamp": "16:51:29.272121", "frame": 148, "mu": [-0.8236964814592459, 3.4569025562864484, 0.006773080189509132], "Sigma": [[0.014768368616746285, 0.0019574426294413235, -0.013781936577717252], [0.001957442629441324, 0.006867365412354009, -0.003398358820876129], [-0.013781936577717252, -0.00339835882087613, 0.02966725169703751]], "chi2_level": 0.99, "chi2_df": 3, "chi2_threshold": 11.344866730144373, "N_raw": 45, "N_roi": 44, "N_inlier": 42, "refit": true}
{"timestamp": "16:51:29.331526", "frame": 149, "mu": [-0.9263470584603567, 3.5797846256147374, -0.09946023503823716], "Sigma": [[0.012866463831916171, 0.0045325929229295455, -0.012164882259840692], [0.0045325929229295455, 0.05206385451646599, -0.09089533704173088], [-0.012164882259840694, -0.09089533704173088, 0.17435848910581456]], "chi2_level": 0.99, "chi2_df": 3, "chi2_threshold": 11.344866730144373, "N_raw": 64, "N_roi": 62, "N_inlier": 62, "refit": true}
{"timestamp": "16:51:29.438642", "frame": 151, "mu": [-1.0511265343915037, 3.358926107197464, 1.1326753735390342], "Sigma": [[0.014864393252105682, 0.0012749718820491687, -0.012817494950242312], [0.0012749718820491683, 0.005520621161171966, -0.0019495030901225808], [-0.01281749495024231, -0.0019495030901225806, 0.015301937598986919]], "chi2_level": 0.99, "chi2_df": 3, "chi2_threshold": 11.344866730144373, "N_raw": 52, "N_roi": 52, "N_inlier": 51, "refit": true}
{"timestamp": "16:51:29.493905", "frame": 152, "mu": [-1.1444884734535599, 3.3672710037550977, 1.1590515459771527], "Sigma": [[0.016090036168680794, 0.0021189825811245293, -0.013504275611116183], [0.002118982581124529, 0.0035494409740414656, -0.0054279429666290145], [-0.013504275611116183, -0.0054279429666290145, 0.019941187415529683]], "chi2_level": 0.99, "chi2_df": 3, "chi2_threshold": 11.344866730144373, "N_raw": 48, "N_roi": 46, "N_inlier": 46, "refit": true}
{"timestamp": "16:51:29.546508", "frame": 153, "mu": [-1.186957049252472, 3.4312202162614596, 1.065553006326362], "Sigma": [[0.012933997440914115, 0.00037719269409589734, -0.01813995895312123], [0.00037719269409589723, 0.0012309562296710134, -0.0024951956422800178], [-0.018139958953121225, -0.0024951956422800178, 0.03290028115764464]], "chi2_level": 0.99, "chi2_df": 3, "chi2_threshold": 11.344866730144373, "N_raw": 30, "N_roi": 28, "N_inlier": 25, "refit": true}
{"timestamp": "16:51:29.655845", "frame": 155, "mu": [-1.3459904875051194, 3.4314160694580145, 0.9357959745547578], "Sigma": [[0.01057475638254858, 0.0010492720206450616, -0.02201300885624482], [0.0010492720206450616, 0.002011590099603658, -0.003693269939697212], [-0.02201300885624482, -0.003693269939697212, 0.09357729226615458]], "chi2_level": 0.99, "chi2_df": 3, "chi2_threshold": 11.344866730144373, "N_raw": 28, "N_roi": 27, "N_inlier": 26, "refit": true}
