{"timestamp": "16:30:01.431737", "frame": 24, "mu": [2.1421337303827697, 0.8505020392009095, -0.5851291009058049], "Sigma": [[0.003293278445445618, -0.0019468314728683742, -0.002421320370458253], [-0.0019468314728683742, 0.00533350953871268, 0.001125677085145787], [-0.002421320370458253, 0.001125677085145787, 0.002566974104375299]], "chi2_level": 0.99, "chi2_df": 3, "chi2_threshold": 11.344866730144373, "N_raw": 12, "N_roi": 12, "N_inlier": 11, "refit": true}
{"timestamp": "16:30:01.654768", "frame": 28, "mu": [2.0640265097407666, 0.7546416969884525, 1.1873935838389666], "Sigma": [[0.005444718001596472, -0.006825779322603972, -0.001274397633176084], [-0.006825779322603972, 0.01497806428051634, -0.00013161398852226138], [-0.0012743976331760845, -0.00013161398852226127, 0.0015983825668941952]], "chi2_level": 0.99, "chi2_df": 3, "chi2_threshold": 11.344866730144373, "N_raw": 23, "N_roi": 23, "N_inlier": 22, "refit": true}
{"timestamp": "16:30:01.707560", "frame": 29, "mu": [2.0333775172667847, 0.7079974958748143, 1.2387868321134705], "Sigma": [[0.003796109176874848, -0.0029309912036090745, -0.0011565321704626774], [-0.002930991203609075, 0.01278492374020187, 0.0009276578265604811], [-0.0011565321704626774, 0.0009276578265604812, 0.0006644577953108114]], "chi2_level": 0.99, "chi2_df": 3, "chi2_threshold": 11.344866730144373, "N_raw": 18, "N_roi": 18, "N_inlier": 18, "refit": true}
{"timestamp": "16:30:01.871848", "frame": 32, "mu": [1.999674448975562, 0.6783017923989116, 1.1185765658411209], "Sigma": [[0.004153434595079444, -0.004566577880783176, -0.005546179238676615], [-0.004566577880783176, 0.011046683332882815, 0.006780634717919652], [-0.005546179238676615, 0.0067806347179196515, 0.009802299332651367]], "chi2_level": 0.99, "chi2_df": 3, "chi2_threshold": 11.344866730144373, "N_raw": 10, "N_roi": 10, "N_inlier": 10, "refit": true}
{"timestamp": "16:30:01.928329", "frame": 33, "mu": [1.805018914870941, 0.6326462742226658, 1.0508224693752317], "Sigma": [[0.6426176542338984, 0.036492292850175516, -0.017079204284307904], [0.036492292850175516, 0.015640018111581323, 0.00026832652672051426], [-0.017079204284307904, 0.0002683265267205148, 0.00529480803180716]], "chi2_level": 0.99, "chi2_df": 3, "chi2_threshold": 11.344866730144373, "N_raw": 25, "N_roi": 25, "N_inlier": 24, "refit": true}
{"timestamp": "16:30:02.094517", "frame": 36, "mu": [1.5429053323070623, 0.5828834109606115, 1.1152012611668232], "Sigma": [[1.1504852593889892, 0.05314832865479967, -0.010983373700194796], [0.05314832865479966, 0.01229342867808755, -0.00505393877166492], [-0.010983373700194792, -0.00505393877166492, 0.006244324792333657]], "chi2_level": 0.99, "chi2_df": 3, "chi2_threshold": 11.344866730144373, "N_raw": 24, "N_roi": 24, "N_inlier": 23, "refit": true}
{"timestamp": "16:30:02.148912", "frame": 37, "mu": [1.5422070441231293, 0.47920320795817445, 0.9326796449289863], "Sigma": [[1.1935016655188528, 0.03934180368640629, -0.05438938130751142], [0.03934180368640629, 0.018871776089626084, -0.010218929785692612], [-0.05438938130751143, -0.010218929785692613, 0.020593274735883727]], "chi2_level": 0.99, "chi2_df": 3, "chi2_threshold": 11.344866730144373, "N_raw": 11, "N_roi": 11, "N_inlier": 11, "refit": true}
{"timestamp": "16:30:02.368416", "frame": 41, "mu": [1.716062212423647, 0.610203732842388, -0.5636900110441725], "Sigma": [[0.0025503174861920786, 0.000627323150715209, -0.0008113416910126682], [0.000627323150715209, 0.003988963639974331, -0.0006000965184035096], [-0.0008113416910126682, -0.0006000965184035095, 0.0003011047528630724]], "chi2_level": 0.99, "chi2_df": 3, "chi2_threshold": 11.344866730144373, "N_raw": 11, "N_roi": 11, "N_inlier": 11, "refit": true}
{"timestamp": "16:30:02.700297", "frame": 47, "mu": [1.4555081555173595, 0.5628366585319051, 1.3730545403911054], "Sigma": [[0.0013173421243246328, -0.0014830350199367863, 0.0015916024586362927], [-0.0014830350199367863, 0.008351464913148402, 0.0018505989981343327], [0.0015916024586362927, 0.0018505989981343327, 0.016361633541397514]], "chi2_level": 0.99, "chi2_df": 3, "chi2_threshold": 11.344866730144373, "N_raw": 16, "N_roi": 16, "N_inlier": 14, "refit": true}
{"timestamp": "16:30:02.810452", "frame": 49, "mu": [-0.6417098049182425, 0.3223166023830271, 1.2310348901822605], "Sigma": [[1.3870845628669488, 0.009257421705963118, 0.022508921457756362], [0.009257421705963121, 0.00543189203755391, -0.0005357416860612811], [0.022508921457756362, -0.0005357416860612811, 0.0017972102416378866]], "chi2_level": 0.99, "chi2_df": 3, "chi2_threshold": 11.344866730144373, "N_raw": 19, "N_roi": 19, "N_inlier": 19, "refit": true}
{"timestamp": "16:30:02.865111", "frame": 50, "mu": [-0.7419129154796085, 0.31096273833546484, 1.2346761533744448], "Sigma": [[1.1035358647672389, -0.0038571924324014217, -0.06933622598496328], [-0.0038571924324014226, 0.004950055525361546, -0.0029866826036720837], [-0.06933622598496328, -0.002986682603672083, 0.013627847806995183]], "chi2_level": 0.99, "chi2_df": 3, "chi2_threshold": 11.344866730144373, "N_raw": 18, "N_roi": 18, "N_inlier": 17, "refit": true}
{"timestamp": "16:30:02.923138", "frame": 51, "mu": [0.1328315233340633, 0.3090285832667667, 1.3037203173313292], "Sigma": [[1.4964914743424005, -0.004455558798968222, 0.029522718070887237], [-0.0044555587989682215, 0.003923111064473019, -0.0022697846410055043], [0.029522718070887233, -0.0022697846410055043, 0.007267342339934109]], "chi2_level": 0.99, "chi2_df": 3, "chi2_threshold": 11.344866730144373, "N_raw": 40, "N_roi": 40, "N_inlier": 39, "refit": true}
{"timestamp": "16:30:02.977554", "frame": 52, "mu": [0.32625819590798866, 0.2948313819113611, 1.329831596999195], "Sigma": [[1.2659838687157545, 0.011231078890248838, 0.04062655273022577], [0.011231078890248838, 0.0026515830829421357, -0.0005540169202113399], [0.040626552730225765, -0.0005540169202113398, 0.01037468817009718]], "chi2_level": 0.99, "chi2_df": 3, "chi2_threshold": 11.344866730144373, "N_raw": 36, "N_roi": 36, "N_inlier": 34, "refit": true}
{"timestamp": "16:30:03.033207", "frame": 53, "mu": [0.05189554162222631, 0.2666236337337581, 1.2930562207627663], "Sigma": [[1.2739339664183542, 0.013734870237719542, 0.010230636760554284], [0.013734870237719543, 0.003441195835900056, -0.0005760319781866782], [0.010230636760554282, -0.0005760319781866782, 0.0036255818017008876]], "chi2_level": 0.99, "chi2_df": 3, "chi2_threshold": 11.344866730144373, "N_raw": 37, "N_roi": 36, "N_inlier": 34, "refit": true}
{"timestamp": "16:30:03.089041", "frame": 54, "mu": [0.43244805695221, 0.3008011900946806, 1.3868186837124663], "Sigma": [[0.9393039971764862, 0.023896701141767715, 0.031767457514461736], [0.023896701141767715, 0.004053745471465734, 0.0007233048539687004], [0.03176745751446173, 0.0007233048539687004, 0.0069809869837488036]], "chi2_level": 0.99, "chi2_df": 3, "chi2_threshold": 11.344866730144373, "N_raw": 43, "N_roi": 43, "N_inlier": 42, "refit": true}
{"timestamp": "16:30:03.143032", "frame": 55, "mu": [0.2850385967338979, 0.27709015150766103, 1.306448545465434], "Sigma": [[1.0415929711690042, 0.036402528230746786, -0.022142407011287113], [0.036402528230746786, 0.006155226309126661, -0.004104951981954937], [-0.022142407011287113, -0.004104951981954937, 0.02353723064796566]], "chi2_level": 0.99, "chi2_df": 3, "chi2_threshold": 11.344866730144373, "N_raw": 40, "N_roi": 39, "N_inlier": 37, "refit": true}
{"timestamp": "16:30:03.197506", "frame": 56, "mu": [0.6084605716526452, 0.2794519985753508, 1.3356164396407333], "Sigma": [[0.6009764564680641, 0.028361096923312408, -0.009754291212877866], [0.028361096923312405, 0.005121354795629877, -0.002730162717919143], [-0.009754291212877863, -0.002730162717919142, 0.036921779938029115]], "chi2_level": 0.99, "chi2_df": 3, "chi2_threshold": 11.344866730144373, "N_raw": 29, "N_roi": 29, "N_inlier": 29, "refit": true}
{"timestamp": "16:30:03.249901", "frame": 57, "mu": [0.9597448073020545, 0.31728503935082275, 1.368842681161474], "Sigma": [[0.0027200230422163843, -0.0011814949872585257, -0.00354015391254331], [-0.0011814949872585257, 0.001467372470648708, 0.002620750751882398], [-0.00354015391254331, 0.002620750751882398, 0.02110492081090369]], "chi2_level": 0.99, "chi2_df": 3, "chi2_threshold": 11.344866730144373, "N_raw": 17, "N_roi": 17, "N_inlier": 15, "refit": true}
{"timestamp": "16:30:03.305199", "frame": 58, "mu": [0.8344960938415027, 0.42247987912324025, 1.2597480190715915], "Sigma": [[0.006370062128126636, -0.006484964188188291, 0.012238174029803636], [-0.0064849641881882915, 0.017446253638485718, -0.027579757664582233], [0.012238174029803638, -0.027579757664582236, 0.09450177783145841]], "chi2_level": 0.99, "chi2_df": 3, "chi2_threshold": 11.344866730144373, "N_raw": 16, "N_roi": 16, "N_inlier": 16, "refit": true}
{"timestamp": "16:30:03.359773", "frame": 59, "mu": [0.8379347251695185, 0.350253919241543, 1.2844688329576952], "Sigma": [[0.0027502107628148992, -0.0022240523983450967, 0.0015938036542468602], [-0.0022240523983450967, 0.00678768243958365, -0.015424354656921914], [0.00159380365424686, -0.015424354656921914, 0.05487906218399537]], "chi2_level": 0.99, "chi2_df": 3, "chi2_threshold": 11.344866730144373, "N_raw": 16, "N_roi": 16, "N_inlier": 16, "refit": true}
{"timestamp": "16:30:03.469823", "frame": 61, "mu": [0.6644288798831157, 0.42955177123547655, 1.1978083312215408], "Sigma": [[0.006183222636155832, -0.008993359783752767, 0.004432051727115352], [-0.008993359783752767, 0.024563274125288005, -0.02689725158497319], [0.004432051727115352, -0.02689725158497319, 0.11142424482921104]], "chi2_level": 0.99, "chi2_df": 3, "chi2_threshold": 11.344866730144373, "N_raw": 16, "N_roi": 16, "N_inlier": 15, "refit": true}
{"timestamp": "16:30:03.526792", "frame": 62, "mu": [0.6484506111591838, 0.33974703272327267, 1.2416696474578088], "Sigma": [[0.0035601828230238143, -0.003667161575085493, -0.004307750758731484], [-0.003667161575085493, 0.010613501776626302, 0.020992644109617327], [-0.004307750758731483, 0.020992644109617327, 0.21161331933771024]], "chi2_level": 0.99, "chi2_df": 3, "chi2_threshold": 11.344866730144373, "N_raw": 32, "N_roi": 32, "N_inlier": 31, "refit": true}
{"timestamp": "16:30:03.586500", "frame": 63, "mu": [0.6074079747105787, 0.3233835446324088, 1.3774417250127207], "Sigma": [[0.0023072862529532915, -0.0027730360978016765, -0.00319373904231196], [-0.0027730360978016765, 0.0036100647494219772, 0.0032639227647222966], [-0.00319373904231196, 0.0032639227647222966, 0.006891410953251715]], "chi2_level": 0.99, "chi2_df": 3, "chi2_threshold": 11.344866730144373, "N_raw": 42, "N_roi": 39, "N_inlier": 37, "refit": true}
{"timestamp": "16:30:03.641842", "frame": 64, "mu": [0.5585431218765111, 0.34408584835925904, 1.3923872992753155], "Sigma": [[0.0025916256653306163, -0.0020969342348999805, -0.003369635012141179], [-0.0020969342348999805, 0.002565171726628873, 0.0015648936711482445], [-0.003369635012141179, 0.0015648936711482445, 0.008438078967979894]], "chi2_level": 0.99, "chi2_df": 3, "chi2_threshold": 11.344866730144373, "N_raw": 63, "N_roi": 63, "N_inlier": 57, "refit": true}
{"timestamp": "16:30:03.691376", "frame": 65, "mu": [0.5357292264922531, 0.25088391990204484, 1.0639638188330467], "Sigma": [[0.0014401733402763224, -0.0016679903217067596, -0.004784291089253614], [-0.0016679903217067596, 0.0032766203960666834, 0.00945950724376109], [-0.004784291089253614, 0.00945950724376109, 0.31029163030445517]], "chi2_level": 0.99, "chi2_df": 3, "chi2_threshold": 11.344866730144373, "N_raw": 23, "N_roi": 22, "N_inlier": 21, "refit": true}
{"timestamp": "16:30:03.747714", "frame": 66, "mu": [0.4734970937690241, 0.2589035440224086, 1.2520414371613164], "Sigma": [[0.003152644623035778, -0.003200018429818034, -0.0025659790083796333], [-0.003200018429818034, 0.013997192628232158, 0.029586092625259748], [-0.002565979008379633, 0.029586092625259748, 0.2045450507768735]], "chi2_level": 0.99, "chi2_df": 3, "chi2_threshold": 11.344866730144373, "N_raw": 34, "N_roi": 34, "N_inlier": 34, "refit": true}
{"timestamp": "16:30:03.800175", "frame": 67, "mu": [0.3441526945123394, 0.3203290915385841, 1.2886988588773691], "Sigma": [[0.006112358095115359, -0.0003843230003978391, -0.04432228612123121], [-0.0003843230003978391, 0.00323043425893309, 0.012520253824898811], [-0.04432228612123121, 0.012520253824898811, 0.40154065128520605]], "chi2_level": 0.99, "chi2_df": 3, "chi2_threshold": 11.344866730144373, "N_raw": 20, "N_roi": 20, "N_inlier": 19, "refit": true}
{"timestamp": "16:30:03.968240", "frame": 70, "mu": [0.20839616083080145, 0.304919257092212, 1.354592505550817], "Sigma": [[0.005961616909271638, -0.0035076576056359424, -0.004111624718180187], [-0.0035076576056359424, 0.00287405726305226, -0.0006520631281429498], [-0.004111624718180188, -0.0006520631281429511, 0.13126046541896405]], "chi2_level": 0.99, "chi2_df": 3, "chi2_threshold": 11.344866730144373, "N_raw": 40, "N_roi": 40, "N_inlier": 38, "refit": true}
{"timestamp": "16:30:04.029012", "frame": 71, "mu": [0.08741494143363014, 0.3996555401835712, 1.507932979154308], "Sigma": [[0.0012082222280581053, 0.00011809290192439393, -0.001147833985421939], [0.00011809290192439393, 0.0019870275630571813, -0.0027151664534625338], [-0.001147833985421939, -0.0027151664534625338, 0.006008455806220105]], "chi2_level": 0.99, "chi2_df": 3, "chi2_threshold": 11.344866730144373, "N_raw": 86, "N_roi": 86, "N_inlier": 83, "refit": true}
{"timestamp": "16:30:04.081984", "frame": 72, "mu": [0.022355677062841712, 0.4075710624498951, 1.5319325442015606], "Sigma": [[0.001342437436985112, -0.0013211698537276043, -0.0009679347420500741], [-0.0013211698537276043, 0.0026753312473652285, -0.0007620906730031425], [-0.0009679347420500741, -0.0007620906730031425, 0.005205198289818723]], "chi2_level": 0.99, "chi2_df": 3, "chi2_threshold": 11.344866730144373, "N_raw": 64, "N_roi": 64, "N_inlier": 58, "refit": true}
{"timestamp": "16:30:04.141140", "frame": 73, "mu": [-0.0371341496598395, 0.43825243274017106, 1.5436413401948506], "Sigma": [[0.0013483980311237013, -0.0008662955858509507, -0.00024234153209480648], [-0.0008662955858509508, 0.003438252462306529, -0.002916943679802983], [-0.00024234153209480648, -0.002916943679802983, 0.0045386460344982475]], "chi2_level": 0.99, "chi2_df": 3, "chi2_threshold": 11.344866730144373, "N_raw": 90, "N_roi": 90, "N_inlier": 88, "refit": true}
{"timestamp": "16:30:04.197504", "frame": 74, "mu": [-0.05868324832738296, 0.43094827277652226, 0.17633526146691236], "Sigma": [[0.0016651200606816316, -0.002111609461431459, 0.028047157655039207], [-0.002111609461431459, 0.008906864590640327, -0.05546408786129451], [0.028047157655039203, -0.05546408786129452, 0.7223380793867576]], "chi2_level": 0.99, "chi2_df": 3, "chi2_threshold": 11.344866730144373, "N_raw": 106, "N_roi": 106, "N_inlier": 104, "refit": true}
{"timestamp": "16:30:04.250717", "frame": 75, "mu": [-0.080867979231686, 0.4557274695288335, 1.4979916050293167], "Sigma": [[0.001357732078142059, -4.603976790887826e-05, -0.0005041927606696708], [-4.6039767908878274e-05, 0.001647296794310869, -0.0030000433367578933], [-0.0005041927606696708, -0.0030000433367578933, 0.00626123743689782]], "chi2_level": 0.99, "chi2_df": 3, "chi2_threshold": 11.344866730144373, "N_raw": 91, "N_roi": 91, "N_inlier": 89, "refit": true}
{"timestamp": "16:30:04.305729", "frame": 76, "mu": [-0.1438069714213889, 0.4403241488046958, 1.5057287096281151], "Sigma": [[0.0014467804529909466, -0.00024136934915624012, -0.0004808949271465756], [-0.00024136934915624012, 0.0007119846800493057, -0.0018923209232035946], [-0.00048089492714657554, -0.0018923209232035946, 0.008747857303109464]], "chi2_level": 0.99, "chi2_df": 3, "chi2_threshold": 11.344866730144373, "N_raw": 91, "N_roi": 91, "N_inlier": 87, "refit": true}
{"timestamp": "16:30:04.359518", "frame": 77, "mu": [-0.19395848681031005, 0.4732566379485436, 1.557960804056506], "Sigma": [[0.0017123986681045627, -0.000903676333139175, -0.00015050877120337898], [-0.0009036763331391748, 0.0020792546767844445, -0.0022224045062969947], [-0.00015050877120337898, -0.0022224045062969947, 0.00390921516713959]], "chi2_level": 0.99, "chi2_df": 3, "chi2_threshold": 11.344866730144373, "N_raw": 81, "N_roi": 78, "N_inlier": 74, "refit": true}
{"timestamp": "16:30:04.411219", "frame": 78, "mu": [-0.25912501921103565, 0.4406888739746783, 1.512421416580235], "Sigma": [[0.000876673075389791, -0.00030751106494591074, 0.00027960870593786864], [-0.0003075110649459108, 0.0007481967634484549, -0.0019278840880959996], [0.00027960870593786864, -0.0019278840880959992, 0.00863001582498301]], "chi2_level": 0.99, "chi2_df": 3, "chi2_threshold": 11.344866730144373, "N_raw": 65, "N_roi": 65, "N_inlier": 61, "refit": true}
{"timestamp": "16:30:04.467144", "frame": 79, "mu": [-0.2734596166530706, 0.4520191664556502, 1.5049717520871515], "Sigma": [[0.001703886875975678, -0.0006052833608642784, 0.0008044244461971277], [-0.0006052833608642785, 0.0004649926080224977, -0.0011221945143331104], [0.0008044244461971278, -0.0011221945143331104, 0.005828959216575711]], "chi2_level": 0.99, "chi2_df": 3, "chi2_threshold": 11.344866730144373, "N_raw": 67, "N_roi": 67, "N_inlier": 64, "refit": true}
{"timestamp": "16:30:04.518948", "frame": 80, "mu": [-0.33536848247268913, 0.43573333035527606, 1.459453711969048], "Sigma": [[0.0012212577643571517, -0.0008480741636531484, -0.00047332817274558126], [-0.0008480741636531484, 0.0011968117471337918, -0.0008491393076369832], [-0.0004733281727455813, -0.0008491393076369832, 0.0044222117649686124]], "chi2_level": 0.99, "chi2_df": 3, "chi2_threshold": 11.344866730144373, "N_raw": 49, "N_roi": 49, "N_inlier": 48, "refit": true}
{"timestamp": "16:30:04.576424", "frame": 81, "mu": [-0.42139248480736985, 0.4113125468988226, 1.4620226876872604], "Sigma": [[0.007752054449379129, -0.0010474805202401352, -0.004858185617278962], [-0.0010474805202401352, 0.0021312284223887704, -0.001517392946944032], [-0.0048581856172789616, -0.001517392946944032, 0.006708299287162176]], "chi2_level": 0.99, "chi2_df": 3, "chi2_threshold": 11.344866730144373, "N_raw": 65, "N_roi": 65, "N_inlier": 61, "refit": true}
{"timestamp": "16:30:04.636450", "frame": 82, "mu": [-0.4793349188709532, 0.45411372120222593, 1.440914898979067], "Sigma": [[0.015391233201778673, 0.004773683541488056, -0.011579803161581503], [0.004773683541488056, 0.00382992240062138, -0.007544907560287684], [-0.011579803161581503, -0.007544907560287684, 0.017087102723100336]], "chi2_level": 0.99, "chi2_df": 3, "chi2_threshold": 11.344866730144373, "N_raw": 100, "N_roi": 100, "N_inlier": 96, "refit": true}
{"timestamp": "16:30:04.693048", "frame": 83, "mu": [-0.5848430239768941, 0.4004005941610493, 1.494172419034622], "Sigma": [[0.016507097632122943, 0.009459917960735054, -0.013659683188198515], [0.009459917960735054, 0.008502903153329855, -0.01216249393694039], [-0.013659683188198513, -0.01216249393694039, 0.019103024843600828]], "chi2_level": 0.99, "chi2_df": 3, "chi2_threshold": 11.344866730144373, "N_raw": 103, "N_roi": 103, "N_inlier": 101, "refit": true}
{"timestamp": "16:30:04.745901", "frame": 84, "mu": [-0.6260370772051644, 0.3985522456385836, 1.5115481469738126], "Sigma": [[0.018604665398222253, 0.007965403709686132, -0.015045738438044614], [0.007965403709686132, 0.005786508304167002, -0.009820267631233219], [-0.015045738438044614, -0.009820267631233219, 0.020174294802571976]], "chi2_level": 0.99, "chi2_df": 3, "chi2_threshold": 11.344866730144373, "N_raw": 92, "N_roi": 92, "N_inlier": 90, "refit": true}
{"timestamp": "16:30:04.799052", "frame": 85, "mu": [-0.7198791071363629, 0.46313654193320924, -0.3491834970996479], "Sigma": [[0.012303676745272779, 0.0057218396698008565, -0.01382894374108892], [0.0057218396698008565, 0.008613382703554008, -0.013019017715459503], [-0.013828943741088921, -0.013019017715459503, 0.027132407031158035]], "chi2_level": 0.99, "chi2_df": 3, "chi2_threshold": 11.344866730144373, "N_raw": 86, "N_roi": 86, "N_inlier": 84, "refit": true}
{"timestamp": "16:30:04.850776", "frame": 86, "mu": [-0.7725028060813323, 0.37049086395851855, 1.5786104543973158], "Sigma": [[0.009172907123876597, 0.00037559307238364126, -0.005301257456909314], [0.0003755930723836413, 0.0012267211078076782, -0.0011774507068640012], [-0.005301257456909314, -0.0011774507068640012, 0.016729497933363736]], "chi2_level": 0.99, "chi2_df": 3, "chi2_threshold": 11.344866730144373, "N_raw": 59, "N_roi": 59, "N_inlier": 57, "refit": true}
{"timestamp": "16:30:04.906504", "frame": 87, "mu": [-0.8597019598426993, 0.33014434869393333, 1.5564866279782892], "Sigma": [[0.006326957495050492, 0.0038667474343195953, 0.001766160832475112], [0.003866747434319595, 0.003107196862033553, -0.0001681851336660542], [0.0017661608324751118, -0.00016818513366605414, 0.006282994102368588]], "chi2_level": 0.99, "chi2_df": 3, "chi2_threshold": 11.344866730144373, "N_raw": 65, "N_roi": 65, "N_inlier": 58, "refit": true}
{"timestamp": "16:30:04.963709", "frame": 88, "mu": [-0.8977331729199131, 0.38662262787956014, -0.4003599074803411], "Sigma": [[0.008291579927991639, 0.0057064712753629515, 0.003450854379072937], [0.0057064712753629515, 0.010321591698850236, 0.0012548399516676852], [0.003450854379072937, 0.0012548399516676852, 0.009537345326262214]], "chi2_level": 0.99, "chi2_df": 3, "chi2_threshold": 11.344866730144373, "N_raw": 74, "N_roi": 74, "N_inlier": 70, "refit": true}
{"timestamp": "16:30:05.016416", "frame": 89, "mu": [-0.9337714410799981, 0.38751998944624055, 1.5521904369735229], "Sigma": [[0.004710421557685677, 0.0014211774394290492, 9.341345973479329e-05], [0.0014211774394290492, 0.003681895567322085, -0.004192642779119177], [9.341345973479318e-05, -0.004192642779119177, 0.006773471711993243]], "chi2_level": 0.99, "chi2_df": 3, "chi2_threshold": 11.344866730144373, "N_raw": 59, "N_roi": 59, "N_inlier": 55, "refit": true}
{"timestamp": "16:30:05.071554", "frame": 90, "mu": [-0.9475387648836825, 0.3644407570283256, 1.5479328003425545], "Sigma": [[0.004841874514655853, 0.0031482765679619216, 0.0031358233653577877], [0.0031482765679619216, 0.004731490917380306, 0.0012788265461489271], [0.0031358233653577877, 0.0012788265461489271, 0.012136010787150523]], "chi2_level": 0.99, "chi2_df": 3, "chi2_threshold": 11.344866730144373, "N_raw": 66, "N_roi": 66, "N_inlier": 57, "refit": true}
{"timestamp": "16:30:05.129284", "frame": 91, "mu": [-1.0039071004364857, 0.38719207866980876, 1.4923167875517533], "Sigma": [[0.007988003954803017, 0.003171792716752335, 0.0005330293828971376], [0.003171792716752335, 0.005678170692240491, -0.004548711825300065], [0.0005330293828971376, -0.004548711825300065, 0.006798709530278474]], "chi2_level": 0.99, "chi2_df": 3, "chi2_threshold": 11.344866730144373, "N_raw": 79, "N_roi": 79, "N_inlier": 72, "refit": true}
{"timestamp": "16:30:05.186277", "frame": 92, "mu": [-0.6831694104662094, 0.3757214015179886, 1.3210944786830108], "Sigma": [[0.5624780508848115, -0.029820211873968355, 0.021973855485862497], [-0.029820211873968355, 0.013988242422116768, -0.018827459416176244], [0.021973855485862503, -0.018827459416176244, 0.035697261710301804]], "chi2_level": 0.99, "chi2_df": 3, "chi2_threshold": 11.344866730144373, "N_raw": 97, "N_roi": 97, "N_inlier": 95, "refit": true}
{"timestamp": "16:30:05.237798", "frame": 93, "mu": [-0.8058308034123545, 0.35452197562091137, 1.4199043100350586], "Sigma": [[0.6473753628709918, -0.024465363138695545, 0.016695920713000762], [-0.024465363138695545, 0.00718370655530135, -0.0035475525075008784], [0.01669592071300076, -0.0035475525075008784, 0.002243289546254415]], "chi2_level": 0.99, "chi2_df": 3, "chi2_threshold": 11.344866730144373, "N_raw": 67, "N_roi": 67, "N_inlier": 64, "refit": true}
{"timestamp": "16:30:05.294833", "frame": 94, "mu": [-1.1583422421677398, 0.4135090688868695, 1.4430897778165286], "Sigma": [[0.010674414965412353, 0.0011546304019200942, 0.00091363535635177], [0.0011546304019200942, 0.004215635106269695, -0.004548432319344454], [0.00091363535635177, -0.004548432319344454, 0.006979508238115673]], "chi2_level": 0.99, "chi2_df": 3, "chi2_threshold": 11.344866730144373, "N_raw": 84, "N_roi": 84, "N_inlier": 79, "refit": true}
{"timestamp": "16:30:05.346914", "frame": 95, "mu": [-1.2001699200351947, 0.44386780842432866, 1.4607369136902542], "Sigma": [[0.008349201935551937, 0.002067662421344864, 0.0003941260739086553], [0.002067662421344864, 0.005952632987014879, -0.004846123343924032], [0.00039412607390865503, -0.004846123343924032, 0.0055296584366218956]], "chi2_level": 0.99, "chi2_df": 3, "chi2_threshold": 11.344866730144373, "N_raw": 65, "N_roi": 65, "N_inlier": 62, "refit": true}
{"timestamp": "16:30:05.402203", "frame": 96, "mu": [-1.2181862363856713, 0.5060782605344847, 1.3784001736123095], "Sigma": [[0.008307241143326921, 0.005925746404343098, -0.005244217135307096], [0.005925746404343098, 0.0139402216594326, -0.01263134933425037], [-0.005244217135307096, -0.012631349334250372, 0.029319161307011024]], "chi2_level": 0.99, "chi2_df": 3, "chi2_threshold": 11.344866730144373, "N_raw": 66, "N_roi": 66, "N_inlier": 63, "refit": true}
{"timestamp": "16:30:05.459030", "frame": 97, "mu": [-1.279897048992208, 0.6365576661530653, -0.36813397684811744], "Sigma": [[0.011504336345414564, -5.443804507716018e-05, 0.0015930399292255959], [-5.4438045077159964e-05, 0.010873928331464064, -0.002632024643160236], [0.0015930399292255956, -0.002632024643160236, 0.02979645232633362]], "chi2_level": 0.99, "chi2_df": 3, "chi2_threshold": 11.344866730144373, "N_raw": 76, "N_roi": 76, "N_inlier": 73, "refit": true}
{"timestamp": "16:30:05.512392", "frame": 98, "mu": [-1.3010592966954826, 0.5512548632611537, 1.4515460769620896], "Sigma": [[0.009272857442435759, 0.0013705050645931487, -0.0023986286857037077], [0.0013705050645931487, 0.006181931426209605, -0.0056111535702039195], [-0.002398628685703708, -0.0056111535702039195, 0.006339435047186949]], "chi2_level": 0.99, "chi2_df": 3, "chi2_threshold": 11.344866730144373, "N_raw": 68, "N_roi": 68, "N_inlier": 66, "refit": true}
{"timestamp": "16:30:05.568577", "frame": 99, "mu": [-1.3524551720626015, 0.6961346615180455, -0.4098626474463837], "Sigma": [[0.010257654192795843, 0.0032126782885467265, -0.0026159183766447216], [0.0032126782885467274, 0.013872748626465665, -0.0047387041438884895], [-0.0026159183766447216, -0.0047387041438884895, 0.009681390432971181]], "chi2_level": 0.99, "chi2_df": 3, "chi2_threshold": 11.344866730144373, "N_raw": 77, "N_roi": 77, "N_inlier": 72, "refit": true}
{"timestamp": "16:30:05.704924", "frame": 100, "mu": [-1.3884845918714663, 0.6209938046467435, 1.4306259565796773], "Sigma": [[0.009384618377077691, 0.002105545627170013, -0.002043798476116822], [0.002105545627170013, 0.009059781721934742, -0.006556200532006765], [-0.002043798476116822, -0.006556200532006765, 0.005580507214348839]], "chi2_level": 0.99, "chi2_df": 3, "chi2_threshold": 11.344866730144373, "N_raw": 69, "N_roi": 69, "N_inlier": 69, "refit": true}
{"timestamp": "16:30:05.709405", "frame": 101, "mu": [-1.420357354003264, 0.7602894824320986, -0.4266010974187703], "Sigma": [[0.01227123928294097, 0.003313306884166485, -0.0008437308465921713], [0.003313306884166486, 0.014372390519994404, -0.00363857781768298], [-0.0008437308465921714, -0.0036385778176829804, 0.0019457664890514424]], "chi2_level": 0.99, "chi2_df": 3, "chi2_threshold": 11.344866730144373, "N_raw": 79, "N_roi": 79, "N_inlier": 79, "refit": true}
{"timestamp": "16:30:05.738236", "frame": 102, "mu": [-1.4554886477426756, 0.6627995300222927, 1.4018271017873314], "Sigma": [[0.008458757770665414, 0.004263619247247071, 0.001833416733351309], [0.004263619247247071, 0.010656910024508972, -0.0027846987450687723], [0.0018334167333513094, -0.0027846987450687723, 0.008475750267053273]], "chi2_level": 0.99, "chi2_df": 3, "chi2_threshold": 11.344866730144373, "N_raw": 63, "N_roi": 63, "N_inlier": 60, "refit": true}
{"timestamp": "16:30:05.786978", "frame": 103, "mu": [-1.5077180253190188, 0.7343537364460108, 1.3356387131629197], "Sigma": [[0.008289044698102087, 0.0031824933579616306, 0.004456328426718595], [0.0031824933579616306, 0.013725138203823492, 0.007779869997440691], [0.004456328426718595, 0.007779869997440691, 0.030446977268855594]], "chi2_level": 0.99, "chi2_df": 3, "chi2_threshold": 11.344866730144373, "N_raw": 68, "N_roi": 68, "N_inlier": 68, "refit": true}
{"timestamp": "16:30:05.840549", "frame": 104, "mu": [-1.5548523971176733, 0.6930473051283278, 1.1993032762563276], "Sigma": [[0.007747293421658023, 0.008176298752741933, 0.009149604494060107], [0.008176298752741933, 0.011248847926541882, 0.010422885461105296], [0.009149604494060107, 0.010422885461105298, 0.03879296600701809]], "chi2_level": 0.99, "chi2_df": 3, "chi2_threshold": 11.344866730144373, "N_raw": 61, "N_roi": 61, "N_inlier": 61, "refit": true}
{"timestamp": "16:30:05.896551", "frame": 105, "mu": [-1.6327874972662118, 0.753514347189568, 1.3729322681439353], "Sigma": [[0.008978136044971313, 0.004022259963469723, -0.00016609959268491862], [0.004022259963469723, 0.00798624380812048, -0.007937413024305602], [-0.00016609959268491854, -0.0079374130243056, 0.015703390170366083]], "chi2_level": 0.99, "chi2_df": 3, "chi2_threshold": 11.344866730144373, "N_raw": 66, "N_roi": 66, "N_inlier": 63, "refit": true}
{"timestamp": "16:30:05.952877", "frame": 106, "mu": [-1.7051756692844113, 0.7509232902808857, 1.2950376851173635], "Sigma": [[0.008444791654713157, 0.006637711157959006, 0.002895946594247484], [0.006637711157959006, 0.009339562552635548, -0.0027838912429117048], [0.002895946594247484, -0.0027838912429117048, 0.03036939963525397]], "chi2_level": 0.99, "chi2_df": 3, "chi2_threshold": 11.344866730144373, "N_raw": 69, "N_roi": 69, "N_inlier": 67, "refit": true}
{"timestamp": "16:30:06.005722", "frame": 107, "mu": [-1.7281817308699345, 0.7825142961062834, 1.3339557016666732], "Sigma": [[0.008823757968622949, 0.00618668037668688, -0.00047725954337693406], [0.00618668037668688, 0.008088312208448165, -0.005912933221814083], [-0.00047725954337693433, -0.005912933221814083, 0.01577079255443224]], "chi2_level": 0.99, "chi2_df": 3, "chi2_threshold": 11.344866730144373, "N_raw": 60, "N_roi": 60, "N_inlier": 56, "refit": true}
{"timestamp": "16:30:06.060269", "frame": 108, "mu": [-1.7327924417660565, 0.8045299848375473, 1.3700541757520703], "Sigma": [[0.008562761625445565, 0.0033328394741474207, -0.0033522102494817746], [0.0033328394741474207, 0.008607979888241067, -0.00639136196656373], [-0.0033522102494817746, -0.00639136196656373, 0.0072201569118019475]], "chi2_level": 0.99, "chi2_df": 3, "chi2_threshold": 11.344866730144373, "N_raw": 51, "N_roi": 51, "N_inlier": 48, "refit": true}
{"timestamp": "16:30:06.114863", "frame": 109, "mu": [-1.7856944233924956, 0.8230776595735951, 1.3335302946748246], "Sigma": [[0.009066163949530763, 0.004676406433940584, -0.0019506380090509594], [0.004676406433940584, 0.010565660900590227, -0.008676839889449645], [-0.0019506380090509594, -0.008676839889449643, 0.00985699821284859]], "chi2_level": 0.99, "chi2_df": 3, "chi2_threshold": 11.344866730144373, "N_raw": 60, "N_roi": 60, "N_inlier": 56, "refit": true}
{"timestamp": "16:30:06.169481", "frame": 110, "mu": [-1.9554769819847155, 0.8974544149891832, 0.970044071631445], "Sigma": [[0.020740232597187207, 0.007462943206250145, 0.036140957058212075], [0.007462943206250144, 0.008822054377879713, 0.0035957903095196852], [0.036140957058212075, 0.003595790309519684, 0.10375104141509912]], "chi2_level": 0.99, "chi2_df": 3, "chi2_threshold": 11.344866730144373, "N_raw": 52, "N_roi": 52, "N_inlier": 52, "refit": true}
{"timestamp": "16:30:06.220990", "frame": 111, "mu": [-1.8700538092333532, 0.9924737056913748, -0.6779150412486592], "Sigma": [[0.004758517172914379, 0.009017363256788044, 0.008625469131108048], [0.009017363256788044, 0.023834790190063106, 0.018117672429166974], [0.008625469131108048, 0.018117672429166974, 0.025806102994875856]], "chi2_level": 0.99, "chi2_df": 3, "chi2_threshold": 11.344866730144373, "N_raw": 30, "N_roi": 30, "N_inlier": 30, "refit": true}
{"timestamp": "16:30:06.278675", "frame": 112, "mu": [-1.8733792151260908, 0.9618869802173908, 1.2940801727602096], "Sigma": [[0.009344666007932387, 0.006483753884260299, 0.0010253890889503283], [0.006483753884260299, 0.008456281049808808, -0.0015835950300008082], [0.001025389088950328, -0.0015835950300008086, 0.019622675708890078]], "chi2_level": 0.99, "chi2_df": 3, "chi2_threshold": 11.344866730144373, "N_raw": 51, "N_roi": 51, "N_inlier": 51, "refit": true}
{"timestamp": "16:30:06.336807", "frame": 113, "mu": [-1.8988236589710688, 0.9684911727693675, 1.325729722988878], "Sigma": [[0.0134454994983822, 0.00902878890166564, -0.00558721003902235], [0.00902878890166564, 0.014836540716828403, -0.011967987833332645], [-0.00558721003902235, -0.011967987833332644, 0.011901556705962199]], "chi2_level": 0.99, "chi2_df": 3, "chi2_threshold": 11.344866730144373, "N_raw": 73, "N_roi": 73, "N_inlier": 71, "refit": true}
{"timestamp": "16:30:06.389795", "frame": 114, "mu": [-1.9351131101235977, 1.0660412906532641, 1.3285994525094058], "Sigma": [[0.0091002003727671, 0.008456362775502503, -0.0016965016781221526], [0.008456362775502503, 0.010339027044695864, -0.006832138995494341], [-0.0016965016781221528, -0.006832138995494341, 0.021953201089220963]], "chi2_level": 0.99, "chi2_df": 3, "chi2_threshold": 11.344866730144373, "N_raw": 52, "N_roi": 52, "N_inlier": 52, "refit": true}
{"timestamp": "16:30:06.444996", "frame": 115, "mu": [-2.0032630382492984, 1.0636582120324776, 1.2922363352657869], "Sigma": [[0.011868053836127946, 0.008191109566488254, 0.0025169518920793526], [0.008191109566488254, 0.010335368344511256, -0.00356472361298206], [0.002516951892079353, -0.00356472361298206, 0.014990838878265477]], "chi2_level": 0.99, "chi2_df": 3, "chi2_threshold": 11.344866730144373, "N_raw": 60, "N_roi": 60, "N_inlier": 59, "refit": true}
{"timestamp": "16:30:06.500327", "frame": 116, "mu": [-2.06865343094434, 1.0888633451819254, 1.2902038584148128], "Sigma": [[0.009265396195162536, 0.009987248542712655, 0.0016416237394994396], [0.009987248542712657, 0.01272305253295383, 7.944113514096306e-06], [0.0016416237394994396, 7.94411351409609e-06, 0.049992589531190935]], "chi2_level": 0.99, "chi2_df": 3, "chi2_threshold": 11.344866730144373, "N_raw": 57, "N_roi": 57, "N_inlier": 57, "refit": true}
{"timestamp": "16:30:06.554983", "frame": 117, "mu": [-2.154354324631233, 1.024833693989335, 0.9161484812951592], "Sigma": [[0.0193103835694005, 0.020123187723666454, 0.018731078533932907], [0.020123187723666454, 0.02479215646356013, 0.020383880506549528], [0.01873107853393291, 0.02038388050654953, 0.04595616978945764]], "chi2_level": 0.99, "chi2_df": 3, "chi2_threshold": 11.344866730144373, "N_raw": 60, "N_roi": 60, "N_inlier": 60, "refit": true}
{"timestamp": "16:30:06.610370", "frame": 118, "mu": [-2.187307823637151, 1.2900008364775992, -0.7713892803465476], "Sigma": [[0.014470496900183458, 0.011644798843202464, 0.028270777120615216], [0.011644798843202464, 0.014836077349088976, 0.009576993692619294], [0.028270777120615216, 0.009576993692619294, 0.1113465048159602]], "chi2_level": 0.99, "chi2_df": 3, "chi2_threshold": 11.344866730144373, "N_raw": 59, "N_roi": 58, "N_inlier": 57, "refit": true}
{"timestamp": "16:30:06.666353", "frame": 119, "mu": [-2.0865275469386106, 1.3200407727888939, 1.251270670661891], "Sigma": [[0.011245241108455466, 0.010320766817833543, -0.006067851617828262], [0.010320766817833543, 0.0111873730730061, -0.00796226478767572], [-0.006067851617828261, -0.007962264787675718, 0.05712884219581469]], "chi2_level": 0.99, "chi2_df": 3, "chi2_threshold": 11.344866730144373, "N_raw": 64, "N_roi": 64, "N_inlier": 63, "refit": true}
{"timestamp": "16:30:06.722860", "frame": 120, "mu": [-2.179164469647351, 1.4129548959578864, -0.22609062156889245], "Sigma": [[0.011709022636679776, 0.003876701493053354, 0.009000730147802415], [0.0038767014930533527, 0.020419030175286575, -0.02824463924362871], [0.009000730147802415, -0.02824463924362871, 0.07195180529775722]], "chi2_level": 0.99, "chi2_df": 3, "chi2_threshold": 11.344866730144373, "N_raw": 55, "N_roi": 52, "N_inlier": 52, "refit": true}
{"timestamp": "16:30:06.778039", "frame": 121, "mu": [-2.1629810434487444, 1.3664996728734078, 1.2747751038114783], "Sigma": [[0.02104257344824055, 0.006359904947546183, 0.02122933467327138], [0.006359904947546183, 0.008585110747205098, -0.00709416776141367], [0.02122933467327138, -0.00709416776141367, 0.06825395695115774]], "chi2_level": 0.99, "chi2_df": 3, "chi2_threshold": 11.344866730144373, "N_raw": 80, "N_roi": 64, "N_inlier": 64, "refit": true}
{"timestamp": "16:30:06.836263", "frame": 122, "mu": [-2.1701434092493095, 1.4529194311059825, 0.1031402592849846], "Sigma": [[0.018503570752733938, 0.003811634002760253, 0.03753020483204293], [0.003811634002760253, 0.007734898857639268, 0.0026594199290004674], [0.03753020483204293, 0.0026594199290004674, 0.42891462521306184]], "chi2_level": 0.99, "chi2_df": 3, "chi2_threshold": 11.344866730144373, "N_raw": 92, "N_roi": 73, "N_inlier": 72, "refit": true}
{"timestamp": "16:30:06.883223", "frame": 123, "mu": [-2.2392990285043286, 1.4200018626468875, 1.584921782716797], "Sigma": [[0.009714779502766975, 0.007190887652856781, -0.008372693878566864], [0.007190887652856781, 0.015320951848884714, -0.010260798543405683], [-0.008372693878566864, -0.010260798543405685, 0.009807592870645039]], "chi2_level": 0.99, "chi2_df": 3, "chi2_threshold": 11.344866730144373, "N_raw": 43, "N_roi": 43, "N_inlier": 43, "refit": true}
{"timestamp": "16:30:06.938804", "frame": 124, "mu": [-2.253732816852809, 1.4740384227662031, 1.5138502189150933], "Sigma": [[0.010159238654080478, 0.008221580698803348, -0.007609528557908033], [0.008221580698803348, 0.013111759868537845, -0.01581198317899058], [-0.007609528557908033, -0.01581198317899058, 0.03026793143447829]], "chi2_level": 0.99, "chi2_df": 3, "chi2_threshold": 11.344866730144373, "N_raw": 52, "N_roi": 52, "N_inlier": 50, "refit": true}
{"timestamp": "16:30:06.997602", "frame": 125, "mu": [-2.161129824686039, 1.5455426683328024, 1.1797671126221663], "Sigma": [[0.016882738580237425, 0.013539275948029804, 0.002382763899754903], [0.013539275948029804, 0.013435514841251548, -0.009199874543351444], [0.002382763899754905, -0.009199874543351446, 0.0664737437644635]], "chi2_level": 0.99, "chi2_df": 3, "chi2_threshold": 11.344866730144373, "N_raw": 71, "N_roi": 71, "N_inlier": 70, "refit": true}
{"timestamp": "16:30:07.048272", "frame": 126, "mu": [-2.267203711565858, 1.5824630073300767, 1.3531701629892365], "Sigma": [[0.010536549968603546, 0.006689605695208868, -0.01194185686488154], [0.006689605695208868, 0.007988027105916617, -0.01204097036874998], [-0.011941856864881542, -0.01204097036874998, 0.07231134347141605]], "chi2_level": 0.99, "chi2_df": 3, "chi2_threshold": 11.344866730144373, "N_raw": 46, "N_roi": 46, "N_inlier": 46, "refit": true}
{"timestamp": "16:30:07.103863", "frame": 127, "mu": [-2.311345911472911, 1.6175801034582917, 1.281124634701752], "Sigma": [[0.011530444953634604, 0.008124877873625718, 0.0007511094587571606], [0.00812487787362572, 0.008385363339638205, -0.005176968897373271], [0.0007511094587571605, -0.00517696889737327, 0.0958250471084078]], "chi2_level": 0.99, "chi2_df": 3, "chi2_threshold": 11.344866730144373, "N_raw": 50, "N_roi": 50, "N_inlier": 50, "refit": true}
{"timestamp": "16:30:07.161055", "frame": 128, "mu": [-2.3732631538694697, 1.6839429473053495, 1.4175994699000147], "Sigma": [[0.006294751087072828, 0.004223159004484681, -0.008957965343579025], [0.004223159004484681, 0.014682086387576723, -0.015221745942118281], [-0.008957965343579025, -0.015221745942118283, 0.11855925451961252]], "chi2_level": 0.99, "chi2_df": 3, "chi2_threshold": 11.344866730144373, "N_raw": 67, "N_roi": 52, "N_inlier": 50, "refit": true}
