{"timestamp": "16:20:24.502877", "frame": 52, "mu": [1.502301645712841, 0.9742349953334144, 1.4606718403177748], "Sigma": [[0.001842827706823874, -0.0005627569390652085, 0.0005957655979144776], [-0.0005627569390652085, 0.002926808713410103, 0.005864381086031458], [0.0005957655979144777, 0.005864381086031457, 0.04779060204067778]], "chi2_level": 0.99, "chi2_df": 3, "chi2_threshold": 11.344866730144373, "N_raw": 16, "N_roi": 16, "N_inlier": 16, "refit": true}
{"timestamp": "16:20:24.612932", "frame": 54, "mu": [1.4576082565407251, 1.0420049402871256, 1.5216969900884927], "Sigma": [[0.00355347733076206, 0.0013307547406270518, 0.0018364364288737276], [0.0013307547406270518, 0.0036850360373467173, 0.0006197888292513108], [0.0018364364288737272, 0.0006197888292513109, 0.0018433492634784645]], "chi2_level": 0.99, "chi2_df": 3, "chi2_threshold": 11.344866730144373, "N_raw": 15, "N_roi": 15, "N_inlier": 13, "refit": true}
{"timestamp": "16:20:24.944355", "frame": 60, "mu": [1.1754711499215202, 1.2921697297152013, 1.5362138261676077], "Sigma": [[0.0026190156991690388, 0.00010228764407923434, 0.0013418447792060322], [0.00010228764407923445, 0.005606555580587793, 0.0026590185797836226], [0.0013418447792060322, 0.0026590185797836226, 0.0020391557467840144]], "chi2_level": 0.99, "chi2_df": 3, "chi2_threshold": 11.344866730144373, "N_raw": 23, "N_roi": 23, "N_inlier": 21, "refit": true}
{"timestamp": "16:20:25.167034", "frame": 64, "mu": [0.968443625688494, 1.3481304089688675, 1.3644917190409032], "Sigma": [[0.002188093478570859, -0.0008617157222408423, -0.002122343753636657], [-0.0008617157222408423, 0.010740425019999092, 0.008738881650707669], [-0.0021223437536366566, 0.008738881650707669, 0.013104993456016832]], "chi2_level": 0.99, "chi2_df": 3, "chi2_threshold": 11.344866730144373, "N_raw": 29, "N_roi": 29, "N_inlier": 27, "refit": true}
{"timestamp": "16:20:25.222358", "frame": 65, "mu": [0.9535689210446954, 1.4614082232686325, -0.34769187175260574], "Sigma": [[0.0024213105636170526, -0.00021350766610546003, -0.0008034699566296349], [-0.00021350766610546008, 0.005315945063948782, 0.005449168339621525], [-0.0008034699566296351, 0.005449168339621525, 0.00730024931169678]], "chi2_level": 0.99, "chi2_df": 3, "chi2_threshold": 11.344866730144373, "N_raw": 25, "N_roi": 25, "N_inlier": 24, "refit": true}
{"timestamp": "16:20:25.278300", "frame": 66, "mu": [0.9267686246717497, 1.2773905261890623, 1.221955001811644], "Sigma": [[0.004994084661556389, -0.001739293548261771, -0.0016703172763752527], [-0.001739293548261771, 0.00396115589808882, 0.00021366593955442909], [-0.001670317276375253, 0.00021366593955442906, 0.000773402131504776]], "chi2_level": 0.99, "chi2_df": 3, "chi2_threshold": 11.344866730144373, "N_raw": 39, "N_roi": 39, "N_inlier": 36, "refit": true}
{"timestamp": "16:20:25.396609", "frame": 68, "mu": [0.8260894766749582, 1.395202596118987, 1.174795130594541], "Sigma": [[0.005472805794866447, -0.0006548250000088828, -0.004052655040910659], [-0.0006548250000088826, 0.007182033114845836, 0.004849317916578551], [-0.004052655040910659, 0.004849317916578551, 0.05416519627919211]], "chi2_level": 0.99, "chi2_df": 3, "chi2_threshold": 11.344866730144373, "N_raw": 91, "N_roi": 91, "N_inlier": 88, "refit": true}
{"timestamp": "16:20:25.444383", "frame": 69, "mu": [0.7865269208520685, 1.4585662180264836, 1.3745378219580962], "Sigma": [[0.0044529405562195624, 0.0007423891552316045, 0.0021436532500736976], [0.0007423891552316045, 0.0047692599814394615, 0.0011327774895861088], [0.0021436532500736976, 0.0011327774895861088, 0.0032226591168854294]], "chi2_level": 0.99, "chi2_df": 3, "chi2_threshold": 11.344866730144373, "N_raw": 40, "N_roi": 40, "N_inlier": 37, "refit": true}
{"timestamp": "16:20:25.505449", "frame": 70, "mu": [0.8023262051743483, 1.5658825851036724, -0.7354312351434904], "Sigma": [[0.007600729897071729, -0.00022442329375321637, -0.01901743185682124], [-0.0002244232937532166, 0.018360051692291653, 0.09535641583989275], [-0.019017431856821244, 0.09535641583989275, 0.8634435345462966]], "chi2_level": 0.99, "chi2_df": 3, "chi2_threshold": 11.344866730144373, "N_raw": 82, "N_roi": 82, "N_inlier": 80, "refit": true}
{"timestamp": "16:20:25.561343", "frame": 71, "mu": [0.7469629177455389, 1.5019769124389186, 0.8362323952124181], "Sigma": [[0.007985289842767208, -0.002407590387610121, -0.022062913705452172], [-0.002407590387610121, 0.012249148435104855, 0.05869584201661082], [-0.02206291370545217, 0.05869584201661082, 0.6186744874804072]], "chi2_level": 0.99, "chi2_df": 3, "chi2_threshold": 11.344866730144373, "N_raw": 84, "N_roi": 84, "N_inlier": 84, "refit": true}
{"timestamp": "16:20:25.616611", "frame": 72, "mu": [0.667565229795236, 1.5786361194318692, 1.271079427110067], "Sigma": [[0.005701976149613231, 0.00026239956671763177, 0.00041252470439244785], [0.0002623995667176316, 0.0078040079726926954, 0.010353361116814418], [0.00041252470439244785, 0.010353361116814416, 0.06049206819900498]], "chi2_level": 0.99, "chi2_df": 3, "chi2_threshold": 11.344866730144373, "N_raw": 87, "N_roi": 87, "N_inlier": 82, "refit": true}
{"timestamp": "16:20:25.666728", "frame": 73, "mu": [0.5966066993011678, 1.6471880864837571, 1.3552912748930255], "Sigma": [[0.006175956622962455, 0.0059969159538683986, 0.005915448342256113], [0.0059969159538683986, 0.013701794541691724, 0.010236985679690934], [0.005915448342256113, 0.010236985679690934, 0.011088522277589597]], "chi2_level": 0.99, "chi2_df": 3, "chi2_threshold": 11.344866730144373, "N_raw": 46, "N_roi": 46, "N_inlier": 42, "refit": true}
{"timestamp": "16:20:25.720572", "frame": 74, "mu": [0.586119724593631, 1.650153604769331, 1.3036892284881048], "Sigma": [[0.005532410271087769, 0.002920076498923588, 9.553997510079921e-05], [0.002920076498923588, 0.0055582294568141035, 2.508883080987607e-05], [9.553997510079894e-05, 2.5088830809876124e-05, 0.006658828358903454]], "chi2_level": 0.99, "chi2_df": 3, "chi2_threshold": 11.344866730144373, "N_raw": 50, "N_roi": 50, "N_inlier": 46, "refit": true}
{"timestamp": "16:20:25.776783", "frame": 75, "mu": [0.5351249063669706, 1.7040663465340584, 1.137090604776605], "Sigma": [[0.005570973390559339, 0.0001464414104925635, -0.00354121659512638], [0.0001464414104925636, 0.0038476922495165895, -0.008006180720449459], [-0.0035412165951263794, -0.008006180720449459, 0.1481933268945234]], "chi2_level": 0.99, "chi2_df": 3, "chi2_threshold": 11.344866730144373, "N_raw": 56, "N_roi": 56, "N_inlier": 54, "refit": true}
{"timestamp": "16:20:25.836858", "frame": 76, "mu": [0.5153605958684615, 1.7544185588098284, 0.7348040041822751], "Sigma": [[0.007339222568620806, -0.0004348496920054968, -0.020537222717743858], [-0.0004348496920054971, 0.006657323585159652, 0.022541180413654563], [-0.02053722271774386, 0.022541180413654563, 0.47102589067050316]], "chi2_level": 0.99, "chi2_df": 3, "chi2_threshold": 11.344866730144373, "N_raw": 94, "N_roi": 94, "N_inlier": 94, "refit": true}
{"timestamp": "16:20:25.888549", "frame": 77, "mu": [0.44051532926472897, 1.8580206457776771, 1.3811607440074103], "Sigma": [[0.005635389931820352, 0.0023437799540367604, 0.004294498520697085], [0.00234377995403676, 0.01123154034725003, 0.006991930589197116], [0.004294498520697085, 0.006991930589197115, 0.008809243642114176]], "chi2_level": 0.99, "chi2_df": 3, "chi2_threshold": 11.344866730144373, "N_raw": 66, "N_roi": 66, "N_inlier": 61, "refit": true}
{"timestamp": "16:20:25.942909", "frame": 78, "mu": [0.4404263940865302, 1.8729716995285002, 1.3695606256147084], "Sigma": [[0.006723400560129736, 0.002740427252481393, 0.003030287514833724], [0.002740427252481393, 0.008995545604244233, 0.007402065636339269], [0.0030302875148337243, 0.007402065636339269, 0.019869441839466904]], "chi2_level": 0.99, "chi2_df": 3, "chi2_threshold": 11.344866730144373, "N_raw": 64, "N_roi": 64, "N_inlier": 60, "refit": true}
{"timestamp": "16:20:25.999891", "frame": 79, "mu": [0.398760605975896, 1.8930352039475933, 1.2215536795849324], "Sigma": [[0.0059897888713187, 0.002660136674789569, 0.005206576028723438], [0.0026601366747895684, 0.006326709979684921, 0.005699643410664932], [0.005206576028723438, 0.005699643410664932, 0.04732074477514703]], "chi2_level": 0.99, "chi2_df": 3, "chi2_threshold": 11.344866730144373, "N_raw": 76, "N_roi": 76, "N_inlier": 72, "refit": true}
{"timestamp": "16:20:26.052573", "frame": 80, "mu": [0.35592892121188047, 1.9738725093507163, 0.958102278729765], "Sigma": [[0.008372618877287505, 0.0006729469367209786, 0.02052142109882276], [0.0006729469367209786, 0.004163767927257107, 0.01731263506397329], [0.02052142109882276, 0.01731263506397329, 0.22744736930833231]], "chi2_level": 0.99, "chi2_df": 3, "chi2_threshold": 11.344866730144373, "N_raw": 59, "N_roi": 59, "N_inlier": 58, "refit": true}
{"timestamp": "16:20:26.107686", "frame": 81, "mu": [0.3252728237892233, 2.006367380994513, 1.1568439923685199], "Sigma": [[0.007520559561276422, 0.0018821570288006365, 0.0023897892055801417], [0.0018821570288006363, 0.0028023727392409888, -0.006215249960243885], [0.0023897892055801413, -0.006215249960243885, 0.04263561961601553]], "chi2_level": 0.99, "chi2_df": 3, "chi2_threshold": 11.344866730144373, "N_raw": 58, "N_roi": 54, "N_inlier": 50, "refit": true}
{"timestamp": "16:20:26.159919", "frame": 82, "mu": [0.3190482980451116, 2.000066737446661, 0.3042230950240412], "Sigma": [[0.007199489028337059, -0.0025921468770393934, -0.011793613142885788], [-0.002592146877039394, 0.008048702459323404, 0.04772243061129468], [-0.011793613142885788, 0.04772243061129468, 0.5908471326218833]], "chi2_level": 0.99, "chi2_df": 3, "chi2_threshold": 11.344866730144373, "N_raw": 42, "N_roi": 39, "N_inlier": 38, "refit": true}
{"timestamp": "16:20:26.215522", "frame": 83, "mu": [0.2274307164385131, 2.0129191131154105, 0.7581178344050227], "Sigma": [[0.003445480264472711, 0.00012494202969859895, -0.012606109036620692], [0.0001249420296985989, 0.002614212556975096, -0.00035438630412851116], [-0.012606109036620692, -0.00035438630412851094, 0.4827215997050044]], "chi2_level": 0.99, "chi2_df": 3, "chi2_threshold": 11.344866730144373, "N_raw": 45, "N_roi": 42, "N_inlier": 42, "refit": true}
{"timestamp": "16:20:26.272381", "frame": 84, "mu": [0.15224650999065625, 2.1312849006657317, 1.355588754193782], "Sigma": [[0.007486680517502865, 0.004945178580393609, 0.010602785211219668], [0.004945178580393609, 0.012946352352194454, 0.01876888931664927], [0.01060278521121967, 0.01876888931664927, 0.056689352782707085]], "chi2_level": 0.99, "chi2_df": 3, "chi2_threshold": 11.344866730144373, "N_raw": 60, "N_roi": 57, "N_inlier": 54, "refit": true}
{"timestamp": "16:20:26.331586", "frame": 85, "mu": [0.11393087856219337, 2.189716342612514, 1.4079321609380875], "Sigma": [[0.011445820965612946, 0.005833708223992598, 0.010277080108924714], [0.005833708223992598, 0.012299428972930288, 0.010485271671665292], [0.010277080108924714, 0.010485271671665292, 0.030565420714779697]], "chi2_level": 0.99, "chi2_df": 3, "chi2_threshold": 11.344866730144373, "N_raw": 92, "N_roi": 89, "N_inlier": 84, "refit": true}
{"timestamp": "16:20:26.385643", "frame": 86, "mu": [0.04411436506677381, 2.1817378718041662, 1.2942832625402445], "Sigma": [[0.007262769562290952, 0.0009225054825732766, 0.012019499650472668], [0.0009225054825732767, 0.008388247382529542, 0.003975808808896331], [0.012019499650472672, 0.00397580880889633, 0.165801747499473]], "chi2_level": 0.99, "chi2_df": 3, "chi2_threshold": 11.344866730144373, "N_raw": 70, "N_roi": 68, "N_inlier": 66, "refit": true}
{"timestamp": "16:20:26.441986", "frame": 87, "mu": [0.06402692383098818, 2.2674584991158193, 1.230241725718957], "Sigma": [[0.021672040779569413, -0.002189860285801114, -0.04813197803506334], [-0.0021898602858011137, 0.008424740259006852, 0.016336931568804433], [-0.04813197803506335, 0.016336931568804433, 0.22090300575754254]], "chi2_level": 0.99, "chi2_df": 3, "chi2_threshold": 11.344866730144373, "N_raw": 89, "N_roi": 86, "N_inlier": 83, "refit": true}
{"timestamp": "16:20:26.498179", "frame": 88, "mu": [-0.03957479739937053, 2.2707682192705985, 1.2784806760529144], "Sigma": [[0.009731737007267737, 0.0018037976796256938, 0.0007941411923282642], [0.001803797679625694, 0.009325707886555474, 0.01898265767705986], [0.0007941411923282652, 0.018982657677059856, 0.3236298748271667]], "chi2_level": 0.99, "chi2_df": 3, "chi2_threshold": 11.344866730144373, "N_raw": 91, "N_roi": 86, "N_inlier": 85, "refit": true}
{"timestamp": "16:20:26.551565", "frame": 89, "mu": [-0.04181588834684495, 2.326060420039797, 1.2142112405397232], "Sigma": [[0.014626450847456094, 0.0009780537688554847, -0.03397466346518439], [0.000978053768855485, 0.0048246824201082445, 0.00014398985980061416], [-0.0339746634651844, 0.00014398985980061397, 0.16447173809701435]], "chi2_level": 0.99, "chi2_df": 3, "chi2_threshold": 11.344866730144373, "N_raw": 82, "N_roi": 82, "N_inlier": 76, "refit": true}
{"timestamp": "16:20:26.598899", "frame": 90, "mu": [0.0372543540433868, 2.4294615630453453, 0.7018380881515686], "Sigma": [[0.008913581825457083, -5.9574243618881805e-05, -0.03009986691410826], [-5.957424361888191e-05, 0.003832676244921035, -0.0014998616646244203], [-0.030099866914108257, -0.0014998616646244205, 0.24721336924224332]], "chi2_level": 0.99, "chi2_df": 3, "chi2_threshold": 11.344866730144373, "N_raw": 38, "N_roi": 38, "N_inlier": 36, "refit": true}
{"timestamp": "16:20:26.661178", "frame": 91, "mu": [-0.16633023255258736, 2.387647021879859, 1.2320921681410681], "Sigma": [[0.012533420668824754, 0.003238604193667342, -0.02511834761660407], [0.0032386041936673417, 0.008681069789235126, -0.005657896736764697], [-0.02511834761660407, -0.005657896736764697, 0.2036737583746042]], "chi2_level": 0.99, "chi2_df": 3, "chi2_threshold": 11.344866730144373, "N_raw": 84, "N_roi": 84, "N_inlier": 82, "refit": true}
{"timestamp": "16:20:26.716832", "frame": 92, "mu": [-0.24098891976618647, 2.4112851407567035, 1.15047901996225], "Sigma": [[0.009690164484026152, 0.003353057804908184, -0.0027763181676263944], [0.003353057804908184, 0.011732754748666344, -0.011578419407286772], [-0.002776318167626393, -0.011578419407286772, 0.2974765555815436]], "chi2_level": 0.99, "chi2_df": 3, "chi2_threshold": 11.344866730144373, "N_raw": 87, "N_roi": 87, "N_inlier": 86, "refit": true}
{"timestamp": "16:20:26.770885", "frame": 93, "mu": [-0.27414126265472094, 2.433888326136282, 1.27059843760562], "Sigma": [[0.013376791815226457, 0.004487343975381405, 0.016427294818177455], [0.004487343975381405, 0.008916890441394586, 0.007415538098033645], [0.016427294818177455, 0.007415538098033645, 0.21899562917020649]], "chi2_level": 0.99, "chi2_df": 3, "chi2_threshold": 11.344866730144373, "N_raw": 77, "N_roi": 75, "N_inlier": 74, "refit": true}
{"timestamp": "16:20:26.830239", "frame": 94, "mu": [-0.3214730086131215, 2.4783516372043497, 0.67769584920054], "Sigma": [[0.01778408277226983, -1.4142903122163074e-05, 0.029566161069307782], [-1.4142903122163182e-05, 0.007517604488910199, 0.034861211974877473], [0.029566161069307786, 0.034861211974877473, 0.5865936196474669]], "chi2_level": 0.99, "chi2_df": 3, "chi2_threshold": 11.344866730144373, "N_raw": 102, "N_roi": 101, "N_inlier": 100, "refit": true}
{"timestamp": "16:20:26.877572", "frame": 95, "mu": [-0.2639937047868098, 2.656771296017028, -0.4096928295834293], "Sigma": [[0.010165276682502724, 0.002772025410347774, 0.00816326340998501], [0.002772025410347774, 0.006884862804996746, -0.007001647251470021], [0.00816326340998501, -0.007001647251470021, 0.09741665142731526]], "chi2_level": 0.99, "chi2_df": 3, "chi2_threshold": 11.344866730144373, "N_raw": 54, "N_roi": 54, "N_inlier": 51, "refit": true}
{"timestamp": "16:20:26.935695", "frame": 96, "mu": [-0.3879806948487855, 2.397575458874223, 0.7450925382031318], "Sigma": [[0.017414330809406037, 0.03791966464133034, 0.03206158244560771], [0.037919664641330335, 0.2928949824978693, 0.36984624932847654], [0.03206158244560771, 0.36984624932847654, 0.8414773651874264]], "chi2_level": 0.99, "chi2_df": 3, "chi2_threshold": 11.344866730144373, "N_raw": 92, "N_roi": 91, "N_inlier": 91, "refit": true}
{"timestamp": "16:20:26.994028", "frame": 97, "mu": [-0.4322321779375611, 2.589319934173909, 0.8173994621334404], "Sigma": [[0.019684919788259755, 0.011003866076621547, 0.04217417448398732], [0.011003866076621547, 0.10148170078799854, 0.12639414735979038], [0.04217417448398732, 0.12639414735979038, 0.6792549179167999]], "chi2_level": 0.99, "chi2_df": 3, "chi2_threshold": 11.344866730144373, "N_raw": 104, "N_roi": 104, "N_inlier": 98, "refit": true}
{"timestamp": "16:20:27.043736", "frame": 98, "mu": [-0.46356600202514253, 2.7123143486564607, 1.4513843744642085], "Sigma": [[0.01538566628686503, 0.00025937087155951963, -0.011316398833731194], [0.00025937087155951963, 0.003741772653748468, -0.002212989798114334], [-0.011316398833731194, -0.0022129897981143344, 0.03037439695068085]], "chi2_level": 0.99, "chi2_df": 3, "chi2_threshold": 11.344866730144373, "N_raw": 65, "N_roi": 64, "N_inlier": 60, "refit": true}
{"timestamp": "16:20:27.103099", "frame": 99, "mu": [-0.47230542817796384, 2.618217221011961, 0.9000479814302618], "Sigma": [[0.018420381836479746, -0.003931614241175815, -0.04051465687242656], [-0.003931614241175815, 0.003960235131895836, 0.010732788825894303], [-0.04051465687242656, 0.010732788825894303, 0.14794542780269268]], "chi2_level": 0.99, "chi2_df": 3, "chi2_threshold": 11.344866730144373, "N_raw": 100, "N_roi": 100, "N_inlier": 91, "refit": true}
{"timestamp": "16:20:27.223274", "frame": 100, "mu": [-0.5957012865329316, 2.483423110722067, 0.5557044541382654], "Sigma": [[0.015429721746059834, 0.041004248716902114, 0.0526735031643856], [0.04100424871690212, 0.446351711117483, 0.5516995705714863], [0.05267350316438559, 0.5516995705714863, 0.9397633363593778]], "chi2_level": 0.99, "chi2_df": 3, "chi2_threshold": 11.344866730144373, "N_raw": 97, "N_roi": 97, "N_inlier": 97, "refit": true}
{"timestamp": "16:20:27.252573", "frame": 101, "mu": [-0.5732032776697447, 2.8707081699256918, 1.398517154790191], "Sigma": [[0.013547664307149486, 0.0024519789547448115, 0.007243383105328466], [0.0024519789547448115, 0.00973464657016466, 0.012506734540623479], [0.007243383105328466, 0.012506734540623479, 0.031534239110279055]], "chi2_level": 0.99, "chi2_df": 3, "chi2_threshold": 11.344866730144373, "N_raw": 61, "N_roi": 61, "N_inlier": 57, "refit": true}
{"timestamp": "16:20:27.283629", "frame": 102, "mu": [-0.665436484061232, 2.8347198133725366, 0.636113165015334], "Sigma": [[0.01085682567226087, -0.0010745553075626121, 0.005209946941284916], [-0.0010745553075626121, 0.002306099287429192, -0.01009317857950769], [0.005209946941284916, -0.01009317857950769, 0.2499556214713973]], "chi2_level": 0.99, "chi2_df": 3, "chi2_threshold": 11.344866730144373, "N_raw": 88, "N_roi": 86, "N_inlier": 86, "refit": true}
{"timestamp": "16:20:27.320114", "frame": 103, "mu": [-0.6822707811563896, 2.808748590981852, 0.9479209250306382], "Sigma": [[0.010349846034304134, 0.0012225993512872083, -0.0015411095596735932], [0.0012225993512872083, 0.005573043287049226, -0.008348864331157044], [-0.0015411095596735934, -0.008348864331157044, 0.02037064770819147]], "chi2_level": 0.99, "chi2_df": 3, "chi2_threshold": 11.344866730144373, "N_raw": 56, "N_roi": 56, "N_inlier": 53, "refit": true}
{"timestamp": "16:20:27.368251", "frame": 104, "mu": [-0.7186631736681376, 2.9813857746278454, 1.2149330476181426], "Sigma": [[0.009305736550629742, 0.0005996527620619342, 0.01983327710285974], [0.0005996527620619342, 0.004670102674829137, 0.00918137647390709], [0.01983327710285974, 0.00918137647390709, 0.2980293870215401]], "chi2_level": 0.99, "chi2_df": 3, "chi2_threshold": 11.344866730144373, "N_raw": 35, "N_roi": 34, "N_inlier": 34, "refit": true}
{"timestamp": "16:20:27.426030", "frame": 105, "mu": [-0.726346134944329, 2.9865987253483444, 1.3466991875345689], "Sigma": [[0.01289607269433903, -0.0005360247059765728, -0.00020805515786437648], [-0.000536024705976573, 0.004015410361141887, -0.0027107038141568193], [-0.0002080551578643767, -0.0027107038141568193, 0.04019439254061369]], "chi2_level": 0.99, "chi2_df": 3, "chi2_threshold": 11.344866730144373, "N_raw": 56, "N_roi": 55, "N_inlier": 53, "refit": true}
{"timestamp": "16:20:27.484038", "frame": 106, "mu": [-0.7946952746802052, 3.032966558113812, 1.1341575154707702], "Sigma": [[0.014012179700651297, 0.003130562723193713, 0.025857474195971075], [0.003130562723193713, 0.004904140756328535, 0.005182071841813845], [0.02585747419597107, 0.005182071841813844, 0.35948374745926076]], "chi2_level": 0.99, "chi2_df": 3, "chi2_threshold": 11.344866730144373, "N_raw": 68, "N_roi": 66, "N_inlier": 65, "refit": true}
{"timestamp": "16:20:27.539385", "frame": 107, "mu": [-0.8011454308880752, 3.0096210608373974, 1.1850153390761817], "Sigma": [[0.020302817807470574, 0.005613171213807859, -0.035201044968112785], [0.005613171213807859, 0.008336535193984956, -0.005707239489281057], [-0.03520104496811278, -0.005707239489281058, 0.14705064251112607]], "chi2_level": 0.99, "chi2_df": 3, "chi2_threshold": 11.344866730144373, "N_raw": 75, "N_roi": 73, "N_inlier": 72, "refit": true}
{"timestamp": "16:20:27.591228", "frame": 108, "mu": [-0.7950007841865777, 3.0034152627677297, 0.982985112375459], "Sigma": [[0.0200972551337478, 0.008484071648597737, -0.04612113146470656], [0.008484071648597737, 0.007293656475177759, -0.03110114040026968], [-0.046121131464706554, -0.031101140400269685, 0.1656391019022771]], "chi2_level": 0.99, "chi2_df": 3, "chi2_threshold": 11.344866730144373, "N_raw": 51, "N_roi": 50, "N_inlier": 49, "refit": true}
{"timestamp": "16:20:27.645170", "frame": 109, "mu": [-0.9041473989917036, 3.0560239970888827, 1.294355512904236], "Sigma": [[0.010180049647627783, 0.0027857737739331503, 0.003002088293939661], [0.0027857737739331503, 0.005696893706618341, -0.008905173712798697], [0.0030020882939396617, -0.008905173712798697, 0.13415877090815811]], "chi2_level": 0.99, "chi2_df": 3, "chi2_threshold": 11.344866730144373, "N_raw": 45, "N_roi": 45, "N_inlier": 43, "refit": true}
{"timestamp": "16:20:27.697554", "frame": 110, "mu": [-0.8160988744194608, 3.1066278861782552, 0.5719824173755479], "Sigma": [[0.021647388213752325, 0.0005270512801772913, -0.031428392769066636], [0.0005270512801772915, 0.0019445605058168133, 0.00033458177426615686], [-0.031428392769066636, 0.0003345817742661577, 0.22576181001317278]], "chi2_level": 0.99, "chi2_df": 3, "chi2_threshold": 11.344866730144373, "N_raw": 25, "N_roi": 25, "N_inlier": 24, "refit": true}
{"timestamp": "16:20:27.753948", "frame": 111, "mu": [-0.8809965506756856, 3.254631298104554, 0.7778818328347864], "Sigma": [[0.017802301073022435, 0.004820139648546336, -0.031127553118356643], [0.004820139648546336, 0.006735462597975171, -0.016096038897187102], [-0.03112755311835664, -0.0160960388971871, 0.07312073123295623]], "chi2_level": 0.99, "chi2_df": 3, "chi2_threshold": 11.344866730144373, "N_raw": 35, "N_roi": 35, "N_inlier": 32, "refit": true}
{"timestamp": "16:20:27.809672", "frame": 112, "mu": [-1.0640479592536822, 3.148397333710146, 1.139445959514847], "Sigma": [[0.015248321885052754, 0.001313857763025433, -0.020827473633310563], [0.0013138577630254329, 0.0026434269489926804, -0.005309072515248172], [-0.020827473633310563, -0.005309072515248172, 0.03935186194913298]], "chi2_level": 0.99, "chi2_df": 3, "chi2_threshold": 11.344866730144373, "N_raw": 48, "N_roi": 48, "N_inlier": 48, "refit": true}
{"timestamp": "16:20:27.864268", "frame": 113, "mu": [-1.1403759666024036, 3.1609826038906115, 1.2198881369396024], "Sigma": [[0.009346874008495503, 0.002853323918330794, -0.008154942489038803], [0.002853323918330794, 0.004422211852242885, -0.013670327120088716], [-0.008154942489038803, -0.013670327120088716, 0.05693564061418316]], "chi2_level": 0.99, "chi2_df": 3, "chi2_threshold": 11.344866730144373, "N_raw": 40, "N_roi": 39, "N_inlier": 37, "refit": true}
{"timestamp": "16:20:27.921631", "frame": 114, "mu": [-1.1538060881999734, 3.196339377749358, 1.1547985999431079], "Sigma": [[0.015860785196485105, 0.0044022689880526085, -0.016000485813141885], [0.0044022689880526085, 0.004961053632415945, -0.00790892702441531], [-0.016000485813141885, -0.00790892702441531, 0.021337962955486192]], "chi2_level": 0.99, "chi2_df": 3, "chi2_threshold": 11.344866730144373, "N_raw": 54, "N_roi": 54, "N_inlier": 49, "refit": true}
{"timestamp": "16:20:27.977130", "frame": 115, "mu": [-1.2230045815660622, 3.3264628433859125, 0.8361206045195926], "Sigma": [[0.015304090353760172, -0.0014386008532525614, 0.0063882273716065665], [-0.001438600853252561, 0.013321501394497965, -0.037669727561861245], [0.0063882273716065665, -0.037669727561861245, 0.11581918705650754]], "chi2_level": 0.99, "chi2_df": 3, "chi2_threshold": 11.344866730144373, "N_raw": 57, "N_roi": 57, "N_inlier": 56, "refit": true}
{"timestamp": "16:20:28.027642", "frame": 116, "mu": [-1.3469150090293638, 3.2538465253835196, 1.3534902685615644], "Sigma": [[0.008225452138281837, 0.004765677795773917, -0.0062933639362775535], [0.004765677795773917, 0.014737037256127825, -0.03438668191093247], [-0.0062933639362775535, -0.03438668191093247, 0.1563663163440889]], "chi2_level": 0.99, "chi2_df": 3, "chi2_threshold": 11.344866730144373, "N_raw": 26, "N_roi": 26, "N_inlier": 26, "refit": true}
{"timestamp": "16:20:28.082426", "frame": 117, "mu": [-1.3030589269081783, 3.267319177075522, 1.2244175360953815], "Sigma": [[0.009007989387946004, 0.0030062472860128376, -0.008922169238417783], [0.0030062472860128376, 0.003382349104303191, -0.0072136414124835836], [-0.008922169238417783, -0.0072136414124835836, 0.018994136347481504]], "chi2_level": 0.99, "chi2_df": 3, "chi2_threshold": 11.344866730144373, "N_raw": 28, "N_roi": 28, "N_inlier": 27, "refit": true}
{"timestamp": "16:20:28.139078", "frame": 118, "mu": [-1.3410509338099368, 3.2742499138071968, 1.2838782154764048], "Sigma": [[0.016415143979643415, 0.0037653434272872264, -0.013402477191603538], [0.0037653434272872264, 0.00273625154657642, -0.005602592887432901], [-0.013402477191603538, -0.005602592887432901, 0.01653014813228125]], "chi2_level": 0.99, "chi2_df": 3, "chi2_threshold": 11.344866730144373, "N_raw": 38, "N_roi": 38, "N_inlier": 36, "refit": true}
{"timestamp": "16:20:28.191240", "frame": 119, "mu": [-1.327155457559381, 3.393278129962752, 1.1210691537400128], "Sigma": [[0.009819739696482631, 0.0017449314586203855, -0.01241692721895824], [0.0017449314586203855, 0.003090609337165222, -0.004084778463362778], [-0.01241692721895824, -0.004084778463362778, 0.022948463870882528]], "chi2_level": 0.99, "chi2_df": 3, "chi2_threshold": 11.344866730144373, "N_raw": 23, "N_roi": 23, "N_inlier": 23, "refit": true}
{"timestamp": "16:20:28.245160", "frame": 120, "mu": [-1.2978704630736744, 3.4381214239322637, 0.8429688295975785], "Sigma": [[0.011377247776987795, 0.003973758385065355, -0.022969551346212223], [0.003973758385065355, 0.0024529234848565877, -0.010046328182146198], [-0.022969551346212227, -0.010046328182146201, 0.07592574608681807]], "chi2_level": 0.99, "chi2_df": 3, "chi2_threshold": 11.344866730144373, "N_raw": 14, "N_roi": 14, "N_inlier": 14, "refit": true}
{"timestamp": "16:20:28.301458", "frame": 121, "mu": [-1.4106249658341383, 3.4925385880964672, 1.1151580278488837], "Sigma": [[0.008795410310175765, 0.0020837189857496304, -0.018755780497447402], [0.00208371898574963, 0.003218595286577387, -0.004584091976197972], [-0.018755780497447402, -0.004584091976197972, 0.061781795924164946]], "chi2_level": 0.99, "chi2_df": 3, "chi2_threshold": 11.344866730144373, "N_raw": 21, "N_roi": 21, "N_inlier": 20, "refit": true}
{"timestamp": "16:20:28.358535", "frame": 122, "mu": [-1.5075581658970731, 3.4901593937027675, 1.3377401293061861], "Sigma": [[0.013564444095816, 0.005142237543175054, -0.009014748810994583], [0.0051422375431750544, 0.007421437948682912, -0.0015696406007284116], [-0.009014748810994583, -0.0015696406007284114, 0.008036383936567996]], "chi2_level": 0.99, "chi2_df": 3, "chi2_threshold": 11.344866730144373, "N_raw": 35, "N_roi": 35, "N_inlier": 34, "refit": true}
{"timestamp": "16:20:28.413115", "frame": 123, "mu": [-1.4619518064625598, 3.690369937340225, 0.04808298255694611], "Sigma": [[0.013123899363581786, 0.009685908510252143, 0.010153061409344948], [0.009685908510252143, 0.012875696016833535, 0.0191622213583239], [0.010153061409344948, 0.0191622213583239, 0.10672275054037716]], "chi2_level": 0.99, "chi2_df": 3, "chi2_threshold": 11.344866730144373, "N_raw": 33, "N_roi": 33, "N_inlier": 32, "refit": true}
{"timestamp": "16:20:28.470199", "frame": 124, "mu": [-1.611288777353019, 3.580000296499847, 1.263551517841439], "Sigma": [[0.01618924460765905, 0.0025237145650899113, -0.008734589068439335], [0.0025237145650899113, 0.004645203566356513, -0.003271790180652704], [-0.008734589068439335, -0.003271790180652704, 0.007306954129556764]], "chi2_level": 0.99, "chi2_df": 3, "chi2_threshold": 11.344866730144373, "N_raw": 42, "N_roi": 39, "N_inlier": 39, "refit": true}
{"timestamp": "16:20:28.520800", "frame": 125, "mu": [-1.5774450401735283, 3.7480814089321988, 0.05518749335241475], "Sigma": [[0.009404458016195655, 0.00409693949282785, -0.006320300437159542], [0.00409693949282785, 0.006965499863144911, -0.009708660448146335], [-0.006320300437159542, -0.009708660448146335, 0.015437732985538024]], "chi2_level": 0.99, "chi2_df": 3, "chi2_threshold": 11.344866730144373, "N_raw": 18, "N_roi": 18, "N_inlier": 18, "refit": true}
{"timestamp": "16:20:28.575396", "frame": 126, "mu": [-1.7096316637083924, 3.641244066890122, 1.1351836873612124], "Sigma": [[0.004845222166172883, 0.0013657365928877443, -0.002419667736963608], [0.0013657365928877443, 0.004940663516374119, -0.01562556115303179], [-0.0024196677369636085, -0.01562556115303179, 0.07368730081195372]], "chi2_level": 0.99, "chi2_df": 3, "chi2_threshold": 11.344866730144373, "N_raw": 17, "N_roi": 17, "N_inlier": 17, "refit": true}
{"timestamp": "16:20:28.630028", "frame": 127, "mu": [-1.7313410813894097, 3.736887249799207, 1.0622613132904832], "Sigma": [[0.008480753377505366, 0.0027227560985378053, -0.009100320852412785], [0.0027227560985378053, 0.004365167033956664, -0.01649762373386774], [-0.009100320852412785, -0.01649762373386774, 0.11013027907337584]], "chi2_level": 0.99, "chi2_df": 3, "chi2_threshold": 11.344866730144373, "N_raw": 17, "N_roi": 17, "N_inlier": 17, "refit": true}
{"timestamp": "16:20:28.685658", "frame": 128, "mu": [-1.7630068756753503, 3.7603662549436705, 0.9787703418196032], "Sigma": [[0.005303774556509716, -0.0036146005075659553, 0.011806317633167782], [-0.0036146005075659553, 0.0064424392826472774, -0.015679161997553825], [0.011806317633167782, -0.01567916199755382, 0.11876492940545189]], "chi2_level": 0.99, "chi2_df": 3, "chi2_threshold": 11.344866730144373, "N_raw": 16, "N_roi": 12, "N_inlier": 12, "refit": true}
{"timestamp": "16:20:28.741872", "frame": 129, "mu": [-1.598197728460618, 3.8226870026764184, 0.595319405407673], "Sigma": [[0.018200382209991487, 0.00479805373833379, -0.027558073216866], [0.004798053738333792, 0.004472028249424891, -0.014509683901574182], [-0.027558073216866, -0.014509683901574182, 0.08485059558705663]], "chi2_level": 0.99, "chi2_df": 3, "chi2_threshold": 11.344866730144373, "N_raw": 20, "N_roi": 16, "N_inlier": 16, "refit": true}
{"timestamp": "16:20:28.850232", "frame": 131, "mu": [-1.9045426594824648, 3.769361686161446, 1.14916599447567], "Sigma": [[0.015421271302947086, 0.007603581831912726, -0.025797095215972763], [0.007603581831912726, 0.005246425235715724, -0.014948714132309481], [-0.025797095215972767, -0.014948714132309481, 0.05670484033102005]], "chi2_level": 0.99, "chi2_df": 3, "chi2_threshold": 11.344866730144373, "N_raw": 17, "N_roi": 13, "N_inlier": 13, "refit": true}
{"timestamp": "16:20:28.907974", "frame": 132, "mu": [-2.006182377180369, 3.7743449636905324, 1.3174440742169433], "Sigma": [[0.016175341571738604, 0.007040796853322708, -0.013114337829495063], [0.007040796853322708, 0.004800007720689199, -0.006701326808480364], [-0.013114337829495063, -0.006701326808480364, 0.014853242024409616]], "chi2_level": 0.99, "chi2_df": 3, "chi2_threshold": 11.344866730144373, "N_raw": 28, "N_roi": 25, "N_inlier": 23, "refit": true}
{"timestamp": "16:20:28.961348", "frame": 133, "mu": [-1.7379294335723796, 3.965398436091877, 0.6562526274319008], "Sigma": [[0.027410041153719318, 0.006362656185944538, -0.051701525026961785], [0.006362656185944538, 0.00427645624146041, -0.015521539814811386], [-0.05170152502696178, -0.015521539814811386, 0.11450750531987133]], "chi2_level": 0.99, "chi2_df": 3, "chi2_threshold": 11.344866730144373, "N_raw": 24, "N_roi": 22, "N_inlier": 22, "refit": true}
{"timestamp": "16:20:29.015219", "frame": 134, "mu": [-2.0830544568084246, 3.9144752249341757, 1.4291848436573766], "Sigma": [[0.009321550996552713, 0.004175798293549755, -0.002697719666311739], [0.004175798293549755, 0.0037987532735823054, -0.0023065422549593934], [-0.0026977196663117388, -0.0023065422549593934, 0.0031760565052272186]], "chi2_level": 0.99, "chi2_df": 3, "chi2_threshold": 11.344866730144373, "N_raw": 16, "N_roi": 15, "N_inlier": 14, "refit": true}
{"timestamp": "16:20:29.126633", "frame": 136, "mu": [-2.0406743418573052, 3.975262342972039, 1.0270203975857597], "Sigma": [[0.009771403228769232, 0.0011707027594911816, -0.0062970629187010406], [0.0011707027594911818, 0.006198308942175233, -0.015027084663361608], [-0.0062970629187010406, -0.015027084663361608, 0.06437779523224274]], "chi2_level": 0.99, "chi2_df": 3, "chi2_threshold": 11.344866730144373, "N_raw": 20, "N_roi": 20, "N_inlier": 20, "refit": true}
