{"timestamp": "16:52:38.889201", "frame": 21, "mu": [-2.3363252772217407, 4.943367708751363, 0.6022199905305706], "Sigma": [[0.009926017077474042, 0.0014628854956664013, -0.00918974763167977], [0.0014628854956664013, 0.0006461028539229366, -0.0035834565701355022], [-0.00918974763167977, -0.0035834565701355022, 0.04065140256673272]], "chi2_level": 0.99, "chi2_df": 3, "chi2_threshold": 11.344866730144373, "N_raw": 21, "N_roi": 17, "N_inlier": 17, "refit": true}
{"timestamp": "16:52:39.000631", "frame": 23, "mu": [-2.297183999570235, 4.872182131165655, 0.857713023948955], "Sigma": [[0.0092696495486727, 0.0016881425070690683, -0.0017999402151604171], [0.001688142507069068, 0.002319190529032209, -0.0058243265689597494], [-0.0017999402151604171, -0.005824326568959749, 0.04293358964179171]], "chi2_level": 0.99, "chi2_df": 3, "chi2_threshold": 11.344866730144373, "N_raw": 27, "N_roi": 21, "N_inlier": 21, "refit": true}
{"timestamp": "16:52:39.110068", "frame": 25, "mu": [-2.2048682508050184, 4.797858515797165, 0.850313454533429], "Sigma": [[0.023530421812408997, 0.008025212575405727, -0.010756280626880424], [0.008025212575405727, 0.0038718592415232693, -0.005069393620790119], [-0.010756280626880426, -0.00506939362079012, 0.009980565256966783]], "chi2_level": 0.99, "chi2_df": 3, "chi2_threshold": 11.344866730144373, "N_raw": 28, "N_roi": 25, "N_inlier": 23, "refit": true}
{"timestamp": "16:52:39.168914", "frame": 26, "mu": [-2.1547296422631033, 4.777348949104905, 0.8222124778741002], "Sigma": [[0.030786129627661724, 0.006934423527319149, -0.010985447065244602], [0.006934423527319149, 0.0036474141233421202, -0.004575355507855015], [-0.010985447065244602, -0.004575355507855015, 0.009347361019740054]], "chi2_level": 0.99, "chi2_df": 3, "chi2_threshold": 11.344866730144373, "N_raw": 34, "N_roi": 34, "N_inlier": 34, "refit": true}
{"timestamp": "16:52:39.331011", "frame": 29, "mu": [-2.1970453376401338, 4.700414464792545, 0.5030897684312021], "Sigma": [[0.013471316592392481, 0.003386406681295866, 0.0004217403663920943], [0.003386406681295866, 0.002726547974032348, -0.005515250688053102], [0.0004217403663920943, -0.005515250688053102, 0.023587114553194753]], "chi2_level": 0.99, "chi2_df": 3, "chi2_threshold": 11.344866730144373, "N_raw": 14, "N_roi": 14, "N_inlier": 14, "refit": true}
{"timestamp": "16:52:39.386114", "frame": 30, "mu": [-2.225352721860502, 4.559649011098663, 0.7729612804854271], "Sigma": [[0.009357423908780521, 0.008853452702619334, -0.017983980873296633], [0.008853452702619334, 0.01585609798261358, -0.039306866351041685], [-0.017983980873296633, -0.039306866351041685, 0.12075685891316193]], "chi2_level": 0.99, "chi2_df": 3, "chi2_threshold": 11.344866730144373, "N_raw": 12, "N_roi": 11, "N_inlier": 11, "refit": true}
{"timestamp": "16:52:39.553269", "frame": 33, "mu": [-2.1597829871348946, 4.525231400988127, 0.5111536125177333], "Sigma": [[0.015629027984134097, 0.002319660669308347, -0.0008970696934272775], [0.002319660669308346, 0.002183847498983861, -0.0042927566954888245], [-0.0008970696934272769, -0.0042927566954888245, 0.021401823399545213]], "chi2_level": 0.99, "chi2_df": 3, "chi2_threshold": 11.344866730144373, "N_raw": 31, "N_roi": 30, "N_inlier": 29, "refit": true}
{"timestamp": "16:52:39.608403", "frame": 34, "mu": [-2.198854304767627, 4.442951083531051, 0.3672511579405964], "Sigma": [[0.020204390217709523, 0.005873214393378293, -0.00818833094159027], [0.005873214393378293, 0.003650354616993433, -0.00653723140231932], [-0.00818833094159027, -0.00653723140231932, 0.02351554036202642]], "chi2_level": 0.99, "chi2_df": 3, "chi2_threshold": 11.344866730144373, "N_raw": 33, "N_roi": 32, "N_inlier": 31, "refit": true}
{"timestamp": "16:52:39.663120", "frame": 35, "mu": [-2.2087078369651763, 4.370486863249913, 0.3412616273195151], "Sigma": [[0.020996699905624413, 0.005691037842266164, -0.0012445040481962725], [0.005691037842266166, 0.0038165098404877576, -0.0023912533587979483], [-0.0012445040481962725, -0.0023912533587979483, 0.0049713549611026]], "chi2_level": 0.99, "chi2_df": 3, "chi2_threshold": 11.344866730144373, "N_raw": 29, "N_roi": 28, "N_inlier": 27, "refit": true}
{"timestamp": "16:52:39.879911", "frame": 39, "mu": [-2.1803361014271907, 4.143667677635643, 0.9107606526555684], "Sigma": [[0.012459913910401512, 0.004247153103586758, -0.009159281971470975], [0.004247153103586758, 0.002623124490305634, -0.005825382628238626], [-0.009159281971470975, -0.005825382628238625, 0.016249519877643784]], "chi2_level": 0.99, "chi2_df": 3, "chi2_threshold": 11.344866730144373, "N_raw": 14, "N_roi": 14, "N_inlier": 13, "refit": true}
{"timestamp": "16:52:39.935379", "frame": 40, "mu": [-1.9962317483535952, 4.136733577812388, 0.5203381014221771], "Sigma": [[0.006230354715932086, 0.0009613320760462438, -0.006126022819455895], [0.0009613320760462438, 0.0007839234563282476, -0.0030620018730839966], [-0.006126022819455894, -0.0030620018730839966, 0.025204196333087892]], "chi2_level": 0.99, "chi2_df": 3, "chi2_threshold": 11.344866730144373, "N_raw": 14, "N_roi": 14, "N_inlier": 14, "refit": true}
{"timestamp": "16:52:39.994136", "frame": 41, "mu": [-2.105200213774354, 4.031543162691022, 0.6788248475696248], "Sigma": [[0.02926422829277782, 0.008540492816972896, -0.022610237339719924], [0.008540492816972896, 0.0030772840877270986, -0.008426302122915374], [-0.022610237339719924, -0.008426302122915374, 0.04181266841240017]], "chi2_level": 0.99, "chi2_df": 3, "chi2_threshold": 11.344866730144373, "N_raw": 41, "N_roi": 41, "N_inlier": 40, "refit": true}
{"timestamp": "16:52:40.212110", "frame": 45, "mu": [-2.171650241286237, 3.7794668341038573, 0.777836473989266], "Sigma": [[0.014865572249028798, 0.0036206987138723175, -0.012522677809248543], [0.0036206987138723175, 0.0020201224893363, -0.005669540667579084], [-0.012522677809248543, -0.005669540667579084, 0.021324338163288582]], "chi2_level": 0.99, "chi2_df": 3, "chi2_threshold": 11.344866730144373, "N_raw": 25, "N_roi": 25, "N_inlier": 24, "refit": true}
{"timestamp": "16:52:40.324124", "frame": 47, "mu": [-2.089505384572283, 3.662364837267899, 0.7650244979112519], "Sigma": [[0.019820790915579825, 0.008352621922426983, -0.01638261542673682], [0.008352621922426983, 0.006223312189168697, -0.011170376319322592], [-0.016382615426736823, -0.011170376319322592, 0.022697366626184556]], "chi2_level": 0.99, "chi2_df": 3, "chi2_threshold": 11.344866730144373, "N_raw": 42, "N_roi": 42, "N_inlier": 42, "refit": true}
{"timestamp": "16:52:40.378200", "frame": 48, "mu": [-1.9723637650914059, 3.6348002537227, 0.6371268574754989], "Sigma": [[0.019763760559041534, 0.0015886784815832174, -0.016363612905363693], [0.0015886784815832174, 0.0021012488215368533, -0.004169049309032015], [-0.016363612905363693, -0.004169049309032015, 0.02105932236747292]], "chi2_level": 0.99, "chi2_df": 3, "chi2_threshold": 11.344866730144373, "N_raw": 34, "N_roi": 33, "N_inlier": 32, "refit": true}
{"timestamp": "16:52:40.432567", "frame": 49, "mu": [-2.1202346760240802, 3.518319101155991, 0.7652627853286208], "Sigma": [[0.015974015274005004, 0.00014886915401067448, -0.002601846831799365], [0.00014886915401067448, 0.001793943203940088, -0.0032936558745741726], [-0.002601846831799365, -0.0032936558745741726, 0.01092271374491943]], "chi2_level": 0.99, "chi2_df": 3, "chi2_threshold": 11.344866730144373, "N_raw": 27, "N_roi": 27, "N_inlier": 25, "refit": true}
{"timestamp": "16:52:40.485246", "frame": 50, "mu": [-2.0246876414964095, 3.4800729103791435, 0.6390748005099895], "Sigma": [[0.00690285343763105, -0.0024621226100865947, -0.0005388472601074449], [-0.0024621226100865934, 0.004291413692825018, -0.002662467554136765], [-0.0005388472601074447, -0.002662467554136765, 0.003707385234600874]], "chi2_level": 0.99, "chi2_df": 3, "chi2_threshold": 11.344866730144373, "N_raw": 12, "N_roi": 12, "N_inlier": 12, "refit": true}
{"timestamp": "16:52:40.541469", "frame": 51, "mu": [-1.9343183187217534, 3.5725795296535647, -0.39167326140805286], "Sigma": [[0.01394423565174543, 0.0033390813955967574, -0.012230084119781022], [0.0033390813955967574, 0.00325425324168719, -0.005007990624596702], [-0.012230084119781022, -0.005007990624596702, 0.0144035490179669]], "chi2_level": 0.99, "chi2_df": 3, "chi2_threshold": 11.344866730144373, "N_raw": 24, "N_roi": 24, "N_inlier": 23, "refit": true}
{"timestamp": "16:52:40.595282", "frame": 52, "mu": [-2.145769812636465, 3.2823194270580833, 0.594399719128845], "Sigma": [[0.009527051239036584, -0.0010783455451543432, 0.0135676939549783], [-0.0010783455451543434, 0.0024761404445167185, -0.0016330376586061173], [0.0135676939549783, -0.001633037658606118, 0.03734921404683994]], "chi2_level": 0.99, "chi2_df": 3, "chi2_threshold": 11.344866730144373, "N_raw": 13, "N_roi": 13, "N_inlier": 13, "refit": true}
{"timestamp": "16:52:40.653181", "frame": 53, "mu": [-2.029998146695218, 3.249370638934074, 0.725412164951549], "Sigma": [[0.012346598141779621, 0.001002861815628766, 0.0069059455468404455], [0.001002861815628766, 0.0025807217507486553, 0.0012676330545175985], [0.006905945546840445, 0.0012676330545175985, 0.050089334702555624]], "chi2_level": 0.99, "chi2_df": 3, "chi2_threshold": 11.344866730144373, "N_raw": 30, "N_roi": 28, "N_inlier": 28, "refit": true}
{"timestamp": "16:52:40.705355", "frame": 54, "mu": [-2.191586964864275, 3.103699875689205, 0.5667907652292309], "Sigma": [[0.013925978081352118, 0.00351087418142189, 0.0053483988017344174], [0.0035108741814218894, 0.0015430857186502656, 0.0015048702636292898], [0.005348398801734418, 0.00150487026362929, 0.025510139356590855]], "chi2_level": 0.99, "chi2_df": 3, "chi2_threshold": 11.344866730144373, "N_raw": 17, "N_roi": 17, "N_inlier": 17, "refit": true}
{"timestamp": "16:52:40.871034", "frame": 57, "mu": [-2.106336613554208, 2.929372788976992, 0.917017135271332], "Sigma": [[0.008632567179457706, 0.004152815696226313, -0.009533121785244326], [0.004152815696226313, 0.003300274452227617, -0.00804962078218864], [-0.009533121785244326, -0.00804962078218864, 0.024318064413707433]], "chi2_level": 0.99, "chi2_df": 3, "chi2_threshold": 11.344866730144373, "N_raw": 20, "N_roi": 20, "N_inlier": 20, "refit": true}
{"timestamp": "16:52:40.985149", "frame": 59, "mu": [-2.1006811725605257, 2.7601851780256244, 0.7523874329922318], "Sigma": [[0.016742444648115237, 0.005100466087586451, -0.01297749396688234], [0.00510046608758645, 0.0021993541809462408, -0.006455217986360193], [-0.01297749396688234, -0.006455217986360193, 0.03982611168671309]], "chi2_level": 0.99, "chi2_df": 3, "chi2_threshold": 11.344866730144373, "N_raw": 49, "N_roi": 49, "N_inlier": 48, "refit": true}
{"timestamp": "16:52:41.039069", "frame": 60, "mu": [-2.122800583908712, 2.891319301581681, -0.334743382891168], "Sigma": [[0.012013859337066205, 0.00711487261244954, -0.006027785852267842], [0.00711487261244954, 0.00947948649729287, -0.012308415294868785], [-0.006027785852267842, -0.012308415294868785, 0.021535848529261895]], "chi2_level": 0.99, "chi2_df": 3, "chi2_threshold": 11.344866730144373, "N_raw": 37, "N_roi": 36, "N_inlier": 35, "refit": true}
{"timestamp": "16:52:41.092864", "frame": 61, "mu": [-2.1382043342429227, 2.651054841024822, 0.8608606724680143], "Sigma": [[0.01104393403672088, 0.003802828372588451, -0.008568637683558013], [0.0038028283725884517, 0.0023003027523919384, -0.005484929044824572], [-0.008568637683558013, -0.005484929044824572, 0.02875002942258759]], "chi2_level": 0.99, "chi2_df": 3, "chi2_threshold": 11.344866730144373, "N_raw": 34, "N_roi": 34, "N_inlier": 33, "refit": true}
{"timestamp": "16:52:41.148308", "frame": 62, "mu": [-2.107139697647764, 2.5170103445368057, 0.8926136709615331], "Sigma": [[0.006292808949314174, 0.0025228100248623478, -0.008987048352237787], [0.0025228100248623478, 0.0031193171650640778, -0.010022088400846008], [-0.008987048352237787, -0.010022088400846008, 0.05193328139669449]], "chi2_level": 0.99, "chi2_df": 3, "chi2_threshold": 11.344866730144373, "N_raw": 35, "N_roi": 35, "N_inlier": 35, "refit": true}
{"timestamp": "16:52:41.204690", "frame": 63, "mu": [-2.1123041637375213, 2.4329133536468057, 0.9133109602065843], "Sigma": [[0.013141016968952608, 0.004786335844583277, -0.006518949588563382], [0.004786335844583277, 0.0040460582556219255, -0.006993713210431072], [-0.00651894958856338, -0.006993713210431071, 0.01748464265167214]], "chi2_level": 0.99, "chi2_df": 3, "chi2_threshold": 11.344866730144373, "N_raw": 40, "N_roi": 40, "N_inlier": 39, "refit": true}
{"timestamp": "16:52:41.255406", "frame": 64, "mu": [-2.0984955635092257, 2.3635843727355716, 1.0577762024996125], "Sigma": [[0.0091811624393871, 0.00538361428052997, -0.0036464148236484205], [0.00538361428052997, 0.00464872153374645, 0.0003240706468165542], [-0.0036464148236484205, 0.00032407064681655407, 0.02980835415307206]], "chi2_level": 0.99, "chi2_df": 3, "chi2_threshold": 11.344866730144373, "N_raw": 16, "N_roi": 16, "N_inlier": 15, "refit": true}
{"timestamp": "16:52:41.309686", "frame": 65, "mu": [-2.226840285795663, 2.135817359522056, 1.1711607359135854], "Sigma": [[0.028116539177450335, 0.02534795606574551, -0.031900868659973526], [0.02534795606574551, 0.026094003408771223, -0.03571056010504624], [-0.03190086865997352, -0.03571056010504624, 0.05676865821941769]], "chi2_level": 0.99, "chi2_df": 3, "chi2_threshold": 11.344866730144373, "N_raw": 15, "N_roi": 12, "N_inlier": 11, "refit": true}
{"timestamp": "16:52:41.367087", "frame": 66, "mu": [-2.3135539404980943, 1.9904470822032265, 1.2268428828228937], "Sigma": [[0.021117789859556334, 0.018394718396476592, -0.022183211973697537], [0.018394718396476592, 0.019493314830360958, -0.02621120138706569], [-0.022183211973697537, -0.02621120138706569, 0.04068269908873206]], "chi2_level": 0.99, "chi2_df": 3, "chi2_threshold": 11.344866730144373, "N_raw": 24, "N_roi": 16, "N_inlier": 16, "refit": true}
{"timestamp": "16:52:41.422093", "frame": 67, "mu": [-2.278922490332116, 1.9381886917780509, 1.307841934375527], "Sigma": [[0.03347620121425833, 0.024024994965708653, -0.040072988555087743], [0.024024994965708653, 0.023800284977533163, -0.03860004844713344], [-0.040072988555087743, -0.03860004844713344, 0.0706544724185777]], "chi2_level": 0.99, "chi2_df": 3, "chi2_threshold": 11.344866730144373, "N_raw": 24, "N_roi": 21, "N_inlier": 20, "refit": true}
{"timestamp": "16:52:41.477227", "frame": 68, "mu": [-2.154332675362043, 1.9158967306504047, 1.1309786940017665], "Sigma": [[0.07141433083423074, 0.03572398757800842, -0.08452525755114666], [0.03572398757800842, 0.022247799456791763, -0.04725452974557526], [-0.08452525755114665, -0.04725452974557526, 0.11474358470060034]], "chi2_level": 0.99, "chi2_df": 3, "chi2_threshold": 11.344866730144373, "N_raw": 26, "N_roi": 23, "N_inlier": 23, "refit": true}
{"timestamp": "16:52:41.532227", "frame": 69, "mu": [-2.0418152242261307, 1.9250159486005927, 1.1133871141647353], "Sigma": [[0.0372449914170974, 0.020470298967391817, -0.03761713079049582], [0.020470298967391817, 0.0143439875526757, -0.022849507944238897], [-0.03761713079049582, -0.022849507944238897, 0.040319376761703246]], "chi2_level": 0.99, "chi2_df": 3, "chi2_threshold": 11.344866730144373, "N_raw": 30, "N_roi": 30, "N_inlier": 29, "refit": true}
{"timestamp": "16:52:41.587326", "frame": 70, "mu": [-2.240139166584902, 1.7170744988146156, 1.1963193131291665], "Sigma": [[0.022570917032109252, 0.016718020848374763, -0.013048430127172661], [0.01671802084837476, 0.01691018856962114, -0.01391668007102281], [-0.01304843012717266, -0.01391668007102281, 0.014265838634368666]], "chi2_level": 0.99, "chi2_df": 3, "chi2_threshold": 11.344866730144373, "N_raw": 27, "N_roi": 27, "N_inlier": 26, "refit": true}
{"timestamp": "16:52:41.641240", "frame": 71, "mu": [-2.252754825776778, 1.739560462423846, 1.0315189400872329], "Sigma": [[0.009461738422546913, 0.011427959471005649, -0.020992026863053403], [0.011427959471005649, 0.02883040827904465, -0.07026277292163662], [-0.020992026863053403, -0.07026277292163662, 0.2125026508517573]], "chi2_level": 0.99, "chi2_df": 3, "chi2_threshold": 11.344866730144373, "N_raw": 18, "N_roi": 18, "N_inlier": 18, "refit": true}
{"timestamp": "16:52:41.699019", "frame": 72, "mu": [-2.1977057313461286, 1.6837849126741014, -0.43372338382128556], "Sigma": [[0.015078953067406229, 0.011486647167968772, -0.009626377427675472], [0.01148664716796877, 0.019509459901518113, -0.004937946280187524], [-0.009626377427675472, -0.004937946280187524, 0.01071416569123067]], "chi2_level": 0.99, "chi2_df": 3, "chi2_threshold": 11.344866730144373, "N_raw": 42, "N_roi": 42, "N_inlier": 40, "refit": true}
{"timestamp": "16:52:41.754982", "frame": 73, "mu": [-2.2338503529041445, 1.6418058797365385, -0.39260019221312714], "Sigma": [[0.01536681115706538, 0.013187789114428508, -0.004905009381691104], [0.013187789114428508, 0.018122489459048378, -0.009301144103173937], [-0.004905009381691104, -0.009301144103173935, 0.006799368746601256]], "chi2_level": 0.99, "chi2_df": 3, "chi2_threshold": 11.344866730144373, "N_raw": 40, "N_roi": 40, "N_inlier": 40, "refit": true}
{"timestamp": "16:52:41.815554", "frame": 74, "mu": [-2.1933265712532437, 1.4097421125466685, 1.02748286986002], "Sigma": [[0.018851417924769635, 0.01598939391948407, -0.009903871371786612], [0.01598939391948407, 0.02977464315928245, -0.013626239610774585], [-0.009903871371786612, -0.013626239610774585, 0.010009758684609637]], "chi2_level": 0.99, "chi2_df": 3, "chi2_threshold": 11.344866730144373, "N_raw": 83, "N_roi": 83, "N_inlier": 80, "refit": true}
{"timestamp": "16:52:41.867783", "frame": 75, "mu": [-2.215374942683867, 1.277545508809554, 1.023984159244514], "Sigma": [[0.008728736006504497, 0.008625987061122994, -0.00020396250034049237], [0.008625987061122994, 0.011234051748474009, -0.0038360250705294506], [-0.00020396250034049237, -0.0038360250705294506, 0.051871120591832055]], "chi2_level": 0.99, "chi2_df": 3, "chi2_threshold": 11.344866730144373, "N_raw": 64, "N_roi": 64, "N_inlier": 63, "refit": true}
{"timestamp": "16:52:41.927733", "frame": 76, "mu": [-2.2260063176495035, 1.3258855585368259, -0.3741641178776245], "Sigma": [[0.01614580256375946, 0.008281366135433628, 0.06213029775993432], [0.008281366135433628, 0.028914606901367018, 0.013351385389344201], [0.06213029775993432, 0.0133513853893442, 0.4478488118862371]], "chi2_level": 0.99, "chi2_df": 3, "chi2_threshold": 11.344866730144373, "N_raw": 97, "N_roi": 94, "N_inlier": 94, "refit": true}
{"timestamp": "16:52:41.979889", "frame": 77, "mu": [-2.1825956957501114, 1.215607337446081, 1.0154786286111372], "Sigma": [[0.012008815147039647, 0.010652041288245689, -0.005806791890471807], [0.010652041288245689, 0.011605533023562506, -0.009758867463331685], [-0.005806791890471808, -0.009758867463331685, 0.04017427458330225]], "chi2_level": 0.99, "chi2_df": 3, "chi2_threshold": 11.344866730144373, "N_raw": 74, "N_roi": 74, "N_inlier": 72, "refit": true}
{"timestamp": "16:52:42.031379", "frame": 78, "mu": [-2.174964047110224, 1.1070846936884378, 1.0854352061886534], "Sigma": [[0.0072926261867307515, 0.0068242186383041525, -0.0007464714704801239], [0.0068242186383041525, 0.010212932379826345, -0.007049435279874899], [-0.0007464714704801239, -0.007049435279874898, 0.020057327009529544]], "chi2_level": 0.99, "chi2_df": 3, "chi2_threshold": 11.344866730144373, "N_raw": 49, "N_roi": 49, "N_inlier": 49, "refit": true}
{"timestamp": "16:52:42.083408", "frame": 79, "mu": [-2.135001261366174, 1.0801161430351671, 1.1786021508303846], "Sigma": [[0.006039502088807277, 0.004685157300587022, 0.0002768733585730379], [0.004685157300587022, 0.009199247977401043, -0.007631054281100329], [0.000276873358573038, -0.007631054281100329, 0.027043729593642714]], "chi2_level": 0.99, "chi2_df": 3, "chi2_threshold": 11.344866730144373, "N_raw": 36, "N_roi": 36, "N_inlier": 35, "refit": true}
{"timestamp": "16:52:42.135121", "frame": 80, "mu": [-2.0566757006230123, 1.0368732529284714, 1.1709761323632295], "Sigma": [[0.004608253383598013, 0.004298767750539056, -0.0009525496725412093], [0.004298767750539056, 0.005645253907369806, -0.0016044795583087564], [-0.0009525496725412093, -0.0016044795583087567, 0.0005568795609829491]], "chi2_level": 0.99, "chi2_df": 3, "chi2_threshold": 11.344866730144373, "N_raw": 13, "N_roi": 13, "N_inlier": 12, "refit": true}
{"timestamp": "16:52:42.189613", "frame": 81, "mu": [-2.034684849291318, 0.950491142627075, 1.2117285024692004], "Sigma": [[0.005516670794948611, 0.007584653592074471, -0.002292408971692029], [0.00758465359207447, 0.012533796505452811, -0.004120610407846105], [-0.002292408971692029, -0.004120610407846105, 0.0014425779369156]], "chi2_level": 0.99, "chi2_df": 3, "chi2_threshold": 11.344866730144373, "N_raw": 17, "N_roi": 17, "N_inlier": 16, "refit": true}
{"timestamp": "16:52:42.247469", "frame": 82, "mu": [-2.032109949243088, 0.9529641540496866, 1.1351316467343675], "Sigma": [[0.0043692815110265015, 0.004713224604213368, -0.0009757554017571558], [0.004713224604213368, 0.007188289873690427, 0.0009350754513976357], [-0.0009757554017571558, 0.0009350754513976355, 0.028792876455854727]], "chi2_level": 0.99, "chi2_df": 3, "chi2_threshold": 11.344866730144373, "N_raw": 30, "N_roi": 30, "N_inlier": 30, "refit": true}
{"timestamp": "16:52:42.300444", "frame": 83, "mu": [-1.972054911359075, 0.8827782577003932, 1.0252625604965955], "Sigma": [[0.0036075048940981684, 0.0034509086089999606, -0.0017562372266112002], [0.0034509086089999615, 0.006356856933524308, -0.002183657855526776], [-0.0017562372266112002, -0.002183657855526776, 0.0015402222055732181]], "chi2_level": 0.99, "chi2_df": 3, "chi2_threshold": 11.344866730144373, "N_raw": 15, "N_roi": 15, "N_inlier": 15, "refit": true}
{"timestamp": "16:52:42.358130", "frame": 84, "mu": [-1.9740537399438494, 0.7913485062008475, 1.1535197541255786], "Sigma": [[0.006064512214090184, 0.006695224346104754, -0.0021434464507030576], [0.006695224346104754, 0.011004176740323755, -0.006460293497908641], [-0.0021434464507030576, -0.006460293497908642, 0.010247486470528365]], "chi2_level": 0.99, "chi2_df": 3, "chi2_threshold": 11.344866730144373, "N_raw": 37, "N_roi": 37, "N_inlier": 37, "refit": true}
{"timestamp": "16:52:42.415291", "frame": 85, "mu": [-2.0001277658926324, 0.7555503414487187, 1.0585594606764837], "Sigma": [[0.007972919327890146, 0.005793872500686262, -0.0016716808324082062], [0.005793872500686262, 0.007642504244789403, -0.006166034313349758], [-0.0016716808324082062, -0.006166034313349758, 0.013180519531484575]], "chi2_level": 0.99, "chi2_df": 3, "chi2_threshold": 11.344866730144373, "N_raw": 49, "N_roi": 49, "N_inlier": 49, "refit": true}
{"timestamp": "16:52:42.471525", "frame": 86, "mu": [-1.9484688752725878, 0.8379264214683714, -0.793137815807843], "Sigma": [[0.008504733985244402, 0.007818472382714055, -0.00048120983011573745], [0.007818472382714055, 0.012072982597838355, -0.00815639037198045], [-0.00048120983011573756, -0.00815639037198045, 0.0203399153171823]], "chi2_level": 0.99, "chi2_df": 3, "chi2_threshold": 11.344866730144373, "N_raw": 59, "N_roi": 59, "N_inlier": 57, "refit": true}
{"timestamp": "16:52:42.524890", "frame": 87, "mu": [-1.5317107070225766, 0.5941494620615208, 1.0299503003299701], "Sigma": [[1.4456799775645328, -0.03697459775502189, 0.0336624629268925], [-0.03697459775502189, 0.009488735691408335, -0.007040001486736787], [0.033662462926892504, -0.007040001486736787, 0.007902808042292167]], "chi2_level": 0.99, "chi2_df": 3, "chi2_threshold": 11.344866730144373, "N_raw": 43, "N_roi": 43, "N_inlier": 42, "refit": true}
{"timestamp": "16:52:42.576700", "frame": 88, "mu": [-1.8800290993434643, 0.6002169946642936, 0.9983424975768149], "Sigma": [[0.00609254108302253, 0.0051727094998674054, -0.0015564357580042391], [0.0051727094998674054, 0.006328422153122455, -0.002851908133468916], [-0.001556435758004239, -0.002851908133468916, 0.006309800486350884]], "chi2_level": 0.99, "chi2_df": 3, "chi2_threshold": 11.344866730144373, "N_raw": 25, "N_roi": 25, "N_inlier": 24, "refit": true}
{"timestamp": "16:52:42.634412", "frame": 89, "mu": [-1.183054577071706, 0.5516860832225392, 1.0673174731571708], "Sigma": [[2.2535145750636083, -0.06598741985973297, 0.050663365864179716], [-0.06598741985973297, 0.010294501509650772, -0.005186972866910603], [0.050663365864179716, -0.005186972866910604, 0.004580996387443893]], "chi2_level": 0.99, "chi2_df": 3, "chi2_threshold": 11.344866730144373, "N_raw": 42, "N_roi": 42, "N_inlier": 38, "refit": true}
{"timestamp": "16:52:42.687442", "frame": 90, "mu": [-1.1670817499693622, 0.5384150108428436, 1.088746949072457], "Sigma": [[2.1492708882724734, -0.03859705074013072, 0.023261763243343704], [-0.03859705074013072, 0.008977042795576717, -0.004656693912915996], [0.0232617632433437, -0.004656693912915995, 0.0031954251573922377]], "chi2_level": 0.99, "chi2_df": 3, "chi2_threshold": 11.344866730144373, "N_raw": 32, "N_roi": 32, "N_inlier": 32, "refit": true}
{"timestamp": "16:52:42.743760", "frame": 91, "mu": [-0.06081699413206258, 0.48048940248973765, 0.9038607822183182], "Sigma": [[3.6928192175516408, 0.03529246356171406, 0.015150399187720546], [0.03529246356171405, 0.00825851465551091, 0.00024972163565221473], [0.015150399187720542, 0.00024972163565221484, 0.005625080638065058]], "chi2_level": 0.99, "chi2_df": 3, "chi2_threshold": 11.344866730144373, "N_raw": 33, "N_roi": 33, "N_inlier": 33, "refit": true}
{"timestamp": "16:52:42.800733", "frame": 92, "mu": [-0.37107851818491566, 0.4706761138784059, 0.9434133116175827], "Sigma": [[3.3401329644809574, 0.015673550870930666, -0.05970695289089703], [0.01567355087093066, 0.00985278005393589, 0.0007451347206193523], [-0.05970695289089703, 0.0007451347206193525, 0.021849150436664987]], "chi2_level": 0.99, "chi2_df": 3, "chi2_threshold": 11.344866730144373, "N_raw": 50, "N_roi": 50, "N_inlier": 50, "refit": true}
{"timestamp": "16:52:42.854613", "frame": 93, "mu": [0.23789990855925897, 0.45299730262616944, 0.9535757187236732], "Sigma": [[3.2594724711876637, -0.022989556043189058, -0.04579714219318332], [-0.02298955604318906, 0.01184746064404855, 0.003676816095260359], [-0.04579714219318332, 0.003676816095260359, 0.026591463086278567]], "chi2_level": 0.99, "chi2_df": 3, "chi2_threshold": 11.344866730144373, "N_raw": 38, "N_roi": 38, "N_inlier": 38, "refit": true}
{"timestamp": "16:52:42.909002", "frame": 94, "mu": [-0.3498642313390592, 0.49307540679953465, 0.9551349589046301], "Sigma": [[3.3970315792148797, 0.0270540075730863, 0.03304066793563571], [0.027054007573086295, 0.008138073456226616, -0.0021457131574505062], [0.03304066793563571, -0.0021457131574505062, 0.003453640241353449]], "chi2_level": 0.99, "chi2_df": 3, "chi2_threshold": 11.344866730144373, "N_raw": 35, "N_roi": 35, "N_inlier": 35, "refit": true}
{"timestamp": "16:52:42.962646", "frame": 95, "mu": [0.10580458891680519, 0.4455077901248148, 0.8571428471920074], "Sigma": [[3.3160233857207335, 0.07566984728456241, -0.011514107357951005], [0.07566984728456241, 0.012336229253803744, -0.002940409035335343], [-0.011514107357951008, -0.002940409035335343, 0.0025220610568685822]], "chi2_level": 0.99, "chi2_df": 3, "chi2_threshold": 11.344866730144373, "N_raw": 26, "N_roi": 26, "N_inlier": 26, "refit": true}
{"timestamp": "16:52:43.015797", "frame": 96, "mu": [0.8320313097526777, 0.5208620658408827, 1.0474214757412001], "Sigma": [[2.055796263148461, 0.008496157158757378, -0.0029093076874784716], [0.008496157158757378, 0.003768860569959188, -2.2196763739657063e-05], [-0.0029093076874784733, -2.2196763739656738e-05, 0.004748736634224154]], "chi2_level": 0.99, "chi2_df": 3, "chi2_threshold": 11.344866730144373, "N_raw": 12, "N_roi": 12, "N_inlier": 12, "refit": true}
{"timestamp": "16:52:43.070978", "frame": 97, "mu": [1.1087541237465905, 0.5059164693764187, 0.8880539820137311], "Sigma": [[1.752087691936594, 0.08164557191878358, -0.0629876617456536], [0.08164557191878359, 0.021324661407839472, -0.0002446524372981644], [-0.06298766174565361, -0.00024465243729816484, 0.01444766329684235]], "chi2_level": 0.99, "chi2_df": 3, "chi2_threshold": 11.344866730144373, "N_raw": 14, "N_roi": 14, "N_inlier": 14, "refit": true}
{"timestamp": "16:52:43.125397", "frame": 98, "mu": [0.29908018409762965, 0.5241664630054225, 1.05738426368803], "Sigma": [[2.2316046245655285, 0.10953503379037216, 0.014021318967438561], [0.10953503379037216, 0.008851058597039435, -0.00041977201149061283], [0.014021318967438563, -0.00041977201149061305, 0.0014387114229313803]], "chi2_level": 0.99, "chi2_df": 3, "chi2_threshold": 11.344866730144373, "N_raw": 11, "N_roi": 11, "N_inlier": 11, "refit": true}
{"timestamp": "16:52:43.182640", "frame": 99, "mu": [0.4313533543693816, 0.4003691718687281, 1.0754811155328796], "Sigma": [[2.124258432501161, 0.08228538110559476, 0.00046455452894597887], [0.08228538110559476, 0.01467387935055801, -0.003890972326432793], [0.00046455452894598147, -0.0038909723264327926, 0.0038072035550486354]], "chi2_level": 0.99, "chi2_df": 3, "chi2_threshold": 11.344866730144373, "N_raw": 23, "N_roi": 23, "N_inlier": 22, "refit": true}
{"timestamp": "16:52:43.301930", "frame": 101, "mu": [0.5315544732950489, 0.5615417918756488, -0.9466847517838212], "Sigma": [[1.8925419954891631, 0.06066974663623985, -0.08763509554403086], [0.06066974663623985, 0.008496893026530424, -0.006764213807564185], [-0.08763509554403084, -0.006764213807564185, 0.012368378763000494]], "chi2_level": 0.99, "chi2_df": 3, "chi2_threshold": 11.344866730144373, "N_raw": 18, "N_roi": 18, "N_inlier": 18, "refit": true}
{"timestamp": "16:52:43.347538", "frame": 102, "mu": [-0.28825571838748804, 0.3690742969787508, 1.0714510774790083], "Sigma": [[2.072846934610353, 0.02365793666067272, -0.057277451159362607], [0.02365793666067271, 0.013715647270480648, 0.005106960116562403], [-0.057277451159362607, 0.005106960116562403, 0.008749097451520414]], "chi2_level": 0.99, "chi2_df": 3, "chi2_threshold": 11.344866730144373, "N_raw": 14, "N_roi": 14, "N_inlier": 14, "refit": true}
{"timestamp": "16:52:43.458084", "frame": 104, "mu": [-0.528258449380604, 0.3745842484720605, 1.151317258702518], "Sigma": [[1.5709746497660235, -0.03098346872926127, -0.10283357082391462], [-0.03098346872926127, 0.011487697059518817, 0.012875533013739778], [-0.10283357082391462, 0.012875533013739778, 0.02309701368528877]], "chi2_level": 0.99, "chi2_df": 3, "chi2_threshold": 11.344866730144373, "N_raw": 32, "N_roi": 32, "N_inlier": 32, "refit": true}
{"timestamp": "16:52:43.513044", "frame": 105, "mu": [-0.38961454638204407, 0.3789533666839582, 1.1744406926775974], "Sigma": [[1.5132365779473962, -0.09355098896585597, -0.27217548790664897], [-0.09355098896585597, 0.00833690000086975, 0.016359163404353075], [-0.27217548790664897, 0.016359163404353075, 0.05150191704526594]], "chi2_level": 0.99, "chi2_df": 3, "chi2_threshold": 11.344866730144373, "N_raw": 24, "N_roi": 24, "N_inlier": 23, "refit": true}
{"timestamp": "16:52:43.567234", "frame": 106, "mu": [-0.6241933139726761, 0.3013143452863837, 1.1660440170653001], "Sigma": [[1.3953123148362787, -0.011105244937606366, -0.002088785434406635], [-0.011105244937606364, 0.004513675755042464, 0.0012941557624797358], [-0.0020887854344066314, 0.0012941557624797358, 0.005522385862875789]], "chi2_level": 0.99, "chi2_df": 3, "chi2_threshold": 11.344866730144373, "N_raw": 26, "N_roi": 26, "N_inlier": 26, "refit": true}
{"timestamp": "16:52:43.624252", "frame": 107, "mu": [-0.23008931303676455, 0.2959000330903688, 1.2957547687172715], "Sigma": [[1.5099311702862483, 0.014866479746779848, 0.04577715032216541], [0.014866479746779852, 0.0035553214451254714, 0.0008359670560859455], [0.04577715032216541, 0.0008359670560859455, 0.005380502034422168]], "chi2_level": 0.99, "chi2_df": 3, "chi2_threshold": 11.344866730144373, "N_raw": 40, "N_roi": 40, "N_inlier": 39, "refit": true}
{"timestamp": "16:52:43.680502", "frame": 108, "mu": [-0.8647151884485507, 0.34472286524252427, 1.3505130551172122], "Sigma": [[0.7673347411770487, -0.018436461588604302, 0.024744685844861076], [-0.018436461588604305, 0.0050243001037923955, -0.0029485501076925652], [0.024744685844861076, -0.0029485501076925657, 0.003791091852383865]], "chi2_level": 0.99, "chi2_df": 3, "chi2_threshold": 11.344866730144373, "N_raw": 52, "N_roi": 52, "N_inlier": 50, "refit": true}
{"timestamp": "16:52:43.735089", "frame": 109, "mu": [-0.8948290252539217, 0.3470480573019775, 1.3563140197087162], "Sigma": [[0.6611132143886344, -0.016849109790826315, 0.031621796930436374], [-0.016849109790826315, 0.004037339467539516, -0.004027228944374494], [0.031621796930436374, -0.004027228944374494, 0.005393612698470154]], "chi2_level": 0.99, "chi2_df": 3, "chi2_threshold": 11.344866730144373, "N_raw": 48, "N_roi": 48, "N_inlier": 48, "refit": true}
{"timestamp": "16:52:43.791459", "frame": 110, "mu": [-1.150918683261315, 0.417809507102946, -0.5821485661131057], "Sigma": [[0.1195310509405915, -0.0038542607885940928, 0.006084534612567928], [-0.003854260788594093, 0.010882357305464484, -0.0007678470752418867], [0.006084534612567927, -0.0007678470752418867, 0.003659481073945126]], "chi2_level": 0.99, "chi2_df": 3, "chi2_threshold": 11.344866730144373, "N_raw": 58, "N_roi": 58, "N_inlier": 54, "refit": true}
{"timestamp": "16:52:43.846115", "frame": 111, "mu": [-1.1653031649445265, 0.48651918917800757, 1.4089044650295293], "Sigma": [[0.007262853550515669, -0.002912867526688013, -0.001662745361407248], [-0.002912867526688013, 0.007077217965743217, -0.0015738886395306614], [-0.001662745361407248, -0.001573888639530661, 0.003511109038603623]], "chi2_level": 0.99, "chi2_df": 3, "chi2_threshold": 11.344866730144373, "N_raw": 52, "N_roi": 52, "N_inlier": 52, "refit": true}
{"timestamp": "16:52:43.902329", "frame": 112, "mu": [-1.1656944735731838, 0.5935913388888234, 1.5576021584724073], "Sigma": [[0.007366453543070843, -0.0022941678097982412, -0.003881858952968422], [-0.0022941678097982417, 0.007831538906261494, -0.0026494606585694006], [-0.0038818589529684214, -0.0026494606585694006, 0.0059618740682410845]], "chi2_level": 0.99, "chi2_df": 3, "chi2_threshold": 11.344866730144373, "N_raw": 61, "N_roi": 61, "N_inlier": 61, "refit": true}
{"timestamp": "16:52:43.957686", "frame": 113, "mu": [-1.1636551884785375, 0.5515463406227267, 1.488901479843182], "Sigma": [[0.011554949667364965, -0.00233371022036694, -0.006300601548044467], [-0.002333710220366941, 0.008246962559999233, -0.0009323909067483524], [-0.006300601548044467, -0.0009323909067483524, 0.005013573636082681]], "chi2_level": 0.99, "chi2_df": 3, "chi2_threshold": 11.344866730144373, "N_raw": 66, "N_roi": 66, "N_inlier": 66, "refit": true}
{"timestamp": "16:52:44.013104", "frame": 114, "mu": [-1.1538169192526144, 0.6636028540713738, -0.413653235278949], "Sigma": [[0.007857254503266329, -0.0016702049760218608, -0.004403256045909645], [-0.0016702049760218608, 0.009900254352522004, 0.0011106866171489561], [-0.004403256045909645, 0.0011106866171489557, 0.0032927400450507823]], "chi2_level": 0.99, "chi2_df": 3, "chi2_threshold": 11.344866730144373, "N_raw": 60, "N_roi": 60, "N_inlier": 59, "refit": true}
{"timestamp": "16:52:44.069381", "frame": 115, "mu": [-1.1567012914924637, 0.6332154508248429, 1.4568149778344635], "Sigma": [[0.011564450022220457, 0.0019116547894725852, -0.008624641755046077], [0.0019116547894725852, 0.00875729512202349, -0.004580062432318602], [-0.008624641755046077, -0.004580062432318602, 0.010147525097821805]], "chi2_level": 0.99, "chi2_df": 3, "chi2_threshold": 11.344866730144373, "N_raw": 73, "N_roi": 73, "N_inlier": 70, "refit": true}
{"timestamp": "16:52:44.122868", "frame": 116, "mu": [-1.2123343067799026, 0.7880126091660249, 1.4782564476614264], "Sigma": [[0.008134165288272457, 0.0026937268151448444, -0.003810411805824338], [0.0026937268151448444, 0.0059010369821222266, -0.004490656888250931], [-0.003810411805824338, -0.004490656888250931, 0.006251617941843409]], "chi2_level": 0.99, "chi2_df": 3, "chi2_threshold": 11.344866730144373, "N_raw": 55, "N_roi": 55, "N_inlier": 53, "refit": true}
{"timestamp": "16:52:44.178827", "frame": 117, "mu": [-1.2261903851430396, 0.7649735693281359, 1.5558254373594833], "Sigma": [[0.008757638539036706, 0.0004998448521043901, -0.0037936627421735957], [0.0004998448521043904, 0.008706211483025113, -0.0035936803447811985], [-0.0037936627421735957, -0.0035936803447811985, 0.0056832232130867395]], "chi2_level": 0.99, "chi2_df": 3, "chi2_threshold": 11.344866730144373, "N_raw": 72, "N_roi": 72, "N_inlier": 71, "refit": true}
{"timestamp": "16:52:44.235849", "frame": 118, "mu": [-1.1769212050151687, 0.8341899547678847, 1.5761332062118294], "Sigma": [[0.015088184158922383, 0.0021104877438224414, -0.01241364055367811], [0.002110487743822442, 0.009937988237346504, -0.0015054460708009668], [-0.01241364055367811, -0.0015054460708009668, 0.014194428208541]], "chi2_level": 0.99, "chi2_df": 3, "chi2_threshold": 11.344866730144373, "N_raw": 85, "N_roi": 85, "N_inlier": 82, "refit": true}
{"timestamp": "16:52:44.286971", "frame": 119, "mu": [-1.1949969708416572, 0.8665042323036849, 1.5811284528758347], "Sigma": [[0.013671046899172751, 0.00482418941747478, -0.013372033213044088], [0.00482418941747478, 0.006121342479998064, -0.006912876369055502], [-0.013372033213044088, -0.006912876369055503, 0.017568854111832642]], "chi2_level": 0.99, "chi2_df": 3, "chi2_threshold": 11.344866730144373, "N_raw": 56, "N_roi": 56, "N_inlier": 54, "refit": true}
{"timestamp": "16:52:44.341835", "frame": 120, "mu": [-1.3160124192487468, 0.8968162364132819, 1.6530941718278718], "Sigma": [[0.014138137979747214, 0.005191213089019562, -0.015318015137783466], [0.005191213089019562, 0.0068386388383087, -0.009009118466043475], [-0.015318015137783468, -0.009009118466043475, 0.0395834648512498]], "chi2_level": 0.99, "chi2_df": 3, "chi2_threshold": 11.344866730144373, "N_raw": 51, "N_roi": 51, "N_inlier": 48, "refit": true}
{"timestamp": "16:52:44.398822", "frame": 121, "mu": [-1.262129100964372, 1.0195844737457103, 1.4249059098572814], "Sigma": [[0.028888227538272186, 0.01737598881636694, -0.08200245166182116], [0.017375988816366938, 0.015386073362109008, -0.05675642758429031], [-0.08200245166182116, -0.0567564275842903, 0.2913809106925915]], "chi2_level": 0.99, "chi2_df": 3, "chi2_threshold": 11.344866730144373, "N_raw": 70, "N_roi": 70, "N_inlier": 69, "refit": true}
{"timestamp": "16:52:44.453680", "frame": 122, "mu": [-1.3492627074257035, 0.9983187580839974, 1.75008558282681], "Sigma": [[0.016632656618917045, 0.007120942992414326, -0.009418972027282951], [0.007120942992414326, 0.00849976451616379, -0.006732912506452079], [-0.009418972027282951, -0.006732912506452079, 0.008380230620039628]], "chi2_level": 0.99, "chi2_df": 3, "chi2_threshold": 11.344866730144373, "N_raw": 66, "N_roi": 66, "N_inlier": 64, "refit": true}
{"timestamp": "16:52:44.508401", "frame": 123, "mu": [-1.3829840076199178, 1.0382819845284845, 0.06001064309913883], "Sigma": [[0.015729650867520283, 0.006967325180360348, -0.010634188026555545], [0.00696732518036035, 0.01112774225175094, -0.005480362189077262], [-0.010634188026555545, -0.005480362189077262, 0.008864412817786523]], "chi2_level": 0.99, "chi2_df": 3, "chi2_threshold": 11.344866730144373, "N_raw": 69, "N_roi": 69, "N_inlier": 64, "refit": true}
{"timestamp": "16:52:44.563193", "frame": 124, "mu": [-1.3390822381626617, 1.1054171637601744, 1.6959242446750922], "Sigma": [[0.0481018423972818, 0.01680607957290979, -0.05149542659888563], [0.01680607957290979, 0.010424838458289872, -0.01865176793734814], [-0.05149542659888563, -0.01865176793734814, 0.08766786466872867]], "chi2_level": 0.99, "chi2_df": 3, "chi2_threshold": 11.344866730144373, "N_raw": 59, "N_roi": 59, "N_inlier": 58, "refit": true}
