{"timestamp": "15:42:17.390202", "frame": 11, "mu": [-2.008010454497165, 4.96715769110371, 0.735644841241549], "Sigma": [[0.05015497297095581, -0.0024756313361217687, -0.02247507673244212], [-0.0024756313361217687, 0.000700465397881281, 0.0008391698562416873], [-0.022475076732442117, 0.0008391698562416875, 0.011137430834072051]], "chi2_level": 0.997, "chi2_df": 3, "chi2_threshold": 13.931422665512084, "N_raw": 22, "N_roi": 7, "N_inlier": 7, "refit": true}
{"timestamp": "15:42:17.445763", "frame": 12, "mu": [-1.7831840846407745, 4.924678878392905, 0.7880331775268639], "Sigma": [[0.026749119411806868, 0.002388773233298584, -0.01092758891181767], [0.002388773233298583, 0.0017060493752093977, -0.003787955282905343], [-0.010927588911817672, -0.003787955282905343, 0.016569217773130217]], "chi2_level": 0.997, "chi2_df": 3, "chi2_threshold": 13.931422665512084, "N_raw": 20, "N_roi": 17, "N_inlier": 17, "refit": true}
{"timestamp": "15:42:17.559354", "frame": 14, "mu": [-1.776190647890438, 4.9484965570397925, -0.009888561347736859], "Sigma": [[0.010419618472511933, 0.0013681245133669194, -0.0017531796707225917], [0.0013681245133669196, 0.0011736741930142638, -0.002461288140133284], [-0.0017531796707225917, -0.002461288140133284, 0.006876221152978094]], "chi2_level": 0.997, "chi2_df": 3, "chi2_threshold": 13.931422665512084, "N_raw": 44, "N_roi": 11, "N_inlier": 11, "refit": true}
{"timestamp": "15:42:17.612667", "frame": 15, "mu": [-1.7805562106669126, 4.946743862311839, 0.052759322651096584], "Sigma": [[0.009715970227229904, 0.0015472918820970284, -0.00672444792842113], [0.0015472918820970284, 0.0013256953539893754, -0.00144577117289901], [-0.00672444792842113, -0.00144577117289901, 0.006558219779986294]], "chi2_level": 0.997, "chi2_df": 3, "chi2_threshold": 13.931422665512084, "N_raw": 19, "N_roi": 11, "N_inlier": 11, "refit": true}
{"timestamp": "15:42:17.672097", "frame": 16, "mu": [-1.7574778863228575, 4.686606012854877, 0.4720454638822808], "Sigma": [[0.035262315520619876, 0.008475023546913547, 0.006138037140531863], [0.008475023546913546, 0.003106762717528525, -0.0029564637213023216], [0.006138037140531864, -0.0029564637213023216, 0.04462666650096959]], "chi2_level": 0.997, "chi2_df": 3, "chi2_threshold": 13.931422665512084, "N_raw": 56, "N_roi": 56, "N_inlier": 56, "refit": true}
{"timestamp": "15:42:17.723660", "frame": 17, "mu": [-1.7156477833275834, 4.663872220433638, 0.6269015152910736], "Sigma": [[0.023415593896222373, 0.0028064329477027455, -0.01068269303639571], [0.0028064329477027455, 0.001797438383040502, -0.002758052508241473], [-0.01068269303639571, -0.002758052508241473, 0.01066038648407848]], "chi2_level": 0.997, "chi2_df": 3, "chi2_threshold": 13.931422665512084, "N_raw": 26, "N_roi": 23, "N_inlier": 23, "refit": true}
{"timestamp": "15:42:17.778221", "frame": 18, "mu": [-1.9721190436170775, 4.623058028088093, 0.5587042100680685], "Sigma": [[0.029360782838132655, 0.001081814607521134, -0.0056033250702207365], [0.0010818146075211343, 0.0027125650878514884, -0.005421434241428759], [-0.0056033250702207365, -0.00542143424142876, 0.03970795790228031]], "chi2_level": 0.997, "chi2_df": 3, "chi2_threshold": 13.931422665512084, "N_raw": 27, "N_roi": 25, "N_inlier": 25, "refit": true}
{"timestamp": "15:42:17.832669", "frame": 19, "mu": [-1.9247131576072478, 4.762051783353144, -0.3061501505145621], "Sigma": [[0.020731144453880298, 0.0018066663558212015, -0.006900025060929183], [0.0018066663558212015, 0.00268275254893749, -0.003664460975320318], [-0.006900025060929184, -0.003664460975320318, 0.009702158092058828]], "chi2_level": 0.997, "chi2_df": 3, "chi2_threshold": 13.931422665512084, "N_raw": 22, "N_roi": 19, "N_inlier": 19, "refit": true}
{"timestamp": "15:42:17.890389", "frame": 20, "mu": [-1.7379048242493156, 4.447749124566132, 0.5790918121416481], "Sigma": [[0.03051016889893858, -0.0004632979197596159, -0.028937372130226523], [-0.00046329791975961574, 0.0008123937588280283, -0.00046704653163971976], [-0.028937372130226523, -0.00046704653163971997, 0.06187095070038505]], "chi2_level": 0.997, "chi2_df": 3, "chi2_threshold": 13.931422665512084, "N_raw": 39, "N_roi": 35, "N_inlier": 35, "refit": true}
{"timestamp": "15:42:17.940647", "frame": 21, "mu": [-1.9594471017599426, 4.367058502648417, 0.5864555524823913], "Sigma": [[0.009434500878771564, -6.769659108311963e-05, -0.010086867160225312], [-6.769659108311942e-05, 0.0026633288895545936, -0.014637486781135727], [-0.010086867160225312, -0.014637486781135725, 0.139138764016686]], "chi2_level": 0.997, "chi2_df": 3, "chi2_threshold": 13.931422665512084, "N_raw": 8, "N_roi": 7, "N_inlier": 7, "refit": true}
{"timestamp": "15:42:18.002369", "frame": 22, "mu": [-1.755117133594855, 4.305313687339732, 0.5762292241681715], "Sigma": [[0.0351428330275564, 0.004055260651769227, -0.02612383099386763], [0.004055260651769227, 0.005231816770374345, -0.0065402333554088485], [-0.026123830993867628, -0.0065402333554088485, 0.024638374972552318]], "chi2_level": 0.997, "chi2_df": 3, "chi2_threshold": 13.931422665512084, "N_raw": 57, "N_roi": 57, "N_inlier": 56, "refit": true}
{"timestamp": "15:42:18.052336", "frame": 23, "mu": [-1.8261934179806236, 4.166399158905869, 0.7752375808458131], "Sigma": [[0.011152507876506979, 0.0012216280684303705, -0.013021358737632549], [0.0012216280684303705, 0.0009722143047447073, -0.001533867116502636], [-0.013021358737632549, -0.0015338671165026358, 0.05308093030854009]], "chi2_level": 0.997, "chi2_df": 3, "chi2_threshold": 13.931422665512084, "N_raw": 21, "N_roi": 21, "N_inlier": 20, "refit": true}
{"timestamp": "15:42:18.112559", "frame": 24, "mu": [-1.7626311560146866, 4.102947568307287, 0.5404903335183854], "Sigma": [[0.03208241004823246, 0.0014548621279826081, -0.03010117271291446], [0.001454862127982608, 0.001574522262656612, -0.004602865573716249], [-0.03010117271291446, -0.004602865573716249, 0.059323412477924185]], "chi2_level": 0.997, "chi2_df": 3, "chi2_threshold": 13.931422665512084, "N_raw": 55, "N_roi": 55, "N_inlier": 55, "refit": true}
{"timestamp": "15:42:18.160846", "frame": 25, "mu": [-1.5478799648253616, 3.6034837729373765, 0.569694797638307], "Sigma": [[0.2795571636019132, -0.5748616863089311, 0.276577177198134], [-0.5748616863089311, 1.2382513182868868, -0.5795330317661777], [0.276577177198134, -0.5795330317661775, 0.27933268998171956]], "chi2_level": 0.997, "chi2_df": 3, "chi2_threshold": 13.931422665512084, "N_raw": 7, "N_roi": 7, "N_inlier": 7, "refit": true}
{"timestamp": "15:42:18.217347", "frame": 26, "mu": [-1.6668963472282887, 3.9183329906971442, 0.44151164311751107], "Sigma": [[0.022841913707455173, -0.0012931737577740563, -0.007338513077352353], [-0.0012931737577740563, 0.0012536311970137858, -0.0009893018221066006], [-0.007338513077352353, -0.0009893018221066006, 0.006861871050727862]], "chi2_level": 0.997, "chi2_df": 3, "chi2_threshold": 13.931422665512084, "N_raw": 20, "N_roi": 18, "N_inlier": 18, "refit": true}
{"timestamp": "15:42:18.271490", "frame": 27, "mu": [-1.6970807634568525, 3.830795031755537, 0.49789094124957867], "Sigma": [[0.02840799843886012, -0.0018331847076443336, -0.00701737709007978], [-0.0018331847076443334, 0.001110815140911778, -0.002732196619546504], [-0.00701737709007978, -0.002732196619546504, 0.02096890211637082]], "chi2_level": 0.997, "chi2_df": 3, "chi2_threshold": 13.931422665512084, "N_raw": 14, "N_roi": 14, "N_inlier": 14, "refit": true}
{"timestamp": "15:42:18.327222", "frame": 28, "mu": [-1.750247962658424, 3.757780835582488, 0.6239499319364806], "Sigma": [[0.020856086245760453, -0.0025083795359747176, -0.004042856575802929], [-0.0025083795359747176, 0.0013538782073143922, -0.001981590669467949], [-0.004042856575802928, -0.001981590669467949, 0.014175995871763136]], "chi2_level": 0.997, "chi2_df": 3, "chi2_threshold": 13.931422665512084, "N_raw": 20, "N_roi": 20, "N_inlier": 19, "refit": true}
{"timestamp": "15:42:18.380892", "frame": 29, "mu": [-1.6908679308795962, 3.6317661888323807, -0.5127504947119712], "Sigma": [[0.25931275416540706, -0.45815713143196096, 0.05234275483835331], [-0.45815713143196096, 0.8764910100535224, -0.13261122923326613], [0.05234275483835331, -0.13261122923326615, 0.14591672482305176]], "chi2_level": 0.997, "chi2_df": 3, "chi2_threshold": 13.931422665512084, "N_raw": 9, "N_roi": 9, "N_inlier": 9, "refit": true}
{"timestamp": "15:42:18.439146", "frame": 30, "mu": [-1.84158189235331, 3.587141969256689, 0.7196936065519934], "Sigma": [[0.022524070452883647, 0.003620366201237329, -0.0005333402583381317], [0.0036203662012373296, 0.0016155066881190546, -0.0012383742250032922], [-0.0005333402583381326, -0.0012383742250032922, 0.03305377733796733]], "chi2_level": 0.997, "chi2_df": 3, "chi2_threshold": 13.931422665512084, "N_raw": 37, "N_roi": 36, "N_inlier": 35, "refit": true}
{"timestamp": "15:42:18.499489", "frame": 31, "mu": [-1.8885274813419557, 3.5285685006876406, 0.8379204835034255], "Sigma": [[0.03524698947218691, 0.003228906238545759, -0.007946982938834318], [0.003228906238545758, 0.0033439771278920573, -0.0065820313027174955], [-0.00794698293883432, -0.0065820313027174955, 0.02312896564744954]], "chi2_level": 0.997, "chi2_df": 3, "chi2_threshold": 13.931422665512084, "N_raw": 70, "N_roi": 70, "N_inlier": 70, "refit": true}
{"timestamp": "15:42:18.554584", "frame": 32, "mu": [-1.8977965873563476, 3.3909937381316726, 0.6023070869007664], "Sigma": [[0.027051950023043315, 0.003858199809213951, 0.00239936804923769], [0.003858199809213951, 0.002428313816007669, 0.006435089624812946], [0.0023993680492376906, 0.006435089624812946, 0.0958697222148202]], "chi2_level": 0.997, "chi2_df": 3, "chi2_threshold": 13.931422665512084, "N_raw": 71, "N_roi": 69, "N_inlier": 69, "refit": true}
{"timestamp": "15:42:18.602608", "frame": 33, "mu": [-1.8037512142123864, 3.54412436523923, -0.36617325443109466], "Sigma": [[0.010078122983989296, 0.00044978717574689056, 0.005294372859533102], [0.0004497871757468905, 0.0019080474117390519, -0.00516896391250821], [0.005294372859533103, -0.00516896391250821, 0.026153188981363807]], "chi2_level": 0.997, "chi2_df": 3, "chi2_threshold": 13.931422665512084, "N_raw": 19, "N_roi": 19, "N_inlier": 18, "refit": true}
{"timestamp": "15:42:18.661999", "frame": 34, "mu": [-1.9636258199720418, 3.3683575991482884, -0.6750395449425598], "Sigma": [[0.01937744150171008, 0.013806085621887777, 0.03637895715819571], [0.013806085621887777, 0.02079929306019227, 0.03535608429262635], [0.03637895715819571, 0.03535608429262635, 0.12163697742639598]], "chi2_level": 0.997, "chi2_df": 3, "chi2_threshold": 13.931422665512084, "N_raw": 51, "N_roi": 51, "N_inlier": 51, "refit": true}
{"timestamp": "15:42:18.719894", "frame": 35, "mu": [-1.911240466435264, 3.11761927136004, 0.6268985691894712], "Sigma": [[0.027639579021389353, 0.007633362904530378, 0.0021758256702224185], [0.007633362904530378, 0.003040215966335297, 4.087125047076717e-05], [0.0021758256702224168, 4.0871250470767223e-05, 0.04612202059056204]], "chi2_level": 0.997, "chi2_df": 3, "chi2_threshold": 13.931422665512084, "N_raw": 66, "N_roi": 66, "N_inlier": 65, "refit": true}
{"timestamp": "15:42:18.771813", "frame": 36, "mu": [-1.7393400762758684, 3.310952734715808, -0.4543000981101678], "Sigma": [[0.019686013303437198, 0.005900295193968947, -0.008756723446798474], [0.005900295193968946, 0.007127369982700763, -0.007943876462276836], [-0.008756723446798474, -0.007943876462276836, 0.011236478358228037]], "chi2_level": 0.997, "chi2_df": 3, "chi2_threshold": 13.931422665512084, "N_raw": 51, "N_roi": 51, "N_inlier": 50, "refit": true}
{"timestamp": "15:42:18.826965", "frame": 37, "mu": [-1.9446082276897783, 2.972875829265833, 0.9370001263574789], "Sigma": [[0.017491430493352764, -0.0005422125096760385, -0.0025479378662468764], [-0.0005422125096760385, 0.001693785823054578, -0.005157191923082342], [-0.0025479378662468764, -0.005157191923082342, 0.024965283897460666]], "chi2_level": 0.997, "chi2_df": 3, "chi2_threshold": 13.931422665512084, "N_raw": 45, "N_roi": 45, "N_inlier": 43, "refit": true}
{"timestamp": "15:42:18.876803", "frame": 38, "mu": [-1.8380169490045521, 3.1427175153153972, -0.4736700666388], "Sigma": [[0.02598227305858838, 0.001766929678338215, -0.0035499334491877095], [0.001766929678338215, 0.007113078295216674, -0.0081277777173544], [-0.0035499334491877095, -0.0081277777173544, 0.010210572475946223]], "chi2_level": 0.997, "chi2_df": 3, "chi2_threshold": 13.931422665512084, "N_raw": 12, "N_roi": 12, "N_inlier": 12, "refit": true}
{"timestamp": "15:42:18.937438", "frame": 39, "mu": [-1.8378189595261634, 2.8526043672134014, 0.8672766548915354], "Sigma": [[0.016877692087926627, 0.004079751144552542, -0.017417503238806163], [0.004079751144552542, 0.003401604280762765, -0.010841457937074497], [-0.017417503238806163, -0.010841457937074497, 0.043014405304330455]], "chi2_level": 0.997, "chi2_df": 3, "chi2_threshold": 13.931422665512084, "N_raw": 58, "N_roi": 56, "N_inlier": 55, "refit": true}
{"timestamp": "15:42:18.990906", "frame": 40, "mu": [-1.929522738936602, 2.736670437792507, 0.952428911837808], "Sigma": [[0.017451648194668924, 0.00327633829921086, -0.0031191139297794355], [0.0032763382992108594, 0.0021779782678524873, -0.005227404026957825], [-0.0031191139297794355, -0.0052274040269578255, 0.02013578647266923]], "chi2_level": 0.997, "chi2_df": 3, "chi2_threshold": 13.931422665512084, "N_raw": 44, "N_roi": 44, "N_inlier": 44, "refit": true}
{"timestamp": "15:42:19.050462", "frame": 41, "mu": [-1.9705975274969116, 2.6353822230830506, 1.0247858117132846], "Sigma": [[0.01778308648319467, 0.004838643168133185, -0.0005502190467844334], [0.004838643168133185, 0.006257835666563919, -0.009535495907170656], [-0.0005502190467844329, -0.009535495907170656, 0.023523648004898028]], "chi2_level": 0.997, "chi2_df": 3, "chi2_threshold": 13.931422665512084, "N_raw": 73, "N_roi": 72, "N_inlier": 71, "refit": true}
{"timestamp": "15:42:19.098499", "frame": 42, "mu": [-1.919378703947477, 2.729715215318534, -0.4628648882178725], "Sigma": [[0.01189050599323146, 0.00469549332649676, -0.009469010652307444], [0.00469549332649676, 0.006926629455955724, -0.013333397168724573], [-0.009469010652307444, -0.013333397168724573, 0.033841154232568824]], "chi2_level": 0.997, "chi2_df": 3, "chi2_threshold": 13.931422665512084, "N_raw": 30, "N_roi": 30, "N_inlier": 29, "refit": true}
{"timestamp": "15:42:19.153638", "frame": 43, "mu": [-1.9792804189615165, 2.3726472453074785, 1.10988259222361], "Sigma": [[0.015148324537205235, 8.470632096093701e-05, 0.015953353762540336], [8.470632096093712e-05, 0.0026545844235515894, -0.006421427842888622], [0.015953353762540336, -0.006421427842888622, 0.048421944762664614]], "chi2_level": 0.997, "chi2_df": 3, "chi2_threshold": 13.931422665512084, "N_raw": 23, "N_roi": 23, "N_inlier": 22, "refit": true}
{"timestamp": "15:42:19.206212", "frame": 44, "mu": [-2.0005215034678097, 2.541691251944469, -0.38597136365690776], "Sigma": [[0.017237926932267, -0.0044551864042244645, 0.024292335314434553], [-0.004455186404224464, 0.0040714097273328595, -0.010668870228962752], [0.024292335314434553, -0.010668870228962752, 0.04468955940479501]], "chi2_level": 0.997, "chi2_df": 3, "chi2_threshold": 13.931422665512084, "N_raw": 8, "N_roi": 8, "N_inlier": 8, "refit": true}
{"timestamp": "15:42:19.264923", "frame": 45, "mu": [-1.9171216754810223, 2.3005671382098405, 1.2007094076305054], "Sigma": [[0.011225085162970818, 0.003979373696897547, -0.007567942162912199], [0.003979373696897547, 0.006680114869060664, -0.005706138164970058], [-0.007567942162912199, -0.005706138164970058, 0.009416270675088727]], "chi2_level": 0.997, "chi2_df": 3, "chi2_threshold": 13.931422665512084, "N_raw": 42, "N_roi": 40, "N_inlier": 38, "refit": true}
{"timestamp": "15:42:19.319644", "frame": 46, "mu": [-1.9668530954067542, 2.1421052007122623, 1.0539186419938675], "Sigma": [[0.017425751514763055, 0.011095021927595539, -0.008201018205470496], [0.011095021927595539, 0.015073188743940145, -0.022111593153137373], [-0.008201018205470494, -0.022111593153137377, 0.04850239366972947]], "chi2_level": 0.997, "chi2_df": 3, "chi2_threshold": 13.931422665512084, "N_raw": 31, "N_roi": 31, "N_inlier": 30, "refit": true}
{"timestamp": "15:42:19.382500", "frame": 47, "mu": [-2.153645620378236, 1.9599723062189651, 1.166802947390498], "Sigma": [[0.03321721657743244, 0.024191681162816565, -0.03009233324199654], [0.024191681162816565, 0.025703016993670974, -0.04470085034684273], [-0.03009233324199654, -0.04470085034684273, 0.15005599583111626]], "chi2_level": 0.997, "chi2_df": 3, "chi2_threshold": 13.931422665512084, "N_raw": 90, "N_roi": 85, "N_inlier": 85, "refit": true}
{"timestamp": "15:42:19.436995", "frame": 48, "mu": [-2.096819931705201, 2.0612583285731825, -0.3892144162762989], "Sigma": [[0.032787923363340035, 0.03742023923798404, -0.030440408813789087], [0.03742023923798404, 0.06727054282127178, -0.07868019248022617], [-0.030440408813789087, -0.07868019248022617, 0.13192937400032578]], "chi2_level": 0.997, "chi2_df": 3, "chi2_threshold": 13.931422665512084, "N_raw": 84, "N_roi": 82, "N_inlier": 82, "refit": true}
{"timestamp": "15:42:19.489805", "frame": 49, "mu": [-2.1828206451411045, 1.7255078562441606, 1.1809082528637824], "Sigma": [[0.02511328464773143, 0.018160430899115298, -0.02400955302852064], [0.018160430899115298, 0.02455106764391985, -0.05326377807237946], [-0.02400955302852064, -0.05326377807237946, 0.17817216516266654]], "chi2_level": 0.997, "chi2_df": 3, "chi2_threshold": 13.931422665512084, "N_raw": 69, "N_roi": 69, "N_inlier": 69, "refit": true}
{"timestamp": "15:42:19.539767", "frame": 50, "mu": [-2.1127695346501882, 1.7497878333871064, -0.18594303476021679], "Sigma": [[0.015417353324948702, 0.016881884845615792, -0.0089097437795712], [0.016881884845615792, 0.03576534675711693, -0.017959047280405878], [-0.0089097437795712, -0.01795904728040588, 0.013663444910384152]], "chi2_level": 0.997, "chi2_df": 3, "chi2_threshold": 13.931422665512084, "N_raw": 37, "N_roi": 37, "N_inlier": 36, "refit": true}
{"timestamp": "15:42:19.599644", "frame": 51, "mu": [-1.9769159113711348, 1.755918948279665, 1.1978152722906357], "Sigma": [[0.026499142841217592, 0.01690598111705759, -0.024011013360993903], [0.01690598111705759, 0.014923801821241737, -0.018569111217647642], [-0.024011013360993903, -0.018569111217647642, 0.026054856992810155]], "chi2_level": 0.997, "chi2_df": 3, "chi2_threshold": 13.931422665512084, "N_raw": 69, "N_roi": 69, "N_inlier": 67, "refit": true}
{"timestamp": "15:42:19.653780", "frame": 52, "mu": [-2.1129073085894015, 1.5299442087866186, 1.2955736094570782], "Sigma": [[0.01897978566571982, 0.011206768811346607, -0.013031868946576295], [0.011206768811346607, 0.01372153953873048, -0.01356597311103806], [-0.013031868946576295, -0.013565973111038061, 0.05616113440840351]], "chi2_level": 0.997, "chi2_df": 3, "chi2_threshold": 13.931422665512084, "N_raw": 60, "N_roi": 60, "N_inlier": 58, "refit": true}
{"timestamp": "15:42:19.706089", "frame": 53, "mu": [-2.0426433741810053, 1.644214345982646, -0.4621125090794651], "Sigma": [[0.018319549021639063, 0.012035849357296322, 0.00609417489077122], [0.012035849357296324, 0.017664022041475685, -0.013368418035696654], [0.00609417489077122, -0.013368418035696654, 0.05726205130619188]], "chi2_level": 0.997, "chi2_df": 3, "chi2_threshold": 13.931422665512084, "N_raw": 41, "N_roi": 41, "N_inlier": 41, "refit": true}
{"timestamp": "15:42:19.766489", "frame": 54, "mu": [-2.047052841532399, 1.3761805329340737, 1.1095068252281008], "Sigma": [[0.013624993199733626, 0.008689679205825454, 0.004725483331025425], [0.008689679205825454, 0.01149214358364751, -0.011035867438588542], [0.004725483331025425, -0.011035867438588542, 0.043085263457034124]], "chi2_level": 0.997, "chi2_df": 3, "chi2_threshold": 13.931422665512084, "N_raw": 82, "N_roi": 82, "N_inlier": 82, "refit": true}
{"timestamp": "15:42:19.820908", "frame": 55, "mu": [-1.9894001424108312, 1.300457058933278, 1.0684904259822536], "Sigma": [[0.010187285401340614, 0.007368877357608391, 0.0031492791401835276], [0.00736887735760839, 0.01082405962415295, -0.01080996947984454], [0.0031492791401835276, -0.010809969479844542, 0.0383921069387501]], "chi2_level": 0.997, "chi2_df": 3, "chi2_threshold": 13.931422665512084, "N_raw": 75, "N_roi": 75, "N_inlier": 75, "refit": true}
{"timestamp": "15:42:19.874042", "frame": 56, "mu": [-1.9426153669862425, 1.2431841231753167, 1.2627465958594], "Sigma": [[0.009635010949061858, 0.005173240033728289, 0.0014633849321494155], [0.005173240033728289, 0.009493620754453194, -0.011459185878954128], [0.0014633849321494155, -0.01145918587895413, 0.03544735254459573]], "chi2_level": 0.997, "chi2_df": 3, "chi2_threshold": 13.931422665512084, "N_raw": 61, "N_roi": 61, "N_inlier": 59, "refit": true}
{"timestamp": "15:42:19.929397", "frame": 57, "mu": [-1.8803436562853486, 1.3500047663539803, -0.3646342557120602], "Sigma": [[0.007943928988216248, 0.004270812829631198, 0.0017052468511652623], [0.004270812829631198, 0.01695830919884677, -0.007745529840897668], [0.001705246851165262, -0.007745529840897668, 0.007422422285515315]], "chi2_level": 0.997, "chi2_df": 3, "chi2_threshold": 13.931422665512084, "N_raw": 61, "N_roi": 61, "N_inlier": 61, "refit": true}
{"timestamp": "15:42:19.988670", "frame": 58, "mu": [-1.8919781366061592, 1.173768196469759, -0.292416677998175], "Sigma": [[0.01130393855307152, 0.00503953646188413, 0.018390164570428788], [0.00503953646188413, 0.010073554249913472, 0.042122574246288166], [0.018390164570428788, 0.042122574246288166, 0.5725221998639526]], "chi2_level": 0.997, "chi2_df": 3, "chi2_threshold": 13.931422665512084, "N_raw": 93, "N_roi": 93, "N_inlier": 93, "refit": true}
{"timestamp": "15:42:20.046964", "frame": 59, "mu": [-1.8601243365557825, 1.303845815855598, -0.5429598111711927], "Sigma": [[0.013392351849428741, 0.00364018685604964, 0.010409865287906404], [0.0036401868560496393, 0.01780288012299809, -0.018614620680926255], [0.010409865287906404, -0.018614620680926255, 0.043050745071736576]], "chi2_level": 0.997, "chi2_df": 3, "chi2_threshold": 13.931422665512084, "N_raw": 111, "N_roi": 111, "N_inlier": 111, "refit": true}
{"timestamp": "15:42:20.099050", "frame": 60, "mu": [-1.833485270219252, 1.0271163157054866, 1.2167676426620175], "Sigma": [[0.014404504711275816, 0.008704285087681764, 0.009668270474121516], [0.008704285087681764, 0.013736900363907532, -0.004133531526986247], [0.009668270474121516, -0.004133531526986247, 0.025284621150432226]], "chi2_level": 0.997, "chi2_df": 3, "chi2_threshold": 13.931422665512084, "N_raw": 93, "N_roi": 93, "N_inlier": 92, "refit": true}
{"timestamp": "15:42:20.156479", "frame": 61, "mu": [-1.8143278368799556, 0.9673969661809332, 1.1420081711917287], "Sigma": [[0.015789313722689026, 0.011212982130708243, 0.017880346472481413], [0.011212982130708243, 0.015875125259386322, 0.007341205461704772], [0.017880346472481413, 0.007341205461704772, 0.05233601677029555]], "chi2_level": 0.997, "chi2_df": 3, "chi2_threshold": 13.931422665512084, "N_raw": 103, "N_roi": 103, "N_inlier": 102, "refit": true}
{"timestamp": "15:42:20.209560", "frame": 62, "mu": [-1.6684550858911793, 1.0306447578308415, 1.156495970533974], "Sigma": [[0.01222721953818348, 0.01077141811162582, 0.0010536205863877683], [0.010771418111625818, 0.01584675070639815, -0.009413805584411862], [0.001053620586387768, -0.00941380558441186, 0.02652262087989515]], "chi2_level": 0.997, "chi2_df": 3, "chi2_threshold": 13.931422665512084, "N_raw": 98, "N_roi": 98, "N_inlier": 98, "refit": true}
{"timestamp": "15:42:20.261447", "frame": 63, "mu": [-1.663018836455117, 0.9334272933492457, 1.2378366034790222], "Sigma": [[0.00847151590244786, 0.005118094686497699, 0.004415226998315225], [0.005118094686497699, 0.006955480286541743, -0.004243867037577089], [0.004415226998315225, -0.004243867037577089, 0.031787749022295704]], "chi2_level": 0.997, "chi2_df": 3, "chi2_threshold": 13.931422665512084, "N_raw": 68, "N_roi": 68, "N_inlier": 65, "refit": true}
{"timestamp": "15:42:20.320924", "frame": 64, "mu": [-1.611163739052565, 0.9604135689382282, 1.1803888324830534], "Sigma": [[0.014279602184473179, 0.010406540004504375, 0.0019616098400156634], [0.010406540004504375, 0.01569146393720937, -0.005149950132127484], [0.0019616098400156634, -0.005149950132127484, 0.03201897034209261]], "chi2_level": 0.997, "chi2_df": 3, "chi2_threshold": 13.931422665512084, "N_raw": 115, "N_roi": 115, "N_inlier": 111, "refit": true}
{"timestamp": "15:42:20.378332", "frame": 65, "mu": [-1.6207124868747147, 1.0257329052484185, -0.6060828005346411], "Sigma": [[0.021135407980330777, 0.01501958672636686, 0.006658568323830088], [0.01501958672636686, 0.024495860836040013, -0.0041993921288242175], [0.006658568323830087, -0.0041993921288242175, 0.019236915416812966]], "chi2_level": 0.997, "chi2_df": 3, "chi2_threshold": 13.931422665512084, "N_raw": 122, "N_roi": 122, "N_inlier": 121, "refit": true}
{"timestamp": "15:42:20.431584", "frame": 66, "mu": [-1.5261173303096365, 1.0395667987344206, -0.5724827552027134], "Sigma": [[0.010514976437553955, 0.008574851917354243, 0.010153131155020955], [0.008574851917354243, 0.04257262956668595, 0.006175509552988788], [0.010153131155020955, 0.006175509552988788, 0.022108154639795163]], "chi2_level": 0.997, "chi2_df": 3, "chi2_threshold": 13.931422665512084, "N_raw": 106, "N_roi": 106, "N_inlier": 105, "refit": true}
{"timestamp": "15:42:20.483851", "frame": 67, "mu": [-1.5175192344223825, 0.9552617788173259, -0.5876689342448512], "Sigma": [[0.010420459095737461, 0.00989961254069777, 0.011235235274249026], [0.00989961254069777, 0.028938436368128317, 0.00836661896129563], [0.011235235274249026, 0.00836661896129563, 0.02282469081157208]], "chi2_level": 0.997, "chi2_df": 3, "chi2_threshold": 13.931422665512084, "N_raw": 87, "N_roi": 87, "N_inlier": 84, "refit": true}
{"timestamp": "15:42:20.540994", "frame": 68, "mu": [-1.4654065595957422, 1.0530900832355596, -0.43037823722474217], "Sigma": [[0.01544076258650022, 0.005634230692398261, 0.007973023522336581], [0.005634230692398262, 0.014644301575567543, -0.004492499353746641], [0.007973023522336581, -0.00449249935374664, 0.012555156723323503]], "chi2_level": 0.997, "chi2_df": 3, "chi2_threshold": 13.931422665512084, "N_raw": 103, "N_roi": 103, "N_inlier": 102, "refit": true}
{"timestamp": "15:42:20.592554", "frame": 69, "mu": [-1.4241480717643087, 0.8622510513006687, 1.3158343902221408], "Sigma": [[0.010557381609984042, 0.008765241570294444, 0.006460944098298643], [0.008765241570294444, 0.011877401935292848, 0.0013934586474593283], [0.006460944098298643, 0.0013934586474593285, 0.0283818849254811]], "chi2_level": 0.997, "chi2_df": 3, "chi2_threshold": 13.931422665512084, "N_raw": 80, "N_roi": 80, "N_inlier": 79, "refit": true}
{"timestamp": "15:42:20.646012", "frame": 70, "mu": [-1.3937289725391657, 0.9455668210718013, -0.43927878478884874], "Sigma": [[0.011355333804633567, 0.011242905044228212, 0.014703461489575758], [0.01124290504422821, 0.027758523297107013, 0.020681213122045405], [0.014703461489575758, 0.020681213122045405, 0.02851168097757075]], "chi2_level": 0.997, "chi2_df": 3, "chi2_threshold": 13.931422665512084, "N_raw": 70, "N_roi": 70, "N_inlier": 69, "refit": true}
{"timestamp": "15:42:20.703767", "frame": 71, "mu": [-1.3315518261276613, 0.8876319767166001, 1.4161019147859786], "Sigma": [[0.017150697730927485, 0.01156615948735469, -0.0029243963017662362], [0.011566159487354689, 0.015199359676314339, -0.0010770952324471595], [-0.0029243963017662367, -0.0010770952324471595, 0.024949722905981186]], "chi2_level": 0.997, "chi2_df": 3, "chi2_threshold": 13.931422665512084, "N_raw": 87, "N_roi": 87, "N_inlier": 84, "refit": true}
{"timestamp": "15:42:20.757168", "frame": 72, "mu": [-1.3207967226488933, 0.959511233552748, 1.5625681993678966], "Sigma": [[0.015105768111421438, 0.008169878153329249, -0.0012250308635444393], [0.008169878153329249, 0.009288235890635252, -0.004304072871834963], [-0.0012250308635444393, -0.004304072871834963, 0.008037702135717688]], "chi2_level": 0.997, "chi2_df": 3, "chi2_threshold": 13.931422665512084, "N_raw": 79, "N_roi": 79, "N_inlier": 78, "refit": true}
{"timestamp": "15:42:20.811235", "frame": 73, "mu": [-1.3210830755617124, 0.9201515229997176, 1.4928613535649196], "Sigma": [[0.016057826800038564, 0.01087897632626181, 0.0023755247712016992], [0.010878976326261808, 0.010458850163309686, -0.0021628796252874706], [0.002375524771201699, -0.0021628796252874706, 0.012173567171838718]], "chi2_level": 0.997, "chi2_df": 3, "chi2_threshold": 13.931422665512084, "N_raw": 80, "N_roi": 80, "N_inlier": 78, "refit": true}
{"timestamp": "15:42:20.861900", "frame": 74, "mu": [-1.2388148375371588, 1.04927750906808, -0.2078628400474166], "Sigma": [[0.01985974345033377, 0.010447465327152582, -0.01707992367254789], [0.010447465327152582, 0.009139730904984237, -0.012586577358774312], [-0.01707992367254789, -0.012586577358774312, 0.033105413859601814]], "chi2_level": 0.997, "chi2_df": 3, "chi2_threshold": 13.931422665512084, "N_raw": 40, "N_roi": 40, "N_inlier": 39, "refit": true}
{"timestamp": "15:42:20.923616", "frame": 75, "mu": [-1.242219243702123, 0.9940755297468902, 1.6100713973315133], "Sigma": [[0.02101331599610327, 0.011929950463846132, -0.005803408984822212], [0.011929950463846132, 0.010249028157315602, -0.007347015306175921], [-0.005803408984822212, -0.0073470153061759216, 0.009533030891466003]], "chi2_level": 0.997, "chi2_df": 3, "chi2_threshold": 13.931422665512084, "N_raw": 91, "N_roi": 91, "N_inlier": 86, "refit": true}
{"timestamp": "15:42:20.979533", "frame": 76, "mu": [-1.2315613731679658, 1.0565423431513115, -0.13081340452609339], "Sigma": [[0.025141936351753734, 0.012313566641054877, -0.01049763612518915], [0.012313566641054877, 0.013171073656245107, -0.0039276761934242755], [-0.010497636125189148, -0.0039276761934242755, 0.005725286148171708]], "chi2_level": 0.997, "chi2_df": 3, "chi2_threshold": 13.931422665512084, "N_raw": 96, "N_roi": 96, "N_inlier": 94, "refit": true}
{"timestamp": "15:42:21.027254", "frame": 77, "mu": [-1.1426964703699198, 1.1543902215566957, -0.08288527139253374], "Sigma": [[0.025260589480792288, 0.016925653946161356, -0.0035664557717449263], [0.01692565394616136, 0.015119585077123928, -0.005128330250893738], [-0.0035664557717449263, -0.0051283302508937385, 0.0029520847370900632]], "chi2_level": 0.997, "chi2_df": 3, "chi2_threshold": 13.931422665512084, "N_raw": 44, "N_roi": 44, "N_inlier": 42, "refit": true}
{"timestamp": "15:42:21.082198", "frame": 78, "mu": [-1.0657786408024978, 1.073522726285038, 1.6332029790383438], "Sigma": [[0.03562546774733491, 0.013427061997301051, -0.031720377768526], [0.013427061997301053, 0.011897784954781792, -0.011691786325467692], [-0.031720377768526, -0.01169178632546769, 0.03152921872722721]], "chi2_level": 0.997, "chi2_df": 3, "chi2_threshold": 13.931422665512084, "N_raw": 53, "N_roi": 53, "N_inlier": 51, "refit": true}
{"timestamp": "15:42:21.136801", "frame": 79, "mu": [-0.9031876801787578, 1.192924899236707, 1.5033574200148472], "Sigma": [[0.005219425019378789, -0.0016785899794203411, -0.00875219091611669], [-0.0016785899794203411, 0.0077253453187773845, 0.008888196344316989], [-0.00875219091611669, 0.008888196344316989, 0.032294433632869914]], "chi2_level": 0.997, "chi2_df": 3, "chi2_threshold": 13.931422665512084, "N_raw": 49, "N_roi": 49, "N_inlier": 45, "refit": true}
{"timestamp": "15:42:21.192003", "frame": 80, "mu": [-0.9104771830678433, 1.139365614775886, 1.3922287407115415], "Sigma": [[0.01989846253071797, 0.0073459175287737015, -0.007986099080519667], [0.0073459175287737015, 0.007281802494966871, -0.0030362096683837795], [-0.007986099080519667, -0.0030362096683837795, 0.00410648430949868]], "chi2_level": 0.997, "chi2_df": 3, "chi2_threshold": 13.931422665512084, "N_raw": 53, "N_roi": 53, "N_inlier": 50, "refit": true}
{"timestamp": "15:42:21.244512", "frame": 81, "mu": [-0.9320056741048117, 1.3325255972658065, 1.6073081651289054], "Sigma": [[0.003538795010289599, 0.000723788350701924, -0.0027088825273578077], [0.0007237883507019243, 0.004050550761786444, -0.0016409820573925781], [-0.0027088825273578077, -0.0016409820573925781, 0.0033597245208199225]], "chi2_level": 0.997, "chi2_df": 3, "chi2_threshold": 13.931422665512084, "N_raw": 30, "N_roi": 30, "N_inlier": 26, "refit": true}
{"timestamp": "15:42:21.305026", "frame": 82, "mu": [-0.8816339041005226, 1.3655286546473555, 1.4161457000170046], "Sigma": [[0.006607617895865187, -0.0034960546560516602, -0.0027664665613669017], [-0.0034960546560516602, 0.007354228636526432, -0.0011067893358792454], [-0.0027664665613669013, -0.0011067893358792454, 0.007428797337536551]], "chi2_level": 0.997, "chi2_df": 3, "chi2_threshold": 13.931422665512084, "N_raw": 69, "N_roi": 69, "N_inlier": 67, "refit": true}
{"timestamp": "15:42:21.356224", "frame": 83, "mu": [-0.7898051048556108, 1.4379768484810602, 1.4621437149890901], "Sigma": [[0.0037156792526374218, -0.0015491584560067672, -0.0004326920473568492], [-0.0015491584560067674, 0.006234857821705487, 0.005510599861190241], [-0.0004326920473568493, 0.005510599861190241, 0.023080691315250736]], "chi2_level": 0.997, "chi2_df": 3, "chi2_threshold": 13.931422665512084, "N_raw": 40, "N_roi": 40, "N_inlier": 37, "refit": true}
{"timestamp": "15:42:21.416614", "frame": 84, "mu": [-0.8191860332296513, 1.4907037932643117, 1.3011581855211072], "Sigma": [[0.007553098957172572, -0.0028366875588650233, -0.005728559520828483], [-0.0028366875588650233, 0.011046356442129786, 0.026041926570287324], [-0.005728559520828484, 0.026041926570287324, 0.12382057779360497]], "chi2_level": 0.997, "chi2_df": 3, "chi2_threshold": 13.931422665512084, "N_raw": 85, "N_roi": 85, "N_inlier": 85, "refit": true}
{"timestamp": "15:42:21.474339", "frame": 85, "mu": [-0.8089268465559203, 1.5386422594374092, 1.279063583623532], "Sigma": [[0.008133081200308869, -0.0033059633898699856, -0.005461569542071875], [-0.0033059633898699856, 0.012790242105121174, 0.02242743112023625], [-0.005461569542071875, 0.02242743112023625, 0.11184568758486343]], "chi2_level": 0.997, "chi2_df": 3, "chi2_threshold": 13.931422665512084, "N_raw": 96, "N_roi": 96, "N_inlier": 96, "refit": true}
{"timestamp": "15:42:21.530058", "frame": 86, "mu": [-0.7712732297810171, 1.7704518682083286, -0.6177390408283822], "Sigma": [[0.008759685563133262, -0.0036665425984368704, -0.0030080671764260666], [-0.003666542598436871, 0.011573697097487769, -0.03199023865586559], [-0.0030080671764260666, -0.03199023865586559, 0.26145314945989173]], "chi2_level": 0.997, "chi2_df": 3, "chi2_threshold": 13.931422665512084, "N_raw": 93, "N_roi": 93, "N_inlier": 93, "refit": true}
{"timestamp": "15:42:21.578102", "frame": 87, "mu": [-0.8203988819141451, 1.7398774914667199, 1.24286364599765], "Sigma": [[0.005638573025782123, -0.003240511309037848, -0.01580373802439435], [-0.003240511309037848, 0.01037312875690198, 0.04553807708850202], [-0.01580373802439435, 0.04553807708850202, 0.2750673007630894]], "chi2_level": 0.997, "chi2_df": 3, "chi2_threshold": 13.931422665512084, "N_raw": 46, "N_roi": 46, "N_inlier": 44, "refit": true}
{"timestamp": "15:42:21.638846", "frame": 88, "mu": [-0.8239106911296807, 1.7980214397359313, -0.07326424459420766], "Sigma": [[0.010065935227020885, -0.0009520241220919617, 0.023999020703166882], [-0.0009520241220919615, 0.011001518898564955, 0.0013502472344586948], [0.023999020703166882, 0.0013502472344586944, 0.16804392826317902]], "chi2_level": 0.997, "chi2_df": 3, "chi2_threshold": 13.931422665512084, "N_raw": 97, "N_roi": 97, "N_inlier": 94, "refit": true}
{"timestamp": "15:42:21.688530", "frame": 89, "mu": [-0.75529758403914, 1.807064325796208, 1.424312148551206], "Sigma": [[0.026069550743446822, -0.013334372409161306, -0.024120409278145776], [-0.013334372409161306, 0.015117003159745282, 0.01868631192644873], [-0.024120409278145776, 0.01868631192644873, 0.06518454244994411]], "chi2_level": 0.997, "chi2_df": 3, "chi2_threshold": 13.931422665512084, "N_raw": 54, "N_roi": 54, "N_inlier": 51, "refit": true}
{"timestamp": "15:42:21.747494", "frame": 90, "mu": [-0.7720965653860355, 1.8802996158936165, 1.3646195455284893], "Sigma": [[0.009199180036894504, -0.0012456682321900464, -0.004736659120557857], [-0.0012456682321900462, 0.0057288971497606615, -0.003271349082695451], [-0.004736659120557858, -0.0032713490826954505, 0.021292226192741327]], "chi2_level": 0.997, "chi2_df": 3, "chi2_threshold": 13.931422665512084, "N_raw": 83, "N_roi": 83, "N_inlier": 80, "refit": true}
{"timestamp": "15:42:21.803723", "frame": 91, "mu": [-0.8034839082811419, 2.0356773184168007, -0.15294627657445817], "Sigma": [[0.012397184719988285, 0.0005205661938618965, 0.009754753577339632], [0.0005205661938618962, 0.007466114876304456, 0.008126851890912173], [0.009754753577339632, 0.008126851890912173, 0.038646631299952904]], "chi2_level": 0.997, "chi2_df": 3, "chi2_threshold": 13.931422665512084, "N_raw": 74, "N_roi": 74, "N_inlier": 71, "refit": true}
{"timestamp": "15:42:21.858004", "frame": 92, "mu": [-0.8142744589792459, 1.9501735004804912, 1.1869920812195223], "Sigma": [[0.009631271712487947, -0.0012201567673776727, -0.0020555477317590895], [-0.0012201567673776727, 0.026011511024513177, 0.07848516678856719], [-0.0020555477317590895, 0.07848516678856719, 0.3008169466814055]], "chi2_level": 0.997, "chi2_df": 3, "chi2_threshold": 13.931422665512084, "N_raw": 85, "N_roi": 85, "N_inlier": 83, "refit": true}
{"timestamp": "15:42:21.915073", "frame": 93, "mu": [-0.7804188652770176, 1.9807410323569288, 1.1031619049436234], "Sigma": [[0.011095592702031856, 0.004156889980695307, 0.021048854719955462], [0.004156889980695307, 0.03721761772379264, 0.08366534721519725], [0.021048854719955462, 0.08366534721519726, 0.30670929683995235]], "chi2_level": 0.997, "chi2_df": 3, "chi2_threshold": 13.931422665512084, "N_raw": 91, "N_roi": 91, "N_inlier": 89, "refit": true}
{"timestamp": "15:42:21.968515", "frame": 94, "mu": [-0.7982849524960418, 2.2524565446133282, -0.539226685851025], "Sigma": [[0.012646182891312545, -0.0011281217984089517, 0.033350449308036906], [-0.0011281217984089517, 0.023380458467555418, -0.020102108323954336], [0.033350449308036906, -0.020102108323954333, 0.22063569197553975]], "chi2_level": 0.997, "chi2_df": 3, "chi2_threshold": 13.931422665512084, "N_raw": 90, "N_roi": 90, "N_inlier": 87, "refit": true}
{"timestamp": "15:42:22.019611", "frame": 95, "mu": [-0.7802537250190491, 2.335640446493581, -0.1402623041025896], "Sigma": [[0.009339053060246565, -0.0003374367368709944, 0.007495418408869463], [-0.0003374367368709944, 0.008275433692860735, -8.548180905659048e-05], [0.007495418408869463, -8.548180905659048e-05, 0.056225872464130806]], "chi2_level": 0.997, "chi2_df": 3, "chi2_threshold": 13.931422665512084, "N_raw": 61, "N_roi": 61, "N_inlier": 58, "refit": true}
{"timestamp": "15:42:22.078102", "frame": 96, "mu": [-0.8116101595964811, 2.468907738795463, -0.12052404124074735], "Sigma": [[0.012972635118575717, 0.0027558960412783357, -0.01289947889136967], [0.0027558960412783357, 0.014017775808602107, -0.04227217993419806], [-0.012899478891369668, -0.04227217993419806, 0.1516671489766406]], "chi2_level": 0.997, "chi2_df": 3, "chi2_threshold": 13.931422665512084, "N_raw": 84, "N_roi": 84, "N_inlier": 82, "refit": true}
{"timestamp": "15:42:22.135133", "frame": 97, "mu": [-0.8070032293295987, 2.4564884473594253, 0.8435498553829291], "Sigma": [[0.010996737913964503, -0.0004842968552189557, 0.0020054807364250004], [-0.0004842968552189557, 0.004701968963004311, -0.008589293211740212], [0.0020054807364250026, -0.008589293211740213, 0.5459198001891397]], "chi2_level": 0.997, "chi2_df": 3, "chi2_threshold": 13.931422665512084, "N_raw": 99, "N_roi": 99, "N_inlier": 98, "refit": true}
