{"timestamp": "15:21:37.804521", "frame": 1, "mu": [1.0793932745594397, 1.5337012501905316, 1.3046374752083887], "Sigma": [[0.006251478472149866, -0.00287289860926351, -0.003324655987759108], [-0.0028728986092635108, 0.0036390933342169327, -0.002226204670023532], [-0.0033246559877591086, -0.0022262046700235326, 0.01195197102648139]], "chi2_level": 0.997, "chi2_df": 3, "chi2_threshold": 13.931422665512084, "N_raw": 42, "N_roi": 42, "N_inlier": 39, "refit": true}
{"timestamp": "15:21:37.865796", "frame": 2, "mu": [1.0340201265308686, 1.4936466581124306, 1.4830208531546354], "Sigma": [[0.007415282384410387, -0.0006409197453892798, -0.007323709315238138], [-0.0006409197453892798, 0.003485969001070335, -0.0024762353823736425], [-0.007323709315238139, -0.002476235382373643, 0.01186635181577043]], "chi2_level": 0.997, "chi2_df": 3, "chi2_threshold": 13.931422665512084, "N_raw": 55, "N_roi": 55, "N_inlier": 52, "refit": true}
{"timestamp": "15:21:37.919617", "frame": 3, "mu": [0.9932710885911953, 1.504029419790795, 1.4974433323729475], "Sigma": [[0.010669093017168079, 0.0032249774655796885, -0.01531799765913135], [0.0032249774655796885, 0.006865390924370114, -0.008100728525956115], [-0.01531799765913135, -0.008100728525956117, 0.030133409376981682]], "chi2_level": 0.997, "chi2_df": 3, "chi2_threshold": 13.931422665512084, "N_raw": 58, "N_roi": 58, "N_inlier": 55, "refit": true}
{"timestamp": "15:21:37.970089", "frame": 4, "mu": [1.061789274648171, 1.4841637823429503, 1.278242929022044], "Sigma": [[0.005326940587229524, -0.003995547065610977, -0.013750775070269953], [-0.003995547065610977, 0.011272141803498328, 0.029764554269809194], [-0.013750775070269953, 0.02976455426980919, 0.19777300520396626]], "chi2_level": 0.997, "chi2_df": 3, "chi2_threshold": 13.931422665512084, "N_raw": 31, "N_roi": 31, "N_inlier": 31, "refit": true}
{"timestamp": "15:21:38.031716", "frame": 5, "mu": [1.036806353432266, 1.458814184682294, 1.3611251700523248], "Sigma": [[0.01169395887850658, -0.001606928098344844, -0.009539346812145123], [-0.001606928098344844, 0.003631376060673177, -0.0021722488016993726], [-0.009539346812145123, -0.0021722488016993726, 0.019414972815883454]], "chi2_level": 0.997, "chi2_df": 3, "chi2_threshold": 13.931422665512084, "N_raw": 72, "N_roi": 72, "N_inlier": 69, "refit": true}
{"timestamp": "15:21:38.085162", "frame": 6, "mu": [0.9605622184743887, 1.4911371114848835, 1.4757597439090835], "Sigma": [[0.013942752188674138, 0.0003610768014197963, -0.011331316688453517], [0.0003610768014197961, 0.0073291036448439135, -0.001266450734752337], [-0.011331316688453517, -0.0012664507347523368, 0.01721140980291043]], "chi2_level": 0.997, "chi2_df": 3, "chi2_threshold": 13.931422665512084, "N_raw": 64, "N_roi": 64, "N_inlier": 62, "refit": true}
{"timestamp": "15:21:38.143086", "frame": 7, "mu": [0.9721857915937908, 1.4123640499615953, 1.4499848436259917], "Sigma": [[0.012042856068716228, -0.0005538954114128894, -0.008923487809812995], [-0.0005538954114128894, 0.004806880474164165, -0.0032204999306697764], [-0.008923487809812995, -0.0032204999306697764, 0.01051936773360426]], "chi2_level": 0.997, "chi2_df": 3, "chi2_threshold": 13.931422665512084, "N_raw": 86, "N_roi": 86, "N_inlier": 82, "refit": true}
{"timestamp": "15:21:38.197766", "frame": 8, "mu": [0.9588120490397044, 1.3818805405584418, 1.3918370821848312], "Sigma": [[0.010305526405672418, -0.002696367287015826, -0.01250489167764927], [-0.002696367287015826, 0.004497662319161361, 0.002017602664700689], [-0.01250489167764927, 0.002017602664700689, 0.027355572698101786]], "chi2_level": 0.997, "chi2_df": 3, "chi2_threshold": 13.931422665512084, "N_raw": 77, "N_roi": 77, "N_inlier": 76, "refit": true}
{"timestamp": "15:21:38.251266", "frame": 9, "mu": [0.9369555775787787, 1.3969372246649294, 1.3892700224998045], "Sigma": [[0.005880710932630046, -0.0015574757696173555, -0.004221174359410128], [-0.0015574757696173555, 0.0044885796722778865, 0.0013215498057217135], [-0.004221174359410128, 0.0013215498057217135, 0.011878987591501132]], "chi2_level": 0.997, "chi2_df": 3, "chi2_threshold": 13.931422665512084, "N_raw": 50, "N_roi": 50, "N_inlier": 49, "refit": true}
{"timestamp": "15:21:38.309908", "frame": 10, "mu": [0.9100419521819046, 1.3813892550771683, 1.136915374260432], "Sigma": [[0.008489422589109624, -0.002606966325250869, -0.01381865981032843], [-0.0026069663252508693, 0.00338872479081155, 0.002455289782284694], [-0.01381865981032843, 0.0024552897822846943, 0.15315171812508427]], "chi2_level": 0.997, "chi2_df": 3, "chi2_threshold": 13.931422665512084, "N_raw": 96, "N_roi": 96, "N_inlier": 95, "refit": true}
{"timestamp": "15:21:38.364506", "frame": 11, "mu": [0.8757045483384533, 1.3655286276756482, -0.10636321578904159], "Sigma": [[0.012065415610757411, -0.0025562289052584856, 0.05761999369929989], [-0.002556228905258486, 0.0057176356665406035, -0.04082748098985013], [0.05761999369929989, -0.04082748098985013, 0.6693456342012464]], "chi2_level": 0.997, "chi2_df": 3, "chi2_threshold": 13.931422665512084, "N_raw": 90, "N_roi": 90, "N_inlier": 87, "refit": true}
{"timestamp": "15:21:38.418900", "frame": 12, "mu": [0.8056425576724615, 1.3366004445836794, 1.419323229744169], "Sigma": [[0.00989796852486353, -0.0022944142971505713, -0.009458778306093183], [-0.0022944142971505718, 0.005867490547461747, -0.0031136033970350745], [-0.009458778306093183, -0.0031136033970350745, 0.057039235780515285]], "chi2_level": 0.997, "chi2_df": 3, "chi2_threshold": 13.931422665512084, "N_raw": 85, "N_roi": 85, "N_inlier": 84, "refit": true}
{"timestamp": "15:21:38.474807", "frame": 13, "mu": [0.7876547870276003, 1.3339595025850461, 1.4120698111131489], "Sigma": [[0.010169929223315546, -0.0028571885179514162, -0.013052539445947555], [-0.002857188517951417, 0.004813224299663686, 0.00184635097482047], [-0.013052539445947555, 0.0018463509748204705, 0.027401853569217725]], "chi2_level": 0.997, "chi2_df": 3, "chi2_threshold": 13.931422665512084, "N_raw": 92, "N_roi": 92, "N_inlier": 88, "refit": true}
{"timestamp": "15:21:38.519483", "frame": 14, "mu": [0.7941424647712514, 1.3771367990678112, -0.3408965174410862], "Sigma": [[0.018427286036583314, 0.005951097897866294, -0.08228244207418008], [0.005951097897866294, 0.005040069363007567, -0.027816940727385397], [-0.08228244207418008, -0.027816940727385397, 0.4181789403242536]], "chi2_level": 0.997, "chi2_df": 3, "chi2_threshold": 13.931422665512084, "N_raw": 21, "N_roi": 21, "N_inlier": 20, "refit": true}
{"timestamp": "15:21:38.582177", "frame": 15, "mu": [0.7440687988398325, 1.2156121585440904, 1.2358826720615894], "Sigma": [[0.019116257992992308, -0.0252258819509495, -0.08001314235522768], [-0.0252258819509495, 0.05020185742920984, 0.13777934055892954], [-0.08001314235522769, 0.13777934055892954, 0.45506545972513707]], "chi2_level": 0.997, "chi2_df": 3, "chi2_threshold": 13.931422665512084, "N_raw": 77, "N_roi": 77, "N_inlier": 77, "refit": true}
{"timestamp": "15:21:38.643779", "frame": 16, "mu": [0.7049701202445375, 1.2856127913946127, 1.3687931245948284], "Sigma": [[0.007462473326181986, -0.00047477686403132803, -0.008273631472806336], [-0.00047477686403132814, 0.004557247635077813, -0.008038908353350804], [-0.008273631472806336, -0.008038908353350804, 0.04110343643272106]], "chi2_level": 0.997, "chi2_df": 3, "chi2_threshold": 13.931422665512084, "N_raw": 119, "N_roi": 119, "N_inlier": 114, "refit": true}
{"timestamp": "15:21:38.698738", "frame": 17, "mu": [0.6358992638538662, 1.3072355116172119, 1.3658928739227592], "Sigma": [[0.0054779529413104015, -0.0010331732381458362, -0.003831052995805025], [-0.0010331732381458365, 0.008558540139722015, -0.012736562546731282], [-0.003831052995805025, -0.01273656254673128, 0.03906192705262186]], "chi2_level": 0.997, "chi2_df": 3, "chi2_threshold": 13.931422665512084, "N_raw": 110, "N_roi": 109, "N_inlier": 107, "refit": true}
{"timestamp": "15:21:38.747656", "frame": 18, "mu": [0.5779495328702272, 1.2813711002165018, 1.25740200022091], "Sigma": [[0.006292268170515533, -0.003766215511296898, -0.005528575830391867], [-0.003766215511296898, 0.007902442173298605, -0.013211722488630607], [-0.0055285758303918655, -0.013211722488630607, 0.12913668463289593]], "chi2_level": 0.997, "chi2_df": 3, "chi2_threshold": 13.931422665512084, "N_raw": 76, "N_roi": 76, "N_inlier": 74, "refit": true}
{"timestamp": "15:21:38.801096", "frame": 19, "mu": [0.5749021549130937, 1.1122334835298524, 1.1049267272736465], "Sigma": [[0.016862720162228156, -0.024111897666651894, -0.08339733790125525], [-0.024111897666651894, 0.044568793650981035, 0.14896959233675816], [-0.08339733790125525, 0.14896959233675813, 0.6031050976020502]], "chi2_level": 0.997, "chi2_df": 3, "chi2_threshold": 13.931422665512084, "N_raw": 69, "N_roi": 64, "N_inlier": 64, "refit": true}
{"timestamp": "15:21:38.862056", "frame": 20, "mu": [0.5120420778800818, 1.2035302311077865, 1.155187977805054], "Sigma": [[0.008381552199837156, -0.0018439194826245708, -0.0002476225713035729], [-0.0018439194826245708, 0.012906247694872029, 0.039665319479566793], [-0.00024762257130357354, 0.039665319479566793, 0.344960841557709]], "chi2_level": 0.997, "chi2_df": 3, "chi2_threshold": 13.931422665512084, "N_raw": 103, "N_roi": 103, "N_inlier": 102, "refit": true}
{"timestamp": "15:21:38.915828", "frame": 21, "mu": [0.4823040591821802, 1.213981955552225, 1.3411800849043434], "Sigma": [[0.00688463839131647, -0.002144592495848222, -0.004370180216966079], [-0.002144592495848222, 0.005540524361253988, -0.012740733156149667], [-0.004370180216966079, -0.012740733156149667, 0.07439577214805199]], "chi2_level": 0.997, "chi2_df": 3, "chi2_threshold": 13.931422665512084, "N_raw": 93, "N_roi": 93, "N_inlier": 87, "refit": true}
{"timestamp": "15:21:38.969243", "frame": 22, "mu": [0.407792272724346, 1.205403517753106, 1.1671133338628608], "Sigma": [[0.011773659397846066, -0.0032215807728678183, -0.06188827168390709], [-0.0032215807728678183, 0.005243125791835813, 0.010654621531175214], [-0.06188827168390709, 0.010654621531175213, 0.47702587168025784]], "chi2_level": 0.997, "chi2_df": 3, "chi2_threshold": 13.931422665512084, "N_raw": 84, "N_roi": 84, "N_inlier": 83, "refit": true}
{"timestamp": "15:21:39.025242", "frame": 23, "mu": [0.3766512512356804, 1.1810340513013606, 1.4542813174270528], "Sigma": [[0.004947910730965166, -0.0006159986973578214, -0.0026147843028688474], [-0.0006159986973578213, 0.00510000018253689, -0.004957702930719912], [-0.002614784302868848, -0.004957702930719912, 0.007573415327139438]], "chi2_level": 0.997, "chi2_df": 3, "chi2_threshold": 13.931422665512084, "N_raw": 93, "N_roi": 93, "N_inlier": 87, "refit": true}
{"timestamp": "15:21:39.078084", "frame": 24, "mu": [0.3250418266523646, 1.16032955114564, 1.3170594698549463], "Sigma": [[0.0036418894621435558, -0.000822452526149366, -0.013205105634928466], [-0.000822452526149366, 0.0070220245662221134, 0.003364749910983313], [-0.013205105634928466, 0.0033647499109833133, 0.10721851132561516]], "chi2_level": 0.997, "chi2_df": 3, "chi2_threshold": 13.931422665512084, "N_raw": 72, "N_roi": 70, "N_inlier": 65, "refit": true}
{"timestamp": "15:21:39.136553", "frame": 25, "mu": [0.24268223678863246, 1.1952856900044753, 1.4216699501488776], "Sigma": [[0.003923183523127415, -0.0013631676797786236, -0.0014473994533877493], [-0.0013631676797786236, 0.0048393355376840945, -0.00707490517322357], [-0.0014473994533877495, -0.00707490517322357, 0.015647529981627967]], "chi2_level": 0.997, "chi2_df": 3, "chi2_threshold": 13.931422665512084, "N_raw": 105, "N_roi": 104, "N_inlier": 100, "refit": true}
{"timestamp": "15:21:39.191537", "frame": 26, "mu": [0.19239762405897362, 1.1628646060088577, 1.4739105068868263], "Sigma": [[0.0032978266327336383, -0.0008879669528659392, -0.0021569322151653715], [-0.0008879669528659392, 0.005277214251879945, -0.008127815912938052], [-0.002156932215165372, -0.008127815912938052, 0.01959376230625283]], "chi2_level": 0.997, "chi2_df": 3, "chi2_threshold": 13.931422665512084, "N_raw": 100, "N_roi": 98, "N_inlier": 93, "refit": true}
{"timestamp": "15:21:39.250598", "frame": 27, "mu": [0.14942469465337777, 1.1794618419417662, 0.5630368865937116], "Sigma": [[0.0049019951027643215, -0.0022502028856746887, 0.04574045089998112], [-0.0022502028856746887, 0.010471178488253385, -0.056303211858212715], [0.045740450899981126, -0.056303211858212715, 0.7483394296978534]], "chi2_level": 0.997, "chi2_df": 3, "chi2_threshold": 13.931422665512084, "N_raw": 129, "N_roi": 126, "N_inlier": 125, "refit": true}
{"timestamp": "15:21:39.304800", "frame": 28, "mu": [0.06412386552957847, 1.1325305749582644, 1.3285845326759032], "Sigma": [[0.004068332554222453, -0.001273149712310068, 0.0024637810469205954], [-0.001273149712310068, 0.002447862930138157, -0.0039573451854514104], [0.002463781046920595, -0.003957345185451411, 0.08769440992886227]], "chi2_level": 0.997, "chi2_df": 3, "chi2_threshold": 13.931422665512084, "N_raw": 114, "N_roi": 112, "N_inlier": 109, "refit": true}
{"timestamp": "15:21:39.351556", "frame": 29, "mu": [0.039880630902852134, 1.1393000104644828, 1.4471740872486274], "Sigma": [[0.002318529395129752, -0.00013458184923715813, 0.003361292608437156], [-0.0001345818492371582, 0.0034121927358977833, 0.002024545847394096], [0.003361292608437156, 0.0020245458473940963, 0.07939587150239294]], "chi2_level": 0.997, "chi2_df": 3, "chi2_threshold": 13.931422665512084, "N_raw": 71, "N_roi": 71, "N_inlier": 71, "refit": true}
{"timestamp": "15:21:39.406892", "frame": 30, "mu": [-0.01574709337576518, 1.1065825248445142, 1.612100679301532], "Sigma": [[0.002620198341544526, -0.00024031787346879898, -0.002443107638093298], [-0.00024031787346879898, 0.005293867056779844, -0.00017731627288701058], [-0.002443107638093298, -0.00017731627288700993, 0.01420817215374454]], "chi2_level": 0.997, "chi2_df": 3, "chi2_threshold": 13.931422665512084, "N_raw": 67, "N_roi": 67, "N_inlier": 65, "refit": true}
{"timestamp": "15:21:39.456433", "frame": 31, "mu": [-0.007641044284953033, 1.0937487220598423, 1.3204599173498632], "Sigma": [[0.0056109965421666545, -0.002293986521821114, 0.028744101642757442], [-0.002293986521821114, 0.0029601824541105517, -0.012043748063666843], [0.028744101642757442, -0.012043748063666843, 0.19933560388990326]], "chi2_level": 0.997, "chi2_df": 3, "chi2_threshold": 13.931422665512084, "N_raw": 32, "N_roi": 32, "N_inlier": 32, "refit": true}
{"timestamp": "15:21:39.515380", "frame": 32, "mu": [-0.12370672470539733, 1.09155805135061, 1.5625605113142074], "Sigma": [[0.00202036365818005, -0.0005078814724111457, -0.0005107867420413054], [-0.0005078814724111457, 0.00509102226709876, -0.0032790643278409514], [-0.0005107867420413055, -0.0032790643278409514, 0.01144881259909642]], "chi2_level": 0.997, "chi2_df": 3, "chi2_threshold": 13.931422665512084, "N_raw": 62, "N_roi": 62, "N_inlier": 59, "refit": true}
{"timestamp": "15:21:39.567615", "frame": 33, "mu": [-0.13404282248975485, 1.1018388118792823, 1.406325428297348], "Sigma": [[0.0038975400518008975, -0.0007317202600917337, -0.012902930068001202], [-0.0007317202600917337, 0.0039754633659737065, 0.011408400277460061], [-0.012902930068001202, 0.011408400277460063, 0.0846072857379295]], "chi2_level": 0.997, "chi2_df": 3, "chi2_threshold": 13.931422665512084, "N_raw": 44, "N_roi": 44, "N_inlier": 42, "refit": true}
{"timestamp": "15:21:39.629349", "frame": 34, "mu": [-0.19756534898477413, 1.049423726802211, 1.3750940355832775], "Sigma": [[0.00332608359306348, -0.0009810046859314748, -0.009294046419701708], [-0.0009810046859314748, 0.006078083472679789, -0.004612161870667444], [-0.009294046419701708, -0.0046121618706674436, 0.06539526510868765]], "chi2_level": 0.997, "chi2_df": 3, "chi2_threshold": 13.931422665512084, "N_raw": 88, "N_roi": 88, "N_inlier": 84, "refit": true}
{"timestamp": "15:21:39.685767", "frame": 35, "mu": [-0.2563123159614078, 1.0798426684350169, 1.4750456288473508], "Sigma": [[0.0037749158743714253, -0.002832661484895905, -0.0020320973447664707], [-0.002832661484895905, 0.00804891781707356, -0.003161610509474514], [-0.0020320973447664707, -0.0031616105094745143, 0.0065045994639338625]], "chi2_level": 0.997, "chi2_df": 3, "chi2_threshold": 13.931422665512084, "N_raw": 99, "N_roi": 96, "N_inlier": 95, "refit": true}
{"timestamp": "15:21:39.735967", "frame": 36, "mu": [-0.31163600971855626, 1.1769009129608041, -0.17252416857926967], "Sigma": [[0.003328297960139186, -0.001134929294619044, -0.0035312021432440045], [-0.001134929294619044, 0.0051572199511010835, -0.0006767894381943388], [-0.0035312021432440045, -0.0006767894381943388, 0.007590521420760682]], "chi2_level": 0.997, "chi2_df": 3, "chi2_threshold": 13.931422665512084, "N_raw": 66, "N_roi": 66, "N_inlier": 64, "refit": true}
{"timestamp": "15:21:39.791928", "frame": 37, "mu": [-0.35841646840314634, 1.1052734559846873, 1.50987687023899], "Sigma": [[0.003045971437896475, -0.00150850205918174, -0.0030360861752589466], [-0.00150850205918174, 0.005241417735102414, -0.0027613468572013564], [-0.0030360861752589466, -0.0027613468572013555, 0.007809045093142788]], "chi2_level": 0.997, "chi2_df": 3, "chi2_threshold": 13.931422665512084, "N_raw": 73, "N_roi": 73, "N_inlier": 72, "refit": true}
{"timestamp": "15:21:39.843320", "frame": 38, "mu": [-0.42736993124847905, 1.1699224930973868, 1.5259640544173447], "Sigma": [[0.003294424356860175, -0.0005922381400848167, -0.0015211344829558096], [-0.0005922381400848167, 0.002249497277978097, -0.001960453026303372], [-0.0015211344829558098, -0.001960453026303372, 0.0033017534781014713]], "chi2_level": 0.997, "chi2_df": 3, "chi2_threshold": 13.931422665512084, "N_raw": 50, "N_roi": 50, "N_inlier": 46, "refit": true}
{"timestamp": "15:21:39.902879", "frame": 39, "mu": [-0.47416108704817955, 1.1929023379889037, -0.07661348762424258], "Sigma": [[0.0037533881845856886, -0.0011351529724534044, 0.009564928076867355], [-0.0011351529724534044, 0.008037396267656717, -0.000859029919047443], [0.009564928076867355, -0.000859029919047443, 0.2095671705257419]], "chi2_level": 0.997, "chi2_df": 3, "chi2_threshold": 13.931422665512084, "N_raw": 79, "N_roi": 79, "N_inlier": 78, "refit": true}
{"timestamp": "15:21:39.954846", "frame": 40, "mu": [-0.5364527480187626, 1.1654458394843785, 1.5599559798211775], "Sigma": [[0.0033365689008905026, -0.0008973021610247804, -0.0034227771850931865], [-0.0008973021610247804, 0.00379459919794769, -0.00278267897736383], [-0.0034227771850931857, -0.00278267897736383, 0.007957403345101229]], "chi2_level": 0.997, "chi2_df": 3, "chi2_threshold": 13.931422665512084, "N_raw": 61, "N_roi": 61, "N_inlier": 61, "refit": true}
{"timestamp": "15:21:40.005731", "frame": 41, "mu": [-0.6001608407274945, 1.1743588095607678, 1.5809516296368882], "Sigma": [[0.0018479422812458046, -0.0008012156458739462, -0.0006779268355229406], [-0.0008012156458739464, 0.0030159707407104146, -0.0010624672124580508], [-0.0006779268355229407, -0.0010624672124580508, 0.0011114406625972134]], "chi2_level": 0.997, "chi2_df": 3, "chi2_threshold": 13.931422665512084, "N_raw": 32, "N_roi": 32, "N_inlier": 30, "refit": true}
{"timestamp": "15:21:40.059453", "frame": 42, "mu": [-0.5962820850188615, 1.090341965018644, 1.1311809098708174], "Sigma": [[0.0016117395496975352, -0.002399324555989389, -0.007939093780414904], [-0.002399324555989389, 0.01211525151530919, 0.03346832468460589], [-0.007939093780414904, 0.03346832468460589, 0.13916264650575277]], "chi2_level": 0.997, "chi2_df": 3, "chi2_threshold": 13.931422665512084, "N_raw": 29, "N_roi": 29, "N_inlier": 29, "refit": true}
{"timestamp": "15:21:40.116438", "frame": 43, "mu": [-0.7168621569359299, 1.1832773064112054, -0.1411888321110049], "Sigma": [[0.0043842808139657324, 0.001208381661925172, 0.0027779463317368566], [0.0012083816619251721, 0.005577878761611061, 0.004422521868883587], [0.0027779463317368566, 0.004422521868883587, 0.010503887191450706]], "chi2_level": 0.997, "chi2_df": 3, "chi2_threshold": 13.931422665512084, "N_raw": 47, "N_roi": 47, "N_inlier": 45, "refit": true}
{"timestamp": "15:21:40.177194", "frame": 44, "mu": [-0.8092396302227317, 1.1017029821052986, 1.5732982656144723], "Sigma": [[0.017006770180839553, 0.01022049904866949, -0.01741924678803534], [0.01022049904866949, 0.01879704069494361, 0.002196329663862414], [-0.01741924678803534, 0.002196329663862414, 0.07434799446637488]], "chi2_level": 0.997, "chi2_df": 3, "chi2_threshold": 13.931422665512084, "N_raw": 75, "N_roi": 75, "N_inlier": 70, "refit": true}
{"timestamp": "15:21:40.228573", "frame": 45, "mu": [-0.8671748221530868, 1.0786959886830263, 1.5955934693444267], "Sigma": [[0.028849716883764663, 0.014739802592896208, -0.028706290966707314], [0.014739802592896208, 0.014278549979315993, -0.014772236310944736], [-0.028706290966707314, -0.014772236310944736, 0.04779155473617521]], "chi2_level": 0.997, "chi2_df": 3, "chi2_threshold": 13.931422665512084, "N_raw": 48, "N_roi": 48, "N_inlier": 47, "refit": true}
{"timestamp": "15:21:40.283400", "frame": 46, "mu": [-0.8593398694989747, 1.2198696328317336, 1.6379010818902608], "Sigma": [[0.003441181120838915, 8.151774085610682e-05, -0.002185541743851303], [8.151774085610688e-05, 0.006370739902041778, -0.0016034256640178315], [-0.002185541743851303, -0.0016034256640178315, 0.003268434200555627]], "chi2_level": 0.997, "chi2_df": 3, "chi2_threshold": 13.931422665512084, "N_raw": 54, "N_roi": 54, "N_inlier": 50, "refit": true}
{"timestamp": "15:21:40.338187", "frame": 47, "mu": [-0.9858308842166432, 1.1029881547011025, 1.592304711010783], "Sigma": [[0.02569989719722375, 0.011998480427634958, -0.016290532836336274], [0.011998480427634958, 0.012934439620465036, -0.0073641066238913705], [-0.016290532836336274, -0.0073641066238913705, 0.011766969075672025]], "chi2_level": 0.997, "chi2_df": 3, "chi2_threshold": 13.931422665512084, "N_raw": 53, "N_roi": 53, "N_inlier": 52, "refit": true}
{"timestamp": "15:21:40.397401", "frame": 48, "mu": [-1.0266697937102371, 1.184106764697975, 1.6385424684313212], "Sigma": [[0.01849783678825641, 0.009387573332893055, -0.011202558472628674], [0.009387573332893055, 0.011907503301378432, -0.008836315025680889], [-0.011202558472628674, -0.008836315025680889, 0.013132452084801235]], "chi2_level": 0.997, "chi2_df": 3, "chi2_threshold": 13.931422665512084, "N_raw": 75, "N_roi": 75, "N_inlier": 72, "refit": true}
{"timestamp": "15:21:40.451001", "frame": 49, "mu": [-1.0943510939740604, 1.112644945350397, 1.307190841603023], "Sigma": [[0.08790124777335198, 0.03750176117249562, -0.21416511924153442], [0.03750176117249562, 0.02427112330936832, -0.08868105766695722], [-0.21416511924153442, -0.08868105766695722, 0.5845564622159415]], "chi2_level": 0.997, "chi2_df": 3, "chi2_threshold": 13.931422665512084, "N_raw": 69, "N_roi": 69, "N_inlier": 69, "refit": true}
{"timestamp": "15:21:40.513231", "frame": 50, "mu": [-1.192350141002388, 1.1518248452410997, 1.626770427465569], "Sigma": [[0.03135310581426827, 0.014263079976947078, -0.06312025085311641], [0.014263079976947078, 0.013319712025869927, -0.030214786249520696], [-0.06312025085311641, -0.030214786249520696, 0.21148801030717046]], "chi2_level": 0.997, "chi2_df": 3, "chi2_threshold": 13.931422665512084, "N_raw": 116, "N_roi": 116, "N_inlier": 115, "refit": true}
{"timestamp": "15:21:40.562047", "frame": 51, "mu": [-1.0961158480870874, 1.294592839793404, 0.9387757546203459], "Sigma": [[0.06487821481406975, 0.034502505335590974, -0.17377624436566133], [0.034502505335590974, 0.022753469207814826, -0.09961136029120712], [-0.17377624436566133, -0.09961136029120712, 0.5624306896935005]], "chi2_level": 0.997, "chi2_df": 3, "chi2_threshold": 13.931422665512084, "N_raw": 72, "N_roi": 72, "N_inlier": 72, "refit": true}
{"timestamp": "15:21:40.621721", "frame": 52, "mu": [-1.2299681595918408, 1.267931076642534, 1.2131602348225812], "Sigma": [[0.06056064217367865, 0.046332274691118336, -0.14494925875003806], [0.046332274691118336, 0.046646846804803105, -0.13976394743653028], [-0.14494925875003806, -0.1397639474365303, 0.5284999807062851]], "chi2_level": 0.997, "chi2_df": 3, "chi2_threshold": 13.931422665512084, "N_raw": 109, "N_roi": 108, "N_inlier": 108, "refit": true}
{"timestamp": "15:21:40.674049", "frame": 53, "mu": [-1.423680975208149, 1.1447029867679093, 1.660654440943644], "Sigma": [[0.029880913764795635, 0.02628368410663187, -0.05844213839375917], [0.02628368410663187, 0.036032650473859326, -0.05502872624339797], [-0.05844213839375917, -0.05502872624339797, 0.1734863083526246]], "chi2_level": 0.997, "chi2_df": 3, "chi2_threshold": 13.931422665512084, "N_raw": 82, "N_roi": 82, "N_inlier": 80, "refit": true}
{"timestamp": "15:21:40.729918", "frame": 54, "mu": [-1.4592279367039478, 1.1125104168370703, 1.6799281628807725], "Sigma": [[0.024417188497133813, 0.012279817979593342, -0.015383972517204716], [0.012279817979593342, 0.01688131933392805, -0.0072843393511232025], [-0.015383972517204716, -0.0072843393511232025, 0.010305104417642548]], "chi2_level": 0.997, "chi2_df": 3, "chi2_threshold": 13.931422665512084, "N_raw": 93, "N_roi": 93, "N_inlier": 90, "refit": true}
{"timestamp": "15:21:40.780580", "frame": 55, "mu": [-1.4659076635829182, 1.186414810524299, 1.7047700251616449], "Sigma": [[0.03323182464794959, 0.01891844067773849, -0.021558459581706307], [0.018918440677738485, 0.020458305699708842, -0.014528813231956539], [-0.021558459581706307, -0.014528813231956539, 0.017268431940906565]], "chi2_level": 0.997, "chi2_df": 3, "chi2_threshold": 13.931422665512084, "N_raw": 63, "N_roi": 63, "N_inlier": 60, "refit": true}
{"timestamp": "15:21:40.840478", "frame": 56, "mu": [-1.3787576250233031, 1.356773712861993, 1.6847158349532996], "Sigma": [[0.022774330467671616, 0.015259311611567981, -0.014319005157061037], [0.015259311611567981, 0.02432913865762987, -0.0069129449206135766], [-0.014319005157061039, -0.006912944920613577, 0.01639929629231375]], "chi2_level": 0.997, "chi2_df": 3, "chi2_threshold": 13.931422665512084, "N_raw": 106, "N_roi": 106, "N_inlier": 104, "refit": true}
{"timestamp": "15:21:40.890711", "frame": 57, "mu": [-1.5579353651248762, 1.2566749604533816, 1.7278460630032997], "Sigma": [[0.03350283516714567, 0.019492093239431234, -0.02312689315355347], [0.019492093239431234, 0.019486724239753787, -0.012970561573318096], [-0.02312689315355347, -0.012970561573318096, 0.016905488332152496]], "chi2_level": 0.997, "chi2_df": 3, "chi2_threshold": 13.931422665512084, "N_raw": 65, "N_roi": 65, "N_inlier": 63, "refit": true}
{"timestamp": "15:21:40.944296", "frame": 58, "mu": [-1.3320926157380335, 1.5082219001542294, 1.5003897403023374], "Sigma": [[0.017084327423729704, 0.0059384895783549975, -0.013548753280262345], [0.0059384895783549975, 0.008663775483328572, -0.010473065976367097], [-0.013548753280262345, -0.010473065976367097, 0.06455255560790274]], "chi2_level": 0.997, "chi2_df": 3, "chi2_threshold": 13.931422665512084, "N_raw": 57, "N_roi": 57, "N_inlier": 53, "refit": true}
{"timestamp": "15:21:40.996538", "frame": 59, "mu": [-1.6062513765203075, 1.4055526356626755, 1.4915624896276598], "Sigma": [[0.0546531493521394, 0.05275208430592421, -0.11443714182179177], [0.05275208430592421, 0.05832568005071438, -0.11944573747744466], [-0.11443714182179178, -0.11944573747744466, 0.38941318802027064]], "chi2_level": 0.997, "chi2_df": 3, "chi2_threshold": 13.931422665512084, "N_raw": 33, "N_roi": 33, "N_inlier": 33, "refit": true}
{"timestamp": "15:21:41.053820", "frame": 60, "mu": [-1.4874881631785843, 1.5472299177948992, 1.4422823857108695], "Sigma": [[0.057183440855468184, 0.04035719693889293, -0.10164632764747251], [0.04035719693889293, 0.03542519708338598, -0.06387451571577471], [-0.10164632764747253, -0.06387451571577471, 0.32955602938508016]], "chi2_level": 0.997, "chi2_df": 3, "chi2_threshold": 13.931422665512084, "N_raw": 59, "N_roi": 59, "N_inlier": 59, "refit": true}
{"timestamp": "15:21:41.110434", "frame": 61, "mu": [-1.341061909683542, 1.8161589178181388, -0.1534764773732608], "Sigma": [[0.006752975614627728, 0.0026580741949675905, 0.006660525509000799], [0.0026580741949675905, 0.011424426748388334, -0.0027897658303945036], [0.006660525509000799, -0.002789765830394503, 0.05121519114556629]], "chi2_level": 0.997, "chi2_df": 3, "chi2_threshold": 13.931422665512084, "N_raw": 62, "N_roi": 62, "N_inlier": 60, "refit": true}
{"timestamp": "15:21:41.162967", "frame": 62, "mu": [-1.610074837140635, 1.578111374427302, 1.8560803473154939], "Sigma": [[0.02729901057348652, 0.023546030790001532, -0.030562483174639714], [0.023546030790001532, 0.025002156483561064, -0.028126507701677985], [-0.030562483174639714, -0.028126507701677985, 0.04748418708491202]], "chi2_level": 0.997, "chi2_df": 3, "chi2_threshold": 13.931422665512084, "N_raw": 54, "N_roi": 54, "N_inlier": 51, "refit": true}
{"timestamp": "15:21:41.219181", "frame": 63, "mu": [-1.3900571195624942, 1.807885539679024, 1.6450621742161577], "Sigma": [[0.009587226307527038, 9.54103987368509e-05, -0.005649813398840217], [9.54103987368508e-05, 0.004534895422051442, -0.004017685513059345], [-0.005649813398840216, -0.004017685513059345, 0.03414627822686708]], "chi2_level": 0.997, "chi2_df": 3, "chi2_threshold": 13.931422665512084, "N_raw": 56, "N_roi": 56, "N_inlier": 49, "refit": true}
{"timestamp": "15:21:41.275970", "frame": 64, "mu": [-1.3900226285966593, 1.857828583516374, 1.5321351017017064], "Sigma": [[0.010713681969106935, -0.0009466534528004941, -0.007900049482835687], [-0.0009466534528004942, 0.00788183126463282, -0.01572936519780547], [-0.007900049482835684, -0.01572936519780547, 0.13045662920874193]], "chi2_level": 0.997, "chi2_df": 3, "chi2_threshold": 13.931422665512084, "N_raw": 72, "N_roi": 72, "N_inlier": 65, "refit": true}
{"timestamp": "15:21:41.327648", "frame": 65, "mu": [-1.3398295645769769, 1.8768345701263658, 1.4931855172679462], "Sigma": [[0.0049377288856077995, -0.00019457010031600315, -0.0030026320386861488], [-0.00019457010031600315, 0.005845141614980555, -0.0018621875957070717], [-0.0030026320386861483, -0.0018621875957070717, 0.003802770709266624]], "chi2_level": 0.997, "chi2_df": 3, "chi2_threshold": 13.931422665512084, "N_raw": 41, "N_roi": 41, "N_inlier": 39, "refit": true}
{"timestamp": "15:21:41.380899", "frame": 66, "mu": [-1.5056992956725241, 1.7843370677697932, 1.5750195233301614], "Sigma": [[0.08397025503636525, 0.05099438434129583, -0.05912273677669353], [0.05099438434129583, 0.034575004755521596, -0.03988256178743653], [-0.05912273677669353, -0.03988256178743653, 0.04883289223899473]], "chi2_level": 0.997, "chi2_df": 3, "chi2_threshold": 13.931422665512084, "N_raw": 37, "N_roi": 37, "N_inlier": 34, "refit": true}
{"timestamp": "15:21:41.434713", "frame": 67, "mu": [-1.4357875811731302, 1.9656465038726236, 1.3190631004927216], "Sigma": [[0.003675569359478995, -0.0020639063616827323, 0.004582897532315162], [-0.002063906361682732, 0.0037422592310192046, -0.009501969945233823], [0.004582897532315162, -0.009501969945233823, 0.059015395053977876]], "chi2_level": 0.997, "chi2_df": 3, "chi2_threshold": 13.931422665512084, "N_raw": 19, "N_roi": 19, "N_inlier": 16, "refit": true}
{"timestamp": "15:21:41.489676", "frame": 68, "mu": [-1.5583634723405653, 1.9369741800069613, 1.1982077038555274], "Sigma": [[0.12105092375884939, 0.07688837010634131, -0.2141273885480494], [0.07688837010634131, 0.07091379742036434, -0.13360608139936567], [-0.2141273885480494, -0.13360608139936567, 0.5829378168622131]], "chi2_level": 0.997, "chi2_df": 3, "chi2_threshold": 13.931422665512084, "N_raw": 28, "N_roi": 28, "N_inlier": 28, "refit": true}
{"timestamp": "15:21:41.546664", "frame": 69, "mu": [-1.4111960186295076, 2.143385693642949, -0.3324195318345084], "Sigma": [[0.008887565564867474, 0.002689579753255864, -0.00265713292286614], [0.002689579753255864, 0.0057472913634477865, 0.001206337100924393], [-0.002657132922866139, 0.001206337100924393, 0.030483780199778876]], "chi2_level": 0.997, "chi2_df": 3, "chi2_threshold": 13.931422665512084, "N_raw": 41, "N_roi": 41, "N_inlier": 39, "refit": true}
{"timestamp": "15:21:41.603118", "frame": 70, "mu": [-1.393768805532276, 2.1182670401418986, 1.102182043045919], "Sigma": [[0.008523771405464516, -0.001302479619972552, 0.0033434371808740105], [-0.0013024796199725523, 0.004224164581974347, 0.0029345788089101075], [0.0033434371808740114, 0.0029345788089101075, 0.16504112446784186]], "chi2_level": 0.997, "chi2_df": 3, "chi2_threshold": 13.931422665512084, "N_raw": 51, "N_roi": 51, "N_inlier": 51, "refit": true}
{"timestamp": "15:21:41.661629", "frame": 71, "mu": [-1.410964030202535, 2.2803157642409895, -0.2041874660783785], "Sigma": [[0.009790920195327653, -0.00019535783296882803, -0.004721464454775909], [-0.00019535783296882798, 0.014316620076333013, -0.02965109789524742], [-0.0047214644547759095, -0.02965109789524742, 0.24461595111408613]], "chi2_level": 0.997, "chi2_df": 3, "chi2_threshold": 13.931422665512084, "N_raw": 77, "N_roi": 77, "N_inlier": 77, "refit": true}
{"timestamp": "15:21:41.709580", "frame": 72, "mu": [-1.4165994030620506, 2.237231967790534, 1.52330703065214], "Sigma": [[0.0070865779951694505, 0.0014935450000502246, -0.00432232614533742], [0.0014935450000502248, 0.0026739933601932268, -0.0015473744310848772], [-0.00432232614533742, -0.0015473744310848772, 0.003639437472567766]], "chi2_level": 0.997, "chi2_df": 3, "chi2_threshold": 13.931422665512084, "N_raw": 26, "N_roi": 25, "N_inlier": 24, "refit": true}
{"timestamp": "15:21:41.765564", "frame": 73, "mu": [-1.46942927324657, 2.386376871693298, 1.5788972464975388], "Sigma": [[0.007979189377955907, 0.003234711372916301, -0.011341633851670056], [0.003234711372916301, 0.004599883844897445, -0.00863735456185728], [-0.011341633851670054, -0.00863735456185728, 0.03428563440518493]], "chi2_level": 0.997, "chi2_df": 3, "chi2_threshold": 13.931422665512084, "N_raw": 37, "N_roi": 37, "N_inlier": 35, "refit": true}
{"timestamp": "15:21:41.822925", "frame": 74, "mu": [-1.5174954038322257, 2.4006607544647713, 1.1890371628544167], "Sigma": [[0.008159338294968857, 0.002560696979200178, -0.009072944729022798], [0.0025606969792001783, 0.004579482985280604, -0.029209906509309363], [-0.009072944729022798, -0.02920990650930936, 0.32266024746093386]], "chi2_level": 0.997, "chi2_df": 3, "chi2_threshold": 13.931422665512084, "N_raw": 47, "N_roi": 47, "N_inlier": 47, "refit": true}
{"timestamp": "15:21:41.878404", "frame": 75, "mu": [-1.4656051341278897, 2.5081679336188087, 0.6194454828190424], "Sigma": [[0.010342817276211655, -0.0026973727964021343, 0.02966576354503346], [-0.0026973727964021343, 0.009905434945810419, -0.03399254441134795], [0.02966576354503346, -0.03399254441134795, 0.41659758528929686]], "chi2_level": 0.997, "chi2_df": 3, "chi2_threshold": 13.931422665512084, "N_raw": 51, "N_roi": 51, "N_inlier": 51, "refit": true}
{"timestamp": "15:21:41.939067", "frame": 76, "mu": [-1.4584644670343592, 2.6553212380935074, -0.016080708634710898], "Sigma": [[0.012121621279620168, 0.0032102258995189053, 0.0037842766576132504], [0.003210225899518906, 0.03421666728216417, -0.0760059023608447], [0.003784276657613251, -0.0760059023608447, 0.2342939209838093]], "chi2_level": 0.997, "chi2_df": 3, "chi2_threshold": 13.931422665512084, "N_raw": 85, "N_roi": 85, "N_inlier": 85, "refit": true}
{"timestamp": "15:21:41.990013", "frame": 77, "mu": [-1.4332417438888785, 2.514248470879556, 1.244405889485488], "Sigma": [[0.011567967973945499, 0.0005288131831012668, -0.026112018349355087], [0.0005288131831012665, 0.004499147650040199, -0.0047911219207675965], [-0.026112018349355087, -0.004791121920767598, 0.45314585249812506]], "chi2_level": 0.997, "chi2_df": 3, "chi2_threshold": 13.931422665512084, "N_raw": 58, "N_roi": 58, "N_inlier": 58, "refit": true}
{"timestamp": "15:21:42.042754", "frame": 78, "mu": [-1.6019222232578045, 2.543679406879483, 1.6177161213485753], "Sigma": [[0.016250232786316352, 0.004762130122092852, -0.011640253863753707], [0.004762130122092853, 0.004924648610006505, -0.003978264547204541], [-0.011640253863753707, -0.003978264547204541, 0.010174739106858906]], "chi2_level": 0.997, "chi2_df": 3, "chi2_threshold": 13.931422665512084, "N_raw": 45, "N_roi": 45, "N_inlier": 42, "refit": true}
{"timestamp": "15:21:42.095874", "frame": 79, "mu": [-1.4469644459458029, 2.641089967415023, 1.6465986871098173], "Sigma": [[0.009764999367618083, 0.001496195289313899, -0.007008056321991677], [0.001496195289313899, 0.0040713026723627295, -0.00015883920584260362], [-0.007008056321991678, -0.00015883920584260357, 0.006314865654886403]], "chi2_level": 0.997, "chi2_df": 3, "chi2_threshold": 13.931422665512084, "N_raw": 35, "N_roi": 35, "N_inlier": 33, "refit": true}
{"timestamp": "15:21:42.147245", "frame": 80, "mu": [-1.4938571820749649, 2.689137298144346, 1.097570690434799], "Sigma": [[0.01242445114981596, 0.0029438765550330952, 0.04731852031974815], [0.0029438765550330957, 0.01089976230579577, 0.013522363934818135], [0.04731852031974815, 0.013522363934818135, 0.28450297556672616]], "chi2_level": 0.997, "chi2_df": 3, "chi2_threshold": 13.931422665512084, "N_raw": 9, "N_roi": 9, "N_inlier": 9, "refit": true}
{"timestamp": "15:21:42.204897", "frame": 81, "mu": [-1.4766408758190244, 2.8964180612105466, -0.3675947875905607], "Sigma": [[0.01563525490668642, -0.007341696754973048, 0.04198806843879321], [-0.007341696754973048, 0.007632335036481994, -0.03039320169099815], [0.041988068438793213, -0.03039320169099815, 0.21063578873470165]], "chi2_level": 0.997, "chi2_df": 3, "chi2_threshold": 13.931422665512084, "N_raw": 25, "N_roi": 25, "N_inlier": 23, "refit": true}
{"timestamp": "15:21:42.264928", "frame": 82, "mu": [-1.3309600500221612, 2.782809320646077, -0.48786438763585827], "Sigma": [[0.019269831841642236, 0.006020069888553144, 0.0365406896899827], [0.006020069888553144, 0.00827130883434703, 0.016803685061997697], [0.0365406896899827, 0.016803685061997697, 0.12014654599783806]], "chi2_level": 0.997, "chi2_df": 3, "chi2_threshold": 13.931422665512084, "N_raw": 62, "N_roi": 59, "N_inlier": 56, "refit": true}
{"timestamp": "15:21:42.316318", "frame": 83, "mu": [-1.2459373004949703, 2.8455178915524453, 0.08332166884128456], "Sigma": [[0.009928369171129974, 0.0031092366528891868, 0.0032416912742081632], [0.003109236652889186, 0.005399863461699107, 0.00271329660122485], [0.003241691274208165, 0.0027132966012248503, 0.025257890413315626]], "chi2_level": 0.997, "chi2_df": 3, "chi2_threshold": 13.931422665512084, "N_raw": 35, "N_roi": 35, "N_inlier": 33, "refit": true}
{"timestamp": "15:21:42.370204", "frame": 84, "mu": [-1.2387158741661555, 2.8770264215631562, -0.3475984092984412], "Sigma": [[0.009072619525625096, 0.003075153682786768, 0.021606903074996887], [0.003075153682786768, 0.005026124569764042, 0.014184540445889432], [0.02160690307499689, 0.014184540445889432, 0.10168941233446416]], "chi2_level": 0.997, "chi2_df": 3, "chi2_threshold": 13.931422665512084, "N_raw": 31, "N_roi": 30, "N_inlier": 30, "refit": true}
{"timestamp": "15:21:42.426962", "frame": 85, "mu": [-1.3321573074710726, 2.9592699957549997, 1.172815829201182], "Sigma": [[0.012744233193926436, -0.002681278639838082, 0.00978530648274765], [-0.002681278639838082, 0.004432945685710326, -0.01999646757065045], [0.009785306482747651, -0.019996467570650447, 0.12522074671646172]], "chi2_level": 0.997, "chi2_df": 3, "chi2_threshold": 13.931422665512084, "N_raw": 45, "N_roi": 45, "N_inlier": 43, "refit": true}
{"timestamp": "15:21:42.482580", "frame": 86, "mu": [-1.4615852112422867, 3.012400047752964, 0.5109760143629994], "Sigma": [[0.02200721439756823, 0.00432146870200491, 0.019929597952126808], [0.00432146870200491, 0.0016255975715421189, -0.0017964337969412177], [0.019929597952126805, -0.0017964337969412175, 0.1513140622774156]], "chi2_level": 0.997, "chi2_df": 3, "chi2_threshold": 13.931422665512084, "N_raw": 45, "N_roi": 42, "N_inlier": 40, "refit": true}
