{"timestamp": "15:43:18.834886", "frame": 3, "mu": [-2.1263374618536934, 4.963516880689882, 1.2403311906358472], "Sigma": [[0.00989897628466586, 0.0003471129528579578, 0.0004939526788091529], [0.0003471129528579577, 0.0004285318178955585, -0.00021218929913592997], [0.0004939526788091529, -0.00021218929913593, 0.00031615592857874676]], "chi2_level": 0.997, "chi2_df": 3, "chi2_threshold": 13.931422665512084, "N_raw": 20, "N_roi": 9, "N_inlier": 8, "refit": true}
{"timestamp": "15:43:19.167980", "frame": 9, "mu": [-2.030271580842283, 4.948641207921739, 1.137398201605878], "Sigma": [[0.02246039376191976, 0.0015605075625096077, -0.007806204769626856], [0.0015605075625096075, 0.0007820090333039558, -0.0015223158702130763], [-0.007806204769626854, -0.0015223158702130765, 0.0072773210449111]], "chi2_level": 0.997, "chi2_df": 3, "chi2_threshold": 13.931422665512084, "N_raw": 43, "N_roi": 15, "N_inlier": 15, "refit": true}
{"timestamp": "15:43:19.221424", "frame": 10, "mu": [-2.0715153610797006, 4.961109844795312, 0.9499347058928111], "Sigma": [[0.01371434241775518, 0.00015104317402693388, 0.007792463996257368], [0.00015104317402693388, 0.0007072166790329732, -0.0023790036243528335], [0.007792463996257368, -0.0023790036243528335, 0.018564620635103384]], "chi2_level": 0.997, "chi2_df": 3, "chi2_threshold": 13.931422665512084, "N_raw": 31, "N_roi": 12, "N_inlier": 12, "refit": true}
{"timestamp": "15:43:19.275206", "frame": 11, "mu": [-2.1235172538617193, 4.947576391215491, 0.9524729565481388], "Sigma": [[0.010490749854049288, -0.0006975103385141511, 0.007920908993294196], [-0.000697510338514151, 0.0010853264802213774, -0.0020632311777863508], [0.007920908993294196, -0.0020632311777863508, 0.033495471406054265]], "chi2_level": 0.997, "chi2_df": 3, "chi2_threshold": 13.931422665512084, "N_raw": 20, "N_roi": 11, "N_inlier": 11, "refit": true}
{"timestamp": "15:43:19.388205", "frame": 13, "mu": [-1.9226297471948155, 4.921307948629961, 1.1743646354652115], "Sigma": [[0.030375056706157366, 0.0054227110669963965, -0.009164489043848157], [0.0054227110669963965, 0.0021449072858008185, -0.0041418236676004465], [-0.009164489043848157, -0.0041418236676004465, 0.010895076524349514]], "chi2_level": 0.997, "chi2_df": 3, "chi2_threshold": 13.931422665512084, "N_raw": 40, "N_roi": 26, "N_inlier": 25, "refit": true}
{"timestamp": "15:43:19.502151", "frame": 15, "mu": [-2.049236597479788, 4.917454691974357, 1.1190243859325384], "Sigma": [[0.04218139474355517, 0.0044273726835937065, -0.00044666074197202807], [0.004427372683593707, 0.003005689416117557, -0.006484834205531175], [-0.00044666074197202807, -0.006484834205531175, 0.02161228345026145]], "chi2_level": 0.997, "chi2_df": 3, "chi2_threshold": 13.931422665512084, "N_raw": 66, "N_roi": 45, "N_inlier": 45, "refit": true}
{"timestamp": "15:43:19.554799", "frame": 16, "mu": [-2.129994139165424, 4.925620656216847, 0.9231628387569202], "Sigma": [[0.028603448827071998, 0.004771096747092481, -0.011838301049194937], [0.004771096747092481, 0.001991369589916797, -0.004184006927740671], [-0.011838301049194937, -0.004184006927740671, 0.011694724164029911]], "chi2_level": 0.997, "chi2_df": 3, "chi2_threshold": 13.931422665512084, "N_raw": 35, "N_roi": 24, "N_inlier": 24, "refit": true}
{"timestamp": "15:43:19.609568", "frame": 17, "mu": [-1.9464435335897285, 4.8673207004863865, 0.5773087994644227], "Sigma": [[0.04369542204621221, 0.0065441161394121025, -0.021681340049551377], [0.0065441161394121025, 0.0019318602354000565, -0.006517225633282036], [-0.02168134004955138, -0.006517225633282036, 0.035103726744685926]], "chi2_level": 0.997, "chi2_df": 3, "chi2_threshold": 13.931422665512084, "N_raw": 42, "N_roi": 42, "N_inlier": 42, "refit": true}
{"timestamp": "15:43:19.715875", "frame": 19, "mu": [-1.720850519829185, 4.882046862479301, 0.639756212211939], "Sigma": [[0.029705518089134606, 0.0009725042812546315, -0.010228420235937114], [0.0009725042812546319, 0.0013974964228637735, -0.0003080294539420175], [-0.010228420235937114, -0.00030802945394201747, 0.008097631881624677]], "chi2_level": 0.997, "chi2_df": 3, "chi2_threshold": 13.931422665512084, "N_raw": 18, "N_roi": 18, "N_inlier": 18, "refit": true}
{"timestamp": "15:43:19.774769", "frame": 20, "mu": [-1.7948684122707144, 4.841089299447817, 0.7839654742790937], "Sigma": [[0.04105183605815628, 0.006708844174702607, -0.013645253326142229], [0.006708844174702607, 0.0034422641077604716, -0.005761560611230244], [-0.013645253326142229, -0.005761560611230244, 0.014728947528904789]], "chi2_level": 0.997, "chi2_df": 3, "chi2_threshold": 13.931422665512084, "N_raw": 43, "N_roi": 43, "N_inlier": 43, "refit": true}
{"timestamp": "15:43:19.831276", "frame": 21, "mu": [-1.8170844861465814, 4.796825018469243, 0.7706295776441077], "Sigma": [[0.044276566289900315, 0.0072480379576270095, -0.01611918865462454], [0.0072480379576270095, 0.0044189976085727166, -0.005530472771205522], [-0.016119188654624538, -0.005530472771205522, 0.01149181369027557]], "chi2_level": 0.997, "chi2_df": 3, "chi2_threshold": 13.931422665512084, "N_raw": 52, "N_roi": 51, "N_inlier": 50, "refit": true}
{"timestamp": "15:43:19.880170", "frame": 22, "mu": [-1.8255037917693646, 4.769901058497961, 0.8716621657101363], "Sigma": [[0.022042661425473495, 0.0002303477510455621, 0.010815738998757353], [0.00023034775104556222, 0.0011468758244155232, -0.0027457927621171345], [0.010815738998757353, -0.0027457927621171345, 0.03647137865423027]], "chi2_level": 0.997, "chi2_df": 3, "chi2_threshold": 13.931422665512084, "N_raw": 10, "N_roi": 10, "N_inlier": 10, "refit": true}
{"timestamp": "15:43:19.935219", "frame": 23, "mu": [-1.7958724784400855, 4.741089804939436, 0.7706073451475091], "Sigma": [[0.007178948852557811, 0.002293846504617917, -0.007598287823637377], [0.002293846504617917, 0.0021829730076861607, -0.0037059430167107363], [-0.007598287823637377, -0.0037059430167107367, 0.011716421136447152]], "chi2_level": 0.997, "chi2_df": 3, "chi2_threshold": 13.931422665512084, "N_raw": 16, "N_roi": 13, "N_inlier": 13, "refit": true}
{"timestamp": "15:43:19.996003", "frame": 24, "mu": [-1.9897799694676275, 4.705976185321668, 0.9459416334195976], "Sigma": [[0.03845543481509329, 0.007920908239577265, -0.021859921753955555], [0.007920908239577265, 0.004346092691104973, -0.008979241224651607], [-0.021859921753955555, -0.008979241224651607, 0.025029340745088485]], "chi2_level": 0.997, "chi2_df": 3, "chi2_threshold": 13.931422665512084, "N_raw": 51, "N_roi": 49, "N_inlier": 49, "refit": true}
{"timestamp": "15:43:20.046776", "frame": 25, "mu": [-1.8742612858386538, 4.63623310761603, 1.0314496280978482], "Sigma": [[0.011660794386734244, 0.0026599478773627733, -0.01668655544482381], [0.0026599478773627733, 0.0020763971311358394, -0.002689525582956461], [-0.01668655544482381, -0.002689525582956461, 0.08669384814393549]], "chi2_level": 0.997, "chi2_df": 3, "chi2_threshold": 13.931422665512084, "N_raw": 20, "N_roi": 18, "N_inlier": 18, "refit": true}
{"timestamp": "15:43:20.103359", "frame": 26, "mu": [-1.7707211241959617, 4.61202409065912, 0.5857656339966173], "Sigma": [[0.027901146401951724, 0.0034032737575032273, -0.015975601674586865], [0.003403273757503227, 0.0014492650185565085, -0.0027004968921516947], [-0.015975601674586865, -0.0027004968921516947, 0.01873753558982165]], "chi2_level": 0.997, "chi2_df": 3, "chi2_threshold": 13.931422665512084, "N_raw": 32, "N_roi": 28, "N_inlier": 26, "refit": true}
{"timestamp": "15:43:20.209579", "frame": 28, "mu": [-1.781415727173537, 4.302684469700372, 1.0429133760302014], "Sigma": [[0.27674077617369147, -0.5725048005720184, 0.16752582586615508], [-0.5725048005720184, 1.279656071060457, -0.35428395176644123], [0.1675258258661551, -0.35428395176644123, 0.15956206724929747]], "chi2_level": 0.997, "chi2_df": 3, "chi2_threshold": 13.931422665512084, "N_raw": 8, "N_roi": 8, "N_inlier": 8, "refit": true}
{"timestamp": "15:43:20.266936", "frame": 29, "mu": [-1.8456956012451151, 4.509202605361221, 0.7298904753548289], "Sigma": [[0.021163825740973936, 0.004034642388308931, -0.008700829306040743], [0.004034642388308931, 0.0010617801247706055, -0.0030464667910285207], [-0.008700829306040743, -0.0030464667910285203, 0.03086203291594627]], "chi2_level": 0.997, "chi2_df": 3, "chi2_threshold": 13.931422665512084, "N_raw": 23, "N_roi": 20, "N_inlier": 20, "refit": true}
{"timestamp": "15:43:20.323263", "frame": 30, "mu": [-1.8629239675184832, 4.541059395703271, 0.7656557313779362], "Sigma": [[0.02008342413916131, 0.0024690141307286205, -0.01755611018128131], [0.00246901413072862, 0.0009647991506074293, -0.004643925172521062], [-0.01755611018128131, -0.004643925172521062, 0.04008923768200928]], "chi2_level": 0.997, "chi2_df": 3, "chi2_threshold": 13.931422665512084, "N_raw": 26, "N_roi": 26, "N_inlier": 26, "refit": true}
{"timestamp": "15:43:20.381630", "frame": 31, "mu": [-1.8764460406325731, 4.4963957791215226, 0.7796811506300039], "Sigma": [[0.03592502732429839, 0.005300252184055722, -0.02617368950451209], [0.005300252184055722, 0.0025170289660683904, -0.008781394154264308], [-0.026173689504512085, -0.008781394154264308, 0.040738919607620286]], "chi2_level": 0.997, "chi2_df": 3, "chi2_threshold": 13.931422665512084, "N_raw": 52, "N_roi": 50, "N_inlier": 50, "refit": true}
{"timestamp": "15:43:20.431473", "frame": 32, "mu": [-1.8131619512311488, 4.435387737528162, 0.5776859219745465], "Sigma": [[0.019093642463180946, 0.0006408751127228238, -0.012412127998911844], [0.0006408751127228238, 0.0008724888909808378, -0.0019539469559053785], [-0.012412127998911844, -0.0019539469559053785, 0.01906423700193329]], "chi2_level": 0.997, "chi2_df": 3, "chi2_threshold": 13.931422665512084, "N_raw": 16, "N_roi": 14, "N_inlier": 14, "refit": true}
{"timestamp": "15:43:20.486930", "frame": 33, "mu": [-1.8707881229618493, 4.39154135826704, 0.6713744993922581], "Sigma": [[0.011355456060773957, 0.002199665347637602, -0.011134779669976173], [0.002199665347637602, 0.0010719920976012091, -0.004637358998249399], [-0.011134779669976174, -0.004637358998249399, 0.03550788204904612]], "chi2_level": 0.997, "chi2_df": 3, "chi2_threshold": 13.931422665512084, "N_raw": 20, "N_roi": 17, "N_inlier": 17, "refit": true}
{"timestamp": "15:43:20.543799", "frame": 34, "mu": [-1.7816614197146956, 4.373942253467995, 0.8312775483008326], "Sigma": [[0.024420566839543766, 0.0039211375014657004, -0.012252406141875569], [0.0039211375014657004, 0.00372260421354232, -0.003037579882873085], [-0.012252406141875569, -0.003037579882873085, 0.00876248582192169]], "chi2_level": 0.997, "chi2_df": 3, "chi2_threshold": 13.931422665512084, "N_raw": 36, "N_roi": 33, "N_inlier": 33, "refit": true}
{"timestamp": "15:43:20.601202", "frame": 35, "mu": [-1.789165510213063, 4.333397355357074, 0.8269109435540598], "Sigma": [[0.033894474585941636, 0.004966594351215275, -0.01929209852771696], [0.004966594351215274, 0.004131298953866933, -0.006926824197179936], [-0.01929209852771696, -0.006926824197179936, 0.01875626146842429]], "chi2_level": 0.997, "chi2_df": 3, "chi2_threshold": 13.931422665512084, "N_raw": 52, "N_roi": 51, "N_inlier": 51, "refit": true}
{"timestamp": "15:43:20.655015", "frame": 36, "mu": [-1.837928758973899, 4.320213319625733, 1.0298230536997945], "Sigma": [[0.02920744133256037, 0.008456005289095205, -0.017644200605175325], [0.008456005289095207, 0.004902847103355785, -0.008925427092970454], [-0.017644200605175325, -0.008925427092970454, 0.020405017111438342]], "chi2_level": 0.997, "chi2_df": 3, "chi2_threshold": 13.931422665512084, "N_raw": 42, "N_roi": 42, "N_inlier": 40, "refit": true}
{"timestamp": "15:43:20.709417", "frame": 37, "mu": [-1.8398702876288473, 4.256850495714996, 1.0748093116429307], "Sigma": [[0.0286153648467603, 0.008459200663455409, -0.030732627535069546], [0.008459200663455409, 0.003949172863845271, -0.012286261154263966], [-0.030732627535069546, -0.012286261154263966, 0.04356868186468574]], "chi2_level": 0.997, "chi2_df": 3, "chi2_threshold": 13.931422665512084, "N_raw": 36, "N_roi": 36, "N_inlier": 35, "refit": true}
{"timestamp": "15:43:20.767075", "frame": 38, "mu": [-1.772289062460778, 4.226072048980904, 0.8652826983986943], "Sigma": [[0.02857911427403053, 0.00589061215740087, -0.013842866487276248], [0.005890612157400869, 0.0031765097794169035, -0.010637501275827813], [-0.013842866487276248, -0.010637501275827813, 0.051168332170114586]], "chi2_level": 0.997, "chi2_df": 3, "chi2_threshold": 13.931422665512084, "N_raw": 58, "N_roi": 58, "N_inlier": 56, "refit": true}
{"timestamp": "15:43:20.822060", "frame": 39, "mu": [-1.8281738922692365, 4.202707637023219, 0.8319271883147678], "Sigma": [[0.034930662952667585, 0.0035654193176792083, -0.011967500276913571], [0.0035654193176792083, 0.0025585097750734347, -0.006257467121399935], [-0.01196750027691357, -0.006257467121399935, 0.02181482101493899]], "chi2_level": 0.997, "chi2_df": 3, "chi2_threshold": 13.931422665512084, "N_raw": 53, "N_roi": 53, "N_inlier": 52, "refit": true}
{"timestamp": "15:43:20.876002", "frame": 40, "mu": [-1.9489454941394149, 4.12935228533485, 0.8384299261409128], "Sigma": [[0.03393296273670148, 0.005720785532966731, -0.008712941977771893], [0.005720785532966731, 0.002617259540702489, -0.00550665646810627], [-0.008712941977771893, -0.005506656468106271, 0.01947343780986821]], "chi2_level": 0.997, "chi2_df": 3, "chi2_threshold": 13.931422665512084, "N_raw": 48, "N_roi": 48, "N_inlier": 48, "refit": true}
{"timestamp": "15:43:20.931909", "frame": 41, "mu": [-1.9210314070713759, 4.102942026093223, 0.7372660196717912], "Sigma": [[0.0316747897738595, 0.0028169993294935277, -0.024456431599583266], [0.0028169993294935277, 0.002106562977925802, -0.006947219979171417], [-0.024456431599583266, -0.006947219979171417, 0.037455901100461375]], "chi2_level": 0.997, "chi2_df": 3, "chi2_threshold": 13.931422665512084, "N_raw": 54, "N_roi": 54, "N_inlier": 53, "refit": true}
{"timestamp": "15:43:20.985008", "frame": 42, "mu": [-1.9074531201007077, 4.081752209067436, 0.8392501630780018], "Sigma": [[0.03715612232591074, 0.0021607883588645543, -0.011582686497197127], [0.0021607883588645543, 0.0014285723189524692, -0.0033782344879843473], [-0.01158268649719713, -0.0033782344879843473, 0.014673242086541409]], "chi2_level": 0.997, "chi2_df": 3, "chi2_threshold": 13.931422665512084, "N_raw": 41, "N_roi": 41, "N_inlier": 39, "refit": true}
{"timestamp": "15:43:21.036807", "frame": 43, "mu": [-1.8704922328190559, 4.029350721770206, 0.434287393692309], "Sigma": [[0.049070218268133965, 0.0029704042895973854, -0.00914532075487884], [0.0029704042895973854, 0.006862821613615079, -3.435043252404571e-05], [-0.009145320754878842, -3.435043252404614e-05, 0.02553374270155713]], "chi2_level": 0.997, "chi2_df": 3, "chi2_threshold": 13.931422665512084, "N_raw": 18, "N_roi": 18, "N_inlier": 17, "refit": true}
{"timestamp": "15:43:21.096363", "frame": 44, "mu": [-1.8531401259481761, 4.161827993118777, -0.12271694598321496], "Sigma": [[0.0323822557277777, 0.008629692960949977, -0.00851686159733064], [0.008629692960949979, 0.007209773364424154, -0.019202099928268452], [-0.00851686159733064, -0.01920209992826845, 0.07015000208195804]], "chi2_level": 0.997, "chi2_df": 3, "chi2_threshold": 13.931422665512084, "N_raw": 57, "N_roi": 57, "N_inlier": 56, "refit": true}
{"timestamp": "15:43:21.151904", "frame": 45, "mu": [-1.9094176753788716, 3.9561993967933673, 0.8546044269845388], "Sigma": [[0.049595492992423496, 0.00792837031923173, 0.004326340861105267], [0.00792837031923173, 0.003418398466932386, -0.0018694450102240147], [0.004326340861105267, -0.0018694450102240152, 0.02018864174647622]], "chi2_level": 0.997, "chi2_df": 3, "chi2_threshold": 13.931422665512084, "N_raw": 58, "N_roi": 58, "N_inlier": 56, "refit": true}
{"timestamp": "15:43:21.209065", "frame": 46, "mu": [-1.7667761280408705, 3.9511593211724536, 0.8395906505152135], "Sigma": [[0.04379010234524447, 0.005206439109947223, -0.008627863765417838], [0.005206439109947223, 0.00513591662820726, -0.004347588002943545], [-0.00862786376541784, -0.004347588002943544, 0.008521245411316535]], "chi2_level": 0.997, "chi2_df": 3, "chi2_threshold": 13.931422665512084, "N_raw": 67, "N_roi": 67, "N_inlier": 67, "refit": true}
{"timestamp": "15:43:21.260250", "frame": 47, "mu": [-1.6864738767352883, 3.928142293119973, 0.8990250556128812], "Sigma": [[0.029448804809311745, 0.005569029824554202, -0.01750628279586177], [0.005569029824554202, 0.0034497148201831137, -0.00678653972321454], [-0.01750628279586177, -0.00678653972321454, 0.020306619410665867]], "chi2_level": 0.997, "chi2_df": 3, "chi2_threshold": 13.931422665512084, "N_raw": 42, "N_roi": 42, "N_inlier": 40, "refit": true}
{"timestamp": "15:43:21.318281", "frame": 48, "mu": [-1.9189283387669993, 3.8035096679105536, 0.9312639750953166], "Sigma": [[0.029580871973063957, 0.00473079973135946, -0.004825889545430363], [0.00473079973135946, 0.003671784662064471, -0.010762968000493383], [-0.004825889545430363, -0.010762968000493383, 0.04123285346039981]], "chi2_level": 0.997, "chi2_df": 3, "chi2_threshold": 13.931422665512084, "N_raw": 66, "N_roi": 66, "N_inlier": 64, "refit": true}
{"timestamp": "15:43:21.375341", "frame": 49, "mu": [-1.934702602236752, 3.7818825742837423, 0.9320455852683075], "Sigma": [[0.036023980378967965, 0.002375821576405025, -0.013929281467784865], [0.0023758215764050246, 0.002850277267276689, -0.009054347592880275], [-0.013929281467784865, -0.009054347592880275, 0.037947710680195416]], "chi2_level": 0.997, "chi2_df": 3, "chi2_threshold": 13.931422665512084, "N_raw": 75, "N_roi": 75, "N_inlier": 74, "refit": true}
{"timestamp": "15:43:21.425463", "frame": 50, "mu": [-1.9215002927011913, 3.763096481838068, 0.7391942201768752], "Sigma": [[0.05542785765018127, 0.0030897717543841466, -0.006975027746364413], [0.0030897717543841466, 0.0030844551737649814, -0.003763168875128751], [-0.006975027746364413, -0.003763168875128751, 0.010191965911851121]], "chi2_level": 0.997, "chi2_df": 3, "chi2_threshold": 13.931422665512084, "N_raw": 41, "N_roi": 41, "N_inlier": 39, "refit": true}
{"timestamp": "15:43:21.481562", "frame": 51, "mu": [-1.7821845390977917, 3.7160502845278205, 0.9170648042929666], "Sigma": [[0.02723368293547398, 0.00480107764942319, -0.014604080664404832], [0.00480107764942319, 0.003976103946621137, -0.007954248459750856], [-0.014604080664404832, -0.007954248459750856, 0.022421386891070233]], "chi2_level": 0.997, "chi2_df": 3, "chi2_threshold": 13.931422665512084, "N_raw": 52, "N_roi": 52, "N_inlier": 52, "refit": true}
{"timestamp": "15:43:21.534774", "frame": 52, "mu": [-1.7462617911841185, 3.715110466668783, 0.8166350113188738], "Sigma": [[0.019528023476830036, 0.0020855852804701203, -0.01233442789794643], [0.0020855852804701203, 0.0015350953216394971, -0.004470381023096615], [-0.012334427897946428, -0.004470381023096615, 0.040401859101469394]], "chi2_level": 0.997, "chi2_df": 3, "chi2_threshold": 13.931422665512084, "N_raw": 45, "N_roi": 45, "N_inlier": 45, "refit": true}
{"timestamp": "15:43:21.587609", "frame": 53, "mu": [-1.7181304585794606, 3.6634714610027563, 0.7863483066453575], "Sigma": [[0.00804371698546798, 0.0014036008067513518, -0.00839884450241388], [0.0014036008067513516, 0.0012985985697464648, -0.004418808387430839], [-0.00839884450241388, -0.004418808387430839, 0.021448506680950715]], "chi2_level": 0.997, "chi2_df": 3, "chi2_threshold": 13.931422665512084, "N_raw": 24, "N_roi": 24, "N_inlier": 22, "refit": true}
{"timestamp": "15:43:21.643692", "frame": 54, "mu": [-1.8507736283054947, 3.569052593610539, 0.8153028424115746], "Sigma": [[0.018371852761099053, 0.005093655815386273, -0.0018832820978465642], [0.005093655815386273, 0.0036353168634205933, -0.006829099462579912], [-0.0018832820978465638, -0.006829099462579912, 0.10699083837663909]], "chi2_level": 0.997, "chi2_df": 3, "chi2_threshold": 13.931422665512084, "N_raw": 35, "N_roi": 35, "N_inlier": 35, "refit": true}
{"timestamp": "15:43:21.698695", "frame": 55, "mu": [-1.7236660399005703, 3.781844101781382, -0.43871553099630434], "Sigma": [[0.01989832503553171, 0.006800272998566616, -0.012547240294047125], [0.006800272998566616, 0.004768702138672501, -0.007921395034515217], [-0.012547240294047125, -0.007921395034515217, 0.014852030127322094]], "chi2_level": 0.997, "chi2_df": 3, "chi2_threshold": 13.931422665512084, "N_raw": 35, "N_roi": 35, "N_inlier": 35, "refit": true}
{"timestamp": "15:43:21.757612", "frame": 56, "mu": [-1.7487241744681263, 3.5094715787970503, 0.8269068797237864], "Sigma": [[0.024174369155553814, 0.002512559073833847, -0.017349999638512133], [0.002512559073833847, 0.0018139593603476824, -0.007519806630839677], [-0.017349999638512133, -0.007519806630839677, 0.050585293469985866]], "chi2_level": 0.997, "chi2_df": 3, "chi2_threshold": 13.931422665512084, "N_raw": 61, "N_roi": 61, "N_inlier": 61, "refit": true}
{"timestamp": "15:43:21.812992", "frame": 57, "mu": [-1.8030184990331113, 3.449350412129357, 0.937730163170214], "Sigma": [[0.02622649897372977, 0.003925846808421949, -0.010853043757148023], [0.003925846808421949, 0.0033222192487321976, -0.007950964104439536], [-0.010853043757148023, -0.007950964104439536, 0.02525483494498946]], "chi2_level": 0.997, "chi2_df": 3, "chi2_threshold": 13.931422665512084, "N_raw": 62, "N_roi": 62, "N_inlier": 62, "refit": true}
{"timestamp": "15:43:21.864913", "frame": 58, "mu": [-1.7190033971176204, 3.402500526966455, 0.845580662013084], "Sigma": [[0.022901518333975718, 0.005141559658707604, -0.004261684881972544], [0.005141559658707604, 0.0026682199535514135, -0.0037465044538961935], [-0.004261684881972544, -0.0037465044538961935, 0.00956734086689945]], "chi2_level": 0.997, "chi2_df": 3, "chi2_threshold": 13.931422665512084, "N_raw": 40, "N_roi": 40, "N_inlier": 39, "refit": true}
{"timestamp": "15:43:21.922533", "frame": 59, "mu": [-1.8770029110670934, 3.420907090759663, 0.047388465427436195], "Sigma": [[0.02696693886827006, 0.00971513407056581, -0.016929061362676405], [0.00971513407056581, 0.01038769555118062, -0.014280768200566602], [-0.016929061362676405, -0.014280768200566602, 0.02163216658632127]], "chi2_level": 0.997, "chi2_df": 3, "chi2_threshold": 13.931422665512084, "N_raw": 61, "N_roi": 61, "N_inlier": 58, "refit": true}
{"timestamp": "15:43:21.970191", "frame": 60, "mu": [-1.8596587387796009, 3.3262227528825963, 0.8788502403142063], "Sigma": [[0.011485441726442914, -0.001861389830554257, 0.006917206460184269], [-0.0018613898305542566, 0.0029093594915823215, -0.010338463734340135], [0.00691720646018427, -0.010338463734340135, 0.04099156288969804]], "chi2_level": 0.997, "chi2_df": 3, "chi2_threshold": 13.931422665512084, "N_raw": 7, "N_roi": 7, "N_inlier": 7, "refit": true}
{"timestamp": "15:43:22.031429", "frame": 61, "mu": [-1.7073818583489204, 3.282285471790454, 0.8649011247478287], "Sigma": [[0.026744128006644413, 0.0030915037942433657, -0.029899419708658975], [0.0030915037942433657, 0.0028927962730749303, -0.008217736459256482], [-0.029899419708658975, -0.008217736459256482, 0.046977055517468544]], "chi2_level": 0.997, "chi2_df": 3, "chi2_threshold": 13.931422665512084, "N_raw": 56, "N_roi": 56, "N_inlier": 55, "refit": true}
{"timestamp": "15:43:22.090586", "frame": 62, "mu": [-1.7553306769099926, 3.252383117076821, 0.8239010269307536], "Sigma": [[0.0313079072856776, 0.0011208467275836775, -0.005244706605117291], [0.0011208467275836771, 0.0018925637374779933, -0.0046667664782425134], [-0.0052447066051172905, -0.004666766478242514, 0.03660466999732022]], "chi2_level": 0.997, "chi2_df": 3, "chi2_threshold": 13.931422665512084, "N_raw": 73, "N_roi": 73, "N_inlier": 71, "refit": true}
{"timestamp": "15:43:22.142919", "frame": 63, "mu": [-1.7980116865529119, 3.202247973593281, 0.8400699428059657], "Sigma": [[0.019872781102791906, 0.005957526589861243, 0.0010944867257792735], [0.005957526589861243, 0.00295294107093315, -0.003939615989892532], [0.0010944867257792735, -0.003939615989892532, 0.04701025287537623]], "chi2_level": 0.997, "chi2_df": 3, "chi2_threshold": 13.931422665512084, "N_raw": 60, "N_roi": 60, "N_inlier": 60, "refit": true}
{"timestamp": "15:43:22.200789", "frame": 64, "mu": [-1.7658189572953906, 3.191406466543417, 0.9122390248559156], "Sigma": [[0.023452620073826827, 0.004943058013999774, -0.0002418293129215238], [0.004943058013999774, 0.0030733349233834587, -0.0048797012906735965], [-0.0002418293129215238, -0.0048797012906735965, 0.07667152596011495]], "chi2_level": 0.997, "chi2_df": 3, "chi2_threshold": 13.931422665512084, "N_raw": 77, "N_roi": 77, "N_inlier": 77, "refit": true}
{"timestamp": "15:43:22.252557", "frame": 65, "mu": [-1.7315873692003303, 3.143515404753085, 1.1069907120442748], "Sigma": [[0.022699022112124996, 0.006293869142635323, -0.0070786955033282795], [0.006293869142635323, 0.005907937955199202, -0.009278260630534439], [-0.0070786955033282795, -0.009278260630534439, 0.018189917532441202]], "chi2_level": 0.997, "chi2_df": 3, "chi2_threshold": 13.931422665512084, "N_raw": 54, "N_roi": 53, "N_inlier": 52, "refit": true}
{"timestamp": "15:43:22.307000", "frame": 66, "mu": [-1.76621915919865, 3.116312336951762, 1.0976826339843053], "Sigma": [[0.021874822251253548, 0.005407437868777315, -0.005467541041891573], [0.005407437868777315, 0.004360072233630479, -0.006554899766777532], [-0.005467541041891573, -0.006554899766777532, 0.0342772395864642]], "chi2_level": 0.997, "chi2_df": 3, "chi2_threshold": 13.931422665512084, "N_raw": 57, "N_roi": 55, "N_inlier": 54, "refit": true}
{"timestamp": "15:43:22.366244", "frame": 67, "mu": [-1.8021853482071835, 3.088787624331647, 0.9622691525318307], "Sigma": [[0.04147559096228659, 0.002202417666532615, -0.0016270917884932477], [0.002202417666532615, 0.0053219432298197795, -0.005482218343991686], [-0.001627091788493248, -0.005482218343991686, 0.009544242153970118]], "chi2_level": 0.997, "chi2_df": 3, "chi2_threshold": 13.931422665512084, "N_raw": 87, "N_roi": 85, "N_inlier": 85, "refit": true}
{"timestamp": "15:43:22.415803", "frame": 68, "mu": [-1.7522965194854931, 3.1930889707829664, -0.20752115481648928], "Sigma": [[0.02346542885861862, 0.005043628985018328, -0.008645756169610571], [0.005043628985018329, 0.016841886989472345, -0.02598699158152243], [-0.008645756169610573, -0.025986991581522432, 0.045818661201384954]], "chi2_level": 0.997, "chi2_df": 3, "chi2_threshold": 13.931422665512084, "N_raw": 41, "N_roi": 40, "N_inlier": 40, "refit": true}
{"timestamp": "15:43:22.471876", "frame": 69, "mu": [-1.710683274378409, 2.956982741266135, 1.0404715525019184], "Sigma": [[0.02137920063494006, 0.009161629318797123, -0.03146021450409517], [0.009161629318797125, 0.0065075885462640695, -0.021058784943175073], [-0.03146021450409517, -0.021058784943175077, 0.07287992327285844]], "chi2_level": 0.997, "chi2_df": 3, "chi2_threshold": 13.931422665512084, "N_raw": 56, "N_roi": 56, "N_inlier": 55, "refit": true}
{"timestamp": "15:43:22.526515", "frame": 70, "mu": [-1.7150841002899824, 2.9572414248353684, 0.9413268256438498], "Sigma": [[0.011995495308580292, 0.0037562216787444544, -0.007309986978578851], [0.0037562216787444544, 0.0023981443857178136, -0.008577213439086982], [-0.007309986978578853, -0.008577213439086982, 0.04986906742065134]], "chi2_level": 0.997, "chi2_df": 3, "chi2_threshold": 13.931422665512084, "N_raw": 49, "N_roi": 49, "N_inlier": 48, "refit": true}
{"timestamp": "15:43:22.578354", "frame": 71, "mu": [-1.6628732405224516, 2.942991451524163, 1.0810283935801503], "Sigma": [[0.017517850617233925, 0.005693332142695768, -0.004232847896527629], [0.005693332142695768, 0.00349317236533865, -0.004732014679712059], [-0.0042328478965276296, -0.004732014679712059, 0.016602197800397546]], "chi2_level": 0.997, "chi2_df": 3, "chi2_threshold": 13.931422665512084, "N_raw": 30, "N_roi": 30, "N_inlier": 29, "refit": true}
{"timestamp": "15:43:22.631649", "frame": 72, "mu": [-1.7856737801806375, 2.899075454892593, 1.0494739804759505], "Sigma": [[0.01009947542805881, 0.0033883025871078907, 0.002102112913264815], [0.0033883025871078902, 0.004153600258549728, -0.005624567935279875], [0.002102112913264816, -0.005624567935279875, 0.03303250147001399]], "chi2_level": 0.997, "chi2_df": 3, "chi2_threshold": 13.931422665512084, "N_raw": 19, "N_roi": 19, "N_inlier": 19, "refit": true}
{"timestamp": "15:43:22.688439", "frame": 73, "mu": [-1.7200479818221293, 2.8096553635197674, 1.0261591107830599], "Sigma": [[0.008208008870593397, 0.0020611026540338054, -0.007093900883667773], [0.002061102654033805, 0.002219837836660729, -0.010828754229475455], [-0.007093900883667772, -0.010828754229475455, 0.07784087796795758]], "chi2_level": 0.997, "chi2_df": 3, "chi2_threshold": 13.931422665512084, "N_raw": 26, "N_roi": 26, "N_inlier": 24, "refit": true}
{"timestamp": "15:43:22.748766", "frame": 74, "mu": [-1.8055338118857966, 2.7530680308695508, 1.075143954851918], "Sigma": [[0.01786465965141558, 0.008022886249677615, -0.02081139364905277], [0.008022886249677615, 0.006003088669194906, -0.01859524979039472], [-0.020811393649052774, -0.018595249790394716, 0.07823009071137266]], "chi2_level": 0.997, "chi2_df": 3, "chi2_threshold": 13.931422665512084, "N_raw": 72, "N_roi": 72, "N_inlier": 70, "refit": true}
{"timestamp": "15:43:22.795098", "frame": 75, "mu": [-1.7881292121944956, 2.749413668419095, 1.0798704435929336], "Sigma": [[0.008876873278758173, 0.0010696276621971882, 0.015205969905712312], [0.001069627662197188, 0.0012139266616924367, 0.002293834949301625], [0.01520596990571231, 0.0022938349493016245, 0.044007775240374296]], "chi2_level": 0.997, "chi2_df": 3, "chi2_threshold": 13.931422665512084, "N_raw": 9, "N_roi": 9, "N_inlier": 9, "refit": true}
{"timestamp": "15:43:22.859605", "frame": 76, "mu": [-1.8960387523832827, 2.736443597017119, 1.079755494546933], "Sigma": [[0.037980863638572906, 0.0042261711401992185, -0.007067022420072922], [0.0042261711401992185, 0.002844137135908654, -0.006180295493872374], [-0.007067022420072922, -0.006180295493872374, 0.025965925674020444]], "chi2_level": 0.997, "chi2_df": 3, "chi2_threshold": 13.931422665512084, "N_raw": 79, "N_roi": 79, "N_inlier": 78, "refit": true}
{"timestamp": "15:43:22.911207", "frame": 77, "mu": [-1.765409416311508, 2.696396611252249, 0.8927931405258306], "Sigma": [[0.015305014880194638, 0.006546976059303665, -0.017972953329181883], [0.006546976059303665, 0.008248913523676722, -0.019687613135758474], [-0.017972953329181883, -0.019687613135758474, 0.06543581147146073]], "chi2_level": 0.997, "chi2_df": 3, "chi2_threshold": 13.931422665512084, "N_raw": 48, "N_roi": 48, "N_inlier": 48, "refit": true}
{"timestamp": "15:43:22.967375", "frame": 78, "mu": [-1.8029834719749211, 2.611315481117539, 1.2007643155438417], "Sigma": [[0.012671726211425522, 0.006973272529186893, -0.013348519208896886], [0.006973272529186893, 0.008887607534694893, -0.016181038298577734], [-0.013348519208896886, -0.016181038298577734, 0.03311498970619816]], "chi2_level": 0.997, "chi2_df": 3, "chi2_threshold": 13.931422665512084, "N_raw": 56, "N_roi": 56, "N_inlier": 54, "refit": true}
{"timestamp": "15:43:23.020382", "frame": 79, "mu": [-1.7637399173106618, 2.7098756752660695, -0.16473908149240143], "Sigma": [[0.016272655278100824, 0.007512940475077024, -0.002226233101482872], [0.007512940475077022, 0.011049168645414081, -0.00898577587316246], [-0.0022262331014828714, -0.00898577587316246, 0.010874691576807509]], "chi2_level": 0.997, "chi2_df": 3, "chi2_threshold": 13.931422665512084, "N_raw": 42, "N_roi": 42, "N_inlier": 41, "refit": true}
{"timestamp": "15:43:23.073971", "frame": 80, "mu": [-1.7858186985580025, 2.497714372102265, 1.1456865055627445], "Sigma": [[0.012595036074271305, 0.002773345058731583, -0.00792948596102638], [0.002773345058731583, 0.0030660405635112337, -0.01065546092101022], [-0.00792948596102638, -0.01065546092101022, 0.04819838219502714]], "chi2_level": 0.997, "chi2_df": 3, "chi2_threshold": 13.931422665512084, "N_raw": 35, "N_roi": 35, "N_inlier": 34, "refit": true}
{"timestamp": "15:43:23.126534", "frame": 81, "mu": [-1.740291949594464, 2.553793850215155, 1.166447160093858], "Sigma": [[0.008738471630251056, 0.0023860533244280625, -0.0006267530675164155], [0.0023860533244280625, 0.0023148605732089544, -0.0017955810552577863], [-0.0006267530675164151, -0.0017955810552577863, 0.019335360393355996]], "chi2_level": 0.997, "chi2_df": 3, "chi2_threshold": 13.931422665512084, "N_raw": 22, "N_roi": 22, "N_inlier": 22, "refit": true}
{"timestamp": "15:43:23.184108", "frame": 82, "mu": [-1.8068357800778219, 2.408508397693279, 1.2684175195733827], "Sigma": [[0.012255311277316374, 0.003502339703262619, -0.00027850593077170067], [0.0035023397032626184, 0.004437712815469516, -0.010023151919237989], [-0.00027850593077169937, -0.010023151919237989, 0.03273463275008766]], "chi2_level": 0.997, "chi2_df": 3, "chi2_threshold": 13.931422665512084, "N_raw": 35, "N_roi": 28, "N_inlier": 27, "refit": true}
{"timestamp": "15:43:23.239707", "frame": 83, "mu": [-2.0880262817029434, 2.325556756941268, 1.1591030106676956], "Sigma": [[0.03870466000338414, 0.020848313650685214, -0.011505769139664421], [0.020848313650685214, 0.029937199946983815, -0.024154862869592036], [-0.011505769139664421, -0.024154862869592036, 0.029131926794377136]], "chi2_level": 0.997, "chi2_df": 3, "chi2_threshold": 13.931422665512084, "N_raw": 38, "N_roi": 27, "N_inlier": 27, "refit": true}
{"timestamp": "15:43:23.294185", "frame": 84, "mu": [-1.9548041020489308, 2.376174495712449, 1.0613632542753029], "Sigma": [[0.03408802645990412, 0.014655981522750354, -0.01580479650898351], [0.014655981522750354, 0.014275998318837487, -0.015197064002277348], [-0.01580479650898351, -0.015197064002277348, 0.019451385623135357]], "chi2_level": 0.997, "chi2_df": 3, "chi2_threshold": 13.931422665512084, "N_raw": 31, "N_roi": 30, "N_inlier": 27, "refit": true}
{"timestamp": "15:43:23.353509", "frame": 85, "mu": [-1.9082503848708197, 2.265102273964063, 1.136228361837204], "Sigma": [[0.05131260790777518, 0.028258399152579557, -0.021434270204051153], [0.028258399152579557, 0.022064811741361337, -0.02350397374443245], [-0.02143427020405115, -0.02350397374443245, 0.05558991536074794]], "chi2_level": 0.997, "chi2_df": 3, "chi2_threshold": 13.931422665512084, "N_raw": 71, "N_roi": 63, "N_inlier": 62, "refit": true}
{"timestamp": "15:43:23.409565", "frame": 86, "mu": [-1.7042717307387276, 2.3019912158444593, 0.9437370674465124], "Sigma": [[0.039201844010617826, 0.011081114801769064, -0.004615793013778555], [0.011081114801769064, 0.005941039620546962, -0.006490324311257154], [-0.004615793013778555, -0.006490324311257154, 0.0682475032721621]], "chi2_level": 0.997, "chi2_df": 3, "chi2_threshold": 13.931422665512084, "N_raw": 68, "N_roi": 68, "N_inlier": 64, "refit": true}
{"timestamp": "15:43:23.471969", "frame": 87, "mu": [-2.0619943899996525, 2.080852781794696, 1.2759514404309118], "Sigma": [[0.06668976470469512, 0.04240598213134997, -0.015122128322537006], [0.042405982131349954, 0.039776670412886184, -0.038903699654596176], [-0.015122128322537006, -0.03890369965459617, 0.1451005435791442]], "chi2_level": 0.997, "chi2_df": 3, "chi2_threshold": 13.931422665512084, "N_raw": 119, "N_roi": 117, "N_inlier": 116, "refit": true}
{"timestamp": "15:43:23.519949", "frame": 88, "mu": [-2.0402738393441506, 2.166204128052505, -0.8214649160638782], "Sigma": [[0.04878294594521994, 0.04758864224710166, -0.018913748485276587], [0.04758864224710166, 0.063036060541414, -0.023716901273404877], [-0.01891374848527659, -0.023716901273404877, 0.16212256709545295]], "chi2_level": 0.997, "chi2_df": 3, "chi2_threshold": 13.931422665512084, "N_raw": 66, "N_roi": 63, "N_inlier": 62, "refit": true}
{"timestamp": "15:43:23.574681", "frame": 89, "mu": [-1.7293329306607323, 2.189651049812541, 1.2462480910792204], "Sigma": [[0.01581783789528062, 0.009348117033910912, -0.018791982597736612], [0.009348117033910912, 0.011369094129809123, -0.020409417021240293], [-0.018791982597736612, -0.020409417021240293, 0.0480432526565206]], "chi2_level": 0.997, "chi2_df": 3, "chi2_threshold": 13.931422665512084, "N_raw": 68, "N_roi": 68, "N_inlier": 64, "refit": true}
{"timestamp": "15:43:23.627498", "frame": 90, "mu": [-1.753448813093211, 2.191726359756106, 1.0564372311465635], "Sigma": [[0.03812471678008671, 0.012552072680014667, 0.01563245990509425], [0.012552072680014667, 0.00845902075623824, 0.00786478470043471], [0.015632459905094254, 0.00786478470043471, 0.031342875825095595]], "chi2_level": 0.997, "chi2_df": 3, "chi2_threshold": 13.931422665512084, "N_raw": 55, "N_roi": 55, "N_inlier": 54, "refit": true}
{"timestamp": "15:43:23.682530", "frame": 91, "mu": [-1.7727415899512065, 2.139269449863693, 1.1173522053586848], "Sigma": [[0.03811679477552663, 0.01309241100148404, -0.008668610020034722], [0.01309241100148404, 0.011266278830885454, -0.008860725988416026], [-0.00866861002003472, -0.008860725988416028, 0.041973119775592066]], "chi2_level": 0.997, "chi2_df": 3, "chi2_threshold": 13.931422665512084, "N_raw": 55, "N_roi": 55, "N_inlier": 53, "refit": true}
{"timestamp": "15:43:23.731025", "frame": 92, "mu": [-1.8512573567282546, 1.9603280971225572, 1.1508731482267018], "Sigma": [[0.04469393294514594, 0.026447354634168557, -0.01697591707063379], [0.026447354634168557, 0.024073066447951923, -0.040387578025635966], [-0.016975917070633787, -0.040387578025635966, 0.13370525573883224]], "chi2_level": 0.997, "chi2_df": 3, "chi2_threshold": 13.931422665512084, "N_raw": 11, "N_roi": 11, "N_inlier": 11, "refit": true}
{"timestamp": "15:43:23.789554", "frame": 93, "mu": [-1.8855224438120692, 1.934008918243942, 1.2072798954420123], "Sigma": [[0.07713389872536865, 0.05146369615616792, -0.060120106470573226], [0.05146369615616792, 0.037573124512822804, -0.047465973842481246], [-0.060120106470573226, -0.047465973842481246, 0.0808175067347216]], "chi2_level": 0.997, "chi2_df": 3, "chi2_threshold": 13.931422665512084, "N_raw": 44, "N_roi": 44, "N_inlier": 44, "refit": true}
{"timestamp": "15:43:23.845349", "frame": 94, "mu": [-1.9006401419863534, 1.876719665560295, 1.0215253724271005], "Sigma": [[0.03897609544569486, 0.027121130145271163, -0.038065858336151795], [0.027121130145271163, 0.024458813231458, -0.03322305932823133], [-0.038065858336151795, -0.03322305932823133, 0.05483887394184703]], "chi2_level": 0.997, "chi2_df": 3, "chi2_threshold": 13.931422665512084, "N_raw": 41, "N_roi": 41, "N_inlier": 40, "refit": true}
{"timestamp": "15:43:23.900112", "frame": 95, "mu": [-1.7765001856974971, 1.8627352640832233, 1.2428262114772268], "Sigma": [[0.015973959818007453, 0.01616835673113476, -0.012227931079319763], [0.01616835673113476, 0.020324114013576, -0.02206831374365316], [-0.012227931079319763, -0.02206831374365316, 0.07223711174297945]], "chi2_level": 0.997, "chi2_df": 3, "chi2_threshold": 13.931422665512084, "N_raw": 39, "N_roi": 39, "N_inlier": 37, "refit": true}
{"timestamp": "15:43:23.956589", "frame": 96, "mu": [-1.8511686271459553, 1.7373482059012986, 1.3908146315583407], "Sigma": [[0.02047719260802503, 0.01881227382089351, -0.015435534732652204], [0.01881227382089351, 0.020713343900238664, -0.01707049482825021], [-0.015435534732652204, -0.01707049482825021, 0.0167943805199555]], "chi2_level": 0.997, "chi2_df": 3, "chi2_threshold": 13.931422665512084, "N_raw": 47, "N_roi": 46, "N_inlier": 44, "refit": true}
{"timestamp": "15:43:24.009661", "frame": 97, "mu": [-1.8880556086614595, 1.8048502328621758, 1.2012481090761913], "Sigma": [[0.039823390597320235, 0.024239123197448576, -0.02198873960523922], [0.024239123197448576, 0.027525828470539297, -0.02719845494504287], [-0.02198873960523922, -0.027198454945042874, 0.02996395633458588]], "chi2_level": 0.997, "chi2_df": 3, "chi2_threshold": 13.931422665512084, "N_raw": 45, "N_roi": 45, "N_inlier": 45, "refit": true}
