{"timestamp": "18:16:16.006481", "frame": 35, "mu": [1.552533760295859, 0.9158349918631805, 1.028186041203874], "Sigma": [[0.007250543819874005, -0.009370494837880074, 0.03029064554323492], [-0.009370494837880074, 0.02175386525126528, -0.07326472312931363], [0.03029064554323492, -0.07326472312931363, 0.2605446005205309]], "chi2_level": 0.997, "chi2_df": 3, "chi2_threshold": 13.931422665512084, "N_raw": 11, "N_roi": 11, "N_inlier": 11, "refit": true}
{"timestamp": "18:16:16.061835", "frame": 36, "mu": [1.4945692189313227, 0.9053031717069269, 1.1018591749046818], "Sigma": [[0.00439285943333088, -0.0023379555907820904, 0.009671840197248144], [-0.0023379555907820904, 0.008212858095029762, -0.02373419366203741], [0.009671840197248144, -0.023734193662037408, 0.1494343988483808]], "chi2_level": 0.997, "chi2_df": 3, "chi2_threshold": 13.931422665512084, "N_raw": 24, "N_roi": 24, "N_inlier": 24, "refit": true}
{"timestamp": "18:16:16.117456", "frame": 37, "mu": [1.444410923054895, 1.0008115422796007, 1.306423894675465], "Sigma": [[0.003329543812844115, 0.001370855767705707, 0.004415394181031131], [0.001370855767705707, 0.003399184642671864, 0.004600194491447154], [0.004415394181031131, 0.004600194491447154, 0.03318614981995799]], "chi2_level": 0.997, "chi2_df": 3, "chi2_threshold": 13.931422665512084, "N_raw": 12, "N_roi": 11, "N_inlier": 11, "refit": true}
{"timestamp": "18:16:16.229812", "frame": 39, "mu": [1.4112020070758151, 1.1016856712068148, 1.4637223608715042], "Sigma": [[0.004743675932017847, -0.003854651802040918, -0.0005542390950978555], [-0.003854651802040918, 0.006792655880710616, -0.002148290520463923], [-0.0005542390950978556, -0.0021482905204639234, 0.004065281594450073]], "chi2_level": 0.997, "chi2_df": 3, "chi2_threshold": 13.931422665512084, "N_raw": 32, "N_roi": 32, "N_inlier": 31, "refit": true}
{"timestamp": "18:16:16.288157", "frame": 40, "mu": [1.31692272165214, 1.1499474196289132, 1.3880259351110453], "Sigma": [[0.005653657526349638, -0.0016960138555402117, 1.1484688970032034e-05], [-0.0016960138555402117, 0.00927090211178983, -0.000567386042954108], [1.1484688970032047e-05, -0.000567386042954108, 0.0002119377132238341]], "chi2_level": 0.997, "chi2_df": 3, "chi2_threshold": 13.931422665512084, "N_raw": 48, "N_roi": 48, "N_inlier": 47, "refit": true}
{"timestamp": "18:16:16.339234", "frame": 41, "mu": [1.2675120453940878, 1.1295671973581718, 1.2977912941518808], "Sigma": [[0.00491228747117125, -0.0020312454053210503, -0.0007426065875855434], [-0.0020312454053210503, 0.005150734381610097, -0.00039569264374085934], [-0.0007426065875855433, -0.00039569264374085934, 0.00041508217192257003]], "chi2_level": 0.997, "chi2_df": 3, "chi2_threshold": 13.931422665512084, "N_raw": 33, "N_roi": 33, "N_inlier": 33, "refit": true}
{"timestamp": "18:16:16.393519", "frame": 42, "mu": [1.212922250637847, 1.2520846074162364, 1.4224199677609826], "Sigma": [[0.0028691333989419236, -8.648372095743621e-05, 7.128634583271336e-05], [-8.648372095743619e-05, 0.0049799374829505505, 0.0007281818324928004], [7.128634583271337e-05, 0.0007281818324928004, 0.0002931271668785396]], "chi2_level": 0.997, "chi2_df": 3, "chi2_threshold": 13.931422665512084, "N_raw": 25, "N_roi": 25, "N_inlier": 25, "refit": true}
{"timestamp": "18:16:16.505864", "frame": 44, "mu": [1.1210515123802358, 1.3624940820672298, 1.511667321760026], "Sigma": [[0.005847888929838241, -0.002066754648593131, -0.00016335810001633184], [-0.002066754648593131, 0.006580549721135233, 0.0019104914605771123], [-0.00016335810001633184, 0.0019104914605771123, 0.0009992489294280446]], "chi2_level": 0.997, "chi2_df": 3, "chi2_threshold": 13.931422665512084, "N_raw": 41, "N_roi": 41, "N_inlier": 41, "refit": true}
{"timestamp": "18:16:16.560721", "frame": 45, "mu": [1.1652209066088994, 1.2403193464372206, 1.3260617945046098], "Sigma": [[0.0043275623289001225, -0.0035467009138021987, -0.005072108147590402], [-0.0035467009138021987, 0.013847209902683988, 0.011897488798999108], [-0.005072108147590402, 0.011897488798999108, 0.017335796876661383]], "chi2_level": 0.997, "chi2_df": 3, "chi2_threshold": 13.931422665512084, "N_raw": 36, "N_roi": 36, "N_inlier": 35, "refit": true}
{"timestamp": "18:16:16.613179", "frame": 46, "mu": [1.1100981314879816, 1.2376756862298592, 1.159440658202318], "Sigma": [[0.0025604098937494317, -0.001551935111682445, -0.0018819307908994776], [-0.0015519351116824447, 0.0034696610820990075, 1.4665873920692509e-05], [-0.0018819307908994776, 1.4665873920692563e-05, 0.00255970164898012]], "chi2_level": 0.997, "chi2_df": 3, "chi2_threshold": 13.931422665512084, "N_raw": 20, "N_roi": 20, "N_inlier": 18, "refit": true}
{"timestamp": "18:16:16.723648", "frame": 48, "mu": [1.0798519370036481, 1.3808189862303915, 1.1091167053900692], "Sigma": [[0.0039264552488515216, -0.0013074392241577567, -0.025418284573296715], [-0.0013074392241577567, 0.002676048248496327, 0.006368721269428243], [-0.02541828457329672, 0.006368721269428243, 0.3017188464688315]], "chi2_level": 0.997, "chi2_df": 3, "chi2_threshold": 13.931422665512084, "N_raw": 22, "N_roi": 22, "N_inlier": 22, "refit": true}
{"timestamp": "18:16:16.777903", "frame": 49, "mu": [1.0291836022542304, 1.502730589777267, 1.2823723484777005], "Sigma": [[0.009739125304810688, -0.010256652028606046, -0.042633545162530505], [-0.010256652028606046, 0.018006519863450185, 0.051977173992172235], [-0.0426335451625305, 0.051977173992172235, 0.2048317955885614]], "chi2_level": 0.997, "chi2_df": 3, "chi2_threshold": 13.931422665512084, "N_raw": 14, "N_roi": 14, "N_inlier": 13, "refit": true}
{"timestamp": "18:16:16.832163", "frame": 50, "mu": [1.0560422393532003, 1.4580142656266346, 1.1727806923152875], "Sigma": [[0.007281143573178709, -0.007669133230567199, -0.036990257208920616], [-0.0076691332305672, 0.01559021790936082, 0.04227837050998559], [-0.036990257208920616, 0.04227837050998559, 0.2817298372872202]], "chi2_level": 0.997, "chi2_df": 3, "chi2_threshold": 13.931422665512084, "N_raw": 12, "N_roi": 12, "N_inlier": 12, "refit": true}
{"timestamp": "18:16:16.889828", "frame": 51, "mu": [1.0382249419078582, 1.3553011044466834, 1.1695500133886654], "Sigma": [[0.002746898521081017, -0.0009868010942238868, -0.0016487861456057783], [-0.0009868010942238868, 0.0021269670651413767, -0.0010887058214926713], [-0.0016487861456057783, -0.0010887058214926713, 0.0035952253272811692]], "chi2_level": 0.997, "chi2_df": 3, "chi2_threshold": 13.931422665512084, "N_raw": 28, "N_roi": 28, "N_inlier": 27, "refit": true}
{"timestamp": "18:16:16.945560", "frame": 52, "mu": [0.9677974440082253, 1.485273679500822, 1.3299499525195981], "Sigma": [[0.004891107320784817, -0.0016430260708447265, -0.0011411976846062728], [-0.0016430260708447267, 0.005423517446144348, 0.001009989863889318], [-0.0011411976846062728, 0.001009989863889318, 0.0005268624248456092]], "chi2_level": 0.997, "chi2_df": 3, "chi2_threshold": 13.931422665512084, "N_raw": 38, "N_roi": 38, "N_inlier": 37, "refit": true}
{"timestamp": "18:16:17.002675", "frame": 53, "mu": [1.0000616135281555, 1.6511422546117192, -0.5552458636592202], "Sigma": [[0.0037676304275969397, -0.0009262089080762494, -0.005308802183914766], [-0.0009262089080762493, 0.004520718448425357, -0.0045126528642740575], [-0.005308802183914766, -0.0045126528642740575, 0.02191635044858513]], "chi2_level": 0.997, "chi2_df": 3, "chi2_threshold": 13.931422665512084, "N_raw": 49, "N_roi": 48, "N_inlier": 47, "refit": true}
{"timestamp": "18:16:17.060889", "frame": 54, "mu": [0.9833220618137821, 1.5293521245940842, 1.148652091831444], "Sigma": [[0.006936551484833058, -0.005248370301049313, -0.010784826921154768], [-0.005248370301049313, 0.006499714461873478, 0.008196507857610327], [-0.010784826921154768, 0.008196507857610327, 0.043754326601266054]], "chi2_level": 0.997, "chi2_df": 3, "chi2_threshold": 13.931422665512084, "N_raw": 71, "N_roi": 71, "N_inlier": 67, "refit": true}
{"timestamp": "18:16:17.115030", "frame": 55, "mu": [0.9554874141228328, 1.62206836815907, 1.3453020634559405], "Sigma": [[0.007563518335658383, -0.004731292790340959, -0.010026488304077964], [-0.004731292790340959, 0.011796380241748576, 0.012374922980875743], [-0.010026488304077964, 0.012374922980875743, 0.032217929054229544]], "chi2_level": 0.997, "chi2_df": 3, "chi2_threshold": 13.931422665512084, "N_raw": 66, "N_roi": 66, "N_inlier": 61, "refit": true}
{"timestamp": "18:16:17.171338", "frame": 56, "mu": [0.9346912110502982, 1.6197880711684227, 1.2471328590663153], "Sigma": [[0.0067699849440357625, -0.002316360758630083, -0.0039034433998953034], [-0.002316360758630083, 0.007274247269739984, 0.008505010035718347], [-0.003903443399895303, 0.008505010035718347, 0.07985258889017471]], "chi2_level": 0.997, "chi2_df": 3, "chi2_threshold": 13.931422665512084, "N_raw": 72, "N_roi": 71, "N_inlier": 68, "refit": true}
{"timestamp": "18:16:17.226251", "frame": 57, "mu": [0.9036852421710839, 1.6782715060549096, 1.1810734558714384], "Sigma": [[0.008060381044008724, -0.00503371812392134, -0.006307744338068178], [-0.00503371812392134, 0.006135817774921928, 0.011706243938005595], [-0.006307744338068178, 0.011706243938005595, 0.10129047276022068]], "chi2_level": 0.997, "chi2_df": 3, "chi2_threshold": 13.931422665512084, "N_raw": 68, "N_roi": 68, "N_inlier": 65, "refit": true}
{"timestamp": "18:16:17.283340", "frame": 58, "mu": [0.870572516589371, 1.6999056193529631, 1.2761921711226873], "Sigma": [[0.00932985760585272, -0.0036615662273907865, -0.009864574968600371], [-0.0036615662273907865, 0.004731595397356633, 0.007415580145808647], [-0.00986457496860037, 0.007415580145808647, 0.05790648989535269]], "chi2_level": 0.997, "chi2_df": 3, "chi2_threshold": 13.931422665512084, "N_raw": 86, "N_roi": 86, "N_inlier": 82, "refit": true}
{"timestamp": "18:16:17.338553", "frame": 59, "mu": [0.8263796259174649, 1.689177356147857, 1.182151733740687], "Sigma": [[0.007800219371670571, -0.002702497436745688, -0.006371308510390712], [-0.002702497436745688, 0.005402029432407311, 0.0007669356131874813], [-0.006371308510390712, 0.0007669356131874813, 0.03141153497237907]], "chi2_level": 0.997, "chi2_df": 3, "chi2_threshold": 13.931422665512084, "N_raw": 85, "N_roi": 85, "N_inlier": 81, "refit": true}
{"timestamp": "18:16:17.391763", "frame": 60, "mu": [0.7807037127539741, 1.7146584269577763, 1.0931070484230072], "Sigma": [[0.010387546575285555, -0.003307144144086253, 0.01325006063287669], [-0.003307144144086253, 0.0036997211928494122, -0.00911110516326934], [0.01325006063287669, -0.00911110516326934, 0.06865021886296194]], "chi2_level": 0.997, "chi2_df": 3, "chi2_threshold": 13.931422665512084, "N_raw": 70, "N_roi": 70, "N_inlier": 68, "refit": true}
{"timestamp": "18:16:17.445403", "frame": 61, "mu": [0.7954864552856671, 1.91563769124007, -0.21241731291409016], "Sigma": [[0.006695511713679498, 0.0006265380366943455, -0.002118396219294788], [0.0006265380366943456, 0.0066811149077893135, 0.00100573468938576], [-0.002118396219294788, 0.0010057346893857602, 0.0032306081108956063]], "chi2_level": 0.997, "chi2_df": 3, "chi2_threshold": 13.931422665512084, "N_raw": 63, "N_roi": 62, "N_inlier": 57, "refit": true}
{"timestamp": "18:16:17.498963", "frame": 62, "mu": [0.7073232670670195, 1.7739564123683123, 1.1555843023983794], "Sigma": [[0.006140070531787776, 0.0013441769999955884, -0.0013731979090550919], [0.0013441769999955884, 0.007087080258059882, -0.0011449799671157234], [-0.0013731979090550919, -0.0011449799671157234, 0.0010711939285277725]], "chi2_level": 0.997, "chi2_df": 3, "chi2_threshold": 13.931422665512084, "N_raw": 58, "N_roi": 58, "N_inlier": 55, "refit": true}
{"timestamp": "18:16:17.549832", "frame": 63, "mu": [0.6351977452234611, 1.9391872040295104, -0.5692981452571946], "Sigma": [[0.0023518847978002823, -0.0004432079861713779, -8.006078420944843e-05], [-0.000443207986171378, 0.002947075140500138, -0.0027456295119729], [-8.006078420944832e-05, -0.0027456295119729, 0.0035621958828991915]], "chi2_level": 0.997, "chi2_df": 3, "chi2_threshold": 13.931422665512084, "N_raw": 23, "N_roi": 23, "N_inlier": 21, "refit": true}
{"timestamp": "18:16:17.611533", "frame": 64, "mu": [0.6493853877505074, 1.8242617701692898, 0.9195375692200483], "Sigma": [[0.01710605928755787, -0.00015323713549278455, -0.030953533571587158], [-0.0001532371354927846, 0.002061824087916045, -0.004285101607122617], [-0.03095353357158715, -0.004285101607122616, 0.10492096243053596]], "chi2_level": 0.997, "chi2_df": 3, "chi2_threshold": 13.931422665512084, "N_raw": 81, "N_roi": 81, "N_inlier": 81, "refit": true}
{"timestamp": "18:16:17.661396", "frame": 65, "mu": [0.5497128585185136, 1.8251528947666134, 1.093690023103447], "Sigma": [[0.004910811540692733, 0.0010673030937281272, -0.0023149890829147588], [0.001067303093728127, 0.0019556294823777753, -0.00183157159423133], [-0.0023149890829147588, -0.001831571594231331, 0.038586649478320474]], "chi2_level": 0.997, "chi2_df": 3, "chi2_threshold": 13.931422665512084, "N_raw": 39, "N_roi": 39, "N_inlier": 38, "refit": true}
{"timestamp": "18:16:17.718255", "frame": 66, "mu": [0.5358405007202389, 1.8914950312123318, 0.9678543570540361], "Sigma": [[0.0065188780394967475, 0.0022219467363335994, -0.01397048159976048], [0.0022219467363335994, 0.002434419268261878, 0.0018937734074068663], [-0.013970481599760479, 0.0018937734074068668, 0.18674987275985447]], "chi2_level": 0.997, "chi2_df": 3, "chi2_threshold": 13.931422665512084, "N_raw": 45, "N_roi": 45, "N_inlier": 44, "refit": true}
{"timestamp": "18:16:17.775785", "frame": 67, "mu": [0.49076018855491765, 1.9009127126542047, 0.9153718086402365], "Sigma": [[0.008420469926959153, -0.0009427819965235984, -0.007337455634373011], [-0.0009427819965235982, 0.0024196102619199944, 0.0017220534692288139], [-0.007337455634373011, 0.0017220534692288139, 0.08073808894829598]], "chi2_level": 0.997, "chi2_df": 3, "chi2_threshold": 13.931422665512084, "N_raw": 67, "N_roi": 67, "N_inlier": 65, "refit": true}
{"timestamp": "18:16:17.826930", "frame": 68, "mu": [0.4832988366392554, 1.9720992194229685, 1.1358962678440208], "Sigma": [[0.004544462750383122, -0.0005289915890845189, -0.004701533625281801], [-0.0005289915890845187, 0.002062767199492301, 0.007785173930051931], [-0.004701533625281801, 0.007785173930051932, 0.18967485649257865]], "chi2_level": 0.997, "chi2_df": 3, "chi2_threshold": 13.931422665512084, "N_raw": 37, "N_roi": 37, "N_inlier": 35, "refit": true}
{"timestamp": "18:16:17.885345", "frame": 69, "mu": [0.44902929514063566, 1.9983074751533052, 1.2059612002191533], "Sigma": [[0.006969964704555821, 0.001269297196983713, 0.0010809610299427122], [0.0012692971969837132, 0.003001945276723497, -0.003127026357923437], [0.0010809610299427124, -0.003127026357923437, 0.01659422333195992]], "chi2_level": 0.997, "chi2_df": 3, "chi2_threshold": 13.931422665512084, "N_raw": 65, "N_roi": 65, "N_inlier": 63, "refit": true}
{"timestamp": "18:16:17.940164", "frame": 70, "mu": [0.3696373658651353, 2.06983757091267, 1.3599015754368926], "Sigma": [[0.007684083733877386, 0.004409010983293057, 0.0050751838408314275], [0.004409010983293058, 0.011207597910892006, 0.007922982681817238], [0.0050751838408314275, 0.00792298268181724, 0.011264916962370726]], "chi2_level": 0.997, "chi2_df": 3, "chi2_threshold": 13.931422665512084, "N_raw": 65, "N_roi": 65, "N_inlier": 60, "refit": true}
{"timestamp": "18:16:17.997079", "frame": 71, "mu": [0.34617416353094904, 2.105317176505207, -0.6071393043650789], "Sigma": [[0.006783399320305733, 0.004703934245941525, 0.017376915257464348], [0.004703934245941526, 0.01064440913312821, 0.013642827615126685], [0.017376915257464348, 0.013642827615126685, 0.2398999354020916]], "chi2_level": 0.997, "chi2_df": 3, "chi2_threshold": 13.931422665512084, "N_raw": 74, "N_roi": 71, "N_inlier": 68, "refit": true}
{"timestamp": "18:16:18.048176", "frame": 72, "mu": [0.2879242161683578, 2.047752735042987, 1.118865866499057], "Sigma": [[0.011270364810452417, 0.0019430821427210104, -0.00977459004051857], [0.0019430821427210104, 0.003535671650309207, -0.004795803165414651], [-0.00977459004051857, -0.004795803165414651, 0.014791227834340335]], "chi2_level": 0.997, "chi2_df": 3, "chi2_threshold": 13.931422665512084, "N_raw": 49, "N_roi": 48, "N_inlier": 45, "refit": true}
{"timestamp": "18:16:18.102673", "frame": 73, "mu": [0.23730747355514106, 2.128611776960196, 1.2794909136021368], "Sigma": [[0.006239243871857983, -0.00039011778633952826, -0.006277362991187888], [-0.0003901177863395282, 0.006429432822646137, 0.005775916162869166], [-0.006277362991187888, 0.005775916162869165, 0.05571574976746539]], "chi2_level": 0.997, "chi2_df": 3, "chi2_threshold": 13.931422665512084, "N_raw": 52, "N_roi": 52, "N_inlier": 49, "refit": true}
{"timestamp": "18:16:18.157993", "frame": 74, "mu": [0.27310500271465316, 2.1997718687127823, 0.6684606591549926], "Sigma": [[0.007310423687124943, 0.0007136065584709843, 0.03171767338285242], [0.0007136065584709844, 0.0031430448628916776, 0.020898465866052224], [0.03171767338285241, 0.020898465866052224, 0.5015368205431376]], "chi2_level": 0.997, "chi2_df": 3, "chi2_threshold": 13.931422665512084, "N_raw": 46, "N_roi": 44, "N_inlier": 43, "refit": true}
{"timestamp": "18:16:18.207434", "frame": 75, "mu": [0.171818234993316, 2.4723407375612996, -1.2411367046457455], "Sigma": [[0.007478175605849516, -0.004953540525009551, 0.022163788834660397], [-0.004953540525009552, 0.009115703830322517, -0.06331053428542929], [0.0221637888346604, -0.06331053428542928, 0.6619911418549784]], "chi2_level": 0.997, "chi2_df": 3, "chi2_threshold": 13.931422665512084, "N_raw": 17, "N_roi": 17, "N_inlier": 17, "refit": true}
{"timestamp": "18:16:18.267715", "frame": 76, "mu": [0.1625116828040876, 2.4556815969439323, -0.11009576172992434], "Sigma": [[0.005985750836700026, -0.004472568206146258, 0.011982790697430957], [-0.004472568206146258, 0.014484315100885459, -0.05211736440529963], [0.011982790697430957, -0.05211736440529963, 0.3061998569433729]], "chi2_level": 0.997, "chi2_df": 3, "chi2_threshold": 13.931422665512084, "N_raw": 51, "N_roi": 49, "N_inlier": 48, "refit": true}
{"timestamp": "18:16:18.324446", "frame": 77, "mu": [0.13843134010471006, 2.300036445816205, 1.2043652568026673], "Sigma": [[0.008270855962863914, 0.0008326653355060295, -0.0018485288770884074], [0.0008326653355060298, 0.0032287009563447123, 0.008667506155399771], [-0.0018485288770884079, 0.008667506155399771, 0.08112259953004261]], "chi2_level": 0.997, "chi2_df": 3, "chi2_threshold": 13.931422665512084, "N_raw": 64, "N_roi": 62, "N_inlier": 60, "refit": true}
{"timestamp": "18:16:18.384367", "frame": 78, "mu": [0.08459817367594051, 2.280239639729553, 0.7167953578740739], "Sigma": [[0.008451038547609742, 0.0021177532780540117, 0.018048905992677985], [0.0021177532780540117, 0.0023574073198561318, 0.013984343029187888], [0.018048905992677985, 0.013984343029187888, 0.3637201563944176]], "chi2_level": 0.997, "chi2_df": 3, "chi2_threshold": 13.931422665512084, "N_raw": 87, "N_roi": 85, "N_inlier": 84, "refit": true}
{"timestamp": "18:16:18.436318", "frame": 79, "mu": [0.04121503949347488, 2.340279125303596, 0.8983892719593692], "Sigma": [[0.008849374547710712, 0.003305909822135538, 0.013245963870345283], [0.0033059098221355386, 0.005842021795505223, 0.009891225400135335], [0.013245963870345285, 0.009891225400135335, 0.2917396928329077]], "chi2_level": 0.997, "chi2_df": 3, "chi2_threshold": 13.931422665512084, "N_raw": 72, "N_roi": 71, "N_inlier": 71, "refit": true}
{"timestamp": "18:16:18.491370", "frame": 80, "mu": [0.012270226352850798, 2.422073638410665, 0.6740980656992479], "Sigma": [[0.010149004424357422, -0.0029937950536772936, 0.01864825883330771], [-0.0029937950536772936, 0.003805294044312427, -0.012637642840309027], [0.01864825883330771, -0.012637642840309028, 0.19405416410310197]], "chi2_level": 0.997, "chi2_df": 3, "chi2_threshold": 13.931422665512084, "N_raw": 66, "N_roi": 66, "N_inlier": 65, "refit": true}
{"timestamp": "18:16:18.551777", "frame": 81, "mu": [-0.021652109786165184, 2.5829297245789085, -0.15519301756271034], "Sigma": [[0.011246598803339265, -0.0010178929386098778, 0.006563916879253942], [-0.001017892938609878, 0.01490737286761582, -0.02602999752980721], [0.006563916879253942, -0.02602999752980721, 0.0714107894209353]], "chi2_level": 0.997, "chi2_df": 3, "chi2_threshold": 13.931422665512084, "N_raw": 97, "N_roi": 93, "N_inlier": 90, "refit": true}
{"timestamp": "18:16:18.600144", "frame": 82, "mu": [-0.03792194353709595, 2.4493156608156226, 1.1522531893927073], "Sigma": [[0.008342439133000128, 0.00027024435467639816, 0.005276992219416768], [0.00027024435467639806, 0.002873132248947727, -0.0023952040286912735], [0.005276992219416767, -0.002395204028691273, 0.13321076454183334]], "chi2_level": 0.997, "chi2_df": 3, "chi2_threshold": 13.931422665512084, "N_raw": 58, "N_roi": 58, "N_inlier": 57, "refit": true}
{"timestamp": "18:16:18.656059", "frame": 83, "mu": [-0.09326134751228209, 2.499340635927521, 1.2890922039055284], "Sigma": [[0.01086916855652591, 0.001616651806968882, -0.0038938320108122164], [0.001616651806968882, 0.005611217464204275, -0.0030180038870123707], [-0.0038938320108122173, -0.0030180038870123707, 0.009299413455185408]], "chi2_level": 0.997, "chi2_df": 3, "chi2_threshold": 13.931422665512084, "N_raw": 71, "N_roi": 71, "N_inlier": 66, "refit": true}
{"timestamp": "18:16:18.710252", "frame": 84, "mu": [-0.14341377281821568, 2.5752361028779456, 1.470317938164568], "Sigma": [[0.00988209086073988, 0.0006946218489761731, -0.002603476551447075], [0.0006946218489761729, 0.0072924649412419, 0.0011507801373223552], [-0.002603476551447075, 0.001150780137322355, 0.009758912267077762]], "chi2_level": 0.997, "chi2_df": 3, "chi2_threshold": 13.931422665512084, "N_raw": 65, "N_roi": 65, "N_inlier": 61, "refit": true}
{"timestamp": "18:16:18.772179", "frame": 85, "mu": [-0.08918704162671515, 2.527057186854059, 0.8819393675379236], "Sigma": [[0.023939259494950557, 0.0011418517723829264, -0.04319220412503659], [0.0011418517723829264, 0.0074128979359508775, 0.02719112323676373], [-0.0431922041250366, 0.02719112323676373, 0.35186078954176586]], "chi2_level": 0.997, "chi2_df": 3, "chi2_threshold": 13.931422665512084, "N_raw": 104, "N_roi": 104, "N_inlier": 102, "refit": true}
{"timestamp": "18:16:18.821401", "frame": 86, "mu": [-0.1067372736068308, 2.5956771519166115, 0.9977606987774755], "Sigma": [[0.025119758837599496, -0.007177976984760989, -0.07589870673041263], [-0.007177976984760989, 0.0057770891837512954, 0.028699489824978167], [-0.07589870673041263, 0.028699489824978167, 0.33889196481472084]], "chi2_level": 0.997, "chi2_df": 3, "chi2_threshold": 13.931422665512084, "N_raw": 72, "N_roi": 72, "N_inlier": 70, "refit": true}
{"timestamp": "18:16:18.878059", "frame": 87, "mu": [-0.2069345805537189, 2.6523457278925444, 1.1354697842065447], "Sigma": [[0.017527590344143952, -0.0006579450950027743, -0.010078292070887524], [-0.0006579450950027746, 0.006088487676157001, 0.02227891830053778], [-0.010078292070887528, 0.022278918300537777, 0.35853486297895204]], "chi2_level": 0.997, "chi2_df": 3, "chi2_threshold": 13.931422665512084, "N_raw": 82, "N_roi": 82, "N_inlier": 82, "refit": true}
{"timestamp": "18:16:18.934436", "frame": 88, "mu": [-0.218068371279241, 2.6332627359345477, -0.6333626615249367], "Sigma": [[0.029514358769138903, 0.00028216778039869553, 0.05297534970592355], [0.00028216778039869526, 0.0066707351767665585, -0.0051229468790369], [0.05297534970592355, -0.005122946879036901, 0.3756096709668666]], "chi2_level": 0.997, "chi2_df": 3, "chi2_threshold": 13.931422665512084, "N_raw": 91, "N_roi": 91, "N_inlier": 90, "refit": true}
{"timestamp": "18:16:18.985956", "frame": 89, "mu": [-0.3753627344980885, 2.6755234165853863, 1.1587044129640356], "Sigma": [[0.014761527000096423, 0.0021215039037170043, -0.004793427810568904], [0.0021215039037170043, 0.004104275446087471, -0.004984766211644022], [-0.004793427810568903, -0.004984766211644022, 0.021616827978186082]], "chi2_level": 0.997, "chi2_df": 3, "chi2_threshold": 13.931422665512084, "N_raw": 71, "N_roi": 71, "N_inlier": 66, "refit": true}
{"timestamp": "18:16:19.045213", "frame": 90, "mu": [-0.3817697583698678, 2.702343795072499, 0.821749256949881], "Sigma": [[0.025718089660512047, 0.0028517054574383055, -0.011074470700690016], [0.002851705457438305, 0.005794005985805484, 0.017499514989815137], [-0.011074470700690016, 0.01749951498981514, 0.46749743775120883]], "chi2_level": 0.997, "chi2_df": 3, "chi2_threshold": 13.931422665512084, "N_raw": 97, "N_roi": 97, "N_inlier": 96, "refit": true}
{"timestamp": "18:16:19.099005", "frame": 91, "mu": [-0.4335609144476371, 2.715110374790223, 1.0896243800238166], "Sigma": [[0.01826202212961211, 0.00406680814968896, -0.02670339583106724], [0.004066808149688961, 0.005615623604886114, -0.013837029154255555], [-0.02670339583106724, -0.013837029154255557, 0.1560552724479389]], "chi2_level": 0.997, "chi2_df": 3, "chi2_threshold": 13.931422665512084, "N_raw": 88, "N_roi": 88, "N_inlier": 85, "refit": true}
{"timestamp": "18:16:19.151486", "frame": 92, "mu": [-0.45470171895910316, 2.798840508692574, 0.7903756312020889], "Sigma": [[0.016532291838359008, 0.003664575026210729, -0.025661392337065173], [0.003664575026210729, 0.004846562715970942, -0.016597222831607788], [-0.02566139233706517, -0.016597222831607784, 0.2617988900274512]], "chi2_level": 0.997, "chi2_df": 3, "chi2_threshold": 13.931422665512084, "N_raw": 73, "N_roi": 73, "N_inlier": 72, "refit": true}
{"timestamp": "18:16:19.212426", "frame": 93, "mu": [-0.5572026784318006, 2.8212032737578823, 0.6993583260680638], "Sigma": [[0.017021489615940667, 0.0006556452159659052, 0.011606465623857375], [0.0006556452159659049, 0.008579559370434134, -0.026286522021693425], [0.011606465623857375, -0.026286522021693425, 0.3569642916911518]], "chi2_level": 0.997, "chi2_df": 3, "chi2_threshold": 13.931422665512084, "N_raw": 111, "N_roi": 108, "N_inlier": 107, "refit": true}
{"timestamp": "18:16:19.258432", "frame": 94, "mu": [-0.5992787631611314, 2.7886957044362055, 1.0699230835318456], "Sigma": [[0.010013391460041519, -0.0005206626321123424, -0.010636109243030404], [-0.0005206626321123425, 0.005231565867957842, -0.018622320512784396], [-0.010636109243030406, -0.018622320512784393, 0.13751217686323194]], "chi2_level": 0.997, "chi2_df": 3, "chi2_threshold": 13.931422665512084, "N_raw": 51, "N_roi": 51, "N_inlier": 50, "refit": true}
{"timestamp": "18:16:19.313897", "frame": 95, "mu": [-0.5929200497339561, 2.8389583708844506, 1.2832310528636561], "Sigma": [[0.01278001971932169, 0.0002926120636546415, -0.011490551882285812], [0.0002926120636546417, 0.003013837530444899, -0.0029980428966740456], [-0.011490551882285812, -0.002998042896674046, 0.020802584612346693]], "chi2_level": 0.997, "chi2_df": 3, "chi2_threshold": 13.931422665512084, "N_raw": 55, "N_roi": 55, "N_inlier": 51, "refit": true}
{"timestamp": "18:16:19.366311", "frame": 96, "mu": [-0.6194946234898807, 2.8740677607593876, 1.295886467962199], "Sigma": [[0.011984024069383344, -0.0012592398663353835, -0.017703690364021068], [-0.001259239866335384, 0.0031548974804888317, 0.001628462750039432], [-0.017703690364021068, 0.0016284627500394325, 0.03094855644886824]], "chi2_level": 0.997, "chi2_df": 3, "chi2_threshold": 13.931422665512084, "N_raw": 44, "N_roi": 44, "N_inlier": 41, "refit": true}
{"timestamp": "18:16:19.428248", "frame": 97, "mu": [-0.5945410951604517, 2.932409627300708, 1.1603043020561825], "Sigma": [[0.014298252021991904, -0.00069862824168015, -0.024695227268635767], [-0.0006986282416801498, 0.0053534168463910264, 0.009107841850914103], [-0.024695227268635767, 0.009107841850914105, 0.1555767116074179]], "chi2_level": 0.997, "chi2_df": 3, "chi2_threshold": 13.931422665512084, "N_raw": 86, "N_roi": 86, "N_inlier": 84, "refit": true}
{"timestamp": "18:16:19.479640", "frame": 98, "mu": [-0.6611264627244873, 2.9458657632987753, 1.1928129962189598], "Sigma": [[0.011969417973760705, 0.002427792356721233, -0.006706486777941788], [0.002427792356721233, 0.0062343328892648505, 0.004366690325195325], [-0.006706486777941788, 0.004366690325195325, 0.04992180026904043]], "chi2_level": 0.997, "chi2_df": 3, "chi2_threshold": 13.931422665512084, "N_raw": 59, "N_roi": 59, "N_inlier": 56, "refit": true}
{"timestamp": "18:16:19.532827", "frame": 99, "mu": [-0.6541874730985133, 3.002100228610991, 1.1885488239648645], "Sigma": [[0.010338021240564049, -0.0021112370723140672, -0.025900608283416126], [-0.0021112370723140672, 0.0063880497085851235, 0.023386026857605886], [-0.025900608283416126, 0.023386026857605893, 0.18794759264705532]], "chi2_level": 0.997, "chi2_df": 3, "chi2_threshold": 13.931422665512084, "N_raw": 52, "N_roi": 52, "N_inlier": 52, "refit": true}
{"timestamp": "18:16:19.688463", "frame": 100, "mu": [-0.6943070578656698, 3.039652061750597, 1.1080544464232438], "Sigma": [[0.01930122575814326, -0.000947840217747216, -0.0416144948173852], [-0.0009478402177472158, 0.006887706197790633, 0.009066505399232875], [-0.04161449481738521, 0.009066505399232871, 0.17167208017947946]], "chi2_level": 0.997, "chi2_df": 3, "chi2_threshold": 13.931422665512084, "N_raw": 89, "N_roi": 89, "N_inlier": 88, "refit": true}
{"timestamp": "18:16:19.694526", "frame": 101, "mu": [-0.7219698798952158, 3.2615792287584897, -0.27843808468724407], "Sigma": [[0.014839546962540555, 0.005312835020631334, -0.021739173380466326], [0.005312835020631334, 0.008397691801709798, -0.02576307579397325], [-0.021739173380466326, -0.02576307579397325, 0.09553487616822295]], "chi2_level": 0.997, "chi2_df": 3, "chi2_threshold": 13.931422665512084, "N_raw": 78, "N_roi": 76, "N_inlier": 74, "refit": true}
{"timestamp": "18:16:19.734609", "frame": 102, "mu": [-0.7840902349345781, 3.134437117777237, 0.9235811725551117], "Sigma": [[0.006459814240321802, -0.0010206078999188684, 0.003761441023312743], [-0.0010206078999188684, 0.002904477850487205, -0.0072533554978579245], [0.003761441023312743, -0.0072533554978579245, 0.12121348891079667]], "chi2_level": 0.997, "chi2_df": 3, "chi2_threshold": 13.931422665512084, "N_raw": 26, "N_roi": 26, "N_inlier": 25, "refit": true}
{"timestamp": "18:16:19.764784", "frame": 103, "mu": [-0.84534366765088, 3.2032411919870065, 0.6873892271069859], "Sigma": [[0.015537819717976754, 0.0012853961778142428, -0.006822685961439351], [0.0012853961778142428, 0.004495500127333042, -0.02342708887141481], [-0.00682268596143935, -0.02342708887141481, 0.15200587807820828]], "chi2_level": 0.997, "chi2_df": 3, "chi2_threshold": 13.931422665512084, "N_raw": 130, "N_roi": 130, "N_inlier": 130, "refit": true}
{"timestamp": "18:16:19.816329", "frame": 104, "mu": [-0.8533467010595924, 3.2068691166614993, 0.9724794085385842], "Sigma": [[0.015281191793080004, 0.0011017185472402152, -0.00634523318271275], [0.0011017185472402147, 0.003352639881228783, -0.010134970381549716], [-0.00634523318271275, -0.010134970381549716, 0.12487501309856718]], "chi2_level": 0.997, "chi2_df": 3, "chi2_threshold": 13.931422665512084, "N_raw": 99, "N_roi": 99, "N_inlier": 98, "refit": true}
{"timestamp": "18:16:19.871213", "frame": 105, "mu": [-0.9277103504782277, 3.2309787859553682, 1.0715538481699307], "Sigma": [[0.017489153717470382, 0.00045045641890810077, 0.007074098062825644], [0.0004504564189081008, 0.0038528431815450406, -0.01108730326426851], [0.007074098062825644, -0.011087303264268511, 0.2001280634637482]], "chi2_level": 0.997, "chi2_df": 3, "chi2_threshold": 13.931422665512084, "N_raw": 106, "N_roi": 103, "N_inlier": 103, "refit": true}
{"timestamp": "18:16:19.923789", "frame": 106, "mu": [-0.9356941669412709, 3.2766258691758092, 1.064645156696215], "Sigma": [[0.015470778826694804, 0.001819400491466971, 0.007922687288939068], [0.001819400491466971, 0.003765550344629597, -0.011044082984152461], [0.007922687288939067, -0.011044082984152463, 0.2751487018766239]], "chi2_level": 0.997, "chi2_df": 3, "chi2_threshold": 13.931422665512084, "N_raw": 82, "N_roi": 82, "N_inlier": 82, "refit": true}
{"timestamp": "18:16:19.976055", "frame": 107, "mu": [-0.9671440467624404, 3.3211322754938895, 0.3189272046519485], "Sigma": [[0.016050575572149003, 0.004557998691543131, -0.011180534087087995], [0.004557998691543131, 0.014660803769443048, -0.02051737121737315], [-0.011180534087087997, -0.020517371217373147, 0.05864624712427233]], "chi2_level": 0.997, "chi2_df": 3, "chi2_threshold": 13.931422665512084, "N_raw": 68, "N_roi": 68, "N_inlier": 66, "refit": true}
{"timestamp": "18:16:20.031286", "frame": 108, "mu": [-0.9727152037602487, 3.2857048244115052, 1.2829571170219687], "Sigma": [[0.015041564973313298, 0.0025051618354982514, -0.01823819507196001], [0.002505161835498251, 0.00776340122715359, -0.006955430419647881], [-0.018238195071960013, -0.006955430419647881, 0.20902652997035367]], "chi2_level": 0.997, "chi2_df": 3, "chi2_threshold": 13.931422665512084, "N_raw": 71, "N_roi": 71, "N_inlier": 71, "refit": true}
{"timestamp": "18:16:20.084198", "frame": 109, "mu": [-0.9544945331643333, 3.340010122218386, 1.0083917508616786], "Sigma": [[0.02376151421109067, 0.0014811285225982368, -0.07171757128278128], [0.0014811285225982368, 0.002029979314759127, -0.007178701365214505], [-0.07171757128278128, -0.0071787013652145045, 0.34377621109918716]], "chi2_level": 0.997, "chi2_df": 3, "chi2_threshold": 13.931422665512084, "N_raw": 55, "N_roi": 55, "N_inlier": 53, "refit": true}
{"timestamp": "18:16:20.136733", "frame": 110, "mu": [-1.0515192992992886, 3.3785371755585762, 0.2607176199457563], "Sigma": [[0.012210809145261374, 0.0054881155265193785, -0.012109596263242855], [0.0054881155265193785, 0.008404820231327092, -0.011317698353216991], [-0.012109596263242858, -0.011317698353216991, 0.03365719154752822]], "chi2_level": 0.997, "chi2_df": 3, "chi2_threshold": 13.931422665512084, "N_raw": 38, "N_roi": 38, "N_inlier": 37, "refit": true}
{"timestamp": "18:16:20.196179", "frame": 111, "mu": [-1.039026187284846, 3.511190722443059, 0.07283869463811016], "Sigma": [[0.02130004427074063, 0.014984616610703987, -0.042054242866312284], [0.014984616610703987, 0.018640950490775764, -0.04475090200174256], [-0.042054242866312284, -0.04475090200174256, 0.11881469676724385]], "chi2_level": 0.997, "chi2_df": 3, "chi2_threshold": 13.931422665512084, "N_raw": 69, "N_roi": 67, "N_inlier": 64, "refit": true}
{"timestamp": "18:16:20.251102", "frame": 112, "mu": [-0.9960061085260632, 3.421493090728828, 0.87194683538271], "Sigma": [[0.027926030074521647, 0.002379721481646376, -0.054312997171030844], [0.002379721481646376, 0.0020529382823786368, -0.006230330412504869], [-0.054312997171030844, -0.00623033041250487, 0.16063048378732683]], "chi2_level": 0.997, "chi2_df": 3, "chi2_threshold": 13.931422665512084, "N_raw": 74, "N_roi": 74, "N_inlier": 72, "refit": true}
{"timestamp": "18:16:20.306987", "frame": 113, "mu": [-1.0958155563562033, 3.4309373876935787, 0.9793712695373706], "Sigma": [[0.02659800752092427, 0.004042804244561072, -0.04464083896375891], [0.004042804244561072, 0.0042327551726102875, -0.012832384248004088], [-0.04464083896375892, -0.012832384248004088, 0.10083489125635159]], "chi2_level": 0.997, "chi2_df": 3, "chi2_threshold": 13.931422665512084, "N_raw": 78, "N_roi": 77, "N_inlier": 77, "refit": true}
{"timestamp": "18:16:20.363836", "frame": 114, "mu": [-1.1044351920994544, 3.5204505688167, 0.9394505446356356], "Sigma": [[0.02452622986364823, 0.004744871458265385, -0.04357781889385737], [0.004744871458265385, 0.0035802767487102456, -0.017305629479738186], [-0.04357781889385738, -0.017305629479738186, 0.13010123696584963]], "chi2_level": 0.997, "chi2_df": 3, "chi2_threshold": 13.931422665512084, "N_raw": 83, "N_roi": 82, "N_inlier": 82, "refit": true}
{"timestamp": "18:16:20.410233", "frame": 115, "mu": [-1.1756978020350053, 3.5077860786908563, 0.8816737132475718], "Sigma": [[0.011163344955110165, 0.006507352573609512, -0.012370056650421034], [0.006507352573609512, 0.006078217059626382, -0.011393809206622306], [-0.012370056650421034, -0.011393809206622307, 0.025388328526868557]], "chi2_level": 0.997, "chi2_df": 3, "chi2_threshold": 13.931422665512084, "N_raw": 32, "N_roi": 32, "N_inlier": 31, "refit": true}
{"timestamp": "18:16:20.463256", "frame": 116, "mu": [-1.3326914762237314, 3.5081236066523993, 1.1129130037496706], "Sigma": [[0.007650857130586037, 0.0015139095131539522, -0.008899891401156854], [0.001513909513153952, 0.005138064903830843, -0.021582707247518058], [-0.008899891401156854, -0.021582707247518058, 0.11416846374019829]], "chi2_level": 0.997, "chi2_df": 3, "chi2_threshold": 13.931422665512084, "N_raw": 23, "N_roi": 23, "N_inlier": 22, "refit": true}
{"timestamp": "18:16:20.517602", "frame": 117, "mu": [-1.326321492677349, 3.705888680480951, -0.0030688981016321892], "Sigma": [[0.005583549657147353, 0.0015024088453326789, -0.0011609252069342108], [0.001502408845332679, 0.0319175129629709, -0.06094015694766018], [-0.0011609252069342112, -0.06094015694766019, 0.12248337445263618]], "chi2_level": 0.997, "chi2_df": 3, "chi2_threshold": 13.931422665512084, "N_raw": 16, "N_roi": 16, "N_inlier": 16, "refit": true}
{"timestamp": "18:16:20.576543", "frame": 118, "mu": [-1.4021964965640539, 3.6734883586741343, 0.5005888624227565], "Sigma": [[0.020449163560678916, 0.001862805829516275, -0.006220902464751462], [0.0018628058295162755, 0.0049901417699970045, -0.012652536156339841], [-0.006220902464751462, -0.012652536156339841, 0.04425628275745068]], "chi2_level": 0.997, "chi2_df": 3, "chi2_threshold": 13.931422665512084, "N_raw": 42, "N_roi": 41, "N_inlier": 40, "refit": true}
{"timestamp": "18:16:20.630958", "frame": 119, "mu": [-1.443125837204437, 3.7069305800576564, -0.038812615657828946], "Sigma": [[0.01825752413411174, -0.005957878314798397, 0.008228033897431115], [-0.005957878314798396, 0.028587990482871327, -0.046945680569143014], [0.008228033897431113, -0.046945680569143014, 0.07924208108820069]], "chi2_level": 0.997, "chi2_df": 3, "chi2_threshold": 13.931422665512084, "N_raw": 34, "N_roi": 33, "N_inlier": 32, "refit": true}
{"timestamp": "18:16:20.686019", "frame": 120, "mu": [-1.425939062270849, 3.571867294290322, 1.0752813718130192], "Sigma": [[0.015392811004583899, -0.0006900116335642, -0.011062014820346328], [-0.0006900116335641999, 0.0038819759096435625, -0.012212140682132444], [-0.011062014820346328, -0.012212140682132444, 0.11311440943503703]], "chi2_level": 0.997, "chi2_df": 3, "chi2_threshold": 13.931422665512084, "N_raw": 38, "N_roi": 38, "N_inlier": 35, "refit": true}
{"timestamp": "18:16:20.848822", "frame": 123, "mu": [-1.5404723222930925, 3.6003885557542343, 1.1056980035568928], "Sigma": [[0.010694765068988924, 0.0017928432880090445, -0.010430856104939268], [0.0017928432880090445, 0.002978579353465972, -0.0005905833560565908], [-0.010430856104939271, -0.0005905833560565907, 0.01186195443616677]], "chi2_level": 0.997, "chi2_df": 3, "chi2_threshold": 13.931422665512084, "N_raw": 22, "N_roi": 20, "N_inlier": 19, "refit": true}
{"timestamp": "18:16:20.904327", "frame": 124, "mu": [-1.5931916320192654, 3.702127407658339, 1.2055091454670503], "Sigma": [[0.010757665177983511, 0.0021305440149822974, -0.013976996543987479], [0.0021305440149822974, 0.0031146173198067333, -0.004678482651983841], [-0.013976996543987479, -0.004678482651983841, 0.02548120557196347]], "chi2_level": 0.997, "chi2_df": 3, "chi2_threshold": 13.931422665512084, "N_raw": 28, "N_roi": 28, "N_inlier": 27, "refit": true}
{"timestamp": "18:16:20.957782", "frame": 125, "mu": [-1.650120028696285, 3.657141240154545, 1.0257619281473171], "Sigma": [[0.009682833285482155, 0.003746317549595937, -0.021788102988933702], [0.0037463175495959376, 0.0024007956253939374, -0.009943151216077943], [-0.021788102988933702, -0.009943151216077943, 0.07654476099928233]], "chi2_level": 0.997, "chi2_df": 3, "chi2_threshold": 13.931422665512084, "N_raw": 14, "N_roi": 14, "N_inlier": 14, "refit": true}
