{"timestamp": "18:10:47.640703", "frame": 1, "mu": [2.3504385050650445, 4.350408876428074, 1.1069421708775053], "Sigma": [[0.00868792270242101, -0.0050060626315757105, -0.005158271578028929], [-0.0050060626315757105, 0.004695681399533886, 0.0015920820636995672], [-0.005158271578028931, 0.0015920820636995672, 0.007250080854975885]], "chi2_level": 0.997, "chi2_df": 3, "chi2_threshold": 13.931422665512084, "N_raw": 28, "N_roi": 17, "N_inlier": 16, "refit": true}
{"timestamp": "18:10:47.699464", "frame": 2, "mu": [2.3582614652247695, 4.298654814437693, 0.8704939521944639], "Sigma": [[0.007639566704389521, -0.004933393219203747, -0.0028521707827178625], [-0.004933393219203747, 0.005112564365614616, -0.002663421964615521], [-0.002852170782717863, -0.002663421964615521, 0.021775182250970502]], "chi2_level": 0.997, "chi2_df": 3, "chi2_threshold": 13.931422665512084, "N_raw": 50, "N_roi": 24, "N_inlier": 24, "refit": true}
{"timestamp": "18:10:47.758075", "frame": 3, "mu": [2.3554602924113555, 4.351701247498627, 0.9812858610218234], "Sigma": [[0.010388063723293995, -0.002533686673214184, 0.0008594116021762403], [-0.002533686673214184, 0.010843033814679201, 0.012523720705652903], [0.00085941160217624, 0.012523720705652903, 0.017137932449798957]], "chi2_level": 0.997, "chi2_df": 3, "chi2_threshold": 13.931422665512084, "N_raw": 58, "N_roi": 23, "N_inlier": 23, "refit": true}
{"timestamp": "18:10:48.080669", "frame": 9, "mu": [2.313574316747888, 4.366342508714228, 0.3086420590366671], "Sigma": [[0.005785654883570641, -0.0022049788462447407, -0.0030591331109088822], [-0.0022049788462447407, 0.0050571099452653085, 0.0029418072469833065], [-0.0030591331109088822, 0.0029418072469833065, 0.0033907616113940625]], "chi2_level": 0.997, "chi2_df": 3, "chi2_threshold": 13.931422665512084, "N_raw": 14, "N_roi": 11, "N_inlier": 11, "refit": true}
{"timestamp": "18:10:48.138446", "frame": 10, "mu": [2.370523623730515, 4.372212768753728, 1.0685909473407222], "Sigma": [[0.005655187140301459, 0.00738638004856812, 0.0025220362132133117], [0.00738638004856812, 0.021323634564370753, 0.008732601206299453], [0.0025220362132133117, 0.008732601206299455, 0.005589073776014085]], "chi2_level": 0.997, "chi2_df": 3, "chi2_threshold": 13.931422665512084, "N_raw": 28, "N_roi": 10, "N_inlier": 10, "refit": true}
{"timestamp": "18:10:48.250370", "frame": 12, "mu": [2.3180192566177347, 4.43377451411797, 1.1048559457071905], "Sigma": [[0.01030554783190204, -0.0005676441016161833, -0.008018796772330571], [-0.0005676441016161832, 0.00729466743870115, -0.0036134833904899136], [-0.008018796772330571, -0.003613483390489913, 0.026253512198132396]], "chi2_level": 0.997, "chi2_df": 3, "chi2_threshold": 13.931422665512084, "N_raw": 35, "N_roi": 24, "N_inlier": 23, "refit": true}
{"timestamp": "18:10:48.359246", "frame": 14, "mu": [2.315971826069733, 4.477266416236023, 0.9908323820769507], "Sigma": [[0.014765555996501607, -0.008411841817590377, -0.00672284735699832], [-0.008411841817590377, 0.005711385434314411, 0.00253339138701548], [-0.00672284735699832, 0.00253339138701548, 0.00935092829147056]], "chi2_level": 0.997, "chi2_df": 3, "chi2_threshold": 13.931422665512084, "N_raw": 32, "N_roi": 18, "N_inlier": 17, "refit": true}
{"timestamp": "18:10:48.799009", "frame": 22, "mu": [2.299678961557787, 4.512452934057733, 0.29672791542996535], "Sigma": [[0.02043887014481549, -0.008960165533524772, -0.010229974458361699], [-0.008960165533524772, 0.007725431167576712, 0.009004413562748613], [-0.010229974458361699, 0.009004413562748614, 0.013646950265814587]], "chi2_level": 0.997, "chi2_df": 3, "chi2_threshold": 13.931422665512084, "N_raw": 36, "N_roi": 30, "N_inlier": 30, "refit": true}
{"timestamp": "18:10:48.908369", "frame": 24, "mu": [2.3153011679174855, 4.43298440818997, 1.1400807602223197], "Sigma": [[0.011409775485489243, -0.004496722003293793, -0.0013768774438444576], [-0.004496722003293794, 0.005677970839351137, 0.002338825048850422], [-0.0013768774438444576, 0.002338825048850422, 0.002148115208672664]], "chi2_level": 0.997, "chi2_df": 3, "chi2_threshold": 13.931422665512084, "N_raw": 27, "N_roi": 21, "N_inlier": 21, "refit": true}
{"timestamp": "18:10:49.678936", "frame": 38, "mu": [1.9450282650255744, 4.378674885566723, 0.9949410364967028], "Sigma": [[0.02447367968673262, -0.01114190371483101, -0.005117783371441625], [-0.011141903714831012, 0.006805915013099201, 0.001861112916405588], [-0.005117783371441626, 0.0018611129164055884, 0.003121389861106759]], "chi2_level": 0.997, "chi2_df": 3, "chi2_threshold": 13.931422665512084, "N_raw": 30, "N_roi": 26, "N_inlier": 25, "refit": true}
{"timestamp": "18:10:49.733065", "frame": 39, "mu": [1.9707119699835889, 4.343855645970291, 0.9007544309208567], "Sigma": [[0.024386874705837815, -0.013223460711773488, -0.009254968364762972], [-0.01322346071177349, 0.008715656351414653, 0.0042553089186430516], [-0.009254968364762972, 0.0042553089186430516, 0.006242316058474655]], "chi2_level": 0.997, "chi2_df": 3, "chi2_threshold": 13.931422665512084, "N_raw": 26, "N_roi": 26, "N_inlier": 25, "refit": true}
{"timestamp": "18:10:49.789830", "frame": 40, "mu": [1.9265069492317037, 4.39167510269238, 1.0255427302957272], "Sigma": [[0.019154585063352502, -0.00978104187519776, -0.0044965971050714825], [-0.00978104187519776, 0.01202195610543644, 0.006703717042554753], [-0.0044965971050714825, 0.006703717042554753, 0.0073818681545509525]], "chi2_level": 0.997, "chi2_df": 3, "chi2_threshold": 13.931422665512084, "N_raw": 42, "N_roi": 39, "N_inlier": 38, "refit": true}
{"timestamp": "18:10:49.846992", "frame": 41, "mu": [1.9302508870932236, 4.378973490062469, 1.0095261831232878], "Sigma": [[0.028245700701578585, -0.013848609696054155, -0.01051437590076584], [-0.013848609696054155, 0.011005357519961194, 0.0029048559747456588], [-0.01051437590076584, 0.0029048559747456588, 0.009757236568832678]], "chi2_level": 0.997, "chi2_df": 3, "chi2_threshold": 13.931422665512084, "N_raw": 51, "N_roi": 47, "N_inlier": 47, "refit": true}
{"timestamp": "18:10:49.901063", "frame": 42, "mu": [1.848605809118485, 4.408954758184188, 0.9156010045436318], "Sigma": [[0.020431420753907043, -0.008414502423993202, -0.00818221564577194], [-0.008414502423993202, 0.008424028260648418, 0.002240311562539869], [-0.00818221564577194, 0.002240311562539869, 0.005445185723779435]], "chi2_level": 0.997, "chi2_df": 3, "chi2_threshold": 13.931422665512084, "N_raw": 48, "N_roi": 43, "N_inlier": 42, "refit": true}
{"timestamp": "18:10:50.009351", "frame": 44, "mu": [1.7871292022356902, 4.414802567469724, 1.0020055784257622], "Sigma": [[0.016300230667613016, -0.008103037368281944, -0.005880582451780695], [-0.008103037368281944, 0.006632200806459818, 0.0008591488438678796], [-0.005880582451780695, 0.0008591488438678798, 0.009853283010313003]], "chi2_level": 0.997, "chi2_df": 3, "chi2_threshold": 13.931422665512084, "N_raw": 36, "N_roi": 33, "N_inlier": 31, "refit": true}
{"timestamp": "18:10:50.062641", "frame": 45, "mu": [1.7397847778432698, 4.412799403066528, 0.7812878211715767], "Sigma": [[0.011088628412087171, -0.006371810383272246, -0.005456308209221652], [-0.006371810383272246, 0.004399451908024485, 0.00835940385013335], [-0.005456308209221652, 0.00835940385013335, 0.0677004722076174]], "chi2_level": 0.997, "chi2_df": 3, "chi2_threshold": 13.931422665512084, "N_raw": 22, "N_roi": 20, "N_inlier": 19, "refit": true}
{"timestamp": "18:10:50.170507", "frame": 47, "mu": [1.6768086738022967, 4.395893484248616, 0.7539831973525379], "Sigma": [[0.014100802583942423, -0.005493131246185828, 0.005909004524379657], [-0.005493131246185828, 0.002720946645598201, -0.005138645310367377], [0.005909004524379657, -0.0051386453103673775, 0.03159357070044983]], "chi2_level": 0.997, "chi2_df": 3, "chi2_threshold": 13.931422665512084, "N_raw": 15, "N_roi": 15, "N_inlier": 15, "refit": true}
{"timestamp": "18:10:50.281621", "frame": 49, "mu": [1.5596796394641406, 4.383780153094272, 0.9434158353331338], "Sigma": [[0.02386241599613065, -0.009281858411516717, -0.009864440398991507], [-0.009281858411516717, 0.005488719767932352, 0.004129986023250376], [-0.009864440398991507, 0.004129986023250376, 0.006473924891252872]], "chi2_level": 0.997, "chi2_df": 3, "chi2_threshold": 13.931422665512084, "N_raw": 23, "N_roi": 23, "N_inlier": 23, "refit": true}
{"timestamp": "18:10:50.338695", "frame": 50, "mu": [1.5374888034547576, 4.328526150944917, 0.8386626141696201], "Sigma": [[0.02637450420864993, -0.012414391902551884, -0.009719853823801505], [-0.012414391902551884, 0.008945940444667585, 0.0031617476090373096], [-0.009719853823801507, 0.0031617476090373096, 0.005867509964492108]], "chi2_level": 0.997, "chi2_df": 3, "chi2_threshold": 13.931422665512084, "N_raw": 36, "N_roi": 36, "N_inlier": 36, "refit": true}
{"timestamp": "18:10:50.392233", "frame": 51, "mu": [1.541619474797838, 4.452431878138744, -0.02648507207203421], "Sigma": [[0.01463512497446678, -0.004685807575824734, -0.0034030998691254024], [-0.004685807575824734, 0.0035725565513153694, -0.00029540652269575437], [-0.0034030998691254024, -0.00029540652269575437, 0.0029809998120868954]], "chi2_level": 0.997, "chi2_df": 3, "chi2_threshold": 13.931422665512084, "N_raw": 18, "N_roi": 18, "N_inlier": 18, "refit": true}
{"timestamp": "18:10:50.445833", "frame": 52, "mu": [1.568954225505918, 4.396155683761349, -0.1287961999020732], "Sigma": [[0.007785855435554938, -0.004445148068003207, -0.005575010647747481], [-0.004445148068003207, 0.006474016056945525, 0.003686276317246904], [-0.005575010647747481, 0.003686276317246904, 0.006190572014437062]], "chi2_level": 0.997, "chi2_df": 3, "chi2_threshold": 13.931422665512084, "N_raw": 17, "N_roi": 17, "N_inlier": 17, "refit": true}
{"timestamp": "18:10:50.502605", "frame": 53, "mu": [1.3806192552707175, 4.299906443659218, 0.9001531140233695], "Sigma": [[0.01722151212688064, -0.00865753073583258, -0.011774125477884527], [-0.00865753073583258, 0.007948637218296936, 0.006825726484745985], [-0.011774125477884527, 0.006825726484745985, 0.010423953154869147]], "chi2_level": 0.997, "chi2_df": 3, "chi2_threshold": 13.931422665512084, "N_raw": 27, "N_roi": 25, "N_inlier": 25, "refit": true}
{"timestamp": "18:10:50.560669", "frame": 54, "mu": [1.300785608016274, 4.322462224008231, 1.052652865839701], "Sigma": [[0.020538481002457414, -0.007403690411439795, -0.009107475114324942], [-0.007403690411439795, 0.006596957370505992, 0.003936020919440146], [-0.009107475114324942, 0.003936020919440146, 0.0058149478803038905]], "chi2_level": 0.997, "chi2_df": 3, "chi2_threshold": 13.931422665512084, "N_raw": 37, "N_roi": 34, "N_inlier": 34, "refit": true}
{"timestamp": "18:10:50.781625", "frame": 58, "mu": [1.1458149540255145, 4.334414027559447, 0.9246149147710007], "Sigma": [[0.018058105521479614, -0.005885424808809588, -0.0063634333108452245], [-0.005885424808809588, 0.007284409009168013, -0.002690226782937473], [-0.0063634333108452245, -0.002690226782937473, 0.008992363288230347]], "chi2_level": 0.997, "chi2_df": 3, "chi2_threshold": 13.931422665512084, "N_raw": 51, "N_roi": 51, "N_inlier": 51, "refit": true}
{"timestamp": "18:10:50.836537", "frame": 59, "mu": [1.0836557354435337, 4.481843854791478, 0.04197367709364329], "Sigma": [[0.016033903181705184, -0.008547177698737352, 0.00867354291228119], [-0.008547177698737352, 0.02207696023419945, -0.030139033737953867], [0.00867354291228119, -0.030139033737953867, 0.05306434756841836]], "chi2_level": 0.997, "chi2_df": 3, "chi2_threshold": 13.931422665512084, "N_raw": 42, "N_roi": 42, "N_inlier": 42, "refit": true}
{"timestamp": "18:10:50.890775", "frame": 60, "mu": [0.9975601916488342, 4.40159180079016, 0.67031166213373], "Sigma": [[0.044502358096714226, -0.019954839058695002, 0.05162907765918973], [-0.019954839058695002, 0.012803242235520252, -0.0348722712069367], [0.05162907765918974, -0.0348722712069367, 0.13349140282466565]], "chi2_level": 0.997, "chi2_df": 3, "chi2_threshold": 13.931422665512084, "N_raw": 48, "N_roi": 47, "N_inlier": 46, "refit": true}
{"timestamp": "18:10:50.942540", "frame": 61, "mu": [1.0130532673839667, 4.350172430346974, 0.871451378048121], "Sigma": [[0.01081939120845794, -0.007150668618310341, 0.015718622217486038], [-0.007150668618310341, 0.010183491761206972, -0.02423062927628778], [0.015718622217486038, -0.02423062927628778, 0.09443563788472611]], "chi2_level": 0.997, "chi2_df": 3, "chi2_threshold": 13.931422665512084, "N_raw": 16, "N_roi": 14, "N_inlier": 14, "refit": true}
{"timestamp": "18:10:51.055262", "frame": 63, "mu": [0.910395517731652, 4.328250570549903, 1.0464354903907926], "Sigma": [[0.022859866548182804, -0.005233452827935529, -0.010422789623129761], [-0.005233452827935529, 0.005876738651384082, 0.0020596528507841197], [-0.010422789623129761, 0.0020596528507841197, 0.006645048508662192]], "chi2_level": 0.997, "chi2_df": 3, "chi2_threshold": 13.931422665512084, "N_raw": 45, "N_roi": 45, "N_inlier": 45, "refit": true}
{"timestamp": "18:10:51.111558", "frame": 64, "mu": [0.871934172713925, 4.297487453446623, 0.9880299956909677], "Sigma": [[0.021795741677973414, -0.0076144636271806305, -0.011116839005653361], [-0.0076144636271806305, 0.007008398201739087, 0.0005135443407407609], [-0.01111683900565336, 0.000513544340740761, 0.011662097551567663]], "chi2_level": 0.997, "chi2_df": 3, "chi2_threshold": 13.931422665512084, "N_raw": 43, "N_roi": 41, "N_inlier": 39, "refit": true}
{"timestamp": "18:10:51.166802", "frame": 65, "mu": [0.8335983063681596, 4.297003828305305, 0.9397288618404511], "Sigma": [[0.029270131294308836, -0.017780294998334903, -0.028050250965612825], [-0.017780294998334903, 0.015797416604572876, 0.018613325042017258], [-0.028050250965612825, 0.018613325042017258, 0.029334887192874942]], "chi2_level": 0.997, "chi2_df": 3, "chi2_threshold": 13.931422665512084, "N_raw": 52, "N_roi": 49, "N_inlier": 48, "refit": true}
{"timestamp": "18:10:51.224960", "frame": 66, "mu": [0.8387398834628282, 4.283095994971164, 0.841780635687525], "Sigma": [[0.024795382878730923, -0.009158743651069258, -0.014624592023097533], [-0.009158743651069258, 0.015796504410038374, 0.008026785425875649], [-0.014624592023097533, 0.008026785425875649, 0.010740156525210346]], "chi2_level": 0.997, "chi2_df": 3, "chi2_threshold": 13.931422665512084, "N_raw": 72, "N_roi": 71, "N_inlier": 70, "refit": true}
{"timestamp": "18:10:51.279095", "frame": 67, "mu": [0.759979133387612, 4.323453564547074, 0.8109701655018928], "Sigma": [[0.027549555392547682, -0.011461814050700797, -0.013740424907610934], [-0.011461814050700797, 0.012509366937278613, 0.004443193488496106], [-0.013740424907610934, 0.004443193488496107, 0.009203712425104078]], "chi2_level": 0.997, "chi2_df": 3, "chi2_threshold": 13.931422665512084, "N_raw": 68, "N_roi": 66, "N_inlier": 63, "refit": true}
{"timestamp": "18:10:51.329259", "frame": 68, "mu": [0.6557505379251439, 4.336264883637974, 1.0537971474004744], "Sigma": [[0.015496776647798657, -0.002729419463453082, -0.008827858941821972], [-0.002729419463453082, 0.003938301424950944, 0.0017640060259338955], [-0.008827858941821972, 0.0017640060259338955, 0.006614764580094678]], "chi2_level": 0.997, "chi2_df": 3, "chi2_threshold": 13.931422665512084, "N_raw": 34, "N_roi": 31, "N_inlier": 31, "refit": true}
{"timestamp": "18:10:51.385874", "frame": 69, "mu": [0.6334537413942803, 4.344907572856094, 1.0614930863938683], "Sigma": [[0.024674280101144717, -0.005617740178563356, -0.010446573582871026], [-0.005617740178563356, 0.004958064121416289, 0.0022443028401006567], [-0.010446573582871026, 0.0022443028401006567, 0.006426976704956088]], "chi2_level": 0.997, "chi2_df": 3, "chi2_threshold": 13.931422665512084, "N_raw": 45, "N_roi": 42, "N_inlier": 41, "refit": true}
{"timestamp": "18:10:51.444564", "frame": 70, "mu": [0.5774061770531772, 4.323858258551414, 1.0770089761732993], "Sigma": [[0.03064221959363591, -0.005970298229546975, -0.011710446237064197], [-0.005970298229546975, 0.006091855909342905, 0.0021022007906582457], [-0.0117104462370642, 0.0021022007906582457, 0.005933602337299816]], "chi2_level": 0.997, "chi2_df": 3, "chi2_threshold": 13.931422665512084, "N_raw": 65, "N_roi": 58, "N_inlier": 55, "refit": true}
{"timestamp": "18:10:51.495426", "frame": 71, "mu": [0.4141469926873347, 4.364373368777939, 1.1104484645107262], "Sigma": [[0.007047696332448808, -0.0019088869974474144, -0.0035240788340891757], [-0.0019088869974474144, 0.0041667267858171205, 0.002030193812997844], [-0.0035240788340891753, 0.0020301938129978435, 0.003404119629598888]], "chi2_level": 0.997, "chi2_df": 3, "chi2_threshold": 13.931422665512084, "N_raw": 40, "N_roi": 16, "N_inlier": 16, "refit": true}
{"timestamp": "18:10:51.548992", "frame": 72, "mu": [0.4479753374287404, 4.419509563754603, 0.2263487505850424], "Sigma": [[0.023225117694906268, -0.0015128837037497683, -0.010348311803929934], [-0.0015128837037497683, 0.0027822267052767277, 0.00029423242788812127], [-0.010348311803929935, 0.00029423242788812116, 0.005982276142715859]], "chi2_level": 0.997, "chi2_df": 3, "chi2_threshold": 13.931422665512084, "N_raw": 34, "N_roi": 34, "N_inlier": 32, "refit": true}
{"timestamp": "18:10:51.602902", "frame": 73, "mu": [0.4333578309389528, 4.40898463576209, 1.009850783840675], "Sigma": [[0.012727579526514593, -0.004138455045821179, -0.0043679114379073045], [-0.004138455045821179, 0.006840042634247794, -0.00748878574725117], [-0.004367911437907305, -0.00748878574725117, 0.019191137373802562]], "chi2_level": 0.997, "chi2_df": 3, "chi2_threshold": 13.931422665512084, "N_raw": 27, "N_roi": 25, "N_inlier": 24, "refit": true}
{"timestamp": "18:10:51.660086", "frame": 74, "mu": [0.4264021519935484, 4.313551750254223, 0.997877116320362], "Sigma": [[0.016337992292551715, -0.004110307926426395, -0.006651730125775404], [-0.004110307926426395, 0.002492435229012829, -0.0005763732639300093], [-0.006651730125775403, -0.0005763732639300091, 0.013981859191408767]], "chi2_level": 0.997, "chi2_df": 3, "chi2_threshold": 13.931422665512084, "N_raw": 34, "N_roi": 30, "N_inlier": 28, "refit": true}
{"timestamp": "18:10:51.718754", "frame": 75, "mu": [0.3451523884615704, 4.331048010877072, 1.0061981485454634], "Sigma": [[0.02793853477147182, -0.004564153955759744, -0.012828899118636175], [-0.004564153955759744, 0.003702497828457469, -0.0023120504502703748], [-0.012828899118636175, -0.0023120504502703748, 0.014760079965485383]], "chi2_level": 0.997, "chi2_df": 3, "chi2_threshold": 13.931422665512084, "N_raw": 61, "N_roi": 56, "N_inlier": 54, "refit": true}
{"timestamp": "18:10:51.772287", "frame": 76, "mu": [0.27715888831589014, 4.350163841998907, 1.1072046793479782], "Sigma": [[0.019147923017663087, -0.0032136120862357315, -0.00821804053519007], [-0.0032136120862357315, 0.0045389190440890655, 0.00020432003231536888], [-0.00821804053519007, 0.00020432003231536877, 0.006027920436810341]], "chi2_level": 0.997, "chi2_df": 3, "chi2_threshold": 13.931422665512084, "N_raw": 54, "N_roi": 42, "N_inlier": 41, "refit": true}
{"timestamp": "18:10:51.821999", "frame": 77, "mu": [0.17445670198205177, 4.362230690725213, 1.120938588715079], "Sigma": [[0.003786316927976892, 0.0004519816954779597, -0.0006578525783521511], [0.0004519816954779597, 0.0017230845927170958, -0.001337129297872709], [-0.0006578525783521512, -0.001337129297872709, 0.0030542947582521468]], "chi2_level": 0.997, "chi2_df": 3, "chi2_threshold": 13.931422665512084, "N_raw": 18, "N_roi": 11, "N_inlier": 11, "refit": true}
{"timestamp": "18:10:51.884399", "frame": 78, "mu": [0.16674263737318448, 4.3052055840667105, 1.0078496711921103], "Sigma": [[0.025488817629298617, -0.004686464407530579, -0.007679887089449944], [-0.004686464407530578, 0.0053305624351170115, -0.0036296180163066655], [-0.007679887089449944, -0.0036296180163066655, 0.010463981883190362]], "chi2_level": 0.997, "chi2_df": 3, "chi2_threshold": 13.931422665512084, "N_raw": 67, "N_roi": 64, "N_inlier": 60, "refit": true}
{"timestamp": "18:10:51.934901", "frame": 79, "mu": [0.11342989848662799, 4.377654186324376, 1.0093959373103458], "Sigma": [[0.016908579080416465, -0.005276528890058755, -0.0032503486206809486], [-0.005276528890058755, 0.006327838973351906, -0.005770843549957598], [-0.0032503486206809486, -0.005770843549957598, 0.019858196847388657]], "chi2_level": 0.997, "chi2_df": 3, "chi2_threshold": 13.931422665512084, "N_raw": 27, "N_roi": 26, "N_inlier": 25, "refit": true}
{"timestamp": "18:10:51.992081", "frame": 80, "mu": [0.09530566577726396, 4.294417781878601, 1.0540661009878334], "Sigma": [[0.025264888652273856, -0.0021472067943817804, -0.00835707795786798], [-0.0021472067943817804, 0.003696296811753272, -0.0026692849572302123], [-0.00835707795786798, -0.0026692849572302123, 0.008118864397650702]], "chi2_level": 0.997, "chi2_df": 3, "chi2_threshold": 13.931422665512084, "N_raw": 53, "N_roi": 53, "N_inlier": 51, "refit": true}
{"timestamp": "18:10:52.097618", "frame": 82, "mu": [-0.002920042519374028, 4.201460893017396, 1.0083463124010037], "Sigma": [[0.01915353529217879, 0.00023164372607433132, -5.455420813423716e-05], [0.0002316437260743312, 0.0021109235790036816, -0.0004980165274841408], [-5.455420813423716e-05, -0.0004980165274841408, 0.0001185547747953049]], "chi2_level": 0.997, "chi2_df": 3, "chi2_threshold": 13.931422665512084, "N_raw": 30, "N_roi": 30, "N_inlier": 29, "refit": true}
{"timestamp": "18:10:52.156084", "frame": 83, "mu": [-0.04171980689344393, 4.184587633557991, 1.0303458872090627], "Sigma": [[0.030429718415032947, 0.0006154627742558102, -0.0030438962544671413], [0.0006154627742558103, 0.003688321750525413, 0.0009267926469622123], [-0.0030438962544671413, 0.0009267926469622123, 0.0019949361254382827]], "chi2_level": 0.997, "chi2_df": 3, "chi2_threshold": 13.931422665512084, "N_raw": 47, "N_roi": 47, "N_inlier": 45, "refit": true}
{"timestamp": "18:10:52.212438", "frame": 84, "mu": [-0.0740563437309532, 4.157072881341777, 1.001042774089091], "Sigma": [[0.027620519500643058, -0.0026609819153521792, -0.013783817940621473], [-0.0026609819153521792, 0.005650044961218255, 0.0024027903745020823], [-0.013783817940621473, 0.0024027903745020823, 0.008678421654404562]], "chi2_level": 0.997, "chi2_df": 3, "chi2_threshold": 13.931422665512084, "N_raw": 54, "N_roi": 54, "N_inlier": 53, "refit": true}
{"timestamp": "18:10:52.376219", "frame": 87, "mu": [-0.2262098204629397, 4.212390670836731, 1.1070684448740096], "Sigma": [[0.029516477313408666, -0.0038633859205392624, -0.015214972721431425], [-0.0038633859205392624, 0.005250128270831006, 0.0020866541794723335], [-0.015214972721431425, 0.002086654179472334, 0.009219971426741564]], "chi2_level": 0.997, "chi2_df": 3, "chi2_threshold": 13.931422665512084, "N_raw": 52, "N_roi": 52, "N_inlier": 52, "refit": true}
{"timestamp": "18:10:52.431037", "frame": 88, "mu": [-0.27077978741355074, 4.20655959021215, 1.0288270392487968], "Sigma": [[0.019975286629125334, -0.0013450631774845298, -0.0038861000076188135], [-0.0013450631774845295, 0.004260490082939145, -0.0015932331796257601], [-0.0038861000076188135, -0.0015932331796257601, 0.003432865631614099]], "chi2_level": 0.997, "chi2_df": 3, "chi2_threshold": 13.931422665512084, "N_raw": 49, "N_roi": 49, "N_inlier": 46, "refit": true}
{"timestamp": "18:10:52.483846", "frame": 89, "mu": [-0.35381061496223326, 4.250306370753335, 1.1370363315517213], "Sigma": [[0.024395734251253548, -0.001249874887019876, -0.016464775645621016], [-0.0012498748870198757, 0.002497754945588778, -0.0012992837398949591], [-0.016464775645621016, -0.0012992837398949591, 0.0146875857158481]], "chi2_level": 0.997, "chi2_df": 3, "chi2_threshold": 13.931422665512084, "N_raw": 37, "N_roi": 37, "N_inlier": 37, "refit": true}
{"timestamp": "18:10:52.539249", "frame": 90, "mu": [-0.3781844251423855, 4.244489333590318, 1.1069595702944666], "Sigma": [[0.016231234240351267, -0.0012704770882444446, -0.008880863161096835], [-0.0012704770882444448, 0.003062742014300287, 8.646334099435529e-05], [-0.008880863161096835, 8.646334099435518e-05, 0.007309673287710108]], "chi2_level": 0.997, "chi2_df": 3, "chi2_threshold": 13.931422665512084, "N_raw": 32, "N_roi": 32, "N_inlier": 31, "refit": true}
{"timestamp": "18:10:52.594827", "frame": 91, "mu": [-0.5203333698291044, 4.315721660105656, 1.2315405580686645], "Sigma": [[0.02360552115738671, -0.0013050123223681724, -0.012173204375023498], [-0.0013050123223681724, 0.0032751259865472105, -0.0004116112475601734], [-0.012173204375023498, -0.0004116112475601732, 0.007651445794188146]], "chi2_level": 0.997, "chi2_df": 3, "chi2_threshold": 13.931422665512084, "N_raw": 38, "N_roi": 38, "N_inlier": 35, "refit": true}
{"timestamp": "18:10:52.702865", "frame": 93, "mu": [-0.5217331964722194, 4.259624019356852, 1.065277520740053], "Sigma": [[0.013791885278318863, 0.00041706386173342156, -0.004382798154127609], [0.00041706386173342167, 0.001770636867350304, -0.006011143520378634], [-0.004382798154127609, -0.006011143520378633, 0.03313463956747205]], "chi2_level": 0.997, "chi2_df": 3, "chi2_threshold": 13.931422665512084, "N_raw": 25, "N_roi": 23, "N_inlier": 21, "refit": true}
{"timestamp": "18:10:52.814159", "frame": 95, "mu": [-0.6720734916311467, 4.308220474894166, 0.18796646807881304], "Sigma": [[0.024476502121104526, 0.004234273112277298, -0.008872069530501563], [0.004234273112277297, 0.003713628262815424, -0.0007054643281431825], [-0.008872069530501563, -0.0007054643281431825, 0.0049635863122697525]], "chi2_level": 0.997, "chi2_df": 3, "chi2_threshold": 13.931422665512084, "N_raw": 41, "N_roi": 38, "N_inlier": 35, "refit": true}
{"timestamp": "18:10:52.865881", "frame": 96, "mu": [-0.7287094215425167, 4.231142068528164, 1.121202997140963], "Sigma": [[0.010419189568418625, 0.0005220075978310635, 0.004646956620894847], [0.0005220075978310634, 0.0011230120599090327, -0.0029594573014594646], [0.004646956620894846, -0.0029594573014594646, 0.01987367891757029]], "chi2_level": 0.997, "chi2_df": 3, "chi2_threshold": 13.931422665512084, "N_raw": 13, "N_roi": 13, "N_inlier": 12, "refit": true}
{"timestamp": "18:10:52.923807", "frame": 97, "mu": [-0.7655022255139903, 4.2774950532088205, 0.6927324262144724], "Sigma": [[0.012905834100085731, 0.001487760215901096, 0.005827288569230723], [0.001487760215901096, 0.0018370483026441374, 0.0005951133634471336], [0.005827288569230723, 0.000595113363447134, 0.18365973498009144]], "chi2_level": 0.997, "chi2_df": 3, "chi2_threshold": 13.931422665512084, "N_raw": 34, "N_roi": 34, "N_inlier": 34, "refit": true}
{"timestamp": "18:10:52.983619", "frame": 98, "mu": [-0.8404001950129224, 4.259135179528873, 0.9064741618470646], "Sigma": [[0.03537152549534906, -0.006162690665242002, -0.0019510884140116155], [-0.006162690665242001, 0.008503975169568407, -0.01225248595819272], [-0.0019510884140116161, -0.012252485958192718, 0.02680521202187068]], "chi2_level": 0.997, "chi2_df": 3, "chi2_threshold": 13.931422665512084, "N_raw": 67, "N_roi": 63, "N_inlier": 62, "refit": true}
{"timestamp": "18:10:53.035271", "frame": 99, "mu": [-1.0728273484495578, 4.444887401562194, 0.8387982251798], "Sigma": [[0.026530354976785506, -0.0021373913233723595, -0.007894439116995907], [-0.00213739132337236, 0.006275422825421049, -0.005056723566123515], [-0.007894439116995907, -0.005056723566123515, 0.0102324010961143]], "chi2_level": 0.997, "chi2_df": 3, "chi2_threshold": 13.931422665512084, "N_raw": 39, "N_roi": 38, "N_inlier": 36, "refit": true}
{"timestamp": "18:10:53.307421", "frame": 104, "mu": [-1.0526088975132728, 4.141108370575278, 0.8233075445972691], "Sigma": [[0.014152398504374894, 0.004814371913788694, -0.013490923446883157], [0.004814371913788694, 0.009556153571115356, -0.014771198657437236], [-0.013490923446883157, -0.014771198657437234, 0.03784125847120837]], "chi2_level": 0.997, "chi2_df": 3, "chi2_threshold": 13.931422665512084, "N_raw": 25, "N_roi": 25, "N_inlier": 25, "refit": true}
{"timestamp": "18:10:53.420445", "frame": 106, "mu": [-1.1362981013868592, 4.258593209980052, 0.7405048157157523], "Sigma": [[0.017931591003923344, 0.007715355493287687, -0.026692341273304953], [0.007715355493287688, 0.019513356287728784, -0.05131865835374635], [-0.026692341273304953, -0.05131865835374635, 0.16114512291333047]], "chi2_level": 0.997, "chi2_df": 3, "chi2_threshold": 13.931422665512084, "N_raw": 48, "N_roi": 44, "N_inlier": 44, "refit": true}
{"timestamp": "18:10:53.470674", "frame": 107, "mu": [-1.2245073231121473, 4.3328707295861735, 0.7064632623509366], "Sigma": [[0.0032942784238095763, 0.0026505715518408807, -0.018382675701282183], [0.0026505715518408803, 0.009395720194457466, -0.04591765070354793], [-0.018382675701282183, -0.045917650703547926, 0.26893821231783016]], "chi2_level": 0.997, "chi2_df": 3, "chi2_threshold": 13.931422665512084, "N_raw": 10, "N_roi": 10, "N_inlier": 10, "refit": true}
{"timestamp": "18:10:53.529615", "frame": 108, "mu": [-1.289865132831716, 4.043883291183451, 1.0009040158158664], "Sigma": [[0.01741435406576625, 0.003303589607241709, -0.009126967794371582], [0.003303589607241709, 0.004207435810478587, -0.0014181183604146958], [-0.009126967794371584, -0.0014181183604146958, 0.006536935144156898]], "chi2_level": 0.997, "chi2_df": 3, "chi2_threshold": 13.931422665512084, "N_raw": 38, "N_roi": 38, "N_inlier": 35, "refit": true}
{"timestamp": "18:10:53.584575", "frame": 109, "mu": [-1.3228862808770767, 4.088730347259743, 0.8923261115846898], "Sigma": [[0.01549474745938173, 0.003926955585406709, -0.008114165329944356], [0.003926955585406709, 0.0054431644182284375, -0.003899973279571538], [-0.008114165329944356, -0.0038999732795715375, 0.006539182018443416]], "chi2_level": 0.997, "chi2_df": 3, "chi2_threshold": 13.931422665512084, "N_raw": 42, "N_roi": 42, "N_inlier": 39, "refit": true}
{"timestamp": "18:10:53.642570", "frame": 110, "mu": [-1.4255474122535532, 4.087901094708739, 0.9703186680746371], "Sigma": [[0.02469515063055483, 0.005821317533590251, -0.015324369074523066], [0.0058213175335902504, 0.006455174045092702, -0.005475647301852741], [-0.015324369074523066, -0.005475647301852742, 0.011833357321524398]], "chi2_level": 0.997, "chi2_df": 3, "chi2_threshold": 13.931422665512084, "N_raw": 52, "N_roi": 52, "N_inlier": 51, "refit": true}
{"timestamp": "18:10:53.697635", "frame": 111, "mu": [-1.4405254846327693, 4.108001842683199, 1.0056267346959493], "Sigma": [[0.024345118941611763, 0.006301765967680604, -0.011733778555223486], [0.006301765967680604, 0.006102353703376105, -0.005277433162726582], [-0.011733778555223486, -0.005277433162726582, 0.009547881716488666]], "chi2_level": 0.997, "chi2_df": 3, "chi2_threshold": 13.931422665512084, "N_raw": 51, "N_roi": 49, "N_inlier": 49, "refit": true}
{"timestamp": "18:10:53.746700", "frame": 112, "mu": [-1.4853634848442472, 4.133226380373168, 0.9762463910160616], "Sigma": [[0.011121569878436731, 0.0036627488262717996, -0.00687316106686957], [0.0036627488262717996, 0.003973462033739896, -0.002500643120296231], [-0.00687316106686957, -0.0025006431202962316, 0.005867175713139078]], "chi2_level": 0.997, "chi2_df": 3, "chi2_threshold": 13.931422665512084, "N_raw": 21, "N_roi": 20, "N_inlier": 20, "refit": true}
{"timestamp": "18:10:53.914140", "frame": 115, "mu": [-1.6347303909285231, 4.14219880740679, 1.0797203148720207], "Sigma": [[0.02734151801084375, 0.005485791735728994, -0.02811462007138984], [0.005485791735728994, 0.0049538423991861225, -0.005112448061563461], [-0.02811462007138984, -0.005112448061563462, 0.03156612810957155]], "chi2_level": 0.997, "chi2_df": 3, "chi2_threshold": 13.931422665512084, "N_raw": 41, "N_roi": 39, "N_inlier": 39, "refit": true}
{"timestamp": "18:10:53.969492", "frame": 116, "mu": [-1.658562462751127, 4.138676347001895, 0.8705317361896847], "Sigma": [[0.024602204621718082, 0.005396305810645492, -0.006708536036957774], [0.005396305810645492, 0.003453144416539592, -0.004571995804827529], [-0.006708536036957774, -0.004571995804827529, 0.06591547459970452]], "chi2_level": 0.997, "chi2_df": 3, "chi2_threshold": 13.931422665512084, "N_raw": 31, "N_roi": 29, "N_inlier": 28, "refit": true}
{"timestamp": "18:10:54.133727", "frame": 119, "mu": [-1.7803646384999594, 4.161695206727218, 0.8766459609694316], "Sigma": [[0.0183730948427777, 0.005143042933387621, -0.02418683063731135], [0.005143042933387621, 0.002995435666201606, -0.008345292521418413], [-0.02418683063731135, -0.008345292521418413, 0.056128323505899975]], "chi2_level": 0.997, "chi2_df": 3, "chi2_threshold": 13.931422665512084, "N_raw": 31, "N_roi": 27, "N_inlier": 26, "refit": true}
{"timestamp": "18:10:54.190626", "frame": 120, "mu": [-1.961640422695697, 4.23209168942502, 0.28965327652737766], "Sigma": [[0.03125066125808934, 0.015447623001570156, -0.024856540968262883], [0.015447623001570154, 0.011486412512053004, -0.012772657417936678], [-0.024856540968262886, -0.01277265741793668, 0.02309295408080689]], "chi2_level": 0.997, "chi2_df": 3, "chi2_threshold": 13.931422665512084, "N_raw": 47, "N_roi": 43, "N_inlier": 41, "refit": true}
{"timestamp": "18:10:54.241878", "frame": 121, "mu": [-1.9931145132085366, 4.180763001829553, 1.1684476081312016], "Sigma": [[0.009758136582963787, 0.0023638814628654057, -0.00825250413981992], [0.0023638814628654057, 0.0016291304761524704, -0.004017610859529012], [-0.00825250413981992, -0.004017610859529012, 0.017902442782769694]], "chi2_level": 0.997, "chi2_df": 3, "chi2_threshold": 13.931422665512084, "N_raw": 21, "N_roi": 19, "N_inlier": 17, "refit": true}
{"timestamp": "18:10:54.351815", "frame": 123, "mu": [-1.9902326571487328, 4.052377716845293, 0.9462093668973468], "Sigma": [[0.017827878047324774, 0.005474628222235638, -0.011586473756910135], [0.005474628222235638, 0.004019019068347881, -0.0038219255319395314], [-0.011586473756910135, -0.0038219255319395314, 0.00918064241247414]], "chi2_level": 0.997, "chi2_df": 3, "chi2_threshold": 13.931422665512084, "N_raw": 24, "N_roi": 24, "N_inlier": 24, "refit": true}
{"timestamp": "18:10:54.411504", "frame": 124, "mu": [-2.0400947288760554, 4.067824192401362, 1.0945547003710512], "Sigma": [[0.027476544403618793, 0.009116720616418661, -0.01354319584805772], [0.009116720616418661, 0.009572760199923078, -0.0045926691435119885], [-0.01354319584805772, -0.0045926691435119885, 0.007545766181304778]], "chi2_level": 0.997, "chi2_df": 3, "chi2_threshold": 13.931422665512084, "N_raw": 56, "N_roi": 53, "N_inlier": 52, "refit": true}
{"timestamp": "18:10:54.462442", "frame": 125, "mu": [-2.016662911976399, 4.052563100916804, 0.971235138783321], "Sigma": [[0.011718322311570195, 0.00322443705598938, -0.008577973570325257], [0.00322443705598938, 0.0027747362282686287, -0.002888730979590907], [-0.008577973570325257, -0.002888730979590907, 0.008311104904304803]], "chi2_level": 0.997, "chi2_df": 3, "chi2_threshold": 13.931422665512084, "N_raw": 23, "N_roi": 19, "N_inlier": 19, "refit": true}
{"timestamp": "18:10:54.571307", "frame": 127, "mu": [-2.16716823842921, 4.142654170591399, 0.13724827835155343], "Sigma": [[0.011097114770392212, 0.004150496179717595, -0.0029750769159621908], [0.004150496179717595, 0.0040782901393615675, -0.0002142409015213086], [-0.0029750769159621908, -0.0002142409015213085, 0.0024923203328522012]], "chi2_level": 0.997, "chi2_df": 3, "chi2_threshold": 13.931422665512084, "N_raw": 15, "N_roi": 13, "N_inlier": 12, "refit": true}
{"timestamp": "18:10:54.680368", "frame": 129, "mu": [-2.243762938989053, 3.9975315377019256, 1.033948764981315], "Sigma": [[0.00830064716546195, 0.00170559202605152, -0.004889427627072419], [0.00170559202605152, 0.0021408404363616666, -0.0013345040183034966], [-0.004889427627072419, -0.0013345040183034966, 0.0038654494989106922]], "chi2_level": 0.997, "chi2_df": 3, "chi2_threshold": 13.931422665512084, "N_raw": 10, "N_roi": 10, "N_inlier": 10, "refit": true}
