{"timestamp": "17:40:03.801293", "frame": 30, "mu": [-2.3628165132557823, 4.22180609888435, 0.8080887569630184], "Sigma": [[0.008736016147204565, 0.003382290083945655, -0.002171499596831967], [0.003382290083945655, 0.004233079892684735, -0.0016084151382906122], [-0.0021714995968319666, -0.0016084151382906122, 0.0009428104197908557]], "chi2_level": 0.997, "chi2_df": 3, "chi2_threshold": 13.931422665512084, "N_raw": 37, "N_roi": 18, "N_inlier": 17, "refit": true}
{"timestamp": "17:40:03.908961", "frame": 32, "mu": [-2.33258401375398, 4.193762353826659, 0.8865864277538339], "Sigma": [[0.011290712429647494, 0.004780292669736869, -0.0060265768844269645], [0.004780292669736869, 0.0042049585729321, -0.007328011013194166], [-0.0060265768844269645, -0.007328011013194166, 0.016838782444306154]], "chi2_level": 0.997, "chi2_df": 3, "chi2_threshold": 13.931422665512084, "N_raw": 21, "N_roi": 17, "N_inlier": 17, "refit": true}
{"timestamp": "17:40:03.965224", "frame": 33, "mu": [-2.259973803152052, 4.218465119490448, 0.944906041475462], "Sigma": [[0.017080657654575046, 0.007275669725772345, -0.01156657037537126], [0.007275669725772345, 0.004023698204035835, -0.009536678075537614], [-0.01156657037537126, -0.009536678075537614, 0.03859132892862451]], "chi2_level": 0.997, "chi2_df": 3, "chi2_threshold": 13.931422665512084, "N_raw": 24, "N_roi": 23, "N_inlier": 21, "refit": true}
{"timestamp": "17:40:04.019979", "frame": 34, "mu": [-2.2191363037885323, 4.236139205392639, 0.948249906099353], "Sigma": [[0.009535711692416246, 0.0038173033397438457, -0.007271419011486862], [0.0038173033397438457, 0.0037884795118553107, -0.006210797383289069], [-0.007271419011486862, -0.006210797383289069, 0.016799082070304526]], "chi2_level": 0.997, "chi2_df": 3, "chi2_threshold": 13.931422665512084, "N_raw": 15, "N_roi": 15, "N_inlier": 15, "refit": true}
{"timestamp": "17:40:04.186103", "frame": 37, "mu": [-2.012817961043247, 4.237639539936845, 1.1055673491231774], "Sigma": [[0.007916138009504577, 0.0017242720708127057, -0.006366399767830974], [0.0017242720708127053, 0.0025825925004471736, -0.001625932928510734], [-0.006366399767830975, -0.001625932928510734, 0.007709050800934868]], "chi2_level": 0.997, "chi2_df": 3, "chi2_threshold": 13.931422665512084, "N_raw": 18, "N_roi": 17, "N_inlier": 16, "refit": true}
{"timestamp": "17:40:04.242535", "frame": 38, "mu": [-1.8980695084209547, 4.282214324313543, 0.9857863921648793], "Sigma": [[0.020176716783631657, 0.0037797050875286193, -0.011730075569592411], [0.0037797050875286193, 0.0019286778496183149, -0.004786672908514139], [-0.011730075569592411, -0.004786672908514139, 0.021555929279757503]], "chi2_level": 0.997, "chi2_df": 3, "chi2_threshold": 13.931422665512084, "N_raw": 31, "N_roi": 31, "N_inlier": 30, "refit": true}
{"timestamp": "17:40:04.518749", "frame": 43, "mu": [-1.5713180418921262, 4.305151837664174, 0.8646947962048611], "Sigma": [[0.02334365203334263, 0.005331016664945133, -0.015407744687496523], [0.005331016664945133, 0.002865242225830211, -0.005625889436370828], [-0.015407744687496523, -0.005625889436370828, 0.01610534156172931]], "chi2_level": 0.997, "chi2_df": 3, "chi2_threshold": 13.931422665512084, "N_raw": 34, "N_roi": 32, "N_inlier": 31, "refit": true}
{"timestamp": "17:40:04.576623", "frame": 44, "mu": [-1.560756789422914, 4.302560362316257, 0.9269273701034066], "Sigma": [[0.03303463189773193, 0.007500663840808615, -0.013773515682623014], [0.007500663840808615, 0.00603744127478389, -0.006098610661708954], [-0.013773515682623014, -0.006098610661708954, 0.010104289095272301]], "chi2_level": 0.997, "chi2_df": 3, "chi2_threshold": 13.931422665512084, "N_raw": 54, "N_roi": 54, "N_inlier": 54, "refit": true}
{"timestamp": "17:40:04.628365", "frame": 45, "mu": [-1.473914623203442, 4.332036558998039, 0.9448011465607237], "Sigma": [[0.013443019943692359, 0.0011279046051459363, -0.006216484405379146], [0.0011279046051459363, 0.0022643745501825753, -0.001417339481884891], [-0.0062164844053791465, -0.001417339481884891, 0.005081917215834072]], "chi2_level": 0.997, "chi2_df": 3, "chi2_threshold": 13.931422665512084, "N_raw": 25, "N_roi": 23, "N_inlier": 21, "refit": true}
{"timestamp": "17:40:04.680118", "frame": 46, "mu": [-1.3592169157777725, 4.316299743363572, 0.8454047845267164], "Sigma": [[0.007509533711555732, 7.887854171135362e-05, -0.0037291516547809317], [7.887854171135362e-05, 0.002700219181745736, -0.001006754129796684], [-0.003729151654780932, -0.001006754129796684, 0.004388391444275181]], "chi2_level": 0.997, "chi2_df": 3, "chi2_threshold": 13.931422665512084, "N_raw": 16, "N_roi": 13, "N_inlier": 13, "refit": true}
{"timestamp": "17:40:04.739229", "frame": 47, "mu": [-1.2881227831944018, 4.302446313696542, 0.9205350904332871], "Sigma": [[0.022752790460934973, 0.004109395932911297, -0.010524379819986768], [0.004109395932911297, 0.0033265072129840395, -0.003580401486360598], [-0.010524379819986768, -0.003580401486360598, 0.007580684884612682]], "chi2_level": 0.997, "chi2_df": 3, "chi2_threshold": 13.931422665512084, "N_raw": 40, "N_roi": 37, "N_inlier": 37, "refit": true}
{"timestamp": "17:40:04.794440", "frame": 48, "mu": [-1.2323039592400855, 4.372061208878893, 0.9220848991061832], "Sigma": [[0.019294399379155606, 0.0030966471047311137, -0.008821826807304887], [0.0030966471047311145, 0.004902782830665953, -0.0011282433803039705], [-0.008821826807304887, -0.0011282433803039705, 0.00565021300382026]], "chi2_level": 0.997, "chi2_df": 3, "chi2_threshold": 13.931422665512084, "N_raw": 41, "N_roi": 36, "N_inlier": 36, "refit": true}
{"timestamp": "17:40:04.849421", "frame": 49, "mu": [-1.1500051535480875, 4.343777819818598, 0.9380113079472743], "Sigma": [[0.023646177062611053, 0.0031890899170511234, -0.011835980104757865], [0.0031890899170511234, 0.0037652712134886345, -0.0018653940230748199], [-0.011835980104757865, -0.00186539402307482, 0.007573203112654403]], "chi2_level": 0.997, "chi2_df": 3, "chi2_threshold": 13.931422665512084, "N_raw": 41, "N_roi": 39, "N_inlier": 38, "refit": true}
{"timestamp": "17:40:04.904412", "frame": 50, "mu": [-1.0711995078304868, 4.371950824807998, 0.9855096163181377], "Sigma": [[0.026028009504537205, 0.0028294527137442066, -0.017150098200240514], [0.0028294527137442066, 0.004691705404709449, 0.0002597447086785251], [-0.017150098200240514, 0.0002597447086785251, 0.013905910629707663]], "chi2_level": 0.997, "chi2_df": 3, "chi2_threshold": 13.931422665512084, "N_raw": 40, "N_roi": 40, "N_inlier": 40, "refit": true}
{"timestamp": "17:40:04.956972", "frame": 51, "mu": [-1.0863031011736959, 4.483436464033022, 0.2310484107473572], "Sigma": [[0.01435218461942673, 0.0028996065923219787, -0.007824963258743647], [0.0028996065923219787, 0.004699899661893666, -0.0015086184557937437], [-0.007824963258743649, -0.0015086184557937439, 0.0062316845508303105]], "chi2_level": 0.997, "chi2_df": 3, "chi2_threshold": 13.931422665512084, "N_raw": 22, "N_roi": 22, "N_inlier": 22, "refit": true}
{"timestamp": "17:40:05.013512", "frame": 52, "mu": [-1.0059818275751975, 4.3011540495044, 0.8970427617785358], "Sigma": [[0.020003988271742237, 0.0022998535400574924, -0.009972753766360804], [0.0022998535400574924, 0.0028860907344933854, -0.0026017104684316556], [-0.009972753766360806, -0.0026017104684316556, 0.0077614054611381345]], "chi2_level": 0.997, "chi2_df": 3, "chi2_threshold": 13.931422665512084, "N_raw": 35, "N_roi": 35, "N_inlier": 35, "refit": true}
{"timestamp": "17:40:05.071544", "frame": 53, "mu": [-0.9099325881344168, 4.33949337314952, 0.9525155871225921], "Sigma": [[0.027597906397923436, 0.002483869947120741, -0.010797868779378998], [0.002483869947120741, 0.004869902280633834, -0.0035078730364387347], [-0.010797868779378998, -0.0035078730364387347, 0.007352742890569182]], "chi2_level": 0.997, "chi2_df": 3, "chi2_threshold": 13.931422665512084, "N_raw": 54, "N_roi": 52, "N_inlier": 51, "refit": true}
{"timestamp": "17:40:05.179165", "frame": 55, "mu": [-0.8238420875925341, 4.364894816980643, 1.0105311759721634], "Sigma": [[0.031086791660037305, 0.002483962683362059, -0.01666948596996303], [0.002483962683362059, 0.003068533999419254, -0.002347988910440437], [-0.01666948596996303, -0.002347988910440437, 0.010752037390001473]], "chi2_level": 0.997, "chi2_df": 3, "chi2_threshold": 13.931422665512084, "N_raw": 44, "N_roi": 40, "N_inlier": 40, "refit": true}
{"timestamp": "17:40:05.783394", "frame": 66, "mu": [-0.071329267488179, 4.510751201380194, 1.1097206051419497], "Sigma": [[0.019203373108022045, -0.0016519490214786242, -0.015309758938462783], [-0.0016519490214786242, 0.0029935197462058346, -0.0014622685973103003], [-0.015309758938462783, -0.0014622685973103005, 0.11055084145191113]], "chi2_level": 0.997, "chi2_df": 3, "chi2_threshold": 13.931422665512084, "N_raw": 32, "N_roi": 30, "N_inlier": 30, "refit": true}
{"timestamp": "17:40:05.835412", "frame": 67, "mu": [-0.06544780421628013, 4.484521223371094, 0.8764861434793421], "Sigma": [[0.014037384481316076, 0.0028379326655771885, -0.03556771807156136], [0.0028379326655771885, 0.003275513964525364, -0.009179006596648756], [-0.03556771807156136, -0.009179006596648755, 0.1379282304926799]], "chi2_level": 0.997, "chi2_df": 3, "chi2_threshold": 13.931422665512084, "N_raw": 14, "N_roi": 14, "N_inlier": 14, "refit": true}
{"timestamp": "17:40:06.004777", "frame": 70, "mu": [0.09323127358482772, 4.494326081102338, 1.1143132990650133], "Sigma": [[0.01857668793324197, -0.0020090987807537194, -0.0010706204298235038], [-0.0020090987807537194, 0.0027804248061394617, -0.005983609709132661], [-0.001070620429823504, -0.005983609709132661, 0.06411742503949634]], "chi2_level": 0.997, "chi2_df": 3, "chi2_threshold": 13.931422665512084, "N_raw": 37, "N_roi": 32, "N_inlier": 31, "refit": true}
{"timestamp": "17:40:06.496610", "frame": 79, "mu": [0.6275335088176491, 4.493304988425648, 1.0252447373531086], "Sigma": [[0.020319199886188556, -0.004853072166826681, -0.009588884947665816], [-0.00485307216682668, 0.002903391557971131, 0.0025174336520430224], [-0.009588884947665816, 0.0025174336520430224, 0.005828452080504943]], "chi2_level": 0.997, "chi2_df": 3, "chi2_threshold": 13.931422665512084, "N_raw": 25, "N_roi": 24, "N_inlier": 24, "refit": true}
{"timestamp": "17:40:06.606777", "frame": 81, "mu": [0.7932984447934248, 4.486666169475146, 1.2068463252130066], "Sigma": [[0.01242896862419819, -0.0014592939789446896, 0.003531997104936925], [-0.0014592939789446898, 0.0018354736224994081, -0.0025130756113689217], [0.003531997104936925, -0.002513075611368921, 0.14510638028512596]], "chi2_level": 0.997, "chi2_df": 3, "chi2_threshold": 13.931422665512084, "N_raw": 17, "N_roi": 15, "N_inlier": 15, "refit": true}
{"timestamp": "17:40:07.209823", "frame": 92, "mu": [1.4139289658192102, 4.335074713084835, 0.9754383264090858], "Sigma": [[0.01024201533008327, -0.002495311930944026, -0.0020161346237552776], [-0.002495311930944026, 0.0026587898785079877, -0.001346196116843171], [-0.002016134623755277, -0.001346196116843171, 0.0028712550236325005]], "chi2_level": 0.997, "chi2_df": 3, "chi2_threshold": 13.931422665512084, "N_raw": 12, "N_roi": 12, "N_inlier": 12, "refit": true}
{"timestamp": "17:40:07.320866", "frame": 94, "mu": [1.5924472953027107, 4.231638963366229, 1.072641150568684], "Sigma": [[0.008662486584220754, -0.003462618030086439, -0.005979624367002018], [-0.003462618030086439, 0.0035899817711959976, 0.0011531439182807985], [-0.005979624367002018, 0.0011531439182807985, 0.012205382089668858]], "chi2_level": 0.997, "chi2_df": 3, "chi2_threshold": 13.931422665512084, "N_raw": 17, "N_roi": 13, "N_inlier": 12, "refit": true}
{"timestamp": "17:40:07.432051", "frame": 96, "mu": [1.7397433486902387, 4.159730195583669, 0.9128033619449232], "Sigma": [[0.014365245158956498, -0.006950351065622046, -0.009871719780686785], [-0.006950351065622046, 0.004620204170358728, 0.0025414105762863455], [-0.009871719780686785, 0.0025414105762863455, 0.016443978130894956]], "chi2_level": 0.997, "chi2_df": 3, "chi2_threshold": 13.931422665512084, "N_raw": 25, "N_roi": 25, "N_inlier": 23, "refit": true}
{"timestamp": "17:40:07.761252", "frame": 102, "mu": [1.7996449177978664, 4.053512740469085, 1.086837472167631], "Sigma": [[0.012041265521202093, -0.005393885901301127, -0.0066069773528693795], [-0.005393885901301126, 0.003730581332801395, 0.0008477163942179587], [-0.0066069773528693795, 0.0008477163942179585, 0.00999150390462586]], "chi2_level": 0.997, "chi2_df": 3, "chi2_threshold": 13.931422665512084, "N_raw": 20, "N_roi": 20, "N_inlier": 20, "refit": true}
{"timestamp": "17:40:07.924779", "frame": 105, "mu": [1.9767431224505594, 3.8303197632494, 0.666865252058051], "Sigma": [[0.015488635865173508, -0.007101650961095859, -0.01784635076081617], [-0.007101650961095859, 0.0038837666217563134, 0.006849930504088308], [-0.01784635076081617, 0.006849930504088308, 0.027258899964748846]], "chi2_level": 0.997, "chi2_df": 3, "chi2_threshold": 13.931422665512084, "N_raw": 16, "N_roi": 14, "N_inlier": 14, "refit": true}
{"timestamp": "17:40:07.982842", "frame": 106, "mu": [1.8752142107791017, 3.840055671087738, 0.739383122660764], "Sigma": [[0.0243681982078046, -0.014144833013825124, -0.015561050338432844], [-0.014144833013825124, 0.009649588113529733, 0.008016223479449941], [-0.015561050338432844, 0.008016223479449941, 0.013211795560862822]], "chi2_level": 0.997, "chi2_df": 3, "chi2_threshold": 13.931422665512084, "N_raw": 30, "N_roi": 28, "N_inlier": 27, "refit": true}
{"timestamp": "17:40:08.041569", "frame": 107, "mu": [1.886463031611112, 3.819077940859339, 0.9501884363523905], "Sigma": [[0.026551682587553166, -0.012365313071344534, -0.014637949284043595], [-0.012365313071344534, 0.009104744197602243, 0.0034421043447241595], [-0.014637949284043595, 0.0034421043447241586, 0.014351465822115059]], "chi2_level": 0.997, "chi2_df": 3, "chi2_threshold": 13.931422665512084, "N_raw": 52, "N_roi": 48, "N_inlier": 48, "refit": true}
{"timestamp": "17:40:08.096941", "frame": 108, "mu": [1.8950560301702795, 3.794880289670058, 0.7986103960262606], "Sigma": [[0.029151003273412822, -0.013978365724793562, -0.02210710142947926], [-0.013978365724793562, 0.00917860645154139, 0.0060892092098011625], [-0.02210710142947926, 0.0060892092098011625, 0.029995069729788725]], "chi2_level": 0.997, "chi2_df": 3, "chi2_threshold": 13.931422665512084, "N_raw": 57, "N_roi": 53, "N_inlier": 53, "refit": true}
{"timestamp": "17:40:08.149896", "frame": 109, "mu": [1.84641349715256, 3.789635409750585, 0.8979543081156396], "Sigma": [[0.023988235324908916, -0.014352349506483992, -0.014884852521087837], [-0.014352349506483992, 0.01075031887747893, 0.00659730840583204], [-0.014884852521087835, 0.00659730840583204, 0.016313824418493512]], "chi2_level": 0.997, "chi2_df": 3, "chi2_threshold": 13.931422665512084, "N_raw": 40, "N_roi": 40, "N_inlier": 39, "refit": true}
{"timestamp": "17:40:08.204385", "frame": 110, "mu": [2.0069569786039385, 3.673375024918233, -0.9056154980375852], "Sigma": [[0.025842802244033965, -0.003058008395178155, 0.048022056393329585], [-0.003058008395178155, 0.006244272777853496, 0.007976380695832624], [0.048022056393329585, 0.007976380695832624, 0.1695043914780324]], "chi2_level": 0.997, "chi2_df": 3, "chi2_threshold": 13.931422665512084, "N_raw": 41, "N_roi": 39, "N_inlier": 39, "refit": true}
{"timestamp": "17:40:08.262081", "frame": 111, "mu": [1.9852016231322498, 3.5598228977748874, 0.6662645181191785], "Sigma": [[0.021143057952114405, -0.01456636020550458, 0.0018444750250039838], [-0.01456636020550458, 0.013581945774335363, -0.006170835337512667], [0.0018444750250039843, -0.006170835337512667, 0.011649866658359312]], "chi2_level": 0.997, "chi2_df": 3, "chi2_threshold": 13.931422665512084, "N_raw": 53, "N_roi": 51, "N_inlier": 51, "refit": true}
{"timestamp": "17:40:08.320052", "frame": 112, "mu": [1.9345030288030416, 3.568611053358891, 0.7371117107899772], "Sigma": [[0.027099672171355012, -0.018841072556071266, 0.0004531097691490727], [-0.018841072556071266, 0.016008921987524294, -0.008782653353220328], [0.0004531097691490729, -0.008782653353220328, 0.049270008736426535]], "chi2_level": 0.997, "chi2_df": 3, "chi2_threshold": 13.931422665512084, "N_raw": 77, "N_roi": 75, "N_inlier": 75, "refit": true}
{"timestamp": "17:40:08.366853", "frame": 113, "mu": [1.807838782371082, 3.65310837374014, 0.5834605950814031], "Sigma": [[0.015007952237585413, -0.008864324582911337, 0.004212396651331776], [-0.008864324582911339, 0.006002587618975956, -0.005538982594707832], [0.004212396651331777, -0.005538982594707832, 0.028546904066957292]], "chi2_level": 0.997, "chi2_df": 3, "chi2_threshold": 13.931422665512084, "N_raw": 21, "N_roi": 21, "N_inlier": 21, "refit": true}
{"timestamp": "17:40:08.426511", "frame": 114, "mu": [1.8230166501578884, 3.6159604755675265, 0.9871491141988018], "Sigma": [[0.015710566098122252, -0.010768389161869165, -0.002188827325825195], [-0.010768389161869165, 0.01176856700528548, -0.008511329135933731], [-0.0021888273258251945, -0.00851132913593373, 0.039574900901974644]], "chi2_level": 0.997, "chi2_df": 3, "chi2_threshold": 13.931422665512084, "N_raw": 52, "N_roi": 52, "N_inlier": 51, "refit": true}
{"timestamp": "17:40:08.481542", "frame": 115, "mu": [1.8475254219947754, 3.56928515613675, 0.9683384571851539], "Sigma": [[0.023602446441179495, -0.01773129872526167, -0.0035739536048593626], [-0.01773129872526167, 0.022744720512442997, -0.007401447361950969], [-0.0035739536048593626, -0.007401447361950969, 0.01637621991335137]], "chi2_level": 0.997, "chi2_df": 3, "chi2_threshold": 13.931422665512084, "N_raw": 53, "N_roi": 50, "N_inlier": 49, "refit": true}
{"timestamp": "17:40:08.537661", "frame": 116, "mu": [1.7566727763619887, 3.5659392113794857, 0.6605244811961507], "Sigma": [[0.01832507248277719, -0.01160863243911119, 0.006277220146123964], [-0.011608632439111193, 0.0115608819236019, -0.019256844834321975], [0.006277220146123964, -0.019256844834321975, 0.12646210277858658]], "chi2_level": 0.997, "chi2_df": 3, "chi2_threshold": 13.931422665512084, "N_raw": 62, "N_roi": 62, "N_inlier": 62, "refit": true}
{"timestamp": "17:40:08.586606", "frame": 117, "mu": [1.7359386355425506, 3.49997511280666, 1.0404020783440928], "Sigma": [[0.01585908662300692, -0.007715208422011618, -0.005114170819575506], [-0.007715208422011616, 0.006306193176020603, 0.002177049577529025], [-0.005114170819575506, 0.002177049577529025, 0.004513133049832654]], "chi2_level": 0.997, "chi2_df": 3, "chi2_threshold": 13.931422665512084, "N_raw": 25, "N_roi": 25, "N_inlier": 24, "refit": true}
{"timestamp": "17:40:08.641164", "frame": 118, "mu": [1.7739848545270056, 3.42992517607282, 0.8592003631777431], "Sigma": [[0.009210708490595639, -0.004884991034586256, -0.0017155071993426108], [-0.004884991034586255, 0.005183552495282737, -0.0005451405153782511], [-0.0017155071993426108, -0.0005451405153782511, 0.012223904635750136]], "chi2_level": 0.997, "chi2_df": 3, "chi2_threshold": 13.931422665512084, "N_raw": 22, "N_roi": 22, "N_inlier": 21, "refit": true}
{"timestamp": "17:40:08.697161", "frame": 119, "mu": [1.7132674902965879, 3.3623050377219537, 0.7627331595229988], "Sigma": [[0.01563008991600457, -0.009710061032276488, -0.008538856658263308], [-0.009710061032276488, 0.009646957343208282, 0.0050601042253138485], [-0.008538856658263306, 0.0050601042253138485, 0.006663009954061269]], "chi2_level": 0.997, "chi2_df": 3, "chi2_threshold": 13.931422665512084, "N_raw": 32, "N_roi": 32, "N_inlier": 32, "refit": true}
{"timestamp": "17:40:08.809203", "frame": 121, "mu": [1.6235511469861856, 3.3518034195992246, 0.7979684960528144], "Sigma": [[0.018003239393777865, -0.012538520118020792, -0.012702385714318067], [-0.012538520118020792, 0.012576597996814114, 0.008338526794212611], [-0.012702385714318067, 0.008338526794212611, 0.010654537502182366]], "chi2_level": 0.997, "chi2_df": 3, "chi2_threshold": 13.931422665512084, "N_raw": 40, "N_roi": 39, "N_inlier": 38, "refit": true}
{"timestamp": "17:40:08.860945", "frame": 122, "mu": [1.5783109023250885, 3.3681116500356407, 0.8717927783066431], "Sigma": [[0.009585846135591502, -0.007370277326030902, -0.0018003730285327613], [-0.007370277326030902, 0.009207229268115584, -0.0027269239135016897], [-0.0018003730285327613, -0.0027269239135016897, 0.007912323443882792]], "chi2_level": 0.997, "chi2_df": 3, "chi2_threshold": 13.931422665512084, "N_raw": 15, "N_roi": 15, "N_inlier": 15, "refit": true}
{"timestamp": "17:40:08.914840", "frame": 123, "mu": [1.510029688692687, 3.3350784634909205, 0.8395111501000887], "Sigma": [[0.005229468962840825, -0.0031136781773406174, -0.004048391057983612], [-0.0031136781773406174, 0.0026226915879876333, 0.00013853964712071283], [-0.004048391057983612, 0.0001385396471207125, 0.015919347718748367]], "chi2_level": 0.997, "chi2_df": 3, "chi2_threshold": 13.931422665512084, "N_raw": 17, "N_roi": 17, "N_inlier": 16, "refit": true}
{"timestamp": "17:40:08.974208", "frame": 124, "mu": [1.458452895841576, 3.3993351479097664, 0.8607380211629762], "Sigma": [[0.013890681014850014, -0.007237022963560179, -0.00860170542520486], [-0.007237022963560179, 0.00711362676016508, 0.0008028634399821319], [-0.00860170542520486, 0.0008028634399821315, 0.02770512806440663]], "chi2_level": 0.997, "chi2_df": 3, "chi2_threshold": 13.931422665512084, "N_raw": 41, "N_roi": 41, "N_inlier": 41, "refit": true}
{"timestamp": "17:40:09.030903", "frame": 125, "mu": [1.4161532191781154, 3.536515753335559, -0.2919095021341287], "Sigma": [[0.024323888191357196, -0.007976524974148441, -0.010183718352772278], [-0.007976524974148441, 0.008729862034002408, 0.003995859110646269], [-0.010183718352772278, 0.003995859110646269, 0.005442876923730138]], "chi2_level": 0.997, "chi2_df": 3, "chi2_threshold": 13.931422665512084, "N_raw": 59, "N_roi": 59, "N_inlier": 57, "refit": true}
{"timestamp": "17:40:09.087313", "frame": 126, "mu": [1.3015229338443346, 3.448067485631542, 0.7945781075466882], "Sigma": [[0.025202015395908984, -0.01010505840412498, -0.010497318009360473], [-0.01010505840412498, 0.0071372007061099845, 0.0010709900990168747], [-0.010497318009360473, 0.0010709900990168747, 0.010408396108720084]], "chi2_level": 0.997, "chi2_df": 3, "chi2_threshold": 13.931422665512084, "N_raw": 55, "N_roi": 55, "N_inlier": 54, "refit": true}
{"timestamp": "17:40:09.140215", "frame": 127, "mu": [1.2260792289682134, 3.442612095166924, 0.6809978664928349], "Sigma": [[0.01864218831641505, -0.0055907220484249145, -0.001382487369803274], [-0.0055907220484249145, 0.003903210364060321, -0.0035385108622180833], [-0.001382487369803274, -0.0035385108622180833, 0.025931064800000764]], "chi2_level": 0.997, "chi2_df": 3, "chi2_threshold": 13.931422665512084, "N_raw": 51, "N_roi": 51, "N_inlier": 51, "refit": true}
{"timestamp": "17:40:09.196335", "frame": 128, "mu": [1.1504585221336614, 3.531758637479364, 0.672668273132455], "Sigma": [[0.017419024591072592, -0.011446348049552264, -0.0018719623510556008], [-0.011446348049552264, 0.02193734220560392, -0.005334281257320806], [-0.0018719623510556008, -0.005334281257320806, 0.007199879342318767]], "chi2_level": 0.997, "chi2_df": 3, "chi2_threshold": 13.931422665512084, "N_raw": 58, "N_roi": 58, "N_inlier": 58, "refit": true}
{"timestamp": "17:40:09.254776", "frame": 129, "mu": [1.0998268509365903, 3.514412167788543, 0.7936238103364847], "Sigma": [[0.02016485655389609, -0.014122224921745257, 0.0012438301398609796], [-0.014122224921745256, 0.023883602022315722, -0.019071190485820847], [0.0012438301398609796, -0.019071190485820847, 0.03436981851806954]], "chi2_level": 0.997, "chi2_df": 3, "chi2_threshold": 13.931422665512084, "N_raw": 73, "N_roi": 72, "N_inlier": 71, "refit": true}
{"timestamp": "17:40:09.306956", "frame": 130, "mu": [1.0641242887563807, 3.41436157323472, 0.8091299832854082], "Sigma": [[0.022786547715917673, -0.009818512637477204, -0.007387040756309285], [-0.009818512637477204, 0.009267325686511512, -0.0017157241054884926], [-0.007387040756309285, -0.0017157241054884926, 0.0135214655510028]], "chi2_level": 0.997, "chi2_df": 3, "chi2_threshold": 13.931422665512084, "N_raw": 57, "N_roi": 57, "N_inlier": 54, "refit": true}
{"timestamp": "17:40:09.361810", "frame": 131, "mu": [0.9590979513046195, 3.406719540517885, 0.9043641263049084], "Sigma": [[0.020772375650234567, -0.00854557620837573, -0.017323568673954355], [-0.00854557620837573, 0.005053825409498954, 0.0031256506839598846], [-0.01732356867395436, 0.0031256506839598846, 0.029215190901793878]], "chi2_level": 0.997, "chi2_df": 3, "chi2_threshold": 13.931422665512084, "N_raw": 54, "N_roi": 53, "N_inlier": 51, "refit": true}
{"timestamp": "17:40:09.412342", "frame": 132, "mu": [0.8682249539883614, 3.4273088227615367, 1.2121153714407849], "Sigma": [[0.010660033100713012, -0.004598768468411271, -0.007992267438434286], [-0.004598768468411271, 0.004162070786866353, 0.002737056635606824], [-0.007992267438434288, 0.0027370566356068235, 0.007690415749267494]], "chi2_level": 0.997, "chi2_df": 3, "chi2_threshold": 13.931422665512084, "N_raw": 27, "N_roi": 27, "N_inlier": 27, "refit": true}
{"timestamp": "17:40:09.467976", "frame": 133, "mu": [0.8631990016205842, 3.3806429878038187, 0.8553274588164719], "Sigma": [[0.013766662752800874, -0.005429764466948848, -0.010211380212437587], [-0.005429764466948848, 0.003463245353318963, 0.00078601397433192], [-0.010211380212437587, 0.00078601397433192, 0.03516945543074588]], "chi2_level": 0.997, "chi2_df": 3, "chi2_threshold": 13.931422665512084, "N_raw": 37, "N_roi": 37, "N_inlier": 35, "refit": true}
{"timestamp": "17:40:09.523680", "frame": 134, "mu": [0.7074481350866108, 3.476178755691392, 1.349510167322666], "Sigma": [[0.010851586593817906, -0.003484760305081387, -0.006428884145520978], [-0.003484760305081387, 0.005140444470828963, 0.004035843422662879], [-0.006428884145520979, 0.004035843422662879, 0.005853439353442223]], "chi2_level": 0.997, "chi2_df": 3, "chi2_threshold": 13.931422665512084, "N_raw": 33, "N_roi": 33, "N_inlier": 32, "refit": true}
{"timestamp": "17:40:09.578137", "frame": 135, "mu": [0.7026005755610188, 3.350152560776082, 1.1002540104889291], "Sigma": [[0.011314310671565362, -0.004264114238315816, -0.00964107591409858], [-0.004264114238315816, 0.003999764382421951, 0.002315885823484916], [-0.00964107591409858, 0.002315885823484916, 0.010632039861522316]], "chi2_level": 0.997, "chi2_df": 3, "chi2_threshold": 13.931422665512084, "N_raw": 34, "N_roi": 34, "N_inlier": 33, "refit": true}
{"timestamp": "17:40:09.636430", "frame": 136, "mu": [0.6304640548865067, 3.5032671768397092, -0.056981483452607534], "Sigma": [[0.01878863733661474, -0.00404362888698999, -0.009863393200507824], [-0.00404362888698999, 0.006051878009558355, 0.001856166400723576], [-0.009863393200507822, 0.001856166400723576, 0.0068640778105168105]], "chi2_level": 0.997, "chi2_df": 3, "chi2_threshold": 13.931422665512084, "N_raw": 57, "N_roi": 57, "N_inlier": 55, "refit": true}
{"timestamp": "17:40:09.692793", "frame": 137, "mu": [0.574718665415318, 3.4088897572103534, 1.0728213249287208], "Sigma": [[0.014961997150405948, -0.0008792620279172646, -0.005271390102037313], [-0.0008792620279172644, 0.005565807995055722, -0.0014038553417329768], [-0.005271390102037313, -0.0014038553417329768, 0.00795836660744777]], "chi2_level": 0.997, "chi2_df": 3, "chi2_threshold": 13.931422665512084, "N_raw": 62, "N_roi": 59, "N_inlier": 55, "refit": true}
{"timestamp": "17:40:09.745084", "frame": 138, "mu": [0.4982126264981474, 3.5595609809802027, 0.004667031708150573], "Sigma": [[0.017935394096762737, 0.0010494489014841574, 0.00877060017292365], [0.0010494489014841574, 0.003461417071102431, 0.005735684296709375], [0.00877060017292365, 0.005735684296709375, 0.020496390593576462]], "chi2_level": 0.997, "chi2_df": 3, "chi2_threshold": 13.931422665512084, "N_raw": 44, "N_roi": 42, "N_inlier": 39, "refit": true}
{"timestamp": "17:40:09.795231", "frame": 139, "mu": [0.44846838320317245, 3.3946326969088005, 0.8918956217110523], "Sigma": [[0.005964534883752241, -0.0016432984811085012, 0.020971262243616853], [-0.0016432984811085016, 0.0027473560939028723, -0.018151399213296365], [0.020971262243616853, -0.018151399213296365, 0.20825567201027548]], "chi2_level": 0.997, "chi2_df": 3, "chi2_threshold": 13.931422665512084, "N_raw": 10, "N_roi": 10, "N_inlier": 10, "refit": true}
{"timestamp": "17:40:09.850592", "frame": 140, "mu": [0.31577188404551654, 3.4721580842589383, 0.8811650651929535], "Sigma": [[0.0052664624252847835, -0.0008213597772808378, 0.020588633500264502], [-0.0008213597772808378, 0.0016695735940034239, -0.013728874947502464], [0.020588633500264502, -0.013728874947502464, 0.177089457747162]], "chi2_level": 0.997, "chi2_df": 3, "chi2_threshold": 13.931422665512084, "N_raw": 10, "N_roi": 10, "N_inlier": 10, "refit": true}
{"timestamp": "17:40:10.070211", "frame": 144, "mu": [0.13405721333328163, 3.376083563641228, 1.1229196044894354], "Sigma": [[0.006085394727050434, -0.0016154254469146253, -0.0031040218539395204], [-0.0016154254469146253, 0.001715631913721829, -0.00033831061341400956], [-0.0031040218539395204, -0.0003383106134140096, 0.0036981956941160477]], "chi2_level": 0.997, "chi2_df": 3, "chi2_threshold": 13.931422665512084, "N_raw": 13, "N_roi": 13, "N_inlier": 13, "refit": true}
{"timestamp": "17:40:10.126211", "frame": 145, "mu": [0.07212524773728221, 3.3899740745454126, 1.0436765060560886], "Sigma": [[0.004770125751027784, -0.0013015467185768577, -0.012243192304028165], [-0.001301546718576858, 0.0018251861504340163, -0.000929599890646734], [-0.012243192304028164, -0.0009295998906467336, 0.1719966878304702]], "chi2_level": 0.997, "chi2_df": 3, "chi2_threshold": 13.931422665512084, "N_raw": 16, "N_roi": 12, "N_inlier": 12, "refit": true}
{"timestamp": "17:40:10.182906", "frame": 146, "mu": [-0.041115145395047015, 3.43069918746377, 1.1626569136693827], "Sigma": [[0.009244264168237294, -0.00048256696489375737, -0.0036793281769418058], [-0.0004825669648937571, 0.0022437358344771082, -0.0017899963637519629], [-0.0036793281769418058, -0.0017899963637519629, 0.004654873641100057]], "chi2_level": 0.997, "chi2_df": 3, "chi2_threshold": 13.931422665512084, "N_raw": 34, "N_roi": 32, "N_inlier": 30, "refit": true}
{"timestamp": "17:40:10.457890", "frame": 151, "mu": [-0.4167583418344754, 3.3518199893335527, 0.8562490745162821], "Sigma": [[0.017400668747423347, -0.00012243411438335678, -0.004835548590492647], [-0.000122434114383357, 0.002502009560402834, 0.0008735607948792475], [-0.004835548590492647, 0.0008735607948792476, 0.005663011063292189]], "chi2_level": 0.997, "chi2_df": 3, "chi2_threshold": 13.931422665512084, "N_raw": 31, "N_roi": 30, "N_inlier": 27, "refit": true}
{"timestamp": "17:40:10.511890", "frame": 152, "mu": [-0.47080448921301404, 3.3041070149625886, 0.7052666461226937], "Sigma": [[0.01171219320173974, -0.0027420455907080834, 0.03380445124323065], [-0.002742045590708084, 0.0015786574112049022, -0.013384494468722627], [0.03380445124323065, -0.013384494468722627, 0.1616441940962746]], "chi2_level": 0.997, "chi2_df": 3, "chi2_threshold": 13.931422665512084, "N_raw": 22, "N_roi": 17, "N_inlier": 16, "refit": true}
{"timestamp": "17:40:10.736925", "frame": 156, "mu": [-0.6001401552775165, 3.464548274972004, 0.727691356863818], "Sigma": [[0.01324952023011503, 0.006418202099241101, -0.033440443292287444], [0.006418202099241103, 0.011075216068903913, -0.04584730464753321], [-0.033440443292287444, -0.04584730464753321, 0.2439765105625389]], "chi2_level": 0.997, "chi2_df": 3, "chi2_threshold": 13.931422665512084, "N_raw": 49, "N_roi": 44, "N_inlier": 44, "refit": true}
{"timestamp": "17:40:10.785414", "frame": 157, "mu": [-0.6782593005994675, 3.4311178425161817, 0.786127314140886], "Sigma": [[0.0035155950412734845, 0.005046566146719934, -0.0251394693395125], [0.005046566146719934, 0.017922802179321247, -0.06691383697444397], [-0.0251394693395125, -0.06691383697444397, 0.2924863108914782]], "chi2_level": 0.997, "chi2_df": 3, "chi2_threshold": 13.931422665512084, "N_raw": 12, "N_roi": 12, "N_inlier": 11, "refit": true}
{"timestamp": "17:40:10.843890", "frame": 158, "mu": [-0.8201377827736718, 3.4060170436120045, 1.1705905099674838], "Sigma": [[0.013610516190393744, 0.0019798616177304947, -0.007817496876569645], [0.0019798616177304947, 0.0016536989421557162, -0.004436796445571507], [-0.007817496876569645, -0.004436796445571507, 0.0148199726002772]], "chi2_level": 0.997, "chi2_df": 3, "chi2_threshold": 13.931422665512084, "N_raw": 39, "N_roi": 39, "N_inlier": 37, "refit": true}
{"timestamp": "17:40:10.900889", "frame": 159, "mu": [-0.8484959041583603, 3.348478069171698, 1.0470199944180565], "Sigma": [[0.01888420426251895, 0.00041164795061957347, -0.009514155769368553], [0.0004116479506195734, 0.00223607261941552, -0.004407290781987507], [-0.009514155769368553, -0.004407290781987507, 0.014672353147704384]], "chi2_level": 0.997, "chi2_df": 3, "chi2_threshold": 13.931422665512084, "N_raw": 54, "N_roi": 53, "N_inlier": 53, "refit": true}
{"timestamp": "17:40:10.952849", "frame": 160, "mu": [-0.8464560530603783, 3.3671260734645845, 0.719958740910789], "Sigma": [[0.008670100566762111, 0.0008558248624604471, 0.0013250020264109466], [0.0008558248624604473, 0.0016831790891022132, 0.009112440967533518], [0.0013250020264109462, 0.00911244096753352, 0.2787504907179122]], "chi2_level": 0.997, "chi2_df": 3, "chi2_threshold": 13.931422665512084, "N_raw": 30, "N_roi": 30, "N_inlier": 29, "refit": true}
{"timestamp": "17:40:11.012855", "frame": 161, "mu": [-0.9498651875586838, 3.3736061485680278, 1.0515955042144576], "Sigma": [[0.02017336033596821, 0.0015570277507646751, -0.01127657512967557], [0.0015570277507646751, 0.003551701202307341, -0.004563232519904967], [-0.01127657512967557, -0.004563232519904968, 0.011833802124432205]], "chi2_level": 0.997, "chi2_df": 3, "chi2_threshold": 13.931422665512084, "N_raw": 60, "N_roi": 60, "N_inlier": 57, "refit": true}
{"timestamp": "17:40:11.067048", "frame": 162, "mu": [-0.9884697872909328, 3.3809294739985134, 1.0660558936680216], "Sigma": [[0.019432028874572117, 0.0029310022603078276, -0.017547334782605166], [0.0029310022603078276, 0.0046145745733818236, -0.007045012500979164], [-0.017547334782605166, -0.007045012500979164, 0.022942231526048882]], "chi2_level": 0.997, "chi2_df": 3, "chi2_threshold": 13.931422665512084, "N_raw": 62, "N_roi": 62, "N_inlier": 62, "refit": true}
{"timestamp": "17:40:11.120696", "frame": 163, "mu": [-1.0061395779353877, 3.572516584046517, -0.28637361052636484], "Sigma": [[0.019037754023027265, 0.0037094137441522537, -0.01158829540418001], [0.0037094137441522537, 0.004076412731192597, -0.0023196889602941067], [-0.01158829540418001, -0.0023196889602941067, 0.008554092325895435]], "chi2_level": 0.997, "chi2_df": 3, "chi2_threshold": 13.931422665512084, "N_raw": 46, "N_roi": 44, "N_inlier": 42, "refit": true}
{"timestamp": "17:40:11.170593", "frame": 164, "mu": [-1.0729835757894133, 3.3223553008957163, 0.7267545629695242], "Sigma": [[0.003297014023036708, 0.001787542829175961, -0.003303140472957866], [0.001787542829175961, 0.005119603029103624, -0.0033620554005561725], [-0.003303140472957866, -0.0033620554005561725, 0.006798433969628645]], "chi2_level": 0.997, "chi2_df": 3, "chi2_threshold": 13.931422665512084, "N_raw": 11, "N_roi": 11, "N_inlier": 11, "refit": true}
{"timestamp": "17:40:11.284265", "frame": 166, "mu": [-1.2635588630452883, 3.3867611254284298, 1.0572584171881196], "Sigma": [[0.014542295057138424, 0.000753300332015942, -0.010789262320744793], [0.0007533003320159421, 0.0020420689343537296, -0.00451537665468824], [-0.010789262320744793, -0.00451537665468824, 0.05155389956290916]], "chi2_level": 0.997, "chi2_df": 3, "chi2_threshold": 13.931422665512084, "N_raw": 39, "N_roi": 39, "N_inlier": 36, "refit": true}
{"timestamp": "17:40:11.340904", "frame": 167, "mu": [-1.3511625513739205, 3.4470927662893676, 0.9203179927649426], "Sigma": [[0.019141935990457035, -2.6104566520408648e-05, -0.027894844728473006], [-2.6104566520408377e-05, 0.006548219013456456, -0.02164494227772453], [-0.027894844728473006, -0.02164494227772453, 0.19789186851587676]], "chi2_level": 0.997, "chi2_df": 3, "chi2_threshold": 13.931422665512084, "N_raw": 46, "N_roi": 46, "N_inlier": 46, "refit": true}
{"timestamp": "17:40:11.391581", "frame": 168, "mu": [-1.3803065529489604, 3.3674765681317145, 0.642561523189198], "Sigma": [[0.006689141577806295, 0.0022030156062725543, -0.004897266136895604], [0.0022030156062725543, 0.0035198108986235037, -0.01588061761764063], [-0.004897266136895605, -0.01588061761764063, 0.14407561682080852]], "chi2_level": 0.997, "chi2_df": 3, "chi2_threshold": 13.931422665512084, "N_raw": 17, "N_roi": 17, "N_inlier": 17, "refit": true}
{"timestamp": "17:40:11.446784", "frame": 169, "mu": [-1.4681484699813816, 3.375145514400886, 0.5359225296520276], "Sigma": [[0.003839611180618518, 0.0016316565768834748, 0.00591810665983404], [0.0016316565768834748, 0.005312691564315706, -0.017170086961483366], [0.00591810665983404, -0.017170086961483366, 0.23269217527315697]], "chi2_level": 0.997, "chi2_df": 3, "chi2_threshold": 13.931422665512084, "N_raw": 14, "N_roi": 12, "N_inlier": 12, "refit": true}
{"timestamp": "17:40:11.557555", "frame": 171, "mu": [-1.5788589375884483, 3.3724972579508252, 0.9717479567137419], "Sigma": [[0.010712973768086049, 0.0016001067466439593, 0.003307710834469449], [0.0016001067466439596, 0.0022709188074928055, -0.009045583455021912], [0.0033077108344694486, -0.009045583455021912, 0.14227614919606288]], "chi2_level": 0.997, "chi2_df": 3, "chi2_threshold": 13.931422665512084, "N_raw": 30, "N_roi": 28, "N_inlier": 28, "refit": true}
{"timestamp": "17:40:11.613591", "frame": 172, "mu": [-1.6992653460543012, 3.3771352489419395, 1.2551624616423163], "Sigma": [[0.014302010275433217, 0.0038268422468999237, -0.00934692411928413], [0.0038268422468999246, 0.0044379928371766466, -0.004881076932280462], [-0.00934692411928413, -0.004881076932280463, 0.009011029543157563]], "chi2_level": 0.997, "chi2_df": 3, "chi2_threshold": 13.931422665512084, "N_raw": 37, "N_roi": 37, "N_inlier": 35, "refit": true}
{"timestamp": "17:40:11.668474", "frame": 173, "mu": [-1.705640978291272, 3.326174236002144, 1.2633353340231783], "Sigma": [[0.01262406516079362, 0.0022507356401724283, -0.014048894873924227], [0.0022507356401724283, 0.003461788925534406, -0.0029017782308644385], [-0.014048894873924227, -0.002901778230864438, 0.01746618030392265]], "chi2_level": 0.997, "chi2_df": 3, "chi2_threshold": 13.931422665512084, "N_raw": 32, "N_roi": 29, "N_inlier": 27, "refit": true}
{"timestamp": "17:40:11.776719", "frame": 175, "mu": [-1.6910791839526955, 3.4546001410582168, 0.48837803360854604], "Sigma": [[0.01448838130637021, 0.0063796658317207475, -0.025659038260090774], [0.0063796658317207475, 0.00813831213497132, -0.028217363499607725], [-0.025659038260090774, -0.028217363499607725, 0.1187879091978529]], "chi2_level": 0.997, "chi2_df": 3, "chi2_threshold": 13.931422665512084, "N_raw": 27, "N_roi": 24, "N_inlier": 23, "refit": true}
{"timestamp": "17:40:11.941755", "frame": 178, "mu": [-1.9171590489604293, 3.758084369118537, -0.5003227857021653], "Sigma": [[0.01145433056812995, 0.015564123938702153, -0.016318477845585794], [0.015564123938702153, 0.0456211259200206, -0.04648120357633958], [-0.016318477845585797, -0.04648120357633958, 0.051237905661409885]], "chi2_level": 0.997, "chi2_df": 3, "chi2_threshold": 13.931422665512084, "N_raw": 19, "N_roi": 19, "N_inlier": 19, "refit": true}
{"timestamp": "17:40:11.996467", "frame": 179, "mu": [-2.0674368250782083, 3.4401119593440788, 0.5539165069956702], "Sigma": [[0.011252009149302666, 0.005899378829221146, -0.007953195934270485], [0.005899378829221147, 0.026890982795695184, -0.04365949704110518], [-0.007953195934270485, -0.04365949704110518, 0.07472549850550697]], "chi2_level": 0.997, "chi2_df": 3, "chi2_threshold": 13.931422665512084, "N_raw": 18, "N_roi": 16, "N_inlier": 16, "refit": true}
