{"timestamp": "17:50:49.163599", "frame": 1, "mu": [2.393405718765793, 2.0090663265869075, 0.7581549993689398], "Sigma": [[0.005287323125382214, -0.008106332669740987, 0.006862836316781367], [-0.008106332669740987, 0.023754281727567307, -0.0242786101544906], [0.006862836316781368, -0.0242786101544906, 0.02807695840377912]], "chi2_level": 0.997, "chi2_df": 3, "chi2_threshold": 13.931422665512084, "N_raw": 30, "N_roi": 14, "N_inlier": 14, "refit": true}
{"timestamp": "17:50:49.217282", "frame": 2, "mu": [2.401272766151813, 1.9474297971199168, 0.7642576580338624], "Sigma": [[0.0060192043959025904, -0.011776030156435644, 0.005960216374994742], [-0.011776030156435644, 0.03757082551826538, -0.022983405183646104], [0.005960216374994742, -0.022983405183646104, 0.015986858807913944]], "chi2_level": 0.997, "chi2_df": 3, "chi2_threshold": 13.931422665512084, "N_raw": 17, "N_roi": 13, "N_inlier": 13, "refit": true}
{"timestamp": "17:50:49.437423", "frame": 6, "mu": [2.3071734821687944, 1.7087966390330576, 1.0988514956008943], "Sigma": [[0.005898991523978638, -0.007152074688038962, -0.0020376481846643636], [-0.007152074688038961, 0.017347205006087975, 0.0036119959258292373], [-0.0020376481846643636, 0.0036119959258292373, 0.0011534598029028468]], "chi2_level": 0.997, "chi2_df": 3, "chi2_threshold": 13.931422665512084, "N_raw": 19, "N_roi": 17, "N_inlier": 17, "refit": true}
{"timestamp": "17:50:49.492717", "frame": 7, "mu": [2.2507495024515274, 1.810810063478518, 1.1687980760974193], "Sigma": [[0.007433130772059886, -0.004592096185833739, 0.001587274280111233], [-0.004592096185833739, 0.01103749099801579, 0.0009774891639518018], [0.0015872742801112329, 0.0009774891639518018, 0.001311649318192912]], "chi2_level": 0.997, "chi2_df": 3, "chi2_threshold": 13.931422665512084, "N_raw": 21, "N_roi": 17, "N_inlier": 16, "refit": true}
{"timestamp": "17:50:49.547842", "frame": 8, "mu": [2.217499127913353, 1.810769914048401, 1.1246617996133377], "Sigma": [[0.006197909062612071, -0.00456212899247484, 0.0009507288106718787], [-0.00456212899247484, 0.011288544956572805, -0.002237812442452863], [0.0009507288106718789, -0.0022378124424528626, 0.001543595750387204]], "chi2_level": 0.997, "chi2_df": 3, "chi2_threshold": 13.931422665512084, "N_raw": 19, "N_roi": 16, "N_inlier": 16, "refit": true}
{"timestamp": "17:50:49.602325", "frame": 9, "mu": [2.01001197475246, 1.864103098954765, 0.947141479256057], "Sigma": [[0.006136471875253656, -0.00468644943595186, 0.0012683139657479604], [-0.00468644943595186, 0.005766281526928683, -0.0022837323184435663], [0.0012683139657479604, -0.002283732318443566, 0.0018032918736586802]], "chi2_level": 0.997, "chi2_df": 3, "chi2_threshold": 13.931422665512084, "N_raw": 21, "N_roi": 21, "N_inlier": 21, "refit": true}
{"timestamp": "17:50:49.659669", "frame": 10, "mu": [1.9353028181646748, 1.8852731181302893, 0.8521204266034618], "Sigma": [[0.004406472056731667, -0.0012359798036631388, 0.00039740602548867925], [-0.0012359798036631385, 0.004678297044735315, -0.00015966133792773258], [0.00039740602548867925, -0.00015966133792773258, 0.0016153102134437854]], "chi2_level": 0.997, "chi2_df": 3, "chi2_threshold": 13.931422665512084, "N_raw": 22, "N_roi": 16, "N_inlier": 15, "refit": true}
{"timestamp": "17:50:49.772305", "frame": 12, "mu": [1.92244922291156, 2.0268735699737204, 1.2169981232191986], "Sigma": [[0.00901002138393458, -0.005907706808506109, -0.0037284831448031854], [-0.005907706808506108, 0.007793371972832125, 0.0019602179227337464], [-0.0037284831448031854, 0.001960217922733747, 0.0050714335110011105]], "chi2_level": 0.997, "chi2_df": 3, "chi2_threshold": 13.931422665512084, "N_raw": 36, "N_roi": 33, "N_inlier": 31, "refit": true}
{"timestamp": "17:50:49.824893", "frame": 13, "mu": [1.8603467443030552, 1.9877644444169407, 1.1924821579222815], "Sigma": [[0.003676844549479478, -0.0025584866563023, -0.002552592623393904], [-0.0025584866563023, 0.006389154840108605, -0.000496421179695173], [-0.002552592623393904, -0.0004964211796951735, 0.026346378349792258]], "chi2_level": 0.997, "chi2_df": 3, "chi2_threshold": 13.931422665512084, "N_raw": 20, "N_roi": 20, "N_inlier": 20, "refit": true}
{"timestamp": "17:50:49.935241", "frame": 15, "mu": [1.7186978770956363, 2.170362839394705, 0.7960160725197721], "Sigma": [[0.007468860490536707, -0.005661472778934689, 0.0032957958747909903], [-0.005661472778934689, 0.008276767564222525, -0.010544958737446809], [0.0032957958747909903, -0.01054495873744681, 0.033292000847432626]], "chi2_level": 0.997, "chi2_df": 3, "chi2_threshold": 13.931422665512084, "N_raw": 29, "N_roi": 28, "N_inlier": 28, "refit": true}
{"timestamp": "17:50:49.991553", "frame": 16, "mu": [1.6739842071126991, 2.093784430312387, 1.0182010138783693], "Sigma": [[0.004731238119955219, -0.004027503827611437, 0.0033915819387358875], [-0.004027503827611437, 0.010462970144216295, -0.022424266323608756], [0.003391581938735888, -0.022424266323608756, 0.06926044071332359]], "chi2_level": 0.997, "chi2_df": 3, "chi2_threshold": 13.931422665512084, "N_raw": 29, "N_roi": 27, "N_inlier": 27, "refit": true}
{"timestamp": "17:50:50.047741", "frame": 17, "mu": [1.6782946689656606, 1.9558302474383693, 0.8187854867013258], "Sigma": [[0.00838166518659045, -0.007774536571190467, -0.006903137795541351], [-0.007774536571190467, 0.008822322681233964, 0.005232266975119292], [-0.006903137795541352, 0.005232266975119292, 0.01623869311259403]], "chi2_level": 0.997, "chi2_df": 3, "chi2_threshold": 13.931422665512084, "N_raw": 36, "N_roi": 36, "N_inlier": 35, "refit": true}
{"timestamp": "17:50:50.108693", "frame": 18, "mu": [1.5861488708525766, 2.0259396533294365, 0.8195812829719129], "Sigma": [[0.01014422314842975, -0.010101869089678512, -0.004486611156075335], [-0.010101869089678512, 0.025106516938655253, -0.0036707782508011615], [-0.004486611156075335, -0.0036707782508011615, 0.026489926604579488]], "chi2_level": 0.997, "chi2_df": 3, "chi2_threshold": 13.931422665512084, "N_raw": 82, "N_roi": 82, "N_inlier": 81, "refit": true}
{"timestamp": "17:50:50.154106", "frame": 19, "mu": [1.5482213202347457, 2.0642795970918315, 0.822934152911377], "Sigma": [[0.009850531665667291, 0.0005693377425085959, -0.03404936612933444], [0.0005693377425085958, 0.008533223014465996, -0.021104945949438965], [-0.034049366129334444, -0.021104945949438965, 0.17085948528175074]], "chi2_level": 0.997, "chi2_df": 3, "chi2_threshold": 13.931422665512084, "N_raw": 12, "N_roi": 10, "N_inlier": 10, "refit": true}
{"timestamp": "17:50:50.212656", "frame": 20, "mu": [1.5207049348425654, 1.8847773649216442, 0.8989253372011448], "Sigma": [[0.009838177058825165, -0.006795206287217615, 0.000929329875746574], [-0.006795206287217615, 0.007253423455195475, 0.0029909217670255842], [0.0009293298757465751, 0.0029909217670255842, 0.04755754947460865]], "chi2_level": 0.997, "chi2_df": 3, "chi2_threshold": 13.931422665512084, "N_raw": 42, "N_roi": 42, "N_inlier": 39, "refit": true}
{"timestamp": "17:50:50.267084", "frame": 21, "mu": [1.4432099258936282, 1.8609511568365784, 0.9303946328498185], "Sigma": [[0.010033706823272532, -0.008154489681632501, -0.004311579320333551], [-0.008154489681632501, 0.008425580988240026, 0.0012654426763618956], [-0.004311579320333551, 0.0012654426763618956, 0.006476598116451474]], "chi2_level": 0.997, "chi2_df": 3, "chi2_threshold": 13.931422665512084, "N_raw": 41, "N_roi": 41, "N_inlier": 41, "refit": true}
{"timestamp": "17:50:50.318683", "frame": 22, "mu": [1.3862381563387423, 1.7807536358223581, 0.6772083854242793], "Sigma": [[0.0029257460674598397, -0.002343924934792025, -0.0030355144328866315], [-0.002343924934792025, 0.004339601594476558, 0.013301252757189946], [-0.0030355144328866315, 0.013301252757189946, 0.11713913294951289]], "chi2_level": 0.997, "chi2_df": 3, "chi2_threshold": 13.931422665512084, "N_raw": 14, "N_roi": 14, "N_inlier": 14, "refit": true}
{"timestamp": "17:50:50.379742", "frame": 23, "mu": [1.3317355898858736, 1.8376543056456887, 0.9049071285903216], "Sigma": [[0.00715106169075488, -0.005526680963312899, -0.0048568237971418965], [-0.005526680963312899, 0.007544609101438873, 0.0007241042736371063], [-0.0048568237971418965, 0.0007241042736371063, 0.007644796363266174]], "chi2_level": 0.997, "chi2_df": 3, "chi2_threshold": 13.931422665512084, "N_raw": 40, "N_roi": 40, "N_inlier": 37, "refit": true}
{"timestamp": "17:50:50.435783", "frame": 24, "mu": [1.2191055153453687, 1.866816797480875, 1.162898359705912], "Sigma": [[0.010388397911231239, -0.005852685929273052, -0.007967395963042365], [-0.005852685929273052, 0.007932409224199697, 0.003559683440250932], [-0.007967395963042365, 0.003559683440250932, 0.021571343992014026]], "chi2_level": 0.997, "chi2_df": 3, "chi2_threshold": 13.931422665512084, "N_raw": 67, "N_roi": 67, "N_inlier": 65, "refit": true}
{"timestamp": "17:50:50.493572", "frame": 25, "mu": [1.1816784189429925, 1.7523861139206898, 0.9181747921629413], "Sigma": [[0.009443621012778009, -0.0030569988596621913, -0.0021020649581875582], [-0.0030569988596621913, 0.009289602228986997, 0.002392476212958112], [-0.002102064958187558, 0.0023924762129581114, 0.0339262616218176]], "chi2_level": 0.997, "chi2_df": 3, "chi2_threshold": 13.931422665512084, "N_raw": 74, "N_roi": 73, "N_inlier": 70, "refit": true}
{"timestamp": "17:50:50.548151", "frame": 26, "mu": [1.0827147419552037, 1.923955773926259, 1.2844032561008807], "Sigma": [[0.011472271284775803, -0.005950400385752792, -0.009552368798864692], [-0.005950400385752793, 0.0103179406866681, 0.0031489440680098884], [-0.009552368798864692, 0.0031489440680098884, 0.009885530618519484]], "chi2_level": 0.997, "chi2_df": 3, "chi2_threshold": 13.931422665512084, "N_raw": 75, "N_roi": 75, "N_inlier": 70, "refit": true}
{"timestamp": "17:50:50.601596", "frame": 27, "mu": [0.9596286718421034, 1.7139990237355445, 0.7608001207108707], "Sigma": [[0.008806471455546347, -0.000429613723146029, 0.0066188260082345775], [-0.00042961372314602914, 0.005724964414753119, 0.0010332273236560914], [0.0066188260082345775, 0.0010332273236560907, 0.07484643612992509]], "chi2_level": 0.997, "chi2_df": 3, "chi2_threshold": 13.931422665512084, "N_raw": 60, "N_roi": 60, "N_inlier": 59, "refit": true}
{"timestamp": "17:50:50.655209", "frame": 28, "mu": [0.9393899539585581, 1.756211591153659, 0.9912014840898472], "Sigma": [[0.01031116968784612, 0.001445195474907247, 0.01682356718918999], [0.001445195474907247, 0.0018990362726621442, 0.0010453400765027972], [0.01682356718918999, 0.001045340076502797, 0.04731812505152979]], "chi2_level": 0.997, "chi2_df": 3, "chi2_threshold": 13.931422665512084, "N_raw": 59, "N_roi": 59, "N_inlier": 56, "refit": true}
{"timestamp": "17:50:50.711873", "frame": 29, "mu": [0.9209119102700604, 1.8607305309095261, 1.215521474190915], "Sigma": [[0.009736682771579554, -0.002631970122286105, -0.0006283841306963625], [-0.002631970122286105, 0.0053141759661721995, -0.0035194986502223346], [-0.0006283841306963625, -0.0035194986502223346, 0.00753903713513827]], "chi2_level": 0.997, "chi2_df": 3, "chi2_threshold": 13.931422665512084, "N_raw": 74, "N_roi": 74, "N_inlier": 70, "refit": true}
{"timestamp": "17:50:50.770759", "frame": 30, "mu": [0.8441850522965819, 1.878976948035352, 1.1638641425568585], "Sigma": [[0.009770121592415032, -0.002349870809807241, -0.00010872831165128767], [-0.002349870809807241, 0.004819783459093562, -0.006189217069517089], [-0.00010872831165128764, -0.006189217069517089, 0.014525909036978134]], "chi2_level": 0.997, "chi2_df": 3, "chi2_threshold": 13.931422665512084, "N_raw": 90, "N_roi": 90, "N_inlier": 84, "refit": true}
{"timestamp": "17:50:50.825021", "frame": 31, "mu": [0.7693238476205615, 1.9135427727925902, 1.2033790276692509], "Sigma": [[0.010364745671302696, -0.001981281815196563, -0.0026671191398187563], [-0.0019812818151965627, 0.0030832857177885142, -0.0030092556516923704], [-0.0026671191398187563, -0.003009255651692371, 0.045123412471720144]], "chi2_level": 0.997, "chi2_df": 3, "chi2_threshold": 13.931422665512084, "N_raw": 80, "N_roi": 80, "N_inlier": 75, "refit": true}
{"timestamp": "17:50:50.876877", "frame": 32, "mu": [0.6625381673690983, 1.936726360968261, 1.1181486475744213], "Sigma": [[0.021832411521175446, 0.0004086868852376789, 0.0501352536552197], [0.0004086868852376789, 0.002815366933268306, 0.004309647389152087], [0.050135253655219716, 0.004309647389152087, 0.2536594644511229]], "chi2_level": 0.997, "chi2_df": 3, "chi2_threshold": 13.931422665512084, "N_raw": 66, "N_roi": 66, "N_inlier": 65, "refit": true}
{"timestamp": "17:50:50.930663", "frame": 33, "mu": [0.5935111523364824, 1.9483948180938022, 1.3435049240862005], "Sigma": [[0.007083614752727603, -0.001112442234680874, -0.0023709954774948907], [-0.001112442234680874, 0.005302513591414097, -0.0030575461374113388], [-0.002370995477494891, -0.0030575461374113388, 0.005369494367776115]], "chi2_level": 0.997, "chi2_df": 3, "chi2_threshold": 13.931422665512084, "N_raw": 65, "N_roi": 65, "N_inlier": 61, "refit": true}
{"timestamp": "17:50:50.987547", "frame": 34, "mu": [0.502050517161319, 1.9208366295651378, 1.2702966491532997], "Sigma": [[0.008972862985684471, -0.0027983377370004794, -0.0005910181278261725], [-0.0027983377370004794, 0.004130054877184043, -0.001951932235398844], [-0.0005910181278261722, -0.0019519322353988443, 0.009889077089084238]], "chi2_level": 0.997, "chi2_df": 3, "chi2_threshold": 13.931422665512084, "N_raw": 68, "N_roi": 68, "N_inlier": 64, "refit": true}
{"timestamp": "17:50:51.043803", "frame": 35, "mu": [0.48061751181721285, 1.867928542835135, 1.1746254704853092], "Sigma": [[0.00748461065199646, -0.002577628538586228, -0.004830152776524084], [-0.002577628538586227, 0.009957109458717297, -0.0003323870527816941], [-0.004830152776524084, -0.000332387052781694, 0.010716176232142537]], "chi2_level": 0.997, "chi2_df": 3, "chi2_threshold": 13.931422665512084, "N_raw": 79, "N_roi": 77, "N_inlier": 74, "refit": true}
{"timestamp": "17:50:51.096467", "frame": 36, "mu": [0.3976670288298373, 1.8721871695868944, 1.2160522948610546], "Sigma": [[0.006937457868357918, -0.0012911773326198155, 0.0008911767589903419], [-0.0012911773326198155, 0.00765411690978749, -0.004274921827558279], [0.000891176758990342, -0.004274921827558279, 0.03130164993743918]], "chi2_level": 0.997, "chi2_df": 3, "chi2_threshold": 13.931422665512084, "N_raw": 65, "N_roi": 65, "N_inlier": 62, "refit": true}
{"timestamp": "17:50:51.157979", "frame": 37, "mu": [0.28817065029310246, 1.8811806753465905, 0.7154568644452205], "Sigma": [[0.01425069461763427, -0.0007123952503611474, 0.01877345110339139], [-0.0007123952503611474, 0.00510344664744805, 0.025572886009874965], [0.01877345110339139, 0.025572886009874965, 0.5147472520338824]], "chi2_level": 0.997, "chi2_df": 3, "chi2_threshold": 13.931422665512084, "N_raw": 107, "N_roi": 105, "N_inlier": 105, "refit": true}
{"timestamp": "17:50:51.208756", "frame": 38, "mu": [0.20805740930771421, 1.8698456086095863, 1.0732796458088547], "Sigma": [[0.017544783893114, 0.004213254306538479, 0.05173967446074462], [0.004213254306538479, 0.01198562749986823, 0.03392521594782409], [0.05173967446074462, 0.03392521594782409, 0.28489430975804786]], "chi2_level": 0.997, "chi2_df": 3, "chi2_threshold": 13.931422665512084, "N_raw": 77, "N_roi": 77, "N_inlier": 74, "refit": true}
{"timestamp": "17:50:51.262078", "frame": 39, "mu": [0.20179071221897946, 1.8018027261580534, 1.1565154778949707], "Sigma": [[0.0061852301057437895, -0.004045924829235891, -0.010133696481581737], [-0.004045924829235891, 0.010724319624836033, 0.018991530401036634], [-0.010133696481581737, 0.018991530401036634, 0.05734763877184337]], "chi2_level": 0.997, "chi2_df": 3, "chi2_threshold": 13.931422665512084, "N_raw": 69, "N_roi": 69, "N_inlier": 65, "refit": true}
{"timestamp": "17:50:51.319355", "frame": 40, "mu": [0.011890542125193011, 1.7398787003327878, 0.6361973900140673], "Sigma": [[0.04961276327682415, -0.008876236171315196, 0.07530826124735598], [-0.008876236171315196, 0.01810977535802026, 0.01519661622092718], [0.07530826124735598, 0.015196616220927175, 0.21541312412799787]], "chi2_level": 0.997, "chi2_df": 3, "chi2_threshold": 13.931422665512084, "N_raw": 83, "N_roi": 82, "N_inlier": 80, "refit": true}
{"timestamp": "17:50:51.375000", "frame": 41, "mu": [-0.013223492094428786, 1.8446238602378644, 1.1119359612225197], "Sigma": [[0.01748213752777246, 0.0006610309627295473, 0.03253173531043193], [0.0006610309627295472, 0.007899856443102845, 0.006003178581237157], [0.03253173531043193, 0.006003178581237156, 0.1110944713521353]], "chi2_level": 0.997, "chi2_df": 3, "chi2_threshold": 13.931422665512084, "N_raw": 82, "N_roi": 78, "N_inlier": 77, "refit": true}
{"timestamp": "17:50:51.429872", "frame": 42, "mu": [-0.12790949022847986, 1.803824499876829, -0.6415582024221449], "Sigma": [[0.035971112268668747, 0.00872599180121019, 0.18831702649384663], [0.00872599180121019, 0.006459137193666792, 0.040063696218646756], [0.18831702649384663, 0.040063696218646756, 1.3554121446062932]], "chi2_level": 0.997, "chi2_df": 3, "chi2_threshold": 13.931422665512084, "N_raw": 93, "N_roi": 93, "N_inlier": 93, "refit": true}
{"timestamp": "17:50:51.486279", "frame": 43, "mu": [-0.12139997547379412, 1.8062293076306417, 1.0504652085567525], "Sigma": [[0.009108341901688842, -0.00025969274029353264, -0.012534090231484194], [-0.0002596927402935323, 0.013947165909191378, -0.020038222110640342], [-0.012534090231484194, -0.020038222110640342, 0.10858876645483208]], "chi2_level": 0.997, "chi2_df": 3, "chi2_threshold": 13.931422665512084, "N_raw": 95, "N_roi": 95, "N_inlier": 93, "refit": true}
{"timestamp": "17:50:51.543555", "frame": 44, "mu": [-0.24703411313484114, 1.868284977350935, 0.7447710679699416], "Sigma": [[0.010282129887638112, 0.0033914465415798897, 0.015990866958730303], [0.0033914465415798892, 0.00731069317466674, 0.03201355973158333], [0.015990866958730303, 0.032013559731583326, 0.4239415101722783]], "chi2_level": 0.997, "chi2_df": 3, "chi2_threshold": 13.931422665512084, "N_raw": 109, "N_roi": 107, "N_inlier": 106, "refit": true}
{"timestamp": "17:50:51.584367", "frame": 45, "mu": [-0.23388069008460594, 2.1590279641696393, -0.8354165097321147], "Sigma": [[0.0017611733872781741, 0.003559870276939967, -0.008911587369956975], [0.003559870276939966, 0.032318620792445324, -0.10705231276810696], [-0.008911587369956973, -0.10705231276810696, 0.381941576703757]], "chi2_level": 0.997, "chi2_df": 3, "chi2_threshold": 13.931422665512084, "N_raw": 10, "N_roi": 10, "N_inlier": 10, "refit": true}
{"timestamp": "17:50:51.648942", "frame": 46, "mu": [-0.39438666638274006, 1.800464355262686, 1.3493663107858493], "Sigma": [[0.007241368507198624, -0.0014698211029050944, -0.004453817554914016], [-0.0014698211029050944, 0.009945085274302741, 0.002168207823009233], [-0.004453817554914016, 0.002168207823009233, 0.004862701464973245]], "chi2_level": 0.997, "chi2_df": 3, "chi2_threshold": 13.931422665512084, "N_raw": 80, "N_roi": 80, "N_inlier": 77, "refit": true}
{"timestamp": "17:50:51.707547", "frame": 47, "mu": [-0.44871894787135697, 1.7710096777973887, 1.013835119826059], "Sigma": [[0.009632511540818345, -2.124004478607286e-05, 0.011511263534704165], [-2.1240044786072915e-05, 0.004513976096796908, -0.01534731200484579], [0.011511263534704165, -0.01534731200484579, 0.18270837236704796]], "chi2_level": 0.997, "chi2_df": 3, "chi2_threshold": 13.931422665512084, "N_raw": 107, "N_roi": 107, "N_inlier": 106, "refit": true}
{"timestamp": "17:50:51.760526", "frame": 48, "mu": [-0.5001109599483464, 1.7185559977471967, 1.120171436453661], "Sigma": [[0.008310670891628397, 0.002401283133179611, -0.003638686482362427], [0.002401283133179611, 0.0069383299212935024, -0.0067521411282050504], [-0.003638686482362427, -0.0067521411282050504, 0.009947766251286705]], "chi2_level": 0.997, "chi2_df": 3, "chi2_threshold": 13.931422665512084, "N_raw": 94, "N_roi": 93, "N_inlier": 88, "refit": true}
{"timestamp": "17:50:51.814802", "frame": 49, "mu": [-0.5643812753333749, 1.7702501752644024, 1.2105518633808536], "Sigma": [[0.007854663190335384, 0.0021003937194771557, -0.003413228571293492], [0.002100393719477156, 0.00914604800574255, -0.0026658146311059026], [-0.003413228571293492, -0.0026658146311059026, 0.002285682909184917]], "chi2_level": 0.997, "chi2_df": 3, "chi2_threshold": 13.931422665512084, "N_raw": 80, "N_roi": 80, "N_inlier": 75, "refit": true}
{"timestamp": "17:50:51.870835", "frame": 50, "mu": [-0.6377231958596796, 1.7713361354054942, 1.220320289965283], "Sigma": [[0.009732257312176832, 0.0025601499504066074, -0.008538886958321754], [0.002560149950406608, 0.009430629931851975, -0.004672511454607115], [-0.008538886958321754, -0.004672511454607115, 0.015122753079552057]], "chi2_level": 0.997, "chi2_df": 3, "chi2_threshold": 13.931422665512084, "N_raw": 93, "N_roi": 93, "N_inlier": 88, "refit": true}
{"timestamp": "17:50:51.922971", "frame": 51, "mu": [-0.7189203802721154, 1.790192625694444, 1.21564714238141], "Sigma": [[0.008380551147995968, 0.002026216499659579, -0.011288610878420034], [0.0020262164996595793, 0.008368446571866974, -0.0041486591143470725], [-0.011288610878420034, -0.0041486591143470725, 0.03629410761953558]], "chi2_level": 0.997, "chi2_df": 3, "chi2_threshold": 13.931422665512084, "N_raw": 77, "N_roi": 77, "N_inlier": 72, "refit": true}
{"timestamp": "17:50:51.982524", "frame": 52, "mu": [-0.7760803900936437, 1.7484802609919599, 1.0242775322102209], "Sigma": [[0.020014788330217616, -0.0021172427525578963, -0.047536458043634676], [-0.002117242752557897, 0.008068355900854633, 0.002774654116396502], [-0.047536458043634676, 0.002774654116396502, 0.1586608164824446]], "chi2_level": 0.997, "chi2_df": 3, "chi2_threshold": 13.931422665512084, "N_raw": 104, "N_roi": 104, "N_inlier": 102, "refit": true}
{"timestamp": "17:50:52.036858", "frame": 53, "mu": [-0.8688368702157818, 1.8386170316197696, -0.2486243621612414], "Sigma": [[0.015582478252256471, -0.0017464911956852486, 0.03881984990595025], [-0.001746491195685249, 0.010378512271932544, 0.007179561709857392], [0.03881984990595025, 0.0071795617098573935, 0.3148430662760743]], "chi2_level": 0.997, "chi2_df": 3, "chi2_threshold": 13.931422665512084, "N_raw": 95, "N_roi": 95, "N_inlier": 93, "refit": true}
{"timestamp": "17:50:52.091801", "frame": 54, "mu": [-0.9864822362296308, 1.8172056641614558, 1.3778969222004074], "Sigma": [[0.009442994867082303, -8.068732640160512e-05, -0.013293874529395502], [-8.068732640160499e-05, 0.0068842216748313334, -0.003099269538306779], [-0.0132938745293955, -0.0030992695383067785, 0.0507819824961826]], "chi2_level": 0.997, "chi2_df": 3, "chi2_threshold": 13.931422665512084, "N_raw": 96, "N_roi": 92, "N_inlier": 87, "refit": true}
{"timestamp": "17:50:52.145539", "frame": 55, "mu": [-1.036340546177162, 1.8066576950493185, 1.1534423135550766], "Sigma": [[0.014797652436624375, -0.004934053602603416, -0.04911972823409125], [-0.004934053602603416, 0.008846967618797079, 0.021606513145697337], [-0.04911972823409125, 0.021606513145697337, 0.2511067496167869]], "chi2_level": 0.997, "chi2_df": 3, "chi2_threshold": 13.931422665512084, "N_raw": 90, "N_roi": 90, "N_inlier": 88, "refit": true}
{"timestamp": "17:50:52.199179", "frame": 56, "mu": [-1.1243754664345669, 1.8181285956104691, 1.2412381557626553], "Sigma": [[0.010279067059464101, -0.001694659527989622, -0.024001444721127432], [-0.0016946595279896217, 0.007795443596154204, 0.006179386025242445], [-0.024001444721127432, 0.0061793860252424455, 0.1699840995570995]], "chi2_level": 0.997, "chi2_df": 3, "chi2_threshold": 13.931422665512084, "N_raw": 80, "N_roi": 80, "N_inlier": 79, "refit": true}
{"timestamp": "17:50:52.248907", "frame": 57, "mu": [-1.192739614082562, 1.7736042047496468, 1.2326700029058735], "Sigma": [[0.004509052533102229, 0.00022347381794680108, -0.009516318102670809], [0.00022347381794680102, 0.008892687578776398, 0.0028897036012221185], [-0.009516318102670809, 0.0028897036012221185, 0.14756114995762779]], "chi2_level": 0.997, "chi2_df": 3, "chi2_threshold": 13.931422665512084, "N_raw": 49, "N_roi": 49, "N_inlier": 48, "refit": true}
{"timestamp": "17:50:52.303372", "frame": 58, "mu": [-1.3058675927446601, 1.8064376149278243, 1.1293669532310058], "Sigma": [[0.00511427443522344, 0.0019271037653693986, 0.006109166442806612], [0.0019271037653693986, 0.00698739648015083, 0.01688498843918378], [0.006109166442806612, 0.016884988439183776, 0.18236897349609787]], "chi2_level": 0.997, "chi2_df": 3, "chi2_threshold": 13.931422665512084, "N_raw": 40, "N_roi": 40, "N_inlier": 40, "refit": true}
{"timestamp": "17:50:52.355891", "frame": 59, "mu": [-1.3331882703322548, 1.6498512395284977, 1.1478083467411093], "Sigma": [[0.005890520276148662, -0.00033933203089436706, 0.005623439649684751], [-0.0003393320308943665, 0.005997673773202847, -0.010637770614176078], [0.005623439649684751, -0.010637770614176078, 0.04617158095138297]], "chi2_level": 0.997, "chi2_df": 3, "chi2_threshold": 13.931422665512084, "N_raw": 28, "N_roi": 28, "N_inlier": 26, "refit": true}
{"timestamp": "17:50:52.416460", "frame": 60, "mu": [-1.482439743243007, 1.7103167857644803, 1.2242080771568593], "Sigma": [[0.00995920239423569, 0.002710730693807775, -0.0030841869368866937], [0.002710730693807775, 0.004947847800033362, -0.006714674166001685], [-0.0030841869368866937, -0.006714674166001685, 0.0132892690334027]], "chi2_level": 0.997, "chi2_df": 3, "chi2_threshold": 13.931422665512084, "N_raw": 68, "N_roi": 68, "N_inlier": 65, "refit": true}
{"timestamp": "17:50:52.472047", "frame": 61, "mu": [-1.7547526389423103, 1.5883808937806734, 1.6912203724678352], "Sigma": [[0.027491015503590892, 0.02287060792885115, -0.025655719529197193], [0.02287060792885115, 0.027648650346883526, -0.024269330712687973], [-0.025655719529197193, -0.024269330712687973, 0.0326020273809846]], "chi2_level": 0.997, "chi2_df": 3, "chi2_threshold": 13.931422665512084, "N_raw": 75, "N_roi": 75, "N_inlier": 73, "refit": true}
{"timestamp": "17:50:52.527523", "frame": 62, "mu": [-1.7388234132557687, 1.6001385960768646, 1.524619736697853], "Sigma": [[0.02310387416561409, 0.01674522431285225, -0.027557624457351902], [0.01674522431285225, 0.02176699407896892, -0.021342245848509935], [-0.027557624457351902, -0.021342245848509935, 0.038772386935446726]], "chi2_level": 0.997, "chi2_df": 3, "chi2_threshold": 13.931422665512084, "N_raw": 75, "N_roi": 75, "N_inlier": 72, "refit": true}
{"timestamp": "17:50:52.585896", "frame": 63, "mu": [-1.82484407403125, 1.5967145359319808, 1.549682982428325], "Sigma": [[0.023852181724720846, 0.015192212120728615, -0.031210918265708387], [0.015192212120728616, 0.018770024807227947, -0.024612922235169903], [-0.03121091826570839, -0.024612922235169903, 0.06684287845598512]], "chi2_level": 0.997, "chi2_df": 3, "chi2_threshold": 13.931422665512084, "N_raw": 90, "N_roi": 90, "N_inlier": 87, "refit": true}
{"timestamp": "17:50:52.735921", "frame": 64, "mu": [-1.891079183728115, 1.64278212187488, -0.26493114313589], "Sigma": [[0.017455459330631105, 0.016161890451222446, -0.011769230758373214], [0.016161890451222446, 0.02772563072585361, -0.02355859806491984], [-0.011769230758373214, -0.02355859806491984, 0.031236528620167823]], "chi2_level": 0.997, "chi2_df": 3, "chi2_threshold": 13.931422665512084, "N_raw": 91, "N_roi": 91, "N_inlier": 89, "refit": true}
{"timestamp": "17:50:52.753181", "frame": 65, "mu": [-1.9492049541574366, 1.6933353805615738, -0.3234664145226316], "Sigma": [[0.025524145423345926, 0.030808418735154736, -0.02927251578646719], [0.030808418735154736, 0.04800559580083974, -0.0544582175851923], [-0.02927251578646719, -0.05445821758519231, 0.08130435927797736]], "chi2_level": 0.997, "chi2_df": 3, "chi2_threshold": 13.931422665512084, "N_raw": 66, "N_roi": 66, "N_inlier": 65, "refit": true}
{"timestamp": "17:50:52.796995", "frame": 66, "mu": [-2.0412525908667574, 1.4966368336010023, 1.2718742410480028], "Sigma": [[0.015948631170826625, 0.012861683314430546, -0.020296489576599762], [0.012861683314430543, 0.016851557187082977, -0.02224894724967553], [-0.02029648957659976, -0.02224894724967553, 0.04641751781671242]], "chi2_level": 0.997, "chi2_df": 3, "chi2_threshold": 13.931422665512084, "N_raw": 45, "N_roi": 45, "N_inlier": 43, "refit": true}
{"timestamp": "17:50:52.829689", "frame": 67, "mu": [-2.0445496440827813, 1.4956966102466962, 1.297397666246558], "Sigma": [[0.015078976514468113, 0.009785834011573534, -0.012559541847251204], [0.009785834011573534, 0.019269750631509826, -0.01466263630765029], [-0.012559541847251204, -0.014662636307650292, 0.021778771398307833]], "chi2_level": 0.997, "chi2_df": 3, "chi2_threshold": 13.931422665512084, "N_raw": 81, "N_roi": 81, "N_inlier": 78, "refit": true}
{"timestamp": "17:50:52.860352", "frame": 68, "mu": [-2.1005126133074095, 1.4195540024579039, 1.2443734610587174], "Sigma": [[0.013595114681305774, 0.007469819697181015, -0.008954955785858549], [0.007469819697181015, 0.0181135001822174, -0.016951363600816425], [-0.008954955785858549, -0.016951363600816425, 0.03419551411605637]], "chi2_level": 0.997, "chi2_df": 3, "chi2_threshold": 13.931422665512084, "N_raw": 65, "N_roi": 65, "N_inlier": 64, "refit": true}
{"timestamp": "17:50:52.910037", "frame": 69, "mu": [-2.2072091443617117, 1.4563045885382355, -0.6356691209571121], "Sigma": [[0.010250640956748493, 0.006481946460916269, -0.0022071426844106354], [0.00648194646091627, 0.022667626322610886, 0.0011230123379401295], [-0.002207142684410636, 0.0011230123379401295, 0.026525102992704108]], "chi2_level": 0.997, "chi2_df": 3, "chi2_threshold": 13.931422665512084, "N_raw": 54, "N_roi": 53, "N_inlier": 51, "refit": true}
{"timestamp": "17:50:52.964790", "frame": 70, "mu": [-2.213326623597507, 1.4098661523614722, 1.304691837473174], "Sigma": [[0.011877886127707725, 0.005996361882435009, -0.00788435728008414], [0.005996361882435009, 0.013840888237859035, -0.010320114453962824], [-0.007884357280084138, -0.010320114453962822, 0.018385528814613465]], "chi2_level": 0.997, "chi2_df": 3, "chi2_threshold": 13.931422665512084, "N_raw": 59, "N_roi": 59, "N_inlier": 59, "refit": true}
{"timestamp": "17:50:53.018103", "frame": 71, "mu": [-2.2903159905848196, 1.3744729447096335, 1.3716532162512602], "Sigma": [[0.010855073580740972, 0.007365136382135802, -0.010239350259820933], [0.007365136382135802, 0.014122591019572972, -0.011863955390277302], [-0.010239350259820933, -0.011863955390277302, 0.014436918296221108]], "chi2_level": 0.997, "chi2_df": 3, "chi2_threshold": 13.931422665512084, "N_raw": 47, "N_roi": 45, "N_inlier": 45, "refit": true}
{"timestamp": "17:50:53.080763", "frame": 72, "mu": [-2.2849166887906143, 1.392909626363431, 1.2097711137503007], "Sigma": [[0.01313004015037783, 0.01064936721220023, -0.008612740968293502], [0.01064936721220023, 0.019710359646609842, -0.014500277045873627], [-0.008612740968293502, -0.014500277045873627, 0.014468376036119347]], "chi2_level": 0.997, "chi2_df": 3, "chi2_threshold": 13.931422665512084, "N_raw": 72, "N_roi": 66, "N_inlier": 63, "refit": true}
{"timestamp": "17:50:53.130788", "frame": 73, "mu": [-2.335524261251136, 1.2948702196132775, 1.0756742196962903], "Sigma": [[0.007998346273035988, 0.007713447040384834, -0.0032274296411175427], [0.007713447040384834, 0.014472755122285113, -0.01347767953005708], [-0.0032274296411175427, -0.01347767953005708, 0.024482472770911912]], "chi2_level": 0.997, "chi2_df": 3, "chi2_threshold": 13.931422665512084, "N_raw": 63, "N_roi": 52, "N_inlier": 52, "refit": true}
{"timestamp": "17:50:53.184046", "frame": 74, "mu": [-2.3702080971399226, 1.385208576875386, 1.1636940602456445], "Sigma": [[0.005032416376692471, 0.0042988969662543855, -0.002333496080921777], [0.0042988969662543855, 0.012321241177860095, -0.011340293563222225], [-0.0023334960809217767, -0.011340293563222225, 0.013219555700272927]], "chi2_level": 0.997, "chi2_df": 3, "chi2_threshold": 13.931422665512084, "N_raw": 51, "N_roi": 37, "N_inlier": 36, "refit": true}
{"timestamp": "17:50:53.238834", "frame": 75, "mu": [-2.4163143771396633, 1.4110409702701634, 0.9770983679078036], "Sigma": [[0.00275644257962949, 0.0016126875480676668, 0.0010422329026979547], [0.001612687548067667, 0.005065481836090379, -0.009545947123357813], [0.0010422329026979547, -0.009545947123357813, 0.03706430961524071]], "chi2_level": 0.997, "chi2_df": 3, "chi2_threshold": 13.931422665512084, "N_raw": 54, "N_roi": 31, "N_inlier": 31, "refit": true}
{"timestamp": "17:50:53.295120", "frame": 76, "mu": [-2.4316098197814595, 1.4935042024038798, 1.0058677280137605], "Sigma": [[0.0019187169918624875, 0.0014123780088505953, -0.0030217565605043183], [0.0014123780088505953, 0.004044148570079114, -0.011669578495240522], [-0.0030217565605043187, -0.01166957849524052, 0.05469496787785634]], "chi2_level": 0.997, "chi2_df": 3, "chi2_threshold": 13.931422665512084, "N_raw": 57, "N_roi": 20, "N_inlier": 20, "refit": true}
{"timestamp": "17:50:53.348977", "frame": 77, "mu": [-2.463685719217748, 1.4539504410678734, 0.8390212721523922], "Sigma": [[0.0007552485812950536, 0.00010846743671137838, 0.0020511318786879725], [0.00010846743671137843, 0.003378911336050703, -0.006415601549192246], [0.0020511318786879725, -0.006415601549192246, 0.04074533305595572]], "chi2_level": 0.997, "chi2_df": 3, "chi2_threshold": 13.931422665512084, "N_raw": 48, "N_roi": 12, "N_inlier": 12, "refit": true}
