{"timestamp": "17:36:48.560324", "frame": 11, "mu": [1.6665082607317854, 0.7361589776226516, 1.3662446739075842], "Sigma": [[0.0022480378774109694, -0.001601761472745342, -0.0005183919472156396], [-0.001601761472745342, 0.004380612620096166, -0.0013205275306126213], [-0.0005183919472156397, -0.001320527530612621, 0.0013774794496540846]], "chi2_level": 0.997, "chi2_df": 3, "chi2_threshold": 13.931422665512084, "N_raw": 15, "N_roi": 15, "N_inlier": 15, "refit": true}
{"timestamp": "17:36:48.617179", "frame": 12, "mu": [1.6715372180520969, 0.8112980310099566, 1.383278279877369], "Sigma": [[0.004326454918106791, -0.0014934414122578545, 0.0002513860126627665], [-0.0014934414122578545, 0.0077772890900274045, -0.0006938677663725075], [0.0002513860126627665, -0.0006938677663725075, 0.0004332697335206069]], "chi2_level": 0.997, "chi2_df": 3, "chi2_threshold": 13.931422665512084, "N_raw": 25, "N_roi": 25, "N_inlier": 25, "refit": true}
{"timestamp": "17:36:49.002929", "frame": 19, "mu": [1.477717031659099, 0.9180559150075689, 1.3870109250409732], "Sigma": [[0.0029840687753755687, -0.0008409139034729887, -0.0018337312501529046], [-0.0008409139034729884, 0.005540902314164955, 0.0037069159591178974], [-0.0018337312501529046, 0.0037069159591178974, 0.01846260082312852]], "chi2_level": 0.997, "chi2_df": 3, "chi2_threshold": 13.931422665512084, "N_raw": 22, "N_roi": 22, "N_inlier": 21, "refit": true}
{"timestamp": "17:36:49.058989", "frame": 20, "mu": [1.4489658299823989, 0.9361259461544057, 1.3483049198052743], "Sigma": [[0.0030855288929654313, -0.002145913853153832, -0.0024746924321559973], [-0.0021459138531538325, 0.004419533405610593, 0.0009410580105901662], [-0.002474692432155997, 0.0009410580105901659, 0.02593692082060437]], "chi2_level": 0.997, "chi2_df": 3, "chi2_threshold": 13.931422665512084, "N_raw": 30, "N_roi": 30, "N_inlier": 30, "refit": true}
{"timestamp": "17:36:49.114479", "frame": 21, "mu": [1.4133380124632222, 0.9413536264761136, 1.2170157653564926], "Sigma": [[0.0030989467776705937, -0.0029209161758000975, -0.0069599419149606505], [-0.0029209161758000975, 0.004017448145817971, -0.00010868556146028741], [-0.0069599419149606505, -0.00010868556146028654, 0.0995585116115697]], "chi2_level": 0.997, "chi2_df": 3, "chi2_threshold": 13.931422665512084, "N_raw": 24, "N_roi": 24, "N_inlier": 22, "refit": true}
{"timestamp": "17:36:49.169399", "frame": 22, "mu": [1.2780133979238602, 1.0539413289906818, 1.3535029874975195], "Sigma": [[0.0030342433885409523, -0.0025598765150040533, -0.0008286106815512253], [-0.0025598765150040533, 0.005196801987740422, -0.004879773550161186], [-0.0008286106815512252, -0.004879773550161186, 0.016194140439057127]], "chi2_level": 0.997, "chi2_df": 3, "chi2_threshold": 13.931422665512084, "N_raw": 29, "N_roi": 29, "N_inlier": 29, "refit": true}
{"timestamp": "17:36:49.224876", "frame": 23, "mu": [1.2829598847445387, 0.978908355135193, 1.27614380239772], "Sigma": [[0.003882374825311555, -0.003967982454631972, -0.0024670431632381855], [-0.003967982454631972, 0.004698577417533611, 0.004067148972721788], [-0.002467043163238185, 0.004067148972721788, 0.020647951470392018]], "chi2_level": 0.997, "chi2_df": 3, "chi2_threshold": 13.931422665512084, "N_raw": 34, "N_roi": 34, "N_inlier": 33, "refit": true}
{"timestamp": "17:36:49.276687", "frame": 24, "mu": [1.2160045841560196, 1.0361789412674307, 1.2483807752942901], "Sigma": [[0.0022064490907198965, -0.0013263737290329087, -0.006423804711902081], [-0.0013263737290329087, 0.0013903557727151389, 0.0033530235354234813], [-0.006423804711902081, 0.0033530235354234817, 0.021153330514712597]], "chi2_level": 0.997, "chi2_df": 3, "chi2_threshold": 13.931422665512084, "N_raw": 11, "N_roi": 11, "N_inlier": 11, "refit": true}
{"timestamp": "17:36:49.331514", "frame": 25, "mu": [1.1953061166662742, 1.0020156593880591, 1.1485399806104308], "Sigma": [[0.0023794607387102513, -0.0006654795719057119, -0.003977368750808959], [-0.0006654795719057119, 0.0009171871992207572, 0.0011171414794430177], [-0.003977368750808958, 0.0011171414794430182, 0.013530353155520527]], "chi2_level": 0.997, "chi2_df": 3, "chi2_threshold": 13.931422665512084, "N_raw": 15, "N_roi": 15, "N_inlier": 15, "refit": true}
{"timestamp": "17:36:49.387500", "frame": 26, "mu": [1.1808654913892505, 1.041575129280022, 1.0445724514724222], "Sigma": [[0.007239906962502583, -0.001977546513362805, -0.037078048200853864], [-0.001977546513362805, 0.001255594668420832, 0.012504326610430133], [-0.037078048200853864, 0.012504326610430133, 0.28070147264923156]], "chi2_level": 0.997, "chi2_df": 3, "chi2_threshold": 13.931422665512084, "N_raw": 14, "N_roi": 14, "N_inlier": 13, "refit": true}
{"timestamp": "17:36:49.447702", "frame": 27, "mu": [1.0875114102715513, 1.0349688703672153, 1.2419190502980308], "Sigma": [[0.00752968696923706, -0.006164164202216899, -0.011260660441309325], [-0.0061641642022169, 0.0062957161990629795, 0.007287825129167577], [-0.011260660441309325, 0.007287825129167577, 0.023141353439614057]], "chi2_level": 0.997, "chi2_df": 3, "chi2_threshold": 13.931422665512084, "N_raw": 56, "N_roi": 56, "N_inlier": 53, "refit": true}
{"timestamp": "17:36:49.508071", "frame": 28, "mu": [1.0385844821867882, 1.0594015230792813, 1.2536174389467682], "Sigma": [[0.011775714313704633, -0.008720698003858513, -0.018332806436719522], [-0.008720698003858513, 0.009824110774080753, 0.013347434546675939], [-0.018332806436719522, 0.013347434546675939, 0.04014479760269496]], "chi2_level": 0.997, "chi2_df": 3, "chi2_threshold": 13.931422665512084, "N_raw": 81, "N_roi": 81, "N_inlier": 79, "refit": true}
{"timestamp": "17:36:49.560627", "frame": 29, "mu": [1.03144277088994, 1.0436900422318622, 1.206475420803894], "Sigma": [[0.012039301409836075, -0.007946769596961625, -0.018217606127813025], [-0.007946769596961624, 0.008885921356276005, 0.01051847803154049], [-0.01821760612781302, 0.01051847803154049, 0.033530424287495614]], "chi2_level": 0.997, "chi2_df": 3, "chi2_threshold": 13.931422665512084, "N_raw": 66, "N_roi": 66, "N_inlier": 64, "refit": true}
{"timestamp": "17:36:49.612292", "frame": 30, "mu": [0.9297221615872087, 1.0458509200584887, 1.2847929817045096], "Sigma": [[0.008326877225521612, -0.0036158607476061556, -0.012217041884617284], [-0.0036158607476061556, 0.004106949857123947, 0.0041362337731247045], [-0.012217041884617284, 0.0041362337731247045, 0.01984617484562528]], "chi2_level": 0.997, "chi2_df": 3, "chi2_threshold": 13.931422665512084, "N_raw": 48, "N_roi": 48, "N_inlier": 45, "refit": true}
{"timestamp": "17:36:49.666107", "frame": 31, "mu": [0.9347102275392589, 0.9816404239108473, 0.9170213875995644], "Sigma": [[0.016636127127548396, -0.005866182918309863, 0.035657974791107404], [-0.005866182918309863, 0.005896253739138901, -0.015290843948793285], [0.035657974791107404, -0.015290843948793285, 0.0961216704767964]], "chi2_level": 0.997, "chi2_df": 3, "chi2_threshold": 13.931422665512084, "N_raw": 36, "N_roi": 36, "N_inlier": 33, "refit": true}
{"timestamp": "17:36:49.719284", "frame": 32, "mu": [0.8848744505288386, 0.9677973886739164, 0.9381013219791525], "Sigma": [[0.018671102022353343, -0.005801120536018956, 0.012484426851953837], [-0.005801120536018956, 0.012262179834584731, -0.03563872782880356], [0.012484426851953834, -0.03563872782880356, 0.22750859083654576]], "chi2_level": 0.997, "chi2_df": 3, "chi2_threshold": 13.931422665512084, "N_raw": 22, "N_roi": 22, "N_inlier": 22, "refit": true}
{"timestamp": "17:36:49.775686", "frame": 33, "mu": [0.7501687256711684, 1.0871328976687287, 1.3305203713364044], "Sigma": [[0.005800678170248362, -0.00037968474105595936, -0.008298315302436843], [-0.00037968474105595925, 0.0047827935391264245, -0.0025516408840859355], [-0.008298315302436843, -0.0025516408840859355, 0.01840407760043506]], "chi2_level": 0.997, "chi2_df": 3, "chi2_threshold": 13.931422665512084, "N_raw": 43, "N_roi": 43, "N_inlier": 40, "refit": true}
{"timestamp": "17:36:49.834540", "frame": 34, "mu": [0.7179403581115528, 1.0264647854455593, 1.280318513650475], "Sigma": [[0.004729800212683869, -0.0007083149930382389, -0.0022870842895674065], [-0.0007083149930382389, 0.0022953356853749824, 0.0029631669057695077], [-0.0022870842895674065, 0.0029631669057695073, 0.02763236920368224]], "chi2_level": 0.997, "chi2_df": 3, "chi2_threshold": 13.931422665512084, "N_raw": 70, "N_roi": 70, "N_inlier": 67, "refit": true}
{"timestamp": "17:36:49.893622", "frame": 35, "mu": [0.6654286122112887, 1.067040609235176, 1.2402121523397032], "Sigma": [[0.004496472336420096, -0.0015628740074756814, -0.003289824424294321], [-0.0015628740074756814, 0.0027171426181230433, 0.0012745719478175158], [-0.003289824424294321, 0.0012745719478175158, 0.03395432112181694]], "chi2_level": 0.997, "chi2_df": 3, "chi2_threshold": 13.931422665512084, "N_raw": 89, "N_roi": 89, "N_inlier": 88, "refit": true}
{"timestamp": "17:36:49.948604", "frame": 36, "mu": [0.6036649682442263, 1.1645553920018135, -0.5245314271999898], "Sigma": [[0.00344504089833028, 0.002684731190881735, 0.0022845978455184887], [0.002684731190881735, 0.006281944520141621, 0.004078092965299261], [0.0022845978455184883, 0.004078092965299261, 0.05384475411875173]], "chi2_level": 0.997, "chi2_df": 3, "chi2_threshold": 13.931422665512084, "N_raw": 80, "N_roi": 80, "N_inlier": 77, "refit": true}
{"timestamp": "17:36:50.006384", "frame": 37, "mu": [0.5775273686789388, 1.0914129385348872, 1.244450401052558], "Sigma": [[0.004435319397013156, -0.00037022647505182077, -0.003151154638963553], [-0.0003702264750518209, 0.003057555388983337, -0.005444979945246904], [-0.003151154638963553, -0.005444979945246904, 0.024121189685746974]], "chi2_level": 0.997, "chi2_df": 3, "chi2_threshold": 13.931422665512084, "N_raw": 101, "N_roi": 101, "N_inlier": 98, "refit": true}
{"timestamp": "17:36:50.057542", "frame": 38, "mu": [0.47086038927954643, 1.0992424130286533, 1.1733120746223222], "Sigma": [[0.004830092314564769, -0.004772760564775373, 0.007505692190753609], [-0.004772760564775373, 0.008984716447269671, -0.012930893442938251], [0.007505692190753608, -0.012930893442938251, 0.10204561604361148]], "chi2_level": 0.997, "chi2_df": 3, "chi2_threshold": 13.931422665512084, "N_raw": 80, "N_roi": 80, "N_inlier": 76, "refit": true}
{"timestamp": "17:36:50.115681", "frame": 39, "mu": [0.44088664301468067, 1.0606096586559028, 1.2769602501423503], "Sigma": [[0.0057307412629834294, 4.892302964530182e-05, -0.006204870504106275], [4.892302964530182e-05, 0.0014405885115520416, -0.0007422172147700441], [-0.006204870504106275, -0.0007422172147700441, 0.02151306098666711]], "chi2_level": 0.997, "chi2_df": 3, "chi2_threshold": 13.931422665512084, "N_raw": 92, "N_roi": 92, "N_inlier": 85, "refit": true}
{"timestamp": "17:36:50.165709", "frame": 40, "mu": [0.3370601691378872, 1.0607187119112997, 1.1598600238713064], "Sigma": [[0.0052386146635666105, -0.0039360767832581365, -2.5323832773415603e-05], [-0.0039360767832581365, 0.007583255281015145, -0.0002552593684486649], [-2.532383277341712e-05, -0.0002552593684486623, 0.17176162894712502]], "chi2_level": 0.997, "chi2_df": 3, "chi2_threshold": 13.931422665512084, "N_raw": 59, "N_roi": 59, "N_inlier": 56, "refit": true}
{"timestamp": "17:36:50.216271", "frame": 41, "mu": [0.24591508096264206, 1.1021945323402087, 0.8937173596932726], "Sigma": [[0.015136740309418244, -0.007778046032186051, 0.027682693619380867], [-0.007778046032186051, 0.013742961276163224, -0.012152928876171424], [0.027682693619380867, -0.012152928876171424, 0.0784232134370846]], "chi2_level": 0.997, "chi2_df": 3, "chi2_threshold": 13.931422665512084, "N_raw": 42, "N_roi": 42, "N_inlier": 40, "refit": true}
{"timestamp": "17:36:50.278638", "frame": 42, "mu": [0.23847424362935243, 1.1703692820014187, -0.1579832139610658], "Sigma": [[0.0045934543473503614, -0.002225622300534255, 0.029992339139013786], [-0.002225622300534255, 0.009923115849067523, -0.04861632034618414], [0.029992339139013786, -0.04861632034618414, 0.4226324303316182]], "chi2_level": 0.997, "chi2_df": 3, "chi2_threshold": 13.931422665512084, "N_raw": 85, "N_roi": 85, "N_inlier": 80, "refit": true}
{"timestamp": "17:36:50.326775", "frame": 43, "mu": [0.20064286270170795, 0.9858301616946962, 1.1727185632571342], "Sigma": [[0.003978270042592192, -0.00085814249133847, 0.001773728601579734], [-0.00085814249133847, 0.0029625654747147015, 0.004502185408278113], [0.0017737286015797344, 0.004502185408278113, 0.09334252599170342]], "chi2_level": 0.997, "chi2_df": 3, "chi2_threshold": 13.931422665512084, "N_raw": 42, "N_roi": 42, "N_inlier": 40, "refit": true}
{"timestamp": "17:36:50.385764", "frame": 44, "mu": [0.0753013642154635, 1.041961285837971, 1.2863026889622418], "Sigma": [[0.002130268606614181, -0.0014850451491731555, -0.0007334421225525893], [-0.0014850451491731555, 0.002796046843100736, -0.0011247371896474082], [-0.0007334421225525893, -0.0011247371896474078, 0.020277185611109184]], "chi2_level": 0.997, "chi2_df": 3, "chi2_threshold": 13.931422665512084, "N_raw": 73, "N_roi": 73, "N_inlier": 69, "refit": true}
{"timestamp": "17:36:50.445089", "frame": 45, "mu": [0.03970269027268737, 0.988597788975337, 1.166701931508257], "Sigma": [[0.003908730755222505, -0.0003553001456720373, 5.596816235284004e-05], [-0.00035530014567203733, 0.007688906432915397, -0.004403944997462071], [5.596816235284004e-05, -0.00440394499746207, 0.0035751011229509383]], "chi2_level": 0.997, "chi2_df": 3, "chi2_threshold": 13.931422665512084, "N_raw": 95, "N_roi": 95, "N_inlier": 94, "refit": true}
{"timestamp": "17:36:50.504978", "frame": 46, "mu": [-0.040236786026977236, 1.0492385417389416, 1.2792245860414804], "Sigma": [[0.005179798363852439, -0.003174449818726704, -0.009115899930524307], [-0.0031744498187267034, 0.008469828113565586, 0.017247766699147897], [-0.009115899930524307, 0.017247766699147897, 0.0667240981194373]], "chi2_level": 0.997, "chi2_df": 3, "chi2_threshold": 13.931422665512084, "N_raw": 104, "N_roi": 104, "N_inlier": 100, "refit": true}
{"timestamp": "17:36:50.553197", "frame": 47, "mu": [-0.10413633785132483, 1.0841195850335004, 1.3382716377755373], "Sigma": [[0.003289781224095523, -0.0009781454775833725, -0.003344640657580349], [-0.0009781454775833725, 0.004529665059956734, 0.0025130793344473584], [-0.003344640657580349, 0.0025130793344473584, 0.03233242103032298]], "chi2_level": 0.997, "chi2_df": 3, "chi2_threshold": 13.931422665512084, "N_raw": 90, "N_roi": 90, "N_inlier": 90, "refit": true}
{"timestamp": "17:36:50.611768", "frame": 48, "mu": [-0.15032446242754408, 1.230360970314478, -0.36404576003693123], "Sigma": [[0.004851656985467648, 0.0007151976454683466, -0.009794447166793034], [0.0007151976454683466, 0.00566377626038921, -0.004784097559898294], [-0.009794447166793034, -0.004784097559898294, 0.04655813531047023]], "chi2_level": 0.997, "chi2_df": 3, "chi2_threshold": 13.931422665512084, "N_raw": 110, "N_roi": 110, "N_inlier": 106, "refit": true}
{"timestamp": "17:36:50.669273", "frame": 49, "mu": [-0.19097802593786975, 1.143203725492834, 0.24661923955380421], "Sigma": [[0.005563552448563822, -0.006034418367797544, 0.040242762764899895], [-0.006034418367797544, 0.01275331893999386, -0.06288694402388267], [0.040242762764899895, -0.06288694402388266, 0.5444264943797664]], "chi2_level": 0.997, "chi2_df": 3, "chi2_threshold": 13.931422665512084, "N_raw": 122, "N_roi": 122, "N_inlier": 120, "refit": true}
{"timestamp": "17:36:50.722828", "frame": 50, "mu": [-0.26306038649399327, 1.154334728033289, 0.22680246234033966], "Sigma": [[0.005802084453262759, -0.006009922812680223, 0.03835070774458651], [-0.006009922812680223, 0.015202562060296652, -0.06074477615638852], [0.0383507077445865, -0.06074477615638852, 0.48799340289332166]], "chi2_level": 0.997, "chi2_df": 3, "chi2_threshold": 13.931422665512084, "N_raw": 118, "N_roi": 118, "N_inlier": 118, "refit": true}
{"timestamp": "17:36:50.769838", "frame": 51, "mu": [-0.3176438717551385, 1.1549724814189528, 1.3547794951028898], "Sigma": [[0.00355111446195698, -0.0017318752371101472, -0.0020763216790982524], [-0.0017318752371101472, 0.0028134467015142528, -0.0011330107449036726], [-0.0020763216790982524, -0.0011330107449036724, 0.005699533883538418]], "chi2_level": 0.997, "chi2_df": 3, "chi2_threshold": 13.931422665512084, "N_raw": 60, "N_roi": 60, "N_inlier": 57, "refit": true}
{"timestamp": "17:36:50.827846", "frame": 52, "mu": [-0.3861431926392963, 1.1031559085531033, 1.285037722933306], "Sigma": [[0.004284460196566292, -0.002044169536884723, -0.008306657597716965], [-0.002044169536884723, 0.0081758675677206, 0.0035444480051076473], [-0.008306657597716966, 0.0035444480051076473, 0.039263716976554]], "chi2_level": 0.997, "chi2_df": 3, "chi2_threshold": 13.931422665512084, "N_raw": 90, "N_roi": 90, "N_inlier": 86, "refit": true}
{"timestamp": "17:36:50.880001", "frame": 53, "mu": [-0.48723900678230364, 1.0701346335288626, 1.3170683035548463], "Sigma": [[0.004288424363443597, -0.002943565654297058, -0.0029785442931843263], [-0.002943565654297058, 0.010063895216983518, 0.0032558667422374205], [-0.0029785442931843263, 0.0032558667422374205, 0.0049549523302225085]], "chi2_level": 0.997, "chi2_df": 3, "chi2_threshold": 13.931422665512084, "N_raw": 61, "N_roi": 61, "N_inlier": 58, "refit": true}
{"timestamp": "17:36:50.938098", "frame": 54, "mu": [-0.5453139347329965, 1.1379061868038236, 1.3568032898776383], "Sigma": [[0.006550920940849491, -0.0035249456103090527, -0.011164803394783554], [-0.0035249456103090527, 0.007776939624874185, 0.009604025104988523], [-0.011164803394783554, 0.009604025104988523, 0.05218047944435385]], "chi2_level": 0.997, "chi2_df": 3, "chi2_threshold": 13.931422665512084, "N_raw": 90, "N_roi": 90, "N_inlier": 86, "refit": true}
{"timestamp": "17:36:50.993523", "frame": 55, "mu": [-0.6132178769853802, 1.1855357580911097, -0.35776001290839776], "Sigma": [[0.005024973993320304, -0.00040635095569383156, 0.01793401887615107], [-0.00040635095569383146, 0.01966774293952237, 0.02323851198004223], [0.01793401887615107, 0.023238511980042228, 0.30291896792012746]], "chi2_level": 0.997, "chi2_df": 3, "chi2_threshold": 13.931422665512084, "N_raw": 81, "N_roi": 80, "N_inlier": 80, "refit": true}
{"timestamp": "17:36:51.045117", "frame": 56, "mu": [-0.6751192603593289, 1.1033119216330263, 1.3231080545969753], "Sigma": [[0.004958763899496672, -0.004804265164866936, -0.005848533481266356], [-0.004804265164866936, 0.01197184708581372, 0.004628251595507687], [-0.005848533481266356, 0.0046282515955076865, 0.011011341008286922]], "chi2_level": 0.997, "chi2_df": 3, "chi2_threshold": 13.931422665512084, "N_raw": 71, "N_roi": 71, "N_inlier": 68, "refit": true}
{"timestamp": "17:36:51.097984", "frame": 57, "mu": [-0.6994063821532405, 1.2957663954614038, -0.2808198338278155], "Sigma": [[0.003536698477249931, -0.00016547210012173404, -0.0009685570187955338], [-0.0001654721001217341, 0.0058635446034977475, -0.0003364271013447732], [-0.0009685570187955338, -0.0003364271013447729, 0.004389298636896383]], "chi2_level": 0.997, "chi2_df": 3, "chi2_threshold": 13.931422665512084, "N_raw": 57, "N_roi": 57, "N_inlier": 51, "refit": true}
{"timestamp": "17:36:51.155047", "frame": 58, "mu": [-0.7998323259743261, 1.153827344087555, 1.3583515169529505], "Sigma": [[0.005721551855218053, -0.0020007134063432784, -0.0035130733249919086], [-0.002000713406343278, 0.008182090250301649, 0.0014378951177084118], [-0.003513073324991909, 0.0014378951177084118, 0.0066636328143761135]], "chi2_level": 0.997, "chi2_df": 3, "chi2_threshold": 13.931422665512084, "N_raw": 71, "N_roi": 71, "N_inlier": 64, "refit": true}
{"timestamp": "17:36:51.212447", "frame": 59, "mu": [-0.9297450722410755, 1.0804978870946673, 1.377088633438863], "Sigma": [[0.0370094481308936, 0.014212790830544256, -0.023395129749482258], [0.014212790830544254, 0.012927839404865171, -0.009986470312165915], [-0.023395129749482258, -0.009986470312165915, 0.017068129948363518]], "chi2_level": 0.997, "chi2_df": 3, "chi2_threshold": 13.931422665512084, "N_raw": 83, "N_roi": 83, "N_inlier": 78, "refit": true}
{"timestamp": "17:36:51.269321", "frame": 60, "mu": [-0.9984145980051913, 1.1240952863525508, 1.3843579104887627], "Sigma": [[0.027307395142871893, 0.016481158536711824, -0.009781744506313058], [0.016481158536711824, 0.026753769283305716, -0.0030149098226485557], [-0.009781744506313058, -0.0030149098226485557, 0.0076794618408018355]], "chi2_level": 0.997, "chi2_df": 3, "chi2_threshold": 13.931422665512084, "N_raw": 95, "N_roi": 95, "N_inlier": 91, "refit": true}
{"timestamp": "17:36:51.322458", "frame": 61, "mu": [-1.034176657040879, 1.2352009896650034, 1.5555226740479153], "Sigma": [[0.03628317211040047, 0.022679555843441057, -0.019296578689088573], [0.02267955584344105, 0.023674944744185272, -0.011172624439625559], [-0.019296578689088573, -0.011172624439625559, 0.013556632281676044]], "chi2_level": 0.997, "chi2_df": 3, "chi2_threshold": 13.931422665512084, "N_raw": 83, "N_roi": 83, "N_inlier": 81, "refit": true}
{"timestamp": "17:36:51.375509", "frame": 62, "mu": [-1.1695417923673674, 1.1501840551476539, -0.5097620695363457], "Sigma": [[0.03969265124572288, 0.03168041922402266, 0.004212874304642258], [0.03168041922402266, 0.03693408764110628, 0.011977203162383815], [0.004212874304642259, 0.011977203162383817, 0.02542513653630049]], "chi2_level": 0.997, "chi2_df": 3, "chi2_threshold": 13.931422665512084, "N_raw": 66, "N_roi": 66, "N_inlier": 63, "refit": true}
{"timestamp": "17:36:51.425595", "frame": 63, "mu": [-1.3939652118009571, 1.0332493224269312, 1.4546366151172743], "Sigma": [[0.05827872062541126, 0.03203761010052447, -0.06163126870881578], [0.03203761010052447, 0.028577506336934917, -0.027436672117697902], [-0.06163126870881578, -0.027436672117697902, 0.08026351273834073]], "chi2_level": 0.997, "chi2_df": 3, "chi2_threshold": 13.931422665512084, "N_raw": 42, "N_roi": 42, "N_inlier": 41, "refit": true}
{"timestamp": "17:36:51.483857", "frame": 64, "mu": [-1.241380119636039, 1.2219145295159883, 1.4282203142252938], "Sigma": [[0.05400404348597147, 0.020094563687494064, -0.07579735120371914], [0.020094563687494064, 0.011771681020548366, -0.023958357827506684], [-0.07579735120371914, -0.023958357827506684, 0.14131454819968683]], "chi2_level": 0.997, "chi2_df": 3, "chi2_threshold": 13.931422665512084, "N_raw": 63, "N_roi": 63, "N_inlier": 60, "refit": true}
{"timestamp": "17:36:51.547039", "frame": 65, "mu": [-1.3934455534125685, 1.24399743021766, 1.5438087562820355], "Sigma": [[0.03646868052706308, 0.017888976001420823, -0.02900414318986338], [0.017888976001420823, 0.01662031028607771, -0.014689477197739227], [-0.02900414318986338, -0.014689477197739227, 0.03530747596492231]], "chi2_level": 0.997, "chi2_df": 3, "chi2_threshold": 13.931422665512084, "N_raw": 113, "N_roi": 113, "N_inlier": 107, "refit": true}
{"timestamp": "17:36:51.605581", "frame": 66, "mu": [-1.3444904032706737, 1.2842910324064603, 1.333052718367735], "Sigma": [[0.053856655454184665, 0.02020386771167967, -0.09015797230534192], [0.02020386771167967, 0.01661979846597674, -0.0340953681103067], [-0.09015797230534192, -0.034095368110306695, 0.190354227449874]], "chi2_level": 0.997, "chi2_df": 3, "chi2_threshold": 13.931422665512084, "N_raw": 140, "N_roi": 140, "N_inlier": 137, "refit": true}
{"timestamp": "17:36:51.662562", "frame": 67, "mu": [-1.3458201037312716, 1.3887232259105144, 1.2644274809682448], "Sigma": [[0.04459558893349935, 0.021650448502727924, -0.07538665143064158], [0.021650448502727924, 0.019992903558647447, -0.03797356894130221], [-0.07538665143064158, -0.03797356894130221, 0.23038593444013092]], "chi2_level": 0.997, "chi2_df": 3, "chi2_threshold": 13.931422665512084, "N_raw": 150, "N_roi": 150, "N_inlier": 148, "refit": true}
{"timestamp": "17:36:51.716474", "frame": 68, "mu": [-1.3948706903757828, 1.3505775256234984, 1.1642278472088585], "Sigma": [[0.068684536124835, 0.037254215964797, -0.08436353409130026], [0.037254215964797, 0.03480595539567577, -0.04668759917440328], [-0.08436353409130026, -0.04668759917440328, 0.25541198582003416]], "chi2_level": 0.997, "chi2_df": 3, "chi2_threshold": 13.931422665512084, "N_raw": 133, "N_roi": 133, "N_inlier": 132, "refit": true}
{"timestamp": "17:36:51.767509", "frame": 69, "mu": [-1.3507679260822107, 1.465215950410083, 1.0688366385211894], "Sigma": [[0.040587478386402344, 0.022616958449237924, -0.06371251132029356], [0.022616958449237924, 0.021558266210821, -0.058949299298481285], [-0.06371251132029354, -0.05894929929848128, 0.22167587148626877]], "chi2_level": 0.997, "chi2_df": 3, "chi2_threshold": 13.931422665512084, "N_raw": 113, "N_roi": 113, "N_inlier": 110, "refit": true}
{"timestamp": "17:36:51.817604", "frame": 70, "mu": [-1.5065101363348519, 1.450603724103236, 1.4814363988072918], "Sigma": [[0.045646164123366556, 0.026072153257308467, -0.04933385533620843], [0.026072153257308467, 0.020046043177180225, -0.03457315697105354], [-0.04933385533620843, -0.03457315697105354, 0.09386492299283172]], "chi2_level": 0.997, "chi2_df": 3, "chi2_threshold": 13.931422665512084, "N_raw": 80, "N_roi": 80, "N_inlier": 77, "refit": true}
{"timestamp": "17:36:51.870811", "frame": 71, "mu": [-1.4493328717455505, 1.5714122550113208, 1.2862348302207813], "Sigma": [[0.04053459922119331, 0.018539920768458524, -0.031615142405835475], [0.01853992076845852, 0.010803637870017683, -0.020308958190405228], [-0.031615142405835475, -0.020308958190405228, 0.05737520227330315]], "chi2_level": 0.997, "chi2_df": 3, "chi2_threshold": 13.931422665512084, "N_raw": 79, "N_roi": 79, "N_inlier": 75, "refit": true}
{"timestamp": "17:36:51.925566", "frame": 72, "mu": [-1.4687198329703126, 1.6061580543695042, 1.3266679847333147], "Sigma": [[0.04372104080742039, 0.024116608789136327, -0.04240804998930622], [0.024116608789136327, 0.025875280588653963, -0.015421999330736487], [-0.04240804998930622, -0.015421999330736489, 0.0741551744176561]], "chi2_level": 0.997, "chi2_df": 3, "chi2_threshold": 13.931422665512084, "N_raw": 70, "N_roi": 70, "N_inlier": 68, "refit": true}
{"timestamp": "17:36:51.982461", "frame": 73, "mu": [-1.5110849620244178, 1.7208088808409192, 1.4894733992807874], "Sigma": [[0.03745995242405603, 0.017302120704081582, -0.030155455786874667], [0.017302120704081582, 0.019297745309958522, -0.018086646919452984], [-0.030155455786874667, -0.01808664691945298, 0.047316272761819655]], "chi2_level": 0.997, "chi2_df": 3, "chi2_threshold": 13.931422665512084, "N_raw": 84, "N_roi": 84, "N_inlier": 82, "refit": true}
{"timestamp": "17:36:52.040533", "frame": 74, "mu": [-1.5351333819927797, 1.7462692506460304, 1.286857436352519], "Sigma": [[0.05044201245289641, 0.026330845846838, -0.020655212454866505], [0.026330845846837998, 0.019150390728827904, -0.017090169526965557], [-0.020655212454866505, -0.017090169526965557, 0.05093213745927113]], "chi2_level": 0.997, "chi2_df": 3, "chi2_threshold": 13.931422665512084, "N_raw": 103, "N_roi": 103, "N_inlier": 100, "refit": true}
{"timestamp": "17:36:52.092447", "frame": 75, "mu": [-1.5648393283407693, 1.8675040394663263, 1.3894847663935794], "Sigma": [[0.030216467233717074, 0.018721843980359698, -0.026708530699616748], [0.018721843980359698, 0.015863541223295037, -0.021189720699694985], [-0.026708530699616748, -0.021189720699694985, 0.08541810056733373]], "chi2_level": 0.997, "chi2_df": 3, "chi2_threshold": 13.931422665512084, "N_raw": 83, "N_roi": 83, "N_inlier": 81, "refit": true}
{"timestamp": "17:36:52.150042", "frame": 76, "mu": [-1.7598072483978602, 1.738577133680197, 1.178505037516503], "Sigma": [[0.07457425366119416, 0.06105720818183119, -0.01316325034494983], [0.06105720818183119, 0.05608343495399351, -0.022113929151798092], [-0.01316325034494983, -0.022113929151798092, 0.07400503593442898]], "chi2_level": 0.997, "chi2_df": 3, "chi2_threshold": 13.931422665512084, "N_raw": 94, "N_roi": 93, "N_inlier": 91, "refit": true}
{"timestamp": "17:36:52.194577", "frame": 77, "mu": [-1.5516410134205934, 2.158691661388164, -0.35108009285799596], "Sigma": [[0.004946943633207512, -0.00014404624528262342, 0.0037654302011942645], [-0.0001440462452826232, 0.02117527985792817, -0.05684188403618198], [0.0037654302011942637, -0.05684188403618198, 0.17041193228896803]], "chi2_level": 0.997, "chi2_df": 3, "chi2_threshold": 13.931422665512084, "N_raw": 28, "N_roi": 28, "N_inlier": 27, "refit": true}
{"timestamp": "17:36:52.255215", "frame": 78, "mu": [-1.5171529054296713, 2.081224957236185, 1.3505508683081893], "Sigma": [[0.011107520491859741, 0.0018927880882614251, -0.004753353251599757], [0.0018927880882614251, 0.00861984117130036, -0.0038745266152050584], [-0.004753353251599757, -0.0038745266152050584, 0.03451251274548194]], "chi2_level": 0.997, "chi2_df": 3, "chi2_threshold": 13.931422665512084, "N_raw": 69, "N_roi": 69, "N_inlier": 65, "refit": true}
{"timestamp": "17:36:52.308937", "frame": 79, "mu": [-1.5271946383691595, 2.119263836263623, 1.2514926820508319], "Sigma": [[0.014113945587653883, 0.003441816705452886, 0.010905625915487223], [0.0034418167054528857, 0.005288927648368813, -0.0051782187479535845], [0.010905625915487223, -0.0051782187479535845, 0.08543947281532785]], "chi2_level": 0.997, "chi2_df": 3, "chi2_threshold": 13.931422665512084, "N_raw": 55, "N_roi": 55, "N_inlier": 53, "refit": true}
{"timestamp": "17:36:52.357010", "frame": 80, "mu": [-1.664946160487602, 2.1920067335006785, 0.8101972724908268], "Sigma": [[0.028999873148395958, -0.0026687294680527098, 0.04352766577324345], [-0.0026687294680527098, 0.009001050105499802, -0.026263908836550314], [0.043527665773243435, -0.026263908836550314, 0.3084043062221398]], "chi2_level": 0.997, "chi2_df": 3, "chi2_threshold": 13.931422665512084, "N_raw": 11, "N_roi": 11, "N_inlier": 11, "refit": true}
{"timestamp": "17:36:52.412903", "frame": 81, "mu": [-1.5736637504954574, 2.2477881913283624, 1.0821997480268073], "Sigma": [[0.005564864858272628, 0.0006317209065273688, 0.030894834816096884], [0.0006317209065273688, 0.0067933997182863465, 0.02243375200486243], [0.030894834816096884, 0.02243375200486243, 0.4409180362250103]], "chi2_level": 0.997, "chi2_df": 3, "chi2_threshold": 13.931422665512084, "N_raw": 18, "N_roi": 18, "N_inlier": 18, "refit": true}
{"timestamp": "17:36:52.474758", "frame": 82, "mu": [-1.5996078594196068, 2.350587330818405, -0.18071868886131082], "Sigma": [[0.009210553812589483, 0.0041810248264347386, -0.00593334979724063], [0.0041810248264347386, 0.017547395183766606, -0.03286365443986371], [-0.00593334979724063, -0.03286365443986371, 0.07250930761973637]], "chi2_level": 0.997, "chi2_df": 3, "chi2_threshold": 13.931422665512084, "N_raw": 60, "N_roi": 60, "N_inlier": 58, "refit": true}
{"timestamp": "17:36:52.527504", "frame": 83, "mu": [-1.6055108764330137, 2.2996938071279107, 1.2918866948997203], "Sigma": [[0.008008654658030573, 0.0012427748629179718, -0.002114731162757377], [0.0012427748629179718, 0.00595166890902673, -0.00212993986175513], [-0.0021147311627573756, -0.002129939861755129, 0.15354579895742335]], "chi2_level": 0.997, "chi2_df": 3, "chi2_threshold": 13.931422665512084, "N_raw": 49, "N_roi": 49, "N_inlier": 47, "refit": true}
{"timestamp": "17:36:52.635183", "frame": 85, "mu": [-1.6597223963189238, 2.425242880005672, 1.271271642537973], "Sigma": [[0.009302156210512358, 0.0030405452853546526, -0.01154166191132582], [0.0030405452853546535, 0.003995630835183442, -0.005833600195129384], [-0.011541661911325819, -0.005833600195129384, 0.02226225122682703]], "chi2_level": 0.997, "chi2_df": 3, "chi2_threshold": 13.931422665512084, "N_raw": 36, "N_roi": 36, "N_inlier": 35, "refit": true}
{"timestamp": "17:36:52.693667", "frame": 86, "mu": [-1.691697547727761, 2.456420188130556, 1.4685537114000848], "Sigma": [[0.014044677387226963, 0.0018489757301588111, -0.015288282336518914], [0.0018489757301588118, 0.007377099801081076, -0.0020140565337773224], [-0.015288282336518914, -0.002014056533777322, 0.03881897728757793]], "chi2_level": 0.997, "chi2_df": 3, "chi2_threshold": 13.931422665512084, "N_raw": 59, "N_roi": 59, "N_inlier": 56, "refit": true}
{"timestamp": "17:36:52.748495", "frame": 87, "mu": [-1.6722561852368363, 2.5576006291561266, 1.206523491078157], "Sigma": [[0.0078694227647292, 0.0028491285205228412, -0.0058577842916180504], [0.0028491285205228412, 0.006487425424356103, -0.005591450867757264], [-0.0058577842916180504, -0.005591450867757263, 0.09571833580656405]], "chi2_level": 0.997, "chi2_df": 3, "chi2_threshold": 13.931422665512084, "N_raw": 53, "N_roi": 53, "N_inlier": 51, "refit": true}
{"timestamp": "17:36:52.804175", "frame": 88, "mu": [-1.7144917286492056, 2.6249098049451454, 1.0965939274280536], "Sigma": [[0.009521889274904148, 0.0022774073856414944, 0.011897428855617224], [0.002277407385641494, 0.004807516972552451, -0.005930515684150169], [0.011897428855617223, -0.005930515684150169, 0.13532855670264884]], "chi2_level": 0.997, "chi2_df": 3, "chi2_threshold": 13.931422665512084, "N_raw": 58, "N_roi": 58, "N_inlier": 58, "refit": true}
{"timestamp": "17:36:52.853896", "frame": 89, "mu": [-1.6776877471044795, 2.693860292073317, 1.255889538595777], "Sigma": [[0.006318666050446203, 0.00046519057116423227, 0.010224037087421131], [0.0004651905711642322, 0.004287360914578466, -0.010346899586761337], [0.010224037087421131, -0.010346899586761337, 0.1347838623754644]], "chi2_level": 0.997, "chi2_df": 3, "chi2_threshold": 13.931422665512084, "N_raw": 28, "N_roi": 28, "N_inlier": 28, "refit": true}
{"timestamp": "17:36:52.915729", "frame": 90, "mu": [-1.6826083681940378, 2.8734402351655874, -0.269439339659617], "Sigma": [[0.01678856992036051, -0.0010362509743780108, 0.0055967357975177], [-0.0010362509743780113, 0.018298818744313078, -0.0320657658359247], [0.005596735797517701, -0.0320657658359247, 0.06241074883625356]], "chi2_level": 0.997, "chi2_df": 3, "chi2_threshold": 13.931422665512084, "N_raw": 74, "N_roi": 74, "N_inlier": 73, "refit": true}
{"timestamp": "17:36:52.972687", "frame": 91, "mu": [-1.6868038656300643, 2.7444790757042297, 1.0355961219087635], "Sigma": [[0.020233907056067084, 0.003806129234859349, 0.011203001436864939], [0.003806129234859349, 0.005915086688850919, -0.00972619519860176], [0.011203001436864939, -0.00972619519860176, 0.0670544456593439]], "chi2_level": 0.997, "chi2_df": 3, "chi2_threshold": 13.931422665512084, "N_raw": 64, "N_roi": 64, "N_inlier": 63, "refit": true}
{"timestamp": "17:36:53.017368", "frame": 92, "mu": [-1.763316831915537, 2.8144589836197724, 0.7908268527884121], "Sigma": [[0.008094082621891194, -0.0035498043902311913, 0.01973430167301035], [-0.003549804390231192, 0.004889268814869608, -0.01092176525035157], [0.01973430167301035, -0.01092176525035157, 0.3222197466824355]], "chi2_level": 0.997, "chi2_df": 3, "chi2_threshold": 13.931422665512084, "N_raw": 14, "N_roi": 14, "N_inlier": 14, "refit": true}
{"timestamp": "17:36:53.076989", "frame": 93, "mu": [-1.7343977609850005, 2.8315264381347935, 0.8944182201463663], "Sigma": [[0.017964731595282488, 0.002345891253895941, 0.039347138621253004], [0.002345891253895941, 0.002348702744472097, -0.001900584587048441], [0.039347138621253004, -0.0019005845870484423, 0.19073268511251237]], "chi2_level": 0.997, "chi2_df": 3, "chi2_threshold": 13.931422665512084, "N_raw": 48, "N_roi": 48, "N_inlier": 47, "refit": true}
{"timestamp": "17:36:53.186813", "frame": 95, "mu": [-1.717135689155653, 3.0979007222529877, 0.01270319063218463], "Sigma": [[0.014279770724206725, 0.004953440347140738, -0.003261614153888451], [0.004953440347140738, 0.006222669509836845, -0.01255264787028846], [-0.003261614153888451, -0.01255264787028846, 0.036286777210575535]], "chi2_level": 0.997, "chi2_df": 3, "chi2_threshold": 13.931422665512084, "N_raw": 39, "N_roi": 39, "N_inlier": 37, "refit": true}
{"timestamp": "17:36:53.243443", "frame": 96, "mu": [-1.756959625535698, 3.051273949943355, 1.1362640059466573], "Sigma": [[0.01738366585155877, 0.007699427779407811, 0.02397172555473536], [0.007699427779407811, 0.00642804392905053, 0.01691395414335991], [0.02397172555473536, 0.01691395414335991, 0.15431523341224965]], "chi2_level": 0.997, "chi2_df": 3, "chi2_threshold": 13.931422665512084, "N_raw": 59, "N_roi": 59, "N_inlier": 58, "refit": true}
{"timestamp": "17:36:53.295722", "frame": 97, "mu": [-1.7262718302939333, 3.0642374761120523, 0.9171957345226156], "Sigma": [[0.020615102156499022, 0.0013331565235316727, 0.022696359345900138], [0.0013331565235316725, 0.00157509047308313, -0.0023723645173562248], [0.02269635934590014, -0.0023723645173562248, 0.094270079694596]], "chi2_level": 0.997, "chi2_df": 3, "chi2_threshold": 13.931422665512084, "N_raw": 36, "N_roi": 36, "N_inlier": 36, "refit": true}
{"timestamp": "17:36:53.353248", "frame": 98, "mu": [-1.7398284527650596, 3.166894694193585, 1.002961807454888], "Sigma": [[0.04321949962502414, 0.010886041238682493, 0.03741876460544258], [0.010886041238682493, 0.0035293938356511356, 0.006029804437360113], [0.03741876460544257, 0.006029804437360113, 0.08268266966914051]], "chi2_level": 0.997, "chi2_df": 3, "chi2_threshold": 13.931422665512084, "N_raw": 56, "N_roi": 56, "N_inlier": 53, "refit": true}
{"timestamp": "17:36:53.404513", "frame": 99, "mu": [-1.5916687942701202, 3.2530737510432326, 1.276536058990633], "Sigma": [[0.012150380730759238, 0.0010152805867142819, -0.016388130090746526], [0.0010152805867142817, 0.001575831716064344, -0.005850187238854698], [-0.016388130090746526, -0.005850187238854698, 0.07070603219010248]], "chi2_level": 0.997, "chi2_df": 3, "chi2_threshold": 13.931422665512084, "N_raw": 29, "N_roi": 29, "N_inlier": 26, "refit": true}
{"timestamp": "17:36:53.597771", "frame": 100, "mu": [-1.5412248272780282, 3.292132760771257, 1.3253733988845031], "Sigma": [[0.01855971379080457, 0.0036854432690779345, -0.00818883332858831], [0.0036854432690779345, 0.004678816746966397, -0.011093845677948154], [-0.00818883332858831, -0.011093845677948152, 0.0850707304442244]], "chi2_level": 0.997, "chi2_df": 3, "chi2_threshold": 13.931422665512084, "N_raw": 55, "N_roi": 55, "N_inlier": 53, "refit": true}
{"timestamp": "17:36:53.616438", "frame": 101, "mu": [-1.5645134253317778, 3.346444222706503, 1.0705447115734295], "Sigma": [[0.03824185629712182, 0.0012080941481790446, 0.03817649453713161], [0.0012080941481790444, 0.002374645193482434, -0.010065177066628414], [0.0381764945371316, -0.010065177066628414, 0.14918678262203472]], "chi2_level": 0.997, "chi2_df": 3, "chi2_threshold": 13.931422665512084, "N_raw": 54, "N_roi": 52, "N_inlier": 52, "refit": true}
{"timestamp": "17:36:53.653981", "frame": 102, "mu": [-1.4713916255700372, 3.487899812284803, 0.0201204050586345], "Sigma": [[0.01497693761392276, -0.0004062306952257805, 0.003940984169022457], [-0.0004062306952257806, 0.026375137387645256, -0.0741099612760504], [0.0039409841690224556, -0.0741099612760504, 0.2339709399861832]], "chi2_level": 0.997, "chi2_df": 3, "chi2_threshold": 13.931422665512084, "N_raw": 42, "N_roi": 42, "N_inlier": 41, "refit": true}
{"timestamp": "17:36:53.705931", "frame": 104, "mu": [-1.3846542615193576, 3.41343226898917, 0.9855634465391674], "Sigma": [[0.012190829079451983, 0.0005939633170223653, -0.005258092598508327], [0.0005939633170223653, 0.001626878183832424, -0.0016558853386435591], [-0.005258092598508328, -0.0016558853386435593, 0.050441444115362374]], "chi2_level": 0.997, "chi2_df": 3, "chi2_threshold": 13.931422665512084, "N_raw": 29, "N_roi": 29, "N_inlier": 29, "refit": true}
{"timestamp": "17:36:53.739292", "frame": 105, "mu": [-1.4035476156677424, 3.5182380303435585, 1.2929831100902358], "Sigma": [[0.018487904870991743, 0.0025498746207531326, -0.02106257197343272], [0.0025498746207531326, 0.0032992198774026496, -0.004736716377010612], [-0.02106257197343272, -0.004736716377010612, 0.02743335291822085]], "chi2_level": 0.997, "chi2_df": 3, "chi2_threshold": 13.931422665512084, "N_raw": 38, "N_roi": 38, "N_inlier": 38, "refit": true}
