{"timestamp": "17:22:02.584971", "frame": 20, "mu": [0.5792406791417171, 4.930925553622971, 0.508608790867597], "Sigma": [[0.028970622380993332, -0.007340384198782565, -0.014479233268053327], [-0.007340384198782565, 0.0020496840245306635, 0.00404266545576875], [-0.014479233268053329, 0.00404266545576875, 0.045977978507476765]], "chi2_level": 0.997, "chi2_df": 3, "chi2_threshold": 13.931422665512084, "N_raw": 40, "N_roi": 37, "N_inlier": 36, "refit": true}
{"timestamp": "17:22:02.640045", "frame": 21, "mu": [0.603087375426113, 4.939261642807539, 0.48369093982018574], "Sigma": [[0.029867624728917512, -0.004550273200743275, -0.01305505279485402], [-0.004550273200743275, 0.0013320112913530193, 0.0016726908801728549], [-0.01305505279485402, 0.0016726908801728549, 0.008960673906777026]], "chi2_level": 0.997, "chi2_df": 3, "chi2_threshold": 13.931422665512084, "N_raw": 35, "N_roi": 21, "N_inlier": 21, "refit": true}
{"timestamp": "17:22:02.749427", "frame": 23, "mu": [0.5738829256273926, 4.94500072380626, 0.7355590267769997], "Sigma": [[0.021810009029872582, -0.0024548069978396958, -0.002635926576022421], [-0.0024548069978396958, 0.0007934437867146207, -0.0016212884514375336], [-0.0026359265760224214, -0.0016212884514375334, 0.012057609700462582]], "chi2_level": 0.997, "chi2_df": 3, "chi2_threshold": 13.931422665512084, "N_raw": 35, "N_roi": 25, "N_inlier": 24, "refit": true}
{"timestamp": "17:22:02.858820", "frame": 25, "mu": [0.6691900534821251, 4.92367380467694, 0.22154394510585054], "Sigma": [[0.010711081781939328, -0.0006608077406071232, -0.007382410482046998], [-0.0006608077406071232, 0.0014116470910133236, -0.0002460248952826181], [-0.007382410482046998, -0.0002460248952826183, 0.00696349223352367]], "chi2_level": 0.997, "chi2_df": 3, "chi2_threshold": 13.931422665512084, "N_raw": 17, "N_roi": 11, "N_inlier": 11, "refit": true}
{"timestamp": "17:22:02.918303", "frame": 26, "mu": [0.5880043254974877, 4.823103417590412, 0.8696616215624566], "Sigma": [[0.028523775260955866, -0.00608121465796167, -0.015617905540865496], [-0.006081214657961669, 0.0026957039216889116, 0.00019579199616836585], [-0.015617905540865496, 0.00019579199616836563, 0.019638514478473246]], "chi2_level": 0.997, "chi2_df": 3, "chi2_threshold": 13.931422665512084, "N_raw": 47, "N_roi": 39, "N_inlier": 38, "refit": true}
{"timestamp": "17:22:02.969739", "frame": 27, "mu": [0.6016782428887878, 4.768888969776147, 0.8154034924219591], "Sigma": [[0.01716088655847487, -0.0027550645702784666, -0.005197929214565793], [-0.0027550645702784666, 0.0016916683258158276, -0.0011836590329290374], [-0.0051979292145657935, -0.0011836590329290374, 0.008175918336785533]], "chi2_level": 0.997, "chi2_df": 3, "chi2_threshold": 13.931422665512084, "N_raw": 23, "N_roi": 22, "N_inlier": 22, "refit": true}
{"timestamp": "17:22:03.026928", "frame": 28, "mu": [0.5494051406548138, 4.733479679613959, 0.6999869236929829], "Sigma": [[0.02739525940575976, -0.0036008202994844045, -0.00793582925111629], [-0.0036008202994844045, 0.0029565784868488152, 0.000827822116467451], [-0.00793582925111629, 0.0008278221164674511, 0.004441475576387054]], "chi2_level": 0.997, "chi2_df": 3, "chi2_threshold": 13.931422665512084, "N_raw": 41, "N_roi": 35, "N_inlier": 34, "refit": true}
{"timestamp": "17:22:03.082811", "frame": 29, "mu": [0.6387693507163887, 4.689812431035426, 0.780884492490626], "Sigma": [[0.03367766326038782, -0.009375853383649966, -0.042320559522832646], [-0.009375853383649966, 0.005090118422014328, 0.008682495391339827], [-0.042320559522832646, 0.008682495391339827, 0.06319262160588626]], "chi2_level": 0.997, "chi2_df": 3, "chi2_threshold": 13.931422665512084, "N_raw": 49, "N_roi": 49, "N_inlier": 48, "refit": true}
{"timestamp": "17:22:03.188355", "frame": 31, "mu": [0.5133120961229962, 4.622689929629059, 0.9411333830659854], "Sigma": [[0.019490883556430832, -0.0059416766516801126, -0.020479212239102332], [-0.0059416766516801126, 0.002773426807598866, 0.005099396826506087], [-0.020479212239102332, 0.005099396826506087, 0.026109849760924154]], "chi2_level": 0.997, "chi2_df": 3, "chi2_threshold": 13.931422665512084, "N_raw": 26, "N_roi": 24, "N_inlier": 23, "refit": true}
{"timestamp": "17:22:03.247544", "frame": 32, "mu": [0.536476779457392, 4.701511264719458, 0.2013302990671427], "Sigma": [[0.02520110618527277, -0.0001458409856889814, -0.02475097975745024], [-0.00014584098568898123, 0.0033993832457720466, -0.002972559100733888], [-0.02475097975745024, -0.002972559100733888, 0.02866294980580168]], "chi2_level": 0.997, "chi2_df": 3, "chi2_threshold": 13.931422665512084, "N_raw": 43, "N_roi": 39, "N_inlier": 37, "refit": true}
{"timestamp": "17:22:03.303435", "frame": 33, "mu": [0.6135089622403076, 4.491162818957622, 0.7667830293629139], "Sigma": [[0.03802403336600731, -0.009810523060207941, -0.039738131491207404], [-0.00981052306020794, 0.004182479570645951, 0.006866095618340261], [-0.039738131491207404, 0.006866095618340262, 0.058226946777758]], "chi2_level": 0.997, "chi2_df": 3, "chi2_threshold": 13.931422665512084, "N_raw": 55, "N_roi": 55, "N_inlier": 55, "refit": true}
{"timestamp": "17:22:03.360993", "frame": 34, "mu": [0.6502297283815933, 4.424954330748665, 0.7005573138140493], "Sigma": [[0.03988334706159587, -0.015608418719574513, -0.06599440725594909], [-0.015608418719574513, 0.007718219989880179, 0.022252947389908295], [-0.06599440725594909, 0.022252947389908295, 0.14666207232349934]], "chi2_level": 0.997, "chi2_df": 3, "chi2_threshold": 13.931422665512084, "N_raw": 69, "N_roi": 65, "N_inlier": 65, "refit": true}
{"timestamp": "17:22:03.412369", "frame": 35, "mu": [0.787926612173691, 4.584484312969042, -0.48409250032503454], "Sigma": [[0.03214889077945296, -0.005661059928718421, -0.01678155434981548], [-0.005661059928718421, 0.00380750933202064, 0.001118095425468831], [-0.01678155434981548, 0.001118095425468831, 0.012771628673935949]], "chi2_level": 0.997, "chi2_df": 3, "chi2_threshold": 13.931422665512084, "N_raw": 43, "N_roi": 43, "N_inlier": 43, "refit": true}
{"timestamp": "17:22:03.465709", "frame": 36, "mu": [0.6563360117628668, 4.259861539796292, 0.34349464144620334], "Sigma": [[0.029600619732039313, -0.012095407832615913, -0.027843004835922048], [-0.012095407832615913, 0.005845354421218292, 0.010500483762433734], [-0.027843004835922048, 0.010500483762433734, 0.04505359607146674]], "chi2_level": 0.997, "chi2_df": 3, "chi2_threshold": 13.931422665512084, "N_raw": 43, "N_roi": 43, "N_inlier": 43, "refit": true}
{"timestamp": "17:22:03.523373", "frame": 37, "mu": [0.6446197489879553, 4.279342730938688, 0.7010813287741908], "Sigma": [[0.03175543136640092, -0.0059920513597547, -0.02101699951616146], [-0.0059920513597547, 0.0026980402673380463, 0.000660228266399077], [-0.02101699951616146, 0.0006602282663990771, 0.025306588363106352]], "chi2_level": 0.997, "chi2_df": 3, "chi2_threshold": 13.931422665512084, "N_raw": 52, "N_roi": 52, "N_inlier": 52, "refit": true}
{"timestamp": "17:22:03.573241", "frame": 38, "mu": [0.7730762929207542, 4.259555704879836, -0.9704078805932197], "Sigma": [[0.00811851559398498, 0.0060140686481339, 0.02847425254142026], [0.0060140686481339, 0.0077370701167381135, 0.039525711765146146], [0.028474252541420254, 0.039525711765146146, 0.2515168529143572]], "chi2_level": 0.997, "chi2_df": 3, "chi2_threshold": 13.931422665512084, "N_raw": 11, "N_roi": 11, "N_inlier": 11, "refit": true}
{"timestamp": "17:22:03.633793", "frame": 39, "mu": [0.6748743142041436, 4.148947040162755, 0.8020886046348523], "Sigma": [[0.027986826314684864, -0.007207255517569653, -0.019401734731185484], [-0.007207255517569653, 0.005433791815907053, -0.00024373285655773487], [-0.019401734731185484, -0.00024373285655773498, 0.024842998862836516]], "chi2_level": 0.997, "chi2_df": 3, "chi2_threshold": 13.931422665512084, "N_raw": 64, "N_roi": 64, "N_inlier": 64, "refit": true}
{"timestamp": "17:22:03.688257", "frame": 40, "mu": [0.7144806761076024, 4.099930260777091, 0.7877574950078169], "Sigma": [[0.023709185636867556, -0.005313530279783969, -0.004229196762014687], [-0.005313530279783969, 0.003000847135606179, -0.003688702293337912], [-0.004229196762014687, -0.0036887022933379124, 0.017109448358864816]], "chi2_level": 0.997, "chi2_df": 3, "chi2_threshold": 13.931422665512084, "N_raw": 51, "N_roi": 51, "N_inlier": 51, "refit": true}
{"timestamp": "17:22:03.740581", "frame": 41, "mu": [0.6675699227005645, 4.013888425015137, 0.6310205751447973], "Sigma": [[0.013188234930672636, -0.003718806337508264, -0.006939719101493109], [-0.003718806337508264, 0.0017821553333278177, 1.4008384078833223e-05], [-0.006939719101493109, 1.4008384078833223e-05, 0.020196205580922427]], "chi2_level": 0.997, "chi2_df": 3, "chi2_threshold": 13.931422665512084, "N_raw": 32, "N_roi": 32, "N_inlier": 31, "refit": true}
{"timestamp": "17:22:03.797704", "frame": 42, "mu": [0.6368328432831509, 4.027134754537949, 0.8012105559116649], "Sigma": [[0.024041254606202454, -0.006055136075200555, -0.015136171607230128], [-0.006055136075200555, 0.003698084692679793, 0.0006761951798958352], [-0.015136171607230128, 0.0006761951798958351, 0.01874689749828935]], "chi2_level": 0.997, "chi2_df": 3, "chi2_threshold": 13.931422665512084, "N_raw": 50, "N_roi": 50, "N_inlier": 48, "refit": true}
{"timestamp": "17:22:03.852497", "frame": 43, "mu": [0.6585467823238951, 3.870585719921571, 0.6911434018760302], "Sigma": [[0.01619576895390188, -0.003398244349187225, 0.0022837332061082715], [-0.003398244349187225, 0.0010560141484458707, 0.0005575340283878068], [0.0022837332061082715, 0.0005575340283878068, 0.05325192239560814]], "chi2_level": 0.997, "chi2_df": 3, "chi2_threshold": 13.931422665512084, "N_raw": 45, "N_roi": 45, "N_inlier": 43, "refit": true}
{"timestamp": "17:22:03.904093", "frame": 44, "mu": [0.6170382978829543, 3.9252218189299355, 0.6822326920231245], "Sigma": [[0.015375054303270849, -0.0039525292038095974, -0.004407448031116243], [-0.0039525292038095974, 0.0032348688599800786, 0.0019748710577605524], [-0.004407448031116243, 0.0019748710577605524, 0.010854602552412641]], "chi2_level": 0.997, "chi2_df": 3, "chi2_threshold": 13.931422665512084, "N_raw": 24, "N_roi": 24, "N_inlier": 23, "refit": true}
{"timestamp": "17:22:03.956246", "frame": 45, "mu": [0.5458945212546993, 3.8473506384905405, 0.7672139053607727], "Sigma": [[0.005980558046082541, -0.0008956053923504301, 0.001453226217915772], [-0.0008956053923504301, 0.0023056875146185217, -0.004415434326649171], [0.0014532262179157722, -0.004415434326649171, 0.01236050407148969]], "chi2_level": 0.997, "chi2_df": 3, "chi2_threshold": 13.931422665512084, "N_raw": 12, "N_roi": 12, "N_inlier": 12, "refit": true}
{"timestamp": "17:22:04.017870", "frame": 46, "mu": [0.6108774611944069, 3.739799007720585, 0.6228545637307379], "Sigma": [[0.017622719354731017, -0.0043131097274451136, -0.0016230445928437673], [-0.0043131097274451136, 0.0016374582683222165, 0.004105575558666593], [-0.0016230445928437677, 0.004105575558666592, 0.07903745120302755]], "chi2_level": 0.997, "chi2_df": 3, "chi2_threshold": 13.931422665512084, "N_raw": 58, "N_roi": 58, "N_inlier": 57, "refit": true}
{"timestamp": "17:22:04.072863", "frame": 47, "mu": [0.6184119652211055, 3.9311039774322762, -0.5490687281094122], "Sigma": [[0.023373655982690505, -0.0030096960920023845, 0.0022709737257237427], [-0.0030096960920023845, 0.004993385685902766, -0.0012651253999221537], [0.0022709737257237423, -0.0012651253999221537, 0.001266737711197206]], "chi2_level": 0.997, "chi2_df": 3, "chi2_threshold": 13.931422665512084, "N_raw": 54, "N_roi": 54, "N_inlier": 53, "refit": true}
{"timestamp": "17:22:04.129814", "frame": 48, "mu": [0.6515004761177978, 3.6164645588785147, 0.6894822769760598], "Sigma": [[0.02146745386783551, -0.003281894155484981, -0.0033374569607804543], [-0.003281894155484981, 0.0017343425755545383, 0.005099869654026892], [-0.0033374569607804547, 0.005099869654026892, 0.08673399471104586]], "chi2_level": 0.997, "chi2_df": 3, "chi2_threshold": 13.931422665512084, "N_raw": 68, "N_roi": 68, "N_inlier": 67, "refit": true}
{"timestamp": "17:22:04.182993", "frame": 49, "mu": [0.6180289506939848, 3.555699810081485, 0.5844088422393846], "Sigma": [[0.01650827225792571, -0.005618739884565079, -0.009562296118364396], [-0.005618739884565079, 0.0022097327428814116, 0.004300820831821853], [-0.009562296118364394, 0.004300820831821852, 0.04952014262433582]], "chi2_level": 0.997, "chi2_df": 3, "chi2_threshold": 13.931422665512084, "N_raw": 49, "N_roi": 49, "N_inlier": 49, "refit": true}
{"timestamp": "17:22:04.232664", "frame": 50, "mu": [0.6556362156364122, 3.4774520950148533, 0.6785416772615084], "Sigma": [[0.0018570628722805336, -0.00046472437233105907, -0.0011775432009730959], [-0.0004647243723310591, 0.0008801237603075803, -0.0021226221915386363], [-0.0011775432009730959, -0.0021226221915386363, 0.013198790770241659]], "chi2_level": 0.997, "chi2_df": 3, "chi2_threshold": 13.931422665512084, "N_raw": 11, "N_roi": 11, "N_inlier": 11, "refit": true}
{"timestamp": "17:22:04.296355", "frame": 51, "mu": [0.6053031307450861, 3.4810947777799863, 0.8354965378300864], "Sigma": [[0.022912508362872945, -0.004685814369315974, -0.00590828764545937], [-0.004685814369315974, 0.0020564000845446333, -0.004347458412331766], [-0.005908287645459368, -0.004347458412331765, 0.03856324489598022]], "chi2_level": 0.997, "chi2_df": 3, "chi2_threshold": 13.931422665512084, "N_raw": 73, "N_roi": 73, "N_inlier": 72, "refit": true}
{"timestamp": "17:22:04.351460", "frame": 52, "mu": [0.6140743552423252, 3.4312840174794226, 0.909869636229746], "Sigma": [[0.02043414288105762, -0.0035132796993260712, -0.006379014676987137], [-0.003513279699326071, 0.002797624421314143, -0.005152272541160281], [-0.006379014676987137, -0.005152272541160281, 0.031150943416012624]], "chi2_level": 0.997, "chi2_df": 3, "chi2_threshold": 13.931422665512084, "N_raw": 71, "N_roi": 71, "N_inlier": 70, "refit": true}
{"timestamp": "17:22:04.406345", "frame": 53, "mu": [0.6741228605359976, 3.355337858209852, 0.7849110155732432], "Sigma": [[0.025518264025271922, -0.0075948384571681935, -0.02980292176862529], [-0.0075948384571681935, 0.005262692167797024, 0.0032062382450108555], [-0.02980292176862529, 0.003206238245010856, 0.051490610236453335]], "chi2_level": 0.997, "chi2_df": 3, "chi2_threshold": 13.931422665512084, "N_raw": 73, "N_roi": 73, "N_inlier": 73, "refit": true}
{"timestamp": "17:22:04.463786", "frame": 54, "mu": [0.6580058917171603, 3.30423847868259, 0.8643675887362552], "Sigma": [[0.03279421234468275, -0.012264819028136562, -0.04442744212701164], [-0.012264819028136562, 0.007508663051120717, 0.013625439810110511], [-0.04442744212701164, 0.013625439810110511, 0.08333416668808274]], "chi2_level": 0.997, "chi2_df": 3, "chi2_threshold": 13.931422665512084, "N_raw": 87, "N_roi": 87, "N_inlier": 84, "refit": true}
{"timestamp": "17:22:04.516978", "frame": 55, "mu": [0.6834854072649903, 3.2468151351906323, 0.7641424722929109], "Sigma": [[0.018054740958524964, -0.007200753681726253, -0.022589182492883362], [-0.007200753681726253, 0.005242151303168315, 0.003901757662433214], [-0.022589182492883362, 0.0039017576624332147, 0.0976459421359121]], "chi2_level": 0.997, "chi2_df": 3, "chi2_threshold": 13.931422665512084, "N_raw": 69, "N_roi": 69, "N_inlier": 67, "refit": true}
{"timestamp": "17:22:04.568852", "frame": 56, "mu": [0.6100264126298257, 3.2075121604185135, 0.7610280215246252], "Sigma": [[0.01368272441829988, -0.006057950973057537, -0.014278178264717646], [-0.006057950973057537, 0.0033732888763640155, 0.003905542524331026], [-0.014278178264717646, 0.003905542524331026, 0.03583839598965262]], "chi2_level": 0.997, "chi2_df": 3, "chi2_threshold": 13.931422665512084, "N_raw": 50, "N_roi": 50, "N_inlier": 47, "refit": true}
{"timestamp": "17:22:04.623569", "frame": 57, "mu": [0.6531877577527926, 3.175675253824932, 0.8451196287360194], "Sigma": [[0.01972215586582257, -0.0058045627508833166, -0.011935526889908643], [-0.0058045627508833166, 0.00403902359486807, 0.00023777409291104936], [-0.011935526889908645, 0.00023777409291104957, 0.016377353163806167]], "chi2_level": 0.997, "chi2_df": 3, "chi2_threshold": 13.931422665512084, "N_raw": 62, "N_roi": 62, "N_inlier": 59, "refit": true}
{"timestamp": "17:22:04.680215", "frame": 58, "mu": [0.6437107280387385, 3.111206181330912, 1.05050746857939], "Sigma": [[0.020143327358185276, -0.005120451104529715, -0.009260172412868133], [-0.005120451104529715, 0.004105322369811077, -0.0014194463430962756], [-0.00926017241286813, -0.0014194463430962753, 0.012637660179595231]], "chi2_level": 0.997, "chi2_df": 3, "chi2_threshold": 13.931422665512084, "N_raw": 67, "N_roi": 67, "N_inlier": 62, "refit": true}
{"timestamp": "17:22:04.739173", "frame": 59, "mu": [0.7091281433432787, 3.009728275429308, 0.6513157009444028], "Sigma": [[0.02081832263136189, -0.00805047409005943, -0.022053188683697465], [-0.00805047409005943, 0.005657395073693784, -0.0020244624731150115], [-0.022053188683697465, -0.0020244624731150115, 0.12913035244651974]], "chi2_level": 0.997, "chi2_df": 3, "chi2_threshold": 13.931422665512084, "N_raw": 93, "N_roi": 93, "N_inlier": 92, "refit": true}
{"timestamp": "17:22:04.796053", "frame": 60, "mu": [0.678397608159985, 2.9638881294659596, -0.6728784229921569], "Sigma": [[0.024984979710940637, -0.010394814501859008, 0.07097309856605463], [-0.010394814501859008, 0.008379384738353644, -0.04230154958418935], [0.07097309856605463, -0.04230154958418935, 0.6342699357842868]], "chi2_level": 0.997, "chi2_df": 3, "chi2_threshold": 13.931422665512084, "N_raw": 100, "N_roi": 98, "N_inlier": 97, "refit": true}
{"timestamp": "17:22:04.847245", "frame": 61, "mu": [0.7398931899822163, 2.854020413863071, 0.6892047276840589], "Sigma": [[0.022350870551871738, -0.007791301499712909, -0.02462418079636408], [-0.007791301499712909, 0.004173307340879025, 0.006994250987186437], [-0.02462418079636408, 0.006994250987186437, 0.06118311947597864]], "chi2_level": 0.997, "chi2_df": 3, "chi2_threshold": 13.931422665512084, "N_raw": 83, "N_roi": 83, "N_inlier": 81, "refit": true}
{"timestamp": "17:22:04.901357", "frame": 62, "mu": [0.6165206407991942, 2.8600633003335694, 0.8306397250882427], "Sigma": [[0.017222384661243283, -0.00375649134353619, -0.00818514822617521], [-0.00375649134353619, 0.003391557570480729, -0.0027878816884961827], [-0.00818514822617521, -0.0027878816884961827, 0.01669541329722547]], "chi2_level": 0.997, "chi2_df": 3, "chi2_threshold": 13.931422665512084, "N_raw": 73, "N_roi": 73, "N_inlier": 70, "refit": true}
{"timestamp": "17:22:04.957927", "frame": 63, "mu": [0.6091504433270704, 2.7972541687910732, 0.8096824567957721], "Sigma": [[0.026233686459142473, -0.0027658928913015233, -0.01216214060962231], [-0.0027658928913015237, 0.003854975338617588, -0.0018733411964852358], [-0.01216214060962231, -0.0018733411964852362, 0.01615974792105226]], "chi2_level": 0.997, "chi2_df": 3, "chi2_threshold": 13.931422665512084, "N_raw": 86, "N_roi": 86, "N_inlier": 82, "refit": true}
{"timestamp": "17:22:05.012932", "frame": 64, "mu": [0.583509891734229, 2.7634342352316685, -1.0154265520866026], "Sigma": [[0.017499877757449545, 0.0026265260258957496, 0.05019012712788332], [0.0026265260258957496, 0.008774772949691598, 0.004016526810171659], [0.05019012712788333, 0.004016526810171661, 0.43675960592427865]], "chi2_level": 0.997, "chi2_df": 3, "chi2_threshold": 13.931422665512084, "N_raw": 76, "N_roi": 76, "N_inlier": 76, "refit": true}
{"timestamp": "17:22:05.065362", "frame": 65, "mu": [0.5614402977427645, 2.732710872137577, 0.9112010479556398], "Sigma": [[0.01928215849771434, -0.006384876904519947, -0.007726236393386956], [-0.006384876904519947, 0.003752471770984117, -0.0003345522992581058], [-0.007726236393386956, -0.00033455229925810604, 0.014517555941320722]], "chi2_level": 0.997, "chi2_df": 3, "chi2_threshold": 13.931422665512084, "N_raw": 63, "N_roi": 63, "N_inlier": 60, "refit": true}
{"timestamp": "17:22:05.123455", "frame": 66, "mu": [0.6382026484385558, 2.660576090087658, 0.8525755315767598], "Sigma": [[0.024151284668143258, -0.00599003738354018, 0.00544792589246121], [-0.00599003738354018, 0.003691300287237668, -0.004818688913598358], [0.00544792589246121, -0.004818688913598358, 0.016812899298011167]], "chi2_level": 0.997, "chi2_df": 3, "chi2_threshold": 13.931422665512084, "N_raw": 84, "N_roi": 83, "N_inlier": 79, "refit": true}
{"timestamp": "17:22:05.178456", "frame": 67, "mu": [0.6529194102294579, 2.690098540565347, -0.9268599635486148], "Sigma": [[0.016423083880159173, 0.007470713590180034, 0.03846742359826011], [0.007470713590180034, 0.009947078715606864, 0.021743475661167785], [0.03846742359826011, 0.021743475661167785, 0.16658519278477316]], "chi2_level": 0.997, "chi2_df": 3, "chi2_threshold": 13.931422665512084, "N_raw": 84, "N_roi": 84, "N_inlier": 80, "refit": true}
{"timestamp": "17:22:05.238688", "frame": 68, "mu": [0.6306279578316188, 2.578737309496097, 0.8872971659634503], "Sigma": [[0.0369457479717507, -0.010044469145904157, -0.012445929629858039], [-0.010044469145904155, 0.005906672233292033, -0.002958003556119284], [-0.012445929629858039, -0.002958003556119284, 0.020556343797039234]], "chi2_level": 0.997, "chi2_df": 3, "chi2_threshold": 13.931422665512084, "N_raw": 119, "N_roi": 119, "N_inlier": 115, "refit": true}
{"timestamp": "17:22:05.288195", "frame": 69, "mu": [0.6673703388574543, 2.4862503255951705, 0.8973663575532738], "Sigma": [[0.017937867442337503, -0.003007088508177086, 0.0004819437806812322], [-0.003007088508177086, 0.002444892701453121, -0.004338880357987803], [0.00048194378068123193, -0.004338880357987804, 0.014191394320941778]], "chi2_level": 0.997, "chi2_df": 3, "chi2_threshold": 13.931422665512084, "N_raw": 77, "N_roi": 77, "N_inlier": 73, "refit": true}
{"timestamp": "17:22:05.343183", "frame": 70, "mu": [0.6741024482364014, 2.396294695723945, 0.8457055151309312], "Sigma": [[0.01257512476311113, -0.0032483963753687636, 0.005153943663471282], [-0.0032483963753687636, 0.0016715274733185856, -0.00213254782727753], [0.005153943663471282, -0.0021325478272775306, 0.09858157344657639]], "chi2_level": 0.997, "chi2_df": 3, "chi2_threshold": 13.931422665512084, "N_raw": 84, "N_roi": 84, "N_inlier": 82, "refit": true}
{"timestamp": "17:22:05.397561", "frame": 71, "mu": [0.6563162579119581, 2.3769833035929366, 1.0054431869718412], "Sigma": [[0.012921310763804327, -0.0036015257141433846, -0.0003234461419311793], [-0.003601525714143385, 0.0035285105474527163, -0.000779590154110036], [-0.00032344614193117864, -0.0007795901541100357, 0.031132608265868788]], "chi2_level": 0.997, "chi2_df": 3, "chi2_threshold": 13.931422665512084, "N_raw": 77, "N_roi": 77, "N_inlier": 72, "refit": true}
{"timestamp": "17:22:05.450466", "frame": 72, "mu": [0.657391368384309, 2.289722666398115, 0.858211839823043], "Sigma": [[0.011471421522554212, -0.004096493245421863, -0.003882784168972717], [-0.004096493245421863, 0.004385936374087974, 0.009564014903159068], [-0.003882784168972716, 0.009564014903159068, 0.08793649130039574]], "chi2_level": 0.997, "chi2_df": 3, "chi2_threshold": 13.931422665512084, "N_raw": 67, "N_roi": 67, "N_inlier": 65, "refit": true}
{"timestamp": "17:22:05.508642", "frame": 73, "mu": [0.6856912543617222, 2.387293808507653, -0.4155052912798517], "Sigma": [[0.013936477237532342, -0.00900967690204564, 0.045572936690821714], [-0.00900967690204564, 0.01636734943685632, -0.07107326084455651], [0.04557293669082172, -0.07107326084455651, 0.36741685286783]], "chi2_level": 0.997, "chi2_df": 3, "chi2_threshold": 13.931422665512084, "N_raw": 84, "N_roi": 84, "N_inlier": 82, "refit": true}
{"timestamp": "17:22:05.563233", "frame": 74, "mu": [0.6682682973803027, 2.1753670614066265, 0.8879462812642775], "Sigma": [[0.014241189476014035, -0.002080761909299823, -0.004250402780020473], [-0.002080761909299823, 0.0026817010021696723, -0.006159151384367627], [-0.004250402780020473, -0.006159151384367626, 0.028649131370541703]], "chi2_level": 0.997, "chi2_df": 3, "chi2_threshold": 13.931422665512084, "N_raw": 84, "N_roi": 84, "N_inlier": 80, "refit": true}
{"timestamp": "17:22:05.617665", "frame": 75, "mu": [0.6106283662174038, 2.3074100607997985, -0.3992886507305855], "Sigma": [[0.01261984322451855, -0.0051397098415060455, 0.019912759054831298], [-0.0051397098415060455, 0.014175266206782352, -0.056706095270425014], [0.019912759054831294, -0.056706095270425014, 0.28339942708293875]], "chi2_level": 0.997, "chi2_df": 3, "chi2_threshold": 13.931422665512084, "N_raw": 81, "N_roi": 81, "N_inlier": 79, "refit": true}
{"timestamp": "17:22:05.673315", "frame": 76, "mu": [0.5555590387250421, 2.2613700588680024, -0.25641703766504315], "Sigma": [[0.013011334857783717, -0.00692955226432119, 0.03285259104240621], [-0.006929552264321189, 0.011660370535650963, -0.046048122166449476], [0.032852591042406204, -0.04604812216644948, 0.2620776640083127]], "chi2_level": 0.997, "chi2_df": 3, "chi2_threshold": 13.931422665512084, "N_raw": 82, "N_roi": 82, "N_inlier": 79, "refit": true}
{"timestamp": "17:22:05.729703", "frame": 77, "mu": [0.6228037397406958, 2.001380980024948, 0.7861053819813006], "Sigma": [[0.014387230072925356, -0.0022952599313361, -0.005683199612549129], [-0.0022952599313361, 0.0018374849698967548, 0.0009813567738991315], [-0.005683199612549129, 0.0009813567738991317, 0.04983323784676029]], "chi2_level": 0.997, "chi2_df": 3, "chi2_threshold": 13.931422665512084, "N_raw": 91, "N_roi": 91, "N_inlier": 88, "refit": true}
{"timestamp": "17:22:05.787651", "frame": 78, "mu": [0.6258676600905811, 1.950855558331458, 0.8049885176745173], "Sigma": [[0.034774044423466516, -0.004937891877452008, -0.016320661357175775], [-0.004937891877452009, 0.003085187941944938, -0.0007165580098830248], [-0.016320661357175775, -0.0007165580098830245, 0.024703834604703833]], "chi2_level": 0.997, "chi2_df": 3, "chi2_threshold": 13.931422665512084, "N_raw": 111, "N_roi": 111, "N_inlier": 105, "refit": true}
{"timestamp": "17:22:05.845047", "frame": 79, "mu": [0.6748747001198463, 1.8560232003809032, 0.7425824144681628], "Sigma": [[0.02537258289754059, -0.00023609919895588484, -0.014429932896156066], [-0.000236099198955885, 0.009052429075179036, -0.00019937522175585135], [-0.014429932896156066, -0.00019937522175585105, 0.02013826670227202]], "chi2_level": 0.997, "chi2_df": 3, "chi2_threshold": 13.931422665512084, "N_raw": 121, "N_roi": 121, "N_inlier": 116, "refit": true}
{"timestamp": "17:22:05.898391", "frame": 80, "mu": [0.709699150209553, 1.8467414282801207, 0.7901401845205152], "Sigma": [[0.03349356970710045, -0.007287733583479701, -0.024734886254963076], [-0.007287733583479701, 0.0075207261035082, 0.00377814732937017], [-0.024734886254963076, 0.003778147329370169, 0.02271683298475593]], "chi2_level": 0.997, "chi2_df": 3, "chi2_threshold": 13.931422665512084, "N_raw": 115, "N_roi": 115, "N_inlier": 112, "refit": true}
{"timestamp": "17:22:05.952585", "frame": 81, "mu": [0.6330782121494443, 1.7610368593405141, 0.7970152278116227], "Sigma": [[0.02708540116493347, -0.0007806881302578797, -0.020606333335688266], [-0.0007806881302578792, 0.006545642516069739, -0.002389274977442883], [-0.020606333335688266, -0.002389274977442883, 0.028948338458753352]], "chi2_level": 0.997, "chi2_df": 3, "chi2_threshold": 13.931422665512084, "N_raw": 109, "N_roi": 109, "N_inlier": 106, "refit": true}
{"timestamp": "17:22:06.010171", "frame": 82, "mu": [0.6752900071030542, 1.7275483228012374, 0.8100446806174064], "Sigma": [[0.03905168546808521, -0.0019010203409874904, -0.020594990688364928], [-0.0019010203409874909, 0.003264763066372399, -0.002234608170137078], [-0.020594990688364928, -0.002234608170137078, 0.0177269741199601]], "chi2_level": 0.997, "chi2_df": 3, "chi2_threshold": 13.931422665512084, "N_raw": 129, "N_roi": 129, "N_inlier": 124, "refit": true}
{"timestamp": "17:22:06.064177", "frame": 83, "mu": [0.693664357293777, 1.6975359179631568, 0.8177795180088363], "Sigma": [[0.03533187910990887, 0.0007883289078022319, -0.010077565911630415], [0.0007883289078022321, 0.0022844178054342093, -0.002580895775883233], [-0.010077565911630415, -0.002580895775883233, 0.00919143012500718]], "chi2_level": 0.997, "chi2_df": 3, "chi2_threshold": 13.931422665512084, "N_raw": 121, "N_roi": 121, "N_inlier": 117, "refit": true}
{"timestamp": "17:22:06.116768", "frame": 84, "mu": [0.6656263778643163, 1.5991356953952103, 0.8663451575433319], "Sigma": [[0.02398904473367782, -0.003649585973421628, -0.007327254799447819], [-0.0036495859734216284, 0.002176907188864223, -0.001640183581176481], [-0.007327254799447819, -0.001640183581176481, 0.018365178709271554]], "chi2_level": 0.997, "chi2_df": 3, "chi2_threshold": 13.931422665512084, "N_raw": 106, "N_roi": 106, "N_inlier": 101, "refit": true}
{"timestamp": "17:22:06.164767", "frame": 85, "mu": [0.7632550538333506, 1.4723368156798606, 0.9174737892446089], "Sigma": [[0.0054030528330659, -0.002374479008270775, -0.0003957142981528786], [-0.002374479008270775, 0.004613835611723699, -0.002416038753103358], [-0.0003957142981528786, -0.002416038753103358, 0.0034319052286939543]], "chi2_level": 0.997, "chi2_df": 3, "chi2_threshold": 13.931422665512084, "N_raw": 56, "N_roi": 56, "N_inlier": 52, "refit": true}
{"timestamp": "17:22:06.221384", "frame": 86, "mu": [0.6940882534295378, 1.4941133099962136, 1.057923336186448], "Sigma": [[0.006756435350393902, -0.0013753068737146824, 0.007710003947409594], [-0.0013753068737146822, 0.0020065102113253673, -0.004786406205977694], [0.007710003947409594, -0.004786406205977695, 0.026435343646827918]], "chi2_level": 0.997, "chi2_df": 3, "chi2_threshold": 13.931422665512084, "N_raw": 73, "N_roi": 73, "N_inlier": 69, "refit": true}
{"timestamp": "17:22:06.270058", "frame": 87, "mu": [0.7427939229675683, 1.4216634326222244, 0.6682252675555803], "Sigma": [[0.004685599642307522, -0.0010813856080881057, -0.012700861831724385], [-0.0010813856080881057, 0.003242411732933498, 0.014665198582683243], [-0.012700861831724381, 0.014665198582683241, 0.18963563350734877]], "chi2_level": 0.997, "chi2_df": 3, "chi2_threshold": 13.931422665512084, "N_raw": 25, "N_roi": 24, "N_inlier": 23, "refit": true}
{"timestamp": "17:22:06.333767", "frame": 88, "mu": [0.7922266337634667, 1.3969418406021952, 1.1760844003287971], "Sigma": [[0.00804203034839021, -0.0009466369588683634, 0.0049661007305721126], [-0.0009466369588683638, 0.0017927581087584371, -0.005484316052042665], [0.0049661007305721126, -0.005484316052042664, 0.07065813570570258]], "chi2_level": 0.997, "chi2_df": 3, "chi2_threshold": 13.931422665512084, "N_raw": 90, "N_roi": 90, "N_inlier": 86, "refit": true}
{"timestamp": "17:22:06.386966", "frame": 89, "mu": [0.6353679321419704, 1.3624421763578414, 0.9167947177178002], "Sigma": [[0.006139459345865912, -0.002510784970277176, -0.008092996649031885], [-0.002510784970277176, 0.007372599490608088, 0.021905839899642694], [-0.008092996649031885, 0.021905839899642694, 0.1737545170318753]], "chi2_level": 0.997, "chi2_df": 3, "chi2_threshold": 13.931422665512084, "N_raw": 74, "N_roi": 74, "N_inlier": 73, "refit": true}
{"timestamp": "17:22:06.448606", "frame": 90, "mu": [0.6976957436447899, 1.2541996419560566, 0.9258766699749967], "Sigma": [[0.015011848116523655, -0.004100259280495667, 0.015124988502314387], [-0.004100259280495667, 0.015569968906430158, 0.04858225226264756], [0.015124988502314387, 0.04858225226264756, 0.2652783969272959]], "chi2_level": 0.997, "chi2_df": 3, "chi2_threshold": 13.931422665512084, "N_raw": 123, "N_roi": 123, "N_inlier": 120, "refit": true}
{"timestamp": "17:22:06.497767", "frame": 91, "mu": [0.6530650053989142, 1.2791142820850387, 1.1670985637254265], "Sigma": [[0.008292546681267677, -0.0027908231872595234, 0.010747838391701557], [-0.0027908231872595234, 0.0031099240517406743, -0.0074052535844753055], [0.01074783839170156, -0.0074052535844753055, 0.035214338820988116]], "chi2_level": 0.997, "chi2_df": 3, "chi2_threshold": 13.931422665512084, "N_raw": 81, "N_roi": 81, "N_inlier": 79, "refit": true}
{"timestamp": "17:22:06.557853", "frame": 92, "mu": [0.681839175634686, 1.2078044173091385, 1.035336847602704], "Sigma": [[0.007117682582949658, -0.0038229296550392243, 0.0016421133161397153], [-0.0038229296550392243, 0.0037245218594661547, -0.001876750409298621], [0.0016421133161397157, -0.001876750409298621, 0.04160940486885979]], "chi2_level": 0.997, "chi2_df": 3, "chi2_threshold": 13.931422665512084, "N_raw": 117, "N_roi": 117, "N_inlier": 116, "refit": true}
{"timestamp": "17:22:06.614530", "frame": 93, "mu": [0.7035141240966699, 1.3758741776016137, -0.6147752452451967], "Sigma": [[0.006055873384446084, -0.0019234770708195415, -0.005209030765241002], [-0.0019234770708195415, 0.008290929284705683, -0.013979998654567005], [-0.005209030765241002, -0.013979998654567003, 0.04372682703109488]], "chi2_level": 0.997, "chi2_df": 3, "chi2_threshold": 13.931422665512084, "N_raw": 124, "N_roi": 124, "N_inlier": 124, "refit": true}
{"timestamp": "17:22:06.656766", "frame": 94, "mu": [0.7271542018921453, 1.0675187856034172, 1.3629461442031177], "Sigma": [[0.004135487828229236, -0.0020560454951194084, -0.0006012643677792916], [-0.0020560454951194084, 0.004630577848404697, -0.003015891157389347], [-0.0006012643677792916, -0.003015891157389347, 0.005051744556286062]], "chi2_level": 0.997, "chi2_df": 3, "chi2_threshold": 13.931422665512084, "N_raw": 36, "N_roi": 36, "N_inlier": 34, "refit": true}
{"timestamp": "17:22:06.718166", "frame": 95, "mu": [0.7514584827827933, 0.9890260768058781, 1.1712999001663182], "Sigma": [[0.0060655100431448875, -0.002182918321119034, -0.0033128729465638253], [-0.002182918321119034, 0.0027472069306004997, 0.0036633256166233434], [-0.003312872946563825, 0.0036633256166233434, 0.05632344061559114]], "chi2_level": 0.997, "chi2_df": 3, "chi2_threshold": 13.931422665512084, "N_raw": 89, "N_roi": 89, "N_inlier": 89, "refit": true}
{"timestamp": "17:22:06.775417", "frame": 96, "mu": [0.7181993459845495, 0.9712209007931465, 1.1150834011216388], "Sigma": [[0.008310280758842254, -0.002076519567698468, -0.004282879053389556], [-0.002076519567698468, 0.004683059902497522, -0.0020019251790763287], [-0.004282879053389555, -0.0020019251790763283, 0.015354668366027252]], "chi2_level": 0.997, "chi2_df": 3, "chi2_threshold": 13.931422665512084, "N_raw": 93, "N_roi": 93, "N_inlier": 92, "refit": true}
{"timestamp": "17:22:06.827074", "frame": 97, "mu": [0.699088886995475, 0.8854074926295068, 1.1945531163510057], "Sigma": [[0.0034135265340165576, -0.0008222616152999821, 0.000810608155619208], [-0.0008222616152999823, 0.002504683370994747, 0.003585285638345388], [0.000810608155619208, 0.0035852856383453884, 0.031069831872799453]], "chi2_level": 0.997, "chi2_df": 3, "chi2_threshold": 13.931422665512084, "N_raw": 72, "N_roi": 72, "N_inlier": 72, "refit": true}
{"timestamp": "17:22:06.877081", "frame": 98, "mu": [0.5946388369264047, 0.8818085670632624, 1.210849335724383], "Sigma": [[0.005472701392308686, -0.0031883622134720926, 0.009603819948026353], [-0.0031883622134720926, 0.002816822066482868, -0.007850227895728836], [0.009603819948026353, -0.007850227895728836, 0.035270590314485345]], "chi2_level": 0.997, "chi2_df": 3, "chi2_threshold": 13.931422665512084, "N_raw": 34, "N_roi": 32, "N_inlier": 31, "refit": true}
{"timestamp": "17:22:06.933227", "frame": 99, "mu": [0.6350934124014553, 0.8372065596204235, 1.3231650232147452], "Sigma": [[0.0033080974346050246, -0.0014105699483982406, 0.001685803331063161], [-0.0014105699483982406, 0.003795415927017448, -0.00707465670759164], [0.001685803331063161, -0.00707465670759164, 0.017300548996576147]], "chi2_level": 0.997, "chi2_df": 3, "chi2_threshold": 13.931422665512084, "N_raw": 52, "N_roi": 52, "N_inlier": 48, "refit": true}
{"timestamp": "17:22:07.110655", "frame": 100, "mu": [0.6114973128412762, 0.8397600388800459, 1.2461734599698424], "Sigma": [[0.004578644486544714, -0.0008978352371616936, 0.0025133183414552196], [-0.0008978352371616936, 0.004064814561323736, -0.005017340946426817], [0.002513318341455219, -0.0050173409464268175, 0.0160081850393377]], "chi2_level": 0.997, "chi2_df": 3, "chi2_threshold": 13.931422665512084, "N_raw": 49, "N_roi": 49, "N_inlier": 48, "refit": true}
{"timestamp": "17:22:07.151878", "frame": 101, "mu": [0.6171905339629586, 0.7977697170426044, 1.1958633518420758], "Sigma": [[0.004332959285968992, -3.992890095101448e-05, -0.0016982414093226644], [-3.992890095101438e-05, 0.002961327090031835, -0.0009646715032925393], [-0.0016982414093226642, -0.0009646715032925393, 0.0013702416064416557]], "chi2_level": 0.997, "chi2_df": 3, "chi2_threshold": 13.931422665512084, "N_raw": 44, "N_roi": 44, "N_inlier": 42, "refit": true}
{"timestamp": "17:22:07.183980", "frame": 102, "mu": [0.7594865470104284, 0.675950862731825, 0.877698735693021], "Sigma": [[0.013228594485734595, -0.0063127253877013146, -0.06092034047789495], [-0.006312725387701314, 0.009361316566520471, 0.03218909290275543], [-0.06092034047789495, 0.03218909290275543, 0.3744701146710075]], "chi2_level": 0.997, "chi2_df": 3, "chi2_threshold": 13.931422665512084, "N_raw": 13, "N_roi": 13, "N_inlier": 12, "refit": true}
{"timestamp": "17:22:07.217015", "frame": 103, "mu": [0.6661788559008872, 0.6624457250236115, 1.2451917991787718], "Sigma": [[0.0037306611729952762, -0.0026073017955975004, -0.02018149462567656], [-0.0026073017955975004, 0.0037169001502744894, 0.01844368953339886], [-0.02018149462567656, 0.018443689533398862, 0.18636841931896034]], "chi2_level": 0.997, "chi2_df": 3, "chi2_threshold": 13.931422665512084, "N_raw": 32, "N_roi": 32, "N_inlier": 32, "refit": true}
{"timestamp": "17:22:07.245859", "frame": 104, "mu": [0.6450998388779569, 0.6039683156953904, 1.2847473763238126], "Sigma": [[0.002151450571672376, -0.0011003362654415348, -0.01014722742511877], [-0.0011003362654415348, 0.001900798070718198, 0.004563965540472013], [-0.010147227425118768, 0.004563965540472012, 0.1041487133739118]], "chi2_level": 0.997, "chi2_df": 3, "chi2_threshold": 13.931422665512084, "N_raw": 35, "N_roi": 35, "N_inlier": 33, "refit": true}
{"timestamp": "17:22:07.277728", "frame": 105, "mu": [0.6239607862848532, 0.6293245335177003, 1.2405915287443499], "Sigma": [[0.002710466235432297, 0.0005695680237345333, 0.0002037994289312776], [0.0005695680237345333, 0.0016741939688323995, -0.0032078650099039265], [0.00020379942893127757, -0.0032078650099039265, 0.007939828458337744]], "chi2_level": 0.997, "chi2_df": 3, "chi2_threshold": 13.931422665512084, "N_raw": 13, "N_roi": 13, "N_inlier": 12, "refit": true}
{"timestamp": "17:22:07.370890", "frame": 107, "mu": [0.6723359448611581, 0.5192826718784933, 1.2777963086061805], "Sigma": [[0.0024033564887581006, -0.0011411246602985614, -0.0008591104464231633], [-0.0011411246602985614, 0.0035742285176785724, -0.00449389399563483], [-0.0008591104464231631, -0.00449389399563483, 0.013878117244398462]], "chi2_level": 0.997, "chi2_df": 3, "chi2_threshold": 13.931422665512084, "N_raw": 37, "N_roi": 36, "N_inlier": 33, "refit": true}
{"timestamp": "17:22:07.428155", "frame": 108, "mu": [0.7247494905262714, 0.5797903353091411, -0.5076436241040372], "Sigma": [[0.002432733541378366, -0.0009013106365633732, -0.0005602623342761574], [-0.0009013106365633732, 0.010492186361305665, -0.010381820747845823], [-0.0005602623342761573, -0.010381820747845823, 0.01248338733448229]], "chi2_level": 0.997, "chi2_df": 3, "chi2_threshold": 13.931422665512084, "N_raw": 51, "N_roi": 51, "N_inlier": 48, "refit": true}
{"timestamp": "17:22:07.482111", "frame": 109, "mu": [0.7059641098178588, 0.38045937386671846, 1.3279916831433918], "Sigma": [[0.003098344441787478, -0.0008427672142740452, -0.0004479336442005988], [-0.0008427672142740455, 0.0038799501225832557, -0.007209448199608227], [-0.0004479336442005988, -0.007209448199608227, 0.023223817395712644]], "chi2_level": 0.997, "chi2_df": 3, "chi2_threshold": 13.931422665512084, "N_raw": 48, "N_roi": 48, "N_inlier": 45, "refit": true}
