{"timestamp": "17:55:44.077434", "frame": 1, "mu": [1.909457147754658, 0.5890145436955286, 0.9834507625166482], "Sigma": [[0.0031116470802040335, -0.003243585115348589, -0.00016574717171290848], [-0.003243585115348589, 0.01028106171508497, -0.0013267978414143494], [-0.00016574717171290846, -0.0013267978414143494, 0.0007582351075852878]], "chi2_level": 0.997, "chi2_df": 3, "chi2_threshold": 13.931422665512084, "N_raw": 14, "N_roi": 14, "N_inlier": 14, "refit": true}
{"timestamp": "17:55:44.187466", "frame": 3, "mu": [1.9149600043416046, 0.6317607249997474, 1.0647906040688633], "Sigma": [[0.001183765205756746, 0.0002659085640843716, -0.0015649610638952636], [0.00026590856408437174, 0.01405490143161832, -0.008577135802998391], [-0.0015649610638952636, -0.008577135802998393, 0.007708898191512255]], "chi2_level": 0.997, "chi2_df": 3, "chi2_threshold": 13.931422665512084, "N_raw": 12, "N_roi": 12, "N_inlier": 12, "refit": true}
{"timestamp": "17:55:44.297516", "frame": 5, "mu": [1.5346465334524781, 0.6311927373622926, 1.0577330474457578], "Sigma": [[1.1432453957790571, 0.08632550402549577, -0.014009712713997867], [0.08632550402549578, 0.013094450295351674, -0.0026410969380241713], [-0.014009712713997867, -0.0026410969380241713, 0.0007328455438956249]], "chi2_level": 0.997, "chi2_df": 3, "chi2_threshold": 13.931422665512084, "N_raw": 11, "N_roi": 11, "N_inlier": 11, "refit": true}
{"timestamp": "17:55:44.904994", "frame": 16, "mu": [1.2315979327215225, 0.6534555520554892, -0.7370852695119001], "Sigma": [[0.6288941709447581, 0.04067613712981289, -0.0038757132053671745], [0.04067613712981289, 0.011485908946805293, -0.0010963044242818074], [-0.003875713205367173, -0.0010963044242818074, 0.0012335838953326727]], "chi2_level": 0.997, "chi2_df": 3, "chi2_threshold": 13.931422665512084, "N_raw": 27, "N_roi": 27, "N_inlier": 26, "refit": true}
{"timestamp": "17:55:44.958840", "frame": 17, "mu": [1.4321541993243545, 0.5169185712433794, 1.2572176818581848], "Sigma": [[0.0024375264237699356, -0.0015059599912965681, -0.0004636695512710743], [-0.0015059599912965683, 0.005205559073176409, -0.00698596063989181], [-0.00046366955127107414, -0.006985960639891811, 0.03537395210990788]], "chi2_level": 0.997, "chi2_df": 3, "chi2_threshold": 13.931422665512084, "N_raw": 16, "N_roi": 16, "N_inlier": 16, "refit": true}
{"timestamp": "17:55:45.018426", "frame": 18, "mu": [1.3011530255156594, 0.6857749976032977, 0.9696312796385961], "Sigma": [[0.003941394215554434, -0.007279794009426613, 0.0015192826692229755], [-0.007279794009426613, 0.022113552997893506, -0.015474806580004642], [0.0015192826692229755, -0.015474806580004642, 0.02271066837350339]], "chi2_level": 0.997, "chi2_df": 3, "chi2_threshold": 13.931422665512084, "N_raw": 47, "N_roi": 47, "N_inlier": 47, "refit": true}
{"timestamp": "17:55:45.070692", "frame": 19, "mu": [1.2845531035548778, 0.6081667258645713, 1.2483608231515497], "Sigma": [[0.0028790348071200955, -0.0027236771388146216, -0.002968694295514637], [-0.0027236771388146216, 0.013732594414784912, -0.013057139594737506], [-0.0029686942955146375, -0.013057139594737506, 0.057297919993670565]], "chi2_level": 0.997, "chi2_df": 3, "chi2_threshold": 13.931422665512084, "N_raw": 17, "N_roi": 17, "N_inlier": 17, "refit": true}
{"timestamp": "17:55:45.128962", "frame": 20, "mu": [1.248822457784804, 0.5781573826100792, 1.2311198257260714], "Sigma": [[0.0027792935931466433, -0.0041148433023021425, -9.635963892158829e-05], [-0.0041148433023021425, 0.01195081341554695, -0.009019139584533433], [-9.635963892158845e-05, -0.009019139584533434, 0.028516303995418255]], "chi2_level": 0.997, "chi2_df": 3, "chi2_threshold": 13.931422665512084, "N_raw": 41, "N_roi": 41, "N_inlier": 41, "refit": true}
{"timestamp": "17:55:45.181718", "frame": 21, "mu": [1.1937645557499117, 0.5861795517468452, 1.1742936061027864], "Sigma": [[0.0022798105074960124, -0.0018965978438057122, -0.0020907526881437815], [-0.0018965978438057122, 0.007517693113825355, -0.0034257170634934583], [-0.0020907526881437815, -0.0034257170634934588, 0.01565060038329517]], "chi2_level": 0.997, "chi2_df": 3, "chi2_threshold": 13.931422665512084, "N_raw": 26, "N_roi": 25, "N_inlier": 25, "refit": true}
{"timestamp": "17:55:45.234796", "frame": 22, "mu": [1.1199584346278921, 0.6477766944207023, 1.3472579184647344], "Sigma": [[0.0016758085653587873, 0.0003880952412713555, -0.003190873347369578], [0.00038809524127135546, 0.0018298064233965405, -0.005258740570135396], [-0.003190873347369578, -0.005258740570135397, 0.026078129981843362]], "chi2_level": 0.997, "chi2_df": 3, "chi2_threshold": 13.931422665512084, "N_raw": 14, "N_roi": 14, "N_inlier": 14, "refit": true}
{"timestamp": "17:55:45.291116", "frame": 23, "mu": [1.049132349963448, 0.6079734604250988, 1.208592674673764], "Sigma": [[0.0020493569718194322, -0.001639489906032591, -0.0008640265738752973], [-0.001639489906032591, 0.007557040552954915, -0.015136689718737065], [-0.0008640265738752975, -0.015136689718737065, 0.04794397947545625]], "chi2_level": 0.997, "chi2_df": 3, "chi2_threshold": 13.931422665512084, "N_raw": 20, "N_roi": 20, "N_inlier": 20, "refit": true}
{"timestamp": "17:55:45.400137", "frame": 25, "mu": [0.8670118586821209, 0.8451809050386087, -0.7932085882287534], "Sigma": [[0.010113407252237474, -0.0027752309710568687, 0.03439070024760243], [-0.0027752309710568687, 0.012968608668590738, -0.03810465965013536], [0.03439070024760243, -0.03810465965013536, 0.21857967181359925]], "chi2_level": 0.997, "chi2_df": 3, "chi2_threshold": 13.931422665512084, "N_raw": 11, "N_roi": 11, "N_inlier": 11, "refit": true}
{"timestamp": "17:55:45.456228", "frame": 26, "mu": [0.7851490278586497, 0.5992880522972194, 0.9715532169114564], "Sigma": [[0.0036663762609316997, 0.00018265568336988059, 0.011209071435272501], [0.00018265568336988075, 0.0022561359816660313, 0.002285771696469173], [0.011209071435272501, 0.002285771696469173, 0.1639217003211408]], "chi2_level": 0.997, "chi2_df": 3, "chi2_threshold": 13.931422665512084, "N_raw": 19, "N_roi": 19, "N_inlier": 19, "refit": true}
{"timestamp": "17:55:45.509996", "frame": 27, "mu": [0.7760992413030059, 0.6093721076012142, 1.2073669512194227], "Sigma": [[0.0045941708861948, -0.0024766298938023353, -0.0024516039272756075], [-0.0024766298938023353, 0.006965076961173686, -0.009660903430607633], [-0.002451603927275608, -0.009660903430607633, 0.04718391917640043]], "chi2_level": 0.997, "chi2_df": 3, "chi2_threshold": 13.931422665512084, "N_raw": 10, "N_roi": 10, "N_inlier": 10, "refit": true}
{"timestamp": "17:55:45.570463", "frame": 28, "mu": [0.6965384288555196, 0.5850008108321316, 1.361589565654924], "Sigma": [[0.002672082664262199, -0.0007375540016630823, -0.002980461375670648], [-0.0007375540016630823, 0.0022454739416592675, -0.0016464936942964742], [-0.002980461375670648, -0.0016464936942964742, 0.00833876346807296]], "chi2_level": 0.997, "chi2_df": 3, "chi2_threshold": 13.931422665512084, "N_raw": 50, "N_roi": 50, "N_inlier": 49, "refit": true}
{"timestamp": "17:55:45.622715", "frame": 29, "mu": [0.6179587153017345, 0.5793413462867711, 1.435241528256048], "Sigma": [[0.002901180894722859, 0.000506958148033951, -0.0034149714448985743], [0.0005069581480339512, 0.0022645361423897685, -0.002693944056676435], [-0.0034149714448985743, -0.002693944056676435, 0.008767697600084235]], "chi2_level": 0.997, "chi2_df": 3, "chi2_threshold": 13.931422665512084, "N_raw": 31, "N_roi": 31, "N_inlier": 29, "refit": true}
{"timestamp": "17:55:45.678894", "frame": 30, "mu": [0.575754972475726, 0.5972118990298352, 1.4137764099863714], "Sigma": [[0.002028956059838465, -0.00029452686257122927, -0.0011353349141154162], [-0.00029452686257122927, 0.002255281654624986, -0.003367525540260807], [-0.0011353349141154162, -0.003367525540260807, 0.00979297755127737]], "chi2_level": 0.997, "chi2_df": 3, "chi2_threshold": 13.931422665512084, "N_raw": 45, "N_roi": 45, "N_inlier": 44, "refit": true}
{"timestamp": "17:55:45.731490", "frame": 31, "mu": [0.5299121745901494, 0.7432453921970993, -0.6126753978173938], "Sigma": [[0.0009084462360948929, 0.002567301615608905, -0.008601207727569088], [0.002567301615608905, 0.018977853793487695, -0.057725860184261846], [-0.008601207727569088, -0.057725860184261846, 0.18323818488352858]], "chi2_level": 0.997, "chi2_df": 3, "chi2_threshold": 13.931422665512084, "N_raw": 18, "N_roi": 18, "N_inlier": 17, "refit": true}
{"timestamp": "17:55:45.791167", "frame": 32, "mu": [0.42705994544314485, 0.590755515263336, 1.379828463009889], "Sigma": [[0.002074200314236798, -0.00048214937616897625, -0.004529425245715183], [-0.00048214937616897636, 0.0018770023743903059, 0.0017374229538286204], [-0.004529425245715183, 0.0017374229538286213, 0.07575361998855554]], "chi2_level": 0.997, "chi2_df": 3, "chi2_threshold": 13.931422665512084, "N_raw": 56, "N_roi": 56, "N_inlier": 54, "refit": true}
{"timestamp": "17:55:45.848970", "frame": 33, "mu": [0.3539976356014213, 0.6543811009894768, 1.38962365361834], "Sigma": [[0.0016807015436765764, -0.0005195868798007139, -0.001166322895161404], [-0.0005195868798007139, 0.004116345222952296, -0.004666376797760106], [-0.001166322895161404, -0.004666376797760106, 0.06988194748541968]], "chi2_level": 0.997, "chi2_df": 3, "chi2_threshold": 13.931422665512084, "N_raw": 66, "N_roi": 66, "N_inlier": 63, "refit": true}
{"timestamp": "17:55:45.900939", "frame": 34, "mu": [0.31444879742542875, 0.6146085280995103, 1.2751297770871854], "Sigma": [[0.006292215001762386, -0.00013648662874941707, 0.02306591291798264], [-0.00013648662874941707, 0.0018835651243643851, -0.004241731263149645], [0.023065912917982642, -0.004241731263149643, 0.15940534730190145]], "chi2_level": 0.997, "chi2_df": 3, "chi2_threshold": 13.931422665512084, "N_raw": 43, "N_roi": 43, "N_inlier": 41, "refit": true}
{"timestamp": "17:55:45.957434", "frame": 35, "mu": [0.19383474033065567, 0.5972549882023598, 1.2574678291012615], "Sigma": [[0.0012063508384210196, -6.027581664859536e-05, 0.0016536998175445054], [-6.0275816648595334e-05, 0.004545096115233361, 2.765462527749992e-06], [0.0016536998175445054, 2.765462527750046e-06, 0.014148945490437792]], "chi2_level": 0.997, "chi2_df": 3, "chi2_threshold": 13.931422665512084, "N_raw": 66, "N_roi": 66, "N_inlier": 60, "refit": true}
{"timestamp": "17:55:46.009395", "frame": 36, "mu": [0.12597345755895697, 0.6419272200800127, 1.3199214636283232], "Sigma": [[0.0061477480552451485, -0.0003732746172138882, 0.020838327855901416], [-0.0003732746172138883, 0.0010338845525675665, -0.0018383079055827442], [0.020838327855901416, -0.0018383079055827442, 0.10872157947222624]], "chi2_level": 0.997, "chi2_df": 3, "chi2_threshold": 13.931422665512084, "N_raw": 43, "N_roi": 43, "N_inlier": 39, "refit": true}
{"timestamp": "17:55:46.068226", "frame": 37, "mu": [0.05751388932594614, 0.6500248062620395, 1.3367980393782366], "Sigma": [[0.0020540664026406576, 0.00012511377038192724, 0.00611013477751367], [0.0001251137703819273, 0.0011723925810159467, 0.0015461950392422759], [0.00611013477751367, 0.0015461950392422754, 0.057719764938417774]], "chi2_level": 0.997, "chi2_df": 3, "chi2_threshold": 13.931422665512084, "N_raw": 70, "N_roi": 70, "N_inlier": 66, "refit": true}
{"timestamp": "17:55:46.119408", "frame": 38, "mu": [-0.009746547833623649, 0.6595365188827035, 1.3987808145390122], "Sigma": [[0.0012951638266868886, -0.0005041766436602206, 0.0005362118776483052], [-0.0005041766436602206, 0.0012567272628131385, -0.0014413040920802922], [0.0005362118776483054, -0.0014413040920802924, 0.00584749449314044]], "chi2_level": 0.997, "chi2_df": 3, "chi2_threshold": 13.931422665512084, "N_raw": 46, "N_roi": 46, "N_inlier": 44, "refit": true}
{"timestamp": "17:55:46.176568", "frame": 39, "mu": [-0.08665562867588107, 0.7523254105647694, -0.6743063277240766], "Sigma": [[0.003223081738617065, 0.0018724936716995968, -0.010842408739114325], [0.0018724936716995968, 0.0040402159601423205, -0.013717839251741224], [-0.010842408739114323, -0.013717839251741224, 0.08868227030303133]], "chi2_level": 0.997, "chi2_df": 3, "chi2_threshold": 13.931422665512084, "N_raw": 52, "N_roi": 52, "N_inlier": 49, "refit": true}
{"timestamp": "17:55:46.224350", "frame": 40, "mu": [-0.1017973579696359, 0.8630438993305645, -0.7040938002193237], "Sigma": [[0.0037807730652233496, 6.361099212449472e-05, -0.017278991091870064], [6.361099212449494e-05, 0.002093769517454034, -0.013736931602743599], [-0.017278991091870064, -0.013736931602743599, 0.1926106887252542]], "chi2_level": 0.997, "chi2_df": 3, "chi2_threshold": 13.931422665512084, "N_raw": 13, "N_roi": 13, "N_inlier": 13, "refit": true}
{"timestamp": "17:55:46.279802", "frame": 41, "mu": [-0.24457459452191257, 0.6756601767532707, 0.6782031543715302], "Sigma": [[0.0003362427488478854, -6.468639533650523e-05, -0.0006296087049653706], [-6.468639533650523e-05, 0.0057331324925485525, -0.016741106798089586], [-0.0006296087049653704, -0.016741106798089586, 0.38382156581299703]], "chi2_level": 0.997, "chi2_df": 3, "chi2_threshold": 13.931422665512084, "N_raw": 10, "N_roi": 10, "N_inlier": 10, "refit": true}
{"timestamp": "17:55:46.344672", "frame": 42, "mu": [-0.24758225051436683, 0.6371063351306487, 1.3157653135891874], "Sigma": [[0.0016583976035858554, -0.00013028727900195834, -0.0002711382216459337], [-0.00013028727900195834, 0.0004332323183773759, -0.0010683035206364927], [-0.0002711382216459337, -0.0010683035206364925, 0.007025817431094142]], "chi2_level": 0.997, "chi2_df": 3, "chi2_threshold": 13.931422665512084, "N_raw": 60, "N_roi": 60, "N_inlier": 56, "refit": true}
{"timestamp": "17:55:46.397678", "frame": 43, "mu": [-0.3140120182647887, 0.5930744003395014, 1.239450886874329], "Sigma": [[0.001973387245233784, -0.0002894894260932916, 0.001068285609929376], [-0.00028948942609329165, 0.0021963033544159663, -0.002326151772152998], [0.001068285609929376, -0.002326151772152998, 0.006442197605599566]], "chi2_level": 0.997, "chi2_df": 3, "chi2_threshold": 13.931422665512084, "N_raw": 72, "N_roi": 72, "N_inlier": 67, "refit": true}
{"timestamp": "17:55:46.453269", "frame": 44, "mu": [-0.41779150040213514, 0.6193389507554844, 1.3153511536502929], "Sigma": [[0.0014504633596719226, -0.00013792026715856104, -0.0008245376957999857], [-0.00013792026715856104, 0.0003342625531622153, -0.0008268510073560354], [-0.0008245376957999857, -0.0008268510073560354, 0.014591225376340262]], "chi2_level": 0.997, "chi2_df": 3, "chi2_threshold": 13.931422665512084, "N_raw": 67, "N_roi": 67, "N_inlier": 62, "refit": true}
{"timestamp": "17:55:46.508828", "frame": 45, "mu": [-0.4531186415408962, 0.6010178137916382, 1.2277071532255694], "Sigma": [[0.002437224569762487, -0.0005642611691570162, 0.00013639147502197648], [-0.0005642611691570164, 0.0015678502039676958, -0.00272208749186348], [0.00013639147502197643, -0.0027220874918634803, 0.008139987549799084]], "chi2_level": 0.997, "chi2_df": 3, "chi2_threshold": 13.931422665512084, "N_raw": 78, "N_roi": 78, "N_inlier": 71, "refit": true}
{"timestamp": "17:55:46.559974", "frame": 46, "mu": [-0.5489780116641035, 0.6106905891422163, 1.2054104399043373], "Sigma": [[0.002208851563324154, 0.000788523078059286, 4.197236570255492e-06], [0.0007885230780592861, 0.0027667826083010707, -0.001981566555115941], [4.197236570255519e-06, -0.001981566555115941, 0.0027891760307181]], "chi2_level": 0.997, "chi2_df": 3, "chi2_threshold": 13.931422665512084, "N_raw": 46, "N_roi": 46, "N_inlier": 43, "refit": true}
{"timestamp": "17:55:46.618558", "frame": 47, "mu": [-0.6888406212875708, 0.5670480396296426, 1.3920001325912361], "Sigma": [[0.02347741052239411, 0.004829349819825216, -0.03135021238275103], [0.004829349819825216, 0.002238591326254052, -0.007999403438651256], [-0.03135021238275103, -0.007999403438651256, 0.05109625088445082]], "chi2_level": 0.997, "chi2_df": 3, "chi2_threshold": 13.931422665512084, "N_raw": 71, "N_roi": 71, "N_inlier": 71, "refit": true}
{"timestamp": "17:55:46.671265", "frame": 48, "mu": [-0.878563131175128, 0.4877919513889199, 1.567757489979082], "Sigma": [[0.009633200899862545, 0.0028352997002942166, -0.005675131641470615], [0.002835299700294217, 0.0026008996125003524, -0.004105478528032445], [-0.005675131641470614, -0.004105478528032445, 0.013816876433106013]], "chi2_level": 0.997, "chi2_df": 3, "chi2_threshold": 13.931422665512084, "N_raw": 59, "N_roi": 59, "N_inlier": 57, "refit": true}
{"timestamp": "17:55:46.726269", "frame": 49, "mu": [-0.907127704464137, 0.6244864420755012, -0.34087146587746914], "Sigma": [[0.007383748574888895, 0.004479114558540947, -0.006002753329350034], [0.004479114558540947, 0.016537807133648545, -0.024801331650468023], [-0.006002753329350033, -0.02480133165046802, 0.04061356837989224]], "chi2_level": 0.997, "chi2_df": 3, "chi2_threshold": 13.931422665512084, "N_raw": 57, "N_roi": 57, "N_inlier": 53, "refit": true}
{"timestamp": "17:55:46.784112", "frame": 50, "mu": [-0.9866830401565556, 0.49789284782237386, 1.5085068165585818], "Sigma": [[0.007377030421907142, 0.001990009601377536, 0.0003649545492381244], [0.001990009601377536, 0.0028281186277795936, -0.0020279221230393414], [0.0003649545492381244, -0.0020279221230393414, 0.021334871426128877]], "chi2_level": 0.997, "chi2_df": 3, "chi2_threshold": 13.931422665512084, "N_raw": 76, "N_roi": 76, "N_inlier": 71, "refit": true}
{"timestamp": "17:55:46.840121", "frame": 51, "mu": [-1.046898682458391, 0.4344764503917329, 1.4222771994764936], "Sigma": [[0.009565940114590202, 0.005570593785923084, -0.0017034015929105982], [0.005570593785923084, 0.004693110129864528, -0.0014440416965899204], [-0.0017034015929105982, -0.0014440416965899204, 0.01960934228750657]], "chi2_level": 0.997, "chi2_df": 3, "chi2_threshold": 13.931422665512084, "N_raw": 76, "N_roi": 76, "N_inlier": 73, "refit": true}
{"timestamp": "17:55:46.895303", "frame": 52, "mu": [-1.1135156307434417, 0.6001410758428682, -0.3809582885907243], "Sigma": [[0.0070578153417690795, 0.0026435424284234664, 0.002245045705459821], [0.0026435424284234664, 0.006365207451842454, -0.004204173895658241], [0.0022450457054598205, -0.004204173895658241, 0.010007280019609481]], "chi2_level": 0.997, "chi2_df": 3, "chi2_threshold": 13.931422665512084, "N_raw": 75, "N_roi": 75, "N_inlier": 70, "refit": true}
{"timestamp": "17:55:46.948664", "frame": 53, "mu": [-1.175805316918374, 0.4909694642868312, 1.4743948902302695], "Sigma": [[0.007247060585036278, 0.005285114915177632, 0.0015406420873423127], [0.005285114915177632, 0.009023486627691358, 0.004527747725108938], [0.001540642087342312, 0.004527747725108938, 0.02680180765649061]], "chi2_level": 0.997, "chi2_df": 3, "chi2_threshold": 13.931422665512084, "N_raw": 74, "N_roi": 74, "N_inlier": 67, "refit": true}
{"timestamp": "17:55:47.002179", "frame": 54, "mu": [-1.239435670898166, 0.49063965624244793, 1.433363006916264], "Sigma": [[0.006562924515776816, 0.0029689037821873784, 0.00119410363875249], [0.002968903782187379, 0.005271830580349708, -0.004011295875673532], [0.0011941036387524899, -0.004011295875673532, 0.012753093567368997]], "chi2_level": 0.997, "chi2_df": 3, "chi2_threshold": 13.931422665512084, "N_raw": 65, "N_roi": 65, "N_inlier": 63, "refit": true}
{"timestamp": "17:55:47.057496", "frame": 55, "mu": [-1.2778974722778709, 0.44427332521825585, 1.3417928244544715], "Sigma": [[0.006412557193565077, 0.00341972454389024, 0.0012006422098028917], [0.00341972454389024, 0.006229568903872488, -0.004812789101223293], [0.0012006422098028917, -0.004812789101223293, 0.009416506167762165]], "chi2_level": 0.997, "chi2_df": 3, "chi2_threshold": 13.931422665512084, "N_raw": 65, "N_roi": 65, "N_inlier": 60, "refit": true}
{"timestamp": "17:55:47.113073", "frame": 56, "mu": [-1.192664225975583, 0.4542695976265971, 1.3169237384959427], "Sigma": [[0.4337973539423371, -0.01884297304664479, 0.021469426572477295], [-0.01884297304664479, 0.00783204837724732, -0.0042901189324715885], [0.021469426572477298, -0.0042901189324715885, 0.014628166446925881]], "chi2_level": 0.997, "chi2_df": 3, "chi2_threshold": 13.931422665512084, "N_raw": 71, "N_roi": 71, "N_inlier": 69, "refit": true}
{"timestamp": "17:55:47.168564", "frame": 57, "mu": [-1.2111624435871646, 0.459618948785027, 1.2724306688926132], "Sigma": [[0.5581375282469696, -0.020808809753432106, 0.02710225671614331], [-0.020808809753432106, 0.010482870115422765, -0.003448589768699185], [0.02710225671614331, -0.003448589768699185, 0.015208024238353178]], "chi2_level": 0.997, "chi2_df": 3, "chi2_threshold": 13.931422665512084, "N_raw": 75, "N_roi": 75, "N_inlier": 72, "refit": true}
{"timestamp": "17:55:47.223163", "frame": 58, "mu": [-1.4742087811016005, 0.5106932912764865, 1.2837665859596405], "Sigma": [[0.008942427997225234, 0.0058960737435705375, 0.0010161710749702665], [0.0058960737435705375, 0.010434027947761158, -0.004704437704367911], [0.0010161710749702658, -0.00470443770436791, 0.021545323493418183]], "chi2_level": 0.997, "chi2_df": 3, "chi2_threshold": 13.931422665512084, "N_raw": 70, "N_roi": 70, "N_inlier": 66, "refit": true}
{"timestamp": "17:55:47.289260", "frame": 59, "mu": [-1.5285654796203105, 0.5325940377011176, 1.3020076384477126], "Sigma": [[0.007819621013391086, 0.004517809369858012, 0.001656608477646473], [0.004517809369858012, 0.010356838043489287, -0.004295801879679373], [0.001656608477646473, -0.004295801879679375, 0.00601878018784118]], "chi2_level": 0.997, "chi2_df": 3, "chi2_threshold": 13.931422665512084, "N_raw": 57, "N_roi": 57, "N_inlier": 52, "refit": true}
{"timestamp": "17:55:47.331966", "frame": 60, "mu": [-1.586464550310002, 0.7540798701749792, -0.5373041223561802], "Sigma": [[0.009491047145813393, 0.001483168560562978, 0.00696330327484416], [0.0014831685605629788, 0.012399506519116798, -0.0076113884036735965], [0.006963303274844161, -0.0076113884036735965, 0.0223619676217416]], "chi2_level": 0.997, "chi2_df": 3, "chi2_threshold": 13.931422665512084, "N_raw": 61, "N_roi": 61, "N_inlier": 58, "refit": true}
{"timestamp": "17:55:47.386672", "frame": 61, "mu": [-1.6282918630437087, 0.7801451386240286, -0.5461929776820564], "Sigma": [[0.006772080002982665, 0.004338384647731612, 0.0033350158071442574], [0.004338384647731612, 0.01210850763184404, -0.0029154892794064973], [0.0033350158071442574, -0.0029154892794064973, 0.017831020575538637]], "chi2_level": 0.997, "chi2_df": 3, "chi2_threshold": 13.931422665512084, "N_raw": 58, "N_roi": 58, "N_inlier": 56, "refit": true}
{"timestamp": "17:55:47.444233", "frame": 62, "mu": [-1.6839078461246335, 0.8126321804864393, -0.6495343184532626], "Sigma": [[0.00788067907359916, 0.0070026180938122795, 0.0032756734545703377], [0.007002618093812279, 0.012819243461819311, -0.005130427469068822], [0.0032756734545703373, -0.00513042746906882, 0.034262601953152574]], "chi2_level": 0.997, "chi2_df": 3, "chi2_threshold": 13.931422665512084, "N_raw": 77, "N_roi": 77, "N_inlier": 72, "refit": true}
{"timestamp": "17:55:47.497558", "frame": 63, "mu": [-1.6945013188596008, 0.8503329659281716, -0.5366573193818157], "Sigma": [[0.00913062117802238, 0.006132990764426357, 0.004895367794702611], [0.006132990764426357, 0.019702633260076742, -0.00021372196955764407], [0.004895367794702612, -0.00021372196955764386, 0.02526398315660809]], "chi2_level": 0.997, "chi2_df": 3, "chi2_threshold": 13.931422665512084, "N_raw": 69, "N_roi": 69, "N_inlier": 69, "refit": true}
{"timestamp": "17:55:47.554194", "frame": 64, "mu": [-1.759283114395343, 0.8882145386648013, -0.53160896848917], "Sigma": [[0.011818297344535563, 0.007806357637551604, 0.0035160815140183616], [0.007806357637551604, 0.016914907857058917, -0.004684617364823252], [0.0035160815140183616, -0.004684617364823252, 0.017739161264161675]], "chi2_level": 0.997, "chi2_df": 3, "chi2_threshold": 13.931422665512084, "N_raw": 76, "N_roi": 76, "N_inlier": 75, "refit": true}
{"timestamp": "17:55:47.605297", "frame": 65, "mu": [-1.7667511587990528, 0.9562911184777261, -0.45399894047589345], "Sigma": [[0.007270403100915886, 0.004853939059860301, -0.000479056507325264], [0.004853939059860301, 0.012057032162932859, -0.006337878207834919], [-0.00047905650732526416, -0.006337878207834919, 0.01518446931497716]], "chi2_level": 0.997, "chi2_df": 3, "chi2_threshold": 13.931422665512084, "N_raw": 52, "N_roi": 52, "N_inlier": 52, "refit": true}
{"timestamp": "17:55:47.659818", "frame": 66, "mu": [-1.8552072926451741, 0.7386217686402421, -0.7896342904637785], "Sigma": [[0.010197995005862248, 0.013205021081892181, 0.0022512734814299005], [0.013205021081892181, 0.022079874494466585, 0.008670801118373471], [0.0022512734814299005, 0.008670801118373471, 0.03159670148679765]], "chi2_level": 0.997, "chi2_df": 3, "chi2_threshold": 13.931422665512084, "N_raw": 56, "N_roi": 56, "N_inlier": 55, "refit": true}
{"timestamp": "17:55:47.714014", "frame": 67, "mu": [-1.8710492546396584, 0.8746812819831058, 1.339593104895627], "Sigma": [[0.0072860844547346, 0.005423612288472034, -0.004157432259779427], [0.005423612288472034, 0.014832275906469775, -0.006827807501107798], [-0.004157432259779427, -0.006827807501107798, 0.004574211262057529]], "chi2_level": 0.997, "chi2_df": 3, "chi2_threshold": 13.931422665512084, "N_raw": 44, "N_roi": 44, "N_inlier": 43, "refit": true}
{"timestamp": "17:55:47.769828", "frame": 68, "mu": [-1.9183444486270895, 0.9113374497155202, 1.3191608859714916], "Sigma": [[0.010845128689602138, 0.006703263266633447, -0.006196653083480393], [0.006703263266633447, 0.013659058584991892, -0.009339662062004763], [-0.006196653083480393, -0.009339662062004764, 0.007929256588068468]], "chi2_level": 0.997, "chi2_df": 3, "chi2_threshold": 13.931422665512084, "N_raw": 53, "N_roi": 53, "N_inlier": 53, "refit": true}
{"timestamp": "17:55:47.830302", "frame": 69, "mu": [-1.9885976413514415, 0.9203094422362217, 1.226797121454186], "Sigma": [[0.01333070948935576, 0.006757687639838499, 0.003119415427948852], [0.006757687639838498, 0.010659138854614081, -0.0019201925979518068], [0.003119415427948852, -0.0019201925979518068, 0.059111674240831455]], "chi2_level": 0.997, "chi2_df": 3, "chi2_threshold": 13.931422665512084, "N_raw": 84, "N_roi": 84, "N_inlier": 84, "refit": true}
{"timestamp": "17:55:47.883660", "frame": 70, "mu": [-2.023113365181057, 0.9970426310787447, 1.266126025470617], "Sigma": [[0.01249097821374416, 0.007479060158872727, -0.0025665957554704853], [0.007479060158872727, 0.010258128294988551, -0.010230747571780791], [-0.002566595755470485, -0.010230747571780791, 0.03429639583857105]], "chi2_level": 0.997, "chi2_df": 3, "chi2_threshold": 13.931422665512084, "N_raw": 74, "N_roi": 74, "N_inlier": 71, "refit": true}
{"timestamp": "17:55:47.936513", "frame": 71, "mu": [-2.053420579253053, 1.0260480891282024, 1.318235542420837], "Sigma": [[0.013501611850389873, 0.006947894950086802, -0.006000718601247388], [0.006947894950086802, 0.0140996843806515, -0.008677139677676674], [-0.006000718601247388, -0.008677139677676674, 0.006483096081707659]], "chi2_level": 0.997, "chi2_df": 3, "chi2_threshold": 13.931422665512084, "N_raw": 57, "N_roi": 57, "N_inlier": 57, "refit": true}
{"timestamp": "17:55:47.997577", "frame": 72, "mu": [-2.0760291294347306, 1.0878515019051977, 1.0783086171863203], "Sigma": [[0.028199792804762668, 0.004552031005531869, 0.02389285391295661], [0.004552031005531869, 0.012527347935994623, -0.01516735591049554], [0.02389285391295661, -0.015167355910495537, 0.07237171769501305]], "chi2_level": 0.997, "chi2_df": 3, "chi2_threshold": 13.931422665512084, "N_raw": 98, "N_roi": 98, "N_inlier": 98, "refit": true}
{"timestamp": "17:55:48.047882", "frame": 73, "mu": [-2.111506503978613, 1.0970130898956467, 1.165195722359257], "Sigma": [[0.017910243695910204, 0.010402762693115956, 0.014382140068908346], [0.010402762693115956, 0.014190812101275154, -0.0002353637056183136], [0.014382140068908346, -0.00023536370561831393, 0.04745588691435644]], "chi2_level": 0.997, "chi2_df": 3, "chi2_threshold": 13.931422665512084, "N_raw": 64, "N_roi": 64, "N_inlier": 64, "refit": true}
{"timestamp": "17:55:48.101516", "frame": 74, "mu": [-2.122422876241373, 1.125104251344308, 1.168373287512002], "Sigma": [[0.016162690855619295, 0.012206389984811728, -0.0053573305373522655], [0.01220638998481173, 0.016137366991485956, -0.010299313824821686], [-0.0053573305373522655, -0.010299313824821686, 0.009190003441817187]], "chi2_level": 0.997, "chi2_df": 3, "chi2_threshold": 13.931422665512084, "N_raw": 62, "N_roi": 62, "N_inlier": 62, "refit": true}
{"timestamp": "17:55:48.154999", "frame": 75, "mu": [-2.1321816968162675, 1.351909332251476, -0.5694055983043106], "Sigma": [[0.014623047065122333, 0.007705739496617983, -0.005397179453717387], [0.007705739496617983, 0.015509484438575962, -0.0025863728458483115], [-0.005397179453717387, -0.0025863728458483115, 0.005284909864900266]], "chi2_level": 0.997, "chi2_df": 3, "chi2_threshold": 13.931422665512084, "N_raw": 55, "N_roi": 55, "N_inlier": 55, "refit": true}
{"timestamp": "17:55:48.213747", "frame": 76, "mu": [-2.166048868707057, 1.460251315821536, -0.4804644065296633], "Sigma": [[0.019851674991105007, 0.01328004143140838, -0.008501195087104965], [0.01328004143140838, 0.020497327203757597, -0.007971268992971937], [-0.008501195087104967, -0.007971268992971937, 0.015382952943352238]], "chi2_level": 0.997, "chi2_df": 3, "chi2_threshold": 13.931422665512084, "N_raw": 72, "N_roi": 72, "N_inlier": 71, "refit": true}
{"timestamp": "17:55:48.269304", "frame": 77, "mu": [-2.283179029341597, 1.5027206962883795, -0.49804655051801583], "Sigma": [[0.015747533843487718, 0.00831673878091158, 0.013267878713131415], [0.008316738780911583, 0.011955652025734427, -0.004231227960525055], [0.013267878713131415, -0.004231227960525055, 0.07735247696303003]], "chi2_level": 0.997, "chi2_df": 3, "chi2_threshold": 13.931422665512084, "N_raw": 80, "N_roi": 73, "N_inlier": 73, "refit": true}
{"timestamp": "17:55:48.325418", "frame": 78, "mu": [-2.2292929399768933, 1.5874241656387145, -0.37189185372741257], "Sigma": [[0.021982027865436647, 0.014437807313216287, 0.016895388127691983], [0.014437807313216287, 0.0190919640309737, 0.002316932507687439], [0.016895388127691983, 0.002316932507687439, 0.08623600061029012]], "chi2_level": 0.997, "chi2_df": 3, "chi2_threshold": 13.931422665512084, "N_raw": 84, "N_roi": 77, "N_inlier": 77, "refit": true}
{"timestamp": "17:55:48.382418", "frame": 79, "mu": [-2.2505835783112307, 1.6126851913379685, -0.589730931618115], "Sigma": [[0.019601559387170293, 0.01643196731137444, 0.027889330853022348], [0.01643196731137444, 0.0368673308591522, 0.02225764896711639], [0.027889330853022348, 0.02225764896711639, 0.06156493101785916]], "chi2_level": 0.997, "chi2_df": 3, "chi2_threshold": 13.931422665512084, "N_raw": 99, "N_roi": 86, "N_inlier": 86, "refit": true}
{"timestamp": "17:55:48.440627", "frame": 80, "mu": [-2.2537633492709683, 1.7515794286959243, -0.4383922503064135], "Sigma": [[0.017846033337058607, 0.008871021133904708, 0.016536821280563545], [0.008871021133904708, 0.018436721947684327, -0.015864560183001062], [0.016536821280563545, -0.015864560183001062, 0.07840956598576276]], "chi2_level": 0.997, "chi2_df": 3, "chi2_threshold": 13.931422665512084, "N_raw": 113, "N_roi": 81, "N_inlier": 81, "refit": true}
{"timestamp": "17:55:48.488307", "frame": 81, "mu": [-2.2830121399152055, 1.7879839406591302, -0.20471960433186037], "Sigma": [[0.013615145928098338, 0.011193584075820358, -0.009376450033308689], [0.011193584075820356, 0.023243220378549208, -0.012188847611775615], [-0.009376450033308689, -0.012188847611775615, 0.02117097660021231]], "chi2_level": 0.997, "chi2_df": 3, "chi2_threshold": 13.931422665512084, "N_raw": 75, "N_roi": 62, "N_inlier": 59, "refit": true}
{"timestamp": "17:55:48.547462", "frame": 82, "mu": [-2.3239841857508314, 1.7084904802936864, 1.4433620052782599], "Sigma": [[0.011511844618758657, 0.005100284744311273, 0.000661147239382362], [0.005100284744311272, 0.014610176356047324, -0.008348406519915724], [0.000661147239382362, -0.008348406519915724, 0.06596179496033684]], "chi2_level": 0.997, "chi2_df": 3, "chi2_threshold": 13.931422665512084, "N_raw": 101, "N_roi": 52, "N_inlier": 52, "refit": true}
{"timestamp": "17:55:48.596364", "frame": 83, "mu": [-2.2731965193022776, 1.8434060754424515, 1.5230105794013986], "Sigma": [[0.01320308680279554, 0.008981521912199641, -0.013290370083266046], [0.008981521912199641, 0.015210352486656644, -0.008682474080986187], [-0.013290370083266046, -0.008682474080986187, 0.018600814807112932]], "chi2_level": 0.997, "chi2_df": 3, "chi2_threshold": 13.931422665512084, "N_raw": 59, "N_roi": 47, "N_inlier": 46, "refit": true}
{"timestamp": "17:55:48.652310", "frame": 84, "mu": [-2.292799437640357, 1.930758804938588, -0.13420713752242433], "Sigma": [[0.013188532132422486, 0.015644417031783854, -0.006307428044981693], [0.01564441703178385, 0.030667688524689853, -0.006735517301732507], [-0.006307428044981693, -0.006735517301732507, 0.004684070736915221]], "chi2_level": 0.997, "chi2_df": 3, "chi2_threshold": 13.931422665512084, "N_raw": 69, "N_roi": 54, "N_inlier": 53, "refit": true}
{"timestamp": "17:55:48.706350", "frame": 85, "mu": [-2.3474368802452807, 2.0331115091452108, -0.08960249441208688], "Sigma": [[0.009669906977759513, 0.010178931594925446, -0.005197460769597206], [0.010178931594925446, 0.020496764586431734, -0.006553004679212499], [-0.005197460769597206, -0.006553004679212499, 0.003957248005564098]], "chi2_level": 0.997, "chi2_df": 3, "chi2_threshold": 13.931422665512084, "N_raw": 50, "N_roi": 33, "N_inlier": 31, "refit": true}
{"timestamp": "17:55:48.763920", "frame": 86, "mu": [-2.3166407734724137, 1.9995458970556088, 1.2890616099645043], "Sigma": [[0.013298515286385962, 0.009049837960244202, -0.010138366999767869], [0.009049837960244202, 0.018436568308608736, -0.011123482251520484], [-0.010138366999767869, -0.011123482251520482, 0.011375307523972035]], "chi2_level": 0.997, "chi2_df": 3, "chi2_threshold": 13.931422665512084, "N_raw": 81, "N_roi": 56, "N_inlier": 56, "refit": true}
{"timestamp": "17:55:48.811239", "frame": 87, "mu": [-2.3816913093458543, 2.015626587975317, 1.0163597872660028], "Sigma": [[0.006120576874567042, 0.0043353800406886805, -0.010502303603960764], [0.004335380040688681, 0.004388341897360248, -0.006836782327340659], [-0.010502303603960764, -0.006836782327340659, 0.04041237921750731]], "chi2_level": 0.997, "chi2_df": 3, "chi2_threshold": 13.931422665512084, "N_raw": 25, "N_roi": 10, "N_inlier": 10, "refit": true}
{"timestamp": "17:55:48.870917", "frame": 88, "mu": [-2.3790550896990528, 2.1641546212641867, -0.09745807258808267], "Sigma": [[0.005428306207219198, 0.005791843109213105, 0.009946909360564858], [0.005791843109213105, 0.017050018465495656, 0.012806188805724095], [0.00994690936056486, 0.012806188805724095, 0.05219409140216962]], "chi2_level": 0.997, "chi2_df": 3, "chi2_threshold": 13.931422665512084, "N_raw": 55, "N_roi": 25, "N_inlier": 24, "refit": true}
{"timestamp": "17:55:48.929525", "frame": 89, "mu": [-2.347223774941258, 2.314507510645103, 1.514199932525048], "Sigma": [[0.008689883518035983, 0.008132241847675777, -0.007899993482769272], [0.008132241847675777, 0.013518163414361965, -0.013449123738007466], [-0.007899993482769272, -0.013449123738007466, 0.021905882167898218]], "chi2_level": 0.997, "chi2_df": 3, "chi2_threshold": 13.931422665512084, "N_raw": 81, "N_roi": 36, "N_inlier": 34, "refit": true}
{"timestamp": "17:55:48.982264", "frame": 90, "mu": [-2.3712522485558987, 2.5272369146266764, -0.0936418583404162], "Sigma": [[0.006559615396956892, 0.005746324319739816, -0.00726260767676928], [0.005746324319739816, 0.01413807505725854, -0.020531962147066277], [-0.00726260767676928, -0.020531962147066277, 0.04004607206351707]], "chi2_level": 0.997, "chi2_df": 3, "chi2_threshold": 13.931422665512084, "N_raw": 64, "N_roi": 24, "N_inlier": 23, "refit": true}
{"timestamp": "17:55:49.035266", "frame": 91, "mu": [-2.3750140949186673, 2.4789842201980474, 0.9468495739441292], "Sigma": [[0.004984872088005181, 0.00010488287631401624, 0.0012554098375524318], [0.00010488287631401624, 0.003172732901041839, -0.006747128091989214], [0.0012554098375524318, -0.006747128091989214, 0.036898939258910024]], "chi2_level": 0.997, "chi2_df": 3, "chi2_threshold": 13.931422665512084, "N_raw": 48, "N_roi": 18, "N_inlier": 18, "refit": true}
{"timestamp": "17:55:49.086197", "frame": 92, "mu": [-2.3375590927544527, 2.697646834266949, -0.1952867283560797], "Sigma": [[0.009243248149759275, -0.008278009770604373, 0.026728884740475398], [-0.008278009770604373, 0.011859424275987388, -0.029719449307223537], [0.026728884740475398, -0.02971944930722354, 0.10163734925565535]], "chi2_level": 0.997, "chi2_df": 3, "chi2_threshold": 13.931422665512084, "N_raw": 20, "N_roi": 12, "N_inlier": 11, "refit": true}
{"timestamp": "17:55:49.202175", "frame": 94, "mu": [-2.346840538867484, 2.7832264601355736, -0.17940648322639707], "Sigma": [[0.007663903897372609, -0.0004119046932317484, 0.011429171878852899], [-0.0004119046932317484, 0.02421806562887504, -0.05678318599497599], [0.011429171878852899, -0.05678318599497599, 0.1679180055694048]], "chi2_level": 0.997, "chi2_df": 3, "chi2_threshold": 13.931422665512084, "N_raw": 62, "N_roi": 34, "N_inlier": 33, "refit": true}
{"timestamp": "17:55:49.415217", "frame": 98, "mu": [-2.292500008511252, 2.97597580186753, 0.3008671154958777], "Sigma": [[0.008034004178672099, 0.005561930408108744, -0.005734427091589613], [0.005561930408108744, 0.00891620493689881, -0.007656800506567262], [-0.005734427091589613, -0.007656800506567264, 0.008592433571260697]], "chi2_level": 0.997, "chi2_df": 3, "chi2_threshold": 13.931422665512084, "N_raw": 22, "N_roi": 21, "N_inlier": 20, "refit": true}
{"timestamp": "17:55:50.014818", "frame": 103, "mu": [-2.2557688032970526, 3.378078436733111, 0.251678857913765], "Sigma": [[0.012350412606138995, 0.0005595075978742968, 0.0026757682154295607], [0.0005595075978742968, 0.015759722943466215, -0.02601016835317415], [0.00267576821542956, -0.02601016835317415, 0.04921787689938897]], "chi2_level": 0.997, "chi2_df": 3, "chi2_threshold": 13.931422665512084, "N_raw": 37, "N_roi": 18, "N_inlier": 18, "refit": true}
{"timestamp": "17:55:50.069568", "frame": 105, "mu": [-2.1397238608508955, 3.3942750692446886, 1.3927719714781526], "Sigma": [[0.005580307978096786, 0.0015018735327785252, -0.00230990756787989], [0.001501873532778525, 0.0028015684494445844, -0.0015765214244394556], [-0.0023099075678798897, -0.0015765214244394556, 0.002314401471429301]], "chi2_level": 0.997, "chi2_df": 3, "chi2_threshold": 13.931422665512084, "N_raw": 12, "N_roi": 10, "N_inlier": 10, "refit": true}
{"timestamp": "17:55:50.097841", "frame": 106, "mu": [-2.1329062743115497, 3.5693921222893112, 0.2238086841817243], "Sigma": [[0.020141504996952712, 0.011889769785118999, -0.02617508451467148], [0.011889769785118999, 0.011914405509877534, -0.0204871259950873], [-0.02617508451467148, -0.0204871259950873, 0.042488009597665514]], "chi2_level": 0.997, "chi2_df": 3, "chi2_threshold": 13.931422665512084, "N_raw": 38, "N_roi": 38, "N_inlier": 38, "refit": true}
{"timestamp": "17:55:50.160771", "frame": 108, "mu": [-2.0348870339906937, 3.6005950971795992, 1.112907188804143], "Sigma": [[0.026706206355025672, 0.009489145321196685, -0.013318762787392814], [0.009489145321196685, 0.006169668786409275, -0.007173788295747384], [-0.013318762787392814, -0.0071737882957473844, 0.011108524411823585]], "chi2_level": 0.997, "chi2_df": 3, "chi2_threshold": 13.931422665512084, "N_raw": 41, "N_roi": 41, "N_inlier": 41, "refit": true}
{"timestamp": "17:55:50.198273", "frame": 109, "mu": [-2.0421772609364868, 3.6915043359572186, 1.1895820724675308], "Sigma": [[0.02446425688661352, 0.0066122053605875844, -0.016402062780717916], [0.006612205360587584, 0.003917635562283786, -0.007261845335075732], [-0.016402062780717916, -0.007261845335075732, 0.020371861308143623]], "chi2_level": 0.997, "chi2_df": 3, "chi2_threshold": 13.931422665512084, "N_raw": 39, "N_roi": 38, "N_inlier": 38, "refit": true}
