{"timestamp": "17:32:23.018217", "frame": 21, "mu": [1.0872192005512122, 0.6083088254751245, -0.5137140147435347], "Sigma": [[1.1488182454548952, 0.045576305515234145, 0.052555512326043635], [0.045576305515234145, 0.005600320346603178, 0.002538675570469321], [0.05255551232604364, 0.0025386755704693217, 0.01279253688724019]], "chi2_level": 0.997, "chi2_df": 3, "chi2_threshold": 13.931422665512084, "N_raw": 22, "N_roi": 22, "N_inlier": 22, "refit": true}
{"timestamp": "17:32:23.076120", "frame": 22, "mu": [1.4635478602609937, 0.5222778324376285, 1.3469072343831252], "Sigma": [[0.006510586861223733, -0.007373650717854291, -0.006717088951209467], [-0.007373650717854291, 0.013298415534103708, 0.006350190533808239], [-0.006717088951209466, 0.006350190533808239, 0.013228219591889957]], "chi2_level": 0.997, "chi2_df": 3, "chi2_threshold": 13.931422665512084, "N_raw": 40, "N_roi": 40, "N_inlier": 39, "refit": true}
{"timestamp": "17:32:23.130944", "frame": 23, "mu": [1.4229394717305415, 0.5809464307361727, 1.350046081350152], "Sigma": [[0.007228690467556469, -0.0036384020062713027, -0.010983715050564223], [-0.0036384020062713023, 0.00759952001552569, 0.0033185399165126593], [-0.010983715050564223, 0.0033185399165126593, 0.03577273207257363]], "chi2_level": 0.997, "chi2_df": 3, "chi2_threshold": 13.931422665512084, "N_raw": 22, "N_roi": 22, "N_inlier": 22, "refit": true}
{"timestamp": "17:32:23.187853", "frame": 24, "mu": [1.4175985876891468, 0.5517255053351374, 1.2905578811807203], "Sigma": [[0.009483271208001595, -0.006438925406242279, -0.01027342496452321], [-0.006438925406242279, 0.01106501475177944, 0.005858021407133181], [-0.01027342496452321, 0.005858021407133181, 0.01631955242727832]], "chi2_level": 0.997, "chi2_df": 3, "chi2_threshold": 13.931422665512084, "N_raw": 40, "N_roi": 40, "N_inlier": 40, "refit": true}
{"timestamp": "17:32:23.242934", "frame": 25, "mu": [1.364572949651715, 0.5187761964678836, 1.2569365209360934], "Sigma": [[0.00591700447208264, -0.005521031491395034, -0.009057951634203741], [-0.005521031491395035, 0.008090716742757865, 0.00575429213842233], [-0.00905795163420374, 0.00575429213842233, 0.0229678288696697]], "chi2_level": 0.997, "chi2_df": 3, "chi2_threshold": 13.931422665512084, "N_raw": 35, "N_roi": 35, "N_inlier": 34, "refit": true}
{"timestamp": "17:32:23.296048", "frame": 26, "mu": [1.3228970349934, 0.600956637201381, 1.2952207835923906], "Sigma": [[0.002707097215963453, -0.001743746739621477, -0.002898571651494004], [-0.0017437467396214767, 0.008558826970539184, -0.011219919590145663], [-0.002898571651494004, -0.011219919590145663, 0.029006742247943435]], "chi2_level": 0.997, "chi2_df": 3, "chi2_threshold": 13.931422665512084, "N_raw": 25, "N_roi": 25, "N_inlier": 24, "refit": true}
{"timestamp": "17:32:23.349891", "frame": 27, "mu": [1.3109780675654938, 0.5289753189715967, 1.1714827617378216], "Sigma": [[0.005700595026749214, -0.005146396406343397, -0.0056971487096748605], [-0.005146396406343397, 0.015650461278579032, 0.0006887175583569763], [-0.0056971487096748605, 0.0006887175583569758, 0.023001934762481142]], "chi2_level": 0.997, "chi2_df": 3, "chi2_threshold": 13.931422665512084, "N_raw": 20, "N_roi": 20, "N_inlier": 20, "refit": true}
{"timestamp": "17:32:23.405572", "frame": 28, "mu": [1.2263010000156997, 0.5976067501913906, 1.212868883684503], "Sigma": [[0.0037779888231925267, -0.002600380825177875, -0.004583884970075504], [-0.002600380825177875, 0.006954686704895436, -0.005099447552176501], [-0.004583884970075504, -0.005099447552176502, 0.0411271382458782]], "chi2_level": 0.997, "chi2_df": 3, "chi2_threshold": 13.931422665512084, "N_raw": 19, "N_roi": 19, "N_inlier": 19, "refit": true}
{"timestamp": "17:32:23.465982", "frame": 29, "mu": [1.1889823001305826, 0.6381845228942341, 1.219740796147783], "Sigma": [[0.004069438911146607, -0.002034043266622443, -0.0051711397966269675], [-0.002034043266622443, 0.0072568950357998685, -0.007390357318556028], [-0.0051711397966269675, -0.007390357318556027, 0.029076214278684773]], "chi2_level": 0.997, "chi2_df": 3, "chi2_threshold": 13.931422665512084, "N_raw": 54, "N_roi": 54, "N_inlier": 54, "refit": true}
{"timestamp": "17:32:23.516446", "frame": 30, "mu": [1.1255203649853784, 0.6927456936669018, 1.1161527968357448], "Sigma": [[0.0027951503545857737, 0.0002587942614294356, -0.005642669280424121], [0.0002587942614294355, 0.004947802893841497, -0.0085866085913416], [-0.005642669280424121, -0.0085866085913416, 0.02951367243825093]], "chi2_level": 0.997, "chi2_df": 3, "chi2_threshold": 13.931422665512084, "N_raw": 27, "N_roi": 27, "N_inlier": 26, "refit": true}
{"timestamp": "17:32:23.680062", "frame": 33, "mu": [0.8551226767427041, 0.6655852990175706, 1.2937758044106777], "Sigma": [[0.005760231086786338, -0.0025512717726814704, 0.005302659018890176], [-0.002551271772681471, 0.005009584711548662, 0.011527730989856004], [0.005302659018890174, 0.011527730989856004, 0.13345940014166577]], "chi2_level": 0.997, "chi2_df": 3, "chi2_threshold": 13.931422665512084, "N_raw": 18, "N_roi": 18, "N_inlier": 17, "refit": true}
{"timestamp": "17:32:23.738997", "frame": 34, "mu": [0.8638124277025075, 0.6332451482027278, 1.2746116320237029], "Sigma": [[0.005806207843855563, -0.0014740106853229496, -0.008750524240786735], [-0.0014740106853229496, 0.002595176563832472, 0.0008716670214170136], [-0.008750524240786735, 0.0008716670214170137, 0.0159856970317854]], "chi2_level": 0.997, "chi2_df": 3, "chi2_threshold": 13.931422665512084, "N_raw": 50, "N_roi": 50, "N_inlier": 47, "refit": true}
{"timestamp": "17:32:23.792331", "frame": 35, "mu": [0.8099323274120493, 0.7827361819032448, -0.4659990886594484], "Sigma": [[0.004155965775211467, 0.00043636643319584057, -0.004563241865095952], [0.00043636643319584057, 0.0011895169596409128, -0.0008325529557748116], [-0.004563241865095952, -0.0008325529557748116, 0.005832805675926802]], "chi2_level": 0.997, "chi2_df": 3, "chi2_threshold": 13.931422665512084, "N_raw": 30, "N_roi": 30, "N_inlier": 28, "refit": true}
{"timestamp": "17:32:23.850913", "frame": 36, "mu": [0.726382327023461, 0.6413327301049321, 1.4021257358727068], "Sigma": [[0.0052867235693836, -0.00047347498697588577, -0.004749132058500194], [-0.0004734749869758859, 0.0019387562057299249, -0.0010770029257646475], [-0.004749132058500194, -0.0010770029257646473, 0.007011703879772503]], "chi2_level": 0.997, "chi2_df": 3, "chi2_threshold": 13.931422665512084, "N_raw": 58, "N_roi": 58, "N_inlier": 55, "refit": true}
{"timestamp": "17:32:23.958504", "frame": 38, "mu": [0.6103304068350507, 0.615578439526993, 1.433615596037593], "Sigma": [[0.0028935004029023124, -0.0002478240704115899, -0.0028549528952755325], [-0.00024782407041159, 0.00178330247515665, -0.0016496834920866805], [-0.0028549528952755325, -0.0016496834920866805, 0.006952290275031879]], "chi2_level": 0.997, "chi2_df": 3, "chi2_threshold": 13.931422665512084, "N_raw": 43, "N_roi": 43, "N_inlier": 41, "refit": true}
{"timestamp": "17:32:24.015866", "frame": 39, "mu": [0.6055956792129172, 0.6223899291112938, 1.35429188919321], "Sigma": [[0.0033663921900787567, -0.0018522519358396623, -0.005976887710416318], [-0.0018522519358396626, 0.002074182673739417, 0.0029982748614242574], [-0.005976887710416318, 0.002998274861424258, 0.033372198000744244]], "chi2_level": 0.997, "chi2_df": 3, "chi2_threshold": 13.931422665512084, "N_raw": 54, "N_roi": 54, "N_inlier": 50, "refit": true}
{"timestamp": "17:32:24.067402", "frame": 40, "mu": [0.560947097348802, 0.6415075485814314, 1.3359148362044546], "Sigma": [[0.002398955832384887, 4.971283812021333e-05, -0.00410455345710135], [4.9712838120213274e-05, 0.003019012987597998, -0.011580716514136894], [-0.00410455345710135, -0.011580716514136894, 0.12429431567234958]], "chi2_level": 0.997, "chi2_df": 3, "chi2_threshold": 13.931422665512084, "N_raw": 36, "N_roi": 35, "N_inlier": 33, "refit": true}
{"timestamp": "17:32:24.124985", "frame": 41, "mu": [0.4656534572410223, 0.7560939344421576, -0.435029308922805], "Sigma": [[0.0033310272336560713, 0.0005117129394327356, -0.0038150011727337008], [0.0005117129394327356, 0.002336085186546345, -0.0029558888546867357], [-0.0038150011727337008, -0.002955888854686736, 0.007474705784310852]], "chi2_level": 0.997, "chi2_df": 3, "chi2_threshold": 13.931422665512084, "N_raw": 54, "N_roi": 54, "N_inlier": 51, "refit": true}
{"timestamp": "17:32:24.177247", "frame": 42, "mu": [0.3903118241736641, 0.6311915047123146, 1.2024421371995595], "Sigma": [[0.00680091779635517, 0.00199110922470254, 0.02607288404278547], [0.00199110922470254, 0.001953871575924014, 0.011789420242523857], [0.02607288404278547, 0.011789420242523857, 0.2551286570719669]], "chi2_level": 0.997, "chi2_df": 3, "chi2_threshold": 13.931422665512084, "N_raw": 32, "N_roi": 32, "N_inlier": 30, "refit": true}
{"timestamp": "17:32:24.232173", "frame": 43, "mu": [0.3419285004333756, 0.6753252024247768, 1.1104932804236682], "Sigma": [[0.00860189335797879, -0.0006240427743481367, 0.026338734164256833], [-0.0006240427743481367, 0.0015158350216716492, -0.009186138939549261], [0.026338734164256833, -0.009186138939549261, 0.260500550136924]], "chi2_level": 0.997, "chi2_df": 3, "chi2_threshold": 13.931422665512084, "N_raw": 31, "N_roi": 31, "N_inlier": 31, "refit": true}
{"timestamp": "17:32:24.290051", "frame": 44, "mu": [0.29585650880014935, 0.7035949481402296, 1.3203961258704708], "Sigma": [[0.0015375913492144953, -0.00011888195094360094, -0.0005451512388768634], [-0.00011888195094360091, 0.0029484750945260917, -0.005065406064630018], [-0.0005451512388768636, -0.005065406064630018, 0.02435366155694373]], "chi2_level": 0.997, "chi2_df": 3, "chi2_threshold": 13.931422665512084, "N_raw": 58, "N_roi": 58, "N_inlier": 55, "refit": true}
{"timestamp": "17:32:24.346449", "frame": 45, "mu": [0.23887097934610074, 0.6892815797515813, 1.306513614619532], "Sigma": [[0.004262072709740887, -0.0012707148552706736, 0.006907559769978225], [-0.0012707148552706733, 0.0011750084154604394, -0.0041011095205135024], [0.006907559769978224, -0.0041011095205135024, 0.0453589716812212]], "chi2_level": 0.997, "chi2_df": 3, "chi2_threshold": 13.931422665512084, "N_raw": 62, "N_roi": 62, "N_inlier": 59, "refit": true}
{"timestamp": "17:32:24.404998", "frame": 46, "mu": [0.16505082290587297, 0.7060463740872274, 1.2669689365573131], "Sigma": [[0.0023511606130407524, -0.0012549596096248132, 0.00033682056958689094], [-0.001254959609624813, 0.0017492628028498048, -0.0006084601569436611], [0.000336820569586891, -0.0006084601569436611, 0.01830762755872105]], "chi2_level": 0.997, "chi2_df": 3, "chi2_threshold": 13.931422665512084, "N_raw": 83, "N_roi": 83, "N_inlier": 79, "refit": true}
{"timestamp": "17:32:24.456966", "frame": 47, "mu": [0.12056613628411912, 0.6986783518379605, 1.3073838379900369], "Sigma": [[0.0015138806273882752, -0.000573703430249027, -0.0016705892779808815], [-0.0005737034302490271, 0.0009436564252367541, -0.0008383937108467768], [-0.0016705892779808815, -0.0008383937108467768, 0.010821454903859431]], "chi2_level": 0.997, "chi2_df": 3, "chi2_threshold": 13.931422665512084, "N_raw": 62, "N_roi": 62, "N_inlier": 58, "refit": true}
{"timestamp": "17:32:24.510290", "frame": 48, "mu": [0.07370727635557106, 0.6317327692466063, 1.2363111530696906], "Sigma": [[0.0016798909213914545, -0.0019049633689053626, -0.0011333226660174755], [-0.0019049633689053626, 0.0053440800241806264, -0.0009800401766348423], [-0.0011333226660174755, -0.0009800401766348423, 0.004029511809549029]], "chi2_level": 0.997, "chi2_df": 3, "chi2_threshold": 13.931422665512084, "N_raw": 59, "N_roi": 59, "N_inlier": 55, "refit": true}
{"timestamp": "17:32:24.566501", "frame": 49, "mu": [0.021363504861936777, 0.6307364268634243, 1.2499730420324133], "Sigma": [[0.0012368716277248264, -0.00031573281672312456, 0.00014009912499947114], [-0.0003157328167231246, 0.002718491016543627, -0.0023398486695113616], [0.00014009912499947114, -0.0023398486695113616, 0.0022659684112959254]], "chi2_level": 0.997, "chi2_df": 3, "chi2_threshold": 13.931422665512084, "N_raw": 54, "N_roi": 54, "N_inlier": 49, "refit": true}
{"timestamp": "17:32:24.616843", "frame": 50, "mu": [0.000628264685275864, 0.7299878843837624, 1.2836682958396675], "Sigma": [[0.002063453867495277, -0.0007824611771462384, 0.0010544379271853863], [-0.0007824611771462384, 0.0010494177448264132, -0.001421027648188878], [0.0010544379271853863, -0.001421027648188878, 0.00253103761398534]], "chi2_level": 0.997, "chi2_df": 3, "chi2_threshold": 13.931422665512084, "N_raw": 39, "N_roi": 39, "N_inlier": 38, "refit": true}
{"timestamp": "17:32:24.678961", "frame": 51, "mu": [-0.08820857061108603, 0.67736128554626, 1.3178787605986266], "Sigma": [[0.0026959252974359258, -0.000636267475533509, -0.0034542228323710023], [-0.000636267475533509, 0.002109832065747375, -0.0023847102183859226], [-0.0034542228323710023, -0.002384710218385923, 0.01067059560691788]], "chi2_level": 0.997, "chi2_df": 3, "chi2_threshold": 13.931422665512084, "N_raw": 89, "N_roi": 89, "N_inlier": 87, "refit": true}
{"timestamp": "17:32:24.729892", "frame": 52, "mu": [-0.12391238580256396, 0.6536041578164634, 1.1915309184532872], "Sigma": [[0.002155092456847315, -0.001503745140052866, -0.00044057528431609304], [-0.001503745140052866, 0.0029041861689777506, -0.0010070053730733583], [-0.00044057528431609293, -0.0010070053730733583, 0.005138779806880099]], "chi2_level": 0.997, "chi2_df": 3, "chi2_threshold": 13.931422665512084, "N_raw": 50, "N_roi": 50, "N_inlier": 46, "refit": true}
{"timestamp": "17:32:24.783760", "frame": 53, "mu": [-0.15475899217709135, 0.6006891118118882, 1.2133982644481014], "Sigma": [[0.0013862288288277124, -0.001013436177116557, 0.00035150128386488857], [-0.001013436177116557, 0.006206126813648888, -0.0012788141953216899], [0.00035150128386488846, -0.0012788141953216899, 0.0012390088831454253]], "chi2_level": 0.997, "chi2_df": 3, "chi2_threshold": 13.931422665512084, "N_raw": 46, "N_roi": 46, "N_inlier": 43, "refit": true}
{"timestamp": "17:32:24.834630", "frame": 54, "mu": [-0.4043839499153445, 1.2257534404627168, 0.1368959739723779], "Sigma": [[0.0441882832524796, -0.1795287706094529, 0.3174252363724374], [-0.17952877060945294, 1.225015712293659, -1.7128346051883323], [0.31742523637243747, -1.7128346051883323, 2.6852650477755478]], "chi2_level": 0.997, "chi2_df": 3, "chi2_threshold": 13.931422665512084, "N_raw": 11, "N_roi": 11, "N_inlier": 11, "refit": true}
{"timestamp": "17:32:24.896193", "frame": 55, "mu": [-0.30709158919869356, 0.6117362101982208, 1.2217604117689327], "Sigma": [[0.0020311118804547785, 0.0006908149966315092, 0.0010657839679940437], [0.0006908149966315092, 0.0021594520932876247, -0.00010618762578191779], [0.0010657839679940435, -0.00010618762578191781, 0.006732229496386391]], "chi2_level": 0.997, "chi2_df": 3, "chi2_threshold": 13.931422665512084, "N_raw": 58, "N_roi": 58, "N_inlier": 56, "refit": true}
{"timestamp": "17:32:24.952699", "frame": 56, "mu": [-0.3594907483139605, 0.6258744593652852, 1.2456640116682678], "Sigma": [[0.003299024847393043, -0.0007431798123250133, 0.0005871592117181954], [-0.0007431798123250133, 0.0019411776816296402, -0.0018709542390698752], [0.0005871592117181954, -0.0018709542390698752, 0.004574882594516701]], "chi2_level": 0.997, "chi2_df": 3, "chi2_threshold": 13.931422665512084, "N_raw": 69, "N_roi": 69, "N_inlier": 69, "refit": true}
{"timestamp": "17:32:25.005861", "frame": 57, "mu": [-0.4630002665475323, 0.6229957935188397, 1.3043523398725898], "Sigma": [[0.0021018392014396374, -0.0012264227408894644, -0.000298914196252849], [-0.0012264227408894644, 0.001243831658320909, -0.0011553937963268302], [-0.000298914196252849, -0.0011553937963268302, 0.00613243972510941]], "chi2_level": 0.997, "chi2_df": 3, "chi2_threshold": 13.931422665512084, "N_raw": 56, "N_roi": 56, "N_inlier": 52, "refit": true}
{"timestamp": "17:32:25.060340", "frame": 58, "mu": [-0.4650456884525575, 0.5839453647895428, 1.1433540296046365], "Sigma": [[0.0020089925989665485, -0.0015833403608698589, 6.843522870649872e-05], [-0.0015833403608698589, 0.008512302372866223, -0.017366262949891634], [6.843522870649861e-05, -0.017366262949891634, 0.048732897040930756]], "chi2_level": 0.997, "chi2_df": 3, "chi2_threshold": 13.931422665512084, "N_raw": 55, "N_roi": 55, "N_inlier": 51, "refit": true}
{"timestamp": "17:32:25.111557", "frame": 59, "mu": [-0.7552653394779513, 0.5029941485389099, 1.500012615756974], "Sigma": [[0.018309571690434037, 0.006155828688605123, -0.026585956519776452], [0.006155828688605123, 0.0034127103369578377, -0.009926101889246756], [-0.026585956519776452, -0.009926101889246756, 0.04728129618468937]], "chi2_level": 0.997, "chi2_df": 3, "chi2_threshold": 13.931422665512084, "N_raw": 25, "N_roi": 23, "N_inlier": 23, "refit": true}
{"timestamp": "17:32:25.173409", "frame": 60, "mu": [-0.6188581761100969, 0.5538306826338982, 1.3019104768825616], "Sigma": [[0.016741013611434236, 0.00217885829509533, -0.01878592217628234], [0.00217885829509533, 0.0028042704572724397, -0.006611110973390553], [-0.01878592217628234, -0.006611110973390553, 0.029447255525768636]], "chi2_level": 0.997, "chi2_df": 3, "chi2_threshold": 13.931422665512084, "N_raw": 82, "N_roi": 82, "N_inlier": 77, "refit": true}
{"timestamp": "17:32:25.224773", "frame": 61, "mu": [-0.7771053952466939, 0.5243911160629866, 1.459087306426123], "Sigma": [[0.021961098851482588, 0.008073428821217293, -0.023728997991722484], [0.008073428821217293, 0.005811068557392618, -0.012399433577458046], [-0.023728997991722484, -0.012399433577458048, 0.03255434777411441]], "chi2_level": 0.997, "chi2_df": 3, "chi2_threshold": 13.931422665512084, "N_raw": 52, "N_roi": 52, "N_inlier": 51, "refit": true}
{"timestamp": "17:32:25.278345", "frame": 62, "mu": [-0.8877437975457795, 0.49875661228057655, 1.5108499398866118], "Sigma": [[0.010011182421221, 0.0033629436954831825, -0.006281787306050009], [0.0033629436954831834, 0.004557288395055295, -0.007573323357411156], [-0.006281787306050007, -0.007573323357411155, 0.015294386444492932]], "chi2_level": 0.997, "chi2_df": 3, "chi2_threshold": 13.931422665512084, "N_raw": 43, "N_roi": 43, "N_inlier": 40, "refit": true}
{"timestamp": "17:32:25.336980", "frame": 63, "mu": [-0.9124259372926345, 0.46722839744048167, 1.5064076426899882], "Sigma": [[0.007363998348785214, 0.0018550366263440064, -0.004948731154303412], [0.0018550366263440064, 0.0038171409866883037, -0.006557515156675899], [-0.004948731154303412, -0.006557515156675899, 0.016232770834663984]], "chi2_level": 0.997, "chi2_df": 3, "chi2_threshold": 13.931422665512084, "N_raw": 68, "N_roi": 68, "N_inlier": 65, "refit": true}
{"timestamp": "17:32:25.391368", "frame": 64, "mu": [-0.9595648601679407, 0.48512033023512285, 1.4932078724682878], "Sigma": [[0.007428804233242068, 0.0027131230521465796, -0.0017250256170052787], [0.0027131230521465796, 0.0029915140634593357, -0.004384662533825405], [-0.0017250256170052787, -0.004384662533825406, 0.010201999874192446]], "chi2_level": 0.997, "chi2_df": 3, "chi2_threshold": 13.931422665512084, "N_raw": 63, "N_roi": 63, "N_inlier": 61, "refit": true}
{"timestamp": "17:32:25.447193", "frame": 65, "mu": [-0.9266682258103409, 0.5036966134647839, 1.300082758420974], "Sigma": [[0.013439561424475993, 0.005974980429847838, -0.02365450486301273], [0.005974980429847839, 0.004656821796741082, -0.014398321000918984], [-0.02365450486301273, -0.014398321000918984, 0.06291929182090125]], "chi2_level": 0.997, "chi2_df": 3, "chi2_threshold": 13.931422665512084, "N_raw": 71, "N_roi": 71, "N_inlier": 69, "refit": true}
{"timestamp": "17:32:25.498598", "frame": 66, "mu": [-1.0081238988202128, 0.3709053688459777, 1.3490273354464946], "Sigma": [[0.004645357926631652, 0.004320420194673048, -0.0018727723806082459], [0.004320420194673049, 0.005037289587378041, -0.0032486270161290838], [-0.001872772380608246, -0.0032486270161290838, 0.01222284253436987]], "chi2_level": 0.997, "chi2_df": 3, "chi2_threshold": 13.931422665512084, "N_raw": 44, "N_roi": 44, "N_inlier": 41, "refit": true}
{"timestamp": "17:32:25.556233", "frame": 67, "mu": [-1.082461596969851, 0.5025913301407595, 1.4311721839851859], "Sigma": [[0.006979435455823726, 0.0008676904766414958, -0.004222708406794173], [0.0008676904766414958, 0.004332671695450128, -0.0023217038354636306], [-0.004222708406794173, -0.0023217038354636306, 0.018781960589984763]], "chi2_level": 0.997, "chi2_df": 3, "chi2_threshold": 13.931422665512084, "N_raw": 62, "N_roi": 62, "N_inlier": 61, "refit": true}
{"timestamp": "17:32:25.612149", "frame": 68, "mu": [-1.1446683170706287, 0.4077644552784364, 1.3124910542966344], "Sigma": [[0.005553079528163018, 0.00036198114845196105, -0.0009237225641051305], [0.00036198114845196116, 0.007424568530636654, -0.00682767308444394], [-0.0009237225641051305, -0.00682767308444394, 0.008139987673529915]], "chi2_level": 0.997, "chi2_df": 3, "chi2_threshold": 13.931422665512084, "N_raw": 68, "N_roi": 68, "N_inlier": 65, "refit": true}
{"timestamp": "17:32:25.666720", "frame": 69, "mu": [-1.2354957640750377, 0.4645757778892079, 1.387159952160354], "Sigma": [[0.007204737630251757, 0.0007396389580275342, -0.0016936443315268535], [0.0007396389580275342, 0.008155542414270455, -0.005954532692898079], [-0.0016936443315268535, -0.0059545326928980786, 0.007481226935129854]], "chi2_level": 0.997, "chi2_df": 3, "chi2_threshold": 13.931422665512084, "N_raw": 64, "N_roi": 64, "N_inlier": 61, "refit": true}
{"timestamp": "17:32:25.720363", "frame": 70, "mu": [-1.271762019882719, 0.4393591733798468, 1.336794216411531], "Sigma": [[0.005376236920669677, 0.002429851559386648, -0.0017752497608357187], [0.0024298515593866475, 0.0067813282308857165, -0.0036801061334292336], [-0.0017752497608357187, -0.0036801061334292336, 0.01575275378272956]], "chi2_level": 0.997, "chi2_df": 3, "chi2_threshold": 13.931422665512084, "N_raw": 59, "N_roi": 59, "N_inlier": 57, "refit": true}
{"timestamp": "17:32:25.776883", "frame": 71, "mu": [-1.311854636050422, 0.5046286463992575, 1.4113929539304075], "Sigma": [[0.00834475903964858, -0.0006353651731901056, -0.002177730385903985], [-0.0006353651731901056, 0.00884327377051944, -0.005320817690860027], [-0.0021777303859039847, -0.005320817690860027, 0.008972590428010125]], "chi2_level": 0.997, "chi2_df": 3, "chi2_threshold": 13.931422665512084, "N_raw": 70, "N_roi": 70, "N_inlier": 64, "refit": true}
{"timestamp": "17:32:25.830866", "frame": 72, "mu": [-1.3504813211024733, 0.4717399545784627, 1.362286090042046], "Sigma": [[0.007081858202514157, 8.523012307237081e-05, -0.0017733198023797163], [8.52301230723707e-05, 0.006431262386165701, -0.005387294759055554], [-0.0017733198023797163, -0.005387294759055554, 0.006288045180323274]], "chi2_level": 0.997, "chi2_df": 3, "chi2_threshold": 13.931422665512084, "N_raw": 58, "N_roi": 58, "N_inlier": 56, "refit": true}
{"timestamp": "17:32:25.881557", "frame": 73, "mu": [-1.371351593925242, 0.5508958401005108, 1.3261430209387002], "Sigma": [[0.004023792806590955, 0.0037686214776897764, 0.005125783532011042], [0.0037686214776897764, 0.010948824441474672, 0.007422183989484481], [0.005125783532011041, 0.007422183989484479, 0.02121272241122211]], "chi2_level": 0.997, "chi2_df": 3, "chi2_threshold": 13.931422665512084, "N_raw": 29, "N_roi": 29, "N_inlier": 28, "refit": true}
{"timestamp": "17:32:25.938054", "frame": 74, "mu": [-1.3866738882933438, 0.4678370680811535, 1.346133453019844], "Sigma": [[0.005863242092050113, 0.0005288052791884501, -0.002286105105038491], [0.0005288052791884501, 0.007861600560195183, -0.0034996972045801683], [-0.002286105105038491, -0.0034996972045801683, 0.002765141600829613]], "chi2_level": 0.997, "chi2_df": 3, "chi2_threshold": 13.931422665512084, "N_raw": 40, "N_roi": 40, "N_inlier": 39, "refit": true}
{"timestamp": "17:32:25.994818", "frame": 75, "mu": [-1.4403229541104576, 0.4915915587282661, 1.2772632742152843], "Sigma": [[0.0056062370667647335, 0.0009859812503877673, -0.00019629219780582352], [0.0009859812503877675, 0.007214830283245618, -0.003685159490996542], [-0.0001962921978058234, -0.003685159490996542, 0.005621592963062008]], "chi2_level": 0.997, "chi2_df": 3, "chi2_threshold": 13.931422665512084, "N_raw": 49, "N_roi": 49, "N_inlier": 45, "refit": true}
{"timestamp": "17:32:26.050956", "frame": 76, "mu": [-1.0439108886395847, 0.44375767032042523, 1.2763477900562092], "Sigma": [[1.109789518227567, -0.03267920115296192, 0.024598675256334877], [-0.03267920115296192, 0.00698504618010116, -0.0046022431553659855], [0.024598675256334877, -0.0046022431553659855, 0.005229773390769917]], "chi2_level": 0.997, "chi2_df": 3, "chi2_threshold": 13.931422665512084, "N_raw": 58, "N_roi": 58, "N_inlier": 56, "refit": true}
{"timestamp": "17:32:26.101804", "frame": 77, "mu": [-1.5251658469226241, 0.5039611544727862, 1.29279055706723], "Sigma": [[0.004113123942558124, 0.0037560291672070305, -0.0011608059796432623], [0.0037560291672070305, 0.008185123226235791, -0.00439109965089482], [-0.0011608059796432623, -0.00439109965089482, 0.006044270653967036]], "chi2_level": 0.997, "chi2_df": 3, "chi2_threshold": 13.931422665512084, "N_raw": 32, "N_roi": 32, "N_inlier": 30, "refit": true}
{"timestamp": "17:32:26.154817", "frame": 78, "mu": [-1.1603800481190272, 0.4767759868770866, 1.2297630542066245], "Sigma": [[0.9898689948067462, -0.0309721823726698, 0.01884007423262629], [-0.030972182372669795, 0.006224679274595223, -0.0030915696968364615], [0.018840074232626295, -0.0030915696968364624, 0.0023637637009565407]], "chi2_level": 0.997, "chi2_df": 3, "chi2_threshold": 13.931422665512084, "N_raw": 21, "N_roi": 21, "N_inlier": 21, "refit": true}
{"timestamp": "17:32:26.209724", "frame": 79, "mu": [-1.5844388051619653, 0.7760734489995974, -0.6025124555331247], "Sigma": [[0.0065802465755722865, 0.004942528740800488, 0.001303706579639078], [0.004942528740800488, 0.008435079941075162, -0.00012270021924759133], [0.0013037065796390776, -0.00012270021924759144, 0.006146771931508148]], "chi2_level": 0.997, "chi2_df": 3, "chi2_threshold": 13.931422665512084, "N_raw": 21, "N_roi": 21, "N_inlier": 21, "refit": true}
{"timestamp": "17:32:26.268337", "frame": 80, "mu": [-1.2439617269590817, 0.48912822493506386, 1.0692387869186157], "Sigma": [[1.3268377887539111, -0.024488159267743927, -0.008481855182306696], [-0.024488159267743927, 0.011043335312741525, 0.003536117977030311], [-0.008481855182306697, 0.003536117977030311, 0.018674054676763058]], "chi2_level": 0.997, "chi2_df": 3, "chi2_threshold": 13.931422665512084, "N_raw": 44, "N_roi": 44, "N_inlier": 43, "refit": true}
{"timestamp": "17:32:26.321800", "frame": 81, "mu": [-1.3466657699290356, 0.5034400061958781, 1.0410560056682472], "Sigma": [[1.2423037991853785, -0.030628162313249108, 0.004608073614668424], [-0.030628162313249104, 0.009683079449609088, -0.00024113792895270154], [0.004608073614668426, -0.00024113792895270143, 0.011385943534260387]], "chi2_level": 0.997, "chi2_df": 3, "chi2_threshold": 13.931422665512084, "N_raw": 35, "N_roi": 35, "N_inlier": 35, "refit": true}
{"timestamp": "17:32:26.381514", "frame": 82, "mu": [-1.05288647781454, 0.4954574171718814, 1.0771648927253095], "Sigma": [[2.029004516054174, -0.020725243059429577, 0.0019014502456877608], [-0.02072524305942957, 0.007852627889800198, -0.001481352671856198], [0.0019014502456877608, -0.0014813526718561983, 0.02104434131843119]], "chi2_level": 0.997, "chi2_df": 3, "chi2_threshold": 13.931422665512084, "N_raw": 65, "N_roi": 65, "N_inlier": 64, "refit": true}
{"timestamp": "17:32:26.437440", "frame": 83, "mu": [-1.19403865556777, 0.6161639895787643, -0.7963477888403696], "Sigma": [[1.7124231480557595, -0.08753779126972783, -0.050527724076720806], [-0.08753779126972783, 0.03263950975243595, 0.005019474741858064], [-0.050527724076720806, 0.005019474741858065, 0.018585298841980506]], "chi2_level": 0.997, "chi2_df": 3, "chi2_threshold": 13.931422665512084, "N_raw": 71, "N_roi": 71, "N_inlier": 69, "refit": true}
{"timestamp": "17:32:26.486457", "frame": 84, "mu": [-1.7684444972546063, 0.6064521483501443, 1.2207755598269903], "Sigma": [[0.006903486053200022, 0.004963022508456045, -0.004406098120101473], [0.004963022508456045, 0.009121911158211182, -0.004789650047946615], [-0.004406098120101473, -0.004789650047946615, 0.004059919140197103]], "chi2_level": 0.997, "chi2_df": 3, "chi2_threshold": 13.931422665512084, "N_raw": 30, "N_roi": 30, "N_inlier": 28, "refit": true}
{"timestamp": "17:32:26.542693", "frame": 85, "mu": [-1.5508560847944997, 0.5579873595329213, 1.1274854476644913], "Sigma": [[0.9504669559885692, -0.03571068003111527, 0.03169028879856863], [-0.03571068003111527, 0.007950228879534777, -0.006381877027292655], [0.031690288798568625, -0.006381877027292655, 0.008139878950881172]], "chi2_level": 0.997, "chi2_df": 3, "chi2_threshold": 13.931422665512084, "N_raw": 47, "N_roi": 47, "N_inlier": 45, "refit": true}
{"timestamp": "17:32:26.601184", "frame": 86, "mu": [-1.5527939707948184, 0.5688221577280076, 1.105439135204698], "Sigma": [[1.0232822555147338, -0.03346559264302239, 0.037556448069607576], [-0.03346559264302239, 0.00987245087808728, -0.007251420744156831], [0.037556448069607576, -0.007251420744156831, 0.010042083093899699]], "chi2_level": 0.997, "chi2_df": 3, "chi2_threshold": 13.931422665512084, "N_raw": 58, "N_roi": 58, "N_inlier": 57, "refit": true}
{"timestamp": "17:32:26.653918", "frame": 87, "mu": [-1.8723338582802034, 0.6070225191325226, 1.1203621339026448], "Sigma": [[0.009158750034535265, 0.005768501505088608, -0.0031462753211357877], [0.005768501505088607, 0.007343162454427124, -0.005399530847447017], [-0.0031462753211357877, -0.005399530847447017, 0.008677737928768749]], "chi2_level": 0.997, "chi2_df": 3, "chi2_threshold": 13.931422665512084, "N_raw": 46, "N_roi": 46, "N_inlier": 44, "refit": true}
{"timestamp": "17:32:26.707293", "frame": 88, "mu": [-1.8619530606825876, 0.6061124114495726, 1.1118868301258145], "Sigma": [[0.007655758209607716, 0.005158852327189742, -0.0016431060446953265], [0.005158852327189742, 0.008873582470620424, -0.005732693020149476], [-0.0016431060446953267, -0.005732693020149477, 0.006218154246222188]], "chi2_level": 0.997, "chi2_df": 3, "chi2_threshold": 13.931422665512084, "N_raw": 41, "N_roi": 41, "N_inlier": 40, "refit": true}
{"timestamp": "17:32:26.762921", "frame": 89, "mu": [-1.9022912520820752, 0.6406986027449029, 1.1476892924492421], "Sigma": [[0.008287862713614898, 0.0051710935460243706, -0.0037602893047105758], [0.00517109354602437, 0.01228549712867199, -0.007582314899149513], [-0.0037602893047105758, -0.007582314899149513, 0.0059119608892274364]], "chi2_level": 0.997, "chi2_df": 3, "chi2_threshold": 13.931422665512084, "N_raw": 45, "N_roi": 45, "N_inlier": 43, "refit": true}
{"timestamp": "17:32:26.817363", "frame": 90, "mu": [-1.5906677728947056, 0.6016306251327171, 1.1034303447752476], "Sigma": [[1.102738257101442, -0.03869657315425376, 0.028410840165497605], [-0.03869657315425376, 0.013376312992822834, -0.006154161945299839], [0.0284108401654976, -0.006154161945299839, 0.004402860213727935]], "chi2_level": 0.997, "chi2_df": 3, "chi2_threshold": 13.931422665512084, "N_raw": 41, "N_roi": 41, "N_inlier": 41, "refit": true}
{"timestamp": "17:32:26.871610", "frame": 91, "mu": [-1.8685775584416653, 0.6336078741044238, 1.007929313501576], "Sigma": [[0.00508933840963382, 0.0067986132673870745, 0.0009571401185793041], [0.0067986132673870745, 0.010632750366818206, -0.000810885209417328], [0.0009571401185793042, -0.0008108852094173278, 0.009313336838580025]], "chi2_level": 0.997, "chi2_df": 3, "chi2_threshold": 13.931422665512084, "N_raw": 23, "N_roi": 23, "N_inlier": 22, "refit": true}
{"timestamp": "17:32:26.926130", "frame": 92, "mu": [-1.906360155576614, 0.8128452115187498, 1.1449072440707684], "Sigma": [[0.004848292380302076, 0.001667775723201721, -0.001825985352575715], [0.001667775723201721, 0.010199912235468572, -0.00395395824828565], [-0.0018259853525757145, -0.00395395824828565, 0.0037999478379591484]], "chi2_level": 0.997, "chi2_df": 3, "chi2_threshold": 13.931422665512084, "N_raw": 33, "N_roi": 33, "N_inlier": 33, "refit": true}
{"timestamp": "17:32:26.981112", "frame": 93, "mu": [-2.020860174555959, 0.7340338041879272, 1.1108099479069458], "Sigma": [[0.0061235901029579095, 0.005682231839807391, -0.005042929323872493], [0.005682231839807391, 0.012849061316216158, -0.008947005864617288], [-0.005042929323872493, -0.008947005864617288, 0.00808083587005332]], "chi2_level": 0.997, "chi2_df": 3, "chi2_threshold": 13.931422665512084, "N_raw": 33, "N_roi": 33, "N_inlier": 33, "refit": true}
{"timestamp": "17:32:27.037421", "frame": 94, "mu": [-2.009661056464612, 0.7589433075799319, 1.1465847352642777], "Sigma": [[0.00949674803483613, 0.007360306650786632, -0.0040877528969624315], [0.00736030665078663, 0.015475526377051383, -0.0071459425709861045], [-0.0040877528969624315, -0.0071459425709861045, 0.004364609553953705]], "chi2_level": 0.997, "chi2_df": 3, "chi2_threshold": 13.931422665512084, "N_raw": 41, "N_roi": 41, "N_inlier": 41, "refit": true}
{"timestamp": "17:32:27.093901", "frame": 95, "mu": [-2.0412946406075863, 0.8087918597633125, 1.1393860333693155], "Sigma": [[0.011220537325618654, 0.007148461705637429, -0.006063487207434319], [0.007148461705637429, 0.013483246129471379, -0.010272848728848294], [-0.006063487207434319, -0.010272848728848292, 0.009506207883947146]], "chi2_level": 0.997, "chi2_df": 3, "chi2_threshold": 13.931422665512084, "N_raw": 53, "N_roi": 53, "N_inlier": 52, "refit": true}
{"timestamp": "17:32:27.146518", "frame": 96, "mu": [-2.0554418316177885, 0.8675626704186328, 1.1275771047631729], "Sigma": [[0.006861971035877482, 0.004926278180770127, -0.00560257444441937], [0.004926278180770128, 0.006727693886945345, -0.007661919305806468], [-0.00560257444441937, -0.007661919305806468, 0.011055395064516452]], "chi2_level": 0.997, "chi2_df": 3, "chi2_threshold": 13.931422665512084, "N_raw": 33, "N_roi": 33, "N_inlier": 32, "refit": true}
{"timestamp": "17:32:27.203212", "frame": 97, "mu": [-2.0456915843831522, 0.8994296741099472, 1.251196190331079], "Sigma": [[0.011922031043053411, 0.008812102683326849, -0.003378490331608469], [0.008812102683326849, 0.01362333582640223, -0.007386003277344091], [-0.003378490331608469, -0.007386003277344091, 0.006067160862926135]], "chi2_level": 0.997, "chi2_df": 3, "chi2_threshold": 13.931422665512084, "N_raw": 48, "N_roi": 48, "N_inlier": 48, "refit": true}
{"timestamp": "17:32:27.263652", "frame": 98, "mu": [-2.163395115183185, 0.8194041570812345, 0.9641979328075398], "Sigma": [[0.024013413089019796, 0.02412218280578503, 0.029496402647283003], [0.024122182805785028, 0.03406883206183296, 0.026943278581970896], [0.029496402647283, 0.026943278581970896, 0.08251265475201433]], "chi2_level": 0.997, "chi2_df": 3, "chi2_threshold": 13.931422665512084, "N_raw": 82, "N_roi": 79, "N_inlier": 72, "refit": true}
{"timestamp": "17:32:27.316955", "frame": 99, "mu": [-2.092438865606782, 0.888043505736029, 1.0504398220508047], "Sigma": [[0.024232352548463877, 0.017569202903290025, 0.02901716924071622], [0.017569202903290025, 0.016159366833413267, 0.013912435739130164], [0.02901716924071622, 0.013912435739130164, 0.06952103196864196]], "chi2_level": 0.997, "chi2_df": 3, "chi2_threshold": 13.931422665512084, "N_raw": 67, "N_roi": 63, "N_inlier": 63, "refit": true}
{"timestamp": "17:32:27.460952", "frame": 100, "mu": [-2.0903699066474277, 0.989241682854087, 1.1764794699221703], "Sigma": [[0.023092319541776457, 0.014277038656258739, 0.02085367049733589], [0.014277038656258737, 0.015908706894921368, 0.007410528050233279], [0.02085367049733589, 0.007410528050233277, 0.05945905540322641]], "chi2_level": 0.997, "chi2_df": 3, "chi2_threshold": 13.931422665512084, "N_raw": 72, "N_roi": 67, "N_inlier": 67, "refit": true}
{"timestamp": "17:32:27.489674", "frame": 101, "mu": [-2.0427221821284314, 0.9675397467998015, 1.1364160540400576], "Sigma": [[0.01402666022899199, 0.011822064312625762, -0.0025849775083353383], [0.011822064312625762, 0.018424014138212267, -0.00718865842030575], [-0.0025849775083353383, -0.00718865842030575, 0.006317104184576548]], "chi2_level": 0.997, "chi2_df": 3, "chi2_threshold": 13.931422665512084, "N_raw": 60, "N_roi": 58, "N_inlier": 57, "refit": true}
{"timestamp": "17:32:27.521232", "frame": 102, "mu": [-2.05080430627061, 1.0152572298119422, 1.131237457686884], "Sigma": [[0.011108499008773512, 0.009096706567203228, 0.0012819030737792197], [0.009096706567203228, 0.011238944130760568, -0.004249294923272897], [0.0012819030737792197, -0.004249294923272897, 0.012356605455946646]], "chi2_level": 0.997, "chi2_df": 3, "chi2_threshold": 13.931422665512084, "N_raw": 54, "N_roi": 54, "N_inlier": 54, "refit": true}
{"timestamp": "17:32:27.552915", "frame": 103, "mu": [-2.0925601697809775, 1.0804145277924255, 1.2614174799793738], "Sigma": [[0.012699319864511253, 0.0060038507954250815, -0.007438900628945373], [0.0060038507954250815, 0.010537102052466192, -0.009004229346842682], [-0.007438900628945373, -0.009004229346842682, 0.01246209056385859]], "chi2_level": 0.997, "chi2_df": 3, "chi2_threshold": 13.931422665512084, "N_raw": 55, "N_roi": 55, "N_inlier": 55, "refit": true}
{"timestamp": "17:32:27.590760", "frame": 104, "mu": [-2.1333512460258888, 1.176893598076716, 1.345041021004551], "Sigma": [[0.013741234638543562, 0.0035284685613159407, -0.01158491745810068], [0.0035284685613159415, 0.015054610353435962, -0.006349890832593426], [-0.011584917458100679, -0.006349890832593426, 0.013091857509892136]], "chi2_level": 0.997, "chi2_df": 3, "chi2_threshold": 13.931422665512084, "N_raw": 58, "N_roi": 58, "N_inlier": 58, "refit": true}
{"timestamp": "17:32:27.644289", "frame": 105, "mu": [-2.1225964343515495, 1.2046261510777754, 1.3104776276644508], "Sigma": [[0.012178075874318302, 0.004629723957803058, -0.007243240928637221], [0.004629723957803058, 0.01057128375225692, -0.006840713757537452], [-0.0072432409286372216, -0.006840713757537453, 0.007804683371559769]], "chi2_level": 0.997, "chi2_df": 3, "chi2_threshold": 13.931422665512084, "N_raw": 52, "N_roi": 52, "N_inlier": 52, "refit": true}
{"timestamp": "17:32:27.700090", "frame": 106, "mu": [-2.1153620308369545, 1.2557448443280863, 1.248521350868169], "Sigma": [[0.012201959478759674, 0.006163261424761653, -0.005261078801421401], [0.006163261424761653, 0.011334489431972917, -0.007482091664365636], [-0.005261078801421401, -0.007482091664365637, 0.005613919165836904]], "chi2_level": 0.997, "chi2_df": 3, "chi2_threshold": 13.931422665512084, "N_raw": 55, "N_roi": 55, "N_inlier": 54, "refit": true}
{"timestamp": "17:32:27.756140", "frame": 107, "mu": [-2.1589561092457137, 1.348830111045737, 1.2447554785687616], "Sigma": [[0.011928265302365895, 0.00720561729317256, -0.0012903806506199351], [0.007205617293172561, 0.011106847248784192, -0.006405428855493705], [-0.0012903806506199351, -0.006405428855493705, 0.013554311463040545]], "chi2_level": 0.997, "chi2_df": 3, "chi2_threshold": 13.931422665512084, "N_raw": 57, "N_roi": 57, "N_inlier": 57, "refit": true}
{"timestamp": "17:32:27.811138", "frame": 108, "mu": [-2.2013908991828104, 1.3746761919836963, 1.1624777544328424], "Sigma": [[0.010769430447892563, 0.007346796463329385, 0.001991408588904504], [0.007346796463329385, 0.007923110081246165, -0.0017248656600408606], [0.001991408588904504, -0.0017248656600408604, 0.05990510840923211]], "chi2_level": 0.997, "chi2_df": 3, "chi2_threshold": 13.931422665512084, "N_raw": 61, "N_roi": 61, "N_inlier": 61, "refit": true}
{"timestamp": "17:32:27.864811", "frame": 109, "mu": [-2.193446347876865, 1.4753119647363793, 1.2782374807699064], "Sigma": [[0.01177088445374728, 0.0062816598613616645, -0.007919213663034545], [0.0062816598613616645, 0.009865114483450168, -0.010779490733353655], [-0.007919213663034545, -0.010779490733353655, 0.017281265291450174]], "chi2_level": 0.997, "chi2_df": 3, "chi2_threshold": 13.931422665512084, "N_raw": 55, "N_roi": 55, "N_inlier": 54, "refit": true}
