{"timestamp": "14:56:25.397757", "frame": 1, "mu": [0.7395604574474256, 2.416289128798558, 1.0337407664024592], "Sigma": [[0.009514166040614102, -0.0028045384869020153, 0.004750763512856194], [-0.0028045384869020153, 0.003566625407775525, -0.0049213729504570545], [0.004750763512856194, -0.004921372950457054, 0.019164067430322757]], "chi2_level": 0.95, "chi2_df": 3, "chi2_threshold": 7.814727903251179, "N_raw": 53, "N_roi": 53, "N_inlier": 49, "refit": true}
{"timestamp": "14:56:25.452501", "frame": 2, "mu": [0.8410153479082414, 2.3627239356093623, 1.091800497347067], "Sigma": [[0.00765397841641804, -0.0016955584045376866, 0.0013408136305799343], [-0.0016955584045376868, 0.0032517399939247195, -0.0037007736208066718], [0.0013408136305799346, -0.0037007736208066718, 0.008449032769046091]], "chi2_level": 0.95, "chi2_df": 3, "chi2_threshold": 7.814727903251179, "N_raw": 38, "N_roi": 38, "N_inlier": 35, "refit": true}
{"timestamp": "14:56:25.510516", "frame": 3, "mu": [0.8035242885607088, 2.304815598773441, 1.1288552897495265], "Sigma": [[0.01059039649834183, -0.0016978409313723325, -0.004748845460492688], [-0.001697840931372332, 0.0036421052124397685, -0.0038707251069837975], [-0.004748845460492687, -0.0038707251069837975, 0.016368764474231273]], "chi2_level": 0.95, "chi2_df": 3, "chi2_threshold": 7.814727903251179, "N_raw": 66, "N_roi": 66, "N_inlier": 62, "refit": true}
{"timestamp": "14:56:25.565760", "frame": 4, "mu": [0.7476593101042989, 2.337957444709957, 1.0829833397573996], "Sigma": [[0.011625477395623638, -0.003062351979076312, -0.003901627992612445], [-0.003062351979076312, 0.004129954109117091, -0.0026693680707040143], [-0.003901627992612445, -0.0026693680707040143, 0.008424899760838172]], "chi2_level": 0.95, "chi2_df": 3, "chi2_threshold": 7.814727903251179, "N_raw": 60, "N_roi": 60, "N_inlier": 56, "refit": true}
{"timestamp": "14:56:25.617271", "frame": 5, "mu": [0.6796346082515863, 2.5096013656693645, -0.48464919948809493], "Sigma": [[0.011342894930947629, -0.009968964675840542, 0.03297690574107143], [-0.009968964675840542, 0.02649918624306745, -0.08058829486032021], [0.03297690574107143, -0.08058829486032022, 0.2736656849975392]], "chi2_level": 0.95, "chi2_df": 3, "chi2_threshold": 7.814727903251179, "N_raw": 35, "N_roi": 35, "N_inlier": 34, "refit": true}
{"timestamp": "14:56:25.677925", "frame": 6, "mu": [0.763282998554572, 2.27500804662643, 1.0969077378572927], "Sigma": [[0.011476506227842987, -0.0038563373518616276, -0.0017788999183382813], [-0.0038563373518616276, 0.005323662931634119, -0.00651964243767429], [-0.0017788999183382817, -0.006519642437674291, 0.01863364941503499]], "chi2_level": 0.95, "chi2_df": 3, "chi2_threshold": 7.814727903251179, "N_raw": 80, "N_roi": 80, "N_inlier": 75, "refit": true}
{"timestamp": "14:56:25.729365", "frame": 7, "mu": [0.7128302862981493, 2.26654938599587, 1.0642100681865245], "Sigma": [[0.005595402829201305, -0.0010302497449777128, -0.004741529185811462], [-0.0010302497449777128, 0.002616733493801893, -0.01253355830416408], [-0.004741529185811461, -0.01253355830416408, 0.0927482415624267]], "chi2_level": 0.95, "chi2_df": 3, "chi2_threshold": 7.814727903251179, "N_raw": 42, "N_roi": 42, "N_inlier": 39, "refit": true}
{"timestamp": "14:56:25.788967", "frame": 8, "mu": [0.649195789930156, 2.2529642669192964, 1.0733541458686489], "Sigma": [[0.009857873642345673, -0.0012775003021686512, -0.0040274849245909615], [-0.0012775003021686514, 0.004047013909953858, -0.008360413939984736], [-0.0040274849245909615, -0.008360413939984736, 0.0258295889052065]], "chi2_level": 0.95, "chi2_df": 3, "chi2_threshold": 7.814727903251179, "N_raw": 82, "N_roi": 82, "N_inlier": 78, "refit": true}
{"timestamp": "14:56:25.844146", "frame": 9, "mu": [0.6901552193760675, 2.2108975015847006, 1.1337721653721964], "Sigma": [[0.009841892369565687, -0.0032275582890240215, 0.005979730519001693], [-0.0032275582890240215, 0.003525262237153874, -0.01005899779990447], [0.005979730519001693, -0.010058997799904473, 0.03546926785934791]], "chi2_level": 0.95, "chi2_df": 3, "chi2_threshold": 7.814727903251179, "N_raw": 77, "N_roi": 77, "N_inlier": 72, "refit": true}
{"timestamp": "14:56:25.893063", "frame": 10, "mu": [0.750196163784731, 2.1546070986609474, 1.1046747797470993], "Sigma": [[0.013868532640557213, -0.003324905536464583, -0.02455498464603027], [-0.003324905536464583, 0.002187501866313121, 0.0018601876967923392], [-0.02455498464603027, 0.0018601876967923397, 0.05959459562342969]], "chi2_level": 0.95, "chi2_df": 3, "chi2_threshold": 7.814727903251179, "N_raw": 38, "N_roi": 38, "N_inlier": 34, "refit": true}
{"timestamp": "14:56:25.954088", "frame": 11, "mu": [0.6140246636304069, 2.2088416557977504, 1.0611694656191208], "Sigma": [[0.010071830887562168, -0.003556255364998908, -0.008098941696514138], [-0.003556255364998908, 0.0035684608295797273, -0.0038677142533563046], [-0.00809894169651414, -0.003867714253356304, 0.04336860674233528]], "chi2_level": 0.95, "chi2_df": 3, "chi2_threshold": 7.814727903251179, "N_raw": 84, "N_roi": 84, "N_inlier": 79, "refit": true}
{"timestamp": "14:56:26.011287", "frame": 12, "mu": [0.6180002451875612, 2.1544179378166586, 0.9668315774984559], "Sigma": [[0.014984719972976596, -0.006190659884689505, -0.0051774592369104476], [-0.006190659884689505, 0.00468528428141233, -0.003761687591828159], [-0.0051774592369104476, -0.003761687591828159, 0.02633894009997006]], "chi2_level": 0.95, "chi2_df": 3, "chi2_threshold": 7.814727903251179, "N_raw": 92, "N_roi": 92, "N_inlier": 88, "refit": true}
{"timestamp": "14:56:26.062731", "frame": 13, "mu": [0.6040958850435991, 2.133997074019689, 0.8808043166858684], "Sigma": [[0.016996572277807237, -0.0018782830913863947, 0.0012126934949319601], [-0.0018782830913863947, 0.0010087925006485913, 0.001960020281215424], [0.0012126934949319601, 0.001960020281215424, 0.03414060808407114]], "chi2_level": 0.95, "chi2_df": 3, "chi2_threshold": 7.814727903251179, "N_raw": 74, "N_roi": 74, "N_inlier": 69, "refit": true}
{"timestamp": "14:56:26.125711", "frame": 14, "mu": [0.6290873483380867, 2.080384370928538, 0.9143265676470189], "Sigma": [[0.013350604233659838, -0.003431971160995746, 0.0005864244011732815], [-0.0034319711609957456, 0.0036898679370839967, -0.006109592270968607], [0.000586424401173282, -0.006109592270968607, 0.06327531937854755]], "chi2_level": 0.95, "chi2_df": 3, "chi2_threshold": 7.814727903251179, "N_raw": 117, "N_roi": 117, "N_inlier": 112, "refit": true}
{"timestamp": "14:56:26.179636", "frame": 15, "mu": [0.5553967380813072, 2.1176353514488637, 1.0027430065037195], "Sigma": [[0.01593508108898372, -0.00377749687931367, -0.00017029645633000775], [-0.0037774968793136696, 0.0032002399621135482, -0.007225951486865697], [-0.00017029645633000775, -0.007225951486865697, 0.06756379281900643]], "chi2_level": 0.95, "chi2_df": 3, "chi2_threshold": 7.814727903251179, "N_raw": 114, "N_roi": 114, "N_inlier": 110, "refit": true}
{"timestamp": "14:56:26.236393", "frame": 16, "mu": [0.6804700471893984, 2.076418467832354, 0.9717809259931003], "Sigma": [[0.020751215798725988, -0.002209665183018133, -0.012981932120108534], [-0.002209665183018133, 0.0017903377167407884, -0.0015349774299455545], [-0.012981932120108534, -0.0015349774299455545, 0.06229264122214705]], "chi2_level": 0.95, "chi2_df": 3, "chi2_threshold": 7.814727903251179, "N_raw": 131, "N_roi": 131, "N_inlier": 123, "refit": true}
{"timestamp": "14:56:26.290262", "frame": 17, "mu": [0.6728962034937502, 2.038941405210786, 0.8583498822062823], "Sigma": [[0.023863842074238157, -0.005364777311806599, -0.01749455906277969], [-0.005364777311806599, 0.0028799821962865735, 0.0003970169893950281], [-0.01749455906277969, 0.00039701698939502775, 0.04458559534644345]], "chi2_level": 0.95, "chi2_df": 3, "chi2_threshold": 7.814727903251179, "N_raw": 122, "N_roi": 122, "N_inlier": 116, "refit": true}
{"timestamp": "14:56:26.344610", "frame": 18, "mu": [0.6233488915507709, 2.0503740625010054, 1.032881384065898], "Sigma": [[0.017456933079047804, -0.004031498793641132, -0.011248619072681489], [-0.004031498793641132, 0.002474311706095132, -0.0029170966685125007], [-0.011248619072681489, -0.0029170966685125007, 0.06568820678627768]], "chi2_level": 0.95, "chi2_df": 3, "chi2_threshold": 7.814727903251179, "N_raw": 111, "N_roi": 111, "N_inlier": 104, "refit": true}
{"timestamp": "14:56:26.394354", "frame": 19, "mu": [0.6098944349455954, 2.003448011984551, 0.8987745182844473], "Sigma": [[0.013754198583755758, -0.004988881737039452, -0.0042719580733309725], [-0.004988881737039452, 0.0038618432783767004, -0.004974889210977159], [-0.0042719580733309725, -0.004974889210977161, 0.03134859187139455]], "chi2_level": 0.95, "chi2_df": 3, "chi2_threshold": 7.814727903251179, "N_raw": 76, "N_roi": 76, "N_inlier": 72, "refit": true}
{"timestamp": "14:56:26.446917", "frame": 20, "mu": [0.6444127131976585, 1.9370899178585455, 1.1964238711737887], "Sigma": [[0.009309669897947586, -0.0031013380610001922, -0.007301282273249114], [-0.0031013380610001922, 0.003343737293412911, -0.0014022276634474138], [-0.007301282273249115, -0.0014022276634474138, 0.017372518949862005]], "chi2_level": 0.95, "chi2_df": 3, "chi2_threshold": 7.814727903251179, "N_raw": 62, "N_roi": 62, "N_inlier": 58, "refit": true}
{"timestamp": "14:56:26.502155", "frame": 21, "mu": [0.6687851294708677, 1.890573583311529, 1.227638997861347], "Sigma": [[0.010150896723606999, -0.00268674885478668, -0.010344628710920994], [-0.00268674885478668, 0.0054160201216542645, -0.0006327843830459727], [-0.010344628710920994, -0.0006327843830459729, 0.0142418225085878]], "chi2_level": 0.95, "chi2_df": 3, "chi2_threshold": 7.814727903251179, "N_raw": 74, "N_roi": 74, "N_inlier": 70, "refit": true}
{"timestamp": "14:56:26.557737", "frame": 22, "mu": [0.7150756170077298, 1.8098300272769092, 0.987907440571527], "Sigma": [[0.0062859417709279514, -0.002707011263691302, -0.00813476481687634], [-0.002707011263691302, 0.0024978449373824338, -0.00040271755565910063], [-0.00813476481687634, -0.00040271755565910084, 0.06342238811622322]], "chi2_level": 0.95, "chi2_df": 3, "chi2_threshold": 7.814727903251179, "N_raw": 69, "N_roi": 69, "N_inlier": 66, "refit": true}
{"timestamp": "14:56:26.620705", "frame": 23, "mu": [0.6283260787081093, 1.8089601189877391, 1.0333162265493565], "Sigma": [[0.016021654088284643, -0.004375184059576829, -0.014196476608987176], [-0.0043751840595768286, 0.0032967379361219917, -0.0013858822363367667], [-0.01419647660898718, -0.0013858822363367667, 0.047568423144510416]], "chi2_level": 0.95, "chi2_df": 3, "chi2_threshold": 7.814727903251179, "N_raw": 123, "N_roi": 123, "N_inlier": 118, "refit": true}
{"timestamp": "14:56:26.671772", "frame": 24, "mu": [0.6319266057652224, 1.959609168470914, -0.4682533091653631], "Sigma": [[0.011925335889647623, -0.0007619154151548067, -0.018880130678683743], [-0.000761915415154807, 0.004758279330131441, -0.0077813431402147994], [-0.018880130678683747, -0.0077813431402147994, 0.051217479401346314]], "chi2_level": 0.95, "chi2_df": 3, "chi2_threshold": 7.814727903251179, "N_raw": 98, "N_roi": 98, "N_inlier": 94, "refit": true}
{"timestamp": "14:56:26.725702", "frame": 25, "mu": [0.6147277653887541, 1.8787091080859155, -0.5198702329739715], "Sigma": [[0.008077478650172347, 0.004915165624074453, 0.001361829611692183], [0.004915165624074453, 0.008221986192417529, -0.002266445750199534], [0.0013618296116921827, -0.002266445750199534, 0.05390149010146088]], "chi2_level": 0.95, "chi2_df": 3, "chi2_threshold": 7.814727903251179, "N_raw": 83, "N_roi": 83, "N_inlier": 77, "refit": true}
{"timestamp": "14:56:26.780858", "frame": 26, "mu": [0.5328205989727134, 1.7519813157564064, 1.2191954029557284], "Sigma": [[0.009014952361409048, -0.0028669522126507536, -0.01532957012047547], [-0.0028669522126507536, 0.00317317531670542, -0.0006212045340245223], [-0.015329570120475472, -0.0006212045340245221, 0.04919429457936522]], "chi2_level": 0.95, "chi2_df": 3, "chi2_threshold": 7.814727903251179, "N_raw": 84, "N_roi": 84, "N_inlier": 79, "refit": true}
{"timestamp": "14:56:26.829272", "frame": 27, "mu": [0.5497366850377804, 1.704015257446615, 1.1846308918294108], "Sigma": [[0.003140550245331074, -0.0006660138792100483, -0.0035106904187727026], [-0.0006660138792100484, 0.001970259316782118, -0.0031407868567219065], [-0.003510690418772702, -0.0031407868567219065, 0.014516264216856317]], "chi2_level": 0.95, "chi2_df": 3, "chi2_threshold": 7.814727903251179, "N_raw": 41, "N_roi": 41, "N_inlier": 36, "refit": true}
{"timestamp": "14:56:26.894489", "frame": 28, "mu": [0.5569020415815432, 1.6513207270803654, 1.0203890161842584], "Sigma": [[0.009050277089172628, -0.0030484103450364062, -0.015217237584396203], [-0.0030484103450364062, 0.003831211681915097, 0.015582910197220842], [-0.015217237584396203, 0.01558291019722084, 0.23751489752302454]], "chi2_level": 0.95, "chi2_df": 3, "chi2_threshold": 7.814727903251179, "N_raw": 119, "N_roi": 119, "N_inlier": 113, "refit": true}
{"timestamp": "14:56:26.943874", "frame": 29, "mu": [0.47471467153209485, 1.6488141380198547, 0.8441026871635139], "Sigma": [[0.005849791399516967, -0.0029430839101792713, -0.01607780616420348], [-0.0029430839101792713, 0.00440380247528114, 0.024491906557809685], [-0.01607780616420348, 0.024491906557809688, 0.604190150484632]], "chi2_level": 0.95, "chi2_df": 3, "chi2_threshold": 7.814727903251179, "N_raw": 76, "N_roi": 76, "N_inlier": 69, "refit": true}
{"timestamp": "14:56:26.996450", "frame": 30, "mu": [0.47015297576145165, 1.599131910024218, 1.0386467801370567], "Sigma": [[0.01263502441577875, -0.000771010939089494, 0.03737526120174739], [-0.0007710109390894939, 0.006010680646134727, 0.020141360807985058], [0.03737526120174739, 0.02014136080798506, 0.3351942321462963]], "chi2_level": 0.95, "chi2_df": 3, "chi2_threshold": 7.814727903251179, "N_raw": 56, "N_roi": 56, "N_inlier": 55, "refit": true}
{"timestamp": "14:56:27.054771", "frame": 31, "mu": [0.4213665291553375, 1.6675993718528486, 1.3313647041278593], "Sigma": [[0.006085009193521452, -0.000917751240334988, -0.008995343103164615], [-0.0009177512403349881, 0.003752340555630164, -0.0020470647017708735], [-0.008995343103164615, -0.0020470647017708735, 0.029743771461846612]], "chi2_level": 0.95, "chi2_df": 3, "chi2_threshold": 7.814727903251179, "N_raw": 83, "N_roi": 83, "N_inlier": 76, "refit": true}
{"timestamp": "14:56:27.108904", "frame": 32, "mu": [0.36922358789735904, 1.6486763606677388, 1.3504046747497247], "Sigma": [[0.006071172682319141, -0.0019516983460685956, -0.009006626677380059], [-0.0019516983460685956, 0.004418262627418381, 0.004942000356652235], [-0.009006626677380059, 0.004942000356652235, 0.03829792036812197]], "chi2_level": 0.95, "chi2_df": 3, "chi2_threshold": 7.814727903251179, "N_raw": 74, "N_roi": 74, "N_inlier": 68, "refit": true}
{"timestamp": "14:56:27.160394", "frame": 33, "mu": [0.30519821992653345, 1.660513463408693, 1.3860800458933158], "Sigma": [[0.004558286200462934, -0.000770442805300343, -0.0043123026484761275], [-0.000770442805300343, 0.002988931157529788, -0.0011750980308372775], [-0.0043123026484761275, -0.0011750980308372775, 0.011829941274303564]], "chi2_level": 0.95, "chi2_df": 3, "chi2_threshold": 7.814727903251179, "N_raw": 58, "N_roi": 58, "N_inlier": 53, "refit": true}
{"timestamp": "14:56:27.217866", "frame": 34, "mu": [0.2993476608466237, 1.6379935683664326, 1.3694211583953921], "Sigma": [[0.005743414133986955, -0.0017721713067878364, -0.006801928333103417], [-0.0017721713067878364, 0.005171034511547666, -0.000951833015173274], [-0.006801928333103417, -0.0009518330151732739, 0.011973269000213805]], "chi2_level": 0.95, "chi2_df": 3, "chi2_threshold": 7.814727903251179, "N_raw": 74, "N_roi": 74, "N_inlier": 69, "refit": true}
{"timestamp": "14:56:27.273265", "frame": 35, "mu": [0.22943838317309123, 1.6311398453445762, 1.4422155078808725], "Sigma": [[0.007134978990089187, -0.0038269845192130825, -0.007533798217865338], [-0.0038269845192130825, 0.007519262422151134, 0.003962546584606709], [-0.007533798217865338, 0.003962546584606709, 0.011196379565394076]], "chi2_level": 0.95, "chi2_df": 3, "chi2_threshold": 7.814727903251179, "N_raw": 74, "N_roi": 74, "N_inlier": 70, "refit": true}
{"timestamp": "14:56:27.328105", "frame": 36, "mu": [0.18921990793185017, 1.7205603127538969, -0.0976874568344684], "Sigma": [[0.006807732800657533, -0.00018483932147277305, -0.008798613796089223], [-0.00018483932147277303, 0.00514785646023977, 0.00040058553785663224], [-0.008798613796089223, 0.00040058553785663224, 0.012326164621540245]], "chi2_level": 0.95, "chi2_df": 3, "chi2_threshold": 7.814727903251179, "N_raw": 71, "N_roi": 71, "N_inlier": 67, "refit": true}
{"timestamp": "14:56:27.380626", "frame": 37, "mu": [0.15439622646380893, 1.6106861813647624, 1.4564698233557556], "Sigma": [[0.004700425563268783, -0.001483886136401603, -0.0033787710656492586], [-0.001483886136401603, 0.004254149779106062, 0.0017928843362580175], [-0.003378771065649258, 0.0017928843362580173, 0.006681836861629434]], "chi2_level": 0.95, "chi2_df": 3, "chi2_threshold": 7.814727903251179, "N_raw": 51, "N_roi": 51, "N_inlier": 46, "refit": true}
{"timestamp": "14:56:27.437365", "frame": 38, "mu": [0.2631862757464759, 1.4791468171740947, 0.7699044855377306], "Sigma": [[0.018762960832273093, -0.015825235627191882, -0.08406817116601224], [-0.015825235627191882, 0.01606892813373044, 0.07688355751171319], [-0.08406817116601224, 0.07688355751171319, 0.465771825792546]], "chi2_level": 0.95, "chi2_df": 3, "chi2_threshold": 7.814727903251179, "N_raw": 72, "N_roi": 72, "N_inlier": 69, "refit": true}
{"timestamp": "14:56:27.493520", "frame": 39, "mu": [0.12645059567723696, 1.7097735487358428, -0.46135140189210105], "Sigma": [[0.005512014441986741, 0.0024627735822254403, -0.0319896487759818], [0.0024627735822254403, 0.010598916901545196, -0.04601841425216284], [-0.0319896487759818, -0.04601841425216284, 0.40745783609029823]], "chi2_level": 0.95, "chi2_df": 3, "chi2_threshold": 7.814727903251179, "N_raw": 76, "N_roi": 76, "N_inlier": 70, "refit": true}
{"timestamp": "14:56:27.548218", "frame": 40, "mu": [0.06228407319429501, 1.5830675265607324, 1.3107780529147266], "Sigma": [[0.004709241709048043, -0.0049387911199892075, -0.011306727786294627], [-0.0049387911199892075, 0.013404618787664224, 0.026395329316025055], [-0.011306727786294626, 0.02639532931602506, 0.0897463401753347]], "chi2_level": 0.95, "chi2_df": 3, "chi2_threshold": 7.814727903251179, "N_raw": 74, "N_roi": 74, "N_inlier": 69, "refit": true}
{"timestamp": "14:56:27.602789", "frame": 41, "mu": [0.042127299782550726, 1.544142380625706, 1.3357186308741253], "Sigma": [[0.005767491077120864, -0.003234626932622879, -0.01256182852519262], [-0.003234626932622879, 0.009407484528792523, 0.0162484871590075], [-0.012561828525192617, 0.0162484871590075, 0.060376292811771766]], "chi2_level": 0.95, "chi2_df": 3, "chi2_threshold": 7.814727903251179, "N_raw": 75, "N_roi": 75, "N_inlier": 70, "refit": true}
{"timestamp": "14:56:27.666624", "frame": 42, "mu": [-0.026018086452080487, 1.4827310829794214, 0.8833920043035804], "Sigma": [[0.015362414145268781, 0.00018055088011581684, 0.030974047084189417], [0.00018055088011581597, 0.01064535316810474, 0.04382065001256717], [0.03097404708418942, 0.04382065001256717, 0.3334834460472312]], "chi2_level": 0.95, "chi2_df": 3, "chi2_threshold": 7.814727903251179, "N_raw": 133, "N_roi": 133, "N_inlier": 130, "refit": true}
{"timestamp": "14:56:27.717745", "frame": 43, "mu": [-0.05054850048413837, 1.5242853232747249, 1.1486618947308818], "Sigma": [[0.01649403211925325, 0.005993753885610083, 0.027989202599168313], [0.005993753885610083, 0.009626306252867199, 0.026040988587305088], [0.027989202599168313, 0.026040988587305088, 0.16627659497161001]], "chi2_level": 0.95, "chi2_df": 3, "chi2_threshold": 7.814727903251179, "N_raw": 99, "N_roi": 99, "N_inlier": 94, "refit": true}
{"timestamp": "14:56:27.777153", "frame": 44, "mu": [-0.1638524896723246, 1.4405594116294274, 0.8861995764633213], "Sigma": [[0.038636872724217224, 0.012044622425245267, 0.0895683674576611], [0.012044622425245267, 0.010654094600278408, 0.034193708376935215], [0.0895683674576611, 0.034193708376935215, 0.29153891620746913]], "chi2_level": 0.95, "chi2_df": 3, "chi2_threshold": 7.814727903251179, "N_raw": 137, "N_roi": 137, "N_inlier": 135, "refit": true}
{"timestamp": "14:56:27.828813", "frame": 45, "mu": [-0.11924012974936685, 1.4508929183367092, 1.1646247171400625], "Sigma": [[0.007377559173640158, -0.0005666530502584732, -0.0002269579296902526], [-0.0005666530502584734, 0.006293516402296721, -0.00046437308133932733], [-0.0002269579296902526, -0.0004643730813393275, 0.039341380605376536]], "chi2_level": 0.95, "chi2_df": 3, "chi2_threshold": 7.814727903251179, "N_raw": 110, "N_roi": 110, "N_inlier": 100, "refit": true}
{"timestamp": "14:56:27.881930", "frame": 46, "mu": [-0.16002759381166903, 1.60264214466515, -0.4251556605373035], "Sigma": [[0.005613003059134478, 0.0013730609329431916, -0.005758489063624084], [0.0013730609329431918, 0.010437769133328268, -0.001100567087146602], [-0.005758489063624084, -0.001100567087146602, 0.027909093171245472]], "chi2_level": 0.95, "chi2_df": 3, "chi2_threshold": 7.814727903251179, "N_raw": 99, "N_roi": 99, "N_inlier": 94, "refit": true}
{"timestamp": "14:56:27.937429", "frame": 47, "mu": [-0.20524041980449836, 1.4499254404765598, 1.2228702242483003], "Sigma": [[0.005637177648951506, -0.0021121415667568815, -0.009690956758700731], [-0.0021121415667568815, 0.008996926024941121, 0.004581967428839068], [-0.00969095675870073, 0.004581967428839068, 0.03762148094749676]], "chi2_level": 0.95, "chi2_df": 3, "chi2_threshold": 7.814727903251179, "N_raw": 97, "N_roi": 97, "N_inlier": 93, "refit": true}
{"timestamp": "14:56:27.989620", "frame": 48, "mu": [-0.2650517313810807, 1.5294738900503067, -0.18221189752508468], "Sigma": [[0.004430127227072402, -0.0019836693830093607, 0.016722477913083914], [-0.0019836693830093607, 0.009520904208164064, -0.015767157372830916], [0.016722477913083914, -0.015767157372830916, 0.24784187747663222]], "chi2_level": 0.95, "chi2_df": 3, "chi2_threshold": 7.814727903251179, "N_raw": 85, "N_roi": 85, "N_inlier": 83, "refit": true}
{"timestamp": "14:56:28.046703", "frame": 49, "mu": [-0.3304418357783971, 1.4486272790073245, 1.0243251151328618], "Sigma": [[0.006111396222087951, 0.0004601316739591247, -0.017274354549896963], [0.0004601316739591249, 0.012592725272146233, -0.022923415513489073], [-0.01727435454989696, -0.022923415513489073, 0.1953417020010092]], "chi2_level": 0.95, "chi2_df": 3, "chi2_threshold": 7.814727903251179, "N_raw": 98, "N_roi": 98, "N_inlier": 97, "refit": true}
{"timestamp": "14:56:28.099493", "frame": 50, "mu": [-0.37398217833212505, 1.4597899262246794, 1.2966470672969737], "Sigma": [[0.00449197418940733, -0.001235693027664595, -0.006060706514201384], [-0.0012356930276645952, 0.009638995368202138, 0.004472346946552035], [-0.006060706514201384, 0.004472346946552035, 0.03631016541325911]], "chi2_level": 0.95, "chi2_df": 3, "chi2_threshold": 7.814727903251179, "N_raw": 81, "N_roi": 81, "N_inlier": 80, "refit": true}
{"timestamp": "14:56:28.160412", "frame": 51, "mu": [-0.4136157296983962, 1.3890637773188745, 1.123951280198775], "Sigma": [[0.009049127275356462, -0.0007730385404477188, -0.011350192439657878], [-0.0007730385404477189, 0.005529936650094959, -0.002040649865371745], [-0.011350192439657878, -0.0020406498653717455, 0.03683279443263883]], "chi2_level": 0.95, "chi2_df": 3, "chi2_threshold": 7.814727903251179, "N_raw": 120, "N_roi": 120, "N_inlier": 119, "refit": true}
{"timestamp": "14:56:28.210545", "frame": 52, "mu": [-0.4514839460446761, 1.3674686424484523, 1.1657889752331578], "Sigma": [[0.0063701624260885685, 0.002305725485313501, -0.0039035387181784124], [0.002305725485313501, 0.009352601646787686, -0.005972614666335557], [-0.0039035387181784132, -0.005972614666335556, 0.005579791365186403]], "chi2_level": 0.95, "chi2_df": 3, "chi2_threshold": 7.814727903251179, "N_raw": 90, "N_roi": 90, "N_inlier": 88, "refit": true}
{"timestamp": "14:56:28.260427", "frame": 53, "mu": [-0.4805551240133806, 1.4835912818224664, 1.2447385535315492], "Sigma": [[0.0035867103217985486, -0.0014164613562876838, -0.0014601759184720052], [-0.0014164613562876838, 0.012003254818846126, 0.014386653057295865], [-0.0014601759184720052, 0.014386653057295867, 0.06135508081950128]], "chi2_level": 0.95, "chi2_df": 3, "chi2_threshold": 7.814727903251179, "N_raw": 60, "N_roi": 60, "N_inlier": 59, "refit": true}
{"timestamp": "14:56:28.322678", "frame": 54, "mu": [-0.536024560309782, 1.4590862511971292, 1.2578294663150698], "Sigma": [[0.009901787603950399, -0.0013556566341376864, -0.013868118403008816], [-0.0013556566341376864, 0.006918677419218826, -0.00019087796971062798], [-0.013868118403008816, -0.00019087796971062803, 0.03152073183409644]], "chi2_level": 0.95, "chi2_df": 3, "chi2_threshold": 7.814727903251179, "N_raw": 109, "N_roi": 109, "N_inlier": 105, "refit": true}
{"timestamp": "14:56:28.378168", "frame": 55, "mu": [-0.5582710542342014, 1.4408044451434827, 1.1584400504379404], "Sigma": [[0.008635820294431886, 0.0035739322157321545, -0.006672116437311675], [0.0035739322157321545, 0.006141686987405213, -0.0032700912365932686], [-0.006672116437311675, -0.0032700912365932686, 0.03168868167852362]], "chi2_level": 0.95, "chi2_df": 3, "chi2_threshold": 7.814727903251179, "N_raw": 104, "N_roi": 102, "N_inlier": 98, "refit": true}
{"timestamp": "14:56:28.433633", "frame": 56, "mu": [-0.5480593032788101, 1.4835692336579402, 1.1322551969200447], "Sigma": [[0.012385679313979445, 0.0019486168691052843, -0.011264964150793252], [0.0019486168691052845, 0.00483142036327902, -0.006455937611434799], [-0.011264964150793252, -0.006455937611434799, 0.017321735888637557]], "chi2_level": 0.95, "chi2_df": 3, "chi2_threshold": 7.814727903251179, "N_raw": 109, "N_roi": 108, "N_inlier": 104, "refit": true}
{"timestamp": "14:56:28.478276", "frame": 57, "mu": [-0.6954607500588458, 1.5029133682550015, 1.4423626721557334], "Sigma": [[0.005598585485398304, -0.0014315956781441419, -0.006097417649681318], [-0.001431595678144142, 0.002556986752987538, 0.000913580447188461], [-0.006097417649681318, 0.000913580447188461, 0.01317820027291643]], "chi2_level": 0.95, "chi2_df": 3, "chi2_threshold": 7.814727903251179, "N_raw": 37, "N_roi": 37, "N_inlier": 32, "refit": true}
{"timestamp": "14:56:28.533756", "frame": 58, "mu": [-0.7351222699901778, 1.4969916694858316, 1.4012222861764578], "Sigma": [[0.007009554380597925, -0.0015744834302366803, -0.0064822840120572905], [-0.0015744834302366803, 0.0037109604338605214, 0.0018228262953283603], [-0.0064822840120572905, 0.0018228262953283603, 0.006411661672113596]], "chi2_level": 0.95, "chi2_df": 3, "chi2_threshold": 7.814727903251179, "N_raw": 50, "N_roi": 50, "N_inlier": 44, "refit": true}
{"timestamp": "14:56:28.596747", "frame": 59, "mu": [-0.7295449057988235, 1.5950381908079132, 1.2553261365321848], "Sigma": [[0.009164312677133414, 0.0022291987951567585, -0.010770289080110539], [0.0022291987951567585, 0.007448060629759443, -0.004297963235918422], [-0.010770289080110539, -0.004297963235918422, 0.02873105762442636]], "chi2_level": 0.95, "chi2_df": 3, "chi2_threshold": 7.814727903251179, "N_raw": 98, "N_roi": 98, "N_inlier": 92, "refit": true}
{"timestamp": "14:56:28.653993", "frame": 60, "mu": [-0.760815974835444, 1.566667423366931, 1.131798258946162], "Sigma": [[0.01543409652256132, -0.006220738146712552, -0.0446188526981281], [-0.006220738146712552, 0.009278406475802935, 0.025235599114012866], [-0.0446188526981281, 0.025235599114012866, 0.200112618837245]], "chi2_level": 0.95, "chi2_df": 3, "chi2_threshold": 7.814727903251179, "N_raw": 104, "N_roi": 104, "N_inlier": 100, "refit": true}
{"timestamp": "14:56:28.696664", "frame": 61, "mu": [-0.8307432624570097, 1.6408817002883445, 1.3510219315161909], "Sigma": [[0.0061084976790474295, -0.0004306104160118055, -0.010326159285280427], [-0.0004306104160118056, 0.0040720016574380645, 0.011965230120000224], [-0.01032615928528043, 0.011965230120000224, 0.11522126640109426]], "chi2_level": 0.95, "chi2_df": 3, "chi2_threshold": 7.814727903251179, "N_raw": 33, "N_roi": 33, "N_inlier": 28, "refit": true}
{"timestamp": "14:56:28.757296", "frame": 62, "mu": [-0.8342083243540414, 1.6513053671003886, 1.1410743793486313], "Sigma": [[0.007962976422735914, 0.005198793347330597, -0.005408569769804857], [0.005198793347330597, 0.00728037583235727, -0.0016584837787264634], [-0.005408569769804857, -0.0016584837787264634, 0.0881173804033199]], "chi2_level": 0.95, "chi2_df": 3, "chi2_threshold": 7.814727903251179, "N_raw": 71, "N_roi": 71, "N_inlier": 65, "refit": true}
{"timestamp": "14:56:28.822421", "frame": 63, "mu": [-0.8523305414823827, 1.6592406677989864, 0.9620919622647294], "Sigma": [[0.009532595128805253, 0.0009831087146836759, -0.014466246225341359], [0.0009831087146836759, 0.008086495190978869, 0.012691671902067377], [-0.014466246225341357, 0.012691671902067377, 0.20186646672487343]], "chi2_level": 0.95, "chi2_df": 3, "chi2_threshold": 7.814727903251179, "N_raw": 136, "N_roi": 136, "N_inlier": 135, "refit": true}
{"timestamp": "14:56:28.866151", "frame": 64, "mu": [-0.9091631046559938, 1.7109633390429941, 0.9760633444480167], "Sigma": [[0.004960567018648022, 0.0009294215564174192, 0.005369394505540807], [0.0009294215564174192, 0.0039966219272076975, 0.0223558384982894], [0.005369394505540806, 0.0223558384982894, 0.27287421457761174]], "chi2_level": 0.95, "chi2_df": 3, "chi2_threshold": 7.814727903251179, "N_raw": 51, "N_roi": 51, "N_inlier": 49, "refit": true}
{"timestamp": "14:56:28.925583", "frame": 65, "mu": [-0.9112421992553564, 1.750915087255917, 1.2619743005111939], "Sigma": [[0.008609748365395022, 0.001617329840991537, 0.0005652826517492287], [0.001617329840991537, 0.007932418175392223, -0.004595906099566274], [0.0005652826517492289, -0.004595906099566274, 0.03550673402205891]], "chi2_level": 0.95, "chi2_df": 3, "chi2_threshold": 7.814727903251179, "N_raw": 89, "N_roi": 89, "N_inlier": 83, "refit": true}
{"timestamp": "14:56:28.980378", "frame": 66, "mu": [-0.9876003797537766, 1.8243664252499803, 0.9244986007383748], "Sigma": [[0.014730244691172604, 0.0020649376279089447, 0.03342034685461944], [0.0020649376279089447, 0.0028039360987846002, 0.004415969346192216], [0.033420346854619434, 0.004415969346192217, 0.22124051275331427]], "chi2_level": 0.95, "chi2_df": 3, "chi2_threshold": 7.814727903251179, "N_raw": 86, "N_roi": 86, "N_inlier": 86, "refit": true}
{"timestamp": "14:56:29.037153", "frame": 67, "mu": [-0.894954935487405, 1.8551669908424722, 1.188830937209404], "Sigma": [[0.011081133081045724, 0.0024204611189468637, -0.011403211626368759], [0.0024204611189468637, 0.0037743089878687066, -0.00704096264908384], [-0.011403211626368759, -0.007040962649083839, 0.04230885078887969]], "chi2_level": 0.95, "chi2_df": 3, "chi2_threshold": 7.814727903251179, "N_raw": 99, "N_roi": 99, "N_inlier": 93, "refit": true}
{"timestamp": "14:56:29.093749", "frame": 68, "mu": [-0.9396122152985196, 1.8892116263418088, 1.2727321455088], "Sigma": [[0.01209197968599156, 0.0025070760200348193, -0.007532736045547876], [0.0025070760200348193, 0.005121659098933563, -0.005589059778596216], [-0.007532736045547876, -0.005589059778596216, 0.04053691805595854]], "chi2_level": 0.95, "chi2_df": 3, "chi2_threshold": 7.814727903251179, "N_raw": 111, "N_roi": 111, "N_inlier": 101, "refit": true}
{"timestamp": "14:56:29.148353", "frame": 69, "mu": [-1.0212388758003494, 1.919895447389174, 1.2287782205639388], "Sigma": [[0.015926944028094317, 0.003442397755745263, -0.008523986333523484], [0.0034423977557452626, 0.0034822611270880397, -0.007205520577064115], [-0.008523986333523484, -0.007205520577064115, 0.04025464679975822]], "chi2_level": 0.95, "chi2_df": 3, "chi2_threshold": 7.814727903251179, "N_raw": 109, "N_roi": 109, "N_inlier": 104, "refit": true}
{"timestamp": "14:56:29.209380", "frame": 70, "mu": [-1.0068540288778296, 1.9565376022606198, 1.2906796362866144], "Sigma": [[0.020425617006129156, 0.0019957781931469196, -0.009886271170805606], [0.001995778193146919, 0.010083203831311999, -0.0013404962909813875], [-0.009886271170805604, -0.001340496290981388, 0.034633589535482665]], "chi2_level": 0.95, "chi2_df": 3, "chi2_threshold": 7.814727903251179, "N_raw": 150, "N_roi": 150, "N_inlier": 128, "refit": true}
{"timestamp": "14:56:29.258334", "frame": 71, "mu": [-1.038416526776385, 2.0014687232237027, 1.2045318373162515], "Sigma": [[0.012493650609064957, 0.0012557101876212481, -0.0003038921347498188], [0.001255710187621248, 0.0039235997598055135, -0.0028804434675479343], [-0.00030389213474981834, -0.0028804434675479343, 0.05319713463674971]], "chi2_level": 0.95, "chi2_df": 3, "chi2_threshold": 7.814727903251179, "N_raw": 103, "N_roi": 103, "N_inlier": 99, "refit": true}
{"timestamp": "14:56:29.318418", "frame": 72, "mu": [-1.0135088227604365, 2.0412867360854436, 0.9819140128014503], "Sigma": [[0.01180493517278459, -0.002182129770650057, -0.016687891468414148], [-0.002182129770650057, 0.006302686531251625, 0.007416646719523568], [-0.01668789146841415, 0.007416646719523568, 0.18454193281588652]], "chi2_level": 0.95, "chi2_df": 3, "chi2_threshold": 7.814727903251179, "N_raw": 132, "N_roi": 132, "N_inlier": 130, "refit": true}
{"timestamp": "14:56:29.368482", "frame": 73, "mu": [-1.0747017611099714, 2.050609574345517, 1.0832609415285426], "Sigma": [[0.019902252721020634, -0.003304720035907731, -0.03322992579261881], [-0.003304720035907731, 0.010577734434290468, 0.03463673083838579], [-0.03322992579261881, 0.03463673083838579, 0.2315787092515934]], "chi2_level": 0.95, "chi2_df": 3, "chi2_threshold": 7.814727903251179, "N_raw": 110, "N_roi": 110, "N_inlier": 106, "refit": true}
{"timestamp": "14:56:29.419141", "frame": 74, "mu": [-1.169931750181295, 2.134573748949885, 1.1196583696704208], "Sigma": [[0.013254830129098456, 0.005862491306516152, -0.012106686069535025], [0.005862491306516152, 0.0035060611538847396, -0.007793328126503181], [-0.012106686069535025, -0.00779332812650318, 0.12478795174864166]], "chi2_level": 0.95, "chi2_df": 3, "chi2_threshold": 7.814727903251179, "N_raw": 79, "N_roi": 79, "N_inlier": 75, "refit": true}
{"timestamp": "14:56:29.472891", "frame": 75, "mu": [-1.1405320406470663, 2.154472331132507, 1.1455280482392944], "Sigma": [[0.010188153353893831, 0.0024707750739485466, -0.0010284755143670447], [0.0024707750739485466, 0.0024828054436294594, -0.007128416549839365], [-0.001028475514367045, -0.007128416549839365, 0.039363207410082986]], "chi2_level": 0.95, "chi2_df": 3, "chi2_threshold": 7.814727903251179, "N_raw": 70, "N_roi": 70, "N_inlier": 65, "refit": true}
{"timestamp": "14:56:29.528381", "frame": 76, "mu": [-1.1199734080219192, 2.218909725965524, 1.0019328694181109], "Sigma": [[0.010954602768603538, 0.0023079831872137237, 0.0012611937212285308], [0.002307983187213724, 0.002876008957091547, -0.011278117596811563], [0.001261193721228531, -0.011278117596811563, 0.07854336523353389]], "chi2_level": 0.95, "chi2_df": 3, "chi2_threshold": 7.814727903251179, "N_raw": 77, "N_roi": 77, "N_inlier": 75, "refit": true}
{"timestamp": "14:56:29.582795", "frame": 77, "mu": [-1.1304725828598545, 2.272554485371006, 1.0051467632383764], "Sigma": [[0.010445597350537907, -0.0017095154416698695, 0.005235860037040345], [-0.0017095154416698695, 0.0047101646415370025, -0.022443599443137594], [0.005235860037040344, -0.022443599443137598, 0.16127396410891826]], "chi2_level": 0.95, "chi2_df": 3, "chi2_threshold": 7.814727903251179, "N_raw": 74, "N_roi": 74, "N_inlier": 71, "refit": true}
{"timestamp": "14:56:29.640516", "frame": 78, "mu": [-1.2038580510784618, 2.4375268438998052, -0.20325639511524735], "Sigma": [[0.010653836523043463, -0.002700462366555548, 0.027552158207604066], [-0.002700462366555547, 0.0174866387135019, -0.04426666214314605], [0.027552158207604066, -0.04426666214314605, 0.22364741865949667]], "chi2_level": 0.95, "chi2_df": 3, "chi2_threshold": 7.814727903251179, "N_raw": 93, "N_roi": 93, "N_inlier": 92, "refit": true}
{"timestamp": "14:56:29.690944", "frame": 79, "mu": [-1.2319120582567056, 2.314478953573374, 1.4308360822792188], "Sigma": [[0.011293458622669362, 0.0008048150216025877, -0.007497392049505148], [0.0008048150216025878, 0.005235944365704442, -0.0026056125061203967], [-0.007497392049505148, -0.0026056125061203967, 0.0075563192817349615]], "chi2_level": 0.95, "chi2_df": 3, "chi2_threshold": 7.814727903251179, "N_raw": 58, "N_roi": 58, "N_inlier": 54, "refit": true}
{"timestamp": "14:56:29.745971", "frame": 80, "mu": [-1.2306033847747015, 2.3742531747078104, 1.4049430534010758], "Sigma": [[0.013464785371325365, 0.0014252787053525837, -0.00537699314541672], [0.0014252787053525835, 0.0038025740749513624, -0.004935924104675138], [-0.00537699314541672, -0.004935924104675138, 0.015646033897286936]], "chi2_level": 0.95, "chi2_df": 3, "chi2_threshold": 7.814727903251179, "N_raw": 63, "N_roi": 63, "N_inlier": 60, "refit": true}
{"timestamp": "14:56:29.800490", "frame": 81, "mu": [-1.2432929717612549, 2.389561718396722, 1.062293919884329], "Sigma": [[0.015493274593859825, 0.004177227974350994, 0.0032091265464325915], [0.004177227974350995, 0.002283131397960673, -0.0015341491887996632], [0.0032091265464325915, -0.0015341491887996632, 0.018799775562857685]], "chi2_level": 0.95, "chi2_df": 3, "chi2_threshold": 7.814727903251179, "N_raw": 59, "N_roi": 59, "N_inlier": 56, "refit": true}
{"timestamp": "14:56:29.855398", "frame": 82, "mu": [-1.2030323455233811, 2.487294782095676, 1.204528434837592], "Sigma": [[0.01262591791904691, 0.0010475315800270255, -0.008061939509225884], [0.0010475315800270255, 0.0014115528270303142, -0.0051814562489028455], [-0.008061939509225884, -0.0051814562489028455, 0.02630052362442713]], "chi2_level": 0.95, "chi2_df": 3, "chi2_threshold": 7.814727903251179, "N_raw": 58, "N_roi": 58, "N_inlier": 54, "refit": true}
{"timestamp": "14:56:29.906402", "frame": 83, "mu": [-1.1312122021969044, 2.5091444086335994, 1.1488491147531417], "Sigma": [[0.0056364465309338705, 0.00038012513713936143, 0.005423712707330898], [0.00038012513713936143, 0.0027535042368909326, -0.003907976262809446], [0.005423712707330897, -0.003907976262809446, 0.05388003072837563]], "chi2_level": 0.95, "chi2_df": 3, "chi2_threshold": 7.814727903251179, "N_raw": 28, "N_roi": 28, "N_inlier": 25, "refit": true}
{"timestamp": "14:56:29.970972", "frame": 84, "mu": [-1.167004572251452, 2.5148745704022257, 0.9148636877511487], "Sigma": [[0.01808008455393773, 0.006633420445798452, 0.023994191474461166], [0.006633420445798451, 0.006958967050921362, 0.01583244133589281], [0.023994191474461166, 0.01583244133589281, 0.1407367579649984]], "chi2_level": 0.95, "chi2_df": 3, "chi2_threshold": 7.814727903251179, "N_raw": 98, "N_roi": 98, "N_inlier": 96, "refit": true}
{"timestamp": "14:56:30.013949", "frame": 85, "mu": [-1.1581916692494638, 2.599797661610464, 0.6399850892823288], "Sigma": [[0.012379366139802067, -0.0008284304323086106, 0.03299178075899878], [-0.0008284304323086109, 0.004255816009948016, 0.00962023259056422], [0.03299178075899878, 0.009620232590564222, 0.3029901259189239]], "chi2_level": 0.95, "chi2_df": 3, "chi2_threshold": 7.814727903251179, "N_raw": 11, "N_roi": 11, "N_inlier": 11, "refit": true}
{"timestamp": "14:56:30.071883", "frame": 86, "mu": [-1.17648348565084, 2.670195956645444, 0.9611652924715308], "Sigma": [[0.017594110415956918, 0.0010708576385963227, 0.03297552783279979], [0.0010708576385963227, 0.0012336224455590588, -0.004720598509095539], [0.03297552783279979, -0.004720598509095538, 0.17761762726473004]], "chi2_level": 0.95, "chi2_df": 3, "chi2_threshold": 7.814727903251179, "N_raw": 38, "N_roi": 37, "N_inlier": 36, "refit": true}
