{"timestamp": "14:22:35.454940", "frame": 10, "mu": [-1.3362832298074228, 0.6668888357802081, 0.5228770094352094], "Sigma": [[4.256506714245998, -0.021799811463335872, 0.1170972451464934], [-0.021799811463335872, 0.004695511765101701, 0.002438658748773829], [0.11709724514649339, 0.002438658748773829, 0.009620964389534553]], "chi2_level": 0.95, "chi2_df": 3, "chi2_threshold": 7.814727903251179, "N_raw": 27, "N_roi": 11, "N_inlier": 11, "refit": true}
{"timestamp": "14:22:35.564223", "frame": 12, "mu": [-0.8604095787058388, 0.6603189037708344, 0.5575757793091309], "Sigma": [[4.982258508718606, 0.05051660651628461, -0.012830739352943646], [0.05051660651628462, 0.008138946046600598, 0.003238919219924584], [-0.012830739352943642, 0.0032389192199245836, 0.007052406227881932]], "chi2_level": 0.95, "chi2_df": 3, "chi2_threshold": 7.814727903251179, "N_raw": 17, "N_roi": 14, "N_inlier": 14, "refit": true}
{"timestamp": "14:22:35.622808", "frame": 13, "mu": [-0.9208804862858228, 0.597993009045191, 0.7037379569135229], "Sigma": [[4.553085329830243, 0.006541425485451698, 0.04101865105478987], [0.0065414254854516945, 0.011102899144810168, -0.0018222514473937288], [0.04101865105478987, -0.0018222514473937284, 0.009775300523875506]], "chi2_level": 0.95, "chi2_df": 3, "chi2_threshold": 7.814727903251179, "N_raw": 37, "N_roi": 37, "N_inlier": 36, "refit": true}
{"timestamp": "14:22:35.733136", "frame": 15, "mu": [-1.8028640848181936, 0.6592842652191646, 0.849660469457125], "Sigma": [[1.826034584816394, -0.038201311053451724, 0.04984161856466345], [-0.038201311053451724, 0.0166255115532023, -0.010257365495554987], [0.04984161856466346, -0.010257365495554987, 0.009135045479904182]], "chi2_level": 0.95, "chi2_df": 3, "chi2_threshold": 7.814727903251179, "N_raw": 49, "N_roi": 49, "N_inlier": 45, "refit": true}
{"timestamp": "14:22:35.787899", "frame": 16, "mu": [-1.2421607469975435, 0.6471515366396485, 0.8231910514715477], "Sigma": [[3.402756788645473, -0.04332942745641918, 0.012599105711871006], [-0.04332942745641918, 0.018063771577818723, -0.005112886167861172], [0.012599105711871006, -0.005112886167861172, 0.002457342827185416]], "chi2_level": 0.95, "chi2_df": 3, "chi2_threshold": 7.814727903251179, "N_raw": 44, "N_roi": 44, "N_inlier": 43, "refit": true}
{"timestamp": "14:22:35.844930", "frame": 17, "mu": [-1.253532254526613, 0.6385776713721598, 0.8987977931543509], "Sigma": [[3.1439705140366225, -0.05775145466195975, 0.027269027820138368], [-0.05775145466195976, 0.01582738043964572, -0.006637263559474624], [0.027269027820138368, -0.006637263559474624, 0.007287663757612676]], "chi2_level": 0.95, "chi2_df": 3, "chi2_threshold": 7.814727903251179, "N_raw": 57, "N_roi": 57, "N_inlier": 57, "refit": true}
{"timestamp": "14:22:35.893820", "frame": 18, "mu": [-2.080538754564766, 0.6919930848775462, 0.9599087809748814], "Sigma": [[0.0034416300841778875, 0.004589786513102723, -0.0023408685793021543], [0.004589786513102723, 0.010450431975523478, -0.004317350675758334], [-0.0023408685793021547, -0.004317350675758334, 0.0028294031321763466]], "chi2_level": 0.95, "chi2_df": 3, "chi2_threshold": 7.814727903251179, "N_raw": 16, "N_roi": 16, "N_inlier": 15, "refit": true}
{"timestamp": "14:22:35.956205", "frame": 19, "mu": [-1.1340281366684057, 0.5444862295813804, 0.8306524224686103], "Sigma": [[2.9448826662572722, -0.03585213334067547, 0.09043216786503035], [-0.035852133340675475, 0.008621267076816087, -0.006286418051566749], [0.09043216786503033, -0.0062864180515667485, 0.012626943443085861]], "chi2_level": 0.95, "chi2_df": 3, "chi2_threshold": 7.814727903251179, "N_raw": 70, "N_roi": 70, "N_inlier": 67, "refit": true}
{"timestamp": "14:22:36.017310", "frame": 20, "mu": [-1.5881331845879882, 0.5654897348725769, 0.8292512571190797], "Sigma": [[1.486865664957608, -0.03856909927414734, 0.09986950250552934], [-0.038569099274147346, 0.011441752983015589, -0.01120016242162871], [0.09986950250552934, -0.011200162421628712, 0.03954060970559521]], "chi2_level": 0.95, "chi2_df": 3, "chi2_threshold": 7.814727903251179, "N_raw": 109, "N_roi": 109, "N_inlier": 102, "refit": true}
{"timestamp": "14:22:36.071367", "frame": 21, "mu": [-1.8606841396670235, 0.5461620145622801, 0.9095331562330086], "Sigma": [[0.2330245756618431, -0.0024814332796704278, 0.013790142018723852], [-0.0024814332796704273, 0.008674114967440884, -0.009172913016650908], [0.013790142018723854, -0.009172913016650908, 0.02402070459257307]], "chi2_level": 0.95, "chi2_df": 3, "chi2_threshold": 7.814727903251179, "N_raw": 81, "N_roi": 81, "N_inlier": 72, "refit": true}
{"timestamp": "14:22:36.123333", "frame": 22, "mu": [-1.3779459691204643, 0.77760157877226, -0.7911026052443327], "Sigma": [[1.486545336827409, -0.04712654242054329, 0.026843931823148825], [-0.04712654242054328, 0.014123345105852907, -0.004375226584034506], [0.026843931823148825, -0.004375226584034507, 0.003476296614087524]], "chi2_level": 0.95, "chi2_df": 3, "chi2_threshold": 7.814727903251179, "N_raw": 60, "N_roi": 60, "N_inlier": 57, "refit": true}
{"timestamp": "14:22:36.178867", "frame": 23, "mu": [-1.7716346158628637, 0.6805938124006801, -0.914494180354832], "Sigma": [[0.02283619179974786, 0.006110815107433146, 0.017584111446319824], [0.006110815107433146, 0.04421985150010768, 0.006151492885244258], [0.017584111446319828, 0.006151492885244259, 0.02132908994688955]], "chi2_level": 0.95, "chi2_df": 3, "chi2_threshold": 7.814727903251179, "N_raw": 65, "N_roi": 65, "N_inlier": 52, "refit": true}
{"timestamp": "14:22:36.233300", "frame": 24, "mu": [-1.7083014116279323, 0.7511328612369754, -0.734065615412293], "Sigma": [[0.008301215818594606, 0.004662698755302079, 0.00023634267891760904], [0.004662698755302079, 0.010382562681584512, -0.006273330247863742], [0.0002363426789176091, -0.006273330247863742, 0.008126038487758573]], "chi2_level": 0.95, "chi2_df": 3, "chi2_threshold": 7.814727903251179, "N_raw": 60, "N_roi": 60, "N_inlier": 55, "refit": true}
{"timestamp": "14:22:36.289275", "frame": 25, "mu": [-1.6335949845168742, 0.6096717962243793, 1.0979428983537567], "Sigma": [[0.009795560088140061, 0.005516148511293549, -0.002721006966237713], [0.00551614851129355, 0.008920685759975287, -0.006156475909092913], [-0.002721006966237713, -0.006156475909092913, 0.011592186618337453]], "chi2_level": 0.95, "chi2_df": 3, "chi2_threshold": 7.814727903251179, "N_raw": 65, "N_roi": 65, "N_inlier": 63, "refit": true}
{"timestamp": "14:22:36.343490", "frame": 26, "mu": [-1.6114973057627393, 0.5894682166723828, 1.1237921644639364], "Sigma": [[0.009045030662765097, 0.006544562335467937, -6.938295377556517e-05], [0.006544562335467937, 0.012368681746505064, -0.0073952173865945645], [-6.938295377556528e-05, -0.0073952173865945645, 0.009024591404980518]], "chi2_level": 0.95, "chi2_df": 3, "chi2_threshold": 7.814727903251179, "N_raw": 68, "N_roi": 68, "N_inlier": 67, "refit": true}
{"timestamp": "14:22:36.399484", "frame": 27, "mu": [-1.508206501218667, 0.6916656233456271, 1.210517627064136], "Sigma": [[0.007307175504199682, 0.006995427426646942, 0.0007588144580529037], [0.006995427426646942, 0.011228634025354607, -0.006144598944568987], [0.0007588144580529036, -0.006144598944568987, 0.019014108727573642]], "chi2_level": 0.95, "chi2_df": 3, "chi2_threshold": 7.814727903251179, "N_raw": 74, "N_roi": 74, "N_inlier": 69, "refit": true}
{"timestamp": "14:22:36.456592", "frame": 28, "mu": [-1.4420665957443897, 0.6999884393028026, 1.2287548040737033], "Sigma": [[0.008999332766296513, 0.007318304637263007, 0.0010875764758051746], [0.007318304637263008, 0.01054684339178645, -0.006720458904594974], [0.0010875764758051742, -0.006720458904594974, 0.014834627010965518]], "chi2_level": 0.95, "chi2_df": 3, "chi2_threshold": 7.814727903251179, "N_raw": 86, "N_roi": 86, "N_inlier": 84, "refit": true}
{"timestamp": "14:22:36.511339", "frame": 29, "mu": [-1.3989833228214341, 0.7608932580810672, 1.22830963633826], "Sigma": [[0.010231352196249993, 0.00717618614092848, 0.000781558990529782], [0.00717618614092848, 0.008559405350052318, -0.003544493057355993], [0.0007815589905297818, -0.003544493057355993, 0.00989950508143593]], "chi2_level": 0.95, "chi2_df": 3, "chi2_threshold": 7.814727903251179, "N_raw": 77, "N_roi": 77, "N_inlier": 73, "refit": true}
{"timestamp": "14:22:36.569452", "frame": 30, "mu": [-1.3244537006593042, 0.7148376296570219, 1.2702708236936173], "Sigma": [[0.013340627859778756, 0.01239075037746646, 0.004199431100991941], [0.012390750377466458, 0.015228520508438427, -6.357981778987252e-05], [0.004199431100991941, -6.357981778987274e-05, 0.01591457551971676]], "chi2_level": 0.95, "chi2_df": 3, "chi2_threshold": 7.814727903251179, "N_raw": 100, "N_roi": 100, "N_inlier": 95, "refit": true}
{"timestamp": "14:22:36.625051", "frame": 31, "mu": [-1.301736957510188, 0.7148985622055658, 1.314125544727233], "Sigma": [[0.014848815929012523, 0.00973844504242646, 0.0038376100841900577], [0.00973844504242646, 0.008620611382908977, -0.0009303634692102027], [0.0038376100841900577, -0.0009303634692102025, 0.011013168671753821]], "chi2_level": 0.95, "chi2_df": 3, "chi2_threshold": 7.814727903251179, "N_raw": 97, "N_roi": 97, "N_inlier": 89, "refit": true}
{"timestamp": "14:22:36.674139", "frame": 32, "mu": [-1.286181142887622, 0.6486987464777557, 1.1959329570850585], "Sigma": [[0.027909010552767455, 0.023514822912041686, -0.009795052883773745], [0.02351482291204169, 0.04804778329986524, -0.008354747413699258], [-0.009795052883773744, -0.008354747413699258, 0.020949483734520095]], "chi2_level": 0.95, "chi2_df": 3, "chi2_threshold": 7.814727903251179, "N_raw": 53, "N_roi": 53, "N_inlier": 50, "refit": true}
{"timestamp": "14:22:36.730271", "frame": 33, "mu": [-1.1413883210979707, 0.6593793135330799, 1.2960637803228383], "Sigma": [[0.0201182329634587, 0.020620478830336457, 0.003964440581339628], [0.020620478830336457, 0.024422795522985284, 0.0016353197170571464], [0.003964440581339627, 0.0016353197170571473, 0.010230328503595556]], "chi2_level": 0.95, "chi2_df": 3, "chi2_threshold": 7.814727903251179, "N_raw": 71, "N_roi": 71, "N_inlier": 61, "refit": true}
{"timestamp": "14:22:36.785175", "frame": 34, "mu": [-1.0247594293359021, 0.689092775340123, 1.3628095191854335], "Sigma": [[0.018616920279983816, 0.02073333028461815, 0.005686836542721041], [0.02073333028461815, 0.03234908904020932, 0.007320666314747737], [0.005686836542721041, 0.007320666314747737, 0.014701047620323452]], "chi2_level": 0.95, "chi2_df": 3, "chi2_threshold": 7.814727903251179, "N_raw": 69, "N_roi": 69, "N_inlier": 64, "refit": true}
{"timestamp": "14:22:36.843608", "frame": 35, "mu": [-0.8629754580916136, 0.8330593297800934, 1.3741671482602449], "Sigma": [[0.03570942338229661, 0.021708809213513112, -0.04039871081162306], [0.021708809213513112, 0.019705316805539577, -0.03326240536792564], [-0.04039871081162306, -0.03326240536792564, 0.06650424292969864]], "chi2_level": 0.95, "chi2_df": 3, "chi2_threshold": 7.814727903251179, "N_raw": 102, "N_roi": 102, "N_inlier": 100, "refit": true}
{"timestamp": "14:22:36.894776", "frame": 36, "mu": [-0.8982056533583304, 0.7885002746861284, 1.4715157347815193], "Sigma": [[0.03835458000655924, 0.015803396042647, -0.010710677063698975], [0.015803396042647, 0.009883081700559347, -0.009437776252288695], [-0.010710677063698975, -0.009437776252288695, 0.024408659193702116]], "chi2_level": 0.95, "chi2_df": 3, "chi2_threshold": 7.814727903251179, "N_raw": 62, "N_roi": 62, "N_inlier": 57, "refit": true}
{"timestamp": "14:22:36.953966", "frame": 37, "mu": [-0.7259850924300554, 0.8480096342239565, 1.3101370924132056], "Sigma": [[0.035437393194025044, 0.025288394688411174, -0.0404946815692082], [0.025288394688411174, 0.025463168382207156, -0.046537388053976794], [-0.0404946815692082, -0.046537388053976794, 0.10948461514425487]], "chi2_level": 0.95, "chi2_df": 3, "chi2_threshold": 7.814727903251179, "N_raw": 96, "N_roi": 95, "N_inlier": 87, "refit": true}
{"timestamp": "14:22:37.008249", "frame": 38, "mu": [-0.6605262544901613, 0.9215987236420773, -0.13465993958335698], "Sigma": [[0.03291770180398833, 0.02564209324375418, 0.03612144526082277], [0.02564209324375418, 0.027178253422101385, 0.04078965476397846], [0.03612144526082277, 0.04078965476397846, 0.16825756830108307]], "chi2_level": 0.95, "chi2_df": 3, "chi2_threshold": 7.814727903251179, "N_raw": 91, "N_roi": 90, "N_inlier": 88, "refit": true}
{"timestamp": "14:22:37.063162", "frame": 39, "mu": [-0.5193275145761874, 0.8748810720202557, 1.4302900426542513], "Sigma": [[0.0033301280645048163, -0.001050436572347352, 0.0006052521345574957], [-0.001050436572347352, 0.004187752246101539, -0.005076138355412447], [0.0006052521345574957, -0.005076138355412447, 0.01036301480716889]], "chi2_level": 0.95, "chi2_df": 3, "chi2_threshold": 7.814727903251179, "N_raw": 88, "N_roi": 86, "N_inlier": 83, "refit": true}
{"timestamp": "14:22:37.112215", "frame": 40, "mu": [-0.43565836867919855, 0.8437266420077283, 1.4649821803345473], "Sigma": [[0.0023049026555846904, -0.000759476357799606, -0.0002499696321484039], [-0.000759476357799606, 0.002200137427721439, -0.0025789614652813424], [-0.0002499696321484039, -0.002578961465281343, 0.008289432669208101]], "chi2_level": 0.95, "chi2_df": 3, "chi2_threshold": 7.814727903251179, "N_raw": 50, "N_roi": 50, "N_inlier": 46, "refit": true}
{"timestamp": "14:22:37.171268", "frame": 41, "mu": [-0.3372248126418299, 0.8860531730557575, 1.4105608829415706], "Sigma": [[0.004125526462966048, -0.00015661767822286395, -0.002512004700568188], [-0.000156617678222864, 0.002135367251024813, -0.0030508945839432507], [-0.002512004700568188, -0.0030508945839432507, 0.007374947179954599]], "chi2_level": 0.95, "chi2_df": 3, "chi2_threshold": 7.814727903251179, "N_raw": 83, "N_roi": 81, "N_inlier": 77, "refit": true}
{"timestamp": "14:22:37.222471", "frame": 42, "mu": [-0.29313225257675724, 0.887523104163587, 1.4504600008383073], "Sigma": [[0.0020959620264383583, -0.0007282939534432327, -0.0008993955799162566], [-0.0007282939534432327, 0.0017073435896778498, -0.0015555772418158597], [-0.0008993955799162566, -0.0015555772418158597, 0.0067058982433320395]], "chi2_level": 0.95, "chi2_df": 3, "chi2_threshold": 7.814727903251179, "N_raw": 53, "N_roi": 53, "N_inlier": 47, "refit": true}
{"timestamp": "14:22:37.281619", "frame": 43, "mu": [-0.23033669068053417, 0.8437606956653638, 1.2202512461378512], "Sigma": [[0.00252859014362174, -0.0009152115344723797, 0.00021523359889159062], [-0.0009152115344723795, 0.005604245695339087, 0.01764741967944446], [0.00021523359889159013, 0.01764741967944446, 0.07996253092323086]], "chi2_level": 0.95, "chi2_df": 3, "chi2_threshold": 7.814727903251179, "N_raw": 80, "N_roi": 80, "N_inlier": 77, "refit": true}
{"timestamp": "14:22:37.340173", "frame": 44, "mu": [-0.18091475452343808, 0.9024747617598159, 1.2935060832861263], "Sigma": [[0.003993459084644516, 6.577486003126349e-05, 0.004008055890050589], [6.577486003126338e-05, 0.004735479893205538, 0.004536332606954369], [0.004008055890050589, 0.004536332606954369, 0.03424796934125046]], "chi2_level": 0.95, "chi2_df": 3, "chi2_threshold": 7.814727903251179, "N_raw": 107, "N_roi": 107, "N_inlier": 103, "refit": true}
{"timestamp": "14:22:37.391661", "frame": 45, "mu": [-0.05992818342493824, 0.9221858751449393, 1.354650729529958], "Sigma": [[0.002782297345590651, -0.0004111643155224863, 6.973955972171031e-05], [-0.0004111643155224863, 0.0013141301121820804, -0.0029749239251232623], [6.973955972171015e-05, -0.0029749239251232623, 0.011186246462829192]], "chi2_level": 0.95, "chi2_df": 3, "chi2_threshold": 7.814727903251179, "N_raw": 80, "N_roi": 80, "N_inlier": 78, "refit": true}
{"timestamp": "14:22:37.449179", "frame": 46, "mu": [-0.016506490324930526, 0.8842910863335044, 1.3082054871917712], "Sigma": [[0.002567783964713901, -0.0017751436391129733, 0.0009284736734925565], [-0.0017751436391129733, 0.004210586314906445, -4.582609756065341e-05], [0.0009284736734925564, -4.582609756065357e-05, 0.0242574272590005]], "chi2_level": 0.95, "chi2_df": 3, "chi2_threshold": 7.814727903251179, "N_raw": 90, "N_roi": 90, "N_inlier": 84, "refit": true}
{"timestamp": "14:22:37.498501", "frame": 47, "mu": [0.0317463840120136, 0.9127116948127477, 1.3484033919766545], "Sigma": [[0.0018004305320453316, -0.001317278067753419, -0.0006061847530257679], [-0.001317278067753419, 0.0048514290036755425, 0.012349594622889341], [-0.000606184753025768, 0.012349594622889341, 0.057626543821636136]], "chi2_level": 0.95, "chi2_df": 3, "chi2_threshold": 7.814727903251179, "N_raw": 60, "N_roi": 60, "N_inlier": 55, "refit": true}
{"timestamp": "14:22:37.553191", "frame": 48, "mu": [0.1172460194757663, 0.8171713440726287, 1.2688090287507443], "Sigma": [[0.0029424420348037536, -0.0005970897236510914, 0.0035625693116996156], [-0.0005970897236510914, 0.0024736949324918353, -0.0005850132430680184], [0.0035625693116996156, -0.0005850132430680182, 0.01977603612093304]], "chi2_level": 0.95, "chi2_df": 3, "chi2_threshold": 7.814727903251179, "N_raw": 59, "N_roi": 58, "N_inlier": 52, "refit": true}
{"timestamp": "14:22:37.603645", "frame": 49, "mu": [0.19687140292510807, 0.9480863701188331, 1.4969407175982266], "Sigma": [[0.001384590071679876, -0.0006482946668187078, -0.0001650034741671564], [-0.0006482946668187077, 0.0023353354692751235, -0.0013222418821799329], [-0.00016500347416715632, -0.0013222418821799329, 0.0011430143115929282]], "chi2_level": 0.95, "chi2_df": 3, "chi2_threshold": 7.814727903251179, "N_raw": 27, "N_roi": 27, "N_inlier": 22, "refit": true}
{"timestamp": "14:22:37.659791", "frame": 50, "mu": [0.2869131109544845, 0.95000759791556, 1.389769221812489], "Sigma": [[0.005181387065856465, -0.0018268182841944252, -0.011859776170519292], [-0.001826818284194425, 0.0025103136182006423, 0.0031647000953838227], [-0.011859776170519292, 0.0031647000953838236, 0.031638399970411415]], "chi2_level": 0.95, "chi2_df": 3, "chi2_threshold": 7.814727903251179, "N_raw": 33, "N_roi": 33, "N_inlier": 28, "refit": true}
{"timestamp": "14:22:37.714213", "frame": 51, "mu": [0.37265924306268206, 0.8658659544748329, 1.2674870569205643], "Sigma": [[0.013814983501556084, -0.0004771092624585389, -0.03264120983013248], [-0.0004771092624585389, 0.004946220966390888, 0.0031477905109722863], [-0.03264120983013248, 0.0031477905109722863, 0.08507581874242637]], "chi2_level": 0.95, "chi2_df": 3, "chi2_threshold": 7.814727903251179, "N_raw": 33, "N_roi": 33, "N_inlier": 30, "refit": true}
{"timestamp": "14:22:37.766086", "frame": 52, "mu": [0.5756581205344178, 0.8395606697819679, 1.0640163411691101], "Sigma": [[0.03617229815073364, -0.006275170017737453, -0.11242013574636542], [-0.006275170017737453, 0.003330524176737918, 0.018871909569696997], [-0.11242013574636542, 0.018871909569696997, 0.35361499970742855]], "chi2_level": 0.95, "chi2_df": 3, "chi2_threshold": 7.814727903251179, "N_raw": 14, "N_roi": 12, "N_inlier": 11, "refit": true}
{"timestamp": "14:22:37.821212", "frame": 53, "mu": [0.550002612874254, 0.7903658188916498, 0.9205341280187875], "Sigma": [[0.0039696176790425496, 0.002063706072733103, -0.019739964935948536], [0.0020637060727331036, 0.009705038695545306, -0.020782144656833132], [-0.019739964935948536, -0.020782144656833132, 0.21920649315479082]], "chi2_level": 0.95, "chi2_df": 3, "chi2_threshold": 7.814727903251179, "N_raw": 11, "N_roi": 11, "N_inlier": 10, "refit": true}
{"timestamp": "14:22:37.875560", "frame": 54, "mu": [0.5896512414008, 0.892523726498346, 1.016291798782375], "Sigma": [[0.004711322130705403, -0.0026286948230033577, 0.02685450889284008], [-0.0026286948230033577, 0.006896225486154865, -0.026421596607097596], [0.02685450889284008, -0.026421596607097596, 0.20849829454259428]], "chi2_level": 0.95, "chi2_df": 3, "chi2_threshold": 7.814727903251179, "N_raw": 13, "N_roi": 13, "N_inlier": 13, "refit": true}
{"timestamp": "14:22:37.938104", "frame": 55, "mu": [0.6811051503493618, 0.8569539825059996, 0.8573967294374034], "Sigma": [[0.005773151540972747, -0.005688410227418186, 0.021779840603347908], [-0.005688410227418186, 0.014543879909333682, -0.054205252589365614], [0.021779840603347908, -0.054205252589365614, 0.21835165828623662]], "chi2_level": 0.95, "chi2_df": 3, "chi2_threshold": 7.814727903251179, "N_raw": 65, "N_roi": 65, "N_inlier": 63, "refit": true}
{"timestamp": "14:22:37.992512", "frame": 56, "mu": [0.7751640761336648, 0.9740740216189294, -0.5466575455940214], "Sigma": [[0.0036150334418547656, -0.00028173907392516626, 0.0019631929523227618], [-0.00028173907392516615, 0.017934848843075977, -0.0250391104466132], [0.0019631929523227618, -0.025039110446613198, 0.047133083329834985]], "chi2_level": 0.95, "chi2_df": 3, "chi2_threshold": 7.814727903251179, "N_raw": 53, "N_roi": 53, "N_inlier": 50, "refit": true}
{"timestamp": "14:22:38.042373", "frame": 57, "mu": [0.8370270794279556, 0.7865193540704004, 1.2852363081323412], "Sigma": [[0.0021579575348957326, 6.191918445145825e-05, -0.0010777792873466739], [6.191918445145833e-05, 0.0032889951958195423, -0.0006920776006531635], [-0.0010777792873466739, -0.0006920776006531635, 0.0016795553538201597]], "chi2_level": 0.95, "chi2_df": 3, "chi2_threshold": 7.814727903251179, "N_raw": 26, "N_roi": 26, "N_inlier": 24, "refit": true}
{"timestamp": "14:22:38.206629", "frame": 60, "mu": [1.0370652676887022, 0.9718614296677177, 1.3471385703898582], "Sigma": [[0.0022287470391751277, 0.0009645207770932363, -0.006691060183749428], [0.0009645207770932363, 0.0010678500326995902, -0.0022109728469267248], [-0.006691060183749428, -0.0022109728469267248, 0.03536409444148582]], "chi2_level": 0.95, "chi2_df": 3, "chi2_threshold": 7.814727903251179, "N_raw": 12, "N_roi": 12, "N_inlier": 11, "refit": true}
{"timestamp": "14:22:38.315830", "frame": 62, "mu": [1.1461648129130073, 1.2342871799997825, -0.6976419848497755], "Sigma": [[0.002054272032940818, -0.0023260805570052253, 0.011035322766946394], [-0.002326080557005225, 0.007980070519330543, -0.030731119925822316], [0.011035322766946392, -0.030731119925822323, 0.1360492164105537]], "chi2_level": 0.95, "chi2_df": 3, "chi2_threshold": 7.814727903251179, "N_raw": 10, "N_roi": 10, "N_inlier": 10, "refit": true}
