{"timestamp": "14:34:54.622002", "frame": 12, "mu": [-2.260296390802413, 4.337421216852155, 0.7337924660182124], "Sigma": [[0.02098607740968208, 0.007545057138769965, -0.015599046771656003], [0.007545057138769965, 0.0038136167208177594, -0.0057086955211413555], [-0.015599046771656003, -0.005708695521141355, 0.050624018061030174]], "chi2_level": 0.95, "chi2_df": 3, "chi2_threshold": 7.814727903251179, "N_raw": 38, "N_roi": 32, "N_inlier": 31, "refit": true}
{"timestamp": "14:34:54.677710", "frame": 13, "mu": [-2.293754220779791, 4.254185064710585, 0.9886547410423641], "Sigma": [[0.016552946284264045, 0.008127444909740583, -0.010242991680667992], [0.008127444909740583, 0.0062224562971500514, -0.007767896965680107], [-0.010242991680667992, -0.007767896965680107, 0.013906953425068723]], "chi2_level": 0.95, "chi2_df": 3, "chi2_threshold": 7.814727903251179, "N_raw": 33, "N_roi": 28, "N_inlier": 27, "refit": true}
{"timestamp": "14:34:54.735418", "frame": 14, "mu": [-2.26194334340636, 4.269755121778245, 0.991565440169556], "Sigma": [[0.02009560060801272, 0.00797867399469361, -0.01568713193736021], [0.00797867399469361, 0.005438122851772997, -0.008586176655719684], [-0.01568713193736021, -0.008586176655719684, 0.018608836674735615]], "chi2_level": 0.95, "chi2_df": 3, "chi2_threshold": 7.814727903251179, "N_raw": 36, "N_roi": 34, "N_inlier": 30, "refit": true}
{"timestamp": "14:34:54.791213", "frame": 15, "mu": [-2.159884545770938, 4.349878842019276, 0.016939550408232376], "Sigma": [[0.019249033451616736, 0.010471944226547158, -0.011721920703757343], [0.010471944226547158, 0.009156402399028683, -0.009142182412760868], [-0.011721920703757343, -0.009142182412760868, 0.011677458137651699]], "chi2_level": 0.95, "chi2_df": 3, "chi2_threshold": 7.814727903251179, "N_raw": 33, "N_roi": 31, "N_inlier": 30, "refit": true}
{"timestamp": "14:34:54.845075", "frame": 16, "mu": [-2.046689262619795, 4.28656138940324, 0.9323590442356289], "Sigma": [[0.03498581208178486, 0.010726249943663972, -0.015885258649563035], [0.010726249943663972, 0.00644914260414702, -0.0060373273603459765], [-0.015885258649563035, -0.0060373273603459765, 0.00957759614531196]], "chi2_level": 0.95, "chi2_df": 3, "chi2_threshold": 7.814727903251179, "N_raw": 46, "N_roi": 42, "N_inlier": 41, "refit": true}
{"timestamp": "14:34:54.899295", "frame": 17, "mu": [-1.9765343078136046, 4.299657743489644, 1.1307109193564353], "Sigma": [[0.02566246680048274, 0.01030661857575059, -0.013480217353514484], [0.01030661857575059, 0.00695012644617671, -0.005217305152936959], [-0.013480217353514484, -0.00521730515293696, 0.008906643898348884]], "chi2_level": 0.95, "chi2_df": 3, "chi2_threshold": 7.814727903251179, "N_raw": 36, "N_roi": 33, "N_inlier": 31, "refit": true}
{"timestamp": "14:34:54.950645", "frame": 18, "mu": [-1.8402284019521693, 4.2701124853640655, 0.8893016605414508], "Sigma": [[0.00629898681204025, 0.00039151782521037575, -0.005975082751506767], [0.0003915178252103757, 0.003964117110493104, 0.0002449225046113853], [-0.005975082751506767, 0.0002449225046113853, 0.007217890105807933]], "chi2_level": 0.95, "chi2_df": 3, "chi2_threshold": 7.814727903251179, "N_raw": 16, "N_roi": 14, "N_inlier": 14, "refit": true}
{"timestamp": "14:34:55.062863", "frame": 20, "mu": [-1.6827628380587527, 4.343342068192358, 1.0954687864348296], "Sigma": [[0.010837855381731397, 0.0036597863266749093, -0.008726614018381616], [0.0036597863266749093, 0.006176158433189235, -0.011573852034448037], [-0.008726614018381616, -0.011573852034448037, 0.05041537035335622]], "chi2_level": 0.95, "chi2_df": 3, "chi2_threshold": 7.814727903251179, "N_raw": 25, "N_roi": 22, "N_inlier": 21, "refit": true}
{"timestamp": "14:34:55.127676", "frame": 21, "mu": [-1.5860942674539649, 4.392956866430511, 0.16678429626985702], "Sigma": [[0.03618273113876866, 0.010243364376852061, -0.01649765700263941], [0.010243364376852063, 0.009775603635564723, 0.003655830311476701], [-0.01649765700263941, 0.003655830311476701, 0.0192266430503825]], "chi2_level": 0.95, "chi2_df": 3, "chi2_threshold": 7.814727903251179, "N_raw": 93, "N_roi": 67, "N_inlier": 65, "refit": true}
{"timestamp": "14:34:55.178090", "frame": 22, "mu": [-1.5336663930262384, 4.34775433620816, 1.1281884768332924], "Sigma": [[0.026528115345337135, 0.006089848663262192, -0.012880901511189596], [0.006089848663262192, 0.0058014671348790335, -0.004737638656996306], [-0.012880901511189598, -0.004737638656996306, 0.015443902093040222]], "chi2_level": 0.95, "chi2_df": 3, "chi2_threshold": 7.814727903251179, "N_raw": 56, "N_roi": 48, "N_inlier": 46, "refit": true}
{"timestamp": "14:34:55.231361", "frame": 23, "mu": [-1.387700283879873, 4.313589628492384, 0.9591757654909281], "Sigma": [[0.021673883993201484, -0.0005991797123264256, -0.014219856761970873], [-0.0005991797123264253, 0.0056264750306822585, 0.0017226598941996246], [-0.014219856761970875, 0.0017226598941996246, 0.011609703979314958]], "chi2_level": 0.95, "chi2_df": 3, "chi2_threshold": 7.814727903251179, "N_raw": 50, "N_roi": 47, "N_inlier": 44, "refit": true}
{"timestamp": "14:34:55.282336", "frame": 24, "mu": [-1.2409417925391881, 4.357421624252713, 0.9966019143031407], "Sigma": [[0.015547710532353319, 0.0010718366641215022, -0.012223100643697154], [0.0010718366641215022, 0.003570095178510264, 0.0032780172111167793], [-0.012223100643697155, 0.0032780172111167793, 0.015794643440633152]], "chi2_level": 0.95, "chi2_df": 3, "chi2_threshold": 7.814727903251179, "N_raw": 25, "N_roi": 23, "N_inlier": 22, "refit": true}
{"timestamp": "14:34:55.340700", "frame": 25, "mu": [-1.2344003800093983, 4.380117678874132, 1.1031647328408973], "Sigma": [[0.023807224803556012, -0.0008446573653576108, -0.026036179477489194], [-0.0008446573653576107, 0.003715540494320215, -0.0006506114809241691], [-0.026036179477489194, -0.0006506114809241691, 0.04021669059481055]], "chi2_level": 0.95, "chi2_df": 3, "chi2_threshold": 7.814727903251179, "N_raw": 53, "N_roi": 49, "N_inlier": 47, "refit": true}
{"timestamp": "14:34:55.395515", "frame": 26, "mu": [-1.2152198592895211, 4.38054718580518, 0.9134995746204881], "Sigma": [[0.024620317868452715, 0.0017839910498087528, -0.016701077681093742], [0.0017839910498087524, 0.0017026581324313238, -0.004356738162244912], [-0.016701077681093742, -0.004356738162244912, 0.021230051308361374]], "chi2_level": 0.95, "chi2_df": 3, "chi2_threshold": 7.814727903251179, "N_raw": 44, "N_roi": 40, "N_inlier": 39, "refit": true}
{"timestamp": "14:34:55.558726", "frame": 29, "mu": [-0.926364042310279, 4.402443381682351, 1.2455362327824988], "Sigma": [[0.017716241896408386, 0.00335112381713169, -0.007281906988159499], [0.0033511238171316906, 0.004668492818270344, 0.0018558100104330687], [-0.0072819069881595, 0.0018558100104330687, 0.006551293054417398]], "chi2_level": 0.95, "chi2_df": 3, "chi2_threshold": 7.814727903251179, "N_raw": 35, "N_roi": 35, "N_inlier": 31, "refit": true}
{"timestamp": "14:34:55.613425", "frame": 30, "mu": [-0.8968796638678037, 4.41409486059355, 0.9228865549430969], "Sigma": [[0.014055846790484655, 0.001162484720343741, 0.015621463458732133], [0.0011624847203437411, 0.007469138015074122, -0.022813096226812157], [0.015621463458732133, -0.022813096226812157, 0.18708873041315802]], "chi2_level": 0.95, "chi2_df": 3, "chi2_threshold": 7.814727903251179, "N_raw": 28, "N_roi": 16, "N_inlier": 15, "refit": true}
{"timestamp": "14:34:55.673301", "frame": 31, "mu": [-0.8167640994559614, 4.343915905422423, 0.993573673457232], "Sigma": [[0.02922150630096962, 0.0028650550766865053, -0.009404966990351654], [0.002865055076686505, 0.005033034744319791, -0.0037133951283681334], [-0.009404966990351652, -0.0037133951283681334, 0.009570851422133486]], "chi2_level": 0.95, "chi2_df": 3, "chi2_threshold": 7.814727903251179, "N_raw": 62, "N_roi": 56, "N_inlier": 52, "refit": true}
{"timestamp": "14:34:55.726130", "frame": 32, "mu": [-0.7706556652456891, 4.440011793488942, -0.035210381745093125], "Sigma": [[0.02118996635949705, 0.005937550390926173, -0.0027250839599116125], [0.005937550390926172, 0.007911799243414685, -0.0033322047589769282], [-0.0027250839599116125, -0.0033322047589769282, 0.0027122139405275168]], "chi2_level": 0.95, "chi2_df": 3, "chi2_threshold": 7.814727903251179, "N_raw": 42, "N_roi": 39, "N_inlier": 36, "refit": true}
{"timestamp": "14:34:55.779629", "frame": 33, "mu": [-0.6621833882318582, 4.326983096396098, 1.056515294151198], "Sigma": [[0.02354704796678847, 0.0072393186900272175, 0.0050979953345565866], [0.0072393186900272175, 0.010567060252547058, 0.017884265898018753], [0.0050979953345565866, 0.017884265898018753, 0.03558139632717268]], "chi2_level": 0.95, "chi2_df": 3, "chi2_threshold": 7.814727903251179, "N_raw": 35, "N_roi": 35, "N_inlier": 32, "refit": true}
{"timestamp": "14:34:55.835035", "frame": 34, "mu": [-0.6004867319466638, 4.273437570917482, 0.8910728896316046], "Sigma": [[0.021394149062287614, 0.0007873273657751057, -0.010007391718671616], [0.0007873273657751056, 0.0018450413923244342, -0.00013729622843291854], [-0.010007391718671616, -0.00013729622843291844, 0.006433776546213547]], "chi2_level": 0.95, "chi2_df": 3, "chi2_threshold": 7.814727903251179, "N_raw": 40, "N_roi": 25, "N_inlier": 23, "refit": true}
{"timestamp": "14:34:55.889671", "frame": 35, "mu": [-0.48772605115461765, 4.480395821910554, 1.3790442722941898], "Sigma": [[0.023621775738320045, 0.0017781771431189496, -0.009440150271785342], [0.0017781771431189496, 0.0023875019754089734, -0.0025792021516656714], [-0.00944015027178534, -0.0025792021516656714, 0.007241810094209011]], "chi2_level": 0.95, "chi2_df": 3, "chi2_threshold": 7.814727903251179, "N_raw": 36, "N_roi": 36, "N_inlier": 32, "refit": true}
{"timestamp": "14:34:55.943108", "frame": 36, "mu": [-0.3808968703944779, 4.356908909936203, 1.011254953403467], "Sigma": [[0.010354190461710043, -0.0006251898520891322, -0.006253188681430618], [-0.0006251898520891322, 0.0031955585674291014, 0.0016550217885815943], [-0.006253188681430618, 0.0016550217885815943, 0.00525594640876597]], "chi2_level": 0.95, "chi2_df": 3, "chi2_threshold": 7.814727903251179, "N_raw": 29, "N_roi": 26, "N_inlier": 23, "refit": true}
{"timestamp": "14:34:55.999038", "frame": 37, "mu": [-0.22819611955842173, 4.38245150659992, 1.037109712480977], "Sigma": [[0.022274703980141995, -0.0017374895447902247, -0.011740067977851995], [-0.0017374895447902251, 0.004029300614659053, 0.0036194586633382635], [-0.011740067977851995, 0.0036194586633382635, 0.00934034261614384]], "chi2_level": 0.95, "chi2_df": 3, "chi2_threshold": 7.814727903251179, "N_raw": 37, "N_roi": 35, "N_inlier": 34, "refit": true}
{"timestamp": "14:34:56.273849", "frame": 42, "mu": [0.12290623467275412, 4.54972614597209, 1.337696834650887], "Sigma": [[0.007365640150931381, -0.001279877150205091, -0.003173560591817332], [-0.001279877150205091, 0.0017610883790131165, -0.0021340647902587675], [-0.003173560591817332, -0.002134064790258768, 0.014523114784107534]], "chi2_level": 0.95, "chi2_df": 3, "chi2_threshold": 7.814727903251179, "N_raw": 35, "N_roi": 17, "N_inlier": 15, "refit": true}
{"timestamp": "14:34:56.326529", "frame": 43, "mu": [0.157681024564456, 4.595537816736314, -0.17834055382105735], "Sigma": [[0.017402860760691693, 0.00031809750830640054, 0.09485576600088459], [0.0003180975083064005, 0.0033105753602675828, 0.0024439507391504148], [0.0948557660008846, 0.002443950739150415, 0.7230013936543073]], "chi2_level": 0.95, "chi2_df": 3, "chi2_threshold": 7.814727903251179, "N_raw": 16, "N_roi": 13, "N_inlier": 13, "refit": true}
{"timestamp": "14:34:56.549090", "frame": 47, "mu": [0.4601626151703776, 4.457512853324064, 1.2271430233656986], "Sigma": [[0.021119401209102787, -0.005737715388003051, -0.022406534192594002], [-0.005737715388003051, 0.005472032374654722, 0.007906326483266949], [-0.022406534192594006, 0.007906326483266949, 0.026845076013935553]], "chi2_level": 0.95, "chi2_df": 3, "chi2_threshold": 7.814727903251179, "N_raw": 39, "N_roi": 36, "N_inlier": 36, "refit": true}
{"timestamp": "14:34:56.769100", "frame": 51, "mu": [0.7000301845564249, 4.473180356210738, 0.06958765254431477], "Sigma": [[0.02148285040971559, -0.002614896565016856, -0.0088157108205547], [-0.002614896565016856, 0.006292988446486258, -0.0026047242857787914], [-0.008815710820554698, -0.0026047242857787914, 0.007508528419346903]], "chi2_level": 0.95, "chi2_df": 3, "chi2_threshold": 7.814727903251179, "N_raw": 33, "N_roi": 30, "N_inlier": 27, "refit": true}
{"timestamp": "14:34:56.823023", "frame": 52, "mu": [0.8868740541199697, 4.29760876494802, 0.8083136350291491], "Sigma": [[0.018118860627952545, -0.0032725204248409794, -0.004109961430272796], [-0.0032725204248409794, 0.0033209614382923203, -0.00031298910894847417], [-0.004109961430272797, -0.0003129891089484741, 0.002751776780723434]], "chi2_level": 0.95, "chi2_df": 3, "chi2_threshold": 7.814727903251179, "N_raw": 34, "N_roi": 34, "N_inlier": 33, "refit": true}
{"timestamp": "14:34:57.374208", "frame": 62, "mu": [1.5201347938207437, 4.353630258650745, -0.09304289746276236], "Sigma": [[0.025884942421096346, -0.004060360880679344, -0.01904591172009268], [-0.004060360880679344, 0.0033748076614221792, 0.0005224937472907666], [-0.01904591172009268, 0.0005224937472907666, 0.017676624155309448]], "chi2_level": 0.95, "chi2_df": 3, "chi2_threshold": 7.814727903251179, "N_raw": 32, "N_roi": 32, "N_inlier": 31, "refit": true}
{"timestamp": "14:34:57.431211", "frame": 63, "mu": [1.6383110051418284, 4.123073830468738, 0.8248451313444757], "Sigma": [[0.026593864689056744, -0.010182813693657783, -0.013500621149980428], [-0.010182813693657783, 0.006484182185696031, 0.0013100336359644013], [-0.013500621149980428, 0.0013100336359644013, 0.016367804556534818]], "chi2_level": 0.95, "chi2_df": 3, "chi2_threshold": 7.814727903251179, "N_raw": 48, "N_roi": 48, "N_inlier": 46, "refit": true}
{"timestamp": "14:34:57.481429", "frame": 64, "mu": [1.6577085590091876, 4.091408600490133, 0.6454792039253306], "Sigma": [[0.014419569331835273, -0.004968352869916902, -0.009125688229183393], [-0.004968352869916902, 0.0037842829330160315, 0.003761325897845637], [-0.009125688229183393, 0.003761325897845637, 0.01162422970452652]], "chi2_level": 0.95, "chi2_df": 3, "chi2_threshold": 7.814727903251179, "N_raw": 16, "N_roi": 16, "N_inlier": 15, "refit": true}
{"timestamp": "14:34:57.538151", "frame": 65, "mu": [1.559263429192434, 4.08584251616482, 1.0034573637112145], "Sigma": [[0.020254581845937848, -0.007898618604739636, -0.013047855346100617], [-0.007898618604739636, 0.004380945944724011, 0.0025427154771768827], [-0.013047855346100617, 0.0025427154771768827, 0.016543513251517178]], "chi2_level": 0.95, "chi2_df": 3, "chi2_threshold": 7.814727903251179, "N_raw": 31, "N_roi": 31, "N_inlier": 30, "refit": true}
{"timestamp": "14:34:57.647055", "frame": 67, "mu": [1.789289508004321, 3.865454266705057, 0.706488092984777], "Sigma": [[0.015909803472504352, -0.009345790093853367, -0.013500894579173913], [-0.00934579009385337, 0.0061805344948294245, 0.006976602186965578], [-0.013500894579173913, 0.006976602186965578, 0.018080589467602694]], "chi2_level": 0.95, "chi2_df": 3, "chi2_threshold": 7.814727903251179, "N_raw": 22, "N_roi": 22, "N_inlier": 21, "refit": true}
{"timestamp": "14:34:57.758858", "frame": 69, "mu": [1.8422358169954463, 4.006811835596674, -0.3056805836302199], "Sigma": [[0.020130013841595937, -0.0072721526751524344, -0.01679152406579765], [-0.007272152675152434, 0.005389904581948699, 0.0012980075447653542], [-0.01679152406579765, 0.0012980075447653542, 0.024054057149914137]], "chi2_level": 0.95, "chi2_df": 3, "chi2_threshold": 7.814727903251179, "N_raw": 34, "N_roi": 34, "N_inlier": 33, "refit": true}
{"timestamp": "14:34:57.814598", "frame": 70, "mu": [1.8559042921432212, 3.919787482514623, -0.3653221338292329], "Sigma": [[0.02407880473967621, -0.010946083968367798, -0.02223780812298313], [-0.010946083968367798, 0.00744115502313223, 0.005586446804359857], [-0.022237808122983125, 0.005586446804359857, 0.03105017927979724]], "chi2_level": 0.95, "chi2_df": 3, "chi2_threshold": 7.814727903251179, "N_raw": 37, "N_roi": 37, "N_inlier": 36, "refit": true}
{"timestamp": "14:34:57.866189", "frame": 71, "mu": [1.7972841655913792, 3.6826271447120913, 0.7250321414718642], "Sigma": [[0.010255319892029066, -0.005886286382671437, -0.00939365441350476], [-0.005886286382671438, 0.005045874688560214, 0.0027752349426572185], [-0.00939365441350476, 0.002775234942657219, 0.014265131736625084]], "chi2_level": 0.95, "chi2_df": 3, "chi2_threshold": 7.814727903251179, "N_raw": 14, "N_roi": 14, "N_inlier": 13, "refit": true}
{"timestamp": "14:34:57.923845", "frame": 72, "mu": [1.8711201961681383, 3.6447402915820923, -1.0437831371557162], "Sigma": [[0.01775037614373353, -0.0023204578212993026, 0.02376357565834639], [-0.002320457821299303, 0.007286927985028759, 0.010364556047702294], [0.023763575658346393, 0.010364556047702296, 0.1117958792710021]], "chi2_level": 0.95, "chi2_df": 3, "chi2_threshold": 7.814727903251179, "N_raw": 34, "N_roi": 34, "N_inlier": 32, "refit": true}
{"timestamp": "14:34:57.978788", "frame": 73, "mu": [1.7635837674245542, 3.7746819042460555, -0.1867946878800461], "Sigma": [[0.017264186211369173, -0.005229832484763441, -0.01594147641914271], [-0.005229832484763441, 0.00425323723726594, 0.0004697103466751118], [-0.015941476419142713, 0.0004697103466751117, 0.023678388717512135]], "chi2_level": 0.95, "chi2_df": 3, "chi2_threshold": 7.814727903251179, "N_raw": 32, "N_roi": 32, "N_inlier": 29, "refit": true}
{"timestamp": "14:34:58.034452", "frame": 74, "mu": [1.7545459023130858, 3.770468051265731, -0.27831305816172713], "Sigma": [[0.018680995017822853, -0.007900818749415665, -0.01162954846821467], [-0.007900818749415665, 0.006354521105558635, -0.0008245410158479445], [-0.011629548468214668, -0.0008245410158479445, 0.019913133227631108]], "chi2_level": 0.95, "chi2_df": 3, "chi2_threshold": 7.814727903251179, "N_raw": 38, "N_roi": 38, "N_inlier": 36, "refit": true}
{"timestamp": "14:34:58.097049", "frame": 75, "mu": [1.6632466272066277, 3.7920000650814276, -0.29670930083752367], "Sigma": [[0.02940942441853831, -0.016196440983949165, -0.02451138991510585], [-0.016196440983949165, 0.02540319605624128, -0.0054794209856689905], [-0.024511389915105854, -0.0054794209856689905, 0.05096391524994938]], "chi2_level": 0.95, "chi2_df": 3, "chi2_threshold": 7.814727903251179, "N_raw": 90, "N_roi": 90, "N_inlier": 89, "refit": true}
{"timestamp": "14:34:58.146639", "frame": 76, "mu": [1.6661458612368885, 3.4905812317875538, 0.9363146891783085], "Sigma": [[0.01862288017456556, -0.009821044986727194, -0.014003450576461223], [-0.009821044986727194, 0.007567633856581729, 0.0032183866632779206], [-0.014003450576461223, 0.00321838666327792, 0.02090732234601997]], "chi2_level": 0.95, "chi2_df": 3, "chi2_threshold": 7.814727903251179, "N_raw": 49, "N_roi": 49, "N_inlier": 45, "refit": true}
{"timestamp": "14:34:58.200688", "frame": 77, "mu": [1.6631116507959205, 3.5898276430004734, -0.2394478690491812], "Sigma": [[0.023301733087235647, -0.006187249242865835, -0.034734144971925084], [-0.006187249242865835, 0.005175572144711596, 0.002630297930574089], [-0.034734144971925084, 0.0026302979305740893, 0.06849872379754232]], "chi2_level": 0.95, "chi2_df": 3, "chi2_threshold": 7.814727903251179, "N_raw": 42, "N_roi": 40, "N_inlier": 39, "refit": true}
{"timestamp": "14:34:58.254936", "frame": 78, "mu": [1.5889932252425278, 3.5727428832901293, -0.21762596082266134], "Sigma": [[0.02031057900104416, -0.008061342322946462, -0.015991895782269127], [-0.008061342322946462, 0.006547852455723439, 0.002888408522556232], [-0.015991895782269127, 0.002888408522556232, 0.01849125503494197]], "chi2_level": 0.95, "chi2_df": 3, "chi2_threshold": 7.814727903251179, "N_raw": 43, "N_roi": 42, "N_inlier": 40, "refit": true}
{"timestamp": "14:34:58.362293", "frame": 80, "mu": [1.517944945949335, 3.275493477456884, 0.9092554700308806], "Sigma": [[0.008477359785226684, -0.008892921053399274, -0.013292251680406455], [-0.008892921053399274, 0.014080565247812921, 0.014701221458678436], [-0.013292251680406455, 0.014701221458678436, 0.0266770905062712]], "chi2_level": 0.95, "chi2_df": 3, "chi2_threshold": 7.814727903251179, "N_raw": 27, "N_roi": 25, "N_inlier": 22, "refit": true}
{"timestamp": "14:34:58.422671", "frame": 81, "mu": [1.4047269491197758, 3.3107795871865586, 0.6835622480853296], "Sigma": [[0.01933098865498256, -0.017914476876120293, -0.002340925606695671], [-0.017914476876120293, 0.03471279271858639, -0.006468888123246719], [-0.002340925606695671, -0.006468888123246718, 0.011698498584078305]], "chi2_level": 0.95, "chi2_df": 3, "chi2_threshold": 7.814727903251179, "N_raw": 64, "N_roi": 64, "N_inlier": 61, "refit": true}
{"timestamp": "14:34:58.477915", "frame": 82, "mu": [1.2854431157582518, 3.4577206374259637, -0.12403480820062393], "Sigma": [[0.020557333777418946, -0.008296162411896804, -0.01962262764970286], [-0.008296162411896806, 0.011583378784884848, 0.02393523506478592], [-0.019622627649702865, 0.02393523506478592, 0.07074213802886659]], "chi2_level": 0.95, "chi2_df": 3, "chi2_threshold": 7.814727903251179, "N_raw": 61, "N_roi": 61, "N_inlier": 60, "refit": true}
{"timestamp": "14:34:58.533097", "frame": 83, "mu": [1.1962530785010927, 3.4224276295174945, -0.22159849661516684], "Sigma": [[0.02093076949340106, -0.005812678924540805, -0.011184668369650052], [-0.005812678924540805, 0.007613874239364025, 0.0058751795298488], [-0.011184668369650052, 0.0058751795298488, 0.008753241949966498]], "chi2_level": 0.95, "chi2_df": 3, "chi2_threshold": 7.814727903251179, "N_raw": 57, "N_roi": 57, "N_inlier": 54, "refit": true}
{"timestamp": "14:34:58.589070", "frame": 84, "mu": [1.0847885343969519, 3.321888501567619, 0.9326223472076935], "Sigma": [[0.023588673874403658, -0.0010449004693885945, -0.002546803258690198], [-0.0010449004693885945, 0.00929217950665658, 0.005259803127809616], [-0.002546803258690198, 0.005259803127809616, 0.008642974242607921]], "chi2_level": 0.95, "chi2_df": 3, "chi2_threshold": 7.814727903251179, "N_raw": 65, "N_roi": 65, "N_inlier": 60, "refit": true}
{"timestamp": "14:34:58.636638", "frame": 85, "mu": [0.9495797856274292, 3.356035101918178, 0.695046350946367], "Sigma": [[0.004946676588793855, 0.00438688997936407, -0.004801042934933346], [0.00438688997936407, 0.006818630025418959, -0.008913993787922146], [-0.004801042934933348, -0.008913993787922148, 0.11907095957425537]], "chi2_level": 0.95, "chi2_df": 3, "chi2_threshold": 7.814727903251179, "N_raw": 14, "N_roi": 14, "N_inlier": 13, "refit": true}
{"timestamp": "14:34:58.696174", "frame": 86, "mu": [0.9267503407639878, 3.3882227794882045, 1.0159047991843508], "Sigma": [[0.012585435924687177, -0.0009008692484980636, -0.0014008713923290132], [-0.0009008692484980634, 0.003533202146469116, -0.0007154538551411174], [-0.0014008713923290134, -0.0007154538551411174, 0.0031607494335108947]], "chi2_level": 0.95, "chi2_df": 3, "chi2_threshold": 7.814727903251179, "N_raw": 46, "N_roi": 42, "N_inlier": 38, "refit": true}
{"timestamp": "14:34:58.748176", "frame": 87, "mu": [0.8712244577292779, 3.4721167130304726, 1.0848039120671218], "Sigma": [[0.013508973586450609, -0.004123409883022643, -0.006183982070683348], [-0.004123409883022643, 0.002850349599106709, 0.0017029930870667385], [-0.006183982070683348, 0.0017029930870667385, 0.004496359165847672]], "chi2_level": 0.95, "chi2_df": 3, "chi2_threshold": 7.814727903251179, "N_raw": 29, "N_roi": 29, "N_inlier": 25, "refit": true}
{"timestamp": "14:34:58.809669", "frame": 88, "mu": [0.8160535531217382, 3.406208350110119, 1.1660103509413544], "Sigma": [[0.014306107689171402, -0.006271796330029826, -0.011442554049212178], [-0.006271796330029827, 0.012930904260065613, 0.009078004664926868], [-0.011442554049212178, 0.009078004664926868, 0.01547051825137903]], "chi2_level": 0.95, "chi2_df": 3, "chi2_threshold": 7.814727903251179, "N_raw": 66, "N_roi": 62, "N_inlier": 59, "refit": true}
{"timestamp": "14:34:58.858463", "frame": 89, "mu": [0.8800358692567668, 3.353947672048381, 0.7369989006668337], "Sigma": [[0.0092952344648173, -0.004093858930095258, -0.002906837346375527], [-0.004093858930095258, 0.004674325728119321, 0.0010098763070115117], [-0.002906837346375527, 0.0010098763070115117, 0.0017691267635821155]], "chi2_level": 0.95, "chi2_df": 3, "chi2_threshold": 7.814727903251179, "N_raw": 26, "N_roi": 26, "N_inlier": 22, "refit": true}
{"timestamp": "14:34:58.916291", "frame": 90, "mu": [0.7036870935279727, 3.380644534125362, -0.7540041330447417], "Sigma": [[0.015873257854436343, 0.007022930520403033, 0.03581549810734369], [0.007022930520403033, 0.00800388340496821, 0.02322947839449293], [0.03581549810734369, 0.02322947839449293, 0.15817550519857293]], "chi2_level": 0.95, "chi2_df": 3, "chi2_threshold": 7.814727903251179, "N_raw": 52, "N_roi": 50, "N_inlier": 47, "refit": true}
{"timestamp": "14:34:58.971721", "frame": 91, "mu": [0.5850560750091867, 3.4236512877247542, -0.3515401557784982], "Sigma": [[0.015308737349993839, 0.00569781738788817, 0.0489839028957229], [0.00569781738788817, 0.009587890070591567, 0.03448488756641711], [0.0489839028957229, 0.03448488756641711, 0.23953407901183363]], "chi2_level": 0.95, "chi2_df": 3, "chi2_threshold": 7.814727903251179, "N_raw": 49, "N_roi": 47, "N_inlier": 45, "refit": true}
{"timestamp": "14:34:59.030138", "frame": 92, "mu": [0.5109329047186861, 3.4934114948127646, 0.09819966033511461], "Sigma": [[0.0218393083194126, -0.005990349113425612, -0.017773412537672832], [-0.005990349113425611, 0.008604452168692605, 0.011626386752918955], [-0.017773412537672832, 0.011626386752918957, 0.023549702003375382]], "chi2_level": 0.95, "chi2_df": 3, "chi2_threshold": 7.814727903251179, "N_raw": 75, "N_roi": 74, "N_inlier": 71, "refit": true}
{"timestamp": "14:34:59.081445", "frame": 93, "mu": [0.5263630475387554, 3.3868948049821594, -0.4542210174669103], "Sigma": [[0.021230692465305664, 0.0054247770792468005, 0.03643735577017437], [0.0054247770792468005, 0.00522143631951442, 0.016888484074450393], [0.03643735577017437, 0.016888484074450393, 0.12658819173564237]], "chi2_level": 0.95, "chi2_df": 3, "chi2_threshold": 7.814727903251179, "N_raw": 49, "N_roi": 49, "N_inlier": 46, "refit": true}
{"timestamp": "14:34:59.135388", "frame": 94, "mu": [0.3369704137668904, 3.5750771712304608, 0.21081199078767493], "Sigma": [[0.016161891116630037, -0.000817376722288316, -0.011100249627119314], [-0.0008173767222883156, 0.003157276171968962, -0.00047283874846400887], [-0.011100249627119314, -0.00047283874846400887, 0.009286259378546867]], "chi2_level": 0.95, "chi2_df": 3, "chi2_threshold": 7.814727903251179, "N_raw": 43, "N_roi": 43, "N_inlier": 38, "refit": true}
{"timestamp": "14:34:59.193993", "frame": 95, "mu": [0.26011335991534523, 3.4585909438797993, 1.3161070092879803], "Sigma": [[0.017255320585759605, -0.007248628595424926, -0.009237441712489386], [-0.007248628595424926, 0.011180287957431987, 0.007490953287206543], [-0.009237441712489388, 0.007490953287206543, 0.00739714147185406]], "chi2_level": 0.95, "chi2_df": 3, "chi2_threshold": 7.814727903251179, "N_raw": 69, "N_roi": 64, "N_inlier": 60, "refit": true}
{"timestamp": "14:34:59.245827", "frame": 96, "mu": [0.1907694677101526, 3.5317006798121593, -0.09704670898930434], "Sigma": [[0.010994633443854039, 0.0015389429147679317, 0.030082213778204858], [0.0015389429147679317, 0.010638371856465958, -0.009756259339097833], [0.030082213778204855, -0.009756259339097833, 0.1722027846573337]], "chi2_level": 0.95, "chi2_df": 3, "chi2_threshold": 7.814727903251179, "N_raw": 40, "N_roi": 37, "N_inlier": 34, "refit": true}
{"timestamp": "14:34:59.680023", "frame": 100, "mu": [-0.15685743637211655, 3.519671116744613, -0.5279238148876144], "Sigma": [[0.008045484776040737, 0.000430847401658653, 0.011131952084429377], [0.00043084740165865294, 0.0020861521058867173, 0.00678805483483828], [0.011131952084429377, 0.006788054834838278, 0.0878024559686419]], "chi2_level": 0.95, "chi2_df": 3, "chi2_threshold": 7.814727903251179, "N_raw": 23, "N_roi": 23, "N_inlier": 20, "refit": true}
{"timestamp": "14:34:59.692817", "frame": 101, "mu": [-0.20838096507993834, 3.561530274863183, 0.1232166584877139], "Sigma": [[0.010622507521163567, 0.0010202862885396761, -0.0069770951156375985], [0.0010202862885396761, 0.005259058257921346, -0.0035554530030516697], [-0.0069770951156375985, -0.0035554530030516697, 0.007883620453748068]], "chi2_level": 0.95, "chi2_df": 3, "chi2_threshold": 7.814727903251179, "N_raw": 48, "N_roi": 45, "N_inlier": 40, "refit": true}
{"timestamp": "14:34:59.735664", "frame": 102, "mu": [-0.2568414439749719, 3.516360495733287, 1.2936024157444392], "Sigma": [[0.01588404051647791, -0.001110559781045913, -0.017151710174739175], [-0.001110559781045913, 0.0019894628317810646, -0.0019508376141526352], [-0.017151710174739175, -0.001950837614152635, 0.03320513737871103]], "chi2_level": 0.95, "chi2_df": 3, "chi2_threshold": 7.814727903251179, "N_raw": 44, "N_roi": 43, "N_inlier": 38, "refit": true}
{"timestamp": "14:34:59.766663", "frame": 103, "mu": [-0.4580496964851444, 3.6780972882745284, -0.09850365203519075], "Sigma": [[0.003824872949172672, -0.0027802163542242036, 0.014245310765553802], [-0.002780216354224204, 0.043133755050470374, -0.13205820826171644], [0.014245310765553802, -0.13205820826171644, 0.44352490758796304]], "chi2_level": 0.95, "chi2_df": 3, "chi2_threshold": 7.814727903251179, "N_raw": 13, "N_roi": 12, "N_inlier": 12, "refit": true}
{"timestamp": "14:34:59.800065", "frame": 104, "mu": [-0.5065492064498746, 3.6184044756606206, 0.2265463945876582], "Sigma": [[0.0230252585386016, 0.005352502000301169, -0.020710088927203964], [0.005352502000301169, 0.004815295502118924, -0.007798845018395454], [-0.02071008892720396, -0.007798845018395453, 0.022736037783178738]], "chi2_level": 0.95, "chi2_df": 3, "chi2_threshold": 7.814727903251179, "N_raw": 50, "N_roi": 45, "N_inlier": 42, "refit": true}
{"timestamp": "14:34:59.820059", "frame": 105, "mu": [-0.5934044909681423, 3.5490358238721362, 0.16306615105968061], "Sigma": [[0.01572768651518932, 0.0038615493682146035, -0.007836673764842414], [0.0038615493682146035, 0.008610409921237266, -0.010426749762957422], [-0.007836673764842412, -0.010426749762957422, 0.022698692797274683]], "chi2_level": 0.95, "chi2_df": 3, "chi2_threshold": 7.814727903251179, "N_raw": 81, "N_roi": 54, "N_inlier": 51, "refit": true}
{"timestamp": "14:34:59.861104", "frame": 106, "mu": [-0.6849346479463493, 3.5685852231076893, 0.19759182428145755], "Sigma": [[0.019126536136566126, 0.004540144572905608, -0.008175178041601385], [0.004540144572905607, 0.009123830919450075, -0.012372902884390316], [-0.008175178041601385, -0.012372902884390316, 0.03204652877575748]], "chi2_level": 0.95, "chi2_df": 3, "chi2_threshold": 7.814727903251179, "N_raw": 63, "N_roi": 60, "N_inlier": 56, "refit": true}
{"timestamp": "14:34:59.883608", "frame": 107, "mu": [-0.6827156712095437, 3.7122934038072373, -0.21243782809757222], "Sigma": [[0.009217835147049455, 0.0018844412346900067, -0.0062133298199506665], [0.0018844412346900072, 0.029970545919141826, -0.0993739344798611], [-0.0062133298199506665, -0.0993739344798611, 0.34096784062275287]], "chi2_level": 0.95, "chi2_df": 3, "chi2_threshold": 7.814727903251179, "N_raw": 48, "N_roi": 44, "N_inlier": 43, "refit": true}
{"timestamp": "14:34:59.910848", "frame": 108, "mu": [-0.7628982633885479, 3.7081148076762553, -0.19536280155942976], "Sigma": [[0.014016986461939848, 0.006362469135813807, -0.023934688317357317], [0.006362469135813806, 0.022031115918724146, -0.06880645775205851], [-0.023934688317357317, -0.06880645775205851, 0.23078230169387048]], "chi2_level": 0.95, "chi2_df": 3, "chi2_threshold": 7.814727903251179, "N_raw": 48, "N_roi": 48, "N_inlier": 46, "refit": true}
{"timestamp": "14:34:59.958041", "frame": 109, "mu": [-0.9276307196233831, 3.5491277160927472, 1.343472783114744], "Sigma": [[0.009276253239549968, 0.0006706841643182904, 0.00901637757958476], [0.0006706841643182903, 0.0022759767860749264, -0.0020577409042744606], [0.00901637757958476, -0.002057740904274461, 0.22727859774753892]], "chi2_level": 0.95, "chi2_df": 3, "chi2_threshold": 7.814727903251179, "N_raw": 29, "N_roi": 26, "N_inlier": 24, "refit": true}
{"timestamp": "14:35:00.011969", "frame": 110, "mu": [-1.0164881084266002, 3.4364689865431846, 1.0819306388291319], "Sigma": [[0.016358480117891896, -0.006381774226777753, 0.031061452582341866], [-0.006381774226777753, 0.006376197800226426, -0.021002082563932923], [0.031061452582341866, -0.021002082563932923, 0.14577127241611573]], "chi2_level": 0.95, "chi2_df": 3, "chi2_threshold": 7.814727903251179, "N_raw": 24, "N_roi": 24, "N_inlier": 22, "refit": true}
{"timestamp": "14:35:00.070783", "frame": 111, "mu": [-0.9839950205874858, 3.5420287753656736, 0.0066989632088180475], "Sigma": [[0.017099685495444307, 0.004866137750978376, -0.016362601148420516], [0.004866137750978376, 0.01135029398393655, -0.0132319558327442], [-0.016362601148420516, -0.0132319558327442, 0.03129453984690985]], "chi2_level": 0.95, "chi2_df": 3, "chi2_threshold": 7.814727903251179, "N_raw": 48, "N_roi": 47, "N_inlier": 43, "refit": true}
{"timestamp": "14:35:00.124168", "frame": 112, "mu": [-1.0869178656528264, 3.3763270149132905, 1.0626289813754952], "Sigma": [[0.012072612953985378, 0.0014147409628052486, -0.010188890854227937], [0.0014147409628052486, 0.0036149861578568263, -0.004332573933980783], [-0.010188890854227937, -0.004332573933980783, 0.014089132253468816]], "chi2_level": 0.95, "chi2_df": 3, "chi2_threshold": 7.814727903251179, "N_raw": 39, "N_roi": 38, "N_inlier": 35, "refit": true}
{"timestamp": "14:35:00.182767", "frame": 113, "mu": [-1.1316727164112708, 3.3686010194278952, 0.980343491161526], "Sigma": [[0.016535113027609707, 0.002350443471927606, -0.013450817302756803], [0.0023504434719276057, 0.005381206784173346, -0.007139435210966305], [-0.0134508173027568, -0.007139435210966305, 0.018618660187599573]], "chi2_level": 0.95, "chi2_df": 3, "chi2_threshold": 7.814727903251179, "N_raw": 55, "N_roi": 53, "N_inlier": 50, "refit": true}
{"timestamp": "14:35:00.235821", "frame": 114, "mu": [-1.2364254449310994, 3.51982194321147, 0.03260702117846247], "Sigma": [[0.014868229036120234, 0.004506383161712742, -0.021924451363612672], [0.004506383161712742, 0.0066144875189639305, -0.00724785098187569], [-0.021924451363612672, -0.007247850981875689, 0.04188863005368528]], "chi2_level": 0.95, "chi2_df": 3, "chi2_threshold": 7.814727903251179, "N_raw": 43, "N_roi": 39, "N_inlier": 36, "refit": true}
{"timestamp": "14:35:00.288347", "frame": 115, "mu": [-1.3741250480523823, 3.4547672241371847, 1.2512004714681395], "Sigma": [[0.009886818496108693, 0.0005022415844835504, -0.011814909420344934], [0.0005022415844835504, 0.005800919110860432, -0.0029498797912186564], [-0.011814909420344936, -0.002949879791218655, 0.04333081558167331]], "chi2_level": 0.95, "chi2_df": 3, "chi2_threshold": 7.814727903251179, "N_raw": 29, "N_roi": 28, "N_inlier": 26, "refit": true}
{"timestamp": "14:35:00.450288", "frame": 118, "mu": [-1.6310007007622702, 3.4332793813681706, 1.49387006429372], "Sigma": [[0.010621920134746712, 0.0017088324657348222, -0.007604066746442362], [0.0017088324657348218, 0.0016618763293008685, -0.002364209840675879], [-0.007604066746442362, -0.002364209840675879, 0.008291225635349975]], "chi2_level": 0.95, "chi2_df": 3, "chi2_threshold": 7.814727903251179, "N_raw": 19, "N_roi": 19, "N_inlier": 16, "refit": true}
{"timestamp": "14:35:00.614649", "frame": 121, "mu": [-1.6415175102384445, 3.6778585714559155, -0.38164873137629807], "Sigma": [[0.010187916257905447, 0.023065737370292022, -0.044185821088160854], [0.023065737370292022, 0.06288581051937464, -0.11640360257160118], [-0.04418582108816085, -0.11640360257160118, 0.22830042398523834]], "chi2_level": 0.95, "chi2_df": 3, "chi2_threshold": 7.814727903251179, "N_raw": 10, "N_roi": 10, "N_inlier": 10, "refit": true}
{"timestamp": "14:35:00.890202", "frame": 126, "mu": [-1.8867307826206312, 3.224867372187271, 0.9345282470222657], "Sigma": [[0.005592317259885041, 0.0029185900520715662, -0.011085204232118005], [0.0029185900520715667, 0.0026714767774546214, -0.009970420663993132], [-0.011085204232118005, -0.009970420663993132, 0.04478841872746929]], "chi2_level": 0.95, "chi2_df": 3, "chi2_threshold": 7.814727903251179, "N_raw": 12, "N_roi": 11, "N_inlier": 11, "refit": true}
{"timestamp": "14:35:00.948677", "frame": 127, "mu": [-1.871212373479166, 3.221642407347885, 0.953936794706516], "Sigma": [[0.013257025686561084, 0.004734221154942279, -0.012091786998065589], [0.004734221154942279, 0.0029474729124602797, -0.008164007556737013], [-0.012091786998065589, -0.008164007556737013, 0.027165542155253623]], "chi2_level": 0.95, "chi2_df": 3, "chi2_threshold": 7.814727903251179, "N_raw": 36, "N_roi": 36, "N_inlier": 35, "refit": true}
{"timestamp": "14:35:01.005964", "frame": 128, "mu": [-1.8332208475877594, 3.1823083069844653, 0.8900423845153822], "Sigma": [[0.01576953225366636, 0.006372030681633839, -0.01487339972554489], [0.006372030681633839, 0.004239738903807162, -0.011286292902485569], [-0.01487339972554489, -0.011286292902485569, 0.039417742053625124]], "chi2_level": 0.95, "chi2_df": 3, "chi2_threshold": 7.814727903251179, "N_raw": 50, "N_roi": 50, "N_inlier": 48, "refit": true}
{"timestamp": "14:35:01.061264", "frame": 129, "mu": [-1.9587902091918137, 3.04103259648052, 1.0672908476338887], "Sigma": [[0.013061880213524389, 0.005993742060068469, -0.00804788714051385], [0.005993742060068469, 0.004670250524533021, -0.005693691266384271], [-0.00804788714051385, -0.00569369126638427, 0.008097612531419222]], "chi2_level": 0.95, "chi2_df": 3, "chi2_threshold": 7.814727903251179, "N_raw": 33, "N_roi": 33, "N_inlier": 30, "refit": true}
{"timestamp": "14:35:01.113325", "frame": 130, "mu": [-1.9404781915469824, 3.17411188232943, -0.035893291228597995], "Sigma": [[0.012627224903778425, 0.006494440163090118, -0.007575358217412961], [0.006494440163090118, 0.006946893291450604, -0.008794878385643114], [-0.007575358217412961, -0.008794878385643114, 0.012731350027892557]], "chi2_level": 0.95, "chi2_df": 3, "chi2_threshold": 7.814727903251179, "N_raw": 34, "N_roi": 34, "N_inlier": 32, "refit": true}
{"timestamp": "14:35:01.167958", "frame": 131, "mu": [-1.933187416028857, 3.125900498264049, -0.10086890448466192], "Sigma": [[0.010741630643622232, 0.007652731058942132, -0.009029395443742864], [0.007652731058942132, 0.009156926204949865, -0.011097800309584035], [-0.009029395443742864, -0.011097800309584035, 0.015775374966346546]], "chi2_level": 0.95, "chi2_df": 3, "chi2_threshold": 7.814727903251179, "N_raw": 29, "N_roi": 29, "N_inlier": 27, "refit": true}
{"timestamp": "14:35:01.225805", "frame": 132, "mu": [-1.9909139675649883, 2.9313734387582584, 0.89754420379132], "Sigma": [[0.012944725393293981, 0.0048223894519563906, 0.0017594175090565136], [0.0048223894519563906, 0.0033368339276612933, -0.0029657773180881723], [0.0017594175090565136, -0.002965777318088173, 0.04884404873864178]], "chi2_level": 0.95, "chi2_df": 3, "chi2_threshold": 7.814727903251179, "N_raw": 50, "N_roi": 50, "N_inlier": 49, "refit": true}
{"timestamp": "14:35:01.281249", "frame": 133, "mu": [-1.9346687772844817, 2.8997675052252077, 0.9025111197801094], "Sigma": [[0.01242640445322782, 0.004185012751825602, -0.0031470385037806773], [0.004185012751825602, 0.00254900986596365, -0.004114426866320881], [-0.0031470385037806773, -0.004114426866320881, 0.05722698217459933]], "chi2_level": 0.95, "chi2_df": 3, "chi2_threshold": 7.814727903251179, "N_raw": 52, "N_roi": 52, "N_inlier": 51, "refit": true}
