{"timestamp": "14:26:19.940080", "frame": 10, "mu": [2.2386409948270485, 4.798228251190078, 0.6167651179987058], "Sigma": [[0.018415602125255427, -0.010129272729842417, -0.004100614554805969], [-0.010129272729842417, 0.008835553801170995, 0.0021904330608627006], [-0.004100614554805969, 0.0021904330608627006, 0.002530448215453382]], "chi2_level": 0.95, "chi2_df": 3, "chi2_threshold": 7.814727903251179, "N_raw": 28, "N_roi": 23, "N_inlier": 21, "refit": true}
{"timestamp": "14:26:20.050539", "frame": 12, "mu": [2.206936028629284, 4.676458755298862, 0.4849046163068847], "Sigma": [[0.010666836514567252, -0.00451556581148012, -9.21726833449394e-05], [-0.00451556581148012, 0.003452635367161163, -0.002288132436528477], [-9.21726833449393e-05, -0.002288132436528477, 0.006063282705207688]], "chi2_level": 0.95, "chi2_df": 3, "chi2_threshold": 7.814727903251179, "N_raw": 20, "N_roi": 18, "N_inlier": 16, "refit": true}
{"timestamp": "14:26:20.162240", "frame": 14, "mu": [2.159984260269028, 4.571242186772077, 0.6592780362293964], "Sigma": [[0.02028126904186936, -0.011528466065219883, -0.004123079895248051], [-0.011528466065219883, 0.008490638864611615, 0.0005594634763547759], [-0.00412307989524805, 0.0005594634763547759, 0.010609050829856378]], "chi2_level": 0.95, "chi2_df": 3, "chi2_threshold": 7.814727903251179, "N_raw": 30, "N_roi": 28, "N_inlier": 26, "refit": true}
{"timestamp": "14:26:20.330446", "frame": 17, "mu": [1.9257031637991717, 4.391636683763162, 0.339743281032177], "Sigma": [[0.03360131699722724, -0.015420587711589762, -0.0027573820885589007], [-0.015420587711589759, 0.008416924588527334, 0.00994825584719063], [-0.002757382088558899, 0.00994825584719063, 0.09143585655566228]], "chi2_level": 0.95, "chi2_df": 3, "chi2_threshold": 7.814727903251179, "N_raw": 54, "N_roi": 53, "N_inlier": 52, "refit": true}
{"timestamp": "14:26:20.382621", "frame": 18, "mu": [1.821186052905396, 4.343623327943964, 0.13588065366572372], "Sigma": [[0.021356974849501845, -0.009275199720634453, -0.0029879300691016755], [-0.009275199720634451, 0.005701223491044259, 0.0022595428537786847], [-0.0029879300691016755, 0.0022595428537786847, 0.01774547446782129]], "chi2_level": 0.95, "chi2_df": 3, "chi2_threshold": 7.814727903251179, "N_raw": 30, "N_roi": 29, "N_inlier": 27, "refit": true}
{"timestamp": "14:26:20.442329", "frame": 19, "mu": [1.9157205640810475, 4.513915258747889, -0.3903875272396492], "Sigma": [[0.028222056145233106, -0.011088618447184517, 0.002640644801592997], [-0.011088618447184517, 0.01041274535950385, -0.02140640178265955], [0.002640644801592996, -0.021406401782659554, 0.08729331016836141]], "chi2_level": 0.95, "chi2_df": 3, "chi2_threshold": 7.814727903251179, "N_raw": 64, "N_roi": 61, "N_inlier": 60, "refit": true}
{"timestamp": "14:26:20.548070", "frame": 21, "mu": [1.8041439566687847, 4.192311740224987, 0.717502291853629], "Sigma": [[0.01865209099797068, -0.008915863565968381, -0.004290352144987457], [-0.008915863565968381, 0.005306830508217389, -5.161239131589964e-05], [-0.004290352144987457, -5.1612391315899694e-05, 0.00919907867532562]], "chi2_level": 0.95, "chi2_df": 3, "chi2_threshold": 7.814727903251179, "N_raw": 35, "N_roi": 34, "N_inlier": 31, "refit": true}
{"timestamp": "14:26:20.605433", "frame": 22, "mu": [1.8176257285865394, 4.132918767681637, 0.7030146023677202], "Sigma": [[0.028204179683236102, -0.014848028588506444, -0.01811643674556645], [-0.014848028588506444, 0.008887644142174385, 0.005781096097138115], [-0.018116436745566452, 0.005781096097138115, 0.04108569995157352]], "chi2_level": 0.95, "chi2_df": 3, "chi2_threshold": 7.814727903251179, "N_raw": 51, "N_roi": 51, "N_inlier": 50, "refit": true}
{"timestamp": "14:26:20.656741", "frame": 23, "mu": [1.8110928155746706, 4.034275286903388, 0.6220635422672269], "Sigma": [[0.013045226063919028, -0.007467150507207039, -0.013360542308089847], [-0.007467150507207039, 0.004937854334737508, 0.007494853199944148], [-0.013360542308089847, 0.007494853199944148, 0.03847079492636967]], "chi2_level": 0.95, "chi2_df": 3, "chi2_threshold": 7.814727903251179, "N_raw": 23, "N_roi": 21, "N_inlier": 20, "refit": true}
{"timestamp": "14:26:20.713843", "frame": 24, "mu": [1.6700769225855088, 4.019454519387211, 0.6789015535782958], "Sigma": [[0.016183552703037597, -0.013488007049052595, -0.023925631002184904], [-0.013488007049052595, 0.012263377300351005, 0.017823708636624656], [-0.023925631002184904, 0.017823708636624656, 0.05174974101662767]], "chi2_level": 0.95, "chi2_df": 3, "chi2_threshold": 7.814727903251179, "N_raw": 39, "N_roi": 35, "N_inlier": 31, "refit": true}
{"timestamp": "14:26:20.768937", "frame": 25, "mu": [1.6123424090809846, 4.182140341009258, -0.1768498942217177], "Sigma": [[0.02603910457404473, -0.008124408248036574, -0.010644271999290281], [-0.008124408248036574, 0.006038451610309993, 0.0031269515835770575], [-0.010644271999290283, 0.0031269515835770575, 0.006246266480111133]], "chi2_level": 0.95, "chi2_df": 3, "chi2_threshold": 7.814727903251179, "N_raw": 41, "N_roi": 41, "N_inlier": 39, "refit": true}
{"timestamp": "14:26:20.823570", "frame": 26, "mu": [1.5507173794976752, 3.8980633111165504, 0.5594459224215377], "Sigma": [[0.019499714122137114, -0.007501299231356045, -0.0030509754828633084], [-0.007501299231356045, 0.006535816762623293, 0.000273914591088536], [-0.003050975482863308, 0.0002739145910885359, 0.0027187272329418054]], "chi2_level": 0.95, "chi2_df": 3, "chi2_threshold": 7.814727903251179, "N_raw": 37, "N_roi": 37, "N_inlier": 35, "refit": true}
{"timestamp": "14:26:20.877006", "frame": 27, "mu": [1.5481377368689857, 3.8208703068160585, 0.5835808374867624], "Sigma": [[0.014257453744591449, -0.005910837446786451, -0.005962111428856784], [-0.00591083744678645, 0.002565448912238789, 0.0036512740833957455], [-0.005962111428856784, 0.0036512740833957455, 0.03591036571972853]], "chi2_level": 0.95, "chi2_df": 3, "chi2_threshold": 7.814727903251179, "N_raw": 32, "N_roi": 32, "N_inlier": 29, "refit": true}
{"timestamp": "14:26:20.934493", "frame": 28, "mu": [1.4985878360312186, 3.7734256624372557, 0.5012927643300276], "Sigma": [[0.017239175082550053, -0.006120336686291947, 1.3463172149249083e-05], [-0.006120336686291947, 0.0026824682720643644, -0.0021505069452698927], [1.3463172149248215e-05, -0.0021505069452698927, 0.02325837285190993]], "chi2_level": 0.95, "chi2_df": 3, "chi2_threshold": 7.814727903251179, "N_raw": 43, "N_roi": 43, "N_inlier": 40, "refit": true}
{"timestamp": "14:26:20.988731", "frame": 29, "mu": [1.413731803432465, 3.7488676161240444, 0.49716133812211205], "Sigma": [[0.01690605336908134, -0.006598437872080939, -0.005655390668565607], [-0.006598437872080939, 0.00467800878117497, 0.00027909670717017837], [-0.005655390668565607, 0.0002790967071701783, 0.014396774799960972]], "chi2_level": 0.95, "chi2_df": 3, "chi2_threshold": 7.814727903251179, "N_raw": 41, "N_roi": 41, "N_inlier": 38, "refit": true}
{"timestamp": "14:26:21.041888", "frame": 30, "mu": [1.4431505501144808, 3.6392133666597024, 0.663345882138893], "Sigma": [[0.020478637103205098, -0.010071228748804003, -0.009082132248991619], [-0.010071228748804001, 0.005321824597482496, 0.003887246403772749], [-0.009082132248991617, 0.003887246403772749, 0.013605000946466475]], "chi2_level": 0.95, "chi2_df": 3, "chi2_threshold": 7.814727903251179, "N_raw": 29, "N_roi": 28, "N_inlier": 26, "refit": true}
{"timestamp": "14:26:21.099490", "frame": 31, "mu": [1.3221056341516413, 3.6142617799803274, 0.6795335565995169], "Sigma": [[0.023427122093230418, -0.008805049828849217, 0.001725832805457805], [-0.008805049828849217, 0.005506664838550687, -0.003872854787863529], [0.001725832805457804, -0.003872854787863529, 0.009201553115119679]], "chi2_level": 0.95, "chi2_df": 3, "chi2_threshold": 7.814727903251179, "N_raw": 51, "N_roi": 51, "N_inlier": 48, "refit": true}
{"timestamp": "14:26:21.150931", "frame": 32, "mu": [1.239751750523941, 3.60081441581079, 0.6843493120402745], "Sigma": [[0.014632070895525507, -0.009144666742538372, -0.003027317658514831], [-0.009144666742538372, 0.007352792237693639, -0.0005861901400885719], [-0.003027317658514831, -0.0005861901400885719, 0.007105558109241875]], "chi2_level": 0.95, "chi2_df": 3, "chi2_threshold": 7.814727903251179, "N_raw": 24, "N_roi": 24, "N_inlier": 22, "refit": true}
{"timestamp": "14:26:21.206148", "frame": 33, "mu": [1.1905590145641889, 3.5646040405366293, 0.8183613712088823], "Sigma": [[0.01067698120766839, -0.005529141932570357, -0.00590421841259732], [-0.005529141932570357, 0.00483485409312647, -0.0003694637523005947], [-0.00590421841259732, -0.00036946375230059454, 0.01426755733581781]], "chi2_level": 0.95, "chi2_df": 3, "chi2_threshold": 7.814727903251179, "N_raw": 29, "N_roi": 27, "N_inlier": 25, "refit": true}
{"timestamp": "14:26:21.268764", "frame": 34, "mu": [1.1649643188798309, 3.488776839588895, 0.5895739879779606], "Sigma": [[0.029905979764528738, -0.01835485794102943, 0.0032222852811254854], [-0.01835485794102943, 0.01419008461795082, -0.0062077422420523595], [0.0032222852811254854, -0.0062077422420523595, 0.023634106078966426]], "chi2_level": 0.95, "chi2_df": 3, "chi2_threshold": 7.814727903251179, "N_raw": 78, "N_roi": 75, "N_inlier": 72, "refit": true}
{"timestamp": "14:26:21.320194", "frame": 35, "mu": [1.153566228841445, 3.379918823902239, 0.5701024294231364], "Sigma": [[0.019731025340865307, -0.011749002155713, 0.008305290877807337], [-0.011749002155713, 0.009251007387266438, -0.007576905275359523], [0.008305290877807337, -0.007576905275359523, 0.021114436892846186]], "chi2_level": 0.95, "chi2_df": 3, "chi2_threshold": 7.814727903251179, "N_raw": 52, "N_roi": 52, "N_inlier": 49, "refit": true}
{"timestamp": "14:26:21.373769", "frame": 36, "mu": [1.0600546208935604, 3.3694356839569717, 0.7307867703125537], "Sigma": [[0.01631099537006022, -0.006596863058481138, 0.000515536357953431], [-0.006596863058481138, 0.005879834033431309, -0.0019856813586342135], [0.000515536357953431, -0.001985681358634214, 0.0011603958581358975]], "chi2_level": 0.95, "chi2_df": 3, "chi2_threshold": 7.814727903251179, "N_raw": 43, "N_roi": 41, "N_inlier": 37, "refit": true}
{"timestamp": "14:26:21.433723", "frame": 37, "mu": [0.9816029660844767, 3.3283682807106674, 0.7542547831764655], "Sigma": [[0.02636000559774917, -0.013892812546257939, 0.011402395346150274], [-0.013892812546257939, 0.010610409377644368, -0.01001264789381543], [0.011402395346150276, -0.01001264789381543, 0.02225125734632013]], "chi2_level": 0.95, "chi2_df": 3, "chi2_threshold": 7.814727903251179, "N_raw": 78, "N_roi": 75, "N_inlier": 73, "refit": true}
{"timestamp": "14:26:21.487559", "frame": 38, "mu": [0.8591797207683273, 3.2698837788834023, 0.40921200679771025], "Sigma": [[0.019773226609788117, -0.005375200009020834, 0.008081847207251643], [-0.005375200009020834, 0.0023580039542201395, -0.005393126477410729], [0.008081847207251643, -0.005393126477410728, 0.018882716843857908]], "chi2_level": 0.95, "chi2_df": 3, "chi2_threshold": 7.814727903251179, "N_raw": 60, "N_roi": 57, "N_inlier": 54, "refit": true}
{"timestamp": "14:26:21.546902", "frame": 39, "mu": [0.7482835867300693, 3.1719254272528263, 0.4790031478324433], "Sigma": [[0.018255342273050798, -0.001565886607035322, 0.00228668614131056], [-0.001565886607035322, 0.008836855307549504, -0.009880591748734253], [0.002286686141310559, -0.009880591748734253, 0.03509691227959595]], "chi2_level": 0.95, "chi2_df": 3, "chi2_threshold": 7.814727903251179, "N_raw": 92, "N_roi": 90, "N_inlier": 86, "refit": true}
{"timestamp": "14:26:21.598507", "frame": 40, "mu": [0.8160599476059356, 3.1522199493738006, 0.8565997799150373], "Sigma": [[0.01673240955046187, -0.0026004655240920976, 0.004251983437034342], [-0.0026004655240920976, 0.0035352360607276917, -0.003546058398086053], [0.004251983437034342, -0.003546058398086053, 0.010403841539662409]], "chi2_level": 0.95, "chi2_df": 3, "chi2_threshold": 7.814727903251179, "N_raw": 65, "N_roi": 59, "N_inlier": 56, "refit": true}
{"timestamp": "14:26:21.655600", "frame": 41, "mu": [0.6865547338266555, 3.1302234229169574, 0.9029017231315897], "Sigma": [[0.01821457537218363, -0.007655598640765662, -0.002714570285900234], [-0.007655598640765661, 0.006679414898709583, -0.005415336213090899], [-0.0027145702859002335, -0.005415336213090899, 0.019453176471812612]], "chi2_level": 0.95, "chi2_df": 3, "chi2_threshold": 7.814727903251179, "N_raw": 81, "N_roi": 81, "N_inlier": 76, "refit": true}
{"timestamp": "14:26:21.712859", "frame": 42, "mu": [0.5831116499002474, 3.326042814657274, -0.25675823812787196], "Sigma": [[0.01951166350849582, -0.004649048368738495, -0.008859690588981218], [-0.004649048368738494, 0.011922749889443337, -0.02093421474837565], [-0.008859690588981218, -0.02093421474837565, 0.06522219235936333]], "chi2_level": 0.95, "chi2_df": 3, "chi2_threshold": 7.814727903251179, "N_raw": 96, "N_roi": 94, "N_inlier": 92, "refit": true}
{"timestamp": "14:26:21.763960", "frame": 43, "mu": [0.6484783031656765, 3.251480662659691, -0.44561184721636754], "Sigma": [[0.013159563603158685, -0.005388732813970635, 0.004486711938252608], [-0.005388732813970635, 0.006384960863807695, -0.009189483505233156], [0.004486711938252608, -0.009189483505233156, 0.01568252852022569]], "chi2_level": 0.95, "chi2_df": 3, "chi2_threshold": 7.814727903251179, "N_raw": 60, "N_roi": 58, "N_inlier": 54, "refit": true}
{"timestamp": "14:26:21.821326", "frame": 44, "mu": [0.5831273226945449, 2.9773972500936976, 0.8401159643173907], "Sigma": [[0.019037463153048564, -0.004065145333676575, -0.012258911041932025], [-0.004065145333676575, 0.004349692156171492, -0.004450587305765733], [-0.012258911041932025, -0.004450587305765733, 0.025970868426674638]], "chi2_level": 0.95, "chi2_df": 3, "chi2_threshold": 7.814727903251179, "N_raw": 92, "N_roi": 91, "N_inlier": 86, "refit": true}
{"timestamp": "14:26:21.881118", "frame": 45, "mu": [0.4928723504797965, 2.9408525616711225, 0.7713196446972799], "Sigma": [[0.01941184096619483, -0.008297424509837371, -0.0056342755898658205], [-0.008297424509837371, 0.004882112858079664, -0.0018841233550253506], [-0.0056342755898658205, -0.0018841233550253506, 0.03903425726987577]], "chi2_level": 0.95, "chi2_df": 3, "chi2_threshold": 7.814727903251179, "N_raw": 113, "N_roi": 86, "N_inlier": 80, "refit": true}
{"timestamp": "14:26:21.933331", "frame": 46, "mu": [0.4007910680523006, 2.915760575936232, 0.8412880527045763], "Sigma": [[0.02046399694991699, -0.005477554886405814, -0.0023597338022725914], [-0.005477554886405814, 0.003322900337389422, 0.0006089357734808771], [-0.0023597338022725923, 0.0006089357734808771, 0.06710817273662255]], "chi2_level": 0.95, "chi2_df": 3, "chi2_threshold": 7.814727903251179, "N_raw": 96, "N_roi": 86, "N_inlier": 85, "refit": true}
{"timestamp": "14:26:21.987811", "frame": 47, "mu": [0.3739286856399309, 2.855293036012994, 0.9531005750634138], "Sigma": [[0.019355647599382127, -0.006243079577778549, -0.015316379741449296], [-0.006243079577778548, 0.004702719585539702, 0.005114689957882846], [-0.015316379741449294, 0.005114689957882846, 0.11647623365866255]], "chi2_level": 0.95, "chi2_df": 3, "chi2_threshold": 7.814727903251179, "N_raw": 99, "N_roi": 98, "N_inlier": 95, "refit": true}
{"timestamp": "14:26:22.041654", "frame": 48, "mu": [0.3507545094165975, 2.9629177577385253, -0.3822922872343735], "Sigma": [[0.019888392441245663, 0.00042183426290631033, -0.022595210051770464], [0.00042183426290631, 0.0070492565241286045, -0.01826520170966708], [-0.022595210051770464, -0.01826520170966708, 0.07963173002026386]], "chi2_level": 0.95, "chi2_df": 3, "chi2_threshold": 7.814727903251179, "N_raw": 90, "N_roi": 90, "N_inlier": 86, "refit": true}
{"timestamp": "14:26:22.094538", "frame": 49, "mu": [0.3535083270445664, 2.702333709559528, 0.9128210894403999], "Sigma": [[0.013395731284071061, -0.0026805719099620095, -0.01537732260346884], [-0.0026805719099620095, 0.006785738465801829, -0.017314516875126994], [-0.01537732260346884, -0.017314516875126987, 0.107054245702011]], "chi2_level": 0.95, "chi2_df": 3, "chi2_threshold": 7.814727903251179, "N_raw": 73, "N_roi": 73, "N_inlier": 68, "refit": true}
{"timestamp": "14:26:22.153262", "frame": 50, "mu": [0.29245793601180736, 2.8177324120219165, -0.44844427687161614], "Sigma": [[0.01665012671825982, -0.0028070896103066763, -0.012295010203752305], [-0.0028070896103066763, 0.008698823565233544, -0.008408749367720113], [-0.012295010203752305, -0.008408749367720113, 0.02737807149676634]], "chi2_level": 0.95, "chi2_df": 3, "chi2_threshold": 7.814727903251179, "N_raw": 101, "N_roi": 97, "N_inlier": 93, "refit": true}
{"timestamp": "14:26:22.204014", "frame": 51, "mu": [0.1863387926503911, 2.5437038658683204, 0.9626137229091634], "Sigma": [[0.021203551294791866, -0.009879947898955853, -0.014511381574878763], [-0.009879947898955854, 0.006242737246397293, 0.0029558788258672144], [-0.014511381574878763, 0.0029558788258672144, 0.035027219182928795]], "chi2_level": 0.95, "chi2_df": 3, "chi2_threshold": 7.814727903251179, "N_raw": 66, "N_roi": 66, "N_inlier": 60, "refit": true}
{"timestamp": "14:26:22.259152", "frame": 52, "mu": [0.09523389724244247, 2.5430952410165046, 1.034787207781157], "Sigma": [[0.011044004286926533, -0.0028907706787785507, -0.0063465617368707525], [-0.0028907706787785507, 0.0031797736030466477, -0.0037741745822392984], [-0.0063465617368707525, -0.003774174582239299, 0.018667794632291648]], "chi2_level": 0.95, "chi2_df": 3, "chi2_threshold": 7.814727903251179, "N_raw": 76, "N_roi": 71, "N_inlier": 66, "refit": true}
{"timestamp": "14:26:22.312200", "frame": 53, "mu": [0.08771961485144493, 2.4840954077626427, 1.1703049902767282], "Sigma": [[0.010922551081372118, -0.0031454055064153597, -0.008343104399174371], [-0.0031454055064153597, 0.004404367752282629, 1.3583727728801653e-05], [-0.00834310439917437, 1.3583727728801599e-05, 0.010409469796989085]], "chi2_level": 0.95, "chi2_df": 3, "chi2_threshold": 7.814727903251179, "N_raw": 62, "N_roi": 62, "N_inlier": 57, "refit": true}
{"timestamp": "14:26:22.366440", "frame": 54, "mu": [0.08711576695051133, 2.39739900920497, 0.9581704524580689], "Sigma": [[0.00922960991206342, -0.004421989956801539, -0.006187897344950769], [-0.004421989956801539, 0.00384392115346803, -0.00019189195285600126], [-0.006187897344950769, -0.00019189195285600132, 0.013828326586902152]], "chi2_level": 0.95, "chi2_df": 3, "chi2_threshold": 7.814727903251179, "N_raw": 57, "N_roi": 57, "N_inlier": 53, "refit": true}
{"timestamp": "14:26:22.425679", "frame": 55, "mu": [0.020978083407929712, 2.3085362508838365, 0.9820409936962416], "Sigma": [[0.014702021071573102, -0.011142106313544804, -0.017076553725495047], [-0.011142106313544804, 0.013570861771634473, 0.010167319643255813], [-0.017076553725495047, 0.010167319643255813, 0.02339186805450514]], "chi2_level": 0.95, "chi2_df": 3, "chi2_threshold": 7.814727903251179, "N_raw": 85, "N_roi": 85, "N_inlier": 80, "refit": true}
{"timestamp": "14:26:22.486007", "frame": 56, "mu": [-0.05534819081348211, 2.4101984583802123, -0.6401560932080196], "Sigma": [[0.01684730605380922, -0.004279281078520505, 0.010815196361137315], [-0.0042792810785205046, 0.02413378811854244, -0.01842770707383165], [0.010815196361137317, -0.01842770707383165, 0.1702801069809273]], "chi2_level": 0.95, "chi2_df": 3, "chi2_threshold": 7.814727903251179, "N_raw": 118, "N_roi": 118, "N_inlier": 111, "refit": true}
{"timestamp": "14:26:22.537729", "frame": 57, "mu": [-0.10786261687387538, 2.05283125206028, 0.8496394042630656], "Sigma": [[0.012918664944658901, 0.012738588280599508, 0.014116905313934239], [0.012738588280599508, 0.03141075499730772, 0.023416225254697172], [0.014116905313934237, 0.023416225254697175, 0.06490553127543656]], "chi2_level": 0.95, "chi2_df": 3, "chi2_threshold": 7.814727903251179, "N_raw": 94, "N_roi": 94, "N_inlier": 83, "refit": true}
{"timestamp": "14:26:22.591821", "frame": 58, "mu": [-0.22922842091656712, 2.061788384820037, 0.9424211625530174], "Sigma": [[0.012807915681331161, 0.011681817355771222, -0.002975740269411783], [0.011681817355771222, 0.04840033601848297, 0.032446746883436975], [-0.0029757402694117834, 0.032446746883436975, 0.0464033390868029]], "chi2_level": 0.95, "chi2_df": 3, "chi2_threshold": 7.814727903251179, "N_raw": 93, "N_roi": 92, "N_inlier": 89, "refit": true}
{"timestamp": "14:26:22.646184", "frame": 59, "mu": [-0.29705630935214067, 2.131755079948196, 0.7589827193001942], "Sigma": [[0.025762185366899084, 0.02043616520794566, -0.07982411522844692], [0.02043616520794566, 0.04181616276488583, -0.0682023059631015], [-0.07982411522844692, -0.0682023059631015, 0.3857760371219308]], "chi2_level": 0.95, "chi2_df": 3, "chi2_threshold": 7.814727903251179, "N_raw": 85, "N_roi": 84, "N_inlier": 82, "refit": true}
{"timestamp": "14:26:22.700710", "frame": 60, "mu": [-0.37181600904902523, 2.1080018585742786, 1.178536409049615], "Sigma": [[0.01259097885538176, -0.0019021986126852098, -0.01107860083021057], [-0.0019021986126852093, 0.00852987934968251, 0.002827218115972658], [-0.01107860083021057, 0.0028272181159726575, 0.013428840346340136]], "chi2_level": 0.95, "chi2_df": 3, "chi2_threshold": 7.814727903251179, "N_raw": 82, "N_roi": 80, "N_inlier": 73, "refit": true}
{"timestamp": "14:26:22.753430", "frame": 61, "mu": [-0.4632028324931932, 2.162004138276586, -0.21095639704589303], "Sigma": [[0.009947407886680982, 0.0012316258700746949, -0.010475918747555147], [0.001231625870074695, 0.004544168236267544, -0.002837641293930661], [-0.010475918747555147, -0.002837641293930661, 0.013246745172378989]], "chi2_level": 0.95, "chi2_df": 3, "chi2_threshold": 7.814727903251179, "N_raw": 63, "N_roi": 63, "N_inlier": 57, "refit": true}
{"timestamp": "14:26:22.881562", "frame": 62, "mu": [-0.5229967246313805, 2.121316815219799, -0.1960141986198527], "Sigma": [[0.014331324813903345, -0.000704748224559968, -0.012604356976972117], [-0.0007047482245599679, 0.0060039685076034586, -0.0022700778834934725], [-0.012604356976972117, -0.002270077883493472, 0.01302457192283094]], "chi2_level": 0.95, "chi2_df": 3, "chi2_threshold": 7.814727903251179, "N_raw": 91, "N_roi": 91, "N_inlier": 85, "refit": true}
{"timestamp": "14:26:22.895654", "frame": 63, "mu": [-0.5427979629859333, 1.9387940499897418, 1.3136059632640422], "Sigma": [[0.008030631076000286, -0.0033186697248087406, -0.009080545026785899], [-0.003318669724808741, 0.004133364282799294, 0.0017015603334075043], [-0.009080545026785899, 0.0017015603334075043, 0.01738773530978302]], "chi2_level": 0.95, "chi2_df": 3, "chi2_threshold": 7.814727903251179, "N_raw": 60, "N_roi": 60, "N_inlier": 54, "refit": true}
{"timestamp": "14:26:22.940592", "frame": 64, "mu": [-0.5966493644335393, 1.8977553680643404, 1.2502793394139677], "Sigma": [[0.008362569196627976, -0.002045761729974556, -0.004790057510690883], [-0.002045761729974556, 0.0030823861935704014, -0.002632199038340099], [-0.004790057510690882, -0.002632199038340099, 0.01491283923311423]], "chi2_level": 0.95, "chi2_df": 3, "chi2_threshold": 7.814727903251179, "N_raw": 72, "N_roi": 72, "N_inlier": 67, "refit": true}
{"timestamp": "14:26:22.973477", "frame": 65, "mu": [-0.6154592957846772, 1.826126115485022, 0.8816667178487235], "Sigma": [[0.004563881364413232, -0.002072360296324042, -0.013722639136628231], [-0.002072360296324042, 0.004971435982550167, 0.02276885849340225], [-0.013722639136628231, 0.02276885849340225, 0.24937743515352964]], "chi2_level": 0.95, "chi2_df": 3, "chi2_threshold": 7.814727903251179, "N_raw": 41, "N_roi": 41, "N_inlier": 38, "refit": true}
{"timestamp": "14:26:23.029168", "frame": 66, "mu": [-0.7253891854840347, 1.8398584087895442, 0.7504689719344995], "Sigma": [[0.04609174944829164, -0.005631627140524953, -0.01004524941721944], [-0.005631627140524954, 0.00273893707082798, -0.003279645476223443], [-0.01004524941721944, -0.003279645476223444, 0.13630651939325253]], "chi2_level": 0.95, "chi2_df": 3, "chi2_threshold": 7.814727903251179, "N_raw": 75, "N_roi": 73, "N_inlier": 70, "refit": true}
{"timestamp": "14:26:23.082079", "frame": 67, "mu": [-0.6989498774218889, 1.7432791473101683, 0.9063546784339498], "Sigma": [[0.057172816151441846, -4.0112328237783984e-05, 0.0010822783331961108], [-4.011232823778409e-05, 0.0012739495092292789, -2.835164173665218e-05], [0.0010822783331961108, -2.8351641736652127e-05, 0.01983839538377561]], "chi2_level": 0.95, "chi2_df": 3, "chi2_threshold": 7.814727903251179, "N_raw": 58, "N_roi": 57, "N_inlier": 53, "refit": true}
{"timestamp": "14:26:23.141062", "frame": 68, "mu": [-0.8628516805444085, 1.694982930874695, 1.1254236359404644], "Sigma": [[0.06325915012314653, 0.0014794851909160133, 0.010368746533964392], [0.0014794851909160135, 0.0019401258858161123, -0.0044685129329995465], [0.01036874653396439, -0.004468512932999546, 0.04001525550831993]], "chi2_level": 0.95, "chi2_df": 3, "chi2_threshold": 7.814727903251179, "N_raw": 89, "N_roi": 89, "N_inlier": 84, "refit": true}
{"timestamp": "14:26:23.191161", "frame": 69, "mu": [-1.0440429622699996, 1.5995366693264326, 1.2488668935542668], "Sigma": [[0.04465084155194831, 0.002420464446168793, 0.040790879326587745], [0.0024204644461687935, 0.0018401752563689383, -0.0006198683111271466], [0.040790879326587745, -0.0006198683111271466, 0.048867728673569144]], "chi2_level": 0.95, "chi2_df": 3, "chi2_threshold": 7.814727903251179, "N_raw": 46, "N_roi": 46, "N_inlier": 45, "refit": true}
{"timestamp": "14:26:23.247014", "frame": 70, "mu": [-1.0396982575764593, 1.532532380457156, 1.1140015490424213], "Sigma": [[0.04602570783274783, -0.0031495905091713378, 0.01764502638426175], [-0.0031495905091713378, 0.00410077270327537, 0.0173049653982476], [0.01764502638426175, 0.0173049653982476, 0.18622713049976228]], "chi2_level": 0.95, "chi2_df": 3, "chi2_threshold": 7.814727903251179, "N_raw": 61, "N_roi": 61, "N_inlier": 57, "refit": true}
{"timestamp": "14:26:23.294970", "frame": 71, "mu": [-0.9527143724233107, 1.537349670972937, 0.9088718868300794], "Sigma": [[0.03977951868454675, 0.018478036570181162, -0.07025796635924114], [0.01847803657018116, 0.016244525274223594, -0.07094910425352352], [-0.07025796635924114, -0.07094910425352352, 0.3523803595819722]], "chi2_level": 0.95, "chi2_df": 3, "chi2_threshold": 7.814727903251179, "N_raw": 12, "N_roi": 12, "N_inlier": 11, "refit": true}
{"timestamp": "14:26:23.354145", "frame": 72, "mu": [-1.0423009834387655, 1.3636051893522814, 1.3863530250603815], "Sigma": [[0.04116587358745859, 0.01540491265503695, -0.04031299483961638], [0.01540491265503695, 0.010391476131136336, -0.016667163461287597], [-0.04031299483961638, -0.0166671634612876, 0.05367726646436757]], "chi2_level": 0.95, "chi2_df": 3, "chi2_threshold": 7.814727903251179, "N_raw": 41, "N_roi": 41, "N_inlier": 37, "refit": true}
{"timestamp": "14:26:23.410385", "frame": 73, "mu": [-1.0199528039519223, 1.3434948461332914, 1.3598727768049426], "Sigma": [[0.007560834153554088, -0.0032269775556071356, -0.007410583835945796], [-0.0032269775556071356, 0.005002174957128238, 0.002537013628629432], [-0.007410583835945795, 0.002537013628629432, 0.008577441358320946]], "chi2_level": 0.95, "chi2_df": 3, "chi2_threshold": 7.814727903251179, "N_raw": 50, "N_roi": 50, "N_inlier": 46, "refit": true}
{"timestamp": "14:26:23.466422", "frame": 74, "mu": [-1.1447734026173289, 1.224843712769199, 1.386637046060509], "Sigma": [[0.02849645860742102, 0.004118871641545091, -0.028834983627162372], [0.004118871641545091, 0.011033650065287927, -0.002649163450252497], [-0.028834983627162372, -0.002649163450252498, 0.030839418553077143]], "chi2_level": 0.95, "chi2_df": 3, "chi2_threshold": 7.814727903251179, "N_raw": 61, "N_roi": 61, "N_inlier": 58, "refit": true}
{"timestamp": "14:26:23.522421", "frame": 75, "mu": [-1.2774838603695375, 1.1037186103333838, 1.4366971725920887], "Sigma": [[0.03125897813300989, 0.012315581062962874, -0.023933739321581292], [0.012315581062962874, 0.0095803190281316, -0.012729866582757626], [-0.023933739321581292, -0.012729866582757626, 0.022613987389954588]], "chi2_level": 0.95, "chi2_df": 3, "chi2_threshold": 7.814727903251179, "N_raw": 63, "N_roi": 63, "N_inlier": 59, "refit": true}
{"timestamp": "14:26:23.579416", "frame": 76, "mu": [-1.282645004217353, 1.0535742812704902, 1.4233432929641752], "Sigma": [[0.01378232916292777, 0.007149680729980998, -0.010114371258237526], [0.007149680729980998, 0.011948264161077702, -0.006204363812876741], [-0.010114371258237526, -0.006204363812876742, 0.008159995530256783]], "chi2_level": 0.95, "chi2_df": 3, "chi2_threshold": 7.814727903251179, "N_raw": 81, "N_roi": 81, "N_inlier": 76, "refit": true}
{"timestamp": "14:26:23.638369", "frame": 77, "mu": [-1.311736905420757, 1.0085933943857492, 1.4164171946848947], "Sigma": [[0.017335683820661196, 0.002767680195819109, -0.013256584202434338], [0.002767680195819109, 0.010808111623677617, -0.0036734402410636873], [-0.013256584202434337, -0.003673440241063687, 0.011367972021890299]], "chi2_level": 0.95, "chi2_df": 3, "chi2_threshold": 7.814727903251179, "N_raw": 98, "N_roi": 98, "N_inlier": 97, "refit": true}
{"timestamp": "14:26:23.688238", "frame": 78, "mu": [-1.4250837414448845, 0.9609613283533789, 1.4222813371371876], "Sigma": [[0.007445108764171058, 0.0055942228071689465, -0.0035758799482855873], [0.005594222807168946, 0.0077095230558972315, -0.006935890969333914], [-0.0035758799482855878, -0.006935890969333914, 0.022855635278198963]], "chi2_level": 0.95, "chi2_df": 3, "chi2_threshold": 7.814727903251179, "N_raw": 62, "N_roi": 62, "N_inlier": 59, "refit": true}
{"timestamp": "14:26:23.741889", "frame": 79, "mu": [-1.5118209451108695, 0.8826999655916198, 1.4221303601643571], "Sigma": [[0.008460986323554439, 0.0019366545744175293, -0.003502859854304129], [0.0019366545744175293, 0.005693985599580905, -0.006853779693535541], [-0.0035028598543041284, -0.006853779693535541, 0.012751361679760065]], "chi2_level": 0.95, "chi2_df": 3, "chi2_threshold": 7.814727903251179, "N_raw": 57, "N_roi": 57, "N_inlier": 53, "refit": true}
{"timestamp": "14:26:23.801217", "frame": 80, "mu": [-1.4734690791278748, 0.8475204749318762, 1.2353584658403967], "Sigma": [[0.006767705569269473, 0.0034919752980578033, -0.0036555619915642984], [0.0034919752980578037, 0.011344470233149542, -0.012749333601924581], [-0.0036555619915642984, -0.012749333601924581, 0.017255934994921333]], "chi2_level": 0.95, "chi2_df": 3, "chi2_threshold": 7.814727903251179, "N_raw": 85, "N_roi": 85, "N_inlier": 80, "refit": true}
{"timestamp": "14:26:23.852113", "frame": 81, "mu": [-1.564589018746532, 0.8021764982131266, 1.2924061832336269], "Sigma": [[0.006770257006440177, 0.0016280387295893415, -0.001780695335734639], [0.0016280387295893415, 0.008671844995104759, -0.005640398218893479], [-0.001780695335734639, -0.005640398218893479, 0.01010490974128406]], "chi2_level": 0.95, "chi2_df": 3, "chi2_threshold": 7.814727903251179, "N_raw": 60, "N_roi": 60, "N_inlier": 58, "refit": true}
{"timestamp": "14:26:23.904117", "frame": 82, "mu": [-1.581441317737775, 0.7355667079053265, 1.2697022543906222], "Sigma": [[0.006762286995873561, 0.001127722184419859, 0.0018123284549017848], [0.0011277221844198592, 0.005051408306720273, -0.002033620815795132], [0.0018123284549017846, -0.0020336208157951314, 0.008435997932598851]], "chi2_level": 0.95, "chi2_df": 3, "chi2_threshold": 7.814727903251179, "N_raw": 44, "N_roi": 44, "N_inlier": 42, "refit": true}
{"timestamp": "14:26:23.960817", "frame": 83, "mu": [-1.6542741533067868, 0.6352686261580829, 1.1832204125936372], "Sigma": [[0.005789968907800388, 0.006812710568503752, 0.00263361680684245], [0.006812710568503752, 0.010186920308398602, 0.0015454055007450263], [0.0026336168068424497, 0.0015454055007450263, 0.02817721543367473]], "chi2_level": 0.95, "chi2_df": 3, "chi2_threshold": 7.814727903251179, "N_raw": 58, "N_roi": 58, "N_inlier": 56, "refit": true}
{"timestamp": "14:26:24.014710", "frame": 84, "mu": [-1.6337568745199904, 0.6551135468462878, 1.1678944720335922], "Sigma": [[0.005208512457930969, 0.004282468683354165, 0.004231685608987025], [0.004282468683354165, 0.0064552774767736056, 0.001359664184567076], [0.004231685608987025, 0.001359664184567076, 0.018389206649923426]], "chi2_level": 0.95, "chi2_df": 3, "chi2_threshold": 7.814727903251179, "N_raw": 48, "N_roi": 48, "N_inlier": 44, "refit": true}
{"timestamp": "14:26:24.069376", "frame": 85, "mu": [-1.6146956633393945, 0.6004813236522843, 1.2427454767620227], "Sigma": [[0.005269636651378124, 0.001100363486026868, -0.0003605992699456215], [0.001100363486026868, 0.011770687757465587, -0.005761789480839636], [-0.0003605992699456215, -0.005761789480839636, 0.004046359490695663]], "chi2_level": 0.95, "chi2_df": 3, "chi2_threshold": 7.814727903251179, "N_raw": 47, "N_roi": 47, "N_inlier": 45, "refit": true}
{"timestamp": "14:26:24.125856", "frame": 86, "mu": [-1.688041253122185, 0.5952934286103372, 1.2350833456214114], "Sigma": [[0.009103917236808912, 0.0029122358833339477, -0.0014268353255171926], [0.0029122358833339472, 0.00809163208868785, -0.005757650850103506], [-0.0014268353255171926, -0.005757650850103506, 0.008643118792687423]], "chi2_level": 0.95, "chi2_df": 3, "chi2_threshold": 7.814727903251179, "N_raw": 57, "N_roi": 57, "N_inlier": 55, "refit": true}
{"timestamp": "14:26:24.179095", "frame": 87, "mu": [-0.8963397329111562, 0.5184758239576535, 1.0122661787474851], "Sigma": [[2.3062151441655994, -0.12084420156943576, -0.607501999631229], [-0.12084420156943579, 0.014524264441981466, 0.028891759195874743], [-0.607501999631229, 0.028891759195874743, 0.16268672594514674]], "chi2_level": 0.95, "chi2_df": 3, "chi2_threshold": 7.814727903251179, "N_raw": 44, "N_roi": 44, "N_inlier": 39, "refit": true}
{"timestamp": "14:26:24.232565", "frame": 88, "mu": [0.017929866527031026, 0.5270186119402145, 0.562882657326483], "Sigma": [[3.9680409362286855, -0.11589516451607995, -0.5696737564275164], [-0.11589516451607995, 0.01540965481021558, 0.027864834152365448], [-0.5696737564275164, 0.02786483415236545, 0.2018139338545956]], "chi2_level": 0.95, "chi2_df": 3, "chi2_threshold": 7.814727903251179, "N_raw": 28, "N_roi": 28, "N_inlier": 26, "refit": true}
{"timestamp": "14:26:24.397240", "frame": 91, "mu": [0.22640850068714882, 0.39506876534684604, 0.9222569810181448], "Sigma": [[2.9762425344636068, 0.08593224780614764, 0.02494816480063211], [0.08593224780614764, 0.007897333167820136, 0.0002484399408879376], [0.02494816480063211, 0.0002484399408879377, 0.0017247725953353538]], "chi2_level": 0.95, "chi2_df": 3, "chi2_threshold": 7.814727903251179, "N_raw": 32, "N_roi": 32, "N_inlier": 27, "refit": true}
{"timestamp": "14:26:24.449358", "frame": 92, "mu": [0.4106851323442984, 0.3921284751696035, 0.4294617167607106], "Sigma": [[4.076225042641138, 0.17850568593277358, -0.047703143729919295], [0.1785056859327736, 0.01522457058209375, -0.004116544218559792], [-0.047703143729919295, -0.004116544218559792, 0.0014260339738332054]], "chi2_level": 0.95, "chi2_df": 3, "chi2_threshold": 7.814727903251179, "N_raw": 11, "N_roi": 11, "N_inlier": 10, "refit": true}
