{"timestamp": "14:04:25.230253", "frame": 1, "mu": [1.8782846599111525, 0.7000695915583498, 1.2730476822054047], "Sigma": [[0.004403250379091382, -0.00034465020222279315, -0.004662400331602246], [-0.00034465020222279315, 0.005921550490781554, -0.003430494233992574], [-0.004662400331602246, -0.003430494233992574, 0.008890947368712028]], "chi2_level": 0.95, "chi2_df": 3, "chi2_threshold": 7.814727903251179, "N_raw": 15, "N_roi": 15, "N_inlier": 15, "refit": true}
{"timestamp": "14:04:25.341318", "frame": 3, "mu": [1.9485865823551776, 0.72785404113246, 1.293725155919224], "Sigma": [[0.004354485747156702, -0.003154794439802281, -0.0019367181493067393], [-0.0031547944398022812, 0.009039907089873267, -0.001231249863113886], [-0.0019367181493067395, -0.001231249863113886, 0.002772558056326809]], "chi2_level": 0.95, "chi2_df": 3, "chi2_threshold": 7.814727903251179, "N_raw": 23, "N_roi": 23, "N_inlier": 21, "refit": true}
{"timestamp": "14:04:25.780397", "frame": 11, "mu": [2.0594671474176787, 0.7121698066437837, 1.2466833928416474], "Sigma": [[0.002715900877732061, -0.0027762994513847727, -0.001619759540981538], [-0.0027762994513847727, 0.008482643430544992, 0.0009727301984083152], [-0.001619759540981538, 0.0009727301984083152, 0.0012488541733982055]], "chi2_level": 0.95, "chi2_df": 3, "chi2_threshold": 7.814727903251179, "N_raw": 13, "N_roi": 13, "N_inlier": 12, "refit": true}
{"timestamp": "14:04:26.497708", "frame": 24, "mu": [1.1051312208750985, 0.4929577549640725, 1.1631141491908794], "Sigma": [[2.0228842098431463, 0.07618008177607184, -0.021281233974031397], [0.07618008177607184, 0.007398467946344867, -0.002343017225327738], [-0.021281233974031397, -0.002343017225327738, 0.0036476948098479837]], "chi2_level": 0.95, "chi2_df": 3, "chi2_threshold": 7.814727903251179, "N_raw": 16, "N_roi": 16, "N_inlier": 16, "refit": true}
{"timestamp": "14:04:26.552485", "frame": 25, "mu": [0.9403345357243588, 0.4025479884393602, 1.1690043223416902], "Sigma": [[2.1834928548760395, 0.02610318601179193, -0.017653010163523605], [0.02610318601179193, 0.0019245576331099192, 0.0017886612305958094], [-0.0176530101635236, 0.0017886612305958087, 0.01800618095396651]], "chi2_level": 0.95, "chi2_df": 3, "chi2_threshold": 7.814727903251179, "N_raw": 14, "N_roi": 14, "N_inlier": 14, "refit": true}
{"timestamp": "14:04:26.716602", "frame": 28, "mu": [1.5623871993412113, 0.569224934680038, 1.1829561146354513], "Sigma": [[0.0021292450744527774, -0.0021945448736465944, -0.0016079553007850122], [-0.002194544873646595, 0.009236689453715814, -0.00022558297496259113], [-0.001607955300785012, -0.00022558297496259107, 0.0031587109720318807]], "chi2_level": 0.95, "chi2_df": 3, "chi2_threshold": 7.814727903251179, "N_raw": 18, "N_roi": 18, "N_inlier": 16, "refit": true}
{"timestamp": "14:04:26.826803", "frame": 30, "mu": [1.4821469944188734, 0.5770388350712308, 1.055373018039998], "Sigma": [[0.006386491791574555, -0.006292731100505815, -0.024861996368315244], [-0.006292731100505816, 0.014508711452347873, 0.02175790657750245], [-0.024861996368315244, 0.02175790657750245, 0.15081029332447835]], "chi2_level": 0.95, "chi2_df": 3, "chi2_threshold": 7.814727903251179, "N_raw": 11, "N_roi": 11, "N_inlier": 10, "refit": true}
{"timestamp": "14:04:26.882044", "frame": 31, "mu": [1.477949100737312, 0.8164634189711257, -0.9280735014420045], "Sigma": [[0.008048918817852243, 0.005967373089125556, -0.03535462220966623], [0.005967373089125556, 0.01730000887124138, -0.03626229738730327], [-0.03535462220966623, -0.03626229738730327, 0.20528036268704025]], "chi2_level": 0.95, "chi2_df": 3, "chi2_threshold": 7.814727903251179, "N_raw": 14, "N_roi": 14, "N_inlier": 13, "refit": true}
{"timestamp": "14:04:27.158367", "frame": 36, "mu": [1.1466509240255944, 0.6080496606789324, 1.3411836404134563], "Sigma": [[0.003890001611476641, -0.003501698064763148, -0.0026713356769671693], [-0.0035016980647631477, 0.005495898052080467, 0.0008080221534774518], [-0.0026713356769671693, 0.0008080221534774518, 0.003457879301742868]], "chi2_level": 0.95, "chi2_df": 3, "chi2_threshold": 7.814727903251179, "N_raw": 30, "N_roi": 30, "N_inlier": 28, "refit": true}
{"timestamp": "14:04:27.212514", "frame": 37, "mu": [1.0822979908204065, 0.6817919061315344, 1.3889604791038361], "Sigma": [[0.003907391256239982, -0.003756565738337439, -0.004389615427265892], [-0.003756565738337439, 0.0045179270006467575, 0.0038830060037092218], [-0.004389615427265892, 0.0038830060037092218, 0.009861887207241854]], "chi2_level": 0.95, "chi2_df": 3, "chi2_threshold": 7.814727903251179, "N_raw": 18, "N_roi": 18, "N_inlier": 16, "refit": true}
{"timestamp": "14:04:27.265431", "frame": 38, "mu": [0.9929447373521298, 0.7376317430439242, 1.4180445702400017], "Sigma": [[0.00221917757807322, -0.0025457929438323025, -0.005296215374769281], [-0.0025457929438323025, 0.006620921724815686, 0.015074022351195678], [-0.00529621537476928, 0.015074022351195678, 0.05806243162241469]], "chi2_level": 0.95, "chi2_df": 3, "chi2_threshold": 7.814727903251179, "N_raw": 11, "N_roi": 11, "N_inlier": 10, "refit": true}
{"timestamp": "14:04:27.325336", "frame": 39, "mu": [0.8909027990192886, 0.8080764199473583, 1.4356530299344052], "Sigma": [[0.0024106426819976686, -0.001581024738969877, -0.004209380157443745], [-0.001581024738969877, 0.003817817205582096, 0.003891607785483552], [-0.004209380157443745, 0.003891607785483552, 0.01569674435682042]], "chi2_level": 0.95, "chi2_df": 3, "chi2_threshold": 7.814727903251179, "N_raw": 33, "N_roi": 32, "N_inlier": 30, "refit": true}
{"timestamp": "14:04:27.381407", "frame": 40, "mu": [0.8817735867799525, 0.7669563577951874, 1.3861692353024262], "Sigma": [[0.005447513703212055, -0.0030895662992493113, -0.008752883216226219], [-0.0030895662992493113, 0.003806348412114844, 0.0041754922368041295], [-0.008752883216226219, 0.004175492236804129, 0.016438937361867308]], "chi2_level": 0.95, "chi2_df": 3, "chi2_threshold": 7.814727903251179, "N_raw": 45, "N_roi": 44, "N_inlier": 43, "refit": true}
{"timestamp": "14:04:27.435423", "frame": 41, "mu": [0.7740192030712589, 0.7747326034073235, 1.5050517840738844], "Sigma": [[0.0028677669222467008, -0.00046418435025957826, -0.0013948419480835654], [-0.00046418435025957826, 0.0023864379241544924, -0.000573646719918447], [-0.0013948419480835654, -0.0005736467199184472, 0.0010959463362352742]], "chi2_level": 0.95, "chi2_df": 3, "chi2_threshold": 7.814727903251179, "N_raw": 38, "N_roi": 38, "N_inlier": 33, "refit": true}
{"timestamp": "14:04:27.490984", "frame": 42, "mu": [0.7421294646623816, 0.8076376443113251, 1.4960508875581262], "Sigma": [[0.0031182724716402833, -0.00019328862057114968, -0.0024213622903063877], [-0.00019328862057114973, 0.004057681890281315, 0.0008991099023587268], [-0.0024213622903063877, 0.0008991099023587266, 0.0068954513811913705]], "chi2_level": 0.95, "chi2_df": 3, "chi2_threshold": 7.814727903251179, "N_raw": 41, "N_roi": 41, "N_inlier": 39, "refit": true}
{"timestamp": "14:04:27.548998", "frame": 43, "mu": [0.71277480624068, 0.759676528122478, 1.4089916380000957], "Sigma": [[0.004779742518613655, -0.0009956588907235895, -0.00716496613496933], [-0.0009956588907235895, 0.0022051007024765238, 0.0001715504077661053], [-0.00716496613496933, 0.0001715504077661053, 0.016211268660799312]], "chi2_level": 0.95, "chi2_df": 3, "chi2_threshold": 7.814727903251179, "N_raw": 62, "N_roi": 62, "N_inlier": 57, "refit": true}
{"timestamp": "14:04:27.603074", "frame": 44, "mu": [0.6846689071772616, 0.7418190786070673, 1.3928691369142245], "Sigma": [[0.004950584965924839, -0.0010445041342605618, -0.007295761301038003], [-0.0010445041342605618, 0.0014995518210603714, 0.0002955634955177177], [-0.007295761301038003, 0.0002955634955177179, 0.022415748223409138]], "chi2_level": 0.95, "chi2_df": 3, "chi2_threshold": 7.814727903251179, "N_raw": 45, "N_roi": 45, "N_inlier": 42, "refit": true}
{"timestamp": "14:04:27.654823", "frame": 45, "mu": [0.5965223380462752, 0.7887546239787575, 1.356126574505431], "Sigma": [[0.0010421572696544875, -0.0005907228777514683, -0.0014996267210542092], [-0.0005907228777514682, 0.0025096922404952426, -0.0012945249378310784], [-0.0014996267210542092, -0.001294524937831078, 0.020466335004578035]], "chi2_level": 0.95, "chi2_df": 3, "chi2_threshold": 7.814727903251179, "N_raw": 27, "N_roi": 26, "N_inlier": 21, "refit": true}
{"timestamp": "14:04:27.716012", "frame": 46, "mu": [0.6167795857832499, 0.6527954210633823, 1.2105393124813555], "Sigma": [[0.0035951794832406363, -0.0023907749793211667, -0.006887017695611757], [-0.0023907749793211667, 0.004567287377127741, 0.012746549972755533], [-0.006887017695611758, 0.012746549972755533, 0.06969500389889213]], "chi2_level": 0.95, "chi2_df": 3, "chi2_threshold": 7.814727903251179, "N_raw": 73, "N_roi": 71, "N_inlier": 64, "refit": true}
{"timestamp": "14:04:27.774172", "frame": 47, "mu": [0.5355502124580749, 0.7029989734758627, 1.3034763937325347], "Sigma": [[0.0045543398825997625, -0.0005835773560435427, -0.0032740604740401345], [-0.0005835773560435427, 0.004224605291350102, 0.009173023377184654], [-0.0032740604740401345, 0.009173023377184654, 0.05009128714653986]], "chi2_level": 0.95, "chi2_df": 3, "chi2_threshold": 7.814727903251179, "N_raw": 91, "N_roi": 91, "N_inlier": 86, "refit": true}
{"timestamp": "14:04:27.825320", "frame": 48, "mu": [0.4524334974940859, 0.7096769881351218, 1.182367265960186], "Sigma": [[0.0019943301690634276, -0.001969346016069134, -0.005420886958810478], [-0.001969346016069134, 0.00400355317293077, 0.010684867917610513], [-0.005420886958810478, 0.010684867917610513, 0.07631280583470859]], "chi2_level": 0.95, "chi2_df": 3, "chi2_threshold": 7.814727903251179, "N_raw": 65, "N_roi": 65, "N_inlier": 61, "refit": true}
{"timestamp": "14:04:27.880616", "frame": 49, "mu": [0.40308646379227164, 0.7776634856320288, 1.4650507711918548], "Sigma": [[0.0029874086791831416, 0.0001209323509092164, -0.002333960427308616], [0.00012093235090921637, 0.0032833480792639163, -0.0023759046301224216], [-0.002333960427308616, -0.0023759046301224216, 0.004055725461236142]], "chi2_level": 0.95, "chi2_df": 3, "chi2_threshold": 7.814727903251179, "N_raw": 74, "N_roi": 74, "N_inlier": 70, "refit": true}
{"timestamp": "14:04:27.935932", "frame": 50, "mu": [0.3186711832083961, 0.7715379682728454, 1.4478207685433304], "Sigma": [[0.0019600356291806266, -0.00023894995312590868, 0.00048605785048203075], [-0.00023894995312590878, 0.002959390907693564, -0.002752485714715201], [0.00048605785048203085, -0.002752485714715201, 0.00833590247386768]], "chi2_level": 0.95, "chi2_df": 3, "chi2_threshold": 7.814727903251179, "N_raw": 68, "N_roi": 68, "N_inlier": 64, "refit": true}
{"timestamp": "14:04:27.985196", "frame": 51, "mu": [0.2755683283767416, 0.746315685131848, 1.5007023811071238], "Sigma": [[0.0012495523255326934, -0.00011709092276208219, 0.00014576981736244668], [-0.00011709092276208222, 0.0011230528967704396, -0.0011847589685702142], [0.00014576981736244668, -0.0011847589685702142, 0.0014570740454479868]], "chi2_level": 0.95, "chi2_df": 3, "chi2_threshold": 7.814727903251179, "N_raw": 38, "N_roi": 38, "N_inlier": 35, "refit": true}
{"timestamp": "14:04:28.043731", "frame": 52, "mu": [0.2207753976209172, 0.8009339659575666, 1.4723207826012343], "Sigma": [[0.001173178320266766, -0.00017505976950836467, -0.0004764290173958877], [-0.00017505976950836467, 0.002017599889176718, -0.0022255938061548058], [-0.00047642901739588763, -0.002225593806154806, 0.006620702919226181]], "chi2_level": 0.95, "chi2_df": 3, "chi2_threshold": 7.814727903251179, "N_raw": 57, "N_roi": 57, "N_inlier": 52, "refit": true}
{"timestamp": "14:04:28.092248", "frame": 53, "mu": [0.1656353894852228, 0.7479315849771123, 0.7580916042279302], "Sigma": [[0.0019804047277327034, 0.001381057527684449, 0.01562974939971623], [0.001381057527684449, 0.005509087442120078, 0.02983545204525546], [0.01562974939971623, 0.02983545204525546, 0.42240558523752325]], "chi2_level": 0.95, "chi2_df": 3, "chi2_threshold": 7.814727903251179, "N_raw": 12, "N_roi": 12, "N_inlier": 11, "refit": true}
{"timestamp": "14:04:28.150826", "frame": 54, "mu": [0.10536124562891698, 0.7592314790083474, 1.333211713313206], "Sigma": [[0.000894490981778332, -0.000636133607654298, 8.488411507453735e-05], [-0.0006361336076542979, 0.0021569003955391316, 0.007303107966832201], [8.488411507453749e-05, 0.0073031079668322, 0.06449616429658175]], "chi2_level": 0.95, "chi2_df": 3, "chi2_threshold": 7.814727903251179, "N_raw": 38, "N_roi": 38, "N_inlier": 34, "refit": true}
{"timestamp": "14:04:28.211558", "frame": 55, "mu": [0.06051547662063029, 0.7335372232726781, 1.1706387675554604], "Sigma": [[0.0029614396589523534, -0.0012624731754661794, -0.008410450920073437], [-0.0012624731754661794, 0.0014637915583073761, 0.005484650861088211], [-0.008410450920073437, 0.005484650861088212, 0.05964996042125681]], "chi2_level": 0.95, "chi2_df": 3, "chi2_threshold": 7.814727903251179, "N_raw": 80, "N_roi": 80, "N_inlier": 75, "refit": true}
{"timestamp": "14:04:28.269893", "frame": 56, "mu": [-0.018568788166672796, 0.8016977955348118, 1.2915609955247132], "Sigma": [[0.0025555395128936086, -0.0013162735535566456, -0.0024421024437684914], [-0.0013162735535566456, 0.0024002564114668067, 0.005787819721319242], [-0.0024421024437684914, 0.005787819721319243, 0.05154501323070908]], "chi2_level": 0.95, "chi2_df": 3, "chi2_threshold": 7.814727903251179, "N_raw": 96, "N_roi": 96, "N_inlier": 92, "refit": true}
{"timestamp": "14:04:28.318194", "frame": 57, "mu": [-0.04394128951386356, 0.8157845928462699, 1.4705417759872177], "Sigma": [[0.0017034224522522346, 0.00039977108321993387, 0.0012297317851407003], [0.0003997710832199339, 0.0029394062358029287, 0.0034156977697544976], [0.0012297317851407005, 0.0034156977697544976, 0.02620675412878846]], "chi2_level": 0.95, "chi2_df": 3, "chi2_threshold": 7.814727903251179, "N_raw": 50, "N_roi": 50, "N_inlier": 45, "refit": true}
{"timestamp": "14:04:28.429624", "frame": 59, "mu": [-0.16896035637512008, 0.7767988413290189, 1.2201198354004827], "Sigma": [[0.002081544803776674, -0.001751254071998005, -0.007647578509774317], [-0.0017512540719980055, 0.004894829201154468, 0.014589031316820125], [-0.007647578509774316, 0.014589031316820121, 0.0744312484003806]], "chi2_level": 0.95, "chi2_df": 3, "chi2_threshold": 7.814727903251179, "N_raw": 67, "N_roi": 67, "N_inlier": 67, "refit": true}
{"timestamp": "14:04:28.492023", "frame": 60, "mu": [-0.2429659394315138, 0.9671409855880195, -0.38949305764191244], "Sigma": [[0.004961213950682538, 0.0012539276866250179, -0.0044349787092219746], [0.0012539276866250176, 0.0028962033796500614, -0.005966567296788688], [-0.0044349787092219746, -0.005966567296788688, 0.020350617696359822]], "chi2_level": 0.95, "chi2_df": 3, "chi2_threshold": 7.814727903251179, "N_raw": 113, "N_roi": 110, "N_inlier": 104, "refit": true}
{"timestamp": "14:04:28.543170", "frame": 61, "mu": [-0.3204493259241113, 0.825359870244677, 1.4179082336895594], "Sigma": [[0.002463352988548906, -0.0001509409276193056, -4.144105833803796e-05], [-0.0001509409276193056, 0.0009911268417820017, -0.0017742272164349379], [-4.144105833803785e-05, -0.0017742272164349379, 0.015546795059812163]], "chi2_level": 0.95, "chi2_df": 3, "chi2_threshold": 7.814727903251179, "N_raw": 87, "N_roi": 83, "N_inlier": 78, "refit": true}
{"timestamp": "14:04:28.593070", "frame": 62, "mu": [-0.403808625101333, 0.8008929172422836, 1.5222546155229653], "Sigma": [[0.0020395188071939663, -0.0004573642888605314, -0.00056713737267518], [-0.00045736428886053145, 0.0015871193446411792, -0.0013806131283514884], [-0.00056713737267518, -0.0013806131283514884, 0.0019718579878350425]], "chi2_level": 0.95, "chi2_df": 3, "chi2_threshold": 7.814727903251179, "N_raw": 48, "N_roi": 46, "N_inlier": 45, "refit": true}
{"timestamp": "14:04:28.659698", "frame": 63, "mu": [-0.4377295266151939, 0.8057129680461508, 1.459973996966033], "Sigma": [[0.008515037694939213, -0.0009422130879860294, -0.00950002439201078], [-0.0009422130879860294, 0.002965134243416848, -0.0022090847406387756], [-0.00950002439201078, -0.0022090847406387756, 0.016710361717068196]], "chi2_level": 0.95, "chi2_df": 3, "chi2_threshold": 7.814727903251179, "N_raw": 133, "N_roi": 133, "N_inlier": 121, "refit": true}
{"timestamp": "14:04:28.703421", "frame": 64, "mu": [-0.6067808386311214, 0.7402394822840253, 1.5804130489307104], "Sigma": [[0.02432188184765948, 0.00831581777827664, -0.0179968419989166], [0.00831581777827664, 0.004530789681166839, -0.008091288906368847], [-0.0179968419989166, -0.008091288906368847, 0.031715403637397825]], "chi2_level": 0.95, "chi2_df": 3, "chi2_threshold": 7.814727903251179, "N_raw": 51, "N_roi": 51, "N_inlier": 47, "refit": true}
{"timestamp": "14:04:28.755697", "frame": 65, "mu": [-0.5156267916281627, 0.8002436833020901, 1.3252593539637416], "Sigma": [[0.0018559585340778523, -0.0004955838520650014, -0.002076152890667775], [-0.0004955838520650013, 0.002006180821267203, -0.0009161529509466357], [-0.002076152890667775, -0.0009161529509466357, 0.00577838557605275]], "chi2_level": 0.95, "chi2_df": 3, "chi2_threshold": 7.814727903251179, "N_raw": 35, "N_roi": 35, "N_inlier": 30, "refit": true}
{"timestamp": "14:04:28.810164", "frame": 66, "mu": [-0.7788999949924368, 0.7024218993713027, 1.5589332458551792], "Sigma": [[0.02707527234945768, 0.00901024798534847, -0.03785635193108165], [0.00901024798534847, 0.007745880225725871, -0.030660881655715056], [-0.03785635193108165, -0.030660881655715056, 0.13947073683868091]], "chi2_level": 0.95, "chi2_df": 3, "chi2_threshold": 7.814727903251179, "N_raw": 33, "N_roi": 33, "N_inlier": 30, "refit": true}
{"timestamp": "14:04:28.871466", "frame": 67, "mu": [-0.8280204698054401, 0.6788134348547683, 1.6407957496974295], "Sigma": [[0.009388778102531995, 0.004303569185689161, -0.006747730888971979], [0.004303569185689161, 0.006427614193389678, -0.005601231313486844], [-0.006747730888971979, -0.005601231313486844, 0.008231221637935413]], "chi2_level": 0.95, "chi2_df": 3, "chi2_threshold": 7.814727903251179, "N_raw": 75, "N_roi": 75, "N_inlier": 71, "refit": true}
{"timestamp": "14:04:28.922587", "frame": 68, "mu": [-0.9509039562875519, 0.6258834417905231, 1.6654313932641795], "Sigma": [[0.009489979722699922, 0.003805231651753737, -0.004624135302294002], [0.0038052316517537365, 0.004765989897470278, -0.006047552218107417], [-0.004624135302294002, -0.006047552218107417, 0.009191546761248183]], "chi2_level": 0.95, "chi2_df": 3, "chi2_threshold": 7.814727903251179, "N_raw": 49, "N_roi": 49, "N_inlier": 45, "refit": true}
{"timestamp": "14:04:28.977506", "frame": 69, "mu": [-0.9640090123274915, 0.5234714809506525, 1.4837381553786042], "Sigma": [[0.010878777051780837, 0.0034130410605396817, -0.01609343373204676], [0.003413041060539682, 0.028975508765139317, 0.01225134158889416], [-0.01609343373204676, 0.01225134158889416, 0.0636640377072825]], "chi2_level": 0.95, "chi2_df": 3, "chi2_threshold": 7.814727903251179, "N_raw": 50, "N_roi": 50, "N_inlier": 42, "refit": true}
{"timestamp": "14:04:29.037180", "frame": 70, "mu": [-0.9790343281202661, 0.6389167724055618, 1.5587921596405627], "Sigma": [[0.009034967969839587, 0.0035918332672274567, -0.002697706851113487], [0.0035918332672274567, 0.005297725407563055, -0.0058719316983327444], [-0.002697706851113487, -0.005871931698332745, 0.00953231431707202]], "chi2_level": 0.95, "chi2_df": 3, "chi2_threshold": 7.814727903251179, "N_raw": 88, "N_roi": 88, "N_inlier": 83, "refit": true}
{"timestamp": "14:04:29.092095", "frame": 71, "mu": [-1.0074862644369176, 0.6613599937253115, 1.4699005868849915], "Sigma": [[0.010865729730810248, 0.007084688211313176, -0.009851758843954568], [0.007084688211313176, 0.008296727447322625, -0.013831396329597272], [-0.00985175884395457, -0.013831396329597274, 0.030319210178467684]], "chi2_level": 0.95, "chi2_df": 3, "chi2_threshold": 7.814727903251179, "N_raw": 80, "N_roi": 80, "N_inlier": 76, "refit": true}
{"timestamp": "14:04:29.145532", "frame": 72, "mu": [-1.0540896814883502, 0.5956430129710482, 1.420382209890777], "Sigma": [[0.01306365998693801, 0.009165022961199507, -0.0126156443179028], [0.009165022961199507, 0.0105073540597715, -0.01612138181591646], [-0.012615644317902798, -0.01612138181591646, 0.03384286294883475]], "chi2_level": 0.95, "chi2_df": 3, "chi2_threshold": 7.814727903251179, "N_raw": 74, "N_roi": 74, "N_inlier": 72, "refit": true}
{"timestamp": "14:04:29.197614", "frame": 73, "mu": [-1.132590760575217, 0.7001385380342318, -0.27067553327001215], "Sigma": [[0.005529983542210587, 0.0017327562673173252, 2.1397653201709382e-05], [0.0017327562673173252, 0.010332572542261905, 0.0020654292571514136], [2.139765320170941e-05, 0.0020654292571514136, 0.0018137810280948088]], "chi2_level": 0.95, "chi2_df": 3, "chi2_threshold": 7.814727903251179, "N_raw": 52, "N_roi": 52, "N_inlier": 48, "refit": true}
{"timestamp": "14:04:29.254445", "frame": 74, "mu": [-1.148176716903493, 0.6010571284491575, 1.3515071685965843], "Sigma": [[0.005965115555814713, 0.005371505908344342, -0.0024302582402922013], [0.005371505908344342, 0.008784509550738494, -0.007483893673729158], [-0.0024302582402922013, -0.007483893673729158, 0.010762385066140256]], "chi2_level": 0.95, "chi2_df": 3, "chi2_threshold": 7.814727903251179, "N_raw": 69, "N_roi": 69, "N_inlier": 63, "refit": true}
{"timestamp": "14:04:29.308233", "frame": 75, "mu": [-1.2119413072982292, 0.48438831128265447, 1.3472107649366487], "Sigma": [[0.006239664979206646, 0.00484990061482833, 0.0028762497387227184], [0.00484990061482833, 0.007530673295601179, -0.0013171498777882623], [0.0028762497387227184, -0.0013171498777882623, 0.006256010799768347]], "chi2_level": 0.95, "chi2_df": 3, "chi2_threshold": 7.814727903251179, "N_raw": 51, "N_roi": 51, "N_inlier": 47, "refit": true}
{"timestamp": "14:04:29.362056", "frame": 76, "mu": [-1.2424022984153902, 0.5378140852272733, 1.3291372689344076], "Sigma": [[0.0046007908023965455, 0.00048803565090294835, 0.0006770441918719976], [0.00048803565090294846, 0.010278589793038166, -0.005145387270247953], [0.0006770441918719975, -0.005145387270247954, 0.003550836906482494]], "chi2_level": 0.95, "chi2_df": 3, "chi2_threshold": 7.814727903251179, "N_raw": 53, "N_roi": 53, "N_inlier": 51, "refit": true}
{"timestamp": "14:04:29.419040", "frame": 77, "mu": [-1.327673273928464, 0.6065490592643248, -0.6290957088345326], "Sigma": [[0.00552127126751534, 0.0017476230167005966, -0.0003641033409793724], [0.0017476230167005966, 0.006404776858145815, -0.008031564359673744], [-0.0003641033409793723, -0.008031564359673744, 0.016465326911938402]], "chi2_level": 0.95, "chi2_df": 3, "chi2_threshold": 7.814727903251179, "N_raw": 60, "N_roi": 60, "N_inlier": 57, "refit": true}
{"timestamp": "14:04:29.472191", "frame": 78, "mu": [-1.42089249039616, 0.5659597547411345, 1.2830820417294082], "Sigma": [[0.004690163569922927, 0.006586096999883537, 0.004839243120947814], [0.0065860969998835376, 0.014474655695993691, 0.011549583756140267], [0.004839243120947815, 0.011549583756140267, 0.033273478383671465]], "chi2_level": 0.95, "chi2_df": 3, "chi2_threshold": 7.814727903251179, "N_raw": 56, "N_roi": 56, "N_inlier": 54, "refit": true}
{"timestamp": "14:04:29.530517", "frame": 79, "mu": [-1.4593700528531495, 0.7572340622220128, -0.5922600360213448], "Sigma": [[0.006694838796982089, 0.005230539913488281, 0.003926223114967724], [0.005230539913488281, 0.009071099019189092, -0.00458427387457533], [0.003926223114967724, -0.0045842738745753295, 0.0179408831544906]], "chi2_level": 0.95, "chi2_df": 3, "chi2_threshold": 7.814727903251179, "N_raw": 71, "N_roi": 71, "N_inlier": 65, "refit": true}
{"timestamp": "14:04:29.587503", "frame": 80, "mu": [-1.448961622219306, 0.6711324623762676, 1.0854547553865286], "Sigma": [[0.006765405848009624, 0.002208713353510076, -0.00963090189173341], [0.002208713353510076, 0.0159925620214697, -0.027165887978476216], [-0.00963090189173341, -0.02716588797847622, 0.15424744626605205]], "chi2_level": 0.95, "chi2_df": 3, "chi2_threshold": 7.814727903251179, "N_raw": 90, "N_roi": 90, "N_inlier": 90, "refit": true}
{"timestamp": "14:04:29.636263", "frame": 81, "mu": [-1.520332049122369, 0.6572377051320993, 1.2823203460503374], "Sigma": [[0.004062833069099286, 0.003040269523948186, 0.0037750148965570354], [0.003040269523948186, 0.006611582901590985, 0.002731168319192105], [0.0037750148965570354, 0.002731168319192105, 0.01896780888625452]], "chi2_level": 0.95, "chi2_df": 3, "chi2_threshold": 7.814727903251179, "N_raw": 41, "N_roi": 41, "N_inlier": 38, "refit": true}
{"timestamp": "14:04:29.694848", "frame": 82, "mu": [-1.5581361672940757, 0.6642619866071944, 1.2419960662782334], "Sigma": [[0.005883446144839074, 0.004949051560702599, 0.000776011095049161], [0.004949051560702599, 0.009176847065440698, -0.0032611312089885023], [0.0007760110950491613, -0.0032611312089885027, 0.03533179171865167]], "chi2_level": 0.95, "chi2_df": 3, "chi2_threshold": 7.814727903251179, "N_raw": 71, "N_roi": 71, "N_inlier": 70, "refit": true}
{"timestamp": "14:04:29.752229", "frame": 83, "mu": [-1.5990227041164364, 0.6482169133576735, 1.2808362060888299], "Sigma": [[0.01318596512571349, 0.0033535888471391945, 0.009303642963480956], [0.003353588847139194, 0.011245879654316627, -0.0035983624753747555], [0.009303642963480956, -0.003598362475374755, 0.035674759013456736]], "chi2_level": 0.95, "chi2_df": 3, "chi2_threshold": 7.814727903251179, "N_raw": 81, "N_roi": 81, "N_inlier": 75, "refit": true}
{"timestamp": "14:04:29.803725", "frame": 84, "mu": [-1.6247638555126023, 0.6789628419371256, 1.2957868443853124], "Sigma": [[0.0081317902000143, 0.004685610627115439, 0.0017473300999752126], [0.004685610627115439, 0.00797879577367006, -0.005983260242589055], [0.001747330099975213, -0.005983260242589057, 0.012199201915812433]], "chi2_level": 0.95, "chi2_df": 3, "chi2_threshold": 7.814727903251179, "N_raw": 63, "N_roi": 63, "N_inlier": 59, "refit": true}
{"timestamp": "14:04:29.861812", "frame": 85, "mu": [-1.6703781825778077, 0.7691623151554925, -0.469581980544278], "Sigma": [[0.008246087529156869, 0.006617855967970739, 0.019164505173910537], [0.006617855967970738, 0.01814417330512622, -0.00903145261120717], [0.019164505173910537, -0.00903145261120717, 0.28986448722988384]], "chi2_level": 0.95, "chi2_df": 3, "chi2_threshold": 7.814727903251179, "N_raw": 80, "N_roi": 80, "N_inlier": 74, "refit": true}
{"timestamp": "14:04:29.915098", "frame": 86, "mu": [-1.7161505771262446, 0.6950720322180299, 1.2578755402028663], "Sigma": [[0.012065660151256444, 0.010000561434463349, 0.004287441990693793], [0.010000561434463349, 0.013579256808568332, 0.0019289648920205803], [0.004287441990693792, 0.0019289648920205805, 0.01791425578057854]], "chi2_level": 0.95, "chi2_df": 3, "chi2_threshold": 7.814727903251179, "N_raw": 66, "N_roi": 66, "N_inlier": 63, "refit": true}
{"timestamp": "14:04:29.969689", "frame": 87, "mu": [-1.7084856545907927, 0.7508571733150491, -0.7126883753455168], "Sigma": [[0.00964395082931774, 0.005024165670766372, -0.0006273512050168851], [0.005024165670766372, 0.009975365374033216, -0.0074234216044015075], [-0.0006273512050168856, -0.0074234216044015075, 0.010899638090176024]], "chi2_level": 0.95, "chi2_df": 3, "chi2_threshold": 7.814727903251179, "N_raw": 65, "N_roi": 65, "N_inlier": 63, "refit": true}
{"timestamp": "14:04:30.023128", "frame": 88, "mu": [-1.7755431473023384, 0.7396135509469284, 1.2488361278884779], "Sigma": [[0.006904112856287782, 0.006040289758275249, 0.0005068618220062625], [0.006040289758275249, 0.009746584717788073, -0.003566925027539876], [0.0005068618220062625, -0.003566925027539876, 0.0204378396049631]], "chi2_level": 0.95, "chi2_df": 3, "chi2_threshold": 7.814727903251179, "N_raw": 56, "N_roi": 56, "N_inlier": 53, "refit": true}
{"timestamp": "14:04:30.080579", "frame": 89, "mu": [-1.8223833323582919, 0.9222351737742749, -0.5827481206033481], "Sigma": [[0.014035931545697707, 0.006808330649880571, 0.018365245463071805], [0.006808330649880571, 0.019952006964623514, -0.0032654166541517165], [0.018365245463071805, -0.0032654166541517165, 0.04927544404439872]], "chi2_level": 0.95, "chi2_df": 3, "chi2_threshold": 7.814727903251179, "N_raw": 69, "N_roi": 69, "N_inlier": 64, "refit": true}
{"timestamp": "14:04:30.133510", "frame": 90, "mu": [-1.8672415749518176, 0.7537514408686402, 1.1655672974169953], "Sigma": [[0.015670446027488655, 0.009609050741344403, 0.01974001077135816], [0.009609050741344403, 0.00992225877328289, 0.0070970348651218165], [0.01974001077135816, 0.007097034865121817, 0.08234158613407927]], "chi2_level": 0.95, "chi2_df": 3, "chi2_threshold": 7.814727903251179, "N_raw": 61, "N_roi": 61, "N_inlier": 57, "refit": true}
{"timestamp": "14:04:30.192108", "frame": 91, "mu": [-1.891416855530162, 0.7650808494928258, 1.0586418792469476], "Sigma": [[0.015589769548443566, 0.010184392574445936, 0.028192349094709322], [0.010184392574445936, 0.013243601392458436, 0.009271006945489206], [0.028192349094709322, 0.009271006945489206, 0.11332611008739688]], "chi2_level": 0.95, "chi2_df": 3, "chi2_threshold": 7.814727903251179, "N_raw": 82, "N_roi": 82, "N_inlier": 81, "refit": true}
{"timestamp": "14:04:30.243774", "frame": 92, "mu": [-1.8704830373457242, 0.8308426213561996, 1.2139165252749078], "Sigma": [[0.008374623999350194, 0.007000558438971863, 0.002776048615321663], [0.007000558438971862, 0.008397023409510753, -0.0007594899099393494], [0.0027760486153216627, -0.0007594899099393496, 0.019414079613620582]], "chi2_level": 0.95, "chi2_df": 3, "chi2_threshold": 7.814727903251179, "N_raw": 57, "N_roi": 57, "N_inlier": 52, "refit": true}
{"timestamp": "14:04:30.298482", "frame": 93, "mu": [-1.8888275594796105, 1.009357551239655, -0.4943058666802006], "Sigma": [[0.008958629631016837, 0.006498577455797634, 0.00027211395284016976], [0.006498577455797634, 0.012534324991941152, -0.0082081600296963], [0.00027211395284016966, -0.0082081600296963, 0.018372966122549392]], "chi2_level": 0.95, "chi2_df": 3, "chi2_threshold": 7.814727903251179, "N_raw": 63, "N_roi": 63, "N_inlier": 56, "refit": true}
{"timestamp": "14:04:30.351013", "frame": 94, "mu": [-1.8452299883920364, 0.9234311903530092, 1.2429837195324542], "Sigma": [[0.009091097472766587, -0.00018122745817903275, -0.0029650158599789974], [-0.00018122745817903286, 0.0061261467231744785, -0.0025188058780478894], [-0.0029650158599789974, -0.0025188058780478894, 0.0029542532228884495]], "chi2_level": 0.95, "chi2_df": 3, "chi2_threshold": 7.814727903251179, "N_raw": 37, "N_roi": 37, "N_inlier": 36, "refit": true}
{"timestamp": "14:04:30.406846", "frame": 95, "mu": [-1.9117825936609008, 0.9288929042350806, 1.3957195892214247], "Sigma": [[0.010812860317618137, 0.0025919109480906635, -0.009006477717718536], [0.0025919109480906626, 0.011766380970314254, -0.004146776926498627], [-0.009006477717718536, -0.004146776926498627, 0.008711609174873697]], "chi2_level": 0.95, "chi2_df": 3, "chi2_threshold": 7.814727903251179, "N_raw": 47, "N_roi": 47, "N_inlier": 45, "refit": true}
{"timestamp": "14:04:30.463541", "frame": 96, "mu": [-1.9679971304680324, 1.072928668734038, -0.4149498940292869], "Sigma": [[0.013121893200566245, 0.009734427002066923, 0.0009663433170184645], [0.009734427002066922, 0.01692475941077179, -0.005758589030795092], [0.0009663433170184646, -0.005758589030795092, 0.006174656058531116]], "chi2_level": 0.95, "chi2_df": 3, "chi2_threshold": 7.814727903251179, "N_raw": 58, "N_roi": 58, "N_inlier": 56, "refit": true}
{"timestamp": "14:04:30.518012", "frame": 97, "mu": [-2.0075103579352738, 0.9262458020477605, 1.2516684580981359], "Sigma": [[0.011382053445811833, 0.011352118168370461, 0.0010025822693029223], [0.011352118168370461, 0.014280672943769916, -0.005142558685347277], [0.0010025822693029225, -0.005142558685347277, 0.022754814195482774]], "chi2_level": 0.95, "chi2_df": 3, "chi2_threshold": 7.814727903251179, "N_raw": 60, "N_roi": 60, "N_inlier": 59, "refit": true}
{"timestamp": "14:04:30.571763", "frame": 98, "mu": [-1.9952110135048842, 1.0497459663478956, 1.2101520050120465], "Sigma": [[0.007008873469983589, 0.005819243938405495, 0.00318998852145166], [0.005819243938405496, 0.005790044935775348, 0.001111635308723618], [0.00318998852145166, 0.0011116353087236182, 0.031922586985160914]], "chi2_level": 0.95, "chi2_df": 3, "chi2_threshold": 7.814727903251179, "N_raw": 45, "N_roi": 45, "N_inlier": 45, "refit": true}
{"timestamp": "14:04:30.630936", "frame": 99, "mu": [-2.0124143415966427, 1.0461827097011125, 1.2254569894474447], "Sigma": [[0.01872842524922029, 0.01490957695390875, 0.0209210113637121], [0.014909576953908746, 0.02780127480340687, 0.028946015254926377], [0.0209210113637121, 0.028946015254926377, 0.08795035277835442]], "chi2_level": 0.95, "chi2_df": 3, "chi2_threshold": 7.814727903251179, "N_raw": 77, "N_roi": 77, "N_inlier": 75, "refit": true}
{"timestamp": "14:04:30.785071", "frame": 100, "mu": [-2.0700350654536432, 1.0824767059420655, 1.0491633695445886], "Sigma": [[0.024593599504126724, 0.01885081759278301, 0.01731257762140185], [0.01885081759278301, 0.020564249282097644, 0.0070406830305352], [0.01731257762140185, 0.0070406830305352, 0.06845372997685298]], "chi2_level": 0.95, "chi2_df": 3, "chi2_threshold": 7.814727903251179, "N_raw": 94, "N_roi": 94, "N_inlier": 93, "refit": true}
{"timestamp": "14:04:30.809046", "frame": 101, "mu": [-2.1731930576367806, 1.1092102436843292, 1.027854552940893], "Sigma": [[0.0277143733416806, 0.02335210172381085, 0.05009694100621479], [0.023352101723810855, 0.026308360870942633, 0.044265700920736235], [0.05009694100621479, 0.044265700920736235, 0.20631360316346078]], "chi2_level": 0.95, "chi2_df": 3, "chi2_threshold": 7.814727903251179, "N_raw": 98, "N_roi": 92, "N_inlier": 89, "refit": true}
{"timestamp": "14:04:30.841986", "frame": 102, "mu": [-2.0766956796038736, 1.1545357396234284, 1.11771433505189], "Sigma": [[0.022651542331301053, 0.01303787160209333, 0.016949542417922157], [0.01303787160209333, 0.015137860397201752, -0.003995168589124817], [0.01694954241792216, -0.003995168589124817, 0.055211074935552724]], "chi2_level": 0.95, "chi2_df": 3, "chi2_threshold": 7.814727903251179, "N_raw": 76, "N_roi": 76, "N_inlier": 72, "refit": true}
{"timestamp": "14:04:30.872730", "frame": 103, "mu": [-2.024786753887332, 1.288262001249515, 1.4428725870932886], "Sigma": [[0.011245104371114914, 0.0035670136245643394, -0.007404485587281745], [0.00356701362456434, 0.011706829745369263, -0.0059638788704696535], [-0.007404485587281745, -0.0059638788704696535, 0.007199188891043283]], "chi2_level": 0.95, "chi2_df": 3, "chi2_threshold": 7.814727903251179, "N_raw": 55, "N_roi": 55, "N_inlier": 53, "refit": true}
{"timestamp": "14:04:30.904415", "frame": 104, "mu": [-2.0291709390979733, 1.4154136896010479, -0.3306470912676641], "Sigma": [[0.017735024495674663, 0.011722108613806627, 0.005809675774692649], [0.011722108613806627, 0.021746329308315986, 0.012584253755897046], [0.005809675774692649, 0.012584253755897046, 0.015139886101231357]], "chi2_level": 0.95, "chi2_df": 3, "chi2_threshold": 7.814727903251179, "N_raw": 67, "N_roi": 67, "N_inlier": 64, "refit": true}
{"timestamp": "14:04:30.958256", "frame": 105, "mu": [-2.1201265747380758, 1.370742870932518, 1.444269404942879], "Sigma": [[0.011883856700949111, 0.009583340657965182, -0.00660374672569774], [0.009583340657965182, 0.01701459924118433, -0.014207505264838084], [-0.00660374672569774, -0.014207505264838084, 0.0171040420080774]], "chi2_level": 0.95, "chi2_df": 3, "chi2_threshold": 7.814727903251179, "N_raw": 63, "N_roi": 63, "N_inlier": 61, "refit": true}
{"timestamp": "14:04:31.011959", "frame": 106, "mu": [-2.1045147352602687, 1.4098177067378437, 1.563176009518344], "Sigma": [[0.010758826217389822, 0.004646081997675502, -0.009452441547332442], [0.004646081997675502, 0.015063779689189835, 5.177310417411754e-05], [-0.00945244154733244, 5.1773104174117595e-05, 0.0108245421111314]], "chi2_level": 0.95, "chi2_df": 3, "chi2_threshold": 7.814727903251179, "N_raw": 51, "N_roi": 51, "N_inlier": 46, "refit": true}
{"timestamp": "14:04:31.069002", "frame": 107, "mu": [-2.1052805335615488, 1.4691277758663317, 1.4190829867819372], "Sigma": [[0.01245312404799987, 0.007165622940156161, -0.007644888607058442], [0.007165622940156161, 0.012200562759515251, -0.0091502173824194], [-0.0076448886070584424, -0.0091502173824194, 0.011113131735430572]], "chi2_level": 0.95, "chi2_df": 3, "chi2_threshold": 7.814727903251179, "N_raw": 56, "N_roi": 56, "N_inlier": 53, "refit": true}
{"timestamp": "14:04:31.123085", "frame": 108, "mu": [-2.1243018420602344, 1.5277482367489876, 1.547893149066705], "Sigma": [[0.01079481555603781, 0.004080453714274383, -0.008672100350554875], [0.004080453714274383, 0.013726214583043921, -0.005221200249435118], [-0.008672100350554875, -0.005221200249435117, 0.00862841051118293]], "chi2_level": 0.95, "chi2_df": 3, "chi2_threshold": 7.814727903251179, "N_raw": 56, "N_roi": 56, "N_inlier": 53, "refit": true}
{"timestamp": "14:04:31.179940", "frame": 109, "mu": [-2.184135598453227, 1.561006483599693, 1.5838782839322247], "Sigma": [[0.013039165969177556, 0.007499282789607016, -0.011069719373687049], [0.007499282789607016, 0.01715587523499355, -0.013712225354793084], [-0.011069719373687049, -0.013712225354793084, 0.01639001467781165]], "chi2_level": 0.95, "chi2_df": 3, "chi2_threshold": 7.814727903251179, "N_raw": 66, "N_roi": 66, "N_inlier": 63, "refit": true}
{"timestamp": "14:04:31.231698", "frame": 110, "mu": [-2.1626685257474687, 1.643363248828446, 1.53318677330441], "Sigma": [[0.016843618420681675, 0.010013868732500798, -0.015850080047036905], [0.010013868732500795, 0.012920463746685968, -0.009867727843255148], [-0.015850080047036905, -0.009867727843255146, 0.017241935574841237]], "chi2_level": 0.95, "chi2_df": 3, "chi2_threshold": 7.814727903251179, "N_raw": 48, "N_roi": 48, "N_inlier": 45, "refit": true}
{"timestamp": "14:04:31.286881", "frame": 111, "mu": [-2.2333972838987775, 1.6812579893474702, 1.6212757098492414], "Sigma": [[0.012053282933911563, 0.00891589431399529, -0.011496539626879267], [0.00891589431399529, 0.01493162161045223, -0.015299239714492556], [-0.011496539626879267, -0.015299239714492556, 0.020545646969781416]], "chi2_level": 0.95, "chi2_df": 3, "chi2_threshold": 7.814727903251179, "N_raw": 42, "N_roi": 42, "N_inlier": 39, "refit": true}
{"timestamp": "14:04:31.345618", "frame": 112, "mu": [-2.2158236811587333, 1.7439252736413045, 1.5599958598293322], "Sigma": [[0.02243763135395582, 0.016256938472097457, -0.019283625796260105], [0.016256938472097457, 0.0200502560637422, -0.019087172280439116], [-0.019283625796260105, -0.019087172280439116, 0.02178346994930703]], "chi2_level": 0.95, "chi2_df": 3, "chi2_threshold": 7.814727903251179, "N_raw": 72, "N_roi": 69, "N_inlier": 67, "refit": true}
{"timestamp": "14:04:31.395573", "frame": 113, "mu": [-2.2373587851626726, 2.037568297466887, -0.35049926192964853], "Sigma": [[0.013346641064855945, 0.027546390117635336, -0.04173580341504416], [0.027546390117635336, 0.0742525732283211, -0.12427142284242641], [-0.04173580341504416, -0.12427142284242641, 0.23250469149194652]], "chi2_level": 0.95, "chi2_df": 3, "chi2_threshold": 7.814727903251179, "N_raw": 38, "N_roi": 38, "N_inlier": 37, "refit": true}
{"timestamp": "14:04:31.453055", "frame": 114, "mu": [-2.29575532452646, 1.7785577952845597, 1.7193121729856453], "Sigma": [[0.01376984461538641, 0.011151483551049115, -0.011607737908279951], [0.011151483551049115, 0.01853817847451102, -0.007843959923266289], [-0.011607737908279951, -0.007843959923266289, 0.010975736789205055]], "chi2_level": 0.95, "chi2_df": 3, "chi2_threshold": 7.814727903251179, "N_raw": 58, "N_roi": 49, "N_inlier": 45, "refit": true}
