{"timestamp": "13:57:48.901225", "frame": 48, "mu": [1.2979936546820963, 1.1094169386367727, 1.4412161919998017], "Sigma": [[0.004779819309116682, -0.0029724834511017065, 0.00039641357209265176], [-0.0029724834511017065, 0.00588530545463908, 0.0007279353425927275], [0.00039641357209265176, 0.0007279353425927275, 0.00042840135904433253]], "chi2_level": 0.95, "chi2_df": 3, "chi2_threshold": 7.814727903251179, "N_raw": 27, "N_roi": 27, "N_inlier": 24, "refit": true}
{"timestamp": "13:57:48.956194", "frame": 49, "mu": [1.2124542752310439, 1.107603759504293, 1.2439061833955016], "Sigma": [[0.0017903107839734496, -0.0013773526055672746, 0.00021957705862793217], [-0.0013773526055672746, 0.006459120729288508, -0.006856211694736916], [0.0002195770586279322, -0.0068562116947369165, 0.06404917553013278]], "chi2_level": 0.95, "chi2_df": 3, "chi2_threshold": 7.814727903251179, "N_raw": 25, "N_roi": 25, "N_inlier": 21, "refit": true}
{"timestamp": "13:57:49.010991", "frame": 50, "mu": [1.2022251353296505, 1.1609756857571214, 1.3201179338009865], "Sigma": [[0.003305830862156048, -0.001779716432139976, -0.0015016046096289072], [-0.001779716432139976, 0.004277085478687901, 0.00021135788364479976], [-0.0015016046096289072, 0.00021135788364479976, 0.0013878331175176748]], "chi2_level": 0.95, "chi2_df": 3, "chi2_threshold": 7.814727903251179, "N_raw": 26, "N_roi": 26, "N_inlier": 22, "refit": true}
{"timestamp": "13:57:49.068286", "frame": 51, "mu": [1.1676720846387134, 1.2990956806812246, -0.5007625853725504], "Sigma": [[0.004729501848368678, 0.00018902961247585598, -0.002894353166896934], [0.00018902961247585596, 0.006735977736571234, -0.0022705058165429374], [-0.0028943531668969343, -0.0022705058165429374, 0.003200557121134086]], "chi2_level": 0.95, "chi2_df": 3, "chi2_threshold": 7.814727903251179, "N_raw": 50, "N_roi": 50, "N_inlier": 47, "refit": true}
{"timestamp": "13:57:49.120305", "frame": 52, "mu": [1.0593667149293244, 1.1629965555985604, 1.2626803628286771], "Sigma": [[0.0015245337150585603, -0.0011874769777296503, -0.0008139448866727698], [-0.0011874769777296505, 0.0040198259229042655, 0.00014171771116807384], [-0.0008139448866727698, 0.00014171771116807384, 0.0007515636384840043]], "chi2_level": 0.95, "chi2_df": 3, "chi2_threshold": 7.814727903251179, "N_raw": 22, "N_roi": 20, "N_inlier": 18, "refit": true}
{"timestamp": "13:57:49.234174", "frame": 54, "mu": [1.031319819715301, 1.2208430372975883, 1.2471706035883312], "Sigma": [[0.004317575292076221, -0.001509732549475568, -0.0012554055131180132], [-0.001509732549475568, 0.004925239737782311, 5.2547338512546224e-05], [-0.0012554055131180132, 5.254733851254623e-05, 0.0006551989443946575]], "chi2_level": 0.95, "chi2_df": 3, "chi2_threshold": 7.814727903251179, "N_raw": 36, "N_roi": 36, "N_inlier": 35, "refit": true}
{"timestamp": "13:57:49.289893", "frame": 55, "mu": [0.9793561869251318, 1.2483826601228984, 1.20353800584568], "Sigma": [[0.005459652051747689, -0.0018729367446603618, -0.002910752592731003], [-0.001872936744660362, 0.003154839579027457, -0.0006130982820718954], [-0.002910752592731003, -0.0006130982820718954, 0.003293590568705317]], "chi2_level": 0.95, "chi2_df": 3, "chi2_threshold": 7.814727903251179, "N_raw": 43, "N_roi": 43, "N_inlier": 41, "refit": true}
{"timestamp": "13:57:49.346236", "frame": 56, "mu": [0.9629957873120039, 1.3364768280743404, 1.3041705128855914], "Sigma": [[0.006514573646644558, 0.0009623342080737919, 0.002598755953009333], [0.0009623342080737917, 0.014423237342621477, 0.012907085531648942], [0.002598755953009333, 0.012907085531648946, 0.015051327697059509]], "chi2_level": 0.95, "chi2_df": 3, "chi2_threshold": 7.814727903251179, "N_raw": 51, "N_roi": 51, "N_inlier": 50, "refit": true}
{"timestamp": "13:57:49.401454", "frame": 57, "mu": [0.9338318723407729, 1.3939292829395526, 1.2072567886524759], "Sigma": [[0.004859208613957162, -7.924654435608476e-05, 0.0003180756967737429], [-7.924654435608476e-05, 0.005282996335093017, -0.0010900427945334118], [0.00031807569677374294, -0.0010900427945334118, 0.0026760338884859215]], "chi2_level": 0.95, "chi2_df": 3, "chi2_threshold": 7.814727903251179, "N_raw": 48, "N_roi": 48, "N_inlier": 47, "refit": true}
{"timestamp": "13:57:49.514521", "frame": 59, "mu": [0.8915955827739801, 1.546378192925519, 0.9173078222373643], "Sigma": [[0.0075683270894331195, -0.00036559906436468836, -0.035139497449088744], [-0.00036559906436468826, 0.009688285511137746, -0.002899798225651516], [-0.035139497449088744, -0.0028997982256515147, 0.5011066688981425]], "chi2_level": 0.95, "chi2_df": 3, "chi2_threshold": 7.814727903251179, "N_raw": 72, "N_roi": 72, "N_inlier": 72, "refit": true}
{"timestamp": "13:57:49.569359", "frame": 60, "mu": [0.8705782365383172, 1.763654220575499, -0.7193230238380947], "Sigma": [[0.006812389391026845, -0.0006468160458948558, -0.012813860605908865], [-0.0006468160458948556, 0.0040638251665075465, -0.009708702596925033], [-0.012813860605908865, -0.009708702596925033, 0.16453635383053258]], "chi2_level": 0.95, "chi2_df": 3, "chi2_threshold": 7.814727903251179, "N_raw": 64, "N_roi": 64, "N_inlier": 59, "refit": true}
{"timestamp": "13:57:49.621401", "frame": 61, "mu": [0.7998089985666883, 1.5479065165518702, 1.1437951065011949], "Sigma": [[0.004912397980959598, -0.0005954179316935372, -0.003635604261959079], [-0.0005954179316935372, 0.003139361477381336, -0.001401855186103434], [-0.003635604261959079, -0.0014018551861034341, 0.031896815951586936]], "chi2_level": 0.95, "chi2_df": 3, "chi2_threshold": 7.814727903251179, "N_raw": 50, "N_roi": 50, "N_inlier": 45, "refit": true}
{"timestamp": "13:57:49.681582", "frame": 62, "mu": [0.7623503922604614, 1.6529163030945127, 1.186367001291627], "Sigma": [[0.0067077012184147975, -0.000584824366809173, -0.0018572756882291037], [-0.000584824366809173, 0.005979032658492439, -0.004903514956311394], [-0.0018572756882291037, -0.004903514956311393, 0.011924412882800729]], "chi2_level": 0.95, "chi2_df": 3, "chi2_threshold": 7.814727903251179, "N_raw": 82, "N_roi": 82, "N_inlier": 77, "refit": true}
{"timestamp": "13:57:49.733925", "frame": 63, "mu": [0.7558476215408934, 1.6410120745119663, 1.162389991243068], "Sigma": [[0.005436536316197795, 3.660233173212511e-05, -0.0014408795438378861], [3.660233173212522e-05, 0.0034486408697079777, -0.0031445923591956835], [-0.0014408795438378861, -0.0031445923591956835, 0.01891030493018194]], "chi2_level": 0.95, "chi2_df": 3, "chi2_threshold": 7.814727903251179, "N_raw": 63, "N_roi": 63, "N_inlier": 57, "refit": true}
{"timestamp": "13:57:49.790901", "frame": 64, "mu": [0.6987998907932723, 1.6869794911001539, 1.0014252582520191], "Sigma": [[0.007485852531851852, 0.001091639787070886, -0.017910489886928723], [0.001091639787070886, 0.006158790359526966, 0.009785375052745727], [-0.017910489886928727, 0.009785375052745727, 0.337193898716366]], "chi2_level": 0.95, "chi2_df": 3, "chi2_threshold": 7.814727903251179, "N_raw": 75, "N_roi": 75, "N_inlier": 74, "refit": true}
{"timestamp": "13:57:49.845026", "frame": 65, "mu": [0.698146414867091, 1.776982949194131, 1.3299734347947247], "Sigma": [[0.0068033724376358375, 0.001646973677429379, 0.0021329547278032294], [0.001646973677429379, 0.005331792149384464, -0.0005627617940450449], [0.0021329547278032294, -0.0005627617940450449, 0.010869584755015262]], "chi2_level": 0.95, "chi2_df": 3, "chi2_threshold": 7.814727903251179, "N_raw": 67, "N_roi": 67, "N_inlier": 62, "refit": true}
{"timestamp": "13:57:49.897863", "frame": 66, "mu": [0.637509840685793, 1.8250561975148751, 1.0912866359593776], "Sigma": [[0.007649989480989717, 0.0015053759752324991, -0.008565586281458275], [0.0015053759752324991, 0.0017397179156693288, -0.0022709258473422103], [-0.008565586281458275, -0.0022709258473422103, 0.06080764691376883]], "chi2_level": 0.95, "chi2_df": 3, "chi2_threshold": 7.814727903251179, "N_raw": 55, "N_roi": 55, "N_inlier": 49, "refit": true}
{"timestamp": "13:57:49.958203", "frame": 67, "mu": [0.5897636125801825, 1.8335522333883392, 1.0731315921390676], "Sigma": [[0.006704566138893707, -0.0011333438054644757, 0.0009591699307140843], [-0.0011333438054644757, 0.003588048729136889, -0.006597984295568988], [0.0009591699307140841, -0.006597984295568988, 0.03909427977005677]], "chi2_level": 0.95, "chi2_df": 3, "chi2_threshold": 7.814727903251179, "N_raw": 90, "N_roi": 90, "N_inlier": 84, "refit": true}
{"timestamp": "13:57:50.007166", "frame": 68, "mu": [0.5078887547867834, 1.9063852343104224, 0.9768284600025242], "Sigma": [[0.004463800335487205, -0.002360889159598923, 0.002152932710270962], [-0.0023608891595989227, 0.014626389880069044, -0.039330282017975456], [0.002152932710270962, -0.03933028201797546, 0.13924802317733284]], "chi2_level": 0.95, "chi2_df": 3, "chi2_threshold": 7.814727903251179, "N_raw": 45, "N_roi": 41, "N_inlier": 39, "refit": true}
{"timestamp": "13:57:50.059270", "frame": 69, "mu": [0.5074277498835496, 1.9334790148120962, 1.1771646220929513], "Sigma": [[0.0038399151677524623, -0.0011545088623692995, -0.01137442064249046], [-0.0011545088623692995, 0.0020541497626270382, 0.005492693044744784], [-0.011374420642490462, 0.005492693044744783, 0.1640030352564765]], "chi2_level": 0.95, "chi2_df": 3, "chi2_threshold": 7.814727903251179, "N_raw": 31, "N_roi": 28, "N_inlier": 24, "refit": true}
{"timestamp": "13:57:50.113309", "frame": 70, "mu": [0.5406873819021685, 2.0618665841136874, 1.3755694218256946], "Sigma": [[0.009520405876472038, -0.0035322129529831697, 0.030332203088318306], [-0.0035322129529831697, 0.0036610718538405565, -0.018824649081852256], [0.03033220308831831, -0.01882464908185226, 0.1717748584091325]], "chi2_level": 0.95, "chi2_df": 3, "chi2_threshold": 7.814727903251179, "N_raw": 27, "N_roi": 27, "N_inlier": 25, "refit": true}
{"timestamp": "13:57:50.170283", "frame": 71, "mu": [0.5587896938683652, 2.085268776586427, 1.0170760092183362], "Sigma": [[0.017971838537673614, -0.011885988228593266, -0.03913172450079534], [-0.011885988228593266, 0.009664291710676924, 0.03179441084796222], [-0.03913172450079534, 0.03179441084796222, 0.2378517147614696]], "chi2_level": 0.95, "chi2_df": 3, "chi2_threshold": 7.814727903251179, "N_raw": 39, "N_roi": 39, "N_inlier": 34, "refit": true}
{"timestamp": "13:57:50.228210", "frame": 72, "mu": [0.5552272087094207, 2.0809800481141925, 0.8986605638487357], "Sigma": [[0.02441001374997906, -0.00862574634002585, -0.06906606049456673], [-0.008625746340025851, 0.00516142522081304, 0.026013344358357768], [-0.06906606049456673, 0.026013344358357768, 0.25475438506481646]], "chi2_level": 0.95, "chi2_df": 3, "chi2_threshold": 7.814727903251179, "N_raw": 61, "N_roi": 61, "N_inlier": 55, "refit": true}
{"timestamp": "13:57:50.284192", "frame": 73, "mu": [0.3920908433795539, 2.31143137640303, -0.3577525614730219], "Sigma": [[0.031874990155748094, 0.014819379757052477, -0.06412649592062244], [0.014819379757052477, 0.012013041696591899, -0.0361212348461557], [-0.06412649592062244, -0.0361212348461557, 0.17820509655772743]], "chi2_level": 0.95, "chi2_df": 3, "chi2_threshold": 7.814727903251179, "N_raw": 71, "N_roi": 71, "N_inlier": 67, "refit": true}
{"timestamp": "13:57:50.334196", "frame": 74, "mu": [0.5080144137193674, 2.1410676607915256, 0.4850220944671827], "Sigma": [[0.023859202773628838, -0.006925296960269658, -0.06374681613263608], [-0.006925296960269658, 0.003176068972100539, 0.017345134405286886], [-0.0637468161326361, 0.017345134405286886, 0.19147246585130015]], "chi2_level": 0.95, "chi2_df": 3, "chi2_threshold": 7.814727903251179, "N_raw": 34, "N_roi": 32, "N_inlier": 31, "refit": true}
{"timestamp": "13:57:50.391420", "frame": 75, "mu": [0.3868069866505696, 2.251269983110056, 0.7915842421908915], "Sigma": [[0.015727508128748225, 0.0015618041069883153, -0.04583738999601456], [0.0015618041069883153, 0.0027820937962790976, -0.012802946856138815], [-0.045837389996014555, -0.012802946856138815, 0.2054622939671106]], "chi2_level": 0.95, "chi2_df": 3, "chi2_threshold": 7.814727903251179, "N_raw": 50, "N_roi": 50, "N_inlier": 46, "refit": true}
{"timestamp": "13:57:50.453184", "frame": 76, "mu": [0.26282741812411947, 2.3129399579927292, 1.0178605621167947], "Sigma": [[0.030036543653636515, 0.004194270711341963, -0.0771550693317213], [0.004194270711341963, 0.005002434063417952, -0.012238325191861101], [-0.07715506933172131, -0.012238325191861103, 0.27029350272403657]], "chi2_level": 0.95, "chi2_df": 3, "chi2_threshold": 7.814727903251179, "N_raw": 91, "N_roi": 87, "N_inlier": 82, "refit": true}
{"timestamp": "13:57:50.504437", "frame": 77, "mu": [0.13490942974048226, 2.327122945340048, 1.3299666229929787], "Sigma": [[0.008389348739493494, 0.0006771208191132425, 0.0030671540404784174], [0.0006771208191132426, 0.006467826796257052, -0.003367687704211665], [0.0030671540404784165, -0.003367687704211665, 0.006478791972925487]], "chi2_level": 0.95, "chi2_df": 3, "chi2_threshold": 7.814727903251179, "N_raw": 72, "N_roi": 72, "N_inlier": 67, "refit": true}
{"timestamp": "13:57:50.562243", "frame": 78, "mu": [0.13548916575684103, 2.3986624289504643, 1.321948193279969], "Sigma": [[0.009581208806036898, 0.002531960045947708, 0.0017796347078075003], [0.002531960045947707, 0.005138020345210125, -0.005160180174035432], [0.0017796347078075003, -0.005160180174035432, 0.0233755451506149]], "chi2_level": 0.95, "chi2_df": 3, "chi2_threshold": 7.814727903251179, "N_raw": 81, "N_roi": 79, "N_inlier": 75, "refit": true}
{"timestamp": "13:57:50.612781", "frame": 79, "mu": [0.14479452567196188, 2.481881871535841, 1.4414455811602007], "Sigma": [[0.008652400671468321, 0.00025243832651166147, -0.007630991738368524], [0.00025243832651166136, 0.002781309516556199, -0.001227499425020346], [-0.007630991738368524, -0.0012274994250203461, 0.028182149761391495]], "chi2_level": 0.95, "chi2_df": 3, "chi2_threshold": 7.814727903251179, "N_raw": 54, "N_roi": 54, "N_inlier": 49, "refit": true}
{"timestamp": "13:57:50.669719", "frame": 80, "mu": [0.0872018689451276, 2.515448987090551, 1.4319038892407863], "Sigma": [[0.010719892288302656, 0.00023353464914669568, -0.007427169095703847], [0.00023353464914669568, 0.0050988841154154495, -0.004663422373313605], [-0.007427169095703847, -0.004663422373313605, 0.013730189495493256]], "chi2_level": 0.95, "chi2_df": 3, "chi2_threshold": 7.814727903251179, "N_raw": 73, "N_roi": 73, "N_inlier": 68, "refit": true}
{"timestamp": "13:57:50.724328", "frame": 81, "mu": [0.02008672838827213, 2.562335159113867, 1.1996235302919933], "Sigma": [[0.010290802873497163, -0.0006753756199830341, 0.022990209775501584], [-0.0006753756199830341, 0.00544098462333823, 0.00851170500801952], [0.022990209775501588, 0.008511705008019522, 0.5043514667774743]], "chi2_level": 0.95, "chi2_df": 3, "chi2_threshold": 7.814727903251179, "N_raw": 65, "N_roi": 65, "N_inlier": 63, "refit": true}
{"timestamp": "13:57:50.775336", "frame": 82, "mu": [0.0030279386887649053, 2.5458354075004976, 1.2972721525945146], "Sigma": [[0.014033797030656743, -0.004488502264155817, -0.039182709504491334], [-0.004488502264155817, 0.0038946838075376005, 0.016456491587767685], [-0.039182709504491334, 0.016456491587767685, 0.17892481945365188]], "chi2_level": 0.95, "chi2_df": 3, "chi2_threshold": 7.814727903251179, "N_raw": 43, "N_roi": 43, "N_inlier": 38, "refit": true}
{"timestamp": "13:57:50.840627", "frame": 83, "mu": [-0.09995060735073946, 2.596958379823187, 0.9523307297849289], "Sigma": [[0.012405421010612393, 0.0002865242008576221, -0.007485134489250086], [0.000286524200857622, 0.010110114846383854, -0.01091774380463675], [-0.007485134489250085, -0.01091774380463675, 0.3737103102699885]], "chi2_level": 0.95, "chi2_df": 3, "chi2_threshold": 7.814727903251179, "N_raw": 113, "N_roi": 113, "N_inlier": 108, "refit": true}
{"timestamp": "13:57:50.892859", "frame": 84, "mu": [-0.14610452816733505, 2.646012472211048, 0.8107519862902633], "Sigma": [[0.011557251596466077, 0.0016530390384710183, 0.04248343722456135], [0.0016530390384710183, 0.0026777488753542567, 0.006900767936024175], [0.042483437224561355, 0.006900767936024175, 0.43301134322838103]], "chi2_level": 0.95, "chi2_df": 3, "chi2_threshold": 7.814727903251179, "N_raw": 81, "N_roi": 81, "N_inlier": 78, "refit": true}
{"timestamp": "13:57:50.952068", "frame": 85, "mu": [-0.15201656693746987, 2.714665357031999, 0.6543778780578875], "Sigma": [[0.015800747413044415, -0.002801418212695048, 0.011825478110284726], [-0.0028014182126950486, 0.0035668579193791263, 0.005348500300712621], [0.011825478110284726, 0.005348500300712622, 0.3771161561206744]], "chi2_level": 0.95, "chi2_df": 3, "chi2_threshold": 7.814727903251179, "N_raw": 116, "N_roi": 116, "N_inlier": 114, "refit": true}
{"timestamp": "13:57:51.004286", "frame": 86, "mu": [-0.14649160182415105, 2.8123530635175107, 1.2573736884859856], "Sigma": [[0.011611131562734262, 0.000846980694811163, 0.004526766519999235], [0.000846980694811163, 0.0028395470076105576, -0.003432371252664516], [0.004526766519999236, -0.0034323712526645165, 0.16549089278946508]], "chi2_level": 0.95, "chi2_df": 3, "chi2_threshold": 7.814727903251179, "N_raw": 97, "N_roi": 97, "N_inlier": 93, "refit": true}
{"timestamp": "13:57:51.056290", "frame": 87, "mu": [-0.2700778542484129, 2.80807966109547, 1.0859595093409327], "Sigma": [[0.014693672878252096, 0.005788610399632112, 0.04284329587640151], [0.005788610399632112, 0.008166068719881495, 0.0361938400133198], [0.0428432958764015, 0.0361938400133198, 0.5944151801992791]], "chi2_level": 0.95, "chi2_df": 3, "chi2_threshold": 7.814727903251179, "N_raw": 77, "N_roi": 77, "N_inlier": 77, "refit": true}
{"timestamp": "13:57:51.112465", "frame": 88, "mu": [-0.3089705529698867, 2.866049579872863, 1.2112658558222569], "Sigma": [[0.01634638382397375, 0.00031160837577947525, 0.027827287636144858], [0.00031160837577947525, 0.008108556182212623, -0.014917812587795938], [0.027827287636144855, -0.014917812587795938, 0.1738267799447235]], "chi2_level": 0.95, "chi2_df": 3, "chi2_threshold": 7.814727903251179, "N_raw": 89, "N_roi": 89, "N_inlier": 87, "refit": true}
{"timestamp": "13:57:51.163747", "frame": 89, "mu": [-0.3109785235460257, 2.9189027692830516, 1.3418529827763384], "Sigma": [[0.017782984845279518, 0.001149250665970526, -0.007367365082481912], [0.001149250665970526, 0.005524085530029982, -0.009218260620088044], [-0.007367365082481913, -0.009218260620088042, 0.2999986295938502]], "chi2_level": 0.95, "chi2_df": 3, "chi2_threshold": 7.814727903251179, "N_raw": 58, "N_roi": 58, "N_inlier": 57, "refit": true}
{"timestamp": "13:57:51.221955", "frame": 90, "mu": [-0.21826190996133787, 2.9450438280949873, 0.7444114670062025], "Sigma": [[0.02301746044779445, -0.0029156480368499275, -0.014734729155479506], [-0.0029156480368499275, 0.003119850760472851, -0.005554834479229987], [-0.014734729155479506, -0.005554834479229987, 0.0761362144221143]], "chi2_level": 0.95, "chi2_df": 3, "chi2_threshold": 7.814727903251179, "N_raw": 83, "N_roi": 83, "N_inlier": 76, "refit": true}
{"timestamp": "13:57:51.278944", "frame": 91, "mu": [-0.2537878566607371, 2.9582039016462254, 0.9654370211565991], "Sigma": [[0.031703826208803604, 0.0022947816692241102, -0.05563375396362945], [0.0022947816692241102, 0.002383906804879852, -0.008654514229009504], [-0.05563375396362945, -0.008654514229009504, 0.1552241880930472]], "chi2_level": 0.95, "chi2_df": 3, "chi2_threshold": 7.814727903251179, "N_raw": 101, "N_roi": 99, "N_inlier": 98, "refit": true}
{"timestamp": "13:57:51.327129", "frame": 92, "mu": [-0.2969690290817987, 3.0463178116454994, 0.8846057621569763], "Sigma": [[0.030301432955914368, 0.0003702454242405536, -0.048430291318659655], [0.00037024542424055366, 0.0015610857497207378, -0.0030027407383820684], [-0.048430291318659655, -0.003002740738382069, 0.09434284820914113]], "chi2_level": 0.95, "chi2_df": 3, "chi2_threshold": 7.814727903251179, "N_raw": 48, "N_roi": 48, "N_inlier": 43, "refit": true}
{"timestamp": "13:57:51.388280", "frame": 93, "mu": [-0.45593389466812567, 3.043726109728075, 1.1532159279075915], "Sigma": [[0.027028762106226494, 0.005496151533032361, -0.03158829453970316], [0.005496151533032361, 0.005043505837052563, -0.012228410795780298], [-0.03158829453970316, -0.012228410795780298, 0.06124804503855795]], "chi2_level": 0.95, "chi2_df": 3, "chi2_threshold": 7.814727903251179, "N_raw": 94, "N_roi": 92, "N_inlier": 85, "refit": true}
{"timestamp": "13:57:51.440933", "frame": 94, "mu": [-0.4439237266512364, 3.0780448037431367, 0.9335977392394491], "Sigma": [[0.037436154894496476, -0.0021312861807997415, -0.06317220981740013], [-0.0021312861807997415, 0.002309288290718758, 0.0028197057285614746], [-0.06317220981740013, 0.0028197057285614738, 0.14857104059514492]], "chi2_level": 0.95, "chi2_df": 3, "chi2_threshold": 7.814727903251179, "N_raw": 75, "N_roi": 74, "N_inlier": 73, "refit": true}
{"timestamp": "13:57:51.494431", "frame": 95, "mu": [-0.5067639848225534, 3.1743180936162565, 1.0912691873971434], "Sigma": [[0.020677629412749338, 0.005823322931927864, -0.014730716563061876], [0.005823322931927864, 0.005069539668440611, -0.007302209973895431], [-0.014730716563061876, -0.007302209973895431, 0.04584472271364276]], "chi2_level": 0.95, "chi2_df": 3, "chi2_threshold": 7.814727903251179, "N_raw": 63, "N_roi": 63, "N_inlier": 60, "refit": true}
{"timestamp": "13:57:51.547287", "frame": 96, "mu": [-0.6819621500364563, 3.139016585519411, 1.154206638416577], "Sigma": [[0.011429905496014648, 0.0011487554213799058, -0.012611233799226289], [0.0011487554213799058, 0.002165014925323955, -0.0071910781840892135], [-0.012611233799226289, -0.0071910781840892135, 0.03728898444861849]], "chi2_level": 0.95, "chi2_df": 3, "chi2_threshold": 7.814727903251179, "N_raw": 48, "N_roi": 48, "N_inlier": 44, "refit": true}
{"timestamp": "13:57:51.602156", "frame": 97, "mu": [-0.6303463504943718, 3.225739484926494, 1.361607414628624], "Sigma": [[0.014123710918375927, 0.0009625669774917121, -0.012369407374912279], [0.0009625669774917119, 0.002165491977819491, -0.0035083277048186512], [-0.012369407374912279, -0.0035083277048186512, 0.017057945345211434]], "chi2_level": 0.95, "chi2_df": 3, "chi2_threshold": 7.814727903251179, "N_raw": 46, "N_roi": 43, "N_inlier": 38, "refit": true}
{"timestamp": "13:57:51.655912", "frame": 98, "mu": [-0.6008611169546393, 3.3932760757363973, 0.5732675670746237], "Sigma": [[0.011130177505695218, 0.00038995916053350256, -0.005361225202053744], [0.00038995916053350234, 0.003485409637294086, -0.011221516784367178], [-0.005361225202053744, -0.011221516784367176, 0.058160726444091884]], "chi2_level": 0.95, "chi2_df": 3, "chi2_threshold": 7.814727903251179, "N_raw": 43, "N_roi": 40, "N_inlier": 37, "refit": true}
{"timestamp": "13:57:51.709604", "frame": 99, "mu": [-0.7444546627180767, 3.2757147521394607, 0.9366128156014819], "Sigma": [[0.007839067988417185, 0.0002706809792390872, -0.0005483999092650007], [0.0002706809792390872, 0.0041058512690164955, -0.016916603882793195], [-0.000548399909265002, -0.016916603882793195, 0.2011523278895212]], "chi2_level": 0.95, "chi2_df": 3, "chi2_threshold": 7.814727903251179, "N_raw": 35, "N_roi": 35, "N_inlier": 33, "refit": true}
{"timestamp": "13:57:51.833517", "frame": 100, "mu": [-0.7685898763794079, 3.27801309064718, 1.1307451383848168], "Sigma": [[0.015398992152787184, 0.0001286743212553902, -0.012841517429476878], [0.0001286743212553903, 0.0027547083370800802, -0.0016242864833724917], [-0.012841517429476878, -0.0016242864833724917, 0.016454199225038157]], "chi2_level": 0.95, "chi2_df": 3, "chi2_threshold": 7.814727903251179, "N_raw": 46, "N_roi": 46, "N_inlier": 42, "refit": true}
{"timestamp": "13:57:51.861634", "frame": 101, "mu": [-0.6981433047963587, 3.5460633041953074, -0.22609902192560508], "Sigma": [[0.009992998087686692, 0.004600467986122927, -0.01667384631560318], [0.0046004679861229286, 0.008177106502236136, -0.025868772358872645], [-0.01667384631560318, -0.025868772358872645, 0.14363313693966787]], "chi2_level": 0.95, "chi2_df": 3, "chi2_threshold": 7.814727903251179, "N_raw": 40, "N_roi": 40, "N_inlier": 39, "refit": true}
{"timestamp": "13:57:51.893900", "frame": 102, "mu": [-0.7399888703532452, 3.55132798968701, 1.315174614275857], "Sigma": [[0.009277847606197985, 0.002698676273135164, -0.005895977565559539], [0.0026986762731351643, 0.00483913409082635, -0.0030409254478344985], [-0.005895977565559539, -0.0030409254478344985, 0.009109214885414652]], "chi2_level": 0.95, "chi2_df": 3, "chi2_threshold": 7.814727903251179, "N_raw": 38, "N_roi": 38, "N_inlier": 35, "refit": true}
{"timestamp": "13:57:51.930112", "frame": 103, "mu": [-0.8550793384864702, 3.5248645225386506, 1.4449300487840655], "Sigma": [[0.01510654207466698, 0.005160632173601054, -0.01403836844141344], [0.005160632173601054, 0.005363720005779895, -0.004857913800435604], [-0.01403836844141344, -0.004857913800435605, 0.015539072692042159]], "chi2_level": 0.95, "chi2_df": 3, "chi2_threshold": 7.814727903251179, "N_raw": 41, "N_roi": 41, "N_inlier": 39, "refit": true}
{"timestamp": "13:57:51.983626", "frame": 104, "mu": [-0.9011678612623428, 3.5441269585993593, 1.5070746908411004], "Sigma": [[0.01335665177572876, 0.0012907931999057247, -0.008428296082944733], [0.001290793199905725, 0.0024335382868625353, -0.003825545941313081], [-0.008428296082944733, -0.003825545941313081, 0.013321669697578574]], "chi2_level": 0.95, "chi2_df": 3, "chi2_threshold": 7.814727903251179, "N_raw": 37, "N_roi": 37, "N_inlier": 36, "refit": true}
{"timestamp": "13:57:52.042153", "frame": 105, "mu": [-0.9415128824384034, 3.576969891490047, 1.2444471746449317], "Sigma": [[0.012597506315049705, 0.00286771848917491, -0.014935218302969563], [0.0028677184891749093, 0.003850895529468561, -0.011674193099202498], [-0.014935218302969561, -0.011674193099202498, 0.06316966769501274]], "chi2_level": 0.95, "chi2_df": 3, "chi2_threshold": 7.814727903251179, "N_raw": 59, "N_roi": 56, "N_inlier": 54, "refit": true}
{"timestamp": "13:57:52.097849", "frame": 106, "mu": [-0.9315920451482452, 3.6520056359610145, 1.2827784716940733], "Sigma": [[0.014049799899958531, 0.00159978978949338, -0.006538774463138244], [0.00159978978949338, 0.005473962318416879, -0.007403635907723083], [-0.006538774463138244, -0.007403635907723083, 0.029327247055676776]], "chi2_level": 0.95, "chi2_df": 3, "chi2_threshold": 7.814727903251179, "N_raw": 57, "N_roi": 57, "N_inlier": 54, "refit": true}
{"timestamp": "13:57:52.152526", "frame": 107, "mu": [-0.9806223275989748, 3.683975225894552, 0.9395241304999755], "Sigma": [[0.014552600439810387, 0.004227698783449882, -0.02576238442051909], [0.004227698783449882, 0.008627898721609668, -0.042494541570978], [-0.02576238442051909, -0.042494541570978, 0.25530306535850017]], "chi2_level": 0.95, "chi2_df": 3, "chi2_threshold": 7.814727903251179, "N_raw": 56, "N_roi": 56, "N_inlier": 55, "refit": true}
{"timestamp": "13:57:52.203493", "frame": 108, "mu": [-0.9905503691477539, 3.709994496698182, 0.8309835653870937], "Sigma": [[0.008311466774136713, 0.003084185898484942, -0.014445451163829455], [0.0030841858984849424, 0.005885298072930709, -0.02550179936286863], [-0.014445451163829453, -0.02550179936286863, 0.12051498193834932]], "chi2_level": 0.95, "chi2_df": 3, "chi2_threshold": 7.814727903251179, "N_raw": 31, "N_roi": 31, "N_inlier": 28, "refit": true}
{"timestamp": "13:57:52.310990", "frame": 110, "mu": [-1.162321927244463, 3.828665123769588, 0.9431513599036396], "Sigma": [[0.009050627183649811, -0.004524751702016494, 0.025533869906976293], [-0.004524751702016494, 0.006233144044460253, -0.02490338641701763], [0.025533869906976297, -0.02490338641701763, 0.12930550870927265]], "chi2_level": 0.95, "chi2_df": 3, "chi2_threshold": 7.814727903251179, "N_raw": 19, "N_roi": 19, "N_inlier": 18, "refit": true}
{"timestamp": "13:57:52.371496", "frame": 111, "mu": [-1.1252873855799692, 3.779252372076688, 1.1742665098125038], "Sigma": [[0.01436155623568547, 0.0028755763379934695, -0.025121189013067813], [0.0028755763379934695, 0.0038034686152447314, -0.015753539432974927], [-0.025121189013067813, -0.015753539432974927, 0.14138732407964547]], "chi2_level": 0.95, "chi2_df": 3, "chi2_threshold": 7.814727903251179, "N_raw": 49, "N_roi": 49, "N_inlier": 46, "refit": true}
{"timestamp": "13:57:52.423049", "frame": 112, "mu": [-1.1465800831228927, 3.8667559707330774, 1.317390418084238], "Sigma": [[0.01206869319703977, 0.002140363148409011, -0.009907190386696452], [0.002140363148409011, 0.0012979973816569458, -0.0034588104632636966], [-0.00990719038669645, -0.0034588104632636966, 0.02297428206556945]], "chi2_level": 0.95, "chi2_df": 3, "chi2_threshold": 7.814727903251179, "N_raw": 24, "N_roi": 23, "N_inlier": 21, "refit": true}
{"timestamp": "13:57:52.479681", "frame": 113, "mu": [-1.2394040777782958, 3.896563906784925, -0.40704469895352624], "Sigma": [[0.012042461306353468, 0.008792487810784302, 0.03711819429829479], [0.008792487810784302, 0.012557605823420291, 0.03745624438611562], [0.037118194298294785, 0.037456244386115625, 0.19101778292091734]], "chi2_level": 0.95, "chi2_df": 3, "chi2_threshold": 7.814727903251179, "N_raw": 38, "N_roi": 38, "N_inlier": 38, "refit": true}
{"timestamp": "13:57:52.588330", "frame": 115, "mu": [-1.3294487906107322, 3.9325164585424615, 1.0516014769551938], "Sigma": [[0.015592676591094841, 0.0038467670261350226, -0.014333543578822475], [0.003846767026135022, 0.003893995025273406, -0.005504958053038456], [-0.014333543578822475, -0.005504958053038456, 0.016831725053275313]], "chi2_level": 0.95, "chi2_df": 3, "chi2_threshold": 7.814727903251179, "N_raw": 33, "N_roi": 33, "N_inlier": 32, "refit": true}
{"timestamp": "13:57:52.640982", "frame": 116, "mu": [-1.3009840107779869, 4.055328127272269, 1.0378884809823847], "Sigma": [[0.015211163623951788, 0.008083141114127739, -0.024243937647654805], [0.008083141114127737, 0.006679730940599401, -0.016243322196531428], [-0.024243937647654805, -0.01624332219653143, 0.04563767956545691]], "chi2_level": 0.95, "chi2_df": 3, "chi2_threshold": 7.814727903251179, "N_raw": 15, "N_roi": 13, "N_inlier": 12, "refit": true}
{"timestamp": "13:57:52.864064", "frame": 120, "mu": [-1.6152099338699446, 4.0713788114237035, 1.2294759189134485], "Sigma": [[0.014551305174070588, 0.004773707893129519, -0.008337174334749006], [0.004773707893129519, 0.009489306489168943, -0.026247298517113382], [-0.008337174334749006, -0.026247298517113382, 0.09064730097646617]], "chi2_level": 0.95, "chi2_df": 3, "chi2_threshold": 7.814727903251179, "N_raw": 33, "N_roi": 30, "N_inlier": 29, "refit": true}
{"timestamp": "13:57:52.972381", "frame": 122, "mu": [-1.636737906807942, 4.1069731282040625, 1.0822895366373626], "Sigma": [[0.0190421281751825, 0.004352577780174926, -0.01573536516864292], [0.004352577780174926, 0.0026139448250755877, -0.004374340378222507], [-0.01573536516864292, -0.004374340378222507, 0.015331683861377149]], "chi2_level": 0.95, "chi2_df": 3, "chi2_threshold": 7.814727903251179, "N_raw": 24, "N_roi": 24, "N_inlier": 23, "refit": true}
{"timestamp": "13:57:53.030749", "frame": 123, "mu": [-1.6845698599761012, 4.153457126133709, 1.2269703775751846], "Sigma": [[0.02855611163335588, 0.009378588102750027, -0.007098243472397656], [0.009378588102750027, 0.0061232271713667985, -0.0040753439320883635], [-0.007098243472397656, -0.0040753439320883635, 0.004949633658819196]], "chi2_level": 0.95, "chi2_df": 3, "chi2_threshold": 7.814727903251179, "N_raw": 45, "N_roi": 43, "N_inlier": 40, "refit": true}
{"timestamp": "13:57:53.138265", "frame": 125, "mu": [-1.7895240458756536, 4.253848722216163, 1.3134713268547618], "Sigma": [[0.02137528724425465, 0.0056435450945892095, -0.020034051678342796], [0.00564354509458921, 0.0038629046356239535, -0.008268826418031755], [-0.020034051678342796, -0.008268826418031755, 0.025539249563182962]], "chi2_level": 0.95, "chi2_df": 3, "chi2_threshold": 7.814727903251179, "N_raw": 34, "N_roi": 33, "N_inlier": 32, "refit": true}
{"timestamp": "13:57:53.190477", "frame": 126, "mu": [-1.6748488600419735, 4.286760276919002, 0.8260496684661247], "Sigma": [[0.02000764890062908, 0.006626364396656696, -0.04772808788469367], [0.006626364396656696, 0.004132896193775841, -0.019141405485532198], [-0.04772808788469367, -0.019141405485532198, 0.12740898190221295]], "chi2_level": 0.95, "chi2_df": 3, "chi2_threshold": 7.814727903251179, "N_raw": 12, "N_roi": 12, "N_inlier": 12, "refit": true}
{"timestamp": "13:57:53.412625", "frame": 130, "mu": [-1.9000320804062607, 4.472269880683079, 1.0349007357755688], "Sigma": [[0.023314037534749945, 0.00691453341351508, -0.013658338188810716], [0.00691453341351508, 0.003715958304296837, -0.0038048640695708302], [-0.013658338188810714, -0.00380486406957083, 0.009615363279902407]], "chi2_level": 0.95, "chi2_df": 3, "chi2_threshold": 7.814727903251179, "N_raw": 24, "N_roi": 24, "N_inlier": 22, "refit": true}
{"timestamp": "13:57:54.015807", "frame": 141, "mu": [-2.285434168327855, 4.80238026189984, 1.0417028514551299], "Sigma": [[0.010021949468588394, 0.0030867625461754133, -0.007635523811642017], [0.0030867625461754138, 0.003177734227024893, -0.0029069498806765055], [-0.007635523811642017, -0.002906949880676506, 0.00789194689328664]], "chi2_level": 0.95, "chi2_df": 3, "chi2_threshold": 7.814727903251179, "N_raw": 20, "N_roi": 17, "N_inlier": 16, "refit": true}
{"timestamp": "13:57:54.128244", "frame": 143, "mu": [-2.3404697978023847, 4.89298531686354, 1.1921678376206934], "Sigma": [[0.008506645390351704, 0.003909589766651228, -0.0086631309169301], [0.003909589766651228, 0.004872083483221416, -0.005745174217886298], [-0.0086631309169301, -0.005745174217886298, 0.012747079720582121]], "chi2_level": 0.95, "chi2_df": 3, "chi2_threshold": 7.814727903251179, "N_raw": 31, "N_roi": 19, "N_inlier": 17, "refit": true}
