{"timestamp": "14:13:06.725629", "frame": 1, "mu": [0.9565573133090988, 1.4092114553214519, 1.5374931359944732], "Sigma": [[0.004596275597458181, -0.0012323315602140081, -0.0019006847980408983], [-0.0012323315602140081, 0.0035682914133078284, 6.638852470910128e-05], [-0.0019006847980408985, 6.638852470910128e-05, 0.001259928923979321]], "chi2_level": 0.95, "chi2_df": 3, "chi2_threshold": 7.814727903251179, "N_raw": 38, "N_roi": 38, "N_inlier": 35, "refit": true}
{"timestamp": "14:13:06.783380", "frame": 2, "mu": [0.9540666495374804, 1.4041498817504126, 1.4549151412163748], "Sigma": [[0.010347397446943166, -0.004936837165442805, -0.015623600883599783], [-0.004936837165442805, 0.0045943724870544855, 0.006756426653972081], [-0.015623600883599783, 0.006756426653972081, 0.02875538467798798]], "chi2_level": 0.95, "chi2_df": 3, "chi2_threshold": 7.814727903251179, "N_raw": 42, "N_roi": 42, "N_inlier": 40, "refit": true}
{"timestamp": "14:13:06.836981", "frame": 3, "mu": [0.9348264680037094, 1.4862374048618174, -0.17188299565932957], "Sigma": [[0.007303488294673773, 0.000718465017192683, -0.00964218020244062], [0.000718465017192683, 0.0018049486414768812, -0.0014770680302499779], [-0.009642180202440618, -0.0014770680302499779, 0.017573333205783918]], "chi2_level": 0.95, "chi2_df": 3, "chi2_threshold": 7.814727903251179, "N_raw": 25, "N_roi": 25, "N_inlier": 23, "refit": true}
{"timestamp": "14:13:06.892084", "frame": 4, "mu": [1.0167932547359095, 1.3591554776616608, 1.3276422020215821], "Sigma": [[0.00734431317568967, -0.006450589233399315, -0.010643708393269138], [-0.006450589233399315, 0.008248309425888905, 0.009162001742266897], [-0.010643708393269138, 0.009162001742266897, 0.015955056875343564]], "chi2_level": 0.95, "chi2_df": 3, "chi2_threshold": 7.814727903251179, "N_raw": 37, "N_roi": 37, "N_inlier": 34, "refit": true}
{"timestamp": "14:13:06.951270", "frame": 5, "mu": [0.9578628927701606, 1.3558720463239173, 1.3246451495362146], "Sigma": [[0.008943780977909021, -0.006317644848671446, -0.01394212977996196], [-0.006317644848671446, 0.007232614732722663, 0.008790255242516426], [-0.01394212977996196, 0.008790255242516426, 0.026582795335127727]], "chi2_level": 0.95, "chi2_df": 3, "chi2_threshold": 7.814727903251179, "N_raw": 54, "N_roi": 54, "N_inlier": 53, "refit": true}
{"timestamp": "14:13:07.006742", "frame": 6, "mu": [0.9329029774311757, 1.4001647516845594, -0.6611654685109326], "Sigma": [[0.0056544851339886395, -0.001257840769262872, -0.0043321989342519395], [-0.001257840769262872, 0.002119095721472848, 0.0030660815002609117], [-0.00433219893425194, 0.0030660815002609117, 0.04701979964398355]], "chi2_level": 0.95, "chi2_df": 3, "chi2_threshold": 7.814727903251179, "N_raw": 63, "N_roi": 63, "N_inlier": 59, "refit": true}
{"timestamp": "14:13:07.061242", "frame": 7, "mu": [0.8811767252025576, 1.4282847668080798, 1.395883563541818], "Sigma": [[0.005152691535115003, -0.0035002825875977556, -0.008496716763228097], [-0.0035002825875977556, 0.005092588941389969, 0.006453293383026016], [-0.008496716763228095, 0.006453293383026016, 0.03043749689790249]], "chi2_level": 0.95, "chi2_df": 3, "chi2_threshold": 7.814727903251179, "N_raw": 53, "N_roi": 53, "N_inlier": 49, "refit": true}
{"timestamp": "14:13:07.111048", "frame": 8, "mu": [0.9730504910257488, 1.2904176538791845, 0.9886652990437236], "Sigma": [[0.025229746810192574, -0.02170941990910304, -0.08690341445573302], [-0.02170941990910304, 0.021966316439688768, 0.07242615516390573], [-0.08690341445573302, 0.07242615516390573, 0.3066202129405253]], "chi2_level": 0.95, "chi2_df": 3, "chi2_threshold": 7.814727903251179, "N_raw": 15, "N_roi": 15, "N_inlier": 14, "refit": true}
{"timestamp": "14:13:07.173333", "frame": 9, "mu": [0.8669839720577652, 1.3715653163363857, 1.2764469262739206], "Sigma": [[0.004927131219240779, -0.00208514625669946, -0.005059455298582025], [-0.00208514625669946, 0.004045338539348363, 0.0006108662497882049], [-0.005059455298582024, 0.0006108662497882047, 0.03944213794688228]], "chi2_level": 0.95, "chi2_df": 3, "chi2_threshold": 7.814727903251179, "N_raw": 78, "N_roi": 78, "N_inlier": 73, "refit": true}
{"timestamp": "14:13:07.234946", "frame": 10, "mu": [0.9217965140907219, 1.2220079898791567, 0.7948312229974576], "Sigma": [[0.013789322644731178, -0.018655168546932555, -0.060275465240359705], [-0.018655168546932555, 0.03119407889872299, 0.10178857714563397], [-0.060275465240359705, 0.10178857714563397, 0.41174771548815303]], "chi2_level": 0.95, "chi2_df": 3, "chi2_threshold": 7.814727903251179, "N_raw": 110, "N_roi": 110, "N_inlier": 104, "refit": true}
{"timestamp": "14:13:07.286458", "frame": 11, "mu": [0.8356427419610478, 1.3395530077677882, 1.2068002256579087], "Sigma": [[0.006660356646846431, -0.0034481935590956244, -0.007097372688928063], [-0.0034481935590956244, 0.0032703638142934288, 0.0040162944529913034], [-0.007097372688928063, 0.0040162944529913034, 0.048715929087192626]], "chi2_level": 0.95, "chi2_df": 3, "chi2_threshold": 7.814727903251179, "N_raw": 91, "N_roi": 91, "N_inlier": 85, "refit": true}
{"timestamp": "14:13:07.341108", "frame": 12, "mu": [0.7856806424175572, 1.3484660952182983, 1.3369532501188757], "Sigma": [[0.006900674841833794, -0.003767867005685749, -0.009030167889881776], [-0.0037678670056857486, 0.006115082560764882, 0.002878298532187789], [-0.009030167889881775, 0.0028782985321877896, 0.0202856175392348]], "chi2_level": 0.95, "chi2_df": 3, "chi2_threshold": 7.814727903251179, "N_raw": 79, "N_roi": 79, "N_inlier": 72, "refit": true}
{"timestamp": "14:13:07.400112", "frame": 13, "mu": [0.6810070428480715, 1.297142904529562, 0.8594670517002756], "Sigma": [[0.01599606223575202, 0.004540258835845443, 0.05896438884031566], [0.004540258835845444, 0.010080377160351239, 0.046167796502481304], [0.05896438884031566, 0.046167796502481304, 0.41685722659732555]], "chi2_level": 0.95, "chi2_df": 3, "chi2_threshold": 7.814727903251179, "N_raw": 111, "N_roi": 111, "N_inlier": 107, "refit": true}
{"timestamp": "14:13:07.448820", "frame": 14, "mu": [0.7009756660933535, 1.3212077439372423, 1.1866550460121592], "Sigma": [[0.006178562152563121, -0.0024469365293726467, -0.0027155737906132396], [-0.0024469365293726462, 0.005995463742703198, 0.019014233209576265], [-0.00271557379061324, 0.019014233209576265, 0.1544825115797577]], "chi2_level": 0.95, "chi2_df": 3, "chi2_threshold": 7.814727903251179, "N_raw": 70, "N_roi": 70, "N_inlier": 64, "refit": true}
{"timestamp": "14:13:07.508748", "frame": 15, "mu": [0.6062900802980791, 1.4674654828125517, -0.1344189979022271], "Sigma": [[0.010377341119238567, -0.014434926236220884, 0.07776066553369618], [-0.014434926236220887, 0.032489939339969395, -0.16046708859330394], [0.07776066553369618, -0.16046708859330394, 1.1041643276082664]], "chi2_level": 0.95, "chi2_df": 3, "chi2_threshold": 7.814727903251179, "N_raw": 100, "N_roi": 100, "N_inlier": 96, "refit": true}
{"timestamp": "14:13:07.554079", "frame": 16, "mu": [0.6144129268540781, 1.136524967665831, 0.735718611361225], "Sigma": [[0.010611102119344904, -0.009455648389954106, 0.012358332900326374], [-0.009455648389954106, 0.013770661569926568, -0.004619304007795821], [0.012358332900326376, -0.004619304007795822, 0.1369351387915783]], "chi2_level": 0.95, "chi2_df": 3, "chi2_threshold": 7.814727903251179, "N_raw": 34, "N_roi": 34, "N_inlier": 31, "refit": true}
{"timestamp": "14:13:07.612543", "frame": 17, "mu": [0.5281292774175497, 1.271749623136351, 1.1345218259142045], "Sigma": [[0.012764990517089117, -0.008560460592887283, -0.004207372369362007], [-0.008560460592887283, 0.012066297305511899, 0.02998446243311924], [-0.004207372369362004, 0.02998446243311924, 0.25004989123000104]], "chi2_level": 0.95, "chi2_df": 3, "chi2_threshold": 7.814727903251179, "N_raw": 70, "N_roi": 70, "N_inlier": 66, "refit": true}
{"timestamp": "14:13:07.664550", "frame": 18, "mu": [0.47248988499445616, 1.2665282506725093, 1.1046493663407493], "Sigma": [[0.0024128007762818757, -0.0008895999959871331, -0.00259565504014783], [-0.0008895999959871331, 0.0016675952326981153, 0.0006455616536725339], [-0.0025956550401478305, 0.000645561653672534, 0.03214012114232938]], "chi2_level": 0.95, "chi2_df": 3, "chi2_threshold": 7.814727903251179, "N_raw": 46, "N_roi": 46, "N_inlier": 40, "refit": true}
{"timestamp": "14:13:07.726882", "frame": 19, "mu": [0.4603800534637591, 1.294505961134975, 1.1884756209709677], "Sigma": [[0.0050692576144977285, -0.0035505019030417266, -0.009534621877880713], [-0.0035505019030417266, 0.005343731934800293, 0.005343001547964611], [-0.009534621877880713, 0.005343001547964611, 0.043646035594684]], "chi2_level": 0.95, "chi2_df": 3, "chi2_threshold": 7.814727903251179, "N_raw": 93, "N_roi": 93, "N_inlier": 89, "refit": true}
{"timestamp": "14:13:07.781632", "frame": 20, "mu": [0.3788145335003805, 1.3144580454678843, 1.2824535978361555], "Sigma": [[0.0040722755602354815, -0.0004896000140302766, -0.0013417391230634928], [-0.0004896000140302766, 0.0037720870269907373, -0.003642077993351125], [-0.0013417391230634928, -0.003642077993351125, 0.023710893860142006]], "chi2_level": 0.95, "chi2_df": 3, "chi2_threshold": 7.814727903251179, "N_raw": 91, "N_roi": 91, "N_inlier": 87, "refit": true}
{"timestamp": "14:13:07.838905", "frame": 21, "mu": [0.30576314966496054, 1.3162317670133936, 1.0968774990903003], "Sigma": [[0.004454028200924748, -0.0022540582957783564, 0.008324040457211428], [-0.002254058295778356, 0.01128991153531022, 0.01592825426114871], [0.008324040457211428, 0.01592825426114871, 0.24825304392014325]], "chi2_level": 0.95, "chi2_df": 3, "chi2_threshold": 7.814727903251179, "N_raw": 101, "N_roi": 101, "N_inlier": 98, "refit": true}
{"timestamp": "14:13:07.886603", "frame": 22, "mu": [0.26667263569848143, 1.3544592766485088, 1.4500682475089972], "Sigma": [[0.003872795449203691, -0.0014503671888137818, -0.0026387414902836435], [-0.0014503671888137818, 0.004054877352858323, -0.0019103996580341074], [-0.0026387414902836435, -0.0019103996580341074, 0.005934323135918744]], "chi2_level": 0.95, "chi2_df": 3, "chi2_threshold": 7.814727903251179, "N_raw": 65, "N_roi": 65, "N_inlier": 62, "refit": true}
{"timestamp": "14:13:07.940422", "frame": 23, "mu": [0.2724097142827887, 1.3196820386840726, 1.3015363959471544], "Sigma": [[0.007818513010367078, -0.000631931836690481, -0.017350269779358465], [-0.0006319318366904811, 0.002067813949753116, 0.0022059507842001223], [-0.017350269779358465, 0.0022059507842001223, 0.05315903501392642]], "chi2_level": 0.95, "chi2_df": 3, "chi2_threshold": 7.814727903251179, "N_raw": 50, "N_roi": 50, "N_inlier": 46, "refit": true}
{"timestamp": "14:13:07.994866", "frame": 24, "mu": [0.13310948282703502, 1.2886752761521145, 0.5975273512507817], "Sigma": [[0.006502055077783178, -0.006156599130695973, 0.032897038299668384], [-0.006156599130695973, 0.010225580245988594, -0.05363632736247881], [0.03289703829966839, -0.05363632736247881, 0.448648724939135]], "chi2_level": 0.95, "chi2_df": 3, "chi2_threshold": 7.814727903251179, "N_raw": 50, "N_roi": 50, "N_inlier": 49, "refit": true}
{"timestamp": "14:13:08.053143", "frame": 25, "mu": [0.08410341606907382, 1.3842138061855311, 1.4994240841231037], "Sigma": [[0.00351061681402962, -0.0008176811715815673, -0.0006161529487315911], [-0.0008176811715815673, 0.006257025722390674, 0.0040029326980404725], [-0.0006161529487315911, 0.0040029326980404725, 0.024991200263913153]], "chi2_level": 0.95, "chi2_df": 3, "chi2_threshold": 7.814727903251179, "N_raw": 69, "N_roi": 69, "N_inlier": 65, "refit": true}
{"timestamp": "14:13:08.107253", "frame": 26, "mu": [0.047656073049577544, 1.3422395250181511, 1.4692317309437084], "Sigma": [[0.002914684362728215, -0.0007758685371414104, -0.0017869524280440972], [-0.0007758685371414104, 0.006403097912731443, -0.0003521916312052677], [-0.001786952428044097, -0.0003521916312052677, 0.00442369052311873]], "chi2_level": 0.95, "chi2_df": 3, "chi2_threshold": 7.814727903251179, "N_raw": 63, "N_roi": 63, "N_inlier": 58, "refit": true}
{"timestamp": "14:13:08.168748", "frame": 27, "mu": [-0.000414156946751744, 1.3308133127645723, 1.322324632950165], "Sigma": [[0.006693423178828843, -0.0010468561954663047, -0.006764628795199843], [-0.0010468561954663047, 0.006801078808516342, 0.0016409965480630709], [-0.006764628795199843, 0.001640996548063071, 0.0270133828066451]], "chi2_level": 0.95, "chi2_df": 3, "chi2_threshold": 7.814727903251179, "N_raw": 110, "N_roi": 110, "N_inlier": 105, "refit": true}
{"timestamp": "14:13:08.223824", "frame": 28, "mu": [-0.0510375017302467, 1.325154901468307, 1.1970178909599283], "Sigma": [[0.0052698985417912484, -0.0011797323830077516, -0.0018201463145143923], [-0.0011797323830077513, 0.003335638040839521, 0.004539567330368974], [-0.0018201463145143917, 0.004539567330368974, 0.05016657216172285]], "chi2_level": 0.95, "chi2_df": 3, "chi2_threshold": 7.814727903251179, "N_raw": 108, "N_roi": 108, "N_inlier": 103, "refit": true}
{"timestamp": "14:13:08.279298", "frame": 29, "mu": [-0.10568633612260277, 1.3450026881235553, 1.2950578724602535], "Sigma": [[0.005334519146926326, 0.001134173859021786, 0.0007855862336033111], [0.001134173859021786, 0.009736115064474986, 0.020754542421930484], [0.000785586233603311, 0.020754542421930484, 0.08858956066071212]], "chi2_level": 0.95, "chi2_df": 3, "chi2_threshold": 7.814727903251179, "N_raw": 106, "N_roi": 106, "N_inlier": 101, "refit": true}
{"timestamp": "14:13:08.333530", "frame": 30, "mu": [-0.15237831824104614, 1.4117621104832834, 1.3440587677399936], "Sigma": [[0.004786654115815736, 0.0002875797104515294, -0.0024553253287086206], [0.0002875797104515294, 0.006842975674171564, 0.0001168219675181598], [-0.0024553253287086206, 0.00011682196751815969, 0.04506080857560005]], "chi2_level": 0.95, "chi2_df": 3, "chi2_threshold": 7.814727903251179, "N_raw": 102, "N_roi": 102, "N_inlier": 98, "refit": true}
{"timestamp": "14:13:08.380328", "frame": 31, "mu": [-0.23511700575943512, 1.2654688032130328, 0.9943390698074026], "Sigma": [[0.0029774459879985775, -0.00021892344090952972, 0.007199829758936362], [-0.00021892344090952955, 0.0073610129655755615, -0.0069866028647254524], [0.007199829758936362, -0.0069866028647254524, 0.3426305661664626]], "chi2_level": 0.95, "chi2_df": 3, "chi2_threshold": 7.814727903251179, "N_raw": 52, "N_roi": 52, "N_inlier": 51, "refit": true}
{"timestamp": "14:13:08.445741", "frame": 32, "mu": [-0.26915105539065054, 1.4028757044566387, 1.3186122746857136], "Sigma": [[0.0036585551824732387, -0.0016961867255005916, -0.004697091903231307], [-0.0016961867255005916, 0.013907691846249825, 0.010162975238451335], [-0.004697091903231307, 0.010162975238451336, 0.11282254084031663]], "chi2_level": 0.95, "chi2_df": 3, "chi2_threshold": 7.814727903251179, "N_raw": 99, "N_roi": 99, "N_inlier": 92, "refit": true}
{"timestamp": "14:13:08.497552", "frame": 33, "mu": [-0.31260406231947147, 1.4116386492240771, -0.17238483791681497], "Sigma": [[0.005013847509523596, -0.00013391283621074103, 0.03658531134487904], [-0.00013391283621074114, 0.010719321415793213, 0.008829831576697134], [0.03658531134487904, 0.008829831576697136, 0.5825234674853551]], "chi2_level": 0.95, "chi2_df": 3, "chi2_threshold": 7.814727903251179, "N_raw": 97, "N_roi": 97, "N_inlier": 96, "refit": true}
{"timestamp": "14:13:08.555562", "frame": 34, "mu": [-0.3772947925762306, 1.3691998351186696, 1.3301021084760682], "Sigma": [[0.0069181149399145875, 0.0029059959964192086, 0.0018733693399308124], [0.002905995996419208, 0.019567435280667213, 0.0039013121313639784], [0.0018733693399308124, 0.0039013121313639784, 0.003394263491997604]], "chi2_level": 0.95, "chi2_df": 3, "chi2_threshold": 7.814727903251179, "N_raw": 115, "N_roi": 115, "N_inlier": 111, "refit": true}
{"timestamp": "14:13:08.609113", "frame": 35, "mu": [-0.4324888021225363, 1.4090528759690812, 1.2764296246457438], "Sigma": [[0.004608196181172549, 0.00030758764838494, -0.0025023471308282226], [0.0003075876483849399, 0.011214029131052563, 0.007909397184902196], [-0.0025023471308282226, 0.007909397184902196, 0.06800228203530263]], "chi2_level": 0.95, "chi2_df": 3, "chi2_threshold": 7.814727903251179, "N_raw": 113, "N_roi": 113, "N_inlier": 109, "refit": true}
{"timestamp": "14:13:08.663124", "frame": 36, "mu": [-0.4809844151530851, 1.3320422709384396, 1.2078377950007289], "Sigma": [[0.005641197842379298, 0.0005650250652579471, -0.0029341769225962374], [0.0005650250652579471, 0.0062120370649502875, -0.0010796072721546346], [-0.0029341769225962374, -0.0010796072721546346, 0.024375417632356015]], "chi2_level": 0.95, "chi2_df": 3, "chi2_threshold": 7.814727903251179, "N_raw": 97, "N_roi": 97, "N_inlier": 93, "refit": true}
{"timestamp": "14:13:08.716168", "frame": 37, "mu": [-0.5034325363218514, 1.4564274475925347, 1.228128122243922], "Sigma": [[0.005912997616556061, 0.0037108336983470106, -0.005552465497122344], [0.0037108336983470106, 0.008951710177852143, 0.004502341045658397], [-0.005552465497122344, 0.004502341045658397, 0.05477763877252151]], "chi2_level": 0.95, "chi2_df": 3, "chi2_threshold": 7.814727903251179, "N_raw": 86, "N_roi": 85, "N_inlier": 82, "refit": true}
{"timestamp": "14:13:08.773956", "frame": 38, "mu": [-0.5415484365548451, 1.4898824368140655, 1.251588679820471], "Sigma": [[0.005511847384897228, 0.003459693569585397, -0.004344785752092599], [0.003459693569585397, 0.01554894801080119, -0.00244515402603992], [-0.004344785752092599, -0.00244515402603992, 0.02160688551283913]], "chi2_level": 0.95, "chi2_df": 3, "chi2_threshold": 7.814727903251179, "N_raw": 100, "N_roi": 99, "N_inlier": 93, "refit": true}
{"timestamp": "14:13:08.831340", "frame": 39, "mu": [-0.5833360327632001, 1.4569669094865787, 1.076973633212526], "Sigma": [[0.01298727969451217, 0.0027423950362769917, -0.03281909492906379], [0.0027423950362769917, 0.01176629511259149, -0.00807822428130104], [-0.032819094929063784, -0.008078224281301038, 0.14214896989536754]], "chi2_level": 0.95, "chi2_df": 3, "chi2_threshold": 7.814727903251179, "N_raw": 127, "N_roi": 127, "N_inlier": 124, "refit": true}
{"timestamp": "14:13:08.883478", "frame": 40, "mu": [-0.5671252008621325, 1.545206242188641, 0.9207430216725115], "Sigma": [[0.01021600342754104, -0.0034908238708612643, -0.039896888104115374], [-0.0034908238708612643, 0.006965745670080123, 0.019811865133522594], [-0.039896888104115374, 0.019811865133522594, 0.2861329690111709]], "chi2_level": 0.95, "chi2_df": 3, "chi2_threshold": 7.814727903251179, "N_raw": 105, "N_roi": 105, "N_inlier": 102, "refit": true}
{"timestamp": "14:13:08.944173", "frame": 41, "mu": [-0.6882693082729517, 1.5321939569737721, 0.9124817431002307], "Sigma": [[0.018002384046992344, 0.003541605192913617, -0.05051509841733204], [0.003541605192913617, 0.006609977304605053, -0.019533250065163273], [-0.05051509841733204, -0.019533250065163273, 0.24896587288509803]], "chi2_level": 0.95, "chi2_df": 3, "chi2_threshold": 7.814727903251179, "N_raw": 136, "N_roi": 136, "N_inlier": 132, "refit": true}
{"timestamp": "14:13:08.997662", "frame": 42, "mu": [-0.7384823653475109, 1.5607699122501104, 0.8522682496474987], "Sigma": [[0.015678107282484248, 0.002147814089224666, -0.04596628591230402], [0.002147814089224666, 0.0039387502408853945, -0.009201889383615516], [-0.045966285912304033, -0.009201889383615516, 0.25839288836311314]], "chi2_level": 0.95, "chi2_df": 3, "chi2_threshold": 7.814727903251179, "N_raw": 128, "N_roi": 128, "N_inlier": 124, "refit": true}
{"timestamp": "14:13:09.052055", "frame": 43, "mu": [-0.8196142732214403, 1.5948207021731486, 1.1097703904786773], "Sigma": [[0.011414318808030488, 0.003831898057599861, -0.025950588642964907], [0.003831898057599861, 0.006254642343387709, -0.026258790748809477], [-0.025950588642964907, -0.026258790748809477, 0.17048785740826286]], "chi2_level": 0.95, "chi2_df": 3, "chi2_threshold": 7.814727903251179, "N_raw": 124, "N_roi": 124, "N_inlier": 119, "refit": true}
{"timestamp": "14:13:09.104689", "frame": 44, "mu": [-0.804050381104087, 1.652896451891896, 1.1521149085130216], "Sigma": [[0.008859991958469126, 0.0018471775929161083, -0.006106290243221345], [0.0018471775929161083, 0.0032188273633629253, -0.015927067421962975], [-0.006106290243221346, -0.015927067421962975, 0.14616519136973835]], "chi2_level": 0.95, "chi2_df": 3, "chi2_threshold": 7.814727903251179, "N_raw": 107, "N_roi": 107, "N_inlier": 101, "refit": true}
{"timestamp": "14:13:09.160376", "frame": 45, "mu": [-0.8276036701365869, 1.6747868006578845, 1.0860274160475183], "Sigma": [[0.009140069857685939, 0.0025874595810532553, 0.003375906420045969], [0.0025874595810532553, 0.005266489062879917, -0.017309745600559055], [0.003375906420045969, -0.01730974560055906, 0.18266745360791584]], "chi2_level": 0.95, "chi2_df": 3, "chi2_threshold": 7.814727903251179, "N_raw": 114, "N_roi": 114, "N_inlier": 111, "refit": true}
{"timestamp": "14:13:09.205483", "frame": 46, "mu": [-0.8519189536474767, 1.6976611842375475, 1.2028546971205658], "Sigma": [[0.009007239642546686, 0.002937711781459732, 0.0012731714380008136], [0.0029377117814597324, 0.002656456746439894, 0.005865015188738339], [0.0012731714380008142, 0.005865015188738339, 0.034856306524888823]], "chi2_level": 0.95, "chi2_df": 3, "chi2_threshold": 7.814727903251179, "N_raw": 48, "N_roi": 48, "N_inlier": 43, "refit": true}
{"timestamp": "14:13:09.255382", "frame": 47, "mu": [-0.8314617545565065, 1.7516138894055688, 1.4042152855971013], "Sigma": [[0.001604196507543346, -0.0004114666096849774, 0.0032097023303464833], [-0.0004114666096849774, 0.0036737728486078273, -0.00650108281518573], [0.0032097023303464837, -0.00650108281518573, 0.0426205728628999]], "chi2_level": 0.95, "chi2_df": 3, "chi2_threshold": 7.814727903251179, "N_raw": 14, "N_roi": 14, "N_inlier": 11, "refit": true}
{"timestamp": "14:13:09.315019", "frame": 48, "mu": [-0.817341736525557, 1.5516333789125147, 0.3747013337960816], "Sigma": [[0.007658055818775594, -0.0037475016465295693, -0.008071662110188817], [-0.0037475016465295698, 0.006081207454108215, 0.007030633887605848], [-0.008071662110188817, 0.007030633887605848, 0.01806732470629167]], "chi2_level": 0.95, "chi2_df": 3, "chi2_threshold": 7.814727903251179, "N_raw": 46, "N_roi": 45, "N_inlier": 39, "refit": true}
{"timestamp": "14:13:09.373436", "frame": 49, "mu": [-0.9593209730941207, 1.8512830259350672, 1.3052686811263001], "Sigma": [[0.015528540504692262, 0.0026340736851847945, 0.006384392889507814], [0.0026340736851847945, 0.003805855374585843, 0.013496154550543892], [0.006384392889507814, 0.013496154550543892, 0.0963138912429552]], "chi2_level": 0.95, "chi2_df": 3, "chi2_threshold": 7.814727903251179, "N_raw": 76, "N_roi": 76, "N_inlier": 72, "refit": true}
{"timestamp": "14:13:09.436137", "frame": 50, "mu": [-0.9515816964537624, 1.8812407774576292, 1.0177915348054631], "Sigma": [[0.012136527341109574, 0.0028049975189189356, 0.00021118492375838804], [0.002804997518918936, 0.003303345291911313, 0.004737856149428463], [0.00021118492375838858, 0.004737856149428463, 0.08467986005104745]], "chi2_level": 0.95, "chi2_df": 3, "chi2_threshold": 7.814727903251179, "N_raw": 115, "N_roi": 115, "N_inlier": 108, "refit": true}
{"timestamp": "14:13:09.492609", "frame": 51, "mu": [-0.8997469470215609, 2.088760176406301, -0.3342677749806961], "Sigma": [[0.012309927179292126, 0.0037545204317722645, 0.011569067124119474], [0.0037545204317722645, 0.012383609156421576, -0.01003618602758752], [0.011569067124119472, -0.010036186027587518, 0.06544561772181358]], "chi2_level": 0.95, "chi2_df": 3, "chi2_threshold": 7.814727903251179, "N_raw": 120, "N_roi": 120, "N_inlier": 112, "refit": true}
{"timestamp": "14:13:09.544690", "frame": 52, "mu": [-0.9073494347844439, 2.003146666033434, 1.1752055648925148], "Sigma": [[0.014141410141539277, 0.0018403925185285705, -0.004287430502157405], [0.001840392518528571, 0.002867376239769406, -0.005818433529203775], [-0.004287430502157404, -0.005818433529203775, 0.058979289844726564]], "chi2_level": 0.95, "chi2_df": 3, "chi2_threshold": 7.814727903251179, "N_raw": 113, "N_roi": 113, "N_inlier": 109, "refit": true}
{"timestamp": "14:13:09.599895", "frame": 53, "mu": [-0.9152407802160445, 2.0307671822923137, 0.9569842526488194], "Sigma": [[0.016929649765145015, 0.0018019216621466886, 0.008284488724121065], [0.0018019216621466883, 0.0024038961507908156, -0.006600075323630869], [0.008284488724121065, -0.006600075323630869, 0.0787702633202317]], "chi2_level": 0.95, "chi2_df": 3, "chi2_threshold": 7.814727903251179, "N_raw": 110, "N_roi": 110, "N_inlier": 106, "refit": true}
{"timestamp": "14:13:09.657423", "frame": 54, "mu": [-1.0378556384513205, 2.0868950926048266, 0.8374505801930021], "Sigma": [[0.03671581630256143, -0.00033718630985604084, 0.039915755167502544], [-0.00033718630985604057, 0.0016373374051239784, -0.0034065281668379825], [0.039915755167502544, -0.0034065281668379833, 0.1195147889049742]], "chi2_level": 0.95, "chi2_df": 3, "chi2_threshold": 7.814727903251179, "N_raw": 123, "N_roi": 123, "N_inlier": 119, "refit": true}
{"timestamp": "14:13:09.706693", "frame": 55, "mu": [-0.915488616721237, 2.151628235171087, 1.2507670432327966], "Sigma": [[0.011751416103351934, -0.0007457619566696525, -0.010684850689217554], [-0.0007457619566696527, 0.004549670247707838, -0.0048587545716222095], [-0.010684850689217552, -0.0048587545716222095, 0.02108923621087227]], "chi2_level": 0.95, "chi2_df": 3, "chi2_threshold": 7.814727903251179, "N_raw": 81, "N_roi": 81, "N_inlier": 74, "refit": true}
{"timestamp": "14:13:09.759542", "frame": 56, "mu": [-0.9003946836211187, 2.1636273891942177, 1.2598604059611926], "Sigma": [[0.01070993523228749, 0.002343637515436375, -0.0020513590131333802], [0.002343637515436375, 0.0054589329753690465, -0.003695168419674394], [-0.0020513590131333794, -0.003695168419674394, 0.01777224714693302]], "chi2_level": 0.95, "chi2_df": 3, "chi2_threshold": 7.814727903251179, "N_raw": 74, "N_roi": 74, "N_inlier": 70, "refit": true}
{"timestamp": "14:13:09.815779", "frame": 57, "mu": [-1.0011645335285577, 2.216769601426866, 1.2782721659680476], "Sigma": [[0.015140679023798396, -0.0010372746686680093, 0.0017919327552594023], [-0.0010372746686680096, 0.003044721638992454, -0.003378342827090557], [0.0017919327552594025, -0.003378342827090557, 0.024966085085513998]], "chi2_level": 0.95, "chi2_df": 3, "chi2_threshold": 7.814727903251179, "N_raw": 79, "N_roi": 79, "N_inlier": 73, "refit": true}
{"timestamp": "14:13:09.873202", "frame": 58, "mu": [-0.9981801841721448, 2.193475550104246, 0.8345178156389867], "Sigma": [[0.012653218438551299, -0.004373603323893113, -0.013499977339444809], [-0.004373603323893112, 0.007323368619289464, 0.030769378360800213], [-0.013499977339444809, 0.030769378360800216, 0.20866532447990038]], "chi2_level": 0.95, "chi2_df": 3, "chi2_threshold": 7.814727903251179, "N_raw": 100, "N_roi": 99, "N_inlier": 96, "refit": true}
{"timestamp": "14:13:09.925876", "frame": 59, "mu": [-0.9350476503884093, 2.359091785039783, 1.1603297756901338], "Sigma": [[0.010477573313938088, 0.00020954344300099903, -0.011953717205081977], [0.00020954344300099908, 0.0026250107703309194, -0.0006761863522506272], [-0.011953717205081977, -0.0006761863522506276, 0.1303774360561775]], "chi2_level": 0.95, "chi2_df": 3, "chi2_threshold": 7.814727903251179, "N_raw": 81, "N_roi": 81, "N_inlier": 77, "refit": true}
{"timestamp": "14:13:09.980781", "frame": 60, "mu": [-0.9952968613105381, 2.4397877645033867, 1.2202647094443584], "Sigma": [[0.014082468534826044, 0.0002311472892111337, -0.006329517939706732], [0.00023114728921113355, 0.001475791034365268, -0.001391559629585128], [-0.0063295179397067315, -0.0013915596295851279, 0.08680605917249995]], "chi2_level": 0.95, "chi2_df": 3, "chi2_threshold": 7.814727903251179, "N_raw": 84, "N_roi": 82, "N_inlier": 78, "refit": true}
{"timestamp": "14:13:10.038310", "frame": 61, "mu": [-0.9732719597875723, 2.4282634746247633, 1.0409887369849666], "Sigma": [[0.012211422061351508, 0.0009608389941940415, 0.001404174516848884], [0.0009608389941940416, 0.009429373666326131, 0.029476217102201684], [0.0014041745168488844, 0.029476217102201684, 0.2277651114044291]], "chi2_level": 0.95, "chi2_df": 3, "chi2_threshold": 7.814727903251179, "N_raw": 103, "N_roi": 103, "N_inlier": 102, "refit": true}
{"timestamp": "14:13:10.090448", "frame": 62, "mu": [-0.9729906397232253, 2.518586346739566, 1.3020090935364677], "Sigma": [[0.009834336021753988, 0.0006197884687449395, -0.005463712894951445], [0.0006197884687449394, 0.007064461631985454, 0.003710412184773848], [-0.005463712894951445, 0.003710412184773848, 0.11963373649869123]], "chi2_level": 0.95, "chi2_df": 3, "chi2_threshold": 7.814727903251179, "N_raw": 83, "N_roi": 83, "N_inlier": 74, "refit": true}
{"timestamp": "14:13:10.138384", "frame": 63, "mu": [-1.0237873735278074, 2.5997684147087363, 0.9119115601615917], "Sigma": [[0.015019434307880363, -0.003015085256134678, 0.02152268778468048], [-0.003015085256134678, 0.001588367081324072, -0.009803116299476729], [0.02152268778468048, -0.009803116299476729, 0.0869355764276922]], "chi2_level": 0.95, "chi2_df": 3, "chi2_threshold": 7.814727903251179, "N_raw": 34, "N_roi": 34, "N_inlier": 31, "refit": true}
{"timestamp": "14:13:10.196241", "frame": 64, "mu": [-1.0073747448568138, 2.6180530725337836, 0.9049871665612426], "Sigma": [[0.016224122787187413, -0.0030134254284373708, 0.03369336939221908], [-0.0030134254284373708, 0.003778045525671209, -0.019430726342386854], [0.03369336939221908, -0.01943072634238685, 0.17934038943467004]], "chi2_level": 0.95, "chi2_df": 3, "chi2_threshold": 7.814727903251179, "N_raw": 62, "N_roi": 60, "N_inlier": 59, "refit": true}
{"timestamp": "14:13:10.247661", "frame": 65, "mu": [-1.072546749651291, 2.633189127683766, 0.43863782601924867], "Sigma": [[0.014338814166130328, 0.0014812352326778401, 0.01827762744520467], [0.00148123523267784, 0.0012065640737189927, 0.0011097014135898445], [0.01827762744520467, 0.0011097014135898445, 0.08751798829930282]], "chi2_level": 0.95, "chi2_df": 3, "chi2_threshold": 7.814727903251179, "N_raw": 28, "N_roi": 28, "N_inlier": 26, "refit": true}
{"timestamp": "14:13:10.306481", "frame": 66, "mu": [-1.0118040744456727, 2.7484417856274295, 0.748725212252734], "Sigma": [[0.01650845999639102, -0.00294519086124888, 0.037532625008277753], [-0.0029451908612488802, 0.006243478023672773, -0.011929973201594432], [0.037532625008277753, -0.011929973201594432, 0.18276071618424938]], "chi2_level": 0.95, "chi2_df": 3, "chi2_threshold": 7.814727903251179, "N_raw": 61, "N_roi": 61, "N_inlier": 59, "refit": true}
{"timestamp": "14:13:10.468671", "frame": 69, "mu": [-1.0982390292159239, 2.7738329443542034, 0.5160245246768295], "Sigma": [[0.014428561732528123, 0.002860475466962547, 0.007407861467965818], [0.002860475466962547, 0.0020893702184624583, 0.007194442727054261], [0.007407861467965818, 0.007194442727054263, 0.05272068187882764]], "chi2_level": 0.95, "chi2_df": 3, "chi2_threshold": 7.814727903251179, "N_raw": 43, "N_roi": 43, "N_inlier": 38, "refit": true}
{"timestamp": "14:13:10.526794", "frame": 70, "mu": [-0.8736450683558418, 2.855751997241519, 1.1500632676311833], "Sigma": [[0.02224656700141517, -0.0008996312165859921, 0.023877295257004015], [-0.000899631216585992, 0.0033129074869075606, -0.004099109729820808], [0.02387729525700402, -0.004099109729820808, 0.10652472482493981]], "chi2_level": 0.95, "chi2_df": 3, "chi2_threshold": 7.814727903251179, "N_raw": 63, "N_roi": 63, "N_inlier": 62, "refit": true}
{"timestamp": "14:13:10.582398", "frame": 71, "mu": [-0.8552612972801992, 2.944148772878519, 1.1062399974918287], "Sigma": [[0.03260878934050137, -0.0015344779187393865, 0.042764360194125856], [-0.0015344779187393862, 0.001968233498179096, -0.002982016267189692], [0.042764360194125856, -0.002982016267189692, 0.1346877434398411]], "chi2_level": 0.95, "chi2_df": 3, "chi2_threshold": 7.814727903251179, "N_raw": 65, "N_roi": 65, "N_inlier": 64, "refit": true}
{"timestamp": "14:13:10.630907", "frame": 72, "mu": [-0.750114811612033, 3.032355923290723, 1.3435230373699527], "Sigma": [[0.0069110923211453635, -0.0005743903876342241, -0.00743727501543829], [-0.0005743903876342241, 0.0004030240742872795, -0.0007802613133110996], [-0.00743727501543829, -0.0007802613133110995, 0.019919072370930078]], "chi2_level": 0.95, "chi2_df": 3, "chi2_threshold": 7.814727903251179, "N_raw": 24, "N_roi": 24, "N_inlier": 20, "refit": true}
{"timestamp": "14:13:10.685947", "frame": 73, "mu": [-0.8486760352863727, 3.0740172736849383, 0.9460486171267787], "Sigma": [[0.007686593486872424, -0.004725110914198435, 0.019323996884709448], [-0.004725110914198435, 0.006613216946363823, -0.02792729411943416], [0.01932399688470945, -0.027927294119434155, 0.1319958690781616]], "chi2_level": 0.95, "chi2_df": 3, "chi2_threshold": 7.814727903251179, "N_raw": 18, "N_roi": 18, "N_inlier": 16, "refit": true}
{"timestamp": "14:13:10.742725", "frame": 74, "mu": [-0.695805244608762, 3.0693581353567825, 1.3003198513499754], "Sigma": [[0.0105482175565278, -0.00040760930101028085, 0.0016673746695221913], [-0.0004076093010102808, 0.0025160305245475324, -0.005707805123535215], [0.0016673746695221913, -0.005707805123535215, 0.030777628416408]], "chi2_level": 0.95, "chi2_df": 3, "chi2_threshold": 7.814727903251179, "N_raw": 36, "N_roi": 36, "N_inlier": 33, "refit": true}
{"timestamp": "14:13:10.794686", "frame": 75, "mu": [-0.6804713317622602, 3.0745262499257384, 1.1820466335393032], "Sigma": [[0.007458227550765647, -0.0012790015120557007, 0.012654483937904984], [-0.0012790015120557005, 0.000767325622259335, -0.0020399260853401226], [0.012654483937904984, -0.002039926085340123, 0.09181921297394528]], "chi2_level": 0.95, "chi2_df": 3, "chi2_threshold": 7.814727903251179, "N_raw": 15, "N_roi": 15, "N_inlier": 12, "refit": true}
{"timestamp": "14:13:10.850422", "frame": 76, "mu": [-0.6694944550375673, 3.323679078175439, -0.23225366412268958], "Sigma": [[0.003949073104133253, -0.0019265877171831774, 0.003956809997471239], [-0.0019265877171831774, 0.024273490195155633, -0.06152964005792387], [0.00395680999747124, -0.06152964005792388, 0.1670227226279411]], "chi2_level": 0.95, "chi2_df": 3, "chi2_threshold": 7.814727903251179, "N_raw": 18, "N_roi": 16, "N_inlier": 15, "refit": true}
{"timestamp": "14:13:10.906139", "frame": 77, "mu": [-0.599596273524531, 3.149376994047791, 1.0600496900595675], "Sigma": [[0.006962976882955315, -0.000842059721096162, 0.007730155509839794], [-0.000842059721096162, 0.0019604594104527034, -0.01033647340223283], [0.007730155509839794, -0.01033647340223283, 0.12285109179079971]], "chi2_level": 0.95, "chi2_df": 3, "chi2_threshold": 7.814727903251179, "N_raw": 27, "N_roi": 27, "N_inlier": 24, "refit": true}
{"timestamp": "14:13:10.963476", "frame": 78, "mu": [-0.588304723569816, 3.1749720000732995, 1.4359975967723673], "Sigma": [[0.014069514869572556, 0.0006006226885189476, -0.004351441353627451], [0.0006006226885189477, 0.003953283464527975, 0.0018657549668546756], [-0.004351441353627451, 0.0018657549668546756, 0.004914423781834021]], "chi2_level": 0.95, "chi2_df": 3, "chi2_threshold": 7.814727903251179, "N_raw": 42, "N_roi": 42, "N_inlier": 37, "refit": true}
{"timestamp": "14:13:11.079901", "frame": 80, "mu": [-0.46774024987603646, 3.284901077930278, -0.7615663475227386], "Sigma": [[0.0197557654673757, 0.013555758510522528, 0.03459409165635622], [0.013555758510522525, 0.03543034763636702, -0.019930275587096268], [0.03459409165635622, -0.019930275587096268, 0.586720675134825]], "chi2_level": 0.95, "chi2_df": 3, "chi2_threshold": 7.814727903251179, "N_raw": 80, "N_roi": 76, "N_inlier": 73, "refit": true}
{"timestamp": "14:13:11.133325", "frame": 81, "mu": [-0.4589155505981642, 3.2784874948182594, -0.5521830859933626], "Sigma": [[0.015839320279692655, 0.004851991795733615, 0.032268920557396594], [0.004851991795733615, 0.010418722395051665, 0.013227799260006053], [0.032268920557396594, 0.013227799260006053, 0.14284858641633844]], "chi2_level": 0.95, "chi2_df": 3, "chi2_threshold": 7.814727903251179, "N_raw": 70, "N_roi": 70, "N_inlier": 67, "refit": true}
{"timestamp": "14:13:11.183177", "frame": 82, "mu": [-0.37326469607538637, 3.353471422067182, 1.413746364004278], "Sigma": [[0.014229035111732364, 0.001200282477521528, -0.002582331555336007], [0.001200282477521528, 0.0016854400326583206, -0.0024139580486744455], [-0.0025823315553360066, -0.0024139580486744455, 0.009756369808373057]], "chi2_level": 0.95, "chi2_df": 3, "chi2_threshold": 7.814727903251179, "N_raw": 37, "N_roi": 34, "N_inlier": 32, "refit": true}
{"timestamp": "14:13:11.238095", "frame": 83, "mu": [-0.27641754884938446, 3.2660259627697994, 1.2783748087794253], "Sigma": [[0.011998479555133414, -0.00043301864465048227, -0.00510864630600426], [-0.00043301864465048205, 0.0034001672436715473, -0.0010807775090871461], [-0.00510864630600426, -0.0010807775090871461, 0.00365283429675053]], "chi2_level": 0.95, "chi2_df": 3, "chi2_threshold": 7.814727903251179, "N_raw": 39, "N_roi": 39, "N_inlier": 37, "refit": true}
{"timestamp": "14:13:11.291456", "frame": 84, "mu": [-0.1995292533618465, 3.2995398521582935, 1.2936799412486568], "Sigma": [[0.012817512583883648, 0.00014271218169703564, -0.006093602700530578], [0.00014271218169703586, 0.001817031002027281, 0.0003496965399090278], [-0.006093602700530578, 0.0003496965399090279, 0.003473861594363511]], "chi2_level": 0.95, "chi2_df": 3, "chi2_threshold": 7.814727903251179, "N_raw": 30, "N_roi": 30, "N_inlier": 26, "refit": true}
{"timestamp": "14:13:11.344885", "frame": 85, "mu": [-0.2298446648008356, 3.366933619158925, 0.521709748465606], "Sigma": [[0.009336739855397558, 0.00012967769593272, 0.029793875818514975], [0.0001296776959327199, 0.009255481337135782, -0.04476513867169488], [0.02979387581851497, -0.04476513867169488, 0.44191529568044063]], "chi2_level": 0.95, "chi2_df": 3, "chi2_threshold": 7.814727903251179, "N_raw": 13, "N_roi": 11, "N_inlier": 10, "refit": true}
{"timestamp": "14:13:11.401381", "frame": 86, "mu": [-0.17673564361923333, 3.294861467176825, 1.2905871760496888], "Sigma": [[0.01197891944553199, -0.0004694701216989322, -0.005932323319260363], [-0.0004694701216989322, 0.00157490996442256, 0.0007538483579631205], [-0.005932323319260363, 0.0007538483579631205, 0.0036630301273705415]], "chi2_level": 0.95, "chi2_df": 3, "chi2_threshold": 7.814727903251179, "N_raw": 28, "N_roi": 28, "N_inlier": 24, "refit": true}
{"timestamp": "14:13:11.460134", "frame": 87, "mu": [-0.11485575820483504, 3.2828811098266546, 1.2121486895516946], "Sigma": [[0.014160663798382612, -0.0009336385831501707, -0.004030470930703248], [-0.0009336385831501707, 0.003942270294586305, -0.00029335762752239484], [-0.004030470930703248, -0.0002933576275223949, 0.002602514444201874]], "chi2_level": 0.95, "chi2_df": 3, "chi2_threshold": 7.814727903251179, "N_raw": 49, "N_roi": 49, "N_inlier": 45, "refit": true}
{"timestamp": "14:13:11.514084", "frame": 88, "mu": [-0.04413046255106835, 3.3145584279749527, 1.1000404909269546], "Sigma": [[0.012041319486738212, -0.0005806038873775431, -0.009564944885429333], [-0.0005806038873775433, 0.0035930610442581248, -0.0016442561736912497], [-0.009564944885429333, -0.0016442561736912495, 0.01053774666530879]], "chi2_level": 0.95, "chi2_df": 3, "chi2_threshold": 7.814727903251179, "N_raw": 45, "N_roi": 45, "N_inlier": 43, "refit": true}
{"timestamp": "14:13:11.568909", "frame": 89, "mu": [-0.0005444405484049323, 3.326735640723421, 1.2511602379385598], "Sigma": [[0.016464769493611132, 0.0008670370615708818, 0.0005743509918843347], [0.0008670370615708818, 0.004629900193843898, 0.004011441278375193], [0.0005743509918843348, 0.004011441278375192, 0.00411045696446343]], "chi2_level": 0.95, "chi2_df": 3, "chi2_threshold": 7.814727903251179, "N_raw": 42, "N_roi": 42, "N_inlier": 41, "refit": true}
