{"timestamp": "14:57:04.479441", "frame": 30, "mu": [-2.333337151373065, 4.320822825962716, 0.8181807448472713], "Sigma": [[0.04270116530189447, 0.011087688345880215, -0.1266406097084749], [0.011087688345880215, 0.008503340954224206, -0.03465756645353252], [-0.12664060970847493, -0.03465756645353252, 0.3964418443080666]], "chi2_level": 0.95, "chi2_df": 3, "chi2_threshold": 7.814727903251179, "N_raw": 28, "N_roi": 12, "N_inlier": 12, "refit": true}
{"timestamp": "14:57:04.536048", "frame": 31, "mu": [-2.346301710075329, 4.30189642916968, 1.027151847350347], "Sigma": [[0.01034312073899168, 0.004825889360571835, -0.006607783375900031], [0.004825889360571835, 0.005483053411098019, -0.008127220789973078], [-0.006607783375900031, -0.008127220789973078, 0.020861576563630586]], "chi2_level": 0.95, "chi2_df": 3, "chi2_threshold": 7.814727903251179, "N_raw": 43, "N_roi": 24, "N_inlier": 23, "refit": true}
{"timestamp": "14:57:04.592469", "frame": 32, "mu": [-2.345885137797135, 4.298916282579871, 1.1305449414626767], "Sigma": [[0.010596830511274611, 0.004253643421970568, -0.0035714380309960093], [0.004253643421970568, 0.003833253107680748, -0.00461519524375705], [-0.003571438030996009, -0.00461519524375705, 0.009430085616813008]], "chi2_level": 0.95, "chi2_df": 3, "chi2_threshold": 7.814727903251179, "N_raw": 37, "N_roi": 22, "N_inlier": 20, "refit": true}
{"timestamp": "14:57:04.648744", "frame": 33, "mu": [-2.2878238742338786, 4.280048167780457, 1.0428495519890388], "Sigma": [[0.017482252118338912, 0.006390570137570996, -0.010503853830236342], [0.006390570137570996, 0.00679472528447238, -0.008353329483185365], [-0.010503853830236342, -0.008353329483185365, 0.017450852869791315]], "chi2_level": 0.95, "chi2_df": 3, "chi2_threshold": 7.814727903251179, "N_raw": 46, "N_roi": 39, "N_inlier": 37, "refit": true}
{"timestamp": "14:57:04.700324", "frame": 34, "mu": [-2.232853858564819, 4.315941206066775, 1.009483153643273], "Sigma": [[0.029754751637752305, 0.010856398265018913, -0.07444300907677731], [0.010856398265018913, 0.005226663008170071, -0.026195737061409968], [-0.07444300907677731, -0.02619573706140997, 0.22060481406760546]], "chi2_level": 0.95, "chi2_df": 3, "chi2_threshold": 7.814727903251179, "N_raw": 15, "N_roi": 13, "N_inlier": 12, "refit": true}
{"timestamp": "14:57:04.867062", "frame": 37, "mu": [-2.148176729512823, 4.212827016380481, 1.0347470190965828], "Sigma": [[0.021151772392548257, 0.007035525739296965, -0.010695590174692174], [0.007035525739296965, 0.00494266866299492, -0.003730927006976215], [-0.010695590174692174, -0.0037309270069762154, 0.006613803502594351]], "chi2_level": 0.95, "chi2_df": 3, "chi2_threshold": 7.814727903251179, "N_raw": 31, "N_roi": 27, "N_inlier": 26, "refit": true}
{"timestamp": "14:57:04.925963", "frame": 38, "mu": [-2.106593955579123, 4.214823330547914, 0.9499965228288101], "Sigma": [[0.02542358554209118, 0.008759269270194396, -0.02933310551926911], [0.008759269270194396, 0.006843972006635051, -0.013836741727407679], [-0.029333105519269112, -0.013836741727407679, 0.04206145076815254]], "chi2_level": 0.95, "chi2_df": 3, "chi2_threshold": 7.814727903251179, "N_raw": 61, "N_roi": 47, "N_inlier": 47, "refit": true}
{"timestamp": "14:57:04.981618", "frame": 39, "mu": [-2.0497627469845683, 4.207960460012943, 0.9012081860540109], "Sigma": [[0.02889967327579191, 0.009583421788547439, -0.03333944895990193], [0.009583421788547439, 0.008254417689869372, -0.01683948790860095], [-0.03333944895990193, -0.016839487908600955, 0.048055991301480736]], "chi2_level": 0.95, "chi2_df": 3, "chi2_threshold": 7.814727903251179, "N_raw": 61, "N_roi": 59, "N_inlier": 57, "refit": true}
{"timestamp": "14:57:05.032862", "frame": 40, "mu": [-2.0368598629673316, 4.197936809537377, 1.0060142705512611], "Sigma": [[0.018419825665974932, 0.004773131335584876, -0.01780900510935313], [0.004773131335584876, 0.003933252727727444, -0.008156120560838188], [-0.01780900510935313, -0.008156120560838188, 0.026331963916260092]], "chi2_level": 0.95, "chi2_df": 3, "chi2_threshold": 7.814727903251179, "N_raw": 38, "N_roi": 38, "N_inlier": 36, "refit": true}
{"timestamp": "14:57:05.089275", "frame": 41, "mu": [-1.863351120797659, 4.304765639338961, 0.7802766649609487], "Sigma": [[0.032857741277030623, 0.004395649419517624, -0.022476115296373236], [0.004395649419517625, 0.005248302422019403, -0.0029953142839577443], [-0.022476115296373236, -0.0029953142839577443, 0.01732862127515772]], "chi2_level": 0.95, "chi2_df": 3, "chi2_threshold": 7.814727903251179, "N_raw": 45, "N_roi": 45, "N_inlier": 42, "refit": true}
{"timestamp": "14:57:05.304277", "frame": 45, "mu": [-1.5659355093911083, 4.367397280972614, 0.3954927873067883], "Sigma": [[0.01053481335202715, 0.0037872158279498636, -0.007850969980447459], [0.003787215827949863, 0.0026347703674151116, -0.00741020457630742], [-0.007850969980447459, -0.00741020457630742, 0.03132463775666086]], "chi2_level": 0.95, "chi2_df": 3, "chi2_threshold": 7.814727903251179, "N_raw": 18, "N_roi": 14, "N_inlier": 13, "refit": true}
{"timestamp": "14:57:05.366681", "frame": 46, "mu": [-1.668443914541682, 4.363191821067832, 1.1828471269387362], "Sigma": [[0.018813145383705612, 0.0069310528825744485, -0.009933855028218738], [0.0069310528825744485, 0.009781971433174844, 0.008182922645597945], [-0.009933855028218738, 0.008182922645597945, 0.050876636832709696]], "chi2_level": 0.95, "chi2_df": 3, "chi2_threshold": 7.814727903251179, "N_raw": 69, "N_roi": 33, "N_inlier": 31, "refit": true}
{"timestamp": "14:57:05.470091", "frame": 48, "mu": [-1.5140405638004903, 4.379634400777435, 1.108566544934448], "Sigma": [[0.013153515764509677, 0.0031615215869550246, -0.006684210079177327], [0.0031615215869550246, 0.0020072868024160534, -0.0020982671224693402], [-0.006684210079177327, -0.0020982671224693402, 0.00506209104198311]], "chi2_level": 0.95, "chi2_df": 3, "chi2_threshold": 7.814727903251179, "N_raw": 22, "N_roi": 19, "N_inlier": 18, "refit": true}
{"timestamp": "14:57:05.584142", "frame": 50, "mu": [-1.444455911395295, 4.3192390039969695, 1.1843514636601489], "Sigma": [[0.024342720947715946, 0.008504394545470003, -0.004096697907617628], [0.008504394545470004, 0.012543823427401504, 0.011438001129011978], [-0.004096697907617627, 0.011438001129011978, 0.019072433879442872]], "chi2_level": 0.95, "chi2_df": 3, "chi2_threshold": 7.814727903251179, "N_raw": 48, "N_roi": 45, "N_inlier": 45, "refit": true}
{"timestamp": "14:57:05.636811", "frame": 51, "mu": [-1.3384243589339588, 4.334804041334236, 1.0553383761307382], "Sigma": [[0.007707656931136303, 0.002194669306433032, -0.0005368272049559525], [0.002194669306433032, 0.007004336420796086, 0.007222468110918525], [-0.0005368272049559524, 0.007222468110918525, 0.009383024705347465]], "chi2_level": 0.95, "chi2_df": 3, "chi2_threshold": 7.814727903251179, "N_raw": 22, "N_roi": 19, "N_inlier": 18, "refit": true}
{"timestamp": "14:57:05.801691", "frame": 54, "mu": [-1.175995322959041, 4.32644490005985, 1.125030755564927], "Sigma": [[0.01653811870742966, 0.0015283333226874555, -0.00798368911509301], [0.0015283333226874555, 0.002930298123763592, 0.0016763465178392253], [-0.00798368911509301, 0.0016763465178392253, 0.006981007468972449]], "chi2_level": 0.95, "chi2_df": 3, "chi2_threshold": 7.814727903251179, "N_raw": 29, "N_roi": 26, "N_inlier": 24, "refit": true}
{"timestamp": "14:57:05.854778", "frame": 55, "mu": [-1.164875860817338, 4.255503467391691, 1.0014346244413663], "Sigma": [[0.009727298430195874, -4.0625292525684744e-05, -0.008531851755821565], [-4.062529252568496e-05, 0.0023268734004997654, 0.001226631682835681], [-0.008531851755821565, 0.0012266316828356812, 0.009238645754739887]], "chi2_level": 0.95, "chi2_df": 3, "chi2_threshold": 7.814727903251179, "N_raw": 19, "N_roi": 19, "N_inlier": 18, "refit": true}
{"timestamp": "14:57:05.970114", "frame": 57, "mu": [-1.0707611914493171, 4.314817584956393, 1.2047729745701357], "Sigma": [[0.022547825690930758, 0.0017271205029192238, -0.013903867933432831], [0.0017271205029192242, 0.007839110748071268, 0.005104736822681299], [-0.013903867933432831, 0.005104736822681299, 0.01470870274861116]], "chi2_level": 0.95, "chi2_df": 3, "chi2_threshold": 7.814727903251179, "N_raw": 53, "N_roi": 53, "N_inlier": 50, "refit": true}
{"timestamp": "14:57:06.025225", "frame": 58, "mu": [-0.9310320072974285, 4.330818439625331, 0.9349839935549599], "Sigma": [[0.046825488776316565, 0.006631158272263467, -0.07926784998377294], [0.006631158272263467, 0.006683580212333165, -0.016975949897871948], [-0.07926784998377293, -0.016975949897871948, 0.18887517812552723]], "chi2_level": 0.95, "chi2_df": 3, "chi2_threshold": 7.814727903251179, "N_raw": 55, "N_roi": 55, "N_inlier": 54, "refit": true}
{"timestamp": "14:57:06.079323", "frame": 59, "mu": [-0.9461362481067602, 4.398817033236793, 1.2645000249534613], "Sigma": [[0.02331787516755767, 0.0038195511974201462, -0.0032327325522669825], [0.0038195511974201454, 0.0022004563882102655, -0.0034598542174522993], [-0.0032327325522669825, -0.0034598542174522997, 0.010607303048855144]], "chi2_level": 0.95, "chi2_df": 3, "chi2_threshold": 7.814727903251179, "N_raw": 46, "N_roi": 42, "N_inlier": 36, "refit": true}
{"timestamp": "14:57:06.190562", "frame": 61, "mu": [-0.8259528991271522, 4.400882557464942, 1.2491026435006087], "Sigma": [[0.03419688648748729, 0.0022338025867341318, -0.014635610877660996], [0.0022338025867341318, 0.0031810335616408066, -0.0016555320388501886], [-0.014635610877660996, -0.0016555320388501886, 0.00809063909314089]], "chi2_level": 0.95, "chi2_df": 3, "chi2_threshold": 7.814727903251179, "N_raw": 51, "N_roi": 46, "N_inlier": 43, "refit": true}
{"timestamp": "14:57:06.297590", "frame": 63, "mu": [-0.7402366442563472, 4.293049976971096, 1.0658386815165524], "Sigma": [[0.022370896220186946, 0.0017505855254970667, -0.009408832339830114], [0.0017505855254970667, 0.00284221851454814, 0.00045247023954048], [-0.009408832339830114, 0.0004524702395404802, 0.006894357339817285]], "chi2_level": 0.95, "chi2_df": 3, "chi2_threshold": 7.814727903251179, "N_raw": 31, "N_roi": 27, "N_inlier": 24, "refit": true}
{"timestamp": "14:57:06.356158", "frame": 64, "mu": [-0.6645989484597743, 4.300604032365124, 1.0795108541565175], "Sigma": [[0.033616649738495416, 0.0008084551322148812, -0.016304827193601466], [0.0008084551322148821, 0.009281977104077221, 0.010172464591084673], [-0.016304827193601466, 0.010172464591084673, 0.02135881091148917]], "chi2_level": 0.95, "chi2_df": 3, "chi2_threshold": 7.814727903251179, "N_raw": 58, "N_roi": 54, "N_inlier": 53, "refit": true}
{"timestamp": "14:57:06.410253", "frame": 65, "mu": [-0.6739743711158199, 4.224649777583986, 0.8696532062956837], "Sigma": [[0.02629748190964012, 0.003211704909964054, -0.009012710996975542], [0.003211704909964054, 0.003653784308185507, -0.000876996155937575], [-0.009012710996975542, -0.0008769961559375749, 0.005446909673210552]], "chi2_level": 0.95, "chi2_df": 3, "chi2_threshold": 7.814727903251179, "N_raw": 43, "N_roi": 39, "N_inlier": 36, "refit": true}
{"timestamp": "14:57:06.466998", "frame": 66, "mu": [-0.6253650925330829, 4.405601299669657, 1.2409080329239073], "Sigma": [[0.033991239360573286, 0.003428559552649128, -0.007182087258184426], [0.003428559552649128, 0.005206903304552626, -0.00015037384196551579], [-0.007182087258184425, -0.00015037384196551579, 0.008021369954509635]], "chi2_level": 0.95, "chi2_df": 3, "chi2_threshold": 7.814727903251179, "N_raw": 71, "N_roi": 53, "N_inlier": 51, "refit": true}
{"timestamp": "14:57:06.519548", "frame": 67, "mu": [-0.6024808537576105, 4.339137516781303, 1.2437598294757863], "Sigma": [[0.02637492960912883, 0.00539076796783749, -0.0008266836662731815], [0.005390767967837491, 0.012662098673491889, 0.02028248778270348], [-0.0008266836662731807, 0.02028248778270348, 0.04198285589647481]], "chi2_level": 0.95, "chi2_df": 3, "chi2_threshold": 7.814727903251179, "N_raw": 50, "N_roi": 50, "N_inlier": 47, "refit": true}
{"timestamp": "14:57:06.570095", "frame": 68, "mu": [-0.37701714910284073, 4.429974941173563, 0.5822040645981729], "Sigma": [[0.0041394903699694926, 0.0024365022372128354, -0.009755325394457143], [0.0024365022372128354, 0.007072437139447674, -0.0008601632427212226], [-0.009755325394457144, -0.0008601632427212235, 0.07698842417920093]], "chi2_level": 0.95, "chi2_df": 3, "chi2_threshold": 7.814727903251179, "N_raw": 17, "N_roi": 11, "N_inlier": 10, "refit": true}
{"timestamp": "14:57:06.628741", "frame": 69, "mu": [-0.46888428633198437, 4.360840841811183, 1.080755173171573], "Sigma": [[0.03127794654598855, 0.00995232624708601, -0.022664668802079426], [0.00995232624708601, 0.011998081876036794, -0.018632132188451507], [-0.022664668802079423, -0.018632132188451507, 0.04091211362163093]], "chi2_level": 0.95, "chi2_df": 3, "chi2_threshold": 7.814727903251179, "N_raw": 48, "N_roi": 48, "N_inlier": 45, "refit": true}
{"timestamp": "14:57:06.682480", "frame": 70, "mu": [-0.39268800370108664, 4.334709212724704, 1.0730254463258195], "Sigma": [[0.01743582121429981, 0.009555394378131512, -0.007145322513149462], [0.009555394378131512, 0.011300778890618698, -0.002073659049387454], [-0.00714532251314946, -0.0020736590493874545, 0.046806039472959714]], "chi2_level": 0.95, "chi2_df": 3, "chi2_threshold": 7.814727903251179, "N_raw": 31, "N_roi": 31, "N_inlier": 29, "refit": true}
{"timestamp": "14:57:06.737887", "frame": 71, "mu": [-0.3106539836589502, 4.418507517194098, 1.3015279136321867], "Sigma": [[0.0226913154419092, 0.0015550554765056594, 0.0001471451705901492], [0.001555055476505659, 0.004041713916144848, 0.0025366252346597663], [0.0001471451705901492, 0.0025366252346597663, 0.005739104818901347]], "chi2_level": 0.95, "chi2_df": 3, "chi2_threshold": 7.814727903251179, "N_raw": 39, "N_roi": 39, "N_inlier": 36, "refit": true}
{"timestamp": "14:57:06.846851", "frame": 73, "mu": [-0.16423429365720604, 4.344210699647809, 1.17171746510092], "Sigma": [[0.017174908132273504, 0.0005363035160821386, -0.003864355555235997], [0.0005363035160821387, 0.003103874093563838, -0.0007061003570281889], [-0.003864355555235997, -0.0007061003570281889, 0.0026962871366396704]], "chi2_level": 0.95, "chi2_df": 3, "chi2_threshold": 7.814727903251179, "N_raw": 34, "N_roi": 34, "N_inlier": 33, "refit": true}
{"timestamp": "14:57:06.900762", "frame": 74, "mu": [-0.1807319539631205, 4.3598109693271905, 1.5214567900602867], "Sigma": [[0.0284926675936873, -0.000201490297024646, -0.014064879558845422], [-0.00020149029702464611, 0.0019984114685971657, 0.001973043637304348], [-0.014064879558845422, 0.001973043637304348, 0.010890116118466938]], "chi2_level": 0.95, "chi2_df": 3, "chi2_threshold": 7.814727903251179, "N_raw": 30, "N_roi": 30, "N_inlier": 28, "refit": true}
{"timestamp": "14:57:06.958141", "frame": 75, "mu": [-0.0886988673937959, 4.371760485593702, 1.3843648455863358], "Sigma": [[0.024672066550381316, -0.0025279721523944728, -0.021718434250505216], [-0.002527972152394473, 0.003364711154566987, 0.0020949268333561462], [-0.02171843425050521, 0.0020949268333561467, 0.021449799152462548]], "chi2_level": 0.95, "chi2_df": 3, "chi2_threshold": 7.814727903251179, "N_raw": 41, "N_roi": 41, "N_inlier": 39, "refit": true}
{"timestamp": "14:57:07.009749", "frame": 76, "mu": [-0.07700817354051316, 4.387088704384858, 0.48113548578127185], "Sigma": [[0.010359613014039093, -0.0008030813096052624, -0.000389797986495898], [-0.0008030813096052624, 0.001737129048776387, 0.0005866995883511265], [-0.000389797986495898, 0.0005866995883511265, 0.0002538932899232602]], "chi2_level": 0.95, "chi2_df": 3, "chi2_threshold": 7.814727903251179, "N_raw": 15, "N_roi": 13, "N_inlier": 12, "refit": true}
{"timestamp": "14:57:07.286705", "frame": 81, "mu": [0.19997864619688582, 4.313641358715715, 1.1601862558489406], "Sigma": [[0.010839906710374164, -0.0019412413538544959, -0.007812363767959837], [-0.0019412413538544959, 0.0020032632619377596, 0.0010526960301303777], [-0.007812363767959837, 0.0010526960301303775, 0.007213384367992833]], "chi2_level": 0.95, "chi2_df": 3, "chi2_threshold": 7.814727903251179, "N_raw": 36, "N_roi": 18, "N_inlier": 18, "refit": true}
{"timestamp": "14:57:07.342922", "frame": 82, "mu": [0.22631512547293872, 4.34348395181716, 1.3789785301461062], "Sigma": [[0.013854392890320217, -0.0025124234298850258, -0.007004876013435405], [-0.0025124234298850258, 0.002325337421127398, 0.0019140202370470456], [-0.007004876013435406, 0.0019140202370470456, 0.00545463212523276]], "chi2_level": 0.95, "chi2_df": 3, "chi2_threshold": 7.814727903251179, "N_raw": 41, "N_roi": 22, "N_inlier": 21, "refit": true}
{"timestamp": "14:57:07.453674", "frame": 84, "mu": [0.3384534492903072, 4.367926780572863, 1.297157261114929], "Sigma": [[0.0179231131710169, -0.00291005917126437, -0.012872289987454424], [-0.00291005917126437, 0.002577924071902061, 0.000950777225410123], [-0.012872289987454424, 0.000950777225410123, 0.013313929027433138]], "chi2_level": 0.95, "chi2_df": 3, "chi2_threshold": 7.814727903251179, "N_raw": 49, "N_roi": 33, "N_inlier": 30, "refit": true}
{"timestamp": "14:57:07.560542", "frame": 86, "mu": [0.3585587888031103, 4.402436696477691, 1.398737509483364], "Sigma": [[0.010088511938737992, -0.002682174596427204, -0.011416012768008233], [-0.002682174596427204, 0.002904997124283183, 0.004251653499040574], [-0.011416012768008233, 0.004251653499040574, 0.017009197593887825]], "chi2_level": 0.95, "chi2_df": 3, "chi2_threshold": 7.814727903251179, "N_raw": 25, "N_roi": 20, "N_inlier": 18, "refit": true}
{"timestamp": "14:57:07.616460", "frame": 87, "mu": [0.4310949758224156, 4.375361962948565, 1.2514693683107576], "Sigma": [[0.0162872223262393, -0.003646366207717469, -0.013166315207659684], [-0.003646366207717469, 0.0030016331679096767, 0.0029939867968475737], [-0.013166315207659684, 0.0029939867968475737, 0.01707275473117263]], "chi2_level": 0.95, "chi2_df": 3, "chi2_threshold": 7.814727903251179, "N_raw": 28, "N_roi": 25, "N_inlier": 24, "refit": true}
{"timestamp": "14:57:07.671043", "frame": 88, "mu": [0.5610668086365049, 4.3635349671634645, 0.9710349730887647], "Sigma": [[0.01518520688108614, -0.0032729911705490803, -0.0066112790763889345], [-0.0032729911705490803, 0.002324088995975586, 0.0013728695901411279], [-0.0066112790763889345, 0.0013728695901411279, 0.00627115183779513]], "chi2_level": 0.95, "chi2_df": 3, "chi2_threshold": 7.814727903251179, "N_raw": 25, "N_roi": 24, "N_inlier": 22, "refit": true}
{"timestamp": "14:57:07.784247", "frame": 90, "mu": [0.6677188840895886, 4.23954308249107, 0.948470913442419], "Sigma": [[0.027802779862813855, -0.006499102049931135, -0.0103120823310945], [-0.006499102049931135, 0.0037245401414341232, 0.0009150968675909685], [-0.010312082331094501, 0.0009150968675909686, 0.006814316668347001]], "chi2_level": 0.95, "chi2_df": 3, "chi2_threshold": 7.814727903251179, "N_raw": 46, "N_roi": 43, "N_inlier": 41, "refit": true}
{"timestamp": "14:57:07.836733", "frame": 91, "mu": [0.5815406029024487, 4.492311030566668, 1.631424797235004], "Sigma": [[0.017457345256756362, -0.00322873815027375, -0.02964653628341308], [-0.0032287381502737497, 0.002482213220388252, 0.008013872338534072], [-0.02964653628341308, 0.008013872338534074, 0.1048826324819498]], "chi2_level": 0.95, "chi2_df": 3, "chi2_threshold": 7.814727903251179, "N_raw": 21, "N_roi": 17, "N_inlier": 15, "refit": true}
{"timestamp": "14:57:07.889898", "frame": 92, "mu": [0.6551800921648359, 4.3696813637252125, 1.276369233160775], "Sigma": [[0.0072926460464058426, -0.0022850044731522225, -0.006520582097786276], [-0.0022850044731522225, 0.005771747912239682, 0.009035935988219782], [-0.006520582097786276, 0.009035935988219782, 0.017038459690881008]], "chi2_level": 0.95, "chi2_df": 3, "chi2_threshold": 7.814727903251179, "N_raw": 19, "N_roi": 15, "N_inlier": 13, "refit": true}
{"timestamp": "14:57:07.947828", "frame": 93, "mu": [0.7943191143304593, 4.3055624711872635, 1.0317609758195232], "Sigma": [[0.017472496506489278, -0.005580966193642579, -0.010552641718729452], [-0.005580966193642579, 0.004716101805700133, 0.00200324513485391], [-0.010552641718729452, 0.00200324513485391, 0.009414138198421148]], "chi2_level": 0.95, "chi2_df": 3, "chi2_threshold": 7.814727903251179, "N_raw": 37, "N_roi": 37, "N_inlier": 34, "refit": true}
{"timestamp": "14:57:08.001333", "frame": 94, "mu": [0.7990306477011004, 4.349904636856747, 1.0899957668043785], "Sigma": [[0.01415321756152787, -0.004735975087477635, -0.014815617844412468], [-0.004735975087477634, 0.0030577652850124902, 0.004437304285234924], [-0.014815617844412468, 0.004437304285234924, 0.018762778389385608]], "chi2_level": 0.95, "chi2_df": 3, "chi2_threshold": 7.814727903251179, "N_raw": 24, "N_roi": 24, "N_inlier": 21, "refit": true}
{"timestamp": "14:57:08.110373", "frame": 96, "mu": [0.902103923061944, 4.302936934624405, 0.9277480719731709], "Sigma": [[0.008777543079752344, -0.001750832983313641, -0.005383400385804926], [-0.001750832983313641, 0.0016180428978743082, 2.477893239836255e-05], [-0.005383400385804926, 2.4778932398362443e-05, 0.0061306666201114005]], "chi2_level": 0.95, "chi2_df": 3, "chi2_threshold": 7.814727903251179, "N_raw": 17, "N_roi": 16, "N_inlier": 15, "refit": true}
{"timestamp": "14:57:08.166061", "frame": 97, "mu": [0.9777225135071093, 4.413314369222605, 0.15260458047368602], "Sigma": [[0.008327829398235927, -0.0032136934072572853, 0.02426590038030534], [-0.0032136934072572853, 0.0038432184182457516, -0.019148675349724555], [0.024265900380305343, -0.019148675349724552, 0.24153348577880077]], "chi2_level": 0.95, "chi2_df": 3, "chi2_threshold": 7.814727903251179, "N_raw": 22, "N_roi": 19, "N_inlier": 17, "refit": true}
{"timestamp": "14:57:08.218965", "frame": 98, "mu": [0.9980437286248585, 4.380704566992976, 1.1110659475192954], "Sigma": [[0.0073632319160047525, -0.003148123431325924, 0.008113013818035635], [-0.003148123431325924, 0.004418615802052406, -0.008141673606246963], [0.008113013818035633, -0.008141673606246963, 0.023545103707379143]], "chi2_level": 0.95, "chi2_df": 3, "chi2_threshold": 7.814727903251179, "N_raw": 14, "N_roi": 11, "N_inlier": 10, "refit": true}
{"timestamp": "14:57:08.879455", "frame": 110, "mu": [1.5417628419780907, 4.358714766272138, 1.21061729331257], "Sigma": [[0.008552624540667929, -0.0031967634779085383, -0.009009498091798991], [-0.0031967634779085374, 0.0045114169479012756, 0.0037184966433371925], [-0.00900949809179899, 0.0037184966433371916, 0.013780471931712885]], "chi2_level": 0.95, "chi2_df": 3, "chi2_threshold": 7.814727903251179, "N_raw": 20, "N_roi": 17, "N_inlier": 15, "refit": true}
{"timestamp": "14:57:08.933400", "frame": 111, "mu": [1.5770039952808739, 4.30831247516408, 1.0475795931218264], "Sigma": [[0.010980444629012565, -0.004394124623094722, -0.008011103918151104], [-0.004394124623094722, 0.002698292600108985, 0.001628974243269723], [-0.008011103918151106, 0.001628974243269723, 0.01226682667012166]], "chi2_level": 0.95, "chi2_df": 3, "chi2_threshold": 7.814727903251179, "N_raw": 12, "N_roi": 12, "N_inlier": 11, "refit": true}
{"timestamp": "14:57:09.046393", "frame": 113, "mu": [1.7143033808717458, 4.209006506177134, 0.9093414635395015], "Sigma": [[0.011468251754956523, -0.005372681662079711, -0.005610075182967191], [-0.005372681662079711, 0.007643113631857701, 0.005118930374343279], [-0.005610075182967191, 0.005118930374343279, 0.0060010142991556705]], "chi2_level": 0.95, "chi2_df": 3, "chi2_threshold": 7.814727903251179, "N_raw": 25, "N_roi": 25, "N_inlier": 25, "refit": true}
{"timestamp": "14:57:09.157051", "frame": 115, "mu": [1.6815290772162466, 4.290061576715738, 0.9259146232738638], "Sigma": [[0.021098956474563654, -0.008241085950009492, -0.008275984259251239], [-0.008241085950009492, 0.006832618963042975, 0.0029824383652344217], [-0.008275984259251237, 0.0029824383652344217, 0.00543146447246982]], "chi2_level": 0.95, "chi2_df": 3, "chi2_threshold": 7.814727903251179, "N_raw": 33, "N_roi": 33, "N_inlier": 32, "refit": true}
{"timestamp": "14:57:09.211021", "frame": 116, "mu": [1.7736260412652773, 4.3497740667722615, -0.11492624863015359], "Sigma": [[0.021274589852845978, -0.004787664583098722, 0.016687438021816242], [-0.004787664583098722, 0.004042902033256627, 0.003265643663931926], [0.016687438021816242, 0.003265643663931926, 0.07255142850488706]], "chi2_level": 0.95, "chi2_df": 3, "chi2_threshold": 7.814727903251179, "N_raw": 27, "N_roi": 27, "N_inlier": 25, "refit": true}
{"timestamp": "14:57:09.268541", "frame": 117, "mu": [1.7403010428503125, 4.20874102871889, 0.8204343573894222], "Sigma": [[0.026787535504521794, -0.008853447419060068, -0.017595373235547926], [-0.008853447419060068, 0.004638484431973928, 0.0030328670676113036], [-0.017595373235547926, 0.003032867067611304, 0.01974156185355541]], "chi2_level": 0.95, "chi2_df": 3, "chi2_threshold": 7.814727903251179, "N_raw": 40, "N_roi": 40, "N_inlier": 39, "refit": true}
{"timestamp": "14:57:09.374748", "frame": 119, "mu": [1.8415712039821834, 4.102190389672345, 0.6538608405324706], "Sigma": [[0.010865084584004025, -0.003691303552630947, -0.008392960942030143], [-0.003691303552630947, 0.002209088303685828, 0.0011884793756751547], [-0.008392960942030145, 0.0011884793756751547, 0.016366808572687908]], "chi2_level": 0.95, "chi2_df": 3, "chi2_threshold": 7.814727903251179, "N_raw": 17, "N_roi": 17, "N_inlier": 16, "refit": true}
{"timestamp": "14:57:09.483685", "frame": 121, "mu": [1.8789363154905427, 3.9931303184071334, 0.691783120197777], "Sigma": [[0.012762244035412698, -0.006106232284494948, -0.006574326027892353], [-0.006106232284494948, 0.004001609820342812, 0.0026799104359266626], [-0.006574326027892353, 0.0026799104359266626, 0.012726137560186057]], "chi2_level": 0.95, "chi2_df": 3, "chi2_threshold": 7.814727903251179, "N_raw": 14, "N_roi": 14, "N_inlier": 12, "refit": true}
{"timestamp": "14:57:09.541819", "frame": 122, "mu": [1.844470223206968, 3.971535133905785, 0.7908968125672516], "Sigma": [[0.02302317816759052, -0.009809935065515602, -0.007070744598088392], [-0.009809935065515604, 0.00550622759352548, 0.0006305863000308478], [-0.007070744598088392, 0.0006305863000308476, 0.00949382545390408]], "chi2_level": 0.95, "chi2_df": 3, "chi2_threshold": 7.814727903251179, "N_raw": 37, "N_roi": 37, "N_inlier": 34, "refit": true}
{"timestamp": "14:57:09.593792", "frame": 123, "mu": [1.7887820358547624, 3.984963055146337, 0.9721897844756118], "Sigma": [[0.016423705102741448, -0.004857630973120756, -0.017041441884688133], [-0.004857630973120756, 0.002445954924479935, 0.004730709714768197], [-0.017041441884688133, 0.004730709714768197, 0.019524328038138913]], "chi2_level": 0.95, "chi2_df": 3, "chi2_threshold": 7.814727903251179, "N_raw": 12, "N_roi": 12, "N_inlier": 11, "refit": true}
{"timestamp": "14:57:09.650911", "frame": 124, "mu": [1.8002952973763984, 3.937383746189226, 0.8260466664509682], "Sigma": [[0.013874544744510517, -0.006762188170992461, -0.008522829994971979], [-0.006762188170992461, 0.0044263857738422435, 0.0022734866592737093], [-0.008522829994971979, 0.0022734866592737093, 0.013066516721792645]], "chi2_level": 0.95, "chi2_df": 3, "chi2_threshold": 7.814727903251179, "N_raw": 28, "N_roi": 28, "N_inlier": 26, "refit": true}
{"timestamp": "14:57:09.705371", "frame": 125, "mu": [1.6449466612348065, 4.013002516274132, 0.9789571128995007], "Sigma": [[0.008306798727982222, -0.0033225582215471055, -0.005512596317529209], [-0.003322558221547105, 0.0026921663072886812, 0.0010045500814700446], [-0.005512596317529209, 0.0010045500814700446, 0.006767135220146004]], "chi2_level": 0.95, "chi2_df": 3, "chi2_threshold": 7.814727903251179, "N_raw": 19, "N_roi": 16, "N_inlier": 16, "refit": true}
{"timestamp": "14:57:09.816514", "frame": 127, "mu": [1.7657563617231886, 3.8413983459260415, 0.8245129156255334], "Sigma": [[0.019125564688782924, -0.012312104190060538, -0.01233815976984931], [-0.01231210419006054, 0.008531603954889952, 0.006625776438453534], [-0.01233815976984931, 0.006625776438453534, 0.01633162567532446]], "chi2_level": 0.95, "chi2_df": 3, "chi2_threshold": 7.814727903251179, "N_raw": 30, "N_roi": 27, "N_inlier": 25, "refit": true}
{"timestamp": "14:57:09.874062", "frame": 128, "mu": [1.8028507868712431, 3.7974009027185147, 0.757456570352874], "Sigma": [[0.02072824290791494, -0.012245503127078117, -0.0074705025615415645], [-0.012245503127078115, 0.012969083090478025, 0.003433175235194397], [-0.0074705025615415645, 0.003433175235194397, 0.005913891375129392]], "chi2_level": 0.95, "chi2_df": 3, "chi2_threshold": 7.814727903251179, "N_raw": 49, "N_roi": 47, "N_inlier": 46, "refit": true}
{"timestamp": "14:57:09.926776", "frame": 129, "mu": [1.825592738746017, 3.745453946969416, 0.9463084654673771], "Sigma": [[0.016738802907067765, -0.008310250055778436, -0.011248903049011999], [-0.008310250055778436, 0.006205402600041258, 0.00312956423610467], [-0.011248903049011997, 0.0031295642361046706, 0.0126704318276981]], "chi2_level": 0.95, "chi2_df": 3, "chi2_threshold": 7.814727903251179, "N_raw": 32, "N_roi": 30, "N_inlier": 30, "refit": true}
{"timestamp": "14:57:09.986582", "frame": 130, "mu": [1.8216597718259901, 3.79973250593949, -0.5138623895087142], "Sigma": [[0.030482879542628606, -0.0017830032450196606, 0.037031689232445104], [-0.0017830032450196606, 0.005378645105918716, 0.0032859587179808027], [0.037031689232445104, 0.0032859587179808023, 0.1613020874499306]], "chi2_level": 0.95, "chi2_df": 3, "chi2_threshold": 7.814727903251179, "N_raw": 57, "N_roi": 54, "N_inlier": 54, "refit": true}
{"timestamp": "14:57:10.040448", "frame": 131, "mu": [1.7498891421869502, 3.6961987675341996, 0.8323550012081117], "Sigma": [[0.025445447153432655, -0.013637032996994957, -0.01475035233722303], [-0.013637032996994957, 0.009474872685499567, 0.003654517235157912], [-0.01475035233722303, 0.003654517235157912, 0.021705851480455687]], "chi2_level": 0.95, "chi2_df": 3, "chi2_threshold": 7.814727903251179, "N_raw": 51, "N_roi": 51, "N_inlier": 50, "refit": true}
{"timestamp": "14:57:10.100492", "frame": 132, "mu": [1.7751407431205544, 3.6617530755776575, -0.9663423551868715], "Sigma": [[0.02843495649368208, 0.002271062793495657, 0.05694215809946253], [0.002271062793495657, 0.00474233100310474, 0.013786455170826828], [0.05694215809946253, 0.013786455170826826, 0.21127916736238175]], "chi2_level": 0.95, "chi2_df": 3, "chi2_threshold": 7.814727903251179, "N_raw": 58, "N_roi": 57, "N_inlier": 56, "refit": true}
{"timestamp": "14:57:10.153428", "frame": 133, "mu": [1.7307342596546167, 3.6022399465564687, 0.7404787285561195], "Sigma": [[0.02682481534361113, -0.01831003636765514, -0.025945433009799374], [-0.01831003636765514, 0.015926737075555128, 0.010304872078654808], [-0.025945433009799374, 0.010304872078654806, 0.07021206571290492]], "chi2_level": 0.95, "chi2_df": 3, "chi2_threshold": 7.814727903251179, "N_raw": 74, "N_roi": 72, "N_inlier": 71, "refit": true}
{"timestamp": "14:57:10.201501", "frame": 134, "mu": [1.6880658373543884, 3.5695581554134876, 1.0060080598333], "Sigma": [[0.01643038288086174, -0.008773582238211636, -0.0061739031143229865], [-0.008773582238211636, 0.005745011913028435, 0.002534337446948829], [-0.0061739031143229865, 0.002534337446948829, 0.009772809432307869]], "chi2_level": 0.95, "chi2_df": 3, "chi2_threshold": 7.814727903251179, "N_raw": 25, "N_roi": 25, "N_inlier": 24, "refit": true}
{"timestamp": "14:57:10.258816", "frame": 135, "mu": [1.6477087348376438, 3.694476207065743, -0.4267347284840126], "Sigma": [[0.02177911878246839, -0.00261741066194366, 0.016907820849571632], [-0.00261741066194366, 0.006192733782569825, 0.007583705650958502], [0.016907820849571632, 0.007583705650958502, 0.09975687892144092]], "chi2_level": 0.95, "chi2_df": 3, "chi2_threshold": 7.814727903251179, "N_raw": 48, "N_roi": 48, "N_inlier": 47, "refit": true}
{"timestamp": "14:57:10.314036", "frame": 136, "mu": [1.7131006815491225, 3.429147879306899, 0.7615112941226314], "Sigma": [[0.02339149818592358, -0.016630062411100245, -0.021879495041389467], [-0.016630062411100245, 0.01473230244081608, 0.013007295261435419], [-0.021879495041389464, 0.013007295261435419, 0.029276566021320505]], "chi2_level": 0.95, "chi2_df": 3, "chi2_threshold": 7.814727903251179, "N_raw": 45, "N_roi": 45, "N_inlier": 43, "refit": true}
{"timestamp": "14:57:10.367650", "frame": 137, "mu": [1.5483264790770834, 3.565973337822207, 1.0204783345780912], "Sigma": [[0.008349669840285174, -0.004939591350123987, -0.0031327466888051263], [-0.004939591350123986, 0.004060614315198225, -0.002908511010955086], [-0.0031327466888051263, -0.002908511010955086, 0.03081392606270527]], "chi2_level": 0.95, "chi2_df": 3, "chi2_threshold": 7.814727903251179, "N_raw": 35, "N_roi": 35, "N_inlier": 33, "refit": true}
{"timestamp": "14:57:10.424635", "frame": 138, "mu": [1.578065264901841, 3.406294243615596, 0.8867181093458221], "Sigma": [[0.018037887876837175, -0.0146971113204158, -0.021224515546063166], [-0.0146971113204158, 0.017090642933857515, 0.01800850975624064], [-0.021224515546063166, 0.01800850975624064, 0.027143415428682198]], "chi2_level": 0.95, "chi2_df": 3, "chi2_threshold": 7.814727903251179, "N_raw": 45, "N_roi": 42, "N_inlier": 40, "refit": true}
{"timestamp": "14:57:10.478376", "frame": 139, "mu": [1.46543531627383, 3.658603220909188, -0.24202892198931691], "Sigma": [[0.016076088282618955, -0.0008113000490351451, 0.022207493071006824], [-0.0008113000490351451, 0.00398433790659678, -0.0006451581764683979], [0.022207493071006824, -0.0006451581764683977, 0.1237516050971818]], "chi2_level": 0.95, "chi2_df": 3, "chi2_threshold": 7.814727903251179, "N_raw": 43, "N_roi": 43, "N_inlier": 41, "refit": true}
{"timestamp": "14:57:10.531170", "frame": 140, "mu": [1.4411404387524562, 3.47178612663649, 0.9405313600455047], "Sigma": [[0.007731490848209887, -0.005087690667775084, -0.0025890548120695144], [-0.005087690667775084, 0.007394925891116363, -0.0008586848124153721], [-0.002589054812069514, -0.0008586848124153717, 0.019014518097083516]], "chi2_level": 0.95, "chi2_df": 3, "chi2_threshold": 7.814727903251179, "N_raw": 25, "N_roi": 25, "N_inlier": 22, "refit": true}
{"timestamp": "14:57:10.589323", "frame": 141, "mu": [1.40988721500959, 3.4094094911747392, 0.9643880830585453], "Sigma": [[0.017242516685186577, -0.01294485978636083, -0.01846286061375296], [-0.01294485978636083, 0.01585858624153738, 0.015785139240214657], [-0.01846286061375296, 0.015785139240214657, 0.02206438384647675]], "chi2_level": 0.95, "chi2_df": 3, "chi2_threshold": 7.814727903251179, "N_raw": 45, "N_roi": 45, "N_inlier": 42, "refit": true}
{"timestamp": "14:57:10.643744", "frame": 142, "mu": [1.3752032403592367, 3.3782564118458493, 0.8773498808926862], "Sigma": [[0.01814294767988645, -0.007830462811018839, -0.011828452163341933], [-0.007830462811018839, 0.009325460031607445, 0.006405961248489973], [-0.011828452163341933, 0.006405961248489973, 0.009376851164090786]], "chi2_level": 0.95, "chi2_df": 3, "chi2_threshold": 7.814727903251179, "N_raw": 49, "N_roi": 49, "N_inlier": 46, "refit": true}
{"timestamp": "14:57:10.695542", "frame": 143, "mu": [1.2445286346085898, 3.4677074023466785, 0.8610111928600406], "Sigma": [[0.009784584532902018, -0.006320390593385039, 0.0203196445452571], [-0.006320390593385039, 0.008689343957233498, -0.01879738554362699], [0.0203196445452571, -0.01879738554362699, 0.1879234295727813]], "chi2_level": 0.95, "chi2_df": 3, "chi2_threshold": 7.814727903251179, "N_raw": 20, "N_roi": 20, "N_inlier": 20, "refit": true}
{"timestamp": "14:57:10.807985", "frame": 145, "mu": [1.0958082967278704, 3.5716934763170585, 1.2556161665017598], "Sigma": [[0.01791827801258507, -0.011188694493666874, -0.016155891782214018], [-0.011188694493666872, 0.014051750186895194, 0.014055095030496944], [-0.016155891782214018, 0.014055095030496944, 0.019299061763488976]], "chi2_level": 0.95, "chi2_df": 3, "chi2_threshold": 7.814727903251179, "N_raw": 50, "N_roi": 50, "N_inlier": 46, "refit": true}
{"timestamp": "14:57:10.861869", "frame": 146, "mu": [0.9843768595190119, 3.6072402638388565, 1.2215177038659253], "Sigma": [[0.008757088230842237, -0.0042839483834324595, -0.007669978813615613], [-0.004283948383432459, 0.004410840816554433, 0.004557159690907465], [-0.007669978813615613, 0.004557159690907465, 0.00880925386377304]], "chi2_level": 0.95, "chi2_df": 3, "chi2_threshold": 7.814727903251179, "N_raw": 23, "N_roi": 23, "N_inlier": 20, "refit": true}
{"timestamp": "14:57:11.027771", "frame": 149, "mu": [0.8805154690436265, 3.6400013529053066, 1.2114986054356058], "Sigma": [[0.012317331683926538, -0.005548757213760348, -0.0046504115331410245], [-0.005548757213760348, 0.0063698523338678115, 0.0012028965572796937], [-0.0046504115331410245, 0.0012028965572796935, 0.005062400343997035]], "chi2_level": 0.95, "chi2_df": 3, "chi2_threshold": 7.814727903251179, "N_raw": 38, "N_roi": 38, "N_inlier": 35, "refit": true}
{"timestamp": "14:57:11.084557", "frame": 150, "mu": [0.8351192053439149, 3.577053490221223, 1.2710554364651419], "Sigma": [[0.015751071257982925, -0.007513458528333945, -0.016651992515824346], [-0.007513458528333945, 0.009931196494241148, 0.012753392838024537], [-0.016651992515824342, 0.012753392838024537, 0.03158410490407237]], "chi2_level": 0.95, "chi2_df": 3, "chi2_threshold": 7.814727903251179, "N_raw": 50, "N_roi": 50, "N_inlier": 47, "refit": true}
{"timestamp": "14:57:11.139605", "frame": 151, "mu": [0.8158506206729308, 3.5465931639669015, 1.0616765386621863], "Sigma": [[0.014421463551965507, -0.0033756122983519374, -0.00245147378061186], [-0.0033756122983519374, 0.007667545782550511, 0.0032283917995405195], [-0.0024514737806118603, 0.0032283917995405195, 0.00302309736844759]], "chi2_level": 0.95, "chi2_df": 3, "chi2_threshold": 7.814727903251179, "N_raw": 48, "N_roi": 47, "N_inlier": 46, "refit": true}
{"timestamp": "14:57:11.195229", "frame": 152, "mu": [0.7647261542529715, 3.4926827602338064, 1.0222599585859684], "Sigma": [[0.017447886977971498, -0.008418840781445405, -0.013333496356836937], [-0.008418840781445405, 0.010693176560251613, 0.010633199315235892], [-0.013333496356836939, 0.010633199315235892, 0.01803445792544702]], "chi2_level": 0.95, "chi2_df": 3, "chi2_threshold": 7.814727903251179, "N_raw": 55, "N_roi": 53, "N_inlier": 49, "refit": true}
{"timestamp": "14:57:11.248722", "frame": 153, "mu": [0.748526231226055, 3.534388489753279, -0.6639295368175673], "Sigma": [[0.011764994749747496, 0.003259386156497789, 0.0383419511709766], [0.003259386156497789, 0.005465556902309861, 0.006483687765898093], [0.0383419511709766, 0.006483687765898093, 0.2198768120539672]], "chi2_level": 0.95, "chi2_df": 3, "chi2_threshold": 7.814727903251179, "N_raw": 36, "N_roi": 36, "N_inlier": 34, "refit": true}
{"timestamp": "14:57:11.300979", "frame": 154, "mu": [0.70463857323649, 3.5177225415293383, 1.1140245670359297], "Sigma": [[0.009006602938935106, -0.003178243267028768, -0.004890494509874734], [-0.0031782432670287675, 0.003051161391669311, 0.0018212236547642574], [-0.004890494509874735, 0.0018212236547642574, 0.0035147369425023818]], "chi2_level": 0.95, "chi2_df": 3, "chi2_threshold": 7.814727903251179, "N_raw": 26, "N_roi": 25, "N_inlier": 21, "refit": true}
{"timestamp": "14:57:11.361633", "frame": 155, "mu": [0.629308245577094, 3.5263038983631056, 1.1136490641969068], "Sigma": [[0.021444968584260888, -0.008467491688192599, -0.01273254897925799], [-0.0084674916881926, 0.01219081774112636, 0.012774921671506696], [-0.01273254897925799, 0.012774921671506696, 0.015719813447492917]], "chi2_level": 0.95, "chi2_df": 3, "chi2_threshold": 7.814727903251179, "N_raw": 59, "N_roi": 59, "N_inlier": 57, "refit": true}
