{"timestamp": "14:50:44.972356", "frame": 38, "mu": [-2.435503496315202, 3.051860154879066, 0.9733490707871104], "Sigma": [[0.001252266199203222, -0.00034569246669866705, 0.00014731174376761899], [-0.00034569246669866716, 0.0028241585455410206, -0.0008888417677578888], [0.000147311743767619, -0.0008888417677578885, 0.00028206701085334377]], "chi2_level": 0.99, "chi2_df": 3, "chi2_threshold": 11.344866730144373, "N_raw": 52, "N_roi": 7, "N_inlier": 7, "refit": true}
{"timestamp": "14:50:45.190467", "frame": 42, "mu": [-2.3696494441719613, 2.9958320705423347, 0.9486091876984718], "Sigma": [[0.005321064203637794, 0.0028907278059240255, -0.002184426998571436], [0.0028907278059240255, 0.00448650048374413, -0.003699486474609723], [-0.002184426998571436, -0.0036994864746097227, 0.005055106358571937]], "chi2_level": 0.99, "chi2_df": 3, "chi2_threshold": 11.344866730144373, "N_raw": 36, "N_roi": 19, "N_inlier": 19, "refit": true}
{"timestamp": "14:50:45.355630", "frame": 45, "mu": [-2.2938430469641826, 3.020068244917756, 1.1766878009055932], "Sigma": [[0.012167454770983388, 0.0063631059966184605, -0.004451504696136329], [0.006363105996618462, 0.004260106133524541, -0.004540485183478039], [-0.004451504696136329, -0.004540485183478039, 0.009293814570547038]], "chi2_level": 0.99, "chi2_df": 3, "chi2_threshold": 11.344866730144373, "N_raw": 23, "N_roi": 21, "N_inlier": 21, "refit": true}
{"timestamp": "14:50:45.412034", "frame": 46, "mu": [-2.212238147087595, 3.1143460546919517, 0.11327470155199645], "Sigma": [[0.016216683616080425, 0.01126969759629458, -0.0014419486923295257], [0.01126969759629458, 0.010261047173419148, -0.0009649649010691234], [-0.0014419486923295255, -0.0009649649010691235, 0.0007434108757945544]], "chi2_level": 0.99, "chi2_df": 3, "chi2_threshold": 11.344866730144373, "N_raw": 30, "N_roi": 27, "N_inlier": 26, "refit": true}
{"timestamp": "14:50:45.464977", "frame": 47, "mu": [-2.1781986758529612, 2.945551683024141, 1.0938172450958037], "Sigma": [[0.008578606237510273, 0.0029022271475200624, -0.006917917670940556], [0.0029022271475200624, 0.004364919211681642, -0.0024256094501346375], [-0.006917917670940556, -0.0024256094501346375, 0.006531376663938554]], "chi2_level": 0.99, "chi2_df": 3, "chi2_threshold": 11.344866730144373, "N_raw": 19, "N_roi": 19, "N_inlier": 19, "refit": true}
{"timestamp": "14:50:45.518800", "frame": 48, "mu": [-2.144717977989765, 3.08347840203289, 1.487549103623182], "Sigma": [[0.007613934624373917, 0.0036896613673188983, -0.008373726748767232], [0.0036896613673188983, 0.002790016844480891, -0.004229909744515611], [-0.008373726748767232, -0.004229909744515611, 0.010709858522289001]], "chi2_level": 0.99, "chi2_df": 3, "chi2_threshold": 11.344866730144373, "N_raw": 11, "N_roi": 11, "N_inlier": 11, "refit": true}
{"timestamp": "14:50:45.628044", "frame": 50, "mu": [-2.1351627901581995, 3.11182390896109, 0.19394305292607203], "Sigma": [[0.000553322796786276, 0.0014272427130949024, -0.0016827391984177143], [0.0014272427130949026, 0.012546703207531845, -0.010354756076619107], [-0.001682739198417714, -0.010354756076619107, 0.010993354788416515]], "chi2_level": 0.99, "chi2_df": 3, "chi2_threshold": 11.344866730144373, "N_raw": 5, "N_roi": 5, "N_inlier": 5, "refit": true}
{"timestamp": "14:50:45.737774", "frame": 52, "mu": [-1.952210605977521, 3.131798235965382, 1.1475492931217797], "Sigma": [[0.005806224179283419, -0.0019360490989269636, 0.0006999482185724817], [-0.0019360490989269636, 0.0028207025221648157, -0.003480561097844291], [0.0006999482185724819, -0.0034805610978442905, 0.00499494679601773]], "chi2_level": 0.99, "chi2_df": 3, "chi2_threshold": 11.344866730144373, "N_raw": 5, "N_roi": 5, "N_inlier": 5, "refit": true}
{"timestamp": "14:50:45.795558", "frame": 53, "mu": [-2.0384369482448292, 3.070780228997995, 1.2786411681275975], "Sigma": [[0.00969564718453421, 0.0035845636568227097, 0.004731460820194348], [0.0035845636568227097, 0.0030620377226336527, -0.002810509790761268], [0.004731460820194348, -0.0028105097907612673, 0.06193122451741223]], "chi2_level": 0.99, "chi2_df": 3, "chi2_threshold": 11.344866730144373, "N_raw": 22, "N_roi": 21, "N_inlier": 19, "refit": true}
{"timestamp": "14:50:45.851045", "frame": 54, "mu": [-1.869070638561114, 3.117008370227742, 1.0602089612500478], "Sigma": [[0.011694175985367927, 0.0056330384112758215, -0.005235605162079826], [0.005633038411275821, 0.0030106567929054887, -0.0038628344202425386], [-0.005235605162079826, -0.0038628344202425386, 0.01210682697883601]], "chi2_level": 0.99, "chi2_df": 3, "chi2_threshold": 11.344866730144373, "N_raw": 23, "N_roi": 23, "N_inlier": 21, "refit": true}
{"timestamp": "14:50:45.957843", "frame": 56, "mu": [-1.7967057982984258, 3.04695447578718, 1.0243112003166013], "Sigma": [[0.0005805087514057952, 0.00019041348543408654, -0.0013584564909151044], [0.00019041348543408654, 0.00414853506222611, -0.007116314640953523], [-0.0013584564909151049, -0.007116314640953523, 0.01556535056893281]], "chi2_level": 0.99, "chi2_df": 3, "chi2_threshold": 11.344866730144373, "N_raw": 5, "N_roi": 5, "N_inlier": 5, "refit": true}
{"timestamp": "14:50:46.072776", "frame": 58, "mu": [-1.6935279274542006, 3.1609848595157155, 1.1814968537903945], "Sigma": [[0.014010828469917311, 0.007489224538212335, -0.02336082631380946], [0.007489224538212334, 0.0068754498923285145, -0.020145314766436072], [-0.02336082631380946, -0.020145314766436072, 0.07727480627333189]], "chi2_level": 0.99, "chi2_df": 3, "chi2_threshold": 11.344866730144373, "N_raw": 36, "N_roi": 33, "N_inlier": 32, "refit": true}
{"timestamp": "14:50:46.128793", "frame": 59, "mu": [-1.6871253017340384, 3.1050247427971884, 1.3122068142744472], "Sigma": [[0.02149428891334742, 0.006161518973044292, -0.016781688745114688], [0.006161518973044292, 0.0051816332069015, -0.006145638259990189], [-0.016781688745114688, -0.006145638259990188, 0.01501578456870438]], "chi2_level": 0.99, "chi2_df": 3, "chi2_threshold": 11.344866730144373, "N_raw": 47, "N_roi": 44, "N_inlier": 44, "refit": true}
{"timestamp": "14:50:46.184324", "frame": 60, "mu": [-1.5438242317250634, 3.117631531262828, 1.1246703139739205], "Sigma": [[0.02019549530586455, -0.004350816641492379, -0.03955812203690677], [-0.004350816641492379, 0.004618917924076627, 0.00894805909236534], [-0.03955812203690678, 0.00894805909236534, 0.08702812259892713]], "chi2_level": 0.99, "chi2_df": 3, "chi2_threshold": 11.344866730144373, "N_raw": 45, "N_roi": 42, "N_inlier": 42, "refit": true}
{"timestamp": "14:50:46.239985", "frame": 61, "mu": [-1.4787770415327894, 3.089148736076631, 1.0422401389364568], "Sigma": [[0.01797605808564585, -0.005383848608529299, -0.0399861562667158], [-0.005383848608529299, 0.005963990562265869, 0.010211816099366302], [-0.0399861562667158, 0.010211816099366302, 0.09737350756593809]], "chi2_level": 0.99, "chi2_df": 3, "chi2_threshold": 11.344866730144373, "N_raw": 53, "N_roi": 53, "N_inlier": 51, "refit": true}
{"timestamp": "14:50:46.294467", "frame": 62, "mu": [-1.4559046048409288, 3.1386838605145204, 0.8053361530305443], "Sigma": [[0.012928551748462915, 0.0014309004220429261, -0.020367673681406788], [0.0014309004220429261, 0.003540998473696518, 0.01882828798698593], [-0.020367673681406788, 0.01882828798698593, 0.35428044753767435]], "chi2_level": 0.99, "chi2_df": 3, "chi2_threshold": 11.344866730144373, "N_raw": 45, "N_roi": 45, "N_inlier": 45, "refit": true}
{"timestamp": "14:50:46.351513", "frame": 63, "mu": [-1.4204285631285156, 3.108163137922102, 0.8151733701171252], "Sigma": [[0.014024744751082856, -0.0011999410963441021, -0.030490267681286546], [-0.0011999410963441023, 0.004150318706320765, -0.010806840691269845], [-0.030490267681286546, -0.010806840691269847, 0.1670608037389578]], "chi2_level": 0.99, "chi2_df": 3, "chi2_threshold": 11.344866730144373, "N_raw": 60, "N_roi": 60, "N_inlier": 60, "refit": true}
{"timestamp": "14:50:46.403049", "frame": 64, "mu": [-1.370697409485188, 3.0991861350360956, 0.9830439795729814], "Sigma": [[0.013682895038862277, -0.0017972573002261278, -0.022449400255184014], [-0.001797257300226128, 0.0026910261718779346, 0.0001662474980577166], [-0.022449400255184014, 0.00016624749805771682, 0.05101968523093835]], "chi2_level": 0.99, "chi2_df": 3, "chi2_threshold": 11.344866730144373, "N_raw": 40, "N_roi": 40, "N_inlier": 38, "refit": true}
{"timestamp": "14:50:46.456895", "frame": 65, "mu": [-1.3981819350848184, 3.121248577257558, 1.016759901667016], "Sigma": [[0.008498253868893605, 0.0008202392385793797, -0.012971670034752927], [0.0008202392385793794, 0.002471778019557634, -0.005691731230072342], [-0.012971670034752926, -0.005691731230072342, 0.06927137700206547]], "chi2_level": 0.99, "chi2_df": 3, "chi2_threshold": 11.344866730144373, "N_raw": 33, "N_roi": 33, "N_inlier": 30, "refit": true}
{"timestamp": "14:50:46.514363", "frame": 66, "mu": [-1.3147893494099083, 3.188232947338898, 1.044237282243388], "Sigma": [[0.014245220018458444, 0.00513520793902457, -0.016027887184824008], [0.00513520793902457, 0.0047521472641089335, -0.01303719724262675], [-0.016027887184824008, -0.01303719724262675, 0.03952205831728317]], "chi2_level": 0.99, "chi2_df": 3, "chi2_threshold": 11.344866730144373, "N_raw": 47, "N_roi": 47, "N_inlier": 46, "refit": true}
{"timestamp": "14:50:46.570337", "frame": 67, "mu": [-1.2632531998825325, 3.177064018493195, 1.0496179943169945], "Sigma": [[0.019634128018525914, 0.0023462471218956235, -0.01880443670363059], [0.0023462471218956235, 0.0012791578746891676, -0.006223038319685122], [-0.01880443670363059, -0.006223038319685122, 0.04440702896643674]], "chi2_level": 0.99, "chi2_df": 3, "chi2_threshold": 11.344866730144373, "N_raw": 51, "N_roi": 51, "N_inlier": 50, "refit": true}
{"timestamp": "14:50:46.622484", "frame": 68, "mu": [-1.247870532836251, 3.1465137922186086, 1.1187554850058636], "Sigma": [[0.01296044564330513, -0.0010260202185469521, -0.019164263882227178], [-0.0010260202185469521, 0.00063788973251035, -0.0005725211440760355], [-0.019164263882227174, -0.0005725211440760358, 0.06619166879411213]], "chi2_level": 0.99, "chi2_df": 3, "chi2_threshold": 11.344866730144373, "N_raw": 30, "N_roi": 30, "N_inlier": 27, "refit": true}
{"timestamp": "14:50:46.676002", "frame": 69, "mu": [-1.1769022135432112, 3.1154410607595415, 0.7103651696026259], "Sigma": [[0.007901260881295873, 0.0005079432725402578, 0.009543473894564272], [0.0005079432725402578, 0.005100585905493577, -0.01764337670146792], [0.009543473894564274, -0.01764337670146792, 0.10497954775583881]], "chi2_level": 0.99, "chi2_df": 3, "chi2_threshold": 11.344866730144373, "N_raw": 23, "N_roi": 23, "N_inlier": 23, "refit": true}
{"timestamp": "14:50:46.736312", "frame": 70, "mu": [-1.1324841321550492, 3.1665661598266723, 1.0180299243418864], "Sigma": [[0.020444822706266907, 0.002858108729288723, -0.010090821281464666], [0.002858108729288723, 0.0023117005108560327, -0.006381034868861842], [-0.010090821281464666, -0.006381034868861842, 0.02144033142551481]], "chi2_level": 0.99, "chi2_df": 3, "chi2_threshold": 11.344866730144373, "N_raw": 61, "N_roi": 61, "N_inlier": 58, "refit": true}
{"timestamp": "14:50:46.786976", "frame": 71, "mu": [-1.0573015899841904, 3.154012223645286, 0.9138940490069243], "Sigma": [[0.00751851349635222, -0.001746092161250544, -0.011128742551343732], [-0.001746092161250544, 0.0015551618605773494, 0.0012515796578185647], [-0.011128742551343733, 0.0012515796578185649, 0.030780580918828425]], "chi2_level": 0.99, "chi2_df": 3, "chi2_threshold": 11.344866730144373, "N_raw": 22, "N_roi": 21, "N_inlier": 21, "refit": true}
{"timestamp": "14:50:46.843958", "frame": 72, "mu": [-1.0358384975710853, 3.1241755212326607, 1.0050974495598377], "Sigma": [[0.012824071089355021, 0.00026518330545901984, -0.01350351790969683], [0.0002651833054590199, 0.003865270246760209, -0.002624079496976636], [-0.01350351790969683, -0.002624079496976636, 0.017619602267123877]], "chi2_level": 0.99, "chi2_df": 3, "chi2_threshold": 11.344866730144373, "N_raw": 48, "N_roi": 48, "N_inlier": 47, "refit": true}
{"timestamp": "14:50:46.897003", "frame": 73, "mu": [-1.0391120116605235, 3.1027982205440447, 1.1587439302037466], "Sigma": [[0.012896797166934008, 0.001302777961556004, -0.007673893565575878], [0.001302777961556004, 0.0024761488881126846, 0.0003130797657766637], [-0.00767389356557588, 0.0003130797657766639, 0.0056293900388217745]], "chi2_level": 0.99, "chi2_df": 3, "chi2_threshold": 11.344866730144373, "N_raw": 29, "N_roi": 27, "N_inlier": 27, "refit": true}
{"timestamp": "14:50:46.953134", "frame": 74, "mu": [-0.9513861499922996, 3.0661858330855494, 1.0408001908502593], "Sigma": [[0.012200549423453713, 0.0006178026193255342, -0.008518693497384048], [0.0006178026193255342, 0.0019168459326611203, -0.002574789460607788], [-0.008518693497384046, -0.002574789460607788, 0.01036026335526564]], "chi2_level": 0.99, "chi2_df": 3, "chi2_threshold": 11.344866730144373, "N_raw": 38, "N_roi": 38, "N_inlier": 38, "refit": true}
{"timestamp": "14:50:47.009899", "frame": 75, "mu": [-0.8909987991648562, 3.1158661190947474, 1.0268883166314184], "Sigma": [[0.013245879238820762, 0.002447427501025571, -0.008102786125186761], [0.0024474275010255716, 0.004118498377826815, -0.004696579417368809], [-0.008102786125186761, -0.004696579417368809, 0.008996884674026994]], "chi2_level": 0.99, "chi2_df": 3, "chi2_threshold": 11.344866730144373, "N_raw": 54, "N_roi": 50, "N_inlier": 50, "refit": true}
{"timestamp": "14:50:47.065382", "frame": 76, "mu": [-0.8837822875595872, 3.1041681949034685, 1.0045330423608245], "Sigma": [[0.014235868118802569, 0.0006336209258450268, -0.009159236052917786], [0.0006336209258450268, 0.002158795303882217, -0.004369905709095874], [-0.009159236052917786, -0.004369905709095874, 0.017734795284371527]], "chi2_level": 0.99, "chi2_df": 3, "chi2_threshold": 11.344866730144373, "N_raw": 52, "N_roi": 52, "N_inlier": 52, "refit": true}
{"timestamp": "14:50:47.114543", "frame": 77, "mu": [-0.8263120539825596, 3.1468234937822, 0.5261409971195865], "Sigma": [[0.004930444609269737, 0.0019412135139982147, -0.034873634369891444], [0.001941213513998214, 0.003551859446891622, -0.01638643002990742], [-0.03487363436989145, -0.01638643002990742, 0.37857147003466834]], "chi2_level": 0.99, "chi2_df": 3, "chi2_threshold": 11.344866730144373, "N_raw": 9, "N_roi": 9, "N_inlier": 8, "refit": true}
{"timestamp": "14:50:47.222799", "frame": 79, "mu": [-0.5620769690620135, 2.695726402142965, 0.31480088928129546], "Sigma": [[0.1211946490015605, -0.4024773235090161, 0.23647152164163998], [-0.40247732350901605, 1.3638313799991597, -0.8433535885636823], [0.23647152164163998, -0.8433535885636823, 0.6189149612638652]], "chi2_level": 0.99, "chi2_df": 3, "chi2_threshold": 11.344866730144373, "N_raw": 5, "N_roi": 5, "N_inlier": 5, "refit": true}
{"timestamp": "14:50:47.332966", "frame": 81, "mu": [-0.7279953658120637, 3.1409799791009205, 0.11494592161086249], "Sigma": [[0.00830470387122965, 0.0036919611416612397, 0.04683976596529466], [0.0036919611416612397, 0.001788338399638856, 0.021515726617261078], [0.04683976596529466, 0.02151572661726108, 0.28857975536698954]], "chi2_level": 0.99, "chi2_df": 3, "chi2_threshold": 11.344866730144373, "N_raw": 5, "N_roi": 5, "N_inlier": 5, "refit": true}
{"timestamp": "14:50:47.553793", "frame": 85, "mu": [-0.6050661823135797, 3.2064125291348042, 0.3474828142095761], "Sigma": [[0.0003973809271756777, -0.00033755708725257186, 0.00766208095270019], [-0.00033755708725257197, 0.001921738368106275, -0.00042954328990261244], [0.00766208095270019, -0.000429543289902612, 0.1708583456975405]], "chi2_level": 0.99, "chi2_df": 3, "chi2_threshold": 11.344866730144373, "N_raw": 7, "N_roi": 6, "N_inlier": 6, "refit": true}
{"timestamp": "14:50:47.608962", "frame": 86, "mu": [-0.5405856765964616, 3.2503528482469894, 0.5104212084389856], "Sigma": [[0.0036782980789782094, -0.0009369653829498837, -0.03561090852863584], [-0.0009369653829498837, 0.0018837337887047962, 0.0096664261244873], [-0.03561090852863584, 0.0096664261244873, 0.3622504687108811]], "chi2_level": 0.99, "chi2_df": 3, "chi2_threshold": 11.344866730144373, "N_raw": 8, "N_roi": 8, "N_inlier": 8, "refit": true}
{"timestamp": "14:50:47.664785", "frame": 87, "mu": [-0.49416739017386785, 3.281076756211785, 0.5396369039662134], "Sigma": [[0.002333221527368712, 0.0001846221579451361, -0.030022913732620945], [0.00018462215794513615, 0.0010701167147185396, -0.006642246318427835], [-0.030022913732620945, -0.006642246318427835, 0.41733078212401087]], "chi2_level": 0.99, "chi2_df": 3, "chi2_threshold": 11.344866730144373, "N_raw": 11, "N_roi": 6, "N_inlier": 6, "refit": true}
{"timestamp": "14:50:47.719578", "frame": 88, "mu": [-0.4055701841078412, 3.3232151679907718, 0.9990095011413115], "Sigma": [[0.013103492435101963, -0.0027109255651949155, -0.05728408868619159], [-0.0027109255651949155, 0.004565910099610059, 0.002953644768700919], [-0.057284088686191593, 0.002953644768700919, 0.28665239984366]], "chi2_level": 0.99, "chi2_df": 3, "chi2_threshold": 11.344866730144373, "N_raw": 11, "N_roi": 8, "N_inlier": 8, "refit": true}
{"timestamp": "14:50:47.827535", "frame": 90, "mu": [-0.22857883138107782, 3.447137391538701, 0.5498058850729933], "Sigma": [[0.0008632820259240269, 0.0007000029778228453, -0.0013127162072750754], [0.0007000029778228453, 0.0014089313925172394, -0.01219650705222058], [-0.0013127162072750745, -0.01219650705222058, 0.21022927839041905]], "chi2_level": 0.99, "chi2_df": 3, "chi2_threshold": 11.344866730144373, "N_raw": 6, "N_roi": 6, "N_inlier": 6, "refit": true}
{"timestamp": "14:50:47.884003", "frame": 91, "mu": [-0.3088337676565431, 3.272793255247878, 1.2950580832613383], "Sigma": [[0.012665038754927421, 0.0008027200249039767, -0.019786340459047085], [0.0008027200249039765, 0.0010856826556344137, -0.003091194003184818], [-0.019786340459047085, -0.003091194003184818, 0.06845793412893926]], "chi2_level": 0.99, "chi2_df": 3, "chi2_threshold": 11.344866730144373, "N_raw": 14, "N_roi": 14, "N_inlier": 13, "refit": true}
{"timestamp": "14:50:48.000440", "frame": 93, "mu": [-0.20306297753150848, 3.283282054846633, 1.0131454124367965], "Sigma": [[0.016402697428385266, -0.0006765383149469902, -0.007148531160593794], [-0.0006765383149469903, 0.004063311613970844, -0.0017163928576192174], [-0.007148531160593794, -0.0017163928576192176, 0.004856455825936352]], "chi2_level": 0.99, "chi2_df": 3, "chi2_threshold": 11.344866730144373, "N_raw": 55, "N_roi": 55, "N_inlier": 52, "refit": true}
{"timestamp": "14:50:48.051720", "frame": 94, "mu": [-0.16869271935945068, 3.324237803556114, 1.3560319025535355], "Sigma": [[0.006636130161576505, 0.0004923334516320659, -0.003364598702526036], [0.0004923334516320659, 0.0018517575012069578, -0.002529036417546738], [-0.0033645987025260355, -0.002529036417546738, 0.017172141673828252]], "chi2_level": 0.99, "chi2_df": 3, "chi2_threshold": 11.344866730144373, "N_raw": 25, "N_roi": 25, "N_inlier": 24, "refit": true}
{"timestamp": "14:50:48.105432", "frame": 95, "mu": [-0.14792922744946266, 3.205325270039459, 1.1592334775157291], "Sigma": [[0.0121038377506815, -0.0006089945591217532, -0.004253859745468403], [-0.0006089945591217532, 0.0010063418929303293, -0.0009167861423545418], [-0.004253859745468403, -0.0009167861423545417, 0.003878381173022457]], "chi2_level": 0.99, "chi2_df": 3, "chi2_threshold": 11.344866730144373, "N_raw": 28, "N_roi": 28, "N_inlier": 26, "refit": true}
{"timestamp": "14:50:48.160149", "frame": 96, "mu": [-0.1459177262154889, 3.2502246144589426, 1.0124295002901729], "Sigma": [[0.0077405814305863685, -0.0016118808055593248, 0.017621341419389567], [-0.001611880805559325, 0.003443134862625493, -0.013930777044296202], [0.017621341419389567, -0.013930777044296202, 0.10105034574637645]], "chi2_level": 0.99, "chi2_df": 3, "chi2_threshold": 11.344866730144373, "N_raw": 16, "N_roi": 15, "N_inlier": 14, "refit": true}
{"timestamp": "14:50:48.212530", "frame": 97, "mu": [-0.04493809959540527, 2.948957292646675, 1.3020635817917265], "Sigma": [[0.0008976802929190085, -0.0019637021564540575, -0.0014518181174084579], [-0.0019637021564540575, 1.1364884855272472, -0.35623720147473037], [-0.0014518181174084574, -0.35623720147473037, 0.11846122312758499]], "chi2_level": 0.99, "chi2_df": 3, "chi2_threshold": 11.344866730144373, "N_raw": 6, "N_roi": 6, "N_inlier": 6, "refit": true}
{"timestamp": "14:50:48.268958", "frame": 98, "mu": [-0.05425525464176799, 3.291802982420182, 1.0725210190822534], "Sigma": [[0.004843919241335858, -0.0007170975990189003, -0.0006880534466605483], [-0.0007170975990189004, 0.0015059427550020478, -0.0002938476263426129], [-0.0006880534466605483, -0.0002938476263426129, 0.0003029783716683157]], "chi2_level": 0.99, "chi2_df": 3, "chi2_threshold": 11.344866730144373, "N_raw": 12, "N_roi": 12, "N_inlier": 11, "refit": true}
{"timestamp": "14:50:48.446321", "frame": 101, "mu": [0.10633025482865274, 3.222968183097513, 1.2309812727901228], "Sigma": [[0.011303100230128442, -0.0013369232759886979, -0.0027752452797450786], [-0.0013369232759886979, 0.0016229885786864981, 0.00012336205926774115], [-0.0027752452797450786, 0.0001233620592677411, 0.002198079842972283]], "chi2_level": 0.99, "chi2_df": 3, "chi2_threshold": 11.344866730144373, "N_raw": 27, "N_roi": 26, "N_inlier": 25, "refit": true}
{"timestamp": "14:50:48.493002", "frame": 102, "mu": [0.146320901631645, 3.2609068649255217, 1.2510069720454122], "Sigma": [[0.011314900165886084, -0.0013519279672824626, -0.0051782895469304115], [-0.0013519279672824626, 0.003055632565594966, -9.82117593265128e-05], [-0.0051782895469304115, -9.82117593265127e-05, 0.003938132205572184]], "chi2_level": 0.99, "chi2_df": 3, "chi2_threshold": 11.344866730144373, "N_raw": 38, "N_roi": 37, "N_inlier": 35, "refit": true}
{"timestamp": "14:50:48.546642", "frame": 103, "mu": [0.19420087315900766, 3.297635745744074, 1.1803273698444336], "Sigma": [[0.007010355110317019, -0.0012636599959611199, -0.0017964160260912057], [-0.0012636599959611199, 0.0020584368186521715, -0.0020374967813105785], [-0.0017964160260912057, -0.0020374967813105785, 0.005154303671099821]], "chi2_level": 0.99, "chi2_df": 3, "chi2_threshold": 11.344866730144373, "N_raw": 27, "N_roi": 27, "N_inlier": 27, "refit": true}
{"timestamp": "14:50:48.605057", "frame": 104, "mu": [0.216499551377535, 3.2557729954393517, 1.1964831338343793], "Sigma": [[0.013762192244661497, -0.0020942313312654667, -0.011581909629200964], [-0.0020942313312654667, 0.00243545085188971, -0.0008399926728746573], [-0.011581909629200964, -0.0008399926728746573, 0.026763194678815355]], "chi2_level": 0.99, "chi2_df": 3, "chi2_threshold": 11.344866730144373, "N_raw": 49, "N_roi": 49, "N_inlier": 46, "refit": true}
{"timestamp": "14:50:48.661833", "frame": 105, "mu": [0.2714338141015156, 3.289162511341683, 1.187213988620767], "Sigma": [[0.01386191314055442, -0.001817009265025807, -0.008457739546201147], [-0.001817009265025807, 0.003970206746256679, -0.0052118419571379505], [-0.008457739546201147, -0.0052118419571379505, 0.023032447950523248]], "chi2_level": 0.99, "chi2_df": 3, "chi2_threshold": 11.344866730144373, "N_raw": 66, "N_roi": 63, "N_inlier": 60, "refit": true}
{"timestamp": "14:50:48.712990", "frame": 106, "mu": [0.3116242734574593, 3.2349906703313636, 1.2868062731519891], "Sigma": [[0.010176934562356495, -0.0021437610911350952, -0.003886305933750884], [-0.002143761091135095, 0.0027250314888656283, 0.000878277974202236], [-0.003886305933750884, 0.0008782779742022359, 0.005450152982327711]], "chi2_level": 0.99, "chi2_df": 3, "chi2_threshold": 11.344866730144373, "N_raw": 29, "N_roi": 26, "N_inlier": 25, "refit": true}
{"timestamp": "14:50:48.767104", "frame": 107, "mu": [0.3309106700637489, 3.2977161043064793, 1.173743980477401], "Sigma": [[0.011045816046422225, -0.0015591182140653557, -0.003760851377060263], [-0.001559118214065356, 0.0019891606349737327, -0.0011175586589665706], [-0.003760851377060263, -0.0011175586589665704, 0.0045835482928741345]], "chi2_level": 0.99, "chi2_df": 3, "chi2_threshold": 11.344866730144373, "N_raw": 33, "N_roi": 33, "N_inlier": 32, "refit": true}
{"timestamp": "14:50:48.879288", "frame": 109, "mu": [0.4266756559199657, 3.303796889024966, 1.131845503737303], "Sigma": [[0.012408096780400899, -0.0022171054749372506, -0.007265520728435216], [-0.002217105474937251, 0.002261002292162266, -0.0033730038655418832], [-0.007265520728435216, -0.0033730038655418832, 0.028533288788071674]], "chi2_level": 0.99, "chi2_df": 3, "chi2_threshold": 11.344866730144373, "N_raw": 52, "N_roi": 50, "N_inlier": 48, "refit": true}
{"timestamp": "14:50:48.930384", "frame": 110, "mu": [0.482851710979419, 3.31272710416435, 0.7384208361345627], "Sigma": [[0.0025106055876989502, 0.00033403441692132687, -0.007083322605328279], [0.0003340344169213269, 0.0006193690461367077, -0.003660231582858659], [-0.00708332260532828, -0.0036602315828586592, 0.20806024929505582]], "chi2_level": 0.99, "chi2_df": 3, "chi2_threshold": 11.344866730144373, "N_raw": 15, "N_roi": 12, "N_inlier": 12, "refit": true}
{"timestamp": "14:50:48.983675", "frame": 111, "mu": [0.4340689517587759, 3.350589198738516, 0.8820439210260662], "Sigma": [[0.0015841233700833368, 0.0005916587219811156, -0.0008389575865030911], [0.0005916587219811156, 0.00466247847822657, 0.007038841903254583], [-0.000838957586503092, 0.007038841903254583, 0.3287452574630679]], "chi2_level": 0.99, "chi2_df": 3, "chi2_threshold": 11.344866730144373, "N_raw": 7, "N_roi": 7, "N_inlier": 7, "refit": true}
{"timestamp": "14:50:49.039357", "frame": 112, "mu": [0.5267665977221129, 3.3349007688823624, 0.881297616422599], "Sigma": [[0.007422846401925224, 0.0020396548129986074, -0.024609895733090685], [0.0020396548129986074, 0.0015485231180625645, -0.014346621359758237], [-0.024609895733090685, -0.014346621359758237, 0.2319800122082906]], "chi2_level": 0.99, "chi2_df": 3, "chi2_threshold": 11.344866730144373, "N_raw": 9, "N_roi": 7, "N_inlier": 7, "refit": true}
{"timestamp": "14:50:49.093402", "frame": 113, "mu": [0.5804780486362731, 3.3043265045931367, 0.7882996697094332], "Sigma": [[0.0035905021503784816, 0.000564496968697641, -0.027439835630474547], [0.000564496968697641, 0.003001721506911359, -0.008197262454920272], [-0.027439835630474547, -0.008197262454920272, 0.22735239946735847]], "chi2_level": 0.99, "chi2_df": 3, "chi2_threshold": 11.344866730144373, "N_raw": 8, "N_roi": 7, "N_inlier": 7, "refit": true}
{"timestamp": "14:50:49.153510", "frame": 114, "mu": [0.6118977997323551, 3.344889654911389, 1.218892692562246], "Sigma": [[0.013226442894348451, -0.00339369934834951, -0.0076653999756392185], [-0.00339369934834951, 0.004627892068084436, -0.00021917195671402256], [-0.0076653999756392185, -0.00021917195671402253, 0.007027789674419127]], "chi2_level": 0.99, "chi2_df": 3, "chi2_threshold": 11.344866730144373, "N_raw": 46, "N_roi": 45, "N_inlier": 44, "refit": true}
{"timestamp": "14:50:49.204084", "frame": 115, "mu": [0.6593705497581639, 3.2796865622201326, 0.8076427814533433], "Sigma": [[0.010159709328585665, 0.0055307005135997065, -0.03517124375254105], [0.0055307005135997065, 0.004113664832185778, -0.017687191433330904], [-0.03517124375254105, -0.0176871914333309, 0.21473276333268973]], "chi2_level": 0.99, "chi2_df": 3, "chi2_threshold": 11.344866730144373, "N_raw": 9, "N_roi": 7, "N_inlier": 7, "refit": true}
{"timestamp": "14:50:49.264127", "frame": 116, "mu": [0.7128602486978362, 3.2866654959213224, 1.0328834024946685], "Sigma": [[0.013442327137267668, -0.003723791348117688, -0.0025346277930625174], [-0.003723791348117688, 0.0032298001865424487, -0.003391047658502314], [-0.0025346277930625174, -0.003391047658502314, 0.010110020405732884]], "chi2_level": 0.99, "chi2_df": 3, "chi2_threshold": 11.344866730144373, "N_raw": 52, "N_roi": 47, "N_inlier": 47, "refit": true}
{"timestamp": "14:50:49.318236", "frame": 117, "mu": [0.7382992110287724, 3.2486968463878756, 0.9828669370344207], "Sigma": [[0.01165834136616718, -0.0027801858877899693, 0.0010737283184302528], [-0.0027801858877899693, 0.0024714541545426696, -0.002456204545497965], [0.0010737283184302526, -0.002456204545497965, 0.004705577694173049]], "chi2_level": 0.99, "chi2_df": 3, "chi2_threshold": 11.344866730144373, "N_raw": 37, "N_roi": 34, "N_inlier": 34, "refit": true}
{"timestamp": "14:50:49.422921", "frame": 119, "mu": [0.8580379311613722, 3.2592800924803127, 0.9496091989323647], "Sigma": [[0.0012675216124083612, 0.002133480859553256, -0.00214401090780614], [0.002133480859553256, 0.004079778788808603, -0.0033715452310103837], [-0.00214401090780614, -0.0033715452310103837, 0.00477237331978754]], "chi2_level": 0.99, "chi2_df": 3, "chi2_threshold": 11.344866730144373, "N_raw": 5, "N_roi": 5, "N_inlier": 5, "refit": true}
{"timestamp": "14:50:49.477768", "frame": 120, "mu": [0.8603756039875904, 3.35668494325106, 1.0249007735439428], "Sigma": [[0.0011956413742618772, 0.00035131445983862267, 0.007590129892505689], [0.00035131445983862256, 0.0026782943882451326, -0.006515327218292346], [0.007590129892505691, -0.006515327218292346, 0.11759468600807026]], "chi2_level": 0.99, "chi2_df": 3, "chi2_threshold": 11.344866730144373, "N_raw": 5, "N_roi": 5, "N_inlier": 5, "refit": true}
{"timestamp": "14:50:49.534435", "frame": 121, "mu": [0.9402851662351286, 3.2905458192995316, 0.8324821768717907], "Sigma": [[0.008820524598449219, -0.00723308295802085, 0.021152713977180857], [-0.00723308295802085, 0.010016281195312726, -0.02600015351559981], [0.021152713977180857, -0.02600015351559981, 0.08694412420592042]], "chi2_level": 0.99, "chi2_df": 3, "chi2_threshold": 11.344866730144373, "N_raw": 13, "N_roi": 13, "N_inlier": 13, "refit": true}
{"timestamp": "14:50:49.593726", "frame": 122, "mu": [0.9873942100650108, 3.259013145701228, 1.0493384112453168], "Sigma": [[0.014846915134472482, -0.005554175651034075, -0.0049731712631338465], [-0.005554175651034075, 0.0034846055083280402, -0.0010383644750793265], [-0.0049731712631338465, -0.0010383644750793265, 0.010188411572926577]], "chi2_level": 0.99, "chi2_df": 3, "chi2_threshold": 11.344866730144373, "N_raw": 43, "N_roi": 42, "N_inlier": 38, "refit": true}
{"timestamp": "14:50:49.650357", "frame": 123, "mu": [1.055214209983075, 3.268682833818967, 1.0340750746416936], "Sigma": [[0.018308777447952083, -0.007057313241546225, -0.0068478762948147864], [-0.007057313241546225, 0.006384175902041884, -0.0006204993319127258], [-0.0068478762948147864, -0.000620499331912726, 0.007047641228006353]], "chi2_level": 0.99, "chi2_df": 3, "chi2_threshold": 11.344866730144373, "N_raw": 55, "N_roi": 53, "N_inlier": 51, "refit": true}
{"timestamp": "14:50:49.700604", "frame": 124, "mu": [1.0530472765429575, 3.261935261991719, 1.2932458422434354], "Sigma": [[0.007566887663969031, -0.004576077226055691, -0.003050403506454473], [-0.004576077226055691, 0.006546917387254744, 0.0009096054307069132], [-0.003050403506454473, 0.0009096054307069132, 0.0040747343202589366]], "chi2_level": 0.99, "chi2_df": 3, "chi2_threshold": 11.344866730144373, "N_raw": 15, "N_roi": 15, "N_inlier": 13, "refit": true}
{"timestamp": "14:50:49.758871", "frame": 125, "mu": [1.086955877780234, 3.315492409646418, 1.1110113334556917], "Sigma": [[0.017783013232444647, -0.006474800126690201, -0.006363073903280214], [-0.006474800126690201, 0.0049206699447031646, 0.00035380205975198663], [-0.006363073903280214, 0.0003538020597519865, 0.0050873905926540055]], "chi2_level": 0.99, "chi2_df": 3, "chi2_threshold": 11.344866730144373, "N_raw": 43, "N_roi": 43, "N_inlier": 39, "refit": true}
{"timestamp": "14:50:49.807941", "frame": 126, "mu": [1.1465097180845276, 3.2321939725530013, 0.532017393415335], "Sigma": [[0.0015997291418437106, -0.0010562888184377731, -0.001524806960732753], [-0.001056288818437773, 0.004026466191739164, 0.028139808086606315], [-0.0015248069607327538, 0.028139808086606318, 0.5566304539230169]], "chi2_level": 0.99, "chi2_df": 3, "chi2_threshold": 11.344866730144373, "N_raw": 6, "N_roi": 6, "N_inlier": 6, "refit": true}
{"timestamp": "14:50:49.868094", "frame": 127, "mu": [1.1986229491659124, 3.302146714156697, 1.2110996256304518], "Sigma": [[0.018085897735817, -0.0068663520297399215, -0.006563401941190502], [-0.0068663520297399215, 0.005202394415599019, 0.00036120858374358083], [-0.006563401941190502, 0.00036120858374358083, 0.005532932763144173]], "chi2_level": 0.99, "chi2_df": 3, "chi2_threshold": 11.344866730144373, "N_raw": 41, "N_roi": 41, "N_inlier": 39, "refit": true}
{"timestamp": "14:50:49.923886", "frame": 128, "mu": [1.190339987145129, 3.36412912390108, 1.1723125207022027], "Sigma": [[0.017241315787051528, -0.00676377268918501, -0.007615505359699027], [-0.006763772689185011, 0.004247932535532024, 0.0001237293750540244], [-0.007615505359699027, 0.0001237293750540244, 0.01170913070875725]], "chi2_level": 0.99, "chi2_df": 3, "chi2_threshold": 11.344866730144373, "N_raw": 41, "N_roi": 39, "N_inlier": 36, "refit": true}
{"timestamp": "14:50:49.977022", "frame": 129, "mu": [1.29208931251886, 3.247831349800337, 1.143471965482509], "Sigma": [[0.011484323547895055, -0.004328566633914257, -0.006445331272571031], [-0.004328566633914257, 0.003302830041505711, -0.0004961457088578985], [-0.006445331272571031, -0.0004961457088578987, 0.011559662057216537]], "chi2_level": 0.99, "chi2_df": 3, "chi2_threshold": 11.344866730144373, "N_raw": 34, "N_roi": 34, "N_inlier": 32, "refit": true}
{"timestamp": "14:50:50.035131", "frame": 130, "mu": [1.3282712120414932, 3.2775434023250103, 1.0915053939476012], "Sigma": [[0.014875975404534237, -0.004366320636471559, -0.0066010626750729945], [-0.004366320636471559, 0.004757585238097855, -0.002913418289216787], [-0.006601062675072995, -0.002913418289216787, 0.011331077383322084]], "chi2_level": 0.99, "chi2_df": 3, "chi2_threshold": 11.344866730144373, "N_raw": 52, "N_roi": 52, "N_inlier": 49, "refit": true}
{"timestamp": "14:50:50.085429", "frame": 131, "mu": [1.37892703915511, 3.260399014934841, 1.1869352063899876], "Sigma": [[0.005206831531308606, -0.0014520818505899867, -0.0016949542882536504], [-0.0014520818505899867, 0.0021198299111214254, -0.0022307117227831495], [-0.0016949542882536504, -0.0022307117227831495, 0.008883591390809221]], "chi2_level": 0.99, "chi2_df": 3, "chi2_threshold": 11.344866730144373, "N_raw": 18, "N_roi": 17, "N_inlier": 16, "refit": true}
{"timestamp": "14:50:50.144354", "frame": 132, "mu": [1.4047095624805308, 3.421652591648281, 0.04166228081967097], "Sigma": [[0.01580942514071221, -0.005271902472995649, -0.00622838866503418], [-0.005271902472995649, 0.007828676096403428, -0.0006537897731486795], [-0.00622838866503418, -0.0006537897731486795, 0.004559413081309734]], "chi2_level": 0.99, "chi2_df": 3, "chi2_threshold": 11.344866730144373, "N_raw": 53, "N_roi": 53, "N_inlier": 50, "refit": true}
{"timestamp": "14:50:50.194356", "frame": 133, "mu": [1.443648153319115, 3.229051876421123, 0.6314760271639146], "Sigma": [[0.0017893009634945437, 0.0007208977805711838, 0.02033728099512572], [0.0007208977805711838, 0.0050274153693231575, 0.013532566685757861], [0.02033728099512572, 0.013532566685757861, 0.33484429038449043]], "chi2_level": 0.99, "chi2_df": 3, "chi2_threshold": 11.344866730144373, "N_raw": 9, "N_roi": 7, "N_inlier": 7, "refit": true}
{"timestamp": "14:50:50.249352", "frame": 134, "mu": [1.4461442376080567, 3.065966959501698, 0.7337674790459974], "Sigma": [[0.0006583387107647316, -0.012633079206750832, -0.022640222558985484], [-0.012633079206750834, 0.5983878761911341, 0.7448823256753837], [-0.022640222558985484, 0.7448823256753837, 1.0980540079781465]], "chi2_level": 0.99, "chi2_df": 3, "chi2_threshold": 11.344866730144373, "N_raw": 7, "N_roi": 7, "N_inlier": 7, "refit": true}
{"timestamp": "14:50:50.308437", "frame": 135, "mu": [1.4876245218415665, 3.3298130928321417, 1.1886873774229796], "Sigma": [[0.01880984604664037, -0.008365278742352142, -0.010133332187092817], [-0.008365278742352142, 0.007040589770652431, 0.002415443791695098], [-0.010133332187092817, 0.002415443791695098, 0.009712614601877438]], "chi2_level": 0.99, "chi2_df": 3, "chi2_threshold": 11.344866730144373, "N_raw": 46, "N_roi": 46, "N_inlier": 44, "refit": true}
{"timestamp": "14:50:50.413354", "frame": 137, "mu": [1.4238273561602586, 3.399344312791385, 1.3600309319437511], "Sigma": [[0.0020211585630555587, -0.00019951606443856918, 9.433346388961728e-05], [-0.00019951606443856915, 0.0026123553439896955, -0.0005272536612964087], [9.433346388961728e-05, -0.0005272536612964086, 0.0001089141248585835]], "chi2_level": 0.99, "chi2_df": 3, "chi2_threshold": 11.344866730144373, "N_raw": 10, "N_roi": 7, "N_inlier": 7, "refit": true}
{"timestamp": "14:50:50.579765", "frame": 140, "mu": [1.6677753031365763, 3.3383035943151635, 0.9137209431918419], "Sigma": [[0.014608579488923851, -0.005347425791896527, -0.0010552574009319348], [-0.005347425791896527, 0.004997780873922338, 0.0025422819034323168], [-0.0010552574009319348, 0.0025422819034323168, 0.0025391842870192477]], "chi2_level": 0.99, "chi2_df": 3, "chi2_threshold": 11.344866730144373, "N_raw": 22, "N_roi": 22, "N_inlier": 22, "refit": true}
{"timestamp": "14:50:50.635761", "frame": 141, "mu": [1.6648241064091778, 3.4404775983446747, 0.15975076242541086], "Sigma": [[0.01221190644909866, -0.00450433645598132, -0.006671225095405482], [-0.00450433645598132, 0.004593653208035101, -0.001147394351583125], [-0.006671225095405483, -0.001147394351583125, 0.009861270513840212]], "chi2_level": 0.99, "chi2_df": 3, "chi2_threshold": 11.344866730144373, "N_raw": 23, "N_roi": 23, "N_inlier": 23, "refit": true}
{"timestamp": "14:50:50.742764", "frame": 143, "mu": [1.4932567300678907, 2.902413485849255, 1.349074920808401], "Sigma": [[0.36072650757691854, 0.6369519681850798, -0.1823646865915218], [0.6369519681850798, 1.135621267078232, -0.32535240152891476], [-0.1823646865915218, -0.3253524015289148, 0.09321924691971036]], "chi2_level": 0.99, "chi2_df": 3, "chi2_threshold": 11.344866730144373, "N_raw": 5, "N_roi": 5, "N_inlier": 5, "refit": true}
{"timestamp": "14:50:50.800823", "frame": 144, "mu": [1.809850237027106, 3.3945093886294315, 1.0504275879446705], "Sigma": [[0.009065211974683773, -0.0040644411988280844, 0.006657581628364109], [-0.0040644411988280844, 0.002753803424484401, -0.00515896555471626], [0.006657581628364109, -0.00515896555471626, 0.08481788243719161]], "chi2_level": 0.99, "chi2_df": 3, "chi2_threshold": 11.344866730144373, "N_raw": 20, "N_roi": 18, "N_inlier": 18, "refit": true}
{"timestamp": "14:50:50.909515", "frame": 146, "mu": [1.8090272245981698, 3.594717244228499, -0.13464408897000357], "Sigma": [[0.0004852552981834724, 0.0031750152052186123, -0.008314336462245834], [0.0031750152052186127, 0.025879697824312577, -0.0732249076366791], [-0.008314336462245834, -0.0732249076366791, 0.2157369029280979]], "chi2_level": 0.99, "chi2_df": 3, "chi2_threshold": 11.344866730144373, "N_raw": 7, "N_roi": 5, "N_inlier": 5, "refit": true}
{"timestamp": "14:50:50.965986", "frame": 147, "mu": [1.7802006584941346, 3.393807113696432, 1.3451890880098663], "Sigma": [[0.009951849546832378, -0.005107982824208714, -0.0018080079614594714], [-0.005107982824208714, 0.0043597599513128795, -0.00012967936420656205], [-0.0018080079614594716, -0.00012967936420656216, 0.0028080964446685706]], "chi2_level": 0.99, "chi2_df": 3, "chi2_threshold": 11.344866730144373, "N_raw": 23, "N_roi": 21, "N_inlier": 21, "refit": true}
{"timestamp": "14:50:51.018877", "frame": 148, "mu": [1.8991136352668412, 3.4209910786517543, 0.928239457202866], "Sigma": [[0.01066455356238395, 0.0025302395747556277, -0.011443623236729443], [0.002530239574755628, 0.005908495052831726, -0.02963037092592701], [-0.011443623236729447, -0.02963037092592701, 0.15858188079094634]], "chi2_level": 0.99, "chi2_df": 3, "chi2_threshold": 11.344866730144373, "N_raw": 7, "N_roi": 7, "N_inlier": 7, "refit": true}
