{"timestamp": "15:33:27.291369", "frame": 1, "mu": [-2.1902437271102366, 4.57688374790074, -0.8692813642714868], "Sigma": [[0.4598975209116894, -0.8993631143286265, 0.22204262486309723], [-0.8993631143286264, 1.7853340148089734, -0.4358630214584982], [0.2220426248630972, -0.4358630214584982, 0.11306851692743511]], "chi2_level": 0.99, "chi2_df": 3, "chi2_threshold": 11.344866730144373, "N_raw": 56, "N_roi": 7, "N_inlier": 7, "refit": true}
{"timestamp": "15:33:27.452564", "frame": 4, "mu": [-2.3571154744928102, 4.9539363038400275, 0.929349800428762], "Sigma": [[0.008027257323936377, -0.00039298006560966995, -0.007486395029317317], [-0.00039298006560966995, 0.0008291540098463859, 0.0015424111489875099], [-0.007486395029317317, 0.0015424111489875099, 0.008838258397619796]], "chi2_level": 0.99, "chi2_df": 3, "chi2_threshold": 11.344866730144373, "N_raw": 29, "N_roi": 7, "N_inlier": 7, "refit": true}
{"timestamp": "15:33:27.725587", "frame": 9, "mu": [-2.0912855686403793, 4.508041353678311, 1.2087608576466171], "Sigma": [[0.4911644455208884, -0.9831057344749041, 0.2179866023310533], [-0.9831057344749042, 1.983150623406446, -0.4457279427039593], [0.2179866023310533, -0.4457279427039593, 0.10454733866821979]], "chi2_level": 0.99, "chi2_df": 3, "chi2_threshold": 11.344866730144373, "N_raw": 22, "N_roi": 6, "N_inlier": 6, "refit": true}
{"timestamp": "15:33:27.838577", "frame": 11, "mu": [-2.281710311226454, 4.9731791135148935, 0.9560468820135368], "Sigma": [[0.012652148851212868, 2.839834135220671e-08, -0.00775532585535656], [2.839834135209829e-08, 0.000328543826828139, -0.00019932316210045898], [-0.00775532585535656, -0.0001993231621004591, 0.006051665602277001]], "chi2_level": 0.99, "chi2_df": 3, "chi2_threshold": 11.344866730144373, "N_raw": 36, "N_roi": 8, "N_inlier": 8, "refit": true}
{"timestamp": "15:33:27.946621", "frame": 13, "mu": [-2.2738653330321856, 4.963640226515848, 0.947415038748341], "Sigma": [[0.018547245818576797, 0.002746799299380472, -0.019408100729420605], [0.002746799299380472, 0.0009179375718196989, -0.003125087369186849], [-0.019408100729420605, -0.003125087369186849, 0.023241180829812733]], "chi2_level": 0.99, "chi2_df": 3, "chi2_threshold": 11.344866730144373, "N_raw": 30, "N_roi": 12, "N_inlier": 11, "refit": true}
{"timestamp": "15:33:28.000790", "frame": 14, "mu": [-2.290878666660637, 4.968024693236372, 0.957104583357295], "Sigma": [[0.00873350843078109, 8.888214264660176e-05, -0.007172663979453164], [8.888214264660165e-05, 0.0005393205790382008, -0.0005508202108310879], [-0.007172663979453163, -0.0005508202108310879, 0.011342483323819928]], "chi2_level": 0.99, "chi2_df": 3, "chi2_threshold": 11.344866730144373, "N_raw": 22, "N_roi": 10, "N_inlier": 9, "refit": true}
{"timestamp": "15:33:28.168555", "frame": 17, "mu": [-2.3145760460780456, 4.938863320965205, 0.9099355841352635], "Sigma": [[0.014152756678321792, 0.0005134726725082269, -0.0036491618852061264], [0.0005134726725082269, 0.0010546776775520676, -0.0014860877801682612], [-0.003649161885206127, -0.0014860877801682612, 0.00813244842074892]], "chi2_level": 0.99, "chi2_df": 3, "chi2_threshold": 11.344866730144373, "N_raw": 35, "N_roi": 19, "N_inlier": 18, "refit": true}
{"timestamp": "15:33:28.220765", "frame": 18, "mu": [-2.2827316643246065, 4.950778019919065, 0.6951055328506037], "Sigma": [[0.025122031823157198, 0.00196897870613578, -0.014052579620725106], [0.00196897870613578, 0.0005525578413989774, -0.001413123202624102], [-0.014052579620725106, -0.001413123202624102, 0.011328146426984683]], "chi2_level": 0.99, "chi2_df": 3, "chi2_threshold": 11.344866730144373, "N_raw": 16, "N_roi": 10, "N_inlier": 9, "refit": true}
{"timestamp": "15:33:28.274055", "frame": 19, "mu": [-2.1113377519567593, 4.9056982823239155, 0.4353248851915376], "Sigma": [[0.022836927593063674, -0.008617954319892929, -0.016969873891498774], [-0.008617954319892929, 0.0053302680420586985, 0.008808576055795304], [-0.016969873891498774, 0.008808576055795304, 0.015525939859097898]], "chi2_level": 0.99, "chi2_df": 3, "chi2_threshold": 11.344866730144373, "N_raw": 5, "N_roi": 5, "N_inlier": 5, "refit": true}
{"timestamp": "15:33:28.330224", "frame": 20, "mu": [-2.189211877768589, 4.898035306946964, 0.6814382819033397], "Sigma": [[0.007273430863357649, 0.0020583009758531516, -0.003214044848802009], [0.0020583009758531516, 0.0027276627156288943, -0.005339383221260672], [-0.0032140448488020084, -0.005339383221260672, 0.021187920729622608]], "chi2_level": 0.99, "chi2_df": 3, "chi2_threshold": 11.344866730144373, "N_raw": 17, "N_roi": 13, "N_inlier": 12, "refit": true}
{"timestamp": "15:33:28.385225", "frame": 21, "mu": [-2.119327419945735, 4.835695476793857, 0.5871501055366121], "Sigma": [[0.017047819613959778, 0.003859190913729197, -0.014469639636889804], [0.0038591909137291975, 0.0014975553020917342, -0.004891223215904341], [-0.014469639636889802, -0.004891223215904341, 0.02303360531944277]], "chi2_level": 0.99, "chi2_df": 3, "chi2_threshold": 11.344866730144373, "N_raw": 18, "N_roi": 18, "N_inlier": 18, "refit": true}
{"timestamp": "15:33:28.439586", "frame": 22, "mu": [-2.0115842273086963, 4.835849760360998, 0.47173936057604293], "Sigma": [[0.02289211974265372, 0.006563563757945442, -0.009779622759622679], [0.006563563757945442, 0.003020047746675472, -0.0040620202220947935], [-0.009779622759622677, -0.0040620202220947935, 0.008057424967124334]], "chi2_level": 0.99, "chi2_df": 3, "chi2_threshold": 11.344866730144373, "N_raw": 18, "N_roi": 18, "N_inlier": 17, "refit": true}
{"timestamp": "15:33:28.494777", "frame": 23, "mu": [-2.0783070641312578, 4.838775524465013, 0.6523405759251719], "Sigma": [[0.022998585958174722, 0.003694966523085914, -0.005085536949469699], [0.003694966523085914, 0.0023041024882169796, -0.0026695720696798455], [-0.005085536949469699, -0.0026695720696798455, 0.005123984096752275]], "chi2_level": 0.99, "chi2_df": 3, "chi2_threshold": 11.344866730144373, "N_raw": 18, "N_roi": 18, "N_inlier": 17, "refit": true}
{"timestamp": "15:33:28.552050", "frame": 24, "mu": [-2.1002234692111608, 4.780114651366418, 0.6659993006609468], "Sigma": [[0.028449175551946822, 0.004250428803552498, -0.00998128029467292], [0.004250428803552498, 0.002583535196953226, -0.00327122568928501], [-0.00998128029467292, -0.0032712256892850097, 0.010373894867526203]], "chi2_level": 0.99, "chi2_df": 3, "chi2_threshold": 11.344866730144373, "N_raw": 27, "N_roi": 27, "N_inlier": 27, "refit": true}
{"timestamp": "15:33:28.608209", "frame": 25, "mu": [-2.0645886309209325, 4.7602935236097, 0.7543188799763888], "Sigma": [[0.024874766088883463, 0.006270547644438953, -0.013105387292691692], [0.006270547644438953, 0.0026567667280832773, -0.004629559232730499], [-0.01310538729269169, -0.0046295592327305, 0.012481389795355556]], "chi2_level": 0.99, "chi2_df": 3, "chi2_threshold": 11.344866730144373, "N_raw": 22, "N_roi": 22, "N_inlier": 22, "refit": true}
{"timestamp": "15:33:28.667040", "frame": 26, "mu": [-2.158605279032718, 4.694306095742972, 0.9466539611115209], "Sigma": [[0.03326737083934901, 0.007036396239905407, -0.02400571214565047], [0.007036396239905407, 0.0037287018593341824, -0.010987937427789671], [-0.02400571214565047, -0.010987937427789671, 0.04406168270337163]], "chi2_level": 0.99, "chi2_df": 3, "chi2_threshold": 11.344866730144373, "N_raw": 52, "N_roi": 48, "N_inlier": 48, "refit": true}
{"timestamp": "15:33:28.723567", "frame": 27, "mu": [-2.1582428982593704, 4.6664147552070325, 0.8851802483143267], "Sigma": [[0.035143726760790146, 0.010012835084622595, -0.020107269925782364], [0.010012835084622595, 0.0065933342124404985, -0.009867453372453736], [-0.020107269925782364, -0.009867453372453736, 0.0196739848175414]], "chi2_level": 0.99, "chi2_df": 3, "chi2_threshold": 11.344866730144373, "N_raw": 51, "N_roi": 49, "N_inlier": 48, "refit": true}
{"timestamp": "15:33:28.771467", "frame": 28, "mu": [-1.801779874649839, 4.130449608660279, 0.6755050520499738], "Sigma": [[0.4766398443059814, -0.984254023508527, 0.27554485285514047], [-0.984254023508527, 2.086988722627279, -0.5658057405765334], [0.27554485285514047, -0.5658057405765334, 0.16155615663772738]], "chi2_level": 0.99, "chi2_df": 3, "chi2_threshold": 11.344866730144373, "N_raw": 7, "N_roi": 5, "N_inlier": 5, "refit": true}
{"timestamp": "15:33:28.829349", "frame": 29, "mu": [-2.035487744446467, 4.623054382243941, 0.7094768941450735], "Sigma": [[0.03452100004298999, 0.006446182993256094, -0.01736387333404871], [0.006446182993256094, 0.0028436344703197483, -0.003978723440300012], [-0.017363873334048714, -0.003978723440300012, 0.011591851340627322]], "chi2_level": 0.99, "chi2_df": 3, "chi2_threshold": 11.344866730144373, "N_raw": 27, "N_roi": 27, "N_inlier": 26, "refit": true}
{"timestamp": "15:33:28.882112", "frame": 30, "mu": [-2.168499651631225, 4.569776707873733, 0.9289144657776682], "Sigma": [[0.006035926640045593, -0.0014318294543704704, -0.00031388755321144367], [-0.0014318294543704704, 0.002693614968753283, -0.0004291928077183461], [-0.0003138875532114438, -0.0004291928077183461, 0.0003934404992025873]], "chi2_level": 0.99, "chi2_df": 3, "chi2_threshold": 11.344866730144373, "N_raw": 8, "N_roi": 8, "N_inlier": 8, "refit": true}
{"timestamp": "15:33:28.938978", "frame": 31, "mu": [-2.1066155337558317, 4.59260831327676, 0.911916253095924], "Sigma": [[0.027298742925168467, 0.002367834640381603, -0.026833124978549075], [0.002367834640381603, 0.003279531378769831, -0.003504880634450244], [-0.026833124978549075, -0.003504880634450244, 0.029551417136759923]], "chi2_level": 0.99, "chi2_df": 3, "chi2_threshold": 11.344866730144373, "N_raw": 32, "N_roi": 32, "N_inlier": 32, "refit": true}
{"timestamp": "15:33:28.991451", "frame": 32, "mu": [-1.9533452219870981, 4.74267558800759, -0.1449783894103098], "Sigma": [[0.010812080379310966, 0.0011529488506547775, 0.0009296010978355218], [0.0011529488506547773, 0.0018282753894598824, -0.0014148111182437023], [0.0009296010978355222, -0.0014148111182437021, 0.005857667448665082]], "chi2_level": 0.99, "chi2_df": 3, "chi2_threshold": 11.344866730144373, "N_raw": 7, "N_roi": 7, "N_inlier": 7, "refit": true}
{"timestamp": "15:33:29.050458", "frame": 33, "mu": [-2.18533185487726, 4.683711057763381, -0.2121595618565451], "Sigma": [[0.031088064654356415, 0.012724241754648386, -0.020989777560485486], [0.012724241754648386, 0.00886390295855754, -0.010351431235101549], [-0.020989777560485486, -0.010351431235101549, 0.017727292848531053]], "chi2_level": 0.99, "chi2_df": 3, "chi2_threshold": 11.344866730144373, "N_raw": 42, "N_roi": 39, "N_inlier": 38, "refit": true}
{"timestamp": "15:33:29.105310", "frame": 34, "mu": [-2.1524517400033316, 4.447470917641037, 0.6821747280532657], "Sigma": [[0.03236321077447526, 0.005712110108593854, -0.012518921063590703], [0.005712110108593854, 0.0030774492785399475, -0.00360967081835619], [-0.012518921063590701, -0.00360967081835619, 0.008135023015458718]], "chi2_level": 0.99, "chi2_df": 3, "chi2_threshold": 11.344866730144373, "N_raw": 35, "N_roi": 35, "N_inlier": 34, "refit": true}
{"timestamp": "15:33:29.162240", "frame": 35, "mu": [-2.1291341564354105, 4.394690615468187, 0.5699474337707602], "Sigma": [[0.03691066032186116, 0.010514602371942723, -0.008847157306786488], [0.010514602371942723, 0.004628990467378325, -0.006281801397107798], [-0.00884715730678649, -0.006281801397107799, 0.0171705009774235]], "chi2_level": 0.99, "chi2_df": 3, "chi2_threshold": 11.344866730144373, "N_raw": 50, "N_roi": 50, "N_inlier": 50, "refit": true}
{"timestamp": "15:33:29.211505", "frame": 36, "mu": [-2.118529216441327, 4.365056481228527, 0.7687140285638122], "Sigma": [[0.032933810645065585, 0.010566878911237443, 0.033590181382518694], [0.010566878911237443, 0.0055361994290044, 0.008128384829039216], [0.033590181382518694, 0.008128384829039216, 0.07429931105392235]], "chi2_level": 0.99, "chi2_df": 3, "chi2_threshold": 11.344866730144373, "N_raw": 6, "N_roi": 6, "N_inlier": 6, "refit": true}
{"timestamp": "15:33:29.268391", "frame": 37, "mu": [-2.084307774053541, 4.560031377702166, -0.22445254538332035], "Sigma": [[0.01033462072396297, 0.0022982102905501622, -0.0016110457379896418], [0.0022982102905501627, 0.0022609418908220887, -0.002348025170885107], [-0.001611045737989642, -0.0023480251708851074, 0.0040741531831991465]], "chi2_level": 0.99, "chi2_df": 3, "chi2_threshold": 11.344866730144373, "N_raw": 19, "N_roi": 16, "N_inlier": 15, "refit": true}
{"timestamp": "15:33:29.322146", "frame": 38, "mu": [-2.3050005905718796, 4.226390550271302, 0.666418079978015], "Sigma": [[0.008729966054369641, 0.0022044897294012673, -0.0002470278827716632], [0.0022044897294012673, 0.0027231753547937313, -0.0031231981141232176], [-0.0002470278827716632, -0.0031231981141232176, 0.026573406438397028]], "chi2_level": 0.99, "chi2_df": 3, "chi2_threshold": 11.344866730144373, "N_raw": 15, "N_roi": 15, "N_inlier": 15, "refit": true}
{"timestamp": "15:33:29.381110", "frame": 39, "mu": [-2.1728087461723042, 4.267023059803705, 0.8378895243650756], "Sigma": [[0.029976561001104005, 0.009815759893910595, -0.013056605681575052], [0.009815759893910595, 0.005645495043955072, -0.007021292352774199], [-0.013056605681575052, -0.007021292352774199, 0.010739432147373251]], "chi2_level": 0.99, "chi2_df": 3, "chi2_threshold": 11.344866730144373, "N_raw": 40, "N_roi": 40, "N_inlier": 39, "refit": true}
{"timestamp": "15:33:29.436045", "frame": 40, "mu": [-2.159092400301844, 4.21162105961462, 0.87008940040398], "Sigma": [[0.028087942891716768, 0.007954411227260611, -0.015477966425434874], [0.007954411227260611, 0.0036984196847380892, -0.00848173974303565], [-0.015477966425434876, -0.008481739743035649, 0.03006721085840742]], "chi2_level": 0.99, "chi2_df": 3, "chi2_threshold": 11.344866730144373, "N_raw": 39, "N_roi": 39, "N_inlier": 39, "refit": true}
{"timestamp": "15:33:29.492334", "frame": 41, "mu": [-2.1209605854880893, 4.194317087115346, 0.8974278851309961], "Sigma": [[0.030223803414113962, 0.006227652600484217, -0.030109893690861464], [0.006227652600484217, 0.003844445961717287, -0.011570554606264029], [-0.030109893690861464, -0.011570554606264027, 0.0502195812457576]], "chi2_level": 0.99, "chi2_df": 3, "chi2_threshold": 11.344866730144373, "N_raw": 52, "N_roi": 52, "N_inlier": 51, "refit": true}
{"timestamp": "15:33:29.549826", "frame": 42, "mu": [-2.152094656451469, 4.1792032578130005, 0.9562071972148468], "Sigma": [[0.03774095277643138, 0.00823997491083461, -0.020155012191725767], [0.00823997491083461, 0.005162728726084745, -0.010698396105014784], [-0.02015501219172577, -0.010698396105014784, 0.02696041776024343]], "chi2_level": 0.99, "chi2_df": 3, "chi2_threshold": 11.344866730144373, "N_raw": 61, "N_roi": 61, "N_inlier": 61, "refit": true}
{"timestamp": "15:33:29.600467", "frame": 43, "mu": [-2.1199709972826954, 4.11431905303873, 0.6895006066874388], "Sigma": [[0.020788260543745968, 0.00040237310237792973, -0.01482421456984002], [0.0004023731023779299, 0.0019313032204715732, -0.0053246352596853265], [-0.014824214569840021, -0.0053246352596853265, 0.03478386112151109]], "chi2_level": 0.99, "chi2_df": 3, "chi2_threshold": 11.344866730144373, "N_raw": 35, "N_roi": 35, "N_inlier": 34, "refit": true}
{"timestamp": "15:33:29.651823", "frame": 44, "mu": [-2.196490953047486, 4.057181392685958, 0.6802278376780737], "Sigma": [[0.0069108312852557445, -0.0009814196621619137, 0.009661182140594833], [-0.0009814196621619137, 0.0011927691095476498, 0.002026631461850094], [0.009661182140594835, 0.002026631461850094, 0.047572562172074506]], "chi2_level": 0.99, "chi2_df": 3, "chi2_threshold": 11.344866730144373, "N_raw": 5, "N_roi": 5, "N_inlier": 5, "refit": true}
{"timestamp": "15:33:29.709639", "frame": 45, "mu": [-2.0589709712805297, 4.0608175697531825, 0.8140721593791517], "Sigma": [[0.024422337527441336, 0.005932662051424836, -0.023170163772792945], [0.005932662051424836, 0.0026474292310636567, -0.006693510125825001], [-0.02317016377279294, -0.006693510125825, 0.0261579549576915]], "chi2_level": 0.99, "chi2_df": 3, "chi2_threshold": 11.344866730144373, "N_raw": 28, "N_roi": 28, "N_inlier": 26, "refit": true}
{"timestamp": "15:33:29.769055", "frame": 46, "mu": [-2.1204153107679105, 4.0435720708511695, 0.8887835421283216], "Sigma": [[0.03747488189046709, 0.005280163722736184, -0.03386926429840665], [0.005280163722736184, 0.0026009365180534308, -0.01001778599847394], [-0.03386926429840665, -0.01001778599847394, 0.05515239802699767]], "chi2_level": 0.99, "chi2_df": 3, "chi2_threshold": 11.344866730144373, "N_raw": 57, "N_roi": 57, "N_inlier": 57, "refit": true}
{"timestamp": "15:33:29.822414", "frame": 47, "mu": [-2.073879172125515, 3.9984889999447315, 1.0130471106039918], "Sigma": [[0.03297535871362438, 0.010163441484852475, -0.039415788819420025], [0.010163441484852475, 0.005302350779273733, -0.01450839128395571], [-0.039415788819420025, -0.01450839128395571, 0.06771586955051329]], "chi2_level": 0.99, "chi2_df": 3, "chi2_threshold": 11.344866730144373, "N_raw": 47, "N_roi": 47, "N_inlier": 47, "refit": true}
{"timestamp": "15:33:29.875418", "frame": 48, "mu": [-2.0798939226846196, 3.952500657366451, 0.8805152346528491], "Sigma": [[0.019707814639010446, 0.005380825701858766, -0.01800739596279358], [0.005380825701858766, 0.003045920416334082, -0.008195507003572952], [-0.01800739596279358, -0.008195507003572952, 0.028820155426548075]], "chi2_level": 0.99, "chi2_df": 3, "chi2_threshold": 11.344866730144373, "N_raw": 34, "N_roi": 34, "N_inlier": 33, "refit": true}
{"timestamp": "15:33:29.931314", "frame": 49, "mu": [-2.0139363219383513, 3.9041674087163862, 0.7521409047890284], "Sigma": [[0.021422973955692183, 0.004353092095421298, -0.028753967126313958], [0.004353092095421298, 0.002285495910901354, -0.00952961928326057], [-0.028753967126313958, -0.00952961928326057, 0.058547084147365376]], "chi2_level": 0.99, "chi2_df": 3, "chi2_threshold": 11.344866730144373, "N_raw": 42, "N_roi": 42, "N_inlier": 41, "refit": true}
{"timestamp": "15:33:29.989267", "frame": 50, "mu": [-2.0707653076615893, 3.870500634117753, 0.834586769202617], "Sigma": [[0.02933047311895348, 0.00638355498215552, -0.017931438414487702], [0.00638355498215552, 0.004373321896202659, -0.011719833160788966], [-0.017931438414487702, -0.011719833160788964, 0.040677506998330136]], "chi2_level": 0.99, "chi2_df": 3, "chi2_threshold": 11.344866730144373, "N_raw": 65, "N_roi": 65, "N_inlier": 64, "refit": true}
{"timestamp": "15:33:30.040480", "frame": 51, "mu": [-2.099535112259846, 3.799786592664314, 0.852983536680658], "Sigma": [[0.019417164779654703, 0.003815817116169656, -0.01787862844487955], [0.003815817116169656, 0.0020762957786170993, -0.007612232112915617], [-0.01787862844487955, -0.007612232112915617, 0.0386667842290639]], "chi2_level": 0.99, "chi2_df": 3, "chi2_threshold": 11.344866730144373, "N_raw": 34, "N_roi": 34, "N_inlier": 34, "refit": true}
{"timestamp": "15:33:30.097171", "frame": 52, "mu": [-2.0818207272758213, 3.7972875602301377, 0.8714380256308685], "Sigma": [[0.024869575935712315, 0.007360888030601244, -0.014182919247873616], [0.007360888030601245, 0.005449124089889251, -0.009734309246753971], [-0.014182919247873616, -0.009734309246753971, 0.023601727984389333]], "chi2_level": 0.99, "chi2_df": 3, "chi2_threshold": 11.344866730144373, "N_raw": 53, "N_roi": 53, "N_inlier": 52, "refit": true}
{"timestamp": "15:33:30.152237", "frame": 53, "mu": [-2.017513528284213, 3.765105927558553, 0.6989652350545064], "Sigma": [[0.03495786072596352, 0.0014214485991217562, -0.013745970854409423], [0.0014214485991217566, 0.0023819040912939522, -0.004024914605206149], [-0.013745970854409423, -0.004024914605206149, 0.013732350245196116]], "chi2_level": 0.99, "chi2_df": 3, "chi2_threshold": 11.344866730144373, "N_raw": 48, "N_roi": 48, "N_inlier": 47, "refit": true}
{"timestamp": "15:33:30.206206", "frame": 54, "mu": [-2.0674038871196174, 3.6785248545221503, 0.8034228207920143], "Sigma": [[0.02223713098553349, 0.004633266930073555, -0.010988618914463524], [0.004633266930073555, 0.003181841282603278, -0.0070064959862459995], [-0.010988618914463524, -0.0070064959862459995, 0.020121984524921224]], "chi2_level": 0.99, "chi2_df": 3, "chi2_threshold": 11.344866730144373, "N_raw": 46, "N_roi": 46, "N_inlier": 46, "refit": true}
{"timestamp": "15:33:30.261469", "frame": 55, "mu": [-2.102935336097427, 3.6345168294392263, 0.8387555697383436], "Sigma": [[0.022928409718019842, 0.006208209342796872, -0.013483413582713811], [0.006208209342796872, 0.00367893733087857, -0.005807299257871174], [-0.013483413582713811, -0.005807299257871174, 0.012440427497888614]], "chi2_level": 0.99, "chi2_df": 3, "chi2_threshold": 11.344866730144373, "N_raw": 35, "N_roi": 35, "N_inlier": 34, "refit": true}
{"timestamp": "15:33:30.315915", "frame": 56, "mu": [-2.0709519075099747, 3.6231682742321394, 0.7691060592545691], "Sigma": [[0.02170905959969443, 0.0027094240389472445, -0.012714056277740618], [0.002709424038947244, 0.0015344532105396069, -0.004094617659875196], [-0.012714056277740618, -0.004094617659875196, 0.017244267807600293]], "chi2_level": 0.99, "chi2_df": 3, "chi2_threshold": 11.344866730144373, "N_raw": 35, "N_roi": 35, "N_inlier": 34, "refit": true}
{"timestamp": "15:33:30.371769", "frame": 57, "mu": [-2.0285559731658336, 3.5998102846878623, 0.8494978245217056], "Sigma": [[0.03137668167353007, 0.0038178831939729985, -0.007447682477507673], [0.0038178831939729976, 0.0028959060803882197, -0.00456186917975368], [-0.007447682477507675, -0.00456186917975368, 0.010487192822499472]], "chi2_level": 0.99, "chi2_df": 3, "chi2_threshold": 11.344866730144373, "N_raw": 50, "N_roi": 50, "N_inlier": 50, "refit": true}
{"timestamp": "15:33:30.422062", "frame": 58, "mu": [-2.1172492344299734, 3.577833627896498, 0.8581721188388668], "Sigma": [[0.011734963339710717, 0.00039464491384001054, 0.006472070705182804], [0.0003946449138400106, 0.0015464241229117273, -0.003085677842687574], [0.006472070705182804, -0.0030856778426875744, 0.013878036257286905]], "chi2_level": 0.99, "chi2_df": 3, "chi2_threshold": 11.344866730144373, "N_raw": 15, "N_roi": 15, "N_inlier": 15, "refit": true}
{"timestamp": "15:33:30.483005", "frame": 59, "mu": [-2.05143022605737, 3.520722881334515, 0.879292160512937], "Sigma": [[0.026841151532499854, 0.004713204053518775, -0.0030038046420988412], [0.004713204053518776, 0.002676059311098496, -0.006366619064227256], [-0.003003804642098841, -0.006366619064227256, 0.036989746878554136]], "chi2_level": 0.99, "chi2_df": 3, "chi2_threshold": 11.344866730144373, "N_raw": 57, "N_roi": 57, "N_inlier": 57, "refit": true}
{"timestamp": "15:33:30.533570", "frame": 60, "mu": [-2.0772687826613434, 3.5926222109993295, -0.8378945130776655], "Sigma": [[0.014688358260973611, 0.015066247080149826, 0.046599373003364045], [0.015066247080149822, 0.022110446853089334, 0.06117542980420179], [0.046599373003364045, 0.06117542980420179, 0.20292757766892325]], "chi2_level": 0.99, "chi2_df": 3, "chi2_threshold": 11.344866730144373, "N_raw": 22, "N_roi": 22, "N_inlier": 20, "refit": true}
{"timestamp": "15:33:30.586227", "frame": 61, "mu": [-2.0015242662391906, 3.489396703129175, 0.7006835744445433], "Sigma": [[0.013637662352805273, -0.0016046775011876813, 0.008648121964664728], [-0.0016046775011876813, 0.0013798163747121045, -0.0019753072489727317], [0.008648121964664727, -0.0019753072489727317, 0.008566213461402952]], "chi2_level": 0.99, "chi2_df": 3, "chi2_threshold": 11.344866730144373, "N_raw": 9, "N_roi": 9, "N_inlier": 9, "refit": true}
{"timestamp": "15:33:30.645429", "frame": 62, "mu": [-1.96715807662771, 3.4031324848594577, 0.7835858796686377], "Sigma": [[0.016740742496956222, 0.0021713486009249383, -0.007442575557980977], [0.0021713486009249387, 0.0029521090277480175, -0.0030040418092561905], [-0.007442575557980977, -0.0030040418092561905, 0.006809860064880217]], "chi2_level": 0.99, "chi2_df": 3, "chi2_threshold": 11.344866730144373, "N_raw": 34, "N_roi": 34, "N_inlier": 33, "refit": true}
{"timestamp": "15:33:30.701041", "frame": 63, "mu": [-1.9616873844373697, 3.392575159860547, 0.7159730538784118], "Sigma": [[0.020044061689589776, 0.00287314312414245, -0.005000673234605408], [0.0028731431241424505, 0.0027685036512880975, -0.003747053511320036], [-0.005000673234605408, -0.003747053511320036, 0.0099882244596622]], "chi2_level": 0.99, "chi2_df": 3, "chi2_threshold": 11.344866730144373, "N_raw": 43, "N_roi": 43, "N_inlier": 41, "refit": true}
{"timestamp": "15:33:30.754744", "frame": 64, "mu": [-2.0112847976761166, 3.3288345790206018, 0.841708658828968], "Sigma": [[0.016201718428722103, 0.005185676613937876, -0.00730109303731083], [0.005185676613937876, 0.0025874625085732395, -0.004910176013309023], [-0.00730109303731083, -0.004910176013309023, 0.015002927352799336]], "chi2_level": 0.99, "chi2_df": 3, "chi2_threshold": 11.344866730144373, "N_raw": 29, "N_roi": 29, "N_inlier": 29, "refit": true}
{"timestamp": "15:33:30.810047", "frame": 65, "mu": [-2.0753142787055476, 3.4151077010898487, -0.15499596249517827], "Sigma": [[0.014056146545086677, 0.003551980649160482, -0.0035980783105329034], [0.003551980649160483, 0.007537081231881252, -0.010192613173605494], [-0.0035980783105329034, -0.010192613173605494, 0.017824849019974685]], "chi2_level": 0.99, "chi2_df": 3, "chi2_threshold": 11.344866730144373, "N_raw": 38, "N_roi": 38, "N_inlier": 38, "refit": true}
{"timestamp": "15:33:30.864505", "frame": 66, "mu": [-2.051415784042282, 3.196399988642603, 1.05398158605797], "Sigma": [[0.016321891013288695, 0.003588998952202485, -0.01093015641225332], [0.0035889989522024856, 0.004037257749375827, -0.004850768287171342], [-0.01093015641225332, -0.0048507682871713415, 0.01303615797970399]], "chi2_level": 0.99, "chi2_df": 3, "chi2_threshold": 11.344866730144373, "N_raw": 34, "N_roi": 34, "N_inlier": 32, "refit": true}
{"timestamp": "15:33:30.915834", "frame": 67, "mu": [-2.035406032357351, 3.2262101443731477, 0.7048753959659684], "Sigma": [[0.01880556563882229, -0.0010544901768037782, -0.00878153416940281], [-0.0010544901768037777, 0.0016471879524021353, -0.009882469306412485], [-0.008781534169402812, -0.009882469306412485, 0.08951040275424962]], "chi2_level": 0.99, "chi2_df": 3, "chi2_threshold": 11.344866730144373, "N_raw": 7, "N_roi": 7, "N_inlier": 7, "refit": true}
{"timestamp": "15:33:30.977197", "frame": 68, "mu": [-2.0124840647414928, 3.1760728261825237, 0.9738115156541105], "Sigma": [[0.021040045225151717, 0.006694555505505854, -0.007812331169273944], [0.006694555505505854, 0.003998536954627466, -0.009084591273796756], [-0.007812331169273944, -0.009084591273796756, 0.0442819289164345]], "chi2_level": 0.99, "chi2_df": 3, "chi2_threshold": 11.344866730144373, "N_raw": 53, "N_roi": 53, "N_inlier": 53, "refit": true}
{"timestamp": "15:33:31.032661", "frame": 69, "mu": [-2.0258793218445463, 3.113031786416301, 0.8707607931833861], "Sigma": [[0.020879443070472705, 0.006251147445875174, -0.008695035234066815], [0.006251147445875174, 0.004742772487857713, -0.0074960738339910245], [-0.008695035234066815, -0.007496073833991026, 0.014590002022664906]], "chi2_level": 0.99, "chi2_df": 3, "chi2_threshold": 11.344866730144373, "N_raw": 51, "N_roi": 51, "N_inlier": 51, "refit": true}
{"timestamp": "15:33:31.082737", "frame": 70, "mu": [-2.057530930627529, 3.0921134262080248, 1.0384904551866911], "Sigma": [[0.0074745578904618646, -0.0028725633506089102, 0.0036172084668362058], [-0.0028725633506089102, 0.0027101188952329456, -0.00471351155550708], [0.003617208466836206, -0.00471351155550708, 0.009860728092820263]], "chi2_level": 0.99, "chi2_df": 3, "chi2_threshold": 11.344866730144373, "N_raw": 10, "N_roi": 10, "N_inlier": 10, "refit": true}
{"timestamp": "15:33:31.138059", "frame": 71, "mu": [-2.2069469544187967, 3.0304461188029284, 0.8729317224616284], "Sigma": [[0.013064435968983603, 0.001108478670312173, 0.002551108158967137], [0.001108478670312173, 0.0026156175173105284, -0.003184746666129942], [0.002551108158967137, -0.003184746666129942, 0.013711590807095643]], "chi2_level": 0.99, "chi2_df": 3, "chi2_threshold": 11.344866730144373, "N_raw": 21, "N_roi": 21, "N_inlier": 21, "refit": true}
{"timestamp": "15:33:31.190689", "frame": 72, "mu": [-1.8745411427888823, 2.788476950131374, 0.9781839427372512], "Sigma": [[0.37594882282869446, -0.4574659373963759, 0.18939348928572816], [-0.457465937396376, 0.6058912365767222, -0.2703676605918514], [0.1893934892857282, -0.2703676605918514, 0.13246091295680565]], "chi2_level": 0.99, "chi2_df": 3, "chi2_threshold": 11.344866730144373, "N_raw": 7, "N_roi": 7, "N_inlier": 7, "refit": true}
{"timestamp": "15:33:31.254091", "frame": 73, "mu": [-2.0315054156811323, 2.976227665960504, 0.980548021445742], "Sigma": [[0.017463103294269193, 0.0025484958989083943, -0.008422932901723499], [0.002548495898908395, 0.00715200268477104, -0.009746036907283678], [-0.008422932901723499, -0.009746036907283678, 0.016449410371433368]], "chi2_level": 0.99, "chi2_df": 3, "chi2_threshold": 11.344866730144373, "N_raw": 63, "N_roi": 63, "N_inlier": 61, "refit": true}
{"timestamp": "15:33:31.306444", "frame": 74, "mu": [-2.011428974657906, 2.908690815056225, 1.0543844726408569], "Sigma": [[0.019462188779770108, 0.005614763999304009, -0.014351667938354936], [0.005614763999304009, 0.003930239152499072, -0.007061837095599242], [-0.014351667938354936, -0.0070618370955992426, 0.015912717387908837]], "chi2_level": 0.99, "chi2_df": 3, "chi2_threshold": 11.344866730144373, "N_raw": 41, "N_roi": 41, "N_inlier": 40, "refit": true}
{"timestamp": "15:33:31.360190", "frame": 75, "mu": [-2.0617465900653773, 2.8332657943388972, 1.209422759240129], "Sigma": [[0.015062633365064505, 0.003902890165550201, -0.011739629340378968], [0.003902890165550201, 0.0035306831874087692, -0.005510167770956165], [-0.011739629340378966, -0.005510167770956165, 0.013224395505154293]], "chi2_level": 0.99, "chi2_df": 3, "chi2_threshold": 11.344866730144373, "N_raw": 33, "N_roi": 33, "N_inlier": 32, "refit": true}
{"timestamp": "15:33:31.411860", "frame": 76, "mu": [-1.8669305564525025, 3.0402439983164395, -0.24481427364310762], "Sigma": [[0.011388994597841361, 0.004209099171637572, -0.006503746694115617], [0.004209099171637571, 0.004794133901011505, -0.00806840719451105], [-0.006503746694115617, -0.00806840719451105, 0.0171090272857359]], "chi2_level": 0.99, "chi2_df": 3, "chi2_threshold": 11.344866730144373, "N_raw": 17, "N_roi": 17, "N_inlier": 16, "refit": true}
{"timestamp": "15:33:31.466704", "frame": 77, "mu": [-2.126464147893729, 2.961215273791508, -0.2502006162282094], "Sigma": [[0.022694819743947686, -0.000840929773990727, 0.016690206378799165], [-0.0008409297739907261, 0.0037554108480533747, -0.004909378852829355], [0.016690206378799165, -0.004909378852829355, 0.025517258556745807]], "chi2_level": 0.99, "chi2_df": 3, "chi2_threshold": 11.344866730144373, "N_raw": 12, "N_roi": 12, "N_inlier": 12, "refit": true}
{"timestamp": "15:33:31.524225", "frame": 78, "mu": [-2.0036739786319746, 2.814932052316721, -0.007206115628886807], "Sigma": [[0.010207683541361383, 0.007750576001615739, -0.007420904291962644], [0.007750576001615739, 0.011255622625600611, -0.012984356130031491], [-0.007420904291962643, -0.012984356130031491, 0.018969822735214154]], "chi2_level": 0.99, "chi2_df": 3, "chi2_threshold": 11.344866730144373, "N_raw": 28, "N_roi": 28, "N_inlier": 26, "refit": true}
{"timestamp": "15:33:31.576967", "frame": 79, "mu": [-2.018933727363214, 2.6813487700433987, 1.1053526880127496], "Sigma": [[0.012459843697175796, 0.0012893729195488112, 0.013174238775904644], [0.0012893729195488114, 0.0018707469777785879, -0.0019836150970641573], [0.013174238775904644, -0.0019836150970641573, 0.029440380462227682]], "chi2_level": 0.99, "chi2_df": 3, "chi2_threshold": 11.344866730144373, "N_raw": 15, "N_roi": 13, "N_inlier": 13, "refit": true}
{"timestamp": "15:33:31.641012", "frame": 80, "mu": [-2.0147631159650445, 2.8489894313222854, -0.18505978963984462], "Sigma": [[0.02164285624302718, 0.004509474135668294, -0.004829585162286707], [0.004509474135668294, 0.012783647371414396, -0.015910488498203666], [-0.004829585162286706, -0.015910488498203666, 0.02398839137768495]], "chi2_level": 0.99, "chi2_df": 3, "chi2_threshold": 11.344866730144373, "N_raw": 77, "N_roi": 75, "N_inlier": 75, "refit": true}
{"timestamp": "15:33:31.686400", "frame": 81, "mu": [-1.9243748373178864, 2.6589010396233936, 0.8620654503032579], "Sigma": [[0.04588585736063423, 0.0033701450964437585, -0.008400349992358313], [0.0033701450964437585, 0.0032432636158735905, -0.001455467417078948], [-0.008400349992358312, -0.0014554674170789478, 0.0030226952714459054]], "chi2_level": 0.99, "chi2_df": 3, "chi2_threshold": 11.344866730144373, "N_raw": 10, "N_roi": 9, "N_inlier": 9, "refit": true}
{"timestamp": "15:33:31.742644", "frame": 82, "mu": [-2.0822398212422355, 2.618958477002563, 0.9560178754119522], "Sigma": [[0.028177109587683824, 0.0057957781692573275, 0.006776239561502126], [0.005795778169257327, 0.00260179277025169, 0.0015634380373147469], [0.006776239561502126, 0.0015634380373147469, 0.007219888072971663]], "chi2_level": 0.99, "chi2_df": 3, "chi2_threshold": 11.344866730144373, "N_raw": 21, "N_roi": 21, "N_inlier": 20, "refit": true}
{"timestamp": "15:33:31.801575", "frame": 83, "mu": [-2.086924865048571, 2.520824008959841, 0.7373079824970513], "Sigma": [[0.020346019151755552, 0.00419837614195857, -0.0006315844926834901], [0.00419837614195857, 0.0044587667467673375, -0.0024432705000479635], [-0.0006315844926834896, -0.002443270500047963, 0.011706581234595803]], "chi2_level": 0.99, "chi2_df": 3, "chi2_threshold": 11.344866730144373, "N_raw": 40, "N_roi": 40, "N_inlier": 39, "refit": true}
{"timestamp": "15:33:31.857007", "frame": 84, "mu": [-2.182045658993828, 2.6597233713592425, -0.43449712353475467], "Sigma": [[0.013673730172272221, 0.007634276702364294, -0.0007543306983211798], [0.007634276702364294, 0.0077417871964207885, -0.008797035177847832], [-0.0007543306983211797, -0.008797035177847832, 0.03733529250611004]], "chi2_level": 0.99, "chi2_df": 3, "chi2_threshold": 11.344866730144373, "N_raw": 43, "N_roi": 37, "N_inlier": 36, "refit": true}
{"timestamp": "15:33:31.908485", "frame": 85, "mu": [-1.9525587466667809, 2.4997088365192335, 1.0442595293526384], "Sigma": [[0.012071636336882905, -0.00033518962368594496, -0.008446240023320171], [-0.00033518962368594496, 0.0020334799719143345, -0.00030813511804770265], [-0.008446240023320171, -0.00030813511804770254, 0.006936228635438204]], "chi2_level": 0.99, "chi2_df": 3, "chi2_threshold": 11.344866730144373, "N_raw": 24, "N_roi": 17, "N_inlier": 16, "refit": true}
{"timestamp": "15:33:31.969830", "frame": 86, "mu": [-1.9671398343305084, 2.4182593959767575, 1.0693555139102022], "Sigma": [[0.018947853228619756, 0.0034509027000259726, -0.015746447398929324], [0.0034509027000259726, 0.004618576412603837, -0.006492330259770055], [-0.015746447398929324, -0.006492330259770054, 0.017806488769423374]], "chi2_level": 0.99, "chi2_df": 3, "chi2_threshold": 11.344866730144373, "N_raw": 71, "N_roi": 55, "N_inlier": 52, "refit": true}
{"timestamp": "15:33:32.020187", "frame": 87, "mu": [-1.9608682790512075, 2.3856764704423608, 1.0515449064627715], "Sigma": [[0.013616739229841093, 0.00276029367837262, -0.010148131403632438], [0.00276029367837262, 0.0028546135960944383, -0.003545773772178131], [-0.010148131403632436, -0.0035457737721781317, 0.010614962579632422]], "chi2_level": 0.99, "chi2_df": 3, "chi2_threshold": 11.344866730144373, "N_raw": 33, "N_roi": 33, "N_inlier": 32, "refit": true}
{"timestamp": "15:33:32.077838", "frame": 88, "mu": [-1.947568089152849, 2.343530463248085, 1.0566638033667397], "Sigma": [[0.013910622937233002, 0.0036698295704299094, -0.0076458757668414114], [0.0036698295704299094, 0.0022548762233175856, -0.005170117245283917], [-0.0076458757668414114, -0.005170117245283918, 0.02760238993697666]], "chi2_level": 0.99, "chi2_df": 3, "chi2_threshold": 11.344866730144373, "N_raw": 48, "N_roi": 48, "N_inlier": 47, "refit": true}
{"timestamp": "15:33:32.130805", "frame": 89, "mu": [-2.17837308732586, 2.162621262686974, 1.1542122309843872], "Sigma": [[0.02710983700142344, 0.024909437194526707, -0.029159675486779835], [0.024909437194526707, 0.02862527103202845, -0.035414911821144306], [-0.029159675486779835, -0.035414911821144306, 0.05554300779182082]], "chi2_level": 0.99, "chi2_df": 3, "chi2_threshold": 11.344866730144373, "N_raw": 35, "N_roi": 24, "N_inlier": 24, "refit": true}
{"timestamp": "15:33:32.192129", "frame": 90, "mu": [-2.0968449023483537, 2.144956561563919, 1.2757515548413332], "Sigma": [[0.0378878439544827, 0.027040815182288878, -0.05164913100927308], [0.027040815182288878, 0.023181591587261033, -0.04264114296831796], [-0.05164913100927308, -0.04264114296831796, 0.09022776012924863]], "chi2_level": 0.99, "chi2_df": 3, "chi2_threshold": 11.344866730144373, "N_raw": 87, "N_roi": 80, "N_inlier": 79, "refit": true}
{"timestamp": "15:33:32.240278", "frame": 91, "mu": [-2.2422000291071904, 1.9767340468522703, 1.3662411616077836], "Sigma": [[0.027720434595773266, 0.022612883525292483, -0.03745622676334578], [0.022612883525292483, 0.02431782421770546, -0.04736883584513383], [-0.03745622676334578, -0.04736883584513383, 0.11850829573008535]], "chi2_level": 0.99, "chi2_df": 3, "chi2_threshold": 11.344866730144373, "N_raw": 26, "N_roi": 25, "N_inlier": 25, "refit": true}
{"timestamp": "15:33:32.299068", "frame": 92, "mu": [-2.060024418864638, 2.14509841187919, 1.0238891597460629], "Sigma": [[0.0213002262600924, 0.010130198382017301, -0.01268259011254316], [0.010130198382017301, 0.008148524552158748, -0.014147844942528503], [-0.01268259011254316, -0.014147844942528503, 0.055939490863209]], "chi2_level": 0.99, "chi2_df": 3, "chi2_threshold": 11.344866730144373, "N_raw": 62, "N_roi": 62, "N_inlier": 61, "refit": true}
{"timestamp": "15:33:32.352338", "frame": 93, "mu": [-2.1773884970960697, 1.8910168563018437, 1.363157444604974], "Sigma": [[0.02106734268501323, 0.01810745600252664, -0.016745998769387677], [0.01810745600252664, 0.01935192932389439, -0.0240207419920674], [-0.016745998769387677, -0.0240207419920674, 0.06147699137637987]], "chi2_level": 0.99, "chi2_df": 3, "chi2_threshold": 11.344866730144373, "N_raw": 41, "N_roi": 41, "N_inlier": 40, "refit": true}
{"timestamp": "15:33:32.411965", "frame": 94, "mu": [-2.0788528142551526, 1.9384001529245363, 1.2774802952543491], "Sigma": [[0.02922542759897081, 0.023269344995731002, -0.03402057785335996], [0.02326934499573101, 0.02247305340464043, -0.029724478696275834], [-0.03402057785335996, -0.029724478696275834, 0.07902885141481404]], "chi2_level": 0.99, "chi2_df": 3, "chi2_threshold": 11.344866730144373, "N_raw": 77, "N_roi": 76, "N_inlier": 75, "refit": true}
{"timestamp": "15:33:32.470041", "frame": 95, "mu": [-2.1366060959255124, 1.9234812220748696, 1.1743278377394075], "Sigma": [[0.02925682764272476, 0.01971122313831285, -0.026255596685474974], [0.01971122313831285, 0.02337913792883658, -0.041069405488138075], [-0.026255596685474974, -0.041069405488138075, 0.10685495138417178]], "chi2_level": 0.99, "chi2_df": 3, "chi2_threshold": 11.344866730144373, "N_raw": 102, "N_roi": 102, "N_inlier": 102, "refit": true}
{"timestamp": "15:33:32.523844", "frame": 96, "mu": [-2.0834183155176524, 1.8943819055507878, 1.295471470449464], "Sigma": [[0.028203741278931826, 0.02223893988787701, -0.034051861932997175], [0.022238939887877007, 0.023432567146846994, -0.03289323808720389], [-0.034051861932997175, -0.03289323808720389, 0.056347112431303276]], "chi2_level": 0.99, "chi2_df": 3, "chi2_threshold": 11.344866730144373, "N_raw": 84, "N_roi": 84, "N_inlier": 82, "refit": true}
