{"timestamp": "14:43:24.215904", "frame": 5, "mu": [-2.3811997341778324, 4.958106757597064, 1.1075467775303796], "Sigma": [[0.006253023061664941, 0.000772088107396434, 0.00019732685253416544], [0.000772088107396434, 0.0007605854421944209, -0.00131019192854767], [0.00019732685253416512, -0.0013101919285476702, 0.003944749346205374]], "chi2_level": 0.99, "chi2_df": 3, "chi2_threshold": 11.344866730144373, "N_raw": 15, "N_roi": 7, "N_inlier": 7, "refit": true}
{"timestamp": "14:43:24.658844", "frame": 13, "mu": [-2.3298578294747476, 4.933692742065336, 1.0588532561256858], "Sigma": [[0.012613675366388745, 0.0018825622360847697, -0.0029563116730623837], [0.0018825622360847697, 0.0025913195828048885, -0.001302436761860687], [-0.002956311673062384, -0.0013024367618606869, 0.0012891134463892465]], "chi2_level": 0.99, "chi2_df": 3, "chi2_threshold": 11.344866730144373, "N_raw": 36, "N_roi": 19, "N_inlier": 17, "refit": true}
{"timestamp": "14:43:24.709212", "frame": 14, "mu": [-2.169798346602426, 4.956848066181261, 0.6713447715754683], "Sigma": [[0.0066656475423122665, 0.0010512873455503044, -0.0021570651779643543], [0.0010512873455503044, 0.0007377849402131291, -0.001616737937901008], [-0.002157065177964355, -0.001616737937901008, 0.009270141299066998]], "chi2_level": 0.99, "chi2_df": 3, "chi2_threshold": 11.344866730144373, "N_raw": 9, "N_roi": 7, "N_inlier": 7, "refit": true}
{"timestamp": "14:43:24.767710", "frame": 15, "mu": [-2.244142357070222, 4.937411367192287, 0.8021214477762376], "Sigma": [[0.016861297472467462, 0.002452383106878708, -0.006310189981279161], [0.002452383106878708, 0.0018914657064674509, -0.003401765373972346], [-0.006310189981279161, -0.003401765373972346, 0.012518363469703128]], "chi2_level": 0.99, "chi2_df": 3, "chi2_threshold": 11.344866730144373, "N_raw": 26, "N_roi": 23, "N_inlier": 22, "refit": true}
{"timestamp": "14:43:24.876561", "frame": 17, "mu": [-2.188627539083679, 4.914112181426571, 0.7737194735253806], "Sigma": [[0.003382826935966922, -0.0004617574526632107, 0.002592812896128944], [-0.0004617574526632106, 0.0015387689934106953, -0.0011874086171128429], [0.002592812896128943, -0.0011874086171128429, 0.004012715509239653]], "chi2_level": 0.99, "chi2_df": 3, "chi2_threshold": 11.344866730144373, "N_raw": 6, "N_roi": 6, "N_inlier": 6, "refit": true}
{"timestamp": "14:43:24.932622", "frame": 18, "mu": [-2.1727020426390182, 4.89430465031384, 0.8433916766694793], "Sigma": [[0.014556305415329603, 0.0025554167081585435, -0.012719742351070653], [0.0025554167081585435, 0.0020646074185015125, -0.003187586259451052], [-0.012719742351070651, -0.003187586259451052, 0.013100262064060736]], "chi2_level": 0.99, "chi2_df": 3, "chi2_threshold": 11.344866730144373, "N_raw": 16, "N_roi": 16, "N_inlier": 15, "refit": true}
{"timestamp": "14:43:24.989666", "frame": 19, "mu": [-2.2987212745505783, 4.938135263653225, 0.26373692833871215], "Sigma": [[0.010086315993340967, 0.0021926237857787497, -0.009001292958738642], [0.00219262378577875, 0.0015510868205917997, -0.0023426162590665213], [-0.009001292958738642, -0.0023426162590665218, 0.009157585545388659]], "chi2_level": 0.99, "chi2_df": 3, "chi2_threshold": 11.344866730144373, "N_raw": 27, "N_roi": 11, "N_inlier": 11, "refit": true}
{"timestamp": "14:43:25.096613", "frame": 21, "mu": [-2.386414320508613, 4.826462130135949, 0.8634672301349607], "Sigma": [[0.004870709786576086, 0.0003341805870450488, 0.0021508962143146453], [0.00033418058704504886, 0.0016178005059510603, -0.008870882817972488], [0.002150896214314646, -0.00887088281797249, 0.0558357164830873]], "chi2_level": 0.99, "chi2_df": 3, "chi2_threshold": 11.344866730144373, "N_raw": 5, "N_roi": 5, "N_inlier": 5, "refit": true}
{"timestamp": "14:43:25.153106", "frame": 22, "mu": [-2.3592419527423996, 4.788909714688504, 0.8888377448464521], "Sigma": [[0.007315844816091155, 0.00016675648061228548, 0.003219935364053959], [0.00016675648061228538, 0.001151262437059387, -0.0035412947662728602], [0.003219935364053959, -0.0035412947662728602, 0.022958256182278043]], "chi2_level": 0.99, "chi2_df": 3, "chi2_threshold": 11.344866730144373, "N_raw": 15, "N_roi": 14, "N_inlier": 13, "refit": true}
{"timestamp": "14:43:25.206386", "frame": 23, "mu": [-2.2588857227553696, 4.74428674269636, 0.8438598579539853], "Sigma": [[0.005399023224414293, 0.0004267068944483355, 0.0010717371675304128], [0.0004267068944483353, 0.001391969890016098, -0.004143182411577101], [0.0010717371675304133, -0.004143182411577101, 0.01633706662519631]], "chi2_level": 0.99, "chi2_df": 3, "chi2_threshold": 11.344866730144373, "N_raw": 10, "N_roi": 8, "N_inlier": 8, "refit": true}
{"timestamp": "14:43:25.318164", "frame": 25, "mu": [-2.3040768396393165, 4.715513672884562, 0.6906850216540221], "Sigma": [[0.017185139065248115, -0.003179908917908803, 0.007055055814186778], [-0.0031799089179088036, 0.001155636872121175, -0.003202526108512748], [0.007055055814186777, -0.0032025261085127476, 0.02606777627391235]], "chi2_level": 0.99, "chi2_df": 3, "chi2_threshold": 11.344866730144373, "N_raw": 9, "N_roi": 6, "N_inlier": 6, "refit": true}
{"timestamp": "14:43:25.374594", "frame": 26, "mu": [-2.226023744449729, 4.687258049866847, 0.9994091957344106], "Sigma": [[0.024741799762037952, 0.007782554961221632, -0.011590750734011255], [0.007782554961221633, 0.003953369536997355, -0.007514120646903659], [-0.011590750734011255, -0.007514120646903659, 0.024117329925718474]], "chi2_level": 0.99, "chi2_df": 3, "chi2_threshold": 11.344866730144373, "N_raw": 28, "N_roi": 25, "N_inlier": 24, "refit": true}
{"timestamp": "14:43:25.432809", "frame": 27, "mu": [-2.270150135552586, 4.665503530208602, 0.7911482079738609], "Sigma": [[0.015351924430534316, 0.0034837930606234583, -0.007859890076217041], [0.0034837930606234583, 0.0027618002007047926, -0.007206724172683128], [-0.007859890076217041, -0.007206724172683128, 0.026209469120712307]], "chi2_level": 0.99, "chi2_df": 3, "chi2_threshold": 11.344866730144373, "N_raw": 47, "N_roi": 34, "N_inlier": 33, "refit": true}
{"timestamp": "14:43:25.487003", "frame": 28, "mu": [-2.2704547022387165, 4.640818380846967, 0.7912273813837122], "Sigma": [[0.01761320581066163, 0.003276089209081628, -0.008085567662499283], [0.003276089209081628, 0.0027676131813904534, -0.004814547187263196], [-0.008085567662499283, -0.004814547187263196, 0.012918162128724325]], "chi2_level": 0.99, "chi2_df": 3, "chi2_threshold": 11.344866730144373, "N_raw": 35, "N_roi": 29, "N_inlier": 28, "refit": true}
{"timestamp": "14:43:25.541865", "frame": 29, "mu": [-2.244715998419873, 4.56806563998703, 0.7116142099229338], "Sigma": [[0.018921940640857265, 0.002222921399211491, -0.019189627741932166], [0.002222921399211491, 0.0022520445770897314, -0.0045303882074100976], [-0.019189627741932162, -0.0045303882074100976, 0.025926327849702644]], "chi2_level": 0.99, "chi2_df": 3, "chi2_threshold": 11.344866730144373, "N_raw": 32, "N_roi": 28, "N_inlier": 28, "refit": true}
{"timestamp": "14:43:25.591751", "frame": 30, "mu": [-2.2316317641681427, 4.553779684685887, 0.619572061602896], "Sigma": [[0.01375970542909336, -0.005518043738997464, -0.005882785686755692], [-0.005518043738997464, 0.002934960293966152, 0.0019186596221053513], [-0.005882785686755692, 0.0019186596221053513, 0.008421796006537436]], "chi2_level": 0.99, "chi2_df": 3, "chi2_threshold": 11.344866730144373, "N_raw": 5, "N_roi": 5, "N_inlier": 5, "refit": true}
{"timestamp": "14:43:25.646600", "frame": 31, "mu": [-2.3135601941540838, 4.543611184044094, 0.728884600096669], "Sigma": [[0.01442916045223219, -0.0037991038573562466, -0.008745557443924433], [-0.0037991038573562466, 0.002059591059139111, 0.0018499750840410413], [-0.008745557443924433, 0.0018499750840410413, 0.009677132558741277]], "chi2_level": 0.99, "chi2_df": 3, "chi2_threshold": 11.344866730144373, "N_raw": 9, "N_roi": 7, "N_inlier": 7, "refit": true}
{"timestamp": "14:43:25.703582", "frame": 32, "mu": [-2.2725313417762782, 4.485535444469856, 0.6889368254745656], "Sigma": [[0.016118710625520595, 0.0010937830702215565, -0.007497994543717521], [0.0010937830702215565, 0.0025130771918579677, 7.0715564516742e-05], [-0.007497994543717521, 7.071556451674195e-05, 0.005899564498829262]], "chi2_level": 0.99, "chi2_df": 3, "chi2_threshold": 11.344866730144373, "N_raw": 18, "N_roi": 14, "N_inlier": 14, "refit": true}
{"timestamp": "14:43:25.760321", "frame": 33, "mu": [-2.254124031277369, 4.6290387577051515, -0.03571008096250785], "Sigma": [[0.02048013923776275, 0.009857810659764862, -0.013766266469866853], [0.009857810659764862, 0.006868504157914576, -0.009935336119768157], [-0.01376626646986685, -0.009935336119768157, 0.016269939128560208]], "chi2_level": 0.99, "chi2_df": 3, "chi2_threshold": 11.344866730144373, "N_raw": 28, "N_roi": 24, "N_inlier": 22, "refit": true}
{"timestamp": "14:43:25.815577", "frame": 34, "mu": [-2.2659742377666197, 4.424704370655308, 0.9240046378694096], "Sigma": [[0.018451914090633667, 0.004831285855769878, -0.019475533050798167], [0.004831285855769878, 0.002044965978619786, -0.00698250195691496], [-0.019475533050798164, -0.006982501956914959, 0.03167161764887603]], "chi2_level": 0.99, "chi2_df": 3, "chi2_threshold": 11.344866730144373, "N_raw": 29, "N_roi": 22, "N_inlier": 21, "refit": true}
{"timestamp": "14:43:25.875319", "frame": 35, "mu": [-2.2018596445824805, 4.411379509458689, 0.7755695477506206], "Sigma": [[0.031963887845164206, 0.006734287683038145, -0.026503571228018826], [0.006734287683038145, 0.004336672577614249, -0.011036342703870685], [-0.026503571228018826, -0.011036342703870687, 0.03781714552341467]], "chi2_level": 0.99, "chi2_df": 3, "chi2_threshold": 11.344866730144373, "N_raw": 61, "N_roi": 50, "N_inlier": 50, "refit": true}
{"timestamp": "14:43:25.928098", "frame": 36, "mu": [-2.169562882416505, 4.393267848517092, 0.7918177218123541], "Sigma": [[0.02880174931129109, 0.006621310036637049, -0.029492090556015416], [0.006621310036637049, 0.0038458207265996414, -0.009601486235034004], [-0.029492090556015416, -0.009601486235034004, 0.037746600346826524]], "chi2_level": 0.99, "chi2_df": 3, "chi2_threshold": 11.344866730144373, "N_raw": 42, "N_roi": 40, "N_inlier": 38, "refit": true}
{"timestamp": "14:43:25.978830", "frame": 37, "mu": [-2.177117370334618, 4.338596259613091, 0.6896763708153681], "Sigma": [[0.025115719082285562, 0.004696872310797654, -0.014475398108060023], [0.004696872310797654, 0.0021372309449388086, -0.004624455130598109], [-0.014475398108060025, -0.004624455130598109, 0.014947123295547449]], "chi2_level": 0.99, "chi2_df": 3, "chi2_threshold": 11.344866730144373, "N_raw": 24, "N_roi": 24, "N_inlier": 24, "refit": true}
{"timestamp": "14:43:26.091324", "frame": 39, "mu": [-2.134893883424553, 4.287746660728351, 0.8146570377379847], "Sigma": [[0.02203267894822708, 0.006889546527556929, -0.016940198038651787], [0.00688954652755693, 0.0047474022368601395, -0.007270669003386373], [-0.016940198038651787, -0.007270669003386374, 0.017421935000236293]], "chi2_level": 0.99, "chi2_df": 3, "chi2_threshold": 11.344866730144373, "N_raw": 34, "N_roi": 34, "N_inlier": 33, "refit": true}
{"timestamp": "14:43:26.143220", "frame": 40, "mu": [-2.1882327889115687, 4.245592926934237, 0.8635144931226402], "Sigma": [[0.012846067097433194, 0.0009770068870715708, 0.003861603427041513], [0.0009770068870715708, 0.0008406782307237092, -0.0018943877500368826], [0.003861603427041514, -0.0018943877500368826, 0.02059299307709907]], "chi2_level": 0.99, "chi2_df": 3, "chi2_threshold": 11.344866730144373, "N_raw": 16, "N_roi": 15, "N_inlier": 15, "refit": true}
{"timestamp": "14:43:26.198022", "frame": 41, "mu": [-2.3439297437174034, 4.214718707422469, 0.8885595731970446], "Sigma": [[0.006933281300373986, 0.0006985528971898164, 0.004208288662912046], [0.0006985528971898164, 0.003386196754370981, -0.006044525366399685], [0.004208288662912046, -0.006044525366399685, 0.017022447880869866]], "chi2_level": 0.99, "chi2_df": 3, "chi2_threshold": 11.344866730144373, "N_raw": 12, "N_roi": 11, "N_inlier": 11, "refit": true}
{"timestamp": "14:43:26.253176", "frame": 42, "mu": [-2.1826409696424407, 4.154313506850019, 0.6183962878267997], "Sigma": [[0.017680970411774303, 0.004740045458711045, -0.013032369657243654], [0.004740045458711045, 0.0013863004721449707, -0.0037252139009430977], [-0.013032369657243654, -0.003725213900943098, 0.035007374531338]], "chi2_level": 0.99, "chi2_df": 3, "chi2_threshold": 11.344866730144373, "N_raw": 23, "N_roi": 23, "N_inlier": 22, "refit": true}
{"timestamp": "14:43:26.307693", "frame": 43, "mu": [-2.150988477867194, 4.147447599788721, 0.7373570894636917], "Sigma": [[0.011631869786856744, 0.0022848561138305024, -0.0006948258784904422], [0.0022848561138305024, 0.002019591646616909, -0.00253960789788337], [-0.0006948258784904424, -0.00253960789788337, 0.010225917010966092]], "chi2_level": 0.99, "chi2_df": 3, "chi2_threshold": 11.344866730144373, "N_raw": 14, "N_roi": 14, "N_inlier": 14, "refit": true}
{"timestamp": "14:43:26.365420", "frame": 44, "mu": [-2.225368601691055, 4.114920574212153, 0.9287424667595917], "Sigma": [[0.02281198020755333, 0.005194781600253584, -0.015432145502054045], [0.005194781600253584, 0.00342806740216553, -0.006230279660722975], [-0.015432145502054045, -0.006230279660722975, 0.01661632143190405]], "chi2_level": 0.99, "chi2_df": 3, "chi2_threshold": 11.344866730144373, "N_raw": 36, "N_roi": 34, "N_inlier": 33, "refit": true}
{"timestamp": "14:43:26.418766", "frame": 45, "mu": [-2.342213344889721, 4.014169086533618, 0.9502814587113847], "Sigma": [[0.00843872301985812, 0.0018926428840092516, 6.7113381534111534e-06], [0.0018926428840092518, 0.0009946472001847175, -0.001563485843307313], [6.711338153410828e-06, -0.001563485843307313, 0.009196122532899675]], "chi2_level": 0.99, "chi2_df": 3, "chi2_threshold": 11.344866730144373, "N_raw": 13, "N_roi": 13, "N_inlier": 13, "refit": true}
{"timestamp": "14:43:26.471696", "frame": 46, "mu": [-1.9948235319782035, 3.6726161857828292, 0.8918692550970553], "Sigma": [[0.49827476040732444, -0.8221786905385556, 0.20044206594438554], [-0.8221786905385556, 1.4109272451467982, -0.349055862839391], [0.20044206594438552, -0.3490558628393909, 0.09412133842230838]], "chi2_level": 0.99, "chi2_df": 3, "chi2_threshold": 11.344866730144373, "N_raw": 6, "N_roi": 6, "N_inlier": 6, "refit": true}
{"timestamp": "14:43:26.534544", "frame": 47, "mu": [-2.1947309366208594, 4.015174770903658, 0.9176853552596556], "Sigma": [[0.02943205260551282, 0.007201009592089649, -0.018595103743942534], [0.007201009592089649, 0.0047047418075922545, -0.01131550326423525], [-0.018595103743942534, -0.01131550326423525, 0.03266910460142204]], "chi2_level": 0.99, "chi2_df": 3, "chi2_threshold": 11.344866730144373, "N_raw": 56, "N_roi": 52, "N_inlier": 52, "refit": true}
{"timestamp": "14:43:26.584843", "frame": 48, "mu": [-2.2305510916987545, 3.9390196416825694, 0.5461043028703506], "Sigma": [[0.01962178485070672, 0.0054273050346282875, -0.006047395004979646], [0.005427305034628287, 0.0034212393855078604, -0.0038430996893850733], [-0.006047395004979646, -0.0038430996893850733, 0.017385615869035302]], "chi2_level": 0.99, "chi2_df": 3, "chi2_threshold": 11.344866730144373, "N_raw": 28, "N_roi": 26, "N_inlier": 25, "refit": true}
{"timestamp": "14:43:26.641755", "frame": 49, "mu": [-2.180449444668542, 3.94922088507067, 0.7740848616544298], "Sigma": [[0.019846677577665364, 0.0041023814205599675, -0.013017078942632244], [0.004102381420559968, 0.0033245734860965293, -0.00584660656036327], [-0.013017078942632244, -0.00584660656036327, 0.01606619121143651]], "chi2_level": 0.99, "chi2_df": 3, "chi2_threshold": 11.344866730144373, "N_raw": 33, "N_roi": 32, "N_inlier": 31, "refit": true}
{"timestamp": "14:43:26.693141", "frame": 50, "mu": [-2.193800505406581, 3.8726907779284487, 0.7893633935196774], "Sigma": [[0.01113112646826402, 0.0009343508838920948, -0.0020829545188077317], [0.0009343508838920948, 0.0020890055893090878, -0.004784590346937718], [-0.0020829545188077317, -0.004784590346937718, 0.015070703955992104]], "chi2_level": 0.99, "chi2_df": 3, "chi2_threshold": 11.344866730144373, "N_raw": 16, "N_roi": 16, "N_inlier": 15, "refit": true}
{"timestamp": "14:43:26.749708", "frame": 51, "mu": [-2.173929607109496, 3.871559585110411, 0.910809010253708], "Sigma": [[0.01833599763580657, 0.005702884048798832, -0.008096062000272198], [0.005702884048798832, 0.003136807144134445, -0.006137294886040059], [-0.0080960620002722, -0.006137294886040059, 0.017587100716066367]], "chi2_level": 0.99, "chi2_df": 3, "chi2_threshold": 11.344866730144373, "N_raw": 27, "N_roi": 27, "N_inlier": 27, "refit": true}
{"timestamp": "14:43:26.805651", "frame": 52, "mu": [-2.2894017158252398, 3.7869762847504322, 1.1494641524062772], "Sigma": [[0.016175148986750522, 0.008546088640985664, -0.007054765515188741], [0.008546088640985664, 0.006650889985376022, -0.008280307087645331], [-0.007054765515188738, -0.008280307087645331, 0.016161102556652956]], "chi2_level": 0.99, "chi2_df": 3, "chi2_threshold": 11.344866730144373, "N_raw": 33, "N_roi": 30, "N_inlier": 28, "refit": true}
{"timestamp": "14:43:26.856416", "frame": 53, "mu": [-2.2504271423318354, 3.7589815765977495, 0.8949230299643417], "Sigma": [[0.010146223842530375, -0.0002263983435365743, 0.005165388089739386], [-0.0002263983435365743, 0.0014556270128382373, -0.007965541929247704], [0.005165388089739386, -0.007965541929247704, 0.04858926071907572]], "chi2_level": 0.99, "chi2_df": 3, "chi2_threshold": 11.344866730144373, "N_raw": 6, "N_roi": 6, "N_inlier": 6, "refit": true}
{"timestamp": "14:43:26.911264", "frame": 54, "mu": [-2.2164471666878933, 3.735398629464439, 0.8228121942014741], "Sigma": [[0.01377085460315434, 0.000663677948563923, -0.04262779757430904], [0.0006636779485639235, 0.004029841668109999, -0.020185948230298734], [-0.04262779757430903, -0.020185948230298734, 0.24640716700565404]], "chi2_level": 0.99, "chi2_df": 3, "chi2_threshold": 11.344866730144373, "N_raw": 8, "N_roi": 8, "N_inlier": 8, "refit": true}
{"timestamp": "14:43:26.968988", "frame": 55, "mu": [-2.1640606937981586, 3.7208803841997478, 0.8156449193077053], "Sigma": [[0.008770399648584556, 0.001829499511963176, -0.00620882032871342], [0.0018294995119631761, 0.0025419086647677823, -0.0034864999685833725], [-0.00620882032871342, -0.003486499968583372, 0.009283107423771593]], "chi2_level": 0.99, "chi2_df": 3, "chi2_threshold": 11.344866730144373, "N_raw": 19, "N_roi": 19, "N_inlier": 18, "refit": true}
{"timestamp": "14:43:27.026014", "frame": 56, "mu": [-2.290960823048168, 3.6667742892435444, 1.063156843576647], "Sigma": [[0.01529034466827115, 0.0048695880406524755, -0.014178588175178152], [0.004869588040652476, 0.0031465754389812363, -0.009635367212748162], [-0.014178588175178152, -0.009635367212748162, 0.03649385719358961]], "chi2_level": 0.99, "chi2_df": 3, "chi2_threshold": 11.344866730144373, "N_raw": 39, "N_roi": 35, "N_inlier": 34, "refit": true}
{"timestamp": "14:43:27.080459", "frame": 57, "mu": [-2.1577004289744184, 3.5994766147913837, 0.8878783814996264], "Sigma": [[0.018693909479591236, 0.005805244812871492, -0.011402144347156223], [0.005805244812871492, 0.003914939207017721, -0.005135923152535767], [-0.011402144347156223, -0.005135923152535767, 0.010190931497229027]], "chi2_level": 0.99, "chi2_df": 3, "chi2_threshold": 11.344866730144373, "N_raw": 27, "N_roi": 26, "N_inlier": 25, "refit": true}
{"timestamp": "14:43:27.136239", "frame": 58, "mu": [-2.1961555621490088, 3.6025071827695556, 0.9253368337752753], "Sigma": [[0.024917889385226044, 0.006661934171464921, -0.022082122944748483], [0.00666193417146492, 0.0037272406170560735, -0.009767005500863703], [-0.022082122944748483, -0.009767005500863703, 0.03088086312543115]], "chi2_level": 0.99, "chi2_df": 3, "chi2_threshold": 11.344866730144373, "N_raw": 41, "N_roi": 41, "N_inlier": 40, "refit": true}
{"timestamp": "14:43:27.186216", "frame": 59, "mu": [-2.191904843369148, 3.5763740805454476, 0.7014906237628104], "Sigma": [[0.02361233812586605, -0.004923275117140573, -0.009279479839290346], [-0.004923275117140573, 0.0019825529164312463, -0.0001591710538560024], [-0.009279479839290347, -0.0001591710538560024, 0.009166084003089568]], "chi2_level": 0.99, "chi2_df": 3, "chi2_threshold": 11.344866730144373, "N_raw": 6, "N_roi": 6, "N_inlier": 6, "refit": true}
{"timestamp": "14:43:27.300277", "frame": 61, "mu": [-2.1705691734435115, 3.4654096503394882, 0.9920281242081233], "Sigma": [[0.016212727410340327, 0.007682727342263289, -0.0072030297443050895], [0.007682727342263289, 0.005651034908713729, -0.005224651136509531], [-0.0072030297443050895, -0.005224651136509531, 0.008151597109511683]], "chi2_level": 0.99, "chi2_df": 3, "chi2_threshold": 11.344866730144373, "N_raw": 26, "N_roi": 26, "N_inlier": 25, "refit": true}
{"timestamp": "14:43:27.354808", "frame": 62, "mu": [-2.1286065983027305, 3.461131683299983, 0.9224862556950177], "Sigma": [[0.01222817807310796, 0.0037833678004286107, -0.010399112811897586], [0.003783367800428611, 0.0017100238758263732, -0.005666307122908101], [-0.010399112811897584, -0.005666307122908101, 0.030384121696832234]], "chi2_level": 0.99, "chi2_df": 3, "chi2_threshold": 11.344866730144373, "N_raw": 22, "N_roi": 22, "N_inlier": 21, "refit": true}
{"timestamp": "14:43:27.410757", "frame": 63, "mu": [-2.2228189590869625, 3.3975644295834657, 1.039111548160794], "Sigma": [[0.010073270920515793, 0.003552716082366462, -0.009263440543176975], [0.0035527160823664626, 0.003307029475856247, -0.010541121287432752], [-0.009263440543176975, -0.010541121287432752, 0.04234687653198117]], "chi2_level": 0.99, "chi2_df": 3, "chi2_threshold": 11.344866730144373, "N_raw": 29, "N_roi": 28, "N_inlier": 28, "refit": true}
{"timestamp": "14:43:27.466373", "frame": 64, "mu": [-2.2540285405604856, 3.3819445747538857, 0.8193363785940284], "Sigma": [[0.01725206023210422, 0.0032950528484586134, -0.009639972208645877], [0.0032950528484586134, 0.0026875185454796465, -0.006285950879962988], [-0.009639972208645877, -0.006285950879962988, 0.018960950079593926]], "chi2_level": 0.99, "chi2_df": 3, "chi2_threshold": 11.344866730144373, "N_raw": 32, "N_roi": 30, "N_inlier": 29, "refit": true}
{"timestamp": "14:43:27.517300", "frame": 65, "mu": [-2.2232417617095734, 3.3297234433345935, 0.873237150939325], "Sigma": [[0.041831385709612146, 4.184146010025947e-05, -0.0019502819286169293], [4.1841460100259034e-05, 0.0036766090252346242, -0.0017846279206336585], [-0.0019502819286169293, -0.0017846279206336583, 0.0010758117664140562]], "chi2_level": 0.99, "chi2_df": 3, "chi2_threshold": 11.344866730144373, "N_raw": 7, "N_roi": 7, "N_inlier": 7, "refit": true}
{"timestamp": "14:43:27.571865", "frame": 66, "mu": [-2.215183648598293, 3.310143647912107, 0.8920163868318296], "Sigma": [[0.01645026584866651, -0.0032640611189778397, 0.007470849769620248], [-0.0032640611189778397, 0.0009515769745469422, -0.0014297951975040285], [0.007470849769620248, -0.0014297951975040285, 0.0050808832940952555]], "chi2_level": 0.99, "chi2_df": 3, "chi2_threshold": 11.344866730144373, "N_raw": 6, "N_roi": 6, "N_inlier": 6, "refit": true}
{"timestamp": "14:43:27.630753", "frame": 67, "mu": [-2.29702216341, 3.2183626346983623, 1.0673539640502308], "Sigma": [[0.015696328556714136, 0.004015933471726513, -0.0010126034084913867], [0.004015933471726514, 0.0025094991397562705, -0.004827272751430216], [-0.001012603408491387, -0.004827272751430216, 0.018670167251658133]], "chi2_level": 0.99, "chi2_df": 3, "chi2_threshold": 11.344866730144373, "N_raw": 38, "N_roi": 36, "N_inlier": 35, "refit": true}
{"timestamp": "14:43:27.683002", "frame": 68, "mu": [-2.2114539500743566, 3.1971369471980466, 1.061028275821872], "Sigma": [[0.007765595434650102, 0.0005636742426594022, -0.004084345738711057], [0.0005636742426594023, 0.0022490336581005134, -0.00547611276633116], [-0.004084345738711057, -0.00547611276633116, 0.016603847513769372]], "chi2_level": 0.99, "chi2_df": 3, "chi2_threshold": 11.344866730144373, "N_raw": 15, "N_roi": 14, "N_inlier": 13, "refit": true}
{"timestamp": "14:43:27.742668", "frame": 69, "mu": [-2.1479037479579457, 3.2202661384658686, 0.7798392503647045], "Sigma": [[0.02541334495186451, 0.0038726016713060397, -0.010570478182803822], [0.0038726016713060392, 0.003632272624012703, -0.004083147076352843], [-0.010570478182803822, -0.004083147076352843, 0.009511096075815219]], "chi2_level": 0.99, "chi2_df": 3, "chi2_threshold": 11.344866730144373, "N_raw": 43, "N_roi": 43, "N_inlier": 43, "refit": true}
{"timestamp": "14:43:27.792711", "frame": 70, "mu": [-1.863223092294824, 2.842023363932919, 0.9019026194497146], "Sigma": [[0.4663797783201665, -0.6088014201492233, 0.2803643753405541], [-0.6088014201492233, 0.817323869562107, -0.37496036900715396], [0.28036437534055403, -0.37496036900715396, 0.17242389012982326]], "chi2_level": 0.99, "chi2_df": 3, "chi2_threshold": 11.344866730144373, "N_raw": 6, "N_roi": 6, "N_inlier": 6, "refit": true}
{"timestamp": "14:43:27.848776", "frame": 71, "mu": [-2.2425487944498914, 3.2480167926879053, -0.1538619991183162], "Sigma": [[0.007503937463952154, -0.001973259360678099, 0.008309442104854656], [-0.001973259360678099, 0.003551086444084304, -0.007946944860201656], [0.008309442104854656, -0.007946944860201657, 0.023384895635840418]], "chi2_level": 0.99, "chi2_df": 3, "chi2_threshold": 11.344866730144373, "N_raw": 19, "N_roi": 17, "N_inlier": 17, "refit": true}
{"timestamp": "14:43:27.905613", "frame": 72, "mu": [-2.0358614852472874, 3.0865807632519746, 0.9001074741427795], "Sigma": [[0.015110521330821849, 0.004339720598484413, -0.006255806033536774], [0.004339720598484413, 0.002873384121040993, -0.005106920038795416], [-0.006255806033536775, -0.005106920038795416, 0.016413079474213613]], "chi2_level": 0.99, "chi2_df": 3, "chi2_threshold": 11.344866730144373, "N_raw": 36, "N_roi": 35, "N_inlier": 33, "refit": true}
{"timestamp": "14:43:27.956666", "frame": 73, "mu": [-2.1926993075341805, 3.0569004929903296, 0.9128389439672449], "Sigma": [[0.01766314710471026, -0.002151775385221131, 0.015032114199555704], [-0.002151775385221131, 0.003189129118505103, -0.00042216068699343706], [0.015032114199555704, -0.0004221606869934372, 0.015342606198979819]], "chi2_level": 0.99, "chi2_df": 3, "chi2_threshold": 11.344866730144373, "N_raw": 7, "N_roi": 7, "N_inlier": 7, "refit": true}
{"timestamp": "14:43:28.018596", "frame": 74, "mu": [-2.180612462341426, 2.9966654344635186, 1.0712341628360071], "Sigma": [[0.02034793625933135, 0.005602711926624494, -0.00744626462838271], [0.005602711926624494, 0.0034883228176978438, -0.006486559048947481], [-0.00744626462838271, -0.00648655904894748, 0.021759915410055116]], "chi2_level": 0.99, "chi2_df": 3, "chi2_threshold": 11.344866730144373, "N_raw": 48, "N_roi": 48, "N_inlier": 46, "refit": true}
{"timestamp": "14:43:28.069880", "frame": 75, "mu": [-2.119172873548561, 3.0019909533477813, 0.9841047507785148], "Sigma": [[0.007244091552157169, 0.003295643960999542, -0.00950746404597135], [0.003295643960999542, 0.00284951021033907, -0.007065312832950872], [-0.00950746404597135, -0.007065312832950872, 0.026139542797965674]], "chi2_level": 0.99, "chi2_df": 3, "chi2_threshold": 11.344866730144373, "N_raw": 20, "N_roi": 20, "N_inlier": 19, "refit": true}
{"timestamp": "14:43:28.123164", "frame": 76, "mu": [-2.286853689497052, 2.8512514132731397, 0.9226904531957943], "Sigma": [[0.009184926938109645, 0.0013471418993453335, -0.0017901918128688252], [0.0013471418993453335, 0.0018076159104533514, -0.0018406052740265522], [-0.0017901918128688252, -0.0018406052740265522, 0.004972743315275503]], "chi2_level": 0.99, "chi2_df": 3, "chi2_threshold": 11.344866730144373, "N_raw": 17, "N_roi": 17, "N_inlier": 17, "refit": true}
{"timestamp": "14:43:28.178617", "frame": 77, "mu": [-2.2177401642256367, 2.845096012197535, 1.1921952115653591], "Sigma": [[0.011780142343656956, 0.005907595694561665, -0.008200399311904694], [0.005907595694561665, 0.004147122134063714, -0.006057815188332145], [-0.008200399311904694, -0.006057815188332145, 0.011155251581423076]], "chi2_level": 0.99, "chi2_df": 3, "chi2_threshold": 11.344866730144373, "N_raw": 24, "N_roi": 24, "N_inlier": 23, "refit": true}
{"timestamp": "14:43:28.233808", "frame": 78, "mu": [-2.204714167760672, 2.81447646799372, 1.1187004963868112], "Sigma": [[0.005190451486329036, 0.0018540408459424623, -0.004048187113528264], [0.0018540408459424623, 0.0025521836778339083, -0.006103404261698078], [-0.004048187113528264, -0.006103404261698078, 0.02874438213124801]], "chi2_level": 0.99, "chi2_df": 3, "chi2_threshold": 11.344866730144373, "N_raw": 22, "N_roi": 14, "N_inlier": 13, "refit": true}
{"timestamp": "14:43:28.293227", "frame": 79, "mu": [-2.186781826894133, 2.8009775818218015, 1.0187493152839135], "Sigma": [[0.016248108450308756, 0.005680243814427107, -0.01273988478056249], [0.005680243814427107, 0.006013309984239888, -0.009419679186068435], [-0.01273988478056249, -0.009419679186068435, 0.018697171580423763]], "chi2_level": 0.99, "chi2_df": 3, "chi2_threshold": 11.344866730144373, "N_raw": 48, "N_roi": 48, "N_inlier": 47, "refit": true}
{"timestamp": "14:43:28.342477", "frame": 80, "mu": [-2.1475282301027523, 2.7834871131807843, 0.8810105098098169], "Sigma": [[0.00556622320630792, 0.00021858323417165085, -0.015493826358042088], [0.00021858323417165082, 0.0024151673969374163, 0.0014015178564337708], [-0.015493826358042088, 0.0014015178564337708, 0.1975307869972629]], "chi2_level": 0.99, "chi2_df": 3, "chi2_threshold": 11.344866730144373, "N_raw": 7, "N_roi": 6, "N_inlier": 6, "refit": true}
{"timestamp": "14:43:28.403456", "frame": 81, "mu": [-2.129355244114206, 2.7417340468135403, 1.1907863441012845], "Sigma": [[0.018557524086639667, 0.009328552592351132, -0.01813254963935195], [0.009328552592351134, 0.008963634378475537, -0.014751909899258626], [-0.01813254963935195, -0.014751909899258626, 0.02782162209623867]], "chi2_level": 0.99, "chi2_df": 3, "chi2_threshold": 11.344866730144373, "N_raw": 58, "N_roi": 56, "N_inlier": 54, "refit": true}
{"timestamp": "14:43:28.453774", "frame": 82, "mu": [-2.1957855181387083, 2.6705962361284064, 0.9625235022018794], "Sigma": [[0.024764234722106634, 0.007730874198592537, 0.01807457639645205], [0.007730874198592537, 0.0040507992375403735, 0.00018996776844905448], [0.01807457639645205, 0.00018996776844905534, 0.04650983480987344]], "chi2_level": 0.99, "chi2_df": 3, "chi2_threshold": 11.344866730144373, "N_raw": 22, "N_roi": 7, "N_inlier": 7, "refit": true}
{"timestamp": "14:43:28.512608", "frame": 83, "mu": [-2.1390322675718663, 2.6692930668659605, 1.0078277658667112], "Sigma": [[0.020093390447164246, 0.006467150688679763, -0.009305602567400015], [0.006467150688679763, 0.0049396171493642105, -0.006020159988624687], [-0.009305602567400015, -0.006020159988624687, 0.013497526208758914]], "chi2_level": 0.99, "chi2_df": 3, "chi2_threshold": 11.344866730144373, "N_raw": 48, "N_roi": 48, "N_inlier": 47, "refit": true}
{"timestamp": "14:43:28.568505", "frame": 84, "mu": [-2.159837492430039, 2.6390670605209925, 0.9688374471813043], "Sigma": [[0.021743190447066373, 0.007610359462793852, -0.005200157411800801], [0.007610359462793852, 0.005231388434673463, -0.006271179162902393], [-0.0052001574118008004, -0.006271179162902393, 0.013382970832556467]], "chi2_level": 0.99, "chi2_df": 3, "chi2_threshold": 11.344866730144373, "N_raw": 51, "N_roi": 51, "N_inlier": 51, "refit": true}
{"timestamp": "14:43:28.618500", "frame": 85, "mu": [-2.179839893539273, 2.5111732648592966, 1.2892209609097371], "Sigma": [[0.009516187178673705, 0.005119596891984655, -0.011328055610350628], [0.005119596891984655, 0.00458878829996232, -0.009936033202526501], [-0.011328055610350628, -0.009936033202526503, 0.03758283159227967]], "chi2_level": 0.99, "chi2_df": 3, "chi2_threshold": 11.344866730144373, "N_raw": 23, "N_roi": 21, "N_inlier": 21, "refit": true}
{"timestamp": "14:43:28.674792", "frame": 86, "mu": [-2.039757134460222, 2.5938816615853506, 0.9387824373092017], "Sigma": [[0.007949387147209268, 0.00288373067382181, -0.008937736791122872], [0.00288373067382181, 0.002705038912434671, -0.006250255689588531], [-0.00893773679112287, -0.006250255689588531, 0.020790768309837643]], "chi2_level": 0.99, "chi2_df": 3, "chi2_threshold": 11.344866730144373, "N_raw": 26, "N_roi": 26, "N_inlier": 25, "refit": true}
{"timestamp": "14:43:28.731021", "frame": 87, "mu": [-2.0843765438793564, 2.53768159199997, 1.0402218479000178], "Sigma": [[0.014551932004328973, 0.004160321938889134, -0.012080334833319906], [0.004160321938889134, 0.0029679597457681565, -0.007271230642623088], [-0.012080334833319906, -0.007271230642623088, 0.02171328063260412]], "chi2_level": 0.99, "chi2_df": 3, "chi2_threshold": 11.344866730144373, "N_raw": 36, "N_roi": 36, "N_inlier": 36, "refit": true}
{"timestamp": "14:43:28.787399", "frame": 88, "mu": [-2.133202033422417, 2.4547207639369457, 1.0219883494798117], "Sigma": [[0.014365129924394628, 0.006965272400896054, -0.003350361539471725], [0.006965272400896054, 0.003808502435384476, -0.000811445038609722], [-0.0033503615394717247, -0.000811445038609722, 0.04202720973722089]], "chi2_level": 0.99, "chi2_df": 3, "chi2_threshold": 11.344866730144373, "N_raw": 40, "N_roi": 40, "N_inlier": 38, "refit": true}
{"timestamp": "14:43:28.840091", "frame": 89, "mu": [-2.0154712875743344, 2.467626639446576, 0.8743121192539931], "Sigma": [[0.012508110299133875, 0.004682168460026514, -0.010338347108520145], [0.004682168460026514, 0.0021322060312550196, -0.0045193346554094635], [-0.010338347108520145, -0.004519334655409463, 0.019234986482412435]], "chi2_level": 0.99, "chi2_df": 3, "chi2_threshold": 11.344866730144373, "N_raw": 26, "N_roi": 26, "N_inlier": 25, "refit": true}
{"timestamp": "14:43:28.894591", "frame": 90, "mu": [-2.1607125846224764, 2.3549043998812644, 1.01104834372926], "Sigma": [[0.009303423552262945, 0.0024957094850821485, -0.0018012995141436744], [0.0024957094850821485, 0.0019459885149702447, -0.003558108100607359], [-0.0018012995141436744, -0.003558108100607359, 0.014142666782702608]], "chi2_level": 0.99, "chi2_df": 3, "chi2_threshold": 11.344866730144373, "N_raw": 28, "N_roi": 26, "N_inlier": 26, "refit": true}
{"timestamp": "14:43:28.949011", "frame": 91, "mu": [-2.0676797531596813, 2.3721257825964512, 1.1245523830055206], "Sigma": [[0.007978887430623085, 0.0030722545521560387, 0.009726544480861679], [0.0030722545521560387, 0.002236303070864534, 0.002819185687792257], [0.009726544480861679, 0.002819185687792257, 0.05510330364792837]], "chi2_level": 0.99, "chi2_df": 3, "chi2_threshold": 11.344866730144373, "N_raw": 18, "N_roi": 14, "N_inlier": 14, "refit": true}
{"timestamp": "14:43:29.008627", "frame": 92, "mu": [-2.2355849399448067, 2.268607984302941, 0.9096210008211733], "Sigma": [[0.007916116081788258, 0.003876634028871398, 0.002638823463919581], [0.0038766340288713982, 0.0022213823007393905, 0.00019930573208203653], [0.0026388234639195813, 0.00019930573208203675, 0.03256841515897828]], "chi2_level": 0.99, "chi2_df": 3, "chi2_threshold": 11.344866730144373, "N_raw": 53, "N_roi": 30, "N_inlier": 29, "refit": true}
{"timestamp": "14:43:29.065978", "frame": 93, "mu": [-2.1081027000019184, 2.2957737138838414, 0.9410240494590358], "Sigma": [[0.025504314628683154, 0.009044240656534154, 0.0022614930841384], [0.009044240656534155, 0.004454880428469979, 0.0023472302326933998], [0.002261493084138401, 0.0023472302326933998, 0.03817891797868261]], "chi2_level": 0.99, "chi2_df": 3, "chi2_threshold": 11.344866730144373, "N_raw": 71, "N_roi": 56, "N_inlier": 56, "refit": true}
{"timestamp": "14:43:29.120188", "frame": 94, "mu": [-2.044305010495034, 2.2872887011201257, 0.9898443957555578], "Sigma": [[0.024280470257978734, 0.009963155668742438, 0.008401336934667948], [0.009963155668742438, 0.006542878598146513, 0.008012424873120955], [0.00840133693466795, 0.008012424873120955, 0.049424656877848736]], "chi2_level": 0.99, "chi2_df": 3, "chi2_threshold": 11.344866730144373, "N_raw": 66, "N_roi": 59, "N_inlier": 58, "refit": true}
{"timestamp": "14:43:29.167319", "frame": 95, "mu": [-2.1294788793750867, 2.2322430511428557, 1.0182353558002308], "Sigma": [[0.012525631047459485, 0.007834778932642533, 0.02783197902511507], [0.007834778932642533, 0.006461054760154226, 0.019805964203891142], [0.027831979025115073, 0.019805964203891142, 0.06861142871974803]], "chi2_level": 0.99, "chi2_df": 3, "chi2_threshold": 11.344866730144373, "N_raw": 8, "N_roi": 6, "N_inlier": 6, "refit": true}
{"timestamp": "14:43:29.232793", "frame": 96, "mu": [-2.1431615815260714, 2.138324905273559, 1.133792030411194], "Sigma": [[0.03569694083489861, 0.01968560640913, -0.019408754761766882], [0.019685606409130002, 0.01797324727118236, -0.025058834326796196], [-0.019408754761766882, -0.025058834326796196, 0.07424924415372425]], "chi2_level": 0.99, "chi2_df": 3, "chi2_threshold": 11.344866730144373, "N_raw": 85, "N_roi": 67, "N_inlier": 66, "refit": true}
{"timestamp": "14:43:29.284796", "frame": 97, "mu": [-2.0923010219950626, 2.068958254843517, 0.7964297136058869], "Sigma": [[0.02494635979013966, 0.0006792689605729439, -0.005094042323243841], [0.0006792689605729441, 0.00583170488145229, -0.0042369445165983035], [-0.005094042323243841, -0.0042369445165983035, 0.011701029173754271]], "chi2_level": 0.99, "chi2_df": 3, "chi2_threshold": 11.344866730144373, "N_raw": 59, "N_roi": 59, "N_inlier": 56, "refit": true}
{"timestamp": "14:43:29.340898", "frame": 98, "mu": [-2.1211542259166443, 2.0606806950681595, 1.3436043238704283], "Sigma": [[0.04024565777361249, 0.02098866763375474, -0.04308934281477987], [0.020988667633754746, 0.015682836225312934, -0.024686039121807328], [-0.04308934281477988, -0.024686039121807328, 0.04912617646612335]], "chi2_level": 0.99, "chi2_df": 3, "chi2_threshold": 11.344866730144373, "N_raw": 75, "N_roi": 67, "N_inlier": 63, "refit": true}
{"timestamp": "14:43:29.394210", "frame": 99, "mu": [-2.194590951132337, 1.9436155695495387, 1.1389078558316827], "Sigma": [[0.03269809775321742, 0.02249820576624842, -0.02128773860926783], [0.02249820576624842, 0.01757630083028902, -0.017655678718440128], [-0.021287738609267835, -0.01765567871844013, 0.024653932262673435]], "chi2_level": 0.99, "chi2_df": 3, "chi2_threshold": 11.344866730144373, "N_raw": 59, "N_roi": 53, "N_inlier": 52, "refit": true}
{"timestamp": "14:43:29.507853", "frame": 100, "mu": [-2.151780518115677, 1.8885082882740678, 1.158229838117928], "Sigma": [[0.02636346849586925, 0.017813645062523434, -0.026284174350348216], [0.017813645062523434, 0.014362265483343422, -0.02076409235666448], [-0.026284174350348216, -0.02076409235666448, 0.04572779740111804]], "chi2_level": 0.99, "chi2_df": 3, "chi2_threshold": 11.344866730144373, "N_raw": 35, "N_roi": 35, "N_inlier": 34, "refit": true}
{"timestamp": "14:43:29.530046", "frame": 101, "mu": [-2.1367431090497826, 1.8881831349483695, 1.14475949482318], "Sigma": [[0.03653074483086733, 0.023685033267856405, -0.026208313482821897], [0.023685033267856405, 0.018386709710779835, -0.020599865732967692], [-0.026208313482821897, -0.020599865732967695, 0.0350358088496641]], "chi2_level": 0.99, "chi2_df": 3, "chi2_threshold": 11.344866730144373, "N_raw": 12, "N_roi": 12, "N_inlier": 11, "refit": true}
{"timestamp": "14:43:29.560497", "frame": 102, "mu": [-2.1889685801733756, 1.8273635986227412, 1.1481106502936227], "Sigma": [[0.020058097673377726, 0.013421552759128333, -0.01222680604216458], [0.013421552759128333, 0.011178699157184481, -0.011746245549402302], [-0.01222680604216458, -0.0117462455494023, 0.015299700325233012]], "chi2_level": 0.99, "chi2_df": 3, "chi2_threshold": 11.344866730144373, "N_raw": 41, "N_roi": 41, "N_inlier": 41, "refit": true}
