{"timestamp": "15:22:44.646859", "frame": 27, "mu": [2.350473069749256, 0.7844425289544561, 1.186114739729622], "Sigma": [[0.0023584606255474074, -0.0002847766308687421, -0.0016284631278763685], [-0.0002847766308687421, 0.0017256250111465597, -0.000582240830519742], [-0.0016284631278763685, -0.000582240830519742, 0.0024223212352523183]], "chi2_level": 0.99, "chi2_df": 3, "chi2_threshold": 11.344866730144373, "N_raw": 6, "N_roi": 6, "N_inlier": 6, "refit": true}
{"timestamp": "15:22:44.702974", "frame": 28, "mu": [2.354736066883395, 0.9293985940190559, -0.9415428607322025], "Sigma": [[0.0036018143579518045, -0.001506859557871676, -0.006407216776285536], [-0.001506859557871676, 0.007077116423566191, -0.0020678011791427317], [-0.006407216776285537, -0.0020678011791427317, 0.025263871318399373]], "chi2_level": 0.99, "chi2_df": 3, "chi2_threshold": 11.344866730144373, "N_raw": 14, "N_roi": 14, "N_inlier": 14, "refit": true}
{"timestamp": "15:22:44.923527", "frame": 32, "mu": [2.1585543522433515, 0.7770006906114209, 1.0397034355981853], "Sigma": [[0.0007553372325974264, -0.0003615779738150944, -0.0004874407866297237], [-0.0003615779738150943, 0.011339464656093179, -0.017349028809394408], [-0.0004874407866297237, -0.017349028809394408, 0.03445330509796585]], "chi2_level": 0.99, "chi2_df": 3, "chi2_threshold": 11.344866730144373, "N_raw": 6, "N_roi": 6, "N_inlier": 6, "refit": true}
{"timestamp": "15:22:44.975995", "frame": 33, "mu": [2.1119417124019737, 0.6861105709267442, 1.1223169156297481], "Sigma": [[0.0018385223260177772, 0.00082310396264912, -0.0044718649768009655], [0.00082310396264912, 0.0036580229023984324, 0.0005517174139178234], [-0.0044718649768009655, 0.0005517174139178234, 0.013038952835126415]], "chi2_level": 0.99, "chi2_df": 3, "chi2_threshold": 11.344866730144373, "N_raw": 5, "N_roi": 5, "N_inlier": 5, "refit": true}
{"timestamp": "15:22:45.086780", "frame": 35, "mu": [2.0207273803008206, 0.633696910485218, 1.0453094342064992], "Sigma": [[0.00039678600920783306, -0.0007898049790371856, -0.0036511889989976013], [-0.0007898049790371856, 0.008920215397446562, 0.009617867107616657], [-0.0036511889989976013, 0.009617867107616657, 0.035240968767504016]], "chi2_level": 0.99, "chi2_df": 3, "chi2_threshold": 11.344866730144373, "N_raw": 5, "N_roi": 5, "N_inlier": 5, "refit": true}
{"timestamp": "15:22:45.143241", "frame": 36, "mu": [1.919030460167576, 0.7623626472967504, 1.0719479578104785], "Sigma": [[0.004686296627775049, -0.0024787260268236263, -0.011379591499434662], [-0.0024787260268236268, 0.006759332544529007, -0.0009945203554854974], [-0.011379591499434662, -0.000994520355485497, 0.04634161320267174]], "chi2_level": 0.99, "chi2_df": 3, "chi2_threshold": 11.344866730144373, "N_raw": 7, "N_roi": 7, "N_inlier": 7, "refit": true}
{"timestamp": "15:22:45.197970", "frame": 37, "mu": [1.8680456317525498, 0.8060964153656333, 1.2158833270947746], "Sigma": [[0.0021629894530019907, 0.002341771485562546, -0.006715388825644906], [0.002341771485562546, 0.005485788020123862, -0.00942981376588561], [-0.006715388825644906, -0.00942981376588561, 0.031676449479947556]], "chi2_level": 0.99, "chi2_df": 3, "chi2_threshold": 11.344866730144373, "N_raw": 10, "N_roi": 10, "N_inlier": 10, "refit": true}
{"timestamp": "15:22:45.254624", "frame": 38, "mu": [1.8276035339953323, 0.7365584120048864, 1.3199413836196858], "Sigma": [[0.002858807387760171, -0.002285406254698988, -0.00377539348821436], [-0.002285406254698988, 0.0062863342054359644, -0.0017392414290510268], [-0.00377539348821436, -0.0017392414290510268, 0.015163319527802721]], "chi2_level": 0.99, "chi2_df": 3, "chi2_threshold": 11.344866730144373, "N_raw": 24, "N_roi": 24, "N_inlier": 22, "refit": true}
{"timestamp": "15:22:45.313415", "frame": 39, "mu": [1.7973865527312336, 0.7552999921444222, 1.1973580632110132], "Sigma": [[0.004263085684080749, -0.005382750899566425, -0.0035633275192938378], [-0.005382750899566424, 0.008870610012404488, 3.142832457133076e-05], [-0.003563327519293837, 3.14283245713306e-05, 0.012835902287043862]], "chi2_level": 0.99, "chi2_df": 3, "chi2_threshold": 11.344866730144373, "N_raw": 35, "N_roi": 35, "N_inlier": 33, "refit": true}
{"timestamp": "15:22:45.367458", "frame": 40, "mu": [1.6743386840720702, 0.8072852592885454, 1.359851809606178], "Sigma": [[0.003628804453712633, -0.0034099917372156993, -0.0033862233545945176], [-0.0034099917372156993, 0.008089432337309403, -0.0005769014520118958], [-0.0033862233545945176, -0.0005769014520118958, 0.009685095105755602]], "chi2_level": 0.99, "chi2_df": 3, "chi2_threshold": 11.344866730144373, "N_raw": 29, "N_roi": 29, "N_inlier": 29, "refit": true}
{"timestamp": "15:22:45.424479", "frame": 41, "mu": [1.6510152764753339, 0.753666260038271, 1.320221550754425], "Sigma": [[0.0061661022833595465, -0.005846410593660569, -0.007091930729235085], [-0.005846410593660569, 0.009602945889338188, 0.0025274923581027594], [-0.007091930729235085, 0.0025274923581027594, 0.019070288800729345]], "chi2_level": 0.99, "chi2_df": 3, "chi2_threshold": 11.344866730144373, "N_raw": 45, "N_roi": 45, "N_inlier": 43, "refit": true}
{"timestamp": "15:22:45.477723", "frame": 42, "mu": [1.5681899641115966, 0.7640852826517319, 1.3788214726082733], "Sigma": [[0.005066099741003195, -0.0031472345387952424, -0.005988710377340124], [-0.003147234538795242, 0.00741292267418149, 0.0009623833595419073], [-0.005988710377340124, 0.0009623833595419073, 0.017641686479184758]], "chi2_level": 0.99, "chi2_df": 3, "chi2_threshold": 11.344866730144373, "N_raw": 31, "N_roi": 31, "N_inlier": 30, "refit": true}
{"timestamp": "15:22:45.530464", "frame": 43, "mu": [1.547041267422282, 0.7585823972802714, 1.300323023906548], "Sigma": [[0.006567529795127568, -0.005445183618570387, -0.01874344141466773], [-0.005445183618570387, 0.009607388589158215, 0.01818305530257094], [-0.01874344141466773, 0.01818305530257094, 0.06520927611336619]], "chi2_level": 0.99, "chi2_df": 3, "chi2_threshold": 11.344866730144373, "N_raw": 17, "N_roi": 17, "N_inlier": 16, "refit": true}
{"timestamp": "15:22:45.586504", "frame": 44, "mu": [1.570488928042752, 0.693375821407507, 0.9948289675281887], "Sigma": [[0.005615304886315241, -0.006781239327871627, -0.01226646281636671], [-0.006781239327871627, 0.011932313864053426, 0.00906823411238718], [-0.01226646281636671, 0.00906823411238718, 0.0391865695828704]], "chi2_level": 0.99, "chi2_df": 3, "chi2_threshold": 11.344866730144373, "N_raw": 21, "N_roi": 21, "N_inlier": 20, "refit": true}
{"timestamp": "15:22:45.643592", "frame": 45, "mu": [1.4546928354433795, 0.7486306034690158, 1.2254731863372774], "Sigma": [[0.005321152816999223, -0.004461120320036003, -0.007413722771994334], [-0.004461120320036003, 0.006228039619315346, 0.003666818332759453], [-0.007413722771994334, 0.0036668183327594533, 0.01592768737547824]], "chi2_level": 0.99, "chi2_df": 3, "chi2_threshold": 11.344866730144373, "N_raw": 34, "N_roi": 34, "N_inlier": 33, "refit": true}
{"timestamp": "15:22:45.696827", "frame": 46, "mu": [1.4374531670087263, 0.673752861360509, 1.2067558149853073], "Sigma": [[0.0038456763676389203, -0.0020638459183539844, -0.0029028713922899002], [-0.002063845918353985, 0.004254652579579252, 0.0005457866287115571], [-0.0029028713922899007, 0.000545786628711557, 0.0071796102442433255]], "chi2_level": 0.99, "chi2_df": 3, "chi2_threshold": 11.344866730144373, "N_raw": 26, "N_roi": 26, "N_inlier": 24, "refit": true}
{"timestamp": "15:22:45.750981", "frame": 47, "mu": [1.3209600065398435, 0.7686177874254441, 1.3817861184040532], "Sigma": [[0.0028765129674693125, -0.0011653489734494548, -0.0042187878123310495], [-0.0011653489734494548, 0.0027111150185848767, 3.378974954578828e-05], [-0.0042187878123310495, 3.378974954578828e-05, 0.041897814934387156]], "chi2_level": 0.99, "chi2_df": 3, "chi2_threshold": 11.344866730144373, "N_raw": 20, "N_roi": 19, "N_inlier": 18, "refit": true}
{"timestamp": "15:22:45.806850", "frame": 48, "mu": [1.242648396039711, 0.7981099690483844, 1.3607253632646357], "Sigma": [[0.0022819456435016904, -4.041253994000121e-05, -0.007883848393936702], [-4.041253994000118e-05, 0.0019115612186992503, -0.002000900409312061], [-0.007883848393936702, -0.002000900409312061, 0.05304951084154072]], "chi2_level": 0.99, "chi2_df": 3, "chi2_threshold": 11.344866730144373, "N_raw": 18, "N_roi": 18, "N_inlier": 18, "refit": true}
{"timestamp": "15:22:45.862283", "frame": 49, "mu": [1.1843544503553338, 0.8179593537972761, 1.4541908477641179], "Sigma": [[0.003798222141179958, -0.00013980123214611304, -0.0036998465110785984], [-0.00013980123214611312, 0.0030398434760299407, -0.00018742456138260094], [-0.0036998465110785984, -0.00018742456138260083, 0.03429119183596461]], "chi2_level": 0.99, "chi2_df": 3, "chi2_threshold": 11.344866730144373, "N_raw": 32, "N_roi": 32, "N_inlier": 30, "refit": true}
{"timestamp": "15:22:45.919374", "frame": 50, "mu": [1.1036528578775782, 0.8230253583425476, 1.381396576280173], "Sigma": [[0.005837853381704649, -0.0022422136027418276, -0.00891008712503277], [-0.0022422136027418276, 0.004429182465177538, -0.0005121889198391451], [-0.00891008712503277, -0.000512188919839145, 0.056634743767967025]], "chi2_level": 0.99, "chi2_df": 3, "chi2_threshold": 11.344866730144373, "N_raw": 45, "N_roi": 45, "N_inlier": 44, "refit": true}
{"timestamp": "15:22:45.972673", "frame": 51, "mu": [1.079279310631778, 0.837253926238184, 1.165688804021173], "Sigma": [[0.005479310669094695, -0.002917218079597203, -0.02160614748578411], [-0.002917218079597203, 0.0034391632389145967, 0.01102879521239695], [-0.021606147485784113, 0.011028795212396948, 0.15337155948244144]], "chi2_level": 0.99, "chi2_df": 3, "chi2_threshold": 11.344866730144373, "N_raw": 28, "N_roi": 28, "N_inlier": 27, "refit": true}
{"timestamp": "15:22:46.029402", "frame": 52, "mu": [0.9722917412137464, 0.8595695303907223, 1.4274817850859018], "Sigma": [[0.005028270524185034, -0.00226674094054139, -0.00400808177146348], [-0.00226674094054139, 0.0036924872927992696, 0.00015464186959647153], [-0.004008081771463479, 0.00015464186959647145, 0.004791513309415059]], "chi2_level": 0.99, "chi2_df": 3, "chi2_threshold": 11.344866730144373, "N_raw": 46, "N_roi": 46, "N_inlier": 41, "refit": true}
{"timestamp": "15:22:46.083901", "frame": 53, "mu": [0.8808185354095484, 0.8928984271994035, 1.4670990687790244], "Sigma": [[0.00545216859460462, -0.0020968437307478187, -0.0045735290612026035], [-0.0020968437307478187, 0.0033415981099315564, 0.0020950228160602708], [-0.0045735290612026035, 0.0020950228160602708, 0.006073785628176989]], "chi2_level": 0.99, "chi2_df": 3, "chi2_threshold": 11.344866730144373, "N_raw": 38, "N_roi": 38, "N_inlier": 35, "refit": true}
{"timestamp": "15:22:46.139368", "frame": 54, "mu": [0.8640509877688095, 0.8551693017904384, 1.4204942554921238], "Sigma": [[0.004597810901549729, -0.0008717353099871013, -0.0031381412368824495], [-0.0008717353099871014, 0.002635848171353851, -0.0009111836769117502], [-0.0031381412368824495, -0.0009111836769117502, 0.003551603806034716]], "chi2_level": 0.99, "chi2_df": 3, "chi2_threshold": 11.344866730144373, "N_raw": 46, "N_roi": 46, "N_inlier": 45, "refit": true}
{"timestamp": "15:22:46.198567", "frame": 55, "mu": [0.8352647791211659, 0.832348291316368, 1.3438239159181522], "Sigma": [[0.008554077877772745, -0.000839031381345495, -0.007176585296895789], [-0.000839031381345495, 0.0032258378017694317, -0.0016118258821051553], [-0.007176585296895789, -0.0016118258821051553, 0.008325645707774497]], "chi2_level": 0.99, "chi2_df": 3, "chi2_threshold": 11.344866730144373, "N_raw": 76, "N_roi": 76, "N_inlier": 76, "refit": true}
{"timestamp": "15:22:46.251805", "frame": 56, "mu": [0.7612677617850782, 0.8357122418231077, 1.3655382237459603], "Sigma": [[0.005571185712148092, -0.0010216326557280734, -0.004375164425397119], [-0.0010216326557280734, 0.002008470364624507, 0.00033299181166051694], [-0.004375164425397119, 0.0003329918116605171, 0.01137255903394146]], "chi2_level": 0.99, "chi2_df": 3, "chi2_threshold": 11.344866730144373, "N_raw": 58, "N_roi": 58, "N_inlier": 55, "refit": true}
{"timestamp": "15:22:46.308819", "frame": 57, "mu": [0.7193671185658603, 0.8156452720885063, 1.2688533045540327], "Sigma": [[0.008112991855435066, -0.003288736097172177, -0.013105779518356866], [-0.003288736097172177, 0.003656265551614278, 0.0025476621305636172], [-0.013105779518356866, 0.0025476621305636172, 0.031480199284879426]], "chi2_level": 0.99, "chi2_df": 3, "chi2_threshold": 11.344866730144373, "N_raw": 70, "N_roi": 70, "N_inlier": 68, "refit": true}
{"timestamp": "15:22:46.365533", "frame": 58, "mu": [0.679850896936019, 0.7838221065481388, 1.3147739483543273], "Sigma": [[0.00762645825932095, -0.001717820266063022, -0.010011826425911963], [-0.001717820266063022, 0.0029029183011855626, 0.005185057350465637], [-0.010011826425911963, 0.0051850573504656355, 0.042216402364506266]], "chi2_level": 0.99, "chi2_df": 3, "chi2_threshold": 11.344866730144373, "N_raw": 85, "N_roi": 84, "N_inlier": 82, "refit": true}
{"timestamp": "15:22:46.421207", "frame": 59, "mu": [0.6006331677097976, 0.785619394947032, 1.2119483354182705], "Sigma": [[0.003775460413521246, -0.001116319715558593, -0.004330915532738547], [-0.001116319715558593, 0.0028750790974915595, 0.008477681363831365], [-0.004330915532738547, 0.008477681363831365, 0.09179157857917043]], "chi2_level": 0.99, "chi2_df": 3, "chi2_threshold": 11.344866730144373, "N_raw": 82, "N_roi": 80, "N_inlier": 80, "refit": true}
{"timestamp": "15:22:46.474545", "frame": 60, "mu": [0.5186799891082605, 0.7946645759689936, 1.0807271472101179], "Sigma": [[0.0023107931390240937, -0.0012192594639227035, -0.006642072219279217], [-0.0012192594639227035, 0.0024726166669612488, 0.005031542084843787], [-0.006642072219279217, 0.005031542084843787, 0.12341471045607397]], "chi2_level": 0.99, "chi2_df": 3, "chi2_threshold": 11.344866730144373, "N_raw": 73, "N_roi": 72, "N_inlier": 71, "refit": true}
{"timestamp": "15:22:46.530740", "frame": 61, "mu": [0.4506141525360529, 0.8218712323252044, 1.169871122314645], "Sigma": [[0.003225292962716491, -0.003857438292977046, -0.013398806884822305], [-0.003857438292977046, 0.008373193084551754, 0.019147554841061357], [-0.013398806884822305, 0.019147554841061357, 0.12132499259795626]], "chi2_level": 0.99, "chi2_df": 3, "chi2_threshold": 11.344866730144373, "N_raw": 83, "N_roi": 83, "N_inlier": 82, "refit": true}
{"timestamp": "15:22:46.581251", "frame": 62, "mu": [0.43596898892347297, 0.8626543824696691, 1.3680309099628876], "Sigma": [[0.0037812486720554227, 0.0013684387143509968, -0.003976519229662478], [0.0013684387143509966, 0.0018682985236921068, -0.00035155177742989896], [-0.003976519229662479, -0.000351551777429899, 0.02601352564821278]], "chi2_level": 0.99, "chi2_df": 3, "chi2_threshold": 11.344866730144373, "N_raw": 54, "N_roi": 54, "N_inlier": 52, "refit": true}
{"timestamp": "15:22:46.636116", "frame": 63, "mu": [0.32211568918092326, 0.8809129260780494, 1.3746785453214014], "Sigma": [[0.0022243251742435663, -4.718541891439086e-05, -0.002472677886520872], [-4.7185418914390904e-05, 0.0017010501523851919, -0.00178425758656175], [-0.002472677886520872, -0.00178425758656175, 0.006951624436329249]], "chi2_level": 0.99, "chi2_df": 3, "chi2_threshold": 11.344866730144373, "N_raw": 58, "N_roi": 58, "N_inlier": 52, "refit": true}
{"timestamp": "15:22:46.700524", "frame": 64, "mu": [0.3647427750676564, 0.813078273072925, 1.1249034598743246], "Sigma": [[0.0054784646255477045, -0.0011499586689858693, -0.0052358524557946096], [-0.0011499586689858688, 0.002919802116002242, 0.00921481518419304], [-0.0052358524557946096, 0.00921481518419304, 0.11094352394582564]], "chi2_level": 0.99, "chi2_df": 3, "chi2_threshold": 11.344866730144373, "N_raw": 111, "N_roi": 111, "N_inlier": 106, "refit": true}
{"timestamp": "15:22:46.755617", "frame": 65, "mu": [0.2608879600202675, 0.8258787555879878, 1.1778861034140449], "Sigma": [[0.005080344056465304, -0.0024878655226222234, -0.016000524620698366], [-0.0024878655226222234, 0.004081235445973693, 0.012421275290438832], [-0.016000524620698366, 0.012421275290438832, 0.0964657121589395]], "chi2_level": 0.99, "chi2_df": 3, "chi2_threshold": 11.344866730144373, "N_raw": 114, "N_roi": 114, "N_inlier": 110, "refit": true}
{"timestamp": "15:22:46.806791", "frame": 66, "mu": [0.19060594870543118, 0.861797944539182, 1.2836839679482979], "Sigma": [[0.006629080262948061, -0.001505905999586936, -0.011573850870104775], [-0.001505905999586936, 0.002511969956849611, 0.004333830219693207], [-0.011573850870104775, 0.004333830219693207, 0.10668515252204942]], "chi2_level": 0.99, "chi2_df": 3, "chi2_threshold": 11.344866730144373, "N_raw": 83, "N_roi": 81, "N_inlier": 77, "refit": true}
{"timestamp": "15:22:46.856448", "frame": 67, "mu": [0.11405470626585208, 0.8231030156984771, 1.2000121145123481], "Sigma": [[0.002715768194213816, -0.0006876671274925113, -0.010905570990237376], [-0.0006876671274925113, 0.0009066516466687543, 0.002346697773935003], [-0.010905570990237376, 0.002346697773935003, 0.08238904988352491]], "chi2_level": 0.99, "chi2_df": 3, "chi2_threshold": 11.344866730144373, "N_raw": 51, "N_roi": 51, "N_inlier": 49, "refit": true}
{"timestamp": "15:22:46.905727", "frame": 68, "mu": [0.0212911598545613, 0.800768810680709, 1.4158188202317545], "Sigma": [[0.0013534998547110883, -0.0009742009618193311, -0.003091194197528486], [-0.0009742009618193309, 0.0009893163167983938, 0.001975382185853103], [-0.003091194197528486, 0.001975382185853103, 0.00928136024048643]], "chi2_level": 0.99, "chi2_df": 3, "chi2_threshold": 11.344866730144373, "N_raw": 19, "N_roi": 19, "N_inlier": 16, "refit": true}
{"timestamp": "15:22:46.969361", "frame": 69, "mu": [-0.005335070862591958, 0.8307914835047384, 1.3229059404511334], "Sigma": [[0.0024046823399954454, -0.001106787991606007, -0.0025894411242035204], [-0.001106787991606007, 0.003261408194511872, -0.001158811757842292], [-0.0025894411242035204, -0.001158811757842292, 0.013718391256622001]], "chi2_level": 0.99, "chi2_df": 3, "chi2_threshold": 11.344866730144373, "N_raw": 80, "N_roi": 80, "N_inlier": 78, "refit": true}
{"timestamp": "15:22:47.031052", "frame": 70, "mu": [-0.056009804099654455, 0.7924907701778194, 1.2855738877268332], "Sigma": [[0.004582366396936264, -0.004674817122968965, -0.0058549261838715975], [-0.004674817122968966, 0.00812702452234085, 0.00400010234171709], [-0.005854926183871597, 0.00400010234171709, 0.02477662998403332]], "chi2_level": 0.99, "chi2_df": 3, "chi2_threshold": 11.344866730144373, "N_raw": 120, "N_roi": 120, "N_inlier": 116, "refit": true}
{"timestamp": "15:22:47.087637", "frame": 71, "mu": [-0.11468755828815552, 0.8028590423599589, 1.3398316318657533], "Sigma": [[0.0058304656659161885, -0.005897985626520745, -0.008544045793154466], [-0.005897985626520745, 0.010246034110685425, 0.0054724019895294705], [-0.008544045793154466, 0.0054724019895294705, 0.018674560159884956]], "chi2_level": 0.99, "chi2_df": 3, "chi2_threshold": 11.344866730144373, "N_raw": 125, "N_roi": 124, "N_inlier": 120, "refit": true}
{"timestamp": "15:22:47.141883", "frame": 72, "mu": [-0.16610679498967879, 0.7471473118785779, 1.3336891500185761], "Sigma": [[0.008434093939758483, -0.009441526055651229, -0.012295826282345525], [-0.009441526055651229, 0.013924596978128803, 0.012526395187813157], [-0.012295826282345525, 0.012526395187813157, 0.022761388625110908]], "chi2_level": 0.99, "chi2_df": 3, "chi2_threshold": 11.344866730144373, "N_raw": 120, "N_roi": 120, "N_inlier": 118, "refit": true}
{"timestamp": "15:22:47.194991", "frame": 73, "mu": [-0.2839054457619151, 0.8379004223504114, 1.4291385046105864], "Sigma": [[0.008003666569541887, -0.0033463952837230583, -0.00880156840701847], [-0.003346395283723059, 0.004737724711744458, 0.0019767533186153996], [-0.00880156840701847, 0.0019767533186154, 0.01333755810381444]], "chi2_level": 0.99, "chi2_df": 3, "chi2_threshold": 11.344866730144373, "N_raw": 105, "N_roi": 105, "N_inlier": 103, "refit": true}
{"timestamp": "15:22:47.241991", "frame": 74, "mu": [-0.41460540308033145, 0.8239651328405738, 1.5053258027658896], "Sigma": [[0.0042336999113347235, -0.0020838243792909404, -0.0027987638330142627], [-0.0020838243792909404, 0.002421934199576488, -0.0019077061302763274], [-0.0027987638330142627, -0.0019077061302763274, 0.030653952343040518]], "chi2_level": 0.99, "chi2_df": 3, "chi2_threshold": 11.344866730144373, "N_raw": 60, "N_roi": 60, "N_inlier": 55, "refit": true}
{"timestamp": "15:22:47.299593", "frame": 75, "mu": [-0.2735255328080558, 0.7468738811053216, 1.1766865328003606], "Sigma": [[0.0029262998620879516, -0.0036564906333013693, 0.0033843090727093857], [-0.003656490633301369, 0.008842824628605679, -0.010697532762882283], [0.0033843090727093865, -0.010697532762882283, 0.02678169189539126]], "chi2_level": 0.99, "chi2_df": 3, "chi2_threshold": 11.344866730144373, "N_raw": 72, "N_roi": 69, "N_inlier": 66, "refit": true}
{"timestamp": "15:22:47.365267", "frame": 76, "mu": [-0.44676468440613065, 0.7662472590087777, 0.45989081446833624], "Sigma": [[0.017178833023926664, -0.012229308385242263, 0.0884063842898916], [-0.012229308385242263, 0.013756367149191982, -0.04984296608266647], [0.0884063842898916, -0.04984296608266647, 0.7137566568355062]], "chi2_level": 0.99, "chi2_df": 3, "chi2_threshold": 11.344866730144373, "N_raw": 148, "N_roi": 146, "N_inlier": 139, "refit": true}
{"timestamp": "15:22:47.420944", "frame": 77, "mu": [-0.5874445619870241, 0.7667720369636017, 0.6000784589030782], "Sigma": [[0.04844592059804104, -0.003910451486665999, 0.1221563360490415], [-0.003910451486665999, 0.012695335336010673, -0.025708673772192856], [0.1221563360490415, -0.025708673772192853, 0.5171495330403815]], "chi2_level": 0.99, "chi2_df": 3, "chi2_threshold": 11.344866730144373, "N_raw": 149, "N_roi": 149, "N_inlier": 149, "refit": true}
{"timestamp": "15:22:47.473220", "frame": 78, "mu": [-0.6584491731033413, 0.7538205642725677, 1.4893333704595884], "Sigma": [[0.03816663425246562, -0.001632580192694676, -0.03772082346669346], [-0.001632580192694676, 0.009317442889551216, 0.0001619902304401885], [-0.03772082346669346, 0.00016199023044018764, 0.04304961423050514]], "chi2_level": 0.99, "chi2_df": 3, "chi2_threshold": 11.344866730144373, "N_raw": 134, "N_roi": 134, "N_inlier": 133, "refit": true}
{"timestamp": "15:22:47.530536", "frame": 79, "mu": [-0.7621925087416055, 0.7232620213344174, 1.5286747176282516], "Sigma": [[0.04452449705260714, -0.0010666130686103805, -0.044374029454138646], [-0.001066613068610381, 0.007247721590982258, -0.0018249114864084559], [-0.044374029454138646, -0.0018249114864084559, 0.05208160768450616]], "chi2_level": 0.99, "chi2_df": 3, "chi2_threshold": 11.344866730144373, "N_raw": 150, "N_roi": 150, "N_inlier": 150, "refit": true}
{"timestamp": "15:22:47.573955", "frame": 80, "mu": [-0.8019701514595375, 0.6643514657448184, 1.5361638458852902], "Sigma": [[0.057887143924834766, -0.004115232714237457, -0.07570592057782541], [-0.004115232714237456, 0.005879958123413405, 0.0030403044964965216], [-0.07570592057782541, 0.0030403044964965225, 0.10249759283426055]], "chi2_level": 0.99, "chi2_df": 3, "chi2_threshold": 11.344866730144373, "N_raw": 70, "N_roi": 70, "N_inlier": 68, "refit": true}
{"timestamp": "15:22:47.632829", "frame": 81, "mu": [-0.7914949321618665, 0.6756166849694029, 1.4482399658461196], "Sigma": [[0.06446900237024947, 0.004330084875207852, -0.0604598758689302], [0.004330084875207852, 0.005383282046281545, -0.00690716563899863], [-0.0604598758689302, -0.00690716563899863, 0.06307344737376866]], "chi2_level": 0.99, "chi2_df": 3, "chi2_threshold": 11.344866730144373, "N_raw": 102, "N_roi": 102, "N_inlier": 102, "refit": true}
{"timestamp": "15:22:47.692444", "frame": 82, "mu": [-0.8649446567145364, 0.6879241413035448, 1.481256228656754], "Sigma": [[0.045373355047765254, -0.0030985348863242345, -0.042407699633439176], [-0.0030985348863242345, 0.007915068221247273, -6.80935010846746e-05], [-0.042407699633439176, -6.80935010846746e-05, 0.04661772129843042]], "chi2_level": 0.99, "chi2_df": 3, "chi2_threshold": 11.344866730144373, "N_raw": 129, "N_roi": 129, "N_inlier": 129, "refit": true}
{"timestamp": "15:22:47.742606", "frame": 83, "mu": [-0.970845324037482, 0.689010488625841, 1.494149701109971], "Sigma": [[0.03471062934544193, 0.003787341043856968, -0.02459264808847332], [0.003787341043856968, 0.007056709811733079, -0.006983546693062109], [-0.02459264808847332, -0.006983546693062109, 0.02415613649850974]], "chi2_level": 0.99, "chi2_df": 3, "chi2_threshold": 11.344866730144373, "N_raw": 91, "N_roi": 91, "N_inlier": 89, "refit": true}
{"timestamp": "15:22:47.790417", "frame": 84, "mu": [-1.1064110947724926, 0.6798272585765253, 1.518314786143907], "Sigma": [[0.013862677556858298, 0.005977614258995517, -0.007223363086993471], [0.005977614258995517, 0.004530928439441566, -0.0049455517670713555], [-0.007223363086993471, -0.0049455517670713555, 0.01727173284156102]], "chi2_level": 0.99, "chi2_df": 3, "chi2_threshold": 11.344866730144373, "N_raw": 49, "N_roi": 49, "N_inlier": 46, "refit": true}
{"timestamp": "15:22:47.848268", "frame": 85, "mu": [-1.1146211508064205, 0.7259522776312053, 1.544635962813748], "Sigma": [[0.010037452921988666, 0.003705088642700364, -0.004886599149300771], [0.003705088642700364, 0.00659795453825781, -0.005439048552530138], [-0.004886599149300771, -0.005439048552530138, 0.0052236210344737055]], "chi2_level": 0.99, "chi2_df": 3, "chi2_threshold": 11.344866730144373, "N_raw": 76, "N_roi": 76, "N_inlier": 73, "refit": true}
{"timestamp": "15:22:47.905829", "frame": 86, "mu": [-1.0881266777301575, 0.7471867064330244, 1.4395179709395798], "Sigma": [[0.019744457239324158, 0.008268352354506316, -0.024587624956290372], [0.008268352354506316, 0.008669394777965512, -0.014130849226874624], [-0.024587624956290376, -0.014130849226874624, 0.04543046060982241]], "chi2_level": 0.99, "chi2_df": 3, "chi2_threshold": 11.344866730144373, "N_raw": 86, "N_roi": 86, "N_inlier": 85, "refit": true}
{"timestamp": "15:22:47.956373", "frame": 87, "mu": [-1.2199110480182276, 0.635491483479162, 1.4683552672504252], "Sigma": [[0.007429140979810472, 0.0027268515446506646, -0.0011693421390472148], [0.002726851544650664, 0.00441267788925009, -0.002967892097174708], [-0.0011693421390472148, -0.002967892097174708, 0.0027770891363744425]], "chi2_level": 0.99, "chi2_df": 3, "chi2_threshold": 11.344866730144373, "N_raw": 53, "N_roi": 53, "N_inlier": 48, "refit": true}
{"timestamp": "15:22:48.012589", "frame": 88, "mu": [-1.2186034300116657, 0.5619638281034942, 1.4076501850113952], "Sigma": [[0.011287411497946013, 0.0017153250656928491, -0.006475796544253187], [0.0017153250656928493, 0.007512727931313633, -0.005034275670331679], [-0.006475796544253185, -0.005034275670331679, 0.009183731516579786]], "chi2_level": 0.99, "chi2_df": 3, "chi2_threshold": 11.344866730144373, "N_raw": 64, "N_roi": 64, "N_inlier": 61, "refit": true}
{"timestamp": "15:22:48.064894", "frame": 89, "mu": [-1.1816133873517707, 0.8151289713685064, -0.5563230701486276], "Sigma": [[0.0066350467400105, 0.013564506121575302, -0.009123876770400385], [0.013564506121575302, 0.05976235371115517, -0.0523700900417022], [-0.009123876770400385, -0.0523700900417022, 0.0719005820429138]], "chi2_level": 0.99, "chi2_df": 3, "chi2_threshold": 11.344866730144373, "N_raw": 50, "N_roi": 50, "N_inlier": 50, "refit": true}
{"timestamp": "15:22:48.127813", "frame": 90, "mu": [-1.258286233728714, 0.6891286426275846, 1.2695855400443252], "Sigma": [[0.014768137454945466, 0.008749606172137377, -0.03272224080956293], [0.008749606172137377, 0.017285432539075024, -0.042669466878730564], [-0.03272224080956293, -0.042669466878730564, 0.1490272787867784]], "chi2_level": 0.99, "chi2_df": 3, "chi2_threshold": 11.344866730144373, "N_raw": 103, "N_roi": 96, "N_inlier": 95, "refit": true}
{"timestamp": "15:22:48.178213", "frame": 91, "mu": [-1.3115081061163436, 0.6041078308397523, 1.2359085229272253], "Sigma": [[0.0071561322397689885, 0.0018144919621082237, -0.016813066520486874], [0.001814491962108223, 0.038480023560054685, -0.05300914140313431], [-0.016813066520486877, -0.05300914140313431, 0.14095959195746227]], "chi2_level": 0.99, "chi2_df": 3, "chi2_threshold": 11.344866730144373, "N_raw": 67, "N_roi": 67, "N_inlier": 64, "refit": true}
{"timestamp": "15:22:48.232749", "frame": 92, "mu": [-1.3884251091083106, 0.6044149157616249, 1.4192099040800772], "Sigma": [[0.007984030660608462, -0.0005926120810916161, -0.0033600298031905137], [-0.0005926120810916161, 0.012543013758501826, -0.0054485300924113], [-0.0033600298031905137, -0.0054485300924113, 0.010703012916623065]], "chi2_level": 0.99, "chi2_df": 3, "chi2_threshold": 11.344866730144373, "N_raw": 67, "N_roi": 67, "N_inlier": 65, "refit": true}
{"timestamp": "15:22:48.288604", "frame": 93, "mu": [-1.4146517699133427, 0.533035156023267, 1.3239747006282354], "Sigma": [[0.007343929797075605, 0.0010458106526161379, 0.0006638880464737729], [0.0010458106526161379, 0.00988167181705988, -0.0030106972862746525], [0.0006638880464737735, -0.003010697286274653, 0.01675884128898737]], "chi2_level": 0.99, "chi2_df": 3, "chi2_threshold": 11.344866730144373, "N_raw": 68, "N_roi": 68, "N_inlier": 65, "refit": true}
{"timestamp": "15:22:48.342085", "frame": 94, "mu": [-1.4750987955327384, 0.5848271531090493, 1.3800774248717413], "Sigma": [[0.007479313417830195, 0.00016549428645384922, -0.0016864213525560052], [0.00016549428645384944, 0.012100993413184402, -0.006029477438119215], [-0.001686421352556005, -0.006029477438119215, 0.004314241957673471]], "chi2_level": 0.99, "chi2_df": 3, "chi2_threshold": 11.344866730144373, "N_raw": 60, "N_roi": 60, "N_inlier": 56, "refit": true}
{"timestamp": "15:22:48.396933", "frame": 95, "mu": [-1.5276423269867212, 0.6336373543724626, 1.3595056352696462], "Sigma": [[0.006913271260240636, 0.0014363737973136646, -0.0005411262622088883], [0.0014363737973136646, 0.008320624085920963, -0.007878063196031564], [-0.0005411262622088881, -0.007878063196031564, 0.01252526088284781]], "chi2_level": 0.99, "chi2_df": 3, "chi2_threshold": 11.344866730144373, "N_raw": 61, "N_roi": 61, "N_inlier": 59, "refit": true}
{"timestamp": "15:22:48.450835", "frame": 96, "mu": [-1.536152274648279, 0.6125064738133845, 1.2852356914426504], "Sigma": [[0.005214780134063599, 0.0021410042972355983, -0.000389254704214491], [0.0021410042972355983, 0.008847624882086435, -0.008637984189397829], [-0.0003892547042144911, -0.008637984189397829, 0.014610056750738613]], "chi2_level": 0.99, "chi2_df": 3, "chi2_threshold": 11.344866730144373, "N_raw": 54, "N_roi": 54, "N_inlier": 53, "refit": true}
{"timestamp": "15:22:48.507606", "frame": 97, "mu": [-1.6113605077905875, 0.6199739860799676, 1.3090643876955235], "Sigma": [[0.009651462287262476, 0.000809250516414513, -0.0007193720002211083], [0.000809250516414513, 0.013520066400002577, -0.006684115299886481], [-0.0007193720002211082, -0.006684115299886481, 0.008648435350067001]], "chi2_level": 0.99, "chi2_df": 3, "chi2_threshold": 11.344866730144373, "N_raw": 68, "N_roi": 68, "N_inlier": 68, "refit": true}
{"timestamp": "15:22:48.563196", "frame": 98, "mu": [-1.6665060273238494, 0.5578719452797772, 1.199936033206713], "Sigma": [[0.010436349074202112, 0.0030540456984661643, 0.0005151378019954957], [0.0030540456984661647, 0.009796658023322476, -0.0074361517208934415], [0.0005151378019954958, -0.007436151720893441, 0.009886922495742169]], "chi2_level": 0.99, "chi2_df": 3, "chi2_threshold": 11.344866730144373, "N_raw": 72, "N_roi": 72, "N_inlier": 66, "refit": true}
{"timestamp": "15:22:48.616082", "frame": 99, "mu": [-1.7008459621685252, 0.5715905128432586, 1.2269002734148708], "Sigma": [[0.008744893243460564, 0.005707425515267703, 0.0007224725574703679], [0.005707425515267704, 0.011137131650285879, -0.004355461188203886], [0.0007224725574703679, -0.004355461188203886, 0.00823124688912207]], "chi2_level": 0.99, "chi2_df": 3, "chi2_threshold": 11.344866730144373, "N_raw": 57, "N_roi": 57, "N_inlier": 52, "refit": true}
{"timestamp": "15:22:48.780497", "frame": 100, "mu": [-1.7567901617132653, 0.8488168728949764, -0.7648163797843047], "Sigma": [[0.011722224631391382, -0.0011553337243069728, 0.01636913881972768], [-0.0011553337243069726, 0.02476499574897912, -0.03327453608486923], [0.016369138819727683, -0.03327453608486923, 0.07238642199164597]], "chi2_level": 0.99, "chi2_df": 3, "chi2_threshold": 11.344866730144373, "N_raw": 68, "N_roi": 68, "N_inlier": 67, "refit": true}
{"timestamp": "15:22:48.801464", "frame": 101, "mu": [-1.7137376019027963, 0.6471145247297961, 1.2583861965003826], "Sigma": [[0.005595274307479722, 0.006343548160643137, -0.0039226260894205615], [0.006343548160643137, 0.014698258021638103, -0.012023647714333976], [-0.0039226260894205615, -0.012023647714333976, 0.030696521026238825]], "chi2_level": 0.99, "chi2_df": 3, "chi2_threshold": 11.344866730144373, "N_raw": 33, "N_roi": 33, "N_inlier": 31, "refit": true}
{"timestamp": "15:22:48.832657", "frame": 102, "mu": [-1.8222356269105853, 0.6215874595296593, 1.1254009695074156], "Sigma": [[0.017278752925213567, 0.01386474980276077, 0.027321819574057972], [0.01386474980276077, 0.01953776651197716, 0.01751682084761124], [0.027321819574057972, 0.01751682084761124, 0.07481066296446949]], "chi2_level": 0.99, "chi2_df": 3, "chi2_threshold": 11.344866730144373, "N_raw": 56, "N_roi": 56, "N_inlier": 51, "refit": true}
{"timestamp": "15:22:48.863646", "frame": 103, "mu": [-1.4285022728770074, 0.642909837213588, 1.0331281689673482], "Sigma": [[1.5287888533152214, -0.06371791679186434, -0.19072170183639925], [-0.06371791679186434, 0.021165188815123876, 0.029560742977944244], [-0.19072170183639925, 0.02956074297794424, 0.08031591372487193]], "chi2_level": 0.99, "chi2_df": 3, "chi2_threshold": 11.344866730144373, "N_raw": 24, "N_roi": 24, "N_inlier": 24, "refit": true}
{"timestamp": "15:22:48.894723", "frame": 104, "mu": [-1.8745736015750412, 0.7494690598586766, 1.099064047760119], "Sigma": [[0.004289256860577033, 0.004136302895385573, -0.0017250506293963628], [0.004136302895385573, 0.0045403915919159064, -0.0015574645148531494], [-0.0017250506293963624, -0.0015574645148531492, 0.002072295796571377]], "chi2_level": 0.99, "chi2_df": 3, "chi2_threshold": 11.344866730144373, "N_raw": 7, "N_roi": 7, "N_inlier": 7, "refit": true}
{"timestamp": "15:22:48.941901", "frame": 105, "mu": [-1.9520453122351198, 0.7246103749312373, 1.107936709428047], "Sigma": [[0.00699338552023191, 0.00816234981851221, -0.0031026655084862333], [0.00816234981851221, 0.011094648416871142, -0.005509943971391518], [-0.0031026655084862333, -0.005509943971391517, 0.009015509736686115]], "chi2_level": 0.99, "chi2_df": 3, "chi2_threshold": 11.344866730144373, "N_raw": 34, "N_roi": 34, "N_inlier": 33, "refit": true}
{"timestamp": "15:22:48.994428", "frame": 106, "mu": [-1.9877787751391205, 0.7503990541067921, 1.0808029234715617], "Sigma": [[0.005846958653068286, 0.007024836635203114, -0.0033311991762673392], [0.007024836635203114, 0.009167740264816914, -0.004361503083561868], [-0.0033311991762673392, -0.004361503083561868, 0.004100531050136976]], "chi2_level": 0.99, "chi2_df": 3, "chi2_threshold": 11.344866730144373, "N_raw": 14, "N_roi": 14, "N_inlier": 14, "refit": true}
{"timestamp": "15:22:49.111288", "frame": 108, "mu": [-1.4766137056337847, 0.602439330492114, 0.9181648931536769], "Sigma": [[2.2854087833658734, -0.054590448708256495, -0.09217855957342067], [-0.054590448708256495, 0.01507842834635686, 0.006009763510778201], [-0.09217855957342067, 0.006009763510778202, 0.060480136156460994]], "chi2_level": 0.99, "chi2_df": 3, "chi2_threshold": 11.344866730144373, "N_raw": 64, "N_roi": 64, "N_inlier": 63, "refit": true}
{"timestamp": "15:22:49.213068", "frame": 110, "mu": [-2.295608013493018, 0.5085606527489758, 0.5169546372267165], "Sigma": [[0.0024726611230429297, 0.002209481330065212, -0.003095339675914699], [0.0022094813300652123, 0.004994961592322699, -0.0018086942818172612], [-0.003095339675914699, -0.0018086942818172614, 0.00418647531570148]], "chi2_level": 0.99, "chi2_df": 3, "chi2_threshold": 11.344866730144373, "N_raw": 6, "N_roi": 6, "N_inlier": 6, "refit": true}
{"timestamp": "15:22:49.268387", "frame": 111, "mu": [-1.9346284283784463, 0.6862581109359016, 0.9955218097398839], "Sigma": [[0.3428035587089116, -0.07522591675609618, 0.1707764728910421], [-0.07522591675609618, 0.020384059623749493, -0.039519839529838625], [0.17077647289104209, -0.039519839529838625, 0.0892319964438444]], "chi2_level": 0.99, "chi2_df": 3, "chi2_threshold": 11.344866730144373, "N_raw": 10, "N_roi": 10, "N_inlier": 10, "refit": true}
{"timestamp": "15:22:49.385490", "frame": 113, "mu": [-1.204348994653828, 0.6478447047502331, 0.6883937838329761], "Sigma": [[4.056623794291837, 0.012254809471370894, -0.22419150373884217], [0.012254809471370896, 0.019409094269604157, 0.004192951015660749], [-0.22419150373884217, 0.00419295101566075, 0.08291967542386494]], "chi2_level": 0.99, "chi2_df": 3, "chi2_threshold": 11.344866730144373, "N_raw": 39, "N_roi": 28, "N_inlier": 28, "refit": true}
