{"timestamp": "15:18:33.921428", "frame": 22, "mu": [0.5526784740320752, 4.520885283993804, 1.082404347508053], "Sigma": [[0.027915695470368013, 0.17254987821788884, -0.057310030895380074], [0.17254987821788878, 2.0336950205130546, -0.4898799940992988], [-0.05731003089538007, -0.4898799940992988, 0.13771855690158308]], "chi2_level": 0.99, "chi2_df": 3, "chi2_threshold": 11.344866730144373, "N_raw": 49, "N_roi": 6, "N_inlier": 6, "refit": true}
{"timestamp": "15:18:34.028316", "frame": 24, "mu": [0.5279464233199338, 4.91976308372358, 0.7856427153693822], "Sigma": [[0.007785079206266541, -0.0019683428647285384, -0.0070717649880443975], [-0.0019683428647285384, 0.000818425627029661, 0.001263028904197826], [-0.007071764988044397, 0.0012630289041978258, 0.047576215587704196]], "chi2_level": 0.99, "chi2_df": 3, "chi2_threshold": 11.344866730144373, "N_raw": 16, "N_roi": 16, "N_inlier": 15, "refit": true}
{"timestamp": "15:18:34.085163", "frame": 25, "mu": [0.5530772508467408, 4.833401360021041, 0.6348960188512114], "Sigma": [[0.018026942274426097, -0.003847701968956527, -0.01352752323469447], [-0.003847701968956527, 0.001418669428352913, 0.0012429252151374367], [-0.013527523234694468, 0.0012429252151374367, 0.0349412807989764]], "chi2_level": 0.99, "chi2_df": 3, "chi2_threshold": 11.344866730144373, "N_raw": 31, "N_roi": 29, "N_inlier": 29, "refit": true}
{"timestamp": "15:18:34.139239", "frame": 26, "mu": [0.4703421700172338, 4.819288567568434, 0.9263140618579995], "Sigma": [[0.02321081839748148, -0.0036852681393599457, -0.011534904337876795], [-0.0036852681393599457, 0.0013594170821854552, 0.0005577572669214935], [-0.011534904337876795, 0.0005577572669214935, 0.012627848395450768]], "chi2_level": 0.99, "chi2_df": 3, "chi2_threshold": 11.344866730144373, "N_raw": 26, "N_roi": 24, "N_inlier": 24, "refit": true}
{"timestamp": "15:18:34.196610", "frame": 27, "mu": [0.5381575436713274, 4.779808550121073, 0.6717948768690905], "Sigma": [[0.02584306023899356, -0.0047562813910642645, -0.005043235746908922], [-0.0047562813910642645, 0.003425021988213284, -0.0004482989329926091], [-0.005043235746908922, -0.0004482989329926091, 0.0033173581386693922]], "chi2_level": 0.99, "chi2_df": 3, "chi2_threshold": 11.344866730144373, "N_raw": 37, "N_roi": 36, "N_inlier": 36, "refit": true}
{"timestamp": "15:18:34.251017", "frame": 28, "mu": [0.5627720968345652, 4.894614019523329, -0.11301984255022351], "Sigma": [[0.026370770502562944, -0.005007624123286865, -0.010495779809413243], [-0.005007624123286865, 0.003713366055333544, -0.0001879989368318095], [-0.010495779809413243, -0.0001879989368318096, 0.008318765232719783]], "chi2_level": 0.99, "chi2_df": 3, "chi2_threshold": 11.344866730144373, "N_raw": 42, "N_roi": 35, "N_inlier": 35, "refit": true}
{"timestamp": "15:18:34.307499", "frame": 29, "mu": [0.5301542716666081, 4.681195689109995, 0.6150482828134437], "Sigma": [[0.029771513199092, -0.008365033447945413, -0.010313163660141317], [-0.008365033447945413, 0.005025497097322484, 0.0002210733080406491], [-0.010313163660141317, 0.0002210733080406492, 0.008902736226099444]], "chi2_level": 0.99, "chi2_df": 3, "chi2_threshold": 11.344866730144373, "N_raw": 45, "N_roi": 45, "N_inlier": 45, "refit": true}
{"timestamp": "15:18:34.365037", "frame": 30, "mu": [0.506175947292548, 4.669782283228941, 0.8796429970587567], "Sigma": [[0.04017916041445206, -0.008016618545283627, -0.02055407879791233], [-0.008016618545283627, 0.005412752847458949, 0.0008570947233124411], [-0.02055407879791233, 0.0008570947233124411, 0.016497866753712568]], "chi2_level": 0.99, "chi2_df": 3, "chi2_threshold": 11.344866730144373, "N_raw": 60, "N_roi": 60, "N_inlier": 60, "refit": true}
{"timestamp": "15:18:34.416734", "frame": 31, "mu": [0.5649501421748142, 4.590257163535743, 0.7203332189220373], "Sigma": [[0.029676601493023126, -0.0031868994333593714, 0.0008517962985923289], [-0.003186899433359371, 0.003352195193357008, -0.0009295921017025489], [0.0008517962985923289, -0.0009295921017025489, 0.00025890062843383574]], "chi2_level": 0.99, "chi2_df": 3, "chi2_threshold": 11.344866730144373, "N_raw": 40, "N_roi": 40, "N_inlier": 40, "refit": true}
{"timestamp": "15:18:34.472222", "frame": 32, "mu": [0.5034696752272778, 4.587725830860146, 0.9151260121207295], "Sigma": [[0.02781475938533934, -0.004153676917460639, -0.005136908982107625], [-0.004153676917460639, 0.002849668758145301, -0.0006808152023807962], [-0.005136908982107625, -0.0006808152023807962, 0.0037419609263464088]], "chi2_level": 0.99, "chi2_df": 3, "chi2_threshold": 11.344866730144373, "N_raw": 40, "N_roi": 39, "N_inlier": 38, "refit": true}
{"timestamp": "15:18:34.530652", "frame": 33, "mu": [0.5027674350262141, 4.54184433540868, 0.9140597170990136], "Sigma": [[0.038664384154130524, -0.004050121705794048, -0.010959766703141798], [-0.004050121705794047, 0.005993144477906698, -3.3805155942454024e-05], [-0.010959766703141798, -3.3805155942454024e-05, 0.008324866257330749]], "chi2_level": 0.99, "chi2_df": 3, "chi2_threshold": 11.344866730144373, "N_raw": 64, "N_roi": 64, "N_inlier": 64, "refit": true}
{"timestamp": "15:18:34.583636", "frame": 34, "mu": [0.5060161330237432, 4.460142133914801, 0.7921365959113816], "Sigma": [[0.03353381857409232, -0.0008024180202567987, 0.007943459487403836], [-0.0008024180202567989, 0.004056396956092676, -0.0011672717549907378], [0.007943459487403836, -0.0011672717549907376, 0.004716502103518865]], "chi2_level": 0.99, "chi2_df": 3, "chi2_threshold": 11.344866730144373, "N_raw": 55, "N_roi": 55, "N_inlier": 53, "refit": true}
{"timestamp": "15:18:34.638342", "frame": 35, "mu": [0.4415931568798349, 4.361037243929507, 0.6091544526816038], "Sigma": [[0.02824062966628059, 0.0013539679333243945, 0.01613429571763053], [0.0013539679333243945, 0.0011187543860838487, -0.0020269498892717605], [0.016134295717630535, -0.0020269498892717605, 0.028191622236545297]], "chi2_level": 0.99, "chi2_df": 3, "chi2_threshold": 11.344866730144373, "N_raw": 48, "N_roi": 47, "N_inlier": 46, "refit": true}
{"timestamp": "15:18:34.693359", "frame": 36, "mu": [0.4371301295780685, 4.343898218832157, 0.6125037201563969], "Sigma": [[0.0300069253205727, -0.0029967359943853717, -0.0008920958227151998], [-0.0029967359943853717, 0.0038047248327274692, -0.0018063450860452434], [-0.0008920958227151998, -0.0018063450860452434, 0.0025594602306242605]], "chi2_level": 0.99, "chi2_df": 3, "chi2_threshold": 11.344866730144373, "N_raw": 53, "N_roi": 53, "N_inlier": 51, "refit": true}
{"timestamp": "15:18:34.746167", "frame": 37, "mu": [0.5055791906948093, 4.301198649304415, 0.6172980465142106], "Sigma": [[0.02176037755877564, -0.001558227703942475, 0.0002718168952486255], [-0.0015582277039424752, 0.002609700062534916, -0.0011643202751893248], [0.0002718168952486255, -0.0011643202751893248, 0.0014300048336918663]], "chi2_level": 0.99, "chi2_df": 3, "chi2_threshold": 11.344866730144373, "N_raw": 38, "N_roi": 38, "N_inlier": 36, "refit": true}
{"timestamp": "15:18:34.800372", "frame": 38, "mu": [0.49263075351081953, 4.217263478605287, 0.7296440452037303], "Sigma": [[0.014901832531327147, 5.287403916502944e-05, 0.0008975941368932576], [5.287403916502949e-05, 0.000986684221366416, -0.0024738062483890605], [0.0008975941368932576, -0.0024738062483890605, 0.01063680539850751]], "chi2_level": 0.99, "chi2_df": 3, "chi2_threshold": 11.344866730144373, "N_raw": 29, "N_roi": 29, "N_inlier": 29, "refit": true}
{"timestamp": "15:18:34.858613", "frame": 39, "mu": [0.49343775699970194, 4.121911902988625, 0.5770537558833887], "Sigma": [[0.024374728839450688, -0.005198277637264703, -0.00839341481120309], [-0.005198277637264703, 0.006799787444388677, 0.0028100272244794234], [-0.008393414811203087, 0.0028100272244794234, 0.004357819343879151]], "chi2_level": 0.99, "chi2_df": 3, "chi2_threshold": 11.344866730144373, "N_raw": 52, "N_roi": 51, "N_inlier": 49, "refit": true}
{"timestamp": "15:18:34.916519", "frame": 40, "mu": [0.474549429166548, 4.137662948445642, 0.9740336677570411], "Sigma": [[0.030156132257718363, -0.005157783500994108, -0.012439620191149083], [-0.005157783500994106, 0.004615779674335894, -0.00504870518333217], [-0.012439620191149085, -0.0050487051833321694, 0.02203052636600284]], "chi2_level": 0.99, "chi2_df": 3, "chi2_threshold": 11.344866730144373, "N_raw": 72, "N_roi": 71, "N_inlier": 71, "refit": true}
{"timestamp": "15:18:34.968847", "frame": 41, "mu": [0.5392016886865012, 4.044103093667354, 0.6075851246181815], "Sigma": [[0.030216531594472438, -0.0050766412192548935, -0.01694575038345285], [-0.0050766412192548935, 0.0036464070061781456, 0.0010774272387998251], [-0.01694575038345285, 0.001077427238799825, 0.012647380218733505]], "chi2_level": 0.99, "chi2_df": 3, "chi2_threshold": 11.344866730144373, "N_raw": 52, "N_roi": 51, "N_inlier": 50, "refit": true}
{"timestamp": "15:18:35.022016", "frame": 42, "mu": [0.47857749153433743, 3.9653087960292694, 0.6127532088175446], "Sigma": [[0.019377863629794087, -0.005052818361588312, -0.011085827077806448], [-0.005052818361588312, 0.0025271891268693358, 0.0017966983604485883], [-0.011085827077806448, 0.0017966983604485883, 0.026843129428775946]], "chi2_level": 0.99, "chi2_df": 3, "chi2_threshold": 11.344866730144373, "N_raw": 41, "N_roi": 41, "N_inlier": 38, "refit": true}
{"timestamp": "15:18:35.079207", "frame": 43, "mu": [0.48739265615556654, 3.9142901735229056, 0.7449734301834096], "Sigma": [[0.02509653131960197, -0.0035609938837365763, -0.008895479602836792], [-0.003560993883736576, 0.0031714825087808623, -0.001335363006241503], [-0.008895479602836792, -0.001335363006241503, 0.014870502654686252]], "chi2_level": 0.99, "chi2_df": 3, "chi2_threshold": 11.344866730144373, "N_raw": 56, "N_roi": 56, "N_inlier": 54, "refit": true}
{"timestamp": "15:18:35.133518", "frame": 44, "mu": [0.4688324952610407, 3.8792067036804996, 0.813070544724218], "Sigma": [[0.02220850343633653, -0.002670262293852591, -0.004192811972053989], [-0.0026702622938525908, 0.0040715727612982925, -0.0010305387366232016], [-0.004192811972053989, -0.0010305387366232014, 0.008922201704763643]], "chi2_level": 0.99, "chi2_df": 3, "chi2_threshold": 11.344866730144373, "N_raw": 52, "N_roi": 52, "N_inlier": 51, "refit": true}
{"timestamp": "15:18:35.191460", "frame": 45, "mu": [0.50851977912908, 3.8485560540280925, 0.8659608692738545], "Sigma": [[0.02795253151944837, -0.0028713879872129624, -0.009110512648213054], [-0.0028713879872129624, 0.005169499165515561, -0.002010881407461795], [-0.009110512648213054, -0.002010881407461795, 0.00711095449785874]], "chi2_level": 0.99, "chi2_df": 3, "chi2_threshold": 11.344866730144373, "N_raw": 69, "N_roi": 69, "N_inlier": 67, "refit": true}
{"timestamp": "15:18:35.244589", "frame": 46, "mu": [0.5393394023222421, 3.8048526671169247, 0.8775020422048896], "Sigma": [[0.02271518297787968, -0.004491582295581699, -0.007105344238671196], [-0.004491582295581699, 0.005055381340897133, 8.590316366506741e-05], [-0.007105344238671196, 8.590316366506752e-05, 0.008191290928061208]], "chi2_level": 0.99, "chi2_df": 3, "chi2_threshold": 11.344866730144373, "N_raw": 57, "N_roi": 57, "N_inlier": 54, "refit": true}
{"timestamp": "15:18:35.299492", "frame": 47, "mu": [0.5502167432168782, 3.7069379540598644, 0.8075810020095611], "Sigma": [[0.028168047665845408, -0.010739973947840863, -0.036871368083300604], [-0.010739973947840863, 0.006135436034827872, 0.017497733710279136], [-0.036871368083300604, 0.017497733710279136, 0.0886044206300989]], "chi2_level": 0.99, "chi2_df": 3, "chi2_threshold": 11.344866730144373, "N_raw": 56, "N_roi": 55, "N_inlier": 55, "refit": true}
{"timestamp": "15:18:35.357484", "frame": 48, "mu": [0.5963760987278517, 3.6267768374930336, -1.1309880222938329], "Sigma": [[0.03147737058981795, -0.011727480819961843, 0.026307583121008334], [-0.011727480819961843, 0.005780418658709006, -0.017077587913980178], [0.026307583121008334, -0.017077587913980178, 0.3018651640714715]], "chi2_level": 0.99, "chi2_df": 3, "chi2_threshold": 11.344866730144373, "N_raw": 80, "N_roi": 80, "N_inlier": 79, "refit": true}
{"timestamp": "15:18:35.406492", "frame": 49, "mu": [0.527482059984683, 3.5779627396239397, 0.6842409666519106], "Sigma": [[0.014710573291592132, -0.0033434616431008367, -0.009030836166811726], [-0.0033434616431008367, 0.002259545707951595, 0.00041320300540750426], [-0.009030836166811726, 0.00041320300540750426, 0.009866667714644601]], "chi2_level": 0.99, "chi2_df": 3, "chi2_threshold": 11.344866730144373, "N_raw": 36, "N_roi": 36, "N_inlier": 34, "refit": true}
{"timestamp": "15:18:35.458493", "frame": 50, "mu": [0.7035538828256538, 3.489170921992376, 0.7350157932032318], "Sigma": [[0.01798956444444451, -0.004003282524606385, -0.03733409047359093], [-0.004003282524606385, 0.0015623567599257627, 0.006906853209070325], [-0.03733409047359093, 0.0069068532090703245, 0.09302388332588041]], "chi2_level": 0.99, "chi2_df": 3, "chi2_threshold": 11.344866730144373, "N_raw": 13, "N_roi": 13, "N_inlier": 12, "refit": true}
{"timestamp": "15:18:35.517036", "frame": 51, "mu": [0.4544332100672678, 3.5351754654436736, 1.0022875052663272], "Sigma": [[0.016588443467255624, -0.003607260510625791, -0.011924822062222458], [-0.003607260510625791, 0.002599870082008919, -0.0006942734876581946], [-0.011924822062222458, -0.0006942734876581947, 0.024667249077279484]], "chi2_level": 0.99, "chi2_df": 3, "chi2_threshold": 11.344866730144373, "N_raw": 48, "N_roi": 48, "N_inlier": 47, "refit": true}
{"timestamp": "15:18:35.573371", "frame": 52, "mu": [0.5083104103793791, 3.650400245161443, -0.3285024678666976], "Sigma": [[0.02230625943376715, 9.378715114899842e-05, -0.004356917141782102], [9.378715114899804e-05, 0.003854733839797525, -0.0028933084103328253], [-0.004356917141782102, -0.0028933084103328253, 0.004507339189030532]], "chi2_level": 0.99, "chi2_df": 3, "chi2_threshold": 11.344866730144373, "N_raw": 55, "N_roi": 55, "N_inlier": 53, "refit": true}
{"timestamp": "15:18:35.630611", "frame": 53, "mu": [0.6625235018964822, 3.5486236738329087, -0.3070147948958659], "Sigma": [[0.02821547952150537, -0.0002970993478540912, -0.02348661841964824], [-0.000297099347854091, 0.0032935900833202395, -0.0052713730109128], [-0.02348661841964824, -0.0052713730109128, 0.031228432192592297]], "chi2_level": 0.99, "chi2_df": 3, "chi2_threshold": 11.344866730144373, "N_raw": 61, "N_roi": 61, "N_inlier": 58, "refit": true}
{"timestamp": "15:18:35.683831", "frame": 54, "mu": [0.5307471127236888, 3.3250935889135413, 0.8471539533237031], "Sigma": [[0.01890402799738465, -0.004954496736618529, -0.006711376435904931], [-0.004954496736618529, 0.003544433897203359, -0.0012418683640964723], [-0.006711376435904932, -0.0012418683640964723, 0.009229069743784785]], "chi2_level": 0.99, "chi2_df": 3, "chi2_threshold": 11.344866730144373, "N_raw": 50, "N_roi": 50, "N_inlier": 50, "refit": true}
{"timestamp": "15:18:35.741515", "frame": 55, "mu": [0.6139896953221874, 3.456443499020479, -0.2576417071929012], "Sigma": [[0.022692644058311694, -0.0017581865384727236, -0.016813283137254838], [-0.0017581865384727236, 0.0061566833880395706, -0.005643483133082201], [-0.016813283137254838, -0.005643483133082201, 0.022752518736822422]], "chi2_level": 0.99, "chi2_df": 3, "chi2_threshold": 11.344866730144373, "N_raw": 72, "N_roi": 72, "N_inlier": 70, "refit": true}
{"timestamp": "15:18:35.798769", "frame": 56, "mu": [0.572963507007087, 3.208774535015927, 0.9068397360784866], "Sigma": [[0.0198689281094831, -0.0032480475264785704, -0.002908639568217153], [-0.0032480475264785704, 0.0021744723634659303, -0.004358293271398891], [-0.0029086395682171523, -0.00435829327139889, 0.061130599893135136]], "chi2_level": 0.99, "chi2_df": 3, "chi2_threshold": 11.344866730144373, "N_raw": 83, "N_roi": 83, "N_inlier": 83, "refit": true}
{"timestamp": "15:18:35.851673", "frame": 57, "mu": [0.6346452901270109, 3.129945069851834, 0.8453228022487529], "Sigma": [[0.019919364482058673, -0.004369964545852557, -0.010183698881139212], [-0.004369964545852558, 0.0031963355319476706, 0.0013644485968076496], [-0.01018369888113921, 0.0013644485968076503, 0.04557881224845277]], "chi2_level": 0.99, "chi2_df": 3, "chi2_threshold": 11.344866730144373, "N_raw": 74, "N_roi": 74, "N_inlier": 73, "refit": true}
{"timestamp": "15:18:35.905223", "frame": 58, "mu": [0.5867284159380932, 3.083765123861541, 1.1117980267233478], "Sigma": [[0.015546567567238519, -0.00371925333546249, -0.013498269819684452], [-0.00371925333546249, 0.003966705819334323, 0.0005880664081580513], [-0.013498269819684452, 0.0005880664081580511, 0.029798024669256986]], "chi2_level": 0.99, "chi2_df": 3, "chi2_threshold": 11.344866730144373, "N_raw": 62, "N_roi": 62, "N_inlier": 59, "refit": true}
{"timestamp": "15:18:35.962120", "frame": 59, "mu": [0.6649270523867026, 2.957632645271346, 0.7293202118337109], "Sigma": [[0.01699671118991397, -0.00020934048056352975, 0.006571255413316526], [-0.0002093404805635297, 0.0020464922582514983, -0.004596216769830972], [0.006571255413316526, -0.004596216769830972, 0.025080830116918414]], "chi2_level": 0.99, "chi2_df": 3, "chi2_threshold": 11.344866730144373, "N_raw": 73, "N_roi": 73, "N_inlier": 69, "refit": true}
{"timestamp": "15:18:36.018213", "frame": 60, "mu": [0.6267311775113988, 2.9929929959606603, -0.9066786996745277], "Sigma": [[0.020127279371672423, 0.007368728473161891, 0.043563076073475586], [0.007368728473161891, 0.010519852646343647, 0.020390929048073755], [0.04356307607347559, 0.020390929048073755, 0.18553630282974257]], "chi2_level": 0.99, "chi2_df": 3, "chi2_threshold": 11.344866730144373, "N_raw": 75, "N_roi": 75, "N_inlier": 71, "refit": true}
{"timestamp": "15:18:36.070512", "frame": 61, "mu": [0.6518216577990246, 2.868766287546967, 0.7908624591605413], "Sigma": [[0.013672452570169006, -0.0034192358249040683, -0.007303483911793323], [-0.0034192358249040683, 0.0031865844568873232, -0.0006766164774011221], [-0.007303483911793323, -0.0006766164774011222, 0.012457242143162338]], "chi2_level": 0.99, "chi2_df": 3, "chi2_threshold": 11.344866730144373, "N_raw": 58, "N_roi": 55, "N_inlier": 51, "refit": true}
{"timestamp": "15:18:36.130151", "frame": 62, "mu": [0.6157794215045272, 2.81021935045641, 0.8129050261544322], "Sigma": [[0.019923936045085272, -0.002946664900362621, -0.006116490549455778], [-0.002946664900362621, 0.003555581725035991, -0.004631287936789965], [-0.006116490549455778, -0.004631287936789965, 0.02203185400172332]], "chi2_level": 0.99, "chi2_df": 3, "chi2_threshold": 11.344866730144373, "N_raw": 93, "N_roi": 93, "N_inlier": 90, "refit": true}
{"timestamp": "15:18:36.181098", "frame": 63, "mu": [0.5726447205166872, 2.770012868491489, 0.7736300108627909], "Sigma": [[0.01330130741324421, -0.0018348179655884055, -0.004044327818858948], [-0.0018348179655884058, 0.0015201420549289704, -0.0035062960165690485], [-0.004044327818858948, -0.003506296016569048, 0.022283698697574933]], "chi2_level": 0.99, "chi2_df": 3, "chi2_threshold": 11.344866730144373, "N_raw": 66, "N_roi": 66, "N_inlier": 63, "refit": true}
{"timestamp": "15:18:36.240775", "frame": 64, "mu": [0.6159417460033692, 2.704629727541355, 0.8877164787934013], "Sigma": [[0.023917168039665315, -0.0029282287455536693, -0.010518822510456665], [-0.0029282287455536693, 0.0017190865443411653, -0.0037293625502850796], [-0.010518822510456665, -0.0037293625502850796, 0.036485496744713325]], "chi2_level": 0.99, "chi2_df": 3, "chi2_threshold": 11.344866730144373, "N_raw": 100, "N_roi": 100, "N_inlier": 96, "refit": true}
{"timestamp": "15:18:36.295595", "frame": 65, "mu": [0.5972448212505687, 2.644064939193904, 0.8570593794362049], "Sigma": [[0.018521433014200693, -0.0010838437421485884, -5.3414293051555354e-05], [-0.001083843742148588, 0.0038920476837015806, -0.004481679162374603], [-5.341429305155557e-05, -0.004481679162374603, 0.01999002841815424]], "chi2_level": 0.99, "chi2_df": 3, "chi2_threshold": 11.344866730144373, "N_raw": 90, "N_roi": 90, "N_inlier": 87, "refit": true}
{"timestamp": "15:18:36.347866", "frame": 66, "mu": [0.5190479181218803, 2.7857771890520406, -0.40727493045596797], "Sigma": [[0.016147245077727218, -0.0017229240081126456, 0.009181811082539758], [-0.0017229240081126456, 0.006143558129931039, -0.0045444389312757376], [0.009181811082539758, -0.004544438931275738, 0.0193735013421481]], "chi2_level": 0.99, "chi2_df": 3, "chi2_threshold": 11.344866730144373, "N_raw": 70, "N_roi": 70, "N_inlier": 66, "refit": true}
{"timestamp": "15:18:36.403902", "frame": 67, "mu": [0.5667403834132723, 2.5067843498562765, 0.7666700268526417], "Sigma": [[0.01730062595885675, -0.0016878791976541424, -0.0066863594083621655], [-0.0016878791976541424, 0.0035614021815360787, -0.0031898563515389256], [-0.006686359408362166, -0.0031898563515389256, 0.019075387039952804]], "chi2_level": 0.99, "chi2_df": 3, "chi2_threshold": 11.344866730144373, "N_raw": 85, "N_roi": 85, "N_inlier": 82, "refit": true}
{"timestamp": "15:18:36.458293", "frame": 68, "mu": [0.6899572882969516, 2.6305412743862226, -0.3988483257372263], "Sigma": [[0.008111175876588854, 0.000702021851097079, -0.010877948884800214], [0.000702021851097079, 0.007039090681226902, -0.021084410053232146], [-0.010877948884800214, -0.021084410053232142, 0.08801605898546383]], "chi2_level": 0.99, "chi2_df": 3, "chi2_threshold": 11.344866730144373, "N_raw": 71, "N_roi": 71, "N_inlier": 67, "refit": true}
{"timestamp": "15:18:36.518311", "frame": 69, "mu": [0.597415791282196, 2.3478787323896135, 0.7809653510238885], "Sigma": [[0.02810506469054016, -0.0022549470151116565, -0.013111571725291399], [-0.002254947015111657, 0.002303544704480724, 0.0022628504879465433], [-0.013111571725291399, 0.0022628504879465433, 0.06704253696965454]], "chi2_level": 0.99, "chi2_df": 3, "chi2_threshold": 11.344866730144373, "N_raw": 112, "N_roi": 112, "N_inlier": 108, "refit": true}
{"timestamp": "15:18:36.573899", "frame": 70, "mu": [0.5659211806902208, 2.492506683760168, -0.5155247068644161], "Sigma": [[0.020823762190047224, -0.0036508607964595777, 0.012273476841583347], [-0.0036508607964595777, 0.006155268073572816, -0.012993979245012211], [0.012273476841583347, -0.012993979245012211, 0.04319954705677886]], "chi2_level": 0.99, "chi2_df": 3, "chi2_threshold": 11.344866730144373, "N_raw": 104, "N_roi": 104, "N_inlier": 101, "refit": true}
{"timestamp": "15:18:36.627467", "frame": 71, "mu": [0.6284012290133787, 2.2575705151720666, 0.8795886570984829], "Sigma": [[0.022534388348172882, -0.0007708242626461297, 0.0018095663719454374], [-0.0007708242626461295, 0.002173280105777787, -0.004047762084932598], [0.0018095663719454379, -0.004047762084932599, 0.017972989991793285]], "chi2_level": 0.99, "chi2_df": 3, "chi2_threshold": 11.344866730144373, "N_raw": 106, "N_roi": 106, "N_inlier": 100, "refit": true}
{"timestamp": "15:18:36.679558", "frame": 72, "mu": [0.5494720222779331, 2.3814565266222316, -0.5277828254625123], "Sigma": [[0.011036116139975422, -0.002776746557594415, 0.0072187760290771], [-0.0027767465575944147, 0.007908009160728742, -0.022457012331522454], [0.0072187760290771, -0.022457012331522454, 0.07271564174608712]], "chi2_level": 0.99, "chi2_df": 3, "chi2_threshold": 11.344866730144373, "N_raw": 68, "N_roi": 68, "N_inlier": 64, "refit": true}
{"timestamp": "15:18:36.736466", "frame": 73, "mu": [0.5395059650157426, 2.147418511612941, 0.9827229040839065], "Sigma": [[0.01565366685188768, -0.0037248103004183736, 0.011218823503361007], [-0.0037248103004183736, 0.002022423495584631, -0.006474944877526715], [0.011218823503361005, -0.006474944877526715, 0.05776207581081941]], "chi2_level": 0.99, "chi2_df": 3, "chi2_threshold": 11.344866730144373, "N_raw": 100, "N_roi": 100, "N_inlier": 95, "refit": true}
{"timestamp": "15:18:36.799562", "frame": 74, "mu": [0.6090372655544773, 2.099875010979905, 0.6853829305115091], "Sigma": [[0.021194803946138707, -0.004851146176507334, -0.01991245557992524], [-0.004851146176507334, 0.004880653930499242, 0.023365351364679304], [-0.019912455579925235, 0.0233653513646793, 0.3212580947985924]], "chi2_level": 0.99, "chi2_df": 3, "chi2_threshold": 11.344866730144373, "N_raw": 150, "N_roi": 150, "N_inlier": 149, "refit": true}
{"timestamp": "15:18:36.851555", "frame": 75, "mu": [0.5635336936895002, 2.04016941360223, 0.820559522249241], "Sigma": [[0.02052320828444797, -0.012307862698748555, -0.028141168190870203], [-0.012307862698748555, 0.014016987607504151, 0.037768208216310196], [-0.028141168190870203, 0.037768208216310196, 0.2701763495979729]], "chi2_level": 0.99, "chi2_df": 3, "chi2_threshold": 11.344866730144373, "N_raw": 131, "N_roi": 131, "N_inlier": 131, "refit": true}
{"timestamp": "15:18:36.903546", "frame": 76, "mu": [0.6861644922272979, 1.9463437385321722, 0.8770325824246255], "Sigma": [[0.017913997134071897, -0.006401728888113502, -0.011809911070357391], [-0.006401728888113502, 0.0033136832186724556, 0.0012103307344161504], [-0.011809911070357391, 0.0012103307344161502, 0.05174312349354981]], "chi2_level": 0.99, "chi2_df": 3, "chi2_threshold": 11.344866730144373, "N_raw": 111, "N_roi": 111, "N_inlier": 106, "refit": true}
{"timestamp": "15:18:36.952496", "frame": 77, "mu": [0.7164905166148892, 1.8840339511473778, 0.9565896885920859], "Sigma": [[0.0084335793293454, -0.0033486259588026224, -0.008819037808029211], [-0.0033486259588026224, 0.002417791105951245, 0.0020112312591887872], [-0.008819037808029211, 0.0020112312591887872, 0.07972833355990203]], "chi2_level": 0.99, "chi2_df": 3, "chi2_threshold": 11.344866730144373, "N_raw": 74, "N_roi": 74, "N_inlier": 73, "refit": true}
{"timestamp": "15:18:37.013569", "frame": 78, "mu": [0.5915749091234186, 1.9200277198746973, 0.9672819398794356], "Sigma": [[0.01146490390378807, -0.004292849819577838, -0.002557148684617493], [-0.004292849819577839, 0.004043666679231359, -0.00592958228236244], [-0.0025571486846174924, -0.005929582282362439, 0.033364539985422756]], "chi2_level": 0.99, "chi2_df": 3, "chi2_threshold": 11.344866730144373, "N_raw": 111, "N_roi": 111, "N_inlier": 108, "refit": true}
{"timestamp": "15:18:37.067632", "frame": 79, "mu": [0.6624586754168896, 1.8198651080963293, 1.0889979833305607], "Sigma": [[0.009207339182310627, -0.002941804067503437, -0.004019612791533512], [-0.0029418040675034366, 0.004158143986211183, -0.007412059649365373], [-0.004019612791533512, -0.007412059649365373, 0.031236995814400283]], "chi2_level": 0.99, "chi2_df": 3, "chi2_threshold": 11.344866730144373, "N_raw": 106, "N_roi": 106, "N_inlier": 102, "refit": true}
{"timestamp": "15:18:37.124185", "frame": 80, "mu": [0.7261228535214739, 1.7290670073114411, 0.9718703586487356], "Sigma": [[0.015213141153777898, -0.004473494214467708, -0.01677569494754924], [-0.004473494214467709, 0.0026592795140177854, 0.003348406753295672], [-0.01677569494754924, 0.003348406753295672, 0.06821516788063998]], "chi2_level": 0.99, "chi2_df": 3, "chi2_threshold": 11.344866730144373, "N_raw": 117, "N_roi": 117, "N_inlier": 111, "refit": true}
{"timestamp": "15:18:37.176229", "frame": 81, "mu": [0.7476881414480402, 1.637454642765076, 1.0091496950151522], "Sigma": [[0.011495696293485484, -0.001718050917329975, -0.009967504352642372], [-0.001718050917329975, 0.002073033906474624, -0.004802790797570901], [-0.00996750435264237, -0.004802790797570902, 0.08134058258126917]], "chi2_level": 0.99, "chi2_df": 3, "chi2_threshold": 11.344866730144373, "N_raw": 100, "N_roi": 100, "N_inlier": 98, "refit": true}
{"timestamp": "15:18:37.223497", "frame": 82, "mu": [0.6375340205590226, 1.6359749865086175, 0.9796163378137536], "Sigma": [[0.007575699363808837, -0.0007928525982220875, -0.0024000234597653463], [-0.0007928525982220875, 0.0005911764416523784, 0.000551824420514475], [-0.0024000234597653463, 0.0005518244205144749, 0.013616291984482708]], "chi2_level": 0.99, "chi2_df": 3, "chi2_threshold": 11.344866730144373, "N_raw": 43, "N_roi": 43, "N_inlier": 42, "refit": true}
{"timestamp": "15:18:37.287498", "frame": 83, "mu": [0.5594200910004288, 1.5737266082279249, 0.9634223291463813], "Sigma": [[0.011771768931850703, -0.0018295748060717383, -0.005058860689640551], [-0.0018295748060717385, 0.0016660109067689768, -0.00020676287977114226], [-0.005058860689640551, -0.00020676287977114253, 0.031427614428747044]], "chi2_level": 0.99, "chi2_df": 3, "chi2_threshold": 11.344866730144373, "N_raw": 107, "N_roi": 107, "N_inlier": 103, "refit": true}
{"timestamp": "15:18:37.344751", "frame": 84, "mu": [0.5751396019682143, 1.5211744040890356, 1.0174204991279072], "Sigma": [[0.011176877860865735, -0.003184746940382058, -0.004203156806457929], [-0.0031847469403820574, 0.0030773219157867815, -0.0026548630358814067], [-0.004203156806457929, -0.0026548630358814063, 0.029152244171382218]], "chi2_level": 0.99, "chi2_df": 3, "chi2_threshold": 11.344866730144373, "N_raw": 106, "N_roi": 106, "N_inlier": 102, "refit": true}
{"timestamp": "15:18:37.402052", "frame": 85, "mu": [0.632318090374708, 1.4539941657750077, 1.034581363307705], "Sigma": [[0.01096800735515888, -0.003726879447433501, -0.009617839118197658], [-0.0037268794474335015, 0.003212134210542203, -0.00046876553385040106], [-0.00961783911819766, -0.00046876553385040095, 0.05470512277406791]], "chi2_level": 0.99, "chi2_df": 3, "chi2_threshold": 11.344866730144373, "N_raw": 130, "N_roi": 130, "N_inlier": 121, "refit": true}
{"timestamp": "15:18:37.450616", "frame": 86, "mu": [0.6051826400326819, 1.6126039106526995, -0.496137898642021], "Sigma": [[0.013129306014396162, -0.007429049011929775, 0.014540840621190942], [-0.007429049011929775, 0.01419662057775655, -0.06915765983598046], [0.014540840621190945, -0.06915765983598046, 0.4411212884837871]], "chi2_level": 0.99, "chi2_df": 3, "chi2_threshold": 11.344866730144373, "N_raw": 85, "N_roi": 85, "N_inlier": 80, "refit": true}
{"timestamp": "15:18:37.503782", "frame": 87, "mu": [0.6389351655630301, 1.36478532918137, 1.0158052671867583], "Sigma": [[0.0056133010815966975, -0.00209554731448938, 0.0034878520071582302], [-0.00209554731448938, 0.002594280282396809, -0.003934511183423196], [0.00348785200715823, -0.003934511183423196, 0.04774799101725812]], "chi2_level": 0.99, "chi2_df": 3, "chi2_threshold": 11.344866730144373, "N_raw": 74, "N_roi": 74, "N_inlier": 70, "refit": true}
{"timestamp": "15:18:37.562091", "frame": 88, "mu": [0.632903264733884, 1.3275608341772822, 1.1457499783407836], "Sigma": [[0.007578642526758133, -0.00033576328328517065, -0.0015533240321314284], [-0.0003357632832851707, 0.0047898250893071625, -0.00747004869952352], [-0.0015533240321314284, -0.00747004869952352, 0.016923713300931537]], "chi2_level": 0.99, "chi2_df": 3, "chi2_threshold": 11.344866730144373, "N_raw": 99, "N_roi": 99, "N_inlier": 95, "refit": true}
{"timestamp": "15:18:37.617434", "frame": 89, "mu": [0.6944614556283095, 1.2165610463842227, 1.1779024213491103], "Sigma": [[0.005823818953534326, -0.0004951130896378662, -0.0022536291426834593], [-0.0004951130896378661, 0.0018879896607168435, -0.005278018528610061], [-0.002253629142683459, -0.005278018528610061, 0.03023504554258183]], "chi2_level": 0.99, "chi2_df": 3, "chi2_threshold": 11.344866730144373, "N_raw": 102, "N_roi": 102, "N_inlier": 96, "refit": true}
{"timestamp": "15:18:37.661438", "frame": 90, "mu": [0.6450149534396383, 1.15233973062961, 1.2552553499618235], "Sigma": [[0.0020146228925321686, -0.0010128613688737994, -0.006995258713434848], [-0.0010128613688737994, 0.0016188036901404333, 0.00543276079819712], [-0.006995258713434847, 0.00543276079819712, 0.14241483674622704]], "chi2_level": 0.99, "chi2_df": 3, "chi2_threshold": 11.344866730144373, "N_raw": 26, "N_roi": 26, "N_inlier": 23, "refit": true}
{"timestamp": "15:18:37.720004", "frame": 91, "mu": [0.6470439383032696, 1.273776816083727, -0.356028661892597], "Sigma": [[0.005236898223480897, -0.0038573579868374174, 0.0020168605428559734], [-0.003857357986837418, 0.013454132259827641, -0.0102432297717065], [0.0020168605428559734, -0.0102432297717065, 0.008999542004278308]], "chi2_level": 0.99, "chi2_df": 3, "chi2_threshold": 11.344866730144373, "N_raw": 64, "N_roi": 64, "N_inlier": 60, "refit": true}
{"timestamp": "15:18:37.777477", "frame": 92, "mu": [0.6709011957656673, 1.0627899481222662, 1.2417795415479165], "Sigma": [[0.004903250458672622, -0.0024195530182492685, -0.0037754246629743233], [-0.0024195530182492685, 0.003448998138814461, -0.002452605883112393], [-0.0037754246629743238, -0.002452605883112393, 0.02255896894204679]], "chi2_level": 0.99, "chi2_df": 3, "chi2_threshold": 11.344866730144373, "N_raw": 80, "N_roi": 80, "N_inlier": 78, "refit": true}
{"timestamp": "15:18:37.831314", "frame": 93, "mu": [0.6439769096911606, 1.0001141978935977, 1.3096004969940294], "Sigma": [[0.006469444636305302, -0.0019307603845723788, 0.0038206211086261556], [-0.0019307603845723788, 0.0023616145144119607, -0.003754500623771455], [0.0038206211086261556, -0.003754500623771455, 0.027869568939625132]], "chi2_level": 0.99, "chi2_df": 3, "chi2_threshold": 11.344866730144373, "N_raw": 71, "N_roi": 71, "N_inlier": 66, "refit": true}
{"timestamp": "15:18:37.883774", "frame": 94, "mu": [0.6677283200205422, 0.9359023669589124, 1.4137904521974614], "Sigma": [[0.002984913557533581, -0.0009442946497303787, -0.000872401090303274], [-0.0009442946497303786, 0.004727194229088123, -0.003377842709096669], [-0.000872401090303274, -0.003377842709096669, 0.01072718158885991]], "chi2_level": 0.99, "chi2_df": 3, "chi2_threshold": 11.344866730144373, "N_raw": 48, "N_roi": 48, "N_inlier": 44, "refit": true}
{"timestamp": "15:18:37.944376", "frame": 95, "mu": [0.6452521282569476, 0.9335888996296156, 1.3047868729317935], "Sigma": [[0.009753756278295497, -0.0031989682615619847, 0.004469206386139447], [-0.0031989682615619847, 0.00564823940538611, -0.0094174994697334], [0.0044692063861394475, -0.0094174994697334, 0.0264090974633035]], "chi2_level": 0.99, "chi2_df": 3, "chi2_threshold": 11.344866730144373, "N_raw": 93, "N_roi": 93, "N_inlier": 91, "refit": true}
{"timestamp": "15:18:38.000122", "frame": 96, "mu": [0.6312830241689714, 0.9173737171158384, 1.2919021516306988], "Sigma": [[0.004204919169316164, -0.003725203825649761, 0.005225162914367011], [-0.003725203825649761, 0.007627591390440805, -0.012050215350964146], [0.005225162914367011, -0.012050215350964146, 0.024325317549728585]], "chi2_level": 0.99, "chi2_df": 3, "chi2_threshold": 11.344866730144373, "N_raw": 96, "N_roi": 96, "N_inlier": 95, "refit": true}
{"timestamp": "15:18:38.052148", "frame": 97, "mu": [0.6474037876936167, 0.8715290541792091, 1.3703329475130457], "Sigma": [[0.0024888712241153688, -0.0012648967181047737, 0.0010809090404337886], [-0.0012648967181047737, 0.005001658873644468, -0.0062627688948091904], [0.0010809090404337886, -0.0062627688948091904, 0.013064187148011597]], "chi2_level": 0.99, "chi2_df": 3, "chi2_threshold": 11.344866730144373, "N_raw": 66, "N_roi": 66, "N_inlier": 63, "refit": true}
{"timestamp": "15:18:38.104469", "frame": 98, "mu": [0.664349673855775, 0.7858719123871241, 1.4107745704689572], "Sigma": [[0.003561997961656314, -0.0006738663588423886, -0.001895619643950105], [-0.0006738663588423886, 0.004013289325007122, -0.005775486836266984], [-0.001895619643950105, -0.005775486836266984, 0.014002545584156815]], "chi2_level": 0.99, "chi2_df": 3, "chi2_threshold": 11.344866730144373, "N_raw": 53, "N_roi": 53, "N_inlier": 51, "refit": true}
{"timestamp": "15:18:38.159135", "frame": 99, "mu": [0.6551951503871398, 0.7387288773292688, 1.4056125452741297], "Sigma": [[0.0017029000620957756, -0.0009603234350245668, -0.0022901338704729326], [-0.0009603234350245668, 0.003483384311373065, 0.0011683298897359686], [-0.0022901338704729326, 0.0011683298897359686, 0.043075128749497336]], "chi2_level": 0.99, "chi2_df": 3, "chi2_threshold": 11.344866730144373, "N_raw": 36, "N_roi": 36, "N_inlier": 33, "refit": true}
{"timestamp": "15:18:38.341769", "frame": 100, "mu": [0.6638676852923181, 0.7097064913301365, 1.414891311433774], "Sigma": [[0.0033894498946265557, -0.0012675863837072862, 0.0006393939561246192], [-0.0012675863837072862, 0.003754162269205163, -0.00520910093329424], [0.0006393939561246192, -0.00520910093329424, 0.016903400977638507]], "chi2_level": 0.99, "chi2_df": 3, "chi2_threshold": 11.344866730144373, "N_raw": 50, "N_roi": 50, "N_inlier": 49, "refit": true}
{"timestamp": "15:18:38.345126", "frame": 101, "mu": [0.6590469772711609, 0.806767914931308, -0.4143260972068274], "Sigma": [[0.003053389313199226, -0.0025496885395935474, 0.0007300840920683105], [-0.0025496885395935474, 0.01348847255974456, -0.010436229168665942], [0.0007300840920683106, -0.010436229168665944, 0.010458846174407671]], "chi2_level": 0.99, "chi2_df": 3, "chi2_threshold": 11.344866730144373, "N_raw": 41, "N_roi": 41, "N_inlier": 38, "refit": true}
{"timestamp": "15:18:38.374943", "frame": 102, "mu": [0.6758101645151628, 0.608606439092199, 1.2643338563997384], "Sigma": [[0.0017303112714371356, -0.001287172048400914, -0.003843482086707447], [-0.001287172048400914, 0.0025312950775897725, -0.0010458643736139203], [-0.0038434820867074464, -0.0010458643736139203, 0.16768222044431721]], "chi2_level": 0.99, "chi2_df": 3, "chi2_threshold": 11.344866730144373, "N_raw": 25, "N_roi": 25, "N_inlier": 24, "refit": true}
{"timestamp": "15:18:38.405273", "frame": 103, "mu": [0.6868106182553116, 0.5382678812800888, 1.448157612287427], "Sigma": [[0.003905643872454714, -0.0009683646753924432, -0.0018522297633569208], [-0.0009683646753924432, 0.001685960435420815, -0.0007535736809456947], [-0.0018522297633569212, -0.0007535736809456946, 0.023903762736464357]], "chi2_level": 0.99, "chi2_df": 3, "chi2_threshold": 11.344866730144373, "N_raw": 36, "N_roi": 36, "N_inlier": 34, "refit": true}
{"timestamp": "15:18:38.436583", "frame": 104, "mu": [0.6692910152972023, 0.505248670609505, 1.4403920289158216], "Sigma": [[0.0011976396154832684, -0.0003569938806369917, -0.0005414819747679129], [-0.0003569938806369917, 0.001695255772285093, -0.001523115092864099], [-0.000541481974767913, -0.001523115092864099, 0.01726464230808189]], "chi2_level": 0.99, "chi2_df": 3, "chi2_threshold": 11.344866730144373, "N_raw": 22, "N_roi": 22, "N_inlier": 21, "refit": true}
{"timestamp": "15:18:38.483155", "frame": 105, "mu": [0.6792250656530426, 0.4339416632526355, 0.8572271557006481], "Sigma": [[0.006188671369348789, -0.00652558982362854, -0.04348101078333179], [-0.00652558982362854, 0.010901629414362962, 0.06315073475424375], [-0.04348101078333179, 0.06315073475424375, 0.4559827981207922]], "chi2_level": 0.99, "chi2_df": 3, "chi2_threshold": 11.344866730144373, "N_raw": 9, "N_roi": 9, "N_inlier": 9, "refit": true}
{"timestamp": "15:18:38.540530", "frame": 106, "mu": [0.6446412759498671, 0.5129401191393004, 1.188976366928773], "Sigma": [[0.0023026134256164607, -0.0014060663324939541, -0.007017545151159143], [-0.0014060663324939541, 0.004675695721354354, 0.014826243429024402], [-0.0070175451511591425, 0.014826243429024402, 0.0941289936258814]], "chi2_level": 0.99, "chi2_df": 3, "chi2_threshold": 11.344866730144373, "N_raw": 29, "N_roi": 29, "N_inlier": 28, "refit": true}
{"timestamp": "15:18:38.594194", "frame": 107, "mu": [0.6419331221825764, 0.4309231874292146, 1.2977564848396292], "Sigma": [[0.0009668366044196852, 0.0009820077092612999, -0.000934699761672862], [0.0009820077092612999, 0.003213634367877514, 0.00307417220750723], [-0.0009346997616728618, 0.003074172207507232, 0.04345807807605705]], "chi2_level": 0.99, "chi2_df": 3, "chi2_threshold": 11.344866730144373, "N_raw": 12, "N_roi": 11, "N_inlier": 10, "refit": true}
{"timestamp": "15:18:38.647378", "frame": 108, "mu": [0.7409389412953966, 0.3068329376428304, 1.1727646044790938], "Sigma": [[0.006702784297172964, -0.0022734237897997353, -0.02758765677254892], [-0.0022734237897997353, 0.0029458380694743058, 0.029263207230111415], [-0.027587656772548923, 0.029263207230111415, 0.3310094116492358]], "chi2_level": 0.99, "chi2_df": 3, "chi2_threshold": 11.344866730144373, "N_raw": 10, "N_roi": 7, "N_inlier": 7, "refit": true}
