{"timestamp": "15:45:51.390610", "frame": 1, "mu": [0.7995440369974762, 1.487284757807446, 0.876494089210203], "Sigma": [[0.004875179669338148, -0.004162134155926897, 0.004789867668173534], [-0.004162134155926897, 0.005813417915410754, -0.005343257335590116], [0.0047898676681735345, -0.005343257335590118, 0.012964031739096356]], "chi2_level": 0.99, "chi2_df": 3, "chi2_threshold": 11.344866730144373, "N_raw": 22, "N_roi": 22, "N_inlier": 20, "refit": true}
{"timestamp": "15:45:51.447950", "frame": 2, "mu": [0.8214308884107335, 1.4638220279413288, 0.8067302668781496], "Sigma": [[0.00415296714427263, -0.0008903614461493916, 0.0023277454811652058], [-0.0008903614461493915, 0.0032136576852278653, 0.005775635459079603], [0.0023277454811652066, 0.005775635459079603, 0.06029864326599109]], "chi2_level": 0.99, "chi2_df": 3, "chi2_threshold": 11.344866730144373, "N_raw": 27, "N_roi": 27, "N_inlier": 27, "refit": true}
{"timestamp": "15:45:51.498715", "frame": 3, "mu": [0.7757517772432628, 1.5289921728924318, 1.206384160118907], "Sigma": [[0.007038433045982337, -0.008805180754629894, -0.03308693468286439], [-0.008805180754629894, 0.01707233300221429, 0.047703910097010714], [-0.03308693468286439, 0.047703910097010714, 0.16674880286487662]], "chi2_level": 0.99, "chi2_df": 3, "chi2_threshold": 11.344866730144373, "N_raw": 11, "N_roi": 11, "N_inlier": 10, "refit": true}
{"timestamp": "15:45:51.554799", "frame": 4, "mu": [0.8623155126237271, 1.5216939439510275, 1.1218827809111716], "Sigma": [[0.002905407297233032, 0.00010203685676252609, -0.0034605153553438797], [0.00010203685676252609, 0.0007145035838251457, -0.00040666781150470354], [-0.0034605153553438793, -0.0004066678115047038, 0.019624965705022805]], "chi2_level": 0.99, "chi2_df": 3, "chi2_threshold": 11.344866730144373, "N_raw": 16, "N_roi": 16, "N_inlier": 16, "refit": true}
{"timestamp": "15:45:51.663918", "frame": 6, "mu": [0.7838441581549659, 1.5808630603769773, 1.2108709153091277], "Sigma": [[0.0010191050561287895, -0.00030981386879345117, -0.003735432928330992], [-0.0003098138687934513, 0.001975402588123706, 0.005232819160625618], [-0.0037354329283309923, 0.0052328191606256175, 0.08630927769614899]], "chi2_level": 0.99, "chi2_df": 3, "chi2_threshold": 11.344866730144373, "N_raw": 7, "N_roi": 7, "N_inlier": 7, "refit": true}
{"timestamp": "15:45:51.717290", "frame": 7, "mu": [0.8148217677699695, 1.5726098755433189, 1.483130159871581], "Sigma": [[0.003359487031452519, 0.001435315648752578, -0.000533611767096038], [0.001435315648752578, 0.0010182012719657544, -0.0003557589930233777], [-0.000533611767096038, -0.00035575899302337774, 0.00012617518237688404]], "chi2_level": 0.99, "chi2_df": 3, "chi2_threshold": 11.344866730144373, "N_raw": 6, "N_roi": 6, "N_inlier": 6, "refit": true}
{"timestamp": "15:45:51.775921", "frame": 8, "mu": [0.7941247219686083, 1.5967725951441114, 1.4624196525673083], "Sigma": [[0.0032045305227869116, -0.0011730523976349963, -0.0005137648994067586], [-0.0011730523976349965, 0.0024721825154325762, -2.7982059619267887e-05], [-0.0005137648994067586, -2.7982059619267914e-05, 0.0002752550025481424]], "chi2_level": 0.99, "chi2_df": 3, "chi2_threshold": 11.344866730144373, "N_raw": 23, "N_roi": 23, "N_inlier": 23, "refit": true}
{"timestamp": "15:45:51.830649", "frame": 9, "mu": [0.809342127517997, 1.5663914816414188, 1.3953510149973232], "Sigma": [[0.003500185110084998, -0.0010549643866670563, -0.0009869628776939506], [-0.0010549643866670563, 0.0021461324829520788, 1.3498095294198935e-05], [-0.0009869628776939506, 1.3498095294198935e-05, 0.0005584460798848681]], "chi2_level": 0.99, "chi2_df": 3, "chi2_threshold": 11.344866730144373, "N_raw": 24, "N_roi": 24, "N_inlier": 22, "refit": true}
{"timestamp": "15:45:51.883324", "frame": 10, "mu": [0.8160837086221193, 1.4940205962578066, 0.7770824057274635], "Sigma": [[0.004866023034892421, 0.0028317107024143752, 0.033990386705395635], [0.002831710702414375, 0.0024677287143077225, 0.024100168660685026], [0.033990386705395635, 0.024100168660685026, 0.4972880981143996]], "chi2_level": 0.99, "chi2_df": 3, "chi2_threshold": 11.344866730144373, "N_raw": 7, "N_roi": 7, "N_inlier": 7, "refit": true}
{"timestamp": "15:45:51.996321", "frame": 12, "mu": [0.8495118051040398, 1.5425885727193378, 1.3983606442729526], "Sigma": [[0.004109718816631841, -0.0009482425033017006, -0.001007371325636541], [-0.0009482425033017006, 0.0015418665611456716, -0.00025187119718047684], [-0.001007371325636541, -0.00025187119718047673, 0.0006233619194863377]], "chi2_level": 0.99, "chi2_df": 3, "chi2_threshold": 11.344866730144373, "N_raw": 24, "N_roi": 24, "N_inlier": 22, "refit": true}
{"timestamp": "15:45:52.049422", "frame": 13, "mu": [0.8143644611998557, 1.5128250438123423, 0.7890436870659661], "Sigma": [[0.004511501423843688, 0.002388916002940199, 0.016926718334238984], [0.002388916002940199, 0.0036840271300408677, 0.0386701593511132], [0.016926718334238984, 0.038670159351113204, 0.5488758479185378]], "chi2_level": 0.99, "chi2_df": 3, "chi2_threshold": 11.344866730144373, "N_raw": 7, "N_roi": 7, "N_inlier": 7, "refit": true}
{"timestamp": "15:45:52.103361", "frame": 14, "mu": [0.8078626565412192, 1.565821593552864, 1.2258508434044497], "Sigma": [[0.0013182103867457652, 0.001621792744564168, -0.0012312941337830681], [0.001621792744564168, 0.005370889267526874, 0.01631372576112958], [-0.0012312941337830684, 0.016313725761129584, 0.10411281070322642]], "chi2_level": 0.99, "chi2_df": 3, "chi2_threshold": 11.344866730144373, "N_raw": 8, "N_roi": 8, "N_inlier": 7, "refit": true}
{"timestamp": "15:45:52.163734", "frame": 15, "mu": [0.8072936601430861, 1.4871456044432976, 1.0634426895915186], "Sigma": [[0.003559043745578158, -0.0027339726786079176, -0.007868721218817775], [-0.0027339726786079176, 0.00469640604821995, 0.019830464834879227], [-0.007868721218817775, 0.019830464834879227, 0.1350451316918376]], "chi2_level": 0.99, "chi2_df": 3, "chi2_threshold": 11.344866730144373, "N_raw": 45, "N_roi": 45, "N_inlier": 43, "refit": true}
{"timestamp": "15:45:52.224322", "frame": 16, "mu": [0.8051072678353682, 1.6974475923702643, -0.41682916165725276], "Sigma": [[0.007162593631948814, -0.00043991674080260594, -0.006843138471538195], [-0.000439916740802606, 0.006076963347173351, -0.017813102635697547], [-0.006843138471538195, -0.017813102635697547, 0.09590282095974201]], "chi2_level": 0.99, "chi2_df": 3, "chi2_threshold": 11.344866730144373, "N_raw": 82, "N_roi": 82, "N_inlier": 80, "refit": true}
{"timestamp": "15:45:52.276034", "frame": 17, "mu": [0.7912975685556681, 1.5491803302605829, 1.3469214868851362], "Sigma": [[0.008372960268168984, -0.0026553381352624524, -0.006421618987438772], [-0.0026553381352624524, 0.0027228170441246247, -0.0006061757246913372], [-0.006421618987438772, -0.0006061757246913374, 0.009698453139679227]], "chi2_level": 0.99, "chi2_df": 3, "chi2_threshold": 11.344866730144373, "N_raw": 59, "N_roi": 59, "N_inlier": 57, "refit": true}
{"timestamp": "15:45:52.327185", "frame": 18, "mu": [0.7335067713709802, 1.5501314086954758, 1.4077090988587804], "Sigma": [[0.0067013263631564126, -0.0034381278792854665, -0.0016482134690471333], [-0.003438127879285466, 0.0051468983483683745, 0.012452245752859517], [-0.0016482134690471338, 0.012452245752859518, 0.08952249747631144]], "chi2_level": 0.99, "chi2_df": 3, "chi2_threshold": 11.344866730144373, "N_raw": 34, "N_roi": 34, "N_inlier": 31, "refit": true}
{"timestamp": "15:45:52.384012", "frame": 19, "mu": [0.708623185131346, 1.5910144070930332, 1.404810068753827], "Sigma": [[0.005031987786932657, -0.0001215315073029139, 0.0038800690721299907], [-0.00012153150730291379, 0.0043991512843252695, 0.0073209912466373275], [0.0038800690721299907, 0.0073209912466373275, 0.05787803176638988]], "chi2_level": 0.99, "chi2_df": 3, "chi2_threshold": 11.344866730144373, "N_raw": 46, "N_roi": 46, "N_inlier": 42, "refit": true}
{"timestamp": "15:45:52.442668", "frame": 20, "mu": [0.7112457208520714, 1.5892610193386743, 1.244056807313019], "Sigma": [[0.004751895921828542, -0.0013207680168811444, 0.002739453190318499], [-0.0013207680168811444, 0.0027715623704040763, 0.0008268928186088407], [0.0027394531903185003, 0.000826892818608841, 0.06950022395248728]], "chi2_level": 0.99, "chi2_df": 3, "chi2_threshold": 11.344866730144373, "N_raw": 67, "N_roi": 66, "N_inlier": 63, "refit": true}
{"timestamp": "15:45:52.495436", "frame": 21, "mu": [0.7188349916991439, 1.6876021666660985, -0.3830692344773688], "Sigma": [[0.004847459719342038, -0.0020742917892855443, 0.00835636464823001], [-0.0020742917892855447, 0.004024321569650137, -0.01819261239838721], [0.008356364648230011, -0.01819261239838721, 0.1424638334746545]], "chi2_level": 0.99, "chi2_df": 3, "chi2_threshold": 11.344866730144373, "N_raw": 51, "N_roi": 51, "N_inlier": 49, "refit": true}
{"timestamp": "15:45:52.548987", "frame": 22, "mu": [0.7334401756132265, 1.6747221419207874, -0.4125349475039534], "Sigma": [[0.00418411996431232, 0.0004248814248116923, -0.009119251676254526], [0.0004248814248116922, 0.005084861812407583, -0.017899808828465112], [-0.009119251676254526, -0.017899808828465112, 0.09354444161907696]], "chi2_level": 0.99, "chi2_df": 3, "chi2_threshold": 11.344866730144373, "N_raw": 29, "N_roi": 29, "N_inlier": 29, "refit": true}
{"timestamp": "15:45:52.604487", "frame": 23, "mu": [0.7993279886290887, 1.6558499496687489, -0.6023686710136075], "Sigma": [[0.0035666856503566943, -2.6713902558394572e-05, -0.014365771146691627], [-2.671390255839441e-05, 0.008899612979116187, -0.022939199769542472], [-0.014365771146691627, -0.022939199769542472, 0.20402502244793153]], "chi2_level": 0.99, "chi2_df": 3, "chi2_threshold": 11.344866730144373, "N_raw": 37, "N_roi": 37, "N_inlier": 36, "refit": true}
{"timestamp": "15:45:52.656438", "frame": 24, "mu": [0.7014956160099891, 1.4657776924298318, 0.6384705382942755], "Sigma": [[0.015124720008630521, -0.002398988104821625, -0.025295766953539713], [-0.0023989881048216244, 0.002788962392341118, 0.009547326878009403], [-0.02529576695353971, 0.009547326878009403, 0.38294406971079037]], "chi2_level": 0.99, "chi2_df": 3, "chi2_threshold": 11.344866730144373, "N_raw": 12, "N_roi": 12, "N_inlier": 12, "refit": true}
{"timestamp": "15:45:52.721447", "frame": 25, "mu": [0.6471739406347929, 1.6262985041464502, -0.07489144073801748], "Sigma": [[0.005022934968334221, -0.0020479936487310477, 0.023890709831443417], [-0.0020479936487310477, 0.01095092173820227, -0.055264347533161715], [0.023890709831443417, -0.055264347533161715, 0.5095700824961487]], "chi2_level": 0.99, "chi2_df": 3, "chi2_threshold": 11.344866730144373, "N_raw": 85, "N_roi": 85, "N_inlier": 83, "refit": true}
{"timestamp": "15:45:52.773324", "frame": 26, "mu": [0.606750737228177, 1.6731897489578431, -0.5261631764004686], "Sigma": [[0.0033986742911280995, -0.0015787030496892613, -0.0008249828723230075], [-0.0015787030496892613, 0.0038833399210666374, -0.011277215126132407], [-0.0008249828723230073, -0.011277215126132407, 0.0549328874915129]], "chi2_level": 0.99, "chi2_df": 3, "chi2_threshold": 11.344866730144373, "N_raw": 60, "N_roi": 60, "N_inlier": 59, "refit": true}
{"timestamp": "15:45:52.828653", "frame": 27, "mu": [0.5893053314329354, 1.6215388093098781, -0.5167027608993091], "Sigma": [[0.0032593781819766354, -0.0010752295288428497, -0.006508080974934806], [-0.0010752295288428497, 0.0010981463430803414, 9.978321206258818e-05], [-0.006508080974934806, 9.978321206258818e-05, 0.08727223038678035]], "chi2_level": 0.99, "chi2_df": 3, "chi2_threshold": 11.344866730144373, "N_raw": 55, "N_roi": 55, "N_inlier": 52, "refit": true}
{"timestamp": "15:45:52.886950", "frame": 28, "mu": [0.585002245853527, 1.6138467250081276, -0.4093513720324772], "Sigma": [[0.006483423895161721, -0.0001634930311266067, -0.01170230883185327], [-0.00016349303112660665, 0.0042929735205383575, -0.0024843231392497767], [-0.011702308831853272, -0.0024843231392497767, 0.10209272775177493]], "chi2_level": 0.99, "chi2_df": 3, "chi2_threshold": 11.344866730144373, "N_raw": 79, "N_roi": 79, "N_inlier": 77, "refit": true}
{"timestamp": "15:45:52.934601", "frame": 29, "mu": [0.530388243727503, 1.467184922677817, 1.1966063304440666], "Sigma": [[0.0032106715689783367, -0.0016346912028923956, -0.009325118099520288], [-0.0016346912028923956, 0.004639955665797558, 0.00490340410008504], [-0.009325118099520288, 0.004903404100085039, 0.04578977007541595]], "chi2_level": 0.99, "chi2_df": 3, "chi2_threshold": 11.344866730144373, "N_raw": 31, "N_roi": 31, "N_inlier": 28, "refit": true}
{"timestamp": "15:45:52.992726", "frame": 30, "mu": [0.5224149476867723, 1.4464147901771427, 1.2985662892465617], "Sigma": [[0.0029743660889928647, -0.0008297110155332395, -0.0024501807845259947], [-0.0008297110155332395, 0.001338122363591256, -0.00022147590941803887], [-0.0024501807845259947, -0.00022147590941803898, 0.02511991951354656]], "chi2_level": 0.99, "chi2_df": 3, "chi2_threshold": 11.344866730144373, "N_raw": 52, "N_roi": 52, "N_inlier": 47, "refit": true}
{"timestamp": "15:45:53.046124", "frame": 31, "mu": [0.4858802794941219, 1.4604396113984226, 1.448026364230062], "Sigma": [[0.004152616930726923, -0.00029643028745196976, -0.001702588330554078], [-0.00029643028745196976, 0.004031401641329022, 0.00500281679470831], [-0.0017025883305540781, 0.005002816794708309, 0.01888282238401103]], "chi2_level": 0.99, "chi2_df": 3, "chi2_threshold": 11.344866730144373, "N_raw": 42, "N_roi": 42, "N_inlier": 38, "refit": true}
{"timestamp": "15:45:53.103855", "frame": 32, "mu": [0.43028813458763226, 1.4630757544147341, 1.300024777547928], "Sigma": [[0.004616474187084537, -0.0011014301443912449, -0.005391345722849447], [-0.001101430144391245, 0.002565953102258353, 0.00679372082929605], [-0.005391345722849447, 0.00679372082929605, 0.048541534385231205]], "chi2_level": 0.99, "chi2_df": 3, "chi2_threshold": 11.344866730144373, "N_raw": 65, "N_roi": 65, "N_inlier": 62, "refit": true}
{"timestamp": "15:45:53.154223", "frame": 33, "mu": [0.41577889732259893, 1.4535041690180086, 1.3844252118619267], "Sigma": [[0.006468837488712331, -0.0015600224373917182, -0.015127555624026862], [-0.0015600224373917182, 0.002563647468646895, 0.0042186744063797835], [-0.01512755562402686, 0.0042186744063797835, 0.053809144177983374]], "chi2_level": 0.99, "chi2_df": 3, "chi2_threshold": 11.344866730144373, "N_raw": 29, "N_roi": 29, "N_inlier": 27, "refit": true}
{"timestamp": "15:45:53.212395", "frame": 34, "mu": [0.37249763449454654, 1.4842780190151768, 1.3514674172220853], "Sigma": [[0.005239430704439717, -0.00016167803865259158, -0.005200459286787598], [-0.00016167803865259158, 0.001450746484308535, -0.001992968533959467], [-0.005200459286787598, -0.001992968533959467, 0.009500022340107503]], "chi2_level": 0.99, "chi2_df": 3, "chi2_threshold": 11.344866730144373, "N_raw": 53, "N_roi": 53, "N_inlier": 50, "refit": true}
{"timestamp": "15:45:53.271389", "frame": 35, "mu": [0.35903796716582936, 1.464420390003017, 1.3452393487551149], "Sigma": [[0.004750233613111674, -0.00021034595020973367, -0.005181331665892594], [-0.00021034595020973367, 0.0026404958985172837, 0.00012157966016848891], [-0.005181331665892594, 0.0001215796601684888, 0.03396957164860982]], "chi2_level": 0.99, "chi2_df": 3, "chi2_threshold": 11.344866730144373, "N_raw": 79, "N_roi": 79, "N_inlier": 77, "refit": true}
{"timestamp": "15:45:53.321443", "frame": 36, "mu": [0.3036240636320254, 1.5436596769303434, -0.17469974196309748], "Sigma": [[0.0033952193349627954, -0.00027353364471635686, -0.0025831434900351518], [-0.00027353364471635676, 0.0031130790996071953, -0.0005944011684624698], [-0.0025831434900351513, -0.0005944011684624697, 0.004541903476339501]], "chi2_level": 0.99, "chi2_df": 3, "chi2_threshold": 11.344866730144373, "N_raw": 45, "N_roi": 45, "N_inlier": 42, "refit": true}
{"timestamp": "15:45:53.379232", "frame": 37, "mu": [0.2825669020356505, 1.4604758847883927, 1.279648367751116], "Sigma": [[0.0083448127813348, -0.0026266388830850527, -0.02605499789278886], [-0.0026266388830850527, 0.0032997592591268903, 0.012888888884355383], [-0.02605499789278886, 0.012888888884355382, 0.1719316302760732]], "chi2_level": 0.99, "chi2_df": 3, "chi2_threshold": 11.344866730144373, "N_raw": 63, "N_roi": 63, "N_inlier": 61, "refit": true}
{"timestamp": "15:45:53.437586", "frame": 38, "mu": [0.2648860822727883, 1.461961636362096, 1.3058284084317586], "Sigma": [[0.00611707695683322, -0.0013441228474310167, -0.009047722480001272], [-0.0013441228474310165, 0.002794577417013807, 0.0009708503858856163], [-0.009047722480001274, 0.0009708503858856163, 0.031792179360290954]], "chi2_level": 0.99, "chi2_df": 3, "chi2_threshold": 11.344866730144373, "N_raw": 85, "N_roi": 85, "N_inlier": 80, "refit": true}
{"timestamp": "15:45:53.486726", "frame": 39, "mu": [0.2224502489918867, 1.4637214909411402, 1.1195616920272882], "Sigma": [[0.008686033863317415, 0.002720424799360208, 0.015699939518355], [0.002720424799360208, 0.003376098586947922, 0.009315812436250976], [0.015699939518355, 0.009315812436250976, 0.2111834747831895]], "chi2_level": 0.99, "chi2_df": 3, "chi2_threshold": 11.344866730144373, "N_raw": 41, "N_roi": 41, "N_inlier": 40, "refit": true}
{"timestamp": "15:45:53.541460", "frame": 40, "mu": [0.2362124415659335, 1.4396739367107554, 1.1562201643272687], "Sigma": [[0.0026259227784293576, -0.00035634713060081393, -0.0025485939216315636], [-0.000356347130600814, 0.00124103234944803, 0.00298812752548315], [-0.0025485939216315636, 0.0029881275254831493, 0.12819410777323195]], "chi2_level": 0.99, "chi2_df": 3, "chi2_threshold": 11.344866730144373, "N_raw": 38, "N_roi": 38, "N_inlier": 36, "refit": true}
{"timestamp": "15:45:53.592608", "frame": 41, "mu": [0.21609708278729928, 1.3946185567035476, 0.912591733635705], "Sigma": [[0.0028995523100733772, -0.0008167920364793121, -0.0031224514154513912], [-0.0008167920364793121, 0.001181796127235776, 0.002934186376596229], [-0.003122451415451392, 0.002934186376596229, 0.02001540418096875]], "chi2_level": 0.99, "chi2_df": 3, "chi2_threshold": 11.344866730144373, "N_raw": 25, "N_roi": 25, "N_inlier": 24, "refit": true}
{"timestamp": "15:45:53.647132", "frame": 42, "mu": [0.08427836099203011, 1.7126776944205893, -0.809398045149037], "Sigma": [[0.0009593068323417473, -0.0022038458156121233, 0.00974076495631059], [-0.0022038458156121233, 0.02835497639252965, -0.08771532686990008], [0.009740764956310592, -0.08771532686990008, 0.3784340077805367]], "chi2_level": 0.99, "chi2_df": 3, "chi2_threshold": 11.344866730144373, "N_raw": 11, "N_roi": 11, "N_inlier": 10, "refit": true}
{"timestamp": "15:45:53.703822", "frame": 43, "mu": [0.10054158153082997, 1.4887832192055939, 1.1195184267375125], "Sigma": [[0.0018860683956713434, 5.2161756037599907e-05, -0.0005209620985675149], [5.216175603759985e-05, 0.004525721193308105, 0.014217620366203363], [-0.0005209620985675146, 0.01421762036620336, 0.19548024587299043]], "chi2_level": 0.99, "chi2_df": 3, "chi2_threshold": 11.344866730144373, "N_raw": 27, "N_roi": 27, "N_inlier": 26, "refit": true}
{"timestamp": "15:45:53.756133", "frame": 44, "mu": [0.07331174494700303, 1.599838949091266, -0.6884869550212184], "Sigma": [[0.0026521118734437058, -0.0031267339865659245, 0.002599415100168196], [-0.0031267339865659245, 0.006307498972030232, -0.006434134031014824], [0.002599415100168196, -0.006434134031014824, 0.007379583235638424]], "chi2_level": 0.99, "chi2_df": 3, "chi2_threshold": 11.344866730144373, "N_raw": 8, "N_roi": 6, "N_inlier": 6, "refit": true}
{"timestamp": "15:45:53.812742", "frame": 45, "mu": [-0.059672355724244196, 1.4769423528778238, 1.4610486058949776], "Sigma": [[0.0019158667077700798, -0.0002470977326636552, -0.0014787761665237308], [-0.0002470977326636552, 0.0016490034217856988, -0.0006613933060568317], [-0.0014787761665237308, -0.0006613933060568317, 0.0017686985405905532]], "chi2_level": 0.99, "chi2_df": 3, "chi2_threshold": 11.344866730144373, "N_raw": 24, "N_roi": 24, "N_inlier": 22, "refit": true}
{"timestamp": "15:45:53.865212", "frame": 46, "mu": [-0.017912612699161813, 2.1320937890249434, 1.1015515318529996], "Sigma": [[0.0037917075268394254, -0.048325008282398774, 0.007694563300399836], [-0.048325008282398774, 1.1777496524605264, -0.12187818114490923], [0.007694563300399837, -0.12187818114490923, 0.025369684439109398]], "chi2_level": 0.99, "chi2_df": 3, "chi2_threshold": 11.344866730144373, "N_raw": 9, "N_roi": 9, "N_inlier": 9, "refit": true}
{"timestamp": "15:45:53.924429", "frame": 47, "mu": [-0.06674236036238675, 1.4379254070202718, 1.1531448608869947], "Sigma": [[0.0020991999859780023, -0.0003285699564052022, 0.0024636743004947835], [-0.0003285699564052021, 0.0021627971420403813, 0.0031265222552115204], [0.0024636743004947835, 0.003126522255211521, 0.03416322938702879]], "chi2_level": 0.99, "chi2_df": 3, "chi2_threshold": 11.344866730144373, "N_raw": 34, "N_roi": 34, "N_inlier": 34, "refit": true}
{"timestamp": "15:45:53.980155", "frame": 48, "mu": [-0.151858013163062, 1.3969964007397064, 0.8157997994044391], "Sigma": [[0.0036629158450694793, -0.00040108411016861133, 0.0036517792207618463], [-0.00040108411016861133, 0.0019512029958073539, 0.005900831862997722], [0.0036517792207618463, 0.005900831862997722, 0.046895257449040044]], "chi2_level": 0.99, "chi2_df": 3, "chi2_threshold": 11.344866730144373, "N_raw": 37, "N_roi": 37, "N_inlier": 34, "refit": true}
{"timestamp": "15:45:54.031413", "frame": 49, "mu": [-0.18627258410204625, 1.442938709224276, 0.840569215747211], "Sigma": [[0.0021967551671542383, 0.0010627221151475413, 0.020209933915885426], [0.0010627221151475411, 0.0031689402625929655, 0.01350721655991235], [0.02020993391588543, 0.013507216559912352, 0.391803374761271]], "chi2_level": 0.99, "chi2_df": 3, "chi2_threshold": 11.344866730144373, "N_raw": 9, "N_roi": 9, "N_inlier": 9, "refit": true}
{"timestamp": "15:45:54.090847", "frame": 50, "mu": [-0.2352818317892848, 1.4789983664783892, 1.4100801628602588], "Sigma": [[0.0027854235278452918, 0.0001863826448432012, -0.0009868091291865915], [0.0001863826448432012, 0.0021908663165114747, -0.0025178330057771155], [-0.0009868091291865915, -0.0025178330057771155, 0.010984151203211277]], "chi2_level": 0.99, "chi2_df": 3, "chi2_threshold": 11.344866730144373, "N_raw": 47, "N_roi": 47, "N_inlier": 44, "refit": true}
{"timestamp": "15:45:54.147385", "frame": 51, "mu": [-0.30424172998239335, 1.4774019281804445, 1.4556835159947012], "Sigma": [[0.004332271118380331, -0.000516824893518025, -0.002396309796980781], [-0.0005168248935180252, 0.0033222810574417665, -0.0025069462717729335], [-0.0023963097969807814, -0.002506946271772933, 0.004266142594688729]], "chi2_level": 0.99, "chi2_df": 3, "chi2_threshold": 11.344866730144373, "N_raw": 61, "N_roi": 61, "N_inlier": 58, "refit": true}
{"timestamp": "15:45:54.202053", "frame": 52, "mu": [-0.29244033173586303, 1.44160581319181, 1.3750080910821172], "Sigma": [[0.003018866424057881, -3.940793184845217e-06, -0.0033481750176884467], [-3.940793184845217e-06, 0.0016311469259705578, -0.0010056377076016329], [-0.0033481750176884467, -0.0010056377076016329, 0.033463849077148396]], "chi2_level": 0.99, "chi2_df": 3, "chi2_threshold": 11.344866730144373, "N_raw": 51, "N_roi": 51, "N_inlier": 48, "refit": true}
{"timestamp": "15:45:54.255677", "frame": 53, "mu": [-0.3382016957164956, 1.447639312239961, 1.4106951602525823], "Sigma": [[0.002784027948567051, 0.0005739050825940179, -0.0020904363428768153], [0.0005739050825940178, 0.0023185555162651902, -0.0030754178032784975], [-0.0020904363428768153, -0.0030754178032784975, 0.00938900644153275]], "chi2_level": 0.99, "chi2_df": 3, "chi2_threshold": 11.344866730144373, "N_raw": 45, "N_roi": 45, "N_inlier": 42, "refit": true}
{"timestamp": "15:45:54.312229", "frame": 54, "mu": [-0.3796670100338103, 1.5695810947904758, -0.4716593710919123], "Sigma": [[0.0039901987610923536, -0.0030065969140869943, 0.004456562067413185], [-0.0030065969140869943, 0.007075304410677269, -0.016645753105265372], [0.004456562067413185, -0.016645753105265372, 0.06498715525900271]], "chi2_level": 0.99, "chi2_df": 3, "chi2_threshold": 11.344866730144373, "N_raw": 51, "N_roi": 51, "N_inlier": 51, "refit": true}
{"timestamp": "15:45:54.361900", "frame": 55, "mu": [-0.3390523221194936, 1.4124211882838884, 1.0557290705790585], "Sigma": [[0.004586243157671939, 0.0002996037501534352, -0.01843057708529556], [0.00029960375015343515, 0.0021456227804750767, -8.727450420807311e-05], [-0.01843057708529556, -8.727450420807311e-05, 0.13385495316210966]], "chi2_level": 0.99, "chi2_df": 3, "chi2_threshold": 11.344866730144373, "N_raw": 16, "N_roi": 16, "N_inlier": 15, "refit": true}
{"timestamp": "15:45:54.426108", "frame": 56, "mu": [-0.4217091717453584, 1.3702849449608785, 1.3365426890904486], "Sigma": [[0.004718356174913189, -0.000937222370967295, -0.0027241315709371186], [-0.0009372223709672951, 0.007589193815032756, -0.001433289681764426], [-0.002724131570937119, -0.0014332896817644263, 0.00410429968207621]], "chi2_level": 0.99, "chi2_df": 3, "chi2_threshold": 11.344866730144373, "N_raw": 77, "N_roi": 77, "N_inlier": 73, "refit": true}
{"timestamp": "15:45:54.482059", "frame": 57, "mu": [-0.4697457635032207, 1.4027528682605912, 1.2568429526962892], "Sigma": [[0.007578502135715772, -0.0013449961031395115, -0.024868409070310928], [-0.0013449961031395115, 0.005026762009133612, -0.003560501216855358], [-0.024868409070310925, -0.003560501216855358, 0.2149335471627575]], "chi2_level": 0.99, "chi2_df": 3, "chi2_threshold": 11.344866730144373, "N_raw": 83, "N_roi": 83, "N_inlier": 83, "refit": true}
{"timestamp": "15:45:54.535130", "frame": 58, "mu": [-0.5101922537081406, 1.3298458169349803, 1.3160702724850513], "Sigma": [[0.005178777866647625, -0.003315935318619698, -0.005867768914913931], [-0.003315935318619698, 0.009195319884990292, 0.0021500390287967266], [-0.005867768914913932, 0.0021500390287967266, 0.009075333246978363]], "chi2_level": 0.99, "chi2_df": 3, "chi2_threshold": 11.344866730144373, "N_raw": 72, "N_roi": 72, "N_inlier": 72, "refit": true}
{"timestamp": "15:45:54.595251", "frame": 59, "mu": [-0.5412497436977679, 1.3521338175612472, 1.244144537960761], "Sigma": [[0.006438667965454232, -0.0020452313796140236, -0.011567614533843522], [-0.0020452313796140236, 0.00833036283902486, 0.0016097567871073849], [-0.011567614533843522, 0.0016097567871073844, 0.05394838853108633]], "chi2_level": 0.99, "chi2_df": 3, "chi2_threshold": 11.344866730144373, "N_raw": 105, "N_roi": 105, "N_inlier": 102, "refit": true}
{"timestamp": "15:45:54.646771", "frame": 60, "mu": [-0.576322086717173, 1.405374803954959, 1.3840255081605077], "Sigma": [[0.0054978160889585315, -0.0025074921717220793, -0.0059257528232732485], [-0.0025074921717220793, 0.014805709643384785, 0.0066127898159935306], [-0.005925752823273248, 0.0066127898159935306, 0.020249422028632204]], "chi2_level": 0.99, "chi2_df": 3, "chi2_threshold": 11.344866730144373, "N_raw": 81, "N_roi": 81, "N_inlier": 80, "refit": true}
{"timestamp": "15:45:54.706394", "frame": 61, "mu": [-0.6228831196493368, 1.3791573439180416, 1.287100130842905], "Sigma": [[0.006871184785176731, 0.0009772975138947826, -0.008322970041414262], [0.0009772975138947824, 0.007435397282010673, -0.0037125427816285745], [-0.008322970041414262, -0.0037125427816285745, 0.02929404475180405]], "chi2_level": 0.99, "chi2_df": 3, "chi2_threshold": 11.344866730144373, "N_raw": 101, "N_roi": 101, "N_inlier": 100, "refit": true}
{"timestamp": "15:45:54.756856", "frame": 62, "mu": [-0.6896295347966086, 1.3725085351575443, 1.3719929560067414], "Sigma": [[0.00487870777381697, 0.0001299943604466395, -0.002738215170761402], [0.00012999436044663955, 0.006904733776761616, -0.0035586526954117332], [-0.002738215170761402, -0.0035586526954117332, 0.014501102953590554]], "chi2_level": 0.99, "chi2_df": 3, "chi2_threshold": 11.344866730144373, "N_raw": 80, "N_roi": 80, "N_inlier": 77, "refit": true}
{"timestamp": "15:45:54.813253", "frame": 63, "mu": [-0.7108514772266477, 1.3989419722891072, 1.3114177121622947], "Sigma": [[0.008685466225149967, 0.0004938851848959484, -0.013265110305958103], [0.0004938851848959485, 0.006129176049341856, 0.003079449065373193], [-0.013265110305958103, 0.0030794490653731927, 0.06216207774352578]], "chi2_level": 0.99, "chi2_df": 3, "chi2_threshold": 11.344866730144373, "N_raw": 93, "N_roi": 93, "N_inlier": 90, "refit": true}
{"timestamp": "15:45:54.866512", "frame": 64, "mu": [-0.7780552293908213, 1.3117110100549805, 1.2004558121768854], "Sigma": [[0.010495523634185724, 0.003407254892550154, -0.0089614296850139], [0.003407254892550154, 0.0061726882455920605, -0.0064827863813382534], [-0.0089614296850139, -0.0064827863813382534, 0.02247990784392473]], "chi2_level": 0.99, "chi2_df": 3, "chi2_threshold": 11.344866730144373, "N_raw": 81, "N_roi": 81, "N_inlier": 79, "refit": true}
{"timestamp": "15:45:54.921670", "frame": 65, "mu": [-0.8500859529704966, 1.3569765374782419, 1.293519750158054], "Sigma": [[0.010802414098376503, 0.001588184096712376, -0.010510492486164157], [0.0015881840967123763, 0.0036064311970176264, -0.005268050756273257], [-0.010510492486164157, -0.005268050756273257, 0.026267722258018954]], "chi2_level": 0.99, "chi2_df": 3, "chi2_threshold": 11.344866730144373, "N_raw": 78, "N_roi": 78, "N_inlier": 74, "refit": true}
{"timestamp": "15:45:54.977759", "frame": 66, "mu": [-0.9394221582927271, 1.3346971146633269, 1.3482953272842149], "Sigma": [[0.040703607430136075, 0.021983443426079424, -0.019005046621542003], [0.021983443426079427, 0.018647901068559448, -0.010375158870780348], [-0.019005046621542003, -0.01037515887078035, 0.018043088833334484]], "chi2_level": 0.99, "chi2_df": 3, "chi2_threshold": 11.344866730144373, "N_raw": 90, "N_roi": 90, "N_inlier": 89, "refit": true}
{"timestamp": "15:45:55.031448", "frame": 67, "mu": [-0.8018491613905299, 1.5447620025815592, -0.5791359165909647], "Sigma": [[0.007259807696348677, 0.009311118452549194, 0.0024838907033978563], [0.009311118452549194, 0.023721895136757876, 0.005014561513174458], [0.0024838907033978563, 0.005014561513174458, 0.019296208128554666]], "chi2_level": 0.99, "chi2_df": 3, "chi2_threshold": 11.344866730144373, "N_raw": 75, "N_roi": 75, "N_inlier": 69, "refit": true}
{"timestamp": "15:45:55.090910", "frame": 68, "mu": [-0.7836786982701414, 1.6599338699360622, -0.44593087194594544], "Sigma": [[0.007057599383176751, 0.006464383494387608, -0.01838391060157678], [0.006464383494387606, 0.013884721913423458, -0.02998087200166325], [-0.018383910601576785, -0.02998087200166325, 0.15087315592925007]], "chi2_level": 0.99, "chi2_df": 3, "chi2_threshold": 11.344866730144373, "N_raw": 106, "N_roi": 106, "N_inlier": 101, "refit": true}
{"timestamp": "15:45:55.141043", "frame": 69, "mu": [-0.8992889907532898, 1.5063962750237105, -0.6074066952318261], "Sigma": [[0.005659379152098771, 0.005044060532769418, 0.00610451188477746], [0.005044060532769418, 0.016291215291392172, 0.005634424793962793], [0.00610451188477746, 0.005634424793962794, 0.028196475864632066]], "chi2_level": 0.99, "chi2_df": 3, "chi2_threshold": 11.344866730144373, "N_raw": 71, "N_roi": 71, "N_inlier": 66, "refit": true}
{"timestamp": "15:45:55.187172", "frame": 70, "mu": [-0.8604123385904205, 1.4300411381221612, 0.7819450931308003], "Sigma": [[0.006000364775852944, -0.0017774732672831586, -0.032178677159073084], [-0.0017774732672831584, 0.010183206983471632, 0.036903265374640205], [-0.03217867715907308, 0.036903265374640205, 0.28285594962016575]], "chi2_level": 0.99, "chi2_df": 3, "chi2_threshold": 11.344866730144373, "N_raw": 14, "N_roi": 14, "N_inlier": 14, "refit": true}
{"timestamp": "15:45:55.245409", "frame": 71, "mu": [-0.9078017965525825, 1.453989275162609, 1.0728731689861606], "Sigma": [[0.006506293441274873, 0.004701801887235469, -0.008557461766870323], [0.004701801887235469, 0.004429114447920441, -0.008463956917616026], [-0.008557461766870323, -0.008463956917616026, 0.025540482765632096]], "chi2_level": 0.99, "chi2_df": 3, "chi2_threshold": 11.344866730144373, "N_raw": 44, "N_roi": 44, "N_inlier": 42, "refit": true}
{"timestamp": "15:45:55.308029", "frame": 72, "mu": [-0.9630234732586845, 1.5013257481079942, 1.4261649869072466], "Sigma": [[0.058925896765100155, 0.032236688542946396, -0.03861586350319482], [0.032236688542946396, 0.02276205842199349, -0.024437478446547103], [-0.03861586350319482, -0.024437478446547107, 0.030386522281053256]], "chi2_level": 0.99, "chi2_df": 3, "chi2_threshold": 11.344866730144373, "N_raw": 95, "N_roi": 95, "N_inlier": 91, "refit": true}
{"timestamp": "15:45:55.361230", "frame": 73, "mu": [-0.9476066670776105, 1.5279442875427658, 0.9824893418997287], "Sigma": [[0.004969070090272172, 0.0013303463146984767, 0.007996671576294198], [0.001330346314698477, 0.00303503306637861, -0.0041367065990257695], [0.007996671576294198, -0.0041367065990257695, 0.2527508443039376]], "chi2_level": 0.99, "chi2_df": 3, "chi2_threshold": 11.344866730144373, "N_raw": 72, "N_roi": 72, "N_inlier": 64, "refit": true}
{"timestamp": "15:45:55.415043", "frame": 74, "mu": [-0.8722193071233101, 1.612355296189862, 1.307740538606683], "Sigma": [[0.00978839693262517, 0.0019071473100524057, -0.0052662700045222905], [0.0019071473100524057, 0.005140016059638137, -0.00275253093302277], [-0.0052662700045222905, -0.00275253093302277, 0.007194649666654459]], "chi2_level": 0.99, "chi2_df": 3, "chi2_threshold": 11.344866730144373, "N_raw": 68, "N_roi": 68, "N_inlier": 65, "refit": true}
{"timestamp": "15:45:55.471020", "frame": 75, "mu": [-0.8895789408656158, 1.6344267549263798, 1.2370949083011833], "Sigma": [[0.007769472225911739, 0.0018969095603259553, -0.0069125529484144995], [0.0018969095603259553, 0.002102195236378862, -0.006415788334638481], [-0.0069125529484144995, -0.006415788334638481, 0.033476086111707486]], "chi2_level": 0.99, "chi2_df": 3, "chi2_threshold": 11.344866730144373, "N_raw": 78, "N_roi": 78, "N_inlier": 74, "refit": true}
{"timestamp": "15:45:55.525703", "frame": 76, "mu": [-0.885123071495617, 1.6641794493256978, 1.2342289760911624], "Sigma": [[0.008150305302812787, 0.001986722130431415, -0.004787153542095734], [0.0019867221304314146, 0.005490707133561955, -0.004342732077843544], [-0.004787153542095735, -0.004342732077843544, 0.00972168228771044]], "chi2_level": 0.99, "chi2_df": 3, "chi2_threshold": 11.344866730144373, "N_raw": 70, "N_roi": 70, "N_inlier": 69, "refit": true}
{"timestamp": "15:45:55.580150", "frame": 77, "mu": [-1.0003326782981339, 1.631711896016406, 1.2105547841178745], "Sigma": [[0.007564714584938566, 0.0017029680369753052, -0.0023019904098849873], [0.0017029680369753052, 0.004309324263040732, -0.0003608666018995758], [-0.002301990409884987, -0.0003608666018995757, 0.027553944005226122]], "chi2_level": 0.99, "chi2_df": 3, "chi2_threshold": 11.344866730144373, "N_raw": 70, "N_roi": 70, "N_inlier": 68, "refit": true}
{"timestamp": "15:45:55.636676", "frame": 78, "mu": [-0.9910492362987443, 1.702260797551027, 1.3261878318894278], "Sigma": [[0.009818751373763588, 0.0006352321725277597, -0.003844778425188221], [0.0006352321725277594, 0.008875116036243658, -0.0013108301738964988], [-0.003844778425188221, -0.0013108301738964988, 0.005419895251086136]], "chi2_level": 0.99, "chi2_df": 3, "chi2_threshold": 11.344866730144373, "N_raw": 79, "N_roi": 79, "N_inlier": 77, "refit": true}
{"timestamp": "15:45:55.692685", "frame": 79, "mu": [-1.0266028517098835, 1.7305333233571816, 1.3724663777634059], "Sigma": [[0.01020980304709517, -0.0007540448572489941, -0.0027557769990508257], [-0.000754044857248994, 0.0073700630725488095, -0.004639821278963301], [-0.0027557769990508253, -0.004639821278963302, 0.004690647580351952]], "chi2_level": 0.99, "chi2_df": 3, "chi2_threshold": 11.344866730144373, "N_raw": 87, "N_roi": 87, "N_inlier": 82, "refit": true}
{"timestamp": "15:45:55.748253", "frame": 80, "mu": [-1.0063773806660563, 1.7724919283542144, 1.3416756353174322], "Sigma": [[0.012600235976663989, 0.00277465049874553, -0.009013127111938093], [0.00277465049874553, 0.008069393745277946, -0.005433745158753954], [-0.009013127111938095, -0.005433745158753954, 0.010940898757364901]], "chi2_level": 0.99, "chi2_df": 3, "chi2_threshold": 11.344866730144373, "N_raw": 91, "N_roi": 91, "N_inlier": 86, "refit": true}
{"timestamp": "15:45:55.801685", "frame": 81, "mu": [-1.062800100700444, 1.7644278477238813, 1.2494949463615845], "Sigma": [[0.008438341594565234, 0.003004420824188204, -0.004102606309409751], [0.003004420824188204, 0.007742404470483666, -0.007497804873089153], [-0.004102606309409751, -0.007497804873089153, 0.008736000959929819]], "chi2_level": 0.99, "chi2_df": 3, "chi2_threshold": 11.344866730144373, "N_raw": 78, "N_roi": 78, "N_inlier": 75, "refit": true}
{"timestamp": "15:45:55.854795", "frame": 82, "mu": [-1.0229601240168515, 1.7835945738717822, 1.239452793915519], "Sigma": [[0.009541412460182511, 0.00014997185845395684, -0.015560876573193359], [0.00014997185845395684, 0.004944117242358416, 0.0067777496556709685], [-0.015560876573193359, 0.006777749655670967, 0.11814199691511965]], "chi2_level": 0.99, "chi2_df": 3, "chi2_threshold": 11.344866730144373, "N_raw": 66, "N_roi": 66, "N_inlier": 60, "refit": true}
{"timestamp": "15:45:55.918467", "frame": 83, "mu": [-0.9997577033735563, 1.8322449026430543, 0.9104665408210643], "Sigma": [[0.010553271059825998, -0.003094350155959643, -0.025811802731998686], [-0.003094350155959642, 0.011269859684432344, 0.03583907941569191], [-0.025811802731998686, 0.03583907941569191, 0.25836016616559004]], "chi2_level": 0.99, "chi2_df": 3, "chi2_threshold": 11.344866730144373, "N_raw": 121, "N_roi": 121, "N_inlier": 121, "refit": true}
{"timestamp": "15:45:55.959217", "frame": 84, "mu": [-1.2689589295238963, 1.8839528929718319, -0.18777884801128383], "Sigma": [[0.1301106094436555, 0.0902647315992556, -0.030794617825271913], [0.0902647315992556, 0.07328108679865857, -0.04470443447038895], [-0.030794617825271913, -0.04470443447038895, 0.09924302818879169]], "chi2_level": 0.99, "chi2_df": 3, "chi2_threshold": 11.344866730144373, "N_raw": 23, "N_roi": 23, "N_inlier": 21, "refit": true}
{"timestamp": "15:45:56.014063", "frame": 85, "mu": [-1.0451211956453879, 1.9024955383150652, 0.47762106793686493], "Sigma": [[0.0036904907614747195, -0.001070732887113764, -0.014883554686624563], [-0.001070732887113764, 0.0055699091361017155, 0.02144575333559555], [-0.014883554686624563, 0.02144575333559555, 0.2646346625102132]], "chi2_level": 0.99, "chi2_df": 3, "chi2_threshold": 11.344866730144373, "N_raw": 26, "N_roi": 26, "N_inlier": 26, "refit": true}
{"timestamp": "15:45:56.073528", "frame": 86, "mu": [-1.0523147938980515, 1.9765445730893185, 0.6240439911115883], "Sigma": [[0.008359273579806504, -0.000718580592006611, 0.013790175994448985], [-0.0007185805920066109, 0.0033793176959696727, -0.007055054849147627], [0.013790175994448985, -0.007055054849147627, 0.21949070553590075]], "chi2_level": 0.99, "chi2_df": 3, "chi2_threshold": 11.344866730144373, "N_raw": 53, "N_roi": 53, "N_inlier": 52, "refit": true}
{"timestamp": "15:45:56.131148", "frame": 87, "mu": [-1.0694509856685497, 2.005176284840941, 1.1201113428431106], "Sigma": [[0.00911460900060859, -0.00019206563569210488, 0.0016446659725937876], [-0.0001920656356921049, 0.0024679917492422027, -0.009667115820583163], [0.0016446659725937876, -0.009667115820583163, 0.11701113463511678]], "chi2_level": 0.99, "chi2_df": 3, "chi2_threshold": 11.344866730144373, "N_raw": 78, "N_roi": 78, "N_inlier": 75, "refit": true}
{"timestamp": "15:45:56.183565", "frame": 88, "mu": [-1.076322154631708, 2.009964984101344, 1.3153835505426068], "Sigma": [[0.008953265927426419, 0.0011602730893306398, -0.007539157318799448], [0.00116027308933064, 0.005842041225327753, -0.004873716232503893], [-0.007539157318799448, -0.004873716232503893, 0.012671662150829056]], "chi2_level": 0.99, "chi2_df": 3, "chi2_threshold": 11.344866730144373, "N_raw": 62, "N_roi": 62, "N_inlier": 61, "refit": true}
