{"timestamp": "15:33:56.147956", "frame": 19, "mu": [-0.12430425292451107, 0.09519206179053478, 0.9112175636364224], "Sigma": [[0.2108818065891201, -0.0002793737536568436, 0.172450644076558], [-0.0002793737536568436, 0.0015580522605030138, -0.013162389890677258], [0.17245064407655802, -0.013162389890677256, 0.47432096942931135]], "chi2_level": 0.99, "chi2_df": 3, "chi2_threshold": 11.344866730144373, "N_raw": 7, "N_roi": 7, "N_inlier": 7, "refit": true}
{"timestamp": "15:33:56.203586", "frame": 20, "mu": [0.11659653039404097, 0.2179208220917344, -0.503825967986217], "Sigma": [[0.23951790999855702, -0.004118593098923952, 0.044563784639200806], [-0.00411859309892395, 0.001573825210244556, -0.0018446877346450085], [0.0445637846392008, -0.0018446877346450087, 0.012947073052745018]], "chi2_level": 0.99, "chi2_df": 3, "chi2_threshold": 11.344866730144373, "N_raw": 11, "N_roi": 11, "N_inlier": 10, "refit": true}
{"timestamp": "15:33:56.258697", "frame": 21, "mu": [0.12076224863166868, 0.11633270093125024, 1.5003167991165978], "Sigma": [[0.26388862492995396, -0.006890260813355802, 0.02060584734476332], [-0.006890260813355802, 0.003640371854338538, -0.005825375535933406], [0.02060584734476332, -0.005825375535933406, 0.01102167496228129]], "chi2_level": 0.99, "chi2_df": 3, "chi2_threshold": 11.344866730144373, "N_raw": 18, "N_roi": 18, "N_inlier": 18, "refit": true}
{"timestamp": "15:33:56.314460", "frame": 22, "mu": [0.12643009934645677, 0.3001641407361082, -0.4840626980672956], "Sigma": [[0.2243947288813414, -0.05088004371110062, 0.053866597873383555], [-0.05088004371110062, 0.013134147220003172, -0.01385692894750776], [0.053866597873383555, -0.01385692894750776, 0.01550498999647341]], "chi2_level": 0.99, "chi2_df": 3, "chi2_threshold": 11.344866730144373, "N_raw": 13, "N_roi": 13, "N_inlier": 13, "refit": true}
{"timestamp": "15:33:56.369198", "frame": 23, "mu": [-0.529997529454516, 0.25902390125612906, 1.0053317940691275], "Sigma": [[0.005592791258303603, 0.0044023286221766015, -0.009137856839548337], [0.004402328622176602, 0.013615190641960309, -0.05909777424182012], [-0.009137856839548337, -0.059097774241820125, 0.43779441685957526]], "chi2_level": 0.99, "chi2_df": 3, "chi2_threshold": 11.344866730144373, "N_raw": 17, "N_roi": 17, "N_inlier": 16, "refit": true}
{"timestamp": "15:33:56.426074", "frame": 24, "mu": [-0.018921141565150203, 0.15047461020237188, 1.472165382694619], "Sigma": [[0.319545305727319, -0.0033975070334205963, 0.02588037809434642], [-0.0033975070334205963, 0.004900436897244347, -0.007775526104265302], [0.02588037809434642, -0.007775526104265302, 0.056285153116494006]], "chi2_level": 0.99, "chi2_df": 3, "chi2_threshold": 11.344866730144373, "N_raw": 27, "N_roi": 27, "N_inlier": 25, "refit": true}
{"timestamp": "15:33:56.482400", "frame": 25, "mu": [-0.4559435065592225, 0.29961167498144115, -0.4302164579737971], "Sigma": [[0.14503576119889722, -0.005502622507679141, 0.00812638423745105], [-0.005502622507679142, 0.012181493914211515, -0.0193292715212307], [0.00812638423745105, -0.0193292715212307, 0.0403512979352796]], "chi2_level": 0.99, "chi2_df": 3, "chi2_threshold": 11.344866730144373, "N_raw": 38, "N_roi": 38, "N_inlier": 36, "refit": true}
{"timestamp": "15:33:56.544206", "frame": 26, "mu": [-0.5205919882287541, 0.25681221117458464, 1.4369985939764498], "Sigma": [[0.0029187593691380317, 0.0016831675766937585, -0.0027855137250777156], [0.0016831675766937585, 0.002617999167933302, -0.004580810697374004], [-0.0027855137250777156, -0.004580810697374004, 0.009096405598168116]], "chi2_level": 0.99, "chi2_df": 3, "chi2_threshold": 11.344866730144373, "N_raw": 68, "N_roi": 68, "N_inlier": 64, "refit": true}
{"timestamp": "15:33:56.596522", "frame": 27, "mu": [-0.4821859613354495, 0.3266409556129717, 1.2870042950452938], "Sigma": [[0.002765022510476954, -0.0005813481058382136, 0.0015932291967890072], [-0.0005813481058382137, 0.0012051764301319555, -0.0014222220097367046], [0.0015932291967890072, -0.0014222220097367046, 0.002514662989069949]], "chi2_level": 0.99, "chi2_df": 3, "chi2_threshold": 11.344866730144373, "N_raw": 47, "N_roi": 47, "N_inlier": 47, "refit": true}
{"timestamp": "15:33:56.644857", "frame": 28, "mu": [-0.5047213198741252, 0.3365402162705251, 0.9976075199949686], "Sigma": [[0.0029030924949737017, -0.0005678023874858856, 0.011457879304952298], [-0.0005678023874858857, 0.0042351058691115825, 0.028075503640650232], [0.011457879304952298, 0.028075503640650236, 0.2903346890349441]], "chi2_level": 0.99, "chi2_df": 3, "chi2_threshold": 11.344866730144373, "N_raw": 7, "N_roi": 7, "N_inlier": 7, "refit": true}
{"timestamp": "15:33:56.701580", "frame": 29, "mu": [-0.09612209951717168, 0.3408619194005628, 0.998344637593289], "Sigma": [[0.36875585536246086, -0.08852797201855428, 0.22017105821539978], [-0.08852797201855428, 0.02548635698669801, -0.08289599295460096], [0.22017105821539978, -0.08289599295460096, 0.37562316771118764]], "chi2_level": 0.99, "chi2_df": 3, "chi2_threshold": 11.344866730144373, "N_raw": 11, "N_roi": 11, "N_inlier": 11, "refit": true}
{"timestamp": "15:33:56.754112", "frame": 30, "mu": [-0.5242029510067964, 0.473741953062589, 1.1330126813999462], "Sigma": [[0.008886956940068816, -0.00707130733201431, 0.03710683277680588], [-0.00707130733201431, 0.0061180836374901005, -0.031024000099298517], [0.03710683277680589, -0.031024000099298517, 0.16423330689904767]], "chi2_level": 0.99, "chi2_df": 3, "chi2_threshold": 11.344866730144373, "N_raw": 5, "N_roi": 5, "N_inlier": 5, "refit": true}
{"timestamp": "15:33:56.814455", "frame": 31, "mu": [-0.5390585069706384, 0.45191189442344265, 1.2671530667131599], "Sigma": [[0.0018503909318915714, 1.9263324013112952e-05, 0.0005076245105755618], [1.9263324013112966e-05, 0.00033591976889488586, -0.0006468065212027385], [0.0005076245105755619, -0.0006468065212027384, 0.0025870629179387647]], "chi2_level": 0.99, "chi2_df": 3, "chi2_threshold": 11.344866730144373, "N_raw": 38, "N_roi": 38, "N_inlier": 36, "refit": true}
{"timestamp": "15:33:56.867201", "frame": 32, "mu": [-0.6148891433470799, 0.3849760976723405, 1.4655264955134903], "Sigma": [[0.004736107569926478, 0.002622485620373991, -0.006058208737310299], [0.002622485620373991, 0.00230004648734122, -0.0064785249259836615], [-0.006058208737310299, -0.0064785249259836615, 0.022734573854543527]], "chi2_level": 0.99, "chi2_df": 3, "chi2_threshold": 11.344866730144373, "N_raw": 20, "N_roi": 18, "N_inlier": 17, "refit": true}
{"timestamp": "15:33:56.921980", "frame": 33, "mu": [-0.5788895548783796, 0.4831964321710705, 1.3623978558709697], "Sigma": [[0.009018413284568493, 0.006523815045615721, -0.010340243986418477], [0.006523815045615722, 0.005776815064158, -0.009371598027573341], [-0.010340243986418477, -0.009371598027573341, 0.020771835634680352]], "chi2_level": 0.99, "chi2_df": 3, "chi2_threshold": 11.344866730144373, "N_raw": 26, "N_roi": 26, "N_inlier": 26, "refit": true}
{"timestamp": "15:33:56.982660", "frame": 34, "mu": [-0.4993930590163905, 0.5342644186506496, 1.2973121617579304], "Sigma": [[0.011158146123469576, 0.002910928129556284, -0.008577231832329214], [0.0029109281295562834, 0.0020481815534996654, -0.00494651967173318], [-0.008577231832329214, -0.004946519671733181, 0.013482048573366781]], "chi2_level": 0.99, "chi2_df": 3, "chi2_threshold": 11.344866730144373, "N_raw": 60, "N_roi": 60, "N_inlier": 58, "refit": true}
{"timestamp": "15:33:57.032234", "frame": 35, "mu": [-0.5148434129014046, 0.5366568098860021, 1.3009638230816203], "Sigma": [[0.001428167531319516, -0.0004295268195862413, -0.0004075482223326608], [-0.00042952681958624117, 0.0011824382257814839, 0.00024645706875442745], [-0.0004075482223326607, 0.00024645706875442745, 0.00508229296221268]], "chi2_level": 0.99, "chi2_df": 3, "chi2_threshold": 11.344866730144373, "N_raw": 21, "N_roi": 21, "N_inlier": 19, "refit": true}
{"timestamp": "15:33:57.094320", "frame": 36, "mu": [-0.4765265994514324, 0.6134266779580043, 1.278638552251595], "Sigma": [[0.005911092367042115, 0.0006139806092724504, -0.004824728527963423], [0.0006139806092724503, 0.0018339568591846148, -0.004567255072653339], [-0.004824728527963423, -0.004567255072653339, 0.0175319585254824]], "chi2_level": 0.99, "chi2_df": 3, "chi2_threshold": 11.344866730144373, "N_raw": 73, "N_roi": 71, "N_inlier": 66, "refit": true}
{"timestamp": "15:33:57.145886", "frame": 37, "mu": [-0.4470692612524189, 0.6275986336906255, 1.2432800802603519], "Sigma": [[0.0022601099126196263, -0.0012531678077981993, -4.9967558281007135e-05], [-0.0012531678077981993, 0.0012938838678923494, -0.0009117428896607343], [-4.9967558281007135e-05, -0.0009117428896607342, 0.0034579427190731806]], "chi2_level": 0.99, "chi2_df": 3, "chi2_threshold": 11.344866730144373, "N_raw": 49, "N_roi": 49, "N_inlier": 43, "refit": true}
{"timestamp": "15:33:57.203448", "frame": 38, "mu": [-0.6045134162421875, 0.7177135331297505, -0.38781157804743266], "Sigma": [[0.03582026131589934, 0.022261318998995146, -0.04011098186191347], [0.022261318998995142, 0.01701927139972949, -0.028633435833429963], [-0.04011098186191347, -0.028633435833429963, 0.05036450784991482]], "chi2_level": 0.99, "chi2_df": 3, "chi2_threshold": 11.344866730144373, "N_raw": 68, "N_roi": 68, "N_inlier": 65, "refit": true}
{"timestamp": "15:33:57.262733", "frame": 39, "mu": [-0.6388889857310664, 0.6331305198392156, 1.514458960943051], "Sigma": [[0.024196296954225174, 0.007593264184765703, -0.028879460219609583], [0.007593264184765703, 0.004165244185250198, -0.01184960220707634], [-0.028879460219609583, -0.01184960220707634, 0.04959452425567615]], "chi2_level": 0.99, "chi2_df": 3, "chi2_threshold": 11.344866730144373, "N_raw": 88, "N_roi": 88, "N_inlier": 85, "refit": true}
{"timestamp": "15:33:57.312876", "frame": 40, "mu": [-0.7130253857998687, 0.6295345302201995, 1.6236333593854007], "Sigma": [[0.0189515735733458, 0.006817767616214778, -0.013196611195104443], [0.006817767616214778, 0.00411187252711111, -0.006877484837440329], [-0.013196611195104443, -0.006877484837440329, 0.016665381834969368]], "chi2_level": 0.99, "chi2_df": 3, "chi2_threshold": 11.344866730144373, "N_raw": 60, "N_roi": 60, "N_inlier": 57, "refit": true}
{"timestamp": "15:33:57.364452", "frame": 41, "mu": [-0.7167985602020956, 0.647058055844553, 1.5548727758293344], "Sigma": [[0.030239924829958856, 0.01204639052216431, -0.04218908048022287], [0.01204639052216431, 0.006376647496374497, -0.01924852445840251], [-0.04218908048022287, -0.019248524458402506, 0.06757312386459845]], "chi2_level": 0.99, "chi2_df": 3, "chi2_threshold": 11.344866730144373, "N_raw": 40, "N_roi": 40, "N_inlier": 39, "refit": true}
{"timestamp": "15:33:57.418276", "frame": 42, "mu": [-0.6407046184701334, 0.6713766478698641, 1.4595616533914617], "Sigma": [[0.03240061636986159, 0.013927337881638411, -0.04279598811083839], [0.013927337881638411, 0.008611717761410289, -0.0218491696235939], [-0.04279598811083839, -0.0218491696235939, 0.06197148008658632]], "chi2_level": 0.99, "chi2_df": 3, "chi2_threshold": 11.344866730144373, "N_raw": 27, "N_roi": 27, "N_inlier": 26, "refit": true}
{"timestamp": "15:33:57.473941", "frame": 43, "mu": [-0.8600372109458096, 0.6514370979176222, 1.6392208700271644], "Sigma": [[0.0222794302683246, 0.010800539733425873, -0.018981751291788914], [0.010800539733425873, 0.008328030960428065, -0.014941322856237086], [-0.018981751291788914, -0.014941322856237086, 0.030139521288970877]], "chi2_level": 0.99, "chi2_df": 3, "chi2_threshold": 11.344866730144373, "N_raw": 34, "N_roi": 34, "N_inlier": 32, "refit": true}
{"timestamp": "15:33:57.529876", "frame": 44, "mu": [-0.6180047694477823, 0.7956501607469024, 1.528769937613794], "Sigma": [[0.020588771930190243, 0.00829811684512019, -0.01932790358006234], [0.00829811684512019, 0.004711664160539654, -0.00908223662992727], [-0.01932790358006234, -0.009082236629927272, 0.028085820128904683]], "chi2_level": 0.99, "chi2_df": 3, "chi2_threshold": 11.344866730144373, "N_raw": 47, "N_roi": 47, "N_inlier": 45, "refit": true}
{"timestamp": "15:33:57.589959", "frame": 45, "mu": [-0.5963498474466159, 0.8764647339274942, 1.45547601647905], "Sigma": [[0.0025656059262129747, -0.0008644777390706869, 5.590250049522001e-05], [-0.0008644777390706869, 0.002476215357807161, -0.004339157601209336], [5.590250049522001e-05, -0.004339157601209336, 0.009904412253172287]], "chi2_level": 0.99, "chi2_df": 3, "chi2_threshold": 11.344866730144373, "N_raw": 73, "N_roi": 73, "N_inlier": 66, "refit": true}
{"timestamp": "15:33:57.643211", "frame": 46, "mu": [-0.5639493011185303, 0.9133106291430373, 1.3428426165332636], "Sigma": [[0.002188068539650684, -0.00011465237707706726, -0.0032721457162309914], [-0.00011465237707706726, 0.0012071308357774326, -0.002590741144558513], [-0.003272145716230991, -0.002590741144558513, 0.04132559167356265]], "chi2_level": 0.99, "chi2_df": 3, "chi2_threshold": 11.344866730144373, "N_raw": 63, "N_roi": 63, "N_inlier": 63, "refit": true}
{"timestamp": "15:33:57.690590", "frame": 47, "mu": [-0.7898156689572202, 0.8827771689203217, 1.5968252909221552], "Sigma": [[0.01837593029153806, 0.011090350392079146, -0.010565688550465371], [0.011090350392079146, 0.013204334684419334, -0.015266191712623613], [-0.010565688550465371, -0.015266191712623611, 0.022738509770857552]], "chi2_level": 0.99, "chi2_df": 3, "chi2_threshold": 11.344866730144373, "N_raw": 11, "N_roi": 11, "N_inlier": 10, "refit": true}
{"timestamp": "15:33:57.756504", "frame": 48, "mu": [-0.711990228989943, 0.9720133124861552, 1.4418729143878535], "Sigma": [[0.022401140535449057, 0.009835952443116646, -0.013916437726434278], [0.009835952443116646, 0.007180232037482926, -0.011035596208684648], [-0.013916437726434278, -0.011035596208684648, 0.028611154687701486]], "chi2_level": 0.99, "chi2_df": 3, "chi2_threshold": 11.344866730144373, "N_raw": 92, "N_roi": 92, "N_inlier": 88, "refit": true}
{"timestamp": "15:33:57.811088", "frame": 49, "mu": [-0.5821395734185745, 1.008682321091474, 1.2761688700761424], "Sigma": [[0.009677181185293609, 0.003198918332625019, -0.02060812231217718], [0.0031989183326250194, 0.0034034867953313063, -0.005131122193126062], [-0.02060812231217718, -0.005131122193126062, 0.10488689345298713]], "chi2_level": 0.99, "chi2_df": 3, "chi2_threshold": 11.344866730144373, "N_raw": 81, "N_roi": 81, "N_inlier": 74, "refit": true}
{"timestamp": "15:33:57.866124", "frame": 50, "mu": [-0.6334271699396685, 1.0895248699103826, 1.449226639178596], "Sigma": [[0.0036193089584347386, -0.000649154319935883, -0.004999112640712844], [-0.0006491543199358832, 0.0024446148582731525, -0.002830134006278036], [-0.004999112640712844, -0.002830134006278035, 0.03160525605827137]], "chi2_level": 0.99, "chi2_df": 3, "chi2_threshold": 11.344866730144373, "N_raw": 78, "N_roi": 78, "N_inlier": 75, "refit": true}
{"timestamp": "15:33:57.922875", "frame": 51, "mu": [-0.6307539777392881, 1.0947419059704255, 1.309279342048722], "Sigma": [[0.006458708240433832, -0.0016428838289156283, -0.01872643609499456], [-0.0016428838289156288, 0.004491187289030648, 0.002764531385213469], [-0.018726436094994556, 0.0027645313852134685, 0.1265386969179885]], "chi2_level": 0.99, "chi2_df": 3, "chi2_threshold": 11.344866730144373, "N_raw": 94, "N_roi": 94, "N_inlier": 93, "refit": true}
{"timestamp": "15:33:57.978001", "frame": 52, "mu": [-0.6233914338460171, 1.2806004014878958, -0.43769203575537524], "Sigma": [[0.00497237260363816, 0.0025750400198958035, -0.016473222138567827], [0.0025750400198958035, 0.007351161816998985, -0.024902383506103274], [-0.01647322213856783, -0.02490238350610327, 0.12477245897547211]], "chi2_level": 0.99, "chi2_df": 3, "chi2_threshold": 11.344866730144373, "N_raw": 95, "N_roi": 95, "N_inlier": 93, "refit": true}
{"timestamp": "15:33:58.029123", "frame": 53, "mu": [-0.6847414264912774, 1.296920639622153, -0.1911715611799463], "Sigma": [[0.0041353195713796495, 0.0001974755360246114, -0.0025183039880949396], [0.00019747553602461149, 0.005028479790077838, -0.0045154629847691105], [-0.0025183039880949396, -0.004515462984769111, 0.009039351458941847]], "chi2_level": 0.99, "chi2_df": 3, "chi2_threshold": 11.344866730144373, "N_raw": 60, "N_roi": 60, "N_inlier": 57, "refit": true}
{"timestamp": "15:33:58.084381", "frame": 54, "mu": [-0.6632492797017076, 1.215337841975767, 1.413015275883615], "Sigma": [[0.004668505964889894, 0.00015077390590231073, -0.001418404217338414], [0.0001507739059023107, 0.004222523682474653, -0.005331486251701349], [-0.0014184042173384138, -0.00533148625170135, 0.0077921622342837045]], "chi2_level": 0.99, "chi2_df": 3, "chi2_threshold": 11.344866730144373, "N_raw": 77, "N_roi": 77, "N_inlier": 74, "refit": true}
{"timestamp": "15:33:58.130875", "frame": 55, "mu": [-0.6754636591085724, 1.3045454535380148, -0.30238555189140537], "Sigma": [[0.0006225915904281449, -0.0001224129338384241, 0.0022531664891235073], [-0.0001224129338384241, 0.008113300481869472, -2.6689137029079803e-06], [0.0022531664891235073, -2.6689137029088476e-06, 0.0329718376787021]], "chi2_level": 0.99, "chi2_df": 3, "chi2_threshold": 11.344866730144373, "N_raw": 11, "N_roi": 11, "N_inlier": 10, "refit": true}
{"timestamp": "15:33:58.185636", "frame": 56, "mu": [-0.6478591683317584, 1.3255932679351072, 0.8704393418741656], "Sigma": [[0.0016765250344879712, -0.002426497895624746, 0.008417966064074717], [-0.0024264978956247455, 0.014756144308533751, -0.05504212491302021], [0.008417966064074717, -0.05504212491302022, 0.38755940342621675]], "chi2_level": 0.99, "chi2_df": 3, "chi2_threshold": 11.344866730144373, "N_raw": 13, "N_roi": 13, "N_inlier": 12, "refit": true}
{"timestamp": "15:33:58.251229", "frame": 57, "mu": [-0.595885142492904, 1.3133532957733218, 1.165824061605701], "Sigma": [[0.0050500438346972425, -5.618734496265346e-05, -0.006769174947538639], [-5.618734496265346e-05, 0.002804657492813699, -0.003219470119194937], [-0.006769174947538639, -0.003219470119194937, 0.034973444322430734]], "chi2_level": 0.99, "chi2_df": 3, "chi2_threshold": 11.344866730144373, "N_raw": 89, "N_roi": 89, "N_inlier": 86, "refit": true}
{"timestamp": "15:33:58.298895", "frame": 58, "mu": [-0.5802475248633941, 1.3253272424427014, 0.9441083739708711], "Sigma": [[0.0038248207398016588, -0.0009423828815773983, -0.0029275578776421507], [-0.0009423828815773983, 0.0052792240476642075, -0.017000619875733057], [-0.0029275578776421524, -0.017000619875733057, 0.13659117054859266]], "chi2_level": 0.99, "chi2_df": 3, "chi2_threshold": 11.344866730144373, "N_raw": 28, "N_roi": 28, "N_inlier": 26, "refit": true}
{"timestamp": "15:33:58.358831", "frame": 59, "mu": [-0.6589146746726353, 1.3437605748703954, 1.148751450380272], "Sigma": [[0.0034994365701017808, 4.379580786600452e-05, -0.007183145629350405], [4.3795807866004545e-05, 0.003316289444734076, 0.012670717710826195], [-0.007183145629350405, 0.012670717710826195, 0.09268945861451976]], "chi2_level": 0.99, "chi2_df": 3, "chi2_threshold": 11.344866730144373, "N_raw": 66, "N_roi": 66, "N_inlier": 64, "refit": true}
{"timestamp": "15:33:58.412731", "frame": 60, "mu": [-0.6983615517884186, 1.3888393222413313, 1.2908946746023284], "Sigma": [[0.004742599482817074, -0.00019652254981256356, -0.0019110236373841615], [-0.00019652254981256356, 0.0016654895853373513, 0.0014651256621044187], [-0.0019110236373841615, 0.0014651256621044187, 0.08416812551293597]], "chi2_level": 0.99, "chi2_df": 3, "chi2_threshold": 11.344866730144373, "N_raw": 63, "N_roi": 63, "N_inlier": 62, "refit": true}
{"timestamp": "15:33:58.471606", "frame": 61, "mu": [-0.5923068697484108, 1.4399991470752573, 1.0646325471699636], "Sigma": [[0.0057741657626978445, 0.000542058253110119, -0.0010566319378338181], [0.000542058253110119, 0.0005711098703871359, 0.0017002388098343634], [-0.001056631937833818, 0.0017002388098343634, 0.03869840047997639]], "chi2_level": 0.99, "chi2_df": 3, "chi2_threshold": 11.344866730144373, "N_raw": 77, "N_roi": 77, "N_inlier": 73, "refit": true}
{"timestamp": "15:33:58.530997", "frame": 62, "mu": [-0.6441415904062281, 1.490033057813887, 0.9875120836987783], "Sigma": [[0.009933997669735274, 0.0018548991583156517, -0.009388485064659748], [0.0018548991583156517, 0.002296561854477074, 3.054602690667112e-05], [-0.009388485064659748, 3.054602690667101e-05, 0.07574283941672827]], "chi2_level": 0.99, "chi2_df": 3, "chi2_threshold": 11.344866730144373, "N_raw": 104, "N_roi": 104, "N_inlier": 97, "refit": true}
{"timestamp": "15:33:58.584227", "frame": 63, "mu": [-0.639447945122606, 1.5163668277501707, 0.9406112242823541], "Sigma": [[0.006413027193993126, 0.0009279675219087838, 0.006305818132545418], [0.0009279675219087838, 0.0022073852897745196, 0.007244063837702677], [0.006305818132545418, 0.007244063837702678, 0.1323103411280506]], "chi2_level": 0.99, "chi2_df": 3, "chi2_threshold": 11.344866730144373, "N_raw": 89, "N_roi": 89, "N_inlier": 87, "refit": true}
{"timestamp": "15:33:58.644194", "frame": 64, "mu": [-0.6451756526719443, 1.716705708065212, -0.4601026298513576], "Sigma": [[0.008963772450394156, 0.002944664334982417, 0.00204604718110276], [0.0029446643349824164, 0.012591642363858076, -0.03171152649739384], [0.0020460471811027596, -0.03171152649739384, 0.18294756554281458]], "chi2_level": 0.99, "chi2_df": 3, "chi2_threshold": 11.344866730144373, "N_raw": 138, "N_roi": 138, "N_inlier": 136, "refit": true}
{"timestamp": "15:33:58.693593", "frame": 65, "mu": [-0.6578521378885509, 1.613448480378501, 1.309763233978225], "Sigma": [[0.007244845169980217, 7.107437778639452e-05, -0.009866690079412961], [7.10743777863945e-05, 0.003219756989320504, -0.007362814248832491], [-0.009866690079412961, -0.007362814248832491, 0.04817568163391918]], "chi2_level": 0.99, "chi2_df": 3, "chi2_threshold": 11.344866730144373, "N_raw": 96, "N_roi": 96, "N_inlier": 92, "refit": true}
{"timestamp": "15:33:58.753175", "frame": 66, "mu": [-0.6979887701557974, 1.6298070061828487, 0.9035075743453425], "Sigma": [[0.007465109790956543, 0.0009767125935169734, 0.0008527050729785689], [0.0009767125935169732, 0.0011050330956475058, -0.0008086052339079656], [0.0008527050729785685, -0.0008086052339079656, 0.1931340724289777]], "chi2_level": 0.99, "chi2_df": 3, "chi2_threshold": 11.344866730144373, "N_raw": 130, "N_roi": 130, "N_inlier": 128, "refit": true}
{"timestamp": "15:33:58.799361", "frame": 67, "mu": [-0.6899209867783391, 1.684152975632728, 0.5883987490871921], "Sigma": [[0.014851024569725426, -0.0025097750891302415, 0.02798110531249379], [-0.002509775089130241, 0.0028272263333281224, -0.00969976526836579], [0.027981105312493787, -0.00969976526836579, 0.1270338333493315]], "chi2_level": 0.99, "chi2_df": 3, "chi2_threshold": 11.344866730144373, "N_raw": 62, "N_roi": 62, "N_inlier": 60, "refit": true}
{"timestamp": "15:33:58.857824", "frame": 68, "mu": [-0.6749304888697644, 1.8659844139388957, -0.3485509456404005], "Sigma": [[0.01729693870972039, 0.01029467746289987, -0.024391228022292405], [0.01029467746289987, 0.009273041809940095, -0.019998817831696068], [-0.024391228022292405, -0.019998817831696068, 0.054461897180065]], "chi2_level": 0.99, "chi2_df": 3, "chi2_threshold": 11.344866730144373, "N_raw": 96, "N_roi": 96, "N_inlier": 89, "refit": true}
{"timestamp": "15:33:58.911873", "frame": 69, "mu": [-0.709187274231538, 1.7436414278972627, -0.525363556045147], "Sigma": [[0.00736756237683511, 0.0037964541434833197, 0.013634120885991136], [0.0037964541434833197, 0.008774669130487212, 0.0052250166471648814], [0.013634120885991138, 0.0052250166471648814, 0.12951374730089418]], "chi2_level": 0.99, "chi2_df": 3, "chi2_threshold": 11.344866730144373, "N_raw": 87, "N_roi": 87, "N_inlier": 85, "refit": true}
{"timestamp": "15:33:58.966182", "frame": 70, "mu": [-0.7132015623248523, 1.6957506159227003, 1.1127456619718947], "Sigma": [[0.00743052828448336, 0.0011420120433488189, -0.011409858584259597], [0.0011420120433488189, 0.001920888682328147, -0.006405465754853335], [-0.011409858584259597, -0.006405465754853336, 0.05947950632751821]], "chi2_level": 0.99, "chi2_df": 3, "chi2_threshold": 11.344866730144373, "N_raw": 78, "N_roi": 78, "N_inlier": 76, "refit": true}
{"timestamp": "15:33:59.020097", "frame": 71, "mu": [-0.7655673919906596, 1.7867635553097487, 1.2876556382065951], "Sigma": [[0.00896571346258095, 0.002244443744521068, -0.007398542571874313], [0.0022444437445210677, 0.004391310936841155, -0.005894211334575839], [-0.007398542571874313, -0.005894211334575838, 0.019397287912082745]], "chi2_level": 0.99, "chi2_df": 3, "chi2_threshold": 11.344866730144373, "N_raw": 74, "N_roi": 74, "N_inlier": 71, "refit": true}
{"timestamp": "15:33:59.080112", "frame": 72, "mu": [-0.7213180398716694, 1.8095832052384384, 1.1503488240838724], "Sigma": [[0.010944288915222656, 0.002801311809994245, -0.016809711599322423], [0.002801311809994245, 0.004304346052315586, -0.011388586766354746], [-0.016809711599322423, -0.011388586766354746, 0.05134866843221498]], "chi2_level": 0.99, "chi2_df": 3, "chi2_threshold": 11.344866730144373, "N_raw": 107, "N_roi": 107, "N_inlier": 104, "refit": true}
{"timestamp": "15:33:59.131378", "frame": 73, "mu": [-0.7018600924943879, 1.8691997376392764, 1.065607334864406], "Sigma": [[0.007567506083840269, 0.0012096459563742314, -0.003518398361213766], [0.0012096459563742314, 0.001943810864940131, -0.005069432823215394], [-0.0035183983612137658, -0.005069432823215394, 0.022257038465833056]], "chi2_level": 0.99, "chi2_df": 3, "chi2_threshold": 11.344866730144373, "N_raw": 71, "N_roi": 71, "N_inlier": 67, "refit": true}
{"timestamp": "15:33:59.190353", "frame": 74, "mu": [-0.6519806557296869, 2.100379441293068, -0.4539275220483681], "Sigma": [[0.008420700152848433, 0.0031494616436482346, -0.016832451815492824], [0.0031494616436482355, 0.007130441272211784, -0.02308801304928875], [-0.016832451815492824, -0.023088013049288755, 0.10298975445985858]], "chi2_level": 0.99, "chi2_df": 3, "chi2_threshold": 11.344866730144373, "N_raw": 99, "N_roi": 99, "N_inlier": 97, "refit": true}
{"timestamp": "15:33:59.240876", "frame": 75, "mu": [-0.6979889024164649, 1.9398860490676444, 0.9196226980322684], "Sigma": [[0.009928741578671935, 0.0021490940626892004, 0.0025370288947502992], [0.0021490940626892004, 0.0062765522824461874, 0.015344487762130207], [0.0025370288947502992, 0.015344487762130207, 0.07479945884837436]], "chi2_level": 0.99, "chi2_df": 3, "chi2_threshold": 11.344866730144373, "N_raw": 75, "N_roi": 75, "N_inlier": 72, "refit": true}
{"timestamp": "15:33:59.289107", "frame": 76, "mu": [-0.711071624973955, 1.8448271861475625, 0.47330746224211295], "Sigma": [[0.012368018263743412, -0.006836059253493657, 0.018715969101190617], [-0.006836059253493657, 0.017329706365067706, 0.04206366392665015], [0.018715969101190617, 0.04206366392665015, 0.32226217689511183]], "chi2_level": 0.99, "chi2_df": 3, "chi2_threshold": 11.344866730144373, "N_raw": 23, "N_roi": 23, "N_inlier": 23, "refit": true}
{"timestamp": "15:33:59.354186", "frame": 77, "mu": [-0.6896570572456803, 1.923290651620226, 0.7664344795693446], "Sigma": [[0.009642360725830391, -0.00428229989444696, -0.02203084071216285], [-0.00428229989444696, 0.012617744528876798, 0.05007630884568655], [-0.02203084071216285, 0.05007630884568655, 0.2978549178163103]], "chi2_level": 0.99, "chi2_df": 3, "chi2_threshold": 11.344866730144373, "N_raw": 108, "N_roi": 108, "N_inlier": 107, "refit": true}
{"timestamp": "15:33:59.413061", "frame": 78, "mu": [-0.7210835494446899, 1.9968100224192775, 0.7389908480178391], "Sigma": [[0.009182184552377601, -0.00011698618687377418, -0.0010034181504352314], [-0.00011698618687377445, 0.007316520034578684, 0.025535477510888825], [-0.0010034181504352318, 0.025535477510888825, 0.23862469975796333]], "chi2_level": 0.99, "chi2_df": 3, "chi2_threshold": 11.344866730144373, "N_raw": 123, "N_roi": 123, "N_inlier": 123, "refit": true}
{"timestamp": "15:33:59.459956", "frame": 79, "mu": [-0.7588616764563137, 2.0460409477946895, 0.8950033589061795], "Sigma": [[0.005095624151669024, 0.0004872057321550913, -0.0016951817473513217], [0.0004872057321550912, 0.0024351258430182886, 0.00600323458575064], [-0.0016951817473513234, 0.00600323458575064, 0.3239751896867243]], "chi2_level": 0.99, "chi2_df": 3, "chi2_threshold": 11.344866730144373, "N_raw": 75, "N_roi": 75, "N_inlier": 75, "refit": true}
{"timestamp": "15:33:59.516042", "frame": 80, "mu": [-0.7739795896932378, 2.1081309316969317, 0.6684147473945947], "Sigma": [[0.007435116993378247, 0.0005395013606561795, -0.008593803571623206], [0.0005395013606561796, 0.0013978965393982373, -0.005679383992142916], [-0.008593803571623204, -0.005679383992142916, 0.2608229395726095]], "chi2_level": 0.99, "chi2_df": 3, "chi2_threshold": 11.344866730144373, "N_raw": 80, "N_roi": 80, "N_inlier": 78, "refit": true}
{"timestamp": "15:33:59.571422", "frame": 81, "mu": [-0.7527989644558667, 2.1596163407790945, 0.8642424725357584], "Sigma": [[0.0074331211743921865, -0.000985182795910129, 0.007203163541987871], [-0.0009851827959101293, 0.005035505713567375, -0.030506753836038444], [0.007203163541987871, -0.030506753836038444, 0.263476273373773]], "chi2_level": 0.99, "chi2_df": 3, "chi2_threshold": 11.344866730144373, "N_raw": 64, "N_roi": 62, "N_inlier": 61, "refit": true}
{"timestamp": "15:33:59.621463", "frame": 82, "mu": [-0.7378894485933768, 2.1382006506643934, 1.095784513554449], "Sigma": [[0.006743626467081342, 0.0003032952487284736, 0.0084502408894645], [0.0003032952487284737, 0.006507114298092829, -0.021815001545609843], [0.0084502408894645, -0.021815001545609846, 0.20834136015722093]], "chi2_level": 0.99, "chi2_df": 3, "chi2_threshold": 11.344866730144373, "N_raw": 54, "N_roi": 54, "N_inlier": 53, "refit": true}
{"timestamp": "15:33:59.679990", "frame": 83, "mu": [-0.6945963711374445, 2.169828207165476, 1.2307225640912558], "Sigma": [[0.008481689992509494, -0.00023476131415797242, -0.001307614834036554], [-0.0002347613141579722, 0.006250499228600056, -0.00800949452877333], [-0.0013076148340365541, -0.00800949452877333, 0.03323397189822837]], "chi2_level": 0.99, "chi2_df": 3, "chi2_threshold": 11.344866730144373, "N_raw": 73, "N_roi": 73, "N_inlier": 70, "refit": true}
{"timestamp": "15:33:59.733872", "frame": 84, "mu": [-0.7706715925646686, 2.252208801150276, 1.3744950030355274], "Sigma": [[0.0077927203009868756, -0.0013383862560748731, -0.0070376350830727245], [-0.0013383862560748733, 0.0050645736574312815, -0.002004992115708315], [-0.0070376350830727245, -0.002004992115708315, 0.026028675135055933]], "chi2_level": 0.99, "chi2_df": 3, "chi2_threshold": 11.344866730144373, "N_raw": 64, "N_roi": 64, "N_inlier": 61, "refit": true}
{"timestamp": "15:33:59.788711", "frame": 85, "mu": [-0.7566343139390632, 2.2769544971827886, 1.1749072396223814], "Sigma": [[0.007662287869664236, -0.0008515509045860651, -0.0032828842088675004], [-0.0008515509045860652, 0.0032149401244064655, -2.4395512489536132e-05], [-0.0032828842088674995, -2.4395512489536024e-05, 0.09945935552505995]], "chi2_level": 0.99, "chi2_df": 3, "chi2_threshold": 11.344866730144373, "N_raw": 66, "N_roi": 65, "N_inlier": 62, "refit": true}
{"timestamp": "15:33:59.841255", "frame": 86, "mu": [-0.6831208909351895, 2.241218461794037, 1.232905047290257], "Sigma": [[0.009770145687144753, 0.0021338792796888172, -0.004418286646217694], [0.0021338792796888172, 0.0019787390123402956, -0.0033161052311940576], [-0.004418286646217694, -0.003316105231194057, 0.011474585610772]], "chi2_level": 0.99, "chi2_df": 3, "chi2_threshold": 11.344866730144373, "N_raw": 45, "N_roi": 45, "N_inlier": 44, "refit": true}
{"timestamp": "15:33:59.903711", "frame": 87, "mu": [-0.7528309868557794, 2.2911345239924024, 1.0809236338917243], "Sigma": [[0.011861854669693065, 0.0013109187517332307, 0.007235455521971664], [0.0013109187517332307, 0.003263970063140294, -0.0055042148895441305], [0.007235455521971664, -0.00550421488954413, 0.08275000245990727]], "chi2_level": 0.99, "chi2_df": 3, "chi2_threshold": 11.344866730144373, "N_raw": 98, "N_roi": 98, "N_inlier": 95, "refit": true}
{"timestamp": "15:33:59.954022", "frame": 88, "mu": [-0.9061926459517837, 2.320541998438255, 0.9210334811370576], "Sigma": [[0.012346088743573626, -0.0037204558963825195, -0.0396103666370264], [-0.0037204558963825195, 0.005895647972054572, 0.03176908687840846], [-0.0396103666370264, 0.03176908687840846, 0.2762428987606286]], "chi2_level": 0.99, "chi2_df": 3, "chi2_threshold": 11.344866730144373, "N_raw": 65, "N_roi": 65, "N_inlier": 63, "refit": true}
{"timestamp": "15:34:00.006959", "frame": 89, "mu": [-0.8506284993815783, 2.338344665676573, 0.566405587498092], "Sigma": [[0.0055287649966438155, -0.0005810784518510122, 0.005442064127766667], [-0.000581078451851012, 0.005253098738529043, 0.017257752139247292], [0.005442064127766665, 0.017257752139247292, 0.2250444403397066]], "chi2_level": 0.99, "chi2_df": 3, "chi2_threshold": 11.344866730144373, "N_raw": 50, "N_roi": 50, "N_inlier": 49, "refit": true}
{"timestamp": "15:34:00.069814", "frame": 90, "mu": [-0.8210791651242163, 2.5393461459650872, 0.09374544050209403], "Sigma": [[0.012273110183776638, -0.005711608316332545, 0.059055619027385854], [-0.005711608316332545, 0.015569044807217866, -0.04510275170105668], [0.059055619027385854, -0.04510275170105668, 0.4700945827559224]], "chi2_level": 0.99, "chi2_df": 3, "chi2_threshold": 11.344866730144373, "N_raw": 112, "N_roi": 112, "N_inlier": 112, "refit": true}
{"timestamp": "15:34:00.124127", "frame": 91, "mu": [-0.7929518207267657, 2.4803508347074983, 1.0050221424708772], "Sigma": [[0.01236690624600887, 0.0016416743824976291, -0.00596654842512857], [0.0016416743824976291, 0.004821727463477823, 0.0038447324811785107], [-0.00596654842512857, 0.003844732481178511, 0.28433375218201445]], "chi2_level": 0.99, "chi2_df": 3, "chi2_threshold": 11.344866730144373, "N_raw": 99, "N_roi": 99, "N_inlier": 99, "refit": true}
{"timestamp": "15:34:00.172013", "frame": 92, "mu": [-0.7725664179211303, 2.5303106725758124, 0.8345566628115124], "Sigma": [[0.011516711462819323, -0.00029854968309658614, -0.005371520821845625], [-0.00029854968309658614, 0.005553773238425717, 0.034483368985159274], [-0.005371520821845625, 0.034483368985159274, 0.3195124987043297]], "chi2_level": 0.99, "chi2_df": 3, "chi2_threshold": 11.344866730144373, "N_raw": 56, "N_roi": 56, "N_inlier": 55, "refit": true}
{"timestamp": "15:34:00.228902", "frame": 93, "mu": [-0.7393112627779799, 2.673072161461902, -0.14979927821563507], "Sigma": [[0.00982474678875339, -5.219713693645526e-05, -0.0008545409649946996], [-5.219713693645526e-05, 0.009108153768361401, -0.017051934917983118], [-0.0008545409649946992, -0.017051934917983118, 0.04391370662633333]], "chi2_level": 0.99, "chi2_df": 3, "chi2_threshold": 11.344866730144373, "N_raw": 69, "N_roi": 69, "N_inlier": 66, "refit": true}
{"timestamp": "15:34:00.278125", "frame": 94, "mu": [-0.8726900949983736, 2.5894352272031176, 1.3572504551696056], "Sigma": [[0.007785475308963335, 0.001432709696735064, -0.0067433547184911685], [0.001432709696735064, 0.002694996518650213, -0.001453749542233161], [-0.0067433547184911685, -0.0014537495422331612, 0.014575649611926395]], "chi2_level": 0.99, "chi2_df": 3, "chi2_threshold": 11.344866730144373, "N_raw": 28, "N_roi": 28, "N_inlier": 26, "refit": true}
{"timestamp": "15:34:00.344834", "frame": 95, "mu": [-0.8515535698262977, 2.612855858797719, 0.6799352326904007], "Sigma": [[0.01591252293687668, -0.0015092515794949044, -0.009656920127562186], [-0.0015092515794949044, 0.003413694561464011, -0.010269458777234683], [-0.009656920127562186, -0.010269458777234682, 0.3743387611593211]], "chi2_level": 0.99, "chi2_df": 3, "chi2_threshold": 11.344866730144373, "N_raw": 111, "N_roi": 111, "N_inlier": 110, "refit": true}
{"timestamp": "15:34:00.395311", "frame": 96, "mu": [-0.7950722248190878, 2.618818990205804, 0.8959218203245812], "Sigma": [[0.009426926251581385, -0.0006836693780285929, -0.005703552726273365], [-0.000683669378028593, 0.003395486636249238, -0.008774872992355576], [-0.005703552726273367, -0.008774872992355576, 0.4423612976905506]], "chi2_level": 0.99, "chi2_df": 3, "chi2_threshold": 11.344866730144373, "N_raw": 71, "N_roi": 71, "N_inlier": 70, "refit": true}
{"timestamp": "15:34:00.440871", "frame": 97, "mu": [-0.8204929323511849, 2.6685919908469167, 0.6668823271855974], "Sigma": [[0.0022896746542143817, 0.0021761693546509127, -0.019179278612105537], [0.002176169354650913, 0.006658273222598998, -0.0020559755077964223], [-0.019179278612105537, -0.0020559755077964245, 0.4542926896693556]], "chi2_level": 0.99, "chi2_df": 3, "chi2_threshold": 11.344866730144373, "N_raw": 9, "N_roi": 9, "N_inlier": 9, "refit": true}
{"timestamp": "15:34:00.497869", "frame": 98, "mu": [-0.8129102320057553, 2.6971313813315616, 0.8399428793614274], "Sigma": [[0.006019668538847555, -0.000418728025942684, -0.011781428788657924], [-0.0004187280259426841, 0.0038996078765389753, 0.028194791157675703], [-0.011781428788657924, 0.028194791157675703, 0.45541357838217916]], "chi2_level": 0.99, "chi2_df": 3, "chi2_threshold": 11.344866730144373, "N_raw": 34, "N_roi": 34, "N_inlier": 32, "refit": true}
{"timestamp": "15:34:00.556274", "frame": 99, "mu": [-0.83454166353972, 2.737106892998519, 0.7119415165452745], "Sigma": [[0.009560272580594992, -0.0002763967638345386, 0.002920000124815881], [-0.00027639676383453863, 0.006705328921251545, -0.028225448981920264], [0.00292000012481588, -0.028225448981920264, 0.31429622062802975]], "chi2_level": 0.99, "chi2_df": 3, "chi2_threshold": 11.344866730144373, "N_raw": 54, "N_roi": 54, "N_inlier": 53, "refit": true}
{"timestamp": "15:34:00.723142", "frame": 100, "mu": [-0.8250371751666792, 1.5115969880142537, -0.21142015870991687], "Sigma": [[0.004371115791001552, -0.018964441228185365, -0.025286499656362666], [-0.018964441228185365, 1.562362710640041, 1.5995382529377993], [-0.025286499656362663, 1.599538252937799, 1.658074141382707]], "chi2_level": 0.99, "chi2_df": 3, "chi2_threshold": 11.344866730144373, "N_raw": 17, "N_roi": 17, "N_inlier": 16, "refit": true}
{"timestamp": "15:34:00.759002", "frame": 101, "mu": [-0.8244327178586808, 2.7823361405403206, 1.108926566353699], "Sigma": [[0.013534790841366677, 0.0011916949787686491, -0.019719662690304098], [0.0011916949787686491, 0.004785575285367768, -0.005205534044688103], [-0.019719662690304098, -0.005205534044688103, 0.07685068787432592]], "chi2_level": 0.99, "chi2_df": 3, "chi2_threshold": 11.344866730144373, "N_raw": 59, "N_roi": 59, "N_inlier": 56, "refit": true}
{"timestamp": "15:34:00.783955", "frame": 102, "mu": [-0.7082114997886646, 2.82583270670402, 0.793764572600579], "Sigma": [[0.0054744245243897646, -0.0004870303408625597, 0.0036228325213985835], [-0.0004870303408625596, 0.002358547217591922, 0.005362487406908492], [0.003622832521398584, 0.005362487406908492, 0.15507910331981323]], "chi2_level": 0.99, "chi2_df": 3, "chi2_threshold": 11.344866730144373, "N_raw": 22, "N_roi": 22, "N_inlier": 21, "refit": true}
{"timestamp": "15:34:00.816094", "frame": 103, "mu": [-0.7885128939366505, 2.9025162052247393, 1.0042912423679284], "Sigma": [[0.009315060677835192, -0.0005200699394134325, -0.02049176991473873], [-0.0005200699394134325, 0.005854406185403819, 0.0172504585788166], [-0.02049176991473873, 0.0172504585788166, 0.14885599113912384]], "chi2_level": 0.99, "chi2_df": 3, "chi2_threshold": 11.344866730144373, "N_raw": 56, "N_roi": 56, "N_inlier": 53, "refit": true}
{"timestamp": "15:34:00.846877", "frame": 104, "mu": [-0.8107413134496999, 2.942030038220584, 0.8098369777220693], "Sigma": [[0.01298868938157975, -0.0004846345142107243, -0.01483860436800722], [-0.0004846345142107242, 0.0032963541696461396, 0.010883722444038863], [-0.01483860436800722, 0.010883722444038863, 0.13430105067421327]], "chi2_level": 0.99, "chi2_df": 3, "chi2_threshold": 11.344866730144373, "N_raw": 65, "N_roi": 65, "N_inlier": 64, "refit": true}
