{"timestamp": "15:30:36.263305", "frame": 1, "mu": [1.0022546426842711, 1.6531223918068463, 0.9424968102517222], "Sigma": [[0.015200862823257734, -0.00899707865421407, 0.020780308416506715], [-0.008997078654214072, 0.010588546886394342, -0.014652114199543577], [0.020780308416506715, -0.014652114199543577, 0.07093252452868669]], "chi2_level": 0.99, "chi2_df": 3, "chi2_threshold": 11.344866730144373, "N_raw": 77, "N_roi": 77, "N_inlier": 74, "refit": true}
{"timestamp": "15:30:36.316498", "frame": 2, "mu": [0.970496763744883, 1.6066009299261044, 1.037098477226975], "Sigma": [[0.008419790990182629, -0.006616048283046496, 0.008417009123428767], [-0.006616048283046495, 0.007300115944931807, -0.015141952144141869], [0.008417009123428767, -0.015141952144141869, 0.06130928395581521]], "chi2_level": 0.99, "chi2_df": 3, "chi2_threshold": 11.344866730144373, "N_raw": 63, "N_roi": 63, "N_inlier": 62, "refit": true}
{"timestamp": "15:30:36.368405", "frame": 3, "mu": [1.0079604602665815, 1.5179637820064695, 1.0825656830317787], "Sigma": [[0.006472535620234869, -0.004906010504160117, -0.007737341877213237], [-0.004906010504160117, 0.004045052998216095, 0.005724122839440557], [-0.007737341877213237, 0.005724122839440556, 0.02853653150161724]], "chi2_level": 0.99, "chi2_df": 3, "chi2_threshold": 11.344866730144373, "N_raw": 50, "N_roi": 50, "N_inlier": 48, "refit": true}
{"timestamp": "15:30:36.423886", "frame": 4, "mu": [0.9160128633748099, 1.6290479362627, 1.1530597363733526], "Sigma": [[0.004051753203060015, -0.0028111237133154787, -0.008416115346281961], [-0.002811123713315479, 0.0047470502922290535, 7.458201247268186e-05], [-0.008416115346281963, 7.45820124726823e-05, 0.11883152751265594]], "chi2_level": 0.99, "chi2_df": 3, "chi2_threshold": 11.344866730144373, "N_raw": 49, "N_roi": 49, "N_inlier": 48, "refit": true}
{"timestamp": "15:30:36.479397", "frame": 5, "mu": [0.9316233627150976, 1.616467123285922, 1.2429671278553927], "Sigma": [[0.006907393595319431, -0.0030261394970355925, -0.004445666142286315], [-0.003026139497035593, 0.006058722511469122, -0.007884136277046802], [-0.004445666142286315, -0.007884136277046802, 0.02660158222425656]], "chi2_level": 0.99, "chi2_df": 3, "chi2_threshold": 11.344866730144373, "N_raw": 57, "N_roi": 57, "N_inlier": 57, "refit": true}
{"timestamp": "15:30:36.539699", "frame": 6, "mu": [0.9398787913914172, 1.79660830441342, -0.3875543832411381], "Sigma": [[0.013809187419153652, -0.006998787635621341, 0.00483204207701175], [-0.006998787635621341, 0.014754733741990033, -0.02663136126104841], [0.00483204207701175, -0.02663136126104841, 0.06723279058845866]], "chi2_level": 0.99, "chi2_df": 3, "chi2_threshold": 11.344866730144373, "N_raw": 94, "N_roi": 94, "N_inlier": 93, "refit": true}
{"timestamp": "15:30:36.590772", "frame": 7, "mu": [0.967153894324897, 1.6258173673723404, 1.3409995403057797], "Sigma": [[0.013120962766267836, -0.003290874234965095, -0.009863914387967361], [-0.003290874234965095, 0.003996962982518508, 0.00046779806705997515], [-0.009863914387967361, 0.00046779806705997526, 0.009675961131225113]], "chi2_level": 0.99, "chi2_df": 3, "chi2_threshold": 11.344866730144373, "N_raw": 66, "N_roi": 66, "N_inlier": 64, "refit": true}
{"timestamp": "15:30:36.648507", "frame": 8, "mu": [0.95461509572354, 1.628591345031516, 1.2753867119597588], "Sigma": [[0.01206375796851009, -0.0034111689802664557, -0.012099956658879665], [-0.0034111689802664557, 0.004178932411647118, 0.0008929501471818905], [-0.012099956658879665, 0.0008929501471818904, 0.019859222968079255]], "chi2_level": 0.99, "chi2_df": 3, "chi2_threshold": 11.344866730144373, "N_raw": 66, "N_roi": 66, "N_inlier": 64, "refit": true}
{"timestamp": "15:30:36.699408", "frame": 9, "mu": [0.854154483965275, 1.6378672547750763, 1.4337017597262638], "Sigma": [[0.004753835020829254, -0.002393570776934925, -0.00037175583943230354], [-0.002393570776934925, 0.0022906643418539006, 0.0006608180905992056], [-0.00037175583943230327, 0.0006608180905992057, 0.019940573346678307]], "chi2_level": 0.99, "chi2_df": 3, "chi2_threshold": 11.344866730144373, "N_raw": 32, "N_roi": 32, "N_inlier": 30, "refit": true}
{"timestamp": "15:30:36.760021", "frame": 10, "mu": [0.9216679246043038, 1.6388028605986866, 1.3110296562470753], "Sigma": [[0.008616833932401263, -0.002021300932123205, -0.0066681422880701365], [-0.002021300932123205, 0.004617019096789328, -0.0034763101658285027], [-0.0066681422880701365, -0.003476310165828503, 0.012228900323379708]], "chi2_level": 0.99, "chi2_df": 3, "chi2_threshold": 11.344866730144373, "N_raw": 76, "N_roi": 76, "N_inlier": 72, "refit": true}
{"timestamp": "15:30:36.806929", "frame": 11, "mu": [0.9761858087813554, 1.5835589105850114, 0.9099159400697856], "Sigma": [[0.004278281053685943, -0.003115470203673183, -0.02629012933566003], [-0.003115470203673183, 0.005318482535173539, 0.029991038279192417], [-0.02629012933566003, 0.029991038279192417, 0.30246523974835154]], "chi2_level": 0.99, "chi2_df": 3, "chi2_threshold": 11.344866730144373, "N_raw": 12, "N_roi": 12, "N_inlier": 11, "refit": true}
{"timestamp": "15:30:36.864564", "frame": 12, "mu": [0.9093150542388073, 1.6286276460377456, 0.7509518546387776], "Sigma": [[0.006302126657467664, -0.005518683729109884, -0.005753097372428776], [-0.0055186837291098835, 0.007974575148030379, 0.011137958274456817], [-0.005753097372428776, 0.011137958274456817, 0.17164390083908673]], "chi2_level": 0.99, "chi2_df": 3, "chi2_threshold": 11.344866730144373, "N_raw": 41, "N_roi": 41, "N_inlier": 40, "refit": true}
{"timestamp": "15:30:36.925797", "frame": 13, "mu": [0.9427644165156831, 1.595998109558222, 0.7760872256205184], "Sigma": [[0.010150724854360178, -0.006067278759359938, -0.02511002335440278], [-0.006067278759359938, 0.009905738850847745, 0.03658308023863115], [-0.02511002335440278, 0.03658308023863114, 0.3598624651090396]], "chi2_level": 0.99, "chi2_df": 3, "chi2_threshold": 11.344866730144373, "N_raw": 82, "N_roi": 82, "N_inlier": 81, "refit": true}
{"timestamp": "15:30:36.985441", "frame": 14, "mu": [0.9190537187387212, 1.601157217588798, 1.2085157455316131], "Sigma": [[0.01471333286400712, -0.005837872036214995, -0.016022157511821986], [-0.005837872036214995, 0.006001419773541144, -0.00037724606130777334], [-0.016022157511821986, -0.00037724606130777355, 0.048379472077704704]], "chi2_level": 0.99, "chi2_df": 3, "chi2_threshold": 11.344866730144373, "N_raw": 102, "N_roi": 102, "N_inlier": 99, "refit": true}
{"timestamp": "15:30:37.039392", "frame": 15, "mu": [0.9687464397485229, 1.5967465025365701, 0.9627570265764444], "Sigma": [[0.008327577204993098, -0.006157533615451492, -0.0018714242246536854], [-0.006157533615451492, 0.005413586477223556, -0.002926067081709973], [-0.001871424224653685, -0.002926067081709973, 0.04574327221898314]], "chi2_level": 0.99, "chi2_df": 3, "chi2_threshold": 11.344866730144373, "N_raw": 99, "N_roi": 99, "N_inlier": 95, "refit": true}
{"timestamp": "15:30:37.097060", "frame": 16, "mu": [0.872677726756583, 1.7337637065668332, 0.18543332566756085], "Sigma": [[0.01155125098911547, -0.011733771626497495, 0.07067876642911239], [-0.011733771626497495, 0.02592069606602925, -0.1282641290339051], [0.07067876642911239, -0.1282641290339051, 0.7554056387513658]], "chi2_level": 0.99, "chi2_df": 3, "chi2_threshold": 11.344866730144373, "N_raw": 110, "N_roi": 110, "N_inlier": 106, "refit": true}
{"timestamp": "15:30:37.147399", "frame": 17, "mu": [0.9014829388406447, 1.5897836392644, 1.2602341131315506], "Sigma": [[0.01218676694680726, -0.0028318826682531308, -0.008676614569347318], [-0.0028318826682531308, 0.0037482133572356753, -0.00011499411938182569], [-0.008676614569347318, -0.00011499411938182572, 0.023266199059657336]], "chi2_level": 0.99, "chi2_df": 3, "chi2_threshold": 11.344866730144373, "N_raw": 79, "N_roi": 79, "N_inlier": 76, "refit": true}
{"timestamp": "15:30:37.203459", "frame": 18, "mu": [0.9131796532803541, 1.5843863989885505, 1.2029267521397695], "Sigma": [[0.009485051283688156, -0.0029081254791862143, -0.0050003111636498804], [-0.0029081254791862147, 0.0053033122071698005, -0.006490947622875674], [-0.00500031116364988, -0.006490947622875674, 0.022739980212790285]], "chi2_level": 0.99, "chi2_df": 3, "chi2_threshold": 11.344866730144373, "N_raw": 97, "N_roi": 97, "N_inlier": 93, "refit": true}
{"timestamp": "15:30:37.258843", "frame": 19, "mu": [0.9413842977271649, 1.5544953828031687, 1.135415345669971], "Sigma": [[0.010754726496799193, -0.004560013484724245, -0.01272729374271428], [-0.004560013484724245, 0.0050716599193120744, 0.001629855632314288], [-0.01272729374271428, 0.0016298556323142877, 0.03504474067830139]], "chi2_level": 0.99, "chi2_df": 3, "chi2_threshold": 11.344866730144373, "N_raw": 98, "N_roi": 98, "N_inlier": 94, "refit": true}
{"timestamp": "15:30:37.310203", "frame": 20, "mu": [0.8861852006180316, 1.566015584147571, 1.1602572719826043], "Sigma": [[0.006656743483818602, -0.00306951027235645, -0.0019602074554910293], [-0.00306951027235645, 0.0028590171908040403, -0.0013770419076893667], [-0.0019602074554910297, -0.0013770419076893662, 0.05270503806527985]], "chi2_level": 0.99, "chi2_df": 3, "chi2_threshold": 11.344866730144373, "N_raw": 66, "N_roi": 65, "N_inlier": 60, "refit": true}
{"timestamp": "15:30:37.373076", "frame": 21, "mu": [0.8676572632265553, 1.569258656810495, 1.0499936224037574], "Sigma": [[0.009169857493983101, -0.005973458121328819, -0.004773005270225762], [-0.005973458121328818, 0.00883228228334349, 0.00030599824803591216], [-0.004773005270225762, 0.0003059982480359104, 0.08160226024924144]], "chi2_level": 0.99, "chi2_df": 3, "chi2_threshold": 11.344866730144373, "N_raw": 121, "N_roi": 121, "N_inlier": 116, "refit": true}
{"timestamp": "15:30:37.421213", "frame": 22, "mu": [0.8126857641529602, 1.56710466624885, 1.3189811300044025], "Sigma": [[0.006156695473319754, -0.0019663218875505244, -0.003606037827756951], [-0.0019663218875505244, 0.004570116978481099, -0.004452457170446282], [-0.003606037827756951, -0.004452457170446282, 0.020416616206441293]], "chi2_level": 0.99, "chi2_df": 3, "chi2_threshold": 11.344866730144373, "N_raw": 78, "N_roi": 78, "N_inlier": 75, "refit": true}
{"timestamp": "15:30:37.474454", "frame": 23, "mu": [0.8020722849493545, 1.537635977584901, 1.4216488623133938], "Sigma": [[0.007851601836739969, -0.0004358982995525577, -0.0036709883667188485], [-0.0004358982995525578, 0.004984376328696623, -0.0012112564483665108], [-0.003670988366718848, -0.001211256448366511, 0.0023781518591999683]], "chi2_level": 0.99, "chi2_df": 3, "chi2_threshold": 11.344866730144373, "N_raw": 67, "N_roi": 67, "N_inlier": 63, "refit": true}
{"timestamp": "15:30:37.534009", "frame": 24, "mu": [0.8053767339640676, 1.4904482973934614, 1.2252317996494222], "Sigma": [[0.007523233398638787, -0.0018543531600406882, -0.011009442892876519], [-0.0018543531600406882, 0.0032582016915274174, 0.0025201487760032892], [-0.011009442892876519, 0.0025201487760032892, 0.06296042670487137]], "chi2_level": 0.99, "chi2_df": 3, "chi2_threshold": 11.344866730144373, "N_raw": 93, "N_roi": 93, "N_inlier": 89, "refit": true}
{"timestamp": "15:30:37.582008", "frame": 25, "mu": [0.808469862200404, 1.4415643709382744, 1.0224478116352735], "Sigma": [[0.007219210559909033, -0.0016597806829224502, -0.027985620636928124], [-0.0016597806829224502, 0.0015952470180896213, 0.005757979031496531], [-0.027985620636928124, 0.00575797903149653, 0.19540379580599046]], "chi2_level": 0.99, "chi2_df": 3, "chi2_threshold": 11.344866730144373, "N_raw": 47, "N_roi": 47, "N_inlier": 46, "refit": true}
{"timestamp": "15:30:37.644368", "frame": 26, "mu": [0.8919432327302929, 1.3590664827412897, 0.7415542003487853], "Sigma": [[0.015770218572413536, -0.010933898083717761, -0.05618327541458965], [-0.010933898083717761, 0.012205327012678882, 0.05161674362640733], [-0.05618327541458965, 0.051616743626407335, 0.46033570060018386]], "chi2_level": 0.99, "chi2_df": 3, "chi2_threshold": 11.344866730144373, "N_raw": 103, "N_roi": 102, "N_inlier": 101, "refit": true}
{"timestamp": "15:30:37.697792", "frame": 27, "mu": [0.8731649538898544, 1.3398566905253648, 1.0569143583594323], "Sigma": [[0.007553834154364706, -0.004583054292969806, -0.01243379735316336], [-0.004583054292969806, 0.005829455938023499, 0.009034570184454825], [-0.01243379735316336, 0.009034570184454825, 0.04911650411038388]], "chi2_level": 0.99, "chi2_df": 3, "chi2_threshold": 11.344866730144373, "N_raw": 86, "N_roi": 86, "N_inlier": 84, "refit": true}
{"timestamp": "15:30:37.755507", "frame": 28, "mu": [0.8209774630546467, 1.2980598584694825, 1.0522981860524525], "Sigma": [[0.009549035871241113, -0.004729737344756245, -0.018776033517261217], [-0.004729737344756245, 0.005624605152824218, 0.017283931336410447], [-0.018776033517261217, 0.017283931336410444, 0.1142711268798439]], "chi2_level": 0.99, "chi2_df": 3, "chi2_threshold": 11.344866730144373, "N_raw": 103, "N_roi": 103, "N_inlier": 100, "refit": true}
{"timestamp": "15:30:37.809202", "frame": 29, "mu": [0.7937136309006818, 1.3322652574302465, 1.2149632647926463], "Sigma": [[0.009633104311176463, -0.0020586665629202644, -0.010927424170253646], [-0.0020586665629202644, 0.0030938773272039077, -0.0008813966937645729], [-0.010927424170253646, -0.000881396693764573, 0.03333139329932536]], "chi2_level": 0.99, "chi2_df": 3, "chi2_threshold": 11.344866730144373, "N_raw": 98, "N_roi": 98, "N_inlier": 96, "refit": true}
{"timestamp": "15:30:37.856868", "frame": 30, "mu": [0.7801895782125097, 1.2567728239291451, 1.0694335236722505], "Sigma": [[0.009805651326126378, -0.006098240090411842, -0.03617924251349849], [-0.0060982400904118425, 0.00609668708401969, 0.01900233778226343], [-0.036179242513498494, 0.01900233778226343, 0.2215829181976574]], "chi2_level": 0.99, "chi2_df": 3, "chi2_threshold": 11.344866730144373, "N_raw": 40, "N_roi": 40, "N_inlier": 40, "refit": true}
{"timestamp": "15:30:37.920274", "frame": 31, "mu": [0.7850229551328942, 1.224265807943361, 1.1151543321890096], "Sigma": [[0.009088115142597808, -0.0027336568256185467, -0.01347611175538186], [-0.0027336568256185467, 0.0038463953507687984, 0.00935473136447414], [-0.01347611175538186, 0.00935473136447414, 0.06231994521210855]], "chi2_level": 0.99, "chi2_df": 3, "chi2_threshold": 11.344866730144373, "N_raw": 105, "N_roi": 105, "N_inlier": 101, "refit": true}
{"timestamp": "15:30:37.967322", "frame": 32, "mu": [0.7140686210989782, 1.2534706212303823, 1.316851801494368], "Sigma": [[0.004709985849967255, -0.002103552878381776, -0.006193883969916962], [-0.002103552878381776, 0.0036137721460693393, 0.0035880839057565524], [-0.006193883969916962, 0.003588083905756552, 0.025066265955492474]], "chi2_level": 0.99, "chi2_df": 3, "chi2_threshold": 11.344866730144373, "N_raw": 50, "N_roi": 50, "N_inlier": 47, "refit": true}
{"timestamp": "15:30:38.026458", "frame": 33, "mu": [0.7366225689957547, 1.1527539436087413, 0.9944770494708224], "Sigma": [[0.008145129665496575, -0.002862025140184276, -0.01310579965945306], [-0.002862025140184276, 0.002118006819738658, 0.005412920746905586], [-0.013105799659453058, 0.005412920746905585, 0.05300501410560892]], "chi2_level": 0.99, "chi2_df": 3, "chi2_threshold": 11.344866730144373, "N_raw": 82, "N_roi": 82, "N_inlier": 78, "refit": true}
{"timestamp": "15:30:38.080617", "frame": 34, "mu": [0.6538197025588373, 1.2442976496661577, 0.989481399171767], "Sigma": [[0.004821488179551214, -0.003051970742754511, 0.00030930724177870414], [-0.003051970742754511, 0.0038667961060752827, -0.005293692504201929], [0.0003093072417787038, -0.005293692504201929, 0.0353981232846452]], "chi2_level": 0.99, "chi2_df": 3, "chi2_threshold": 11.344866730144373, "N_raw": 73, "N_roi": 73, "N_inlier": 72, "refit": true}
{"timestamp": "15:30:38.145330", "frame": 35, "mu": [0.6294411722703861, 1.193885543973387, 1.141088263499979], "Sigma": [[0.007436259154255114, -0.0029572688037031647, -0.003427372437226341], [-0.0029572688037031647, 0.004513979522709942, -0.010758732922596416], [-0.003427372437226341, -0.010758732922596412, 0.07401166370581246]], "chi2_level": 0.99, "chi2_df": 3, "chi2_threshold": 11.344866730144373, "N_raw": 134, "N_roi": 134, "N_inlier": 131, "refit": true}
{"timestamp": "15:30:38.191963", "frame": 36, "mu": [0.6062601252117277, 1.1594254011062761, 1.094574413766928], "Sigma": [[0.00891974079616424, -0.0023511817662141363, -0.010547800278427721], [-0.0023511817662141363, 0.004821532816408955, -7.5541933903309e-05], [-0.010547800278427723, -7.554193390330857e-05, 0.14129719639396696]], "chi2_level": 0.99, "chi2_df": 3, "chi2_threshold": 11.344866730144373, "N_raw": 82, "N_roi": 81, "N_inlier": 79, "refit": true}
{"timestamp": "15:30:38.239869", "frame": 37, "mu": [0.5461086750496712, 1.1243725821322752, 1.1008953507602783], "Sigma": [[0.004222318591677055, -2.581276356660464e-05, -0.006043425715529901], [-2.5812763566604614e-05, 0.004155288124190123, 0.011087213955477003], [-0.0060434257155299, 0.011087213955477003, 0.27537535616998693]], "chi2_level": 0.99, "chi2_df": 3, "chi2_threshold": 11.344866730144373, "N_raw": 30, "N_roi": 30, "N_inlier": 29, "refit": true}
{"timestamp": "15:30:38.298301", "frame": 38, "mu": [0.5284744018875516, 1.0712911262783014, 1.045352730922759], "Sigma": [[0.008832890060153534, -0.005635607199870227, -0.05178724296693078], [-0.005635607199870227, 0.0089888575066447, 0.04941178290734549], [-0.05178724296693078, 0.04941178290734549, 0.5075614692832204]], "chi2_level": 0.99, "chi2_df": 3, "chi2_threshold": 11.344866730144373, "N_raw": 60, "N_roi": 60, "N_inlier": 58, "refit": true}
{"timestamp": "15:30:38.348434", "frame": 39, "mu": [0.4768179625842285, 1.099517153927536, 0.8809062736795783], "Sigma": [[0.013185154886646256, 0.0006250932652167164, -0.009452891005911224], [0.0006250932652167164, 0.0027204750315478815, 0.01005504531105085], [-0.009452891005911224, 0.01005504531105085, 0.2611513440673436]], "chi2_level": 0.99, "chi2_df": 3, "chi2_threshold": 11.344866730144373, "N_raw": 24, "N_roi": 24, "N_inlier": 23, "refit": true}
{"timestamp": "15:30:38.409625", "frame": 40, "mu": [0.42028156738692796, 1.1937258368745713, -0.4198101478719154], "Sigma": [[0.004240463012959105, 0.0030988647499783127, -0.001542934724336584], [0.0030988647499783123, 0.006416075451013287, -0.0018750671478751455], [-0.0015429347243365833, -0.0018750671478751455, 0.01896416794918742]], "chi2_level": 0.99, "chi2_df": 3, "chi2_threshold": 11.344866730144373, "N_raw": 69, "N_roi": 69, "N_inlier": 63, "refit": true}
{"timestamp": "15:30:38.467412", "frame": 41, "mu": [0.420501676105473, 1.0599836894438832, 1.2978227805948144], "Sigma": [[0.008306930820985112, -0.0017581396260778026, -0.00933895748383844], [-0.0017581396260778026, 0.005190514395646286, 0.0010662894220376188], [-0.00933895748383844, 0.0010662894220376188, 0.011927207918528795]], "chi2_level": 0.99, "chi2_df": 3, "chi2_threshold": 11.344866730144373, "N_raw": 86, "N_roi": 86, "N_inlier": 82, "refit": true}
{"timestamp": "15:30:38.522724", "frame": 42, "mu": [0.3282322502788653, 1.0743203690650946, 1.367855148044272], "Sigma": [[0.005498286309903305, -0.0012422677140346665, -0.006544533511992358], [-0.0012422677140346665, 0.004331364380030745, 0.0006488367053731389], [-0.006544533511992358, 0.000648836705373139, 0.01913806646267832]], "chi2_level": 0.99, "chi2_df": 3, "chi2_threshold": 11.344866730144373, "N_raw": 87, "N_roi": 87, "N_inlier": 83, "refit": true}
{"timestamp": "15:30:38.571779", "frame": 43, "mu": [0.3093821829646816, 1.09443882224179, 1.275464316465019], "Sigma": [[0.003960929055871192, -0.0004358291884854042, -0.007473653111288661], [-0.0004358291884854042, 0.0018707535339571814, 0.004592798092163876], [-0.007473653111288661, 0.004592798092163876, 0.07045259411389222]], "chi2_level": 0.99, "chi2_df": 3, "chi2_threshold": 11.344866730144373, "N_raw": 43, "N_roi": 42, "N_inlier": 39, "refit": true}
{"timestamp": "15:30:38.623714", "frame": 44, "mu": [0.23288302557521962, 1.095410151387445, 1.3197330197533548], "Sigma": [[0.0017537091120823926, -0.0008069567810314066, -0.000828451573861959], [-0.0008069567810314066, 0.003832119322075873, 0.000433545200969176], [-0.000828451573861959, 0.000433545200969176, 0.005337434150572429]], "chi2_level": 0.99, "chi2_df": 3, "chi2_threshold": 11.344866730144373, "N_raw": 36, "N_roi": 34, "N_inlier": 32, "refit": true}
{"timestamp": "15:30:38.684138", "frame": 45, "mu": [0.2525025427285823, 1.2006220297937644, -0.4030853226790265], "Sigma": [[0.003756798658581956, -0.0004838715989024939, -0.0029726128811132044], [-0.0004838715989024939, 0.004695967209354606, -0.0011984225052278435], [-0.0029726128811132044, -0.0011984225052278433, 0.0033336459511829975]], "chi2_level": 0.99, "chi2_df": 3, "chi2_threshold": 11.344866730144373, "N_raw": 66, "N_roi": 66, "N_inlier": 64, "refit": true}
{"timestamp": "15:30:38.737420", "frame": 46, "mu": [0.11306651565441143, 1.139029935809882, -0.4215398970043486], "Sigma": [[0.0037795593550734212, 0.0038789402577518884, 0.0030646716673793178], [0.0038789402577518884, 0.007112173451652909, 0.0029290153488708112], [0.0030646716673793178, 0.0029290153488708112, 0.012363797935900499]], "chi2_level": 0.99, "chi2_df": 3, "chi2_threshold": 11.344866730144373, "N_raw": 54, "N_roi": 54, "N_inlier": 50, "refit": true}
{"timestamp": "15:30:38.798524", "frame": 47, "mu": [0.10293122572240036, 1.104951525364386, 1.4170219985234425], "Sigma": [[0.004500968213421296, -0.0004278353536327095, -0.007042121858104714], [-0.0004278353536327095, 0.0024759578958101873, -0.0019914607060707848], [-0.007042121858104714, -0.0019914607060707848, 0.015281391104870421]], "chi2_level": 0.99, "chi2_df": 3, "chi2_threshold": 11.344866730144373, "N_raw": 83, "N_roi": 82, "N_inlier": 75, "refit": true}
{"timestamp": "15:30:38.850682", "frame": 48, "mu": [0.08026483065673456, 1.2060218040860669, -0.19857986006601008], "Sigma": [[0.0034652130082577703, -0.0008836984965804151, 0.010248317568297825], [-0.0008836984965804151, 0.006284888095764322, -0.02606770669192085], [0.010248317568297824, -0.02606770669192085, 0.2030080143109504]], "chi2_level": 0.99, "chi2_df": 3, "chi2_threshold": 11.344866730144373, "N_raw": 76, "N_roi": 76, "N_inlier": 73, "refit": true}
{"timestamp": "15:30:38.902619", "frame": 49, "mu": [-0.0021818033265702816, 1.1734518684673207, -0.25077135496367947], "Sigma": [[0.002187235490673566, 9.363166942812312e-05, -0.00017209950002448405], [9.363166942812312e-05, 0.0037603117694651944, 0.000923222790719782], [-0.00017209950002448405, 0.000923222790719782, 0.0004153828749510866]], "chi2_level": 0.99, "chi2_df": 3, "chi2_threshold": 11.344866730144373, "N_raw": 43, "N_roi": 43, "N_inlier": 42, "refit": true}
{"timestamp": "15:30:38.953202", "frame": 50, "mu": [-0.009762936969420554, 1.0053689055772694, 1.128293049182473], "Sigma": [[0.0021937901881126064, -0.0007993332548274194, -0.01711323246463243], [-0.0007993332548274195, 0.0028382711154906013, 0.017158822899668157], [-0.017113232464632432, 0.017158822899668157, 0.28492199419986347]], "chi2_level": 0.99, "chi2_df": 3, "chi2_threshold": 11.344866730144373, "N_raw": 19, "N_roi": 19, "N_inlier": 17, "refit": true}
{"timestamp": "15:30:39.009556", "frame": 51, "mu": [-0.12338057641432548, 1.1758928071872743, -0.3212113665727471], "Sigma": [[0.00383841450821129, -0.003524126371709432, 0.010778283350706814], [-0.0035241263717094317, 0.006216722821074394, -0.017782803744567553], [0.010778283350706814, -0.017782803744567557, 0.07456930922572312]], "chi2_level": 0.99, "chi2_df": 3, "chi2_threshold": 11.344866730144373, "N_raw": 30, "N_roi": 30, "N_inlier": 28, "refit": true}
{"timestamp": "15:30:39.065161", "frame": 52, "mu": [-0.14816961486257924, 1.194901992034944, -0.39447872563437997], "Sigma": [[0.005192429055342658, 0.007776668345485213, -0.023990920019686387], [0.007776668345485213, 0.017730779131724352, -0.0458148790043051], [-0.023990920019686387, -0.0458148790043051, 0.1410685973820798]], "chi2_level": 0.99, "chi2_df": 3, "chi2_threshold": 11.344866730144373, "N_raw": 41, "N_roi": 41, "N_inlier": 38, "refit": true}
{"timestamp": "15:30:39.115163", "frame": 53, "mu": [-0.22526159816195215, 1.16678256943467, -0.19657686853956463], "Sigma": [[0.00012042004724911207, 0.0002030543916619404, -0.0003358604343617832], [0.00020305439166194044, 0.006585410348607206, -0.00372369730585784], [-0.00033586043436178314, -0.00372369730585784, 0.002598028814474591]], "chi2_level": 0.99, "chi2_df": 3, "chi2_threshold": 11.344866730144373, "N_raw": 5, "N_roi": 5, "N_inlier": 5, "refit": true}
{"timestamp": "15:30:39.184799", "frame": 54, "mu": [-0.2623408773211724, 1.0624605228324377, 0.1131122138034399], "Sigma": [[0.00416354749810418, -0.0005511604735210659, 0.04394105914324664], [-0.000551160473521066, 0.006634872414847967, -0.01672628423389243], [0.04394105914324664, -0.016726284233892427, 0.7374140516385705]], "chi2_level": 0.99, "chi2_df": 3, "chi2_threshold": 11.344866730144373, "N_raw": 112, "N_roi": 112, "N_inlier": 109, "refit": true}
{"timestamp": "15:30:39.239972", "frame": 55, "mu": [-0.30167090583234274, 1.0150984449143472, 1.3377187073797139], "Sigma": [[0.003440631136620965, -0.0011988585069085292, -0.003445528489562531], [-0.0011988585069085292, 0.008911341342565495, 0.01624181912666193], [-0.003445528489562531, 0.01624181912666193, 0.07983420969867366]], "chi2_level": 0.99, "chi2_df": 3, "chi2_threshold": 11.344866730144373, "N_raw": 105, "N_roi": 105, "N_inlier": 105, "refit": true}
{"timestamp": "15:30:39.295084", "frame": 56, "mu": [-0.33047831288965895, 1.0289310322166318, 1.3049851562180068], "Sigma": [[0.0035750521886927945, -0.0011720445372915742, -0.004362451196045338], [-0.0011720445372915742, 0.004513778153104826, 0.007321583146196203], [-0.004362451196045339, 0.007321583146196203, 0.05138358359490901]], "chi2_level": 0.99, "chi2_df": 3, "chi2_threshold": 11.344866730144373, "N_raw": 103, "N_roi": 103, "N_inlier": 101, "refit": true}
{"timestamp": "15:30:39.348971", "frame": 57, "mu": [-0.3631637734996949, 1.0110911180059405, 1.2982559080266867], "Sigma": [[0.0034629393410347716, -0.0007734773841460724, -0.004356985370424911], [-0.0007734773841460724, 0.00518729401900598, 0.00677476898219092], [-0.004356985370424911, 0.00677476898219092, 0.047697872618801485]], "chi2_level": 0.99, "chi2_df": 3, "chi2_threshold": 11.344866730144373, "N_raw": 97, "N_roi": 97, "N_inlier": 95, "refit": true}
{"timestamp": "15:30:39.402726", "frame": 58, "mu": [-0.4336860544987584, 1.0081432242891895, 1.236060809348532], "Sigma": [[0.003474269158479683, -0.000563986827015764, -0.004838347088552107], [-0.0005639868270157641, 0.0024365430168142308, 0.007574373607047183], [-0.004838347088552107, 0.007574373607047182, 0.05758466308198365]], "chi2_level": 0.99, "chi2_df": 3, "chi2_threshold": 11.344866730144373, "N_raw": 92, "N_roi": 92, "N_inlier": 89, "refit": true}
{"timestamp": "15:30:39.454724", "frame": 59, "mu": [-0.5030599539228633, 1.080046827308294, 1.479811245833456], "Sigma": [[0.004394328420307843, -0.0015664763194029557, -0.0020134133192851993], [-0.0015664763194029557, 0.003572995296566575, -0.0018066223318092707], [-0.0020134133192851993, -0.0018066223318092705, 0.003426556767417762]], "chi2_level": 0.99, "chi2_df": 3, "chi2_threshold": 11.344866730144373, "N_raw": 66, "N_roi": 66, "N_inlier": 63, "refit": true}
{"timestamp": "15:30:39.509318", "frame": 60, "mu": [-0.5136618480858415, 1.0727216759220786, 1.2925326696017643], "Sigma": [[0.007843496117262344, -0.0020483938204510685, -0.018526134251018518], [-0.0020483938204510685, 0.0012694236203553745, 0.004644040068737208], [-0.018526134251018518, 0.004644040068737209, 0.07288531921376899]], "chi2_level": 0.99, "chi2_df": 3, "chi2_threshold": 11.344866730144373, "N_raw": 68, "N_roi": 67, "N_inlier": 64, "refit": true}
{"timestamp": "15:30:39.563966", "frame": 61, "mu": [-0.5669219994085853, 1.1564989057804884, 1.380256968783257], "Sigma": [[0.004529601467075968, 0.0011526792693246088, -0.0025391644312554454], [0.0011526792693246084, 0.004816255847522521, -0.002027479716822575], [-0.0025391644312554454, -0.002027479716822575, 0.005316272979641399]], "chi2_level": 0.99, "chi2_df": 3, "chi2_threshold": 11.344866730144373, "N_raw": 65, "N_roi": 65, "N_inlier": 62, "refit": true}
{"timestamp": "15:30:39.619381", "frame": 62, "mu": [-0.6251861209805262, 1.0640270508463585, 1.2440868968465943], "Sigma": [[0.004806421035750215, -0.003672574186142961, -0.015408536931025167], [-0.003672574186142961, 0.009936631229224462, 0.03027570909291487], [-0.015408536931025167, 0.03027570909291487, 0.13048165013261878]], "chi2_level": 0.99, "chi2_df": 3, "chi2_threshold": 11.344866730144373, "N_raw": 71, "N_roi": 71, "N_inlier": 69, "refit": true}
{"timestamp": "15:30:39.673268", "frame": 63, "mu": [-0.6465346261465839, 1.2415881520431522, 1.4122525400318888], "Sigma": [[0.014666300510537534, 0.00846088523282101, -0.02329209874012031], [0.00846088523282101, 0.008278652034060117, -0.018379294321041354], [-0.02329209874012031, -0.018379294321041354, 0.04758292299537256]], "chi2_level": 0.99, "chi2_df": 3, "chi2_threshold": 11.344866730144373, "N_raw": 62, "N_roi": 62, "N_inlier": 62, "refit": true}
{"timestamp": "15:30:39.723417", "frame": 64, "mu": [-0.6915230256328658, 1.2258506039419883, 1.4286780439452724], "Sigma": [[0.004409204296262757, 0.0023171748765666044, -0.014550064686162219], [0.0023171748765666044, 0.0033528169688224804, -0.0065680511283056145], [-0.014550064686162219, -0.006568051128305615, 0.11524288453984245]], "chi2_level": 0.99, "chi2_df": 3, "chi2_threshold": 11.344866730144373, "N_raw": 22, "N_roi": 22, "N_inlier": 21, "refit": true}
{"timestamp": "15:30:39.775963", "frame": 65, "mu": [-0.9144892825285112, 1.2614518989943002, -0.21022088626565624], "Sigma": [[0.07961304166802358, 0.061744739498326644, -0.05168190624972924], [0.06174473949832665, 0.053230103359204764, -0.05145207060172948], [-0.05168190624972924, -0.051452070601729474, 0.06556736560536466]], "chi2_level": 0.99, "chi2_df": 3, "chi2_threshold": 11.344866730144373, "N_raw": 14, "N_roi": 14, "N_inlier": 13, "refit": true}
{"timestamp": "15:30:39.834096", "frame": 66, "mu": [-0.9540715039081699, 1.2139139703065427, 1.556049555411882], "Sigma": [[0.03978065911026982, 0.02233191983306696, -0.02552901062105699], [0.02233191983306696, 0.015698274632870223, -0.015210319629153753], [-0.02552901062105699, -0.015210319629153753, 0.03991468551277074]], "chi2_level": 0.99, "chi2_df": 3, "chi2_threshold": 11.344866730144373, "N_raw": 34, "N_roi": 34, "N_inlier": 32, "refit": true}
{"timestamp": "15:30:39.894258", "frame": 67, "mu": [-0.851645910233519, 1.2488041893602557, 0.8959370161935867], "Sigma": [[0.007813897841635905, -0.0024493284057608114, -0.027651404534302815], [-0.002449328405760811, 0.006764907906822114, 0.03278164126157304], [-0.02765140453430281, 0.03278164126157304, 0.29561822373533064]], "chi2_level": 0.99, "chi2_df": 3, "chi2_threshold": 11.344866730144373, "N_raw": 64, "N_roi": 64, "N_inlier": 64, "refit": true}
{"timestamp": "15:30:39.944964", "frame": 68, "mu": [-0.8471580867191878, 1.2932722898953357, 0.6599188040733903], "Sigma": [[0.008067622378507448, -0.0022018417637209462, 0.014763684203394037], [-0.002201841763720946, 0.005118439904942797, -0.0016257802344669505], [0.014763684203394033, -0.0016257802344669518, 0.11912342683643676]], "chi2_level": 0.99, "chi2_df": 3, "chi2_threshold": 11.344866730144373, "N_raw": 39, "N_roi": 39, "N_inlier": 37, "refit": true}
{"timestamp": "15:30:40.002243", "frame": 69, "mu": [-1.0310751565009137, 1.2966345415981064, 1.4804600637300454], "Sigma": [[0.06528764811901909, 0.04683474988726386, -0.039703244217110106], [0.04683474988726386, 0.03691152450482697, -0.027863209826937015], [-0.039703244217110106, -0.027863209826937015, 0.04063735897964783]], "chi2_level": 0.99, "chi2_df": 3, "chi2_threshold": 11.344866730144373, "N_raw": 57, "N_roi": 57, "N_inlier": 55, "refit": true}
{"timestamp": "15:30:40.063454", "frame": 70, "mu": [-0.9358596547908458, 1.3953532997443585, 1.3325510329694927], "Sigma": [[0.028804238957543284, 0.01889461867473235, -0.014886323795634027], [0.01889461867473235, 0.017566632199429284, -0.013728829452527016], [-0.014886323795634027, -0.013728829452527017, 0.019387425662939318]], "chi2_level": 0.99, "chi2_df": 3, "chi2_threshold": 11.344866730144373, "N_raw": 97, "N_roi": 97, "N_inlier": 91, "refit": true}
{"timestamp": "15:30:40.113312", "frame": 71, "mu": [-0.9076741501719987, 1.6025116079172472, -0.25853834741386617], "Sigma": [[0.0057414438012338915, 0.001328238465940487, -0.00550174248905076], [0.001328238465940487, 0.004375304361033998, -0.01108333081749128], [-0.005501742489050761, -0.01108333081749128, 0.04598997641873867]], "chi2_level": 0.99, "chi2_df": 3, "chi2_threshold": 11.344866730144373, "N_raw": 63, "N_roi": 63, "N_inlier": 58, "refit": true}
{"timestamp": "15:30:40.168597", "frame": 72, "mu": [-1.0680440452447315, 1.4656374211532783, 1.4617378608476859], "Sigma": [[0.06298953172571248, 0.04599327996017451, -0.02623265396288197], [0.04599327996017451, 0.03711977587246884, -0.01753778216245373], [-0.02623265396288197, -0.01753778216245373, 0.04119790666202175]], "chi2_level": 0.99, "chi2_df": 3, "chi2_threshold": 11.344866730144373, "N_raw": 62, "N_roi": 62, "N_inlier": 60, "refit": true}
{"timestamp": "15:30:40.228453", "frame": 73, "mu": [-1.0743977277424903, 1.4638720113884818, 1.3882174818156123], "Sigma": [[0.05996827490845244, 0.04462847985258794, -0.018633005736272718], [0.04462847985258794, 0.04075047805735678, -0.017523341427867486], [-0.018633005736272718, -0.01752334142786749, 0.009286636423978692]], "chi2_level": 0.99, "chi2_df": 3, "chi2_threshold": 11.344866730144373, "N_raw": 93, "N_roi": 93, "N_inlier": 89, "refit": true}
{"timestamp": "15:30:40.277604", "frame": 74, "mu": [-1.012466653847408, 1.5730186101401407, 1.0116086134380402], "Sigma": [[0.00568825728778314, 0.0009138762949892547, -0.002830116011647303], [0.0009138762949892547, 0.0007626803609992675, -0.0002473473262640509], [-0.0028301160116473026, -0.0002473473262640509, 0.02853776617069923]], "chi2_level": 0.99, "chi2_df": 3, "chi2_threshold": 11.344866730144373, "N_raw": 54, "N_roi": 54, "N_inlier": 47, "refit": true}
{"timestamp": "15:30:40.336385", "frame": 75, "mu": [-1.0160072158297389, 1.6944190377670179, -0.47278883040157643], "Sigma": [[0.03168684555152546, 0.018655909545107697, 0.010518238871161423], [0.018655909545107697, 0.030982629196193927, -0.03547238572605981], [0.010518238871161427, -0.03547238572605981, 0.16540038356665365]], "chi2_level": 0.99, "chi2_df": 3, "chi2_threshold": 11.344866730144373, "N_raw": 83, "N_roi": 83, "N_inlier": 77, "refit": true}
{"timestamp": "15:30:40.389546", "frame": 76, "mu": [-1.0666896009988662, 1.7289581456509988, 1.2678523686163905], "Sigma": [[0.01311670659602535, -0.003246869503476169, -0.021135387467410133], [-0.003246869503476169, 0.00827715726503065, -0.008350527329521917], [-0.021135387467410137, -0.008350527329521917, 0.17529939289449623]], "chi2_level": 0.99, "chi2_df": 3, "chi2_threshold": 11.344866730144373, "N_raw": 70, "N_roi": 70, "N_inlier": 69, "refit": true}
{"timestamp": "15:30:40.443619", "frame": 77, "mu": [-1.1056970678532891, 1.7546460355522144, 1.2434844360666957], "Sigma": [[0.005373358740185506, 0.0007030973087871758, 0.00387575814424776], [0.0007030973087871758, 0.003432744996044128, -0.0036389276868719848], [0.0038757581442477596, -0.0036389276868719848, 0.06985437454199075]], "chi2_level": 0.99, "chi2_df": 3, "chi2_threshold": 11.344866730144373, "N_raw": 59, "N_roi": 59, "N_inlier": 56, "refit": true}
{"timestamp": "15:30:40.502281", "frame": 78, "mu": [-1.08484815988218, 1.8204797231285492, 1.116990607942346], "Sigma": [[0.009595891389624444, -0.002678913019864289, -0.019477841043867898], [-0.002678913019864289, 0.006934993154575267, 0.020483099865222433], [-0.019477841043867898, 0.020483099865222433, 0.15922288520656505]], "chi2_level": 0.99, "chi2_df": 3, "chi2_threshold": 11.344866730144373, "N_raw": 91, "N_roi": 91, "N_inlier": 88, "refit": true}
{"timestamp": "15:30:40.550272", "frame": 79, "mu": [-1.1012484152161215, 1.868263039846511, 1.193995961444575], "Sigma": [[0.004346579564899906, 0.0003784694212399404, -0.0009986414995587216], [0.00037846942123994027, 0.001450839781808747, -0.004583704322721258], [-0.0009986414995587216, -0.004583704322721259, 0.05012288619193056]], "chi2_level": 0.99, "chi2_df": 3, "chi2_threshold": 11.344866730144373, "N_raw": 39, "N_roi": 39, "N_inlier": 39, "refit": true}
{"timestamp": "15:30:40.607232", "frame": 80, "mu": [-1.1392816460142448, 1.9153538744586578, 1.3771462399824432], "Sigma": [[0.005565048165403703, 0.00017407820627556947, -0.004665835314541568], [0.00017407820627556947, 0.004447907482579577, -0.0036972431027216127], [-0.004665835314541568, -0.0036972431027216127, 0.032020671202024696]], "chi2_level": 0.99, "chi2_df": 3, "chi2_threshold": 11.344866730144373, "N_raw": 53, "N_roi": 53, "N_inlier": 49, "refit": true}
{"timestamp": "15:30:40.667417", "frame": 81, "mu": [-1.2201381726036422, 1.9886801427692982, 0.8232396833842959], "Sigma": [[0.010076101925368978, 0.0012921414156676768, -0.00011861700256280382], [0.0012921414156676768, 0.0023395561689688446, -0.009788000711245408], [-0.00011861700256280338, -0.00978800071124541, 0.16883441635539606]], "chi2_level": 0.99, "chi2_df": 3, "chi2_threshold": 11.344866730144373, "N_raw": 86, "N_roi": 86, "N_inlier": 84, "refit": true}
{"timestamp": "15:30:40.714853", "frame": 82, "mu": [-1.2048952384948926, 2.0413168003384685, 0.8934870091471299], "Sigma": [[0.007688351457816333, -0.004098159513670313, 0.029006111330976518], [-0.004098159513670313, 0.00601162632192911, -0.0266806388497576], [0.029006111330976525, -0.026680638849757597, 0.2850986396685601]], "chi2_level": 0.99, "chi2_df": 3, "chi2_threshold": 11.344866730144373, "N_raw": 29, "N_roi": 29, "N_inlier": 28, "refit": true}
{"timestamp": "15:30:40.773969", "frame": 83, "mu": [-1.1864422992710417, 2.051341283603461, 1.3670537342949853], "Sigma": [[0.011245063431288843, 0.0006036416104889736, -0.0013929492710122123], [0.0006036416104889737, 0.006025428491458813, 0.0032386311399844585], [-0.0013929492710122123, 0.0032386311399844585, 0.03997978531247233]], "chi2_level": 0.99, "chi2_df": 3, "chi2_threshold": 11.344866730144373, "N_raw": 67, "N_roi": 67, "N_inlier": 63, "refit": true}
{"timestamp": "15:30:40.827787", "frame": 84, "mu": [-1.2481610860106551, 2.0747406497975995, 1.3361120662497388], "Sigma": [[0.01127077431722691, 0.0008646608414261605, 0.0013030441982167943], [0.0008646608414261607, 0.003467988350451064, 0.0005773562359176886], [0.0013030441982167947, 0.0005773562359176888, 0.033030682704560076]], "chi2_level": 0.99, "chi2_df": 3, "chi2_threshold": 11.344866730144373, "N_raw": 61, "N_roi": 61, "N_inlier": 57, "refit": true}
{"timestamp": "15:30:40.877474", "frame": 85, "mu": [-1.3077624808472867, 2.3062406586031887, -0.3303993391489174], "Sigma": [[0.004793957914925883, -0.000996338749445946, -0.0025749746127059275], [-0.0009963387494459465, 0.024553706138600046, -0.06844523906401306], [-0.0025749746127059284, -0.06844523906401306, 0.21843882596752007]], "chi2_level": 0.99, "chi2_df": 3, "chi2_threshold": 11.344866730144373, "N_raw": 21, "N_roi": 21, "N_inlier": 20, "refit": true}
{"timestamp": "15:30:40.939487", "frame": 86, "mu": [-1.2305062880283568, 2.1881874429513144, 1.371585220848963], "Sigma": [[0.012387959534762325, 0.00018112137595904972, -0.006399636442445511], [0.00018112137595904966, 0.006290995686818442, -0.0019672265906633866], [-0.006399636442445511, -0.0019672265906633866, 0.015129325089534133]], "chi2_level": 0.99, "chi2_df": 3, "chi2_threshold": 11.344866730144373, "N_raw": 69, "N_roi": 69, "N_inlier": 66, "refit": true}
