{"timestamp": "17:25:54.542348", "frame": 15, "mu": [-2.433171613407496, 4.361789289653957, 1.2036660796931622], "Sigma": [[0.001359174067445221, 0.00020691689399366184, -0.0012743503769001613], [0.00020691689399366173, 0.003939681307725319, 0.0011326638964029945], [-0.0012743503769001615, 0.0011326638964029945, 0.002735496724657953]], "chi2_level": 0.99, "chi2_df": 3, "chi2_threshold": 11.344866730144373, "N_raw": 42, "N_roi": 9, "N_inlier": 9, "refit": true}
{"timestamp": "17:25:54.761131", "frame": 19, "mu": [-2.3867355571621576, 4.394010968922277, 0.3631468392736231], "Sigma": [[0.005021000905036229, 0.0038222636293066925, -0.004661538111317712], [0.0038222636293066925, 0.007440641551358932, 0.002590884657430476], [-0.004661538111317712, 0.002590884657430476, 0.02127860607816953]], "chi2_level": 0.99, "chi2_df": 3, "chi2_threshold": 11.344866730144373, "N_raw": 32, "N_roi": 9, "N_inlier": 9, "refit": true}
{"timestamp": "17:25:54.817326", "frame": 20, "mu": [-2.3020494093371133, 4.366338071954953, 1.3523887504512653], "Sigma": [[0.011726256359795307, 0.004232903228077198, -0.00892824815088673], [0.004232903228077198, 0.006988019037270012, 0.0019595865489675604], [-0.00892824815088673, 0.0019595865489675604, 0.013518422316624574]], "chi2_level": 0.99, "chi2_df": 3, "chi2_threshold": 11.344866730144373, "N_raw": 41, "N_roi": 24, "N_inlier": 23, "refit": true}
{"timestamp": "17:25:54.872369", "frame": 21, "mu": [-2.3091911244899306, 4.377530614453322, 1.2389037475203435], "Sigma": [[0.014811036306061882, 0.004628493804022999, -0.017766462429206886], [0.004628493804022999, 0.0049352818100902845, -0.004728595990309902], [-0.017766462429206886, -0.004728595990309902, 0.024896780651076606]], "chi2_level": 0.99, "chi2_df": 3, "chi2_threshold": 11.344866730144373, "N_raw": 24, "N_roi": 20, "N_inlier": 19, "refit": true}
{"timestamp": "17:25:54.929000", "frame": 22, "mu": [-2.3001458992442303, 4.343583576276316, 1.2340869839204445], "Sigma": [[0.016465580067245043, 0.004565951945981556, -0.015224454129079698], [0.004565951945981556, 0.0062923932011270745, -0.0037120199471697996], [-0.015224454129079698, -0.0037120199471697996, 0.016930649576050644]], "chi2_level": 0.99, "chi2_df": 3, "chi2_threshold": 11.344866730144373, "N_raw": 40, "N_roi": 28, "N_inlier": 28, "refit": true}
{"timestamp": "17:25:55.036173", "frame": 24, "mu": [-2.2960631294774068, 4.281484660219221, 1.4394566961518116], "Sigma": [[0.012312327806678377, 0.00336697494178951, -0.013148820577318454], [0.0033669749417895097, 0.004583311267758245, 0.0019332867775667113], [-0.013148820577318454, 0.0019332867775667113, 0.024356473922677337]], "chi2_level": 0.99, "chi2_df": 3, "chi2_threshold": 11.344866730144373, "N_raw": 22, "N_roi": 18, "N_inlier": 17, "refit": true}
{"timestamp": "17:25:55.092048", "frame": 25, "mu": [-2.2389129012134372, 4.214547274922805, 1.2487757758748104], "Sigma": [[0.01964398019125867, 0.007290022493289042, -0.01835921464764861], [0.007290022493289042, 0.004603721107404, -0.007540436544311182], [-0.01835921464764861, -0.007540436544311182, 0.02003422421714038]], "chi2_level": 0.99, "chi2_df": 3, "chi2_threshold": 11.344866730144373, "N_raw": 25, "N_roi": 24, "N_inlier": 23, "refit": true}
{"timestamp": "17:25:55.152104", "frame": 26, "mu": [-2.2195472125697777, 4.2833252186138004, 1.403990691219712], "Sigma": [[0.02304495479359668, 0.010090193309605634, -0.009744548053096243], [0.010090193309605634, 0.014521083363459376, -0.0009031436654410795], [-0.009744548053096243, -0.0009031436654410795, 0.0071504982151284575]], "chi2_level": 0.99, "chi2_df": 3, "chi2_threshold": 11.344866730144373, "N_raw": 59, "N_roi": 53, "N_inlier": 51, "refit": true}
{"timestamp": "17:25:55.199875", "frame": 27, "mu": [-2.1900667178260638, 4.311077500289426, 1.3987229537353352], "Sigma": [[0.0069887306769406245, 0.0006363487738668964, -0.00045440874573453554], [0.0006363487738668964, 0.005403740648273471, -0.0009227486992983083], [-0.00045440874573453565, -0.0009227486992983084, 0.00017589411538501546]], "chi2_level": 0.99, "chi2_df": 3, "chi2_threshold": 11.344866730144373, "N_raw": 11, "N_roi": 8, "N_inlier": 7, "refit": true}
{"timestamp": "17:25:55.257875", "frame": 28, "mu": [-2.154279408187674, 4.355786534162409, 0.29349384344589413], "Sigma": [[0.022001930372691436, 0.011521058836806588, -0.01373854817208824], [0.01152105883680659, 0.010085402487343085, -0.00727414816756519], [-0.01373854817208824, -0.00727414816756519, 0.01068407089634948]], "chi2_level": 0.99, "chi2_df": 3, "chi2_threshold": 11.344866730144373, "N_raw": 36, "N_roi": 34, "N_inlier": 34, "refit": true}
{"timestamp": "17:25:55.314799", "frame": 29, "mu": [-2.118749635394297, 4.3049049064225535, 1.1992100442767262], "Sigma": [[0.02986388766182376, 0.011739396869286864, -0.017971871370813297], [0.011739396869286864, 0.006853435453639094, -0.011280356597224869], [-0.017971871370813297, -0.011280356597224869, 0.021706451557335877]], "chi2_level": 0.99, "chi2_df": 3, "chi2_threshold": 11.344866730144373, "N_raw": 45, "N_roi": 40, "N_inlier": 40, "refit": true}
{"timestamp": "17:25:55.369460", "frame": 30, "mu": [-2.0202598925148574, 4.32666650329512, 1.009498171953456], "Sigma": [[0.02468203694716736, 0.009041010650322898, -0.01737822041960711], [0.009041010650322898, 0.007130001398787497, -0.007370772559289028], [-0.01737822041960711, -0.007370772559289027, 0.016875873376912907]], "chi2_level": 0.99, "chi2_df": 3, "chi2_threshold": 11.344866730144373, "N_raw": 37, "N_roi": 36, "N_inlier": 34, "refit": true}
{"timestamp": "17:25:55.425305", "frame": 31, "mu": [-1.9876372253513837, 4.333049709269127, 1.2167553511072713], "Sigma": [[0.02268467871051006, 0.006713588358818386, -0.01591998853590562], [0.006713588358818386, 0.005210637396771637, -0.011134098278140575], [-0.015919988535905625, -0.011134098278140575, 0.030429669463742315]], "chi2_level": 0.99, "chi2_df": 3, "chi2_threshold": 11.344866730144373, "N_raw": 47, "N_roi": 46, "N_inlier": 44, "refit": true}
{"timestamp": "17:25:55.484577", "frame": 32, "mu": [-1.8554047334402384, 4.460108967183578, 1.1822809509150254], "Sigma": [[0.03314326154682488, 0.02163389620399077, -0.024823602693928783], [0.02163389620399077, 0.029011301570584746, -0.022175885668066022], [-0.024823602693928783, -0.022175885668066025, 0.03515855660215863]], "chi2_level": 0.99, "chi2_df": 3, "chi2_threshold": 11.344866730144373, "N_raw": 70, "N_roi": 65, "N_inlier": 64, "refit": true}
{"timestamp": "17:25:55.532046", "frame": 33, "mu": [-1.8774675372637482, 4.346401577398311, 1.1364436612537656], "Sigma": [[0.009973324196470101, -0.000913568191142252, 0.005611110305342355], [-0.0009135681911422518, 0.0044724505883976815, -0.01847621846108815], [0.005611110305342354, -0.01847621846108815, 0.1156991887773384]], "chi2_level": 0.99, "chi2_df": 3, "chi2_threshold": 11.344866730144373, "N_raw": 20, "N_roi": 20, "N_inlier": 19, "refit": true}
{"timestamp": "17:25:55.593090", "frame": 34, "mu": [-1.8043115977316038, 4.296098482266908, 1.125865243535987], "Sigma": [[0.029577499220265077, 0.009873491204999085, -0.028895859839373143], [0.009873491204999085, 0.008147006343035766, -0.018176701240434995], [-0.028895859839373143, -0.01817670124043499, 0.05742534080224779]], "chi2_level": 0.99, "chi2_df": 3, "chi2_threshold": 11.344866730144373, "N_raw": 69, "N_roi": 69, "N_inlier": 64, "refit": true}
{"timestamp": "17:25:55.645393", "frame": 35, "mu": [-1.7562526491719412, 4.358349759407103, 0.23607161054898854], "Sigma": [[0.025064772796254162, 0.011904359956083035, -0.012391646520019606], [0.011904359956083035, 0.01149533281803255, -0.009207954296733038], [-0.012391646520019606, -0.009207954296733038, 0.009316674913300226]], "chi2_level": 0.99, "chi2_df": 3, "chi2_threshold": 11.344866730144373, "N_raw": 46, "N_roi": 46, "N_inlier": 45, "refit": true}
{"timestamp": "17:25:55.808630", "frame": 38, "mu": [-1.5724669860648883, 4.249150685387236, 1.1153820073767657], "Sigma": [[0.01996688960181308, 0.0038575291233960605, -0.01120281788155234], [0.0038575291233960605, 0.004071214640159957, -0.002942055089481265], [-0.01120281788155234, -0.002942055089481265, 0.008065964836026835]], "chi2_level": 0.99, "chi2_df": 3, "chi2_threshold": 11.344866730144373, "N_raw": 36, "N_roi": 32, "N_inlier": 32, "refit": true}
{"timestamp": "17:25:55.864436", "frame": 39, "mu": [-1.5598038291144118, 4.197711502426495, 1.2373143708732912], "Sigma": [[0.02664911625724702, 0.00528198355143306, -0.016417144991732045], [0.00528198355143306, 0.0037446382302234052, -0.004525753290074869], [-0.016417144991732045, -0.004525753290074869, 0.013360069076755148]], "chi2_level": 0.99, "chi2_df": 3, "chi2_threshold": 11.344866730144373, "N_raw": 42, "N_roi": 38, "N_inlier": 37, "refit": true}
{"timestamp": "17:25:55.917396", "frame": 40, "mu": [-1.486630371388528, 4.207236983193212, 1.288363240292992], "Sigma": [[0.010980623118658278, 0.001991382670634086, -0.00778747995321567], [0.001991382670634086, 0.002751833855887184, -0.0005836194343336702], [-0.00778747995321567, -0.0005836194343336705, 0.006872258012558029]], "chi2_level": 0.99, "chi2_df": 3, "chi2_threshold": 11.344866730144373, "N_raw": 23, "N_roi": 19, "N_inlier": 18, "refit": true}
{"timestamp": "17:25:55.972757", "frame": 41, "mu": [-1.3553658035997658, 4.236762965253018, 1.1923952547183645], "Sigma": [[0.005234773327782751, -0.0022969871181222194, -0.0026683159041515805], [-0.0022969871181222194, 0.004421953339214045, 0.0010234137734053703], [-0.0026683159041515805, 0.00102341377340537, 0.0018482549182998115]], "chi2_level": 0.99, "chi2_df": 3, "chi2_threshold": 11.344866730144373, "N_raw": 26, "N_roi": 8, "N_inlier": 8, "refit": true}
{"timestamp": "17:25:56.031715", "frame": 42, "mu": [-1.317243613517079, 4.215654947183269, 1.1677351968362368], "Sigma": [[0.01790358847248707, 0.002902651592600368, -0.013787823112442293], [0.002902651592600368, 0.0029527916366279996, -0.004320805083505544], [-0.013787823112442293, -0.004320805083505544, 0.014174519688616024]], "chi2_level": 0.99, "chi2_df": 3, "chi2_threshold": 11.344866730144373, "N_raw": 49, "N_roi": 35, "N_inlier": 34, "refit": true}
{"timestamp": "17:25:56.084732", "frame": 43, "mu": [-1.3318630755419567, 4.234676197586085, 0.4219462289161648], "Sigma": [[0.026266536359802486, 0.010489321304940093, -0.012420466052792435], [0.010489321304940093, 0.00853185443715863, -0.004001472234647526], [-0.012420466052792435, -0.004001472234647526, 0.007610345750105943]], "chi2_level": 0.99, "chi2_df": 3, "chi2_threshold": 11.344866730144373, "N_raw": 47, "N_roi": 47, "N_inlier": 47, "refit": true}
{"timestamp": "17:25:56.220031", "frame": 44, "mu": [-1.343938666431965, 4.404950946897632, 0.30239943473712694], "Sigma": [[0.015719440616429513, 0.0037914314087735927, -0.0017565501982677626], [0.0037914314087735927, 0.0029428023870131013, -0.0009910868626579158], [-0.0017565501982677624, -0.0009910868626579158, 0.00046596653451565434]], "chi2_level": 0.99, "chi2_df": 3, "chi2_threshold": 11.344866730144373, "N_raw": 21, "N_roi": 16, "N_inlier": 16, "refit": true}
{"timestamp": "17:25:56.246515", "frame": 45, "mu": [-1.270059842623523, 4.222552948777443, 1.3637758722074738], "Sigma": [[0.017388170237908295, 0.0037380312705255596, -0.005348630634421134], [0.0037380312705255596, 0.002633008092402074, -0.001074258271390924], [-0.005348630634421134, -0.001074258271390924, 0.002146839040299121]], "chi2_level": 0.99, "chi2_df": 3, "chi2_threshold": 11.344866730144373, "N_raw": 28, "N_roi": 26, "N_inlier": 24, "refit": true}
{"timestamp": "17:25:56.278923", "frame": 46, "mu": [-1.112559012150888, 4.260989676331117, 1.2070952380373292], "Sigma": [[0.011356750841507814, 0.0012335275830857666, -0.00551030821539303], [0.0012335275830857666, 0.0012836505567451562, -0.0007005623134743497], [-0.00551030821539303, -0.0007005623134743497, 0.003728784162790624]], "chi2_level": 0.99, "chi2_df": 3, "chi2_threshold": 11.344866730144373, "N_raw": 20, "N_roi": 16, "N_inlier": 15, "refit": true}
{"timestamp": "17:25:56.356527", "frame": 48, "mu": [-1.1477960132084113, 4.294033011489466, 1.1797777263771962], "Sigma": [[0.015182325871874215, 0.002226377384121423, -0.008252686677148943], [0.002226377384121423, 0.0009629325633011824, -0.004139604966101239], [-0.008252686677148943, -0.004139604966101239, 0.024974600374077057]], "chi2_level": 0.99, "chi2_df": 3, "chi2_threshold": 11.344866730144373, "N_raw": 28, "N_roi": 26, "N_inlier": 24, "refit": true}
{"timestamp": "17:25:56.417581", "frame": 49, "mu": [-1.1251396795876587, 4.404166647673419, 0.393422903716192], "Sigma": [[0.024482056043136455, 0.00940781222839113, -0.010642669334161439], [0.00940781222839113, 0.012838799407279831, -0.014347052585405456], [-0.010642669334161439, -0.014347052585405454, 0.018062715385957304]], "chi2_level": 0.99, "chi2_df": 3, "chi2_threshold": 11.344866730144373, "N_raw": 65, "N_roi": 62, "N_inlier": 59, "refit": true}
{"timestamp": "17:25:56.474851", "frame": 50, "mu": [-1.0894239108128696, 4.348535536758594, 1.190877184441027], "Sigma": [[0.025105453829458398, 0.003785508589304835, -0.02492327885017059], [0.0037855085893048345, 0.005057455835253031, -0.012558000240245651], [-0.02492327885017059, -0.01255800024024565, 0.04739804700351598]], "chi2_level": 0.99, "chi2_df": 3, "chi2_threshold": 11.344866730144373, "N_raw": 69, "N_roi": 65, "N_inlier": 63, "refit": true}
{"timestamp": "17:25:56.520203", "frame": 51, "mu": [-0.9123559936035328, 4.435809172168137, 0.9978063606207497], "Sigma": [[0.003833292937131318, 0.0023583170843589274, -0.0041514240170636395], [0.0023583170843589274, 0.018967520801889036, -0.008923542482738698], [-0.0041514240170636395, -0.008923542482738698, 0.01283915377364457]], "chi2_level": 0.99, "chi2_df": 3, "chi2_threshold": 11.344866730144373, "N_raw": 15, "N_roi": 15, "N_inlier": 15, "refit": true}
{"timestamp": "17:25:56.637636", "frame": 53, "mu": [-0.9861465696445392, 4.358536491726694, 1.220304842339362], "Sigma": [[0.0266561503178218, 0.002552720286762586, -0.011977703831311876], [0.0025527202867625855, 0.007966222213900677, -0.002229274626270666], [-0.011977703831311876, -0.0022292746262706662, 0.007185656699434824]], "chi2_level": 0.99, "chi2_df": 3, "chi2_threshold": 11.344866730144373, "N_raw": 68, "N_roi": 66, "N_inlier": 64, "refit": true}
{"timestamp": "17:25:56.693970", "frame": 54, "mu": [-0.9245223974616015, 4.334609358739369, 1.2466240245803144], "Sigma": [[0.030271771224699595, 0.005297388031451391, -0.013198194114071422], [0.00529738803145139, 0.008645889526759978, -0.0013993137503991988], [-0.013198194114071422, -0.0013993137503991988, 0.00678344587075022]], "chi2_level": 0.99, "chi2_df": 3, "chi2_threshold": 11.344866730144373, "N_raw": 69, "N_roi": 66, "N_inlier": 65, "refit": true}
{"timestamp": "17:25:56.743481", "frame": 55, "mu": [-0.8839891231165734, 4.320505187782669, 1.3364239293163636], "Sigma": [[0.017177969256554272, 0.0026517278694466948, 7.882508435066955e-05], [0.002651727869446695, 0.002293731048962312, -0.0013986393738398125], [7.882508435066955e-05, -0.0013986393738398125, 0.0025560556569757206]], "chi2_level": 0.99, "chi2_df": 3, "chi2_threshold": 11.344866730144373, "N_raw": 27, "N_roi": 27, "N_inlier": 25, "refit": true}
{"timestamp": "17:25:56.794824", "frame": 56, "mu": [-0.7563269127209237, 3.984336799433219, 1.3818393709182146], "Sigma": [[0.0811077797252337, -0.33299936712617006, 0.030091921463314963], [-0.33299936712617006, 1.558556531702641, -0.17926349921889628], [0.030091921463314963, -0.17926349921889628, 0.039961846094649756]], "chi2_level": 0.99, "chi2_df": 3, "chi2_threshold": 11.344866730144373, "N_raw": 10, "N_roi": 7, "N_inlier": 7, "refit": true}
{"timestamp": "17:25:56.852372", "frame": 57, "mu": [-0.8130541545817069, 4.291962785605824, 1.161333877423304], "Sigma": [[0.008171848399814016, 0.0031093947799140267, -0.009837471074383325], [0.0031093947799140263, 0.0027709528260829014, -0.005414921264943794], [-0.009837471074383325, -0.005414921264943794, 0.022495318130302023]], "chi2_level": 0.99, "chi2_df": 3, "chi2_threshold": 11.344866730144373, "N_raw": 25, "N_roi": 11, "N_inlier": 11, "refit": true}
{"timestamp": "17:25:56.909162", "frame": 58, "mu": [-0.7989465884322494, 4.23214560590169, 1.00357514012752], "Sigma": [[0.02026694946095033, 0.005875942539853361, -0.0005589494870062852], [0.005875942539853361, 0.00539871427480073, -0.000610972727754774], [-0.0005589494870062853, -0.0006109727277547741, 0.0006901915316776641]], "chi2_level": 0.99, "chi2_df": 3, "chi2_threshold": 11.344866730144373, "N_raw": 39, "N_roi": 35, "N_inlier": 33, "refit": true}
{"timestamp": "17:25:56.966958", "frame": 59, "mu": [-0.6750959794121932, 4.294256533112302, 1.1724118375228267], "Sigma": [[0.03333559422069805, 0.006277805751446629, -0.001801140990633048], [0.00627780575144663, 0.007668643387519872, -0.0012847051700224984], [-0.0018011409906330482, -0.0012847051700224984, 0.00032028117115706823]], "chi2_level": 0.99, "chi2_df": 3, "chi2_threshold": 11.344866730144373, "N_raw": 65, "N_roi": 65, "N_inlier": 60, "refit": true}
{"timestamp": "17:25:57.023784", "frame": 60, "mu": [-0.6484798211297015, 4.30440713191766, 1.2523345778000752], "Sigma": [[0.030641207590827255, 0.007644213106271821, 0.0017318967773519856], [0.007644213106271821, 0.011988024421738939, 0.006695751937118249], [0.0017318967773519856, 0.00669575193711825, 0.006339038070244913]], "chi2_level": 0.99, "chi2_df": 3, "chi2_threshold": 11.344866730144373, "N_raw": 66, "N_roi": 66, "N_inlier": 63, "refit": true}
{"timestamp": "17:25:57.073654", "frame": 61, "mu": [-0.5309571743068301, 4.2560331665558255, 1.2848514052505864], "Sigma": [[0.027545718074738296, 0.002443674082324367, -0.00928202505518265], [0.002443674082324367, 0.00371627617775447, 0.0010554869961827329], [-0.00928202505518265, 0.0010554869961827329, 0.0055137677452644146]], "chi2_level": 0.99, "chi2_df": 3, "chi2_threshold": 11.344866730144373, "N_raw": 37, "N_roi": 37, "N_inlier": 36, "refit": true}
{"timestamp": "17:25:57.129193", "frame": 62, "mu": [-0.5731634003089242, 4.3446459153582255, 1.3421369502280438], "Sigma": [[0.013200735349572662, 0.0015522037650899942, -0.009091427624856617], [0.0015522037650899944, 0.006296394732044723, -0.010497855169315725], [-0.009091427624856617, -0.010497855169315728, 0.030177057218866373]], "chi2_level": 0.99, "chi2_df": 3, "chi2_threshold": 11.344866730144373, "N_raw": 35, "N_roi": 31, "N_inlier": 29, "refit": true}
{"timestamp": "17:25:57.186745", "frame": 63, "mu": [-0.5175129544400477, 4.32076240153219, 1.4849003408428172], "Sigma": [[0.025862286917223337, 0.003899385644828858, -0.010203446182347932], [0.003899385644828858, 0.007484127472563221, 0.006206104226902282], [-0.010203446182347932, 0.006206104226902282, 0.014217719254608886]], "chi2_level": 0.99, "chi2_df": 3, "chi2_threshold": 11.344866730144373, "N_raw": 50, "N_roi": 48, "N_inlier": 47, "refit": true}
{"timestamp": "17:25:57.238548", "frame": 64, "mu": [-0.3735657639713418, 4.301428735687303, 1.2906065805929952], "Sigma": [[0.017042696219517817, -0.003543375136963441, -0.013563932251098303], [-0.003543375136963441, 0.003653547048103606, 0.005446988649751268], [-0.013563932251098303, 0.005446988649751268, 0.0142229171052511]], "chi2_level": 0.99, "chi2_df": 3, "chi2_threshold": 11.344866730144373, "N_raw": 36, "N_roi": 20, "N_inlier": 18, "refit": true}
{"timestamp": "17:25:57.293079", "frame": 65, "mu": [-0.44224089445560055, 4.2396121980983725, 1.3913333604146985], "Sigma": [[0.0237362451104714, 0.0004168957736367469, -0.00822587538034036], [0.0004168957736367473, 0.00260569367442731, -0.0005123976659696005], [-0.00822587538034036, -0.0005123976659696004, 0.004127693665226314]], "chi2_level": 0.99, "chi2_df": 3, "chi2_threshold": 11.344866730144373, "N_raw": 33, "N_roi": 33, "N_inlier": 33, "refit": true}
{"timestamp": "17:25:57.348032", "frame": 66, "mu": [-0.3771946436610367, 4.263988383155464, 1.3834440105898949], "Sigma": [[0.02566214199368578, 0.0013881792594200868, -0.013145010163660948], [0.0013881792594200868, 0.0016345722615303947, -0.0009373966286918968], [-0.013145010163660948, -0.0009373966286918968, 0.007795722374585498]], "chi2_level": 0.99, "chi2_df": 3, "chi2_threshold": 11.344866730144373, "N_raw": 30, "N_roi": 27, "N_inlier": 26, "refit": true}
{"timestamp": "17:25:57.405024", "frame": 67, "mu": [-0.3946288820804212, 4.270906830598883, 1.4852105681175343], "Sigma": [[0.022166138462010918, -0.0008705457708739052, -0.011918419738736023], [-0.0008705457708739056, 0.003856394246562615, 0.0010123984708285943], [-0.011918419738736023, 0.0010123984708285943, 0.008118097174419626]], "chi2_level": 0.99, "chi2_df": 3, "chi2_threshold": 11.344866730144373, "N_raw": 43, "N_roi": 41, "N_inlier": 37, "refit": true}
{"timestamp": "17:25:57.456944", "frame": 68, "mu": [-0.29938638329779876, 4.332507302710259, 1.272656848336674], "Sigma": [[0.017300248791984395, 0.008956880922369553, -0.029863567061144035], [0.008956880922369551, 0.018241083140265138, -0.06190479507341821], [-0.029863567061144035, -0.06190479507341821, 0.28339630792750004]], "chi2_level": 0.99, "chi2_df": 3, "chi2_threshold": 11.344866730144373, "N_raw": 17, "N_roi": 17, "N_inlier": 17, "refit": true}
{"timestamp": "17:25:57.509625", "frame": 69, "mu": [-0.33922462176202667, 4.278767458562044, 1.3372643998477372], "Sigma": [[0.010144732745397494, -0.0013694230620360406, 0.01213575078612961], [-0.0013694230620360404, 0.004192477754041625, -0.025622961617684896], [0.01213575078612961, -0.025622961617684896, 0.17649396516132657]], "chi2_level": 0.99, "chi2_df": 3, "chi2_threshold": 11.344866730144373, "N_raw": 14, "N_roi": 14, "N_inlier": 13, "refit": true}
{"timestamp": "17:25:57.570098", "frame": 70, "mu": [-0.24053064816990827, 4.282332535485753, 1.3678763026444685], "Sigma": [[0.024221925233043208, -0.0005265071322923455, -0.011090982953201399], [-0.0005265071322923455, 0.004884840912857076, -0.00561990299878263], [-0.011090982953201399, -0.00561990299878263, 0.01581877353028261]], "chi2_level": 0.99, "chi2_df": 3, "chi2_threshold": 11.344866730144373, "N_raw": 48, "N_roi": 47, "N_inlier": 47, "refit": true}
{"timestamp": "17:25:57.626326", "frame": 71, "mu": [-0.2109919299425392, 4.3323742084280115, 1.4105455952323935], "Sigma": [[0.028647380273229987, -0.0003046203789144542, -0.017982559491328216], [-0.0003046203789144543, 0.005219707578379492, -0.0020234734511999294], [-0.017982559491328216, -0.0020234734511999294, 0.015382102534165486]], "chi2_level": 0.99, "chi2_df": 3, "chi2_threshold": 11.344866730144373, "N_raw": 55, "N_roi": 55, "N_inlier": 55, "refit": true}
{"timestamp": "17:25:57.681277", "frame": 72, "mu": [-0.18287841711972394, 4.327069700161854, 1.3322404325880204], "Sigma": [[0.026892506236472408, 0.002211419896786194, -0.016244783589348007], [0.002211419896786194, 0.0035099040147059278, -0.0066147395576059325], [-0.016244783589348007, -0.0066147395576059325, 0.021111479722826395]], "chi2_level": 0.99, "chi2_df": 3, "chi2_threshold": 11.344866730144373, "N_raw": 55, "N_roi": 54, "N_inlier": 50, "refit": true}
{"timestamp": "17:25:57.735648", "frame": 73, "mu": [-0.07867972088055253, 4.333690261876456, 0.5740466186943323], "Sigma": [[0.030142693624753837, 0.007886482082078374, -0.024006255926506327], [0.007886482082078376, 0.005674755033057309, -0.004858041944516281], [-0.024006255926506327, -0.004858041944516281, 0.023062943117969355]], "chi2_level": 0.99, "chi2_df": 3, "chi2_threshold": 11.344866730144373, "N_raw": 50, "N_roi": 48, "N_inlier": 48, "refit": true}
{"timestamp": "17:25:57.787678", "frame": 74, "mu": [0.027165805095431914, 4.379533862043687, -0.11297635174667243], "Sigma": [[0.017229968019211207, 0.0033297323961973034, 0.04401475211473349], [0.003329732396197303, 0.003704565704587813, 0.019652510749689253], [0.04401475211473349, 0.019652510749689253, 0.2171284427832231]], "chi2_level": 0.99, "chi2_df": 3, "chi2_threshold": 11.344866730144373, "N_raw": 28, "N_roi": 27, "N_inlier": 27, "refit": true}
{"timestamp": "17:25:57.848080", "frame": 75, "mu": [-0.026875992385375077, 4.369842901901638, 0.40568395071534646], "Sigma": [[0.034225555777671245, 0.004782019654237442, -0.029416359202037216], [0.004782019654237441, 0.006255310952192444, -0.0048039995920982955], [-0.02941635920203722, -0.0048039995920982955, 0.027353752635788705]], "chi2_level": 0.99, "chi2_df": 3, "chi2_threshold": 11.344866730144373, "N_raw": 65, "N_roi": 61, "N_inlier": 61, "refit": true}
{"timestamp": "17:25:57.899423", "frame": 76, "mu": [0.009617069068460635, 4.3770177692731815, 1.3356687048997795], "Sigma": [[0.019379192130793872, 0.0014852742618051578, -0.0036310784442503546], [0.0014852742618051578, 0.0029019677204373895, -0.0013297703017405263], [-0.0036310784442503546, -0.0013297703017405263, 0.002141656639968021]], "chi2_level": 0.99, "chi2_df": 3, "chi2_threshold": 11.344866730144373, "N_raw": 37, "N_roi": 36, "N_inlier": 34, "refit": true}
{"timestamp": "17:25:57.956055", "frame": 77, "mu": [0.015119680765716197, 4.319178736938247, 1.4253713263299073], "Sigma": [[0.025276968083483987, -0.0006234053220712469, -0.00810965028051652], [-0.0006234053220712467, 0.004176324435765273, 0.00399847521932532], [-0.00810965028051652, 0.00399847521932532, 0.007464248674143921]], "chi2_level": 0.99, "chi2_df": 3, "chi2_threshold": 11.344866730144373, "N_raw": 46, "N_roi": 44, "N_inlier": 41, "refit": true}
{"timestamp": "17:25:58.013273", "frame": 78, "mu": [0.10014667992214105, 4.331336483692982, 1.3178909146320161], "Sigma": [[0.02221468077541327, -0.0009044570509984252, -0.010619579928958843], [-0.0009044570509984251, 0.004940198873324998, -0.007191549844551607], [-0.010619579928958843, -0.007191549844551607, 0.03255244794716756]], "chi2_level": 0.99, "chi2_df": 3, "chi2_threshold": 11.344866730144373, "N_raw": 58, "N_roi": 52, "N_inlier": 50, "refit": true}
{"timestamp": "17:25:58.070043", "frame": 79, "mu": [0.16500881908794612, 4.353325483348319, 1.2605624551219672], "Sigma": [[0.02550734245608747, 0.0021681066060581134, -0.010900364349681496], [0.0021681066060581134, 0.008489311232177032, -0.011361174676391451], [-0.010900364349681498, -0.011361174676391451, 0.026105129374195197]], "chi2_level": 0.99, "chi2_df": 3, "chi2_threshold": 11.344866730144373, "N_raw": 74, "N_roi": 63, "N_inlier": 59, "refit": true}
{"timestamp": "17:25:58.120424", "frame": 80, "mu": [0.19149930126499964, 4.285921122571801, 1.2448873209980071], "Sigma": [[0.014429264209477002, 0.0001347418895846758, -0.008105171484239095], [0.00013474188958467558, 0.00321410979701141, -5.749561992823081e-05], [-0.008105171484239095, -5.749561992823089e-05, 0.00597167782560699]], "chi2_level": 0.99, "chi2_df": 3, "chi2_threshold": 11.344866730144373, "N_raw": 42, "N_roi": 33, "N_inlier": 30, "refit": true}
{"timestamp": "17:25:58.176181", "frame": 81, "mu": [0.20340405268048103, 4.271564107951917, 1.2893349104310283], "Sigma": [[0.023057531048010397, -0.00040557990611093844, -0.00968125455611519], [-0.00040557990611093844, 0.004861602228853294, -0.0002466595116696757], [-0.00968125455611519, -0.0002466595116696755, 0.005756422366106098]], "chi2_level": 0.99, "chi2_df": 3, "chi2_threshold": 11.344866730144373, "N_raw": 52, "N_roi": 51, "N_inlier": 49, "refit": true}
{"timestamp": "17:25:58.230430", "frame": 82, "mu": [0.26454058134410474, 4.229386185467285, 1.2898031405306627], "Sigma": [[0.020425560455989384, -0.00044663464575337623, -0.00943169001622611], [-0.00044663464575337623, 0.0031365013128432494, 0.00035373881451331024], [-0.00943169001622611, 0.00035373881451331035, 0.005980796616776894]], "chi2_level": 0.99, "chi2_df": 3, "chi2_threshold": 11.344866730144373, "N_raw": 42, "N_roi": 39, "N_inlier": 36, "refit": true}
{"timestamp": "17:25:58.284246", "frame": 83, "mu": [0.3179830596552278, 4.255699975792854, 0.4279741581225788], "Sigma": [[0.02288631554413524, 0.0006308399766322647, -0.010981744313329937], [0.0006308399766322647, 0.0035060819436618564, -0.0024175510056551617], [-0.010981744313329937, -0.0024175510056551617, 0.008808154077577518]], "chi2_level": 0.99, "chi2_df": 3, "chi2_threshold": 11.344866730144373, "N_raw": 40, "N_roi": 38, "N_inlier": 38, "refit": true}
{"timestamp": "17:25:58.343471", "frame": 84, "mu": [0.29438569922704466, 4.252271029257313, 1.4831544768752951], "Sigma": [[0.01878294743721446, -0.0014727879057629563, -0.008745786829028079], [-0.0014727879057629567, 0.010589993292703033, 0.001980398752608538], [-0.008745786829028077, 0.0019803987526085375, 0.005674190983054517]], "chi2_level": 0.99, "chi2_df": 3, "chi2_threshold": 11.344866730144373, "N_raw": 32, "N_roi": 32, "N_inlier": 31, "refit": true}
{"timestamp": "17:25:58.448118", "frame": 86, "mu": [0.4296426518255838, 4.301068589744564, 1.2688082330291028], "Sigma": [[0.011764808827973572, 0.00026437584218475104, -0.010861767134439263], [0.00026437584218475104, 0.00802812261214606, -0.012870275604404803], [-0.010861767134439263, -0.012870275604404801, 0.03339736112653598]], "chi2_level": 0.99, "chi2_df": 3, "chi2_threshold": 11.344866730144373, "N_raw": 33, "N_roi": 32, "N_inlier": 31, "refit": true}
{"timestamp": "17:25:58.500541", "frame": 87, "mu": [0.4198488119873137, 4.25405869625426, 1.3990263351112733], "Sigma": [[0.008308261846453354, 0.0006321404927713176, -0.010543443887236537], [0.0006321404927713177, 0.012828269066190546, -0.040454492410797974], [-0.010543443887236536, -0.040454492410797974, 0.15269782313163702]], "chi2_level": 0.99, "chi2_df": 3, "chi2_threshold": 11.344866730144373, "N_raw": 19, "N_roi": 19, "N_inlier": 19, "refit": true}
{"timestamp": "17:25:58.559223", "frame": 88, "mu": [0.5361552211504821, 4.249309178217019, 0.523047337450549], "Sigma": [[0.01586952756990412, 0.0025533663693516314, -0.014184830099743341], [0.0025533663693516314, 0.00829812111390173, -0.014807585977718057], [-0.014184830099743341, -0.01480758597771806, 0.03620345898623184]], "chi2_level": 0.99, "chi2_df": 3, "chi2_threshold": 11.344866730144373, "N_raw": 41, "N_roi": 41, "N_inlier": 41, "refit": true}
{"timestamp": "17:25:58.613414", "frame": 89, "mu": [0.57582535105718, 4.281178118849701, 1.3788770502435261], "Sigma": [[0.019098775835780013, -0.0033798670947541272, -0.012079418941819232], [-0.0033798670947541272, 0.0029194306735801185, -0.0008094354971341772], [-0.012079418941819232, -0.0008094354971341774, 0.01551610486209854]], "chi2_level": 0.99, "chi2_df": 3, "chi2_threshold": 11.344866730144373, "N_raw": 35, "N_roi": 35, "N_inlier": 35, "refit": true}
{"timestamp": "17:25:58.720104", "frame": 91, "mu": [0.6059978650877866, 4.3024554927597345, 1.2222529878975306], "Sigma": [[0.00466533959613943, 0.0003783397458673461, 0.0220214061231395], [0.0003783397458673465, 0.006106904752453057, -0.02430772374813421], [0.0220214061231395, -0.02430772374813421, 0.24673684096038345]], "chi2_level": 0.99, "chi2_df": 3, "chi2_threshold": 11.344866730144373, "N_raw": 11, "N_roi": 7, "N_inlier": 7, "refit": true}
{"timestamp": "17:25:58.775976", "frame": 92, "mu": [0.6966465095391009, 3.914335589661491, 0.39236873176146086], "Sigma": [[0.03894994363610375, 0.2282810455870365, 0.045501579360972016], [0.22828104558703652, 1.4647966233363858, 0.23511455564895273], [0.04550157936097202, 0.23511455564895273, 0.11342358930149078]], "chi2_level": 0.99, "chi2_df": 3, "chi2_threshold": 11.344866730144373, "N_raw": 9, "N_roi": 7, "N_inlier": 7, "refit": true}
{"timestamp": "17:25:58.832409", "frame": 93, "mu": [0.7679026735167306, 4.385984111113009, 1.4110198736628692], "Sigma": [[0.013171294779013213, 5.051341018971799e-05, -0.02024932285756137], [5.0513410189717935e-05, 0.0064853021260293, -0.009407675179269378], [-0.02024932285756137, -0.009407675179269378, 0.05505640218240715]], "chi2_level": 0.99, "chi2_df": 3, "chi2_threshold": 11.344866730144373, "N_raw": 31, "N_roi": 29, "N_inlier": 27, "refit": true}
{"timestamp": "17:25:58.946946", "frame": 95, "mu": [0.7716617650328291, 4.22894210376784, 0.652969428696111], "Sigma": [[0.013991453509938244, -0.0017496209808815907, -0.006135846498343792], [-0.001749620980881591, 0.0031133987209981265, -2.0301646989734243e-05], [-0.006135846498343792, -2.0301646989734243e-05, 0.005352834033240686]], "chi2_level": 0.99, "chi2_df": 3, "chi2_threshold": 11.344866730144373, "N_raw": 56, "N_roi": 29, "N_inlier": 28, "refit": true}
{"timestamp": "17:25:59.001983", "frame": 96, "mu": [0.7765889656707019, 4.291079697933908, 1.5816316544555198], "Sigma": [[0.021676932616224047, -0.004956926921137007, -0.01235895568243871], [-0.004956926921137007, 0.0059498918821609395, 0.001105563552210824], [-0.01235895568243871, 0.0011055635522108243, 0.011449509022342192]], "chi2_level": 0.99, "chi2_df": 3, "chi2_threshold": 11.344866730144373, "N_raw": 53, "N_roi": 49, "N_inlier": 48, "refit": true}
{"timestamp": "17:25:59.053593", "frame": 97, "mu": [0.9501214542459271, 4.238911389970013, 1.1199456035265325], "Sigma": [[0.018509091390176854, -0.006180311144612149, -0.018321620288140307], [-0.006180311144612149, 0.004015865273636953, 0.003952237064045458], [-0.018321620288140307, 0.003952237064045457, 0.023904199746411975]], "chi2_level": 0.99, "chi2_df": 3, "chi2_threshold": 11.344866730144373, "N_raw": 35, "N_roi": 31, "N_inlier": 31, "refit": true}
{"timestamp": "17:25:59.108420", "frame": 98, "mu": [0.9228307926127358, 4.290844309963815, 0.5003148269566841], "Sigma": [[0.02097163735645953, -0.0004424087693214719, -0.017421026239020584], [-0.000442408769321472, 0.002414401005474209, 0.0035140735341496828], [-0.01742102623902058, 0.0035140735341496828, 0.02362282361793256]], "chi2_level": 0.99, "chi2_df": 3, "chi2_threshold": 11.344866730144373, "N_raw": 36, "N_roi": 36, "N_inlier": 36, "refit": true}
{"timestamp": "17:25:59.166944", "frame": 99, "mu": [0.9437965024837892, 4.269395933848286, 0.38655740276385814], "Sigma": [[0.023958943012929487, -0.0028497547836641487, -0.013060302642385356], [-0.002849754783664149, 0.005917225786777916, 0.0016076838334662872], [-0.013060302642385358, 0.0016076838334662877, 0.008938771611122677]], "chi2_level": 0.99, "chi2_df": 3, "chi2_threshold": 11.344866730144373, "N_raw": 52, "N_roi": 52, "N_inlier": 52, "refit": true}
{"timestamp": "17:25:59.299019", "frame": 100, "mu": [0.9606623776509932, 4.248663620103572, 1.263969726305091], "Sigma": [[0.014319930066968503, -0.0042197093894465795, -0.004025234115825947], [-0.0042197093894465795, 0.006082057550919705, 0.0058614801838901415], [-0.004025234115825947, 0.0058614801838901415, 0.007708247712787786]], "chi2_level": 0.99, "chi2_df": 3, "chi2_threshold": 11.344866730144373, "N_raw": 31, "N_roi": 31, "N_inlier": 31, "refit": true}
{"timestamp": "17:25:59.334951", "frame": 101, "mu": [1.0332058343157093, 4.206192562882173, 1.1250835261945797], "Sigma": [[0.02395876396844189, -0.0034411822142801094, -0.011702871398384454], [-0.0034411822142801094, 0.006301913532617726, 0.0003196930078531336], [-0.011702871398384456, 0.00031969300785313374, 0.009052497767122896]], "chi2_level": 0.99, "chi2_df": 3, "chi2_threshold": 11.344866730144373, "N_raw": 57, "N_roi": 56, "N_inlier": 55, "refit": true}
{"timestamp": "17:25:59.368074", "frame": 102, "mu": [1.0015431733826385, 4.2288519858728595, 0.4919231265906544], "Sigma": [[0.01893233539114823, -0.0031446701328954347, 0.001957882669519298], [-0.0031446701328954347, 0.006319475480342714, -0.00837753011098839], [0.0019578826695192987, -0.00837753011098839, 0.013106714786292457]], "chi2_level": 0.99, "chi2_df": 3, "chi2_threshold": 11.344866730144373, "N_raw": 40, "N_roi": 40, "N_inlier": 39, "refit": true}
{"timestamp": "17:25:59.398172", "frame": 103, "mu": [1.1268441900776451, 4.136152098224724, 1.099707321672894], "Sigma": [[0.00533858597112079, 0.0023159663663538128, -0.007970057401513308], [0.0023159663663538128, 0.002064230344976024, -0.0045956871049989455], [-0.007970057401513308, -0.0045956871049989455, 0.01732961734290452]], "chi2_level": 0.99, "chi2_df": 3, "chi2_threshold": 11.344866730144373, "N_raw": 9, "N_roi": 7, "N_inlier": 7, "refit": true}
{"timestamp": "17:25:59.435058", "frame": 104, "mu": [1.0491248526952752, 4.138870164939049, 1.2827707433167626], "Sigma": [[0.0076609966746930686, -0.0012047731303563782, -0.005263896677542944], [-0.0012047731303563782, 0.00235153799410686, 0.0019274791764618668], [-0.005263896677542944, 0.0019274791764618668, 0.005170980354884936]], "chi2_level": 0.99, "chi2_df": 3, "chi2_threshold": 11.344866730144373, "N_raw": 16, "N_roi": 16, "N_inlier": 16, "refit": true}
{"timestamp": "17:25:59.489225", "frame": 105, "mu": [1.1530277942316665, 4.157970537858004, 1.0783835850708352], "Sigma": [[0.0076580243565779575, 0.004653978495712897, -0.01016920401795894], [0.0046539784957128965, 0.020318941864979338, -0.06783166454052843], [-0.01016920401795894, -0.06783166454052841, 0.2405893117734422]], "chi2_level": 0.99, "chi2_df": 3, "chi2_threshold": 11.344866730144373, "N_raw": 7, "N_roi": 7, "N_inlier": 7, "refit": true}
{"timestamp": "17:25:59.546239", "frame": 106, "mu": [1.0899923390773745, 4.1223823933074355, 1.4216779255736725], "Sigma": [[0.011443004012986426, 0.00019643822088328194, -0.014711148384832257], [0.00019643822088328194, 0.0015631119022366758, -0.0013058372309454988], [-0.014711148384832257, -0.001305837230945499, 0.024214973812281413]], "chi2_level": 0.99, "chi2_df": 3, "chi2_threshold": 11.344866730144373, "N_raw": 18, "N_roi": 18, "N_inlier": 17, "refit": true}
{"timestamp": "17:25:59.601913", "frame": 107, "mu": [1.0623655348811158, 4.100538968437288, 0.3111973841942602], "Sigma": [[0.01653323884056804, -0.0005849866869590009, -0.01631689729504692], [-0.0005849866869590009, 0.0028237337723747208, -0.0005888361386112598], [-0.016316897295046925, -0.0005888361386112598, 0.018619453971980664]], "chi2_level": 0.99, "chi2_df": 3, "chi2_threshold": 11.344866730144373, "N_raw": 30, "N_roi": 30, "N_inlier": 29, "refit": true}
{"timestamp": "17:25:59.658207", "frame": 108, "mu": [1.1187494631609982, 4.0303071600794205, 1.2888721786514004], "Sigma": [[0.014914826401048907, -0.0021919761631537574, -0.012475531291930962], [-0.002191976163153758, 0.005874060373843126, 0.001342506639948856], [-0.012475531291930962, 0.0013425066399488557, 0.024198648704927994]], "chi2_level": 0.99, "chi2_df": 3, "chi2_threshold": 11.344866730144373, "N_raw": 34, "N_roi": 34, "N_inlier": 32, "refit": true}
{"timestamp": "17:25:59.710408", "frame": 109, "mu": [1.1675308947931184, 3.974944781886951, 1.2453928949140154], "Sigma": [[0.007967015267332782, 0.002622665288627289, -0.0072433126194598844], [0.002622665288627289, 0.0022241669802921084, -0.002619342385697799], [-0.0072433126194598844, -0.002619342385697799, 0.00826477693425676]], "chi2_level": 0.99, "chi2_df": 3, "chi2_threshold": 11.344866730144373, "N_raw": 7, "N_roi": 7, "N_inlier": 7, "refit": true}
{"timestamp": "17:25:59.766983", "frame": 110, "mu": [1.3211226632612894, 3.8550641697655204, 0.9671717289712571], "Sigma": [[0.022273149708356282, -0.0118960583193332, -0.021971108433029275], [-0.0118960583193332, 0.010222187069796907, 0.01390915029728905], [-0.021971108433029275, 0.013909150297289048, 0.024492103671747104]], "chi2_level": 0.99, "chi2_df": 3, "chi2_threshold": 11.344866730144373, "N_raw": 27, "N_roi": 27, "N_inlier": 27, "refit": true}
{"timestamp": "17:25:59.823183", "frame": 111, "mu": [1.2778677992969443, 3.882748780609623, 1.153315115835623], "Sigma": [[0.012114544654548073, -0.004721362238205295, -0.011577760193068814], [-0.004721362238205295, 0.010418717562003393, 0.014462812807758232], [-0.011577760193068814, 0.014462812807758232, 0.02500200436237355]], "chi2_level": 0.99, "chi2_df": 3, "chi2_threshold": 11.344866730144373, "N_raw": 32, "N_roi": 30, "N_inlier": 29, "refit": true}
