{"timestamp": "17:12:13.891224", "frame": 12, "mu": [-2.3966124109771343, 4.32720258140107, 1.2429932176659622], "Sigma": [[0.00474536420490537, 0.0024256496579707003, 0.0050826129196007925], [0.0024256496579707, 0.004531286554993221, -0.004003430488263226], [0.005082612919600793, -0.0040034304882632255, 0.02382376106445231]], "chi2_level": 0.99, "chi2_df": 3, "chi2_threshold": 11.344866730144373, "N_raw": 61, "N_roi": 19, "N_inlier": 19, "refit": true}
{"timestamp": "17:12:13.941813", "frame": 13, "mu": [-2.381331281690546, 4.319150574115699, 1.2477766954485512], "Sigma": [[0.005172595346483101, 0.0025483959826293205, -0.0016161102014922062], [0.0025483959826293205, 0.002890165304719307, -0.004542586781361423], [-0.0016161102014922062, -0.004542586781361423, 0.010603188245146262]], "chi2_level": 0.99, "chi2_df": 3, "chi2_threshold": 11.344866730144373, "N_raw": 37, "N_roi": 16, "N_inlier": 15, "refit": true}
{"timestamp": "17:12:13.994033", "frame": 14, "mu": [-2.3820993600966887, 4.211121433977557, 1.1109232095332164], "Sigma": [[0.005162555824334232, 0.0018958102660960549, 0.002192734349563739], [0.0018958102660960553, 0.004710614239076081, 0.004189411392077539], [0.0021927343495637386, 0.004189411392077539, 0.0047045879844029555]], "chi2_level": 0.99, "chi2_df": 3, "chi2_threshold": 11.344866730144373, "N_raw": 10, "N_roi": 8, "N_inlier": 8, "refit": true}
{"timestamp": "17:12:14.051342", "frame": 15, "mu": [-2.312275784158041, 4.204508689924382, 1.2543855439527016], "Sigma": [[0.008682589221252932, 0.005045487623995006, -0.003981647707164475], [0.005045487623995006, 0.007218105465648623, -0.001924745686638203], [-0.003981647707164475, -0.0019247456866382032, 0.0055899492407943145]], "chi2_level": 0.99, "chi2_df": 3, "chi2_threshold": 11.344866730144373, "N_raw": 26, "N_roi": 21, "N_inlier": 21, "refit": true}
{"timestamp": "17:12:14.111238", "frame": 16, "mu": [-2.2388969558001333, 4.148869495371715, 1.0261177960800776], "Sigma": [[0.022548721322427485, 0.0053943883575331576, -0.022062112071195558], [0.005394388357533159, 0.005215342254261, -0.008874373502341808], [-0.022062112071195558, -0.008874373502341808, 0.02991457946768644]], "chi2_level": 0.99, "chi2_df": 3, "chi2_threshold": 11.344866730144373, "N_raw": 49, "N_roi": 40, "N_inlier": 40, "refit": true}
{"timestamp": "17:12:14.165518", "frame": 17, "mu": [-2.1479553628315204, 4.207112096148303, 1.2306121731596456], "Sigma": [[0.025845685255790674, 0.0047933378314531875, -0.033915720534219276], [0.0047933378314531875, 0.007659117143276565, -0.0010381989915532507], [-0.033915720534219276, -0.001038198991553251, 0.05187991776070902]], "chi2_level": 0.99, "chi2_df": 3, "chi2_threshold": 11.344866730144373, "N_raw": 43, "N_roi": 41, "N_inlier": 41, "refit": true}
{"timestamp": "17:12:14.218286", "frame": 18, "mu": [-2.0065286544103427, 4.264748100132845, 1.2189363962164064], "Sigma": [[0.017864285352974144, 0.004408290809789916, -0.02101914647187549], [0.004408290809789916, 0.0033968447768134326, -0.006411654515220208], [-0.02101914647187549, -0.006411654515220208, 0.028766951100165934]], "chi2_level": 0.99, "chi2_df": 3, "chi2_threshold": 11.344866730144373, "N_raw": 30, "N_roi": 28, "N_inlier": 25, "refit": true}
{"timestamp": "17:12:14.276221", "frame": 19, "mu": [-2.000521265156806, 4.165537557018424, 1.231428652554857], "Sigma": [[0.02402905663896594, 0.009159502088671292, -0.016876027996690378], [0.009159502088671292, 0.006674130920113271, -0.00871468457661895], [-0.016876027996690378, -0.00871468457661895, 0.01578630302751262]], "chi2_level": 0.99, "chi2_df": 3, "chi2_threshold": 11.344866730144373, "N_raw": 44, "N_roi": 41, "N_inlier": 37, "refit": true}
{"timestamp": "17:12:14.331442", "frame": 20, "mu": [-1.925410624079124, 4.198878598753835, 1.2740909619390193], "Sigma": [[0.031276222525734636, 0.009959376322541331, -0.023342293865733735], [0.009959376322541331, 0.007096189817176741, -0.008992643975963999], [-0.023342293865733735, -0.008992643975963999, 0.021463951884369163]], "chi2_level": 0.99, "chi2_df": 3, "chi2_threshold": 11.344866730144373, "N_raw": 47, "N_roi": 44, "N_inlier": 43, "refit": true}
{"timestamp": "17:12:14.387442", "frame": 21, "mu": [-1.9064896979868902, 4.268585086837836, 1.3696861372475062], "Sigma": [[0.026262673338648138, 0.0072821301390973425, -0.017666850194221387], [0.0072821301390973425, 0.006424928842639301, -0.009436180927314314], [-0.017666850194221387, -0.009436180927314314, 0.020608577464039782]], "chi2_level": 0.99, "chi2_df": 3, "chi2_threshold": 11.344866730144373, "N_raw": 51, "N_roi": 48, "N_inlier": 46, "refit": true}
{"timestamp": "17:12:14.437037", "frame": 22, "mu": [-1.9205184320058724, 4.193173190797491, 1.4074845182586246], "Sigma": [[0.010456263677840338, 0.003978061445964129, -0.01444884747271284], [0.003978061445964129, 0.003694642237427434, -0.007094478119046585], [-0.01444884747271284, -0.007094478119046585, 0.03190321974961778]], "chi2_level": 0.99, "chi2_df": 3, "chi2_threshold": 11.344866730144373, "N_raw": 20, "N_roi": 17, "N_inlier": 16, "refit": true}
{"timestamp": "17:12:14.500341", "frame": 23, "mu": [-1.6955417212796287, 4.265288131203762, 1.0738691612389806], "Sigma": [[0.03142970360369279, 0.007920961387820646, -0.0301869203418624], [0.007920961387820646, 0.007049948079142381, -0.014202945640191823], [-0.0301869203418624, -0.014202945640191823, 0.042547163263155274]], "chi2_level": 0.99, "chi2_df": 3, "chi2_threshold": 11.344866730144373, "N_raw": 66, "N_roi": 62, "N_inlier": 62, "refit": true}
{"timestamp": "17:12:14.550176", "frame": 24, "mu": [-1.6426450424737236, 4.363921981707952, 1.4084967960871322], "Sigma": [[0.020937372295692265, 0.006538588575412807, -0.005051735652803042], [0.006538588575412807, 0.005834268440658335, 0.002553470249030539], [-0.005051735652803042, 0.0025534702490305396, 0.010908747609467454]], "chi2_level": 0.99, "chi2_df": 3, "chi2_threshold": 11.344866730144373, "N_raw": 31, "N_roi": 26, "N_inlier": 24, "refit": true}
{"timestamp": "17:12:14.605443", "frame": 25, "mu": [-1.4779453816147032, 4.380423043568628, 1.216574768606965], "Sigma": [[0.02507168254001066, 0.006455397180556691, -0.00621854192468527], [0.006455397180556691, 0.004058057678952061, -0.006685046279227149], [-0.00621854192468527, -0.006685046279227149, 0.016831736152438825]], "chi2_level": 0.99, "chi2_df": 3, "chi2_threshold": 11.344866730144373, "N_raw": 42, "N_roi": 38, "N_inlier": 36, "refit": true}
{"timestamp": "17:12:14.661091", "frame": 26, "mu": [-1.5113535997191412, 4.257403055476531, 1.0552203832627456], "Sigma": [[0.023691274884373024, 0.004394930473168587, -0.009854118535021494], [0.004394930473168587, 0.0030993148474028624, -0.0045539872330905605], [-0.009854118535021494, -0.0045539872330905605, 0.009546193376016773]], "chi2_level": 0.99, "chi2_df": 3, "chi2_threshold": 11.344866730144373, "N_raw": 39, "N_roi": 36, "N_inlier": 36, "refit": true}
{"timestamp": "17:12:14.713508", "frame": 27, "mu": [-1.346156396382845, 4.386293371918351, 0.9530971284300083], "Sigma": [[0.01059493938426997, 0.004703924864419753, -0.009964229876749268], [0.004703924864419754, 0.00966947207403634, -0.011769634731997505], [-0.009964229876749268, -0.011769634731997505, 0.03278147631228842]], "chi2_level": 0.99, "chi2_df": 3, "chi2_threshold": 11.344866730144373, "N_raw": 23, "N_roi": 17, "N_inlier": 17, "refit": true}
{"timestamp": "17:12:14.767261", "frame": 28, "mu": [-1.3786606443590397, 4.32329413373979, 0.87847354950027], "Sigma": [[0.015585041707487441, -0.0061941663621958715, 0.03318279591158981], [-0.0061941663621958715, 0.013840855963582, -0.0429199187520335], [0.03318279591158982, -0.0429199187520335, 0.1721880803206917]], "chi2_level": 0.99, "chi2_df": 3, "chi2_threshold": 11.344866730144373, "N_raw": 14, "N_roi": 8, "N_inlier": 8, "refit": true}
{"timestamp": "17:12:14.823345", "frame": 29, "mu": [-1.2414623178626198, 4.293739596738471, 0.989420757651905], "Sigma": [[0.011933046977631962, 0.003399954670589139, -0.0008914655942558708], [0.003399954670589139, 0.002708668441021795, -0.0008757062882345995], [-0.0008914655942558708, -0.0008757062882345995, 0.0003747331873406634]], "chi2_level": 0.99, "chi2_df": 3, "chi2_threshold": 11.344866730144373, "N_raw": 26, "N_roi": 23, "N_inlier": 20, "refit": true}
{"timestamp": "17:12:14.937894", "frame": 31, "mu": [-1.0247052543274022, 4.399831676703205, 1.2743340019598037], "Sigma": [[0.015730398405395755, 0.012966766356503307, -0.00919921203777926], [0.012966766356503307, 0.04034905498877291, -0.012845905191481228], [-0.00919921203777926, -0.012845905191481228, 0.009684454928077006]], "chi2_level": 0.99, "chi2_df": 3, "chi2_threshold": 11.344866730144373, "N_raw": 58, "N_roi": 52, "N_inlier": 52, "refit": true}
{"timestamp": "17:12:14.988315", "frame": 32, "mu": [-0.9684854636169287, 4.347310121303272, 1.4548120643884064], "Sigma": [[0.009818842190263435, 0.0017339073968507615, -0.00585427440385616], [0.0017339073968507615, 0.004314049235293586, 5.8548105477363615e-05], [-0.00585427440385616, 5.854810547736372e-05, 0.006330598920151687]], "chi2_level": 0.99, "chi2_df": 3, "chi2_threshold": 11.344866730144373, "N_raw": 29, "N_roi": 28, "N_inlier": 27, "refit": true}
{"timestamp": "17:12:15.046091", "frame": 33, "mu": [-0.9277640394249047, 4.340115370447123, 1.36178075765358], "Sigma": [[0.016658612061928327, 0.002172413523262869, -0.006471678238848814], [0.0021724135232628686, 0.004986261628161895, 0.005639995301023009], [-0.006471678238848815, 0.005639995301023009, 0.012827461256447157]], "chi2_level": 0.99, "chi2_df": 3, "chi2_threshold": 11.344866730144373, "N_raw": 33, "N_roi": 33, "N_inlier": 32, "refit": true}
{"timestamp": "17:12:15.099108", "frame": 34, "mu": [-0.7598045418165942, 4.290628516846864, 1.2375926128929278], "Sigma": [[0.018832701756466133, 0.0013435038425177318, -0.0123311479623705], [0.0013435038425177316, 0.0030091072457612907, -0.001653280128960142], [-0.0123311479623705, -0.0016532801289601416, 0.01004001599868015]], "chi2_level": 0.99, "chi2_df": 3, "chi2_threshold": 11.344866730144373, "N_raw": 36, "N_roi": 32, "N_inlier": 32, "refit": true}
{"timestamp": "17:12:15.155712", "frame": 35, "mu": [-0.6683065644550962, 4.309917201806786, 1.2889007994049841], "Sigma": [[0.02159848115076004, 0.0024309728659310656, -0.009595595227683938], [0.002430972865931065, 0.003905728043181767, -0.0004906064046296809], [-0.009595595227683938, -0.000490606404629681, 0.005212426612658525]], "chi2_level": 0.99, "chi2_df": 3, "chi2_threshold": 11.344866730144373, "N_raw": 39, "N_roi": 34, "N_inlier": 34, "refit": true}
{"timestamp": "17:12:15.206124", "frame": 36, "mu": [-0.699130399870412, 4.374315783384314, 1.2154823776713861], "Sigma": [[0.010795224262659843, -0.008099702115778854, 0.00414845607937736], [-0.008099702115778852, 0.008665676254588847, -0.011800477109447302], [0.004148456079377363, -0.011800477109447302, 0.3293673798509058]], "chi2_level": 0.99, "chi2_df": 3, "chi2_threshold": 11.344866730144373, "N_raw": 11, "N_roi": 7, "N_inlier": 7, "refit": true}
{"timestamp": "17:12:15.268042", "frame": 37, "mu": [-0.5584709228731163, 4.389270868655595, 0.5527073112103191], "Sigma": [[0.02563449710550922, 0.0027223250580170996, -0.010539210941789315], [0.0027223250580170996, 0.005309521027364004, -0.00042285386413276784], [-0.010539210941789315, -0.0004228538641327678, 0.005607828576772034]], "chi2_level": 0.99, "chi2_df": 3, "chi2_threshold": 11.344866730144373, "N_raw": 57, "N_roi": 50, "N_inlier": 46, "refit": true}
{"timestamp": "17:12:15.320281", "frame": 38, "mu": [-0.569046438005775, 4.4097365593401605, 1.3889748563302682], "Sigma": [[0.02006121059260639, 0.00040990164398233925, -0.007788644064127913], [0.00040990164398233936, 0.002794265825275543, -0.0022350983692001718], [-0.007788644064127912, -0.0022350983692001718, 0.0065175610127413885]], "chi2_level": 0.99, "chi2_df": 3, "chi2_threshold": 11.344866730144373, "N_raw": 38, "N_roi": 34, "N_inlier": 32, "refit": true}
{"timestamp": "17:12:15.427130", "frame": 40, "mu": [-0.36470305288983085, 4.449670107585245, 1.133832246660686], "Sigma": [[0.016181506083024575, 0.0008948447055676756, 0.04752152521417975], [0.0008948447055676756, 0.004765341351957847, -0.002543495069350349], [0.04752152521417975, -0.002543495069350348, 0.15925490442494314]], "chi2_level": 0.99, "chi2_df": 3, "chi2_threshold": 11.344866730144373, "N_raw": 15, "N_roi": 9, "N_inlier": 9, "refit": true}
{"timestamp": "17:12:15.540659", "frame": 42, "mu": [-0.2296816693124791, 4.467579317739475, 1.2300277575768472], "Sigma": [[0.024392272084741297, -0.001820911303399147, -0.013195008969408152], [-0.001820911303399147, 0.0024876866356836527, -0.0026359007777382037], [-0.013195008969408152, -0.0026359007777382037, 0.015489888490971071]], "chi2_level": 0.99, "chi2_df": 3, "chi2_threshold": 11.344866730144373, "N_raw": 39, "N_roi": 38, "N_inlier": 38, "refit": true}
{"timestamp": "17:12:15.593259", "frame": 43, "mu": [-0.17138695931305292, 4.424181385435992, 1.3359822578084715], "Sigma": [[0.014300203298041178, -0.0011270993704921668, -0.01036813280404911], [-0.001127099370492167, 0.0024264694597490107, -0.0006272482554138287], [-0.01036813280404911, -0.0006272482554138287, 0.010488019588746752]], "chi2_level": 0.99, "chi2_df": 3, "chi2_threshold": 11.344866730144373, "N_raw": 26, "N_roi": 26, "N_inlier": 25, "refit": true}
{"timestamp": "17:12:15.650199", "frame": 44, "mu": [-0.11533116104347757, 4.407582475118513, 1.2081041954908112], "Sigma": [[0.027488086455983232, -0.001934832130359914, -0.020087243270133115], [-0.0019348321303599143, 0.002121299273672827, -0.0014201712872889787], [-0.02008724327013312, -0.0014201712872889784, 0.02185303066099124]], "chi2_level": 0.99, "chi2_df": 3, "chi2_threshold": 11.344866730144373, "N_raw": 44, "N_roi": 42, "N_inlier": 40, "refit": true}
{"timestamp": "17:12:15.702345", "frame": 45, "mu": [-0.029665334282093413, 4.495560643360189, -0.39800714393178716], "Sigma": [[0.012334506173577111, 0.012809704297967748, 0.050474033415824335], [0.012809704297967748, 0.02591250557459565, 0.07035236028715211], [0.050474033415824335, 0.07035236028715211, 0.3224267085372093]], "chi2_level": 0.99, "chi2_df": 3, "chi2_threshold": 11.344866730144373, "N_raw": 15, "N_roi": 15, "N_inlier": 15, "refit": true}
{"timestamp": "17:12:15.762090", "frame": 46, "mu": [0.10985153254320658, 4.68055817250788, -0.21355598996315414], "Sigma": [[0.04245959068218607, 0.02828219913905338, 0.10701314012397474], [0.028282199139053377, 0.047512054632563784, 0.0906124662988275], [0.10701314012397473, 0.09061246629882751, 0.3855633377034286]], "chi2_level": 0.99, "chi2_df": 3, "chi2_threshold": 11.344866730144373, "N_raw": 58, "N_roi": 58, "N_inlier": 57, "refit": true}
{"timestamp": "17:12:15.817730", "frame": 47, "mu": [0.07023656299146754, 4.433439118472032, 1.250615257255042], "Sigma": [[0.0251245635365928, 0.0012295387337502752, -0.011028128199386318], [0.0012295387337502752, 0.009758779998779709, -0.010605333495259477], [-0.011028128199386318, -0.010605333495259477, 0.0278723896633531]], "chi2_level": 0.99, "chi2_df": 3, "chi2_threshold": 11.344866730144373, "N_raw": 53, "N_roi": 51, "N_inlier": 48, "refit": true}
{"timestamp": "17:12:15.867125", "frame": 48, "mu": [0.08469178914141881, 4.5081220406469, 1.0914922856870528], "Sigma": [[0.019117254259770948, -0.0238021637764069, 0.03825476280802471], [-0.0238021637764069, 0.03217919554538455, -0.0511730685012396], [0.03825476280802471, -0.0511730685012396, 0.08675784295439432]], "chi2_level": 0.99, "chi2_df": 3, "chi2_threshold": 11.344866730144373, "N_raw": 12, "N_roi": 9, "N_inlier": 9, "refit": true}
{"timestamp": "17:12:15.926130", "frame": 49, "mu": [0.148104406301663, 4.382464372756991, 0.5581803921733027], "Sigma": [[0.028627561116056847, 0.0003227298535015882, -0.012283920938521108], [0.0003227298535015881, 0.00325005229508781, 4.170889055274093e-05], [-0.012283920938521107, 4.1708890552740954e-05, 0.006892585414639129]], "chi2_level": 0.99, "chi2_df": 3, "chi2_threshold": 11.344866730144373, "N_raw": 45, "N_roi": 45, "N_inlier": 43, "refit": true}
{"timestamp": "17:12:16.090605", "frame": 52, "mu": [0.3366005468380205, 4.371346050028287, 1.3585472717177347], "Sigma": [[0.023240312442727527, 0.001631554554021111, -0.01781745326171097], [0.0016315545540211119, 0.007123730162650923, -0.010429488126058175], [-0.01781745326171097, -0.010429488126058175, 0.02888643666673387]], "chi2_level": 0.99, "chi2_df": 3, "chi2_threshold": 11.344866730144373, "N_raw": 39, "N_roi": 39, "N_inlier": 36, "refit": true}
{"timestamp": "17:12:16.142350", "frame": 53, "mu": [0.38447683791234016, 4.3472132204227725, 1.474203485509452], "Sigma": [[0.01074514654680718, -0.0008087015341084815, -0.004465077887864096], [-0.0008087015341084814, 0.0014869494920430552, -0.0005450442277650482], [-0.004465077887864096, -0.0005450442277650482, 0.003992519638840886]], "chi2_level": 0.99, "chi2_df": 3, "chi2_threshold": 11.344866730144373, "N_raw": 21, "N_roi": 20, "N_inlier": 19, "refit": true}
{"timestamp": "17:12:16.200902", "frame": 54, "mu": [0.4526103273241362, 4.378388938882152, 1.5070056704253734], "Sigma": [[0.018230537703370214, -0.0018949183126385084, -0.008229688481259337], [-0.0018949183126385082, 0.0049171948900968545, 0.005454750791378969], [-0.008229688481259337, 0.005454750791378969, 0.011041070569537582]], "chi2_level": 0.99, "chi2_df": 3, "chi2_threshold": 11.344866730144373, "N_raw": 42, "N_roi": 38, "N_inlier": 37, "refit": true}
{"timestamp": "17:12:16.251110", "frame": 55, "mu": [0.5490190866309115, 4.431242026935163, 1.4271132642269506], "Sigma": [[0.003992727991912736, -0.0008393310997688987, -0.0032315829446015066], [-0.0008393310997688987, 0.0027113622423590687, 0.0009184010036165139], [-0.003231582944601507, 0.0009184010036165139, 0.007752584914391778]], "chi2_level": 0.99, "chi2_df": 3, "chi2_threshold": 11.344866730144373, "N_raw": 9, "N_roi": 9, "N_inlier": 9, "refit": true}
{"timestamp": "17:12:16.420492", "frame": 58, "mu": [0.6631424577030689, 4.407155500879959, 1.600805570455121], "Sigma": [[0.021120409062470424, -0.004651807120204975, -0.009943745396513541], [-0.004651807120204975, 0.00392737607332913, 0.0028622956500013474], [-0.009943745396513543, 0.002862295650001347, 0.006622158338328024]], "chi2_level": 0.99, "chi2_df": 3, "chi2_threshold": 11.344866730144373, "N_raw": 38, "N_roi": 35, "N_inlier": 34, "refit": true}
{"timestamp": "17:12:16.472927", "frame": 59, "mu": [0.9399344711146806, 4.400802660069073, 1.1537379648977835], "Sigma": [[0.020968014125938537, -0.005547017877521751, -0.010406452441733455], [-0.005547017877521752, 0.002328338376377079, 0.0010657622611360187], [-0.010406452441733454, 0.0010657622611360187, 0.01196139015866664]], "chi2_level": 0.99, "chi2_df": 3, "chi2_threshold": 11.344866730144373, "N_raw": 26, "N_roi": 25, "N_inlier": 25, "refit": true}
{"timestamp": "17:12:16.581567", "frame": 61, "mu": [0.9383539297610936, 4.418672740381276, 1.2446516729666839], "Sigma": [[0.014275659321890748, -0.0034737062542747523, -0.007862214343953722], [-0.0034737062542747523, 0.002977129288297512, 0.0029534339897674122], [-0.007862214343953722, 0.002953433989767412, 0.006890200243823046]], "chi2_level": 0.99, "chi2_df": 3, "chi2_threshold": 11.344866730144373, "N_raw": 22, "N_roi": 21, "N_inlier": 21, "refit": true}
{"timestamp": "17:12:16.636196", "frame": 62, "mu": [1.0859413279333774, 4.501323292946197, 1.3286046470896136], "Sigma": [[0.03179926243428011, 0.012043411448130656, -0.035692180338499545], [0.012043411448130655, 0.006335847468738578, -0.015165423400535902], [-0.03569218033849955, -0.015165423400535902, 0.04561550854668165]], "chi2_level": 0.99, "chi2_df": 3, "chi2_threshold": 11.344866730144373, "N_raw": 9, "N_roi": 7, "N_inlier": 7, "refit": true}
{"timestamp": "17:12:16.694211", "frame": 63, "mu": [1.0423677997883776, 4.376911305267957, 1.384622445812604], "Sigma": [[0.01680278115269319, -0.002137624894830273, -0.014864009035760682], [-0.002137624894830273, 0.002432537120301003, -0.0034594189823796886], [-0.014864009035760682, -0.003459418982379689, 0.04452604686095568]], "chi2_level": 0.99, "chi2_df": 3, "chi2_threshold": 11.344866730144373, "N_raw": 34, "N_roi": 32, "N_inlier": 30, "refit": true}
{"timestamp": "17:12:16.800669", "frame": 65, "mu": [1.1930107832290626, 3.9431155531558746, 1.2495933829764823], "Sigma": [[0.16378593655377974, 0.396435986995123, -0.10442611777662958], [0.39643598699512306, 1.3587218157968348, -0.3067222560721895], [-0.10442611777662958, -0.3067222560721895, 0.07790373403350141]], "chi2_level": 0.99, "chi2_df": 3, "chi2_threshold": 11.344866730144373, "N_raw": 7, "N_roi": 7, "N_inlier": 7, "refit": true}
{"timestamp": "17:12:16.856395", "frame": 66, "mu": [1.2395176445999847, 4.265443686597821, 0.9560063880224138], "Sigma": [[0.02911530038286586, 0.0044425578258019734, 0.0047153575306360974], [0.0044425578258019734, 0.0023673235401150032, -0.012584218809022558], [0.0047153575306360974, -0.012584218809022555, 0.16957461959106]], "chi2_level": 0.99, "chi2_df": 3, "chi2_threshold": 11.344866730144373, "N_raw": 11, "N_roi": 11, "N_inlier": 11, "refit": true}
{"timestamp": "17:12:16.911757", "frame": 67, "mu": [1.268165816585265, 4.341982543716958, 0.11589976574327371], "Sigma": [[0.024765849563977923, 0.004395113797423179, -0.0025493569397796213], [0.004395113797423179, 0.03526411639903111, -0.0690191750442571], [-0.0025493569397796213, -0.0690191750442571, 0.13911507147536958]], "chi2_level": 0.99, "chi2_df": 3, "chi2_threshold": 11.344866730144373, "N_raw": 10, "N_roi": 9, "N_inlier": 9, "refit": true}
{"timestamp": "17:12:17.026161", "frame": 69, "mu": [1.40367050516763, 4.204781555593491, -0.03358648956812993], "Sigma": [[0.0900869326361842, 0.010399152224374701, 0.04587094009977598], [0.010399152224374701, 0.0048869168203266805, 0.009742574500818516], [0.04587094009977597, 0.009742574500818514, 0.1428864106126103]], "chi2_level": 0.99, "chi2_df": 3, "chi2_threshold": 11.344866730144373, "N_raw": 46, "N_roi": 46, "N_inlier": 46, "refit": true}
{"timestamp": "17:12:17.077132", "frame": 70, "mu": [1.3544591575126628, 4.072538677711092, 1.212276117263172], "Sigma": [[0.04077199201368332, -0.0015367732379892966, -0.0409242960254488], [-0.0015367732379892968, 0.0010507686746311997, -0.0009686560081241159], [-0.040924296025448795, -0.0009686560081241161, 0.05191995226589048]], "chi2_level": 0.99, "chi2_df": 3, "chi2_threshold": 11.344866730144373, "N_raw": 20, "N_roi": 20, "N_inlier": 20, "refit": true}
{"timestamp": "17:12:17.135948", "frame": 71, "mu": [1.3741351142234302, 4.003428908746602, 1.0433357663320062], "Sigma": [[0.043398869876363946, -0.0059151026977049895, -0.021563051224824444], [-0.00591510269770499, 0.002744076188355886, 0.0005565526370105233], [-0.021563051224824444, 0.0005565526370105232, 0.018441823906179704]], "chi2_level": 0.99, "chi2_df": 3, "chi2_threshold": 11.344866730144373, "N_raw": 42, "N_roi": 42, "N_inlier": 41, "refit": true}
{"timestamp": "17:12:17.245326", "frame": 73, "mu": [1.5032366615557435, 3.87297580914323, 0.9829907571248595], "Sigma": [[0.024180478350898486, -0.00999824604894259, -0.02087545434410907], [-0.00999824604894259, 0.00659332138774725, 0.006879798717766901], [-0.02087545434410907, 0.006879798717766899, 0.021833784538779214]], "chi2_level": 0.99, "chi2_df": 3, "chi2_threshold": 11.344866730144373, "N_raw": 40, "N_roi": 39, "N_inlier": 38, "refit": true}
{"timestamp": "17:12:17.297451", "frame": 74, "mu": [1.4667975162559947, 3.8346901483992113, 1.0970366509290812], "Sigma": [[0.0104150866788102, -0.003734940992816613, -0.009247588297672154], [-0.003734940992816613, 0.002323237487540878, 0.0020865850007047194], [-0.009247588297672154, 0.0020865850007047194, 0.012036577597249225]], "chi2_level": 0.99, "chi2_df": 3, "chi2_threshold": 11.344866730144373, "N_raw": 18, "N_roi": 18, "N_inlier": 17, "refit": true}
{"timestamp": "17:12:17.357162", "frame": 75, "mu": [1.4968456472480904, 3.731711764888301, 1.0409037604068345], "Sigma": [[0.03173003406230526, -0.014553049326009041, -0.036511866149491035], [-0.014553049326009041, 0.008687865825811185, 0.01300255792429318], [-0.036511866149491035, 0.013002557924293182, 0.05607406785759281]], "chi2_level": 0.99, "chi2_df": 3, "chi2_threshold": 11.344866730144373, "N_raw": 52, "N_roi": 52, "N_inlier": 52, "refit": true}
{"timestamp": "17:12:17.413131", "frame": 76, "mu": [1.5944405986358756, 3.631963789613005, 0.8306173590555445], "Sigma": [[0.023630861376371683, -0.014054225955505461, -0.013484840080783274], [-0.014054225955505461, 0.013514672184702302, 0.005806082343145474], [-0.013484840080783274, 0.005806082343145474, 0.010409891782913794]], "chi2_level": 0.99, "chi2_df": 3, "chi2_threshold": 11.344866730144373, "N_raw": 54, "N_roi": 54, "N_inlier": 54, "refit": true}
{"timestamp": "17:12:17.463564", "frame": 77, "mu": [1.4815868675195922, 3.649321102762932, 1.1146043572518038], "Sigma": [[0.013221657038778633, -0.006574006926072016, -0.015335319627499951], [-0.006574006926072016, 0.004583924651344697, 0.004575725552381707], [-0.015335319627499951, 0.004575725552381707, 0.030122268871165533]], "chi2_level": 0.99, "chi2_df": 3, "chi2_threshold": 11.344866730144373, "N_raw": 31, "N_roi": 31, "N_inlier": 31, "refit": true}
{"timestamp": "17:12:17.523338", "frame": 78, "mu": [1.5079533665964588, 3.610868083592034, 1.0065095815370213], "Sigma": [[0.019752053933207094, -0.011179043624831343, -0.014738397603234522], [-0.011179043624831343, 0.008645233165797942, 0.0006026644673021633], [-0.014738397603234522, 0.0006026644673021633, 0.07017304608283848]], "chi2_level": 0.99, "chi2_df": 3, "chi2_threshold": 11.344866730144373, "N_raw": 59, "N_roi": 59, "N_inlier": 58, "refit": true}
{"timestamp": "17:12:17.584114", "frame": 79, "mu": [1.5101256434207515, 3.475593277358239, 1.0424739837264037], "Sigma": [[0.018659724595899478, -0.014765464699860925, -0.006260763121587042], [-0.014765464699860925, 0.017571005611155967, -0.00335089005886895], [-0.006260763121587042, -0.00335089005886895, 0.026908447978859874]], "chi2_level": 0.99, "chi2_df": 3, "chi2_threshold": 11.344866730144373, "N_raw": 61, "N_roi": 61, "N_inlier": 61, "refit": true}
{"timestamp": "17:12:17.633525", "frame": 80, "mu": [1.431213224569922, 3.4518414237313197, 1.1573352814617737], "Sigma": [[0.02030858326125313, -0.01626334732888258, -0.012245661731742852], [-0.016263347328882582, 0.02645961872526165, 0.011448971215248911], [-0.01224566173174285, 0.011448971215248911, 0.017990236395698203]], "chi2_level": 0.99, "chi2_df": 3, "chi2_threshold": 11.344866730144373, "N_raw": 58, "N_roi": 58, "N_inlier": 57, "refit": true}
{"timestamp": "17:12:17.684418", "frame": 81, "mu": [1.3613834994552767, 3.292146076743583, 0.8922533265041277], "Sigma": [[0.009621699841617403, -0.002704828883613973, -0.0021313277508514684], [-0.0027048288836139735, 0.011432258662828343, 0.012032716485305989], [-0.0021313277508514692, 0.012032716485305989, 0.014659811069407185]], "chi2_level": 0.99, "chi2_df": 3, "chi2_threshold": 11.344866730144373, "N_raw": 32, "N_roi": 32, "N_inlier": 31, "refit": true}
{"timestamp": "17:12:17.739183", "frame": 82, "mu": [1.3138061968575807, 3.604549361599349, -0.30241162399237353], "Sigma": [[0.008584268232417215, 0.0027232171346418216, 0.03292832215000673], [0.0027232171346418216, 0.007853066738151346, 0.023813197655951], [0.03292832215000673, 0.023813197655951, 0.35093236614740486]], "chi2_level": 0.99, "chi2_df": 3, "chi2_threshold": 11.344866730144373, "N_raw": 24, "N_roi": 24, "N_inlier": 23, "refit": true}
{"timestamp": "17:12:17.791331", "frame": 83, "mu": [1.1737920185861317, 3.3433333494674873, 0.549413264579595], "Sigma": [[0.027075522732157818, 0.04721618241369481, 0.08527100195837196], [0.04721618241369481, 0.8889934418614787, 0.8792332536977302], [0.08527100195837196, 0.8792332536977302, 1.109610316975708]], "chi2_level": 0.99, "chi2_df": 3, "chi2_threshold": 11.344866730144373, "N_raw": 9, "N_roi": 9, "N_inlier": 9, "refit": true}
{"timestamp": "17:12:17.846186", "frame": 84, "mu": [1.1996243806504097, 3.4966475352087, 0.7850596414673877], "Sigma": [[0.00956541878301564, -0.0030943357580264725, 0.017434691217756242], [-0.0030943357580264725, 0.0020518841224805486, -0.007206090833356868], [0.017434691217756242, -0.007206090833356866, 0.08993514926751744]], "chi2_level": 0.99, "chi2_df": 3, "chi2_threshold": 11.344866730144373, "N_raw": 12, "N_roi": 12, "N_inlier": 12, "refit": true}
{"timestamp": "17:12:17.901879", "frame": 85, "mu": [1.1224522746532475, 3.572260245542182, 0.014055390805312535], "Sigma": [[0.0113235837145439, 0.0016194920518222793, -0.005933769122723353], [0.0016194920518222797, 0.004292534164195136, 0.001460738534822581], [-0.0059337691227233525, 0.001460738534822581, 0.008248277130072017]], "chi2_level": 0.99, "chi2_df": 3, "chi2_threshold": 11.344866730144373, "N_raw": 18, "N_roi": 18, "N_inlier": 17, "refit": true}
{"timestamp": "17:12:17.965478", "frame": 86, "mu": [1.0770902216936018, 3.3311126189373064, 0.974084739771791], "Sigma": [[0.02567843537193773, -0.0013254757332415085, -0.017725354157998245], [-0.0013254757332415083, 0.0061560613180951665, -0.0027134452957883037], [-0.017725354157998245, -0.0027134452957883037, 0.02153607836203067]], "chi2_level": 0.99, "chi2_df": 3, "chi2_threshold": 11.344866730144373, "N_raw": 75, "N_roi": 75, "N_inlier": 74, "refit": true}
{"timestamp": "17:12:18.019200", "frame": 87, "mu": [1.014522563542404, 3.2997663492553104, 0.9917072925774371], "Sigma": [[0.019341629505788778, -0.003035543910474485, -0.008359587896364807], [-0.003035543910474485, 0.0023412424872181993, -0.004653113721243659], [-0.008359587896364807, -0.00465311372124366, 0.033692054619767126]], "chi2_level": 0.99, "chi2_df": 3, "chi2_threshold": 11.344866730144373, "N_raw": 62, "N_roi": 62, "N_inlier": 61, "refit": true}
{"timestamp": "17:12:18.067799", "frame": 88, "mu": [0.9797882947674927, 3.3614048190612604, 0.8064962532033195], "Sigma": [[0.017439984543416845, -0.005727111259225318, -0.038776455248982745], [-0.0057271112592253174, 0.0041978860075357624, 0.010740489369048003], [-0.03877645524898275, 0.010740489369048003, 0.1341717451644692]], "chi2_level": 0.99, "chi2_df": 3, "chi2_threshold": 11.344866730144373, "N_raw": 20, "N_roi": 20, "N_inlier": 20, "refit": true}
{"timestamp": "17:12:18.124152", "frame": 89, "mu": [0.8836298406564534, 3.381795283535779, 0.9048936415174311], "Sigma": [[0.015742534265655417, -0.0026900659582727907, -0.0007501463293172253], [-0.0026900659582727907, 0.002547822357575175, -0.000984770768273477], [-0.0007501463293172252, -0.0009847707682734768, 0.0031594519617805443]], "chi2_level": 0.99, "chi2_df": 3, "chi2_threshold": 11.344866730144373, "N_raw": 37, "N_roi": 37, "N_inlier": 36, "refit": true}
{"timestamp": "17:12:18.181733", "frame": 90, "mu": [0.8518497244247389, 3.4672114744320006, 0.12969755090932733], "Sigma": [[0.010976912329083958, -0.002600336844931113, -0.0024440509191023], [-0.002600336844931112, 0.006734552683745408, -0.007524718436826755], [-0.0024440509191023, -0.007524718436826755, 0.01327435086705155]], "chi2_level": 0.99, "chi2_df": 3, "chi2_threshold": 11.344866730144373, "N_raw": 46, "N_roi": 46, "N_inlier": 43, "refit": true}
{"timestamp": "17:12:18.240420", "frame": 91, "mu": [0.7341460417613868, 3.5575587849668717, 1.1956101951885358], "Sigma": [[0.013127511391994997, -0.0032809572140555143, -0.0048453993192055225], [-0.0032809572140555143, 0.02168871865972212, -0.037415265487488435], [-0.004845399319205522, -0.037415265487488435, 0.08409657480946887]], "chi2_level": 0.99, "chi2_df": 3, "chi2_threshold": 11.344866730144373, "N_raw": 69, "N_roi": 69, "N_inlier": 68, "refit": true}
{"timestamp": "17:12:18.289540", "frame": 92, "mu": [0.6085831745371594, 3.632300580380196, 0.9939429772758431], "Sigma": [[0.012800213484627598, -0.009126250402973487, 0.005710383445029809], [-0.009126250402973487, 0.01796965058672858, -0.015796381338938584], [0.005710383445029808, -0.015796381338938584, 0.020930439930952657]], "chi2_level": 0.99, "chi2_df": 3, "chi2_threshold": 11.344866730144373, "N_raw": 28, "N_roi": 28, "N_inlier": 27, "refit": true}
{"timestamp": "17:12:18.342312", "frame": 93, "mu": [0.6801658031434087, 3.426321449923536, 0.9040149005099075], "Sigma": [[0.019149387512087453, -0.019390931544667714, -0.008770262478617518], [-0.019390931544667714, 0.03888308563689061, -0.03341771914816687], [-0.008770262478617518, -0.03341771914816687, 0.15779013567112385]], "chi2_level": 0.99, "chi2_df": 3, "chi2_threshold": 11.344866730144373, "N_raw": 19, "N_roi": 19, "N_inlier": 19, "refit": true}
{"timestamp": "17:12:18.402867", "frame": 94, "mu": [0.5381297363384021, 3.415698589399892, 1.0750529540285185], "Sigma": [[0.014361310213126997, -0.00748730560216747, -0.022738724146325436], [-0.00748730560216747, 0.011348932898442446, 0.0018399501084411921], [-0.022738724146325433, 0.001839950108441193, 0.09058470403689428]], "chi2_level": 0.99, "chi2_df": 3, "chi2_threshold": 11.344866730144373, "N_raw": 33, "N_roi": 31, "N_inlier": 31, "refit": true}
{"timestamp": "17:12:18.462252", "frame": 95, "mu": [0.4638929825110691, 3.379244567172636, 1.3829288071714572], "Sigma": [[0.02346003662781028, -0.011711472292823691, -0.028798535558763955], [-0.01171147229282369, 0.015709778304462484, 0.014383808519847788], [-0.02879853555876396, 0.014383808519847788, 0.042291776429684375]], "chi2_level": 0.99, "chi2_df": 3, "chi2_threshold": 11.344866730144373, "N_raw": 82, "N_roi": 80, "N_inlier": 77, "refit": true}
{"timestamp": "17:12:18.512162", "frame": 96, "mu": [0.38842876429888495, 3.3669099875913497, 1.3519423703853828], "Sigma": [[0.010639058437442986, -0.005118154624793621, -0.010591116176968604], [-0.005118154624793621, 0.012231142525396909, 0.0028418529448064373], [-0.010591116176968604, 0.0028418529448064386, 0.030730046296361467]], "chi2_level": 0.99, "chi2_df": 3, "chi2_threshold": 11.344866730144373, "N_raw": 47, "N_roi": 46, "N_inlier": 44, "refit": true}
{"timestamp": "17:12:18.570283", "frame": 97, "mu": [0.3188907173337294, 3.3483521714090023, 1.466515380694827], "Sigma": [[0.019765773995919535, -0.005638942192397589, -0.015420961718503854], [-0.00563894219239759, 0.011125703578480481, 0.010153372887006695], [-0.015420961718503854, 0.010153372887006695, 0.018257583187040294]], "chi2_level": 0.99, "chi2_df": 3, "chi2_threshold": 11.344866730144373, "N_raw": 75, "N_roi": 75, "N_inlier": 72, "refit": true}
{"timestamp": "17:12:18.621201", "frame": 98, "mu": [0.2746066711582557, 3.2834896224728407, 1.392448631430779], "Sigma": [[0.011266604224222031, -0.0013227478222200529, -0.0054600039081704205], [-0.0013227478222200529, 0.0021419808677161523, -0.003106346639341716], [-0.0054600039081704205, -0.003106346639341716, 0.015102420043405274]], "chi2_level": 0.99, "chi2_df": 3, "chi2_threshold": 11.344866730144373, "N_raw": 38, "N_roi": 38, "N_inlier": 37, "refit": true}
{"timestamp": "17:12:18.677856", "frame": 99, "mu": [0.14742609309127175, 3.3157230878630677, 1.523246816592716], "Sigma": [[0.015274247146373853, -0.0028158826993286566, -0.007330422765525748], [-0.0028158826993286566, 0.005312015425797829, 0.005301787641884038], [-0.007330422765525749, 0.005301787641884037, 0.007926380716436298]], "chi2_level": 0.99, "chi2_df": 3, "chi2_threshold": 11.344866730144373, "N_raw": 50, "N_roi": 47, "N_inlier": 44, "refit": true}
{"timestamp": "17:12:18.813482", "frame": 100, "mu": [0.08292427973080288, 3.3042949225636, 1.4815110431675171], "Sigma": [[0.01894797730259499, 0.0001260946185590919, -0.007645667854178468], [0.00012609461855909196, 0.006951071923863767, -0.0015215699172813045], [-0.007645667854178468, -0.0015215699172813045, 0.004551991882540804]], "chi2_level": 0.99, "chi2_df": 3, "chi2_threshold": 11.344866730144373, "N_raw": 73, "N_roi": 73, "N_inlier": 70, "refit": true}
{"timestamp": "17:12:18.834984", "frame": 101, "mu": [0.17569288259934304, 3.394162694196877, 1.268788712336472], "Sigma": [[0.013855405703931227, 0.0019168958447408652, -0.007118977713549636], [0.0019168958447408659, 0.0035288902528691516, -0.006387007394164669], [-0.007118977713549636, -0.006387007394164668, 0.039306461415311064]], "chi2_level": 0.99, "chi2_df": 3, "chi2_threshold": 11.344866730144373, "N_raw": 41, "N_roi": 38, "N_inlier": 35, "refit": true}
{"timestamp": "17:12:18.866642", "frame": 102, "mu": [-0.018419422136610027, 3.3783254200952437, 0.11499059354676859], "Sigma": [[0.01844738898146352, -0.002099060226259893, 0.040306071743226514], [-0.002099060226259893, 0.007531639895967925, 0.003947138821738666], [0.040306071743226514, 0.003947138821738667, 0.16765427959535512]], "chi2_level": 0.99, "chi2_df": 3, "chi2_threshold": 11.344866730144373, "N_raw": 71, "N_roi": 71, "N_inlier": 67, "refit": true}
{"timestamp": "17:12:18.902505", "frame": 103, "mu": [-0.08724345786466492, 3.3936594635827166, 1.587501379939889], "Sigma": [[0.018669572232973483, -0.00041217576342625437, -0.01347000471406496], [-0.0004121757634262543, 0.010426231376397997, 0.0028743202833305124], [-0.013470004714064962, 0.0028743202833305124, 0.018578446271778935]], "chi2_level": 0.99, "chi2_df": 3, "chi2_threshold": 11.344866730144373, "N_raw": 83, "N_roi": 80, "N_inlier": 77, "refit": true}
{"timestamp": "17:12:18.956524", "frame": 104, "mu": [-0.1315175322302852, 3.350076007576039, -0.02901223152044244], "Sigma": [[0.02070736143771887, 0.000763690003804877, 0.04595360100685876], [0.0007636900038048769, 0.005121461369050169, 0.010591767955488725], [0.04595360100685876, 0.010591767955488725, 0.1853711785249675]], "chi2_level": 0.99, "chi2_df": 3, "chi2_threshold": 11.344866730144373, "N_raw": 71, "N_roi": 60, "N_inlier": 58, "refit": true}
{"timestamp": "17:12:19.009984", "frame": 105, "mu": [-0.1816195295628957, 3.330778277283556, 1.3758428291675233], "Sigma": [[0.017468081008392436, -0.00017960041195938552, -0.004018053162836999], [-0.0001796004119593852, 0.005334676602189299, -0.0065643248342397275], [-0.004018053162836999, -0.006564324834239727, 0.015432785059903602]], "chi2_level": 0.99, "chi2_df": 3, "chi2_threshold": 11.344866730144373, "N_raw": 68, "N_roi": 68, "N_inlier": 65, "refit": true}
{"timestamp": "17:12:19.058416", "frame": 106, "mu": [-0.21332633529645592, 3.3327414541874334, 1.4841529177506207], "Sigma": [[0.01282060105504046, 0.0005759331826568688, -0.0031965294837112655], [0.0005759331826568688, 0.0015120117422580202, -0.0006642971438184589], [-0.0031965294837112655, -0.0006642971438184589, 0.0021336154352662364]], "chi2_level": 0.99, "chi2_df": 3, "chi2_threshold": 11.344866730144373, "N_raw": 27, "N_roi": 26, "N_inlier": 25, "refit": true}
{"timestamp": "17:12:19.171960", "frame": 108, "mu": [-0.32281137161240964, 3.4034018089337703, 1.6009281430744113], "Sigma": [[0.022933807615196287, 0.0014194423311664965, -0.008772411637991421], [0.0014194423311664965, 0.006535650320754754, 0.005380527445730022], [-0.008772411637991421, 0.005380527445730022, 0.009972395166696303]], "chi2_level": 0.99, "chi2_df": 3, "chi2_threshold": 11.344866730144373, "N_raw": 58, "N_roi": 58, "N_inlier": 57, "refit": true}
{"timestamp": "17:12:19.229241", "frame": 109, "mu": [-0.3345513587368755, 3.372064431721041, 1.4531224393307027], "Sigma": [[0.01998622220842572, -0.004562919667775743, -0.03049073815296787], [-0.004562919667775743, 0.012832673746868412, 0.029021556452806546], [-0.03049073815296787, 0.02902155645280655, 0.09620590663382383]], "chi2_level": 0.99, "chi2_df": 3, "chi2_threshold": 11.344866730144373, "N_raw": 59, "N_roi": 57, "N_inlier": 55, "refit": true}
