{"timestamp": "17:20:09.449392", "frame": 10, "mu": [2.386608851346228, 4.863396024627996, 1.317504865177304], "Sigma": [[0.005763522576275998, -0.003476832706649844, 0.0008503155426801852], [-0.003476832706649844, 0.003935901036753449, -0.0008147903448519219], [0.0008503155426801852, -0.0008147903448519218, 0.00017604361341726907]], "chi2_level": 0.99, "chi2_df": 3, "chi2_threshold": 11.344866730144373, "N_raw": 23, "N_roi": 11, "N_inlier": 11, "refit": true}
{"timestamp": "17:20:09.503894", "frame": 11, "mu": [2.3420738681716995, 4.8363177313360755, 1.0987244791669089], "Sigma": [[0.009983796552269528, -0.0031442108994758564, 0.0009350816503983561], [-0.0031442108994758564, 0.0035138377783880377, -0.0008025221950541016], [0.0009350816503983561, -0.0008025221950541016, 0.00019089757056677336]], "chi2_level": 0.99, "chi2_df": 3, "chi2_threshold": 11.344866730144373, "N_raw": 18, "N_roi": 9, "N_inlier": 9, "refit": true}
{"timestamp": "17:20:09.561609", "frame": 12, "mu": [2.2872168496640053, 4.867699599645393, 1.252560504235937], "Sigma": [[0.016159562008843, -0.007062480420757508, -0.0048609744683233745], [-0.007062480420757508, 0.007846630504487636, 0.003584895307860305], [-0.004860974468323375, 0.003584895307860305, 0.006843921482772044]], "chi2_level": 0.99, "chi2_df": 3, "chi2_threshold": 11.344866730144373, "N_raw": 37, "N_roi": 25, "N_inlier": 24, "refit": true}
{"timestamp": "17:20:09.669538", "frame": 14, "mu": [2.117135324824032, 4.375212168673457, 1.2602895343206215], "Sigma": [[0.4442196267004136, 0.9518318744086973, -0.1205284963507826], [0.9518318744086973, 2.0593816411069645, -0.2530670562940913], [-0.12052849635078261, -0.2530670562940913, 0.051776187244656276]], "chi2_level": 0.99, "chi2_df": 3, "chi2_threshold": 11.344866730144373, "N_raw": 9, "N_roi": 7, "N_inlier": 7, "refit": true}
{"timestamp": "17:20:09.726594", "frame": 15, "mu": [2.2081434051164277, 4.88522822635997, 1.3289145024362847], "Sigma": [[0.022257868210420237, -0.009554369701663536, -0.009887478301580235], [-0.009554369701663536, 0.005885134778997914, 0.0014280080220018293], [-0.009887478301580235, 0.0014280080220018293, 0.014345159992270658]], "chi2_level": 0.99, "chi2_df": 3, "chi2_threshold": 11.344866730144373, "N_raw": 24, "N_roi": 21, "N_inlier": 21, "refit": true}
{"timestamp": "17:20:09.785487", "frame": 16, "mu": [2.2047624351976527, 4.861628610424232, 0.6407047473148193], "Sigma": [[0.030360239093806838, -0.008111801290417883, -0.012433928997046416], [-0.00811180129041788, 0.0068099365795676195, 0.0019586135713292006], [-0.012433928997046416, 0.0019586135713292006, 0.007864391298292587]], "chi2_level": 0.99, "chi2_df": 3, "chi2_threshold": 11.344866730144373, "N_raw": 49, "N_roi": 36, "N_inlier": 35, "refit": true}
{"timestamp": "17:20:09.839323", "frame": 17, "mu": [2.1820959532566233, 4.807084108062028, 0.9705329590669904], "Sigma": [[0.024821268777927633, -0.012565594612944413, -0.00850973397682459], [-0.012565594612944413, 0.011007528906016618, 0.006884220234403834], [-0.008509733976824588, 0.006884220234403833, 0.005944777896137384]], "chi2_level": 0.99, "chi2_df": 3, "chi2_threshold": 11.344866730144373, "N_raw": 44, "N_roi": 31, "N_inlier": 31, "refit": true}
{"timestamp": "17:20:09.892414", "frame": 18, "mu": [2.219435030655529, 4.808147370088745, 1.2074609043573135], "Sigma": [[0.023250900667438578, -0.011147220462941625, 0.00147796075191756], [-0.011147220462941625, 0.007551706282363772, -0.0035247669584674113], [0.0014779607519175603, -0.0035247669584674113, 0.012514743094876978]], "chi2_level": 0.99, "chi2_df": 3, "chi2_threshold": 11.344866730144373, "N_raw": 32, "N_roi": 28, "N_inlier": 28, "refit": true}
{"timestamp": "17:20:09.950582", "frame": 19, "mu": [2.1701038448132843, 4.8420764168892445, 0.2564506948295597], "Sigma": [[0.03518128388425901, -0.01180851706651188, 0.023903330994686466], [-0.01180851706651188, 0.009310659470501218, -0.007007373053306852], [0.02390333099468647, -0.007007373053306853, 0.1332383429094187]], "chi2_level": 0.99, "chi2_df": 3, "chi2_threshold": 11.344866730144373, "N_raw": 49, "N_roi": 44, "N_inlier": 44, "refit": true}
{"timestamp": "17:20:10.004560", "frame": 20, "mu": [2.074371845361354, 4.861103237530099, 0.35945590240903297], "Sigma": [[0.025512762577122025, -0.00961602115475101, -0.015057742991372178], [-0.009616021154751011, 0.007157436500043141, 0.005481116415167986], [-0.015057742991372178, 0.005481116415167986, 0.01274124900373239]], "chi2_level": 0.99, "chi2_df": 3, "chi2_threshold": 11.344866730144373, "N_raw": 42, "N_roi": 34, "N_inlier": 33, "refit": true}
{"timestamp": "17:20:10.060234", "frame": 21, "mu": [2.1452522250186754, 4.68674975625722, 1.0351456187367425], "Sigma": [[0.02472303078188465, -0.013220968516501121, -0.010187867117617135], [-0.013220968516501121, 0.010520221451933735, 0.0038967608139608683], [-0.010187867117617135, 0.0038967608139608687, 0.007874923636181185]], "chi2_level": 0.99, "chi2_df": 3, "chi2_threshold": 11.344866730144373, "N_raw": 38, "N_roi": 33, "N_inlier": 33, "refit": true}
{"timestamp": "17:20:10.111486", "frame": 22, "mu": [2.118117777692771, 4.610964606140337, 1.1168479702840497], "Sigma": [[0.021686221449339446, -0.010942084889105079, -0.01127822148812471], [-0.010942084889105079, 0.0070382162061951034, 0.004837687642792677], [-0.01127822148812471, 0.004837687642792677, 0.013429377915360039]], "chi2_level": 0.99, "chi2_df": 3, "chi2_threshold": 11.344866730144373, "N_raw": 24, "N_roi": 23, "N_inlier": 21, "refit": true}
{"timestamp": "17:20:10.164793", "frame": 23, "mu": [2.078044203649255, 4.591739575342548, 1.0372000340346375], "Sigma": [[0.005974316934036622, -0.0021040459861683585, -0.005895429349647269], [-0.0021040459861683585, 0.002422446692319156, 0.0011083817675043212], [-0.005895429349647269, 0.0011083817675043217, 0.00829996275950396]], "chi2_level": 0.99, "chi2_df": 3, "chi2_threshold": 11.344866730144373, "N_raw": 9, "N_roi": 9, "N_inlier": 9, "refit": true}
{"timestamp": "17:20:10.222068", "frame": 24, "mu": [2.036458091768274, 4.565656174858731, 1.17608388648739], "Sigma": [[0.021857652082823066, -0.012978525432569549, -0.008749144233362281], [-0.012978525432569549, 0.010518280046878471, 0.0012112381324778324], [-0.00874914423336228, 0.0012112381324778324, 0.013339150935700405]], "chi2_level": 0.99, "chi2_df": 3, "chi2_threshold": 11.344866730144373, "N_raw": 31, "N_roi": 31, "N_inlier": 30, "refit": true}
{"timestamp": "17:20:10.279591", "frame": 25, "mu": [2.0080126699995, 4.566856365120308, 1.2084526453348239], "Sigma": [[0.03148659693206224, -0.014310071459850332, -0.011987126726987977], [-0.014310071459850332, 0.008723513872019233, 0.0014795739468630984], [-0.01198712672698798, 0.0014795739468630982, 0.01646472201711327]], "chi2_level": 0.99, "chi2_df": 3, "chi2_threshold": 11.344866730144373, "N_raw": 41, "N_roi": 38, "N_inlier": 38, "refit": true}
{"timestamp": "17:20:10.329161", "frame": 26, "mu": [1.977971370843862, 4.567888690228822, 1.1578570204545977], "Sigma": [[0.011826837322182395, -0.017306646335638654, 0.009466778141624032], [-0.017306646335638654, 0.02577307244362861, -0.014671117659580696], [0.009466778141624032, -0.014671117659580696, 0.023276897365461326]], "chi2_level": 0.99, "chi2_df": 3, "chi2_threshold": 11.344866730144373, "N_raw": 7, "N_roi": 7, "N_inlier": 7, "refit": true}
{"timestamp": "17:20:10.386322", "frame": 27, "mu": [2.0431971182610575, 4.561633203525043, 0.16790311276477024], "Sigma": [[0.011024222109610007, -0.010017036855858419, 0.004640656411005359], [-0.01001703685585842, 0.014844935235507464, -0.015539857976046066], [0.004640656411005359, -0.015539857976046066, 0.029062068977606735]], "chi2_level": 0.99, "chi2_df": 3, "chi2_threshold": 11.344866730144373, "N_raw": 19, "N_roi": 19, "N_inlier": 18, "refit": true}
{"timestamp": "17:20:10.444493", "frame": 28, "mu": [2.0478929350654154, 4.330848357748681, 1.1384546256235182], "Sigma": [[0.028865627005630716, -0.0200122207043762, -0.014612565738639541], [-0.020012220704376204, 0.020103971099636034, 0.007182962735982892], [-0.014612565738639541, 0.007182962735982892, 0.013736012084927944]], "chi2_level": 0.99, "chi2_df": 3, "chi2_threshold": 11.344866730144373, "N_raw": 42, "N_roi": 38, "N_inlier": 36, "refit": true}
{"timestamp": "17:20:10.496685", "frame": 29, "mu": [1.8688806069915784, 4.47880378345952, 1.334317605002891], "Sigma": [[0.011949021951124907, -0.005960216529755622, -0.007916713713439863], [-0.005960216529755621, 0.005429193441572762, 0.0012673073840874856], [-0.007916713713439862, 0.0012673073840874856, 0.019932300126741388]], "chi2_level": 0.99, "chi2_df": 3, "chi2_threshold": 11.344866730144373, "N_raw": 23, "N_roi": 22, "N_inlier": 21, "refit": true}
{"timestamp": "17:20:10.550094", "frame": 30, "mu": [1.868411300143723, 4.611651677682228, 0.09827902539558636], "Sigma": [[0.006583900796802961, 0.00018930699646158185, -0.010996624703044553], [0.00018930699646158185, 0.031050093642419598, -0.035104314987601894], [-0.010996624703044553, -0.035104314987601894, 0.09197545864835405]], "chi2_level": 0.99, "chi2_df": 3, "chi2_threshold": 11.344866730144373, "N_raw": 11, "N_roi": 9, "N_inlier": 9, "refit": true}
{"timestamp": "17:20:10.769928", "frame": 34, "mu": [1.7642742450187614, 4.365701522596992, 0.3976066106521866], "Sigma": [[0.00884818476005667, -0.003316010222538193, -0.006102964455585345], [-0.003316010222538193, 0.004423371790759626, 0.0006075283506752823], [-0.006102964455585346, 0.0006075283506752822, 0.0062566815073293374]], "chi2_level": 0.99, "chi2_df": 3, "chi2_threshold": 11.344866730144373, "N_raw": 16, "N_roi": 16, "N_inlier": 16, "refit": true}
{"timestamp": "17:20:10.831110", "frame": 35, "mu": [1.6835889521245002, 4.315001657209754, 1.2869982945616343], "Sigma": [[0.02716218017074204, -0.008683926669005885, -0.007282871448286896], [-0.008683926669005885, 0.006323274326417781, -0.003405081272750604], [-0.007282871448286895, -0.0034050812727506037, 0.01668102183290878]], "chi2_level": 0.99, "chi2_df": 3, "chi2_threshold": 11.344866730144373, "N_raw": 51, "N_roi": 51, "N_inlier": 51, "refit": true}
{"timestamp": "17:20:10.883516", "frame": 36, "mu": [1.6533560248161319, 4.325288790547233, 0.45069767274479916], "Sigma": [[0.01747974950297234, -0.00570624045916459, -0.004686241712889446], [-0.00570624045916459, 0.006517615100584442, -0.00219965506407128], [-0.004686241712889446, -0.00219965506407128, 0.006037750035997781]], "chi2_level": 0.99, "chi2_df": 3, "chi2_threshold": 11.344866730144373, "N_raw": 36, "N_roi": 36, "N_inlier": 35, "refit": true}
{"timestamp": "17:20:10.940442", "frame": 37, "mu": [1.6365280220106424, 4.2667405942522265, 1.1392242667187138], "Sigma": [[0.026047607271857544, -0.012234077678030673, -0.021897488503506837], [-0.012234077678030671, 0.00941220584381494, 0.006416338744305415], [-0.02189748850350684, 0.006416338744305415, 0.02681236200835474]], "chi2_level": 0.99, "chi2_df": 3, "chi2_threshold": 11.344866730144373, "N_raw": 49, "N_roi": 49, "N_inlier": 48, "refit": true}
{"timestamp": "17:20:10.995104", "frame": 38, "mu": [1.6162258686354187, 4.299499951127468, -0.08440129059094187], "Sigma": [[0.024846781726736825, -0.005518126955172165, 0.053544615448043384], [-0.005518126955172165, 0.005060483514720274, -0.013037618090742425], [0.053544615448043384, -0.013037618090742421, 0.22498716830390095]], "chi2_level": 0.99, "chi2_df": 3, "chi2_threshold": 11.344866730144373, "N_raw": 42, "N_roi": 40, "N_inlier": 40, "refit": true}
{"timestamp": "17:20:11.047618", "frame": 39, "mu": [1.513504760630587, 4.2637459355033975, 1.1689899840537326], "Sigma": [[0.01994593992078037, -0.008773312519854873, -0.011815662956721514], [-0.008773312519854873, 0.005706591795837666, 0.0022345726268117316], [-0.011815662956721514, 0.002234572626811731, 0.02241270052321235]], "chi2_level": 0.99, "chi2_df": 3, "chi2_threshold": 11.344866730144373, "N_raw": 31, "N_roi": 30, "N_inlier": 30, "refit": true}
{"timestamp": "17:20:11.103713", "frame": 40, "mu": [1.3866013210204249, 4.317279752908525, 1.1877062070180562], "Sigma": [[0.017337807007197552, -0.005600586587946852, 0.0026888994195034773], [-0.005600586587946852, 0.0029991314601946106, -0.005759164805453416], [0.002688899419503477, -0.005759164805453416, 0.025662541544552053]], "chi2_level": 0.99, "chi2_df": 3, "chi2_threshold": 11.344866730144373, "N_raw": 35, "N_roi": 33, "N_inlier": 30, "refit": true}
{"timestamp": "17:20:11.157607", "frame": 41, "mu": [1.4834149456826116, 4.235374808658162, 1.046516726047242], "Sigma": [[0.012782172389948372, -0.0016379694651903498, -0.004955555181540532], [-0.00163796946519035, 0.002444468511058512, 0.0008712287020244656], [-0.004955555181540532, 0.0008712287020244656, 0.005078826012510536]], "chi2_level": 0.99, "chi2_df": 3, "chi2_threshold": 11.344866730144373, "N_raw": 26, "N_roi": 16, "N_inlier": 15, "refit": true}
{"timestamp": "17:20:11.212383", "frame": 42, "mu": [1.3985435665762014, 4.194856224809384, 1.066926241802185], "Sigma": [[0.017110167150755064, -0.007086977567218873, -0.013814662531550115], [-0.007086977567218875, 0.005013668273574208, 0.003222976193320533], [-0.013814662531550115, 0.003222976193320533, 0.017836526892513898]], "chi2_level": 0.99, "chi2_df": 3, "chi2_threshold": 11.344866730144373, "N_raw": 27, "N_roi": 23, "N_inlier": 23, "refit": true}
{"timestamp": "17:20:11.268438", "frame": 43, "mu": [1.3931028196902806, 4.13163449430589, 0.9955050096704592], "Sigma": [[0.02223432839616431, -0.008225575409290925, -0.0017632706814840454], [-0.008225575409290925, 0.003584978052449403, -0.001279104848189082], [-0.001763270681484046, -0.001279104848189082, 0.041709210191867685]], "chi2_level": 0.99, "chi2_df": 3, "chi2_threshold": 11.344866730144373, "N_raw": 34, "N_roi": 34, "N_inlier": 34, "refit": true}
{"timestamp": "17:20:11.375801", "frame": 45, "mu": [1.4725468726893522, 3.990571767397051, 0.926027281337975], "Sigma": [[0.012099648237533555, -0.00557427707464114, -0.011566038513680122], [-0.00557427707464114, 0.004755771952172775, 0.002253665427911676], [-0.011566038513680122, 0.002253665427911675, 0.020652476405668873]], "chi2_level": 0.99, "chi2_df": 3, "chi2_threshold": 11.344866730144373, "N_raw": 18, "N_roi": 18, "N_inlier": 18, "refit": true}
{"timestamp": "17:20:11.429703", "frame": 46, "mu": [1.4708422569096573, 3.944470560874745, 0.9264449031750905], "Sigma": [[0.01200650396255653, -0.007951928896558049, -0.005078103455984768], [-0.00795192889655805, 0.007490509000061328, 0.0023850601355487767], [-0.005078103455984768, 0.002385060135548776, 0.006938262187066766]], "chi2_level": 0.99, "chi2_df": 3, "chi2_threshold": 11.344866730144373, "N_raw": 17, "N_roi": 17, "N_inlier": 17, "refit": true}
{"timestamp": "17:20:11.485341", "frame": 47, "mu": [1.4220854128256915, 3.9361806268337864, 1.1417647319748672], "Sigma": [[0.004172563521737632, -0.0030679838627960506, 0.007826043531549963], [-0.0030679838627960506, 0.00393780844218356, -0.009556868255978256], [0.007826043531549963, -0.009556868255978256, 0.027448757205219818]], "chi2_level": 0.99, "chi2_df": 3, "chi2_threshold": 11.344866730144373, "N_raw": 8, "N_roi": 8, "N_inlier": 8, "refit": true}
{"timestamp": "17:20:11.544861", "frame": 48, "mu": [1.359696071896337, 3.9127343308521123, 1.2026493585557192], "Sigma": [[0.018850642091369312, -0.008412092263654962, -0.006316572358545086], [-0.008412092263654962, 0.006412398861825972, -0.003087225626326972], [-0.006316572358545086, -0.003087225626326972, 0.02032350457007667]], "chi2_level": 0.99, "chi2_df": 3, "chi2_threshold": 11.344866730144373, "N_raw": 40, "N_roi": 40, "N_inlier": 40, "refit": true}
{"timestamp": "17:20:11.596716", "frame": 49, "mu": [1.3669404679893273, 3.879703231308976, 1.3236314149040067], "Sigma": [[0.015158385791365794, -0.010723497672692425, -0.0014122056372465656], [-0.010723497672692425, 0.009923030980670657, -0.004695865218799102], [-0.0014122056372465656, -0.004695865218799102, 0.0327866921414148]], "chi2_level": 0.99, "chi2_df": 3, "chi2_threshold": 11.344866730144373, "N_raw": 23, "N_roi": 23, "N_inlier": 23, "refit": true}
{"timestamp": "17:20:11.656525", "frame": 50, "mu": [1.3547540164068157, 3.782864536717353, 1.089488553959716], "Sigma": [[0.022766788636725918, -0.016304714553390085, 0.004955366046511384], [-0.016304714553390085, 0.01624173596842133, -0.010507079932391677], [0.004955366046511384, -0.010507079932391677, 0.060320557985095745]], "chi2_level": 0.99, "chi2_df": 3, "chi2_threshold": 11.344866730144373, "N_raw": 53, "N_roi": 53, "N_inlier": 52, "refit": true}
{"timestamp": "17:20:11.708480", "frame": 51, "mu": [1.2718670872061235, 3.8718569765920714, 1.2512032598015883], "Sigma": [[0.014404070382043848, -0.0073376079939932665, -0.008523576958272702], [-0.007337607993993266, 0.008520400621590624, 0.0038882130554494195], [-0.008523576958272702, 0.0038882130554494187, 0.021654878028505305]], "chi2_level": 0.99, "chi2_df": 3, "chi2_threshold": 11.344866730144373, "N_raw": 24, "N_roi": 23, "N_inlier": 22, "refit": true}
{"timestamp": "17:20:11.764409", "frame": 52, "mu": [1.2230374788888616, 3.877624395626998, 1.111718875060155], "Sigma": [[0.020547642860430242, -0.008972958541389006, -0.005226786396552448], [-0.008972958541389006, 0.005604078336938196, -0.00026147597620796326], [-0.005226786396552449, -0.0002614759762079635, 0.009589131620429998]], "chi2_level": 0.99, "chi2_df": 3, "chi2_threshold": 11.344866730144373, "N_raw": 39, "N_roi": 39, "N_inlier": 35, "refit": true}
{"timestamp": "17:20:11.819749", "frame": 53, "mu": [1.196045391452654, 3.8010083389479448, 1.2191728780166784], "Sigma": [[0.01335041179579539, -0.0043272120322600015, -0.004347145515980467], [-0.0043272120322600015, 0.0032915746823274496, -0.00206258337356379], [-0.004347145515980466, -0.002062583373563789, 0.053201517697601966]], "chi2_level": 0.99, "chi2_df": 3, "chi2_threshold": 11.344866730144373, "N_raw": 43, "N_roi": 43, "N_inlier": 39, "refit": true}
{"timestamp": "17:20:11.875994", "frame": 54, "mu": [1.1268461234631062, 3.8233865291870455, 1.2826103872751955], "Sigma": [[0.018449668159057235, -0.00618885960892932, -0.00584151377764036], [-0.00618885960892932, 0.003949178301752352, -0.0021025471733839727], [-0.00584151377764036, -0.0021025471733839723, 0.06257009299446294]], "chi2_level": 0.99, "chi2_df": 3, "chi2_threshold": 11.344866730144373, "N_raw": 50, "N_roi": 50, "N_inlier": 47, "refit": true}
{"timestamp": "17:20:11.928650", "frame": 55, "mu": [1.0939158114877734, 3.8098667582629626, 1.2921113573429261], "Sigma": [[0.01684652312298782, -0.004636942163650861, -0.0026042427646645935], [-0.00463694216365086, 0.0036636565538579738, -0.0020049663281420087], [-0.0026042427646645935, -0.0020049663281420087, 0.023563373440455865]], "chi2_level": 0.99, "chi2_df": 3, "chi2_threshold": 11.344866730144373, "N_raw": 38, "N_roi": 38, "N_inlier": 36, "refit": true}
{"timestamp": "17:20:11.984874", "frame": 56, "mu": [1.0341240997999293, 3.812484134517539, 0.03468106146909518], "Sigma": [[0.01392277999286991, 0.000604413905037817, 0.02100677384530537], [0.0006044139050378171, 0.004611136092845588, -0.012119902927116084], [0.021006773845305374, -0.012119902927116084, 0.1650085257690824]], "chi2_level": 0.99, "chi2_df": 3, "chi2_threshold": 11.344866730144373, "N_raw": 39, "N_roi": 35, "N_inlier": 35, "refit": true}
{"timestamp": "17:20:12.038486", "frame": 57, "mu": [0.962370023221875, 3.7661534414042075, 1.4908166238618759], "Sigma": [[0.013270309703649893, -0.006017281980837215, -0.010125417364590321], [-0.006017281980837215, 0.00637971191412235, 0.005088451859205093], [-0.010125417364590321, 0.005088451859205093, 0.010866674956184633]], "chi2_level": 0.99, "chi2_df": 3, "chi2_threshold": 11.344866730144373, "N_raw": 34, "N_roi": 34, "N_inlier": 33, "refit": true}
{"timestamp": "17:20:12.096195", "frame": 58, "mu": [1.0495161656897465, 3.6012772982093444, 1.2011332569142], "Sigma": [[0.016238241554110862, -0.00945015496576325, -0.004734320279330667], [-0.00945015496576325, 0.013567310752177849, 0.0035094019399691413], [-0.004734320279330668, 0.0035094019399691413, 0.005708605392395631]], "chi2_level": 0.99, "chi2_df": 3, "chi2_threshold": 11.344866730144373, "N_raw": 54, "N_roi": 52, "N_inlier": 51, "refit": true}
{"timestamp": "17:20:12.150485", "frame": 59, "mu": [0.9838611043204785, 3.5577077235929955, 1.0183130754071932], "Sigma": [[0.017442821497664837, -0.005804914717216824, -0.014190339534109173], [-0.005804914717216824, 0.0031534296229350734, 0.0004404198787846241], [-0.014190339534109173, 0.0004404198787846241, 0.03275828992007088]], "chi2_level": 0.99, "chi2_df": 3, "chi2_threshold": 11.344866730144373, "N_raw": 48, "N_roi": 48, "N_inlier": 47, "refit": true}
{"timestamp": "17:20:12.204751", "frame": 60, "mu": [0.9720059739683222, 3.568389264247766, 1.08004851099796], "Sigma": [[0.019189148239833212, -0.00790851912059207, -0.01898670970451691], [-0.00790851912059207, 0.004657359207845148, 0.0028268655233663707], [-0.01898670970451691, 0.0028268655233663707, 0.04565080029894542]], "chi2_level": 0.99, "chi2_df": 3, "chi2_threshold": 11.344866730144373, "N_raw": 52, "N_roi": 52, "N_inlier": 51, "refit": true}
{"timestamp": "17:20:12.265001", "frame": 61, "mu": [0.9058170370467264, 3.603582235101499, 1.0004459989725094], "Sigma": [[0.018501203078843273, -0.009398613896251132, -0.0001044356358244532], [-0.009398613896251136, 0.012386815583179752, -0.010380661783331569], [-0.00010443563582445369, -0.010380661783331569, 0.024522027178798526]], "chi2_level": 0.99, "chi2_df": 3, "chi2_threshold": 11.344866730144373, "N_raw": 82, "N_roi": 82, "N_inlier": 82, "refit": true}
{"timestamp": "17:20:12.318253", "frame": 62, "mu": [0.8426374123700545, 3.5961675895312544, 1.1074853125514867], "Sigma": [[0.015706561652366002, -0.00647229223708806, -0.0031104427723177], [-0.00647229223708806, 0.0077032830157380905, -0.007631831798821485], [-0.0031104427723176995, -0.007631831798821485, 0.021946610829826983]], "chi2_level": 0.99, "chi2_df": 3, "chi2_threshold": 11.344866730144373, "N_raw": 68, "N_roi": 68, "N_inlier": 66, "refit": true}
{"timestamp": "17:20:12.371027", "frame": 63, "mu": [0.8010950043599885, 3.5316173487996836, 0.9831869884994521], "Sigma": [[0.02005316938069969, -0.009447005937615707, -0.005795766009430008], [-0.009447005937615707, 0.008762684692598253, 0.00033082934252097094], [-0.005795766009430008, 0.00033082934252097083, 0.006596052570696344]], "chi2_level": 0.99, "chi2_df": 3, "chi2_threshold": 11.344866730144373, "N_raw": 57, "N_roi": 57, "N_inlier": 55, "refit": true}
{"timestamp": "17:20:12.427299", "frame": 64, "mu": [0.796134154531782, 3.4933732520242193, 1.0233447577100656], "Sigma": [[0.021824468192234915, -0.009676457101377867, 0.0008894194855213404], [-0.009676457101377867, 0.008081699101554254, -0.005268550519509514], [0.0008894194855213406, -0.005268550519509514, 0.009344922399738479]], "chi2_level": 0.99, "chi2_df": 3, "chi2_threshold": 11.344866730144373, "N_raw": 66, "N_roi": 64, "N_inlier": 64, "refit": true}
{"timestamp": "17:20:12.479717", "frame": 65, "mu": [0.5913042121693912, 3.555732645808308, 1.0838463974918295], "Sigma": [[0.013494732809835175, -0.0047752433695208325, -0.011091119514203673], [-0.0047752433695208325, 0.007109710416481671, 0.0067229702460784805], [-0.011091119514203673, 0.0067229702460784805, 0.012279310597833987]], "chi2_level": 0.99, "chi2_df": 3, "chi2_threshold": 11.344866730144373, "N_raw": 42, "N_roi": 39, "N_inlier": 38, "refit": true}
{"timestamp": "17:20:12.535511", "frame": 66, "mu": [0.7263452397126077, 3.4483032034769248, 0.9231862919125629], "Sigma": [[0.01640702235663568, -0.006117603573210981, -0.0037044668142568113], [-0.006117603573210981, 0.008152763298584203, 0.001906833427606122], [-0.0037044668142568113, 0.001906833427606122, 0.002492775376053624]], "chi2_level": 0.99, "chi2_df": 3, "chi2_threshold": 11.344866730144373, "N_raw": 49, "N_roi": 49, "N_inlier": 49, "refit": true}
{"timestamp": "17:20:12.591973", "frame": 67, "mu": [0.6247961028578375, 3.4591883759382362, 1.0864006383392255], "Sigma": [[0.015594025134943037, -0.007577819308241718, -0.013215641639559645], [-0.007577819308241718, 0.009176438963238314, 0.003348202636738328], [-0.013215641639559645, 0.003348202636738328, 0.017445315224514372]], "chi2_level": 0.99, "chi2_df": 3, "chi2_threshold": 11.344866730144373, "N_raw": 53, "N_roi": 53, "N_inlier": 52, "refit": true}
{"timestamp": "17:20:12.647518", "frame": 68, "mu": [0.7025624521305441, 3.3422359822826206, 1.1377653447700218], "Sigma": [[0.018305710152760037, -0.009922297457083284, 8.30966235265036e-05], [-0.009922297457083284, 0.00909324405688665, -0.004787306431153462], [8.309662352650273e-05, -0.004787306431153462, 0.00784939609329858]], "chi2_level": 0.99, "chi2_df": 3, "chi2_threshold": 11.344866730144373, "N_raw": 58, "N_roi": 58, "N_inlier": 57, "refit": true}
{"timestamp": "17:20:12.703698", "frame": 69, "mu": [0.693560965250915, 3.253549221562962, 1.0025977670399775], "Sigma": [[0.02377635393097743, -0.004614405534872459, -0.0056058634912670505], [-0.004614405534872459, 0.004610524262067419, -0.0028002200976772872], [-0.0056058634912670505, -0.002800220097677288, 0.01576587770205643]], "chi2_level": 0.99, "chi2_df": 3, "chi2_threshold": 11.344866730144373, "N_raw": 72, "N_roi": 72, "N_inlier": 71, "refit": true}
{"timestamp": "17:20:12.758667", "frame": 70, "mu": [0.7006536262805649, 3.2037798285222125, 1.0189575366528871], "Sigma": [[0.017816268767687382, -0.007567287533421665, -0.005614194858654699], [-0.007567287533421667, 0.006920111452706827, -0.002062291139838676], [-0.005614194858654699, -0.002062291139838676, 0.016410491912408974]], "chi2_level": 0.99, "chi2_df": 3, "chi2_threshold": 11.344866730144373, "N_raw": 66, "N_roi": 66, "N_inlier": 64, "refit": true}
{"timestamp": "17:20:12.813651", "frame": 71, "mu": [0.5469105191200736, 3.3071275113889875, 1.1855846423372356], "Sigma": [[0.031190151298483855, -0.02135563836096718, -0.0008042277863609605], [-0.02135563836096718, 0.019339356268412503, -0.006185516151990617], [-0.0008042277863609614, -0.006185516151990617, 0.020707706035897507]], "chi2_level": 0.99, "chi2_df": 3, "chi2_threshold": 11.344866730144373, "N_raw": 63, "N_roi": 63, "N_inlier": 62, "refit": true}
{"timestamp": "17:20:12.870004", "frame": 72, "mu": [0.579407480475441, 3.204247707294955, 1.0968051748248169], "Sigma": [[0.023905973770013883, -0.017779411083239466, -0.0029430348725752887], [-0.017779411083239466, 0.018706663226019465, -0.003251710266837261], [-0.0029430348725752887, -0.003251710266837261, 0.010899490353735417]], "chi2_level": 0.99, "chi2_df": 3, "chi2_threshold": 11.344866730144373, "N_raw": 68, "N_roi": 68, "N_inlier": 68, "refit": true}
{"timestamp": "17:20:12.927391", "frame": 73, "mu": [0.6029797511512898, 3.123474926246273, 1.312806406397847], "Sigma": [[0.02433532034451242, -0.017134889384307423, -0.026594454944021427], [-0.017134889384307427, 0.020520298218985107, 0.015067850498505257], [-0.026594454944021427, 0.015067850498505257, 0.0428315225831868]], "chi2_level": 0.99, "chi2_df": 3, "chi2_threshold": 11.344866730144373, "N_raw": 94, "N_roi": 94, "N_inlier": 92, "refit": true}
{"timestamp": "17:20:12.981480", "frame": 74, "mu": [0.5842108031216439, 3.041493101520084, 1.2773204655227324], "Sigma": [[0.018067913705617496, -0.013219759538022829, -0.02139877128991637], [-0.013219759538022829, 0.02665520806599077, 0.03377409918996227], [-0.02139877128991637, 0.03377409918996227, 0.048817769692350146]], "chi2_level": 0.99, "chi2_df": 3, "chi2_threshold": 11.344866730144373, "N_raw": 84, "N_roi": 84, "N_inlier": 80, "refit": true}
{"timestamp": "17:20:13.037586", "frame": 75, "mu": [0.5149996619355515, 3.03512296305429, -0.4281444149584805], "Sigma": [[0.01949442535192335, -0.005661664726930545, 0.02048404184751834], [-0.005661664726930545, 0.016566544396248994, 0.01475140873476964], [0.02048404184751834, 0.014751408734769638, 0.10748223552973107]], "chi2_level": 0.99, "chi2_df": 3, "chi2_threshold": 11.344866730144373, "N_raw": 90, "N_roi": 90, "N_inlier": 86, "refit": true}
{"timestamp": "17:20:13.089590", "frame": 76, "mu": [0.40158020786137727, 2.8400947101413205, 1.0232872190981819], "Sigma": [[0.012233554382723109, -0.003305905294099404, -0.006193539374001863], [-0.0033059052940994046, 0.023526443511641647, 0.03831233768186566], [-0.006193539374001862, 0.03831233768186566, 0.07927022034682885]], "chi2_level": 0.99, "chi2_df": 3, "chi2_threshold": 11.344866730144373, "N_raw": 69, "N_roi": 69, "N_inlier": 65, "refit": true}
{"timestamp": "17:20:13.138238", "frame": 77, "mu": [0.36858432813571856, 3.1401977588973207, 1.319672575733852], "Sigma": [[0.007686169912245927, -0.0036251063289213714, -0.007723701508648485], [-0.0036251063289213714, 0.00504585891604281, 0.0022017982387157963], [-0.007723701508648485, 0.0022017982387157963, 0.02892596317212822]], "chi2_level": 0.99, "chi2_df": 3, "chi2_threshold": 11.344866730144373, "N_raw": 26, "N_roi": 25, "N_inlier": 22, "refit": true}
{"timestamp": "17:20:13.200527", "frame": 78, "mu": [0.3904306511454244, 3.0477172436041537, 1.3540180920676685], "Sigma": [[0.016895905810848023, -0.0011888964710898126, -0.01258495462498937], [-0.0011888964710898122, 0.006307279856858768, -0.0007687805265967652], [-0.01258495462498937, -0.0007687805265967655, 0.01894683959614544]], "chi2_level": 0.99, "chi2_df": 3, "chi2_threshold": 11.344866730144373, "N_raw": 77, "N_roi": 72, "N_inlier": 68, "refit": true}
{"timestamp": "17:20:13.252430", "frame": 79, "mu": [0.3588600542407725, 3.0066961995561727, 1.3479852889454191], "Sigma": [[0.011367188258508952, -0.002620517460657062, -0.017563031815311672], [-0.002620517460657062, 0.0060584212572855605, 0.005784771381122978], [-0.017563031815311672, 0.005784771381122978, 0.05800851814836197]], "chi2_level": 0.99, "chi2_df": 3, "chi2_threshold": 11.344866730144373, "N_raw": 58, "N_roi": 57, "N_inlier": 54, "refit": true}
{"timestamp": "17:20:13.313710", "frame": 80, "mu": [0.2797125684140601, 2.9766074801641906, 0.12399170953148053], "Sigma": [[0.019989307457784777, 0.0008170121524562175, -0.0006447578263211935], [0.0008170121524562173, 0.008125173625265391, 0.014115505452815633], [-0.0006447578263211937, 0.014115505452815633, 0.044948646176520904]], "chi2_level": 0.99, "chi2_df": 3, "chi2_threshold": 11.344866730144373, "N_raw": 101, "N_roi": 100, "N_inlier": 94, "refit": true}
{"timestamp": "17:20:13.367602", "frame": 81, "mu": [0.25353980289433464, 2.9524520677277017, 1.4411705509626722], "Sigma": [[0.019047661871272818, -0.002322934535419893, -0.008718829975957828], [-0.0023229345354198938, 0.011127120555403436, 0.009648076653201379], [-0.00871882997595783, 0.009648076653201379, 0.016404897597688504]], "chi2_level": 0.99, "chi2_df": 3, "chi2_threshold": 11.344866730144373, "N_raw": 83, "N_roi": 81, "N_inlier": 79, "refit": true}
{"timestamp": "17:20:13.418938", "frame": 82, "mu": [0.22657374134428349, 2.9575408591942796, 1.4965156758847908], "Sigma": [[0.01582274234094921, -0.004466304701914965, -0.014696246481264776], [-0.004466304701914965, 0.006511621088812318, 0.0008631905105078613], [-0.014696246481264776, 0.0008631905105078613, 0.019352820558201294]], "chi2_level": 0.99, "chi2_df": 3, "chi2_threshold": 11.344866730144373, "N_raw": 71, "N_roi": 69, "N_inlier": 65, "refit": true}
{"timestamp": "17:20:13.475645", "frame": 83, "mu": [0.22324544862285153, 2.8752350506509794, 1.1053502259678678], "Sigma": [[0.017134230912315265, -0.0012504788053431257, 0.003498609639633222], [-0.0012504788053431257, 0.0009186767258723907, -0.004032854653970089], [0.003498609639633223, -0.004032854653970089, 0.06316012034402016]], "chi2_level": 0.99, "chi2_df": 3, "chi2_threshold": 11.344866730144373, "N_raw": 82, "N_roi": 80, "N_inlier": 76, "refit": true}
{"timestamp": "17:20:13.528273", "frame": 84, "mu": [0.21851464802752638, 2.9125229643762554, 1.3528395337404533], "Sigma": [[0.014723310478184445, -0.003202845501704603, -0.021218544007155726], [-0.003202845501704603, 0.002526416355722751, 0.001067425516026049], [-0.021218544007155726, 0.0010674255160260495, 0.07523693040227321]], "chi2_level": 0.99, "chi2_df": 3, "chi2_threshold": 11.344866730144373, "N_raw": 62, "N_roi": 61, "N_inlier": 57, "refit": true}
{"timestamp": "17:20:13.590287", "frame": 85, "mu": [0.19100734278287407, 2.8459008431677635, 1.006796833204878], "Sigma": [[0.024457151007793717, -0.010351877981292876, -0.07456985678712487], [-0.010351877981292876, 0.008342251950885919, 0.03876472314964006], [-0.07456985678712487, 0.038764723149640065, 0.4670426321881123]], "chi2_level": 0.99, "chi2_df": 3, "chi2_threshold": 11.344866730144373, "N_raw": 108, "N_roi": 105, "N_inlier": 103, "refit": true}
{"timestamp": "17:20:13.644365", "frame": 86, "mu": [0.045496783460889444, 2.889887260772078, 1.2102730412493568], "Sigma": [[0.023826074821290795, -0.008189336042857813, 0.011039478990253917], [-0.008189336042857813, 0.005936857120713204, -0.011408646175521876], [0.011039478990253915, -0.011408646175521876, 0.041727729085115316]], "chi2_level": 0.99, "chi2_df": 3, "chi2_threshold": 11.344866730144373, "N_raw": 95, "N_roi": 95, "N_inlier": 95, "refit": true}
{"timestamp": "17:20:13.700202", "frame": 87, "mu": [0.012120236376333424, 2.8467513238896016, 1.2353577272352425], "Sigma": [[0.02358831091006242, -0.005385727282089399, 0.01572497942782601], [-0.0053857272820893995, 0.004653270283735995, -0.01329766385539455], [0.01572497942782601, -0.013297663855394548, 0.050744075730777646]], "chi2_level": 0.99, "chi2_df": 3, "chi2_threshold": 11.344866730144373, "N_raw": 101, "N_roi": 101, "N_inlier": 97, "refit": true}
{"timestamp": "17:20:13.754433", "frame": 88, "mu": [-0.03803304827842805, 2.7982242753063624, 1.1904805086550592], "Sigma": [[0.0322593656876555, -0.006416545993029507, 0.01959247122616058], [-0.006416545993029507, 0.003351224469642095, -0.007699664856549901], [0.01959247122616058, -0.007699664856549901, 0.0676498234221569]], "chi2_level": 0.99, "chi2_df": 3, "chi2_threshold": 11.344866730144373, "N_raw": 99, "N_roi": 99, "N_inlier": 97, "refit": true}
{"timestamp": "17:20:13.804439", "frame": 89, "mu": [-0.007125236979723339, 2.779981315811259, 1.3825799214437091], "Sigma": [[0.020646609806491762, -0.00822402413338704, 0.01586302294541914], [-0.008224024133387041, 0.00626881776329001, -0.013481619344029248], [0.01586302294541914, -0.013481619344029248, 0.05545310853129193]], "chi2_level": 0.99, "chi2_df": 3, "chi2_threshold": 11.344866730144373, "N_raw": 68, "N_roi": 68, "N_inlier": 65, "refit": true}
{"timestamp": "17:20:13.858390", "frame": 90, "mu": [-0.00039943095816730493, 2.6910364925269734, 1.20001284939628], "Sigma": [[0.013499955008806323, -0.003115825255460038, -0.0033017244355033684], [-0.003115825255460038, 0.008394776556258943, -0.019234442136043646], [-0.0033017244355033684, -0.019234442136043646, 0.14198773598859069]], "chi2_level": 0.99, "chi2_df": 3, "chi2_threshold": 11.344866730144373, "N_raw": 62, "N_roi": 62, "N_inlier": 61, "refit": true}
{"timestamp": "17:20:13.916646", "frame": 91, "mu": [0.008429800509494705, 2.636028408519273, 1.086453096221694], "Sigma": [[0.015748811764217753, -0.0021765453230400866, 0.003416148511250219], [-0.0021765453230400866, 0.004153206898417856, -0.006547605402261644], [0.0034161485112502187, -0.006547605402261643, 0.02344126018851496]], "chi2_level": 0.99, "chi2_df": 3, "chi2_threshold": 11.344866730144373, "N_raw": 90, "N_roi": 87, "N_inlier": 84, "refit": true}
{"timestamp": "17:20:13.971163", "frame": 92, "mu": [-0.005664855717130605, 2.5992520587983035, 1.171606994073042], "Sigma": [[0.015744587355451423, -3.712257779142522e-05, 0.017034032331911204], [-3.7122577791425275e-05, 0.003671863474587176, 0.0075179164290632965], [0.017034032331911204, 0.0075179164290632965, 0.24579416053831973]], "chi2_level": 0.99, "chi2_df": 3, "chi2_threshold": 11.344866730144373, "N_raw": 79, "N_roi": 79, "N_inlier": 76, "refit": true}
{"timestamp": "17:20:14.020548", "frame": 93, "mu": [-0.22720692807908666, 2.6261646068210793, 0.5494515641170518], "Sigma": [[0.014014232103879467, -0.007371616955342354, -0.01023966091006807], [-0.007371616955342354, 0.015823951733806633, 0.06830357913037499], [-0.010239660910068069, 0.06830357913037499, 0.43174587029788974]], "chi2_level": 0.99, "chi2_df": 3, "chi2_threshold": 11.344866730144373, "N_raw": 38, "N_roi": 38, "N_inlier": 37, "refit": true}
{"timestamp": "17:20:14.089007", "frame": 94, "mu": [-0.16326770641677507, 2.763195475779292, -0.3136738684325894], "Sigma": [[0.03972013231632683, -0.016701871054742023, 0.0005904461263014004], [-0.01670187105474202, 0.026315797063717433, -0.06368496051692198], [0.0005904461263014048, -0.06368496051692198, 0.25155757330309064]], "chi2_level": 0.99, "chi2_df": 3, "chi2_threshold": 11.344866730144373, "N_raw": 131, "N_roi": 131, "N_inlier": 131, "refit": true}
{"timestamp": "17:20:14.142858", "frame": 95, "mu": [-0.16002358496824476, 2.5534589654565023, 1.0136491761503998], "Sigma": [[0.028101849124444505, -0.016065429130747384, 0.02182880298705373], [-0.016065429130747384, 0.013135647307009838, -0.011915936570245991], [0.02182880298705373, -0.011915936570245991, 0.2643894728914949]], "chi2_level": 0.99, "chi2_df": 3, "chi2_threshold": 11.344866730144373, "N_raw": 123, "N_roi": 123, "N_inlier": 123, "refit": true}
{"timestamp": "17:20:14.189247", "frame": 96, "mu": [-0.04773652164161601, 2.3924261525842008, 1.3161617550370779], "Sigma": [[0.01112380093403985, -0.004259405298709633, -0.01369141026838437], [-0.004259405298709633, 0.008484565283562505, 0.00831005205026852], [-0.01369141026838437, 0.008310052050268522, 0.022537438920517846]], "chi2_level": 0.99, "chi2_df": 3, "chi2_threshold": 11.344866730144373, "N_raw": 67, "N_roi": 67, "N_inlier": 61, "refit": true}
{"timestamp": "17:20:14.243774", "frame": 97, "mu": [-0.05501848091404281, 2.3881488505359565, -0.3725112931145479], "Sigma": [[0.012538534810120941, 0.004941372183383219, 0.025285552434309487], [0.004941372183383219, 0.007784492382711635, 0.012430163615471966], [0.025285552434309487, 0.012430163615471963, 0.07469793738269356]], "chi2_level": 0.99, "chi2_df": 3, "chi2_threshold": 11.344866730144373, "N_raw": 69, "N_roi": 69, "N_inlier": 66, "refit": true}
{"timestamp": "17:20:14.305010", "frame": 98, "mu": [-0.15232905526680335, 2.3427991690904255, 1.1907227982171587], "Sigma": [[0.017566410824769785, -0.00681332805853279, 0.024408672086615728], [-0.006813328058532791, 0.014134256703428221, -0.024523807460519517], [0.024408672086615728, -0.024523807460519517, 0.08589446337644291]], "chi2_level": 0.99, "chi2_df": 3, "chi2_threshold": 11.344866730144373, "N_raw": 103, "N_roi": 102, "N_inlier": 98, "refit": true}
{"timestamp": "17:20:14.356243", "frame": 99, "mu": [-0.17578187656631536, 2.280960347296223, 1.285978205171346], "Sigma": [[0.011314309093584328, -0.0013902018738549734, -0.003926455108194343], [-0.0013902018738549734, 0.007722222744648354, -0.001371033621540855], [-0.003926455108194343, -0.001371033621540855, 0.002247877624608586]], "chi2_level": 0.99, "chi2_df": 3, "chi2_threshold": 11.344866730144373, "N_raw": 84, "N_roi": 83, "N_inlier": 77, "refit": true}
{"timestamp": "17:20:14.516369", "frame": 100, "mu": [-0.18657223750309254, 2.2377294386655233, 1.2536220252861898], "Sigma": [[0.012189916313630025, 0.0008959540895352217, -0.002107228687479664], [0.0008959540895352218, 0.004420530189214912, -0.0021134817821861565], [-0.0021072286874796635, -0.002113481782186157, 0.0016669383202176566]], "chi2_level": 0.99, "chi2_df": 3, "chi2_threshold": 11.344866730144373, "N_raw": 69, "N_roi": 69, "N_inlier": 64, "refit": true}
