{"timestamp": "17:17:52.202694", "frame": 21, "mu": [-2.455766504754744, 3.3282107359758695, 0.9668622539236091], "Sigma": [[0.0011815744342089337, 0.0011328051034488816, -0.000986798483146718], [0.0011328051034488816, 0.010170087380027363, 0.0023782993365304783], [-0.000986798483146718, 0.0023782993365304783, 0.0028231694889012367]], "chi2_level": 0.99, "chi2_df": 3, "chi2_threshold": 11.344866730144373, "N_raw": 53, "N_roi": 9, "N_inlier": 9, "refit": true}
{"timestamp": "17:17:52.363059", "frame": 24, "mu": [-2.4267921875115372, 3.2786146929158115, 1.0734845732670162], "Sigma": [[0.0034588958221907166, 0.0024858524293308003, -0.002573081806142483], [0.0024858524293308007, 0.0031693291494863697, -0.004296218342715454], [-0.002573081806142484, -0.004296218342715453, 0.00840110164013178]], "chi2_level": 0.99, "chi2_df": 3, "chi2_threshold": 11.344866730144373, "N_raw": 25, "N_roi": 11, "N_inlier": 11, "refit": true}
{"timestamp": "17:17:52.420411", "frame": 25, "mu": [-2.3650613800587914, 3.2449343217244424, 1.121257343335909], "Sigma": [[0.007113022228721161, 0.002635300726170082, -0.0031101798991747913], [0.002635300726170082, 0.004136538716293916, -0.006401029985507069], [-0.0031101798991747913, -0.006401029985507067, 0.014611736202914307]], "chi2_level": 0.99, "chi2_df": 3, "chi2_threshold": 11.344866730144373, "N_raw": 39, "N_roi": 24, "N_inlier": 24, "refit": true}
{"timestamp": "17:17:52.479400", "frame": 26, "mu": [-2.3753707423979034, 3.296112044935245, 0.06535165904679856], "Sigma": [[0.0055194319635393, 0.002258085265897941, -0.0015085192653881121], [0.002258085265897941, 0.008332849656424621, -0.0045179603643197225], [-0.0015085192653881128, -0.0045179603643197225, 0.004102685619335094]], "chi2_level": 0.99, "chi2_df": 3, "chi2_threshold": 11.344866730144373, "N_raw": 50, "N_roi": 25, "N_inlier": 24, "refit": true}
{"timestamp": "17:17:52.537153", "frame": 27, "mu": [-2.3237413302748915, 3.2305478320773, 1.1683148799196414], "Sigma": [[0.010599680860639468, 0.004373772665474014, -0.005094227064366391], [0.004373772665474014, 0.0066424323820697614, -0.007284981049508948], [-0.005094227064366391, -0.007284981049508949, 0.010229080103029827]], "chi2_level": 0.99, "chi2_df": 3, "chi2_threshold": 11.344866730144373, "N_raw": 68, "N_roi": 36, "N_inlier": 35, "refit": true}
{"timestamp": "17:17:52.591300", "frame": 28, "mu": [-2.282584759774528, 3.217176251792121, 1.2246761740279573], "Sigma": [[0.014586954465091668, 0.008157684215507369, -0.00953267162188573], [0.00815768421550737, 0.010889873083613959, -0.010838713674067727], [-0.00953267162188573, -0.010838713674067725, 0.012498835955320716]], "chi2_level": 0.99, "chi2_df": 3, "chi2_threshold": 11.344866730144373, "N_raw": 57, "N_roi": 43, "N_inlier": 43, "refit": true}
{"timestamp": "17:17:52.645692", "frame": 29, "mu": [-2.258727885351536, 3.1800214126443054, 1.2228228825967786], "Sigma": [[0.017644191448552365, 0.009969425777882863, -0.010150050703112241], [0.009969425777882863, 0.009233099293647757, -0.01037648926044845], [-0.010150050703112241, -0.01037648926044845, 0.01393453298112595]], "chi2_level": 0.99, "chi2_df": 3, "chi2_threshold": 11.344866730144373, "N_raw": 56, "N_roi": 38, "N_inlier": 38, "refit": true}
{"timestamp": "17:17:52.696303", "frame": 30, "mu": [-2.2606627807617, 3.13803284000474, 1.293495127212283], "Sigma": [[0.011363011932570909, 0.007793263722236736, -0.011012670626438558], [0.007793263722236736, 0.008229843689064062, -0.013708351203131483], [-0.01101267062643856, -0.013708351203131483, 0.025318214412951144]], "chi2_level": 0.99, "chi2_df": 3, "chi2_threshold": 11.344866730144373, "N_raw": 25, "N_roi": 14, "N_inlier": 14, "refit": true}
{"timestamp": "17:17:52.810201", "frame": 32, "mu": [-2.1423605738857847, 3.198561147671307, 0.1383569226027662], "Sigma": [[0.024160983363089483, 0.015046062969846676, -0.01511796072483891], [0.015046062969846676, 0.013983896434176237, -0.01091274235169749], [-0.01511796072483891, -0.01091274235169749, 0.011005636971616375]], "chi2_level": 0.99, "chi2_df": 3, "chi2_threshold": 11.344866730144373, "N_raw": 55, "N_roi": 44, "N_inlier": 44, "refit": true}
{"timestamp": "17:17:52.864112", "frame": 33, "mu": [-2.0083572720250835, 3.2046258719912815, 1.3309934803958297], "Sigma": [[0.02340117818520647, 0.01608060396663003, -0.01220473117245557], [0.01608060396663003, 0.01409789664988542, -0.009653475737827048], [-0.01220473117245557, -0.009653475737827048, 0.008128661212054423]], "chi2_level": 0.99, "chi2_df": 3, "chi2_threshold": 11.344866730144373, "N_raw": 43, "N_roi": 37, "N_inlier": 36, "refit": true}
{"timestamp": "17:17:52.922464", "frame": 34, "mu": [-2.076340706103703, 3.0792398144913617, 1.2477573166273284], "Sigma": [[0.025192398668105482, 0.011280163782326047, -0.013865208181879873], [0.011280163782326047, 0.011634357159227473, -0.014983802906797463], [-0.013865208181879873, -0.014983802906797464, 0.02190127734750791]], "chi2_level": 0.99, "chi2_df": 3, "chi2_threshold": 11.344866730144373, "N_raw": 73, "N_roi": 73, "N_inlier": 73, "refit": true}
{"timestamp": "17:17:52.978617", "frame": 35, "mu": [-1.9881277474451167, 3.11048942634324, 1.1741240250458034], "Sigma": [[0.024193096025334124, 0.017582886634148323, -0.006559984398142526], [0.017582886634148323, 0.018661332932476668, -0.010397705057015334], [-0.006559984398142526, -0.010397705057015334, 0.024928270607605423]], "chi2_level": 0.99, "chi2_df": 3, "chi2_threshold": 11.344866730144373, "N_raw": 72, "N_roi": 70, "N_inlier": 68, "refit": true}
{"timestamp": "17:17:53.028567", "frame": 36, "mu": [-1.9548731266419563, 3.0789229278889434, 1.285802940570467], "Sigma": [[0.015133645097985584, 0.007631245883598665, -0.008545187264589593], [0.007631245883598665, 0.006999238292981232, -0.006826804808861414], [-0.008545187264589593, -0.006826804808861414, 0.008678953686531385]], "chi2_level": 0.99, "chi2_df": 3, "chi2_threshold": 11.344866730144373, "N_raw": 40, "N_roi": 38, "N_inlier": 37, "refit": true}
{"timestamp": "17:17:53.086901", "frame": 37, "mu": [-1.988291242127135, 2.9559339825956177, 1.2137353545304623], "Sigma": [[0.02146718734707656, 0.00842466606713816, -0.010613669335860103], [0.00842466606713816, 0.010134882927497464, -0.008885774003279561], [-0.010613669335860103, -0.008885774003279561, 0.009639326775314754]], "chi2_level": 0.99, "chi2_df": 3, "chi2_threshold": 11.344866730144373, "N_raw": 63, "N_roi": 63, "N_inlier": 62, "refit": true}
{"timestamp": "17:17:53.142468", "frame": 38, "mu": [-1.8970694945767497, 2.9021896512844996, 1.1463912926785338], "Sigma": [[0.01689212947302866, 0.010472028099668273, -0.007450964875383958], [0.010472028099668275, 0.013706338320662528, -0.0048787015258441625], [-0.007450964875383958, -0.0048787015258441625, 0.004083239714929745]], "chi2_level": 0.99, "chi2_df": 3, "chi2_threshold": 11.344866730144373, "N_raw": 54, "N_roi": 51, "N_inlier": 50, "refit": true}
{"timestamp": "17:17:53.189571", "frame": 39, "mu": [-1.8847832585532978, 2.931343334379861, 1.2394533372863994], "Sigma": [[0.005436235732949082, 0.00380239118923136, -0.00635417083251621], [0.0038023911892313606, 0.00639286009780846, -0.012057342495368413], [-0.006354170832516209, -0.012057342495368412, 0.02714898202829156]], "chi2_level": 0.99, "chi2_df": 3, "chi2_threshold": 11.344866730144373, "N_raw": 19, "N_roi": 19, "N_inlier": 19, "refit": true}
{"timestamp": "17:17:53.251464", "frame": 40, "mu": [-1.9007311227374113, 2.8723443458768823, 1.2973672784812431], "Sigma": [[0.019109867542171702, 0.009835429977455712, -0.0058647828152429485], [0.009835429977455712, 0.01309430773460392, -0.010617832140966378], [-0.0058647828152429485, -0.010617832140966378, 0.010618244339649746]], "chi2_level": 0.99, "chi2_df": 3, "chi2_threshold": 11.344866730144373, "N_raw": 68, "N_roi": 68, "N_inlier": 67, "refit": true}
{"timestamp": "17:17:53.307129", "frame": 41, "mu": [-1.8817526839424346, 2.841663192070831, 1.212944064229257], "Sigma": [[0.014253147320562194, 0.011414654190735096, -0.012234257376779575], [0.011414654190735096, 0.019783340538618965, -0.018625164752112164], [-0.012234257376779576, -0.018625164752112164, 0.01965091413817121]], "chi2_level": 0.99, "chi2_df": 3, "chi2_threshold": 11.344866730144373, "N_raw": 67, "N_roi": 67, "N_inlier": 67, "refit": true}
{"timestamp": "17:17:53.362195", "frame": 42, "mu": [-1.8537875167110534, 2.8113236752727597, 1.318092353616208], "Sigma": [[0.016543288536405774, 0.01182811615056877, -0.01254177116342131], [0.01182811615056877, 0.0270817953863603, -0.019571079221274996], [-0.012541771163421311, -0.019571079221274996, 0.01898786717198525]], "chi2_level": 0.99, "chi2_df": 3, "chi2_threshold": 11.344866730144373, "N_raw": 60, "N_roi": 59, "N_inlier": 57, "refit": true}
{"timestamp": "17:17:53.422993", "frame": 43, "mu": [-1.7235509316422182, 2.816829458499279, 1.128525037674216], "Sigma": [[0.022571968648012822, 0.006662090230088211, -0.030542331755193535], [0.006662090230088211, 0.03165317395535932, -0.01372127611974427], [-0.03054233175519354, -0.01372127611974427, 0.06330767908933876]], "chi2_level": 0.99, "chi2_df": 3, "chi2_threshold": 11.344866730144373, "N_raw": 104, "N_roi": 104, "N_inlier": 101, "refit": true}
{"timestamp": "17:17:53.477463", "frame": 44, "mu": [-1.7059316691718585, 2.780836384629769, -0.1280586516780362], "Sigma": [[0.017388824626182294, 0.009328366112414202, 0.05864900193683767], [0.009328366112414204, 0.02949696473247898, 0.07586904572415915], [0.05864900193683767, 0.07586904572415915, 0.5699343869927325]], "chi2_level": 0.99, "chi2_df": 3, "chi2_threshold": 11.344866730144373, "N_raw": 98, "N_roi": 96, "N_inlier": 96, "refit": true}
{"timestamp": "17:17:53.530112", "frame": 45, "mu": [-1.7150036009608554, 2.8192238457635774, -0.469995265055715], "Sigma": [[0.016254907807548173, 0.015701332751413357, 0.051209503220381716], [0.015701332751413357, 0.05359855280738299, 0.07249158814358647], [0.051209503220381716, 0.07249158814358647, 0.3844278996138772]], "chi2_level": 0.99, "chi2_df": 3, "chi2_threshold": 11.344866730144373, "N_raw": 83, "N_roi": 82, "N_inlier": 81, "refit": true}
{"timestamp": "17:17:53.584764", "frame": 46, "mu": [-1.6581091399069576, 2.7809605744119703, 1.229249739947266], "Sigma": [[0.015638483297007046, 0.011995484293229896, -0.016167531263519944], [0.011995484293229894, 0.027654201457476654, -0.026357549912014173], [-0.016167531263519948, -0.026357549912014173, 0.03495011739887713]], "chi2_level": 0.99, "chi2_df": 3, "chi2_threshold": 11.344866730144373, "N_raw": 71, "N_roi": 67, "N_inlier": 65, "refit": true}
{"timestamp": "17:17:53.634325", "frame": 47, "mu": [-1.6146307125441959, 2.6770956722710095, 1.1380917841192917], "Sigma": [[0.00970126081458085, 0.0030811707115718646, -0.01758522282667692], [0.0030811707115718646, 0.0026926764790956284, -0.010327022799112483], [-0.01758522282667692, -0.010327022799112483, 0.057614006142801995]], "chi2_level": 0.99, "chi2_df": 3, "chi2_threshold": 11.344866730144373, "N_raw": 46, "N_roi": 46, "N_inlier": 43, "refit": true}
{"timestamp": "17:17:53.696873", "frame": 48, "mu": [-1.524031962200319, 2.678238270898189, 1.114197897508206], "Sigma": [[0.01834729316861117, 0.011628591078131696, -0.03243594868748998], [0.011628591078131696, 0.017419838483050065, -0.036980765138737104], [-0.032435948687489974, -0.036980765138737104, 0.14966375721764993]], "chi2_level": 0.99, "chi2_df": 3, "chi2_threshold": 11.344866730144373, "N_raw": 97, "N_roi": 97, "N_inlier": 95, "refit": true}
{"timestamp": "17:17:53.751267", "frame": 49, "mu": [-1.442165483811789, 2.7235196659265695, -0.42377926109619357], "Sigma": [[0.016695283157397392, 0.014411973839846656, 0.023564317611552567], [0.014411973839846656, 0.026581461986240146, 0.022086595166118883], [0.023564317611552567, 0.022086595166118883, 0.0731641421405545]], "chi2_level": 0.99, "chi2_df": 3, "chi2_threshold": 11.344866730144373, "N_raw": 84, "N_roi": 82, "N_inlier": 81, "refit": true}
{"timestamp": "17:17:53.805612", "frame": 50, "mu": [-1.518712261755917, 2.5300360056158917, 1.354701275942766], "Sigma": [[0.01850820289585766, 0.009917436136664477, -0.0065842450733655175], [0.009917436136664475, 0.012032608286963396, -0.008717037104082266], [-0.0065842450733655175, -0.008717037104082268, 0.013672465696474291]], "chi2_level": 0.99, "chi2_df": 3, "chi2_threshold": 11.344866730144373, "N_raw": 80, "N_roi": 79, "N_inlier": 75, "refit": true}
{"timestamp": "17:17:53.860160", "frame": 51, "mu": [-1.4319890341770813, 2.644071174389077, -0.04306607547233088], "Sigma": [[0.015187905575116782, 0.003859214035399239, 0.03604018707060719], [0.003859214035399239, 0.01557800075017734, -0.001985288713495831], [0.03604018707060719, -0.001985288713495831, 0.19493481717803002]], "chi2_level": 0.99, "chi2_df": 3, "chi2_threshold": 11.344866730144373, "N_raw": 84, "N_roi": 84, "N_inlier": 81, "refit": true}
{"timestamp": "17:17:53.913404", "frame": 52, "mu": [-1.3930970193204, 2.553493322521067, 1.2699667497318363], "Sigma": [[0.01895963128104808, 0.005958882829013219, -0.010483507232003933], [0.005958882829013219, 0.005820125267818781, -0.007627141403332142], [-0.010483507232003933, -0.0076271414033321425, 0.012188015512415109]], "chi2_level": 0.99, "chi2_df": 3, "chi2_threshold": 11.344866730144373, "N_raw": 69, "N_roi": 68, "N_inlier": 64, "refit": true}
{"timestamp": "17:17:53.965502", "frame": 53, "mu": [-1.326927521812731, 2.5418763743422583, 1.2321653036791522], "Sigma": [[0.013979657366895363, 0.006160257166812655, -0.013840074420765158], [0.006160257166812655, 0.0049260447650100216, -0.010211477118516643], [-0.013840074420765156, -0.010211477118516643, 0.024640324064798755]], "chi2_level": 0.99, "chi2_df": 3, "chi2_threshold": 11.344866730144373, "N_raw": 45, "N_roi": 45, "N_inlier": 41, "refit": true}
{"timestamp": "17:17:54.022883", "frame": 54, "mu": [-1.3381217042141502, 2.5146035429170746, -0.5463921852892638], "Sigma": [[0.017129171185964343, 0.011460521905642031, 0.018163131694129656], [0.011460521905642031, 0.01806454266709273, 0.018574789576788743], [0.018163131694129656, 0.018574789576788743, 0.05701985808757397]], "chi2_level": 0.99, "chi2_df": 3, "chi2_threshold": 11.344866730144373, "N_raw": 71, "N_roi": 71, "N_inlier": 68, "refit": true}
{"timestamp": "17:17:54.076883", "frame": 55, "mu": [-1.216740952633645, 2.610994218572148, -0.24066444225365555], "Sigma": [[0.05177229365411264, 0.029871131633520728, -0.05323834944884445], [0.029871131633520728, 0.024010156384598733, -0.04015425011086682], [-0.05323834944884445, -0.04015425011086682, 0.06988291604576856]], "chi2_level": 0.99, "chi2_df": 3, "chi2_threshold": 11.344866730144373, "N_raw": 59, "N_roi": 59, "N_inlier": 55, "refit": true}
{"timestamp": "17:17:54.135351", "frame": 56, "mu": [-1.224095825860309, 2.4348041434466436, 1.4555431234946161], "Sigma": [[0.020967232071711653, 0.004117628402002714, -0.002095916515441134], [0.004117628402002714, 0.00490593881575632, -0.007137610226977864], [-0.002095916515441134, -0.007137610226977864, 0.03319550872205225]], "chi2_level": 0.99, "chi2_df": 3, "chi2_threshold": 11.344866730144373, "N_raw": 85, "N_roi": 85, "N_inlier": 81, "refit": true}
{"timestamp": "17:17:54.190897", "frame": 57, "mu": [-1.1533312929739044, 2.3993681831405547, 1.4284253813567558], "Sigma": [[0.027065897041631856, 0.00919516534550481, -0.02218349070321641], [0.00919516534550481, 0.007942081953878211, -0.01622609043203786], [-0.02218349070321641, -0.016226090432037855, 0.059799466164644655]], "chi2_level": 0.99, "chi2_df": 3, "chi2_threshold": 11.344866730144373, "N_raw": 81, "N_roi": 81, "N_inlier": 80, "refit": true}
{"timestamp": "17:17:54.242930", "frame": 58, "mu": [-1.0640734068549755, 2.3650217565839933, 1.5241373745050832], "Sigma": [[0.012601063822680166, 0.005713044683173359, -0.0038281981768598337], [0.005713044683173357, 0.008694137662853093, -0.003600785591186217], [-0.003828198176859834, -0.0036007855911862167, 0.024366541475193813]], "chi2_level": 0.99, "chi2_df": 3, "chi2_threshold": 11.344866730144373, "N_raw": 65, "N_roi": 65, "N_inlier": 63, "refit": true}
{"timestamp": "17:17:54.298934", "frame": 59, "mu": [-1.1370967056227554, 2.2904385379502767, 1.3951889792701018], "Sigma": [[0.015978433699703937, 0.002410413496017499, -0.009009962056830025], [0.002410413496017499, 0.0031179853849913697, -0.008328139170822774], [-0.009009962056830025, -0.008328139170822774, 0.02910202468382315]], "chi2_level": 0.99, "chi2_df": 3, "chi2_threshold": 11.344866730144373, "N_raw": 73, "N_roi": 72, "N_inlier": 70, "refit": true}
{"timestamp": "17:17:54.357380", "frame": 60, "mu": [-0.9894835516861572, 2.314671410000122, 1.1551604593135774], "Sigma": [[0.025908527829238862, 0.012086425956495919, -0.024902555193644288], [0.01208642595649592, 0.00891753225542111, -0.01653440820147708], [-0.024902555193644288, -0.016534408201477082, 0.03606245798169051]], "chi2_level": 0.99, "chi2_df": 3, "chi2_threshold": 11.344866730144373, "N_raw": 92, "N_roi": 92, "N_inlier": 89, "refit": true}
{"timestamp": "17:17:54.408670", "frame": 61, "mu": [-0.8357601007595727, 2.386157688931316, 1.0457044474629615], "Sigma": [[0.028933808054095025, 0.015218636807274404, -0.021011981953917586], [0.015218636807274403, 0.012817137439506996, -0.017340473016181447], [-0.021011981953917586, -0.017340473016181447, 0.02701403248289283]], "chi2_level": 0.99, "chi2_df": 3, "chi2_threshold": 11.344866730144373, "N_raw": 70, "N_roi": 70, "N_inlier": 67, "refit": true}
{"timestamp": "17:17:54.462847", "frame": 62, "mu": [-0.9614605288100826, 2.3099482992677722, 1.0740729201960177], "Sigma": [[0.018951030285572056, 0.012631295910070036, -0.013086653337819092], [0.012631295910070036, 0.011313591939938574, -0.012713379469714294], [-0.013086653337819092, -0.012713379469714296, 0.020358520553693957]], "chi2_level": 0.99, "chi2_df": 3, "chi2_threshold": 11.344866730144373, "N_raw": 69, "N_roi": 69, "N_inlier": 63, "refit": true}
{"timestamp": "17:17:54.526993", "frame": 63, "mu": [-0.965910702373043, 2.2385915315536455, 1.2101339034372895], "Sigma": [[0.019601191464980253, 0.012293394660650611, -0.015541368263141533], [0.01229339466065061, 0.012163052334441028, -0.02348347354884412], [-0.015541368263141533, -0.02348347354884412, 0.06766400493065748]], "chi2_level": 0.99, "chi2_df": 3, "chi2_threshold": 11.344866730144373, "N_raw": 121, "N_roi": 121, "N_inlier": 115, "refit": true}
{"timestamp": "17:17:54.579809", "frame": 64, "mu": [-0.8695334803508667, 2.242113175658728, 1.223967277550575], "Sigma": [[0.01912362316353157, 0.014272975583745223, -0.01965207299026596], [0.014272975583745226, 0.01768334766759754, -0.025290811354301498], [-0.01965207299026596, -0.0252908113543015, 0.04726083893431461]], "chi2_level": 0.99, "chi2_df": 3, "chi2_threshold": 11.344866730144373, "N_raw": 105, "N_roi": 105, "N_inlier": 100, "refit": true}
{"timestamp": "17:17:54.633921", "frame": 65, "mu": [-0.8758243928863926, 2.1632792332732262, 1.2906097748863115], "Sigma": [[0.016468659435455796, 0.011361546577250163, -0.009590472477391091], [0.011361546577250163, 0.01595165368095111, -0.018755337164403377], [-0.009590472477391091, -0.018755337164403377, 0.03444801729723706]], "chi2_level": 0.99, "chi2_df": 3, "chi2_threshold": 11.344866730144373, "N_raw": 102, "N_roi": 102, "N_inlier": 98, "refit": true}
{"timestamp": "17:17:54.684283", "frame": 66, "mu": [-0.8404392802030906, 1.9437711032211038, 1.0154007271323455], "Sigma": [[0.011631564833820827, -0.003885704058351135, -0.029240127084606687], [-0.0038857040583511345, 0.008456947571268204, 0.007297302989405863], [-0.029240127084606687, 0.007297302989405863, 0.10574151392095676]], "chi2_level": 0.99, "chi2_df": 3, "chi2_threshold": 11.344866730144373, "N_raw": 74, "N_roi": 74, "N_inlier": 70, "refit": true}
{"timestamp": "17:17:54.746329", "frame": 67, "mu": [-0.813182367043235, 2.083222437442404, 0.09834779609891266], "Sigma": [[0.013637366844335688, 0.0005495517383630325, 0.04976002523276293], [0.0005495517383630323, 0.015957752080486484, 0.010364807806761292], [0.04976002523276293, 0.010364807806761293, 0.39869852318625854]], "chi2_level": 0.99, "chi2_df": 3, "chi2_threshold": 11.344866730144373, "N_raw": 124, "N_roi": 124, "N_inlier": 122, "refit": true}
{"timestamp": "17:17:54.802057", "frame": 68, "mu": [-0.7644611875968605, 1.9514651095147897, 1.1302992490538357], "Sigma": [[0.015212554850463597, -0.002998511318791649, -0.024114302913614646], [-0.002998511318791649, 0.015362853180601812, -0.002618990677922358], [-0.024114302913614646, -0.002618990677922358, 0.04896392402878297]], "chi2_level": 0.99, "chi2_df": 3, "chi2_threshold": 11.344866730144373, "N_raw": 127, "N_roi": 127, "N_inlier": 124, "refit": true}
{"timestamp": "17:17:54.848739", "frame": 69, "mu": [-0.7264179990603432, 1.942430695211739, 1.1196058036984682], "Sigma": [[0.010644585273167086, 0.00035203379709632587, -0.004976856187391152], [0.0003520337970963257, 0.007521650594884649, -0.0016879309628432032], [-0.004976856187391152, -0.001687930962843203, 0.0030790878599252164]], "chi2_level": 0.99, "chi2_df": 3, "chi2_threshold": 11.344866730144373, "N_raw": 73, "N_roi": 73, "N_inlier": 71, "refit": true}
{"timestamp": "17:17:54.908877", "frame": 70, "mu": [-0.6483927353338531, 1.912125561221468, 1.1054209781949416], "Sigma": [[0.015826071600769317, -0.0008402309415400818, -0.01725661276311443], [-0.000840230941540082, 0.01569839863581269, 0.005310396757161419], [-0.01725661276311443, 0.005310396757161419, 0.023347025241033346]], "chi2_level": 0.99, "chi2_df": 3, "chi2_threshold": 11.344866730144373, "N_raw": 109, "N_roi": 109, "N_inlier": 103, "refit": true}
{"timestamp": "17:17:54.959553", "frame": 71, "mu": [-0.6678465166741115, 1.9416199485349257, 1.2959093647069253], "Sigma": [[0.009862438957604544, 0.0005934345201076645, -0.01045105741555838], [0.0005934345201076644, 0.007130394335619725, -0.0044953558623484005], [-0.01045105741555838, -0.0044953558623484005, 0.016653142866678305]], "chi2_level": 0.99, "chi2_df": 3, "chi2_threshold": 11.344866730144373, "N_raw": 80, "N_roi": 80, "N_inlier": 76, "refit": true}
{"timestamp": "17:17:55.016316", "frame": 72, "mu": [-0.593175686723588, 1.9698051649204742, 1.190016661665031], "Sigma": [[0.00926349174877073, 0.002022353810050611, -0.009976857655432077], [0.002022353810050611, 0.0030285800941825163, -0.006409267233169822], [-0.009976857655432077, -0.006409267233169822, 0.036574441436748234]], "chi2_level": 0.99, "chi2_df": 3, "chi2_threshold": 11.344866730144373, "N_raw": 89, "N_roi": 88, "N_inlier": 82, "refit": true}
{"timestamp": "17:17:55.068461", "frame": 73, "mu": [-0.6123569675903272, 1.9976320849794307, 1.4130740658660697], "Sigma": [[0.010195558173444847, 0.0031086606226310882, 0.0006097923694227726], [0.0031086606226310887, 0.007353239887509146, 0.000538840052019031], [0.0006097923694227726, 0.000538840052019031, 0.0009238720310725982]], "chi2_level": 0.99, "chi2_df": 3, "chi2_threshold": 11.344866730144373, "N_raw": 73, "N_roi": 73, "N_inlier": 68, "refit": true}
{"timestamp": "17:17:55.128975", "frame": 74, "mu": [-0.5789483037439996, 2.050300315609778, -0.25633845817162415], "Sigma": [[0.01164945290808145, 0.0037028513770849996, 0.0023192948394300393], [0.0037028513770849996, 0.007208736177364548, -0.011873373432893606], [0.0023192948394300398, -0.01187337343289361, 0.037209725231868176]], "chi2_level": 0.99, "chi2_df": 3, "chi2_threshold": 11.344866730144373, "N_raw": 104, "N_roi": 104, "N_inlier": 98, "refit": true}
{"timestamp": "17:17:55.183815", "frame": 75, "mu": [-0.4408718918437199, 1.9596524857486326, 1.1439975671035822], "Sigma": [[0.034737551626397, 0.006750663838599267, -0.03128243463738104], [0.006750663838599265, 0.004859106725639853, -0.0026181834039585164], [-0.031282434637381035, -0.002618183403958516, 0.13388905791571185]], "chi2_level": 0.99, "chi2_df": 3, "chi2_threshold": 11.344866730144373, "N_raw": 103, "N_roi": 101, "N_inlier": 97, "refit": true}
{"timestamp": "17:17:55.237799", "frame": 76, "mu": [-0.30154863128765363, 1.9506996340414013, -0.3167556570469724], "Sigma": [[0.03866146770154942, 0.010537745005234278, 0.10562957553767229], [0.010537745005234276, 0.007463062414719629, 0.018145329074897167], [0.10562957553767229, 0.018145329074897167, 0.6400921062271407]], "chi2_level": 0.99, "chi2_df": 3, "chi2_threshold": 11.344866730144373, "N_raw": 96, "N_roi": 96, "N_inlier": 94, "refit": true}
{"timestamp": "17:17:55.289392", "frame": 77, "mu": [-0.44033034797143805, 1.8395888831805793, 0.9565233025254345], "Sigma": [[0.030972677052230578, 0.008519351488094275, 0.008784649150752982], [0.008519351488094275, 0.007959014715875358, 0.0045013983850591644], [0.008784649150752982, 0.0045013983850591644, 0.04707078471252935]], "chi2_level": 0.99, "chi2_df": 3, "chi2_threshold": 11.344866730144373, "N_raw": 73, "N_roi": 73, "N_inlier": 69, "refit": true}
{"timestamp": "17:17:55.343329", "frame": 78, "mu": [-0.380398022212679, 1.8110397216597935, 1.141181658723187], "Sigma": [[0.018860682694385067, 0.00710080190700557, 0.01560904722164397], [0.007100801907005569, 0.005641100476829774, -0.0005803323145884202], [0.015609047221643968, -0.00058033231458842, 0.13183357368506152]], "chi2_level": 0.99, "chi2_df": 3, "chi2_threshold": 11.344866730144373, "N_raw": 65, "N_roi": 65, "N_inlier": 63, "refit": true}
{"timestamp": "17:17:55.404314", "frame": 79, "mu": [-0.22501686424524744, 1.8142199325695065, 1.1562106051583874], "Sigma": [[0.05682969477269281, 0.008936726683278688, -0.02598870435212522], [0.008936726683278688, 0.004290366127888783, -0.00030128568410641414], [-0.02598870435212522, -0.0003012856841064143, 0.08777950507932568]], "chi2_level": 0.99, "chi2_df": 3, "chi2_threshold": 11.344866730144373, "N_raw": 114, "N_roi": 114, "N_inlier": 110, "refit": true}
{"timestamp": "17:17:55.452773", "frame": 80, "mu": [-0.18181499727204914, 1.771771004273496, 1.3239293888791497], "Sigma": [[0.021152893395720226, 0.004704496714498907, -0.03567350977733092], [0.004704496714498907, 0.004264016213151563, -0.006622786072989936], [-0.03567350977733092, -0.006622786072989936, 0.08471357430675436]], "chi2_level": 0.99, "chi2_df": 3, "chi2_threshold": 11.344866730144373, "N_raw": 61, "N_roi": 61, "N_inlier": 57, "refit": true}
{"timestamp": "17:17:55.520830", "frame": 81, "mu": [-0.22367687509796774, 1.9097495526140387, -0.3100703444178948], "Sigma": [[0.016594484131275934, 0.0030464370610618846, 0.02918713253778761], [0.0030464370610618855, 0.013850538574294153, -0.02232734193152076], [0.02918713253778761, -0.02232734193152076, 0.1612211745497895]], "chi2_level": 0.99, "chi2_df": 3, "chi2_threshold": 11.344866730144373, "N_raw": 146, "N_roi": 146, "N_inlier": 141, "refit": true}
{"timestamp": "17:17:55.574466", "frame": 82, "mu": [-0.1679035966642379, 1.7538419126335287, 1.1973805741862535], "Sigma": [[0.01707095669695027, 0.008046713104382007, -0.017568202300733426], [0.008046713104382007, 0.007813112588232458, -0.015070418758874242], [-0.017568202300733426, -0.015070418758874242, 0.04439132949193293]], "chi2_level": 0.99, "chi2_df": 3, "chi2_threshold": 11.344866730144373, "N_raw": 138, "N_roi": 137, "N_inlier": 132, "refit": true}
{"timestamp": "17:17:55.627235", "frame": 83, "mu": [-0.11798014481517057, 1.8220870315830535, -0.3036855700888935], "Sigma": [[0.019239338011020082, 0.01890373317863616, -0.002222994707530143], [0.01890373317863616, 0.02847017448848997, -0.013839054070210754], [-0.002222994707530143, -0.013839054070210754, 0.04754629586754578]], "chi2_level": 0.99, "chi2_df": 3, "chi2_threshold": 11.344866730144373, "N_raw": 120, "N_roi": 119, "N_inlier": 112, "refit": true}
{"timestamp": "17:17:55.691925", "frame": 84, "mu": [-0.22012994720277285, 1.6258669491996602, 1.291182249834033], "Sigma": [[0.010605172248559096, 0.0051304613907097035, 0.011472868901575398], [0.0051304613907097035, 0.007643440830188312, -0.001840044188414612], [0.011472868901575398, -0.001840044188414612, 0.08519380119033752]], "chi2_level": 0.99, "chi2_df": 3, "chi2_threshold": 11.344866730144373, "N_raw": 150, "N_roi": 150, "N_inlier": 145, "refit": true}
{"timestamp": "17:17:55.741374", "frame": 85, "mu": [-0.1402047633068401, 1.62218468105025, 0.3420016461434149], "Sigma": [[0.009777853464795889, 0.001812760172468997, 0.06744389161262075], [0.0018127601724689973, 0.006459171537578292, 0.009100506588788256], [0.06744389161262075, 0.009100506588788254, 0.8988165134462898]], "chi2_level": 0.99, "chi2_df": 3, "chi2_threshold": 11.344866730144373, "N_raw": 150, "N_roi": 150, "N_inlier": 150, "refit": true}
{"timestamp": "17:17:55.793704", "frame": 86, "mu": [-0.16268382133628373, 1.5806845684705078, 1.1392795321396605], "Sigma": [[0.011188655347514306, 0.004905523867170403, 0.016077681603253086], [0.004905523867170403, 0.007017862964658808, 0.0016730024875078347], [0.016077681603253086, 0.0016730024875078356, 0.45913039838393654]], "chi2_level": 0.99, "chi2_df": 3, "chi2_threshold": 11.344866730144373, "N_raw": 128, "N_roi": 126, "N_inlier": 125, "refit": true}
{"timestamp": "17:17:55.844588", "frame": 87, "mu": [-0.13389094321085188, 1.6191020104653362, -0.5492181639553965], "Sigma": [[0.007560294805977656, 0.008270178592883967, -0.009297277861026215], [0.008270178592883965, 0.037703232885538396, -0.05600338422489384], [-0.009297277861026212, -0.05600338422489384, 0.5063072124589385]], "chi2_level": 0.99, "chi2_df": 3, "chi2_threshold": 11.344866730144373, "N_raw": 104, "N_roi": 104, "N_inlier": 103, "refit": true}
{"timestamp": "17:17:55.897900", "frame": 88, "mu": [-0.11963245381427838, 1.4754338173754558, 1.4892471630652067], "Sigma": [[0.007870021822118805, 0.002822806013319848, 0.007941886114559872], [0.002822806013319848, 0.005608903181473138, 0.0011034401852495059], [0.007941886114559872, 0.0011034401852495056, 0.027781993861529363]], "chi2_level": 0.99, "chi2_df": 3, "chi2_threshold": 11.344866730144373, "N_raw": 97, "N_roi": 97, "N_inlier": 92, "refit": true}
{"timestamp": "17:17:55.954484", "frame": 89, "mu": [-0.10438709265830694, 1.5240876475860943, -0.34665338355459646], "Sigma": [[0.006821513726827564, 0.005494721058384066, 0.002201434113490478], [0.005494721058384066, 0.015226544106431384, -0.008578659405713222], [0.002201434113490478, -0.008578659405713224, 0.06669911713276094]], "chi2_level": 0.99, "chi2_df": 3, "chi2_threshold": 11.344866730144373, "N_raw": 99, "N_roi": 99, "N_inlier": 95, "refit": true}
{"timestamp": "17:17:56.004566", "frame": 90, "mu": [-0.0780924863635764, 1.3999088699133284, -0.383845838488072], "Sigma": [[0.0058161983105402175, 0.005353870513530798, 0.022226727921892418], [0.005353870513530798, 0.0094537354738926, 0.025427238861898932], [0.022226727921892415, 0.025427238861898932, 0.11817340795844539]], "chi2_level": 0.99, "chi2_df": 3, "chi2_threshold": 11.344866730144373, "N_raw": 73, "N_roi": 72, "N_inlier": 65, "refit": true}
{"timestamp": "17:17:56.062661", "frame": 91, "mu": [-0.05938787638568302, 1.4539485266168088, -0.47922815866063084], "Sigma": [[0.006826240147081441, 0.0003845900536404809, 0.012890828038266858], [0.00038459005364048103, 0.011433164167288729, 0.009492816356822836], [0.012890828038266858, 0.009492816356822836, 0.047282225200599375]], "chi2_level": 0.99, "chi2_df": 3, "chi2_threshold": 11.344866730144373, "N_raw": 92, "N_roi": 91, "N_inlier": 84, "refit": true}
{"timestamp": "17:17:56.117921", "frame": 92, "mu": [-0.0701170785551095, 1.3566768523051955, 0.9285192044863897], "Sigma": [[0.009432710816743526, -0.009907603396148558, 0.022291888300077348], [-0.009907603396148558, 0.02066749318626377, -0.07095945243061146], [0.022291888300077355, -0.07095945243061146, 0.3084491454756756]], "chi2_level": 0.99, "chi2_df": 3, "chi2_threshold": 11.344866730144373, "N_raw": 93, "N_roi": 93, "N_inlier": 91, "refit": true}
{"timestamp": "17:17:56.172904", "frame": 93, "mu": [0.04297164100448877, 1.5117459086708136, -0.15041228639640686], "Sigma": [[0.006354488599396453, 0.0004515608811426953, 0.0013217998937562372], [0.0004515608811426952, 0.007152532933580076, -0.004383504095502871], [0.0013217998937562368, -0.004383504095502872, 0.007526084765785818]], "chi2_level": 0.99, "chi2_df": 3, "chi2_threshold": 11.344866730144373, "N_raw": 96, "N_roi": 96, "N_inlier": 90, "refit": true}
{"timestamp": "17:17:56.223289", "frame": 94, "mu": [0.09983688451904638, 1.3360713871954484, 1.3773080071098218], "Sigma": [[0.004817382551869315, 0.0038621925845754544, 0.001748807163033571], [0.003862192584575454, 0.006465412303602776, 0.0037753802667866224], [0.001748807163033571, 0.0037753802667866232, 0.015698161292357453]], "chi2_level": 0.99, "chi2_df": 3, "chi2_threshold": 11.344866730144373, "N_raw": 60, "N_roi": 60, "N_inlier": 55, "refit": true}
{"timestamp": "17:17:56.283974", "frame": 95, "mu": [0.12642950311107423, 1.4361258289644787, -0.18001562286718317], "Sigma": [[0.008982987408063952, 0.004019036279663046, 0.01267003138823898], [0.004019036279663046, 0.010716292019171576, 0.007203076491105693], [0.01267003138823898, 0.007203076491105692, 0.030819946737719588]], "chi2_level": 0.99, "chi2_df": 3, "chi2_threshold": 11.344866730144373, "N_raw": 113, "N_roi": 113, "N_inlier": 109, "refit": true}
{"timestamp": "17:17:56.344964", "frame": 96, "mu": [0.16613815729373774, 1.4793324928687341, -0.48258169473838075], "Sigma": [[0.015142810900747608, -0.012756666869615766, 0.04498653760440233], [-0.012756666869615766, 0.02534662819924077, -0.078848970768561], [0.04498653760440233, -0.078848970768561, 0.35459291905396123]], "chi2_level": 0.99, "chi2_df": 3, "chi2_threshold": 11.344866730144373, "N_raw": 137, "N_roi": 137, "N_inlier": 137, "refit": true}
{"timestamp": "17:17:56.393217", "frame": 97, "mu": [0.3696896966037103, 1.3492264448282232, 0.15085361411242365], "Sigma": [[0.023708396994461062, 0.0028384028977061046, 0.040893864690087434], [0.002838402897706104, 0.008531705175565646, -0.01666456608334687], [0.040893864690087434, -0.01666456608334687, 0.20653920050959687]], "chi2_level": 0.99, "chi2_df": 3, "chi2_threshold": 11.344866730144373, "N_raw": 96, "N_roi": 96, "N_inlier": 90, "refit": true}
{"timestamp": "17:17:56.453993", "frame": 98, "mu": [0.3119560082530692, 1.4826953898700383, -0.6822137122187971], "Sigma": [[0.04594487836084099, -0.007311972650845891, 0.02085295842296466], [-0.007311972650845891, 0.02440371344639097, -0.08181053909834198], [0.020852958422964668, -0.08181053909834198, 0.31913090478054723]], "chi2_level": 0.99, "chi2_df": 3, "chi2_threshold": 11.344866730144373, "N_raw": 130, "N_roi": 130, "N_inlier": 129, "refit": true}
{"timestamp": "17:17:56.502779", "frame": 99, "mu": [0.2653733528030167, 1.2625618788638693, 1.2614930116734617], "Sigma": [[0.006946428807833942, 0.0014360697822313104, 0.020846953316183556], [0.0014360697822313104, 0.005854778512510887, 0.004578539491573135], [0.020846953316183556, 0.004578539491573136, 0.155910588629484]], "chi2_level": 0.99, "chi2_df": 3, "chi2_threshold": 11.344866730144373, "N_raw": 84, "N_roi": 84, "N_inlier": 78, "refit": true}
{"timestamp": "17:17:56.710682", "frame": 100, "mu": [0.3548769015695277, 1.2019239431122668, 1.088369456880303], "Sigma": [[0.054250172384859616, -0.006372084717524553, -0.03422487692980397], [-0.006372084717524554, 0.0038226264895305766, 0.011501102318923822], [-0.03422487692980397, 0.011501102318923822, 0.06936516710467487]], "chi2_level": 0.99, "chi2_df": 3, "chi2_threshold": 11.344866730144373, "N_raw": 61, "N_roi": 61, "N_inlier": 58, "refit": true}
{"timestamp": "17:17:56.715222", "frame": 101, "mu": [0.5174278266285448, 1.3503989993932777, -0.31938140781674307], "Sigma": [[0.023864883408981, 0.012820026984055296, -0.035633303285741935], [0.012820026984055296, 0.013028938951303502, -0.02509524054590729], [-0.035633303285741935, -0.02509524054590729, 0.06348744445135575]], "chi2_level": 0.99, "chi2_df": 3, "chi2_threshold": 11.344866730144373, "N_raw": 126, "N_roi": 126, "N_inlier": 121, "refit": true}
{"timestamp": "17:17:56.743533", "frame": 102, "mu": [0.578211010200781, 1.1454538392878135, 1.3181917575895938], "Sigma": [[0.03572878343843966, 0.0051715354902670515, -0.045649435919573995], [0.0051715354902670515, 0.004721128222794343, -0.011286657401863475], [-0.045649435919574, -0.011286657401863477, 0.08113919104950246]], "chi2_level": 0.99, "chi2_df": 3, "chi2_threshold": 11.344866730144373, "N_raw": 79, "N_roi": 79, "N_inlier": 73, "refit": true}
{"timestamp": "17:17:56.775921", "frame": 103, "mu": [0.5323610048693119, 1.1393028411887045, 1.3298871625473567], "Sigma": [[0.031610633911753075, 0.0033706992805619526, -0.04506634868984437], [0.0033706992805619526, 0.0041159567030400164, -0.009233062202816254], [-0.04506634868984437, -0.009233062202816254, 0.07167857714351666]], "chi2_level": 0.99, "chi2_df": 3, "chi2_threshold": 11.344866730144373, "N_raw": 130, "N_roi": 130, "N_inlier": 122, "refit": true}
{"timestamp": "17:17:56.936512", "frame": 104, "mu": [0.4769607958477228, 1.1008662365160644, 1.3740206682396328], "Sigma": [[0.03136928315227103, 0.001983990701047862, -0.03311871662397606], [0.0019839907010478623, 0.004927870176084523, -0.009747520570246667], [-0.03311871662397606, -0.009747520570246667, 0.048998042895183745]], "chi2_level": 0.99, "chi2_df": 3, "chi2_threshold": 11.344866730144373, "N_raw": 75, "N_roi": 75, "N_inlier": 70, "refit": true}
{"timestamp": "17:17:56.960169", "frame": 105, "mu": [0.4607099902178216, 1.0148295545821144, 1.4258087646717201], "Sigma": [[0.002574881303814374, 1.0799253052839382e-05, 0.003914708232422132], [1.0799253052839435e-05, 0.0019278293919967927, -0.0011626523157544548], [0.003914708232422132, -0.0011626523157544553, 0.03493053071404277]], "chi2_level": 0.99, "chi2_df": 3, "chi2_threshold": 11.344866730144373, "N_raw": 78, "N_roi": 78, "N_inlier": 71, "refit": true}
{"timestamp": "17:17:56.992900", "frame": 106, "mu": [0.48333369173637275, 0.9762847832286079, 1.432151677019781], "Sigma": [[0.0032132159692616555, 0.0009844711693651866, 0.0017518292263130927], [0.0009844711693651866, 0.0035267252041103554, -0.0032338287664896953], [0.001751829226313093, -0.0032338287664896957, 0.02876310707256502]], "chi2_level": 0.99, "chi2_df": 3, "chi2_threshold": 11.344866730144373, "N_raw": 90, "N_roi": 90, "N_inlier": 87, "refit": true}
{"timestamp": "17:17:57.023891", "frame": 107, "mu": [0.48907894806317675, 0.9531914062088075, 1.4687838028387903], "Sigma": [[0.0036563153749282515, 0.0012494430075812488, 0.002899104449622787], [0.0012494430075812488, 0.0031520707261286198, -0.0020848910802662448], [0.002899104449622787, -0.0020848910802662448, 0.020246670985829485]], "chi2_level": 0.99, "chi2_df": 3, "chi2_threshold": 11.344866730144373, "N_raw": 87, "N_roi": 87, "N_inlier": 83, "refit": true}
{"timestamp": "17:17:57.082579", "frame": 109, "mu": [0.5301636403792015, 0.8418016380363732, 1.4006315786025687], "Sigma": [[0.007038685065716181, 0.006925453820156883, 0.002712743926135637], [0.006925453820156883, 0.008238661047039254, 0.004153765052030965], [0.002712743926135637, 0.004153765052030965, 0.010055205358037738]], "chi2_level": 0.99, "chi2_df": 3, "chi2_threshold": 11.344866730144373, "N_raw": 44, "N_roi": 44, "N_inlier": 42, "refit": true}
{"timestamp": "17:17:57.113479", "frame": 110, "mu": [0.5389653227084172, 0.8836672519718022, -0.5413022094183315], "Sigma": [[0.004150128659273212, 0.005328108594301545, 0.0048404395251078584], [0.005328108594301545, 0.010088347636787778, 0.005548538568895881], [0.0048404395251078584, 0.005548538568895881, 0.033811904804187554]], "chi2_level": 0.99, "chi2_df": 3, "chi2_threshold": 11.344866730144373, "N_raw": 85, "N_roi": 85, "N_inlier": 82, "refit": true}
