{"timestamp": "16:58:10.529929", "frame": 7, "mu": [-2.3917574344500667, 4.055970370778598, 0.9131315934388828], "Sigma": [[0.0029413617155117627, 0.0006878775998640978, -0.0032522100493010335], [0.000687877599864098, 0.0011967299459174723, -0.0011887387910087881], [-0.0032522100493010335, -0.001188738791008788, 0.005552344189100143]], "chi2_level": 0.99, "chi2_df": 3, "chi2_threshold": 11.344866730144373, "N_raw": 32, "N_roi": 9, "N_inlier": 9, "refit": true}
{"timestamp": "16:58:10.587989", "frame": 8, "mu": [-2.3326965949145344, 4.287999033798102, -0.020513756556483277], "Sigma": [[0.011912241375111748, 0.004672737240118506, -0.006985501875672711], [0.004672737240118506, 0.008345783058171673, -0.0054850838961359154], [-0.006985501875672711, -0.0054850838961359154, 0.007246755928133009]], "chi2_level": 0.99, "chi2_df": 3, "chi2_threshold": 11.344866730144373, "N_raw": 58, "N_roi": 32, "N_inlier": 29, "refit": true}
{"timestamp": "16:58:10.641139", "frame": 9, "mu": [-2.373423715426571, 4.047025991287795, 1.0400527845934513], "Sigma": [[0.006329046261105889, -0.0003582575359082837, -0.004192404972638608], [-0.0003582575359082837, 0.0034114324786681484, 5.768897261698594e-05], [-0.004192404972638608, 5.768897261698605e-05, 0.005485307489341442]], "chi2_level": 0.99, "chi2_df": 3, "chi2_threshold": 11.344866730144373, "N_raw": 27, "N_roi": 16, "N_inlier": 16, "refit": true}
{"timestamp": "16:58:10.752505", "frame": 11, "mu": [-2.305941536111424, 4.237474118406624, 0.24660049524660607], "Sigma": [[0.0142923158497546, 0.007378813265083308, -0.008332060008104658], [0.007378813265083307, 0.010473945954643476, -0.007050801280596603], [-0.008332060008104658, -0.007050801280596603, 0.008021503367942535]], "chi2_level": 0.99, "chi2_df": 3, "chi2_threshold": 11.344866730144373, "N_raw": 41, "N_roi": 34, "N_inlier": 34, "refit": true}
{"timestamp": "16:58:10.810804", "frame": 12, "mu": [-2.1679575928441013, 4.138929463423008, 0.7989874241332999], "Sigma": [[0.03533838008540751, 0.0062135986046102445, -0.027913175248804524], [0.006213598604610246, 0.00550712185276566, -0.00808652993735532], [-0.027913175248804524, -0.00808652993735532, 0.027252341969081342]], "chi2_level": 0.99, "chi2_df": 3, "chi2_threshold": 11.344866730144373, "N_raw": 59, "N_roi": 54, "N_inlier": 54, "refit": true}
{"timestamp": "16:58:10.861510", "frame": 13, "mu": [-2.243770165235484, 4.180104528904941, 1.1115105838980528], "Sigma": [[0.012871401099304743, 0.0049703419368282535, -0.010872042383062795], [0.0049703419368282535, 0.005627920115898033, -0.003593844405932429], [-0.010872042383062797, -0.003593844405932429, 0.010707052930674626]], "chi2_level": 0.99, "chi2_df": 3, "chi2_threshold": 11.344866730144373, "N_raw": 24, "N_roi": 21, "N_inlier": 20, "refit": true}
{"timestamp": "16:58:10.915157", "frame": 14, "mu": [-2.118738207594784, 4.184387961044587, 0.8283920513734823], "Sigma": [[0.022752429596870127, 0.005706815807719999, -0.02324515770110249], [0.005706815807719999, 0.0029501814716117415, -0.006810907698707621], [-0.02324515770110249, -0.006810907698707621, 0.02600425645408565]], "chi2_level": 0.99, "chi2_df": 3, "chi2_threshold": 11.344866730144373, "N_raw": 25, "N_roi": 25, "N_inlier": 24, "refit": true}
{"timestamp": "16:58:10.976809", "frame": 15, "mu": [-2.0667233507221345, 4.194863638865818, 0.8550944405533711], "Sigma": [[0.036327869131388364, 0.014542771177751636, -0.02318907197499409], [0.014542771177751636, 0.009791658007541218, -0.01410080726729429], [-0.02318907197499409, -0.01410080726729429, 0.02295926719740877]], "chi2_level": 0.99, "chi2_df": 3, "chi2_threshold": 11.344866730144373, "N_raw": 60, "N_roi": 57, "N_inlier": 56, "refit": true}
{"timestamp": "16:58:11.030503", "frame": 16, "mu": [-2.0789085987702514, 4.180373303573045, 0.9506906483775666], "Sigma": [[0.030796667691156222, 0.008187354124845215, -0.02739034665278795], [0.008187354124845215, 0.008930410333778976, -0.006996488808260674], [-0.02739034665278795, -0.006996488808260674, 0.026587173379162228]], "chi2_level": 0.99, "chi2_df": 3, "chi2_threshold": 11.344866730144373, "N_raw": 56, "N_roi": 53, "N_inlier": 51, "refit": true}
{"timestamp": "16:58:11.081025", "frame": 17, "mu": [-1.996268385476572, 4.290289550211409, 0.9595888481013736], "Sigma": [[0.01623433596927176, 0.0069293945499068945, -0.01195166089057243], [0.006929394549906895, 0.007551542896914635, -0.006470792503247647], [-0.01195166089057243, -0.006470792503247647, 0.013238578582528885]], "chi2_level": 0.99, "chi2_df": 3, "chi2_threshold": 11.344866730144373, "N_raw": 25, "N_roi": 25, "N_inlier": 23, "refit": true}
{"timestamp": "16:58:11.137923", "frame": 18, "mu": [-2.0221025247925795, 4.234013503626589, -0.3152888887072224], "Sigma": [[0.02847789722443094, 0.015771805363691275, 0.052474594636113744], [0.015771805363691275, 0.01480335303092013, 0.03988379296837824], [0.052474594636113744, 0.039883792968378226, 0.19270239556374671]], "chi2_level": 0.99, "chi2_df": 3, "chi2_threshold": 11.344866730144373, "N_raw": 45, "N_roi": 43, "N_inlier": 43, "refit": true}
{"timestamp": "16:58:11.188474", "frame": 19, "mu": [-1.8546728786637519, 4.235011602045215, 0.8130942381264746], "Sigma": [[0.027802236120842677, 0.015703997977574373, -0.07168564083382674], [0.015703997977574373, 0.014885969398790078, -0.03420412308182021], [-0.07168564083382674, -0.034204123081820206, 0.20266038518418839]], "chi2_level": 0.99, "chi2_df": 3, "chi2_threshold": 11.344866730144373, "N_raw": 12, "N_roi": 9, "N_inlier": 9, "refit": true}
{"timestamp": "16:58:11.301332", "frame": 21, "mu": [-1.7119658864316671, 4.3216988959879865, 0.8814487701279319], "Sigma": [[0.010120299555561572, 0.0009743883107076496, -0.003804259882828431], [0.0009743883107076494, 0.026719149864192812, 0.002107494488275433], [-0.003804259882828431, 0.0021074944882754324, 0.005719598792932763]], "chi2_level": 0.99, "chi2_df": 3, "chi2_threshold": 11.344866730144373, "N_raw": 27, "N_roi": 24, "N_inlier": 24, "refit": true}
{"timestamp": "16:58:11.359629", "frame": 22, "mu": [-1.7213143674086748, 4.22663200243829, 1.1557429823051664], "Sigma": [[0.024807525593217347, 0.004765012822133519, -0.025260713284905197], [0.00476501282213352, 0.0026047440784110532, -0.005012955690534225], [-0.025260713284905197, -0.005012955690534225, 0.02986801196234639]], "chi2_level": 0.99, "chi2_df": 3, "chi2_threshold": 11.344866730144373, "N_raw": 49, "N_roi": 27, "N_inlier": 26, "refit": true}
{"timestamp": "16:58:11.408899", "frame": 23, "mu": [-1.6361048960968727, 4.141746100021699, 0.9947201344878478], "Sigma": [[0.005397281825466536, 0.0016498019343105502, -0.001259357462267443], [0.00164980193431055, 0.0021137009914790855, -0.002617284680706701], [-0.001259357462267443, -0.002617284680706701, 0.004622311807107811]], "chi2_level": 0.99, "chi2_df": 3, "chi2_threshold": 11.344866730144373, "N_raw": 13, "N_roi": 9, "N_inlier": 9, "refit": true}
{"timestamp": "16:58:11.632511", "frame": 27, "mu": [-1.4054305635345592, 4.143319732618468, 1.0739860218620618], "Sigma": [[0.022902262963049005, 0.003735371455209464, -0.01648321261239776], [0.003735371455209464, 0.004007710699601179, -0.0020610723109722724], [-0.01648321261239776, -0.0020610723109722724, 0.01372873460642774]], "chi2_level": 0.99, "chi2_df": 3, "chi2_threshold": 11.344866730144373, "N_raw": 40, "N_roi": 36, "N_inlier": 35, "refit": true}
{"timestamp": "16:58:11.691749", "frame": 28, "mu": [-1.3276625455835316, 4.160388724316787, 1.0002098704420321], "Sigma": [[0.028408088531862552, 0.0004130141095533249, -0.015650224693400813], [0.00041301410955332427, 0.006560374175506184, -0.002990880143373547], [-0.015650224693400813, -0.002990880143373547, 0.011596487588596651]], "chi2_level": 0.99, "chi2_df": 3, "chi2_threshold": 11.344866730144373, "N_raw": 70, "N_roi": 68, "N_inlier": 65, "refit": true}
{"timestamp": "16:58:11.748414", "frame": 29, "mu": [-1.3190218338575468, 4.1596832391745755, 1.0037856396412992], "Sigma": [[0.026388323012020674, 0.002007469716637007, -0.011795319833914637], [0.0020074697166370076, 0.005733935731216671, -0.007631654639824253], [-0.011795319833914637, -0.007631654639824253, 0.01659693079460679]], "chi2_level": 0.99, "chi2_df": 3, "chi2_threshold": 11.344866730144373, "N_raw": 72, "N_roi": 68, "N_inlier": 65, "refit": true}
{"timestamp": "16:58:11.799533", "frame": 30, "mu": [-1.2229465299686337, 4.153514173994266, 1.0654884448496098], "Sigma": [[0.020458136367433374, 0.0031247854513371783, -0.012286340831313386], [0.0031247854513371783, 0.0034241892081182815, -0.0022625334548800535], [-0.012286340831313386, -0.0022625334548800535, 0.008497138689555045]], "chi2_level": 0.99, "chi2_df": 3, "chi2_threshold": 11.344866730144373, "N_raw": 45, "N_roi": 39, "N_inlier": 36, "refit": true}
{"timestamp": "16:58:11.850508", "frame": 31, "mu": [-1.2264814189552176, 4.215321665035459, 1.137609103564261], "Sigma": [[0.01306910931962459, -0.0001298050812698217, -0.00974196403303565], [-0.00012980508126982153, 0.003631139972367245, 0.0013186141912877062], [-0.00974196403303565, 0.0013186141912877064, 0.010622976665338771]], "chi2_level": 0.99, "chi2_df": 3, "chi2_threshold": 11.344866730144373, "N_raw": 29, "N_roi": 28, "N_inlier": 27, "refit": true}
{"timestamp": "16:58:11.905509", "frame": 32, "mu": [-1.1788217984971552, 4.293013294726581, 1.234732827466065], "Sigma": [[0.013679018209342827, 0.0011865918479135188, -0.013139860139257812], [0.0011865918479135188, 0.0028776699427114773, 0.001552081415111015], [-0.013139860139257812, 0.001552081415111015, 0.016008332911687743]], "chi2_level": 0.99, "chi2_df": 3, "chi2_threshold": 11.344866730144373, "N_raw": 26, "N_roi": 23, "N_inlier": 22, "refit": true}
{"timestamp": "16:58:11.960541", "frame": 33, "mu": [-1.011344832569742, 4.279198838327111, 0.9662698718825531], "Sigma": [[0.01455896588625967, -0.0005230964198415849, -0.015549325886707533], [-0.0005230964198415849, 0.002116792024948779, 0.0010927846417880878], [-0.015549325886707533, 0.0010927846417880878, 0.01814804373857109]], "chi2_level": 0.99, "chi2_df": 3, "chi2_threshold": 11.344866730144373, "N_raw": 29, "N_roi": 24, "N_inlier": 22, "refit": true}
{"timestamp": "16:58:12.127249", "frame": 36, "mu": [-0.9692238738259046, 4.293664066256356, 0.23121803748637665], "Sigma": [[0.018965746732226303, 0.0036456376422290284, -0.009381546739563314], [0.0036456376422290284, 0.0023259487580734356, -0.0011969593643493554], [-0.009381546739563316, -0.0011969593643493554, 0.005908175377087084]], "chi2_level": 0.99, "chi2_df": 3, "chi2_threshold": 11.344866730144373, "N_raw": 30, "N_roi": 28, "N_inlier": 25, "refit": true}
{"timestamp": "16:58:12.180911", "frame": 37, "mu": [-0.8744703378344003, 4.348952184140884, 1.112898558511041], "Sigma": [[0.018211571837850757, 0.004158650284336013, -0.00876116184727929], [0.004158650284336013, 0.0060602616683516596, 0.0005317327287468001], [-0.008761161847279292, 0.0005317327287468001, 0.009010317413684717]], "chi2_level": 0.99, "chi2_df": 3, "chi2_threshold": 11.344866730144373, "N_raw": 29, "N_roi": 26, "N_inlier": 24, "refit": true}
{"timestamp": "16:58:12.240730", "frame": 38, "mu": [-0.7673448130482567, 4.424477628929115, 1.0077767176044208], "Sigma": [[0.040407268923801476, 0.026486599333243488, -0.02450062552851081], [0.026486599333243488, 0.03522530306229565, -0.021311402274902032], [-0.02450062552851081, -0.021311402274902032, 0.02119774409276859]], "chi2_level": 0.99, "chi2_df": 3, "chi2_threshold": 11.344866730144373, "N_raw": 56, "N_roi": 53, "N_inlier": 52, "refit": true}
{"timestamp": "16:58:12.294151", "frame": 39, "mu": [-0.7244534440367444, 4.507940511016183, 1.0558803297915988], "Sigma": [[0.039434899915650634, 0.01744453874011572, -0.014887992003108207], [0.01744453874011572, 0.01778485703725987, -0.008985721738631419], [-0.014887992003108207, -0.008985721738631419, 0.011145318195206186]], "chi2_level": 0.99, "chi2_df": 3, "chi2_threshold": 11.344866730144373, "N_raw": 47, "N_roi": 44, "N_inlier": 42, "refit": true}
{"timestamp": "16:58:12.349556", "frame": 40, "mu": [-0.6260371597660652, 4.581086725319588, 0.17044498068297073], "Sigma": [[0.056927239209671666, 0.04261439166601339, 0.009928321142407551], [0.04261439166601339, 0.0456775395391764, 0.020158154648494048], [0.009928321142407551, 0.020158154648494048, 0.015471161646701325]], "chi2_level": 0.99, "chi2_df": 3, "chi2_threshold": 11.344866730144373, "N_raw": 51, "N_roi": 48, "N_inlier": 47, "refit": true}
{"timestamp": "16:58:12.406156", "frame": 41, "mu": [-0.5848491859343401, 4.451380173506094, 1.0086990151318302], "Sigma": [[0.038156527323650186, 0.03021662740689751, -0.01165884582060628], [0.03021662740689751, 0.05384620608007332, -0.005239493021717894], [-0.01165884582060628, -0.0052394930217178936, 0.00697543015469674]], "chi2_level": 0.99, "chi2_df": 3, "chi2_threshold": 11.344866730144373, "N_raw": 59, "N_roi": 53, "N_inlier": 52, "refit": true}
{"timestamp": "16:58:12.454584", "frame": 42, "mu": [-0.618711929744338, 4.437325256661546, 1.0373820197421078], "Sigma": [[0.01675320711351736, 0.020417223830247987, -0.013287147204377235], [0.02041722383024799, 0.044966753046166465, -0.02105289921394546], [-0.013287147204377235, -0.02105289921394546, 0.015107470902165536]], "chi2_level": 0.99, "chi2_df": 3, "chi2_threshold": 11.344866730144373, "N_raw": 13, "N_roi": 9, "N_inlier": 9, "refit": true}
{"timestamp": "16:58:12.507508", "frame": 43, "mu": [-0.5616405677694164, 4.374757388355009, 0.9172135593215345], "Sigma": [[0.0019937261426578087, -0.0024009849003178833, 0.012030765755802452], [-0.0024009849003178833, 0.02188379974579557, -0.03627475072846665], [0.012030765755802452, -0.03627475072846665, 0.10932326186005788]], "chi2_level": 0.99, "chi2_df": 3, "chi2_threshold": 11.344866730144373, "N_raw": 8, "N_roi": 8, "N_inlier": 8, "refit": true}
{"timestamp": "16:58:12.563098", "frame": 44, "mu": [-0.5372865210681864, 4.390084809796204, 1.0624094060423876], "Sigma": [[0.0020685314774499634, 0.007297729799607758, -0.005711666284690869], [0.007297729799607758, 0.04283823077730462, -0.03573945547901869], [-0.00571166628469087, -0.03573945547901869, 0.07140874542725044]], "chi2_level": 0.99, "chi2_df": 3, "chi2_threshold": 11.344866730144373, "N_raw": 10, "N_roi": 8, "N_inlier": 8, "refit": true}
{"timestamp": "16:58:12.618531", "frame": 45, "mu": [-0.4075074279673133, 4.332666453379753, 1.0116491406355614], "Sigma": [[0.0069238200877539445, 0.009202671108697429, -0.02789333504731213], [0.009202671108697429, 0.021203421314392644, -0.04434736616859459], [-0.02789333504731213, -0.04434736616859459, 0.12029762685164577]], "chi2_level": 0.99, "chi2_df": 3, "chi2_threshold": 11.344866730144373, "N_raw": 10, "N_roi": 7, "N_inlier": 7, "refit": true}
{"timestamp": "16:58:12.677751", "frame": 46, "mu": [-0.400361034158965, 4.354340583451599, 0.8373607847220464], "Sigma": [[0.01698271429834896, 0.009026352484451298, -0.02771151812641829], [0.009026352484451298, 0.01399122212569205, -0.03736174940746953], [-0.02771151812641829, -0.03736174940746953, 0.10715791610685287]], "chi2_level": 0.99, "chi2_df": 3, "chi2_threshold": 11.344866730144373, "N_raw": 38, "N_roi": 35, "N_inlier": 34, "refit": true}
{"timestamp": "16:58:12.786530", "frame": 48, "mu": [-0.3396288042582993, 4.312316923766882, 1.1904805008702497], "Sigma": [[0.014483776203550363, 0.0012797085846928324, -0.0029243199651686454], [0.0012797085846928328, 0.003782070396280612, -0.0028778256329116247], [-0.0029243199651686454, -0.0028778256329116247, 0.003820242232534992]], "chi2_level": 0.99, "chi2_df": 3, "chi2_threshold": 11.344866730144373, "N_raw": 37, "N_roi": 35, "N_inlier": 34, "refit": true}
{"timestamp": "16:58:12.842528", "frame": 49, "mu": [-0.3139016224627311, 4.358673180380582, 1.3216551671773928], "Sigma": [[0.01919353528503045, -0.0007263282602176684, -0.012396813522925532], [-0.0007263282602176682, 0.004225406455629875, 0.001257422687805467], [-0.012396813522925532, 0.001257422687805467, 0.009993108921900999]], "chi2_level": 0.99, "chi2_df": 3, "chi2_threshold": 11.344866730144373, "N_raw": 35, "N_roi": 35, "N_inlier": 34, "refit": true}
{"timestamp": "16:58:12.894541", "frame": 50, "mu": [-0.2528261007987562, 4.478672112081181, 0.17540400901389147], "Sigma": [[0.01775048937295539, 0.003690734364890833, -0.013728672144484356], [0.003690734364890833, 0.002277533377121443, -0.003961292782613688], [-0.013728672144484356, -0.003961292782613688, 0.013483215085478758]], "chi2_level": 0.99, "chi2_df": 3, "chi2_threshold": 11.344866730144373, "N_raw": 19, "N_roi": 17, "N_inlier": 16, "refit": true}
{"timestamp": "16:58:12.951440", "frame": 51, "mu": [-0.2577845471311455, 4.377083720126556, 1.1356234726552472], "Sigma": [[0.01834465733204516, -0.0009341687888733134, -0.0083961612596387], [-0.0009341687888733132, 0.0019669948042583345, -0.002925154969325666], [-0.0083961612596387, -0.002925154969325666, 0.012721996955471673]], "chi2_level": 0.99, "chi2_df": 3, "chi2_threshold": 11.344866730144373, "N_raw": 35, "N_roi": 35, "N_inlier": 32, "refit": true}
{"timestamp": "16:58:13.008818", "frame": 52, "mu": [-0.1537146620397266, 4.386825076343526, 1.194739143786745], "Sigma": [[0.02479388042340451, -0.0024793008762100635, -0.008533508496034528], [-0.0024793008762100644, 0.004236115261252927, -0.0020800725992615792], [-0.008533508496034528, -0.0020800725992615792, 0.007035540774245833]], "chi2_level": 0.99, "chi2_df": 3, "chi2_threshold": 11.344866730144373, "N_raw": 51, "N_roi": 51, "N_inlier": 49, "refit": true}
{"timestamp": "16:58:13.061440", "frame": 53, "mu": [-0.05066695772182318, 4.3676429139225075, 1.3320521873117193], "Sigma": [[0.020080223607367588, -0.0008859763602692581, -0.01387547438913397], [-0.0008859763602692581, 0.003353957407353018, 0.0007146370607192501], [-0.01387547438913397, 0.0007146370607192503, 0.011825127285583466]], "chi2_level": 0.99, "chi2_df": 3, "chi2_threshold": 11.344866730144373, "N_raw": 37, "N_roi": 36, "N_inlier": 36, "refit": true}
{"timestamp": "16:58:13.116151", "frame": 54, "mu": [-0.0849289378033947, 4.339453594366007, 1.3475838061973175], "Sigma": [[0.01896629495851051, 0.0008345833543858282, -0.006280571587086493], [0.0008345833543858278, 0.0016835313875737926, -2.167272907384267e-05], [-0.006280571587086493, -2.167272907384267e-05, 0.003658636556021016]], "chi2_level": 0.99, "chi2_df": 3, "chi2_threshold": 11.344866730144373, "N_raw": 27, "N_roi": 27, "N_inlier": 24, "refit": true}
{"timestamp": "16:58:13.172751", "frame": 55, "mu": [-0.025126897625041316, 4.401729803358732, 1.3464846497139873], "Sigma": [[0.02008342131190847, 0.0005403564867579776, -0.012192108347643896], [0.0005403564867579779, 0.0037679437374968597, -0.006131919884955914], [-0.012192108347643896, -0.006131919884955914, 0.023551011440833693]], "chi2_level": 0.99, "chi2_df": 3, "chi2_threshold": 11.344866730144373, "N_raw": 46, "N_roi": 46, "N_inlier": 46, "refit": true}
{"timestamp": "16:58:13.227114", "frame": 56, "mu": [0.02595758218244376, 4.344882571849734, 1.2223830065991612], "Sigma": [[0.02569927778020885, -0.0004900504191845135, -0.00980367888656064], [-0.0004900504191845135, 0.0022354457461050935, -0.0012522403446257378], [-0.009803678886560642, -0.001252240344625738, 0.005946515415082679]], "chi2_level": 0.99, "chi2_df": 3, "chi2_threshold": 11.344866730144373, "N_raw": 38, "N_roi": 38, "N_inlier": 38, "refit": true}
{"timestamp": "16:58:13.279100", "frame": 57, "mu": [0.03793746172427231, 4.435137401612649, 1.1300373664709489], "Sigma": [[0.008631931963767573, 0.007609828958916089, -0.022951417970409484], [0.007609828958916088, 0.016488207679224588, -0.038630636550195635], [-0.022951417970409484, -0.038630636550195635, 0.11645293748482503]], "chi2_level": 0.99, "chi2_df": 3, "chi2_threshold": 11.344866730144373, "N_raw": 13, "N_roi": 13, "N_inlier": 13, "refit": true}
{"timestamp": "16:58:13.388940", "frame": 59, "mu": [0.272984888632569, 4.498155876827136, 0.9574809379958644], "Sigma": [[0.02866550957421243, 0.026061155041896655, -0.025727853034610247], [0.026061155041896655, 0.026314479442143754, -0.026507853172729495], [-0.025727853034610247, -0.0265078531727295, 0.03398666499499994]], "chi2_level": 0.99, "chi2_df": 3, "chi2_threshold": 11.344866730144373, "N_raw": 10, "N_roi": 8, "N_inlier": 8, "refit": true}
{"timestamp": "16:58:13.504862", "frame": 61, "mu": [0.25812746692929833, 4.419621084598428, 0.41522960762515765], "Sigma": [[0.023258810420453392, 0.0006312688669798925, -0.007590612928965669], [0.0006312688669798921, 0.0049667436815388, -0.002867832169468067], [-0.007590612928965668, -0.002867832169468067, 0.004895128234351112]], "chi2_level": 0.99, "chi2_df": 3, "chi2_threshold": 11.344866730144373, "N_raw": 52, "N_roi": 49, "N_inlier": 46, "refit": true}
{"timestamp": "16:58:13.555080", "frame": 62, "mu": [0.2525482130246672, 4.344750909712792, 1.1354982839331025], "Sigma": [[0.017663266833657223, -0.0009460307940821288, -0.003563818778209508], [-0.000946030794082129, 0.0017881240122934767, 0.0005875931760202427], [-0.003563818778209508, 0.0005875931760202427, 0.0016260627154178918]], "chi2_level": 0.99, "chi2_df": 3, "chi2_threshold": 11.344866730144373, "N_raw": 21, "N_roi": 19, "N_inlier": 17, "refit": true}
{"timestamp": "16:58:13.609013", "frame": 63, "mu": [0.3314524518085738, 4.474415196248641, 0.9243739515753503], "Sigma": [[0.002115628350932013, -0.0017983908873799798, 0.006409721411900217], [-0.0017983908873799802, 0.02573184438887729, -0.04255694138563599], [0.006409721411900218, -0.04255694138563598, 0.09020390766480633]], "chi2_level": 0.99, "chi2_df": 3, "chi2_threshold": 11.344866730144373, "N_raw": 13, "N_roi": 8, "N_inlier": 8, "refit": true}
{"timestamp": "16:58:13.664092", "frame": 64, "mu": [0.37217752923036634, 4.621553370344454, 0.15185987987010333], "Sigma": [[0.001682300331429419, 0.0014434723764002806, -0.002025791332644498], [0.0014434723764002806, 0.06101173139280188, -0.07787263536615457], [-0.0020257913326444978, -0.07787263536615457, 0.11603268733038763]], "chi2_level": 0.99, "chi2_df": 3, "chi2_threshold": 11.344866730144373, "N_raw": 11, "N_roi": 7, "N_inlier": 7, "refit": true}
{"timestamp": "16:58:13.720866", "frame": 65, "mu": [0.3823807466257913, 4.321062810511306, 1.3089350390622168], "Sigma": [[0.019419922174949415, -0.0030337759429185456, -0.007184009691869279], [-0.0030337759429185456, 0.0018897440516447246, 0.0006330561076997766], [-0.007184009691869279, 0.0006330561076997767, 0.005463188766702739]], "chi2_level": 0.99, "chi2_df": 3, "chi2_threshold": 11.344866730144373, "N_raw": 29, "N_roi": 26, "N_inlier": 25, "refit": true}
{"timestamp": "16:58:13.774233", "frame": 66, "mu": [0.45394381017607305, 4.332128428220832, 1.3465296945011924], "Sigma": [[0.006868265324943101, -0.0005771181890663472, -0.0018012289936957676], [-0.000577118189066347, 0.0019220577297208647, 0.00021290577136323443], [-0.0018012289936957676, 0.00021290577136323443, 0.0012686449290488899]], "chi2_level": 0.99, "chi2_df": 3, "chi2_threshold": 11.344866730144373, "N_raw": 16, "N_roi": 15, "N_inlier": 14, "refit": true}
{"timestamp": "16:58:13.828675", "frame": 67, "mu": [0.5328541104232855, 4.4092404651354595, 1.0663705891299853], "Sigma": [[0.02015190283083466, 0.017545991175249596, -0.04884539552021539], [0.0175459911752496, 0.017909173020804397, -0.04460822208380391], [-0.04884539552021539, -0.04460822208380391, 0.12092908291058933]], "chi2_level": 0.99, "chi2_df": 3, "chi2_threshold": 11.344866730144373, "N_raw": 11, "N_roi": 7, "N_inlier": 7, "refit": true}
{"timestamp": "16:58:14.163965", "frame": 73, "mu": [0.7999166372472118, 4.3519669843149416, 1.1226420921929754], "Sigma": [[0.022384428310299187, -0.003374752136720719, -0.011728235184216966], [-0.003374752136720719, 0.0034550428955883953, -0.0025737007921221573], [-0.011728235184216966, -0.0025737007921221577, 0.016470884469504385]], "chi2_level": 0.99, "chi2_df": 3, "chi2_threshold": 11.344866730144373, "N_raw": 49, "N_roi": 46, "N_inlier": 46, "refit": true}
{"timestamp": "16:58:14.216456", "frame": 74, "mu": [0.7844163347678282, 4.3046769148296695, 1.2658854337873053], "Sigma": [[0.016583107020949686, -0.002150741048357057, -0.009212540954215004], [-0.002150741048357057, 0.0026180526811206244, 0.000326431509115236], [-0.009212540954215004, 0.00032643150911523594, 0.006915462708627621]], "chi2_level": 0.99, "chi2_df": 3, "chi2_threshold": 11.344866730144373, "N_raw": 28, "N_roi": 28, "N_inlier": 28, "refit": true}
{"timestamp": "16:58:14.275072", "frame": 75, "mu": [0.8745749461656909, 4.297385078979933, 1.2225429915570338], "Sigma": [[0.0263968987659566, -0.004685417622876968, -0.009315636507422502], [-0.004685417622876968, 0.0063001618096730425, 0.0015628222296219974], [-0.009315636507422502, 0.0015628222296219974, 0.006329144286168482]], "chi2_level": 0.99, "chi2_df": 3, "chi2_threshold": 11.344866730144373, "N_raw": 55, "N_roi": 53, "N_inlier": 53, "refit": true}
{"timestamp": "16:58:14.328764", "frame": 76, "mu": [0.9510130405374755, 4.283239871063684, 0.9791883699756825], "Sigma": [[0.021461359421366323, -0.003936635969698706, -0.006103673248624416], [-0.003936635969698706, 0.004932300734677432, -8.43843453639234e-05], [-0.006103673248624416, -8.43843453639234e-05, 0.004932943588811424]], "chi2_level": 0.99, "chi2_df": 3, "chi2_threshold": 11.344866730144373, "N_raw": 49, "N_roi": 46, "N_inlier": 44, "refit": true}
{"timestamp": "16:58:14.383317", "frame": 77, "mu": [1.1072807951081418, 4.232357424676224, 0.7556954232255558], "Sigma": [[0.022484343648246637, -0.007465910510437962, -0.01236592763267638], [-0.007465910510437962, 0.004707475284021958, 0.002387677952344252], [-0.01236592763267638, 0.002387677952344252, 0.011822902567612927]], "chi2_level": 0.99, "chi2_df": 3, "chi2_threshold": 11.344866730144373, "N_raw": 39, "N_roi": 39, "N_inlier": 37, "refit": true}
{"timestamp": "16:58:14.437647", "frame": 78, "mu": [0.9481205893938476, 4.296942727882728, 1.0931130159829832], "Sigma": [[0.01779462985807234, -0.003474177040906411, -0.00892449075147663], [-0.0034741770409064112, 0.0029623366281774457, 2.501617908974021e-05], [-0.00892449075147663, 2.5016179089740317e-05, 0.008449761311526619]], "chi2_level": 0.99, "chi2_df": 3, "chi2_threshold": 11.344866730144373, "N_raw": 34, "N_roi": 34, "N_inlier": 32, "refit": true}
{"timestamp": "16:58:14.492617", "frame": 79, "mu": [1.0843619582459192, 4.369912601872484, 0.056011888866886496], "Sigma": [[0.0248632506574271, -0.0015706551868061131, -0.015011628511303554], [-0.0015706551868061131, 0.0031961338092763455, -0.00034415432704687434], [-0.015011628511303552, -0.000344154327046874, 0.012509234104037306]], "chi2_level": 0.99, "chi2_df": 3, "chi2_threshold": 11.344866730144373, "N_raw": 34, "N_roi": 34, "N_inlier": 33, "refit": true}
{"timestamp": "16:58:14.623756", "frame": 80, "mu": [1.0706307218488187, 4.357643316522321, 0.03354526844742936], "Sigma": [[0.03226702981250871, -0.0036358060617964153, -0.009892441384173473], [-0.0036358060617964153, 0.003927633624727943, -0.003347286303591219], [-0.009892441384173473, -0.0033472863035912187, 0.010948572577093722]], "chi2_level": 0.99, "chi2_df": 3, "chi2_threshold": 11.344866730144373, "N_raw": 41, "N_roi": 41, "N_inlier": 40, "refit": true}
{"timestamp": "16:58:14.683016", "frame": 82, "mu": [1.2166446186442066, 4.134176624814458, 0.887575738039455], "Sigma": [[0.02315494601745631, -0.006831977137331333, -0.009481377525861132], [-0.006831977137331333, 0.00668374256682478, 0.0003129578787682154], [-0.009481377525861133, 0.0003129578787682154, 0.007103955581989057]], "chi2_level": 0.99, "chi2_df": 3, "chi2_threshold": 11.344866730144373, "N_raw": 49, "N_roi": 49, "N_inlier": 49, "refit": true}
{"timestamp": "16:58:14.715074", "frame": 83, "mu": [1.2674164868875295, 4.049227139084102, 0.9138811795894256], "Sigma": [[0.011087564668364068, 0.00017418626472885803, -0.011387351727107772], [0.00017418626472885803, 0.002078856709895922, -0.0007181491402396099], [-0.011387351727107772, -0.00071814914023961, 0.013509351231619003]], "chi2_level": 0.99, "chi2_df": 3, "chi2_threshold": 11.344866730144373, "N_raw": 13, "N_roi": 13, "N_inlier": 12, "refit": true}
{"timestamp": "16:58:14.767017", "frame": 84, "mu": [1.2379268290100605, 4.155972927923068, -0.23381941076166401], "Sigma": [[0.021820521781327984, -0.00044511942181609193, 0.02987099378468926], [-0.00044511942181609193, 0.003741384787288876, 0.004931793533359404], [0.02987099378468926, 0.004931793533359404, 0.13563526288511876]], "chi2_level": 0.99, "chi2_df": 3, "chi2_threshold": 11.344866730144373, "N_raw": 35, "N_roi": 35, "N_inlier": 35, "refit": true}
{"timestamp": "16:58:14.819063", "frame": 85, "mu": [1.279045951585179, 3.9879791565692067, 0.9600151269213638], "Sigma": [[0.008024412904022329, -0.0004891597892707684, -0.008254709112795031], [-0.0004891597892707682, 0.0029228516242269693, -0.0018823149546519206], [-0.008254709112795031, -0.0018823149546519206, 0.012688621590492557]], "chi2_level": 0.99, "chi2_df": 3, "chi2_threshold": 11.344866730144373, "N_raw": 11, "N_roi": 11, "N_inlier": 11, "refit": true}
{"timestamp": "16:58:14.872849", "frame": 86, "mu": [1.2681405226359084, 3.9909240394918815, 0.9176981729420267], "Sigma": [[0.011410644540771722, 0.0036687803383157963, -0.0051358157251754424], [0.0036687803383157963, 0.0024582534552658013, -0.0025192006704438685], [-0.0051358157251754424, -0.002519200670443869, 0.005115235301408801]], "chi2_level": 0.99, "chi2_df": 3, "chi2_threshold": 11.344866730144373, "N_raw": 9, "N_roi": 9, "N_inlier": 9, "refit": true}
{"timestamp": "16:58:14.932993", "frame": 87, "mu": [1.284267322190086, 3.9663713799209708, 0.9495973146189562], "Sigma": [[0.02619100382922935, -0.00815276369312849, -0.023216636019386703], [-0.008152763693128489, 0.004170601948450811, 0.004031970520744671], [-0.023216636019386703, 0.004031970520744671, 0.030828026878456205]], "chi2_level": 0.99, "chi2_df": 3, "chi2_threshold": 11.344866730144373, "N_raw": 39, "N_roi": 39, "N_inlier": 39, "refit": true}
{"timestamp": "16:58:14.984140", "frame": 88, "mu": [1.4339299462378923, 3.847044426740958, 0.815472774950008], "Sigma": [[0.01860238242317597, -0.0036706028435738833, -0.013660440302453274], [-0.0036706028435738833, 0.001251026275897262, 0.0011540011002844478], [-0.013660440302453274, 0.0011540011002844478, 0.020453849419440537]], "chi2_level": 0.99, "chi2_df": 3, "chi2_threshold": 11.344866730144373, "N_raw": 13, "N_roi": 12, "N_inlier": 12, "refit": true}
{"timestamp": "16:58:15.042052", "frame": 89, "mu": [1.335610554062726, 3.8488592396282777, 0.9420339888361624], "Sigma": [[0.02090264414100768, -0.006520026464580527, -0.016625150389160008], [-0.006520026464580527, 0.00399264706762388, 0.002270546128960948], [-0.016625150389160008, 0.0022705461289609483, 0.02085603636909668]], "chi2_level": 0.99, "chi2_df": 3, "chi2_threshold": 11.344866730144373, "N_raw": 38, "N_roi": 38, "N_inlier": 37, "refit": true}
{"timestamp": "16:58:15.148862", "frame": 91, "mu": [1.3562599363822634, 3.795312978277888, 0.8757048266262256], "Sigma": [[0.010749096222646129, -0.002437328364769865, -0.013627278572801663], [-0.0024373283647698652, 0.001078251568192557, 0.0013232923381358396], [-0.013627278572801663, 0.0013232923381358396, 0.030530132106005917]], "chi2_level": 0.99, "chi2_df": 3, "chi2_threshold": 11.344866730144373, "N_raw": 12, "N_roi": 12, "N_inlier": 12, "refit": true}
{"timestamp": "16:58:15.207951", "frame": 92, "mu": [1.336081097860286, 3.6898781791131334, 0.7798390252917119], "Sigma": [[0.021653732812245967, -0.01065675199686687, -0.010434807753925314], [-0.01065675199686687, 0.006157742335788724, 0.002969242359518019], [-0.010434807753925314, 0.002969242359518019, 0.02775503312571283]], "chi2_level": 0.99, "chi2_df": 3, "chi2_threshold": 11.344866730144373, "N_raw": 42, "N_roi": 42, "N_inlier": 41, "refit": true}
{"timestamp": "16:58:15.264337", "frame": 93, "mu": [1.3063170573582126, 3.6686288193988283, 0.8845934565230534], "Sigma": [[0.027364276843236078, -0.015803620525582505, -0.042287580729210884], [-0.015803620525582505, 0.00987292068233448, 0.022610394784794804], [-0.04228758072921088, 0.022610394784794804, 0.09605509279500193]], "chi2_level": 0.99, "chi2_df": 3, "chi2_threshold": 11.344866730144373, "N_raw": 47, "N_roi": 47, "N_inlier": 47, "refit": true}
{"timestamp": "16:58:15.314019", "frame": 94, "mu": [1.19488545287285, 3.6805067723175156, 1.104979428464878], "Sigma": [[0.0071279299895781285, -0.0022541190980528646, -0.016323000618201293], [-0.0022541190980528646, 0.0018342751876749862, 0.0020259106153956647], [-0.016323000618201293, 0.002025910615395664, 0.0557262324280005]], "chi2_level": 0.99, "chi2_df": 3, "chi2_threshold": 11.344866730144373, "N_raw": 13, "N_roi": 13, "N_inlier": 13, "refit": true}
{"timestamp": "16:58:15.374310", "frame": 95, "mu": [1.3174564463211793, 3.718304530387218, -0.2742839828637725], "Sigma": [[0.023024876301257206, -0.007693027754956119, -0.009967710348728677], [-0.007693027754956119, 0.007673953905487801, 0.001312650714328846], [-0.009967710348728676, 0.001312650714328846, 0.006764976312861443]], "chi2_level": 0.99, "chi2_df": 3, "chi2_threshold": 11.344866730144373, "N_raw": 51, "N_roi": 51, "N_inlier": 51, "refit": true}
{"timestamp": "16:58:15.429700", "frame": 96, "mu": [1.341945307491356, 3.4863916302935287, 0.9356093820692245], "Sigma": [[0.01805958840970561, -0.011573771386558698, -0.006211143563524483], [-0.011573771386558698, 0.012061652965179621, 0.0012299911677266598], [-0.006211143563524484, 0.0012299911677266598, 0.004968685321422711]], "chi2_level": 0.99, "chi2_df": 3, "chi2_threshold": 11.344866730144373, "N_raw": 48, "N_roi": 48, "N_inlier": 46, "refit": true}
{"timestamp": "16:58:15.485629", "frame": 97, "mu": [1.3005912087227482, 3.4857423448970004, -0.9319033581567654], "Sigma": [[0.017024880333490013, -0.0018596743010865795, 0.022816277090746476], [-0.0018596743010865795, 0.008209726196738983, 0.007659610355778989], [0.022816277090746476, 0.007659610355778989, 0.11947135479480152]], "chi2_level": 0.99, "chi2_df": 3, "chi2_threshold": 11.344866730144373, "N_raw": 57, "N_roi": 57, "N_inlier": 55, "refit": true}
{"timestamp": "16:58:15.537300", "frame": 98, "mu": [1.2920771487001874, 3.290716994958954, 0.8421758763946136], "Sigma": [[0.016339783466463316, -0.007249944094139444, -0.006753160999632998], [-0.007249944094139444, 0.007383220333118002, 0.0037828988372755716], [-0.006753160999632998, 0.0037828988372755716, 0.004367619151637781]], "chi2_level": 0.99, "chi2_df": 3, "chi2_threshold": 11.344866730144373, "N_raw": 38, "N_roi": 38, "N_inlier": 35, "refit": true}
{"timestamp": "16:58:15.593635", "frame": 99, "mu": [1.162674010274296, 3.2682178364518455, 0.8149834155472642], "Sigma": [[0.01714903995294881, -0.007239657151823548, -0.004985863968681838], [-0.007239657151823548, 0.00688271991066775, 0.0019547375966831124], [-0.004985863968681838, 0.001954737596683112, 0.0022048718234260606]], "chi2_level": 0.99, "chi2_df": 3, "chi2_threshold": 11.344866730144373, "N_raw": 39, "N_roi": 39, "N_inlier": 38, "refit": true}
{"timestamp": "16:58:15.721412", "frame": 100, "mu": [1.0406333314050935, 3.3062074207290943, 0.914527945214081], "Sigma": [[0.018819662031319993, -0.0032490506460120397, -0.0010114218083421566], [-0.00324905064601204, 0.004925912491768421, -4.98842180071858e-05], [-0.0010114218083421566, -4.9884218007185775e-05, 0.0005704807720811873]], "chi2_level": 0.99, "chi2_df": 3, "chi2_threshold": 11.344866730144373, "N_raw": 47, "N_roi": 47, "N_inlier": 45, "refit": true}
{"timestamp": "16:58:15.738308", "frame": 101, "mu": [0.9030380868516503, 3.398974321269982, 0.9591022260639402], "Sigma": [[0.019735544615846996, 0.0035118493470371204, 0.008717557921911027], [0.00351184934703712, 0.014492872327701932, 0.01790939758651383], [0.008717557921911027, 0.01790939758651383, 0.025424236976483085]], "chi2_level": 0.99, "chi2_df": 3, "chi2_threshold": 11.344866730144373, "N_raw": 59, "N_roi": 59, "N_inlier": 57, "refit": true}
{"timestamp": "16:58:15.768419", "frame": 102, "mu": [0.9155414596167906, 3.357538694174402, 1.0977829820677192], "Sigma": [[0.008436079855274602, -0.002497302130174286, -0.001381778906698571], [-0.002497302130174286, 0.006546923420367725, 0.005870600864392219], [-0.001381778906698571, 0.005870600864392219, 0.007449623430158651]], "chi2_level": 0.99, "chi2_df": 3, "chi2_threshold": 11.344866730144373, "N_raw": 30, "N_roi": 29, "N_inlier": 28, "refit": true}
{"timestamp": "16:58:15.812217", "frame": 103, "mu": [0.8883074255251564, 3.4670335647704205, 1.1159831052218134], "Sigma": [[0.007728042223910106, -0.0007990934225476491, -0.005461151177692679], [-0.0007990934225476491, 0.005880404105370866, 0.002659226410453574], [-0.005461151177692679, 0.0026592264104535737, 0.01272192885646547]], "chi2_level": 0.99, "chi2_df": 3, "chi2_threshold": 11.344866730144373, "N_raw": 35, "N_roi": 35, "N_inlier": 32, "refit": true}
{"timestamp": "16:58:15.868073", "frame": 104, "mu": [0.7846847634475727, 3.5151269135667063, 1.165897416443789], "Sigma": [[0.014439705778748592, -0.00032612487567543723, -0.00952036332147264], [-0.0003261248756754372, 0.00541353333032366, 0.0018614147591481448], [-0.009520363321472642, 0.0018614147591481448, 0.011380936848137749]], "chi2_level": 0.99, "chi2_df": 3, "chi2_threshold": 11.344866730144373, "N_raw": 41, "N_roi": 41, "N_inlier": 40, "refit": true}
{"timestamp": "16:58:15.928272", "frame": 105, "mu": [0.7678991172050604, 3.4790319038590316, -0.6093894717670745], "Sigma": [[0.01706307287929289, -0.00021984529377611336, 0.0395039223632791], [-0.00021984529377611322, 0.010807183761327404, 0.0021623920469813927], [0.039503922363279105, 0.002162392046981392, 0.24846631783399914]], "chi2_level": 0.99, "chi2_df": 3, "chi2_threshold": 11.344866730144373, "N_raw": 75, "N_roi": 75, "N_inlier": 72, "refit": true}
{"timestamp": "16:58:15.982512", "frame": 106, "mu": [0.7507005874185999, 3.5404106333361804, -0.30085937880762975], "Sigma": [[0.013877344627022422, 0.0023001203938193262, 0.036080411906240256], [0.0023001203938193262, 0.00789909541730069, 0.0038469272051748493], [0.036080411906240256, 0.0038469272051748493, 0.17239820494305721]], "chi2_level": 0.99, "chi2_df": 3, "chi2_threshold": 11.344866730144373, "N_raw": 60, "N_roi": 58, "N_inlier": 57, "refit": true}
{"timestamp": "16:58:16.037296", "frame": 107, "mu": [0.7279373424034847, 3.4522731548879384, 0.9903980429298176], "Sigma": [[0.014734723232112274, -0.0038967491325412624, -0.009141016560865498], [-0.003896749132541263, 0.004101888420062801, -0.005036443963998178], [-0.009141016560865498, -0.005036443963998178, 0.04056515528811804]], "chi2_level": 0.99, "chi2_df": 3, "chi2_threshold": 11.344866730144373, "N_raw": 65, "N_roi": 61, "N_inlier": 59, "refit": true}
{"timestamp": "16:58:16.084431", "frame": 108, "mu": [0.7295466634760094, 3.6702324900844943, -0.2921235351235279], "Sigma": [[0.0049076235587800195, -0.0006740389556126777, -0.0012428333506037813], [-0.0006740389556126778, 0.005289787822643001, -0.009931273502180466], [-0.001242833350603781, -0.009931273502180466, 0.023404137374314987]], "chi2_level": 0.99, "chi2_df": 3, "chi2_threshold": 11.344866730144373, "N_raw": 15, "N_roi": 15, "N_inlier": 13, "refit": true}
{"timestamp": "16:58:16.138639", "frame": 109, "mu": [0.6296231595568456, 3.5647447831157053, 1.250825575428726], "Sigma": [[0.009937172651506551, -0.00909361666259582, -0.05161277032255109], [-0.00909361666259582, 0.013364316249286393, 0.030068743988017337], [-0.051612770322551085, 0.030068743988017337, 0.33632565415743815]], "chi2_level": 0.99, "chi2_df": 3, "chi2_threshold": 11.344866730144373, "N_raw": 9, "N_roi": 7, "N_inlier": 7, "refit": true}
