{"timestamp": "17:04:12.357347", "frame": 9, "mu": [-2.44194433431503, 3.623549731004596, 1.121358908761197], "Sigma": [[0.0017397900016921828, 0.0011482091568991576, -0.0003068035265754084], [0.0011482091568991576, 0.002102991012755576, -0.0005386711062529672], [-0.00030680352657540846, -0.0005386711062529672, 0.0001391855329577006]], "chi2_level": 0.99, "chi2_df": 3, "chi2_threshold": 11.344866730144373, "N_raw": 30, "N_roi": 8, "N_inlier": 8, "refit": true}
{"timestamp": "17:04:12.472188", "frame": 11, "mu": [-2.411036357541391, 3.449996276192601, 1.09981929523586], "Sigma": [[0.0041599785269143845, 0.001403201266001419, -0.001246320300390028], [0.001403201266001419, 0.00437514305531328, -0.007179703716263659], [-0.0012463203003900277, -0.007179703716263659, 0.013650245635108992]], "chi2_level": 0.99, "chi2_df": 3, "chi2_threshold": 11.344866730144373, "N_raw": 54, "N_roi": 19, "N_inlier": 19, "refit": true}
{"timestamp": "17:04:12.527486", "frame": 12, "mu": [-2.4055281566328626, 3.395106474334264, 1.0738810747602057], "Sigma": [[0.004514894064264211, 0.0008767251218981272, -0.001530308942629607], [0.000876725121898127, 0.005981239621703262, -0.008310343184331173], [-0.001530308942629607, -0.008310343184331173, 0.022303481377685234]], "chi2_level": 0.99, "chi2_df": 3, "chi2_threshold": 11.344866730144373, "N_raw": 55, "N_roi": 24, "N_inlier": 24, "refit": true}
{"timestamp": "17:04:12.642793", "frame": 14, "mu": [-2.322032655964863, 3.3505529628103434, 0.1527107579249614], "Sigma": [[0.011080806971083289, 0.0022230728598440675, 0.01886408566512798], [0.0022230728598440675, 0.008530195306975194, -0.00794635150770538], [0.01886408566512798, -0.00794635150770538, 0.12100314593527524]], "chi2_level": 0.99, "chi2_df": 3, "chi2_threshold": 11.344866730144373, "N_raw": 78, "N_roi": 43, "N_inlier": 43, "refit": true}
{"timestamp": "17:04:12.695439", "frame": 15, "mu": [-2.349610623764993, 3.168257474338908, 1.0219605455891192], "Sigma": [[0.0075665102811251555, 0.0027311048733591053, -0.001064134944754051], [0.0027311048733591045, 0.0047702251814748286, -0.006099512207649299], [-0.001064134944754051, -0.0060995122076492984, 0.011535281409932006]], "chi2_level": 0.99, "chi2_df": 3, "chi2_threshold": 11.344866730144373, "N_raw": 52, "N_roi": 29, "N_inlier": 29, "refit": true}
{"timestamp": "17:04:12.747190", "frame": 16, "mu": [-2.349437610814414, 3.0785229491244244, 1.111028497735579], "Sigma": [[0.007437366532458301, 0.0047517616891393066, -0.002354085958474265], [0.0047517616891393066, 0.007029747930900109, -0.0049693368548715516], [-0.002354085958474265, -0.0049693368548715516, 0.005235714169704207]], "chi2_level": 0.99, "chi2_df": 3, "chi2_threshold": 11.344866730144373, "N_raw": 41, "N_roi": 24, "N_inlier": 24, "refit": true}
{"timestamp": "17:04:12.800858", "frame": 17, "mu": [-2.3104144831802844, 3.050045951680577, 1.1375687657663505], "Sigma": [[0.010807695383190494, 0.005165162185190411, -0.008500643824033042], [0.005165162185190411, 0.0036125330410348077, -0.00743817594821223], [-0.008500643824033044, -0.00743817594821223, 0.02531419999775748]], "chi2_level": 0.99, "chi2_df": 3, "chi2_threshold": 11.344866730144373, "N_raw": 35, "N_roi": 29, "N_inlier": 27, "refit": true}
{"timestamp": "17:04:12.855819", "frame": 18, "mu": [-2.3111669141570257, 2.9383351168492533, 1.2088407544370352], "Sigma": [[0.010959765150164906, 0.0050393332694228755, -0.006155120755396079], [0.005039333269422875, 0.004154726826808417, -0.00410289171872583], [-0.006155120755396079, -0.00410289171872583, 0.005473687129428378]], "chi2_level": 0.99, "chi2_df": 3, "chi2_threshold": 11.344866730144373, "N_raw": 27, "N_roi": 22, "N_inlier": 21, "refit": true}
{"timestamp": "17:04:12.912149", "frame": 19, "mu": [-2.213657366479653, 2.9585447598209016, 1.1008516202941723], "Sigma": [[0.015684375753749556, 0.007022001898281454, -0.008403323364492364], [0.007022001898281454, 0.00535899964959191, -0.009568482777960147], [-0.008403323364492364, -0.009568482777960147, 0.02453549189734138]], "chi2_level": 0.99, "chi2_df": 3, "chi2_threshold": 11.344866730144373, "N_raw": 44, "N_roi": 44, "N_inlier": 43, "refit": true}
{"timestamp": "17:04:12.966975", "frame": 20, "mu": [-2.073434153741833, 2.9274699558215, -0.8948614254082699], "Sigma": [[0.01049001213684382, 0.005847560312741565, -0.0033662396053229095], [0.005847560312741565, 0.00498037405081985, -0.005159530417591464], [-0.0033662396053229095, -0.005159530417591464, 0.009465623243641327]], "chi2_level": 0.99, "chi2_df": 3, "chi2_threshold": 11.344866730144373, "N_raw": 35, "N_roi": 23, "N_inlier": 21, "refit": true}
{"timestamp": "17:04:13.025297", "frame": 21, "mu": [-2.05902092676062, 2.866458939730185, 1.281975006985594], "Sigma": [[0.02463837876579661, 0.010619394913428852, -0.016502890682758925], [0.010619394913428854, 0.0076295917113833505, -0.00926596640815847], [-0.01650289068275892, -0.00926596640815847, 0.014926299719132457]], "chi2_level": 0.99, "chi2_df": 3, "chi2_threshold": 11.344866730144373, "N_raw": 62, "N_roi": 46, "N_inlier": 45, "refit": true}
{"timestamp": "17:04:13.078614", "frame": 22, "mu": [-1.9357909804656566, 2.896644413264032, 1.1416800747248852], "Sigma": [[0.010505099575533331, 0.004225548211818458, -0.011129887921570297], [0.004225548211818457, 0.004495426906556812, -0.009261494658853531], [-0.011129887921570296, -0.009261494658853531, 0.021918976466780125]], "chi2_level": 0.99, "chi2_df": 3, "chi2_threshold": 11.344866730144373, "N_raw": 42, "N_roi": 28, "N_inlier": 25, "refit": true}
{"timestamp": "17:04:13.131742", "frame": 23, "mu": [-1.9387128340729542, 2.86064252953343, 1.2695265076165054], "Sigma": [[0.013475536331392925, 0.006194142094074211, -0.006280670729007221], [0.006194142094074211, 0.0060206993044833205, -0.005814405916138338], [-0.006280670729007221, -0.005814405916138337, 0.0068667619815721845]], "chi2_level": 0.99, "chi2_df": 3, "chi2_threshold": 11.344866730144373, "N_raw": 36, "N_roi": 36, "N_inlier": 35, "refit": true}
{"timestamp": "17:04:13.188547", "frame": 24, "mu": [-1.910422004698057, 2.9058783008710134, -0.1379270366208512], "Sigma": [[0.01772626696595192, 0.008838841304081642, -0.012320239639146212], [0.008838841304081642, 0.009449285424402957, -0.011596306516260022], [-0.012320239639146212, -0.011596306516260022, 0.015713346627039583]], "chi2_level": 0.99, "chi2_df": 3, "chi2_threshold": 11.344866730144373, "N_raw": 47, "N_roi": 47, "N_inlier": 45, "refit": true}
{"timestamp": "17:04:13.245355", "frame": 25, "mu": [-1.8509657863176112, 2.7484050584875597, 1.1149122432068908], "Sigma": [[0.016758863185652586, 0.00642123442341363, -0.005916621498475647], [0.00642123442341363, 0.005152669528942659, -0.006705484446858027], [-0.005916621498475647, -0.006705484446858028, 0.015500188417739228]], "chi2_level": 0.99, "chi2_df": 3, "chi2_threshold": 11.344866730144373, "N_raw": 51, "N_roi": 51, "N_inlier": 50, "refit": true}
{"timestamp": "17:04:13.300258", "frame": 26, "mu": [-1.792152552502682, 2.6562814066915594, 1.137255053490253], "Sigma": [[0.01662906175408154, 0.004931557996490113, -0.01023141389943533], [0.004931557996490113, 0.0046191326420299125, -0.007193322364856796], [-0.01023141389943533, -0.007193322364856796, 0.01680298737941355]], "chi2_level": 0.99, "chi2_df": 3, "chi2_threshold": 11.344866730144373, "N_raw": 57, "N_roi": 57, "N_inlier": 52, "refit": true}
{"timestamp": "17:04:13.354866", "frame": 27, "mu": [-1.6727512931558342, 2.619399890528953, 1.028417801466184], "Sigma": [[0.0116001802025978, 0.003707369187027864, -0.005296469425426959], [0.003707369187027865, 0.005238098643932056, -0.005226525005980294], [-0.00529646942542696, -0.005226525005980294, 0.011464437786132842]], "chi2_level": 0.99, "chi2_df": 3, "chi2_threshold": 11.344866730144373, "N_raw": 50, "N_roi": 49, "N_inlier": 46, "refit": true}
{"timestamp": "17:04:13.409900", "frame": 28, "mu": [-1.6264199221176507, 2.6045421611066004, 1.164982810978053], "Sigma": [[0.01618248715624051, 0.007647779238529644, -0.011086428555966794], [0.007647779238529644, 0.0075208021296734005, -0.010619752785493895], [-0.011086428555966796, -0.010619752785493895, 0.01734499736866264]], "chi2_level": 0.99, "chi2_df": 3, "chi2_threshold": 11.344866730144373, "N_raw": 57, "N_roi": 57, "N_inlier": 56, "refit": true}
{"timestamp": "17:04:13.466389", "frame": 29, "mu": [-1.5340337127951844, 2.6228987476000842, 1.1289717644611839], "Sigma": [[0.01362814211822174, 0.008184736498711785, -0.004412056360229871], [0.008184736498711785, 0.011697796682725392, -0.00716269998661867], [-0.004412056360229872, -0.007162699986618669, 0.0057204222154145215]], "chi2_level": 0.99, "chi2_df": 3, "chi2_threshold": 11.344866730144373, "N_raw": 57, "N_roi": 55, "N_inlier": 55, "refit": true}
{"timestamp": "17:04:13.518524", "frame": 30, "mu": [-1.6408884482276536, 2.5208410838225657, -0.09244602876833008], "Sigma": [[0.011027610274882254, 0.005694949536647929, -0.0024858892536894638], [0.005694949536647929, 0.008909365129035033, -0.006694899559469385], [-0.0024858892536894633, -0.006694899559469385, 0.006864283976159768]], "chi2_level": 0.99, "chi2_df": 3, "chi2_threshold": 11.344866730144373, "N_raw": 47, "N_roi": 47, "N_inlier": 46, "refit": true}
{"timestamp": "17:04:13.577692", "frame": 31, "mu": [-1.517494980515704, 2.4442183211801876, 1.2910554218622896], "Sigma": [[0.017473609541117187, 0.010876513298420085, -0.01072847311990992], [0.010876513298420085, 0.01233481578039876, -0.016734475173345097], [-0.01072847311990992, -0.016734475173345097, 0.031307316830461486]], "chi2_level": 0.99, "chi2_df": 3, "chi2_threshold": 11.344866730144373, "N_raw": 70, "N_roi": 69, "N_inlier": 68, "refit": true}
{"timestamp": "17:04:13.627823", "frame": 32, "mu": [-1.5975014883718779, 2.4303519497705746, -0.29923506715054554], "Sigma": [[0.00898576954184491, 0.011659783173727657, -0.018584235552676527], [0.011659783173727657, 0.04245618626114371, -0.07190773569385825], [-0.01858423555267653, -0.07190773569385825, 0.14235113358736295]], "chi2_level": 0.99, "chi2_df": 3, "chi2_threshold": 11.344866730144373, "N_raw": 35, "N_roi": 35, "N_inlier": 31, "refit": true}
{"timestamp": "17:04:13.684641", "frame": 33, "mu": [-1.461326486008827, 2.307688210082276, 1.3180410518648558], "Sigma": [[0.010930301460436926, 0.003911416731372441, -0.009488723262767984], [0.003911416731372441, 0.005782584612838933, -0.007392770795824021], [-0.009488723262767984, -0.007392770795824021, 0.014561611718356111]], "chi2_level": 0.99, "chi2_df": 3, "chi2_threshold": 11.344866730144373, "N_raw": 52, "N_roi": 52, "N_inlier": 50, "refit": true}
{"timestamp": "17:04:13.740088", "frame": 34, "mu": [-1.29182655174742, 2.3902840067826387, 1.029096981523023], "Sigma": [[0.011784704921079534, 0.002188178574695308, -0.013418278560450964], [0.002188178574695308, 0.002523323414198416, -0.007011925530558717], [-0.013418278560450964, -0.007011925530558717, 0.031119452783573223]], "chi2_level": 0.99, "chi2_df": 3, "chi2_threshold": 11.344866730144373, "N_raw": 51, "N_roi": 48, "N_inlier": 45, "refit": true}
{"timestamp": "17:04:13.799040", "frame": 35, "mu": [-1.2802803820036903, 2.2906194283446837, 1.3138769139757822], "Sigma": [[0.012954082306543857, 0.00308266966857125, -0.006228423931822926], [0.0030826696685712497, 0.006543279803073507, -0.008626080809534406], [-0.006228423931822926, -0.008626080809534406, 0.013362611616361389]], "chi2_level": 0.99, "chi2_df": 3, "chi2_threshold": 11.344866730144373, "N_raw": 78, "N_roi": 74, "N_inlier": 72, "refit": true}
{"timestamp": "17:04:13.846915", "frame": 36, "mu": [-1.255002771623353, 2.299161114370005, 1.0818091032821548], "Sigma": [[0.009820184836302622, 0.0009369512179211246, -0.016756151162155467], [0.0009369512179211246, 0.00585833390742366, -0.0037548019374623745], [-0.016756151162155467, -0.0037548019374623745, 0.03373071726435358]], "chi2_level": 0.99, "chi2_df": 3, "chi2_threshold": 11.344866730144373, "N_raw": 32, "N_roi": 31, "N_inlier": 28, "refit": true}
{"timestamp": "17:04:13.988589", "frame": 37, "mu": [-1.1342482732363357, 2.172016660785423, 0.900170625833282], "Sigma": [[0.011593571282170766, 0.005368671147754772, -0.01808165773028532], [0.005368671147754772, 0.005834250296826555, -0.014448659156418436], [-0.01808165773028532, -0.014448659156418438, 0.04487935784424674]], "chi2_level": 0.99, "chi2_df": 3, "chi2_threshold": 11.344866730144373, "N_raw": 57, "N_roi": 57, "N_inlier": 56, "refit": true}
{"timestamp": "17:04:14.016424", "frame": 38, "mu": [-1.0459204715427177, 2.1390719975012518, 0.958607570570603], "Sigma": [[0.021676645653215386, 0.01236627273286776, -0.03233430538860434], [0.01236627273286776, 0.011137708214805421, -0.024432975448484384], [-0.03233430538860434, -0.024432975448484384, 0.058714425806074735]], "chi2_level": 0.99, "chi2_df": 3, "chi2_threshold": 11.344866730144373, "N_raw": 56, "N_roi": 56, "N_inlier": 52, "refit": true}
{"timestamp": "17:04:14.047101", "frame": 39, "mu": [-1.0680836866713033, 2.089894568112349, 1.0781435519611013], "Sigma": [[0.009209151971354315, 0.00039120405339650925, -0.011785720193391136], [0.00039120405339650936, 0.00200538950556385, -0.00821391866937968], [-0.011785720193391136, -0.00821391866937968, 0.0626199360299845]], "chi2_level": 0.99, "chi2_df": 3, "chi2_threshold": 11.344866730144373, "N_raw": 69, "N_roi": 69, "N_inlier": 65, "refit": true}
{"timestamp": "17:04:14.078953", "frame": 40, "mu": [-0.9242159560295051, 2.1368688777403597, 1.1100081070137677], "Sigma": [[0.022798166065371564, 0.0012364050794750722, -0.005550841396808975], [0.0012364050794750722, 0.0019161056333067332, -0.001594702512016655], [-0.005550841396808974, -0.0015947025120166551, 0.045413977209470074]], "chi2_level": 0.99, "chi2_df": 3, "chi2_threshold": 11.344866730144373, "N_raw": 58, "N_roi": 58, "N_inlier": 54, "refit": true}
{"timestamp": "17:04:14.131994", "frame": 41, "mu": [-0.9461503691337603, 2.0443698395747925, 1.1687990110657438], "Sigma": [[0.0273073351168306, -0.000688203893048438, -0.018591855091617728], [-0.0006882038930484381, 0.002775883852251273, -0.0037617531340835906], [-0.018591855091617728, -0.0037617531340835906, 0.02414290427216965]], "chi2_level": 0.99, "chi2_df": 3, "chi2_threshold": 11.344866730144373, "N_raw": 99, "N_roi": 97, "N_inlier": 93, "refit": true}
{"timestamp": "17:04:14.181388", "frame": 42, "mu": [-0.8751820863229031, 1.9937774145239118, 1.2091740415385228], "Sigma": [[0.011186634987100813, 0.003386389822740488, -0.012832668088761063], [0.0033863898227404887, 0.004764228451845311, -0.010536766760958912], [-0.012832668088761063, -0.010536766760958912, 0.028447297714853693]], "chi2_level": 0.99, "chi2_df": 3, "chi2_threshold": 11.344866730144373, "N_raw": 55, "N_roi": 55, "N_inlier": 52, "refit": true}
{"timestamp": "17:04:14.237900", "frame": 43, "mu": [-0.8668593313355244, 1.9727300510872463, 1.2393761204021483], "Sigma": [[0.03452812188717165, 0.014747157584951098, -0.027633264229919133], [0.014747157584951098, 0.009232199514610842, -0.015077583536045136], [-0.027633264229919137, -0.015077583536045134, 0.026961600830079188]], "chi2_level": 0.99, "chi2_df": 3, "chi2_threshold": 11.344866730144373, "N_raw": 68, "N_roi": 66, "N_inlier": 62, "refit": true}
{"timestamp": "17:04:14.288610", "frame": 44, "mu": [-0.6763073259842847, 1.9616701902063385, 1.3250610555806708], "Sigma": [[0.01501535864990359, 0.00756303901920489, -0.021324866481570136], [0.00756303901920489, 0.0051077944221501114, -0.014361955748233134], [-0.021324866481570136, -0.014361955748233134, 0.043083618642535286]], "chi2_level": 0.99, "chi2_df": 3, "chi2_threshold": 11.344866730144373, "N_raw": 42, "N_roi": 40, "N_inlier": 37, "refit": true}
{"timestamp": "17:04:14.347162", "frame": 45, "mu": [-0.6712867679906075, 2.016359943653029, -0.21835078610357048], "Sigma": [[0.015106899357875498, 0.011555497687811066, -0.0078762579121791], [0.011555497687811066, 0.01615340827060016, -0.010360163630553905], [-0.0078762579121791, -0.010360163630553905, 0.008446245421867865]], "chi2_level": 0.99, "chi2_df": 3, "chi2_threshold": 11.344866730144373, "N_raw": 68, "N_roi": 65, "N_inlier": 62, "refit": true}
{"timestamp": "17:04:14.402076", "frame": 46, "mu": [-0.5186987750841026, 1.9133448310883097, 1.1880141092200192], "Sigma": [[0.03623874357130799, 0.016201452013319597, -0.024944597458754297], [0.016201452013319597, 0.00955977532887685, -0.013372180211132647], [-0.024944597458754297, -0.013372180211132647, 0.020640244959497307]], "chi2_level": 0.99, "chi2_df": 3, "chi2_threshold": 11.344866730144373, "N_raw": 64, "N_roi": 64, "N_inlier": 61, "refit": true}
{"timestamp": "17:04:14.459927", "frame": 47, "mu": [-0.5418268891581273, 1.7841634965832964, 1.1571429344927373], "Sigma": [[0.019868050647616618, 0.012655143199508986, -0.007378291825980592], [0.01265514319950899, 0.012170690609143373, -0.007565907402830051], [-0.007378291825980592, -0.007565907402830051, 0.01238995780092319]], "chi2_level": 0.99, "chi2_df": 3, "chi2_threshold": 11.344866730144373, "N_raw": 86, "N_roi": 86, "N_inlier": 84, "refit": true}
{"timestamp": "17:04:14.514035", "frame": 48, "mu": [-0.5385221297718704, 1.7628712261574138, 1.2771299406706604], "Sigma": [[0.014017594870945045, 0.005311002794059936, -0.01552061197395509], [0.005311002794059936, 0.006054656401436848, -0.015000706651670082], [-0.015520611973955092, -0.015000706651670082, 0.04417391555323645]], "chi2_level": 0.99, "chi2_df": 3, "chi2_threshold": 11.344866730144373, "N_raw": 74, "N_roi": 74, "N_inlier": 73, "refit": true}
{"timestamp": "17:04:14.572436", "frame": 49, "mu": [-0.438780302573782, 1.7464555495539895, 1.1075326209922536], "Sigma": [[0.025320034146740417, 0.01614326584198226, -0.01664431125668385], [0.01614326584198226, 0.014243776156009637, -0.01587478769860199], [-0.01664431125668385, -0.01587478769860199, 0.02516358358482851]], "chi2_level": 0.99, "chi2_df": 3, "chi2_threshold": 11.344866730144373, "N_raw": 110, "N_roi": 110, "N_inlier": 107, "refit": true}
{"timestamp": "17:04:14.634787", "frame": 50, "mu": [-0.402390023004682, 1.742327175890668, 1.1789866502435378], "Sigma": [[0.011715298136550438, 0.006747228078230983, -0.009376312286361215], [0.006747228078230983, 0.008637085502187248, -0.011824231709980454], [-0.009376312286361217, -0.011824231709980454, 0.05241907554454864]], "chi2_level": 0.99, "chi2_df": 3, "chi2_threshold": 11.344866730144373, "N_raw": 140, "N_roi": 140, "N_inlier": 136, "refit": true}
{"timestamp": "17:04:14.682495", "frame": 51, "mu": [-0.4095830663048098, 1.5273749956292622, 1.1200457576442338], "Sigma": [[0.007883616367460676, -0.0025184559594614163, -0.017746002286211152], [-0.0025184559594614167, 0.012401332630661482, 0.022862499125665972], [-0.017746002286211152, 0.022862499125665972, 0.12707981906445767]], "chi2_level": 0.99, "chi2_df": 3, "chi2_threshold": 11.344866730144373, "N_raw": 97, "N_roi": 97, "N_inlier": 93, "refit": true}
{"timestamp": "17:04:14.736476", "frame": 52, "mu": [-0.36129036042460544, 1.4545343782091007, 0.961371856850105], "Sigma": [[0.011407210918121535, 0.003067583713383751, -0.021488368694810727], [0.003067583713383751, 0.013204793915340284, -0.006613415805717329], [-0.021488368694810727, -0.006613415805717329, 0.04840492521529834]], "chi2_level": 0.99, "chi2_df": 3, "chi2_threshold": 11.344866730144373, "N_raw": 90, "N_roi": 88, "N_inlier": 84, "refit": true}
{"timestamp": "17:04:14.798763", "frame": 53, "mu": [-0.3335913418109352, 1.4233884772592376, 1.1043407202971123], "Sigma": [[0.013415234429967803, -0.007235285679005044, -0.022024429824872925], [-0.007235285679005044, 0.025046262335931938, 0.020181238517728958], [-0.022024429824872925, 0.020181238517728954, 0.05138009037752905]], "chi2_level": 0.99, "chi2_df": 3, "chi2_threshold": 11.344866730144373, "N_raw": 137, "N_roi": 134, "N_inlier": 129, "refit": true}
{"timestamp": "17:04:14.854206", "frame": 54, "mu": [-0.2513668848873446, 1.3111835739281088, 1.0884269492339416], "Sigma": [[0.01974394177125704, -0.015598019060174016, -0.032278941713585654], [-0.015598019060174016, 0.018952270744465254, 0.028353329853141557], [-0.032278941713585654, 0.028353329853141557, 0.06642283890215002]], "chi2_level": 0.99, "chi2_df": 3, "chi2_threshold": 11.344866730144373, "N_raw": 138, "N_roi": 138, "N_inlier": 127, "refit": true}
{"timestamp": "17:04:14.902829", "frame": 55, "mu": [-0.26184159345641467, 1.3894631901692482, 1.3148048511067676], "Sigma": [[0.007430432142649991, -0.0072702781348377415, -0.01606001652655576], [-0.007270278134837742, 0.02157647628173504, 0.023869056637328794], [-0.016060016526555757, 0.023869056637328794, 0.05634488291945286]], "chi2_level": 0.99, "chi2_df": 3, "chi2_threshold": 11.344866730144373, "N_raw": 97, "N_roi": 97, "N_inlier": 93, "refit": true}
{"timestamp": "17:04:14.965312", "frame": 56, "mu": [-0.17194072478602074, 1.3707866860620923, 1.359316964641872], "Sigma": [[0.019428778821826323, -0.007923230534672672, -0.01566849337595443], [-0.00792323053467267, 0.02112545826519588, 0.028058722963832404], [-0.01566849337595443, 0.0280587229638324, 0.06592534372286322]], "chi2_level": 0.99, "chi2_df": 3, "chi2_threshold": 11.344866730144373, "N_raw": 148, "N_roi": 145, "N_inlier": 138, "refit": true}
{"timestamp": "17:04:15.013542", "frame": 57, "mu": [-0.1665843038618577, 1.3240206875812675, 1.3644054470459297], "Sigma": [[0.007710473685085785, 0.00033549169022186555, 0.00398728938441087], [0.00033549169022186566, 0.005942805360894542, 0.014131826161859956], [0.003987289384410871, 0.014131826161859956, 0.0705610051224658]], "chi2_level": 0.99, "chi2_df": 3, "chi2_threshold": 11.344866730144373, "N_raw": 108, "N_roi": 107, "N_inlier": 102, "refit": true}
{"timestamp": "17:04:15.072359", "frame": 58, "mu": [-0.038803094111688814, 1.4137593849087717, 1.4791455305556969], "Sigma": [[0.006885227461244413, 0.00253128604100049, -0.0007852307853844893], [0.00253128604100049, 0.009315825777103048, -0.003229393811560772], [-0.0007852307853844893, -0.003229393811560772, 0.023776215714878368]], "chi2_level": 0.99, "chi2_df": 3, "chi2_threshold": 11.344866730144373, "N_raw": 131, "N_roi": 128, "N_inlier": 124, "refit": true}
{"timestamp": "17:04:15.127987", "frame": 59, "mu": [-0.04852386809249448, 1.263470538694305, 1.3048128648483275], "Sigma": [[0.009929259394227842, 0.0013912904031783532, 0.001810902067354716], [0.0013912904031783537, 0.005690197375995521, 0.014863571613036223], [0.0018109020673547163, 0.014863571613036222, 0.09160869473260495]], "chi2_level": 0.99, "chi2_df": 3, "chi2_threshold": 11.344866730144373, "N_raw": 133, "N_roi": 133, "N_inlier": 127, "refit": true}
{"timestamp": "17:04:15.184294", "frame": 60, "mu": [0.06617068287385583, 1.3099429398663593, 1.3987686226803415], "Sigma": [[0.0240665354236574, -0.0035467748933239777, -0.03471941242499508], [-0.003546774893323978, 0.00838035928703381, 0.010038326809776888], [-0.03471941242499508, 0.010038326809776888, 0.10620564531157939]], "chi2_level": 0.99, "chi2_df": 3, "chi2_threshold": 11.344866730144373, "N_raw": 140, "N_roi": 140, "N_inlier": 135, "refit": true}
{"timestamp": "17:04:15.241167", "frame": 61, "mu": [0.08447819457543379, 1.2336634518542167, 1.1369182622257612], "Sigma": [[0.033946963326157376, 0.012030092253551672, -0.002731051645538791], [0.012030092253551672, 0.009187011114443411, 0.009685018029925172], [-0.002731051645538791, 0.009685018029925172, 0.14812297685509782]], "chi2_level": 0.99, "chi2_df": 3, "chi2_threshold": 11.344866730144373, "N_raw": 150, "N_roi": 148, "N_inlier": 143, "refit": true}
{"timestamp": "17:04:15.293058", "frame": 62, "mu": [0.04380401843587838, 1.2084861303653316, 1.0653703725131236], "Sigma": [[0.007732056980649614, 0.0038274539868916853, 0.009286335568423827], [0.0038274539868916853, 0.008166135314670567, 0.019042412462628413], [0.009286335568423827, 0.019042412462628413, 0.2490647451054906]], "chi2_level": 0.99, "chi2_df": 3, "chi2_threshold": 11.344866730144373, "N_raw": 133, "N_roi": 133, "N_inlier": 128, "refit": true}
{"timestamp": "17:04:15.338050", "frame": 63, "mu": [0.10579328636625271, 1.166922137421654, 0.8004766655687516], "Sigma": [[0.011004006354278744, -0.0028116784361440217, 0.0373401519136105], [-0.0028116784361440213, 0.004310735535538698, -0.025826947231605193], [0.0373401519136105, -0.025826947231605196, 0.4619639346167977]], "chi2_level": 0.99, "chi2_df": 3, "chi2_threshold": 11.344866730144373, "N_raw": 55, "N_roi": 52, "N_inlier": 49, "refit": true}
{"timestamp": "17:04:15.396675", "frame": 64, "mu": [0.32995713379936786, 1.1488484636472602, 1.0688662641747537], "Sigma": [[0.03463219057021973, -0.005960443616566424, 0.0036614432609644843], [-0.005960443616566424, 0.008830092381995844, -0.0386890332730093], [0.0036614432609644834, -0.0386890332730093, 0.44668236797683497]], "chi2_level": 0.99, "chi2_df": 3, "chi2_threshold": 11.344866730144373, "N_raw": 92, "N_roi": 92, "N_inlier": 90, "refit": true}
{"timestamp": "17:04:15.446987", "frame": 65, "mu": [0.465342468508249, 1.0325721048259222, 1.0133216903939304], "Sigma": [[0.07205248627897762, 0.0031293310118566744, 0.015284880655594453], [0.0031293310118566753, 0.0037335801246133936, 0.005936199931040956], [0.015284880655594453, 0.005936199931040956, 0.0334431808769642]], "chi2_level": 0.99, "chi2_df": 3, "chi2_threshold": 11.344866730144373, "N_raw": 62, "N_roi": 62, "N_inlier": 58, "refit": true}
{"timestamp": "17:04:15.506184", "frame": 66, "mu": [0.3218604268553519, 1.0177423408357138, 1.5495018723988292], "Sigma": [[0.004862455141178509, 0.0011354690238117757, -0.0015339360181291812], [0.001135469023811776, 0.00519974503508504, -0.0030845299355428094], [-0.0015339360181291814, -0.0030845299355428094, 0.004083543096348665]], "chi2_level": 0.99, "chi2_df": 3, "chi2_threshold": 11.344866730144373, "N_raw": 86, "N_roi": 86, "N_inlier": 77, "refit": true}
{"timestamp": "17:04:15.568168", "frame": 67, "mu": [0.37459027633561953, 0.9785928618624027, 1.3486608291693387], "Sigma": [[0.027237246887353135, 0.0059393231279933284, -0.014130091248168584], [0.0059393231279933284, 0.004715921387134388, -0.005760871914180809], [-0.014130091248168584, -0.005760871914180809, 0.06383940645236633]], "chi2_level": 0.99, "chi2_df": 3, "chi2_threshold": 11.344866730144373, "N_raw": 140, "N_roi": 140, "N_inlier": 135, "refit": true}
{"timestamp": "17:04:15.616640", "frame": 68, "mu": [0.3326712412826277, 0.9281866234330024, 1.4302683251189314], "Sigma": [[0.003530615512966193, 0.0002449614239153741, -0.0015021636650975837], [0.000244961423915374, 0.0028407140913744395, -0.0017638033847546261], [-0.0015021636650975837, -0.0017638033847546261, 0.016359790792710598]], "chi2_level": 0.99, "chi2_df": 3, "chi2_threshold": 11.344866730144373, "N_raw": 89, "N_roi": 89, "N_inlier": 83, "refit": true}
{"timestamp": "17:04:15.664338", "frame": 69, "mu": [0.41886669081568456, 0.8545420662730501, 1.4749896966888083], "Sigma": [[0.0038038057687603726, -0.0013718071621160854, 0.003812553083814077], [-0.0013718071621160854, 0.0025864604430846172, -0.00020873486617010236], [0.0038125530838140774, -0.00020873486617010236, 0.022500957168499723]], "chi2_level": 0.99, "chi2_df": 3, "chi2_threshold": 11.344866730144373, "N_raw": 42, "N_roi": 42, "N_inlier": 39, "refit": true}
{"timestamp": "17:04:15.720170", "frame": 70, "mu": [0.4541447919310387, 0.786517135119968, 1.4691386439383107], "Sigma": [[0.003743211030903933, 0.0016665048551024997, 0.00382974652749746], [0.0016665048551024997, 0.001674213245885856, 0.0007871698259832658], [0.003829746527497459, 0.0007871698259832658, 0.020219230496411444]], "chi2_level": 0.99, "chi2_df": 3, "chi2_threshold": 11.344866730144373, "N_raw": 60, "N_roi": 60, "N_inlier": 56, "refit": true}
{"timestamp": "17:04:15.776753", "frame": 71, "mu": [0.45794736430855937, 0.7768951982625792, 1.4788120014019794], "Sigma": [[0.002808557458914413, 0.001954519575058468, 0.00121464310235947], [0.001954519575058468, 0.002705453489755216, 0.0014897253963403905], [0.00121464310235947, 0.0014897253963403907, 0.01647918083315683]], "chi2_level": 0.99, "chi2_df": 3, "chi2_threshold": 11.344866730144373, "N_raw": 64, "N_roi": 64, "N_inlier": 61, "refit": true}
{"timestamp": "17:04:15.825204", "frame": 72, "mu": [0.552297034447219, 0.7091119683196094, 1.126344360712719], "Sigma": [[0.0039486743766006475, 0.0023003193757577685, -0.03159557341362494], [0.0023003193757577685, 0.0037925794160805146, -0.020289140928642077], [-0.03159557341362494, -0.020289140928642077, 0.2933667364064911]], "chi2_level": 0.99, "chi2_df": 3, "chi2_threshold": 11.344866730144373, "N_raw": 14, "N_roi": 14, "N_inlier": 13, "refit": true}
{"timestamp": "17:04:15.882821", "frame": 73, "mu": [0.5373694249579499, 0.6627314522076161, 1.4457848953577215], "Sigma": [[0.0018958715940164794, 0.0016467601774953905, 0.0006951169554404212], [0.0016467601774953903, 0.001779032296198984, 0.0014114057717889259], [0.0006951169554404212, 0.0014114057717889259, 0.011257694365447705]], "chi2_level": 0.99, "chi2_df": 3, "chi2_threshold": 11.344866730144373, "N_raw": 40, "N_roi": 40, "N_inlier": 36, "refit": true}
{"timestamp": "17:04:15.935669", "frame": 74, "mu": [0.6220500736738164, 0.6640803653490032, 0.9075147831274852], "Sigma": [[0.009193004093527852, 0.005619275891576833, -0.01687627111509221], [0.005619275891576833, 0.005212171254548869, -0.015851650307382593], [-0.016876271115092212, -0.015851650307382593, 0.16241149690561985]], "chi2_level": 0.99, "chi2_df": 3, "chi2_threshold": 11.344866730144373, "N_raw": 20, "N_roi": 20, "N_inlier": 19, "refit": true}
{"timestamp": "17:04:15.991910", "frame": 75, "mu": [0.6742896119383676, 0.6357967876420851, 1.430925455151781], "Sigma": [[0.004440352205578011, -0.0020981995065303865, -0.022527643215980477], [-0.0020981995065303865, 0.0032933283008417676, 0.022918363120331072], [-0.022527643215980477, 0.02291836312033107, 0.2203917004326463]], "chi2_level": 0.99, "chi2_df": 3, "chi2_threshold": 11.344866730144373, "N_raw": 29, "N_roi": 29, "N_inlier": 29, "refit": true}
{"timestamp": "17:04:16.046432", "frame": 76, "mu": [0.7170140556602427, 0.5507142299956173, 1.2845306589886198], "Sigma": [[0.004250319264584038, -0.0013972883628061946, -0.01657813466791675], [-0.0013972883628061946, 0.0013125802539213467, 0.01367299277949161], [-0.01657813466791675, 0.01367299277949161, 0.23581141057003072]], "chi2_level": 0.99, "chi2_df": 3, "chi2_threshold": 11.344866730144373, "N_raw": 27, "N_roi": 27, "N_inlier": 24, "refit": true}
{"timestamp": "17:04:16.098399", "frame": 77, "mu": [0.7915195668928915, 0.5848261609153265, 1.0836089048501787], "Sigma": [[0.008197611797228681, -0.005502005570663856, -0.04794144140112748], [-0.005502005570663856, 0.006742957273191392, 0.02508859883469856], [-0.04794144140112748, 0.025088598834698557, 0.4506086606336978]], "chi2_level": 0.99, "chi2_df": 3, "chi2_threshold": 11.344866730144373, "N_raw": 11, "N_roi": 11, "N_inlier": 11, "refit": true}
{"timestamp": "17:04:16.153633", "frame": 78, "mu": [0.7728287707355675, 0.5255508028036113, 0.5054278644119325], "Sigma": [[0.003340652772868004, -0.0018326720718281194, 0.03030442102093015], [-0.0018326720718281194, 0.009049504792785499, -0.035940830813356146], [0.03030442102093015, -0.035940830813356146, 0.4654089518120209]], "chi2_level": 0.99, "chi2_df": 3, "chi2_threshold": 11.344866730144373, "N_raw": 12, "N_roi": 12, "N_inlier": 12, "refit": true}
{"timestamp": "17:04:16.208376", "frame": 79, "mu": [0.9067467449025081, 0.6515858555311157, -0.8402964692205404], "Sigma": [[0.0063299623923558585, 0.009380827447409399, -0.02331979314805236], [0.009380827447409399, 0.02798806598308857, -0.09214761817667427], [-0.023319793148052364, -0.09214761817667429, 0.35548495047232215]], "chi2_level": 0.99, "chi2_df": 3, "chi2_threshold": 11.344866730144373, "N_raw": 8, "N_roi": 8, "N_inlier": 8, "refit": true}
{"timestamp": "17:04:16.263739", "frame": 80, "mu": [0.9655178752364191, 0.438113458202651, 0.8032418094072455], "Sigma": [[0.01075712380319436, 0.0020570463968438845, -0.061051401119489715], [0.002057046396843884, 0.0011191908477677511, -0.018306601296908285], [-0.061051401119489715, -0.018306601296908285, 0.5049135778512404]], "chi2_level": 0.99, "chi2_df": 3, "chi2_threshold": 11.344866730144373, "N_raw": 8, "N_roi": 8, "N_inlier": 8, "refit": true}
{"timestamp": "17:04:16.318344", "frame": 81, "mu": [0.8352394050693069, 0.22548747983397951, 0.7740632075975615], "Sigma": [[0.3631833820319833, 0.0008535519861675989, -0.189602965306208], [0.000853551986167598, 0.016588602086768916, 0.026730130944976768], [-0.189602965306208, 0.026730130944976768, 0.3063031493732129]], "chi2_level": 0.99, "chi2_df": 3, "chi2_threshold": 11.344866730144373, "N_raw": 9, "N_roi": 9, "N_inlier": 9, "refit": true}
