{"timestamp": "17:06:25.077453", "frame": 20, "mu": [-0.6432106152809249, 0.3758126945724653, 0.9656816619958838], "Sigma": [[0.9879899728823756, -0.008744337063041244, 0.2147717863812203], [-0.008744337063041244, 0.01253132596439547, -0.054320107751721726], [0.2147717863812203, -0.05432010775172172, 0.3187715666908749]], "chi2_level": 0.99, "chi2_df": 3, "chi2_threshold": 11.344866730144373, "N_raw": 16, "N_roi": 16, "N_inlier": 15, "refit": true}
{"timestamp": "17:06:25.137428", "frame": 21, "mu": [-0.7654010799770511, 0.2818502357074999, 1.382334509589634], "Sigma": [[0.7478972476191517, 0.002557459475418607, 0.03377940428386419], [0.002557459475418607, 0.0030440703329407473, -0.004443147857231126], [0.03377940428386419, -0.004443147857231127, 0.0127145213646028]], "chi2_level": 0.99, "chi2_df": 3, "chi2_threshold": 11.344866730144373, "N_raw": 44, "N_roi": 44, "N_inlier": 38, "refit": true}
{"timestamp": "17:06:25.189864", "frame": 22, "mu": [-1.1450832180349577, 0.3529284954371624, 1.3446333340383212], "Sigma": [[0.004004772801038582, 0.004099812785450522, 0.007430395670593195], [0.004099812785450522, 0.00637257124944528, 0.005879906331681942], [0.007430395670593195, 0.005879906331681941, 0.04579577643334022]], "chi2_level": 0.99, "chi2_df": 3, "chi2_threshold": 11.344866730144373, "N_raw": 31, "N_roi": 31, "N_inlier": 29, "refit": true}
{"timestamp": "17:06:25.248300", "frame": 23, "mu": [-0.9821933677648514, 0.388640743977685, 1.46065789380019], "Sigma": [[0.3664746744483476, -0.021492691753127912, 0.013679040449086747], [-0.021492691753127912, 0.006396629657004847, -0.00462812963928995], [0.013679040449086745, -0.00462812963928995, 0.00824638278678062]], "chi2_level": 0.99, "chi2_df": 3, "chi2_threshold": 11.344866730144373, "N_raw": 59, "N_roi": 59, "N_inlier": 57, "refit": true}
{"timestamp": "17:06:25.301894", "frame": 24, "mu": [-1.0733630316496017, 0.38787782272060845, 1.500197622881468], "Sigma": [[0.006490286190929564, 0.0012862451806928041, -0.0006201875987378491], [0.0012862451806928041, 0.005039563284314653, -0.003094139138393269], [-0.0006201875987378491, -0.003094139138393269, 0.002562304260302461]], "chi2_level": 0.99, "chi2_df": 3, "chi2_threshold": 11.344866730144373, "N_raw": 50, "N_roi": 50, "N_inlier": 48, "refit": true}
{"timestamp": "17:06:25.361611", "frame": 25, "mu": [-1.0937163463655515, 0.485203801122961, 1.5385849436329362], "Sigma": [[0.00894820288428474, 0.0005765130572635768, 0.0013927104620666993], [0.0005765130572635768, 0.005667504019755144, -0.004402179798609187], [0.0013927104620666993, -0.004402179798609187, 0.005844860032565148]], "chi2_level": 0.99, "chi2_df": 3, "chi2_threshold": 11.344866730144373, "N_raw": 79, "N_roi": 79, "N_inlier": 77, "refit": true}
{"timestamp": "17:06:25.416608", "frame": 26, "mu": [-1.087682973180271, 0.5226714736435035, 1.588408241007518], "Sigma": [[0.008226799413329931, 0.0005824067209599994, 0.0007466183717370819], [0.0005824067209599995, 0.0056999063951151995, -0.004334406971886069], [0.000746618371737082, -0.004334406971886069, 0.004521386200236836]], "chi2_level": 0.99, "chi2_df": 3, "chi2_threshold": 11.344866730144373, "N_raw": 77, "N_roi": 77, "N_inlier": 70, "refit": true}
{"timestamp": "17:06:25.477911", "frame": 27, "mu": [-0.9931904321257031, 0.5889036428334468, 1.5344755065477969], "Sigma": [[0.008593765123462537, 0.00020914745670380191, -0.0017879751813718774], [0.00020914745670380194, 0.0049589345612407925, -0.005098565684426115], [-0.0017879751813718774, -0.005098565684426115, 0.00784969729341296]], "chi2_level": 0.99, "chi2_df": 3, "chi2_threshold": 11.344866730144373, "N_raw": 91, "N_roi": 91, "N_inlier": 84, "refit": true}
{"timestamp": "17:06:25.530015", "frame": 28, "mu": [-0.9275963307770825, 0.6356194143934596, 1.5325793252087287], "Sigma": [[0.007098759308778756, 0.0018466247811425758, -0.006111326105598351], [0.0018466247811425762, 0.009294940920069343, -0.011018387482050728], [-0.006111326105598351, -0.01101838748205073, 0.019629536346501053]], "chi2_level": 0.99, "chi2_df": 3, "chi2_threshold": 11.344866730144373, "N_raw": 77, "N_roi": 77, "N_inlier": 73, "refit": true}
{"timestamp": "17:06:25.589950", "frame": 29, "mu": [-0.9413605590572542, 0.7347118473789005, 1.5827541595808423], "Sigma": [[0.010578599660319899, 0.003530549645027717, -0.004242135144347239], [0.0035305496450277175, 0.00647348680904028, -0.007916755644931214], [-0.004242135144347239, -0.007916755644931214, 0.014795651051070077]], "chi2_level": 0.99, "chi2_df": 3, "chi2_threshold": 11.344866730144373, "N_raw": 110, "N_roi": 110, "N_inlier": 103, "refit": true}
{"timestamp": "17:06:25.638934", "frame": 30, "mu": [-0.9973774657650099, 0.7215082982251506, 1.6773484846398805], "Sigma": [[0.009175133790937562, 0.002275028254332045, -0.00338041669629031], [0.002275028254332045, 0.0066646711069981565, -0.009979097190142595], [-0.0033804166962903104, -0.009979097190142595, 0.018099061915397882]], "chi2_level": 0.99, "chi2_df": 3, "chi2_threshold": 11.344866730144373, "N_raw": 70, "N_roi": 70, "N_inlier": 64, "refit": true}
{"timestamp": "17:06:25.697953", "frame": 31, "mu": [-0.8178861164356912, 0.9574280827178971, 1.4852814257999125], "Sigma": [[0.021054911544106214, 0.03408957700834973, -0.04070481817055338], [0.03408957700834972, 0.07569786566921927, -0.0893481241595368], [-0.04070481817055338, -0.0893481241595368, 0.10816610952300923]], "chi2_level": 0.99, "chi2_df": 3, "chi2_threshold": 11.344866730144373, "N_raw": 106, "N_roi": 102, "N_inlier": 99, "refit": true}
{"timestamp": "17:06:25.742675", "frame": 32, "mu": [-0.7254437670229759, 0.9792106428880585, 1.561175752804341], "Sigma": [[0.04137319614230967, 0.02315151979812475, -0.030908357165351133], [0.023151519798124753, 0.0438147186022511, -0.047040033056220364], [-0.030908357165351133, -0.04704003305622036, 0.07317032096922602]], "chi2_level": 0.99, "chi2_df": 3, "chi2_threshold": 11.344866730144373, "N_raw": 28, "N_roi": 28, "N_inlier": 27, "refit": true}
{"timestamp": "17:06:25.798128", "frame": 33, "mu": [-0.5221199750474147, 1.003083519563442, 1.4529784832947008], "Sigma": [[0.0043644585706660985, -0.004259600332070278, -0.006792763329468498], [-0.004259600332070278, 0.007885949381250076, 0.007861345285669522], [-0.006792763329468498, 0.007861345285669522, 0.011566837630067156]], "chi2_level": 0.99, "chi2_df": 3, "chi2_threshold": 11.344866730144373, "N_raw": 46, "N_roi": 46, "N_inlier": 39, "refit": true}
{"timestamp": "17:06:25.852672", "frame": 34, "mu": [-0.5841510683950303, 1.076426893886526, 1.2488761609979193], "Sigma": [[0.0037217167418759347, -0.003594365949049427, 0.00507100915911831], [-0.003594365949049427, 0.0063612668748445345, 0.011188632547377448], [0.005071009159118308, 0.01118863254737745, 0.2846684227302141]], "chi2_level": 0.99, "chi2_df": 3, "chi2_threshold": 11.344866730144373, "N_raw": 22, "N_roi": 22, "N_inlier": 21, "refit": true}
{"timestamp": "17:06:25.908089", "frame": 35, "mu": [-0.44439518280101103, 1.02515580991124, 1.0802034465532975], "Sigma": [[0.0032715985474741924, -0.00023088540997477763, 0.00988004780812126], [-0.00023088540997477763, 0.0016925245003602397, 0.00238962505917748], [0.009880047808121262, 0.00238962505917748, 0.12220335543573409]], "chi2_level": 0.99, "chi2_df": 3, "chi2_threshold": 11.344866730144373, "N_raw": 39, "N_roi": 39, "N_inlier": 37, "refit": true}
{"timestamp": "17:06:25.976688", "frame": 36, "mu": [-0.45849262745256025, 1.1471361207170454, 1.3604364618183666], "Sigma": [[0.005269178465577858, -0.0024766852959813906, -0.011239521605198958], [-0.0024766852959813906, 0.0068747988459786176, 0.011019723593358385], [-0.01123952160519896, 0.011019723593358387, 0.09937526932685606]], "chi2_level": 0.99, "chi2_df": 3, "chi2_threshold": 11.344866730144373, "N_raw": 125, "N_roi": 125, "N_inlier": 121, "refit": true}
{"timestamp": "17:06:26.028862", "frame": 37, "mu": [-0.39003340941655706, 1.239684952378374, 1.319942592532444], "Sigma": [[0.005170774793778794, -0.002973047315158371, -0.013855190556349609], [-0.002973047315158371, 0.007867561432160082, -0.0019849342973542916], [-0.013855190556349609, -0.001984934297354291, 0.29269929943945727]], "chi2_level": 0.99, "chi2_df": 3, "chi2_threshold": 11.344866730144373, "N_raw": 94, "N_roi": 91, "N_inlier": 90, "refit": true}
{"timestamp": "17:06:26.082758", "frame": 38, "mu": [-0.35210062347585763, 1.2493746763910987, 1.4467393029271902], "Sigma": [[0.0045569887680902725, -0.0007271368879159092, 0.004064649770798682], [-0.0007271368879159092, 0.005825564426174177, 0.006665362756747242], [0.004064649770798682, 0.006665362756747241, 0.0500508181436542]], "chi2_level": 0.99, "chi2_df": 3, "chi2_threshold": 11.344866730144373, "N_raw": 93, "N_roi": 90, "N_inlier": 85, "refit": true}
{"timestamp": "17:06:26.135743", "frame": 39, "mu": [-0.30548677557540216, 1.2865407688172517, 1.1300239489555457], "Sigma": [[0.0077367524040594035, -0.001652014050663636, 0.017901949384936666], [-0.0016520140506636363, 0.008058666570195395, -0.0114457972204763], [0.017901949384936666, -0.011445797220476298, 0.17030945635609543]], "chi2_level": 0.99, "chi2_df": 3, "chi2_threshold": 11.344866730144373, "N_raw": 80, "N_roi": 80, "N_inlier": 77, "refit": true}
{"timestamp": "17:06:26.195359", "frame": 40, "mu": [-0.5590512505106648, 2.0377273007580836, 0.8272664013369597], "Sigma": [[0.22834632902464855, -0.5551849329076344, 0.08459010194886603], [-0.5551849329076344, 1.4491382150092302, -0.14853246939185938], [0.08459010194886603, -0.14853246939185938, 0.45653984745114345]], "chi2_level": 0.99, "chi2_df": 3, "chi2_threshold": 11.344866730144373, "N_raw": 113, "N_roi": 112, "N_inlier": 109, "refit": true}
{"timestamp": "17:06:26.256294", "frame": 41, "mu": [-0.25948153343532676, 1.5361904392482157, -0.6919606382987982], "Sigma": [[0.009078669455471478, -0.00017877150600882782, 0.027110618198109688], [-0.0001787715060088276, 0.0383175621586006, -0.05753156870958663], [0.02711061819810969, -0.05753156870958663, 0.38435763915581567]], "chi2_level": 0.99, "chi2_df": 3, "chi2_threshold": 11.344866730144373, "N_raw": 142, "N_roi": 141, "N_inlier": 138, "refit": true}
{"timestamp": "17:06:26.307630", "frame": 42, "mu": [-0.17101191565872692, 1.5018606930511864, 1.4476083876706916], "Sigma": [[0.007188000795366548, -0.0012568328125899982, 0.0029642534227379506], [-0.0012568328125899977, 0.006831194293592496, 0.004720269311417958], [0.0029642534227379506, 0.004720269311417958, 0.08154769200164168]], "chi2_level": 0.99, "chi2_df": 3, "chi2_threshold": 11.344866730144373, "N_raw": 114, "N_roi": 112, "N_inlier": 105, "refit": true}
{"timestamp": "17:06:26.364179", "frame": 43, "mu": [-0.17070182831132746, 1.5466167178424581, 1.3379762462864047], "Sigma": [[0.010124942544496694, -0.0018618757652981472, 0.023282872400888402], [-0.0018618757652981467, 0.008401115396711527, 0.0019450061266906673], [0.023282872400888405, 0.0019450061266906677, 0.22589398757842863]], "chi2_level": 0.99, "chi2_df": 3, "chi2_threshold": 11.344866730144373, "N_raw": 131, "N_roi": 128, "N_inlier": 127, "refit": true}
{"timestamp": "17:06:26.418324", "frame": 44, "mu": [-0.172238161302488, 1.6253709836392833, 0.8172396076105827], "Sigma": [[0.010189988262528735, -0.00017893977398520717, 0.02769899725819654], [-0.00017893977398520736, 0.008167380338499853, 0.01100197819860218], [0.02769899725819654, 0.01100197819860218, 0.7077071100489604]], "chi2_level": 0.99, "chi2_df": 3, "chi2_threshold": 11.344866730144373, "N_raw": 125, "N_roi": 124, "N_inlier": 123, "refit": true}
{"timestamp": "17:06:26.470078", "frame": 45, "mu": [-0.13438099717940805, 1.6542702378453698, 0.9633620827042286], "Sigma": [[0.007878458156529712, 0.0003530678537797644, 0.04159582992351018], [0.0003530678537797642, 0.009764088375420537, 0.022984877376541875], [0.04159582992351017, 0.022984877376541875, 0.8137597111656191]], "chi2_level": 0.99, "chi2_df": 3, "chi2_threshold": 11.344866730144373, "N_raw": 94, "N_roi": 92, "N_inlier": 89, "refit": true}
{"timestamp": "17:06:26.525947", "frame": 46, "mu": [-0.08607841985395448, 1.6959880859146195, 0.7914345679686652], "Sigma": [[0.010216612539911478, -0.0017492503648017495, 0.044786435758534276], [-0.0017492503648017489, 0.010334776134573008, 0.004300161387367712], [0.044786435758534276, 0.004300161387367712, 0.6588220743521315]], "chi2_level": 0.99, "chi2_df": 3, "chi2_threshold": 11.344866730144373, "N_raw": 101, "N_roi": 99, "N_inlier": 98, "refit": true}
{"timestamp": "17:06:26.573233", "frame": 47, "mu": [-0.015821653331336432, 1.7842280448708803, 1.738839435839748], "Sigma": [[0.004358976460047847, -0.00013495051256554472, -0.004036417814645808], [-0.00013495051256554461, 0.004394244925452664, -0.003696607491217076], [-0.004036417814645808, -0.003696607491217076, 0.008666789211794994]], "chi2_level": 0.99, "chi2_df": 3, "chi2_threshold": 11.344866730144373, "N_raw": 53, "N_roi": 52, "N_inlier": 47, "refit": true}
{"timestamp": "17:06:26.634926", "frame": 48, "mu": [0.03665531558118656, 1.3423950855438218, 0.5770308350322518], "Sigma": [[0.007742898955089815, 0.01646823692567456, 0.013019578470775242], [0.01646823692567456, 0.4949607657820256, 0.6148619909083715], [0.013019578470775242, 0.6148619909083715, 1.1071516282192928]], "chi2_level": 0.99, "chi2_df": 3, "chi2_threshold": 11.344866730144373, "N_raw": 99, "N_roi": 94, "N_inlier": 94, "refit": true}
{"timestamp": "17:06:26.689631", "frame": 49, "mu": [-0.0462101052737454, 1.875899720610348, 0.9116205457748383], "Sigma": [[0.03728940444478822, 0.004360214545506915, 0.06545404024754232], [0.004360214545506916, 0.004872806016242581, -0.006237549747700378], [0.06545404024754232, -0.006237549747700379, 0.4402871242564023]], "chi2_level": 0.99, "chi2_df": 3, "chi2_threshold": 11.344866730144373, "N_raw": 97, "N_roi": 95, "N_inlier": 92, "refit": true}
{"timestamp": "17:06:26.741398", "frame": 50, "mu": [0.0038975073474018487, 1.931749312005254, 0.5599316642408977], "Sigma": [[0.039332848530665945, 0.005392000955117494, 0.01929845162537842], [0.005392000955117494, 0.0035641873225452604, 0.01097138280225847], [0.019298451625378417, 0.01097138280225847, 0.3375551410320771]], "chi2_level": 0.99, "chi2_df": 3, "chi2_threshold": 11.344866730144373, "N_raw": 89, "N_roi": 86, "N_inlier": 85, "refit": true}
{"timestamp": "17:06:26.795568", "frame": 51, "mu": [0.14054140800512036, 1.961117204588628, 1.1072620969083224], "Sigma": [[0.024645965526094788, -0.0033877184028705144, 0.04399642790380739], [-0.0033877184028705144, 0.004165255923808092, -0.012769224665156871], [0.04399642790380739, -0.012769224665156873, 0.5227639250502565]], "chi2_level": 0.99, "chi2_df": 3, "chi2_threshold": 11.344866730144373, "N_raw": 78, "N_roi": 76, "N_inlier": 75, "refit": true}
{"timestamp": "17:06:26.846147", "frame": 52, "mu": [0.27882502618440536, 2.0408718049754047, 1.3448518011279489], "Sigma": [[0.005403586923722656, -0.00022340462396711416, 0.0017846527381779767], [-0.00022340462396711421, 0.007662308893166744, -0.031801291708422594], [0.0017846527381779774, -0.031801291708422594, 0.222821978589975]], "chi2_level": 0.99, "chi2_df": 3, "chi2_threshold": 11.344866730144373, "N_raw": 55, "N_roi": 55, "N_inlier": 53, "refit": true}
{"timestamp": "17:06:26.989665", "frame": 53, "mu": [0.3284715793584029, 1.994063357601797, 1.329711720121607], "Sigma": [[0.004180021741355187, 0.0026856312043662305, -0.001960692882852713], [0.0026856312043662314, 0.018928961988726404, 0.05238907663092169], [-0.001960692882852712, 0.05238907663092169, 0.4743379251934003]], "chi2_level": 0.99, "chi2_df": 3, "chi2_threshold": 11.344866730144373, "N_raw": 36, "N_roi": 36, "N_inlier": 34, "refit": true}
{"timestamp": "17:06:27.033268", "frame": 54, "mu": [0.38500393033135233, 2.1748681075067684, 0.04636953132371762], "Sigma": [[0.006326321885462975, 0.0030820731284100676, -0.01056168437818622], [0.0030820731284100676, 0.00913471546756043, -0.017593056456675398], [-0.01056168437818622, -0.017593056456675398, 0.04291401724960654]], "chi2_level": 0.99, "chi2_df": 3, "chi2_threshold": 11.344866730144373, "N_raw": 68, "N_roi": 65, "N_inlier": 59, "refit": true}
{"timestamp": "17:06:27.071015", "frame": 55, "mu": [0.3560238612068978, 2.1833693469987225, 1.4920333624535793], "Sigma": [[0.006750741134070669, -0.001563403004573638, -0.011918595066938237], [-0.001563403004573638, 0.004000946434913726, -0.004271963986246964], [-0.011918595066938237, -0.004271963986246964, 0.0873848982780603]], "chi2_level": 0.99, "chi2_df": 3, "chi2_threshold": 11.344866730144373, "N_raw": 76, "N_roi": 73, "N_inlier": 68, "refit": true}
{"timestamp": "17:06:27.095011", "frame": 56, "mu": [0.4514085044113157, 2.276259464490055, 1.3130474176500102], "Sigma": [[0.009031635995802348, 0.0003443422806849514, -0.00879810400033671], [0.00034434228068495155, 0.0047447508000881605, -0.005524317589895967], [-0.008798104000336713, -0.005524317589895967, 0.13413858744527207]], "chi2_level": 0.99, "chi2_df": 3, "chi2_threshold": 11.344866730144373, "N_raw": 66, "N_roi": 66, "N_inlier": 62, "refit": true}
{"timestamp": "17:06:27.124978", "frame": 57, "mu": [0.5022990191382805, 2.2667796820663026, 1.3741579660198007], "Sigma": [[0.0038477431421179153, -0.000746838758129007, 0.000883146640232587], [-0.000746838758129007, 0.005624287359531068, 0.019072698217539624], [0.000883146640232587, 0.019072698217539624, 0.23449434243711045]], "chi2_level": 0.99, "chi2_df": 3, "chi2_threshold": 11.344866730144373, "N_raw": 34, "N_roi": 32, "N_inlier": 29, "refit": true}
{"timestamp": "17:06:27.178784", "frame": 58, "mu": [0.5038535409856488, 2.354586204302687, 1.2239418989343087], "Sigma": [[0.008359040909536299, 0.001180024891989256, 0.019214831485584567], [0.001180024891989256, 0.011289219823238399, 0.009237366851771501], [0.019214831485584567, 0.0092373668517715, 0.20495640534978818]], "chi2_level": 0.99, "chi2_df": 3, "chi2_threshold": 11.344866730144373, "N_raw": 71, "N_roi": 71, "N_inlier": 68, "refit": true}
{"timestamp": "17:06:27.232730", "frame": 59, "mu": [0.5638633286145385, 2.350881851999911, 1.1350185187625397], "Sigma": [[0.012425760217225591, 0.006285789797091712, 0.027268730527910425], [0.006285789797091713, 0.03147682317717841, 0.10050399006312678], [0.027268730527910432, 0.10050399006312678, 0.37885828898986085]], "chi2_level": 0.99, "chi2_df": 3, "chi2_threshold": 11.344866730144373, "N_raw": 59, "N_roi": 57, "N_inlier": 54, "refit": true}
{"timestamp": "17:06:27.281675", "frame": 60, "mu": [0.6972730632617541, 2.4608212009673367, 1.209692367352772], "Sigma": [[0.003622814056618389, 0.00048454834306082607, -0.018150596504480775], [0.0004845483430608261, 0.0020689420285798124, -0.017217444814709073], [-0.018150596504480775, -0.017217444814709073, 0.33498991765784]], "chi2_level": 0.99, "chi2_df": 3, "chi2_threshold": 11.344866730144373, "N_raw": 22, "N_roi": 19, "N_inlier": 18, "refit": true}
{"timestamp": "17:06:27.342954", "frame": 61, "mu": [0.7209007492777664, 2.5273730127527667, 1.2034713406292998], "Sigma": [[0.007036516974694239, -0.0037486729172981036, -0.023967212962371226], [-0.0037486729172981036, 0.038548680849441776, 0.07363679423646059], [-0.023967212962371226, 0.07363679423646059, 0.48766170069292086]], "chi2_level": 0.99, "chi2_df": 3, "chi2_threshold": 11.344866730144373, "N_raw": 67, "N_roi": 65, "N_inlier": 62, "refit": true}
{"timestamp": "17:06:27.399181", "frame": 62, "mu": [0.8642061450513868, 2.5388210298939913, 1.1506539552290864], "Sigma": [[0.010519264602166001, -0.002699040588413782, -0.02714997248905531], [-0.0026990405884137823, 0.0058203570775425305, 0.010482052624882795], [-0.027149972489055308, 0.010482052624882793, 0.5022870503701751]], "chi2_level": 0.99, "chi2_df": 3, "chi2_threshold": 11.344866730144373, "N_raw": 72, "N_roi": 69, "N_inlier": 67, "refit": true}
{"timestamp": "17:06:27.455820", "frame": 63, "mu": [0.82394330576351, 2.4782670575796537, -0.9408005253542925], "Sigma": [[0.012075751485503715, 0.012139520634238357, -0.006428373426441712], [0.012139520634238355, 0.28040494175110803, 0.49136737952617376], [-0.006428373426441718, 0.4913673795261738, 2.3790800851814926]], "chi2_level": 0.99, "chi2_df": 3, "chi2_threshold": 11.344866730144373, "N_raw": 80, "N_roi": 78, "N_inlier": 78, "refit": true}
{"timestamp": "17:06:27.502964", "frame": 64, "mu": [0.8340126070710111, 2.7371959611762477, 0.6567541650055102], "Sigma": [[0.011423963788381506, -0.0007412936632716276, 0.0028276141419653266], [-0.0007412936632716277, 0.0049413600723008, -0.01798958716471321], [0.0028276141419653258, -0.01798958716471321, 0.24251230851186226]], "chi2_level": 0.99, "chi2_df": 3, "chi2_threshold": 11.344866730144373, "N_raw": 29, "N_roi": 29, "N_inlier": 29, "refit": true}
{"timestamp": "17:06:27.564941", "frame": 65, "mu": [0.8823834097956894, 2.701553579848378, 1.0718912167288586], "Sigma": [[0.024043424219849133, -0.009128397135673653, 0.04639922335792414], [-0.009128397135673653, 0.011512788867869144, 0.009317683437471322], [0.04639922335792414, 0.009317683437471323, 0.30647160035700177]], "chi2_level": 0.99, "chi2_df": 3, "chi2_threshold": 11.344866730144373, "N_raw": 73, "N_roi": 73, "N_inlier": 71, "refit": true}
{"timestamp": "17:06:27.614643", "frame": 66, "mu": [1.052426970879152, 2.6744038741055167, -0.8061899358915101], "Sigma": [[0.02699674311481752, -0.013769562637541926, 0.03878419835256919], [-0.013769562637541926, 0.010966064484954465, -0.015915283842507576], [0.03878419835256919, -0.015915283842507576, 0.12465873712071877]], "chi2_level": 0.99, "chi2_df": 3, "chi2_threshold": 11.344866730144373, "N_raw": 42, "N_roi": 42, "N_inlier": 40, "refit": true}
{"timestamp": "17:06:27.673034", "frame": 67, "mu": [1.042472286547827, 2.796152693412299, 1.2499389979231248], "Sigma": [[0.0252264153879146, -0.00292231068972514, 0.05613426822302197], [-0.00292231068972514, 0.007156060057281754, 0.005471464904772176], [0.05613426822302198, 0.005471464904772176, 0.2660002237399049]], "chi2_level": 0.99, "chi2_df": 3, "chi2_threshold": 11.344866730144373, "N_raw": 63, "N_roi": 62, "N_inlier": 60, "refit": true}
{"timestamp": "17:06:27.727076", "frame": 68, "mu": [1.1379721993026854, 2.8758527663978617, 1.5268736375332863], "Sigma": [[0.01233903523185959, -0.004350820548981024, -0.0028821967249783387], [-0.004350820548981024, 0.0039794212920236174, -0.004406607846493323], [-0.0028821967249783387, -0.004406607846493323, 0.042718011708051805]], "chi2_level": 0.99, "chi2_df": 3, "chi2_threshold": 11.344866730144373, "N_raw": 56, "N_roi": 54, "N_inlier": 50, "refit": true}
{"timestamp": "17:06:27.781986", "frame": 69, "mu": [1.2044404999235225, 2.9553878279329044, 1.419469151634428], "Sigma": [[0.01535148099378861, -0.005467873825696425, -0.0050800390071778214], [-0.005467873825696424, 0.005439352275229909, -0.003970145724355538], [-0.0050800390071778214, -0.003970145724355539, 0.015884350890729846]], "chi2_level": 0.99, "chi2_df": 3, "chi2_threshold": 11.344866730144373, "N_raw": 59, "N_roi": 58, "N_inlier": 55, "refit": true}
{"timestamp": "17:06:27.834952", "frame": 70, "mu": [1.298294565187215, 2.9856488369928247, 1.4350103794866742], "Sigma": [[0.011549925023872675, -0.004363135775435167, -0.013065064292531906], [-0.004363135775435167, 0.004502224422065822, -0.0007511618622040974], [-0.013065064292531906, -0.0007511618622040976, 0.03288852181276735]], "chi2_level": 0.99, "chi2_df": 3, "chi2_threshold": 11.344866730144373, "N_raw": 48, "N_roi": 47, "N_inlier": 43, "refit": true}
{"timestamp": "17:06:27.889956", "frame": 71, "mu": [1.3010307941576749, 3.060354453713267, 1.4090104898813551], "Sigma": [[0.012936794056414931, -0.004015648698112563, -0.009381206047093058], [-0.004015648698112563, 0.003691048509565432, -0.0032696811173341268], [-0.009381206047093058, -0.0032696811173341268, 0.02765309703537081]], "chi2_level": 0.99, "chi2_df": 3, "chi2_threshold": 11.344866730144373, "N_raw": 48, "N_roi": 45, "N_inlier": 45, "refit": true}
{"timestamp": "17:06:27.943063", "frame": 72, "mu": [1.2721982668857357, 3.1314923083684167, 1.541132850811396], "Sigma": [[0.01175630825526542, -0.003205768573594821, -0.010257629396360941], [-0.003205768573594821, 0.003075606219749904, 0.0013445866710526306], [-0.010257629396360941, 0.001344586671052631, 0.03185950336601255]], "chi2_level": 0.99, "chi2_df": 3, "chi2_threshold": 11.344866730144373, "N_raw": 38, "N_roi": 38, "N_inlier": 34, "refit": true}
{"timestamp": "17:06:27.999522", "frame": 73, "mu": [1.391865417438734, 3.1571481725846056, 1.0755760129790815], "Sigma": [[0.008546116405602896, -0.004850905835079267, -0.01997069106529028], [-0.004850905835079267, 0.004770143840281932, 0.009222886456451874], [-0.01997069106529028, 0.009222886456451874, 0.14194000708251506]], "chi2_level": 0.99, "chi2_df": 3, "chi2_threshold": 11.344866730144373, "N_raw": 44, "N_roi": 44, "N_inlier": 41, "refit": true}
{"timestamp": "17:06:28.158609", "frame": 76, "mu": [1.3723426578821298, 3.197119541780352, 1.248403223266982], "Sigma": [[0.0028653990874662064, -0.01097759558375757, -0.02847661142040116], [-0.01097759558375757, 0.2679455054900771, 0.5503572643480578], [-0.02847661142040116, 0.5503572643480578, 1.219932711292551]], "chi2_level": 0.99, "chi2_df": 3, "chi2_threshold": 11.344866730144373, "N_raw": 12, "N_roi": 12, "N_inlier": 12, "refit": true}
{"timestamp": "17:06:28.217560", "frame": 77, "mu": [1.4371342199038413, 3.464784427980441, 1.4877662913284415], "Sigma": [[0.016631607787432043, -0.006345986325276524, -0.005666390120255891], [-0.006345986325276524, 0.004352650785712676, -0.001605834085404024], [-0.005666390120255891, -0.0016058340854040241, 0.013473437947325919]], "chi2_level": 0.99, "chi2_df": 3, "chi2_threshold": 11.344866730144373, "N_raw": 37, "N_roi": 37, "N_inlier": 36, "refit": true}
{"timestamp": "17:06:28.271433", "frame": 78, "mu": [1.467516891950411, 3.5100208292968573, 1.643525096855629], "Sigma": [[0.008772312816467702, -0.003978465481604923, -0.0038501611308549913], [-0.003978465481604923, 0.0037334846800365007, -0.0047209186448273505], [-0.0038501611308549913, -0.0047209186448273505, 0.03988679404574413]], "chi2_level": 0.99, "chi2_df": 3, "chi2_threshold": 11.344866730144373, "N_raw": 25, "N_roi": 24, "N_inlier": 22, "refit": true}
{"timestamp": "17:06:28.329949", "frame": 79, "mu": [1.503429760411544, 3.4930326285183817, 0.6069986278327644], "Sigma": [[0.020846753532693107, -0.0047360014983488545, -0.00766342794423578], [-0.0047360014983488545, 0.004274403276918284, 0.0023725965856583684], [-0.00766342794423578, 0.002372596585658368, 0.005143849671231529]], "chi2_level": 0.99, "chi2_df": 3, "chi2_threshold": 11.344866730144373, "N_raw": 41, "N_roi": 40, "N_inlier": 38, "refit": true}
{"timestamp": "17:06:28.383700", "frame": 80, "mu": [1.5851062770215625, 3.5556791671210455, 1.6719403783295228], "Sigma": [[0.013355210158396897, -0.006398567285925267, -0.004267989286753827], [-0.006398567285925267, 0.005933746623260426, -0.00082589918850833], [-0.004267989286753827, -0.00082589918850833, 0.0070636454218651204]], "chi2_level": 0.99, "chi2_df": 3, "chi2_threshold": 11.344866730144373, "N_raw": 34, "N_roi": 32, "N_inlier": 31, "refit": true}
{"timestamp": "17:06:28.437845", "frame": 81, "mu": [1.5980880794092585, 3.618779722953088, 1.514943519430092], "Sigma": [[0.014814785398209894, -0.006466748206085423, -0.008587622186551194], [-0.006466748206085423, 0.005152243207360235, -0.00470475233766238], [-0.008587622186551194, -0.004704752337662379, 0.04977031762351968]], "chi2_level": 0.99, "chi2_df": 3, "chi2_threshold": 11.344866730144373, "N_raw": 38, "N_roi": 38, "N_inlier": 36, "refit": true}
{"timestamp": "17:06:28.488676", "frame": 82, "mu": [1.7741114120817785, 3.7368366963527464, 1.2593374986407233], "Sigma": [[0.08153982504311186, 0.053173887394670404, -0.07726977992120126], [0.053173887394670404, 0.03568727937910483, -0.04819087831718084], [-0.07726977992120126, -0.04819087831718084, 0.15487271143747733]], "chi2_level": 0.99, "chi2_df": 3, "chi2_threshold": 11.344866730144373, "N_raw": 8, "N_roi": 8, "N_inlier": 8, "refit": true}
{"timestamp": "17:06:28.546766", "frame": 83, "mu": [1.702408621750953, 3.7274492720663224, 1.2683087115676586], "Sigma": [[0.01304974593428195, -0.00683072141624573, -0.008111355702109038], [-0.00683072141624573, 0.004249263436633412, 0.0021017477877446357], [-0.008111355702109038, 0.0021017477877446357, 0.05245324333545203]], "chi2_level": 0.99, "chi2_df": 3, "chi2_threshold": 11.344866730144373, "N_raw": 31, "N_roi": 29, "N_inlier": 27, "refit": true}
{"timestamp": "17:06:28.606779", "frame": 84, "mu": [1.7716096537134371, 3.6991394306489296, 1.3087375399552459], "Sigma": [[0.014751483360665694, -0.011848306469046556, 0.00216491775321503], [-0.011848306469046556, 0.013741276513612977, -0.003962802959593602], [0.00216491775321503, -0.003962802959593602, 0.0029370826193296394]], "chi2_level": 0.99, "chi2_df": 3, "chi2_threshold": 11.344866730144373, "N_raw": 28, "N_roi": 28, "N_inlier": 27, "refit": true}
{"timestamp": "17:06:28.657896", "frame": 85, "mu": [1.7526743205783382, 3.8302129346307714, 1.2835392190859212], "Sigma": [[0.019508816388908855, -0.010253187254865851, -0.005331515743488911], [-0.01025318725486585, 0.007524464349564963, -0.0011521128732325746], [-0.005331515743488911, -0.0011521128732325742, 0.01370764722732187]], "chi2_level": 0.99, "chi2_df": 3, "chi2_threshold": 11.344866730144373, "N_raw": 33, "N_roi": 32, "N_inlier": 31, "refit": true}
{"timestamp": "17:06:28.711692", "frame": 86, "mu": [1.8153461832463362, 3.7553757517023776, 0.9916680362236507], "Sigma": [[0.013856199082163198, -0.007016929168701535, 0.01954474972661557], [-0.007016929168701535, 0.005877648106382536, -0.015708849381307476], [0.01954474972661557, -0.015708849381307476, 0.049950510049106486]], "chi2_level": 0.99, "chi2_df": 3, "chi2_threshold": 11.344866730144373, "N_raw": 24, "N_roi": 24, "N_inlier": 24, "refit": true}
{"timestamp": "17:06:28.764228", "frame": 87, "mu": [1.7984689774814597, 3.845077721704599, 1.2670519733937533], "Sigma": [[0.002721505570752351, -0.0006102685256712751, 0.01661664139904569], [-0.0006102685256712749, 0.003652116633153003, -0.0011399842153584794], [0.016616641399045687, -0.0011399842153584786, 0.20039438421901057]], "chi2_level": 0.99, "chi2_df": 3, "chi2_threshold": 11.344866730144373, "N_raw": 9, "N_roi": 9, "N_inlier": 9, "refit": true}
{"timestamp": "17:06:28.818368", "frame": 88, "mu": [1.852649057286026, 3.9440711519373037, 1.7826135519658906], "Sigma": [[0.004428533035942667, -0.0011365947257432158, -0.004900217161317359], [-0.0011365947257432158, 0.0037233022830012712, -0.0007648626215789729], [-0.00490021716131736, -0.0007648626215789729, 0.027485126370171312]], "chi2_level": 0.99, "chi2_df": 3, "chi2_threshold": 11.344866730144373, "N_raw": 10, "N_roi": 10, "N_inlier": 10, "refit": true}
{"timestamp": "17:06:28.874362", "frame": 89, "mu": [1.9048242092809784, 4.004349958875331, 1.7952228772794714], "Sigma": [[0.008586471276956031, -0.0048787657943928295, 0.0011677488936140293], [-0.0048787657943928295, 0.004305810812179585, -0.0008023125405939315], [0.0011677488936140293, -0.0008023125405939315, 0.0001724490589384262]], "chi2_level": 0.99, "chi2_df": 3, "chi2_threshold": 11.344866730144373, "N_raw": 14, "N_roi": 14, "N_inlier": 13, "refit": true}
{"timestamp": "17:06:28.984052", "frame": 91, "mu": [1.823575780765535, 3.6909184491673033, 1.567156695736053], "Sigma": [[0.3626875435945556, 0.6617578630788647, -0.12780986069546083], [0.6617578630788647, 1.26066489729556, -0.15857685381369632], [-0.12780986069546083, -0.15857685381369632, 0.16325831750080347]], "chi2_level": 0.99, "chi2_df": 3, "chi2_threshold": 11.344866730144373, "N_raw": 10, "N_roi": 7, "N_inlier": 7, "refit": true}
{"timestamp": "17:06:29.041181", "frame": 92, "mu": [2.067301541470763, 4.131976551656819, 1.5785849743621667], "Sigma": [[0.022494625083733934, -0.005988686011402908, -0.0070596338369736476], [-0.005988686011402908, 0.005742474852466563, 0.00023905639126090786], [-0.0070596338369736476, 0.00023905639126090776, 0.00656499858886572]], "chi2_level": 0.99, "chi2_df": 3, "chi2_threshold": 11.344866730144373, "N_raw": 29, "N_roi": 25, "N_inlier": 23, "refit": true}
{"timestamp": "17:06:29.713682", "frame": 104, "mu": [2.3045139281858242, 4.513092288104029, 0.9301939535520307], "Sigma": [[0.01534381721532136, -0.005875136286680025, -0.004635918271451965], [-0.005875136286680025, 0.0061861837443463645, -0.001402348865928658], [-0.004635918271451966, -0.001402348865928658, 0.006099285839625533]], "chi2_level": 0.99, "chi2_df": 3, "chi2_threshold": 11.344866730144373, "N_raw": 30, "N_roi": 19, "N_inlier": 19, "refit": true}
{"timestamp": "17:06:29.832935", "frame": 105, "mu": [2.283058526335425, 4.548363342596768, 0.9467900719467155], "Sigma": [[0.016950439626467598, -0.0049553032853753036, -0.007341155463643369], [-0.004955303285375304, 0.008113984150286184, -0.004477648753711604], [-0.007341155463643369, -0.004477648753711603, 0.012673643388987155]], "chi2_level": 0.99, "chi2_df": 3, "chi2_threshold": 11.344866730144373, "N_raw": 35, "N_roi": 27, "N_inlier": 27, "refit": true}
