{"timestamp": "17:01:06.860606", "frame": 6, "mu": [0.2976500129199039, 0.4771900796485033, -0.867464721889341], "Sigma": [[0.3061309183640553, -0.18901862647297452, 0.28512993184102753], [-0.18901862647297452, 0.11825807288566731, -0.17679041701724113], [0.28512993184102753, -0.17679041701724113, 0.26837209749883706]], "chi2_level": 0.99, "chi2_df": 3, "chi2_threshold": 11.344866730144373, "N_raw": 11, "N_roi": 11, "N_inlier": 11, "refit": true}
{"timestamp": "17:01:06.916400", "frame": 7, "mu": [-0.03282722404517545, 0.1250710638287363, 1.3716455779071939], "Sigma": [[0.34574442082627743, -0.0022100652347665987, 0.07936016556789473], [-0.002210065234766598, 0.0025697943017993054, -0.018463487780384674], [0.07936016556789471, -0.018463487780384674, 0.2163596287768946]], "chi2_level": 0.99, "chi2_df": 3, "chi2_threshold": 11.344866730144373, "N_raw": 26, "N_roi": 26, "N_inlier": 26, "refit": true}
{"timestamp": "17:01:06.967905", "frame": 8, "mu": [-0.4882019877381547, 0.3948198011648265, -0.5595203702025224], "Sigma": [[0.0018080831929676282, -0.0004894826616843387, 0.001253718461630254], [-0.0004894826616843387, 0.00025682647713437637, -0.000277377271877464], [0.001253718461630254, -0.00027737727187746394, 0.0011209314123030937]], "chi2_level": 0.99, "chi2_df": 3, "chi2_threshold": 11.344866730144373, "N_raw": 7, "N_roi": 7, "N_inlier": 7, "refit": true}
{"timestamp": "17:01:07.035489", "frame": 9, "mu": [-0.5062835504277234, 0.25125884881035937, 1.4799552429348886], "Sigma": [[0.0073398484212622355, 0.003937235674753778, -0.006928419476578037], [0.003937235674753778, 0.003394452008704942, -0.00605086804702102], [-0.0069284194765780365, -0.00605086804702102, 0.01748340907447206]], "chi2_level": 0.99, "chi2_df": 3, "chi2_threshold": 11.344866730144373, "N_raw": 88, "N_roi": 88, "N_inlier": 82, "refit": true}
{"timestamp": "17:01:07.096294", "frame": 10, "mu": [-0.526939527709224, 0.2893676489989004, 1.5684369813877497], "Sigma": [[0.011375270216863216, 0.0031430575859096605, -0.01139524911501011], [0.0031430575859096605, 0.003644492820743255, -0.007486356915682324], [-0.01139524911501011, -0.007486356915682324, 0.022307182334054668]], "chi2_level": 0.99, "chi2_df": 3, "chi2_threshold": 11.344866730144373, "N_raw": 111, "N_roi": 111, "N_inlier": 107, "refit": true}
{"timestamp": "17:01:07.144633", "frame": 11, "mu": [-0.5977451525040904, 0.323021407956601, -0.2959858151583184], "Sigma": [[0.0048766174379201235, 0.002085953226582447, 0.00014208565644358836], [0.002085953226582447, 0.0103325634432042, -0.0022460762860175053], [0.00014208565644358847, -0.0022460762860175057, 0.0055389846589487994]], "chi2_level": 0.99, "chi2_df": 3, "chi2_threshold": 11.344866730144373, "N_raw": 62, "N_roi": 62, "N_inlier": 57, "refit": true}
{"timestamp": "17:01:07.199389", "frame": 12, "mu": [-0.6069478086601476, 0.40557563170549915, 1.7072355485192938], "Sigma": [[0.006641592808850039, 0.000465775990771794, -0.001721075787358185], [0.0004657759907717939, 0.001805909100479215, -0.001112432199075759], [-0.0017210757873581848, -0.001112432199075759, 0.001182437521250508]], "chi2_level": 0.99, "chi2_df": 3, "chi2_threshold": 11.344866730144373, "N_raw": 64, "N_roi": 61, "N_inlier": 55, "refit": true}
{"timestamp": "17:01:07.252955", "frame": 13, "mu": [-0.6600473964015898, 0.48229164262436125, 1.7005594478212727], "Sigma": [[0.012482854440738243, 0.0019772669341091924, -0.011969210595023363], [0.001977266934109193, 0.0021765789420668605, -0.005366409234331487], [-0.011969210595023363, -0.005366409234331487, 0.030415283979690993]], "chi2_level": 0.99, "chi2_df": 3, "chi2_threshold": 11.344866730144373, "N_raw": 55, "N_roi": 53, "N_inlier": 50, "refit": true}
{"timestamp": "17:01:07.314748", "frame": 14, "mu": [-0.6356622449537123, 0.5679982165846001, 1.6644551867437336], "Sigma": [[0.02318390434424509, 0.006756179373171085, -0.020773417608698684], [0.0067561793731710845, 0.0039535609331228985, -0.008355720244205863], [-0.020773417608698684, -0.008355720244205863, 0.02681669599927492]], "chi2_level": 0.99, "chi2_df": 3, "chi2_threshold": 11.344866730144373, "N_raw": 107, "N_roi": 107, "N_inlier": 105, "refit": true}
{"timestamp": "17:01:07.359507", "frame": 15, "mu": [-0.7235103518103864, 0.5876147935365383, 1.7885346103759372], "Sigma": [[0.013682200429459305, 0.00638887987117389, -0.02592329165492741], [0.00638887987117389, 0.004870553650682056, -0.012781765009003227], [-0.025923291654927405, -0.012781765009003227, 0.060838188958161274]], "chi2_level": 0.99, "chi2_df": 3, "chi2_threshold": 11.344866730144373, "N_raw": 30, "N_roi": 30, "N_inlier": 30, "refit": true}
{"timestamp": "17:01:07.410573", "frame": 16, "mu": [-0.48662831899298603, 0.7297744268504309, 1.317876259105544], "Sigma": [[0.01834882423778019, 0.009172106985695247, -0.029948498385204365], [0.009172106985695247, 0.00787344619304391, -0.01993322155812308], [-0.029948498385204365, -0.01993322155812308, 0.06729658753580814]], "chi2_level": 0.99, "chi2_df": 3, "chi2_threshold": 11.344866730144373, "N_raw": 10, "N_roi": 10, "N_inlier": 10, "refit": true}
{"timestamp": "17:01:07.478887", "frame": 17, "mu": [-0.6621091432809532, 0.8537312534650107, 1.6192100899078596], "Sigma": [[0.02783775033999395, 0.017369047858279515, -0.0109583801782977], [0.017369047858279515, 0.014600591191866826, -0.011306826403844086], [-0.0109583801782977, -0.011306826403844086, 0.015672221102612634]], "chi2_level": 0.99, "chi2_df": 3, "chi2_threshold": 11.344866730144373, "N_raw": 98, "N_roi": 96, "N_inlier": 92, "refit": true}
{"timestamp": "17:01:07.536469", "frame": 18, "mu": [-0.6304381676817321, 0.9264822831459399, 1.568525995958652], "Sigma": [[0.02346624878486532, 0.011766235160630203, -0.0338023207219521], [0.011766235160630203, 0.012038391253218182, -0.01618265017685534], [-0.0338023207219521, -0.01618265017685534, 0.0822650412347301]], "chi2_level": 0.99, "chi2_df": 3, "chi2_threshold": 11.344866730144373, "N_raw": 112, "N_roi": 110, "N_inlier": 106, "refit": true}
{"timestamp": "17:01:07.582544", "frame": 19, "mu": [-0.6726350872623219, 0.9791457718456423, 1.73918642815943], "Sigma": [[0.030882603706796262, 0.024088243083118573, -0.03140852313794015], [0.02408824308311857, 0.026285363811395353, -0.022353823431964404], [-0.03140852313794015, -0.022353823431964404, 0.05387826881089482]], "chi2_level": 0.99, "chi2_df": 3, "chi2_threshold": 11.344866730144373, "N_raw": 47, "N_roi": 41, "N_inlier": 38, "refit": true}
{"timestamp": "17:01:07.650571", "frame": 20, "mu": [-0.5858738632461502, 1.0288152662265486, -0.5147447126690541], "Sigma": [[0.026897087992568028, 0.013684058847863861, -0.025768796293167952], [0.013684058847863861, 0.015208714513048003, -0.01571104716904364], [-0.025768796293167952, -0.015711047169043636, 0.09400925174162927]], "chi2_level": 0.99, "chi2_df": 3, "chi2_threshold": 11.344866730144373, "N_raw": 140, "N_roi": 135, "N_inlier": 132, "refit": true}
{"timestamp": "17:01:07.705755", "frame": 21, "mu": [-0.5696791996087152, 1.103195127596558, 1.4656808423116015], "Sigma": [[0.022105330374753554, 0.010226529094539175, -0.015678474645552137], [0.010226529094539175, 0.013720847003695835, 0.0029533379080146664], [-0.015678474645552137, 0.0029533379080146664, 0.086699569355265]], "chi2_level": 0.99, "chi2_df": 3, "chi2_threshold": 11.344866730144373, "N_raw": 139, "N_roi": 137, "N_inlier": 128, "refit": true}
{"timestamp": "17:01:07.759559", "frame": 22, "mu": [-0.5621173909397956, 1.2526684046488827, 1.2245038393587389], "Sigma": [[0.017555298504580704, -0.009326840651519435, 0.046261274690046095], [-0.009326840651519435, 0.009940768400934982, -0.03641049949518611], [0.046261274690046095, -0.03641049949518611, 0.2691043315914444]], "chi2_level": 0.99, "chi2_df": 3, "chi2_threshold": 11.344866730144373, "N_raw": 123, "N_roi": 121, "N_inlier": 114, "refit": true}
{"timestamp": "17:01:07.816435", "frame": 23, "mu": [-0.637781905316176, 1.2860981902119129, 1.3957295865764485], "Sigma": [[0.007914129586874845, -0.00019357584246322806, 0.0071907146373652135], [-0.00019357584246322795, 0.002372326281585648, -0.0032360169616379424], [0.007190714637365214, -0.0032360169616379424, 0.08264603354150976]], "chi2_level": 0.99, "chi2_df": 3, "chi2_threshold": 11.344866730144373, "N_raw": 136, "N_roi": 136, "N_inlier": 132, "refit": true}
{"timestamp": "17:01:07.859615", "frame": 24, "mu": [-0.6463117336585951, 1.385609970014438, 0.6829077342232648], "Sigma": [[0.02025083499486092, 0.02007669467172489, 0.0831848204716242], [0.02007669467172489, 0.21776005743287905, 0.07977743634599638], [0.0831848204716242, 0.07977743634599638, 0.4868441959921991]], "chi2_level": 0.99, "chi2_df": 3, "chi2_threshold": 11.344866730144373, "N_raw": 64, "N_roi": 64, "N_inlier": 64, "refit": true}
{"timestamp": "17:01:07.923887", "frame": 25, "mu": [-0.6089772299778335, 1.4880488119026216, 1.1398784603087309], "Sigma": [[0.021086407040483302, -0.0021761659353118643, 0.041063983136088104], [-0.0021761659353118643, 0.005394662143220478, -0.0042626530266070455], [0.041063983136088104, -0.004262653026607045, 0.3484285894749166]], "chi2_level": 0.99, "chi2_df": 3, "chi2_threshold": 11.344866730144373, "N_raw": 129, "N_roi": 129, "N_inlier": 123, "refit": true}
{"timestamp": "17:01:07.979525", "frame": 26, "mu": [-0.5921177100214424, 1.563684197687049, 1.0658557206553207], "Sigma": [[0.009811191911109832, -0.0014334818182221388, 0.031153746690152095], [-0.0014334818182221384, 0.008101452979564676, -0.03495654001083164], [0.031153746690152095, -0.03495654001083164, 0.4008636976148016]], "chi2_level": 0.99, "chi2_df": 3, "chi2_threshold": 11.344866730144373, "N_raw": 134, "N_roi": 134, "N_inlier": 133, "refit": true}
{"timestamp": "17:01:08.030974", "frame": 27, "mu": [-0.564351361310966, 1.613280409460242, 1.3969805243149458], "Sigma": [[0.010186988384634376, -0.0027536479900777703, 0.0066614991394171935], [-0.0027536479900777703, 0.005512699934318824, -0.000933734978439982], [0.006661499139417193, -0.0009337349784399823, 0.14242315350650953]], "chi2_level": 0.99, "chi2_df": 3, "chi2_threshold": 11.344866730144373, "N_raw": 110, "N_roi": 110, "N_inlier": 107, "refit": true}
{"timestamp": "17:01:08.087662", "frame": 28, "mu": [-0.5754466728304142, 1.6514815949170742, 1.3611447442609261], "Sigma": [[0.01062227642582881, 0.0005684774653658585, 0.02129551309089137], [0.0005684774653658584, 0.007393653011390395, 0.0020240312459152785], [0.021295513090891373, 0.002024031245915279, 0.19986950881251592]], "chi2_level": 0.99, "chi2_df": 3, "chi2_threshold": 11.344866730144373, "N_raw": 118, "N_roi": 117, "N_inlier": 116, "refit": true}
{"timestamp": "17:01:08.143449", "frame": 29, "mu": [-0.5735291888824483, 1.768704350930523, 1.2971927458024846], "Sigma": [[0.014635025859913485, -0.003933366588039864, 0.014282930169062196], [-0.003933366588039864, 0.008156181876299535, -0.020228396191641858], [0.014282930169062198, -0.020228396191641854, 0.26289639163667305]], "chi2_level": 0.99, "chi2_df": 3, "chi2_threshold": 11.344866730144373, "N_raw": 123, "N_roi": 123, "N_inlier": 122, "refit": true}
{"timestamp": "17:01:08.198468", "frame": 30, "mu": [-0.6252722751745657, 1.8581203154930441, 1.2595726180598104], "Sigma": [[0.013049646666329085, -0.002938706411036851, 0.012401129733944596], [-0.002938706411036851, 0.01391973880827504, -0.04664262625046072], [0.012401129733944595, -0.04664262625046072, 0.3236783173513299]], "chi2_level": 0.99, "chi2_df": 3, "chi2_threshold": 11.344866730144373, "N_raw": 127, "N_roi": 127, "N_inlier": 125, "refit": true}
{"timestamp": "17:01:08.251633", "frame": 31, "mu": [-0.6573177135823072, 1.8663477364073207, 1.0117745036084986], "Sigma": [[0.012195294740615084, 0.001275084214140775, 0.04328032135647286], [0.001275084214140775, 0.0386588043938929, 0.03561350781881389], [0.04328032135647286, 0.03561350781881389, 0.6173286920232353]], "chi2_level": 0.99, "chi2_df": 3, "chi2_threshold": 11.344866730144373, "N_raw": 108, "N_roi": 108, "N_inlier": 102, "refit": true}
{"timestamp": "17:01:08.299512", "frame": 32, "mu": [-0.5865304180106579, 1.9672597851637645, 1.3519767124294266], "Sigma": [[0.00625095651749098, 0.002225801646121151, -0.009325226067628211], [0.002225801646121151, 0.0034108796239021673, -0.004525152818954611], [-0.009325226067628211, -0.004525152818954612, 0.07981957109605647]], "chi2_level": 0.99, "chi2_df": 3, "chi2_threshold": 11.344866730144373, "N_raw": 63, "N_roi": 63, "N_inlier": 60, "refit": true}
{"timestamp": "17:01:08.362170", "frame": 33, "mu": [-0.6507088282031306, 2.0202743397806024, -0.29780737119965445], "Sigma": [[0.013543557752045394, -0.0037028477125969775, 0.08209176828202253], [-0.003702847712596977, 0.01132719711137249, -0.0326456484854277], [0.08209176828202253, -0.0326456484854277, 0.7593927880630846]], "chi2_level": 0.99, "chi2_df": 3, "chi2_threshold": 11.344866730144373, "N_raw": 109, "N_roi": 109, "N_inlier": 108, "refit": true}
{"timestamp": "17:01:08.407478", "frame": 34, "mu": [-0.7005270084498177, 2.047607072886026, 1.1204926770069157], "Sigma": [[0.010676398975219313, -0.005276146316950786, -0.0014946083231111226], [-0.005276146316950786, 0.011545388205272634, -0.04847394349459287], [-0.0014946083231111213, -0.048473943494592865, 0.545658041983307]], "chi2_level": 0.99, "chi2_df": 3, "chi2_threshold": 11.344866730144373, "N_raw": 47, "N_roi": 47, "N_inlier": 46, "refit": true}
{"timestamp": "17:01:08.466616", "frame": 35, "mu": [-0.7146872947149149, 2.287405853575794, -0.12902822977678788], "Sigma": [[0.01007240010899046, -0.009196840508755945, 0.040447740045202484], [-0.009196840508755947, 0.05092495646674349, -0.12622468294445205], [0.04044774004520249, -0.12622468294445205, 0.5146275488293994]], "chi2_level": 0.99, "chi2_df": 3, "chi2_threshold": 11.344866730144373, "N_raw": 85, "N_roi": 85, "N_inlier": 85, "refit": true}
{"timestamp": "17:01:08.519070", "frame": 36, "mu": [-0.7272826091677143, 2.193019041478338, 1.0392190615576236], "Sigma": [[0.00768811143852208, -0.0015039751615765625, 0.012326764920785929], [-0.0015039751615765625, 0.006635716307085816, -0.050787560099801066], [0.012326764920785929, -0.05078756009980106, 0.6993806341668151]], "chi2_level": 0.99, "chi2_df": 3, "chi2_threshold": 11.344866730144373, "N_raw": 59, "N_roi": 59, "N_inlier": 58, "refit": true}
{"timestamp": "17:01:08.574587", "frame": 37, "mu": [-0.6934587782326076, 2.3210325371872593, 0.922120776250625], "Sigma": [[0.006481342202121979, 0.00016021669753842028, -0.01932281178238531], [0.00016021669753842006, 0.006534535583503371, -0.044402266779917404], [-0.01932281178238531, -0.044402266779917404, 0.6054134363317959]], "chi2_level": 0.99, "chi2_df": 3, "chi2_threshold": 11.344866730144373, "N_raw": 62, "N_roi": 62, "N_inlier": 62, "refit": true}
{"timestamp": "17:01:08.631802", "frame": 38, "mu": [-0.6763691973142191, 2.3946706747117372, 1.1353979814503257], "Sigma": [[0.008327198442147625, 0.0009470112932211971, -0.02757050709917057], [0.0009470112932211973, 0.006209274784029527, -0.03156936574563615], [-0.02757050709917057, -0.03156936574563615, 0.5264993216206714]], "chi2_level": 0.99, "chi2_df": 3, "chi2_threshold": 11.344866730144373, "N_raw": 78, "N_roi": 78, "N_inlier": 76, "refit": true}
{"timestamp": "17:01:08.689297", "frame": 39, "mu": [-0.7400674243400062, 2.4553221489716197, 1.0090347588447242], "Sigma": [[0.010118448579143366, -0.0017805680716108624, 0.015872420386534542], [-0.0017805680716108628, 0.008432673606017712, -0.027450012692120045], [0.015872420386534542, -0.027450012692120045, 0.4366175706166157]], "chi2_level": 0.99, "chi2_df": 3, "chi2_threshold": 11.344866730144373, "N_raw": 96, "N_roi": 96, "N_inlier": 94, "refit": true}
{"timestamp": "17:01:08.740167", "frame": 40, "mu": [-0.7870260837873932, 2.4952578924224165, 0.2868972400434482], "Sigma": [[0.014149701760308794, 0.0077830593826257, 0.01788303491402575], [0.0077830593826256995, 0.025309534062576806, 0.028860161005163518], [0.01788303491402575, 0.028860161005163518, 0.19766402593127733]], "chi2_level": 0.99, "chi2_df": 3, "chi2_threshold": 11.344866730144373, "N_raw": 65, "N_roi": 65, "N_inlier": 64, "refit": true}
{"timestamp": "17:01:08.798396", "frame": 41, "mu": [-0.7578263546284407, 2.726964961267549, -0.11656501623544073], "Sigma": [[0.0112960997762375, -0.006309558399945214, 0.01183137289897785], [-0.006309558399945214, 0.04792237650779335, -0.11576093925525655], [0.011831372898977852, -0.11576093925525656, 0.29943034321369016]], "chi2_level": 0.99, "chi2_df": 3, "chi2_threshold": 11.344866730144373, "N_raw": 95, "N_roi": 95, "N_inlier": 93, "refit": true}
{"timestamp": "17:01:08.854195", "frame": 42, "mu": [-0.712936815736584, 2.660064006751773, 1.07902227217102], "Sigma": [[0.013570806186598625, 0.003657230287578025, 0.01602160921035339], [0.003657230287578025, 0.011317279607087926, -0.03236417813442625], [0.016021609210353394, -0.03236417813442625, 0.3128971999941385]], "chi2_level": 0.99, "chi2_df": 3, "chi2_threshold": 11.344866730144373, "N_raw": 95, "N_roi": 95, "N_inlier": 95, "refit": true}
{"timestamp": "17:01:08.906665", "frame": 43, "mu": [-0.7926960389650279, 2.769219785145156, 0.5159478604717961], "Sigma": [[0.016040091473601123, -0.0011278027684017504, 0.019273239775324597], [-0.0011278027684017504, 0.006101909044919918, -0.017349143436142262], [0.0192732397753246, -0.017349143436142266, 0.4567513817181568]], "chi2_level": 0.99, "chi2_df": 3, "chi2_threshold": 11.344866730144373, "N_raw": 75, "N_roi": 75, "N_inlier": 70, "refit": true}
{"timestamp": "17:01:08.968284", "frame": 44, "mu": [-0.826178260036503, 2.8371025574484348, 1.0344545910207052], "Sigma": [[0.01873706045648093, 0.0016936430616909428, 0.022274902143556003], [0.0016936430616909426, 0.011515883912584216, -0.046958872292295215], [0.022274902143556003, -0.04695887229229523, 0.3146197433331691]], "chi2_level": 0.99, "chi2_df": 3, "chi2_threshold": 11.344866730144373, "N_raw": 101, "N_roi": 99, "N_inlier": 98, "refit": true}
{"timestamp": "17:01:09.021111", "frame": 45, "mu": [-0.7608786417115145, 2.9082776239054, 0.9858030883910702], "Sigma": [[0.017244934308255723, -0.0018258208377865204, 0.025854533106307157], [-0.00182582083778652, 0.010230804548026698, -0.052232432633038756], [0.025854533106307153, -0.052232432633038756, 0.5093719528243975]], "chi2_level": 0.99, "chi2_df": 3, "chi2_threshold": 11.344866730144373, "N_raw": 114, "N_roi": 114, "N_inlier": 111, "refit": true}
{"timestamp": "17:01:09.063403", "frame": 46, "mu": [-0.7224866998103714, 2.9710688512537797, 1.4339105214055234], "Sigma": [[0.006591582974472801, 0.004105017710181625, -0.003946249003918922], [0.004105017710181625, 0.007351887075899622, -0.019679862285897916], [-0.003946249003918921, -0.019679862285897916, 0.10994334692069771]], "chi2_level": 0.99, "chi2_df": 3, "chi2_threshold": 11.344866730144373, "N_raw": 25, "N_roi": 25, "N_inlier": 23, "refit": true}
{"timestamp": "17:01:09.125919", "frame": 47, "mu": [-0.769300087204677, 2.968025374596148, 1.597449864821534], "Sigma": [[0.012049153215634227, 0.001870463855307392, -0.006970204522222883], [0.0018704638553073915, 0.007224208101766101, -0.00781491466704232], [-0.006970204522222883, -0.00781491466704232, 0.015692670281737]], "chi2_level": 0.99, "chi2_df": 3, "chi2_threshold": 11.344866730144373, "N_raw": 73, "N_roi": 73, "N_inlier": 67, "refit": true}
{"timestamp": "17:01:09.184229", "frame": 48, "mu": [-0.7704748610006267, 2.8191817871597267, 0.9967325715770129], "Sigma": [[0.017009614724263652, 0.019203396574806318, 0.033955766779573786], [0.019203396574806315, 0.44208228102216357, 0.6310636438624071], [0.03395576677957378, 0.6310636438624071, 1.223982824973661]], "chi2_level": 0.99, "chi2_df": 3, "chi2_threshold": 11.344866730144373, "N_raw": 99, "N_roi": 99, "N_inlier": 99, "refit": true}
{"timestamp": "17:01:09.236682", "frame": 49, "mu": [-0.8066412073516378, 2.9921143357807916, -0.09926119182665209], "Sigma": [[0.015092158177780162, 0.014282612981118572, 0.06620068259720799], [0.014282612981118574, 0.1799644106422053, 0.36268766162642874], [0.06620068259720799, 0.36268766162642874, 1.5774029896492647]], "chi2_level": 0.99, "chi2_df": 3, "chi2_threshold": 11.344866730144373, "N_raw": 76, "N_roi": 76, "N_inlier": 76, "refit": true}
{"timestamp": "17:01:09.295072", "frame": 50, "mu": [-0.7910971486870906, 3.2480414122471912, 1.123234542784935], "Sigma": [[0.018639461730389932, -0.006938481154739388, 0.0039997929213306405], [-0.006938481154739388, 0.02208947182940952, -0.07201903283141894], [0.003999792921330641, -0.07201903283141894, 0.32348535605644546]], "chi2_level": 0.99, "chi2_df": 3, "chi2_threshold": 11.344866730144373, "N_raw": 101, "N_roi": 101, "N_inlier": 100, "refit": true}
{"timestamp": "17:01:09.345505", "frame": 51, "mu": [-0.8633251990230105, 2.6523750849570975, 0.5184419929083579], "Sigma": [[0.01307845917978993, 0.008008550230191957, 0.009049684694977425], [0.008008550230191959, 0.8756032275019349, 1.262980198586249], [0.009049684694977429, 1.262980198586249, 1.9236122260236515]], "chi2_level": 0.99, "chi2_df": 3, "chi2_threshold": 11.344866730144373, "N_raw": 73, "N_roi": 73, "N_inlier": 71, "refit": true}
{"timestamp": "17:01:09.396442", "frame": 52, "mu": [-0.8555071330678232, 3.308928181909365, 1.4879398900889322], "Sigma": [[0.01086730242417733, 0.006114085267775019, -0.004027827296225962], [0.006114085267775018, 0.009034095698216378, -0.012900124764567927], [-0.004027827296225962, -0.012900124764567927, 0.03554295220275336]], "chi2_level": 0.99, "chi2_df": 3, "chi2_threshold": 11.344866730144373, "N_raw": 43, "N_roi": 43, "N_inlier": 41, "refit": true}
{"timestamp": "17:01:09.453742", "frame": 53, "mu": [-0.9255736685574247, 1.8151711353485278, -1.2491856173938856], "Sigma": [[0.025942225508553147, 0.043540563331124715, 0.057978464486354894], [0.043540563331124715, 0.4328861117584601, 0.6529192994585986], [0.057978464486354894, 0.6529192994585986, 1.0085269976755136]], "chi2_level": 0.99, "chi2_df": 3, "chi2_threshold": 11.344866730144373, "N_raw": 61, "N_roi": 61, "N_inlier": 59, "refit": true}
{"timestamp": "17:01:09.505860", "frame": 54, "mu": [-0.887949709530861, 3.560402237847366, 0.9079191719080403], "Sigma": [[0.020789618768400943, -0.012878656435113808, 0.05307538641518143], [-0.012878656435113808, 0.026026537732880266, -0.09647707274256932], [0.053075386415181426, -0.09647707274256932, 0.3898559231574757]], "chi2_level": 0.99, "chi2_df": 3, "chi2_threshold": 11.344866730144373, "N_raw": 45, "N_roi": 45, "N_inlier": 44, "refit": true}
{"timestamp": "17:01:09.563773", "frame": 55, "mu": [-0.8299825905444379, 3.487792814255768, 1.774157156254863], "Sigma": [[0.015086962133726666, 0.002541167765625634, -0.006220391843345385], [0.0025411677656256345, 0.008215067158454104, -0.005127800517282963], [-0.006220391843345385, -0.005127800517282963, 0.006675010097020024]], "chi2_level": 0.99, "chi2_df": 3, "chi2_threshold": 11.344866730144373, "N_raw": 63, "N_roi": 63, "N_inlier": 59, "refit": true}
{"timestamp": "17:01:09.620974", "frame": 56, "mu": [-0.8815139063231227, 3.8214704296232624, -0.5639612364860466], "Sigma": [[0.01872708190125741, -0.001793170014788373, -0.01350837291091336], [-0.0017931700147883736, 0.11905580516767339, 0.06316408657748047], [-0.01350837291091336, 0.06316408657748049, 0.9326732187777602]], "chi2_level": 0.99, "chi2_df": 3, "chi2_threshold": 11.344866730144373, "N_raw": 69, "N_roi": 69, "N_inlier": 68, "refit": true}
{"timestamp": "17:01:09.673452", "frame": 57, "mu": [-0.8658954012124201, 3.6327525191112597, 1.6246302841513163], "Sigma": [[0.016833438683956325, 0.003062523046112608, -0.014607784464232915], [0.003062523046112608, 0.004227551190251982, -0.011310246369959354], [-0.014607784464232915, -0.011310246369959354, 0.038270961252545484]], "chi2_level": 0.99, "chi2_df": 3, "chi2_threshold": 11.344866730144373, "N_raw": 56, "N_roi": 56, "N_inlier": 52, "refit": true}
{"timestamp": "17:01:09.728863", "frame": 58, "mu": [-0.8350526709911181, 3.720000841502974, 1.4780070192694972], "Sigma": [[0.014271559149852854, 0.0029759975356101614, -0.013910932755863675], [0.0029759975356101614, 0.004940341850088845, -0.02190380391842471], [-0.013910932755863675, -0.02190380391842471, 0.14613438788185498]], "chi2_level": 0.99, "chi2_df": 3, "chi2_threshold": 11.344866730144373, "N_raw": 62, "N_roi": 62, "N_inlier": 59, "refit": true}
{"timestamp": "17:01:09.781675", "frame": 59, "mu": [-0.8607016350341529, 3.790042086129991, 1.3575044480208514], "Sigma": [[0.015995737492791276, 0.0016992708535191166, -0.013995272527581525], [0.0016992708535191168, 0.00734439421167424, -0.01614582290053662], [-0.013995272527581525, -0.01614582290053662, 0.05497182344009843]], "chi2_level": 0.99, "chi2_df": 3, "chi2_threshold": 11.344866730144373, "N_raw": 45, "N_roi": 45, "N_inlier": 43, "refit": true}
{"timestamp": "17:01:09.831482", "frame": 60, "mu": [-0.7576967372656143, 3.905586054859505, 1.1233030252767986], "Sigma": [[0.010028831802337981, -0.008688727548973735, 0.023666195618321093], [-0.008688727548973737, 0.012272963174474122, -0.035705472268982935], [0.023666195618321093, -0.035705472268982935, 0.1223668417264623]], "chi2_level": 0.99, "chi2_df": 3, "chi2_threshold": 11.344866730144373, "N_raw": 16, "N_roi": 15, "N_inlier": 14, "refit": true}
{"timestamp": "17:01:09.893821", "frame": 61, "mu": [-0.8188611651158184, 3.861379589702195, 1.4991125251609547], "Sigma": [[0.027999851339713926, -0.0022853662657255046, 0.0029137064006056652], [-0.0022853662657255046, 0.004459396783397757, -0.005947784614136977], [0.0029137064006056652, -0.005947784614136977, 0.01450577127277982]], "chi2_level": 0.99, "chi2_df": 3, "chi2_threshold": 11.344866730144373, "N_raw": 64, "N_roi": 64, "N_inlier": 62, "refit": true}
{"timestamp": "17:01:09.946517", "frame": 62, "mu": [-0.7801851408076304, 3.9626177043904236, -0.33624055437685757], "Sigma": [[0.019466003671057434, -0.007734253484966752, 0.04698990051034002], [-0.007734253484966751, 0.01260518840169013, -0.05363238621255978], [0.04698990051034002, -0.05363238621255978, 0.31893251683968077]], "chi2_level": 0.99, "chi2_df": 3, "chi2_threshold": 11.344866730144373, "N_raw": 40, "N_roi": 40, "N_inlier": 39, "refit": true}
{"timestamp": "17:01:10.008933", "frame": 63, "mu": [-0.8315082056765205, 3.3761074333914713, 0.4835040551826464], "Sigma": [[0.0302216122712885, 0.07080351617712352, 0.1344397853436321], [0.07080351617712352, 0.8656673276674559, 1.6008834189925605], [0.1344397853436321, 1.6008834189925607, 3.0223530931355915]], "chi2_level": 0.99, "chi2_df": 3, "chi2_threshold": 11.344866730144373, "N_raw": 99, "N_roi": 99, "N_inlier": 93, "refit": true}
{"timestamp": "17:01:10.056217", "frame": 64, "mu": [-0.7861289875785484, 4.057871542444697, 1.6650031233746043], "Sigma": [[0.015814898365723903, 0.0019442715617128, -0.0036749817547404476], [0.0019442715617128004, 0.004771873166836562, -0.004678370896984977], [-0.003674981754740448, -0.004678370896984977, 0.0067799303292468815]], "chi2_level": 0.99, "chi2_df": 3, "chi2_threshold": 11.344866730144373, "N_raw": 47, "N_roi": 47, "N_inlier": 45, "refit": true}
{"timestamp": "17:01:10.108869", "frame": 65, "mu": [-0.7841985527963149, 4.091450917514231, 1.766543396810535], "Sigma": [[0.01723066440234686, 0.004048532257292193, -0.0061068853570907106], [0.004048532257292193, 0.004537056294407647, 0.0011333963535560879], [-0.0061068853570907106, 0.0011333963535560879, 0.005398707507963529]], "chi2_level": 0.99, "chi2_df": 3, "chi2_threshold": 11.344866730144373, "N_raw": 40, "N_roi": 40, "N_inlier": 37, "refit": true}
{"timestamp": "17:01:10.171396", "frame": 66, "mu": [-0.8323238208547652, 4.207240311219832, 0.5475093349776519], "Sigma": [[0.02187159789587339, -0.000395670727943937, 0.009265440216588573], [-0.0003956707279439372, 0.03114416836553966, -0.05278844675736023], [0.009265440216588572, -0.05278844675736023, 0.10748805451233195]], "chi2_level": 0.99, "chi2_df": 3, "chi2_threshold": 11.344866730144373, "N_raw": 76, "N_roi": 75, "N_inlier": 71, "refit": true}
{"timestamp": "17:01:10.227804", "frame": 67, "mu": [-0.7957540506920134, 4.289204440652737, 1.2651487799687395], "Sigma": [[0.02980186996396743, 0.002691819870432618, -0.02043456944872241], [0.002691819870432618, 0.010292680406402846, -0.03301858365472473], [-0.020434569448722413, -0.03301858365472474, 0.14411747680999484]], "chi2_level": 0.99, "chi2_df": 3, "chi2_threshold": 11.344866730144373, "N_raw": 92, "N_roi": 92, "N_inlier": 91, "refit": true}
{"timestamp": "17:01:10.288667", "frame": 68, "mu": [-0.8103484595637437, 4.336949766893364, 1.3837265382268407], "Sigma": [[0.02736466975108494, -0.001858934342242157, 0.0022918108824669273], [-0.001858934342242157, 0.015748783282979552, -0.03730193204216887], [0.0022918108824669273, -0.037301932042168875, 0.09643427180577273]], "chi2_level": 0.99, "chi2_df": 3, "chi2_threshold": 11.344866730144373, "N_raw": 70, "N_roi": 69, "N_inlier": 68, "refit": true}
{"timestamp": "17:01:10.331886", "frame": 69, "mu": [-0.8243303983492339, 4.307749108565265, 1.6579953166018013], "Sigma": [[0.023633883103251985, 0.0015624029720870721, -0.002162657308717205], [0.0015624029720870724, 0.0037263188883776975, -0.003302533570375992], [-0.002162657308717205, -0.003302533570375992, 0.005761233480279618]], "chi2_level": 0.99, "chi2_df": 3, "chi2_threshold": 11.344866730144373, "N_raw": 51, "N_roi": 51, "N_inlier": 46, "refit": true}
{"timestamp": "17:01:10.386196", "frame": 70, "mu": [-0.7952593369755375, 4.395458977936906, 1.5363665906706172], "Sigma": [[0.022387047363774705, 0.00114691748640027, -0.007696103623260354], [0.0011469174864002696, 0.004777223041847257, -0.011523941700584541], [-0.007696103623260354, -0.011523941700584541, 0.03564665772062864]], "chi2_level": 0.99, "chi2_df": 3, "chi2_threshold": 11.344866730144373, "N_raw": 43, "N_roi": 43, "N_inlier": 40, "refit": true}
{"timestamp": "17:01:10.442878", "frame": 71, "mu": [-0.8143973184262566, 4.436408064721415, 1.5363619777767403], "Sigma": [[0.023524864355415977, 0.0026346652871383435, -0.0050830400089164835], [0.002634665287138344, 0.005177662845458414, -0.011297932309814244], [-0.005083040008916484, -0.011297932309814244, 0.029449759595872788]], "chi2_level": 0.99, "chi2_df": 3, "chi2_threshold": 11.344866730144373, "N_raw": 56, "N_roi": 56, "N_inlier": 53, "refit": true}
{"timestamp": "17:01:10.502443", "frame": 72, "mu": [-0.8546204699040102, 4.413176960534723, 0.8687822824663024], "Sigma": [[0.023245042593818148, -0.00022688341713092392, 0.001346221693036193], [-0.00022688341713092373, 0.008412214805458031, -0.01050747144961178], [0.0013462216930361925, -0.01050747144961178, 0.015857953448909848]], "chi2_level": 0.99, "chi2_df": 3, "chi2_threshold": 11.344866730144373, "N_raw": 54, "N_roi": 48, "N_inlier": 47, "refit": true}
{"timestamp": "17:01:10.634488", "frame": 73, "mu": [-0.7984625107338349, 4.483296263637612, 0.8676804515117491], "Sigma": [[0.026638542888077328, 0.00612533676317285, -0.011698176468318337], [0.00612533676317285, 0.011654646884239441, -0.01706006533185642], [-0.011698176468318337, -0.01706006533185642, 0.029554865125757467]], "chi2_level": 0.99, "chi2_df": 3, "chi2_threshold": 11.344866730144373, "N_raw": 57, "N_roi": 56, "N_inlier": 53, "refit": true}
{"timestamp": "17:01:10.760662", "frame": 74, "mu": [-0.7852085779646473, 4.592314104248143, 1.7956756048974711], "Sigma": [[0.02627202165498954, 0.003496938109097321, -0.012972372289280217], [0.0034969381090973204, 0.007514504589484013, -0.0011695421323791922], [-0.012972372289280217, -0.0011695421323791922, 0.00762992655992091]], "chi2_level": 0.99, "chi2_df": 3, "chi2_threshold": 11.344866730144373, "N_raw": 64, "N_roi": 64, "N_inlier": 60, "refit": true}
{"timestamp": "17:01:10.769845", "frame": 75, "mu": [-0.7905130931450373, 4.638687338735385, 1.7342749754708358], "Sigma": [[0.019525397079510835, 0.0034114112800996523, -0.010696012053082262], [0.0034114112800996523, 0.004790219784633041, -0.0036565303446320615], [-0.010696012053082262, -0.0036565303446320623, 0.00878556829670545]], "chi2_level": 0.99, "chi2_df": 3, "chi2_threshold": 11.344866730144373, "N_raw": 42, "N_roi": 42, "N_inlier": 41, "refit": true}
{"timestamp": "17:01:10.827177", "frame": 76, "mu": [-0.915728524490621, 4.568569119764947, 1.021565024748282], "Sigma": [[0.010785344676912148, 0.003362483093228559, -0.005698198408503735], [0.0033624830932285584, 0.0031553244478952623, -0.002295384758536058], [-0.005698198408503734, -0.002295384758536058, 0.0055337203622508714]], "chi2_level": 0.99, "chi2_df": 3, "chi2_threshold": 11.344866730144373, "N_raw": 23, "N_roi": 20, "N_inlier": 19, "refit": true}
{"timestamp": "17:01:10.866990", "frame": 77, "mu": [-0.8460053723551448, 4.632462706856757, 0.9470265952038354], "Sigma": [[0.027131333084900684, 0.006983346544546647, -0.009458656178496736], [0.006983346544546648, 0.011518819074387943, -0.006649122660905511], [-0.009458656178496734, -0.006649122660905511, 0.0067099078547766]], "chi2_level": 0.99, "chi2_df": 3, "chi2_threshold": 11.344866730144373, "N_raw": 68, "N_roi": 66, "N_inlier": 62, "refit": true}
{"timestamp": "17:01:10.882199", "frame": 78, "mu": [-0.830014274365043, 4.653311772615537, 0.9868018643928681], "Sigma": [[0.023062010762262483, 0.006554615402425814, -0.009733163419225345], [0.006554615402425815, 0.007187746288846309, -0.003935234455319455], [-0.009733163419225345, -0.003935234455319455, 0.006069879029666957]], "chi2_level": 0.99, "chi2_df": 3, "chi2_threshold": 11.344866730144373, "N_raw": 52, "N_roi": 47, "N_inlier": 45, "refit": true}
{"timestamp": "17:01:10.912052", "frame": 79, "mu": [-0.9695752734475049, 4.866378669551754, 1.2575845394971703], "Sigma": [[0.023563231556988296, 0.0042114029152758815, -0.0031398342770509605], [0.0042114029152758815, 0.0021252916726290363, -0.0006415567887350118], [-0.00313983427705096, -0.0006415567887350118, 0.0006094007203250553]], "chi2_level": 0.99, "chi2_df": 3, "chi2_threshold": 11.344866730144373, "N_raw": 38, "N_roi": 25, "N_inlier": 23, "refit": true}
{"timestamp": "17:01:10.968810", "frame": 80, "mu": [-0.9027251218876955, 4.689323346661845, 1.0684486431289348], "Sigma": [[0.021809616149991835, 0.006147912554478314, -0.008896922524344576], [0.006147912554478314, 0.004780711326972265, -0.001893531264642662], [-0.008896922524344576, -0.001893531264642662, 0.0050467583090195505]], "chi2_level": 0.99, "chi2_df": 3, "chi2_threshold": 11.344866730144373, "N_raw": 38, "N_roi": 35, "N_inlier": 34, "refit": true}
{"timestamp": "17:01:11.003320", "frame": 81, "mu": [-0.8791144509525309, 4.872947516603028, 1.7950770113799517], "Sigma": [[0.022971965241609077, 0.0027247999783188183, -0.01142864111888655], [0.0027247999783188183, 0.004997640908181541, -0.002234888105832486], [-0.01142864111888655, -0.002234888105832486, 0.00850187859995775]], "chi2_level": 0.99, "chi2_df": 3, "chi2_threshold": 11.344866730144373, "N_raw": 47, "N_roi": 47, "N_inlier": 44, "refit": true}
{"timestamp": "17:01:11.082600", "frame": 82, "mu": [-0.9440028402306658, 4.901615664473088, 1.8026841207335211], "Sigma": [[0.03138418093424183, 0.002223519975677557, -0.012761038148745118], [0.002223519975677557, 0.0036866746399432026, -0.0024114033479862122], [-0.012761038148745118, -0.0024114033479862122, 0.007904276027781033]], "chi2_level": 0.99, "chi2_df": 3, "chi2_threshold": 11.344866730144373, "N_raw": 57, "N_roi": 43, "N_inlier": 42, "refit": true}
{"timestamp": "17:01:11.114157", "frame": 83, "mu": [-0.9174680772676024, 4.935648626985695, 1.802015409718043], "Sigma": [[0.029960105809002338, 0.0020703641340989194, -0.01291660809578083], [0.0020703641340989194, 0.001712418609987579, -0.0017802911923087152], [-0.01291660809578083, -0.0017802911923087154, 0.007193636305636962]], "chi2_level": 0.99, "chi2_df": 3, "chi2_threshold": 11.344866730144373, "N_raw": 58, "N_roi": 29, "N_inlier": 27, "refit": true}
{"timestamp": "17:01:11.156275", "frame": 84, "mu": [-0.941029872116035, 4.966735859185237, 1.863007258338415], "Sigma": [[0.013182526557693293, 0.0002750892263795671, -0.0005932107407876838], [0.0002750892263795671, 0.0005228671586260124, -2.874987051552653e-05], [-0.000593210740787684, -2.874987051552653e-05, 2.8266021326179104e-05]], "chi2_level": 0.99, "chi2_df": 3, "chi2_threshold": 11.344866730144373, "N_raw": 47, "N_roi": 9, "N_inlier": 9, "refit": true}
