{"timestamp": "19:41:38.748377", "frame": 1, "mu": [1.046828370518357, 1.3384068788662074, 1.2415524535285638], "Sigma": [[0.0024787857617227333, -0.001485854164826353, -0.004212479079595904], [-0.001485854164826353, 0.0017285075395030841, 0.000572283832367328], [-0.004212479079595904, 0.0005722838323673279, 0.017062714638277902]], "chi2_level": 0.95, "chi2_df": 3, "chi2_threshold": 7.814727903251179, "N_raw": 31, "N_roi": 31, "N_inlier": 30, "refit": true}
{"timestamp": "19:41:38.855819", "frame": 3, "mu": [1.0322586550608948, 1.480685841422368, 1.1344631342258829], "Sigma": [[0.007965078386072036, 0.0015314757115245633, -0.02792005967293729], [0.0015314757115245633, 0.01789177586740342, -0.020057036966610833], [-0.027920059672937286, -0.020057036966610833, 0.12297166578739599]], "chi2_level": 0.95, "chi2_df": 3, "chi2_threshold": 7.814727903251179, "N_raw": 9, "N_roi": 9, "N_inlier": 9, "refit": true}
{"timestamp": "19:41:38.965779", "frame": 5, "mu": [0.9812413030588455, 1.4925212290451504, -0.13450198208804898], "Sigma": [[0.0019520369717259567, 0.00014989076330196421, -0.0013692773694170182], [0.0001498907633019643, 0.0016388314395265034, -0.00019313752346629903], [-0.0013692773694170182, -0.000193137523466299, 0.0011265454178649157]], "chi2_level": 0.95, "chi2_df": 3, "chi2_threshold": 7.814727903251179, "N_raw": 15, "N_roi": 15, "N_inlier": 14, "refit": true}
{"timestamp": "19:41:39.022223", "frame": 6, "mu": [0.946896051445391, 1.4686775752616568, 1.5144564798662699], "Sigma": [[0.002412488533183489, -0.0001429984420631919, -0.001105327474538937], [-0.0001429984420631919, 0.0024398463114181142, 0.00013889926972671327], [-0.001105327474538937, 0.0001388992697267132, 0.0007138346446178744]], "chi2_level": 0.95, "chi2_df": 3, "chi2_threshold": 7.814727903251179, "N_raw": 20, "N_roi": 20, "N_inlier": 20, "refit": true}
{"timestamp": "19:41:39.187650", "frame": 9, "mu": [0.9410531873376802, 1.4195821030037143, 1.450943805971349], "Sigma": [[0.002424242668015104, -0.00026871422785047284, -0.002826714419945719], [-0.0002687142278504729, 0.0013720201959165651, -0.0009672943384880394], [-0.002826714419945719, -0.0009672943384880396, 0.0063269287325042065]], "chi2_level": 0.95, "chi2_df": 3, "chi2_threshold": 7.814727903251179, "N_raw": 13, "N_roi": 13, "N_inlier": 12, "refit": true}
{"timestamp": "19:41:39.298567", "frame": 11, "mu": [1.0631021850605578, 1.6452265926000822, -1.5470790154384213], "Sigma": [[0.003829566886098869, -0.0017001898393836068, 0.00046601672562043833], [-0.0017001898393836068, 0.006327308113943196, -0.025364147990389965], [0.00046601672562043763, -0.025364147990389965, 0.16481382056697763]], "chi2_level": 0.95, "chi2_df": 3, "chi2_threshold": 7.814727903251179, "N_raw": 21, "N_roi": 21, "N_inlier": 20, "refit": true}
{"timestamp": "19:41:39.352978", "frame": 12, "mu": [1.0330344474080013, 1.3942932823333842, 0.7610528344746998], "Sigma": [[0.00026578761765539994, 0.0004087927478211557, -0.00042663820814736134], [0.00040879274782115564, 0.010222420724457275, 0.045814582564662275], [-0.0004266382081473614, 0.045814582564662275, 0.2676602525528015]], "chi2_level": 0.95, "chi2_df": 3, "chi2_threshold": 7.814727903251179, "N_raw": 9, "N_roi": 9, "N_inlier": 7, "refit": true}
{"timestamp": "19:41:39.469241", "frame": 14, "mu": [0.9997377470385225, 1.4105100179066965, 1.2255593420994355], "Sigma": [[0.0060842602294604855, -0.003409216278203747, -0.010439919972265888], [-0.003409216278203747, 0.003252268819017442, 0.005654034896275448], [-0.010439919972265888, 0.005654034896275448, 0.03213721781403189]], "chi2_level": 0.95, "chi2_df": 3, "chi2_threshold": 7.814727903251179, "N_raw": 54, "N_roi": 52, "N_inlier": 48, "refit": true}
{"timestamp": "19:41:39.523630", "frame": 15, "mu": [0.9745452877158896, 1.3843928847325522, 0.8952046908182338], "Sigma": [[0.010987263329372832, 0.002242947463591361, 0.03624435767191226], [0.002242947463591361, 0.005562430226677083, 0.03345995060561769], [0.03624435767191226, 0.03345995060561768, 0.2798311116306668]], "chi2_level": 0.95, "chi2_df": 3, "chi2_threshold": 7.814727903251179, "N_raw": 51, "N_roi": 51, "N_inlier": 48, "refit": true}
{"timestamp": "19:41:39.584375", "frame": 16, "mu": [0.8948261363390625, 1.3090835793294373, 0.7843922500285252], "Sigma": [[0.01673802281802001, -0.00185219741811708, 0.040591748559541105], [-0.00185219741811708, 0.009537165651039044, 0.042619605313044887], [0.040591748559541105, 0.042619605313044887, 0.3975696884760386]], "chi2_level": 0.95, "chi2_df": 3, "chi2_threshold": 7.814727903251179, "N_raw": 84, "N_roi": 84, "N_inlier": 82, "refit": true}
{"timestamp": "19:41:39.633804", "frame": 17, "mu": [0.8905775773029232, 1.396978865135378, 1.3870988784135023], "Sigma": [[0.005087915416904514, -0.0014765423686647569, -0.0027551017031002163], [-0.0014765423686647569, 0.0030205895416052318, 0.00019444769585738925], [-0.0027551017031002163, 0.00019444769585738922, 0.0030925946382657594]], "chi2_level": 0.95, "chi2_df": 3, "chi2_threshold": 7.814727903251179, "N_raw": 42, "N_roi": 42, "N_inlier": 37, "refit": true}
{"timestamp": "19:41:39.688349", "frame": 18, "mu": [0.8724317303119848, 1.400828766222785, 1.3609541626526853], "Sigma": [[0.005050721243514587, -0.0017170826156361696, -0.0025347344460757964], [-0.0017170826156361696, 0.0037747705481923676, 0.001032971805009032], [-0.002534734446075797, 0.001032971805009032, 0.0077610899285123795]], "chi2_level": 0.95, "chi2_df": 3, "chi2_threshold": 7.814727903251179, "N_raw": 47, "N_roi": 47, "N_inlier": 41, "refit": true}
{"timestamp": "19:41:39.745339", "frame": 19, "mu": [0.8003845181356266, 1.3812250278735272, 1.0456347431734274], "Sigma": [[0.030722400045884023, -0.003588360983165732, 0.06866656747535671], [-0.0035883609831657316, 0.003874325602053104, -0.0006950769877357405], [0.06866656747535671, -0.00069507698773574, 0.23765607579780798]], "chi2_level": 0.95, "chi2_df": 3, "chi2_threshold": 7.814727903251179, "N_raw": 63, "N_roi": 63, "N_inlier": 60, "refit": true}
{"timestamp": "19:41:39.807088", "frame": 20, "mu": [0.8477635305983513, 1.369871562886199, 1.1876552136641558], "Sigma": [[0.008124637169382396, -0.0028340009584001064, -0.009925690314728529], [-0.002834000958400107, 0.0039574734142103244, 0.0057786773810936665], [-0.009925690314728529, 0.0057786773810936665, 0.05400601738572005]], "chi2_level": 0.95, "chi2_df": 3, "chi2_threshold": 7.814727903251179, "N_raw": 103, "N_roi": 103, "N_inlier": 97, "refit": true}
{"timestamp": "19:41:39.856720", "frame": 21, "mu": [0.7696148796272563, 1.2894948603548912, 0.6978089195767431], "Sigma": [[0.031971975362005085, -0.010065487237824494, 0.059811502923161994], [-0.010065487237824494, 0.008175389340623762, -0.01346996045769995], [0.059811502923161994, -0.013469960457699949, 0.1420534548982467]], "chi2_level": 0.95, "chi2_df": 3, "chi2_threshold": 7.814727903251179, "N_raw": 48, "N_roi": 48, "N_inlier": 44, "refit": true}
{"timestamp": "19:41:39.908655", "frame": 22, "mu": [0.6279608302926609, 1.6154383010784998, -0.6704055723610096], "Sigma": [[0.01955806948351576, -0.01886653337057209, 0.07713770432686298], [-0.01886653337057209, 0.023147885856390375, -0.0935717320827827], [0.07713770432686298, -0.0935717320827827, 0.4666083841312612]], "chi2_level": 0.95, "chi2_df": 3, "chi2_threshold": 7.814727903251179, "N_raw": 50, "N_roi": 50, "N_inlier": 48, "refit": true}
{"timestamp": "19:41:39.961819", "frame": 23, "mu": [0.7248898882797182, 1.2616971870253704, 0.986060823174663], "Sigma": [[0.0024239811212850982, -0.001681925469333093, -0.0031606379343051653], [-0.001681925469333093, 0.004017023157679074, 0.010725180693456628], [-0.003160637934305165, 0.010725180693456626, 0.06149112146002564]], "chi2_level": 0.95, "chi2_df": 3, "chi2_threshold": 7.814727903251179, "N_raw": 33, "N_roi": 33, "N_inlier": 30, "refit": true}
{"timestamp": "19:41:40.023810", "frame": 24, "mu": [0.6463583465841979, 1.3931374253174462, 1.2394246449258526], "Sigma": [[0.006351311747536926, -0.005116001026086864, -0.013025377559635273], [-0.005116001026086864, 0.007037053010343813, 0.009502302340147652], [-0.013025377559635273, 0.009502302340147652, 0.04501059921241416]], "chi2_level": 0.95, "chi2_df": 3, "chi2_threshold": 7.814727903251179, "N_raw": 83, "N_roi": 83, "N_inlier": 77, "refit": true}
{"timestamp": "19:41:40.075815", "frame": 25, "mu": [0.6003761006358224, 1.3985631693819658, 1.2830408623212715], "Sigma": [[0.003433255043584037, -0.001661329934845667, -0.0049605671640630435], [-0.001661329934845667, 0.006155087117338253, 0.0008855428959231358], [-0.0049605671640630435, 0.0008855428959231356, 0.013989848584891657]], "chi2_level": 0.95, "chi2_df": 3, "chi2_threshold": 7.814727903251179, "N_raw": 56, "N_roi": 56, "N_inlier": 54, "refit": true}
{"timestamp": "19:41:40.129398", "frame": 26, "mu": [0.5651819555030334, 1.3823745759800978, 1.237818309025599], "Sigma": [[0.004055458893591841, -0.0015580661835910272, -0.0047478707286272405], [-0.0015580661835910272, 0.004430895340214679, 0.0008902621194677178], [-0.0047478707286272405, 0.0008902621194677181, 0.007610404976505673]], "chi2_level": 0.95, "chi2_df": 3, "chi2_threshold": 7.814727903251179, "N_raw": 50, "N_roi": 50, "N_inlier": 46, "refit": true}
{"timestamp": "19:41:40.184623", "frame": 27, "mu": [0.5591137664557262, 1.5465960829435987, -0.40785302042793764], "Sigma": [[0.004133103803646603, 0.00040990501614202756, -0.004046375842469737], [0.00040990501614202756, 0.004590063526084344, -0.0032445486307309543], [-0.004046375842469737, -0.0032445486307309543, 0.01184449078124429]], "chi2_level": 0.95, "chi2_df": 3, "chi2_threshold": 7.814727903251179, "N_raw": 59, "N_roi": 59, "N_inlier": 57, "refit": true}
{"timestamp": "19:41:40.241031", "frame": 28, "mu": [0.46784866630323513, 1.3504419755924713, 1.1915166033787643], "Sigma": [[0.003750720647209445, -0.0018011897705073668, -0.002103073457640511], [-0.001801189770507367, 0.007758987859541532, 9.787363396518309e-05], [-0.002103073457640511, 9.787363396518298e-05, 0.0065121209189354275]], "chi2_level": 0.95, "chi2_df": 3, "chi2_threshold": 7.814727903251179, "N_raw": 61, "N_roi": 61, "N_inlier": 60, "refit": true}
{"timestamp": "19:41:40.296625", "frame": 29, "mu": [0.4409706546299475, 1.389385376061117, 1.2774252194358624], "Sigma": [[0.0047446708921276256, -0.0011997258683073676, -0.0035838735117331363], [-0.0011997258683073676, 0.012857678321839242, 0.00501936926040597], [-0.0035838735117331363, 0.00501936926040597, 0.004359501173507568]], "chi2_level": 0.95, "chi2_df": 3, "chi2_threshold": 7.814727903251179, "N_raw": 71, "N_roi": 71, "N_inlier": 66, "refit": true}
{"timestamp": "19:41:40.348784", "frame": 30, "mu": [0.32329851919253744, 1.5050092866713822, 1.381918971042422], "Sigma": [[0.0024668442566651494, -0.0005711396906119659, -0.0025038854386336537], [-0.000571139690611966, 0.0026187829128555148, -0.0021382587027304004], [-0.0025038854386336537, -0.0021382587027304004, 0.006662490887791138]], "chi2_level": 0.95, "chi2_df": 3, "chi2_threshold": 7.814727903251179, "N_raw": 45, "N_roi": 45, "N_inlier": 41, "refit": true}
{"timestamp": "19:41:40.402789", "frame": 31, "mu": [0.31632368427144697, 1.3604823406470428, 1.2786006963925025], "Sigma": [[0.003119419298636977, -0.0026462817953664106, -0.004470319729175915], [-0.0026462817953664106, 0.00815614912770462, 0.006262226554822883], [-0.004470319729175915, 0.006262226554822884, 0.008719812592770167]], "chi2_level": 0.95, "chi2_df": 3, "chi2_threshold": 7.814727903251179, "N_raw": 43, "N_roi": 43, "N_inlier": 38, "refit": true}
{"timestamp": "19:41:40.455590", "frame": 32, "mu": [0.25097901175367554, 1.3928216505055546, 1.2563874000317135], "Sigma": [[0.005767888540602741, -0.0021244337413323456, 0.015023883358801683], [-0.0021244337413323456, 0.011096835376251281, 0.0009652510098055751], [0.015023883358801683, 0.0009652510098055759, 0.08414861629194108]], "chi2_level": 0.95, "chi2_df": 3, "chi2_threshold": 7.814727903251179, "N_raw": 27, "N_roi": 27, "N_inlier": 25, "refit": true}
{"timestamp": "19:41:40.514245", "frame": 33, "mu": [0.21236408428287779, 1.4841644814812551, 1.4167918358634173], "Sigma": [[0.003407539882740734, 0.0006423898224203475, -0.0005930336159519305], [0.0006423898224203476, 0.011417799789545624, 0.006928865429803033], [-0.0005930336159519305, 0.0069288654298030345, 0.006362448552964666]], "chi2_level": 0.95, "chi2_df": 3, "chi2_threshold": 7.814727903251179, "N_raw": 55, "N_roi": 55, "N_inlier": 51, "refit": true}
{"timestamp": "19:41:40.574983", "frame": 34, "mu": [0.12145041832042736, 1.534289960390482, 1.3714159509711514], "Sigma": [[0.004435561159459621, 0.0006595802392489284, 0.004198477217974403], [0.0006595802392489283, 0.007119695022081908, 0.0016091485672091353], [0.004198477217974403, 0.0016091485672091355, 0.026105921069302165]], "chi2_level": 0.95, "chi2_df": 3, "chi2_threshold": 7.814727903251179, "N_raw": 86, "N_roi": 84, "N_inlier": 77, "refit": true}
{"timestamp": "19:41:40.628625", "frame": 35, "mu": [0.1058322761969297, 1.5382090394928642, 1.4081223569847887], "Sigma": [[0.004912307903522779, -0.0003010720874069276, -0.0017798625899534018], [-0.0003010720874069276, 0.010083673778470349, 0.0017609661715858788], [-0.0017798625899534018, 0.0017609661715858788, 0.0018327980803920247]], "chi2_level": 0.95, "chi2_df": 3, "chi2_threshold": 7.814727903251179, "N_raw": 77, "N_roi": 77, "N_inlier": 73, "refit": true}
{"timestamp": "19:41:40.681990", "frame": 36, "mu": [0.01984773714378421, 1.5486993274998218, 1.3284773762489643], "Sigma": [[0.005141472230951001, -0.0011613087967648865, 0.005485732913739281], [-0.0011613087967648865, 0.008640880911064885, 0.008305471983226485], [0.005485732913739281, 0.008305471983226485, 0.06183093831223839]], "chi2_level": 0.95, "chi2_df": 3, "chi2_threshold": 7.814727903251179, "N_raw": 70, "N_roi": 70, "N_inlier": 64, "refit": true}
{"timestamp": "19:41:40.746544", "frame": 37, "mu": [-0.006137165837376217, 1.575508310156747, 1.1411064904464945], "Sigma": [[0.014637161587623862, 0.0038426536556673127, 0.034877664122854465], [0.0038426536556673127, 0.011220982821096568, 0.019129710329697562], [0.034877664122854465, 0.019129710329697562, 0.17292973679406665]], "chi2_level": 0.95, "chi2_df": 3, "chi2_threshold": 7.814727903251179, "N_raw": 129, "N_roi": 129, "N_inlier": 128, "refit": true}
{"timestamp": "19:41:40.800252", "frame": 38, "mu": [-0.10679473610274502, 1.582284647372941, 1.0748229142010852], "Sigma": [[0.011848169995004992, -0.002749219807740803, 0.03064386097691231], [-0.002749219807740803, 0.011414876662239566, 0.007880198238245449], [0.030643860976912306, 0.007880198238245449, 0.19871021378928003]], "chi2_level": 0.95, "chi2_df": 3, "chi2_threshold": 7.814727903251179, "N_raw": 121, "N_roi": 121, "N_inlier": 118, "refit": true}
{"timestamp": "19:41:40.852974", "frame": 39, "mu": [-0.11116813412122921, 1.6264998193539348, 1.3470345646893709], "Sigma": [[0.007007843836644323, 0.0006655064583488132, 0.0024173050842783966], [0.0006655064583488131, 0.01530152876560943, 0.004239225610867365], [0.0024173050842783966, 0.004239225610867365, 0.01242028443225885]], "chi2_level": 0.95, "chi2_df": 3, "chi2_threshold": 7.814727903251179, "N_raw": 103, "N_roi": 103, "N_inlier": 100, "refit": true}
{"timestamp": "19:41:40.906632", "frame": 40, "mu": [-0.14962282696925636, 1.617920841887926, 1.2480524786170986], "Sigma": [[0.00663829604500837, 0.00029643039783665726, -0.0008492754543943255], [0.00029643039783665737, 0.008954129054653764, -6.564468620591881e-05], [-0.0008492754543943255, -6.564468620591892e-05, 0.0180996967667183]], "chi2_level": 0.95, "chi2_df": 3, "chi2_threshold": 7.814727903251179, "N_raw": 96, "N_roi": 96, "N_inlier": 92, "refit": true}
{"timestamp": "19:41:40.957976", "frame": 41, "mu": [-0.19659610519246506, 1.7367714382454353, -0.28893193558651137], "Sigma": [[0.007204178848111339, 0.002455328029517562, 0.03458708935561608], [0.0024553280295175617, 0.014597457642565868, 0.015645784737935806], [0.03458708935561608, 0.015645784737935802, 0.3340564508660299]], "chi2_level": 0.95, "chi2_df": 3, "chi2_threshold": 7.814727903251179, "N_raw": 79, "N_roi": 79, "N_inlier": 75, "refit": true}
{"timestamp": "19:41:41.012775", "frame": 42, "mu": [-0.2676374047904641, 1.9288521100456608, -0.5100125141251223], "Sigma": [[0.005778005593728474, 0.003808832676554995, -0.020588581859512654], [0.003808832676554995, 0.014968860241863535, -0.06630066465211468], [-0.020588581859512654, -0.06630066465211468, 0.3887957315433535]], "chi2_level": 0.95, "chi2_df": 3, "chi2_threshold": 7.814727903251179, "N_raw": 69, "N_roi": 69, "N_inlier": 67, "refit": true}
{"timestamp": "19:41:41.066651", "frame": 43, "mu": [-0.2527516393945691, 1.743069310893793, 1.3452360387192122], "Sigma": [[0.006356468939514923, 0.003754808730904429, -0.0006833488034545887], [0.003754808730904429, 0.01123620352284062, 0.004090442381538812], [-0.0006833488034545887, 0.004090442381538812, 0.02130943266728695]], "chi2_level": 0.95, "chi2_df": 3, "chi2_threshold": 7.814727903251179, "N_raw": 68, "N_roi": 68, "N_inlier": 65, "refit": true}
{"timestamp": "19:41:41.126469", "frame": 44, "mu": [-0.32177604067142956, 1.7552000600839808, 0.9863958459043602], "Sigma": [[0.007011063347002315, 0.0006334033234771292, 0.006747294388822987], [0.0006334033234771295, 0.009443216253715211, 0.0281654656271855], [0.006747294388822986, 0.0281654656271855, 0.47930039117887197]], "chi2_level": 0.95, "chi2_df": 3, "chi2_threshold": 7.814727903251179, "N_raw": 95, "N_roi": 95, "N_inlier": 95, "refit": true}
{"timestamp": "19:41:41.187273", "frame": 45, "mu": [-0.36852994608733725, 1.631841136286324, 0.9404755503108085], "Sigma": [[0.011886802103865045, 0.00440601469981281, -0.02192519856968183], [0.00440601469981281, 0.2365356939640439, 0.3174469958901843], [-0.021925198569681833, 0.3174469958901843, 0.5822970110381672]], "chi2_level": 0.95, "chi2_df": 3, "chi2_threshold": 7.814727903251179, "N_raw": 129, "N_roi": 129, "N_inlier": 126, "refit": true}
{"timestamp": "19:41:41.242635", "frame": 46, "mu": [-0.4394702064832952, 1.8298439906584953, 1.0615662415341756], "Sigma": [[0.009647211906633065, 0.002688100478090827, -0.01080228243212725], [0.002688100478090827, 0.006612399187290091, 0.012302670290728412], [-0.01080228243212725, 0.012302670290728412, 0.18598461173454053]], "chi2_level": 0.95, "chi2_df": 3, "chi2_threshold": 7.814727903251179, "N_raw": 129, "N_roi": 129, "N_inlier": 124, "refit": true}
{"timestamp": "19:41:41.292386", "frame": 47, "mu": [-0.46301160340493186, 1.9229668354735965, 1.3115421255779478], "Sigma": [[0.011081894240092842, 0.0031796595630303034, 0.0010504330869661334], [0.0031796595630303034, 0.005458417943984121, 0.007880483563201666], [0.0010504330869661337, 0.007880483563201666, 0.0829965422605667]], "chi2_level": 0.95, "chi2_df": 3, "chi2_threshold": 7.814727903251179, "N_raw": 102, "N_roi": 102, "N_inlier": 98, "refit": true}
{"timestamp": "19:41:41.350607", "frame": 48, "mu": [-0.4991595238353679, 1.9432062019554228, 0.9732537192220271], "Sigma": [[0.008352265508213495, 0.001299970583749582, -0.010684728012421003], [0.001299970583749582, 0.002899113251418702, -0.005012084823866727], [-0.010684728012421003, -0.005012084823866727, 0.16399213214079505]], "chi2_level": 0.95, "chi2_df": 3, "chi2_threshold": 7.814727903251179, "N_raw": 126, "N_roi": 124, "N_inlier": 119, "refit": true}
{"timestamp": "19:41:41.403394", "frame": 49, "mu": [-0.5269671938165239, 1.9552466928861116, 1.1237594315765178], "Sigma": [[0.008268904532370636, 0.001356752146771062, -0.0014167170357808428], [0.0013567521467710618, 0.005473790565585496, -0.014172155366553436], [-0.0014167170357808432, -0.014172155366553436, 0.08533243077537371]], "chi2_level": 0.95, "chi2_df": 3, "chi2_threshold": 7.814727903251179, "N_raw": 102, "N_roi": 102, "N_inlier": 97, "refit": true}
{"timestamp": "19:41:41.464757", "frame": 50, "mu": [-0.5772512553097475, 2.105331088717073, 0.07845413235999171], "Sigma": [[0.011933749897014836, -0.009216007489864557, 0.07584988800277893], [-0.009216007489864557, 0.023080232239345477, -0.07724608150376297], [0.07584988800277893, -0.07724608150376297, 0.6779644823661826]], "chi2_level": 0.95, "chi2_df": 3, "chi2_threshold": 7.814727903251179, "N_raw": 149, "N_roi": 149, "N_inlier": 147, "refit": true}
{"timestamp": "19:41:41.518879", "frame": 51, "mu": [-0.5781478855984281, 2.017566716361501, 0.7126108350735384], "Sigma": [[0.010623225068936539, 0.0003475273322842876, 0.0037158902465809817], [0.00034752733228428747, 0.008761182714742946, 0.03273042035396552], [0.0037158902465809795, 0.03273042035396552, 0.40176554561103694]], "chi2_level": 0.95, "chi2_df": 3, "chi2_threshold": 7.814727903251179, "N_raw": 142, "N_roi": 142, "N_inlier": 139, "refit": true}
{"timestamp": "19:41:41.565528", "frame": 52, "mu": [-0.6086855009275427, 2.094996207044197, 1.2467855723449772], "Sigma": [[0.009829660359256916, 2.213365462423939e-05, -0.0005626601743198329], [2.2133654624239364e-05, 0.004488451392368513, -0.002886808691486285], [-0.0005626601743198329, -0.0028868086914862856, 0.035575977212405276]], "chi2_level": 0.95, "chi2_df": 3, "chi2_threshold": 7.814727903251179, "N_raw": 91, "N_roi": 91, "N_inlier": 86, "refit": true}
{"timestamp": "19:41:41.623969", "frame": 53, "mu": [-0.6092107918255633, 2.11767046627299, 0.8205031005420452], "Sigma": [[0.012472108989853617, -0.0021064128160195477, -0.015145539914718896], [-0.0021064128160195477, 0.006827257732426964, 0.03059786561540122], [-0.015145539914718892, 0.030597865615401218, 0.506859405418295]], "chi2_level": 0.95, "chi2_df": 3, "chi2_threshold": 7.814727903251179, "N_raw": 121, "N_roi": 121, "N_inlier": 121, "refit": true}
{"timestamp": "19:41:41.680623", "frame": 54, "mu": [-0.5805562088995081, 2.247091768891889, 0.8665442725260462], "Sigma": [[0.014170185923688487, -9.408586993603493e-06, -0.013440554428047678], [-9.408586993603384e-06, 0.007456993808171248, -0.013224094723124243], [-0.013440554428047672, -0.013224094723124243, 0.43522107441934843]], "chi2_level": 0.95, "chi2_df": 3, "chi2_threshold": 7.814727903251179, "N_raw": 126, "N_roi": 126, "N_inlier": 125, "refit": true}
{"timestamp": "19:41:41.730619", "frame": 55, "mu": [-0.578386752973344, 2.289196166327449, 1.3151717613677767], "Sigma": [[0.010112610705011503, -0.00029304549925165165, -0.0035112347996502044], [-0.0002930454992516517, 0.007382915904888058, -0.0020147972731154986], [-0.0035112347996502044, -0.0020147972731154986, 0.006501856010780082]], "chi2_level": 0.95, "chi2_df": 3, "chi2_threshold": 7.814727903251179, "N_raw": 80, "N_roi": 80, "N_inlier": 73, "refit": true}
{"timestamp": "19:41:41.789740", "frame": 56, "mu": [-0.6565255274321434, 2.319979935585281, 0.6605938854007057], "Sigma": [[0.01404957378290857, 0.0010541719186127878, 0.028334113267779744], [0.0010541719186127878, 0.0073860029820393665, 0.0055828528938763385], [0.028334113267779744, 0.0055828528938763385, 0.3181983457939909]], "chi2_level": 0.95, "chi2_df": 3, "chi2_threshold": 7.814727903251179, "N_raw": 121, "N_roi": 121, "N_inlier": 119, "refit": true}
{"timestamp": "19:41:41.843803", "frame": 57, "mu": [-0.6497828029169394, 2.3613036326708494, 1.2191884600610843], "Sigma": [[0.01270627886568416, -0.00033190303912355263, 0.0031034358022872816], [-0.00033190303912355274, 0.005085137590118882, -0.007048332831758037], [0.0031034358022872816, -0.007048332831758037, 0.032768162979085066]], "chi2_level": 0.95, "chi2_df": 3, "chi2_threshold": 7.814727903251179, "N_raw": 105, "N_roi": 105, "N_inlier": 99, "refit": true}
{"timestamp": "19:41:41.899349", "frame": 58, "mu": [-0.6249305330539981, 2.3915785224770993, 0.7620741001896424], "Sigma": [[0.011605274613692398, -0.0003911846199608921, 0.008882777179415229], [-0.0003911846199608922, 0.0027067996019124844, 0.005031176144403891], [0.008882777179415227, 0.005031176144403891, 0.3715840206672059]], "chi2_level": 0.95, "chi2_df": 3, "chi2_threshold": 7.814727903251179, "N_raw": 116, "N_roi": 115, "N_inlier": 115, "refit": true}
{"timestamp": "19:41:41.956082", "frame": 59, "mu": [-0.5915193018072444, 2.474485656028359, 0.9348109474758943], "Sigma": [[0.012684837387997534, -0.00023123343533150786, -0.016375822767320223], [-0.00023123343533150797, 0.002930919359835159, -0.005639581683962301], [-0.016375822767320223, -0.005639581683962301, 0.27074852269173205]], "chi2_level": 0.95, "chi2_df": 3, "chi2_threshold": 7.814727903251179, "N_raw": 121, "N_roi": 121, "N_inlier": 117, "refit": true}
{"timestamp": "19:41:42.014401", "frame": 60, "mu": [-0.6357681140045486, 2.7189669482894407, -0.5604480020719577], "Sigma": [[0.021057548407609202, -0.00788741660576414, 0.023646718239022424], [-0.007887416605764141, 0.02915823161783286, -0.1005142972270533], [0.023646718239022424, -0.1005142972270533, 0.42980556085083926]], "chi2_level": 0.95, "chi2_df": 3, "chi2_threshold": 7.814727903251179, "N_raw": 146, "N_roi": 146, "N_inlier": 146, "refit": true}
{"timestamp": "19:41:42.065676", "frame": 61, "mu": [-0.6215035801872396, 2.5527305365118873, -0.39095177883551446], "Sigma": [[0.01770606196944676, 0.00016574864173961087, 0.12974426386537166], [0.0001657486417396109, 0.0049811798933693365, 0.0131968309075539], [0.12974426386537166, 0.0131968309075539, 1.3210786058768755]], "chi2_level": 0.95, "chi2_df": 3, "chi2_threshold": 7.814727903251179, "N_raw": 125, "N_roi": 125, "N_inlier": 124, "refit": true}
{"timestamp": "19:41:42.119240", "frame": 62, "mu": [-0.5196311952379224, 2.5617524625816768, 0.6366540718347583], "Sigma": [[0.013345348479790053, -0.0003745637943483956, -0.017724321646178147], [-0.0003745637943483956, 0.00328895266516331, 0.006203180568834222], [-0.017724321646178147, 0.006203180568834222, 0.4345382338449243]], "chi2_level": 0.95, "chi2_df": 3, "chi2_threshold": 7.814727903251179, "N_raw": 113, "N_roi": 113, "N_inlier": 110, "refit": true}
{"timestamp": "19:41:42.165038", "frame": 63, "mu": [-0.5706413303771483, 2.650504110601676, 1.271812243686473], "Sigma": [[0.008147710038777812, -1.4025040414447968e-05, -0.00668428068547573], [-1.402504041444786e-05, 0.001193130320718091, -0.0035354033001506035], [-0.006684280685475731, -0.0035354033001506035, 0.0436863992011783]], "chi2_level": 0.95, "chi2_df": 3, "chi2_threshold": 7.814727903251179, "N_raw": 53, "N_roi": 53, "N_inlier": 48, "refit": true}
{"timestamp": "19:41:42.224558", "frame": 64, "mu": [-0.5422758830452462, 2.7561672298247917, -0.644588722538836], "Sigma": [[0.012917401306845494, 0.007170928284671845, 0.02010099596506723], [0.007170928284671845, 0.013281259387165106, 0.012537994340435035], [0.02010099596506723, 0.012537994340435035, 0.11564762495993722]], "chi2_level": 0.95, "chi2_df": 3, "chi2_threshold": 7.814727903251179, "N_raw": 93, "N_roi": 93, "N_inlier": 87, "refit": true}
{"timestamp": "19:41:42.284392", "frame": 65, "mu": [-0.5527487954755523, 2.8491875195472103, -0.1742228609190546], "Sigma": [[0.015493018987978965, 0.0017689799615044552, -0.0027192727701126932], [0.0017689799615044552, 0.008072339385567171, -0.013597480626422504], [-0.0027192727701126932, -0.013597480626422504, 0.024465081213347527]], "chi2_level": 0.95, "chi2_df": 3, "chi2_threshold": 7.814727903251179, "N_raw": 84, "N_roi": 84, "N_inlier": 80, "refit": true}
{"timestamp": "19:41:42.330878", "frame": 66, "mu": [-0.5414853808674677, 2.8980842427588938, -0.04464949682287727], "Sigma": [[0.011448943009150003, 0.0027573954064059316, -0.006204496291010923], [0.0027573954064059316, 0.007718444004230084, -0.014050295546941156], [-0.006204496291010923, -0.014050295546941156, 0.03235604320375009]], "chi2_level": 0.95, "chi2_df": 3, "chi2_threshold": 7.814727903251179, "N_raw": 63, "N_roi": 63, "N_inlier": 60, "refit": true}
{"timestamp": "19:41:42.388741", "frame": 67, "mu": [-0.5400933240639616, 2.875149800483192, -0.43126377049060094], "Sigma": [[0.016387332556988817, 0.004944189317545092, 0.02472185688877385], [0.004944189317545091, 0.010121440311201284, 0.009266510216684374], [0.02472185688877385, 0.009266510216684372, 0.10150688026374508]], "chi2_level": 0.95, "chi2_df": 3, "chi2_threshold": 7.814727903251179, "N_raw": 86, "N_roi": 86, "N_inlier": 80, "refit": true}
{"timestamp": "19:41:42.445825", "frame": 68, "mu": [-0.521666665939492, 2.871345214673166, 1.359561922536563], "Sigma": [[0.01741858995516036, 0.0016941617285643037, -0.014192447845772501], [0.0016941617285643035, 0.006712596597627285, -0.006992297407281841], [-0.014192447845772501, -0.006992297407281841, 0.03594720933831372]], "chi2_level": 0.95, "chi2_df": 3, "chi2_threshold": 7.814727903251179, "N_raw": 89, "N_roi": 89, "N_inlier": 85, "refit": true}
{"timestamp": "19:41:42.501718", "frame": 69, "mu": [-0.5550878041695108, 3.1269315442681602, -0.3439292365517346], "Sigma": [[0.020901675087218262, -0.008461301393840027, 0.02786322232820055], [-0.008461301393840027, 0.035264072734201096, -0.10420289879439384], [0.027863222328200547, -0.10420289879439384, 0.34483174657870214]], "chi2_level": 0.95, "chi2_df": 3, "chi2_threshold": 7.814727903251179, "N_raw": 91, "N_roi": 91, "N_inlier": 90, "refit": true}
{"timestamp": "19:41:42.546687", "frame": 70, "mu": [-0.4614895318937022, 3.0113100507430803, 0.9941140936007979], "Sigma": [[0.011253641491881324, -0.0006000220731800876, -0.014621571965355209], [-0.0006000220731800877, 0.0009063008448386901, -0.004240782320345183], [-0.014621571965355209, -0.004240782320345183, 0.09032788438424585]], "chi2_level": 0.95, "chi2_df": 3, "chi2_threshold": 7.814727903251179, "N_raw": 31, "N_roi": 31, "N_inlier": 27, "refit": true}
{"timestamp": "19:41:42.605380", "frame": 71, "mu": [-0.5217907408594245, 3.0167554912172005, 1.136604042885208], "Sigma": [[0.017003265008496048, -0.00482710460463879, 0.0067947675255584615], [-0.004827104604638789, 0.004280877009989219, -0.013975035451124065], [0.0067947675255584615, -0.013975035451124065, 0.08376987883921264]], "chi2_level": 0.95, "chi2_df": 3, "chi2_threshold": 7.814727903251179, "N_raw": 61, "N_roi": 61, "N_inlier": 58, "refit": true}
{"timestamp": "19:41:42.659942", "frame": 72, "mu": [-0.47535985393026103, 3.2564106515270357, -0.33909336609298024], "Sigma": [[0.011695361650292628, -0.00935031225757213, 0.019179308622664332], [-0.00935031225757213, 0.027280725509230802, -0.05846499555011016], [0.019179308622664336, -0.05846499555011016, 0.12715981454085334]], "chi2_level": 0.95, "chi2_df": 3, "chi2_threshold": 7.814727903251179, "N_raw": 52, "N_roi": 52, "N_inlier": 49, "refit": true}
{"timestamp": "19:41:42.722341", "frame": 73, "mu": [-0.4224547917957661, 3.1012210633540596, -0.1155496649472559], "Sigma": [[0.01915248296586563, 0.0018634527142525384, 0.04835144655734153], [0.0018634527142525384, 0.010899457174874998, -0.006654360146471694], [0.04835144655734153, -0.006654360146471694, 0.22001657095892785]], "chi2_level": 0.95, "chi2_df": 3, "chi2_threshold": 7.814727903251179, "N_raw": 77, "N_roi": 77, "N_inlier": 72, "refit": true}
{"timestamp": "19:41:42.772924", "frame": 74, "mu": [-0.40109156059290824, 3.0785984702949944, 0.8113326782157126], "Sigma": [[0.011906229584281473, -0.0011960801512450056, -0.004115176764119043], [-0.0011960801512450056, 0.0015553295404228385, 0.006493536569935789], [-0.004115176764119043, 0.006493536569935789, 0.48784406980677764]], "chi2_level": 0.95, "chi2_df": 3, "chi2_threshold": 7.814727903251179, "N_raw": 67, "N_roi": 67, "N_inlier": 66, "refit": true}
{"timestamp": "19:41:42.831733", "frame": 75, "mu": [-0.3545278952111862, 3.086642896234691, 0.7460116616992609], "Sigma": [[0.01674598974234808, -0.0015587124571194292, 0.0031776388809692897], [-0.0015587124571194294, 0.0070173512238926915, 0.020274201452001653], [0.003177638880969289, 0.020274201452001653, 0.5263505432742598]], "chi2_level": 0.95, "chi2_df": 3, "chi2_threshold": 7.814727903251179, "N_raw": 100, "N_roi": 100, "N_inlier": 99, "refit": true}
{"timestamp": "19:41:42.885131", "frame": 76, "mu": [-0.3350183498993459, 3.11260171622702, 0.7730501708572242], "Sigma": [[0.01575429550626324, 0.00027840639408876496, -0.002259019027359753], [0.0002784063940887652, 0.0061014048012282334, -0.002123106432691013], [-0.00225901902735975, -0.0021231064326910146, 0.5885783519218275]], "chi2_level": 0.95, "chi2_df": 3, "chi2_threshold": 7.814727903251179, "N_raw": 88, "N_roi": 88, "N_inlier": 87, "refit": true}
{"timestamp": "19:41:42.934314", "frame": 77, "mu": [-0.2926547439491175, 3.143716682610104, 1.3757175479400632], "Sigma": [[0.014125307399306305, -2.480724644468094e-05, -0.0052287669821830035], [-2.480724644468075e-05, 0.003498840375300647, 0.0002189493195022425], [-0.0052287669821830035, 0.0002189493195022425, 0.003814731186838044]], "chi2_level": 0.95, "chi2_df": 3, "chi2_threshold": 7.814727903251179, "N_raw": 45, "N_roi": 43, "N_inlier": 39, "refit": true}
{"timestamp": "19:41:42.984132", "frame": 78, "mu": [-0.26560627321683233, 3.177465227720434, 0.9038863867329296], "Sigma": [[0.0019494559764568241, 0.0005953094758949307, 0.008998269367396693], [0.0005953094758949307, 0.012742871410708971, 0.008126035134677148], [0.008998269367396693, 0.008126035134677148, 0.49117837857726987]], "chi2_level": 0.95, "chi2_df": 3, "chi2_threshold": 7.814727903251179, "N_raw": 11, "N_roi": 11, "N_inlier": 11, "refit": true}
{"timestamp": "19:41:43.039335", "frame": 79, "mu": [-0.21782251034809433, 3.166786693413901, 0.3809048360091485], "Sigma": [[0.007033095985693541, 0.002878178396992119, -0.009739579616962873], [0.00287817839699212, 0.011249816821629016, 0.021160074221057014], [-0.009739579616962871, 0.021160074221057014, 0.5044661028252]], "chi2_level": 0.95, "chi2_df": 3, "chi2_threshold": 7.814727903251179, "N_raw": 15, "N_roi": 13, "N_inlier": 13, "refit": true}
{"timestamp": "19:41:43.098037", "frame": 80, "mu": [-0.18564870068684347, 3.4162341105217795, -0.24997250150100903], "Sigma": [[0.015512565621791626, -0.009143319437649554, 0.03339241388836758], [-0.009143319437649554, 0.01734183701389544, -0.06942959911889282], [0.03339241388836758, -0.06942959911889282, 0.2894117492652453]], "chi2_level": 0.95, "chi2_df": 3, "chi2_threshold": 7.814727903251179, "N_raw": 46, "N_roi": 44, "N_inlier": 43, "refit": true}
{"timestamp": "19:41:43.152698", "frame": 81, "mu": [-0.09128612168306868, 3.2268860244735826, 0.053524296857830576], "Sigma": [[0.01231982846614231, 0.0009246580816233258, 0.008591802699365216], [0.0009246580816233259, 0.0025605428691500686, 0.004265494388146841], [0.008591802699365218, 0.004265494388146841, 0.05733267502890346]], "chi2_level": 0.95, "chi2_df": 3, "chi2_threshold": 7.814727903251179, "N_raw": 39, "N_roi": 38, "N_inlier": 34, "refit": true}
{"timestamp": "19:41:43.205198", "frame": 82, "mu": [-0.10255331376117138, 3.2849976086236228, -0.3445125269713855], "Sigma": [[0.008109989959497573, 0.0005677797149454868, 0.027598405362430092], [0.0005677797149454868, 0.0015498891306592935, 0.003982149055655513], [0.027598405362430092, 0.003982149055655513, 0.1664180917418259]], "chi2_level": 0.95, "chi2_df": 3, "chi2_threshold": 7.814727903251179, "N_raw": 24, "N_roi": 24, "N_inlier": 21, "refit": true}
{"timestamp": "19:41:43.265318", "frame": 83, "mu": [-0.0517669991862036, 3.2671902270604494, 1.1254770412074522], "Sigma": [[0.012766047078633967, -0.0038224685473321573, 0.0037949640743201534], [-0.003822468547332157, 0.007108241726012155, -0.022163913740365415], [0.0037949640743201534, -0.022163913740365415, 0.16706324002074044]], "chi2_level": 0.95, "chi2_df": 3, "chi2_threshold": 7.814727903251179, "N_raw": 62, "N_roi": 62, "N_inlier": 60, "refit": true}
{"timestamp": "19:41:43.320805", "frame": 84, "mu": [0.029262039100002107, 3.251512725545753, 1.161283394979428], "Sigma": [[0.016475408475628478, -0.001800551919114335, -0.0034794139450517914], [-0.001800551919114335, 0.007643297168790431, -0.004040275997816161], [-0.003479413945051792, -0.004040275997816161, 0.24001287531642368]], "chi2_level": 0.95, "chi2_df": 3, "chi2_threshold": 7.814727903251179, "N_raw": 65, "N_roi": 65, "N_inlier": 64, "refit": true}
{"timestamp": "19:41:43.368748", "frame": 85, "mu": [0.0036617926297637902, 3.2271114142740336, 1.0183878311375192], "Sigma": [[0.004159941251827788, -0.002045861105853669, 0.029140254883522815], [-0.0020458611058536695, 0.006855660303841437, -0.03547312934998031], [0.029140254883522818, -0.03547312934998031, 0.37668886936493956]], "chi2_level": 0.95, "chi2_df": 3, "chi2_threshold": 7.814727903251179, "N_raw": 13, "N_roi": 13, "N_inlier": 12, "refit": true}
{"timestamp": "19:41:43.431417", "frame": 86, "mu": [0.07411034384763529, 3.245235315894904, 1.239566456439213], "Sigma": [[0.015240976437696679, -0.0027373364455898597, -0.010205172835343279], [-0.0027373364455898597, 0.005585297418853416, -0.002772297753323644], [-0.010205172835343279, -0.002772297753323644, 0.01664338583061808]], "chi2_level": 0.95, "chi2_df": 3, "chi2_threshold": 7.814727903251179, "N_raw": 68, "N_roi": 68, "N_inlier": 64, "refit": true}
{"timestamp": "19:41:43.477701", "frame": 87, "mu": [0.12085557051816463, 3.284035079089977, 0.5943874187949274], "Sigma": [[0.0005042615393747324, 0.0017775415435418971, -0.008823721860340939], [0.0017775415435418967, 0.01643310404518613, -0.028536749665296873], [-0.008823721860340939, -0.02853674966529688, 0.5713651778716964]], "chi2_level": 0.95, "chi2_df": 3, "chi2_threshold": 7.814727903251179, "N_raw": 7, "N_roi": 7, "N_inlier": 7, "refit": true}
{"timestamp": "19:41:43.538008", "frame": 88, "mu": [0.15298990484831734, 3.2568372263950662, 1.287597726151942], "Sigma": [[0.01624142210556377, -0.002528964247606978, -0.008201109799558348], [-0.002528964247606978, 0.005388641462570012, 0.0025904636344559204], [-0.008201109799558348, 0.0025904636344559204, 0.005870296867507256]], "chi2_level": 0.95, "chi2_df": 3, "chi2_threshold": 7.814727903251179, "N_raw": 50, "N_roi": 50, "N_inlier": 48, "refit": true}
{"timestamp": "19:41:43.593703", "frame": 89, "mu": [0.18718238496107414, 3.2079707715681893, 1.18491038753897], "Sigma": [[0.011275461714414403, -0.0019465931494943199, -0.00450988394950366], [-0.0019465931494943196, 0.005093002159448715, -0.0010814094151935043], [-0.00450988394950366, -0.0010814094151935043, 0.0036275281245654305]], "chi2_level": 0.95, "chi2_df": 3, "chi2_threshold": 7.814727903251179, "N_raw": 50, "N_roi": 50, "N_inlier": 47, "refit": true}
{"timestamp": "19:41:43.645585", "frame": 90, "mu": [0.27427711761564566, 3.217615024727856, 1.2093395718213877], "Sigma": [[0.007829141257774083, -0.0002901083185045086, -0.0033180086344048675], [-0.00029010831850450865, 0.002213617422703654, -0.0003005890912447604], [-0.0033180086344048675, -0.00030058909124476053, 0.0025471569151942638]], "chi2_level": 0.95, "chi2_df": 3, "chi2_threshold": 7.814727903251179, "N_raw": 24, "N_roi": 24, "N_inlier": 22, "refit": true}
{"timestamp": "19:41:43.701212", "frame": 91, "mu": [0.285516964892164, 3.174305266655847, 1.2499079825495383], "Sigma": [[0.011567118510396553, -0.0015818695388526889, -0.0027927631926691478], [-0.0015818695388526887, 0.004023394893642414, 0.00260732297581648], [-0.0027927631926691478, 0.00260732297581648, 0.0027714140639043044]], "chi2_level": 0.95, "chi2_df": 3, "chi2_threshold": 7.814727903251179, "N_raw": 36, "N_roi": 36, "N_inlier": 34, "refit": true}
{"timestamp": "19:41:43.811972", "frame": 93, "mu": [0.3739026922944097, 3.19958263463118, 1.2209251017778064], "Sigma": [[0.011245311523972864, -0.0002671053510053094, -0.003402791154671306], [-0.00026710535100530936, 0.0025348373275955694, -0.0023126612595263663], [-0.0034027911546713066, -0.0023126612595263663, 0.008200564047980691]], "chi2_level": 0.95, "chi2_df": 3, "chi2_threshold": 7.814727903251179, "N_raw": 43, "N_roi": 43, "N_inlier": 40, "refit": true}
