{"timestamp": "19:35:33.656657", "frame": 1, "mu": [1.6804796726063014, 1.147941662749477, 1.0040552029148866], "Sigma": [[0.0014940276417816465, -0.002560457859584149, -0.0007327473928475483], [-0.002560457859584149, 0.04122722018389713, -0.0013284637830954234], [-0.0007327473928475483, -0.0013284637830954234, 0.0010596638782400204]], "chi2_level": 0.95, "chi2_df": 3, "chi2_threshold": 7.814727903251179, "N_raw": 7, "N_roi": 7, "N_inlier": 7, "refit": true}
{"timestamp": "19:35:34.646681", "frame": 19, "mu": [1.666740010763616, 0.8293975981513957, 1.2922544744781852], "Sigma": [[0.004502204073345996, 0.0008013147148737674, -0.007021441549131821], [0.0008013147148737674, 0.004749394196946352, -0.003449891195798148], [-0.007021441549131822, -0.003449891195798148, 0.013685707088867655]], "chi2_level": 0.95, "chi2_df": 3, "chi2_threshold": 7.814727903251179, "N_raw": 12, "N_roi": 12, "N_inlier": 12, "refit": true}
{"timestamp": "19:35:34.814615", "frame": 22, "mu": [1.6591095396129663, 0.7493473429915876, 1.3208197709051392], "Sigma": [[0.005282032527920719, -0.005156182708360995, -0.0022571615217102992], [-0.005156182708360996, 0.009836871833871502, -0.0010598724154199084], [-0.002257161521710299, -0.0010598724154199084, 0.003873349510466021]], "chi2_level": 0.95, "chi2_df": 3, "chi2_threshold": 7.814727903251179, "N_raw": 30, "N_roi": 30, "N_inlier": 29, "refit": true}
{"timestamp": "19:35:34.922519", "frame": 24, "mu": [1.6321674784670093, 0.8014812932564175, 1.3206635332194776], "Sigma": [[0.003390328552920251, -0.0018111257045440741, -0.0035498812982919696], [-0.0018111257045440741, 0.004296246333723626, -0.00011242990843904837], [-0.0035498812982919696, -0.00011242990843904842, 0.005671225767379649]], "chi2_level": 0.95, "chi2_df": 3, "chi2_threshold": 7.814727903251179, "N_raw": 21, "N_roi": 21, "N_inlier": 19, "refit": true}
{"timestamp": "19:35:35.031320", "frame": 26, "mu": [1.5312959374844648, 0.8520585431814506, 1.4592383246309713], "Sigma": [[0.00854548591890556, -0.002402787017399811, -0.0029370019241249865], [-0.002402787017399811, 0.0009910489160305427, 0.0007588991392550473], [-0.002937001924124986, 0.0007588991392550473, 0.0011836716403334023]], "chi2_level": 0.95, "chi2_df": 3, "chi2_threshold": 7.814727903251179, "N_raw": 7, "N_roi": 7, "N_inlier": 7, "refit": true}
{"timestamp": "19:35:35.417601", "frame": 33, "mu": [1.5815715880485792, 0.7499188296130703, 1.1399044454936633], "Sigma": [[0.0023106851461462395, -0.002285586194195859, -0.0037883188594203462], [-0.002285586194195859, 0.0030836178585703497, 0.002479968593180994], [-0.0037883188594203467, 0.002479968593180994, 0.00917792036955033]], "chi2_level": 0.95, "chi2_df": 3, "chi2_threshold": 7.814727903251179, "N_raw": 17, "N_roi": 17, "N_inlier": 14, "refit": true}
{"timestamp": "19:35:35.527977", "frame": 35, "mu": [1.5082191878024462, 0.8430509024913049, 1.0929241820282953], "Sigma": [[0.009066293304375804, -0.005163988447926646, -0.021400377139891333], [-0.005163988447926645, 0.015040224262844883, -0.0038032918210293195], [-0.021400377139891333, -0.0038032918210293204, 0.10410926075325996]], "chi2_level": 0.95, "chi2_df": 3, "chi2_threshold": 7.814727903251179, "N_raw": 12, "N_roi": 12, "N_inlier": 12, "refit": true}
{"timestamp": "19:35:35.581574", "frame": 36, "mu": [1.4919435372722347, 0.8146058715060466, 1.1820285367765955], "Sigma": [[0.007942715535043495, -0.007826925530100922, -0.019280283401298587], [-0.007826925530100923, 0.010754259301948317, 0.024474442502933118], [-0.01928028340129859, 0.024474442502933118, 0.05802096389615946]], "chi2_level": 0.95, "chi2_df": 3, "chi2_threshold": 7.814727903251179, "N_raw": 8, "N_roi": 8, "N_inlier": 7, "refit": true}
{"timestamp": "19:35:35.803497", "frame": 40, "mu": [1.3580857213813287, 0.726444666493862, 1.172600438839528], "Sigma": [[0.0017525588773902587, -0.0017290657173672731, -0.0006949934258952942], [-0.0017290657173672733, 0.005780525399427599, -0.0024935939385410523], [-0.0006949934258952942, -0.0024935939385410527, 0.0033682588492552523]], "chi2_level": 0.95, "chi2_df": 3, "chi2_threshold": 7.814727903251179, "N_raw": 19, "N_roi": 19, "N_inlier": 16, "refit": true}
{"timestamp": "19:35:35.857428", "frame": 41, "mu": [1.225143245630272, 0.7623713927435483, 0.834445789461004], "Sigma": [[0.006175874969319464, 0.0025507890183593413, 0.030509922917706406], [0.0025507890183593413, 0.0013281292169995786, 0.014937212781512943], [0.030509922917706406, 0.014937212781512946, 0.270775656206458]], "chi2_level": 0.95, "chi2_df": 3, "chi2_threshold": 7.814727903251179, "N_raw": 8, "N_roi": 8, "N_inlier": 8, "refit": true}
{"timestamp": "19:35:35.916934", "frame": 42, "mu": [1.1948447635413388, 0.8482695139708258, 1.2524063378301002], "Sigma": [[0.0055489580396441505, -0.005935950307571238, -0.002203505984899146], [-0.005935950307571237, 0.008608825848475922, -0.0013786648960772143], [-0.002203505984899146, -0.0013786648960772145, 0.010140953364400811]], "chi2_level": 0.95, "chi2_df": 3, "chi2_threshold": 7.814727903251179, "N_raw": 46, "N_roi": 46, "N_inlier": 45, "refit": true}
{"timestamp": "19:35:35.970413", "frame": 43, "mu": [1.1042208422880555, 0.8913333941017364, 1.3258719593948556], "Sigma": [[0.0036808354298977176, -0.002531951065010347, -0.0034688862049815604], [-0.002531951065010347, 0.003030821523702636, 0.0012815791679182172], [-0.0034688862049815604, 0.0012815791679182174, 0.004680447010578512]], "chi2_level": 0.95, "chi2_df": 3, "chi2_threshold": 7.814727903251179, "N_raw": 18, "N_roi": 18, "N_inlier": 18, "refit": true}
{"timestamp": "19:35:36.079059", "frame": 45, "mu": [0.9815917631212574, 0.9593030017261202, 1.4436134224787596], "Sigma": [[0.0023602250337361997, -0.0004323382841250683, -0.0010993974882257207], [-0.0004323382841250683, 0.0016795632944164249, 5.9625468234093384e-05], [-0.0010993974882257207, 5.962546823409337e-05, 0.0006898559400444959]], "chi2_level": 0.95, "chi2_df": 3, "chi2_threshold": 7.814727903251179, "N_raw": 18, "N_roi": 18, "N_inlier": 16, "refit": true}
{"timestamp": "19:35:36.188672", "frame": 47, "mu": [0.9163782116198982, 0.8798667336929261, 0.913375533688634], "Sigma": [[0.00514229162130263, 0.00027502643281896545, -0.007268723492985674], [0.00027502643281896545, 0.0007855869790794697, 0.014456690470941056], [-0.007268723492985671, 0.014456690470941056, 0.39319878964312355]], "chi2_level": 0.95, "chi2_df": 3, "chi2_threshold": 7.814727903251179, "N_raw": 11, "N_roi": 11, "N_inlier": 10, "refit": true}
{"timestamp": "19:35:36.243575", "frame": 48, "mu": [0.8931520275219725, 0.8635695197688485, 1.1840435996855279], "Sigma": [[0.004944229779868018, -0.005307012880444419, -0.010350511560186456], [-0.005307012880444419, 0.006852260115842221, 0.012721376173909974], [-0.010350511560186454, 0.012721376173909974, 0.026910079419534147]], "chi2_level": 0.95, "chi2_df": 3, "chi2_threshold": 7.814727903251179, "N_raw": 13, "N_roi": 13, "N_inlier": 12, "refit": true}
{"timestamp": "19:35:36.301549", "frame": 49, "mu": [0.783830401247474, 0.9219344260904248, 1.414208479651525], "Sigma": [[0.00951644313820284, -0.005205036591112439, -0.01890196442765305], [-0.005205036591112439, 0.005640519388628805, 0.011160600956925898], [-0.01890196442765305, 0.0111606009569259, 0.043139032369313005]], "chi2_level": 0.95, "chi2_df": 3, "chi2_threshold": 7.814727903251179, "N_raw": 26, "N_roi": 26, "N_inlier": 25, "refit": true}
{"timestamp": "19:35:36.361351", "frame": 50, "mu": [0.7457681008714374, 0.9139068789650174, 1.4185246418456292], "Sigma": [[0.004190944720558033, -0.0005556509128695121, -0.004503857875282792], [-0.0005556509128695122, 0.003753057702165953, 0.0004808166856531573], [-0.004503857875282793, 0.0004808166856531575, 0.01006864359942305]], "chi2_level": 0.95, "chi2_df": 3, "chi2_threshold": 7.814727903251179, "N_raw": 57, "N_roi": 57, "N_inlier": 52, "refit": true}
{"timestamp": "19:35:36.412407", "frame": 51, "mu": [0.6736992682570229, 1.0198065814866097, -0.277449314849101], "Sigma": [[0.002960875887107515, 0.00021877347821657313, -0.002055904048484163], [0.00021877347821657313, 0.003493720253969252, -0.0005105270031551663], [-0.002055904048484163, -0.0005105270031551663, 0.001661284682293896]], "chi2_level": 0.95, "chi2_df": 3, "chi2_threshold": 7.814727903251179, "N_raw": 36, "N_roi": 36, "N_inlier": 33, "refit": true}
{"timestamp": "19:35:36.472337", "frame": 52, "mu": [0.6556075474921773, 0.9320310941397271, 1.441843778097747], "Sigma": [[0.004367430198365651, 0.0005873472472836916, -0.0033430040159502113], [0.0005873472472836915, 0.0053776835156561726, -0.002057007229676313], [-0.0033430040159502113, -0.0020570072296763127, 0.004688737032351742]], "chi2_level": 0.95, "chi2_df": 3, "chi2_threshold": 7.814727903251179, "N_raw": 69, "N_roi": 69, "N_inlier": 66, "refit": true}
{"timestamp": "19:35:36.525527", "frame": 53, "mu": [0.619819507183598, 0.8979100937804269, 1.3875853024743612], "Sigma": [[0.0028235900517048574, -0.0003443156562681175, -0.003857303458109208], [-0.00034431565626811747, 0.0027854000476620878, -0.0027308686061140617], [-0.003857303458109208, -0.0027308686061140617, 0.011837491413798149]], "chi2_level": 0.95, "chi2_df": 3, "chi2_threshold": 7.814727903251179, "N_raw": 51, "N_roi": 51, "N_inlier": 48, "refit": true}
{"timestamp": "19:35:36.579417", "frame": 54, "mu": [0.5947598748430628, 0.8976405972612174, 1.4491564098721483], "Sigma": [[0.0040311234739974534, -0.000891252137889861, -0.00356962813506039], [-0.000891252137889861, 0.0029021347204286215, 0.0026313043867619997], [-0.00356962813506039, 0.0026313043867619993, 0.020414550193928255]], "chi2_level": 0.95, "chi2_df": 3, "chi2_threshold": 7.814727903251179, "N_raw": 45, "N_roi": 45, "N_inlier": 43, "refit": true}
{"timestamp": "19:35:36.643002", "frame": 55, "mu": [0.5474187596405802, 0.9377338365635153, 1.278875291423137], "Sigma": [[0.0033007582803244737, -0.000670487563865677, 0.0012655668124808691], [-0.000670487563865677, 0.00270663995807866, -0.00685021607947115], [0.0012655668124808691, -0.006850216079471149, 0.03844841797490181]], "chi2_level": 0.95, "chi2_df": 3, "chi2_threshold": 7.814727903251179, "N_raw": 100, "N_roi": 100, "N_inlier": 97, "refit": true}
{"timestamp": "19:35:36.694776", "frame": 56, "mu": [0.5341497043792559, 0.8930741924962858, 1.4823512717816458], "Sigma": [[0.0036679099695097637, 0.0008018948505705348, -0.002486140612679631], [0.0008018948505705348, 0.0024200057882370375, -0.0013900013878728646], [-0.002486140612679631, -0.0013900013878728646, 0.0021802378321646694]], "chi2_level": 0.95, "chi2_df": 3, "chi2_threshold": 7.814727903251179, "N_raw": 45, "N_roi": 45, "N_inlier": 42, "refit": true}
{"timestamp": "19:35:36.744910", "frame": 57, "mu": [0.39797549628778284, 0.9292220075114351, 1.4454900336173133], "Sigma": [[0.0015798394472070906, -0.0007584277116122376, 0.0013817412380376839], [-0.0007584277116122374, 0.0024909965439613795, -0.003649343838581699], [0.0013817412380376837, -0.0036493438385816986, 0.00656660557941042]], "chi2_level": 0.95, "chi2_df": 3, "chi2_threshold": 7.814727903251179, "N_raw": 48, "N_roi": 48, "N_inlier": 44, "refit": true}
{"timestamp": "19:35:36.800950", "frame": 58, "mu": [0.38321687484769923, 1.0000975448231217, 1.0869455825485617], "Sigma": [[0.006392646436376311, -0.007442226524574436, 0.013168081293386556], [-0.007442226524574436, 0.015979674822126026, -0.03808017651552629], [0.013168081293386556, -0.03808017651552629, 0.11303779448288423]], "chi2_level": 0.95, "chi2_df": 3, "chi2_threshold": 7.814727903251179, "N_raw": 61, "N_roi": 61, "N_inlier": 58, "refit": true}
{"timestamp": "19:35:36.863561", "frame": 59, "mu": [0.3138467214704949, 1.0427508716772196, 1.0910048324404686], "Sigma": [[0.019973192728503366, -0.014674100864325954, 0.04390529893004943], [-0.014674100864325954, 0.016355232557670782, -0.044816762657540095], [0.043905298930049436, -0.044816762657540095, 0.13630291669105768]], "chi2_level": 0.95, "chi2_df": 3, "chi2_threshold": 7.814727903251179, "N_raw": 103, "N_roi": 103, "N_inlier": 100, "refit": true}
{"timestamp": "19:35:36.914821", "frame": 60, "mu": [0.25946659149138185, 1.048154516168919, 0.9962402711843442], "Sigma": [[0.02709756604959094, -0.020416448214521696, 0.04442737418779799], [-0.020416448214521696, 0.01800142945109319, -0.036345311383826205], [0.044427374187798, -0.03634531138382621, 0.08446531380328934]], "chi2_level": 0.95, "chi2_df": 3, "chi2_threshold": 7.814727903251179, "N_raw": 73, "N_roi": 73, "N_inlier": 71, "refit": true}
{"timestamp": "19:35:36.969345", "frame": 61, "mu": [0.28661723393453575, 1.0702352433970317, -0.23981518230114895], "Sigma": [[0.005759247074780844, -0.007833763529322142, 0.03339332337250683], [-0.00783376352932214, 0.021242759725699896, -0.07328443397291406], [0.03339332337250683, -0.07328443397291406, 0.4988959386476209]], "chi2_level": 0.95, "chi2_df": 3, "chi2_threshold": 7.814727903251179, "N_raw": 82, "N_roi": 82, "N_inlier": 75, "refit": true}
{"timestamp": "19:35:37.024796", "frame": 62, "mu": [0.15299544600564896, 1.0170386371407398, 1.0962241118700007], "Sigma": [[0.019994836826744744, -0.013506583777162896, 0.03628439746546063], [-0.013506583777162896, 0.012028134200197287, -0.028064778770502924], [0.03628439746546063, -0.028064778770502924, 0.08378503713831267]], "chi2_level": 0.95, "chi2_df": 3, "chi2_threshold": 7.814727903251179, "N_raw": 75, "N_roi": 75, "N_inlier": 70, "refit": true}
{"timestamp": "19:35:37.074604", "frame": 63, "mu": [0.14961636825088007, 1.1240956545013594, -0.6095206066973574], "Sigma": [[0.0015665923118788362, -0.0003070576004286417, 0.0014760330850668861], [-0.0003070576004286417, 0.0018050848616536217, -0.00268068198242343], [0.001476033085066886, -0.0026806819824234302, 0.05887106927132331]], "chi2_level": 0.95, "chi2_df": 3, "chi2_threshold": 7.814727903251179, "N_raw": 45, "N_roi": 45, "N_inlier": 42, "refit": true}
{"timestamp": "19:35:37.133830", "frame": 64, "mu": [0.04817482244411785, 0.9019338810965685, 1.2612451181495694], "Sigma": [[0.002074415870742691, -0.0009711510056154091, -0.0020950813662622358], [-0.0009711510056154092, 0.0031800102858062897, 0.012371299935651886], [-0.002095081366262236, 0.012371299935651888, 0.0879439807070347]], "chi2_level": 0.95, "chi2_df": 3, "chi2_threshold": 7.814727903251179, "N_raw": 71, "N_roi": 71, "N_inlier": 66, "refit": true}
{"timestamp": "19:35:37.188447", "frame": 65, "mu": [0.00824896138132763, 0.892496550883308, 1.2529703470320852], "Sigma": [[0.0021970847154706846, -0.0011836763588423008, -0.0005023654333000556], [-0.0011836763588423008, 0.00506709752852639, 0.01191388922536702], [-0.0005023654333000558, 0.011913889225367022, 0.07186786915177579]], "chi2_level": 0.95, "chi2_df": 3, "chi2_threshold": 7.814727903251179, "N_raw": 73, "N_roi": 73, "N_inlier": 71, "refit": true}
{"timestamp": "19:35:37.243449", "frame": 66, "mu": [-0.06533845944510386, 0.8287209978694998, 1.221177045603843], "Sigma": [[0.0019062568148067803, -0.00021997921436778026, 0.0018854327811417843], [-0.00021997921436778026, 0.005507340101611517, 0.006226628051845156], [0.0018854327811417848, 0.0062266280518451554, 0.038155965811990995]], "chi2_level": 0.95, "chi2_df": 3, "chi2_threshold": 7.814727903251179, "N_raw": 73, "N_roi": 73, "N_inlier": 70, "refit": true}
{"timestamp": "19:35:37.291408", "frame": 67, "mu": [-0.1515814894899683, 0.9038819468521895, 1.3403232110630814], "Sigma": [[0.0007104180950235214, -0.0006012423067417757, -0.00033763375968957123], [-0.0006012423067417757, 0.00152215838529747, -0.0021953331120197475], [-0.0003376337596895712, -0.0021953331120197475, 0.012598674875162991]], "chi2_level": 0.95, "chi2_df": 3, "chi2_threshold": 7.814727903251179, "N_raw": 25, "N_roi": 25, "N_inlier": 22, "refit": true}
{"timestamp": "19:35:37.352312", "frame": 68, "mu": [-0.15064171764705783, 0.9642009700098778, 1.4695395852085835], "Sigma": [[0.002936518243685355, -0.0005811409761468413, -0.0005802779164071328], [-0.0005811409761468413, 0.0029044846181145714, -0.0024325492202745967], [-0.0005802779164071328, -0.0024325492202745967, 0.0028160100764340924]], "chi2_level": 0.95, "chi2_df": 3, "chi2_threshold": 7.814727903251179, "N_raw": 72, "N_roi": 72, "N_inlier": 69, "refit": true}
{"timestamp": "19:35:37.407446", "frame": 69, "mu": [-0.18598912869932333, 0.9471607640081203, 1.4080605771291483], "Sigma": [[0.0023259372058748694, -0.001243597750893549, -0.0012141963081262349], [-0.001243597750893549, 0.0025673500610195743, -0.002741923105782771], [-0.0012141963081262349, -0.002741923105782771, 0.01144922748355835]], "chi2_level": 0.95, "chi2_df": 3, "chi2_threshold": 7.814727903251179, "N_raw": 72, "N_roi": 72, "N_inlier": 68, "refit": true}
{"timestamp": "19:35:37.464401", "frame": 70, "mu": [-0.22153317746795037, 0.9902112422769797, -0.20017044782972154], "Sigma": [[0.00322876331118914, 0.0019325367914903148, 0.02340785186038477], [0.0019325367914903148, 0.008470534475882073, 0.002996106412145615], [0.023407851860384767, 0.0029961064121456146, 0.38795469580331016]], "chi2_level": 0.95, "chi2_df": 3, "chi2_threshold": 7.814727903251179, "N_raw": 81, "N_roi": 81, "N_inlier": 77, "refit": true}
{"timestamp": "19:35:37.516811", "frame": 71, "mu": [-0.23401952980803487, 0.8428927081268324, 1.1836405182266252], "Sigma": [[0.001689201634696243, -0.0018899410376776518, -0.0014592077151105117], [-0.0018899410376776518, 0.004910993586087427, 0.010428065897990984], [-0.0014592077151105115, 0.010428065897990984, 0.06060740303441545]], "chi2_level": 0.95, "chi2_df": 3, "chi2_threshold": 7.814727903251179, "N_raw": 59, "N_roi": 57, "N_inlier": 55, "refit": true}
{"timestamp": "19:35:37.571262", "frame": 72, "mu": [-0.31477500390366425, 0.9101659181547168, 1.3462272830724744], "Sigma": [[0.0023815648564449914, -0.0008520298875775311, -0.001330337914191934], [-0.000852029887577531, 0.0021034007247561905, -0.0017909470729739357], [-0.001330337914191934, -0.0017909470729739357, 0.007227133372513502]], "chi2_level": 0.95, "chi2_df": 3, "chi2_threshold": 7.814727903251179, "N_raw": 59, "N_roi": 59, "N_inlier": 57, "refit": true}
{"timestamp": "19:35:37.625330", "frame": 73, "mu": [-0.3947711308777622, 0.9254285751375644, 1.4262399403633284], "Sigma": [[0.002836239191710631, -0.0011988312700996918, 0.0002274406931577339], [-0.0011988312700996918, 0.002483389148104029, -0.002161781148849886], [0.00022744069315773388, -0.0021617811488498857, 0.0025999270053551093]], "chi2_level": 0.95, "chi2_df": 3, "chi2_threshold": 7.814727903251179, "N_raw": 55, "N_roi": 55, "N_inlier": 53, "refit": true}
{"timestamp": "19:35:37.682318", "frame": 74, "mu": [-0.4544916687885668, 1.0366313154970348, -0.2955877702780824], "Sigma": [[0.0035001832698245542, -0.001324841188663512, -0.0003854233358690116], [-0.001324841188663512, 0.004051255721198087, -0.0025644581921053563], [-0.00038542333586901156, -0.002564458192105356, 0.00342943388888048]], "chi2_level": 0.95, "chi2_df": 3, "chi2_threshold": 7.814727903251179, "N_raw": 67, "N_roi": 67, "N_inlier": 63, "refit": true}
{"timestamp": "19:35:37.735663", "frame": 75, "mu": [-0.5185791001895296, 1.0524221102841715, -0.3344947914134314], "Sigma": [[0.0026770437181397756, -0.0005150807808515667, -0.0012568046715129922], [-0.0005150807808515668, 0.0023322058347514055, -0.003411709176271925], [-0.0012568046715129922, -0.0034117091762719256, 0.015250999099496839]], "chi2_level": 0.95, "chi2_df": 3, "chi2_threshold": 7.814727903251179, "N_raw": 58, "N_roi": 58, "N_inlier": 56, "refit": true}
{"timestamp": "19:35:37.790214", "frame": 76, "mu": [-0.5196576451100903, 0.9400826102968161, 1.4215283430696177], "Sigma": [[0.0024907828403041192, -0.00010073722355592293, -0.00179650335264576], [-0.00010073722355592293, 0.001985182507018462, -0.0029841489045880363], [-0.0017965033526457599, -0.0029841489045880363, 0.006992081208495909]], "chi2_level": 0.95, "chi2_df": 3, "chi2_threshold": 7.814727903251179, "N_raw": 58, "N_roi": 58, "N_inlier": 53, "refit": true}
{"timestamp": "19:35:37.844177", "frame": 77, "mu": [-0.5711804569139813, 0.9343420511403886, 1.3601717356383891], "Sigma": [[0.003099473731987038, -0.0039872835891564175, -0.00773799784150669], [-0.0039872835891564175, 0.007949491506031406, 0.012380058918044806], [-0.007737997841506689, 0.012380058918044806, 0.0469231268433076]], "chi2_level": 0.95, "chi2_df": 3, "chi2_threshold": 7.814727903251179, "N_raw": 50, "N_roi": 50, "N_inlier": 48, "refit": true}
{"timestamp": "19:35:37.899332", "frame": 78, "mu": [-0.6165938584141722, 0.8965172641038137, -0.9008062689932202], "Sigma": [[0.0031963587309683807, -0.001204268439436682, -0.010731561359530538], [-0.001204268439436682, 0.0018869089429531941, 0.005142215526354067], [-0.010731561359530538, 0.005142215526354067, 0.05408283914941646]], "chi2_level": 0.95, "chi2_df": 3, "chi2_threshold": 7.814727903251179, "N_raw": 51, "N_roi": 51, "N_inlier": 46, "refit": true}
{"timestamp": "19:35:37.953731", "frame": 79, "mu": [-0.6925226140909401, 0.9184403325713255, 1.3398200092249721], "Sigma": [[0.0022168803563158822, -0.0014970320025556223, -0.0025234972012694685], [-0.001497032002555622, 0.0023327616101919274, 0.00033798321860694264], [-0.0025234972012694685, 0.00033798321860694264, 0.0070721654884184915]], "chi2_level": 0.95, "chi2_df": 3, "chi2_threshold": 7.814727903251179, "N_raw": 39, "N_roi": 39, "N_inlier": 35, "refit": true}
{"timestamp": "19:35:38.011226", "frame": 80, "mu": [-0.8514466708287493, 0.86118967008159, 1.4903948067742583], "Sigma": [[0.02723629895945072, 0.00953009586234143, -0.02737586000037844], [0.009530095862341431, 0.008768943057641596, -0.01181584599511214], [-0.027375860000378435, -0.01181584599511214, 0.0313045692668057]], "chi2_level": 0.95, "chi2_df": 3, "chi2_threshold": 7.814727903251179, "N_raw": 52, "N_roi": 52, "N_inlier": 49, "refit": true}
{"timestamp": "19:35:38.061771", "frame": 81, "mu": [-0.8421030269895006, 0.8971117295842049, 1.23933709238677], "Sigma": [[0.03781636003815688, 0.007159056297701033, -0.07357228803902668], [0.007159056297701031, 0.009407059830083183, -0.014765183749839646], [-0.07357228803902668, -0.014765183749839648, 0.16068971915693106]], "chi2_level": 0.95, "chi2_df": 3, "chi2_threshold": 7.814727903251179, "N_raw": 23, "N_roi": 23, "N_inlier": 22, "refit": true}
{"timestamp": "19:35:38.116354", "frame": 82, "mu": [-1.050356946304942, 0.8367711939544755, 1.6302494243709507], "Sigma": [[0.02658940662106367, 0.00632503345985338, -0.03207787659169723], [0.00632503345985338, 0.006077131693283063, -0.011824104603771486], [-0.03207787659169723, -0.011824104603771486, 0.04495669562219968]], "chi2_level": 0.95, "chi2_df": 3, "chi2_threshold": 7.814727903251179, "N_raw": 26, "N_roi": 26, "N_inlier": 22, "refit": true}
{"timestamp": "19:35:38.170313", "frame": 83, "mu": [-0.8718509385442856, 0.9210858437019029, 1.1486833990726282], "Sigma": [[0.005216900267509222, -0.005782812898790648, 0.008192366720392594], [-0.005782812898790648, 0.008655316430681981, -0.007706863905761858], [0.00819236672039259, -0.007706863905761858, 0.17166163653565739]], "chi2_level": 0.95, "chi2_df": 3, "chi2_threshold": 7.814727903251179, "N_raw": 11, "N_roi": 11, "N_inlier": 9, "refit": true}
{"timestamp": "19:35:38.229774", "frame": 84, "mu": [-1.0542725244348465, 0.9611314486518475, -0.14131041673808023], "Sigma": [[0.018114121902011192, 0.014234015837533677, -0.012637337429796343], [0.014234015837533675, 0.01945978288580367, -0.011873843595671002], [-0.012637337429796341, -0.011873843595671002, 0.011503923793470297]], "chi2_level": 0.95, "chi2_df": 3, "chi2_threshold": 7.814727903251179, "N_raw": 46, "N_roi": 46, "N_inlier": 42, "refit": true}
{"timestamp": "19:35:38.292985", "frame": 85, "mu": [-1.0945140825945086, 0.8931489423822655, 1.586096357830003], "Sigma": [[0.015389965041395552, 0.003912640379440185, -0.011056935136721867], [0.003912640379440186, 0.0066900696693982555, -0.006913152950612431], [-0.011056935136721867, -0.006913152950612432, 0.013911704206859705]], "chi2_level": 0.95, "chi2_df": 3, "chi2_threshold": 7.814727903251179, "N_raw": 109, "N_roi": 109, "N_inlier": 102, "refit": true}
{"timestamp": "19:35:38.346663", "frame": 86, "mu": [-1.098724672635769, 0.9032126567162042, 1.5690071735225826], "Sigma": [[0.010095436058713811, 0.0033592479164532276, -0.006560889325581721], [0.0033592479164532276, 0.0066961611370382895, -0.006249652182784246], [-0.006560889325581721, -0.006249652182784246, 0.009873032750937002]], "chi2_level": 0.95, "chi2_df": 3, "chi2_threshold": 7.814727903251179, "N_raw": 92, "N_roi": 92, "N_inlier": 85, "refit": true}
{"timestamp": "19:35:38.399569", "frame": 87, "mu": [-1.1773667548877662, 0.8752333991308369, 1.5635741616402723], "Sigma": [[0.01256154395653658, 0.004438287501719917, -0.011328117590498635], [0.004438287501719917, 0.009254279693546256, -0.006814962493653768], [-0.011328117590498635, -0.006814962493653768, 0.024638993789297275]], "chi2_level": 0.95, "chi2_df": 3, "chi2_threshold": 7.814727903251179, "N_raw": 84, "N_roi": 84, "N_inlier": 77, "refit": true}
{"timestamp": "19:35:38.458454", "frame": 88, "mu": [-1.1644594682108602, 1.0885496185806685, -0.4734933627302607], "Sigma": [[0.020145707487645714, 0.028756285470237765, -0.04738222333865329], [0.028756285470237765, 0.05885327249789141, -0.09717306543715518], [-0.047382223338653294, -0.09717306543715518, 0.17194830263811925]], "chi2_level": 0.95, "chi2_df": 3, "chi2_threshold": 7.814727903251179, "N_raw": 95, "N_roi": 95, "N_inlier": 93, "refit": true}
{"timestamp": "19:35:38.509016", "frame": 89, "mu": [-1.26803067048656, 0.8161315981595861, 1.4131864375677121], "Sigma": [[0.011274792695476108, 0.005363858613381744, -0.0066706080084159205], [0.005363858613381744, 0.012987745016741442, -0.0037939960902783], [-0.0066706080084159205, -0.0037939960902783, 0.016379608350921657]], "chi2_level": 0.95, "chi2_df": 3, "chi2_threshold": 7.814727903251179, "N_raw": 74, "N_roi": 74, "N_inlier": 70, "refit": true}
{"timestamp": "19:35:38.562779", "frame": 90, "mu": [-1.3140914962589803, 0.7963080284223952, 1.3965278232391658], "Sigma": [[0.009766442456059142, 0.003929068647026089, -0.007236329493022491], [0.003929068647026089, 0.009517829734958523, -0.006844692707137069], [-0.0072363294930224914, -0.006844692707137069, 0.014659072737028586]], "chi2_level": 0.95, "chi2_df": 3, "chi2_threshold": 7.814727903251179, "N_raw": 67, "N_roi": 67, "N_inlier": 61, "refit": true}
{"timestamp": "19:35:38.619204", "frame": 91, "mu": [-1.2932442753827795, 0.9225690999533672, 1.27817834252919], "Sigma": [[0.012930108870297405, 0.010346949180378165, -0.03469085389758222], [0.010346949180378165, 0.01587517774464201, -0.04537894538446617], [-0.03469085389758222, -0.04537894538446617, 0.17354919717676456]], "chi2_level": 0.95, "chi2_df": 3, "chi2_threshold": 7.814727903251179, "N_raw": 63, "N_roi": 63, "N_inlier": 62, "refit": true}
{"timestamp": "19:35:38.678290", "frame": 92, "mu": [-1.2616563108489485, 0.9278218227988442, 1.3766113141202536], "Sigma": [[0.018789674376569733, 0.007110495935066498, -0.008250112926502278], [0.007110495935066498, 0.008799617877786237, -0.006710498301467508], [-0.008250112926502278, -0.006710498301467508, 0.006725561245621758]], "chi2_level": 0.95, "chi2_df": 3, "chi2_threshold": 7.814727903251179, "N_raw": 108, "N_roi": 108, "N_inlier": 99, "refit": true}
{"timestamp": "19:35:38.733689", "frame": 93, "mu": [-1.2813899874156458, 0.9615474360293421, 1.406652919568176], "Sigma": [[0.015284403514366442, 0.004641682264941651, -0.01000726693501176], [0.004641682264941651, 0.009712186169724439, -0.008306284918252175], [-0.01000726693501176, -0.008306284918252175, 0.01085826308530047]], "chi2_level": 0.95, "chi2_df": 3, "chi2_threshold": 7.814727903251179, "N_raw": 104, "N_roi": 104, "N_inlier": 103, "refit": true}
{"timestamp": "19:35:38.786254", "frame": 94, "mu": [-1.3011256327217233, 0.9700091829442408, 1.3798320682673424], "Sigma": [[0.01276794235375192, 0.0073812209792409305, -0.0069177706746179745], [0.0073812209792409305, 0.009834372086689145, -0.00796254304298831], [-0.006917770674617974, -0.00796254304298831, 0.007558436646840665]], "chi2_level": 0.95, "chi2_df": 3, "chi2_threshold": 7.814727903251179, "N_raw": 83, "N_roi": 83, "N_inlier": 82, "refit": true}
{"timestamp": "19:35:38.842107", "frame": 95, "mu": [-1.3362610956169332, 1.0068600908913774, 1.4942545739500788], "Sigma": [[0.017577414338775986, 0.005277064347263435, -0.014226772381308192], [0.005277064347263434, 0.01156019929769567, -0.00669716214035081], [-0.014226772381308192, -0.006697162140350812, 0.013689042364270312]], "chi2_level": 0.95, "chi2_df": 3, "chi2_threshold": 7.814727903251179, "N_raw": 97, "N_roi": 97, "N_inlier": 95, "refit": true}
{"timestamp": "19:35:38.899738", "frame": 96, "mu": [-1.3582800212059545, 0.969542504195534, 1.3466515326954758], "Sigma": [[0.02091202061965653, 0.009978641746757642, -0.003804257306587929], [0.009978641746757642, 0.009081044826537264, -0.006632387097348943], [-0.0038042573065879296, -0.006632387097348944, 0.008723594769259498]], "chi2_level": 0.95, "chi2_df": 3, "chi2_threshold": 7.814727903251179, "N_raw": 110, "N_roi": 110, "N_inlier": 105, "refit": true}
{"timestamp": "19:35:38.951956", "frame": 97, "mu": [-1.339444531587501, 1.0230002531644096, 1.3513546616297119], "Sigma": [[0.016766607593744376, 0.009269062754251139, -0.005736548222076662], [0.009269062754251139, 0.010293636457565779, -0.007784703099200595], [-0.005736548222076662, -0.007784703099200595, 0.0072346443210642665]], "chi2_level": 0.95, "chi2_df": 3, "chi2_threshold": 7.814727903251179, "N_raw": 97, "N_roi": 97, "N_inlier": 93, "refit": true}
{"timestamp": "19:35:39.000769", "frame": 98, "mu": [-1.4260601009689218, 1.1241468130734384, 1.6442461757959923], "Sigma": [[0.010419432132401952, 0.007500359469235997, -0.009045100599027113], [0.007500359469235997, 0.01103586851986997, -0.008692385900629514], [-0.009045100599027113, -0.008692385900629514, 0.014896566021358327]], "chi2_level": 0.95, "chi2_df": 3, "chi2_threshold": 7.814727903251179, "N_raw": 59, "N_roi": 59, "N_inlier": 56, "refit": true}
{"timestamp": "19:35:39.061794", "frame": 99, "mu": [-1.4422364914048587, 1.14649641003215, 1.6380318112697756], "Sigma": [[0.022675824516724175, 0.009790822370277986, -0.015554696377529178], [0.009790822370277986, 0.01137716988256063, -0.009304150598798518], [-0.015554696377529178, -0.009304150598798518, 0.014380742379803227]], "chi2_level": 0.95, "chi2_df": 3, "chi2_threshold": 7.814727903251179, "N_raw": 95, "N_roi": 95, "N_inlier": 92, "refit": true}
{"timestamp": "19:35:39.208185", "frame": 100, "mu": [-1.4671589808814196, 1.1378976870098174, 1.5079253851188068], "Sigma": [[0.019292443133674866, 0.010642656017626474, -0.014185663950320105], [0.010642656017626474, 0.011318159294770185, -0.01147530519603665], [-0.014185663950320105, -0.01147530519603665, 0.02303915683931415]], "chi2_level": 0.95, "chi2_df": 3, "chi2_threshold": 7.814727903251179, "N_raw": 81, "N_roi": 81, "N_inlier": 78, "refit": true}
{"timestamp": "19:35:39.243637", "frame": 101, "mu": [-1.539597555736257, 1.221555559456542, -0.1565272371263898], "Sigma": [[0.01078391986695928, 0.007491683517607794, -0.0023175083249741017], [0.007491683517607794, 0.013213526356371153, -0.005633265854825422], [-0.0023175083249741017, -0.005633265854825422, 0.003990676248356355]], "chi2_level": 0.95, "chi2_df": 3, "chi2_threshold": 7.814727903251179, "N_raw": 65, "N_roi": 65, "N_inlier": 62, "refit": true}
{"timestamp": "19:35:39.273747", "frame": 102, "mu": [-1.4639531415237919, 1.2388966006361957, 1.0033009375019144], "Sigma": [[0.016267638267923615, 0.01122105883272247, -0.0556212101405555], [0.01122105883272247, 0.009717933017375559, -0.04119476020755507], [-0.0556212101405555, -0.04119476020755507, 0.26027787229159277]], "chi2_level": 0.95, "chi2_df": 3, "chi2_threshold": 7.814727903251179, "N_raw": 50, "N_roi": 50, "N_inlier": 50, "refit": true}
{"timestamp": "19:35:39.310545", "frame": 103, "mu": [-1.3730633538952892, 1.3120954817461399, 1.389188657631723], "Sigma": [[0.01447700429236457, 0.011138523545219896, -0.010763226843905287], [0.011138523545219896, 0.011070657919342473, -0.011381414563275571], [-0.010763226843905285, -0.011381414563275571, 0.015090565220529373]], "chi2_level": 0.95, "chi2_df": 3, "chi2_threshold": 7.814727903251179, "N_raw": 51, "N_roi": 51, "N_inlier": 47, "refit": true}
{"timestamp": "19:35:39.347089", "frame": 104, "mu": [-1.5076192689818488, 1.3144750314298597, 1.223982668338167], "Sigma": [[0.019373990765757514, 0.011673308709168061, -0.04011053316844685], [0.01167330870916806, 0.011682654148130711, -0.035205163391392263], [-0.04011053316844685, -0.035205163391392263, 0.2620011174364466]], "chi2_level": 0.95, "chi2_df": 3, "chi2_threshold": 7.814727903251179, "N_raw": 90, "N_roi": 90, "N_inlier": 87, "refit": true}
{"timestamp": "19:35:39.388627", "frame": 105, "mu": [-1.5187990359065509, 1.3678882169801032, 1.6004301039215665], "Sigma": [[0.03516677330157226, 0.022738755189820416, -0.032257421876212916], [0.022738755189820412, 0.01983326426609141, -0.023973238233219556], [-0.032257421876212916, -0.023973238233219556, 0.03361638985803738]], "chi2_level": 0.95, "chi2_df": 3, "chi2_threshold": 7.814727903251179, "N_raw": 80, "N_roi": 80, "N_inlier": 75, "refit": true}
{"timestamp": "19:35:39.442602", "frame": 106, "mu": [-1.5695759808727283, 1.3609451026418755, 1.6131199134003613], "Sigma": [[0.022676573162118983, 0.01545599364899915, -0.020385125713136228], [0.01545599364899915, 0.015095345112227652, -0.015595308065301202], [-0.020385125713136228, -0.015595308065301202, 0.021614784360211203]], "chi2_level": 0.95, "chi2_df": 3, "chi2_threshold": 7.814727903251179, "N_raw": 65, "N_roi": 65, "N_inlier": 61, "refit": true}
{"timestamp": "19:35:39.495267", "frame": 107, "mu": [-1.5750545937536746, 1.3878594912794966, 1.6533067827298464], "Sigma": [[0.021942708490210648, 0.014403396287733045, -0.020767931456730386], [0.014403396287733046, 0.012388387997345464, -0.014970364208270696], [-0.020767931456730386, -0.014970364208270696, 0.03080301274766849]], "chi2_level": 0.95, "chi2_df": 3, "chi2_threshold": 7.814727903251179, "N_raw": 58, "N_roi": 58, "N_inlier": 55, "refit": true}
{"timestamp": "19:35:39.548985", "frame": 108, "mu": [-1.4315375312606093, 1.6165701356848345, -0.127543039359456], "Sigma": [[0.023645521030374213, 0.015136776349873128, -0.012923839593414914], [0.015136776349873128, 0.014079866397010822, -0.009229202599162548], [-0.012923839593414914, -0.009229202599162548, 0.00818580078470688]], "chi2_level": 0.95, "chi2_df": 3, "chi2_threshold": 7.814727903251179, "N_raw": 43, "N_roi": 43, "N_inlier": 40, "refit": true}
{"timestamp": "19:35:39.604975", "frame": 109, "mu": [-1.3572472810499026, 1.6092767919445448, 1.2246608808485206], "Sigma": [[0.008766154248213845, 0.0023820758487381392, 0.0007899539724088343], [0.0023820758487381392, 0.001836320105307007, -0.002170662331873152], [0.0007899539724088344, -0.002170662331873152, 0.012520597914541165]], "chi2_level": 0.95, "chi2_df": 3, "chi2_threshold": 7.814727903251179, "N_raw": 52, "N_roi": 52, "N_inlier": 47, "refit": true}
{"timestamp": "19:35:39.661222", "frame": 110, "mu": [-1.4727915525399067, 1.7337004854730431, 1.3740380837911892], "Sigma": [[0.010320269749603926, 0.0055517401612649436, -0.006433991953390082], [0.0055517401612649436, 0.00409974229088231, -0.005389601490020492], [-0.006433991953390083, -0.005389601490020494, 0.018844775345003797]], "chi2_level": 0.95, "chi2_df": 3, "chi2_threshold": 7.814727903251179, "N_raw": 36, "N_roi": 36, "N_inlier": 29, "refit": true}
{"timestamp": "19:35:39.716452", "frame": 111, "mu": [-1.4144914732140066, 1.7502396168354561, 1.3103284274143139], "Sigma": [[0.009008088591185294, 0.0011311031253852548, -0.0059977381861857585], [0.0011311031253852548, 0.002602297783701057, -0.00413600529391678], [-0.005997738186185759, -0.00413600529391678, 0.027266914798578068]], "chi2_level": 0.95, "chi2_df": 3, "chi2_threshold": 7.814727903251179, "N_raw": 60, "N_roi": 60, "N_inlier": 53, "refit": true}
{"timestamp": "19:35:39.772195", "frame": 112, "mu": [-1.4248557592917181, 1.7830071447463305, 1.3037097156550597], "Sigma": [[0.010378180386548504, 0.0006314361055712854, 0.00041989583052556975], [0.0006314361055712855, 0.0025653840782766894, -0.003801945665412162], [0.0004198958305255706, -0.0038019456654121617, 0.02082721359898468]], "chi2_level": 0.95, "chi2_df": 3, "chi2_threshold": 7.814727903251179, "N_raw": 62, "N_roi": 62, "N_inlier": 57, "refit": true}
{"timestamp": "19:35:39.826344", "frame": 113, "mu": [-1.4451242509534898, 1.8785287665782007, 1.373236610110327], "Sigma": [[0.008105246106078715, 0.0001607165027523081, -0.0037625340419365208], [0.0001607165027523081, 0.003925864966043424, -0.004234648250388341], [-0.0037625340419365208, -0.004234648250388341, 0.03686101903494371]], "chi2_level": 0.95, "chi2_df": 3, "chi2_threshold": 7.814727903251179, "N_raw": 63, "N_roi": 63, "N_inlier": 58, "refit": true}
{"timestamp": "19:35:39.877272", "frame": 114, "mu": [-1.3667133986362319, 1.9304219715758957, 1.0211996270638444], "Sigma": [[0.006832644545753378, 0.0006343647612731347, -0.006003608706292063], [0.0006343647612731347, 0.0013115657033961495, -0.0013682819615882826], [-0.006003608706292063, -0.0013682819615882824, 0.015867857457234902]], "chi2_level": 0.95, "chi2_df": 3, "chi2_threshold": 7.814727903251179, "N_raw": 29, "N_roi": 29, "N_inlier": 25, "refit": true}
{"timestamp": "19:35:39.929258", "frame": 115, "mu": [-1.372769661736278, 2.000063122546328, 0.6416300388573677], "Sigma": [[0.010496044518110618, -0.001122555505915045, 0.037414611970351314], [-0.001122555505915045, 0.0027498748052912827, 0.0009620277642115624], [0.037414611970351314, 0.0009620277642115626, 0.18451016392241346]], "chi2_level": 0.95, "chi2_df": 3, "chi2_threshold": 7.814727903251179, "N_raw": 13, "N_roi": 13, "N_inlier": 11, "refit": true}
{"timestamp": "19:35:39.985009", "frame": 116, "mu": [-1.385840525953885, 2.047877174287803, 0.9976658980906989], "Sigma": [[0.004212148910924263, 0.0014139318035197802, 0.00015437362588316845], [0.0014139318035197802, 0.001260459315734924, -0.0006269082979187247], [0.00015437362588316845, -0.0006269082979187249, 0.027764007159413632]], "chi2_level": 0.95, "chi2_df": 3, "chi2_threshold": 7.814727903251179, "N_raw": 17, "N_roi": 17, "N_inlier": 15, "refit": true}
{"timestamp": "19:35:40.042734", "frame": 117, "mu": [-1.3242642999002898, 2.0478121038269412, 1.2369929749493458], "Sigma": [[0.006554752078070164, 0.00137316242569274, 0.0011273012534854933], [0.00137316242569274, 0.002806202599976824, -0.005803260175922562], [0.0011273012534854937, -0.005803260175922562, 0.031365087338825676]], "chi2_level": 0.95, "chi2_df": 3, "chi2_threshold": 7.814727903251179, "N_raw": 39, "N_roi": 39, "N_inlier": 35, "refit": true}
{"timestamp": "19:35:40.097988", "frame": 118, "mu": [-1.3980290201617656, 2.102525045975943, 1.081994936747837], "Sigma": [[0.00688198701989386, 0.0012356946156512356, -0.007414113801529481], [0.0012356946156512356, 0.002901977770397326, -0.015569146781549146], [-0.007414113801529481, -0.015569146781549144, 0.1302343393500814]], "chi2_level": 0.95, "chi2_df": 3, "chi2_threshold": 7.814727903251179, "N_raw": 42, "N_roi": 42, "N_inlier": 40, "refit": true}
{"timestamp": "19:35:40.156550", "frame": 119, "mu": [-1.402379004430044, 2.2907028454593825, -0.1901940035057243], "Sigma": [[0.008445771399192453, 0.003394897051313874, 0.0013548920409572058], [0.003394897051313874, 0.014914197195206596, -0.01520687664485304], [0.001354892040957206, -0.01520687664485304, 0.07034392498170117]], "chi2_level": 0.95, "chi2_df": 3, "chi2_threshold": 7.814727903251179, "N_raw": 61, "N_roi": 61, "N_inlier": 57, "refit": true}
