{"timestamp": "20:04:13.738640", "frame": 12, "mu": [-1.3695184484992438, 0.202999761204137, 0.5308890046933468], "Sigma": [[0.003031715287305538, 0.0010569398240530131, 0.026974422984698883], [0.0010569398240530131, 0.0007866125973803135, 0.008964144010973575], [0.026974422984698883, 0.008964144010973575, 0.35583942980887445]], "chi2_level": 0.95, "chi2_df": 3, "chi2_threshold": 7.814727903251179, "N_raw": 7, "N_roi": 7, "N_inlier": 7, "refit": true}
{"timestamp": "20:04:13.798002", "frame": 13, "mu": [-0.22301511499189225, 0.29194786925479693, 1.2375821674582879], "Sigma": [[1.5719664604297707, 0.028888326326123523, -0.0012960413085545911], [0.028888326326123523, 0.0033807467545450935, -0.0005178986766526791], [-0.0012960413085545876, -0.0005178986766526792, 0.002497976194872461]], "chi2_level": 0.95, "chi2_df": 3, "chi2_threshold": 7.814727903251179, "N_raw": 35, "N_roi": 35, "N_inlier": 33, "refit": true}
{"timestamp": "20:04:13.853286", "frame": 14, "mu": [-0.6993208632551084, 0.49001631982291183, -0.601184841125289], "Sigma": [[1.0959910564225617, -0.006510400505003477, -0.06753704618136891], [-0.006510400505003478, 0.005641112092682363, 0.005297262601255884], [-0.06753704618136891, 0.005297262601255884, 0.027448423813381577]], "chi2_level": 0.95, "chi2_df": 3, "chi2_threshold": 7.814727903251179, "N_raw": 44, "N_roi": 44, "N_inlier": 42, "refit": true}
{"timestamp": "20:04:13.907601", "frame": 15, "mu": [-1.2085727809786722, 0.3871066019595608, 1.4337551570886553], "Sigma": [[0.0034086811485039706, 0.001709025285204311, -0.0005826975648620979], [0.001709025285204311, 0.0047561628701427465, -0.0026608601955400157], [-0.0005826975648620979, -0.0026608601955400157, 0.0019788002007497807]], "chi2_level": 0.95, "chi2_df": 3, "chi2_threshold": 7.814727903251179, "N_raw": 36, "N_roi": 36, "N_inlier": 30, "refit": true}
{"timestamp": "20:04:13.965395", "frame": 16, "mu": [-0.8003239442313005, 0.3376965461592407, 1.3673462690852203], "Sigma": [[0.8511685828373478, -0.013658594466517331, 0.024098004888451013], [-0.013658594466517331, 0.0036607494651741236, -0.0005233913534588115], [0.024098004888451013, -0.0005233913534588115, 0.00714877889638816]], "chi2_level": 0.95, "chi2_df": 3, "chi2_threshold": 7.814727903251179, "N_raw": 57, "N_roi": 57, "N_inlier": 54, "refit": true}
{"timestamp": "20:04:14.020524", "frame": 17, "mu": [-0.8207463661269913, 0.3573626887410675, 1.394772257457126], "Sigma": [[0.7609539309777057, -0.01696765506067966, 0.004783129109714618], [-0.01696765506067966, 0.004328967216326152, -0.0014923206491384944], [0.004783129109714616, -0.0014923206491384944, 0.0051086335439144885]], "chi2_level": 0.95, "chi2_df": 3, "chi2_threshold": 7.814727903251179, "N_raw": 58, "N_roi": 58, "N_inlier": 55, "refit": true}
{"timestamp": "20:04:14.076545", "frame": 18, "mu": [-1.1709536771981928, 0.3990883274786685, 1.397977088313585], "Sigma": [[0.005058338738861054, 0.003186602986352996, 0.002182487942943062], [0.003186602986352996, 0.00437494006748748, -0.0018821917504752963], [0.002182487942943062, -0.0018821917504752966, 0.0119035343958063]], "chi2_level": 0.95, "chi2_df": 3, "chi2_threshold": 7.814727903251179, "N_raw": 67, "N_roi": 67, "N_inlier": 56, "refit": true}
{"timestamp": "20:04:14.130043", "frame": 19, "mu": [-1.1211443365147729, 0.4606167302763724, 1.479985422310371], "Sigma": [[0.0064691530873128905, 0.0019252793643080733, 0.001395955343089604], [0.0019252793643080733, 0.005657049367925437, -0.003125888378779031], [0.001395955343089604, -0.003125888378779031, 0.006725223045342594]], "chi2_level": 0.95, "chi2_df": 3, "chi2_threshold": 7.814727903251179, "N_raw": 61, "N_roi": 61, "N_inlier": 61, "refit": true}
{"timestamp": "20:04:14.187456", "frame": 20, "mu": [-1.1153806383848792, 0.40320261339086905, 1.422322780365589], "Sigma": [[0.0065481752764514544, 0.004232154709869723, 0.0016542948298088754], [0.004232154709869723, 0.004901599744668022, -0.0023748621865687983], [0.0016542948298088754, -0.0023748621865687983, 0.010331054275740168]], "chi2_level": 0.95, "chi2_df": 3, "chi2_threshold": 7.814727903251179, "N_raw": 72, "N_roi": 72, "N_inlier": 66, "refit": true}
{"timestamp": "20:04:14.244320", "frame": 21, "mu": [-1.0353736054848808, 0.5454538857956994, 1.4156649660362925], "Sigma": [[0.008965098568765864, 0.004866342656901314, -0.000773560180906938], [0.004866342656901314, 0.006032205750931168, -0.0033123143881593556], [-0.0007735601809069382, -0.0033123143881593556, 0.01009768757497038]], "chi2_level": 0.95, "chi2_df": 3, "chi2_threshold": 7.814727903251179, "N_raw": 75, "N_roi": 75, "N_inlier": 72, "refit": true}
{"timestamp": "20:04:14.299395", "frame": 22, "mu": [-1.011130937840163, 0.5750359881341798, 1.4959231741225536], "Sigma": [[0.015736782932115674, 0.008877149000522212, 0.004179641884165244], [0.008877149000522212, 0.009516677755101201, 0.0010348793755344207], [0.004179641884165244, 0.0010348793755344205, 0.0068250681732616916]], "chi2_level": 0.95, "chi2_df": 3, "chi2_threshold": 7.814727903251179, "N_raw": 85, "N_roi": 85, "N_inlier": 82, "refit": true}
{"timestamp": "20:04:14.354443", "frame": 23, "mu": [-0.9984029181314761, 0.6037673135913626, 1.5817702661717266], "Sigma": [[0.0068786502709037335, 0.001150868030195376, -0.00040582778855224714], [0.001150868030195376, 0.0028266395408398106, -0.00249927275817452], [-0.00040582778855224703, -0.00249927275817452, 0.0035852461485759413]], "chi2_level": 0.95, "chi2_df": 3, "chi2_threshold": 7.814727903251179, "N_raw": 52, "N_roi": 52, "N_inlier": 48, "refit": true}
{"timestamp": "20:04:14.408411", "frame": 24, "mu": [-1.06728036501619, 0.5628030970369226, 1.4697744937348398], "Sigma": [[0.008691335955079657, 0.004816292815918652, 0.0007849372511611448], [0.004816292815918652, 0.005716646681424767, -0.0035530804741128134], [0.000784937251161145, -0.003553080474112814, 0.008818299274647208]], "chi2_level": 0.95, "chi2_df": 3, "chi2_threshold": 7.814727903251179, "N_raw": 57, "N_roi": 57, "N_inlier": 53, "refit": true}
{"timestamp": "20:04:14.462383", "frame": 25, "mu": [-0.9285740895718144, 0.6950251068346088, 1.5084869585239031], "Sigma": [[0.023414955449883656, 0.00847847078650018, -0.010782625417409927], [0.00847847078650018, 0.005459341491486921, -0.005744354736142668], [-0.010782625417409928, -0.005744354736142668, 0.013142071051475067]], "chi2_level": 0.95, "chi2_df": 3, "chi2_threshold": 7.814727903251179, "N_raw": 53, "N_roi": 53, "N_inlier": 49, "refit": true}
{"timestamp": "20:04:14.520028", "frame": 26, "mu": [-1.0010314682737866, 0.7269765299431163, 1.7176422827793423], "Sigma": [[0.01007144576083537, 0.0032209923840208466, -0.00601071166838958], [0.003220992384020846, 0.006714049250952251, -0.006618548332647118], [-0.006010711668389579, -0.006618548332647118, 0.008482189785862375]], "chi2_level": 0.95, "chi2_df": 3, "chi2_threshold": 7.814727903251179, "N_raw": 64, "N_roi": 64, "N_inlier": 58, "refit": true}
{"timestamp": "20:04:14.571126", "frame": 27, "mu": [-0.7905278842989797, 0.8172307167539256, 1.2721281683279708], "Sigma": [[0.0641354838029857, 0.022708576408802243, -0.09133890522842947], [0.022708576408802243, 0.014172021160184387, -0.04036985967098649], [-0.09133890522842947, -0.04036985967098649, 0.217653256617004]], "chi2_level": 0.95, "chi2_df": 3, "chi2_threshold": 7.814727903251179, "N_raw": 36, "N_roi": 36, "N_inlier": 34, "refit": true}
{"timestamp": "20:04:14.630675", "frame": 28, "mu": [-0.6005197741293561, 0.9022101241755326, 1.0021707020212454], "Sigma": [[0.019514190028167178, 0.003905132133519711, -0.03509754817232111], [0.0039051321335197113, 0.003625338161132599, -0.003511412645536195], [-0.03509754817232111, -0.0035114126455361955, 0.09810585620346858]], "chi2_level": 0.95, "chi2_df": 3, "chi2_threshold": 7.814727903251179, "N_raw": 62, "N_roi": 62, "N_inlier": 54, "refit": true}
{"timestamp": "20:04:14.687573", "frame": 29, "mu": [-0.5557585144599072, 1.0462892206128613, 1.4130029750806574], "Sigma": [[0.004963648555285268, -0.002693670130894575, -0.0017085324187714915], [-0.002693670130894575, 0.004620430226136196, -0.0021323867834503706], [-0.0017085324187714915, -0.0021323867834503706, 0.009094826057867609]], "chi2_level": 0.95, "chi2_df": 3, "chi2_threshold": 7.814727903251179, "N_raw": 84, "N_roi": 83, "N_inlier": 79, "refit": true}
{"timestamp": "20:04:14.735766", "frame": 30, "mu": [-0.47074839136421665, 1.050491522019527, 1.3791682948366801], "Sigma": [[0.0028481415059652022, -0.002174003887004986, -0.0070528075042318], [-0.002174003887004986, 0.0032006219246184736, 0.007419973587171589], [-0.007052807504231799, 0.007419973587171589, 0.03297725217491196]], "chi2_level": 0.95, "chi2_df": 3, "chi2_threshold": 7.814727903251179, "N_raw": 42, "N_roi": 42, "N_inlier": 39, "refit": true}
{"timestamp": "20:04:14.795045", "frame": 31, "mu": [-0.4443558983404361, 1.1685820120277568, 1.4669315468978994], "Sigma": [[0.00507744702949874, -0.0007342991225124072, -0.003578084022196824], [-0.0007342991225124071, 0.0037370943597874367, -0.0023203973624997703], [-0.003578084022196824, -0.0023203973624997703, 0.005650347668202292]], "chi2_level": 0.95, "chi2_df": 3, "chi2_threshold": 7.814727903251179, "N_raw": 73, "N_roi": 73, "N_inlier": 71, "refit": true}
{"timestamp": "20:04:14.849717", "frame": 32, "mu": [-0.3823930116484963, 1.2013193107954545, 1.488161536360583], "Sigma": [[0.004623950377990031, -0.0017873856952300461, -0.0038150725007669818], [-0.0017873856952300461, 0.004349582930936958, -0.0006769932629732463], [-0.0038150725007669818, -0.0006769932629732463, 0.00603240918842243]], "chi2_level": 0.95, "chi2_df": 3, "chi2_threshold": 7.814727903251179, "N_raw": 70, "N_roi": 70, "N_inlier": 67, "refit": true}
{"timestamp": "20:04:14.908577", "frame": 33, "mu": [-0.36852971437050003, 1.2078657827994523, 0.964363778584254], "Sigma": [[0.014406395404030594, -0.006446427708787544, 0.06089756791917677], [-0.006446427708787544, 0.011182252524826712, -0.027303792860289614], [0.06089756791917677, -0.027303792860289614, 0.41927570038686146]], "chi2_level": 0.95, "chi2_df": 3, "chi2_threshold": 7.814727903251179, "N_raw": 91, "N_roi": 91, "N_inlier": 90, "refit": true}
{"timestamp": "20:04:14.963594", "frame": 34, "mu": [-0.31754525969652225, 1.3604286491012618, -0.09205234633694358], "Sigma": [[0.004201012275923804, -0.0029225783569887757, 0.012954857584367877], [-0.0029225783569887757, 0.008412870355338354, -0.023758180458162192], [0.012954857584367877, -0.023758180458162196, 0.20216740654351537]], "chi2_level": 0.95, "chi2_df": 3, "chi2_threshold": 7.814727903251179, "N_raw": 94, "N_roi": 94, "N_inlier": 87, "refit": true}
{"timestamp": "20:04:15.021266", "frame": 35, "mu": [-0.2712371356747023, 1.3003182173715224, 1.3505620504179632], "Sigma": [[0.006825673092278707, -0.0015754195122073618, -0.007232370398409033], [-0.001575419512207362, 0.0024029973018286433, 0.000819534674019909], [-0.007232370398409033, 0.000819534674019909, 0.03928076089992196]], "chi2_level": 0.95, "chi2_df": 3, "chi2_threshold": 7.814727903251179, "N_raw": 106, "N_roi": 106, "N_inlier": 102, "refit": true}
{"timestamp": "20:04:15.075823", "frame": 36, "mu": [-0.23849265500470057, 1.4891207228965442, -0.24262002166981808], "Sigma": [[0.006997320012117085, -0.003336580451575122, 0.004895394453099706], [-0.0033365804515751224, 0.006294855043656958, -0.011535189297040439], [0.004895394453099706, -0.011535189297040439, 0.05603138654920686]], "chi2_level": 0.95, "chi2_df": 3, "chi2_threshold": 7.814727903251179, "N_raw": 101, "N_roi": 101, "N_inlier": 93, "refit": true}
{"timestamp": "20:04:15.134485", "frame": 37, "mu": [-0.16553176928341823, 1.551948925989949, -0.3158516445566137], "Sigma": [[0.00827410720028263, -0.003257864970183777, 0.010593495428009109], [-0.003257864970183777, 0.009160179936370201, -0.015203590159659735], [0.010593495428009109, -0.015203590159659735, 0.07853889637839974]], "chi2_level": 0.95, "chi2_df": 3, "chi2_threshold": 7.814727903251179, "N_raw": 131, "N_roi": 131, "N_inlier": 128, "refit": true}
{"timestamp": "20:04:15.191758", "frame": 38, "mu": [-0.18203885106269757, 1.6575379851062575, -0.4944432945732641], "Sigma": [[0.01663299161791731, -0.013356279705099294, 0.04920337096204436], [-0.013356279705099294, 0.018756632999191055, -0.061196163917305695], [0.04920337096204436, -0.061196163917305695, 0.2391873408737386]], "chi2_level": 0.95, "chi2_df": 3, "chi2_threshold": 7.814727903251179, "N_raw": 140, "N_roi": 140, "N_inlier": 132, "refit": true}
{"timestamp": "20:04:15.245799", "frame": 39, "mu": [-0.10474601190454169, 1.4828265312773652, 1.0015246870968424], "Sigma": [[0.025752517660272877, -0.0025357082974654414, 0.0644786078560796], [-0.0025357082974654423, 0.003910661703371121, 0.0016724304330397724], [0.0644786078560796, 0.0016724304330397732, 0.25469469705657005]], "chi2_level": 0.95, "chi2_df": 3, "chi2_threshold": 7.814727903251179, "N_raw": 132, "N_roi": 132, "N_inlier": 128, "refit": true}
{"timestamp": "20:04:15.300555", "frame": 40, "mu": [-0.00010614959133029155, 1.6093784658082226, -0.6791177355896382], "Sigma": [[0.013532612451708177, 0.001945679282823073, 0.04458169932112543], [0.001945679282823073, 0.007762041805084856, 0.0037068910626683795], [0.04458169932112542, 0.003706891062668381, 0.30461240779184023]], "chi2_level": 0.95, "chi2_df": 3, "chi2_threshold": 7.814727903251179, "N_raw": 131, "N_roi": 130, "N_inlier": 122, "refit": true}
{"timestamp": "20:04:15.357496", "frame": 41, "mu": [0.040787739786102326, 1.5147536023262802, 0.9914468310718128], "Sigma": [[0.008112219716808443, -0.004389974062627509, 0.019817905236148705], [-0.0043899740626275096, 0.007701493380930697, -0.017908397021418335], [0.019817905236148705, -0.01790839702141834, 0.11809810483019909]], "chi2_level": 0.95, "chi2_df": 3, "chi2_threshold": 7.814727903251179, "N_raw": 116, "N_roi": 116, "N_inlier": 110, "refit": true}
{"timestamp": "20:04:15.399316", "frame": 42, "mu": [0.13017845746333706, 1.5346149349279898, 1.1560792192555303], "Sigma": [[0.003456209057827955, -0.0013268322969836178, -0.007636101118346275], [-0.0013268322969836178, 0.002768212736815195, -0.0011208266262970122], [-0.007636101118346275, -0.0011208266262970122, 0.05317089507637744]], "chi2_level": 0.95, "chi2_df": 3, "chi2_threshold": 7.814727903251179, "N_raw": 62, "N_roi": 62, "N_inlier": 58, "refit": true}
{"timestamp": "20:04:15.451533", "frame": 43, "mu": [0.1934337721233721, 1.565714326065827, 1.2957265591820957], "Sigma": [[0.002563532247102424, -0.0009275432074389149, -0.0025627209976108872], [-0.0009275432074389149, 0.0037481574240945882, 0.0022157265842303007], [-0.0025627209976108872, 0.002215726584230301, 0.06720841452468303]], "chi2_level": 0.95, "chi2_df": 3, "chi2_threshold": 7.814727903251179, "N_raw": 39, "N_roi": 38, "N_inlier": 32, "refit": true}
{"timestamp": "20:04:15.508142", "frame": 44, "mu": [0.16424395036184467, 1.739859592281111, 1.1674681023085336], "Sigma": [[0.006912870237445286, -0.00463863103184748, -0.012019047364260644], [-0.00463863103184748, 0.004500083160782988, 0.007835270994669363], [-0.012019047364260644, 0.007835270994669363, 0.03853932536309367]], "chi2_level": 0.95, "chi2_df": 3, "chi2_threshold": 7.814727903251179, "N_raw": 51, "N_roi": 48, "N_inlier": 42, "refit": true}
{"timestamp": "20:04:15.562667", "frame": 45, "mu": [0.27551052008798466, 1.7370731937267883, 1.3623688422914209], "Sigma": [[0.004065055857301543, 0.0005101879163511224, -0.004338999535053201], [0.0005101879163511224, 0.004180675946811448, -0.0030959667096100586], [-0.004338999535053201, -0.003095966709610059, 0.007892149524373778]], "chi2_level": 0.95, "chi2_df": 3, "chi2_threshold": 7.814727903251179, "N_raw": 56, "N_roi": 56, "N_inlier": 51, "refit": true}
{"timestamp": "20:04:15.617887", "frame": 46, "mu": [0.28475870543778786, 1.8107803073747923, 1.4161306065606698], "Sigma": [[0.005167186404385008, -0.002019397931413343, -0.0022137633286654426], [-0.002019397931413343, 0.0067225010771390144, 0.0007687130292060101], [-0.0022137633286654426, 0.0007687130292060101, 0.0013366348844450883]], "chi2_level": 0.95, "chi2_df": 3, "chi2_threshold": 7.814727903251179, "N_raw": 59, "N_roi": 59, "N_inlier": 55, "refit": true}
{"timestamp": "20:04:15.675904", "frame": 47, "mu": [0.35452472744096186, 1.8308264539197223, 1.382372472998094], "Sigma": [[0.0039470025914804495, 0.0005924554316643958, -0.004067177661000568], [0.0005924554316643956, 0.005722054124398056, -0.004213943491100028], [-0.004067177661000568, -0.004213943491100029, 0.011806583232913432]], "chi2_level": 0.95, "chi2_df": 3, "chi2_threshold": 7.814727903251179, "N_raw": 66, "N_roi": 66, "N_inlier": 56, "refit": true}
{"timestamp": "20:04:15.728801", "frame": 48, "mu": [0.3932016592884368, 1.817871553839423, 1.043458462142403], "Sigma": [[0.015394889182889096, 0.007729601157247845, 0.049354272291331595], [0.007729601157247845, 0.009720946939375481, 0.03522043608444444], [0.0493542722913316, 0.03522043608444444, 0.23141502041220613]], "chi2_level": 0.95, "chi2_df": 3, "chi2_threshold": 7.814727903251179, "N_raw": 64, "N_roi": 64, "N_inlier": 60, "refit": true}
{"timestamp": "20:04:15.784971", "frame": 49, "mu": [0.4405400150055394, 1.9961104926790916, 1.3680981447204315], "Sigma": [[0.01123283442585789, -0.004061285265506326, 0.017121860627795294], [-0.0040612852655063265, 0.0048675040735331075, -0.0071405514822140154], [0.01712186062779529, -0.0071405514822140154, 0.12782931508238787]], "chi2_level": 0.95, "chi2_df": 3, "chi2_threshold": 7.814727903251179, "N_raw": 65, "N_roi": 65, "N_inlier": 61, "refit": true}
{"timestamp": "20:04:15.842644", "frame": 50, "mu": [0.517726526065128, 1.9972377873138578, 1.237682961685528], "Sigma": [[0.008453393059372996, -0.004908852395734539, 0.0099268619577481], [-0.00490885239573454, 0.00828842785543378, -0.014248731199789722], [0.0099268619577481, -0.014248731199789722, 0.0455189781852785]], "chi2_level": 0.95, "chi2_df": 3, "chi2_threshold": 7.814727903251179, "N_raw": 91, "N_roi": 91, "N_inlier": 87, "refit": true}
{"timestamp": "20:04:15.896007", "frame": 51, "mu": [0.5608197113070845, 2.040790907430325, 1.4401167292933617], "Sigma": [[0.006552336654635555, -0.0028763533447458923, -0.012733361948849182], [-0.0028763533447458923, 0.005731993113339222, 0.004627973896231498], [-0.012733361948849182, 0.004627973896231498, 0.04785906748398428]], "chi2_level": 0.95, "chi2_df": 3, "chi2_threshold": 7.814727903251179, "N_raw": 65, "N_roi": 65, "N_inlier": 58, "refit": true}
{"timestamp": "20:04:15.945841", "frame": 52, "mu": [0.6255081220227605, 2.066527984838996, 1.4521709474071023], "Sigma": [[0.005613678581026726, -0.0028071240944873344, -0.005119088677774969], [-0.0028071240944873344, 0.004074306150531709, 0.003552159578123025], [-0.005119088677774968, 0.0035521595781230243, 0.06979036455187851]], "chi2_level": 0.95, "chi2_df": 3, "chi2_threshold": 7.814727903251179, "N_raw": 43, "N_roi": 43, "N_inlier": 38, "refit": true}
{"timestamp": "20:04:16.006373", "frame": 53, "mu": [0.6400114591922716, 2.186487516013834, -0.48752182755338846], "Sigma": [[0.008127908795563393, -0.0006308316643829197, 0.02599868704267871], [-0.0006308316643829199, 0.004899838817181396, -0.0031459043457454754], [0.02599868704267871, -0.0031459043457454754, 0.15197361773894993]], "chi2_level": 0.95, "chi2_df": 3, "chi2_threshold": 7.814727903251179, "N_raw": 72, "N_roi": 72, "N_inlier": 68, "refit": true}
{"timestamp": "20:04:16.057743", "frame": 54, "mu": [0.7181268180310172, 2.141416081529162, 0.965937352247977], "Sigma": [[0.0052595391637797195, -0.0023827066236621654, -0.006200568207482911], [-0.0023827066236621654, 0.0034004135919896167, -0.00434128905265074], [-0.006200568207482913, -0.00434128905265074, 0.11953899811199044]], "chi2_level": 0.95, "chi2_df": 3, "chi2_threshold": 7.814727903251179, "N_raw": 29, "N_roi": 29, "N_inlier": 26, "refit": true}
{"timestamp": "20:04:16.113658", "frame": 55, "mu": [0.791045800833369, 2.1936643364613646, 1.0071303842853383], "Sigma": [[0.011730060291761575, 0.0010197317991056908, 0.035156129153659295], [0.0010197317991056908, 0.0029349510684403904, 0.01660868932175573], [0.035156129153659295, 0.01660868932175573, 0.2506896241063537]], "chi2_level": 0.95, "chi2_df": 3, "chi2_threshold": 7.814727903251179, "N_raw": 64, "N_roi": 63, "N_inlier": 60, "refit": true}
{"timestamp": "20:04:16.171726", "frame": 56, "mu": [0.8968064411003894, 2.269711553824835, -0.2995144463989654], "Sigma": [[0.014560360130253441, 0.002003580540311608, 0.08712184509093641], [0.002003580540311608, 0.011261428453773122, -0.003366544770644808], [0.08712184509093643, -0.0033665447706448053, 0.740214780917187]], "chi2_level": 0.95, "chi2_df": 3, "chi2_threshold": 7.814727903251179, "N_raw": 83, "N_roi": 83, "N_inlier": 81, "refit": true}
{"timestamp": "20:04:16.219260", "frame": 57, "mu": [0.8151292237850704, 2.206645259590342, 0.4536634390467447], "Sigma": [[0.018499376051667543, 0.005626163940617029, 0.019703831849377972], [0.00562616394061703, 0.0030506321033621515, 0.015808635732173778], [0.019703831849377976, 0.015808635732173778, 0.21641709248536134]], "chi2_level": 0.95, "chi2_df": 3, "chi2_threshold": 7.814727903251179, "N_raw": 26, "N_roi": 26, "N_inlier": 24, "refit": true}
{"timestamp": "20:04:16.280604", "frame": 58, "mu": [0.9256629637066917, 2.399891148830403, -0.4102669802657442], "Sigma": [[0.0182021001868242, 0.0036241614686142133, 0.07148035182458393], [0.0036241614686142133, 0.009470314862192691, 0.023849795341769488], [0.07148035182458393, 0.023849795341769488, 0.540292362643921]], "chi2_level": 0.95, "chi2_df": 3, "chi2_threshold": 7.814727903251179, "N_raw": 70, "N_roi": 70, "N_inlier": 65, "refit": true}
{"timestamp": "20:04:16.330983", "frame": 59, "mu": [1.053614285902747, 2.373340497240462, 1.4445889753172059], "Sigma": [[0.008508084377684058, -0.00229669867814396, -0.0025523305751112197], [-0.00229669867814396, 0.0037194741555283107, -0.00020579232180940806], [-0.0025523305751112197, -0.000205792321809408, 0.00699328868293546]], "chi2_level": 0.95, "chi2_df": 3, "chi2_threshold": 7.814727903251179, "N_raw": 40, "N_roi": 40, "N_inlier": 38, "refit": true}
{"timestamp": "20:04:16.385777", "frame": 60, "mu": [1.0904441207992994, 2.392375700774526, 1.2905511494983775], "Sigma": [[0.008122684650068377, -0.0038797144405654455, -0.0018680542371348856], [-0.0038797144405654455, 0.003565709928571876, -0.0021782358993822134], [-0.001868054237134886, -0.0021782358993822134, 0.017522434978056063]], "chi2_level": 0.95, "chi2_df": 3, "chi2_threshold": 7.814727903251179, "N_raw": 43, "N_roi": 43, "N_inlier": 40, "refit": true}
{"timestamp": "20:04:16.439439", "frame": 61, "mu": [1.1326086635248842, 2.576797990900131, -0.18093368930836762], "Sigma": [[0.006860651984300662, -0.0017559162474467252, -0.011481174457777642], [-0.0017559162474467247, 0.02293718271612398, -0.06308006578828207], [-0.011481174457777644, -0.06308006578828207, 0.2656423265891734]], "chi2_level": 0.95, "chi2_df": 3, "chi2_threshold": 7.814727903251179, "N_raw": 30, "N_roi": 30, "N_inlier": 29, "refit": true}
{"timestamp": "20:04:16.497707", "frame": 62, "mu": [1.2155096173302011, 2.477027820540689, 1.2163893483489836], "Sigma": [[0.008555423178770793, -0.0045923909158022864, -0.0040485656632069265], [-0.0045923909158022864, 0.006456385454932661, -0.0011114638240079149], [-0.0040485656632069265, -0.001111463824007915, 0.006142274229277948]], "chi2_level": 0.95, "chi2_df": 3, "chi2_threshold": 7.814727903251179, "N_raw": 48, "N_roi": 47, "N_inlier": 44, "refit": true}
{"timestamp": "20:04:16.549754", "frame": 63, "mu": [1.2090140780048964, 2.5663757332811223, 1.4220061456215551], "Sigma": [[0.005707421886150996, -0.0018882768404909138, -0.0026182366255063684], [-0.0018882768404909138, 0.003362358984494324, -0.0010109648834550652], [-0.002618236625506369, -0.0010109648834550652, 0.0047947237802039395]], "chi2_level": 0.95, "chi2_df": 3, "chi2_threshold": 7.814727903251179, "N_raw": 31, "N_roi": 28, "N_inlier": 25, "refit": true}
{"timestamp": "20:04:16.603589", "frame": 64, "mu": [1.2081339861848275, 2.6707272346227446, 1.3683383222491816], "Sigma": [[0.008357777385251952, -0.0039356855973397215, -0.005686642975422402], [-0.0039356855973397215, 0.0027194546120420634, 0.0015702133937591958], [-0.005686642975422402, 0.0015702133937591958, 0.011189108238067177]], "chi2_level": 0.95, "chi2_df": 3, "chi2_threshold": 7.814727903251179, "N_raw": 30, "N_roi": 26, "N_inlier": 23, "refit": true}
{"timestamp": "20:04:16.655336", "frame": 65, "mu": [1.3131945248249766, 2.5869482425670043, 0.8307074814951685], "Sigma": [[0.002037674335919116, -0.0019790792770864474, -0.014526592656440709], [-0.0019790792770864474, 0.007305232902307653, 0.027203855280162535], [-0.014526592656440709, 0.027203855280162538, 0.16930090793566485]], "chi2_level": 0.95, "chi2_df": 3, "chi2_threshold": 7.814727903251179, "N_raw": 10, "N_roi": 9, "N_inlier": 9, "refit": true}
{"timestamp": "20:04:16.712727", "frame": 66, "mu": [1.3035924508102972, 2.6439581520627633, 0.5565356953258294], "Sigma": [[0.005948467452051639, -0.0036885602693382015, -0.006700100100785183], [-0.0036885602693382015, 0.006273637808203651, 0.01526922937211965], [-0.0067001001007851845, 0.01526922937211965, 0.07203601923419595]], "chi2_level": 0.95, "chi2_df": 3, "chi2_threshold": 7.814727903251179, "N_raw": 21, "N_roi": 20, "N_inlier": 19, "refit": true}
{"timestamp": "20:04:16.876407", "frame": 69, "mu": [1.5259097658640983, 2.903557295695734, 1.0583842726272372], "Sigma": [[0.0041432814013346465, -0.0034744365205214775, -0.0004848437115132011], [-0.0034744365205214775, 0.004961814863954895, -0.002035146212243161], [-0.0004848437115132011, -0.0020351462122431604, 0.006698044527093132]], "chi2_level": 0.95, "chi2_df": 3, "chi2_threshold": 7.814727903251179, "N_raw": 14, "N_roi": 12, "N_inlier": 10, "refit": true}
{"timestamp": "20:04:16.930947", "frame": 70, "mu": [1.4779606306020465, 3.0310912634369336, 1.1411768765811123], "Sigma": [[0.001948201701350458, 0.0008031132725824404, -0.006115398734709541], [0.0008031132725824405, 0.006125956155927293, -0.019012899537004187], [-0.006115398734709541, -0.019012899537004184, 0.07167217124916052]], "chi2_level": 0.95, "chi2_df": 3, "chi2_threshold": 7.814727903251179, "N_raw": 9, "N_roi": 9, "N_inlier": 8, "refit": true}
{"timestamp": "20:04:17.040680", "frame": 72, "mu": [1.7713361729316137, 2.9005343579693013, 0.34808130927335207], "Sigma": [[0.002449246999029032, -0.0006885619717374933, -0.002035851579210049], [-0.0006885619717374933, 0.0007811059980839554, 0.0018797843450789303], [-0.0020358515792100484, 0.0018797843450789303, 0.026360255690662797]], "chi2_level": 0.95, "chi2_df": 3, "chi2_threshold": 7.814727903251179, "N_raw": 11, "N_roi": 11, "N_inlier": 9, "refit": true}
{"timestamp": "20:04:17.095103", "frame": 73, "mu": [1.6670959164897599, 3.0349155882775043, 1.0999500290006519], "Sigma": [[0.0029099280870852986, -0.00029071866786739965, -0.019033787554275587], [-0.00029071866786739954, 0.0008224347761162534, 0.0060709308948545815], [-0.019033787554275587, 0.006070930894854582, 0.162669908916758]], "chi2_level": 0.95, "chi2_df": 3, "chi2_threshold": 7.814727903251179, "N_raw": 7, "N_roi": 7, "N_inlier": 7, "refit": true}
{"timestamp": "20:04:17.591482", "frame": 82, "mu": [1.9245934822962771, 3.5270112786758028, 1.5110678428285027], "Sigma": [[0.004080270562633188, -0.000803206379812946, -0.001307916340455493], [-0.000803206379812946, 0.003390073299759045, -0.0033804858191668176], [-0.001307916340455493, -0.0033804858191668176, 0.005899785681327041]], "chi2_level": 0.95, "chi2_df": 3, "chi2_threshold": 7.814727903251179, "N_raw": 13, "N_roi": 10, "N_inlier": 10, "refit": true}
