{"timestamp": "19:39:46.524033", "frame": 36, "mu": [0.716038954745758, 0.38672874278265734, 1.3321572912925426], "Sigma": [[1.345595612068941, 0.0605293753581827, 0.016565086669280193], [0.060529375358182695, 0.007214447439867123, 0.0018667656157038432], [0.016565086669280193, 0.0018667656157038432, 0.002733897425088166]], "chi2_level": 0.95, "chi2_df": 3, "chi2_threshold": 7.814727903251179, "N_raw": 10, "N_roi": 10, "N_inlier": 9, "refit": true}
{"timestamp": "19:39:46.581954", "frame": 37, "mu": [1.2795629323957456, 0.522715435516425, 1.4446824769010573], "Sigma": [[0.004472743699917006, -0.0031133701806412796, -0.0016744073951985867], [-0.003113370180641279, 0.0067541946860581225, -0.0008067867538365116], [-0.0016744073951985867, -0.0008067867538365116, 0.0018846976745511728]], "chi2_level": 0.95, "chi2_df": 3, "chi2_threshold": 7.814727903251179, "N_raw": 32, "N_roi": 32, "N_inlier": 30, "refit": true}
{"timestamp": "19:39:46.640032", "frame": 38, "mu": [1.2628025192932724, 0.4793492516798687, 1.395558798977124], "Sigma": [[0.0054741096761249, -0.003723515205017105, -0.0036316557343084896], [-0.003723515205017105, 0.006478677382281227, 0.00014073324885047417], [-0.0036316557343084896, 0.00014073324885047406, 0.004433011681739586]], "chi2_level": 0.95, "chi2_df": 3, "chi2_threshold": 7.814727903251179, "N_raw": 38, "N_roi": 38, "N_inlier": 35, "refit": true}
{"timestamp": "19:39:46.692081", "frame": 39, "mu": [1.2006731122428789, 0.7428943223148841, -0.5685553452342276], "Sigma": [[0.0028049795482145683, 0.0018956044154465797, -0.010850643721172039], [0.0018956044154465797, 0.009039180953528738, -0.01483652862602924], [-0.010850643721172039, -0.01483652862602924, 0.05840789356235042]], "chi2_level": 0.95, "chi2_df": 3, "chi2_threshold": 7.814727903251179, "N_raw": 11, "N_roi": 11, "N_inlier": 11, "refit": true}
{"timestamp": "19:39:46.748150", "frame": 40, "mu": [1.1995121762778271, 0.5233911376074786, 1.3721096435519338], "Sigma": [[0.004178427335037773, -0.0038111711057475335, -0.0061528759297691206], [-0.0038111711057475335, 0.005342872126671468, 0.005636158260727432], [-0.006152875929769121, 0.005636158260727432, 0.011399404100156328]], "chi2_level": 0.95, "chi2_df": 3, "chi2_threshold": 7.814727903251179, "N_raw": 20, "N_roi": 20, "N_inlier": 17, "refit": true}
{"timestamp": "19:39:46.801832", "frame": 41, "mu": [1.0770593414306069, 0.6066531101734103, -0.9300696692468988], "Sigma": [[0.005882920466218179, 0.01580354473821497, 0.027984296568694618], [0.015803544738214968, 0.06282364818825877, 0.1463497390480737], [0.02798429656869462, 0.14634973904807366, 0.4297281334298582]], "chi2_level": 0.95, "chi2_df": 3, "chi2_threshold": 7.814727903251179, "N_raw": 11, "N_roi": 11, "N_inlier": 11, "refit": true}
{"timestamp": "19:39:46.857121", "frame": 42, "mu": [1.0790485434559003, 0.559657943206137, 1.25355118345368], "Sigma": [[0.003627198611056751, -0.0031603585075511784, -0.008857055442031553], [-0.0031603585075511784, 0.01139936663123039, -0.00026565844558699113], [-0.008857055442031553, -0.0002656584455869907, 0.05166734493228552]], "chi2_level": 0.95, "chi2_df": 3, "chi2_threshold": 7.814727903251179, "N_raw": 9, "N_roi": 9, "N_inlier": 9, "refit": true}
{"timestamp": "19:39:46.913903", "frame": 43, "mu": [1.0509765212134872, 0.4818731091334037, 1.2966119435588133], "Sigma": [[0.0021794806687576457, -0.0018876342294677161, -0.0019164684212340235], [-0.0018876342294677161, 0.003957909100214196, -0.0026234563819526203], [-0.0019164684212340235, -0.002623456381952621, 0.024033508156855156]], "chi2_level": 0.95, "chi2_df": 3, "chi2_threshold": 7.814727903251179, "N_raw": 25, "N_roi": 25, "N_inlier": 21, "refit": true}
{"timestamp": "19:39:46.968193", "frame": 44, "mu": [0.9062948314336856, 0.6043810003165057, 1.3775623177408394], "Sigma": [[0.002600438730785057, -0.001777118820897134, -0.0015375360050771817], [-0.001777118820897134, 0.002313234738594099, -0.0006007011810907853], [-0.0015375360050771815, -0.0006007011810907855, 0.00575714930550628]], "chi2_level": 0.95, "chi2_df": 3, "chi2_threshold": 7.814727903251179, "N_raw": 21, "N_roi": 21, "N_inlier": 18, "refit": true}
{"timestamp": "19:39:47.024260", "frame": 45, "mu": [0.8566444308791806, 0.7591166755419141, -0.3841626094932998], "Sigma": [[0.0024005521312120007, -0.00036896513484710144, -0.001395424796045288], [-0.00036896513484710165, 0.005152376889721551, -0.0005819484668848665], [-0.001395424796045288, -0.0005819484668848666, 0.0022761967831455756]], "chi2_level": 0.95, "chi2_df": 3, "chi2_threshold": 7.814727903251179, "N_raw": 32, "N_roi": 32, "N_inlier": 31, "refit": true}
{"timestamp": "19:39:47.078775", "frame": 46, "mu": [0.7478176443206078, 0.6269280652606491, 1.3754908061724256], "Sigma": [[0.0056258746951593505, -0.003632283256052615, -0.010414453072626591], [-0.003632283256052615, 0.004000516835741595, 0.01242284866099264], [-0.01041445307262659, 0.012422848660992638, 0.088374903502283]], "chi2_level": 0.95, "chi2_df": 3, "chi2_threshold": 7.814727903251179, "N_raw": 28, "N_roi": 28, "N_inlier": 25, "refit": true}
{"timestamp": "19:39:47.133379", "frame": 47, "mu": [0.7530048672021833, 0.7307594567825083, -0.5427050814693599], "Sigma": [[0.005511679521728376, -0.0017552643695598299, -0.02547112370144113], [-0.0017552643695598297, 0.0026217777693978974, 0.009529048691673255], [-0.025471123701441136, 0.009529048691673255, 0.13919904030069263]], "chi2_level": 0.95, "chi2_df": 3, "chi2_threshold": 7.814727903251179, "N_raw": 20, "N_roi": 20, "N_inlier": 18, "refit": true}
{"timestamp": "19:39:47.190203", "frame": 48, "mu": [0.6919037276024859, 0.5939191427842208, 1.4312096648257424], "Sigma": [[0.0023516417168275502, -0.00013394234571956367, -0.005633053301493113], [-0.00013394234571956372, 0.0014181409278447264, 0.0010047657788492441], [-0.005633053301493113, 0.0010047657788492441, 0.026910657604665607]], "chi2_level": 0.95, "chi2_df": 3, "chi2_threshold": 7.814727903251179, "N_raw": 31, "N_roi": 31, "N_inlier": 29, "refit": true}
{"timestamp": "19:39:47.243390", "frame": 49, "mu": [0.6983305163570515, 0.569069961844407, 1.1566582322891952], "Sigma": [[0.0009230377944986567, -0.00030538565534228156, 0.002680833880862408], [-0.00030538565534228156, 0.0012790582397182201, 0.003407969805475288], [0.0026808338808624087, 0.003407969805475288, 0.25036079515148985]], "chi2_level": 0.95, "chi2_df": 3, "chi2_threshold": 7.814727903251179, "N_raw": 16, "N_roi": 16, "N_inlier": 15, "refit": true}
{"timestamp": "19:39:47.302413", "frame": 50, "mu": [0.5920521564890797, 0.6066156710627276, 1.4872889274960357], "Sigma": [[0.0030787421499789257, -1.7221004974381546e-05, -0.0026885674511291564], [-1.722100497438151e-05, 0.001674770377202618, -0.0009431339995697096], [-0.0026885674511291564, -0.0009431339995697096, 0.0036888401458403447]], "chi2_level": 0.95, "chi2_df": 3, "chi2_threshold": 7.814727903251179, "N_raw": 48, "N_roi": 48, "N_inlier": 46, "refit": true}
{"timestamp": "19:39:47.356933", "frame": 51, "mu": [0.5485754368219848, 0.7172099441495077, -0.3710409393560385], "Sigma": [[0.002048261481224234, 0.00018479834794216256, -0.0029458180231919473], [0.00018479834794216256, 0.0016332486525594844, -0.0013049565691021555], [-0.002945818023191947, -0.0013049565691021555, 0.009192941215208564]], "chi2_level": 0.95, "chi2_df": 3, "chi2_threshold": 7.814727903251179, "N_raw": 40, "N_roi": 40, "N_inlier": 36, "refit": true}
{"timestamp": "19:39:47.410128", "frame": 52, "mu": [0.5188673176320795, 0.633763588231207, -0.6628579845923913], "Sigma": [[0.0012604205733974581, 0.0004299068999104791, -0.0013089524481142297], [0.0004299068999104791, 0.0052243182106922045, -0.01182681307152297], [-0.0013089524481142297, -0.01182681307152297, 0.0454944417948581]], "chi2_level": 0.95, "chi2_df": 3, "chi2_threshold": 7.814727903251179, "N_raw": 29, "N_roi": 29, "N_inlier": 27, "refit": true}
{"timestamp": "19:39:47.464765", "frame": 53, "mu": [0.43348488406137897, 0.7427351687781589, -0.364306583895192], "Sigma": [[0.0013665300864505118, 0.0004294841133880137, -0.0015572084923116119], [0.00042948411338801387, 0.0015419383925284276, -0.0017589076731296407], [-0.001557208492311612, -0.0017589076731296409, 0.003618837621672922]], "chi2_level": 0.95, "chi2_df": 3, "chi2_threshold": 7.814727903251179, "N_raw": 29, "N_roi": 29, "N_inlier": 25, "refit": true}
{"timestamp": "19:39:47.519581", "frame": 54, "mu": [0.41991315832099196, 0.6145580276402434, 1.4199601988806636], "Sigma": [[0.001287255493317765, -0.0008160016714027195, -0.0024902104730749356], [-0.0008160016714027195, 0.0011657701027687278, 0.0007132604930480272], [-0.0024902104730749356, 0.0007132604930480271, 0.011766457856273465]], "chi2_level": 0.95, "chi2_df": 3, "chi2_threshold": 7.814727903251179, "N_raw": 28, "N_roi": 28, "N_inlier": 25, "refit": true}
{"timestamp": "19:39:47.581106", "frame": 55, "mu": [0.32095240331689817, 0.815850047183016, -0.3794892681635664], "Sigma": [[0.0014982385436966077, 0.00018757267614622443, -0.0005124317267278164], [0.00018757267614622446, 0.005483931228874046, -0.003855891780236058], [-0.0005124317267278164, -0.0038558917802360574, 0.006315370356956076]], "chi2_level": 0.95, "chi2_df": 3, "chi2_threshold": 7.814727903251179, "N_raw": 71, "N_roi": 71, "N_inlier": 68, "refit": true}
{"timestamp": "19:39:47.632121", "frame": 56, "mu": [0.3174174869147212, 0.6425661962126635, 1.3519750123085108], "Sigma": [[0.0014702873022800313, -0.0002951130651639308, -0.0007673903365440862], [-0.0002951130651639307, 0.007575650237385895, 0.005333561749203443], [-0.0007673903365440862, 0.005333561749203442, 0.017596740994069722]], "chi2_level": 0.95, "chi2_df": 3, "chi2_threshold": 7.814727903251179, "N_raw": 46, "N_roi": 46, "N_inlier": 43, "refit": true}
{"timestamp": "19:39:47.694221", "frame": 57, "mu": [0.22159465778749837, 0.6706566124631295, 1.2789247878184533], "Sigma": [[0.0022805854932034784, 0.001276593148888176, 0.004930583885512957], [0.0012765931488881762, 0.003484946890132495, 0.007111334706448638], [0.004930583885512956, 0.007111334706448638, 0.04225630592816376]], "chi2_level": 0.95, "chi2_df": 3, "chi2_threshold": 7.814727903251179, "N_raw": 96, "N_roi": 96, "N_inlier": 92, "refit": true}
{"timestamp": "19:39:47.739996", "frame": 58, "mu": [0.158712094078731, 0.7187291142424661, 1.4465323514574493], "Sigma": [[0.0004811897366329136, -0.00027445020212516044, -0.00021144603838682227], [-0.00027445020212516044, 0.0012861268596922983, -0.0012343097001763018], [-0.00021144603838682227, -0.0012343097001763018, 0.007718336608436576]], "chi2_level": 0.95, "chi2_df": 3, "chi2_threshold": 7.814727903251179, "N_raw": 27, "N_roi": 27, "N_inlier": 25, "refit": true}
{"timestamp": "19:39:47.801579", "frame": 59, "mu": [0.11994845052889781, 0.8156606489758572, -0.2188703182296619], "Sigma": [[0.002227775369314091, -0.003079225298409993, 0.020479873617672166], [-0.0030792252984099926, 0.01119309232021357, -0.05585293121574817], [0.020479873617672163, -0.05585293121574817, 0.44938791380065013]], "chi2_level": 0.95, "chi2_df": 3, "chi2_threshold": 7.814727903251179, "N_raw": 84, "N_roi": 84, "N_inlier": 83, "refit": true}
{"timestamp": "19:39:47.853426", "frame": 60, "mu": [0.06278967789608401, 0.6640932283350419, 1.3215085700550773], "Sigma": [[0.0021430721622506966, -0.00278111533629091, -0.001528550720801414], [-0.00278111533629091, 0.0044410716858809055, 0.0008968570095979867], [-0.001528550720801414, 0.0008968570095979867, 0.003133717086593946]], "chi2_level": 0.95, "chi2_df": 3, "chi2_threshold": 7.814727903251179, "N_raw": 52, "N_roi": 52, "N_inlier": 47, "refit": true}
{"timestamp": "19:39:47.908870", "frame": 61, "mu": [-0.09504619451154825, 0.7625197460270463, 1.2789007112428765], "Sigma": [[0.0020475243081707886, 0.0007596679042266998, -0.0034767946305248785], [0.0007596679042266997, 0.00309920586737706, -0.006497590683968695], [-0.0034767946305248785, -0.006497590683968695, 0.017711704034853303]], "chi2_level": 0.95, "chi2_df": 3, "chi2_threshold": 7.814727903251179, "N_raw": 56, "N_roi": 56, "N_inlier": 56, "refit": true}
{"timestamp": "19:39:47.969266", "frame": 62, "mu": [-0.0758452410683467, 0.7620173248229061, 1.3311036337056814], "Sigma": [[0.002231980677104267, -0.0006343514580126338, 0.0034812586015789755], [-0.0006343514580126339, 0.001228207778103238, -0.003411613196361135], [0.0034812586015789755, -0.0034116131963611352, 0.020234918488777603]], "chi2_level": 0.95, "chi2_df": 3, "chi2_threshold": 7.814727903251179, "N_raw": 88, "N_roi": 88, "N_inlier": 85, "refit": true}
{"timestamp": "19:39:48.024899", "frame": 63, "mu": [-0.107639698867152, 0.751927351651223, 1.337134298918459], "Sigma": [[0.003937238062948252, -0.0009889274657193584, -0.0029442293865972074], [-0.0009889274657193586, 0.0020457118242215378, -0.0017973290603759027], [-0.002944229386597208, -0.0017973290603759027, 0.011174414643037643]], "chi2_level": 0.95, "chi2_df": 3, "chi2_threshold": 7.814727903251179, "N_raw": 94, "N_roi": 94, "N_inlier": 90, "refit": true}
{"timestamp": "19:39:48.073018", "frame": 64, "mu": [-0.13910077092693346, 0.7267628950288996, -0.6017773149225345], "Sigma": [[0.0017315625993406523, 0.001883559992633788, 0.002402775195127706], [0.001883559992633788, 0.004994474525141555, 0.0033969526617994325], [0.002402775195127706, 0.0033969526617994325, 0.012716371971519017]], "chi2_level": 0.95, "chi2_df": 3, "chi2_threshold": 7.814727903251179, "N_raw": 46, "N_roi": 44, "N_inlier": 43, "refit": true}
{"timestamp": "19:39:48.125424", "frame": 65, "mu": [-0.2743234025181208, 0.6409749304114551, -0.5911501457079825], "Sigma": [[0.0016534868138128914, -0.0015423188869559063, -0.001591423768084106], [-0.0015423188869559063, 0.00585656111790112, 0.0032117803647528664], [-0.001591423768084106, 0.003211780364752866, 0.0049398195385846584]], "chi2_level": 0.95, "chi2_df": 3, "chi2_threshold": 7.814727903251179, "N_raw": 32, "N_roi": 28, "N_inlier": 24, "refit": true}
{"timestamp": "19:39:48.191221", "frame": 66, "mu": [-0.2815329929822986, 0.704031323480083, 1.327077441963728], "Sigma": [[0.003963912324690524, -0.0015530473238933272, -0.006409436021382558], [-0.0015530473238933272, 0.002767224965607885, -0.0009300541047410492], [-0.006409436021382558, -0.0009300541047410492, 0.021380947069234754]], "chi2_level": 0.95, "chi2_df": 3, "chi2_threshold": 7.814727903251179, "N_raw": 103, "N_roi": 100, "N_inlier": 98, "refit": true}
{"timestamp": "19:39:48.242823", "frame": 67, "mu": [-0.30632793439555944, 0.7572104537950156, -0.6837711396670066], "Sigma": [[0.002232437786068851, 0.0007902193626583437, 0.0017934949370464607], [0.0007902193626583438, 0.004979207622641947, 0.001022595451562149], [0.0017934949370464607, 0.0010225954515621488, 0.011389581889754877]], "chi2_level": 0.95, "chi2_df": 3, "chi2_threshold": 7.814727903251179, "N_raw": 76, "N_roi": 75, "N_inlier": 70, "refit": true}
{"timestamp": "19:39:48.292560", "frame": 68, "mu": [-0.35179784789188884, 0.7190374303008167, 1.3290931816431284], "Sigma": [[0.0016245841864850974, -0.0008002541972048213, -0.0005690193022853164], [-0.0008002541972048214, 0.001432496320365825, -0.0014821238776191864], [-0.0005690193022853162, -0.0014821238776191866, 0.004500606717330984]], "chi2_level": 0.95, "chi2_df": 3, "chi2_threshold": 7.814727903251179, "N_raw": 48, "N_roi": 46, "N_inlier": 44, "refit": true}
{"timestamp": "19:39:48.349574", "frame": 69, "mu": [-0.42978152328263963, 0.8026828997238015, -0.4909173528582356], "Sigma": [[0.004972908952027913, 0.003001607046001562, -0.0032836103994366194], [0.003001607046001562, 0.005654463148042592, -0.003197395720653355], [-0.0032836103994366194, -0.0031973957206533543, 0.007742664952692915]], "chi2_level": 0.95, "chi2_df": 3, "chi2_threshold": 7.814727903251179, "N_raw": 68, "N_roi": 68, "N_inlier": 59, "refit": true}
{"timestamp": "19:39:48.405146", "frame": 70, "mu": [-0.6897680897872482, 0.581461242116695, 1.5034565182972075], "Sigma": [[0.048267006431572605, 0.00013764776161410885, -0.046748013544533756], [0.00013764776161410888, 0.0034987424426853237, -0.00010569590573734206], [-0.046748013544533756, -0.00010569590573734238, 0.05089057744223507]], "chi2_level": 0.95, "chi2_df": 3, "chi2_threshold": 7.814727903251179, "N_raw": 69, "N_roi": 69, "N_inlier": 66, "refit": true}
{"timestamp": "19:39:48.454425", "frame": 71, "mu": [-0.7374120102270425, 0.5807855053293496, 1.5703300384920376], "Sigma": [[0.031206500428836152, 0.0012186999683633164, -0.04497462827601393], [0.0012186999683633166, 0.0013259026980796578, -0.0031503671206929355], [-0.04497462827601394, -0.003150367120692936, 0.07068021546240436]], "chi2_level": 0.95, "chi2_df": 3, "chi2_threshold": 7.814727903251179, "N_raw": 29, "N_roi": 29, "N_inlier": 27, "refit": true}
{"timestamp": "19:39:48.512091", "frame": 72, "mu": [-0.694335872001937, 0.626608428324963, 1.4427323716248075], "Sigma": [[0.034692613441094936, 0.004532035669897979, -0.04464083692312124], [0.004532035669897979, 0.003009836110828966, -0.00864232852648183], [-0.04464083692312124, -0.00864232852648183, 0.0673980941508905]], "chi2_level": 0.95, "chi2_df": 3, "chi2_threshold": 7.814727903251179, "N_raw": 49, "N_roi": 49, "N_inlier": 46, "refit": true}
{"timestamp": "19:39:48.566263", "frame": 73, "mu": [-0.8891460394082354, 0.5987688698586976, 1.6113695598983664], "Sigma": [[0.010084149165555353, 0.003757215777324657, -0.004461054997913972], [0.0037572157773246573, 0.0031129753009902826, -0.005118073809875291], [-0.004461054997913972, -0.005118073809875291, 0.010219408738911471]], "chi2_level": 0.95, "chi2_df": 3, "chi2_threshold": 7.814727903251179, "N_raw": 40, "N_roi": 40, "N_inlier": 37, "refit": true}
{"timestamp": "19:39:48.631250", "frame": 74, "mu": [-0.8762580473448698, 0.6359106219231148, 1.5606193967762505], "Sigma": [[0.011659777132206306, 0.002787591755150109, -0.006674024570531567], [0.002787591755150109, 0.004231215083607559, -0.00636606097703704], [-0.006674024570531567, -0.00636606097703704, 0.01223009206684214]], "chi2_level": 0.95, "chi2_df": 3, "chi2_threshold": 7.814727903251179, "N_raw": 112, "N_roi": 112, "N_inlier": 107, "refit": true}
{"timestamp": "19:39:48.676726", "frame": 75, "mu": [-0.9631567967641612, 0.6498310725680142, 1.5622599176386107], "Sigma": [[0.01173906099067462, -0.0006568903995282751, -0.027299555624880883], [-0.0006568903995282754, 0.003762758803356854, 0.002268190070443694], [-0.027299555624880883, 0.0022681900704436923, 0.09880848738308481]], "chi2_level": 0.95, "chi2_df": 3, "chi2_threshold": 7.814727903251179, "N_raw": 37, "N_roi": 37, "N_inlier": 32, "refit": true}
{"timestamp": "19:39:48.731250", "frame": 76, "mu": [-0.9553868316262613, 0.6481384108634124, 1.5739841865867927], "Sigma": [[0.007026947014731546, 0.001253306796363182, -0.008601647378400638], [0.001253306796363182, 0.004961475078433574, -0.005276110055419388], [-0.008601647378400638, -0.005276110055419388, 0.019828399250945823]], "chi2_level": 0.95, "chi2_df": 3, "chi2_threshold": 7.814727903251179, "N_raw": 42, "N_roi": 42, "N_inlier": 38, "refit": true}
{"timestamp": "19:39:48.792495", "frame": 77, "mu": [-0.9875901824349459, 0.7286730576635121, -0.0023325037594198435], "Sigma": [[0.009259026140386225, 0.0022866470233927393, 0.0337784721103025], [0.0022866470233927393, 0.004592942821688462, -0.0021011303247808555], [0.0337784721103025, -0.0021011303247808564, 0.3649900053378397]], "chi2_level": 0.95, "chi2_df": 3, "chi2_threshold": 7.814727903251179, "N_raw": 87, "N_roi": 87, "N_inlier": 85, "refit": true}
{"timestamp": "19:39:48.847910", "frame": 78, "mu": [-1.0596474126920115, 0.7169690231944345, 1.6133882758578755], "Sigma": [[0.009213840112502232, 0.0018605014768345671, -0.004039947810434244], [0.0018605014768345671, 0.006362183401164935, -0.0037825637407868946], [-0.004039947810434244, -0.003782563740786895, 0.0037843617897060844]], "chi2_level": 0.95, "chi2_df": 3, "chi2_threshold": 7.814727903251179, "N_raw": 79, "N_roi": 79, "N_inlier": 75, "refit": true}
{"timestamp": "19:39:48.902711", "frame": 79, "mu": [-1.1006939605243615, 0.683636476006056, 1.51101059500217], "Sigma": [[0.0072120368857591455, 0.001970683780074608, -0.00946485875932461], [0.0019706837800746086, 0.0041295630434410565, -0.009164352962989984], [-0.00946485875932461, -0.009164352962989984, 0.0412272230083468]], "chi2_level": 0.95, "chi2_df": 3, "chi2_threshold": 7.814727903251179, "N_raw": 52, "N_roi": 52, "N_inlier": 47, "refit": true}
{"timestamp": "19:39:48.953215", "frame": 80, "mu": [-1.1805359280948817, 0.5975395480860564, 1.4243115733307816], "Sigma": [[0.0070813312243440465, 0.0039305084313285155, 0.002668034852722684], [0.0039305084313285155, 0.00525463988463464, -0.001985625352031445], [0.002668034852722684, -0.001985625352031445, 0.0069932551840374375]], "chi2_level": 0.95, "chi2_df": 3, "chi2_threshold": 7.814727903251179, "N_raw": 60, "N_roi": 60, "N_inlier": 56, "refit": true}
{"timestamp": "19:39:49.008627", "frame": 81, "mu": [-1.2463678455002891, 0.5852418811658365, 1.4508031485155422], "Sigma": [[0.005915397983035764, 0.0036339174744229328, 0.0004025347020663396], [0.003633917474422933, 0.005822513642608398, -0.0030970700906861903], [0.0004025347020663395, -0.0030970700906861907, 0.008639562264973574]], "chi2_level": 0.95, "chi2_df": 3, "chi2_threshold": 7.814727903251179, "N_raw": 60, "N_roi": 60, "N_inlier": 54, "refit": true}
{"timestamp": "19:39:49.063429", "frame": 82, "mu": [-1.2514764026152576, 0.6338351792146849, 1.4139216246624626], "Sigma": [[0.006728086203092245, 0.003052404637614567, -0.005020118062922536], [0.003052404637614567, 0.009541753103071211, -0.008292001245275845], [-0.005020118062922536, -0.008292001245275845, 0.013389772748530655]], "chi2_level": 0.95, "chi2_df": 3, "chi2_threshold": 7.814727903251179, "N_raw": 57, "N_roi": 57, "N_inlier": 52, "refit": true}
{"timestamp": "19:39:49.120501", "frame": 83, "mu": [-1.3326160292956186, 0.7339981851795339, -0.5264991760119363], "Sigma": [[0.006573830229503926, 0.006164555901924967, 0.0042659954214026375], [0.0061645559019249665, 0.01641111877254809, 7.875970858611255e-05], [0.0042659954214026375, 7.875970858611242e-05, 0.01914333960513543]], "chi2_level": 0.95, "chi2_df": 3, "chi2_threshold": 7.814727903251179, "N_raw": 65, "N_roi": 65, "N_inlier": 63, "refit": true}
{"timestamp": "19:39:49.174319", "frame": 84, "mu": [-1.3745833303493156, 0.6064227740129633, 1.3621636960797219], "Sigma": [[0.006994133019649324, 0.003133359696805227, -5.1337508280905686e-05], [0.0031333596968052264, 0.010071450258014111, -0.006046524763307707], [-5.1337508280905795e-05, -0.006046524763307706, 0.007339939490977748]], "chi2_level": 0.95, "chi2_df": 3, "chi2_threshold": 7.814727903251179, "N_raw": 63, "N_roi": 63, "N_inlier": 60, "refit": true}
{"timestamp": "19:39:49.233394", "frame": 85, "mu": [-1.3874303022372914, 0.8021003635721828, -0.41479532665992813], "Sigma": [[0.010456925943861814, 0.005096146885865765, 0.00046137573520040347], [0.005096146885865765, 0.01301158029385416, -0.0051627348961514555], [0.0004613757352004034, -0.0051627348961514555, 0.004724012201176881]], "chi2_level": 0.95, "chi2_df": 3, "chi2_threshold": 7.814727903251179, "N_raw": 76, "N_roi": 76, "N_inlier": 71, "refit": true}
{"timestamp": "19:39:49.283646", "frame": 86, "mu": [-1.4164672807977121, 0.7316241939499385, 1.367819229197593], "Sigma": [[0.007082262030066554, 0.0027202861292872724, 9.907571298238771e-05], [0.002720286129287273, 0.005483053091713511, -0.004783976737186662], [9.907571298238766e-05, -0.004783976737186661, 0.007991227183544225]], "chi2_level": 0.95, "chi2_df": 3, "chi2_threshold": 7.814727903251179, "N_raw": 56, "N_roi": 56, "N_inlier": 54, "refit": true}
{"timestamp": "19:39:49.341005", "frame": 87, "mu": [-1.479382999467716, 0.7332744123520697, 1.384613506707703], "Sigma": [[0.008941477115580845, 0.004490967393379783, -0.003585677165658753], [0.004490967393379783, 0.009121459860242, -0.0087558399174747], [-0.0035856771656587534, -0.0087558399174747, 0.01589307457386087]], "chi2_level": 0.95, "chi2_df": 3, "chi2_threshold": 7.814727903251179, "N_raw": 70, "N_roi": 70, "N_inlier": 67, "refit": true}
{"timestamp": "19:39:49.394612", "frame": 88, "mu": [-1.4739500866345008, 0.8288480047988479, 1.2617042785856096], "Sigma": [[0.01606013214944623, 0.010158481683993924, -0.03422548015053962], [0.010158481683993923, 0.010710682504818988, -0.026033829520974723], [-0.03422548015053962, -0.026033829520974723, 0.13231977795723607]], "chi2_level": 0.95, "chi2_df": 3, "chi2_threshold": 7.814727903251179, "N_raw": 65, "N_roi": 65, "N_inlier": 64, "refit": true}
{"timestamp": "19:39:49.455478", "frame": 89, "mu": [-1.5344154894488071, 0.9389793614047545, -0.44276075012284016], "Sigma": [[0.0068163906476732235, 0.005523735947003916, 0.005115130382136962], [0.0055237359470039155, 0.012465106866958982, -0.009103349219700083], [0.005115130382136962, -0.009103349219700085, 0.034550295987992564]], "chi2_level": 0.95, "chi2_df": 3, "chi2_threshold": 7.814727903251179, "N_raw": 69, "N_roi": 69, "N_inlier": 66, "refit": true}
{"timestamp": "19:39:49.512017", "frame": 90, "mu": [-1.5624580920286992, 0.8986036377303142, 1.3263218120214624], "Sigma": [[0.0137515390230106, 0.007805252400861773, 0.003109781313850919], [0.007805252400861773, 0.010125704882423434, -0.006196696716639416], [0.003109781313850919, -0.006196696716639416, 0.03011098356041298]], "chi2_level": 0.95, "chi2_df": 3, "chi2_threshold": 7.814727903251179, "N_raw": 103, "N_roi": 103, "N_inlier": 99, "refit": true}
{"timestamp": "19:39:49.564225", "frame": 91, "mu": [-1.588085660854548, 1.088759621012341, -0.4278894747211684], "Sigma": [[0.009930762193952643, 0.007707120947555678, -0.0016830019116549355], [0.007707120947555678, 0.01781430000894684, -0.01347040956673012], [-0.0016830019116549355, -0.01347040956673012, 0.017427349676590483]], "chi2_level": 0.95, "chi2_df": 3, "chi2_threshold": 7.814727903251179, "N_raw": 90, "N_roi": 90, "N_inlier": 85, "refit": true}
{"timestamp": "19:39:49.622067", "frame": 92, "mu": [-1.6059884929594648, 0.9881687718805493, 1.2813823667111028], "Sigma": [[0.014045224603923242, 0.005751011045336275, -0.0010835219672940032], [0.005751011045336277, 0.00923693358492445, -0.008881947855168406], [-0.0010835219672940032, -0.008881947855168406, 0.03223629722410734]], "chi2_level": 0.95, "chi2_df": 3, "chi2_threshold": 7.814727903251179, "N_raw": 114, "N_roi": 114, "N_inlier": 111, "refit": true}
{"timestamp": "19:39:49.674570", "frame": 93, "mu": [-1.652604358594935, 1.015882428536285, 1.376123131355932], "Sigma": [[0.01341194981608356, 0.005868286406366658, -0.0034457889278368134], [0.005868286406366657, 0.011109449018825273, -0.008948421653930363], [-0.0034457889278368134, -0.008948421653930363, 0.024261889680013457]], "chi2_level": 0.95, "chi2_df": 3, "chi2_threshold": 7.814727903251179, "N_raw": 97, "N_roi": 97, "N_inlier": 94, "refit": true}
{"timestamp": "19:39:49.727074", "frame": 94, "mu": [-1.6539167996983344, 1.0415330797663314, 1.3783921524071463], "Sigma": [[0.012132634790910908, 0.005385713820765308, -0.00380445998459136], [0.005385713820765308, 0.009723123650917752, -0.005165497658701779], [-0.00380445998459136, -0.005165497658701779, 0.017867297840694397]], "chi2_level": 0.95, "chi2_df": 3, "chi2_threshold": 7.814727903251179, "N_raw": 80, "N_roi": 80, "N_inlier": 75, "refit": true}
{"timestamp": "19:39:49.784005", "frame": 95, "mu": [-1.7109658843190387, 1.0932057074059816, 1.498636387033419], "Sigma": [[0.013292916280565047, 0.004755497550546701, -0.006533182390121629], [0.004755497550546701, 0.010427768895421836, -0.007289429177333474], [-0.006533182390121628, -0.007289429177333474, 0.02735726044226384]], "chi2_level": 0.95, "chi2_df": 3, "chi2_threshold": 7.814727903251179, "N_raw": 83, "N_roi": 83, "N_inlier": 78, "refit": true}
{"timestamp": "19:39:49.835739", "frame": 96, "mu": [-1.719286727082036, 1.1432648170147135, 1.3881370716909474], "Sigma": [[0.008520249528899545, 0.005530246948440164, -0.00684435504462105], [0.005530246948440164, 0.011016478647939585, -0.013301645561504457], [-0.006844355044621049, -0.013301645561504457, 0.03619058004678272]], "chi2_level": 0.95, "chi2_df": 3, "chi2_threshold": 7.814727903251179, "N_raw": 74, "N_roi": 74, "N_inlier": 71, "refit": true}
{"timestamp": "19:39:49.890839", "frame": 97, "mu": [-1.756361498839727, 1.2088460946307786, -0.33301776387336063], "Sigma": [[0.012492121204377262, 0.00820498876683777, 0.004704526320593149], [0.00820498876683777, 0.02269308999295643, 0.00926619519862186], [0.00470452632059315, 0.00926619519862186, 0.016555607913497715]], "chi2_level": 0.95, "chi2_df": 3, "chi2_threshold": 7.814727903251179, "N_raw": 74, "N_roi": 74, "N_inlier": 70, "refit": true}
{"timestamp": "19:39:49.940543", "frame": 98, "mu": [-1.7857099061569182, 1.342802503426718, -0.3520585801476743], "Sigma": [[0.011080778673369549, 0.00840918808387977, 0.010739731693909767], [0.00840918808387977, 0.013121977302329177, 0.004731340499460568], [0.010739731693909767, 0.004731340499460568, 0.039899065433777754]], "chi2_level": 0.95, "chi2_df": 3, "chi2_threshold": 7.814727903251179, "N_raw": 41, "N_roi": 41, "N_inlier": 39, "refit": true}
{"timestamp": "19:39:49.998462", "frame": 99, "mu": [-1.7528426875328504, 1.3731742112741763, -0.22406123529504737], "Sigma": [[0.012458809498874285, 0.005886480748467203, -0.005136137682160975], [0.005886480748467203, 0.011631521793778627, -0.007286260622544162], [-0.005136137682160975, -0.007286260622544163, 0.009910899646311535]], "chi2_level": 0.95, "chi2_df": 3, "chi2_threshold": 7.814727903251179, "N_raw": 53, "N_roi": 53, "N_inlier": 52, "refit": true}
{"timestamp": "19:39:50.152820", "frame": 100, "mu": [-1.7670109165089323, 1.312816797855718, 1.4322681811764117], "Sigma": [[0.01549750168100966, 0.009378327715103408, -0.008158981951426402], [0.009378327715103406, 0.011266203837809753, -0.011289978162223038], [-0.008158981951426404, -0.011289978162223038, 0.02363425424392379]], "chi2_level": 0.95, "chi2_df": 3, "chi2_threshold": 7.814727903251179, "N_raw": 84, "N_roi": 84, "N_inlier": 79, "refit": true}
{"timestamp": "19:39:50.187064", "frame": 101, "mu": [-1.792486889126066, 1.3589679806520418, 1.4682813919979323], "Sigma": [[0.019119462909759143, 0.00822896829696345, -0.014187020337087623], [0.00822896829696345, 0.011662765463867535, -0.007199036018035675], [-0.014187020337087623, -0.007199036018035675, 0.011904205881796123]], "chi2_level": 0.95, "chi2_df": 3, "chi2_threshold": 7.814727903251179, "N_raw": 72, "N_roi": 72, "N_inlier": 67, "refit": true}
{"timestamp": "19:39:50.219897", "frame": 102, "mu": [-1.9251265489429008, 1.4266749705554838, -0.3799468408055653], "Sigma": [[0.011759114363047394, 0.013582934691454513, 0.00978284994060825], [0.013582934691454515, 0.027313518746916027, 0.008731976644843483], [0.009782849940608249, 0.008731976644843483, 0.02757072734345241]], "chi2_level": 0.95, "chi2_df": 3, "chi2_threshold": 7.814727903251179, "N_raw": 53, "N_roi": 53, "N_inlier": 51, "refit": true}
{"timestamp": "19:39:50.250460", "frame": 103, "mu": [-1.8616564455443914, 1.4161268721169347, 1.519749584037229], "Sigma": [[0.019544514996678967, 0.01217255830395806, -0.01427988133818884], [0.012172558303958058, 0.015807401652390397, -0.015444422961092882], [-0.01427988133818884, -0.015444422961092885, 0.02067887909975416]], "chi2_level": 0.95, "chi2_df": 3, "chi2_threshold": 7.814727903251179, "N_raw": 81, "N_roi": 81, "N_inlier": 77, "refit": true}
{"timestamp": "19:39:50.281333", "frame": 104, "mu": [-1.7982729626825733, 1.6538545824289868, -0.12513453983303605], "Sigma": [[0.016727060135925103, 0.009140605461807243, -0.004937956830411539], [0.009140605461807245, 0.015025786887064815, -0.0073859928963760525], [-0.004937956830411539, -0.0073859928963760525, 0.011864477987296111]], "chi2_level": 0.95, "chi2_df": 3, "chi2_threshold": 7.814727903251179, "N_raw": 82, "N_roi": 82, "N_inlier": 75, "refit": true}
{"timestamp": "19:39:50.331688", "frame": 105, "mu": [-1.850464340589136, 1.5854473106711957, 1.4745445295816315], "Sigma": [[0.01964428316210333, 0.01531756375092383, -0.018924863582394598], [0.01531756375092383, 0.014621318791863297, -0.020342405189942292], [-0.018924863582394598, -0.020342405189942292, 0.05617142894688245]], "chi2_level": 0.95, "chi2_df": 3, "chi2_threshold": 7.814727903251179, "N_raw": 81, "N_roi": 81, "N_inlier": 77, "refit": true}
{"timestamp": "19:39:50.390283", "frame": 106, "mu": [-1.8454452954942124, 1.644193725544493, 1.5084412841295225], "Sigma": [[0.023551031169151672, 0.013998732523577669, -0.01977203183558473], [0.01399873252357767, 0.017217317626321747, -0.01965849545593211], [-0.019772031835584732, -0.019658495455932106, 0.03404989321641179]], "chi2_level": 0.95, "chi2_df": 3, "chi2_threshold": 7.814727903251179, "N_raw": 101, "N_roi": 101, "N_inlier": 99, "refit": true}
{"timestamp": "19:39:50.442163", "frame": 107, "mu": [-1.8233074492880617, 1.71771430665447, 1.5033088907576193], "Sigma": [[0.023074199233478747, 0.020002525700275317, -0.03143055379216998], [0.020002525700275317, 0.022939852622694788, -0.03221831932778771], [-0.03143055379216998, -0.03221831932778771, 0.06641500679820736]], "chi2_level": 0.95, "chi2_df": 3, "chi2_threshold": 7.814727903251179, "N_raw": 79, "N_roi": 79, "N_inlier": 76, "refit": true}
{"timestamp": "19:39:50.501554", "frame": 108, "mu": [-1.814625485665113, 1.7503114662736132, 0.1783303477683564], "Sigma": [[0.025589053901544714, 0.015705203106077585, 0.07927174580432232], [0.015705203106077585, 0.017344429912376905, 0.06978628910459542], [0.07927174580432234, 0.06978628910459542, 0.662162921076935]], "chi2_level": 0.95, "chi2_df": 3, "chi2_threshold": 7.814727903251179, "N_raw": 110, "N_roi": 110, "N_inlier": 107, "refit": true}
{"timestamp": "19:39:50.550189", "frame": 109, "mu": [-1.796074332437515, 1.8610383657771357, 0.08789747185651298], "Sigma": [[0.021190053851841563, 0.01747752217683996, -0.016520024597170148], [0.01747752217683996, 0.020222298168290118, -0.012504702922192574], [-0.016520024597170148, -0.012504702922192574, 0.021522804032970865]], "chi2_level": 0.95, "chi2_df": 3, "chi2_threshold": 7.814727903251179, "N_raw": 62, "N_roi": 62, "N_inlier": 60, "refit": true}
{"timestamp": "19:39:50.600484", "frame": 110, "mu": [-1.8347655698631689, 1.8320025638604553, 1.5357785429506883], "Sigma": [[0.05138278625949788, 0.03304974688439527, -0.046700846317358935], [0.03304974688439527, 0.024620572430791316, -0.030973701129694983], [-0.046700846317358935, -0.03097370112969499, 0.06424272647301922]], "chi2_level": 0.95, "chi2_df": 3, "chi2_threshold": 7.814727903251179, "N_raw": 38, "N_roi": 38, "N_inlier": 37, "refit": true}
{"timestamp": "19:39:50.654635", "frame": 111, "mu": [-1.9850703704610138, 1.838739851866781, 1.6194739099715703], "Sigma": [[0.06256771535113828, 0.04273927738128361, -0.053430593149210545], [0.042739277381283615, 0.03471623789912662, -0.04402649197654601], [-0.053430593149210545, -0.04402649197654601, 0.06375835037442278]], "chi2_level": 0.95, "chi2_df": 3, "chi2_threshold": 7.814727903251179, "N_raw": 18, "N_roi": 18, "N_inlier": 16, "refit": true}
{"timestamp": "19:39:50.713035", "frame": 112, "mu": [-1.781809927528588, 2.064819743745095, 1.5827753572668262], "Sigma": [[0.012411874454078894, 0.004806013075369377, -0.011453647438253736], [0.004806013075369376, 0.006773241547138888, -0.006254882078982045], [-0.011453647438253736, -0.006254882078982045, 0.013419484618984486]], "chi2_level": 0.95, "chi2_df": 3, "chi2_threshold": 7.814727903251179, "N_raw": 48, "N_roi": 48, "N_inlier": 39, "refit": true}
{"timestamp": "19:39:50.768964", "frame": 113, "mu": [-1.7492834418715417, 2.1696646829524147, 1.4332279701665236], "Sigma": [[0.011176076910837341, 0.0035981496519514457, -0.006578248147161559], [0.0035981496519514457, 0.009044385994848688, -0.007083647233107179], [-0.006578248147161559, -0.007083647233107178, 0.02426565666869266]], "chi2_level": 0.95, "chi2_df": 3, "chi2_threshold": 7.814727903251179, "N_raw": 65, "N_roi": 65, "N_inlier": 62, "refit": true}
{"timestamp": "19:39:50.826882", "frame": 114, "mu": [-1.732362736658666, 2.2335674360252136, 1.4758315180598622], "Sigma": [[0.008532897220142856, 0.0017859387336815582, -0.006566830624447174], [0.001785938733681558, 0.005438828707573256, -0.0038900039864475018], [-0.006566830624447174, -0.003890003986447502, 0.008250398642457489]], "chi2_level": 0.95, "chi2_df": 3, "chi2_threshold": 7.814727903251179, "N_raw": 38, "N_roi": 38, "N_inlier": 37, "refit": true}
{"timestamp": "19:39:50.873836", "frame": 115, "mu": [-1.7992675547308263, 2.230788171085292, 1.5782697523787235], "Sigma": [[0.006406548860581486, 0.002586618573963333, -0.009885638015972656], [0.002586618573963333, 0.004240064156076693, -0.008284869218344171], [-0.009885638015972656, -0.008284869218344171, 0.03451589607466268]], "chi2_level": 0.95, "chi2_df": 3, "chi2_threshold": 7.814727903251179, "N_raw": 21, "N_roi": 21, "N_inlier": 18, "refit": true}
{"timestamp": "19:39:50.927209", "frame": 116, "mu": [-1.7457409833245827, 2.5810026057199784, -0.4524511957337137], "Sigma": [[0.006460565225770184, 0.01085011929667436, -0.029229941104861164], [0.01085011929667436, 0.06626260426203175, -0.16833292662212287], [-0.029229941104861164, -0.16833292662212285, 0.45644587889707666]], "chi2_level": 0.95, "chi2_df": 3, "chi2_threshold": 7.814727903251179, "N_raw": 11, "N_roi": 11, "N_inlier": 10, "refit": true}
{"timestamp": "19:39:50.983079", "frame": 117, "mu": [-1.7888732803391065, 2.403991799079924, 1.4922911364104956], "Sigma": [[0.0033777721722218013, 0.0003339569797548342, 0.0044984554019174335], [0.0003339569797548341, 0.004840019251442979, -0.013225755471069705], [0.0044984554019174335, -0.013225755471069705, 0.11630092131536567]], "chi2_level": 0.95, "chi2_df": 3, "chi2_threshold": 7.814727903251179, "N_raw": 20, "N_roi": 20, "N_inlier": 18, "refit": true}
{"timestamp": "19:39:51.038753", "frame": 118, "mu": [-1.812547830952166, 2.5733434022927715, 0.6837351991721892], "Sigma": [[0.009294096348310696, -0.0007964048766431174, 0.011092728376529162], [-0.000796404876643118, 0.00916557717779594, -0.02812880808795118], [0.011092728376529162, -0.02812880808795118, 0.11172520174131147]], "chi2_level": 0.95, "chi2_df": 3, "chi2_threshold": 7.814727903251179, "N_raw": 27, "N_roi": 27, "N_inlier": 26, "refit": true}
{"timestamp": "19:39:51.097684", "frame": 119, "mu": [-1.7767128734711108, 2.5195700720283916, -0.17779887762258564], "Sigma": [[0.007048351950696825, 0.0041132560131098535, 0.013146616832772354], [0.0041132560131098535, 0.009649203986613702, 0.018284251277731943], [0.013146616832772354, 0.018284251277731946, 0.07487153771355869]], "chi2_level": 0.95, "chi2_df": 3, "chi2_threshold": 7.814727903251179, "N_raw": 33, "N_roi": 33, "N_inlier": 32, "refit": true}
{"timestamp": "19:39:51.204061", "frame": 121, "mu": [-1.8500596150124666, 2.806891434099066, -0.6651917272731166], "Sigma": [[0.01167351069477462, 0.00036364188767025343, 0.01806909181487234], [0.0003636418876702536, 0.005091046812395539, -0.016600452543083108], [0.01806909181487234, -0.016600452543083108, 0.10951968417104357]], "chi2_level": 0.95, "chi2_df": 3, "chi2_threshold": 7.814727903251179, "N_raw": 32, "N_roi": 32, "N_inlier": 30, "refit": true}
{"timestamp": "19:39:51.256406", "frame": 122, "mu": [-1.7135315518233938, 2.656505241921461, 1.1004071416633017], "Sigma": [[0.00581402645528329, 0.00554104179202965, -0.008355965212196708], [0.00554104179202965, 0.010265130066574464, -0.027636347284530162], [-0.008355965212196706, -0.027636347284530162, 0.21240190446525772]], "chi2_level": 0.95, "chi2_df": 3, "chi2_threshold": 7.814727903251179, "N_raw": 7, "N_roi": 7, "N_inlier": 7, "refit": true}
