{"timestamp": "20:12:38.575607", "frame": 14, "mu": [-1.6633484958437976, 4.9267825763520365, 0.3867386421118353], "Sigma": [[0.031141245732506238, 0.004729504513695833, -0.0063807778593444695], [0.004729504513695833, 0.0019288411022085443, -0.0016661924659161832], [-0.0063807778593444695, -0.001666192465916183, 0.0027902703311982434]], "chi2_level": 0.95, "chi2_df": 3, "chi2_threshold": 7.814727903251179, "N_raw": 34, "N_roi": 27, "N_inlier": 25, "refit": true}
{"timestamp": "20:12:38.688004", "frame": 16, "mu": [-1.6333189383759468, 4.862767104488081, 0.3017421998135483], "Sigma": [[0.02680410281910387, 0.0013268602850258363, -0.025319084416285987], [0.0013268602850258359, 0.0031666368288309917, -0.0017678887507738654], [-0.02531908441628599, -0.0017678887507738654, 0.029471379344684065]], "chi2_level": 0.95, "chi2_df": 3, "chi2_threshold": 7.814727903251179, "N_raw": 34, "N_roi": 33, "N_inlier": 33, "refit": true}
{"timestamp": "20:12:38.740341", "frame": 17, "mu": [-1.5884136131267714, 4.7776351486801785, 0.28901187055671923], "Sigma": [[0.018463189718311394, -0.0036119796513350523, -0.01797570245025186], [-0.0036119796513350514, 0.0013184643407087454, 0.0032052452346382943], [-0.01797570245025186, 0.0032052452346382943, 0.02458310147535267]], "chi2_level": 0.95, "chi2_df": 3, "chi2_threshold": 7.814727903251179, "N_raw": 14, "N_roi": 14, "N_inlier": 12, "refit": true}
{"timestamp": "20:12:38.795519", "frame": 18, "mu": [-1.7010160840181987, 4.940218571296279, -0.09268143299665924], "Sigma": [[0.007468743685419713, 0.0006847713873247394, -0.003081028376849905], [0.0006847713873247397, 0.001425585913885174, -0.0018174269246334384], [-0.003081028376849905, -0.0018174269246334386, 0.004743696457218783]], "chi2_level": 0.95, "chi2_df": 3, "chi2_threshold": 7.814727903251179, "N_raw": 12, "N_roi": 8, "N_inlier": 8, "refit": true}
{"timestamp": "20:12:38.905699", "frame": 20, "mu": [-1.564043704788124, 4.684239171759549, 0.6518019746998013], "Sigma": [[0.01442346351962383, 0.001323771815133382, -0.006625683367582868], [0.001323771815133382, 0.0011479885743751214, -0.0018492668345981979], [-0.006625683367582868, -0.0018492668345981983, 0.00830090482194818]], "chi2_level": 0.95, "chi2_df": 3, "chi2_threshold": 7.814727903251179, "N_raw": 22, "N_roi": 22, "N_inlier": 20, "refit": true}
{"timestamp": "20:12:38.965940", "frame": 21, "mu": [-1.6692710465435356, 4.600910508966338, 0.5098946832638312], "Sigma": [[0.035061279868691966, 0.00380106091364096, -0.0030200360194507017], [0.00380106091364096, 0.0016612949740220553, -0.004434564890302922], [-0.0030200360194507017, -0.004434564890302922, 0.022803896809918532]], "chi2_level": 0.95, "chi2_df": 3, "chi2_threshold": 7.814727903251179, "N_raw": 54, "N_roi": 53, "N_inlier": 51, "refit": true}
{"timestamp": "20:12:39.020486", "frame": 22, "mu": [-1.5420132825785122, 4.772096581120023, -0.2590957821812427], "Sigma": [[0.026813787088456983, 0.0057992621242743195, -0.005171384780150833], [0.005799262124274318, 0.005321716986641661, -0.009722078956835712], [-0.005171384780150833, -0.009722078956835713, 0.02168346909094452]], "chi2_level": 0.95, "chi2_df": 3, "chi2_threshold": 7.814727903251179, "N_raw": 47, "N_roi": 47, "N_inlier": 46, "refit": true}
{"timestamp": "20:12:39.071597", "frame": 23, "mu": [-1.6544115537758952, 4.670029262000473, -0.1736132556268437], "Sigma": [[0.020204595655034956, 0.006329540737073654, -0.011133093208668777], [0.006329540737073654, 0.003913929790862603, -0.004111902749653109], [-0.011133093208668777, -0.004111902749653109, 0.007773852475837002]], "chi2_level": 0.95, "chi2_df": 3, "chi2_threshold": 7.814727903251179, "N_raw": 23, "N_roi": 23, "N_inlier": 22, "refit": true}
{"timestamp": "20:12:39.126586", "frame": 24, "mu": [-1.6187941036770597, 4.402790784621275, 0.6356932700782945], "Sigma": [[0.022278534623553996, 0.0035697563955907185, -0.0019332789543658395], [0.003569756395590718, 0.001538477189814083, -0.0019984811357637525], [-0.0019332789543658397, -0.0019984811357637525, 0.007532904753645661]], "chi2_level": 0.95, "chi2_df": 3, "chi2_threshold": 7.814727903251179, "N_raw": 26, "N_roi": 26, "N_inlier": 25, "refit": true}
{"timestamp": "20:12:39.184860", "frame": 25, "mu": [-1.6030023783088871, 4.337152868559453, 0.5816014086969267], "Sigma": [[0.03382250951572792, 0.0061015101860018295, -0.015931414855172164], [0.0061015101860018295, 0.003577544161008959, -0.006830749658374224], [-0.015931414855172164, -0.006830749658374224, 0.017665962953652983]], "chi2_level": 0.95, "chi2_df": 3, "chi2_threshold": 7.814727903251179, "N_raw": 53, "N_roi": 53, "N_inlier": 52, "refit": true}
{"timestamp": "20:12:39.241076", "frame": 26, "mu": [-1.7113953408399019, 4.158986501660279, 0.11430921990058317], "Sigma": [[0.03211470423808764, 0.003392461497011473, -0.0081114785950426], [0.003392461497011472, 0.0024224461416706682, -0.0002258014874119801], [-0.0081114785950426, -0.00022580148741198022, 0.026899044068890363]], "chi2_level": 0.95, "chi2_df": 3, "chi2_threshold": 7.814727903251179, "N_raw": 52, "N_roi": 52, "N_inlier": 50, "refit": true}
{"timestamp": "20:12:39.291084", "frame": 27, "mu": [-1.7355840257205815, 4.141214321172838, 0.38319424797068463], "Sigma": [[0.015250109415556766, 0.0036098704033359352, -0.0018616340105601773], [0.0036098704033359352, 0.0011979597072931001, -0.00038598054596089017], [-0.0018616340105601773, -0.00038598054596089017, 0.012817444552913436]], "chi2_level": 0.95, "chi2_df": 3, "chi2_threshold": 7.814727903251179, "N_raw": 20, "N_roi": 20, "N_inlier": 19, "refit": true}
{"timestamp": "20:12:39.350172", "frame": 28, "mu": [-1.7103454052348106, 4.067090428268085, 0.3827757939100467], "Sigma": [[0.02779465596968408, 0.004533271757810068, -0.0064035837639256805], [0.004533271757810068, 0.0012743431285847505, -0.001086088699836437], [-0.006403583763925682, -0.001086088699836437, 0.03736174259354463]], "chi2_level": 0.95, "chi2_df": 3, "chi2_threshold": 7.814727903251179, "N_raw": 48, "N_roi": 48, "N_inlier": 47, "refit": true}
{"timestamp": "20:12:39.405610", "frame": 29, "mu": [-1.7333809563303952, 4.043978238134024, 0.5461358797091934], "Sigma": [[0.03273478228072368, 0.005535545354919451, -0.004628799231318055], [0.005535545354919451, 0.0018134078214736176, -0.0035700127375589454], [-0.004628799231318054, -0.0035700127375589454, 0.020821939147879897]], "chi2_level": 0.95, "chi2_df": 3, "chi2_threshold": 7.814727903251179, "N_raw": 49, "N_roi": 49, "N_inlier": 48, "refit": true}
{"timestamp": "20:12:39.459889", "frame": 30, "mu": [-1.639630724351269, 3.9855276549881165, 0.6378249433904496], "Sigma": [[0.029651272824910018, 0.005620590931409906, -0.010157633714384207], [0.005620590931409906, 0.0036967243820696955, -0.004830946008978185], [-0.010157633714384207, -0.004830946008978185, 0.009189762191866378]], "chi2_level": 0.95, "chi2_df": 3, "chi2_threshold": 7.814727903251179, "N_raw": 48, "N_roi": 48, "N_inlier": 47, "refit": true}
{"timestamp": "20:12:39.512598", "frame": 31, "mu": [-1.6116136086300676, 4.124946875328151, -0.6243567577546536], "Sigma": [[0.018902766172620857, 0.0006674303703053572, -0.016395630370607386], [0.0006674303703053569, 0.0023676189779971903, -0.0019450756309901274], [-0.016395630370607383, -0.0019450756309901277, 0.01661291676177057]], "chi2_level": 0.95, "chi2_df": 3, "chi2_threshold": 7.814727903251179, "N_raw": 25, "N_roi": 24, "N_inlier": 22, "refit": true}
{"timestamp": "20:12:39.568814", "frame": 32, "mu": [-1.7974746409579845, 3.851192288243997, 0.738277879614796], "Sigma": [[0.018502359395159547, -0.00010810181944245192, -0.015182543607206776], [-0.00010810181944245181, 0.002013070687237269, -0.003009177211823288], [-0.015182543607206776, -0.0030091772118232877, 0.020291286808460117]], "chi2_level": 0.95, "chi2_df": 3, "chi2_threshold": 7.814727903251179, "N_raw": 40, "N_roi": 40, "N_inlier": 38, "refit": true}
{"timestamp": "20:12:39.628291", "frame": 33, "mu": [-1.7061711158480026, 3.882947918866344, -0.9109984443829476], "Sigma": [[0.028368284516855028, 0.01813466492251089, 0.04917077426980877], [0.01813466492251089, 0.02111383697856326, 0.04337785061097484], [0.04917077426980877, 0.043377850610974836, 0.1642335045516049]], "chi2_level": 0.95, "chi2_df": 3, "chi2_threshold": 7.814727903251179, "N_raw": 67, "N_roi": 66, "N_inlier": 65, "refit": true}
{"timestamp": "20:12:39.679357", "frame": 34, "mu": [-1.6991023878854348, 3.719128032237808, 0.6909922720788122], "Sigma": [[0.024671662506262203, 0.0009444392095441889, -0.02477018911604644], [0.0009444392095441889, 0.0020358591955985375, -0.0032878057233941185], [-0.02477018911604644, -0.0032878057233941185, 0.02981986980205663]], "chi2_level": 0.95, "chi2_df": 3, "chi2_threshold": 7.814727903251179, "N_raw": 43, "N_roi": 43, "N_inlier": 42, "refit": true}
{"timestamp": "20:12:39.784830", "frame": 36, "mu": [-1.6459637071825322, 3.5408300385926315, 0.6694957285696652], "Sigma": [[0.007407891942037316, 0.0003673338658831655, -0.006065288121046964], [0.00036733386588316553, 0.0003300937516730898, -0.0011850686249054287], [-0.006065288121046964, -0.0011850686249054287, 0.016220334600804062]], "chi2_level": 0.95, "chi2_df": 3, "chi2_threshold": 7.814727903251179, "N_raw": 15, "N_roi": 15, "N_inlier": 14, "refit": true}
{"timestamp": "20:12:39.840316", "frame": 37, "mu": [-1.631775696205281, 3.450347021282953, 0.5645756478457886], "Sigma": [[0.01865635200992921, -0.0003005877902153028, -0.01616193918588022], [-0.0003005877902153028, 0.0005340912734181502, -0.0009646018763053148], [-0.01616193918588022, -0.0009646018763053148, 0.027721385910583544]], "chi2_level": 0.95, "chi2_df": 3, "chi2_threshold": 7.814727903251179, "N_raw": 21, "N_roi": 21, "N_inlier": 19, "refit": true}
{"timestamp": "20:12:39.897437", "frame": 38, "mu": [-1.6882236832900086, 3.3836210376437794, 0.6696240470049222], "Sigma": [[0.015463925425597472, 0.00279504753982414, -0.010843644710425964], [0.0027950475398241404, 0.0009563790454953216, -0.0030962356359317362], [-0.010843644710425964, -0.0030962356359317362, 0.014419947092862784]], "chi2_level": 0.95, "chi2_df": 3, "chi2_threshold": 7.814727903251179, "N_raw": 25, "N_roi": 25, "N_inlier": 24, "refit": true}
{"timestamp": "20:12:39.952156", "frame": 39, "mu": [-1.70764127095579, 3.3527462880608336, 0.8131347248685484], "Sigma": [[0.013771308360181261, 0.0028933278859407745, -0.010803025414202728], [0.0028933278859407745, 0.0018277437354458708, -0.005109708277183085], [-0.01080302541420273, -0.005109708277183085, 0.018078120871994494]], "chi2_level": 0.95, "chi2_df": 3, "chi2_threshold": 7.814727903251179, "N_raw": 27, "N_roi": 27, "N_inlier": 26, "refit": true}
{"timestamp": "20:12:40.010382", "frame": 40, "mu": [-1.6992042752735672, 3.486691200519792, -0.3744819149322064], "Sigma": [[0.018111241744081324, 0.005897972497449657, -0.003955184848895746], [0.0058979724974496574, 0.006408182743807325, -0.009254487139590878], [-0.003955184848895746, -0.009254487139590878, 0.016555698491153188]], "chi2_level": 0.95, "chi2_df": 3, "chi2_threshold": 7.814727903251179, "N_raw": 46, "N_roi": 46, "N_inlier": 44, "refit": true}
{"timestamp": "20:12:40.118878", "frame": 42, "mu": [-1.6613137079463765, 3.1453433880663932, 0.795405097209786], "Sigma": [[0.01954728420343479, 0.0009897983089211082, -0.009131921405126444], [0.0009897983089211082, 0.0010416134287351685, -0.003218057154336972], [-0.009131921405126444, -0.003218057154336972, 0.020074481554034136]], "chi2_level": 0.95, "chi2_df": 3, "chi2_threshold": 7.814727903251179, "N_raw": 46, "N_roi": 46, "N_inlier": 44, "refit": true}
{"timestamp": "20:12:40.173675", "frame": 43, "mu": [-1.6768688514322025, 3.06893798620079, 0.6006466893323883], "Sigma": [[0.02316127965836189, 0.00046210019653196145, -0.006816001484800497], [0.0004621001965319614, 0.00063601735982346, -0.0013618984262346828], [-0.006816001484800496, -0.0013618984262346828, 0.010680403100076804]], "chi2_level": 0.95, "chi2_df": 3, "chi2_threshold": 7.814727903251179, "N_raw": 38, "N_roi": 38, "N_inlier": 36, "refit": true}
{"timestamp": "20:12:40.230109", "frame": 44, "mu": [-1.6641435242381133, 2.950848666572697, 0.5306410031421712], "Sigma": [[0.019111299868066506, 9.653902483561033e-05, -0.005570818103823854], [9.653902483561033e-05, 0.0016685339646651043, -0.0020360371324603934], [-0.005570818103823854, -0.0020360371324603934, 0.007163612975147368]], "chi2_level": 0.95, "chi2_df": 3, "chi2_threshold": 7.814727903251179, "N_raw": 44, "N_roi": 44, "N_inlier": 42, "refit": true}
{"timestamp": "20:12:40.282691", "frame": 45, "mu": [-1.6292705291692524, 2.891908604616503, 0.7503980762423624], "Sigma": [[0.01383504693989985, 0.0024816130005742287, -0.002297085695156071], [0.0024816130005742287, 0.0028846843989259402, -0.0028378175148445917], [-0.002297085695156071, -0.0028378175148445917, 0.004957129697894262]], "chi2_level": 0.95, "chi2_df": 3, "chi2_threshold": 7.814727903251179, "N_raw": 37, "N_roi": 37, "N_inlier": 36, "refit": true}
{"timestamp": "20:12:40.343197", "frame": 46, "mu": [-1.79222367215694, 2.795843838128257, 0.6864809457104686], "Sigma": [[0.023610117413948063, 0.0033651399310863834, 0.008224253507576966], [0.0033651399310863834, 0.0015026410181014237, 1.625299803941246e-05], [0.008224253507576966, 1.625299803941246e-05, 0.03106040816087858]], "chi2_level": 0.95, "chi2_df": 3, "chi2_threshold": 7.814727903251179, "N_raw": 60, "N_roi": 60, "N_inlier": 59, "refit": true}
{"timestamp": "20:12:40.393397", "frame": 47, "mu": [-1.763463959298077, 2.7830333868664536, 0.8771601200872102], "Sigma": [[0.011842528113708933, 0.0012107920877032555, -0.007212952716672309], [0.0012107920877032557, 0.0013519341859389252, -0.002967760395162696], [-0.007212952716672309, -0.002967760395162696, 0.011290753973376933]], "chi2_level": 0.95, "chi2_df": 3, "chi2_threshold": 7.814727903251179, "N_raw": 32, "N_roi": 32, "N_inlier": 30, "refit": true}
{"timestamp": "20:12:40.505047", "frame": 49, "mu": [-1.8560046842514921, 2.6442213158842867, 1.0083876409183479], "Sigma": [[0.01773810924017989, 0.0035126774968015015, -0.011631295274037081], [0.0035126774968015015, 0.003641685264770632, -0.006248757811916524], [-0.01163129527403708, -0.006248757811916524, 0.014380102705020532]], "chi2_level": 0.95, "chi2_df": 3, "chi2_threshold": 7.814727903251179, "N_raw": 51, "N_roi": 51, "N_inlier": 50, "refit": true}
{"timestamp": "20:12:40.562363", "frame": 50, "mu": [-1.7903615479204888, 2.594491265884164, 0.9445458648190328], "Sigma": [[0.01504623702429784, 0.0013908331033321356, -0.013852811247122317], [0.001390833103332135, 0.0018609802518178386, -0.005964105286590197], [-0.013852811247122317, -0.005964105286590197, 0.0307645093438808]], "chi2_level": 0.95, "chi2_df": 3, "chi2_threshold": 7.814727903251179, "N_raw": 54, "N_roi": 54, "N_inlier": 51, "refit": true}
{"timestamp": "20:12:40.617171", "frame": 51, "mu": [-1.8957464685418777, 2.4822637219078554, 1.093292226592792], "Sigma": [[0.013685017074218016, 0.004899011301936967, -0.009682411997699302], [0.004899011301936967, 0.0041912314180499455, -0.008561535276844875], [-0.009682411997699302, -0.008561535276844875, 0.020286190244663552]], "chi2_level": 0.95, "chi2_df": 3, "chi2_threshold": 7.814727903251179, "N_raw": 54, "N_roi": 52, "N_inlier": 48, "refit": true}
{"timestamp": "20:12:40.670231", "frame": 52, "mu": [-1.8673866324713293, 2.4107341327448113, 1.0731565097180986], "Sigma": [[0.01036334014762555, 0.0031441575830565612, -0.014580354676673101], [0.0031441575830565612, 0.0027627146589193803, -0.009347620378695545], [-0.014580354676673101, -0.009347620378695545, 0.04745768496259659]], "chi2_level": 0.95, "chi2_df": 3, "chi2_threshold": 7.814727903251179, "N_raw": 47, "N_roi": 46, "N_inlier": 44, "refit": true}
{"timestamp": "20:12:40.778941", "frame": 54, "mu": [-2.0384735392985025, 2.134193739025267, 1.3579749139151003], "Sigma": [[0.03743521211006993, 0.022839261845384512, -0.024201667424512817], [0.022839261845384505, 0.016562603768233215, -0.016712183100658445], [-0.024201667424512817, -0.016712183100658445, 0.0214210530165599]], "chi2_level": 0.95, "chi2_df": 3, "chi2_threshold": 7.814727903251179, "N_raw": 44, "N_roi": 40, "N_inlier": 37, "refit": true}
{"timestamp": "20:12:40.831112", "frame": 55, "mu": [-1.9533681297458352, 2.321901937921619, -0.3543198594076063], "Sigma": [[0.005160260435041164, -0.0011876826878770741, 0.008112616447418034], [-0.0011876826878770741, 0.0032424377863675426, -0.01028586615370529], [0.008112616447418033, -0.01028586615370529, 0.04889182533369442]], "chi2_level": 0.95, "chi2_df": 3, "chi2_threshold": 7.814727903251179, "N_raw": 12, "N_roi": 12, "N_inlier": 10, "refit": true}
{"timestamp": "20:12:40.894733", "frame": 56, "mu": [-2.06743208480891, 1.9863053628835077, 1.094998538507537], "Sigma": [[0.03664290915361819, 0.02206898978982036, -0.01696207051324545], [0.02206898978982036, 0.018433984406389436, -0.026215202436395038], [-0.01696207051324545, -0.026215202436395038, 0.07888754283179374]], "chi2_level": 0.95, "chi2_df": 3, "chi2_threshold": 7.814727903251179, "N_raw": 76, "N_roi": 76, "N_inlier": 75, "refit": true}
{"timestamp": "20:12:40.948183", "frame": 57, "mu": [-2.0267636798168303, 1.9212210416309223, 1.1524943774169982], "Sigma": [[0.07613898920710666, 0.043880274146771064, -0.045649570615097286], [0.043880274146771064, 0.027765075514991355, -0.03259062615059444], [-0.045649570615097286, -0.03259062615059444, 0.06306137343096331]], "chi2_level": 0.95, "chi2_df": 3, "chi2_threshold": 7.814727903251179, "N_raw": 66, "N_roi": 60, "N_inlier": 56, "refit": true}
{"timestamp": "20:12:41.003344", "frame": 58, "mu": [-2.0128982458979756, 1.8413660014981772, 1.279297377422779], "Sigma": [[0.023596585813171932, 0.018215972164245916, -0.018987175025887745], [0.018215972164245916, 0.01741583675187106, -0.020487065453820612], [-0.018987175025887745, -0.020487065453820612, 0.027660591134374725]], "chi2_level": 0.95, "chi2_df": 3, "chi2_threshold": 7.814727903251179, "N_raw": 67, "N_roi": 67, "N_inlier": 62, "refit": true}
{"timestamp": "20:12:41.055898", "frame": 59, "mu": [-2.0756999853678315, 1.7113823326651432, 1.2574858245564384], "Sigma": [[0.027773940784387684, 0.022677509131961798, -0.02202501827660345], [0.022677509131961798, 0.022675660252102756, -0.02017339388408321], [-0.02202501827660345, -0.02017339388408321, 0.019524201754184775]], "chi2_level": 0.95, "chi2_df": 3, "chi2_threshold": 7.814727903251179, "N_raw": 51, "N_roi": 51, "N_inlier": 47, "refit": true}
{"timestamp": "20:12:41.115265", "frame": 60, "mu": [-2.066084430264296, 1.8862728723231035, -0.4584267687325582], "Sigma": [[0.026040762574792323, 0.02523655995904281, -0.022510439383719515], [0.02523655995904281, 0.04129870648080397, -0.054555382763998204], [-0.022510439383719515, -0.054555382763998204, 0.10364704222219007]], "chi2_level": 0.95, "chi2_df": 3, "chi2_threshold": 7.814727903251179, "N_raw": 84, "N_roi": 84, "N_inlier": 82, "refit": true}
{"timestamp": "20:12:41.165152", "frame": 61, "mu": [-2.0932053301121782, 1.6443512216266143, -0.16705027161680583], "Sigma": [[0.03167338094952521, 0.03236744820031484, -0.0289398557842116], [0.03236744820031484, 0.04259581912768323, -0.03319082030856291], [-0.0289398557842116, -0.03319082030856291, 0.029824237901009132]], "chi2_level": 0.95, "chi2_df": 3, "chi2_threshold": 7.814727903251179, "N_raw": 43, "N_roi": 43, "N_inlier": 41, "refit": true}
{"timestamp": "20:12:41.223993", "frame": 62, "mu": [-1.9119330043234077, 1.6262391207681108, 0.9962749386593247], "Sigma": [[0.03414718689557163, 0.011406803320994318, -0.03052948126823604], [0.011406803320994318, 0.008426073217290213, -0.014445282730211381], [-0.03052948126823604, -0.014445282730211381, 0.03604950616226464]], "chi2_level": 0.95, "chi2_df": 3, "chi2_threshold": 7.814727903251179, "N_raw": 77, "N_roi": 77, "N_inlier": 70, "refit": true}
{"timestamp": "20:12:41.272237", "frame": 63, "mu": [-2.0125569005693715, 1.6117395693457421, -0.48504583351576397], "Sigma": [[0.020109285465412928, 0.020184518249105096, -0.013148599047551966], [0.020184518249105096, 0.022775418626163096, -0.01968000972830823], [-0.013148599047551966, -0.019680009728308228, 0.0336400683805724]], "chi2_level": 0.95, "chi2_df": 3, "chi2_threshold": 7.814727903251179, "N_raw": 32, "N_roi": 32, "N_inlier": 30, "refit": true}
{"timestamp": "20:12:41.337094", "frame": 64, "mu": [-1.9152992414907337, 1.4404779710741893, 1.0817866745093958], "Sigma": [[0.020258929119664065, 0.015710127088219526, -0.01482383165839999], [0.015710127088219526, 0.015415326241742673, -0.018894857736123805], [-0.01482383165839999, -0.018894857736123805, 0.03328106154102355]], "chi2_level": 0.95, "chi2_df": 3, "chi2_threshold": 7.814727903251179, "N_raw": 93, "N_roi": 93, "N_inlier": 89, "refit": true}
{"timestamp": "20:12:41.391271", "frame": 65, "mu": [-1.9480065958550814, 1.3893526804473746, 1.1230890047656268], "Sigma": [[0.016999889021643504, 0.014884758570826315, -0.009174663498867678], [0.014884758570826315, 0.017102886176344784, -0.015235353584024076], [-0.00917466349886768, -0.015235353584024077, 0.022497701652934483]], "chi2_level": 0.95, "chi2_df": 3, "chi2_threshold": 7.814727903251179, "N_raw": 85, "N_roi": 85, "N_inlier": 80, "refit": true}
{"timestamp": "20:12:41.443867", "frame": 66, "mu": [-1.9243226000780858, 1.3205919090250728, 1.1098157767909027], "Sigma": [[0.018278486953595525, 0.01615698889171396, -0.003948973169358195], [0.01615698889171396, 0.01695578733089302, -0.008313328705816614], [-0.003948973169358195, -0.008313328705816614, 0.015626387704699107]], "chi2_level": 0.95, "chi2_df": 3, "chi2_threshold": 7.814727903251179, "N_raw": 70, "N_roi": 70, "N_inlier": 66, "refit": true}
{"timestamp": "20:12:41.500588", "frame": 67, "mu": [-1.9487873169166348, 1.2059206371278086, 1.095464915418443], "Sigma": [[0.010840099344411628, 0.009339552372646788, -0.003447892095460742], [0.00933955237264679, 0.014185926781705794, -0.010895962532559558], [-0.0034478920954607428, -0.010895962532559558, 0.03358172847549718]], "chi2_level": 0.95, "chi2_df": 3, "chi2_threshold": 7.814727903251179, "N_raw": 83, "N_roi": 83, "N_inlier": 81, "refit": true}
{"timestamp": "20:12:41.552507", "frame": 68, "mu": [-1.9561038512728648, 1.1376346044627117, 0.9938444133350262], "Sigma": [[0.007770847640225801, 0.006204730489071254, 0.000891194350873981], [0.006204730489071254, 0.007078199319547936, -0.002588173182474111], [0.0008911943508739806, -0.0025881731824741114, 0.033142593951456314]], "chi2_level": 0.95, "chi2_df": 3, "chi2_threshold": 7.814727903251179, "N_raw": 65, "N_roi": 65, "N_inlier": 64, "refit": true}
{"timestamp": "20:12:41.609387", "frame": 69, "mu": [-1.9750408281900047, 1.1907141492541142, -0.7536722193082291], "Sigma": [[0.012510803525503414, 0.015191963014205338, 0.01198741435554682], [0.015191963014205338, 0.03797627086986391, 0.015396062023403365], [0.01198741435554682, 0.015396062023403365, 0.021317769847395772]], "chi2_level": 0.95, "chi2_df": 3, "chi2_threshold": 7.814727903251179, "N_raw": 70, "N_roi": 70, "N_inlier": 69, "refit": true}
{"timestamp": "20:12:41.663433", "frame": 70, "mu": [-1.9407427723342643, 1.007220817725251, 1.1038444738623092], "Sigma": [[0.009785886366678419, 0.006680437594105512, 0.0012837153939947526], [0.006680437594105513, 0.009485024381005038, -0.007448663817276042], [0.0012837153939947526, -0.007448663817276042, 0.01805052581116349]], "chi2_level": 0.95, "chi2_df": 3, "chi2_threshold": 7.814727903251179, "N_raw": 69, "N_roi": 69, "N_inlier": 68, "refit": true}
{"timestamp": "20:12:41.719875", "frame": 71, "mu": [-1.9246137415689348, 0.9402570806297563, 1.1464613852231398], "Sigma": [[0.011217449796900496, 0.006459946862830334, 0.002528001949257564], [0.006459946862830334, 0.008779076526142822, -0.007016540704650169], [0.0025280019492575643, -0.00701654070465017, 0.021700717170668182]], "chi2_level": 0.95, "chi2_df": 3, "chi2_threshold": 7.814727903251179, "N_raw": 76, "N_roi": 76, "N_inlier": 73, "refit": true}
{"timestamp": "20:12:41.772850", "frame": 72, "mu": [-1.8807313674859623, 1.1021423645750192, -0.7012525063301325], "Sigma": [[0.010745812016823309, 0.005828984789531714, 0.006311214195415275], [0.005828984789531713, 0.010644521666359973, -0.003891728973633485], [0.006311214195415275, -0.003891728973633485, 0.016414906574883002]], "chi2_level": 0.95, "chi2_df": 3, "chi2_threshold": 7.814727903251179, "N_raw": 63, "N_roi": 63, "N_inlier": 63, "refit": true}
{"timestamp": "20:12:41.825723", "frame": 73, "mu": [-1.8288205253714307, 0.9090874290111957, 1.1870343028191679], "Sigma": [[0.00833173294020294, 0.004353128018878317, -0.004645308996415905], [0.004353128018878317, 0.009873737918607394, -0.006536601524990688], [-0.004645308996415905, -0.006536601524990688, 0.006427128579609877]], "chi2_level": 0.95, "chi2_df": 3, "chi2_threshold": 7.814727903251179, "N_raw": 50, "N_roi": 50, "N_inlier": 48, "refit": true}
{"timestamp": "20:12:41.887909", "frame": 74, "mu": [-1.7646930126938098, 0.8092327353428795, 1.0483507820341105], "Sigma": [[0.013793181807415619, 0.013109520116743958, 0.002164804402343243], [0.013109520116743958, 0.01679624210670754, -0.002131038881612103], [0.002164804402343243, -0.0021310388816121032, 0.015534769950084818]], "chi2_level": 0.95, "chi2_df": 3, "chi2_threshold": 7.814727903251179, "N_raw": 84, "N_roi": 84, "N_inlier": 78, "refit": true}
{"timestamp": "20:12:41.935266", "frame": 75, "mu": [-1.8354770193413257, 0.7261837216693114, 1.1104553475048387], "Sigma": [[0.009689701490636752, 0.007845986609527797, -0.0038105253267210148], [0.007845986609527797, 0.015584933089864032, -0.007857120929748277], [-0.003810525326721015, -0.007857120929748277, 0.005327223166069651]], "chi2_level": 0.95, "chi2_df": 3, "chi2_threshold": 7.814727903251179, "N_raw": 47, "N_roi": 47, "N_inlier": 47, "refit": true}
{"timestamp": "20:12:41.996004", "frame": 76, "mu": [-1.7297047671177892, 0.7370690940859318, 1.118183243605602], "Sigma": [[0.016735907623798396, 0.015609516269008746, 0.009618785432586765], [0.015609516269008746, 0.019566429277710753, 0.005273527010789368], [0.009618785432586763, 0.005273527010789368, 0.021852177183647077]], "chi2_level": 0.95, "chi2_df": 3, "chi2_threshold": 7.814727903251179, "N_raw": 93, "N_roi": 93, "N_inlier": 85, "refit": true}
{"timestamp": "20:12:42.051403", "frame": 77, "mu": [-1.760545660913619, 0.7499400015595697, -0.8062859021592195], "Sigma": [[0.015111030301518438, 0.016382626502127566, 0.017322911455830144], [0.016382626502127566, 0.041305775564914604, 0.015721514841713264], [0.017322911455830144, 0.015721514841713264, 0.026345232174828682]], "chi2_level": 0.95, "chi2_df": 3, "chi2_threshold": 7.814727903251179, "N_raw": 94, "N_roi": 94, "N_inlier": 85, "refit": true}
{"timestamp": "20:12:42.109904", "frame": 78, "mu": [-1.711208032259231, 0.6225572525705335, 1.0737651310281568], "Sigma": [[0.017153776468395956, 0.014412315186479823, 0.008783769595795552], [0.014412315186479823, 0.017898502838461054, 0.0029452080752710333], [0.008783769595795552, 0.0029452080752710333, 0.02256399821947273]], "chi2_level": 0.95, "chi2_df": 3, "chi2_threshold": 7.814727903251179, "N_raw": 102, "N_roi": 102, "N_inlier": 95, "refit": true}
{"timestamp": "20:12:42.164867", "frame": 79, "mu": [-1.6171946245357423, 0.6199174350781698, 1.1490930716550534], "Sigma": [[0.013363093446911925, 0.011252341975395631, 0.007008173007294758], [0.011252341975395631, 0.01710733371140689, -0.0023182060955771492], [0.007008173007294757, -0.0023182060955771492, 0.02416307648996557]], "chi2_level": 0.95, "chi2_df": 3, "chi2_threshold": 7.814727903251179, "N_raw": 114, "N_roi": 114, "N_inlier": 100, "refit": true}
{"timestamp": "20:12:42.218839", "frame": 80, "mu": [-1.6188998295931643, 0.5912770494773557, 1.1489332138392707], "Sigma": [[0.012580588444917653, 0.0063833568603557135, 0.003950915488760903], [0.0063833568603557135, 0.01132606771151119, -0.006628917507044831], [0.003950915488760903, -0.006628917507044831, 0.017130726053429583]], "chi2_level": 0.95, "chi2_df": 3, "chi2_threshold": 7.814727903251179, "N_raw": 98, "N_roi": 98, "N_inlier": 89, "refit": true}
{"timestamp": "20:12:42.275383", "frame": 81, "mu": [-1.5678088342436873, 0.5731040710390952, 1.1904552993654423], "Sigma": [[0.01454265293740916, 0.0065664228905166055, 0.007996316942508724], [0.006566422890516606, 0.011728079570917033, -0.006589682311243903], [0.007996316942508722, -0.006589682311243903, 0.020700907381458217]], "chi2_level": 0.95, "chi2_df": 3, "chi2_threshold": 7.814727903251179, "N_raw": 109, "N_roi": 109, "N_inlier": 102, "refit": true}
{"timestamp": "20:12:42.330930", "frame": 82, "mu": [-1.5109606041613795, 0.7531828126568175, -0.6245950401678252], "Sigma": [[0.015147227707055419, 0.004962711301114312, 0.006819211122396751], [0.004962711301114312, 0.015051634483681004, -0.007744194019140205], [0.006819211122396751, -0.007744194019140206, 0.016271473202855696]], "chi2_level": 0.95, "chi2_df": 3, "chi2_threshold": 7.814727903251179, "N_raw": 109, "N_roi": 109, "N_inlier": 106, "refit": true}
{"timestamp": "20:12:42.384952", "frame": 83, "mu": [-1.4841810702888543, 0.5158745430214542, 1.1916801973208673], "Sigma": [[0.013397272227737903, 0.006898250441134533, 0.009695326231233193], [0.006898250441134533, 0.011549577106339352, -0.0035039752464286426], [0.009695326231233193, -0.0035039752464286426, 0.027583872962061495]], "chi2_level": 0.95, "chi2_df": 3, "chi2_threshold": 7.814727903251179, "N_raw": 113, "N_roi": 113, "N_inlier": 106, "refit": true}
{"timestamp": "20:12:42.436927", "frame": 84, "mu": [-1.4461430873631138, 0.48238283462779996, 1.1796758420831819], "Sigma": [[0.010482768158548471, 0.008601816026231241, 0.007012048148924483], [0.008601816026231241, 0.008885547368215016, 0.0040606201214664905], [0.007012048148924482, 0.0040606201214664905, 0.027854715177796037]], "chi2_level": 0.95, "chi2_df": 3, "chi2_threshold": 7.814727903251179, "N_raw": 92, "N_roi": 92, "N_inlier": 88, "refit": true}
{"timestamp": "20:12:42.488172", "frame": 85, "mu": [-1.3917566016379563, 0.6690415557358036, -0.5884588747510091], "Sigma": [[0.006497384726927367, 0.0047074196510726056, 0.006989693589897952], [0.0047074196510726056, 0.009583953931149162, -0.0014475503323576955], [0.006989693589897952, -0.0014475503323576953, 0.020111840119976288]], "chi2_level": 0.95, "chi2_df": 3, "chi2_threshold": 7.814727903251179, "N_raw": 66, "N_roi": 66, "N_inlier": 64, "refit": true}
{"timestamp": "20:12:42.548276", "frame": 86, "mu": [-1.3508284091415745, 0.5988293304374347, -0.5813841866211705], "Sigma": [[0.012283673253487776, 0.010171574965208301, 0.011690682008711721], [0.010171574965208301, 0.026705198083802756, 0.006535340502357706], [0.01169068200871172, 0.006535340502357706, 0.0179453569084245]], "chi2_level": 0.95, "chi2_df": 3, "chi2_threshold": 7.814727903251179, "N_raw": 95, "N_roi": 95, "N_inlier": 93, "refit": true}
{"timestamp": "20:12:42.600703", "frame": 87, "mu": [-1.3210210431496672, 0.5611122066873496, 1.3604920939370304], "Sigma": [[0.009122419618300343, 0.003946719369938574, 0.004211515846598067], [0.003946719369938574, 0.006995279350758723, -0.004757024037490488], [0.004211515846598067, -0.004757024037490488, 0.016854647130478295]], "chi2_level": 0.95, "chi2_df": 3, "chi2_threshold": 7.814727903251179, "N_raw": 83, "N_roi": 83, "N_inlier": 82, "refit": true}
{"timestamp": "20:12:42.650422", "frame": 88, "mu": [-1.2297142455122327, 0.5757582018105049, 1.3689947110819778], "Sigma": [[0.005043316157093165, 0.0014866692117022238, 0.0009028822940509933], [0.0014866692117022238, 0.0038681263028237573, -0.0030795352360949964], [0.0009028822940509934, -0.0030795352360949964, 0.00491018181932391]], "chi2_level": 0.95, "chi2_df": 3, "chi2_threshold": 7.814727903251179, "N_raw": 49, "N_roi": 49, "N_inlier": 48, "refit": true}
{"timestamp": "20:12:42.711643", "frame": 89, "mu": [-1.2056055849100404, 0.6140111686159894, 1.4117235659247187], "Sigma": [[0.012469556522365423, 0.006530328139445211, 0.0009848114324532886], [0.006530328139445211, 0.0075389379916164, -0.003731089143476305], [0.0009848114324532886, -0.003731089143476305, 0.008340919691188758]], "chi2_level": 0.95, "chi2_df": 3, "chi2_threshold": 7.814727903251179, "N_raw": 90, "N_roi": 90, "N_inlier": 86, "refit": true}
{"timestamp": "20:12:42.763630", "frame": 90, "mu": [-1.1820485621519148, 0.5882794953193101, 1.411690422863841], "Sigma": [[0.010186826142358526, 0.005025477932999612, 0.0007336108705610627], [0.005025477932999611, 0.009964037070300536, -0.0014979584280139574], [0.0007336108705610625, -0.0014979584280139574, 0.004987918990379908]], "chi2_level": 0.95, "chi2_df": 3, "chi2_threshold": 7.814727903251179, "N_raw": 71, "N_roi": 71, "N_inlier": 70, "refit": true}
{"timestamp": "20:12:42.818526", "frame": 91, "mu": [-1.1955800329925008, 0.6921001589338482, -0.44937410157653956], "Sigma": [[0.011829429402831285, 0.0036208564434739863, 0.00014015794006342155], [0.0036208564434739854, 0.006895981030411475, -0.0017901711637190135], [0.0001401579400634216, -0.0017901711637190133, 0.002226604918353467]], "chi2_level": 0.95, "chi2_df": 3, "chi2_threshold": 7.814727903251179, "N_raw": 66, "N_roi": 66, "N_inlier": 64, "refit": true}
{"timestamp": "20:12:42.872466", "frame": 92, "mu": [-1.1618137577318883, 0.6060410487598582, 1.3862381523729357], "Sigma": [[0.011486521011818593, 0.0018539225163378163, -0.0019509831854255834], [0.0018539225163378163, 0.004345763568419862, -0.0027830141224293274], [-0.0019509831854255834, -0.0027830141224293265, 0.002799239026957192]], "chi2_level": 0.95, "chi2_df": 3, "chi2_threshold": 7.814727903251179, "N_raw": 60, "N_roi": 60, "N_inlier": 58, "refit": true}
{"timestamp": "20:12:42.925532", "frame": 93, "mu": [-1.101565510093725, 0.7119570409073536, 1.4218948961559426], "Sigma": [[0.014933468797359404, 0.0007731789852097289, -0.013415009132261044], [0.0007731789852097292, 0.00541732902288571, -0.0014440555095659145], [-0.013415009132261044, -0.0014440555095659145, 0.014467505422826692]], "chi2_level": 0.95, "chi2_df": 3, "chi2_threshold": 7.814727903251179, "N_raw": 51, "N_roi": 51, "N_inlier": 47, "refit": true}
{"timestamp": "20:12:42.979886", "frame": 94, "mu": [-1.179485320966417, 0.7405880192017132, 1.5105696742509518], "Sigma": [[0.01296694997870798, 0.001730374516709572, -0.007184809227415724], [0.0017303745167095716, 0.008336567129860946, 0.0016867558095350077], [-0.007184809227415724, 0.0016867558095350077, 0.005656121542978891]], "chi2_level": 0.95, "chi2_df": 3, "chi2_threshold": 7.814727903251179, "N_raw": 39, "N_roi": 39, "N_inlier": 35, "refit": true}
{"timestamp": "20:12:43.035921", "frame": 95, "mu": [-1.1642430787933555, 0.8650816742973586, -0.1735812801392563], "Sigma": [[0.013971271762872061, 0.009285051132923761, 0.000999450819590553], [0.009285051132923761, 0.011698278924992181, 0.0019329015473097755], [0.0009994508195905532, 0.0019329015473097757, 0.0082724928398393]], "chi2_level": 0.95, "chi2_df": 3, "chi2_threshold": 7.814727903251179, "N_raw": 39, "N_roi": 39, "N_inlier": 37, "refit": true}
{"timestamp": "20:12:43.090972", "frame": 96, "mu": [-1.1968337452173523, 0.8491967721226167, -0.28581582798115474], "Sigma": [[0.011995335060067858, 0.010896496965209546, 0.005438624928557696], [0.010896496965209546, 0.014806811776244442, 0.003533259057034773], [0.005438624928557696, 0.003533259057034773, 0.008776953878107408]], "chi2_level": 0.95, "chi2_df": 3, "chi2_threshold": 7.814727903251179, "N_raw": 45, "N_roi": 45, "N_inlier": 41, "refit": true}
{"timestamp": "20:12:43.144425", "frame": 97, "mu": [-0.9895886683537426, 0.9101106080087574, 1.5166173211586664], "Sigma": [[0.047118192236171, 0.01563896564146146, -0.0376240453318029], [0.01563896564146146, 0.008864710718800916, -0.013002333606957794], [-0.0376240453318029, -0.013002333606957794, 0.031974619747542024]], "chi2_level": 0.95, "chi2_df": 3, "chi2_threshold": 7.814727903251179, "N_raw": 42, "N_roi": 42, "N_inlier": 38, "refit": true}
{"timestamp": "20:12:43.197663", "frame": 98, "mu": [-1.0850516314767347, 0.9817374634868586, -0.19188349411811442], "Sigma": [[0.051138675936466496, 0.03256761653911185, -0.05555313322860229], [0.03256761653911185, 0.024767076734440778, -0.041380776805175865], [-0.05555313322860228, -0.041380776805175865, 0.07678010844262978]], "chi2_level": 0.95, "chi2_df": 3, "chi2_threshold": 7.814727903251179, "N_raw": 27, "N_roi": 27, "N_inlier": 25, "refit": true}
{"timestamp": "20:12:43.251530", "frame": 99, "mu": [-1.087153874494231, 0.9827610688734307, 1.6629371383067326], "Sigma": [[0.05866012396968817, 0.03376039985613289, -0.042228097235010906], [0.0337603998561329, 0.02768409049761806, -0.02256386339586261], [-0.042228097235010906, -0.022563863395862607, 0.031549003352897925]], "chi2_level": 0.95, "chi2_df": 3, "chi2_threshold": 7.814727903251179, "N_raw": 20, "N_roi": 20, "N_inlier": 18, "refit": true}
{"timestamp": "20:12:43.422474", "frame": 100, "mu": [-0.9505662924608779, 1.1614337118901135, 1.524387437738275], "Sigma": [[0.02893867886533333, 0.01781432304525467, -0.016650172479884203], [0.01781432304525467, 0.01690526305874395, -0.010552877121783585], [-0.016650172479884203, -0.010552877121783585, 0.01107068165342843]], "chi2_level": 0.95, "chi2_df": 3, "chi2_threshold": 7.814727903251179, "N_raw": 61, "N_roi": 61, "N_inlier": 58, "refit": true}
{"timestamp": "20:12:43.452896", "frame": 101, "mu": [-0.730452691908066, 1.1543149874008158, 1.2570878051920902], "Sigma": [[0.006447507361647643, -0.0013269500977101225, -0.0029340738059497025], [-0.0013269500977101225, 0.0029077550780383372, -0.0020700866686226434], [-0.0029340738059497025, -0.0020700866686226434, 0.007472153190585189]], "chi2_level": 0.95, "chi2_df": 3, "chi2_threshold": 7.814727903251179, "N_raw": 67, "N_roi": 67, "N_inlier": 64, "refit": true}
{"timestamp": "20:12:43.485291", "frame": 102, "mu": [-0.6400070667354786, 1.1850844151413988, 1.0654292030850319], "Sigma": [[0.003418509855048881, 0.0003104679739536094, 0.0008219210671187145], [0.0003104679739536095, 0.0015143457797118134, 0.002974090232091783], [0.0008219210671187145, 0.002974090232091783, 0.05580845685698886]], "chi2_level": 0.95, "chi2_df": 3, "chi2_threshold": 7.814727903251179, "N_raw": 48, "N_roi": 48, "N_inlier": 45, "refit": true}
{"timestamp": "20:12:43.516868", "frame": 103, "mu": [-0.6919690097183573, 1.3405523707627631, 1.384161952145084], "Sigma": [[0.003456586285348256, -0.0032851515589052234, -0.0044236905814697665], [-0.0032851515589052234, 0.01621756040982116, 0.010458150153187178], [-0.0044236905814697665, 0.010458150153187178, 0.018576920860452317]], "chi2_level": 0.95, "chi2_df": 3, "chi2_threshold": 7.814727903251179, "N_raw": 52, "N_roi": 52, "N_inlier": 49, "refit": true}
{"timestamp": "20:12:43.547614", "frame": 104, "mu": [-0.5722147483243807, 1.3990293505547826, 1.186897922492567], "Sigma": [[0.008557884507645486, -0.0025265411861470897, -0.014784146340608813], [-0.00252654118614709, 0.007470901641617422, 0.010716467692419988], [-0.014784146340608813, 0.01071646769241999, 0.047374688267829854]], "chi2_level": 0.95, "chi2_df": 3, "chi2_threshold": 7.814727903251179, "N_raw": 78, "N_roi": 78, "N_inlier": 76, "refit": true}
{"timestamp": "20:12:43.596136", "frame": 105, "mu": [-0.6047743520083051, 1.5172194672346784, 0.19049022996640713], "Sigma": [[0.011184757057868028, -0.008407174236926942, 0.06169920348450593], [-0.008407174236926942, 0.011701650158696248, -0.06058802383569447], [0.06169920348450593, -0.06058802383569448, 0.5598914711176506]], "chi2_level": 0.95, "chi2_df": 3, "chi2_threshold": 7.814727903251179, "N_raw": 119, "N_roi": 119, "N_inlier": 118, "refit": true}
