{"timestamp": "19:55:26.071375", "frame": 10, "mu": [1.179359851056241, 4.960505076284589, 0.9718004607230007], "Sigma": [[0.013690554432417098, -0.0024780819432114083, -0.007690511308105517], [-0.0024780819432114083, 0.0005444785311865934, 0.0008688022906060003], [-0.0076905113081055165, 0.0008688022906060003, 0.0080681702596849]], "chi2_level": 0.95, "chi2_df": 3, "chi2_threshold": 7.814727903251179, "N_raw": 43, "N_roi": 11, "N_inlier": 10, "refit": true}
{"timestamp": "19:55:26.235896", "frame": 13, "mu": [1.1224582890694283, 4.971167008797758, 0.4041600545390527], "Sigma": [[0.008534582417020169, -0.0004991922072919984, -0.005378367834080239], [-0.0004991922072919984, 0.0005097272594577145, -0.0005116901406884032], [-0.005378367834080239, -0.0005116901406884032, 0.005958471782759913]], "chi2_level": 0.95, "chi2_df": 3, "chi2_threshold": 7.814727903251179, "N_raw": 46, "N_roi": 7, "N_inlier": 7, "refit": true}
{"timestamp": "19:55:26.294092", "frame": 14, "mu": [1.1508141401740553, 4.932582804616731, 0.8969749632495368], "Sigma": [[0.020533283765035038, -0.004508651054208088, -0.02412786160847697], [-0.004508651054208088, 0.0021582862348234295, 0.0016992535780509799], [-0.024127861608476964, 0.0016992535780509794, 0.053784662296073586]], "chi2_level": 0.95, "chi2_df": 3, "chi2_threshold": 7.814727903251179, "N_raw": 42, "N_roi": 31, "N_inlier": 31, "refit": true}
{"timestamp": "19:55:26.347417", "frame": 15, "mu": [1.1627948331270623, 4.860125546939058, 0.6348164890446454], "Sigma": [[0.0259482074622891, -0.009861779316380697, -0.032941936883853065], [-0.009861779316380697, 0.00576534048752577, 0.01077698104315432], [-0.032941936883853065, 0.010776981043154318, 0.0481480389557864]], "chi2_level": 0.95, "chi2_df": 3, "chi2_threshold": 7.814727903251179, "N_raw": 37, "N_roi": 33, "N_inlier": 32, "refit": true}
{"timestamp": "19:55:26.402780", "frame": 16, "mu": [1.028533900569869, 4.895444039621353, 0.917536729659713], "Sigma": [[0.0214834590616221, -0.005186295721696828, -0.00819784994264975], [-0.005186295721696828, 0.002960312797213843, -0.0009886468380006395], [-0.00819784994264975, -0.0009886468380006395, 0.011822021933701824]], "chi2_level": 0.95, "chi2_df": 3, "chi2_threshold": 7.814727903251179, "N_raw": 36, "N_roi": 34, "N_inlier": 32, "refit": true}
{"timestamp": "19:55:26.458390", "frame": 17, "mu": [1.080591969843113, 4.786956511704509, 0.6524043898709002], "Sigma": [[0.027185468593631495, -0.009452765599271228, -0.02373461825523506], [-0.009452765599271228, 0.003604105358077878, 0.007107567902969311], [-0.02373461825523506, 0.007107567902969312, 0.06690084585067514]], "chi2_level": 0.95, "chi2_df": 3, "chi2_threshold": 7.814727903251179, "N_raw": 45, "N_roi": 44, "N_inlier": 41, "refit": true}
{"timestamp": "19:55:26.510977", "frame": 18, "mu": [1.054195396322513, 4.780140909097435, 0.6433294420546715], "Sigma": [[0.015405930227007869, -0.0030121702958659483, -0.005350635586876316], [-0.003012170295865948, 0.002379224079016501, -0.00016659145225558336], [-0.005350635586876316, -0.00016659145225558336, 0.011252818124350444]], "chi2_level": 0.95, "chi2_df": 3, "chi2_threshold": 7.814727903251179, "N_raw": 25, "N_roi": 22, "N_inlier": 21, "refit": true}
{"timestamp": "19:55:26.572604", "frame": 19, "mu": [1.145302586841728, 4.814470972105551, -0.6874536644906015], "Sigma": [[0.03888530483942942, 0.007811390112331748, 0.07428813553844515], [0.007811390112331749, 0.008038280017590917, 0.03108618778947461], [0.07428813553844515, 0.03108618778947461, 0.2666416780315825]], "chi2_level": 0.95, "chi2_df": 3, "chi2_threshold": 7.814727903251179, "N_raw": 66, "N_roi": 54, "N_inlier": 53, "refit": true}
{"timestamp": "19:55:26.626879", "frame": 20, "mu": [1.1162714888741931, 4.604055820732257, 0.5840467476078294], "Sigma": [[0.033301423706222334, -0.007048990443047402, -0.011533934503818349], [-0.007048990443047402, 0.0036983652105122495, 6.975820950428833e-06], [-0.011533934503818349, 6.975820950428724e-06, 0.02015742316376207]], "chi2_level": 0.95, "chi2_df": 3, "chi2_threshold": 7.814727903251179, "N_raw": 60, "N_roi": 52, "N_inlier": 49, "refit": true}
{"timestamp": "19:55:26.679766", "frame": 21, "mu": [1.112420741369249, 4.55525954415522, 0.622929603576231], "Sigma": [[0.02458800359058693, -0.008111318946853513, -0.014100485593489665], [-0.008111318946853515, 0.0035462399292388634, 0.001381332218542926], [-0.014100485593489665, 0.0013813322185429258, 0.05752067456607339]], "chi2_level": 0.95, "chi2_df": 3, "chi2_threshold": 7.814727903251179, "N_raw": 51, "N_roi": 51, "N_inlier": 50, "refit": true}
{"timestamp": "19:55:26.733568", "frame": 22, "mu": [1.0771301537474702, 4.513756575569115, -0.9724884872638935], "Sigma": [[0.018838595129168995, 0.00023738949865936517, 0.024300988136668696], [0.00023738949865936506, 0.002915266560276573, 0.012462225685572509], [0.024300988136668696, 0.012462225685572509, 0.19122598014002132]], "chi2_level": 0.95, "chi2_df": 3, "chi2_threshold": 7.814727903251179, "N_raw": 41, "N_roi": 37, "N_inlier": 37, "refit": true}
{"timestamp": "19:55:26.788211", "frame": 23, "mu": [1.0441710919174205, 4.488247591214646, 0.8214092530241783], "Sigma": [[0.016006445470471708, -0.005061696771700767, -0.012450917273346917], [-0.005061696771700767, 0.0028407024725029244, 0.00079261482985334], [-0.012450917273346915, 0.0007926148298533403, 0.03285116568519646]], "chi2_level": 0.95, "chi2_df": 3, "chi2_threshold": 7.814727903251179, "N_raw": 35, "N_roi": 35, "N_inlier": 34, "refit": true}
{"timestamp": "19:55:26.844515", "frame": 24, "mu": [1.149882938787811, 4.366558839770107, 0.6545051424563645], "Sigma": [[0.034740932368585595, -0.011556636662629226, -0.04287583476513564], [-0.011556636662629224, 0.005397061891115111, 0.012370609597665127], [-0.04287583476513564, 0.012370609597665125, 0.07528742690165907]], "chi2_level": 0.95, "chi2_df": 3, "chi2_threshold": 7.814727903251179, "N_raw": 52, "N_roi": 50, "N_inlier": 49, "refit": true}
{"timestamp": "19:55:26.901337", "frame": 25, "mu": [1.1295705095399484, 4.509691507359509, -0.09580958401331822], "Sigma": [[0.02603667053093986, -0.004330985622070909, -0.012457849443707977], [-0.004330985622070909, 0.006653310499809059, -0.00553822534507642], [-0.012457849443707977, -0.00553822534507642, 0.01813908628007416]], "chi2_level": 0.95, "chi2_df": 3, "chi2_threshold": 7.814727903251179, "N_raw": 55, "N_roi": 55, "N_inlier": 54, "refit": true}
{"timestamp": "19:55:26.954669", "frame": 26, "mu": [1.0890798391561185, 4.409556207253478, -0.39901914678590805], "Sigma": [[0.02664799887315939, 0.0018980727703198379, 0.031814791425158404], [0.0018980727703198372, 0.008159787252161653, 0.01586188126791288], [0.031814791425158404, 0.01586188126791288, 0.16789719332879896]], "chi2_level": 0.95, "chi2_df": 3, "chi2_threshold": 7.814727903251179, "N_raw": 53, "N_roi": 53, "N_inlier": 52, "refit": true}
{"timestamp": "19:55:27.008618", "frame": 27, "mu": [1.1190631013123926, 4.342009825167584, -0.09936543200866751], "Sigma": [[0.017853290486814416, -0.003676485512830296, -0.006315570463050568], [-0.003676485512830297, 0.005351887465946022, -0.006338907052503765], [-0.006315570463050568, -0.006338907052503765, 0.01745994641611629]], "chi2_level": 0.95, "chi2_df": 3, "chi2_threshold": 7.814727903251179, "N_raw": 42, "N_roi": 42, "N_inlier": 40, "refit": true}
{"timestamp": "19:55:27.066046", "frame": 28, "mu": [1.0951203922700974, 4.319192282977608, -0.34872200317208124], "Sigma": [[0.025782300273398027, -0.005747335586650649, -0.00975718365150118], [-0.005747335586650649, 0.006388576639919717, -0.005627585439826426], [-0.00975718365150118, -0.005627585439826426, 0.022925436794487344]], "chi2_level": 0.95, "chi2_df": 3, "chi2_threshold": 7.814727903251179, "N_raw": 56, "N_roi": 56, "N_inlier": 54, "refit": true}
{"timestamp": "19:55:27.123549", "frame": 29, "mu": [1.0802775828032616, 3.9660696447034107, 0.371217313257413], "Sigma": [[0.03245772172725424, -0.004465562785977798, 0.007116773627434583], [-0.004465562785977798, 0.005326078118451859, 0.003608829156186886], [0.007116773627434583, 0.003608829156186886, 0.06273118771727222]], "chi2_level": 0.95, "chi2_df": 3, "chi2_threshold": 7.814727903251179, "N_raw": 70, "N_roi": 70, "N_inlier": 68, "refit": true}
{"timestamp": "19:55:27.173967", "frame": 30, "mu": [1.1811459690479775, 4.1661485548385855, -0.4927639874632589], "Sigma": [[0.0245797712873448, -0.005484138141143655, -0.005374776116398124], [-0.005484138141143655, 0.003733787388769675, -0.0024622104763180894], [-0.005374776116398123, -0.0024622104763180894, 0.01308801876909991]], "chi2_level": 0.95, "chi2_df": 3, "chi2_threshold": 7.814727903251179, "N_raw": 40, "N_roi": 40, "N_inlier": 37, "refit": true}
{"timestamp": "19:55:27.230853", "frame": 31, "mu": [1.0808892202775344, 3.868635242667447, 0.5877629291187227], "Sigma": [[0.02826373877920733, -0.00894082162259822, -0.010694503893307821], [-0.00894082162259822, 0.004210680216626775, -0.0001669541645591099], [-0.010694503893307821, -0.0001669541645591099, 0.0183709345977394]], "chi2_level": 0.95, "chi2_df": 3, "chi2_threshold": 7.814727903251179, "N_raw": 56, "N_roi": 56, "N_inlier": 54, "refit": true}
{"timestamp": "19:55:27.285227", "frame": 32, "mu": [1.0989782163311306, 3.820237337001588, 0.6505185538386411], "Sigma": [[0.027603059166364855, -0.006358121805963599, -0.01075894037816609], [-0.006358121805963599, 0.003081246108789318, -0.0007473185790282543], [-0.01075894037816609, -0.0007473185790282543, 0.01664319715772304]], "chi2_level": 0.95, "chi2_df": 3, "chi2_threshold": 7.814727903251179, "N_raw": 53, "N_roi": 53, "N_inlier": 51, "refit": true}
{"timestamp": "19:55:27.342253", "frame": 33, "mu": [1.1120560355003073, 3.873898667301967, -0.8410196496018255], "Sigma": [[0.032383068585906435, 0.010293785559658392, 0.06025508671511012], [0.010293785559658392, 0.011735087412843697, 0.0342044314237699], [0.06025508671511012, 0.0342044314237699, 0.191688778581541]], "chi2_level": 0.95, "chi2_df": 3, "chi2_threshold": 7.814727903251179, "N_raw": 61, "N_roi": 61, "N_inlier": 59, "refit": true}
{"timestamp": "19:55:27.396160", "frame": 34, "mu": [1.1586306870601188, 3.6964395576043594, -1.1670171874460475], "Sigma": [[0.02781645714533124, 0.005657099544454421, 0.03128827249826328], [0.005657099544454422, 0.008589511406465708, 0.022020682687278283], [0.03128827249826328, 0.022020682687278286, 0.12823125746875455]], "chi2_level": 0.95, "chi2_df": 3, "chi2_threshold": 7.814727903251179, "N_raw": 60, "N_roi": 60, "N_inlier": 57, "refit": true}
{"timestamp": "19:55:27.451924", "frame": 35, "mu": [1.0881579207749006, 3.5455027689082046, 0.7250674771444464], "Sigma": [[0.02108809661857115, -0.009670666473121143, -0.01781523536381653], [-0.009670666473121143, 0.005658244724595062, 0.005196788574301774], [-0.01781523536381653, 0.0051967885743017745, 0.10606356582615614]], "chi2_level": 0.95, "chi2_df": 3, "chi2_threshold": 7.814727903251179, "N_raw": 65, "N_roi": 65, "N_inlier": 62, "refit": true}
{"timestamp": "19:55:27.507777", "frame": 36, "mu": [0.9749131631655398, 3.4783098136182096, 0.6654248858828778], "Sigma": [[0.022658816482519897, -0.007566928122000995, -0.006268644462794096], [-0.007566928122000995, 0.002871411656234088, 0.0025132318376246184], [-0.006268644462794096, 0.0025132318376246184, 0.06860019825840823]], "chi2_level": 0.95, "chi2_df": 3, "chi2_threshold": 7.814727903251179, "N_raw": 69, "N_roi": 69, "N_inlier": 65, "refit": true}
{"timestamp": "19:55:27.565736", "frame": 37, "mu": [1.0396870271037932, 3.3874954682959566, 0.44793938852177567], "Sigma": [[0.029814586737298067, -0.008643960966645828, -0.011092920147246142], [-0.008643960966645825, 0.005792707511782729, 0.001772040303922274], [-0.011092920147246143, 0.0017720403039222742, 0.005838332821131469]], "chi2_level": 0.95, "chi2_df": 3, "chi2_threshold": 7.814727903251179, "N_raw": 58, "N_roi": 58, "N_inlier": 53, "refit": true}
{"timestamp": "19:55:27.619285", "frame": 38, "mu": [1.086698723331946, 3.26653624913357, 0.5222886850626052], "Sigma": [[0.025236229614300568, -0.010443288086346227, -0.022748435787557184], [-0.010443288086346227, 0.006761598390316553, 0.020666033743999467], [-0.022748435787557184, 0.020666033743999467, 0.11016391288061991]], "chi2_level": 0.95, "chi2_df": 3, "chi2_threshold": 7.814727903251179, "N_raw": 74, "N_roi": 74, "N_inlier": 71, "refit": true}
{"timestamp": "19:55:27.673807", "frame": 39, "mu": [1.0685076507507458, 3.2062342416888265, 0.6829693955644106], "Sigma": [[0.024320608028025957, -0.008955748788157235, -0.0176302691533878], [-0.008955748788157233, 0.003628604298071624, 0.0044001143808342705], [-0.0176302691533878, 0.0044001143808342705, 0.07014518897764929]], "chi2_level": 0.95, "chi2_df": 3, "chi2_threshold": 7.814727903251179, "N_raw": 79, "N_roi": 79, "N_inlier": 77, "refit": true}
{"timestamp": "19:55:27.728157", "frame": 40, "mu": [1.0453200113689827, 3.1614814078033255, 0.5910347625959143], "Sigma": [[0.02382451559933288, -0.009366993670179825, -0.002964230802514623], [-0.009366993670179825, 0.006855365936312422, -0.0029485911899969305], [-0.0029642308025146233, -0.0029485911899969305, 0.009182841252715165]], "chi2_level": 0.95, "chi2_df": 3, "chi2_threshold": 7.814727903251179, "N_raw": 67, "N_roi": 67, "N_inlier": 66, "refit": true}
{"timestamp": "19:55:27.779693", "frame": 41, "mu": [1.0427740355828778, 3.1475202682351915, -1.2405155356630075], "Sigma": [[0.01795066260192123, 0.006846561829211319, 0.031176553418897572], [0.006846561829211319, 0.01021087493696316, 0.02762604840576787], [0.031176553418897576, 0.02762604840576787, 0.13120254050493044]], "chi2_level": 0.95, "chi2_df": 3, "chi2_threshold": 7.814727903251179, "N_raw": 51, "N_roi": 51, "N_inlier": 51, "refit": true}
{"timestamp": "19:55:27.836891", "frame": 42, "mu": [1.020464864766457, 3.0091230118749177, 0.6698396801824728], "Sigma": [[0.02629788613909496, -0.006450979231816605, -0.004164761502261749], [-0.006450979231816605, 0.002192051549638263, 0.0011840273351185506], [-0.00416476150226175, 0.0011840273351185506, 0.030364739931275288]], "chi2_level": 0.95, "chi2_df": 3, "chi2_threshold": 7.814727903251179, "N_raw": 66, "N_roi": 66, "N_inlier": 63, "refit": true}
{"timestamp": "19:55:27.893943", "frame": 43, "mu": [0.9596722440699537, 2.954389455971422, 0.7354036892120855], "Sigma": [[0.022449178285739814, -0.005365528888137081, 0.004906577408632288], [-0.005365528888137079, 0.002315926658435422, -0.0024033089989172743], [0.004906577408632288, -0.0024033089989172743, 0.04687214432805076]], "chi2_level": 0.95, "chi2_df": 3, "chi2_threshold": 7.814727903251179, "N_raw": 76, "N_roi": 76, "N_inlier": 71, "refit": true}
{"timestamp": "19:55:27.949216", "frame": 44, "mu": [0.9576441574976536, 2.874694477742011, 0.7017960300660693], "Sigma": [[0.019302082805209494, -0.004763571522374449, 0.0030919504394326114], [-0.004763571522374449, 0.00334332162858418, -0.00346977173824683], [0.0030919504394326114, -0.0034697717382468295, 0.024225743059250484]], "chi2_level": 0.95, "chi2_df": 3, "chi2_threshold": 7.814727903251179, "N_raw": 69, "N_roi": 69, "N_inlier": 66, "refit": true}
{"timestamp": "19:55:28.004861", "frame": 45, "mu": [0.9554169588179119, 2.7607908402226906, 0.7303627806839557], "Sigma": [[0.01849181375967139, -0.003871024834632475, 0.00873140146862974], [-0.0038710248346324754, 0.003996451012360511, 0.002874555313253367], [0.00873140146862974, 0.0028745553132533664, 0.10129505976989044]], "chi2_level": 0.95, "chi2_df": 3, "chi2_threshold": 7.814727903251179, "N_raw": 82, "N_roi": 82, "N_inlier": 80, "refit": true}
{"timestamp": "19:55:28.059519", "frame": 46, "mu": [0.8823057907028606, 2.7240354145609764, 0.5559671360484983], "Sigma": [[0.012589560310045883, -0.000680831132015121, 0.0076629216504312744], [-0.000680831132015121, 0.03836578611668073, 0.02834460920875776], [0.0076629216504312744, 0.02834460920875776, 0.03973579839048433]], "chi2_level": 0.95, "chi2_df": 3, "chi2_threshold": 7.814727903251179, "N_raw": 52, "N_roi": 52, "N_inlier": 48, "refit": true}
{"timestamp": "19:55:28.116245", "frame": 47, "mu": [1.0486284295094392, 2.9091219951706018, -0.6912543093538009], "Sigma": [[0.019079637977816748, -0.015622276970176246, 0.02451744613973534], [-0.015622276970176246, 0.0423785713184366, -0.08617975191229216], [0.02451744613973534, -0.08617975191229216, 0.22025968063467136]], "chi2_level": 0.95, "chi2_df": 3, "chi2_threshold": 7.814727903251179, "N_raw": 93, "N_roi": 93, "N_inlier": 91, "refit": true}
{"timestamp": "19:55:28.175763", "frame": 48, "mu": [1.0482959497557403, 2.647443721394852, -0.955997383321372], "Sigma": [[0.02837284739262956, 0.014015085422193835, 0.042311062738914315], [0.014015085422193835, 0.013253178906286552, 0.028848075303196163], [0.042311062738914315, 0.028848075303196163, 0.1804897505569283]], "chi2_level": 0.95, "chi2_df": 3, "chi2_threshold": 7.814727903251179, "N_raw": 113, "N_roi": 113, "N_inlier": 107, "refit": true}
{"timestamp": "19:55:28.225732", "frame": 49, "mu": [1.017378229253072, 2.4554609623643335, 0.9088059341763344], "Sigma": [[0.015107367821515009, -0.002543585883569832, -0.006537181011553499], [-0.002543585883569831, 0.0014122346588119645, -0.0005864358793028479], [-0.006537181011553499, -0.0005864358793028479, 0.05547923995487136]], "chi2_level": 0.95, "chi2_df": 3, "chi2_threshold": 7.814727903251179, "N_raw": 84, "N_roi": 84, "N_inlier": 80, "refit": true}
{"timestamp": "19:55:28.281132", "frame": 50, "mu": [1.044777267637216, 2.363186346643667, 0.7653537301923617], "Sigma": [[0.01647248659591317, -0.0030633521797882486, -0.007994326820704088], [-0.0030633521797882486, 0.002259227073387401, -0.0005652210469085613], [-0.007994326820704088, -0.0005652210469085613, 0.038009503993205004]], "chi2_level": 0.95, "chi2_df": 3, "chi2_threshold": 7.814727903251179, "N_raw": 87, "N_roi": 87, "N_inlier": 83, "refit": true}
{"timestamp": "19:55:28.339222", "frame": 51, "mu": [0.9808665751385583, 2.3009173747110165, 0.8316368164607734], "Sigma": [[0.016171869980272563, -0.003935306896184655, -0.006508045226327129], [-0.0039353068961846555, 0.0015812100720058893, -0.00012132470257965908], [-0.006508045226327129, -0.00012132470257965929, 0.06351427820682572]], "chi2_level": 0.95, "chi2_df": 3, "chi2_threshold": 7.814727903251179, "N_raw": 107, "N_roi": 107, "N_inlier": 101, "refit": true}
{"timestamp": "19:55:28.393397", "frame": 52, "mu": [0.923985203779857, 2.221570140908507, 0.7814111302389508], "Sigma": [[0.01384257997286654, -0.004531160439312742, 0.005660561800497403], [-0.004531160439312742, 0.0022881580178574887, 0.0017803563838192735], [0.005660561800497404, 0.0017803563838192738, 0.08844774974309201]], "chi2_level": 0.95, "chi2_df": 3, "chi2_threshold": 7.814727903251179, "N_raw": 103, "N_roi": 102, "N_inlier": 98, "refit": true}
{"timestamp": "19:55:28.446988", "frame": 53, "mu": [0.9045840920373585, 2.1556873942576784, 0.6511798914652958], "Sigma": [[0.025963210099400544, -0.009988637652342166, -0.022023207043770206], [-0.009988637652342166, 0.005696508911323542, 0.007857268698433688], [-0.022023207043770206, 0.00785726869843369, 0.0686807605784932]], "chi2_level": 0.95, "chi2_df": 3, "chi2_threshold": 7.814727903251179, "N_raw": 88, "N_roi": 88, "N_inlier": 86, "refit": true}
{"timestamp": "19:55:28.508923", "frame": 54, "mu": [0.9338836583936075, 2.292720381804287, -0.601879662287796], "Sigma": [[0.01708363481777514, -0.002951893783991715, 0.0017027156327995639], [-0.002951893783991715, 0.007028977941447424, -0.019731919266198668], [0.0017027156327995637, -0.019731919266198668, 0.09098179460374002]], "chi2_level": 0.95, "chi2_df": 3, "chi2_threshold": 7.814727903251179, "N_raw": 129, "N_roi": 129, "N_inlier": 125, "refit": true}
{"timestamp": "19:55:28.561423", "frame": 55, "mu": [0.8672231787705872, 1.9937365440695978, 0.8382709313008968], "Sigma": [[0.021323706350743453, 0.0001336812402676213, 0.014689305984926607], [0.00013368124026762122, 0.0019001888803144443, 0.004129062003500383], [0.014689305984926609, 0.004129062003500383, 0.07568256539554936]], "chi2_level": 0.95, "chi2_df": 3, "chi2_threshold": 7.814727903251179, "N_raw": 122, "N_roi": 122, "N_inlier": 118, "refit": true}
{"timestamp": "19:55:28.613029", "frame": 56, "mu": [0.7850741909875916, 2.18087356633428, -0.8871977264738959], "Sigma": [[0.02605303366813639, 0.0004527689815714993, -0.005305998253536276], [0.0004527689815714993, 0.004457774040235522, -0.002600555276057497], [-0.005305998253536276, -0.002600555276057497, 0.004605468055854548]], "chi2_level": 0.95, "chi2_df": 3, "chi2_threshold": 7.814727903251179, "N_raw": 99, "N_roi": 99, "N_inlier": 91, "refit": true}
{"timestamp": "19:55:28.663247", "frame": 57, "mu": [0.7288147066077808, 1.8702514779290733, 0.725272676505485], "Sigma": [[0.02382551604944895, -0.00799279455728761, -0.011354851847805564], [-0.007992794557287608, 0.004437759543077998, 0.002256025566194118], [-0.011354851847805566, 0.002256025566194118, 0.018437541482121074]], "chi2_level": 0.95, "chi2_df": 3, "chi2_threshold": 7.814727903251179, "N_raw": 67, "N_roi": 67, "N_inlier": 60, "refit": true}
{"timestamp": "19:55:28.722312", "frame": 58, "mu": [0.9169538937636553, 1.7806216036482332, 0.9481308874194468], "Sigma": [[0.013087861265706924, -0.0035191489493237487, 0.008333170843808232], [-0.0035191489493237487, 0.002088014199540901, -0.006314963811210634], [0.008333170843808232, -0.006314963811210634, 0.04352054752688002]], "chi2_level": 0.95, "chi2_df": 3, "chi2_threshold": 7.814727903251179, "N_raw": 95, "N_roi": 95, "N_inlier": 91, "refit": true}
{"timestamp": "19:55:28.776204", "frame": 59, "mu": [0.8593549766027316, 1.7182480765478942, 1.0010746230291532], "Sigma": [[0.01684347996448991, -0.004545096451419161, 0.028496983058614964], [-0.004545096451419161, 0.002409744524647242, -0.007259044922397392], [0.028496983058614964, -0.007259044922397392, 0.09490270713037935]], "chi2_level": 0.95, "chi2_df": 3, "chi2_threshold": 7.814727903251179, "N_raw": 87, "N_roi": 87, "N_inlier": 82, "refit": true}
{"timestamp": "19:55:28.827377", "frame": 60, "mu": [0.876763230120589, 1.6815340377934023, 0.9418598956796025], "Sigma": [[0.010137847724960002, -0.0017320738320179508, 0.005693973390362244], [-0.0017320738320179508, 0.0021921361329868064, -0.0024654203800481603], [0.005693973390362244, -0.00246542038004816, 0.016001325930491583]], "chi2_level": 0.95, "chi2_df": 3, "chi2_threshold": 7.814727903251179, "N_raw": 61, "N_roi": 61, "N_inlier": 56, "refit": true}
{"timestamp": "19:55:28.893027", "frame": 61, "mu": [0.9401130860482093, 1.574294529158711, 0.9981371130712663], "Sigma": [[0.0106151822120803, -0.0037444492564528186, 0.00439944023852188], [-0.0037444492564528186, 0.002838233082224371, -0.006301608402773106], [0.004399440238521882, -0.006301608402773106, 0.06027613827965397]], "chi2_level": 0.95, "chi2_df": 3, "chi2_threshold": 7.814727903251179, "N_raw": 129, "N_roi": 129, "N_inlier": 123, "refit": true}
{"timestamp": "19:55:28.944491", "frame": 62, "mu": [0.8743762341896508, 1.6410457281692072, -0.872313107764531], "Sigma": [[0.011376432283057186, -0.00439723926075831, -0.0032101145405824347], [-0.00439723926075831, 0.016077544616258082, 0.024112296908699135], [-0.0032101145405824343, 0.024112296908699135, 0.1335777663743429]], "chi2_level": 0.95, "chi2_df": 3, "chi2_threshold": 7.814727903251179, "N_raw": 102, "N_roi": 102, "N_inlier": 96, "refit": true}
{"timestamp": "19:55:28.996372", "frame": 63, "mu": [0.8074084368587796, 1.4568802704833759, 1.06958882770575], "Sigma": [[0.007935941649804662, -0.0016476347249620316, 0.01180060971824547], [-0.0016476347249620316, 0.0023175229251364638, -0.0035360138168365847], [0.01180060971824547, -0.0035360138168365847, 0.04893259187835891]], "chi2_level": 0.95, "chi2_df": 3, "chi2_threshold": 7.814727903251179, "N_raw": 89, "N_roi": 89, "N_inlier": 86, "refit": true}
{"timestamp": "19:55:29.053760", "frame": 64, "mu": [0.8200780046421595, 1.3882956743821906, 0.9572342404404404], "Sigma": [[0.007834357860654633, -0.004148008986024071, -0.0035344176952525294], [-0.004148008986024071, 0.004958943631579788, 0.0056047017072085115], [-0.0035344176952525294, 0.005604701707208511, 0.041548510810146946]], "chi2_level": 0.95, "chi2_df": 3, "chi2_threshold": 7.814727903251179, "N_raw": 96, "N_roi": 96, "N_inlier": 93, "refit": true}
{"timestamp": "19:55:29.105532", "frame": 65, "mu": [0.8444835546961094, 1.4906728110163676, -0.3287842116233192], "Sigma": [[0.006341011139312045, -0.005900935545133459, 0.03042068806420831], [-0.005900935545133457, 0.01871666703126676, -0.09558716402985097], [0.03042068806420831, -0.09558716402985099, 0.5485656555791659]], "chi2_level": 0.95, "chi2_df": 3, "chi2_threshold": 7.814727903251179, "N_raw": 85, "N_roi": 85, "N_inlier": 82, "refit": true}
{"timestamp": "19:55:29.156078", "frame": 66, "mu": [0.7697053165939363, 1.1915278465434136, 0.9454017690636549], "Sigma": [[0.007741280512928723, -0.002595570439720972, 0.015346892604493307], [-0.0025955704397209725, 0.0019399807504482853, -0.005896652142532764], [0.015346892604493307, -0.005896652142532764, 0.08123561350144405]], "chi2_level": 0.95, "chi2_df": 3, "chi2_threshold": 7.814727903251179, "N_raw": 53, "N_roi": 53, "N_inlier": 52, "refit": true}
{"timestamp": "19:55:29.213454", "frame": 67, "mu": [0.7764992445265896, 1.3840460369231389, -0.5707231253973447], "Sigma": [[0.009414297473209206, -0.0013273349481656982, -0.0014885172608998182], [-0.0013273349481656982, 0.0037917562499226384, -0.002732589464857593], [-0.0014885172608998182, -0.002732589464857593, 0.008540930260026185]], "chi2_level": 0.95, "chi2_df": 3, "chi2_threshold": 7.814727903251179, "N_raw": 76, "N_roi": 76, "N_inlier": 70, "refit": true}
{"timestamp": "19:55:29.271362", "frame": 68, "mu": [0.7487587172223686, 1.0888940504405358, 1.021211234222185], "Sigma": [[0.00605822583895575, -0.0008877063003198984, 0.003066401221876225], [-0.0008877063003198985, 0.0010879996662527017, 0.0015376454978190523], [0.003066401221876226, 0.001537645497819052, 0.030484050836706793]], "chi2_level": 0.95, "chi2_df": 3, "chi2_threshold": 7.814727903251179, "N_raw": 89, "N_roi": 89, "N_inlier": 84, "refit": true}
{"timestamp": "19:55:29.323017", "frame": 69, "mu": [0.801155022793929, 1.0534737426705478, 1.206477795464832], "Sigma": [[0.0053527941483467985, -0.0015511535034365398, -0.0010700618711084564], [-0.0015511535034365398, 0.0021403003546219502, -0.0023769343719311055], [-0.0010700618711084564, -0.0023769343719311055, 0.008804105532158457]], "chi2_level": 0.95, "chi2_df": 3, "chi2_threshold": 7.814727903251179, "N_raw": 66, "N_roi": 66, "N_inlier": 63, "refit": true}
{"timestamp": "19:55:29.369772", "frame": 70, "mu": [0.7697022168971548, 0.9728173257920176, 1.2112105535457578], "Sigma": [[0.0012034042233555994, 0.00036139319870540787, -0.005612870115114199], [0.0003613931987054079, 0.0013459240013010344, -0.004263563958859844], [-0.005612870115114199, -0.004263563958859844, 0.045434606530239945]], "chi2_level": 0.95, "chi2_df": 3, "chi2_threshold": 7.814727903251179, "N_raw": 9, "N_roi": 9, "N_inlier": 8, "refit": true}
{"timestamp": "19:55:29.432016", "frame": 71, "mu": [0.7829650862487709, 0.8938978603721343, 1.2291454054725421], "Sigma": [[0.0043631108710802235, -0.0014142348745165856, -0.005306394458695593], [-0.0014142348745165856, 0.002905094184617212, 0.0007799723025510562], [-0.005306394458695593, 0.0007799723025510561, 0.03431783436699167]], "chi2_level": 0.95, "chi2_df": 3, "chi2_threshold": 7.814727903251179, "N_raw": 71, "N_roi": 71, "N_inlier": 69, "refit": true}
{"timestamp": "19:55:29.489136", "frame": 72, "mu": [0.7721243238638361, 0.8294327850903608, 1.3049888165690005], "Sigma": [[0.003261779892214109, -0.0004161928863754376, -0.001096899471151941], [-0.0004161928863754376, 0.0015492232035042245, -0.003453861825967795], [-0.001096899471151941, -0.003453861825967795, 0.016934299013210863]], "chi2_level": 0.95, "chi2_df": 3, "chi2_threshold": 7.814727903251179, "N_raw": 75, "N_roi": 75, "N_inlier": 70, "refit": true}
{"timestamp": "19:55:29.540016", "frame": 73, "mu": [0.7673485411133489, 0.7491785025423124, 1.3926692004854087], "Sigma": [[0.002968369296094089, -0.00032115513496875237, -0.0022608651410858313], [-0.0003211551349687524, 0.003368360075814896, -0.004692444484359857], [-0.0022608651410858313, -0.004692444484359857, 0.01115825432219015]], "chi2_level": 0.95, "chi2_df": 3, "chi2_threshold": 7.814727903251179, "N_raw": 47, "N_roi": 47, "N_inlier": 44, "refit": true}
{"timestamp": "19:55:29.595228", "frame": 74, "mu": [0.7002093025022715, 0.9230833992362315, -0.5803231249426014], "Sigma": [[0.0045864096271560914, -0.0018506665564700614, 0.0012483655454528734], [-0.001850666556470061, 0.00583816928508333, -0.006811270678848404], [0.0012483655454528732, -0.006811270678848406, 0.011598035428033109]], "chi2_level": 0.95, "chi2_df": 3, "chi2_threshold": 7.814727903251179, "N_raw": 45, "N_roi": 45, "N_inlier": 43, "refit": true}
{"timestamp": "19:55:29.644599", "frame": 75, "mu": [0.7594729846100186, 0.610885325385814, 1.254889879901454], "Sigma": [[0.0010969553495443123, -0.00027974033668879116, -0.0012139346224256634], [-0.0002797403366887912, 0.0012994140400437524, -0.002430569722303668], [-0.0012139346224256634, -0.002430569722303668, 0.046751433025003133]], "chi2_level": 0.95, "chi2_df": 3, "chi2_threshold": 7.814727903251179, "N_raw": 8, "N_roi": 8, "N_inlier": 8, "refit": true}
{"timestamp": "19:55:29.702010", "frame": 76, "mu": [0.7530599585279327, 0.555426549795991, 1.3283409158725143], "Sigma": [[0.0015916513875945764, -0.0008622602197269288, -0.0010222594943273184], [-0.000862260219726929, 0.0033248816287976737, -0.007066954617327605], [-0.0010222594943273186, -0.007066954617327604, 0.023730833291642238]], "chi2_level": 0.95, "chi2_df": 3, "chi2_threshold": 7.814727903251179, "N_raw": 28, "N_roi": 28, "N_inlier": 27, "refit": true}
{"timestamp": "19:55:29.757573", "frame": 77, "mu": [0.7501014061873726, 0.42125820693699223, 1.231657831805438], "Sigma": [[0.005236680461971733, 0.0008791770218151706, 0.018004187811763123], [0.0008791770218151706, 0.00405023706966094, 0.010533408344071873], [0.018004187811763127, 0.010533408344071873, 0.09442807920201214]], "chi2_level": 0.95, "chi2_df": 3, "chi2_threshold": 7.814727903251179, "N_raw": 30, "N_roi": 30, "N_inlier": 29, "refit": true}
{"timestamp": "19:55:29.813192", "frame": 78, "mu": [0.7470952022209211, 0.5302249628045927, -0.3973949742819666], "Sigma": [[0.002104332249046423, 0.0002902472312719648, -0.002900498672835244], [0.0002902472312719647, 0.006413391102173142, -0.0068596064787752944], [-0.002900498672835244, -0.006859606478775296, 0.016249272388204276]], "chi2_level": 0.95, "chi2_df": 3, "chi2_threshold": 7.814727903251179, "N_raw": 36, "N_roi": 36, "N_inlier": 34, "refit": true}
{"timestamp": "19:55:29.867936", "frame": 79, "mu": [0.766798226306876, 0.37238394907760947, 1.5016580636965753], "Sigma": [[0.0033058772279997797, -0.0011493649281779802, -0.0014949619630850583], [-0.0011493649281779804, 0.00265875857883756, -0.0013011821656210374], [-0.0014949619630850583, -0.0013011821656210376, 0.002619556873102759]], "chi2_level": 0.95, "chi2_df": 3, "chi2_threshold": 7.814727903251179, "N_raw": 35, "N_roi": 35, "N_inlier": 33, "refit": true}
{"timestamp": "19:55:29.974102", "frame": 81, "mu": [0.7517047973668024, 0.2986324165502915, 1.4975770484547468], "Sigma": [[0.0008579374058572251, 6.77688253679637e-05, -0.00040674911905153266], [6.776882536796381e-05, 0.007117246129961755, -0.011256809876954137], [-0.0004067491190515325, -0.011256809876954137, 0.019051097485802585]], "chi2_level": 0.95, "chi2_df": 3, "chi2_threshold": 7.814727903251179, "N_raw": 15, "N_roi": 11, "N_inlier": 11, "refit": true}
{"timestamp": "19:55:30.084870", "frame": 83, "mu": [0.746935492715048, 0.17726233553813994, 0.9100332374013458], "Sigma": [[0.001277261122896628, 0.0011411128000705785, 0.0072249657619345466], [0.0011411128000705785, 0.007968473643439422, 0.05978801265360477], [0.007224965761934548, 0.05978801265360477, 0.5117189630133427]], "chi2_level": 0.95, "chi2_df": 3, "chi2_threshold": 7.814727903251179, "N_raw": 10, "N_roi": 10, "N_inlier": 9, "refit": true}
{"timestamp": "19:55:30.138525", "frame": 84, "mu": [0.6337849681300829, 0.22316453515390502, 0.8414439531128297], "Sigma": [[0.005485028224532469, -0.0014591651668381294, 0.03500766282489359], [-0.0014591651668381294, 0.0069306475002127495, -0.028632951416732416], [0.03500766282489359, -0.028632951416732416, 0.37424200664014634]], "chi2_level": 0.95, "chi2_df": 3, "chi2_threshold": 7.814727903251179, "N_raw": 8, "N_roi": 8, "N_inlier": 8, "refit": true}
