{"timestamp": "20:15:03.187993", "frame": 11, "mu": [1.2320800782128392, 4.949623877257112, 0.6181016762374949], "Sigma": [[0.00818894958208964, -0.001977575546267003, -0.011068944986244427], [-0.0019775755462670026, 0.0012547808288245657, 0.0023626795041821738], [-0.011068944986244427, 0.0023626795041821738, 0.01756952612176349]], "chi2_level": 0.95, "chi2_df": 3, "chi2_threshold": 7.814727903251179, "N_raw": 45, "N_roi": 11, "N_inlier": 11, "refit": true}
{"timestamp": "20:15:03.241986", "frame": 12, "mu": [1.2587897453151726, 4.912750307638943, 0.4933794964091518], "Sigma": [[0.00947015663514206, -0.0019525175732104088, -0.008868432554281934], [-0.0019525175732104088, 0.0022301232174458795, 0.0015370299157864455], [-0.008868432554281934, 0.0015370299157864455, 0.010362866048076852]], "chi2_level": 0.95, "chi2_df": 3, "chi2_threshold": 7.814727903251179, "N_raw": 38, "N_roi": 16, "N_inlier": 16, "refit": true}
{"timestamp": "20:15:03.300076", "frame": 13, "mu": [1.150200232233109, 4.959506605284961, 0.8386429665284629], "Sigma": [[0.01478103223349162, -0.002778213272076378, -0.021387148135010463], [-0.002778213272076378, 0.0012117450731613272, 0.0030606320105640143], [-0.021387148135010463, 0.0030606320105640143, 0.036663408430795574]], "chi2_level": 0.95, "chi2_df": 3, "chi2_threshold": 7.814727903251179, "N_raw": 59, "N_roi": 15, "N_inlier": 15, "refit": true}
{"timestamp": "20:15:03.460883", "frame": 16, "mu": [1.1890690205520227, 4.958397289828493, 0.7644343248479407], "Sigma": [[0.009623951423575063, -0.0004847506608330438, -0.0035817981151463076], [-0.0004847506608330441, 0.0008994223048260765, 0.0010914100115055638], [-0.0035817981151463076, 0.0010914100115055638, 0.003293965754397254]], "chi2_level": 0.95, "chi2_df": 3, "chi2_threshold": 7.814727903251179, "N_raw": 28, "N_roi": 8, "N_inlier": 7, "refit": true}
{"timestamp": "20:15:03.519112", "frame": 17, "mu": [1.0768387626812113, 4.9161488336847565, 0.8477048481982791], "Sigma": [[0.029047548122721693, -0.0057407386891746084, -0.022891893421045972], [-0.00574073868917461, 0.0022528302696630735, 0.0033857514017289663], [-0.022891893421045972, 0.0033857514017289667, 0.02503303595584633]], "chi2_level": 0.95, "chi2_df": 3, "chi2_threshold": 7.814727903251179, "N_raw": 48, "N_roi": 28, "N_inlier": 27, "refit": true}
{"timestamp": "20:15:03.577273", "frame": 18, "mu": [1.1648394042957688, 4.8908232306633845, 0.6649620002323942], "Sigma": [[0.029837743961039803, -0.005584822318594014, -0.023138613180792085], [-0.005584822318594014, 0.0029427257105804922, 0.002680302936651282], [-0.023138613180792085, 0.0026803029366512824, 0.025314909817109855]], "chi2_level": 0.95, "chi2_df": 3, "chi2_threshold": 7.814727903251179, "N_raw": 59, "N_roi": 37, "N_inlier": 37, "refit": true}
{"timestamp": "20:15:03.633712", "frame": 19, "mu": [1.1450684245117992, 4.83126124944081, 0.44840043049384326], "Sigma": [[0.03948500607886217, -0.013734019970096725, -0.022479431905677527], [-0.013734019970096725, 0.005803612334887904, 0.004576015371136089], [-0.022479431905677527, 0.004576015371136089, 0.04222971213548853]], "chi2_level": 0.95, "chi2_df": 3, "chi2_threshold": 7.814727903251179, "N_raw": 62, "N_roi": 56, "N_inlier": 55, "refit": true}
{"timestamp": "20:15:03.739693", "frame": 21, "mu": [0.9093649066189295, 4.848287366043105, 0.9520903762528716], "Sigma": [[0.02518155484709757, -0.007289531487116174, -0.013030570756985872], [-0.007289531487116174, 0.004289705678402545, 0.0023780720983770202], [-0.013030570756985872, 0.0023780720983770202, 0.011426702275933877]], "chi2_level": 0.95, "chi2_df": 3, "chi2_threshold": 7.814727903251179, "N_raw": 38, "N_roi": 35, "N_inlier": 33, "refit": true}
{"timestamp": "20:15:03.798632", "frame": 22, "mu": [1.1252486328012101, 4.925598968905478, -0.1228609923164031], "Sigma": [[0.042129245342292856, -0.0008044839073634365, -0.02589132048493118], [-0.0008044839073634369, 0.0019670516342864416, -0.0015596463723423358], [-0.02589132048493118, -0.001559646372342336, 0.020472711554771678]], "chi2_level": 0.95, "chi2_df": 3, "chi2_threshold": 7.814727903251179, "N_raw": 64, "N_roi": 36, "N_inlier": 35, "refit": true}
{"timestamp": "20:15:03.845786", "frame": 23, "mu": [1.060641341915261, 4.6980145026810085, 0.6310101747563582], "Sigma": [[0.014771817148397785, -0.0008984211922965699, -0.008531638738886984], [-0.0008984211922965699, 0.0005998989255547276, 0.0001263731389537318], [-0.008531638738886984, 0.0001263731389537319, 0.007022723243189011]], "chi2_level": 0.95, "chi2_df": 3, "chi2_threshold": 7.814727903251179, "N_raw": 11, "N_roi": 10, "N_inlier": 9, "refit": true}
{"timestamp": "20:15:03.904576", "frame": 24, "mu": [1.073552023646276, 4.663213352962178, 0.6984599802770484], "Sigma": [[0.02378302994415847, -0.004476237525675443, -0.015299101676042568], [-0.004476237525675443, 0.0025386997071390554, 0.00018507140494195272], [-0.015299101676042568, 0.00018507140494195272, 0.020216111082239793]], "chi2_level": 0.95, "chi2_df": 3, "chi2_threshold": 7.814727903251179, "N_raw": 39, "N_roi": 39, "N_inlier": 38, "refit": true}
{"timestamp": "20:15:03.959512", "frame": 25, "mu": [1.0081365436103364, 4.815511341760097, 0.09492513698698742], "Sigma": [[0.031507148724506884, -0.0035047268265951666, -0.023686653013974206], [-0.0035047268265951666, 0.0035111245028890134, 0.0014201477633556826], [-0.023686653013974202, 0.001420147763355683, 0.020276591378035856]], "chi2_level": 0.95, "chi2_df": 3, "chi2_threshold": 7.814727903251179, "N_raw": 39, "N_roi": 39, "N_inlier": 39, "refit": true}
{"timestamp": "20:15:04.014542", "frame": 26, "mu": [1.118442441091693, 4.57015777935402, 0.7546969053516053], "Sigma": [[0.026411339958606228, -0.006698029427418843, -0.006451002165362513], [-0.006698029427418843, 0.0040558120570186795, -0.00011297846889265299], [-0.0064510021653625136, -0.00011297846889265302, 0.00574087800328905]], "chi2_level": 0.95, "chi2_df": 3, "chi2_threshold": 7.814727903251179, "N_raw": 39, "N_roi": 39, "N_inlier": 38, "refit": true}
{"timestamp": "20:15:04.068861", "frame": 27, "mu": [1.12988012255087, 4.717391619671687, -0.37308469807257477], "Sigma": [[0.02389831809354669, -0.00298688164069676, 0.0022967859582892335], [-0.0029868816406967602, 0.003280051880086134, 0.003607272621180983], [0.0022967859582892335, 0.003607272621180983, 0.008014506801756962]], "chi2_level": 0.95, "chi2_df": 3, "chi2_threshold": 7.814727903251179, "N_raw": 34, "N_roi": 34, "N_inlier": 32, "refit": true}
{"timestamp": "20:15:04.178538", "frame": 29, "mu": [1.037072242439587, 4.456479119910613, 0.7331013214642695], "Sigma": [[0.028883880681839967, -0.0027541547618358804, 0.0002488491375084934], [-0.002754154761835881, 0.0037692514124771995, 0.0002444994011678462], [0.00024884913750849346, 0.00024449940116784614, 0.00017112558810198868]], "chi2_level": 0.95, "chi2_df": 3, "chi2_threshold": 7.814727903251179, "N_raw": 40, "N_roi": 40, "N_inlier": 39, "refit": true}
{"timestamp": "20:15:04.234475", "frame": 30, "mu": [1.1070872479195566, 4.407022651818841, 0.6725412107769694], "Sigma": [[0.02706162468701151, -0.00789545190379166, -0.010544639356391713], [-0.00789545190379166, 0.006145620379431238, 0.0038062343204955883], [-0.010544639356391713, 0.003806234320495588, 0.005440735964348498]], "chi2_level": 0.95, "chi2_df": 3, "chi2_threshold": 7.814727903251179, "N_raw": 40, "N_roi": 40, "N_inlier": 39, "refit": true}
{"timestamp": "20:15:04.289956", "frame": 31, "mu": [1.0257957114545146, 4.317437647976935, 0.5267140258696815], "Sigma": [[0.03427896403448132, -0.00901223380012734, -0.0055511418535682455], [-0.00901223380012734, 0.0036220794411527474, -7.730687228596451e-05], [-0.005551141853568245, -7.730687228596477e-05, 0.006373092318677707]], "chi2_level": 0.95, "chi2_df": 3, "chi2_threshold": 7.814727903251179, "N_raw": 44, "N_roi": 44, "N_inlier": 42, "refit": true}
{"timestamp": "20:15:04.347506", "frame": 32, "mu": [0.9702919786968697, 4.297186996456034, 0.5465848999390323], "Sigma": [[0.026262620984833493, -0.005205101498125289, 0.0035369202605245926], [-0.0052051014981252895, 0.0019870105469862952, -0.0034558368196390015], [0.003536920260524593, -0.0034558368196390015, 0.029314374927362677]], "chi2_level": 0.95, "chi2_df": 3, "chi2_threshold": 7.814727903251179, "N_raw": 56, "N_roi": 51, "N_inlier": 50, "refit": true}
{"timestamp": "20:15:04.402779", "frame": 33, "mu": [0.9886336415192237, 4.23340562178616, 0.5401965104929868], "Sigma": [[0.02654205464529124, -0.009872858845560299, -0.015006151688033502], [-0.009872858845560297, 0.004916375926248873, 0.0038981905244109875], [-0.015006151688033502, 0.0038981905244109875, 0.040337633244497524]], "chi2_level": 0.95, "chi2_df": 3, "chi2_threshold": 7.814727903251179, "N_raw": 55, "N_roi": 53, "N_inlier": 51, "refit": true}
{"timestamp": "20:15:04.456728", "frame": 34, "mu": [1.0081391192258222, 4.143900387214731, 0.49189822214162027], "Sigma": [[0.026636872295792837, -0.0011805698250160162, 0.004524686761088843], [-0.0011805698250160162, 0.0016437494983375283, -0.0023511551293240603], [0.004524686761088844, -0.0023511551293240603, 0.011612388088053562]], "chi2_level": 0.95, "chi2_df": 3, "chi2_threshold": 7.814727903251179, "N_raw": 49, "N_roi": 48, "N_inlier": 46, "refit": true}
{"timestamp": "20:15:04.507934", "frame": 35, "mu": [0.9996562652527088, 4.131902691090092, 0.7529905579736675], "Sigma": [[0.015749919608774234, -0.005618962911273426, -0.004194039788079562], [-0.0056189629112734256, 0.002822989908738033, -0.000994734771431553], [-0.004194039788079562, -0.0009947347714315531, 0.01464730664772833]], "chi2_level": 0.95, "chi2_df": 3, "chi2_threshold": 7.814727903251179, "N_raw": 32, "N_roi": 32, "N_inlier": 32, "refit": true}
{"timestamp": "20:15:04.562049", "frame": 36, "mu": [1.0375812621865372, 4.011945176641353, 0.5851556947653705], "Sigma": [[0.017662302558231494, -0.0035199195532113555, -0.011562670034587219], [-0.0035199195532113555, 0.002384455446429354, 0.00278308935984077], [-0.011562670034587219, 0.00278308935984077, 0.01618739765080178]], "chi2_level": 0.95, "chi2_df": 3, "chi2_threshold": 7.814727903251179, "N_raw": 16, "N_roi": 16, "N_inlier": 14, "refit": true}
{"timestamp": "20:15:04.619405", "frame": 37, "mu": [1.1043406659660684, 3.977803068360652, 0.6050541476005105], "Sigma": [[0.020180335994788204, -0.0061144035621963615, -0.010326086748088707], [-0.0061144035621963615, 0.004402867075131687, 0.002122245897410101], [-0.010326086748088707, 0.002122245897410101, 0.007499806552915385]], "chi2_level": 0.95, "chi2_df": 3, "chi2_threshold": 7.814727903251179, "N_raw": 37, "N_roi": 37, "N_inlier": 35, "refit": true}
{"timestamp": "20:15:04.677442", "frame": 38, "mu": [1.0603003259700168, 3.9836615714672403, 0.6927683395463994], "Sigma": [[0.0424863941826136, -0.010053238475240346, -0.02031597174202642], [-0.010053238475240346, 0.005769781021413357, 0.0045199162610831695], [-0.02031597174202642, 0.004519916261083169, 0.011805893744474443]], "chi2_level": 0.95, "chi2_df": 3, "chi2_threshold": 7.814727903251179, "N_raw": 56, "N_roi": 56, "N_inlier": 54, "refit": true}
{"timestamp": "20:15:04.731412", "frame": 39, "mu": [0.993719092459295, 3.9509415405525945, 0.7089186071373215], "Sigma": [[0.023683442103107633, -0.00630460221940723, -0.012892653953147978], [-0.00630460221940723, 0.0043312863039005525, 0.0005480117019361711], [-0.012892653953147978, 0.000548011701936171, 0.01772633652187104]], "chi2_level": 0.95, "chi2_df": 3, "chi2_threshold": 7.814727903251179, "N_raw": 54, "N_roi": 54, "N_inlier": 51, "refit": true}
{"timestamp": "20:15:04.787734", "frame": 40, "mu": [1.0543820539496205, 3.8875040596585335, 0.6129551580590871], "Sigma": [[0.028829875896878746, -0.010424875478221112, -0.013715762046620837], [-0.010424875478221112, 0.009849472583088891, 0.005790015875451335], [-0.013715762046620835, 0.005790015875451335, 0.008167356858022702]], "chi2_level": 0.95, "chi2_df": 3, "chi2_threshold": 7.814727903251179, "N_raw": 57, "N_roi": 57, "N_inlier": 55, "refit": true}
{"timestamp": "20:15:04.843167", "frame": 41, "mu": [0.9693158924746409, 3.836245104165331, 0.6768585615043805], "Sigma": [[0.027583832338023355, -0.007624531930220101, -0.015466433869123001], [-0.007624531930220099, 0.004549058594739944, 6.166206329314696e-05], [-0.015466433869123001, 6.166206329314658e-05, 0.03049187484993683]], "chi2_level": 0.95, "chi2_df": 3, "chi2_threshold": 7.814727903251179, "N_raw": 68, "N_roi": 68, "N_inlier": 65, "refit": true}
{"timestamp": "20:15:04.897822", "frame": 42, "mu": [1.0279656350005648, 3.746818585602832, 0.5820951792895075], "Sigma": [[0.03301232022987576, -0.011890996361243897, -0.016572199690254627], [-0.011890996361243897, 0.007150179264320908, 0.0031118792641394106], [-0.016572199690254627, 0.003111879264139411, 0.014520284189600484]], "chi2_level": 0.95, "chi2_df": 3, "chi2_threshold": 7.814727903251179, "N_raw": 61, "N_roi": 61, "N_inlier": 59, "refit": true}
{"timestamp": "20:15:04.953250", "frame": 43, "mu": [1.0284124878080696, 3.7467578422226056, 0.771926391061205], "Sigma": [[0.026173759723145396, -0.010624944032480784, -0.02121948304697463], [-0.010624944032480783, 0.006659022169065055, 0.005438811486811797], [-0.02121948304697463, 0.005438811486811796, 0.03276820182504282]], "chi2_level": 0.95, "chi2_df": 3, "chi2_threshold": 7.814727903251179, "N_raw": 57, "N_roi": 57, "N_inlier": 55, "refit": true}
{"timestamp": "20:15:05.011374", "frame": 44, "mu": [1.007614433508329, 3.6779336583405327, 0.6483774657184982], "Sigma": [[0.03307703688093194, -0.013935541117360287, -0.026690328350174253], [-0.013935541117360287, 0.00874897768734977, 0.006021818258212946], [-0.026690328350174253, 0.006021818258212946, 0.04092282810001363]], "chi2_level": 0.95, "chi2_df": 3, "chi2_threshold": 7.814727903251179, "N_raw": 85, "N_roi": 85, "N_inlier": 80, "refit": true}
{"timestamp": "20:15:05.063913", "frame": 45, "mu": [1.0340426253226298, 3.596907658951297, 0.6740223710670974], "Sigma": [[0.026990094878003072, -0.008444086093218027, -0.016525168234541806], [-0.008444086093218027, 0.005205716371182885, 0.000535789622181045], [-0.01652516823454181, 0.0005357896221810451, 0.026919114614687642]], "chi2_level": 0.95, "chi2_df": 3, "chi2_threshold": 7.814727903251179, "N_raw": 67, "N_roi": 67, "N_inlier": 66, "refit": true}
{"timestamp": "20:15:05.121230", "frame": 46, "mu": [1.021730409994114, 3.5415842219884395, 0.626877070651946], "Sigma": [[0.03675239638440027, -0.004019080692054555, -0.011815705507797305], [-0.004019080692054555, 0.00315207331485906, -0.003934329144989601], [-0.011815705507797305, -0.003934329144989601, 0.017845712038988555]], "chi2_level": 0.95, "chi2_df": 3, "chi2_threshold": 7.814727903251179, "N_raw": 81, "N_roi": 81, "N_inlier": 75, "refit": true}
{"timestamp": "20:15:05.167805", "frame": 47, "mu": [1.0485409131360797, 3.499647855312608, 0.5557574048287114], "Sigma": [[0.013953958188479377, -0.001596049272135969, -0.004937763296096038], [-0.0015960492721359687, 0.0007822262900178482, -0.0006145163468870011], [-0.004937763296096038, -0.0006145163468870011, 0.009988760965761106]], "chi2_level": 0.95, "chi2_df": 3, "chi2_threshold": 7.814727903251179, "N_raw": 24, "N_roi": 24, "N_inlier": 22, "refit": true}
{"timestamp": "20:15:05.226448", "frame": 48, "mu": [1.027453660186187, 3.6435017125098814, -0.3403979962681015], "Sigma": [[0.022877341303165672, -0.004198839301626839, -0.01450867494279697], [-0.004198839301626839, 0.003666557953420269, 0.00012290408528674966], [-0.01450867494279697, 0.00012290408528674947, 0.012681523307715058]], "chi2_level": 0.95, "chi2_df": 3, "chi2_threshold": 7.814727903251179, "N_raw": 43, "N_roi": 43, "N_inlier": 42, "refit": true}
{"timestamp": "20:15:05.281576", "frame": 49, "mu": [0.9605846586953231, 3.3833828465766684, 0.6861285701751488], "Sigma": [[0.02259474354819402, 0.0012046566695113514, 0.00790185919842685], [0.0012046566695113514, 0.0020655167256271893, -0.0027722362195557446], [0.00790185919842685, -0.0027722362195557446, 0.012126458891429732]], "chi2_level": 0.95, "chi2_df": 3, "chi2_threshold": 7.814727903251179, "N_raw": 53, "N_roi": 53, "N_inlier": 53, "refit": true}
{"timestamp": "20:15:05.338173", "frame": 50, "mu": [0.9728538388406989, 3.3399287598531227, 0.720176216048987], "Sigma": [[0.022861394141416025, -0.006956212029372918, -0.0053015350020578856], [-0.006956212029372918, 0.003861598342236218, -0.0021263428061967194], [-0.005301535002057886, -0.002126342806196719, 0.025172394839635435]], "chi2_level": 0.95, "chi2_df": 3, "chi2_threshold": 7.814727903251179, "N_raw": 63, "N_roi": 63, "N_inlier": 62, "refit": true}
{"timestamp": "20:15:05.393063", "frame": 51, "mu": [0.9087797236469747, 3.3015713859206515, 0.6796590676008288], "Sigma": [[0.023648138699944685, -0.006892695892709255, -0.008046626799852774], [-0.0068926958927092545, 0.00529793581439483, -0.00020118924991978493], [-0.008046626799852775, -0.00020118924991978485, 0.011058169130760428]], "chi2_level": 0.95, "chi2_df": 3, "chi2_threshold": 7.814727903251179, "N_raw": 61, "N_roi": 61, "N_inlier": 58, "refit": true}
{"timestamp": "20:15:05.447118", "frame": 52, "mu": [1.0301407332987143, 3.198919542774677, 0.6900910032925395], "Sigma": [[0.022500688079729596, -0.012211641100713643, -0.009171482246691114], [-0.012211641100713641, 0.008824120457711646, 0.0031292983911520686], [-0.009171482246691115, 0.003129298391152068, 0.009184598887568627]], "chi2_level": 0.95, "chi2_df": 3, "chi2_threshold": 7.814727903251179, "N_raw": 49, "N_roi": 49, "N_inlier": 47, "refit": true}
{"timestamp": "20:15:05.504120", "frame": 53, "mu": [1.0419552540980805, 3.1323226467200493, 0.5963812126698287], "Sigma": [[0.04106490756468574, -0.004067982036895591, -0.0040354459425170144], [-0.004067982036895592, 0.0018596202259740537, -0.0018327561397319448], [-0.004035445942517014, -0.0018327561397319453, 0.013130730450367823]], "chi2_level": 0.95, "chi2_df": 3, "chi2_threshold": 7.814727903251179, "N_raw": 75, "N_roi": 75, "N_inlier": 71, "refit": true}
{"timestamp": "20:15:05.559905", "frame": 54, "mu": [1.0570699183256138, 3.3293690399864815, -0.4946693757247211], "Sigma": [[0.0331624509221637, -0.0010498965905263867, -0.004607119925301026], [-0.0010498965905263867, 0.0049095786266257595, -0.003682376381958323], [-0.004607119925301027, -0.0036823763819583233, 0.02771469159241131]], "chi2_level": 0.95, "chi2_df": 3, "chi2_threshold": 7.814727903251179, "N_raw": 75, "N_roi": 75, "N_inlier": 71, "refit": true}
{"timestamp": "20:15:05.617950", "frame": 55, "mu": [1.0086816567223296, 3.3066048478087398, -0.4887530348367487], "Sigma": [[0.029739169960410712, -0.004121133387181784, -0.018530094365743415], [-0.004121133387181784, 0.006495761335998467, -0.00714187231025322], [-0.018530094365743415, -0.00714187231025322, 0.029341298092582964]], "chi2_level": 0.95, "chi2_df": 3, "chi2_threshold": 7.814727903251179, "N_raw": 92, "N_roi": 92, "N_inlier": 87, "refit": true}
{"timestamp": "20:15:05.669777", "frame": 56, "mu": [1.053008507183463, 2.9790973835289547, 0.7176321857798186], "Sigma": [[0.022712563237680547, -0.003743923796728341, 0.0010848386191266509], [-0.003743923796728341, 0.001239719648907368, -0.0013552473017579866], [0.0010848386191266513, -0.0013552473017579866, 0.04447075031758736]], "chi2_level": 0.95, "chi2_df": 3, "chi2_threshold": 7.814727903251179, "N_raw": 74, "N_roi": 74, "N_inlier": 73, "refit": true}
{"timestamp": "20:15:05.719617", "frame": 57, "mu": [0.9180419621286589, 2.901639002727936, 0.6276130577747934], "Sigma": [[0.011722246388309246, -0.003065740625781475, -0.00797039929739015], [-0.003065740625781475, 0.0011814994348593546, 0.001619368653521957], [-0.00797039929739015, 0.001619368653521957, 0.016559418943287715]], "chi2_level": 0.95, "chi2_df": 3, "chi2_threshold": 7.814727903251179, "N_raw": 23, "N_roi": 23, "N_inlier": 22, "refit": true}
{"timestamp": "20:15:05.776132", "frame": 58, "mu": [0.9599914466675096, 2.8363330925832653, 0.7144983859794547], "Sigma": [[0.00891682018686493, -0.004111721516436108, -0.010066598601176355], [-0.004111721516436108, 0.004270190112218755, 0.008253777942714438], [-0.010066598601176355, 0.008253777942714438, 0.060595605688990715]], "chi2_level": 0.95, "chi2_df": 3, "chi2_threshold": 7.814727903251179, "N_raw": 47, "N_roi": 47, "N_inlier": 43, "refit": true}
{"timestamp": "20:15:05.834709", "frame": 59, "mu": [1.0257685838863269, 2.8260794364088198, 0.7447277878620505], "Sigma": [[0.01939108407781878, -0.00754712699903678, -0.007836038021716219], [-0.00754712699903678, 0.005509496859133867, -0.0016100235738921776], [-0.007836038021716219, -0.0016100235738921776, 0.016013621895048815]], "chi2_level": 0.95, "chi2_df": 3, "chi2_threshold": 7.814727903251179, "N_raw": 71, "N_roi": 71, "N_inlier": 70, "refit": true}
{"timestamp": "20:15:05.882342", "frame": 60, "mu": [0.9480299427542732, 2.9766593285410403, -0.4852477742206321], "Sigma": [[0.010744320705564815, -0.00020843401703423076, 0.00312985925375243], [-0.00020843401703423054, 0.011455014736465768, -0.039586084602479726], [0.003129859253752431, -0.039586084602479726, 0.15502801669685634]], "chi2_level": 0.95, "chi2_df": 3, "chi2_threshold": 7.814727903251179, "N_raw": 21, "N_roi": 21, "N_inlier": 19, "refit": true}
{"timestamp": "20:15:05.945179", "frame": 61, "mu": [0.9805230379564183, 2.7016612863789247, 0.7072895556938518], "Sigma": [[0.01871049846067636, -0.0047882822880861865, -0.0029988356918729956], [-0.0047882822880861865, 0.002498086689964248, -0.0033156063832987703], [-0.0029988356918729956, -0.00331560638329877, 0.02104472079464229]], "chi2_level": 0.95, "chi2_df": 3, "chi2_threshold": 7.814727903251179, "N_raw": 75, "N_roi": 75, "N_inlier": 72, "refit": true}
{"timestamp": "20:15:06.002913", "frame": 62, "mu": [0.9049911601588883, 2.6630229699719616, 0.7743372720350772], "Sigma": [[0.03094968279792578, -0.004312475394453813, 0.00916243841031069], [-0.004312475394453813, 0.0012414144315401803, -0.003502122124962346], [0.00916243841031069, -0.003502122124962346, 0.024618716533608496]], "chi2_level": 0.95, "chi2_df": 3, "chi2_threshold": 7.814727903251179, "N_raw": 81, "N_roi": 81, "N_inlier": 77, "refit": true}
{"timestamp": "20:15:06.055352", "frame": 63, "mu": [0.8701293212907132, 2.855901117010854, -0.5168022942071893], "Sigma": [[0.021931905120219468, -0.003197407699199329, -0.005247792090709699], [-0.003197407699199329, 0.005461178494519453, -0.0059079216679832035], [-0.005247792090709698, -0.0059079216679832035, 0.015521987411641161]], "chi2_level": 0.95, "chi2_df": 3, "chi2_threshold": 7.814727903251179, "N_raw": 81, "N_roi": 81, "N_inlier": 76, "refit": true}
{"timestamp": "20:15:06.111993", "frame": 64, "mu": [0.8741078608239436, 2.8239085211642845, -0.5036790578431865], "Sigma": [[0.022925313040377343, -0.0022152255045978617, -0.014863157881693947], [-0.0022152255045978617, 0.006212683691488177, -0.007056717671279805], [-0.014863157881693947, -0.007056717671279805, 0.029448794401182164]], "chi2_level": 0.95, "chi2_df": 3, "chi2_threshold": 7.814727903251179, "N_raw": 92, "N_roi": 92, "N_inlier": 87, "refit": true}
{"timestamp": "20:15:06.164693", "frame": 65, "mu": [0.874398864122529, 2.5394847604101027, 0.8464655074542854], "Sigma": [[0.017085542614566, -0.0049910015529845125, -0.01160895394004565], [-0.0049910015529845125, 0.004184091165782627, -0.00029091790670776526], [-0.01160895394004565, -0.00029091790670776537, 0.016900317809032825]], "chi2_level": 0.95, "chi2_df": 3, "chi2_threshold": 7.814727903251179, "N_raw": 71, "N_roi": 71, "N_inlier": 67, "refit": true}
{"timestamp": "20:15:06.225560", "frame": 66, "mu": [0.970151016801723, 2.6163871267191254, -0.12401645085852074], "Sigma": [[0.021845557978259655, -0.013401537262002005, 0.05556336753586947], [-0.013401537262002005, 0.024081721150133496, -0.09390301022259565], [0.05556336753586947, -0.09390301022259565, 0.4049915249201315]], "chi2_level": 0.95, "chi2_df": 3, "chi2_threshold": 7.814727903251179, "N_raw": 103, "N_roi": 103, "N_inlier": 101, "refit": true}
{"timestamp": "20:15:06.270709", "frame": 67, "mu": [0.9141294912349354, 2.3730375752242843, 0.845871898137531], "Sigma": [[0.013420691859440682, -0.0005523250637412096, -0.001240761850570455], [-0.0005523250637412095, 0.0017381887675436327, -0.0020158416703301334], [-0.0012407618505704552, -0.0020158416703301334, 0.005463300709745597]], "chi2_level": 0.95, "chi2_df": 3, "chi2_threshold": 7.814727903251179, "N_raw": 45, "N_roi": 45, "N_inlier": 42, "refit": true}
{"timestamp": "20:15:06.329387", "frame": 68, "mu": [0.8776136735757971, 2.326281845728622, 0.9366952799823739], "Sigma": [[0.013723911069659934, -0.0031307748154530846, 0.005838870853265781], [-0.003130774815453085, 0.002209636964101693, -0.005551199479305432], [0.005838870853265781, -0.005551199479305432, 0.019966113586168992]], "chi2_level": 0.95, "chi2_df": 3, "chi2_threshold": 7.814727903251179, "N_raw": 72, "N_roi": 72, "N_inlier": 68, "refit": true}
{"timestamp": "20:15:06.385734", "frame": 69, "mu": [0.9267400149091652, 2.2819965542867626, 1.0361118204671835], "Sigma": [[0.011701010893038866, -0.002268093213819051, 0.009533289073178955], [-0.002268093213819051, 0.0024013554083731625, -0.0040839842016828515], [0.009533289073178956, -0.0040839842016828515, 0.04211415635027304]], "chi2_level": 0.95, "chi2_df": 3, "chi2_threshold": 7.814727903251179, "N_raw": 76, "N_roi": 76, "N_inlier": 71, "refit": true}
{"timestamp": "20:15:06.441362", "frame": 70, "mu": [0.9617042393716838, 2.218668194994451, 1.087868356575026], "Sigma": [[0.01700742630412288, -0.004483439114675458, -0.005793103874273185], [-0.004483439114675459, 0.0044659860816733165, -0.003631809619297752], [-0.005793103874273186, -0.003631809619297752, 0.012008629289114768]], "chi2_level": 0.95, "chi2_df": 3, "chi2_threshold": 7.814727903251179, "N_raw": 82, "N_roi": 82, "N_inlier": 81, "refit": true}
{"timestamp": "20:15:06.499294", "frame": 71, "mu": [0.90994785405325, 2.179887841455761, 1.022037010434306], "Sigma": [[0.013616856893446327, -0.0032146494661868096, 0.008230739559366672], [-0.0032146494661868096, 0.0026362954728718037, -0.007757621297886787], [0.008230739559366672, -0.007757621297886787, 0.04157060151256767]], "chi2_level": 0.95, "chi2_df": 3, "chi2_threshold": 7.814727903251179, "N_raw": 98, "N_roi": 98, "N_inlier": 94, "refit": true}
{"timestamp": "20:15:06.552154", "frame": 72, "mu": [0.8549774422144808, 2.1493858664973073, 0.9874190953687783], "Sigma": [[0.016732742053476576, -0.0065012821635428006, 0.0011309444075095875], [-0.0065012821635428006, 0.005915781069379149, -0.005044881614883291], [0.0011309444075095875, -0.005044881614883291, 0.009691666276692492]], "chi2_level": 0.95, "chi2_df": 3, "chi2_threshold": 7.814727903251179, "N_raw": 87, "N_roi": 87, "N_inlier": 84, "refit": true}
{"timestamp": "20:15:06.611068", "frame": 73, "mu": [0.8886436700727449, 2.2589773088200995, -0.4182075723237512], "Sigma": [[0.021913347272241247, -0.011351622941061786, 0.015701526429950832], [-0.011351622941061786, 0.013554300583930194, -0.022398187472008176], [0.015701526429950832, -0.022398187472008176, 0.040348439976796255]], "chi2_level": 0.95, "chi2_df": 3, "chi2_threshold": 7.814727903251179, "N_raw": 112, "N_roi": 112, "N_inlier": 107, "refit": true}
{"timestamp": "20:15:06.665305", "frame": 74, "mu": [0.8229444966569697, 2.2632363833013516, -0.5932879922409716], "Sigma": [[0.01965770625654541, -0.007053659308386605, 5.086806077912688e-05], [-0.007053659308386603, 0.00635210105871422, -0.008664170036522669], [5.086806077912677e-05, -0.008664170036522667, 0.030006064800264107]], "chi2_level": 0.95, "chi2_df": 3, "chi2_threshold": 7.814727903251179, "N_raw": 107, "N_roi": 107, "N_inlier": 102, "refit": true}
{"timestamp": "20:15:06.718031", "frame": 75, "mu": [0.8120866479948686, 2.005233137898305, 1.026338415972984], "Sigma": [[0.026563738244557253, -0.011536663937320772, 0.032456301089762774], [-0.011536663937320774, 0.007053342276927427, -0.01655806459392741], [0.032456301089762774, -0.01655806459392741, 0.07582800395564285]], "chi2_level": 0.95, "chi2_df": 3, "chi2_threshold": 7.814727903251179, "N_raw": 87, "N_roi": 86, "N_inlier": 82, "refit": true}
{"timestamp": "20:15:06.774641", "frame": 76, "mu": [0.8321182804171314, 1.9377192108194607, 0.9204676894341893], "Sigma": [[0.015417953044277921, -0.0060872809959690135, 0.01689496983460201], [-0.006087280995969014, 0.003692993555158245, -0.008536142344103367], [0.01689496983460201, -0.008536142344103367, 0.062073372843844656]], "chi2_level": 0.95, "chi2_df": 3, "chi2_threshold": 7.814727903251179, "N_raw": 102, "N_roi": 102, "N_inlier": 100, "refit": true}
{"timestamp": "20:15:06.823619", "frame": 77, "mu": [0.8483101717825584, 1.8656615604631797, 1.109643066712994], "Sigma": [[0.024497004445813635, -0.011091218829020678, 0.03356052264850231], [-0.011091218829020678, 0.007164620328426071, -0.018894402035033682], [0.03356052264850231, -0.018894402035033682, 0.08151198961041388]], "chi2_level": 0.95, "chi2_df": 3, "chi2_threshold": 7.814727903251179, "N_raw": 66, "N_roi": 66, "N_inlier": 64, "refit": true}
{"timestamp": "20:15:06.879218", "frame": 78, "mu": [0.9006867707394057, 1.7963780051036418, 1.1116435030251564], "Sigma": [[0.00812204768366261, -0.0036974532182080613, -0.0010573036562590288], [-0.003697453218208061, 0.0032350376259965346, -0.005041395874671638], [-0.0010573036562590281, -0.005041395874671638, 0.024523730743787855]], "chi2_level": 0.95, "chi2_df": 3, "chi2_threshold": 7.814727903251179, "N_raw": 71, "N_roi": 71, "N_inlier": 68, "refit": true}
{"timestamp": "20:15:06.943120", "frame": 79, "mu": [0.973455664042022, 1.7068632939693453, 0.9735150647473195], "Sigma": [[0.028882669635257777, -0.01111926185617739, -0.014947173012754306], [-0.01111926185617739, 0.005150882342253906, 0.0032225209563928395], [-0.014947173012754304, 0.0032225209563928395, 0.04071329879788074]], "chi2_level": 0.95, "chi2_df": 3, "chi2_threshold": 7.814727903251179, "N_raw": 128, "N_roi": 128, "N_inlier": 118, "refit": true}
{"timestamp": "20:15:06.993440", "frame": 80, "mu": [1.0261571270650114, 1.7957373936412968, -0.2647112806317722], "Sigma": [[0.01948149937551763, -0.010267635221820746, 0.04102259985174496], [-0.010267635221820746, 0.018394839107842505, -0.08113752153183412], [0.04102259985174496, -0.08113752153183412, 0.3912510551377519]], "chi2_level": 0.95, "chi2_df": 3, "chi2_threshold": 7.814727903251179, "N_raw": 89, "N_roi": 89, "N_inlier": 88, "refit": true}
{"timestamp": "20:15:07.055891", "frame": 81, "mu": [0.8931676168431647, 1.8161356037020937, -0.5292358818606393], "Sigma": [[0.024964141659900723, -0.008580353674669222, 0.002971345880744598], [-0.008580353674669222, 0.009111699024702402, -0.014091474510455206], [0.0029713458807445973, -0.014091474510455206, 0.03258885195321852]], "chi2_level": 0.95, "chi2_df": 3, "chi2_threshold": 7.814727903251179, "N_raw": 142, "N_roi": 142, "N_inlier": 139, "refit": true}
{"timestamp": "20:15:07.103172", "frame": 82, "mu": [0.9200139192190423, 1.5435930951672898, 1.0121998018064093], "Sigma": [[0.030840261846633646, -0.0075803067368582465, -0.01554521666482807], [-0.0075803067368582465, 0.004538208401707788, 0.005022920351836917], [-0.015545216664828072, 0.005022920351836917, 0.0430173705911589]], "chi2_level": 0.95, "chi2_df": 3, "chi2_threshold": 7.814727903251179, "N_raw": 88, "N_roi": 88, "N_inlier": 83, "refit": true}
{"timestamp": "20:15:07.164108", "frame": 83, "mu": [0.8618975598656138, 1.5307235621107647, 1.0392983056673137], "Sigma": [[0.026276858238575597, -0.002988484747593945, -0.00972265620105298], [-0.002988484747593945, 0.0026239397861277094, -0.0062958846613360995], [-0.00972265620105298, -0.0062958846613360995, 0.04038936213149936]], "chi2_level": 0.95, "chi2_df": 3, "chi2_threshold": 7.814727903251179, "N_raw": 131, "N_roi": 131, "N_inlier": 126, "refit": true}
{"timestamp": "20:15:07.211398", "frame": 84, "mu": [0.851390494737105, 1.4747676391490152, 1.1112721429101595], "Sigma": [[0.011689768479382355, -0.003311115445439215, -0.012172334975980938], [-0.003311115445439215, 0.0028469594729021146, 0.001224458090659852], [-0.012172334975980937, 0.0012244580906598523, 0.05604157833170864]], "chi2_level": 0.95, "chi2_df": 3, "chi2_threshold": 7.814727903251179, "N_raw": 78, "N_roi": 78, "N_inlier": 74, "refit": true}
{"timestamp": "20:15:07.268310", "frame": 85, "mu": [0.8617272482489841, 1.4286402903657587, 1.0379592534542645], "Sigma": [[0.017504134034833807, -0.0015618205262893994, -0.008773812130481166], [-0.0015618205262893994, 0.0013713718093031956, -0.005615042794790741], [-0.008773812130481166, -0.005615042794790741, 0.06856552702694904]], "chi2_level": 0.95, "chi2_df": 3, "chi2_threshold": 7.814727903251179, "N_raw": 90, "N_roi": 90, "N_inlier": 87, "refit": true}
{"timestamp": "20:15:07.326203", "frame": 86, "mu": [0.776228895349153, 1.3917182454120862, 1.0900658969645707], "Sigma": [[0.007683676133373673, -0.0018052176739879872, 0.0038470318258335334], [-0.0018052176739879874, 0.002311204007952557, -0.004590362617989683], [0.0038470318258335325, -0.004590362617989683, 0.04576987592997245]], "chi2_level": 0.95, "chi2_df": 3, "chi2_threshold": 7.814727903251179, "N_raw": 114, "N_roi": 114, "N_inlier": 109, "refit": true}
{"timestamp": "20:15:07.376039", "frame": 87, "mu": [0.7426458064574236, 1.361544117752144, 0.8985370016284903], "Sigma": [[0.012692936972990112, -0.002595704507412165, -0.008622789891020305], [-0.002595704507412165, 0.0009514400713330325, 0.0010579304624867502], [-0.008622789891020305, 0.0010579304624867502, 0.018971572300128664]], "chi2_level": 0.95, "chi2_df": 3, "chi2_threshold": 7.814727903251179, "N_raw": 76, "N_roi": 76, "N_inlier": 75, "refit": true}
{"timestamp": "20:15:07.431098", "frame": 88, "mu": [0.7901851585835336, 1.5247602154972344, -0.6193486516024233], "Sigma": [[0.012042393837342463, -0.0016993904407831464, -0.017472365121005834], [-0.0016993904407831464, 0.002049766435257671, 0.00030619437862875826], [-0.017472365121005834, 0.0003061943786287583, 0.03744150627962807]], "chi2_level": 0.95, "chi2_df": 3, "chi2_threshold": 7.814727903251179, "N_raw": 75, "N_roi": 75, "N_inlier": 72, "refit": true}
{"timestamp": "20:15:07.480381", "frame": 89, "mu": [0.7145870037714173, 1.2051451468984893, 0.9863764557803393], "Sigma": [[0.004452275857961717, 0.0018166576633561822, 0.013049441200335394], [0.0018166576633561822, 0.003523645832310985, 0.013132329414586304], [0.013049441200335394, 0.013132329414586308, 0.13913143196585478]], "chi2_level": 0.95, "chi2_df": 3, "chi2_threshold": 7.814727903251179, "N_raw": 38, "N_roi": 38, "N_inlier": 35, "refit": true}
{"timestamp": "20:15:07.537962", "frame": 90, "mu": [0.7437190403289075, 1.1561766380956227, 0.9844608034563335], "Sigma": [[0.017385093760093374, 0.0010807488671226012, 0.010416472628354139], [0.0010807488671226015, 0.0011809449751917828, 0.0002603573415140217], [0.010416472628354139, 0.00026035734151402167, 0.02481693400078436]], "chi2_level": 0.95, "chi2_df": 3, "chi2_threshold": 7.814727903251179, "N_raw": 66, "N_roi": 66, "N_inlier": 62, "refit": true}
{"timestamp": "20:15:07.591985", "frame": 91, "mu": [0.7871792531203621, 1.2780909205328075, -0.3574572745088707], "Sigma": [[0.003702785379285867, -0.0012589142002580973, 9.622020476458011e-05], [-0.0012589142002580973, 0.005196637124409656, -0.0055262965400141965], [9.622020476458018e-05, -0.0055262965400141965, 0.013607362195630133]], "chi2_level": 0.95, "chi2_df": 3, "chi2_threshold": 7.814727903251179, "N_raw": 56, "N_roi": 56, "N_inlier": 52, "refit": true}
{"timestamp": "20:15:07.655313", "frame": 92, "mu": [0.7702164896483256, 1.080116649744945, 1.1960760004997433], "Sigma": [[0.007343879807766324, 3.187069041498737e-05, 0.0011178914630952683], [3.187069041498741e-05, 0.0013458844821353114, -0.0037113942153483583], [0.0011178914630952683, -0.0037113942153483583, 0.02478660985324654]], "chi2_level": 0.95, "chi2_df": 3, "chi2_threshold": 7.814727903251179, "N_raw": 107, "N_roi": 107, "N_inlier": 102, "refit": true}
{"timestamp": "20:15:07.700977", "frame": 93, "mu": [0.8198680681472789, 0.9822364349642674, 1.2283726280705085], "Sigma": [[0.005311993811484086, -0.0010365438078003006, -0.01065369001770538], [-0.0010365438078003006, 0.0015641701962874654, 0.00399218750080505], [-0.01065369001770538, 0.00399218750080505, 0.06021763094228897]], "chi2_level": 0.95, "chi2_df": 3, "chi2_threshold": 7.814727903251179, "N_raw": 44, "N_roi": 44, "N_inlier": 43, "refit": true}
{"timestamp": "20:15:07.754977", "frame": 94, "mu": [0.7257612970367687, 1.0012718481163314, 1.2549772039144949], "Sigma": [[0.004038789704559089, -0.001417626190042093, 0.009112778532439686], [-0.001417626190042093, 0.0010999509651636495, -0.0036242217447147837], [0.009112778532439686, -0.0036242217447147833, 0.05059058790260875]], "chi2_level": 0.95, "chi2_df": 3, "chi2_threshold": 7.814727903251179, "N_raw": 45, "N_roi": 45, "N_inlier": 42, "refit": true}
{"timestamp": "20:15:07.812972", "frame": 95, "mu": [0.7413259913374137, 0.9438775977127525, 1.3305207578125067], "Sigma": [[0.010496371145904205, -0.007613439979508108, 0.007771540170517361], [-0.007613439979508107, 0.008768954384889692, -0.009486233619696702], [0.007771540170517361, -0.009486233619696702, 0.021258285910516792]], "chi2_level": 0.95, "chi2_df": 3, "chi2_threshold": 7.814727903251179, "N_raw": 64, "N_roi": 64, "N_inlier": 61, "refit": true}
{"timestamp": "20:15:07.863100", "frame": 96, "mu": [0.795254767124964, 0.8540522260872023, 1.3716333691571005], "Sigma": [[0.002257576131275472, -0.00028702043213427, -0.0017126066650246417], [-0.00028702043213427, 0.002082519944545656, -0.005150995837780246], [-0.0017126066650246417, -0.005150995837780246, 0.019937572184455833]], "chi2_level": 0.95, "chi2_df": 3, "chi2_threshold": 7.814727903251179, "N_raw": 26, "N_roi": 26, "N_inlier": 24, "refit": true}
{"timestamp": "20:15:07.918571", "frame": 97, "mu": [0.7594964150411365, 0.821345005713111, 1.453016508272121], "Sigma": [[0.002448134835483922, -0.0015860908542503845, 1.2273968762500052e-05], [-0.0015860908542503845, 0.002918444595744462, -0.002677914325088282], [1.2273968762500025e-05, -0.002677914325088282, 0.005140729956878755]], "chi2_level": 0.95, "chi2_df": 3, "chi2_threshold": 7.814727903251179, "N_raw": 34, "N_roi": 33, "N_inlier": 29, "refit": true}
{"timestamp": "20:15:07.975873", "frame": 98, "mu": [0.7359031350065215, 0.820670792525894, 1.3153228835047384], "Sigma": [[0.0025397893179640476, -0.0012535338240474553, 0.0018505536873227382], [-0.0012535338240474555, 0.001832419511038598, -0.004687089348012754], [0.0018505536873227378, -0.004687089348012754, 0.0267017166892674]], "chi2_level": 0.95, "chi2_df": 3, "chi2_threshold": 7.814727903251179, "N_raw": 49, "N_roi": 48, "N_inlier": 45, "refit": true}
{"timestamp": "20:15:08.025588", "frame": 99, "mu": [0.7149437550311298, 0.7979774340872344, 1.199933331959008], "Sigma": [[0.001546363353522882, -0.0004316958619121889, 0.002167615182897681], [-0.00043169586191218903, 0.0019813449320332036, -0.0025949721227853267], [0.002167615182897681, -0.002594972122785327, 0.027900712238364447]], "chi2_level": 0.95, "chi2_df": 3, "chi2_threshold": 7.814727903251179, "N_raw": 16, "N_roi": 16, "N_inlier": 15, "refit": true}
{"timestamp": "20:15:08.216901", "frame": 100, "mu": [0.7061956185664504, 0.7524262938291474, 1.2800726627174672], "Sigma": [[0.0019156246487473602, -0.0009536562034604103, -0.0004038467001991028], [-0.0009536562034604104, 0.001951489957348534, -0.0019605744230443162], [-0.00040384670019910277, -0.0019605744230443162, 0.004658972564174895]], "chi2_level": 0.95, "chi2_df": 3, "chi2_threshold": 7.814727903251179, "N_raw": 40, "N_roi": 40, "N_inlier": 37, "refit": true}
