{"timestamp": "19:57:48.376625", "frame": 7, "mu": [-2.3822022459433336, 3.324194064597745, 0.753276507060499], "Sigma": [[0.006887242776819112, 0.0047526262038588285, -0.018658627838193387], [0.0047526262038588285, 0.0058928188550718625, -0.022864096707738226], [-0.018658627838193387, -0.022864096707738226, 0.12314700501049589]], "chi2_level": 0.95, "chi2_df": 3, "chi2_threshold": 7.814727903251179, "N_raw": 20, "N_roi": 14, "N_inlier": 13, "refit": true}
{"timestamp": "19:57:48.434226", "frame": 8, "mu": [-2.365507947360067, 3.3120126856841745, -0.6475839180472596], "Sigma": [[0.005132950895504291, 0.007106474174535045, -0.0014570392976949228], [0.007106474174535045, 0.03414418412837371, 0.007742616176308152], [-0.0014570392976949228, 0.007742616176308152, 0.005541656193903571]], "chi2_level": 0.95, "chi2_df": 3, "chi2_threshold": 7.814727903251179, "N_raw": 36, "N_roi": 22, "N_inlier": 20, "refit": true}
{"timestamp": "19:57:48.488163", "frame": 9, "mu": [-2.335002978264608, 3.2649460759304207, 0.9953254025348238], "Sigma": [[0.007716711068396334, 0.004714923578551849, -0.012208115732652262], [0.004714923578551849, 0.005541732834854087, -0.019422875036538268], [-0.012208115732652262, -0.019422875036538268, 0.10528848213663612]], "chi2_level": 0.95, "chi2_df": 3, "chi2_threshold": 7.814727903251179, "N_raw": 30, "N_roi": 24, "N_inlier": 23, "refit": true}
{"timestamp": "19:57:48.594649", "frame": 11, "mu": [-2.1962431803719706, 3.2616789651908253, 0.8089290252874284], "Sigma": [[0.003925735570130259, 0.004713955809329401, -0.018679592525165885], [0.004713955809329401, 0.007365697667064041, -0.024408564024088697], [-0.018679592525165885, -0.0244085640240887, 0.09923682530308325]], "chi2_level": 0.95, "chi2_df": 3, "chi2_threshold": 7.814727903251179, "N_raw": 7, "N_roi": 7, "N_inlier": 7, "refit": true}
{"timestamp": "19:57:48.652396", "frame": 12, "mu": [-2.2374413068252452, 3.175991471260151, 1.065729498153959], "Sigma": [[0.014406830366794356, 0.004425675566536393, -0.008653409559414762], [0.004425675566536393, 0.0037234610115717726, -0.004606752097024401], [-0.00865340955941476, -0.004606752097024401, 0.008392107874299034]], "chi2_level": 0.95, "chi2_df": 3, "chi2_threshold": 7.814727903251179, "N_raw": 27, "N_roi": 27, "N_inlier": 27, "refit": true}
{"timestamp": "19:57:48.709846", "frame": 13, "mu": [-2.1916883684909934, 3.1671885796964974, 1.1339608492316633], "Sigma": [[0.011786451109505798, 0.0052264904984718995, -0.005749936306086088], [0.0052264904984718995, 0.004681766584133779, -0.0027852996172285068], [-0.005749936306086088, -0.0027852996172285063, 0.004131425117393255]], "chi2_level": 0.95, "chi2_df": 3, "chi2_threshold": 7.814727903251179, "N_raw": 25, "N_roi": 22, "N_inlier": 21, "refit": true}
{"timestamp": "19:57:48.766615", "frame": 14, "mu": [-2.1076090773786156, 3.194766971436697, 1.1958558374422459], "Sigma": [[0.019408618954672833, 0.00827431663043543, -0.010297880358241081], [0.00827431663043543, 0.006713848874190128, -0.006920316639576054], [-0.010297880358241083, -0.006920316639576055, 0.009197325207674151]], "chi2_level": 0.95, "chi2_df": 3, "chi2_threshold": 7.814727903251179, "N_raw": 39, "N_roi": 39, "N_inlier": 38, "refit": true}
{"timestamp": "19:57:48.873553", "frame": 16, "mu": [-1.952306484383713, 3.2106253777141265, 1.009089820169581], "Sigma": [[0.006988184160802893, 0.003052395023040522, -0.0010071973265602233], [0.003052395023040522, 0.0018840916969414172, -0.002042359232354042], [-0.0010071973265602238, -0.0020423592323540415, 0.010962546250602319]], "chi2_level": 0.95, "chi2_df": 3, "chi2_threshold": 7.814727903251179, "N_raw": 21, "N_roi": 20, "N_inlier": 18, "refit": true}
{"timestamp": "19:57:48.928064", "frame": 17, "mu": [-1.795184192484204, 3.27096210291329, 0.7373516243303162], "Sigma": [[0.010080584997697277, 0.01625160207032023, -0.025558459801038064], [0.01625160207032023, 0.031152560305413676, -0.03695674250491487], [-0.025558459801038064, -0.03695674250491487, 0.07557810057283602]], "chi2_level": 0.95, "chi2_df": 3, "chi2_threshold": 7.814727903251179, "N_raw": 10, "N_roi": 8, "N_inlier": 7, "refit": true}
{"timestamp": "19:57:48.982011", "frame": 18, "mu": [-1.730213633924155, 3.365095501781271, 0.8660955525791136], "Sigma": [[0.006262237985813423, 0.010390415360749562, -0.021191280142960164], [0.010390415360749562, 0.018109189057029053, -0.03780743136885392], [-0.021191280142960164, -0.03780743136885392, 0.0893953124960565]], "chi2_level": 0.95, "chi2_df": 3, "chi2_threshold": 7.814727903251179, "N_raw": 12, "N_roi": 8, "N_inlier": 8, "refit": true}
{"timestamp": "19:57:49.041078", "frame": 19, "mu": [-1.630762379057829, 3.2585888836429473, 0.6771607648645114], "Sigma": [[0.013193684502098362, 0.002886150519856185, -0.007938608597063634], [0.0028861505198561855, 0.0028594009963071702, -0.0035449147936523645], [-0.007938608597063634, -0.0035449147936523645, 0.0090096756338322]], "chi2_level": 0.95, "chi2_df": 3, "chi2_threshold": 7.814727903251179, "N_raw": 31, "N_roi": 29, "N_inlier": 26, "refit": true}
{"timestamp": "19:57:49.101415", "frame": 20, "mu": [-1.5762669825725957, 3.2026118839276196, 0.7066487257035226], "Sigma": [[0.020912439602622627, 0.005857100010783878, -0.018369448544676155], [0.005857100010783878, 0.006072959053587936, -0.01107924868633186], [-0.018369448544676155, -0.01107924868633186, 0.03688929218299149]], "chi2_level": 0.95, "chi2_df": 3, "chi2_threshold": 7.814727903251179, "N_raw": 69, "N_roi": 67, "N_inlier": 66, "refit": true}
{"timestamp": "19:57:49.155597", "frame": 21, "mu": [-1.4991424849306318, 3.2268350508439725, 0.882302832419488], "Sigma": [[0.017960287791234222, 0.0010849361728557934, -0.01944272038305297], [0.0010849361728557932, 0.0023785178293092785, -0.0063256817166135754], [-0.019442720383052968, -0.0063256817166135754, 0.05609745996550822]], "chi2_level": 0.95, "chi2_df": 3, "chi2_threshold": 7.814727903251179, "N_raw": 68, "N_roi": 65, "N_inlier": 61, "refit": true}
{"timestamp": "19:57:49.208745", "frame": 22, "mu": [-1.4428749133505505, 3.17891544814055, 0.7875066800437438], "Sigma": [[0.016310433429157365, -0.0005233948157689918, -0.017505205356540612], [-0.0005233948157689919, 0.0008482540529523019, -0.00230861169541606], [-0.017505205356540612, -0.00230861169541606, 0.04920058784978254]], "chi2_level": 0.95, "chi2_df": 3, "chi2_threshold": 7.814727903251179, "N_raw": 53, "N_roi": 53, "N_inlier": 51, "refit": true}
{"timestamp": "19:57:49.265165", "frame": 23, "mu": [-1.3574538016819817, 3.1226474370880895, 0.6764409428612771], "Sigma": [[0.015393492953985791, -0.0008058260864270255, -0.019130460978515725], [-0.0008058260864270253, 0.0009867570954092432, -0.0024113934457680314], [-0.019130460978515725, -0.0024113934457680314, 0.0589367771357357]], "chi2_level": 0.95, "chi2_df": 3, "chi2_threshold": 7.814727903251179, "N_raw": 62, "N_roi": 59, "N_inlier": 57, "refit": true}
{"timestamp": "19:57:49.323113", "frame": 24, "mu": [-1.2867242595415178, 3.343972141230386, -0.2818804605532115], "Sigma": [[0.023506837801186214, 0.005262340099456404, -0.023780252177182912], [0.005262340099456404, 0.008534705820605627, -0.013356822642622314], [-0.02378025217718291, -0.013356822642622314, 0.03598599764876146]], "chi2_level": 0.95, "chi2_df": 3, "chi2_threshold": 7.814727903251179, "N_raw": 78, "N_roi": 74, "N_inlier": 70, "refit": true}
{"timestamp": "19:57:49.372451", "frame": 25, "mu": [-1.2093104860591999, 3.1246524473321626, 0.9155020847112273], "Sigma": [[0.018903319379334003, -0.004740189685255145, -0.03418105290976882], [-0.004740189685255145, 0.003539099082179222, 0.014579735181324726], [-0.03418105290976882, 0.014579735181324726, 0.10474729346409511]], "chi2_level": 0.95, "chi2_df": 3, "chi2_threshold": 7.814727903251179, "N_raw": 45, "N_roi": 41, "N_inlier": 41, "refit": true}
{"timestamp": "19:57:49.431779", "frame": 26, "mu": [-1.0488266092647751, 3.095874385013174, 0.6633156818449074], "Sigma": [[0.020462577466061657, -0.005139669331891658, -0.026444668024809742], [-0.005139669331891658, 0.014416803843786909, 0.011112956592979771], [-0.026444668024809742, 0.01111295659297977, 0.03833105848261398]], "chi2_level": 0.95, "chi2_df": 3, "chi2_threshold": 7.814727903251179, "N_raw": 72, "N_roi": 70, "N_inlier": 69, "refit": true}
{"timestamp": "19:57:49.486434", "frame": 27, "mu": [-0.9948619851348576, 3.033897711323519, 0.7139364336454732], "Sigma": [[0.020770722858281812, 0.00027830109151948866, -0.014984208890132198], [0.00027830109151948866, 0.004396701984275909, -0.002169339623657158], [-0.014984208890132198, -0.002169339623657158, 0.013196127526261092]], "chi2_level": 0.95, "chi2_df": 3, "chi2_threshold": 7.814727903251179, "N_raw": 67, "N_roi": 63, "N_inlier": 59, "refit": true}
{"timestamp": "19:57:49.537954", "frame": 28, "mu": [-0.8928341848154303, 3.240616781314971, -0.5151213691866292], "Sigma": [[0.011674792665611921, -0.0009347321235704514, -0.010528760063453371], [-0.0009347321235704514, 0.007017325597010581, -0.000979193791101272], [-0.010528760063453371, -0.000979193791101272, 0.016179537070422696]], "chi2_level": 0.95, "chi2_df": 3, "chi2_threshold": 7.814727903251179, "N_raw": 37, "N_roi": 32, "N_inlier": 28, "refit": true}
{"timestamp": "19:57:49.592841", "frame": 29, "mu": [-0.9356427053067056, 3.120519705717822, 1.0067391916296005], "Sigma": [[0.01360178410978711, -0.005082037748763911, -0.022775473566086498], [-0.005082037748763911, 0.0063858579052989885, 0.010495479999917429], [-0.022775473566086498, 0.010495479999917427, 0.04085088369516367]], "chi2_level": 0.95, "chi2_df": 3, "chi2_threshold": 7.814727903251179, "N_raw": 42, "N_roi": 40, "N_inlier": 38, "refit": true}
{"timestamp": "19:57:49.650710", "frame": 30, "mu": [-0.8439076862483691, 3.3043224532843505, -0.21935889932688743], "Sigma": [[0.014652480614354401, 0.0014402799278333844, -0.017220330539660204], [0.001440279927833384, 0.0067840848145228, -0.004057581459856647], [-0.017220330539660204, -0.004057581459856647, 0.023157572818017662]], "chi2_level": 0.95, "chi2_df": 3, "chi2_threshold": 7.814727903251179, "N_raw": 63, "N_roi": 63, "N_inlier": 58, "refit": true}
{"timestamp": "19:57:49.702847", "frame": 31, "mu": [-0.775848976462699, 3.190488125241765, 1.1006393808042323], "Sigma": [[0.014878394153337247, -0.0018799104908241453, -0.020396801278901054], [-0.0018799104908241453, 0.00434645535070143, 0.0033099117295291034], [-0.020396801278901054, 0.003309911729529104, 0.030125802629948534]], "chi2_level": 0.95, "chi2_df": 3, "chi2_threshold": 7.814727903251179, "N_raw": 48, "N_roi": 45, "N_inlier": 41, "refit": true}
{"timestamp": "19:57:49.757220", "frame": 32, "mu": [-0.7323815288630353, 3.2728608883956314, 0.006298068758413214], "Sigma": [[0.012202811198650765, 0.0014841594282945236, -0.010641307676652452], [0.0014841594282945238, 0.0038616091062140733, 0.0016565449432871986], [-0.010641307676652452, 0.0016565449432871984, 0.014896238417098225]], "chi2_level": 0.95, "chi2_df": 3, "chi2_threshold": 7.814727903251179, "N_raw": 43, "N_roi": 41, "N_inlier": 38, "refit": true}
{"timestamp": "19:57:49.816571", "frame": 33, "mu": [-0.6431934715395207, 3.305865119925686, 0.02216922636317679], "Sigma": [[0.020948856207449955, 0.0029798255007480803, -0.013711063805143508], [0.0029798255007480803, 0.006087437661137305, 8.79931610738607e-06], [-0.013711063805143506, 8.799316107386179e-06, 0.013801676836062832]], "chi2_level": 0.95, "chi2_df": 3, "chi2_threshold": 7.814727903251179, "N_raw": 68, "N_roi": 64, "N_inlier": 60, "refit": true}
{"timestamp": "19:57:49.868196", "frame": 34, "mu": [-0.5858141258945387, 3.072375451248034, 0.6432827510039811], "Sigma": [[0.012503393441914853, 0.0034851393824562146, 0.021748903607129305], [0.003485139382456214, 0.004094536937254606, 0.02498077670673752], [0.021748903607129305, 0.02498077670673752, 0.37304670364709636]], "chi2_level": 0.95, "chi2_df": 3, "chi2_threshold": 7.814727903251179, "N_raw": 48, "N_roi": 44, "N_inlier": 43, "refit": true}
{"timestamp": "19:57:49.923532", "frame": 35, "mu": [-0.47542024664269267, 3.263091924511686, 1.3134152163569883], "Sigma": [[0.018272540611536034, 0.0011483663807734788, -0.010519509958520662], [0.0011483663807734788, 0.0035241815920119615, -0.0025296636707678277], [-0.010519509958520662, -0.0025296636707678273, 0.020101658149928557]], "chi2_level": 0.95, "chi2_df": 3, "chi2_threshold": 7.814727903251179, "N_raw": 55, "N_roi": 53, "N_inlier": 50, "refit": true}
{"timestamp": "19:57:49.977670", "frame": 36, "mu": [-0.4680237461682203, 3.1630213179645907, 1.2632128970605343], "Sigma": [[0.015688366351275226, 0.0030035035582231533, -0.000955840884793421], [0.0030035035582231533, 0.006378264531834236, 0.005866168021358023], [-0.000955840884793421, 0.005866168021358023, 0.006966063869888851]], "chi2_level": 0.95, "chi2_df": 3, "chi2_threshold": 7.814727903251179, "N_raw": 43, "N_roi": 40, "N_inlier": 38, "refit": true}
{"timestamp": "19:57:50.033696", "frame": 37, "mu": [-0.37747998081213724, 3.194498292577955, 1.3369974866046883], "Sigma": [[0.021749672251055716, 0.0009496985719262976, -0.007576596789168111], [0.0009496985719262971, 0.005186702698774403, 0.00453740153956763], [-0.007576596789168111, 0.00453740153956763, 0.007744061826843866]], "chi2_level": 0.95, "chi2_df": 3, "chi2_threshold": 7.814727903251179, "N_raw": 51, "N_roi": 51, "N_inlier": 46, "refit": true}
{"timestamp": "19:57:50.089840", "frame": 38, "mu": [-0.26759361446422786, 3.1776707852187505, 1.0821277818429282], "Sigma": [[0.016049394204838818, 0.00018925214875360028, -0.010330897338523128], [0.00018925214875360066, 0.0031562569709342033, -0.004401627876127093], [-0.010330897338523128, -0.004401627876127093, 0.0158321879591181]], "chi2_level": 0.95, "chi2_df": 3, "chi2_threshold": 7.814727903251179, "N_raw": 59, "N_roi": 59, "N_inlier": 57, "refit": true}
{"timestamp": "19:57:50.146116", "frame": 39, "mu": [-0.18693086560136152, 3.1866299185117324, 1.1118949405943108], "Sigma": [[0.018746978654680974, -0.0006845477359943748, -0.009891516740919842], [-0.0006845477359943748, 0.002694256046632386, -0.00277901243296851], [-0.009891516740919842, -0.00277901243296851, 0.0164282020107071]], "chi2_level": 0.95, "chi2_df": 3, "chi2_threshold": 7.814727903251179, "N_raw": 65, "N_roi": 61, "N_inlier": 58, "refit": true}
{"timestamp": "19:57:50.202617", "frame": 40, "mu": [-0.11434293910773996, 3.152866880763319, 1.084323352786213], "Sigma": [[0.019899587919359668, -0.0010208407640547258, -0.00925974658805594], [-0.0010208407640547262, 0.0055151390052641846, -0.003784312585971636], [-0.009259746588055942, -0.003784312585971636, 0.010104844280372853]], "chi2_level": 0.95, "chi2_df": 3, "chi2_threshold": 7.814727903251179, "N_raw": 83, "N_roi": 80, "N_inlier": 75, "refit": true}
{"timestamp": "19:57:50.256893", "frame": 41, "mu": [-0.04971866816295115, 3.279485976485407, 0.0682659222139297], "Sigma": [[0.014128586757943118, 0.0006841885127276206, -0.006902669459750023], [0.0006841885127276204, 0.007662707689891009, -0.0026698509380117834], [-0.006902669459750023, -0.0026698509380117834, 0.015265500727983656]], "chi2_level": 0.95, "chi2_df": 3, "chi2_threshold": 7.814727903251179, "N_raw": 72, "N_roi": 69, "N_inlier": 63, "refit": true}
{"timestamp": "19:57:50.306769", "frame": 42, "mu": [0.023155547336833872, 3.117394724917451, 1.167463681917483], "Sigma": [[0.008651454845761535, 0.00037894118125823676, -0.00015588902693781806], [0.00037894118125823676, 0.008985369514391458, 0.014621654239240101], [-0.0001558890269378179, 0.014621654239240101, 0.028057396618721024]], "chi2_level": 0.95, "chi2_df": 3, "chi2_threshold": 7.814727903251179, "N_raw": 36, "N_roi": 34, "N_inlier": 31, "refit": true}
{"timestamp": "19:57:50.362412", "frame": 43, "mu": [0.07627297624162832, 3.1036016760894003, 1.0559139632715913], "Sigma": [[0.011485907115143081, -0.0018377456991208628, -0.008041520916570257], [-0.0018377456991208628, 0.004046310088209504, -0.0008611008355100636], [-0.008041520916570257, -0.0008611008355100633, 0.008637066111596148]], "chi2_level": 0.95, "chi2_df": 3, "chi2_threshold": 7.814727903251179, "N_raw": 48, "N_roi": 47, "N_inlier": 46, "refit": true}
{"timestamp": "19:57:50.416485", "frame": 44, "mu": [0.20221309172228297, 3.0773766605501205, 1.060043152460301], "Sigma": [[0.009990702416166312, -0.002727338699988046, -0.005994753920968587], [-0.002727338699988046, 0.004055040420732766, 0.0013807375052153849], [-0.005994753920968587, 0.0013807375052153844, 0.004790319253016908]], "chi2_level": 0.95, "chi2_df": 3, "chi2_threshold": 7.814727903251179, "N_raw": 38, "N_roi": 38, "N_inlier": 35, "refit": true}
{"timestamp": "19:57:50.473068", "frame": 45, "mu": [0.2637467510866391, 3.1791502862462084, 1.3694990373225993], "Sigma": [[0.012391995762876706, -0.003000841498012792, -0.00965558353458531], [-0.003000841498012792, 0.005276483626385028, 0.0015774992529806946], [-0.009655583534585312, 0.0015774992529806946, 0.012551508628621236]], "chi2_level": 0.95, "chi2_df": 3, "chi2_threshold": 7.814727903251179, "N_raw": 51, "N_roi": 51, "N_inlier": 48, "refit": true}
{"timestamp": "19:57:50.523897", "frame": 46, "mu": [0.3178040035377037, 3.242393746289434, 0.35061746876338107], "Sigma": [[0.0036328224150911264, 0.001024120622085895, -0.00443918118215539], [0.0010241206220858953, 0.0019206548974270892, -0.0013201835612037542], [-0.00443918118215539, -0.001320183561203754, 0.011476958492401606]], "chi2_level": 0.95, "chi2_df": 3, "chi2_threshold": 7.814727903251179, "N_raw": 16, "N_roi": 13, "N_inlier": 10, "refit": true}
{"timestamp": "19:57:50.582259", "frame": 47, "mu": [0.4151246019623206, 3.095122703730587, 1.1641841297256568], "Sigma": [[0.011212098022051755, -0.0020582530664619153, -0.003615601391015507], [-0.0020582530664619153, 0.003288261694212353, -0.0014512622413814513], [-0.003615601391015507, -0.0014512622413814515, 0.0060397769482228416]], "chi2_level": 0.95, "chi2_df": 3, "chi2_threshold": 7.814727903251179, "N_raw": 46, "N_roi": 45, "N_inlier": 41, "refit": true}
{"timestamp": "19:57:50.636304", "frame": 48, "mu": [0.3912131165261478, 3.13706098569743, 0.8178993830173499], "Sigma": [[0.0098105424053246, 0.0029803501740216926, 0.042254230316852145], [0.0029803501740216917, 0.006816472413690222, 0.054883124895026385], [0.042254230316852145, 0.054883124895026385, 0.6752098409115326]], "chi2_level": 0.95, "chi2_df": 3, "chi2_threshold": 7.814727903251179, "N_raw": 39, "N_roi": 38, "N_inlier": 37, "refit": true}
{"timestamp": "19:57:50.697280", "frame": 49, "mu": [0.5669754975331105, 3.134458435522325, 1.242831549440305], "Sigma": [[0.014704576007292362, -0.0044551025828891404, -0.01249230603576744], [-0.0044551025828891404, 0.009158898078775795, 0.003938278886044877], [-0.01249230603576744, 0.003938278886044877, 0.014586073499635177]], "chi2_level": 0.95, "chi2_df": 3, "chi2_threshold": 7.814727903251179, "N_raw": 71, "N_roi": 68, "N_inlier": 64, "refit": true}
{"timestamp": "19:57:50.749408", "frame": 50, "mu": [0.6663401079096684, 3.1447937884129074, -0.39135828562281544], "Sigma": [[0.010979584732809208, 0.002633018436798011, 0.027508326030835688], [0.002633018436798011, 0.007620235497172155, 0.01206594506397422], [0.027508326030835688, 0.012065945063974216, 0.12039104382972596]], "chi2_level": 0.95, "chi2_df": 3, "chi2_threshold": 7.814727903251179, "N_raw": 53, "N_roi": 51, "N_inlier": 49, "refit": true}
{"timestamp": "19:57:50.800459", "frame": 51, "mu": [0.7285262895669419, 3.1654011980217325, 0.9999925196905183], "Sigma": [[0.006604075996221191, -0.001149407507670608, 0.009974778997622596], [-0.0011494075076706083, 0.0057848694472316066, 0.012901984058820346], [0.009974778997622596, 0.012901984058820346, 0.21934281183777118]], "chi2_level": 0.95, "chi2_df": 3, "chi2_threshold": 7.814727903251179, "N_raw": 30, "N_roi": 27, "N_inlier": 26, "refit": true}
{"timestamp": "19:57:50.860209", "frame": 52, "mu": [0.7795770952217449, 3.10967579764722, 0.9081996959348885], "Sigma": [[0.010609032066942482, -0.0025872779643793045, 0.00732219164634038], [-0.0025872779643793045, 0.004313898392997969, 0.005548826522860417], [0.0073221916463403775, 0.005548826522860416, 0.25077019544726664]], "chi2_level": 0.95, "chi2_df": 3, "chi2_threshold": 7.814727903251179, "N_raw": 69, "N_roi": 69, "N_inlier": 69, "refit": true}
{"timestamp": "19:57:50.907763", "frame": 53, "mu": [0.8449025785035383, 3.094260050283373, 0.7642037977310505], "Sigma": [[0.0013534197343090149, -0.0007165225825363457, -0.007024254057644411], [-0.0007165225825363457, 0.0062336124862100144, -0.020668500407125465], [-0.007024254057644411, -0.020668500407125465, 0.3384590685745224]], "chi2_level": 0.95, "chi2_df": 3, "chi2_threshold": 7.814727903251179, "N_raw": 11, "N_roi": 9, "N_inlier": 9, "refit": true}
{"timestamp": "19:57:50.964164", "frame": 54, "mu": [0.8851250983256747, 3.199456916646931, 1.341719243908283], "Sigma": [[0.008097684420651908, -0.002849025415007772, -0.006397286163828831], [-0.002849025415007772, 0.0015502341290532665, 0.001106687793185968], [-0.00639728616382883, 0.0011066877931859677, 0.05611420204380716]], "chi2_level": 0.95, "chi2_df": 3, "chi2_threshold": 7.814727903251179, "N_raw": 26, "N_roi": 26, "N_inlier": 23, "refit": true}
{"timestamp": "19:57:51.023434", "frame": 55, "mu": [0.98139243107111, 3.1585709169819176, 1.3000414111360672], "Sigma": [[0.01150939190502583, -0.006369009433370656, -0.012483228965335621], [-0.006369009433370656, 0.008920538940620514, 0.0029873397187879375], [-0.012483228965335621, 0.0029873397187879375, 0.04067467442451737]], "chi2_level": 0.95, "chi2_df": 3, "chi2_threshold": 7.814727903251179, "N_raw": 53, "N_roi": 48, "N_inlier": 45, "refit": true}
{"timestamp": "19:57:51.072955", "frame": 56, "mu": [1.147653079401363, 3.0593674318557773, 0.6842086704587281], "Sigma": [[0.006882298487994395, 0.0027727131968691902, -0.031158017200304512], [0.002772713196869191, 0.006973063437102261, -0.019780728708182788], [-0.031158017200304512, -0.019780728708182784, 0.17389325060196412]], "chi2_level": 0.95, "chi2_df": 3, "chi2_threshold": 7.814727903251179, "N_raw": 12, "N_roi": 10, "N_inlier": 10, "refit": true}
{"timestamp": "19:57:51.129752", "frame": 57, "mu": [1.2213332657780658, 3.151098932536123, -0.12667013514158212], "Sigma": [[0.008441295731988043, -0.0021690675764260855, -4.791916026829088e-05], [-0.0021690675764260855, 0.003543040672512298, 0.0018609956070637361], [-4.7919160268291016e-05, 0.0018609956070637364, 0.003685914213710754]], "chi2_level": 0.95, "chi2_df": 3, "chi2_threshold": 7.814727903251179, "N_raw": 25, "N_roi": 25, "N_inlier": 22, "refit": true}
{"timestamp": "19:57:51.184273", "frame": 58, "mu": [1.2133537431612074, 3.0047283865219443, 1.0399832075116962], "Sigma": [[0.01276215573852812, -0.00704866887798704, -0.0052277174086230085], [-0.00704866887798704, 0.005369099869892043, 0.0022097678342370523], [-0.0052277174086230085, 0.0022097678342370523, 0.0033881092206902936]], "chi2_level": 0.95, "chi2_df": 3, "chi2_threshold": 7.814727903251179, "N_raw": 28, "N_roi": 28, "N_inlier": 26, "refit": true}
{"timestamp": "19:57:51.240858", "frame": 59, "mu": [1.266914300023625, 3.157342889233486, 0.037054491768723025], "Sigma": [[0.009732403932821354, -0.0024747085793981197, -0.008281021648905727], [-0.0024747085793981197, 0.0038717237697259107, 0.0008864848502253969], [-0.008281021648905727, 0.0008864848502253973, 0.014432023693531323]], "chi2_level": 0.95, "chi2_df": 3, "chi2_threshold": 7.814727903251179, "N_raw": 34, "N_roi": 34, "N_inlier": 32, "refit": true}
{"timestamp": "19:57:51.297692", "frame": 60, "mu": [1.3733582513309408, 3.040503849880131, 1.1278249878979036], "Sigma": [[0.015459949614394166, -0.0054548836075705934, -0.006686326085099833], [-0.0054548836075705934, 0.0071923624417585715, 0.003077486741049614], [-0.006686326085099833, 0.003077486741049614, 0.005039506168035859]], "chi2_level": 0.95, "chi2_df": 3, "chi2_threshold": 7.814727903251179, "N_raw": 49, "N_roi": 47, "N_inlier": 46, "refit": true}
{"timestamp": "19:57:51.348034", "frame": 61, "mu": [1.3791439442471773, 3.2431439337638754, 0.07439872588559406], "Sigma": [[0.003368366149799201, -0.001255802400415776, -0.003399578980639599], [-0.001255802400415776, 0.007024136063103378, -0.01301135446699109], [-0.003399578980639599, -0.01301135446699109, 0.0585545073937878]], "chi2_level": 0.95, "chi2_df": 3, "chi2_threshold": 7.814727903251179, "N_raw": 15, "N_roi": 15, "N_inlier": 13, "refit": true}
{"timestamp": "19:57:51.401770", "frame": 62, "mu": [1.4621285511965707, 3.066274589078761, 0.8961376117065061], "Sigma": [[0.0031382263993802056, -5.773157157028751e-06, -0.010154255809490422], [-5.773157157028751e-06, 0.005529619404010369, -0.021635431384136573], [-0.010154255809490422, -0.021635431384136573, 0.19965507192651838]], "chi2_level": 0.95, "chi2_df": 3, "chi2_threshold": 7.814727903251179, "N_raw": 12, "N_roi": 12, "N_inlier": 11, "refit": true}
{"timestamp": "19:57:51.513099", "frame": 64, "mu": [1.5480444779218712, 3.1101265873034967, 1.4443627811024362], "Sigma": [[0.008386686368745578, -0.003368006832717524, -0.00835452097299288], [-0.0033680068327175245, 0.003871597733934326, 0.002605159634360082], [-0.00835452097299288, 0.002605159634360082, 0.012085914797542138]], "chi2_level": 0.95, "chi2_df": 3, "chi2_threshold": 7.814727903251179, "N_raw": 23, "N_roi": 23, "N_inlier": 21, "refit": true}
{"timestamp": "19:57:51.568109", "frame": 65, "mu": [1.6328126244313825, 3.1334453174137598, 1.1857790900053637], "Sigma": [[0.010420289427086367, -0.006350576698787629, -0.010644084178591577], [-0.006350576698787629, 0.004476376665405213, 0.005120954950811346], [-0.010644084178591579, 0.005120954950811346, 0.01986568163807087]], "chi2_level": 0.95, "chi2_df": 3, "chi2_threshold": 7.814727903251179, "N_raw": 23, "N_roi": 21, "N_inlier": 20, "refit": true}
{"timestamp": "19:57:51.623981", "frame": 66, "mu": [1.6052061964557396, 3.1820021162965015, 1.3703270844005713], "Sigma": [[0.01345605775188438, -0.008759041392392088, -0.015757707618070743], [-0.008759041392392088, 0.006837576313238512, 0.007776406542879797], [-0.015757707618070743, 0.007776406542879797, 0.035828735875243725]], "chi2_level": 0.95, "chi2_df": 3, "chi2_threshold": 7.814727903251179, "N_raw": 30, "N_roi": 29, "N_inlier": 28, "refit": true}
{"timestamp": "19:57:51.679082", "frame": 67, "mu": [1.668098714658006, 3.1982342325916226, 1.4523561472568014], "Sigma": [[0.00785110303433452, -0.0032102792484850692, -0.005695633204234603], [-0.0032102792484850692, 0.00342220558595429, 0.0007054480271995319], [-0.005695633204234603, 0.0007054480271995319, 0.007723571929300216]], "chi2_level": 0.95, "chi2_df": 3, "chi2_threshold": 7.814727903251179, "N_raw": 27, "N_roi": 25, "N_inlier": 23, "refit": true}
{"timestamp": "19:57:51.734048", "frame": 68, "mu": [1.7633159692510056, 3.1577098703615163, 1.3387087038280536], "Sigma": [[0.005946910754211433, -0.004295245909305244, -0.004208950649264172], [-0.004295245909305244, 0.004252638461508139, 0.001345610947871377], [-0.004208950649264173, 0.0013456109478713763, 0.0334058588050767]], "chi2_level": 0.95, "chi2_df": 3, "chi2_threshold": 7.814727903251179, "N_raw": 23, "N_roi": 22, "N_inlier": 21, "refit": true}
{"timestamp": "19:57:51.789849", "frame": 69, "mu": [1.6997520142453164, 3.2108459240409983, 1.5260733144439043], "Sigma": [[0.009969396622853397, -0.0055327350901380684, -0.007422385062729155], [-0.0055327350901380684, 0.007686283041668174, 0.00588121511809819], [-0.007422385062729155, 0.00588121511809819, 0.010528816447874867]], "chi2_level": 0.95, "chi2_df": 3, "chi2_threshold": 7.814727903251179, "N_raw": 35, "N_roi": 33, "N_inlier": 31, "refit": true}
{"timestamp": "19:57:51.843446", "frame": 70, "mu": [1.8511733820910754, 3.2242235321729473, 1.495520032987723], "Sigma": [[0.00725710051243291, -0.002886160736966611, -0.0036532536769629566], [-0.002886160736966611, 0.00456366577118551, 0.00126005660927735], [-0.0036532536769629566, 0.00126005660927735, 0.007073780849583925]], "chi2_level": 0.95, "chi2_df": 3, "chi2_threshold": 7.814727903251179, "N_raw": 20, "N_roi": 20, "N_inlier": 18, "refit": true}
{"timestamp": "19:57:51.897468", "frame": 71, "mu": [1.8489983899127542, 3.1680315340100074, 0.9640901202426694], "Sigma": [[0.0006652333662007481, 0.0003627309911761197, 0.008558293998931593], [0.0003627309911761196, 0.00416005776463381, -0.00282407371932904], [0.008558293998931593, -0.002824073719329038, 0.24495242069863524]], "chi2_level": 0.95, "chi2_df": 3, "chi2_threshold": 7.814727903251179, "N_raw": 9, "N_roi": 9, "N_inlier": 9, "refit": true}
{"timestamp": "19:57:52.006411", "frame": 73, "mu": [1.7749042647159956, 2.8345250745565744, 1.2139542694221266], "Sigma": [[0.41757147036278425, 0.6519794412572834, -0.24651241648410133], [0.6519794412572834, 1.0191372501141511, -0.3828503268813649], [-0.24651241648410133, -0.3828503268813649, 0.28637805663617333]], "chi2_level": 0.95, "chi2_df": 3, "chi2_threshold": 7.814727903251179, "N_raw": 7, "N_roi": 7, "N_inlier": 7, "refit": true}
