{"timestamp": "19:25:06.896663", "frame": 16, "mu": [-2.421699657050671, 1.0985329048847705, 0.8901350519722557], "Sigma": [[0.0008007985502406456, 0.0005948722416670077, -0.0005751271426992423], [0.0005948722416670078, 0.0013679616287072714, -0.0010023242362174026], [-0.0005751271426992424, -0.0010023242362174024, 0.004435771720656928]], "chi2_level": 0.95, "chi2_df": 3, "chi2_threshold": 7.814727903251179, "N_raw": 16, "N_roi": 7, "N_inlier": 7, "refit": true}
{"timestamp": "19:25:06.953921", "frame": 17, "mu": [-2.432889502863153, 1.0213242497479937, 0.9304547293561307], "Sigma": [[0.002534131487306807, 0.0030299937002743523, -0.0018387551028133386], [0.0030299937002743523, 0.007256177773502427, -0.00786994278991967], [-0.0018387551028133382, -0.007869942789919667, 0.015070419376112832]], "chi2_level": 0.95, "chi2_df": 3, "chi2_threshold": 7.814727903251179, "N_raw": 42, "N_roi": 21, "N_inlier": 21, "refit": true}
{"timestamp": "19:25:07.005989", "frame": 18, "mu": [-2.438518220950027, 0.9843955592285452, 0.8712100611839372], "Sigma": [[0.0018041241923496454, 0.0020646859209734747, -0.0018520551525326345], [0.0020646859209734747, 0.00319736237876963, 3.478482785271514e-05], [-0.0018520551525326341, 3.478482785271536e-05, 0.010262169181797128]], "chi2_level": 0.95, "chi2_df": 3, "chi2_threshold": 7.814727903251179, "N_raw": 16, "N_roi": 9, "N_inlier": 9, "refit": true}
{"timestamp": "19:25:07.063890", "frame": 19, "mu": [-2.4476817431429327, 1.0232370324302558, 0.8081255985358696], "Sigma": [[0.0016706059130374101, 0.0014939705072334337, -0.00011444638837465251], [0.0014939705072334337, 0.0049575870874928405, -0.0019925057925017173], [-0.0001144463883746526, -0.0019925057925017173, 0.01868048936188584]], "chi2_level": 0.95, "chi2_df": 3, "chi2_threshold": 7.814727903251179, "N_raw": 42, "N_roi": 15, "N_inlier": 15, "refit": true}
{"timestamp": "19:25:07.170455", "frame": 21, "mu": [-2.1271223403074124, 0.9188273296278182, 0.9504159889391681], "Sigma": [[0.6038845734480195, -0.2475154766213623, 0.22274379680761602], [-0.24751547662136233, 0.10682061524845964, -0.09335362345372283], [0.22274379680761605, -0.09335362345372282, 0.08295320597810159]], "chi2_level": 0.95, "chi2_df": 3, "chi2_threshold": 7.814727903251179, "N_raw": 8, "N_roi": 8, "N_inlier": 8, "refit": true}
{"timestamp": "19:25:07.225053", "frame": 22, "mu": [-2.3768478966632234, 0.9344765443326701, 0.8746084166319321], "Sigma": [[0.00271275038072113, 0.005049853878292688, -0.0007278180258813079], [0.005049853878292688, 0.00951897728450268, -0.0018552596960485024], [-0.0007278180258813079, -0.0018552596960485024, 0.002872714410483659]], "chi2_level": 0.95, "chi2_df": 3, "chi2_threshold": 7.814727903251179, "N_raw": 9, "N_roi": 9, "N_inlier": 9, "refit": true}
{"timestamp": "19:25:07.335666", "frame": 24, "mu": [-2.3756880823649444, 0.8236028443064062, 0.9919805491015028], "Sigma": [[0.003868455028991584, 0.004724762971522678, 0.002777436566379795], [0.004724762971522679, 0.008761314528594145, -0.00671183352346844], [0.002777436566379794, -0.006711833523468439, 0.0444064694966862]], "chi2_level": 0.95, "chi2_df": 3, "chi2_threshold": 7.814727903251179, "N_raw": 18, "N_roi": 13, "N_inlier": 12, "refit": true}
{"timestamp": "19:25:07.394408", "frame": 25, "mu": [-1.6738927945275632, 0.7514075246999172, 0.7261329102922938], "Sigma": [[2.9595809613258663, -0.03357634709940368, -0.011422100841025394], [-0.03357634709940369, 0.014862313457141015, 0.0005669092901277061], [-0.01142210084102539, 0.0005669092901277061, 0.01698532738321803]], "chi2_level": 0.95, "chi2_df": 3, "chi2_threshold": 7.814727903251179, "N_raw": 42, "N_roi": 34, "N_inlier": 33, "refit": true}
{"timestamp": "19:25:07.444684", "frame": 26, "mu": [-2.3259841098163685, 0.805029390459209, 0.6672501739315959], "Sigma": [[0.002268788471248593, 0.00317173743283267, -0.001786936426038146], [0.00317173743283267, 0.005624440634631809, -0.0030175321752060765], [-0.001786936426038146, -0.0030175321752060765, 0.009952129396979092]], "chi2_level": 0.95, "chi2_df": 3, "chi2_threshold": 7.814727903251179, "N_raw": 14, "N_roi": 14, "N_inlier": 13, "refit": true}
{"timestamp": "19:25:07.556917", "frame": 28, "mu": [-2.2020578343576624, 0.8066780255829363, 1.0544382211765704], "Sigma": [[0.006699635870458348, 0.009731006645820583, -0.00324765057059559], [0.009731006645820583, 0.015919880658352373, -0.00705815133457821], [-0.00324765057059559, -0.00705815133457821, 0.009437032502370607]], "chi2_level": 0.95, "chi2_df": 3, "chi2_threshold": 7.814727903251179, "N_raw": 27, "N_roi": 27, "N_inlier": 27, "refit": true}
{"timestamp": "19:25:07.614436", "frame": 29, "mu": [-2.093063608745995, 0.8265223852122416, 1.0760089580777035], "Sigma": [[0.004758551497267121, 0.0060141092558703415, -0.0026776722860629683], [0.006014109255870342, 0.008773541875549124, -0.004148440634336706], [-0.0026776722860629688, -0.004148440634336706, 0.004361114729243123]], "chi2_level": 0.95, "chi2_df": 3, "chi2_threshold": 7.814727903251179, "N_raw": 17, "N_roi": 17, "N_inlier": 17, "refit": true}
{"timestamp": "19:25:07.669186", "frame": 30, "mu": [-2.1775829696317692, 0.6971104091927158, 0.8268063193706939], "Sigma": [[0.005107635057298133, 0.006141995116137382, -0.0025177612591731824], [0.006141995116137382, 0.010414844327336399, -0.007601984176691291], [-0.002517761259173182, -0.007601984176691291, 0.012596144263326283]], "chi2_level": 0.95, "chi2_df": 3, "chi2_threshold": 7.814727903251179, "N_raw": 37, "N_roi": 37, "N_inlier": 35, "refit": true}
{"timestamp": "19:25:07.720999", "frame": 31, "mu": [-2.1436989234270074, 0.7011046634862812, 0.7929769133181488], "Sigma": [[0.006895025213150175, 0.008407676868379819, 0.006672520917940706], [0.008407676868379819, 0.01628345436835041, 0.004461348725573105], [0.006672520917940706, 0.004461348725573105, 0.030102426030036412]], "chi2_level": 0.95, "chi2_df": 3, "chi2_threshold": 7.814727903251179, "N_raw": 20, "N_roi": 20, "N_inlier": 19, "refit": true}
{"timestamp": "19:25:07.779017", "frame": 32, "mu": [-2.086964190753088, 0.9593889065356758, -0.8132736449206248], "Sigma": [[0.008365953700134153, 0.013249626055512515, 0.00125775747392136], [0.013249626055512513, 0.03415561665361744, 8.411578072063468e-06], [0.00125775747392136, 8.41157807206336e-06, 0.005981375102454095]], "chi2_level": 0.95, "chi2_df": 3, "chi2_threshold": 7.814727903251179, "N_raw": 42, "N_roi": 42, "N_inlier": 40, "refit": true}
{"timestamp": "19:25:07.838459", "frame": 33, "mu": [-2.001533163500294, 0.646938551274093, 0.9643933004954173], "Sigma": [[0.008914158239972275, 0.010550341860328409, 0.0038126441097358762], [0.010550341860328409, 0.01580063045880025, -0.0014211675987578372], [0.0038126441097358767, -0.0014211675987578368, 0.021395287602146235]], "chi2_level": 0.95, "chi2_df": 3, "chi2_threshold": 7.814727903251179, "N_raw": 65, "N_roi": 65, "N_inlier": 60, "refit": true}
{"timestamp": "19:25:07.894549", "frame": 34, "mu": [-1.9687023661029897, 0.6955709992684088, 0.9872242727999476], "Sigma": [[0.009794889102680343, 0.010927256221624904, 0.003222842671558833], [0.010927256221624904, 0.015204973724748327, 0.005008182826460728], [0.003222842671558833, 0.005008182826460728, 0.02540879065043144]], "chi2_level": 0.95, "chi2_df": 3, "chi2_threshold": 7.814727903251179, "N_raw": 61, "N_roi": 61, "N_inlier": 58, "refit": true}
{"timestamp": "19:25:07.951630", "frame": 35, "mu": [-1.9662810934682495, 0.6751151658869834, 0.9775871150352369], "Sigma": [[0.010087627773255193, 0.012275129734792183, 0.00047754190406670653], [0.012275129734792183, 0.018262025045351078, -0.0041266358848182985], [0.00047754190406670675, -0.0041266358848182985, 0.01800929535395307]], "chi2_level": 0.95, "chi2_df": 3, "chi2_threshold": 7.814727903251179, "N_raw": 64, "N_roi": 63, "N_inlier": 61, "refit": true}
{"timestamp": "19:25:08.008596", "frame": 36, "mu": [-1.9180551853723584, 0.7399280972336675, 0.9629264862374], "Sigma": [[0.007913636800496506, 0.004865154961080737, 0.00022590675732290936], [0.004865154961080738, 0.018821036778326253, -0.015232832789939317], [0.00022590675732290968, -0.015232832789939317, 0.020399133459589727]], "chi2_level": 0.95, "chi2_df": 3, "chi2_threshold": 7.814727903251179, "N_raw": 77, "N_roi": 77, "N_inlier": 74, "refit": true}
{"timestamp": "19:25:08.058570", "frame": 37, "mu": [-1.8411713908408887, 0.6637597983127382, 0.9636129586939683], "Sigma": [[0.009570098599880452, 0.007182332629462891, 0.009347117338964433], [0.007182332629462891, 0.017156253509049826, 0.0029158267823446216], [0.009347117338964433, 0.002915826782344622, 0.029779565261729726]], "chi2_level": 0.95, "chi2_df": 3, "chi2_threshold": 7.814727903251179, "N_raw": 53, "N_roi": 53, "N_inlier": 52, "refit": true}
{"timestamp": "19:25:08.119337", "frame": 38, "mu": [-1.7699357680469487, 0.6457897049254469, 1.039420504136263], "Sigma": [[0.010978769829531068, 0.010985116346483617, 0.010200180265919203], [0.010985116346483617, 0.015631537033584463, 0.005679848095099297], [0.010200180265919203, 0.005679848095099297, 0.04683373773759851]], "chi2_level": 0.95, "chi2_df": 3, "chi2_threshold": 7.814727903251179, "N_raw": 90, "N_roi": 90, "N_inlier": 87, "refit": true}
{"timestamp": "19:25:08.174906", "frame": 39, "mu": [-1.7085281071970686, 0.7139550546787976, 1.073564986805368], "Sigma": [[0.01238807431353159, 0.00794675739585173, 0.013284549837686344], [0.00794675739585173, 0.013077330717457342, -0.0004785340945352871], [0.013284549837686344, -0.00047853409453528777, 0.04163022228478448]], "chi2_level": 0.95, "chi2_df": 3, "chi2_threshold": 7.814727903251179, "N_raw": 94, "N_roi": 94, "N_inlier": 92, "refit": true}
{"timestamp": "19:25:08.232761", "frame": 40, "mu": [-1.615129304750483, 0.8038849808986701, -0.7981412159555955], "Sigma": [[0.011043652187940843, 0.009641086740101374, 0.009079830506939062], [0.009641086740101374, 0.04012292491902883, -0.005118240899782358], [0.009079830506939062, -0.005118240899782356, 0.02178481162435058]], "chi2_level": 0.95, "chi2_df": 3, "chi2_threshold": 7.814727903251179, "N_raw": 115, "N_roi": 115, "N_inlier": 108, "refit": true}
{"timestamp": "19:25:08.287135", "frame": 41, "mu": [-1.5700600339861253, 0.7668072476139128, 1.1644669986491005], "Sigma": [[0.011024521859054783, 0.0014521558217802154, 0.003992398220664061], [0.0014521558217802154, 0.010280275774543273, -0.012862873940189602], [0.003992398220664061, -0.012862873940189602, 0.02554542263135081]], "chi2_level": 0.95, "chi2_df": 3, "chi2_threshold": 7.814727903251179, "N_raw": 106, "N_roi": 106, "N_inlier": 105, "refit": true}
{"timestamp": "19:25:08.336167", "frame": 42, "mu": [-1.4874384635300149, 0.6749812288032838, 1.2676272156064265], "Sigma": [[0.007476175899050702, 0.00493531478459283, 0.0025297894563472275], [0.00493531478459283, 0.00762596085186634, -0.0038529174810604497], [0.002529789456347227, -0.0038529174810604493, 0.01433436489760268]], "chi2_level": 0.95, "chi2_df": 3, "chi2_threshold": 7.814727903251179, "N_raw": 70, "N_roi": 70, "N_inlier": 66, "refit": true}
{"timestamp": "19:25:08.393169", "frame": 43, "mu": [-1.4542143636660725, 0.6825162344640466, 1.2559736409523856], "Sigma": [[0.007732992614266914, 0.003075853298554655, 0.0034835202636800348], [0.0030758532985546544, 0.005041801375039843, -0.004113809119153734], [0.0034835202636800343, -0.004113809119153734, 0.023621964370639528]], "chi2_level": 0.95, "chi2_df": 3, "chi2_threshold": 7.814727903251179, "N_raw": 82, "N_roi": 82, "N_inlier": 79, "refit": true}
{"timestamp": "19:25:08.447987", "frame": 44, "mu": [-1.3920986213521194, 0.6878379633853199, 1.2641051642047962], "Sigma": [[0.010107601417249713, 0.004040456822343832, -0.0033771123246746394], [0.004040456822343832, 0.007414184936927797, -0.0061666106722694765], [-0.0033771123246746394, -0.006166610672269476, 0.006579483936739127]], "chi2_level": 0.95, "chi2_df": 3, "chi2_threshold": 7.814727903251179, "N_raw": 78, "N_roi": 78, "N_inlier": 69, "refit": true}
{"timestamp": "19:25:08.503475", "frame": 45, "mu": [-1.3370323862645646, 0.6800328752970657, 1.2714116115476548], "Sigma": [[0.013561082711554172, 0.0077171712137976654, -0.00036557818428390864], [0.0077171712137976654, 0.01873463454596539, -0.003545572628243782], [-0.00036557818428390885, -0.003545572628243782, 0.002948181599334632]], "chi2_level": 0.95, "chi2_df": 3, "chi2_threshold": 7.814727903251179, "N_raw": 89, "N_roi": 89, "N_inlier": 87, "refit": true}
{"timestamp": "19:25:08.558023", "frame": 46, "mu": [-1.2515468765558482, 0.7170962001909589, 1.3379580314012929], "Sigma": [[0.01071247723489148, 0.006843706334147415, -0.00024806605484640955], [0.006843706334147414, 0.0078086189335529336, -0.004396951068693878], [-0.0002480660548464095, -0.004396951068693878, 0.006546221590233202]], "chi2_level": 0.95, "chi2_df": 3, "chi2_threshold": 7.814727903251179, "N_raw": 77, "N_roi": 77, "N_inlier": 73, "refit": true}
{"timestamp": "19:25:08.614939", "frame": 47, "mu": [-1.1363369791084992, 0.8994806928614435, -0.36462800114194616], "Sigma": [[0.011769687807394824, 0.006873881282193185, 0.002014000038466193], [0.006873881282193185, 0.011116105243768581, -0.001316833534347308], [0.002014000038466193, -0.0013168335343473076, 0.003941554206445451]], "chi2_level": 0.95, "chi2_df": 3, "chi2_threshold": 7.814727903251179, "N_raw": 83, "N_roi": 83, "N_inlier": 78, "refit": true}
{"timestamp": "19:25:08.664589", "frame": 48, "mu": [-1.1934136753041513, 0.7036422405330195, 1.3216359870983014], "Sigma": [[0.013359737866894717, 0.003580119914267058, -0.012861424413146411], [0.0035801199142670576, 0.006128621051202971, -0.006289082571098373], [-0.012861424413146411, -0.006289082571098373, 0.02054326798772366]], "chi2_level": 0.95, "chi2_df": 3, "chi2_threshold": 7.814727903251179, "N_raw": 57, "N_roi": 57, "N_inlier": 52, "refit": true}
{"timestamp": "19:25:08.724478", "frame": 49, "mu": [-1.0572990970552087, 0.7593564402785961, 1.437144078298347], "Sigma": [[0.013603446317727834, 0.004250654330629228, -0.00555156382498174], [0.004250654330629228, 0.005508219821582898, -0.005110253011740381], [-0.00555156382498174, -0.005110253011740381, 0.01014119916200482]], "chi2_level": 0.95, "chi2_df": 3, "chi2_threshold": 7.814727903251179, "N_raw": 90, "N_roi": 90, "N_inlier": 85, "refit": true}
{"timestamp": "19:25:08.774698", "frame": 50, "mu": [-0.9402097443097046, 0.7430963180535959, 1.2911361243700517], "Sigma": [[0.01907621639747227, 0.00692735833004232, -0.04117517754404848], [0.00692735833004232, 0.004536562694515745, -0.012595871298163117], [-0.041175177544048494, -0.012595871298163117, 0.12789267850820302]], "chi2_level": 0.95, "chi2_df": 3, "chi2_threshold": 7.814727903251179, "N_raw": 49, "N_roi": 49, "N_inlier": 46, "refit": true}
{"timestamp": "19:25:08.830472", "frame": 51, "mu": [-0.9258714308878793, 0.7712743974839672, 1.507292182744456], "Sigma": [[0.025936218980842307, 0.010759053315242385, -0.009023860976872857], [0.010759053315242384, 0.0063564577168759495, -0.006003604109910245], [-0.009023860976872857, -0.006003604109910245, 0.006630892950704265]], "chi2_level": 0.95, "chi2_df": 3, "chi2_threshold": 7.814727903251179, "N_raw": 62, "N_roi": 62, "N_inlier": 58, "refit": true}
{"timestamp": "19:25:08.885431", "frame": 52, "mu": [-0.8295295936462268, 0.7985680271276746, 1.4301122618640982], "Sigma": [[0.024225091910499735, 0.005922555351593658, -0.009665644318219483], [0.005922555351593658, 0.003787566665089664, -0.004170432288178796], [-0.009665644318219483, -0.004170432288178795, 0.006552626086362084]], "chi2_level": 0.95, "chi2_df": 3, "chi2_threshold": 7.814727903251179, "N_raw": 59, "N_roi": 57, "N_inlier": 53, "refit": true}
{"timestamp": "19:25:08.941833", "frame": 53, "mu": [-0.7504774965957381, 0.8157361816292004, 1.4665745937941108], "Sigma": [[0.034267851782006614, 0.011955980542021604, -0.00968332274367657], [0.011955980542021604, 0.006828523728878746, -0.0029309896941136903], [-0.00968332274367657, -0.0029309896941136903, 0.017375650538000085]], "chi2_level": 0.95, "chi2_df": 3, "chi2_threshold": 7.814727903251179, "N_raw": 68, "N_roi": 68, "N_inlier": 64, "refit": true}
{"timestamp": "19:25:08.999984", "frame": 54, "mu": [-0.5794337660320306, 0.8602096001962041, 1.391944115139365], "Sigma": [[0.00391531776611898, -0.0008763066669896392, -0.0005860382080378836], [-0.0008763066669896392, 0.0034238519460835946, 0.0017874267241157005], [-0.0005860382080378835, 0.0017874267241157005, 0.04222240443560835]], "chi2_level": 0.95, "chi2_df": 3, "chi2_threshold": 7.814727903251179, "N_raw": 88, "N_roi": 87, "N_inlier": 76, "refit": true}
{"timestamp": "19:25:09.060914", "frame": 55, "mu": [-0.5240943102897947, 0.8738219986551513, 1.3721880377365958], "Sigma": [[0.0051016154512419885, -0.0013399382576733505, -0.0030613965063221006], [-0.0013399382576733505, 0.003895537077830021, -0.003572246134899701], [-0.0030613965063221006, -0.003572246134899701, 0.04384185363509388]], "chi2_level": 0.95, "chi2_df": 3, "chi2_threshold": 7.814727903251179, "N_raw": 131, "N_roi": 130, "N_inlier": 115, "refit": true}
{"timestamp": "19:25:09.110153", "frame": 56, "mu": [-0.47172426177902954, 0.9766273609568966, -0.33125626564593963], "Sigma": [[0.003384343709894498, -0.0010764802582549104, -0.00024509576642045723], [-0.0010764802582549102, 0.004523790888822794, -0.005576948665328669], [-0.0002450957664204573, -0.005576948665328669, 0.015000511941034727]], "chi2_level": 0.95, "chi2_df": 3, "chi2_threshold": 7.814727903251179, "N_raw": 92, "N_roi": 92, "N_inlier": 77, "refit": true}
{"timestamp": "19:25:09.162578", "frame": 57, "mu": [-0.38785974770555365, 0.8647804132161511, 1.3613917948951344], "Sigma": [[0.001960254738096087, -0.0003454009499570203, -0.0006572635148508598], [-0.0003454009499570204, 0.0026489745642668595, -0.006276816301474634], [-0.00065726351485086, -0.006276816301474634, 0.023969277899261204]], "chi2_level": 0.95, "chi2_df": 3, "chi2_threshold": 7.814727903251179, "N_raw": 72, "N_roi": 70, "N_inlier": 66, "refit": true}
{"timestamp": "19:25:09.218445", "frame": 58, "mu": [-0.3062960728705215, 0.8518487226507944, 1.3674067781837453], "Sigma": [[0.002921160165069439, -0.0009240189493092525, -0.0015940579970561157], [-0.0009240189493092525, 0.0019119687965036337, -0.002015408280500792], [-0.0015940579970561157, -0.002015408280500792, 0.005756367320904856]], "chi2_level": 0.95, "chi2_df": 3, "chi2_threshold": 7.814727903251179, "N_raw": 74, "N_roi": 72, "N_inlier": 68, "refit": true}
{"timestamp": "19:25:09.271506", "frame": 59, "mu": [-0.2278661200083947, 0.8379796796914075, 1.410766876368424], "Sigma": [[0.0022954792039104957, -0.0004020391918000523, 0.000402570450210872], [-0.00040203919180005243, 0.002923217972008294, -0.002574286126976762], [0.00040257045021087194, -0.002574286126976762, 0.0026976087754307576]], "chi2_level": 0.95, "chi2_df": 3, "chi2_threshold": 7.814727903251179, "N_raw": 69, "N_roi": 67, "N_inlier": 62, "refit": true}
{"timestamp": "19:25:09.329199", "frame": 60, "mu": [-0.2262079298581371, 0.8998197998084535, -0.10984178877571853], "Sigma": [[0.004271284569654401, -0.002550775144519281, 0.03367469869068694], [-0.002550775144519281, 0.006141127064902627, -0.04521881973373406], [0.03367469869068694, -0.04521881973373407, 0.5192824991882359]], "chi2_level": 0.95, "chi2_df": 3, "chi2_threshold": 7.814727903251179, "N_raw": 90, "N_roi": 89, "N_inlier": 88, "refit": true}
{"timestamp": "19:25:09.387632", "frame": 61, "mu": [-0.13826169187426662, 0.7925241231580861, 1.2129510230253222], "Sigma": [[0.0032622199793709596, -0.0007928553948999239, -0.004553249783246538], [-0.0007928553948999239, 0.0023547511458192226, 0.005520722694380375], [-0.004553249783246537, 0.005520722694380375, 0.05244236032231575]], "chi2_level": 0.95, "chi2_df": 3, "chi2_threshold": 7.814727903251179, "N_raw": 105, "N_roi": 105, "N_inlier": 99, "refit": true}
{"timestamp": "19:25:09.439189", "frame": 62, "mu": [-0.06993779558959552, 0.806518911586957, 1.3932302275445525], "Sigma": [[0.0049871882041166975, 0.0004852187404732366, 0.002466412138320613], [0.0004852187404732367, 0.0008855358148253341, -0.0014358554438138181], [0.0024664121383206135, -0.001435855443813818, 0.00832686984778896]], "chi2_level": 0.95, "chi2_df": 3, "chi2_threshold": 7.814727903251179, "N_raw": 88, "N_roi": 88, "N_inlier": 85, "refit": true}
{"timestamp": "19:25:09.491952", "frame": 63, "mu": [-0.023304348816673055, 0.7995006460136503, -0.6002763608000992], "Sigma": [[0.0026423906267971577, 0.0051004429949903195, 0.008008975681034392], [0.0051004429949903195, 0.018806095362713778, 0.016543916248554474], [0.00800897568103439, 0.016543916248554474, 0.053453552551777916]], "chi2_level": 0.95, "chi2_df": 3, "chi2_threshold": 7.814727903251179, "N_raw": 71, "N_roi": 71, "N_inlier": 67, "refit": true}
{"timestamp": "19:25:09.549894", "frame": 64, "mu": [0.010766745154164765, 0.7901978475059287, 1.3651068150619778], "Sigma": [[0.0028241550764985224, 0.0005060453211202413, 0.001945986644932742], [0.0005060453211202412, 0.0034005290084846767, -0.0016859998817816072], [0.001945986644932742, -0.0016859998817816072, 0.009996782664081006]], "chi2_level": 0.95, "chi2_df": 3, "chi2_threshold": 7.814727903251179, "N_raw": 91, "N_roi": 91, "N_inlier": 87, "refit": true}
{"timestamp": "19:25:09.598108", "frame": 65, "mu": [0.06081846877706403, 0.7817352526243568, 1.2537443893987044], "Sigma": [[0.0049156854185841, 0.00015404897160047762, -0.008159761666634112], [0.00015404897160047767, 0.0005111106124497586, -0.0006903781076976023], [-0.008159761666634112, -0.0006903781076976023, 0.020892663433521554]], "chi2_level": 0.95, "chi2_df": 3, "chi2_threshold": 7.814727903251179, "N_raw": 34, "N_roi": 34, "N_inlier": 31, "refit": true}
{"timestamp": "19:25:09.658108", "frame": 66, "mu": [0.11607324468466389, 0.7749988991218864, 1.226825633588726], "Sigma": [[0.0024021839425431984, 0.0004386426196273642, 0.000972416484266098], [0.00043864261962736417, 0.002066773910064183, -0.0010844752407837988], [0.000972416484266098, -0.0010844752407837988, 0.011598037001182655]], "chi2_level": 0.95, "chi2_df": 3, "chi2_threshold": 7.814727903251179, "N_raw": 79, "N_roi": 79, "N_inlier": 77, "refit": true}
{"timestamp": "19:25:09.711525", "frame": 67, "mu": [0.22439540930931753, 0.7432645285039501, 1.3075427068990162], "Sigma": [[0.0016705577308666513, 0.0007555804535802452, -0.00017838899617405495], [0.0007555804535802452, 0.002631755202027282, -0.002451781704739122], [-0.00017838899617405492, -0.002451781704739122, 0.005012896882771368]], "chi2_level": 0.95, "chi2_df": 3, "chi2_threshold": 7.814727903251179, "N_raw": 57, "N_roi": 56, "N_inlier": 52, "refit": true}
{"timestamp": "19:25:09.758449", "frame": 68, "mu": [0.2900210853259928, 0.9957695936787114, -0.8976841095086425], "Sigma": [[0.0011154806199299737, 0.0023045751516474703, -0.020717860722975337], [0.0023045751516474703, 0.00749517657738557, -0.05256034061196446], [-0.020717860722975337, -0.05256034061196446, 0.5012774131591541]], "chi2_level": 0.95, "chi2_df": 3, "chi2_threshold": 7.814727903251179, "N_raw": 9, "N_roi": 9, "N_inlier": 8, "refit": true}
{"timestamp": "19:25:09.813763", "frame": 69, "mu": [0.30425788101921164, 0.7563829297332945, 1.3984349479300076], "Sigma": [[0.000760949471222584, 0.0002717051913963688, -0.00044022366002189034], [0.0002717051913963688, 0.0007038914965436872, 0.0015691952111845577], [-0.00044022366002189034, 0.0015691952111845577, 0.03942560960435671]], "chi2_level": 0.95, "chi2_df": 3, "chi2_threshold": 7.814727903251179, "N_raw": 18, "N_roi": 18, "N_inlier": 15, "refit": true}
{"timestamp": "19:25:09.870169", "frame": 70, "mu": [0.3824206961758339, 0.7854478081733671, 1.4791567891089927], "Sigma": [[0.0010598325000545194, 6.885211607453418e-05, -0.0006248594507069817], [6.885211607453416e-05, 0.0021223636309262417, -0.0017753429209336768], [-0.0006248594507069817, -0.0017753429209336768, 0.0023265443790358806]], "chi2_level": 0.95, "chi2_df": 3, "chi2_threshold": 7.814727903251179, "N_raw": 37, "N_roi": 37, "N_inlier": 35, "refit": true}
{"timestamp": "19:25:09.923596", "frame": 71, "mu": [0.4364365737727066, 0.7404566403540274, 1.435576431337301], "Sigma": [[0.0018966166344008104, 0.001723923025447428, -0.002370612992112957], [0.001723923025447428, 0.0029616655330750555, 0.00010807591964489974], [-0.0023706129921129563, 0.00010807591964489985, 0.01337622007806785]], "chi2_level": 0.95, "chi2_df": 3, "chi2_threshold": 7.814727903251179, "N_raw": 17, "N_roi": 17, "N_inlier": 17, "refit": true}
{"timestamp": "19:25:09.979872", "frame": 72, "mu": [0.506660612905131, 0.6693231332505134, 1.3510245676672297], "Sigma": [[0.0014579253897377355, 0.00017887168735577225, -0.00018335382873139214], [0.00017887168735577225, 0.0027204201498449154, 0.005659427243005522], [-0.00018335382873139214, 0.005659427243005522, 0.014435051368130995]], "chi2_level": 0.95, "chi2_df": 3, "chi2_threshold": 7.814727903251179, "N_raw": 32, "N_roi": 32, "N_inlier": 30, "refit": true}
{"timestamp": "19:25:10.036059", "frame": 73, "mu": [0.5623905533395847, 0.6717430143232404, 1.3035537081278514], "Sigma": [[0.0017709009402954547, 0.00011682478510551694, -0.0010922721909070157], [0.00011682478510551697, 0.0015227157589899419, -0.0014236348095077742], [-0.001092272190907016, -0.0014236348095077742, 0.0034248605692465107]], "chi2_level": 0.95, "chi2_df": 3, "chi2_threshold": 7.814727903251179, "N_raw": 31, "N_roi": 30, "N_inlier": 27, "refit": true}
{"timestamp": "19:25:10.090164", "frame": 74, "mu": [0.6494707640781192, 0.6431890171601744, 1.3203950241747706], "Sigma": [[0.0036461720536630727, 0.0004070690702647343, -0.0005264887596523999], [0.0004070690702647343, 0.0003138558196767306, -0.00035758884589248555], [-0.0005264887596523998, -0.0003575888458924855, 0.0015757763807128075]], "chi2_level": 0.95, "chi2_df": 3, "chi2_threshold": 7.814727903251179, "N_raw": 30, "N_roi": 30, "N_inlier": 28, "refit": true}
{"timestamp": "19:25:10.144764", "frame": 75, "mu": [0.7083630356529707, 0.7124479742760031, 1.3470565337154954], "Sigma": [[0.002926737056073714, 0.00030288478397267753, -0.0009167675944222467], [0.00030288478397267753, 0.0011436381442026195, -0.0008430977438777911], [-0.0009167675944222469, -0.0008430977438777911, 0.0008121936360373979]], "chi2_level": 0.95, "chi2_df": 3, "chi2_threshold": 7.814727903251179, "N_raw": 30, "N_roi": 30, "N_inlier": 28, "refit": true}
{"timestamp": "19:25:10.197058", "frame": 76, "mu": [0.7604689820040973, 0.5835478115203346, 1.1068167343779252], "Sigma": [[0.0022245090118520223, -0.0004268011690343767, -0.0033012964510476324], [-0.0004268011690343767, 0.004430020289640713, -0.0046369489815345985], [-0.003301296451047632, -0.004636948981534598, 0.01812104986906223]], "chi2_level": 0.95, "chi2_df": 3, "chi2_threshold": 7.814727903251179, "N_raw": 7, "N_roi": 7, "N_inlier": 7, "refit": true}
{"timestamp": "19:25:10.254064", "frame": 77, "mu": [0.777635273778949, 0.8572866454090806, -0.46813856582195973], "Sigma": [[0.0014825781212223991, 8.960337483789852e-05, -0.0008302729131651923], [8.960337483789846e-05, 0.0030272509702882738, -0.001730079547231333], [-0.0008302729131651923, -0.001730079547231333, 0.004763422947626217]], "chi2_level": 0.95, "chi2_df": 3, "chi2_threshold": 7.814727903251179, "N_raw": 23, "N_roi": 23, "N_inlier": 21, "refit": true}
{"timestamp": "19:25:10.361829", "frame": 79, "mu": [0.904504702416095, 0.7514115819652777, 1.3190428586665932], "Sigma": [[0.002442392937055028, 0.0015373051598775987, -0.001596812820655791], [0.0015373051598775987, 0.0028502181793106807, -0.0010626985448666565], [-0.0015968128206557907, -0.0010626985448666565, 0.0011609081123446989]], "chi2_level": 0.95, "chi2_df": 3, "chi2_threshold": 7.814727903251179, "N_raw": 10, "N_roi": 10, "N_inlier": 10, "refit": true}
{"timestamp": "19:25:10.417051", "frame": 80, "mu": [0.9927630239188259, 0.7334007062682536, 1.241982441285705], "Sigma": [[0.003891729269804963, 0.0021975896031180887, -0.0028349085754616255], [0.0021975896031180887, 0.0023645982675248142, -0.00693210769839679], [-0.0028349085754616255, -0.00693210769839679, 0.028094122869344602]], "chi2_level": 0.95, "chi2_df": 3, "chi2_threshold": 7.814727903251179, "N_raw": 8, "N_roi": 8, "N_inlier": 7, "refit": true}
{"timestamp": "19:25:10.472624", "frame": 81, "mu": [1.0751905510665771, 0.6821227632342943, 1.2078123449994134], "Sigma": [[0.0027937429726806722, 5.271305919070417e-05, -0.004590899262004001], [5.271305919070428e-05, 0.0015874253455764467, -0.0006830200113235944], [-0.004590899262004001, -0.0006830200113235942, 0.031255260328592306]], "chi2_level": 0.95, "chi2_df": 3, "chi2_threshold": 7.814727903251179, "N_raw": 7, "N_roi": 7, "N_inlier": 7, "refit": true}
{"timestamp": "19:25:10.528582", "frame": 82, "mu": [1.17262893297518, 0.6777336557934063, 1.3763107360121383], "Sigma": [[0.002329150075090186, -0.0014216965889050377, -0.0017810017779060134], [-0.0014216965889050374, 0.0014484381302827952, -0.0009355314864275815], [-0.0017810017779060134, -0.0009355314864275817, 0.01072558954425586]], "chi2_level": 0.95, "chi2_df": 3, "chi2_threshold": 7.814727903251179, "N_raw": 16, "N_roi": 16, "N_inlier": 12, "refit": true}
{"timestamp": "19:25:10.583968", "frame": 83, "mu": [1.2141714864537967, 0.6738382466412034, 1.2190514146359945], "Sigma": [[0.003604063753932967, -0.0031191699002600807, 0.011739385423595454], [-0.0031191699002600807, 0.007198181210646544, -0.02023872246108928], [0.011739385423595452, -0.02023872246108928, 0.0889392003913185]], "chi2_level": 0.95, "chi2_df": 3, "chi2_threshold": 7.814727903251179, "N_raw": 20, "N_roi": 20, "N_inlier": 18, "refit": true}
{"timestamp": "19:25:10.640870", "frame": 84, "mu": [1.2815177058627536, 0.7680242686627926, -0.45427679576756436], "Sigma": [[0.004087896993420202, -0.0009355602308396189, -0.0017135530686745047], [-0.0009355602308396189, 0.004192799465350534, -0.0005874354330419727], [-0.0017135530686745047, -0.0005874354330419727, 0.0012284733782766304]], "chi2_level": 0.95, "chi2_df": 3, "chi2_threshold": 7.814727903251179, "N_raw": 32, "N_roi": 32, "N_inlier": 29, "refit": true}
{"timestamp": "19:25:10.749556", "frame": 86, "mu": [1.3475391944217936, 0.7150055676345223, 1.4023824821672637], "Sigma": [[0.003172294458277655, -0.00029331025305060984, -0.0013799349939137922], [-0.00029331025305060973, 0.003460277770195509, 5.987353891386351e-06], [-0.0013799349939137922, 5.987353891386351e-06, 0.0033795041336633384]], "chi2_level": 0.95, "chi2_df": 3, "chi2_threshold": 7.814727903251179, "N_raw": 19, "N_roi": 19, "N_inlier": 17, "refit": true}
{"timestamp": "19:25:10.857044", "frame": 88, "mu": [1.445660727746108, 0.7135047476903693, 1.3382180510321757], "Sigma": [[0.0020677360446395027, -0.0009939676713547258, -0.004396227520321103], [-0.0009939676713547258, 0.000899413856989285, 0.0020916526410879356], [-0.004396227520321103, 0.0020916526410879356, 0.016469312112796744]], "chi2_level": 0.95, "chi2_df": 3, "chi2_threshold": 7.814727903251179, "N_raw": 8, "N_roi": 8, "N_inlier": 8, "refit": true}
{"timestamp": "19:25:10.911059", "frame": 89, "mu": [1.4642080155980026, 0.7483107652223905, 1.3319635916711379], "Sigma": [[0.0026819064589489513, -5.933340953947053e-05, -0.00135346781738868], [-5.933340953947049e-05, 0.001123010900645933, -0.00033703891340154234], [-0.00135346781738868, -0.00033703891340154234, 0.0009683934131777632]], "chi2_level": 0.95, "chi2_df": 3, "chi2_threshold": 7.814727903251179, "N_raw": 10, "N_roi": 10, "N_inlier": 9, "refit": true}
