{"timestamp": "20:25:16.583187", "frame": 1, "mu": [1.2681518979358692, 1.0681982835192212, 1.3901754328262392], "Sigma": [[0.007782791976407204, -0.004804232051762564, -0.004259067650212809], [-0.004804232051762564, 0.00505096986204272, 0.0014537987932718463], [-0.004259067650212809, 0.0014537987932718463, 0.0033982845004848342]], "chi2_level": 0.95, "chi2_df": 3, "chi2_threshold": 7.814727903251179, "N_raw": 29, "N_roi": 29, "N_inlier": 27, "refit": true}
{"timestamp": "20:25:16.635406", "frame": 2, "mu": [1.2199311224794664, 1.17724584015028, 1.3648543599731193], "Sigma": [[0.007256181479400163, -0.0017790314657521013, -0.018248115926064453], [-0.0017790314657521015, 0.005019394628258878, -0.006655817225437887], [-0.018248115926064453, -0.006655817225437887, 0.09285700358611437]], "chi2_level": 0.95, "chi2_df": 3, "chi2_threshold": 7.814727903251179, "N_raw": 9, "N_roi": 9, "N_inlier": 8, "refit": true}
{"timestamp": "20:25:16.800488", "frame": 5, "mu": [1.2447179120136322, 1.2360439304378872, 1.335742478391678], "Sigma": [[0.0024119307242638243, -0.00014829922139710032, -0.001822418809889058], [-0.00014829922139710015, 0.0058021314997716835, -0.020267481459568887], [-0.001822418809889059, -0.020267481459568887, 0.09675547121494502]], "chi2_level": 0.95, "chi2_df": 3, "chi2_threshold": 7.814727903251179, "N_raw": 14, "N_roi": 14, "N_inlier": 14, "refit": true}
{"timestamp": "20:25:16.855282", "frame": 6, "mu": [1.2528453107711723, 1.2659664855870254, 1.2631081203822474], "Sigma": [[0.005499664461204051, -1.0563395865699054e-05, 0.0010952735691023901], [-1.0563395865699054e-05, 0.011327318491862618, -0.03777118566172592], [0.0010952735691023901, -0.03777118566172592, 0.13508439342879822]], "chi2_level": 0.95, "chi2_df": 3, "chi2_threshold": 7.814727903251179, "N_raw": 10, "N_roi": 10, "N_inlier": 9, "refit": true}
{"timestamp": "20:25:17.130526", "frame": 11, "mu": [1.2731745952030677, 1.0160877036890312, 0.7638590322418888], "Sigma": [[0.001174393595161918, -0.0008581177523743024, 0.0015408618575088002], [-0.0008581177523743024, 0.0031172308970637153, 0.0038465781267102276], [0.0015408618575088002, 0.003846578126710228, 0.19078614664172253]], "chi2_level": 0.95, "chi2_df": 3, "chi2_threshold": 7.814727903251179, "N_raw": 13, "N_roi": 13, "N_inlier": 13, "refit": true}
{"timestamp": "20:25:17.185175", "frame": 12, "mu": [1.2674591448644006, 1.3808382047666372, -1.1493646642869952], "Sigma": [[0.0007365537923084816, -0.0016203823107760842, 0.008282311300519289], [-0.0016203823107760842, 0.01883121097641706, -0.08068659419601369], [0.008282311300519289, -0.08068659419601369, 0.42251395954434023]], "chi2_level": 0.95, "chi2_df": 3, "chi2_threshold": 7.814727903251179, "N_raw": 7, "N_roi": 7, "N_inlier": 7, "refit": true}
{"timestamp": "20:25:17.299495", "frame": 14, "mu": [1.1433621962382474, 1.20312663839332, 1.3934108412986594], "Sigma": [[0.004280390287774847, -0.0018038100318412717, -0.0023804691003942], [-0.0018038100318412717, 0.0029157086667444916, -0.0004541893392012582], [-0.0023804691003942, -0.0004541893392012581, 0.0032674330206271564]], "chi2_level": 0.95, "chi2_df": 3, "chi2_threshold": 7.814727903251179, "N_raw": 36, "N_roi": 36, "N_inlier": 32, "refit": true}
{"timestamp": "20:25:17.354162", "frame": 15, "mu": [1.1462878285738438, 1.1563085012624816, 1.2174451523114214], "Sigma": [[0.002490806984165293, -0.0008257365278737985, 0.0007824608253293168], [-0.0008257365278737983, 0.0038214504932890863, 0.018460935252786338], [0.0007824608253293175, 0.018460935252786338, 0.10665281895560899]], "chi2_level": 0.95, "chi2_df": 3, "chi2_threshold": 7.814727903251179, "N_raw": 18, "N_roi": 18, "N_inlier": 15, "refit": true}
{"timestamp": "20:25:17.411735", "frame": 16, "mu": [1.1662647112405173, 1.299455961761027, -0.494652232996452], "Sigma": [[0.005735145328112251, -0.0020424166468991506, -0.005242202704547704], [-0.0020424166468991506, 0.0023261980789349088, -0.000884211260987889], [-0.005242202704547704, -0.000884211260987889, 0.012255131412043917]], "chi2_level": 0.95, "chi2_df": 3, "chi2_threshold": 7.814727903251179, "N_raw": 38, "N_roi": 38, "N_inlier": 38, "refit": true}
{"timestamp": "20:25:17.463373", "frame": 17, "mu": [1.043654438510933, 1.2239593386983847, 1.1827864022077397], "Sigma": [[0.010935776669381166, -0.006109724013600432, -0.023980645405452375], [-0.006109724013600432, 0.012452546995588945, 0.030364686192850064], [-0.023980645405452375, 0.030364686192850057, 0.09564442832194947]], "chi2_level": 0.95, "chi2_df": 3, "chi2_threshold": 7.814727903251179, "N_raw": 8, "N_roi": 8, "N_inlier": 7, "refit": true}
{"timestamp": "20:25:17.516220", "frame": 18, "mu": [1.1001340673892295, 1.1029115834343957, 1.173255754254491], "Sigma": [[0.00582689543520013, -0.0016486206298483698, -0.01424964535935195], [-0.0016486206298483694, 0.00472832333251853, 0.008304025937495275], [-0.01424964535935195, 0.008304025937495274, 0.042199805686915656]], "chi2_level": 0.95, "chi2_df": 3, "chi2_threshold": 7.814727903251179, "N_raw": 7, "N_roi": 7, "N_inlier": 7, "refit": true}
{"timestamp": "20:25:17.630817", "frame": 20, "mu": [1.0227980356216229, 1.1075016648866534, 1.2962162820860095], "Sigma": [[0.0030337039583996465, -0.0020475755013272534, -0.001887650762734336], [-0.0020475755013272534, 0.0033834109198810853, 9.566593212474852e-05], [-0.001887650762734336, 9.566593212474858e-05, 0.004448115456277]], "chi2_level": 0.95, "chi2_df": 3, "chi2_threshold": 7.814727903251179, "N_raw": 30, "N_roi": 30, "N_inlier": 28, "refit": true}
{"timestamp": "20:25:17.685186", "frame": 21, "mu": [0.9111580712999066, 1.198373020590194, 1.3350472900878965], "Sigma": [[0.005872516703634116, 0.0005407760001494575, 0.01777409625438551], [0.0005407760001494577, 0.0034428345321309223, 0.01525364328842771], [0.017774096254385512, 0.01525364328842771, 0.1709162993827725]], "chi2_level": 0.95, "chi2_df": 3, "chi2_threshold": 7.814727903251179, "N_raw": 27, "N_roi": 27, "N_inlier": 25, "refit": true}
{"timestamp": "20:25:17.742376", "frame": 22, "mu": [0.9771084977560619, 1.1108047531406269, 1.242659448869478], "Sigma": [[0.005194297711619704, -0.0048263351562454985, -0.010571583000775474], [-0.004826335156245498, 0.005636270728641002, 0.009623760772760203], [-0.010571583000775474, 0.009623760772760203, 0.02884535989069059]], "chi2_level": 0.95, "chi2_df": 3, "chi2_threshold": 7.814727903251179, "N_raw": 39, "N_roi": 39, "N_inlier": 36, "refit": true}
{"timestamp": "20:25:17.793758", "frame": 23, "mu": [0.9538168972869949, 0.9770051695448343, 0.8442970384084301], "Sigma": [[0.009441866949956083, 6.84387799057417e-05, 0.04041272280674413], [6.843877990574164e-05, 0.0015639803125330938, -0.0012437534650652365], [0.04041272280674413, -0.0012437534650652365, 0.25478321961624817]], "chi2_level": 0.95, "chi2_df": 3, "chi2_threshold": 7.814727903251179, "N_raw": 8, "N_roi": 8, "N_inlier": 8, "refit": true}
{"timestamp": "20:25:17.849543", "frame": 24, "mu": [0.927061660809142, 1.1785721386301782, -0.43800933935138586], "Sigma": [[0.002943353308064744, -0.00014963116021356293, -0.0026978211141234945], [-0.00014963116021356283, 0.002536504630500526, -0.0010675483543355518], [-0.0026978211141234945, -0.0010675483543355518, 0.005024069783866045]], "chi2_level": 0.95, "chi2_df": 3, "chi2_threshold": 7.814727903251179, "N_raw": 24, "N_roi": 24, "N_inlier": 22, "refit": true}
{"timestamp": "20:25:17.903450", "frame": 25, "mu": [0.8964426663584084, 0.9053820469897411, 0.9829430304531414], "Sigma": [[0.0015563005383371707, -0.0016714325085644022, -0.00214407484935987], [-0.0016714325085644024, 0.00844701310010971, 0.007039359308984963], [-0.00214407484935987, 0.007039359308984963, 0.01437498454272099]], "chi2_level": 0.95, "chi2_df": 3, "chi2_threshold": 7.814727903251179, "N_raw": 21, "N_roi": 21, "N_inlier": 18, "refit": true}
{"timestamp": "20:25:17.958127", "frame": 26, "mu": [0.7546446486024941, 1.2278273381636104, 1.3656673177030465], "Sigma": [[0.004650378151857793, -0.0027323264889929566, -0.008212435700422158], [-0.0027323264889929566, 0.0021179061308187266, 0.0043358217147778], [-0.008212435700422158, 0.0043358217147778004, 0.016138324498410312]], "chi2_level": 0.95, "chi2_df": 3, "chi2_threshold": 7.814727903251179, "N_raw": 13, "N_roi": 13, "N_inlier": 11, "refit": true}
{"timestamp": "20:25:18.018657", "frame": 27, "mu": [0.771814106399443, 1.0663260989534826, 1.3094684484790624], "Sigma": [[0.00285467868351725, -0.0033499877677835906, -0.003945060819709254], [-0.0033499877677835915, 0.00844659491725584, 0.0037126306562001777], [-0.003945060819709254, 0.0037126306562001786, 0.012933137775573658]], "chi2_level": 0.95, "chi2_df": 3, "chi2_threshold": 7.814727903251179, "N_raw": 52, "N_roi": 52, "N_inlier": 49, "refit": true}
{"timestamp": "20:25:18.073614", "frame": 28, "mu": [0.7295929625072612, 1.1823292843800275, 1.0916663221308263], "Sigma": [[0.002223096725795887, -0.0009303981156465622, -0.002464109472464732], [-0.0009303981156465622, 0.018193595157076463, -0.03690214428283482], [-0.0024641094724647326, -0.03690214428283482, 0.09488699897321638]], "chi2_level": 0.95, "chi2_df": 3, "chi2_threshold": 7.814727903251179, "N_raw": 54, "N_roi": 54, "N_inlier": 53, "refit": true}
{"timestamp": "20:25:18.129068", "frame": 29, "mu": [0.6760715245935364, 1.1622473162767704, 1.4185593763083018], "Sigma": [[0.0021162269660886064, -0.001070876471012608, -0.0020190866870472106], [-0.001070876471012608, 0.0025857325119560673, -0.0015717480871657603], [-0.0020190866870472106, -0.00157174808716576, 0.016985013823183633]], "chi2_level": 0.95, "chi2_df": 3, "chi2_threshold": 7.814727903251179, "N_raw": 45, "N_roi": 45, "N_inlier": 38, "refit": true}
{"timestamp": "20:25:18.186254", "frame": 30, "mu": [0.700015922414622, 1.1434631214296427, 1.4305040288595718], "Sigma": [[0.004506152619591677, -0.0001964986917938572, -0.002895949322655584], [-0.00019649869179385715, 0.004674858453952635, -0.0025542825095020484], [-0.0028959493226555838, -0.002554282509502048, 0.005407563644047016]], "chi2_level": 0.95, "chi2_df": 3, "chi2_threshold": 7.814727903251179, "N_raw": 66, "N_roi": 66, "N_inlier": 65, "refit": true}
{"timestamp": "20:25:18.240217", "frame": 31, "mu": [0.6451118494454959, 1.2345843727057457, -0.3010314666911559], "Sigma": [[0.00495680068853404, -4.913785549161875e-05, -0.004050028272176778], [-4.913785549161875e-05, 0.0036315839163685356, -0.00252983340526057], [-0.004050028272176779, -0.00252983340526057, 0.00838901661913526]], "chi2_level": 0.95, "chi2_df": 3, "chi2_threshold": 7.814727903251179, "N_raw": 62, "N_roi": 62, "N_inlier": 59, "refit": true}
{"timestamp": "20:25:18.293498", "frame": 32, "mu": [0.6330117422432152, 1.1266068395645774, 1.4565933198999461], "Sigma": [[0.0036561102780609707, -0.0013006735196588659, -0.0037025415915638467], [-0.0013006735196588659, 0.0013692630993901252, 0.001417412150495857], [-0.003702541591563847, 0.001417412150495857, 0.021713426964322345]], "chi2_level": 0.95, "chi2_df": 3, "chi2_threshold": 7.814727903251179, "N_raw": 42, "N_roi": 42, "N_inlier": 37, "refit": true}
{"timestamp": "20:25:18.350348", "frame": 33, "mu": [0.5814194874351313, 1.0455328361181062, 1.200273562131617], "Sigma": [[0.0033737957463659675, -0.0007478068581476901, 0.001217558046984163], [-0.00074780685814769, 0.006779098892536872, -0.0013063160776573973], [0.0012175580469841632, -0.001306316077657397, 0.011505088116242847]], "chi2_level": 0.95, "chi2_df": 3, "chi2_threshold": 7.814727903251179, "N_raw": 55, "N_roi": 55, "N_inlier": 51, "refit": true}
{"timestamp": "20:25:18.402687", "frame": 34, "mu": [0.5135160437428191, 1.1038200188569212, 1.3120874390032724], "Sigma": [[0.0029055199354313123, -0.0022239991753587878, -0.004879897545834977], [-0.0022239991753587878, 0.006604038893189902, 0.005148257848135546], [-0.004879897545834977, 0.005148257848135546, 0.010890757328261688]], "chi2_level": 0.95, "chi2_df": 3, "chi2_threshold": 7.814727903251179, "N_raw": 37, "N_roi": 37, "N_inlier": 35, "refit": true}
{"timestamp": "20:25:18.462738", "frame": 35, "mu": [0.4833023717713861, 1.1122178243154333, 1.1732362795271145], "Sigma": [[0.00360264691648977, -0.0043411463881879876, -0.0014856605086328867], [-0.0043411463881879876, 0.013857768418253915, 0.0024784487751090484], [-0.0014856605086328867, 0.0024784487751090484, 0.013852353166037246]], "chi2_level": 0.95, "chi2_df": 3, "chi2_threshold": 7.814727903251179, "N_raw": 81, "N_roi": 81, "N_inlier": 77, "refit": true}
{"timestamp": "20:25:18.517874", "frame": 36, "mu": [0.4084536197948946, 1.1990726798748412, 1.2935393831084647], "Sigma": [[0.0024759513814898815, -0.0014304923474778163, -0.0016781107410828503], [-0.0014304923474778163, 0.003954083122235182, 0.0006044654755644714], [-0.0016781107410828505, 0.0006044654755644712, 0.030788176440724763]], "chi2_level": 0.95, "chi2_df": 3, "chi2_threshold": 7.814727903251179, "N_raw": 73, "N_roi": 73, "N_inlier": 68, "refit": true}
{"timestamp": "20:25:18.571128", "frame": 37, "mu": [0.3780965301222828, 1.1740865238473446, 1.2708880744392752], "Sigma": [[0.0024141909026794044, -0.0010986085170863235, -4.922835729876703e-05], [-0.0010986085170863237, 0.013670073039759546, 0.015522185487349283], [-4.922835729876719e-05, 0.015522185487349283, 0.03797634389403475]], "chi2_level": 0.95, "chi2_df": 3, "chi2_threshold": 7.814727903251179, "N_raw": 58, "N_roi": 58, "N_inlier": 55, "refit": true}
{"timestamp": "20:25:18.678599", "frame": 39, "mu": [0.2732715480319823, 1.212164958676468, 1.4413213631983706], "Sigma": [[0.0033678846917157665, -0.0003351652856575394, -0.0018834799252302175], [-0.0003351652856575393, 0.0032130650808075176, -0.0018278325626450201], [-0.0018834799252302175, -0.0018278325626450201, 0.002621785209304592]], "chi2_level": 0.95, "chi2_df": 3, "chi2_threshold": 7.814727903251179, "N_raw": 55, "N_roi": 55, "N_inlier": 54, "refit": true}
{"timestamp": "20:25:18.734072", "frame": 40, "mu": [0.21547738259950103, 1.2401089790198534, 1.5243866180160528], "Sigma": [[0.0025864765268072236, -0.0018266819783526124, -0.0011160799876052472], [-0.0018266819783526122, 0.006381091367371698, 0.000938052452260019], [-0.0011160799876052472, 0.000938052452260019, 0.00065565865890038]], "chi2_level": 0.95, "chi2_df": 3, "chi2_threshold": 7.814727903251179, "N_raw": 54, "N_roi": 54, "N_inlier": 50, "refit": true}
{"timestamp": "20:25:18.789159", "frame": 41, "mu": [0.1963289307935442, 1.2223218591656546, 1.5058481443365768], "Sigma": [[0.002578316671374405, 1.5266174040423565e-05, -0.001454297725502597], [1.5266174040423565e-05, 0.0026430889854013873, -0.0003477766829718144], [-0.001454297725502597, -0.00034777668297181436, 0.0009988971507311744]], "chi2_level": 0.95, "chi2_df": 3, "chi2_threshold": 7.814727903251179, "N_raw": 41, "N_roi": 41, "N_inlier": 39, "refit": true}
{"timestamp": "20:25:18.846966", "frame": 42, "mu": [0.13616045402950525, 1.3408665758370466, -0.4842689322181355], "Sigma": [[0.005557146149453186, 0.0002516330577906139, 0.011559714302102746], [0.0002516330577906138, 0.003183441780531161, -0.0011207143354874446], [0.011559714302102746, -0.0011207143354874448, 0.04252330099845279]], "chi2_level": 0.95, "chi2_df": 3, "chi2_threshold": 7.814727903251179, "N_raw": 76, "N_roi": 76, "N_inlier": 74, "refit": true}
{"timestamp": "20:25:18.895400", "frame": 43, "mu": [0.08608630124554832, 1.2347771765578395, 1.0552898992530617], "Sigma": [[0.003309768167622843, 0.004908917335657816, 0.021121394142260698], [0.004908917335657816, 0.012787638858466824, 0.032162059943914564], [0.021121394142260698, 0.032162059943914564, 0.18320173709801277]], "chi2_level": 0.95, "chi2_df": 3, "chi2_threshold": 7.814727903251179, "N_raw": 22, "N_roi": 22, "N_inlier": 19, "refit": true}
{"timestamp": "20:25:18.954787", "frame": 44, "mu": [0.04483738927237093, 1.399154482154014, -0.3981516889881015], "Sigma": [[0.002913728972009163, -7.354897941047776e-05, -0.0008128622086260868], [-7.354897941047779e-05, 0.0025760454446443447, -0.005761683145604884], [-0.0008128622086260868, -0.005761683145604885, 0.022041518457832334]], "chi2_level": 0.95, "chi2_df": 3, "chi2_threshold": 7.814727903251179, "N_raw": 67, "N_roi": 67, "N_inlier": 63, "refit": true}
{"timestamp": "20:25:19.003771", "frame": 45, "mu": [-0.015091212313715532, 1.208656408243198, 1.147485224217688], "Sigma": [[0.004822675159881601, -0.0005376501783274402, 0.006170907575524057], [-0.0005376501783274402, 0.0006164556708790479, -0.00079868008041018], [0.006170907575524058, -0.00079868008041018, 0.008255449304410972]], "chi2_level": 0.95, "chi2_df": 3, "chi2_threshold": 7.814727903251179, "N_raw": 15, "N_roi": 15, "N_inlier": 13, "refit": true}
{"timestamp": "20:25:19.061170", "frame": 46, "mu": [0.039222899238917835, 1.2869161785658874, 1.441991697223073], "Sigma": [[0.002821413710602778, 0.0009350519253949444, 0.0006751252928702499], [0.0009350519253949444, 0.0019627099872105247, 0.00020157209150319626], [0.0006751252928702494, 0.00020157209150319626, 0.008883172471821838]], "chi2_level": 0.95, "chi2_df": 3, "chi2_threshold": 7.814727903251179, "N_raw": 30, "N_roi": 30, "N_inlier": 28, "refit": true}
{"timestamp": "20:25:19.117511", "frame": 47, "mu": [-0.11776176869876395, 1.2845131791605138, 1.345387666260303], "Sigma": [[0.0038137926550777636, -0.0017135713842444278, -0.0005992501082586769], [-0.0017135713842444276, 0.0017874231531442174, -0.0009198964978614767], [-0.0005992501082586772, -0.0009198964978614766, 0.003387539990460869]], "chi2_level": 0.95, "chi2_df": 3, "chi2_threshold": 7.814727903251179, "N_raw": 42, "N_roi": 42, "N_inlier": 39, "refit": true}
{"timestamp": "20:25:19.179568", "frame": 48, "mu": [-0.1476852786274859, 1.369604539471754, -0.3634217229384603], "Sigma": [[0.004168705089660736, -0.0039119200884559285, 0.020031019589011212], [-0.0039119200884559285, 0.010097840512233313, -0.0460085956646564], [0.020031019589011212, -0.0460085956646564, 0.3088619172598302]], "chi2_level": 0.95, "chi2_df": 3, "chi2_threshold": 7.814727903251179, "N_raw": 86, "N_roi": 86, "N_inlier": 81, "refit": true}
{"timestamp": "20:25:19.233154", "frame": 49, "mu": [-0.14007095749522847, 1.1669313636211207, 1.2708152637751755], "Sigma": [[0.0034467734279006934, 0.0011047034187368966, 0.002243833510861793], [0.0011047034187368966, 0.0059914400100849205, 0.00035062427137073226], [0.0022438335108617927, 0.0003506242713707322, 0.017611624324280574]], "chi2_level": 0.95, "chi2_df": 3, "chi2_threshold": 7.814727903251179, "N_raw": 73, "N_roi": 73, "N_inlier": 72, "refit": true}
{"timestamp": "20:25:19.289007", "frame": 50, "mu": [-0.2323733566806154, 1.2378652445957892, 1.372960585766324], "Sigma": [[0.003622814449196756, -0.00020313368727464505, 0.002918044880367575], [-0.000203133687274645, 0.0028622269716244543, -0.00151899494319936], [0.0029180448803675756, -0.0015189949431993598, 0.0264406361712249]], "chi2_level": 0.95, "chi2_df": 3, "chi2_threshold": 7.814727903251179, "N_raw": 84, "N_roi": 84, "N_inlier": 81, "refit": true}
{"timestamp": "20:25:19.339069", "frame": 51, "mu": [-0.2596621471739284, 1.2082832762445668, 1.4665507832506643], "Sigma": [[0.004070273695452605, -0.0004970589415226429, -0.002967903776308916], [-0.0004970589415226429, 0.0030855328753349913, -0.0012024674693322998], [-0.002967903776308916, -0.0012024674693322998, 0.004258317071679219]], "chi2_level": 0.95, "chi2_df": 3, "chi2_threshold": 7.814727903251179, "N_raw": 56, "N_roi": 56, "N_inlier": 54, "refit": true}
{"timestamp": "20:25:19.397832", "frame": 52, "mu": [-0.3121989079487759, 1.192822557570828, 1.3843446581962409], "Sigma": [[0.005013430037787723, -0.0036454226715915195, -0.003897334239041312], [-0.0036454226715915195, 0.011275175071467239, 0.003526644013157508], [-0.003897334239041312, 0.0035266440131575083, 0.0038915954961506877]], "chi2_level": 0.95, "chi2_df": 3, "chi2_threshold": 7.814727903251179, "N_raw": 80, "N_roi": 80, "N_inlier": 78, "refit": true}
{"timestamp": "20:25:19.453677", "frame": 53, "mu": [-0.36779356057840035, 1.3312386862969339, -0.20298548996389323], "Sigma": [[0.004930161857265958, -0.0011387665392117194, 0.001013675011783071], [-0.0011387665392117196, 0.006157866658725563, -0.0005759988265383504], [0.001013675011783071, -0.0005759988265383503, 0.005931102265640386]], "chi2_level": 0.95, "chi2_df": 3, "chi2_threshold": 7.814727903251179, "N_raw": 80, "N_roi": 80, "N_inlier": 74, "refit": true}
{"timestamp": "20:25:19.514564", "frame": 54, "mu": [-0.39266262175470645, 1.3957282076462574, -0.5964312322903048], "Sigma": [[0.00480190735000388, 0.0019225781214127792, -0.003835237666567241], [0.0019225781214127794, 0.05027025529649122, -0.07026884150359411], [-0.0038352376665672415, -0.07026884150359411, 0.15874284484198303]], "chi2_level": 0.95, "chi2_df": 3, "chi2_threshold": 7.814727903251179, "N_raw": 130, "N_roi": 130, "N_inlier": 126, "refit": true}
{"timestamp": "20:25:19.561917", "frame": 55, "mu": [-0.4503101581624826, 1.1744768785616524, 1.3165254609372796], "Sigma": [[0.006240879981783405, -0.003301624907144282, -0.01050396498143092], [-0.003301624907144282, 0.007773192789520875, 0.012829568122040773], [-0.01050396498143092, 0.012829568122040773, 0.052477806056342544]], "chi2_level": 0.95, "chi2_df": 3, "chi2_threshold": 7.814727903251179, "N_raw": 75, "N_roi": 75, "N_inlier": 74, "refit": true}
{"timestamp": "20:25:19.615271", "frame": 56, "mu": [-0.5013931895103061, 1.2039927598993057, 1.4197157859323173], "Sigma": [[0.004534847710506198, -0.0020184544762780303, -0.0012681164635855449], [-0.0020184544762780303, 0.010104000273197267, 0.00485213507158044], [-0.0012681164635855449, 0.00485213507158044, 0.003905366831203434]], "chi2_level": 0.95, "chi2_df": 3, "chi2_threshold": 7.814727903251179, "N_raw": 57, "N_roi": 57, "N_inlier": 54, "refit": true}
{"timestamp": "20:25:19.674126", "frame": 57, "mu": [-0.5372512007929715, 1.315451627264723, -0.4047216155856935], "Sigma": [[0.004787353532354163, -0.0009760962033483556, -0.006808314374403527], [-0.0009760962033483556, 0.010343859655119051, 0.001012369812816595], [-0.006808314374403527, 0.0010123698128165948, 0.03446996117046337]], "chi2_level": 0.95, "chi2_df": 3, "chi2_threshold": 7.814727903251179, "N_raw": 89, "N_roi": 89, "N_inlier": 83, "refit": true}
{"timestamp": "20:25:19.731795", "frame": 58, "mu": [-0.5176596441515848, 1.3163727375803251, 0.13841055439645544], "Sigma": [[0.005177499876729917, -0.00456830269288771, 0.033855795600268634], [-0.004568302692887709, 0.011888351349968051, -0.050449097914490953], [0.033855795600268634, -0.050449097914490953, 0.4400748701772373]], "chi2_level": 0.95, "chi2_df": 3, "chi2_threshold": 7.814727903251179, "N_raw": 111, "N_roi": 111, "N_inlier": 109, "refit": true}
{"timestamp": "20:25:19.785933", "frame": 59, "mu": [-0.5953447268927825, 1.3005631407239664, -0.09802729801784706], "Sigma": [[0.008066182186080332, -0.006318030276964358, 0.030443656681404963], [-0.006318030276964358, 0.012559421317426222, -0.04972767896389131], [0.03044365668140496, -0.04972767896389131, 0.32101280158311807]], "chi2_level": 0.95, "chi2_df": 3, "chi2_threshold": 7.814727903251179, "N_raw": 97, "N_roi": 97, "N_inlier": 96, "refit": true}
{"timestamp": "20:25:19.839067", "frame": 60, "mu": [-0.6213540588452333, 1.3028495167344696, 1.2752473427655184], "Sigma": [[0.006027208196937716, 0.003408786440197974, 0.006359131825797465], [0.003408786440197974, 0.010487768622241005, 0.02558611126394567], [0.006359131825797465, 0.025586111263945666, 0.0907013695030103]], "chi2_level": 0.95, "chi2_df": 3, "chi2_threshold": 7.814727903251179, "N_raw": 80, "N_roi": 80, "N_inlier": 77, "refit": true}
{"timestamp": "20:25:19.896250", "frame": 61, "mu": [-0.659107265369316, 1.3034488049380397, -0.19625801371022922], "Sigma": [[0.0055733679508563365, 0.002281603022617597, 0.04550692364767474], [0.002281603022617597, 0.007658953121958757, 0.025306257569466823], [0.04550692364767474, 0.025306257569466823, 0.7408799770620914]], "chi2_level": 0.95, "chi2_df": 3, "chi2_threshold": 7.814727903251179, "N_raw": 104, "N_roi": 104, "N_inlier": 102, "refit": true}
{"timestamp": "20:25:19.952387", "frame": 62, "mu": [-0.7007986378697311, 1.2838868682495435, -0.3140605841287824], "Sigma": [[0.006759655600914484, -0.0011168654778616375, 0.03533869540353769], [-0.0011168654778616375, 0.00762916857923109, -0.00033634270874441895], [0.03533869540353769, -0.0003363427087444198, 0.47385026056695373]], "chi2_level": 0.95, "chi2_df": 3, "chi2_threshold": 7.814727903251179, "N_raw": 110, "N_roi": 110, "N_inlier": 108, "refit": true}
{"timestamp": "20:25:20.010249", "frame": 63, "mu": [-0.7259365748304847, 1.3773381203418138, 1.1597462663699667], "Sigma": [[0.007017805190821442, 0.0015853404062019243, -0.012575210640558322], [0.0015853404062019247, 0.00772439643776012, 0.020795598947735437], [-0.012575210640558323, 0.020795598947735437, 0.18527167432102823]], "chi2_level": 0.95, "chi2_df": 3, "chi2_threshold": 7.814727903251179, "N_raw": 122, "N_roi": 122, "N_inlier": 121, "refit": true}
{"timestamp": "20:25:20.052350", "frame": 64, "mu": [-0.7591948743535548, 1.397370091753962, 1.0658763121084018], "Sigma": [[0.004689618521947557, 0.001652951591514737, -0.014957302746278876], [0.001652951591514737, 0.0035445251654240713, -0.002671898317550442], [-0.014957302746278876, -0.0026718983175504415, 0.13890375084646298]], "chi2_level": 0.95, "chi2_df": 3, "chi2_threshold": 7.814727903251179, "N_raw": 33, "N_roi": 33, "N_inlier": 31, "refit": true}
{"timestamp": "20:25:20.112989", "frame": 65, "mu": [-0.8276247017569572, 1.4340514900526318, 1.4102652194367442], "Sigma": [[0.00628572155744589, -0.0001464407521834662, -0.0046015269268291185], [-0.00014644075218346608, 0.0049331509462473624, -0.003874759999235473], [-0.0046015269268291185, -0.003874759999235473, 0.01882553509192847]], "chi2_level": 0.95, "chi2_df": 3, "chi2_threshold": 7.814727903251179, "N_raw": 76, "N_roi": 76, "N_inlier": 67, "refit": true}
{"timestamp": "20:25:20.168544", "frame": 66, "mu": [-0.8836471833358394, 1.4718806273196987, 0.9936146830797771], "Sigma": [[0.006410335145135337, -0.0005832380388183575, 0.020893421370004817], [-0.0005832380388183575, 0.001793556080358169, 0.0032050730368721235], [0.020893421370004814, 0.003205073036872123, 0.29345224486625937]], "chi2_level": 0.95, "chi2_df": 3, "chi2_threshold": 7.814727903251179, "N_raw": 74, "N_roi": 74, "N_inlier": 73, "refit": true}
{"timestamp": "20:25:20.218504", "frame": 67, "mu": [-0.8686256398563738, 1.6213145062616863, -0.6048007684516131], "Sigma": [[0.004387057708021423, -0.004655395828926594, 0.010088676521584005], [-0.004655395828926594, 0.022259738998302553, -0.052383962885340044], [0.010088676521584005, -0.052383962885340044, 0.13667997433677387]], "chi2_level": 0.95, "chi2_df": 3, "chi2_threshold": 7.814727903251179, "N_raw": 47, "N_roi": 47, "N_inlier": 44, "refit": true}
{"timestamp": "20:25:20.278556", "frame": 68, "mu": [-0.8608137895785146, 1.5251680694619116, 1.2806078704762396], "Sigma": [[0.006917614830405071, 0.0006129279960910712, -0.011794448125736837], [0.000612927996091071, 0.0023606673858093015, 0.0038002781535448845], [-0.011794448125736837, 0.0038002781535448845, 0.09673831579060699]], "chi2_level": 0.95, "chi2_df": 3, "chi2_threshold": 7.814727903251179, "N_raw": 85, "N_roi": 85, "N_inlier": 79, "refit": true}
{"timestamp": "20:25:20.333350", "frame": 69, "mu": [-0.8820264283237105, 1.5325946992407435, 1.244562612224191], "Sigma": [[0.00672078828153085, 0.0009401418749712181, -0.012073402489250274], [0.0009401418749712181, 0.0025782039908972343, -0.005641675230688592], [-0.012073402489250273, -0.005641675230688592, 0.06642580623953251]], "chi2_level": 0.95, "chi2_df": 3, "chi2_threshold": 7.814727903251179, "N_raw": 82, "N_roi": 82, "N_inlier": 77, "refit": true}
{"timestamp": "20:25:20.389967", "frame": 70, "mu": [-0.9313637944957549, 1.6013869460598291, 1.361024593259974], "Sigma": [[0.011521834639157678, 0.000567990842142369, -0.017917183042282937], [0.0005679908421423687, 0.004462683478135394, 0.0012728961321585967], [-0.017917183042282937, 0.0012728961321585974, 0.087750155045358]], "chi2_level": 0.95, "chi2_df": 3, "chi2_threshold": 7.814727903251179, "N_raw": 97, "N_roi": 97, "N_inlier": 92, "refit": true}
{"timestamp": "20:25:20.451802", "frame": 71, "mu": [-0.9390442103135043, 1.865577747254573, -0.501224919658782], "Sigma": [[0.010272396733612995, -0.006482752127706699, 0.018452886913601845], [-0.006482752127706701, 0.05418664473729813, -0.11651381418168917], [0.01845288691360184, -0.11651381418168917, 0.30745612707463305]], "chi2_level": 0.95, "chi2_df": 3, "chi2_threshold": 7.814727903251179, "N_raw": 135, "N_roi": 135, "N_inlier": 127, "refit": true}
{"timestamp": "20:25:20.571667", "frame": 72, "mu": [-0.8994927889100313, 1.6800024959559021, 1.3529340066282487], "Sigma": [[0.009649358055604981, 0.002903984633114463, -0.004366824262554072], [0.002903984633114463, 0.006763958364231712, -0.006355661501711145], [-0.004366824262554072, -0.006355661501711145, 0.008812637534484398]], "chi2_level": 0.95, "chi2_df": 3, "chi2_threshold": 7.814727903251179, "N_raw": 94, "N_roi": 94, "N_inlier": 84, "refit": true}
{"timestamp": "20:25:20.606646", "frame": 73, "mu": [-0.9739853428937472, 1.964072135619774, -0.6172960185080066], "Sigma": [[0.01101775818964709, -0.009965835667613408, 0.022627111898266647], [-0.009965835667613408, 0.0476028558360854, -0.1116704359702447], [0.022627111898266647, -0.1116704359702447, 0.2862130869306624]], "chi2_level": 0.95, "chi2_df": 3, "chi2_threshold": 7.814727903251179, "N_raw": 107, "N_roi": 107, "N_inlier": 101, "refit": true}
{"timestamp": "20:25:20.637132", "frame": 74, "mu": [-1.0020853118101793, 1.8801299755848633, -0.3937561088233147], "Sigma": [[0.013111981821789642, 0.0005183586497022184, 0.01649319540730934], [0.0005183586497022177, 0.020028766209270923, -0.05482445203184362], [0.016493195407309345, -0.05482445203184362, 0.25293699307058737]], "chi2_level": 0.95, "chi2_df": 3, "chi2_threshold": 7.814727903251179, "N_raw": 84, "N_roi": 84, "N_inlier": 80, "refit": true}
{"timestamp": "20:25:20.669576", "frame": 75, "mu": [-1.0097118425411868, 1.7860099799717797, 0.6510830335336805], "Sigma": [[0.018014809772917, -0.004622650269584064, 0.017817779204730818], [-0.004622650269584063, 0.009015420467799093, -0.009159358448029389], [0.017817779204730815, -0.009159358448029387, 0.33272435354607655]], "chi2_level": 0.95, "chi2_df": 3, "chi2_threshold": 7.814727903251179, "N_raw": 124, "N_roi": 124, "N_inlier": 122, "refit": true}
{"timestamp": "20:25:20.720598", "frame": 76, "mu": [-1.0403251695432916, 2.0195352989472286, -0.43696342125938675], "Sigma": [[0.014071073701370148, -0.008129185071626115, 0.03389474893789916], [-0.008129185071626115, 0.02601434478803139, -0.0729564844573623], [0.03389474893789916, -0.0729564844573623, 0.2568976506262763]], "chi2_level": 0.95, "chi2_df": 3, "chi2_threshold": 7.814727903251179, "N_raw": 91, "N_roi": 90, "N_inlier": 87, "refit": true}
{"timestamp": "20:25:20.772624", "frame": 77, "mu": [-0.9961002594551087, 1.8940433707390518, 1.331151674407795], "Sigma": [[0.01085430560907999, 0.0006419222232625066, -0.006182053331615547], [0.0006419222232625064, 0.0039357628997386184, -0.0034477143694948355], [-0.006182053331615547, -0.0034477143694948355, 0.012257633511102243]], "chi2_level": 0.95, "chi2_df": 3, "chi2_threshold": 7.814727903251179, "N_raw": 70, "N_roi": 70, "N_inlier": 65, "refit": true}
{"timestamp": "20:25:20.825190", "frame": 78, "mu": [-0.9711671942335028, 1.9348452226600137, 1.311586396697526], "Sigma": [[0.006526930444999465, 6.507611277321569e-05, -0.004365423479860309], [6.507611277321553e-05, 0.004250083619640002, -0.004428429983561583], [-0.004365423479860308, -0.004428429983561583, 0.010792209669952858]], "chi2_level": 0.95, "chi2_df": 3, "chi2_threshold": 7.814727903251179, "N_raw": 57, "N_roi": 57, "N_inlier": 54, "refit": true}
{"timestamp": "20:25:20.878937", "frame": 79, "mu": [-0.993003243225626, 2.0479169928348058, -0.1369949069476167], "Sigma": [[0.009102079604999107, 0.001341576560684757, -0.0061435938829792446], [0.001341576560684757, 0.00467041807517377, -0.0037841893179135734], [-0.0061435938829792446, -0.0037841893179135734, 0.008899893591692685]], "chi2_level": 0.95, "chi2_df": 3, "chi2_threshold": 7.814727903251179, "N_raw": 51, "N_roi": 51, "N_inlier": 45, "refit": true}
{"timestamp": "20:25:20.940914", "frame": 80, "mu": [-1.0661203338223524, 2.125668926860698, -0.1708388330254043], "Sigma": [[0.011119184051224166, -0.00550598654999783, 0.03711475113714142], [-0.0055059865499978294, 0.016755706196391107, -0.054047302431280704], [0.037114751137141425, -0.054047302431280704, 0.31501812292648307]], "chi2_level": 0.95, "chi2_df": 3, "chi2_threshold": 7.814727903251179, "N_raw": 99, "N_roi": 99, "N_inlier": 95, "refit": true}
{"timestamp": "20:25:20.994285", "frame": 81, "mu": [-0.989720805413869, 2.1389378209988936, -0.2113077838462395], "Sigma": [[0.012545271944113265, -0.0005808838755395107, -0.004852844699024838], [-0.0005808838755395108, 0.015195966933112018, -0.02090381729562926], [-0.004852844699024838, -0.02090381729562926, 0.04372645224639001]], "chi2_level": 0.95, "chi2_df": 3, "chi2_threshold": 7.814727903251179, "N_raw": 86, "N_roi": 86, "N_inlier": 81, "refit": true}
{"timestamp": "20:25:21.049074", "frame": 82, "mu": [-1.0173284199322319, 2.1584027738876452, -0.16368539607180796], "Sigma": [[0.009897827095045211, 0.001170067475029861, -0.009819437590157984], [0.001170067475029861, 0.007460652280287554, -0.006642026183276379], [-0.009819437590157984, -0.006642026183276379, 0.01571102413696984]], "chi2_level": 0.95, "chi2_df": 3, "chi2_threshold": 7.814727903251179, "N_raw": 79, "N_roi": 79, "N_inlier": 71, "refit": true}
{"timestamp": "20:25:21.105371", "frame": 83, "mu": [-1.0598758513853872, 2.101381799685889, 1.2557483766759272], "Sigma": [[0.010749524416096445, 0.001317769067416466, -0.007698633096860098], [0.001317769067416466, 0.00495189081685424, -0.0016999437345784083], [-0.007698633096860098, -0.0016999437345784079, 0.06069785190353504]], "chi2_level": 0.95, "chi2_df": 3, "chi2_threshold": 7.814727903251179, "N_raw": 91, "N_roi": 91, "N_inlier": 86, "refit": true}
{"timestamp": "20:25:21.151431", "frame": 84, "mu": [-1.0809987346715189, 2.1173987073064033, 1.4367685097025216], "Sigma": [[0.006127889196029169, 0.0002902022679314171, -0.006866497916338207], [0.0002902022679314171, 0.003958520982887248, 0.0007913878999793872], [-0.006866497916338207, 0.0007913878999793872, 0.019192052602257887]], "chi2_level": 0.95, "chi2_df": 3, "chi2_threshold": 7.814727903251179, "N_raw": 33, "N_roi": 33, "N_inlier": 28, "refit": true}
{"timestamp": "20:25:21.206934", "frame": 85, "mu": [-1.0933700246588371, 2.2058515899678866, -0.5223266558893256], "Sigma": [[0.005326967722031471, 0.0004998714226519654, -0.005015625158059041], [0.0004998714226519651, 0.0034799014667026285, 0.00018243064911677886], [-0.005015625158059041, 0.00018243064911677896, 0.01504885557394489]], "chi2_level": 0.95, "chi2_df": 3, "chi2_threshold": 7.814727903251179, "N_raw": 36, "N_roi": 36, "N_inlier": 31, "refit": true}
{"timestamp": "20:25:21.262076", "frame": 86, "mu": [-1.1120881761752113, 2.2046961225521002, 0.7158650081015882], "Sigma": [[0.011286255984512989, 0.0031658051876731364, 0.007947673695655627], [0.0031658051876731364, 0.0014301792904048312, 0.005634794590516131], [0.007947673695655627, 0.005634794590516131, 0.05178920594674445]], "chi2_level": 0.95, "chi2_df": 3, "chi2_threshold": 7.814727903251179, "N_raw": 37, "N_roi": 37, "N_inlier": 32, "refit": true}
{"timestamp": "20:25:21.320601", "frame": 87, "mu": [-1.184284833260493, 2.249042541254573, 1.0549587782639624], "Sigma": [[0.006597982490439685, 0.002107699062434639, 0.0056777946589930154], [0.002107699062434639, 0.004469710006251278, 0.018540428477372736], [0.005677794658993016, 0.018540428477372736, 0.20087559391986878]], "chi2_level": 0.95, "chi2_df": 3, "chi2_threshold": 7.814727903251179, "N_raw": 68, "N_roi": 68, "N_inlier": 65, "refit": true}
{"timestamp": "20:25:21.380217", "frame": 88, "mu": [-1.1285649824717394, 2.471897165496692, -0.22437855275657542], "Sigma": [[0.011830749194128614, 0.004119961919060511, -0.0036062944236922045], [0.004119961919060511, 0.013424689819753338, -0.033732138492522726], [-0.0036062944236922045, -0.033732138492522726, 0.12416565687509311]], "chi2_level": 0.95, "chi2_df": 3, "chi2_threshold": 7.814727903251179, "N_raw": 97, "N_roi": 97, "N_inlier": 92, "refit": true}
{"timestamp": "20:25:21.436796", "frame": 89, "mu": [-1.0432984653393447, 2.453108388069356, -0.7564491345672727], "Sigma": [[0.023366040053342384, 0.013846990416178446, 0.06029821237950714], [0.013846990416178446, 0.015102147599268522, 0.03811419748693397], [0.060298212379507145, 0.038114197486933975, 0.2138144252109381]], "chi2_level": 0.95, "chi2_df": 3, "chi2_threshold": 7.814727903251179, "N_raw": 99, "N_roi": 99, "N_inlier": 94, "refit": true}
{"timestamp": "20:25:21.489448", "frame": 90, "mu": [-1.0278970524209161, 2.527158901284007, -0.07704393125696248], "Sigma": [[0.012933005734118473, 0.0035663818420226005, -0.009005002529661948], [0.0035663818420226005, 0.011338984441989036, -0.017636213797077332], [-0.009005002529661948, -0.017636213797077332, 0.04053430088212546]], "chi2_level": 0.95, "chi2_df": 3, "chi2_threshold": 7.814727903251179, "N_raw": 85, "N_roi": 85, "N_inlier": 82, "refit": true}
{"timestamp": "20:25:21.542010", "frame": 91, "mu": [-0.9639446857988639, 2.4346385406858966, 1.257834935986482], "Sigma": [[0.012301466615422267, 0.0011544396670811839, -0.008405639904066644], [0.001154439667081184, 0.006438055748988213, -0.005413189055501035], [-0.008405639904066644, -0.005413189055501035, 0.017052908997836028]], "chi2_level": 0.95, "chi2_df": 3, "chi2_threshold": 7.814727903251179, "N_raw": 76, "N_roi": 75, "N_inlier": 72, "refit": true}
{"timestamp": "20:25:21.602504", "frame": 92, "mu": [-1.060985157109472, 2.4999813482649853, 0.916020757932422], "Sigma": [[0.020011564129636145, -0.0022256830681513726, 0.017760364892056346], [-0.0022256830681513726, 0.003678498117564948, -0.017400845812984168], [0.017760364892056346, -0.017400845812984168, 0.2401358585625508]], "chi2_level": 0.95, "chi2_df": 3, "chi2_threshold": 7.814727903251179, "N_raw": 104, "N_roi": 102, "N_inlier": 100, "refit": true}
{"timestamp": "20:25:21.654437", "frame": 93, "mu": [-0.9510221643586386, 2.5180923638398163, 1.1186991754154667], "Sigma": [[0.01382287475850792, 0.002407441738045588, -0.008050097829581089], [0.002407441738045587, 0.0032719847449986937, -0.007769382469650818], [-0.008050097829581087, -0.007769382469650818, 0.024119545877485243]], "chi2_level": 0.95, "chi2_df": 3, "chi2_threshold": 7.814727903251179, "N_raw": 78, "N_roi": 74, "N_inlier": 70, "refit": true}
{"timestamp": "20:25:21.703627", "frame": 94, "mu": [-0.9840761447906499, 2.559089902632665, 1.084134957749518], "Sigma": [[0.008418165633900741, 0.00033053340756438853, -0.00039169730935394967], [0.0003305334075643884, 0.002328535112937788, -0.006226010816182256], [-0.00039169730935394945, -0.006226010816182256, 0.043150337396372175]], "chi2_level": 0.95, "chi2_df": 3, "chi2_threshold": 7.814727903251179, "N_raw": 46, "N_roi": 45, "N_inlier": 42, "refit": true}
{"timestamp": "20:25:21.753104", "frame": 95, "mu": [-0.9966121153121398, 2.8570758446011233, -0.5134956944057328], "Sigma": [[0.019810836879860357, -0.022908980628360782, 0.05766819759954279], [-0.022908980628360782, 0.03540007766414814, -0.08267756492928378], [0.05766819759954279, -0.08267756492928378, 0.23987380140941164]], "chi2_level": 0.95, "chi2_df": 3, "chi2_threshold": 7.814727903251179, "N_raw": 12, "N_roi": 12, "N_inlier": 11, "refit": true}
