{"timestamp": "20:09:25.858867", "frame": 1, "mu": [1.2523412412337185, 1.13691142299733, 1.0075172681100226], "Sigma": [[0.0037894300078475263, 0.00012056854811541109, -0.0042600556670440515], [0.00012056854811541128, 0.009194242231682427, -0.011818575938736385], [-0.0042600556670440515, -0.011818575938736385, 0.023073808909744864]], "chi2_level": 0.95, "chi2_df": 3, "chi2_threshold": 7.814727903251179, "N_raw": 31, "N_roi": 31, "N_inlier": 30, "refit": true}
{"timestamp": "20:09:25.915060", "frame": 2, "mu": [1.2689612770242475, 1.0773265226119457, 1.0648369568402514], "Sigma": [[0.0023682580291398674, 2.26618941556376e-05, -0.004382639619820252], [2.26618941556376e-05, 0.005149726967565525, -0.006743567081076705], [-0.004382639619820252, -0.006743567081076705, 0.018942043853394135]], "chi2_level": 0.95, "chi2_df": 3, "chi2_threshold": 7.814727903251179, "N_raw": 20, "N_roi": 20, "N_inlier": 18, "refit": true}
{"timestamp": "20:09:25.970096", "frame": 3, "mu": [1.2200487437315133, 1.0723611017135282, 1.1109944770798807], "Sigma": [[0.0021692171738760774, -0.0012875214385703227, -0.0020463756557217274], [-0.0012875214385703227, 0.0030230755603990215, -0.0006786892754401055], [-0.0020463756557217274, -0.0006786892754401057, 0.00472206587777866]], "chi2_level": 0.95, "chi2_df": 3, "chi2_threshold": 7.814727903251179, "N_raw": 26, "N_roi": 26, "N_inlier": 23, "refit": true}
{"timestamp": "20:09:26.082136", "frame": 5, "mu": [1.250307314048364, 1.1069197425341697, 1.2277107723710718], "Sigma": [[0.004256474085588781, -0.002158699460095435, -0.0011032547667286638], [-0.002158699460095435, 0.006749555334867552, -0.00095714031293731], [-0.0011032547667286638, -0.0009571403129373098, 0.0010926978861383445]], "chi2_level": 0.95, "chi2_df": 3, "chi2_threshold": 7.814727903251179, "N_raw": 39, "N_roi": 39, "N_inlier": 37, "refit": true}
{"timestamp": "20:09:26.133483", "frame": 6, "mu": [1.2771363363119126, 1.3034341016688156, -0.8256776806861493], "Sigma": [[0.0022542162546697474, 0.0027215806190197234, -0.013487883494767365], [0.0027215806190197234, 0.00839022673907847, -0.03980794317109763], [-0.013487883494767365, -0.03980794317109763, 0.2396938268128137]], "chi2_level": 0.95, "chi2_df": 3, "chi2_threshold": 7.814727903251179, "N_raw": 13, "N_roi": 13, "N_inlier": 12, "refit": true}
{"timestamp": "20:09:26.187644", "frame": 7, "mu": [1.2323468345920805, 1.099648196894783, 0.9549996447905115], "Sigma": [[0.004729068218246043, -0.004292553773833159, -0.032981326412918295], [-0.004292553773833159, 0.0057665793571901845, 0.04091222374444452], [-0.0329813264129183, 0.04091222374444452, 0.2963637552745672]], "chi2_level": 0.95, "chi2_df": 3, "chi2_threshold": 7.814727903251179, "N_raw": 8, "N_roi": 8, "N_inlier": 7, "refit": true}
{"timestamp": "20:09:26.246443", "frame": 8, "mu": [1.146962373372501, 1.1237433274053819, 1.247650280966902], "Sigma": [[0.005806090799196551, -0.006313884075885248, -0.009928665091238228], [-0.006313884075885248, 0.008820925746107952, 0.01528555944734969], [-0.009928665091238228, 0.01528555944734969, 0.03944682883096292]], "chi2_level": 0.95, "chi2_df": 3, "chi2_threshold": 7.814727903251179, "N_raw": 39, "N_roi": 39, "N_inlier": 38, "refit": true}
{"timestamp": "20:09:26.304495", "frame": 9, "mu": [1.1360680902902063, 1.1505732194958727, 1.3190730574521898], "Sigma": [[0.00570682562712099, -0.0031098371131169453, -0.009167635060535733], [-0.003109837113116945, 0.00531617325300592, 0.006516500296673984], [-0.009167635060535733, 0.006516500296673983, 0.029584241133066326]], "chi2_level": 0.95, "chi2_df": 3, "chi2_threshold": 7.814727903251179, "N_raw": 53, "N_roi": 53, "N_inlier": 50, "refit": true}
{"timestamp": "20:09:26.359018", "frame": 10, "mu": [1.1944596738836428, 1.057830147039468, 0.9786626482073812], "Sigma": [[0.0051221506956480095, -0.0020637282157775104, -0.003426457385622101], [-0.0020637282157775104, 0.007440098603585005, 0.0004123695424813193], [-0.003426457385622101, 0.00041236954248131925, 0.008738629411861048]], "chi2_level": 0.95, "chi2_df": 3, "chi2_threshold": 7.814727903251179, "N_raw": 53, "N_roi": 53, "N_inlier": 49, "refit": true}
{"timestamp": "20:09:26.408232", "frame": 11, "mu": [1.0829464949175334, 1.1653770980936204, 1.2049725521517223], "Sigma": [[0.003918345385618564, -0.00032938229428129483, -0.003814345671854605], [-0.00032938229428129483, 0.0008322055061797145, -0.0006876178269656], [-0.003814345671854605, -0.0006876178269656, 0.005531590602886493]], "chi2_level": 0.95, "chi2_df": 3, "chi2_threshold": 7.814727903251179, "N_raw": 14, "N_roi": 14, "N_inlier": 12, "refit": true}
{"timestamp": "20:09:26.465581", "frame": 12, "mu": [1.1414500133707421, 1.0267619884489296, 1.079498811626234], "Sigma": [[0.0054165676183816095, -0.0018513413707624705, -0.007262577978387788], [-0.0018513413707624705, 0.0017603287963896994, 0.0011365189447116227], [-0.007262577978387788, 0.001136518944711623, 0.01248914636456506]], "chi2_level": 0.95, "chi2_df": 3, "chi2_threshold": 7.814727903251179, "N_raw": 21, "N_roi": 21, "N_inlier": 19, "refit": true}
{"timestamp": "20:09:26.517053", "frame": 13, "mu": [0.9753108452334438, 1.1251740721298014, 1.2108580891994047], "Sigma": [[0.017341963124057565, -0.010280296959468374, -0.027153372120783916], [-0.010280296959468372, 0.007234326162499423, 0.01706504370097161], [-0.027153372120783916, 0.01706504370097161, 0.04519497907560065]], "chi2_level": 0.95, "chi2_df": 3, "chi2_threshold": 7.814727903251179, "N_raw": 7, "N_roi": 7, "N_inlier": 7, "refit": true}
{"timestamp": "20:09:26.576962", "frame": 14, "mu": [0.9156588764189464, 1.1298519573843588, 1.3919572069397343], "Sigma": [[0.004522045691637769, -0.0018145055072082018, -0.0030016627607005993], [-0.0018145055072082018, 0.0034042859721787116, 0.0007055883941053509], [-0.0030016627607005993, 0.0007055883941053508, 0.00524677080939339]], "chi2_level": 0.95, "chi2_df": 3, "chi2_threshold": 7.814727903251179, "N_raw": 42, "N_roi": 42, "N_inlier": 37, "refit": true}
{"timestamp": "20:09:26.630154", "frame": 15, "mu": [0.9244302563338334, 1.174163551673136, -0.4682966702953566], "Sigma": [[0.00951812511175878, -0.004434474777013527, -0.02315851013029571], [-0.004434474777013527, 0.0028929288737641968, 0.010038591557739545], [-0.02315851013029571, 0.010038591557739545, 0.062324856077214386]], "chi2_level": 0.95, "chi2_df": 3, "chi2_threshold": 7.814727903251179, "N_raw": 25, "N_roi": 25, "N_inlier": 21, "refit": true}
{"timestamp": "20:09:26.683654", "frame": 16, "mu": [0.9384648658879453, 0.972773045590693, 1.197888084649272], "Sigma": [[0.006001848183745749, -0.002915719921813744, -0.008688517717375869], [-0.002915719921813744, 0.0016075335895996106, 0.004502939430861085], [-0.008688517717375869, 0.004502939430861085, 0.016829370411717868]], "chi2_level": 0.95, "chi2_df": 3, "chi2_threshold": 7.814727903251179, "N_raw": 13, "N_roi": 13, "N_inlier": 12, "refit": true}
{"timestamp": "20:09:26.739664", "frame": 17, "mu": [0.862209502844504, 1.0259567321513376, 1.1194231575669646], "Sigma": [[0.006244921827722749, -0.004262214095898808, -0.014044834068187764], [-0.004262214095898808, 0.006624193036988485, 0.010607225980230466], [-0.014044834068187764, 0.010607225980230466, 0.04353299481607491]], "chi2_level": 0.95, "chi2_df": 3, "chi2_threshold": 7.814727903251179, "N_raw": 22, "N_roi": 22, "N_inlier": 18, "refit": true}
{"timestamp": "20:09:26.797806", "frame": 18, "mu": [0.7539466772118593, 1.0586124917462851, 1.257454345156678], "Sigma": [[0.006249203451224644, -0.006597769222992259, -0.016297690847262545], [-0.006597769222992259, 0.010909306390884405, 0.018724876783342184], [-0.016297690847262545, 0.018724876783342184, 0.05166836337081031]], "chi2_level": 0.95, "chi2_df": 3, "chi2_threshold": 7.814727903251179, "N_raw": 48, "N_roi": 48, "N_inlier": 45, "refit": true}
{"timestamp": "20:09:26.851304", "frame": 19, "mu": [0.71259012818846, 1.0189626962701916, 0.9724143729934961], "Sigma": [[0.003633161120792673, -0.003001491019378924, -0.019668828190146065], [-0.003001491019378924, 0.00756096726972716, 0.043486584347474405], [-0.019668828190146065, 0.043486584347474405, 0.3731254985971637]], "chi2_level": 0.95, "chi2_df": 3, "chi2_threshold": 7.814727903251179, "N_raw": 30, "N_roi": 30, "N_inlier": 28, "refit": true}
{"timestamp": "20:09:26.909956", "frame": 20, "mu": [0.6810903302529805, 1.0099424052216228, 1.2105735900382788], "Sigma": [[0.0026922600817902076, -0.0030781368138939526, -0.0074959657471135935], [-0.0030781368138939526, 0.00990546526978684, 0.01633351359884224], [-0.007495965747113593, 0.01633351359884224, 0.04986187134573195]], "chi2_level": 0.95, "chi2_df": 3, "chi2_threshold": 7.814727903251179, "N_raw": 58, "N_roi": 58, "N_inlier": 54, "refit": true}
{"timestamp": "20:09:26.965180", "frame": 21, "mu": [0.5957195931353694, 1.0557929304323106, 1.4388430499577283], "Sigma": [[0.0038184074722541943, -0.0005289385444262166, -0.003927028156906407], [-0.0005289385444262168, 0.0016410152680783878, 7.026442176174326e-05], [-0.003927028156906407, 7.026442176174321e-05, 0.009295387566077644]], "chi2_level": 0.95, "chi2_df": 3, "chi2_threshold": 7.814727903251179, "N_raw": 42, "N_roi": 42, "N_inlier": 38, "refit": true}
{"timestamp": "20:09:27.019760", "frame": 22, "mu": [0.5943159089089763, 0.9440506531276691, 1.2402823002336343], "Sigma": [[0.003967673097953171, -0.0017019833815508714, -0.003592821512773986], [-0.0017019833815508714, 0.002001867422812511, 0.0036270864512014597], [-0.003592821512773986, 0.00362708645120146, 0.017875607010045813]], "chi2_level": 0.95, "chi2_df": 3, "chi2_threshold": 7.814727903251179, "N_raw": 58, "N_roi": 58, "N_inlier": 52, "refit": true}
{"timestamp": "20:09:27.073587", "frame": 23, "mu": [0.5652980307684418, 0.9726310650098062, 1.3103661494027243], "Sigma": [[0.006662474594892195, -0.004083662396151569, -0.006357399973610253], [-0.004083662396151569, 0.009901798531253553, 0.008553900486885202], [-0.006357399973610253, 0.008553900486885204, 0.01240153202790178]], "chi2_level": 0.95, "chi2_df": 3, "chi2_threshold": 7.814727903251179, "N_raw": 47, "N_roi": 47, "N_inlier": 43, "refit": true}
{"timestamp": "20:09:27.135170", "frame": 24, "mu": [0.4716391507780089, 1.0712335381467233, 1.3247136299623623], "Sigma": [[0.00551233319117665, -0.0024683614730275118, -0.006784237484818618], [-0.0024683614730275118, 0.009055348612618924, 0.001686065753553164], [-0.006784237484818617, 0.001686065753553164, 0.013651744343464795]], "chi2_level": 0.95, "chi2_df": 3, "chi2_threshold": 7.814727903251179, "N_raw": 91, "N_roi": 91, "N_inlier": 87, "refit": true}
{"timestamp": "20:09:27.184724", "frame": 25, "mu": [0.4004867779473333, 1.0681038962432867, 1.3741075334193291], "Sigma": [[0.003957421849995827, -0.001159672001205991, -0.0051340525956001986], [-0.001159672001205991, 0.0024779396819851586, 0.000504134894250445], [-0.0051340525956001986, 0.000504134894250445, 0.009721726907879273]], "chi2_level": 0.95, "chi2_df": 3, "chi2_threshold": 7.814727903251179, "N_raw": 53, "N_roi": 53, "N_inlier": 51, "refit": true}
{"timestamp": "20:09:27.241825", "frame": 26, "mu": [0.29628268974530425, 1.2367415779639568, -0.25631972130963115], "Sigma": [[0.0038387597820917843, 0.00017249346630429408, -0.002842469104269179], [0.00017249346630429397, 0.004677163548582538, -0.0010350832723494856], [-0.0028424691042691795, -0.0010350832723494859, 0.003594101374842923]], "chi2_level": 0.95, "chi2_df": 3, "chi2_threshold": 7.814727903251179, "N_raw": 65, "N_roi": 65, "N_inlier": 62, "refit": true}
{"timestamp": "20:09:27.291934", "frame": 27, "mu": [0.31410008017694496, 1.1148061695892748, 1.3386766280080973], "Sigma": [[0.0015897161094619772, -0.0003533058784139718, -0.0020383801772161005], [-0.00035330587841397176, 0.0017999922192009465, -0.0006022586532825475], [-0.0020383801772161005, -0.0006022586532825475, 0.0039780647363801]], "chi2_level": 0.95, "chi2_df": 3, "chi2_threshold": 7.814727903251179, "N_raw": 29, "N_roi": 29, "N_inlier": 26, "refit": true}
{"timestamp": "20:09:27.407003", "frame": 29, "mu": [0.14215220344492452, 1.179431396985808, 1.4496834530220573], "Sigma": [[0.0030025757892346936, -0.001830410011293729, -0.0033974327235327395], [-0.001830410011293729, 0.007253101759041903, 0.0006961490378221153], [-0.0033974327235327395, 0.0006961490378221153, 0.009373836928924961]], "chi2_level": 0.95, "chi2_df": 3, "chi2_threshold": 7.814727903251179, "N_raw": 72, "N_roi": 72, "N_inlier": 71, "refit": true}
{"timestamp": "20:09:27.460672", "frame": 30, "mu": [0.0771654696102888, 1.1762094446162874, 1.4523476032779103], "Sigma": [[0.003260234429989675, -0.0012541514089898932, -0.0019514096994316782], [-0.001254151408989893, 0.005226453366920237, -0.0002908882549910864], [-0.0019514096994316782, -0.0002908882549910864, 0.0016973902666945857]], "chi2_level": 0.95, "chi2_df": 3, "chi2_threshold": 7.814727903251179, "N_raw": 63, "N_roi": 63, "N_inlier": 61, "refit": true}
{"timestamp": "20:09:27.520367", "frame": 31, "mu": [-0.0007465502512046852, 1.1784560032916396, 1.3892549142573334], "Sigma": [[0.0037812749606076722, -0.0023613340172454348, -0.0030235738305161514], [-0.0023613340172454343, 0.008621783443104311, -0.0004003766797474702], [-0.003023573830516152, -0.00040037667974747026, 0.00445673345971979]], "chi2_level": 0.95, "chi2_df": 3, "chi2_threshold": 7.814727903251179, "N_raw": 85, "N_roi": 85, "N_inlier": 82, "refit": true}
{"timestamp": "20:09:27.574651", "frame": 32, "mu": [-0.060306150268150005, 1.1557129404834265, 1.2225286578367187], "Sigma": [[0.0036648391808313304, 0.0014374134275149247, 0.0032395653181671756], [0.0014374134275149247, 0.0043388804392528475, -0.0010987269849836244], [0.0032395653181671756, -0.0010987269849836244, 0.0143711287691478]], "chi2_level": 0.95, "chi2_df": 3, "chi2_threshold": 7.814727903251179, "N_raw": 78, "N_roi": 77, "N_inlier": 74, "refit": true}
{"timestamp": "20:09:27.630366", "frame": 33, "mu": [-0.1450140410211987, 1.2576189208135642, 1.3846406946206689], "Sigma": [[0.003969588537262352, -0.001129777069803886, -0.0016613171443068168], [-0.001129777069803886, 0.002787940410912074, -0.0027781211402446307], [-0.0016613171443068168, -0.0027781211402446307, 0.02647485337776311]], "chi2_level": 0.95, "chi2_df": 3, "chi2_threshold": 7.814727903251179, "N_raw": 89, "N_roi": 89, "N_inlier": 85, "refit": true}
{"timestamp": "20:09:27.683864", "frame": 34, "mu": [-0.19548058323759437, 1.3392118504075987, 0.00990384191969916], "Sigma": [[0.004538187858079887, -0.0021304236464987965, 0.02293033596387834], [-0.0021304236464987965, 0.009077444581681856, -0.012616733948940747], [0.022930335963878338, -0.012616733948940747, 0.3317799113470642]], "chi2_level": 0.95, "chi2_df": 3, "chi2_threshold": 7.814727903251179, "N_raw": 82, "N_roi": 81, "N_inlier": 79, "refit": true}
{"timestamp": "20:09:27.737439", "frame": 35, "mu": [-0.22442670067636045, 1.3689714549877452, -0.38846365916913067], "Sigma": [[0.003338778975676494, 0.001768028028563845, 0.007512319113186368], [0.0017680280285638451, 0.009229414460848689, 0.005819300269468123], [0.007512319113186367, 0.005819300269468123, 0.02638930996615161]], "chi2_level": 0.95, "chi2_df": 3, "chi2_threshold": 7.814727903251179, "N_raw": 72, "N_roi": 72, "N_inlier": 67, "refit": true}
{"timestamp": "20:09:27.800281", "frame": 36, "mu": [-0.32422768885551206, 1.2826104233973221, -0.6328402544809202], "Sigma": [[0.00498860353619633, 0.001181268954090512, -0.0029653482421460008], [0.0011812689540905117, 0.010841545699290972, -0.019591955836658827], [-0.0029653482421460008, -0.019591955836658827, 0.04857109366188971]], "chi2_level": 0.95, "chi2_df": 3, "chi2_threshold": 7.814727903251179, "N_raw": 118, "N_roi": 118, "N_inlier": 108, "refit": true}
{"timestamp": "20:09:27.855263", "frame": 37, "mu": [-0.39639840999089304, 1.2253322523421626, 1.2465539439052307], "Sigma": [[0.00613691338144351, 0.002467822922459867, -0.0014365850214088627], [0.0024678229224598665, 0.012981309079963175, 0.0021372908602339752], [-0.0014365850214088623, 0.002137290860233976, 0.03900395453272802]], "chi2_level": 0.95, "chi2_df": 3, "chi2_threshold": 7.814727903251179, "N_raw": 122, "N_roi": 122, "N_inlier": 112, "refit": true}
{"timestamp": "20:09:27.908597", "frame": 38, "mu": [-0.4532877576296659, 1.3174455788410966, 1.3826392727797463], "Sigma": [[0.006342456142729189, 6.20381046506735e-05, -0.004168150834450812], [6.203810465067343e-05, 0.009728997870343004, 0.010169084549321897], [-0.004168150834450811, 0.010169084549321899, 0.04907464218243088]], "chi2_level": 0.95, "chi2_df": 3, "chi2_threshold": 7.814727903251179, "N_raw": 107, "N_roi": 107, "N_inlier": 103, "refit": true}
{"timestamp": "20:09:27.967727", "frame": 39, "mu": [-0.48926823027287486, 1.3366725198146407, 1.351841425271014], "Sigma": [[0.009707632690425929, -0.001131133759918509, -0.013086065492719819], [-0.001131133759918509, 0.011275628408130537, 0.012428483004986876], [-0.013086065492719819, 0.012428483004986876, 0.07135998774427116]], "chi2_level": 0.95, "chi2_df": 3, "chi2_threshold": 7.814727903251179, "N_raw": 137, "N_roi": 137, "N_inlier": 134, "refit": true}
{"timestamp": "20:09:28.016520", "frame": 40, "mu": [-0.5479872998779521, 1.3282556570606354, 1.2927600905884242], "Sigma": [[0.006013161822381564, 0.0004858886043197752, -0.005106213283380064], [0.00048588860431977507, 0.007575249440388843, 0.00454048044921906], [-0.005106213283380064, 0.00454048044921906, 0.042167134929672404]], "chi2_level": 0.95, "chi2_df": 3, "chi2_threshold": 7.814727903251179, "N_raw": 96, "N_roi": 96, "N_inlier": 93, "refit": true}
{"timestamp": "20:09:28.068742", "frame": 41, "mu": [-0.6157312015771248, 1.316861707883187, 1.204363051025719], "Sigma": [[0.004874556648947394, 0.0015263592525327273, -0.00027876809980258935], [0.0015263592525327273, 0.0033103114527325258, -0.0008664352997261041], [-0.00027876809980258935, -0.0008664352997261041, 0.02270153776873849]], "chi2_level": 0.95, "chi2_df": 3, "chi2_threshold": 7.814727903251179, "N_raw": 74, "N_roi": 74, "N_inlier": 71, "refit": true}
{"timestamp": "20:09:28.127785", "frame": 42, "mu": [-0.6012010465238705, 1.3856367574257837, 1.1323356775777578], "Sigma": [[0.006697931023521181, -4.560866530100877e-05, -0.008609169411308659], [-4.5608665301008716e-05, 0.004836255701474914, 0.008886227451760532], [-0.00860916941130866, 0.008886227451760534, 0.0747194598984864]], "chi2_level": 0.95, "chi2_df": 3, "chi2_threshold": 7.814727903251179, "N_raw": 103, "N_roi": 103, "N_inlier": 100, "refit": true}
{"timestamp": "20:09:28.182574", "frame": 43, "mu": [-0.6652119933514699, 1.5832189125057259, -0.11491007160372921], "Sigma": [[0.005827164221665224, -0.0019301790671197592, 0.019207964544521824], [-0.0019301790671197592, 0.010974824207487391, -0.02989854102514576], [0.019207964544521824, -0.02989854102514576, 0.2185157044536228]], "chi2_level": 0.95, "chi2_df": 3, "chi2_threshold": 7.814727903251179, "N_raw": 101, "N_roi": 100, "N_inlier": 92, "refit": true}
{"timestamp": "20:09:28.226447", "frame": 44, "mu": [-0.6992416680838864, 1.482580801096297, 1.0533591220872045], "Sigma": [[0.0009400280715846795, 0.0005327365565236543, 0.006851123448436316], [0.0005327365565236544, 0.0033625881969138794, -0.00133302004014468], [0.006851123448436315, -0.00133302004014468, 0.24295224126356238]], "chi2_level": 0.95, "chi2_df": 3, "chi2_threshold": 7.814727903251179, "N_raw": 20, "N_roi": 20, "N_inlier": 18, "refit": true}
{"timestamp": "20:09:28.292056", "frame": 45, "mu": [-0.7496647088486273, 1.564711963074435, 1.2605304400547583], "Sigma": [[0.006724801061105218, 0.0021114799369522713, 0.0034161715161013457], [0.0021114799369522713, 0.009422522816892867, 0.0199907713506641], [0.003416171516101346, 0.0199907713506641, 0.13737517624715892]], "chi2_level": 0.95, "chi2_df": 3, "chi2_threshold": 7.814727903251179, "N_raw": 108, "N_roi": 108, "N_inlier": 105, "refit": true}
{"timestamp": "20:09:28.349737", "frame": 46, "mu": [-0.8211008379234088, 1.6940594244045044, 0.12242480957747078], "Sigma": [[0.006987694712363101, -0.0005876782203766058, 0.029286333234284444], [-0.0005876782203766058, 0.012087897098831788, -0.024364170955493567], [0.029286333234284437, -0.024364170955493567, 0.3221025181213403]], "chi2_level": 0.95, "chi2_df": 3, "chi2_threshold": 7.814727903251179, "N_raw": 114, "N_roi": 114, "N_inlier": 113, "refit": true}
{"timestamp": "20:09:28.406016", "frame": 47, "mu": [-0.8505075080366324, 1.8043010363951928, -0.506004133911066], "Sigma": [[0.01172001574260788, 0.0013878180545556457, 0.0072272336671147614], [0.0013878180545556455, 0.021289736551830574, -0.029094759652730746], [0.007227233667114762, -0.029094759652730746, 0.14312505002725692]], "chi2_level": 0.95, "chi2_df": 3, "chi2_threshold": 7.814727903251179, "N_raw": 123, "N_roi": 123, "N_inlier": 116, "refit": true}
{"timestamp": "20:09:28.461960", "frame": 48, "mu": [-0.9372256337356566, 1.7290043576904837, 0.9587905034552827], "Sigma": [[0.017049072464235118, -0.005007792443989511, 0.02985101356229782], [-0.0050077924439895114, 0.007395909819117871, -0.026507730522564825], [0.02985101356229782, -0.02650773052256482, 0.33650980996243834]], "chi2_level": 0.95, "chi2_df": 3, "chi2_threshold": 7.814727903251179, "N_raw": 132, "N_roi": 132, "N_inlier": 130, "refit": true}
{"timestamp": "20:09:28.520116", "frame": 49, "mu": [-0.9504882378858369, 1.7891446737491057, 0.3598496278993437], "Sigma": [[0.021755603407846207, 0.0020003961390591836, 0.07304052735310824], [0.002000396139059184, 0.009147173493152949, 0.0074210630061078775], [0.07304052735310826, 0.007421063006107878, 0.42393798045722814]], "chi2_level": 0.95, "chi2_df": 3, "chi2_threshold": 7.814727903251179, "N_raw": 150, "N_roi": 150, "N_inlier": 144, "refit": true}
{"timestamp": "20:09:28.565291", "frame": 50, "mu": [-0.9320020528667867, 1.8165148438072392, 1.3687378926281721], "Sigma": [[0.011018241282916692, 0.0008432440244355323, -0.00968639804462058], [0.0008432440244355323, 0.004816437961993501, -0.004851406046407056], [-0.00968639804462058, -0.004851406046407057, 0.019877639772223076]], "chi2_level": 0.95, "chi2_df": 3, "chi2_threshold": 7.814727903251179, "N_raw": 81, "N_roi": 81, "N_inlier": 79, "refit": true}
{"timestamp": "20:09:28.618941", "frame": 51, "mu": [-0.8820387449954996, 1.865793598756492, 1.3629418625018273], "Sigma": [[0.01083206873622434, -9.346779285711247e-05, -0.0056538652710480105], [-9.34677928571126e-05, 0.006506257947912341, -0.002698424690635026], [-0.0056538652710480105, -0.002698424690635026, 0.004444631318047972]], "chi2_level": 0.95, "chi2_df": 3, "chi2_threshold": 7.814727903251179, "N_raw": 79, "N_roi": 79, "N_inlier": 75, "refit": true}
{"timestamp": "20:09:28.679353", "frame": 52, "mu": [-0.9112308298256193, 1.9198691603100595, 1.2407726310265044], "Sigma": [[0.012801193596692824, -0.0016592282429119974, -0.02139828997610458], [-0.0016592282429119974, 0.013786286789800173, 0.028051158410417786], [-0.02139828997610458, 0.02805115841041779, 0.17552137862486264]], "chi2_level": 0.95, "chi2_df": 3, "chi2_threshold": 7.814727903251179, "N_raw": 115, "N_roi": 115, "N_inlier": 111, "refit": true}
{"timestamp": "20:09:28.734480", "frame": 53, "mu": [-0.9452454296431143, 2.1175339741963772, -0.4362954454862608], "Sigma": [[0.013630374648666644, 0.0036497560377194644, 0.0036475652362027355], [0.0036497560377194652, 0.011254211178305445, 0.004457700919963027], [0.003647565236202735, 0.004457700919963028, 0.1206252765998081]], "chi2_level": 0.95, "chi2_df": 3, "chi2_threshold": 7.814727903251179, "N_raw": 111, "N_roi": 111, "N_inlier": 107, "refit": true}
{"timestamp": "20:09:28.786415", "frame": 54, "mu": [-0.9717041784134525, 2.0395699527553175, 1.3171894461021483], "Sigma": [[0.011030217013188421, 0.00027952907146638233, -0.006409030433721679], [0.0002795290714663823, 0.008246782747210673, 0.009984780074778845], [-0.006409030433721678, 0.009984780074778845, 0.10609057283637764]], "chi2_level": 0.95, "chi2_df": 3, "chi2_threshold": 7.814727903251179, "N_raw": 94, "N_roi": 94, "N_inlier": 88, "refit": true}
{"timestamp": "20:09:28.836973", "frame": 55, "mu": [-1.0202244455453466, 2.109310591256924, 1.0971697572616343], "Sigma": [[0.007271340452261312, -0.0016493635390209696, -0.007666427291873836], [-0.0016493635390209696, 0.002286767269130368, 0.002320974069560538], [-0.007666427291873836, 0.002320974069560538, 0.23287506530505325]], "chi2_level": 0.95, "chi2_df": 3, "chi2_threshold": 7.814727903251179, "N_raw": 65, "N_roi": 65, "N_inlier": 64, "refit": true}
{"timestamp": "20:09:28.891317", "frame": 56, "mu": [-1.044847080173266, 2.371000969231476, -0.4094683461498758], "Sigma": [[0.006100565731547791, -0.002621950517378367, 0.00797608823647271], [-0.002621950517378367, 0.021960553119725654, -0.07501989295548729], [0.007976088236472712, -0.0750198929554873, 0.2867559099028358]], "chi2_level": 0.95, "chi2_df": 3, "chi2_threshold": 7.814727903251179, "N_raw": 62, "N_roi": 62, "N_inlier": 60, "refit": true}
{"timestamp": "20:09:28.952139", "frame": 57, "mu": [-1.0463871981572894, 2.2754450471074255, 0.9348188118668656], "Sigma": [[0.019000279596049125, -0.0008341707092042859, 0.03454238932917853], [-0.0008341707092042861, 0.0023423896794517104, -0.010158503911305973], [0.03454238932917853, -0.010158503911305974, 0.19243031716455097]], "chi2_level": 0.95, "chi2_df": 3, "chi2_threshold": 7.814727903251179, "N_raw": 103, "N_roi": 103, "N_inlier": 100, "refit": true}
{"timestamp": "20:09:29.009988", "frame": 58, "mu": [-1.023338600706646, 2.2756265622467464, 0.9722101609333748], "Sigma": [[0.01747709850630747, 0.00014188131850986156, 0.021642024174770024], [0.0001418813185098615, 0.0022980527521594372, -0.008976710722596709], [0.02164202417477002, -0.008976710722596709, 0.19175737210812346]], "chi2_level": 0.95, "chi2_df": 3, "chi2_threshold": 7.814727903251179, "N_raw": 113, "N_roi": 113, "N_inlier": 110, "refit": true}
{"timestamp": "20:09:29.069826", "frame": 59, "mu": [-0.9920620461263114, 2.337047257373922, 1.2893571414134053], "Sigma": [[0.013841521816538993, 0.0016395335193456818, -0.004467863084469145], [0.0016395335193456818, 0.0037185412174358607, -0.00043007547801851695], [-0.004467863084469144, -0.00043007547801851695, 0.05926063005257301]], "chi2_level": 0.95, "chi2_df": 3, "chi2_threshold": 7.814727903251179, "N_raw": 79, "N_roi": 79, "N_inlier": 74, "refit": true}
{"timestamp": "20:09:29.118065", "frame": 60, "mu": [-1.031462780846994, 2.385757036714129, 1.2158996591592948], "Sigma": [[0.017605561559556823, 0.001349170651986568, 0.011822498346437891], [0.0013491706519865678, 0.005732084242238184, 0.002546256077590831], [0.011822498346437891, 0.002546256077590831, 0.0801700589762771]], "chi2_level": 0.95, "chi2_df": 3, "chi2_threshold": 7.814727903251179, "N_raw": 106, "N_roi": 106, "N_inlier": 102, "refit": true}
{"timestamp": "20:09:29.162990", "frame": 61, "mu": [-1.1260217669574737, 2.658538322727609, -0.7448499749836471], "Sigma": [[0.007559464102182467, -0.0002291959742771226, 0.011394196819946086], [-0.00022919597427712248, 0.0035758032642335402, -0.016241632067216787], [0.011394196819946087, -0.016241632067216787, 0.12925932503069232]], "chi2_level": 0.95, "chi2_df": 3, "chi2_threshold": 7.814727903251179, "N_raw": 41, "N_roi": 41, "N_inlier": 39, "refit": true}
{"timestamp": "20:09:29.222055", "frame": 62, "mu": [-1.1242638812690307, 2.6468304172574446, -0.32044485499479536], "Sigma": [[0.011407779350063553, 0.0023675172261153894, 0.0221278253213014], [0.002367517226115389, 0.006330374435639503, -0.02392136181302712], [0.0221278253213014, -0.02392136181302712, 0.30369563803467436]], "chi2_level": 0.95, "chi2_df": 3, "chi2_threshold": 7.814727903251179, "N_raw": 74, "N_roi": 74, "N_inlier": 71, "refit": true}
{"timestamp": "20:09:29.274611", "frame": 63, "mu": [-1.091129663981393, 2.7824568999372135, -0.468449147170063], "Sigma": [[0.03811790644972285, 0.0011067857938539347, 0.046500958628746626], [0.0011067857938539347, 0.0030671852460019827, -0.011934385867276763], [0.04650095862874662, -0.011934385867276765, 0.13737264835012447]], "chi2_level": 0.95, "chi2_df": 3, "chi2_threshold": 7.814727903251179, "N_raw": 54, "N_roi": 54, "N_inlier": 50, "refit": true}
{"timestamp": "20:09:29.328356", "frame": 64, "mu": [-0.916925769581932, 2.7485196855204475, -0.09580391149785855], "Sigma": [[0.00699883413946122, 0.0029603663550532393, -0.008885608723846361], [0.0029603663550532393, 0.007417352515517125, -0.015278513749574917], [-0.008885608723846361, -0.015278513749574917, 0.040087368863714765]], "chi2_level": 0.95, "chi2_df": 3, "chi2_threshold": 7.814727903251179, "N_raw": 49, "N_roi": 49, "N_inlier": 48, "refit": true}
{"timestamp": "20:09:29.388334", "frame": 65, "mu": [-0.9494240782158141, 2.6757380377098396, 0.7183156708816456], "Sigma": [[0.013328419732828266, -0.0006760785702841182, 0.021929156999446846], [-0.0006760785702841179, 0.003286849418858865, -0.0016634628993197134], [0.021929156999446846, -0.0016634628993197134, 0.41829990463566363]], "chi2_level": 0.95, "chi2_df": 3, "chi2_threshold": 7.814727903251179, "N_raw": 80, "N_roi": 80, "N_inlier": 79, "refit": true}
{"timestamp": "20:09:29.440579", "frame": 66, "mu": [-0.980562916014175, 2.7760250474980634, 0.9495042459461343], "Sigma": [[0.025503083819195235, -0.004316242908434388, 0.027769542129703537], [-0.004316242908434388, 0.001636389520917419, -0.010344079824369409], [0.027769542129703534, -0.01034407982436941, 0.12891822699928285]], "chi2_level": 0.95, "chi2_df": 3, "chi2_threshold": 7.814727903251179, "N_raw": 54, "N_roi": 54, "N_inlier": 50, "refit": true}
{"timestamp": "20:09:29.495943", "frame": 67, "mu": [-0.9000382660698255, 2.8016959701201243, 1.2951482603870454], "Sigma": [[0.01007304172543683, -0.0003433199479284675, -0.00723462754490673], [-0.0003433199479284676, 0.0036159401234744717, -0.005925621386988001], [-0.00723462754490673, -0.005925621386988001, 0.026379493761298462]], "chi2_level": 0.95, "chi2_df": 3, "chi2_threshold": 7.814727903251179, "N_raw": 62, "N_roi": 62, "N_inlier": 58, "refit": true}
{"timestamp": "20:09:29.551216", "frame": 68, "mu": [-0.887777091606822, 2.962799066031092, -0.6250043710445855], "Sigma": [[0.010902951931866488, 0.004512576527578741, 0.023551313044488556], [0.00451257652757874, 0.024046523425296444, -0.022659672697814926], [0.023551313044488556, -0.022659672697814926, 0.18087909573769376]], "chi2_level": 0.95, "chi2_df": 3, "chi2_threshold": 7.814727903251179, "N_raw": 70, "N_roi": 70, "N_inlier": 68, "refit": true}
{"timestamp": "20:09:29.606354", "frame": 69, "mu": [-0.8590020661247904, 2.8789394600947578, 1.2309354858461519], "Sigma": [[0.01300700618657481, 0.00035187632621606576, -0.003922316969753814], [0.00035187632621606587, 0.003761663005214082, -0.006344763569799712], [-0.003922316969753814, -0.006344763569799713, 0.018445128480293033]], "chi2_level": 0.95, "chi2_df": 3, "chi2_threshold": 7.814727903251179, "N_raw": 69, "N_roi": 69, "N_inlier": 64, "refit": true}
{"timestamp": "20:09:29.660829", "frame": 70, "mu": [-0.8653458427193765, 3.0623646061092304, -0.11551152524291175], "Sigma": [[0.010684820644088907, -0.00097849668705509, -0.004176063545412193], [-0.0009784966870550903, 0.020326752036720113, -0.07422699840070492], [-0.004176063545412194, -0.07422699840070492, 0.3301442174620886]], "chi2_level": 0.95, "chi2_df": 3, "chi2_threshold": 7.814727903251179, "N_raw": 57, "N_roi": 55, "N_inlier": 54, "refit": true}
{"timestamp": "20:09:29.713661", "frame": 71, "mu": [-0.8816020898932369, 3.1350640014048454, -0.3999347980063391], "Sigma": [[0.01914082425600825, -0.010589660722092328, 0.04596516232379278], [-0.010589660722092328, 0.013194133683998053, -0.0502084090643955], [0.04596516232379278, -0.0502084090643955, 0.21014593306637894]], "chi2_level": 0.95, "chi2_df": 3, "chi2_threshold": 7.814727903251179, "N_raw": 45, "N_roi": 45, "N_inlier": 41, "refit": true}
{"timestamp": "20:09:29.768193", "frame": 72, "mu": [-0.8790314430892182, 2.723888059508016, 0.012787720382815003], "Sigma": [[0.012940737346621411, 0.011815658381031522, 0.001335246104862308], [0.011815658381031519, 0.3213687612975603, 0.39753486278790084], [0.001335246104862309, 0.39753486278790084, 0.7080205825026825]], "chi2_level": 0.95, "chi2_df": 3, "chi2_threshold": 7.814727903251179, "N_raw": 41, "N_roi": 41, "N_inlier": 41, "refit": true}
{"timestamp": "20:09:29.824921", "frame": 73, "mu": [-0.962033434485132, 3.167106278231739, 0.7075253764491356], "Sigma": [[0.023637465989012126, 0.00048200068762285704, 0.016415398973353354], [0.00048200068762285704, 0.003917639751660583, -0.004124918144270167], [0.016415398973353354, -0.004124918144270167, 0.03966867850071899]], "chi2_level": 0.95, "chi2_df": 3, "chi2_threshold": 7.814727903251179, "N_raw": 53, "N_roi": 53, "N_inlier": 48, "refit": true}
{"timestamp": "20:09:29.879671", "frame": 74, "mu": [-0.8125984810147634, 3.173925039895013, 0.7937471933585936], "Sigma": [[0.021424163821017746, -0.006557227329117791, 0.02972876187426761], [-0.006557227329117791, 0.005608860122921242, -0.022829314870906933], [0.02972876187426761, -0.022829314870906933, 0.1321715133131016]], "chi2_level": 0.95, "chi2_df": 3, "chi2_threshold": 7.814727903251179, "N_raw": 53, "N_roi": 53, "N_inlier": 50, "refit": true}
{"timestamp": "20:09:29.937954", "frame": 75, "mu": [-0.6963452099819464, 3.171205987108785, 1.032134902300885], "Sigma": [[0.01579108782304449, -0.0029722868000931213, 0.002713171091459841], [-0.0029722868000931213, 0.004237417522241692, -0.015344865954091557], [0.002713171091459842, -0.015344865954091555, 0.08638571816542212]], "chi2_level": 0.95, "chi2_df": 3, "chi2_threshold": 7.814727903251179, "N_raw": 78, "N_roi": 78, "N_inlier": 74, "refit": true}
{"timestamp": "20:09:29.991828", "frame": 76, "mu": [-0.6014877011128614, 3.2961430603092783, 0.03822067744031789], "Sigma": [[0.018969817739923997, -0.0014945696258272553, -0.00674872080959631], [-0.0014945696258272557, 0.010128434625755743, -0.010449246614245141], [-0.006748720809596309, -0.010449246614245141, 0.020099777207481524]], "chi2_level": 0.95, "chi2_df": 3, "chi2_threshold": 7.814727903251179, "N_raw": 73, "N_roi": 69, "N_inlier": 65, "refit": true}
{"timestamp": "20:09:30.040442", "frame": 77, "mu": [-0.6117366607434434, 3.312199860794272, 0.3401041659701788], "Sigma": [[0.009834983880224267, -0.0036523599618806025, 0.03247180825658234], [-0.003652359961880603, 0.002933224078482614, -0.021793936498472426], [0.03247180825658234, -0.021793936498472426, 0.24765347675096303]], "chi2_level": 0.95, "chi2_df": 3, "chi2_threshold": 7.814727903251179, "N_raw": 25, "N_roi": 25, "N_inlier": 24, "refit": true}
{"timestamp": "20:09:30.092517", "frame": 78, "mu": [-0.4993821056715054, 3.281674896995928, 0.42301928325005506], "Sigma": [[0.002334050207488869, -0.0022775401377903505, 0.022392493547076932], [-0.0022775401377903505, 0.004704207376685436, -0.01615536761152681], [0.022392493547076932, -0.01615536761152681, 0.3328364381163752]], "chi2_level": 0.95, "chi2_df": 3, "chi2_threshold": 7.814727903251179, "N_raw": 11, "N_roi": 9, "N_inlier": 8, "refit": true}
{"timestamp": "20:09:30.147505", "frame": 79, "mu": [-0.4537727717735111, 3.329001351331388, 0.6003261115238773], "Sigma": [[0.003696215866470577, 0.002886793987311593, -0.022445511887444834], [0.002886793987311593, 0.010107212937707276, -0.053380983839699796], [-0.022445511887444834, -0.053380983839699796, 0.4033235398305436]], "chi2_level": 0.95, "chi2_df": 3, "chi2_threshold": 7.814727903251179, "N_raw": 10, "N_roi": 9, "N_inlier": 9, "refit": true}
{"timestamp": "20:09:30.202532", "frame": 80, "mu": [-0.4287048371319535, 3.364271583563755, 0.5456034739653663], "Sigma": [[0.0053162099511395375, -0.00015726771535779936, 0.028245714110017243], [-0.00015726771535779952, 0.005836262929779378, -0.02749682714870503], [0.02824571411001725, -0.02749682714870503, 0.44760738689579177]], "chi2_level": 0.95, "chi2_df": 3, "chi2_threshold": 7.814727903251179, "N_raw": 9, "N_roi": 9, "N_inlier": 9, "refit": true}
{"timestamp": "20:09:30.262184", "frame": 81, "mu": [-0.3136191011535122, 3.4482663940607248, 0.5510510666755454], "Sigma": [[0.008301854221698097, 0.0016010703660195743, -0.03221744198122741], [0.001601070366019574, 0.009900975904863165, -0.05854327566294613], [-0.03221744198122741, -0.05854327566294613, 0.5630980639183417]], "chi2_level": 0.95, "chi2_df": 3, "chi2_threshold": 7.814727903251179, "N_raw": 37, "N_roi": 35, "N_inlier": 33, "refit": true}
{"timestamp": "20:09:30.315184", "frame": 82, "mu": [-0.3101169147370979, 3.4491361904744995, 0.10876327623065614], "Sigma": [[0.005555790746929728, -0.0010048314546009854, -0.005409769383474241], [-0.0010048314546009856, 0.006420940456176561, -0.03408284080044901], [-0.005409769383474241, -0.034082840800449016, 0.3563659402809651]], "chi2_level": 0.95, "chi2_df": 3, "chi2_threshold": 7.814727903251179, "N_raw": 20, "N_roi": 16, "N_inlier": 16, "refit": true}
{"timestamp": "20:09:30.370128", "frame": 83, "mu": [-0.23485426599002684, 3.5577835804636426, 0.02749971519038992], "Sigma": [[0.013444749176359455, -0.0025670804131366883, -0.0015059742073422853], [-0.0025670804131366883, 0.004979787302748529, -0.018610890556862977], [-0.0015059742073422848, -0.018610890556862977, 0.22405580773353095]], "chi2_level": 0.95, "chi2_df": 3, "chi2_threshold": 7.814727903251179, "N_raw": 31, "N_roi": 28, "N_inlier": 26, "refit": true}
{"timestamp": "20:09:30.425856", "frame": 84, "mu": [-0.19696535780214164, 3.4514551243884846, 0.8384337434374547], "Sigma": [[0.00510011338675618, -0.0020787234190087493, 0.014652447308593802], [-0.0020787234190087498, 0.006778073042696369, -0.04533859707598569], [0.014652447308593802, -0.04533859707598569, 0.40548436226476686]], "chi2_level": 0.95, "chi2_df": 3, "chi2_threshold": 7.814727903251179, "N_raw": 30, "N_roi": 19, "N_inlier": 18, "refit": true}
{"timestamp": "20:09:30.479172", "frame": 85, "mu": [-0.13825552849411063, 3.464021884717252, 0.8087911667424446], "Sigma": [[0.005028697709603785, -0.00048054868488631945, 0.03416395775439518], [-0.00048054868488631945, 0.007467088972129879, -0.02313724384586385], [0.03416395775439518, -0.02313724384586385, 0.36802141555047213]], "chi2_level": 0.95, "chi2_df": 3, "chi2_threshold": 7.814727903251179, "N_raw": 14, "N_roi": 14, "N_inlier": 14, "refit": true}
{"timestamp": "20:09:30.533189", "frame": 86, "mu": [-0.04797902596929669, 3.545269249018201, 0.48231267322086285], "Sigma": [[0.0024391214110085213, -0.003922089646096222, 0.011846428140629518], [-0.003922089646096222, 0.014629833629166342, -0.03965997986730443], [0.011846428140629516, -0.03965997986730443, 0.42142243822229536]], "chi2_level": 0.95, "chi2_df": 3, "chi2_threshold": 7.814727903251179, "N_raw": 11, "N_roi": 10, "N_inlier": 9, "refit": true}
{"timestamp": "20:09:30.588607", "frame": 87, "mu": [-0.01493169968247475, 3.8050011583824954, -0.6041265213036924], "Sigma": [[0.002513315742319803, -0.007559293951794382, 0.026900546626325905], [-0.007559293951794382, 0.05639491831932316, -0.1261112858305966], [0.026900546626325905, -0.1261112858305966, 0.35927249271612266]], "chi2_level": 0.95, "chi2_df": 3, "chi2_threshold": 7.814727903251179, "N_raw": 8, "N_roi": 8, "N_inlier": 7, "refit": true}
{"timestamp": "20:09:30.643241", "frame": 88, "mu": [0.0699691278448347, 3.462239847063877, 0.5209504756876773], "Sigma": [[0.004780083294185815, -0.0015448974138555283, 0.03878347025274466], [-0.0015448974138555281, 0.004945205206659136, -0.026942769896955102], [0.03878347025274465, -0.026942769896955106, 0.44570153107598304]], "chi2_level": 0.95, "chi2_df": 3, "chi2_threshold": 7.814727903251179, "N_raw": 9, "N_roi": 9, "N_inlier": 9, "refit": true}
