{"timestamp": "21:05:55.159213", "frame": 16, "mu": [-1.8849981326728564, 4.95905665357474, 0.8392896938915313], "Sigma": [[0.02669506990631932, 0.003060098470794571, -5.387673498141114e-05], [0.0030600984707945707, 0.0007471092239563919, -0.0011754301380740484], [-5.387673498141119e-05, -0.0011754301380740482, 0.010936361390803983]], "chi2_level": 0.95, "chi2_df": 3, "chi2_threshold": 7.814727903251179, "N_raw": 42, "N_roi": 19, "N_inlier": 18, "refit": true}
{"timestamp": "21:05:55.219960", "frame": 17, "mu": [-1.777246311186609, 4.9115652034662345, 0.8033806523706541], "Sigma": [[0.029543738664493197, 0.006305090864049226, -0.002887058717526089], [0.006305090864049225, 0.0030150150157930216, -0.002580516283260809], [-0.002887058717526089, -0.002580516283260809, 0.0075497447903374055]], "chi2_level": 0.95, "chi2_df": 3, "chi2_threshold": 7.814727903251179, "N_raw": 40, "N_roi": 33, "N_inlier": 31, "refit": true}
{"timestamp": "21:05:55.325613", "frame": 19, "mu": [-1.7914121468549935, 4.948230048934932, 0.07066606121479639], "Sigma": [[0.02238480637202584, 0.0013387990714237422, 0.009157354570651526], [0.0013387990714237422, 0.000981536488135219, -0.0011332073419029177], [0.009157354570651526, -0.0011332073419029174, 0.008913787902644655]], "chi2_level": 0.95, "chi2_df": 3, "chi2_threshold": 7.814727903251179, "N_raw": 39, "N_roi": 14, "N_inlier": 14, "refit": true}
{"timestamp": "21:05:55.432945", "frame": 21, "mu": [-1.7821754832837178, 4.937333497941974, -0.1626187507624774], "Sigma": [[0.012874224433350024, 0.0031936030946264084, -0.0027230319267370494], [0.0031936030946264084, 0.001736350691015684, -0.002374106731684567], [-0.002723031926737049, -0.002374106731684567, 0.005858915543379879]], "chi2_level": 0.95, "chi2_df": 3, "chi2_threshold": 7.814727903251179, "N_raw": 22, "N_roi": 11, "N_inlier": 11, "refit": true}
{"timestamp": "21:05:55.496273", "frame": 22, "mu": [-1.7997363727786735, 4.684188558498748, 0.47805366874161065], "Sigma": [[0.060362340641672736, 0.0012943640463977681, -0.026903356019565294], [0.001294364046397768, 0.006088624345108813, 0.0036360612857479313], [-0.026903356019565294, 0.0036360612857479313, 0.06489656209306305]], "chi2_level": 0.95, "chi2_df": 3, "chi2_threshold": 7.814727903251179, "N_raw": 75, "N_roi": 75, "N_inlier": 75, "refit": true}
{"timestamp": "21:05:55.549100", "frame": 23, "mu": [-1.7209352961373994, 4.646645547131838, 0.6564946047622997], "Sigma": [[0.046896873897872206, 0.01726583781157141, 0.00790304713266041], [0.01726583781157141, 0.006809673299883813, 0.0032128226648197597], [0.00790304713266041, 0.003212822664819758, 0.07482723810022059]], "chi2_level": 0.95, "chi2_df": 3, "chi2_threshold": 7.814727903251179, "N_raw": 61, "N_roi": 61, "N_inlier": 59, "refit": true}
{"timestamp": "21:05:55.597485", "frame": 24, "mu": [-1.6509199535100634, 4.601321313707983, 0.5885101479804304], "Sigma": [[0.008622982740658593, 0.0021941134522410494, 0.00029940247170268824], [0.0021941134522410494, 0.001132083618215783, -0.001468473632450299], [0.0002994024717026882, -0.001468473632450299, 0.008516424809098599]], "chi2_level": 0.95, "chi2_df": 3, "chi2_threshold": 7.814727903251179, "N_raw": 17, "N_roi": 17, "N_inlier": 16, "refit": true}
{"timestamp": "21:05:55.656975", "frame": 25, "mu": [-1.6792099122333013, 4.74605041460707, -0.09587795776853851], "Sigma": [[0.03933524375235904, 0.010740790105569484, -0.01004351952432177], [0.010740790105569484, 0.007683540054613421, -0.008873651900349989], [-0.01004351952432177, -0.00887365190034999, 0.013562982281332361]], "chi2_level": 0.95, "chi2_df": 3, "chi2_threshold": 7.814727903251179, "N_raw": 51, "N_roi": 51, "N_inlier": 51, "refit": true}
{"timestamp": "21:05:55.714122", "frame": 26, "mu": [-1.7602059145761404, 4.512592993965701, 0.6958787355276251], "Sigma": [[0.04239161063857917, 0.006527056143713428, -0.02514994169647944], [0.006527056143713428, 0.004445087993658497, -0.007518969136757655], [-0.02514994169647944, -0.007518969136757656, 0.021625339383552093]], "chi2_level": 0.95, "chi2_df": 3, "chi2_threshold": 7.814727903251179, "N_raw": 56, "N_roi": 56, "N_inlier": 55, "refit": true}
{"timestamp": "21:05:55.820155", "frame": 28, "mu": [-1.683334885701255, 4.417294834079687, 0.6211484203580092], "Sigma": [[0.024038811877158082, -0.0001811653935662645, -0.02416393339035116], [-0.00018116539356626438, 0.0014255647774681836, -0.0025465130613997245], [-0.02416393339035116, -0.0025465130613997245, 0.033725473386382196]], "chi2_level": 0.95, "chi2_df": 3, "chi2_threshold": 7.814727903251179, "N_raw": 34, "N_roi": 33, "N_inlier": 33, "refit": true}
{"timestamp": "21:05:55.877712", "frame": 29, "mu": [-1.7209102112302217, 4.5671371354933505, -0.08975573222737776], "Sigma": [[0.034893922531545656, 0.005916499918032898, -0.019892086296767815], [0.005916499918032898, 0.0055107697201089755, -0.010902051094604261], [-0.019892086296767815, -0.010902051094604261, 0.027099678652575156]], "chi2_level": 0.95, "chi2_df": 3, "chi2_threshold": 7.814727903251179, "N_raw": 47, "N_roi": 45, "N_inlier": 45, "refit": true}
{"timestamp": "21:05:55.934158", "frame": 30, "mu": [-1.7240164639342477, 4.356246699309601, 0.8178353356473989], "Sigma": [[0.041603612491086364, 0.005980196707411905, -0.024305141649078623], [0.005980196707411906, 0.005374135467548309, -0.0055360414997825454], [-0.024305141649078623, -0.0055360414997825454, 0.019657831379625196]], "chi2_level": 0.95, "chi2_df": 3, "chi2_threshold": 7.814727903251179, "N_raw": 58, "N_roi": 58, "N_inlier": 56, "refit": true}
{"timestamp": "21:05:55.987304", "frame": 31, "mu": [-1.7336765600958741, 4.313014700033965, 0.750381547096315], "Sigma": [[0.039204772579742114, 0.0011678182260129078, -0.03560903812997506], [0.0011678182260129078, 0.005681750750680879, 0.00013056988338853786], [-0.03560903812997507, 0.00013056988338853764, 0.03903508939034305]], "chi2_level": 0.95, "chi2_df": 3, "chi2_threshold": 7.814727903251179, "N_raw": 52, "N_roi": 52, "N_inlier": 50, "refit": true}
{"timestamp": "21:05:56.043635", "frame": 32, "mu": [-1.7748491457100775, 4.260943139073048, 0.820987420930931], "Sigma": [[0.034782069758386915, 0.00420606751657873, -0.027072442264478653], [0.00420606751657873, 0.005203699620445537, -0.005790608358956508], [-0.027072442264478653, -0.005790608358956508, 0.027535319317236084]], "chi2_level": 0.95, "chi2_df": 3, "chi2_threshold": 7.814727903251179, "N_raw": 55, "N_roi": 55, "N_inlier": 53, "refit": true}
{"timestamp": "21:05:56.099267", "frame": 33, "mu": [-1.775928685772052, 4.1893256785372195, 0.8336044644982877], "Sigma": [[0.03265316782349877, 0.0006796424254542279, -0.044714518886178695], [0.0006796424254542275, 0.0036342499458488246, -0.004309996331767041], [-0.044714518886178695, -0.004309996331767041, 0.07039278818006613]], "chi2_level": 0.95, "chi2_df": 3, "chi2_threshold": 7.814727903251179, "N_raw": 54, "N_roi": 54, "N_inlier": 51, "refit": true}
{"timestamp": "21:05:56.152984", "frame": 34, "mu": [-1.6901853304537842, 4.350699988833866, -0.38046397866964154], "Sigma": [[0.03349271352267263, 0.009344258484769106, -0.040725545411220865], [0.009344258484769108, 0.006812576283151599, -0.015265046768585535], [-0.040725545411220865, -0.015265046768585533, 0.05594600689567898]], "chi2_level": 0.95, "chi2_df": 3, "chi2_threshold": 7.814727903251179, "N_raw": 47, "N_roi": 47, "N_inlier": 45, "refit": true}
{"timestamp": "21:05:56.204991", "frame": 35, "mu": [-1.654946702288691, 4.055677292667833, 0.5998719803152642], "Sigma": [[0.025773537187934705, 0.0006948440014352726, -0.010699248416562158], [0.0006948440014352729, 0.002488913564139537, -0.001799078642646561], [-0.010699248416562158, -0.001799078642646561, 0.006920917877739947]], "chi2_level": 0.95, "chi2_df": 3, "chi2_threshold": 7.814727903251179, "N_raw": 24, "N_roi": 24, "N_inlier": 23, "refit": true}
{"timestamp": "21:05:56.261076", "frame": 36, "mu": [-1.6748849531985284, 4.2673235568454935, -0.4020965472493631], "Sigma": [[0.03102541865134486, 0.009496235332744487, -0.021802089035964107], [0.009496235332744487, 0.006469630070294759, -0.011423682217352533], [-0.021802089035964107, -0.011423682217352533, 0.024302345224425106]], "chi2_level": 0.95, "chi2_df": 3, "chi2_threshold": 7.814727903251179, "N_raw": 45, "N_roi": 45, "N_inlier": 43, "refit": true}
{"timestamp": "21:05:56.314144", "frame": 37, "mu": [-1.587799229348011, 3.9727648524943877, 0.5830914549261378], "Sigma": [[0.019494310062965665, 0.0035501811190174386, -0.01231452955428003], [0.003550181119017438, 0.0025471232339886398, -0.002594373510722894], [-0.01231452955428003, -0.002594373510722894, 0.008996409499942985]], "chi2_level": 0.95, "chi2_df": 3, "chi2_threshold": 7.814727903251179, "N_raw": 19, "N_roi": 19, "N_inlier": 18, "refit": true}
{"timestamp": "21:05:56.366936", "frame": 38, "mu": [-1.8312217498815362, 3.9243113216797103, 0.9011680927251974], "Sigma": [[0.00533279256510679, 6.753806828746706e-05, -0.00103373184349563], [6.753806828746706e-05, 0.000834226905479691, -0.002811744109381371], [-0.0010337318434956297, -0.0028117441093813713, 0.012902006000701832]], "chi2_level": 0.95, "chi2_df": 3, "chi2_threshold": 7.814727903251179, "N_raw": 15, "N_roi": 15, "N_inlier": 13, "refit": true}
{"timestamp": "21:05:56.429214", "frame": 39, "mu": [-1.7332597879708498, 3.891472206917186, 0.850257214572153], "Sigma": [[0.025117498837728645, 0.0035045927951989843, -0.016197235769472424], [0.0035045927951989847, 0.004836087264038295, -0.006491584467234293], [-0.016197235769472428, -0.006491584467234293, 0.01733266161070738]], "chi2_level": 0.95, "chi2_df": 3, "chi2_threshold": 7.814727903251179, "N_raw": 54, "N_roi": 54, "N_inlier": 52, "refit": true}
{"timestamp": "21:05:56.479555", "frame": 40, "mu": [-1.671608247180308, 3.865763532477281, 0.762730219178705], "Sigma": [[0.01866838276925254, 0.002334190314458244, -0.00911830908370651], [0.002334190314458244, 0.0011213581050606282, -0.0020425824938900784], [-0.009118309083706509, -0.002042582493890078, 0.008979829182406637]], "chi2_level": 0.95, "chi2_df": 3, "chi2_threshold": 7.814727903251179, "N_raw": 25, "N_roi": 24, "N_inlier": 21, "refit": true}
{"timestamp": "21:05:56.541009", "frame": 41, "mu": [-1.7125317544587657, 3.800482041087115, 0.7368482245984238], "Sigma": [[0.04133290403636331, 0.0023192599098838898, -0.017114870902862976], [0.0023192599098838898, 0.001361768989334318, -0.005683472139067909], [-0.017114870902862976, -0.00568347213906791, 0.03627385580959727]], "chi2_level": 0.95, "chi2_df": 3, "chi2_threshold": 7.814727903251179, "N_raw": 71, "N_roi": 70, "N_inlier": 69, "refit": true}
{"timestamp": "21:05:56.592412", "frame": 42, "mu": [-1.7954338019873493, 3.7414799277038377, 0.7911980752506604], "Sigma": [[0.03107317116159209, 0.0011737093083324121, -0.01361790275147721], [0.0011737093083324121, 0.0009368220046604521, -0.0027189217475970385], [-0.01361790275147721, -0.0027189217475970385, 0.03513731842704908]], "chi2_level": 0.95, "chi2_df": 3, "chi2_threshold": 7.814727903251179, "N_raw": 50, "N_roi": 50, "N_inlier": 49, "refit": true}
{"timestamp": "21:05:56.651440", "frame": 43, "mu": [-1.8706499564636627, 3.714418390716486, 0.8543051927286891], "Sigma": [[0.05148988554801767, 0.0034095338925448724, -0.004888565152400136], [0.0034095338925448715, 0.0031793994824643734, -0.0037933339289693622], [-0.004888565152400136, -0.0037933339289693622, 0.008049654873590932]], "chi2_level": 0.95, "chi2_df": 3, "chi2_threshold": 7.814727903251179, "N_raw": 68, "N_roi": 68, "N_inlier": 68, "refit": true}
{"timestamp": "21:05:56.703724", "frame": 44, "mu": [-1.645930293508874, 3.691273097012533, 0.8862078578872161], "Sigma": [[0.02549726271694422, 0.005270674957078607, -0.012163240861943005], [0.005270674957078607, 0.002409756583327329, -0.007352138168945767], [-0.012163240861943005, -0.007352138168945767, 0.032889622825745264]], "chi2_level": 0.95, "chi2_df": 3, "chi2_threshold": 7.814727903251179, "N_raw": 56, "N_roi": 55, "N_inlier": 52, "refit": true}
{"timestamp": "21:05:56.759755", "frame": 45, "mu": [-1.806255658264054, 3.609240195512883, 0.7084213229475138], "Sigma": [[0.036466478788539994, 0.0021455111292842926, -0.006171651029543031], [0.0021455111292842926, 0.004354388690353394, -0.001066311877645451], [-0.0061716510295430314, -0.0010663118776454508, 0.008540162570800498]], "chi2_level": 0.95, "chi2_df": 3, "chi2_threshold": 7.814727903251179, "N_raw": 62, "N_roi": 58, "N_inlier": 56, "refit": true}
{"timestamp": "21:05:56.816915", "frame": 46, "mu": [-1.8023667680052564, 3.565701040511495, 0.7450868990934113], "Sigma": [[0.03069642663042973, 0.005763010912170995, -0.0005057136937831607], [0.005763010912170996, 0.003168148492251801, -0.00669633509239615], [-0.0005057136937831603, -0.00669633509239615, 0.041472903661021604]], "chi2_level": 0.95, "chi2_df": 3, "chi2_threshold": 7.814727903251179, "N_raw": 78, "N_roi": 78, "N_inlier": 76, "refit": true}
{"timestamp": "21:05:56.870502", "frame": 47, "mu": [-1.7856218162482738, 3.6660318064046753, -0.15860931276840345], "Sigma": [[0.02104862993796377, 0.008464122547029385, -0.010252586415208662], [0.008464122547029385, 0.010098720027556641, -0.025344734917918957], [-0.01025258641520866, -0.025344734917918957, 0.09534211299867829]], "chi2_level": 0.95, "chi2_df": 3, "chi2_threshold": 7.814727903251179, "N_raw": 60, "N_roi": 60, "N_inlier": 60, "refit": true}
{"timestamp": "21:05:56.925886", "frame": 48, "mu": [-1.7253738138445023, 3.6698041088665505, -0.2920275830166979], "Sigma": [[0.026812695267297737, 0.002982946040826719, 0.008658089018659772], [0.002982946040826719, 0.007010442496384796, -0.011818755350917736], [0.008658089018659772, -0.011818755350917736, 0.036313308444904394]], "chi2_level": 0.95, "chi2_df": 3, "chi2_threshold": 7.814727903251179, "N_raw": 67, "N_roi": 67, "N_inlier": 65, "refit": true}
{"timestamp": "21:05:56.981062", "frame": 49, "mu": [-1.7548367917421241, 3.3906075043687216, -0.27409922996067276], "Sigma": [[0.03211881475061853, 0.005526052255471551, 0.14384384712413123], [0.00552605225547155, 0.0037192123132690526, 0.03275682816761831], [0.14384384712413123, 0.03275682816761831, 0.9540694862561138]], "chi2_level": 0.95, "chi2_df": 3, "chi2_threshold": 7.814727903251179, "N_raw": 73, "N_roi": 73, "N_inlier": 73, "refit": true}
{"timestamp": "21:05:57.029502", "frame": 50, "mu": [-1.614695484423739, 3.3595459429278676, 0.8234755070691396], "Sigma": [[0.009184416085973339, -0.0011410540914833396, -0.009668444340639381], [-0.0011410540914833396, 0.001621511582322824, -0.0008309410211807142], [-0.009668444340639381, -0.0008309410211807142, 0.015958274274986025]], "chi2_level": 0.95, "chi2_df": 3, "chi2_threshold": 7.814727903251179, "N_raw": 25, "N_roi": 25, "N_inlier": 24, "refit": true}
{"timestamp": "21:05:57.088280", "frame": 51, "mu": [-1.7583260330970463, 3.3466068845115555, 0.8896957075438323], "Sigma": [[0.023606028186842768, 0.003027644112903096, -0.012351730979357597], [0.003027644112903096, 0.003084896746924707, -0.005177251351331029], [-0.012351730979357597, -0.005177251351331029, 0.01336329877569563]], "chi2_level": 0.95, "chi2_df": 3, "chi2_threshold": 7.814727903251179, "N_raw": 51, "N_roi": 51, "N_inlier": 49, "refit": true}
{"timestamp": "21:05:57.144273", "frame": 52, "mu": [-1.807897535280908, 3.278183349946337, 0.9910383047512382], "Sigma": [[0.02498291094145679, 0.0012989492960872222, -0.01782177193492982], [0.0012989492960872224, 0.003149909056746991, -0.0042849167964610834], [-0.017821771934929825, -0.004284916796461083, 0.019927097296406557]], "chi2_level": 0.95, "chi2_df": 3, "chi2_threshold": 7.814727903251179, "N_raw": 53, "N_roi": 53, "N_inlier": 50, "refit": true}
{"timestamp": "21:05:57.194982", "frame": 53, "mu": [-1.7163462153866818, 3.238986822728767, 0.8746409323142219], "Sigma": [[0.012791288211954207, 0.0018312443574969505, -0.015493408513554088], [0.0018312443574969505, 0.0010329977450580148, -0.004919795162777624], [-0.015493408513554088, -0.004919795162777624, 0.034308448581783973]], "chi2_level": 0.95, "chi2_df": 3, "chi2_threshold": 7.814727903251179, "N_raw": 28, "N_roi": 28, "N_inlier": 27, "refit": true}
{"timestamp": "21:05:57.251283", "frame": 54, "mu": [-1.6949481605611505, 3.3252281587306083, -0.5942424322460331], "Sigma": [[0.020632458515333883, 0.014721576139810427, 0.029997919789047735], [0.014721576139810427, 0.01774813146920487, 0.03175824365757195], [0.029997919789047738, 0.03175824365757195, 0.0979096577314705]], "chi2_level": 0.95, "chi2_df": 3, "chi2_threshold": 7.814727903251179, "N_raw": 42, "N_roi": 42, "N_inlier": 39, "refit": true}
{"timestamp": "21:05:57.306490", "frame": 55, "mu": [-1.6620748573094204, 3.3648022935540083, -0.44527720972561424], "Sigma": [[0.02116071218480085, 0.008080368137848437, -0.02400592666311585], [0.008080368137848437, 0.005763208737070702, -0.012875972260043025], [-0.02400592666311585, -0.012875972260043025, 0.03476457458123338]], "chi2_level": 0.95, "chi2_df": 3, "chi2_threshold": 7.814727903251179, "N_raw": 41, "N_roi": 41, "N_inlier": 39, "refit": true}
{"timestamp": "21:05:57.362271", "frame": 56, "mu": [-1.7479690597294824, 3.2747172239983624, -0.27961616217457275], "Sigma": [[0.023320833162554046, 0.009844556249130238, -0.026888567100205964], [0.009844556249130238, 0.007499159739575703, -0.016637229117550566], [-0.026888567100205964, -0.016637229117550566, 0.04108488560809551]], "chi2_level": 0.95, "chi2_df": 3, "chi2_threshold": 7.814727903251179, "N_raw": 46, "N_roi": 46, "N_inlier": 44, "refit": true}
{"timestamp": "21:05:57.417548", "frame": 57, "mu": [-1.7718379477258248, 3.0673399987796928, 1.0208195651655596], "Sigma": [[0.020274353613873464, 0.004046837738066132, -0.01972759286664729], [0.004046837738066132, 0.0034358876143837313, -0.008181431845254982], [-0.01972759286664729, -0.008181431845254982, 0.02835281697452117]], "chi2_level": 0.95, "chi2_df": 3, "chi2_threshold": 7.814727903251179, "N_raw": 50, "N_roi": 50, "N_inlier": 48, "refit": true}
{"timestamp": "21:05:57.467720", "frame": 58, "mu": [-1.6832175111455367, 3.078341477480431, 0.8097664235519549], "Sigma": [[0.00805206697146157, 0.001612868547179501, -0.0016207021507846588], [0.0016128685471795013, 0.0013950879961397023, -0.0009357124877527204], [-0.0016207021507846588, -0.0009357124877527206, 0.0007682031375201435]], "chi2_level": 0.95, "chi2_df": 3, "chi2_threshold": 7.814727903251179, "N_raw": 16, "N_roi": 16, "N_inlier": 13, "refit": true}
{"timestamp": "21:05:57.525748", "frame": 59, "mu": [-1.8077883869783893, 3.0988717541534423, -0.26134324666830444], "Sigma": [[0.013981849793619648, 0.005789610516348605, -0.006825840865814722], [0.005789610516348605, 0.006118559717413438, -0.006250859921977129], [-0.006825840865814722, -0.006250859921977129, 0.007268409110566778]], "chi2_level": 0.95, "chi2_df": 3, "chi2_threshold": 7.814727903251179, "N_raw": 37, "N_roi": 37, "N_inlier": 36, "refit": true}
{"timestamp": "21:05:57.578752", "frame": 60, "mu": [-1.8560604512286598, 2.872267647488956, 1.2029264774093806], "Sigma": [[0.008873643867613249, 0.0021735504641032318, -0.005337445945888676], [0.0021735504641032313, 0.0018573634969625108, -0.0050846200573324354], [-0.005337445945888675, -0.0050846200573324354, 0.03630640834699989]], "chi2_level": 0.95, "chi2_df": 3, "chi2_threshold": 7.814727903251179, "N_raw": 21, "N_roi": 21, "N_inlier": 20, "refit": true}
{"timestamp": "21:05:57.633847", "frame": 61, "mu": [-1.980941566473522, 2.9955122597964543, -0.2941892991020087], "Sigma": [[0.025754674208998567, 0.0007851325083284802, -0.0017833475346825793], [0.0007851325083284805, 0.005057774019606324, -0.0039549275851144105], [-0.0017833475346825793, -0.0039549275851144105, 0.0041426131228335826]], "chi2_level": 0.95, "chi2_df": 3, "chi2_threshold": 7.814727903251179, "N_raw": 25, "N_roi": 23, "N_inlier": 23, "refit": true}
{"timestamp": "21:05:57.689225", "frame": 62, "mu": [-1.7325162091178685, 2.7482825495492516, 0.8450997068342951], "Sigma": [[0.012222165155768488, 0.0020262251860049965, -0.010682334607945595], [0.0020262251860049965, 0.001263970037130269, -0.0036427794369735915], [-0.010682334607945595, -0.0036427794369735915, 0.01829912300157933]], "chi2_level": 0.95, "chi2_df": 3, "chi2_threshold": 7.814727903251179, "N_raw": 28, "N_roi": 28, "N_inlier": 25, "refit": true}
{"timestamp": "21:05:57.746179", "frame": 63, "mu": [-1.8522847821044097, 2.7216517967999367, 1.0136573529680568], "Sigma": [[0.03494869263726695, 0.0031659110353411393, -0.0006831290370519813], [0.0031659110353411393, 0.002221289380786284, -0.002881808253169827], [-0.0006831290370519812, -0.0028818082531698276, 0.006223372817595965]], "chi2_level": 0.95, "chi2_df": 3, "chi2_threshold": 7.814727903251179, "N_raw": 34, "N_roi": 34, "N_inlier": 34, "refit": true}
{"timestamp": "21:05:57.797182", "frame": 64, "mu": [-1.7815555381202905, 2.7018330489769684, 1.0519983863852038], "Sigma": [[0.014151520089179845, -0.0009596442168403429, -0.002967301137164785], [-0.0009596442168403428, 0.000868496785423692, -0.0010306428456463347], [-0.0029673011371647846, -0.0010306428456463347, 0.0039151296502946695]], "chi2_level": 0.95, "chi2_df": 3, "chi2_threshold": 7.814727903251179, "N_raw": 14, "N_roi": 14, "N_inlier": 13, "refit": true}
{"timestamp": "21:05:57.852080", "frame": 65, "mu": [-1.913369870901402, 2.764580466595789, -0.24128001208557415], "Sigma": [[0.03684982166113562, -0.002353592429121993, 0.025042355554881875], [-0.002353592429121994, 0.0020466327138662283, -0.0010320670347196191], [0.025042355554881875, -0.0010320670347196193, 0.018947273237679522]], "chi2_level": 0.95, "chi2_df": 3, "chi2_threshold": 7.814727903251179, "N_raw": 10, "N_roi": 9, "N_inlier": 8, "refit": true}
{"timestamp": "21:05:57.914543", "frame": 66, "mu": [-2.0248355397783566, 2.762307180192771, -0.5431953586878636], "Sigma": [[0.025244479667324658, 0.00831520551023111, -0.01598340879846048], [0.00831520551023111, 0.006014512380472099, -0.007357896047932685], [-0.01598340879846048, -0.007357896047932685, 0.015339006005463429]], "chi2_level": 0.95, "chi2_df": 3, "chi2_threshold": 7.814727903251179, "N_raw": 70, "N_roi": 47, "N_inlier": 42, "refit": true}
{"timestamp": "21:05:57.964820", "frame": 67, "mu": [-1.9857517727983864, 2.502438709890134, 0.8301847377041167], "Sigma": [[0.02442191758254581, 0.006498175237348472, 0.005080289729931886], [0.006498175237348471, 0.003184544411988624, 0.0004138878236336532], [0.005080289729931887, 0.0004138878236336534, 0.012039362988233833]], "chi2_level": 0.95, "chi2_df": 3, "chi2_threshold": 7.814727903251179, "N_raw": 26, "N_roi": 23, "N_inlier": 22, "refit": true}
{"timestamp": "21:05:58.029583", "frame": 68, "mu": [-1.8779057770696799, 2.4685746202086425, 0.9667176123651688], "Sigma": [[0.05354657019758394, 0.005406261173198581, 0.0012337532055973618], [0.005406261173198581, 0.004564476367650359, -0.0012342499540476503], [0.0012337532055973614, -0.00123424995404765, 0.02406148027406513]], "chi2_level": 0.95, "chi2_df": 3, "chi2_threshold": 7.814727903251179, "N_raw": 98, "N_roi": 95, "N_inlier": 93, "refit": true}
{"timestamp": "21:05:58.084735", "frame": 69, "mu": [-1.9272579633302003, 2.4147915182420734, 1.103063107278372], "Sigma": [[0.025474968801437466, 0.004172873661984645, 0.007054964779869484], [0.004172873661984645, 0.0046541074983874765, -0.004528469285810943], [0.007054964779869484, -0.004528469285810943, 0.05273414618416346]], "chi2_level": 0.95, "chi2_df": 3, "chi2_threshold": 7.814727903251179, "N_raw": 88, "N_roi": 88, "N_inlier": 87, "refit": true}
{"timestamp": "21:05:58.131629", "frame": 70, "mu": [-1.94880562862681, 2.350401312658859, 1.0823799789938209], "Sigma": [[0.0332550337211822, 0.024627731859560603, -0.0436969168573317], [0.024627731859560603, 0.024042921854971193, -0.04226965132387077], [-0.0436969168573317, -0.04226965132387077, 0.08357071100944534]], "chi2_level": 0.95, "chi2_df": 3, "chi2_threshold": 7.814727903251179, "N_raw": 44, "N_roi": 39, "N_inlier": 35, "refit": true}
{"timestamp": "21:05:58.186948", "frame": 71, "mu": [-1.850892271562856, 2.3062235060063565, 1.3430551901742662], "Sigma": [[0.013259249246448224, 0.00275416762898255, -0.009952527206101548], [0.0027541676289825497, 0.0031857815888596194, -0.003783871812365996], [-0.009952527206101548, -0.003783871812365996, 0.010595942523013864]], "chi2_level": 0.95, "chi2_df": 3, "chi2_threshold": 7.814727903251179, "N_raw": 44, "N_roi": 43, "N_inlier": 35, "refit": true}
{"timestamp": "21:05:58.247126", "frame": 72, "mu": [-1.898289542349951, 2.355603837000176, -0.15273883431889076], "Sigma": [[0.04005523037069843, 0.021507746960807636, -0.01255220218076627], [0.02150774696080764, 0.020886365832401766, -0.017462521654540722], [-0.012552202180766272, -0.017462521654540722, 0.023620703006541323]], "chi2_level": 0.95, "chi2_df": 3, "chi2_threshold": 7.814727903251179, "N_raw": 82, "N_roi": 79, "N_inlier": 71, "refit": true}
{"timestamp": "21:05:58.303731", "frame": 73, "mu": [-1.9630437136943264, 2.247055098864426, 0.0166998275978459], "Sigma": [[0.051079024933515266, 0.025291364622940272, 0.055033161717992114], [0.025291364622940272, 0.025933266133735283, -0.008641126508228956], [0.05503316171799212, -0.008641126508228956, 0.2644717197020529]], "chi2_level": 0.95, "chi2_df": 3, "chi2_threshold": 7.814727903251179, "N_raw": 86, "N_roi": 86, "N_inlier": 83, "refit": true}
{"timestamp": "21:05:58.350548", "frame": 74, "mu": [-1.8446625887891537, 2.1668705391443783, 1.168867821361102], "Sigma": [[0.006129737699161467, 0.0026068763103048037, -0.003451617381532613], [0.0026068763103048037, 0.003481922254292588, -0.0049568870096712075], [-0.003451617381532613, -0.0049568870096712075, 0.008306642329789697]], "chi2_level": 0.95, "chi2_df": 3, "chi2_threshold": 7.814727903251179, "N_raw": 29, "N_roi": 29, "N_inlier": 28, "refit": true}
{"timestamp": "21:05:58.404967", "frame": 75, "mu": [-2.1520845302439686, 1.8780162362266821, 1.6127338559186053], "Sigma": [[0.0931923446395743, 0.06164209270253311, -0.0808776495576872], [0.06164209270253311, 0.04867502647483212, -0.05853287074484244], [-0.0808776495576872, -0.05853287074484244, 0.07597202593623578]], "chi2_level": 0.95, "chi2_df": 3, "chi2_threshold": 7.814727903251179, "N_raw": 35, "N_roi": 34, "N_inlier": 33, "refit": true}
{"timestamp": "21:05:58.469427", "frame": 76, "mu": [-1.9629658657901736, 1.993552158559079, 1.26084513450807], "Sigma": [[0.053394002488332745, 0.030471671693842108, -0.05764854613247242], [0.030471671693842108, 0.025586075889016423, -0.038936873204403304], [-0.05764854613247242, -0.038936873204403304, 0.07312562192872182]], "chi2_level": 0.95, "chi2_df": 3, "chi2_threshold": 7.814727903251179, "N_raw": 88, "N_roi": 88, "N_inlier": 84, "refit": true}
{"timestamp": "21:05:58.524788", "frame": 77, "mu": [-2.0157341424740887, 1.9873045599442836, 0.3171292713805442], "Sigma": [[0.05479456309657961, 0.03922847783785842, 0.05983812006975438], [0.03922847783785842, 0.04201914446817012, 0.012236313685896026], [0.05983812006975437, 0.012236313685896026, 0.25509875921046826]], "chi2_level": 0.95, "chi2_df": 3, "chi2_threshold": 7.814727903251179, "N_raw": 92, "N_roi": 92, "N_inlier": 91, "refit": true}
{"timestamp": "21:05:58.574918", "frame": 78, "mu": [-1.9974073351650854, 1.8751396448856648, 1.3089887534188689], "Sigma": [[0.04545092626226939, 0.0335181105365404, -0.047719712503518884], [0.0335181105365404, 0.029333145793792266, -0.039102458871438164], [-0.04771971250351888, -0.039102458871438164, 0.05719605663008536]], "chi2_level": 0.95, "chi2_df": 3, "chi2_threshold": 7.814727903251179, "N_raw": 61, "N_roi": 61, "N_inlier": 60, "refit": true}
{"timestamp": "21:05:58.635365", "frame": 79, "mu": [-1.963988897487459, 1.842456847813657, 1.1204478143331256], "Sigma": [[0.059292703268645955, 0.026853180531720477, -0.04851559233135356], [0.026853180531720477, 0.014731835353175104, -0.02719516516876714], [-0.048515592331353566, -0.02719516516876714, 0.08989062418385188]], "chi2_level": 0.95, "chi2_df": 3, "chi2_threshold": 7.814727903251179, "N_raw": 101, "N_roi": 101, "N_inlier": 95, "refit": true}
{"timestamp": "21:05:58.694340", "frame": 80, "mu": [-2.1193310325456745, 1.8104711744304545, -0.16044507300109168], "Sigma": [[0.028614730808275736, 0.026531111008830495, -0.011825217305352688], [0.02653111100883049, 0.04702936276933983, -0.032920745043421774], [-0.011825217305352688, -0.03292074504342177, 0.04462340125526755]], "chi2_level": 0.95, "chi2_df": 3, "chi2_threshold": 7.814727903251179, "N_raw": 128, "N_roi": 128, "N_inlier": 121, "refit": true}
{"timestamp": "21:05:58.747599", "frame": 81, "mu": [-2.026074080544018, 1.8425323754103486, -0.2620642677443339], "Sigma": [[0.027372659948540864, 0.02673782515257494, -0.01645175386825963], [0.02673782515257494, 0.040330323102636734, -0.029995224369457722], [-0.01645175386825963, -0.029995224369457722, 0.02654741616890648]], "chi2_level": 0.95, "chi2_df": 3, "chi2_threshold": 7.814727903251179, "N_raw": 116, "N_roi": 116, "N_inlier": 112, "refit": true}
{"timestamp": "21:05:58.799279", "frame": 82, "mu": [-1.9961052521354945, 1.7113765397963572, 1.1841062834087959], "Sigma": [[0.022070648075969687, 0.01620486078946526, -0.018317427610568548], [0.01620486078946526, 0.016114997274054355, -0.022486934208568142], [-0.018317427610568548, -0.022486934208568142, 0.03804475646594532]], "chi2_level": 0.95, "chi2_df": 3, "chi2_threshold": 7.814727903251179, "N_raw": 83, "N_roi": 83, "N_inlier": 79, "refit": true}
{"timestamp": "21:05:58.857801", "frame": 83, "mu": [-2.0947620368248048, 1.5634829980794467, 1.2118584150138585], "Sigma": [[0.02599076997552973, 0.018910331295027206, 0.0011781627808815079], [0.018910331295027206, 0.019880637005719255, -0.015265892897231797], [0.0011781627808815079, -0.015265892897231799, 0.06273045231802384]], "chi2_level": 0.95, "chi2_df": 3, "chi2_threshold": 7.814727903251179, "N_raw": 117, "N_roi": 117, "N_inlier": 112, "refit": true}
{"timestamp": "21:05:58.910547", "frame": 84, "mu": [-1.9827296300030506, 1.5502743811801802, 1.2357493371309993], "Sigma": [[0.021333809897272966, 0.014635952392342612, -0.015581065694714716], [0.01463595239234261, 0.016555388414242617, -0.023393871204077973], [-0.015581065694714714, -0.02339387120407797, 0.047630043292890584]], "chi2_level": 0.95, "chi2_df": 3, "chi2_threshold": 7.814727903251179, "N_raw": 96, "N_roi": 96, "N_inlier": 88, "refit": true}
{"timestamp": "21:05:58.964216", "frame": 85, "mu": [-1.9209303901540233, 1.541626112620816, 1.1463910039029923], "Sigma": [[0.023276798439256452, 0.018732150679281453, -0.02112143620910146], [0.018732150679281453, 0.01777348407306978, -0.023418875520187583], [-0.02112143620910146, -0.023418875520187583, 0.04264404655087847]], "chi2_level": 0.95, "chi2_df": 3, "chi2_threshold": 7.814727903251179, "N_raw": 93, "N_roi": 93, "N_inlier": 87, "refit": true}
{"timestamp": "21:05:59.016731", "frame": 86, "mu": [-2.043067650167237, 1.3470735309136537, 1.2471938282667963], "Sigma": [[0.014890879908121222, 0.010886566850788692, -0.005056859180836338], [0.010886566850788692, 0.012640151165341082, -0.009893026095964284], [-0.005056859180836338, -0.009893026095964284, 0.027085590133692786]], "chi2_level": 0.95, "chi2_df": 3, "chi2_threshold": 7.814727903251179, "N_raw": 72, "N_roi": 72, "N_inlier": 70, "refit": true}
{"timestamp": "21:05:59.070115", "frame": 87, "mu": [-1.967309803840762, 1.3147394910064278, 1.1247005058013801], "Sigma": [[0.013675283412326584, 0.01274817011064654, -0.009132262318466422], [0.01274817011064654, 0.017154526730737182, -0.01579035027548694], [-0.009132262318466422, -0.01579035027548694, 0.01884648802123626]], "chi2_level": 0.95, "chi2_df": 3, "chi2_threshold": 7.814727903251179, "N_raw": 67, "N_roi": 67, "N_inlier": 67, "refit": true}
{"timestamp": "21:05:59.123848", "frame": 88, "mu": [-1.9718937277151416, 1.3498696687043759, 1.3219057460444055], "Sigma": [[0.011565565900981763, 0.007518678908239936, -0.011763662119191148], [0.007518678908239936, 0.0144648299216653, -0.011172499367229033], [-0.011763662119191148, -0.011172499367229033, 0.014355107663262498]], "chi2_level": 0.95, "chi2_df": 3, "chi2_threshold": 7.814727903251179, "N_raw": 56, "N_roi": 56, "N_inlier": 54, "refit": true}
{"timestamp": "21:05:59.180373", "frame": 89, "mu": [-1.9472403780930705, 1.261090077977798, 1.2185687703324586], "Sigma": [[0.017212858854645942, 0.013321353431628408, -0.016027244486386656], [0.013321353431628408, 0.01532725855366495, -0.019219988761466515], [-0.016027244486386656, -0.019219988761466515, 0.03271682901137046]], "chi2_level": 0.95, "chi2_df": 3, "chi2_threshold": 7.814727903251179, "N_raw": 66, "N_roi": 66, "N_inlier": 63, "refit": true}
{"timestamp": "21:05:59.240558", "frame": 90, "mu": [-1.8893273397947756, 1.2960601165971528, 1.2632184461499634], "Sigma": [[0.02094156534374363, 0.012600765438049104, -0.019715730598742424], [0.012600765438049104, 0.0148033829619069, -0.019120462641558734], [-0.019715730598742424, -0.019120462641558734, 0.031246636280342435]], "chi2_level": 0.95, "chi2_df": 3, "chi2_threshold": 7.814727903251179, "N_raw": 96, "N_roi": 96, "N_inlier": 90, "refit": true}
{"timestamp": "21:05:59.294431", "frame": 91, "mu": [-1.7977089471258434, 1.2325579212040345, 1.003061503353116], "Sigma": [[0.022876295786037254, 0.010671985971310981, -0.013175580301596105], [0.010671985971310981, 0.009049686151901224, -0.010420924382687408], [-0.013175580301596105, -0.010420924382687408, 0.016974645424103922]], "chi2_level": 0.95, "chi2_df": 3, "chi2_threshold": 7.814727903251179, "N_raw": 93, "N_roi": 93, "N_inlier": 86, "refit": true}
{"timestamp": "21:05:59.349595", "frame": 92, "mu": [-1.8500403510991263, 1.2294644126913488, 1.107988128761153], "Sigma": [[0.01570942307542835, 0.012322308961986425, -0.008130881430185978], [0.012322308961986425, 0.012274702185996947, -0.012999727473571207], [-0.008130881430185978, -0.012999727473571207, 0.028459390896561697]], "chi2_level": 0.95, "chi2_df": 3, "chi2_threshold": 7.814727903251179, "N_raw": 91, "N_roi": 91, "N_inlier": 85, "refit": true}
{"timestamp": "21:05:59.404254", "frame": 93, "mu": [-1.8275961111929169, 1.2324665988509418, 1.1804989615647266], "Sigma": [[0.016698601737942055, 0.0106343453234156, -0.008533260882067965], [0.0106343453234156, 0.012052828234176046, -0.013619717301506651], [-0.008533260882067963, -0.01361971730150665, 0.022666012147350312]], "chi2_level": 0.95, "chi2_df": 3, "chi2_threshold": 7.814727903251179, "N_raw": 91, "N_roi": 91, "N_inlier": 89, "refit": true}
{"timestamp": "21:05:59.463053", "frame": 94, "mu": [-1.9206426719368381, 1.0946765882334586, 1.0714054459667994], "Sigma": [[0.016679782363102576, 0.013151770558468757, 0.006734013006782112], [0.013151770558468757, 0.015328539196048976, -0.004243249520908302], [0.006734013006782111, -0.004243249520908302, 0.05364488978172956]], "chi2_level": 0.95, "chi2_df": 3, "chi2_threshold": 7.814727903251179, "N_raw": 116, "N_roi": 116, "N_inlier": 113, "refit": true}
{"timestamp": "21:05:59.516626", "frame": 95, "mu": [-1.8808726586438484, 1.050361736031295, 1.0162277748350872], "Sigma": [[0.02100672291561235, 0.018538422053262053, 0.002947541119653928], [0.018538422053262053, 0.019605888506713944, -0.0046198760516232475], [0.002947541119653928, -0.0046198760516232475, 0.023106236256119177]], "chi2_level": 0.95, "chi2_df": 3, "chi2_threshold": 7.814727903251179, "N_raw": 107, "N_roi": 107, "N_inlier": 103, "refit": true}
{"timestamp": "21:05:59.571302", "frame": 96, "mu": [-1.8734628029630624, 1.008184531099438, 1.093904712029611], "Sigma": [[0.016513474713953445, 0.014028610305749043, 0.0008015789825739114], [0.014028610305749043, 0.013897222387338091, -0.00394294338677844], [0.0008015789825739118, -0.003942943386778441, 0.032636651761848934]], "chi2_level": 0.95, "chi2_df": 3, "chi2_threshold": 7.814727903251179, "N_raw": 95, "N_roi": 95, "N_inlier": 92, "refit": true}
{"timestamp": "21:05:59.624783", "frame": 97, "mu": [-1.852771626011557, 1.2058837488161316, -0.5563450460149726], "Sigma": [[0.018293008873097122, 0.019028715172362, 0.0019820346030921237], [0.019028715172362, 0.029069308190754685, -0.009591234738505372], [0.0019820346030921237, -0.00959123473850537, 0.021527526278050102]], "chi2_level": 0.95, "chi2_df": 3, "chi2_threshold": 7.814727903251179, "N_raw": 101, "N_roi": 101, "N_inlier": 97, "refit": true}
{"timestamp": "21:05:59.702985", "frame": 98, "mu": [-1.867486767309207, 1.1474845047093039, -0.5835055007711349], "Sigma": [[0.01623801664681238, 0.014774865889845164, -0.0012980673632405058], [0.014774865889845168, 0.026825624961418878, -0.006484201855788022], [-0.0012980673632405058, -0.006484201855788022, 0.003128756077002482]], "chi2_level": 0.95, "chi2_df": 3, "chi2_threshold": 7.814727903251179, "N_raw": 79, "N_roi": 79, "N_inlier": 78, "refit": true}
{"timestamp": "21:05:59.732307", "frame": 99, "mu": [-1.8516725679222656, 0.8904161872142489, 1.2122505021799594], "Sigma": [[0.01205159937251832, 0.00921336884429701, -0.002695296214693044], [0.00921336884429701, 0.01745131055335673, -0.012477523793190781], [-0.002695296214693044, -0.012477523793190781, 0.012531584202807847]], "chi2_level": 0.95, "chi2_df": 3, "chi2_threshold": 7.814727903251179, "N_raw": 78, "N_roi": 78, "N_inlier": 77, "refit": true}
{"timestamp": "21:06:00.227157", "frame": 100, "mu": [-1.8410395889241897, 0.9116654048209899, 1.167507200929285], "Sigma": [[0.01097518610367621, 0.009007449456328129, -0.0012728659346343146], [0.009007449456328129, 0.014557743464198835, -0.008864145899638791], [-0.0012728659346343152, -0.008864145899638791, 0.012067196398084047]], "chi2_level": 0.95, "chi2_df": 3, "chi2_threshold": 7.814727903251179, "N_raw": 75, "N_roi": 75, "N_inlier": 69, "refit": true}
{"timestamp": "21:06:00.247497", "frame": 101, "mu": [-1.8427384422905932, 1.0126743370148144, -0.5956179946585057], "Sigma": [[0.011683543913328974, 0.01022615747924047, 0.0042513232425415905], [0.01022615747924047, 0.02087331889339636, -0.010868614482459042], [0.00425132324254159, -0.010868614482459042, 0.022680670629985925]], "chi2_level": 0.95, "chi2_df": 3, "chi2_threshold": 7.814727903251179, "N_raw": 90, "N_roi": 90, "N_inlier": 89, "refit": true}
{"timestamp": "21:06:00.273715", "frame": 102, "mu": [-1.8153418076546746, 1.022877434176529, -0.5580364300124045], "Sigma": [[0.013020196669329015, 0.006817182082409808, 0.004009878908485186], [0.006817182082409808, 0.01679795570757138, -0.00714914267679398], [0.004009878908485186, -0.007149142676793981, 0.0112204314023079]], "chi2_level": 0.95, "chi2_df": 3, "chi2_threshold": 7.814727903251179, "N_raw": 81, "N_roi": 81, "N_inlier": 81, "refit": true}
{"timestamp": "21:06:00.306481", "frame": 103, "mu": [-1.8719406908709602, 0.9331138396057975, -0.6917661964997277], "Sigma": [[0.012084271407506536, 0.007320829268310019, 0.005192933860787174], [0.00732082926831002, 0.01895880052630008, -0.006778206440272235], [0.005192933860787174, -0.006778206440272235, 0.017619569650860704]], "chi2_level": 0.95, "chi2_df": 3, "chi2_threshold": 7.814727903251179, "N_raw": 83, "N_roi": 83, "N_inlier": 79, "refit": true}
{"timestamp": "21:06:00.339022", "frame": 104, "mu": [-1.8016658165545012, 0.9053996777153425, -0.5668615975707486], "Sigma": [[0.015734332529882093, 0.00618545215653366, 0.008997722932054798], [0.00618545215653366, 0.01837653475306172, -0.007852667636830957], [0.008997722932054796, -0.007852667636830955, 0.015599677275434522]], "chi2_level": 0.95, "chi2_df": 3, "chi2_threshold": 7.814727903251179, "N_raw": 95, "N_roi": 95, "N_inlier": 93, "refit": true}
