{"timestamp": "20:14:10.700413", "frame": 27, "mu": [-1.4219930587887466, 4.965683233098857, 0.6570234427511981], "Sigma": [[0.02072201969199182, 0.0009546850793717016, -0.0006471731604172807], [0.0009546850793717015, 0.00033615730281245535, -0.0005454600738572849], [-0.0006471731604172805, -0.0005454600738572849, 0.007694437363658171]], "chi2_level": 0.95, "chi2_df": 3, "chi2_threshold": 7.814727903251179, "N_raw": 40, "N_roi": 17, "N_inlier": 16, "refit": true}
{"timestamp": "20:14:10.810393", "frame": 29, "mu": [-1.4077705290807223, 4.941783303816497, 0.6900150136929522], "Sigma": [[0.03149496412896797, 0.0024063061404948484, -0.010178333074705385], [0.002406306140494848, 0.0011812633075979969, -0.0038039977038002606], [-0.010178333074705385, -0.0038039977038002606, 0.021403481342491065]], "chi2_level": 0.95, "chi2_df": 3, "chi2_threshold": 7.814727903251179, "N_raw": 46, "N_roi": 36, "N_inlier": 36, "refit": true}
{"timestamp": "20:14:10.920985", "frame": 31, "mu": [-1.4117821284889238, 4.871133730370986, 0.6540381578604839], "Sigma": [[0.03342989505608612, 0.0016999599980427817, -0.01202107527425838], [0.0016999599980427817, 0.0012141879539129482, -0.0025270178583609265], [-0.01202107527425838, -0.0025270178583609265, 0.012461303596268814]], "chi2_level": 0.95, "chi2_df": 3, "chi2_threshold": 7.814727903251179, "N_raw": 37, "N_roi": 36, "N_inlier": 35, "refit": true}
{"timestamp": "20:14:10.978909", "frame": 32, "mu": [-1.4817902871057367, 4.801712955396719, 0.6722168236711976], "Sigma": [[0.029354004367216302, 0.0034766320528363255, -0.01610089084296983], [0.003476632052836325, 0.0018704171898537637, -0.0036230001193893286], [-0.01610089084296983, -0.0036230001193893286, 0.014316995575411587]], "chi2_level": 0.95, "chi2_df": 3, "chi2_threshold": 7.814727903251179, "N_raw": 36, "N_roi": 35, "N_inlier": 33, "refit": true}
{"timestamp": "20:14:11.086599", "frame": 34, "mu": [-1.427898963159941, 4.825625226291221, -0.681811005339229], "Sigma": [[0.022141860136255076, 0.012408447441264642, 0.07200316479044304], [0.012408447441264642, 0.010806978887657468, 0.05473145268179115], [0.07200316479044304, 0.05473145268179115, 0.3646908989263404]], "chi2_level": 0.95, "chi2_df": 3, "chi2_threshold": 7.814727903251179, "N_raw": 40, "N_roi": 30, "N_inlier": 30, "refit": true}
{"timestamp": "20:14:11.141846", "frame": 35, "mu": [-1.325427544051419, 4.696843406095469, 0.4674101811662514], "Sigma": [[0.02993040952499313, 0.0038732139295455485, -0.0006057764152804522], [0.0038732139295455477, 0.002655180331257713, -0.0013460032633052356], [-0.0006057764152804522, -0.0013460032633052356, 0.0010247174108069018]], "chi2_level": 0.95, "chi2_df": 3, "chi2_threshold": 7.814727903251179, "N_raw": 38, "N_roi": 38, "N_inlier": 35, "refit": true}
{"timestamp": "20:14:11.197361", "frame": 36, "mu": [-1.3564028015905403, 4.68435637799327, 0.6518114545254889], "Sigma": [[0.022548345418215397, 0.002387507613415862, -0.0014232610034504377], [0.002387507613415862, 0.0016636552921740749, -0.0016117935299567346], [-0.0014232610034504377, -0.0016117935299567346, 0.005787943709773049]], "chi2_level": 0.95, "chi2_df": 3, "chi2_threshold": 7.814727903251179, "N_raw": 34, "N_roi": 32, "N_inlier": 30, "refit": true}
{"timestamp": "20:14:11.253770", "frame": 37, "mu": [-1.385413543668983, 4.823721152865607, -0.0406359425893788], "Sigma": [[0.03321242318185812, 0.005833711133330397, -0.007452521171758772], [0.005833711133330397, 0.005301001677938522, -0.0013424854531709145], [-0.007452521171758773, -0.0013424854531709145, 0.0032551950684927954]], "chi2_level": 0.95, "chi2_df": 3, "chi2_threshold": 7.814727903251179, "N_raw": 50, "N_roi": 50, "N_inlier": 48, "refit": true}
{"timestamp": "20:14:11.305005", "frame": 38, "mu": [-1.367180120745842, 4.621965456226054, 0.5753956493802309], "Sigma": [[0.016004819360390617, 0.00046578588401029034, -0.008242981160248852], [0.00046578588401029034, 0.0031994312965937964, 0.0026102502892989985], [-0.008242981160248852, 0.0026102502892989985, 0.00809598272032984]], "chi2_level": 0.95, "chi2_df": 3, "chi2_threshold": 7.814727903251179, "N_raw": 23, "N_roi": 23, "N_inlier": 20, "refit": true}
{"timestamp": "20:14:11.365827", "frame": 39, "mu": [-1.364204004882962, 4.494108281279776, 0.46056150400146273], "Sigma": [[0.040098407307890147, -0.0011825839053236512, -0.03428723905401581], [-0.0011825839053236512, 0.003170264778048302, 0.015007366855243582], [-0.03428723905401582, 0.01500736685524358, 0.13496751050813324]], "chi2_level": 0.95, "chi2_df": 3, "chi2_threshold": 7.814727903251179, "N_raw": 63, "N_roi": 61, "N_inlier": 60, "refit": true}
{"timestamp": "20:14:11.421902", "frame": 40, "mu": [-1.3794347604163193, 4.4799800110099905, 0.5628045501537384], "Sigma": [[0.03737137401950318, 0.005621619406667832, -0.0027483280451989583], [0.005621619406667831, 0.0015459791298024236, 0.00020286646469270479], [-0.0027483280451989565, 0.00020286646469270457, 0.06974034494473239]], "chi2_level": 0.95, "chi2_df": 3, "chi2_threshold": 7.814727903251179, "N_raw": 66, "N_roi": 66, "N_inlier": 65, "refit": true}
{"timestamp": "20:14:11.470764", "frame": 41, "mu": [-1.3041692614390423, 4.465095761032668, 0.376956477919109], "Sigma": [[0.018003850803851907, 0.003611335024604662, 0.0077531728411049695], [0.0036113350246046623, 0.0011784780697083076, 0.003951736336870659], [0.00775317284110497, 0.003951736336870659, 0.03377357402270762]], "chi2_level": 0.95, "chi2_df": 3, "chi2_threshold": 7.814727903251179, "N_raw": 26, "N_roi": 26, "N_inlier": 24, "refit": true}
{"timestamp": "20:14:11.526546", "frame": 42, "mu": [-1.3639167095735876, 4.426685273838399, 0.4458615157497642], "Sigma": [[0.03147975596834718, -0.0033441450708230278, -0.009251874893177255], [-0.003344145070823027, 0.001485378076997994, -0.0007607600151706648], [-0.009251874893177255, -0.0007607600151706648, 0.009019408552485127]], "chi2_level": 0.95, "chi2_df": 3, "chi2_threshold": 7.814727903251179, "N_raw": 38, "N_roi": 38, "N_inlier": 36, "refit": true}
{"timestamp": "20:14:11.637077", "frame": 44, "mu": [-1.3175447077578541, 4.311215712774409, 0.6581875926768366], "Sigma": [[0.022794481069931198, 0.0034857547620220563, -0.006819762774665952], [0.0034857547620220563, 0.0016841399321030623, -0.004492460024760135], [-0.006819762774665952, -0.004492460024760135, 0.019952818922646026]], "chi2_level": 0.95, "chi2_df": 3, "chi2_threshold": 7.814727903251179, "N_raw": 46, "N_roi": 45, "N_inlier": 43, "refit": true}
{"timestamp": "20:14:11.745212", "frame": 46, "mu": [-1.3843467466142674, 4.210257280369382, 0.6033954219837291], "Sigma": [[0.017450363926933502, 0.0003308947741625298, -0.003921481317025432], [0.00033089477416252996, 0.0003679216837736886, -0.0016548752886407635], [-0.003921481317025431, -0.0016548752886407637, 0.021870977801683428]], "chi2_level": 0.95, "chi2_df": 3, "chi2_threshold": 7.814727903251179, "N_raw": 32, "N_roi": 32, "N_inlier": 30, "refit": true}
{"timestamp": "20:14:11.805745", "frame": 47, "mu": [-1.497448889099835, 4.160857924494933, 0.7126469935932193], "Sigma": [[0.04117363963359927, 0.0005111425981765399, -0.019433467272147398], [0.0005111425981765402, 0.0032857112796193704, -0.003823959372725097], [-0.019433467272147398, -0.0038239593727250965, 0.026023719252799338]], "chi2_level": 0.95, "chi2_df": 3, "chi2_threshold": 7.814727903251179, "N_raw": 68, "N_roi": 68, "N_inlier": 65, "refit": true}
{"timestamp": "20:14:11.858562", "frame": 48, "mu": [-1.391857252315504, 4.334727948707116, -0.24907701002110375], "Sigma": [[0.024470881693758554, 0.006664811867324063, -0.017672209183197035], [0.006664811867324061, 0.006290287394915598, -0.004485001036967874], [-0.017672209183197035, -0.004485001036967874, 0.014281788763079766]], "chi2_level": 0.95, "chi2_df": 3, "chi2_threshold": 7.814727903251179, "N_raw": 43, "N_roi": 43, "N_inlier": 43, "refit": true}
{"timestamp": "20:14:11.913899", "frame": 49, "mu": [-1.5026665395704828, 4.080742059115392, 0.7701162047158001], "Sigma": [[0.02996317288270446, -0.002846559878194797, -0.023419953972391164], [-0.002846559878194797, 0.0039284163734573715, -0.0010547679297196009], [-0.023419953972391164, -0.0010547679297196009, 0.02447210944378419]], "chi2_level": 0.95, "chi2_df": 3, "chi2_threshold": 7.814727903251179, "N_raw": 51, "N_roi": 51, "N_inlier": 50, "refit": true}
{"timestamp": "20:14:11.966592", "frame": 50, "mu": [-1.4373231277976262, 4.0210724566649105, 0.6614440340341132], "Sigma": [[0.0183089409730939, 0.0009761374689753761, -0.01575248530952241], [0.0009761374689753761, 0.001699268110200234, -0.0028317848751997204], [-0.01575248530952241, -0.0028317848751997204, 0.018679827233874895]], "chi2_level": 0.95, "chi2_df": 3, "chi2_threshold": 7.814727903251179, "N_raw": 34, "N_roi": 34, "N_inlier": 32, "refit": true}
{"timestamp": "20:14:12.023888", "frame": 51, "mu": [-1.388218842589324, 3.9489642478508435, 0.4999794354110018], "Sigma": [[0.027690505507990265, -0.005211178389068646, -0.02697243769457902], [-0.005211178389068646, 0.002705317902802896, 0.00244107238330728], [-0.026972437694579018, 0.0024410723833072803, 0.03601962228995035]], "chi2_level": 0.95, "chi2_df": 3, "chi2_threshold": 7.814727903251179, "N_raw": 48, "N_roi": 48, "N_inlier": 46, "refit": true}
{"timestamp": "20:14:12.078557", "frame": 52, "mu": [-1.4005283572509728, 3.9056811155499576, 0.5805467634140513], "Sigma": [[0.02716301001377399, 0.0027105104587349556, -0.015795070739342658], [0.0027105104587349556, 0.0008494168911621346, -0.0038886776408813576], [-0.015795070739342654, -0.0038886776408813576, 0.03956251843562578]], "chi2_level": 0.95, "chi2_df": 3, "chi2_threshold": 7.814727903251179, "N_raw": 52, "N_roi": 52, "N_inlier": 50, "refit": true}
{"timestamp": "20:14:12.135134", "frame": 53, "mu": [-1.2863574983199926, 4.143591489985415, -0.46496963729361995], "Sigma": [[0.023150427397387284, 0.001740045701972725, -0.020848426900332465], [0.001740045701972725, 0.006620770466704562, -0.0068113764403702325], [-0.020848426900332468, -0.0068113764403702325, 0.026466399256259786]], "chi2_level": 0.95, "chi2_df": 3, "chi2_threshold": 7.814727903251179, "N_raw": 61, "N_roi": 61, "N_inlier": 56, "refit": true}
{"timestamp": "20:14:12.190099", "frame": 54, "mu": [-1.353051418284668, 3.795214842937041, 0.6056153622585344], "Sigma": [[0.029793390485140545, 0.0005471420317046504, -0.025283932115780873], [0.00054714203170465, 0.0025173386514971445, -0.00381886586149739], [-0.025283932115780873, -0.00381886586149739, 0.028438806486369192]], "chi2_level": 0.95, "chi2_df": 3, "chi2_threshold": 7.814727903251179, "N_raw": 56, "N_roi": 56, "N_inlier": 54, "refit": true}
{"timestamp": "20:14:12.237474", "frame": 55, "mu": [-1.4903261241445374, 3.8124491508417604, 0.8091328126369226], "Sigma": [[0.007343769169068345, 0.00045578460325586674, 0.003469813222045617], [0.0004557846032558667, 0.0006914104562097421, 0.0005761967500069838], [0.0034698132220456167, 0.0005761967500069838, 0.010636031583169074]], "chi2_level": 0.95, "chi2_df": 3, "chi2_threshold": 7.814727903251179, "N_raw": 12, "N_roi": 12, "N_inlier": 11, "refit": true}
{"timestamp": "20:14:12.298290", "frame": 56, "mu": [-1.4652308463597727, 3.713977523635027, 0.6787822335003945], "Sigma": [[0.032928142478037235, 0.002063066153016189, -0.01019450403093605], [0.002063066153016189, 0.0022374477972531607, -0.003630556620192498], [-0.010194504030936052, -0.003630556620192498, 0.009138595980616619]], "chi2_level": 0.95, "chi2_df": 3, "chi2_threshold": 7.814727903251179, "N_raw": 51, "N_roi": 51, "N_inlier": 51, "refit": true}
{"timestamp": "20:14:12.357531", "frame": 57, "mu": [-1.4425771155797502, 3.690897955424366, 0.8244591368418253], "Sigma": [[0.03756923780038626, 0.003007703554675334, -0.0009479253309096143], [0.003007703554675333, 0.0037609653204353673, -0.006269779889835033], [-0.0009479253309096148, -0.006269779889835033, 0.01428434205564572]], "chi2_level": 0.95, "chi2_df": 3, "chi2_threshold": 7.814727903251179, "N_raw": 77, "N_roi": 77, "N_inlier": 75, "refit": true}
{"timestamp": "20:14:12.411807", "frame": 58, "mu": [-1.4069463729218408, 3.6288181383485067, 0.711370521515363], "Sigma": [[0.029278492748102312, -0.0006149941960297378, -0.008466495325818802], [-0.0006149941960297378, 0.00045164724212781233, -0.0016935406080718705], [-0.0084664953258188, -0.0016935406080718705, 0.0497859423582902]], "chi2_level": 0.95, "chi2_df": 3, "chi2_threshold": 7.814727903251179, "N_raw": 61, "N_roi": 61, "N_inlier": 60, "refit": true}
{"timestamp": "20:14:12.465428", "frame": 59, "mu": [-1.3761136136845338, 3.5653039546866867, 0.5620633251849871], "Sigma": [[0.03638679868305039, 2.346900775814985e-05, -0.010167372726111491], [2.3469007758149634e-05, 0.0007667173619128696, -0.0015453785070609698], [-0.010167372726111491, -0.0015453785070609696, 0.02859664037010862]], "chi2_level": 0.95, "chi2_df": 3, "chi2_threshold": 7.814727903251179, "N_raw": 59, "N_roi": 59, "N_inlier": 59, "refit": true}
{"timestamp": "20:14:12.516737", "frame": 60, "mu": [-1.3537452822109617, 3.490591612429901, 0.5631212444368173], "Sigma": [[0.024181305323219708, 0.002061938433578249, 0.005052082021424816], [0.002061938433578249, 0.0004654137683016489, -0.000585770221072934], [0.005052082021424816, -0.0005857702210729339, 0.01894535307771955]], "chi2_level": 0.95, "chi2_df": 3, "chi2_threshold": 7.814727903251179, "N_raw": 40, "N_roi": 40, "N_inlier": 38, "refit": true}
{"timestamp": "20:14:12.577432", "frame": 61, "mu": [-1.3673681371838988, 3.484267876168348, 0.6780136642423603], "Sigma": [[0.03051665771523816, 0.00467210478387342, -0.0014674212687804825], [0.004672104783873421, 0.0026213810193342173, -0.005024379738817335], [-0.001467421268780483, -0.005024379738817335, 0.025003262742183088]], "chi2_level": 0.95, "chi2_df": 3, "chi2_threshold": 7.814727903251179, "N_raw": 71, "N_roi": 71, "N_inlier": 69, "refit": true}
{"timestamp": "20:14:12.626880", "frame": 62, "mu": [-1.3592050393935537, 3.6659098454392245, -0.39353794633394507], "Sigma": [[0.02140335440984183, 0.0036714010235804587, -0.006673650463952237], [0.0036714010235804583, 0.004509400149274597, -0.007833719559576447], [-0.006673650463952236, -0.007833719559576447, 0.024066415909450606]], "chi2_level": 0.95, "chi2_df": 3, "chi2_threshold": 7.814727903251179, "N_raw": 38, "N_roi": 38, "N_inlier": 37, "refit": true}
{"timestamp": "20:14:12.688499", "frame": 63, "mu": [-1.420925831256872, 3.4086704806764683, 0.6526169555484428], "Sigma": [[0.032062619581220204, 0.0004398121369129664, -0.003743509875556949], [0.0004398121369129664, 0.0014746741931562703, -0.005347371752349329], [-0.0037435098755569498, -0.005347371752349329, 0.03236771610323255]], "chi2_level": 0.95, "chi2_df": 3, "chi2_threshold": 7.814727903251179, "N_raw": 80, "N_roi": 80, "N_inlier": 77, "refit": true}
{"timestamp": "20:14:12.740216", "frame": 64, "mu": [-1.399771296584536, 3.3781600276261035, 0.866636645373564], "Sigma": [[0.022157211280005362, 0.0030418517090948713, -0.01306899687677868], [0.0030418517090948713, 0.003085257736799644, -0.005718714828472747], [-0.01306899687677868, -0.005718714828472747, 0.016186453101353096]], "chi2_level": 0.95, "chi2_df": 3, "chi2_threshold": 7.814727903251179, "N_raw": 55, "N_roi": 53, "N_inlier": 51, "refit": true}
{"timestamp": "20:14:12.799740", "frame": 65, "mu": [-1.4047008588425531, 3.2704988582628913, 0.6377713217144566], "Sigma": [[0.03355983257472031, 0.0019831301160439497, -0.00035887771265980277], [0.0019831301160439497, 0.0036937022640562774, -0.00510041417296876], [-0.0003588777126598021, -0.00510041417296876, 0.010389787788895313]], "chi2_level": 0.95, "chi2_df": 3, "chi2_threshold": 7.814727903251179, "N_raw": 82, "N_roi": 81, "N_inlier": 79, "refit": true}
{"timestamp": "20:14:12.848350", "frame": 66, "mu": [-1.367403079166606, 3.4602721399886294, -0.4176169459591618], "Sigma": [[0.020131153623392205, 0.003990265245287093, -0.006819787737084391], [0.003990265245287094, 0.0046292455389217195, -0.005381175040990335], [-0.006819787737084391, -0.005381175040990335, 0.008207916041226756]], "chi2_level": 0.95, "chi2_df": 3, "chi2_threshold": 7.814727903251179, "N_raw": 47, "N_roi": 47, "N_inlier": 47, "refit": true}
{"timestamp": "20:14:12.901622", "frame": 67, "mu": [-1.4545244096889485, 3.168698454561685, 0.6665501456430557], "Sigma": [[0.030206911903437973, 0.0014530287559048425, 0.004554832683108204], [0.0014530287559048425, 0.0014307850796434886, -0.0013624317398289426], [0.004554832683108204, -0.0013624317398289426, 0.006932598480968146]], "chi2_level": 0.95, "chi2_df": 3, "chi2_threshold": 7.814727903251179, "N_raw": 39, "N_roi": 39, "N_inlier": 38, "refit": true}
{"timestamp": "20:14:12.957476", "frame": 68, "mu": [-1.5212062602248517, 3.1382419816251645, 0.720805635794797], "Sigma": [[0.02235913745579607, 0.0018535092056571009, -0.0034315722819868886], [0.0018535092056571009, 0.0014821646776146454, -0.0027244293996627903], [-0.003431572281986889, -0.0027244293996627903, 0.007278789506486181]], "chi2_level": 0.95, "chi2_df": 3, "chi2_threshold": 7.814727903251179, "N_raw": 43, "N_roi": 43, "N_inlier": 41, "refit": true}
{"timestamp": "20:14:13.016359", "frame": 69, "mu": [-1.4088348723044395, 3.1060399884406813, 0.8401520066215243], "Sigma": [[0.021924792950292024, 0.0005827502017626433, -0.01470935365528163], [0.0005827502017626433, 0.0035761560714124446, -0.005579727055069782], [-0.014709353655281632, -0.005579727055069782, 0.01970178512969234]], "chi2_level": 0.95, "chi2_df": 3, "chi2_threshold": 7.814727903251179, "N_raw": 70, "N_roi": 70, "N_inlier": 67, "refit": true}
{"timestamp": "20:14:13.068711", "frame": 70, "mu": [-1.5347919007237574, 3.2017131017835294, -0.7361941258994784], "Sigma": [[0.018743615853062823, 0.012329460912111127, 0.03922258934374251], [0.012329460912111127, 0.014574892838331348, 0.03609360427598003], [0.03922258934374251, 0.03609360427598003, 0.131174132647369]], "chi2_level": 0.95, "chi2_df": 3, "chi2_threshold": 7.814727903251179, "N_raw": 41, "N_roi": 41, "N_inlier": 40, "refit": true}
{"timestamp": "20:14:13.125638", "frame": 71, "mu": [-1.5076815668342318, 3.008382433126469, 0.7920019370796757], "Sigma": [[0.02434134059640081, 2.2897902971507538e-05, -0.007684985792757599], [2.2897902971507592e-05, 0.0021266160028248953, -0.003341966354544596], [-0.0076849857927576, -0.003341966354544596, 0.010644120206949726]], "chi2_level": 0.95, "chi2_df": 3, "chi2_threshold": 7.814727903251179, "N_raw": 59, "N_roi": 59, "N_inlier": 56, "refit": true}
{"timestamp": "20:14:13.175359", "frame": 72, "mu": [-1.4355367651521427, 2.989251840685154, 0.8773820271114291], "Sigma": [[0.00854407044488632, 0.0008603585077466727, -0.009765521942966402], [0.0008603585077466729, 0.0005788529468390887, -0.0021952201236832445], [-0.009765521942966402, -0.0021952201236832445, 0.018230726592366277]], "chi2_level": 0.95, "chi2_df": 3, "chi2_threshold": 7.814727903251179, "N_raw": 23, "N_roi": 23, "N_inlier": 21, "refit": true}
{"timestamp": "20:14:13.237309", "frame": 73, "mu": [-1.5103010410686948, 2.930261648855037, 0.9051114158987084], "Sigma": [[0.020945328085935855, 0.003270936350869605, -0.01685021263398124], [0.003270936350869605, 0.0032333439317582023, -0.008063075853080477], [-0.01685021263398124, -0.008063075853080477, 0.035426996624462984]], "chi2_level": 0.95, "chi2_df": 3, "chi2_threshold": 7.814727903251179, "N_raw": 71, "N_roi": 70, "N_inlier": 68, "refit": true}
{"timestamp": "20:14:13.346353", "frame": 75, "mu": [-1.4505131375408755, 3.065735624268051, -0.32247052375252766], "Sigma": [[0.01521447205624805, 0.004557657517922255, -0.005899802099622854], [0.004557657517922255, 0.00855371658039897, -0.009956528740843525], [-0.005899802099622854, -0.009956528740843525, 0.01553124803497944]], "chi2_level": 0.95, "chi2_df": 3, "chi2_threshold": 7.814727903251179, "N_raw": 66, "N_roi": 64, "N_inlier": 60, "refit": true}
{"timestamp": "20:14:13.397401", "frame": 76, "mu": [-1.6275817689381746, 2.790588212224054, 0.9184311926854062], "Sigma": [[0.015063442408502664, 0.004143278283551041, -0.010372333895438726], [0.004143278283551041, 0.0026211724988169736, -0.005346058198891994], [-0.010372333895438724, -0.005346058198891994, 0.013442549128007264]], "chi2_level": 0.95, "chi2_df": 3, "chi2_threshold": 7.814727903251179, "N_raw": 40, "N_roi": 40, "N_inlier": 38, "refit": true}
{"timestamp": "20:14:13.450741", "frame": 77, "mu": [-1.4768658496872078, 2.9002614596408267, -0.2733555403768156], "Sigma": [[0.0121528634479781, 0.005146010346668131, -0.010162649668734106], [0.005146010346668133, 0.0048761196878822554, -0.008669826522973677], [-0.010162649668734106, -0.008669826522973677, 0.017196255588680945]], "chi2_level": 0.95, "chi2_df": 3, "chi2_threshold": 7.814727903251179, "N_raw": 31, "N_roi": 31, "N_inlier": 30, "refit": true}
{"timestamp": "20:14:13.510386", "frame": 78, "mu": [-1.5247103388077363, 2.6502936517420617, 0.8163514048207021], "Sigma": [[0.026994191374933453, -0.0021825445876943114, -0.010214887684215367], [-0.002182544587694312, 0.0015307819829220657, -0.0031268841334511693], [-0.010214887684215367, -0.0031268841334511693, 0.025218482742027412]], "chi2_level": 0.95, "chi2_df": 3, "chi2_threshold": 7.814727903251179, "N_raw": 67, "N_roi": 67, "N_inlier": 65, "refit": true}
{"timestamp": "20:14:13.563023", "frame": 79, "mu": [-1.478679311247664, 2.619051191812463, 0.8274306323991615], "Sigma": [[0.015539486560533533, 0.001059661423795719, -0.00649824725581195], [0.001059661423795719, 0.0014969496488030796, -0.0035343444836426563], [-0.00649824725581195, -0.0035343444836426563, 0.018518629863211192]], "chi2_level": 0.95, "chi2_df": 3, "chi2_threshold": 7.814727903251179, "N_raw": 40, "N_roi": 40, "N_inlier": 37, "refit": true}
{"timestamp": "20:14:13.614106", "frame": 80, "mu": [-1.5674184651782483, 2.7532826612408843, -0.33052920323317936], "Sigma": [[0.022276985524003097, 0.00030583889286236467, 0.0008643823148940662], [0.0003058388928623648, 0.0014538124792480187, -0.001705939373377581], [0.0008643823148940658, -0.001705939373377581, 0.0053184660989700075]], "chi2_level": 0.95, "chi2_df": 3, "chi2_threshold": 7.814727903251179, "N_raw": 15, "N_roi": 15, "N_inlier": 15, "refit": true}
{"timestamp": "20:14:13.677328", "frame": 81, "mu": [-1.5792422122551055, 2.4999635664922226, 0.8400342940746354], "Sigma": [[0.04518599462508964, 0.00659333513300139, -0.003446491878000781], [0.00659333513300139, 0.0023436515194541277, -0.004025405908855341], [-0.00344649187800078, -0.004025405908855341, 0.02532407468831393]], "chi2_level": 0.95, "chi2_df": 3, "chi2_threshold": 7.814727903251179, "N_raw": 79, "N_roi": 79, "N_inlier": 78, "refit": true}
{"timestamp": "20:14:13.727912", "frame": 82, "mu": [-1.5959688534879557, 2.5792936684475927, -0.4624663120392851], "Sigma": [[0.013411768239279623, 0.008598086419433345, 0.02298007523180723], [0.008598086419433344, 0.012119676672040147, 0.022641789782550194], [0.02298007523180723, 0.022641789782550194, 0.08242394444403993]], "chi2_level": 0.95, "chi2_df": 3, "chi2_threshold": 7.814727903251179, "N_raw": 44, "N_roi": 44, "N_inlier": 43, "refit": true}
{"timestamp": "20:14:13.785204", "frame": 83, "mu": [-1.8044045575907026, 2.365251784479843, 0.9027756360097615], "Sigma": [[0.04312057470487968, 0.006067171687808627, -0.013677494723321904], [0.006067171687808627, 0.0023698294669460803, -0.004119455853232597], [-0.013677494723321904, -0.004119455853232597, 0.010202847444310865]], "chi2_level": 0.95, "chi2_df": 3, "chi2_threshold": 7.814727903251179, "N_raw": 57, "N_roi": 57, "N_inlier": 55, "refit": true}
{"timestamp": "20:14:13.840538", "frame": 84, "mu": [-1.6189704014126638, 2.3809210560775607, 0.9501638901997534], "Sigma": [[0.02879259926555947, 0.002627251769161682, -0.0010401439561536865], [0.0026272517691616815, 0.0009091561535119109, -0.0012797054546111368], [-0.001040143956153686, -0.0012797054546111368, 0.02439484854767885]], "chi2_level": 0.95, "chi2_df": 3, "chi2_threshold": 7.814727903251179, "N_raw": 67, "N_roi": 67, "N_inlier": 65, "refit": true}
{"timestamp": "20:14:13.895632", "frame": 85, "mu": [-1.4938175827224855, 2.345224453415522, 0.8863037247271096], "Sigma": [[0.014272615346206824, 0.0008215363011396689, -0.011224301758699491], [0.0008215363011396689, 0.001296826232769313, -0.003757518773840368], [-0.011224301758699491, -0.0037575187738403677, 0.0227142785793494]], "chi2_level": 0.95, "chi2_df": 3, "chi2_threshold": 7.814727903251179, "N_raw": 55, "N_roi": 55, "N_inlier": 52, "refit": true}
{"timestamp": "20:14:13.951506", "frame": 86, "mu": [-1.4829175939279975, 2.2510429731527246, 0.8749246671793377], "Sigma": [[0.032325317875200966, -0.0034560705460062935, -0.01415757360548309], [-0.0034560705460062943, 0.0018173212168844921, 0.0005130157634713615], [-0.014157573605483092, 0.0005130157634713613, 0.02695492667060313]], "chi2_level": 0.95, "chi2_df": 3, "chi2_threshold": 7.814727903251179, "N_raw": 56, "N_roi": 56, "N_inlier": 54, "refit": true}
{"timestamp": "20:14:14.006469", "frame": 87, "mu": [-1.477770337906708, 2.39456717246072, -0.3801733378424149], "Sigma": [[0.013427338398212262, 0.0034750141546530545, -0.017323457057244376], [0.0034750141546530545, 0.007466005939682622, -0.010934636991990241], [-0.017323457057244376, -0.010934636991990241, 0.03521997581569146]], "chi2_level": 0.95, "chi2_df": 3, "chi2_threshold": 7.814727903251179, "N_raw": 72, "N_roi": 71, "N_inlier": 64, "refit": true}
{"timestamp": "20:14:14.056313", "frame": 88, "mu": [-1.701864575651057, 2.1543169545261533, 0.892112832363644], "Sigma": [[0.011699680771430339, 0.006645213244734371, 0.007321870603032552], [0.006645213244734371, 0.004930717549125086, 0.008172246486959996], [0.007321870603032552, 0.008172246486959996, 0.03306206017042278]], "chi2_level": 0.95, "chi2_df": 3, "chi2_threshold": 7.814727903251179, "N_raw": 32, "N_roi": 32, "N_inlier": 30, "refit": true}
{"timestamp": "20:14:14.117322", "frame": 89, "mu": [-1.6199409881409197, 2.0650343012549537, 1.0520216333049255], "Sigma": [[0.020163551309061813, 0.0003614669048751858, -0.009041606698528696], [0.0003614669048751858, 0.002060684776637212, -0.0035942094861205497], [-0.009041606698528696, -0.0035942094861205497, 0.018433528588373733]], "chi2_level": 0.95, "chi2_df": 3, "chi2_threshold": 7.814727903251179, "N_raw": 71, "N_roi": 71, "N_inlier": 67, "refit": true}
{"timestamp": "20:14:14.167563", "frame": 90, "mu": [-1.8528052846187546, 2.043009517888911, -0.07826143780374718], "Sigma": [[0.04480248043592277, 0.051101208168605125, -0.03418619488777662], [0.05110120816860513, 0.06480466704179742, -0.04268197949856527], [-0.03418619488777661, -0.04268197949856527, 0.029479017290993798]], "chi2_level": 0.95, "chi2_df": 3, "chi2_threshold": 7.814727903251179, "N_raw": 37, "N_roi": 37, "N_inlier": 33, "refit": true}
{"timestamp": "20:14:14.223345", "frame": 91, "mu": [-1.7366606643502458, 2.1071305215574014, -0.3307258214963024], "Sigma": [[0.030896755767491745, 0.026608399608277822, -0.027628813094815952], [0.026608399608277822, 0.02974379514445128, -0.031900628099427744], [-0.02762881309481595, -0.031900628099427744, 0.04985751692912099]], "chi2_level": 0.95, "chi2_df": 3, "chi2_threshold": 7.814727903251179, "N_raw": 50, "N_roi": 50, "N_inlier": 46, "refit": true}
{"timestamp": "20:14:14.278763", "frame": 92, "mu": [-1.7464916865563969, 1.9062454815575935, 1.254710904947846], "Sigma": [[0.013909657682368848, 0.005045376565984432, -0.004864201297641554], [0.005045376565984431, 0.004069239451472532, -0.005425278125213888], [-0.004864201297641554, -0.005425278125213888, 0.009956930532806293]], "chi2_level": 0.95, "chi2_df": 3, "chi2_threshold": 7.814727903251179, "N_raw": 52, "N_roi": 52, "N_inlier": 45, "refit": true}
{"timestamp": "20:14:14.334056", "frame": 93, "mu": [-1.7124039741616235, 1.869919125104983, 1.1420220536372738], "Sigma": [[0.011616176549921052, 0.007207512994534605, 0.000903090433763399], [0.007207512994534607, 0.0053819435832025515, -0.0002755695582380808], [0.0009030904337633985, -0.0002755695582380799, 0.030031029926061714]], "chi2_level": 0.95, "chi2_df": 3, "chi2_threshold": 7.814727903251179, "N_raw": 54, "N_roi": 54, "N_inlier": 46, "refit": true}
{"timestamp": "20:14:14.387333", "frame": 94, "mu": [-1.8477986483302866, 1.7742318569772413, 1.2136953547437277], "Sigma": [[0.024253938997496137, 0.02231555992722687, -0.02970451198965091], [0.02231555992722687, 0.024428335553840212, -0.03314015309418589], [-0.02970451198965091, -0.03314015309418589, 0.05035338300871423]], "chi2_level": 0.95, "chi2_df": 3, "chi2_threshold": 7.814727903251179, "N_raw": 38, "N_roi": 38, "N_inlier": 34, "refit": true}
{"timestamp": "20:14:14.448644", "frame": 95, "mu": [-1.81518758683617, 1.8607732666298877, -0.25705823893443686], "Sigma": [[0.033836811588261254, 0.03723190972999804, -0.029909582389461207], [0.03723190972999804, 0.052457091875970696, -0.03868341608798225], [-0.029909582389461207, -0.03868341608798225, 0.03690289111659047]], "chi2_level": 0.95, "chi2_df": 3, "chi2_threshold": 7.814727903251179, "N_raw": 79, "N_roi": 79, "N_inlier": 73, "refit": true}
{"timestamp": "20:14:14.501755", "frame": 96, "mu": [-1.8194600918020718, 1.6553605201843706, 1.1194971288254465], "Sigma": [[0.028586146617672073, 0.02228546044598275, -0.038578419047171936], [0.02228546044598275, 0.02074609987930299, -0.038077100463488014], [-0.038578419047171936, -0.03807710046348802, 0.09749575075101946]], "chi2_level": 0.95, "chi2_df": 3, "chi2_threshold": 7.814727903251179, "N_raw": 73, "N_roi": 73, "N_inlier": 70, "refit": true}
{"timestamp": "20:14:14.553225", "frame": 97, "mu": [-2.030700341612775, 1.4640418978044876, 1.0798069227594627], "Sigma": [[0.03932239313490032, 0.024500382034041916, 0.007073347326320124], [0.02450038203404192, 0.019819267868544023, -0.006368798098456509], [0.007073347326320124, -0.006368798098456509, 0.05198988829540856]], "chi2_level": 0.95, "chi2_df": 3, "chi2_threshold": 7.814727903251179, "N_raw": 39, "N_roi": 39, "N_inlier": 38, "refit": true}
{"timestamp": "20:14:14.609051", "frame": 98, "mu": [-2.0744715446521673, 1.402120364284347, 0.9392435757856838], "Sigma": [[0.03986941890150632, 0.024014713701997974, 0.0032680728483232514], [0.024014713701997974, 0.01706191559398833, -0.0037215095087108014], [0.003268072848323253, -0.0037215095087108014, 0.02026464999068081]], "chi2_level": 0.95, "chi2_df": 3, "chi2_threshold": 7.814727903251179, "N_raw": 38, "N_roi": 38, "N_inlier": 36, "refit": true}
{"timestamp": "20:14:14.666167", "frame": 99, "mu": [-1.895280934941807, 1.4265609773548955, 0.9972403884697567], "Sigma": [[0.02757698228476721, 0.018017192630694706, -0.006763251178800603], [0.018017192630694706, 0.014268099643174171, -0.00834597504721827], [-0.006763251178800603, -0.00834597504721827, 0.011797395024708486]], "chi2_level": 0.95, "chi2_df": 3, "chi2_threshold": 7.814727903251179, "N_raw": 67, "N_roi": 67, "N_inlier": 66, "refit": true}
{"timestamp": "20:14:14.813686", "frame": 100, "mu": [-1.8403970171436805, 1.5501173219074824, -0.11071719128801207], "Sigma": [[0.03233112049089497, -0.0011102385773606531, 0.10321629021394571], [-0.0011102385773606534, 0.006894232265800902, -0.024021162219588693], [0.10321629021394571, -0.024021162219588693, 0.5366649047144886]], "chi2_level": 0.95, "chi2_df": 3, "chi2_threshold": 7.814727903251179, "N_raw": 104, "N_roi": 104, "N_inlier": 102, "refit": true}
{"timestamp": "20:14:14.818615", "frame": 101, "mu": [-1.8871529806319582, 1.5471449585528596, -0.5788648982568388], "Sigma": [[0.016481650433319058, 0.008046437535801695, 0.00613086368347477], [0.008046437535801695, 0.018651889178074352, -0.02274306303337416], [0.00613086368347477, -0.02274306303337416, 0.05619849206730622]], "chi2_level": 0.95, "chi2_df": 3, "chi2_threshold": 7.814727903251179, "N_raw": 117, "N_roi": 117, "N_inlier": 111, "refit": true}
{"timestamp": "20:14:14.847093", "frame": 102, "mu": [-1.8562142852656054, 1.2816375871953773, 1.1155532376462818], "Sigma": [[0.031221264392867935, 0.019597283956507783, 0.009380647983591762], [0.019597283956507783, 0.019773993727427604, -0.0014472545623323862], [0.00938064798359176, -0.0014472545623323864, 0.048350301418453256]], "chi2_level": 0.95, "chi2_df": 3, "chi2_threshold": 7.814727903251179, "N_raw": 108, "N_roi": 108, "N_inlier": 107, "refit": true}
{"timestamp": "20:14:14.885068", "frame": 103, "mu": [-1.8199401149358359, 1.20309166699138, 1.0249082184471479], "Sigma": [[0.015140258275414344, 0.008041856140572394, -0.008186240233220989], [0.008041856140572394, 0.014304201368744544, -0.005270560414304425], [-0.008186240233220989, -0.005270560414304425, 0.007967148466868789]], "chi2_level": 0.95, "chi2_df": 3, "chi2_threshold": 7.814727903251179, "N_raw": 56, "N_roi": 56, "N_inlier": 54, "refit": true}
{"timestamp": "20:14:14.942989", "frame": 104, "mu": [-1.7736622123809977, 1.3618414365208935, -0.6596357212533033], "Sigma": [[0.020437287902438046, 0.02274901453480902, 0.009274952729528094], [0.02274901453480902, 0.036973136637250756, 0.009714791774732525], [0.009274952729528094, 0.009714791774732525, 0.023669126174741442]], "chi2_level": 0.95, "chi2_df": 3, "chi2_threshold": 7.814727903251179, "N_raw": 88, "N_roi": 88, "N_inlier": 87, "refit": true}
{"timestamp": "20:14:15.004416", "frame": 105, "mu": [-1.7759266088181285, 1.1272054785699592, 1.0013811787134927], "Sigma": [[0.019781210645527736, 0.014321710202598256, 0.005810163657695877], [0.014321710202598256, 0.012335676576376244, -0.0006672992390490037], [0.005810163657695877, -0.0006672992390490037, 0.02828175342932019]], "chi2_level": 0.95, "chi2_df": 3, "chi2_threshold": 7.814727903251179, "N_raw": 99, "N_roi": 99, "N_inlier": 98, "refit": true}
{"timestamp": "20:14:15.057911", "frame": 106, "mu": [-1.7277671315406447, 1.1377766075893678, 1.1159846182280828], "Sigma": [[0.014825139589078896, 0.009793719888681447, -0.004171694723496716], [0.009793719888681447, 0.010336101541941303, -0.010117941016057891], [-0.004171694723496716, -0.010117941016057891, 0.04109618372942235]], "chi2_level": 0.95, "chi2_df": 3, "chi2_threshold": 7.814727903251179, "N_raw": 105, "N_roi": 105, "N_inlier": 100, "refit": true}
{"timestamp": "20:14:15.112068", "frame": 107, "mu": [-1.904566424514588, 0.997038092407622, 1.1508778113279006], "Sigma": [[0.022565969027769816, 0.012014135036889844, 0.02019611273875445], [0.012014135036889844, 0.012614738125033128, 0.0013942485328221712], [0.02019611273875445, 0.0013942485328221712, 0.047958350665231395]], "chi2_level": 0.95, "chi2_df": 3, "chi2_threshold": 7.814727903251179, "N_raw": 94, "N_roi": 94, "N_inlier": 92, "refit": true}
{"timestamp": "20:14:15.160076", "frame": 108, "mu": [-1.7043598556241544, 1.0124836898633383, 1.1786227908405909], "Sigma": [[0.0114088107340301, 0.0042135961235371154, -0.0025204749150875942], [0.0042135961235371154, 0.006851210046509937, -0.005491414533063565], [-0.0025204749150875942, -0.005491414533063565, 0.005997350234932474]], "chi2_level": 0.95, "chi2_df": 3, "chi2_threshold": 7.814727903251179, "N_raw": 61, "N_roi": 61, "N_inlier": 61, "refit": true}
{"timestamp": "20:14:15.215149", "frame": 109, "mu": [-1.6982235551838811, 1.0807579068547206, -0.6317810380910261], "Sigma": [[0.017024720950172684, 0.016551463915965722, 0.00791584372061558], [0.01655146391596572, 0.03012058358915399, 0.012482536931017436], [0.00791584372061558, 0.012482536931017436, 0.009779436344919469]], "chi2_level": 0.95, "chi2_df": 3, "chi2_threshold": 7.814727903251179, "N_raw": 62, "N_roi": 62, "N_inlier": 61, "refit": true}
{"timestamp": "20:14:15.270338", "frame": 110, "mu": [-1.7503301640212388, 0.9159839559157772, 1.2194428067638006], "Sigma": [[0.008842610268690149, 0.003229758607352043, 0.001148015943775751], [0.003229758607352043, 0.00629363692575799, -0.004200240413691293], [0.0011480159437757508, -0.004200240413691294, 0.014824814549716608]], "chi2_level": 0.95, "chi2_df": 3, "chi2_threshold": 7.814727903251179, "N_raw": 61, "N_roi": 61, "N_inlier": 59, "refit": true}
{"timestamp": "20:14:15.322635", "frame": 111, "mu": [-1.7415719493362445, 0.8268871797530903, 1.3351810171436287], "Sigma": [[0.006571415041819889, 0.004827740121217457, -0.0033843099026709075], [0.004827740121217457, 0.012582065379585878, -0.006150368027710108], [-0.0033843099026709075, -0.006150368027710108, 0.003907454897186149]], "chi2_level": 0.95, "chi2_df": 3, "chi2_threshold": 7.814727903251179, "N_raw": 43, "N_roi": 43, "N_inlier": 42, "refit": true}
{"timestamp": "20:14:15.378093", "frame": 112, "mu": [-1.754830945675408, 0.8344285485281421, 1.368226387553223], "Sigma": [[0.00865070693481868, 0.0034669821787442602, -0.007049102622328385], [0.0034669821787442602, 0.014266038777826815, -0.0069848498050641104], [-0.007049102622328384, -0.00698484980506411, 0.007921403705154316]], "chi2_level": 0.95, "chi2_df": 3, "chi2_threshold": 7.814727903251179, "N_raw": 53, "N_roi": 53, "N_inlier": 51, "refit": true}
{"timestamp": "20:14:15.431210", "frame": 113, "mu": [-1.7171933346906199, 0.918835313728633, -0.6315437814536111], "Sigma": [[0.0034184820750328454, 0.004077998583057894, 0.004244243815234219], [0.004077998583057895, 0.018637635273870398, 0.006280037781092357], [0.004244243815234219, 0.006280037781092357, 0.01264853283939243]], "chi2_level": 0.95, "chi2_df": 3, "chi2_threshold": 7.814727903251179, "N_raw": 30, "N_roi": 30, "N_inlier": 30, "refit": true}
{"timestamp": "20:14:15.486030", "frame": 114, "mu": [-1.692145480842252, 0.7398610620080678, 1.2639666372066416], "Sigma": [[0.006199279776244773, 0.003069531259562589, -0.0007229314959803399], [0.0030695312595625896, 0.0055635088364286225, -0.003851345315968294], [-0.00072293149598034, -0.003851345315968294, 0.00424642828241741]], "chi2_level": 0.95, "chi2_df": 3, "chi2_threshold": 7.814727903251179, "N_raw": 36, "N_roi": 36, "N_inlier": 36, "refit": true}
{"timestamp": "20:14:15.543167", "frame": 115, "mu": [-1.7187942315411011, 0.6719213247672157, 1.2039415467076482], "Sigma": [[0.009051833513406682, 0.005801575115513121, -0.0014676941060456977], [0.005801575115513121, 0.01062943129435691, -0.006677053748131537], [-0.0014676941060456977, -0.006677053748131537, 0.0065214712439647]], "chi2_level": 0.95, "chi2_df": 3, "chi2_threshold": 7.814727903251179, "N_raw": 54, "N_roi": 54, "N_inlier": 54, "refit": true}
{"timestamp": "20:14:15.599563", "frame": 116, "mu": [-1.7177077560338776, 0.6483342024918067, 1.1577531565574761], "Sigma": [[0.009286107223183697, 0.009204898421505594, 0.001694428483722694], [0.009204898421505594, 0.011242798436626516, -0.002337726721461614], [0.0016944284837226938, -0.0023377267214616144, 0.012405116470696411]], "chi2_level": 0.95, "chi2_df": 3, "chi2_threshold": 7.814727903251179, "N_raw": 55, "N_roi": 55, "N_inlier": 54, "refit": true}
{"timestamp": "20:14:15.655729", "frame": 117, "mu": [-1.7229478416846802, 0.5877366513751167, 1.1993760078128193], "Sigma": [[0.009317942035834357, 0.00580507405279471, 0.00042619950043538496], [0.00580507405279471, 0.008568065336282146, -0.006087991245629754], [0.00042619950043538496, -0.006087991245629754, 0.01083416950276174]], "chi2_level": 0.95, "chi2_df": 3, "chi2_threshold": 7.814727903251179, "N_raw": 63, "N_roi": 63, "N_inlier": 59, "refit": true}
{"timestamp": "20:14:15.712916", "frame": 118, "mu": [-1.7042752245373871, 0.5358214592730645, 1.1208645821543668], "Sigma": [[0.00873070986781885, 0.005729156140775031, 0.0020803648399552828], [0.005729156140775032, 0.007757379813466597, -0.004620586348410328], [0.0020803648399552828, -0.004620586348410328, 0.014311996606123775]], "chi2_level": 0.95, "chi2_df": 3, "chi2_threshold": 7.814727903251179, "N_raw": 69, "N_roi": 69, "N_inlier": 61, "refit": true}
