{"timestamp": "20:16:57.040545", "frame": 16, "mu": [-2.4208433615496507, 3.330593906009633, -0.027543038177680307], "Sigma": [[0.002830303104899612, 0.0005319487218967121, 0.001542417104858683], [0.000531948721896712, 0.004285106414250949, -0.004306364377933751], [0.0015424171048586833, -0.004306364377933751, 0.0065354051108591485]], "chi2_level": 0.95, "chi2_df": 3, "chi2_threshold": 7.814727903251179, "N_raw": 55, "N_roi": 14, "N_inlier": 14, "refit": true}
{"timestamp": "20:16:57.149128", "frame": 18, "mu": [-2.406412671452529, 3.1880043890569776, 1.0371282301720308], "Sigma": [[0.0035386749347158953, 0.003145592064405984, -0.0032847693578482067], [0.003145592064405984, 0.00859894231604173, -0.01617634169446118], [-0.0032847693578482067, -0.01617634169446118, 0.03528686923933101]], "chi2_level": 0.95, "chi2_df": 3, "chi2_threshold": 7.814727903251179, "N_raw": 48, "N_roi": 18, "N_inlier": 17, "refit": true}
{"timestamp": "20:16:57.203533", "frame": 19, "mu": [-2.394894499207646, 3.1826596852050737, 1.0549765848473398], "Sigma": [[0.004890138156372757, 0.0015960775301500322, -0.00024272972135303255], [0.0015960775301500322, 0.004051575612973521, -0.0070616632238137585], [-0.00024272972135303277, -0.0070616632238137585, 0.01626604118824535]], "chi2_level": 0.95, "chi2_df": 3, "chi2_threshold": 7.814727903251179, "N_raw": 48, "N_roi": 23, "N_inlier": 23, "refit": true}
{"timestamp": "20:16:57.257078", "frame": 20, "mu": [-2.3887602826847294, 3.390944334881237, -0.23037418883344443], "Sigma": [[0.005618476710817631, 0.004337081873980601, -0.00519933924122974], [0.004337081873980601, 0.010318514513292782, -0.012478930574170648], [-0.00519933924122974, -0.012478930574170646, 0.01811202621494958]], "chi2_level": 0.95, "chi2_df": 3, "chi2_threshold": 7.814727903251179, "N_raw": 22, "N_roi": 15, "N_inlier": 15, "refit": true}
{"timestamp": "20:16:57.313458", "frame": 21, "mu": [-2.357409888721956, 3.208116704252672, 1.0271628019721168], "Sigma": [[0.007131392865746937, 0.003267599519089959, -0.003095733596825566], [0.003267599519089958, 0.0028284752655685415, -0.0050541924123868615], [-0.003095733596825566, -0.0050541924123868615, 0.016481563228890522]], "chi2_level": 0.95, "chi2_df": 3, "chi2_threshold": 7.814727903251179, "N_raw": 33, "N_roi": 23, "N_inlier": 22, "refit": true}
{"timestamp": "20:16:57.425910", "frame": 23, "mu": [-2.2826162128528007, 3.1959592076640044, 1.259092155636307], "Sigma": [[0.014784024395978076, 0.007150128981429974, -0.0075621214279091315], [0.007150128981429974, 0.008702270069121188, -0.0075187248295807245], [-0.007562121427909131, -0.007518724829580724, 0.011048362188203358]], "chi2_level": 0.95, "chi2_df": 3, "chi2_threshold": 7.814727903251179, "N_raw": 48, "N_roi": 43, "N_inlier": 41, "refit": true}
{"timestamp": "20:16:57.475841", "frame": 24, "mu": [-2.1854695609230874, 3.2192752231031494, 1.0018244752234615], "Sigma": [[0.0069837902646451904, 0.002474678099639662, -0.00459895820434405], [0.002474678099639662, 0.00235152741196676, -0.003412419633370562], [-0.00459895820434405, -0.003412419633370562, 0.00726882704456323]], "chi2_level": 0.95, "chi2_df": 3, "chi2_threshold": 7.814727903251179, "N_raw": 17, "N_roi": 17, "N_inlier": 16, "refit": true}
{"timestamp": "20:16:57.534976", "frame": 25, "mu": [-2.221918138390957, 3.162858923575095, 1.0863503298174146], "Sigma": [[0.01922750820201051, 0.008759192846138944, -0.01525887199997167], [0.008759192846138944, 0.007204961834010772, -0.010968333453739314], [-0.01525887199997167, -0.010968333453739314, 0.019243945064450187]], "chi2_level": 0.95, "chi2_df": 3, "chi2_threshold": 7.814727903251179, "N_raw": 45, "N_roi": 43, "N_inlier": 41, "refit": true}
{"timestamp": "20:16:57.587947", "frame": 26, "mu": [-2.1239305353069033, 3.1198336224523673, 0.9601533126614938], "Sigma": [[0.009584487368894327, 0.0006279877393347486, -0.00975391846964885], [0.0006279877393347486, 0.003530307439103122, -0.0023725572491895865], [-0.00975391846964885, -0.0023725572491895865, 0.012032431125214165]], "chi2_level": 0.95, "chi2_df": 3, "chi2_threshold": 7.814727903251179, "N_raw": 27, "N_roi": 27, "N_inlier": 26, "refit": true}
{"timestamp": "20:16:57.644432", "frame": 27, "mu": [-2.1262541061397693, 3.1686989469404354, 1.1144191565786525], "Sigma": [[0.020581642152950434, 0.004635522966493278, -0.020825424583163096], [0.004635522966493278, 0.0058330883123046936, -0.004260763339941318], [-0.020825424583163096, -0.004260763339941318, 0.023594603715771854]], "chi2_level": 0.95, "chi2_df": 3, "chi2_threshold": 7.814727903251179, "N_raw": 40, "N_roi": 40, "N_inlier": 38, "refit": true}
{"timestamp": "20:16:57.698207", "frame": 28, "mu": [-2.0058616636918134, 3.185623861463879, 0.918259057337312], "Sigma": [[0.01607704991510285, 0.005896784882107155, -0.007777060774920107], [0.005896784882107155, 0.005847927824699346, -0.003657874726364257], [-0.007777060774920107, -0.003657874726364257, 0.005262842682002901]], "chi2_level": 0.95, "chi2_df": 3, "chi2_threshold": 7.814727903251179, "N_raw": 37, "N_roi": 37, "N_inlier": 35, "refit": true}
{"timestamp": "20:16:57.756618", "frame": 29, "mu": [-2.017806844213643, 3.1980963020168733, 1.1802654569873419], "Sigma": [[0.022556168360099105, 0.004875218984304759, -0.0224314040046475], [0.00487521898430476, 0.0077001206004611725, -0.004268998109337398], [-0.0224314040046475, -0.004268998109337398, 0.024343933637621086]], "chi2_level": 0.95, "chi2_df": 3, "chi2_threshold": 7.814727903251179, "N_raw": 53, "N_roi": 52, "N_inlier": 50, "refit": true}
{"timestamp": "20:16:57.808984", "frame": 30, "mu": [-1.8193489446033697, 3.192173407857355, 0.8642150720870626], "Sigma": [[0.014960060093938412, 0.003272587983969063, -0.019647608262615635], [0.003272587983969063, 0.002046851101040423, -0.0068092025577480165], [-0.019647608262615635, -0.0068092025577480165, 0.037657820476906745]], "chi2_level": 0.95, "chi2_df": 3, "chi2_threshold": 7.814727903251179, "N_raw": 37, "N_roi": 37, "N_inlier": 34, "refit": true}
{"timestamp": "20:16:57.862922", "frame": 31, "mu": [-1.803459505819218, 3.3281521937437337, 0.8320287657678663], "Sigma": [[0.0033623055598725545, 0.00589809095377772, -0.0037083374817329885], [0.00589809095377772, 0.03140911340473686, -0.0031606116737735346], [-0.0037083374817329885, -0.0031606116737735346, 0.0071569342014190735]], "chi2_level": 0.95, "chi2_df": 3, "chi2_threshold": 7.814727903251179, "N_raw": 16, "N_roi": 15, "N_inlier": 14, "refit": true}
{"timestamp": "20:16:57.921361", "frame": 32, "mu": [-1.781315750844393, 3.338780928542226, 0.9765734660502294], "Sigma": [[0.03400008728078351, 0.026572315978220143, -0.053585454900755086], [0.026572315978220143, 0.03553968774122698, -0.05376240611510205], [-0.053585454900755086, -0.05376240611510205, 0.09857928844505243]], "chi2_level": 0.95, "chi2_df": 3, "chi2_threshold": 7.814727903251179, "N_raw": 57, "N_roi": 57, "N_inlier": 56, "refit": true}
{"timestamp": "20:16:57.973118", "frame": 33, "mu": [-1.8047690104739291, 3.2227365328445976, 1.2601990605825573], "Sigma": [[0.020790486204574136, 0.007877179156285115, -0.030016059626442486], [0.007877179156285113, 0.006225262791774932, -0.012846813578599806], [-0.030016059626442486, -0.012846813578599807, 0.06374960259684381]], "chi2_level": 0.95, "chi2_df": 3, "chi2_threshold": 7.814727903251179, "N_raw": 29, "N_roi": 28, "N_inlier": 26, "refit": true}
{"timestamp": "20:16:58.025586", "frame": 34, "mu": [-1.660005131003459, 3.4749583181183743, -0.12835489043377518], "Sigma": [[0.0052978228411045, 0.012422516523275938, -0.014969447170159567], [0.012422516523275938, 0.04084398544044458, -0.048941497705481646], [-0.014969447170159567, -0.048941497705481646, 0.060341950554948655]], "chi2_level": 0.95, "chi2_df": 3, "chi2_threshold": 7.814727903251179, "N_raw": 11, "N_roi": 10, "N_inlier": 10, "refit": true}
{"timestamp": "20:16:58.081836", "frame": 35, "mu": [-1.6672403977237515, 3.3570378079196614, 0.08585039188119509], "Sigma": [[0.010882778024827938, 0.005347335766238211, -0.008364963932143166], [0.005347335766238211, 0.0043938491884748816, -0.0061982090040947745], [-0.008364963932143166, -0.0061982090040947745, 0.009777845595602692]], "chi2_level": 0.95, "chi2_df": 3, "chi2_threshold": 7.814727903251179, "N_raw": 24, "N_roi": 22, "N_inlier": 20, "refit": true}
{"timestamp": "20:16:58.141012", "frame": 36, "mu": [-1.553250275782625, 3.3435185246759467, -0.07312221697373943], "Sigma": [[0.0153763694440839, 0.006546476734123913, -0.022011294300388517], [0.006546476734123913, 0.008348731977957923, -0.010228776594112086], [-0.02201129430038852, -0.010228776594112088, 0.03397099682738236]], "chi2_level": 0.95, "chi2_df": 3, "chi2_threshold": 7.814727903251179, "N_raw": 51, "N_roi": 48, "N_inlier": 46, "refit": true}
{"timestamp": "20:16:58.195604", "frame": 37, "mu": [-1.4941935628566216, 3.1400938887221868, 0.977397074822885], "Sigma": [[0.00895411783277019, 0.0014965090573215575, -0.008642049865923955], [0.0014965090573215577, 0.005942306430566113, -0.002042193464463403], [-0.008642049865923955, -0.002042193464463403, 0.009319754396272223]], "chi2_level": 0.95, "chi2_df": 3, "chi2_threshold": 7.814727903251179, "N_raw": 38, "N_roi": 38, "N_inlier": 37, "refit": true}
{"timestamp": "20:16:58.247860", "frame": 38, "mu": [-1.5394735307086527, 3.224195251183638, 1.180013999033115], "Sigma": [[0.007485130400334131, 0.0009869910925375952, -0.003506232249246459], [0.0009869910925375952, 0.001438544953693972, -0.0036107129925754054], [-0.003506232249246459, -0.0036107129925754054, 0.015514548936139046]], "chi2_level": 0.95, "chi2_df": 3, "chi2_threshold": 7.814727903251179, "N_raw": 28, "N_roi": 28, "N_inlier": 27, "refit": true}
{"timestamp": "20:16:58.301478", "frame": 39, "mu": [-1.4783904566937625, 3.2124758580571506, 1.3836281875691383], "Sigma": [[0.00529095978246735, 0.00011165285512903542, -0.005392992155051151], [0.00011165285512903531, 0.004077324483220026, 0.00450865360275998], [-0.00539299215505115, 0.0045086536027599804, 0.013188374733979429]], "chi2_level": 0.95, "chi2_df": 3, "chi2_threshold": 7.814727903251179, "N_raw": 16, "N_roi": 11, "N_inlier": 11, "refit": true}
{"timestamp": "20:16:58.360606", "frame": 40, "mu": [-1.3376917622921494, 3.277802079081694, -0.3284091537587491], "Sigma": [[0.01593129680642949, 0.001561591100033997, 0.00799654032750198], [0.0015615911000339967, 0.007318866445642175, 0.01864539865048389], [0.007996540327501979, 0.01864539865048389, 0.10264234822860609]], "chi2_level": 0.95, "chi2_df": 3, "chi2_threshold": 7.814727903251179, "N_raw": 45, "N_roi": 40, "N_inlier": 39, "refit": true}
{"timestamp": "20:16:58.416261", "frame": 41, "mu": [-1.281338492876129, 3.1098798681635254, 0.8841405345873281], "Sigma": [[0.017374257676239187, -0.0016286103978753056, -0.01817739644079777], [-0.0016286103978753051, 0.0021992794836995793, -0.0011873038480688966], [-0.01817739644079777, -0.0011873038480688966, 0.0271952246632743]], "chi2_level": 0.95, "chi2_df": 3, "chi2_threshold": 7.814727903251179, "N_raw": 46, "N_roi": 43, "N_inlier": 42, "refit": true}
{"timestamp": "20:16:58.472035", "frame": 42, "mu": [-1.1557752661907268, 3.1526093284256547, 0.9028087095263626], "Sigma": [[0.02128498555130525, -0.005075911307844723, -0.02824484273482982], [-0.005075911307844722, 0.006388756494261516, 0.003365297024752611], [-0.02824484273482982, 0.003365297024752611, 0.0428041446937515]], "chi2_level": 0.95, "chi2_df": 3, "chi2_threshold": 7.814727903251179, "N_raw": 55, "N_roi": 51, "N_inlier": 48, "refit": true}
{"timestamp": "20:16:58.524109", "frame": 43, "mu": [-1.1576629635690994, 3.1100278731892024, 0.8190476308845025], "Sigma": [[0.010656380098496808, 0.002087334494019726, -0.010178843758209898], [0.0020873344940197263, 0.0038640789875107563, -0.00828638253092184], [-0.0101788437582099, -0.00828638253092184, 0.030959251248976867]], "chi2_level": 0.95, "chi2_df": 3, "chi2_threshold": 7.814727903251179, "N_raw": 32, "N_roi": 28, "N_inlier": 25, "refit": true}
{"timestamp": "20:16:58.579726", "frame": 44, "mu": [-1.141182677653027, 3.25748451090806, -0.7262165154004592], "Sigma": [[0.01451366725116541, 0.012211779757923452, 0.009355904085356354], [0.012211779757923456, 0.019473733225279746, 0.01536589528086089], [0.009355904085356354, 0.015365895280860888, 0.11178659286050187]], "chi2_level": 0.95, "chi2_df": 3, "chi2_threshold": 7.814727903251179, "N_raw": 41, "N_roi": 38, "N_inlier": 35, "refit": true}
{"timestamp": "20:16:58.636915", "frame": 45, "mu": [-1.0876746870449352, 3.2246401541659138, 1.1626078749738802], "Sigma": [[0.017070274793174384, 0.002406248163362954, -0.006997399778445998], [0.0024062481633629535, 0.0031483845583932203, -0.004022584422462651], [-0.006997399778445998, -0.004022584422462651, 0.015870824276972395]], "chi2_level": 0.95, "chi2_df": 3, "chi2_threshold": 7.814727903251179, "N_raw": 56, "N_roi": 56, "N_inlier": 52, "refit": true}
{"timestamp": "20:16:58.692688", "frame": 46, "mu": [-0.9979800851276466, 3.2384283031912884, 1.1128862360620355], "Sigma": [[0.015699858189840505, 0.0023381143203585982, -0.009526810147468588], [0.002338114320358598, 0.0026784693634506656, -0.005340871568753172], [-0.00952681014746859, -0.005340871568753172, 0.016783633566162397]], "chi2_level": 0.95, "chi2_df": 3, "chi2_threshold": 7.814727903251179, "N_raw": 56, "N_roi": 54, "N_inlier": 51, "refit": true}
{"timestamp": "20:16:58.746067", "frame": 47, "mu": [-0.9440497885683674, 3.2475575919362587, 1.2373595094120238], "Sigma": [[0.012160175074922409, 0.0020046156067217566, -0.011705434201886255], [0.0020046156067217566, 0.0025847610577317513, -0.0023383543772817544], [-0.011705434201886255, -0.0023383543772817544, 0.025348654855304735]], "chi2_level": 0.95, "chi2_df": 3, "chi2_threshold": 7.814727903251179, "N_raw": 43, "N_roi": 41, "N_inlier": 36, "refit": true}
{"timestamp": "20:16:58.797783", "frame": 48, "mu": [-0.9173634949003058, 3.3346253220650075, -0.09497867956912674], "Sigma": [[0.0062560703776211755, -8.150328984882888e-05, -0.005705276922604507], [-8.150328984882866e-05, 0.018223780824832017, -0.05734213773569929], [-0.005705276922604507, -0.05734213773569929, 0.22354539218992509]], "chi2_level": 0.95, "chi2_df": 3, "chi2_threshold": 7.814727903251179, "N_raw": 25, "N_roi": 25, "N_inlier": 23, "refit": true}
{"timestamp": "20:16:58.856799", "frame": 49, "mu": [-0.8614082092503452, 3.261542930078826, 1.3174050589957105], "Sigma": [[0.01569675655281568, 0.0003092677587863068, -0.014082292449232637], [0.0003092677587863065, 0.004809037249540724, -0.0024120706962662067], [-0.014082292449232637, -0.0024120706962662067, 0.016803346673135537]], "chi2_level": 0.95, "chi2_df": 3, "chi2_threshold": 7.814727903251179, "N_raw": 57, "N_roi": 57, "N_inlier": 55, "refit": true}
{"timestamp": "20:16:58.909320", "frame": 50, "mu": [-0.7758374298536488, 3.3269944120932524, -0.3017483478401685], "Sigma": [[0.006052523522898316, -0.002052019966323401, 0.008092116386707154], [-0.002052019966323401, 0.010253741841865647, -0.037588384878754155], [0.008092116386707154, -0.037588384878754155, 0.1838003506979035]], "chi2_level": 0.95, "chi2_df": 3, "chi2_threshold": 7.814727903251179, "N_raw": 25, "N_roi": 24, "N_inlier": 23, "refit": true}
{"timestamp": "20:16:58.964117", "frame": 51, "mu": [-0.6894884230397598, 3.097037677354141, 0.9256459565177484], "Sigma": [[0.009430787535153277, -0.0006469236416248459, -0.012189170445440448], [-0.0006469236416248459, 0.001435274674931059, -0.0013144602096526515], [-0.012189170445440448, -0.001314460209652652, 0.021069445970811628]], "chi2_level": 0.95, "chi2_df": 3, "chi2_threshold": 7.814727903251179, "N_raw": 34, "N_roi": 34, "N_inlier": 32, "refit": true}
{"timestamp": "20:16:59.026481", "frame": 52, "mu": [-0.6645595158119594, 3.200592340737514, 1.0376961187554987], "Sigma": [[0.017118102787934526, -0.00011609563761487288, -0.021622326655768555], [-0.00011609563761487285, 0.006885016997774365, -0.001954599657406008], [-0.021622326655768558, -0.001954599657406008, 0.049480207845314]], "chi2_level": 0.95, "chi2_df": 3, "chi2_threshold": 7.814727903251179, "N_raw": 81, "N_roi": 78, "N_inlier": 75, "refit": true}
{"timestamp": "20:16:59.080123", "frame": 53, "mu": [-0.6380536689808367, 3.1729998136817152, 0.9560251218898727], "Sigma": [[0.01597859591746794, -0.0018090884208123328, -0.025869745112049685], [-0.001809088420812333, 0.0031559366481174285, 0.0002709360131913746], [-0.025869745112049685, 0.0002709360131913746, 0.08196661278798066]], "chi2_level": 0.95, "chi2_df": 3, "chi2_threshold": 7.814727903251179, "N_raw": 72, "N_roi": 69, "N_inlier": 65, "refit": true}
{"timestamp": "20:16:59.135532", "frame": 54, "mu": [-0.55871521074585, 3.186990152982928, 1.1121382442467833], "Sigma": [[0.020638080391104832, -0.005172692332907932, -0.026155944540702823], [-0.005172692332907931, 0.009053408973510212, 0.008718595028194054], [-0.026155944540702823, 0.008718595028194052, 0.03754578509987273]], "chi2_level": 0.95, "chi2_df": 3, "chi2_threshold": 7.814727903251179, "N_raw": 72, "N_roi": 68, "N_inlier": 62, "refit": true}
{"timestamp": "20:16:59.188926", "frame": 55, "mu": [-0.5583476290902071, 3.21020977942105, 1.160449057191925], "Sigma": [[0.02029544432702752, 0.0005324982181184248, -0.01446216197652942], [0.0005324982181184248, 0.005714496615805416, -0.001913678129020613], [-0.01446216197652942, -0.001913678129020613, 0.013579835659195254]], "chi2_level": 0.95, "chi2_df": 3, "chi2_threshold": 7.814727903251179, "N_raw": 63, "N_roi": 62, "N_inlier": 60, "refit": true}
{"timestamp": "20:16:59.245079", "frame": 56, "mu": [-0.4735240917459279, 3.296916328259657, 0.03120131497873952], "Sigma": [[0.022943739572690462, 0.0043772551047619535, -0.014759724589599597], [0.004377255104761953, 0.0083272935420065, -0.0038581440391934813], [-0.014759724589599598, -0.003858144039193481, 0.015781571125658884]], "chi2_level": 0.95, "chi2_df": 3, "chi2_threshold": 7.814727903251179, "N_raw": 75, "N_roi": 75, "N_inlier": 71, "refit": true}
{"timestamp": "20:16:59.300677", "frame": 57, "mu": [-0.3881701917682712, 3.3200485320363256, -0.02843432177806482], "Sigma": [[0.022787663137770357, 0.006874244468962053, 0.0018459616864002775], [0.006874244468962052, 0.009224506860879764, -0.001208464283975582], [0.0018459616864002775, -0.001208464283975582, 0.003216592409329395]], "chi2_level": 0.95, "chi2_df": 3, "chi2_threshold": 7.814727903251179, "N_raw": 76, "N_roi": 73, "N_inlier": 70, "refit": true}
{"timestamp": "20:16:59.353470", "frame": 58, "mu": [-0.3555098861654857, 3.2918641651708866, -0.0034153348205017515], "Sigma": [[0.02102744277333942, 0.003357592508995646, -0.014413595504980099], [0.0033575925089956464, 0.005321966589537414, -0.0013632708715701114], [-0.014413595504980099, -0.0013632708715701116, 0.01579058170897695]], "chi2_level": 0.95, "chi2_df": 3, "chi2_threshold": 7.814727903251179, "N_raw": 63, "N_roi": 60, "N_inlier": 57, "refit": true}
{"timestamp": "20:16:59.408274", "frame": 59, "mu": [-0.3175605653798888, 3.221743564180426, -0.46380461686664387], "Sigma": [[0.017455431654313007, 0.003814837838783931, 0.022905191230444072], [0.003814837838783931, 0.004998906778089694, 0.011143250008354422], [0.022905191230444072, 0.011143250008354422, 0.0944972731491999]], "chi2_level": 0.95, "chi2_df": 3, "chi2_threshold": 7.814727903251179, "N_raw": 50, "N_roi": 47, "N_inlier": 42, "refit": true}
{"timestamp": "20:16:59.458897", "frame": 60, "mu": [-0.22064685904487863, 3.103723038034965, 0.9297325625023215], "Sigma": [[0.006812512033797431, 0.00036706085314785195, 0.003163075223098986], [0.0003670608531478519, 0.002487419522838645, -0.006860549049055022], [0.0031630752230989863, -0.006860549049055022, 0.07921263197404715]], "chi2_level": 0.95, "chi2_df": 3, "chi2_threshold": 7.814727903251179, "N_raw": 32, "N_roi": 28, "N_inlier": 24, "refit": true}
{"timestamp": "20:16:59.517370", "frame": 61, "mu": [-0.20409747279685883, 3.1561152719195933, 1.2429014558324123], "Sigma": [[0.01249197869768316, -0.003021506385608122, -0.014407283426209507], [-0.003021506385608122, 0.007391616500985498, 0.0066315421367010696], [-0.014407283426209507, 0.00663154213670107, 0.020888809849805165]], "chi2_level": 0.95, "chi2_df": 3, "chi2_threshold": 7.814727903251179, "N_raw": 53, "N_roi": 51, "N_inlier": 48, "refit": true}
{"timestamp": "20:16:59.572762", "frame": 62, "mu": [-0.08100280865791436, 3.2549300261053857, -0.009937144492126005], "Sigma": [[0.014685921687536683, 7.23163679065016e-05, -0.026233895744660805], [7.23163679065016e-05, 0.006437332920425902, 0.011119594781444517], [-0.026233895744660812, 0.011119594781444517, 0.07688973732013643]], "chi2_level": 0.95, "chi2_df": 3, "chi2_threshold": 7.814727903251179, "N_raw": 59, "N_roi": 58, "N_inlier": 56, "refit": true}
{"timestamp": "20:16:59.629970", "frame": 63, "mu": [-0.0605189086200028, 3.1159647645677557, 1.139985421167811], "Sigma": [[0.018303523369754097, -0.005730756492446246, -0.012567166000786237], [-0.005730756492446245, 0.011662185169039286, 0.008990922285922704], [-0.012567166000786237, 0.008990922285922704, 0.01345678148586149]], "chi2_level": 0.95, "chi2_df": 3, "chi2_threshold": 7.814727903251179, "N_raw": 73, "N_roi": 73, "N_inlier": 69, "refit": true}
{"timestamp": "20:16:59.683712", "frame": 64, "mu": [0.062385759017473445, 3.168571972521561, -0.35340008496497094], "Sigma": [[0.016758936401922317, 0.004465491888249317, 0.023209887175330395], [0.004465491888249317, 0.007158398587071943, 0.014280684133679286], [0.023209887175330395, 0.014280684133679286, 0.08903365201096394]], "chi2_level": 0.95, "chi2_df": 3, "chi2_threshold": 7.814727903251179, "N_raw": 59, "N_roi": 59, "N_inlier": 54, "refit": true}
{"timestamp": "20:16:59.791489", "frame": 66, "mu": [0.10386124626569868, 3.0496483705251345, 0.9803974648216601], "Sigma": [[0.014851618166867602, -0.005573559068083966, 0.0018862466349249332], [-0.005573559068083966, 0.004194962020020024, -0.0047635567145202715], [0.0018862466349249326, -0.0047635567145202715, 0.011555922623618152]], "chi2_level": 0.95, "chi2_df": 3, "chi2_threshold": 7.814727903251179, "N_raw": 54, "N_roi": 54, "N_inlier": 52, "refit": true}
{"timestamp": "20:16:59.846968", "frame": 67, "mu": [0.14073753795933625, 3.1207079972699403, 1.2727636144267047], "Sigma": [[0.012317390135436285, -0.001955401525555386, -0.005912218826495792], [-0.001955401525555386, 0.0059987422233253014, 0.001685128070454636], [-0.005912218826495792, 0.0016851280704546362, 0.009337903945585941]], "chi2_level": 0.95, "chi2_df": 3, "chi2_threshold": 7.814727903251179, "N_raw": 55, "N_roi": 55, "N_inlier": 51, "refit": true}
{"timestamp": "20:16:59.899735", "frame": 68, "mu": [0.22400912265258482, 3.137119030316479, 1.3040445582067093], "Sigma": [[0.008740619958109416, -0.00276063120112612, -0.007468707294898028], [-0.00276063120112612, 0.005582912483736378, 0.005478256729570988], [-0.007468707294898028, 0.005478256729570988, 0.01042524842371695]], "chi2_level": 0.95, "chi2_df": 3, "chi2_threshold": 7.814727903251179, "N_raw": 38, "N_roi": 38, "N_inlier": 33, "refit": true}
{"timestamp": "20:16:59.954597", "frame": 69, "mu": [0.2802120047522387, 3.1557840373818045, 1.206467580905714], "Sigma": [[0.006380664207720508, -0.001625511991497443, -0.004826351582563898], [-0.0016255119914974432, 0.005123533947692798, 0.00148892095315747], [-0.004826351582563898, 0.00148892095315747, 0.007735546102964557]], "chi2_level": 0.95, "chi2_df": 3, "chi2_threshold": 7.814727903251179, "N_raw": 40, "N_roi": 36, "N_inlier": 31, "refit": true}
{"timestamp": "20:17:00.013985", "frame": 70, "mu": [0.31541287190405726, 3.187321917851247, 1.2786356376283925], "Sigma": [[0.012899553867088772, -0.0031255424275732887, -0.005217686933716144], [-0.0031255424275732887, 0.008018470692048866, 0.001484495155815736], [-0.0052176869337161435, 0.001484495155815736, 0.01336938062559235]], "chi2_level": 0.95, "chi2_df": 3, "chi2_threshold": 7.814727903251179, "N_raw": 67, "N_roi": 64, "N_inlier": 59, "refit": true}
{"timestamp": "20:17:00.066972", "frame": 71, "mu": [0.3707596640086278, 3.376661694286915, -0.3534167338131875], "Sigma": [[0.010746403405063968, -0.005031630251931277, 0.01458829234644704], [-0.0050316302519312775, 0.017027986837446635, -0.08474937790175549], [0.014588292346447039, -0.08474937790175549, 0.5400455492327515]], "chi2_level": 0.95, "chi2_df": 3, "chi2_threshold": 7.814727903251179, "N_raw": 57, "N_roi": 57, "N_inlier": 55, "refit": true}
{"timestamp": "20:17:00.117637", "frame": 72, "mu": [0.46158460653706, 3.1026570727294427, 1.1857989376197655], "Sigma": [[0.005425246734221913, -0.0034017019471481906, -0.006495510213775688], [-0.003401701947148191, 0.005314096390772546, 0.005602398808593945], [-0.006495510213775688, 0.005602398808593945, 0.010042419014448514]], "chi2_level": 0.95, "chi2_df": 3, "chi2_threshold": 7.814727903251179, "N_raw": 24, "N_roi": 22, "N_inlier": 17, "refit": true}
{"timestamp": "20:17:00.174587", "frame": 73, "mu": [0.533550002599074, 3.1294595186230394, 0.9258492635669758], "Sigma": [[0.009350646038369334, -0.0026060638730838, -0.00478845568120201], [-0.0026060638730838, 0.001667787483081457, -0.0011201271329704615], [-0.00478845568120201, -0.0011201271329704615, 0.012742620967575993]], "chi2_level": 0.95, "chi2_df": 3, "chi2_threshold": 7.814727903251179, "N_raw": 40, "N_roi": 37, "N_inlier": 33, "refit": true}
{"timestamp": "20:17:00.230002", "frame": 74, "mu": [0.5448105998552197, 3.1976250440903167, 0.95618479422038], "Sigma": [[0.010048243466533387, -0.0019146617147163102, -0.0008597508507652842], [-0.0019146617147163102, 0.0030335041199234213, -0.0016640889815506452], [-0.0008597508507652846, -0.0016640889815506452, 0.0020247986884283586]], "chi2_level": 0.95, "chi2_df": 3, "chi2_threshold": 7.814727903251179, "N_raw": 35, "N_roi": 35, "N_inlier": 31, "refit": true}
{"timestamp": "20:17:00.294177", "frame": 75, "mu": [0.5673412265025786, 3.2387343548352256, 0.10465563437156453], "Sigma": [[0.011065329619947347, -0.0011622709538096404, -0.007865659331463666], [-0.0011622709538096406, 0.005883404400063039, -0.005242067798555182], [-0.007865659331463668, -0.005242067798555182, 0.04413843782487698]], "chi2_level": 0.95, "chi2_df": 3, "chi2_threshold": 7.814727903251179, "N_raw": 44, "N_roi": 41, "N_inlier": 38, "refit": true}
{"timestamp": "20:17:00.343023", "frame": 76, "mu": [0.6299778833617009, 3.1952142066655327, 1.2931267991982263], "Sigma": [[0.013342590909483735, -0.003335005177404674, -0.005654694983639111], [-0.0033350051774046737, 0.00956614475214126, 0.0035929435380624886], [-0.005654694983639111, 0.0035929435380624886, 0.005122227283233505]], "chi2_level": 0.95, "chi2_df": 3, "chi2_threshold": 7.814727903251179, "N_raw": 64, "N_roi": 64, "N_inlier": 60, "refit": true}
{"timestamp": "20:17:00.395190", "frame": 77, "mu": [0.6744378237662618, 3.1321245027674984, 1.2651965475736384], "Sigma": [[0.011235479567371405, -0.0029850226751722522, -0.004175335716953431], [-0.0029850226751722522, 0.0049300269753050074, 0.0022379568882715047], [-0.004175335716953431, 0.0022379568882715047, 0.002724564821440441]], "chi2_level": 0.95, "chi2_df": 3, "chi2_threshold": 7.814727903251179, "N_raw": 41, "N_roi": 40, "N_inlier": 37, "refit": true}
{"timestamp": "20:17:00.447310", "frame": 78, "mu": [0.8069383830854476, 3.1859080199128105, 1.0978524998548023], "Sigma": [[0.0036534700203763003, 0.0015468946999697586, -0.014207858940331714], [0.0015468946999697589, 0.003156298073181323, 0.008519920219835997], [-0.014207858940331714, 0.008519920219835997, 0.21419586794807194]], "chi2_level": 0.95, "chi2_df": 3, "chi2_threshold": 7.814727903251179, "N_raw": 15, "N_roi": 10, "N_inlier": 8, "refit": true}
{"timestamp": "20:17:00.504387", "frame": 79, "mu": [0.7840131651088004, 3.146562303456514, 1.1517964919408896], "Sigma": [[0.010592565054898839, -0.003341046561227028, -0.0015166821789049185], [-0.003341046561227028, 0.0017547807145385948, -0.0011141219690323756], [-0.0015166821789049185, -0.0011141219690323756, 0.02222222470109422]], "chi2_level": 0.95, "chi2_df": 3, "chi2_threshold": 7.814727903251179, "N_raw": 40, "N_roi": 38, "N_inlier": 34, "refit": true}
{"timestamp": "20:17:00.612689", "frame": 81, "mu": [0.9105787712760144, 3.253261013546689, 0.15923180842121187], "Sigma": [[0.007753512570042339, -0.0010270594972442773, -0.005183271012181457], [-0.0010270594972442773, 0.0018914046302766988, 0.000499175292001036], [-0.005183271012181457, 0.000499175292001036, 0.006245668605487357]], "chi2_level": 0.95, "chi2_df": 3, "chi2_threshold": 7.814727903251179, "N_raw": 25, "N_roi": 24, "N_inlier": 21, "refit": true}
{"timestamp": "20:17:00.723187", "frame": 83, "mu": [0.9185562349815638, 3.2631710980884665, 0.4874159562730709], "Sigma": [[0.016498388888447565, -0.008148680671443564, 0.031333507203572725], [-0.008148680671443564, 0.004628144990691487, -0.01646039384185819], [0.031333507203572725, -0.01646039384185819, 0.2377839610958117]], "chi2_level": 0.95, "chi2_df": 3, "chi2_threshold": 7.814727903251179, "N_raw": 31, "N_roi": 31, "N_inlier": 29, "refit": true}
{"timestamp": "20:17:00.780943", "frame": 84, "mu": [1.115149583050919, 3.0770064785256133, 1.041023185918959], "Sigma": [[0.014382508257948004, -0.006555954867686729, -0.009262362462320217], [-0.006555954867686729, 0.00392570988759709, 0.0016446129143394587], [-0.009262362462320218, 0.0016446129143394587, 0.01889822991339894]], "chi2_level": 0.95, "chi2_df": 3, "chi2_threshold": 7.814727903251179, "N_raw": 40, "N_roi": 38, "N_inlier": 36, "refit": true}
{"timestamp": "20:17:00.940534", "frame": 87, "mu": [1.2383655215497946, 3.1282219713216173, 1.0654398558090086], "Sigma": [[0.002124344106646328, -0.00035561583613861515, -0.002471875386485147], [-0.0003556158361386151, 0.0026289486770872785, 0.00019468142128445864], [-0.002471875386485147, 0.00019468142128445886, 0.004874371979779881]], "chi2_level": 0.95, "chi2_df": 3, "chi2_threshold": 7.814727903251179, "N_raw": 13, "N_roi": 8, "N_inlier": 7, "refit": true}
{"timestamp": "20:17:00.997996", "frame": 88, "mu": [1.3658649970090906, 2.9992332162133084, 1.0144163238873325], "Sigma": [[0.009264194296871857, -0.005622083873299747, -0.006398415573430177], [-0.005622083873299747, 0.005163226940366643, 0.0016942544233224414], [-0.006398415573430177, 0.0016942544233224418, 0.009899518631562467]], "chi2_level": 0.95, "chi2_df": 3, "chi2_threshold": 7.814727903251179, "N_raw": 29, "N_roi": 29, "N_inlier": 25, "refit": true}
{"timestamp": "20:17:01.056734", "frame": 89, "mu": [1.3172533869618879, 3.1116662160111717, 1.3318053725620174], "Sigma": [[0.012934786409093227, -0.005833225619354702, -0.00468325387592348], [-0.005833225619354702, 0.008787852801775926, 0.003020373029537269], [-0.004683253875923479, 0.003020373029537269, 0.0036781016537917894]], "chi2_level": 0.95, "chi2_df": 3, "chi2_threshold": 7.814727903251179, "N_raw": 51, "N_roi": 51, "N_inlier": 48, "refit": true}
{"timestamp": "20:17:01.112754", "frame": 90, "mu": [1.3861905715848553, 3.1243493561830493, 1.23557247429442], "Sigma": [[0.017952046275595476, -0.009286349572259135, -0.012073666838846642], [-0.009286349572259135, 0.0064060913648300395, 0.006079691551314971], [-0.012073666838846642, 0.006079691551314972, 0.0687141095827277]], "chi2_level": 0.95, "chi2_df": 3, "chi2_threshold": 7.814727903251179, "N_raw": 57, "N_roi": 57, "N_inlier": 53, "refit": true}
{"timestamp": "20:17:01.169106", "frame": 91, "mu": [1.4173416402920886, 3.1502754362093306, 1.2235356166844347], "Sigma": [[0.021770502992328945, -0.009149290410974124, -0.01441600887547172], [-0.009149290410974124, 0.008439166614754847, 0.0006333246869170102], [-0.01441600887547172, 0.0006333246869170105, 0.018344188012314685]], "chi2_level": 0.95, "chi2_df": 3, "chi2_threshold": 7.814727903251179, "N_raw": 69, "N_roi": 69, "N_inlier": 66, "refit": true}
{"timestamp": "20:17:01.220818", "frame": 92, "mu": [1.487829932459977, 3.151721726170144, 1.1461044307731185], "Sigma": [[0.01672014692635313, -0.009514502157435944, -0.016271489404164736], [-0.009514502157435944, 0.006513325413842101, 0.00684874699921219], [-0.016271489404164736, 0.00684874699921219, 0.027189481404350298]], "chi2_level": 0.95, "chi2_df": 3, "chi2_threshold": 7.814727903251179, "N_raw": 42, "N_roi": 38, "N_inlier": 35, "refit": true}
{"timestamp": "20:17:01.276218", "frame": 93, "mu": [1.4972897164645025, 3.1390857851729037, 1.2128937032331217], "Sigma": [[0.01262694214914742, -0.00749469839205546, -0.008303852285479394], [-0.00749469839205546, 0.005430006491732049, 0.0027923616999040806], [-0.008303852285479394, 0.0027923616999040806, 0.05834517384449518]], "chi2_level": 0.95, "chi2_df": 3, "chi2_threshold": 7.814727903251179, "N_raw": 49, "N_roi": 44, "N_inlier": 41, "refit": true}
{"timestamp": "20:17:01.332118", "frame": 94, "mu": [1.5594752263622198, 3.205058421383259, 1.350613188928951], "Sigma": [[0.021678893910552294, -0.011031363901192354, -0.019277798538418614], [-0.011031363901192354, 0.00721490115780036, 0.0071917905344077715], [-0.019277798538418617, 0.007191790534407773, 0.06707644473502111]], "chi2_level": 0.95, "chi2_df": 3, "chi2_threshold": 7.814727903251179, "N_raw": 54, "N_roi": 54, "N_inlier": 52, "refit": true}
{"timestamp": "20:17:01.386442", "frame": 95, "mu": [1.6028102987170572, 3.152083210794439, 1.4644898009918288], "Sigma": [[0.013221660303597732, -0.0048921063497339625, -0.003148494164864544], [-0.0048921063497339625, 0.010642103417235144, 0.009546938030534321], [-0.003148494164864544, 0.009546938030534323, 0.00986384403754362]], "chi2_level": 0.95, "chi2_df": 3, "chi2_threshold": 7.814727903251179, "N_raw": 47, "N_roi": 47, "N_inlier": 45, "refit": true}
{"timestamp": "20:17:01.438458", "frame": 96, "mu": [1.6723960583280224, 3.1560823589770255, 1.4342171980090401], "Sigma": [[0.007933258002639634, -0.004629065850669616, -0.0030596107873242604], [-0.004629065850669616, 0.007613012156525749, 0.004119793401345863], [-0.0030596107873242604, 0.004119793401345863, 0.003921792722966726]], "chi2_level": 0.95, "chi2_df": 3, "chi2_threshold": 7.814727903251179, "N_raw": 29, "N_roi": 29, "N_inlier": 26, "refit": true}
{"timestamp": "20:17:01.493168", "frame": 97, "mu": [1.720283666140202, 3.207624816824173, 1.3748589676135055], "Sigma": [[0.014452977869648758, -0.008298174435122102, -0.012483417848796868], [-0.008298174435122102, 0.005488271095731785, 0.005686534465030457], [-0.012483417848796866, 0.005686534465030457, 0.02343813813275085]], "chi2_level": 0.95, "chi2_df": 3, "chi2_threshold": 7.814727903251179, "N_raw": 27, "N_roi": 27, "N_inlier": 24, "refit": true}
{"timestamp": "20:17:01.600109", "frame": 99, "mu": [1.7690805513316403, 3.232659604592863, 1.434124314382521], "Sigma": [[0.0060999152336213254, -0.0032696227679249144, -0.003929711720126485], [-0.003269622767924915, 0.0022161552416825638, 0.0012066589893571173], [-0.003929711720126484, 0.001206658989357117, 0.0074873748579550765]], "chi2_level": 0.95, "chi2_df": 3, "chi2_threshold": 7.814727903251179, "N_raw": 11, "N_roi": 11, "N_inlier": 10, "refit": true}
{"timestamp": "20:17:01.772619", "frame": 101, "mu": [1.82161183717938, 3.2514359770879677, 1.3709153553102145], "Sigma": [[0.004004400009833413, -0.002333204684469398, -0.0017870882299136056], [-0.002333204684469398, 0.0036820384450460463, -0.0003104143472414829], [-0.0017870882299136056, -0.0003104143472414829, 0.0037152248199608237]], "chi2_level": 0.95, "chi2_df": 3, "chi2_threshold": 7.814727903251179, "N_raw": 11, "N_roi": 11, "N_inlier": 10, "refit": true}
{"timestamp": "20:17:02.150132", "frame": 109, "mu": [2.1829815858240176, 3.174344550375313, 1.4166108016225387], "Sigma": [[0.0030555734167829803, -0.002216147676770597, 0.0005949079355397504], [-0.002216147676770597, 0.004343388606008683, -0.0020766168809632523], [0.0005949079355397505, -0.0020766168809632523, 0.002879062717017912]], "chi2_level": 0.95, "chi2_df": 3, "chi2_threshold": 7.814727903251179, "N_raw": 14, "N_roi": 12, "N_inlier": 11, "refit": true}
