{"timestamp": "14:29:07.774722", "frame": 1, "mu": [1.8955385287811262, 0.676810590065012, 1.2196345830416087], "Sigma": [[0.0022458931655572733, -0.002621301028933411, -0.0025076639262268216], [-0.0026213010289334116, 0.006617245313251368, -0.001014025606124876], [-0.002507663926226821, -0.0010140256061248764, 0.00796334977663542]], "chi2_level": 0.997, "chi2_df": 3, "chi2_threshold": 13.931422665512084, "N_raw": 12, "N_roi": 12, "N_inlier": 12, "refit": true}
{"timestamp": "14:29:07.833607", "frame": 2, "mu": [1.884647113374407, 0.6847618114522244, 1.2317883838931118], "Sigma": [[0.007747435952686876, -0.007156732622290048, -0.003901459678926081], [-0.007156732622290048, 0.016461172755281334, -0.002760075477690167], [-0.003901459678926081, -0.0027600754776901664, 0.007411479618107687]], "chi2_level": 0.997, "chi2_df": 3, "chi2_threshold": 13.931422665512084, "N_raw": 44, "N_roi": 44, "N_inlier": 43, "refit": true}
{"timestamp": "14:29:07.997329", "frame": 5, "mu": [1.180846103456725, 0.5660952508241268, 1.1762969907673517], "Sigma": [[2.001639379414432, 0.10094122866357351, 0.009473088319530594], [0.10094122866357351, 0.016421275229322456, -0.0014715420082094613], [0.009473088319530592, -0.0014715420082094613, 0.003108451738919722]], "chi2_level": 0.997, "chi2_df": 3, "chi2_threshold": 13.931422665512084, "N_raw": 24, "N_roi": 24, "N_inlier": 23, "refit": true}
{"timestamp": "14:29:08.217555", "frame": 9, "mu": [1.2780900913053261, 0.5125540242251323, 1.2476640080120853], "Sigma": [[1.5263196984259364, 0.0665951620813309, -0.021831829948904976], [0.0665951620813309, 0.006563330812590863, -0.0018774330005953829], [-0.021831829948904976, -0.0018774330005953829, 0.001449234418834567]], "chi2_level": 0.997, "chi2_df": 3, "chi2_threshold": 13.931422665512084, "N_raw": 16, "N_roi": 16, "N_inlier": 15, "refit": true}
{"timestamp": "14:29:08.325588", "frame": 11, "mu": [1.689648477952734, 0.5146518417788393, 1.2883523490628515], "Sigma": [[0.0015576119191431624, 0.00039686128564321663, -0.0027551665480427404], [0.0003968612856432164, 0.008140235870011456, -0.004685995088794641], [-0.0027551665480427404, -0.004685995088794642, 0.00842367036886875]], "chi2_level": 0.997, "chi2_df": 3, "chi2_threshold": 13.931422665512084, "N_raw": 10, "N_roi": 10, "N_inlier": 10, "refit": true}
{"timestamp": "14:29:08.383280", "frame": 12, "mu": [1.1115111891930076, 0.48559339608653007, 1.1869804775572332], "Sigma": [[1.5393527377922724, 0.07426845821458639, -0.035801070253640835], [0.07426845821458639, 0.011666293374340327, -0.008604161568232576], [-0.035801070253640835, -0.008604161568232578, 0.012820381328983558]], "chi2_level": 0.997, "chi2_df": 3, "chi2_threshold": 13.931422665512084, "N_raw": 26, "N_roi": 26, "N_inlier": 26, "refit": true}
{"timestamp": "14:29:08.438551", "frame": 13, "mu": [1.6029961923525846, 0.5123683109301763, 1.3205792935829228], "Sigma": [[0.0038160179322167514, -0.0036285162265534093, -0.003286468629939327], [-0.0036285162265534093, 0.006676024843107356, 0.0003469507323576107], [-0.003286468629939327, 0.0003469507323576109, 0.005980541019435157]], "chi2_level": 0.997, "chi2_df": 3, "chi2_threshold": 13.931422665512084, "N_raw": 23, "N_roi": 23, "N_inlier": 21, "refit": true}
{"timestamp": "14:29:08.657771", "frame": 17, "mu": [1.357938127069442, 0.4643670111728018, 1.2226055809373857], "Sigma": [[0.0027323980283045822, -0.0027822118625350535, -0.002007488954085501], [-0.0027822118625350535, 0.005082822150241596, 0.00010402425417383484], [-0.002007488954085501, 0.00010402425417383484, 0.004654666122662504]], "chi2_level": 0.997, "chi2_df": 3, "chi2_threshold": 13.931422665512084, "N_raw": 23, "N_roi": 23, "N_inlier": 21, "refit": true}
{"timestamp": "14:29:08.715309", "frame": 18, "mu": [1.2641245378753152, 0.6319624151811376, 1.35426555900679], "Sigma": [[0.004352979164860229, -0.0009646754158839719, -0.0025216760062209223], [-0.0009646754158839719, 0.00308716518482914, -0.002212219383768596], [-0.002521676006220922, -0.002212219383768596, 0.008616601773255843]], "chi2_level": 0.997, "chi2_df": 3, "chi2_threshold": 13.931422665512084, "N_raw": 34, "N_roi": 34, "N_inlier": 32, "refit": true}
{"timestamp": "14:29:08.769955", "frame": 19, "mu": [1.2236866379995321, 0.4881532871731894, 1.2192265367049895], "Sigma": [[0.004640748667208636, -0.002267973306256826, -0.0025555344726696026], [-0.0022679733062568254, 0.008162828549749158, -0.0022627307483608894], [-0.0025555344726696026, -0.002262730748360889, 0.0043938757689337814]], "chi2_level": 0.997, "chi2_df": 3, "chi2_threshold": 13.931422665512084, "N_raw": 39, "N_roi": 39, "N_inlier": 38, "refit": true}
{"timestamp": "14:29:08.824744", "frame": 20, "mu": [1.1354620873542174, 0.6334744228590299, 1.3630329072762095], "Sigma": [[0.0029008263094740068, -0.0026894975906260783, -0.002867158460561876], [-0.0026894975906260783, 0.003176145820274529, 0.0017663323848769487], [-0.0028671584605618763, 0.0017663323848769487, 0.008800229971735591]], "chi2_level": 0.997, "chi2_df": 3, "chi2_threshold": 13.931422665512084, "N_raw": 29, "N_roi": 28, "N_inlier": 25, "refit": true}
{"timestamp": "14:29:08.877913", "frame": 21, "mu": [1.0523649086735762, 0.6518670725876068, 1.0648676675538793], "Sigma": [[0.0028284411593378148, -0.001976949311939217, -0.0075431873184876545], [-0.001976949311939217, 0.005885255912633953, 0.003362030716599576], [-0.0075431873184876545, 0.003362030716599576, 0.055840322285850716]], "chi2_level": 0.997, "chi2_df": 3, "chi2_threshold": 13.931422665512084, "N_raw": 12, "N_roi": 12, "N_inlier": 12, "refit": true}
{"timestamp": "14:29:08.934867", "frame": 22, "mu": [0.956318338892964, 0.677178916699526, 1.3255773563165911], "Sigma": [[0.0070844757179611825, -0.005515309007864833, -0.011794749726059043], [-0.005515309007864833, 0.006593109574240107, 0.00916339371562324], [-0.011794749726059043, 0.00916339371562324, 0.042677252987873414]], "chi2_level": 0.997, "chi2_df": 3, "chi2_threshold": 13.931422665512084, "N_raw": 36, "N_roi": 36, "N_inlier": 33, "refit": true}
{"timestamp": "14:29:08.987816", "frame": 23, "mu": [0.9153525592723684, 0.6165317050848942, 1.2899886341000282], "Sigma": [[0.003958212004329457, -0.0017502411839629675, -0.004605860514896967], [-0.0017502411839629677, 0.003710103291705774, -0.00022765561311967992], [-0.004605860514896967, -0.00022765561311967992, 0.010292902385251651]], "chi2_level": 0.997, "chi2_df": 3, "chi2_threshold": 13.931422665512084, "N_raw": 22, "N_roi": 22, "N_inlier": 20, "refit": true}
{"timestamp": "14:29:09.047402", "frame": 24, "mu": [0.7687121399239938, 0.6960546033556768, 1.3905683290868474], "Sigma": [[0.004391281013421293, -0.0010831096444279072, -0.007155266063576515], [-0.0010831096444279072, 0.0035458221396205028, -0.0005291482635019196], [-0.007155266063576515, -0.0005291482635019196, 0.016563581577389373]], "chi2_level": 0.997, "chi2_df": 3, "chi2_threshold": 13.931422665512084, "N_raw": 51, "N_roi": 51, "N_inlier": 50, "refit": true}
{"timestamp": "14:29:09.116117", "frame": 25, "mu": [0.6911192007468773, 0.8186927126554125, -0.40821166945788834], "Sigma": [[0.005111480425652148, -0.0007057039161438636, -0.0020190490351472716], [-0.0007057039161438636, 0.010870291185405093, -0.015556562068652798], [-0.0020190490351472716, -0.015556562068652798, 0.035048148959969314]], "chi2_level": 0.997, "chi2_df": 3, "chi2_threshold": 13.931422665512084, "N_raw": 64, "N_roi": 64, "N_inlier": 60, "refit": true}
{"timestamp": "14:29:09.158098", "frame": 26, "mu": [0.6779314005238608, 0.6347109881759052, 1.301770436272184], "Sigma": [[0.005595044394278847, -0.0005182124598301818, 0.008261822720486003], [-0.000518212459830182, 0.0015777725644547257, 0.0011826239555214639], [0.008261822720486003, 0.0011826239555214639, 0.12924700630294558]], "chi2_level": 0.997, "chi2_df": 3, "chi2_threshold": 13.931422665512084, "N_raw": 51, "N_roi": 51, "N_inlier": 48, "refit": true}
{"timestamp": "14:29:09.209678", "frame": 27, "mu": [0.5761058738474095, 0.6812003079151345, 1.4134460909264026], "Sigma": [[0.002662333725287416, -0.00011006352812172312, -0.0029486057663230085], [-0.00011006352812172304, 0.000798476327787225, -0.0011554038596204568], [-0.0029486057663230085, -0.0011554038596204566, 0.008029633417746034]], "chi2_level": 0.997, "chi2_df": 3, "chi2_threshold": 13.931422665512084, "N_raw": 29, "N_roi": 29, "N_inlier": 27, "refit": true}
{"timestamp": "14:29:09.267173", "frame": 28, "mu": [0.5466464494452203, 0.7668251485679226, -0.44435217619499506], "Sigma": [[0.003261873721932016, -5.034556744874447e-05, -0.0017564024654290514], [-5.0345567448744446e-05, 0.0022770595781982203, -0.0029011644553601657], [-0.0017564024654290516, -0.002901164455360166, 0.005441474652168549]], "chi2_level": 0.997, "chi2_df": 3, "chi2_threshold": 13.931422665512084, "N_raw": 53, "N_roi": 53, "N_inlier": 50, "refit": true}
{"timestamp": "14:29:09.325317", "frame": 29, "mu": [0.43714636015398756, 0.8256255803034473, -0.36754705130425935], "Sigma": [[0.0026024870853220286, 0.00013992110290158872, -0.0003606131346159113], [0.0001399211029015887, 0.0036322859009017125, -0.004114380636663101], [-0.00036061313461591127, -0.004114380636663101, 0.008927380586561612]], "chi2_level": 0.997, "chi2_df": 3, "chi2_threshold": 13.931422665512084, "N_raw": 67, "N_roi": 65, "N_inlier": 62, "refit": true}
{"timestamp": "14:29:09.380090", "frame": 30, "mu": [0.3577125099636919, 0.6975391403709167, 1.4714232455125797], "Sigma": [[0.0032711308307859155, -1.0992044910883673e-05, 0.00018251665665821226], [-1.09920449108837e-05, 0.002476007218133557, -0.0017409001396283107], [0.00018251665665821226, -0.0017409001396283107, 0.009240125340993164]], "chi2_level": 0.997, "chi2_df": 3, "chi2_threshold": 13.931422665512084, "N_raw": 71, "N_roi": 71, "N_inlier": 67, "refit": true}
{"timestamp": "14:29:09.434902", "frame": 31, "mu": [0.25788594658297886, 0.708871325028675, 1.3858205980511273], "Sigma": [[0.0027134266769037073, -0.000978236486333319, -0.005920409318098468], [-0.000978236486333319, 0.0024783716674545457, 0.0012867699122739557], [-0.005920409318098468, 0.0012867699122739553, 0.11563717659875081]], "chi2_level": 0.997, "chi2_df": 3, "chi2_threshold": 13.931422665512084, "N_raw": 66, "N_roi": 66, "N_inlier": 63, "refit": true}
{"timestamp": "14:29:09.488544", "frame": 32, "mu": [0.2002230088534758, 0.6713766445023136, 1.4331597153046947], "Sigma": [[0.0025105007922908255, -0.00041143491095294667, -0.001361971996938522], [-0.0004114349109529467, 0.0013498548251064328, -0.0016365755592252075], [-0.0013619719969385218, -0.0016365755592252073, 0.004065990587617445]], "chi2_level": 0.997, "chi2_df": 3, "chi2_threshold": 13.931422665512084, "N_raw": 56, "N_roi": 56, "N_inlier": 52, "refit": true}
{"timestamp": "14:29:09.543872", "frame": 33, "mu": [0.11273600346456632, 0.7162841675023198, 1.4704534943848488], "Sigma": [[0.002282770054563699, -0.0005460692623642815, 0.0010288432023676341], [-0.0005460692623642816, 0.0017748544350480887, -0.002173159795784984], [0.0010288432023676344, -0.002173159795784984, 0.006695769527058282]], "chi2_level": 0.997, "chi2_df": 3, "chi2_threshold": 13.931422665512084, "N_raw": 59, "N_roi": 58, "N_inlier": 55, "refit": true}
{"timestamp": "14:29:09.598571", "frame": 34, "mu": [0.0013582026400299544, 0.6605112405179132, 1.2228433870739648], "Sigma": [[0.0015487451482284968, 0.0002099551134877713, 0.004364953481884447], [0.00020995511348777132, 0.0012324428825048097, 0.004649296060642006], [0.004364953481884447, 0.004649296060642004, 0.11007598001249025]], "chi2_level": 0.997, "chi2_df": 3, "chi2_threshold": 13.931422665512084, "N_raw": 57, "N_roi": 57, "N_inlier": 55, "refit": true}
{"timestamp": "14:29:09.655230", "frame": 35, "mu": [-0.07436041968724208, 0.7063097928899016, 1.2358384927155304], "Sigma": [[0.0024575497967996994, -0.0003538928732495645, 0.004938207664592094], [-0.0003538928732495645, 0.0016195795280288668, 0.006412514182980956], [0.004938207664592094, 0.006412514182980956, 0.0797973707498783]], "chi2_level": 0.997, "chi2_df": 3, "chi2_threshold": 13.931422665512084, "N_raw": 67, "N_roi": 67, "N_inlier": 64, "refit": true}
{"timestamp": "14:29:09.708807", "frame": 36, "mu": [-0.12287429443155455, 0.6917402707181136, 1.410839869884114], "Sigma": [[0.0017049630916698962, -0.0009246070919470073, -0.002687537071725566], [-0.0009246070919470073, 0.0012592830767312962, 0.0011605754880676432], [-0.0026875370717255654, 0.0011605754880676432, 0.01135913527537862]], "chi2_level": 0.997, "chi2_df": 3, "chi2_threshold": 13.931422665512084, "N_raw": 57, "N_roi": 57, "N_inlier": 53, "refit": true}
{"timestamp": "14:29:09.766852", "frame": 37, "mu": [-0.1945542590531295, 0.6718480620178563, 1.4279757657939145], "Sigma": [[0.0029482629614280623, -0.0012265536362917684, -0.003080869475983989], [-0.0012265536362917684, 0.001079834825963436, 0.0002482664285025234], [-0.003080869475983989, 0.0002482664285025234, 0.010093586705645098]], "chi2_level": 0.997, "chi2_df": 3, "chi2_threshold": 13.931422665512084, "N_raw": 77, "N_roi": 77, "N_inlier": 74, "refit": true}
{"timestamp": "14:29:09.817867", "frame": 38, "mu": [-0.2693453342928869, 0.7007381779147471, 1.4876543029828442], "Sigma": [[0.001651986041351213, -0.00041777494698747226, -0.0011814928601772317], [-0.00041777494698747226, 0.0016395452590944285, -0.001839551394366109], [-0.0011814928601772317, -0.001839551394366109, 0.004748156744315316]], "chi2_level": 0.997, "chi2_df": 3, "chi2_threshold": 13.931422665512084, "N_raw": 51, "N_roi": 49, "N_inlier": 46, "refit": true}
{"timestamp": "14:29:09.876987", "frame": 39, "mu": [-0.35788432999413866, 0.6481415853174125, 1.44356685572579], "Sigma": [[0.002568831334838449, -0.002364738035857888, -0.003052477946309041], [-0.002364738035857888, 0.0044470722344666985, 0.0051469567941555515], [-0.003052477946309041, 0.0051469567941555515, 0.017025040248689043]], "chi2_level": 0.997, "chi2_df": 3, "chi2_threshold": 13.931422665512084, "N_raw": 74, "N_roi": 71, "N_inlier": 68, "refit": true}
{"timestamp": "14:29:09.934829", "frame": 40, "mu": [-0.406049818636103, 0.6569925982862408, 1.370590640353767], "Sigma": [[0.004100692336342735, -0.0006689101736212604, -0.007710202764465308], [-0.0006689101736212606, 0.0008735678448025152, -2.3161766010458383e-05], [-0.007710202764465309, -2.316176601045849e-05, 0.02959651693593675]], "chi2_level": 0.997, "chi2_df": 3, "chi2_threshold": 13.931422665512084, "N_raw": 96, "N_roi": 93, "N_inlier": 89, "refit": true}
{"timestamp": "14:29:09.990547", "frame": 41, "mu": [-0.5068960515152126, 0.6555183667861522, 1.3823448110101013], "Sigma": [[0.004482360414756183, -0.00016859189726742814, -0.004694350256534195], [-0.0001685918972674282, 0.0022593795869770396, -0.004005447536586263], [-0.004694350256534195, -0.004005447536586263, 0.023942430199934445]], "chi2_level": 0.997, "chi2_df": 3, "chi2_threshold": 13.931422665512084, "N_raw": 99, "N_roi": 99, "N_inlier": 91, "refit": true}
{"timestamp": "14:29:10.036972", "frame": 42, "mu": [-0.6892182229169738, 0.5493081496533144, 1.4746640020087896], "Sigma": [[0.02995317131220472, 0.0012237968927470335, -0.04461401731130944], [0.0012237968927470337, 0.0014238199550040836, -0.0020298434518765526], [-0.04461401731130944, -0.0020298434518765526, 0.0749793280486746]], "chi2_level": 0.997, "chi2_df": 3, "chi2_threshold": 13.931422665512084, "N_raw": 47, "N_roi": 47, "N_inlier": 44, "refit": true}
{"timestamp": "14:29:10.107150", "frame": 43, "mu": [-0.791546516720903, 0.634547012768121, 1.5718506066431868], "Sigma": [[0.016382796280031812, 0.006393436591439933, -0.012413527743165807], [0.006393436591439933, 0.0063073323517422375, -0.009341130317431414], [-0.012413527743165807, -0.009341130317431414, 0.020089398274116953]], "chi2_level": 0.997, "chi2_df": 3, "chi2_threshold": 13.931422665512084, "N_raw": 148, "N_roi": 145, "N_inlier": 143, "refit": true}
{"timestamp": "14:29:10.154990", "frame": 44, "mu": [-0.9190188696073313, 0.6465475132745779, -0.2677432245783129], "Sigma": [[0.013272264906168112, 0.008330043302856712, -0.00883427506102937], [0.008330043302856712, 0.015958944854559422, -0.01923463678731568], [-0.00883427506102937, -0.01923463678731568, 0.03002270265069827]], "chi2_level": 0.997, "chi2_df": 3, "chi2_threshold": 13.931422665512084, "N_raw": 100, "N_roi": 100, "N_inlier": 100, "refit": true}
{"timestamp": "14:29:10.205955", "frame": 45, "mu": [-0.9696134215923694, 0.5200007928101319, 1.493822311079438], "Sigma": [[0.007188243263805654, 0.001010548761103435, 0.0005180262857442757], [0.0010105487611034348, 0.004091329842644852, -0.0041869666779771894], [0.0005180262857442757, -0.0041869666779771894, 0.006800186688131771]], "chi2_level": 0.997, "chi2_df": 3, "chi2_threshold": 13.931422665512084, "N_raw": 72, "N_roi": 72, "N_inlier": 70, "refit": true}
{"timestamp": "14:29:10.261790", "frame": 46, "mu": [-1.054524841793564, 0.5870348433996111, -0.4355172658979513], "Sigma": [[0.009179306299254142, 0.004412202707209228, 0.003573534277726325], [0.004412202707209228, 0.009254438477484004, -0.0032901542257245025], [0.0035735342777263247, -0.0032901542257245025, 0.013273021196447458]], "chi2_level": 0.997, "chi2_df": 3, "chi2_threshold": 13.931422665512084, "N_raw": 79, "N_roi": 79, "N_inlier": 74, "refit": true}
{"timestamp": "14:29:10.318960", "frame": 47, "mu": [-1.0904730232156559, 0.4395698983534915, 1.381121563501434], "Sigma": [[0.012059613145501752, 0.0030031302324139593, -0.003590154073647148], [0.0030031302324139597, 0.006333035488959853, -0.00396151429731997], [-0.003590154073647148, -0.00396151429731997, 0.014004958906394693]], "chi2_level": 0.997, "chi2_df": 3, "chi2_threshold": 13.931422665512084, "N_raw": 91, "N_roi": 91, "N_inlier": 85, "refit": true}
{"timestamp": "14:29:10.369990", "frame": 48, "mu": [-1.1578218737891641, 0.5187665532329612, 1.4539317275242039], "Sigma": [[0.007774885117513437, 0.0017653743285395442, -0.0012529947694494992], [0.0017653743285395442, 0.007892614126388984, -0.004957980802394392], [-0.0012529947694494995, -0.004957980802394392, 0.004498458840823804]], "chi2_level": 0.997, "chi2_df": 3, "chi2_threshold": 13.931422665512084, "N_raw": 70, "N_roi": 70, "N_inlier": 65, "refit": true}
{"timestamp": "14:29:10.426015", "frame": 49, "mu": [-1.231870387311299, 0.562121912232564, 1.4279400063977368], "Sigma": [[0.004846170917194646, -0.00011070243249744092, -0.0007683873226615359], [-0.00011070243249744092, 0.013027274471928833, -0.004734892065442114], [-0.0007683873226615357, -0.004734892065442114, 0.024022604815172113]], "chi2_level": 0.997, "chi2_df": 3, "chi2_threshold": 13.931422665512084, "N_raw": 76, "N_roi": 76, "N_inlier": 72, "refit": true}
{"timestamp": "14:29:10.480849", "frame": 50, "mu": [-1.2844894762705628, 0.6898821213062623, -0.4278152844788492], "Sigma": [[0.0068516371556565535, 0.002037281796924046, -0.0011336741693568902], [0.002037281796924046, 0.014082328751353691, -0.00763213457925054], [-0.0011336741693568902, -0.00763213457925054, 0.0060808714536634235]], "chi2_level": 0.997, "chi2_df": 3, "chi2_threshold": 13.931422665512084, "N_raw": 67, "N_roi": 67, "N_inlier": 65, "refit": true}
{"timestamp": "14:29:10.534360", "frame": 51, "mu": [-1.366076356375976, 0.7354563033093807, -0.43752015103960956], "Sigma": [[0.0068282317701244275, 0.002101591278423678, 0.0019085215449523478], [0.0021015912784236777, 0.011255660998848515, -0.005012902069576314], [0.0019085215449523476, -0.005012902069576313, 0.019436803971628138]], "chi2_level": 0.997, "chi2_df": 3, "chi2_threshold": 13.931422665512084, "N_raw": 68, "N_roi": 68, "N_inlier": 67, "refit": true}
{"timestamp": "14:29:10.591472", "frame": 52, "mu": [-1.3893250506776178, 0.5947623939333759, 1.2487535880206602], "Sigma": [[0.010448534574776095, 0.0038409049447011828, -0.018341257239010894], [0.0038409049447011828, 0.010997465243130852, -0.0110979369820501], [-0.018341257239010894, -0.0110979369820501, 0.10621856315144176]], "chi2_level": 0.997, "chi2_df": 3, "chi2_threshold": 13.931422665512084, "N_raw": 83, "N_roi": 83, "N_inlier": 82, "refit": true}
{"timestamp": "14:29:10.646238", "frame": 53, "mu": [-1.4837901621554395, 0.572565765638473, 1.3101693481737593], "Sigma": [[0.00889085518654305, 0.006014766060650845, 0.004013897794310894], [0.006014766060650844, 0.016076944836450405, 0.004484695799928579], [0.004013897794310894, 0.004484695799928579, 0.02734365696496739]], "chi2_level": 0.997, "chi2_df": 3, "chi2_threshold": 13.931422665512084, "N_raw": 77, "N_roi": 77, "N_inlier": 72, "refit": true}
{"timestamp": "14:29:10.701203", "frame": 54, "mu": [-1.5608203768141253, 0.6234656339564123, -0.7503781286519806], "Sigma": [[0.008967768231694076, 0.009026607562378126, 0.0012953760627097777], [0.009026607562378127, 0.02247325055598072, -0.005922635102176864], [0.0012953760627097773, -0.005922635102176865, 0.032816770578703164]], "chi2_level": 0.997, "chi2_df": 3, "chi2_threshold": 13.931422665512084, "N_raw": 81, "N_roi": 81, "N_inlier": 75, "refit": true}
{"timestamp": "14:29:10.753950", "frame": 55, "mu": [-1.2223912267743406, 0.6399272072988972, 1.199498045214799], "Sigma": [[1.129923066243468, -0.06061313777588284, -0.05067437648575449], [-0.06061313777588285, 0.02644925545541099, 0.019435300894141364], [-0.0506743764857545, 0.019435300894141364, 0.039022553924420667]], "chi2_level": 0.997, "chi2_df": 3, "chi2_threshold": 13.931422665512084, "N_raw": 65, "N_roi": 65, "N_inlier": 63, "refit": true}
{"timestamp": "14:29:10.815400", "frame": 56, "mu": [-1.6694045849512191, 0.703800250625557, -0.8369737421747522], "Sigma": [[0.015398614934888578, 0.005420331123924534, 0.02070791215088366], [0.005420331123924534, 0.029876883826215284, -0.0048110610333145076], [0.02070791215088366, -0.0048110610333145076, 0.06547787781103348]], "chi2_level": 0.997, "chi2_df": 3, "chi2_threshold": 13.931422665512084, "N_raw": 110, "N_roi": 110, "N_inlier": 106, "refit": true}
{"timestamp": "14:29:10.869675", "frame": 57, "mu": [-1.6921965917184933, 0.8285078942532658, -0.5811903499957624], "Sigma": [[0.01884000888572512, 0.0077050635613531895, 0.018197529894968763], [0.007705063561353189, 0.011744449219915723, -0.0011561451721578185], [0.018197529894968763, -0.001156145172157818, 0.05023799832017868]], "chi2_level": 0.997, "chi2_df": 3, "chi2_threshold": 13.931422665512084, "N_raw": 96, "N_roi": 96, "N_inlier": 91, "refit": true}
{"timestamp": "14:29:10.924354", "frame": 58, "mu": [-1.7829106953472917, 0.7000160515780641, 1.1655988381933522], "Sigma": [[0.04137205494512085, 0.021527968503843496, 0.05463548326899549], [0.021527968503843496, 0.01899439965404551, 0.02241232991282462], [0.05463548326899549, 0.022412329912824616, 0.10806098796583233]], "chi2_level": 0.997, "chi2_df": 3, "chi2_threshold": 13.931422665512084, "N_raw": 99, "N_roi": 99, "N_inlier": 94, "refit": true}
{"timestamp": "14:29:10.973121", "frame": 59, "mu": [-1.7460437519852012, 0.7468444912183598, 1.3302780138222274], "Sigma": [[0.010380245359839958, 0.006896866372780527, 0.0009969915951048565], [0.006896866372780527, 0.009846086234149471, -0.004766577863697758], [0.0009969915951048567, -0.004766577863697758, 0.012945327359538497]], "chi2_level": 0.997, "chi2_df": 3, "chi2_threshold": 13.931422665512084, "N_raw": 59, "N_roi": 59, "N_inlier": 57, "refit": true}
{"timestamp": "14:29:11.025612", "frame": 60, "mu": [-1.773966498359182, 0.9795621911027231, -0.5935650675755533], "Sigma": [[0.008059953002234133, 0.010568095757091524, 0.009682298070283611], [0.010568095757091524, 0.02129568851687043, 0.0100665548495684], [0.009682298070283611, 0.0100665548495684, 0.02598574523694229]], "chi2_level": 0.997, "chi2_df": 3, "chi2_threshold": 13.931422665512084, "N_raw": 43, "N_roi": 43, "N_inlier": 43, "refit": true}
{"timestamp": "14:29:11.083343", "frame": 61, "mu": [-1.851645597848687, 0.8681951766199552, 1.3202073324471648], "Sigma": [[0.010161258031243445, 0.007904914897873653, -1.5117226142101069e-05], [0.007904914897873653, 0.010076279154490558, -0.006439951338447063], [-1.5117226142101123e-05, -0.006439951338447063, 0.01660145927700498]], "chi2_level": 0.997, "chi2_df": 3, "chi2_threshold": 13.931422665512084, "N_raw": 59, "N_roi": 59, "N_inlier": 57, "refit": true}
{"timestamp": "14:29:11.138753", "frame": 62, "mu": [-1.9178782879002014, 1.0628355027298957, -0.701808967453165], "Sigma": [[0.008517844247939927, 0.013806542251902535, 0.0050061284242104475], [0.013806542251902535, 0.03590312448207349, 0.004413556282567302], [0.0050061284242104475, 0.004413556282567303, 0.05565085317125508]], "chi2_level": 0.997, "chi2_df": 3, "chi2_threshold": 13.931422665512084, "N_raw": 64, "N_roi": 64, "N_inlier": 64, "refit": true}
{"timestamp": "14:29:11.198203", "frame": 63, "mu": [-1.9435561076975094, 1.0426308184004078, -0.6442207726779462], "Sigma": [[0.013248140820377705, 0.00857941464400493, 0.009428870847732283], [0.00857941464400493, 0.0360153655912165, -0.004907706964275913], [0.009428870847732283, -0.004907706964275913, 0.025633460523296715]], "chi2_level": 0.997, "chi2_df": 3, "chi2_threshold": 13.931422665512084, "N_raw": 89, "N_roi": 89, "N_inlier": 89, "refit": true}
{"timestamp": "14:29:11.250231", "frame": 64, "mu": [-1.981077955219098, 1.0237927131400837, 1.3129794051431374], "Sigma": [[0.01217699775350778, 0.005579328840211333, -0.008976928687440534], [0.005579328840211333, 0.010177354242398065, -0.007637125350357196], [-0.008976928687440534, -0.007637125350357197, 0.07878300116326344]], "chi2_level": 0.997, "chi2_df": 3, "chi2_threshold": 13.931422665512084, "N_raw": 77, "N_roi": 77, "N_inlier": 77, "refit": true}
{"timestamp": "14:29:11.304698", "frame": 65, "mu": [-2.0033713358460603, 1.1011835707066784, -0.6869557381251827], "Sigma": [[0.011050693716427498, 0.006327202748349265, 0.006069793158046991], [0.006327202748349265, 0.020746830295822874, -0.005667650247313895], [0.006069793158046991, -0.005667650247313895, 0.09038601128828277]], "chi2_level": 0.997, "chi2_df": 3, "chi2_threshold": 13.931422665512084, "N_raw": 69, "N_roi": 69, "N_inlier": 69, "refit": true}
{"timestamp": "14:29:11.358937", "frame": 66, "mu": [-2.059796753705731, 1.0779082981069779, 1.1918212729712783], "Sigma": [[0.012316611901751049, 0.005350955865936616, 0.007654615714023525], [0.005350955865936615, 0.011853675905039662, -0.015678871055820956], [0.007654615714023525, -0.015678871055820956, 0.07387959794271456]], "chi2_level": 0.997, "chi2_df": 3, "chi2_threshold": 13.931422665512084, "N_raw": 61, "N_roi": 61, "N_inlier": 61, "refit": true}
{"timestamp": "14:29:11.417816", "frame": 67, "mu": [-2.1206188969696163, 1.1249116750371915, -0.8541269969594972], "Sigma": [[0.022249595386829815, 0.020274320988206168, 0.032972084916840644], [0.020274320988206168, 0.03662965101300446, 0.03274345306105815], [0.03297208491684064, 0.03274345306105815, 0.15205688442880008]], "chi2_level": 0.997, "chi2_df": 3, "chi2_threshold": 13.931422665512084, "N_raw": 92, "N_roi": 91, "N_inlier": 90, "refit": true}
{"timestamp": "14:29:11.469954", "frame": 68, "mu": [-2.091309799718436, 1.2504307263581111, -0.7197752776461204], "Sigma": [[0.012893174525457934, -0.0003398032617741039, 0.0065670552542418745], [-0.00033980326177410365, 0.018960392750570224, -0.025387635560889635], [0.006567055254241875, -0.025387635560889635, 0.04914879149339172]], "chi2_level": 0.997, "chi2_df": 3, "chi2_threshold": 13.931422665512084, "N_raw": 65, "N_roi": 65, "N_inlier": 61, "refit": true}
{"timestamp": "14:29:11.521766", "frame": 69, "mu": [-2.145180193024251, 1.211202318321511, 1.3211139793087985], "Sigma": [[0.010464756951305835, 0.010889066229550017, -0.0013380037650255244], [0.010889066229550017, 0.013646891298173881, -0.00366926348797323], [-0.0013380037650255231, -0.003669263487973229, 0.033710683423830344]], "chi2_level": 0.997, "chi2_df": 3, "chi2_threshold": 13.931422665512084, "N_raw": 46, "N_roi": 46, "N_inlier": 46, "refit": true}
{"timestamp": "14:29:11.582691", "frame": 70, "mu": [-2.1399949656672916, 1.4747955377972257, -0.16645506412212546], "Sigma": [[0.017282011562364377, 0.011351862699124993, -0.005869354701606196], [0.011351862699124993, 0.024191672031038572, -0.016761471538083543], [-0.005869354701606194, -0.01676147153808354, 0.05299229345034254]], "chi2_level": 0.997, "chi2_df": 3, "chi2_threshold": 13.931422665512084, "N_raw": 90, "N_roi": 90, "N_inlier": 85, "refit": true}
{"timestamp": "14:29:11.643816", "frame": 71, "mu": [-2.169640214590548, 1.5849198187169784, -0.33985009789693543], "Sigma": [[0.02613613742372213, 0.015751056014243946, 0.020955093634634738], [0.015751056014243946, 0.023555691493520704, -0.011971665747207271], [0.02095509363463474, -0.011971665747207271, 0.09322749530471929]], "chi2_level": 0.997, "chi2_df": 3, "chi2_threshold": 13.931422665512084, "N_raw": 123, "N_roi": 121, "N_inlier": 121, "refit": true}
{"timestamp": "14:29:11.692272", "frame": 72, "mu": [-2.1956262213178896, 1.5665897900478276, -0.3390812748386373], "Sigma": [[0.023445018890897652, 0.013227697564076397, 0.03857344028465659], [0.013227697564076397, 0.023831996254584285, 0.004763102397545315], [0.03857344028465659, 0.004763102397545315, 0.13652726578783597]], "chi2_level": 0.997, "chi2_df": 3, "chi2_threshold": 13.931422665512084, "N_raw": 77, "N_roi": 71, "N_inlier": 70, "refit": true}
{"timestamp": "14:29:11.750039", "frame": 73, "mu": [-2.1934379198273373, 1.5762477953405043, 1.2425140824844367], "Sigma": [[0.02549823828610555, 0.020706896586008074, 0.02022918357503136], [0.020706896586008074, 0.023640609839324398, 0.02374478258887989], [0.02022918357503136, 0.023744782588879895, 0.17800584141726128]], "chi2_level": 0.997, "chi2_df": 3, "chi2_threshold": 13.931422665512084, "N_raw": 105, "N_roi": 97, "N_inlier": 97, "refit": true}
{"timestamp": "14:29:11.801402", "frame": 74, "mu": [-2.166509724188948, 1.8089204756812667, -0.11068410865540802], "Sigma": [[0.021950276218808414, 0.019912390923106427, -0.010972241954979913], [0.019912390923106427, 0.029091154608880287, -0.01968104413376232], [-0.010972241954979915, -0.01968104413376232, 0.01816989879855252]], "chi2_level": 0.997, "chi2_df": 3, "chi2_threshold": 13.931422665512084, "N_raw": 77, "N_roi": 77, "N_inlier": 77, "refit": true}
{"timestamp": "14:29:11.855987", "frame": 75, "mu": [-2.2338068090331658, 1.8372743164284497, -0.02022790429738015], "Sigma": [[0.018394336292106572, 0.020259515371014544, -0.01572072535980599], [0.020259515371014544, 0.03524638918651132, -0.031116780039086245], [-0.01572072535980599, -0.031116780039086248, 0.035898964176837946]], "chi2_level": 0.997, "chi2_df": 3, "chi2_threshold": 13.931422665512084, "N_raw": 73, "N_roi": 70, "N_inlier": 68, "refit": true}
{"timestamp": "14:29:11.910195", "frame": 76, "mu": [-2.2517233315056977, 1.8849418947227006, 0.10342913611006331], "Sigma": [[0.018386040185422624, 0.021353944765418187, -0.015032028717960885], [0.021353944765418183, 0.0401157623547954, -0.03411223693701324], [-0.015032028717960885, -0.03411223693701325, 0.035198469528151075]], "chi2_level": 0.997, "chi2_df": 3, "chi2_threshold": 13.931422665512084, "N_raw": 72, "N_roi": 70, "N_inlier": 68, "refit": true}
{"timestamp": "14:29:11.968178", "frame": 77, "mu": [-2.2694327712712123, 1.8885252622155906, 0.2910273795902369], "Sigma": [[0.017210434146207636, 0.017593846569400457, 0.06816850812233154], [0.017593846569400457, 0.03316571182775569, 0.08258418416888857], [0.06816850812233155, 0.08258418416888857, 0.4847142110069887]], "chi2_level": 0.997, "chi2_df": 3, "chi2_threshold": 13.931422665512084, "N_raw": 89, "N_roi": 74, "N_inlier": 74, "refit": true}
{"timestamp": "14:29:12.019746", "frame": 78, "mu": [-2.2781062400160743, 2.012206974154187, 0.18425453063065414], "Sigma": [[0.015901009489898386, 0.018075074276902622, -0.011015317364626262], [0.018075074276902622, 0.03460577748209444, -0.03373715772318187], [-0.011015317364626262, -0.03373715772318187, 0.06994590496001321]], "chi2_level": 0.997, "chi2_df": 3, "chi2_threshold": 13.931422665512084, "N_raw": 67, "N_roi": 57, "N_inlier": 56, "refit": true}
{"timestamp": "14:29:12.072382", "frame": 79, "mu": [-2.365936101887647, 2.069253059103099, 0.0934974704148534], "Sigma": [[0.009377164560051054, 0.007307951133581653, -0.007323667222822673], [0.007307951133581653, 0.014778464063896761, -0.018067987058643112], [-0.0073236672228226725, -0.018067987058643112, 0.028238788561572022]], "chi2_level": 0.997, "chi2_df": 3, "chi2_threshold": 13.931422665512084, "N_raw": 48, "N_roi": 25, "N_inlier": 24, "refit": true}
{"timestamp": "14:29:12.133858", "frame": 80, "mu": [-2.3094365238635284, 2.1543088587637116, -0.03478601608291673], "Sigma": [[0.012990977446520181, 0.011752945962008949, 0.00802234276363868], [0.011752945962008949, 0.02954827457249549, 0.005412717337098417], [0.008022342763638678, 0.005412717337098416, 0.05807192915468387]], "chi2_level": 0.997, "chi2_df": 3, "chi2_threshold": 13.931422665512084, "N_raw": 98, "N_roi": 63, "N_inlier": 63, "refit": true}
{"timestamp": "14:29:12.190339", "frame": 81, "mu": [-2.330494879619098, 2.2311725085369614, 0.24047553812563977], "Sigma": [[0.01082368596442217, 0.009584495350460933, 0.0004402271941285901], [0.009584495350460933, 0.02746786363201892, -0.021762648335153772], [0.00044022719412859044, -0.021762648335153772, 0.06834126515751848]], "chi2_level": 0.997, "chi2_df": 3, "chi2_threshold": 13.931422665512084, "N_raw": 103, "N_roi": 56, "N_inlier": 54, "refit": true}
{"timestamp": "14:29:12.238619", "frame": 82, "mu": [-2.3691501370911445, 2.251971241193828, 1.5955105614414902], "Sigma": [[0.007021788537951588, 0.007332825693626672, -0.008061219964223345], [0.007332825693626672, 0.013891863129596182, -0.01972711411515339], [-0.008061219964223345, -0.01972711411515339, 0.05516825399503197]], "chi2_level": 0.997, "chi2_df": 3, "chi2_threshold": 13.931422665512084, "N_raw": 61, "N_roi": 23, "N_inlier": 23, "refit": true}
{"timestamp": "14:29:12.293102", "frame": 83, "mu": [-2.320130535401487, 2.3679950435060957, 0.3700108401248046], "Sigma": [[0.010988409515100814, 0.01003096356664494, -0.005684215630269888], [0.01003096356664494, 0.014195317660996848, -0.003832679812897584], [-0.005684215630269888, -0.003832679812897584, 0.005263339781250105]], "chi2_level": 0.997, "chi2_df": 3, "chi2_threshold": 13.931422665512084, "N_raw": 56, "N_roi": 33, "N_inlier": 32, "refit": true}
{"timestamp": "14:29:12.344650", "frame": 84, "mu": [-2.395579390801502, 2.562519929277498, 0.07023501447647151], "Sigma": [[0.0031633765513793956, -0.0013685791661193622, 0.0055285565941818405], [-0.0013685791661193617, 0.031030644069518255, -0.05775040391951143], [0.005528556594181841, -0.05775040391951143, 0.11506141066430951]], "chi2_level": 0.997, "chi2_df": 3, "chi2_threshold": 13.931422665512084, "N_raw": 34, "N_roi": 9, "N_inlier": 9, "refit": true}
{"timestamp": "14:29:12.402166", "frame": 85, "mu": [-2.334565001624285, 2.704844578690457, -0.4181114460525724], "Sigma": [[0.007040583421325037, 0.0005142363370674871, 0.02438381946485879], [0.0005142363370674874, 0.019216620749321144, -0.01736886674269208], [0.02438381946485879, -0.017368866742692078, 0.15977181826197331]], "chi2_level": 0.997, "chi2_df": 3, "chi2_threshold": 13.931422665512084, "N_raw": 63, "N_roi": 31, "N_inlier": 31, "refit": true}
{"timestamp": "14:29:12.460798", "frame": 86, "mu": [-2.329450279220299, 2.6359266237746963, 0.4537894680010582], "Sigma": [[0.010380177056272461, 0.00724944805036651, 0.0328366614919374], [0.00724944805036651, 0.01377265104706663, 0.02711140704032885], [0.0328366614919374, 0.02711140704032885, 0.27100671523843256]], "chi2_level": 0.997, "chi2_df": 3, "chi2_threshold": 13.931422665512084, "N_raw": 77, "N_roi": 36, "N_inlier": 35, "refit": true}
{"timestamp": "14:29:12.513993", "frame": 87, "mu": [-2.3782002083535465, 2.751289747989017, -0.9970958070597096], "Sigma": [[0.007503239317302387, 0.0040206625194891266, 0.001478506659049132], [0.0040206625194891266, 0.019089407005578426, 0.01657066816567158], [0.0014785066590491315, 0.01657066816567158, 0.09757418787903048]], "chi2_level": 0.997, "chi2_df": 3, "chi2_threshold": 13.931422665512084, "N_raw": 60, "N_roi": 29, "N_inlier": 28, "refit": true}
{"timestamp": "14:29:12.565117", "frame": 88, "mu": [-2.3354800091552086, 2.8738793151321853, 0.16605075829500357], "Sigma": [[0.009826310764195304, 0.002624284677828057, 0.002137468985553783], [0.002624284677828057, 0.007203071042524169, -0.012457201798602605], [0.002137468985553784, -0.012457201798602604, 0.0353014226993813]], "chi2_level": 0.997, "chi2_df": 3, "chi2_threshold": 13.931422665512084, "N_raw": 36, "N_roi": 25, "N_inlier": 24, "refit": true}
{"timestamp": "14:29:12.623315", "frame": 89, "mu": [-2.3583203709259455, 2.904447107595321, 1.4786284486965051], "Sigma": [[0.011652451384839379, 0.0015152121369830336, 0.007949775647134852], [0.0015152121369830336, 0.003080897528613126, -0.005408920275167624], [0.007949775647134854, -0.005408920275167624, 0.09121806438720256]], "chi2_level": 0.997, "chi2_df": 3, "chi2_threshold": 13.931422665512084, "N_raw": 60, "N_roi": 36, "N_inlier": 35, "refit": true}
{"timestamp": "14:29:12.836268", "frame": 93, "mu": [-2.364581305497846, 3.1420898109346207, 1.5254163934995182], "Sigma": [[0.003489864559894785, 0.0015913616445781208, -0.003515430124618757], [0.0015913616445781206, 0.0037375791159611382, -0.007965795229946341], [-0.003515430124618757, -0.007965795229946343, 0.025763675852063857]], "chi2_level": 0.997, "chi2_df": 3, "chi2_threshold": 13.931422665512084, "N_raw": 10, "N_roi": 10, "N_inlier": 10, "refit": true}
{"timestamp": "14:29:12.947597", "frame": 95, "mu": [-2.2902625525640774, 3.3680920060379558, 0.18837530650262863], "Sigma": [[0.009851467339579943, 0.007842725536283554, -0.01147226610771201], [0.007842725536283554, 0.010434284378394242, -0.01624183442647201], [-0.01147226610771201, -0.01624183442647201, 0.026773223567314042]], "chi2_level": 0.997, "chi2_df": 3, "chi2_threshold": 13.931422665512084, "N_raw": 21, "N_roi": 21, "N_inlier": 21, "refit": true}
{"timestamp": "14:29:13.004883", "frame": 96, "mu": [-2.2736324521733975, 3.3823738041659364, 0.843156490305679], "Sigma": [[0.01299440506272863, 0.005001284676349436, -0.014735493865923557], [0.0050012846763494365, 0.003517700336348877, -0.014434232954028358], [-0.014735493865923557, -0.014434232954028358, 0.1377091373983512]], "chi2_level": 0.997, "chi2_df": 3, "chi2_threshold": 13.931422665512084, "N_raw": 33, "N_roi": 33, "N_inlier": 33, "refit": true}
{"timestamp": "14:29:13.164592", "frame": 99, "mu": [-2.27967388442239, 3.678763020542043, 0.09720650527697361], "Sigma": [[0.0015983114150357066, -0.003314163663259317, 0.010241313633161412], [-0.003314163663259317, 0.016476306539990698, -0.041850704459736696], [0.01024131363316141, -0.04185070445973668, 0.11905783818540842]], "chi2_level": 0.997, "chi2_df": 3, "chi2_threshold": 13.931422665512084, "N_raw": 7, "N_roi": 7, "N_inlier": 7, "refit": true}
{"timestamp": "14:29:13.658796", "frame": 100, "mu": [-2.299104995921496, 3.617787783690406, 1.4506584301461538], "Sigma": [[0.00926191306750082, 0.0011571786519940514, -0.0036240206051614057], [0.0011571786519940512, 0.0031131152357854776, -0.002967296630289694], [-0.0036240206051614057, -0.002967296630289694, 0.010446455908752166]], "chi2_level": 0.997, "chi2_df": 3, "chi2_threshold": 13.931422665512084, "N_raw": 18, "N_roi": 16, "N_inlier": 16, "refit": true}
{"timestamp": "14:29:13.681417", "frame": 101, "mu": [-2.2868614516811756, 3.780432274117331, 0.9067330738418509], "Sigma": [[0.0016836817785942377, 0.0006613944760278291, -0.0002740935220723159], [0.0006613944760278291, 0.0016072809871453236, -0.010048614951076807], [-0.00027409352207231636, -0.010048614951076805, 0.07815870872915076]], "chi2_level": 0.997, "chi2_df": 3, "chi2_threshold": 13.931422665512084, "N_raw": 9, "N_roi": 9, "N_inlier": 9, "refit": true}
