{"timestamp": "14:42:55.712103", "frame": 11, "mu": [-1.6808391535854277, 0.6834789736049496, 0.5725786008657018], "Sigma": [[3.206633486223067, 0.017335776969803367, 0.07204107321801564], [0.017335776969803367, 0.005688475027693379, -0.0014080358263006737], [0.07204107321801564, -0.0014080358263006737, 0.0022981259655094847]], "chi2_level": 0.997, "chi2_df": 3, "chi2_threshold": 13.931422665512084, "N_raw": 13, "N_roi": 8, "N_inlier": 8, "refit": true}
{"timestamp": "14:42:55.767605", "frame": 12, "mu": [-1.3004168612635754, 0.6520523866491712, 0.6192971147083416], "Sigma": [[4.109974829786229, -0.012311567481327255, 0.013442782217316903], [-0.012311567481327255, 0.011693576131741256, -0.0019210218841428284], [0.013442782217316901, -0.0019210218841428286, 0.0037299178389260303]], "chi2_level": 0.997, "chi2_df": 3, "chi2_threshold": 13.931422665512084, "N_raw": 19, "N_roi": 17, "N_inlier": 16, "refit": true}
{"timestamp": "14:42:55.821767", "frame": 13, "mu": [-1.6187267214064374, 0.5934419659546346, 0.6202132984500686], "Sigma": [[3.033655263325172, 0.05178501878703838, -0.00962907963887423], [0.05178501878703838, 0.011080214616064565, -0.003134304228648321], [-0.00962907963887423, -0.003134304228648321, 0.0014954814416906334]], "chi2_level": 0.997, "chi2_df": 3, "chi2_threshold": 13.931422665512084, "N_raw": 14, "N_roi": 14, "N_inlier": 14, "refit": true}
{"timestamp": "14:42:55.880950", "frame": 14, "mu": [-0.7774588935975139, 0.6337764917865565, 0.7219715692210363], "Sigma": [[5.052884572470668, 0.018374169644946654, 0.06984250585710902], [0.018374169644946654, 0.009083585578210176, -0.003994242506043437], [0.06984250585710902, -0.003994242506043437, 0.005374737687318333]], "chi2_level": 0.997, "chi2_df": 3, "chi2_threshold": 13.931422665512084, "N_raw": 35, "N_roi": 34, "N_inlier": 34, "refit": true}
{"timestamp": "14:42:55.935091", "frame": 15, "mu": [-0.7251261961404403, 0.6019512618928444, 0.7430175933884672], "Sigma": [[4.894028250900747, 0.010972373086708844, 0.07342112317551461], [0.010972373086708849, 0.012888406857523347, -0.0036999491217210635], [0.07342112317551461, -0.0036999491217210635, 0.003991089458092218]], "chi2_level": 0.997, "chi2_df": 3, "chi2_threshold": 13.931422665512084, "N_raw": 33, "N_roi": 33, "N_inlier": 32, "refit": true}
{"timestamp": "14:42:55.991135", "frame": 16, "mu": [-0.36379871567508815, 0.8988641642190041, -1.06493776666705], "Sigma": [[5.093033518137282, 0.005092061741273659, 0.07944577893810414], [0.0050920617412736555, 0.012382036645916325, -0.00017367525723987706], [0.07944577893810414, -0.00017367525723987706, 0.0029834828502294615]], "chi2_level": 0.997, "chi2_df": 3, "chi2_threshold": 13.931422665512084, "N_raw": 37, "N_roi": 37, "N_inlier": 37, "refit": true}
{"timestamp": "14:42:56.047479", "frame": 17, "mu": [-0.447510203599733, 0.5780621745499913, 0.7200018141226832], "Sigma": [[5.045503657237387, 0.055399094582733, 0.05562695696949377], [0.05539909458273301, 0.012096848642499757, -0.0023015214315918716], [0.05562695696949378, -0.002301521431591871, 0.00496874800501853]], "chi2_level": 0.997, "chi2_df": 3, "chi2_threshold": 13.931422665512084, "N_raw": 43, "N_roi": 43, "N_inlier": 43, "refit": true}
{"timestamp": "14:42:56.104309", "frame": 18, "mu": [-0.08336143034166715, 0.5570060941433094, 0.7696639165355391], "Sigma": [[4.910419939090512, 0.03325580807866609, 0.08096750203359543], [0.03325580807866609, 0.013565539807488319, -0.001307504565249147], [0.08096750203359544, -0.001307504565249147, 0.004162789786230121]], "chi2_level": 0.997, "chi2_df": 3, "chi2_threshold": 13.931422665512084, "N_raw": 59, "N_roi": 59, "N_inlier": 54, "refit": true}
{"timestamp": "14:42:56.159638", "frame": 19, "mu": [-0.6126535899037954, 0.5528734105380518, 0.7516559325730279], "Sigma": [[4.3198655362589, 0.030170179613639186, 0.010894876220220506], [0.030170179613639186, 0.012085940158946937, -0.0005150701636920928], [0.010894876220220489, -0.0005150701636920932, 0.012874653723880284]], "chi2_level": 0.997, "chi2_df": 3, "chi2_threshold": 13.931422665512084, "N_raw": 61, "N_roi": 61, "N_inlier": 59, "refit": true}
{"timestamp": "14:42:56.211219", "frame": 20, "mu": [-0.5099627868590141, 0.5532901216131492, 0.8795831226285009], "Sigma": [[3.939206910795484, 0.004645627372927442, 0.06188182113422079], [0.00464562737292744, 0.00873273114258683, -0.0029951231901853346], [0.06188182113422079, -0.0029951231901853346, 0.004897551066922198]], "chi2_level": 0.997, "chi2_df": 3, "chi2_threshold": 13.931422665512084, "N_raw": 39, "N_roi": 39, "N_inlier": 39, "refit": true}
{"timestamp": "14:42:56.266690", "frame": 21, "mu": [-0.328946989905528, 0.492666575298327, 0.8586388383637724], "Sigma": [[3.979209806027085, 0.08008393857554735, 0.013448997878353852], [0.08008393857554735, 0.0111101126895386, -7.535910178321629e-05], [0.013448997878353857, -7.535910178321651e-05, 0.009449929978601633]], "chi2_level": 0.997, "chi2_df": 3, "chi2_threshold": 13.931422665512084, "N_raw": 43, "N_roi": 43, "N_inlier": 43, "refit": true}
{"timestamp": "14:42:56.323284", "frame": 22, "mu": [-0.5695597949134159, 0.5039071463968426, 0.8942556323371801], "Sigma": [[3.6379034619380084, 0.006246288216859031, 0.035589804189519535], [0.006246288216859031, 0.008710435749153858, 0.0004291289667881537], [0.035589804189519535, 0.0004291289667881539, 0.009434911170814426]], "chi2_level": 0.997, "chi2_df": 3, "chi2_threshold": 13.931422665512084, "N_raw": 48, "N_roi": 48, "N_inlier": 47, "refit": true}
{"timestamp": "14:42:56.377206", "frame": 23, "mu": [-0.865940879089395, 0.5368697829071636, 1.0050869352397047], "Sigma": [[2.9039160743741466, -0.02631471647392787, -0.03262311770422735], [-0.026314716473927864, 0.01395042404193027, 0.003554952106027777], [-0.03262311770422735, 0.003554952106027777, 0.017486240511105644]], "chi2_level": 0.997, "chi2_df": 3, "chi2_threshold": 13.931422665512084, "N_raw": 52, "N_roi": 52, "N_inlier": 52, "refit": true}
{"timestamp": "14:42:56.435099", "frame": 24, "mu": [-1.0442584139064985, 0.538927061713971, 1.0309759964637368], "Sigma": [[2.459187085616424, -0.05311639817493435, 0.04659624369705422], [-0.05311639817493435, 0.01059600430261179, -0.003929347300450378], [0.04659624369705422, -0.003929347300450378, 0.009942150987422727]], "chi2_level": 0.997, "chi2_df": 3, "chi2_threshold": 13.931422665512084, "N_raw": 62, "N_roi": 62, "N_inlier": 62, "refit": true}
{"timestamp": "14:42:56.491089", "frame": 25, "mu": [-1.5248395760930746, 0.5590628939787804, 1.051265452571263], "Sigma": [[1.085662702326878, -0.036701762369139745, 0.012404392073714337], [-0.036701762369139745, 0.011397502519240368, -0.00029590652135999074], [0.012404392073714337, -0.00029590652135999063, 0.022217998255510345]], "chi2_level": 0.997, "chi2_df": 3, "chi2_threshold": 13.931422665512084, "N_raw": 56, "N_roi": 56, "N_inlier": 56, "refit": true}
{"timestamp": "14:42:56.545721", "frame": 26, "mu": [-1.5652978076236665, 0.5773285985791052, 0.9865439160382472], "Sigma": [[0.8358567600154606, -0.028948609558357492, -0.03703518258479103], [-0.028948609558357485, 0.01281989516224189, 0.004246477635332747], [-0.03703518258479103, 0.004246477635332747, 0.015889263986668463]], "chi2_level": 0.997, "chi2_df": 3, "chi2_threshold": 13.931422665512084, "N_raw": 40, "N_roi": 40, "N_inlier": 38, "refit": true}
{"timestamp": "14:42:56.601829", "frame": 27, "mu": [-1.243600951993819, 0.5227464227378316, 1.1122638553813269], "Sigma": [[1.5934152687638738, -0.034447281218748585, 0.019851331656425407], [-0.034447281218748585, 0.008400256580927351, -0.00411045767864087], [0.019851331656425407, -0.00411045767864087, 0.012399594991861261]], "chi2_level": 0.997, "chi2_df": 3, "chi2_threshold": 13.931422665512084, "N_raw": 67, "N_roi": 67, "N_inlier": 67, "refit": true}
{"timestamp": "14:42:56.658215", "frame": 28, "mu": [-1.1775351748320995, 0.7349315812965151, -0.8289871071009862], "Sigma": [[1.6735953592358948, -0.034738633409114456, -0.05064547518023035], [-0.034738633409114456, 0.011155984220445862, 0.0023080780272334836], [-0.05064547518023035, 0.0023080780272334827, 0.028059196793759282]], "chi2_level": 0.997, "chi2_df": 3, "chi2_threshold": 13.931422665512084, "N_raw": 71, "N_roi": 71, "N_inlier": 69, "refit": true}
{"timestamp": "14:42:56.716138", "frame": 29, "mu": [-1.71404298025416, 0.5798400117771173, 1.125965305173794], "Sigma": [[0.009704824740151339, 0.006790446523396464, 0.0041248223580186705], [0.006790446523396464, 0.012056608079391405, -0.005278816063383963], [0.0041248223580186705, -0.005278816063383963, 0.02324332687391329]], "chi2_level": 0.997, "chi2_df": 3, "chi2_threshold": 13.931422665512084, "N_raw": 89, "N_roi": 89, "N_inlier": 79, "refit": true}
{"timestamp": "14:42:56.772711", "frame": 30, "mu": [-1.2519147155592185, 0.532503787280898, 1.1125557527035834], "Sigma": [[1.2964539472747372, -0.04598764071793862, -0.011109761342183215], [-0.04598764071793862, 0.012318249154856548, -0.0013857823901258256], [-0.011109761342183217, -0.0013857823901258252, 0.031475388225289475]], "chi2_level": 0.997, "chi2_df": 3, "chi2_threshold": 13.931422665512084, "N_raw": 98, "N_roi": 98, "N_inlier": 98, "refit": true}
{"timestamp": "14:42:56.825924", "frame": 31, "mu": [-1.6061481605134733, 0.5809666884428578, 1.0998949849880963], "Sigma": [[0.011291241168172742, 0.005540875366571343, 0.01025279705938152], [0.005540875366571343, 0.010338582986903993, -0.004252670899162712], [0.01025279705938152, -0.004252670899162712, 0.02784887607618887]], "chi2_level": 0.997, "chi2_df": 3, "chi2_threshold": 13.931422665512084, "N_raw": 82, "N_roi": 82, "N_inlier": 81, "refit": true}
{"timestamp": "14:42:56.884820", "frame": 32, "mu": [-1.5556921738797136, 0.6524002070051329, -0.04404395827814786], "Sigma": [[0.01389499519379994, 0.00481006159177008, 0.016340030748664833], [0.00481006159177008, 0.007957355283779962, -0.019870830301965275], [0.016340030748664833, -0.01987083030196527, 0.5911332619835998]], "chi2_level": 0.997, "chi2_df": 3, "chi2_threshold": 13.931422665512084, "N_raw": 110, "N_roi": 110, "N_inlier": 104, "refit": true}
{"timestamp": "14:42:56.938221", "frame": 33, "mu": [-1.4859167882893, 0.5596802358811782, 1.1902280992847896], "Sigma": [[0.01036893864920163, 0.008328276269386311, 0.008688867367811819], [0.008328276269386311, 0.012473405694956674, 0.0015129283456214138], [0.008688867367811819, 0.0015129283456214136, 0.0297390579705999]], "chi2_level": 0.997, "chi2_df": 3, "chi2_threshold": 13.931422665512084, "N_raw": 96, "N_roi": 96, "N_inlier": 88, "refit": true}
{"timestamp": "14:42:56.992514", "frame": 34, "mu": [-1.1196415126409263, 0.5006308483128141, 1.2656119927694067], "Sigma": [[0.838359554712825, -0.03664665331575244, -0.05670616750738408], [-0.03664665331575244, 0.016318063450133147, 0.007700798537743799], [-0.05670616750738408, 0.007700798537743799, 0.028974055893573]], "chi2_level": 0.997, "chi2_df": 3, "chi2_threshold": 13.931422665512084, "N_raw": 88, "N_roi": 88, "N_inlier": 86, "refit": true}
{"timestamp": "14:42:57.047051", "frame": 35, "mu": [-1.4107021485220657, 0.5241617270761431, 1.187730467391621], "Sigma": [[0.010758413400588989, 0.00781320426369685, 0.005001185197421647], [0.00781320426369685, 0.010489679803251226, -0.0008464407029888732], [0.005001185197421647, -0.0008464407029888732, 0.018063746567017307]], "chi2_level": 0.997, "chi2_df": 3, "chi2_threshold": 13.931422665512084, "N_raw": 89, "N_roi": 89, "N_inlier": 81, "refit": true}
{"timestamp": "14:42:57.103975", "frame": 36, "mu": [-1.3129853606041668, 0.570370599588474, 1.2057824964950672], "Sigma": [[0.008636735000924508, 0.009617449886519639, 0.006928210868638362], [0.009617449886519639, 0.015878493803799566, 0.010119496419225982], [0.006928210868638362, 0.010119496419225982, 0.03948471496670805]], "chi2_level": 0.997, "chi2_df": 3, "chi2_threshold": 13.931422665512084, "N_raw": 104, "N_roi": 104, "N_inlier": 98, "refit": true}
{"timestamp": "14:42:57.156903", "frame": 37, "mu": [-1.2629480831957123, 0.5503206862136606, 1.3052318560470875], "Sigma": [[0.009712072070098264, 0.005698997502389787, 0.0045790512834235535], [0.005698997502389787, 0.008416139866852967, -0.0034702457084860934], [0.004579051283423553, -0.0034702457084860934, 0.015308683982777896]], "chi2_level": 0.997, "chi2_df": 3, "chi2_threshold": 13.931422665512084, "N_raw": 89, "N_roi": 89, "N_inlier": 87, "refit": true}
{"timestamp": "14:42:57.212201", "frame": 38, "mu": [-1.1744451365287398, 0.6391746171363564, 1.3951551566406748], "Sigma": [[0.010587879585048286, 0.002929600111134957, -0.000896112319464543], [0.0029296001111349572, 0.007372763010131262, -0.0055100798869042525], [-0.000896112319464543, -0.0055100798869042525, 0.005745011896939509]], "chi2_level": 0.997, "chi2_df": 3, "chi2_threshold": 13.931422665512084, "N_raw": 92, "N_roi": 92, "N_inlier": 89, "refit": true}
{"timestamp": "14:42:57.265166", "frame": 39, "mu": [-1.1226030679426002, 0.6327428438965431, 1.4108125633204085], "Sigma": [[0.01176730718297762, 0.0054618376058698116, -0.0010128619463549361], [0.005461837605869812, 0.0070784600249055385, -0.003775743385207743], [-0.001012861946354936, -0.003775743385207743, 0.002953723556671599]], "chi2_level": 0.997, "chi2_df": 3, "chi2_threshold": 13.931422665512084, "N_raw": 82, "N_roi": 82, "N_inlier": 80, "refit": true}
{"timestamp": "14:42:57.321001", "frame": 40, "mu": [-1.0644702346597619, 0.6470925084976586, 1.42530890520147], "Sigma": [[0.010384229331029326, 0.006872268904684689, -0.0018331325247496581], [0.006872268904684689, 0.008763047735962133, -0.004522701238049021], [-0.0018331325247496581, -0.004522701238049021, 0.014070381136493554]], "chi2_level": 0.997, "chi2_df": 3, "chi2_threshold": 13.931422665512084, "N_raw": 89, "N_roi": 89, "N_inlier": 86, "refit": true}
{"timestamp": "14:42:57.376269", "frame": 41, "mu": [-1.0007697019017578, 0.7272208056386278, -0.10747131303118884], "Sigma": [[0.009553085616497228, 0.006494325850403729, 0.03527395650697842], [0.00649432585040373, 0.014530616154588715, 0.03176257348420958], [0.03527395650697842, 0.03176257348420958, 0.4658683849065196]], "chi2_level": 0.997, "chi2_df": 3, "chi2_threshold": 13.931422665512084, "N_raw": 88, "N_roi": 88, "N_inlier": 87, "refit": true}
{"timestamp": "14:42:57.430046", "frame": 42, "mu": [-0.9939687078043736, 0.6749491875101474, 1.4466549831146316], "Sigma": [[0.012457151406581123, 0.005130004195340739, -0.005494269351660949], [0.005130004195340739, 0.0059210637295438835, -0.007001126685736586], [-0.005494269351660949, -0.007001126685736586, 0.011723739999317842]], "chi2_level": 0.997, "chi2_df": 3, "chi2_threshold": 13.931422665512084, "N_raw": 75, "N_roi": 75, "N_inlier": 72, "refit": true}
{"timestamp": "14:42:57.480169", "frame": 43, "mu": [-0.9736464185613156, 0.6224143552606092, 1.4080829486656543], "Sigma": [[0.01904445528964816, 0.0163362372833841, 0.005433597874737772], [0.0163362372833841, 0.018075154397235952, 0.003534755237657277], [0.005433597874737772, 0.003534755237657277, 0.010040773756299347]], "chi2_level": 0.997, "chi2_df": 3, "chi2_threshold": 13.931422665512084, "N_raw": 49, "N_roi": 49, "N_inlier": 46, "refit": true}
{"timestamp": "14:42:57.534931", "frame": 44, "mu": [-0.9754108444848929, 0.6867164984593219, 1.4701880826461464], "Sigma": [[0.016407517909277535, 0.009479140985655417, -0.021436541879013542], [0.009479140985655417, 0.00902469944555151, -0.021472308851062737], [-0.021436541879013542, -0.021472308851062737, 0.06944921396390882]], "chi2_level": 0.997, "chi2_df": 3, "chi2_threshold": 13.931422665512084, "N_raw": 46, "N_roi": 46, "N_inlier": 44, "refit": true}
{"timestamp": "14:42:57.587565", "frame": 45, "mu": [-0.8469004758885516, 0.7323269734056517, 1.11223077895858], "Sigma": [[0.040766126930183416, 0.018568914024129787, -0.042539608841501285], [0.018568914024129784, 0.019521060285628306, -0.05551889873457414], [-0.042539608841501285, -0.055518898734574135, 0.29994220623580753]], "chi2_level": 0.997, "chi2_df": 3, "chi2_threshold": 13.931422665512084, "N_raw": 30, "N_roi": 28, "N_inlier": 28, "refit": true}
{"timestamp": "14:42:57.648700", "frame": 46, "mu": [-0.7323219617169887, 0.8596617664019003, -0.27595243366625977], "Sigma": [[0.02135338092381118, 0.011217882635145532, -0.008097849508784203], [0.01121788263514553, 0.011921469938197914, -0.009279063149441576], [-0.008097849508784203, -0.009279063149441576, 0.00938469437411027]], "chi2_level": 0.997, "chi2_df": 3, "chi2_threshold": 13.931422665512084, "N_raw": 75, "N_roi": 74, "N_inlier": 69, "refit": true}
{"timestamp": "14:42:57.703605", "frame": 47, "mu": [-0.5941782482671852, 0.8319512890760354, 1.476984861837565], "Sigma": [[0.0038645736856415362, -0.0014019744182573997, 0.001039844065356334], [-0.0014019744182574, 0.00291000558220282, -0.0029628418578916196], [0.0010398440653563337, -0.0029628418578916196, 0.004796157462811615]], "chi2_level": 0.997, "chi2_df": 3, "chi2_threshold": 13.931422665512084, "N_raw": 71, "N_roi": 70, "N_inlier": 67, "refit": true}
{"timestamp": "14:42:57.760904", "frame": 48, "mu": [-0.512835781117874, 0.8295585109424022, 1.352686214130378], "Sigma": [[0.0034039880267361404, -0.000580320037670825, -0.006774387538609073], [-0.0005803200376708248, 0.0023749596029330154, -0.0039382054931459], [-0.006774387538609074, -0.003938205493145899, 0.05521617653137569]], "chi2_level": 0.997, "chi2_df": 3, "chi2_threshold": 13.931422665512084, "N_raw": 81, "N_roi": 80, "N_inlier": 80, "refit": true}
{"timestamp": "14:42:57.814463", "frame": 49, "mu": [-0.47594011188812324, 0.8560459845766298, 1.3733073791575514], "Sigma": [[0.0033535370614067627, 0.00033207294678557793, -0.005171016950722235], [0.000332072946785578, 0.004194681500097367, -0.010236965803393814], [-0.005171016950722235, -0.010236965803393814, 0.03485417856052169]], "chi2_level": 0.997, "chi2_df": 3, "chi2_threshold": 13.931422665512084, "N_raw": 77, "N_roi": 77, "N_inlier": 76, "refit": true}
{"timestamp": "14:42:57.866298", "frame": 50, "mu": [-0.4316085969062048, 0.848690458777014, 1.4722656386220483], "Sigma": [[0.0027158350292251386, -0.0012426646507981932, 0.000680389741449771], [-0.0012426646507981932, 0.0024064709227022943, -0.0018534514440704851], [0.0006803897414497709, -0.0018534514440704851, 0.005035315124315745]], "chi2_level": 0.997, "chi2_df": 3, "chi2_threshold": 13.931422665512084, "N_raw": 53, "N_roi": 53, "N_inlier": 52, "refit": true}
{"timestamp": "14:42:57.923131", "frame": 51, "mu": [-0.33469242641902053, 0.8231325728361772, 1.2037419975182821], "Sigma": [[0.002446264807608749, -0.0008460060261914256, -0.009515793519519202], [-0.0008460060261914256, 0.004546757727083947, 0.02569185524789444], [-0.009515793519519202, 0.02569185524789444, 0.3053087534144245]], "chi2_level": 0.997, "chi2_df": 3, "chi2_threshold": 13.931422665512084, "N_raw": 66, "N_roi": 66, "N_inlier": 66, "refit": true}
{"timestamp": "14:42:57.980048", "frame": 52, "mu": [-0.3047828237771415, 0.8476164375275154, 1.4463713631543065], "Sigma": [[0.00278880066546534, 0.0006334844517160707, -0.0003612099003226474], [0.0006334844517160708, 0.003408683411746342, -0.0026673377927074874], [-0.0003612099003226473, -0.0026673377927074874, 0.004154912165411811]], "chi2_level": 0.997, "chi2_df": 3, "chi2_threshold": 13.931422665512084, "N_raw": 76, "N_roi": 75, "N_inlier": 71, "refit": true}
{"timestamp": "14:42:58.034733", "frame": 53, "mu": [-0.22652423036537112, 0.8355790931684954, 1.1994355169135258], "Sigma": [[0.018254484364756074, 0.0010496271749637705, -0.06092988671958903], [0.00104962717496377, 0.0020007936485470436, -0.00672365614986548], [-0.06092988671958903, -0.00672365614986548, 0.22957873387952862]], "chi2_level": 0.997, "chi2_df": 3, "chi2_threshold": 13.931422665512084, "N_raw": 74, "N_roi": 74, "N_inlier": 71, "refit": true}
{"timestamp": "14:42:58.084168", "frame": 54, "mu": [-0.16996876411312856, 0.8297356110003766, 1.179788622217362], "Sigma": [[0.018514846194550367, 0.006973323760829386, -0.046286915276760834], [0.006973323760829384, 0.007181560538006598, -0.006875800938331748], [-0.046286915276760834, -0.006875800938331747, 0.1890411314322166]], "chi2_level": 0.997, "chi2_df": 3, "chi2_threshold": 13.931422665512084, "N_raw": 37, "N_roi": 37, "N_inlier": 35, "refit": true}
{"timestamp": "14:42:58.144647", "frame": 55, "mu": [-0.08133715627260144, 0.90201265249197, 1.2537138684125537], "Sigma": [[0.02272591850473093, 0.018066808782284803, -0.03640689529725903], [0.018066808782284803, 0.019349682450317197, -0.02705573192609209], [-0.03640689529725903, -0.02705573192609209, 0.07875421686035676]], "chi2_level": 0.997, "chi2_df": 3, "chi2_threshold": 13.931422665512084, "N_raw": 81, "N_roi": 81, "N_inlier": 76, "refit": true}
{"timestamp": "14:42:58.206192", "frame": 56, "mu": [-0.04372381997601507, 0.8855139414318672, 1.2244729752757686], "Sigma": [[0.010950189988231133, 0.011151353812650072, -0.01649369638632981], [0.011151353812650072, 0.017342837537904887, -0.015843173249554917], [-0.01649369638632981, -0.01584317324955492, 0.0603692878975719]], "chi2_level": 0.997, "chi2_df": 3, "chi2_threshold": 13.931422665512084, "N_raw": 118, "N_roi": 118, "N_inlier": 118, "refit": true}
{"timestamp": "14:42:58.255436", "frame": 57, "mu": [-0.06326563344980057, 0.9389469861022122, -0.3212054559568811], "Sigma": [[0.0037422912787982952, 0.0015174764608998316, 0.024301295738398673], [0.0015174764608998316, 0.006544955967429108, -0.005049719086714312], [0.024301295738398673, -0.005049719086714313, 0.3235385936001093]], "chi2_level": 0.997, "chi2_df": 3, "chi2_threshold": 13.931422665512084, "N_raw": 80, "N_roi": 80, "N_inlier": 78, "refit": true}
{"timestamp": "14:42:58.307418", "frame": 58, "mu": [0.01020988488012694, 0.854396601233497, 1.3735137286731232], "Sigma": [[0.00240972007420281, 9.169176667786429e-05, 0.0010663132171466487], [9.169176667786432e-05, 0.0008827008945503952, -0.0018476854450297415], [0.0010663132171466487, -0.0018476854450297413, 0.00554542145070006]], "chi2_level": 0.997, "chi2_df": 3, "chi2_threshold": 13.931422665512084, "N_raw": 64, "N_roi": 64, "N_inlier": 60, "refit": true}
{"timestamp": "14:42:58.364182", "frame": 59, "mu": [0.07680090063839315, 0.8278257908615748, 1.3151873857140897], "Sigma": [[0.0023285922179644156, -7.521453136163282e-05, -0.0007074450107147606], [-7.521453136163285e-05, 0.0018799012414571499, -0.003273532004077027], [-0.0007074450107147605, -0.0032735320040770273, 0.0070322950157978474]], "chi2_level": 0.997, "chi2_df": 3, "chi2_threshold": 13.931422665512084, "N_raw": 77, "N_roi": 77, "N_inlier": 77, "refit": true}
{"timestamp": "14:42:58.415204", "frame": 60, "mu": [0.16451050001805118, 0.7474932039451196, 1.2125567948429772], "Sigma": [[0.001725823812123427, -0.0003062914964381899, -0.00017408915128375692], [-0.0003062914964381899, 0.004245875823134533, -0.0019778174906647595], [-0.00017408915128375697, -0.0019778174906647595, 0.0012274191819742033]], "chi2_level": 0.997, "chi2_df": 3, "chi2_threshold": 13.931422665512084, "N_raw": 51, "N_roi": 51, "N_inlier": 49, "refit": true}
{"timestamp": "14:42:58.471257", "frame": 61, "mu": [0.19558700490284991, 0.8461759884608239, 1.2530994149477963], "Sigma": [[0.002371227025861857, 3.7856179293245565e-05, 0.006074661239531962], [3.785617929324559e-05, 0.0012414478480831635, -0.00017546734876156645], [0.006074661239531962, -0.00017546734876156656, 0.06483556808624229]], "chi2_level": 0.997, "chi2_df": 3, "chi2_threshold": 13.931422665512084, "N_raw": 56, "N_roi": 56, "N_inlier": 56, "refit": true}
{"timestamp": "14:42:58.529570", "frame": 62, "mu": [0.24595273672674872, 0.8248986471047199, 1.2702882768422012], "Sigma": [[0.001909669901224399, 0.00012475793853300657, 0.0017654889098178013], [0.00012475793853300657, 0.003393095424842602, 0.010475512174617571], [0.001765488909817801, 0.010475512174617571, 0.07525786557170881]], "chi2_level": 0.997, "chi2_df": 3, "chi2_threshold": 13.931422665512084, "N_raw": 78, "N_roi": 78, "N_inlier": 75, "refit": true}
{"timestamp": "14:42:58.587798", "frame": 63, "mu": [0.29436251047461237, 0.8599587198142208, 1.183746754455174], "Sigma": [[0.0031733559388093515, -0.00046566101415767625, -0.0034926580602236018], [-0.00046566101415767625, 0.0021931605672648818, 0.0022545008203123185], [-0.0034926580602236018, 0.0022545008203123185, 0.045730432062646445]], "chi2_level": 0.997, "chi2_df": 3, "chi2_threshold": 13.931422665512084, "N_raw": 97, "N_roi": 97, "N_inlier": 93, "refit": true}
{"timestamp": "14:42:58.635936", "frame": 64, "mu": [0.3411516981157632, 0.862761048330944, 1.3869288579870738], "Sigma": [[0.006128970460942092, -0.0003682280274701366, -0.020397938208625545], [-0.0003682280274701366, 0.014103417165247002, 0.00036280357318610934], [-0.020397938208625545, 0.0003628035731861089, 0.1123448182108982]], "chi2_level": 0.997, "chi2_df": 3, "chi2_threshold": 13.931422665512084, "N_raw": 44, "N_roi": 44, "N_inlier": 40, "refit": true}
{"timestamp": "14:42:58.695817", "frame": 65, "mu": [0.3847368240862087, 0.9697789372186241, 1.0882731735404607], "Sigma": [[0.006833992936583186, -0.011973286236888338, 0.02372317394213204], [-0.011973286236888338, 0.03176982426849621, -0.057330277808317655], [0.02372317394213204, -0.05733027780831766, 0.14252618007338777]], "chi2_level": 0.997, "chi2_df": 3, "chi2_threshold": 13.931422665512084, "N_raw": 93, "N_roi": 93, "N_inlier": 90, "refit": true}
{"timestamp": "14:42:58.746865", "frame": 66, "mu": [0.49264174278670364, 0.9039802449050034, 1.4114416837915638], "Sigma": [[0.005509259514455317, -0.004204421970814174, 0.013032669050603227], [-0.004204421970814174, 0.009675501765513917, -0.02597347068341752], [0.013032669050603227, -0.025973470683417522, 0.08596447170893107]], "chi2_level": 0.997, "chi2_df": 3, "chi2_threshold": 13.931422665512084, "N_raw": 56, "N_roi": 56, "N_inlier": 54, "refit": true}
{"timestamp": "14:42:58.803989", "frame": 67, "mu": [0.5548192540222727, 0.8827471297413776, 1.3712755837255624], "Sigma": [[0.0033737042597938, -0.00016108499830143748, 4.9169579770519194e-05], [-0.00016108499830143748, 0.003134788401358502, 0.0013871975431545575], [4.9169579770519086e-05, 0.0013871975431545584, 0.06299254375069155]], "chi2_level": 0.997, "chi2_df": 3, "chi2_threshold": 13.931422665512084, "N_raw": 75, "N_roi": 75, "N_inlier": 72, "refit": true}
{"timestamp": "14:42:58.856141", "frame": 68, "mu": [0.6008575281118338, 0.8292341833493052, 1.2177930653870412], "Sigma": [[0.0017677441493415922, 0.00027237714773544613, -0.00027103146733510494], [0.0002723771477354462, 0.0018364525020888817, -0.004892951005172308], [-0.00027103146733510494, -0.004892951005172308, 0.10668869425629005]], "chi2_level": 0.997, "chi2_df": 3, "chi2_threshold": 13.931422665512084, "N_raw": 53, "N_roi": 50, "N_inlier": 49, "refit": true}
{"timestamp": "14:42:58.905979", "frame": 69, "mu": [0.6869203257375931, 0.8028384698651782, 1.2739815721710817], "Sigma": [[0.0015480573384726193, -0.000603725515562084, -0.007780169506192989], [-0.0006037255155620839, 0.0028262773057238736, 0.0011707346134404713], [-0.0077801695061929885, 0.0011707346134404713, 0.08499095517806933]], "chi2_level": 0.997, "chi2_df": 3, "chi2_threshold": 13.931422665512084, "N_raw": 18, "N_roi": 18, "N_inlier": 17, "refit": true}
{"timestamp": "14:42:58.959012", "frame": 70, "mu": [0.7226760358345878, 0.8939940505856822, 1.223116332925314], "Sigma": [[0.0007826329323324408, 0.00024818527739557433, -0.0036945783506691383], [0.00024818527739557433, 0.0037927708643129164, 0.013220748547827847], [-0.0036945783506691383, 0.013220748547827847, 0.08127768457147372]], "chi2_level": 0.997, "chi2_df": 3, "chi2_threshold": 13.931422665512084, "N_raw": 8, "N_roi": 8, "N_inlier": 8, "refit": true}
{"timestamp": "14:42:59.013812", "frame": 71, "mu": [0.7807054232370388, 0.8296521860635315, 1.2263269085104496], "Sigma": [[0.00320923468983507, -0.0004829435624203733, -0.007632372653746361], [-0.0004829435624203735, 0.0025309670521298016, 0.0018437546451525659], [-0.007632372653746361, 0.0018437546451525663, 0.03789689465013074]], "chi2_level": 0.997, "chi2_df": 3, "chi2_threshold": 13.931422665512084, "N_raw": 7, "N_roi": 7, "N_inlier": 7, "refit": true}
{"timestamp": "14:42:59.074871", "frame": 72, "mu": [0.8247759322159915, 0.9129891358656448, 1.4126502005274026], "Sigma": [[0.004789790826770934, -0.0006520358312238693, -0.0037924737543506776], [-0.0006520358312238694, 0.00223755926092245, -0.0008658867659266368], [-0.0037924737543506776, -0.000865886765926637, 0.004281415943051644]], "chi2_level": 0.997, "chi2_df": 3, "chi2_threshold": 13.931422665512084, "N_raw": 47, "N_roi": 47, "N_inlier": 44, "refit": true}
{"timestamp": "14:42:59.132074", "frame": 73, "mu": [0.8819274812580705, 0.8938675819072398, 1.2469590168310642], "Sigma": [[0.003982292359526123, -0.0014351168103045784, -0.003964256452774697], [-0.0014351168103045784, 0.0033838956848955956, -0.0019562119718030636], [-0.003964256452774697, -0.0019562119718030636, 0.03666960094735462]], "chi2_level": 0.997, "chi2_df": 3, "chi2_threshold": 13.931422665512084, "N_raw": 63, "N_roi": 63, "N_inlier": 63, "refit": true}
{"timestamp": "14:42:59.179117", "frame": 74, "mu": [0.9199709335365664, 0.895688095132679, 1.0910230246220993], "Sigma": [[0.0020889268296520524, 0.00195890720565137, -0.004556420677144513], [0.00195890720565137, 0.002476369571077443, -0.005271166340582618], [-0.004556420677144513, -0.00527116634058262, 0.018028959127340455]], "chi2_level": 0.997, "chi2_df": 3, "chi2_threshold": 13.931422665512084, "N_raw": 7, "N_roi": 7, "N_inlier": 7, "refit": true}
{"timestamp": "14:42:59.291544", "frame": 76, "mu": [1.0404641726761226, 0.9234009547382065, 1.1277202906096064], "Sigma": [[0.0017135702019393936, 0.00011357874267359935, -0.002085112976500227], [0.00011357874267359914, 0.004144206107710644, -0.004745687961125342], [-0.002085112976500227, -0.004745687961125342, 0.024052818877780713]], "chi2_level": 0.997, "chi2_df": 3, "chi2_threshold": 13.931422665512084, "N_raw": 28, "N_roi": 28, "N_inlier": 28, "refit": true}
{"timestamp": "14:42:59.345059", "frame": 77, "mu": [1.0431384489699886, 1.0215967946707063, 1.123361106115923], "Sigma": [[0.004158523789149404, -0.0019053462209144907, 0.014019851258476611], [-0.0019053462209144907, 0.004292252749950038, -0.017415449209031136], [0.014019851258476615, -0.017415449209031136, 0.18937958131532429]], "chi2_level": 0.997, "chi2_df": 3, "chi2_threshold": 13.931422665512084, "N_raw": 9, "N_roi": 9, "N_inlier": 9, "refit": true}
{"timestamp": "14:42:59.402744", "frame": 78, "mu": [1.144105358098817, 0.9847535130958653, 1.2969551385941378], "Sigma": [[0.0040369204727322685, -0.0006707353604569436, 0.007610646326431913], [-0.0006707353604569436, 0.0024699010236111916, -0.015660411152747612], [0.007610646326431913, -0.015660411152747612, 0.1259575414044306]], "chi2_level": 0.997, "chi2_df": 3, "chi2_threshold": 13.931422665512084, "N_raw": 30, "N_roi": 30, "N_inlier": 30, "refit": true}
{"timestamp": "14:42:59.455731", "frame": 79, "mu": [1.2187561743881605, 0.9918333932212432, 1.0100555029418814], "Sigma": [[0.003920177977296495, -0.0004113231841224432, -0.004995873702560301], [-0.00041132318412244353, 0.004961004437659882, -0.025972663040184165], [-0.004995873702560301, -0.02597266304018416, 0.27207730865154517]], "chi2_level": 0.997, "chi2_df": 3, "chi2_threshold": 13.931422665512084, "N_raw": 10, "N_roi": 10, "N_inlier": 10, "refit": true}
{"timestamp": "14:42:59.511788", "frame": 80, "mu": [1.244243320094621, 1.0829859796471397, 0.6309957507765287], "Sigma": [[0.00373483604129801, -0.002908277932737239, 0.0020220389094830664], [-0.002908277932737239, 0.0085444973913655, -0.02687443261186051], [0.002022038909483066, -0.02687443261186051, 0.15743100284734976]], "chi2_level": 0.997, "chi2_df": 3, "chi2_threshold": 13.931422665512084, "N_raw": 25, "N_roi": 25, "N_inlier": 25, "refit": true}
{"timestamp": "14:42:59.566838", "frame": 81, "mu": [1.342924920358473, 0.948016479744743, 1.4801864896254826], "Sigma": [[0.003532118139732181, -0.0012667785553896178, -0.0008057857983731576], [-0.0012667785553896178, 0.0031864462442190338, 0.0011714828760375018], [-0.0008057857983731578, 0.0011714828760375023, 0.01474919570738136]], "chi2_level": 0.997, "chi2_df": 3, "chi2_threshold": 13.931422665512084, "N_raw": 26, "N_roi": 26, "N_inlier": 25, "refit": true}
{"timestamp": "14:42:59.839368", "frame": 86, "mu": [1.5966476192746184, 1.0054240161565504, 1.453220868630963], "Sigma": [[0.002794500329779342, -0.0007902335857391898, -0.0016924818008840412], [-0.0007902335857391898, 0.0016423714860115707, -0.001662606862877785], [-0.0016924818008840412, -0.0016626068628777851, 0.008265680049974548]], "chi2_level": 0.997, "chi2_df": 3, "chi2_threshold": 13.931422665512084, "N_raw": 17, "N_roi": 17, "N_inlier": 17, "refit": true}
{"timestamp": "14:42:59.948619", "frame": 88, "mu": [1.701204832355844, 1.0663785368901941, 1.1328713502760765], "Sigma": [[0.0021194770839797717, -0.0022673755984390755, 0.0012636751898069346], [-0.0022673755984390755, 0.007732002058788615, -0.013553325369508994], [0.0012636751898069366, -0.013553325369508996, 0.07458606318146255]], "chi2_level": 0.997, "chi2_df": 3, "chi2_threshold": 13.931422665512084, "N_raw": 7, "N_roi": 7, "N_inlier": 7, "refit": true}
{"timestamp": "14:43:00.003698", "frame": 89, "mu": [1.7433780833970787, 1.0590589084312136, 1.2081721167161825], "Sigma": [[0.0026523876792144377, -0.002569506783716155, 0.00889061125664603], [-0.002569506783716155, 0.009147999806775118, -0.026355359634775432], [0.00889061125664603, -0.02635535963477543, 0.12317695832226369]], "chi2_level": 0.997, "chi2_df": 3, "chi2_threshold": 13.931422665512084, "N_raw": 12, "N_roi": 12, "N_inlier": 12, "refit": true}
{"timestamp": "14:43:00.225333", "frame": 93, "mu": [1.9361515436872319, 1.1126693316503662, 1.4347318510703237], "Sigma": [[0.0020832715795385025, -0.0010654868742389595, -0.00189589183281139], [-0.0010654868742389595, 0.0030439513709866264, -5.467372718260749e-05], [-0.00189589183281139, -5.467372718260757e-05, 0.003994774841683437]], "chi2_level": 0.997, "chi2_df": 3, "chi2_threshold": 13.931422665512084, "N_raw": 12, "N_roi": 12, "N_inlier": 11, "refit": true}
