{"timestamp": "14:32:54.794215", "frame": 1, "mu": [1.5569162963909624, 1.111495879183538, 1.2259605687223256], "Sigma": [[0.006346297891931353, -0.006238424067784494, -0.0014815834966505888], [-0.006238424067784493, 0.0118615539401796, -0.004526795369044586], [-0.0014815834966505888, -0.004526795369044585, 0.012713216360056815]], "chi2_level": 0.997, "chi2_df": 3, "chi2_threshold": 13.931422665512084, "N_raw": 43, "N_roi": 43, "N_inlier": 41, "refit": true}
{"timestamp": "14:32:54.851853", "frame": 2, "mu": [1.5887915102104098, 1.0211987062898142, 1.2646297368672716], "Sigma": [[0.005899632945047415, -0.005228550778191808, -0.005467680611270048], [-0.005228550778191808, 0.011447305416322879, -0.0023128970069386592], [-0.0054676806112700475, -0.0023128970069386597, 0.016296972153632384]], "chi2_level": 0.997, "chi2_df": 3, "chi2_threshold": 13.931422665512084, "N_raw": 47, "N_roi": 47, "N_inlier": 46, "refit": true}
{"timestamp": "14:32:54.908267", "frame": 3, "mu": [1.5630687267643577, 1.065238388195322, 1.237297632420629], "Sigma": [[0.011209145429119197, -0.010188676864173678, -0.0035886187159692136], [-0.010188676864173678, 0.019005757460862294, 0.0004154539307136668], [-0.0035886187159692136, 0.0004154539307136668, 0.0031678881397036694]], "chi2_level": 0.997, "chi2_df": 3, "chi2_threshold": 13.931422665512084, "N_raw": 58, "N_roi": 58, "N_inlier": 55, "refit": true}
{"timestamp": "14:32:54.960642", "frame": 4, "mu": [1.5879371992656588, 0.9090130400395594, 1.2599364400725845], "Sigma": [[0.00717735453344685, -0.002813432965920665, -0.004463535415303229], [-0.002813432965920665, 0.006636981722888625, -0.001460385326897262], [-0.004463535415303229, -0.0014603853268972623, 0.009997608718737066]], "chi2_level": 0.997, "chi2_df": 3, "chi2_threshold": 13.931422665512084, "N_raw": 43, "N_roi": 43, "N_inlier": 43, "refit": true}
{"timestamp": "14:32:55.017184", "frame": 5, "mu": [1.5674722034925244, 0.860181915135989, 1.1381847605068593], "Sigma": [[0.008016868746483394, -0.004869648095267261, 0.00010843973890982406], [-0.004869648095267261, 0.011123407150855498, -0.009167606800738332], [0.00010843973890982362, -0.009167606800738332, 0.026696484180062124]], "chi2_level": 0.997, "chi2_df": 3, "chi2_threshold": 13.931422665512084, "N_raw": 52, "N_roi": 52, "N_inlier": 52, "refit": true}
{"timestamp": "14:32:55.071744", "frame": 6, "mu": [1.5150909207213121, 0.8614556698031485, 1.2059853317678946], "Sigma": [[0.008302704040266435, -0.007749200818645118, -0.005907053825721835], [-0.0077492008186451165, 0.017070999803918938, 0.0020170754226874104], [-0.005907053825721835, 0.0020170754226874104, 0.011945151086712229]], "chi2_level": 0.997, "chi2_df": 3, "chi2_threshold": 13.931422665512084, "N_raw": 47, "N_roi": 47, "N_inlier": 46, "refit": true}
{"timestamp": "14:32:55.128683", "frame": 7, "mu": [1.4291533496619107, 0.895897494234671, 1.0796076695544496], "Sigma": [[0.006281596457208301, -0.005457550710246175, -0.00578105508469246], [-0.005457550710246175, 0.012054925047069138, -0.010689545230421274], [-0.00578105508469246, -0.010689545230421274, 0.06783278068195733]], "chi2_level": 0.997, "chi2_df": 3, "chi2_threshold": 13.931422665512084, "N_raw": 63, "N_roi": 63, "N_inlier": 63, "refit": true}
{"timestamp": "14:32:55.176933", "frame": 8, "mu": [1.4233802959989261, 0.8686999732535581, 1.0756386090370036], "Sigma": [[0.017518593890491492, 0.005362666091547809, -0.037502562899176715], [0.005362666091547808, 0.016840325651419973, -0.028430392035453694], [-0.037502562899176715, -0.028430392035453694, 0.1019930899852066]], "chi2_level": 0.997, "chi2_df": 3, "chi2_threshold": 13.931422665512084, "N_raw": 15, "N_roi": 15, "N_inlier": 15, "refit": true}
{"timestamp": "14:32:55.230150", "frame": 9, "mu": [1.2801509099741235, 0.9239191255987149, 1.092887145142415], "Sigma": [[0.033167801396093766, -0.010291083903734975, -0.0663363415794078], [-0.010291083903734973, 0.006687385545826616, 0.021625649321371166], [-0.0663363415794078, 0.021625649321371166, 0.13348724763020123]], "chi2_level": 0.997, "chi2_df": 3, "chi2_threshold": 13.931422665512084, "N_raw": 7, "N_roi": 7, "N_inlier": 7, "refit": true}
{"timestamp": "14:32:55.287742", "frame": 10, "mu": [1.1498386901471485, 0.9293710270842035, 1.300922593485275], "Sigma": [[0.004766320924686073, -0.004111425246291795, -0.008189915356770546], [-0.004111425246291795, 0.005019950658020629, 0.0067696998780191146], [-0.008189915356770546, 0.0067696998780191146, 0.022752014861444743]], "chi2_level": 0.997, "chi2_df": 3, "chi2_threshold": 13.931422665512084, "N_raw": 24, "N_roi": 24, "N_inlier": 24, "refit": true}
{"timestamp": "14:32:55.342988", "frame": 11, "mu": [1.0637698552053332, 0.9632031864300806, 1.3748833646509273], "Sigma": [[0.004964451088408139, -0.005470023127510555, -0.009304488513029945], [-0.005470023127510555, 0.007727475688838866, 0.011963820845945498], [-0.009304488513029945, 0.011963820845945496, 0.02460355072236161]], "chi2_level": 0.997, "chi2_df": 3, "chi2_threshold": 13.931422665512084, "N_raw": 26, "N_roi": 26, "N_inlier": 26, "refit": true}
{"timestamp": "14:32:55.399609", "frame": 12, "mu": [0.9835345874742996, 1.0064614579037234, 1.4328615047967257], "Sigma": [[0.00418820912063271, -0.0017532802819123978, -0.004685660998557323], [-0.001753280281912398, 0.0025665448380844578, 0.0011588295855825572], [-0.004685660998557323, 0.0011588295855825574, 0.011593475874990933]], "chi2_level": 0.997, "chi2_df": 3, "chi2_threshold": 13.931422665512084, "N_raw": 35, "N_roi": 35, "N_inlier": 33, "refit": true}
{"timestamp": "14:32:55.454605", "frame": 13, "mu": [0.9439981960219835, 0.9817636502412735, 1.4420779818300546], "Sigma": [[0.011001693736968509, -0.009610289944989178, -0.022945654630384497], [-0.009610289944989178, 0.013517059584264666, 0.026418086904721222], [-0.0229456546303845, 0.026418086904721225, 0.06498473652030494]], "chi2_level": 0.997, "chi2_df": 3, "chi2_threshold": 13.931422665512084, "N_raw": 37, "N_roi": 37, "N_inlier": 35, "refit": true}
{"timestamp": "14:32:55.505880", "frame": 14, "mu": [0.9855664228867533, 0.831529702425571, 1.1002400589059507], "Sigma": [[0.01618093028427716, -0.02098605653272558, -0.057257577144254904], [-0.020986056532725575, 0.04022968555112321, 0.10443980951650966], [-0.057257577144254904, 0.10443980951650966, 0.2890592619366687]], "chi2_level": 0.997, "chi2_df": 3, "chi2_threshold": 13.931422665512084, "N_raw": 8, "N_roi": 8, "N_inlier": 8, "refit": true}
{"timestamp": "14:32:55.561951", "frame": 15, "mu": [0.9106819500578832, 0.846937340676907, 1.2761567223835606], "Sigma": [[0.0025309326257523038, -0.0010139724659130854, -0.003039881054501697], [-0.0010139724659130854, 0.001562568697721469, 0.00044705787085261143], [-0.003039881054501697, 0.00044705787085261143, 0.004453440474991951]], "chi2_level": 0.997, "chi2_df": 3, "chi2_threshold": 13.931422665512084, "N_raw": 15, "N_roi": 15, "N_inlier": 14, "refit": true}
{"timestamp": "14:32:55.618950", "frame": 16, "mu": [0.8479334549798784, 0.8870703402033766, 1.301493635829014], "Sigma": [[0.006195507839828684, -0.0011348339639162333, -0.005613281411613958], [-0.0011348339639162333, 0.002016069727695741, 0.0014695817597868116], [-0.005613281411613958, 0.0014695817597868116, 0.008231147249141325]], "chi2_level": 0.997, "chi2_df": 3, "chi2_threshold": 13.931422665512084, "N_raw": 31, "N_roi": 31, "N_inlier": 29, "refit": true}
{"timestamp": "14:32:55.676877", "frame": 17, "mu": [0.74495105319501, 0.8705937547058297, 1.3624449635620963], "Sigma": [[0.006213999739586297, -0.0017905840947438282, -0.007518148974037993], [-0.0017905840947438282, 0.0032821875988465286, -0.0009437495173818799], [-0.007518148974037993, -0.0009437495173818797, 0.018293343702482423]], "chi2_level": 0.997, "chi2_df": 3, "chi2_threshold": 13.931422665512084, "N_raw": 58, "N_roi": 58, "N_inlier": 57, "refit": true}
{"timestamp": "14:32:55.733611", "frame": 18, "mu": [0.6778006918583155, 0.8680977397494203, 1.4196138957837179], "Sigma": [[0.004626334391204924, -0.0007602311385987385, -0.0031701274268787537], [-0.0007602311385987385, 0.004090926424730957, -0.0008847099560432058], [-0.003170127426878754, -0.0008847099560432059, 0.004048967504947859]], "chi2_level": 0.997, "chi2_df": 3, "chi2_threshold": 13.931422665512084, "N_raw": 62, "N_roi": 62, "N_inlier": 57, "refit": true}
{"timestamp": "14:32:55.792701", "frame": 19, "mu": [0.6056770126796039, 0.8283613841604266, 1.2964499711980593], "Sigma": [[0.004313708468197022, -0.0016164651169073112, -0.0052321394553880825], [-0.001616465116907311, 0.0034221998300154677, 0.004411455287624129], [-0.005232139455388082, 0.00441145528762413, 0.04780813934124634]], "chi2_level": 0.997, "chi2_df": 3, "chi2_threshold": 13.931422665512084, "N_raw": 84, "N_roi": 84, "N_inlier": 84, "refit": true}
{"timestamp": "14:32:55.845712", "frame": 20, "mu": [0.5752360935567629, 0.8660593102663497, -0.5614324743316258], "Sigma": [[0.006708589547306065, 0.0019684620020251654, -0.001704096380897421], [0.0019684620020251654, 0.003417220661838081, 0.00045359395853885215], [-0.0017040963808974208, 0.00045359395853885215, 0.010438062829395519]], "chi2_level": 0.997, "chi2_df": 3, "chi2_threshold": 13.931422665512084, "N_raw": 74, "N_roi": 73, "N_inlier": 70, "refit": true}
{"timestamp": "14:32:55.900100", "frame": 21, "mu": [0.48801823544540307, 0.9731909725979045, -0.31320663334600923], "Sigma": [[0.003440211617714133, 0.001669159663192235, -0.002104706983066243], [0.0016691596631922348, 0.005870872815535431, -0.0026122857407506602], [-0.002104706983066243, -0.0026122857407506602, 0.0020069652881780586]], "chi2_level": 0.997, "chi2_df": 3, "chi2_threshold": 13.931422665512084, "N_raw": 69, "N_roi": 69, "N_inlier": 67, "refit": true}
{"timestamp": "14:32:55.952655", "frame": 22, "mu": [0.39965384222738576, 0.8436460559680777, 1.4282876232347053], "Sigma": [[0.004116587880957847, -0.001363726457111664, -0.003650061695648825], [-0.001363726457111664, 0.0019121901200153133, 0.0007860949602062405], [-0.003650061695648825, 0.0007860949602062406, 0.009007861240238736]], "chi2_level": 0.997, "chi2_df": 3, "chi2_threshold": 13.931422665512084, "N_raw": 55, "N_roi": 55, "N_inlier": 54, "refit": true}
{"timestamp": "14:32:56.002798", "frame": 23, "mu": [0.413577878859551, 0.8683703956189934, 1.156212337545924], "Sigma": [[0.002200509514939804, -8.685772283393287e-05, -0.004411502100434155], [-8.685772283393282e-05, 0.003768854979819482, 0.02286455033839832], [-0.004411502100434155, 0.022864550338398324, 0.19295788054227564]], "chi2_level": 0.997, "chi2_df": 3, "chi2_threshold": 13.931422665512084, "N_raw": 24, "N_roi": 24, "N_inlier": 24, "refit": true}
{"timestamp": "14:32:56.059605", "frame": 24, "mu": [0.23900860217989317, 0.8824176614788842, 1.3250423312373982], "Sigma": [[0.001782833847054189, -0.0001555149890004464, -0.00945530275443512], [-0.0001555149890004465, 0.0013569065902162734, -0.002759535986958564], [-0.009455302754435119, -0.002759535986958564, 0.1525994009598403]], "chi2_level": 0.997, "chi2_df": 3, "chi2_threshold": 13.931422665512084, "N_raw": 36, "N_roi": 36, "N_inlier": 35, "refit": true}
{"timestamp": "14:32:56.119447", "frame": 25, "mu": [0.17679361214423034, 0.871542703175713, 1.4326378102646353], "Sigma": [[0.0024389567543845964, -0.0004251194902486139, -0.0021979159915360602], [-0.0004251194902486139, 0.0031782471005586304, -0.0007433316593387585], [-0.0021979159915360602, -0.0007433316593387582, 0.012443710975551225]], "chi2_level": 0.997, "chi2_df": 3, "chi2_threshold": 13.931422665512084, "N_raw": 68, "N_roi": 67, "N_inlier": 62, "refit": true}
{"timestamp": "14:32:56.167274", "frame": 26, "mu": [0.11451446938609246, 0.7820324459256217, 0.9088615151536354], "Sigma": [[0.01253855745182061, -0.010139730611633684, 0.05128916430563619], [-0.010139730611633684, 0.019111089745360285, -0.04485046577768045], [0.05128916430563619, -0.04485046577768045, 0.23073192280657445]], "chi2_level": 0.997, "chi2_df": 3, "chi2_threshold": 13.931422665512084, "N_raw": 17, "N_roi": 17, "N_inlier": 17, "refit": true}
{"timestamp": "14:32:56.229528", "frame": 27, "mu": [0.08712681639167708, 0.8333023136591088, 1.2771043888056122], "Sigma": [[0.003370956838160577, 0.0008555311103614848, -0.0011888209602701847], [0.0008555311103614848, 0.0037295537934218565, -0.0010937112905103552], [-0.0011888209602701847, -0.0010937112905103552, 0.005293636905257421]], "chi2_level": 0.997, "chi2_df": 3, "chi2_threshold": 13.931422665512084, "N_raw": 70, "N_roi": 70, "N_inlier": 67, "refit": true}
{"timestamp": "14:32:56.277580", "frame": 28, "mu": [-0.03737811722683406, 0.8512314523337654, 1.155960189235088], "Sigma": [[0.0032891864439784308, -0.0012560772446751644, -0.018740875984566134], [-0.0012560772446751644, 0.002316816681265996, 0.010035632703808788], [-0.018740875984566134, 0.010035632703808786, 0.3327579627423631]], "chi2_level": 0.997, "chi2_df": 3, "chi2_threshold": 13.931422665512084, "N_raw": 17, "N_roi": 17, "N_inlier": 16, "refit": true}
{"timestamp": "14:32:56.339155", "frame": 29, "mu": [-0.1118132151714003, 0.8963939376310329, 1.430665199748318], "Sigma": [[0.0021853152866046837, -0.0004778970369556924, -0.0028855263418293116], [-0.00047789703695569243, 0.002833962925227216, -0.002314400663332736], [-0.0028855263418293116, -0.002314400663332736, 0.008828007866849907]], "chi2_level": 0.997, "chi2_df": 3, "chi2_threshold": 13.931422665512084, "N_raw": 73, "N_roi": 73, "N_inlier": 70, "refit": true}
{"timestamp": "14:32:56.397066", "frame": 30, "mu": [-0.21303114121518452, 0.9038620329074929, 1.4746248269654731], "Sigma": [[0.002956526230171394, -0.0014544599258078047, -0.001531018254068882], [-0.001454459925807805, 0.004720635988801584, -0.0025819140982113694], [-0.001531018254068882, -0.0025819140982113694, 0.003931693206381435]], "chi2_level": 0.997, "chi2_df": 3, "chi2_threshold": 13.931422665512084, "N_raw": 85, "N_roi": 85, "N_inlier": 82, "refit": true}
{"timestamp": "14:32:56.450925", "frame": 31, "mu": [-0.2740307179366624, 0.9710121646952413, -0.27224834932614106], "Sigma": [[0.0037075929436880557, -0.0019275424247124481, -0.003219888155058133], [-0.001927542424712448, 0.0046889514540603625, -0.00035400581540428826], [-0.003219888155058133, -0.0003540058154042883, 0.007801817764444248]], "chi2_level": 0.997, "chi2_df": 3, "chi2_threshold": 13.931422665512084, "N_raw": 76, "N_roi": 76, "N_inlier": 73, "refit": true}
{"timestamp": "14:32:56.506104", "frame": 32, "mu": [-0.2937941225239816, 0.8631586902518467, 1.2957020547894682], "Sigma": [[0.004852769896519567, -0.003810369383280502, -0.016146935300943036], [-0.0038103693832805025, 0.005229679607688568, 0.014792276558961004], [-0.016146935300943036, 0.014792276558961003, 0.0762358619667717]], "chi2_level": 0.997, "chi2_df": 3, "chi2_threshold": 13.931422665512084, "N_raw": 78, "N_roi": 78, "N_inlier": 77, "refit": true}
{"timestamp": "14:32:56.560502", "frame": 33, "mu": [-0.3917468873579323, 0.8868979699665291, 1.4284464924389118], "Sigma": [[0.0030723192511571814, -0.00012284597158909667, -0.004764252007040334], [-0.00012284597158909673, 0.00173056784579428, -0.002894408875554558], [-0.004764252007040334, -0.002894408875554557, 0.01430042285162591]], "chi2_level": 0.997, "chi2_df": 3, "chi2_threshold": 13.931422665512084, "N_raw": 72, "N_roi": 69, "N_inlier": 65, "refit": true}
{"timestamp": "14:32:56.615944", "frame": 34, "mu": [-0.474308196335388, 0.9019496493698458, 1.4330207473157506], "Sigma": [[0.003539269019890303, -0.0016370693350980109, -0.0024134690926338478], [-0.001637069335098011, 0.00221508696360907, -0.0010271055661079105], [-0.0024134690926338478, -0.0010271055661079107, 0.010997912307899746]], "chi2_level": 0.997, "chi2_df": 3, "chi2_threshold": 13.931422665512084, "N_raw": 75, "N_roi": 73, "N_inlier": 65, "refit": true}
{"timestamp": "14:32:56.672396", "frame": 35, "mu": [-0.6051195340348733, 0.8481135348830212, 1.4808987096756105], "Sigma": [[0.022165364733187636, 0.007073784825123443, -0.017574263017048373], [0.007073784825123443, 0.007995616098638064, -0.007966240545761106], [-0.017574263017048373, -0.007966240545761106, 0.023188450692729488]], "chi2_level": 0.997, "chi2_df": 3, "chi2_threshold": 13.931422665512084, "N_raw": 82, "N_roi": 82, "N_inlier": 79, "refit": true}
{"timestamp": "14:32:56.723012", "frame": 36, "mu": [-0.7682638165492304, 0.8165348644823214, 1.521534400946783], "Sigma": [[0.03794745039488934, 0.016843586471585438, -0.03351957763239673], [0.016843586471585438, 0.010448092519103972, -0.016542491662534336], [-0.03351957763239673, -0.016542491662534336, 0.03706834743153392]], "chi2_level": 0.997, "chi2_df": 3, "chi2_threshold": 13.931422665512084, "N_raw": 60, "N_roi": 60, "N_inlier": 58, "refit": true}
{"timestamp": "14:32:56.774604", "frame": 37, "mu": [-0.9363016219783846, 0.7558517138512226, 1.629412440749817], "Sigma": [[0.02832295158743423, 0.01062171687667827, -0.030603169448797655], [0.010621716876678268, 0.009624581512155837, -0.011995272175613806], [-0.03060316944879765, -0.011995272175613806, 0.046344974803166766]], "chi2_level": 0.997, "chi2_df": 3, "chi2_threshold": 13.931422665512084, "N_raw": 38, "N_roi": 38, "N_inlier": 37, "refit": true}
{"timestamp": "14:32:56.836625", "frame": 38, "mu": [-0.9123123153300605, 0.846293305876718, -0.1594017579639394], "Sigma": [[0.03032417231020266, 0.005286517128445186, -0.000216125248003852], [0.005286517128445186, 0.01167099717475452, -0.0226811748180273], [-0.000216125248003852, -0.022681174818027297, 0.20412575221862755]], "chi2_level": 0.997, "chi2_df": 3, "chi2_threshold": 13.931422665512084, "N_raw": 83, "N_roi": 83, "N_inlier": 82, "refit": true}
{"timestamp": "14:32:56.893043", "frame": 39, "mu": [-1.0267859908488304, 0.785053018574265, 1.6150608717610941], "Sigma": [[0.017930401759890635, 0.0033470793330172784, -0.012525727530536886], [0.003347079333017278, 0.00685337239065506, -0.004737957983717327], [-0.012525727530536887, -0.004737957983717327, 0.010648703548950362]], "chi2_level": 0.997, "chi2_df": 3, "chi2_threshold": 13.931422665512084, "N_raw": 97, "N_roi": 97, "N_inlier": 96, "refit": true}
{"timestamp": "14:32:56.946863", "frame": 40, "mu": [-1.086895355293764, 0.7620676406750307, 1.5557279606351753], "Sigma": [[0.012992581215567447, 0.001248392707966401, -0.01078244355805346], [0.001248392707966401, 0.008202534690225383, -0.0022369513938264164], [-0.010782443558053459, -0.0022369513938264164, 0.01020671473469987]], "chi2_level": 0.997, "chi2_df": 3, "chi2_threshold": 13.931422665512084, "N_raw": 78, "N_roi": 78, "N_inlier": 75, "refit": true}
{"timestamp": "14:32:56.999051", "frame": 41, "mu": [-1.1407896926028678, 0.817144502617633, 1.626896639602251], "Sigma": [[0.010343969718234402, 0.0037656804300519268, -0.0054851217363156984], [0.003765680430051926, 0.007838025933285038, -0.004516474495231216], [-0.0054851217363156984, -0.004516474495231216, 0.0047310953287892895]], "chi2_level": 0.997, "chi2_df": 3, "chi2_threshold": 13.931422665512084, "N_raw": 68, "N_roi": 68, "N_inlier": 67, "refit": true}
{"timestamp": "14:32:57.055050", "frame": 42, "mu": [-1.2163743412608783, 0.7766629505366593, 1.5789865720860783], "Sigma": [[0.012178291955258911, 0.0029359804764619007, -0.007368793871369132], [0.0029359804764619007, 0.008311689185486004, -0.00394229404485591], [-0.007368793871369132, -0.00394229404485591, 0.008081299649358826]], "chi2_level": 0.997, "chi2_df": 3, "chi2_threshold": 13.931422665512084, "N_raw": 72, "N_roi": 72, "N_inlier": 70, "refit": true}
{"timestamp": "14:32:57.111209", "frame": 43, "mu": [-1.2671514437533142, 0.8213149822423121, 1.5822384201205564], "Sigma": [[0.01263320581247718, 0.003572007689215278, -0.008202352146255889], [0.003572007689215278, 0.015264941456356533, -0.0006136327805387594], [-0.00820235214625589, -0.0006136327805387594, 0.0070532875059153306]], "chi2_level": 0.997, "chi2_df": 3, "chi2_threshold": 13.931422665512084, "N_raw": 78, "N_roi": 78, "N_inlier": 76, "refit": true}
{"timestamp": "14:32:57.167983", "frame": 44, "mu": [-1.2924245894593664, 0.8652026532854156, 1.5201614391372638], "Sigma": [[0.015972833940808215, 0.004680718952772297, -0.008185448171525663], [0.004680718952772297, 0.012145600081881957, -0.002013461248987164], [-0.008185448171525663, -0.002013461248987164, 0.012498126538455447]], "chi2_level": 0.997, "chi2_df": 3, "chi2_threshold": 13.931422665512084, "N_raw": 86, "N_roi": 86, "N_inlier": 81, "refit": true}
{"timestamp": "14:32:57.222298", "frame": 45, "mu": [-1.3351511926865787, 0.8392560276902644, 1.4109295120793273], "Sigma": [[0.014189738734253788, 0.015694130338653092, 0.0012213906110593454], [0.015694130338653092, 0.03657549077976967, 0.007645038526363002], [0.0012213906110593452, 0.007645038526363002, 0.023885714789133497]], "chi2_level": 0.997, "chi2_df": 3, "chi2_threshold": 13.931422665512084, "N_raw": 87, "N_roi": 87, "N_inlier": 84, "refit": true}
{"timestamp": "14:32:57.273344", "frame": 46, "mu": [-1.3630870246255686, 0.8900160833876865, 1.1877343516639487], "Sigma": [[0.012646390274646148, 0.017926699550948503, -0.02025045374489667], [0.017926699550948503, 0.03828540159633151, -0.008424904909146514], [-0.020250453744896674, -0.008424904909146515, 0.13953722267374638]], "chi2_level": 0.997, "chi2_df": 3, "chi2_threshold": 13.931422665512084, "N_raw": 58, "N_roi": 58, "N_inlier": 57, "refit": true}
{"timestamp": "14:32:57.334724", "frame": 47, "mu": [-1.498237300233466, 0.8968637119197016, 1.390567909157535], "Sigma": [[0.017618157180239277, 0.016628111908482332, 0.009641917186229587], [0.016628111908482332, 0.021169786301037177, 0.011338606229172765], [0.009641917186229589, 0.011338606229172765, 0.055772285949116124]], "chi2_level": 0.997, "chi2_df": 3, "chi2_threshold": 13.931422665512084, "N_raw": 103, "N_roi": 103, "N_inlier": 100, "refit": true}
{"timestamp": "14:32:57.389352", "frame": 48, "mu": [-1.5231363807627194, 0.9411141509671596, 1.4202868996294735], "Sigma": [[0.018030538025667626, 0.024196073337966008, 0.015208277961695212], [0.024196073337966008, 0.05620427544175842, 0.03898417875440188], [0.015208277961695212, 0.038984178754401876, 0.08831980216285981]], "chi2_level": 0.997, "chi2_df": 3, "chi2_threshold": 13.931422665512084, "N_raw": 97, "N_roi": 97, "N_inlier": 91, "refit": true}
{"timestamp": "14:32:57.439848", "frame": 49, "mu": [-1.5833044186182597, 1.0687068233258266, 1.5072675812497767], "Sigma": [[0.01464739845819607, 0.011132658540260241, 0.00725378679881941], [0.011132658540260241, 0.017415541225314222, -0.0030766961763373903], [0.00725378679881941, -0.0030766961763373903, 0.09267459548421969]], "chi2_level": 0.997, "chi2_df": 3, "chi2_threshold": 13.931422665512084, "N_raw": 75, "N_roi": 75, "N_inlier": 74, "refit": true}
{"timestamp": "14:32:57.495849", "frame": 50, "mu": [-1.5361646873610824, 1.1839349628702498, 1.4970487660236886], "Sigma": [[0.01659825354153163, 0.008183763440044796, -0.01625866680704819], [0.008183763440044796, 0.009906550416090837, -0.011483031251356577], [-0.01625866680704819, -0.011483031251356577, 0.03991558734538129]], "chi2_level": 0.997, "chi2_df": 3, "chi2_threshold": 13.931422665512084, "N_raw": 84, "N_roi": 84, "N_inlier": 83, "refit": true}
{"timestamp": "14:32:57.551848", "frame": 51, "mu": [-1.5999477463074852, 1.194799003426429, 1.4306378989563466], "Sigma": [[0.013766638266476712, 0.008657743359861546, -0.007987835961612209], [0.008657743359861546, 0.011167431205951638, -0.011761475973844769], [-0.00798783596161221, -0.01176147597384477, 0.02325483173809096]], "chi2_level": 0.997, "chi2_df": 3, "chi2_threshold": 13.931422665512084, "N_raw": 87, "N_roi": 87, "N_inlier": 87, "refit": true}
{"timestamp": "14:32:57.605847", "frame": 52, "mu": [-1.662053455126169, 1.252477263752864, 1.5774906091424488], "Sigma": [[0.017192537590132197, 0.009172610545089895, -0.011062998398084518], [0.009172610545089895, 0.014887515047748491, -0.007873999677608386], [-0.011062998398084518, -0.007873999677608386, 0.010515203959501795]], "chi2_level": 0.997, "chi2_df": 3, "chi2_threshold": 13.931422665512084, "N_raw": 80, "N_roi": 80, "N_inlier": 77, "refit": true}
{"timestamp": "14:32:57.657263", "frame": 53, "mu": [-1.7087306142461827, 1.3152251710855072, 1.4151107205672246], "Sigma": [[0.01587908300925899, 0.006855767755209993, -0.022154057649037405], [0.006855767755209994, 0.007675639182503202, -0.014747453145705823], [-0.022154057649037405, -0.014747453145705823, 0.05450324051240883]], "chi2_level": 0.997, "chi2_df": 3, "chi2_threshold": 13.931422665512084, "N_raw": 52, "N_roi": 52, "N_inlier": 51, "refit": true}
{"timestamp": "14:32:57.712688", "frame": 54, "mu": [-1.7742782996584006, 1.374460857512094, 1.6032785164797172], "Sigma": [[0.016073731302369963, 0.00918282108556702, -0.023503328301555187], [0.00918282108556702, 0.01200148673461519, -0.02089298446176568], [-0.023503328301555187, -0.020892984461765678, 0.08763844260062853]], "chi2_level": 0.997, "chi2_df": 3, "chi2_threshold": 13.931422665512084, "N_raw": 59, "N_roi": 59, "N_inlier": 58, "refit": true}
{"timestamp": "14:32:57.771726", "frame": 55, "mu": [-1.816799784272561, 1.4415422665833004, 1.6669533088194635], "Sigma": [[0.020451889763653544, 0.01360083647262461, -0.02763722968066517], [0.01360083647262461, 0.019541249093641827, -0.022427780178368426], [-0.027637229680665173, -0.022427780178368426, 0.07248255463416325]], "chi2_level": 0.997, "chi2_df": 3, "chi2_threshold": 13.931422665512084, "N_raw": 90, "N_roi": 90, "N_inlier": 87, "refit": true}
{"timestamp": "14:32:57.829325", "frame": 56, "mu": [-1.8449062974820432, 1.503777973614027, 1.609202681471458], "Sigma": [[0.021297504191316853, 0.018293803388087563, -0.045425638587283185], [0.018293803388087563, 0.027143864324403966, -0.05792833563080264], [-0.045425638587283185, -0.05792833563080264, 0.2046404227932989]], "chi2_level": 0.997, "chi2_df": 3, "chi2_threshold": 13.931422665512084, "N_raw": 94, "N_roi": 94, "N_inlier": 93, "refit": true}
{"timestamp": "14:32:57.877355", "frame": 57, "mu": [-1.916849096649537, 1.53507696483714, 1.7386657352925956], "Sigma": [[0.01230999701654689, 0.00787260762578033, -0.011824517679749772], [0.00787260762578033, 0.01390066649772659, -0.011057304814193702], [-0.01182451767974977, -0.011057304814193702, 0.016272719750036857]], "chi2_level": 0.997, "chi2_df": 3, "chi2_threshold": 13.931422665512084, "N_raw": 56, "N_roi": 56, "N_inlier": 53, "refit": true}
{"timestamp": "14:32:57.934096", "frame": 58, "mu": [-1.9923491502161408, 1.5390937801521207, 1.7386559879165104], "Sigma": [[0.015556188007671163, 0.010794112187934083, -0.013631389367922575], [0.010794112187934083, 0.020427489650797413, -0.019438108988433428], [-0.013631389367922575, -0.019438108988433428, 0.030721926152561425]], "chi2_level": 0.997, "chi2_df": 3, "chi2_threshold": 13.931422665512084, "N_raw": 72, "N_roi": 72, "N_inlier": 68, "refit": true}
{"timestamp": "14:32:57.988958", "frame": 59, "mu": [-2.038112773461888, 1.6071066935544676, 1.911161272357721], "Sigma": [[0.01647149642945405, 0.01589276800366969, -0.01381272040148509], [0.01589276800366969, 0.02664372691021767, -0.021194800050589373], [-0.013812720401485092, -0.021194800050589373, 0.019290941342364806]], "chi2_level": 0.997, "chi2_df": 3, "chi2_threshold": 13.931422665512084, "N_raw": 68, "N_roi": 68, "N_inlier": 67, "refit": true}
{"timestamp": "14:32:58.040738", "frame": 60, "mu": [-2.0778267409474815, 1.6473798425069068, 0.15783595363251365], "Sigma": [[0.031122593198367986, 0.02974422132595822, -0.017662014727553993], [0.02974422132595822, 0.03965837267251292, -0.02887690479087166], [-0.017662014727553993, -0.02887690479087166, 0.11117196391317194]], "chi2_level": 0.997, "chi2_df": 3, "chi2_threshold": 13.931422665512084, "N_raw": 47, "N_roi": 47, "N_inlier": 47, "refit": true}
{"timestamp": "14:32:58.103546", "frame": 61, "mu": [-1.9935005550453369, 1.8764932342910379, -0.17205296096489708], "Sigma": [[0.04971506423248085, 0.04356720834465898, 0.024428883467070832], [0.043567208344658985, 0.0477044562733289, 0.01692718458429797], [0.02442888346707083, 0.01692718458429797, 0.03605764523012489]], "chi2_level": 0.997, "chi2_df": 3, "chi2_threshold": 13.931422665512084, "N_raw": 104, "N_roi": 104, "N_inlier": 102, "refit": true}
{"timestamp": "14:32:58.157197", "frame": 62, "mu": [-2.0599283041439413, 1.875733300378747, 1.9201900802623355], "Sigma": [[0.03998268876597086, 0.0327438655742579, -0.02729654595059167], [0.03274386557425789, 0.03794166245736172, -0.028008877799587665], [-0.02729654595059167, -0.02800887779958766, 0.024547077336920062]], "chi2_level": 0.997, "chi2_df": 3, "chi2_threshold": 13.931422665512084, "N_raw": 89, "N_roi": 89, "N_inlier": 86, "refit": true}
{"timestamp": "14:32:58.204166", "frame": 63, "mu": [-1.9899938058128, 1.985764862173956, 1.7168603433305931], "Sigma": [[0.08354723370252615, 0.06035853060987617, -0.052647634428103024], [0.06035853060987617, 0.04807615059321162, -0.04063530893856901], [-0.052647634428103024, -0.04063530893856901, 0.040720023761986336]], "chi2_level": 0.997, "chi2_df": 3, "chi2_threshold": 13.931422665512084, "N_raw": 36, "N_roi": 36, "N_inlier": 36, "refit": true}
{"timestamp": "14:32:58.260115", "frame": 64, "mu": [-1.8849600506953346, 2.228187432114512, 1.541495193249904], "Sigma": [[0.021382794448522473, 0.01478330211732679, -0.018759544681050323], [0.01478330211732679, 0.014424645038456531, -0.016743777503256684], [-0.018759544681050323, -0.016743777503256688, 0.022760044535914764]], "chi2_level": 0.997, "chi2_df": 3, "chi2_threshold": 13.931422665512084, "N_raw": 44, "N_roi": 44, "N_inlier": 42, "refit": true}
{"timestamp": "14:32:58.317882", "frame": 65, "mu": [-1.8681111549537142, 2.3368663715270728, 0.17064655912118298], "Sigma": [[0.01323150930532997, 0.008281538467520526, -0.00822822374110827], [0.008281538467520527, 0.012570864965334796, -0.0065925589314759815], [-0.008228223741108272, -0.006592558931475982, 0.007723005707881056]], "chi2_level": 0.997, "chi2_df": 3, "chi2_threshold": 13.931422665512084, "N_raw": 57, "N_roi": 53, "N_inlier": 51, "refit": true}
{"timestamp": "14:32:58.367341", "frame": 66, "mu": [-1.9019785219964063, 2.3027936718080575, 1.618895225685314], "Sigma": [[0.006474399609792668, 0.002574640477241449, -0.005923540267464728], [0.002574640477241449, 0.004623656490015942, -0.003969036186625057], [-0.005923540267464728, -0.003969036186625057, 0.009622645577024027]], "chi2_level": 0.997, "chi2_df": 3, "chi2_threshold": 13.931422665512084, "N_raw": 24, "N_roi": 24, "N_inlier": 21, "refit": true}
{"timestamp": "14:32:58.422913", "frame": 67, "mu": [-1.9098314606979094, 2.3237351286374563, 1.4487697736064762], "Sigma": [[0.03473911383065254, 0.02434297094796472, -0.03420448768500678], [0.02434297094796472, 0.02136420271184958, -0.02638296849407316], [-0.03420448768500678, -0.026382968494073157, 0.038897676385398365]], "chi2_level": 0.997, "chi2_df": 3, "chi2_threshold": 13.931422665512084, "N_raw": 24, "N_roi": 22, "N_inlier": 20, "refit": true}
{"timestamp": "14:32:58.481477", "frame": 68, "mu": [-1.930165028063724, 2.4820416112808665, 1.4963234020133438], "Sigma": [[0.012620897023347101, 0.005496900819337255, -0.00728342635571841], [0.005496900819337255, 0.008158380116902073, -0.00702853059834678], [-0.00728342635571841, -0.00702853059834678, 0.013560772775175521]], "chi2_level": 0.997, "chi2_df": 3, "chi2_threshold": 13.931422665512084, "N_raw": 50, "N_roi": 50, "N_inlier": 48, "refit": true}
{"timestamp": "14:32:58.533856", "frame": 69, "mu": [-1.9401013436004233, 2.589489156314795, 1.6246652956609797], "Sigma": [[0.005417786191920178, 0.0030743718011023895, -0.0048496801652201365], [0.00307437180110239, 0.005913880552340249, -0.007847616266662402], [-0.0048496801652201365, -0.007847616266662402, 0.07592632592310808]], "chi2_level": 0.997, "chi2_df": 3, "chi2_threshold": 13.931422665512084, "N_raw": 31, "N_roi": 29, "N_inlier": 29, "refit": true}
{"timestamp": "14:32:58.586440", "frame": 70, "mu": [-2.0451090026747534, 2.6154599531545935, 1.6808472556566194], "Sigma": [[0.0031815217684761595, 5.9048729635772504e-05, 0.0013768042765769854], [5.9048729635772504e-05, 0.007123616327422638, -0.012867840297871778], [0.0013768042765769845, -0.012867840297871778, 0.030026640244695587]], "chi2_level": 0.997, "chi2_df": 3, "chi2_threshold": 13.931422665512084, "N_raw": 14, "N_roi": 10, "N_inlier": 10, "refit": true}
{"timestamp": "14:32:58.695291", "frame": 72, "mu": [-1.7868521612919186, 2.6195415952197285, 1.230741864769192], "Sigma": [[0.30734456662971843, -0.38728312881942006, 0.15279348076071064], [-0.38728312881942006, 0.49861854100136704, -0.19509615890314608], [0.15279348076071067, -0.19509615890314608, 0.13237351541540704]], "chi2_level": 0.997, "chi2_df": 3, "chi2_threshold": 13.931422665512084, "N_raw": 8, "N_roi": 8, "N_inlier": 8, "refit": true}
{"timestamp": "14:32:58.753579", "frame": 73, "mu": [-1.895943484862088, 2.9028261320400954, 1.2934184209754382], "Sigma": [[0.007981161059264082, 0.001220111799183709, 0.002837109148563852], [0.001220111799183709, 0.003273610980014762, -0.014266153393880533], [0.002837109148563852, -0.01426615339388053, 0.1367149049622209]], "chi2_level": 0.997, "chi2_df": 3, "chi2_threshold": 13.931422665512084, "N_raw": 27, "N_roi": 27, "N_inlier": 26, "refit": true}
{"timestamp": "14:32:58.806442", "frame": 74, "mu": [-1.8997655770365047, 3.057681073314325, 0.08303906124215374], "Sigma": [[0.006188136955725505, -0.002915819020518326, 0.018205136564146292], [-0.002915819020518326, 0.021914388902416343, -0.05905847821198593], [0.018205136564146296, -0.05905847821198593, 0.19182260360571332]], "chi2_level": 0.997, "chi2_df": 3, "chi2_threshold": 13.931422665512084, "N_raw": 15, "N_roi": 14, "N_inlier": 14, "refit": true}
{"timestamp": "14:32:58.899488", "frame": 75, "mu": [-1.9307659823513963, 3.0193462858392737, 0.3392929670262159], "Sigma": [[0.01646181312788315, 0.00923638356575127, -0.014386741906525934], [0.00923638356575127, 0.013908300365180381, -0.019438086062079845], [-0.014386741906525936, -0.019438086062079845, 0.03397103723070457]], "chi2_level": 0.997, "chi2_df": 3, "chi2_threshold": 13.931422665512084, "N_raw": 41, "N_roi": 41, "N_inlier": 38, "refit": true}
{"timestamp": "14:32:58.920329", "frame": 76, "mu": [-1.7380781439967017, 3.0988108997046124, 1.0426592229008358], "Sigma": [[0.026751332186662237, -0.007831772754300314, -0.0021673730242623866], [-0.007831772754300314, 0.00757941217588387, -0.01668242401233781], [-0.002167373024262387, -0.01668242401233781, 0.09126620853686292]], "chi2_level": 0.997, "chi2_df": 3, "chi2_threshold": 13.931422665512084, "N_raw": 46, "N_roi": 46, "N_inlier": 45, "refit": true}
{"timestamp": "14:32:58.973737", "frame": 77, "mu": [-1.829260693398768, 3.071680675645282, 0.8515986020585059], "Sigma": [[0.03207980679220715, -0.0025159346694039937, 0.038303068415517214], [-0.0025159346694039937, 0.0029888304690523716, -0.00014526867410275869], [0.038303068415517214, -0.00014526867410276, 0.1263926639013708]], "chi2_level": 0.997, "chi2_df": 3, "chi2_threshold": 13.931422665512084, "N_raw": 30, "N_roi": 28, "N_inlier": 28, "refit": true}
{"timestamp": "14:32:59.024879", "frame": 78, "mu": [-1.8325951952565973, 3.1918726536540283, 1.2643871172941379], "Sigma": [[0.023944849715253867, -0.0066040658952454066, 0.01653103322936073], [-0.006604065895245406, 0.003726999848986719, 0.007289540459562484], [0.016531033229360732, 0.007289540459562484, 0.10804949145433687]], "chi2_level": 0.997, "chi2_df": 3, "chi2_threshold": 13.931422665512084, "N_raw": 12, "N_roi": 10, "N_inlier": 10, "refit": true}
{"timestamp": "14:32:59.083292", "frame": 79, "mu": [-2.021365103065041, 3.240896125666999, 0.8419571030559675], "Sigma": [[0.022274462399638012, 0.0011955819671053331, 0.013774860506584512], [0.0011955819671053336, 0.0021282689075031148, -0.005828619615125786], [0.01377486050658451, -0.005828619615125786, 0.06152717932365205]], "chi2_level": 0.997, "chi2_df": 3, "chi2_threshold": 13.931422665512084, "N_raw": 34, "N_roi": 34, "N_inlier": 33, "refit": true}
{"timestamp": "14:32:59.191899", "frame": 81, "mu": [-1.6377011589603991, 3.321177108494863, 1.3127677707783583], "Sigma": [[0.008472886657498237, 0.0015269848835476067, -0.005594712387809172], [0.001526984883547607, 0.0028094352983851455, -0.0017858679649597478], [-0.005594712387809173, -0.0017858679649597478, 0.005632326434778206]], "chi2_level": 0.997, "chi2_df": 3, "chi2_threshold": 13.931422665512084, "N_raw": 22, "N_roi": 22, "N_inlier": 20, "refit": true}
{"timestamp": "14:32:59.246320", "frame": 82, "mu": [-1.65330487259865, 3.543546774552675, -0.06070261979276445], "Sigma": [[0.025562202959151206, -0.02190563006902911, 0.04035271461914161], [-0.02190563006902911, 0.02236218077121291, -0.038567642350513055], [0.04035271461914161, -0.038567642350513055, 0.07247751709639122]], "chi2_level": 0.997, "chi2_df": 3, "chi2_threshold": 13.931422665512084, "N_raw": 14, "N_roi": 12, "N_inlier": 12, "refit": true}
{"timestamp": "14:32:59.355743", "frame": 84, "mu": [-1.569589210827269, 3.531392964602372, 1.1657482844725668], "Sigma": [[0.005756956884653775, 0.0007714402538694604, -0.004202304361554231], [0.0007714402538694604, 0.005339173049855607, -0.022269235633900285], [-0.0042023043615542315, -0.022269235633900285, 0.11279233324997555]], "chi2_level": 0.997, "chi2_df": 3, "chi2_threshold": 13.931422665512084, "N_raw": 14, "N_roi": 13, "N_inlier": 13, "refit": true}
{"timestamp": "14:32:59.519944", "frame": 87, "mu": [-1.4208065581155698, 3.817089499443793, -0.16158109504279972], "Sigma": [[0.0049201552540956515, -0.007080535257049245, 0.018019758033189927], [-0.007080535257049245, 0.011686353946081472, -0.03016584221393063], [0.018019758033189923, -0.030165842213930625, 0.08861927403436098]], "chi2_level": 0.997, "chi2_df": 3, "chi2_threshold": 13.931422665512084, "N_raw": 9, "N_roi": 8, "N_inlier": 8, "refit": true}
{"timestamp": "14:32:59.576549", "frame": 88, "mu": [-1.2888345253148945, 3.697098809074627, 1.3319221040988147], "Sigma": [[0.005310321929096584, -0.000556533824612823, -0.003334706136137943], [-0.000556533824612823, 0.003713027170653387, 0.000985652125351693], [-0.003334706136137943, 0.000985652125351693, 0.0034045882404571083]], "chi2_level": 0.997, "chi2_df": 3, "chi2_threshold": 13.931422665512084, "N_raw": 14, "N_roi": 14, "N_inlier": 13, "refit": true}
{"timestamp": "14:32:59.630508", "frame": 89, "mu": [-1.2595078739114483, 3.717086136127028, 0.9682565359938518], "Sigma": [[0.005346807727526943, -0.0029295803774944005, 0.020717564445818702], [-0.0029295803774944005, 0.005295939406284331, -0.002764609421653622], [0.020717564445818702, -0.0027646094216536225, 0.11536826448314648]], "chi2_level": 0.997, "chi2_df": 3, "chi2_threshold": 13.931422665512084, "N_raw": 8, "N_roi": 8, "N_inlier": 8, "refit": true}
{"timestamp": "14:32:59.687786", "frame": 90, "mu": [-1.1414272611754839, 3.7049626175975403, 1.2039400982554898], "Sigma": [[0.011744516003565518, 0.0012546381726134747, -0.006941398287806214], [0.0012546381726134747, 0.0027563178360753646, -0.0011871512615275392], [-0.006941398287806214, -0.001187151261527539, 0.005646457035966712]], "chi2_level": 0.997, "chi2_df": 3, "chi2_threshold": 13.931422665512084, "N_raw": 26, "N_roi": 26, "N_inlier": 24, "refit": true}
{"timestamp": "14:32:59.746357", "frame": 91, "mu": [-1.1150211104769665, 3.919320213293777, 0.058563013154167474], "Sigma": [[0.015288594540529735, 0.002117912487129719, -0.0017842931456795116], [0.0021179124871297194, 0.006983593848059559, -0.013674785425719444], [-0.0017842931456795114, -0.013674785425719444, 0.02989610303391489]], "chi2_level": 0.997, "chi2_df": 3, "chi2_threshold": 13.931422665512084, "N_raw": 48, "N_roi": 46, "N_inlier": 43, "refit": true}
