{"timestamp": "14:09:02.807801", "frame": 1, "mu": [1.1718627247026125, 1.1350282658960913, 1.4003653280249244], "Sigma": [[0.0016496934274156496, 0.00010116703239256797, -0.0013989759449016875], [0.00010116703239256808, 0.0027685474979598943, -0.0019411761065136553], [-0.0013989759449016873, -0.0019411761065136555, 0.003014964035050824]], "chi2_level": 0.997, "chi2_df": 3, "chi2_threshold": 13.931422665512084, "N_raw": 18, "N_roi": 18, "N_inlier": 17, "refit": true}
{"timestamp": "14:09:02.861882", "frame": 2, "mu": [1.2246503280074776, 1.1467479710709803, 1.0910801963277454], "Sigma": [[0.0016415887499087072, 0.005224918120315616, -0.005148749081847438], [0.005224918120315617, 0.027371011376745545, -0.03419571255589706], [-0.005148749081847438, -0.03419571255589706, 0.059947985970422245]], "chi2_level": 0.997, "chi2_df": 3, "chi2_threshold": 13.931422665512084, "N_raw": 9, "N_roi": 9, "N_inlier": 9, "refit": true}
{"timestamp": "14:09:02.916060", "frame": 3, "mu": [1.1815777893932522, 0.9568550415789361, 1.1874501728188154], "Sigma": [[0.10769390648498284, 0.03887571186402168, -0.14372982117976818], [0.03887571186402167, 0.07459766932109733, 0.035906182636795146], [-0.14372982117976818, 0.03590618263679515, 0.3297690400433075]], "chi2_level": 0.997, "chi2_df": 3, "chi2_threshold": 13.931422665512084, "N_raw": 9, "N_roi": 9, "N_inlier": 9, "refit": true}
{"timestamp": "14:09:02.974086", "frame": 4, "mu": [1.2211351232016316, 1.007282476743024, 1.17018350487453], "Sigma": [[0.004224904793644477, -0.004910158828692246, -0.012818567443306112], [-0.0049101588286922454, 0.008684133266710532, 0.015544241475083207], [-0.012818567443306112, 0.015544241475083211, 0.05797590045264853]], "chi2_level": 0.997, "chi2_df": 3, "chi2_threshold": 13.931422665512084, "N_raw": 25, "N_roi": 25, "N_inlier": 24, "refit": true}
{"timestamp": "14:09:03.027909", "frame": 5, "mu": [1.1812784573713893, 1.1051078206009222, 1.219804650154126], "Sigma": [[0.0013011660975269905, -0.00124656566552807, -0.0023623480825989826], [-0.00124656566552807, 0.0033553178897793683, 0.0009751265002009403], [-0.0023623480825989826, 0.0009751265002009403, 0.013667868613813167]], "chi2_level": 0.997, "chi2_df": 3, "chi2_threshold": 13.931422665512084, "N_raw": 17, "N_roi": 17, "N_inlier": 15, "refit": true}
{"timestamp": "14:09:03.086798", "frame": 6, "mu": [1.1281420305762928, 1.1704276128082503, 1.4131038804800677], "Sigma": [[0.005018215658600076, -0.0016425539588133548, -0.0039884893878241855], [-0.0016425539588133544, 0.0037998079561245555, -0.0009709752202963747], [-0.0039884893878241855, -0.0009709752202963745, 0.00615696263263897]], "chi2_level": 0.997, "chi2_df": 3, "chi2_threshold": 13.931422665512084, "N_raw": 46, "N_roi": 46, "N_inlier": 43, "refit": true}
{"timestamp": "14:09:03.144184", "frame": 7, "mu": [1.0920628953244795, 1.2712049239205157, -0.25822178127411705], "Sigma": [[0.0065714724289784214, -0.00036387365151663114, -0.007666924655737671], [-0.00036387365151663114, 0.002870225557065148, -0.001742200332544242], [-0.007666924655737671, -0.0017422003325442423, 0.012007851804699302]], "chi2_level": 0.997, "chi2_df": 3, "chi2_threshold": 13.931422665512084, "N_raw": 47, "N_roi": 47, "N_inlier": 45, "refit": true}
{"timestamp": "14:09:03.197332", "frame": 8, "mu": [1.018398666930162, 1.2047873554768727, 1.5161625515316268], "Sigma": [[0.0030959468296253723, -0.0007999307001662168, -0.0010495821682522438], [-0.0007999307001662166, 0.0035974632588486426, -0.0003895301377339371], [-0.0010495821682522438, -0.00038953013773393707, 0.0008143543743818097]], "chi2_level": 0.997, "chi2_df": 3, "chi2_threshold": 13.931422665512084, "N_raw": 34, "N_roi": 34, "N_inlier": 31, "refit": true}
{"timestamp": "14:09:03.248755", "frame": 9, "mu": [1.090134592580085, 0.9788732178077529, 0.9342645338615184], "Sigma": [[0.013715673670269758, -0.026563923981752176, -0.060337562241089576], [-0.026563923981752172, 0.07814368457027071, 0.10910995602072597], [-0.060337562241089576, 0.10910995602072597, 0.41335717998956906]], "chi2_level": 0.997, "chi2_df": 3, "chi2_threshold": 13.931422665512084, "N_raw": 10, "N_roi": 10, "N_inlier": 10, "refit": true}
{"timestamp": "14:09:03.304807", "frame": 10, "mu": [1.0130399909030106, 1.1238108493397427, 1.2874510723763533], "Sigma": [[0.00463229720091909, -0.006577115772316145, -0.025580019996362564], [-0.006577115772316145, 0.014845620187996608, 0.055780225193918204], [-0.025580019996362564, 0.05578022519391821, 0.2790797274563127]], "chi2_level": 0.997, "chi2_df": 3, "chi2_threshold": 13.931422665512084, "N_raw": 22, "N_roi": 22, "N_inlier": 21, "refit": true}
{"timestamp": "14:09:03.364538", "frame": 11, "mu": [0.964564551454823, 1.1917256713530489, 1.4777184475713674], "Sigma": [[0.005572677973728585, -0.0005463934740404767, -0.0021854950608030652], [-0.0005463934740404768, 0.003708319586582331, -0.000697360392883708], [-0.0021854950608030652, -0.000697360392883708, 0.0012476801763776182]], "chi2_level": 0.997, "chi2_df": 3, "chi2_threshold": 13.931422665512084, "N_raw": 49, "N_roi": 49, "N_inlier": 45, "refit": true}
{"timestamp": "14:09:03.422377", "frame": 12, "mu": [0.9485406667581581, 1.186179485147658, 1.4507979827393873], "Sigma": [[0.007395992282634875, -0.0016424669224949172, -0.0052844266035964906], [-0.0016424669224949168, 0.00395065947852706, 0.002338208205656901], [-0.0052844266035964906, 0.002338208205656901, 0.034447686636907]], "chi2_level": 0.997, "chi2_df": 3, "chi2_threshold": 13.931422665512084, "N_raw": 58, "N_roi": 58, "N_inlier": 53, "refit": true}
{"timestamp": "14:09:03.470394", "frame": 13, "mu": [0.8871044628156795, 1.1374663871187354, 1.4498765833917782], "Sigma": [[0.00938274110725064, -0.004418738969646077, -0.015001900690612547], [-0.004418738969646077, 0.0031836851453274223, 0.006486362695342667], [-0.015001900690612547, 0.006486362695342666, 0.026674059813424973]], "chi2_level": 0.997, "chi2_df": 3, "chi2_threshold": 13.931422665512084, "N_raw": 19, "N_roi": 19, "N_inlier": 18, "refit": true}
{"timestamp": "14:09:03.528204", "frame": 14, "mu": [0.8788061245594295, 1.2236142532563377, -0.2220873027290808], "Sigma": [[0.0037590117533411174, 5.373193478162185e-05, -0.0022128761239766925], [5.373193478162196e-05, 0.0034475351111442065, -0.00026808856300938866], [-0.0022128761239766925, -0.00026808856300938866, 0.0016267595167715522]], "chi2_level": 0.997, "chi2_df": 3, "chi2_threshold": 13.931422665512084, "N_raw": 39, "N_roi": 39, "N_inlier": 35, "refit": true}
{"timestamp": "14:09:03.582304", "frame": 15, "mu": [0.7943492252431548, 1.1389701990473964, 1.3174401976140966], "Sigma": [[0.004564474901528928, -0.0003814285485992868, 0.016411258656720655], [-0.0003814285485992868, 0.005384684920733699, 0.019292983619498383], [0.016411258656720655, 0.019292983619498383, 0.2512587981700185]], "chi2_level": 0.997, "chi2_df": 3, "chi2_threshold": 13.931422665512084, "N_raw": 31, "N_roi": 31, "N_inlier": 30, "refit": true}
{"timestamp": "14:09:03.642296", "frame": 16, "mu": [0.8671737092382195, 1.0751265531083414, 1.377290827126209], "Sigma": [[0.00887548113953404, -0.0015066304786935012, -0.006151544859044714], [-0.0015066304786935012, 0.0027967708967387363, -0.0009031013032464255], [-0.006151544859044714, -0.0009031013032464255, 0.006180528057773424]], "chi2_level": 0.997, "chi2_df": 3, "chi2_threshold": 13.931422665512084, "N_raw": 69, "N_roi": 69, "N_inlier": 64, "refit": true}
{"timestamp": "14:09:03.692458", "frame": 17, "mu": [0.8341827429955332, 1.083058495144078, 1.3305037193514786], "Sigma": [[0.008105655964540867, -0.002681546138733606, -0.022758683313260385], [-0.002681546138733606, 0.0018033818898725727, 0.007564661366220178], [-0.022758683313260385, 0.007564661366220178, 0.07880149875649456]], "chi2_level": 0.997, "chi2_df": 3, "chi2_threshold": 13.931422665512084, "N_raw": 30, "N_roi": 30, "N_inlier": 26, "refit": true}
{"timestamp": "14:09:03.750622", "frame": 18, "mu": [0.8001393744402482, 1.013096512128244, 1.3693256968142349], "Sigma": [[0.005064853803658789, -0.0010838308002912814, -0.0033003434675774285], [-0.0010838308002912816, 0.0028099029950013825, -0.001163236397644176], [-0.0033003434675774285, -0.0011632363976441763, 0.008362331945242453]], "chi2_level": 0.997, "chi2_df": 3, "chi2_threshold": 13.931422665512084, "N_raw": 62, "N_roi": 62, "N_inlier": 58, "refit": true}
{"timestamp": "14:09:03.808915", "frame": 19, "mu": [0.7439847588465301, 1.03671049930012, 1.3273523007144605], "Sigma": [[0.0042246905183025395, -0.0013035737468889677, -0.0030557863557045288], [-0.0013035737468889677, 0.003764650992752553, -0.0033332101526700395], [-0.0030557863557045288, -0.00333321015267004, 0.02211858992231438]], "chi2_level": 0.997, "chi2_df": 3, "chi2_threshold": 13.931422665512084, "N_raw": 77, "N_roi": 77, "N_inlier": 75, "refit": true}
{"timestamp": "14:09:03.862175", "frame": 20, "mu": [0.6651624993047205, 1.0828352123055924, 1.3677429564987802], "Sigma": [[0.004793745155719617, -0.0003294274502697891, -0.011070842096972521], [-0.00032942745026978915, 0.004462539061445604, -0.005554757672713444], [-0.011070842096972521, -0.005554757672713444, 0.04925577376371093]], "chi2_level": 0.997, "chi2_df": 3, "chi2_threshold": 13.931422665512084, "N_raw": 69, "N_roi": 69, "N_inlier": 68, "refit": true}
{"timestamp": "14:09:03.916330", "frame": 21, "mu": [0.6475206225982992, 1.0913271102449347, 1.3898497879727545], "Sigma": [[0.004223611864450436, 0.0009487148354820763, -0.006526367229294648], [0.0009487148354820763, 0.005980266442984023, -0.009936477398098203], [-0.006526367229294648, -0.009936477398098203, 0.029424411563950287]], "chi2_level": 0.997, "chi2_df": 3, "chi2_threshold": 13.931422665512084, "N_raw": 62, "N_roi": 62, "N_inlier": 61, "refit": true}
{"timestamp": "14:09:03.974391", "frame": 22, "mu": [0.6168662713555775, 1.0584530071430078, 1.421397093932406], "Sigma": [[0.003949898054991136, 0.00025318298901545256, -0.0010379577068119444], [0.00025318298901545245, 0.007051078483675233, -0.008181731723264174], [-0.0010379577068119442, -0.008181731723264174, 0.01875508141570824]], "chi2_level": 0.997, "chi2_df": 3, "chi2_threshold": 13.931422665512084, "N_raw": 80, "N_roi": 80, "N_inlier": 76, "refit": true}
{"timestamp": "14:09:04.028581", "frame": 23, "mu": [0.6171793204844329, 1.017958759721358, 1.4356123077910854], "Sigma": [[0.005538309519456843, 0.0005514952430401793, -0.003543017676059924], [0.0005514952430401793, 0.002693193364032143, -0.0030024020572245015], [-0.003543017676059924, -0.0030024020572245015, 0.006734556513374747]], "chi2_level": 0.997, "chi2_df": 3, "chi2_threshold": 13.931422665512084, "N_raw": 75, "N_roi": 75, "N_inlier": 71, "refit": true}
{"timestamp": "14:09:04.081336", "frame": 24, "mu": [0.5151193442287263, 1.16690580843919, -0.3072456419766373], "Sigma": [[0.0026084049990059855, -0.00019731388066168083, -0.0013293932850429496], [-0.00019731388066168077, 0.006690912420209157, -0.011506262772783046], [-0.0013293932850429496, -0.011506262772783046, 0.049034957846827536]], "chi2_level": 0.997, "chi2_df": 3, "chi2_threshold": 13.931422665512084, "N_raw": 63, "N_roi": 63, "N_inlier": 59, "refit": true}
{"timestamp": "14:09:04.136166", "frame": 25, "mu": [0.5204179123895277, 1.034608312658597, 1.4689407278386988], "Sigma": [[0.00520241301580236, 0.002689959375857553, 0.0012975485129934315], [0.002689959375857553, 0.004859113490317966, 0.0024507858873157326], [0.0012975485129934315, 0.0024507858873157326, 0.04736171018180324]], "chi2_level": 0.997, "chi2_df": 3, "chi2_threshold": 13.931422665512084, "N_raw": 63, "N_roi": 63, "N_inlier": 59, "refit": true}
{"timestamp": "14:09:04.193513", "frame": 26, "mu": [0.45852735175072434, 1.0213947472751514, 1.3771238009728766], "Sigma": [[0.004351898886081492, 0.00010742018957955913, 0.0074440943646227956], [0.00010742018957955924, 0.003671096735079737, -0.013308838548855926], [0.0074440943646227956, -0.013308838548855926, 0.11340953420687676]], "chi2_level": 0.997, "chi2_df": 3, "chi2_threshold": 13.931422665512084, "N_raw": 59, "N_roi": 59, "N_inlier": 56, "refit": true}
{"timestamp": "14:09:04.246400", "frame": 27, "mu": [0.38620186927553624, 1.0546425747388672, 1.4334336545867052], "Sigma": [[0.0021473709897390945, 0.00018646603165837792, 0.0009261516263248953], [0.00018646603165837795, 0.0033595135408883443, -0.0057855828213323945], [0.0009261516263248953, -0.0057855828213323945, 0.02195224906749785]], "chi2_level": 0.997, "chi2_df": 3, "chi2_threshold": 13.931422665512084, "N_raw": 62, "N_roi": 62, "N_inlier": 57, "refit": true}
{"timestamp": "14:09:04.303527", "frame": 28, "mu": [0.3460669749458624, 1.0663401836193247, 1.4429006086609775], "Sigma": [[0.0038670372312415513, 0.0003692341924819391, -0.0035976837640792955], [0.0003692341924819391, 0.0029783947453500144, -0.003049977163746113], [-0.0035976837640792955, -0.003049977163746113, 0.008787084335734075]], "chi2_level": 0.997, "chi2_df": 3, "chi2_threshold": 13.931422665512084, "N_raw": 73, "N_roi": 73, "N_inlier": 69, "refit": true}
{"timestamp": "14:09:04.356029", "frame": 29, "mu": [0.316931882794435, 1.0577657526839996, 1.408879157906966], "Sigma": [[0.0038097201208064924, -0.0005796590506894451, -0.005850376695172713], [-0.000579659050689445, 0.002491928866672, -0.0012679550066243641], [-0.005850376695172713, -0.0012679550066243641, 0.014002320661365253]], "chi2_level": 0.997, "chi2_df": 3, "chi2_threshold": 13.931422665512084, "N_raw": 58, "N_roi": 58, "N_inlier": 55, "refit": true}
{"timestamp": "14:09:04.411818", "frame": 30, "mu": [0.2468553588631508, 1.084118766725096, 1.431160887775751], "Sigma": [[0.002695546871713493, -0.0006953095771851406, -0.002321053801938522], [-0.0006953095771851405, 0.00472466907064385, -0.0023364050130828713], [-0.002321053801938522, -0.0023364050130828718, 0.004652139775553144]], "chi2_level": 0.997, "chi2_df": 3, "chi2_threshold": 13.931422665512084, "N_raw": 68, "N_roi": 68, "N_inlier": 64, "refit": true}
{"timestamp": "14:09:04.467200", "frame": 31, "mu": [0.26015939901999885, 1.049592914449402, 1.3714293231930483], "Sigma": [[0.003277948763141094, 9.021544951487456e-05, -0.0038918819965171087], [9.021544951487453e-05, 0.0046027285696499925, -0.0019616150040414238], [-0.0038918819965171082, -0.0019616150040414238, 0.005907521279578418]], "chi2_level": 0.997, "chi2_df": 3, "chi2_threshold": 13.931422665512084, "N_raw": 67, "N_roi": 67, "N_inlier": 64, "refit": true}
{"timestamp": "14:09:04.523329", "frame": 32, "mu": [0.1619310992023967, 1.0809207693547993, 1.3819969763158582], "Sigma": [[0.003795618321429148, -0.0004440115513348774, 0.003009178136188912], [-0.00044401155133487745, 0.0035914657485437707, -0.002988166489025378], [0.003009178136188912, -0.002988166489025378, 0.022819488652026796]], "chi2_level": 0.997, "chi2_df": 3, "chi2_threshold": 13.931422665512084, "N_raw": 73, "N_roi": 73, "N_inlier": 71, "refit": true}
{"timestamp": "14:09:04.571995", "frame": 33, "mu": [0.18116968745864798, 1.0182758128231333, 1.2015092557039067], "Sigma": [[0.002422957246795774, 5.961294983340161e-05, 0.01224104977211203], [5.961294983340161e-05, 0.004714276264658955, 0.011512790521032316], [0.01224104977211203, 0.011512790521032316, 0.16363672889992256]], "chi2_level": 0.997, "chi2_df": 3, "chi2_threshold": 13.931422665512084, "N_raw": 24, "N_roi": 24, "N_inlier": 24, "refit": true}
{"timestamp": "14:09:04.630119", "frame": 34, "mu": [0.08420950086650453, 1.0413958301336521, 1.386145921839363], "Sigma": [[0.0033032123319225496, -0.0031446093990765414, -0.002663519947027747], [-0.0031446093990765414, 0.005187844478796134, 0.0006815937230107148], [-0.002663519947027747, 0.0006815937230107149, 0.004313843733436524]], "chi2_level": 0.997, "chi2_df": 3, "chi2_threshold": 13.931422665512084, "N_raw": 57, "N_roi": 57, "N_inlier": 54, "refit": true}
{"timestamp": "14:09:04.687656", "frame": 35, "mu": [0.0742879982001421, 1.168419960490725, -0.3934028942654585], "Sigma": [[0.0026063167848359016, -0.0002101603563819414, -0.0009864575514278377], [-0.00021016035638194146, 0.007004327919363603, 0.0014735883564297228], [-0.0009864575514278377, 0.0014735883564297228, 0.0008148761500711858]], "chi2_level": 0.997, "chi2_df": 3, "chi2_threshold": 13.931422665512084, "N_raw": 65, "N_roi": 65, "N_inlier": 60, "refit": true}
{"timestamp": "14:09:04.741689", "frame": 36, "mu": [-0.04132336624131284, 1.1113896669682186, 1.225925662965417], "Sigma": [[0.0034808972399490365, -0.0015325505853365571, 0.0035519536776771436], [-0.0015325505853365571, 0.002267078007214941, -0.003907201912924427], [0.0035519536776771436, -0.003907201912924427, 0.008728013394315585]], "chi2_level": 0.997, "chi2_df": 3, "chi2_threshold": 13.931422665512084, "N_raw": 59, "N_roi": 59, "N_inlier": 55, "refit": true}
{"timestamp": "14:09:04.792061", "frame": 37, "mu": [-0.26450344381401036, 1.094225215401777, 0.9802096979102785], "Sigma": [[0.02112706612058867, 0.003270812260689763, 0.07494711080477337], [0.003270812260689763, 0.003072825921766303, 0.011807752156007562], [0.07494711080477337, 0.011807752156007562, 0.27726732064705367]], "chi2_level": 0.997, "chi2_df": 3, "chi2_threshold": 13.931422665512084, "N_raw": 29, "N_roi": 29, "N_inlier": 29, "refit": true}
{"timestamp": "14:09:04.847470", "frame": 38, "mu": [-0.17771363633507975, 1.0669285945943427, 1.248227160473304], "Sigma": [[0.014137367131388433, 0.0007975916818034735, 0.04104416719815229], [0.0007975916818034738, 0.0026227736727929504, -0.004100630218623923], [0.04104416719815229, -0.004100630218623923, 0.146301345819253]], "chi2_level": 0.997, "chi2_df": 3, "chi2_threshold": 13.931422665512084, "N_raw": 33, "N_roi": 33, "N_inlier": 32, "refit": true}
{"timestamp": "14:09:04.899132", "frame": 39, "mu": [-0.0909575169473944, 1.1183896578270547, 0.9114331800172567], "Sigma": [[0.004631241822904572, 0.0009233002500371719, -0.008131687680095909], [0.0009233002500371716, 0.0030922330319203286, -0.01584870142814951], [-0.008131687680095909, -0.015848701428149505, 0.4754077314216762]], "chi2_level": 0.997, "chi2_df": 3, "chi2_threshold": 13.931422665512084, "N_raw": 8, "N_roi": 8, "N_inlier": 8, "refit": true}
{"timestamp": "14:09:04.957339", "frame": 40, "mu": [-0.20107949356030091, 1.0640324134468766, 1.3386374120115212], "Sigma": [[0.0017789037447820176, -0.00037152905428707635, 0.0006577786545718437], [-0.00037152905428707635, 0.0015320177033531447, -0.0012386539292407607], [0.0006577786545718437, -0.0012386539292407609, 0.006368445025815999]], "chi2_level": 0.997, "chi2_df": 3, "chi2_threshold": 13.931422665512084, "N_raw": 40, "N_roi": 40, "N_inlier": 39, "refit": true}
{"timestamp": "14:09:05.016453", "frame": 41, "mu": [-0.2661580013085604, 1.0584254546299174, 1.4359912114297197], "Sigma": [[0.002870297625041862, 0.0005438391271281433, -0.0016534177894788975], [0.000543839127128143, 0.0038031044146312094, -0.0029054332296909735], [-0.0016534177894788975, -0.0029054332296909735, 0.003168104213498213]], "chi2_level": 0.997, "chi2_df": 3, "chi2_threshold": 13.931422665512084, "N_raw": 64, "N_roi": 64, "N_inlier": 61, "refit": true}
{"timestamp": "14:09:05.073626", "frame": 42, "mu": [-0.2979954962618735, 1.0011767910037717, 1.3094020387924243], "Sigma": [[0.003018644949494134, 0.0005397832474758942, -6.306745856662514e-05], [0.0005397832474758941, 0.007180677076385721, -0.00256134914957655], [-6.306745856662509e-05, -0.00256134914957655, 0.0018406829231574647]], "chi2_level": 0.997, "chi2_df": 3, "chi2_threshold": 13.931422665512084, "N_raw": 77, "N_roi": 76, "N_inlier": 73, "refit": true}
{"timestamp": "14:09:05.130201", "frame": 43, "mu": [-0.35250729951622634, 1.0376645437817864, 1.3604271634164022], "Sigma": [[0.003272257618356202, -0.0007843387921735287, -0.004378051652743693], [-0.0007843387921735288, 0.003544451641162103, -0.003516993617574217], [-0.004378051652743693, -0.003516993617574217, 0.018092876771635735]], "chi2_level": 0.997, "chi2_df": 3, "chi2_threshold": 13.931422665512084, "N_raw": 87, "N_roi": 85, "N_inlier": 83, "refit": true}
{"timestamp": "14:09:05.189207", "frame": 44, "mu": [-0.3672434159652822, 1.0337480285579592, 1.2558811841622932], "Sigma": [[0.003567697887189535, -0.0010962557396842654, -0.007189914516374898], [-0.0010962557396842654, 0.0030581334916594646, 0.002021187383205882], [-0.007189914516374898, 0.002021187383205882, 0.054387451758210074]], "chi2_level": 0.997, "chi2_df": 3, "chi2_threshold": 13.931422665512084, "N_raw": 116, "N_roi": 116, "N_inlier": 113, "refit": true}
{"timestamp": "14:09:05.240718", "frame": 45, "mu": [-0.4232853926772471, 1.0283177325728805, 1.3640279252824212], "Sigma": [[0.004575674696310505, -0.0031266915869780218, -0.009642839054597278], [-0.0031266915869780218, 0.005992672319711868, 0.0062022394200913706], [-0.009642839054597278, 0.006202239420091371, 0.03884733943224403]], "chi2_level": 0.997, "chi2_df": 3, "chi2_threshold": 13.931422665512084, "N_raw": 89, "N_roi": 87, "N_inlier": 85, "refit": true}
{"timestamp": "14:09:05.297327", "frame": 46, "mu": [-0.4448789130232021, 0.9772849316448042, 1.1546687549090908], "Sigma": [[0.004731387071418426, -0.0032582240333383153, -0.013942392209463104], [-0.0032582240333383157, 0.011550915093651215, 0.0169018410298305], [-0.013942392209463103, 0.0169018410298305, 0.07274174233410305]], "chi2_level": 0.997, "chi2_df": 3, "chi2_threshold": 13.931422665512084, "N_raw": 95, "N_roi": 95, "N_inlier": 94, "refit": true}
{"timestamp": "14:09:05.349411", "frame": 47, "mu": [-0.4906888112241272, 1.018898565143023, 1.0700162374696662], "Sigma": [[0.003947182346963962, -9.9406754967126e-05, -0.0032833969507655584], [-9.940675496712589e-05, 0.009987778555720455, 0.01852305498694829], [-0.0032833969507655584, 0.01852305498694829, 0.061405624360351185]], "chi2_level": 0.997, "chi2_df": 3, "chi2_threshold": 13.931422665512084, "N_raw": 78, "N_roi": 78, "N_inlier": 74, "refit": true}
{"timestamp": "14:09:05.400522", "frame": 48, "mu": [-0.5928425448356031, 1.1007968873240959, 1.5011294549782668], "Sigma": [[0.004554837405287763, 0.0010538927951289096, -0.004811771140784352], [0.0010538927951289096, 0.0050287202948572805, -0.00505262882113303], [-0.004811771140784352, -0.00505262882113303, 0.008785781987552735]], "chi2_level": 0.997, "chi2_df": 3, "chi2_threshold": 13.931422665512084, "N_raw": 53, "N_roi": 53, "N_inlier": 53, "refit": true}
{"timestamp": "14:09:05.453340", "frame": 49, "mu": [-0.7244066319311653, 1.0969245292524838, 1.5520338534654072], "Sigma": [[0.02553908360846458, 0.017726128561584214, -0.024052411162833406], [0.017726128561584214, 0.017569039529455495, -0.019520930078652677], [-0.024052411162833406, -0.019520930078652677, 0.02570682880585382]], "chi2_level": 0.997, "chi2_df": 3, "chi2_threshold": 13.931422665512084, "N_raw": 43, "N_roi": 43, "N_inlier": 39, "refit": true}
{"timestamp": "14:09:05.514698", "frame": 50, "mu": [-0.6616822794464982, 1.0122239997233142, 1.2199774256155558], "Sigma": [[0.027839129276068825, 0.021111293476475314, -0.03056442150093768], [0.021111293476475314, 0.0250021709750778, -0.04275627970877069], [-0.03056442150093768, -0.04275627970877069, 0.0960502134900589]], "chi2_level": 0.997, "chi2_df": 3, "chi2_threshold": 13.931422665512084, "N_raw": 61, "N_roi": 61, "N_inlier": 59, "refit": true}
{"timestamp": "14:09:05.564454", "frame": 51, "mu": [-0.7577012128675337, 1.0790383799255838, 1.2959942241559943], "Sigma": [[0.030268721500915825, 0.012178158507375351, -0.03854286656652632], [0.012178158507375351, 0.014460738585929183, -0.013231316591862673], [-0.03854286656652632, -0.013231316591862673, 0.06834013223371628]], "chi2_level": 0.997, "chi2_df": 3, "chi2_threshold": 13.931422665512084, "N_raw": 46, "N_roi": 45, "N_inlier": 43, "refit": true}
{"timestamp": "14:09:05.620565", "frame": 52, "mu": [-0.6913113544340705, 1.2298135972469906, 0.8745747677851146], "Sigma": [[0.03420473374012465, 0.02343222714755301, -0.08248466583254074], [0.02343222714755301, 0.019682767944725905, -0.06061923919765443], [-0.08248466583254074, -0.06061923919765443, 0.2709386269163935]], "chi2_level": 0.997, "chi2_df": 3, "chi2_threshold": 13.931422665512084, "N_raw": 39, "N_roi": 39, "N_inlier": 36, "refit": true}
{"timestamp": "14:09:05.670622", "frame": 53, "mu": [-0.8965213750999129, 1.0713167100122487, 1.2795133415365396], "Sigma": [[0.044851897110560444, 0.034170947231540336, -0.054814293050288496], [0.034170947231540336, 0.02897542306391601, -0.04556555513617168], [-0.054814293050288496, -0.04556555513617168, 0.12769307237194102]], "chi2_level": 0.997, "chi2_df": 3, "chi2_threshold": 13.931422665512084, "N_raw": 20, "N_roi": 20, "N_inlier": 20, "refit": true}
{"timestamp": "14:09:05.735832", "frame": 54, "mu": [-0.9392219517957597, 1.0401084015108049, 1.264515923425486], "Sigma": [[0.033879030707089273, 0.026351986126435478, -0.0323582750741164], [0.026351986126435478, 0.029284661630010277, -0.033069139687573426], [-0.0323582750741164, -0.033069139687573426, 0.05980676131330598]], "chi2_level": 0.997, "chi2_df": 3, "chi2_threshold": 13.931422665512084, "N_raw": 87, "N_roi": 87, "N_inlier": 85, "refit": true}
{"timestamp": "14:09:05.789685", "frame": 55, "mu": [-1.076602533894474, 1.0896287096312274, 1.6260355039328938], "Sigma": [[0.035262573464825794, 0.018945410737495987, -0.03009751456206613], [0.018945410737495987, 0.01570343213522566, -0.016774869336992685], [-0.03009751456206613, -0.016774869336992685, 0.03749399705220331]], "chi2_level": 0.997, "chi2_df": 3, "chi2_threshold": 13.931422665512084, "N_raw": 73, "N_roi": 73, "N_inlier": 69, "refit": true}
{"timestamp": "14:09:05.845985", "frame": 56, "mu": [-1.1611505649497689, 1.0246853266114961, 1.5506526236513494], "Sigma": [[0.031927107264142746, 0.021425767685284078, -0.02430952785434498], [0.021425767685284078, 0.03736364295453871, -0.001501667843250495], [-0.02430952785434498, -0.001501667843250494, 0.069625184460154]], "chi2_level": 0.997, "chi2_df": 3, "chi2_threshold": 13.931422665512084, "N_raw": 90, "N_roi": 90, "N_inlier": 87, "refit": true}
{"timestamp": "14:09:05.898640", "frame": 57, "mu": [-1.2108884699964668, 1.210816191532603, -0.3753055773870345], "Sigma": [[0.033637099135769705, 0.03767535490692912, -0.04878685325624084], [0.03767535490692912, 0.0830902609095937, -0.13341869406483503], [-0.04878685325624083, -0.13341869406483503, 0.24840607136930012]], "chi2_level": 0.997, "chi2_df": 3, "chi2_threshold": 13.931422665512084, "N_raw": 73, "N_roi": 73, "N_inlier": 72, "refit": true}
{"timestamp": "14:09:05.957004", "frame": 58, "mu": [-1.1690288460293867, 1.1140817204441498, 1.2326368145806101], "Sigma": [[0.027081623954538423, 0.01766345247712503, -0.03318004666202533], [0.01766345247712503, 0.02418274782027027, -0.05641689597464963], [-0.03318004666202533, -0.05641689597464963, 0.27323076455141876]], "chi2_level": 0.997, "chi2_df": 3, "chi2_threshold": 13.931422665512084, "N_raw": 95, "N_roi": 95, "N_inlier": 95, "refit": true}
{"timestamp": "14:09:06.010434", "frame": 59, "mu": [-1.313974106489541, 1.0563361338851327, 1.6829594220207436], "Sigma": [[0.026523637516568294, 0.015065379478109217, -0.009797064032303612], [0.015065379478109217, 0.013190341512354696, -0.0089811102355506], [-0.009797064032303612, -0.008981110235550599, 0.018299775061176148]], "chi2_level": 0.997, "chi2_df": 3, "chi2_threshold": 13.931422665512084, "N_raw": 87, "N_roi": 87, "N_inlier": 82, "refit": true}
{"timestamp": "14:09:06.067731", "frame": 60, "mu": [-1.272669209432352, 1.0974521421717045, 1.5600890744520992], "Sigma": [[0.0365885567351152, 0.02067119404483886, -0.0246591440020269], [0.02067119404483886, 0.01507300067685832, -0.016491144417820763], [-0.0246591440020269, -0.016491144417820763, 0.034355264987343634]], "chi2_level": 0.997, "chi2_df": 3, "chi2_threshold": 13.931422665512084, "N_raw": 93, "N_roi": 93, "N_inlier": 89, "refit": true}
{"timestamp": "14:09:06.114155", "frame": 61, "mu": [-1.413438910421715, 1.0704732308469052, 1.7144508703402066], "Sigma": [[0.020559631641811786, 0.012668595523287751, -0.02032307450915974], [0.012668595523287751, 0.014134221379819923, -0.013772978354963938], [-0.02032307450915974, -0.013772978354963938, 0.028933865506986053]], "chi2_level": 0.997, "chi2_df": 3, "chi2_threshold": 13.931422665512084, "N_raw": 40, "N_roi": 40, "N_inlier": 39, "refit": true}
{"timestamp": "14:09:06.170051", "frame": 62, "mu": [-1.4587125119990982, 1.0794817941309591, 1.678360083321255], "Sigma": [[0.02196484620949885, 0.013721643165677418, -0.015965834264319856], [0.013721643165677418, 0.018880266079463685, -0.008237458935577507], [-0.015965834264319856, -0.008237458935577507, 0.016918443041478208]], "chi2_level": 0.997, "chi2_df": 3, "chi2_threshold": 13.931422665512084, "N_raw": 53, "N_roi": 53, "N_inlier": 50, "refit": true}
{"timestamp": "14:09:06.229928", "frame": 63, "mu": [-1.2959038103242309, 1.2703068496313707, 1.622232686960922], "Sigma": [[0.03842023985780342, 0.02177970639860951, -0.0329060596901993], [0.02177970639860951, 0.018912763219568876, -0.018870674292804583], [-0.0329060596901993, -0.018870674292804583, 0.049709818389634244]], "chi2_level": 0.997, "chi2_df": 3, "chi2_threshold": 13.931422665512084, "N_raw": 82, "N_roi": 82, "N_inlier": 78, "refit": true}
{"timestamp": "14:09:06.283433", "frame": 64, "mu": [-1.194160556121744, 1.307787293808588, 1.1875190506982314], "Sigma": [[0.052664112170921096, 0.02111055693476002, -0.09421742858897064], [0.02111055693476002, 0.013696801619537567, -0.0352887959344219], [-0.09421742858897064, -0.0352887959344219, 0.27184537141850507]], "chi2_level": 0.997, "chi2_df": 3, "chi2_threshold": 13.931422665512084, "N_raw": 69, "N_roi": 69, "N_inlier": 67, "refit": true}
{"timestamp": "14:09:06.339747", "frame": 65, "mu": [-1.3736119528025696, 1.2559699474994368, 1.4375120517775166], "Sigma": [[0.06730523472868191, 0.033172733196297814, -0.12691590452989837], [0.03317273319629781, 0.021618820684129784, -0.06374113432264372], [-0.12691590452989834, -0.06374113432264372, 0.30210420506736185]], "chi2_level": 0.997, "chi2_df": 3, "chi2_threshold": 13.931422665512084, "N_raw": 79, "N_roi": 79, "N_inlier": 77, "refit": true}
{"timestamp": "14:09:06.396642", "frame": 66, "mu": [-1.2821216983793675, 1.3611124159842354, 1.3675385517842455], "Sigma": [[0.04560161830696302, 0.03343324498630991, -0.0218650839778617], [0.03343324498630991, 0.029898700120767098, -0.01975385899870026], [-0.0218650839778617, -0.01975385899870026, 0.016124326575186858]], "chi2_level": 0.997, "chi2_df": 3, "chi2_threshold": 13.931422665512084, "N_raw": 91, "N_roi": 91, "N_inlier": 85, "refit": true}
{"timestamp": "14:09:06.445277", "frame": 67, "mu": [-1.4102434973691134, 1.3078450208192502, 1.1816763803119161], "Sigma": [[0.08989168654140024, 0.04850769885614735, -0.17883655149044703], [0.04850769885614735, 0.03139721036564157, -0.09599758243232794], [-0.17883655149044703, -0.09599758243232794, 0.4301692912369521]], "chi2_level": 0.997, "chi2_df": 3, "chi2_threshold": 13.931422665512084, "N_raw": 52, "N_roi": 52, "N_inlier": 52, "refit": true}
{"timestamp": "14:09:06.504127", "frame": 68, "mu": [-1.3426437864008187, 1.4372782619419844, 1.1800329373133542], "Sigma": [[0.0690074491224667, 0.04009758583350165, -0.14247617771506238], [0.04009758583350165, 0.029079354323261787, -0.09423535049888107], [-0.14247617771506238, -0.09423535049888107, 0.4402357991798392]], "chi2_level": 0.997, "chi2_df": 3, "chi2_threshold": 13.931422665512084, "N_raw": 84, "N_roi": 84, "N_inlier": 84, "refit": true}
{"timestamp": "14:09:06.555751", "frame": 69, "mu": [-1.4614042873973867, 1.4325254096051698, 1.3985586218191512], "Sigma": [[0.069515356885466, 0.05378011707568976, -0.1084890324669602], [0.05378011707568976, 0.048952229109554046, -0.08250558015635534], [-0.1084890324669602, -0.08250558015635534, 0.2750073606380355]], "chi2_level": 0.997, "chi2_df": 3, "chi2_threshold": 13.931422665512084, "N_raw": 53, "N_roi": 53, "N_inlier": 51, "refit": true}
{"timestamp": "14:09:06.609613", "frame": 70, "mu": [-1.3353233251615204, 1.5898537883779307, 1.0636156839312867], "Sigma": [[0.04363192353250058, 0.030851193290472475, -0.08528429364015952], [0.03085119329047248, 0.026242551244990548, -0.07303694429377466], [-0.08528429364015952, -0.07303694429377468, 0.38528008411779896]], "chi2_level": 0.997, "chi2_df": 3, "chi2_threshold": 13.931422665512084, "N_raw": 46, "N_roi": 46, "N_inlier": 45, "refit": true}
{"timestamp": "14:09:06.662130", "frame": 71, "mu": [-1.304565779204869, 1.7678122089830002, -0.3999210301727255], "Sigma": [[0.05789290651947129, 0.04853056000937908, -0.058465800146449205], [0.04853056000937907, 0.07130044617162207, -0.11448169643233837], [-0.05846580014644921, -0.11448169643233838, 0.21605947767949782]], "chi2_level": 0.997, "chi2_df": 3, "chi2_threshold": 13.931422665512084, "N_raw": 31, "N_roi": 31, "N_inlier": 31, "refit": true}
{"timestamp": "14:09:06.719547", "frame": 72, "mu": [-1.5135686519394485, 1.550378032966037, 1.6966005088380427], "Sigma": [[0.05104849356891067, 0.032895471241104784, -0.039568070236815654], [0.0328954712411048, 0.024948354278078344, -0.026571671805182263], [-0.039568070236815654, -0.026571671805182266, 0.03703492277558654]], "chi2_level": 0.997, "chi2_df": 3, "chi2_threshold": 13.931422665512084, "N_raw": 52, "N_roi": 52, "N_inlier": 50, "refit": true}
{"timestamp": "14:09:06.776963", "frame": 73, "mu": [-1.3753126461704612, 1.688849455366299, 1.5172554174603219], "Sigma": [[0.036600732178885056, 0.020274167949269305, -0.029257194836293143], [0.020274167949269305, 0.01786917274658454, -0.019652969897860535], [-0.02925719483629314, -0.019652969897860535, 0.02884329938602453]], "chi2_level": 0.997, "chi2_df": 3, "chi2_threshold": 13.931422665512084, "N_raw": 63, "N_roi": 63, "N_inlier": 60, "refit": true}
{"timestamp": "14:09:06.831561", "frame": 74, "mu": [-1.4695126557155047, 1.7497399126067248, 0.1596512981860786], "Sigma": [[0.03408108468488318, 0.0394631867150232, -0.02126137991439139], [0.0394631867150232, 0.05644717742419862, -0.027698770028989822], [-0.02126137991439139, -0.027698770028989822, 0.01678825168260183]], "chi2_level": 0.997, "chi2_df": 3, "chi2_threshold": 13.931422665512084, "N_raw": 64, "N_roi": 64, "N_inlier": 61, "refit": true}
{"timestamp": "14:09:06.885555", "frame": 75, "mu": [-1.4608419142984017, 1.7875952272959732, 1.7077897829217414], "Sigma": [[0.042380717463527964, 0.029217405069757302, -0.032095612937435306], [0.029217405069757302, 0.024754413965990575, -0.024483899022420284], [-0.032095612937435306, -0.024483899022420284, 0.027630889025763744]], "chi2_level": 0.997, "chi2_df": 3, "chi2_threshold": 13.931422665512084, "N_raw": 56, "N_roi": 55, "N_inlier": 53, "refit": true}
{"timestamp": "14:09:06.938354", "frame": 76, "mu": [-1.486354858983434, 1.7818949673487907, 1.7133567732767503], "Sigma": [[0.057821572278605265, 0.04381733562832062, -0.05588231534748758], [0.04381733562832062, 0.038510521705807044, -0.04042027892267045], [-0.05588231534748758, -0.040420278922670444, 0.12181805416049768]], "chi2_level": 0.997, "chi2_df": 3, "chi2_threshold": 13.931422665512084, "N_raw": 39, "N_roi": 37, "N_inlier": 35, "refit": true}
{"timestamp": "14:09:06.992802", "frame": 77, "mu": [-1.2983755402469157, 1.9179094850890825, 1.3544126143979351], "Sigma": [[0.008054528696733135, 0.0018543804322791663, 0.001242444970791921], [0.0018543804322791668, 0.004799145667890639, 0.01255746037259322], [0.001242444970791921, 0.012557460372593221, 0.13317166330634359]], "chi2_level": 0.997, "chi2_df": 3, "chi2_threshold": 13.931422665512084, "N_raw": 36, "N_roi": 36, "N_inlier": 34, "refit": true}
{"timestamp": "14:09:07.048516", "frame": 78, "mu": [-1.3071048818874238, 2.023503788723027, 1.285466391682278], "Sigma": [[0.005295698338319635, 0.0008665844486432722, 0.002654555693563072], [0.0008665844486432724, 0.0011528339524774119, -0.0022451817241325193], [0.002654555693563072, -0.0022451817241325193, 0.12903661299192318]], "chi2_level": 0.997, "chi2_df": 3, "chi2_threshold": 13.931422665512084, "N_raw": 46, "N_roi": 45, "N_inlier": 43, "refit": true}
{"timestamp": "14:09:07.105221", "frame": 79, "mu": [-1.2593431125482535, 2.0892947542181486, 1.3471482453103008], "Sigma": [[0.0067104352509963746, 0.0021878670783297355, 0.0004964748192700814], [0.002187867078329736, 0.005766952458902714, 0.006947539814706471], [0.0004964748192700801, 0.006947539814706471, 0.17404192214699424]], "chi2_level": 0.997, "chi2_df": 3, "chi2_threshold": 13.931422665512084, "N_raw": 50, "N_roi": 50, "N_inlier": 49, "refit": true}
{"timestamp": "14:09:07.160203", "frame": 80, "mu": [-1.2494429854428328, 2.1137722648964496, 1.3603334073019482], "Sigma": [[0.009622811552942742, 0.000897389486729644, 0.010226299594328778], [0.000897389486729644, 0.004680574305949681, 4.583129111155454e-05], [0.010226299594328782, 4.583129111155465e-05, 0.1637710377362294]], "chi2_level": 0.997, "chi2_df": 3, "chi2_threshold": 13.931422665512084, "N_raw": 51, "N_roi": 50, "N_inlier": 49, "refit": true}
{"timestamp": "14:09:07.212271", "frame": 81, "mu": [-1.2025867777044297, 2.1525852955849643, 1.115593287904718], "Sigma": [[0.01609121143337927, -0.0030175638652006065, 0.02808534013285449], [-0.0030175638652006065, 0.006216873505419725, -0.00542690470202434], [0.02808534013285449, -0.00542690470202434, 0.14266414458249368]], "chi2_level": 0.997, "chi2_df": 3, "chi2_threshold": 13.931422665512084, "N_raw": 29, "N_roi": 29, "N_inlier": 29, "refit": true}
{"timestamp": "14:09:07.263813", "frame": 82, "mu": [-1.2688977718274397, 2.159935263632784, 1.1502498485130355], "Sigma": [[0.002793469380491415, -0.0025350542827263355, -0.024015444335265278], [-0.0025350542827263355, 0.019717590442352932, 0.06519381773669267], [-0.024015444335265278, 0.06519381773669265, 0.4622393324053247]], "chi2_level": 0.997, "chi2_df": 3, "chi2_threshold": 13.931422665512084, "N_raw": 8, "N_roi": 8, "N_inlier": 8, "refit": true}
{"timestamp": "14:09:07.324437", "frame": 83, "mu": [-1.2108042361083817, 2.222918089353386, 1.337682424111974], "Sigma": [[0.0075671630972493084, 7.60585028932865e-05, -0.0035538077497369916], [7.605850289328661e-05, 0.00334193126474049, -0.0033147090443263476], [-0.0035538077497369916, -0.0033147090443263476, 0.00984742619011513]], "chi2_level": 0.997, "chi2_df": 3, "chi2_threshold": 13.931422665512084, "N_raw": 47, "N_roi": 47, "N_inlier": 43, "refit": true}
{"timestamp": "14:09:07.383696", "frame": 84, "mu": [-1.216728988936285, 2.392746454667298, -0.12570600483071992], "Sigma": [[0.012842899697054317, 0.0023009209460060544, -0.003717623766036197], [0.0023009209460060544, 0.009630846384595377, -0.013067544649373389], [-0.0037176237660361973, -0.01306754464937339, 0.021886512484939013]], "chi2_level": 0.997, "chi2_df": 3, "chi2_threshold": 13.931422665512084, "N_raw": 79, "N_roi": 79, "N_inlier": 78, "refit": true}
{"timestamp": "14:09:07.439532", "frame": 85, "mu": [-1.2241530996271681, 2.30875012347712, 1.1241467053859915], "Sigma": [[0.012767559305169122, 0.0017406656499156163, -0.0042294529255554195], [0.0017406656499156163, 0.0017605055900463483, -0.0023628370645328647], [-0.00422945292555542, -0.0023628370645328647, 0.05616596114639118]], "chi2_level": 0.997, "chi2_df": 3, "chi2_threshold": 13.931422665512084, "N_raw": 75, "N_roi": 75, "N_inlier": 72, "refit": true}
{"timestamp": "14:09:07.493300", "frame": 86, "mu": [-1.2234236238222995, 2.431168891600863, 1.048830798384312], "Sigma": [[0.012580707221695605, 0.0017379096550094817, -0.002513799169608954], [0.0017379096550094817, 0.001828547335649247, 0.004862154247249662], [-0.0025137991696089533, 0.004862154247249662, 0.09200310411036924]], "chi2_level": 0.997, "chi2_df": 3, "chi2_threshold": 13.931422665512084, "N_raw": 67, "N_roi": 67, "N_inlier": 64, "refit": true}
