{"timestamp": "14:16:18.388835", "frame": 27, "mu": [-1.9944999286436509, 4.934108130363775, 0.23613600535062285], "Sigma": [[0.04312843217541143, 0.005126596448725576, -0.023474451505650328], [0.005126596448725576, 0.0014730163802225114, -0.003762459944772088], [-0.023474451505650328, -0.003762459944772088, 0.0243769525176723]], "chi2_level": 0.997, "chi2_df": 3, "chi2_threshold": 13.931422665512084, "N_raw": 40, "N_roi": 31, "N_inlier": 30, "refit": true}
{"timestamp": "14:16:18.609283", "frame": 31, "mu": [-1.8483201858506666, 4.816383017806, 0.9022025679040844], "Sigma": [[0.028181563573453205, 0.006819544094918453, -0.01973606888332151], [0.006819544094918453, 0.002321736766247817, -0.006472088290679183], [-0.01973606888332151, -0.006472088290679183, 0.023977553612745815]], "chi2_level": 0.997, "chi2_df": 3, "chi2_threshold": 13.931422665512084, "N_raw": 25, "N_roi": 25, "N_inlier": 24, "refit": true}
{"timestamp": "14:16:18.661862", "frame": 32, "mu": [-1.8274700233213859, 4.777133502182668, 0.7572174398077314], "Sigma": [[0.006731084889607697, 0.0009737877237828952, -0.002530534398731495], [0.000973787723782895, 0.0015199028130104552, -0.006300356319675628], [-0.0025305343987314954, -0.006300356319675628, 0.036837278175336524]], "chi2_level": 0.997, "chi2_df": 3, "chi2_threshold": 13.931422665512084, "N_raw": 10, "N_roi": 10, "N_inlier": 10, "refit": true}
{"timestamp": "14:16:18.719353", "frame": 33, "mu": [-1.749638115655531, 4.7463250162462645, 0.5573306819959016], "Sigma": [[0.016149599716031353, 0.002863740933694318, -0.01227256435825992], [0.0028637409336943176, 0.002025777964762907, -0.004438682646751308], [-0.01227256435825992, -0.004438682646751308, 0.0174846545365032]], "chi2_level": 0.997, "chi2_df": 3, "chi2_threshold": 13.931422665512084, "N_raw": 23, "N_roi": 23, "N_inlier": 23, "refit": true}
{"timestamp": "14:16:18.828957", "frame": 35, "mu": [-1.8735220189804014, 4.65101854862594, 0.6076907411450727], "Sigma": [[0.02622648423719466, 0.0047650551966927955, -0.00894790945143785], [0.0047650551966927955, 0.0021901719024604886, -0.0032544088186512803], [-0.008947909451437848, -0.00325440881865128, 0.008864646419260437]], "chi2_level": 0.997, "chi2_df": 3, "chi2_threshold": 13.931422665512084, "N_raw": 23, "N_roi": 23, "N_inlier": 23, "refit": true}
{"timestamp": "14:16:18.941781", "frame": 37, "mu": [-1.8525552220911896, 4.521193413130149, 0.8058756794746863], "Sigma": [[0.03130362146177661, 0.004376530518644722, -0.023038046403655754], [0.004376530518644721, 0.0031813344178636812, -0.007000001832114705], [-0.023038046403655754, -0.007000001832114705, 0.03222514265465408]], "chi2_level": 0.997, "chi2_df": 3, "chi2_threshold": 13.931422665512084, "N_raw": 44, "N_roi": 44, "N_inlier": 44, "refit": true}
{"timestamp": "14:16:18.996841", "frame": 38, "mu": [-1.818967825426285, 4.4199228620837925, 0.5546149100647983], "Sigma": [[0.030695789391504406, 0.003258958608996619, -0.0276251172803558], [0.003258958608996618, 0.0015508059394959853, -0.0049715166256053735], [-0.0276251172803558, -0.0049715166256053735, 0.040090835319305206]], "chi2_level": 0.997, "chi2_df": 3, "chi2_threshold": 13.931422665512084, "N_raw": 39, "N_roi": 37, "N_inlier": 36, "refit": true}
{"timestamp": "14:16:19.049427", "frame": 39, "mu": [-1.7934644909748785, 4.416055845427642, 0.537292963141804], "Sigma": [[0.017075431230864274, -0.00015114388232737437, -0.01781540300015811], [-0.0001511438823273743, 0.0007496317250439472, -0.0018431261638802749], [-0.01781540300015811, -0.0018431261638802749, 0.03202812592864402]], "chi2_level": 0.997, "chi2_df": 3, "chi2_threshold": 13.931422665512084, "N_raw": 14, "N_roi": 13, "N_inlier": 13, "refit": true}
{"timestamp": "14:16:19.105689", "frame": 40, "mu": [-1.6685935622701258, 4.308239016121415, 0.3003319613002525], "Sigma": [[0.03136056622324959, 0.004264007124920114, -0.017962542770495554], [0.004264007124920114, 0.00304351256285041, -0.003975229069879909], [-0.017962542770495554, -0.003975229069879909, 0.013554453222193046]], "chi2_level": 0.997, "chi2_df": 3, "chi2_threshold": 13.931422665512084, "N_raw": 37, "N_roi": 37, "N_inlier": 37, "refit": true}
{"timestamp": "14:16:19.161942", "frame": 41, "mu": [-1.7546539899029694, 4.463453183915779, -0.23859866271407712], "Sigma": [[0.032469665278419824, 0.010694466468941705, -0.013487818217129001], [0.010694466468941705, 0.007440464309038279, -0.00942118218342198], [-0.013487818217129001, -0.00942118218342198, 0.013744031386845946]], "chi2_level": 0.997, "chi2_df": 3, "chi2_threshold": 13.931422665512084, "N_raw": 43, "N_roi": 41, "N_inlier": 41, "refit": true}
{"timestamp": "14:16:19.213904", "frame": 42, "mu": [-1.8687134930199647, 4.218028112538205, 0.7940806208406744], "Sigma": [[0.02084242666669637, 0.00217880861560495, -0.011173336815961197], [0.0021788086156049494, 0.001781656122020263, -0.0031392997833767766], [-0.011173336815961197, -0.0031392997833767766, 0.013998448580019007]], "chi2_level": 0.997, "chi2_df": 3, "chi2_threshold": 13.931422665512084, "N_raw": 20, "N_roi": 20, "N_inlier": 19, "refit": true}
{"timestamp": "14:16:19.271438", "frame": 43, "mu": [-1.8316640486992317, 4.18135721263447, 0.7843355711497391], "Sigma": [[0.02339083318749434, 0.005823583207415366, -0.013057894462383975], [0.005823583207415366, 0.002903868700435633, -0.007735831766757745], [-0.013057894462383975, -0.007735831766757745, 0.027223768741354126]], "chi2_level": 0.997, "chi2_df": 3, "chi2_threshold": 13.931422665512084, "N_raw": 35, "N_roi": 35, "N_inlier": 34, "refit": true}
{"timestamp": "14:16:19.323770", "frame": 44, "mu": [-1.8022930684868337, 4.109197927398863, 0.7756295144082764], "Sigma": [[0.023030519448427173, 0.0015060272307930091, -0.006715894373133242], [0.001506027230793009, 0.0014629878853785574, -0.00462174079276947], [-0.006715894373133241, -0.004621740792769469, 0.019603960373368444]], "chi2_level": 0.997, "chi2_df": 3, "chi2_threshold": 13.931422665512084, "N_raw": 22, "N_roi": 22, "N_inlier": 22, "refit": true}
{"timestamp": "14:16:19.379092", "frame": 45, "mu": [-1.7716884825464727, 4.013028413395765, 0.5506036851202031], "Sigma": [[0.013096748240822761, 0.0023978165774738423, -0.004285567484259726], [0.0023978165774738423, 0.0010292439968220813, -0.002738470605201576], [-0.004285567484259726, -0.002738470605201576, 0.01811624740036152]], "chi2_level": 0.997, "chi2_df": 3, "chi2_threshold": 13.931422665512084, "N_raw": 25, "N_roi": 25, "N_inlier": 25, "refit": true}
{"timestamp": "14:16:19.432508", "frame": 46, "mu": [-1.7903338055933438, 3.9789195467780942, 0.6765012809185186], "Sigma": [[0.008486562152864974, -0.00328392922186838, 0.0045879103896142685], [-0.00328392922186838, 0.002459899491060744, -0.0028546813710470945], [0.0045879103896142685, -0.0028546813710470945, 0.005070367801570911]], "chi2_level": 0.997, "chi2_df": 3, "chi2_threshold": 13.931422665512084, "N_raw": 9, "N_roi": 9, "N_inlier": 9, "refit": true}
{"timestamp": "14:16:19.490032", "frame": 47, "mu": [-1.7646025974524515, 3.935572109630288, 0.5619955227735322], "Sigma": [[0.020165313749522344, 0.0020291192382032785, -0.00802381317597851], [0.002029119238203279, 0.0024616685324544, -0.0031501971773356284], [-0.00802381317597851, -0.0031501971773356284, 0.008739509021504473]], "chi2_level": 0.997, "chi2_df": 3, "chi2_threshold": 13.931422665512084, "N_raw": 34, "N_roi": 34, "N_inlier": 33, "refit": true}
{"timestamp": "14:16:19.549110", "frame": 48, "mu": [-1.7549155401250929, 3.8626475595105747, 0.678135682230332], "Sigma": [[0.02676421822346254, 0.0030536487144479435, -0.0022865648743327647], [0.0030536487144479435, 0.002225682262777257, -0.0052720728608712615], [-0.0022865648743327647, -0.005272072860871261, 0.022967840648629334]], "chi2_level": 0.997, "chi2_df": 3, "chi2_threshold": 13.931422665512084, "N_raw": 54, "N_roi": 54, "N_inlier": 53, "refit": true}
{"timestamp": "14:16:19.604647", "frame": 49, "mu": [-1.8546748960567503, 3.802733639622842, 0.615856044076165], "Sigma": [[0.02637193600406885, 0.002750460822454651, -0.021450576944189767], [0.002750460822454651, 0.0011148440738388658, -0.005288895976535264], [-0.021450576944189767, -0.005288895976535263, 0.053442808094537955]], "chi2_level": 0.997, "chi2_df": 3, "chi2_threshold": 13.931422665512084, "N_raw": 54, "N_roi": 53, "N_inlier": 53, "refit": true}
{"timestamp": "14:16:19.653986", "frame": 50, "mu": [-1.7875012437612119, 3.6876576873908524, 0.3508014137038299], "Sigma": [[0.013328713506748588, -0.0010889885862130093, 0.0006656414150863379], [-0.001088988586213009, 0.002787779484493198, -0.002546707161316283], [0.0006656414150863375, -0.002546707161316283, 0.013590854221612292]], "chi2_level": 0.997, "chi2_df": 3, "chi2_threshold": 13.931422665512084, "N_raw": 19, "N_roi": 19, "N_inlier": 19, "refit": true}
{"timestamp": "14:16:19.709252", "frame": 51, "mu": [-1.817579137155299, 3.628008379069872, 0.6727527674517817], "Sigma": [[0.014165353936101452, 0.0016082271870121096, 0.0022845725373693134], [0.0016082271870121098, 0.0011189527946124426, -0.0016275083632750042], [0.002284572537369314, -0.001627508363275004, 0.008539256941735242]], "chi2_level": 0.997, "chi2_df": 3, "chi2_threshold": 13.931422665512084, "N_raw": 24, "N_roi": 24, "N_inlier": 24, "refit": true}
{"timestamp": "14:16:19.764851", "frame": 52, "mu": [-1.7874981352648625, 3.6021132572899135, 0.6852958525831825], "Sigma": [[0.0160389501818874, 0.0018435741480484857, -0.007789125511684305], [0.0018435741480484857, 0.0033307266744782744, -0.0012785468157523177], [-0.007789125511684306, -0.0012785468157523175, 0.005552631256251823]], "chi2_level": 0.997, "chi2_df": 3, "chi2_threshold": 13.931422665512084, "N_raw": 31, "N_roi": 31, "N_inlier": 31, "refit": true}
{"timestamp": "14:16:19.823534", "frame": 53, "mu": [-1.795984205690529, 3.558033527159475, 0.7053101614303219], "Sigma": [[0.023971641624542805, 0.004107160060499783, -0.009339373521628922], [0.004107160060499783, 0.0025088461799587214, -0.00627816099008511], [-0.009339373521628922, -0.006278160990085109, 0.02312827287679084]], "chi2_level": 0.997, "chi2_df": 3, "chi2_threshold": 13.931422665512084, "N_raw": 53, "N_roi": 53, "N_inlier": 53, "refit": true}
{"timestamp": "14:16:19.877326", "frame": 54, "mu": [-1.7705472109859202, 3.463674051721485, 0.6742597956288557], "Sigma": [[0.01893117855228245, 0.002425948088393752, -0.019000064352881617], [0.0024259480883937513, 0.0010294422223958938, -0.004956095014202749], [-0.019000064352881617, -0.004956095014202749, 0.03796859266919489]], "chi2_level": 0.997, "chi2_df": 3, "chi2_threshold": 13.931422665512084, "N_raw": 40, "N_roi": 40, "N_inlier": 37, "refit": true}
{"timestamp": "14:16:19.933420", "frame": 55, "mu": [-1.7887540637034975, 3.424118432957019, 0.7709297427682036], "Sigma": [[0.023576564298390088, 0.0025946281264658793, -0.032553407977636464], [0.0025946281264658793, 0.0020700679326769405, -0.007572260140952535], [-0.032553407977636464, -0.007572260140952533, 0.06271394006145842]], "chi2_level": 0.997, "chi2_df": 3, "chi2_threshold": 13.931422665512084, "N_raw": 51, "N_roi": 49, "N_inlier": 47, "refit": true}
{"timestamp": "14:16:19.983063", "frame": 56, "mu": [-1.8471202826586244, 3.3966950999472534, 0.8672120351426826], "Sigma": [[0.011776316366944496, -6.012685677988998e-05, 0.005173340025541149], [-6.012685677988998e-05, 0.0005414234167742181, -0.002375941361614878], [0.0051733400255411476, -0.002375941361614878, 0.016346628502820263]], "chi2_level": 0.997, "chi2_df": 3, "chi2_threshold": 13.931422665512084, "N_raw": 11, "N_roi": 11, "N_inlier": 11, "refit": true}
{"timestamp": "14:16:20.038980", "frame": 57, "mu": [-1.8395528564430066, 3.29833051038308, 0.8272670250086128], "Sigma": [[0.014085203183493746, 0.0023909855931307945, -0.005545513948646975], [0.0023909855931307945, 0.0011660645210743138, -0.002881432180685435], [-0.005545513948646975, -0.0028814321806854347, 0.010114128502965662]], "chi2_level": 0.997, "chi2_df": 3, "chi2_threshold": 13.931422665512084, "N_raw": 23, "N_roi": 23, "N_inlier": 22, "refit": true}
{"timestamp": "14:16:20.095877", "frame": 58, "mu": [-1.8185889246863784, 3.2478052816326115, 0.7805205447735605], "Sigma": [[0.014176730405913574, 0.0032752888795228854, -0.010363396203212239], [0.0032752888795228854, 0.0021048571387444473, -0.005753385061913563], [-0.010363396203212239, -0.0057533850619135634, 0.019733617250697662]], "chi2_level": 0.997, "chi2_df": 3, "chi2_threshold": 13.931422665512084, "N_raw": 36, "N_roi": 34, "N_inlier": 34, "refit": true}
{"timestamp": "14:16:20.149198", "frame": 59, "mu": [-1.8513102576075713, 3.144621576692718, 0.8286206999543916], "Sigma": [[0.00786511290604664, 0.0015249876791495567, -0.0026825509574895153], [0.0015249876791495567, 0.0007139467761126734, -0.0023722041399278494], [-0.0026825509574895153, -0.0023722041399278494, 0.03810035730003355]], "chi2_level": 0.997, "chi2_df": 3, "chi2_threshold": 13.931422665512084, "N_raw": 19, "N_roi": 19, "N_inlier": 18, "refit": true}
{"timestamp": "14:16:20.311792", "frame": 62, "mu": [-1.8062313872522981, 2.7379910167517125, 0.9271455180213048], "Sigma": [[0.3058430936922901, -0.37572926790959793, 0.1916569121791697], [-0.3757292679095979, 0.5038662324627313, -0.2390159535827191], [0.1916569121791697, -0.23901595358271907, 0.12846404686427979]], "chi2_level": 0.997, "chi2_df": 3, "chi2_threshold": 13.931422665512084, "N_raw": 8, "N_roi": 8, "N_inlier": 8, "refit": true}
{"timestamp": "14:16:20.370731", "frame": 63, "mu": [-1.9457599962796328, 2.922765449176396, -0.39000742594759724], "Sigma": [[0.014255758531162638, 0.00971319530000134, 0.02679506459349218], [0.00971319530000134, 0.015360411380103502, 0.02961157050482862], [0.026795064593492183, 0.02961157050482862, 0.09431202305641233]], "chi2_level": 0.997, "chi2_df": 3, "chi2_threshold": 13.931422665512084, "N_raw": 35, "N_roi": 35, "N_inlier": 35, "refit": true}
{"timestamp": "14:16:20.424595", "frame": 64, "mu": [-1.858334483432492, 2.8354359936132347, 1.0452617233997756], "Sigma": [[0.014809508204267853, 0.0014912428753322418, -0.009354272457364938], [0.0014912428753322423, 0.0014718896501869957, -0.004911215261565863], [-0.009354272457364941, -0.004911215261565863, 0.030367281436313842]], "chi2_level": 0.997, "chi2_df": 3, "chi2_threshold": 13.931422665512084, "N_raw": 25, "N_roi": 25, "N_inlier": 24, "refit": true}
{"timestamp": "14:16:20.478631", "frame": 65, "mu": [-1.9567670346240442, 2.7617859996509324, 1.0266524678077693], "Sigma": [[0.04907350749275063, 0.003692166191987321, 0.014143246762677558], [0.003692166191987321, 0.0014033902946183768, -0.00407688314608601], [0.014143246762677558, -0.00407688314608601, 0.04918902877017976]], "chi2_level": 0.997, "chi2_df": 3, "chi2_threshold": 13.931422665512084, "N_raw": 23, "N_roi": 23, "N_inlier": 23, "refit": true}
{"timestamp": "14:16:20.535519", "frame": 66, "mu": [-1.9530956909635906, 2.7198324004401595, 0.8787742583587961], "Sigma": [[0.01990055507576373, 0.002476823150629237, -0.004651928272601273], [0.002476823150629237, 0.0015067923284614818, -0.002866658466806768], [-0.004651928272601274, -0.002866658466806768, 0.015115700614282475]], "chi2_level": 0.997, "chi2_df": 3, "chi2_threshold": 13.931422665512084, "N_raw": 32, "N_roi": 32, "N_inlier": 32, "refit": true}
{"timestamp": "14:16:20.588556", "frame": 67, "mu": [-1.9189728995899646, 2.6154506102528643, 1.0867972934989523], "Sigma": [[0.003712683424217293, -0.0010440639545181906, 0.011298807101880609], [-0.0010440639545181906, 0.00455900493921517, -0.020399159840520757], [0.011298807101880609, -0.020399159840520757, 0.16158774223872865]], "chi2_level": 0.997, "chi2_df": 3, "chi2_threshold": 13.931422665512084, "N_raw": 17, "N_roi": 12, "N_inlier": 11, "refit": true}
{"timestamp": "14:16:20.656584", "frame": 68, "mu": [-1.928264021182044, 2.5383455580691194, 0.9116516776691472], "Sigma": [[0.03181575314870076, 0.006628252087617116, 0.013026594588587716], [0.006628252087617115, 0.004381737759941756, -0.002541711748321963], [0.013026594588587716, -0.002541711748321963, 0.05370900216584655]], "chi2_level": 0.997, "chi2_df": 3, "chi2_threshold": 13.931422665512084, "N_raw": 102, "N_roi": 100, "N_inlier": 99, "refit": true}
{"timestamp": "14:16:20.702948", "frame": 69, "mu": [-1.8711408099384823, 2.48872679790355, 1.1853562826990067], "Sigma": [[0.014187255461951126, 0.003852809701484831, -0.011583618995146287], [0.003852809701484831, 0.0044228842305855465, -0.0051331497621260255], [-0.011583618995146287, -0.0051331497621260255, 0.013146842194552208]], "chi2_level": 0.997, "chi2_df": 3, "chi2_threshold": 13.931422665512084, "N_raw": 40, "N_roi": 40, "N_inlier": 39, "refit": true}
{"timestamp": "14:16:20.758025", "frame": 70, "mu": [-1.9020050042724486, 2.4062908915390158, 1.0341212688970294], "Sigma": [[0.012002243062401623, 0.0031969064224900015, -0.000195504748064472], [0.003196906422490001, 0.003923966755567573, -0.00491979291895769], [-0.0001955047480644718, -0.004919792918957691, 0.024533106043642776]], "chi2_level": 0.997, "chi2_df": 3, "chi2_threshold": 13.931422665512084, "N_raw": 52, "N_roi": 51, "N_inlier": 51, "refit": true}
{"timestamp": "14:16:20.812003", "frame": 71, "mu": [-1.9081409733725267, 2.377494919071293, 1.1420326896644557], "Sigma": [[0.011981194504428538, 0.0039804101477523435, -0.006203471658416002], [0.0039804101477523435, 0.003092988498627037, -0.005815604141563031], [-0.006203471658416001, -0.005815604141563031, 0.021737676651569282]], "chi2_level": 0.997, "chi2_df": 3, "chi2_threshold": 13.931422665512084, "N_raw": 44, "N_roi": 43, "N_inlier": 41, "refit": true}
{"timestamp": "14:16:20.864922", "frame": 72, "mu": [-1.9131487365809487, 2.3062377818808377, 0.9696004946295359], "Sigma": [[0.013931409720637404, 0.004121258795971722, -0.005116605283171621], [0.004121258795971722, 0.003915843807304239, -0.002488651622322243], [-0.005116605283171621, -0.002488651622322243, 0.005098400265847987]], "chi2_level": 0.997, "chi2_df": 3, "chi2_threshold": 13.931422665512084, "N_raw": 31, "N_roi": 31, "N_inlier": 30, "refit": true}
{"timestamp": "14:16:20.922722", "frame": 73, "mu": [-1.9617746796467004, 2.1696587275052908, 1.22010870673584], "Sigma": [[0.04446156956206859, 0.03182067184725052, -0.04716492154434749], [0.03182067184725052, 0.026612563973992157, -0.03922873912280335], [-0.047164921544347496, -0.03922873912280335, 0.06510238002067281]], "chi2_level": 0.997, "chi2_df": 3, "chi2_threshold": 13.931422665512084, "N_raw": 50, "N_roi": 46, "N_inlier": 44, "refit": true}
{"timestamp": "14:16:20.980305", "frame": 74, "mu": [-2.0779304593559766, 2.0779089902558994, 1.2669077911946733], "Sigma": [[0.0475957911674752, 0.04035303776250532, -0.05771448101776585], [0.04035303776250532, 0.03848771768503077, -0.05518438579874867], [-0.057714481017765856, -0.05518438579874867, 0.10195303975631008]], "chi2_level": 0.997, "chi2_df": 3, "chi2_threshold": 13.931422665512084, "N_raw": 62, "N_roi": 58, "N_inlier": 58, "refit": true}
{"timestamp": "14:16:21.035979", "frame": 75, "mu": [-1.9876608116915802, 2.0303208327189646, 0.9275949251122861], "Sigma": [[0.03431557334651348, 0.020775076959887888, -0.03580386836825427], [0.020775076959887884, 0.016700426874194277, -0.028570019432081213], [-0.03580386836825427, -0.028570019432081213, 0.06629410787694573]], "chi2_level": 0.997, "chi2_df": 3, "chi2_threshold": 13.931422665512084, "N_raw": 64, "N_roi": 64, "N_inlier": 62, "refit": true}
{"timestamp": "14:16:21.090802", "frame": 76, "mu": [-1.9912115039642921, 1.9968212213419076, 1.1744062470560037], "Sigma": [[0.051626229222000705, 0.0323745640290935, -0.04442576083387904], [0.0323745640290935, 0.024503903640304407, -0.034537290657874274], [-0.04442576083387904, -0.034537290657874274, 0.06583496370535928]], "chi2_level": 0.997, "chi2_df": 3, "chi2_threshold": 13.931422665512084, "N_raw": 64, "N_roi": 62, "N_inlier": 62, "refit": true}
{"timestamp": "14:16:21.144072", "frame": 77, "mu": [-2.110580189200045, 1.8499320888471542, 1.2852653385646224], "Sigma": [[0.026064526500907535, 0.018046556090511277, -0.03416212843401424], [0.018046556090511277, 0.017189830701514242, -0.03263634958671333], [-0.03416212843401424, -0.03263634958671333, 0.0868887669855807]], "chi2_level": 0.997, "chi2_df": 3, "chi2_threshold": 13.931422665512084, "N_raw": 55, "N_roi": 55, "N_inlier": 55, "refit": true}
{"timestamp": "14:16:21.204656", "frame": 78, "mu": [-2.0500137544993033, 1.8238405694554558, 1.1300554010643227], "Sigma": [[0.023213300786140798, 0.0157121057449569, -0.02169329364507365], [0.0157121057449569, 0.016981047897498103, -0.02268484631256127], [-0.02169329364507365, -0.02268484631256127, 0.043128219620933224]], "chi2_level": 0.997, "chi2_df": 3, "chi2_threshold": 13.931422665512084, "N_raw": 94, "N_roi": 94, "N_inlier": 93, "refit": true}
{"timestamp": "14:16:21.258920", "frame": 79, "mu": [-2.0826344643057224, 1.6923736538269385, 1.03714540310951], "Sigma": [[0.02789525949546403, 0.02109302537074377, -0.0024620396530335223], [0.02109302537074377, 0.019507227979190037, -0.006870974521991103], [-0.0024620396530335214, -0.006870974521991102, 0.04065301893940268]], "chi2_level": 0.997, "chi2_df": 3, "chi2_threshold": 13.931422665512084, "N_raw": 88, "N_roi": 82, "N_inlier": 80, "refit": true}
{"timestamp": "14:16:21.304836", "frame": 80, "mu": [-2.0737508507036915, 1.6197436350297312, 1.1612699741030053], "Sigma": [[0.018391260945823603, 0.012204512298876998, -0.019454572956413493], [0.012204512298876998, 0.009105831554527781, -0.017016632385896166], [-0.019454572956413493, -0.017016632385896166, 0.05325378620645291]], "chi2_level": 0.997, "chi2_df": 3, "chi2_threshold": 13.931422665512084, "N_raw": 24, "N_roi": 24, "N_inlier": 24, "refit": true}
{"timestamp": "14:16:21.365378", "frame": 81, "mu": [-2.1303049220677934, 1.5346274931212895, 1.1556257893532533], "Sigma": [[0.016537729394877763, 0.009806531103523313, -0.002881056367500594], [0.009806531103523313, 0.010230679106005157, -0.005917841481814828], [-0.002881056367500594, -0.005917841481814828, 0.05051552618778969]], "chi2_level": 0.997, "chi2_df": 3, "chi2_threshold": 13.931422665512084, "N_raw": 62, "N_roi": 62, "N_inlier": 62, "refit": true}
{"timestamp": "14:16:21.420248", "frame": 82, "mu": [-2.080792080073658, 1.4977302532327341, 1.0021982557136708], "Sigma": [[0.021198362726334692, 0.014803986755719326, -0.012653680779819897], [0.014803986755719326, 0.012190731529438318, -0.013279740148231117], [-0.012653680779819897, -0.013279740148231117, 0.03430257960292994]], "chi2_level": 0.997, "chi2_df": 3, "chi2_threshold": 13.931422665512084, "N_raw": 63, "N_roi": 63, "N_inlier": 63, "refit": true}
{"timestamp": "14:16:21.477690", "frame": 83, "mu": [-1.9882723923515553, 1.4970723350798827, 0.9414102636029504], "Sigma": [[0.024956022557192155, 0.01641287821644042, -0.014143561779934491], [0.01641287821644042, 0.016103366512153303, -0.014591230205730079], [-0.014143561779934493, -0.014591230205730079, 0.016751598398354817]], "chi2_level": 0.997, "chi2_df": 3, "chi2_threshold": 13.931422665512084, "N_raw": 79, "N_roi": 79, "N_inlier": 79, "refit": true}
{"timestamp": "14:16:21.530234", "frame": 84, "mu": [-2.0194938031638525, 1.4433932618855378, 1.2063460911018442], "Sigma": [[0.012919095163617054, 0.009467106829660133, -0.011038178812716536], [0.009467106829660133, 0.014613443762844135, -0.016022582489989723], [-0.011038178812716536, -0.016022582489989726, 0.02014759211028068]], "chi2_level": 0.997, "chi2_df": 3, "chi2_threshold": 13.931422665512084, "N_raw": 65, "N_roi": 65, "N_inlier": 64, "refit": true}
{"timestamp": "14:16:21.583473", "frame": 85, "mu": [-2.033403498201845, 1.2869929694469961, 1.0526734826755213], "Sigma": [[0.016238981102006243, 0.01682393593883511, 0.003943247449287042], [0.01682393593883511, 0.020625723046167728, 0.004818702955807985], [0.003943247449287041, 0.004818702955807985, 0.029116464468318438]], "chi2_level": 0.997, "chi2_df": 3, "chi2_threshold": 13.931422665512084, "N_raw": 48, "N_roi": 48, "N_inlier": 48, "refit": true}
{"timestamp": "14:16:21.642485", "frame": 86, "mu": [-1.9528175539963526, 1.215636222250466, 0.9370285345334238], "Sigma": [[0.021053882862585662, 0.019021407568754388, -0.0046749014173011316], [0.019021407568754388, 0.019585999414876425, -0.004172530349732138], [-0.0046749014173011316, -0.004172530349732138, 0.02767091081974902]], "chi2_level": 0.997, "chi2_df": 3, "chi2_threshold": 13.931422665512084, "N_raw": 80, "N_roi": 80, "N_inlier": 80, "refit": true}
{"timestamp": "14:16:21.699661", "frame": 87, "mu": [-1.9227032172719984, 1.2801622869035618, 1.0961890328927537], "Sigma": [[0.018336740670193356, 0.015571564160096411, -0.006494967609711417], [0.015571564160096411, 0.020032565701730877, -0.013655202799068504], [-0.006494967609711418, -0.013655202799068504, 0.02008053860788818]], "chi2_level": 0.997, "chi2_df": 3, "chi2_threshold": 13.931422665512084, "N_raw": 93, "N_roi": 93, "N_inlier": 92, "refit": true}
{"timestamp": "14:16:21.751801", "frame": 88, "mu": [-1.9519082287974054, 1.142126139367166, 1.089202145307791], "Sigma": [[0.01876505299496629, 0.012556533749509737, -0.006905400525989657], [0.012556533749509737, 0.01178181851349633, -0.008857170202790914], [-0.006905400525989657, -0.008857170202790914, 0.014479432510432001]], "chi2_level": 0.997, "chi2_df": 3, "chi2_threshold": 13.931422665512084, "N_raw": 70, "N_roi": 70, "N_inlier": 70, "refit": true}
{"timestamp": "14:16:21.808488", "frame": 89, "mu": [-1.8844137194842479, 1.1680208308758835, 1.0694989539878486], "Sigma": [[0.018526172627207883, 0.011842336193263612, -0.012033026397074214], [0.011842336193263612, 0.012244775674028254, -0.014218467106542697], [-0.012033026397074213, -0.014218467106542697, 0.021072619648179167]], "chi2_level": 0.997, "chi2_df": 3, "chi2_threshold": 13.931422665512084, "N_raw": 86, "N_roi": 86, "N_inlier": 85, "refit": true}
{"timestamp": "14:16:21.862860", "frame": 90, "mu": [-1.9149640156020173, 1.0280244754123142, 1.0105317663713982], "Sigma": [[0.019309853630733502, 0.019779945895924786, -0.0029714159623249704], [0.019779945895924786, 0.025621158765004072, -0.00898719387811378], [-0.0029714159623249704, -0.00898719387811378, 0.010919140580834288]], "chi2_level": 0.997, "chi2_df": 3, "chi2_threshold": 13.931422665512084, "N_raw": 80, "N_roi": 80, "N_inlier": 80, "refit": true}
{"timestamp": "14:16:21.920290", "frame": 91, "mu": [-1.8870250080768054, 1.0388704221468108, 1.0445472261770579], "Sigma": [[0.0176310681583843, 0.014548044665684809, -0.003921648478423455], [0.014548044665684809, 0.018668133833190353, -0.011387383430826674], [-0.003921648478423455, -0.011387383430826674, 0.013501738594162963]], "chi2_level": 0.997, "chi2_df": 3, "chi2_threshold": 13.931422665512084, "N_raw": 90, "N_roi": 90, "N_inlier": 90, "refit": true}
{"timestamp": "14:16:21.972191", "frame": 92, "mu": [-1.903483329909298, 0.951502146162147, 1.0915446134209774], "Sigma": [[0.010678295675127965, 0.009775339764036469, -0.001644773998601189], [0.009775339764036469, 0.015323315097977812, -0.01069738568109448], [-0.001644773998601189, -0.01069738568109448, 0.018843095017831716]], "chi2_level": 0.997, "chi2_df": 3, "chi2_threshold": 13.931422665512084, "N_raw": 74, "N_roi": 74, "N_inlier": 73, "refit": true}
{"timestamp": "14:16:22.025398", "frame": 93, "mu": [-1.9153826352211427, 0.9303225563589286, 1.102939063487566], "Sigma": [[0.009178015517319482, 0.0069647915383860386, 0.0013640250036629211], [0.0069647915383860386, 0.010184295678040089, -0.005557886562192775], [0.0013640250036629211, -0.005557886562192775, 0.014470489925837845]], "chi2_level": 0.997, "chi2_df": 3, "chi2_threshold": 13.931422665512084, "N_raw": 64, "N_roi": 64, "N_inlier": 61, "refit": true}
{"timestamp": "14:16:22.082285", "frame": 94, "mu": [-1.887955164134065, 0.9059723258055333, 1.0191284384669312], "Sigma": [[0.010359884277452722, 0.010878702190684538, 0.0005598566793760349], [0.010878702190684538, 0.01459911869295171, -0.005940529454977839], [0.0005598566793760349, -0.00594052945497784, 0.023818448208543962]], "chi2_level": 0.997, "chi2_df": 3, "chi2_threshold": 13.931422665512084, "N_raw": 78, "N_roi": 78, "N_inlier": 75, "refit": true}
{"timestamp": "14:16:22.134568", "frame": 95, "mu": [-1.8806210208261416, 0.8842325031730649, 1.0360817497227839], "Sigma": [[0.006990347018200497, 0.006338563478378245, 0.006797730287464312], [0.006338563478378245, 0.007841563648872488, 0.006754593538866272], [0.006797730287464311, 0.006754593538866272, 0.035032303871409515]], "chi2_level": 0.997, "chi2_df": 3, "chi2_threshold": 13.931422665512084, "N_raw": 54, "N_roi": 54, "N_inlier": 54, "refit": true}
{"timestamp": "14:16:22.192966", "frame": 96, "mu": [-1.8645211323610533, 0.841183791941653, 1.094596512909755], "Sigma": [[0.010052401382941391, 0.007447573754786105, 0.005139501481123729], [0.007447573754786104, 0.011867112946038011, -0.003957984214696066], [0.005139501481123729, -0.003957984214696066, 0.034297084512914425]], "chi2_level": 0.997, "chi2_df": 3, "chi2_threshold": 13.931422665512084, "N_raw": 86, "N_roi": 86, "N_inlier": 86, "refit": true}
{"timestamp": "14:16:22.248149", "frame": 97, "mu": [-1.8325695611011963, 0.8100179403440605, 1.1202396600884605], "Sigma": [[0.011704027201585173, 0.01154148120427553, 4.523039308244642e-05], [0.01154148120427553, 0.024278689035857778, -0.007228181864022206], [4.523039308244612e-05, -0.007228181864022206, 0.01874813499705401]], "chi2_level": 0.997, "chi2_df": 3, "chi2_threshold": 13.931422665512084, "N_raw": 79, "N_roi": 79, "N_inlier": 78, "refit": true}
{"timestamp": "14:16:22.304514", "frame": 98, "mu": [-1.8531446804587282, 0.7481235778907364, 1.0841207982123353], "Sigma": [[0.012598197707523623, 0.011326989816490156, 0.002873510201481551], [0.011326989816490158, 0.01718566020921755, -0.00157700181372906], [0.002873510201481551, -0.0015770018137290602, 0.034552023997037315]], "chi2_level": 0.997, "chi2_df": 3, "chi2_threshold": 13.931422665512084, "N_raw": 92, "N_roi": 92, "N_inlier": 92, "refit": true}
{"timestamp": "14:16:22.360039", "frame": 99, "mu": [-1.8266613582156794, 0.7391726978303125, 1.091415377280675], "Sigma": [[0.01046702140831398, 0.008042781102471707, 0.0021947377240473043], [0.008042781102471707, 0.017072499204673925, -0.009399544435999187], [0.0021947377240473043, -0.009399544435999187, 0.03047407212391662]], "chi2_level": 0.997, "chi2_df": 3, "chi2_threshold": 13.931422665512084, "N_raw": 92, "N_roi": 92, "N_inlier": 92, "refit": true}
{"timestamp": "14:16:22.499912", "frame": 100, "mu": [-1.7623690233374836, 0.9103605439773659, -0.6510605528936249], "Sigma": [[0.013828243506846125, 0.008596428188065712, 0.004075603157739088], [0.008596428188065712, 0.022397551504488, -0.007263109123778411], [0.004075603157739088, -0.007263109123778411, 0.011419983383884386]], "chi2_level": 0.997, "chi2_df": 3, "chi2_threshold": 13.931422665512084, "N_raw": 95, "N_roi": 95, "N_inlier": 91, "refit": true}
{"timestamp": "14:16:22.507798", "frame": 101, "mu": [-1.4386748137023042, 0.8355716986420775, -0.6968967181256482], "Sigma": [[0.9725236381008291, -0.05058294288404782, 0.013581333490226954], [-0.05058294288404782, 0.020692612731814143, -0.0076129362850053915], [0.013581333490226956, -0.007612936285005392, 0.021701881689016107]], "chi2_level": 0.997, "chi2_df": 3, "chi2_threshold": 13.931422665512084, "N_raw": 92, "N_roi": 92, "N_inlier": 92, "refit": true}
{"timestamp": "14:16:22.549388", "frame": 102, "mu": [-1.6759201680828169, 0.6595147627149879, 1.1966001410843505], "Sigma": [[0.01088067167213034, 0.007600812630165651, 0.0012534167480859086], [0.0076008126301656525, 0.016021216918915553, -0.007219448672763267], [0.001253416748085909, -0.007219448672763267, 0.009278087616033923]], "chi2_level": 0.997, "chi2_df": 3, "chi2_threshold": 13.931422665512084, "N_raw": 73, "N_roi": 73, "N_inlier": 71, "refit": true}
{"timestamp": "14:16:22.580020", "frame": 103, "mu": [-1.4911532341387521, 0.5602177288598805, 1.09933169465909], "Sigma": [[0.5925625186295563, -0.01647694546710971, 0.027013733796083628], [-0.016476945467109705, 0.012312429609631881, -0.007902326426956385], [0.027013733796083628, -0.007902326426956383, 0.01588743554694841]], "chi2_level": 0.997, "chi2_df": 3, "chi2_threshold": 13.931422665512084, "N_raw": 84, "N_roi": 84, "N_inlier": 81, "refit": true}
{"timestamp": "14:16:22.633570", "frame": 104, "mu": [-1.598063514886778, 0.6655929844859324, 1.2015085822080134], "Sigma": [[0.012179933673320353, 0.008650541358764183, 0.0039052806612662064], [0.008650541358764184, 0.013946726507198559, -0.00370617879852509], [0.0039052806612662064, -0.0037061787985250907, 0.01188993927724054]], "chi2_level": 0.997, "chi2_df": 3, "chi2_threshold": 13.931422665512084, "N_raw": 78, "N_roi": 78, "N_inlier": 78, "refit": true}
{"timestamp": "14:16:22.691430", "frame": 105, "mu": [-1.5189954769053144, 0.7343325149238084, 1.268847172777843], "Sigma": [[0.011186403278702645, 0.006301056950131978, 0.005940807362431914], [0.006301056950131978, 0.009132896325712332, -0.005317481317591359], [0.005940807362431914, -0.005317481317591359, 0.027356128647757515]], "chi2_level": 0.997, "chi2_df": 3, "chi2_threshold": 13.931422665512084, "N_raw": 102, "N_roi": 102, "N_inlier": 101, "refit": true}
{"timestamp": "14:16:22.743924", "frame": 106, "mu": [-1.4899047903002802, 0.712641160214503, 1.219423296552882], "Sigma": [[0.009219329832347885, 0.007183420430620972, 0.004308103256633991], [0.007183420430620972, 0.009698213006385141, -0.003408090892482638], [0.004308103256633991, -0.003408090892482638, 0.023482262475089416]], "chi2_level": 0.997, "chi2_df": 3, "chi2_threshold": 13.931422665512084, "N_raw": 88, "N_roi": 88, "N_inlier": 86, "refit": true}
{"timestamp": "14:16:22.796669", "frame": 107, "mu": [-1.4931002555199115, 0.7197567187259927, 1.3233367734576718], "Sigma": [[0.00871679409301405, 0.003623043645690595, 0.0023715719439417514], [0.003623043645690595, 0.008435421364367474, -0.0057144167655534695], [0.0023715719439417514, -0.00571441676555347, 0.008897679403497113]], "chi2_level": 0.997, "chi2_df": 3, "chi2_threshold": 13.931422665512084, "N_raw": 71, "N_roi": 71, "N_inlier": 69, "refit": true}
{"timestamp": "14:16:22.852925", "frame": 108, "mu": [-1.4490912111340342, 0.7293796763374003, 1.345936578892585], "Sigma": [[0.008296544541303878, 0.006085043550754839, 0.0057893086656433945], [0.006085043550754839, 0.008426117393507713, 0.0024398351179192156], [0.0057893086656433945, 0.0024398351179192148, 0.027251030614878366]], "chi2_level": 0.997, "chi2_df": 3, "chi2_threshold": 13.931422665512084, "N_raw": 75, "N_roi": 75, "N_inlier": 71, "refit": true}
{"timestamp": "14:16:22.905419", "frame": 109, "mu": [-1.3914863166331073, 0.7867569984185949, 1.3945453104750059], "Sigma": [[0.008449067761377384, 0.003366294635863654, 0.001250917799516308], [0.003366294635863654, 0.006051619423776835, -0.004111103002768117], [0.001250917799516308, -0.004111103002768118, 0.00721364218298287]], "chi2_level": 0.997, "chi2_df": 3, "chi2_threshold": 13.931422665512084, "N_raw": 67, "N_roi": 67, "N_inlier": 65, "refit": true}
{"timestamp": "14:16:22.960550", "frame": 110, "mu": [-1.3852816872334974, 0.7672417662074223, 1.3628974690785562], "Sigma": [[0.008659887340461867, 0.003797238902034582, -0.0007764599298272724], [0.003797238902034583, 0.007340577123986497, -0.004680718904872122], [-0.0007764599298272722, -0.004680718904872121, 0.0043663847278824905]], "chi2_level": 0.997, "chi2_df": 3, "chi2_threshold": 13.931422665512084, "N_raw": 64, "N_roi": 64, "N_inlier": 62, "refit": true}
{"timestamp": "14:16:23.015420", "frame": 111, "mu": [-1.3173541112390905, 0.8170782444462346, 1.400516298870459], "Sigma": [[0.0071699708444228185, 0.003277063594321351, -0.0018072584816451465], [0.003277063594321351, 0.00829274231244644, -0.0039631821935403756], [-0.0018072584816451465, -0.0039631821935403756, 0.004867327714522297]], "chi2_level": 0.997, "chi2_df": 3, "chi2_threshold": 13.931422665512084, "N_raw": 61, "N_roi": 61, "N_inlier": 59, "refit": true}
{"timestamp": "14:16:23.070824", "frame": 112, "mu": [-1.278553493720523, 0.7824430027162939, 1.3868333290320125], "Sigma": [[0.009738063994277719, -0.0007445062136868586, -0.008399247493787784], [-0.0007445062136868584, 0.014778290787739517, 0.0015125304595545968], [-0.008399247493787784, 0.0015125304595545973, 0.010158996703438578]], "chi2_level": 0.997, "chi2_df": 3, "chi2_threshold": 13.931422665512084, "N_raw": 61, "N_roi": 61, "N_inlier": 60, "refit": true}
{"timestamp": "14:16:23.124204", "frame": 113, "mu": [-1.2976693044840613, 0.8978467005574124, 1.5271917412396672], "Sigma": [[0.009591446321018497, 0.004814927736291294, -0.0006305292864243646], [0.004814927736291294, 0.005218030687247261, -0.003409050869915927], [-0.0006305292864243646, -0.003409050869915927, 0.011532722712680464]], "chi2_level": 0.997, "chi2_df": 3, "chi2_threshold": 13.931422665512084, "N_raw": 56, "N_roi": 56, "N_inlier": 51, "refit": true}
{"timestamp": "14:16:23.179060", "frame": 114, "mu": [-1.3044795155639772, 0.8584542729527828, 1.5309417805457604], "Sigma": [[0.011627560357078412, 0.005734781483882168, -0.002620564919653615], [0.005734781483882168, 0.006743890807107355, -0.003948595746226181], [-0.0026205649196536147, -0.003948595746226181, 0.004914324005151626]], "chi2_level": 0.997, "chi2_df": 3, "chi2_threshold": 13.931422665512084, "N_raw": 60, "N_roi": 60, "N_inlier": 58, "refit": true}
{"timestamp": "14:16:23.238669", "frame": 115, "mu": [-1.158604808551383, 0.8814661552494978, 1.3817034071566106], "Sigma": [[0.016341448782631957, 0.0057063422088118295, -0.009374334050780097], [0.0057063422088118295, 0.009363887632576066, -0.005301389747778495], [-0.009374334050780097, -0.005301389747778494, 0.0067263614740484595]], "chi2_level": 0.997, "chi2_df": 3, "chi2_threshold": 13.931422665512084, "N_raw": 88, "N_roi": 88, "N_inlier": 86, "refit": true}
{"timestamp": "14:16:23.287829", "frame": 116, "mu": [-1.2092945143838092, 0.9033505261466743, 1.4377509858571436], "Sigma": [[0.035739762386829806, 0.004768903505252683, -0.03160357162936678], [0.004768903505252683, 0.0031823996521502, -0.00782164354273592], [-0.03160357162936678, -0.00782164354273592, 0.043860677188859706]], "chi2_level": 0.997, "chi2_df": 3, "chi2_threshold": 13.931422665512084, "N_raw": 43, "N_roi": 43, "N_inlier": 41, "refit": true}
{"timestamp": "14:16:23.346844", "frame": 117, "mu": [-1.2758036462590086, 0.9529194744442175, 1.5363874713955012], "Sigma": [[0.019357864981949226, 0.007971650800932205, -0.02891738616581597], [0.007971650800932205, 0.009503181799098618, -0.01609647834244527], [-0.02891738616581597, -0.01609647834244527, 0.11831403042587174]], "chi2_level": 0.997, "chi2_df": 3, "chi2_threshold": 13.931422665512084, "N_raw": 69, "N_roi": 69, "N_inlier": 67, "refit": true}
{"timestamp": "14:16:23.399598", "frame": 118, "mu": [-1.3086996333694774, 0.9590411786940337, 1.6652309833965437], "Sigma": [[0.01784028472337546, 0.00844526323669939, -0.011535339861501204], [0.00844526323669939, 0.007486826243622319, -0.007750075811129942], [-0.011535339861501202, -0.007750075811129942, 0.02047767283917085]], "chi2_level": 0.997, "chi2_df": 3, "chi2_threshold": 13.931422665512084, "N_raw": 54, "N_roi": 54, "N_inlier": 52, "refit": true}
{"timestamp": "14:16:23.456497", "frame": 119, "mu": [-1.1565967822549932, 1.0558202579404272, 1.5017371480136605], "Sigma": [[0.042142948758276844, 0.016579771394136224, -0.03864766551056196], [0.016579771394136224, 0.010491929870304917, -0.016264688703030654], [-0.03864766551056196, -0.016264688703030654, 0.044968012287957146]], "chi2_level": 0.997, "chi2_df": 3, "chi2_threshold": 13.931422665512084, "N_raw": 67, "N_roi": 67, "N_inlier": 66, "refit": true}
