{"timestamp": "14:12:38.466594", "frame": 1, "mu": [1.148044827970705, 1.1021023177607374, 1.190508453982126], "Sigma": [[0.0071859115265202915, -0.002050741371875304, -0.0013219121269864168], [-0.0020507413718753036, 0.0022957639179201047, -0.002429946558977074], [-0.001321912126986417, -0.002429946558977074, 0.006347932874569782]], "chi2_level": 0.997, "chi2_df": 3, "chi2_threshold": 13.931422665512084, "N_raw": 41, "N_roi": 41, "N_inlier": 40, "refit": true}
{"timestamp": "14:12:38.521151", "frame": 2, "mu": [1.0503400538129042, 1.1973283712629406, 1.3053991093408155], "Sigma": [[0.010127238813444527, -0.0008214552128674253, -0.01810581226093554], [-0.0008214552128674251, 0.0013841796740177588, -0.000291465146491168], [-0.01810581226093554, -0.000291465146491168, 0.04014613350336074]], "chi2_level": 0.997, "chi2_df": 3, "chi2_threshold": 13.931422665512084, "N_raw": 40, "N_roi": 40, "N_inlier": 40, "refit": true}
{"timestamp": "14:12:38.582041", "frame": 3, "mu": [1.094363782166086, 1.1701380260472356, 1.2704407525818948], "Sigma": [[0.012068876283245553, -0.0028927485035937883, -0.01506371831852843], [-0.0028927485035937887, 0.003242143434987889, 0.0003903692586933908], [-0.015063718318528433, 0.0003903692586933908, 0.03255428525697593]], "chi2_level": 0.997, "chi2_df": 3, "chi2_threshold": 13.931422665512084, "N_raw": 64, "N_roi": 64, "N_inlier": 64, "refit": true}
{"timestamp": "14:12:38.630155", "frame": 4, "mu": [1.113759891074994, 1.1863988872137634, 1.299727603373947], "Sigma": [[0.004645908681528755, 0.0017177201578329302, -0.005098942502989102], [0.0017177201578329302, 0.0030655292997553403, -0.0035014325616701406], [-0.005098942502989102, -0.00350143256167014, 0.010360606843858434]], "chi2_level": 0.997, "chi2_df": 3, "chi2_threshold": 13.931422665512084, "N_raw": 17, "N_roi": 17, "N_inlier": 17, "refit": true}
{"timestamp": "14:12:38.683421", "frame": 5, "mu": [1.1022897592829457, 1.12804626334776, 1.352628974887065], "Sigma": [[0.009192363542649516, -0.001921269544301637, -0.012026779416045503], [-0.0019212695443016365, 0.004463212996669358, -0.0013896258985008328], [-0.012026779416045501, -0.0013896258985008332, 0.020697314363359236]], "chi2_level": 0.997, "chi2_df": 3, "chi2_threshold": 13.931422665512084, "N_raw": 7, "N_roi": 7, "N_inlier": 7, "refit": true}
{"timestamp": "14:12:38.738572", "frame": 6, "mu": [1.0227577498444294, 1.0399276684172611, 1.3473301003815146], "Sigma": [[0.0822058345992085, 0.06784517001244632, -0.0828160377895046], [0.06784517001244632, 0.07556026107437575, -0.05852050356528254], [-0.08281603778950461, -0.05852050356528254, 0.08978850414500864]], "chi2_level": 0.997, "chi2_df": 3, "chi2_threshold": 13.931422665512084, "N_raw": 7, "N_roi": 7, "N_inlier": 7, "refit": true}
{"timestamp": "14:12:38.795489", "frame": 7, "mu": [0.9968767845657529, 1.1822370827697086, 1.48834811350106], "Sigma": [[0.006934962421222564, -0.0016124530256742854, -0.005444843745651181], [-0.0016124530256742854, 0.0028983583250019205, 0.0002067705461387756], [-0.005444843745651179, 0.00020677054613877548, 0.005885908796236427]], "chi2_level": 0.997, "chi2_df": 3, "chi2_threshold": 13.931422665512084, "N_raw": 27, "N_roi": 27, "N_inlier": 26, "refit": true}
{"timestamp": "14:12:38.852523", "frame": 8, "mu": [0.9860433568897795, 1.181341696723116, 1.5117808759326747], "Sigma": [[0.005970234067672384, -0.002954754175687326, -0.0030543642133239518], [-0.0029547541756873266, 0.00355209218531275, 0.0013577902740565587], [-0.0030543642133239518, 0.0013577902740565587, 0.0021880364203458644]], "chi2_level": 0.997, "chi2_df": 3, "chi2_threshold": 13.931422665512084, "N_raw": 29, "N_roi": 28, "N_inlier": 26, "refit": true}
{"timestamp": "14:12:38.905228", "frame": 9, "mu": [1.00851687686753, 1.1497523112209849, 1.4796996916014338], "Sigma": [[0.006829100564472573, -0.0028210043238044162, -0.007760463022888015], [-0.0028210043238044162, 0.002242185389655009, 0.0029435009807626264], [-0.007760463022888015, 0.0029435009807626264, 0.010157209506646626]], "chi2_level": 0.997, "chi2_df": 3, "chi2_threshold": 13.931422665512084, "N_raw": 17, "N_roi": 17, "N_inlier": 17, "refit": true}
{"timestamp": "14:12:38.959266", "frame": 10, "mu": [1.1753890581172828, 1.0692369519664888, 1.0004928923144643], "Sigma": [[0.0027934501231716494, -0.0027035884475699, -0.023189619455263048], [-0.0027035884475699, 0.007777830077952806, 0.02629197792572749], [-0.023189619455263048, 0.02629197792572749, 0.26208323865694716]], "chi2_level": 0.997, "chi2_df": 3, "chi2_threshold": 13.931422665512084, "N_raw": 7, "N_roi": 7, "N_inlier": 7, "refit": true}
{"timestamp": "14:12:39.012990", "frame": 11, "mu": [0.9556550973932125, 1.157238824156305, 1.4698323839007155], "Sigma": [[0.0034974603287064986, -0.0035335751156944156, -0.006303319169076321], [-0.003533575115694416, 0.009493101222716117, 0.013203927297815814], [-0.006303319169076321, 0.013203927297815814, 0.022852218397708467]], "chi2_level": 0.997, "chi2_df": 3, "chi2_threshold": 13.931422665512084, "N_raw": 14, "N_roi": 14, "N_inlier": 13, "refit": true}
{"timestamp": "14:12:39.068067", "frame": 12, "mu": [0.9933501050920955, 1.1382740022591065, 1.4326731659979728], "Sigma": [[0.011371122439139047, -0.007408092179847604, -0.016413808764579846], [-0.007408092179847604, 0.005460857083125141, 0.010623688062488802], [-0.016413808764579846, 0.010623688062488803, 0.0247155584201815]], "chi2_level": 0.997, "chi2_df": 3, "chi2_threshold": 13.931422665512084, "N_raw": 12, "N_roi": 12, "N_inlier": 11, "refit": true}
{"timestamp": "14:12:39.125603", "frame": 13, "mu": [1.0723009709068976, 1.0884610705015065, 1.3100522992717214], "Sigma": [[0.005603460738767719, -0.0038378899504171128, -0.0073675733507423], [-0.0038378899504171136, 0.0041324557600678795, 0.0043222429433637235], [-0.0073675733507423, 0.0043222429433637235, 0.012052869074177968]], "chi2_level": 0.997, "chi2_df": 3, "chi2_threshold": 13.931422665512084, "N_raw": 24, "N_roi": 24, "N_inlier": 24, "refit": true}
{"timestamp": "14:12:39.234502", "frame": 15, "mu": [1.1076148565285615, 1.0137561420803378, 1.1625389115060434], "Sigma": [[0.0027979415853976617, -0.0012105511153486844, -0.0034804966883010898], [-0.0012105511153486844, 0.0024309003567603675, 0.0002337945792116151], [-0.0034804966883010893, 0.00023379457921161482, 0.007532414745299919]], "chi2_level": 0.997, "chi2_df": 3, "chi2_threshold": 13.931422665512084, "N_raw": 20, "N_roi": 20, "N_inlier": 19, "refit": true}
{"timestamp": "14:12:39.291000", "frame": 16, "mu": [1.0802956121596718, 1.1148423002272494, 1.2664318847377118], "Sigma": [[0.0042681945633322275, -0.001293621991104092, -0.005000636477396292], [-0.001293621991104092, 0.00233612984145082, 5.0930372299565283e-05], [-0.005000636477396292, 5.093037229956539e-05, 0.009268142120925403]], "chi2_level": 0.997, "chi2_df": 3, "chi2_threshold": 13.931422665512084, "N_raw": 21, "N_roi": 21, "N_inlier": 19, "refit": true}
{"timestamp": "14:12:39.345318", "frame": 17, "mu": [0.9200802595763554, 1.2199080211710565, 1.508628524121168], "Sigma": [[0.003209841751254351, 0.0004437351020162677, -0.0016680974791940342], [0.0004437351020162677, 0.003062118809796896, -0.0001249708977764631], [-0.001668097479194034, -0.0001249708977764631, 0.0010489727253855932]], "chi2_level": 0.997, "chi2_df": 3, "chi2_threshold": 13.931422665512084, "N_raw": 28, "N_roi": 28, "N_inlier": 27, "refit": true}
{"timestamp": "14:12:39.398391", "frame": 18, "mu": [1.0787956375924674, 1.0033737055225456, 0.9804308024079035], "Sigma": [[0.049842162469542144, -0.050414536401495534, -0.1441351894733079], [-0.050414536401495534, 0.0570880354491697, 0.14972531923807247], [-0.1441351894733079, 0.14972531923807247, 0.42036901501754426]], "chi2_level": 0.997, "chi2_df": 3, "chi2_threshold": 13.931422665512084, "N_raw": 9, "N_roi": 9, "N_inlier": 9, "refit": true}
{"timestamp": "14:12:39.458114", "frame": 19, "mu": [0.8809649439729151, 1.2065890781842836, 1.4668722401641658], "Sigma": [[0.0038632030694050797, -0.0010399745598284255, -0.004889938890588411], [-0.0010399745598284257, 0.0032998086236793117, 0.00041721188434003833], [-0.004889938890588411, 0.00041721188434003833, 0.009702103341488749]], "chi2_level": 0.997, "chi2_df": 3, "chi2_threshold": 13.931422665512084, "N_raw": 39, "N_roi": 39, "N_inlier": 37, "refit": true}
{"timestamp": "14:12:39.510296", "frame": 20, "mu": [0.8573547023345001, 1.1881031722731443, 1.5032529996448742], "Sigma": [[0.0024631747885652897, -0.0004637338943314379, -0.0021068033954730787], [-0.0004637338943314379, 0.002207359417459211, -0.00019806341202920346], [-0.0021068033954730787, -0.00019806341202920346, 0.0021493469348432353]], "chi2_level": 0.997, "chi2_df": 3, "chi2_threshold": 13.931422665512084, "N_raw": 21, "N_roi": 21, "N_inlier": 19, "refit": true}
{"timestamp": "14:12:39.573576", "frame": 21, "mu": [0.943133605521951, 1.0336378851843895, 0.7506373611529332], "Sigma": [[0.013940788976842667, -0.01305885108795643, -0.061971914118308935], [-0.013058851087956427, 0.019796923565094347, 0.08465432612854622], [-0.061971914118308935, 0.08465432612854622, 0.5311243499423995]], "chi2_level": 0.997, "chi2_df": 3, "chi2_threshold": 13.931422665512084, "N_raw": 82, "N_roi": 82, "N_inlier": 81, "refit": true}
{"timestamp": "14:12:39.626702", "frame": 22, "mu": [0.8297036551407365, 1.143948594580707, 1.2113547710949977], "Sigma": [[0.005013971039090951, -0.001186405625860811, -0.00341634353956383], [-0.001186405625860811, 0.013970342619820721, 0.05796351926288111], [-0.00341634353956383, 0.05796351926288111, 0.3521637211719234]], "chi2_level": 0.997, "chi2_df": 3, "chi2_threshold": 13.931422665512084, "N_raw": 57, "N_roi": 57, "N_inlier": 56, "refit": true}
{"timestamp": "14:12:39.680981", "frame": 23, "mu": [0.739168791450305, 1.0596143938902978, 0.8375976911907735], "Sigma": [[0.006307776519023016, 0.003177434283594743, 0.03296523012614829], [0.003177434283594742, 0.027173047178538495, 0.1159963906501847], [0.0329652301261483, 0.11599639065018469, 0.6231926192358447]], "chi2_level": 0.997, "chi2_df": 3, "chi2_threshold": 13.931422665512084, "N_raw": 60, "N_roi": 60, "N_inlier": 59, "refit": true}
{"timestamp": "14:12:39.738983", "frame": 24, "mu": [0.7995894578605537, 1.1764602649668723, 1.3829829378378462], "Sigma": [[0.005071214112039025, -0.0005168008034097544, -0.005751150670678097], [-0.0005168008034097543, 0.004380775567612988, -0.0035394303031305594], [-0.005751150670678097, -0.0035394303031305594, 0.011723274627462196]], "chi2_level": 0.997, "chi2_df": 3, "chi2_threshold": 13.931422665512084, "N_raw": 76, "N_roi": 76, "N_inlier": 70, "refit": true}
{"timestamp": "14:12:39.791656", "frame": 25, "mu": [0.7317543228858125, 1.1602533660884937, 1.4292058227425446], "Sigma": [[0.005224806108040815, -0.00042479247359801016, 0.002322179350833452], [-0.00042479247359801026, 0.005732410208063925, 0.0015210063177164249], [0.0023221793508334523, 0.0015210063177164249, 0.034050850712278764]], "chi2_level": 0.997, "chi2_df": 3, "chi2_threshold": 13.931422665512084, "N_raw": 61, "N_roi": 61, "N_inlier": 58, "refit": true}
{"timestamp": "14:12:39.850319", "frame": 26, "mu": [0.7093048761494188, 1.2082503177307242, -0.1693738392288341], "Sigma": [[0.007993841953398148, -0.004556974285498088, 0.02510122910158749], [-0.004556974285498089, 0.01241310499700946, -0.06394729480040581], [0.025101229101587495, -0.06394729480040581, 0.6160276870490503]], "chi2_level": 0.997, "chi2_df": 3, "chi2_threshold": 13.931422665512084, "N_raw": 84, "N_roi": 84, "N_inlier": 81, "refit": true}
{"timestamp": "14:12:39.910336", "frame": 27, "mu": [0.6902623121768818, 1.029591078141559, 1.1769668278578365], "Sigma": [[0.00653397151453734, -0.005814483355129182, -0.014182094732147297], [-0.005814483355129182, 0.014002397346454436, 0.028594711839374565], [-0.014182094732147297, 0.028594711839374565, 0.09105816274216644]], "chi2_level": 0.997, "chi2_df": 3, "chi2_threshold": 13.931422665512084, "N_raw": 110, "N_roi": 110, "N_inlier": 105, "refit": true}
{"timestamp": "14:12:39.962048", "frame": 28, "mu": [0.613839802222349, 1.065355590897068, 1.2931378373140219], "Sigma": [[0.004641394676039725, -0.0015726883874028251, -0.007037607210124728], [-0.0015726883874028251, 0.0053815254221918985, 0.009948977187553791], [-0.007037607210124728, 0.009948977187553791, 0.058780449909736035]], "chi2_level": 0.997, "chi2_df": 3, "chi2_threshold": 13.931422665512084, "N_raw": 95, "N_roi": 95, "N_inlier": 92, "refit": true}
{"timestamp": "14:12:40.016154", "frame": 29, "mu": [0.5375755489012203, 1.1116269348095709, 1.2842772770446451], "Sigma": [[0.003320684579058944, -0.0012465641790665913, -0.0009809773441506104], [-0.0012465641790665913, 0.00362625054377098, -0.005281765381223674], [-0.0009809773441506102, -0.005281765381223674, 0.030273102707038948]], "chi2_level": 0.997, "chi2_df": 3, "chi2_threshold": 13.931422665512084, "N_raw": 91, "N_roi": 91, "N_inlier": 91, "refit": true}
{"timestamp": "14:12:40.066298", "frame": 30, "mu": [0.5197216273689569, 1.102577946963342, 1.4066547483820833], "Sigma": [[0.0034321173051157596, 0.0008469681999039084, -0.0017728430102252743], [0.0008469681999039084, 0.0034550850409821375, -0.0030270255355155234], [-0.001772843010225274, -0.0030270255355155234, 0.007242089788662526]], "chi2_level": 0.997, "chi2_df": 3, "chi2_threshold": 13.931422665512084, "N_raw": 56, "N_roi": 56, "N_inlier": 53, "refit": true}
{"timestamp": "14:12:40.125244", "frame": 31, "mu": [0.4493957873710502, 1.0970083751590791, 1.3051601809815672], "Sigma": [[0.0028254448473734777, -8.68217418478668e-05, -0.000506319333934012], [-8.682174184786686e-05, 0.0020644682450355204, -0.0045437731727153395], [-0.0005063193339340116, -0.0045437731727153395, 0.03335831874220627]], "chi2_level": 0.997, "chi2_df": 3, "chi2_threshold": 13.931422665512084, "N_raw": 86, "N_roi": 86, "N_inlier": 86, "refit": true}
{"timestamp": "14:12:40.178150", "frame": 32, "mu": [0.4225779243496424, 1.079898760473662, 1.2695791406257009], "Sigma": [[0.0033743873256791308, -0.001760787785051249, -0.008581255317139786], [-0.001760787785051249, 0.00492627564485922, -0.003350458020126971], [-0.008581255317139786, -0.003350458020126971, 0.0689447869719276]], "chi2_level": 0.997, "chi2_df": 3, "chi2_threshold": 13.931422665512084, "N_raw": 68, "N_roi": 68, "N_inlier": 66, "refit": true}
{"timestamp": "14:12:40.228085", "frame": 33, "mu": [0.30046313558445176, 1.185169321262258, 1.1268596358971688], "Sigma": [[0.002316327132698637, -0.001211573868656433, -0.00869658307199034], [-0.0012115738686564333, 0.0033139399675217686, 0.0015523778829534432], [-0.00869658307199034, 0.0015523778829534432, 0.1999885215280806]], "chi2_level": 0.997, "chi2_df": 3, "chi2_threshold": 13.931422665512084, "N_raw": 31, "N_roi": 31, "N_inlier": 31, "refit": true}
{"timestamp": "14:12:40.285302", "frame": 34, "mu": [0.3171280444492411, 1.0624649324150164, 1.2962761278506498], "Sigma": [[0.0033080938866593677, -0.0005573339975238185, 0.002919669145592124], [-0.0005573339975238183, 0.0025158577685385946, -0.0011351279645572833], [0.0029196691455921236, -0.0011351279645572833, 0.11825680213021486]], "chi2_level": 0.997, "chi2_df": 3, "chi2_threshold": 13.931422665512084, "N_raw": 51, "N_roi": 51, "N_inlier": 49, "refit": true}
{"timestamp": "14:12:40.338779", "frame": 35, "mu": [0.2710851989156947, 1.0702034119855879, 1.0511007536365353], "Sigma": [[0.014114291623130428, -0.004774915858616632, 0.01112773884407589], [-0.004774915858616632, 0.003387203665302317, -0.005499191887898305], [0.011127738844075892, -0.005499191887898304, 0.18225002236616644]], "chi2_level": 0.997, "chi2_df": 3, "chi2_threshold": 13.931422665512084, "N_raw": 41, "N_roi": 41, "N_inlier": 40, "refit": true}
{"timestamp": "14:12:40.396152", "frame": 36, "mu": [0.21910824154617692, 1.128436715008863, 1.045232301895783], "Sigma": [[0.006549277895332619, -0.006455082892448045, -0.010623577654292301], [-0.006455082892448045, 0.01014455586779651, 0.013595719987771131], [-0.010623577654292301, 0.013595719987771131, 0.057660871656030614]], "chi2_level": 0.997, "chi2_df": 3, "chi2_threshold": 13.931422665512084, "N_raw": 53, "N_roi": 53, "N_inlier": 49, "refit": true}
{"timestamp": "14:12:40.448420", "frame": 37, "mu": [0.02682085339527624, 1.0743026843908212, 0.8667930956056716], "Sigma": [[0.004284310081866299, 0.000521230333149722, 0.005092024026687977], [0.0005212303331497219, 0.004821703578781139, -0.003287377733709094], [0.005092024026687978, -0.0032873777337090937, 0.08164897764237689]], "chi2_level": 0.997, "chi2_df": 3, "chi2_threshold": 13.931422665512084, "N_raw": 36, "N_roi": 36, "N_inlier": 34, "refit": true}
{"timestamp": "14:12:40.503151", "frame": 38, "mu": [0.1567993541325001, 1.0553986762524492, 1.1487940051294496], "Sigma": [[0.00246536373739918, -0.0008168412863809033, -0.00886433287375717], [-0.0008168412863809036, 0.004964259291507773, -0.008251930625651233], [-0.00886433287375717, -0.008251930625651233, 0.14322020597676552]], "chi2_level": 0.997, "chi2_df": 3, "chi2_threshold": 13.931422665512084, "N_raw": 34, "N_roi": 33, "N_inlier": 31, "refit": true}
{"timestamp": "14:12:40.564066", "frame": 39, "mu": [0.012328538780237068, 1.1477482479006305, 1.321625194315383], "Sigma": [[0.0026372285440933504, -0.003247345846864479, -0.0039940212129271], [-0.003247345846864479, 0.011985162159564064, 0.013909095692856858], [-0.0039940212129271, 0.01390909569285686, 0.08084993485456349]], "chi2_level": 0.997, "chi2_df": 3, "chi2_threshold": 13.931422665512084, "N_raw": 81, "N_roi": 81, "N_inlier": 79, "refit": true}
{"timestamp": "14:12:40.623351", "frame": 40, "mu": [-0.02859486181596591, 1.254520610447113, -0.5054620945206685], "Sigma": [[0.003162000648778822, 0.001263497988561313, 0.006948844896379797], [0.001263497988561313, 0.006536910881056122, 0.0008330787268916282], [0.006948844896379797, 0.0008330787268916277, 0.08015263993028812]], "chi2_level": 0.997, "chi2_df": 3, "chi2_threshold": 13.931422665512084, "N_raw": 109, "N_roi": 109, "N_inlier": 106, "refit": true}
{"timestamp": "14:12:40.671916", "frame": 41, "mu": [-0.07986987534446162, 1.2466610410387375, -0.32747247565329335], "Sigma": [[0.0028934547034881485, 0.0016052719499352161, 0.006157001143225596], [0.0016052719499352161, 0.006141688725628261, 0.004176965253808557], [0.006157001143225596, 0.004176965253808557, 0.0198389811308776]], "chi2_level": 0.997, "chi2_df": 3, "chi2_threshold": 13.931422665512084, "N_raw": 59, "N_roi": 57, "N_inlier": 56, "refit": true}
{"timestamp": "14:12:40.727256", "frame": 42, "mu": [-0.1514667518308227, 1.218176093599888, 1.523440765911836], "Sigma": [[0.0033103485424471535, -0.0005516598361044556, -0.0012916581834932122], [-0.0005516598361044556, 0.004730161583295012, -0.0033144448549707], [-0.0012916581834932122, -0.0033144448549706994, 0.005188290745641433]], "chi2_level": 0.997, "chi2_df": 3, "chi2_threshold": 13.931422665512084, "N_raw": 67, "N_roi": 67, "N_inlier": 66, "refit": true}
{"timestamp": "14:12:40.785380", "frame": 43, "mu": [-0.18094096038059762, 1.150562938496903, 1.3679947512596415], "Sigma": [[0.0033729149888483737, 0.00024527076108198694, 0.00035340610500862377], [0.00024527076108198705, 0.005609214426500712, -0.003677621321837017], [0.00035340610500862377, -0.003677621321837017, 0.0042052846487073215]], "chi2_level": 0.997, "chi2_df": 3, "chi2_threshold": 13.931422665512084, "N_raw": 83, "N_roi": 83, "N_inlier": 79, "refit": true}
{"timestamp": "14:12:40.842549", "frame": 44, "mu": [-0.24950778973863572, 1.1888231620683747, 1.3876352493613993], "Sigma": [[0.004000497814615015, -0.0006190486305733432, -0.00040229392308382625], [-0.0006190486305733433, 0.006647019905585473, -0.005145651551981802], [-0.00040229392308382636, -0.005145651551981802, 0.005457823308699173]], "chi2_level": 0.997, "chi2_df": 3, "chi2_threshold": 13.931422665512084, "N_raw": 99, "N_roi": 99, "N_inlier": 95, "refit": true}
{"timestamp": "14:12:40.902772", "frame": 45, "mu": [-0.28680450883368613, 1.176016102701712, 1.3696777240486082], "Sigma": [[0.003577940807142207, -0.0002810668978823109, -0.003232125734411042], [-0.00028106689788231094, 0.00702277999448775, 0.009587403378313746], [-0.0032321257344110426, 0.009587403378313748, 0.06274901208885461]], "chi2_level": 0.997, "chi2_df": 3, "chi2_threshold": 13.931422665512084, "N_raw": 111, "N_roi": 109, "N_inlier": 105, "refit": true}
{"timestamp": "14:12:40.951728", "frame": 46, "mu": [-0.34855781364395655, 1.1794403296263483, 1.4142319922578583], "Sigma": [[0.004396381899834912, -0.0010366407556981181, -0.0007881662184174701], [-0.0010366407556981184, 0.009514248435660051, -0.000906856674175896], [-0.00078816621841747, -0.0009068566741758963, 0.013894715355117533]], "chi2_level": 0.997, "chi2_df": 3, "chi2_threshold": 13.931422665512084, "N_raw": 95, "N_roi": 95, "N_inlier": 93, "refit": true}
{"timestamp": "14:12:41.012118", "frame": 47, "mu": [-0.42051564375233136, 1.1830675146916794, 1.3145125709006718], "Sigma": [[0.006965526847754605, -0.0015135766294276211, -0.008098745242466187], [-0.0015135766294276207, 0.009526121559395495, 0.00030608308683148066], [-0.008098745242466187, 0.00030608308683148055, 0.02894460871360703]], "chi2_level": 0.997, "chi2_df": 3, "chi2_threshold": 13.931422665512084, "N_raw": 124, "N_roi": 124, "N_inlier": 121, "refit": true}
{"timestamp": "14:12:41.062824", "frame": 48, "mu": [-0.4807902351362675, 1.119359022037385, 1.2904094705738447], "Sigma": [[0.004911305929326477, -0.0011447691273125437, -0.00288194373940886], [-0.0011447691273125437, 0.008821487564070831, 0.006806659312461804], [-0.0028819437394088598, 0.0068066593124618035, 0.030286724165374927]], "chi2_level": 0.997, "chi2_df": 3, "chi2_threshold": 13.931422665512084, "N_raw": 92, "N_roi": 92, "N_inlier": 88, "refit": true}
{"timestamp": "14:12:41.121814", "frame": 49, "mu": [-0.5192634153482272, 1.3520180804487316, -0.5383996006773192], "Sigma": [[0.008867236301567428, 0.00816935573411786, -0.021617002552413698], [0.00816935573411786, 0.02277501332608399, -0.030123782390051205], [-0.0216170025524137, -0.0301237823900512, 0.12473810386902176]], "chi2_level": 0.997, "chi2_df": 3, "chi2_threshold": 13.931422665512084, "N_raw": 127, "N_roi": 127, "N_inlier": 124, "refit": true}
{"timestamp": "14:12:41.176675", "frame": 50, "mu": [-0.5932548426239694, 1.2659254717860786, 0.029680739989288028], "Sigma": [[0.006415689340512073, -0.00031773603504124204, 0.03436659166322106], [-0.00031773603504124215, 0.007239371570763696, -0.002111413926346663], [0.03436659166322106, -0.0021114139263466647, 0.417753316748093]], "chi2_level": 0.997, "chi2_df": 3, "chi2_threshold": 13.931422665512084, "N_raw": 117, "N_roi": 114, "N_inlier": 114, "refit": true}
{"timestamp": "14:12:41.232874", "frame": 51, "mu": [-0.6454470414504613, 1.200296665084261, 1.1217230843923651], "Sigma": [[0.006748108768765655, 0.002061728013539444, -0.014857722124137215], [0.002061728013539444, 0.009358841262315938, 0.00736535285834865], [-0.014857722124137215, 0.007365352858348652, 0.17455002938325978]], "chi2_level": 0.997, "chi2_df": 3, "chi2_threshold": 13.931422665512084, "N_raw": 130, "N_roi": 130, "N_inlier": 123, "refit": true}
{"timestamp": "14:12:41.276561", "frame": 52, "mu": [-0.6907000043884564, 1.29680083184821, 0.7751244794536656], "Sigma": [[0.004306206291525599, -0.00036338289506856265, -0.02183456178827748], [-0.0003633828950685626, 0.003786970030398178, -0.005633946240431553], [-0.02183456178827748, -0.005633946240431553, 0.33425872309575977]], "chi2_level": 0.997, "chi2_df": 3, "chi2_threshold": 13.931422665512084, "N_raw": 48, "N_roi": 48, "N_inlier": 48, "refit": true}
{"timestamp": "14:12:41.334208", "frame": 53, "mu": [-0.8624720720308102, 1.205226370923922, 1.4323164866881886], "Sigma": [[0.04450702462603647, 0.030819709680048372, -0.02704605228418169], [0.030819709680048372, 0.026910530628758277, -0.01473611978311257], [-0.027046052284181686, -0.014736119783112567, 0.03598158973539037]], "chi2_level": 0.997, "chi2_df": 3, "chi2_threshold": 13.931422665512084, "N_raw": 79, "N_roi": 79, "N_inlier": 76, "refit": true}
{"timestamp": "14:12:41.389344", "frame": 54, "mu": [-0.8466797456853457, 1.2715872405982265, 1.4879879460829666], "Sigma": [[0.026926259196429488, 0.015590538434102536, -0.008120488308109162], [0.015590538434102536, 0.01598251401355778, -0.0060192303016197], [-0.008120488308109162, -0.0060192303016197, 0.003535962662974798]], "chi2_level": 0.997, "chi2_df": 3, "chi2_threshold": 13.931422665512084, "N_raw": 83, "N_roi": 83, "N_inlier": 80, "refit": true}
{"timestamp": "14:12:41.445480", "frame": 55, "mu": [-0.8985897942171892, 1.271823159307972, 1.3737885577518667], "Sigma": [[0.05836900873925831, 0.042259800335325504, -0.029588589589776223], [0.042259800335325504, 0.033157410419791596, -0.02151298575391751], [-0.029588589589776223, -0.02151298575391751, 0.027167243491140032]], "chi2_level": 0.997, "chi2_df": 3, "chi2_threshold": 13.931422665512084, "N_raw": 83, "N_roi": 83, "N_inlier": 81, "refit": true}
{"timestamp": "14:12:41.504652", "frame": 56, "mu": [-0.9754418127312868, 1.2689811431620563, 1.4138036110526984], "Sigma": [[0.0574133143684566, 0.03984163189347696, -0.0373281344275106], [0.03984163189347696, 0.033044804258276064, -0.02904237957481669], [-0.03732813442751061, -0.029042379574816687, 0.04296184984575396]], "chi2_level": 0.997, "chi2_df": 3, "chi2_threshold": 13.931422665512084, "N_raw": 118, "N_roi": 118, "N_inlier": 114, "refit": true}
{"timestamp": "14:12:41.555922", "frame": 57, "mu": [-1.0165937099378612, 1.2884095588144766, 1.4262256570323342], "Sigma": [[0.07192672746936646, 0.04961091462231403, -0.03842486373765679], [0.04961091462231403, 0.0376445014756721, -0.03087323482503345], [-0.03842486373765679, -0.03087323482503345, 0.03486677305280201]], "chi2_level": 0.997, "chi2_df": 3, "chi2_threshold": 13.931422665512084, "N_raw": 83, "N_roi": 83, "N_inlier": 80, "refit": true}
{"timestamp": "14:12:41.610617", "frame": 58, "mu": [-1.1013904244154835, 1.3235355566784137, 1.43093645969061], "Sigma": [[0.06599699923730744, 0.031086945372960285, -0.09279122681659135], [0.031086945372960285, 0.022589359278278067, -0.023976311877279645], [-0.09279122681659135, -0.023976311877279645, 0.2562845074869501]], "chi2_level": 0.997, "chi2_df": 3, "chi2_threshold": 13.931422665512084, "N_raw": 86, "N_roi": 86, "N_inlier": 86, "refit": true}
{"timestamp": "14:12:41.666500", "frame": 59, "mu": [-1.1340064762238562, 1.4115515294015077, 1.5523538410266866], "Sigma": [[0.048176425893610625, 0.0287094473166861, -0.06300794015129023], [0.0287094473166861, 0.025028952808844984, -0.02845703281039428], [-0.06300794015129023, -0.02845703281039428, 0.16461882843124387]], "chi2_level": 0.997, "chi2_df": 3, "chi2_threshold": 13.931422665512084, "N_raw": 94, "N_roi": 94, "N_inlier": 93, "refit": true}
{"timestamp": "14:12:41.723272", "frame": 60, "mu": [-1.1271787443001235, 1.4294065749132314, 1.2564539879164829], "Sigma": [[0.04208446896741376, 0.020162749659038727, -0.07697823542770035], [0.020162749659038727, 0.016290959655826897, -0.024318120855066544], [-0.07697823542770035, -0.024318120855066544, 0.29167593448746615]], "chi2_level": 0.997, "chi2_df": 3, "chi2_threshold": 13.931422665512084, "N_raw": 100, "N_roi": 100, "N_inlier": 96, "refit": true}
{"timestamp": "14:12:41.779569", "frame": 61, "mu": [-1.1706814878803442, 1.4737356904444474, 1.2199112726296266], "Sigma": [[0.06333320356914277, 0.04626459243619021, -0.06352472243732409], [0.0462645924361902, 0.039052683218937206, -0.04873825459104125], [-0.06352472243732409, -0.04873825459104125, 0.33675831472461043]], "chi2_level": 0.997, "chi2_df": 3, "chi2_threshold": 13.931422665512084, "N_raw": 113, "N_roi": 113, "N_inlier": 112, "refit": true}
{"timestamp": "14:12:41.833236", "frame": 62, "mu": [-1.230644574430112, 1.4327449831078196, 1.0448527359629616], "Sigma": [[0.09088185765260007, 0.09938428858704604, -0.008179534577015464], [0.09938428858704604, 0.12698142772978996, -0.013158814980793007], [-0.008179534577015469, -0.013158814980793007, 0.2906442324770845]], "chi2_level": 0.997, "chi2_df": 3, "chi2_threshold": 13.931422665512084, "N_raw": 96, "N_roi": 96, "N_inlier": 95, "refit": true}
{"timestamp": "14:12:41.884560", "frame": 63, "mu": [-1.1277753185414923, 1.6440134794449426, 1.3636851399176142], "Sigma": [[0.007191343629007441, 0.0012260470623880906, 0.006381232289785154], [0.0012260470623880904, 0.004366687170636035, -0.002465133116502382], [0.006381232289785154, -0.002465133116502382, 0.15065888445175588]], "chi2_level": 0.997, "chi2_df": 3, "chi2_threshold": 13.931422665512084, "N_raw": 76, "N_roi": 76, "N_inlier": 72, "refit": true}
{"timestamp": "14:12:41.937965", "frame": 64, "mu": [-1.2120040403489971, 1.651853660587032, 1.1701173554027984], "Sigma": [[0.06792400334444021, 0.04226834694267696, -0.07574798391172814], [0.04226834694267696, 0.03577250913977218, -0.07482889474016056], [-0.07574798391172816, -0.07482889474016055, 0.23948683801649626]], "chi2_level": 0.997, "chi2_df": 3, "chi2_threshold": 13.931422665512084, "N_raw": 67, "N_roi": 67, "N_inlier": 67, "refit": true}
{"timestamp": "14:12:41.990838", "frame": 65, "mu": [-1.0990330868348015, 1.7901308790117512, 1.3006659476267108], "Sigma": [[0.007100209562852139, 0.0015638746139453462, 0.01636342116882321], [0.0015638746139453462, 0.005744951712438376, -0.004685305890510593], [0.01636342116882321, -0.004685305890510593, 0.12743777341103482]], "chi2_level": 0.997, "chi2_df": 3, "chi2_threshold": 13.931422665512084, "N_raw": 48, "N_roi": 48, "N_inlier": 45, "refit": true}
{"timestamp": "14:12:42.047666", "frame": 66, "mu": [-1.1487129562589455, 1.7733603731660668, 1.3021487312026347], "Sigma": [[0.005878780411920769, 0.0013851134603501895, -0.00420993430220434], [0.0013851134603501897, 0.005056328631889876, -0.00021165423215801116], [-0.00420993430220434, -0.00021165423215801094, 0.06720485028217192]], "chi2_level": 0.997, "chi2_df": 3, "chi2_threshold": 13.931422665512084, "N_raw": 67, "N_roi": 67, "N_inlier": 66, "refit": true}
{"timestamp": "14:12:42.101300", "frame": 67, "mu": [-1.1533124241748787, 1.794202772402107, 1.2107643227717177], "Sigma": [[0.013611344258753573, 0.0041265796778834326, 0.013801139817741405], [0.0041265796778834326, 0.005452013095333414, 0.006687472124565054], [0.013801139817741405, 0.006687472124565054, 0.07005287957208986]], "chi2_level": 0.997, "chi2_df": 3, "chi2_threshold": 13.931422665512084, "N_raw": 62, "N_roi": 62, "N_inlier": 58, "refit": true}
{"timestamp": "14:12:42.150225", "frame": 68, "mu": [-1.487098080404038, 1.7324609305967402, 1.4890008688860445], "Sigma": [[0.10266843583257158, 0.06569971162691264, -0.094834845253012], [0.06569971162691264, 0.04705305344376768, -0.056113920680209636], [-0.094834845253012, -0.056113920680209636, 0.17461182409369652]], "chi2_level": 0.997, "chi2_df": 3, "chi2_threshold": 13.931422665512084, "N_raw": 15, "N_roi": 14, "N_inlier": 14, "refit": true}
{"timestamp": "14:12:42.210388", "frame": 69, "mu": [-1.2752310105306048, 1.9257861628492807, 1.0844066171107858], "Sigma": [[0.009379348766660254, 0.0015389775440721313, -0.005550379458864982], [0.0015389775440721313, 0.003153465814320081, 0.011995195542296572], [-0.005550379458864981, 0.011995195542296572, 0.08995946424768067]], "chi2_level": 0.997, "chi2_df": 3, "chi2_threshold": 13.931422665512084, "N_raw": 58, "N_roi": 57, "N_inlier": 54, "refit": true}
{"timestamp": "14:12:42.265867", "frame": 70, "mu": [-1.203554685219682, 1.9302344451929425, 0.9949993919667341], "Sigma": [[0.007431549523994584, -0.004507620756626855, -0.011735964482818589], [-0.004507620756626855, 0.014173922445231232, 0.03295231532353524], [-0.01173596448281859, 0.03295231532353524, 0.30045420636993714]], "chi2_level": 0.997, "chi2_df": 3, "chi2_threshold": 13.931422665512084, "N_raw": 60, "N_roi": 60, "N_inlier": 56, "refit": true}
{"timestamp": "14:12:42.319151", "frame": 71, "mu": [-1.2128906337097694, 2.0020981000061937, 0.9516671320890737], "Sigma": [[0.004720205478138961, -0.002135811246650412, -0.008691918032229263], [-0.0021358112466504115, 0.005222746648671992, 0.00932345668113197], [-0.008691918032229263, 0.009323456681131971, 0.25398127287234035]], "chi2_level": 0.997, "chi2_df": 3, "chi2_threshold": 13.931422665512084, "N_raw": 41, "N_roi": 40, "N_inlier": 39, "refit": true}
{"timestamp": "14:12:42.376424", "frame": 72, "mu": [-1.323349943411165, 2.1063765666657606, 1.0427474287260485], "Sigma": [[0.008625297491526629, -0.0007078202405568607, 0.0067485011583582975], [-0.0007078202405568607, 0.002963291482533878, 0.0033374725205377984], [0.0067485011583582975, 0.003337472520537798, 0.26637284132146505]], "chi2_level": 0.997, "chi2_df": 3, "chi2_threshold": 13.931422665512084, "N_raw": 65, "N_roi": 65, "N_inlier": 63, "refit": true}
{"timestamp": "14:12:42.432470", "frame": 73, "mu": [-1.3156097343753548, 2.2138437636675654, 0.8727799599658062], "Sigma": [[0.00764074485458359, 0.0029662970211811993, 0.004268484251395019], [0.0029662970211811993, 0.002495995879729527, 0.009788731530048007], [0.004268484251395019, 0.009788731530048007, 0.19697114987291395]], "chi2_level": 0.997, "chi2_df": 3, "chi2_threshold": 13.931422665512084, "N_raw": 61, "N_roi": 59, "N_inlier": 57, "refit": true}
{"timestamp": "14:12:42.487883", "frame": 74, "mu": [-1.3191223669315852, 2.2245453884729764, 0.9422553860498739], "Sigma": [[0.014721132370737968, 0.00017599369705750204, 0.02898334547116923], [0.00017599369705750234, 0.0029078231414372893, -0.0035042519430907035], [0.02898334547116923, -0.0035042519430907035, 0.17262942612276339]], "chi2_level": 0.997, "chi2_df": 3, "chi2_threshold": 13.931422665512084, "N_raw": 67, "N_roi": 67, "N_inlier": 65, "refit": true}
{"timestamp": "14:12:42.537511", "frame": 75, "mu": [-1.2937470730550986, 2.3208772018600965, 1.0878676587826182], "Sigma": [[0.008354387221484821, -0.0013318288201940437, 0.00691527866934569], [-0.0013318288201940435, 0.0029713040657083052, -0.01821059225046874], [0.00691527866934569, -0.018210592250468744, 0.12691517121846901]], "chi2_level": 0.997, "chi2_df": 3, "chi2_threshold": 13.931422665512084, "N_raw": 32, "N_roi": 32, "N_inlier": 30, "refit": true}
{"timestamp": "14:12:42.590145", "frame": 76, "mu": [-1.2716939459487966, 2.3970294806883454, 1.0349384366771126], "Sigma": [[0.010226479889636595, -0.008501895414774873, 0.033132993550016046], [-0.008501895414774873, 0.012335155288224906, -0.021899808756213057], [0.03313299355001605, -0.021899808756213057, 0.1830870963371314]], "chi2_level": 0.997, "chi2_df": 3, "chi2_threshold": 13.931422665512084, "N_raw": 17, "N_roi": 17, "N_inlier": 16, "refit": true}
{"timestamp": "14:12:42.646481", "frame": 77, "mu": [-1.3515036997841072, 2.3961818454911477, 1.0042469284323796], "Sigma": [[0.010015871984442008, 0.0009274532387002658, 0.005012035134195051], [0.0009274532387002658, 0.008473214417122036, -0.019444257956632564], [0.005012035134195051, -0.019444257956632564, 0.05950163028531786]], "chi2_level": 0.997, "chi2_df": 3, "chi2_threshold": 13.931422665512084, "N_raw": 28, "N_roi": 26, "N_inlier": 25, "refit": true}
{"timestamp": "14:12:42.706960", "frame": 78, "mu": [-1.25190860006097, 2.397908131270161, 0.9930380362610519], "Sigma": [[0.03432038823459874, 0.00713052226137668, 0.036286776953055364], [0.007130522261376681, 0.00380738330469111, 0.01167975140296556], [0.036286776953055364, 0.01167975140296556, 0.10097811756111978]], "chi2_level": 0.997, "chi2_df": 3, "chi2_threshold": 13.931422665512084, "N_raw": 65, "N_roi": 65, "N_inlier": 62, "refit": true}
{"timestamp": "14:12:42.767105", "frame": 79, "mu": [-1.310491754459802, 2.4542182556632586, 0.9680409453703698], "Sigma": [[0.024844107523055266, 0.006036539019975425, 0.0253449583498645], [0.006036539019975425, 0.004950463564059007, 0.013273867833260393], [0.0253449583498645, 0.013273867833260393, 0.10333375882515416]], "chi2_level": 0.997, "chi2_df": 3, "chi2_threshold": 13.931422665512084, "N_raw": 97, "N_roi": 97, "N_inlier": 97, "refit": true}
{"timestamp": "14:12:42.816230", "frame": 80, "mu": [-1.405343073571095, 2.4488101713126498, 0.8357572405125805], "Sigma": [[0.02216903747802028, 0.008791510341679042, 0.05276580321525308], [0.008791510341679042, 0.006299017688868987, 0.032847186973014496], [0.05276580321525308, 0.032847186973014496, 0.24389350410438868]], "chi2_level": 0.997, "chi2_df": 3, "chi2_threshold": 13.931422665512084, "N_raw": 57, "N_roi": 57, "N_inlier": 54, "refit": true}
{"timestamp": "14:12:42.865975", "frame": 81, "mu": [-1.2038779197232072, 2.650999779434061, 0.946959457401206], "Sigma": [[0.014590364723105856, 0.0023183848316665947, 0.026737665237292728], [0.0023183848316665943, 0.0020758652263033815, -0.0019095887958382254], [0.026737665237292728, -0.0019095887958382254, 0.21291206427341366]], "chi2_level": 0.997, "chi2_df": 3, "chi2_threshold": 13.931422665512084, "N_raw": 26, "N_roi": 26, "N_inlier": 26, "refit": true}
{"timestamp": "14:12:42.919699", "frame": 82, "mu": [-1.2557048243804514, 2.6916545319978407, 0.9032812866367974], "Sigma": [[0.010794466591702986, -0.00027325544022331903, 0.025178282854299676], [-0.00027325544022331887, 0.004526314307075312, -0.005165391081828308], [0.025178282854299672, -0.005165391081828308, 0.2590331030551817]], "chi2_level": 0.997, "chi2_df": 3, "chi2_threshold": 13.931422665512084, "N_raw": 13, "N_roi": 13, "N_inlier": 12, "refit": true}
{"timestamp": "14:12:42.980707", "frame": 83, "mu": [-1.3169111811603624, 2.7201398849527503, 0.8075117006305493], "Sigma": [[0.023660385799287, -0.002568731534232702, 0.033808516182952664], [-0.002568731534232702, 0.002808365449119537, -0.015256046173650634], [0.033808516182952664, -0.015256046173650636, 0.12997609069502256]], "chi2_level": 0.997, "chi2_df": 3, "chi2_threshold": 13.931422665512084, "N_raw": 62, "N_roi": 62, "N_inlier": 62, "refit": true}
{"timestamp": "14:12:43.035004", "frame": 84, "mu": [-1.3018108420476457, 2.7599401802318297, 0.843739986524817], "Sigma": [[0.028980978135185978, -0.0023385331646668, 0.04405983550707582], [-0.0023385331646668, 0.002695457464234796, -0.014626344121582199], [0.04405983550707582, -0.014626344121582199, 0.13771299863527553]], "chi2_level": 0.997, "chi2_df": 3, "chi2_threshold": 13.931422665512084, "N_raw": 50, "N_roi": 49, "N_inlier": 48, "refit": true}
{"timestamp": "14:12:43.144306", "frame": 86, "mu": [-1.1484019780960528, 2.867859669148217, 1.1091503609174278], "Sigma": [[0.014899975372248762, 0.0005913597055738538, -0.008004894906539085], [0.0005913597055738538, 0.0016452365940746927, -0.003223602591192345], [-0.008004894906539085, -0.003223602591192345, 0.011438161187757112]], "chi2_level": 0.997, "chi2_df": 3, "chi2_threshold": 13.931422665512084, "N_raw": 41, "N_roi": 41, "N_inlier": 39, "refit": true}
{"timestamp": "14:12:43.202222", "frame": 87, "mu": [-1.1711660703294637, 2.881892180092644, 0.917557742006579], "Sigma": [[0.012661833416235413, 9.424387249199623e-06, 0.0007234204069867748], [9.424387249199758e-06, 0.00411101907927259, -0.0025339922688356826], [0.0007234204069867744, -0.0025339922688356826, 0.17434744664288176]], "chi2_level": 0.997, "chi2_df": 3, "chi2_threshold": 13.931422665512084, "N_raw": 67, "N_roi": 67, "N_inlier": 67, "refit": true}
{"timestamp": "14:12:43.248833", "frame": 88, "mu": [-1.190749778657841, 2.969285166346339, 0.972219084510545], "Sigma": [[0.002239660440852707, -0.0005098497818050723, -0.0056678175010745225], [-0.0005098497818050722, 0.0013961856198586654, 0.004136835494528857], [-0.005667817501074524, 0.004136835494528858, 0.18869089224667693]], "chi2_level": 0.997, "chi2_df": 3, "chi2_threshold": 13.931422665512084, "N_raw": 9, "N_roi": 9, "N_inlier": 9, "refit": true}
