{"timestamp": "14:34:54.563359", "frame": 11, "mu": [-2.417183447927706, 4.31958794850533, 1.2247249421719875], "Sigma": [[0.0017084419636734475, 0.0009407574356174466, -0.0012507768067586795], [0.0009407574356174466, 0.0026759823927429626, -0.0010426902904320501], [-0.0012507768067586795, -0.0010426902904320501, 0.0029458361106389427]], "chi2_level": 0.997, "chi2_df": 3, "chi2_threshold": 13.931422665512084, "N_raw": 18, "N_roi": 8, "N_inlier": 8, "refit": true}
{"timestamp": "14:34:54.622002", "frame": 12, "mu": [-2.260296390802413, 4.337421216852155, 0.7337924660182124], "Sigma": [[0.02098607740968208, 0.007545057138769965, -0.015599046771656003], [0.007545057138769965, 0.0038136167208177594, -0.0057086955211413555], [-0.015599046771656003, -0.005708695521141355, 0.050624018061030174]], "chi2_level": 0.997, "chi2_df": 3, "chi2_threshold": 13.931422665512084, "N_raw": 38, "N_roi": 32, "N_inlier": 31, "refit": true}
{"timestamp": "14:34:54.677710", "frame": 13, "mu": [-2.293754220779791, 4.254185064710585, 0.9886547410423641], "Sigma": [[0.016552946284264045, 0.008127444909740583, -0.010242991680667992], [0.008127444909740583, 0.0062224562971500514, -0.007767896965680107], [-0.010242991680667992, -0.007767896965680107, 0.013906953425068723]], "chi2_level": 0.997, "chi2_df": 3, "chi2_threshold": 13.931422665512084, "N_raw": 33, "N_roi": 28, "N_inlier": 27, "refit": true}
{"timestamp": "14:34:54.735418", "frame": 14, "mu": [-2.248774415561271, 4.27680554759977, 0.9524278547345845], "Sigma": [[0.02155118550942023, 0.010176766187558563, -0.023466391539874527], [0.010176766187558563, 0.008172672849318928, -0.01585610103910324], [-0.023466391539874527, -0.01585610103910324, 0.04288444705431162]], "chi2_level": 0.997, "chi2_df": 3, "chi2_threshold": 13.931422665512084, "N_raw": 36, "N_roi": 34, "N_inlier": 34, "refit": true}
{"timestamp": "14:34:54.791213", "frame": 15, "mu": [-2.157479905751458, 4.355416461092839, 0.008948212377138342], "Sigma": [[0.018859153084544396, 0.010588926427535093, -0.011992362783586612], [0.010588926427535093, 0.009874259651236375, -0.010300126496582986], [-0.011992362783586612, -0.010300126496582986, 0.013393950563197763]], "chi2_level": 0.997, "chi2_df": 3, "chi2_threshold": 13.931422665512084, "N_raw": 33, "N_roi": 31, "N_inlier": 31, "refit": true}
{"timestamp": "14:34:54.845075", "frame": 16, "mu": [-2.046689262619795, 4.28656138940324, 0.9323590442356289], "Sigma": [[0.03498581208178486, 0.010726249943663972, -0.015885258649563035], [0.010726249943663972, 0.00644914260414702, -0.0060373273603459765], [-0.015885258649563035, -0.0060373273603459765, 0.00957759614531196]], "chi2_level": 0.997, "chi2_df": 3, "chi2_threshold": 13.931422665512084, "N_raw": 46, "N_roi": 42, "N_inlier": 41, "refit": true}
{"timestamp": "14:34:54.899295", "frame": 17, "mu": [-1.9778313803056782, 4.299256113191447, 1.1244554708856476], "Sigma": [[0.024466959886609223, 0.009769283663214258, -0.012659427453260649], [0.009769283663214258, 0.007383598865630788, -0.005098796749862464], [-0.012659427453260649, -0.005098796749862464, 0.00929781814797675]], "chi2_level": 0.997, "chi2_df": 3, "chi2_threshold": 13.931422665512084, "N_raw": 36, "N_roi": 33, "N_inlier": 33, "refit": true}
{"timestamp": "14:34:54.950645", "frame": 18, "mu": [-1.8402284019521693, 4.2701124853640655, 0.8893016605414508], "Sigma": [[0.00629898681204025, 0.00039151782521037575, -0.005975082751506767], [0.0003915178252103757, 0.003964117110493104, 0.0002449225046113853], [-0.005975082751506767, 0.0002449225046113853, 0.007217890105807933]], "chi2_level": 0.997, "chi2_df": 3, "chi2_threshold": 13.931422665512084, "N_raw": 16, "N_roi": 14, "N_inlier": 14, "refit": true}
{"timestamp": "14:34:55.062863", "frame": 20, "mu": [-1.6827628380587527, 4.343342068192358, 1.0954687864348296], "Sigma": [[0.010837855381731397, 0.0036597863266749093, -0.008726614018381616], [0.0036597863266749093, 0.006176158433189235, -0.011573852034448037], [-0.008726614018381616, -0.011573852034448037, 0.05041537035335622]], "chi2_level": 0.997, "chi2_df": 3, "chi2_threshold": 13.931422665512084, "N_raw": 25, "N_roi": 22, "N_inlier": 21, "refit": true}
{"timestamp": "14:34:55.127676", "frame": 21, "mu": [-1.5860942674539649, 4.392956866430511, 0.16678429626985702], "Sigma": [[0.03618273113876866, 0.010243364376852061, -0.01649765700263941], [0.010243364376852063, 0.009775603635564723, 0.003655830311476701], [-0.01649765700263941, 0.003655830311476701, 0.0192266430503825]], "chi2_level": 0.997, "chi2_df": 3, "chi2_threshold": 13.931422665512084, "N_raw": 93, "N_roi": 67, "N_inlier": 65, "refit": true}
{"timestamp": "14:34:55.178090", "frame": 22, "mu": [-1.5336663930262384, 4.34775433620816, 1.1281884768332924], "Sigma": [[0.026528115345337135, 0.006089848663262192, -0.012880901511189596], [0.006089848663262192, 0.0058014671348790335, -0.004737638656996306], [-0.012880901511189598, -0.004737638656996306, 0.015443902093040222]], "chi2_level": 0.997, "chi2_df": 3, "chi2_threshold": 13.931422665512084, "N_raw": 56, "N_roi": 48, "N_inlier": 46, "refit": true}
{"timestamp": "14:34:55.231361", "frame": 23, "mu": [-1.387731926797625, 4.315033636325702, 0.9545178431286696], "Sigma": [[0.02142168371372679, -0.0005960844923590564, -0.014041814795463141], [-0.0005960844923590564, 0.005738034149803967, 0.0011315211709443241], [-0.014041814795463141, 0.0011315211709443241, 0.013316718221855353]], "chi2_level": 0.997, "chi2_df": 3, "chi2_threshold": 13.931422665512084, "N_raw": 50, "N_roi": 47, "N_inlier": 45, "refit": true}
{"timestamp": "14:34:55.282336", "frame": 24, "mu": [-1.2409417925391881, 4.357421624252713, 0.9966019143031407], "Sigma": [[0.015547710532353319, 0.0010718366641215022, -0.012223100643697154], [0.0010718366641215022, 0.003570095178510264, 0.0032780172111167793], [-0.012223100643697155, 0.0032780172111167793, 0.015794643440633152]], "chi2_level": 0.997, "chi2_df": 3, "chi2_threshold": 13.931422665512084, "N_raw": 25, "N_roi": 23, "N_inlier": 22, "refit": true}
{"timestamp": "14:34:55.340700", "frame": 25, "mu": [-1.231883215971125, 4.381549524667372, 1.0872410849181133], "Sigma": [[0.02349079013885675, -0.000832816204824707, -0.02652442469653899], [-0.0008328162048247069, 0.0036802370523586186, -0.0011503194030786585], [-0.026524424696538988, -0.0011503194030786585, 0.04602233403406354]], "chi2_level": 0.997, "chi2_df": 3, "chi2_threshold": 13.931422665512084, "N_raw": 53, "N_roi": 49, "N_inlier": 49, "refit": true}
{"timestamp": "14:34:55.395515", "frame": 26, "mu": [-1.2152198592895211, 4.38054718580518, 0.9134995746204881], "Sigma": [[0.024620317868452715, 0.0017839910498087528, -0.016701077681093742], [0.0017839910498087524, 0.0017026581324313238, -0.004356738162244912], [-0.016701077681093742, -0.004356738162244912, 0.021230051308361374]], "chi2_level": 0.997, "chi2_df": 3, "chi2_threshold": 13.931422665512084, "N_raw": 44, "N_roi": 40, "N_inlier": 39, "refit": true}
{"timestamp": "14:34:55.444803", "frame": 27, "mu": [-1.152961775599786, 4.581361959249257, -0.0695266264185313], "Sigma": [[0.0009878442679225323, -0.005444754756328325, 0.012576268841615423], [-0.005444754756328325, 0.04801555198063866, -0.0928811374952079], [0.012576268841615425, -0.0928811374952079, 0.20926872326340207]], "chi2_level": 0.997, "chi2_df": 3, "chi2_threshold": 13.931422665512084, "N_raw": 8, "N_roi": 7, "N_inlier": 7, "refit": true}
{"timestamp": "14:34:55.558726", "frame": 29, "mu": [-0.9207354356142788, 4.404848184468931, 1.1730090220273837], "Sigma": [[0.017391876798068247, 0.0032042424639789962, -0.013336756569808154], [0.0032042424639789962, 0.004585180198692516, -0.00094159583354694], [-0.013336756569808154, -0.00094159583354694, 0.08841120671793701]], "chi2_level": 0.997, "chi2_df": 3, "chi2_threshold": 13.931422665512084, "N_raw": 35, "N_roi": 35, "N_inlier": 34, "refit": true}
{"timestamp": "14:34:55.613425", "frame": 30, "mu": [-0.8979156262157918, 4.4209231557399224, 0.9498965880555799], "Sigma": [[0.01342211500328132, 0.0009636926855118647, 0.014320887318407135], [0.0009636926855118645, 0.008073589688793976, -0.01797978557348851], [0.014320887318407137, -0.01797978557348851, 0.19326996655241302]], "chi2_level": 0.997, "chi2_df": 3, "chi2_threshold": 13.931422665512084, "N_raw": 28, "N_roi": 16, "N_inlier": 16, "refit": true}
{"timestamp": "14:34:55.673301", "frame": 31, "mu": [-0.8156152984569229, 4.345784959575154, 0.9878346520390296], "Sigma": [[0.028999239971673113, 0.0030168306560209713, -0.00986401808615331], [0.0030168306560209718, 0.0052757076876658905, -0.00459341938377992], [-0.00986401808615331, -0.004593419383779921, 0.012294064751509064]], "chi2_level": 0.997, "chi2_df": 3, "chi2_threshold": 13.931422665512084, "N_raw": 62, "N_roi": 56, "N_inlier": 53, "refit": true}
{"timestamp": "14:34:55.726130", "frame": 32, "mu": [-0.7593235197955267, 4.4570390835201, -0.03790343466072971], "Sigma": [[0.02272053565991875, 0.009666666990871013, -0.0036524809061949937], [0.009666666990871013, 0.013861932963177422, -0.005147403618219824], [-0.003652480906194994, -0.005147403618219824, 0.0041567009869133845]], "chi2_level": 0.997, "chi2_df": 3, "chi2_threshold": 13.931422665512084, "N_raw": 42, "N_roi": 39, "N_inlier": 38, "refit": true}
{"timestamp": "14:34:55.779629", "frame": 33, "mu": [-0.6571270211844258, 4.342104930742834, 1.0295741067711592], "Sigma": [[0.0229191230530267, 0.00841131382543863, 0.0021801157949874095], [0.00841131382543863, 0.014566723760670522, 0.009043832810039676], [0.0021801157949874117, 0.009043832810039676, 0.04802138311252761]], "chi2_level": 0.997, "chi2_df": 3, "chi2_threshold": 13.931422665512084, "N_raw": 35, "N_roi": 35, "N_inlier": 34, "refit": true}
{"timestamp": "14:34:55.835035", "frame": 34, "mu": [-0.6004867319466638, 4.273437570917482, 0.8910728896316046], "Sigma": [[0.021394149062287614, 0.0007873273657751057, -0.010007391718671616], [0.0007873273657751056, 0.0018450413923244342, -0.00013729622843291854], [-0.010007391718671616, -0.00013729622843291844, 0.006433776546213547]], "chi2_level": 0.997, "chi2_df": 3, "chi2_threshold": 13.931422665512084, "N_raw": 40, "N_roi": 25, "N_inlier": 23, "refit": true}
{"timestamp": "14:34:55.889671", "frame": 35, "mu": [-0.4791514075094964, 4.485322343449672, 1.3325311034531686], "Sigma": [[0.022840729527482766, 0.00264580253916787, -0.014948492349750113], [0.00264580253916787, 0.0040506545148108865, -0.00965647334990027], [-0.014948492349750113, -0.00965647334990027, 0.045807122840208964]], "chi2_level": 0.997, "chi2_df": 3, "chi2_threshold": 13.931422665512084, "N_raw": 36, "N_roi": 36, "N_inlier": 35, "refit": true}
{"timestamp": "14:34:55.943108", "frame": 36, "mu": [-0.38051397471180615, 4.361630329515992, 1.0145868828295963], "Sigma": [[0.010052980691211277, -0.0005473573115326461, -0.0060264691030286885], [-0.0005473573115326463, 0.003833003718696041, 0.0021225871205700444], [-0.006026469103028688, 0.0021225871205700444, 0.005465104974517334]], "chi2_level": 0.997, "chi2_df": 3, "chi2_threshold": 13.931422665512084, "N_raw": 29, "N_roi": 26, "N_inlier": 24, "refit": true}
{"timestamp": "14:34:55.999038", "frame": 37, "mu": [-0.23458251415402767, 4.385183388780146, 1.0451200807389436], "Sigma": [[0.023025037659498863, -0.002281040824482157, -0.013143988130949595], [-0.0022810408244821573, 0.004167954439768025, 0.004260080556903929], [-0.013143988130949595, 0.0042600805569039295, 0.011255148243042324]], "chi2_level": 0.997, "chi2_df": 3, "chi2_threshold": 13.931422665512084, "N_raw": 37, "N_roi": 35, "N_inlier": 35, "refit": true}
{"timestamp": "14:34:56.273849", "frame": 42, "mu": [0.12290623467275412, 4.54972614597209, 1.337696834650887], "Sigma": [[0.007365640150931381, -0.001279877150205091, -0.003173560591817332], [-0.001279877150205091, 0.0017610883790131165, -0.0021340647902587675], [-0.003173560591817332, -0.002134064790258768, 0.014523114784107534]], "chi2_level": 0.997, "chi2_df": 3, "chi2_threshold": 13.931422665512084, "N_raw": 35, "N_roi": 17, "N_inlier": 15, "refit": true}
{"timestamp": "14:34:56.326529", "frame": 43, "mu": [0.157681024564456, 4.595537816736314, -0.17834055382105735], "Sigma": [[0.017402860760691693, 0.00031809750830640054, 0.09485576600088459], [0.0003180975083064005, 0.0033105753602675828, 0.0024439507391504148], [0.0948557660008846, 0.002443950739150415, 0.7230013936543073]], "chi2_level": 0.997, "chi2_df": 3, "chi2_threshold": 13.931422665512084, "N_raw": 16, "N_roi": 13, "N_inlier": 13, "refit": true}
{"timestamp": "14:34:56.435101", "frame": 45, "mu": [0.33014323917669186, 4.527821026502394, 0.9141688279924716], "Sigma": [[0.00684408711702079, 2.982211393615184e-05, -0.015913406425774077], [2.9822113936152058e-05, 0.008347025848264241, -0.027806835739064017], [-0.015913406425774077, -0.027806835739064017, 0.22181907471210757]], "chi2_level": 0.997, "chi2_df": 3, "chi2_threshold": 13.931422665512084, "N_raw": 9, "N_roi": 9, "N_inlier": 9, "refit": true}
{"timestamp": "14:34:56.549090", "frame": 47, "mu": [0.4601626151703776, 4.457512853324064, 1.2271430233656986], "Sigma": [[0.021119401209102787, -0.005737715388003051, -0.022406534192594002], [-0.005737715388003051, 0.005472032374654722, 0.007906326483266949], [-0.022406534192594006, 0.007906326483266949, 0.026845076013935553]], "chi2_level": 0.997, "chi2_df": 3, "chi2_threshold": 13.931422665512084, "N_raw": 39, "N_roi": 36, "N_inlier": 36, "refit": true}
{"timestamp": "14:34:56.655598", "frame": 49, "mu": [0.5379449640906001, 4.568616664376039, 0.02462270342193686], "Sigma": [[0.00838777683288724, -0.006533419054067671, 0.008530295920648601], [-0.0065334190540676735, 0.018110174951180467, -0.018833941879195924], [0.008530295920648601, -0.018833941879195924, 0.02605969501600122]], "chi2_level": 0.997, "chi2_df": 3, "chi2_threshold": 13.931422665512084, "N_raw": 9, "N_roi": 8, "N_inlier": 8, "refit": true}
{"timestamp": "14:34:56.710026", "frame": 50, "mu": [0.6199289065994458, 4.512221148007911, 0.7971888457835261], "Sigma": [[0.006996000831811139, -0.0030552457218605594, 0.004681089598498355], [-0.00305524572186056, 0.036411719066909085, -0.04020726465130687], [0.004681089598498355, -0.04020726465130687, 0.050073295556543725]], "chi2_level": 0.997, "chi2_df": 3, "chi2_threshold": 13.931422665512084, "N_raw": 10, "N_roi": 7, "N_inlier": 7, "refit": true}
{"timestamp": "14:34:56.769100", "frame": 51, "mu": [0.7034356819357518, 4.489395037205808, 0.0562624585855675], "Sigma": [[0.02101698325485933, -0.0010461472357501443, -0.009709071091259186], [-0.0010461472357501448, 0.013085694834801235, -0.008279593553293517], [-0.009709071091259186, -0.008279593553293517, 0.011978371710401154]], "chi2_level": 0.997, "chi2_df": 3, "chi2_threshold": 13.931422665512084, "N_raw": 33, "N_roi": 30, "N_inlier": 28, "refit": true}
{"timestamp": "14:34:56.823023", "frame": 52, "mu": [0.8791514247012586, 4.298465493534999, 0.8134017302444704], "Sigma": [[0.019536270081777912, -0.0033923701530557673, -0.005275646663796676], [-0.0033923701530557673, 0.003246681246095947, -0.00016089710586071919], [-0.005275646663796677, -0.00016089710586071924, 0.003518523868404055]], "chi2_level": 0.997, "chi2_df": 3, "chi2_threshold": 13.931422665512084, "N_raw": 34, "N_roi": 34, "N_inlier": 34, "refit": true}
{"timestamp": "14:34:56.930440", "frame": 54, "mu": [0.953450124735439, 3.936469998684118, 1.1231986328794432], "Sigma": [[0.10155014714061344, 0.4484659048755381, -0.08747030038984531], [0.44846590487553817, 2.0120712536147924, -0.3668608014629772], [-0.08747030038984531, -0.3668608014629772, 0.10560784543096866]], "chi2_level": 0.997, "chi2_df": 3, "chi2_threshold": 13.931422665512084, "N_raw": 11, "N_roi": 7, "N_inlier": 7, "refit": true}
{"timestamp": "14:34:57.374208", "frame": 62, "mu": [1.5201347938207437, 4.353630258650745, -0.09304289746276236], "Sigma": [[0.025884942421096346, -0.004060360880679344, -0.01904591172009268], [-0.004060360880679344, 0.0033748076614221792, 0.0005224937472907666], [-0.01904591172009268, 0.0005224937472907666, 0.017676624155309448]], "chi2_level": 0.997, "chi2_df": 3, "chi2_threshold": 13.931422665512084, "N_raw": 32, "N_roi": 32, "N_inlier": 31, "refit": true}
{"timestamp": "14:34:57.431211", "frame": 63, "mu": [1.6405610515215212, 4.1186308451489815, 0.8289081569297903], "Sigma": [[0.026797096130570734, -0.010445510149341307, -0.014326486534181008], [-0.010445510149341305, 0.006867840550339697, 0.0014049347493491997], [-0.014326486534181008, 0.0014049347493491997, 0.018348661115919557]], "chi2_level": 0.997, "chi2_df": 3, "chi2_threshold": 13.931422665512084, "N_raw": 48, "N_roi": 48, "N_inlier": 48, "refit": true}
{"timestamp": "14:34:57.481429", "frame": 64, "mu": [1.6577085590091876, 4.091408600490133, 0.6454792039253306], "Sigma": [[0.014419569331835273, -0.004968352869916902, -0.009125688229183393], [-0.004968352869916902, 0.0037842829330160315, 0.003761325897845637], [-0.009125688229183393, 0.003761325897845637, 0.01162422970452652]], "chi2_level": 0.997, "chi2_df": 3, "chi2_threshold": 13.931422665512084, "N_raw": 16, "N_roi": 16, "N_inlier": 15, "refit": true}
{"timestamp": "14:34:57.538151", "frame": 65, "mu": [1.5628187640067879, 4.087739787809374, 0.9982154912629744], "Sigma": [[0.019975447743598822, -0.0074412374308401585, -0.013181277824926448], [-0.0074412374308401585, 0.004346436034977689, 0.0021634131439034693], [-0.013181277824926448, 0.0021634131439034693, 0.016827574092637937]], "chi2_level": 0.997, "chi2_df": 3, "chi2_threshold": 13.931422665512084, "N_raw": 31, "N_roi": 31, "N_inlier": 31, "refit": true}
{"timestamp": "14:34:57.647055", "frame": 67, "mu": [1.7825190160544977, 3.8673366951490964, 0.7302667044394794], "Sigma": [[0.01625943317455629, -0.009232953895086242, -0.016536837248300913], [-0.009232953895086242, 0.005996358763783555, 0.007683178699526049], [-0.016536837248300913, 0.00768317869952605, 0.029994899339561093]], "chi2_level": 0.997, "chi2_df": 3, "chi2_threshold": 13.931422665512084, "N_raw": 22, "N_roi": 22, "N_inlier": 22, "refit": true}
{"timestamp": "14:34:57.758858", "frame": 69, "mu": [1.8379892654815042, 4.00343490028717, -0.2949128345261574], "Sigma": [[0.020210614792354937, -0.0065659884797398885, -0.017940519161310953], [-0.0065659884797398885, 0.005643324687487915, -1.9786570078440227e-05], [-0.017940519161310953, -1.9786570078440444e-05, 0.027478426025028778]], "chi2_level": 0.997, "chi2_df": 3, "chi2_threshold": 13.931422665512084, "N_raw": 34, "N_roi": 34, "N_inlier": 34, "refit": true}
{"timestamp": "14:34:57.814598", "frame": 70, "mu": [1.8591519314572025, 3.92164291827269, -0.371176337804825], "Sigma": [[0.023807751060318905, -0.010433315561066274, -0.022321230629216184], [-0.010433315561066274, 0.007364004858919747, 0.005044426177505945], [-0.022321230629216187, 0.005044426177505945, 0.03144479362299731]], "chi2_level": 0.997, "chi2_df": 3, "chi2_threshold": 13.931422665512084, "N_raw": 37, "N_roi": 37, "N_inlier": 37, "refit": true}
{"timestamp": "14:34:57.866189", "frame": 71, "mu": [1.790919535879432, 3.6928582622808044, 0.7163600367417076], "Sigma": [[0.010629583734618461, -0.006973295408726103, -0.007813520361909403], [-0.0069732954087261025, 0.006995556919075684, 0.000799680676213069], [-0.007813520361909403, 0.0007996806762130697, 0.015178591950801066]], "chi2_level": 0.997, "chi2_df": 3, "chi2_threshold": 13.931422665512084, "N_raw": 14, "N_roi": 14, "N_inlier": 14, "refit": true}
{"timestamp": "14:34:57.923845", "frame": 72, "mu": [1.8819178294142842, 3.653279507109157, -1.0292324792418417], "Sigma": [[0.02375151743323502, 0.002721666434882822, 0.03185339267834752], [0.0027216664348828227, 0.01110929964812197, 0.01691493090783799], [0.03185339267834752, 0.016914930907837994, 0.12125316797130714]], "chi2_level": 0.997, "chi2_df": 3, "chi2_threshold": 13.931422665512084, "N_raw": 34, "N_roi": 34, "N_inlier": 33, "refit": true}
{"timestamp": "14:34:57.978788", "frame": 73, "mu": [1.76157372274939, 3.781072852137827, -0.1925648234539755], "Sigma": [[0.01691877151754032, -0.005527125690814502, -0.01509236733019954], [-0.005527125690814502, 0.005546283183212254, -0.0008188215145579734], [-0.01509236733019954, -0.000818821514557973, 0.02416443634448499]], "chi2_level": 0.997, "chi2_df": 3, "chi2_threshold": 13.931422665512084, "N_raw": 32, "N_roi": 32, "N_inlier": 30, "refit": true}
{"timestamp": "14:34:58.034452", "frame": 74, "mu": [1.7519312332621904, 3.7714436214066756, -0.2740146421781695], "Sigma": [[0.01879503081070749, -0.007106060290061028, -0.013397068662722975], [-0.007106060290061028, 0.006798101376953203, -0.0026441739625216445], [-0.013397068662722975, -0.0026441739625216445, 0.025848206430173062]], "chi2_level": 0.997, "chi2_df": 3, "chi2_threshold": 13.931422665512084, "N_raw": 38, "N_roi": 38, "N_inlier": 38, "refit": true}
{"timestamp": "14:34:58.097049", "frame": 75, "mu": [1.663976491648447, 3.793173046841051, -0.2976579134759538], "Sigma": [[0.029285925886584525, -0.015961334055169047, -0.02444455788719381], [-0.015961334055169047, 0.025429635194401744, -0.005603725867452973], [-0.024444557887193814, -0.005603725867452972, 0.05074651729066701]], "chi2_level": 0.997, "chi2_df": 3, "chi2_threshold": 13.931422665512084, "N_raw": 90, "N_roi": 90, "N_inlier": 90, "refit": true}
{"timestamp": "14:34:58.146639", "frame": 76, "mu": [1.6658593671476882, 3.491177812805498, 0.9287870770901723], "Sigma": [[0.018309760282411984, -0.00966325767864029, -0.013640238963165975], [-0.00966325767864029, 0.007458979100249703, 0.0029048375085862516], [-0.013640238963165973, 0.0029048375085862516, 0.023813683663229432]], "chi2_level": 0.997, "chi2_df": 3, "chi2_threshold": 13.931422665512084, "N_raw": 49, "N_roi": 49, "N_inlier": 46, "refit": true}
{"timestamp": "14:34:58.200688", "frame": 77, "mu": [1.6631116507959205, 3.5898276430004734, -0.2394478690491812], "Sigma": [[0.023301733087235647, -0.006187249242865835, -0.034734144971925084], [-0.006187249242865835, 0.005175572144711596, 0.002630297930574089], [-0.034734144971925084, 0.0026302979305740893, 0.06849872379754232]], "chi2_level": 0.997, "chi2_df": 3, "chi2_threshold": 13.931422665512084, "N_raw": 42, "N_roi": 40, "N_inlier": 39, "refit": true}
{"timestamp": "14:34:58.254936", "frame": 78, "mu": [1.5870082247730806, 3.570736414856008, -0.21285223946282214], "Sigma": [[0.020284395963687085, -0.007673615776799878, -0.01640483546734093], [-0.007673615776799878, 0.006726879755198742, 0.0021949775399792678], [-0.01640483546734093, 0.0021949775399792678, 0.019773618357058043]], "chi2_level": 0.997, "chi2_df": 3, "chi2_threshold": 13.931422665512084, "N_raw": 43, "N_roi": 42, "N_inlier": 41, "refit": true}
{"timestamp": "14:34:58.362293", "frame": 80, "mu": [1.517944945949335, 3.275493477456884, 0.9092554700308806], "Sigma": [[0.008477359785226684, -0.008892921053399274, -0.013292251680406455], [-0.008892921053399274, 0.014080565247812921, 0.014701221458678436], [-0.013292251680406455, 0.014701221458678436, 0.0266770905062712]], "chi2_level": 0.997, "chi2_df": 3, "chi2_threshold": 13.931422665512084, "N_raw": 27, "N_roi": 25, "N_inlier": 22, "refit": true}
{"timestamp": "14:34:58.422671", "frame": 81, "mu": [1.4028587755629793, 3.3150779520761438, 0.6944916459314022], "Sigma": [[0.018874400327976753, -0.017551223365507223, -0.0029041786770860694], [-0.01755122336550722, 0.034129066659195274, -0.00487438646816407], [-0.00290417867708607, -0.00487438646816407, 0.014870123566942986]], "chi2_level": 0.997, "chi2_df": 3, "chi2_threshold": 13.931422665512084, "N_raw": 64, "N_roi": 64, "N_inlier": 63, "refit": true}
{"timestamp": "14:34:58.477915", "frame": 82, "mu": [1.2819535419139447, 3.459959316935729, -0.11270811347784805], "Sigma": [[0.020950972235993078, -0.00862888199719044, -0.021672465488039173], [-0.00862888199719044, 0.011694204879684018, 0.025064264525438938], [-0.021672465488039173, 0.025064264525438938, 0.07728008804208583]], "chi2_level": 0.997, "chi2_df": 3, "chi2_threshold": 13.931422665512084, "N_raw": 61, "N_roi": 61, "N_inlier": 61, "refit": true}
{"timestamp": "14:34:58.533097", "frame": 83, "mu": [1.1962530785010927, 3.4224276295174945, -0.22159849661516684], "Sigma": [[0.02093076949340106, -0.005812678924540805, -0.011184668369650052], [-0.005812678924540805, 0.007613874239364025, 0.0058751795298488], [-0.011184668369650052, 0.0058751795298488, 0.008753241949966498]], "chi2_level": 0.997, "chi2_df": 3, "chi2_threshold": 13.931422665512084, "N_raw": 57, "N_roi": 57, "N_inlier": 54, "refit": true}
{"timestamp": "14:34:58.589070", "frame": 84, "mu": [1.081538784209315, 3.3267249005457096, 0.9326154716964897], "Sigma": [[0.023479970882510942, -0.00169270268357447, -0.003080645273850627], [-0.00169270268357447, 0.010042408779509954, 0.005713294368489047], [-0.003080645273850627, 0.005713294368489047, 0.01575169486304851]], "chi2_level": 0.997, "chi2_df": 3, "chi2_threshold": 13.931422665512084, "N_raw": 65, "N_roi": 65, "N_inlier": 62, "refit": true}
{"timestamp": "14:34:58.636638", "frame": 85, "mu": [0.9495797856274292, 3.356035101918178, 0.695046350946367], "Sigma": [[0.004946676588793855, 0.00438688997936407, -0.004801042934933346], [0.00438688997936407, 0.006818630025418959, -0.008913993787922146], [-0.004801042934933348, -0.008913993787922148, 0.11907095957425537]], "chi2_level": 0.997, "chi2_df": 3, "chi2_threshold": 13.931422665512084, "N_raw": 14, "N_roi": 14, "N_inlier": 13, "refit": true}
{"timestamp": "14:34:58.696174", "frame": 86, "mu": [0.926744972395868, 3.385164405747342, 1.0151378809274163], "Sigma": [[0.012392939128387773, -0.0008860321173480594, -0.001379177836185355], [-0.0008860321173480593, 0.0040813048582825145, -0.0005535188382650785], [-0.001379177836185355, -0.0005535188382650784, 0.0031502786518177225]], "chi2_level": 0.997, "chi2_df": 3, "chi2_threshold": 13.931422665512084, "N_raw": 46, "N_roi": 42, "N_inlier": 39, "refit": true}
{"timestamp": "14:34:58.748176", "frame": 87, "mu": [0.8726483274885225, 3.463967227879418, 1.0795345086343238], "Sigma": [[0.013053368038731361, -0.0042657090413377825, -0.006143816499040337], [-0.0042657090413377825, 0.004444471666289614, 0.002738978772708973], [-0.006143816499040337, 0.0027389787727089727, 0.005038689358420949]], "chi2_level": 0.997, "chi2_df": 3, "chi2_threshold": 13.931422665512084, "N_raw": 29, "N_roi": 29, "N_inlier": 26, "refit": true}
{"timestamp": "14:34:58.809669", "frame": 88, "mu": [0.8160535531217382, 3.406208350110119, 1.1660103509413544], "Sigma": [[0.014306107689171402, -0.006271796330029826, -0.011442554049212178], [-0.006271796330029827, 0.012930904260065613, 0.009078004664926868], [-0.011442554049212178, 0.009078004664926868, 0.01547051825137903]], "chi2_level": 0.997, "chi2_df": 3, "chi2_threshold": 13.931422665512084, "N_raw": 66, "N_roi": 62, "N_inlier": 59, "refit": true}
{"timestamp": "14:34:58.858463", "frame": 89, "mu": [0.8738839546195445, 3.360994682884579, 0.6791512391907443], "Sigma": [[0.008819857483383941, -0.0036381583060501343, -0.0009059218745137678], [-0.0036381583060501343, 0.005749846628710638, -0.006750991033376673], [-0.0009059218745137678, -0.006750991033376674, 0.0468375020057291]], "chi2_level": 0.997, "chi2_df": 3, "chi2_threshold": 13.931422665512084, "N_raw": 26, "N_roi": 26, "N_inlier": 26, "refit": true}
{"timestamp": "14:34:58.916291", "frame": 90, "mu": [0.7024554316997204, 3.381948115798529, -0.7866260823703305], "Sigma": [[0.015510483800750851, 0.006781840805547867, 0.03634762634703276], [0.006781840805547867, 0.007873992724344454, 0.02103776239217796], [0.03634762634703276, 0.02103776239217796, 0.19321611939778183]], "chi2_level": 0.997, "chi2_df": 3, "chi2_threshold": 13.931422665512084, "N_raw": 52, "N_roi": 50, "N_inlier": 49, "refit": true}
{"timestamp": "14:34:58.971721", "frame": 91, "mu": [0.5850560750091867, 3.4236512877247542, -0.3515401557784982], "Sigma": [[0.015308737349993839, 0.00569781738788817, 0.0489839028957229], [0.00569781738788817, 0.009587890070591567, 0.03448488756641711], [0.0489839028957229, 0.03448488756641711, 0.23953407901183363]], "chi2_level": 0.997, "chi2_df": 3, "chi2_threshold": 13.931422665512084, "N_raw": 49, "N_roi": 47, "N_inlier": 45, "refit": true}
{"timestamp": "14:34:59.030138", "frame": 92, "mu": [0.5109329047186861, 3.4934114948127646, 0.09819966033511461], "Sigma": [[0.0218393083194126, -0.005990349113425612, -0.017773412537672832], [-0.005990349113425611, 0.008604452168692605, 0.011626386752918955], [-0.017773412537672832, 0.011626386752918957, 0.023549702003375382]], "chi2_level": 0.997, "chi2_df": 3, "chi2_threshold": 13.931422665512084, "N_raw": 75, "N_roi": 74, "N_inlier": 71, "refit": true}
{"timestamp": "14:34:59.081445", "frame": 93, "mu": [0.5084947432055664, 3.394747813658856, -0.5114161930490493], "Sigma": [[0.027691176361748643, 0.0020007217046268014, 0.058364805915749385], [0.002000721704626802, 0.006451206674840257, 0.005856259198266848], [0.058364805915749385, 0.005856259198266848, 0.1964081964973405]], "chi2_level": 0.997, "chi2_df": 3, "chi2_threshold": 13.931422665512084, "N_raw": 49, "N_roi": 49, "N_inlier": 48, "refit": true}
{"timestamp": "14:34:59.135388", "frame": 94, "mu": [0.3393178359915946, 3.5905025796738763, 0.15657886249747682], "Sigma": [[0.01528246406217301, -0.0011608743382981205, -0.010537387390533882], [-0.0011608743382981205, 0.011311061948873175, -0.019880042939281223], [-0.010537387390533882, -0.01988004293928122, 0.06101899024977034]], "chi2_level": 0.997, "chi2_df": 3, "chi2_threshold": 13.931422665512084, "N_raw": 43, "N_roi": 43, "N_inlier": 41, "refit": true}
{"timestamp": "14:34:59.193993", "frame": 95, "mu": [0.26249574583985746, 3.4625337748175387, 1.290120464161367], "Sigma": [[0.017002689376671456, -0.006728646052792066, -0.011045294568344521], [-0.006728646052792067, 0.011403878147949164, 0.0037285088261322856], [-0.011045294568344521, 0.003728508826132286, 0.03062179726506984]], "chi2_level": 0.997, "chi2_df": 3, "chi2_threshold": 13.931422665512084, "N_raw": 69, "N_roi": 64, "N_inlier": 62, "refit": true}
{"timestamp": "14:34:59.245827", "frame": 96, "mu": [0.1946603343327879, 3.5464312296059184, -0.13931700854653595], "Sigma": [[0.010699648599681097, 0.003556752638251044, 0.02562359853606947], [0.003556752638251044, 0.019758249589352753, -0.01815396828649057], [0.02562359853606947, -0.018153968286490574, 0.1837986678622974]], "chi2_level": 0.997, "chi2_df": 3, "chi2_threshold": 13.931422665512084, "N_raw": 40, "N_roi": 37, "N_inlier": 37, "refit": true}
{"timestamp": "14:34:59.350401", "frame": 98, "mu": [0.03390059062714035, 3.4400656785231787, 0.8809690346297728], "Sigma": [[0.0012677133670666294, -0.0020578950512735723, 0.008961287369420218], [-0.002057895051273572, 0.011748789600425582, -0.027540110116285092], [0.008961287369420218, -0.027540110116285096, 0.10724494204020539]], "chi2_level": 0.997, "chi2_df": 3, "chi2_threshold": 13.931422665512084, "N_raw": 11, "N_roi": 7, "N_inlier": 7, "refit": true}
{"timestamp": "14:34:59.404958", "frame": 99, "mu": [-0.07418077260452399, 3.4470835247336784, 1.0250444125739686], "Sigma": [[0.0017903718346501394, -0.0005258309392105291, 0.0011019133693726845], [-0.000525830939210529, 0.005068925399276803, -0.008237160212444087], [0.0011019133693726843, -0.008237160212444087, 0.03622922352555044]], "chi2_level": 0.997, "chi2_df": 3, "chi2_threshold": 13.931422665512084, "N_raw": 11, "N_roi": 8, "N_inlier": 8, "refit": true}
{"timestamp": "14:34:59.680023", "frame": 100, "mu": [-0.15303119443004895, 3.5468417219338066, -0.5428991571587927], "Sigma": [[0.007913905396604614, 0.0023617608019850063, 0.009494226346172419], [0.0023617608019850063, 0.01585923502790035, -0.0012626342164949681], [0.009494226346172417, -0.001262634216494969, 0.08796388209926106]], "chi2_level": 0.997, "chi2_df": 3, "chi2_threshold": 13.931422665512084, "N_raw": 23, "N_roi": 23, "N_inlier": 22, "refit": true}
{"timestamp": "14:34:59.692817", "frame": 101, "mu": [-0.20702430346194575, 3.5731496532532816, 0.08740052149348643], "Sigma": [[0.010405795222766788, 0.001454452217623434, -0.008296724093362587], [0.0014544522176234338, 0.009409559547133786, -0.01666537503021817], [-0.008296724093362587, -0.01666537503021817, 0.048368547156570726]], "chi2_level": 0.997, "chi2_df": 3, "chi2_threshold": 13.931422665512084, "N_raw": 48, "N_roi": 45, "N_inlier": 42, "refit": true}
{"timestamp": "14:34:59.735664", "frame": 102, "mu": [-0.2524231517029842, 3.517142270367292, 1.2379189015009975], "Sigma": [[0.01607206732296041, -0.0010838593454726032, -0.021989421533195407], [-0.0010838593454726034, 0.0019438742877101707, -0.0028778488253275595], [-0.02198942153319541, -0.0028778488253275595, 0.10262834339861387]], "chi2_level": 0.997, "chi2_df": 3, "chi2_threshold": 13.931422665512084, "N_raw": 44, "N_roi": 43, "N_inlier": 40, "refit": true}
{"timestamp": "14:34:59.766663", "frame": 103, "mu": [-0.4580496964851444, 3.6780972882745284, -0.09850365203519075], "Sigma": [[0.003824872949172672, -0.0027802163542242036, 0.014245310765553802], [-0.002780216354224204, 0.043133755050470374, -0.13205820826171644], [0.014245310765553802, -0.13205820826171644, 0.44352490758796304]], "chi2_level": 0.997, "chi2_df": 3, "chi2_threshold": 13.931422665512084, "N_raw": 13, "N_roi": 12, "N_inlier": 12, "refit": true}
{"timestamp": "14:34:59.800065", "frame": 104, "mu": [-0.4978293379012735, 3.6260557031727614, 0.20095653295946586], "Sigma": [[0.02439385703548644, 0.007070136534211889, -0.026313632198551345], [0.007070136534211889, 0.006333298407139554, -0.013082307877222091], [-0.026313632198551345, -0.013082307877222091, 0.0404603164170045]], "chi2_level": 0.997, "chi2_df": 3, "chi2_threshold": 13.931422665512084, "N_raw": 50, "N_roi": 45, "N_inlier": 44, "refit": true}
{"timestamp": "14:34:59.820059", "frame": 105, "mu": [-0.5875750693345644, 3.5549367453359917, 0.14881534864890367], "Sigma": [[0.017527249829345098, 0.005879303867627554, -0.012733795511412857], [0.005879303867627554, 0.010576461195655506, -0.015343373182675889], [-0.012733795511412859, -0.015343373182675887, 0.03461278827139489]], "chi2_level": 0.997, "chi2_df": 3, "chi2_threshold": 13.931422665512084, "N_raw": 81, "N_roi": 54, "N_inlier": 52, "refit": true}
{"timestamp": "14:34:59.861104", "frame": 106, "mu": [-0.6841653223721923, 3.5731348937334304, 0.182690434644115], "Sigma": [[0.01890514097133364, 0.004727874593461081, -0.008882362855933794], [0.00472787459346108, 0.010478475823071652, -0.017051132299504244], [-0.008882362855933794, -0.017051132299504244, 0.04748590191702813]], "chi2_level": 0.997, "chi2_df": 3, "chi2_threshold": 13.931422665512084, "N_raw": 63, "N_roi": 60, "N_inlier": 57, "refit": true}
{"timestamp": "14:34:59.883608", "frame": 107, "mu": [-0.6823576191148966, 3.7067165143987935, -0.20191238951212473], "Sigma": [[0.009012457221780797, 0.001756042802872814, -0.0059102205852392935], [0.001756042802872814, 0.030613347837532466, -0.09960771619501267], [-0.005910220585239292, -0.09960771619501269, 0.3378993805357376]], "chi2_level": 0.997, "chi2_df": 3, "chi2_threshold": 13.931422665512084, "N_raw": 48, "N_roi": 44, "N_inlier": 44, "refit": true}
{"timestamp": "14:34:59.910848", "frame": 108, "mu": [-0.7630586777876853, 3.703798994311612, -0.1902439694973354], "Sigma": [[0.013780569688201813, 0.006294567457703241, -0.02357597636502365], [0.00629456745770324, 0.022735892095119694, -0.06891796361041548], [-0.02357597636502365, -0.0689179636104155, 0.2283825053421192]], "chi2_level": 0.997, "chi2_df": 3, "chi2_threshold": 13.931422665512084, "N_raw": 48, "N_roi": 48, "N_inlier": 47, "refit": true}
{"timestamp": "14:34:59.958041", "frame": 109, "mu": [-0.9250498755958217, 3.546190345534293, 1.3136147792719164], "Sigma": [[0.008996018478849895, 0.0005063943823912795, 0.006853616442913482], [0.0005063943823912796, 0.0032087415840517204, -0.004566810650626666], [0.00685361644291348, -0.004566810650626666, 0.2588451638256138]], "chi2_level": 0.997, "chi2_df": 3, "chi2_threshold": 13.931422665512084, "N_raw": 29, "N_roi": 26, "N_inlier": 26, "refit": true}
{"timestamp": "14:35:00.011969", "frame": 110, "mu": [-1.033643891132713, 3.44868927973796, 1.0641553617822237], "Sigma": [[0.022260899750465572, -0.010047632451099497, 0.04134781895302301], [-0.010047632451099497, 0.008694730944276403, -0.025161332445345436], [0.04134781895302301, -0.025161332445345436, 0.16950099508547717]], "chi2_level": 0.997, "chi2_df": 3, "chi2_threshold": 13.931422665512084, "N_raw": 24, "N_roi": 24, "N_inlier": 24, "refit": true}
{"timestamp": "14:35:00.070783", "frame": 111, "mu": [-0.9845089817076768, 3.561588227265472, -0.02731004943257162], "Sigma": [[0.017309324522698094, 0.004456963507207923, -0.014093664690558273], [0.004456963507207923, 0.018958256084440524, -0.026724336799455923], [-0.014093664690558273, -0.026724336799455923, 0.05581557087419155]], "chi2_level": 0.997, "chi2_df": 3, "chi2_threshold": 13.931422665512084, "N_raw": 48, "N_roi": 47, "N_inlier": 45, "refit": true}
{"timestamp": "14:35:00.124168", "frame": 112, "mu": [-1.0761275956790646, 3.3937869817838062, 1.0229948233462964], "Sigma": [[0.013451910948267845, 0.0045644462478713205, -0.017038897518659155], [0.0045644462478713205, 0.008608301217166941, -0.015911890855229042], [-0.017038897518659155, -0.015911890855229042, 0.04031658997231053]], "chi2_level": 0.997, "chi2_df": 3, "chi2_threshold": 13.931422665512084, "N_raw": 39, "N_roi": 38, "N_inlier": 37, "refit": true}
{"timestamp": "14:35:00.182767", "frame": 113, "mu": [-1.1294154089308865, 3.3744920714415527, 0.9666247249831156], "Sigma": [[0.016460669499137916, 0.0029630568453495564, -0.014719673470573196], [0.0029630568453495564, 0.006994896416086182, -0.011003900819940127], [-0.014719673470573196, -0.011003900819940127, 0.0275786303674299]], "chi2_level": 0.997, "chi2_df": 3, "chi2_threshold": 13.931422665512084, "N_raw": 55, "N_roi": 53, "N_inlier": 51, "refit": true}
{"timestamp": "14:35:00.235821", "frame": 114, "mu": [-1.2314649936987647, 3.5440727847995257, -0.009180744154262163], "Sigma": [[0.014518941003827139, 0.006393455933077727, -0.024443744605389842], [0.006393455933077727, 0.016774880714531176, -0.024903446717640512], [-0.024443744605389842, -0.024903446717640516, 0.07073375011230475]], "chi2_level": 0.997, "chi2_df": 3, "chi2_threshold": 13.931422665512084, "N_raw": 43, "N_roi": 39, "N_inlier": 38, "refit": true}
{"timestamp": "14:35:00.288347", "frame": 115, "mu": [-1.3758223195900041, 3.4663737700922717, 1.1899818883535382], "Sigma": [[0.009314333154274237, 0.00016004612913542258, -0.009515900007548924], [0.00016004612913542236, 0.007486979796440548, -0.0133676270934904], [-0.009515900007548924, -0.0133676270934904, 0.09643025529972128]], "chi2_level": 0.997, "chi2_df": 3, "chi2_threshold": 13.931422665512084, "N_raw": 29, "N_roi": 28, "N_inlier": 28, "refit": true}
{"timestamp": "14:35:00.450288", "frame": 118, "mu": [-1.635968772222566, 3.4357895699801166, 1.4931330656052417], "Sigma": [[0.011089889582254105, 0.001257984171539024, -0.007256473694809174], [0.001257984171539024, 0.0018131802485727036, -0.0023517673038023082], [-0.007256473694809174, -0.002351767303802308, 0.008057388028310278]], "chi2_level": 0.997, "chi2_df": 3, "chi2_threshold": 13.931422665512084, "N_raw": 19, "N_roi": 19, "N_inlier": 17, "refit": true}
{"timestamp": "14:35:00.614649", "frame": 121, "mu": [-1.6415175102384445, 3.6778585714559155, -0.38164873137629807], "Sigma": [[0.010187916257905447, 0.023065737370292022, -0.044185821088160854], [0.023065737370292022, 0.06288581051937464, -0.11640360257160118], [-0.04418582108816085, -0.11640360257160118, 0.22830042398523834]], "chi2_level": 0.997, "chi2_df": 3, "chi2_threshold": 13.931422665512084, "N_raw": 10, "N_roi": 10, "N_inlier": 10, "refit": true}
