{"timestamp": "13:56:03.045523", "frame": 4, "mu": [-2.449311423733033, 1.327142436709666, -0.7415411227294999], "Sigma": [[0.0017638282826451625, 0.0020151698042691654, 0.00016200744355890075], [0.002015169804269166, 0.009988056419218771, -0.0007723611333386835], [0.00016200744355890075, -0.0007723611333386835, 0.00013541934770180735]], "chi2_level": 0.997, "chi2_df": 3, "chi2_threshold": 13.931422665512084, "N_raw": 29, "N_roi": 13, "N_inlier": 12, "refit": true}
{"timestamp": "13:56:03.107648", "frame": 5, "mu": [-2.431880224734105, 1.007571740399046, 0.7836363045004604], "Sigma": [[0.002204043600743949, 0.0008785557713843711, -0.00033267870057224463], [0.0008785557713843711, 0.004068365468890385, -0.003609071057177073], [-0.00033267870057224474, -0.0036090710571770736, 0.006556236770880849]], "chi2_level": 0.997, "chi2_df": 3, "chi2_threshold": 13.931422665512084, "N_raw": 44, "N_roi": 14, "N_inlier": 14, "refit": true}
{"timestamp": "13:56:03.153460", "frame": 6, "mu": [-2.428157843468755, 1.0721652226557918, 0.8095380533937524], "Sigma": [[0.0020797051204734253, 0.00022567704896887678, -0.00022837282962657226], [0.00022567704896887667, 0.0017967205217861077, -0.0006307665617934913], [-0.0002283728296265722, -0.0006307665617934913, 0.0016896978640077503]], "chi2_level": 0.997, "chi2_df": 3, "chi2_threshold": 13.931422665512084, "N_raw": 13, "N_roi": 8, "N_inlier": 8, "refit": true}
{"timestamp": "13:56:03.263317", "frame": 8, "mu": [-2.4457967907908507, 0.9781974868461774, 0.7090087523800678], "Sigma": [[0.0014569057255729506, 0.0022837786362559513, 0.00036773915900191955], [0.0022837786362559513, 0.005807160220781001, 0.004641060483993373], [0.00036773915900191955, 0.004641060483993373, 0.008657245415798803]], "chi2_level": 0.997, "chi2_df": 3, "chi2_threshold": 13.931422665512084, "N_raw": 20, "N_roi": 7, "N_inlier": 7, "refit": true}
{"timestamp": "13:56:03.318566", "frame": 9, "mu": [-2.2129700458680137, 1.0240899139284159, 0.9240777035282243], "Sigma": [[0.4786048519821523, -0.17401728951038992, 0.2524909700284598], [-0.17401728951038992, 0.0662275191085355, -0.09319626705613589], [0.2524909700284598, -0.09319626705613587, 0.13386962190408858]], "chi2_level": 0.997, "chi2_df": 3, "chi2_threshold": 13.931422665512084, "N_raw": 18, "N_roi": 11, "N_inlier": 11, "refit": true}
{"timestamp": "13:56:03.378101", "frame": 10, "mu": [-2.409869090159575, 0.9368285199111266, 0.8310844171111604], "Sigma": [[0.003520811560635744, 0.004830242988963701, -0.0003496103242235737], [0.004830242988963701, 0.011746510850253102, -0.005504018690308617], [-0.0003496103242235736, -0.005504018690308617, 0.009312229820453431]], "chi2_level": 0.997, "chi2_df": 3, "chi2_threshold": 13.931422665512084, "N_raw": 44, "N_roi": 22, "N_inlier": 22, "refit": true}
{"timestamp": "13:56:03.488053", "frame": 12, "mu": [-2.3981137052202075, 1.1802908873940232, -0.8614723315259804], "Sigma": [[0.003746846491402765, 0.005086834050975245, 0.0019223739264244435], [0.005086834050975245, 0.013794698252973513, -0.003762485302288615], [0.0019223739264244435, -0.0037624853022886146, 0.009690217326001933]], "chi2_level": 0.997, "chi2_df": 3, "chi2_threshold": 13.931422665512084, "N_raw": 43, "N_roi": 26, "N_inlier": 26, "refit": true}
{"timestamp": "13:56:03.540342", "frame": 13, "mu": [-2.3880082526096706, 0.873843186052347, 0.8117254664878997], "Sigma": [[0.004235074202569386, 0.0048747989172144264, -0.00011867503158546823], [0.004874798917214426, 0.007715469471411974, -0.0024986957772476686], [-0.00011867503158546802, -0.002498695777247668, 0.00869734945972054]], "chi2_level": 0.997, "chi2_df": 3, "chi2_threshold": 13.931422665512084, "N_raw": 30, "N_roi": 22, "N_inlier": 22, "refit": true}
{"timestamp": "13:56:03.597821", "frame": 14, "mu": [-2.364339868182312, 0.8268209136832101, 0.8413212436990639], "Sigma": [[0.005830832439659258, 0.004729124185966703, -0.0018605871572000931], [0.004729124185966703, 0.011763616246314085, -0.007182408401331661], [-0.0018605871572000931, -0.007182408401331661, 0.008954619734372981]], "chi2_level": 0.997, "chi2_df": 3, "chi2_threshold": 13.931422665512084, "N_raw": 47, "N_roi": 35, "N_inlier": 33, "refit": true}
{"timestamp": "13:56:03.654371", "frame": 15, "mu": [-2.0154179959892105, 0.7661282915136198, 0.952233396145154], "Sigma": [[1.316254897321858, -0.0561968447369833, 0.021346085610845257], [-0.0561968447369833, 0.02114453337538246, -0.006644723566241031], [0.021346085610845257, -0.006644723566241031, 0.012587339032988936]], "chi2_level": 0.997, "chi2_df": 3, "chi2_threshold": 13.931422665512084, "N_raw": 38, "N_roi": 38, "N_inlier": 37, "refit": true}
{"timestamp": "13:56:03.706089", "frame": 16, "mu": [-2.3032640154317554, 0.6901634002693666, 0.7706823098526205], "Sigma": [[0.00546821135212903, 0.005927132167957155, -0.001970156067102451], [0.005927132167957156, 0.010496329237611032, -0.006530720380748404], [-0.001970156067102451, -0.006530720380748402, 0.017138827598309307]], "chi2_level": 0.997, "chi2_df": 3, "chi2_threshold": 13.931422665512084, "N_raw": 26, "N_roi": 26, "N_inlier": 26, "refit": true}
{"timestamp": "13:56:03.819122", "frame": 18, "mu": [-1.820231220120574, 0.7121205087797107, 0.9634095406037076], "Sigma": [[1.6721444963421963, -0.07210916820632346, 0.047380247102483695], [-0.07210916820632347, 0.016678230483115807, -0.00881869530229451], [0.0473802471024837, -0.00881869530229451, 0.007013658121996654]], "chi2_level": 0.997, "chi2_df": 3, "chi2_threshold": 13.931422665512084, "N_raw": 38, "N_roi": 38, "N_inlier": 38, "refit": true}
{"timestamp": "13:56:03.874919", "frame": 19, "mu": [-2.1698626773213223, 0.802742102006646, 1.0050750568230198], "Sigma": [[0.008660921347463303, 0.009962517139632287, -0.0021365272064041603], [0.009962517139632287, 0.019021914262080254, -0.008869095780933419], [-0.0021365272064041603, -0.00886909578093342, 0.010959176244728853]], "chi2_level": 0.997, "chi2_df": 3, "chi2_threshold": 13.931422665512084, "N_raw": 46, "N_roi": 46, "N_inlier": 46, "refit": true}
{"timestamp": "13:56:03.933113", "frame": 20, "mu": [-1.7339667060628714, 0.7036969586759849, 0.911976363709548], "Sigma": [[1.7861885070523604, -0.06314919875094309, 0.035487140394798625], [-0.06314919875094309, 0.01840939204304532, -0.008878692849051267], [0.03548714039479862, -0.008878692849051267, 0.016599316716965913]], "chi2_level": 0.997, "chi2_df": 3, "chi2_threshold": 13.931422665512084, "N_raw": 62, "N_roi": 62, "N_inlier": 62, "refit": true}
{"timestamp": "13:56:03.987216", "frame": 21, "mu": [-1.769621682272526, 0.7103513388481748, 0.9846409488738171], "Sigma": [[1.3643053833528598, -0.06137396090881417, 0.03394960154702846], [-0.06137396090881417, 0.019685872801370862, -0.005367514372630502], [0.03394960154702846, -0.005367514372630503, 0.01383578005196628]], "chi2_level": 0.997, "chi2_df": 3, "chi2_threshold": 13.931422665512084, "N_raw": 55, "N_roi": 55, "N_inlier": 55, "refit": true}
{"timestamp": "13:56:04.043124", "frame": 22, "mu": [-1.7287600302139912, 0.7319460379200567, 0.9232897377044713], "Sigma": [[1.6130372528246115, -0.08155660307286357, 0.043337254202628295], [-0.08155660307286357, 0.025908670464629347, -0.012967642088531], [0.043337254202628295, -0.012967642088531, 0.00850632572338018]], "chi2_level": 0.997, "chi2_df": 3, "chi2_threshold": 13.931422665512084, "N_raw": 63, "N_roi": 63, "N_inlier": 63, "refit": true}
{"timestamp": "13:56:04.099048", "frame": 23, "mu": [-2.0670025496570354, 0.7316067598762426, 0.9440844434695754], "Sigma": [[0.008802695010744647, 0.005501736176218327, -0.0014779826610613377], [0.005501736176218327, 0.01575680411280679, -0.013697519580577643], [-0.0014779826610613375, -0.013697519580577643, 0.02255241579445175]], "chi2_level": 0.997, "chi2_df": 3, "chi2_threshold": 13.931422665512084, "N_raw": 74, "N_roi": 74, "N_inlier": 70, "refit": true}
{"timestamp": "13:56:04.150532", "frame": 24, "mu": [-2.023320698240446, 0.7123442248790887, 0.9709958605674681], "Sigma": [[0.008555166669154101, 0.006567716684704428, -0.0046593096523050975], [0.006567716684704427, 0.016416978718233603, -0.011352447843559817], [-0.0046593096523050975, -0.011352447843559817, 0.015291533537324549]], "chi2_level": 0.997, "chi2_df": 3, "chi2_threshold": 13.931422665512084, "N_raw": 53, "N_roi": 53, "N_inlier": 50, "refit": true}
{"timestamp": "13:56:04.209349", "frame": 25, "mu": [-1.9620356332501183, 0.9525193494661104, -0.6700046204815002], "Sigma": [[0.009536324887932424, 0.008764842176824446, 0.0022705027233825507], [0.008764842176824444, 0.01981433551741319, -0.011041181221859882], [0.0022705027233825507, -0.011041181221859882, 0.020460698685090827]], "chi2_level": 0.997, "chi2_df": 3, "chi2_threshold": 13.931422665512084, "N_raw": 68, "N_roi": 68, "N_inlier": 68, "refit": true}
{"timestamp": "13:56:04.264015", "frame": 26, "mu": [-1.9149165550670386, 0.7443165878337634, 1.1046762181500798], "Sigma": [[0.008277885107205925, 0.006570267117384634, 0.0012506044761330592], [0.006570267117384635, 0.01778339416556394, -0.012668591422019735], [0.0012506044761330592, -0.012668591422019733, 0.017402881955029734]], "chi2_level": 0.997, "chi2_df": 3, "chi2_threshold": 13.931422665512084, "N_raw": 70, "N_roi": 70, "N_inlier": 69, "refit": true}
{"timestamp": "13:56:04.317922", "frame": 27, "mu": [-1.8400839676493856, 0.7405772254123342, 1.1762895681763843], "Sigma": [[0.00902416766923573, 0.00832469282951587, 0.0010917657939111534], [0.00832469282951587, 0.012771543623501651, -0.006442219622415461], [0.0010917657939111538, -0.006442219622415461, 0.014853061312480887]], "chi2_level": 0.997, "chi2_df": 3, "chi2_threshold": 13.931422665512084, "N_raw": 59, "N_roi": 59, "N_inlier": 58, "refit": true}
{"timestamp": "13:56:04.373065", "frame": 28, "mu": [-1.8217695162996692, 0.662723974963848, 1.1250391704041836], "Sigma": [[0.008733603791474065, 0.009899043796177485, 0.0032865349777362624], [0.009899043796177485, 0.01316568511883077, -0.0007984594613030692], [0.0032865349777362624, -0.0007984594613030694, 0.0255540578401267]], "chi2_level": 0.997, "chi2_df": 3, "chi2_threshold": 13.931422665512084, "N_raw": 66, "N_roi": 66, "N_inlier": 62, "refit": true}
{"timestamp": "13:56:04.429750", "frame": 29, "mu": [-1.7817698020612087, 0.6744132231946679, 1.0698382286476518], "Sigma": [[0.010979067913918531, 0.008652277690605267, -0.001778981423180935], [0.008652277690605267, 0.014624436853374641, -0.008489832330604056], [-0.0017789814231809354, -0.008489832330604056, 0.008619047855680786]], "chi2_level": 0.997, "chi2_df": 3, "chi2_threshold": 13.931422665512084, "N_raw": 68, "N_roi": 68, "N_inlier": 67, "refit": true}
{"timestamp": "13:56:04.482104", "frame": 30, "mu": [-1.7309000159666947, 0.6515450409225523, 1.1646376265876364], "Sigma": [[0.008048064554868917, 0.006750197686773285, 0.0016327130640158211], [0.006750197686773286, 0.01161197267629156, -0.0072402401374086715], [0.0016327130640158211, -0.0072402401374086715, 0.02101247089213742]], "chi2_level": 0.997, "chi2_df": 3, "chi2_threshold": 13.931422665512084, "N_raw": 58, "N_roi": 58, "N_inlier": 56, "refit": true}
{"timestamp": "13:56:04.541178", "frame": 31, "mu": [-1.68189045493908, 0.7458384310431176, 1.2220708916563199], "Sigma": [[0.011493076892807966, 0.005040555853623681, 0.0007240612331621966], [0.005040555853623681, 0.014678083216546891, -0.00636399275400758], [0.0007240612331621967, -0.006363992754007581, 0.015589890704643597]], "chi2_level": 0.997, "chi2_df": 3, "chi2_threshold": 13.931422665512084, "N_raw": 84, "N_roi": 84, "N_inlier": 82, "refit": true}
{"timestamp": "13:56:04.594291", "frame": 32, "mu": [-1.627691951102786, 0.737817695470172, 1.159662201309106], "Sigma": [[0.00922940955917679, 0.007333881480889147, -0.00366281778162909], [0.007333881480889147, 0.013608300213590717, -0.009696413941616182], [-0.00366281778162909, -0.009696413941616182, 0.009580844572909987]], "chi2_level": 0.997, "chi2_df": 3, "chi2_threshold": 13.931422665512084, "N_raw": 67, "N_roi": 67, "N_inlier": 67, "refit": true}
{"timestamp": "13:56:04.650714", "frame": 33, "mu": [-1.5890216266497474, 0.9128613772680918, -0.5974699458573314], "Sigma": [[0.008219032379851424, 0.004215906117381764, 0.0025164692332688217], [0.004215906117381763, 0.016087425364120597, -0.008887543154483778], [0.0025164692332688217, -0.008887543154483776, 0.011922131978237617]], "chi2_level": 0.997, "chi2_df": 3, "chi2_threshold": 13.931422665512084, "N_raw": 74, "N_roi": 74, "N_inlier": 72, "refit": true}
{"timestamp": "13:56:04.712121", "frame": 34, "mu": [-1.5464858346762766, 0.7827219636045889, 1.2072333436680984], "Sigma": [[0.011257707347231185, 0.006409389582224434, 0.0038282270756295287], [0.006409389582224434, 0.012774692465875221, -0.009364460416115269], [0.0038282270756295287, -0.009364460416115269, 0.03017518638171407]], "chi2_level": 0.997, "chi2_df": 3, "chi2_threshold": 13.931422665512084, "N_raw": 118, "N_roi": 118, "N_inlier": 116, "refit": true}
{"timestamp": "13:56:04.765218", "frame": 35, "mu": [-1.4768073590274804, 0.7681347944214918, 1.2905901326047775], "Sigma": [[0.011793478906458687, 0.006169147532932269, -0.001052292069486358], [0.0061691475329322685, 0.014176341387807196, -0.011657203152790403], [-0.001052292069486358, -0.011657203152790403, 0.015695245759976766]], "chi2_level": 0.997, "chi2_df": 3, "chi2_threshold": 13.931422665512084, "N_raw": 108, "N_roi": 108, "N_inlier": 101, "refit": true}
{"timestamp": "13:56:04.819802", "frame": 36, "mu": [-1.494944474908617, 0.6939937610128893, 1.2310873800062163], "Sigma": [[0.01664260475373508, 0.011472476164065604, 0.00807225377236807], [0.011472476164065604, 0.015197771942129264, -0.004965623012555806], [0.00807225377236807, -0.004965623012555806, 0.023176513510407195]], "chi2_level": 0.997, "chi2_df": 3, "chi2_threshold": 13.931422665512084, "N_raw": 101, "N_roi": 101, "N_inlier": 99, "refit": true}
{"timestamp": "13:56:04.871905", "frame": 37, "mu": [-1.42194630173729, 0.8792541191360986, -0.596129390689298], "Sigma": [[0.010821917583984228, 0.0067688315132812, 0.004260081063515885], [0.0067688315132812, 0.014726323036388397, -0.007838499414278888], [0.004260081063515884, -0.007838499414278888, 0.018521896574058436]], "chi2_level": 0.997, "chi2_df": 3, "chi2_threshold": 13.931422665512084, "N_raw": 75, "N_roi": 74, "N_inlier": 71, "refit": true}
{"timestamp": "13:56:04.921725", "frame": 38, "mu": [-1.3675149226748347, 0.7853215014579881, 1.2779400299974086], "Sigma": [[0.020938717782141625, 0.015618832923760546, -0.009147851912019788], [0.015618832923760546, 0.01773854477327787, -0.015687040024431775], [-0.009147851912019788, -0.015687040024431775, 0.02590433079630522]], "chi2_level": 0.997, "chi2_df": 3, "chi2_threshold": 13.931422665512084, "N_raw": 48, "N_roi": 48, "N_inlier": 46, "refit": true}
{"timestamp": "13:56:04.987019", "frame": 39, "mu": [-1.3273704611144195, 0.730142781187843, 1.2985798434048152], "Sigma": [[0.02041874002706754, 0.00842362599393326, -0.006999012135437394], [0.00842362599393326, 0.011098618951124775, -0.013137108896566033], [-0.006999012135437394, -0.013137108896566033, 0.023366587734326417]], "chi2_level": 0.997, "chi2_df": 3, "chi2_threshold": 13.931422665512084, "N_raw": 80, "N_roi": 80, "N_inlier": 79, "refit": true}
{"timestamp": "13:56:05.040440", "frame": 40, "mu": [-1.2158724361223818, 0.8201312366915559, 1.4012214849491624], "Sigma": [[0.016181639952354526, 0.0021060226365770766, -0.0049298036913845746], [0.002106022636577077, 0.00792867970796065, -0.006581092976243245], [-0.0049298036913845746, -0.006581092976243245, 0.007418809226589429]], "chi2_level": 0.997, "chi2_df": 3, "chi2_threshold": 13.931422665512084, "N_raw": 102, "N_roi": 102, "N_inlier": 100, "refit": true}
{"timestamp": "13:56:05.089725", "frame": 41, "mu": [-1.196760959879578, 0.6635231157399304, 1.2823903722923757], "Sigma": [[0.015090239123263025, 0.02154955483359941, -0.004709295403552334], [0.021549554833599407, 0.035289350742043826, -0.012947002195409448], [-0.004709295403552334, -0.012947002195409448, 0.022368224335987556]], "chi2_level": 0.997, "chi2_df": 3, "chi2_threshold": 13.931422665512084, "N_raw": 60, "N_roi": 60, "N_inlier": 55, "refit": true}
{"timestamp": "13:56:05.142492", "frame": 42, "mu": [-1.2126721372659384, 0.6527081491610307, 1.3103007554222106], "Sigma": [[0.01065123116552529, 0.005606430693093273, 0.0006038099257265424], [0.005606430693093273, 0.007170137338425367, -0.0038698694555704028], [0.0006038099257265424, -0.0038698694555704028, 0.006990835808397586]], "chi2_level": 0.997, "chi2_df": 3, "chi2_threshold": 13.931422665512084, "N_raw": 53, "N_roi": 53, "N_inlier": 52, "refit": true}
{"timestamp": "13:56:05.206191", "frame": 43, "mu": [-1.1029228459314044, 0.8422997349988403, -0.04723012285015476], "Sigma": [[0.016922326453901255, 0.005095079651408092, 0.053682978527986924], [0.005095079651408092, 0.005419992060642135, 0.0038557726862888226], [0.053682978527986924, 0.003855772686288822, 0.46902407634157967]], "chi2_level": 0.997, "chi2_df": 3, "chi2_threshold": 13.931422665512084, "N_raw": 90, "N_roi": 90, "N_inlier": 90, "refit": true}
{"timestamp": "13:56:05.259983", "frame": 44, "mu": [-1.02110775405202, 0.7629422055502288, 1.4845576215345875], "Sigma": [[0.016195655350726118, 0.005684407000683465, -0.004632140251935369], [0.005684407000683464, 0.006221371313309712, -0.005657687275675437], [-0.004632140251935369, -0.005657687275675437, 0.010490004208855477]], "chi2_level": 0.997, "chi2_df": 3, "chi2_threshold": 13.931422665512084, "N_raw": 101, "N_roi": 101, "N_inlier": 99, "refit": true}
{"timestamp": "13:56:05.312143", "frame": 45, "mu": [-0.974825857009422, 0.7814959247376948, 1.501632397733295], "Sigma": [[0.013133451590715621, 0.006439906390495254, -0.003831247063755974], [0.006439906390495254, 0.006580724049734823, -0.0050648289332869065], [-0.003831247063755974, -0.0050648289332869065, 0.005827994187168214]], "chi2_level": 0.997, "chi2_df": 3, "chi2_threshold": 13.931422665512084, "N_raw": 86, "N_roi": 86, "N_inlier": 84, "refit": true}
{"timestamp": "13:56:05.364328", "frame": 46, "mu": [-0.9232958326233305, 0.69447189961655, 1.2930232618536501], "Sigma": [[0.02081821750051667, 0.011462872317918107, -0.01143051989879885], [0.011462872317918107, 0.01084686049409195, -0.009839589048200316], [-0.01143051989879885, -0.009839589048200316, 0.020544102379595537]], "chi2_level": 0.997, "chi2_df": 3, "chi2_threshold": 13.931422665512084, "N_raw": 61, "N_roi": 61, "N_inlier": 58, "refit": true}
{"timestamp": "13:56:05.418900", "frame": 47, "mu": [-0.8610707244253617, 0.8266879649070358, 1.5206940764331993], "Sigma": [[0.024242144033603745, 0.008128450401772944, -0.009930773272098294], [0.008128450401772944, 0.005040780225498947, -0.006655278430373961], [-0.009930773272098294, -0.006655278430373959, 0.01295999900121963]], "chi2_level": 0.997, "chi2_df": 3, "chi2_threshold": 13.931422665512084, "N_raw": 60, "N_roi": 60, "N_inlier": 57, "refit": true}
{"timestamp": "13:56:05.473644", "frame": 48, "mu": [-0.7675705357561813, 0.7957845434137397, 1.4285553288945285], "Sigma": [[0.02625831318531109, 0.012323936962824661, 0.0032724580643726364], [0.012323936962824661, 0.009969002045672524, 0.003681705215446785], [0.0032724580643726364, 0.003681705215446785, 0.01517540519607887]], "chi2_level": 0.997, "chi2_df": 3, "chi2_threshold": 13.931422665512084, "N_raw": 63, "N_roi": 63, "N_inlier": 57, "refit": true}
{"timestamp": "13:56:05.527145", "frame": 49, "mu": [-0.6569702211252121, 0.8856051459762344, 1.443474359165739], "Sigma": [[0.0037877672413275786, 0.0006394235976573915, -0.007395574539391904], [0.0006394235976573918, 0.002814243707294837, -0.011337726124753107], [-0.007395574539391905, -0.011337726124753107, 0.08361757116240878]], "chi2_level": 0.997, "chi2_df": 3, "chi2_threshold": 13.931422665512084, "N_raw": 52, "N_roi": 52, "N_inlier": 47, "refit": true}
{"timestamp": "13:56:05.583891", "frame": 50, "mu": [-0.5358619725744205, 0.909609655083073, 1.2224260997604133], "Sigma": [[0.005863258825100677, 0.0018406462450823039, -0.013350809205913472], [0.0018406462450823039, 0.004006570302126752, -0.016313461451983882], [-0.013350809205913472, -0.016313461451983886, 0.23414112379476767]], "chi2_level": 0.997, "chi2_df": 3, "chi2_threshold": 13.931422665512084, "N_raw": 36, "N_roi": 34, "N_inlier": 32, "refit": true}
{"timestamp": "13:56:05.639201", "frame": 51, "mu": [-0.5112912228313798, 0.907454296136255, 1.4517314364041989], "Sigma": [[0.003384542429875184, -0.0005255165486844234, -0.0008211137293461713], [-0.0005255165486844235, 0.0035024514787864803, -0.0034556401878917007], [-0.0008211137293461714, -0.0034556401878917007, 0.007912348816981685]], "chi2_level": 0.997, "chi2_df": 3, "chi2_threshold": 13.931422665512084, "N_raw": 71, "N_roi": 67, "N_inlier": 65, "refit": true}
{"timestamp": "13:56:05.694954", "frame": 52, "mu": [-0.453863611139067, 0.8897691142843257, 1.4630976692865891], "Sigma": [[0.004027142925683719, -0.0018077636916467902, 0.0011685259095261177], [-0.0018077636916467902, 0.0037489151564321023, -0.0029743300036328283], [0.001168525909526118, -0.0029743300036328283, 0.002716941054366869]], "chi2_level": 0.997, "chi2_df": 3, "chi2_threshold": 13.931422665512084, "N_raw": 72, "N_roi": 72, "N_inlier": 71, "refit": true}
{"timestamp": "13:56:05.749333", "frame": 53, "mu": [-0.3685256082749456, 0.9037446246818046, 1.465542128414798], "Sigma": [[0.0035719999213472547, -0.0013987378426084534, 0.0005236036146266448], [-0.0013987378426084537, 0.0021679084496683053, -0.001920887612923125], [0.000523603614626645, -0.0019208876129231253, 0.0027127774245774994]], "chi2_level": 0.997, "chi2_df": 3, "chi2_threshold": 13.931422665512084, "N_raw": 59, "N_roi": 57, "N_inlier": 56, "refit": true}
{"timestamp": "13:56:05.802705", "frame": 54, "mu": [-0.35873776601557894, 0.9512922732570627, -0.4204506087986929], "Sigma": [[0.003169449242250498, 0.0005526094475830043, 0.005257458334809853], [0.0005526094475830043, 0.005677589532559713, 0.003647451947053204], [0.005257458334809853, 0.003647451947053204, 0.013811788463145317]], "chi2_level": 0.997, "chi2_df": 3, "chi2_threshold": 13.931422665512084, "N_raw": 57, "N_roi": 57, "N_inlier": 57, "refit": true}
{"timestamp": "13:56:05.859391", "frame": 55, "mu": [-0.2805108199259764, 0.9114361437771763, 1.4286403439501119], "Sigma": [[0.0030585402851677473, -0.0002759292556156112, -9.560088104678753e-05], [-0.0002759292556156111, 0.002906590948809639, -0.0026966878594060907], [-9.560088104678748e-05, -0.0026966878594060903, 0.004161058251381747]], "chi2_level": 0.997, "chi2_df": 3, "chi2_threshold": 13.931422665512084, "N_raw": 72, "N_roi": 72, "N_inlier": 70, "refit": true}
{"timestamp": "13:56:05.915237", "frame": 56, "mu": [-0.2612759604802081, 0.9090987143940922, 1.4681031271399478], "Sigma": [[0.0038426331889712803, -0.002191875633568905, 0.0014787819825217616], [-0.002191875633568905, 0.0037050973923909263, -0.0025592871881904133], [0.001478781982521762, -0.0025592871881904133, 0.00271612006657979]], "chi2_level": 0.997, "chi2_df": 3, "chi2_threshold": 13.931422665512084, "N_raw": 67, "N_roi": 67, "N_inlier": 66, "refit": true}
{"timestamp": "13:56:05.969943", "frame": 57, "mu": [-0.19593221698573685, 0.9242432728740035, 1.2236736480720218], "Sigma": [[0.004757495989650144, -0.0030018598815214643, 0.025296805420599044], [-0.0030018598815214643, 0.005333812712793315, -0.025838622473416874], [0.025296805420599044, -0.025838622473416874, 0.32540985612654516]], "chi2_level": 0.997, "chi2_df": 3, "chi2_threshold": 13.931422665512084, "N_raw": 75, "N_roi": 75, "N_inlier": 74, "refit": true}
{"timestamp": "13:56:06.029872", "frame": 58, "mu": [-0.162175877920281, 0.8847585432009026, 1.3474549723164857], "Sigma": [[0.004515614499233153, 0.00012268817819285053, 0.006121389070570182], [0.00012268817819285072, 0.0021344199288480994, -0.0025985530708428767], [0.006121389070570182, -0.0025985530708428767, 0.03727023124099493]], "chi2_level": 0.997, "chi2_df": 3, "chi2_threshold": 13.931422665512084, "N_raw": 103, "N_roi": 103, "N_inlier": 98, "refit": true}
{"timestamp": "13:56:06.082456", "frame": 59, "mu": [-0.10324307703987863, 0.9132332086295922, 1.418203610765465], "Sigma": [[0.003287907191664251, -0.0011513361843486706, 0.0018097207283200455], [-0.0011513361843486706, 0.0022042191684178342, -0.003043015115944391], [0.0018097207283200455, -0.003043015115944391, 0.008316538504146312]], "chi2_level": 0.997, "chi2_df": 3, "chi2_threshold": 13.931422665512084, "N_raw": 82, "N_roi": 82, "N_inlier": 76, "refit": true}
{"timestamp": "13:56:06.138067", "frame": 60, "mu": [-0.02715412233246854, 0.8752845467912933, 1.3374924173336007], "Sigma": [[0.002958147839056075, -8.622069389792523e-05, 0.0037822191325507233], [-8.622069389792523e-05, 0.0021425325688538403, -0.0015182866382183972], [0.0037822191325507237, -0.0015182866382183972, 0.017623916991345315]], "chi2_level": 0.997, "chi2_df": 3, "chi2_threshold": 13.931422665512084, "N_raw": 86, "N_roi": 86, "N_inlier": 82, "refit": true}
{"timestamp": "13:56:06.192059", "frame": 61, "mu": [-0.0007572244377828633, 0.8156061423985571, 1.2991853490911915], "Sigma": [[0.0025632524798656995, 0.0004641753748774554, 0.003099549072730614], [0.0004641753748774554, 0.0030868495857149974, -0.0016798398542965988], [0.0030995490727306133, -0.0016798398542965988, 0.010234424827026927]], "chi2_level": 0.997, "chi2_df": 3, "chi2_threshold": 13.931422665512084, "N_raw": 79, "N_roi": 79, "N_inlier": 75, "refit": true}
{"timestamp": "13:56:06.243112", "frame": 62, "mu": [0.054697751953991694, 0.9510633649157869, -0.5619498021219249], "Sigma": [[0.0019031764297483026, -0.000539261426409452, -0.0008839681548310885], [-0.000539261426409452, 0.006731754892918137, 0.0006903813568376722], [-0.0008839681548310885, 0.0006903813568376722, 0.0008502310170485852]], "chi2_level": 0.997, "chi2_df": 3, "chi2_threshold": 13.931422665512084, "N_raw": 55, "N_roi": 55, "N_inlier": 53, "refit": true}
{"timestamp": "13:56:06.292070", "frame": 63, "mu": [0.15588232283649112, 0.8322764287247639, 1.364554592214705], "Sigma": [[0.001175230469689983, -0.0006515155312473997, 0.0026994257693162714], [-0.0006515155312473997, 0.0011715782299520805, -0.0017385624030463909], [0.0026994257693162714, -0.001738562403046391, 0.019499142325694243]], "chi2_level": 0.997, "chi2_df": 3, "chi2_threshold": 13.931422665512084, "N_raw": 19, "N_roi": 19, "N_inlier": 17, "refit": true}
{"timestamp": "13:56:06.353025", "frame": 64, "mu": [0.24422633449566722, 0.906557265338032, -0.5253260620206651], "Sigma": [[0.001882343202414008, 0.0028915530239600864, 0.0026082530030984118], [0.0028915530239600864, 0.006266902690518445, 0.004764936484346566], [0.0026082530030984118, 0.004764936484346567, 0.02511601390618507]], "chi2_level": 0.997, "chi2_df": 3, "chi2_threshold": 13.931422665512084, "N_raw": 60, "N_roi": 60, "N_inlier": 60, "refit": true}
{"timestamp": "13:56:06.406993", "frame": 65, "mu": [0.2307779118405313, 0.8365449480296104, 1.4123298710152146], "Sigma": [[0.0019784875001824854, -0.0001525323729351999, -0.00022890036498717954], [-0.00015253237293519996, 0.0016040759499662692, -0.002344545905744475], [-0.0002289003649871793, -0.0023445459057444755, 0.008922674961808163]], "chi2_level": 0.997, "chi2_df": 3, "chi2_threshold": 13.931422665512084, "N_raw": 52, "N_roi": 52, "N_inlier": 51, "refit": true}
{"timestamp": "13:56:06.466469", "frame": 66, "mu": [0.3180754129071642, 0.8063133415741321, 1.2590478463882389], "Sigma": [[0.003978584045234644, 0.0007472834237929977, 0.007773054622358367], [0.0007472834237929977, 0.0025402591056079703, 0.0070338901743772385], [0.007773054622358367, 0.0070338901743772385, 0.06906994870673822]], "chi2_level": 0.997, "chi2_df": 3, "chi2_threshold": 13.931422665512084, "N_raw": 89, "N_roi": 89, "N_inlier": 84, "refit": true}
{"timestamp": "13:56:06.515403", "frame": 67, "mu": [0.358479804147943, 0.7767019656179054, 1.0971211777781043], "Sigma": [[0.0016965263600146531, -0.00031674161161394427, 0.004734997619963303], [-0.0003167416116139443, 0.00371811541793311, -0.0023929311034691005], [0.004734997619963304, -0.0023929311034691005, 0.040331446847871086]], "chi2_level": 0.997, "chi2_df": 3, "chi2_threshold": 13.931422665512084, "N_raw": 39, "N_roi": 39, "N_inlier": 38, "refit": true}
{"timestamp": "13:56:06.570513", "frame": 68, "mu": [0.4141532884609794, 0.7491205370772313, 1.2272342173788608], "Sigma": [[0.00152232416758784, -0.000493364142299981, 6.450540734157827e-05], [-0.0004933641422999811, 0.006779292359616068, -0.010218724459253998], [6.450540734157831e-05, -0.010218724459253998, 0.027851952698722395]], "chi2_level": 0.997, "chi2_df": 3, "chi2_threshold": 13.931422665512084, "N_raw": 42, "N_roi": 42, "N_inlier": 39, "refit": true}
{"timestamp": "13:56:06.620706", "frame": 69, "mu": [0.5709775639445329, 0.7240680932283211, 0.9327917588339714], "Sigma": [[0.012495404567191318, -0.010382072109260447, -0.0652329523746532], [-0.010382072109260444, 0.020304509384502328, 0.06168932843842707], [-0.0652329523746532, 0.06168932843842706, 0.3845974446922111]], "chi2_level": 0.997, "chi2_df": 3, "chi2_threshold": 13.931422665512084, "N_raw": 9, "N_roi": 9, "N_inlier": 9, "refit": true}
{"timestamp": "13:56:06.673703", "frame": 70, "mu": [0.5022342269284276, 0.9028042939750819, 1.3954519906276377], "Sigma": [[0.0008872806926559166, -0.0010120903615520903, 0.0015971291318719143], [-0.0010120903615520906, 0.006964256225449783, -0.010762902633282377], [0.0015971291318719143, -0.010762902633282377, 0.01845456556086328]], "chi2_level": 0.997, "chi2_df": 3, "chi2_threshold": 13.931422665512084, "N_raw": 7, "N_roi": 7, "N_inlier": 7, "refit": true}
{"timestamp": "13:56:06.730787", "frame": 71, "mu": [0.6034638619273129, 0.8923145288132714, 1.2697839421578727], "Sigma": [[0.0009825772147035983, -0.000225668142109464, 0.00011216243941943247], [-0.00022566814210946398, 0.011746147325846666, 0.0018599952641787298], [0.0001121624394194326, 0.0018599952641787298, 0.021137777198051586]], "chi2_level": 0.997, "chi2_df": 3, "chi2_threshold": 13.931422665512084, "N_raw": 16, "N_roi": 16, "N_inlier": 16, "refit": true}
{"timestamp": "13:56:06.789606", "frame": 72, "mu": [0.655186152288839, 0.8022421041864353, 1.3238935841360355], "Sigma": [[0.0021882605538394865, 0.000778173632796156, -0.0008679599501543398], [0.000778173632796156, 0.0030920923638680766, -0.0022655604332687137], [-0.0008679599501543398, -0.0022655604332687137, 0.009332093896068375]], "chi2_level": 0.997, "chi2_df": 3, "chi2_threshold": 13.931422665512084, "N_raw": 39, "N_roi": 39, "N_inlier": 37, "refit": true}
{"timestamp": "13:56:06.847983", "frame": 73, "mu": [0.6622869592690066, 0.8085053866796416, 0.9715209606450661], "Sigma": [[0.0029383508659831838, -0.0011908299308871538, 0.007426987378740919], [-0.0011908299308871536, 0.008533471833730434, -0.026447076822111885], [0.0074269873787409174, -0.026447076822111885, 0.19574644686711143]], "chi2_level": 0.997, "chi2_df": 3, "chi2_threshold": 13.931422665512084, "N_raw": 59, "N_roi": 59, "N_inlier": 58, "refit": true}
{"timestamp": "13:56:06.903675", "frame": 74, "mu": [0.7295359355674776, 0.8359441134145117, 1.0606080704953122], "Sigma": [[0.002620938548935611, -0.0013422100317054305, -1.588066933658368e-05], [-0.0013422100317054305, 0.006088003962950232, -0.005074661369337518], [-1.5880669336583138e-05, -0.005074661369337519, 0.16241491524778515]], "chi2_level": 0.997, "chi2_df": 3, "chi2_threshold": 13.931422665512084, "N_raw": 68, "N_roi": 66, "N_inlier": 66, "refit": true}
{"timestamp": "13:56:06.957156", "frame": 75, "mu": [0.8015525317508294, 0.7943382420604079, 1.31357983632134], "Sigma": [[0.003510286928482146, 0.0005333999810729552, -0.0007717337393370312], [0.0005333999810729552, 0.0030652036870114914, -0.0021004887735212143], [-0.0007717337393370314, -0.0021004887735212143, 0.02904245071269785]], "chi2_level": 0.997, "chi2_df": 3, "chi2_threshold": 13.931422665512084, "N_raw": 52, "N_roi": 52, "N_inlier": 51, "refit": true}
{"timestamp": "13:56:07.006985", "frame": 76, "mu": [0.8451849472304839, 0.7426929735148537, 1.2862038059656862], "Sigma": [[0.0009730181050178487, 0.0008358289181271191, -0.001217516512164899], [0.0008358289181271189, 0.006181873279288731, -0.0036086738211012085], [-0.001217516512164899, -0.0036086738211012085, 0.013274239723293538]], "chi2_level": 0.997, "chi2_df": 3, "chi2_threshold": 13.931422665512084, "N_raw": 15, "N_roi": 15, "N_inlier": 15, "refit": true}
{"timestamp": "13:56:07.062921", "frame": 77, "mu": [0.8994889924756932, 1.0298313159653132, -0.7263173234809972], "Sigma": [[0.0018779542196593264, -0.0008768720236205748, -0.0013794561310202292], [-0.0008768720236205748, 0.007365321237203143, -0.006165334563914411], [-0.0013794561310202292, -0.0061653345639144114, 0.017835334833884345]], "chi2_level": 0.997, "chi2_df": 3, "chi2_threshold": 13.931422665512084, "N_raw": 24, "N_roi": 24, "N_inlier": 24, "refit": true}
{"timestamp": "13:56:07.115605", "frame": 78, "mu": [1.0101939253792969, 0.7575180224469471, 1.0084443184135556], "Sigma": [[0.006571105209459071, -0.0005440686897967759, -0.03517900338953245], [-0.0005440686897967759, 0.012079299157979924, 0.003308191564377954], [-0.03517900338953245, 0.0033081915643779543, 0.20731486944188351]], "chi2_level": 0.997, "chi2_df": 3, "chi2_threshold": 13.931422665512084, "N_raw": 8, "N_roi": 8, "N_inlier": 8, "refit": true}
{"timestamp": "13:56:07.224790", "frame": 80, "mu": [1.0828479036723533, 0.8763116949558958, 1.199816902547945], "Sigma": [[0.015120727476687646, -0.01024870311672768, -0.04694912389870248], [-0.010248703116727681, 0.010231183629709768, 0.033068616279265266], [-0.04694912389870248, 0.033068616279265266, 0.16316875741736575]], "chi2_level": 0.997, "chi2_df": 3, "chi2_threshold": 13.931422665512084, "N_raw": 7, "N_roi": 7, "N_inlier": 7, "refit": true}
{"timestamp": "13:56:07.336622", "frame": 82, "mu": [1.220291180628777, 0.740869198253082, 1.3469113836506752], "Sigma": [[0.0027137706239110013, -0.0009391810311299388, -0.0016721833248032258], [-0.0009391810311299388, 0.004462376336073299, -0.00036946374378440526], [-0.0016721833248032258, -0.00036946374378440526, 0.002087675291077736]], "chi2_level": 0.997, "chi2_df": 3, "chi2_threshold": 13.931422665512084, "N_raw": 22, "N_roi": 22, "N_inlier": 21, "refit": true}
{"timestamp": "13:56:07.390156", "frame": 83, "mu": [1.259738156276874, 0.7584143006204447, 1.0620078801765227], "Sigma": [[0.005761411276066685, -0.008097987427766502, 0.022963282792741346], [-0.008097987427766504, 0.032542310556498574, -0.04834558390327913], [0.022963282792741346, -0.04834558390327913, 0.11309012951092189]], "chi2_level": 0.997, "chi2_df": 3, "chi2_threshold": 13.931422665512084, "N_raw": 8, "N_roi": 8, "N_inlier": 8, "refit": true}
{"timestamp": "13:56:07.445677", "frame": 84, "mu": [1.289733266868404, 0.9383667837325799, 1.0745140084379248], "Sigma": [[0.0019177744841222145, 0.0012973360832950033, -0.011611482433474414], [0.0012973360832950033, 0.0019391102233219943, -0.011498370405674793], [-0.011611482433474414, -0.011498370405674793, 0.1829942900856125]], "chi2_level": 0.997, "chi2_df": 3, "chi2_threshold": 13.931422665512084, "N_raw": 9, "N_roi": 9, "N_inlier": 9, "refit": true}
{"timestamp": "13:56:07.500912", "frame": 85, "mu": [1.4146223797996733, 0.8290492324740882, 0.9796324085920818], "Sigma": [[0.003654366895839381, 0.0015437421055948053, -0.006360372524825266], [0.0015437421055948053, 0.015977993627782894, -0.035777251033113716], [-0.006360372524825265, -0.035777251033113716, 0.22440873863230226]], "chi2_level": 0.997, "chi2_df": 3, "chi2_threshold": 13.931422665512084, "N_raw": 10, "N_roi": 10, "N_inlier": 10, "refit": true}
{"timestamp": "13:56:07.557800", "frame": 86, "mu": [1.4155061768814257, 0.7944459083318044, 1.2624315291934547], "Sigma": [[0.004043720766923699, -0.00039634389757119885, -0.007439816139881674], [-0.00039634389757119875, 0.012887583072408596, -0.027518044395955402], [-0.007439816139881676, -0.027518044395955406, 0.08564082152202715]], "chi2_level": 0.997, "chi2_df": 3, "chi2_threshold": 13.931422665512084, "N_raw": 23, "N_roi": 23, "N_inlier": 23, "refit": true}
{"timestamp": "13:56:07.831349", "frame": 91, "mu": [1.6344588269562725, 0.8747997548253253, 1.4676424402888895], "Sigma": [[0.0034220100416321913, -0.0018220386808847897, 0.0008349289211842023], [-0.0018220386808847897, 0.005444472456934557, -0.00036039248806924205], [0.0008349289211842023, -0.000360392488069242, 0.0003920031806197376]], "chi2_level": 0.997, "chi2_df": 3, "chi2_threshold": 13.931422665512084, "N_raw": 18, "N_roi": 18, "N_inlier": 17, "refit": true}
