{"timestamp": "14:26:19.773418", "frame": 7, "mu": [2.3484939776799707, 4.799637385259143, 0.18292057575533846], "Sigma": [[0.010278738371567389, -0.002337423184603114, 0.00013141550083936972], [-0.0023374231846031135, 0.004072505801952466, 0.0025652827264820246], [0.00013141550083936972, 0.002565282726482025, 0.0038900314263996226]], "chi2_level": 0.997, "chi2_df": 3, "chi2_threshold": 13.931422665512084, "N_raw": 17, "N_roi": 10, "N_inlier": 10, "refit": true}
{"timestamp": "14:26:19.940080", "frame": 10, "mu": [2.2386409948270485, 4.798228251190078, 0.6167651179987058], "Sigma": [[0.018415602125255427, -0.010129272729842417, -0.004100614554805969], [-0.010129272729842417, 0.008835553801170995, 0.0021904330608627006], [-0.004100614554805969, 0.0021904330608627006, 0.002530448215453382]], "chi2_level": 0.997, "chi2_df": 3, "chi2_threshold": 13.931422665512084, "N_raw": 28, "N_roi": 23, "N_inlier": 21, "refit": true}
{"timestamp": "14:26:20.050539", "frame": 12, "mu": [2.208160956684283, 4.680063763098075, 0.4831068238384378], "Sigma": [[0.010313125587322189, -0.0042337608667442125, -0.00014634994441996442], [-0.004233760866744213, 0.00366524106787728, -0.00237327509498476], [-0.00014634994441996448, -0.00237327509498476, 0.005924441379245402]], "chi2_level": 0.997, "chi2_df": 3, "chi2_threshold": 13.931422665512084, "N_raw": 20, "N_roi": 18, "N_inlier": 17, "refit": true}
{"timestamp": "14:26:20.105108", "frame": 13, "mu": [2.1167446734463837, 4.6758111403700955, 0.6747954176130153], "Sigma": [[0.014768653973205394, -0.0025165086620028017, 0.0010633680394830712], [-0.0025165086620028013, 0.010331622668568468, -0.0034349934986153056], [0.0010633680394830714, -0.0034349934986153056, 0.0017702229280167462]], "chi2_level": 0.997, "chi2_df": 3, "chi2_threshold": 13.931422665512084, "N_raw": 13, "N_roi": 10, "N_inlier": 10, "refit": true}
{"timestamp": "14:26:20.162240", "frame": 14, "mu": [2.154470610993194, 4.570499532994592, 0.6755627196210374], "Sigma": [[0.020304408586762836, -0.010991743178191076, -0.006278503463248042], [-0.010991743178191076, 0.008187148092557234, 0.00022742559494003085], [-0.006278503463248042, 0.00022742559494003095, 0.017033873408690066]], "chi2_level": 0.997, "chi2_df": 3, "chi2_threshold": 13.931422665512084, "N_raw": 30, "N_roi": 28, "N_inlier": 27, "refit": true}
{"timestamp": "14:26:20.269834", "frame": 16, "mu": [1.7375604670229405, 4.2557771604333565, 0.7141287187670081], "Sigma": [[0.1912856691704965, 0.48871161447287237, -0.1360421504304724], [0.48871161447287237, 1.3267697668137237, -0.3352961735771053], [-0.13604215043047244, -0.3352961735771053, 0.11228634708912369]], "chi2_level": 0.997, "chi2_df": 3, "chi2_threshold": 13.931422665512084, "N_raw": 14, "N_roi": 10, "N_inlier": 10, "refit": true}
{"timestamp": "14:26:20.330446", "frame": 17, "mu": [1.9257031637991717, 4.391636683763162, 0.339743281032177], "Sigma": [[0.03360131699722724, -0.015420587711589762, -0.0027573820885589007], [-0.015420587711589759, 0.008416924588527334, 0.00994825584719063], [-0.002757382088558899, 0.00994825584719063, 0.09143585655566228]], "chi2_level": 0.997, "chi2_df": 3, "chi2_threshold": 13.931422665512084, "N_raw": 54, "N_roi": 53, "N_inlier": 52, "refit": true}
{"timestamp": "14:26:20.382621", "frame": 18, "mu": [1.8223086746062944, 4.344752705576935, 0.18407222779414248], "Sigma": [[0.020168186017254647, -0.008707010554240554, -0.0019269807533318479], [-0.008707010554240554, 0.005441152516085576, 0.0030208288994440355], [-0.0019269807533318477, 0.0030208288994440355, 0.05515361501398793]], "chi2_level": 0.997, "chi2_df": 3, "chi2_threshold": 13.931422665512084, "N_raw": 30, "N_roi": 29, "N_inlier": 29, "refit": true}
{"timestamp": "14:26:20.442329", "frame": 19, "mu": [1.9109108980686516, 4.515423219423523, -0.3953758730744365], "Sigma": [[0.0291072421094277, -0.011328618052835355, 0.00400475957730408], [-0.011328618052835355, 0.010371824859095432, -0.02148939045038125], [0.004004759577304078, -0.02148939045038125, 0.0872917943909142]], "chi2_level": 0.997, "chi2_df": 3, "chi2_threshold": 13.931422665512084, "N_raw": 64, "N_roi": 61, "N_inlier": 61, "refit": true}
{"timestamp": "14:26:20.548070", "frame": 21, "mu": [1.8095873694418094, 4.186091204503944, 0.7107864296388341], "Sigma": [[0.01819033421463223, -0.008935696429922691, -0.0046134896741830056], [-0.008935696429922691, 0.005850886608881973, -0.0004015320141208046], [-0.0046134896741830056, -0.0004015320141208044, 0.011538216990621271]], "chi2_level": 0.997, "chi2_df": 3, "chi2_threshold": 13.931422665512084, "N_raw": 35, "N_roi": 34, "N_inlier": 34, "refit": true}
{"timestamp": "14:26:20.605433", "frame": 22, "mu": [1.8180505095466124, 4.134328304743344, 0.6983046945419659], "Sigma": [[0.027751169103392, -0.014568042106493786, -0.01793816909187742], [-0.014568042106493786, 0.008860330374905686, 0.005288968943360803], [-0.01793816909187742, 0.005288968943360803, 0.041736808814216896]], "chi2_level": 0.997, "chi2_df": 3, "chi2_threshold": 13.931422665512084, "N_raw": 51, "N_roi": 51, "N_inlier": 51, "refit": true}
{"timestamp": "14:26:20.656741", "frame": 23, "mu": [1.8110928155746706, 4.034275286903388, 0.6220635422672269], "Sigma": [[0.013045226063919028, -0.007467150507207039, -0.013360542308089847], [-0.007467150507207039, 0.004937854334737508, 0.007494853199944148], [-0.013360542308089847, 0.007494853199944148, 0.03847079492636967]], "chi2_level": 0.997, "chi2_df": 3, "chi2_threshold": 13.931422665512084, "N_raw": 23, "N_roi": 21, "N_inlier": 20, "refit": true}
{"timestamp": "14:26:20.713843", "frame": 24, "mu": [1.6571804078546792, 4.034778723447929, 0.6862247639649015], "Sigma": [[0.017521058282690356, -0.014756418405229135, -0.024408203313445027], [-0.014756418405229135, 0.014793629265583417, 0.016899074442694482], [-0.024408203313445023, 0.016899074442694485, 0.05184558218018036]], "chi2_level": 0.997, "chi2_df": 3, "chi2_threshold": 13.931422665512084, "N_raw": 39, "N_roi": 35, "N_inlier": 34, "refit": true}
{"timestamp": "14:26:20.768937", "frame": 25, "mu": [1.6121084250975397, 4.186543382502819, -0.17907688568904398], "Sigma": [[0.025482458703206725, -0.007996891314280791, -0.01039195292923133], [-0.007996891314280791, 0.006792221757259391, 0.0026129842144132906], [-0.01039195292923133, 0.0026129842144132906, 0.006338150475314964]], "chi2_level": 0.997, "chi2_df": 3, "chi2_threshold": 13.931422665512084, "N_raw": 41, "N_roi": 41, "N_inlier": 40, "refit": true}
{"timestamp": "14:26:20.823570", "frame": 26, "mu": [1.550777188807167, 3.9023878460654866, 0.5575687739609448], "Sigma": [[0.019143315736373408, -0.007350231819237531, -0.003001206382703383], [-0.007350231819237531, 0.007420229131770164, -0.00016686589643778336], [-0.003001206382703383, -0.00016686589643778336, 0.002858180672197354]], "chi2_level": 0.997, "chi2_df": 3, "chi2_threshold": 13.931422665512084, "N_raw": 37, "N_roi": 37, "N_inlier": 36, "refit": true}
{"timestamp": "14:26:20.877006", "frame": 27, "mu": [1.5421407847859798, 3.8263054842585036, 0.5934163594640341], "Sigma": [[0.015003067402753307, -0.0060899135941637275, -0.009203866842310648], [-0.0060899135941637275, 0.0029793458684793826, 0.00412543434182611], [-0.009203866842310646, 0.00412543434182611, 0.04314110650182633]], "chi2_level": 0.997, "chi2_df": 3, "chi2_threshold": 13.931422665512084, "N_raw": 32, "N_roi": 32, "N_inlier": 31, "refit": true}
{"timestamp": "14:26:20.934493", "frame": 28, "mu": [1.508428792869041, 3.7660314187245723, 0.5086116159770055], "Sigma": [[0.018837328275364357, -0.007444099482005157, -0.0012297838292829337], [-0.007444099482005157, 0.0036308916855452063, -0.0015827047757378892], [-0.0012297838292829335, -0.0015827047757378892, 0.025948830777809857]], "chi2_level": 0.997, "chi2_df": 3, "chi2_threshold": 13.931422665512084, "N_raw": 43, "N_roi": 43, "N_inlier": 43, "refit": true}
{"timestamp": "14:26:20.988731", "frame": 29, "mu": [1.4106290730120707, 3.749085573434242, 0.5087897586068464], "Sigma": [[0.01683841403252442, -0.006454945142926323, -0.006881415102629987], [-0.006454945142926323, 0.004559890683878115, 0.00036825135287041485], [-0.006881415102629986, 0.00036825135287041463, 0.01916601856204453]], "chi2_level": 0.997, "chi2_df": 3, "chi2_threshold": 13.931422665512084, "N_raw": 41, "N_roi": 41, "N_inlier": 39, "refit": true}
{"timestamp": "14:26:21.041888", "frame": 30, "mu": [1.4346275743492578, 3.644539377926209, 0.6695189578154181], "Sigma": [[0.020178808131525915, -0.010109181582539688, -0.008906982139415097], [-0.010109181582539688, 0.005614881595129057, 0.0026489692964656074], [-0.008906982139415097, 0.0026489692964656074, 0.022052864266261525]], "chi2_level": 0.997, "chi2_df": 3, "chi2_threshold": 13.931422665512084, "N_raw": 29, "N_roi": 28, "N_inlier": 28, "refit": true}
{"timestamp": "14:26:21.099490", "frame": 31, "mu": [1.3166803477725681, 3.617630582527565, 0.6840891421429852], "Sigma": [[0.023370147537609368, -0.009175717589035784, 0.001477031238273806], [-0.009175717589035785, 0.006156277213634809, -0.004330035774378649], [0.001477031238273806, -0.004330035774378649, 0.011056104862687191]], "chi2_level": 0.997, "chi2_df": 3, "chi2_threshold": 13.931422665512084, "N_raw": 51, "N_roi": 51, "N_inlier": 50, "refit": true}
{"timestamp": "14:26:21.150931", "frame": 32, "mu": [1.2388926690036801, 3.59840086187865, 0.6950336121418651], "Sigma": [[0.014181800170643195, -0.008787268486149335, -0.0032046821475624565], [-0.008787268486149335, 0.007290022498782837, -0.001340165616448675], [-0.0032046821475624565, -0.0013401656164486755, 0.010297649115831106]], "chi2_level": 0.997, "chi2_df": 3, "chi2_threshold": 13.931422665512084, "N_raw": 24, "N_roi": 24, "N_inlier": 23, "refit": true}
{"timestamp": "14:26:21.206148", "frame": 33, "mu": [1.179581814612826, 3.581337656711384, 0.8090186781542614], "Sigma": [[0.012020248582329553, -0.008148885830984758, -0.0037905258889679955], [-0.008148885830984758, 0.009007640364610959, -0.0028987053942137477], [-0.0037905258889679968, -0.0028987053942137477, 0.015094114891453939]], "chi2_level": 0.997, "chi2_df": 3, "chi2_threshold": 13.931422665512084, "N_raw": 29, "N_roi": 27, "N_inlier": 27, "refit": true}
{"timestamp": "14:26:21.268764", "frame": 34, "mu": [1.1592450768661522, 3.4902469325310177, 0.5937529257400972], "Sigma": [[0.030503009456276042, -0.018236784396601893, 0.0029838452652805117], [-0.018236784396601896, 0.013908473132213883, -0.00605450433215976], [0.0029838452652805117, -0.00605450433215976, 0.02569440783317452]], "chi2_level": 0.997, "chi2_df": 3, "chi2_threshold": 13.931422665512084, "N_raw": 78, "N_roi": 75, "N_inlier": 74, "refit": true}
{"timestamp": "14:26:21.320194", "frame": 35, "mu": [1.1460394455929193, 3.3839836360108992, 0.5651217877644616], "Sigma": [[0.021164963707223594, -0.01219990014422761, 0.009328594047734107], [-0.012199900144227609, 0.009597884565453475, -0.007928252301975743], [0.009328594047734107, -0.007928252301975743, 0.021287959091110538]], "chi2_level": 0.997, "chi2_df": 3, "chi2_threshold": 13.931422665512084, "N_raw": 52, "N_roi": 52, "N_inlier": 51, "refit": true}
{"timestamp": "14:26:21.373769", "frame": 36, "mu": [1.0740634946258971, 3.3549506047699222, 0.725233374023424], "Sigma": [[0.017566482561179465, -0.008625343232536744, -0.0004771115521581646], [-0.008625343232536744, 0.008033923927334726, -0.0008465882891506085], [-0.0004771115521581645, -0.0008465882891506086, 0.0014543245082022334]], "chi2_level": 0.997, "chi2_df": 3, "chi2_threshold": 13.931422665512084, "N_raw": 43, "N_roi": 41, "N_inlier": 40, "refit": true}
{"timestamp": "14:26:21.433723", "frame": 37, "mu": [0.9816029660844767, 3.3283682807106674, 0.7542547831764655], "Sigma": [[0.02636000559774917, -0.013892812546257939, 0.011402395346150274], [-0.013892812546257939, 0.010610409377644368, -0.01001264789381543], [0.011402395346150276, -0.01001264789381543, 0.02225125734632013]], "chi2_level": 0.997, "chi2_df": 3, "chi2_threshold": 13.931422665512084, "N_raw": 78, "N_roi": 75, "N_inlier": 73, "refit": true}
{"timestamp": "14:26:21.487559", "frame": 38, "mu": [0.8591797207683273, 3.2698837788834023, 0.40921200679771025], "Sigma": [[0.019773226609788117, -0.005375200009020834, 0.008081847207251643], [-0.005375200009020834, 0.0023580039542201395, -0.005393126477410729], [0.008081847207251643, -0.005393126477410728, 0.018882716843857908]], "chi2_level": 0.997, "chi2_df": 3, "chi2_threshold": 13.931422665512084, "N_raw": 60, "N_roi": 57, "N_inlier": 54, "refit": true}
{"timestamp": "14:26:21.546902", "frame": 39, "mu": [0.7476380338617252, 3.1702727925593046, 0.4916728820398729], "Sigma": [[0.017650142035613818, -0.0013940713200186674, 0.0020702872575380916], [-0.0013940713200186676, 0.00946094396465405, -0.009257631144498853], [0.0020702872575380916, -0.009257631144498853, 0.03922245801304297]], "chi2_level": 0.997, "chi2_df": 3, "chi2_threshold": 13.931422665512084, "N_raw": 92, "N_roi": 90, "N_inlier": 89, "refit": true}
{"timestamp": "14:26:21.598507", "frame": 40, "mu": [0.818680798413917, 3.1471337494176175, 0.8514023163820983], "Sigma": [[0.016854748508757955, -0.0030466503880832068, 0.004413531157305006], [-0.0030466503880832068, 0.004323693029910268, -0.0037198232525249117], [0.004413531157305006, -0.003719823252524912, 0.011858969204852498]], "chi2_level": 0.997, "chi2_df": 3, "chi2_threshold": 13.931422665512084, "N_raw": 65, "N_roi": 59, "N_inlier": 59, "refit": true}
{"timestamp": "14:26:21.655600", "frame": 41, "mu": [0.6865547338266555, 3.1302234229169574, 0.9029017231315897], "Sigma": [[0.01821457537218363, -0.007655598640765662, -0.002714570285900234], [-0.007655598640765661, 0.006679414898709583, -0.005415336213090899], [-0.0027145702859002335, -0.005415336213090899, 0.019453176471812612]], "chi2_level": 0.997, "chi2_df": 3, "chi2_threshold": 13.931422665512084, "N_raw": 81, "N_roi": 81, "N_inlier": 76, "refit": true}
{"timestamp": "14:26:21.712859", "frame": 42, "mu": [0.5831116499002474, 3.326042814657274, -0.25675823812787196], "Sigma": [[0.01951166350849582, -0.004649048368738495, -0.008859690588981218], [-0.004649048368738494, 0.011922749889443337, -0.02093421474837565], [-0.008859690588981218, -0.02093421474837565, 0.06522219235936333]], "chi2_level": 0.997, "chi2_df": 3, "chi2_threshold": 13.931422665512084, "N_raw": 96, "N_roi": 94, "N_inlier": 92, "refit": true}
{"timestamp": "14:26:21.763960", "frame": 43, "mu": [0.6484783031656765, 3.251480662659691, -0.44561184721636754], "Sigma": [[0.013159563603158685, -0.005388732813970635, 0.004486711938252608], [-0.005388732813970635, 0.006384960863807695, -0.009189483505233156], [0.004486711938252608, -0.009189483505233156, 0.01568252852022569]], "chi2_level": 0.997, "chi2_df": 3, "chi2_threshold": 13.931422665512084, "N_raw": 60, "N_roi": 58, "N_inlier": 54, "refit": true}
{"timestamp": "14:26:21.821326", "frame": 44, "mu": [0.5831273226945449, 2.9773972500936976, 0.8401159643173907], "Sigma": [[0.019037463153048564, -0.004065145333676575, -0.012258911041932025], [-0.004065145333676575, 0.004349692156171492, -0.004450587305765733], [-0.012258911041932025, -0.004450587305765733, 0.025970868426674638]], "chi2_level": 0.997, "chi2_df": 3, "chi2_threshold": 13.931422665512084, "N_raw": 92, "N_roi": 91, "N_inlier": 86, "refit": true}
{"timestamp": "14:26:21.881118", "frame": 45, "mu": [0.49418788105849476, 2.941203052225352, 0.7499216952396915], "Sigma": [[0.019105555945097084, -0.00812753036448347, -0.00683584165267139], [-0.008127530364483469, 0.004821975245880989, -0.0022017538700821906], [-0.00683584165267139, -0.002201753870082191, 0.05972786324767452]], "chi2_level": 0.997, "chi2_df": 3, "chi2_threshold": 13.931422665512084, "N_raw": 113, "N_roi": 86, "N_inlier": 82, "refit": true}
{"timestamp": "14:26:21.933331", "frame": 46, "mu": [0.4007910680523006, 2.915760575936232, 0.8412880527045763], "Sigma": [[0.02046399694991699, -0.005477554886405814, -0.0023597338022725914], [-0.005477554886405814, 0.003322900337389422, 0.0006089357734808771], [-0.0023597338022725923, 0.0006089357734808771, 0.06710817273662255]], "chi2_level": 0.997, "chi2_df": 3, "chi2_threshold": 13.931422665512084, "N_raw": 96, "N_roi": 86, "N_inlier": 85, "refit": true}
{"timestamp": "14:26:21.987811", "frame": 47, "mu": [0.37188251418603924, 2.8546502787186014, 0.9501432733253865], "Sigma": [[0.019535440056750685, -0.00605469908446208, -0.014593163779395645], [-0.00605469908446208, 0.004690576675705352, 0.005235624949930196], [-0.014593163779395645, 0.005235624949930195, 0.11603780227771185]], "chi2_level": 0.997, "chi2_df": 3, "chi2_threshold": 13.931422665512084, "N_raw": 99, "N_roi": 98, "N_inlier": 96, "refit": true}
{"timestamp": "14:26:22.041654", "frame": 48, "mu": [0.3505160538764305, 2.9819602404298924, -0.40583657911660126], "Sigma": [[0.019253536690373017, 0.0003032447024344585, -0.02169924857326549], [0.0003032447024344585, 0.017607932913644025, -0.030940919856127763], [-0.02169924857326549, -0.030940919856127763, 0.09341571716456024]], "chi2_level": 0.997, "chi2_df": 3, "chi2_threshold": 13.931422665512084, "N_raw": 90, "N_roi": 90, "N_inlier": 89, "refit": true}
{"timestamp": "14:26:22.094538", "frame": 49, "mu": [0.3529306063240241, 2.7093481487307782, 0.8825048306326222], "Sigma": [[0.013329327204416435, -0.0027264231278970597, -0.01537840808560905], [-0.0027264231278970592, 0.008731618555069742, -0.02255974264555238], [-0.015378408085609052, -0.02255974264555238, 0.12958932101332374]], "chi2_level": 0.997, "chi2_df": 3, "chi2_threshold": 13.931422665512084, "N_raw": 73, "N_roi": 73, "N_inlier": 71, "refit": true}
{"timestamp": "14:26:22.153262", "frame": 50, "mu": [0.29245793601180736, 2.8177324120219165, -0.44844427687161614], "Sigma": [[0.01665012671825982, -0.0028070896103066763, -0.012295010203752305], [-0.0028070896103066763, 0.008698823565233544, -0.008408749367720113], [-0.012295010203752305, -0.008408749367720113, 0.02737807149676634]], "chi2_level": 0.997, "chi2_df": 3, "chi2_threshold": 13.931422665512084, "N_raw": 101, "N_roi": 97, "N_inlier": 93, "refit": true}
{"timestamp": "14:26:22.204014", "frame": 51, "mu": [0.1721978871260249, 2.5499415851562244, 0.9595484215771835], "Sigma": [[0.02649621564494338, -0.012193869074285515, -0.012746762285847375], [-0.012193869074285515, 0.007202715411607473, 0.0022890167056407755], [-0.012746762285847375, 0.0022890167056407768, 0.03417315475816461]], "chi2_level": 0.997, "chi2_df": 3, "chi2_threshold": 13.931422665512084, "N_raw": 66, "N_roi": 66, "N_inlier": 62, "refit": true}
{"timestamp": "14:26:22.259152", "frame": 52, "mu": [0.09117884578340175, 2.545884290689621, 1.03186789360692], "Sigma": [[0.011964450521561087, -0.0035940676842081457, -0.005470530967519649], [-0.003594067684208146, 0.0036457298941326897, -0.004255223026388319], [-0.005470530967519649, -0.004255223026388319, 0.018951663843544495]], "chi2_level": 0.997, "chi2_df": 3, "chi2_threshold": 13.931422665512084, "N_raw": 76, "N_roi": 71, "N_inlier": 67, "refit": true}
{"timestamp": "14:26:22.312200", "frame": 53, "mu": [0.08678146996267783, 2.4829529925292486, 1.155879531098433], "Sigma": [[0.01088716072594041, -0.0030126255090409753, -0.0070020139043129375], [-0.0030126255090409757, 0.004478001737075661, 0.0015378797908157603], [-0.007002013904312937, 0.0015378797908157603, 0.02954751683515281]], "chi2_level": 0.997, "chi2_df": 3, "chi2_threshold": 13.931422665512084, "N_raw": 62, "N_roi": 62, "N_inlier": 58, "refit": true}
{"timestamp": "14:26:22.366440", "frame": 54, "mu": [0.08711576695051133, 2.39739900920497, 0.9581704524580689], "Sigma": [[0.00922960991206342, -0.004421989956801539, -0.006187897344950769], [-0.004421989956801539, 0.00384392115346803, -0.00019189195285600126], [-0.006187897344950769, -0.00019189195285600132, 0.013828326586902152]], "chi2_level": 0.997, "chi2_df": 3, "chi2_threshold": 13.931422665512084, "N_raw": 57, "N_roi": 57, "N_inlier": 53, "refit": true}
{"timestamp": "14:26:22.425679", "frame": 55, "mu": [0.020978083407929712, 2.3085362508838365, 0.9820409936962416], "Sigma": [[0.014702021071573102, -0.011142106313544804, -0.017076553725495047], [-0.011142106313544804, 0.013570861771634473, 0.010167319643255813], [-0.017076553725495047, 0.010167319643255813, 0.02339186805450514]], "chi2_level": 0.997, "chi2_df": 3, "chi2_threshold": 13.931422665512084, "N_raw": 85, "N_roi": 85, "N_inlier": 80, "refit": true}
{"timestamp": "14:26:22.486007", "frame": 56, "mu": [-0.06277191891425654, 2.40288221393392, -0.7036088866046554], "Sigma": [[0.017572085295389624, -0.0024210817366532127, 0.02208101675940795], [-0.0024210817366532127, 0.028258004841696126, -0.0029905835945745743], [0.02208101675940795, -0.0029905835945745734, 0.26375710427878196]], "chi2_level": 0.997, "chi2_df": 3, "chi2_threshold": 13.931422665512084, "N_raw": 118, "N_roi": 118, "N_inlier": 116, "refit": true}
{"timestamp": "14:26:22.537729", "frame": 57, "mu": [-0.1094103734643757, 2.06437817281332, 0.7671456117772149], "Sigma": [[0.012020809819943122, 0.010635185441682191, 0.01068099464502648], [0.010635185441682191, 0.03178165872587835, 0.02033103248737119], [0.01068099464502648, 0.020331032487371194, 0.16434728291153614]], "chi2_level": 0.997, "chi2_df": 3, "chi2_threshold": 13.931422665512084, "N_raw": 94, "N_roi": 94, "N_inlier": 93, "refit": true}
{"timestamp": "14:26:22.591821", "frame": 58, "mu": [-0.22922842091656712, 2.061788384820037, 0.9424211625530174], "Sigma": [[0.012807915681331161, 0.011681817355771222, -0.002975740269411783], [0.011681817355771222, 0.04840033601848297, 0.032446746883436975], [-0.0029757402694117834, 0.032446746883436975, 0.0464033390868029]], "chi2_level": 0.997, "chi2_df": 3, "chi2_threshold": 13.931422665512084, "N_raw": 93, "N_roi": 92, "N_inlier": 89, "refit": true}
{"timestamp": "14:26:22.646184", "frame": 59, "mu": [-0.29705630935214067, 2.131755079948196, 0.7589827193001942], "Sigma": [[0.025762185366899084, 0.02043616520794566, -0.07982411522844692], [0.02043616520794566, 0.04181616276488583, -0.0682023059631015], [-0.07982411522844692, -0.0682023059631015, 0.3857760371219308]], "chi2_level": 0.997, "chi2_df": 3, "chi2_threshold": 13.931422665512084, "N_raw": 85, "N_roi": 84, "N_inlier": 82, "refit": true}
{"timestamp": "14:26:22.700710", "frame": 60, "mu": [-0.36861511090044885, 2.111334840978769, 1.1606574612914269], "Sigma": [[0.013145491939820434, -0.0011167470856718893, -0.014996991327466283], [-0.001116747085671889, 0.009202083564104976, -0.0014519292876405156], [-0.014996991327466283, -0.0014519292876405165, 0.03598695413739035]], "chi2_level": 0.997, "chi2_df": 3, "chi2_threshold": 13.931422665512084, "N_raw": 82, "N_roi": 80, "N_inlier": 74, "refit": true}
{"timestamp": "14:26:22.753430", "frame": 61, "mu": [-0.46054655693568625, 2.1752131553243808, -0.25989962843920544], "Sigma": [[0.009990042056626866, 0.0022828435696565083, -0.013867832177571206], [0.0022828435696565083, 0.00941118005970069, -0.02118824244414952], [-0.013867832177571206, -0.02118824244414952, 0.08107756876692043]], "chi2_level": 0.997, "chi2_df": 3, "chi2_threshold": 13.931422665512084, "N_raw": 63, "N_roi": 63, "N_inlier": 59, "refit": true}
{"timestamp": "14:26:22.881562", "frame": 62, "mu": [-0.5229967246313805, 2.121316815219799, -0.1960141986198527], "Sigma": [[0.014331324813903345, -0.000704748224559968, -0.012604356976972117], [-0.0007047482245599679, 0.0060039685076034586, -0.0022700778834934725], [-0.012604356976972117, -0.002270077883493472, 0.01302457192283094]], "chi2_level": 0.997, "chi2_df": 3, "chi2_threshold": 13.931422665512084, "N_raw": 91, "N_roi": 91, "N_inlier": 85, "refit": true}
{"timestamp": "14:26:22.895654", "frame": 63, "mu": [-0.5220379582652326, 1.9406092296314217, 1.2050236849531317], "Sigma": [[0.013360860477419254, -0.0025751821324746247, -0.038989333980552], [-0.0025751821324746247, 0.003924307864325429, -0.0011013075766804722], [-0.038989333980552, -0.0011013075766804718, 0.17552471042260445]], "chi2_level": 0.997, "chi2_df": 3, "chi2_threshold": 13.931422665512084, "N_raw": 60, "N_roi": 60, "N_inlier": 58, "refit": true}
{"timestamp": "14:26:22.940592", "frame": 64, "mu": [-0.587339472834993, 1.8973623459500897, 1.1936080230906951], "Sigma": [[0.01007637922884105, -0.0020956249647676355, -0.016528526307377667], [-0.0020956249647676355, 0.002989424709987836, -0.002057170648460673], [-0.016528526307377667, -0.002057170648460673, 0.08744237090209042]], "chi2_level": 0.997, "chi2_df": 3, "chi2_threshold": 13.931422665512084, "N_raw": 72, "N_roi": 72, "N_inlier": 70, "refit": true}
{"timestamp": "14:26:22.973477", "frame": 65, "mu": [-0.6150349856631707, 1.8195782181767899, 0.8276677468951972], "Sigma": [[0.0056071017783007986, -0.0027983784992980892, -0.013117339454133702], [-0.0027983784992980892, 0.006013499955605256, 0.028131233014630205], [-0.013117339454133703, 0.028131233014630202, 0.2924096161428418]], "chi2_level": 0.997, "chi2_df": 3, "chi2_threshold": 13.931422665512084, "N_raw": 41, "N_roi": 41, "N_inlier": 40, "refit": true}
{"timestamp": "14:26:23.029168", "frame": 66, "mu": [-0.7213437800833129, 1.8325773708113802, 0.7254108821804105], "Sigma": [[0.04546610647341775, -0.006548257037527625, -0.01348913827316722], [-0.006548257037527626, 0.004616493111146738, 0.0034535006131922274], [-0.01348913827316722, 0.0034535006131922274, 0.15562088052576825]], "chi2_level": 0.997, "chi2_df": 3, "chi2_threshold": 13.931422665512084, "N_raw": 75, "N_roi": 73, "N_inlier": 72, "refit": true}
{"timestamp": "14:26:23.082079", "frame": 67, "mu": [-0.6991249741911925, 1.7466989020954755, 0.8694658115223722], "Sigma": [[0.055103276342791566, -2.4246616403136986e-05, 0.0011866271294901118], [-2.4246616403136986e-05, 0.0015682592907530141, -0.0033690579955510808], [0.0011866271294901118, -0.0033690579955510816, 0.05487220239877877]], "chi2_level": 0.997, "chi2_df": 3, "chi2_threshold": 13.931422665512084, "N_raw": 58, "N_roi": 57, "N_inlier": 55, "refit": true}
{"timestamp": "14:26:23.141062", "frame": 68, "mu": [-0.8618506400543722, 1.6933142063357023, 1.1288108555901595], "Sigma": [[0.0625987600805171, 0.001321813534715212, 0.010531410025013097], [0.001321813534715212, 0.002151112620074532, -0.004890512703737883], [0.010531410025013097, -0.004890512703737882, 0.04050764064432166]], "chi2_level": 0.997, "chi2_df": 3, "chi2_threshold": 13.931422665512084, "N_raw": 89, "N_roi": 89, "N_inlier": 85, "refit": true}
{"timestamp": "14:26:23.191161", "frame": 69, "mu": [-1.040557611926103, 1.6011352382538788, 1.242972193567548], "Sigma": [[0.04421561409733024, 0.0026163072055440436, 0.03897997012355632], [0.0026163072055440436, 0.001914034389407846, -0.0010271663939597857], [0.03897997012355632, -0.0010271663939597857, 0.04934955363350592]], "chi2_level": 0.997, "chi2_df": 3, "chi2_threshold": 13.931422665512084, "N_raw": 46, "N_roi": 46, "N_inlier": 46, "refit": true}
{"timestamp": "14:26:23.247014", "frame": 70, "mu": [-1.0358786332375243, 1.526270835218042, 1.0671193674495574], "Sigma": [[0.0446684621176942, -0.0037463260524112202, 0.012465879890730079], [-0.0037463260524112207, 0.005417058014556843, 0.02390744891510756], [0.012465879890730079, 0.023907448915107557, 0.23342989981140463]], "chi2_level": 0.997, "chi2_df": 3, "chi2_threshold": 13.931422665512084, "N_raw": 61, "N_roi": 61, "N_inlier": 60, "refit": true}
{"timestamp": "14:26:23.294970", "frame": 71, "mu": [-0.9936608020009845, 1.5246587793590578, 0.9099145433970681], "Sigma": [[0.061535817832791, 0.024824606341583295, -0.06634639132567878], [0.024824606341583295, 0.01753337318715182, -0.06656558733223596], [-0.06634639132567878, -0.06656558733223596, 0.3296713762205913]], "chi2_level": 0.997, "chi2_df": 3, "chi2_threshold": 13.931422665512084, "N_raw": 12, "N_roi": 12, "N_inlier": 12, "refit": true}
{"timestamp": "14:26:23.354145", "frame": 72, "mu": [-1.0474177028258211, 1.362427224977852, 1.3603609278010524], "Sigma": [[0.04291881424339687, 0.017310542401471778, -0.04540585116882463], [0.01731054240147178, 0.012064332910945245, -0.023866382983708308], [-0.04540585116882464, -0.02386638298370831, 0.10427388989183173]], "chi2_level": 0.997, "chi2_df": 3, "chi2_threshold": 13.931422665512084, "N_raw": 41, "N_roi": 41, "N_inlier": 39, "refit": true}
{"timestamp": "14:26:23.410385", "frame": 73, "mu": [-1.0199528039519223, 1.3434948461332914, 1.3598727768049426], "Sigma": [[0.007560834153554088, -0.0032269775556071356, -0.007410583835945796], [-0.0032269775556071356, 0.005002174957128238, 0.002537013628629432], [-0.007410583835945795, 0.002537013628629432, 0.008577441358320946]], "chi2_level": 0.997, "chi2_df": 3, "chi2_threshold": 13.931422665512084, "N_raw": 50, "N_roi": 50, "N_inlier": 46, "refit": true}
{"timestamp": "14:26:23.466422", "frame": 74, "mu": [-1.1512685236610734, 1.2197713670825818, 1.391970967487836], "Sigma": [[0.030119217535258917, 0.005661939770262903, -0.030185434727102292], [0.005661939770262903, 0.012085257130204948, -0.003928398135642094], [-0.030185434727102292, -0.0039283981356420935, 0.03205984294766123]], "chi2_level": 0.997, "chi2_df": 3, "chi2_threshold": 13.931422665512084, "N_raw": 61, "N_roi": 61, "N_inlier": 60, "refit": true}
{"timestamp": "14:26:23.522421", "frame": 75, "mu": [-1.2774838603695375, 1.1037186103333838, 1.4366971725920887], "Sigma": [[0.03125897813300989, 0.012315581062962874, -0.023933739321581292], [0.012315581062962874, 0.0095803190281316, -0.012729866582757626], [-0.023933739321581292, -0.012729866582757626, 0.022613987389954588]], "chi2_level": 0.997, "chi2_df": 3, "chi2_threshold": 13.931422665512084, "N_raw": 63, "N_roi": 63, "N_inlier": 59, "refit": true}
{"timestamp": "14:26:23.579416", "frame": 76, "mu": [-1.2843890096110904, 1.0544373558536768, 1.425617921253157], "Sigma": [[0.013987018107246679, 0.006920955293323268, -0.010453034780292598], [0.006920955293323268, 0.01192020122918659, -0.0059345131627238515], [-0.010453034780292598, -0.005934513162723852, 0.008647606451765774]], "chi2_level": 0.997, "chi2_df": 3, "chi2_threshold": 13.931422665512084, "N_raw": 81, "N_roi": 81, "N_inlier": 77, "refit": true}
{"timestamp": "14:26:23.638369", "frame": 77, "mu": [-1.311736905420757, 1.0085933943857492, 1.4164171946848947], "Sigma": [[0.017335683820661196, 0.002767680195819109, -0.013256584202434338], [0.002767680195819109, 0.010808111623677617, -0.0036734402410636873], [-0.013256584202434337, -0.003673440241063687, 0.011367972021890299]], "chi2_level": 0.997, "chi2_df": 3, "chi2_threshold": 13.931422665512084, "N_raw": 98, "N_roi": 98, "N_inlier": 97, "refit": true}
{"timestamp": "14:26:23.688238", "frame": 78, "mu": [-1.4250837414448845, 0.9609613283533789, 1.4222813371371876], "Sigma": [[0.007445108764171058, 0.0055942228071689465, -0.0035758799482855873], [0.005594222807168946, 0.0077095230558972315, -0.006935890969333914], [-0.0035758799482855878, -0.006935890969333914, 0.022855635278198963]], "chi2_level": 0.997, "chi2_df": 3, "chi2_threshold": 13.931422665512084, "N_raw": 62, "N_roi": 62, "N_inlier": 59, "refit": true}
{"timestamp": "14:26:23.741889", "frame": 79, "mu": [-1.4889554908669278, 0.9030464341166227, 1.352837405623612], "Sigma": [[0.01826961884773622, 0.010920772102878323, -0.03418530477212697], [0.010920772102878321, 0.013523369771013203, -0.03395616749894604], [-0.03418530477212697, -0.03395616749894604, 0.10599414239022562]], "chi2_level": 0.997, "chi2_df": 3, "chi2_threshold": 13.931422665512084, "N_raw": 57, "N_roi": 57, "N_inlier": 56, "refit": true}
{"timestamp": "14:26:23.801217", "frame": 80, "mu": [-1.4735585165218101, 0.8454196564848746, 1.236576573966788], "Sigma": [[0.006715446842132297, 0.003488167540967823, -0.003640516448588962], [0.003488167540967823, 0.011811418819338919, -0.012971496103024184], [-0.003640516448588962, -0.012971496103024182, 0.017307113430980223]], "chi2_level": 0.997, "chi2_df": 3, "chi2_threshold": 13.931422665512084, "N_raw": 85, "N_roi": 85, "N_inlier": 81, "refit": true}
{"timestamp": "14:26:23.852113", "frame": 81, "mu": [-1.564589018746532, 0.8021764982131266, 1.2924061832336269], "Sigma": [[0.006770257006440177, 0.0016280387295893415, -0.001780695335734639], [0.0016280387295893415, 0.008671844995104759, -0.005640398218893479], [-0.001780695335734639, -0.005640398218893479, 0.01010490974128406]], "chi2_level": 0.997, "chi2_df": 3, "chi2_threshold": 13.931422665512084, "N_raw": 60, "N_roi": 60, "N_inlier": 58, "refit": true}
{"timestamp": "14:26:23.904117", "frame": 82, "mu": [-1.581441317737775, 0.7355667079053265, 1.2697022543906222], "Sigma": [[0.006762286995873561, 0.001127722184419859, 0.0018123284549017848], [0.0011277221844198592, 0.005051408306720273, -0.002033620815795132], [0.0018123284549017846, -0.0020336208157951314, 0.008435997932598851]], "chi2_level": 0.997, "chi2_df": 3, "chi2_threshold": 13.931422665512084, "N_raw": 44, "N_roi": 44, "N_inlier": 42, "refit": true}
{"timestamp": "14:26:23.960817", "frame": 83, "mu": [-1.6542741533067868, 0.6352686261580829, 1.1832204125936372], "Sigma": [[0.005789968907800388, 0.006812710568503752, 0.00263361680684245], [0.006812710568503752, 0.010186920308398602, 0.0015454055007450263], [0.0026336168068424497, 0.0015454055007450263, 0.02817721543367473]], "chi2_level": 0.997, "chi2_df": 3, "chi2_threshold": 13.931422665512084, "N_raw": 58, "N_roi": 58, "N_inlier": 56, "refit": true}
{"timestamp": "14:26:24.014710", "frame": 84, "mu": [-1.6388773821832208, 0.6456843519815509, 1.1630031011583422], "Sigma": [[0.005888443617399227, 0.005698566301801103, 0.0048996425949029065], [0.005698566301801103, 0.00911430588579528, 0.0027832200221913767], [0.0048996425949029065, 0.0027832200221913767, 0.018594267133557683]], "chi2_level": 0.997, "chi2_df": 3, "chi2_threshold": 13.931422665512084, "N_raw": 48, "N_roi": 48, "N_inlier": 46, "refit": true}
{"timestamp": "14:26:24.069376", "frame": 85, "mu": [-1.6146956633393945, 0.6004813236522843, 1.2427454767620227], "Sigma": [[0.005269636651378124, 0.001100363486026868, -0.0003605992699456215], [0.001100363486026868, 0.011770687757465587, -0.005761789480839636], [-0.0003605992699456215, -0.005761789480839636, 0.004046359490695663]], "chi2_level": 0.997, "chi2_df": 3, "chi2_threshold": 13.931422665512084, "N_raw": 47, "N_roi": 47, "N_inlier": 45, "refit": true}
{"timestamp": "14:26:24.125856", "frame": 86, "mu": [-1.688041253122185, 0.5952934286103372, 1.2350833456214114], "Sigma": [[0.009103917236808912, 0.0029122358833339477, -0.0014268353255171926], [0.0029122358833339472, 0.00809163208868785, -0.005757650850103506], [-0.0014268353255171926, -0.005757650850103506, 0.008643118792687423]], "chi2_level": 0.997, "chi2_df": 3, "chi2_threshold": 13.931422665512084, "N_raw": 57, "N_roi": 57, "N_inlier": 55, "refit": true}
{"timestamp": "14:26:24.179095", "frame": 87, "mu": [-0.7192211461262337, 0.5091367894946168, 0.9934232245446579], "Sigma": [[2.6448012247461206, -0.1241629963192015, -0.5068765203811378], [-0.12416299631920151, 0.014071628484809178, 0.024372837206410425], [-0.5068765203811378, 0.024372837206410425, 0.1810723026253438]], "chi2_level": 0.997, "chi2_df": 3, "chi2_threshold": 13.931422665512084, "N_raw": 44, "N_roi": 44, "N_inlier": 43, "refit": true}
{"timestamp": "14:26:24.232565", "frame": 88, "mu": [-0.11341049274157357, 0.5284694495529334, 0.5439223293840397], "Sigma": [[3.9680925504483655, -0.10789718031038043, -0.4980606952122264], [-0.10789718031038043, 0.019022171034032205, 0.023956470664255325], [-0.4980606952122264, 0.023956470664255314, 0.19477735878849597]], "chi2_level": 0.997, "chi2_df": 3, "chi2_threshold": 13.931422665512084, "N_raw": 28, "N_roi": 28, "N_inlier": 28, "refit": true}
{"timestamp": "14:26:24.397240", "frame": 91, "mu": [0.30757813754965413, 0.3923466736494707, 0.8716437016585032], "Sigma": [[3.006130366300283, 0.07504121976387208, -0.01832384654359982], [0.0750412197638721, 0.007891844907211306, 0.0015173525969835449], [-0.018323846543599812, 0.0015173525969835449, 0.028770515487951634]], "chi2_level": 0.997, "chi2_df": 3, "chi2_threshold": 13.931422665512084, "N_raw": 32, "N_roi": 32, "N_inlier": 31, "refit": true}
{"timestamp": "14:26:24.449358", "frame": 92, "mu": [0.38634242791513584, 0.37937645473267173, 0.5526543290210626], "Sigma": [[3.7822267972603694, 0.16919346746550443, -0.08173150375473484], [0.16919346746550443, 0.01613533963934286, -0.02348589660696515], [-0.08173150375473483, -0.02348589660696515, 0.1913816026258427]], "chi2_level": 0.997, "chi2_df": 3, "chi2_threshold": 13.931422665512084, "N_raw": 11, "N_roi": 11, "N_inlier": 11, "refit": true}
{"timestamp": "14:26:24.504209", "frame": 93, "mu": [1.6515351930931244, 0.48884522880037584, 0.356331032277826], "Sigma": [[1.3219368926120307, 0.08472679410897685, -0.045530986152350794], [0.08472679410897685, 0.01209517401730873, -0.00515515625327732], [-0.04553098615235079, -0.00515515625327732, 0.007933096963690878]], "chi2_level": 0.997, "chi2_df": 3, "chi2_threshold": 13.931422665512084, "N_raw": 9, "N_roi": 9, "N_inlier": 9, "refit": true}
