{"timestamp": "13:57:11.176740", "frame": 13, "mu": [-2.3352693534213858, 3.835119525031174, 1.0188021829099017], "Sigma": [[0.011954136379031229, 0.004300043066018085, -0.001375535746508284], [0.004300043066018085, 0.0031250761355803994, -0.004573844440794094], [-0.0013755357465082836, -0.004573844440794094, 0.013420415153236326]], "chi2_level": 0.997, "chi2_df": 3, "chi2_threshold": 13.931422665512084, "N_raw": 27, "N_roi": 22, "N_inlier": 22, "refit": true}
{"timestamp": "13:57:11.233679", "frame": 14, "mu": [-2.3645273376240663, 3.803664502483872, 1.075243293129571], "Sigma": [[0.007735612686338972, 0.003998162361017662, -0.004385114716821828], [0.003998162361017663, 0.0035035943815988173, -0.003356100302261154], [-0.004385114716821828, -0.003356100302261154, 0.005382132040366284]], "chi2_level": 0.997, "chi2_df": 3, "chi2_threshold": 13.931422665512084, "N_raw": 29, "N_roi": 15, "N_inlier": 14, "refit": true}
{"timestamp": "13:57:11.291494", "frame": 15, "mu": [-2.375199187357272, 3.781428818904082, 0.7935282327574981], "Sigma": [[0.005953278857570259, 0.004197112510529358, -0.008410282138605361], [0.004197112510529358, 0.007773943413661391, -0.01626738669894142], [-0.008410282138605361, -0.01626738669894142, 0.04981727370446401]], "chi2_level": 0.997, "chi2_df": 3, "chi2_threshold": 13.931422665512084, "N_raw": 47, "N_roi": 29, "N_inlier": 29, "refit": true}
{"timestamp": "13:57:11.343170", "frame": 16, "mu": [-2.33593286438149, 3.7215434003418717, 1.1197539872259505], "Sigma": [[0.01147178661178618, 0.005803288555836748, -0.0008672426080734608], [0.005803288555836748, 0.004518141837893897, -0.005322502163584682], [-0.0008672426080734606, -0.005322502163584682, 0.03758756982891234]], "chi2_level": 0.997, "chi2_df": 3, "chi2_threshold": 13.931422665512084, "N_raw": 29, "N_roi": 28, "N_inlier": 27, "refit": true}
{"timestamp": "13:57:11.402663", "frame": 17, "mu": [-2.328360019183592, 3.662209310389867, 1.0397492740679128], "Sigma": [[0.012236782397501766, 0.005541385594716236, -5.240369819800323e-06], [0.005541385594716235, 0.004764514387342833, -0.006869982913349076], [-5.240369819800323e-06, -0.006869982913349075, 0.026497463327413193]], "chi2_level": 0.997, "chi2_df": 3, "chi2_threshold": 13.931422665512084, "N_raw": 52, "N_roi": 36, "N_inlier": 35, "refit": true}
{"timestamp": "13:57:11.456629", "frame": 18, "mu": [-2.338866942563432, 3.62847674768965, 0.9275111534803244], "Sigma": [[0.010755405366685851, 0.0049402846286901465, -0.004226287390619371], [0.0049402846286901465, 0.006893563422933273, -0.0074204524090810565], [-0.004226287390619371, -0.007420452409081057, 0.010813532476905635]], "chi2_level": 0.997, "chi2_df": 3, "chi2_threshold": 13.931422665512084, "N_raw": 48, "N_roi": 33, "N_inlier": 33, "refit": true}
{"timestamp": "13:57:11.511166", "frame": 19, "mu": [-2.259124844051895, 3.6303128866324803, 1.005457674556497], "Sigma": [[0.020629722640178535, 0.013098699992029169, -0.024271375800748493], [0.013098699992029169, 0.012388426705919003, -0.022808060727723956], [-0.024271375800748493, -0.022808060727723956, 0.04887631234804598]], "chi2_level": 0.997, "chi2_df": 3, "chi2_threshold": 13.931422665512084, "N_raw": 51, "N_roi": 37, "N_inlier": 37, "refit": true}
{"timestamp": "13:57:11.567608", "frame": 20, "mu": [-2.216346598793525, 3.625400129814505, 0.8130570984091309], "Sigma": [[0.020002210136602003, 0.013234927453019164, -0.018775625421048422], [0.013234927453019164, 0.013270786809824369, -0.0183106859015038], [-0.018775625421048422, -0.0183106859015038, 0.030186612553175247]], "chi2_level": 0.997, "chi2_df": 3, "chi2_threshold": 13.931422665512084, "N_raw": 53, "N_roi": 48, "N_inlier": 48, "refit": true}
{"timestamp": "13:57:11.618290", "frame": 21, "mu": [-2.09040451381501, 3.6934579284243703, 0.688354085942805], "Sigma": [[0.019772535384490968, 0.011001020651921507, -0.01617346417968609], [0.011001020651921508, 0.014333561701287993, -0.007745920609829749], [-0.01617346417968609, -0.007745920609829749, 0.014524842475469398]], "chi2_level": 0.997, "chi2_df": 3, "chi2_threshold": 13.931422665512084, "N_raw": 18, "N_roi": 18, "N_inlier": 18, "refit": true}
{"timestamp": "13:57:11.672377", "frame": 22, "mu": [-2.285659577540461, 3.4513050441566877, 0.9299969892026286], "Sigma": [[0.014339534106435846, 0.010336452115619999, -0.011662548289745844], [0.010336452115619997, 0.01251653779660077, -0.010354526630183611], [-0.011662548289745845, -0.010354526630183613, 0.01210351302536389]], "chi2_level": 0.997, "chi2_df": 3, "chi2_threshold": 13.931422665512084, "N_raw": 20, "N_roi": 19, "N_inlier": 19, "refit": true}
{"timestamp": "13:57:11.726733", "frame": 23, "mu": [-2.1463589611035863, 3.596273164206917, 0.8146726037126365], "Sigma": [[0.004384709553431136, 0.0045158968304031604, -0.002916896161553642], [0.0045158968304031604, 0.011267387871433351, -0.00375773197362736], [-0.002916896161553642, -0.00375773197362736, 0.002979196168131592]], "chi2_level": 0.997, "chi2_df": 3, "chi2_threshold": 13.931422665512084, "N_raw": 13, "N_roi": 13, "N_inlier": 13, "refit": true}
{"timestamp": "13:57:11.783049", "frame": 24, "mu": [-2.106027391539043, 3.518819210718292, 0.7313363264090147], "Sigma": [[0.011532272679568268, 0.004410613513876423, -0.0142300944704739], [0.004410613513876423, 0.00739444698011743, -0.005802544228187675], [-0.0142300944704739, -0.005802544228187675, 0.028271602516330003]], "chi2_level": 0.997, "chi2_df": 3, "chi2_threshold": 13.931422665512084, "N_raw": 18, "N_roi": 18, "N_inlier": 18, "refit": true}
{"timestamp": "13:57:11.839576", "frame": 25, "mu": [-2.179411668279065, 3.386381181432271, 0.9382746776859945], "Sigma": [[0.0195136320743576, 0.010761977452980156, -0.022563769278515923], [0.010761977452980156, 0.009869917957092945, -0.015034185316536138], [-0.022563769278515923, -0.015034185316536138, 0.02995386771515625]], "chi2_level": 0.997, "chi2_df": 3, "chi2_threshold": 13.931422665512084, "N_raw": 34, "N_roi": 33, "N_inlier": 32, "refit": true}
{"timestamp": "13:57:11.899577", "frame": 26, "mu": [-2.040924068234356, 3.435744790662765, 0.7369368584298431], "Sigma": [[0.018950896437913287, 0.007280567405303747, -0.03381693095031314], [0.007280567405303747, 0.005279810100570552, -0.02167108918938221], [-0.03381693095031314, -0.02167108918938221, 0.10419271657964614]], "chi2_level": 0.997, "chi2_df": 3, "chi2_threshold": 13.931422665512084, "N_raw": 65, "N_roi": 62, "N_inlier": 61, "refit": true}
{"timestamp": "13:57:12.005183", "frame": 28, "mu": [-2.0562588409266036, 3.2978382307529044, 1.1619436826827234], "Sigma": [[0.023171912524935084, 0.006989528093975508, -0.01836324937493679], [0.006989528093975508, 0.003919711706707667, -0.010083077082225778], [-0.01836324937493679, -0.010083077082225778, 0.031423747756653346]], "chi2_level": 0.997, "chi2_df": 3, "chi2_threshold": 13.931422665512084, "N_raw": 41, "N_roi": 41, "N_inlier": 41, "refit": true}
{"timestamp": "13:57:12.059277", "frame": 29, "mu": [-1.9551367389302654, 3.4520231674172908, -0.17873413512228353], "Sigma": [[0.016517391142505784, 0.007132706340681543, -0.009137143748586495], [0.007132706340681543, 0.006741687221837306, -0.009845850369017976], [-0.009137143748586497, -0.009845850369017976, 0.016070927203121376]], "chi2_level": 0.997, "chi2_df": 3, "chi2_threshold": 13.931422665512084, "N_raw": 35, "N_roi": 34, "N_inlier": 34, "refit": true}
{"timestamp": "13:57:12.113140", "frame": 30, "mu": [-2.0135441727459105, 3.220686603194715, 1.1112011383183404], "Sigma": [[0.012397231846495138, 0.004272491960706703, -0.007850948043430376], [0.004272491960706703, 0.0019733661853381305, -0.005325109956176901], [-0.007850948043430374, -0.005325109956176901, 0.035603052417695305]], "chi2_level": 0.997, "chi2_df": 3, "chi2_threshold": 13.931422665512084, "N_raw": 29, "N_roi": 29, "N_inlier": 29, "refit": true}
{"timestamp": "13:57:12.168680", "frame": 31, "mu": [-2.020160785478837, 3.190472320039454, 1.006098541039083], "Sigma": [[0.010205480225310079, 0.00501676806119849, -0.00882056647607939], [0.00501676806119849, 0.0038153209589116876, -0.009431122460435133], [-0.00882056647607939, -0.009431122460435133, 0.057144055789178735]], "chi2_level": 0.997, "chi2_df": 3, "chi2_threshold": 13.931422665512084, "N_raw": 23, "N_roi": 23, "N_inlier": 21, "refit": true}
{"timestamp": "13:57:12.226103", "frame": 32, "mu": [-1.81488001544615, 3.210204121106915, 1.1361139101150979], "Sigma": [[0.02400539355966207, 0.007655276412725966, -0.021023155635214577], [0.0076552764127259644, 0.004105129147513139, -0.010468316550252993], [-0.021023155635214577, -0.010468316550252994, 0.034957268600004324]], "chi2_level": 0.997, "chi2_df": 3, "chi2_threshold": 13.931422665512084, "N_raw": 45, "N_roi": 45, "N_inlier": 44, "refit": true}
{"timestamp": "13:57:12.277631", "frame": 33, "mu": [-1.8237571396776162, 3.1551055181509753, 1.0883032388340272], "Sigma": [[0.018894512326460368, 0.009429140665940219, -0.027143405116805894], [0.009429140665940219, 0.005604805868958907, -0.016309647351630516], [-0.027143405116805897, -0.016309647351630516, 0.05536210491457105]], "chi2_level": 0.997, "chi2_df": 3, "chi2_threshold": 13.931422665512084, "N_raw": 19, "N_roi": 19, "N_inlier": 19, "refit": true}
{"timestamp": "13:57:12.386132", "frame": 35, "mu": [-1.7893299283624817, 3.078394853060011, 1.0953918609014792], "Sigma": [[0.004320045966671102, 0.001944025362784831, -0.0015469130371984002], [0.001944025362784831, 0.003941348250868434, -0.012240016830037398], [-0.0015469130371984002, -0.0122400168300374, 0.04834424281036939]], "chi2_level": 0.997, "chi2_df": 3, "chi2_threshold": 13.931422665512084, "N_raw": 13, "N_roi": 12, "N_inlier": 12, "refit": true}
{"timestamp": "13:57:12.451965", "frame": 36, "mu": [-1.651614137460231, 3.090775019345356, 0.8590412988374831], "Sigma": [[0.023340588665895272, 0.008717033585523478, -0.019293148900260015], [0.008717033585523476, 0.007092164632871587, -0.01651740804176221], [-0.019293148900260015, -0.01651740804176221, 0.047830723615520016]], "chi2_level": 0.997, "chi2_df": 3, "chi2_threshold": 13.931422665512084, "N_raw": 84, "N_roi": 83, "N_inlier": 82, "refit": true}
{"timestamp": "13:57:12.505963", "frame": 37, "mu": [-1.5947805632275691, 3.0639883857071886, 0.8021858542181395], "Sigma": [[0.023597944498920314, 0.0077393228261060844, -0.016999351950834386], [0.007739322826106083, 0.004436372186741334, -0.012461821181940936], [-0.016999351950834386, -0.012461821181940936, 0.04344427576897683]], "chi2_level": 0.997, "chi2_df": 3, "chi2_threshold": 13.931422665512084, "N_raw": 75, "N_roi": 74, "N_inlier": 74, "refit": true}
{"timestamp": "13:57:12.557765", "frame": 38, "mu": [-1.5460769692797212, 3.0071808481898805, 0.5583031229432697], "Sigma": [[0.017241580038392754, 0.006342233064222988, -0.004164585611976683], [0.006342233064222988, 0.007109996969293028, -0.004052123336050723], [-0.004164585611976683, -0.004052123336050723, 0.006075320015943981]], "chi2_level": 0.997, "chi2_df": 3, "chi2_threshold": 13.931422665512084, "N_raw": 52, "N_roi": 52, "N_inlier": 51, "refit": true}
{"timestamp": "13:57:12.610298", "frame": 39, "mu": [-1.6034560727652407, 2.9659384475010047, 0.934199710725404], "Sigma": [[0.014652387608379116, 0.004462108244182849, -0.015069665726941258], [0.004462108244182849, 0.0044852954876626145, -0.005974111261319113], [-0.015069665726941258, -0.005974111261319111, 0.01731836447582169]], "chi2_level": 0.997, "chi2_df": 3, "chi2_threshold": 13.931422665512084, "N_raw": 39, "N_roi": 38, "N_inlier": 36, "refit": true}
{"timestamp": "13:57:12.666355", "frame": 40, "mu": [-1.4206478616149858, 2.971317099506609, 0.8259677877548619], "Sigma": [[0.026328432146817217, 0.01663456191406744, -0.012676636816902115], [0.016634561914067442, 0.013880336659650066, -0.009768602592572947], [-0.012676636816902115, -0.009768602592572947, 0.00819718603600065]], "chi2_level": 0.997, "chi2_df": 3, "chi2_threshold": 13.931422665512084, "N_raw": 49, "N_roi": 49, "N_inlier": 48, "refit": true}
{"timestamp": "13:57:12.719831", "frame": 41, "mu": [-1.4355020841731372, 2.8985111674358985, 0.7779793382774568], "Sigma": [[0.009893399531297956, 0.001004241215945954, -0.007851480876965536], [0.0010042412159459537, 0.0054541722387354465, -0.0011491745850200105], [-0.007851480876965536, -0.0011491745850200105, 0.00702756722060263]], "chi2_level": 0.997, "chi2_df": 3, "chi2_threshold": 13.931422665512084, "N_raw": 31, "N_roi": 31, "N_inlier": 31, "refit": true}
{"timestamp": "13:57:12.778262", "frame": 42, "mu": [-1.4602564687431412, 2.810407435590063, 0.7793060089856216], "Sigma": [[0.015544085177185257, 0.00672552445497435, -0.013352900812874354], [0.00672552445497435, 0.006343758324291386, -0.010489856752035044], [-0.013352900812874352, -0.010489856752035044, 0.01964700163910036]], "chi2_level": 0.997, "chi2_df": 3, "chi2_threshold": 13.931422665512084, "N_raw": 59, "N_roi": 55, "N_inlier": 55, "refit": true}
{"timestamp": "13:57:12.832323", "frame": 43, "mu": [-1.2481187095680537, 2.8143041767208303, 0.5314016838011149], "Sigma": [[0.014865621635642664, 0.003533210193112489, -0.016708808751460507], [0.003533210193112489, 0.004618646618819232, -0.009437513201239693], [-0.016708808751460507, -0.009437513201239693, 0.02997720585568301]], "chi2_level": 0.997, "chi2_df": 3, "chi2_threshold": 13.931422665512084, "N_raw": 55, "N_roi": 55, "N_inlier": 53, "refit": true}
{"timestamp": "13:57:12.889224", "frame": 44, "mu": [-1.3548833688601323, 2.718856667469585, 0.9698733053517654], "Sigma": [[0.022108027622026787, 0.0012551194504558483, -0.03974789701975547], [0.0012551194504558483, 0.0022614610140062807, -0.007336932008138497], [-0.03974789701975547, -0.007336932008138497, 0.09360052722985697]], "chi2_level": 0.997, "chi2_df": 3, "chi2_threshold": 13.931422665512084, "N_raw": 66, "N_roi": 66, "N_inlier": 65, "refit": true}
{"timestamp": "13:57:12.946541", "frame": 45, "mu": [-1.3013605062103406, 2.741916389792288, 0.9508027697578589], "Sigma": [[0.023047719541078114, 0.013637561633496557, -0.032351125334258705], [0.013637561633496557, 0.01501437342573109, -0.025986548192031778], [-0.032351125334258705, -0.025986548192031778, 0.0552997586442322]], "chi2_level": 0.997, "chi2_df": 3, "chi2_threshold": 13.931422665512084, "N_raw": 76, "N_roi": 76, "N_inlier": 72, "refit": true}
{"timestamp": "13:57:13.001360", "frame": 46, "mu": [-1.2648326744320415, 2.828041913429266, -0.4541455587532249], "Sigma": [[0.015714490390451023, 0.01304374817367004, 0.004108267294874406], [0.01304374817367004, 0.019794150122364088, 0.0014089126853577356], [0.004108267294874405, 0.0014089126853577359, 0.046852382771442505]], "chi2_level": 0.997, "chi2_df": 3, "chi2_threshold": 13.931422665512084, "N_raw": 73, "N_roi": 73, "N_inlier": 70, "refit": true}
{"timestamp": "13:57:13.057516", "frame": 47, "mu": [-1.1867432452295967, 2.6436302029751717, 0.7913623802664795], "Sigma": [[0.0285385253681228, 0.013796695910332973, -0.03770043753899374], [0.013796695910332973, 0.01177596380099341, -0.024044603953618092], [-0.03770043753899374, -0.024044603953618095, 0.06536694626577963]], "chi2_level": 0.997, "chi2_df": 3, "chi2_threshold": 13.931422665512084, "N_raw": 84, "N_roi": 84, "N_inlier": 81, "refit": true}
{"timestamp": "13:57:13.114498", "frame": 48, "mu": [-1.169032799348336, 2.8248855362956182, -0.46406443952862975], "Sigma": [[0.023006712990529594, 0.017380928743112825, -0.032368532221318816], [0.017380928743112825, 0.023048543840252008, -0.03924719566462889], [-0.032368532221318816, -0.03924719566462889, 0.07041819111885368]], "chi2_level": 0.997, "chi2_df": 3, "chi2_threshold": 13.931422665512084, "N_raw": 99, "N_roi": 99, "N_inlier": 98, "refit": true}
{"timestamp": "13:57:13.167367", "frame": 49, "mu": [-1.1592264335968587, 2.537372737329002, 0.8406377356489281], "Sigma": [[0.01614221061461069, 0.00412653680819146, -0.017854726868182243], [0.004126536808191461, 0.0030479618186261513, -0.010514073915246714], [-0.017854726868182243, -0.010514073915246714, 0.056280207634402085]], "chi2_level": 0.997, "chi2_df": 3, "chi2_threshold": 13.931422665512084, "N_raw": 78, "N_roi": 78, "N_inlier": 74, "refit": true}
{"timestamp": "13:57:13.219783", "frame": 50, "mu": [-1.0414337049240567, 2.4630950322910032, 0.8103342747650071], "Sigma": [[0.013227636711294335, 0.003623364423714035, -0.01985686381082951], [0.0036233644237140357, 0.0026819552720572138, -0.010495192197627783], [-0.01985686381082951, -0.010495192197627783, 0.057228333385324216]], "chi2_level": 0.997, "chi2_df": 3, "chi2_threshold": 13.931422665512084, "N_raw": 68, "N_roi": 68, "N_inlier": 63, "refit": true}
{"timestamp": "13:57:13.275482", "frame": 51, "mu": [-1.037578810273334, 2.46541851176361, 0.8061559914525281], "Sigma": [[0.010878569697751401, 0.0015976995456795263, -0.009310389413690641], [0.0015976995456795258, 0.0041237230139824, -0.010361624248979049], [-0.009310389413690641, -0.010361624248979049, 0.04825238696892434]], "chi2_level": 0.997, "chi2_df": 3, "chi2_threshold": 13.931422665512084, "N_raw": 71, "N_roi": 71, "N_inlier": 68, "refit": true}
{"timestamp": "13:57:13.329720", "frame": 52, "mu": [-1.0383739220600359, 2.436440572279918, 1.0455533791755371], "Sigma": [[0.012299306703250476, 0.001462578643457356, -0.002998763590028146], [0.001462578643457356, 0.004428337795343465, -0.005227896236776222], [-0.002998763590028146, -0.005227896236776223, 0.05565381803415518]], "chi2_level": 0.997, "chi2_df": 3, "chi2_threshold": 13.931422665512084, "N_raw": 59, "N_roi": 59, "N_inlier": 56, "refit": true}
{"timestamp": "13:57:13.391448", "frame": 53, "mu": [-0.9666961106136175, 2.4243908052814334, -0.6434235983150602], "Sigma": [[0.01164273346708126, 1.473848657410835e-05, 0.04943558604532377], [1.473848657410873e-05, 0.01873943736549752, -0.016300373514761674], [0.04943558604532376, -0.016300373514761678, 0.43322231117370386]], "chi2_level": 0.997, "chi2_df": 3, "chi2_threshold": 13.931422665512084, "N_raw": 106, "N_roi": 106, "N_inlier": 106, "refit": true}
{"timestamp": "13:57:13.441925", "frame": 54, "mu": [-1.029457546606657, 2.3618508068972903, 0.9510046816738242], "Sigma": [[0.013632702007821079, 0.004447658639537087, -0.007261149241452921], [0.004447658639537086, 0.002263579947099802, -0.0060745276625733665], [-0.007261149241452921, -0.006074527662573367, 0.03876697248852791]], "chi2_level": 0.997, "chi2_df": 3, "chi2_threshold": 13.931422665512084, "N_raw": 76, "N_roi": 76, "N_inlier": 70, "refit": true}
{"timestamp": "13:57:13.496737", "frame": 55, "mu": [-0.9430983261094738, 2.3005035296092187, 1.0340315634268034], "Sigma": [[0.015186743935993714, -0.0013193031109907036, -0.008485854828369029], [-0.0013193031109907034, 0.0014552890586257618, -0.004205224248001377], [-0.008485854828369029, -0.004205224248001377, 0.057479191349786005]], "chi2_level": 0.997, "chi2_df": 3, "chi2_threshold": 13.931422665512084, "N_raw": 77, "N_roi": 77, "N_inlier": 72, "refit": true}
{"timestamp": "13:57:13.556537", "frame": 56, "mu": [-0.8352626804363191, 2.254124961047737, 0.7805562618026135], "Sigma": [[0.013478931624479685, 0.0010799108107244593, -0.009198065520940293], [0.0010799108107244593, 0.004616867486788395, -0.005290392475794227], [-0.009198065520940293, -0.005290392475794227, 0.06961908423468213]], "chi2_level": 0.997, "chi2_df": 3, "chi2_threshold": 13.931422665512084, "N_raw": 104, "N_roi": 102, "N_inlier": 100, "refit": true}
{"timestamp": "13:57:13.615380", "frame": 57, "mu": [-0.821821388709207, 2.2373587455025117, 0.937957466291418], "Sigma": [[0.022087211397781664, 0.0030849146106588345, -0.002916001923528685], [0.0030849146106588345, 0.0026485517189744575, -0.008755519325931656], [-0.002916001923528685, -0.008755519325931656, 0.05529263307102582]], "chi2_level": 0.997, "chi2_df": 3, "chi2_threshold": 13.931422665512084, "N_raw": 128, "N_roi": 128, "N_inlier": 123, "refit": true}
{"timestamp": "13:57:13.656588", "frame": 58, "mu": [-0.8240171526516589, 2.1678485276479145, 1.069820169554686], "Sigma": [[0.008485468494553663, 0.0011804753339744781, -0.0059484025113945216], [0.0011804753339744783, 0.004858436536319929, -0.012710507733124606], [-0.0059484025113945216, -0.012710507733124602, 0.03889978777006358]], "chi2_level": 0.997, "chi2_df": 3, "chi2_threshold": 13.931422665512084, "N_raw": 36, "N_roi": 36, "N_inlier": 33, "refit": true}
{"timestamp": "13:57:13.714777", "frame": 59, "mu": [-0.6500450206970108, 2.1585945898653773, 0.7345416835805592], "Sigma": [[0.008788949594060054, 0.0031565972124798078, -0.0035764482677499505], [0.0031565972124798086, 0.008966406680967839, -0.0023487537414173115], [-0.00357644826774995, -0.0023487537414173124, 0.09836503335389818]], "chi2_level": 0.997, "chi2_df": 3, "chi2_threshold": 13.931422665512084, "N_raw": 66, "N_roi": 66, "N_inlier": 65, "refit": true}
{"timestamp": "13:57:13.770312", "frame": 60, "mu": [-0.5795595790168935, 2.15081176368539, 1.0179770957386889], "Sigma": [[0.009788074053109662, 0.00450793893903827, -0.018667535419791225], [0.00450793893903827, 0.0061659871833050035, -0.016032208074280976], [-0.018667535419791225, -0.016032208074280976, 0.061178740431562746]], "chi2_level": 0.997, "chi2_df": 3, "chi2_threshold": 13.931422665512084, "N_raw": 69, "N_roi": 69, "N_inlier": 66, "refit": true}
{"timestamp": "13:57:13.828514", "frame": 61, "mu": [-0.5392036364006952, 2.120897645661926, 1.0788471500763683], "Sigma": [[0.017655987977473978, 0.00694427801497764, -0.025791521406211618], [0.006944278014977639, 0.0073527823718372454, -0.017622669960859608], [-0.025791521406211618, -0.017622669960859608, 0.05384069120877552]], "chi2_level": 0.997, "chi2_df": 3, "chi2_threshold": 13.931422665512084, "N_raw": 84, "N_roi": 84, "N_inlier": 80, "refit": true}
{"timestamp": "13:57:13.885155", "frame": 62, "mu": [-0.5236354501505376, 2.0629858177154543, 0.9007411159971522], "Sigma": [[0.015013921549122402, 0.010311883270766924, -0.008304383392145304], [0.010311883270766924, 0.014470923152118, -0.009953857560157178], [-0.008304383392145304, -0.009953857560157178, 0.014175875816844197]], "chi2_level": 0.997, "chi2_df": 3, "chi2_threshold": 13.931422665512084, "N_raw": 102, "N_roi": 102, "N_inlier": 98, "refit": true}
{"timestamp": "13:57:13.939560", "frame": 63, "mu": [-0.5196341611632032, 2.0072607090731323, 1.0277062604278095], "Sigma": [[0.015738569151304893, 0.008643093305286849, -0.0076601219830256945], [0.008643093305286849, 0.010340560773694756, -0.013455148977753066], [-0.0076601219830256945, -0.013455148977753066, 0.09418892302622214]], "chi2_level": 0.997, "chi2_df": 3, "chi2_threshold": 13.931422665512084, "N_raw": 97, "N_roi": 97, "N_inlier": 95, "refit": true}
{"timestamp": "13:57:13.988408", "frame": 64, "mu": [-0.45603127794951576, 1.945104951798754, 1.0606531687433758], "Sigma": [[0.008508486901007641, 0.0028423903419444057, -0.0014766869077025133], [0.0028423903419444057, 0.0025329708972400304, -0.004650740828321969], [-0.0014766869077025135, -0.004650740828321969, 0.0817055500657562]], "chi2_level": 0.997, "chi2_df": 3, "chi2_threshold": 13.931422665512084, "N_raw": 51, "N_roi": 51, "N_inlier": 49, "refit": true}
{"timestamp": "13:57:14.046581", "frame": 65, "mu": [-0.4722175479848666, 1.901793347500804, 1.135100462993845], "Sigma": [[0.008751302642570223, 0.001411000763925282, -0.006859749059636471], [0.001411000763925282, 0.0014882371569465062, -0.005819257932552676], [-0.006859749059636471, -0.005819257932552676, 0.030814384860339154]], "chi2_level": 0.997, "chi2_df": 3, "chi2_threshold": 13.931422665512084, "N_raw": 81, "N_roi": 81, "N_inlier": 77, "refit": true}
{"timestamp": "13:57:14.106948", "frame": 66, "mu": [-0.4115530351613248, 1.8847886798512319, 1.082597659225732], "Sigma": [[0.014388252002344408, 0.0013634951524118687, -0.02644042649467311], [0.0013634951524118687, 0.002480220247523684, -0.008708899284804396], [-0.02644042649467311, -0.008708899284804396, 0.09956181788444346]], "chi2_level": 0.997, "chi2_df": 3, "chi2_threshold": 13.931422665512084, "N_raw": 100, "N_roi": 100, "N_inlier": 95, "refit": true}
{"timestamp": "13:57:14.164578", "frame": 67, "mu": [-0.3432100762362158, 1.8436787671549884, -0.12491057724530404], "Sigma": [[0.015135731040954692, -0.0004732408954917056, 0.06852565167496474], [-0.00047324089549170557, 0.007274765784926966, -0.0038773183966509337], [0.06852565167496474, -0.0038773183966509337, 0.5650593239892058]], "chi2_level": 0.997, "chi2_df": 3, "chi2_threshold": 13.931422665512084, "N_raw": 125, "N_roi": 125, "N_inlier": 124, "refit": true}
{"timestamp": "13:57:14.218945", "frame": 68, "mu": [-0.35599668590455347, 1.7902243383589969, 1.0449638438778026], "Sigma": [[0.010207387954431305, 0.0024184805003231516, -0.00730741649494496], [0.0024184805003231516, 0.00509168681014164, -0.002635139584886244], [-0.007307416494944961, -0.002635139584886244, 0.11549884381732053]], "chi2_level": 0.997, "chi2_df": 3, "chi2_threshold": 13.931422665512084, "N_raw": 120, "N_roi": 118, "N_inlier": 113, "refit": true}
{"timestamp": "13:57:14.275116", "frame": 69, "mu": [-0.29559991465294655, 1.7729071267456324, 1.1607126249473219], "Sigma": [[0.009967008451788406, 0.004936022771048157, -0.0018557959820386834], [0.004936022771048157, 0.0067704379982590525, -0.007036071867935617], [-0.0018557959820386834, -0.007036071867935618, 0.06517296682332702]], "chi2_level": 0.997, "chi2_df": 3, "chi2_threshold": 13.931422665512084, "N_raw": 126, "N_roi": 126, "N_inlier": 120, "refit": true}
{"timestamp": "13:57:14.329987", "frame": 70, "mu": [-0.25173381616109985, 1.710994777260201, 1.029298209215572], "Sigma": [[0.012791457314198671, 0.003418188584896594, -0.008143486640272118], [0.0034181885848965942, 0.006432502903141139, 0.01344966201441889], [-0.00814348664027212, 0.01344966201441889, 0.18290573253233006]], "chi2_level": 0.997, "chi2_df": 3, "chi2_threshold": 13.931422665512084, "N_raw": 129, "N_roi": 129, "N_inlier": 126, "refit": true}
{"timestamp": "13:57:14.375914", "frame": 71, "mu": [-0.2828333335224712, 1.6177815198458114, 1.060046280361466], "Sigma": [[0.01511525206161986, 0.0027061035513527057, 0.028136613408995887], [0.0027061035513527057, 0.003100422782194209, 0.002925787005369896], [0.02813661340899589, 0.002925787005369896, 0.23946609219771745]], "chi2_level": 0.997, "chi2_df": 3, "chi2_threshold": 13.931422665512084, "N_raw": 63, "N_roi": 61, "N_inlier": 59, "refit": true}
{"timestamp": "13:57:14.434306", "frame": 72, "mu": [-0.21491699692793534, 1.803373439014691, -0.2901930447718429], "Sigma": [[0.010620545963141161, -0.008917442801457145, 0.01954979030958618], [-0.008917442801457145, 0.021305462427090943, -0.04715439559852066], [0.01954979030958618, -0.04715439559852066, 0.13108127869123856]], "chi2_level": 0.997, "chi2_df": 3, "chi2_threshold": 13.931422665512084, "N_raw": 96, "N_roi": 93, "N_inlier": 90, "refit": true}
{"timestamp": "13:57:14.490322", "frame": 73, "mu": [-0.10244264751023807, 1.6406657929989823, 1.3545267999205433], "Sigma": [[0.006560805961548324, 5.818889783985314e-05, -0.004727241385383394], [5.818889783985323e-05, 0.005071001119051733, -0.007464930073011805], [-0.004727241385383394, -0.007464930073011805, 0.020048078015274758]], "chi2_level": 0.997, "chi2_df": 3, "chi2_threshold": 13.931422665512084, "N_raw": 103, "N_roi": 103, "N_inlier": 98, "refit": true}
{"timestamp": "13:57:14.545508", "frame": 74, "mu": [-0.07063908740264352, 1.5942738509414078, 1.3603880849937797], "Sigma": [[0.007599554220209046, 0.0001516465042460661, -0.0003365683072942137], [0.00015164650424606614, 0.004001354545899272, -0.005455764694726036], [-0.0003365683072942137, -0.005455764694726036, 0.017059232599910358]], "chi2_level": 0.997, "chi2_df": 3, "chi2_threshold": 13.931422665512084, "N_raw": 104, "N_roi": 104, "N_inlier": 99, "refit": true}
{"timestamp": "13:57:14.602703", "frame": 75, "mu": [-0.0093506671040487, 1.5611541421534791, 1.2130550662642465], "Sigma": [[0.00602696234602578, -0.0015124111810041001, -0.006115377368684519], [-0.0015124111810041001, 0.003287458522993042, -0.0030734095346078606], [-0.006115377368684519, -0.003073409534607861, 0.04257021570035813]], "chi2_level": 0.997, "chi2_df": 3, "chi2_threshold": 13.931422665512084, "N_raw": 112, "N_roi": 112, "N_inlier": 107, "refit": true}
{"timestamp": "13:57:14.658849", "frame": 76, "mu": [-0.025340455775759524, 1.4475919135388995, -0.09972819767139461], "Sigma": [[0.009445560832112827, 0.003957834343004641, 0.09893966602602232], [0.003957834343004641, 0.004825772905823366, 0.051094287366628396], [0.09893966602602232, 0.051094287366628396, 1.4461665178977967]], "chi2_level": 0.997, "chi2_df": 3, "chi2_threshold": 13.931422665512084, "N_raw": 120, "N_roi": 120, "N_inlier": 119, "refit": true}
{"timestamp": "13:57:14.717829", "frame": 77, "mu": [0.002452543975197126, 1.4188428085394875, 0.8840969890904883], "Sigma": [[0.005916353791513555, 0.0017451503042114375, 0.008111837880364946], [0.0017451503042114373, 0.005412442834950567, 0.02105935079126091], [0.008111837880364946, 0.021059350791260905, 0.320765026465695]], "chi2_level": 0.997, "chi2_df": 3, "chi2_threshold": 13.931422665512084, "N_raw": 150, "N_roi": 150, "N_inlier": 148, "refit": true}
{"timestamp": "13:57:14.773178", "frame": 78, "mu": [0.17158232670733198, 1.39153321947152, 1.0376768946143367], "Sigma": [[0.03277744201140911, 0.0018895974854948516, -0.032298075054824335], [0.0018895974854948518, 0.008044758311979797, 0.025384097947918988], [-0.032298075054824335, 0.025384097947918988, 0.26092693600274425]], "chi2_level": 0.997, "chi2_df": 3, "chi2_threshold": 13.931422665512084, "N_raw": 150, "N_roi": 150, "N_inlier": 148, "refit": true}
{"timestamp": "13:57:14.828001", "frame": 79, "mu": [0.18243218047397528, 1.5033289038502045, 0.2756748881642328], "Sigma": [[0.028808669054295827, -0.014854485266743756, 0.09874233849679973], [-0.014854485266743756, 0.03455579051025743, -0.1465789160203206], [0.09874233849679973, -0.1465789160203206, 0.8559702446211258]], "chi2_level": 0.997, "chi2_df": 3, "chi2_threshold": 13.931422665512084, "N_raw": 150, "N_roi": 150, "N_inlier": 148, "refit": true}
{"timestamp": "13:57:14.873465", "frame": 80, "mu": [0.31201371548517925, 1.3486920136563512, 0.7990011424597939], "Sigma": [[0.017728834383750947, 0.0016901583756763656, 0.009888761665223022], [0.0016901583756763656, 0.006922028371228332, 0.02654728398595997], [0.009888761665223022, 0.02654728398595997, 0.14359938705311354]], "chi2_level": 0.997, "chi2_df": 3, "chi2_threshold": 13.931422665512084, "N_raw": 79, "N_roi": 79, "N_inlier": 76, "refit": true}
{"timestamp": "13:57:14.934789", "frame": 81, "mu": [0.22326374189383108, 1.3096667949439667, 1.135002076958897], "Sigma": [[0.02250535688461877, 0.0017743151198532947, -0.013114957325785416], [0.0017743151198532947, 0.004358253354066843, -0.01295244072363606], [-0.013114957325785416, -0.01295244072363606, 0.14738548023923623]], "chi2_level": 0.997, "chi2_df": 3, "chi2_threshold": 13.931422665512084, "N_raw": 126, "N_roi": 126, "N_inlier": 123, "refit": true}
{"timestamp": "13:57:14.992943", "frame": 82, "mu": [0.2742617147953777, 1.2708856571955964, 1.177063307380298], "Sigma": [[0.02102576459536988, 0.004185020082536626, -0.026510729495921526], [0.004185020082536626, 0.006739510723035887, -0.0069066963514895436], [-0.026510729495921526, -0.0069066963514895436, 0.05903325955789626]], "chi2_level": 0.997, "chi2_df": 3, "chi2_threshold": 13.931422665512084, "N_raw": 148, "N_roi": 148, "N_inlier": 142, "refit": true}
{"timestamp": "13:57:15.039115", "frame": 83, "mu": [0.21848968460124593, 1.1446020531560215, 1.13172893405706], "Sigma": [[0.006500796420672885, 0.0003951316654399183, 0.00623258328332487], [0.0003951316654399183, 0.0013267330584274773, -0.00034124456488222746], [0.00623258328332487, -0.0003412445648822273, 0.06962323903274459]], "chi2_level": 0.997, "chi2_df": 3, "chi2_threshold": 13.931422665512084, "N_raw": 82, "N_roi": 82, "N_inlier": 76, "refit": true}
{"timestamp": "13:57:15.094175", "frame": 84, "mu": [0.28620377520530044, 1.1294661017861227, 1.359285105421058], "Sigma": [[0.004667906579123088, 0.00016338065464007153, 0.0017297540643518945], [0.0001633806546400716, 0.0029716734328533896, -0.003468110935072242], [0.0017297540643518943, -0.003468110935072242, 0.013825746021010433]], "chi2_level": 0.997, "chi2_df": 3, "chi2_threshold": 13.931422665512084, "N_raw": 93, "N_roi": 93, "N_inlier": 88, "refit": true}
{"timestamp": "13:57:15.145288", "frame": 85, "mu": [0.29795210839439185, 1.0844412824368959, 1.3725936835874073], "Sigma": [[0.0033141063315185984, -4.808233609536068e-05, 0.002492349947327093], [-4.8082336095360674e-05, 0.0013927379647365329, -0.0029355470834265362], [0.002492349947327093, -0.0029355470834265362, 0.009397022870010862]], "chi2_level": 0.997, "chi2_df": 3, "chi2_threshold": 13.931422665512084, "N_raw": 66, "N_roi": 66, "N_inlier": 61, "refit": true}
{"timestamp": "13:57:15.197989", "frame": 86, "mu": [0.3489126400439235, 1.0269606643176687, 1.4056931757135604], "Sigma": [[0.0019233211914550777, -0.00017038174585119392, -0.0010833946214524764], [-0.00017038174585119398, 0.0024755092042975974, -0.0030700289151272785], [-0.0010833946214524764, -0.0030700289151272785, 0.022973668504207775]], "chi2_level": 0.997, "chi2_df": 3, "chi2_threshold": 13.931422665512084, "N_raw": 53, "N_roi": 53, "N_inlier": 50, "refit": true}
{"timestamp": "13:57:15.255917", "frame": 87, "mu": [0.35983075169936957, 1.0025397847622022, 1.325164726569631], "Sigma": [[0.003248513823552749, 0.002170360229162848, 0.0014651190527077479], [0.002170360229162848, 0.005759756457377463, -0.0003953660180877204], [0.001465119052707748, -0.00039536601808772047, 0.01503478567565149]], "chi2_level": 0.997, "chi2_df": 3, "chi2_threshold": 13.931422665512084, "N_raw": 76, "N_roi": 76, "N_inlier": 74, "refit": true}
{"timestamp": "13:57:15.312821", "frame": 88, "mu": [0.3839552601529188, 1.1259058986081243, -0.25285753092712987], "Sigma": [[0.0034818344737309916, -0.00038999059072360116, 0.009892332704416033], [-0.00038999059072360116, 0.014011656306348342, -0.06031940454517373], [0.009892332704416033, -0.06031940454517373, 0.4563891871499922]], "chi2_level": 0.997, "chi2_df": 3, "chi2_threshold": 13.931422665512084, "N_raw": 80, "N_roi": 80, "N_inlier": 79, "refit": true}
{"timestamp": "13:57:15.365799", "frame": 89, "mu": [0.4060026338969235, 0.9056353934272803, 1.3310585617903552], "Sigma": [[0.0025939960894363857, 0.0012256817702087166, 0.004960406651596996], [0.0012256817702087166, 0.0038978751954858127, 0.002282737510582375], [0.0049604066515969965, 0.002282737510582375, 0.055018996429321405]], "chi2_level": 0.997, "chi2_df": 3, "chi2_threshold": 13.931422665512084, "N_raw": 66, "N_roi": 66, "N_inlier": 63, "refit": true}
{"timestamp": "13:57:15.415668", "frame": 90, "mu": [0.45545824471209617, 0.8749558551099599, 0.9114382081505991], "Sigma": [[0.002664498735639668, 0.0005515709820868845, -0.0006300025154074747], [0.0005515709820868845, 0.0028221807055352132, -0.012639574896280585], [-0.0006300025154074744, -0.012639574896280585, 0.10499317082220505]], "chi2_level": 0.997, "chi2_df": 3, "chi2_threshold": 13.931422665512084, "N_raw": 38, "N_roi": 38, "N_inlier": 37, "refit": true}
{"timestamp": "13:57:15.471712", "frame": 91, "mu": [0.48997091329047826, 0.8411059222704036, 1.3426789975675233], "Sigma": [[0.004034939295831292, 9.931120059638018e-05, 0.008946821820598024], [9.931120059638018e-05, 0.0021328228012482218, -0.0012683319647538935], [0.008946821820598022, -0.0012683319647538935, 0.045117841010649265]], "chi2_level": 0.997, "chi2_df": 3, "chi2_threshold": 13.931422665512084, "N_raw": 48, "N_roi": 48, "N_inlier": 48, "refit": true}
{"timestamp": "13:57:15.521695", "frame": 92, "mu": [0.5488114172336017, 0.8379606218688201, 1.0115039500482625], "Sigma": [[0.005030568258236189, 0.0002924420786178781, 0.031601694374460615], [0.000292442078617878, 0.005107387398274242, -0.0026806146263494658], [0.031601694374460615, -0.002680614626349463, 0.33305950077521024]], "chi2_level": 0.997, "chi2_df": 3, "chi2_threshold": 13.931422665512084, "N_raw": 9, "N_roi": 9, "N_inlier": 9, "refit": true}
{"timestamp": "13:57:15.577617", "frame": 93, "mu": [0.5893164990507074, 0.8273908821514294, 0.8755627890962164], "Sigma": [[0.008951355882878516, -0.0024828432379550565, 0.036385810369648025], [-0.0024828432379550565, 0.008612851027685876, -0.04200810970469025], [0.036385810369648025, -0.04200810970469025, 0.36329269342258014]], "chi2_level": 0.997, "chi2_df": 3, "chi2_threshold": 13.931422665512084, "N_raw": 11, "N_roi": 11, "N_inlier": 11, "refit": true}
{"timestamp": "13:57:15.636162", "frame": 94, "mu": [0.6288205684052869, 0.6955479839761759, 1.0817947878785623], "Sigma": [[0.003095011823452511, -0.0009852906046997722, 0.004771395261220555], [-0.0009852906046997722, 0.004435475647530122, -0.008468728127772733], [0.004771395261220555, -0.008468728127772733, 0.03466294248122094]], "chi2_level": 0.997, "chi2_df": 3, "chi2_threshold": 13.931422665512084, "N_raw": 40, "N_roi": 40, "N_inlier": 39, "refit": true}
{"timestamp": "13:57:15.686563", "frame": 95, "mu": [0.7251551751542716, 0.7015222580100279, 1.1253616400155197], "Sigma": [[0.008343054414408545, -0.014734186704855365, -0.025716170351902407], [-0.014734186704855363, 0.05429280953493276, 0.1106872187251866], [-0.025716170351902407, 0.11068721872518658, 0.2819772546533812]], "chi2_level": 0.997, "chi2_df": 3, "chi2_threshold": 13.931422665512084, "N_raw": 11, "N_roi": 11, "N_inlier": 10, "refit": true}
{"timestamp": "13:57:15.742196", "frame": 96, "mu": [0.6876432534240988, 0.6639321658953113, 1.0207593028709743], "Sigma": [[0.0017079322399951955, 0.0004824930339053917, -0.00056669912365697], [0.0004824930339053919, 0.003375816171227123, 0.0028125903593169107], [-0.0005666991236569702, 0.002812590359316911, 0.03478416303416121]], "chi2_level": 0.997, "chi2_df": 3, "chi2_threshold": 13.931422665512084, "N_raw": 20, "N_roi": 19, "N_inlier": 17, "refit": true}
{"timestamp": "13:57:15.798436", "frame": 97, "mu": [0.7286109583465912, 0.6070137409664176, 1.269322988196017], "Sigma": [[0.001695674885832901, -0.00035045952211761326, -0.00022763250376138305], [-0.00035045952211761326, 0.0007764977810794033, 0.001690217492841952], [-0.00022763250376138316, 0.001690217492841952, 0.02053251418508468]], "chi2_level": 0.997, "chi2_df": 3, "chi2_threshold": 13.931422665512084, "N_raw": 25, "N_roi": 25, "N_inlier": 25, "refit": true}
{"timestamp": "13:57:15.910493", "frame": 99, "mu": [0.8516699846216763, 0.5682024299681491, 1.2445472747133337], "Sigma": [[0.003942323259667556, -0.0009155321042947611, -0.01748653488837567], [-0.0009155321042947609, 0.005142302625700976, 0.010075169647243766], [-0.01748653488837567, 0.010075169647243767, 0.15353050832179213]], "chi2_level": 0.997, "chi2_df": 3, "chi2_threshold": 13.931422665512084, "N_raw": 35, "N_roi": 35, "N_inlier": 33, "refit": true}
{"timestamp": "13:57:16.102205", "frame": 100, "mu": [0.8434094601779121, 0.7809186571655735, -0.8303936523730633], "Sigma": [[0.04436187030391013, 0.04747894369534586, -0.08312427449420359], [0.04747894369534586, 0.0532777703630249, -0.10565872206480004], [-0.08312427449420359, -0.10565872206480005, 0.384756062828392]], "chi2_level": 0.997, "chi2_df": 3, "chi2_threshold": 13.931422665512084, "N_raw": 9, "N_roi": 9, "N_inlier": 9, "refit": true}
{"timestamp": "13:57:16.128084", "frame": 101, "mu": [0.9948768472459207, 0.44580109890707476, 1.0819408575218925], "Sigma": [[0.01159552187387951, -0.02060431702295995, -0.05789911984884176], [-0.02060431702295995, 0.04419690502917542, 0.10342368846771562], [-0.05789911984884176, 0.10342368846771562, 0.36899079533505674]], "chi2_level": 0.997, "chi2_df": 3, "chi2_threshold": 13.931422665512084, "N_raw": 8, "N_roi": 8, "N_inlier": 8, "refit": true}
