{"timestamp": "13:54:58.357197", "frame": 24, "mu": [-2.42234278758795, 3.3115531227735038, 1.0522016382916755], "Sigma": [[0.004088311817041435, 0.0024447683728037162, -0.0016418891031283727], [0.002444768372803716, 0.0051473844407141, -0.0024486840962054963], [-0.0016418891031283727, -0.0024486840962054963, 0.0014078873325185357]], "chi2_level": 0.997, "chi2_df": 3, "chi2_threshold": 13.931422665512084, "N_raw": 34, "N_roi": 14, "N_inlier": 13, "refit": true}
{"timestamp": "13:54:58.409869", "frame": 25, "mu": [-2.4145326094266304, 3.2385475673703104, 1.0190270237275143], "Sigma": [[0.005128351023948943, 0.0010709055288075351, -0.00140656670043008], [0.0010709055288075351, 0.002132558410012058, -0.002859470639685663], [-0.00140656670043008, -0.002859470639685663, 0.007772276612065678]], "chi2_level": 0.997, "chi2_df": 3, "chi2_threshold": 13.931422665512084, "N_raw": 22, "N_roi": 13, "N_inlier": 13, "refit": true}
{"timestamp": "13:54:58.467831", "frame": 26, "mu": [-2.3407523885282275, 3.3125334789103316, 1.1618186099902281], "Sigma": [[0.009082207511009887, 0.0026219316476311107, -0.0037855714176739746], [0.0026219316476311107, 0.0028515541750031687, -0.008068647501674717], [-0.003785571417673974, -0.008068647501674717, 0.03268564308299234]], "chi2_level": 0.997, "chi2_df": 3, "chi2_threshold": 13.931422665512084, "N_raw": 40, "N_roi": 32, "N_inlier": 31, "refit": true}
{"timestamp": "13:54:58.521921", "frame": 27, "mu": [-2.421268123617482, 3.2030576221651597, 0.9203809960374608], "Sigma": [[0.0018427454703422053, 0.000991693490967596, -0.0019414470250279404], [0.000991693490967596, 0.010820825520726841, -0.01894981518124856], [-0.0019414470250279404, -0.01894981518124856, 0.038398924635291966]], "chi2_level": 0.997, "chi2_df": 3, "chi2_threshold": 13.931422665512084, "N_raw": 8, "N_roi": 8, "N_inlier": 8, "refit": true}
{"timestamp": "13:54:58.576955", "frame": 28, "mu": [-2.3259661394761033, 3.2583185132781916, 1.196610372121612], "Sigma": [[0.0087775796429731, 0.004481616522235134, -0.00432886750738366], [0.004481616522235134, 0.005235344537550142, -0.0038037378193857213], [-0.00432886750738366, -0.0038037378193857218, 0.006488241199279848]], "chi2_level": 0.997, "chi2_df": 3, "chi2_threshold": 13.931422665512084, "N_raw": 20, "N_roi": 20, "N_inlier": 20, "refit": true}
{"timestamp": "13:54:58.689169", "frame": 30, "mu": [-2.2006244620474855, 3.286707224141658, 1.1808632907125833], "Sigma": [[0.0173401935967481, 0.009790475230175677, -0.0035796243779341744], [0.009790475230175677, 0.007985155727961057, -0.005502135155232262], [-0.0035796243779341744, -0.005502135155232262, 0.007360310702040706]], "chi2_level": 0.997, "chi2_df": 3, "chi2_threshold": 13.931422665512084, "N_raw": 35, "N_roi": 35, "N_inlier": 35, "refit": true}
{"timestamp": "13:54:58.797159", "frame": 32, "mu": [-2.087533259825518, 3.332851459076591, 0.7246827533978708], "Sigma": [[0.007117545444930934, 0.0012997590789630986, 0.0029596364127748246], [0.0012997590789630988, 0.0033227701394516166, -0.016787876960986707], [0.0029596364127748237, -0.016787876960986707, 0.19382405824570845]], "chi2_level": 0.997, "chi2_df": 3, "chi2_threshold": 13.931422665512084, "N_raw": 22, "N_roi": 22, "N_inlier": 22, "refit": true}
{"timestamp": "13:54:58.855017", "frame": 33, "mu": [-2.0432112732976973, 3.310103347928563, 1.1057874144308886], "Sigma": [[0.018272918897354086, 0.008794834290548174, -0.019484225192049457], [0.008794834290548174, 0.006673139876663249, -0.014168967556472959], [-0.019484225192049457, -0.014168967556472959, 0.07110751085127529]], "chi2_level": 0.997, "chi2_df": 3, "chi2_threshold": 13.931422665512084, "N_raw": 43, "N_roi": 43, "N_inlier": 42, "refit": true}
{"timestamp": "13:54:58.909454", "frame": 34, "mu": [-2.0186610960311597, 3.329539100664919, 1.227087341319689], "Sigma": [[0.01610896306431745, 0.006456411681884167, -0.012672501878559117], [0.006456411681884167, 0.005304983121970639, -0.007121644274398436], [-0.012672501878559117, -0.007121644274398436, 0.015495319966787874]], "chi2_level": 0.997, "chi2_df": 3, "chi2_threshold": 13.931422665512084, "N_raw": 35, "N_roi": 35, "N_inlier": 34, "refit": true}
{"timestamp": "13:54:58.961007", "frame": 35, "mu": [-1.8577701210617223, 3.3572411291263404, 0.9899680841826811], "Sigma": [[0.005361510519301125, 0.0003193414777284054, -0.003968937769410678], [0.0003193414777284054, 0.0009037997822060423, -0.002680791281478413], [-0.003968937769410678, -0.002680791281478413, 0.020382171444575763]], "chi2_level": 0.997, "chi2_df": 3, "chi2_threshold": 13.931422665512084, "N_raw": 15, "N_roi": 13, "N_inlier": 13, "refit": true}
{"timestamp": "13:54:59.018703", "frame": 36, "mu": [-1.8633247470553298, 3.2622521272402016, 1.1005550603998848], "Sigma": [[0.012536660137961944, 0.00333057043282686, -0.008456506497780087], [0.00333057043282686, 0.0033405268191308503, -0.003309498731468738], [-0.008456506497780087, -0.003309498731468738, 0.010323935139266174]], "chi2_level": 0.997, "chi2_df": 3, "chi2_threshold": 13.931422665512084, "N_raw": 27, "N_roi": 27, "N_inlier": 27, "refit": true}
{"timestamp": "13:54:59.074008", "frame": 37, "mu": [-1.7968211577949154, 3.28770957474491, 1.1433216965885422], "Sigma": [[0.01618375495451499, 0.0028905736414334233, -0.020927048686997823], [0.0028905736414334233, 0.00501590349158548, -0.003198010281398252], [-0.020927048686997816, -0.0031980102813982526, 0.029269939845122186]], "chi2_level": 0.997, "chi2_df": 3, "chi2_threshold": 13.931422665512084, "N_raw": 35, "N_roi": 35, "N_inlier": 35, "refit": true}
{"timestamp": "13:54:59.128823", "frame": 38, "mu": [-1.724733967347829, 3.3070817852637537, 1.0715554855908038], "Sigma": [[0.017092297454771505, -0.002422963441531963, -0.03177553976612525], [-0.002422963441531963, 0.004509101266242341, 0.004841378018572029], [-0.031775539766125245, 0.004841378018572028, 0.06416447716197192]], "chi2_level": 0.997, "chi2_df": 3, "chi2_threshold": 13.931422665512084, "N_raw": 37, "N_roi": 37, "N_inlier": 36, "refit": true}
{"timestamp": "13:54:59.184892", "frame": 39, "mu": [-1.6748503169341227, 3.3948644521625235, -0.15592647377697225], "Sigma": [[0.02040057540660111, 0.008786937852753904, -0.014153155697069417], [0.008786937852753904, 0.007792323769975196, -0.00567194867940278], [-0.014153155697069417, -0.00567194867940278, 0.011194627101853538]], "chi2_level": 0.997, "chi2_df": 3, "chi2_threshold": 13.931422665512084, "N_raw": 45, "N_roi": 42, "N_inlier": 42, "refit": true}
{"timestamp": "13:54:59.239889", "frame": 40, "mu": [-1.6398441023820607, 3.285308230424596, 1.0690157248298733], "Sigma": [[0.01873738621068594, 0.002985242751579931, -0.017159230794094028], [0.002985242751579931, 0.004218711642149644, -0.0031663746765791248], [-0.017159230794094024, -0.003166374676579125, 0.0166844638572599]], "chi2_level": 0.997, "chi2_df": 3, "chi2_threshold": 13.931422665512084, "N_raw": 40, "N_roi": 40, "N_inlier": 40, "refit": true}
{"timestamp": "13:54:59.292792", "frame": 41, "mu": [-1.616359170496248, 3.3000715862305006, 1.1595592206283207], "Sigma": [[0.011876037805673185, 0.002578500460359813, -0.013889375100926658], [0.002578500460359813, 0.004214330768266573, -0.0038340674493186275], [-0.013889375100926658, -0.0038340674493186275, 0.028521015758763514]], "chi2_level": 0.997, "chi2_df": 3, "chi2_threshold": 13.931422665512084, "N_raw": 29, "N_roi": 28, "N_inlier": 25, "refit": true}
{"timestamp": "13:54:59.351241", "frame": 42, "mu": [-1.5265418735998209, 3.256027765338926, 0.8753933009074718], "Sigma": [[0.014335134254227389, 0.0009982775138487308, -0.007080516283573711], [0.0009982775138487308, 0.004207338751210681, -0.003723414451189782], [-0.007080516283573711, -0.003723414451189782, 0.007529612536682647]], "chi2_level": 0.997, "chi2_df": 3, "chi2_threshold": 13.931422665512084, "N_raw": 51, "N_roi": 50, "N_inlier": 47, "refit": true}
{"timestamp": "13:54:59.405350", "frame": 43, "mu": [-1.5050151938443017, 3.292017247495483, 1.1032759448765488], "Sigma": [[0.012633604293140368, 0.0024048849391831192, -0.008127571258166731], [0.0024048849391831192, 0.0027584147839012814, -0.003913614436410207], [-0.008127571258166731, -0.003913614436410207, 0.010942190262338572]], "chi2_level": 0.997, "chi2_df": 3, "chi2_threshold": 13.931422665512084, "N_raw": 38, "N_roi": 36, "N_inlier": 33, "refit": true}
{"timestamp": "13:54:59.455792", "frame": 44, "mu": [-1.3406333882302608, 3.396686614619165, 0.5373409850687239], "Sigma": [[0.02238783050722352, 0.006714671955209689, -0.07248362124628027], [0.006714671955209689, 0.005362469527800391, -0.035566675215271334], [-0.07248362124628027, -0.035566675215271334, 0.307387625590536]], "chi2_level": 0.997, "chi2_df": 3, "chi2_threshold": 13.931422665512084, "N_raw": 12, "N_roi": 8, "N_inlier": 8, "refit": true}
{"timestamp": "13:54:59.513875", "frame": 45, "mu": [-1.3440591129013497, 3.3593709169262933, 1.232292169095611], "Sigma": [[0.01331257930513406, 0.0034484936477900494, -0.010296353459613272], [0.0034484936477900494, 0.0023414909954270705, -0.0020041414947020997], [-0.010296353459613272, -0.0020041414947020997, 0.028258718779438453]], "chi2_level": 0.997, "chi2_df": 3, "chi2_threshold": 13.931422665512084, "N_raw": 31, "N_roi": 26, "N_inlier": 24, "refit": true}
{"timestamp": "13:54:59.570792", "frame": 46, "mu": [-1.2943406926676282, 3.4126238807071507, -0.6176538181713708], "Sigma": [[0.016921360320222928, 0.00832776616158604, 0.004331692133558349], [0.00832776616158604, 0.020720057236461663, -0.0017303214727163888], [0.004331692133558348, -0.0017303214727163892, 0.08244843397735951]], "chi2_level": 0.997, "chi2_df": 3, "chi2_threshold": 13.931422665512084, "N_raw": 48, "N_roi": 44, "N_inlier": 43, "refit": true}
{"timestamp": "13:54:59.624209", "frame": 47, "mu": [-1.2706281074059815, 3.42961804976944, 0.28293198291657734], "Sigma": [[0.01093282767480318, 0.003792016018133426, -0.004885417080415847], [0.003792016018133426, 0.004158854679984507, -0.0007549074052763092], [-0.004885417080415847, -0.000754907405276309, 0.004395162858343214]], "chi2_level": 0.997, "chi2_df": 3, "chi2_threshold": 13.931422665512084, "N_raw": 34, "N_roi": 28, "N_inlier": 27, "refit": true}
{"timestamp": "13:54:59.677616", "frame": 48, "mu": [-1.1415467554549885, 3.323470775225626, 1.153864053803561], "Sigma": [[0.010439388731256672, 0.002137615979651737, -0.005783847999774576], [0.002137615979651737, 0.0035568290084283115, -0.000806990724624431], [-0.005783847999774576, -0.0008069907246244311, 0.004442801095972295]], "chi2_level": 0.997, "chi2_df": 3, "chi2_threshold": 13.931422665512084, "N_raw": 30, "N_roi": 30, "N_inlier": 29, "refit": true}
{"timestamp": "13:54:59.733477", "frame": 49, "mu": [-1.1296759249849024, 3.371774315151962, 1.1048007824973645], "Sigma": [[0.010334745928875115, 0.002543041752329083, 0.0007488866894759189], [0.002543041752329083, 0.002681116012697072, 0.0002141826570536045], [0.0007488866894759189, 0.00021418265705360493, 0.17474297623940824]], "chi2_level": 0.997, "chi2_df": 3, "chi2_threshold": 13.931422665512084, "N_raw": 30, "N_roi": 28, "N_inlier": 28, "refit": true}
{"timestamp": "13:54:59.791811", "frame": 50, "mu": [-1.0463634977516596, 3.3291669232959498, 1.0473820424393565], "Sigma": [[0.017220831932263807, 0.0011706123321075293, -0.012197875007949685], [0.0011706123321075293, 0.005534200375305549, -0.0008763066389272133], [-0.012197875007949683, -0.0008763066389272132, 0.01023367019998158]], "chi2_level": 0.997, "chi2_df": 3, "chi2_threshold": 13.931422665512084, "N_raw": 55, "N_roi": 55, "N_inlier": 51, "refit": true}
{"timestamp": "13:54:59.847702", "frame": 51, "mu": [-1.0211545351713698, 3.262456409827657, 0.8565063983021073], "Sigma": [[0.012460466242680003, 0.0004887808382885987, -0.011133561383932825], [0.0004887808382885986, 0.00872809341492509, 0.00042721723195658385], [-0.011133561383932825, 0.00042721723195658374, 0.024241477155079436]], "chi2_level": 0.997, "chi2_df": 3, "chi2_threshold": 13.931422665512084, "N_raw": 58, "N_roi": 58, "N_inlier": 55, "refit": true}
{"timestamp": "13:54:59.901817", "frame": 52, "mu": [-0.9415425934328409, 3.308604731537776, 0.9239650703729442], "Sigma": [[0.0164550007202812, 0.003737797923433702, -0.019763540442438606], [0.003737797923433703, 0.005893776859644956, -0.006751524998607173], [-0.019763540442438606, -0.006751524998607173, 0.05578486414333758]], "chi2_level": 0.997, "chi2_df": 3, "chi2_threshold": 13.931422665512084, "N_raw": 49, "N_roi": 49, "N_inlier": 47, "refit": true}
{"timestamp": "13:54:59.959394", "frame": 53, "mu": [-0.9057688273290105, 3.3574296621795865, -0.9697874742710484], "Sigma": [[0.017502617642793736, 0.014044723731665813, 0.019665986991665167], [0.014044723731665812, 0.028820701658458757, 0.01921593398674458], [0.019665986991665167, 0.01921593398674458, 0.1134206183756791]], "chi2_level": 0.997, "chi2_df": 3, "chi2_threshold": 13.931422665512084, "N_raw": 69, "N_roi": 69, "N_inlier": 68, "refit": true}
{"timestamp": "13:55:00.018945", "frame": 54, "mu": [-0.7645145878266445, 3.3956332461669385, 0.8326853563158161], "Sigma": [[0.024046915558620346, 0.009624949790565916, -0.032013286021493836], [0.009624949790565916, 0.012088276426190385, -0.020488486802786414], [-0.03201328602149384, -0.020488486802786414, 0.07370537312199817]], "chi2_level": 0.997, "chi2_df": 3, "chi2_threshold": 13.931422665512084, "N_raw": 96, "N_roi": 96, "N_inlier": 92, "refit": true}
{"timestamp": "13:55:00.071687", "frame": 55, "mu": [-0.7827615528386421, 3.3488799657189023, 0.7813222519805456], "Sigma": [[0.018446428240790957, 0.010867878980280776, -0.011617196872169371], [0.010867878980280778, 0.021048611798589318, -0.004590201231289863], [-0.011617196872169371, -0.004590201231289863, 0.009598193062322109]], "chi2_level": 0.997, "chi2_df": 3, "chi2_threshold": 13.931422665512084, "N_raw": 82, "N_roi": 81, "N_inlier": 77, "refit": true}
{"timestamp": "13:55:00.125556", "frame": 56, "mu": [-0.6564073569069461, 3.391851072404774, 0.6956262900058963], "Sigma": [[0.01755136152975628, 0.003082485010667767, -0.03706131678041273], [0.0030824850106677673, 0.010107635732812816, 0.0014258984576679405], [-0.03706131678041273, 0.0014258984576679392, 0.21807525147233184]], "chi2_level": 0.997, "chi2_df": 3, "chi2_threshold": 13.931422665512084, "N_raw": 76, "N_roi": 75, "N_inlier": 75, "refit": true}
{"timestamp": "13:55:00.175515", "frame": 57, "mu": [-0.7035730375196783, 3.321028868867585, 1.2160951759261813], "Sigma": [[0.009582984570676216, 0.002173797490209808, -0.004771352552793684], [0.0021737974902098075, 0.006071014943303075, -0.004800108558067659], [-0.004771352552793684, -0.004800108558067659, 0.010666867554212927]], "chi2_level": 0.997, "chi2_df": 3, "chi2_threshold": 13.931422665512084, "N_raw": 35, "N_roi": 34, "N_inlier": 32, "refit": true}
{"timestamp": "13:55:00.231076", "frame": 58, "mu": [-0.6385444212458717, 3.2868847665282246, 1.2204654050551198], "Sigma": [[0.013515040161459992, -4.009589368191276e-05, -0.011300681841624798], [-4.0095893681913196e-05, 0.004940390795894283, -0.0003732154524585482], [-0.011300681841624798, -0.00037321545245854826, 0.013293900176362968]], "chi2_level": 0.997, "chi2_df": 3, "chi2_threshold": 13.931422665512084, "N_raw": 47, "N_roi": 47, "N_inlier": 45, "refit": true}
{"timestamp": "13:55:00.281243", "frame": 59, "mu": [-0.571635094807768, 3.3421734828246445, 0.703273965578011], "Sigma": [[0.001837391846296922, 0.000848583327290044, 0.01948271400505372], [0.0008485833272900442, 0.007071780717227018, 0.0016183345229135518], [0.01948271400505372, 0.00161833452291355, 0.4641312029046814]], "chi2_level": 0.997, "chi2_df": 3, "chi2_threshold": 13.931422665512084, "N_raw": 12, "N_roi": 9, "N_inlier": 8, "refit": true}
{"timestamp": "13:55:00.338761", "frame": 60, "mu": [-0.5093443856888992, 3.309485696780027, 0.9261181556143401], "Sigma": [[0.00541662361888567, 0.0008742407978032887, -0.010269388005115437], [0.0008742407978032886, 0.0026940979321892207, -0.012336590479689206], [-0.010269388005115437, -0.012336590479689206, 0.2558314132603209]], "chi2_level": 0.997, "chi2_df": 3, "chi2_threshold": 13.931422665512084, "N_raw": 25, "N_roi": 22, "N_inlier": 22, "refit": true}
{"timestamp": "13:55:00.395021", "frame": 61, "mu": [-0.44993847239604595, 3.3087480107352643, 1.156731011344371], "Sigma": [[0.010635705588950044, 0.001764820257714127, -0.011953560999062807], [0.001764820257714127, 0.004189869270145552, -0.009303105444046982], [-0.01195356099906281, -0.009303105444046982, 0.18459004532503245]], "chi2_level": 0.997, "chi2_df": 3, "chi2_threshold": 13.931422665512084, "N_raw": 37, "N_roi": 35, "N_inlier": 35, "refit": true}
{"timestamp": "13:55:00.446684", "frame": 62, "mu": [-0.42389840082500924, 3.2851060560544294, 0.7114483066568862], "Sigma": [[0.002782212270920764, 0.00026276707320979376, -0.03027855423515784], [0.0002627670732097937, 0.004200807215752236, 0.005729108757217261], [-0.030278554235157844, 0.005729108757217263, 0.6083121786052031]], "chi2_level": 0.997, "chi2_df": 3, "chi2_threshold": 13.931422665512084, "N_raw": 12, "N_roi": 9, "N_inlier": 9, "refit": true}
{"timestamp": "13:55:00.505055", "frame": 63, "mu": [-0.3672873935452381, 3.259831264678784, 1.3583845385984943], "Sigma": [[0.017630957068340378, 0.004783891086281064, 0.00424108452371589], [0.004783891086281065, 0.007190930396184396, 0.008851171922963271], [0.00424108452371589, 0.008851171922963271, 0.012856847913590647]], "chi2_level": 0.997, "chi2_df": 3, "chi2_threshold": 13.931422665512084, "N_raw": 43, "N_roi": 41, "N_inlier": 39, "refit": true}
{"timestamp": "13:55:00.559754", "frame": 64, "mu": [-0.3238026094478316, 3.2701343214830314, 1.3327216457718654], "Sigma": [[0.010703964293575959, 0.0032204530648933223, -0.0008618801994572641], [0.0032204530648933223, 0.006540715683675641, 0.0008784093135638369], [-0.0008618801994572643, 0.0008784093135638374, 0.05619012907491862]], "chi2_level": 0.997, "chi2_df": 3, "chi2_threshold": 13.931422665512084, "N_raw": 38, "N_roi": 34, "N_inlier": 32, "refit": true}
{"timestamp": "13:55:00.612074", "frame": 65, "mu": [-0.2535136043309714, 3.2689002288658138, 1.035592328508969], "Sigma": [[0.009139397020956225, 0.001490321930503902, -0.02622243594401149], [0.001490321930503902, 0.002019675735418044, -0.010026175743351518], [-0.02622243594401149, -0.010026175743351518, 0.17487492298907722]], "chi2_level": 0.997, "chi2_df": 3, "chi2_threshold": 13.931422665512084, "N_raw": 22, "N_roi": 22, "N_inlier": 22, "refit": true}
{"timestamp": "13:55:00.667044", "frame": 66, "mu": [-0.18505560201293117, 3.229141875059672, 0.8095737905024547], "Sigma": [[0.012653526609044936, 0.0058967645535947825, -0.05267025563212839], [0.0058967645535947825, 0.007903196264059968, -0.019210059386812466], [-0.0526702556321284, -0.019210059386812472, 0.25878638507633994]], "chi2_level": 0.997, "chi2_df": 3, "chi2_threshold": 13.931422665512084, "N_raw": 15, "N_roi": 7, "N_inlier": 7, "refit": true}
{"timestamp": "13:55:00.781987", "frame": 68, "mu": [-0.107913655003407, 3.3267502450504214, -0.5099449086764511], "Sigma": [[0.012681831232791157, 0.003809269220698907, 0.03778406525252892], [0.003809269220698907, 0.007183306802678517, 0.023356211012193907], [0.03778406525252892, 0.023356211012193907, 0.3106458178472032]], "chi2_level": 0.997, "chi2_df": 3, "chi2_threshold": 13.931422665512084, "N_raw": 52, "N_roi": 52, "N_inlier": 51, "refit": true}
{"timestamp": "13:55:00.832428", "frame": 69, "mu": [-0.055348456622746456, 3.2096402417484646, 1.0427306207403977], "Sigma": [[0.006307095617900117, -0.00024072155325765838, 0.007152682434764837], [-0.00024072155325765838, 0.0016468702417600978, -0.0028165095957421293], [0.007152682434764833, -0.0028165095957421293, 0.17185935459045568]], "chi2_level": 0.997, "chi2_df": 3, "chi2_threshold": 13.931422665512084, "N_raw": 19, "N_roi": 18, "N_inlier": 18, "refit": true}
{"timestamp": "13:55:00.885905", "frame": 70, "mu": [0.07112729303947851, 3.2619018033061122, 0.676171536326116], "Sigma": [[0.001847708047410369, 0.0009166283452623507, 0.015467246100240823], [0.0009166283452623507, 0.0018345784207181685, 0.005308133439045196], [0.015467246100240823, 0.0053081334390451965, 0.2283352011631557]], "chi2_level": 0.997, "chi2_df": 3, "chi2_threshold": 13.931422665512084, "N_raw": 9, "N_roi": 9, "N_inlier": 9, "refit": true}
{"timestamp": "13:55:00.940416", "frame": 71, "mu": [0.043571756931895356, 3.270486429868604, 0.7199898148303745], "Sigma": [[0.0028154537360794204, 0.0015089976050322099, -0.0036943442083366765], [0.0015089976050322099, 0.0058840989664758975, -0.003934087415813069], [-0.0036943442083366765, -0.003934087415813069, 0.5406867690924544]], "chi2_level": 0.997, "chi2_df": 3, "chi2_threshold": 13.931422665512084, "N_raw": 8, "N_roi": 8, "N_inlier": 8, "refit": true}
{"timestamp": "13:55:00.996201", "frame": 72, "mu": [0.14645996123985897, 3.4720528216240836, -0.4226581304906686], "Sigma": [[0.0016462262446639891, 0.003416331666668635, -0.004618890955288106], [0.003416331666668635, 0.029147323001071482, -0.09239032317198491], [-0.004618890955288106, -0.0923903231719849, 0.3533492184289388]], "chi2_level": 0.997, "chi2_df": 3, "chi2_threshold": 13.931422665512084, "N_raw": 9, "N_roi": 9, "N_inlier": 9, "refit": true}
{"timestamp": "13:55:01.049992", "frame": 73, "mu": [0.2527476006878606, 3.3750082999898234, 0.7414963891747286], "Sigma": [[0.004708855391406936, 0.003111529857672673, 0.0045433771445444575], [0.003111529857672673, 0.00623005334546477, -0.030254652749562815], [0.0045433771445444575, -0.03025465274956281, 0.37208048781097963]], "chi2_level": 0.997, "chi2_df": 3, "chi2_threshold": 13.931422665512084, "N_raw": 8, "N_roi": 8, "N_inlier": 8, "refit": true}
{"timestamp": "13:55:01.106288", "frame": 74, "mu": [0.3705149856344002, 3.323314255362251, 0.48783456720822826], "Sigma": [[0.021591765766528697, -0.010000945196831562, -0.05194016306911228], [-0.010000945196831562, 0.008514477312619203, 0.0039941432974567445], [-0.05194016306911228, 0.003994143297456742, 0.38017791855818683]], "chi2_level": 0.997, "chi2_df": 3, "chi2_threshold": 13.931422665512084, "N_raw": 15, "N_roi": 15, "N_inlier": 15, "refit": true}
{"timestamp": "13:55:01.275038", "frame": 77, "mu": [0.43595428684784193, 3.335383596016158, -0.022032687946362428], "Sigma": [[0.009875053340008445, 0.0006093861541701379, -0.014538519309847332], [0.0006093861541701377, 0.009674596513963409, -0.0136172442207624], [-0.014538519309847332, -0.013617244220762404, 0.0887657993225783]], "chi2_level": 0.997, "chi2_df": 3, "chi2_threshold": 13.931422665512084, "N_raw": 39, "N_roi": 35, "N_inlier": 34, "refit": true}
{"timestamp": "13:55:01.384348", "frame": 78, "mu": [0.499734864008282, 3.33552522916835, 0.08453581981377006], "Sigma": [[0.01806889335612765, 0.0039011498586904465, -0.01945787833518138], [0.003901149858690446, 0.013784964620196788, -0.020538973208346658], [-0.01945787833518138, -0.020538973208346658, 0.06735797315826692]], "chi2_level": 0.997, "chi2_df": 3, "chi2_threshold": 13.931422665512084, "N_raw": 52, "N_roi": 48, "N_inlier": 47, "refit": true}
{"timestamp": "13:55:01.399151", "frame": 79, "mu": [0.38726158484260126, 3.3204157404656476, 0.34492627544845017], "Sigma": [[0.021005071870420042, -0.009344808702357632, 0.07778571602992493], [-0.009344808702357633, 0.00774669949203564, -0.038761976968638666], [0.07778571602992493, -0.03876197696863867, 0.30753277195869694]], "chi2_level": 0.997, "chi2_df": 3, "chi2_threshold": 13.931422665512084, "N_raw": 23, "N_roi": 12, "N_inlier": 12, "refit": true}
{"timestamp": "13:55:01.441386", "frame": 80, "mu": [0.6248429776319308, 3.339614329906971, 0.3984952670528457], "Sigma": [[0.015632331703727208, -0.005780955693201681, -0.00453529773803346], [-0.005780955693201681, 0.004700603099369745, -0.007910624637919228], [-0.004535297738033458, -0.007910624637919226, 0.0890508376909054]], "chi2_level": 0.997, "chi2_df": 3, "chi2_threshold": 13.931422665512084, "N_raw": 44, "N_roi": 42, "N_inlier": 41, "refit": true}
{"timestamp": "13:55:01.549498", "frame": 82, "mu": [0.7846475564549236, 3.119631590940107, 1.0484747583902894], "Sigma": [[0.010629071164610532, -0.0030225622537098608, -0.0022962347680860256], [-0.0030225622537098608, 0.0023838185332902394, -0.0018186893998390072], [-0.0022962347680860256, -0.001818689399839007, 0.007072306739064339]], "chi2_level": 0.997, "chi2_df": 3, "chi2_threshold": 13.931422665512084, "N_raw": 37, "N_roi": 37, "N_inlier": 35, "refit": true}
{"timestamp": "13:55:01.600180", "frame": 83, "mu": [0.8228706577259929, 3.1702393985829422, 0.8427645565513087], "Sigma": [[0.0030576803353938595, 0.0036015773585917317, -0.014162307338044716], [0.0036015773585917317, 0.009712264278416956, -0.024427695159945428], [-0.014162307338044716, -0.024427695159945428, 0.08458353669024941]], "chi2_level": 0.997, "chi2_df": 3, "chi2_threshold": 13.931422665512084, "N_raw": 9, "N_roi": 9, "N_inlier": 9, "refit": true}
{"timestamp": "13:55:01.659957", "frame": 84, "mu": [0.8160796914812816, 3.2223963975053906, 1.232207562422209], "Sigma": [[0.013186221926626966, -0.003911150910316351, -0.007251845734430265], [-0.0039111509103163505, 0.0032878751064670886, -6.122874509595789e-05], [-0.007251845734430265, -6.122874509595805e-05, 0.00904801006234035]], "chi2_level": 0.997, "chi2_df": 3, "chi2_threshold": 13.931422665512084, "N_raw": 40, "N_roi": 40, "N_inlier": 38, "refit": true}
{"timestamp": "13:55:01.710767", "frame": 85, "mu": [0.9501954865631552, 3.189175145151816, 1.097545031023516], "Sigma": [[0.0021625732687976925, 0.00045373101926613976, -0.009884472089063928], [0.00045373101926613976, 0.004918439933671712, -0.006627632166627732], [-0.009884472089063928, -0.006627632166627732, 0.3687704041240729]], "chi2_level": 0.997, "chi2_df": 3, "chi2_threshold": 13.931422665512084, "N_raw": 16, "N_roi": 16, "N_inlier": 16, "refit": true}
{"timestamp": "13:55:01.820420", "frame": 87, "mu": [0.8521175192248444, 3.0388140880900596, 0.7604370382703657], "Sigma": [[0.04853979200078805, 0.17512396040227207, -0.07412937544822595], [0.17512396040227207, 0.6679181841232228, -0.20332190030031014], [-0.07412937544822595, -0.20332190030031014, 0.3844406730205626]], "chi2_level": 0.997, "chi2_df": 3, "chi2_threshold": 13.931422665512084, "N_raw": 10, "N_roi": 10, "N_inlier": 10, "refit": true}
{"timestamp": "13:55:01.875089", "frame": 88, "mu": [0.9781790585795355, 3.187389252148657, 0.9026506472040711], "Sigma": [[0.0036991486637503943, -0.0025181722250502813, 0.010929621904487055], [-0.0025181722250502817, 0.00936101111388308, 0.020389889207652407], [0.010929621904487055, 0.02038988920765241, 0.35209356044297574]], "chi2_level": 0.997, "chi2_df": 3, "chi2_threshold": 13.931422665512084, "N_raw": 9, "N_roi": 9, "N_inlier": 9, "refit": true}
{"timestamp": "13:55:01.931196", "frame": 89, "mu": [1.068223819054854, 3.422117088004832, -0.20319309950902992], "Sigma": [[0.010622297227629043, -0.011205597687008947, 0.029769470434766743], [-0.011205597687008947, 0.037283311188810196, -0.06347389416740351], [0.029769470434766743, -0.06347389416740351, 0.14726771146595913]], "chi2_level": 0.997, "chi2_df": 3, "chi2_threshold": 13.931422665512084, "N_raw": 12, "N_roi": 12, "N_inlier": 12, "refit": true}
{"timestamp": "13:55:01.990005", "frame": 90, "mu": [1.1803988210856071, 3.232838283935581, 1.2140584273254609], "Sigma": [[0.014369319280743907, -0.005210029036171976, -0.0041525065676170266], [-0.005210029036171977, 0.004073012705982035, 0.00315503825873126], [-0.0041525065676170266, 0.00315503825873126, 0.05781589760356155]], "chi2_level": 0.997, "chi2_df": 3, "chi2_threshold": 13.931422665512084, "N_raw": 41, "N_roi": 41, "N_inlier": 38, "refit": true}
{"timestamp": "13:55:02.047502", "frame": 91, "mu": [1.2445651307371337, 3.2412169218605804, 1.2132047231216814], "Sigma": [[0.018029615862599824, -0.005603159455194964, -0.003088847424940806], [-0.005603159455194964, 0.004763475699288892, 0.012640517236939642], [-0.003088847424940805, 0.012640517236939642, 0.21651532045930147]], "chi2_level": 0.997, "chi2_df": 3, "chi2_threshold": 13.931422665512084, "N_raw": 50, "N_roi": 48, "N_inlier": 48, "refit": true}
{"timestamp": "13:55:02.097399", "frame": 92, "mu": [1.3402482757752792, 3.154124758560542, 0.8856874118768031], "Sigma": [[0.007475691659362079, -0.003779438357797957, 0.016524674343127353], [-0.003779438357797957, 0.0037133106616558135, -0.004515541314557156], [0.016524674343127353, -0.004515541314557156, 0.2889407971336508]], "chi2_level": 0.997, "chi2_df": 3, "chi2_threshold": 13.931422665512084, "N_raw": 21, "N_roi": 21, "N_inlier": 21, "refit": true}
{"timestamp": "13:55:02.149707", "frame": 93, "mu": [1.315654229234979, 3.187230451188021, 0.6935396069744836], "Sigma": [[0.0032755544721548074, -0.0030852762913086956, 0.01819490903656237], [-0.003085276291308695, 0.00550099093736469, -0.026659239190448575], [0.018194909036562373, -0.026659239190448575, 0.2397554156641321]], "chi2_level": 0.997, "chi2_df": 3, "chi2_threshold": 13.931422665512084, "N_raw": 9, "N_roi": 9, "N_inlier": 9, "refit": true}
{"timestamp": "13:55:02.211951", "frame": 94, "mu": [1.3850591232855556, 3.2339866933327452, 1.3795059166782462], "Sigma": [[0.017859528162392273, -0.009182581429303992, -0.02458186316252082], [-0.009182581429303992, 0.009359768295123357, 0.010754410464706491], [-0.024581863162520815, 0.010754410464706488, 0.05492556171832344]], "chi2_level": 0.997, "chi2_df": 3, "chi2_threshold": 13.931422665512084, "N_raw": 54, "N_roi": 54, "N_inlier": 51, "refit": true}
{"timestamp": "13:55:02.261937", "frame": 95, "mu": [1.465632720621402, 3.294447777248471, 0.06688042178631014], "Sigma": [[0.015371751660599635, 0.008136248020762188, -0.041844295254501035], [0.008136248020762188, 0.020315132167614526, -0.051184968945356596], [-0.04184429525450103, -0.051184968945356596, 0.19801592319299974]], "chi2_level": 0.997, "chi2_df": 3, "chi2_threshold": 13.931422665512084, "N_raw": 19, "N_roi": 19, "N_inlier": 19, "refit": true}
{"timestamp": "13:55:02.315809", "frame": 96, "mu": [1.5324958104975768, 3.1032839215572507, 0.9008633346486165], "Sigma": [[0.018039249267096963, -9.395321411690381e-06, -0.04826134712140148], [-9.395321411689948e-06, 0.002918698386835129, -0.009799020126920532], [-0.04826134712140148, -0.009799020126920532, 0.1779130365686584]], "chi2_level": 0.997, "chi2_df": 3, "chi2_threshold": 13.931422665512084, "N_raw": 14, "N_roi": 14, "N_inlier": 14, "refit": true}
{"timestamp": "13:55:02.369646", "frame": 97, "mu": [1.620942546010422, 3.1128718885869286, 0.9169729465240656], "Sigma": [[0.005208749514595753, 0.0023152323530441672, -0.019516209531670076], [0.0023152323530441672, 0.0038285256774465283, -0.017873748376840776], [-0.019516209531670076, -0.017873748376840776, 0.1412984179066539]], "chi2_level": 0.997, "chi2_df": 3, "chi2_threshold": 13.931422665512084, "N_raw": 7, "N_roi": 7, "N_inlier": 7, "refit": true}
{"timestamp": "13:55:02.485115", "frame": 99, "mu": [1.628943213594066, 3.1633411320208262, 1.1360608441914923], "Sigma": [[0.014120437488085292, -0.008028331122285556, -0.006032795021497949], [-0.008028331122285556, 0.013432723149884343, 0.013517677053651204], [-0.006032795021497948, 0.013517677053651204, 0.015323929609580117]], "chi2_level": 0.997, "chi2_df": 3, "chi2_threshold": 13.931422665512084, "N_raw": 39, "N_roi": 37, "N_inlier": 36, "refit": true}
{"timestamp": "13:55:02.605077", "frame": 100, "mu": [1.6564736828609712, 3.180945043763899, 1.2043185843395987], "Sigma": [[0.013340230658702238, -0.009240140899498692, -0.0059126720895749454], [-0.009240140899498692, 0.013121106284502046, 0.007480761621600366], [-0.0059126720895749454, 0.007480761621600366, 0.059362632303091564]], "chi2_level": 0.997, "chi2_df": 3, "chi2_threshold": 13.931422665512084, "N_raw": 38, "N_roi": 38, "N_inlier": 37, "refit": true}
{"timestamp": "13:55:02.617489", "frame": 101, "mu": [1.694624546519258, 3.2923958774056636, 0.5272471741291063], "Sigma": [[0.005319386278108239, -0.0016470906227707052, -0.00027446047444716756], [-0.0016470906227707052, 0.008865685548157323, -0.024709058142019024], [-0.00027446047444716756, -0.024709058142019024, 0.13861741821218707]], "chi2_level": 0.997, "chi2_df": 3, "chi2_threshold": 13.931422665512084, "N_raw": 22, "N_roi": 22, "N_inlier": 21, "refit": true}
{"timestamp": "13:55:02.702270", "frame": 103, "mu": [1.759415170954661, 3.3233040058294563, 1.5495677778629988], "Sigma": [[0.007750384774643825, -0.0036546927760502893, -0.0011043067614312993], [-0.00365469277605029, 0.005104166804971327, 0.0012033448205313831], [-0.0011043067614312993, 0.0012033448205313831, 0.0022808807368113857]], "chi2_level": 0.997, "chi2_df": 3, "chi2_threshold": 13.931422665512084, "N_raw": 24, "N_roi": 22, "N_inlier": 21, "refit": true}
{"timestamp": "13:55:02.758172", "frame": 104, "mu": [1.768234247371911, 3.309245181673304, 1.5430149662093438], "Sigma": [[0.007431134752858014, -0.0034023760490962535, 0.0009574176692975695], [-0.0034023760490962535, 0.0057507717336033135, -0.001137705991758832], [0.0009574176692975696, -0.001137705991758832, 0.00024104406246016393]], "chi2_level": 0.997, "chi2_df": 3, "chi2_threshold": 13.931422665512084, "N_raw": 26, "N_roi": 26, "N_inlier": 24, "refit": true}
{"timestamp": "13:55:02.809685", "frame": 105, "mu": [1.7817012853865832, 3.311211040506855, 1.5282647134614953], "Sigma": [[0.0016764673847786014, -0.0011219349311611191, 0.00021212599721695159], [-0.001121934931161119, 0.006336285010624602, 0.0013039979075512062], [0.00021212599721695164, 0.0013039979075512064, 0.0014018046621617373]], "chi2_level": 0.997, "chi2_df": 3, "chi2_threshold": 13.931422665512084, "N_raw": 8, "N_roi": 8, "N_inlier": 8, "refit": true}
{"timestamp": "13:55:02.921072", "frame": 107, "mu": [1.9565398227039208, 3.2383608426160158, 0.8086989318387683], "Sigma": [[0.002723642729206093, -0.0030345679342463987, -0.019227444376341864], [-0.003034567934246399, 0.006620598122908318, 0.03820404399002358], [-0.019227444376341864, 0.038204043990023584, 0.3165822352943661]], "chi2_level": 0.997, "chi2_df": 3, "chi2_threshold": 13.931422665512084, "N_raw": 11, "N_roi": 11, "N_inlier": 11, "refit": true}
{"timestamp": "13:55:03.030757", "frame": 109, "mu": [1.964221533942829, 3.3862714633246638, 1.5156089149115097], "Sigma": [[0.006683637946123831, -0.002721393689697964, 0.0009795137354004], [-0.0027213936896979644, 0.005182783615835844, 0.0004631897700622949], [0.0009795137354004, 0.00046318977006229515, 0.003099655596469281]], "chi2_level": 0.997, "chi2_df": 3, "chi2_threshold": 13.931422665512084, "N_raw": 18, "N_roi": 18, "N_inlier": 18, "refit": true}
{"timestamp": "13:55:03.141507", "frame": 111, "mu": [2.133660965804473, 3.365369130918693, 1.4999836454358169], "Sigma": [[0.0029613843755755187, -5.2723020114694215e-05, 0.009493144778676918], [-5.2723020114694215e-05, 0.005578184428977293, 0.020412113620958156], [0.009493144778676918, 0.020412113620958156, 0.222545591139738]], "chi2_level": 0.997, "chi2_df": 3, "chi2_threshold": 13.931422665512084, "N_raw": 11, "N_roi": 11, "N_inlier": 11, "refit": true}
