{"timestamp": "14:47:28.799217", "frame": 19, "mu": [2.273837970526114, 4.862342216872826, 0.9703375951026313], "Sigma": [[0.017756693422062066, -0.007290261310544903, -0.00931367462255829], [-0.007290261310544903, 0.006580577516320085, -0.0008807307703556068], [-0.00931367462255829, -0.0008807307703556069, 0.014202109983139559]], "chi2_level": 0.997, "chi2_df": 3, "chi2_threshold": 13.931422665512084, "N_raw": 44, "N_roi": 30, "N_inlier": 30, "refit": true}
{"timestamp": "14:47:28.852579", "frame": 20, "mu": [2.2970641473717777, 4.915494377387555, 0.1317679150633732], "Sigma": [[0.009857995666401238, -0.004022325509374832, -0.002074570126543082], [-0.004022325509374832, 0.0022024948040512997, 0.0006581723468672621], [-0.0020745701265430824, 0.0006581723468672622, 0.0007082202606265634]], "chi2_level": 0.997, "chi2_df": 3, "chi2_threshold": 13.931422665512084, "N_raw": 16, "N_roi": 7, "N_inlier": 7, "refit": true}
{"timestamp": "14:47:28.910067", "frame": 21, "mu": [2.264087674713767, 4.8299777497692205, 0.6196088528757804], "Sigma": [[0.01947105274700757, -0.01136483113193749, -0.0016791617552957081], [-0.01136483113193749, 0.009308937459111322, -0.0006543178303240845], [-0.001679161755295708, -0.0006543178303240842, 0.006464578253874386]], "chi2_level": 0.997, "chi2_df": 3, "chi2_threshold": 13.931422665512084, "N_raw": 30, "N_roi": 25, "N_inlier": 24, "refit": true}
{"timestamp": "14:47:28.962052", "frame": 22, "mu": [2.257122123316768, 4.758993481999173, 0.6588035236830999], "Sigma": [[0.01169520468673264, -0.005141820304186294, -0.0007556754892842985], [-0.005141820304186294, 0.004745432941270856, -0.002219773370077965], [-0.0007556754892842984, -0.0022197733700779643, 0.004393203031445108]], "chi2_level": 0.997, "chi2_df": 3, "chi2_threshold": 13.931422665512084, "N_raw": 14, "N_roi": 12, "N_inlier": 12, "refit": true}
{"timestamp": "14:47:29.073119", "frame": 24, "mu": [2.134804364246696, 4.745778170755606, 0.8951924455138256], "Sigma": [[0.01656733517638514, -0.004969351633856962, -0.007890138668434335], [-0.004969351633856962, 0.004631278942516726, -0.002556808070988502], [-0.007890138668434335, -0.002556808070988502, 0.02228845796118279]], "chi2_level": 0.997, "chi2_df": 3, "chi2_threshold": 13.931422665512084, "N_raw": 26, "N_roi": 23, "N_inlier": 22, "refit": true}
{"timestamp": "14:47:29.133335", "frame": 25, "mu": [2.110442413067894, 4.753376333791476, 0.8154618117024075], "Sigma": [[0.028747899194209392, -0.01648258545368225, -0.0025460843598391833], [-0.01648258545368225, 0.012003716979782536, -0.0046236812602068154], [-0.0025460843598391833, -0.0046236812602068154, 0.02039003174727995]], "chi2_level": 0.997, "chi2_df": 3, "chi2_threshold": 13.931422665512084, "N_raw": 56, "N_roi": 46, "N_inlier": 46, "refit": true}
{"timestamp": "14:47:29.183004", "frame": 26, "mu": [2.1452541842487527, 4.655217725804176, 0.6860135811577209], "Sigma": [[0.010029413351052967, -0.0039684799334743625, -0.011218059259540336], [-0.003968479933474363, 0.0030811498687136757, 0.00018505705137188166], [-0.011218059259540336, 0.0001850570513718817, 0.029217221603467326]], "chi2_level": 0.997, "chi2_df": 3, "chi2_threshold": 13.931422665512084, "N_raw": 16, "N_roi": 13, "N_inlier": 12, "refit": true}
{"timestamp": "14:47:29.348092", "frame": 29, "mu": [2.100344758139989, 4.512755027085931, 0.6753639700185677], "Sigma": [[0.01701103845764876, -0.008904414905662178, -0.005070530389178927], [-0.008904414905662178, 0.004892668752090317, 0.004330267510165979], [-0.005070530389178927, 0.004330267510165979, 0.0473472188616836]], "chi2_level": 0.997, "chi2_df": 3, "chi2_threshold": 13.931422665512084, "N_raw": 24, "N_roi": 22, "N_inlier": 21, "refit": true}
{"timestamp": "14:47:29.404980", "frame": 30, "mu": [1.9926456709009854, 4.552433439016748, 0.7602666638072323], "Sigma": [[0.020693334491564623, -0.011493728971789557, -0.005745662760849901], [-0.011493728971789557, 0.008615200139252956, 0.0004938932315557364], [-0.005745662760849899, 0.0004938932315557361, 0.009095549713015691]], "chi2_level": 0.997, "chi2_df": 3, "chi2_threshold": 13.931422665512084, "N_raw": 35, "N_roi": 33, "N_inlier": 33, "refit": true}
{"timestamp": "14:47:29.460007", "frame": 31, "mu": [1.9312189333047858, 4.517607653305605, 0.7978030395601724], "Sigma": [[0.021506394125056727, -0.01061683249217373, -0.009596449311199833], [-0.01061683249217373, 0.007081847212548412, 0.0018207003951730273], [-0.009596449311199833, 0.0018207003951730273, 0.013676455800877885]], "chi2_level": 0.997, "chi2_df": 3, "chi2_threshold": 13.931422665512084, "N_raw": 36, "N_roi": 34, "N_inlier": 34, "refit": true}
{"timestamp": "14:47:29.513277", "frame": 32, "mu": [1.887822213085558, 4.518683571878601, 0.7191347825537154], "Sigma": [[0.015516690612038581, -0.0087677631554944, -0.005478737829479935], [-0.0087677631554944, 0.006828013108091929, -0.0004930066170533241], [-0.005478737829479935, -0.0004930066170533245, 0.026903039801510216]], "chi2_level": 0.997, "chi2_df": 3, "chi2_threshold": 13.931422665512084, "N_raw": 27, "N_roi": 26, "N_inlier": 26, "refit": true}
{"timestamp": "14:47:29.624637", "frame": 34, "mu": [1.8492560599193777, 4.444392016599724, 1.02330345543736], "Sigma": [[0.02274262448972763, -0.012453224290101839, -0.015357598074339828], [-0.012453224290101839, 0.008270113499704882, 0.004720595684395347], [-0.015357598074339828, 0.004720595684395347, 0.036387298933737516]], "chi2_level": 0.997, "chi2_df": 3, "chi2_threshold": 13.931422665512084, "N_raw": 33, "N_roi": 32, "N_inlier": 31, "refit": true}
{"timestamp": "14:47:29.734103", "frame": 36, "mu": [1.7887335485340905, 4.299610214775004, 0.5879620102726181], "Sigma": [[0.024864049745708595, -0.011195177381195008, -0.013771860037375705], [-0.011195177381195008, 0.009165611315934715, 0.007670260367421298], [-0.013771860037375705, 0.007670260367421298, 0.010572080957373014]], "chi2_level": 0.997, "chi2_df": 3, "chi2_threshold": 13.931422665512084, "N_raw": 34, "N_roi": 32, "N_inlier": 32, "refit": true}
{"timestamp": "14:47:29.790977", "frame": 37, "mu": [1.760889576413105, 4.260984829751992, 0.5999849565306994], "Sigma": [[0.023005524102566167, -0.01047734009086455, -0.0017667817207967095], [-0.010477340090864548, 0.009948283439280446, 0.0009715151647751354], [-0.00176678172079671, 0.0009715151647751354, 0.0014104077311109069]], "chi2_level": 0.997, "chi2_df": 3, "chi2_threshold": 13.931422665512084, "N_raw": 39, "N_roi": 39, "N_inlier": 39, "refit": true}
{"timestamp": "14:47:29.899641", "frame": 39, "mu": [1.7200607818142213, 4.238459284109039, 0.7985994433263562], "Sigma": [[0.025367847751350647, -0.011039225549694009, -0.012439451263583435], [-0.011039225549694009, 0.005643437739676641, 0.002619853498113759], [-0.012439451263583437, 0.0026198534981137583, 0.025730708479694525]], "chi2_level": 0.997, "chi2_df": 3, "chi2_threshold": 13.931422665512084, "N_raw": 36, "N_roi": 36, "N_inlier": 36, "refit": true}
{"timestamp": "14:47:29.957432", "frame": 40, "mu": [1.7257166245152054, 4.144239448600096, 0.4763786420278533], "Sigma": [[0.0297655910021504, -0.015024512611772407, -0.003711873869127756], [-0.015024512611772407, 0.009123921416466238, 5.645907833507077e-06], [-0.0037118738691277564, 5.645907833507158e-06, 0.0070735128003603905]], "chi2_level": 0.997, "chi2_df": 3, "chi2_threshold": 13.931422665512084, "N_raw": 40, "N_roi": 40, "N_inlier": 39, "refit": true}
{"timestamp": "14:47:30.011572", "frame": 41, "mu": [1.7416589955645208, 4.118191912326784, 0.6624372405441031], "Sigma": [[0.02393725026403233, -0.013723586463495276, -0.019325544703641007], [-0.013723586463495276, 0.009017702384702278, 0.008177107112662353], [-0.019325544703641007, 0.008177107112662355, 0.03427790794922868]], "chi2_level": 0.997, "chi2_df": 3, "chi2_threshold": 13.931422665512084, "N_raw": 43, "N_roi": 38, "N_inlier": 37, "refit": true}
{"timestamp": "14:47:30.063323", "frame": 42, "mu": [1.6320685570116034, 4.136637990908828, 0.543201144196081], "Sigma": [[0.01860923843772644, -0.014783507645923745, -0.006148817676516549], [-0.014783507645923743, 0.013383299272691697, 0.0017448608008557116], [-0.00614881767651655, 0.0017448608008557118, 0.023961223228847698]], "chi2_level": 0.997, "chi2_df": 3, "chi2_threshold": 13.931422665512084, "N_raw": 19, "N_roi": 19, "N_inlier": 19, "refit": true}
{"timestamp": "14:47:30.120059", "frame": 43, "mu": [1.6240684218931125, 4.242643918657652, -0.2103791710866754], "Sigma": [[0.022918679557236726, -0.006716931550671759, -0.026589534881646826], [-0.00671693155067176, 0.005706752261062172, 0.001206056382812903], [-0.026589534881646826, 0.0012060563828129027, 0.04629437650104586]], "chi2_level": 0.997, "chi2_df": 3, "chi2_threshold": 13.931422665512084, "N_raw": 35, "N_roi": 35, "N_inlier": 35, "refit": true}
{"timestamp": "14:47:30.171670", "frame": 44, "mu": [1.48034477479557, 4.098898273879184, 0.7589638984762477], "Sigma": [[0.011126395539589693, -0.005808669854501742, -0.007876667218204746], [-0.005808669854501742, 0.006382730597237778, -0.009057231511622585], [-0.007876667218204746, -0.009057231511622585, 0.0691887395507636]], "chi2_level": 0.997, "chi2_df": 3, "chi2_threshold": 13.931422665512084, "N_raw": 9, "N_roi": 7, "N_inlier": 7, "refit": true}
{"timestamp": "14:47:30.227129", "frame": 45, "mu": [1.5077983234281682, 4.033540878163899, 0.9368989750459965], "Sigma": [[0.007199740560495123, -0.004281319211717621, -0.008447871730245264], [-0.004281319211717621, 0.004188912372619748, -0.0004288592771352917], [-0.008447871730245264, -0.00042885927713529103, 0.03791159514859245]], "chi2_level": 0.997, "chi2_df": 3, "chi2_threshold": 13.931422665512084, "N_raw": 12, "N_roi": 11, "N_inlier": 11, "refit": true}
{"timestamp": "14:47:30.285636", "frame": 46, "mu": [1.5848946856281185, 3.956916303901415, 0.8260035738087282], "Sigma": [[0.020278955994197975, -0.012771780162366936, -0.014346986793763124], [-0.012771780162366936, 0.011560225280292196, 0.008557904085498074], [-0.014346986793763124, 0.008557904085498074, 0.011968434746529578]], "chi2_level": 0.997, "chi2_df": 3, "chi2_threshold": 13.931422665512084, "N_raw": 37, "N_roi": 37, "N_inlier": 35, "refit": true}
{"timestamp": "14:47:30.342246", "frame": 47, "mu": [1.4613134324102575, 3.9468356407129166, 0.9085846054412314], "Sigma": [[0.025046164225196108, -0.013053323567122098, -0.012829624561966485], [-0.013053323567122098, 0.008929259085228925, 0.0022150101205058374], [-0.012829624561966485, 0.0022150101205058374, 0.02636150747019737]], "chi2_level": 0.997, "chi2_df": 3, "chi2_threshold": 13.931422665512084, "N_raw": 46, "N_roi": 46, "N_inlier": 45, "refit": true}
{"timestamp": "14:47:30.396753", "frame": 48, "mu": [1.4894747333550429, 3.8568718156539195, 0.7433583931681893], "Sigma": [[0.023455926123348753, -0.010757813310498719, -0.0031668195338889387], [-0.010757813310498719, 0.006407701121464195, -0.00224585108703156], [-0.0031668195338889387, -0.00224585108703156, 0.026271044657650056]], "chi2_level": 0.997, "chi2_df": 3, "chi2_threshold": 13.931422665512084, "N_raw": 49, "N_roi": 49, "N_inlier": 48, "refit": true}
{"timestamp": "14:47:30.452245", "frame": 49, "mu": [1.3187636037511725, 3.8968071810449105, 0.6928010560454196], "Sigma": [[0.021565465495603543, -0.007800115377493861, 0.005266957417631517], [-0.007800115377493861, 0.004593165257715896, -0.003179895493655812], [0.005266957417631515, -0.003179895493655812, 0.06965532826448559]], "chi2_level": 0.997, "chi2_df": 3, "chi2_threshold": 13.931422665512084, "N_raw": 48, "N_roi": 48, "N_inlier": 48, "refit": true}
{"timestamp": "14:47:30.507748", "frame": 50, "mu": [1.1398718576062803, 4.035805903693413, 0.5369679183687812], "Sigma": [[0.02493582355611979, -0.010544315957367609, -0.006208563328074349], [-0.010544315957367607, 0.009353113947471533, 0.0007540194570047186], [-0.006208563328074349, 0.0007540194570047183, 0.007117087351365758]], "chi2_level": 0.997, "chi2_df": 3, "chi2_threshold": 13.931422665512084, "N_raw": 52, "N_roi": 52, "N_inlier": 50, "refit": true}
{"timestamp": "14:47:30.565572", "frame": 51, "mu": [1.163775415540167, 3.9194419594173375, 0.554792534246368], "Sigma": [[0.032981248764614134, -0.014080717501455495, 0.01247183137140179], [-0.014080717501455498, 0.012035964824468144, -0.010045217805875632], [0.01247183137140179, -0.010045217805875632, 0.031708601583645975]], "chi2_level": 0.997, "chi2_df": 3, "chi2_threshold": 13.931422665512084, "N_raw": 75, "N_roi": 75, "N_inlier": 75, "refit": true}
{"timestamp": "14:47:30.622027", "frame": 52, "mu": [1.179384549234415, 4.0487770919086215, -0.23405541466594187], "Sigma": [[0.032640617430664653, -0.017331566932985546, 0.03004053739158718], [-0.017331566932985546, 0.01862565355588599, -0.044547691737278676], [0.03004053739158718, -0.044547691737278676, 0.13069075335502012]], "chi2_level": 0.997, "chi2_df": 3, "chi2_threshold": 13.931422665512084, "N_raw": 77, "N_roi": 77, "N_inlier": 76, "refit": true}
{"timestamp": "14:47:30.673835", "frame": 53, "mu": [1.2396285377066174, 3.77398453766451, 0.6381736773169027], "Sigma": [[0.02378317759980561, -0.009528814630397429, -0.0022229205744664082], [-0.009528814630397429, 0.007287584716373744, -0.002344718350750207], [-0.002222920574466408, -0.0023447183507502066, 0.006089664603554436]], "chi2_level": 0.997, "chi2_df": 3, "chi2_threshold": 13.931422665512084, "N_raw": 51, "N_roi": 51, "N_inlier": 50, "refit": true}
{"timestamp": "14:47:30.725773", "frame": 54, "mu": [1.0896872846258536, 3.7858893795775526, 0.4401934684327638], "Sigma": [[0.023828746473892132, -0.00499515915981722, 0.004082497751720577], [-0.00499515915981722, 0.0029878792946687123, -0.002606807120909976], [0.004082497751720577, -0.002606807120909976, 0.012576435253945474]], "chi2_level": 0.997, "chi2_df": 3, "chi2_threshold": 13.931422665512084, "N_raw": 36, "N_roi": 36, "N_inlier": 35, "refit": true}
{"timestamp": "14:47:30.783735", "frame": 55, "mu": [1.1607023550299453, 3.6952843494203136, 0.47243786915913943], "Sigma": [[0.028138497467470668, -0.01529893045345421, 0.0036233773009649267], [-0.01529893045345421, 0.011671563064051425, -0.005647112453114602], [0.0036233773009649263, -0.005647112453114602, 0.00896194051711484]], "chi2_level": 0.997, "chi2_df": 3, "chi2_threshold": 13.931422665512084, "N_raw": 60, "N_roi": 60, "N_inlier": 59, "refit": true}
{"timestamp": "14:47:30.833736", "frame": 56, "mu": [1.1980141500283654, 3.5954055242127967, 0.6690572620671418], "Sigma": [[0.01907052573985378, -0.010514822141059966, -0.01174236698892393], [-0.01051482214105997, 0.007569518090766694, 0.005432015866484291], [-0.01174236698892393, 0.005432015866484292, 0.009997944626319635]], "chi2_level": 0.997, "chi2_df": 3, "chi2_threshold": 13.931422665512084, "N_raw": 28, "N_roi": 28, "N_inlier": 26, "refit": true}
{"timestamp": "14:47:30.892308", "frame": 57, "mu": [1.1266828789728054, 3.6378371977139734, 0.8253348372414948], "Sigma": [[0.017954806624059537, -0.011183424039742693, 0.006662455839283935], [-0.011183424039742693, 0.01228681508793835, -0.014735855099556472], [0.006662455839283935, -0.014735855099556473, 0.04113078631893817]], "chi2_level": 0.997, "chi2_df": 3, "chi2_threshold": 13.931422665512084, "N_raw": 45, "N_roi": 45, "N_inlier": 45, "refit": true}
{"timestamp": "14:47:30.941756", "frame": 58, "mu": [1.0510137943076576, 3.637245227709288, 0.5187453552353799], "Sigma": [[0.01601512276884729, -0.007929024171355157, 0.029732358997635336], [-0.007929024171355157, 0.005812183219783486, -0.019584222975091596], [0.02973235899763533, -0.019584222975091596, 0.14119760624700026]], "chi2_level": 0.997, "chi2_df": 3, "chi2_threshold": 13.931422665512084, "N_raw": 8, "N_roi": 8, "N_inlier": 8, "refit": true}
{"timestamp": "14:47:31.006598", "frame": 59, "mu": [1.0060915152797267, 3.6196228317494277, 0.513261230219047], "Sigma": [[0.03534294211658978, -0.024526516470866996, 0.004827481117257809], [-0.024526516470866996, 0.0248925985092106, -0.010661043511672014], [0.004827481117257809, -0.010661043511672014, 0.013187678195803167]], "chi2_level": 0.997, "chi2_df": 3, "chi2_threshold": 13.931422665512084, "N_raw": 79, "N_roi": 79, "N_inlier": 76, "refit": true}
{"timestamp": "14:47:31.059972", "frame": 60, "mu": [0.8721237943949769, 3.7395623465200925, -0.8327146313710806], "Sigma": [[0.018228279526053832, -0.001854646009257398, 0.051071512756603044], [-0.0018546460092573977, 0.01050830458896103, 0.0029996603405022105], [0.051071512756603044, 0.0029996603405022105, 0.26588184357239236]], "chi2_level": 0.997, "chi2_df": 3, "chi2_threshold": 13.931422665512084, "N_raw": 65, "N_roi": 65, "N_inlier": 62, "refit": true}
{"timestamp": "14:47:31.109914", "frame": 61, "mu": [0.9785187560671106, 3.43146205476699, 0.4795121305031877], "Sigma": [[0.017012257605610204, -0.009474558022646344, -0.020258180983630185], [-0.009474558022646344, 0.010052102751445123, 0.01055219150890004], [-0.020258180983630185, 0.01055219150890004, 0.05858668406202622]], "chi2_level": 0.997, "chi2_df": 3, "chi2_threshold": 13.931422665512084, "N_raw": 33, "N_roi": 33, "N_inlier": 33, "refit": true}
{"timestamp": "14:47:31.168970", "frame": 62, "mu": [0.9078980095064165, 3.449504377662029, 0.6327278279012003], "Sigma": [[0.025715243944610826, -0.006817041384505936, -0.000693911558024084], [-0.006817041384505937, 0.008935938661068557, 0.0014718835988070775], [-0.0006939115580240837, 0.0014718835988070775, 0.0032817940216364667]], "chi2_level": 0.997, "chi2_df": 3, "chi2_threshold": 13.931422665512084, "N_raw": 61, "N_roi": 61, "N_inlier": 60, "refit": true}
{"timestamp": "14:47:31.223691", "frame": 63, "mu": [0.9062386714224213, 3.4207519776459243, 0.7925591004451853], "Sigma": [[0.023753521600406047, -0.00787612077248028, -0.005925655376379221], [-0.00787612077248028, 0.005128721852056256, -0.0007564768518555033], [-0.005925655376379221, -0.0007564768518555033, 0.00867252810618839]], "chi2_level": 0.997, "chi2_df": 3, "chi2_threshold": 13.931422665512084, "N_raw": 52, "N_roi": 52, "N_inlier": 52, "refit": true}
{"timestamp": "14:47:31.276401", "frame": 64, "mu": [0.801975218585354, 3.4095474198614992, 0.5965005371838725], "Sigma": [[0.014056687338865906, -0.0019425044835556498, 0.0013196003522148278], [-0.0019425044835556496, 0.0031428931115587526, -0.0022721864293657407], [0.0013196003522148278, -0.0022721864293657403, 0.003087761862617629]], "chi2_level": 0.997, "chi2_df": 3, "chi2_threshold": 13.931422665512084, "N_raw": 42, "N_roi": 42, "N_inlier": 41, "refit": true}
{"timestamp": "14:47:31.333669", "frame": 65, "mu": [0.7995293100579791, 3.3435537932344213, 0.8175776245670893], "Sigma": [[0.01733944183300668, -0.004328156337880966, -0.008067855973534415], [-0.004328156337880966, 0.001634345888490314, 0.0005374663443339138], [-0.008067855973534415, 0.0005374663443339139, 0.05077230861332016]], "chi2_level": 0.997, "chi2_df": 3, "chi2_threshold": 13.931422665512084, "N_raw": 57, "N_roi": 57, "N_inlier": 57, "refit": true}
{"timestamp": "14:47:31.386838", "frame": 66, "mu": [0.6317826716315863, 3.3755888737768664, 0.9244920593899917], "Sigma": [[0.013550274676768332, -0.005931576685054757, -0.00989470326544998], [-0.005931576685054757, 0.0031522888212716445, 0.002225681173811703], [-0.00989470326544998, 0.002225681173811703, 0.02484404027211321]], "chi2_level": 0.997, "chi2_df": 3, "chi2_threshold": 13.931422665512084, "N_raw": 37, "N_roi": 37, "N_inlier": 37, "refit": true}
{"timestamp": "14:47:31.440893", "frame": 67, "mu": [0.6995301892750337, 3.322885078059513, 0.8581974860770232], "Sigma": [[0.015999643288157943, -0.009385978605285525, -0.024634188241400894], [-0.009385978605285525, 0.007624878462827827, 0.012450834279602849], [-0.024634188241400894, 0.012450834279602852, 0.05124528561862561]], "chi2_level": 0.997, "chi2_df": 3, "chi2_threshold": 13.931422665512084, "N_raw": 45, "N_roi": 43, "N_inlier": 42, "refit": true}
{"timestamp": "14:47:31.500718", "frame": 68, "mu": [0.691650750423784, 3.233048540878287, 0.7662422559454382], "Sigma": [[0.016428910719353013, -0.006888890388513808, -0.00688510149518709], [-0.006888890388513808, 0.007385387384113115, -0.00032478621176762116], [-0.00688510149518709, -0.00032478621176762126, 0.008752726899983992]], "chi2_level": 0.997, "chi2_df": 3, "chi2_threshold": 13.931422665512084, "N_raw": 63, "N_roi": 62, "N_inlier": 61, "refit": true}
{"timestamp": "14:47:31.553193", "frame": 69, "mu": [0.5957085838591029, 3.243215765704747, 0.8867827047119327], "Sigma": [[0.021088736331294152, -0.003783989571608952, -0.012644433429683855], [-0.003783989571608952, 0.0034270058742412145, 0.0009879999196065734], [-0.012644433429683856, 0.0009879999196065734, 0.013193775680589452]], "chi2_level": 0.997, "chi2_df": 3, "chi2_threshold": 13.931422665512084, "N_raw": 51, "N_roi": 51, "N_inlier": 50, "refit": true}
{"timestamp": "14:47:31.608208", "frame": 70, "mu": [0.6214501841649445, 3.1786609872657947, 0.8470075842757656], "Sigma": [[0.01782284285060483, -0.008919506543551049, -0.01611888599480096], [-0.008919506543551049, 0.008546143510492326, 0.006779376390080666], [-0.01611888599480096, 0.006779376390080666, 0.016475606740590322]], "chi2_level": 0.997, "chi2_df": 3, "chi2_threshold": 13.931422665512084, "N_raw": 55, "N_roi": 55, "N_inlier": 54, "refit": true}
{"timestamp": "14:47:31.664808", "frame": 71, "mu": [0.5490857236679516, 3.183344076774611, 1.0685406889246771], "Sigma": [[0.02498655827787072, -0.010072227497228695, -0.02692169008405175], [-0.010072227497228695, 0.008729211963382595, 0.008552953139586126], [-0.02692169008405175, 0.008552953139586126, 0.033769093615495]], "chi2_level": 0.997, "chi2_df": 3, "chi2_threshold": 13.931422665512084, "N_raw": 69, "N_roi": 69, "N_inlier": 69, "refit": true}
{"timestamp": "14:47:31.719721", "frame": 72, "mu": [0.5908974045660991, 3.0780325941715674, 0.9907584340471339], "Sigma": [[0.020048271603008566, -0.009888628214481499, -0.026282607355107054], [-0.009888628214481495, 0.009591074380117555, 0.012425988420634304], [-0.026282607355107054, 0.012425988420634306, 0.03720870791130061]], "chi2_level": 0.997, "chi2_df": 3, "chi2_threshold": 13.931422665512084, "N_raw": 60, "N_roi": 59, "N_inlier": 57, "refit": true}
{"timestamp": "14:47:31.775825", "frame": 73, "mu": [0.5092150059500605, 3.0702612626013064, 0.8840025842732614], "Sigma": [[0.018032072601854125, -0.009670838326350864, 0.002207324369715046], [-0.009670838326350864, 0.009156837198694591, -0.0044683464250928956], [0.0022073243697150456, -0.0044683464250928956, 0.009826520906206481]], "chi2_level": 0.997, "chi2_df": 3, "chi2_threshold": 13.931422665512084, "N_raw": 71, "N_roi": 71, "N_inlier": 67, "refit": true}
{"timestamp": "14:47:31.838906", "frame": 74, "mu": [0.3786888014845636, 3.074835250331372, 0.8261117366565456], "Sigma": [[0.025978786696534622, -0.013395833459413614, 0.0036220815002527777], [-0.01339583345941361, 0.01357836764124773, -0.00894938780008911], [0.0036220815002527777, -0.008949387800089111, 0.03593028292793885]], "chi2_level": 0.997, "chi2_df": 3, "chi2_threshold": 13.931422665512084, "N_raw": 121, "N_roi": 120, "N_inlier": 118, "refit": true}
{"timestamp": "14:47:31.891262", "frame": 75, "mu": [0.35807439808257563, 3.0585091094980923, -0.47755612298551176], "Sigma": [[0.024381220619507274, -0.009037654459293117, 0.12022133286313344], [-0.009037654459293117, 0.00836205216965453, -0.04575359752149677], [0.12022133286313343, -0.04575359752149677, 0.9632419101831311]], "chi2_level": 0.997, "chi2_df": 3, "chi2_threshold": 13.931422665512084, "N_raw": 101, "N_roi": 101, "N_inlier": 101, "refit": true}
{"timestamp": "14:47:31.949192", "frame": 76, "mu": [0.2867090770873664, 3.0568865321307572, 0.9551460393226913], "Sigma": [[0.021913842708567614, -0.009174779592516998, 0.00027820961696075816], [-0.009174779592516998, 0.008719049881314668, -0.01014601107916539], [0.0002782096169607584, -0.01014601107916539, 0.08356225919388013]], "chi2_level": 0.997, "chi2_df": 3, "chi2_threshold": 13.931422665512084, "N_raw": 120, "N_roi": 120, "N_inlier": 118, "refit": true}
{"timestamp": "14:47:31.999059", "frame": 77, "mu": [0.3165364811350785, 3.0327333077343175, 1.1636846548810995], "Sigma": [[0.019645553020459644, -0.004356335089243856, -0.004051505152562114], [-0.004356335089243855, 0.0062510790734664765, -0.004766816346013433], [-0.004051505152562114, -0.004766816346013434, 0.018879756044540237]], "chi2_level": 0.997, "chi2_df": 3, "chi2_threshold": 13.931422665512084, "N_raw": 87, "N_roi": 85, "N_inlier": 83, "refit": true}
{"timestamp": "14:47:32.052286", "frame": 78, "mu": [0.23426391960339776, 2.942963548941247, 0.7879365419312682], "Sigma": [[0.029583295385143232, -0.0003412698914785188, 0.0453922215468675], [-0.0003412698914785188, 0.002225560820394163, 0.007301713991601464], [0.04539222154686749, 0.007301713991601464, 0.2025514244071757]], "chi2_level": 0.997, "chi2_df": 3, "chi2_threshold": 13.931422665512084, "N_raw": 81, "N_roi": 77, "N_inlier": 77, "refit": true}
{"timestamp": "14:47:32.108407", "frame": 79, "mu": [0.18404883817308476, 2.989745767750171, 1.2477059580540275], "Sigma": [[0.019564569456550922, -0.004810293499761388, -0.006580961496289459], [-0.004810293499761388, 0.004588366862332622, -0.004348802966422068], [-0.006580961496289458, -0.004348802966422067, 0.02622053725973772]], "chi2_level": 0.997, "chi2_df": 3, "chi2_threshold": 13.931422665512084, "N_raw": 85, "N_roi": 84, "N_inlier": 79, "refit": true}
{"timestamp": "14:47:32.162464", "frame": 80, "mu": [0.13888456894386203, 2.901625821977066, 0.8008769734180795], "Sigma": [[0.03287627595761253, 0.0022631671312675077, 0.07143608796871201], [0.0022631671312675072, 0.006333351749701329, 0.02856306302218775], [0.07143608796871201, 0.02856306302218775, 0.3470098144704583]], "chi2_level": 0.997, "chi2_df": 3, "chi2_threshold": 13.931422665512084, "N_raw": 82, "N_roi": 82, "N_inlier": 80, "refit": true}
{"timestamp": "14:47:32.222102", "frame": 81, "mu": [0.0450406578043073, 2.9623994260900637, 1.0510675915516574], "Sigma": [[0.033710324011831445, -0.018939933579137563, 0.015844552328139964], [-0.018939933579137563, 0.01581603327140655, -0.019282243102183558], [0.015844552328139964, -0.019282243102183558, 0.03841912594617277]], "chi2_level": 0.997, "chi2_df": 3, "chi2_threshold": 13.931422665512084, "N_raw": 110, "N_roi": 110, "N_inlier": 106, "refit": true}
{"timestamp": "14:47:32.270269", "frame": 82, "mu": [-0.03573703238969515, 2.8916029200866067, 1.3206961416605278], "Sigma": [[0.015717049962105493, -0.0020227564045761978, -0.01382429695074096], [-0.0020227564045761978, 0.003212319466368953, -0.004099929448563805], [-0.01382429695074096, -0.004099929448563805, 0.06535597987468039]], "chi2_level": 0.997, "chi2_df": 3, "chi2_threshold": 13.931422665512084, "N_raw": 61, "N_roi": 61, "N_inlier": 57, "refit": true}
{"timestamp": "14:47:32.323910", "frame": 83, "mu": [0.005642309437139861, 2.8448273470493692, 1.0630256944988745], "Sigma": [[0.015128338664861277, -0.004206926649503794, -0.021429252838435425], [-0.004206926649503794, 0.0024062701474486014, 0.002711769934648422], [-0.02142925283843542, 0.002711769934648422, 0.05534985730968493]], "chi2_level": 0.997, "chi2_df": 3, "chi2_threshold": 13.931422665512084, "N_raw": 61, "N_roi": 61, "N_inlier": 57, "refit": true}
{"timestamp": "14:47:32.382259", "frame": 84, "mu": [-0.009927258540072701, 2.8126214970012073, 1.0373549195612661], "Sigma": [[0.015605706726028477, -0.004887782583235512, -0.018691777436471817], [-0.004887782583235512, 0.004319521554699037, -0.002140533062802196], [-0.01869177743647182, -0.002140533062802196, 0.08232538709921723]], "chi2_level": 0.997, "chi2_df": 3, "chi2_threshold": 13.931422665512084, "N_raw": 80, "N_roi": 80, "N_inlier": 76, "refit": true}
{"timestamp": "14:47:32.438404", "frame": 85, "mu": [-0.037295526474532444, 2.7656793263729926, 1.0289903080189768], "Sigma": [[0.014676789873069267, -0.004078420569237152, -0.014750769780987279], [-0.004078420569237152, 0.0034638223878834854, -0.0010930746966828202], [-0.014750769780987279, -0.0010930746966828198, 0.06079551816363879]], "chi2_level": 0.997, "chi2_df": 3, "chi2_threshold": 13.931422665512084, "N_raw": 85, "N_roi": 85, "N_inlier": 82, "refit": true}
{"timestamp": "14:47:32.500854", "frame": 86, "mu": [-0.0892094254484276, 2.743478563694145, 1.090453226403094], "Sigma": [[0.019655517228736, -0.006311207601282674, -0.021050367994170954], [-0.006311207601282674, 0.0056265481417002204, -0.0018163047610755345], [-0.021050367994170954, -0.0018163047610755341, 0.07029600847792251]], "chi2_level": 0.997, "chi2_df": 3, "chi2_threshold": 13.931422665512084, "N_raw": 105, "N_roi": 105, "N_inlier": 101, "refit": true}
{"timestamp": "14:47:32.548812", "frame": 87, "mu": [-0.12623797057687852, 2.6988276767505575, 1.0586936337826751], "Sigma": [[0.015506286728050425, -0.0014758995985083645, -0.020967470061554562], [-0.0014758995985083645, 0.0018855229228618511, -0.004110513302442404], [-0.020967470061554565, -0.004110513302442404, 0.06165449446370225]], "chi2_level": 0.997, "chi2_df": 3, "chi2_threshold": 13.931422665512084, "N_raw": 84, "N_roi": 84, "N_inlier": 81, "refit": true}
{"timestamp": "14:47:32.602752", "frame": 88, "mu": [-0.19546675627571486, 2.687386310571096, 1.1179651975419003], "Sigma": [[0.016439569024198606, -0.0008247824172356248, -0.016173952121687683], [-0.0008247824172356247, 0.0020107863553362497, -0.004815797313906979], [-0.016173952121687683, -0.004815797313906979, 0.060873281367788634]], "chi2_level": 0.997, "chi2_df": 3, "chi2_threshold": 13.931422665512084, "N_raw": 79, "N_roi": 79, "N_inlier": 75, "refit": true}
{"timestamp": "14:47:32.658995", "frame": 89, "mu": [-0.30128490951815534, 2.6577008610037693, 0.8964261179536394], "Sigma": [[0.011921375950666129, -0.0027037506620042344, 0.019749634424598497], [-0.002703750662004234, 0.0026207194172010884, -0.013277820145789529], [0.019749634424598497, -0.013277820145789527, 0.20188790846956192]], "chi2_level": 0.997, "chi2_df": 3, "chi2_threshold": 13.931422665512084, "N_raw": 86, "N_roi": 86, "N_inlier": 82, "refit": true}
{"timestamp": "14:47:32.716083", "frame": 90, "mu": [-0.3513580508389752, 2.662873789812952, 0.9372373236360728], "Sigma": [[0.02072601172297075, -0.006479482555729989, 0.013296826005535976], [-0.00647948255572999, 0.006391379170957852, -0.023313649495260276], [0.013296826005535976, -0.023313649495260276, 0.13669674959892678]], "chi2_level": 0.997, "chi2_df": 3, "chi2_threshold": 13.931422665512084, "N_raw": 99, "N_roi": 99, "N_inlier": 98, "refit": true}
{"timestamp": "14:47:32.766444", "frame": 91, "mu": [-0.3087728403984061, 2.5748829146169547, 1.166010391201753], "Sigma": [[0.014938563539055332, -0.0019755454729779246, -0.016030467471251066], [-0.0019755454729779246, 0.002980177985632674, -0.004167980958892682], [-0.01603046747125107, -0.004167980958892682, 0.06890677033171001]], "chi2_level": 0.997, "chi2_df": 3, "chi2_threshold": 13.931422665512084, "N_raw": 74, "N_roi": 74, "N_inlier": 70, "refit": true}
{"timestamp": "14:47:32.819103", "frame": 92, "mu": [-0.3709521321573997, 2.4882367295741714, 1.0287466628736042], "Sigma": [[0.010106268087088551, -0.0016038237478244398, -0.015646802163571616], [-0.0016038237478244398, 0.0016917322829160517, 0.0006304650244700655], [-0.015646802163571616, 0.0006304650244700655, 0.12017426348492483]], "chi2_level": 0.997, "chi2_df": 3, "chi2_threshold": 13.931422665512084, "N_raw": 57, "N_roi": 57, "N_inlier": 53, "refit": true}
{"timestamp": "14:47:32.883016", "frame": 93, "mu": [-0.43500800317729726, 2.411584639783159, 0.7140510649090915], "Sigma": [[0.016240613754564818, 0.002066906181888259, 0.009908563188819759], [0.002066906181888259, 0.00729215878595227, 0.039475555349127556], [0.00990856318881976, 0.039475555349127556, 0.37901704317373147]], "chi2_level": 0.997, "chi2_df": 3, "chi2_threshold": 13.931422665512084, "N_raw": 118, "N_roi": 118, "N_inlier": 117, "refit": true}
{"timestamp": "14:47:32.932501", "frame": 94, "mu": [-0.4411470785209381, 2.4503371024194402, 1.1268792640227874], "Sigma": [[0.01438300621724947, -0.002420211473020113, -0.016465085375721736], [-0.002420211473020113, 0.0026878066925249532, 0.0008263035009734521], [-0.016465085375721732, 0.0008263035009734522, 0.10695275419871522]], "chi2_level": 0.997, "chi2_df": 3, "chi2_threshold": 13.931422665512084, "N_raw": 77, "N_roi": 77, "N_inlier": 73, "refit": true}
{"timestamp": "14:47:32.988832", "frame": 95, "mu": [-0.4610073191313316, 2.473211272165171, -0.3090348885145179], "Sigma": [[0.012043983322272371, 0.00017277276371733727, 0.04657610662493682], [0.0001727727637173376, 0.0111281366663128, -0.01942216633561401], [0.04657610662493682, -0.01942216633561401, 0.3278050468355634]], "chi2_level": 0.997, "chi2_df": 3, "chi2_threshold": 13.931422665512084, "N_raw": 82, "N_roi": 82, "N_inlier": 81, "refit": true}
{"timestamp": "14:47:33.042241", "frame": 96, "mu": [-0.5355549544765744, 2.3721368230295954, 1.1413048689273768], "Sigma": [[0.009558297793292658, -0.002981013929219759, -0.011609465704720696], [-0.002981013929219759, 0.0031814835707788857, -0.0015093718844842413], [-0.011609465704720696, -0.0015093718844842413, 0.03879125871312763]], "chi2_level": 0.997, "chi2_df": 3, "chi2_threshold": 13.931422665512084, "N_raw": 70, "N_roi": 70, "N_inlier": 66, "refit": true}
{"timestamp": "14:47:33.096656", "frame": 97, "mu": [-0.5393754573956085, 2.314905342369701, 1.2206985355424187], "Sigma": [[0.013605593615547749, -0.004984401078036846, -0.01194807786830034], [-0.004984401078036847, 0.0054951392572824545, 0.0008821056525042498], [-0.011948077868300338, 0.0008821056525042496, 0.03341625230804592]], "chi2_level": 0.997, "chi2_df": 3, "chi2_threshold": 13.931422665512084, "N_raw": 70, "N_roi": 68, "N_inlier": 65, "refit": true}
{"timestamp": "14:47:33.155067", "frame": 98, "mu": [-0.6196149009321287, 2.2671292951870523, 0.994734169279202], "Sigma": [[0.021333137241239516, -0.013651715655126736, 0.00896401826304535], [-0.013651715655126736, 0.014006458297284379, -0.007700937377295789], [0.00896401826304535, -0.007700937377295789, 0.1141389074483161]], "chi2_level": 0.997, "chi2_df": 3, "chi2_threshold": 13.931422665512084, "N_raw": 103, "N_roi": 103, "N_inlier": 103, "refit": true}
{"timestamp": "14:47:33.205820", "frame": 99, "mu": [-0.7040042419738498, 2.2885090484377155, 0.7220778337713437], "Sigma": [[0.04282479926087269, -0.013918324971855637, 0.020528741317931247], [-0.013918324971855639, 0.00854609193606337, -0.001687889562324422], [0.020528741317931247, -0.0016878895623244228, 0.10600330935921531]], "chi2_level": 0.997, "chi2_df": 3, "chi2_threshold": 13.931422665512084, "N_raw": 65, "N_roi": 65, "N_inlier": 65, "refit": true}
{"timestamp": "14:47:33.371441", "frame": 100, "mu": [-0.5995942227817762, 2.1853065269627043, 0.992673496479064], "Sigma": [[0.00735068384039676, 0.00019313032650578434, -0.00024314856018953354], [0.00019313032650578396, 0.004578910580991215, -0.007097113902175897], [-0.0002431485601895331, -0.007097113902175896, 0.0721653678253108]], "chi2_level": 0.997, "chi2_df": 3, "chi2_threshold": 13.931422665512084, "N_raw": 65, "N_roi": 62, "N_inlier": 60, "refit": true}
{"timestamp": "14:47:33.379362", "frame": 101, "mu": [-0.6373428801105542, 2.336091968013949, -0.5432704168574995], "Sigma": [[0.005824170900381591, -0.004041187892034285, 0.01002541406686928], [-0.004041187892034285, 0.01657677942921815, -0.03209611973956821], [0.010025414066869283, -0.03209611973956821, 0.11134567764221348]], "chi2_level": 0.997, "chi2_df": 3, "chi2_threshold": 13.931422665512084, "N_raw": 36, "N_roi": 36, "N_inlier": 35, "refit": true}
{"timestamp": "14:47:33.414915", "frame": 102, "mu": [-0.7405351364081589, 2.0674026805232044, 0.5421638741328594], "Sigma": [[0.016914706191533235, 0.004204975483235481, 0.06366633052441098], [0.004204975483235481, 0.010965488501482835, 0.0075938416861647175], [0.06366633052441098, 0.0075938416861647175, 0.30877687728951725]], "chi2_level": 0.997, "chi2_df": 3, "chi2_threshold": 13.931422665512084, "N_raw": 10, "N_roi": 10, "N_inlier": 10, "refit": true}
{"timestamp": "14:47:33.447735", "frame": 103, "mu": [-0.7395261386819397, 2.110449702681887, 1.079535299693152], "Sigma": [[0.008817971991536526, -0.00023219544216032824, -0.00197110276090653], [-0.00023219544216032835, 0.0039121722008966485, -0.006441030620379676], [-0.0019711027609065302, -0.006441030620379676, 0.020324661806640887]], "chi2_level": 0.997, "chi2_df": 3, "chi2_threshold": 13.931422665512084, "N_raw": 83, "N_roi": 81, "N_inlier": 77, "refit": true}
{"timestamp": "14:47:33.481429", "frame": 104, "mu": [-0.7964239241723918, 2.343180362220796, -0.9443882989300293], "Sigma": [[0.010210517675430663, -0.00195325444277739, 0.02398613232692246], [-0.0019532544427773905, 0.018820333091530597, -0.07097501356398483], [0.02398613232692246, -0.07097501356398483, 0.35376017664737475]], "chi2_level": 0.997, "chi2_df": 3, "chi2_threshold": 13.931422665512084, "N_raw": 11, "N_roi": 11, "N_inlier": 11, "refit": true}
{"timestamp": "14:47:33.527781", "frame": 105, "mu": [-0.787393101883471, 2.0683123456803205, 0.516933796217204], "Sigma": [[0.017492079788863406, -0.0010919444918656603, -0.06096252690942023], [-0.0010919444918656607, 0.006988015610774709, -0.00919920023769514], [-0.06096252690942023, -0.009199200237695142, 0.5565545654906968]], "chi2_level": 0.997, "chi2_df": 3, "chi2_threshold": 13.931422665512084, "N_raw": 19, "N_roi": 19, "N_inlier": 19, "refit": true}
{"timestamp": "14:47:33.588386", "frame": 106, "mu": [-0.86632635465192, 1.9662110491471407, 1.1450136096707133], "Sigma": [[0.007987618723709662, -0.0012004457765669744, -0.005152906295645455], [-0.0012004457765669744, 0.004202479588857731, -0.0012711567643749642], [-0.005152906295645455, -0.0012711567643749642, 0.00499509374765661]], "chi2_level": 0.997, "chi2_df": 3, "chi2_threshold": 13.931422665512084, "N_raw": 58, "N_roi": 57, "N_inlier": 54, "refit": true}
{"timestamp": "14:47:33.642535", "frame": 107, "mu": [-1.042306564773436, 2.0873173368879807, 1.2936340026020905], "Sigma": [[0.013603098046611148, 0.0026819787008327024, -0.029793565029062396], [0.002681978700832703, 0.0048976715828371745, -0.003831615577661762], [-0.029793565029062396, -0.003831615577661762, 0.11356960604802249]], "chi2_level": 0.997, "chi2_df": 3, "chi2_threshold": 13.931422665512084, "N_raw": 47, "N_roi": 45, "N_inlier": 43, "refit": true}
{"timestamp": "14:47:33.696717", "frame": 108, "mu": [-1.0931495656521755, 1.9577149760352763, 1.2390845239884094], "Sigma": [[0.006842055920826196, 0.0007829830531569255, -0.0005482756320159776], [0.0007829830531569255, 0.0009017760637316069, -0.0015834334885568113], [-0.000548275632015978, -0.0015834334885568113, 0.026605180881584187]], "chi2_level": 0.997, "chi2_df": 3, "chi2_threshold": 13.931422665512084, "N_raw": 48, "N_roi": 47, "N_inlier": 44, "refit": true}
{"timestamp": "14:47:33.756431", "frame": 109, "mu": [-1.0301379170084681, 1.919701370442541, 0.849797555398873], "Sigma": [[0.027857838298185097, -0.003671993480985086, -0.06806556608342547], [-0.0036719934809850857, 0.004099024577221246, 0.0028975808221476653], [-0.06806556608342547, 0.0028975808221476653, 0.24101567898634133]], "chi2_level": 0.997, "chi2_df": 3, "chi2_threshold": 13.931422665512084, "N_raw": 76, "N_roi": 74, "N_inlier": 74, "refit": true}
{"timestamp": "14:47:33.807374", "frame": 110, "mu": [-1.0340896909230204, 1.8803120613438369, 1.160856324844568], "Sigma": [[0.00878606666957067, -0.001742537073134713, -0.019377964711238097], [-0.0017425370731347129, 0.003530882534022364, 0.010046409672250413], [-0.019377964711238097, 0.010046409672250413, 0.16750346923996026]], "chi2_level": 0.997, "chi2_df": 3, "chi2_threshold": 13.931422665512084, "N_raw": 46, "N_roi": 46, "N_inlier": 45, "refit": true}
