{"timestamp": "14:22:35.454940", "frame": 10, "mu": [-1.3362832298074228, 0.6668888357802081, 0.5228770094352094], "Sigma": [[4.256506714245998, -0.021799811463335872, 0.1170972451464934], [-0.021799811463335872, 0.004695511765101701, 0.002438658748773829], [0.11709724514649339, 0.002438658748773829, 0.009620964389534553]], "chi2_level": 0.997, "chi2_df": 3, "chi2_threshold": 13.931422665512084, "N_raw": 27, "N_roi": 11, "N_inlier": 11, "refit": true}
{"timestamp": "14:22:35.507697", "frame": 11, "mu": [-1.4932930874352683, 0.6704195505541024, 0.5138251923872809], "Sigma": [[3.783450386890215, 0.2330477110758875, 0.06932787069502569], [0.2330477110758875, 0.018097368379882572, 0.005898683707613782], [0.06932787069502568, 0.005898683707613781, 0.005013116376378948]], "chi2_level": 0.997, "chi2_df": 3, "chi2_threshold": 13.931422665512084, "N_raw": 9, "N_roi": 7, "N_inlier": 7, "refit": true}
{"timestamp": "14:22:35.564223", "frame": 12, "mu": [-0.8604095787058388, 0.6603189037708344, 0.5575757793091309], "Sigma": [[4.982258508718606, 0.05051660651628461, -0.012830739352943646], [0.05051660651628462, 0.008138946046600598, 0.003238919219924584], [-0.012830739352943642, 0.0032389192199245836, 0.007052406227881932]], "chi2_level": 0.997, "chi2_df": 3, "chi2_threshold": 13.931422665512084, "N_raw": 17, "N_roi": 14, "N_inlier": 14, "refit": true}
{"timestamp": "14:22:35.622808", "frame": 13, "mu": [-0.853851986270025, 0.5943330894259273, 0.7007404072516209], "Sigma": [[4.680724515129659, -0.005554474763418291, 0.030395357112373254], [-0.005554474763418294, 0.011533129180369138, -0.0012505814231612217], [0.03039535711237326, -0.0012505814231612224, 0.010017138427481453]], "chi2_level": 0.997, "chi2_df": 3, "chi2_threshold": 13.931422665512084, "N_raw": 37, "N_roi": 37, "N_inlier": 37, "refit": true}
{"timestamp": "14:22:35.733136", "frame": 15, "mu": [-1.6706132449286646, 0.6579501202304416, 0.857553209388574], "Sigma": [[2.279317404290372, -0.05521421393052779, 0.06829991374327857], [-0.05521421393052779, 0.016666623708795528, -0.010182902805897537], [0.06829991374327857, -0.010182902805897537, 0.010000807895911921]], "chi2_level": 0.997, "chi2_df": 3, "chi2_threshold": 13.931422665512084, "N_raw": 49, "N_roi": 49, "N_inlier": 49, "refit": true}
{"timestamp": "14:22:35.787899", "frame": 16, "mu": [-1.2421607469975435, 0.6471515366396485, 0.8231910514715477], "Sigma": [[3.402756788645473, -0.04332942745641918, 0.012599105711871006], [-0.04332942745641918, 0.018063771577818723, -0.005112886167861172], [0.012599105711871006, -0.005112886167861172, 0.002457342827185416]], "chi2_level": 0.997, "chi2_df": 3, "chi2_threshold": 13.931422665512084, "N_raw": 44, "N_roi": 44, "N_inlier": 43, "refit": true}
{"timestamp": "14:22:35.844930", "frame": 17, "mu": [-1.253532254526613, 0.6385776713721598, 0.8987977931543509], "Sigma": [[3.1439705140366225, -0.05775145466195975, 0.027269027820138368], [-0.05775145466195976, 0.01582738043964572, -0.006637263559474624], [0.027269027820138368, -0.006637263559474624, 0.007287663757612676]], "chi2_level": 0.997, "chi2_df": 3, "chi2_threshold": 13.931422665512084, "N_raw": 57, "N_roi": 57, "N_inlier": 57, "refit": true}
{"timestamp": "14:22:35.893820", "frame": 18, "mu": [-2.080538754564766, 0.6919930848775462, 0.9599087809748814], "Sigma": [[0.0034416300841778875, 0.004589786513102723, -0.0023408685793021543], [0.004589786513102723, 0.010450431975523478, -0.004317350675758334], [-0.0023408685793021547, -0.004317350675758334, 0.0028294031321763466]], "chi2_level": 0.997, "chi2_df": 3, "chi2_threshold": 13.931422665512084, "N_raw": 16, "N_roi": 16, "N_inlier": 15, "refit": true}
{"timestamp": "14:22:35.956205", "frame": 19, "mu": [-1.1340281366684057, 0.5444862295813804, 0.8306524224686103], "Sigma": [[2.9448826662572722, -0.03585213334067547, 0.09043216786503035], [-0.035852133340675475, 0.008621267076816087, -0.006286418051566749], [0.09043216786503033, -0.0062864180515667485, 0.012626943443085861]], "chi2_level": 0.997, "chi2_df": 3, "chi2_threshold": 13.931422665512084, "N_raw": 70, "N_roi": 70, "N_inlier": 67, "refit": true}
{"timestamp": "14:22:36.017310", "frame": 20, "mu": [-1.4475287357256457, 0.5659061626846635, 0.8297967597273664], "Sigma": [[1.9294886281688155, -0.04222598411468832, 0.09067231640485719], [-0.04222598411468832, 0.011739547391400455, -0.010060868409477782], [0.09067231640485718, -0.010060868409477782, 0.03832193561043251]], "chi2_level": 0.997, "chi2_df": 3, "chi2_threshold": 13.931422665512084, "N_raw": 109, "N_roi": 109, "N_inlier": 109, "refit": true}
{"timestamp": "14:22:36.071367", "frame": 21, "mu": [-1.4896887668166714, 0.5417180564368453, 0.9265936054831155], "Sigma": [[1.5152797613082487, -0.027252765967301494, 0.07954242233392475], [-0.027252765967301494, 0.009206888281900508, -0.00940765200226635], [0.07954242233392474, -0.00940765200226635, 0.024988141389792475]], "chi2_level": 0.997, "chi2_df": 3, "chi2_threshold": 13.931422665512084, "N_raw": 81, "N_roi": 81, "N_inlier": 81, "refit": true}
{"timestamp": "14:22:36.123333", "frame": 22, "mu": [-1.331179978260064, 0.7698908080329253, -0.7916250554119093], "Sigma": [[1.6049281315148018, -0.05554692014240451, 0.027461950018457783], [-0.05554692014240451, 0.015344836281610612, -0.004106168732483685], [0.027461950018457783, -0.004106168732483685, 0.003413122768910941]], "chi2_level": 0.997, "chi2_df": 3, "chi2_threshold": 13.931422665512084, "N_raw": 60, "N_roi": 60, "N_inlier": 59, "refit": true}
{"timestamp": "14:22:36.178867", "frame": 23, "mu": [-1.463398294657623, 0.6778871728407139, -0.9750828033458336], "Sigma": [[1.2514258414300126, -0.060797323292924206, -0.00563002294362308], [-0.06079732329292421, 0.047919028668051686, -0.007327917509520915], [-0.00563002294362308, -0.007327917509520915, 0.05728115454975399]], "chi2_level": 0.997, "chi2_df": 3, "chi2_threshold": 13.931422665512084, "N_raw": 65, "N_roi": 65, "N_inlier": 63, "refit": true}
{"timestamp": "14:22:36.233300", "frame": 24, "mu": [-1.4045285453602767, 0.7409034161800685, -0.7280334350586611], "Sigma": [[0.9862663510036972, -0.028662033592528936, 0.01956546391715396], [-0.028662033592528936, 0.010773468819387306, -0.006503658374173958], [0.01956546391715396, -0.006503658374173958, 0.007974515729579842]], "chi2_level": 0.997, "chi2_df": 3, "chi2_threshold": 13.931422665512084, "N_raw": 60, "N_roi": 60, "N_inlier": 60, "refit": true}
{"timestamp": "14:22:36.289275", "frame": 25, "mu": [-1.6335949845168742, 0.6096717962243793, 1.0979428983537567], "Sigma": [[0.009795560088140061, 0.005516148511293549, -0.002721006966237713], [0.00551614851129355, 0.008920685759975287, -0.006156475909092913], [-0.002721006966237713, -0.006156475909092913, 0.011592186618337453]], "chi2_level": 0.997, "chi2_df": 3, "chi2_threshold": 13.931422665512084, "N_raw": 65, "N_roi": 65, "N_inlier": 63, "refit": true}
{"timestamp": "14:22:36.343490", "frame": 26, "mu": [-1.6114973057627393, 0.5894682166723828, 1.1237921644639364], "Sigma": [[0.009045030662765097, 0.006544562335467937, -6.938295377556517e-05], [0.006544562335467937, 0.012368681746505064, -0.0073952173865945645], [-6.938295377556528e-05, -0.0073952173865945645, 0.009024591404980518]], "chi2_level": 0.997, "chi2_df": 3, "chi2_threshold": 13.931422665512084, "N_raw": 68, "N_roi": 68, "N_inlier": 67, "refit": true}
{"timestamp": "14:22:36.399484", "frame": 27, "mu": [-1.5115146026699988, 0.690207487247548, 1.2076702117501121], "Sigma": [[0.0074548961801197645, 0.007031783466447051, 0.0010265354208614263], [0.007031783466447051, 0.01199206353390951, -0.006019587615093179], [0.0010265354208614263, -0.00601958761509318, 0.018748482717521983]], "chi2_level": 0.997, "chi2_df": 3, "chi2_threshold": 13.931422665512084, "N_raw": 74, "N_roi": 74, "N_inlier": 72, "refit": true}
{"timestamp": "14:22:36.456592", "frame": 28, "mu": [-1.4420665957443897, 0.6999884393028026, 1.2287548040737033], "Sigma": [[0.008999332766296513, 0.007318304637263007, 0.0010875764758051746], [0.007318304637263008, 0.01054684339178645, -0.006720458904594974], [0.0010875764758051742, -0.006720458904594974, 0.014834627010965518]], "chi2_level": 0.997, "chi2_df": 3, "chi2_threshold": 13.931422665512084, "N_raw": 86, "N_roi": 86, "N_inlier": 84, "refit": true}
{"timestamp": "14:22:36.511339", "frame": 29, "mu": [-1.40077451641522, 0.758347742954844, 1.2284054595448421], "Sigma": [[0.01049303967140145, 0.007614268291854118, 0.0007556127471027613], [0.007614268291854118, 0.009196719078810778, -0.003539514363721097], [0.0007556127471027613, -0.003539514363721097, 0.009811526521921387]], "chi2_level": 0.997, "chi2_df": 3, "chi2_threshold": 13.931422665512084, "N_raw": 77, "N_roi": 77, "N_inlier": 74, "refit": true}
{"timestamp": "14:22:36.569452", "frame": 30, "mu": [-1.3223365864412198, 0.7141303805084238, 1.2588346338791214], "Sigma": [[0.013319323614558586, 0.012075045427415707, 0.002870217757322828], [0.012075045427415707, 0.014995460593863764, 0.00033942355822869866], [0.002870217757322828, 0.00033942355822869845, 0.022379586353275843]], "chi2_level": 0.997, "chi2_df": 3, "chi2_threshold": 13.931422665512084, "N_raw": 100, "N_roi": 100, "N_inlier": 97, "refit": true}
{"timestamp": "14:22:36.625051", "frame": 31, "mu": [-1.3003264767537508, 0.7158053303886001, 1.3084669224028707], "Sigma": [[0.014832564223584714, 0.009725667304417693, 0.0031377916543532647], [0.009725667304417693, 0.00858393435220435, -0.001339269124272787], [0.003137791654353265, -0.0013392691242727873, 0.01350209796977755]], "chi2_level": 0.997, "chi2_df": 3, "chi2_threshold": 13.931422665512084, "N_raw": 97, "N_roi": 97, "N_inlier": 90, "refit": true}
{"timestamp": "14:22:36.674139", "frame": 32, "mu": [-1.286181142887622, 0.6486987464777557, 1.1959329570850585], "Sigma": [[0.027909010552767455, 0.023514822912041686, -0.009795052883773745], [0.02351482291204169, 0.04804778329986524, -0.008354747413699258], [-0.009795052883773744, -0.008354747413699258, 0.020949483734520095]], "chi2_level": 0.997, "chi2_df": 3, "chi2_threshold": 13.931422665512084, "N_raw": 53, "N_roi": 53, "N_inlier": 50, "refit": true}
{"timestamp": "14:22:36.730271", "frame": 33, "mu": [-1.1510515509808688, 0.6753329634766221, 1.2942761751409908], "Sigma": [[0.026529328264282892, 0.020562650499586173, -0.0022932520644535375], [0.02056265049958617, 0.026538970134353666, -0.0016232686958106528], [-0.002293252064453537, -0.0016232686958106528, 0.014528008169744063]], "chi2_level": 0.997, "chi2_df": 3, "chi2_threshold": 13.931422665512084, "N_raw": 71, "N_roi": 71, "N_inlier": 69, "refit": true}
{"timestamp": "14:22:36.785175", "frame": 34, "mu": [-0.9991459939079558, 0.7133797184855095, 1.3304009231359955], "Sigma": [[0.02913137350535898, 0.03054693768578427, -0.009196178915491994], [0.030546937685784273, 0.04098563776649143, -0.006927218821766456], [-0.009196178915491994, -0.006927218821766458, 0.03250699776971722]], "chi2_level": 0.997, "chi2_df": 3, "chi2_threshold": 13.931422665512084, "N_raw": 69, "N_roi": 69, "N_inlier": 67, "refit": true}
{"timestamp": "14:22:36.843608", "frame": 35, "mu": [-0.8650474032875971, 0.8320715648716296, 1.3744248939801111], "Sigma": [[0.03629492748086202, 0.021962317098642072, -0.04027492433124237], [0.02196231709864207, 0.019775016367312458, -0.03312681955955836], [-0.04027492433124237, -0.03312681955955835, 0.06615266515032772]], "chi2_level": 0.997, "chi2_df": 3, "chi2_threshold": 13.931422665512084, "N_raw": 102, "N_roi": 102, "N_inlier": 101, "refit": true}
{"timestamp": "14:22:36.894776", "frame": 36, "mu": [-0.8919508629134384, 0.7953935502860365, 1.4583653570949917], "Sigma": [[0.039638839446304974, 0.017722852721436075, -0.014742686352418502], [0.017722852721436075, 0.012141989909108874, -0.013926441804934117], [-0.014742686352418502, -0.013926441804934117, 0.03284977185178666]], "chi2_level": 0.997, "chi2_df": 3, "chi2_threshold": 13.931422665512084, "N_raw": 62, "N_roi": 62, "N_inlier": 58, "refit": true}
{"timestamp": "14:22:36.953966", "frame": 37, "mu": [-0.7187698617659689, 0.8341447056916019, 1.2586338873910419], "Sigma": [[0.032906145248892224, 0.022077766950657447, -0.04066349883318731], [0.022077766950657447, 0.025181063144019546, -0.03512290216972095], [-0.04066349883318731, -0.03512290216972095, 0.12664148847017337]], "chi2_level": 0.997, "chi2_df": 3, "chi2_threshold": 13.931422665512084, "N_raw": 96, "N_roi": 95, "N_inlier": 95, "refit": true}
{"timestamp": "14:22:37.008249", "frame": 38, "mu": [-0.659511085313014, 0.9210472665987925, -0.1280971453001236], "Sigma": [[0.03281996274138415, 0.02537947112345994, 0.03677119640437386], [0.025379471123459944, 0.027022728060252008, 0.03999847473756975], [0.03677119640437386, 0.039998474737569754, 0.17293142085862004]], "chi2_level": 0.997, "chi2_df": 3, "chi2_threshold": 13.931422665512084, "N_raw": 91, "N_roi": 90, "N_inlier": 89, "refit": true}
{"timestamp": "14:22:37.063162", "frame": 39, "mu": [-0.5193275145761874, 0.8748810720202557, 1.4302900426542513], "Sigma": [[0.0033301280645048163, -0.001050436572347352, 0.0006052521345574957], [-0.001050436572347352, 0.004187752246101539, -0.005076138355412447], [0.0006052521345574957, -0.005076138355412447, 0.01036301480716889]], "chi2_level": 0.997, "chi2_df": 3, "chi2_threshold": 13.931422665512084, "N_raw": 88, "N_roi": 86, "N_inlier": 83, "refit": true}
{"timestamp": "14:22:37.112215", "frame": 40, "mu": [-0.43565836867919855, 0.8437266420077283, 1.4649821803345473], "Sigma": [[0.0023049026555846904, -0.000759476357799606, -0.0002499696321484039], [-0.000759476357799606, 0.002200137427721439, -0.0025789614652813424], [-0.0002499696321484039, -0.002578961465281343, 0.008289432669208101]], "chi2_level": 0.997, "chi2_df": 3, "chi2_threshold": 13.931422665512084, "N_raw": 50, "N_roi": 50, "N_inlier": 46, "refit": true}
{"timestamp": "14:22:37.171268", "frame": 41, "mu": [-0.3372248126418299, 0.8860531730557575, 1.4105608829415706], "Sigma": [[0.004125526462966048, -0.00015661767822286395, -0.002512004700568188], [-0.000156617678222864, 0.002135367251024813, -0.0030508945839432507], [-0.002512004700568188, -0.0030508945839432507, 0.007374947179954599]], "chi2_level": 0.997, "chi2_df": 3, "chi2_threshold": 13.931422665512084, "N_raw": 83, "N_roi": 81, "N_inlier": 77, "refit": true}
{"timestamp": "14:22:37.222471", "frame": 42, "mu": [-0.29464200145425157, 0.8853081507895582, 1.4392933189841124], "Sigma": [[0.0021612601663651004, -0.0005542214495765044, -7.888686238720818e-05], [-0.0005542214495765043, 0.001905596042754138, -0.0003469480750119186], [-7.888686238720829e-05, -0.0003469480750119186, 0.012499691585737114]], "chi2_level": 0.997, "chi2_df": 3, "chi2_threshold": 13.931422665512084, "N_raw": 53, "N_roi": 53, "N_inlier": 48, "refit": true}
{"timestamp": "14:22:37.281619", "frame": 43, "mu": [-0.23033669068053417, 0.8437606956653638, 1.2202512461378512], "Sigma": [[0.00252859014362174, -0.0009152115344723797, 0.00021523359889159062], [-0.0009152115344723795, 0.005604245695339087, 0.01764741967944446], [0.00021523359889159013, 0.01764741967944446, 0.07996253092323086]], "chi2_level": 0.997, "chi2_df": 3, "chi2_threshold": 13.931422665512084, "N_raw": 80, "N_roi": 80, "N_inlier": 77, "refit": true}
{"timestamp": "14:22:37.340173", "frame": 44, "mu": [-0.18043212355380245, 0.902758768948748, 1.2846509903461334], "Sigma": [[0.004006106345218713, 8.736116375807968e-05, 0.0032974874600269983], [8.736116375807968e-05, 0.0047190984056893, 0.004104705830745786], [0.0032974874600269983, 0.004104705830745786, 0.04661757031160792]], "chi2_level": 0.997, "chi2_df": 3, "chi2_threshold": 13.931422665512084, "N_raw": 107, "N_roi": 107, "N_inlier": 104, "refit": true}
{"timestamp": "14:22:37.391661", "frame": 45, "mu": [-0.05992818342493824, 0.9221858751449393, 1.354650729529958], "Sigma": [[0.002782297345590651, -0.0004111643155224863, 6.973955972171031e-05], [-0.0004111643155224863, 0.0013141301121820804, -0.0029749239251232623], [6.973955972171015e-05, -0.0029749239251232623, 0.011186246462829192]], "chi2_level": 0.997, "chi2_df": 3, "chi2_threshold": 13.931422665512084, "N_raw": 80, "N_roi": 80, "N_inlier": 78, "refit": true}
{"timestamp": "14:22:37.449179", "frame": 46, "mu": [-0.017213317472065275, 0.8801354037347698, 1.2887423975227235], "Sigma": [[0.0025202114040044276, -0.0016285030098382302, 0.0011922395652619574], [-0.0016285030098382302, 0.0044454716065401275, 0.0018113905810776306], [0.0011922395652619574, 0.0018113905810776306, 0.032005521269551446]], "chi2_level": 0.997, "chi2_df": 3, "chi2_threshold": 13.931422665512084, "N_raw": 90, "N_roi": 90, "N_inlier": 89, "refit": true}
{"timestamp": "14:22:37.498501", "frame": 47, "mu": [0.04416701943117915, 0.9031648078951415, 1.2444733215162023], "Sigma": [[0.0032169903138341265, -0.0024616621159538696, -0.013908240878207283], [-0.0024616621159538696, 0.006283925704504055, 0.026470742129631054], [-0.013908240878207283, 0.026470742129631054, 0.19352136463185063]], "chi2_level": 0.997, "chi2_df": 3, "chi2_threshold": 13.931422665512084, "N_raw": 60, "N_roi": 60, "N_inlier": 60, "refit": true}
{"timestamp": "14:22:37.553191", "frame": 48, "mu": [0.12832792541629343, 0.8278115380215674, 1.270301966693182], "Sigma": [[0.0048117765109434735, 0.0013673860486448175, 0.0036311552195983287], [0.0013673860486448177, 0.004191835994410813, -0.00029101958954810993], [0.003631155219598329, -0.00029101958954810993, 0.01867736626572454]], "chi2_level": 0.997, "chi2_df": 3, "chi2_threshold": 13.931422665512084, "N_raw": 59, "N_roi": 58, "N_inlier": 55, "refit": true}
{"timestamp": "14:22:37.603645", "frame": 49, "mu": [0.21206087582428493, 0.9427195188106072, 1.322569963727312], "Sigma": [[0.003399779391334687, -0.00044087238811400944, -0.013620589233053747], [-0.00044087238811400944, 0.002781378630717168, 0.007398964656080012], [-0.013620589233053745, 0.007398964656080012, 0.22359028767525965]], "chi2_level": 0.997, "chi2_df": 3, "chi2_threshold": 13.931422665512084, "N_raw": 27, "N_roi": 27, "N_inlier": 27, "refit": true}
{"timestamp": "14:22:37.659791", "frame": 50, "mu": [0.33105560160769615, 0.9294431145197682, 1.2582400725448182], "Sigma": [[0.022636399132182135, -0.009990921726083967, -0.06385555098187909], [-0.009990921726083967, 0.006304517843030088, 0.027834158512118602], [-0.06385555098187909, 0.027834158512118606, 0.18795371662755408]], "chi2_level": 0.997, "chi2_df": 3, "chi2_threshold": 13.931422665512084, "N_raw": 33, "N_roi": 33, "N_inlier": 31, "refit": true}
{"timestamp": "14:22:37.714213", "frame": 51, "mu": [0.4024149275068895, 0.8568105812429795, 1.1929546624875955], "Sigma": [[0.02735516650626128, -0.0019588323158711237, -0.06592250095217483], [-0.0019588323158711237, 0.005790585567615075, 0.006910113576236506], [-0.06592250095217483, 0.006910113576236505, 0.16627788631285847]], "chi2_level": 0.997, "chi2_df": 3, "chi2_threshold": 13.931422665512084, "N_raw": 33, "N_roi": 33, "N_inlier": 33, "refit": true}
{"timestamp": "14:22:37.766086", "frame": 52, "mu": [0.5975335876702136, 0.8459379279760981, 1.0041671313186744], "Sigma": [[0.04203179160479101, -0.0036086416404578544, -0.12768432390985596], [-0.0036086416404578544, 0.0038139526496782455, 0.01147947375830579], [-0.12768432390985596, 0.01147947375830579, 0.39275302646693855]], "chi2_level": 0.997, "chi2_df": 3, "chi2_threshold": 13.931422665512084, "N_raw": 14, "N_roi": 12, "N_inlier": 12, "refit": true}
{"timestamp": "14:22:37.821212", "frame": 53, "mu": [0.5626674628131689, 0.7965335489405839, 0.8681359861300548], "Sigma": [[0.006659962878495353, 0.003367023560970152, -0.030696573482861884], [0.003367023560970152, 0.009883593776509212, -0.02553230063472815], [-0.03069657348286188, -0.025532300634728146, 0.25732512285128434]], "chi2_level": 0.997, "chi2_df": 3, "chi2_threshold": 13.931422665512084, "N_raw": 11, "N_roi": 11, "N_inlier": 11, "refit": true}
{"timestamp": "14:22:37.875560", "frame": 54, "mu": [0.5896512414008, 0.892523726498346, 1.016291798782375], "Sigma": [[0.004711322130705403, -0.0026286948230033577, 0.02685450889284008], [-0.0026286948230033577, 0.006896225486154865, -0.026421596607097596], [0.02685450889284008, -0.026421596607097596, 0.20849829454259428]], "chi2_level": 0.997, "chi2_df": 3, "chi2_threshold": 13.931422665512084, "N_raw": 13, "N_roi": 13, "N_inlier": 13, "refit": true}
{"timestamp": "14:22:37.938104", "frame": 55, "mu": [0.6827940592694098, 0.8573890305354037, 0.8616084126521946], "Sigma": [[0.005921402489149389, -0.005559038137539125, 0.022055680909159672], [-0.005559038137539125, 0.014373771749984448, -0.053374056916815904], [0.022055680909159672, -0.053374056916815904, 0.21695492407617475]], "chi2_level": 0.997, "chi2_df": 3, "chi2_threshold": 13.931422665512084, "N_raw": 65, "N_roi": 65, "N_inlier": 64, "refit": true}
{"timestamp": "14:22:37.992512", "frame": 56, "mu": [0.7748824309507468, 0.9910072680287887, -0.5729140463252926], "Sigma": [[0.0034936424028391075, -0.00040956553450959747, 0.002106157300144897], [-0.00040956553450959725, 0.025420374832023, -0.03671503606660769], [0.002106157300144897, -0.03671503606660769, 0.06493542874407132]], "chi2_level": 0.997, "chi2_df": 3, "chi2_threshold": 13.931422665512084, "N_raw": 53, "N_roi": 53, "N_inlier": 52, "refit": true}
{"timestamp": "14:22:38.042373", "frame": 57, "mu": [0.8342997562276946, 0.7879107408840278, 1.2923052242425388], "Sigma": [[0.002374712141360087, -7.940294079846944e-05, -0.0017589385262381468], [-7.940294079846947e-05, 0.0032732960122826144, -0.0003117269120675847], [-0.0017589385262381466, -0.0003117269120675847, 0.0034745315559797235]], "chi2_level": 0.997, "chi2_df": 3, "chi2_threshold": 13.931422665512084, "N_raw": 26, "N_roi": 26, "N_inlier": 25, "refit": true}
{"timestamp": "14:22:38.094616", "frame": 58, "mu": [0.8608626929095888, 0.8348191012109092, 1.338051813871156], "Sigma": [[0.04368946734570816, 0.04414189126960829, -0.030090380573223465], [0.04414189126960829, 0.04566396663722572, -0.03394325881455125], [-0.03009038057322347, -0.03394325881455125, 0.045233109758355206]], "chi2_level": 0.997, "chi2_df": 3, "chi2_threshold": 13.931422665512084, "N_raw": 9, "N_roi": 8, "N_inlier": 8, "refit": true}
{"timestamp": "14:22:38.150163", "frame": 59, "mu": [0.9707388235270193, 0.9173306173089076, 1.2411297555423852], "Sigma": [[0.0010640014233800055, 0.0009019162986425336, -0.0033128983981587003], [0.0009019162986425336, 0.0023896017079464314, -0.003670423470212435], [-0.0033128983981587003, -0.003670423470212435, 0.036013158100811904]], "chi2_level": 0.997, "chi2_df": 3, "chi2_threshold": 13.931422665512084, "N_raw": 9, "N_roi": 9, "N_inlier": 9, "refit": true}
{"timestamp": "14:22:38.206629", "frame": 60, "mu": [1.0370652676887022, 0.9718614296677177, 1.3471385703898582], "Sigma": [[0.0022287470391751277, 0.0009645207770932363, -0.006691060183749428], [0.0009645207770932363, 0.0010678500326995902, -0.0022109728469267248], [-0.006691060183749428, -0.0022109728469267248, 0.03536409444148582]], "chi2_level": 0.997, "chi2_df": 3, "chi2_threshold": 13.931422665512084, "N_raw": 12, "N_roi": 12, "N_inlier": 11, "refit": true}
{"timestamp": "14:22:38.260402", "frame": 61, "mu": [1.1382452107632353, 0.9679140528881077, 1.31358228735867], "Sigma": [[0.002282643491859847, -0.0002045383593273096, -0.005059707604196212], [-0.0002045383593273096, 0.0011292713036785652, -0.00011203171651920905], [-0.005059707604196211, -0.00011203171651920905, 0.05783464041358263]], "chi2_level": 0.997, "chi2_df": 3, "chi2_threshold": 13.931422665512084, "N_raw": 9, "N_roi": 9, "N_inlier": 9, "refit": true}
{"timestamp": "14:22:38.315830", "frame": 62, "mu": [1.1461648129130073, 1.2342871799997825, -0.6976419848497755], "Sigma": [[0.002054272032940818, -0.0023260805570052253, 0.011035322766946394], [-0.002326080557005225, 0.007980070519330543, -0.030731119925822316], [0.011035322766946392, -0.030731119925822323, 0.1360492164105537]], "chi2_level": 0.997, "chi2_df": 3, "chi2_threshold": 13.931422665512084, "N_raw": 10, "N_roi": 10, "N_inlier": 10, "refit": true}
{"timestamp": "14:22:38.370640", "frame": 63, "mu": [1.2685169008856734, 1.0660365904432714, 1.0468096177179629], "Sigma": [[0.0036887265464075805, -0.002704051738175681, 0.012254021755658973], [-0.002704051738175681, 0.004929130026028611, -0.006540953652711786], [0.012254021755658973, -0.006540953652711786, 0.10680308224907518]], "chi2_level": 0.997, "chi2_df": 3, "chi2_threshold": 13.931422665512084, "N_raw": 9, "N_roi": 9, "N_inlier": 9, "refit": true}
{"timestamp": "14:22:38.424551", "frame": 64, "mu": [1.2168696183523844, 1.0418981668293916, 1.043723061517079], "Sigma": [[0.1008729629507835, 0.08152624473455088, -0.05345585002343444], [0.08152624473455088, 0.0880258872516306, -0.058000368745296405], [-0.05345585002343444, -0.058000368745296405, 0.1705898817147616]], "chi2_level": 0.997, "chi2_df": 3, "chi2_threshold": 13.931422665512084, "N_raw": 10, "N_roi": 10, "N_inlier": 10, "refit": true}
{"timestamp": "14:22:38.480737", "frame": 65, "mu": [1.455529664079276, 0.9764707725384815, 1.0459691276215568], "Sigma": [[0.009713669448113926, -0.013117528652722405, 0.03225155655450183], [-0.013117528652722404, 0.027233826812473355, -0.05455280610303856], [0.03225155655450182, -0.05455280610303856, 0.13797403138207176]], "chi2_level": 0.997, "chi2_df": 3, "chi2_threshold": 13.931422665512084, "N_raw": 8, "N_roi": 8, "N_inlier": 8, "refit": true}
{"timestamp": "14:22:38.535164", "frame": 66, "mu": [1.536036491972054, 1.0044560480153044, 1.0884012532827898], "Sigma": [[0.001755808293912462, -0.004855024808553852, 0.008005924458528296], [-0.004855024808553852, 0.02684646959992206, -0.04893441892724501], [0.008005924458528295, -0.04893441892724501, 0.09527195356626125]], "chi2_level": 0.997, "chi2_df": 3, "chi2_threshold": 13.931422665512084, "N_raw": 7, "N_roi": 7, "N_inlier": 7, "refit": true}
{"timestamp": "14:22:38.920415", "frame": 73, "mu": [2.0308602458974443, 0.9274871871510268, 0.9828025897694002], "Sigma": [[0.006975665189089907, -0.007913219409694392, 0.021049117406808468], [-0.007913219409694392, 0.016324550291315784, -0.03147419988300278], [0.021049117406808468, -0.03147419988300278, 0.11403476276383732]], "chi2_level": 0.997, "chi2_df": 3, "chi2_threshold": 13.931422665512084, "N_raw": 8, "N_roi": 8, "N_inlier": 8, "refit": true}
