{"timestamp": "13:53:01.223843", "frame": 1, "mu": [-0.5397551588448535, 0.19185622462958127, 1.5395099909861798], "Sigma": [[0.00395747315740203, 0.0030118596119839422, -0.002177896119139981], [0.0030118596119839422, 0.0035179430082437173, -0.0039170248204613315], [-0.002177896119139981, -0.003917024820461332, 0.009027240272868501]], "chi2_level": 0.997, "chi2_df": 3, "chi2_threshold": 13.931422665512084, "N_raw": 48, "N_roi": 48, "N_inlier": 44, "refit": true}
{"timestamp": "13:53:01.279802", "frame": 2, "mu": [-0.520897154375707, 0.18910577723731278, 1.585412177369724], "Sigma": [[0.0784348561465038, -0.0010268070383248032, 0.0018529400767104919], [-0.0010268070383248032, 0.003684331017429192, -0.006274256768642199], [0.0018529400767104917, -0.006274256768642199, 0.014218731727160266]], "chi2_level": 0.997, "chi2_df": 3, "chi2_threshold": 13.931422665512084, "N_raw": 40, "N_roi": 40, "N_inlier": 39, "refit": true}
{"timestamp": "13:53:01.337607", "frame": 3, "mu": [-0.49887229198169786, 0.28603627430566925, -0.3799441757448223], "Sigma": [[0.10964595056867646, -0.0035302011424655985, 0.0028564359548376396], [-0.003530201142465599, 0.002744270588540189, -0.0010229948492535609], [0.0028564359548376396, -0.0010229948492535609, 0.0020610798910114265]], "chi2_level": 0.997, "chi2_df": 3, "chi2_threshold": 13.931422665512084, "N_raw": 57, "N_roi": 57, "N_inlier": 54, "refit": true}
{"timestamp": "13:53:01.392002", "frame": 4, "mu": [-0.46464032015758117, 0.1853050564715754, 1.5826348784442652], "Sigma": [[0.18470316984011187, -0.0039213578450187905, 0.006157659489836841], [-0.0039213578450187905, 0.002823131404342721, -0.0042096966656874285], [0.006157659489836841, -0.0042096966656874285, 0.008923106955329567]], "chi2_level": 0.997, "chi2_df": 3, "chi2_threshold": 13.931422665512084, "N_raw": 48, "N_roi": 48, "N_inlier": 47, "refit": true}
{"timestamp": "13:53:01.448396", "frame": 5, "mu": [-0.5760735215900787, 0.21454385754082045, 1.538116534393062], "Sigma": [[0.0059641121013493, 0.0033010477042275687, -0.0006573256262059331], [0.0033010477042275687, 0.0032096124342016214, -0.002762151050446346], [-0.0006573256262059331, -0.0027621510504463455, 0.005303254093451665]], "chi2_level": 0.997, "chi2_df": 3, "chi2_threshold": 13.931422665512084, "N_raw": 65, "N_roi": 65, "N_inlier": 58, "refit": true}
{"timestamp": "13:53:01.499919", "frame": 6, "mu": [-0.6039078261603147, 0.20907202102951655, 1.4202469887051983], "Sigma": [[0.004804885900849943, 0.0017573545116872373, -0.00936924696242828], [0.0017573545116872373, 0.002876991679604525, -0.00550649200373035], [-0.00936924696242828, -0.00550649200373035, 0.2260064360211886]], "chi2_level": 0.997, "chi2_df": 3, "chi2_threshold": 13.931422665512084, "N_raw": 38, "N_roi": 38, "N_inlier": 38, "refit": true}
{"timestamp": "13:53:01.555963", "frame": 7, "mu": [-0.6230972647567238, 0.2621809837417433, 1.5678543310502435], "Sigma": [[0.005606201206884174, 0.001863480430111131, -0.004730426306341137], [0.001863480430111131, 0.002980031456614773, -0.004525704967106783], [-0.004730426306341138, -0.004525704967106784, 0.009937330428684247]], "chi2_level": 0.997, "chi2_df": 3, "chi2_threshold": 13.931422665512084, "N_raw": 43, "N_roi": 43, "N_inlier": 39, "refit": true}
{"timestamp": "13:53:01.611867", "frame": 8, "mu": [-0.6699395576395694, 0.23839213799607775, 1.4910865517448308], "Sigma": [[0.005848569546583576, 0.0033333299076519192, -0.0025258478051448396], [0.0033333299076519197, 0.0035789034246542666, -0.010078425463849029], [-0.0025258478051448396, -0.010078425463849029, 0.10487355089839501]], "chi2_level": 0.997, "chi2_df": 3, "chi2_threshold": 13.931422665512084, "N_raw": 53, "N_roi": 53, "N_inlier": 50, "refit": true}
{"timestamp": "13:53:01.666237", "frame": 9, "mu": [-0.6540019715894989, 0.2814983432811596, 1.5173453238202144], "Sigma": [[0.006538852244115951, 0.0034091372114316582, -0.016457257016822956], [0.0034091372114316587, 0.003266862909476223, -0.015319749218436478], [-0.016457257016822956, -0.015319749218436478, 0.1194684385694927]], "chi2_level": 0.997, "chi2_df": 3, "chi2_threshold": 13.931422665512084, "N_raw": 46, "N_roi": 46, "N_inlier": 44, "refit": true}
{"timestamp": "13:53:01.716684", "frame": 10, "mu": [-0.5445951674560765, 0.38878519468995915, 1.1939315603447378], "Sigma": [[0.002568816831630511, -0.003385851189268416, 0.024646400352728123], [-0.0033858511892684157, 0.009114382679104069, -0.055349012199088464], [0.024646400352728123, -0.055349012199088464, 0.35438513113037723]], "chi2_level": 0.997, "chi2_df": 3, "chi2_threshold": 13.931422665512084, "N_raw": 17, "N_roi": 17, "N_inlier": 16, "refit": true}
{"timestamp": "13:53:01.774426", "frame": 11, "mu": [-0.4651545847744804, 0.3965368468086283, 1.3224271859998156], "Sigma": [[0.002981962186156136, -0.0022664940614760608, 0.009938736653472849], [-0.0022664940614760608, 0.002762303915282663, -0.01137042652033093], [0.009938736653472849, -0.01137042652033093, 0.049866576300925516]], "chi2_level": 0.997, "chi2_df": 3, "chi2_threshold": 13.931422665512084, "N_raw": 37, "N_roi": 37, "N_inlier": 35, "refit": true}
{"timestamp": "13:53:01.825365", "frame": 12, "mu": [-0.5523785189195818, 0.5108174641714197, 0.9493772332273271], "Sigma": [[0.011038764410157434, -0.0022039698538465764, 0.013453978716669496], [-0.0022039698538465764, 0.016976272898036906, -0.0785345688415582], [0.013453978716669496, -0.07853456884155821, 0.4182321519872685]], "chi2_level": 0.997, "chi2_df": 3, "chi2_threshold": 13.931422665512084, "N_raw": 11, "N_roi": 11, "N_inlier": 11, "refit": true}
{"timestamp": "13:53:01.883804", "frame": 13, "mu": [-0.6187845773538625, 0.5444842396585149, -0.4677942996902026], "Sigma": [[0.016793088869920054, 0.0156110941246153, -0.0171875015771435], [0.0156110941246153, 0.01670510746835073, -0.01926996024091822], [-0.0171875015771435, -0.01926996024091822, 0.02355456591762032]], "chi2_level": 0.997, "chi2_df": 3, "chi2_threshold": 13.931422665512084, "N_raw": 30, "N_roi": 30, "N_inlier": 28, "refit": true}
{"timestamp": "13:53:01.937991", "frame": 14, "mu": [-0.7110044692443466, 0.41588936954930594, 1.5781977235454197], "Sigma": [[0.011671892250786344, 0.003758018985207207, -0.009985287203680446], [0.003758018985207207, 0.002083040607143486, -0.004650180449606798], [-0.009985287203680446, -0.004650180449606798, 0.013467787526166718]], "chi2_level": 0.997, "chi2_df": 3, "chi2_threshold": 13.931422665512084, "N_raw": 27, "N_roi": 27, "N_inlier": 27, "refit": true}
{"timestamp": "13:53:01.994038", "frame": 15, "mu": [-0.4334308592767511, 0.48641362038503366, 1.2223961171103328], "Sigma": [[0.0012968555865557527, -3.248060747563062e-05, 0.00040558595331329633], [-3.248060747563059e-05, 0.000858618961075928, -0.0011447531274975755], [0.00040558595331329633, -0.0011447531274975755, 0.0018391316300603612]], "chi2_level": 0.997, "chi2_df": 3, "chi2_threshold": 13.931422665512084, "N_raw": 31, "N_roi": 31, "N_inlier": 30, "refit": true}
{"timestamp": "13:53:02.051287", "frame": 16, "mu": [-0.4557452792002968, 0.5602224878008714, 1.280408571895503], "Sigma": [[0.015934492921383003, 0.003141882908802732, -0.014799367241171688], [0.003141882908802732, 0.002546105500817698, -0.0062084613347523085], [-0.014799367241171688, -0.0062084613347523085, 0.020905419757013974]], "chi2_level": 0.997, "chi2_df": 3, "chi2_threshold": 13.931422665512084, "N_raw": 49, "N_roi": 49, "N_inlier": 47, "refit": true}
{"timestamp": "13:53:02.108906", "frame": 17, "mu": [-0.41280898357811674, 0.6048050054268127, 1.2698949465305345], "Sigma": [[0.002026189679468149, 0.00017206385928629253, -0.001612542264804249], [0.00017206385928629253, 0.00046628331041120516, -0.0016439368138690424], [-0.0016125422648042489, -0.0016439368138690424, 0.011060162647634516]], "chi2_level": 0.997, "chi2_df": 3, "chi2_threshold": 13.931422665512084, "N_raw": 65, "N_roi": 62, "N_inlier": 59, "refit": true}
{"timestamp": "13:53:02.163180", "frame": 18, "mu": [-0.4015574871726144, 0.7960033925692049, -0.5710750670373246], "Sigma": [[0.004610705700498002, -0.001913199887910003, 0.00036532563487349503], [-0.001913199887910003, 0.0031019871159203446, -0.0008416907758804926], [0.0003653256348734949, -0.0008416907758804926, 0.0004846523297612416]], "chi2_level": 0.997, "chi2_df": 3, "chi2_threshold": 13.931422665512084, "N_raw": 57, "N_roi": 57, "N_inlier": 53, "refit": true}
{"timestamp": "13:53:02.215916", "frame": 19, "mu": [-0.37233347490879687, 0.6766787210297146, 1.253974507163295], "Sigma": [[0.0018215954771032283, -0.0008338824950366142, -5.103609662395289e-05], [-0.0008338824950366143, 0.001239016954128425, -0.0011694894325945293], [-5.103609662395278e-05, -0.0011694894325945293, 0.0022669529591270382]], "chi2_level": 0.997, "chi2_df": 3, "chi2_threshold": 13.931422665512084, "N_raw": 42, "N_roi": 39, "N_inlier": 38, "refit": true}
{"timestamp": "13:53:02.275354", "frame": 20, "mu": [-0.4461563123259659, 0.6953766395324551, 1.3353463834372163], "Sigma": [[0.004226428279893478, 0.0009658690151838715, -0.006534634122837663], [0.0009658690151838715, 0.0005705387281695861, -0.0023466788549354528], [-0.006534634122837663, -0.0023466788549354528, 0.020591655436615848]], "chi2_level": 0.997, "chi2_df": 3, "chi2_threshold": 13.931422665512084, "N_raw": 71, "N_roi": 71, "N_inlier": 67, "refit": true}
{"timestamp": "13:53:02.333338", "frame": 21, "mu": [-0.5214175132284162, 0.7532601691155619, 1.4884711284907919], "Sigma": [[0.003911398904867707, -0.00023628806934155515, -0.0024351508931848296], [-0.0002362880693415552, 0.001731693415495308, -0.0026150081343872637], [-0.0024351508931848296, -0.0026150081343872637, 0.010791444106900017]], "chi2_level": 0.997, "chi2_df": 3, "chi2_threshold": 13.931422665512084, "N_raw": 71, "N_roi": 69, "N_inlier": 62, "refit": true}
{"timestamp": "13:53:02.380111", "frame": 22, "mu": [-0.46827075322774425, 0.9645304152608684, -0.4669416724163917], "Sigma": [[0.0012119750700059094, 0.0013827524185214745, -0.004102885328533982], [0.0013827524185214745, 0.026065579781002345, -0.05579649715795816], [-0.004102885328533982, -0.05579649715795816, 0.1272132133808132]], "chi2_level": 0.997, "chi2_df": 3, "chi2_threshold": 13.931422665512084, "N_raw": 33, "N_roi": 33, "N_inlier": 31, "refit": true}
{"timestamp": "13:53:02.444480", "frame": 23, "mu": [-0.40438789126057056, 0.8314518009373946, 1.3164391700362617], "Sigma": [[0.00407666816306372, 8.754177305021623e-05, -0.006633132797710649], [8.754177305021621e-05, 0.0014895192526363373, 2.733287407309258e-05], [-0.00663313279771065, 2.7332874073092688e-05, 0.0367169344833256]], "chi2_level": 0.997, "chi2_df": 3, "chi2_threshold": 13.931422665512084, "N_raw": 103, "N_roi": 103, "N_inlier": 101, "refit": true}
{"timestamp": "13:53:02.498584", "frame": 24, "mu": [-0.4202915214366269, 0.8665314575424444, 1.3038954651203245], "Sigma": [[0.00442946544140269, -0.003182569922599252, -0.0019231594647627045], [-0.003182569922599252, 0.003669948707934508, -0.0015404363407693824], [-0.0019231594647627043, -0.0015404363407693824, 0.011811196697961754]], "chi2_level": 0.997, "chi2_df": 3, "chi2_threshold": 13.931422665512084, "N_raw": 90, "N_roi": 90, "N_inlier": 86, "refit": true}
{"timestamp": "13:53:02.554452", "frame": 25, "mu": [-0.41947948225167264, 1.015475850900411, -0.06721359645891906], "Sigma": [[0.00299856406628199, -0.0009011083756813778, 0.02724328096717936], [-0.0009011083756813778, 0.009749903821833451, -0.019609958348395233], [0.02724328096717936, -0.019609958348395237, 0.4930401971648308]], "chi2_level": 0.997, "chi2_df": 3, "chi2_threshold": 13.931422665512084, "N_raw": 98, "N_roi": 98, "N_inlier": 96, "refit": true}
{"timestamp": "13:53:02.606558", "frame": 26, "mu": [-0.3922114461082442, 0.958466791689106, 1.1783494947270077], "Sigma": [[0.005745610727398753, 0.0006342170024216164, -0.002432358768221694], [0.0006342170024216164, 0.002286036374346951, -0.0016046614731448409], [-0.002432358768221694, -0.0016046614731448409, 0.02460466130109139]], "chi2_level": 0.997, "chi2_df": 3, "chi2_threshold": 13.931422665512084, "N_raw": 76, "N_roi": 76, "N_inlier": 74, "refit": true}
{"timestamp": "13:53:02.659443", "frame": 27, "mu": [-0.4584099459228443, 1.1863534634258175, -0.4436559713753643], "Sigma": [[0.004762144144251243, -0.001651278236981839, -0.0014158513572993198], [-0.001651278236981839, 0.003007155410963411, -0.0023920201542265962], [-0.0014158513572993198, -0.0023920201542265962, 0.006333932275369033]], "chi2_level": 0.997, "chi2_df": 3, "chi2_threshold": 13.931422665512084, "N_raw": 59, "N_roi": 58, "N_inlier": 54, "refit": true}
{"timestamp": "13:53:02.717704", "frame": 28, "mu": [-0.48267308216524163, 1.0932925308975034, 1.343572755589976], "Sigma": [[0.0057690453713837705, -0.0012529275328479854, -0.00471201006205458], [-0.0012529275328479854, 0.0013212149109577327, -0.0013808435856514241], [-0.00471201006205458, -0.0013808435856514241, 0.01524657888292145]], "chi2_level": 0.997, "chi2_df": 3, "chi2_threshold": 13.931422665512084, "N_raw": 82, "N_roi": 80, "N_inlier": 77, "refit": true}
{"timestamp": "13:53:02.776206", "frame": 29, "mu": [-0.47699390794245256, 1.1158914301849352, 1.1885689858796173], "Sigma": [[0.007268992584277933, 0.00025650198634627485, -0.005696660958766978], [0.00025650198634627485, 0.0012775770311645898, -0.0009116615886498871], [-0.005696660958766978, -0.000911661588649887, 0.030043463048952276]], "chi2_level": 0.997, "chi2_df": 3, "chi2_threshold": 13.931422665512084, "N_raw": 110, "N_roi": 106, "N_inlier": 102, "refit": true}
{"timestamp": "13:53:02.833515", "frame": 30, "mu": [-0.47235104132797945, 1.225096334425055, 1.3198862912730989], "Sigma": [[0.008203023774956035, -0.0016934601269382615, -0.009171856094117702], [-0.0016934601269382615, 0.0013887156288661191, -4.1157925450752814e-05], [-0.009171856094117702, -4.11579254507526e-05, 0.05115375379895679]], "chi2_level": 0.997, "chi2_df": 3, "chi2_threshold": 13.931422665512084, "N_raw": 123, "N_roi": 122, "N_inlier": 119, "refit": true}
{"timestamp": "13:53:02.885770", "frame": 31, "mu": [-0.46317699710745547, 1.2345524130943684, 1.1837056578050504], "Sigma": [[0.005728982170092495, -0.0014393035573329405, -0.013403035174063896], [-0.0014393035573329405, 0.002496390664419289, -0.0032809029442086887], [-0.013403035174063898, -0.0032809029442086883, 0.20843992947114537]], "chi2_level": 0.997, "chi2_df": 3, "chi2_threshold": 13.931422665512084, "N_raw": 101, "N_roi": 100, "N_inlier": 98, "refit": true}
{"timestamp": "13:53:02.940205", "frame": 32, "mu": [-0.4602326000241198, 1.298020896842609, 1.2545694619998335], "Sigma": [[0.007302379389082695, -0.0011516590348355778, -0.0200628548480249], [-0.0011516590348355778, 0.0022333556416448933, -0.0004540980058508335], [-0.0200628548480249, -0.0004540980058508335, 0.12127647438581354]], "chi2_level": 0.997, "chi2_df": 3, "chi2_threshold": 13.931422665512084, "N_raw": 99, "N_roi": 99, "N_inlier": 98, "refit": true}
{"timestamp": "13:53:02.998791", "frame": 33, "mu": [-0.44242355447194925, 1.3706818660320257, 0.9866503561090972], "Sigma": [[0.004631918239176844, -0.0025312388772391137, -0.0025161636411856494], [-0.0025312388772391137, 0.0043763000824554935, -0.010911297625835077], [-0.0025161636411856507, -0.010911297625835079, 0.22275180907464937]], "chi2_level": 0.997, "chi2_df": 3, "chi2_threshold": 13.931422665512084, "N_raw": 122, "N_roi": 122, "N_inlier": 122, "refit": true}
{"timestamp": "13:53:03.055518", "frame": 34, "mu": [-0.41885871616957826, 1.4385032508028615, 1.074598311540456], "Sigma": [[0.006744097245424832, -0.0015614814695980202, 0.011956757893076814], [-0.0015614814695980197, 0.010654496298210315, -0.018369349040037182], [0.011956757893076814, -0.018369349040037182, 0.22395544998979056]], "chi2_level": 0.997, "chi2_df": 3, "chi2_threshold": 13.931422665512084, "N_raw": 139, "N_roi": 139, "N_inlier": 138, "refit": true}
{"timestamp": "13:53:03.106784", "frame": 35, "mu": [-0.4781046767967528, 1.4487366943786717, 1.3258824736524166], "Sigma": [[0.007656422865002702, -0.0017566853488277237, -0.016913811590416904], [-0.0017566853488277237, 0.004069642954383055, 0.0075312044891984], [-0.016913811590416904, 0.007531204489198401, 0.12253014808274396]], "chi2_level": 0.997, "chi2_df": 3, "chi2_threshold": 13.931422665512084, "N_raw": 109, "N_roi": 109, "N_inlier": 106, "refit": true}
{"timestamp": "13:53:03.156943", "frame": 36, "mu": [-0.4338431624722339, 1.491566461402372, 1.3406813547976395], "Sigma": [[0.005884862776336743, 0.0006058038676676075, -0.001001518592179711], [0.0006058038676676075, 0.003337519465344178, -0.004184312097342664], [-0.001001518592179711, -0.004184312097342664, 0.006209774579272485]], "chi2_level": 0.997, "chi2_df": 3, "chi2_threshold": 13.931422665512084, "N_raw": 75, "N_roi": 75, "N_inlier": 71, "refit": true}
{"timestamp": "13:53:03.218605", "frame": 37, "mu": [-0.5092498433467643, 1.5350542738678392, 1.174035709340405], "Sigma": [[0.010930980438909686, 0.0010407140989056058, 0.00122960312223252], [0.001040714098905606, 0.0028357237050314977, 0.00951243154346097], [0.0012296031222325207, 0.00951243154346097, 0.09509666538476187]], "chi2_level": 0.997, "chi2_df": 3, "chi2_threshold": 13.931422665512084, "N_raw": 124, "N_roi": 124, "N_inlier": 121, "refit": true}
{"timestamp": "13:53:03.270573", "frame": 38, "mu": [-0.5367512618797222, 1.610716248550423, 1.0152038292848158], "Sigma": [[0.009528477352234893, -0.001153336866416035, 0.025724790311484648], [-0.001153336866416035, 0.005048238156293831, -0.01472566403700135], [0.025724790311484648, -0.01472566403700135, 0.2528221966529788]], "chi2_level": 0.997, "chi2_df": 3, "chi2_threshold": 13.931422665512084, "N_raw": 108, "N_roi": 108, "N_inlier": 108, "refit": true}
{"timestamp": "13:53:03.331071", "frame": 39, "mu": [-0.506377307108334, 1.6768710481932971, -0.10604250966712883], "Sigma": [[0.010069968727127497, -0.004618359243673296, 0.057958054723037916], [-0.004618359243673296, 0.013819638920844169, -0.04589922857833806], [0.057958054723037916, -0.04589922857833806, 0.5822946286552924]], "chi2_level": 0.997, "chi2_df": 3, "chi2_threshold": 13.931422665512084, "N_raw": 141, "N_roi": 141, "N_inlier": 140, "refit": true}
{"timestamp": "13:53:03.379792", "frame": 40, "mu": [-0.4969901451120088, 1.71037775599129, 1.1725973062553816], "Sigma": [[0.006331761247209238, -0.00022904387552253613, 0.00894815794885372], [-0.00022904387552253623, 0.001944529142703574, 0.0014777381068308143], [0.008948157948853721, 0.0014777381068308145, 0.1301947171073603]], "chi2_level": 0.997, "chi2_df": 3, "chi2_threshold": 13.931422665512084, "N_raw": 89, "N_roi": 89, "N_inlier": 88, "refit": true}
{"timestamp": "13:53:03.427454", "frame": 41, "mu": [-0.515281731493919, 1.741457625688943, 1.0695462972566778], "Sigma": [[0.006819436891993883, 0.002805416138625361, 0.01643666202560431], [0.002805416138625361, 0.002468813756879064, 0.00959719767034953], [0.01643666202560431, 0.00959719767034953, 0.18688555251374203]], "chi2_level": 0.997, "chi2_df": 3, "chi2_threshold": 13.931422665512084, "N_raw": 44, "N_roi": 44, "N_inlier": 43, "refit": true}
{"timestamp": "13:53:03.489336", "frame": 42, "mu": [-0.49287151207223656, 1.8168500298697157, 0.8422425232238776], "Sigma": [[0.013649767258190606, -0.0003507850216740445, 0.05086956494916951], [-0.0003507850216740444, 0.0037215175749052646, -0.005138121481443553], [0.05086956494916951, -0.005138121481443552, 0.4746328834957914]], "chi2_level": 0.997, "chi2_df": 3, "chi2_threshold": 13.931422665512084, "N_raw": 106, "N_roi": 106, "N_inlier": 106, "refit": true}
{"timestamp": "13:53:03.538578", "frame": 43, "mu": [-0.5017684208378475, 1.8539824178690967, 0.8108900234799965], "Sigma": [[0.012442199207377576, -0.0005594842261032596, 0.038893702988518214], [-0.0005594842261032596, 0.0025290708298437844, -0.010241116665850303], [0.03889370298851821, -0.010241116665850303, 0.41480403647637987]], "chi2_level": 0.997, "chi2_df": 3, "chi2_threshold": 13.931422665512084, "N_raw": 57, "N_roi": 57, "N_inlier": 57, "refit": true}
{"timestamp": "13:53:03.601851", "frame": 44, "mu": [-0.4329837351536811, 1.9441572929677897, 0.8379467639943311], "Sigma": [[0.014987840226593241, 0.0003904701296833115, 0.030619090712855], [0.00039047012968331126, 0.0046094233863124565, 0.007175862104636991], [0.030619090712855, 0.00717586210463699, 0.32172118163914376]], "chi2_level": 0.997, "chi2_df": 3, "chi2_threshold": 13.931422665512084, "N_raw": 119, "N_roi": 119, "N_inlier": 118, "refit": true}
{"timestamp": "13:53:03.660364", "frame": 45, "mu": [-0.47189235375148286, 2.024242001645633, 1.0249297953918697], "Sigma": [[0.0185777528021017, -0.0033610105839340177, 0.016528324774062526], [-0.0033610105839340177, 0.00613320784121489, -0.015587655065442225], [0.016528324774062526, -0.015587655065442223, 0.1914038287180029]], "chi2_level": 0.997, "chi2_df": 3, "chi2_threshold": 13.931422665512084, "N_raw": 130, "N_roi": 130, "N_inlier": 128, "refit": true}
{"timestamp": "13:53:03.715173", "frame": 46, "mu": [-0.49605625110701046, 2.098768963258026, 0.940795588943439], "Sigma": [[0.015633589877232425, 0.0010086947514936775, 0.028568755116732736], [0.0010086947514936773, 0.003768301233022858, -0.00236135030823109], [0.028568755116732736, -0.0023613503082310907, 0.49701268771690293]], "chi2_level": 0.997, "chi2_df": 3, "chi2_threshold": 13.931422665512084, "N_raw": 133, "N_roi": 133, "N_inlier": 133, "refit": true}
{"timestamp": "13:53:03.765929", "frame": 47, "mu": [-0.46056653839377143, 2.119067109686571, -0.1492004483280374], "Sigma": [[0.016429601802649584, 0.002073104106316772, 0.08482051851064545], [0.0020731041063167723, 0.004008835901040183, 0.010222779185012194], [0.08482051851064544, 0.010222779185012194, 0.8193307363697188]], "chi2_level": 0.997, "chi2_df": 3, "chi2_threshold": 13.931422665512084, "N_raw": 107, "N_roi": 107, "N_inlier": 107, "refit": true}
{"timestamp": "13:53:03.818178", "frame": 48, "mu": [-0.4737736317070323, 2.1660604036004205, 1.24690972846595], "Sigma": [[0.011678857950319239, -9.994326003798338e-06, -0.017777516704316598], [-9.994326003798365e-06, 0.003277970945846575, -0.005312647529088634], [-0.017777516704316598, -0.005312647529088634, 0.08579471850639697]], "chi2_level": 0.997, "chi2_df": 3, "chi2_threshold": 13.931422665512084, "N_raw": 84, "N_roi": 84, "N_inlier": 81, "refit": true}
{"timestamp": "13:53:03.871755", "frame": 49, "mu": [-0.4687601313268728, 2.172310720503281, 1.0647629178534863], "Sigma": [[0.0063445585363768745, -0.002780304070334929, -0.015351418600490307], [-0.002780304070334929, 0.01048997603084173, 0.03759639014067441], [-0.015351418600490307, 0.03759639014067441, 0.22134308806822842]], "chi2_level": 0.997, "chi2_df": 3, "chi2_threshold": 13.931422665512084, "N_raw": 84, "N_roi": 84, "N_inlier": 81, "refit": true}
{"timestamp": "13:53:03.930142", "frame": 50, "mu": [-0.4835600796163249, 2.2572709608957346, 1.0842975858910973], "Sigma": [[0.012786702207513346, -0.0019227435909227805, -0.042754109527247834], [-0.0019227435909227803, 0.006814390808830462, 0.009335993431839277], [-0.042754109527247834, 0.009335993431839277, 0.3597429321670898]], "chi2_level": 0.997, "chi2_df": 3, "chi2_threshold": 13.931422665512084, "N_raw": 105, "N_roi": 105, "N_inlier": 105, "refit": true}
{"timestamp": "13:53:03.987185", "frame": 51, "mu": [-0.4866100252060863, 2.355563172624983, 0.9590253718875135], "Sigma": [[0.011998165050329773, 8.280057326960494e-05, -0.023911197339608448], [8.280057326960483e-05, 0.0033674390105008977, -0.0002664284590276338], [-0.023911197339608448, -0.00026642845902763446, 0.24171357995819268]], "chi2_level": 0.997, "chi2_df": 3, "chi2_threshold": 13.931422665512084, "N_raw": 109, "N_roi": 109, "N_inlier": 109, "refit": true}
{"timestamp": "13:53:04.039743", "frame": 52, "mu": [-0.48482546541123306, 2.415965414235491, 1.1845689339062135], "Sigma": [[0.012459332100118617, 0.001519018811525509, 0.0005295478317349982], [0.001519018811525509, 0.0038119485739803254, -0.010253998127108085], [0.000529547831734999, -0.010253998127108085, 0.11287495766467714]], "chi2_level": 0.997, "chi2_df": 3, "chi2_threshold": 13.931422665512084, "N_raw": 94, "N_roi": 94, "N_inlier": 92, "refit": true}
{"timestamp": "13:53:04.099450", "frame": 53, "mu": [-0.5066038338906014, 2.4368865891728033, 0.7636559653983813], "Sigma": [[0.013673054613370131, -0.002162855210032555, -0.015583193464103879], [-0.0021628552100325547, 0.0049238224572906485, 0.01874219981497146], [-0.015583193464103879, 0.01874219981497146, 0.47894363498582593]], "chi2_level": 0.997, "chi2_df": 3, "chi2_threshold": 13.931422665512084, "N_raw": 134, "N_roi": 134, "N_inlier": 133, "refit": true}
{"timestamp": "13:53:04.147772", "frame": 54, "mu": [-0.5194381513085586, 2.5128201779048704, 1.085415462654911], "Sigma": [[0.013397704919572564, -0.0004707868402842032, 0.0204758980739385], [-0.00047078684028420333, 0.003653954368539893, -0.009137277237642382], [0.0204758980739385, -0.009137277237642382, 0.3155555684771954]], "chi2_level": 0.997, "chi2_df": 3, "chi2_threshold": 13.931422665512084, "N_raw": 85, "N_roi": 85, "N_inlier": 85, "refit": true}
{"timestamp": "13:53:04.204078", "frame": 55, "mu": [-0.49107918203758116, 2.5456034688651665, 1.0762295849357637], "Sigma": [[0.012574448533163874, -0.0010978313319232216, -0.016722701811603503], [-0.0010978313319232218, 0.007931946472185739, 0.02426289685860563], [-0.0167227018116035, 0.02426289685860563, 0.5047637680645103]], "chi2_level": 0.997, "chi2_df": 3, "chi2_threshold": 13.931422665512084, "N_raw": 93, "N_roi": 93, "N_inlier": 93, "refit": true}
{"timestamp": "13:53:04.265670", "frame": 56, "mu": [-0.5092867465058387, 2.59772018530629, 0.8065739666983411], "Sigma": [[0.015449376942431165, 0.00021515844548127217, 0.011868995413101133], [0.00021515844548127228, 0.00406418566941805, 0.015960443865635072], [0.011868995413101135, 0.015960443865635072, 0.5155529298059283]], "chi2_level": 0.997, "chi2_df": 3, "chi2_threshold": 13.931422665512084, "N_raw": 136, "N_roi": 136, "N_inlier": 135, "refit": true}
{"timestamp": "13:53:04.319676", "frame": 57, "mu": [-0.5170580710289585, 2.670477153552549, 0.8501100347472449], "Sigma": [[0.013604509095394849, -0.00023168929024307467, -0.003733009843388763], [-0.00023168929024307457, 0.005115049114520829, -0.007429095098889959], [-0.003733009843388764, -0.007429095098889959, 0.47657772243782803]], "chi2_level": 0.997, "chi2_df": 3, "chi2_threshold": 13.931422665512084, "N_raw": 126, "N_roi": 126, "N_inlier": 125, "refit": true}
{"timestamp": "13:53:04.371794", "frame": 58, "mu": [-0.49402866206377516, 2.764230008622622, 0.7140059976259596], "Sigma": [[0.011434360055077588, -0.0010878997378733644, 0.0005077174045893398], [-0.0010878997378733649, 0.016154813665069347, -0.04034539734385225], [0.0005077174045893393, -0.04034539734385225, 0.1436582091760367]], "chi2_level": 0.997, "chi2_df": 3, "chi2_threshold": 13.931422665512084, "N_raw": 111, "N_roi": 111, "N_inlier": 111, "refit": true}
{"timestamp": "13:53:04.423817", "frame": 59, "mu": [-0.5499652398574062, 2.7862653853876362, 1.1315669632030674], "Sigma": [[0.013175664339882846, 0.0018223905989240403, -0.016570610531852485], [0.0018223905989240403, 0.0042074450793615405, -0.021315198969309116], [-0.016570610531852485, -0.021315198969309113, 0.22163554320676482]], "chi2_level": 0.997, "chi2_df": 3, "chi2_threshold": 13.931422665512084, "N_raw": 93, "N_roi": 93, "N_inlier": 93, "refit": true}
{"timestamp": "13:53:04.479667", "frame": 60, "mu": [-0.5459195477486803, 2.8586955311111275, -0.7022789257410935], "Sigma": [[0.015205517240040793, 0.003219831344041404, 0.027854655754791742], [0.003219831344041404, 0.009655155901385834, 0.01506931884694682], [0.027854655754791742, 0.015069318846946822, 0.2051736994082148]], "chi2_level": 0.997, "chi2_df": 3, "chi2_threshold": 13.931422665512084, "N_raw": 97, "N_roi": 97, "N_inlier": 94, "refit": true}
{"timestamp": "13:53:04.536498", "frame": 61, "mu": [-0.5828045791771456, 2.8899792090863947, 0.7926452206461219], "Sigma": [[0.016318969508629325, -0.00024042338014005658, -0.01219741896097422], [-0.00024042338014005642, 0.003963069700514179, 0.004948992844432371], [-0.012197418960974222, 0.004948992844432371, 0.30003001555141795]], "chi2_level": 0.997, "chi2_df": 3, "chi2_threshold": 13.931422665512084, "N_raw": 104, "N_roi": 104, "N_inlier": 104, "refit": true}
{"timestamp": "13:53:04.592016", "frame": 62, "mu": [-0.5572477970685542, 3.124067325824729, 0.022067794674931175], "Sigma": [[0.021238807160878802, -0.014284453961518635, 0.0905203113450914], [-0.014284453961518635, 0.02629322375436225, -0.10762362823893407], [0.09052031134509142, -0.10762362823893407, 0.6865312114667753]], "chi2_level": 0.997, "chi2_df": 3, "chi2_threshold": 13.931422665512084, "N_raw": 112, "N_roi": 112, "N_inlier": 111, "refit": true}
{"timestamp": "13:53:04.641991", "frame": 63, "mu": [-0.5609444204782958, 3.0431478333001163, 1.1915706850101089], "Sigma": [[0.017026259850365363, 0.00012869569987702305, -0.0012711259843570877], [0.0001286956998770231, 0.003892628881326579, -0.01096698177994461], [-0.0012711259843570877, -0.01096698177994461, 0.08317897089989096]], "chi2_level": 0.997, "chi2_df": 3, "chi2_threshold": 13.931422665512084, "N_raw": 85, "N_roi": 85, "N_inlier": 83, "refit": true}
{"timestamp": "13:53:04.698292", "frame": 64, "mu": [-0.5291788743732367, 3.079170164216386, 0.8959641357263248], "Sigma": [[0.0175783242193275, 0.0021696706601525883, 0.0028632392306254095], [0.0021696706601525887, 0.0032696976347180557, 0.00427596897786481], [0.0028632392306254103, 0.00427596897786481, 0.40703927085394365]], "chi2_level": 0.997, "chi2_df": 3, "chi2_threshold": 13.931422665512084, "N_raw": 90, "N_roi": 90, "N_inlier": 90, "refit": true}
{"timestamp": "13:53:04.755949", "frame": 65, "mu": [-0.540873058877212, 3.140204442973744, -0.2515710107566833], "Sigma": [[0.01901190928706681, 0.0004826907233374601, 0.08633926369772915], [0.00048269072333746027, 0.005602331617174464, 7.259829283979375e-05], [0.08633926369772915, 7.259829283979505e-05, 0.9333694344367625]], "chi2_level": 0.997, "chi2_df": 3, "chi2_threshold": 13.931422665512084, "N_raw": 107, "N_roi": 107, "N_inlier": 107, "refit": true}
{"timestamp": "13:53:04.811664", "frame": 66, "mu": [-0.5441034691040219, 3.1910543516781966, 0.86031545566406], "Sigma": [[0.021518495407950217, 0.00011230066307471711, 0.01213487205224158], [0.00011230066307471711, 0.00435947041490599, -0.014347809704698487], [0.01213487205224158, -0.014347809704698487, 0.46442276336666183]], "chi2_level": 0.997, "chi2_df": 3, "chi2_threshold": 13.931422665512084, "N_raw": 111, "N_roi": 111, "N_inlier": 108, "refit": true}
{"timestamp": "13:53:04.863395", "frame": 67, "mu": [-0.5661258355373271, 3.265008213073669, -0.07154155378541681], "Sigma": [[0.025772837541782674, 0.0044328768406446594, 0.09535963652272822], [0.00443287684064466, 0.015384367397120641, 0.0009545922902314628], [0.09535963652272822, 0.0009545922902314623, 0.4745051152021346]], "chi2_level": 0.997, "chi2_df": 3, "chi2_threshold": 13.931422665512084, "N_raw": 88, "N_roi": 88, "N_inlier": 86, "refit": true}
{"timestamp": "13:53:04.914990", "frame": 68, "mu": [-0.5605399507324894, 3.2915406531504083, 1.1966440947352566], "Sigma": [[0.021108970003692766, 0.0027763602576509378, -0.009776880994043304], [0.0027763602576509378, 0.007629266758062196, -0.02098203849075067], [-0.009776880994043304, -0.02098203849075067, 0.07653451328629682]], "chi2_level": 0.997, "chi2_df": 3, "chi2_threshold": 13.931422665512084, "N_raw": 72, "N_roi": 72, "N_inlier": 71, "refit": true}
{"timestamp": "13:53:04.980991", "frame": 69, "mu": [-0.5637203741450699, 3.403810181347197, 0.9120360084301844], "Sigma": [[0.02559246607883664, -0.002420018761926265, -0.004064466442290968], [-0.0024200187619262646, 0.015684782424764024, -0.05400120705883521], [-0.004064466442290969, -0.05400120705883521, 0.3944779478843456]], "chi2_level": 0.997, "chi2_df": 3, "chi2_threshold": 13.931422665512084, "N_raw": 144, "N_roi": 144, "N_inlier": 144, "refit": true}
{"timestamp": "13:53:05.027677", "frame": 70, "mu": [-0.45056185533243176, 3.5128481641829628, 0.03319664076857293], "Sigma": [[0.021627301196649386, -0.0022980604248572945, 0.009273323007362912], [-0.0022980604248572945, 0.020926640847700084, -0.056785029442789674], [0.00927332300736291, -0.05678502944278967, 0.18338798085499894]], "chi2_level": 0.997, "chi2_df": 3, "chi2_threshold": 13.931422665512084, "N_raw": 81, "N_roi": 80, "N_inlier": 79, "refit": true}
{"timestamp": "13:53:05.081990", "frame": 71, "mu": [-0.5816921963078027, 3.4997194598432175, 1.2391775255932544], "Sigma": [[0.022000152859362365, -0.00029449126302048497, -0.002318176983909506], [-0.00029449126302048497, 0.009394240868596417, -0.011785551930214546], [-0.0023181769839095076, -0.011785551930214548, 0.27291022462999365]], "chi2_level": 0.997, "chi2_df": 3, "chi2_threshold": 13.931422665512084, "N_raw": 82, "N_roi": 82, "N_inlier": 81, "refit": true}
{"timestamp": "13:53:05.129192", "frame": 72, "mu": [-0.4542627136769568, 3.5398719534293095, 0.9703949895714274], "Sigma": [[0.011407042610790974, -0.0024698869522705984, -0.02420070453236242], [-0.0024698869522705984, 0.0036179136161219577, 0.0008408673861182818], [-0.02420070453236242, 0.000840867386118282, 0.07805682682332493]], "chi2_level": 0.997, "chi2_df": 3, "chi2_threshold": 13.931422665512084, "N_raw": 24, "N_roi": 24, "N_inlier": 22, "refit": true}
{"timestamp": "13:53:05.192679", "frame": 73, "mu": [-0.56949636874843, 3.5854037893528052, 1.4306429135417478], "Sigma": [[0.028384578995519813, 0.0032237383938194778, -0.021572518060493595], [0.0032237383938194773, 0.007847715890891222, -0.00556820072128867], [-0.021572518060493595, -0.00556820072128867, 0.04266583986146669]], "chi2_level": 0.997, "chi2_df": 3, "chi2_threshold": 13.931422665512084, "N_raw": 90, "N_roi": 90, "N_inlier": 85, "refit": true}
{"timestamp": "13:53:05.244128", "frame": 74, "mu": [-0.6031377400864325, 3.660879999583518, -0.011741539510535767], "Sigma": [[0.02177450632216199, 0.003748174706868837, 0.050919431782211796], [0.003748174706868837, 0.009734777971517625, 0.01025584533229755], [0.050919431782211796, 0.01025584533229755, 0.19556047852229544]], "chi2_level": 0.997, "chi2_df": 3, "chi2_threshold": 13.931422665512084, "N_raw": 66, "N_roi": 66, "N_inlier": 66, "refit": true}
{"timestamp": "13:53:05.294023", "frame": 75, "mu": [-0.49895457378728386, 3.7350006571866863, 1.2890100274191605], "Sigma": [[0.01735831236083231, -0.0034675376331677475, 0.03008280424698677], [-0.0034675376331677475, 0.003585950056718995, -0.019371318885351756], [0.030082804246986766, -0.019371318885351763, 0.1656914404350743]], "chi2_level": 0.997, "chi2_df": 3, "chi2_threshold": 13.931422665512084, "N_raw": 26, "N_roi": 26, "N_inlier": 25, "refit": true}
{"timestamp": "13:53:05.351826", "frame": 76, "mu": [-0.5523407928772386, 3.829919294312932, 0.2315718004272905], "Sigma": [[0.023909563627770213, 0.002186185577361021, -0.008475996559342319], [0.0021861855773610207, 0.0057736851267347076, -0.00559073204907377], [-0.008475996559342319, -0.00559073204907377, 0.00876884245462498]], "chi2_level": 0.997, "chi2_df": 3, "chi2_threshold": 13.931422665512084, "N_raw": 52, "N_roi": 52, "N_inlier": 50, "refit": true}
{"timestamp": "13:53:05.407560", "frame": 77, "mu": [-0.5487281244128289, 3.822243908168184, -0.7425454255226805], "Sigma": [[0.02983210268190131, 0.005980285096545121, 0.038983381072136974], [0.005980285096545121, 0.005728977989398022, 0.005350324766533689], [0.038983381072136974, 0.005350324766533689, 0.17464819723604844]], "chi2_level": 0.997, "chi2_df": 3, "chi2_threshold": 13.931422665512084, "N_raw": 61, "N_roi": 61, "N_inlier": 60, "refit": true}
{"timestamp": "13:53:05.461990", "frame": 78, "mu": [-0.6044442116977015, 3.853252207858525, 0.9515628772349184], "Sigma": [[0.023670977127386555, 0.0013809789387897798, -0.006968380923803332], [0.0013809789387897798, 0.010643934423505157, -0.013881185480164022], [-0.006968380923803333, -0.013881185480164022, 0.02584571351254033]], "chi2_level": 0.997, "chi2_df": 3, "chi2_threshold": 13.931422665512084, "N_raw": 53, "N_roi": 53, "N_inlier": 51, "refit": true}
{"timestamp": "13:53:05.513927", "frame": 79, "mu": [-0.47858393239472735, 3.93734451232085, 1.2024785253181363], "Sigma": [[0.013804263349484503, 0.00034529485788916076, 0.005821014425246109], [0.00034529485788916076, 0.0025630275058751316, -0.012116433296748523], [0.005821014425246111, -0.012116433296748524, 0.08996078630455251]], "chi2_level": 0.997, "chi2_df": 3, "chi2_threshold": 13.931422665512084, "N_raw": 31, "N_roi": 31, "N_inlier": 29, "refit": true}
{"timestamp": "13:53:05.571718", "frame": 80, "mu": [-0.5347650772310573, 4.005456862367817, 1.1438495317346054], "Sigma": [[0.012380160170347572, -2.588154469255295e-05, -0.006221157761015076], [-2.5881544692553057e-05, 0.006987196722191962, -0.02313632975332383], [-0.006221157761015077, -0.02313632975332383, 0.19698522886944173]], "chi2_level": 0.997, "chi2_df": 3, "chi2_threshold": 13.931422665512084, "N_raw": 52, "N_roi": 52, "N_inlier": 52, "refit": true}
{"timestamp": "13:53:05.623283", "frame": 81, "mu": [-0.6332312182792238, 4.045973283674859, 1.194941211893584], "Sigma": [[0.01650560492661667, 0.00038978963425693243, -0.005996578079741633], [0.00038978963425693243, 0.001622054257559391, -0.004912961560778624], [-0.005996578079741634, -0.004912961560778623, 0.027106703163375528]], "chi2_level": 0.997, "chi2_df": 3, "chi2_threshold": 13.931422665512084, "N_raw": 30, "N_roi": 30, "N_inlier": 29, "refit": true}
{"timestamp": "13:53:05.680406", "frame": 82, "mu": [-0.5501215171064155, 4.0891856411939065, 1.1739489337545055], "Sigma": [[0.01712529309701657, 0.0023807953948668035, -0.0008311436531600958], [0.0023807953948668035, 0.002487665486309703, -0.007451896466994074], [-0.0008311436531600958, -0.007451896466994074, 0.0802288754603002]], "chi2_level": 0.997, "chi2_df": 3, "chi2_threshold": 13.931422665512084, "N_raw": 43, "N_roi": 43, "N_inlier": 42, "refit": true}
{"timestamp": "13:53:05.736521", "frame": 83, "mu": [-0.584607884283227, 4.146720467105471, 1.2970849981480335], "Sigma": [[0.02789817091525653, 0.0009728015717988381, -0.010306168139401797], [0.0009728015717988381, 0.0023552981228280702, -0.005864469173399193], [-0.010306168139401797, -0.005864469173399193, 0.023224220172682972]], "chi2_level": 0.997, "chi2_df": 3, "chi2_threshold": 13.931422665512084, "N_raw": 49, "N_roi": 48, "N_inlier": 48, "refit": true}
{"timestamp": "13:53:05.788728", "frame": 84, "mu": [-0.6133588473544701, 4.232452913875981, 0.3894651175319209], "Sigma": [[0.018795289541012124, 0.004843409951185802, -0.00690141171209087], [0.004843409951185802, 0.005050407353733291, -0.0044689569664413155], [-0.00690141171209087, -0.0044689569664413155, 0.006619345646502674]], "chi2_level": 0.997, "chi2_df": 3, "chi2_threshold": 13.931422665512084, "N_raw": 32, "N_roi": 32, "N_inlier": 32, "refit": true}
{"timestamp": "13:53:05.847909", "frame": 85, "mu": [-0.5675165703232031, 4.237677494973662, 1.3291160136642124], "Sigma": [[0.03181741029495491, 0.002363994689770316, -0.014006158803015291], [0.002363994689770316, 0.004472287399582048, -0.004902168226388671], [-0.014006158803015291, -0.004902168226388671, 0.012176298368436264]], "chi2_level": 0.997, "chi2_df": 3, "chi2_threshold": 13.931422665512084, "N_raw": 56, "N_roi": 56, "N_inlier": 55, "refit": true}
{"timestamp": "13:53:05.904471", "frame": 86, "mu": [-0.5314681443133233, 4.285092702497851, 1.4100235510464265], "Sigma": [[0.032810569805647005, 0.0014517294424679467, -0.012316711117733692], [0.0014517294424679472, 0.005973872859018304, -0.006828028500692964], [-0.012316711117733692, -0.006828028500692964, 0.014131023738349685]], "chi2_level": 0.997, "chi2_df": 3, "chi2_threshold": 13.931422665512084, "N_raw": 67, "N_roi": 67, "N_inlier": 67, "refit": true}
