{"timestamp": "15:46:35.385129", "frame": 24, "mu": [-2.458611119657997, 0.9560434438251646, 0.8115962533396229], "Sigma": [[0.0008597513910531051, 0.0015801636008500788, -0.00020390761065671923], [0.0015801636008500788, 0.004296231275923595, 0.005044123195128185], [-0.00020390761065671933, 0.005044123195128185, 0.024123259133070996]], "chi2_level": 0.95, "chi2_df": 3, "chi2_threshold": 7.814727903251179, "N_raw": 29, "N_roi": 10, "N_inlier": 10, "refit": true}
{"timestamp": "15:46:35.438311", "frame": 25, "mu": [-2.442143166254942, 1.0756522104713517, 0.8179702357089857], "Sigma": [[0.0012132817463965666, 0.0008802531267679066, 0.0014692201168144956], [0.0008802531267679068, 0.001539035480336613, 0.001449498323663736], [0.0014692201168144956, 0.001449498323663736, 0.004920877020908564]], "chi2_level": 0.95, "chi2_df": 3, "chi2_threshold": 7.814727903251179, "N_raw": 16, "N_roi": 6, "N_inlier": 6, "refit": true}
{"timestamp": "15:46:35.493836", "frame": 26, "mu": [-2.46068156233946, 0.8028093930775769, 0.6322008174418454], "Sigma": [[0.0008964011917841169, 0.0013459030672438555, -0.0002506938959419052], [0.0013459030672438555, 0.005414436800822974, -0.0019247576572446828], [-0.0002506938959419053, -0.0019247576572446828, 0.0007780820124404499]], "chi2_level": 0.95, "chi2_df": 3, "chi2_threshold": 7.814727903251179, "N_raw": 24, "N_roi": 6, "N_inlier": 6, "refit": true}
{"timestamp": "15:46:35.549871", "frame": 27, "mu": [-2.458046950329995, 0.8912142610041838, 0.652133106410222], "Sigma": [[0.0012380547466792785, 0.0007823790816367919, -0.0005099731695572096], [0.0007823790816367917, 0.003232873354678341, -0.0024274479082288416], [-0.0005099731695572095, -0.0024274479082288416, 0.003197529786776572]], "chi2_level": 0.95, "chi2_df": 3, "chi2_threshold": 7.814727903251179, "N_raw": 30, "N_roi": 9, "N_inlier": 9, "refit": true}
{"timestamp": "15:46:35.601634", "frame": 28, "mu": [-2.361383187600044, 0.8177526924430971, 0.6395037493798145], "Sigma": [[0.0017752546686887274, -7.969080772290217e-05, -0.00013141980942777632], [-7.969080772290219e-05, 0.0005689557020475141, 0.0006588757132851022], [-0.00013141980942777637, 0.0006588757132851022, 0.0016623003039098882]], "chi2_level": 0.95, "chi2_df": 3, "chi2_threshold": 7.814727903251179, "N_raw": 5, "N_roi": 5, "N_inlier": 5, "refit": true}
{"timestamp": "15:46:35.714720", "frame": 30, "mu": [-2.385840545931755, 0.8468347825218057, 0.8154490064355979], "Sigma": [[0.005143115278437344, 0.007412382084797332, -0.001296873820428125], [0.007412382084797333, 0.012815128051427071, -0.0026540376440297112], [-0.001296873820428125, -0.0026540376440297112, 0.004600413105706939]], "chi2_level": 0.95, "chi2_df": 3, "chi2_threshold": 7.814727903251179, "N_raw": 24, "N_roi": 16, "N_inlier": 16, "refit": true}
{"timestamp": "15:46:35.825336", "frame": 32, "mu": [0.17258870159168338, 0.5934830831069254, 0.6728496085259311], "Sigma": [[5.573831766393863, 0.07644877588232554, 0.05341954116320152], [0.07644877588232556, 0.01473496916785867, -0.0014510705754869884], [0.05341954116320152, -0.0014510705754869884, 0.00218437677478411]], "chi2_level": 0.95, "chi2_df": 3, "chi2_threshold": 7.814727903251179, "N_raw": 30, "N_roi": 29, "N_inlier": 28, "refit": true}
{"timestamp": "15:46:35.878355", "frame": 33, "mu": [-2.2938388090560626, 0.7776448947054594, 1.0337424195918543], "Sigma": [[0.006764021727502037, 0.010692203784122051, -0.0025070867131776696], [0.01069220378412205, 0.0185135855263793, -0.005083316449732042], [-0.0025070867131776696, -0.005083316449732042, 0.005763668147662152]], "chi2_level": 0.95, "chi2_df": 3, "chi2_threshold": 7.814727903251179, "N_raw": 21, "N_roi": 21, "N_inlier": 20, "refit": true}
{"timestamp": "15:46:35.933388", "frame": 34, "mu": [1.1858951154901936, 0.5638290293109383, 0.6529888482082279], "Sigma": [[4.011617133618983, 0.14156514160967582, 0.008748427481590968], [0.14156514160967582, 0.018448812193382652, 0.0009442528856629603], [0.00874842748159097, 0.0009442528856629601, 0.0015675597772491434]], "chi2_level": 0.95, "chi2_df": 3, "chi2_threshold": 7.814727903251179, "N_raw": 15, "N_roi": 15, "N_inlier": 14, "refit": true}
{"timestamp": "15:46:35.988068", "frame": 35, "mu": [-2.2545399162619324, 0.7640791817169632, 0.9237603090918846], "Sigma": [[0.005211512643194785, 0.007692245861722624, -0.004347724016972473], [0.007692245861722624, 0.013612495553183146, -0.0077672006221349826], [-0.004347724016972473, -0.0077672006221349826, 0.005791086250066911]], "chi2_level": 0.95, "chi2_df": 3, "chi2_threshold": 7.814727903251179, "N_raw": 17, "N_roi": 17, "N_inlier": 16, "refit": true}
{"timestamp": "15:46:36.041503", "frame": 36, "mu": [-2.2171413650609377, 0.7940009385273482, 0.7770022025759484], "Sigma": [[0.002455304775501895, 0.0029765913453178305, -0.002502621465361921], [0.0029765913453178297, 0.004408096924771197, -0.002482419116471633], [-0.002502621465361921, -0.002482419116471633, 0.0029435826204210667]], "chi2_level": 0.95, "chi2_df": 3, "chi2_threshold": 7.814727903251179, "N_raw": 6, "N_roi": 6, "N_inlier": 6, "refit": true}
{"timestamp": "15:46:36.154098", "frame": 38, "mu": [-2.240501357677153, 0.9231979380978217, -0.9463992012175229], "Sigma": [[0.006451109370455646, 0.007283276138667336, -0.0025573111833635015], [0.007283276138667337, 0.013002401678560085, -0.004677549830161566], [-0.0025573111833635015, -0.004677549830161566, 0.002297677029794145]], "chi2_level": 0.95, "chi2_df": 3, "chi2_threshold": 7.814727903251179, "N_raw": 25, "N_roi": 25, "N_inlier": 22, "refit": true}
{"timestamp": "15:46:36.205445", "frame": 39, "mu": [-2.138544048772063, 0.7039385511888976, 0.9730978463318578], "Sigma": [[0.010965692672001792, 0.015282059768480991, -0.009046294098721187], [0.015282059768480991, 0.021948762870822574, -0.008916102149328732], [-0.009046294098721187, -0.008916102149328732, 0.03323104970027493]], "chi2_level": 0.95, "chi2_df": 3, "chi2_threshold": 7.814727903251179, "N_raw": 5, "N_roi": 5, "N_inlier": 5, "refit": true}
{"timestamp": "15:46:36.265393", "frame": 40, "mu": [-2.251168628419898, 0.8535714054517068, 0.9347918757327354], "Sigma": [[0.0077516434033252065, 0.00800911018637238, -0.0019284546098997364], [0.00800911018637238, 0.011122765895104799, -0.0046009290869814395], [-0.0019284546098997364, -0.0046009290869814395, 0.006044364830024554]], "chi2_level": 0.95, "chi2_df": 3, "chi2_threshold": 7.814727903251179, "N_raw": 34, "N_roi": 33, "N_inlier": 31, "refit": true}
{"timestamp": "15:46:36.372603", "frame": 42, "mu": [-2.0907149654531985, 0.7680972322776801, 1.0265104235063909], "Sigma": [[0.0038658497478866946, 0.004468903571441753, -0.002560546847457642], [0.004468903571441753, 0.007579748927886965, -0.0040574533584849595], [-0.0025605468474576417, -0.00405745335848496, 0.003519552794882871]], "chi2_level": 0.95, "chi2_df": 3, "chi2_threshold": 7.814727903251179, "N_raw": 17, "N_roi": 17, "N_inlier": 16, "refit": true}
{"timestamp": "15:46:36.430326", "frame": 43, "mu": [-2.1315515497467064, 0.7100152128854954, 1.0276587213454007], "Sigma": [[0.0053127238639185, 0.008122767375686962, -0.00263513046712777], [0.008122767375686962, 0.016619569434940085, -0.007718153157471968], [-0.00263513046712777, -0.007718153157471967, 0.00718226757503171]], "chi2_level": 0.95, "chi2_df": 3, "chi2_threshold": 7.814727903251179, "N_raw": 31, "N_roi": 31, "N_inlier": 29, "refit": true}
{"timestamp": "15:46:36.484223", "frame": 44, "mu": [-2.1099754004753097, 0.9399659368761689, -0.6488964206799832], "Sigma": [[0.007354565260295819, 0.009205510005911827, -0.0019218046434982328], [0.009205510005911827, 0.01929222126264226, -0.004758425585836364], [-0.0019218046434982328, -0.004758425585836364, 0.0021653893205498716]], "chi2_level": 0.95, "chi2_df": 3, "chi2_threshold": 7.814727903251179, "N_raw": 30, "N_roi": 30, "N_inlier": 30, "refit": true}
{"timestamp": "15:46:36.539750", "frame": 45, "mu": [-2.0072968149064843, 0.7804101620488918, 1.214888383249258], "Sigma": [[0.00754027899415892, 0.008310712111026986, -0.004415938890948552], [0.008310712111026986, 0.011914485373806422, -0.006705919858427696], [-0.004415938890948553, -0.006705919858427697, 0.004586763866388263]], "chi2_level": 0.95, "chi2_df": 3, "chi2_threshold": 7.814727903251179, "N_raw": 24, "N_roi": 24, "N_inlier": 24, "refit": true}
{"timestamp": "15:46:36.591899", "frame": 46, "mu": [-2.018363112669379, 0.8715350187473031, 1.1365595609044747], "Sigma": [[0.004033020913292281, 0.007356819061847033, -0.0018757841105713155], [0.007356819061847033, 0.018068061690460026, -0.0052127196705004306], [-0.0018757841105713155, -0.0052127196705004306, 0.0015663481278862632]], "chi2_level": 0.95, "chi2_df": 3, "chi2_threshold": 7.814727903251179, "N_raw": 14, "N_roi": 14, "N_inlier": 13, "refit": true}
{"timestamp": "15:46:36.647526", "frame": 47, "mu": [-1.9828241503474013, 0.9034302735431429, -0.7132799649440495], "Sigma": [[0.0031248875791001223, 0.0039002889220611176, -0.0017377446647506246], [0.0039002889220611176, 0.010470513114994523, -0.0015943782728420816], [-0.0017377446647506246, -0.0015943782728420814, 0.0014698391501745812]], "chi2_level": 0.95, "chi2_df": 3, "chi2_threshold": 7.814727903251179, "N_raw": 14, "N_roi": 14, "N_inlier": 14, "refit": true}
{"timestamp": "15:46:36.708230", "frame": 48, "mu": [-2.0074476615300556, 0.6410690914209077, 1.0383655781289416], "Sigma": [[0.007132880090986113, 0.00803027910471234, -0.00026094522242316523], [0.008030279104712339, 0.013836076480846693, -0.0028308229046548356], [-0.00026094522242316534, -0.002830822904654835, 0.01877112341520284]], "chi2_level": 0.95, "chi2_df": 3, "chi2_threshold": 7.814727903251179, "N_raw": 54, "N_roi": 54, "N_inlier": 48, "refit": true}
{"timestamp": "15:46:36.757922", "frame": 49, "mu": [-1.9956827781303383, 0.5231608024055513, 0.8774135015709154], "Sigma": [[0.0037657367084008445, 0.004019061580560432, -0.0015045621456290066], [0.004019061580560432, 0.006687445571045264, -0.0023397852822441083], [-0.0015045621456290066, -0.0023397852822441083, 0.0034556569732800877]], "chi2_level": 0.95, "chi2_df": 3, "chi2_threshold": 7.814727903251179, "N_raw": 15, "N_roi": 15, "N_inlier": 14, "refit": true}
{"timestamp": "15:46:36.816796", "frame": 50, "mu": [-1.9662862950048519, 0.7771799692255942, 1.049413441917337], "Sigma": [[0.009436620228019636, 0.0007973407577419313, 0.0016939906713784093], [0.0007973407577419308, 0.0088701888434767, -0.0071746106902483165], [0.0016939906713784093, -0.0071746106902483165, 0.008770517884469737]], "chi2_level": 0.95, "chi2_df": 3, "chi2_threshold": 7.814727903251179, "N_raw": 39, "N_roi": 39, "N_inlier": 38, "refit": true}
{"timestamp": "15:46:36.875300", "frame": 51, "mu": [-1.9647382329178784, 0.6951201045038655, 1.0863581398784763], "Sigma": [[0.010914940768692715, 0.007157458101297881, -0.002812616974915625], [0.007157458101297881, 0.01473781865701071, -0.008730566314344556], [-0.0028126169749156256, -0.008730566314344556, 0.012686977834280348]], "chi2_level": 0.95, "chi2_df": 3, "chi2_threshold": 7.814727903251179, "N_raw": 66, "N_roi": 66, "N_inlier": 59, "refit": true}
{"timestamp": "15:46:36.932585", "frame": 52, "mu": [-1.9268202135318226, 0.7300659096271124, 1.1770694907700476], "Sigma": [[0.009960534306151323, 0.008806070746230018, 0.0011029739016229598], [0.008806070746230018, 0.015339750789108032, -0.008108647511246795], [0.0011029739016229596, -0.008108647511246795, 0.013860916266104454]], "chi2_level": 0.95, "chi2_df": 3, "chi2_threshold": 7.814727903251179, "N_raw": 63, "N_roi": 63, "N_inlier": 61, "refit": true}
{"timestamp": "15:46:36.986526", "frame": 53, "mu": [-1.9503671346156457, 0.6645377231320441, 1.0265868171477557], "Sigma": [[0.00931875645402642, 0.006841136302951252, -0.0016212452790180815], [0.006841136302951252, 0.011615884922241528, -0.008209607088403247], [-0.0016212452790180815, -0.008209607088403247, 0.009766171778279343]], "chi2_level": 0.95, "chi2_df": 3, "chi2_threshold": 7.814727903251179, "N_raw": 58, "N_roi": 58, "N_inlier": 53, "refit": true}
{"timestamp": "15:46:37.044271", "frame": 54, "mu": [-1.8868240640308613, 0.7058536289715834, 1.1065239871871526], "Sigma": [[0.010669504018549955, 0.010921140753454357, 0.005763059390475847], [0.010921140753454357, 0.018707149608875016, -0.001364849233214038], [0.005763059390475847, -0.0013648492332140382, 0.021530063682930013]], "chi2_level": 0.95, "chi2_df": 3, "chi2_threshold": 7.814727903251179, "N_raw": 72, "N_roi": 72, "N_inlier": 68, "refit": true}
{"timestamp": "15:46:37.094689", "frame": 55, "mu": [-1.8618891405597084, 0.769011049066752, 1.0262521234848123], "Sigma": [[0.005312361555309627, 0.007508922419147194, 0.006531119989337865], [0.007508922419147194, 0.01216332256056003, 0.00938658560425368], [0.006531119989337865, 0.00938658560425368, 0.03507173296085661]], "chi2_level": 0.95, "chi2_df": 3, "chi2_threshold": 7.814727903251179, "N_raw": 41, "N_roi": 41, "N_inlier": 39, "refit": true}
{"timestamp": "15:46:37.153577", "frame": 56, "mu": [-1.8020665212187712, 0.7091704865666605, 1.1732944839691661], "Sigma": [[0.007483210546533879, 0.008676179930655493, 0.008085909368314796], [0.008676179930655493, 0.014784217733227122, 0.009970247438198887], [0.008085909368314796, 0.009970247438198887, 0.05385540714563166]], "chi2_level": 0.95, "chi2_df": 3, "chi2_threshold": 7.814727903251179, "N_raw": 74, "N_roi": 74, "N_inlier": 70, "refit": true}
{"timestamp": "15:46:37.209238", "frame": 57, "mu": [-1.809605890101989, 0.799373135829033, 1.194556546989812], "Sigma": [[0.008850621994935493, 0.005970572715483617, 0.009969454186146346], [0.005970572715483617, 0.007979152175502645, -0.0015484793981396202], [0.009969454186146346, -0.00154847939813962, 0.041269555021117635]], "chi2_level": 0.95, "chi2_df": 3, "chi2_threshold": 7.814727903251179, "N_raw": 71, "N_roi": 71, "N_inlier": 69, "refit": true}
{"timestamp": "15:46:37.259657", "frame": 58, "mu": [-1.8239836641318359, 0.7368695359766393, 0.991574770577121], "Sigma": [[0.00844815072054629, 0.007109046402161442, -0.004715691910122289], [0.007109046402161441, 0.007985922110644188, -0.005901904568307975], [-0.004715691910122289, -0.005901904568307975, 0.011794291006066257]], "chi2_level": 0.95, "chi2_df": 3, "chi2_threshold": 7.814727903251179, "N_raw": 48, "N_roi": 48, "N_inlier": 45, "refit": true}
{"timestamp": "15:46:37.312343", "frame": 59, "mu": [-1.8750491953716448, 0.7014158228711378, 0.8723370892558173], "Sigma": [[0.004238923083261041, 0.0009420541627338246, -0.0038829186376476334], [0.0009420541627338245, 0.04616639040742372, 0.0026469831049728463], [-0.0038829186376476334, 0.0026469831049728463, 0.004133177995337095]], "chi2_level": 0.95, "chi2_df": 3, "chi2_threshold": 7.814727903251179, "N_raw": 35, "N_roi": 35, "N_inlier": 33, "refit": true}
{"timestamp": "15:46:37.370162", "frame": 60, "mu": [-1.8023204291847423, 0.8581080004322157, -0.7998593102370327], "Sigma": [[0.00631955767021217, 0.007247598654861944, 0.004027560017932636], [0.007247598654861944, 0.013927542882141935, 0.0013052533300719916], [0.004027560017932636, 0.0013052533300719911, 0.016782650604633173]], "chi2_level": 0.95, "chi2_df": 3, "chi2_threshold": 7.814727903251179, "N_raw": 50, "N_roi": 50, "N_inlier": 47, "refit": true}
{"timestamp": "15:46:37.426461", "frame": 61, "mu": [-1.7020422997614584, 0.7547453846450446, 1.207855115449504], "Sigma": [[0.011816371037637764, 0.006256642509088535, 0.01158233867958814], [0.006256642509088535, 0.007295255292569059, -0.000388252488160881], [0.01158233867958814, -0.00038825248816088065, 0.032545516061397196]], "chi2_level": 0.95, "chi2_df": 3, "chi2_threshold": 7.814727903251179, "N_raw": 61, "N_roi": 61, "N_inlier": 60, "refit": true}
{"timestamp": "15:46:37.481955", "frame": 62, "mu": [-1.6266863771228726, 0.8128692064195121, -0.5405499962441304], "Sigma": [[0.008364761938212326, 0.008764960537661941, 0.006721991304085181], [0.008764960537661941, 0.036106865489185146, 0.011249901412128418], [0.006721991304085181, 0.011249901412128418, 0.009512761848158156]], "chi2_level": 0.95, "chi2_df": 3, "chi2_threshold": 7.814727903251179, "N_raw": 59, "N_roi": 59, "N_inlier": 57, "refit": true}
{"timestamp": "15:46:37.535992", "frame": 63, "mu": [-1.5861238386122523, 0.6959572788177455, 1.2465513730927664], "Sigma": [[0.007026303233020192, 0.006029818371660171, 0.006617688291083845], [0.006029818371660171, 0.009909012758945629, -0.0008462720269089854], [0.006617688291083844, -0.0008462720269089853, 0.021332067594620266]], "chi2_level": 0.95, "chi2_df": 3, "chi2_threshold": 7.814727903251179, "N_raw": 54, "N_roi": 54, "N_inlier": 51, "refit": true}
{"timestamp": "15:46:37.592373", "frame": 64, "mu": [-1.593207263899441, 0.6707029787745754, 1.2383429913372015], "Sigma": [[0.010634707946168984, 0.007902194935467122, 0.006699576211119968], [0.007902194935467122, 0.008550645410856409, 0.0004742035715626742], [0.006699576211119968, 0.00047420357156267466, 0.017510970068375212]], "chi2_level": 0.95, "chi2_df": 3, "chi2_threshold": 7.814727903251179, "N_raw": 63, "N_roi": 63, "N_inlier": 58, "refit": true}
{"timestamp": "15:46:37.648606", "frame": 65, "mu": [-1.5975889198602007, 0.6551378919159926, 1.2467097784581025], "Sigma": [[0.009306327050279055, 0.0037494609063826794, 0.00051653468912107], [0.0037494609063826803, 0.013985596311502821, -0.008343137024589537], [0.00051653468912107, -0.008343137024589537, 0.008743599194122658]], "chi2_level": 0.95, "chi2_df": 3, "chi2_threshold": 7.814727903251179, "N_raw": 74, "N_roi": 74, "N_inlier": 71, "refit": true}
{"timestamp": "15:46:37.706186", "frame": 66, "mu": [-1.5607162115514241, 0.6836333040568519, 1.278190709467828], "Sigma": [[0.010435812865703232, 0.002774939854405117, 0.0034730716380696816], [0.0027749398544051162, 0.011595711225853487, -0.007915877957893986], [0.0034730716380696816, -0.007915877957893986, 0.010796977042229781]], "chi2_level": 0.95, "chi2_df": 3, "chi2_threshold": 7.814727903251179, "N_raw": 84, "N_roi": 84, "N_inlier": 80, "refit": true}
{"timestamp": "15:46:37.753068", "frame": 67, "mu": [-0.8218020266122835, 0.41258113692783555, 1.1334313022296245], "Sigma": [[1.7138908756127813, -0.03868251269013912, -0.008255767182542863], [-0.03868251269013912, 0.009094210517676914, 0.0015364811728366848], [-0.008255767182542853, 0.0015364811728366848, 0.012200943061192454]], "chi2_level": 0.95, "chi2_df": 3, "chi2_threshold": 7.814727903251179, "N_raw": 31, "N_roi": 31, "N_inlier": 29, "refit": true}
{"timestamp": "15:46:37.817014", "frame": 68, "mu": [-1.4917804033453446, 0.8255514973938723, -0.01514113160587228], "Sigma": [[0.015017440673456143, -0.0007410539641713785, 0.0156763873502328], [-0.0007410539641713786, 0.00865636105463643, -0.003565152201785261], [0.0156763873502328, -0.003565152201785261, 0.46839480654931837]], "chi2_level": 0.95, "chi2_df": 3, "chi2_threshold": 7.814727903251179, "N_raw": 93, "N_roi": 93, "N_inlier": 93, "refit": true}
{"timestamp": "15:46:37.866998", "frame": 69, "mu": [-1.4130236969044552, 0.7895938069997251, 1.3982946387808115], "Sigma": [[0.008007727350665657, 0.0015968806445529327, 0.004135632507071189], [0.0015968806445529327, 0.005808004561133665, -0.002814471175936533], [0.004135632507071189, -0.002814471175936533, 0.013158847889926288]], "chi2_level": 0.95, "chi2_df": 3, "chi2_threshold": 7.814727903251179, "N_raw": 56, "N_roi": 56, "N_inlier": 52, "refit": true}
{"timestamp": "15:46:37.922879", "frame": 70, "mu": [-1.3349464336558807, 0.7530455483188779, 1.444899991782929], "Sigma": [[0.006155296213873158, 0.0035315863407996253, -0.0016752433211166416], [0.0035315863407996253, 0.00948496439728583, -0.006559199819683488], [-0.0016752433211166414, -0.006559199819683488, 0.005002705505703012]], "chi2_level": 0.95, "chi2_df": 3, "chi2_threshold": 7.814727903251179, "N_raw": 63, "N_roi": 63, "N_inlier": 60, "refit": true}
{"timestamp": "15:46:37.981742", "frame": 71, "mu": [-1.4096233951190187, 0.7103224838650388, 1.3575531414639288], "Sigma": [[0.014394750622552965, 0.0052444731147571946, 0.008617686801286446], [0.0052444731147571946, 0.007801731707093394, -0.0029936029044229026], [0.008617686801286446, -0.002993602904422902, 0.021852277723772684]], "chi2_level": 0.95, "chi2_df": 3, "chi2_threshold": 7.814727903251179, "N_raw": 95, "N_roi": 95, "N_inlier": 93, "refit": true}
{"timestamp": "15:46:38.034167", "frame": 72, "mu": [-1.3523695855946694, 0.7390652309932843, 1.4201880365109039], "Sigma": [[0.00836110936716977, 0.0033462355446014277, 0.004564381399665599], [0.0033462355446014277, 0.010354719420417399, -0.0025054550024828028], [0.0045643813996656, -0.0025054550024828028, 0.016368125352241646]], "chi2_level": 0.95, "chi2_df": 3, "chi2_threshold": 7.814727903251179, "N_raw": 70, "N_roi": 70, "N_inlier": 66, "refit": true}
{"timestamp": "15:46:38.091866", "frame": 73, "mu": [-1.3407510077018696, 0.7559050045968664, 1.3234405282040649], "Sigma": [[0.01383658419573707, 0.006946615944267208, 0.002537414297957203], [0.006946615944267208, 0.007129451501363148, -0.003118350711819037], [0.002537414297957203, -0.0031183507118190375, 0.015020288557372665]], "chi2_level": 0.95, "chi2_df": 3, "chi2_threshold": 7.814727903251179, "N_raw": 89, "N_roi": 89, "N_inlier": 86, "refit": true}
{"timestamp": "15:46:38.145347", "frame": 74, "mu": [-1.3417211155639195, 0.7506330935306607, 1.323794797561975], "Sigma": [[0.009700534496644363, 0.0036600298004172945, 0.0046204101952986385], [0.003660029800417295, 0.008332905073580591, -0.0045452590415656635], [0.0046204101952986385, -0.0045452590415656635, 0.017086751581239536]], "chi2_level": 0.95, "chi2_df": 3, "chi2_threshold": 7.814727903251179, "N_raw": 81, "N_roi": 81, "N_inlier": 79, "refit": true}
{"timestamp": "15:46:38.201789", "frame": 75, "mu": [-1.27599654479655, 0.7533318569423472, 1.3634335302483584], "Sigma": [[0.007525330389250411, 0.0038637488687289843, 0.0013813939977916374], [0.0038637488687289843, 0.008973518938515576, -0.008618483161525374], [0.0013813939977916371, -0.008618483161525374, 0.014301485220991518]], "chi2_level": 0.95, "chi2_df": 3, "chi2_threshold": 7.814727903251179, "N_raw": 96, "N_roi": 96, "N_inlier": 90, "refit": true}
{"timestamp": "15:46:38.260963", "frame": 76, "mu": [-1.2538624418599027, 0.747480501656293, 1.395258406588246], "Sigma": [[0.013951843946224765, 0.006027913710536435, 0.003955326788154293], [0.006027913710536435, 0.007455239280781486, -0.004875141566016341], [0.003955326788154293, -0.00487514156601634, 0.012625559919634122]], "chi2_level": 0.95, "chi2_df": 3, "chi2_threshold": 7.814727903251179, "N_raw": 113, "N_roi": 113, "N_inlier": 107, "refit": true}
{"timestamp": "15:46:38.309618", "frame": 77, "mu": [-1.1779464748513513, 0.7706582888780784, 1.5269466678410364], "Sigma": [[0.006560941889489766, 0.003180895690750549, -0.002465829604122108], [0.003180895690750549, 0.009280484469434748, -0.00493210351094499], [-0.002465829604122108, -0.00493210351094499, 0.003537378801517154]], "chi2_level": 0.95, "chi2_df": 3, "chi2_threshold": 7.814727903251179, "N_raw": 66, "N_roi": 66, "N_inlier": 61, "refit": true}
{"timestamp": "15:46:38.368507", "frame": 78, "mu": [-1.2130466366674073, 0.8436647558412151, 1.4183673275056112], "Sigma": [[0.007122692360210031, 0.0014326899001600884, 0.0015607557202555722], [0.0014326899001600884, 0.0071125065659269964, -0.007862209483710211], [0.0015607557202555722, -0.007862209483710211, 0.02034829344808238]], "chi2_level": 0.95, "chi2_df": 3, "chi2_threshold": 7.814727903251179, "N_raw": 97, "N_roi": 97, "N_inlier": 91, "refit": true}
{"timestamp": "15:46:38.419431", "frame": 79, "mu": [-1.167104132217309, 0.7031219993153874, 1.4410848488363872], "Sigma": [[0.006879750869451904, 0.006695795814179112, 0.003651228424301923], [0.006695795814179112, 0.010216382465079317, -0.0011019660010928936], [0.003651228424301923, -0.0011019660010928938, 0.009659789819993174]], "chi2_level": 0.95, "chi2_df": 3, "chi2_threshold": 7.814727903251179, "N_raw": 73, "N_roi": 73, "N_inlier": 68, "refit": true}
{"timestamp": "15:46:38.474908", "frame": 80, "mu": [-1.1138942696174938, 0.8972840289021311, -0.19025805465386625], "Sigma": [[0.009844127811926005, 0.004241272911540473, 0.001004077564053196], [0.004241272911540473, 0.008538540892152, -0.003257305953108944], [0.001004077564053196, -0.003257305953108944, 0.004148001058192244]], "chi2_level": 0.95, "chi2_df": 3, "chi2_threshold": 7.814727903251179, "N_raw": 78, "N_roi": 78, "N_inlier": 76, "refit": true}
{"timestamp": "15:46:38.525893", "frame": 81, "mu": [-1.1156538943681098, 0.7539679032630247, -0.510468881936188], "Sigma": [[0.007611853763162699, 0.01019464960253151, 0.0036257434372845166], [0.010194649602531511, 0.021565171329637766, 0.002660353710678379], [0.0036257434372845166, 0.002660353710678378, 0.03650790804315272]], "chi2_level": 0.95, "chi2_df": 3, "chi2_threshold": 7.814727903251179, "N_raw": 50, "N_roi": 50, "N_inlier": 48, "refit": true}
{"timestamp": "15:46:38.587567", "frame": 82, "mu": [-1.048356636626904, 0.8310780207817615, 1.5412492821040467], "Sigma": [[0.010819319486409037, 0.005077729953752544, -0.002707453638568812], [0.005077729953752544, 0.006404195665978705, -0.006420589347517011], [-0.002707453638568812, -0.006420589347517009, 0.007931769536173238]], "chi2_level": 0.95, "chi2_df": 3, "chi2_threshold": 7.814727903251179, "N_raw": 98, "N_roi": 98, "N_inlier": 95, "refit": true}
{"timestamp": "15:46:38.646019", "frame": 83, "mu": [-1.0500301575742974, 0.8461381279830031, 1.5398314791065568], "Sigma": [[0.009996627916798975, 0.0033561748527478705, -0.003100364528928754], [0.0033561748527478705, 0.01021700463376165, -0.009415001961334322], [-0.0031003645289287545, -0.009415001961334322, 0.00971159461617645]], "chi2_level": 0.95, "chi2_df": 3, "chi2_threshold": 7.814727903251179, "N_raw": 124, "N_roi": 124, "N_inlier": 121, "refit": true}
{"timestamp": "15:46:38.703396", "frame": 84, "mu": [-0.9897978676424802, 0.8220067499079969, 1.3356146576895884], "Sigma": [[0.018903951170664433, 0.01445976749269394, -0.03158179161217884], [0.014459767492693936, 0.015045380617687471, -0.03139632996820016], [-0.03158179161217884, -0.03139632996820016, 0.117249512750175]], "chi2_level": 0.95, "chi2_df": 3, "chi2_threshold": 7.814727903251179, "N_raw": 127, "N_roi": 127, "N_inlier": 126, "refit": true}
{"timestamp": "15:46:38.756958", "frame": 85, "mu": [-0.9762054719685905, 0.8864888989183056, 1.5580248418942173], "Sigma": [[0.020229126192067758, 0.007899773802890572, -0.0017805506602388067], [0.007899773802890572, 0.00761464973629301, -0.005545684490208072], [-0.0017805506602388067, -0.005545684490208072, 0.007286858416143161]], "chi2_level": 0.95, "chi2_df": 3, "chi2_threshold": 7.814727903251179, "N_raw": 121, "N_roi": 121, "N_inlier": 111, "refit": true}
{"timestamp": "15:46:38.814165", "frame": 86, "mu": [-0.9832185812065989, 0.8650332459056629, 1.570726577688264], "Sigma": [[0.013727417729998945, 0.0066198149620978145, -0.0019907282620527985], [0.0066198149620978145, 0.009128573673348414, -0.008982829777374022], [-0.001990728262052799, -0.008982829777374022, 0.012781869262732842]], "chi2_level": 0.95, "chi2_df": 3, "chi2_threshold": 7.814727903251179, "N_raw": 135, "N_roi": 135, "N_inlier": 130, "refit": true}
{"timestamp": "15:46:38.865749", "frame": 87, "mu": [-0.9648653242243803, 0.8493559194018659, 1.33339207870678], "Sigma": [[0.02962039619231535, 0.02229182760854742, -0.04723908943792746], [0.02229182760854742, 0.024534804392506944, -0.0438029199795359], [-0.047239089437927456, -0.0438029199795359, 0.13251944591404394]], "chi2_level": 0.95, "chi2_df": 3, "chi2_threshold": 7.814727903251179, "N_raw": 115, "N_roi": 115, "N_inlier": 112, "refit": true}
{"timestamp": "15:46:38.922388", "frame": 88, "mu": [-0.9915478713211044, 0.7722103363357382, 1.5718802602137076], "Sigma": [[0.02456321233451704, 0.01155329155656245, 0.00048386828052631174], [0.011553291556562451, 0.00807156022726053, -0.0032096182503542625], [0.00048386828052631174, -0.0032096182503542625, 0.005830136688482202]], "chi2_level": 0.95, "chi2_df": 3, "chi2_threshold": 7.814727903251179, "N_raw": 119, "N_roi": 119, "N_inlier": 115, "refit": true}
{"timestamp": "15:46:38.973704", "frame": 89, "mu": [-0.8038714095473489, 0.9129946813177047, 1.5064149161179856], "Sigma": [[0.022303109747488906, 0.012602732965967717, -0.001336433810785717], [0.012602732965967717, 0.01484505812798151, -0.0051761333507798855], [-0.001336433810785717, -0.0051761333507798855, 0.01056270897068916]], "chi2_level": 0.95, "chi2_df": 3, "chi2_threshold": 7.814727903251179, "N_raw": 96, "N_roi": 96, "N_inlier": 89, "refit": true}
{"timestamp": "15:46:39.024748", "frame": 90, "mu": [-0.9265750031945782, 0.8844001281565343, -0.15102105559244877], "Sigma": [[0.03257299011266729, 0.01674628693460324, -0.004499742038802802], [0.01674628693460324, 0.012846681421110598, -0.005770968734617663], [-0.004499742038802802, -0.005770968734617663, 0.014841494424983611]], "chi2_level": 0.95, "chi2_df": 3, "chi2_threshold": 7.814727903251179, "N_raw": 69, "N_roi": 69, "N_inlier": 64, "refit": true}
{"timestamp": "15:46:39.086255", "frame": 91, "mu": [-0.6663190921878842, 0.9742966231828964, 0.10521962780606768], "Sigma": [[0.007902111631996172, 0.0016034614983757903, 0.03963166730412278], [0.0016034614983757903, 0.005166001619630967, 0.03415284393948863], [0.03963166730412278, 0.03415284393948863, 0.7197191814717746]], "chi2_level": 0.95, "chi2_df": 3, "chi2_threshold": 7.814727903251179, "N_raw": 116, "N_roi": 115, "N_inlier": 102, "refit": true}
{"timestamp": "15:46:39.134287", "frame": 92, "mu": [-0.6046663172721826, 0.9830041211434659, 1.513336408610758], "Sigma": [[0.002991061344318166, -4.760811114526705e-05, 0.0006394029067564209], [-4.7608111145267e-05, 0.00450401843529998, -0.004194681103815565], [0.000639402906756421, -0.004194681103815565, 0.006521354832666872]], "chi2_level": 0.95, "chi2_df": 3, "chi2_threshold": 7.814727903251179, "N_raw": 73, "N_roi": 73, "N_inlier": 68, "refit": true}
{"timestamp": "15:46:39.190876", "frame": 93, "mu": [-0.532349663378865, 0.9586878239480339, 1.5047474155335785], "Sigma": [[0.0022278203028211416, 0.0007906668806825052, 0.0002818268425728879], [0.000790666880682505, 0.0062512109365856225, -0.004253311101908948], [0.00028182684257288776, -0.004253311101908948, 0.013411931182679243]], "chi2_level": 0.95, "chi2_df": 3, "chi2_threshold": 7.814727903251179, "N_raw": 79, "N_roi": 79, "N_inlier": 68, "refit": true}
{"timestamp": "15:46:39.249646", "frame": 94, "mu": [-0.5845037019411987, 0.9571093049299323, 1.468497768886637], "Sigma": [[0.006862918085372135, -0.0017946095545176553, 0.005030959412024666], [-0.0017946095545176553, 0.003643262413036251, -0.005576725020597708], [0.005030959412024666, -0.005576725020597708, 0.012189699286833345]], "chi2_level": 0.95, "chi2_df": 3, "chi2_threshold": 7.814727903251179, "N_raw": 108, "N_roi": 106, "N_inlier": 100, "refit": true}
{"timestamp": "15:46:39.299899", "frame": 95, "mu": [-0.5236788788326234, 0.9638324954597319, 1.3569995378378963], "Sigma": [[0.004103722669281363, 0.00022383846152491962, -0.004864973527307509], [0.0002238384615249198, 0.005606438340611559, -0.01628014347345012], [-0.00486497352730751, -0.01628014347345012, 0.059962381252959995]], "chi2_level": 0.95, "chi2_df": 3, "chi2_threshold": 7.814727903251179, "N_raw": 74, "N_roi": 74, "N_inlier": 73, "refit": true}
{"timestamp": "15:46:39.357557", "frame": 96, "mu": [-0.48967000467683575, 0.9505313851805961, 1.4726282904817651], "Sigma": [[0.0036766976016262836, -0.0022513570917201114, 0.0026204363358360624], [-0.0022513570917201114, 0.004369758830430518, -0.006161981715915711], [0.0026204363358360624, -0.00616198171591571, 0.02938348263283886]], "chi2_level": 0.95, "chi2_df": 3, "chi2_threshold": 7.814727903251179, "N_raw": 97, "N_roi": 97, "N_inlier": 92, "refit": true}
{"timestamp": "15:46:39.410114", "frame": 97, "mu": [-0.4810080530484345, 0.911603041534429, 1.5168907795536486], "Sigma": [[0.004225503831120278, -0.001449201623338573, 0.0019246098578021152], [-0.0014492016233385728, 0.0029256865153643287, -0.0035263595906032943], [0.0019246098578021152, -0.0035263595906032947, 0.005482213363979407]], "chi2_level": 0.95, "chi2_df": 3, "chi2_threshold": 7.814727903251179, "N_raw": 77, "N_roi": 77, "N_inlier": 73, "refit": true}
{"timestamp": "15:46:39.464591", "frame": 98, "mu": [-0.4156194972584124, 0.942815497057232, 1.4551057957935158], "Sigma": [[0.002440719960015968, -0.0011532350859519837, 0.0011758949287482491], [-0.0011532350859519834, 0.0035835303158844706, -0.007213672991119243], [0.0011758949287482491, -0.007213672991119243, 0.029873312657860362]], "chi2_level": 0.95, "chi2_df": 3, "chi2_threshold": 7.814727903251179, "N_raw": 78, "N_roi": 78, "N_inlier": 77, "refit": true}
{"timestamp": "15:46:39.517170", "frame": 99, "mu": [-0.41552980231204756, 0.8957229956947467, 1.5120666981898077], "Sigma": [[0.0036298177048986824, -0.0010352830653753272, 0.0008443836470791025], [-0.0010352830653753272, 0.0027283267960700095, -0.001783795996025223], [0.0008443836470791024, -0.001783795996025223, 0.0012703840034445234]], "chi2_level": 0.95, "chi2_df": 3, "chi2_threshold": 7.814727903251179, "N_raw": 60, "N_roi": 60, "N_inlier": 59, "refit": true}
{"timestamp": "15:46:39.680474", "frame": 100, "mu": [-0.3357780204239366, 0.9363577704590414, 1.328574682035838], "Sigma": [[0.0023815607302247895, 0.0002662459406197234, -0.00239182963304333], [0.0002662459406197235, 0.0016778997910542144, -0.004897563082062684], [-0.00239182963304333, -0.004897563082062684, 0.08047512118316485]], "chi2_level": 0.95, "chi2_df": 3, "chi2_threshold": 7.814727903251179, "N_raw": 75, "N_roi": 75, "N_inlier": 74, "refit": true}
{"timestamp": "15:46:39.699396", "frame": 101, "mu": [-0.33557467677312913, 0.90574520621264, 1.5108326050176113], "Sigma": [[0.002896338082323961, -0.0001365846163341586, 0.0031442491485159613], [-0.0001365846163341586, 0.0018521839066864053, 0.0013903038594960133], [0.003144249148515961, 0.0013903038594960133, 0.01789149761679153]], "chi2_level": 0.95, "chi2_df": 3, "chi2_threshold": 7.814727903251179, "N_raw": 62, "N_roi": 60, "N_inlier": 56, "refit": true}
{"timestamp": "15:46:39.730611", "frame": 102, "mu": [-0.3311728812646196, 0.8930155132690389, 1.4983744161531005], "Sigma": [[0.0023901374166400424, -0.0008961240918944987, 0.002772217141985258], [-0.0008961240918944987, 0.002509551708781578, -0.005628810888338524], [0.002772217141985258, -0.005628810888338523, 0.014575272103025618]], "chi2_level": 0.95, "chi2_df": 3, "chi2_threshold": 7.814727903251179, "N_raw": 52, "N_roi": 52, "N_inlier": 50, "refit": true}
{"timestamp": "15:46:39.759586", "frame": 103, "mu": [-0.29972509091643046, 0.9017820020383921, 1.4379289564821192], "Sigma": [[0.0036934328493557667, 0.00042581504960379944, -0.0035432276898073522], [0.00042581504960379944, 0.0029390328481091743, -0.005665659751193286], [-0.0035432276898073522, -0.005665659751193287, 0.016844436043110436]], "chi2_level": 0.95, "chi2_df": 3, "chi2_threshold": 7.814727903251179, "N_raw": 97, "N_roi": 96, "N_inlier": 94, "refit": true}
{"timestamp": "15:46:39.799186", "frame": 104, "mu": [-0.2775675699801317, 1.0930781696302299, -0.40119446300953426], "Sigma": [[0.0021649510908882544, -0.00019040635992894261, 9.506211723269575e-05], [-0.00019040635992894261, 0.009114436444651966, -0.01116927559645107], [9.506211723269586e-05, -0.011169275596451072, 0.01818073878231307]], "chi2_level": 0.95, "chi2_df": 3, "chi2_threshold": 7.814727903251179, "N_raw": 101, "N_roi": 99, "N_inlier": 90, "refit": true}
{"timestamp": "15:46:39.853967", "frame": 105, "mu": [-0.2637173234839025, 0.9972449945446467, 0.08490340399069624], "Sigma": [[0.002740867240897074, -0.0011973830647627078, 0.027333486333495787], [-0.0011973830647627078, 0.013024656906714992, -0.012151011564872628], [0.027333486333495784, -0.012151011564872635, 0.5823920783664297]], "chi2_level": 0.95, "chi2_df": 3, "chi2_threshold": 7.814727903251179, "N_raw": 106, "N_roi": 106, "N_inlier": 104, "refit": true}
{"timestamp": "15:46:39.906447", "frame": 106, "mu": [-0.27270834217255974, 0.8964462986608217, 1.2978147236610644], "Sigma": [[0.0024097549804278466, -0.0012881001221658587, -0.0004933190317814094], [-0.0012881001221658587, 0.014345470688911463, -0.0024494550632410657], [-0.0004933190317814095, -0.0024494550632410657, 0.0008616108904706245]], "chi2_level": 0.95, "chi2_df": 3, "chi2_threshold": 7.814727903251179, "N_raw": 81, "N_roi": 81, "N_inlier": 78, "refit": true}
{"timestamp": "15:46:39.957719", "frame": 107, "mu": [-0.22830133453235435, 0.8583101439701706, 1.370292945298016], "Sigma": [[0.002017143083416369, -0.00010357241003511303, 0.00041414560190804824], [-0.00010357241003511309, 0.003440740453997293, -0.002653952298810613], [0.00041414560190804824, -0.002653952298810613, 0.0037892817611666187]], "chi2_level": 0.95, "chi2_df": 3, "chi2_threshold": 7.814727903251179, "N_raw": 65, "N_roi": 65, "N_inlier": 64, "refit": true}
{"timestamp": "15:46:40.012154", "frame": 108, "mu": [-0.1584659541901579, 1.0051722142199078, 1.1794522138373675], "Sigma": [[0.003355681964467553, -0.0001736535428124097, -0.00659808685235116], [-0.0001736535428124097, 0.0011824087138227696, -0.0004220196452206493], [-0.00659808685235116, -0.0004220196452206495, 0.03456312776015115]], "chi2_level": 0.95, "chi2_df": 3, "chi2_threshold": 7.814727903251179, "N_raw": 56, "N_roi": 56, "N_inlier": 51, "refit": true}
{"timestamp": "15:46:40.068878", "frame": 109, "mu": [-0.12635846585191807, 0.9826110967890723, 1.4920749870257517], "Sigma": [[0.0015201982001653439, -0.0005210604626205622, 0.00027080953237149574], [-0.0005210604626205621, 0.003773738778849572, -0.007171822316981973], [0.00027080953237149585, -0.007171822316981973, 0.02454911679631037]], "chi2_level": 0.95, "chi2_df": 3, "chi2_threshold": 7.814727903251179, "N_raw": 66, "N_roi": 65, "N_inlier": 61, "refit": true}
{"timestamp": "15:46:40.125785", "frame": 110, "mu": [-0.09066335413958063, 0.9687689387489905, 1.4765564648990857], "Sigma": [[0.002244909076539673, -0.0006697535049284798, 0.0005521126731255567], [-0.0006697535049284798, 0.0025900771957431835, -0.0047669178285670195], [0.0005521126731255567, -0.0047669178285670195, 0.01628836703034891]], "chi2_level": 0.95, "chi2_df": 3, "chi2_threshold": 7.814727903251179, "N_raw": 84, "N_roi": 83, "N_inlier": 83, "refit": true}
{"timestamp": "15:46:40.169588", "frame": 111, "mu": [-0.11810185956327213, 0.9380996978867991, 0.8095537280910217], "Sigma": [[0.009046474744917253, 0.007748676880862665, 0.07477435339205653], [0.007748676880862665, 0.008596534482564876, 0.06495111839164286], [0.07477435339205653, 0.06495111839164286, 0.6387180410048559]], "chi2_level": 0.95, "chi2_df": 3, "chi2_threshold": 7.814727903251179, "N_raw": 9, "N_roi": 9, "N_inlier": 9, "refit": true}
{"timestamp": "15:46:40.229026", "frame": 112, "mu": [0.007303761403987243, 0.9776640488291963, 1.553447739785328], "Sigma": [[0.001634832526472187, 0.0005928337939277136, -0.0010031875233234794], [0.0005928337939277135, 0.0018006303674702477, -0.0017559635235786595], [-0.0010031875233234794, -0.0017559635235786595, 0.005811251498396184]], "chi2_level": 0.95, "chi2_df": 3, "chi2_threshold": 7.814727903251179, "N_raw": 46, "N_roi": 46, "N_inlier": 44, "refit": true}
{"timestamp": "15:46:40.289720", "frame": 113, "mu": [0.011198813098212863, 1.0084746900593493, 1.5153600090304107], "Sigma": [[0.0022844806799275866, -0.0009378478445059255, 0.0019018666080111125], [-0.0009378478445059256, 0.002605989877617723, -0.004912982123638903], [0.0019018666080111125, -0.004912982123638903, 0.013463545314782072]], "chi2_level": 0.95, "chi2_df": 3, "chi2_threshold": 7.814727903251179, "N_raw": 74, "N_roi": 74, "N_inlier": 72, "refit": true}
