{"timestamp": "15:58:46.346968", "frame": 40, "mu": [-2.4057679358132154, 4.338398597794015, 0.9406022764561414], "Sigma": [[0.0061036316791510834, 0.004163666453073553, -0.004001349149916367], [0.0041636664530735525, 0.005715428041200513, -0.004002423268108304], [-0.004001349149916367, -0.004002423268108304, 0.0047079779563739136]], "chi2_level": 0.95, "chi2_df": 3, "chi2_threshold": 7.814727903251179, "N_raw": 26, "N_roi": 13, "N_inlier": 11, "refit": true}
{"timestamp": "15:58:46.508932", "frame": 43, "mu": [-2.296916478222828, 4.230961111662909, 0.7988982366155294], "Sigma": [[0.013925361467212393, 0.003557227815165896, -0.0030441181768859314], [0.003557227815165896, 0.0024925681259827873, -0.0014748781183904843], [-0.0030441181768859314, -0.0014748781183904843, 0.0011764016424328316]], "chi2_level": 0.95, "chi2_df": 3, "chi2_threshold": 7.814727903251179, "N_raw": 17, "N_roi": 16, "N_inlier": 16, "refit": true}
{"timestamp": "15:58:46.564191", "frame": 44, "mu": [-2.4272200132869184, 4.202530529669824, 1.0276452500348774], "Sigma": [[0.0013441677823521, 0.0006042364819791824, -0.00016551360748029046], [0.0006042364819791824, 0.004119073124028181, -0.0009979609627239158], [-0.00016551360748029046, -0.0009979609627239158, 0.00024313312511581116]], "chi2_level": 0.95, "chi2_df": 3, "chi2_threshold": 7.814727903251179, "N_raw": 13, "N_roi": 8, "N_inlier": 7, "refit": true}
{"timestamp": "15:58:46.622710", "frame": 45, "mu": [-2.302390756847001, 4.223488069781951, 0.9621063561610775], "Sigma": [[0.016041572176864298, 0.005040894712873395, -0.009788299585874773], [0.005040894712873395, 0.004855706473975055, -0.0032848016373998915], [-0.009788299585874773, -0.003284801637399891, 0.007264723584828666]], "chi2_level": 0.95, "chi2_df": 3, "chi2_threshold": 7.814727903251179, "N_raw": 37, "N_roi": 28, "N_inlier": 25, "refit": true}
{"timestamp": "15:58:47.007267", "frame": 52, "mu": [-2.0765133319489717, 4.352367822914986, 0.3551751776951213], "Sigma": [[0.0194470175368559, 0.009716112192795032, -0.0069462206714451065], [0.009716112192795032, 0.006947643535293404, -0.0036244398895038366], [-0.0069462206714451065, -0.0036244398895038366, 0.0037699006000133004]], "chi2_level": 0.95, "chi2_df": 3, "chi2_threshold": 7.814727903251179, "N_raw": 24, "N_roi": 24, "N_inlier": 23, "refit": true}
{"timestamp": "15:58:47.059994", "frame": 53, "mu": [-2.0203707632365098, 4.382346933421179, 1.001544033287938], "Sigma": [[0.0028013241849584223, -0.0026157356751272866, -0.000725807558895464], [-0.0026157356751272866, 0.004140467094329475, 0.0006923150636054559], [-0.000725807558895464, 0.0006923150636054556, 0.002440400358587862]], "chi2_level": 0.95, "chi2_df": 3, "chi2_threshold": 7.814727903251179, "N_raw": 9, "N_roi": 7, "N_inlier": 7, "refit": true}
{"timestamp": "15:58:47.115251", "frame": 54, "mu": [-1.9357288656840763, 4.327689076458628, 1.1539342255672702], "Sigma": [[0.003865441603640289, 0.001129140878205085, -0.0009464452390805897], [0.0011291408782050849, 0.0021228950870316714, -0.0020938153781747734], [-0.0009464452390805897, -0.002093815378174774, 0.004035085620028415]], "chi2_level": 0.95, "chi2_df": 3, "chi2_threshold": 7.814727903251179, "N_raw": 10, "N_roi": 10, "N_inlier": 9, "refit": true}
{"timestamp": "15:58:47.230926", "frame": 56, "mu": [-1.8243307904207648, 4.347055532686333, 0.9874549202985479], "Sigma": [[0.02666391641003278, 0.0085661038221834, -0.013928552738303374], [0.0085661038221834, 0.008373712478515998, -0.004444507253391277], [-0.013928552738303374, -0.004444507253391277, 0.009191286258943518]], "chi2_level": 0.95, "chi2_df": 3, "chi2_threshold": 7.814727903251179, "N_raw": 47, "N_roi": 44, "N_inlier": 44, "refit": true}
{"timestamp": "15:58:47.286913", "frame": 57, "mu": [-1.8369900192661714, 4.305046141358204, 0.9094237472079276], "Sigma": [[0.03381676018151791, 0.007350505078013165, -0.017699577680062157], [0.007350505078013164, 0.005367201532647493, -0.005956256029488667], [-0.017699577680062157, -0.005956256029488667, 0.012059457074013144]], "chi2_level": 0.95, "chi2_df": 3, "chi2_threshold": 7.814727903251179, "N_raw": 51, "N_roi": 49, "N_inlier": 45, "refit": true}
{"timestamp": "15:58:47.338156", "frame": 58, "mu": [-1.8419574694897896, 4.31551955864172, 1.14602285292802], "Sigma": [[0.02781222788848076, 0.006954227074458963, -0.01632932711438828], [0.006954227074458964, 0.004009782749448265, -0.0029663452117530574], [-0.01632932711438828, -0.002966345211753057, 0.011501058464111525]], "chi2_level": 0.95, "chi2_df": 3, "chi2_threshold": 7.814727903251179, "N_raw": 29, "N_roi": 29, "N_inlier": 26, "refit": true}
{"timestamp": "15:58:47.393153", "frame": 59, "mu": [-1.653878502564183, 4.426043652550326, 0.7540156188345859], "Sigma": [[0.006044360764942088, 0.009241723719034787, -9.603397530031288e-05], [0.009241723719034787, 0.03527796684270966, -0.002405691447125969], [-9.603397530031266e-05, -0.002405691447125969, 0.005561483377022702]], "chi2_level": 0.95, "chi2_df": 3, "chi2_threshold": 7.814727903251179, "N_raw": 14, "N_roi": 11, "N_inlier": 10, "refit": true}
{"timestamp": "15:58:47.446909", "frame": 60, "mu": [-1.648743573027569, 4.461322555358378, 0.9786665742990159], "Sigma": [[0.007110718264862837, 0.007035327077486432, -0.009188809426390296], [0.007035327077486432, 0.01991967644554571, -0.013209406990277669], [-0.009188809426390297, -0.013209406990277669, 0.02078710733870171]], "chi2_level": 0.95, "chi2_df": 3, "chi2_threshold": 7.814727903251179, "N_raw": 15, "N_roi": 15, "N_inlier": 14, "refit": true}
{"timestamp": "15:58:47.503364", "frame": 61, "mu": [-1.6619899622960836, 4.4009578631143125, 0.15343439397693331], "Sigma": [[0.02899746298592984, 0.010957781631016487, -0.016150325293050227], [0.010957781631016489, 0.0059909268760833636, -0.006781895570374417], [-0.016150325293050223, -0.0067818955703744166, 0.011093804871480368]], "chi2_level": 0.95, "chi2_df": 3, "chi2_threshold": 7.814727903251179, "N_raw": 31, "N_roi": 27, "N_inlier": 27, "refit": true}
{"timestamp": "15:58:47.611521", "frame": 63, "mu": [-1.468016421195193, 4.323979308364379, 0.8511002288394416], "Sigma": [[0.006153404262168853, 0.0024403530265146548, -0.005870065655459706], [0.0024403530265146548, 0.006229729225739171, -0.004733195132449199], [-0.005870065655459706, -0.004733195132449199, 0.008797991141269394]], "chi2_level": 0.95, "chi2_df": 3, "chi2_threshold": 7.814727903251179, "N_raw": 13, "N_roi": 13, "N_inlier": 12, "refit": true}
{"timestamp": "15:58:47.720434", "frame": 65, "mu": [-1.3520612018312834, 4.373465019019307, 1.1651621379774184], "Sigma": [[0.009868884266495924, 0.003936988640424013, -0.0009797671166796057], [0.003936988640424013, 0.003301257909906862, -0.0007317916153392866], [-0.0009797671166796057, -0.0007317916153392866, 0.00016547931662272295]], "chi2_level": 0.95, "chi2_df": 3, "chi2_threshold": 7.814727903251179, "N_raw": 18, "N_roi": 18, "N_inlier": 17, "refit": true}
{"timestamp": "15:58:47.778806", "frame": 66, "mu": [-1.396298051430658, 4.3280786212224145, 1.0283123666686849], "Sigma": [[0.01921239795661553, 0.002715575528132658, -0.012941746689003518], [0.0027155755281326583, 0.0010055245848650854, -0.003068728237306021], [-0.012941746689003518, -0.003068728237306022, 0.014714228462450605]], "chi2_level": 0.95, "chi2_df": 3, "chi2_threshold": 7.814727903251179, "N_raw": 28, "N_roi": 24, "N_inlier": 23, "refit": true}
{"timestamp": "15:58:47.829762", "frame": 67, "mu": [-1.3451427969295027, 4.271073652103023, 0.8807555809027521], "Sigma": [[0.0008003374535519142, -0.0012788721174465277, 0.0010099901164001993], [-0.0012788721174465277, 0.003997434585246894, -0.00575869512464423], [0.0010099901164001995, -0.00575869512464423, 0.011284985632329806]], "chi2_level": 0.95, "chi2_df": 3, "chi2_threshold": 7.814727903251179, "N_raw": 9, "N_roi": 5, "N_inlier": 5, "refit": true}
{"timestamp": "15:58:47.889547", "frame": 68, "mu": [-1.3260094341282884, 4.2928697286254485, 0.9561504632533614], "Sigma": [[0.019982265189747, 0.0030419700190814276, -0.008552048250908356], [0.0030419700190814276, 0.004366775164817265, -0.0009366927203326771], [-0.008552048250908356, -0.0009366927203326769, 0.005176653993558147]], "chi2_level": 0.95, "chi2_df": 3, "chi2_threshold": 7.814727903251179, "N_raw": 39, "N_roi": 37, "N_inlier": 36, "refit": true}
{"timestamp": "15:58:48.050973", "frame": 71, "mu": [-1.0864086732579477, 4.403485562872858, 0.1944188269222478], "Sigma": [[0.0021682750064709643, 0.0008227774020387951, -0.002423660432397979], [0.0008227774020387951, 0.0036673371736149775, 0.006354145853160509], [-0.002423660432397979, 0.006354145853160509, 0.024816056929321675]], "chi2_level": 0.95, "chi2_df": 3, "chi2_threshold": 7.814727903251179, "N_raw": 11, "N_roi": 9, "N_inlier": 9, "refit": true}
{"timestamp": "15:58:48.105208", "frame": 72, "mu": [-1.1177967466958725, 4.516607965688131, -0.19326906988501313], "Sigma": [[0.0042997924521686135, 0.008626268276885299, -0.015407164232682], [0.008626268276885299, 0.0683256472015987, -0.08555035645766265], [-0.015407164232682, -0.08555035645766265, 0.11819634428177206]], "chi2_level": 0.95, "chi2_df": 3, "chi2_threshold": 7.814727903251179, "N_raw": 9, "N_roi": 7, "N_inlier": 7, "refit": true}
{"timestamp": "15:58:48.160849", "frame": 73, "mu": [-0.9861267496311685, 3.4824056834660944, -0.14222727225361737], "Sigma": [[0.0003287885451819637, 0.013474133738721618, 0.019225265089855295], [0.013474133738721618, 1.4085041467916333, 2.154132736843685], [0.0192252650898553, 2.1541327368436853, 3.3177569675342298]], "chi2_level": 0.95, "chi2_df": 3, "chi2_threshold": 7.814727903251179, "N_raw": 5, "N_roi": 5, "N_inlier": 5, "refit": true}
{"timestamp": "15:58:48.221987", "frame": 74, "mu": [-1.0507667679929118, 4.340722746032591, 1.0467649109230908], "Sigma": [[0.019008271202019308, 0.0028172481793833463, -0.01167428213773304], [0.0028172481793833463, 0.004068768761415547, -0.006180226271750421], [-0.01167428213773304, -0.00618022627175042, 0.019656570911872187]], "chi2_level": 0.95, "chi2_df": 3, "chi2_threshold": 7.814727903251179, "N_raw": 45, "N_roi": 42, "N_inlier": 40, "refit": true}
{"timestamp": "15:58:48.270538", "frame": 75, "mu": [-0.9526766301027745, 4.435737717774853, 0.565965988285673], "Sigma": [[0.0025617430569230748, 0.004826851165765017, -0.009393372251637885], [0.004826851165765018, 0.01161299292063015, -0.03420367060627703], [-0.009393372251637885, -0.03420367060627702, 0.1554895661672194]], "chi2_level": 0.95, "chi2_df": 3, "chi2_threshold": 7.814727903251179, "N_raw": 8, "N_roi": 8, "N_inlier": 8, "refit": true}
{"timestamp": "15:58:48.385649", "frame": 77, "mu": [-0.8815060199719904, 4.453023145227165, 0.25713644034649946], "Sigma": [[0.023970714577192923, 0.00402073308590595, -0.008337283701311872], [0.00402073308590595, 0.003852170946028299, 0.0007929438959306749], [-0.008337283701311872, 0.0007929438959306749, 0.005624359629199838]], "chi2_level": 0.95, "chi2_df": 3, "chi2_threshold": 7.814727903251179, "N_raw": 43, "N_roi": 41, "N_inlier": 37, "refit": true}
{"timestamp": "15:58:48.437028", "frame": 78, "mu": [-0.9457881311763625, 4.428313789526169, 0.24609550818939926], "Sigma": [[0.010807162331000672, -0.0039012688769236156, 0.015409764468789366], [-0.003901268876923616, 0.020669711029770554, -0.0616942859503702], [0.015409764468789366, -0.0616942859503702, 0.19650505646428]], "chi2_level": 0.95, "chi2_df": 3, "chi2_threshold": 7.814727903251179, "N_raw": 20, "N_roi": 15, "N_inlier": 14, "refit": true}
{"timestamp": "15:58:48.496785", "frame": 79, "mu": [-0.8424229817697706, 4.38709139820919, 0.011712664381656097], "Sigma": [[0.03235231745372774, 0.010727796841809158, 0.04727352007035849], [0.01072779684180916, 0.007251967345444464, 0.026183497279380356], [0.04727352007035849, 0.026183497279380356, 0.1950587409011592]], "chi2_level": 0.95, "chi2_df": 3, "chi2_threshold": 7.814727903251179, "N_raw": 50, "N_roi": 45, "N_inlier": 42, "refit": true}
{"timestamp": "15:58:48.549389", "frame": 80, "mu": [-0.8291994123545265, 4.3719196451583855, 0.2856767191266596], "Sigma": [[0.02175062219511344, 0.005400805463424543, -0.003698202463137789], [0.005400805463424543, 0.002786409893317408, -0.0004246796319028399], [-0.003698202463137789, -0.00042467963190283997, 0.0015113730137510932]], "chi2_level": 0.95, "chi2_df": 3, "chi2_threshold": 7.814727903251179, "N_raw": 27, "N_roi": 27, "N_inlier": 24, "refit": true}
{"timestamp": "15:58:48.601962", "frame": 81, "mu": [-0.7406918639750748, 4.38793996325135, 0.710352404303007], "Sigma": [[0.01879809645446936, 0.001783139832933334, -0.01254730037507289], [0.001783139832933334, 0.008013983256186302, -0.0061738537144777755], [-0.01254730037507289, -0.0061738537144777755, 0.015480661884737951]], "chi2_level": 0.95, "chi2_df": 3, "chi2_threshold": 7.814727903251179, "N_raw": 22, "N_roi": 22, "N_inlier": 21, "refit": true}
{"timestamp": "15:58:48.655932", "frame": 82, "mu": [-0.7484059166653864, 4.478857550756468, 0.09390821478337809], "Sigma": [[0.01542803111573462, 0.0009465671940329702, -0.005971930354899648], [0.0009465671940329706, 0.0015459230055860104, 0.00041427407464444136], [-0.005971930354899649, 0.00041427407464444136, 0.003838191661365056]], "chi2_level": 0.95, "chi2_df": 3, "chi2_threshold": 7.814727903251179, "N_raw": 14, "N_roi": 14, "N_inlier": 12, "refit": true}
{"timestamp": "15:58:48.718116", "frame": 83, "mu": [-0.6817137019943355, 4.365641656666999, 1.091584402060085], "Sigma": [[0.030280848617620627, 0.0020262033353602798, -0.010569354133960079], [0.00202620333536028, 0.003845238216704334, -0.0038223072010632694], [-0.010569354133960079, -0.003822307201063269, 0.009618157107411646]], "chi2_level": 0.95, "chi2_df": 3, "chi2_threshold": 7.814727903251179, "N_raw": 59, "N_roi": 52, "N_inlier": 49, "refit": true}
{"timestamp": "15:58:48.766771", "frame": 84, "mu": [-0.5794522535703172, 4.409314080315448, 0.8902650982502698], "Sigma": [[0.012230177965387288, 0.012896620991920245, -0.02888914663661825], [0.012896620991920243, 0.01501490503261833, -0.031036636736738038], [-0.02888914663661825, -0.031036636736738045, 0.07199162185137382]], "chi2_level": 0.95, "chi2_df": 3, "chi2_threshold": 7.814727903251179, "N_raw": 10, "N_roi": 7, "N_inlier": 7, "refit": true}
{"timestamp": "15:58:48.821555", "frame": 85, "mu": [-0.5272477646730152, 4.4935881098816886, 0.7312056720202775], "Sigma": [[0.0031625164099212634, 0.0037467037640848116, 0.003933543408309612], [0.0037467037640848116, 0.025444977655117593, -0.037624669257842275], [0.003933543408309612, -0.037624669257842275, 0.13322881992050098]], "chi2_level": 0.95, "chi2_df": 3, "chi2_threshold": 7.814727903251179, "N_raw": 11, "N_roi": 9, "N_inlier": 8, "refit": true}
{"timestamp": "15:58:48.880313", "frame": 86, "mu": [-0.5697918451515886, 4.431234061891049, 1.1321724730677312], "Sigma": [[0.02491068335354641, 0.0014899606487045382, -0.004721707822898109], [0.0014899606487045382, 0.0033290911169249924, 0.0010144875682250142], [-0.004721707822898109, 0.0010144875682250142, 0.0024087594650519673]], "chi2_level": 0.95, "chi2_df": 3, "chi2_threshold": 7.814727903251179, "N_raw": 38, "N_roi": 34, "N_inlier": 31, "refit": true}
{"timestamp": "15:58:48.937867", "frame": 87, "mu": [-0.5535182751864872, 4.3490641638091985, 0.9706113468502664], "Sigma": [[0.027776218002944164, 0.0017675000545076896, -0.012519829071631086], [0.00176750005450769, 0.004062463282545368, -0.004600442350211147], [-0.012519829071631084, -0.004600442350211146, 0.015319890200323623]], "chi2_level": 0.95, "chi2_df": 3, "chi2_threshold": 7.814727903251179, "N_raw": 54, "N_roi": 50, "N_inlier": 50, "refit": true}
{"timestamp": "15:58:48.990236", "frame": 88, "mu": [-0.43384913778183265, 4.408329184462184, 0.3886303375725597], "Sigma": [[0.027888497941038967, 0.006270396858663331, -0.005145422657989174], [0.006270396858663331, 0.004459759945560974, 0.001859592637576262], [-0.005145422657989174, 0.001859592637576262, 0.005743061812233407]], "chi2_level": 0.95, "chi2_df": 3, "chi2_threshold": 7.814727903251179, "N_raw": 45, "N_roi": 43, "N_inlier": 41, "refit": true}
{"timestamp": "15:58:49.047482", "frame": 89, "mu": [-0.422434791439793, 4.2783992712233, 1.0747703122683956], "Sigma": [[0.030673630321027344, 0.0008356139707844184, -0.01268508039944306], [0.0008356139707844184, 0.004030690169964206, -0.0016315947479901166], [-0.01268508039944306, -0.0016315947479901166, 0.006654748479579046]], "chi2_level": 0.95, "chi2_df": 3, "chi2_threshold": 7.814727903251179, "N_raw": 56, "N_roi": 53, "N_inlier": 50, "refit": true}
{"timestamp": "15:58:49.104982", "frame": 90, "mu": [-0.3992670345983043, 4.373678212428657, 0.22245504562067267], "Sigma": [[0.03473333493991343, 0.003539862607797138, -0.012202113764753263], [0.003539862607797138, 0.006549347220829874, -0.0033629046043329794], [-0.012202113764753263, -0.0033629046043329794, 0.006042484814491139]], "chi2_level": 0.95, "chi2_df": 3, "chi2_threshold": 7.814727903251179, "N_raw": 71, "N_roi": 62, "N_inlier": 61, "refit": true}
{"timestamp": "15:58:49.159814", "frame": 91, "mu": [-0.35635490715044754, 4.269390548718635, -0.7357777517952506], "Sigma": [[0.03372904555591312, 0.0022907410770186478, 0.020573284238408877], [0.0022907410770186473, 0.003055015651402893, 0.0042931385423048765], [0.02057328423840888, 0.0042931385423048765, 0.09068945520212449]], "chi2_level": 0.95, "chi2_df": 3, "chi2_threshold": 7.814727903251179, "N_raw": 68, "N_roi": 47, "N_inlier": 44, "refit": true}
{"timestamp": "15:58:49.214457", "frame": 92, "mu": [-0.30207454299614, 4.308909536893585, 1.2148063810554681], "Sigma": [[0.03450089638839701, 0.0013081460189148053, -0.013123940176329401], [0.0013081460189148055, 0.005541174577726183, -0.00038602444321067953], [-0.013123940176329401, -0.00038602444321067964, 0.006193733486834374]], "chi2_level": 0.95, "chi2_df": 3, "chi2_threshold": 7.814727903251179, "N_raw": 61, "N_roi": 58, "N_inlier": 58, "refit": true}
{"timestamp": "15:58:49.265729", "frame": 93, "mu": [-0.22742716652131847, 4.343680060056359, 1.1869162270546174], "Sigma": [[0.02925621404470196, 0.0007600983838681584, -0.009672888397945903], [0.0007600983838681584, 0.002713190089726674, -0.0016318005787175844], [-0.009672888397945903, -0.0016318005787175844, 0.005486560702754829]], "chi2_level": 0.95, "chi2_df": 3, "chi2_threshold": 7.814727903251179, "N_raw": 45, "N_roi": 42, "N_inlier": 42, "refit": true}
{"timestamp": "15:58:49.431336", "frame": 96, "mu": [-0.082766377007761, 4.362269009186516, -0.8016883034972154], "Sigma": [[0.01718256255426904, -0.0006011855072808747, -0.005324577552866849], [-0.0006011855072808743, 0.005429750915493998, -0.0035879748078954795], [-0.005324577552866849, -0.0035879748078954795, 0.010238082558603786]], "chi2_level": 0.95, "chi2_df": 3, "chi2_threshold": 7.814727903251179, "N_raw": 52, "N_roi": 52, "N_inlier": 48, "refit": true}
{"timestamp": "15:58:49.487484", "frame": 97, "mu": [-0.10128838460646428, 4.363035961681536, 0.06893257202759426], "Sigma": [[0.03289991622108473, -9.34561389025377e-05, 0.07376673775819068], [-9.345613890253748e-05, 0.004578649686278265, 0.006190621942535094], [0.07376673775819068, 0.006190621942535095, 0.2659503510822544]], "chi2_level": 0.95, "chi2_df": 3, "chi2_threshold": 7.814727903251179, "N_raw": 58, "N_roi": 58, "N_inlier": 57, "refit": true}
{"timestamp": "15:58:49.541601", "frame": 98, "mu": [-0.04057416550604213, 4.402942173949377, 0.5619334564754428], "Sigma": [[0.024305155573441838, 0.0027376542826347645, -0.01033054319521539], [0.0027376542826347645, 0.005022619115382181, -0.002321819448815098], [-0.01033054319521539, -0.002321819448815098, 0.005986736204525758]], "chi2_level": 0.95, "chi2_df": 3, "chi2_threshold": 7.814727903251179, "N_raw": 47, "N_roi": 47, "N_inlier": 46, "refit": true}
{"timestamp": "15:58:49.595055", "frame": 99, "mu": [0.00536274382990138, 4.4264937114343095, 1.3512675195310886], "Sigma": [[0.02016394538449246, -0.0010472851185035436, -0.010410470587754359], [-0.0010472851185035436, 0.006841870056181331, 0.001132309407830321], [-0.010410470587754359, 0.0011323094078303205, 0.0124139509231835]], "chi2_level": 0.95, "chi2_df": 3, "chi2_threshold": 7.814727903251179, "N_raw": 38, "N_roi": 38, "N_inlier": 36, "refit": true}
{"timestamp": "15:58:49.836899", "frame": 101, "mu": [0.04047309331580527, 4.437984933770485, 0.43698540472551395], "Sigma": [[0.020732413890467503, 0.0022837260128145877, -0.012524379055798273], [0.0022837260128145877, 0.006382187833012517, -0.010589666069102735], [-0.012524379055798273, -0.010589666069102735, 0.023225058586559193]], "chi2_level": 0.95, "chi2_df": 3, "chi2_threshold": 7.814727903251179, "N_raw": 48, "N_roi": 45, "N_inlier": 44, "refit": true}
{"timestamp": "15:58:49.868306", "frame": 102, "mu": [0.17580859100042986, 4.4673024963393795, 0.5653102850566382], "Sigma": [[0.015966499191394305, 0.0009335960747836909, -0.008831381989291863], [0.000933596074783691, 0.0019506489501393118, -0.0005902952150540679], [-0.008831381989291863, -0.0005902952150540679, 0.007060291007856284]], "chi2_level": 0.95, "chi2_df": 3, "chi2_threshold": 7.814727903251179, "N_raw": 26, "N_roi": 24, "N_inlier": 22, "refit": true}
{"timestamp": "15:58:49.895793", "frame": 103, "mu": [0.1927192096123348, 4.434742962996032, 0.6118036170174764], "Sigma": [[0.01643279139436324, 0.0009336586289004559, -0.008178891162499617], [0.0009336586289004558, 0.002731411742796428, -0.00036234591849874486], [-0.008178891162499617, -0.00036234591849874497, 0.0055058742052299945]], "chi2_level": 0.95, "chi2_df": 3, "chi2_threshold": 7.814727903251179, "N_raw": 31, "N_roi": 31, "N_inlier": 30, "refit": true}
{"timestamp": "15:58:49.927759", "frame": 104, "mu": [0.25919096559750243, 4.3778883496666685, 0.7067105207647344], "Sigma": [[0.007722935665502219, 0.0005711220097529796, 0.0022043594687942633], [0.0005711220097529796, 0.0008879307152988655, 0.0021802511876941088], [0.002204359468794263, 0.0021802511876941088, 0.0077808535664380145]], "chi2_level": 0.95, "chi2_df": 3, "chi2_threshold": 7.814727903251179, "N_raw": 15, "N_roi": 15, "N_inlier": 13, "refit": true}
{"timestamp": "15:58:49.964310", "frame": 105, "mu": [0.24159983686797393, 4.451176519456416, 0.5354708860595403], "Sigma": [[0.017470956433892675, 0.0019370232180208255, -0.0066961096785599665], [0.0019370232180208253, 0.002901300140384507, -0.0004293474201233665], [-0.0066961096785599665, -0.00042934742012336644, 0.005102410699185545]], "chi2_level": 0.95, "chi2_df": 3, "chi2_threshold": 7.814727903251179, "N_raw": 34, "N_roi": 34, "N_inlier": 31, "refit": true}
{"timestamp": "15:58:50.007806", "frame": 106, "mu": [0.29984981507918046, 4.476974905158947, 1.52016985995328], "Sigma": [[0.011534328208685414, -0.001201589102683681, -0.0033673234518941946], [-0.001201589102683681, 0.001211521919661344, -0.0009206512168420758], [-0.0033673234518941946, -0.0009206512168420758, 0.004285035083792352]], "chi2_level": 0.95, "chi2_df": 3, "chi2_threshold": 7.814727903251179, "N_raw": 19, "N_roi": 19, "N_inlier": 18, "refit": true}
{"timestamp": "15:58:50.039554", "frame": 107, "mu": [0.3584644007572712, 4.465577228985149, 0.45729796979428605], "Sigma": [[0.023947277620444473, 0.0002309207353957635, -0.009110022405288153], [0.0002309207353957635, 0.0019421623165714827, -0.0007292137248812249], [-0.009110022405288151, -0.0007292137248812249, 0.00509616917337771]], "chi2_level": 0.95, "chi2_df": 3, "chi2_threshold": 7.814727903251179, "N_raw": 33, "N_roi": 30, "N_inlier": 29, "refit": true}
{"timestamp": "15:58:50.087233", "frame": 108, "mu": [0.43678383386315867, 4.489088947582537, 0.9893072769892967], "Sigma": [[0.0051364341396192194, -0.00042027012925555557, -0.03656224898064253], [-0.00042027012925555557, 0.0014112035302374273, -0.0060277795048749305], [-0.036562248980642524, -0.00602777950487493, 0.32831109638424166]], "chi2_level": 0.95, "chi2_df": 3, "chi2_threshold": 7.814727903251179, "N_raw": 10, "N_roi": 5, "N_inlier": 5, "refit": true}
{"timestamp": "15:58:50.197029", "frame": 110, "mu": [0.4788254135739825, 4.373778235921267, 1.1534721717224596], "Sigma": [[0.006281126828627572, -0.0005644599916269666, -0.00151009937912825], [-0.0005644599916269666, 0.0013557629907800766, -0.0009824698993610497], [-0.00151009937912825, -0.0009824698993610495, 0.0026041868220130606]], "chi2_level": 0.95, "chi2_df": 3, "chi2_threshold": 7.814727903251179, "N_raw": 16, "N_roi": 12, "N_inlier": 10, "refit": true}
{"timestamp": "15:58:50.251601", "frame": 111, "mu": [0.4761731314270179, 4.427787199531453, 0.8038171080474319], "Sigma": [[0.00932373503336627, -0.004475358997491318, 0.036378599792442665], [-0.004475358997491319, 0.004519542189287319, -0.03017208267271535], [0.036378599792442665, -0.03017208267271535, 0.21976814859166005]], "chi2_level": 0.95, "chi2_df": 3, "chi2_threshold": 7.814727903251179, "N_raw": 11, "N_roi": 7, "N_inlier": 6, "refit": true}
{"timestamp": "15:58:50.306457", "frame": 112, "mu": [0.5520173732506092, 4.411683364299446, 0.8935654097421869], "Sigma": [[0.010427150869948788, -0.007405664866604, 0.008313490004855128], [-0.007405664866604, 0.017965687932285694, -0.03372873218324907], [0.008313490004855128, -0.03372873218324907, 0.07330481312830886]], "chi2_level": 0.95, "chi2_df": 3, "chi2_threshold": 7.814727903251179, "N_raw": 14, "N_roi": 10, "N_inlier": 10, "refit": true}
{"timestamp": "15:58:50.415124", "frame": 114, "mu": [0.5796285113398453, 4.475833138179455, 0.7451426939241097], "Sigma": [[0.0037543974485220715, 0.0027072507810212585, -0.029000856256967102], [0.0027072507810212585, 0.005344584042617256, -0.03033533703706729], [-0.029000856256967102, -0.03033533703706729, 0.2641284887285412]], "chi2_level": 0.95, "chi2_df": 3, "chi2_threshold": 7.814727903251179, "N_raw": 9, "N_roi": 6, "N_inlier": 6, "refit": true}
{"timestamp": "15:58:50.580903", "frame": 117, "mu": [0.6724794956373976, 4.369743027560008, 1.375055780999734], "Sigma": [[0.0009605483047892206, 0.0024011620557556467, -0.0030552663179776157], [0.0024011620557556467, 0.008101895355150926, -0.01192963359482051], [-0.0030552663179776157, -0.01192963359482051, 0.021050322506423184]], "chi2_level": 0.95, "chi2_df": 3, "chi2_threshold": 7.814727903251179, "N_raw": 7, "N_roi": 5, "N_inlier": 5, "refit": true}
{"timestamp": "15:58:50.690516", "frame": 119, "mu": [0.7604973437214037, 4.370172112845346, 1.3289666135011653], "Sigma": [[0.0038229449112312415, 0.0037982484112353988, -3.5130688550964425e-05], [0.0037982484112353988, 0.005998177566875439, -0.0009035313835264557], [-3.513068855096437e-05, -0.0009035313835264557, 0.000505542350446486]], "chi2_level": 0.95, "chi2_df": 3, "chi2_threshold": 7.814727903251179, "N_raw": 8, "N_roi": 5, "N_inlier": 5, "refit": true}
{"timestamp": "15:58:50.801800", "frame": 121, "mu": [0.819309491186369, 4.311845508731267, 1.4393322058862854], "Sigma": [[0.006381011201071956, -0.001705643535386219, -0.004521454934699767], [-0.001705643535386219, 0.001727729431281302, 0.0027355801153538554], [-0.0045214549346997675, 0.0027355801153538554, 0.005637293171788862]], "chi2_level": 0.95, "chi2_df": 3, "chi2_threshold": 7.814727903251179, "N_raw": 15, "N_roi": 10, "N_inlier": 9, "refit": true}
{"timestamp": "15:58:50.859430", "frame": 122, "mu": [0.8621201639907023, 4.429974428395795, 0.4655221942220374], "Sigma": [[0.01334595069943874, -0.0025816475937950455, -0.005410010162135086], [-0.0025816475937950455, 0.00430146655567261, -0.0017343526672945894], [-0.005410010162135086, -0.0017343526672945896, 0.006836867681408532]], "chi2_level": 0.95, "chi2_df": 3, "chi2_threshold": 7.814727903251179, "N_raw": 32, "N_roi": 27, "N_inlier": 27, "refit": true}
{"timestamp": "15:58:50.912569", "frame": 123, "mu": [0.9741982765314472, 4.393307331032966, 0.36088217278400425], "Sigma": [[0.00622941642578426, 0.0008034049269654836, -0.0047449614717373695], [0.0008034049269654836, 0.004401079304733278, -0.0014176296958479367], [-0.00474496147173737, -0.0014176296958479367, 0.005143452777725642]], "chi2_level": 0.95, "chi2_df": 3, "chi2_threshold": 7.814727903251179, "N_raw": 17, "N_roi": 12, "N_inlier": 11, "refit": true}
{"timestamp": "15:58:50.973100", "frame": 124, "mu": [0.9794925954406333, 4.36042443920453, 1.300935689697043], "Sigma": [[0.015230167276825813, -0.003112636362834919, -0.007298809091588869], [-0.003112636362834919, 0.00429295858620817, -0.0005000969616827935], [-0.007298809091588868, -0.0005000969616827934, 0.008123557852668927]], "chi2_level": 0.95, "chi2_df": 3, "chi2_threshold": 7.814727903251179, "N_raw": 54, "N_roi": 39, "N_inlier": 36, "refit": true}
{"timestamp": "15:58:51.025976", "frame": 125, "mu": [1.0200197385076262, 4.418975196910711, 1.2580260008119235], "Sigma": [[0.019205017703226822, -0.0031510040448096428, -0.008929637149940215], [-0.0031510040448096428, 0.0017478193141973904, 0.0011115814157341228], [-0.008929637149940215, 0.001111581415734123, 0.051685053138861306]], "chi2_level": 0.95, "chi2_df": 3, "chi2_threshold": 7.814727903251179, "N_raw": 35, "N_roi": 30, "N_inlier": 27, "refit": true}
{"timestamp": "15:58:51.131486", "frame": 127, "mu": [1.0995391499052856, 4.424616847209311, 1.0727593321331699], "Sigma": [[0.01894205917612829, -0.00202262436338025, -0.05958825831166618], [-0.0020226243633802506, 0.0015697790120215193, 0.006768546600735939], [-0.05958825831166618, 0.006768546600735938, 0.2721275761183225]], "chi2_level": 0.95, "chi2_df": 3, "chi2_threshold": 7.814727903251179, "N_raw": 11, "N_roi": 7, "N_inlier": 7, "refit": true}
{"timestamp": "15:58:51.242275", "frame": 129, "mu": [1.142703895254317, 4.493593223470345, 0.22095234912089967], "Sigma": [[0.009265278578651054, 0.006987385274834444, -0.02255404905656279], [0.006987385274834444, 0.017220343884726298, -0.04571183715144546], [-0.02255404905656279, -0.04571183715144546, 0.1280352937964355]], "chi2_level": 0.95, "chi2_df": 3, "chi2_threshold": 7.814727903251179, "N_raw": 19, "N_roi": 17, "N_inlier": 16, "refit": true}
{"timestamp": "15:58:51.461067", "frame": 133, "mu": [1.2818825788798103, 4.311449685893009, 1.3105746236266316], "Sigma": [[0.010412083060686264, -0.004025861257792618, -0.004938836448777153], [-0.004025861257792618, 0.0025355034676153645, 0.0022995109982211874], [-0.004938836448777153, 0.0022995109982211874, 0.0037088675113170527]], "chi2_level": 0.95, "chi2_df": 3, "chi2_threshold": 7.814727903251179, "N_raw": 13, "N_roi": 10, "N_inlier": 10, "refit": true}
{"timestamp": "15:58:51.736998", "frame": 138, "mu": [1.5370930884828657, 4.245541913227681, 1.2242030136069963], "Sigma": [[0.017013883141345717, -0.006251297572837367, -0.0028800029617905573], [-0.006251297572837367, 0.003938226128859088, 0.0002950958361354883], [-0.0028800029617905573, 0.0002950958361354883, 0.0035481544353096516]], "chi2_level": 0.95, "chi2_df": 3, "chi2_threshold": 7.814727903251179, "N_raw": 23, "N_roi": 22, "N_inlier": 22, "refit": true}
{"timestamp": "15:58:51.791432", "frame": 139, "mu": [1.6499929717121813, 4.1497448049970425, 0.8910078474179068], "Sigma": [[0.01357471219110966, -0.006014449715817714, -0.012407647840121303], [-0.006014449715817714, 0.0035946190048305213, 0.004255760458042203], [-0.012407647840121303, 0.004255760458042203, 0.017643741870031995]], "chi2_level": 0.95, "chi2_df": 3, "chi2_threshold": 7.814727903251179, "N_raw": 12, "N_roi": 12, "N_inlier": 12, "refit": true}
{"timestamp": "15:58:51.846428", "frame": 140, "mu": [1.8207929076383638, 4.047501784815408, 0.7389354525678422], "Sigma": [[0.007541829076916616, -0.004859659301024364, -0.0040905145935998715], [-0.004859659301024363, 0.004613559924553202, 0.0035689543665200327], [-0.0040905145935998715, 0.003568954366520033, 0.003648693851711346]], "chi2_level": 0.95, "chi2_df": 3, "chi2_threshold": 7.814727903251179, "N_raw": 12, "N_roi": 11, "N_inlier": 10, "refit": true}
{"timestamp": "15:58:52.009926", "frame": 143, "mu": [1.7256969640851416, 4.094841517778595, 1.0060244960571962], "Sigma": [[0.001576649281484742, 0.0021148556903194276, -0.002211437852173324], [0.0021148556903194276, 0.00309161758186383, -0.0032252082906016077], [-0.002211437852173324, -0.003225208290601608, 0.005481796911506894]], "chi2_level": 0.95, "chi2_df": 3, "chi2_threshold": 7.814727903251179, "N_raw": 6, "N_roi": 5, "N_inlier": 5, "refit": true}
{"timestamp": "15:58:52.065925", "frame": 144, "mu": [1.808103984006606, 4.015668649255621, 0.9520936056405274], "Sigma": [[0.006056168232619164, -0.002348553160334913, -0.005154664266162975], [-0.002348553160334913, 0.0029128348802760825, 0.0017015127840547396], [-0.005154664266162975, 0.0017015127840547394, 0.005757031158648364]], "chi2_level": 0.95, "chi2_df": 3, "chi2_threshold": 7.814727903251179, "N_raw": 13, "N_roi": 13, "N_inlier": 13, "refit": true}
{"timestamp": "15:58:52.123458", "frame": 145, "mu": [1.8210018771183833, 3.9253032454455554, 0.7990341476166412], "Sigma": [[0.018314808269957215, -0.008247648452889887, -0.007720150844479083], [-0.008247648452889887, 0.0048263430724482725, 0.0020128816716451165], [-0.007720150844479084, 0.0020128816716451165, 0.007447955614612736]], "chi2_level": 0.95, "chi2_df": 3, "chi2_threshold": 7.814727903251179, "N_raw": 27, "N_roi": 27, "N_inlier": 26, "refit": true}
{"timestamp": "15:58:52.176921", "frame": 146, "mu": [1.8151508510942223, 4.044397736267655, 1.040269694419223], "Sigma": [[0.0005484780904573985, -0.0031055840547982282, -0.0029052186912848265], [-0.0031055840547982282, 0.01775713567150637, 0.016889954782948222], [-0.002905218691284827, 0.016889954782948222, 0.01765074649916569]], "chi2_level": 0.95, "chi2_df": 3, "chi2_threshold": 7.814727903251179, "N_raw": 13, "N_roi": 5, "N_inlier": 5, "refit": true}
{"timestamp": "15:58:52.234455", "frame": 147, "mu": [1.847879156842893, 3.992095789564113, 1.018476174578215], "Sigma": [[0.015693628712321613, -0.006887520969921438, -0.003338826951324047], [-0.006887520969921437, 0.007425183305766269, 0.005288654988761285], [-0.003338826951324047, 0.005288654988761285, 0.005085137581586509]], "chi2_level": 0.95, "chi2_df": 3, "chi2_threshold": 7.814727903251179, "N_raw": 31, "N_roi": 27, "N_inlier": 24, "refit": true}
{"timestamp": "15:58:52.291140", "frame": 148, "mu": [1.8330312730908014, 3.9987654248528366, 1.0666099235382571], "Sigma": [[0.01922807386433294, -0.004342804695025635, -0.0012366023261244884], [-0.004342804695025635, 0.004608498145006178, -0.00019052151960921674], [-0.0012366023261244884, -0.00019052151960921668, 0.0007073942543534436]], "chi2_level": 0.95, "chi2_df": 3, "chi2_threshold": 7.814727903251179, "N_raw": 37, "N_roi": 34, "N_inlier": 30, "refit": true}
{"timestamp": "15:58:52.342481", "frame": 149, "mu": [1.8342765436059805, 4.023683100602586, 1.0614408570792215], "Sigma": [[0.013604770808376269, -0.007176541298873676, -0.007727577671891755], [-0.007176541298873676, 0.004600483306545445, 0.002086210954946232], [-0.007727577671891754, 0.002086210954946232, 0.012753889707954802]], "chi2_level": 0.95, "chi2_df": 3, "chi2_threshold": 7.814727903251179, "N_raw": 21, "N_roi": 21, "N_inlier": 20, "refit": true}
{"timestamp": "15:58:52.398141", "frame": 150, "mu": [1.9220208659537867, 3.9615167159754283, 0.9940569159438243], "Sigma": [[0.01699986886097712, -0.009022082472300245, -0.013871363100278904], [-0.009022082472300245, 0.006467588961325684, 0.007325284451738313], [-0.013871363100278904, 0.007325284451738313, 0.014687738942604152]], "chi2_level": 0.95, "chi2_df": 3, "chi2_threshold": 7.814727903251179, "N_raw": 22, "N_roi": 22, "N_inlier": 20, "refit": true}
{"timestamp": "15:58:52.452021", "frame": 151, "mu": [1.9620914359230843, 3.9593990826248153, 0.957454970414299], "Sigma": [[0.011398653867859605, -0.007211847804218966, -0.005186719812548206], [-0.007211847804218968, 0.006596308151285996, 0.004584385406812713], [-0.005186719812548206, 0.004584385406812713, 0.004083177475856034]], "chi2_level": 0.95, "chi2_df": 3, "chi2_threshold": 7.814727903251179, "N_raw": 20, "N_roi": 14, "N_inlier": 13, "refit": true}
{"timestamp": "15:58:52.508027", "frame": 152, "mu": [1.9478716862229235, 3.924556937142484, -1.0066635272458473], "Sigma": [[0.01581564748903627, -0.00877206927958128, -0.007491070949873279], [-0.008772069279581279, 0.005552274312558454, 0.0015157535121868427], [-0.00749107094987328, 0.001515753512186843, 0.025927249628594436]], "chi2_level": 0.95, "chi2_df": 3, "chi2_threshold": 7.814727903251179, "N_raw": 27, "N_roi": 24, "N_inlier": 22, "refit": true}
{"timestamp": "15:58:52.564909", "frame": 153, "mu": [1.878815834365229, 3.936595078001681, 0.9708780608445489], "Sigma": [[0.0212597567422976, -0.008841223337822121, -0.007975307515150444], [-0.008841223337822121, 0.006719034423856068, 0.002435072612157964], [-0.007975307515150444, 0.002435072612157964, 0.0051528735675365955]], "chi2_level": 0.95, "chi2_df": 3, "chi2_threshold": 7.814727903251179, "N_raw": 33, "N_roi": 33, "N_inlier": 32, "refit": true}
{"timestamp": "15:58:52.621193", "frame": 154, "mu": [2.0867777127748894, 3.859727160803228, 0.8807894055767007], "Sigma": [[0.029992842379263626, -0.010777565281913332, -0.01574225528702399], [-0.010777565281913332, 0.007860320752233883, 0.004943758559335432], [-0.01574225528702399, 0.0049437585593354325, 0.018983066356257634]], "chi2_level": 0.95, "chi2_df": 3, "chi2_threshold": 7.814727903251179, "N_raw": 47, "N_roi": 46, "N_inlier": 44, "refit": true}
{"timestamp": "15:58:52.673850", "frame": 155, "mu": [2.013570317965678, 3.8687660852922026, 0.9470027152056995], "Sigma": [[0.019748499315954657, -0.00840032125514748, -0.019828156676955002], [-0.008400321255147482, 0.0042290978499706115, 0.00781695446341843], [-0.019828156676955002, 0.00781695446341843, 0.03857200591140978]], "chi2_level": 0.95, "chi2_df": 3, "chi2_threshold": 7.814727903251179, "N_raw": 25, "N_roi": 25, "N_inlier": 22, "refit": true}
{"timestamp": "15:58:52.725497", "frame": 156, "mu": [2.0277622137234723, 3.770507686556355, 1.0197958110429592], "Sigma": [[0.012561629337106401, -0.0023437951730057843, -0.0351380847029229], [-0.0023437951730057843, 0.0005144129319563968, 0.0061751541248788785], [-0.0351380847029229, 0.0061751541248788785, 0.10386710311325742]], "chi2_level": 0.95, "chi2_df": 3, "chi2_threshold": 7.814727903251179, "N_raw": 7, "N_roi": 6, "N_inlier": 6, "refit": true}
{"timestamp": "15:58:52.788957", "frame": 157, "mu": [1.9959953319266883, 3.770934999884213, 0.9613923558931197], "Sigma": [[0.038858422658402926, -0.02058734522928067, -0.017508758699156336], [-0.020587345229280674, 0.01480430833470603, 0.006750372133833787], [-0.017508758699156343, 0.006750372133833787, 0.01183057643103538]], "chi2_level": 0.95, "chi2_df": 3, "chi2_threshold": 7.814727903251179, "N_raw": 63, "N_roi": 59, "N_inlier": 57, "refit": true}
{"timestamp": "15:58:52.841804", "frame": 158, "mu": [2.0171942229331123, 3.75615749060204, 1.0094219657720513], "Sigma": [[0.032259541878802894, -0.014509218577900785, -0.007769301085793776], [-0.014509218577900785, 0.011036777026952308, 0.0011444684881969291], [-0.007769301085793776, 0.0011444684881969291, 0.005318484903996684]], "chi2_level": 0.95, "chi2_df": 3, "chi2_threshold": 7.814727903251179, "N_raw": 52, "N_roi": 52, "N_inlier": 52, "refit": true}
{"timestamp": "15:58:52.897636", "frame": 159, "mu": [1.9741162397019818, 3.737986361447633, 1.029579890622485], "Sigma": [[0.028952415575942865, -0.013545908979351923, -0.0122987194266924], [-0.013545908979351923, 0.010198348267696004, 0.0034728852246723348], [-0.012298719426692402, 0.0034728852246723348, 0.009689804921815455]], "chi2_level": 0.95, "chi2_df": 3, "chi2_threshold": 7.814727903251179, "N_raw": 52, "N_roi": 51, "N_inlier": 48, "refit": true}
