{"timestamp": "15:39:53.520548", "frame": 1, "mu": [1.24726393309219, 1.3637921260080783, 1.2506757115080396], "Sigma": [[0.010461645771731164, -0.001838152876025376, -0.02570519844818327], [-0.0018381528760253755, 0.00296172398755866, 0.004866984202070686], [-0.025705198448183267, 0.004866984202070687, 0.10159867856571894]], "chi2_level": 0.99, "chi2_df": 3, "chi2_threshold": 11.344866730144373, "N_raw": 23, "N_roi": 23, "N_inlier": 22, "refit": true}
{"timestamp": "15:39:53.575988", "frame": 2, "mu": [1.161062662994849, 1.3893362908112983, 1.4602126759806566], "Sigma": [[0.013503830398276061, -0.007445253237227681, -0.02763690116733234], [-0.007445253237227681, 0.00736356555889336, 0.017176301688140768], [-0.02763690116733234, 0.017176301688140768, 0.06747226991510769]], "chi2_level": 0.99, "chi2_df": 3, "chi2_threshold": 11.344866730144373, "N_raw": 32, "N_roi": 32, "N_inlier": 32, "refit": true}
{"timestamp": "15:39:53.637981", "frame": 3, "mu": [1.2368057142237567, 1.3413452111978719, 1.3210910383077341], "Sigma": [[0.015017507576487612, -0.010503526389370316, -0.028837070249302654], [-0.010503526389370316, 0.010006068750548427, 0.019838065541991953], [-0.028837070249302654, 0.019838065541991953, 0.07659541223227247]], "chi2_level": 0.99, "chi2_df": 3, "chi2_threshold": 11.344866730144373, "N_raw": 78, "N_roi": 78, "N_inlier": 77, "refit": true}
{"timestamp": "15:39:53.688452", "frame": 4, "mu": [1.1516868236413547, 1.3713797692159984, 1.5388665609328607], "Sigma": [[0.009186763386316117, -0.0035561445435586224, -0.007155901315008572], [-0.003556144543558622, 0.0034890350445073333, 0.0005959096737571775], [-0.007155901315008572, 0.0005959096737571775, 0.008555624235748885]], "chi2_level": 0.99, "chi2_df": 3, "chi2_threshold": 11.344866730144373, "N_raw": 48, "N_roi": 48, "N_inlier": 47, "refit": true}
{"timestamp": "15:39:53.743541", "frame": 5, "mu": [1.2506698365795927, 1.3494897824502545, 1.1775305078637588], "Sigma": [[0.010267912782149117, -0.006074982909020936, -0.012758222288455471], [-0.006074982909020938, 0.005093519227359252, 0.0054843784931403496], [-0.012758222288455471, 0.0054843784931403496, 0.02269862565846554]], "chi2_level": 0.99, "chi2_df": 3, "chi2_threshold": 11.344866730144373, "N_raw": 28, "N_roi": 28, "N_inlier": 25, "refit": true}
{"timestamp": "15:39:53.799464", "frame": 6, "mu": [1.1368278617525132, 1.384624007158985, 1.6062078993289406], "Sigma": [[0.009518544719961846, -0.003156823462806646, -0.0029998548845054695], [-0.003156823462806646, 0.0030135761324257687, 0.0005132989330329991], [-0.0029998548845054695, 0.0005132989330329991, 0.0014979810354208355]], "chi2_level": 0.99, "chi2_df": 3, "chi2_threshold": 11.344866730144373, "N_raw": 37, "N_roi": 37, "N_inlier": 34, "refit": true}
{"timestamp": "15:39:53.856678", "frame": 7, "mu": [1.1334988864667972, 1.375103437667679, 1.359417527181022], "Sigma": [[0.013319378134212136, -0.0015897582846925258, -0.03697056228907647], [-0.0015897582846925258, 0.0038605396255789863, 0.001207031903497683], [-0.03697056228907647, 0.0012070319034976833, 0.12994641514084956]], "chi2_level": 0.99, "chi2_df": 3, "chi2_threshold": 11.344866730144373, "N_raw": 48, "N_roi": 48, "N_inlier": 48, "refit": true}
{"timestamp": "15:39:53.911576", "frame": 8, "mu": [1.0894031841765632, 1.3652886805481548, 1.5598112776785533], "Sigma": [[0.010394272407250835, -0.0027897399030692317, -0.011035283761049446], [-0.0027897399030692317, 0.0038064669319604937, 0.0012367001357570526], [-0.011035283761049446, 0.0012367001357570526, 0.018237621340550052]], "chi2_level": 0.99, "chi2_df": 3, "chi2_threshold": 11.344866730144373, "N_raw": 51, "N_roi": 51, "N_inlier": 48, "refit": true}
{"timestamp": "15:39:53.964725", "frame": 9, "mu": [1.0740360292444389, 1.3523648913536495, 1.6193145649917522], "Sigma": [[0.005369809542524538, -0.0012510927616111332, -0.001409181066054597], [-0.0012510927616111332, 0.003247611231293324, -0.0004308550381960149], [-0.001409181066054597, -0.0004308550381960148, 0.0011619815105348564]], "chi2_level": 0.99, "chi2_df": 3, "chi2_threshold": 11.344866730144373, "N_raw": 37, "N_roi": 37, "N_inlier": 36, "refit": true}
{"timestamp": "15:39:54.020497", "frame": 10, "mu": [1.072117662364545, 1.3796322344879193, 1.4966281449512524], "Sigma": [[0.008496825473558218, -0.002967535943732955, -0.014083639906291077], [-0.002967535943732955, 0.003979799615084664, 0.0046231697652494245], [-0.014083639906291079, 0.0046231697652494245, 0.03190350359105858]], "chi2_level": 0.99, "chi2_df": 3, "chi2_threshold": 11.344866730144373, "N_raw": 45, "N_roi": 45, "N_inlier": 43, "refit": true}
{"timestamp": "15:39:54.079870", "frame": 11, "mu": [1.1376391084499824, 1.4386186878982472, -0.24263777362011163], "Sigma": [[0.011081984291215624, 0.0003198416656286896, -0.017658045789126914], [0.00031984166562868955, 0.0051465314384161066, -0.004540300426225367], [-0.017658045789126914, -0.004540300426225367, 0.04274175793832401]], "chi2_level": 0.99, "chi2_df": 3, "chi2_threshold": 11.344866730144373, "N_raw": 62, "N_roi": 62, "N_inlier": 59, "refit": true}
{"timestamp": "15:39:54.135801", "frame": 12, "mu": [1.097913813193127, 1.3423411884074126, 1.3513435356506454], "Sigma": [[0.013865314980132283, -0.0019070409516313955, -0.02433405995554686], [-0.0019070409516313955, 0.005254234148682668, -0.00017417472006941818], [-0.02433405995554686, -0.0001741747200694184, 0.05543229654346425]], "chi2_level": 0.99, "chi2_df": 3, "chi2_threshold": 11.344866730144373, "N_raw": 79, "N_roi": 79, "N_inlier": 78, "refit": true}
{"timestamp": "15:39:54.186473", "frame": 13, "mu": [1.0147544314677985, 1.3239154239996052, 1.4190501785040825], "Sigma": [[0.009034990843263693, -0.0006734756605997838, -0.022859101793163118], [-0.0006734756605997841, 0.0033462562149805847, -0.006597677877420647], [-0.022859101793163118, -0.006597677877420648, 0.10923123312977874]], "chi2_level": 0.99, "chi2_df": 3, "chi2_threshold": 11.344866730144373, "N_raw": 41, "N_roi": 41, "N_inlier": 41, "refit": true}
{"timestamp": "15:39:54.244520", "frame": 14, "mu": [1.0637044629430799, 1.3065348177736116, 1.219672108771936], "Sigma": [[0.015300677556701931, -0.0012497555133227718, -0.03766767214173355], [-0.001249755513322772, 0.002314122070450919, -0.0027442787654685715], [-0.03766767214173355, -0.0027442787654685715, 0.1332973908335144]], "chi2_level": 0.99, "chi2_df": 3, "chi2_threshold": 11.344866730144373, "N_raw": 64, "N_roi": 64, "N_inlier": 64, "refit": true}
{"timestamp": "15:39:54.296213", "frame": 15, "mu": [1.042527567511134, 1.3291348991960437, 1.1068975982384188], "Sigma": [[0.01090290921057863, 0.0007601699805452836, -0.03816673837542761], [0.0007601699805452838, 0.005072777629719075, -0.014803327787978339], [-0.03816673837542761, -0.014803327787978339, 0.17981278383692856]], "chi2_level": 0.99, "chi2_df": 3, "chi2_threshold": 11.344866730144373, "N_raw": 47, "N_roi": 47, "N_inlier": 45, "refit": true}
{"timestamp": "15:39:54.352059", "frame": 16, "mu": [1.067927174918882, 1.2070567971221824, 1.2781687859879882], "Sigma": [[0.011892926053229164, -0.0039645954502142795, -0.014696922052473617], [-0.0039645954502142795, 0.005953160543556365, -0.006307075466822726], [-0.014696922052473617, -0.006307075466822725, 0.06754893705111091]], "chi2_level": 0.99, "chi2_df": 3, "chi2_threshold": 11.344866730144373, "N_raw": 51, "N_roi": 51, "N_inlier": 49, "refit": true}
{"timestamp": "15:39:54.403913", "frame": 17, "mu": [0.8969892006960122, 1.261356395090597, 1.529340581328137], "Sigma": [[0.005167825209224102, -0.00194791882796844, -0.004246066633199475], [-0.00194791882796844, 0.002642981771210311, 0.0008582135079810626], [-0.004246066633199475, 0.0008582135079810626, 0.006206668210893882]], "chi2_level": 0.99, "chi2_df": 3, "chi2_threshold": 11.344866730144373, "N_raw": 31, "N_roi": 31, "N_inlier": 28, "refit": true}
{"timestamp": "15:39:54.467726", "frame": 18, "mu": [0.967677228884043, 1.198861098662801, 1.3120007619947862], "Sigma": [[0.013382422930587586, -0.003506934398663995, -0.01892075767982627], [-0.003506934398663995, 0.0031744335759798735, 0.002777486361024296], [-0.018920757679826268, 0.002777486361024296, 0.03553648433822677]], "chi2_level": 0.99, "chi2_df": 3, "chi2_threshold": 11.344866730144373, "N_raw": 87, "N_roi": 87, "N_inlier": 83, "refit": true}
{"timestamp": "15:39:54.521466", "frame": 19, "mu": [0.962499762679188, 1.1286147867237037, 1.2916888853235178], "Sigma": [[0.0130640942651478, -0.0045558518654695, -0.016676360636142345], [-0.0045558518654695, 0.004675196396266314, 0.002680709752904953], [-0.016676360636142345, 0.002680709752904953, 0.027766180278587956]], "chi2_level": 0.99, "chi2_df": 3, "chi2_threshold": 11.344866730144373, "N_raw": 80, "N_roi": 80, "N_inlier": 76, "refit": true}
{"timestamp": "15:39:54.569190", "frame": 20, "mu": [0.8276227110864792, 1.1485698190988995, 1.365291793862215], "Sigma": [[0.0107122177369828, -0.0015583550154281776, -0.023373730175726026], [-0.0015583550154281774, 0.0012078222816168766, 0.0034851687123601555], [-0.023373730175726023, 0.0034851687123601555, 0.06862750731908214]], "chi2_level": 0.99, "chi2_df": 3, "chi2_threshold": 11.344866730144373, "N_raw": 24, "N_roi": 24, "N_inlier": 22, "refit": true}
{"timestamp": "15:39:54.631735", "frame": 21, "mu": [0.8412413433609225, 1.2402751693852538, -0.33894253803768215], "Sigma": [[0.01196278044187325, -0.00025057164427578116, -0.01649180684613194], [-0.00025057164427578116, 0.0040669578732135375, -0.0023720234156895306], [-0.01649180684613194, -0.00237202341568953, 0.027215419675729633]], "chi2_level": 0.99, "chi2_df": 3, "chi2_threshold": 11.344866730144373, "N_raw": 86, "N_roi": 86, "N_inlier": 83, "refit": true}
{"timestamp": "15:39:54.688338", "frame": 22, "mu": [0.7719224926813275, 1.1141943287509812, 1.3473317941064], "Sigma": [[0.00974161880299983, -0.0022211768934242227, -0.015250253446196167], [-0.0022211768934242227, 0.003811037065381987, 0.0010169307590031805], [-0.015250253446196169, 0.0010169307590031805, 0.0315461348637668]], "chi2_level": 0.99, "chi2_df": 3, "chi2_threshold": 11.344866730144373, "N_raw": 90, "N_roi": 90, "N_inlier": 85, "refit": true}
{"timestamp": "15:39:54.748282", "frame": 23, "mu": [0.7160959795080067, 1.0910666203210264, 1.3559112494869214], "Sigma": [[0.009055634941806728, -0.0023768308594788084, -0.014191955527574627], [-0.0023768308594788084, 0.004513618928613177, 0.0010974678175967741], [-0.014191955527574626, 0.001097467817596774, 0.03627335142701232]], "chi2_level": 0.99, "chi2_df": 3, "chi2_threshold": 11.344866730144373, "N_raw": 115, "N_roi": 115, "N_inlier": 110, "refit": true}
{"timestamp": "15:39:54.802389", "frame": 24, "mu": [0.6485000971546788, 1.0755137595940862, 1.29145718195793], "Sigma": [[0.006306325496661382, -0.0020611517031168276, -0.01216367505986349], [-0.0020611517031168276, 0.0030413578287403226, 0.0034359259105652866], [-0.012163675059863491, 0.0034359259105652866, 0.06264559268470438]], "chi2_level": 0.99, "chi2_df": 3, "chi2_threshold": 11.344866730144373, "N_raw": 110, "N_roi": 110, "N_inlier": 109, "refit": true}
{"timestamp": "15:39:54.850279", "frame": 25, "mu": [0.6099056307277996, 1.057773837150224, 1.4117157014167705], "Sigma": [[0.007087067768834446, -0.00271660347936796, -0.007450498848251353], [-0.00271660347936796, 0.0037830949476848597, 0.0009651888295022987], [-0.007450498848251353, 0.000965188829502299, 0.011216238078765895]], "chi2_level": 0.99, "chi2_df": 3, "chi2_threshold": 11.344866730144373, "N_raw": 69, "N_roi": 69, "N_inlier": 67, "refit": true}
{"timestamp": "15:39:54.905046", "frame": 26, "mu": [0.5358205483836499, 1.0570393487136585, 1.4210293954017557], "Sigma": [[0.005838089090600528, -0.001291108802996947, -0.007458387360428842], [-0.001291108802996947, 0.00310807213902307, -0.0010744069862987041], [-0.007458387360428842, -0.0010744069862987041, 0.01391916318231672]], "chi2_level": 0.99, "chi2_df": 3, "chi2_threshold": 11.344866730144373, "N_raw": 70, "N_roi": 70, "N_inlier": 69, "refit": true}
{"timestamp": "15:39:54.966838", "frame": 27, "mu": [0.4447948359405392, 1.1016372896384619, 1.31569764932057], "Sigma": [[0.004143512037776618, -0.0009346545223757257, -0.003641836160102087], [-0.0009346545223757259, 0.005549740827754684, -0.006837013121833714], [-0.003641836160102087, -0.006837013121833714, 0.01590722913886991]], "chi2_level": 0.99, "chi2_df": 3, "chi2_threshold": 11.344866730144373, "N_raw": 105, "N_roi": 105, "N_inlier": 101, "refit": true}
{"timestamp": "15:39:55.018533", "frame": 28, "mu": [0.34227901760244817, 1.0845358795541098, 1.4259255635318282], "Sigma": [[0.003684047415835911, -0.00034242254562467196, -0.002436413873087861], [-0.00034242254562467174, 0.0043501306968117956, -0.006850136341158373], [-0.002436413873087861, -0.006850136341158373, 0.047015863246337344]], "chi2_level": 0.99, "chi2_df": 3, "chi2_threshold": 11.344866730144373, "N_raw": 87, "N_roi": 87, "N_inlier": 81, "refit": true}
{"timestamp": "15:39:55.075031", "frame": 29, "mu": [0.33080629516797555, 1.012651050018536, 1.3950791029154945], "Sigma": [[0.006251657681256777, -0.002667365189914142, -0.009280403943263772], [-0.0026673651899141422, 0.005699579073651476, 0.0011216872515601485], [-0.009280403943263772, 0.0011216872515601483, 0.017187696616212757]], "chi2_level": 0.99, "chi2_df": 3, "chi2_threshold": 11.344866730144373, "N_raw": 99, "N_roi": 97, "N_inlier": 94, "refit": true}
{"timestamp": "15:39:55.128761", "frame": 30, "mu": [0.18407628930200193, 0.9706044499819367, 1.1902899783820908], "Sigma": [[0.0075030836934504574, -0.0011344967963193974, 0.010504482036077529], [-0.0011344967963193972, 0.007113578004739592, 0.028641976849563912], [0.010504482036077529, 0.028641976849563915, 0.21342224303511848]], "chi2_level": 0.99, "chi2_df": 3, "chi2_threshold": 11.344866730144373, "N_raw": 89, "N_roi": 89, "N_inlier": 83, "refit": true}
{"timestamp": "15:39:55.182667", "frame": 31, "mu": [0.15556035578780772, 1.0216265104550364, 1.4732088585815162], "Sigma": [[0.006544835143807925, -0.0027815837636835632, -0.009408101616368443], [-0.002781583763683563, 0.0037719736423806327, 0.0028177565162423135], [-0.009408101616368443, 0.002817756516242314, 0.014980286187269865]], "chi2_level": 0.99, "chi2_df": 3, "chi2_threshold": 11.344866730144373, "N_raw": 83, "N_roi": 81, "N_inlier": 78, "refit": true}
{"timestamp": "15:39:55.233925", "frame": 32, "mu": [0.06842041700277421, 1.04939221398722, 1.5124951833614075], "Sigma": [[0.004175694930714184, -0.0005800607210496257, -0.005941021342277256], [-0.0005800607210496259, 0.0026480294969283896, -0.00015524959638438547], [-0.005941021342277256, -0.0001552495963843853, 0.009648302949767]], "chi2_level": 0.99, "chi2_df": 3, "chi2_threshold": 11.344866730144373, "N_raw": 61, "N_roi": 61, "N_inlier": 60, "refit": true}
{"timestamp": "15:39:55.289063", "frame": 33, "mu": [-0.009170792556356363, 1.0117997091832416, 1.5071726185068526], "Sigma": [[0.0030453068716102083, -0.0010291509476344416, -0.003855940276494216], [-0.0010291509476344416, 0.0030368273498654016, -2.6642161749375294e-06], [-0.003855940276494216, -2.664216174937475e-06, 0.012221297113541618]], "chi2_level": 0.99, "chi2_df": 3, "chi2_threshold": 11.344866730144373, "N_raw": 64, "N_roi": 64, "N_inlier": 58, "refit": true}
{"timestamp": "15:39:55.345504", "frame": 34, "mu": [-0.11202069179944349, 1.0217136196247392, 1.580831002403751], "Sigma": [[0.003629004885260693, -0.0011791235250598667, -0.003248770682515366], [-0.0011791235250598665, 0.004152841870909277, -0.0009342857102464213], [-0.003248770682515366, -0.0009342857102464213, 0.004394916440990778]], "chi2_level": 0.99, "chi2_df": 3, "chi2_threshold": 11.344866730144373, "N_raw": 71, "N_roi": 71, "N_inlier": 69, "refit": true}
{"timestamp": "15:39:55.402281", "frame": 35, "mu": [-0.19348307373779988, 1.0226139906450933, 1.5313986209537935], "Sigma": [[0.0035293365661803362, -0.0021516565263062157, -0.0032048318331196514], [-0.0021516565263062157, 0.0051124980191140776, -0.002225564635634061], [-0.0032048318331196514, -0.002225564635634061, 0.008323838531068812]], "chi2_level": 0.99, "chi2_df": 3, "chi2_threshold": 11.344866730144373, "N_raw": 87, "N_roi": 87, "N_inlier": 86, "refit": true}
{"timestamp": "15:39:55.459772", "frame": 36, "mu": [-0.25495969386990613, 0.9959644403323172, 1.4675892306641245], "Sigma": [[0.0037185992174457935, -0.0022391844842397876, -0.003646613254628138], [-0.0022391844842397876, 0.00848713660577502, -0.0015189006437268107], [-0.003646613254628138, -0.0015189006437268107, 0.009950329414436252]], "chi2_level": 0.99, "chi2_df": 3, "chi2_threshold": 11.344866730144373, "N_raw": 101, "N_roi": 101, "N_inlier": 100, "refit": true}
{"timestamp": "15:39:55.513941", "frame": 37, "mu": [-0.3342687910788586, 0.9840336011805114, 1.4777018361915322], "Sigma": [[0.00432290487392362, -0.004238225361458469, -0.0011505765188461697], [-0.004238225361458469, 0.012569157197551717, 0.0007153194313427991], [-0.00115057651884617, 0.0007153194313427993, 0.004495169429841265]], "chi2_level": 0.99, "chi2_df": 3, "chi2_threshold": 11.344866730144373, "N_raw": 91, "N_roi": 90, "N_inlier": 87, "refit": true}
{"timestamp": "15:39:55.567720", "frame": 38, "mu": [-0.43656332925625235, 0.9905821691564103, 1.4790084905503764], "Sigma": [[0.005471790403062083, -0.004810208019143142, -0.0035110089509719235], [-0.004810208019143141, 0.010637695916083508, 0.002886574762696534], [-0.003511008950971923, 0.002886574762696534, 0.006167904398706182]], "chi2_level": 0.99, "chi2_df": 3, "chi2_threshold": 11.344866730144373, "N_raw": 85, "N_roi": 85, "N_inlier": 82, "refit": true}
{"timestamp": "15:39:55.621324", "frame": 39, "mu": [-0.5026845335727446, 0.9552800281960273, 1.46536810543656], "Sigma": [[0.004887803081977554, -0.00404763752495563, -0.0029610234574140334], [-0.00404763752495563, 0.010671374161887745, 0.002964329863025677], [-0.0029610234574140334, 0.002964329863025677, 0.0021438824211342158]], "chi2_level": 0.99, "chi2_df": 3, "chi2_threshold": 11.344866730144373, "N_raw": 74, "N_roi": 73, "N_inlier": 73, "refit": true}
{"timestamp": "15:39:55.676010", "frame": 40, "mu": [-0.5989439942665322, 1.0189709306533716, 1.4281947822196595], "Sigma": [[0.004716381876793468, -0.0025188299765221763, -0.008375052650872688], [-0.0025188299765221763, 0.009297426821701846, 0.016998062175036032], [-0.00837505265087269, 0.016998062175036032, 0.07493882298009197]], "chi2_level": 0.99, "chi2_df": 3, "chi2_threshold": 11.344866730144373, "N_raw": 81, "N_roi": 81, "N_inlier": 80, "refit": true}
{"timestamp": "15:39:55.729688", "frame": 41, "mu": [-0.6672460397659999, 1.0980360580342166, 1.343600387375784], "Sigma": [[0.0033539669641174013, -2.9363591130600764e-05, -0.009407901682526929], [-2.936359113060067e-05, 0.006962335119183993, 0.015154127062118258], [-0.00940790168252693, 0.015154127062118258, 0.09268884986871911]], "chi2_level": 0.99, "chi2_df": 3, "chi2_threshold": 11.344866730144373, "N_raw": 64, "N_roi": 64, "N_inlier": 63, "refit": true}
{"timestamp": "15:39:55.783810", "frame": 42, "mu": [-0.7276543890523409, 1.1065279060311175, 1.4831155217070524], "Sigma": [[0.009731264612215657, 0.004555191735245762, -0.01697702690692217], [0.004555191735245762, 0.005867139498360068, -0.007447137742102358], [-0.01697702690692217, -0.007447137742102358, 0.06455905836996964]], "chi2_level": 0.99, "chi2_df": 3, "chi2_threshold": 11.344866730144373, "N_raw": 61, "N_roi": 61, "N_inlier": 53, "refit": true}
{"timestamp": "15:39:55.833326", "frame": 43, "mu": [-1.0459109813693677, 0.949906464417087, 1.712692292612045], "Sigma": [[0.04243720590252314, 0.028848983177541365, -0.054512852897081895], [0.028848983177541365, 0.024132136823133067, -0.038945453456024716], [-0.054512852897081895, -0.038945453456024716, 0.08984609210981839]], "chi2_level": 0.99, "chi2_df": 3, "chi2_threshold": 11.344866730144373, "N_raw": 31, "N_roi": 31, "N_inlier": 28, "refit": true}
{"timestamp": "15:39:55.899800", "frame": 44, "mu": [-1.0763109552327819, 0.9402608509695698, 1.5278909708572224], "Sigma": [[0.015866768609986055, 0.00964926377095902, -0.022376754570918207], [0.009649263770959019, 0.016042917587862124, -0.035784846811298635], [-0.02237675457091821, -0.035784846811298635, 0.2598764395678253]], "chi2_level": 0.99, "chi2_df": 3, "chi2_threshold": 11.344866730144373, "N_raw": 105, "N_roi": 105, "N_inlier": 104, "refit": true}
{"timestamp": "15:39:55.959819", "frame": 45, "mu": [-1.1217556991133855, 0.9616768833241212, 1.634496561107932], "Sigma": [[0.022658196877325874, 0.006797249192370241, -0.012517664568800727], [0.006797249192370242, 0.013210030309534654, -0.003983339243637363], [-0.012517664568800727, -0.003983339243637363, 0.007259974097245721]], "chi2_level": 0.99, "chi2_df": 3, "chi2_threshold": 11.344866730144373, "N_raw": 133, "N_roi": 133, "N_inlier": 131, "refit": true}
{"timestamp": "15:39:56.016496", "frame": 46, "mu": [-1.189843103981043, 0.9705310975344078, 1.7484534415269521], "Sigma": [[0.020677333338471778, 0.007260367652220059, -0.022176121992244637], [0.007260367652220058, 0.01527466231161014, -0.005470024497677546], [-0.022176121992244637, -0.005470024497677547, 0.030097346020241028]], "chi2_level": 0.99, "chi2_df": 3, "chi2_threshold": 11.344866730144373, "N_raw": 110, "N_roi": 110, "N_inlier": 108, "refit": true}
{"timestamp": "15:39:56.063492", "frame": 47, "mu": [-1.3062907371691008, 0.9973500587281988, 1.819004805745988], "Sigma": [[0.014606738952880364, 0.007685694270085542, -0.008025036868828883], [0.007685694270085542, 0.01619729902257366, -0.004653397563801268], [-0.008025036868828883, -0.004653397563801268, 0.007148888516196371]], "chi2_level": 0.99, "chi2_df": 3, "chi2_threshold": 11.344866730144373, "N_raw": 90, "N_roi": 90, "N_inlier": 82, "refit": true}
{"timestamp": "15:39:56.124241", "frame": 48, "mu": [-1.271381286516792, 1.0960220808035996, 1.504204532110951], "Sigma": [[0.03740018679215054, 0.013484908393759893, -0.0793013309149551], [0.013484908393759893, 0.015538220512375725, -0.028582678201261404], [-0.0793013309149551, -0.028582678201261404, 0.23561920026668473]], "chi2_level": 0.99, "chi2_df": 3, "chi2_threshold": 11.344866730144373, "N_raw": 130, "N_roi": 130, "N_inlier": 130, "refit": true}
{"timestamp": "15:39:56.178918", "frame": 49, "mu": [-1.3184092756856178, 1.1310033315293133, 1.4668257523655424], "Sigma": [[0.03709247987980549, 0.015256229674650245, -0.08450344643224562], [0.015256229674650245, 0.01659616973270121, -0.0353044727921412], [-0.08450344643224562, -0.0353044727921412, 0.2550915441143248]], "chi2_level": 0.99, "chi2_df": 3, "chi2_threshold": 11.344866730144373, "N_raw": 126, "N_roi": 126, "N_inlier": 125, "refit": true}
{"timestamp": "15:39:56.228509", "frame": 50, "mu": [-1.480145301445833, 1.1219861078841162, 1.8080537100328204], "Sigma": [[0.014397286285709, 0.00790596201105119, -0.006934085193683349], [0.00790596201105119, 0.0125798874205628, -0.01126174465797582], [-0.006934085193683348, -0.01126174465797582, 0.01601384883050975]], "chi2_level": 0.99, "chi2_df": 3, "chi2_threshold": 11.344866730144373, "N_raw": 82, "N_roi": 82, "N_inlier": 77, "refit": true}
{"timestamp": "15:39:56.284335", "frame": 51, "mu": [-1.4596682666390366, 1.1804860723939086, 1.7092928226847637], "Sigma": [[0.01618948010342927, 0.009356468067309207, -0.013577104589530802], [0.009356468067309207, 0.01911434604458412, -0.009521115214857708], [-0.013577104589530802, -0.009521115214857708, 0.014876956495136255]], "chi2_level": 0.99, "chi2_df": 3, "chi2_threshold": 11.344866730144373, "N_raw": 99, "N_roi": 99, "N_inlier": 98, "refit": true}
{"timestamp": "15:39:56.342108", "frame": 52, "mu": [-1.4792692849305868, 1.2328710916679362, 1.4318738424788306], "Sigma": [[0.01978230953901186, 0.012079855331940849, -0.038842945612620694], [0.01207985533194085, 0.017783746345116782, -0.038083922591734876], [-0.038842945612620694, -0.038083922591734876, 0.25142369831305694]], "chi2_level": 0.99, "chi2_df": 3, "chi2_threshold": 11.344866730144373, "N_raw": 117, "N_roi": 117, "N_inlier": 116, "refit": true}
{"timestamp": "15:39:56.395078", "frame": 53, "mu": [-1.5350542134548755, 1.2866493410794948, 1.5580838443307354], "Sigma": [[0.018886233868749394, 0.011693204878109601, -0.017826823386119413], [0.011693204878109601, 0.027722294322221203, -0.0380791375833258], [-0.017826823386119413, -0.03807913758332579, 0.13510201224651602]], "chi2_level": 0.99, "chi2_df": 3, "chi2_threshold": 11.344866730144373, "N_raw": 108, "N_roi": 108, "N_inlier": 108, "refit": true}
{"timestamp": "15:39:56.445398", "frame": 54, "mu": [-1.6390735707716577, 1.2702690620946386, 1.6371872328518968], "Sigma": [[0.017631189030547355, 0.009800713926171541, -0.013393008912150346], [0.009800713926171541, 0.014258687518927915, -0.008227453446720838], [-0.013393008912150346, -0.008227453446720838, 0.012351260625839572]], "chi2_level": 0.99, "chi2_df": 3, "chi2_threshold": 11.344866730144373, "N_raw": 74, "N_roi": 74, "N_inlier": 71, "refit": true}
{"timestamp": "15:39:56.503834", "frame": 55, "mu": [-1.6572776186748235, 1.2930868859885778, 1.6068516208091295], "Sigma": [[0.019124998447432984, 0.011265720606692241, -0.010529733070504171], [0.011265720606692241, 0.019720418283625182, -0.008467108776483318], [-0.010529733070504173, -0.008467108776483318, 0.007312806688912504]], "chi2_level": 0.99, "chi2_df": 3, "chi2_threshold": 11.344866730144373, "N_raw": 96, "N_roi": 96, "N_inlier": 95, "refit": true}
{"timestamp": "15:39:56.559503", "frame": 56, "mu": [-1.6789432267737292, 1.3821322127004487, 1.586914245954741], "Sigma": [[0.01809984291829668, 0.012149515821619675, -0.01421429039704539], [0.012149515821619678, 0.02046904815645742, -0.015295542459590137], [-0.01421429039704539, -0.015295542459590137, 0.016554401723507074]], "chi2_level": 0.99, "chi2_df": 3, "chi2_threshold": 11.344866730144373, "N_raw": 101, "N_roi": 101, "N_inlier": 98, "refit": true}
{"timestamp": "15:39:56.613356", "frame": 57, "mu": [-1.7099079089934828, 1.5021013246941908, 1.7240811142678738], "Sigma": [[0.02327026807393649, 0.014478767570363593, -0.01873814114216179], [0.014478767570363593, 0.02128132001883689, -0.011384515741626073], [-0.01873814114216179, -0.011384515741626073, 0.016230457782097932]], "chi2_level": 0.99, "chi2_df": 3, "chi2_threshold": 11.344866730144373, "N_raw": 97, "N_roi": 97, "N_inlier": 94, "refit": true}
{"timestamp": "15:39:56.670381", "frame": 58, "mu": [-1.7787417181576284, 1.525452710447265, 1.6573158822951795], "Sigma": [[0.024026219466633702, 0.013739337007535078, -0.01963438383574962], [0.013739337007535078, 0.01921616948854924, -0.017674301089748726], [-0.01963438383574962, -0.017674301089748726, 0.03354607512280525]], "chi2_level": 0.99, "chi2_df": 3, "chi2_threshold": 11.344866730144373, "N_raw": 104, "N_roi": 104, "N_inlier": 101, "refit": true}
{"timestamp": "15:39:56.724264", "frame": 59, "mu": [-1.7788339329340235, 1.6318922462974268, 1.6284234653403482], "Sigma": [[0.02295889190216805, 0.0146816966428545, -0.007178565677470134], [0.0146816966428545, 0.01774405755864392, -0.0037880554901471744], [-0.007178565677470135, -0.003788055490147175, 0.06187968976077087]], "chi2_level": 0.99, "chi2_df": 3, "chi2_threshold": 11.344866730144373, "N_raw": 100, "N_roi": 100, "N_inlier": 98, "refit": true}
{"timestamp": "15:39:56.772098", "frame": 60, "mu": [-1.8212615458927084, 1.7054004330519317, 1.742514630466679], "Sigma": [[0.018989803142259284, 0.013177068292598602, -0.010903571830570214], [0.013177068292598602, 0.014520199218682266, -0.008521832218887682], [-0.010903571830570214, -0.008521832218887682, 0.008459044857501529]], "chi2_level": 0.99, "chi2_df": 3, "chi2_threshold": 11.344866730144373, "N_raw": 55, "N_roi": 55, "N_inlier": 52, "refit": true}
{"timestamp": "15:39:56.830890", "frame": 61, "mu": [-1.8831313900702802, 1.677861755664414, 1.8139561933247783], "Sigma": [[0.03948546245169988, 0.027732450290755717, -0.038919719093991015], [0.027732450290755717, 0.02731640609315224, -0.028014193251124253], [-0.038919719093991015, -0.028014193251124253, 0.041347357856497687]], "chi2_level": 0.99, "chi2_df": 3, "chi2_threshold": 11.344866730144373, "N_raw": 80, "N_roi": 80, "N_inlier": 78, "refit": true}
{"timestamp": "15:39:56.891111", "frame": 62, "mu": [-1.8606935528567927, 1.8069666941029017, 0.21666653437926967], "Sigma": [[0.0407134059654545, 0.03454684075249886, -0.030915981564109577], [0.03454684075249886, 0.04423830443267764, -0.02686376328041188], [-0.03091598156410958, -0.02686376328041188, 0.02704627099233185]], "chi2_level": 0.99, "chi2_df": 3, "chi2_threshold": 11.344866730144373, "N_raw": 106, "N_roi": 106, "N_inlier": 104, "refit": true}
{"timestamp": "15:39:56.938186", "frame": 63, "mu": [-1.8486661602086152, 1.8508560441832687, 1.7078835881596908], "Sigma": [[0.0476409811537222, 0.03192398667783661, -0.03588956563668182], [0.03192398667783661, 0.02522587438135066, -0.026422851620664333], [-0.03588956563668181, -0.026422851620664333, 0.033614089207977454]], "chi2_level": 0.99, "chi2_df": 3, "chi2_threshold": 11.344866730144373, "N_raw": 44, "N_roi": 44, "N_inlier": 42, "refit": true}
{"timestamp": "15:39:56.991459", "frame": 64, "mu": [-1.9340005720911668, 1.909423371434085, 1.7974956427643791], "Sigma": [[0.03149126104665778, 0.02536934803765524, -0.02346160456183074], [0.02536934803765524, 0.025440679679607392, -0.019021608976684156], [-0.02346160456183074, -0.019021608976684156, 0.01856449442385566]], "chi2_level": 0.99, "chi2_df": 3, "chi2_threshold": 11.344866730144373, "N_raw": 54, "N_roi": 54, "N_inlier": 53, "refit": true}
{"timestamp": "15:39:57.044324", "frame": 65, "mu": [-2.1614049540892593, 1.816796380340862, 1.7920088359840534], "Sigma": [[0.028385282491647082, 0.02391103209512137, -0.020636198997070938], [0.02391103209512137, 0.02610473068881474, -0.023626620783904612], [-0.020636198997070934, -0.02362662078390461, 0.025659047276350197]], "chi2_level": 0.99, "chi2_df": 3, "chi2_threshold": 11.344866730144373, "N_raw": 30, "N_roi": 30, "N_inlier": 29, "refit": true}
{"timestamp": "15:39:57.096143", "frame": 66, "mu": [-1.9468422683103623, 2.0870664531187524, -0.04146303227733246], "Sigma": [[0.05140366324039536, 0.04597730800996414, 0.0012293859772193995], [0.04597730800996414, 0.05745011426188916, -0.01136730414440416], [0.0012293859772194013, -0.01136730414440416, 0.05209114555639056]], "chi2_level": 0.99, "chi2_df": 3, "chi2_threshold": 11.344866730144373, "N_raw": 14, "N_roi": 14, "N_inlier": 12, "refit": true}
{"timestamp": "15:39:57.154153", "frame": 67, "mu": [-1.7564687217785555, 2.2781781603620064, 1.4988151611623408], "Sigma": [[0.007231646467800131, 0.003548328141325147, -0.015186752629916665], [0.003548328141325147, 0.007394089069185536, -0.028085360496513737], [-0.015186752629916665, -0.028085360496513733, 0.30644027950305525]], "chi2_level": 0.99, "chi2_df": 3, "chi2_threshold": 11.344866730144373, "N_raw": 27, "N_roi": 27, "N_inlier": 27, "refit": true}
{"timestamp": "15:39:57.208506", "frame": 68, "mu": [-1.771972524384819, 2.386682631480365, 1.6999356054308021], "Sigma": [[0.007223268731216785, 0.003197097490518318, -0.007545388141764386], [0.003197097490518318, 0.005803826216340881, -0.0059515780443376454], [-0.007545388141764387, -0.0059515780443376454, 0.019589827193410916]], "chi2_level": 0.99, "chi2_df": 3, "chi2_threshold": 11.344866730144373, "N_raw": 31, "N_roi": 30, "N_inlier": 28, "refit": true}
{"timestamp": "15:39:57.264835", "frame": 69, "mu": [-1.7843463551762226, 2.587901259113341, -0.08651107441746546], "Sigma": [[0.007426885059871567, 0.0064933486291847455, -0.003483110484317462], [0.0064933486291847455, 0.01838200440272384, -0.028124215361797735], [-0.003483110484317462, -0.02812421536179774, 0.16683053084484364]], "chi2_level": 0.99, "chi2_df": 3, "chi2_threshold": 11.344866730144373, "N_raw": 34, "N_roi": 34, "N_inlier": 33, "refit": true}
{"timestamp": "15:39:57.430522", "frame": 72, "mu": [-1.72305353689319, 2.648339496581338, 1.4607480634040133], "Sigma": [[0.015063097285804742, -0.0006109719612883817, 0.008729009283742888], [-0.0006109719612883819, 0.006667193767055129, -0.015579536257163533], [0.00872900928374289, -0.015579536257163532, 0.12839708186386792]], "chi2_level": 0.99, "chi2_df": 3, "chi2_threshold": 11.344866730144373, "N_raw": 42, "N_roi": 42, "N_inlier": 40, "refit": true}
{"timestamp": "15:39:57.484838", "frame": 73, "mu": [-1.7131630388086954, 2.7178053176318056, 1.391739642558252], "Sigma": [[0.011216901974097635, -0.0014986616071287198, 0.00863351332725663], [-0.0014986616071287198, 0.005426619630588532, -0.016746956695089004], [0.008633513327256629, -0.016746956695089, 0.16776455616650274]], "chi2_level": 0.99, "chi2_df": 3, "chi2_threshold": 11.344866730144373, "N_raw": 35, "N_roi": 35, "N_inlier": 35, "refit": true}
{"timestamp": "15:39:57.539741", "frame": 74, "mu": [-1.6817494434933016, 2.7757257690794073, 1.4824760983140903], "Sigma": [[0.011708380870326445, 0.002831130148319768, -0.013747367465905144], [0.002831130148319768, 0.004409124578869448, -0.004328923388106882], [-0.013747367465905144, -0.004328923388106883, 0.01886024022481305]], "chi2_level": 0.99, "chi2_df": 3, "chi2_threshold": 11.344866730144373, "N_raw": 40, "N_roi": 40, "N_inlier": 36, "refit": true}
{"timestamp": "15:39:57.595693", "frame": 75, "mu": [-1.6744651733528892, 2.859172591116952, 1.1887753046771354], "Sigma": [[0.016999577652648583, 0.006147910872515204, -0.009050246700644554], [0.006147910872515204, 0.004080634737463471, -0.006714943909906462], [-0.009050246700644554, -0.006714943909906462, 0.013246342607845294]], "chi2_level": 0.99, "chi2_df": 3, "chi2_threshold": 11.344866730144373, "N_raw": 43, "N_roi": 41, "N_inlier": 41, "refit": true}
{"timestamp": "15:39:57.651438", "frame": 76, "mu": [-1.5532311033468065, 2.937186702624258, 1.2737024874589007], "Sigma": [[0.010316505172285054, 0.0015038367739834283, -0.008094355654408778], [0.001503836773983428, 0.0035275616246926568, -0.007824734931453716], [-0.008094355654408778, -0.007824734931453716, 0.04329121668724179]], "chi2_level": 0.99, "chi2_df": 3, "chi2_threshold": 11.344866730144373, "N_raw": 50, "N_roi": 49, "N_inlier": 49, "refit": true}
{"timestamp": "15:39:57.710686", "frame": 77, "mu": [-1.5435815078192077, 3.058931743542496, 0.18462419188638654], "Sigma": [[0.013749906243826293, 0.0053239067616809325, -0.008879936075470588], [0.0053239067616809325, 0.009351006132402187, -0.0065497815161836975], [-0.008879936075470588, -0.006549781516183697, 0.010534272830902443]], "chi2_level": 0.99, "chi2_df": 3, "chi2_threshold": 11.344866730144373, "N_raw": 55, "N_roi": 55, "N_inlier": 51, "refit": true}
{"timestamp": "15:39:57.756397", "frame": 78, "mu": [-1.532876099081533, 3.033118763738914, 1.1840431649179772], "Sigma": [[0.03873016716310722, 0.0029672728420266884, 0.061301642613851404], [0.0029672728420266884, 0.00329902233251021, 0.0072250378714258014], [0.061301642613851404, 0.007225037871425799, 0.11818127137362083]], "chi2_level": 0.99, "chi2_df": 3, "chi2_threshold": 11.344866730144373, "N_raw": 16, "N_roi": 16, "N_inlier": 16, "refit": true}
{"timestamp": "15:39:57.865443", "frame": 80, "mu": [-1.4603761701678433, 3.169629348521319, 1.1348988802452191], "Sigma": [[0.03333659072384218, -0.0093331323341744, 0.07466309978647485], [-0.0093331323341744, 0.0049037903446590364, -0.01975826733348112], [0.07466309978647485, -0.019758267333481117, 0.18336173388924842]], "chi2_level": 0.99, "chi2_df": 3, "chi2_threshold": 11.344866730144373, "N_raw": 11, "N_roi": 10, "N_inlier": 10, "refit": true}
{"timestamp": "15:39:57.920552", "frame": 81, "mu": [-1.348813285165563, 3.205244086223316, 1.14055236705143], "Sigma": [[0.014478013787113303, -0.006379776761371634, 0.03477273729211622], [-0.006379776761371633, 0.00709521910946297, -0.029523375481154596], [0.03477273729211622, -0.029523375481154596, 0.13946218643051336]], "chi2_level": 0.99, "chi2_df": 3, "chi2_threshold": 11.344866730144373, "N_raw": 18, "N_roi": 16, "N_inlier": 15, "refit": true}
{"timestamp": "15:39:57.976186", "frame": 82, "mu": [-1.3139747976354772, 3.3015794322907506, 0.8585189896104836], "Sigma": [[0.030720202463733238, -0.003538305499028024, 0.053864729326759495], [-0.003538305499028024, 0.0029508699543364858, -0.01781534942621999], [0.053864729326759495, -0.01781534942621999, 0.17995624557258236]], "chi2_level": 0.99, "chi2_df": 3, "chi2_threshold": 11.344866730144373, "N_raw": 11, "N_roi": 11, "N_inlier": 11, "refit": true}
{"timestamp": "15:39:58.254619", "frame": 87, "mu": [-0.976366704089907, 3.5208689485954827, 1.293543201566209], "Sigma": [[0.011787827572869896, 0.001645885417192229, -0.0012432856854046501], [0.0016458854171922293, 0.0008635373833286877, -0.00361426066433612], [-0.00124328568540465, -0.00361426066433612, 0.02945876371159827]], "chi2_level": 0.99, "chi2_df": 3, "chi2_threshold": 11.344866730144373, "N_raw": 36, "N_roi": 36, "N_inlier": 33, "refit": true}
{"timestamp": "15:39:58.307287", "frame": 88, "mu": [-0.9295469471566715, 3.624622007766122, 0.48202727773226167], "Sigma": [[0.011740069402890936, 0.011978857970708004, 0.0336318592249547], [0.011978857970708006, 0.029636804650962727, -0.02472686898245081], [0.0336318592249547, -0.024726868982450807, 0.4275927416757522]], "chi2_level": 0.99, "chi2_df": 3, "chi2_threshold": 11.344866730144373, "N_raw": 12, "N_roi": 10, "N_inlier": 10, "refit": true}
{"timestamp": "15:39:58.362514", "frame": 89, "mu": [-0.8676623831292077, 3.861433653505259, -0.5065165733151097], "Sigma": [[0.006094504576099447, 0.0016249728947992554, 0.006675142649829899], [0.0016249728947992552, 0.040397258535104216, -0.10336599737229046], [0.006675142649829899, -0.10336599737229048, 0.3173734132385027]], "chi2_level": 0.99, "chi2_df": 3, "chi2_threshold": 11.344866730144373, "N_raw": 19, "N_roi": 18, "N_inlier": 18, "refit": true}
{"timestamp": "15:39:58.420515", "frame": 90, "mu": [-0.7083429390699235, 3.6007034472202992, 1.3422721647598472], "Sigma": [[0.014096146016371151, 0.0006223540941236558, -0.0025304877709164428], [0.0006223540941236558, 0.002784948404412439, -0.0013494972831120822], [-0.0025304877709164428, -0.0013494972831120822, 0.02364315899288251]], "chi2_level": 0.99, "chi2_df": 3, "chi2_threshold": 11.344866730144373, "N_raw": 41, "N_roi": 38, "N_inlier": 35, "refit": true}
{"timestamp": "15:39:58.475424", "frame": 91, "mu": [-0.6898275225498961, 3.6415766021473206, 1.1943309477953228], "Sigma": [[0.016965036067394624, 0.001603671655961428, 0.0006434738613281669], [0.001603671655961428, 0.001878778709177596, -0.010605909646413917], [0.0006434738613281662, -0.010605909646413916, 0.16802054100702488]], "chi2_level": 0.99, "chi2_df": 3, "chi2_threshold": 11.344866730144373, "N_raw": 38, "N_roi": 32, "N_inlier": 31, "refit": true}
{"timestamp": "15:39:58.529216", "frame": 92, "mu": [-0.6280652054548324, 3.715854598919264, 0.6916025975374767], "Sigma": [[0.006807291789615046, -0.00036660229119161146, 0.036554990463973036], [-0.00036660229119161146, 0.013399035093718785, -0.05357733646295063], [0.036554990463973036, -0.053577336462950625, 0.42920499079507385]], "chi2_level": 0.99, "chi2_df": 3, "chi2_threshold": 11.344866730144373, "N_raw": 16, "N_roi": 11, "N_inlier": 11, "refit": true}
{"timestamp": "15:39:58.583541", "frame": 93, "mu": [-0.5225483661800576, 3.671726610164161, 1.012242604789837], "Sigma": [[0.006590506720842519, 0.0001161089446173382, 0.011066390113011085], [0.00011610894461733815, 0.005850497150181092, -0.03914489249356812], [0.011066390113011085, -0.03914489249356812, 0.3710170543869005]], "chi2_level": 0.99, "chi2_df": 3, "chi2_threshold": 11.344866730144373, "N_raw": 30, "N_roi": 15, "N_inlier": 15, "refit": true}
