{"timestamp": "15:29:09.492766", "frame": 4, "mu": [-2.0854625952908483, 4.950066196912113, 0.7824162758552505], "Sigma": [[0.034907548545407396, 0.002560378854859014, -0.007525311388523938], [0.0025603788548590137, 0.0008868445277766452, -0.004345372578428333], [-0.007525311388523938, -0.004345372578428333, 0.037417240463868455]], "chi2_level": 0.99, "chi2_df": 3, "chi2_threshold": 11.344866730144373, "N_raw": 44, "N_roi": 31, "N_inlier": 31, "refit": true}
{"timestamp": "15:29:09.547915", "frame": 5, "mu": [-1.9556934831017045, 4.942928574444373, 0.8147541911173334], "Sigma": [[0.027345623584435867, 0.003487442516128405, -0.017062186582099674], [0.003487442516128405, 0.00106164628768492, -0.0026444688542314795], [-0.017062186582099674, -0.002644468854231479, 0.01481955343145671]], "chi2_level": 0.99, "chi2_df": 3, "chi2_threshold": 11.344866730144373, "N_raw": 27, "N_roi": 16, "N_inlier": 15, "refit": true}
{"timestamp": "15:29:09.602265", "frame": 6, "mu": [-2.152996356828429, 4.922747008573621, 0.919670626771797], "Sigma": [[0.027987469867796974, 0.0036800417619941637, 0.004908098003475582], [0.003680041761994164, 0.0019568193828852073, -0.00245970330295429], [0.004908098003475582, -0.00245970330295429, 0.012447049374783383]], "chi2_level": 0.99, "chi2_df": 3, "chi2_threshold": 11.344866730144373, "N_raw": 27, "N_roi": 26, "N_inlier": 26, "refit": true}
{"timestamp": "15:29:09.717159", "frame": 8, "mu": [-1.9276762276112658, 4.8258567631856195, 0.856296723240018], "Sigma": [[0.03516985897511468, 0.00820964033195246, -0.0015158214759994023], [0.00820964033195246, 0.003613820582755043, -0.00020646005167015806], [-0.0015158214759994032, -0.0002064600516701585, 0.05661396589864723]], "chi2_level": 0.99, "chi2_df": 3, "chi2_threshold": 11.344866730144373, "N_raw": 44, "N_roi": 44, "N_inlier": 42, "refit": true}
{"timestamp": "15:29:09.770349", "frame": 9, "mu": [-1.9711183581654308, 4.729605479619401, 0.768257576985333], "Sigma": [[0.03564074597413773, 0.007259960346800688, -0.015745364488739123], [0.00725996034680069, 0.0030190655221688434, -0.008630892188110546], [-0.01574536448873912, -0.008630892188110544, 0.039155320997455514]], "chi2_level": 0.99, "chi2_df": 3, "chi2_threshold": 11.344866730144373, "N_raw": 49, "N_roi": 49, "N_inlier": 48, "refit": true}
{"timestamp": "15:29:09.825266", "frame": 10, "mu": [-1.8061240791243292, 4.675603918878561, 0.5608224305523971], "Sigma": [[0.038792331023598386, 0.006114216160880403, -0.015066405513383122], [0.006114216160880402, 0.003634956986571929, -0.004809161043414232], [-0.015066405513383122, -0.004809161043414231, 0.0118084022723976]], "chi2_level": 0.99, "chi2_df": 3, "chi2_threshold": 11.344866730144373, "N_raw": 46, "N_roi": 46, "N_inlier": 45, "refit": true}
{"timestamp": "15:29:09.879462", "frame": 11, "mu": [-1.7994145801696835, 4.590567159419666, 0.5912295472414908], "Sigma": [[0.02896871546628135, 0.004110403122509352, -0.018470081288627038], [0.004110403122509352, 0.0012651775653230116, -0.005541714895716926], [-0.018470081288627038, -0.005541714895716926, 0.03904999327838294]], "chi2_level": 0.99, "chi2_df": 3, "chi2_threshold": 11.344866730144373, "N_raw": 41, "N_roi": 39, "N_inlier": 39, "refit": true}
{"timestamp": "15:29:09.933552", "frame": 12, "mu": [-1.969896610594764, 4.505514055077634, 0.46089122666220433], "Sigma": [[0.023467484295338962, 0.0036710114783101745, -0.006663744597117964], [0.0036710114783101745, 0.0012980056657009127, -0.0035771721996335605], [-0.006663744597117963, -0.00357717219963356, 0.024763159358115787]], "chi2_level": 0.99, "chi2_df": 3, "chi2_threshold": 11.344866730144373, "N_raw": 35, "N_roi": 34, "N_inlier": 33, "refit": true}
{"timestamp": "15:29:09.986137", "frame": 13, "mu": [-1.9434653170921052, 4.459663246919856, 0.6676067430420219], "Sigma": [[0.014613170506343576, 0.0022671062253940607, -0.006356681408064739], [0.0022671062253940603, 0.0011011565984118384, -0.003773103477118594], [-0.006356681408064739, -0.0037731034771185945, 0.02089785357860867]], "chi2_level": 0.99, "chi2_df": 3, "chi2_threshold": 11.344866730144373, "N_raw": 24, "N_roi": 23, "N_inlier": 23, "refit": true}
{"timestamp": "15:29:10.042372", "frame": 14, "mu": [-2.023514505932293, 4.387149110047869, 0.4759471955010052], "Sigma": [[0.035502353582721274, 0.0017641802961694626, -0.01555214251727657], [0.0017641802961694628, 0.0012308470039140073, -0.00170367951707042], [-0.01555214251727657, -0.00170367951707042, 0.010246117603913458]], "chi2_level": 0.99, "chi2_df": 3, "chi2_threshold": 11.344866730144373, "N_raw": 29, "N_roi": 27, "N_inlier": 26, "refit": true}
{"timestamp": "15:29:10.317580", "frame": 19, "mu": [-1.823534179967105, 3.702435076588056, 0.05202607141375524], "Sigma": [[0.018143587769291876, -0.004399863423427533, -0.02006082167669919], [-0.004399863423427533, 0.0025104559322260737, 0.004143269227905148], [-0.02006082167669919, 0.004143269227905148, 0.026538323977962165]], "chi2_level": 0.99, "chi2_df": 3, "chi2_threshold": 11.344866730144373, "N_raw": 28, "N_roi": 28, "N_inlier": 27, "refit": true}
{"timestamp": "15:29:10.370647", "frame": 20, "mu": [-1.833961077008757, 3.70243574504619, 0.3100340223521365], "Sigma": [[0.00790641830541708, -0.0012615300551091348, -0.011791758516902978], [-0.0012615300551091346, 0.0021034275228895742, 0.005504105533628402], [-0.011791758516902978, 0.005504105533628403, 0.07941462216720782]], "chi2_level": 0.99, "chi2_df": 3, "chi2_threshold": 11.344866730144373, "N_raw": 11, "N_roi": 11, "N_inlier": 11, "refit": true}
{"timestamp": "15:29:10.428262", "frame": 21, "mu": [-1.870395803839478, 3.8926452979963084, -0.2680738508880848], "Sigma": [[0.020998427909950337, 0.007224916753308726, -0.017284155447758656], [0.007224916753308726, 0.005111085930073564, -0.011434581353393912], [-0.017284155447758656, -0.011434581353393912, 0.02969711563004919]], "chi2_level": 0.99, "chi2_df": 3, "chi2_threshold": 11.344866730144373, "N_raw": 31, "N_roi": 29, "N_inlier": 28, "refit": true}
{"timestamp": "15:29:10.485422", "frame": 22, "mu": [-1.9149026106094704, 3.6048204098936343, 0.882394927932498], "Sigma": [[0.026515458921790663, 0.006056039002127679, -0.017009113942492243], [0.006056039002127679, 0.003524921824457795, -0.007161613824649939], [-0.017009113942492243, -0.007161613824649939, 0.021566650489809262]], "chi2_level": 0.99, "chi2_df": 3, "chi2_threshold": 11.344866730144373, "N_raw": 45, "N_roi": 45, "N_inlier": 43, "refit": true}
{"timestamp": "15:29:10.539716", "frame": 23, "mu": [-1.9005854030997373, 3.525732817139747, 0.7474508364076989], "Sigma": [[0.017458749590523653, 0.002361361041173401, -0.008215930592023605], [0.002361361041173401, 0.001876207048891462, -0.0022824039305404387], [-0.008215930592023605, -0.0022824039305404387, 0.047991081038424185]], "chi2_level": 0.99, "chi2_df": 3, "chi2_threshold": 11.344866730144373, "N_raw": 45, "N_roi": 43, "N_inlier": 43, "refit": true}
{"timestamp": "15:29:10.590809", "frame": 24, "mu": [-1.8877406419423168, 3.4380213251626595, 0.7610500034600169], "Sigma": [[0.011986965397308322, -0.0023424080593818074, 0.007708292666595874], [-0.002342408059381807, 0.0032447091098283124, -0.007601194902165261], [0.007708292666595874, -0.007601194902165261, 0.034876616504735516]], "chi2_level": 0.99, "chi2_df": 3, "chi2_threshold": 11.344866730144373, "N_raw": 10, "N_roi": 10, "N_inlier": 10, "refit": true}
{"timestamp": "15:29:10.648553", "frame": 25, "mu": [-1.843587507394534, 3.347923055182021, 0.6939644942756801], "Sigma": [[0.02071429367384327, 0.00017238577164936116, -0.012430314306306964], [0.00017238577164936119, 0.00025142279491051963, 2.780859845934228e-05], [-0.012430314306306964, 2.7808598459342198e-05, 0.027040694943602662]], "chi2_level": 0.99, "chi2_df": 3, "chi2_threshold": 11.344866730144373, "N_raw": 33, "N_roi": 32, "N_inlier": 31, "refit": true}
{"timestamp": "15:29:10.702298", "frame": 26, "mu": [-1.8737580604854482, 3.2323456205057686, 0.8513907801591727], "Sigma": [[0.013993189880949393, -0.0017616749870035548, -0.006534222673778265], [-0.0017616749870035548, 0.00223058680493227, -0.0030270529726245414], [-0.006534222673778265, -0.0030270529726245414, 0.01589163508510861]], "chi2_level": 0.99, "chi2_df": 3, "chi2_threshold": 11.344866730144373, "N_raw": 27, "N_roi": 25, "N_inlier": 23, "refit": true}
{"timestamp": "15:29:10.759601", "frame": 27, "mu": [-1.7746305051074067, 3.1614434856726117, 0.8211771112057584], "Sigma": [[0.014207723532180456, 0.0015546016665062435, -0.009851211836007413], [0.0015546016665062435, 0.003421060389750339, -0.004222132247153323], [-0.009851211836007413, -0.004222132247153323, 0.012559886476363132]], "chi2_level": 0.99, "chi2_df": 3, "chi2_threshold": 11.344866730144373, "N_raw": 42, "N_roi": 42, "N_inlier": 40, "refit": true}
{"timestamp": "15:29:10.815443", "frame": 28, "mu": [-1.8440450811050433, 3.0304357056907216, 0.7808118509638177], "Sigma": [[0.018698535921020935, 0.001990523118729777, -0.0037126944638628135], [0.001990523118729778, 0.003561445474021003, 0.005136534377521264], [-0.003712694463862813, 0.005136534377521264, 0.06235281065511049]], "chi2_level": 0.99, "chi2_df": 3, "chi2_threshold": 11.344866730144373, "N_raw": 48, "N_roi": 47, "N_inlier": 46, "refit": true}
{"timestamp": "15:29:10.867445", "frame": 29, "mu": [-1.7644567869636307, 2.938284493982131, 0.7830589586322745], "Sigma": [[0.010599525229678995, 0.0004585362808793246, -0.007656922685263294], [0.00045853628087932485, 0.0011825819000256313, 0.0006913857696506909], [-0.007656922685263294, 0.0006913857696506909, 0.022679540160237974]], "chi2_level": 0.99, "chi2_df": 3, "chi2_threshold": 11.344866730144373, "N_raw": 26, "N_roi": 23, "N_inlier": 22, "refit": true}
{"timestamp": "15:29:10.926394", "frame": 30, "mu": [-1.8600815048647519, 2.784960482244323, 0.5221065998915785], "Sigma": [[0.03753578911224587, 0.008875913374309981, 0.010321644187085593], [0.008875913374309981, 0.003227865411023376, 0.0010799952733453072], [0.010321644187085593, 0.0010799952733453074, 0.03025784102501963]], "chi2_level": 0.99, "chi2_df": 3, "chi2_threshold": 11.344866730144373, "N_raw": 53, "N_roi": 51, "N_inlier": 49, "refit": true}
{"timestamp": "15:29:10.976680", "frame": 31, "mu": [-1.9216054476255446, 2.688759919113115, 0.6399215399392568], "Sigma": [[0.006969975497082278, 0.0017434660479958655, 0.003093293111324109], [0.0017434660479958655, 0.0012591764601791267, -0.0022930040596711694], [0.0030932931113241083, -0.00229300405967117, 0.028628780143281504]], "chi2_level": 0.99, "chi2_df": 3, "chi2_threshold": 11.344866730144373, "N_raw": 17, "N_roi": 17, "N_inlier": 16, "refit": true}
{"timestamp": "15:29:11.034294", "frame": 32, "mu": [-1.7919113483777434, 2.6893774096271246, 0.9055099022851605], "Sigma": [[0.013397640310106878, 0.002843232581203326, -0.00883536964676163], [0.0028432325812033257, 0.0018652210457151487, -0.004221399909852689], [-0.008835369646761628, -0.004221399909852689, 0.015893430928391915]], "chi2_level": 0.99, "chi2_df": 3, "chi2_threshold": 11.344866730144373, "N_raw": 38, "N_roi": 38, "N_inlier": 35, "refit": true}
{"timestamp": "15:29:11.086010", "frame": 33, "mu": [-1.8156121598139803, 2.5485081199956587, 0.5841172008773179], "Sigma": [[0.01991803641200984, -0.001664332460767891, -0.04588947199230854], [-0.0016643324607678908, 0.002937056180708855, 0.009774899144322462], [-0.04588947199230854, 0.009774899144322464, 0.274813798109814]], "chi2_level": 0.99, "chi2_df": 3, "chi2_threshold": 11.344866730144373, "N_raw": 15, "N_roi": 15, "N_inlier": 15, "refit": true}
{"timestamp": "15:29:11.144208", "frame": 34, "mu": [-1.839002046663303, 2.4285262171582422, 0.9948822347594418], "Sigma": [[0.008145621027400754, 0.00273331936909018, -0.008374902683158304], [0.00273331936909018, 0.003251767844219192, -0.00746183920171271], [-0.008374902683158304, -0.00746183920171271, 0.031363692280697186]], "chi2_level": 0.99, "chi2_df": 3, "chi2_threshold": 11.344866730144373, "N_raw": 39, "N_roi": 39, "N_inlier": 36, "refit": true}
{"timestamp": "15:29:11.198248", "frame": 35, "mu": [-1.9522844461248292, 2.252345321368273, 1.2213410743246238], "Sigma": [[0.029014074401760348, 0.01655433962962756, -0.02447981521397704], [0.01655433962962756, 0.012177612963763513, -0.018069045291736675], [-0.024479815213977043, -0.018069045291736675, 0.04667314768201014]], "chi2_level": 0.99, "chi2_df": 3, "chi2_threshold": 11.344866730144373, "N_raw": 33, "N_roi": 29, "N_inlier": 28, "refit": true}
{"timestamp": "15:29:11.365030", "frame": 38, "mu": [-1.8832200280621552, 2.1016036236047753, -0.3467430646851127], "Sigma": [[0.01754443485322664, 0.018942802718744496, -0.010053593220614387], [0.018942802718744496, 0.03034378314708238, -0.019447193609698175], [-0.01005359322061439, -0.019447193609698175, 0.015000857740700506]], "chi2_level": 0.99, "chi2_df": 3, "chi2_threshold": 11.344866730144373, "N_raw": 39, "N_roi": 38, "N_inlier": 36, "refit": true}
{"timestamp": "15:29:11.418009", "frame": 39, "mu": [-1.8009320788662966, 1.8559251366474478, 1.006725346321738], "Sigma": [[0.029698436029074814, 0.015617110536241305, -0.020846993510901163], [0.015617110536241305, 0.010885358553013676, -0.01423080513150119], [-0.020846993510901163, -0.01423080513150119, 0.021243512589975776]], "chi2_level": 0.99, "chi2_df": 3, "chi2_threshold": 11.344866730144373, "N_raw": 34, "N_roi": 34, "N_inlier": 32, "refit": true}
{"timestamp": "15:29:11.472978", "frame": 40, "mu": [-1.8667263530476457, 1.7299425566973177, 0.9379415541687096], "Sigma": [[0.021809815224783348, 0.010335466571604453, -0.02362120300063653], [0.010335466571604453, 0.008327931710297677, -0.013519780574815773], [-0.02362120300063653, -0.013519780574815775, 0.030488832206781225]], "chi2_level": 0.99, "chi2_df": 3, "chi2_threshold": 11.344866730144373, "N_raw": 35, "N_roi": 35, "N_inlier": 33, "refit": true}
{"timestamp": "15:29:11.526135", "frame": 41, "mu": [-1.955650682125992, 1.5686112471084537, 1.0213942453981835], "Sigma": [[0.029277643496739423, 0.01609321580902203, -0.0130689493345678], [0.01609321580902203, 0.014608125308601986, -0.01734582584792216], [-0.0130689493345678, -0.01734582584792216, 0.02639497787057076]], "chi2_level": 0.99, "chi2_df": 3, "chi2_threshold": 11.344866730144373, "N_raw": 17, "N_roi": 17, "N_inlier": 17, "refit": true}
{"timestamp": "15:29:11.587267", "frame": 42, "mu": [-2.0013617753406616, 1.394513622886266, 1.258092624028806], "Sigma": [[0.026412398737382277, 0.017053559040208627, -0.003164563328586864], [0.017053559040208627, 0.01998632250991917, -0.017443520239043213], [-0.0031645633285868648, -0.017443520239043213, 0.06698269976738393]], "chi2_level": 0.99, "chi2_df": 3, "chi2_threshold": 11.344866730144373, "N_raw": 62, "N_roi": 62, "N_inlier": 62, "refit": true}
{"timestamp": "15:29:11.647345", "frame": 43, "mu": [-2.026828536358306, 1.2892075544394754, 0.9754329354451298], "Sigma": [[0.021997404442954026, 0.010077549362791312, 0.01554384975946906], [0.010077549362791312, 0.009485996038912562, -0.012131960654379305], [0.015543849759469062, -0.012131960654379305, 0.12193080487676053]], "chi2_level": 0.99, "chi2_df": 3, "chi2_threshold": 11.344866730144373, "N_raw": 93, "N_roi": 93, "N_inlier": 92, "refit": true}
{"timestamp": "15:29:11.706461", "frame": 44, "mu": [-1.9576409507474584, 1.1651842564915327, 1.052548497519839], "Sigma": [[0.014488852628963505, 0.006857043743571229, 0.015256030602021403], [0.006857043743571229, 0.0158664777420016, -0.007888801968451174], [0.015256030602021403, -0.007888801968451174, 0.08050481357377084]], "chi2_level": 0.99, "chi2_df": 3, "chi2_threshold": 11.344866730144373, "N_raw": 112, "N_roi": 112, "N_inlier": 111, "refit": true}
{"timestamp": "15:29:11.756996", "frame": 45, "mu": [-1.8919643607216077, 1.0403290541103347, 1.1324653832799303], "Sigma": [[0.013683657875877544, 0.008320908314167553, 0.005560851714049545], [0.008320908314167553, 0.01112139820124162, -0.009485585542279254], [0.0055608517140495455, -0.009485585542279254, 0.04161230544924123]], "chi2_level": 0.99, "chi2_df": 3, "chi2_threshold": 11.344866730144373, "N_raw": 82, "N_roi": 82, "N_inlier": 78, "refit": true}
{"timestamp": "15:29:11.811898", "frame": 46, "mu": [-1.873683202868193, 0.9566713658892163, 1.1912719590428216], "Sigma": [[0.010110074202871256, 0.005688813869769237, 0.0013979534133051175], [0.005688813869769237, 0.012990091569637615, -0.01198430178907917], [0.0013979534133051173, -0.01198430178907917, 0.030577114219829067]], "chi2_level": 0.99, "chi2_df": 3, "chi2_threshold": 11.344866730144373, "N_raw": 81, "N_roi": 81, "N_inlier": 76, "refit": true}
{"timestamp": "15:29:11.859397", "frame": 47, "mu": [-1.876155085362469, 0.9929382168628831, 1.235164192397732], "Sigma": [[0.0071689299751672335, 0.002207979724680521, -0.0042946629512611925], [0.002207979724680521, 0.0037297312489162305, -0.005172196235903295], [-0.0042946629512611925, -0.005172196235903295, 0.009336956260916516]], "chi2_level": 0.99, "chi2_df": 3, "chi2_threshold": 11.344866730144373, "N_raw": 36, "N_roi": 36, "N_inlier": 35, "refit": true}
{"timestamp": "15:29:11.915190", "frame": 48, "mu": [-1.802896972481635, 0.7464637687309553, 1.151016015934915], "Sigma": [[0.005783705440308868, 0.005164084543327357, 0.0003841612730679412], [0.005164084543327356, 0.007109893538907686, -0.005418624673447438], [0.00038416127306794103, -0.005418624673447439, 0.0224552144210289]], "chi2_level": 0.99, "chi2_df": 3, "chi2_threshold": 11.344866730144373, "N_raw": 51, "N_roi": 51, "N_inlier": 51, "refit": true}
{"timestamp": "15:29:11.970362", "frame": 49, "mu": [-1.7954150991190592, 0.7437379193785146, 1.2372275055527633], "Sigma": [[0.008130412799445907, 0.004385169277001004, -0.002089448796333781], [0.004385169277001004, 0.008487689887344349, -0.007626504272380777], [-0.002089448796333781, -0.007626504272380778, 0.011308101966449808]], "chi2_level": 0.99, "chi2_df": 3, "chi2_threshold": 11.344866730144373, "N_raw": 53, "N_roi": 53, "N_inlier": 53, "refit": true}
{"timestamp": "15:29:12.023072", "frame": 50, "mu": [-1.7599171133028952, 0.6582455144910527, 1.2209014823139221], "Sigma": [[0.004831519052330612, 0.004574447032789913, -0.0009555629235257878], [0.004574447032789913, 0.01018569484800346, -0.00622392140555423], [-0.0009555629235257878, -0.00622392140555423, 0.008015598963246556]], "chi2_level": 0.99, "chi2_df": 3, "chi2_threshold": 11.344866730144373, "N_raw": 40, "N_roi": 40, "N_inlier": 40, "refit": true}
{"timestamp": "15:29:12.079209", "frame": 51, "mu": [-1.753916199662443, 0.6268402558848097, 1.1946723893945805], "Sigma": [[0.006005277949914378, 0.005666087514473138, -7.643465555040775e-05], [0.005666087514473138, 0.009137191189063918, -0.0053562301676926185], [-7.643465555040775e-05, -0.0053562301676926185, 0.011304159854968672]], "chi2_level": 0.99, "chi2_df": 3, "chi2_threshold": 11.344866730144373, "N_raw": 39, "N_roi": 39, "N_inlier": 39, "refit": true}
{"timestamp": "15:29:12.131741", "frame": 52, "mu": [-1.0976948287612667, 0.49263601335892593, 0.9519106737099454], "Sigma": [[2.099634228439999, -0.06905183362462483, -0.010421484247847185], [-0.06905183362462482, 0.011666564389389818, 0.0032560330523673047], [-0.010421484247847184, 0.0032560330523673043, 0.01024135949249714]], "chi2_level": 0.99, "chi2_df": 3, "chi2_threshold": 11.344866730144373, "N_raw": 25, "N_roi": 25, "N_inlier": 25, "refit": true}
{"timestamp": "15:29:12.185296", "frame": 53, "mu": [-0.9330373614060996, 0.49370342005392176, 0.9927762550382666], "Sigma": [[2.2226376233996388, -0.04780241249144368, 0.02596502722140058], [-0.04780241249144369, 0.017123923143446615, 0.008312908266235548], [0.025965027221400573, 0.008312908266235548, 0.010986118513473132]], "chi2_level": 0.99, "chi2_df": 3, "chi2_threshold": 11.344866730144373, "N_raw": 15, "N_roi": 15, "N_inlier": 15, "refit": true}
{"timestamp": "15:29:12.240348", "frame": 54, "mu": [-0.34036861949718195, 0.3769055764854171, 0.8691381955640138], "Sigma": [[2.865487787563385, 0.005445653106124569, -0.053132880978898754], [0.005445653106124566, 0.009526176162793708, 0.0033853462826762245], [-0.05313288097889876, 0.0033853462826762245, 0.006341717168455381]], "chi2_level": 0.99, "chi2_df": 3, "chi2_threshold": 11.344866730144373, "N_raw": 15, "N_roi": 15, "N_inlier": 15, "refit": true}
