{"timestamp": "15:06:21.850913", "frame": 12, "mu": [-2.2348722770055325, 4.960389607289988, 1.4251000298651388], "Sigma": [[0.01413404934181021, 0.0008060690715866077, -0.008511860382144444], [0.0008060690715866077, 0.0006254356486087693, -0.0017694856512489082], [-0.008511860382144444, -0.0017694856512489082, 0.010868806751915575]], "chi2_level": 0.95, "chi2_df": 3, "chi2_threshold": 7.814727903251179, "N_raw": 49, "N_roi": 12, "N_inlier": 12, "refit": true}
{"timestamp": "15:06:21.906732", "frame": 13, "mu": [-2.1996149771216205, 4.951433587590231, 1.2410299781078322], "Sigma": [[0.012435969679241885, 0.000763782476208111, -0.005859111188627416], [0.0007637824762081109, 0.0008292331778867548, -0.001136378164091688], [-0.005859111188627416, -0.0011363781640916883, 0.006408286064937946]], "chi2_level": 0.95, "chi2_df": 3, "chi2_threshold": 7.814727903251179, "N_raw": 46, "N_roi": 14, "N_inlier": 14, "refit": true}
{"timestamp": "15:06:21.961234", "frame": 14, "mu": [-2.2140152622177283, 4.94038975897846, 1.2567309183948765], "Sigma": [[0.011599899626569259, 0.0006857195578961504, -0.006498879817172323], [0.0006857195578961504, 0.001237538348307571, -0.0010129718385722003], [-0.006498879817172324, -0.0010129718385722003, 0.00541809711798153]], "chi2_level": 0.95, "chi2_df": 3, "chi2_threshold": 7.814727903251179, "N_raw": 49, "N_roi": 14, "N_inlier": 14, "refit": true}
{"timestamp": "15:06:22.129596", "frame": 17, "mu": [-2.173487388930142, 4.914580866535406, 1.2276895432501234], "Sigma": [[0.03679820317577791, 0.005268512124381973, -0.016486837630610596], [0.005268512124381973, 0.003201344871933122, -0.0029376093444096305], [-0.016486837630610596, -0.00293760934440963, 0.00894575249014338]], "chi2_level": 0.95, "chi2_df": 3, "chi2_threshold": 7.814727903251179, "N_raw": 67, "N_roi": 31, "N_inlier": 29, "refit": true}
{"timestamp": "15:06:22.184954", "frame": 18, "mu": [-2.1893539346566886, 4.910448459516138, 1.1834810272663967], "Sigma": [[0.02894918092073014, 0.0028996613140680654, -0.011880454436912167], [0.0028996613140680654, 0.003003525254703591, -0.0038739806330781988], [-0.011880454436912165, -0.0038739806330781983, 0.009722301764582697]], "chi2_level": 0.95, "chi2_df": 3, "chi2_threshold": 7.814727903251179, "N_raw": 56, "N_roi": 33, "N_inlier": 32, "refit": true}
{"timestamp": "15:06:22.235919", "frame": 19, "mu": [-2.025100279383478, 4.932792431925536, 1.1746683595551333], "Sigma": [[0.010137988563603664, 0.0009102535806647136, -0.00752685823630829], [0.0009102535806647136, 0.0011086407986024515, -0.001076185696623452], [-0.00752685823630829, -0.001076185696623452, 0.009040905969009727]], "chi2_level": 0.95, "chi2_df": 3, "chi2_threshold": 7.814727903251179, "N_raw": 15, "N_roi": 11, "N_inlier": 10, "refit": true}
{"timestamp": "15:06:22.347679", "frame": 21, "mu": [-1.9896835174883138, 4.885774081382284, 1.0085357755806972], "Sigma": [[0.04218765682854714, 0.009902812743469876, -0.03701260218962473], [0.009902812743469876, 0.004753515364715586, -0.011003794944923439], [-0.03701260218962473, -0.011003794944923439, 0.03997216784677092]], "chi2_level": 0.95, "chi2_df": 3, "chi2_threshold": 7.814727903251179, "N_raw": 45, "N_roi": 43, "N_inlier": 42, "refit": true}
{"timestamp": "15:06:22.399655", "frame": 22, "mu": [-2.1416556798948014, 4.941254504132247, 0.14357591878293224], "Sigma": [[0.010569658399170297, 0.001077609179018531, -7.744716062199836e-05], [0.001077609179018531, 0.0009307896794637241, -0.0005638075086667007], [-7.744716062199814e-05, -0.0005638075086667007, 0.0006233690110291373]], "chi2_level": 0.95, "chi2_df": 3, "chi2_threshold": 7.814727903251179, "N_raw": 24, "N_roi": 10, "N_inlier": 9, "refit": true}
{"timestamp": "15:06:22.457342", "frame": 23, "mu": [-1.9069792268407775, 4.816676141931867, 0.8214128605165352], "Sigma": [[0.03221083041173996, 0.008965450483860419, -0.00848107918571764], [0.008965450483860417, 0.00369835445433723, -0.0056705591245010765], [-0.00848107918571764, -0.0056705591245010765, 0.016749189811274393]], "chi2_level": 0.95, "chi2_df": 3, "chi2_threshold": 7.814727903251179, "N_raw": 37, "N_roi": 35, "N_inlier": 35, "refit": true}
{"timestamp": "15:06:22.510618", "frame": 24, "mu": [-1.8936908991332968, 4.776168934576708, 0.5878369232310701], "Sigma": [[0.035027840240610036, 0.001512082023324492, -0.030610795790163004], [0.001512082023324492, 0.002158625956016518, -0.0014293036994650907], [-0.030610795790163004, -0.0014293036994650911, 0.02897799557370993]], "chi2_level": 0.95, "chi2_df": 3, "chi2_threshold": 7.814727903251179, "N_raw": 28, "N_roi": 28, "N_inlier": 27, "refit": true}
{"timestamp": "15:06:22.567144", "frame": 25, "mu": [-1.8123099069452404, 4.776355205742626, 0.8212607148643194], "Sigma": [[0.03522035898366785, 0.009369376219849516, -0.01669864682416875], [0.009369376219849516, 0.004845537870318358, -0.006825181094102862], [-0.01669864682416875, -0.006825181094102862, 0.014639742271627855]], "chi2_level": 0.95, "chi2_df": 3, "chi2_threshold": 7.814727903251179, "N_raw": 41, "N_roi": 39, "N_inlier": 39, "refit": true}
{"timestamp": "15:06:22.621404", "frame": 26, "mu": [-1.8834628880720719, 4.765323309911347, 0.8842431181998482], "Sigma": [[0.037357067324417265, 0.007494141977844849, -0.0016315067958464445], [0.007494141977844848, 0.0034811606176362586, -0.0009143439521890123], [-0.0016315067958464443, -0.0009143439521890125, 0.0003290787079499292]], "chi2_level": 0.95, "chi2_df": 3, "chi2_threshold": 7.814727903251179, "N_raw": 33, "N_roi": 32, "N_inlier": 30, "refit": true}
{"timestamp": "15:06:22.674265", "frame": 27, "mu": [-1.7691042709662481, 4.701717959383839, 0.7169574147362257], "Sigma": [[0.028954111210234668, 0.002820994912370226, -0.0033482225131695716], [0.0028209949123702257, 0.0019597603705245, -0.0010643837940458756], [-0.0033482225131695725, -0.0010643837940458754, 0.006111066031078635]], "chi2_level": 0.95, "chi2_df": 3, "chi2_threshold": 7.814727903251179, "N_raw": 16, "N_roi": 15, "N_inlier": 13, "refit": true}
{"timestamp": "15:06:22.735207", "frame": 28, "mu": [-1.9328585442126536, 4.6185965027966445, 0.7859420668021797], "Sigma": [[0.04328386517172754, 0.005118464121147205, -0.02248591487006849], [0.005118464121147205, 0.0022709055542569634, -0.007000815576154086], [-0.022485914870068492, -0.007000815576154086, 0.03030073716036049]], "chi2_level": 0.95, "chi2_df": 3, "chi2_threshold": 7.814727903251179, "N_raw": 53, "N_roi": 51, "N_inlier": 50, "refit": true}
{"timestamp": "15:06:22.788538", "frame": 29, "mu": [-1.9426232519113278, 4.62177931732841, 0.8493475603700681], "Sigma": [[0.04230918675065398, 0.008184518171335479, -0.0018047152006900786], [0.008184518171335479, 0.003898767212355465, -0.004099537811018466], [-0.001804715200690078, -0.004099537811018466, 0.012899978808803603]], "chi2_level": 0.95, "chi2_df": 3, "chi2_threshold": 7.814727903251179, "N_raw": 50, "N_roi": 49, "N_inlier": 48, "refit": true}
{"timestamp": "15:06:22.844032", "frame": 30, "mu": [-1.996098195052695, 4.589340558318344, 0.9119352299277197], "Sigma": [[0.048646008817454914, 0.006513644494798537, -0.0022711782808690186], [0.006513644494798537, 0.004070184609075675, -0.0031636239753112666], [-0.0022711782808690186, -0.0031636239753112666, 0.0038797738645095694]], "chi2_level": 0.95, "chi2_df": 3, "chi2_threshold": 7.814727903251179, "N_raw": 51, "N_roi": 51, "N_inlier": 49, "refit": true}
{"timestamp": "15:06:22.897873", "frame": 31, "mu": [-1.9128861101037775, 4.674881158242008, 0.03395393561665554], "Sigma": [[0.032490369492635424, 0.012439679468011455, -0.017533011599739502], [0.012439679468011455, 0.008591315060827998, -0.010623341931888387], [-0.0175330115997395, -0.010623341931888387, 0.015632321805512446]], "chi2_level": 0.95, "chi2_df": 3, "chi2_threshold": 7.814727903251179, "N_raw": 39, "N_roi": 39, "N_inlier": 38, "refit": true}
{"timestamp": "15:06:22.953352", "frame": 32, "mu": [-1.886407724089316, 4.484571505101513, 0.7489421532867221], "Sigma": [[0.028932216899826127, 0.007542588554183772, -0.01277144307880102], [0.007542588554183772, 0.004036485752826943, -0.007383927842243363], [-0.01277144307880102, -0.007383927842243362, 0.017763856541247153]], "chi2_level": 0.95, "chi2_df": 3, "chi2_threshold": 7.814727903251179, "N_raw": 45, "N_roi": 44, "N_inlier": 42, "refit": true}
{"timestamp": "15:06:23.004761", "frame": 33, "mu": [-2.039811750381171, 4.636971009027439, -0.37278370349276496], "Sigma": [[0.011606170043802414, 0.0023694431992141, -0.010286666050901293], [0.0023694431992141, 0.003068004431445821, -0.0039415484491275125], [-0.010286666050901293, -0.0039415484491275125, 0.018267921379887753]], "chi2_level": 0.95, "chi2_df": 3, "chi2_threshold": 7.814727903251179, "N_raw": 23, "N_roi": 22, "N_inlier": 19, "refit": true}
{"timestamp": "15:06:23.061883", "frame": 34, "mu": [-1.879395596090026, 4.375701312729145, 0.6566523043985603], "Sigma": [[0.019811046940477667, 0.004543896561386355, 0.005774152362325589], [0.004543896561386355, 0.002854735823753428, 0.01094449163394756], [0.005774152362325589, 0.010944491633947562, 0.09616797212616328]], "chi2_level": 0.95, "chi2_df": 3, "chi2_threshold": 7.814727903251179, "N_raw": 34, "N_roi": 33, "N_inlier": 32, "refit": true}
{"timestamp": "15:06:23.117506", "frame": 35, "mu": [-2.041393794333914, 4.539662507438029, -0.355929076730794], "Sigma": [[0.033704154339474324, 0.00924979608315917, -0.018014486979255236], [0.00924979608315917, 0.005832314814380238, -0.0037741397405390105], [-0.018014486979255236, -0.0037741397405390096, 0.017802955607511516]], "chi2_level": 0.95, "chi2_df": 3, "chi2_threshold": 7.814727903251179, "N_raw": 42, "N_roi": 40, "N_inlier": 38, "refit": true}
{"timestamp": "15:06:23.175996", "frame": 36, "mu": [-1.8980388124277572, 4.275138452678494, 0.6738581796860484], "Sigma": [[0.03775072916638841, 0.006711145888451607, -0.004442302003591539], [0.006711145888451607, 0.003311432626207531, -0.005860406044269535], [-0.004442302003591539, -0.005860406044269535, 0.02369200965547616]], "chi2_level": 0.95, "chi2_df": 3, "chi2_threshold": 7.814727903251179, "N_raw": 64, "N_roi": 62, "N_inlier": 60, "refit": true}
{"timestamp": "15:06:23.233109", "frame": 37, "mu": [-1.8939499800872193, 4.248823618974257, 0.8183683796562997], "Sigma": [[0.03954534156708438, 0.01074677692286799, -0.003923299598699972], [0.01074677692286799, 0.005582387558119176, -0.007936826281298662], [-0.003923299598699972, -0.007936826281298662, 0.024136574011277823]], "chi2_level": 0.95, "chi2_df": 3, "chi2_threshold": 7.814727903251179, "N_raw": 72, "N_roi": 68, "N_inlier": 66, "refit": true}
{"timestamp": "15:06:23.283926", "frame": 38, "mu": [-1.874354332494234, 4.236163939746846, 0.8996187659618634], "Sigma": [[0.04082117762782268, 0.004737645480977125, -0.01218722328444043], [0.004737645480977125, 0.0017531132603450243, -0.004244972492813831], [-0.01218722328444043, -0.004244972492813831, 0.01975482841070249]], "chi2_level": 0.95, "chi2_df": 3, "chi2_threshold": 7.814727903251179, "N_raw": 46, "N_roi": 46, "N_inlier": 43, "refit": true}
{"timestamp": "15:06:23.338101", "frame": 39, "mu": [-1.9327316820564118, 4.162852769419762, 0.9202360645738639], "Sigma": [[0.02953729928795129, 0.004340056492916314, -0.008719503166668165], [0.004340056492916314, 0.0022819538936537835, -0.00756391520953172], [-0.008719503166668169, -0.00756391520953172, 0.03371451915236162]], "chi2_level": 0.95, "chi2_df": 3, "chi2_threshold": 7.814727903251179, "N_raw": 49, "N_roi": 49, "N_inlier": 48, "refit": true}
{"timestamp": "15:06:23.387872", "frame": 40, "mu": [-1.9341719290809314, 4.130242224324559, 0.9603273706509861], "Sigma": [[0.012241698483216872, -0.003916905438541538, 0.005498488074623756], [-0.003916905438541538, 0.0015541643292982215, -0.0014384825945011079], [0.005498488074623756, -0.0014384825945011079, 0.004070845889109977]], "chi2_level": 0.95, "chi2_df": 3, "chi2_threshold": 7.814727903251179, "N_raw": 5, "N_roi": 5, "N_inlier": 5, "refit": true}
{"timestamp": "15:06:23.449771", "frame": 41, "mu": [-1.8825248537556665, 4.05380812350336, 0.9346461847313746], "Sigma": [[0.032900503356115406, 0.0068514278771251175, -0.031186263237840794], [0.0068514278771251175, 0.004222447508497957, -0.01144666933701744], [-0.031186263237840798, -0.01144666933701744, 0.04225640947593397]], "chi2_level": 0.95, "chi2_df": 3, "chi2_threshold": 7.814727903251179, "N_raw": 56, "N_roi": 54, "N_inlier": 52, "refit": true}
{"timestamp": "15:06:23.502537", "frame": 42, "mu": [-1.9924560395953013, 4.040271213175218, 0.9280527585109816], "Sigma": [[0.023884934065910336, 0.0018439158908340905, -0.02466458041810573], [0.0018439158908340905, 0.0023902739356711387, -0.0047266139223538775], [-0.024664580418105726, -0.004726613922353877, 0.03244746275853789]], "chi2_level": 0.95, "chi2_df": 3, "chi2_threshold": 7.814727903251179, "N_raw": 37, "N_roi": 37, "N_inlier": 36, "refit": true}
{"timestamp": "15:06:23.555821", "frame": 43, "mu": [-1.8434271235492967, 4.108521354387636, -0.03164997403167115], "Sigma": [[0.015958938636680336, 0.0050742939024454115, -0.015376987168540142], [0.005074293902445412, 0.0059778035595371105, -0.01333813522202304], [-0.015376987168540142, -0.01333813522202304, 0.03313542820675046]], "chi2_level": 0.95, "chi2_df": 3, "chi2_threshold": 7.814727903251179, "N_raw": 29, "N_roi": 29, "N_inlier": 28, "refit": true}
{"timestamp": "15:06:23.607288", "frame": 44, "mu": [-1.8191863612119716, 3.94571132447533, 0.7860959040195958], "Sigma": [[0.016414001915305898, -0.003869118550068911, 0.0009411924022170899], [-0.0038691185500689105, 0.0010633546651445266, -0.0010921598635168588], [0.0009411924022170895, -0.0010921598635168582, 0.04996358681095401]], "chi2_level": 0.95, "chi2_df": 3, "chi2_threshold": 7.814727903251179, "N_raw": 7, "N_roi": 7, "N_inlier": 6, "refit": true}
{"timestamp": "15:06:23.667317", "frame": 45, "mu": [-1.8378344771989097, 4.025561620364716, -0.10766672848712376], "Sigma": [[0.023880937267123842, 0.012726744708971303, -0.021112066165197133], [0.012726744708971303, 0.011564386925915314, -0.0181821668525771], [-0.021112066165197133, -0.0181821668525771, 0.03348979011419101]], "chi2_level": 0.95, "chi2_df": 3, "chi2_threshold": 7.814727903251179, "N_raw": 45, "N_roi": 45, "N_inlier": 43, "refit": true}
{"timestamp": "15:06:23.724630", "frame": 46, "mu": [-1.8371659412818566, 3.978595103674029, 0.006270798587676581], "Sigma": [[0.03290226804977546, 0.01201054491913716, -0.010116700615965323], [0.01201054491913716, 0.00993443007119555, -0.009094260242623765], [-0.010116700615965323, -0.009094260242623765, 0.011549435258916297]], "chi2_level": 0.95, "chi2_df": 3, "chi2_threshold": 7.814727903251179, "N_raw": 57, "N_roi": 57, "N_inlier": 55, "refit": true}
{"timestamp": "15:06:23.778187", "frame": 47, "mu": [-1.715716569984658, 3.784832566955306, 0.897687174167699], "Sigma": [[0.025453878468833284, 0.005710725310416819, -0.02483469097553423], [0.005710725310416819, 0.002636926395087457, -0.007750470264299886], [-0.02483469097553423, -0.007750470264299887, 0.03139249709679138]], "chi2_level": 0.95, "chi2_df": 3, "chi2_threshold": 7.814727903251179, "N_raw": 39, "N_roi": 38, "N_inlier": 36, "refit": true}
{"timestamp": "15:06:23.827633", "frame": 48, "mu": [-1.820754733246143, 3.7497953391351935, 0.8974417813799411], "Sigma": [[0.008275013165424196, -0.0003503264708938289, 0.008374080753730287], [-0.0003503264708938288, 0.0005774463794446609, -0.004779827614106581], [0.008374080753730287, -0.004779827614106581, 0.05402372333730629]], "chi2_level": 0.95, "chi2_df": 3, "chi2_threshold": 7.814727903251179, "N_raw": 8, "N_roi": 8, "N_inlier": 7, "refit": true}
{"timestamp": "15:06:23.888158", "frame": 49, "mu": [-1.8153909117261056, 3.673187372627286, 0.9900341260972992], "Sigma": [[0.02487089431372715, 0.0030946936009235977, -0.023892159723814633], [0.0030946936009235973, 0.0027753233915272747, -0.0063909587654037234], [-0.023892159723814633, -0.0063909587654037234, 0.030832415150761492]], "chi2_level": 0.95, "chi2_df": 3, "chi2_threshold": 7.814727903251179, "N_raw": 48, "N_roi": 48, "N_inlier": 45, "refit": true}
{"timestamp": "15:06:23.942284", "frame": 50, "mu": [-1.6765224007955897, 3.651680485915551, 0.8511202140937402], "Sigma": [[0.011482366338232181, 0.00038448470883177457, -0.010396771025538296], [0.0003844847088317745, 0.0010543120082094448, -0.0021990195848711055], [-0.010396771025538296, -0.0021990195848711055, 0.019957110007295255]], "chi2_level": 0.95, "chi2_df": 3, "chi2_threshold": 7.814727903251179, "N_raw": 31, "N_roi": 29, "N_inlier": 26, "refit": true}
{"timestamp": "15:06:24.000986", "frame": 51, "mu": [-1.78804887999692, 3.606102316386394, 0.9607754436856172], "Sigma": [[0.027729828619821036, 0.005945975745452674, -0.007300124502380139], [0.0059459757454526745, 0.003599771382473195, -0.007835342048256016], [-0.007300124502380139, -0.007835342048256014, 0.040162861368418845]], "chi2_level": 0.95, "chi2_df": 3, "chi2_threshold": 7.814727903251179, "N_raw": 62, "N_roi": 62, "N_inlier": 61, "refit": true}
{"timestamp": "15:06:24.054886", "frame": 52, "mu": [-1.7466960144251762, 3.5321532645077727, 0.8008928527661003], "Sigma": [[0.021912795092882804, 0.0034015469561287552, -0.006456798058583669], [0.0034015469561287552, 0.001768947835433123, -0.005770021260822963], [-0.006456798058583669, -0.005770021260822963, 0.04397903288747914]], "chi2_level": 0.95, "chi2_df": 3, "chi2_threshold": 7.814727903251179, "N_raw": 60, "N_roi": 60, "N_inlier": 58, "refit": true}
{"timestamp": "15:06:24.109740", "frame": 53, "mu": [-1.8548676846753316, 3.486328081796136, 0.8815554639905928], "Sigma": [[0.02536878137586979, -0.0005510440503388566, 0.0012385933218636664], [-0.0005510440503388567, 0.003125500392490564, -0.006394450850061255], [0.0012385933218636677, -0.006394450850061255, 0.056717043564555536]], "chi2_level": 0.95, "chi2_df": 3, "chi2_threshold": 7.814727903251179, "N_raw": 55, "N_roi": 55, "N_inlier": 53, "refit": true}
{"timestamp": "15:06:24.169598", "frame": 54, "mu": [-1.828332912178448, 3.465160654079216, 0.8948973526599849], "Sigma": [[0.030263480142020432, 0.004281491123875986, -0.002948134962354615], [0.004281491123875986, 0.002584602189243935, -0.0043884925184638195], [-0.002948134962354615, -0.0043884925184638195, 0.07156035367765534]], "chi2_level": 0.95, "chi2_df": 3, "chi2_threshold": 7.814727903251179, "N_raw": 79, "N_roi": 79, "N_inlier": 78, "refit": true}
{"timestamp": "15:06:24.221935", "frame": 55, "mu": [-1.7546760093444853, 3.417153125632941, 0.9058931712164888], "Sigma": [[0.03150837110960621, 0.004319584434221235, 0.006424818339112744], [0.004319584434221235, 0.0040257364914513686, -0.003870557138511782], [0.006424818339112744, -0.003870557138511782, 0.023548382878917456]], "chi2_level": 0.95, "chi2_df": 3, "chi2_threshold": 7.814727903251179, "N_raw": 71, "N_roi": 69, "N_inlier": 68, "refit": true}
{"timestamp": "15:06:24.277772", "frame": 56, "mu": [-1.7661567438558636, 3.3478604106225527, 0.9006529142691789], "Sigma": [[0.02720341937636972, 0.006017265875654061, 0.011367969188267605], [0.006017265875654062, 0.003786023052255956, -0.0003129786389369674], [0.011367969188267605, -0.0003129786389369673, 0.05800481212228841]], "chi2_level": 0.95, "chi2_df": 3, "chi2_threshold": 7.814727903251179, "N_raw": 70, "N_roi": 70, "N_inlier": 69, "refit": true}
{"timestamp": "15:06:24.329906", "frame": 57, "mu": [-1.6445660922714356, 3.2955749549601454, 0.6983341384670898], "Sigma": [[0.017182256367267695, 0.001098208500103472, 0.0033810397847017235], [0.001098208500103472, 0.0025685793381330316, -0.0008468026426192159], [0.0033810397847017235, -0.0008468026426192161, 0.05228850121299335]], "chi2_level": 0.95, "chi2_df": 3, "chi2_threshold": 7.814727903251179, "N_raw": 54, "N_roi": 54, "N_inlier": 53, "refit": true}
{"timestamp": "15:06:24.383728", "frame": 58, "mu": [-1.8610552123489326, 3.203092863542671, 0.8878937867153873], "Sigma": [[0.01938228818012646, 0.0051999300254905205, -0.009508512575783942], [0.0051999300254905205, 0.0031668149430493907, -0.007226917097049677], [-0.009508512575783942, -0.007226917097049677, 0.026577502309986088]], "chi2_level": 0.95, "chi2_df": 3, "chi2_threshold": 7.814727903251179, "N_raw": 51, "N_roi": 51, "N_inlier": 48, "refit": true}
{"timestamp": "15:06:24.438942", "frame": 59, "mu": [-1.7156958625486738, 3.2198216322975894, 1.1102041995263363], "Sigma": [[0.019526336914869664, 0.004711496695256565, -0.01544290781542507], [0.004711496695256565, 0.006260338980626975, -0.005770893333491844], [-0.01544290781542507, -0.005770893333491844, 0.014123829696376494]], "chi2_level": 0.95, "chi2_df": 3, "chi2_threshold": 7.814727903251179, "N_raw": 52, "N_roi": 52, "N_inlier": 51, "refit": true}
{"timestamp": "15:06:24.492672", "frame": 60, "mu": [-1.7125102684124993, 3.143081663014282, 1.036924387912831], "Sigma": [[0.017570055505737252, 0.005242968368820226, -0.01960100710324232], [0.005242968368820226, 0.004807205474051482, -0.008995998797383789], [-0.01960100710324232, -0.008995998797383789, 0.026798145452652182]], "chi2_level": 0.95, "chi2_df": 3, "chi2_threshold": 7.814727903251179, "N_raw": 44, "N_roi": 44, "N_inlier": 42, "refit": true}
{"timestamp": "15:06:24.549363", "frame": 61, "mu": [-1.8054323299216943, 3.1351782764487117, -0.2909737034116449], "Sigma": [[0.018518531083654956, 0.0120568618829687, 0.025992629548574293], [0.0120568618829687, 0.01909104154890998, 0.02034667820704155], [0.025992629548574293, 0.020346678207041554, 0.10025104625934433]], "chi2_level": 0.95, "chi2_df": 3, "chi2_threshold": 7.814727903251179, "N_raw": 48, "N_roi": 48, "N_inlier": 47, "refit": true}
{"timestamp": "15:06:24.605776", "frame": 62, "mu": [-1.8155386188951785, 3.071837378914273, 0.9603003556818508], "Sigma": [[0.024486501053771592, 0.002725647105031168, -0.005011375237657312], [0.002725647105031168, 0.0028833233195010933, -0.004977952469296596], [-0.005011375237657312, -0.004977952469296597, 0.01867603152415063]], "chi2_level": 0.95, "chi2_df": 3, "chi2_threshold": 7.814727903251179, "N_raw": 58, "N_roi": 58, "N_inlier": 56, "refit": true}
{"timestamp": "15:06:24.657516", "frame": 63, "mu": [-1.847825680164076, 3.0209340554605295, 1.1030742764914008], "Sigma": [[0.011557377495471146, 0.003065612484303072, -0.010159300780777107], [0.003065612484303072, 0.002728287525707144, -0.007610950605313759], [-0.010159300780777106, -0.007610950605313759, 0.025045506285987906]], "chi2_level": 0.95, "chi2_df": 3, "chi2_threshold": 7.814727903251179, "N_raw": 37, "N_roi": 37, "N_inlier": 34, "refit": true}
{"timestamp": "15:06:24.716898", "frame": 64, "mu": [-1.8092245876903532, 2.921509973157837, 1.2107993614208261], "Sigma": [[0.019770369999133647, 0.010229093299109412, -0.030924069146892125], [0.010229093299109412, 0.01000244034846187, -0.021862531908861345], [-0.03092406914689213, -0.02186253190886134, 0.07077922344309623]], "chi2_level": 0.95, "chi2_df": 3, "chi2_threshold": 7.814727903251179, "N_raw": 66, "N_roi": 66, "N_inlier": 63, "refit": true}
{"timestamp": "15:06:24.772352", "frame": 65, "mu": [-1.772124786681424, 2.9154839448936336, 1.0661369887501202], "Sigma": [[0.01986669893445356, 0.009697839253632635, -0.03037953973184744], [0.009697839253632635, 0.008335234038272365, -0.023670711284670853], [-0.03037953973184744, -0.023670711284670853, 0.07566387131034272]], "chi2_level": 0.95, "chi2_df": 3, "chi2_threshold": 7.814727903251179, "N_raw": 67, "N_roi": 67, "N_inlier": 64, "refit": true}
{"timestamp": "15:06:24.823628", "frame": 66, "mu": [-1.8703635065233406, 2.8312608868778932, 1.204894754483733], "Sigma": [[0.020599541906968465, 0.004702590939062699, -0.011707723825836548], [0.004702590939062699, 0.00408254451610993, -0.006426772031258426], [-0.011707723825836548, -0.006426772031258427, 0.012689519684495311]], "chi2_level": 0.95, "chi2_df": 3, "chi2_threshold": 7.814727903251179, "N_raw": 48, "N_roi": 48, "N_inlier": 46, "refit": true}
{"timestamp": "15:06:24.875610", "frame": 67, "mu": [-1.8131411816363232, 2.864145847699773, -0.6744297881738229], "Sigma": [[0.014716909919482315, 0.007538286866128112, 0.02776796039078411], [0.007538286866128112, 0.01033509373414976, 0.021753232906411128], [0.027767960390784115, 0.021753232906411128, 0.09393928862237799]], "chi2_level": 0.95, "chi2_df": 3, "chi2_threshold": 7.814727903251179, "N_raw": 24, "N_roi": 24, "N_inlier": 23, "refit": true}
{"timestamp": "15:06:24.934762", "frame": 68, "mu": [-1.8942407181256675, 2.773875587623566, 1.1455436495685143], "Sigma": [[0.012949063489905025, 0.001366376584273543, -0.004872938094364188], [0.001366376584273543, 0.0031837758389028376, -0.006980156766853417], [-0.004872938094364187, -0.006980156766853416, 0.019243615948708093]], "chi2_level": 0.95, "chi2_df": 3, "chi2_threshold": 7.814727903251179, "N_raw": 52, "N_roi": 49, "N_inlier": 46, "refit": true}
{"timestamp": "15:06:24.991726", "frame": 69, "mu": [-1.7807810541885116, 2.8526858150592673, -0.1781260516809822], "Sigma": [[0.013959736610527304, 0.009037299072438802, -0.011263376967682731], [0.009037299072438802, 0.017001059514761135, -0.02685035008543961], [-0.011263376967682731, -0.02685035008543961, 0.04930094505893291]], "chi2_level": 0.95, "chi2_df": 3, "chi2_threshold": 7.814727903251179, "N_raw": 71, "N_roi": 71, "N_inlier": 68, "refit": true}
{"timestamp": "15:06:25.041438", "frame": 70, "mu": [-1.8687738435549581, 2.6563696322624097, 1.1121006929224744], "Sigma": [[0.020121694618738514, 0.0010924033065748335, 0.0002083167767493628], [0.0010924033065748335, 0.0014390665049470485, -0.003480821666206389], [0.00020831677674936324, -0.003480821666206389, 0.014815619466157432]], "chi2_level": 0.95, "chi2_df": 3, "chi2_threshold": 7.814727903251179, "N_raw": 24, "N_roi": 24, "N_inlier": 22, "refit": true}
{"timestamp": "15:06:25.092243", "frame": 71, "mu": [-1.8290001597635437, 2.585702603614899, 1.041680715971668], "Sigma": [[0.017899149070580753, -0.0015034006286210946, 0.0031878855522203342], [-0.0015034006286210949, 0.003982109170572681, -0.01358396127481734], [0.0031878855522203342, -0.01358396127481734, 0.06790074528288825]], "chi2_level": 0.95, "chi2_df": 3, "chi2_threshold": 7.814727903251179, "N_raw": 8, "N_roi": 8, "N_inlier": 8, "refit": true}
{"timestamp": "15:06:25.152061", "frame": 72, "mu": [-1.6658244893738015, 2.5960595937156343, 1.0623112183828056], "Sigma": [[0.011550234998694212, 0.003041691459686819, -0.015011065324009663], [0.003041691459686819, 0.0021832891189848525, -0.006217897378097665], [-0.015011065324009663, -0.006217897378097664, 0.02884652295671372]], "chi2_level": 0.95, "chi2_df": 3, "chi2_threshold": 7.814727903251179, "N_raw": 37, "N_roi": 37, "N_inlier": 34, "refit": true}
{"timestamp": "15:06:25.206334", "frame": 73, "mu": [-1.7681679494543223, 2.5018350377455163, 1.1051584639560468], "Sigma": [[0.015555327936989662, -0.0009887509940818997, 0.010456911364342847], [-0.0009887509940818997, 0.005932005993381217, -0.013858548689071505], [0.010456911364342845, -0.013858548689071503, 0.039826424786799035]], "chi2_level": 0.95, "chi2_df": 3, "chi2_threshold": 7.814727903251179, "N_raw": 23, "N_roi": 13, "N_inlier": 12, "refit": true}
{"timestamp": "15:06:25.259480", "frame": 74, "mu": [-1.8254098185430527, 2.4972674130249257, 1.0734111806558129], "Sigma": [[0.02515515851227449, -0.0009823507389074284, 0.005144949708884605], [-0.0009823507389074286, 0.003340758254467284, -0.009364906993571063], [0.005144949708884607, -0.009364906993571061, 0.0374036556264043]], "chi2_level": 0.95, "chi2_df": 3, "chi2_threshold": 7.814727903251179, "N_raw": 14, "N_roi": 14, "N_inlier": 13, "refit": true}
{"timestamp": "15:06:25.321895", "frame": 75, "mu": [-1.9350698529835098, 2.4277813292700854, 1.1556726165750755], "Sigma": [[0.04235246084258364, 0.020902083739088594, -0.02724726173772038], [0.02090208373908859, 0.02243012874263621, -0.03416403462977327], [-0.02724726173772038, -0.034164034629773264, 0.0870825634843933]], "chi2_level": 0.95, "chi2_df": 3, "chi2_threshold": 7.814727903251179, "N_raw": 76, "N_roi": 66, "N_inlier": 59, "refit": true}
{"timestamp": "15:06:25.375682", "frame": 76, "mu": [-2.0512812736672865, 2.2454482039318093, 1.2895506092558682], "Sigma": [[0.07313295558663763, 0.059005629616540115, -0.09385508819620739], [0.059005629616540115, 0.06636668589046646, -0.10231001161752812], [-0.09385508819620739, -0.10231001161752812, 0.19458044405325184]], "chi2_level": 0.95, "chi2_df": 3, "chi2_threshold": 7.814727903251179, "N_raw": 62, "N_roi": 48, "N_inlier": 46, "refit": true}
{"timestamp": "15:06:25.430717", "frame": 77, "mu": [-1.7507251962891641, 2.328064186423855, 1.0448479050348622], "Sigma": [[0.03977512660189973, 0.002062481942251648, 0.01199022821547156], [0.002062481942251648, 0.0024429535658882224, -0.0018036211062130653], [0.011990228215471558, -0.0018036211062130655, 0.03168272584569735]], "chi2_level": 0.95, "chi2_df": 3, "chi2_threshold": 7.814727903251179, "N_raw": 61, "N_roi": 61, "N_inlier": 58, "refit": true}
{"timestamp": "15:06:25.488827", "frame": 78, "mu": [-1.7919601169784485, 2.2666706080926504, 1.0369760559768975], "Sigma": [[0.02400064067890531, 0.001349134235171991, 0.014484914470372225], [0.001349134235171991, 0.0032569932175858553, -0.007284381416805785], [0.014484914470372225, -0.007284381416805785, 0.06657044249740265]], "chi2_level": 0.95, "chi2_df": 3, "chi2_threshold": 7.814727903251179, "N_raw": 85, "N_roi": 84, "N_inlier": 76, "refit": true}
{"timestamp": "15:06:25.545713", "frame": 79, "mu": [-1.7602875215107638, 2.1674671057772876, 1.0520856524758608], "Sigma": [[0.04419679391468104, 0.0018090875144342994, -0.02766495846984753], [0.0018090875144342994, 0.0055075658737844466, -0.00495899441779531], [-0.02766495846984753, -0.00495899441779531, 0.026656268101904593]], "chi2_level": 0.95, "chi2_df": 3, "chi2_threshold": 7.814727903251179, "N_raw": 91, "N_roi": 91, "N_inlier": 79, "refit": true}
{"timestamp": "15:06:25.595092", "frame": 80, "mu": [-2.0614064854382965, 1.9912115177112915, 1.2397049012673869], "Sigma": [[0.04881381197231281, 0.04708951456148876, -0.050122666737555915], [0.04708951456148876, 0.05285407106883344, -0.06789477655409963], [-0.050122666737555915, -0.06789477655409963, 0.12359258983414169]], "chi2_level": 0.95, "chi2_df": 3, "chi2_threshold": 7.814727903251179, "N_raw": 53, "N_roi": 53, "N_inlier": 51, "refit": true}
{"timestamp": "15:06:25.657202", "frame": 81, "mu": [-1.8792439413252204, 2.0150856311059444, 1.1832765836322094], "Sigma": [[0.04673132638049207, 0.03994042487062202, -0.039692778660897966], [0.03994042487062202, 0.040738386885336, -0.0480326403906062], [-0.039692778660897966, -0.0480326403906062, 0.18817640411500763]], "chi2_level": 0.95, "chi2_df": 3, "chi2_threshold": 7.814727903251179, "N_raw": 106, "N_roi": 106, "N_inlier": 104, "refit": true}
{"timestamp": "15:06:25.710233", "frame": 82, "mu": [-1.805706803418634, 2.0327932544512404, 1.0953952519713366], "Sigma": [[0.031119216884755024, 0.018055102685065123, -0.0016700838114014369], [0.018055102685065126, 0.015103681715654323, -0.014429429864295688], [-0.0016700838114014382, -0.014429429864295686, 0.09725074041481557]], "chi2_level": 0.95, "chi2_df": 3, "chi2_threshold": 7.814727903251179, "N_raw": 89, "N_roi": 89, "N_inlier": 83, "refit": true}
{"timestamp": "15:06:25.766663", "frame": 83, "mu": [-1.8907147474586077, 2.0228930392482742, -0.2616159739904018], "Sigma": [[0.05609472470579488, 0.04427972452146236, -0.007617677919381468], [0.04427972452146236, 0.05239530925712406, -0.018026803797981012], [-0.007617677919381468, -0.018026803797981016, 0.028414345911153292]], "chi2_level": 0.95, "chi2_df": 3, "chi2_threshold": 7.814727903251179, "N_raw": 103, "N_roi": 103, "N_inlier": 97, "refit": true}
{"timestamp": "15:06:25.821673", "frame": 84, "mu": [-1.904415463805622, 1.8974863834349283, 1.2306781963721094], "Sigma": [[0.04058812612113753, 0.02661481781499255, -0.018429851439701647], [0.02661481781499255, 0.024584328819454576, -0.025516466681880148], [-0.01842985143970165, -0.025516466681880148, 0.0700292554563006]], "chi2_level": 0.95, "chi2_df": 3, "chi2_threshold": 7.814727903251179, "N_raw": 102, "N_roi": 102, "N_inlier": 98, "refit": true}
{"timestamp": "15:06:25.869255", "frame": 85, "mu": [-1.8670021923573312, 1.749482979380686, 1.4002204246457441], "Sigma": [[0.03646249808955114, 0.03330053568003073, -0.03562033496454091], [0.03330053568003073, 0.03735409326505925, -0.039460196084876525], [-0.03562033496454091, -0.03946019608487652, 0.0438291272161003]], "chi2_level": 0.95, "chi2_df": 3, "chi2_threshold": 7.814727903251179, "N_raw": 51, "N_roi": 51, "N_inlier": 49, "refit": true}
{"timestamp": "15:06:25.917985", "frame": 86, "mu": [-1.7908114965565536, 1.7431427406152549, 0.9128029188382907], "Sigma": [[0.02183460755802225, 0.019958517993535707, -0.07174859428481913], [0.019958517993535707, 0.021215904420979433, -0.07722858138189664], [-0.07174859428481913, -0.07722858138189667, 0.3864346747652015]], "chi2_level": 0.95, "chi2_df": 3, "chi2_threshold": 7.814727903251179, "N_raw": 13, "N_roi": 13, "N_inlier": 12, "refit": true}
{"timestamp": "15:06:25.977372", "frame": 87, "mu": [-1.867292488992423, 1.6547282500065208, 1.2682846352875057], "Sigma": [[0.024184759550459577, 0.02402425645981318, -0.04984463919392121], [0.024024256459813174, 0.0295276621997651, -0.05877307621719305], [-0.04984463919392122, -0.05877307621719305, 0.1491587338892095]], "chi2_level": 0.95, "chi2_df": 3, "chi2_threshold": 7.814727903251179, "N_raw": 38, "N_roi": 38, "N_inlier": 34, "refit": true}
{"timestamp": "15:06:26.045001", "frame": 88, "mu": [-1.8489038352137115, 1.7578953715770023, -0.2129198303134663], "Sigma": [[0.0177741847780019, 0.019417206910840524, -0.012902053195232962], [0.019417206910840524, 0.04176789726985723, -0.030263109287158137], [-0.012902053195232962, -0.030263109287158137, 0.03858183238432608]], "chi2_level": 0.95, "chi2_df": 3, "chi2_threshold": 7.814727903251179, "N_raw": 125, "N_roi": 123, "N_inlier": 119, "refit": true}
{"timestamp": "15:06:26.091055", "frame": 89, "mu": [-1.9051717622076605, 1.4714817360208943, 1.4080207486435155], "Sigma": [[0.018804455815661543, 0.008078635547466769, -0.00042274704951710267], [0.008078635547466769, 0.019295581676681998, -0.021757142754687146], [-0.0004227470495171034, -0.021757142754687146, 0.03377724338936142]], "chi2_level": 0.95, "chi2_df": 3, "chi2_threshold": 7.814727903251179, "N_raw": 56, "N_roi": 56, "N_inlier": 53, "refit": true}
{"timestamp": "15:06:26.145709", "frame": 90, "mu": [-1.8637827361537875, 1.5394480803145638, 1.3389426065894754], "Sigma": [[0.022362651706144262, 0.014667568521104514, -0.0183390286968387], [0.014667568521104516, 0.01674968429856691, -0.013465933723405992], [-0.0183390286968387, -0.013465933723405994, 0.03356584101339291]], "chi2_level": 0.95, "chi2_df": 3, "chi2_threshold": 7.814727903251179, "N_raw": 65, "N_roi": 65, "N_inlier": 60, "refit": true}
{"timestamp": "15:06:26.207676", "frame": 91, "mu": [-1.9401700516349616, 1.411279105497959, 1.273208126403479], "Sigma": [[0.031149812954601022, 0.01486683175569481, 0.013183690733726834], [0.01486683175569481, 0.020451173750146507, -0.012078334180447495], [0.013183690733726834, -0.012078334180447497, 0.053236195442104166]], "chi2_level": 0.95, "chi2_df": 3, "chi2_threshold": 7.814727903251179, "N_raw": 110, "N_roi": 110, "N_inlier": 102, "refit": true}
{"timestamp": "15:06:26.255648", "frame": 92, "mu": [-1.8541151719761007, 1.3918024547075918, 1.3527791650787653], "Sigma": [[0.007413656601832541, 0.006431726787286787, -0.005510727878186147], [0.006431726787286787, 0.015965145237255424, -0.014664576591690449], [-0.005510727878186147, -0.014664576591690449, 0.014507801748431139]], "chi2_level": 0.95, "chi2_df": 3, "chi2_threshold": 7.814727903251179, "N_raw": 54, "N_roi": 54, "N_inlier": 53, "refit": true}
{"timestamp": "15:06:26.310278", "frame": 93, "mu": [-1.8658830132965674, 1.362490392276483, 1.3284621157435572], "Sigma": [[0.011425369327569825, 0.006556521709996136, -0.006106177910072539], [0.006556521709996136, 0.013391886968133515, -0.00871756923068136], [-0.006106177910072539, -0.00871756923068136, 0.023145854970641463]], "chi2_level": 0.95, "chi2_df": 3, "chi2_threshold": 7.814727903251179, "N_raw": 64, "N_roi": 64, "N_inlier": 62, "refit": true}
{"timestamp": "15:06:26.365771", "frame": 94, "mu": [-1.8358600019706723, 1.2656540065797548, 1.425541064307776], "Sigma": [[0.00716283488834086, 0.004686772914845088, -0.004471216025369604], [0.004686772914845087, 0.017802881929269695, -0.00923454366404749], [-0.004471216025369604, -0.009234543664047488, 0.0070971170090010855]], "chi2_level": 0.95, "chi2_df": 3, "chi2_threshold": 7.814727903251179, "N_raw": 62, "N_roi": 62, "N_inlier": 60, "refit": true}
{"timestamp": "15:06:26.421586", "frame": 95, "mu": [-1.8547026066381143, 1.2700440412524256, 1.3538828198725708], "Sigma": [[0.013207602099689781, 0.005283386244929942, -0.003908802848335002], [0.005283386244929943, 0.007485267483110371, -0.008277916276799517], [-0.003908802848335002, -0.008277916276799517, 0.014394255337213007]], "chi2_level": 0.95, "chi2_df": 3, "chi2_threshold": 7.814727903251179, "N_raw": 66, "N_roi": 66, "N_inlier": 63, "refit": true}
{"timestamp": "15:06:26.477918", "frame": 96, "mu": [-1.7763450075649954, 1.2830475325906903, 1.1566455585847293], "Sigma": [[0.012647975262005973, 0.00974622507349909, -0.011565945485731335], [0.00974622507349909, 0.016895934753241467, -0.016889486841677806], [-0.011565945485731335, -0.016889486841677806, 0.026541377377305053]], "chi2_level": 0.95, "chi2_df": 3, "chi2_threshold": 7.814727903251179, "N_raw": 81, "N_roi": 81, "N_inlier": 78, "refit": true}
{"timestamp": "15:06:26.533829", "frame": 97, "mu": [-1.8046596296985873, 1.112004721887001, 1.3077511035658413], "Sigma": [[0.008871902589644156, 0.006601998050153165, -0.0017654205846585602], [0.006601998050153165, 0.016997908813478912, -0.016580118553277606], [-0.00176542058465856, -0.016580118553277606, 0.02172842280656661]], "chi2_level": 0.95, "chi2_df": 3, "chi2_threshold": 7.814727903251179, "N_raw": 85, "N_roi": 85, "N_inlier": 82, "refit": true}
{"timestamp": "15:06:26.585130", "frame": 98, "mu": [-1.8335556761267728, 1.1224611767342816, 1.18117454919503], "Sigma": [[0.016451296385697492, 0.004977500011661985, -0.006215371281078299], [0.004977500011661985, 0.009299292123022879, -0.007341692686775202], [-0.006215371281078299, -0.007341692686775201, 0.010720698210116382]], "chi2_level": 0.95, "chi2_df": 3, "chi2_threshold": 7.814727903251179, "N_raw": 54, "N_roi": 54, "N_inlier": 51, "refit": true}
{"timestamp": "15:06:26.642961", "frame": 99, "mu": [-1.7752129805515853, 1.0422621564021242, 1.356195359446031], "Sigma": [[0.009648797518506351, 0.006205723842513321, -0.004438283078498041], [0.006205723842513321, 0.019340398619199783, -0.013736176565726515], [-0.004438283078498041, -0.013736176565726515, 0.011768421684915336]], "chi2_level": 0.95, "chi2_df": 3, "chi2_threshold": 7.814727903251179, "N_raw": 74, "N_roi": 74, "N_inlier": 73, "refit": true}
{"timestamp": "15:06:26.796642", "frame": 100, "mu": [-1.7647667708050492, 1.0170301364198395, 1.224728667072436], "Sigma": [[0.011369134100679568, 0.003932903222053858, 0.01529184575687351], [0.003932903222053858, 0.013670538752045882, -0.01072912082448084], [0.01529184575687351, -0.01072912082448084, 0.06290899022197781]], "chi2_level": 0.95, "chi2_df": 3, "chi2_threshold": 7.814727903251179, "N_raw": 76, "N_roi": 76, "N_inlier": 74, "refit": true}
