{"timestamp": "15:07:57.184480", "frame": 40, "mu": [1.9029725145049707, 1.0599788879633265, 1.6656718384927074], "Sigma": [[0.0019496764888437253, -0.00034676104125913154, -0.0006392322467619278], [-0.0003467610412591315, 0.003151857837999372, 9.243459952518212e-05], [-0.0006392322467619278, 9.243459952518207e-05, 0.00044367484587835225]], "chi2_level": 0.95, "chi2_df": 3, "chi2_threshold": 7.814727903251179, "N_raw": 8, "N_roi": 8, "N_inlier": 8, "refit": true}
{"timestamp": "15:07:57.240966", "frame": 41, "mu": [1.8421644165375113, 1.119059030775356, 1.6007919592288866], "Sigma": [[0.0036553768681313156, -0.0023340785593966417, 0.00021382861284847086], [-0.0023340785593966417, 0.0038046447629830737, 0.0004231459943112771], [0.00021382861284847086, 0.0004231459943112771, 0.00039216808380462343]], "chi2_level": 0.95, "chi2_df": 3, "chi2_threshold": 7.814727903251179, "N_raw": 15, "N_roi": 15, "N_inlier": 13, "refit": true}
{"timestamp": "15:07:57.298503", "frame": 42, "mu": [1.842019006262512, 1.2274395697264913, -0.04515161152421508], "Sigma": [[0.005935823585310511, -0.0031765013069951042, 0.0014363384566770904], [-0.0031765013069951042, 0.005784496608829809, 0.0007274506532127306], [0.0014363384566770901, 0.0007274506532127304, 0.0012470554235461785]], "chi2_level": 0.95, "chi2_df": 3, "chi2_threshold": 7.814727903251179, "N_raw": 24, "N_roi": 24, "N_inlier": 23, "refit": true}
{"timestamp": "15:07:57.353264", "frame": 43, "mu": [1.7726808195522916, 1.2350693248889115, 1.449299244725484], "Sigma": [[0.004521155718220226, 0.0012078869106940029, -0.0001983189170763056], [0.0012078869106940027, 0.0022343177098446414, -0.00046359171429235683], [-0.0001983189170763056, -0.00046359171429235683, 0.00014072133632746098]], "chi2_level": 0.95, "chi2_df": 3, "chi2_threshold": 7.814727903251179, "N_raw": 10, "N_roi": 10, "N_inlier": 9, "refit": true}
{"timestamp": "15:07:57.461972", "frame": 45, "mu": [1.8080417759775962, 1.4200060964105927, 1.577520655760957], "Sigma": [[0.0020685647899008892, 0.0012934038720991724, -0.002671286251358793], [0.0012934038720991724, 0.0012062525519908277, -0.002525339839111367], [-0.002671286251358793, -0.002525339839111367, 0.03528927365265407]], "chi2_level": 0.95, "chi2_df": 3, "chi2_threshold": 7.814727903251179, "N_raw": 5, "N_roi": 5, "N_inlier": 5, "refit": true}
{"timestamp": "15:07:57.516943", "frame": 46, "mu": [1.8226075090554876, 1.4188506094678566, 1.4086373419340006], "Sigma": [[0.0006214632716663217, 0.0008969506859251063, 0.0024924359158620428], [0.0008969506859251063, 0.003329773125178913, 0.005109617375842794], [0.0024924359158620428, 0.005109617375842795, 0.11209499859653413]], "chi2_level": 0.95, "chi2_df": 3, "chi2_threshold": 7.814727903251179, "N_raw": 5, "N_roi": 5, "N_inlier": 5, "refit": true}
{"timestamp": "15:07:57.572029", "frame": 47, "mu": [1.7903350828301208, 1.5294504693903377, 1.5009824546307777], "Sigma": [[0.002202697728816997, 0.0017055192003497682, -0.0026567842332079665], [0.0017055192003497682, 0.0021419462033904686, -0.002835116874729531], [-0.0026567842332079665, -0.0028351168747295314, 0.06798098224975646]], "chi2_level": 0.95, "chi2_df": 3, "chi2_threshold": 7.814727903251179, "N_raw": 10, "N_roi": 7, "N_inlier": 6, "refit": true}
{"timestamp": "15:07:57.627213", "frame": 48, "mu": [1.8091086642681302, 1.5790606760742347, 1.419088585136431], "Sigma": [[0.0022476674310612115, -0.0029554384418254013, -0.014585566647545381], [-0.0029554384418254013, 0.018156046461502654, 0.06258983367462269], [-0.014585566647545385, 0.06258983367462269, 0.3251808635513481]], "chi2_level": 0.95, "chi2_df": 3, "chi2_threshold": 7.814727903251179, "N_raw": 9, "N_roi": 8, "N_inlier": 7, "refit": true}
{"timestamp": "15:07:57.682074", "frame": 49, "mu": [1.8135167143225184, 1.6732527540202615, 1.5259040994353859], "Sigma": [[0.0030068681893386092, 0.0011002807696118275, 0.01853894570094842], [0.0011002807696118275, 0.0019600752699058094, -0.007639152351604382], [0.018538945700948422, -0.007639152351604382, 0.2628367142576795]], "chi2_level": 0.95, "chi2_df": 3, "chi2_threshold": 7.814727903251179, "N_raw": 7, "N_roi": 6, "N_inlier": 6, "refit": true}
{"timestamp": "15:07:57.737247", "frame": 50, "mu": [1.765276202345746, 1.7337867584777633, 1.2525221009596794], "Sigma": [[0.0021601393776025843, 0.001641997622166021, -0.009429601970379061], [0.001641997622166021, 0.0015745140262400476, -0.015058521339750323], [-0.009429601970379061, -0.015058521339750323, 0.29562061715390525]], "chi2_level": 0.95, "chi2_df": 3, "chi2_threshold": 7.814727903251179, "N_raw": 8, "N_roi": 8, "N_inlier": 7, "refit": true}
{"timestamp": "15:07:57.847213", "frame": 52, "mu": [1.7505764065973464, 1.963080391370768, 1.260736899458919], "Sigma": [[0.0024138589905440856, 8.349299795714477e-05, -0.02160904756538137], [8.349299795714477e-05, 0.0009405866300734924, -0.0018530424227235828], [-0.02160904756538137, -0.0018530424227235836, 0.22207123512048482]], "chi2_level": 0.95, "chi2_df": 3, "chi2_threshold": 7.814727903251179, "N_raw": 8, "N_roi": 6, "N_inlier": 6, "refit": true}
{"timestamp": "15:07:57.902212", "frame": 53, "mu": [1.684180696754871, 2.0264098173886826, -0.32183110085510647], "Sigma": [[0.0037483862624010174, 0.0009388337530017395, 0.010983890721132445], [0.0009388337530017394, 0.001922618998304785, 0.0025507218914408887], [0.010983890721132445, 0.0025507218914408887, 0.056603245594040875]], "chi2_level": 0.95, "chi2_df": 3, "chi2_threshold": 7.814727903251179, "N_raw": 13, "N_roi": 11, "N_inlier": 10, "refit": true}
{"timestamp": "15:07:57.956677", "frame": 54, "mu": [1.6508740514204425, 2.0424709153340483, 1.4091853952757265], "Sigma": [[0.005621203992952386, 0.0001318423321488724, -0.0169249690093687], [0.0001318423321488724, 0.0011644669284457938, 0.0009224481243460423], [-0.0169249690093687, 0.0009224481243460421, 0.054413260081907784]], "chi2_level": 0.95, "chi2_df": 3, "chi2_threshold": 7.814727903251179, "N_raw": 6, "N_roi": 6, "N_inlier": 6, "refit": true}
{"timestamp": "15:07:58.012212", "frame": 55, "mu": [1.6842775530312677, 2.0979962623493345, 1.7293763354340468], "Sigma": [[0.0033984384525743688, 3.021674757782496e-06, -0.0007693527018232214], [3.0216747577823874e-06, 0.0015256364908560489, -0.0005917454225272932], [-0.0007693527018232213, -0.0005917454225272932, 0.001304780746180229]], "chi2_level": 0.95, "chi2_df": 3, "chi2_threshold": 7.814727903251179, "N_raw": 12, "N_roi": 11, "N_inlier": 9, "refit": true}
{"timestamp": "15:07:58.067796", "frame": 56, "mu": [1.7115445489967511, 2.128312332879131, -0.38227943884497917], "Sigma": [[0.01802679414885197, 0.002988308897084348, -0.034969769629420125], [0.0029883088970843476, 0.0011029445237837037, -0.0028367051787127136], [-0.034969769629420125, -0.0028367051787127145, 0.3130036823597596]], "chi2_level": 0.95, "chi2_df": 3, "chi2_threshold": 7.814727903251179, "N_raw": 10, "N_roi": 8, "N_inlier": 8, "refit": true}
{"timestamp": "15:07:58.121219", "frame": 57, "mu": [1.5885507100980967, 2.220754849976891, 1.5471045456022874], "Sigma": [[0.0034216570985153563, 0.0019961972189670683, -0.005213042679565666], [0.0019961972189670683, 0.0027431836143794394, 0.00593490213490898], [-0.005213042679565666, 0.00593490213490898, 0.06110064032911507]], "chi2_level": 0.95, "chi2_df": 3, "chi2_threshold": 7.814727903251179, "N_raw": 5, "N_roi": 5, "N_inlier": 5, "refit": true}
{"timestamp": "15:07:58.175841", "frame": 58, "mu": [1.5994411365526626, 2.2605270597783056, 1.7145760894563407], "Sigma": [[0.00528836435549135, 0.003759696241570622, 0.0005099127848191174], [0.003759696241570622, 0.003906342560526976, 0.0012452548575544323], [0.0005099127848191167, 0.0012452548575544319, 0.009898089374224886]], "chi2_level": 0.95, "chi2_df": 3, "chi2_threshold": 7.814727903251179, "N_raw": 5, "N_roi": 5, "N_inlier": 5, "refit": true}
{"timestamp": "15:07:58.232372", "frame": 59, "mu": [1.7357760233363768, 2.4145786803257554, -0.165344031325869], "Sigma": [[0.008317858041422124, 0.0031525016375512156, -0.02699310040384593], [0.0031525016375512156, 0.013529426636721319, -0.054395664220617715], [-0.02699310040384593, -0.054395664220617715, 0.2608977952503362]], "chi2_level": 0.95, "chi2_df": 3, "chi2_threshold": 7.814727903251179, "N_raw": 7, "N_roi": 7, "N_inlier": 7, "refit": true}
{"timestamp": "15:07:58.285876", "frame": 60, "mu": [1.713220549628993, 2.3296589480046896, 1.4662137104529704], "Sigma": [[0.0012924665525084872, 0.0003448569132392398, -0.006830758677441077], [0.0003448569132392399, 0.0005613845838462091, -0.0009646319868243], [-0.006830758677441077, -0.0009646319868242999, 0.156321495594448]], "chi2_level": 0.95, "chi2_df": 3, "chi2_threshold": 7.814727903251179, "N_raw": 5, "N_roi": 5, "N_inlier": 5, "refit": true}
{"timestamp": "15:07:58.396590", "frame": 62, "mu": [1.6494035130177938, 2.3593661864902753, 0.9327341399250404], "Sigma": [[0.0006811153872963444, -0.005980258194733964, -0.018491995535412507], [-0.005980258194733964, 0.055794493576159614, 0.16295821233519123], [-0.018491995535412507, 0.16295821233519123, 0.5472317251672988]], "chi2_level": 0.95, "chi2_df": 3, "chi2_threshold": 7.814727903251179, "N_raw": 8, "N_roi": 5, "N_inlier": 5, "refit": true}
{"timestamp": "15:07:58.451825", "frame": 63, "mu": [1.4061648065014172, 2.16543715321563, 1.1217870459106658], "Sigma": [[0.25088261002441997, 0.3970571432159176, -0.21535338638130408], [0.3970571432159177, 0.6351957319513908, -0.3033199880905758], [-0.21535338638130408, -0.30331998809057575, 0.42018257512456225]], "chi2_level": 0.95, "chi2_df": 3, "chi2_threshold": 7.814727903251179, "N_raw": 7, "N_roi": 6, "N_inlier": 6, "refit": true}
{"timestamp": "15:07:58.560773", "frame": 65, "mu": [1.3990381105803957, 2.331502946018775, 1.749619907773407], "Sigma": [[0.2380852383180137, 0.38956573656795357, -0.002143196562826295], [0.38956573656795357, 0.6382363027294632, -0.005069427066385884], [-0.0021431965628262934, -0.0050694270663858825, 0.00887516552567396]], "chi2_level": 0.95, "chi2_df": 3, "chi2_threshold": 7.814727903251179, "N_raw": 7, "N_roi": 5, "N_inlier": 5, "refit": true}
{"timestamp": "15:07:58.617653", "frame": 66, "mu": [1.6301933855380648, 2.559740040457749, 1.030218067311144], "Sigma": [[0.010599196957239718, -0.01118183986866203, -0.04637174350614844], [-0.01118183986866203, 0.014375629707255684, 0.04814400123627659], [-0.04637174350614845, 0.048144001236276594, 0.21242197373881297]], "chi2_level": 0.95, "chi2_df": 3, "chi2_threshold": 7.814727903251179, "N_raw": 10, "N_roi": 7, "N_inlier": 7, "refit": true}
{"timestamp": "15:07:58.672212", "frame": 67, "mu": [1.781071313560682, 2.517204251666097, 0.679900718096228], "Sigma": [[0.018131306139766705, -0.018727011170335605, -0.054209650353109755], [-0.018727011170335605, 0.021127858294476123, 0.058608637226194596], [-0.054209650353109755, 0.058608637226194596, 0.17935080835874143]], "chi2_level": 0.95, "chi2_df": 3, "chi2_threshold": 7.814727903251179, "N_raw": 15, "N_roi": 13, "N_inlier": 12, "refit": true}
{"timestamp": "15:07:58.728489", "frame": 68, "mu": [1.7820959279117057, 2.8472215249266704, 1.101619334555931], "Sigma": [[0.1155365329726416, 0.04366171027282666, -0.03656737860573529], [0.04366171027282666, 0.026764403098456516, 0.0016172000148579682], [-0.03656737860573529, 0.0016172000148579665, 0.08125159008025692]], "chi2_level": 0.95, "chi2_df": 3, "chi2_threshold": 7.814727903251179, "N_raw": 14, "N_roi": 9, "N_inlier": 8, "refit": true}
{"timestamp": "15:07:58.781672", "frame": 69, "mu": [1.6650467389164711, 2.771467125733907, 0.9069598566193464], "Sigma": [[0.013887117674949928, -0.013260687883882101, -0.05730836416224118], [-0.013260687883882101, 0.021133453982641996, 0.06716422008734661], [-0.057308364162241186, 0.06716422008734661, 0.256185242415102]], "chi2_level": 0.95, "chi2_df": 3, "chi2_threshold": 7.814727903251179, "N_raw": 6, "N_roi": 6, "N_inlier": 6, "refit": true}
{"timestamp": "15:07:58.837218", "frame": 70, "mu": [1.6308536386060557, 2.896170266864389, 1.1924547353697192], "Sigma": [[0.006174506054149682, 4.939252979364178e-05, -0.015950029415472564], [4.939252979364167e-05, 0.001548739598807871, -0.0008016141897040302], [-0.015950029415472564, -0.0008016141897040301, 0.054997823246748234]], "chi2_level": 0.95, "chi2_df": 3, "chi2_threshold": 7.814727903251179, "N_raw": 11, "N_roi": 11, "N_inlier": 10, "refit": true}
{"timestamp": "15:07:58.891998", "frame": 71, "mu": [1.6215355752147076, 2.941089746861091, 1.0720179102217928], "Sigma": [[0.00508118139251324, 0.0020869156044542292, -0.03835947182176538], [0.0020869156044542292, 0.0015225553002586004, -0.015982076401063392], [-0.03835947182176538, -0.015982076401063392, 0.3201835041533895]], "chi2_level": 0.95, "chi2_df": 3, "chi2_threshold": 7.814727903251179, "N_raw": 7, "N_roi": 7, "N_inlier": 7, "refit": true}
{"timestamp": "15:07:58.947389", "frame": 72, "mu": [1.6385704770580034, 3.037948025526984, 1.1959715680747909], "Sigma": [[0.0034668201920388005, 0.0010308285030111353, -0.01810110982220766], [0.0010308285030111353, 0.0014975534435845389, -0.011996779050712952], [-0.01810110982220766, -0.01199677905071295, 0.21381023709792354]], "chi2_level": 0.95, "chi2_df": 3, "chi2_threshold": 7.814727903251179, "N_raw": 8, "N_roi": 8, "N_inlier": 8, "refit": true}
{"timestamp": "15:07:59.004799", "frame": 73, "mu": [1.6104383929958153, 3.0516442996528723, 1.0986772660965107], "Sigma": [[0.011117257106008081, -0.006496959773227248, -0.005619183342612041], [-0.006496959773227247, 0.004709309941986481, 0.0010567120840143409], [-0.005619183342612041, 0.001056712084014341, 0.020180974666916027]], "chi2_level": 0.95, "chi2_df": 3, "chi2_threshold": 7.814727903251179, "N_raw": 25, "N_roi": 25, "N_inlier": 23, "refit": true}
{"timestamp": "15:07:59.057918", "frame": 74, "mu": [1.7030097924067396, 3.181098414601294, 1.1222630587156779], "Sigma": [[0.002031182892816378, 0.0012234211911230069, -0.013580392076600303], [0.0012234211911230069, 0.001223645199834767, -0.009304773232168134], [-0.013580392076600306, -0.009304773232168132, 0.21145594912876564]], "chi2_level": 0.95, "chi2_df": 3, "chi2_threshold": 7.814727903251179, "N_raw": 9, "N_roi": 7, "N_inlier": 7, "refit": true}
{"timestamp": "15:07:59.113277", "frame": 75, "mu": [1.7809179455314426, 3.037896062838854, 0.6800021380815024], "Sigma": [[0.01717012860665194, -0.009003500068507024, -0.03524303596332096], [-0.009003500068507024, 0.006649009097500149, 0.021358345107635856], [-0.03524303596332096, 0.021358345107635856, 0.07853519895979433]], "chi2_level": 0.95, "chi2_df": 3, "chi2_threshold": 7.814727903251179, "N_raw": 9, "N_roi": 6, "N_inlier": 6, "refit": true}
{"timestamp": "15:07:59.166649", "frame": 76, "mu": [1.617338781182508, 3.1453738938507994, 1.2694036911634554], "Sigma": [[0.03240313800573641, -0.012368990913722584, -0.09595611257825343], [-0.012368990913722584, 0.007116177268305045, 0.040484468164675665], [-0.09595611257825343, 0.040484468164675665, 0.29197145260601104]], "chi2_level": 0.95, "chi2_df": 3, "chi2_threshold": 7.814727903251179, "N_raw": 5, "N_roi": 5, "N_inlier": 5, "refit": true}
{"timestamp": "15:07:59.222210", "frame": 77, "mu": [1.6364621527340963, 3.1919568787731825, 1.2091195596292985], "Sigma": [[0.02212678993898566, -0.017072173468068705, -0.07603150494542468], [-0.017072173468068705, 0.01976509622224173, 0.06727129380743638], [-0.07603150494542467, 0.06727129380743639, 0.28115992869402]], "chi2_level": 0.95, "chi2_df": 3, "chi2_threshold": 7.814727903251179, "N_raw": 12, "N_roi": 7, "N_inlier": 7, "refit": true}
{"timestamp": "15:07:59.276844", "frame": 78, "mu": [1.7074173336803578, 3.317045121239696, 1.0013241830701052], "Sigma": [[0.00592270125829493, -0.00413065741440349, -0.015538942399859496], [-0.00413065741440349, 0.0056979320453777816, 0.028592168666231293], [-0.015538942399859496, 0.028592168666231293, 0.3655765846277051]], "chi2_level": 0.95, "chi2_df": 3, "chi2_threshold": 7.814727903251179, "N_raw": 7, "N_roi": 6, "N_inlier": 6, "refit": true}
{"timestamp": "15:07:59.387481", "frame": 80, "mu": [1.6271491253370503, 3.4201927210569987, 1.2694313667439279], "Sigma": [[0.008351549397342329, -0.001091507987325205, -0.0453518463619714], [-0.0010915079873252047, 0.00296758101172663, 0.026781008728647523], [-0.0453518463619714, 0.026781008728647526, 0.40088556009345677]], "chi2_level": 0.95, "chi2_df": 3, "chi2_threshold": 7.814727903251179, "N_raw": 9, "N_roi": 6, "N_inlier": 5, "refit": true}
{"timestamp": "15:07:59.442770", "frame": 81, "mu": [1.7227327253842655, 3.527816377991969, 0.15854176304798484], "Sigma": [[0.015865225019966407, -0.0002905110934767047, -0.0170582800507893], [-0.0002905110934767047, 0.001480874851452502, -0.0005811360701433643], [-0.017058280050789302, -0.0005811360701433644, 0.02049622293530978]], "chi2_level": 0.95, "chi2_df": 3, "chi2_threshold": 7.814727903251179, "N_raw": 16, "N_roi": 16, "N_inlier": 15, "refit": true}
{"timestamp": "15:07:59.496571", "frame": 82, "mu": [1.6119083978375686, 3.5251573157200493, 1.4558400451778124], "Sigma": [[0.01741682308060413, 0.000858814538063304, -0.024755737951315398], [0.0008588145380633042, 0.0005167104260918139, -0.0010480004062608894], [-0.024755737951315398, -0.001048000406260889, 0.03537921195142739]], "chi2_level": 0.95, "chi2_df": 3, "chi2_threshold": 7.814727903251179, "N_raw": 5, "N_roi": 5, "N_inlier": 5, "refit": true}
{"timestamp": "15:07:59.607706", "frame": 84, "mu": [1.5584875884901006, 3.5913655171298635, 1.478761967203065], "Sigma": [[0.011107114473134285, -0.00010937808786558518, -0.018353027971662047], [-0.00010937808786558507, 0.0006715813372858775, -0.0004437764096925042], [-0.018353027971662047, -0.0004437764096925042, 0.03830335583387225]], "chi2_level": 0.95, "chi2_df": 3, "chi2_threshold": 7.814727903251179, "N_raw": 11, "N_roi": 11, "N_inlier": 9, "refit": true}
{"timestamp": "15:07:59.667510", "frame": 85, "mu": [1.49832989135621, 3.6904817204039606, 1.6030863500926729], "Sigma": [[0.018862001623370053, -0.005964568254521315, -0.008975702153108391], [-0.005964568254521315, 0.0066150005661048845, 0.0015070522077143456], [-0.008975702153108391, 0.0015070522077143453, 0.008842064317634225]], "chi2_level": 0.95, "chi2_df": 3, "chi2_threshold": 7.814727903251179, "N_raw": 47, "N_roi": 47, "N_inlier": 44, "refit": true}
{"timestamp": "15:07:59.722239", "frame": 86, "mu": [1.4934479935741816, 3.721523208378937, 1.578522835525658], "Sigma": [[0.021418424994445132, -0.0077136342205933245, -0.007630971283549814], [-0.0077136342205933245, 0.006636709595376958, 0.0027202490506197012], [-0.007630971283549815, 0.0027202490506197004, 0.004562495956900827]], "chi2_level": 0.95, "chi2_df": 3, "chi2_threshold": 7.814727903251179, "N_raw": 42, "N_roi": 42, "N_inlier": 41, "refit": true}
{"timestamp": "15:07:59.776233", "frame": 87, "mu": [1.5079219644664947, 3.7560628210969633, 1.3653135326231014], "Sigma": [[0.04001412515411498, -0.019247286307161923, -0.08653415912916207], [-0.019247286307161923, 0.011094480470604283, 0.04596680124542907], [-0.08653415912916207, 0.04596680124542907, 0.26709031126693944]], "chi2_level": 0.95, "chi2_df": 3, "chi2_threshold": 7.814727903251179, "N_raw": 37, "N_roi": 35, "N_inlier": 35, "refit": true}
{"timestamp": "15:07:59.832512", "frame": 88, "mu": [1.5455474240269207, 3.84962599236611, 1.4540019550114156], "Sigma": [[0.02129651291029585, -0.006845335657287913, -0.030230860319600483], [-0.006845335657287913, 0.004889250529487137, 0.007271113648262814], [-0.030230860319600483, 0.007271113648262814, 0.053846392073489915]], "chi2_level": 0.95, "chi2_df": 3, "chi2_threshold": 7.814727903251179, "N_raw": 43, "N_roi": 42, "N_inlier": 41, "refit": true}
{"timestamp": "15:07:59.882016", "frame": 89, "mu": [1.704955263323186, 3.945371885871435, 1.2498868641371446], "Sigma": [[0.12677769080655135, 0.03625158707431029, -0.06921424545961083], [0.03625158707431029, 0.01515314931421178, -0.0008393807914687489], [-0.06921424545961083, -0.0008393807914687489, 0.13196096480067426]], "chi2_level": 0.95, "chi2_df": 3, "chi2_threshold": 7.814727903251179, "N_raw": 8, "N_roi": 8, "N_inlier": 8, "refit": true}
{"timestamp": "15:07:59.936517", "frame": 90, "mu": [1.5547485033333346, 3.9852645776015985, -0.6191531964160951], "Sigma": [[0.017840919499159814, 0.004064199573599551, -0.012094031529965691], [0.004064199573599551, 0.006813363051710602, 0.026157143113948466], [-0.012094031529965691, 0.026157143113948466, 0.15262545183355317]], "chi2_level": 0.95, "chi2_df": 3, "chi2_threshold": 7.814727903251179, "N_raw": 6, "N_roi": 6, "N_inlier": 6, "refit": true}
{"timestamp": "15:07:59.991682", "frame": 91, "mu": [1.5952172769525588, 4.0403410334758885, 1.3437014952165156], "Sigma": [[0.02252672929911931, 0.002773581274756874, -0.022942987129883748], [0.0027735812747568746, 0.0024617023541913517, -0.002039492935692955], [-0.022942987129883748, -0.002039492935692955, 0.02538720997450344]], "chi2_level": 0.95, "chi2_df": 3, "chi2_threshold": 7.814727903251179, "N_raw": 9, "N_roi": 6, "N_inlier": 6, "refit": true}
{"timestamp": "15:08:00.048071", "frame": 92, "mu": [1.4417952952946476, 4.096733268062768, 1.5970225778455585], "Sigma": [[0.0054782097625575765, -0.00206977163489371, -0.002111520271476623], [-0.0020697716348937103, 0.0017754076354002588, 0.0008062446999955624], [-0.0021115202714766224, 0.0008062446999955623, 0.0025939392451085085]], "chi2_level": 0.95, "chi2_df": 3, "chi2_threshold": 7.814727903251179, "N_raw": 11, "N_roi": 11, "N_inlier": 9, "refit": true}
{"timestamp": "15:08:00.104110", "frame": 93, "mu": [1.4777019277874526, 4.131732799383944, 1.6467280261385004], "Sigma": [[0.013346681959829573, -0.0030029494864392573, -0.008875102528877889], [-0.003002949486439258, 0.0032273479241941225, 0.002165779789437319], [-0.008875102528877889, 0.002165779789437319, 0.00862664342213194]], "chi2_level": 0.95, "chi2_df": 3, "chi2_threshold": 7.814727903251179, "N_raw": 22, "N_roi": 22, "N_inlier": 21, "refit": true}
{"timestamp": "15:08:00.159574", "frame": 94, "mu": [1.4846072772642278, 4.165990112972725, 1.578952459661742], "Sigma": [[0.015952829540746814, -0.004106367331156043, -0.00845639432072436], [-0.004106367331156044, 0.003992580074511518, 0.001376990623922269], [-0.00845639432072436, 0.001376990623922269, 0.008778784837462123]], "chi2_level": 0.95, "chi2_df": 3, "chi2_threshold": 7.814727903251179, "N_raw": 29, "N_roi": 29, "N_inlier": 27, "refit": true}
{"timestamp": "15:08:00.212509", "frame": 95, "mu": [1.5285902758051377, 4.288088638244139, 1.204153242271709], "Sigma": [[0.006531243660864285, 0.008111434369747698, -0.02965233097507837], [0.008111434369747698, 0.010371914321155251, -0.037718621331684035], [-0.02965233097507837, -0.037718621331684035, 0.1456553864061934]], "chi2_level": 0.95, "chi2_df": 3, "chi2_threshold": 7.814727903251179, "N_raw": 7, "N_roi": 7, "N_inlier": 6, "refit": true}
{"timestamp": "15:08:00.267073", "frame": 96, "mu": [1.678663237013901, 4.267833433608251, 1.343325459107787], "Sigma": [[0.013771862402593399, 0.0011192839542387392, -0.019402685589117126], [0.001119283954238739, 0.0015198130920865633, -0.0015945032702494937], [-0.019402685589117126, -0.001594503270249494, 0.029492217225037594]], "chi2_level": 0.95, "chi2_df": 3, "chi2_threshold": 7.814727903251179, "N_raw": 8, "N_roi": 7, "N_inlier": 7, "refit": true}
{"timestamp": "15:08:00.376559", "frame": 98, "mu": [1.679932327648288, 4.342524513812191, 1.060416558732377], "Sigma": [[0.02300012684801084, -0.005381537532849701, -0.06381245493549309], [-0.005381537532849701, 0.001623931825157067, 0.0158915410839642], [-0.06381245493549309, 0.0158915410839642, 0.19471748634582295]], "chi2_level": 0.95, "chi2_df": 3, "chi2_threshold": 7.814727903251179, "N_raw": 7, "N_roi": 6, "N_inlier": 6, "refit": true}
{"timestamp": "15:08:00.433136", "frame": 99, "mu": [1.71135820811882, 4.379275538819775, 0.727292137040718], "Sigma": [[0.003905270234246391, -0.0013002502091246473, -0.008829522881480412], [-0.0013002502091246473, 0.000890800561077648, 0.0014292523962349522], [-0.00882952288148041, 0.0014292523962349524, 0.039183597998138184]], "chi2_level": 0.95, "chi2_df": 3, "chi2_threshold": 7.814727903251179, "N_raw": 11, "N_roi": 11, "N_inlier": 10, "refit": true}
{"timestamp": "15:08:00.528969", "frame": 100, "mu": [1.759315095264262, 4.485125540840997, 1.0698175906797363], "Sigma": [[0.026115710010917816, -0.010809211791425036, -0.03477673464556383], [-0.010809211791425036, 0.005991528565806872, 0.01072999458846793], [-0.03477673464556383, 0.01072999458846793, 0.0649778658408436]], "chi2_level": 0.95, "chi2_df": 3, "chi2_threshold": 7.814727903251179, "N_raw": 41, "N_roi": 40, "N_inlier": 37, "refit": true}
{"timestamp": "15:08:00.551566", "frame": 101, "mu": [1.482350459134975, 4.017348370136541, 1.2170008410106314], "Sigma": [[0.2919262971725433, 0.7708763949897982, -0.13895451651780086], [0.7708763949897984, 2.056763045863437, -0.35447438652347113], [-0.13895451651780086, -0.35447438652347113, 0.07408286842271385]], "chi2_level": 0.95, "chi2_df": 3, "chi2_threshold": 7.814727903251179, "N_raw": 8, "N_roi": 6, "N_inlier": 6, "refit": true}
{"timestamp": "15:08:00.597924", "frame": 102, "mu": [1.4766572484946046, 4.607737108063875, 1.5147601989851203], "Sigma": [[0.015468938221100773, 0.001503969078629149, -0.031078027713511265], [0.0015039690786291492, 0.0019469020855740662, -0.003513016013940075], [-0.031078027713511265, -0.0035130160139400747, 0.06314513007192535]], "chi2_level": 0.95, "chi2_df": 3, "chi2_threshold": 7.814727903251179, "N_raw": 10, "N_roi": 5, "N_inlier": 5, "refit": true}
{"timestamp": "15:08:00.652061", "frame": 103, "mu": [1.4174049670137165, 4.709142806909897, 1.6718219712688402], "Sigma": [[0.005377177159249827, 0.0037134159634978465, -0.004627945657307627], [0.0037134159634978465, 0.004028072067934742, -0.002263028852717758], [-0.004627945657307627, -0.002263028852717758, 0.004986315858544223]], "chi2_level": 0.95, "chi2_df": 3, "chi2_threshold": 7.814727903251179, "N_raw": 5, "N_roi": 5, "N_inlier": 5, "refit": true}
{"timestamp": "15:08:00.761790", "frame": 105, "mu": [1.5162642238086634, 4.727934488909457, 1.4219610858165528], "Sigma": [[0.00811211448334018, 0.004247301746014691, -0.008052722795830754], [0.004247301746014692, 0.0023005895092049365, -0.0038038375628423357], [-0.008052722795830754, -0.003803837562842336, 0.010299700534738313]], "chi2_level": 0.95, "chi2_df": 3, "chi2_threshold": 7.814727903251179, "N_raw": 5, "N_roi": 5, "N_inlier": 5, "refit": true}
{"timestamp": "15:08:00.816677", "frame": 106, "mu": [1.5586255886517435, 4.770528437911964, 1.254526245594186], "Sigma": [[0.028540908829463148, -0.002235743110678721, -0.06488604598333934], [-0.002235743110678721, 0.0011060268067822272, 0.010856657243332473], [-0.06488604598333934, 0.010856657243332473, 0.18664045338998422]], "chi2_level": 0.95, "chi2_df": 3, "chi2_threshold": 7.814727903251179, "N_raw": 7, "N_roi": 7, "N_inlier": 6, "refit": true}
{"timestamp": "15:08:00.871702", "frame": 107, "mu": [1.6593188750187693, 4.791079840607168, 0.9515977120504492], "Sigma": [[0.003555433201842268, -0.00021085782191208841, -0.01461126198459779], [-0.00021085782191208852, 0.0006582717725933047, 0.0015736809332129991], [-0.01461126198459779, 0.0015736809332129991, 0.11544795755306922]], "chi2_level": 0.95, "chi2_df": 3, "chi2_threshold": 7.814727903251179, "N_raw": 5, "N_roi": 5, "N_inlier": 5, "refit": true}
{"timestamp": "15:08:00.927456", "frame": 108, "mu": [1.5793166094356226, 4.868980487834219, 1.2527931329956181], "Sigma": [[0.01310413695344431, 0.0004471191558856354, -0.030887959121029433], [0.00044711915588563545, 6.938692289392625e-05, 0.00010341110872467713], [-0.030887959121029436, 0.00010341110872467724, 0.10132128207741203]], "chi2_level": 0.95, "chi2_df": 3, "chi2_threshold": 7.814727903251179, "N_raw": 5, "N_roi": 5, "N_inlier": 5, "refit": true}
{"timestamp": "15:08:00.981988", "frame": 109, "mu": [1.3602731332158309, 4.2571239202773254, 1.4144903699143014], "Sigma": [[0.24268294684431932, 0.7639197519671573, -0.17459921760374988], [0.7639197519671573, 2.4880595019969616, -0.44208829006293876], [-0.1745992176037499, -0.44208829006293876, 0.2844971870329059]], "chi2_level": 0.95, "chi2_df": 3, "chi2_threshold": 7.814727903251179, "N_raw": 6, "N_roi": 6, "N_inlier": 6, "refit": true}
{"timestamp": "15:08:01.036486", "frame": 110, "mu": [1.6102423970961728, 4.927909537930624, 1.3050968227488582], "Sigma": [[0.013502111867620712, 0.0006907536286899248, -0.02807484849669033], [0.0006907536286899248, 0.00020991994657128585, -0.0022006108022861607], [-0.028074848496690334, -0.002200610802286161, 0.06389185234292916]], "chi2_level": 0.95, "chi2_df": 3, "chi2_threshold": 7.814727903251179, "N_raw": 6, "N_roi": 6, "N_inlier": 6, "refit": true}
