{"timestamp": "15:08:34.228375", "frame": 2, "mu": [2.3355775102896974, 4.5134645397173605, 1.1340935146237965], "Sigma": [[0.011398344168785155, -0.005961715384086491, -0.0021043022045534113], [-0.005961715384086491, 0.005157934012959228, 0.0013761525280111399], [-0.0021043022045534117, 0.0013761525280111399, 0.0017316434015565544]], "chi2_level": 0.95, "chi2_df": 3, "chi2_threshold": 7.814727903251179, "N_raw": 23, "N_roi": 17, "N_inlier": 16, "refit": true}
{"timestamp": "15:08:34.283691", "frame": 3, "mu": [2.3492127865777452, 4.4779330836024, 1.0769809762147147], "Sigma": [[0.010065109568120331, -0.006211329165138997, -0.0064562254114295245], [-0.006211329165138997, 0.006180746981169294, 0.005328241030935988], [-0.006456225411429525, 0.005328241030935988, 0.006293256994283777]], "chi2_level": 0.95, "chi2_df": 3, "chi2_threshold": 7.814727903251179, "N_raw": 27, "N_roi": 16, "N_inlier": 15, "refit": true}
{"timestamp": "15:08:34.342967", "frame": 4, "mu": [2.321640325154637, 4.50417932679392, 1.1580529177197565], "Sigma": [[0.01274248162011019, -0.00457056232259926, 0.0003714951632514328], [-0.00457056232259926, 0.007341694290697159, -0.0007153393275977347], [0.0003714951632514328, -0.0007153393275977347, 0.00025572004465842233]], "chi2_level": 0.95, "chi2_df": 3, "chi2_threshold": 7.814727903251179, "N_raw": 51, "N_roi": 33, "N_inlier": 30, "refit": true}
{"timestamp": "15:08:34.395157", "frame": 5, "mu": [2.310468356980371, 4.501912385699247, 1.1936401481266303], "Sigma": [[0.01435964128658939, -0.007122092434549003, -0.0036758236507776856], [-0.007122092434549001, 0.007838789116089687, 0.003192197779361766], [-0.0036758236507776856, 0.003192197779361766, 0.003002491582293461]], "chi2_level": 0.95, "chi2_df": 3, "chi2_threshold": 7.814727903251179, "N_raw": 38, "N_roi": 28, "N_inlier": 26, "refit": true}
{"timestamp": "15:08:34.451707", "frame": 6, "mu": [2.295497340812077, 4.494876676716007, 1.1747631440876412], "Sigma": [[0.01496994837679736, -0.005660736426114442, -0.0010960814138675835], [-0.005660736426114443, 0.005575990509110648, 0.0010004395618544294], [-0.0010960814138675835, 0.0010004395618544294, 0.001387122696865102]], "chi2_level": 0.95, "chi2_df": 3, "chi2_threshold": 7.814727903251179, "N_raw": 30, "N_roi": 27, "N_inlier": 25, "refit": true}
{"timestamp": "15:08:34.508752", "frame": 7, "mu": [2.3211932653797516, 4.563449352154957, 0.18369682745510424], "Sigma": [[0.01535562248956027, -0.007575663884182699, -0.005887849463737774], [-0.0075756638841827, 0.007938856801980582, 0.002745659274992573], [-0.005887849463737774, 0.002745659274992573, 0.00494207993869969]], "chi2_level": 0.95, "chi2_df": 3, "chi2_threshold": 7.814727903251179, "N_raw": 37, "N_roi": 26, "N_inlier": 26, "refit": true}
{"timestamp": "15:08:34.560260", "frame": 8, "mu": [2.3449083555291192, 4.484757559085183, 1.0224350173034762], "Sigma": [[0.0100092758074463, -0.00566144924934388, -0.0014339874117114588], [-0.00566144924934388, 0.007977373060759584, 0.003181767415987481], [-0.0014339874117114586, 0.0031817674159874813, 0.005444027208313963]], "chi2_level": 0.95, "chi2_df": 3, "chi2_threshold": 7.814727903251179, "N_raw": 24, "N_roi": 19, "N_inlier": 17, "refit": true}
{"timestamp": "15:08:34.614500", "frame": 9, "mu": [2.3667798372939037, 4.649971310225195, 0.8848118279590572], "Sigma": [[0.005405992571920651, 0.0011827820145880845, 0.0016869174167412104], [0.0011827820145880845, 0.008238336846405162, -0.002143008725635922], [0.00168691741674121, -0.002143008725635923, 0.035195266425175745]], "chi2_level": 0.95, "chi2_df": 3, "chi2_threshold": 7.814727903251179, "N_raw": 13, "N_roi": 10, "N_inlier": 10, "refit": true}
{"timestamp": "15:08:34.673638", "frame": 10, "mu": [2.2859389804478463, 4.534996948958769, 1.3875820600846054], "Sigma": [[0.01397469550619668, -0.005991104523087951, -0.0016245047477871587], [-0.00599110452308795, 0.006388045948373015, -0.0005326624309968085], [-0.0016245047477871583, -0.0005326624309968083, 0.0035722289140899055]], "chi2_level": 0.95, "chi2_df": 3, "chi2_threshold": 7.814727903251179, "N_raw": 40, "N_roi": 31, "N_inlier": 27, "refit": true}
{"timestamp": "15:08:34.724216", "frame": 11, "mu": [2.3959315232607175, 4.5159764262431255, 0.9492158510192882], "Sigma": [[0.004876827538150017, 0.0016447105410948666, -0.017853225137310167], [0.001644710541094867, 0.0016432725385749664, -0.003013444814891031], [-0.017853225137310167, -0.0030134448148910306, 0.07930170134462824]], "chi2_level": 0.95, "chi2_df": 3, "chi2_threshold": 7.814727903251179, "N_raw": 7, "N_roi": 7, "N_inlier": 6, "refit": true}
{"timestamp": "15:08:34.840799", "frame": 13, "mu": [2.228155700602492, 4.496407392843192, 1.2502425060120697], "Sigma": [[0.025645718528097848, -0.010886742078725063, -0.013397061854039738], [-0.010886742078725063, 0.008913291181848138, 4.250935774350109e-05], [-0.013397061854039737, 4.250935774350142e-05, 0.02118418160224643]], "chi2_level": 0.95, "chi2_df": 3, "chi2_threshold": 7.814727903251179, "N_raw": 52, "N_roi": 43, "N_inlier": 38, "refit": true}
{"timestamp": "15:08:34.893827", "frame": 14, "mu": [2.276561576681729, 4.574930066981631, 0.6537441582105219], "Sigma": [[0.01789663523506279, -0.005686898328161337, 0.003353959959344357], [-0.005686898328161336, 0.009842420783043763, -0.0074218259721153985], [0.0033539599593443567, -0.007421825972115397, 0.06975271097810928]], "chi2_level": 0.95, "chi2_df": 3, "chi2_threshold": 7.814727903251179, "N_raw": 43, "N_roi": 33, "N_inlier": 32, "refit": true}
{"timestamp": "15:08:34.946465", "frame": 15, "mu": [2.2414988039074037, 4.587097459014726, 0.5419964067802012], "Sigma": [[0.021146025539880504, -0.008619239918449526, 0.0008853384950662496], [-0.008619239918449526, 0.00486285945811281, -0.0024660970678908], [0.0008853384950662498, -0.0024660970678908, 0.00746350205385654]], "chi2_level": 0.95, "chi2_df": 3, "chi2_threshold": 7.814727903251179, "N_raw": 34, "N_roi": 27, "N_inlier": 26, "refit": true}
{"timestamp": "15:08:35.056048", "frame": 17, "mu": [2.1524363464211667, 4.481579891295098, 1.2521359711869338], "Sigma": [[0.029113710951409646, -0.015163608855606208, -0.01110519534286902], [-0.015163608855606204, 0.009511107604795871, 0.005832096173724601], [-0.01110519534286902, 0.005832096173724601, 0.005714155130580808]], "chi2_level": 0.95, "chi2_df": 3, "chi2_threshold": 7.814727903251179, "N_raw": 32, "N_roi": 25, "N_inlier": 24, "refit": true}
{"timestamp": "15:08:35.108328", "frame": 18, "mu": [1.8525851772341433, 3.8847577095286665, 1.4258255916266591], "Sigma": [[0.4783176593487236, 1.0629483953083134, -0.10619440844151046], [1.0629483953083134, 2.378000748054545, -0.23827921991483025], [-0.10619440844151046, -0.23827921991483023, 0.02390908906377208]], "chi2_level": 0.95, "chi2_df": 3, "chi2_threshold": 7.814727903251179, "N_raw": 9, "N_roi": 5, "N_inlier": 5, "refit": true}
{"timestamp": "15:08:35.164192", "frame": 19, "mu": [1.8225663443975726, 3.9551978354547597, 1.3351590269408953], "Sigma": [[0.4988739003660646, 0.9983387665917486, -0.20399912984663415], [0.9983387665917485, 2.00925689160905, -0.3999732253972302], [-0.20399912984663415, -0.3999732253972302, 0.1011987510822081]], "chi2_level": 0.95, "chi2_df": 3, "chi2_threshold": 7.814727903251179, "N_raw": 9, "N_roi": 5, "N_inlier": 5, "refit": true}
{"timestamp": "15:08:35.276625", "frame": 21, "mu": [1.8744994401631734, 4.544770773163829, 1.3456627688531442], "Sigma": [[0.01407568456780345, -0.007150306790471834, -0.015107865230918142], [-0.007150306790471833, 0.005391505506745679, 0.00689258015141024], [-0.015107865230918142, 0.006892580151410239, 0.02058305021117441]], "chi2_level": 0.95, "chi2_df": 3, "chi2_threshold": 7.814727903251179, "N_raw": 26, "N_roi": 21, "N_inlier": 20, "refit": true}
{"timestamp": "15:08:35.332197", "frame": 22, "mu": [1.8558452635730558, 4.55000898154227, 1.5089438161906317], "Sigma": [[0.025152005093709684, -0.009314184283113997, -0.004709570466531521], [-0.009314184283113997, 0.006694566218156545, 0.002287741883435842], [-0.004709570466531521, 0.0022877418834358417, 0.0027917864922672236]], "chi2_level": 0.95, "chi2_df": 3, "chi2_threshold": 7.814727903251179, "N_raw": 34, "N_roi": 34, "N_inlier": 32, "refit": true}
{"timestamp": "15:08:35.386455", "frame": 23, "mu": [1.789772747434445, 4.5940361152371265, 1.4683837229732553], "Sigma": [[0.015328840189128312, -0.0069174354406233395, -0.009969774489458027], [-0.006917435440623339, 0.004820560756483626, 0.0031342930252850395], [-0.009969774489458027, 0.0031342930252850395, 0.010690086802913166]], "chi2_level": 0.95, "chi2_df": 3, "chi2_threshold": 7.814727903251179, "N_raw": 23, "N_roi": 21, "N_inlier": 21, "refit": true}
{"timestamp": "15:08:35.439083", "frame": 24, "mu": [1.7699565327588287, 4.546976165272593, 1.3617485148902135], "Sigma": [[0.00936782338445106, -0.0019449754778538021, -0.0321831315527224], [-0.001944975477853802, 0.0024743380988605946, 0.005187923932673219], [-0.0321831315527224, 0.005187923932673219, 0.11578941880025154]], "chi2_level": 0.95, "chi2_df": 3, "chi2_threshold": 7.814727903251179, "N_raw": 8, "N_roi": 5, "N_inlier": 5, "refit": true}
{"timestamp": "15:08:35.494584", "frame": 25, "mu": [1.7995663652503509, 4.544807794935847, 1.0359412171780171], "Sigma": [[0.011327136879414433, -0.005127829974477257, -0.006496061352997587], [-0.005127829974477256, 0.0050230357371682495, 0.004486919974789262], [-0.006496061352997587, 0.004486919974789263, 0.007242886354637687]], "chi2_level": 0.95, "chi2_df": 3, "chi2_threshold": 7.814727903251179, "N_raw": 17, "N_roi": 13, "N_inlier": 12, "refit": true}
{"timestamp": "15:08:35.548944", "frame": 26, "mu": [1.8773549119361235, 4.402797870052979, 0.6024348222562265], "Sigma": [[0.0007761639690635728, 0.0011270551786291686, -0.0014541618095331881], [0.0011270551786291686, 0.004229561520982866, -0.004063561155837697], [-0.0014541618095331881, -0.004063561155837697, 0.008870154422859869]], "chi2_level": 0.95, "chi2_df": 3, "chi2_threshold": 7.814727903251179, "N_raw": 8, "N_roi": 5, "N_inlier": 5, "refit": true}
{"timestamp": "15:08:35.602825", "frame": 27, "mu": [1.748890494767715, 4.468184993046757, 0.6910718166254158], "Sigma": [[0.0016245175642599066, -0.0007921628284584465, 0.0005542494423296201], [-0.0007921628284584465, 0.0008766077275763745, 0.000993894808917333], [0.0005542494423296188, 0.000993894808917333, 0.11161340038580247]], "chi2_level": 0.95, "chi2_df": 3, "chi2_threshold": 7.814727903251179, "N_raw": 5, "N_roi": 5, "N_inlier": 5, "refit": true}
{"timestamp": "15:08:35.657851", "frame": 28, "mu": [1.678195295053916, 4.547215734755278, 0.8265183455442201], "Sigma": [[0.006277699062931515, -0.003899478942306209, 0.0035633920522636494], [-0.003899478942306209, 0.0030982310751905785, -0.004559435678702513], [0.0035633920522636494, -0.004559435678702512, 0.028529357522276224]], "chi2_level": 0.95, "chi2_df": 3, "chi2_threshold": 7.814727903251179, "N_raw": 10, "N_roi": 9, "N_inlier": 9, "refit": true}
{"timestamp": "15:08:35.712711", "frame": 29, "mu": [1.4679381480424407, 3.9793959727269974, 1.0825011561574964], "Sigma": [[0.3061236664491617, 0.7656795074105331, -0.22781065027032524], [0.7656795074105331, 1.9215100821392834, -0.5616669530828355], [-0.22781065027032524, -0.5616669530828355, 0.18205193124245855]], "chi2_level": 0.95, "chi2_df": 3, "chi2_threshold": 7.814727903251179, "N_raw": 5, "N_roi": 5, "N_inlier": 5, "refit": true}
{"timestamp": "15:08:35.769003", "frame": 30, "mu": [1.4970801577933366, 4.540771452994099, 1.1453876758536112], "Sigma": [[0.00021183205004536926, 0.0005742753180681872, -0.0015451109682664908], [0.0005742753180681873, 0.003130084489217892, -0.009221752646306128], [-0.0015451109682664908, -0.009221752646306128, 0.034232350730956124]], "chi2_level": 0.95, "chi2_df": 3, "chi2_threshold": 7.814727903251179, "N_raw": 9, "N_roi": 5, "N_inlier": 5, "refit": true}
{"timestamp": "15:08:35.823507", "frame": 31, "mu": [1.3816174034063902, 4.539926368495324, 1.30126136498107], "Sigma": [[0.002544218928675889, 0.0017986663416728577, -0.010838659484931755], [0.0017986663416728577, 0.0017363617246415005, -0.007717133374329477], [-0.010838659484931755, -0.007717133374329477, 0.048366502831697196]], "chi2_level": 0.95, "chi2_df": 3, "chi2_threshold": 7.814727903251179, "N_raw": 6, "N_roi": 5, "N_inlier": 5, "refit": true}
{"timestamp": "15:08:35.884096", "frame": 32, "mu": [1.352313210944989, 4.4774683955530525, 1.1920904673663757], "Sigma": [[0.022787117005623525, -0.014664556760023213, -0.021067311115324547], [-0.014664556760023215, 0.01259851594151669, 0.011044903340417174], [-0.021067311115324547, 0.011044903340417174, 0.026413682598345485]], "chi2_level": 0.95, "chi2_df": 3, "chi2_threshold": 7.814727903251179, "N_raw": 44, "N_roi": 38, "N_inlier": 36, "refit": true}
{"timestamp": "15:08:35.936734", "frame": 33, "mu": [1.2315093945296447, 4.534719173589517, 1.3706881965309934], "Sigma": [[0.021131857005905107, -0.006386253674523026, -0.020490170457514105], [-0.006386253674523026, 0.005114706797469595, 0.0056052390508627365], [-0.020490170457514105, 0.005605239050862736, 0.02374560716327129]], "chi2_level": 0.95, "chi2_df": 3, "chi2_threshold": 7.814727903251179, "N_raw": 33, "N_roi": 33, "N_inlier": 33, "refit": true}
{"timestamp": "15:08:35.992825", "frame": 34, "mu": [1.130985603201219, 4.539024631884852, 1.413009326284387], "Sigma": [[0.01930260816320982, -0.010480281884717389, -0.03028215204653745], [-0.010480281884717387, 0.010383117861580806, 0.019571946020088406], [-0.030282152046537454, 0.01957194602008841, 0.05595682513780778]], "chi2_level": 0.95, "chi2_df": 3, "chi2_threshold": 7.814727903251179, "N_raw": 35, "N_roi": 32, "N_inlier": 30, "refit": true}
{"timestamp": "15:08:36.047223", "frame": 35, "mu": [1.0960760140846155, 4.551018019895071, 1.507845063543841], "Sigma": [[0.013297774444948613, -0.003053914329461142, -0.006455183822364123], [-0.003053914329461142, 0.0026155788777658126, -0.0005090833282318148], [-0.006455183822364123, -0.0005090833282318149, 0.013025544924760326]], "chi2_level": 0.95, "chi2_df": 3, "chi2_threshold": 7.814727903251179, "N_raw": 26, "N_roi": 23, "N_inlier": 20, "refit": true}
{"timestamp": "15:08:36.103225", "frame": 36, "mu": [1.209942210194518, 4.381841747539314, 0.9974089103250593], "Sigma": [[0.008193185231480693, -0.004463171087933851, 0.006664582640412479], [-0.004463171087933851, 0.008895884822033148, -0.02974498235163786], [0.006664582640412479, -0.02974498235163786, 0.179901360531621]], "chi2_level": 0.95, "chi2_df": 3, "chi2_threshold": 7.814727903251179, "N_raw": 32, "N_roi": 25, "N_inlier": 24, "refit": true}
{"timestamp": "15:08:36.155693", "frame": 37, "mu": [1.1451616563110785, 4.388296586933089, -0.4808618386672062], "Sigma": [[0.010744441139408511, 0.001697967436126091, 0.04044398230651268], [0.001697967436126091, 0.0033775687340995655, 0.013911537470694953], [0.04044398230651268, 0.013911537470694955, 0.25900918633205944]], "chi2_level": 0.95, "chi2_df": 3, "chi2_threshold": 7.814727903251179, "N_raw": 24, "N_roi": 22, "N_inlier": 20, "refit": true}
{"timestamp": "15:08:36.208498", "frame": 38, "mu": [1.0376256629293616, 4.479575213648715, 1.1254195985419027], "Sigma": [[0.0024063996537902555, -0.0004911932243007829, -0.0005504948198074347], [-0.000491193224300783, 0.00848654877518516, -0.0024149325609858323], [-0.0005504948198074347, -0.0024149325609858327, 0.001062900117177577]], "chi2_level": 0.95, "chi2_df": 3, "chi2_threshold": 7.814727903251179, "N_raw": 12, "N_roi": 10, "N_inlier": 10, "refit": true}
{"timestamp": "15:08:36.265289", "frame": 39, "mu": [0.9734860681707911, 4.40153812673443, 1.152785002887172], "Sigma": [[0.004614192336005398, -0.001359927598039855, 0.0003364180956780665], [-0.001359927598039855, 0.003175053045957775, -0.0006428838429071284], [0.00033641809567806644, -0.0006428838429071284, 0.00013213549879501353]], "chi2_level": 0.95, "chi2_df": 3, "chi2_threshold": 7.814727903251179, "N_raw": 22, "N_roi": 10, "N_inlier": 9, "refit": true}
{"timestamp": "15:08:36.377607", "frame": 41, "mu": [0.7849369193672969, 4.5394712886336634, 1.2665518976457018], "Sigma": [[0.010756999112864723, -0.00358579310652321, -0.002840309692788692], [-0.00358579310652321, 0.0035693638144338275, -0.0012968875214336626], [-0.0028403096927886924, -0.0012968875214336628, 0.006036640577795231]], "chi2_level": 0.95, "chi2_df": 3, "chi2_threshold": 7.814727903251179, "N_raw": 35, "N_roi": 26, "N_inlier": 23, "refit": true}
{"timestamp": "15:08:36.429542", "frame": 42, "mu": [0.7621597460354402, 4.533759266800908, 1.1372333271698014], "Sigma": [[0.008799696053568945, -0.0003748507235401704, -0.04025057570809317], [-0.0003748507235401706, 0.006979760917479083, -0.014510525260799996], [-0.04025057570809317, -0.014510525260799996, 0.23955665674768847]], "chi2_level": 0.95, "chi2_df": 3, "chi2_threshold": 7.814727903251179, "N_raw": 11, "N_roi": 8, "N_inlier": 7, "refit": true}
{"timestamp": "15:08:36.483810", "frame": 43, "mu": [0.8407317385488225, 4.474801098508515, 0.665549630445677], "Sigma": [[0.016568767744887036, 0.007495367710990132, -0.06187936361051644], [0.007495367710990132, 0.005795760784053182, -0.03249929792515908], [-0.06187936361051644, -0.03249929792515908, 0.2412807312481995]], "chi2_level": 0.95, "chi2_df": 3, "chi2_threshold": 7.814727903251179, "N_raw": 8, "N_roi": 6, "N_inlier": 6, "refit": true}
{"timestamp": "15:08:36.650846", "frame": 46, "mu": [0.4615752492290782, 4.067036307010996, 1.0140051459273018], "Sigma": [[0.019942802730186122, 0.1898597360072116, -0.041548894744179735], [0.18985973600721162, 1.9602350997907878, -0.5757820780734798], [-0.04154889474417975, -0.5757820780734798, 0.37235004869831034]], "chi2_level": 0.95, "chi2_df": 3, "chi2_threshold": 7.814727903251179, "N_raw": 25, "N_roi": 7, "N_inlier": 7, "refit": true}
{"timestamp": "15:08:36.703875", "frame": 47, "mu": [0.43259174756260493, 4.593109478631996, 1.0312827962316349], "Sigma": [[0.01021642742125989, 0.004893175423394353, -0.05268678162437083], [0.004893175423394353, 0.006069574354194879, -0.03596707157288914], [-0.05268678162437083, -0.03596707157288914, 0.3417292315859016]], "chi2_level": 0.95, "chi2_df": 3, "chi2_threshold": 7.814727903251179, "N_raw": 14, "N_roi": 11, "N_inlier": 11, "refit": true}
{"timestamp": "15:08:36.758856", "frame": 48, "mu": [0.3006966176926103, 4.547804144449561, 1.386999383413497], "Sigma": [[0.0005972098127928971, -0.0009859027471297137, 0.009156748064536398], [-0.0009859027471297137, 0.005009332279054902, -0.009895100417236456], [0.009156748064536398, -0.009895100417236454, 0.17718013177664707]], "chi2_level": 0.95, "chi2_df": 3, "chi2_threshold": 7.814727903251179, "N_raw": 9, "N_roi": 6, "N_inlier": 5, "refit": true}
{"timestamp": "15:08:36.873211", "frame": 50, "mu": [0.3766318154459401, 4.443245969059761, 1.0732621052229763], "Sigma": [[0.017306505721807752, -0.0035521471870226433, -0.0073545374714109575], [-0.0035521471870226433, 0.004328620087239541, 0.0038162409510126725], [-0.0073545374714109575, 0.0038162409510126725, 0.005611034476183103]], "chi2_level": 0.95, "chi2_df": 3, "chi2_threshold": 7.814727903251179, "N_raw": 40, "N_roi": 34, "N_inlier": 30, "refit": true}
{"timestamp": "15:08:36.928145", "frame": 51, "mu": [0.1684998348376497, 4.460103574066994, 1.1160005715031227], "Sigma": [[0.028068405910900936, -0.0028965512372105674, -0.011571367461525432], [-0.0028965512372105674, 0.0030937847401312315, 0.00010377048475860705], [-0.011571367461525432, 0.00010377048475860705, 0.007054646074843854]], "chi2_level": 0.95, "chi2_df": 3, "chi2_threshold": 7.814727903251179, "N_raw": 44, "N_roi": 44, "N_inlier": 41, "refit": true}
{"timestamp": "15:08:36.980250", "frame": 52, "mu": [0.21708334056464818, 4.6822752986698255, -0.10340021830128535], "Sigma": [[0.025658127320224277, 0.03237046391974343, -0.07195701682714667], [0.03237046391974343, 0.04879952721522816, -0.10268881223499544], [-0.07195701682714667, -0.10268881223499544, 0.2312637618630355]], "chi2_level": 0.95, "chi2_df": 3, "chi2_threshold": 7.814727903251179, "N_raw": 15, "N_roi": 7, "N_inlier": 7, "refit": true}
{"timestamp": "15:08:37.033602", "frame": 53, "mu": [0.08975077891304442, 4.398225615855924, 1.0781938817842884], "Sigma": [[4.454440625464144e-06, 0.00011695637953393112, -0.00023077056540138607], [0.00011695637953393112, 0.004012730508409574, -0.007619243284308276], [-0.00023077056540138607, -0.007619243284308276, 0.01614110340621943]], "chi2_level": 0.95, "chi2_df": 3, "chi2_threshold": 7.814727903251179, "N_raw": 8, "N_roi": 5, "N_inlier": 5, "refit": true}
{"timestamp": "15:08:37.088250", "frame": 54, "mu": [0.023271876426350792, 4.567691144172721, 0.24916290108848427], "Sigma": [[0.006946225809777727, 0.014603174286307731, -0.02734649785520344], [0.014603174286307731, 0.04364908670845428, -0.06955353415483678], [-0.027346497855203437, -0.06955353415483677, 0.1236386758388674]], "chi2_level": 0.95, "chi2_df": 3, "chi2_threshold": 7.814727903251179, "N_raw": 11, "N_roi": 5, "N_inlier": 5, "refit": true}
{"timestamp": "15:08:37.152283", "frame": 55, "mu": [-0.0636594445061977, 4.396908581710333, 1.2229641112336187], "Sigma": [[0.02134538451492131, -0.0029825150426807294, -0.010548124152547087], [-0.0029825150426807294, 0.00495246732486805, 0.0011997110783894455], [-0.010548124152547087, 0.0011997110783894453, 0.0066460811449151735]], "chi2_level": 0.95, "chi2_df": 3, "chi2_threshold": 7.814727903251179, "N_raw": 73, "N_roi": 46, "N_inlier": 44, "refit": true}
{"timestamp": "15:08:37.310021", "frame": 58, "mu": [-0.2514140639857106, 4.481564818222591, 1.1025158190252828], "Sigma": [[0.013148636489375618, 0.0001675019352711068, -0.0031916261209734747], [0.00016750193527110673, 0.001422303573767037, -0.0007062527405578111], [-0.0031916261209734747, -0.0007062527405578111, 0.002122576550879316]], "chi2_level": 0.95, "chi2_df": 3, "chi2_threshold": 7.814727903251179, "N_raw": 22, "N_roi": 22, "N_inlier": 20, "refit": true}
{"timestamp": "15:08:37.368908", "frame": 59, "mu": [-0.33353628497140886, 4.463156350771276, 1.2060899767118862], "Sigma": [[0.03129608304265269, 0.0012659804589890077, -0.011895548984347689], [0.0012659804589890077, 0.0024238470527964146, -0.0017686723387961528], [-0.011895548984347689, -0.0017686723387961528, 0.006329513820308175]], "chi2_level": 0.95, "chi2_df": 3, "chi2_threshold": 7.814727903251179, "N_raw": 43, "N_roi": 42, "N_inlier": 39, "refit": true}
{"timestamp": "15:08:37.423196", "frame": 60, "mu": [-0.4386891938960392, 4.434638050642442, 1.4349546418077281], "Sigma": [[0.025431246450255997, -0.0001641204128111523, -0.011114366198353435], [-0.00016412041281115247, 0.0035742452569134464, 0.0018444230890948443], [-0.011114366198353433, 0.0018444230890948443, 0.006543661917817188]], "chi2_level": 0.95, "chi2_df": 3, "chi2_threshold": 7.814727903251179, "N_raw": 41, "N_roi": 39, "N_inlier": 35, "refit": true}
{"timestamp": "15:08:37.474499", "frame": 61, "mu": [-0.5717439192214412, 4.436691881685819, 1.4085652059883074], "Sigma": [[0.011322176961031521, 0.0009713495884611136, 0.0033066677760790536], [0.0009713495884611134, 0.0032951006890199054, -0.008954632430898973], [0.0033066677760790536, -0.008954632430898973, 0.10464496022765754]], "chi2_level": 0.95, "chi2_df": 3, "chi2_threshold": 7.814727903251179, "N_raw": 17, "N_roi": 15, "N_inlier": 13, "refit": true}
{"timestamp": "15:08:37.528245", "frame": 62, "mu": [-0.5980515926489937, 4.415922965605605, 1.4655416713898675], "Sigma": [[0.004257650745308526, 0.0007307774149983898, -0.0008091452655562589], [0.0007307774149983898, 0.001537944016171794, 0.001514284660388493], [-0.0008091452655562591, 0.001514284660388493, 0.002643409553843992]], "chi2_level": 0.95, "chi2_df": 3, "chi2_threshold": 7.814727903251179, "N_raw": 12, "N_roi": 9, "N_inlier": 8, "refit": true}
{"timestamp": "15:08:37.587536", "frame": 63, "mu": [-0.532091816953575, 4.47741554804351, 0.8703163711070288], "Sigma": [[0.0374578336966464, 0.0076660884741685245, -0.10081955022957345], [0.0076660884741685245, 0.005839597515291642, -0.032441056695756254], [-0.10081955022957345, -0.032441056695756254, 0.33479577026265733]], "chi2_level": 0.95, "chi2_df": 3, "chi2_threshold": 7.814727903251179, "N_raw": 33, "N_roi": 8, "N_inlier": 8, "refit": true}
{"timestamp": "15:08:37.640193", "frame": 64, "mu": [-0.6782845864255282, 4.481755278892361, 0.9820432409040516], "Sigma": [[0.04902337540231256, 0.002723051445752614, -0.08068900681615546], [0.002723051445752614, 0.0006962284129551419, -0.0052176899150193695], [-0.08068900681615546, -0.00521768991501937, 0.15957328442928934]], "chi2_level": 0.95, "chi2_df": 3, "chi2_threshold": 7.814727903251179, "N_raw": 22, "N_roi": 16, "N_inlier": 15, "refit": true}
{"timestamp": "15:08:37.803360", "frame": 67, "mu": [-0.9089422469189252, 4.464845771238356, 0.9427562018443918], "Sigma": [[0.0018722152431187842, 0.002615765030451358, -0.020424089741057742], [0.002615765030451358, 0.008154729443878185, -0.03760258583010087], [-0.020424089741057742, -0.037602585830100864, 0.2608700228465084]], "chi2_level": 0.95, "chi2_df": 3, "chi2_threshold": 7.814727903251179, "N_raw": 9, "N_roi": 6, "N_inlier": 6, "refit": true}
{"timestamp": "15:08:37.859123", "frame": 68, "mu": [-0.9233719475150476, 4.389900370798747, 1.1910855346522005], "Sigma": [[0.0014455181812111117, -0.003274733186068797, -0.001228912733468963], [-0.003274733186068797, 0.0078113030940083, 0.002761357305118975], [-0.001228912733468963, 0.002761357305118975, 0.006491810268353742]], "chi2_level": 0.95, "chi2_df": 3, "chi2_threshold": 7.814727903251179, "N_raw": 12, "N_roi": 6, "N_inlier": 5, "refit": true}
{"timestamp": "15:08:37.918144", "frame": 69, "mu": [-1.004091766837789, 4.356349742400073, 0.9457472674130195], "Sigma": [[0.020495395525108755, -0.0038499072146284253, 0.03550270162258459], [-0.0038499072146284253, 0.0035046318591831476, -0.016556194743181755], [0.03550270162258459, -0.016556194743181755, 0.1368414199468536]], "chi2_level": 0.95, "chi2_df": 3, "chi2_threshold": 7.814727903251179, "N_raw": 40, "N_roi": 18, "N_inlier": 18, "refit": true}
{"timestamp": "15:08:37.967583", "frame": 70, "mu": [-1.068406092024429, 4.416962953413294, 1.1082845196348146], "Sigma": [[0.004845758449647318, -8.454801142724284e-05, 0.030974386967770093], [-8.454801142724282e-05, 0.005254813566565496, -0.0032687003841392935], [0.03097438696777009, -0.003268700384139293, 0.20302594459042367]], "chi2_level": 0.95, "chi2_df": 3, "chi2_threshold": 7.814727903251179, "N_raw": 5, "N_roi": 5, "N_inlier": 5, "refit": true}
{"timestamp": "15:08:38.079476", "frame": 72, "mu": [-1.1466145454562544, 4.422209423335978, 0.9311475958716076], "Sigma": [[0.005298956681953608, 0.0003455363191345658, 0.015657695026856787], [0.0003455363191345658, 0.0012565368296550616, -0.005788559747799318], [0.01565769502685679, -0.005788559747799318, 0.16575312459719935]], "chi2_level": 0.95, "chi2_df": 3, "chi2_threshold": 7.814727903251179, "N_raw": 18, "N_roi": 14, "N_inlier": 13, "refit": true}
{"timestamp": "15:08:38.134143", "frame": 73, "mu": [-1.0593196447578166, 4.48890685699376, 0.5244246594888163], "Sigma": [[0.013200635437157217, 0.014533554152892087, -0.044984543314050426], [0.014533554152892088, 0.018523556948750023, -0.037274931980553275], [-0.044984543314050426, -0.037274931980553275, 0.2149796537619766]], "chi2_level": 0.95, "chi2_df": 3, "chi2_threshold": 7.814727903251179, "N_raw": 13, "N_roi": 5, "N_inlier": 5, "refit": true}
{"timestamp": "15:08:38.189143", "frame": 74, "mu": [-1.2475594353535988, 4.463308939695513, 0.9435173234140977], "Sigma": [[0.0006401731075358725, 0.0017063450921049272, -0.008473956094468554], [0.0017063450921049272, 0.006839650666714808, -0.03307401109118141], [-0.008473956094468554, -0.03307401109118141, 0.33079738675099335]], "chi2_level": 0.95, "chi2_df": 3, "chi2_threshold": 7.814727903251179, "N_raw": 12, "N_roi": 6, "N_inlier": 6, "refit": true}
{"timestamp": "15:08:38.245338", "frame": 75, "mu": [-1.4296834395816915, 4.360964794520254, 1.3416890342250836], "Sigma": [[0.012720590555108956, 0.002500277992953607, -0.0026138917676608964], [0.002500277992953607, 0.001774384664716853, -0.0010105957812992473], [-0.002613891767660896, -0.0010105957812992473, 0.000919431721722095]], "chi2_level": 0.95, "chi2_df": 3, "chi2_threshold": 7.814727903251179, "N_raw": 25, "N_roi": 19, "N_inlier": 17, "refit": true}
{"timestamp": "15:08:38.301392", "frame": 76, "mu": [-1.477585861041213, 4.374118372671922, 1.4788366510840447], "Sigma": [[0.013930382085978738, 0.004214169179810394, -0.006690428276714014], [0.004214169179810394, 0.0027396255966625326, -0.004060092199129648], [-0.006690428276714014, -0.004060092199129648, 0.008635458773403838]], "chi2_level": 0.95, "chi2_df": 3, "chi2_threshold": 7.814727903251179, "N_raw": 26, "N_roi": 22, "N_inlier": 19, "refit": true}
{"timestamp": "15:08:38.353711", "frame": 77, "mu": [-1.5746731204033084, 4.353029312644106, 0.876162519640691], "Sigma": [[0.002838857712069542, 0.006755981604569613, -0.022403119673889655], [0.006755981604569612, 0.016867193658180502, -0.052784850567066215], [-0.022403119673889655, -0.052784850567066215, 0.19141970963880897]], "chi2_level": 0.95, "chi2_df": 3, "chi2_threshold": 7.814727903251179, "N_raw": 7, "N_roi": 7, "N_inlier": 6, "refit": true}
{"timestamp": "15:08:38.412600", "frame": 78, "mu": [-1.620703050839786, 4.328423820539166, 1.5163021496979134], "Sigma": [[0.019858115367622588, 0.00540450813395675, -0.008786046243849014], [0.005404508133956748, 0.003016991889078698, -0.002430527854374355], [-0.008786046243849014, -0.002430527854374355, 0.005090749798405395]], "chi2_level": 0.95, "chi2_df": 3, "chi2_threshold": 7.814727903251179, "N_raw": 37, "N_roi": 24, "N_inlier": 22, "refit": true}
{"timestamp": "15:08:38.628348", "frame": 82, "mu": [-1.9134280161151973, 4.318871101713156, 1.4950432764028123], "Sigma": [[0.0025261553577746476, -0.0008083667305697859, -0.001942871700244491], [-0.0008083667305697858, 0.0013410997630488393, -0.0016955252782460194], [-0.0019428717002444914, -0.0016955252782460194, 0.008614729281238713]], "chi2_level": 0.95, "chi2_df": 3, "chi2_threshold": 7.814727903251179, "N_raw": 10, "N_roi": 7, "N_inlier": 7, "refit": true}
{"timestamp": "15:08:38.683797", "frame": 83, "mu": [-1.776751377341426, 4.423308456384473, 0.07619679377235013], "Sigma": [[0.06584437587736781, 0.06251242570145579, -0.17754731548226588], [0.06251242570145579, 0.06119111340903939, -0.16441097900626742], [-0.17754731548226585, -0.16441097900626742, 0.5343241463152314]], "chi2_level": 0.95, "chi2_df": 3, "chi2_threshold": 7.814727903251179, "N_raw": 9, "N_roi": 7, "N_inlier": 7, "refit": true}
{"timestamp": "15:08:38.738566", "frame": 84, "mu": [-1.62665942451021, 3.842201281865523, 1.1890261187934152], "Sigma": [[0.44568065543016017, -0.8839860035014686, 0.06922920690849495], [-0.8839860035014686, 1.876736267730064, -0.3690362934428342], [0.06922920690849493, -0.3690362934428342, 0.4484985604572459]], "chi2_level": 0.95, "chi2_df": 3, "chi2_threshold": 7.814727903251179, "N_raw": 9, "N_roi": 6, "N_inlier": 6, "refit": true}
{"timestamp": "15:08:38.793105", "frame": 85, "mu": [-1.9531974812628807, 4.3316433864626385, 1.286881898893429], "Sigma": [[0.03790822051103437, 0.011528334999364715, -0.12218101133901244], [0.011528334999364714, 0.008044134566731191, -0.0334719697881208], [-0.12218101133901241, -0.033471969788120795, 0.41063924487660647]], "chi2_level": 0.95, "chi2_df": 3, "chi2_threshold": 7.814727903251179, "N_raw": 7, "N_roi": 7, "N_inlier": 7, "refit": true}
{"timestamp": "15:08:38.851102", "frame": 86, "mu": [-2.2563279713311273, 4.263053413742249, 1.6924885344277039], "Sigma": [[0.021323665575285387, 0.00942770244599543, -0.013682778073272922], [0.00942770244599543, 0.006223498446804384, -0.006389912188085788], [-0.013682778073272922, -0.006389912188085788, 0.010281101151906278]], "chi2_level": 0.95, "chi2_df": 3, "chi2_threshold": 7.814727903251179, "N_raw": 27, "N_roi": 25, "N_inlier": 24, "refit": true}
{"timestamp": "15:08:38.910179", "frame": 87, "mu": [-2.2136171849599986, 4.256650164181952, 1.426384911289715], "Sigma": [[0.024507203205057414, 0.010623830836522703, -0.015177022412887707], [0.010623830836522703, 0.010437293518901927, -0.0073265194294074775], [-0.015177022412887707, -0.007326519429407477, 0.014405134242168553]], "chi2_level": 0.95, "chi2_df": 3, "chi2_threshold": 7.814727903251179, "N_raw": 52, "N_roi": 46, "N_inlier": 44, "refit": true}
{"timestamp": "15:08:38.958480", "frame": 88, "mu": [-2.0048476230757957, 3.8259250360879316, 1.349130992376875], "Sigma": [[0.5710232137351913, -1.0023158716988134, 0.10408248134665432], [-1.0023158716988134, 1.7808724270052823, -0.23119035429487572], [0.10408248134665433, -0.23119035429487572, 0.2164883873314918]], "chi2_level": 0.95, "chi2_df": 3, "chi2_threshold": 7.814727903251179, "N_raw": 11, "N_roi": 8, "N_inlier": 8, "refit": true}
{"timestamp": "15:08:39.016842", "frame": 89, "mu": [-2.3144095532075104, 4.243689375613805, 1.4434395599001468], "Sigma": [[0.008840152808657829, 0.002022158318193787, -0.005838038433828507], [0.002022158318193787, 0.004858332412336609, 0.0005367210466456103], [-0.005838038433828508, 0.0005367210466456101, 0.007243609521946499]], "chi2_level": 0.95, "chi2_df": 3, "chi2_threshold": 7.814727903251179, "N_raw": 29, "N_roi": 22, "N_inlier": 20, "refit": true}
{"timestamp": "15:08:39.069920", "frame": 90, "mu": [-2.337463206531672, 4.31754577597517, 1.2453837601714624], "Sigma": [[0.008522769820233382, 0.006460149336603915, -0.0341851833811244], [0.006460149336603915, 0.009960321966486734, -0.030796603838433998], [-0.03418518338112439, -0.030796603838433998, 0.2620293554153223]], "chi2_level": 0.95, "chi2_df": 3, "chi2_threshold": 7.814727903251179, "N_raw": 17, "N_roi": 12, "N_inlier": 12, "refit": true}
{"timestamp": "15:08:39.181187", "frame": 92, "mu": [-2.344171120634884, 4.348117383142757, 1.2541908582445471], "Sigma": [[0.018831894306100612, 0.010744395865479733, -0.07466319563006221], [0.010744395865479735, 0.008379154744220817, -0.04034173665639181], [-0.07466319563006221, -0.04034173665639182, 0.3354250196549636]], "chi2_level": 0.95, "chi2_df": 3, "chi2_threshold": 7.814727903251179, "N_raw": 28, "N_roi": 10, "N_inlier": 10, "refit": true}
{"timestamp": "15:08:39.293485", "frame": 94, "mu": [-2.3558606445194723, 4.37415167868332, 0.3025698216984201], "Sigma": [[0.014618985256839934, 0.024064556562232376, -0.04934818830209415], [0.024064556562232376, 0.04550804682878566, -0.08725204814290256], [-0.04934818830209415, -0.08725204814290255, 0.182145197908116]], "chi2_level": 0.95, "chi2_df": 3, "chi2_threshold": 7.814727903251179, "N_raw": 42, "N_roi": 14, "N_inlier": 13, "refit": true}
