{"timestamp": "15:50:21.112688", "frame": 14, "mu": [2.3760357616459618, 4.926463293802494, 1.1796098181597525], "Sigma": [[0.009040363519380432, -0.0025804763949473846, -0.005901275986043748], [-0.0025804763949473846, 0.0027870106801018016, -0.0006220405393617066], [-0.005901275986043748, -0.0006220405393617067, 0.009725519842517365]], "chi2_level": 0.99, "chi2_df": 3, "chi2_threshold": 11.344866730144373, "N_raw": 37, "N_roi": 12, "N_inlier": 12, "refit": true}
{"timestamp": "15:50:21.168276", "frame": 15, "mu": [2.362073142032201, 4.923373704758584, 1.0995615302784794], "Sigma": [[0.009437245142543793, -0.003635642087588561, -0.005783775014649772], [-0.003635642087588561, 0.0032712705812458706, -0.00034412687394723125], [-0.005783775014649772, -0.0003441268739472312, 0.011173662147397704]], "chi2_level": 0.99, "chi2_df": 3, "chi2_threshold": 11.344866730144373, "N_raw": 36, "N_roi": 13, "N_inlier": 13, "refit": true}
{"timestamp": "15:50:21.443959", "frame": 20, "mu": [2.3508797026695243, 4.8920595805511615, 1.0877730512679158], "Sigma": [[0.009140563748344472, -0.002917136086943206, 0.0008649086706492875], [-0.002917136086943206, 0.004585341798284961, -0.0010116757084580636], [0.0008649086706492874, -0.0010116757084580636, 0.00023097540933235847]], "chi2_level": 0.99, "chi2_df": 3, "chi2_threshold": 11.344866730144373, "N_raw": 38, "N_roi": 16, "N_inlier": 16, "refit": true}
{"timestamp": "15:50:21.551581", "frame": 22, "mu": [2.3315049629975726, 4.898546900399043, 1.205884007104398], "Sigma": [[0.01026877053269097, -0.004574054162445628, -0.008034704691438938], [-0.004574054162445628, 0.0037811848018723397, -0.0007212570938214522], [-0.008034704691438938, -0.0007212570938214524, 0.023193583015851543]], "chi2_level": 0.99, "chi2_df": 3, "chi2_threshold": 11.344866730144373, "N_raw": 27, "N_roi": 17, "N_inlier": 17, "refit": true}
{"timestamp": "15:50:21.607893", "frame": 23, "mu": [2.2916476856168275, 4.886857140662429, 1.1052998920733637], "Sigma": [[0.01691478304340943, -0.006764629724920309, -0.0070063100380812265], [-0.006764629724920309, 0.004556713964923639, -6.577076017427215e-05], [-0.0070063100380812265, -6.577076017427204e-05, 0.011521571290227775]], "chi2_level": 0.99, "chi2_df": 3, "chi2_threshold": 11.344866730144373, "N_raw": 31, "N_roi": 18, "N_inlier": 18, "refit": true}
{"timestamp": "15:50:21.722542", "frame": 25, "mu": [2.314665725363047, 4.905529416348434, 1.1343516218803773], "Sigma": [[0.01661471983854857, -0.004601598538014543, -0.005328205006334264], [-0.004601598538014543, 0.004880381557329714, -0.0006410976884657148], [-0.005328205006334264, -0.0006410976884657148, 0.006623565515138568]], "chi2_level": 0.99, "chi2_df": 3, "chi2_threshold": 11.344866730144373, "N_raw": 51, "N_roi": 22, "N_inlier": 22, "refit": true}
{"timestamp": "15:50:21.831708", "frame": 27, "mu": [2.2808501716122973, 4.8380069537594235, -0.9318302017126362], "Sigma": [[0.017031100777611625, -0.00881651852829225, -0.004724260799538099], [-0.00881651852829225, 0.007567590510972375, 0.0010800053983482842], [-0.004724260799538098, 0.0010800053983482842, 0.004406184420767014]], "chi2_level": 0.99, "chi2_df": 3, "chi2_threshold": 11.344866730144373, "N_raw": 45, "N_roi": 24, "N_inlier": 24, "refit": true}
{"timestamp": "15:50:21.883605", "frame": 28, "mu": [2.316553038294654, 4.855566925952963, 1.1104740529228005], "Sigma": [[0.012190038326783946, -0.005999501687236037, -0.0074672701499833155], [-0.005999501687236037, 0.00468302540130532, 0.0025456266596622784], [-0.0074672701499833155, 0.0025456266596622784, 0.009768736959141154]], "chi2_level": 0.99, "chi2_df": 3, "chi2_threshold": 11.344866730144373, "N_raw": 21, "N_roi": 12, "N_inlier": 12, "refit": true}
{"timestamp": "15:50:21.939073", "frame": 29, "mu": [2.2533558612285063, 4.826878407859387, 0.9054114659249107], "Sigma": [[0.019270515100523043, -0.010524282384834643, -0.0036382048909970543], [-0.010524282384834643, 0.008244238793732924, -0.0011384218327296397], [-0.0036382048909970543, -0.0011384218327296402, 0.009399378436713075]], "chi2_level": 0.99, "chi2_df": 3, "chi2_threshold": 11.344866730144373, "N_raw": 35, "N_roi": 28, "N_inlier": 28, "refit": true}
{"timestamp": "15:50:22.052296", "frame": 31, "mu": [2.27406738516208, 4.867155193736006, 0.15833515916180252], "Sigma": [[0.022331307222704502, -0.007023207330966815, -0.007906831390951196], [-0.007023207330966815, 0.00811152033575097, -0.010841250501812304], [-0.007906831390951195, -0.010841250501812304, 0.03428605224183894]], "chi2_level": 0.99, "chi2_df": 3, "chi2_threshold": 11.344866730144373, "N_raw": 46, "N_roi": 32, "N_inlier": 31, "refit": true}
{"timestamp": "15:50:22.216798", "frame": 34, "mu": [2.2618000400201557, 4.710036210332136, 0.757679647735198], "Sigma": [[0.020741214273120354, -0.013275756716791544, -0.007206321684330734], [-0.013275756716791544, 0.013149638901032972, 0.005094909724506475], [-0.007206321684330735, 0.0050949097245064755, 0.004547992810598923]], "chi2_level": 0.99, "chi2_df": 3, "chi2_threshold": 11.344866730144373, "N_raw": 44, "N_roi": 30, "N_inlier": 29, "refit": true}
{"timestamp": "15:50:22.272355", "frame": 35, "mu": [2.227158849818249, 4.683791311214892, 0.8967895853379726], "Sigma": [[0.026122616069832703, -0.014085059932135833, -0.012613710726769579], [-0.01408505993213583, 0.013136361785346816, 0.010084146698578458], [-0.012613710726769579, 0.010084146698578458, 0.011198321670535876]], "chi2_level": 0.99, "chi2_df": 3, "chi2_threshold": 11.344866730144373, "N_raw": 43, "N_roi": 34, "N_inlier": 33, "refit": true}
{"timestamp": "15:50:22.329543", "frame": 36, "mu": [2.179960154454919, 4.680771328330924, 1.099594888562308], "Sigma": [[0.032413941264160445, -0.016729773676894932, -0.010710794122591566], [-0.016729773676894932, 0.014832287758201416, -0.001231972280471809], [-0.010710794122591565, -0.001231972280471809, 0.014786716153092596]], "chi2_level": 0.99, "chi2_df": 3, "chi2_threshold": 11.344866730144373, "N_raw": 63, "N_roi": 57, "N_inlier": 57, "refit": true}
{"timestamp": "15:50:22.380058", "frame": 37, "mu": [2.1795599523726086, 4.652127651046592, 1.0730876447773376], "Sigma": [[0.029110575025053376, -0.014359455140373567, -0.015791988444134236], [-0.014359455140373567, 0.008822636845443063, 0.005498611791002632], [-0.015791988444134236, 0.005498611791002632, 0.014784358975868998]], "chi2_level": 0.99, "chi2_df": 3, "chi2_threshold": 11.344866730144373, "N_raw": 30, "N_roi": 29, "N_inlier": 28, "refit": true}
{"timestamp": "15:50:22.438806", "frame": 38, "mu": [2.102869974713389, 4.695448286900228, 0.9846073295508498], "Sigma": [[0.037297294849063224, -0.018915176004015353, -0.012736517780249876], [-0.018915176004015356, 0.013444367655344533, -0.0032117806354592187], [-0.012736517780249878, -0.0032117806354592182, 0.03509552953961333]], "chi2_level": 0.99, "chi2_df": 3, "chi2_threshold": 11.344866730144373, "N_raw": 64, "N_roi": 64, "N_inlier": 63, "refit": true}
{"timestamp": "15:50:22.493059", "frame": 39, "mu": [2.1635935850461583, 4.634273195303406, 0.8585975137438516], "Sigma": [[0.030973733688328262, -0.017876945292493354, -0.01623965338741616], [-0.017876945292493358, 0.012541620058713622, 0.006284162842033611], [-0.01623965338741616, 0.006284162842033611, 0.018591255194264585]], "chi2_level": 0.99, "chi2_df": 3, "chi2_threshold": 11.344866730144373, "N_raw": 55, "N_roi": 37, "N_inlier": 37, "refit": true}
{"timestamp": "15:50:22.545992", "frame": 40, "mu": [2.2328736272797274, 4.573198641223803, 0.6939868735620391], "Sigma": [[0.012215352407139462, -0.009664284651342066, -0.0007177999893815551], [-0.009664284651342066, 0.009536062758919257, -0.00024829954211890316], [-0.0007177999893815553, -0.00024829954211890316, 0.00231975619618438]], "chi2_level": 0.99, "chi2_df": 3, "chi2_threshold": 11.344866730144373, "N_raw": 40, "N_roi": 18, "N_inlier": 17, "refit": true}
{"timestamp": "15:50:22.600319", "frame": 41, "mu": [2.169499776349788, 4.599898675441319, 1.059680529048036], "Sigma": [[0.022931231123020104, -0.012454865067525595, -0.010158375920812705], [-0.012454865067525595, 0.007621345953028358, 0.0034977373180297214], [-0.010158375920812705, 0.0034977373180297214, 0.013256477554419012]], "chi2_level": 0.99, "chi2_df": 3, "chi2_threshold": 11.344866730144373, "N_raw": 35, "N_roi": 14, "N_inlier": 14, "refit": true}
{"timestamp": "15:50:22.653704", "frame": 42, "mu": [2.1732776711256943, 4.5817527549079236, -0.6117870333454329], "Sigma": [[0.016557410635456626, 0.0013500322169868425, 0.05919703662157619], [0.001350032216986843, 0.0021041460309641075, 0.011200159333947619], [0.05919703662157619, 0.011200159333947617, 0.3469647513915761]], "chi2_level": 0.99, "chi2_df": 3, "chi2_threshold": 11.344866730144373, "N_raw": 23, "N_roi": 19, "N_inlier": 19, "refit": true}
{"timestamp": "15:50:22.707492", "frame": 43, "mu": [1.9601017422501759, 4.701279801165103, 0.8856515293681642], "Sigma": [[0.010757365402046566, -0.006881011881086131, -0.00645844708006898], [-0.006881011881086132, 0.008688746330867251, 0.0045484771561917926], [-0.00645844708006898, 0.0045484771561917926, 0.006374924633168381]], "chi2_level": 0.99, "chi2_df": 3, "chi2_threshold": 11.344866730144373, "N_raw": 20, "N_roi": 17, "N_inlier": 16, "refit": true}
{"timestamp": "15:50:22.763580", "frame": 44, "mu": [1.9254826597502774, 4.704255969921632, 0.8791726600507472], "Sigma": [[0.020597176420928297, -0.011437514349968475, -0.018780581161260343], [-0.011437514349968477, 0.007977773094695557, 0.008424281243959839], [-0.018780581161260343, 0.008424281243959839, 0.026183706625497544]], "chi2_level": 0.99, "chi2_df": 3, "chi2_threshold": 11.344866730144373, "N_raw": 27, "N_roi": 25, "N_inlier": 24, "refit": true}
{"timestamp": "15:50:22.821577", "frame": 45, "mu": [2.0855163475225944, 4.498988267024887, 0.9644531466099583], "Sigma": [[0.03429112021771534, -0.02066576815505112, -0.03580908350216004], [-0.02066576815505112, 0.014980993906299525, 0.01783673218832519], [-0.03580908350216004, 0.01783673218832519, 0.05325417085697023]], "chi2_level": 0.99, "chi2_df": 3, "chi2_threshold": 11.344866730144373, "N_raw": 46, "N_roi": 43, "N_inlier": 43, "refit": true}
{"timestamp": "15:50:22.930662", "frame": 47, "mu": [2.100383927448837, 4.458933972384481, 0.9287464784270645], "Sigma": [[0.028949320880716795, -0.016475241780013746, -0.017608703008903985], [-0.01647524178001375, 0.011209680424542514, 0.007059952912677182], [-0.017608703008903985, 0.007059952912677182, 0.02112156736003683]], "chi2_level": 0.99, "chi2_df": 3, "chi2_threshold": 11.344866730144373, "N_raw": 39, "N_roi": 36, "N_inlier": 35, "refit": true}
{"timestamp": "15:50:22.983841", "frame": 48, "mu": [1.9950339522894978, 4.5327188261394715, 0.8927894123361357], "Sigma": [[0.009588459840995258, -0.006053566739111596, 0.0041589771478369505], [-0.006053566739111596, 0.009078469696959733, -0.010270359002504382], [0.00415897714783695, -0.010270359002504382, 0.037222775506742946]], "chi2_level": 0.99, "chi2_df": 3, "chi2_threshold": 11.344866730144373, "N_raw": 22, "N_roi": 22, "N_inlier": 22, "refit": true}
{"timestamp": "15:50:23.041966", "frame": 49, "mu": [2.070254148072244, 4.33832328389092, 0.8052221771211141], "Sigma": [[0.026941904717397012, -0.016655432010945388, -0.018651606094654383], [-0.016655432010945388, 0.01318554803621211, 0.007113253507690232], [-0.018651606094654383, 0.007113253507690233, 0.024391351702990515]], "chi2_level": 0.99, "chi2_df": 3, "chi2_threshold": 11.344866730144373, "N_raw": 45, "N_roi": 45, "N_inlier": 43, "refit": true}
{"timestamp": "15:50:23.096711", "frame": 50, "mu": [2.041188069851276, 4.345549437707135, 1.052782119026295], "Sigma": [[0.029562085871930485, -0.014441928582107626, -0.012330207994072959], [-0.014441928582107626, 0.009018591380441298, -0.0005351782543910055], [-0.012330207994072959, -0.0005351782543910055, 0.03936168825239032]], "chi2_level": 0.99, "chi2_df": 3, "chi2_threshold": 11.344866730144373, "N_raw": 49, "N_roi": 49, "N_inlier": 48, "refit": true}
{"timestamp": "15:50:23.205844", "frame": 52, "mu": [2.0087922481439033, 4.266305014598436, 0.8316266272636915], "Sigma": [[0.021913755829926378, -0.013795102756462414, -0.011345373607363976], [-0.013795102756462414, 0.010627680663961315, 0.004247189490894552], [-0.011345373607363976, 0.004247189490894551, 0.015340385684182943]], "chi2_level": 0.99, "chi2_df": 3, "chi2_threshold": 11.344866730144373, "N_raw": 38, "N_roi": 33, "N_inlier": 33, "refit": true}
{"timestamp": "15:50:23.261151", "frame": 53, "mu": [1.937120196602211, 4.352185371141847, -0.4471911004797115], "Sigma": [[0.024683316029452406, -0.0033732047889204852, 0.056473128819343736], [-0.003373204788920485, 0.003945742950354723, -0.0030854001138516467], [0.056473128819343736, -0.003085400113851647, 0.23180976003065304]], "chi2_level": 0.99, "chi2_df": 3, "chi2_threshold": 11.344866730144373, "N_raw": 39, "N_roi": 36, "N_inlier": 35, "refit": true}
{"timestamp": "15:50:23.314958", "frame": 54, "mu": [1.9720687406263568, 4.25720587893659, 1.0122777586513023], "Sigma": [[0.025701237923584655, -0.013280083132175187, -0.012620586162161837], [-0.013280083132175187, 0.008656078055392185, 0.004978813376609763], [-0.012620586162161837, 0.004978813376609763, 0.013011267607659636]], "chi2_level": 0.99, "chi2_df": 3, "chi2_threshold": 11.344866730144373, "N_raw": 34, "N_roi": 34, "N_inlier": 32, "refit": true}
{"timestamp": "15:50:23.372936", "frame": 55, "mu": [1.9291661413439822, 4.217922791651051, 0.9317532878720001], "Sigma": [[0.03132312926339319, -0.014903053695755463, -0.016159172721486377], [-0.014903053695755465, 0.008828029441186509, 0.0020696902146269125], [-0.016159172721486377, 0.002069690214626913, 0.039942791741948966]], "chi2_level": 0.99, "chi2_df": 3, "chi2_threshold": 11.344866730144373, "N_raw": 55, "N_roi": 52, "N_inlier": 52, "refit": true}
{"timestamp": "15:50:23.427265", "frame": 56, "mu": [1.9488258748782765, 4.248044851133004, 1.0464814761731511], "Sigma": [[0.023150714367354414, -0.01042834948873744, -0.0031898924230169736], [-0.01042834948873744, 0.006202695728460624, -0.004867701963998115], [-0.0031898924230169736, -0.004867701963998113, 0.04743473193790591]], "chi2_level": 0.99, "chi2_df": 3, "chi2_threshold": 11.344866730144373, "N_raw": 46, "N_roi": 45, "N_inlier": 45, "refit": true}
{"timestamp": "15:50:23.534577", "frame": 58, "mu": [1.8337287652414207, 4.195436261010012, 1.0600040214750797], "Sigma": [[0.018343319060376985, -0.008754533737371051, -0.004704580580158898], [-0.008754533737371051, 0.0048509587997585596, -0.0008383317668125693], [-0.004704580580158897, -0.0008383317668125691, 0.04508000549528206]], "chi2_level": 0.99, "chi2_df": 3, "chi2_threshold": 11.344866730144373, "N_raw": 35, "N_roi": 35, "N_inlier": 34, "refit": true}
{"timestamp": "15:50:23.592018", "frame": 59, "mu": [1.807472544102532, 4.167188250461382, 0.7298410132644395], "Sigma": [[0.022519455532534427, -0.009302677348665469, -0.0003182106306310814], [-0.00930267734866547, 0.005227170665262941, -0.0039007673702168228], [-0.00031821063063108227, -0.003900767370216823, 0.02094600557545093]], "chi2_level": 0.99, "chi2_df": 3, "chi2_threshold": 11.344866730144373, "N_raw": 46, "N_roi": 43, "N_inlier": 42, "refit": true}
{"timestamp": "15:50:23.647223", "frame": 60, "mu": [1.838057584220292, 4.114835115370452, 0.8727259628707434], "Sigma": [[0.02056856382754462, -0.009331576310712728, -0.0038360721077528364], [-0.009331576310712728, 0.006746243729867985, -0.0030815083390827204], [-0.0038360721077528364, -0.003081508339082721, 0.014662000474117408]], "chi2_level": 0.99, "chi2_df": 3, "chi2_threshold": 11.344866730144373, "N_raw": 44, "N_roi": 43, "N_inlier": 43, "refit": true}
{"timestamp": "15:50:23.703653", "frame": 61, "mu": [1.7608959059872809, 4.167474735311212, 0.7954785161955119], "Sigma": [[0.02756483357248099, -0.014138345328730758, -0.010089068195424386], [-0.014138345328730758, 0.01154294775864526, -0.0009646001133666846], [-0.010089068195424386, -0.0009646001133666847, 0.03558952150133143]], "chi2_level": 0.99, "chi2_df": 3, "chi2_threshold": 11.344866730144373, "N_raw": 62, "N_roi": 62, "N_inlier": 62, "refit": true}
{"timestamp": "15:50:23.752609", "frame": 62, "mu": [1.7458711056698928, 4.181922746128933, 0.8366502842518091], "Sigma": [[0.010620099473495142, -0.007919343536961072, 0.012258781445200808], [-0.007919343536961072, 0.009335565896813306, -0.01310159579056405], [0.012258781445200808, -0.01310159579056405, 0.03936129081147491]], "chi2_level": 0.99, "chi2_df": 3, "chi2_threshold": 11.344866730144373, "N_raw": 12, "N_roi": 10, "N_inlier": 10, "refit": true}
{"timestamp": "15:50:23.815444", "frame": 63, "mu": [1.774647559894475, 4.086849896650624, 0.828405316120955], "Sigma": [[0.038875516835984336, -0.022400833717513093, 0.013056046569258083], [-0.022400833717513096, 0.017179681682202408, -0.012499845967275509], [0.013056046569258083, -0.012499845967275509, 0.02214021347778883]], "chi2_level": 0.99, "chi2_df": 3, "chi2_threshold": 11.344866730144373, "N_raw": 67, "N_roi": 67, "N_inlier": 66, "refit": true}
{"timestamp": "15:50:23.867174", "frame": 64, "mu": [1.7247446010007295, 4.089259660820018, 0.689687340930534], "Sigma": [[0.022436148085642038, -0.013712944242807855, -0.0014632942204087346], [-0.013712944242807855, 0.01231336735037732, -9.138067873986836e-05], [-0.0014632942204087346, -9.138067873986844e-05, 0.003298127606342426]], "chi2_level": 0.99, "chi2_df": 3, "chi2_threshold": 11.344866730144373, "N_raw": 47, "N_roi": 41, "N_inlier": 40, "refit": true}
{"timestamp": "15:50:23.926275", "frame": 65, "mu": [1.735147672429367, 4.026294012777647, 0.7874928451735912], "Sigma": [[0.029700293624500947, -0.015528066972283015, 0.0027106173400314897], [-0.015528066972283015, 0.012244367906912175, -0.00852225609698971], [0.00271061734003149, -0.00852225609698971, 0.017780439211666686]], "chi2_level": 0.99, "chi2_df": 3, "chi2_threshold": 11.344866730144373, "N_raw": 71, "N_roi": 65, "N_inlier": 65, "refit": true}
{"timestamp": "15:50:23.976660", "frame": 66, "mu": [1.7928674891894274, 3.9623649280887028, -0.7611888160267456], "Sigma": [[0.02447058170710984, -0.00215810535449111, 0.05809031659379869], [-0.00215810535449111, 0.0039000043745378073, -0.0008227924229237717], [0.05809031659379869, -0.0008227924229237719, 0.24565566196873936]], "chi2_level": 0.99, "chi2_df": 3, "chi2_threshold": 11.344866730144373, "N_raw": 40, "N_roi": 40, "N_inlier": 39, "refit": true}
{"timestamp": "15:50:24.030009", "frame": 67, "mu": [1.7116842590801815, 3.9553228190811542, 0.944538072326432], "Sigma": [[0.02164696932738004, -0.013458802336598862, -0.00522071892045251], [-0.01345880233659886, 0.011656963248969351, -0.003453949998066244], [-0.00522071892045251, -0.003453949998066244, 0.02328521999410093]], "chi2_level": 0.99, "chi2_df": 3, "chi2_threshold": 11.344866730144373, "N_raw": 41, "N_roi": 41, "N_inlier": 41, "refit": true}
{"timestamp": "15:50:24.086448", "frame": 68, "mu": [1.6254518126443298, 3.934043322638998, 0.839659441978018], "Sigma": [[0.01555480863676459, -0.006831165543265955, -0.014260230488586746], [-0.006831165543265954, 0.004599916973483382, 0.00031250182942998744], [-0.014260230488586746, 0.0003125018294299876, 0.05970917560689956]], "chi2_level": 0.99, "chi2_df": 3, "chi2_threshold": 11.344866730144373, "N_raw": 48, "N_roi": 48, "N_inlier": 48, "refit": true}
{"timestamp": "15:50:24.140215", "frame": 69, "mu": [1.6317870349989363, 3.9717165138899975, -0.5549939925952292], "Sigma": [[0.0194935175823944, -0.0003847465164207201, 0.05211755332061936], [-0.00038474651642072004, 0.003588449162533925, 0.005684438792388889], [0.05211755332061936, 0.005684438792388887, 0.24694788534900183]], "chi2_level": 0.99, "chi2_df": 3, "chi2_threshold": 11.344866730144373, "N_raw": 36, "N_roi": 36, "N_inlier": 36, "refit": true}
{"timestamp": "15:50:24.195743", "frame": 70, "mu": [1.6717562266561676, 3.8747085131167367, 0.9216270285331627], "Sigma": [[0.019795755526887164, -0.012318657610772605, -0.01236190254709328], [-0.012318657610772606, 0.009571900521676552, 0.004120798851623208], [-0.01236190254709328, 0.004120798851623208, 0.01989888688060905]], "chi2_level": 0.99, "chi2_df": 3, "chi2_threshold": 11.344866730144373, "N_raw": 38, "N_roi": 38, "N_inlier": 37, "refit": true}
{"timestamp": "15:50:24.248827", "frame": 71, "mu": [1.4837644494182523, 3.9700182533084742, 0.776022984368904], "Sigma": [[0.017258258439255922, -0.011660787946594007, -0.0005621162248793937], [-0.011660787946594007, 0.015267641690510344, -0.005947174614469024], [-0.0005621162248793937, -0.005947174614469024, 0.008035353182855235]], "chi2_level": 0.99, "chi2_df": 3, "chi2_threshold": 11.344866730144373, "N_raw": 26, "N_roi": 26, "N_inlier": 26, "refit": true}
{"timestamp": "15:50:24.308513", "frame": 72, "mu": [1.5848752110694466, 3.83628061361266, 0.9190034361523389], "Sigma": [[0.027600107870566583, -0.012177600269779505, -0.011091513348049493], [-0.012177600269779505, 0.010178504608370316, 0.00013823693165297473], [-0.011091513348049493, 0.00013823693165297473, 0.0122472175544869]], "chi2_level": 0.99, "chi2_df": 3, "chi2_threshold": 11.344866730144373, "N_raw": 63, "N_roi": 63, "N_inlier": 61, "refit": true}
{"timestamp": "15:50:24.363178", "frame": 73, "mu": [1.4890029517614827, 3.882283348140706, 0.8378679210629402], "Sigma": [[0.027141614086746108, -0.015856787906568606, -0.007582736194038749], [-0.015856787906568606, 0.014407537497638822, 0.00315214963974651], [-0.007582736194038749, 0.00315214963974651, 0.0041477792629226054]], "chi2_level": 0.99, "chi2_df": 3, "chi2_threshold": 11.344866730144373, "N_raw": 52, "N_roi": 51, "N_inlier": 51, "refit": true}
{"timestamp": "15:50:24.421276", "frame": 74, "mu": [1.4739150812301887, 4.011957008094878, -0.08415517520621535], "Sigma": [[0.02883599328556117, -0.013455185313334686, -0.008138267538840052], [-0.013455185313334686, 0.016723523384399436, -0.008786972172186162], [-0.008138267538840052, -0.00878697217218616, 0.01939810755316482]], "chi2_level": 0.99, "chi2_df": 3, "chi2_threshold": 11.344866730144373, "N_raw": 74, "N_roi": 74, "N_inlier": 73, "refit": true}
{"timestamp": "15:50:24.470805", "frame": 75, "mu": [1.4723529005382692, 3.80911753945536, 1.0680575533232393], "Sigma": [[0.02145373831446612, -0.008523375758297926, -0.01206546948891625], [-0.008523375758297924, 0.006306737430036047, 0.0012504346350082915], [-0.01206546948891625, 0.0012504346350082915, 0.014374903581768484]], "chi2_level": 0.99, "chi2_df": 3, "chi2_threshold": 11.344866730144373, "N_raw": 41, "N_roi": 41, "N_inlier": 40, "refit": true}
{"timestamp": "15:50:24.527074", "frame": 76, "mu": [1.480982885911552, 3.8745519311722725, -0.5063400604899106], "Sigma": [[0.021617171253757887, -0.003927047940980427, 0.04460702301515055], [-0.003927047940980428, 0.005728307686644596, -0.004771794923422695], [0.04460702301515055, -0.004771794923422695, 0.178814085480506]], "chi2_level": 0.99, "chi2_df": 3, "chi2_threshold": 11.344866730144373, "N_raw": 49, "N_roi": 49, "N_inlier": 49, "refit": true}
{"timestamp": "15:50:24.580680", "frame": 77, "mu": [1.3982468325477968, 3.72985304361462, 0.7824516701818293], "Sigma": [[0.0229657459514944, -0.010975812852829064, -0.01149707157775945], [-0.010975812852829064, 0.005770456578535544, 0.004968959736935016], [-0.011497071577759452, 0.004968959736935016, 0.03915809770186343]], "chi2_level": 0.99, "chi2_df": 3, "chi2_threshold": 11.344866730144373, "N_raw": 41, "N_roi": 41, "N_inlier": 39, "refit": true}
{"timestamp": "15:50:24.632827", "frame": 78, "mu": [1.505649060959127, 3.656979186486655, 0.6802413863606026], "Sigma": [[0.011618403475459059, -0.006215588149713746, -0.004217337783024556], [-0.006215588149713746, 0.004386866928906642, 0.0005055325021552494], [-0.0042173377830245565, 0.00050553250215525, 0.018767074612895545]], "chi2_level": 0.99, "chi2_df": 3, "chi2_threshold": 11.344866730144373, "N_raw": 15, "N_roi": 15, "N_inlier": 13, "refit": true}
{"timestamp": "15:50:24.696191", "frame": 79, "mu": [1.375951105430802, 3.7365350800376382, 0.9509010102826394], "Sigma": [[0.02948813912679019, -0.014749726662592038, -0.00572845779445476], [-0.014749726662592038, 0.013465016142542816, -0.00659858317089463], [-0.005728457794454758, -0.00659858317089463, 0.01917433174754872]], "chi2_level": 0.99, "chi2_df": 3, "chi2_threshold": 11.344866730144373, "N_raw": 80, "N_roi": 79, "N_inlier": 78, "refit": true}
{"timestamp": "15:50:24.753041", "frame": 80, "mu": [1.4008486570809566, 3.6826685001257324, 0.7631719397013533], "Sigma": [[0.03231313534684463, -0.021329686632602474, -0.008945181996974838], [-0.02132968663260247, 0.02107683942673932, -0.0008683784531906625], [-0.00894518199697484, -0.0008683784531906627, 0.016463285690330016]], "chi2_level": 0.99, "chi2_df": 3, "chi2_threshold": 11.344866730144373, "N_raw": 85, "N_roi": 85, "N_inlier": 83, "refit": true}
{"timestamp": "15:50:24.802395", "frame": 81, "mu": [1.374930064646866, 3.6029105464186193, 0.6853878432796656], "Sigma": [[0.020560945105970105, -0.011153033857387515, 0.001375722224417133], [-0.011153033857387515, 0.008493545091142888, -0.004069778771900159], [0.0013757222244171333, -0.004069778771900159, 0.010920075227920238]], "chi2_level": 0.99, "chi2_df": 3, "chi2_threshold": 11.344866730144373, "N_raw": 47, "N_roi": 47, "N_inlier": 47, "refit": true}
{"timestamp": "15:50:24.856812", "frame": 82, "mu": [1.3402146863918418, 3.6163927914239857, 0.6729010967425398], "Sigma": [[0.018886847156423636, -0.008142411957004471, 0.0029900687682702662], [-0.008142411957004471, 0.006716156646355738, -0.005171407135951584], [0.002990068768270266, -0.005171407135951584, 0.009356290809525368]], "chi2_level": 0.99, "chi2_df": 3, "chi2_threshold": 11.344866730144373, "N_raw": 47, "N_roi": 47, "N_inlier": 46, "refit": true}
{"timestamp": "15:50:24.962020", "frame": 84, "mu": [1.3673269355147526, 3.50447740791229, 0.8277090215304816], "Sigma": [[0.015331432771955401, -0.010667537938194468, 0.0006727307788000382], [-0.010667537938194468, 0.008170370290771667, -0.0018215799201217427], [0.0006727307788000391, -0.0018215799201217432, 0.01303079644526429]], "chi2_level": 0.99, "chi2_df": 3, "chi2_threshold": 11.344866730144373, "N_raw": 13, "N_roi": 13, "N_inlier": 13, "refit": true}
{"timestamp": "15:50:25.020904", "frame": 85, "mu": [1.1985529523641432, 3.5776488328412888, 0.8275588958312635], "Sigma": [[0.014453728805057861, -0.006897908753048975, -0.00034064928326311235], [-0.006897908753048974, 0.004230626807112237, -0.003962689414803739], [-0.0003406492832631115, -0.003962689414803739, 0.030417898880700043]], "chi2_level": 0.99, "chi2_df": 3, "chi2_threshold": 11.344866730144373, "N_raw": 40, "N_roi": 40, "N_inlier": 39, "refit": true}
{"timestamp": "15:50:25.083189", "frame": 86, "mu": [1.1830755666843038, 3.5481872985316367, 0.7681903583955221], "Sigma": [[0.02707444211766491, -0.015122887420974456, -0.0011231315471232893], [-0.015122887420974458, 0.014132587930497624, -0.006438611839716254], [-0.0011231315471232897, -0.006438611839716254, 0.016657508457840926]], "chi2_level": 0.99, "chi2_df": 3, "chi2_threshold": 11.344866730144373, "N_raw": 77, "N_roi": 77, "N_inlier": 77, "refit": true}
{"timestamp": "15:50:25.129740", "frame": 87, "mu": [1.2656354435394717, 3.6308778176751653, -0.26829357261183734], "Sigma": [[0.015910336984452458, -0.008891302970703048, -0.00019181975916634754], [-0.008891302970703048, 0.008052553810007244, -0.002877838753334853], [-0.00019181975916634776, -0.0028778387533348526, 0.005182236390493331]], "chi2_level": 0.99, "chi2_df": 3, "chi2_threshold": 11.344866730144373, "N_raw": 31, "N_roi": 31, "N_inlier": 29, "refit": true}
{"timestamp": "15:50:25.246001", "frame": 88, "mu": [1.2633912002985337, 3.5967880243119987, -0.3379125095604706], "Sigma": [[0.04203880526275071, -0.028766237601816055, -0.0076723858077440196], [-0.028766237601816055, 0.024870600485392323, 0.0010629677926055842], [-0.0076723858077440196, 0.0010629677926055842, 0.009308296297950039]], "chi2_level": 0.99, "chi2_df": 3, "chi2_threshold": 11.344866730144373, "N_raw": 56, "N_roi": 54, "N_inlier": 51, "refit": true}
{"timestamp": "15:50:25.273288", "frame": 89, "mu": [1.145703204555826, 3.634116284538109, -0.2067616969251888], "Sigma": [[0.028251242406596475, -0.018611491203351718, -0.004632665327681285], [-0.018611491203351718, 0.020400994345355535, -0.0056994100231086905], [-0.004632665327681286, -0.0056994100231086905, 0.016367091218147858]], "chi2_level": 0.99, "chi2_df": 3, "chi2_threshold": 11.344866730144373, "N_raw": 76, "N_roi": 75, "N_inlier": 73, "refit": true}
{"timestamp": "15:50:25.304095", "frame": 90, "mu": [0.9824699217933357, 3.401038718218416, 0.5284195667654248], "Sigma": [[0.021361097812479267, -0.002514946942204741, 0.014920315957169701], [-0.0025149469422047406, 0.0015190876006848121, -0.002055037282853189], [0.014920315957169701, -0.002055037282853189, 0.04592906111477102]], "chi2_level": 0.99, "chi2_df": 3, "chi2_threshold": 11.344866730144373, "N_raw": 43, "N_roi": 43, "N_inlier": 41, "refit": true}
{"timestamp": "15:50:25.354345", "frame": 91, "mu": [1.1344516919054304, 3.5441751867688973, -0.24998139182257292], "Sigma": [[0.023648789434206785, -0.004465061250994017, -0.01143605899260741], [-0.004465061250994017, 0.007384267285557634, -0.00884562152587692], [-0.011436058992607412, -0.00884562152587692, 0.03335144420538576]], "chi2_level": 0.99, "chi2_df": 3, "chi2_threshold": 11.344866730144373, "N_raw": 63, "N_roi": 63, "N_inlier": 63, "refit": true}
{"timestamp": "15:50:25.406040", "frame": 92, "mu": [1.0129748365103992, 3.3666497373961093, 0.681032695918131], "Sigma": [[0.018816647643341886, -0.008905897761205367, 0.009156693862891118], [-0.008905897761205367, 0.006902667127011221, -0.009392402886934319], [0.009156693862891118, -0.009392402886934319, 0.020744791635226748]], "chi2_level": 0.99, "chi2_df": 3, "chi2_threshold": 11.344866730144373, "N_raw": 41, "N_roi": 41, "N_inlier": 39, "refit": true}
{"timestamp": "15:50:25.464424", "frame": 93, "mu": [1.0462351397549976, 3.3915099347307156, -0.9467220464780913], "Sigma": [[0.03293420043961765, -0.0012955559392560348, 0.07885325418896413], [-0.0012955559392560346, 0.0030901266246604947, 0.0007862973230226482], [0.07885325418896413, 0.000786297323022649, 0.29681884073923254]], "chi2_level": 0.99, "chi2_df": 3, "chi2_threshold": 11.344866730144373, "N_raw": 56, "N_roi": 53, "N_inlier": 50, "refit": true}
{"timestamp": "15:50:25.522920", "frame": 94, "mu": [1.056834341292066, 3.31665996008331, 0.7758907644126031], "Sigma": [[0.02346927302704023, -0.017510648510999496, -0.009048194846151467], [-0.017510648510999496, 0.020203079171620952, 0.002847483720279931], [-0.009048194846151467, 0.002847483720279931, 0.0076530469038534514]], "chi2_level": 0.99, "chi2_df": 3, "chi2_threshold": 11.344866730144373, "N_raw": 81, "N_roi": 78, "N_inlier": 75, "refit": true}
{"timestamp": "15:50:25.575802", "frame": 95, "mu": [0.994145245007786, 3.348144218110517, 0.8487094979435195], "Sigma": [[0.02407916367037094, -0.017015793278476295, -0.006713689045906095], [-0.0170157932784763, 0.02175459294967124, 0.0044738148139136825], [-0.006713689045906095, 0.0044738148139136825, 0.007333053519278457]], "chi2_level": 0.99, "chi2_df": 3, "chi2_threshold": 11.344866730144373, "N_raw": 77, "N_roi": 77, "N_inlier": 76, "refit": true}
{"timestamp": "15:50:25.626536", "frame": 96, "mu": [0.8723512497426088, 3.3888008774514744, 0.8384561956755228], "Sigma": [[0.033727961803027465, -0.02429548522133647, -0.0068460927725132095], [-0.024295485221336465, 0.025403547855192492, 0.0053521230881550955], [-0.0068460927725132095, 0.0053521230881550955, 0.0023098188359782224]], "chi2_level": 0.99, "chi2_df": 3, "chi2_threshold": 11.344866730144373, "N_raw": 45, "N_roi": 45, "N_inlier": 44, "refit": true}
{"timestamp": "15:50:25.685004", "frame": 97, "mu": [0.8448530941429587, 3.275691052481612, 0.7774884887949407], "Sigma": [[0.017417294221243204, -0.011546312980211887, -0.002922886254889181], [-0.011546312980211887, 0.015068435907802913, -0.005228658834288158], [-0.00292288625488918, -0.005228658834288158, 0.04328064327821414]], "chi2_level": 0.99, "chi2_df": 3, "chi2_threshold": 11.344866730144373, "N_raw": 66, "N_roi": 66, "N_inlier": 65, "refit": true}
{"timestamp": "15:50:25.743763", "frame": 98, "mu": [0.799541291100203, 3.357012866548396, -0.5582135076941712], "Sigma": [[0.020338924924503836, 0.002726288762336245, 0.04120510737855094], [0.0027262887623362457, 0.012001198882161024, -0.013576374421017143], [0.041205107378550945, -0.013576374421017143, 0.2790204855626754]], "chi2_level": 0.99, "chi2_df": 3, "chi2_threshold": 11.344866730144373, "N_raw": 86, "N_roi": 86, "N_inlier": 85, "refit": true}
{"timestamp": "15:50:25.788185", "frame": 99, "mu": [0.6880859798106502, 3.3108436980051206, 0.940534723825742], "Sigma": [[0.01625553197521199, -0.010322405108262735, 0.019023020703735193], [-0.010322405108262735, 0.010583982660942112, -0.01982376343406764], [0.019023020703735193, -0.01982376343406764, 0.10385094933257702]], "chi2_level": 0.99, "chi2_df": 3, "chi2_threshold": 11.344866730144373, "N_raw": 13, "N_roi": 13, "N_inlier": 12, "refit": true}
{"timestamp": "15:50:26.090066", "frame": 100, "mu": [0.8263573903676802, 3.306909313500385, 0.0023721723928470627], "Sigma": [[0.011347460317023222, 0.000155211305473901, -0.01787345416924785], [0.000155211305473901, 0.002961568976902567, -0.0059927143572848455], [-0.01787345416924785, -0.0059927143572848455, 0.04114920228143287]], "chi2_level": 0.99, "chi2_df": 3, "chi2_threshold": 11.344866730144373, "N_raw": 34, "N_roi": 34, "N_inlier": 32, "refit": true}
{"timestamp": "15:50:26.116411", "frame": 101, "mu": [0.7125620454466024, 3.442100381670949, -0.24163722619411504], "Sigma": [[0.014178642982461952, -0.008855903729218299, -0.009338017203375615], [-0.008855903729218302, 0.018406294238732617, -0.011368330389163944], [-0.009338017203375615, -0.011368330389163944, 0.04359163108845071]], "chi2_level": 0.99, "chi2_df": 3, "chi2_threshold": 11.344866730144373, "N_raw": 48, "N_roi": 46, "N_inlier": 43, "refit": true}
{"timestamp": "15:50:26.150059", "frame": 102, "mu": [0.7234437961424656, 3.4175016413605532, -0.2760491263117726], "Sigma": [[0.03745371210424772, -0.02544503297901101, -0.023984748074414728], [-0.02544503297901101, 0.022115028787326164, 0.017098081867134213], [-0.023984748074414728, 0.017098081867134213, 0.017565897395445673]], "chi2_level": 0.99, "chi2_df": 3, "chi2_threshold": 11.344866730144373, "N_raw": 69, "N_roi": 66, "N_inlier": 64, "refit": true}
{"timestamp": "15:50:26.182648", "frame": 103, "mu": [0.8247694714115502, 3.266020799614632, -0.17042058754161427], "Sigma": [[0.014295867451778535, -0.00406153123688264, -0.002648772688806217], [-0.00406153123688264, 0.006211617721448566, -0.005137305489183536], [-0.0026487726888062176, -0.005137305489183536, 0.009786645265773357]], "chi2_level": 0.99, "chi2_df": 3, "chi2_threshold": 11.344866730144373, "N_raw": 56, "N_roi": 54, "N_inlier": 52, "refit": true}
{"timestamp": "15:50:26.211297", "frame": 104, "mu": [0.7362862985830811, 3.2772645474326763, -0.16934225266450387], "Sigma": [[0.03772834252117639, -0.021767291574793374, -0.022996205428809143], [-0.02176729157479337, 0.021417394650531888, 0.0038792247930435854], [-0.022996205428809147, 0.0038792247930435862, 0.029789910070094024]], "chi2_level": 0.99, "chi2_df": 3, "chi2_threshold": 11.344866730144373, "N_raw": 55, "N_roi": 55, "N_inlier": 53, "refit": true}
{"timestamp": "15:50:26.237396", "frame": 105, "mu": [0.6906333227637795, 3.2734567615712646, -0.27419823770405516], "Sigma": [[0.016389883506076494, -0.0047821283829538805, -0.011833571587514743], [-0.0047821283829538805, 0.008619859473446534, -0.00892453308432789], [-0.011833571587514741, -0.00892453308432789, 0.035094290337496226]], "chi2_level": 0.99, "chi2_df": 3, "chi2_threshold": 11.344866730144373, "N_raw": 57, "N_roi": 54, "N_inlier": 53, "refit": true}
{"timestamp": "15:50:26.276178", "frame": 106, "mu": [0.6144275608144106, 3.190260196210545, -0.4893014402791048], "Sigma": [[0.01818149578594456, 0.002190524742765152, 0.032028367993412146], [0.002190524742765152, 0.007034507252932273, -0.004782875932539524], [0.032028367993412146, -0.004782875932539524, 0.19937300489700638]], "chi2_level": 0.99, "chi2_df": 3, "chi2_threshold": 11.344866730144373, "N_raw": 81, "N_roi": 79, "N_inlier": 76, "refit": true}
{"timestamp": "15:50:26.302753", "frame": 107, "mu": [0.6522509786216071, 3.2636962178445192, -0.19407041473925762], "Sigma": [[0.015884911329869925, -0.004653155733325439, -0.010048719897302973], [-0.004653155733325439, 0.014795681305324052, -0.006768762052016203], [-0.010048719897302973, -0.006768762052016203, 0.018075175600720826]], "chi2_level": 0.99, "chi2_df": 3, "chi2_threshold": 11.344866730144373, "N_raw": 68, "N_roi": 66, "N_inlier": 64, "refit": true}
{"timestamp": "15:50:26.332777", "frame": 108, "mu": [0.6263630337442224, 3.082829687204221, 0.9011028828269456], "Sigma": [[0.02130438940946046, -0.012345221720494428, -0.003799106050149865], [-0.012345221720494426, 0.011678579756041526, -0.00013237042819495566], [-0.003799106050149865, -0.0001323704281949557, 0.004538270627296252]], "chi2_level": 0.99, "chi2_df": 3, "chi2_threshold": 11.344866730144373, "N_raw": 72, "N_roi": 72, "N_inlier": 68, "refit": true}
{"timestamp": "15:50:26.366104", "frame": 109, "mu": [0.582785277501557, 3.2051653452613023, -0.09428611879691001], "Sigma": [[0.023965154724334067, -0.00828388903379031, -0.010242414258185516], [-0.008283889033790308, 0.02053294856909966, -0.02012854158700094], [-0.010242414258185513, -0.02012854158700094, 0.03871474733255395]], "chi2_level": 0.99, "chi2_df": 3, "chi2_threshold": 11.344866730144373, "N_raw": 106, "N_roi": 106, "N_inlier": 104, "refit": true}
{"timestamp": "15:50:26.400508", "frame": 110, "mu": [0.6249912409447902, 3.003806773169791, 0.8655335440572557], "Sigma": [[0.023921323265974494, -0.016306581232837927, -0.00600802817639496], [-0.01630658123283793, 0.012683079656800317, 0.001031755780202067], [-0.00600802817639496, 0.001031755780202067, 0.018059974809939424]], "chi2_level": 0.99, "chi2_df": 3, "chi2_threshold": 11.344866730144373, "N_raw": 65, "N_roi": 65, "N_inlier": 63, "refit": true}
{"timestamp": "15:50:26.457516", "frame": 111, "mu": [0.5353870072366783, 3.1058175014323623, -0.1421071442548324], "Sigma": [[0.014605536830006345, -0.00019839922157425835, -0.016413445055706997], [-0.00019839922157425852, 0.01271871048479921, -0.021260291094567268], [-0.016413445055706997, -0.021260291094567268, 0.05931827778755247]], "chi2_level": 0.99, "chi2_df": 3, "chi2_threshold": 11.344866730144373, "N_raw": 82, "N_roi": 82, "N_inlier": 78, "refit": true}
{"timestamp": "15:50:26.516635", "frame": 112, "mu": [0.5146324335395052, 2.9695405018492873, 1.0467365866069969], "Sigma": [[0.02271612947473052, -0.012029231191439463, 0.006660332348231518], [-0.012029231191439463, 0.011520084768083258, -0.015725162740676892], [0.006660332348231519, -0.01572516274067689, 0.0554939717759828]], "chi2_level": 0.99, "chi2_df": 3, "chi2_threshold": 11.344866730144373, "N_raw": 100, "N_roi": 100, "N_inlier": 100, "refit": true}
{"timestamp": "15:50:26.569886", "frame": 113, "mu": [0.5000482241930921, 2.8787338378073195, 1.0665719990628806], "Sigma": [[0.016322499879704508, -0.0038920879899475864, -0.014590441251137677], [-0.0038920879899475864, 0.00493140266906487, -0.005431583053220913], [-0.014590441251137677, -0.005431583053220913, 0.05281242833514602]], "chi2_level": 0.99, "chi2_df": 3, "chi2_threshold": 11.344866730144373, "N_raw": 95, "N_roi": 95, "N_inlier": 92, "refit": true}
