{"timestamp": "15:59:46.858839", "frame": 17, "mu": [-2.09077795171659, 4.956776855659923, 0.7109923003633111], "Sigma": [[0.030905368539224903, 0.0007038403620387417, -0.0165621972919981], [0.0007038403620387417, 0.0008928736729794119, 0.00037660159728111677], [-0.0165621972919981, 0.00037660159728111677, 0.010038241582967265]], "chi2_level": 0.99, "chi2_df": 3, "chi2_threshold": 11.344866730144373, "N_raw": 50, "N_roi": 12, "N_inlier": 12, "refit": true}
{"timestamp": "15:59:46.911533", "frame": 18, "mu": [-2.1963852575272313, 4.944515308511902, 0.5749001076056812], "Sigma": [[0.010514488339796521, -0.0001591225542294935, -0.0005244728185803313], [-0.0001591225542294935, 0.0012686740103097017, -0.0006617499468715474], [-0.0005244728185803312, -0.0006617499468715474, 0.0006154903555393611]], "chi2_level": 0.99, "chi2_df": 3, "chi2_threshold": 11.344866730144373, "N_raw": 42, "N_roi": 11, "N_inlier": 10, "refit": true}
{"timestamp": "15:59:46.969662", "frame": 19, "mu": [-2.055923913652626, 4.945756309435857, 0.8388695184464491], "Sigma": [[0.029223046446720427, 0.0026597240072859206, -0.002690812289333407], [0.0026597240072859206, 0.0013395703778119818, -0.00044501905004273775], [-0.0026908122893334074, -0.0004450190500427377, 0.0004830827769520396]], "chi2_level": 0.99, "chi2_df": 3, "chi2_threshold": 11.344866730144373, "N_raw": 58, "N_roi": 18, "N_inlier": 17, "refit": true}
{"timestamp": "15:59:47.080568", "frame": 21, "mu": [-2.0169278335440013, 4.945381314055291, 1.004452765663419], "Sigma": [[0.0451331534993508, 0.0034000963305119702, -0.015828673088656556], [0.003400096330511971, 0.001699106636768897, -0.0023505695530330623], [-0.015828673088656556, -0.0023505695530330623, 0.007820007468437898]], "chi2_level": 0.99, "chi2_df": 3, "chi2_threshold": 11.344866730144373, "N_raw": 55, "N_roi": 28, "N_inlier": 27, "refit": true}
{"timestamp": "15:59:47.135831", "frame": 22, "mu": [-2.0448774360712054, 4.919889001025025, 0.8052920911503156], "Sigma": [[0.03885514855783512, 0.005032039724801553, -0.005396030619216742], [0.005032039724801552, 0.002289011697156607, -0.005020504529434772], [-0.0053960306192167426, -0.005020504529434773, 0.04593635209278937]], "chi2_level": 0.99, "chi2_df": 3, "chi2_threshold": 11.344866730144373, "N_raw": 55, "N_roi": 40, "N_inlier": 40, "refit": true}
{"timestamp": "15:59:47.187707", "frame": 23, "mu": [-1.904913840938979, 4.911508482705829, 0.6960834952255025], "Sigma": [[0.02942708056418633, 0.00449592925316099, -0.018895720710681907], [0.00449592925316099, 0.0017675733583955736, -0.00563798035622147], [-0.01889572071068191, -0.00563798035622147, 0.028477553193466298]], "chi2_level": 0.99, "chi2_df": 3, "chi2_threshold": 11.344866730144373, "N_raw": 35, "N_roi": 32, "N_inlier": 32, "refit": true}
{"timestamp": "15:59:47.242172", "frame": 24, "mu": [-1.9947629569809124, 4.922380038645844, 0.6247855120409352], "Sigma": [[0.04847464991903186, 0.005586852981928314, -0.014914633110583532], [0.005586852981928314, 0.0025025701136912964, -0.0008688336315915684], [-0.01491463311058353, -0.0008688336315915684, 0.0070350700387271725]], "chi2_level": 0.99, "chi2_df": 3, "chi2_threshold": 11.344866730144373, "N_raw": 34, "N_roi": 28, "N_inlier": 27, "refit": true}
{"timestamp": "15:59:47.407163", "frame": 27, "mu": [-2.037857098961271, 4.796604737040614, 0.694464393277974], "Sigma": [[0.05000592401132131, 0.005086906552062969, -0.021375759855009387], [0.005086906552062969, 0.0023270575164920614, -0.0027809475113160335], [-0.021375759855009387, -0.0027809475113160335, 0.011524705679403219]], "chi2_level": 0.99, "chi2_df": 3, "chi2_threshold": 11.344866730144373, "N_raw": 32, "N_roi": 32, "N_inlier": 32, "refit": true}
{"timestamp": "15:59:47.463917", "frame": 28, "mu": [-1.868215918461216, 4.791798664354027, 0.712898352764209], "Sigma": [[0.04292295615522396, 0.006362041484783861, -0.021454157051420425], [0.006362041484783861, 0.002910779971689149, -0.004938901962758674], [-0.021454157051420425, -0.004938901962758674, 0.021526234955562662]], "chi2_level": 0.99, "chi2_df": 3, "chi2_threshold": 11.344866730144373, "N_raw": 41, "N_roi": 40, "N_inlier": 39, "refit": true}
{"timestamp": "15:59:47.570200", "frame": 30, "mu": [-1.9669434660811773, 4.656749595481911, 0.6335420411934918], "Sigma": [[0.03105318732951141, -0.0016683525008268783, -0.004176800322881614], [-0.001668352500826878, 0.001378311928264392, 0.0023430599427068607], [-0.004176800322881613, 0.0023430599427068607, 0.016230057645830926]], "chi2_level": 0.99, "chi2_df": 3, "chi2_threshold": 11.344866730144373, "N_raw": 13, "N_roi": 13, "N_inlier": 12, "refit": true}
{"timestamp": "15:59:47.630641", "frame": 31, "mu": [-2.0044101873675113, 4.8126834717270235, 0.10129056820543374], "Sigma": [[0.03795339846030619, 0.013257234359173035, -0.018276775972565495], [0.013257234359173035, 0.010034156215476533, -0.012759771234496531], [-0.018276775972565495, -0.01275977123449653, 0.018814858761228636]], "chi2_level": 0.99, "chi2_df": 3, "chi2_threshold": 11.344866730144373, "N_raw": 49, "N_roi": 49, "N_inlier": 48, "refit": true}
{"timestamp": "15:59:47.684629", "frame": 32, "mu": [-2.030244934793701, 4.617572890066697, 0.8308651486131233], "Sigma": [[0.031221490033288384, 0.006481253043508316, -0.01211780416612074], [0.006481253043508316, 0.0025777753153519985, -0.005572164818621128], [-0.012117804166120738, -0.005572164818621128, 0.01914509193031901]], "chi2_level": 0.99, "chi2_df": 3, "chi2_threshold": 11.344866730144373, "N_raw": 38, "N_roi": 35, "N_inlier": 35, "refit": true}
{"timestamp": "15:59:47.737418", "frame": 33, "mu": [-2.232940005459624, 4.60182530627202, 0.7563393296753667], "Sigma": [[0.01969741666446361, 0.0034517844848952943, -0.011202601613416812], [0.0034517844848952943, 0.003135503375887721, -0.0020297843387488386], [-0.011202601613416812, -0.002029784338748838, 0.008496203604968968]], "chi2_level": 0.99, "chi2_df": 3, "chi2_threshold": 11.344866730144373, "N_raw": 24, "N_roi": 21, "N_inlier": 20, "refit": true}
{"timestamp": "15:59:47.790475", "frame": 34, "mu": [-1.9595721405713664, 4.541705432410591, 0.7587603738882778], "Sigma": [[0.012136934027852984, 0.0010998129752680798, 0.003653461913404661], [0.0010998129752680798, 0.001449060909115516, -0.000762802871389487], [0.003653461913404661, -0.0007628028713894869, 0.02742391658849528]], "chi2_level": 0.99, "chi2_df": 3, "chi2_threshold": 11.344866730144373, "N_raw": 14, "N_roi": 14, "N_inlier": 14, "refit": true}
{"timestamp": "15:59:47.906396", "frame": 36, "mu": [-1.885082632261769, 4.510731781963521, 0.8425063495756901], "Sigma": [[0.04375603795580698, 0.008712317839456267, -0.025336048967918218], [0.008712317839456266, 0.004368814399697501, -0.009758526697991366], [-0.025336048967918218, -0.009758526697991366, 0.027584283109871266]], "chi2_level": 0.99, "chi2_df": 3, "chi2_threshold": 11.344866730144373, "N_raw": 57, "N_roi": 56, "N_inlier": 56, "refit": true}
{"timestamp": "15:59:47.958472", "frame": 37, "mu": [-1.9348269621595326, 4.46308687171294, 0.8619247684121755], "Sigma": [[0.03221466052454953, 0.0043704046551771725, -0.015278642215583917], [0.0043704046551771725, 0.001294308481082929, -0.004744765737032132], [-0.015278642215583916, -0.004744765737032132, 0.03174508220079639]], "chi2_level": 0.99, "chi2_df": 3, "chi2_threshold": 11.344866730144373, "N_raw": 36, "N_roi": 35, "N_inlier": 35, "refit": true}
{"timestamp": "15:59:48.014438", "frame": 38, "mu": [-1.7897867458695087, 4.4007228258910995, 0.7050699956233053], "Sigma": [[0.03444186417342857, 0.005118689875023314, -0.02355333638829319], [0.005118689875023314, 0.002293293161133111, -0.006253006058812632], [-0.02355333638829319, -0.006253006058812632, 0.026069872760687476]], "chi2_level": 0.99, "chi2_df": 3, "chi2_threshold": 11.344866730144373, "N_raw": 43, "N_roi": 41, "N_inlier": 39, "refit": true}
{"timestamp": "15:59:48.071310", "frame": 39, "mu": [-1.8166150906835326, 4.356192380458985, 0.731837872469801], "Sigma": [[0.035563204055231265, 0.008264227371198207, -0.024516802795881157], [0.008264227371198208, 0.0040762525748888135, -0.010767707104690187], [-0.024516802795881153, -0.010767707104690187, 0.035009105132411664]], "chi2_level": 0.99, "chi2_df": 3, "chi2_threshold": 11.344866730144373, "N_raw": 51, "N_roi": 50, "N_inlier": 49, "refit": true}
{"timestamp": "15:59:48.124852", "frame": 40, "mu": [-1.7432851625943775, 4.316524942965071, 0.5843691805294913], "Sigma": [[0.04488625537791788, 0.00985994695438187, -0.019120422800405993], [0.00985994695438187, 0.004855136002385711, -0.0063972447995846796], [-0.019120422800405996, -0.0063972447995846796, 0.013644574468831943]], "chi2_level": 0.99, "chi2_df": 3, "chi2_threshold": 11.344866730144373, "N_raw": 47, "N_roi": 47, "N_inlier": 46, "refit": true}
{"timestamp": "15:59:48.176840", "frame": 41, "mu": [-1.8959915124272433, 4.279433019527648, 0.7887249334981207], "Sigma": [[0.026181833085234522, 0.003915469638054153, -0.009856849933483893], [0.003915469638054153, 0.001918568272394463, -0.003177539969672988], [-0.009856849933483892, -0.003177539969672988, 0.009219893412431917]], "chi2_level": 0.99, "chi2_df": 3, "chi2_threshold": 11.344866730144373, "N_raw": 21, "N_roi": 21, "N_inlier": 21, "refit": true}
{"timestamp": "15:59:48.237423", "frame": 42, "mu": [-1.9694732206936014, 4.213081190511423, 0.8054208505841371], "Sigma": [[0.04282383474379961, 0.005502511625495764, -0.019735499843073087], [0.005502511625495764, 0.0026447800349729267, -0.00886925416480474], [-0.019735499843073087, -0.00886925416480474, 0.041647474160277365]], "chi2_level": 0.99, "chi2_df": 3, "chi2_threshold": 11.344866730144373, "N_raw": 68, "N_roi": 68, "N_inlier": 67, "refit": true}
{"timestamp": "15:59:48.292843", "frame": 43, "mu": [-2.0282377299566443, 4.19120172617003, 0.9017124649946856], "Sigma": [[0.039750520592856185, 0.004790461057754123, -0.015788777292417188], [0.004790461057754124, 0.0025398060228674644, -0.0075014402559045856], [-0.015788777292417188, -0.0075014402559045856, 0.030580117646407334]], "chi2_level": 0.99, "chi2_df": 3, "chi2_threshold": 11.344866730144373, "N_raw": 57, "N_roi": 57, "N_inlier": 57, "refit": true}
{"timestamp": "15:59:48.345439", "frame": 44, "mu": [-2.019235795353703, 4.1664961156858, 0.7672793553133535], "Sigma": [[0.04456877036340942, 0.006568662686471302, 0.00691282721911621], [0.006568662686471301, 0.0024819561868005637, -0.0014917762771345076], [0.006912827219116211, -0.0014917762771345074, 0.017156318208699964]], "chi2_level": 0.99, "chi2_df": 3, "chi2_threshold": 11.344866730144373, "N_raw": 41, "N_roi": 41, "N_inlier": 39, "refit": true}
{"timestamp": "15:59:48.396842", "frame": 45, "mu": [-1.9721580091903077, 4.0754473108906, 1.1152432821137088], "Sigma": [[0.013044232866423785, 0.003010300679185054, 0.0031225872959775836], [0.0030103006791850537, 0.002616260542115755, -0.006890393666322447], [0.003122587295977583, -0.006890393666322446, 0.04424063531108077]], "chi2_level": 0.99, "chi2_df": 3, "chi2_threshold": 11.344866730144373, "N_raw": 20, "N_roi": 20, "N_inlier": 20, "refit": true}
{"timestamp": "15:59:48.451715", "frame": 46, "mu": [-1.919628702395178, 4.114738391118942, -0.6840149866896127], "Sigma": [[0.018143853104995174, 0.01081675931664367, 0.04692532077751399], [0.01081675931664367, 0.012452981369032954, 0.041509328627298565], [0.04692532077751399, 0.041509328627298565, 0.21854814671721015]], "chi2_level": 0.99, "chi2_df": 3, "chi2_threshold": 11.344866730144373, "N_raw": 33, "N_roi": 33, "N_inlier": 33, "refit": true}
{"timestamp": "15:59:48.512505", "frame": 47, "mu": [-2.006427583649081, 4.0369453373565225, -0.8367724409633405], "Sigma": [[0.03902767723728082, 0.015905528934456768, 0.05939939991603896], [0.015905528934456764, 0.01192529774695292, 0.03346850556487113], [0.05939939991603896, 0.03346850556487114, 0.1996156630170182]], "chi2_level": 0.99, "chi2_df": 3, "chi2_threshold": 11.344866730144373, "N_raw": 62, "N_roi": 62, "N_inlier": 62, "refit": true}
{"timestamp": "15:59:48.565918", "frame": 48, "mu": [-1.9678087944239768, 3.9755495028458863, 0.8896050533073693], "Sigma": [[0.037123612217055874, 0.009987826016231355, -0.007106767248495805], [0.009987826016231355, 0.005061968613013526, -0.006556597332681687], [-0.0071067672484958055, -0.006556597332681687, 0.016560621438659696]], "chi2_level": 0.99, "chi2_df": 3, "chi2_threshold": 11.344866730144373, "N_raw": 55, "N_roi": 55, "N_inlier": 55, "refit": true}
{"timestamp": "15:59:48.623682", "frame": 49, "mu": [-1.9536168380098307, 3.917667559886027, 0.9915404324753365], "Sigma": [[0.04086481272231582, 0.00935173056688536, -0.01183797763270265], [0.00935173056688536, 0.005836085637951556, -0.007964628573307571], [-0.01183797763270265, -0.007964628573307571, 0.015910096558749247]], "chi2_level": 0.99, "chi2_df": 3, "chi2_threshold": 11.344866730144373, "N_raw": 69, "N_roi": 68, "N_inlier": 66, "refit": true}
{"timestamp": "15:59:48.678439", "frame": 50, "mu": [-1.9610319920390016, 3.8566044363706307, 0.8128519506715645], "Sigma": [[0.04077830870921252, 0.007371950716594277, -0.008493255738473069], [0.007371950716594277, 0.0038050125432895375, -0.004058930723087286], [-0.008493255738473069, -0.004058930723087286, 0.019892906258890224]], "chi2_level": 0.99, "chi2_df": 3, "chi2_threshold": 11.344866730144373, "N_raw": 63, "N_roi": 58, "N_inlier": 58, "refit": true}
{"timestamp": "15:59:48.731733", "frame": 51, "mu": [-1.8665162785277611, 3.836363666643626, 0.7361754325394388], "Sigma": [[0.06749438467652191, 0.007284215487554068, -0.015806559823488792], [0.007284215487554068, 0.0036720721730216944, -0.004504870595165885], [-0.01580655982348879, -0.004504870595165885, 0.017982797319713896]], "chi2_level": 0.99, "chi2_df": 3, "chi2_threshold": 11.344866730144373, "N_raw": 50, "N_roi": 45, "N_inlier": 45, "refit": true}
{"timestamp": "15:59:48.785795", "frame": 52, "mu": [-1.9132274515915317, 3.7786943741862777, 0.995813484517873], "Sigma": [[0.03026560620255029, 0.009519599160338052, -0.01895053500968017], [0.009519599160338052, 0.006037278085729294, -0.007139532069540206], [-0.01895053500968017, -0.007139532069540206, 0.013639763555589686]], "chi2_level": 0.99, "chi2_df": 3, "chi2_threshold": 11.344866730144373, "N_raw": 51, "N_roi": 45, "N_inlier": 43, "refit": true}
{"timestamp": "15:59:48.898295", "frame": 54, "mu": [-2.030974589904971, 3.691482834549537, 0.9776741398446298], "Sigma": [[0.042678215879555524, 0.0069071046972873, -0.017692307998621877], [0.0069071046972873, 0.003991979421102467, -0.006916592866516224], [-0.017692307998621877, -0.006916592866516224, 0.025573507245586213]], "chi2_level": 0.99, "chi2_df": 3, "chi2_threshold": 11.344866730144373, "N_raw": 69, "N_roi": 64, "N_inlier": 62, "refit": true}
{"timestamp": "15:59:48.953323", "frame": 55, "mu": [-2.055810678292249, 3.6175608096571557, 0.9860677614531956], "Sigma": [[0.0302788490741129, 0.007835706285615012, -0.011076699746516943], [0.007835706285615012, 0.004653739205470223, -0.0108378278383576], [-0.011076699746516944, -0.0108378278383576, 0.04084336426776557]], "chi2_level": 0.99, "chi2_df": 3, "chi2_threshold": 11.344866730144373, "N_raw": 66, "N_roi": 65, "N_inlier": 64, "refit": true}
{"timestamp": "15:59:49.002029", "frame": 56, "mu": [-2.0720867856558374, 3.549451367152167, 1.0233788907040562], "Sigma": [[0.011771174803233296, 0.0030250757630059084, -0.0058241253936497294], [0.003025075763005908, 0.0022995174749968874, -0.006256788684360547], [-0.005824125393649731, -0.0062567886843605475, 0.02866245509306717]], "chi2_level": 0.99, "chi2_df": 3, "chi2_threshold": 11.344866730144373, "N_raw": 26, "N_roi": 26, "N_inlier": 26, "refit": true}
{"timestamp": "15:59:49.059657", "frame": 57, "mu": [-1.8961000404748132, 3.5859349939340968, 0.7934967908932753], "Sigma": [[0.022574333290121075, 0.007621121535808641, -0.011005906761214941], [0.007621121535808641, 0.004794632210434121, -0.0061995893432577436], [-0.011005906761214941, -0.0061995893432577436, 0.011957177097334454]], "chi2_level": 0.99, "chi2_df": 3, "chi2_threshold": 11.344866730144373, "N_raw": 45, "N_roi": 41, "N_inlier": 39, "refit": true}
{"timestamp": "15:59:49.120591", "frame": 58, "mu": [-2.057795063413648, 3.49936586135739, 1.039016053034275], "Sigma": [[0.041173952447374346, 0.005129853404283052, -0.019769142959585755], [0.005129853404283052, 0.004755771037876238, -0.010710866286015093], [-0.019769142959585758, -0.010710866286015093, 0.031521164964984597]], "chi2_level": 0.99, "chi2_df": 3, "chi2_threshold": 11.344866730144373, "N_raw": 75, "N_roi": 73, "N_inlier": 72, "refit": true}
{"timestamp": "15:59:49.171914", "frame": 59, "mu": [-1.97787991419679, 3.558005755887446, -0.030781154409440792], "Sigma": [[0.024055909190301393, 0.015075188099770615, -0.023646163816209785], [0.015075188099770615, 0.017015297677665367, -0.028267817745470387], [-0.023646163816209785, -0.028267817745470387, 0.05009148108279564]], "chi2_level": 0.99, "chi2_df": 3, "chi2_threshold": 11.344866730144373, "N_raw": 56, "N_roi": 51, "N_inlier": 50, "refit": true}
{"timestamp": "15:59:49.275956", "frame": 61, "mu": [-1.945151615235708, 3.373058771884072, 0.6136422343278444], "Sigma": [[0.015095777133936035, -0.0013432342877959913, -0.009795618059643714], [-0.0013432342877959913, 0.0008925057829551226, 0.00034293466301715814], [-0.009795618059643714, 0.0003429346630171582, 0.00892541939883186]], "chi2_level": 0.99, "chi2_df": 3, "chi2_threshold": 11.344866730144373, "N_raw": 17, "N_roi": 17, "N_inlier": 17, "refit": true}
{"timestamp": "15:59:49.390760", "frame": 63, "mu": [-2.0555322644596425, 3.2392636628946256, 1.141142589205086], "Sigma": [[0.01982043449824946, 0.008057966962345998, -0.018981929378876147], [0.008057966962345998, 0.006030297059802248, -0.01301615510911108], [-0.01898192937887615, -0.01301615510911108, 0.038870210057468796]], "chi2_level": 0.99, "chi2_df": 3, "chi2_threshold": 11.344866730144373, "N_raw": 53, "N_roi": 52, "N_inlier": 49, "refit": true}
{"timestamp": "15:59:49.446891", "frame": 64, "mu": [-2.0164711394278796, 3.2981836183648987, -0.015522175737720648], "Sigma": [[0.02114875648918879, 0.014538756188283698, -0.019513092045724326], [0.014538756188283698, 0.01832503153836368, -0.027963810101624943], [-0.019513092045724326, -0.027963810101624936, 0.04836440100899388]], "chi2_level": 0.99, "chi2_df": 3, "chi2_threshold": 11.344866730144373, "N_raw": 57, "N_roi": 56, "N_inlier": 56, "refit": true}
{"timestamp": "15:59:49.577843", "frame": 65, "mu": [-1.9385296703297543, 3.3738813869335096, -0.30152545911603024], "Sigma": [[0.012789085627433645, 0.00370931999928824, -0.007385253923777381], [0.00370931999928824, 0.003340786892830017, -0.004361898623909112], [-0.007385253923777381, -0.004361898623909112, 0.00841173467094993]], "chi2_level": 0.99, "chi2_df": 3, "chi2_threshold": 11.344866730144373, "N_raw": 24, "N_roi": 24, "N_inlier": 22, "refit": true}
{"timestamp": "15:59:49.611011", "frame": 66, "mu": [-2.1275225956390127, 3.123034040383023, 0.9006312790131343], "Sigma": [[0.03909657066418877, 0.003015988847253301, 0.00136376149584719], [0.0030159888472533016, 0.0012907184703590264, -0.0016124234652185308], [0.0013637614958471897, -0.0016124234652185308, 0.015006611239659242]], "chi2_level": 0.99, "chi2_df": 3, "chi2_threshold": 11.344866730144373, "N_raw": 30, "N_roi": 28, "N_inlier": 27, "refit": true}
{"timestamp": "15:59:49.633220", "frame": 67, "mu": [-1.909031417445486, 3.0962699001355487, 0.7991714415622646], "Sigma": [[0.021229853760559275, 0.0035217930820083615, 0.0009320595166830944], [0.0035217930820083615, 0.0015749481870515872, -0.0013659586638070098], [0.0009320595166830949, -0.0013659586638070098, 0.0394773819989427]], "chi2_level": 0.99, "chi2_df": 3, "chi2_threshold": 11.344866730144373, "N_raw": 43, "N_roi": 43, "N_inlier": 43, "refit": true}
{"timestamp": "15:59:49.670584", "frame": 68, "mu": [-2.028974060951855, 3.204026409340646, -0.1849608818537469], "Sigma": [[0.021039976435542757, 0.0016921486357136196, 0.002984395084184294], [0.0016921486357136199, 0.007935696610048363, -0.013183534307678409], [0.002984395084184294, -0.013183534307678409, 0.03321546749358987]], "chi2_level": 0.99, "chi2_df": 3, "chi2_threshold": 11.344866730144373, "N_raw": 61, "N_roi": 60, "N_inlier": 59, "refit": true}
{"timestamp": "15:59:49.723777", "frame": 69, "mu": [-1.9592039686799338, 3.14621427871264, -0.0924954792474077], "Sigma": [[0.024229514704736384, 0.009814129045083754, -0.006952706157405099], [0.009814129045083754, 0.01242161099446656, -0.011828569284011957], [-0.006952706157405098, -0.011828569284011957, 0.01366354526840372]], "chi2_level": 0.99, "chi2_df": 3, "chi2_threshold": 11.344866730144373, "N_raw": 67, "N_roi": 63, "N_inlier": 61, "refit": true}
{"timestamp": "15:59:49.778169", "frame": 70, "mu": [-2.1146855124654755, 2.96252499243029, 1.0526370010759867], "Sigma": [[0.042078665909528204, 0.005302121404565617, 0.0024095983746610207], [0.005302121404565617, 0.004375774695529727, -0.005716451060605136], [0.0024095983746610207, -0.005716451060605136, 0.022328500236170265]], "chi2_level": 0.99, "chi2_df": 3, "chi2_threshold": 11.344866730144373, "N_raw": 62, "N_roi": 59, "N_inlier": 59, "refit": true}
{"timestamp": "15:59:49.830244", "frame": 71, "mu": [-2.256888319105914, 3.0873249516774646, -0.3605054353045448], "Sigma": [[0.018410399980946787, 0.005248596638063088, -0.002176927501594628], [0.005248596638063088, 0.006212349783634416, -0.005901206076129118], [-0.002176927501594628, -0.005901206076129118, 0.009388073314948358]], "chi2_level": 0.99, "chi2_df": 3, "chi2_threshold": 11.344866730144373, "N_raw": 44, "N_roi": 34, "N_inlier": 33, "refit": true}
{"timestamp": "15:59:49.883053", "frame": 72, "mu": [-1.9854062621660535, 3.002281926262856, -0.0897776775287405], "Sigma": [[0.014000058017540664, 0.003041953381156948, -0.0024323966441568605], [0.003041953381156948, 0.006085367242049058, -0.00916346309491306], [-0.0024323966441568614, -0.00916346309491306, 0.017783386981266046]], "chi2_level": 0.99, "chi2_df": 3, "chi2_threshold": 11.344866730144373, "N_raw": 27, "N_roi": 27, "N_inlier": 25, "refit": true}
{"timestamp": "15:59:49.939428", "frame": 73, "mu": [-2.003712308212379, 2.9610798565254735, -0.1568305165342234], "Sigma": [[0.022313483602235645, 0.0019782688299292317, 0.004700718353893437], [0.0019782688299292317, 0.00632759809401525, -0.0064480922016690295], [0.004700718353893437, -0.006448092201669029, 0.013237392235050974]], "chi2_level": 0.99, "chi2_df": 3, "chi2_threshold": 11.344866730144373, "N_raw": 38, "N_roi": 38, "N_inlier": 37, "refit": true}
{"timestamp": "15:59:49.995169", "frame": 74, "mu": [-2.088088050165332, 2.7792174356056543, 1.2888315227214031], "Sigma": [[0.023431893710149046, 0.004168455026100958, -0.018616083413979464], [0.004168455026100958, 0.003973401846976213, -0.005069748426048457], [-0.018616083413979467, -0.005069748426048456, 0.018079989723190727]], "chi2_level": 0.99, "chi2_df": 3, "chi2_threshold": 11.344866730144373, "N_raw": 44, "N_roi": 44, "N_inlier": 43, "refit": true}
{"timestamp": "15:59:50.056561", "frame": 75, "mu": [-2.127885044732605, 2.7064970616232977, 1.1039541207096606], "Sigma": [[0.03126947837933529, 0.007046426504088863, 0.0027606821019097133], [0.007046426504088863, 0.0051194393597075736, -0.004710265618391363], [0.0027606821019097133, -0.004710265618391364, 0.03648866613190203]], "chi2_level": 0.99, "chi2_df": 3, "chi2_threshold": 11.344866730144373, "N_raw": 92, "N_roi": 83, "N_inlier": 80, "refit": true}
{"timestamp": "15:59:50.108305", "frame": 76, "mu": [-2.104321466448203, 2.626287533751227, 1.1314119718079003], "Sigma": [[0.020429957438222526, 0.007176140219195334, -0.0008523195888391665], [0.007176140219195333, 0.00570613841196354, -0.008241640207694217], [-0.0008523195888391658, -0.008241640207694216, 0.0506339302464295]], "chi2_level": 0.99, "chi2_df": 3, "chi2_threshold": 11.344866730144373, "N_raw": 68, "N_roi": 68, "N_inlier": 68, "refit": true}
{"timestamp": "15:59:50.158137", "frame": 77, "mu": [-2.012336848327763, 2.6342070500155548, 1.0281501532353268], "Sigma": [[0.013020100306756788, 0.002542771618609911, -0.01180283756228832], [0.002542771618609911, 0.0032875972739819445, -0.0034409579692007853], [-0.011802837562288318, -0.0034409579692007853, 0.01658205586840698]], "chi2_level": 0.99, "chi2_df": 3, "chi2_threshold": 11.344866730144373, "N_raw": 30, "N_roi": 30, "N_inlier": 27, "refit": true}
{"timestamp": "15:59:50.216030", "frame": 78, "mu": [-2.0169931115394135, 2.5872050022155273, 0.993047306238093], "Sigma": [[0.03032229170333631, 0.007094655134072684, -0.008274877543232237], [0.007094655134072684, 0.004331467037544369, -0.004511541969809234], [-0.008274877543232237, -0.004511541969809234, 0.009809593029502359]], "chi2_level": 0.99, "chi2_df": 3, "chi2_threshold": 11.344866730144373, "N_raw": 47, "N_roi": 44, "N_inlier": 41, "refit": true}
{"timestamp": "15:59:50.272969", "frame": 79, "mu": [-2.0660703608889053, 2.5026451635768248, 1.0857641548935102], "Sigma": [[0.01247452762973058, 0.005301467310936987, -0.016122742647806984], [0.005301467310936987, 0.004042719239082659, -0.012776531035284774], [-0.016122742647806984, -0.012776531035284772, 0.054326233338710915]], "chi2_level": 0.99, "chi2_df": 3, "chi2_threshold": 11.344866730144373, "N_raw": 65, "N_roi": 49, "N_inlier": 46, "refit": true}
{"timestamp": "15:59:50.328961", "frame": 80, "mu": [-2.095631674540602, 2.5162739364417805, 1.1892814524123323], "Sigma": [[0.018767982946168934, 0.007513803404994862, -0.008258598048683098], [0.007513803404994862, 0.007828601739140705, -0.008371926182584814], [-0.008258598048683096, -0.008371926182584814, 0.012295442781677246]], "chi2_level": 0.99, "chi2_df": 3, "chi2_threshold": 11.344866730144373, "N_raw": 73, "N_roi": 56, "N_inlier": 55, "refit": true}
{"timestamp": "15:59:50.382085", "frame": 81, "mu": [-2.2584864766040256, 2.2603578579515196, 1.409672608814776], "Sigma": [[0.020403874592579266, 0.01841449151192401, -0.013765827615868753], [0.018414491511924015, 0.020168931511761988, -0.015356263828487465], [-0.013765827615868753, -0.015356263828487465, 0.021128272753006803]], "chi2_level": 0.99, "chi2_df": 3, "chi2_threshold": 11.344866730144373, "N_raw": 58, "N_roi": 39, "N_inlier": 37, "refit": true}
{"timestamp": "15:59:50.437185", "frame": 82, "mu": [-2.1695626270922816, 2.4012106813813463, -0.41073114139915856], "Sigma": [[0.01897488686514432, 0.015528466526719388, 0.017777355335967564], [0.015528466526719388, 0.020320695675030687, 0.02100316150337958], [0.017777355335967564, 0.02100316150337958, 0.062272186294457084]], "chi2_level": 0.99, "chi2_df": 3, "chi2_threshold": 11.344866730144373, "N_raw": 57, "N_roi": 36, "N_inlier": 34, "refit": true}
{"timestamp": "15:59:50.488697", "frame": 83, "mu": [-2.310023576887362, 2.1477194692948753, 1.3977570327641373], "Sigma": [[0.019428005763862805, 0.014953070919928882, -0.022474363289383594], [0.01495307091992888, 0.024263803755909648, -0.039437816656499015], [-0.022474363289383594, -0.039437816656499015, 0.08843556643546858]], "chi2_level": 0.99, "chi2_df": 3, "chi2_threshold": 11.344866730144373, "N_raw": 32, "N_roi": 18, "N_inlier": 18, "refit": true}
{"timestamp": "15:59:50.540643", "frame": 84, "mu": [-2.257801866385969, 2.1605263419896787, 1.211812180901], "Sigma": [[0.022841378336083327, 0.020977255228898962, -0.022169410564178284], [0.020977255228898962, 0.0317820395128494, -0.049472316279463247], [-0.022169410564178284, -0.049472316279463247, 0.09950891752475874]], "chi2_level": 0.99, "chi2_df": 3, "chi2_threshold": 11.344866730144373, "N_raw": 15, "N_roi": 13, "N_inlier": 13, "refit": true}
{"timestamp": "15:59:50.599810", "frame": 85, "mu": [-2.0618216220736167, 2.2592302740989583, 0.9966295999976372], "Sigma": [[0.014305966367976201, 0.007292108805194639, -0.006436578727813226], [0.007292108805194639, 0.005898079652840354, -0.005831881300631555], [-0.006436578727813226, -0.005831881300631555, 0.007113223990248259]], "chi2_level": 0.99, "chi2_df": 3, "chi2_threshold": 11.344866730144373, "N_raw": 46, "N_roi": 40, "N_inlier": 37, "refit": true}
{"timestamp": "15:59:50.656444", "frame": 86, "mu": [-2.0988536935576834, 2.2315823021883876, -0.664758472438887], "Sigma": [[0.018777014853763062, 0.02133561921469289, 0.01317661937955631], [0.02133561921469289, 0.033709810475972435, 0.02642704821970245], [0.01317661937955631, 0.02642704821970245, 0.05764825381941311]], "chi2_level": 0.99, "chi2_df": 3, "chi2_threshold": 11.344866730144373, "N_raw": 54, "N_roi": 41, "N_inlier": 41, "refit": true}
{"timestamp": "15:59:50.714026", "frame": 87, "mu": [-2.278708725680133, 2.0959788157983335, -0.17352915015673284], "Sigma": [[0.019398174572261402, 0.01766457779020346, -0.010498089895679335], [0.01766457779020346, 0.02502106637188293, -0.015391548410212244], [-0.010498089895679335, -0.015391548410212244, 0.01091339842090455]], "chi2_level": 0.99, "chi2_df": 3, "chi2_threshold": 11.344866730144373, "N_raw": 69, "N_roi": 51, "N_inlier": 49, "refit": true}
{"timestamp": "15:59:50.763089", "frame": 88, "mu": [-2.1815443760768316, 1.9830740489501557, 1.1516783643910014], "Sigma": [[0.044287913319853905, 0.026796047331028923, -0.02506129283336224], [0.026796047331028923, 0.01775290584613046, -0.01765616287603912], [-0.02506129283336224, -0.01765616287603912, 0.02833700937766309]], "chi2_level": 0.99, "chi2_df": 3, "chi2_threshold": 11.344866730144373, "N_raw": 30, "N_roi": 25, "N_inlier": 24, "refit": true}
{"timestamp": "15:59:50.822002", "frame": 89, "mu": [-2.2126494492645987, 1.8971835209423686, 1.3111468225794842], "Sigma": [[0.027594400830674548, 0.018952128509422746, -0.024720349256273796], [0.018952128509422746, 0.01949723314067585, -0.016452073492385227], [-0.024720349256273796, -0.01645207349238523, 0.02386131710844457]], "chi2_level": 0.99, "chi2_df": 3, "chi2_threshold": 11.344866730144373, "N_raw": 62, "N_roi": 53, "N_inlier": 50, "refit": true}
{"timestamp": "15:59:50.878362", "frame": 90, "mu": [-2.1577117273359523, 1.9087797863861604, 1.232024024581176], "Sigma": [[0.027936849059352876, 0.02094800019687096, -0.03471461343392027], [0.02094800019687096, 0.021105864130188768, -0.03629051106568431], [-0.03471461343392028, -0.03629051106568431, 0.07600763800443497]], "chi2_level": 0.99, "chi2_df": 3, "chi2_threshold": 11.344866730144373, "N_raw": 67, "N_roi": 67, "N_inlier": 66, "refit": true}
{"timestamp": "15:59:50.932003", "frame": 91, "mu": [-2.280044222862743, 1.794408599438246, 0.9198549178672365], "Sigma": [[0.020892542548799315, 0.013800067204278888, -0.002767553587449288], [0.013800067204278888, 0.011601758734489875, -0.010422047162088867], [-0.0027675535874492874, -0.010422047162088867, 0.09415607700169012]], "chi2_level": 0.99, "chi2_df": 3, "chi2_threshold": 11.344866730144373, "N_raw": 52, "N_roi": 51, "N_inlier": 51, "refit": true}
{"timestamp": "15:59:50.991776", "frame": 92, "mu": [-2.226808049290174, 1.8836237170411514, -0.8310498620772381], "Sigma": [[0.014139770327615183, 0.015844437904876094, 0.012237270498626319], [0.015844437904876094, 0.0383572984080361, 0.007945844417829554], [0.012237270498626319, 0.007945844417829554, 0.05040217339378529]], "chi2_level": 0.99, "chi2_df": 3, "chi2_threshold": 11.344866730144373, "N_raw": 87, "N_roi": 86, "N_inlier": 85, "refit": true}
{"timestamp": "15:59:51.045582", "frame": 93, "mu": [-2.206312469614168, 2.012646504469586, -0.6645971986507471], "Sigma": [[0.024577444130342786, 0.013040372178650053, -0.001218954366531309], [0.013040372178650053, 0.018134763423006333, -0.01701217559960123], [-0.001218954366531309, -0.017012175599601227, 0.03249877046721261]], "chi2_level": 0.99, "chi2_df": 3, "chi2_threshold": 11.344866730144373, "N_raw": 77, "N_roi": 76, "N_inlier": 75, "refit": true}
{"timestamp": "15:59:51.094520", "frame": 94, "mu": [-2.304693414324497, 1.7718603966197524, -0.8621450847813836], "Sigma": [[0.026620683502017788, 0.019909287754530457, 0.016247651218084348], [0.019909287754530457, 0.030844285447418, 0.016370340871730317], [0.016247651218084348, 0.016370340871730317, 0.02850934402551847]], "chi2_level": 0.99, "chi2_df": 3, "chi2_threshold": 11.344866730144373, "N_raw": 35, "N_roi": 33, "N_inlier": 33, "refit": true}
{"timestamp": "15:59:51.149403", "frame": 95, "mu": [-2.2182318412722766, 1.877929295219491, -0.37856992319883587], "Sigma": [[0.018104091150642675, 0.012561704576631496, -0.0021603085123077055], [0.012561704576631496, 0.019129500686176654, -0.013073900423901266], [-0.0021603085123077046, -0.013073900423901268, 0.03182554163078209]], "chi2_level": 0.99, "chi2_df": 3, "chi2_threshold": 11.344866730144373, "N_raw": 45, "N_roi": 44, "N_inlier": 42, "refit": true}
{"timestamp": "15:59:51.207906", "frame": 96, "mu": [-2.234062595608526, 1.490250564477671, 1.2538756091863519], "Sigma": [[0.012697282277336, 0.010184766387962202, 0.00151503509615556], [0.010184766387962202, 0.015641994453302242, -0.02123046506179449], [0.0015150350961555608, -0.02123046506179449, 0.10995354669589512]], "chi2_level": 0.99, "chi2_df": 3, "chi2_threshold": 11.344866730144373, "N_raw": 64, "N_roi": 64, "N_inlier": 64, "refit": true}
{"timestamp": "15:59:51.265669", "frame": 97, "mu": [-2.129060301076322, 1.6892813243118179, -0.2359685158334587], "Sigma": [[0.018342052800332964, 0.019901695404863327, -0.015025647512622056], [0.019901695404863327, 0.03754582870003456, -0.019923152832791016], [-0.015025647512622056, -0.019923152832791016, 0.014381365815598174]], "chi2_level": 0.99, "chi2_df": 3, "chi2_threshold": 11.344866730144373, "N_raw": 83, "N_roi": 83, "N_inlier": 81, "refit": true}
{"timestamp": "15:59:51.318637", "frame": 98, "mu": [-2.2168222105982798, 1.4036205780549877, 1.3249233503912707], "Sigma": [[0.01156450742434124, 0.012478977326151802, -0.009309373381868376], [0.012478977326151802, 0.02859855398866859, -0.023807326671637256], [-0.009309373381868376, -0.023807326671637256, 0.022816601338195915]], "chi2_level": 0.99, "chi2_df": 3, "chi2_threshold": 11.344866730144373, "N_raw": 69, "N_roi": 69, "N_inlier": 68, "refit": true}
{"timestamp": "15:59:51.373198", "frame": 99, "mu": [-2.2152816075507995, 1.4247262335373765, 1.2845908052455537], "Sigma": [[0.011473482324009973, 0.006069049117430888, -0.0038368325977135125], [0.006069049117430888, 0.01485372803030511, -0.012577724077729526], [-0.0038368325977135125, -0.012577724077729526, 0.013151395976878127]], "chi2_level": 0.99, "chi2_df": 3, "chi2_threshold": 11.344866730144373, "N_raw": 67, "N_roi": 67, "N_inlier": 67, "refit": true}
{"timestamp": "15:59:51.752609", "frame": 100, "mu": [-2.2338193509257946, 1.5062467785862048, -0.509377450783201], "Sigma": [[0.010930349346214873, 0.010070959923152031, 0.011456348989300235], [0.010070959923152031, 0.030722089182248315, 0.01380099886188543], [0.011456348989300235, 0.01380099886188543, 0.024916500123284342]], "chi2_level": 0.99, "chi2_df": 3, "chi2_threshold": 11.344866730144373, "N_raw": 59, "N_roi": 58, "N_inlier": 58, "refit": true}
{"timestamp": "15:59:51.788486", "frame": 101, "mu": [-2.184874862134169, 1.5365751708385953, -0.488702436988052], "Sigma": [[0.01773223063975676, 0.009091490108196418, 0.003968662353469511], [0.009091490108196418, 0.01704445902354228, -0.012981501981113388], [0.003968662353469511, -0.012981501981113388, 0.029640280436087116]], "chi2_level": 0.99, "chi2_df": 3, "chi2_threshold": 11.344866730144373, "N_raw": 80, "N_roi": 80, "N_inlier": 80, "refit": true}
{"timestamp": "15:59:51.823212", "frame": 102, "mu": [-2.1779341476172007, 1.448190254104289, -0.5372630762274069], "Sigma": [[0.00940106931398694, 0.007675815472521852, 0.0009372091513626675], [0.007675815472521853, 0.01748498725156198, -0.011694043015593819], [0.0009372091513626677, -0.011694043015593819, 0.015923969239814664]], "chi2_level": 0.99, "chi2_df": 3, "chi2_threshold": 11.344866730144373, "N_raw": 61, "N_roi": 61, "N_inlier": 61, "refit": true}
{"timestamp": "15:59:51.852279", "frame": 103, "mu": [-2.1981379295478023, 1.4505316097747993, -0.7136181907747707], "Sigma": [[0.013071270059659043, 0.014625982070550823, -0.0018152103057457363], [0.014625982070550821, 0.025301563945100886, -0.004194238387929785], [-0.0018152103057457358, -0.004194238387929785, 0.0021777168457613417]], "chi2_level": 0.99, "chi2_df": 3, "chi2_threshold": 11.344866730144373, "N_raw": 50, "N_roi": 50, "N_inlier": 49, "refit": true}
{"timestamp": "15:59:51.890231", "frame": 104, "mu": [-2.160468402865971, 1.4239591505003861, -0.5706391754808797], "Sigma": [[0.009932115404792424, 0.009406279563508263, -0.0006751286981062212], [0.009406279563508263, 0.023820142853852165, -0.0223547260418559], [-0.0006751286981062212, -0.022354726041855896, 0.03481020960370528]], "chi2_level": 0.99, "chi2_df": 3, "chi2_threshold": 11.344866730144373, "N_raw": 80, "N_roi": 80, "N_inlier": 79, "refit": true}
{"timestamp": "15:59:51.923904", "frame": 105, "mu": [-2.1792465671446384, 1.3208243372268538, -0.40007272636735325], "Sigma": [[0.008204580884163598, 0.00948404543965141, -0.004185267482477281], [0.00948404543965141, 0.025253108180225695, -0.018168349979021295], [-0.0041852674824772815, -0.018168349979021295, 0.02408800206746583]], "chi2_level": 0.99, "chi2_df": 3, "chi2_threshold": 11.344866730144373, "N_raw": 58, "N_roi": 58, "N_inlier": 57, "refit": true}
{"timestamp": "15:59:51.955660", "frame": 106, "mu": [-2.207614379868696, 1.4233849143085138, -0.7393626495419753], "Sigma": [[0.019304115656026632, 0.012936010830147626, 0.006601314854259311], [0.012936010830147629, 0.014090450571026427, 6.892872835082098e-05], [0.006601314854259311, 6.892872835082071e-05, 0.010369105470230346]], "chi2_level": 0.99, "chi2_df": 3, "chi2_threshold": 11.344866730144373, "N_raw": 56, "N_roi": 56, "N_inlier": 56, "refit": true}
{"timestamp": "15:59:51.995514", "frame": 107, "mu": [-2.1448502843797277, 1.3029446150933381, -0.7293399324694223], "Sigma": [[0.012269781947494719, 0.013976645249359505, 0.0015835703183159093], [0.013976645249359503, 0.02083274518263291, -0.0030136616632103577], [0.0015835703183159095, -0.003013661663210358, 0.009513543966310883]], "chi2_level": 0.99, "chi2_df": 3, "chi2_threshold": 11.344866730144373, "N_raw": 49, "N_roi": 49, "N_inlier": 49, "refit": true}
{"timestamp": "15:59:52.025106", "frame": 108, "mu": [-2.1293316754148, 1.2255095601393076, -0.6966889275888856], "Sigma": [[0.009520402800017055, 0.011144693351068258, 0.010402932635412572], [0.011144693351068258, 0.038885391559013424, 0.01701702904916122], [0.010402932635412572, 0.01701702904916122, 0.019170535400371853]], "chi2_level": 0.99, "chi2_df": 3, "chi2_threshold": 11.344866730144373, "N_raw": 60, "N_roi": 60, "N_inlier": 58, "refit": true}
{"timestamp": "15:59:52.054319", "frame": 109, "mu": [-2.0963326034524306, 1.2719989940998229, -0.5491795385802684], "Sigma": [[0.009867467416814745, 0.0075052796369156, 0.002042525604111281], [0.0075052796369156, 0.01314198394074277, -0.005044485198629066], [0.0020425256041112804, -0.005044485198629065, 0.0076645735124221065]], "chi2_level": 0.99, "chi2_df": 3, "chi2_threshold": 11.344866730144373, "N_raw": 51, "N_roi": 51, "N_inlier": 51, "refit": true}
{"timestamp": "15:59:52.072268", "frame": 110, "mu": [-2.101053699936415, 1.1377268096714008, -0.7441887233522313], "Sigma": [[0.007730851003260094, 0.007450716329122758, 0.00320218087652869], [0.007450716329122758, 0.012448878829214804, -0.0033024531407083724], [0.00320218087652869, -0.0033024531407083724, 0.012853231052551982]], "chi2_level": 0.99, "chi2_df": 3, "chi2_threshold": 11.344866730144373, "N_raw": 44, "N_roi": 44, "N_inlier": 44, "refit": true}
