{"timestamp": "17:18:43.310498", "frame": 9, "mu": [-1.7848583750426525, 4.9668493898091635, 0.7767508654992157], "Sigma": [[0.011449260901365001, 0.0013614243382582057, 0.0003163771075256266], [0.0013614243382582057, 0.0006160970415851995, -0.001238879838245066], [0.0003163771075256266, -0.001238879838245066, 0.0084552071948095]], "chi2_level": 0.95, "chi2_df": 3, "chi2_threshold": 7.814727903251179, "N_raw": 33, "N_roi": 14, "N_inlier": 14, "refit": true}
{"timestamp": "17:18:43.646377", "frame": 15, "mu": [-1.496910565841439, 4.842093601406717, 1.0985980058864648], "Sigma": [[0.03223954238226599, 0.008264498945351924, -0.018215200475965254], [0.008264498945351924, 0.005357614506391866, -0.009349807206041455], [-0.018215200475965254, -0.009349807206041455, 0.020392640309011258]], "chi2_level": 0.95, "chi2_df": 3, "chi2_threshold": 7.814727903251179, "N_raw": 70, "N_roi": 51, "N_inlier": 49, "refit": true}
{"timestamp": "17:18:43.699196", "frame": 16, "mu": [-1.4288281096714235, 4.782079192417956, 0.977857155578048], "Sigma": [[0.013917837711751783, 0.005369719975212858, -0.009655540958650195], [0.005369719975212859, 0.009928075246403318, -0.009399704460228857], [-0.009655540958650193, -0.009399704460228857, 0.014467258933681297]], "chi2_level": 0.95, "chi2_df": 3, "chi2_threshold": 7.814727903251179, "N_raw": 36, "N_roi": 30, "N_inlier": 30, "refit": true}
{"timestamp": "17:18:43.760376", "frame": 17, "mu": [-1.439808970529683, 4.761931102938822, 1.1062071479801814], "Sigma": [[0.03804200561157248, 0.008605505611745896, -0.017402892369354696], [0.008605505611745896, 0.010388945335311714, -0.003579890887743127], [-0.0174028923693547, -0.0035798908877431265, 0.013248693332442028]], "chi2_level": 0.95, "chi2_df": 3, "chi2_threshold": 7.814727903251179, "N_raw": 79, "N_roi": 70, "N_inlier": 68, "refit": true}
{"timestamp": "17:18:43.808460", "frame": 18, "mu": [-1.3715600560129666, 4.8310640179812205, 0.9208111925528403], "Sigma": [[0.013151379115537187, 0.0020148527879102814, -0.008726655746609259], [0.0020148527879102814, 0.005539258999888693, -0.0023781388244770987], [-0.008726655746609257, -0.0023781388244770983, 0.010787469810852462]], "chi2_level": 0.95, "chi2_df": 3, "chi2_threshold": 7.814727903251179, "N_raw": 26, "N_roi": 25, "N_inlier": 23, "refit": true}
{"timestamp": "17:18:43.863571", "frame": 19, "mu": [-1.3020434051456402, 4.739860409906923, 1.0951404368973514], "Sigma": [[0.02344696785395372, 0.0028490333646155495, -0.008234608465308877], [0.00284903336461555, 0.0020884078824478466, -0.002386771502976838], [-0.008234608465308877, -0.002386771502976838, 0.007730862607704712]], "chi2_level": 0.95, "chi2_df": 3, "chi2_threshold": 7.814727903251179, "N_raw": 35, "N_roi": 34, "N_inlier": 31, "refit": true}
{"timestamp": "17:18:43.919309", "frame": 20, "mu": [-1.3045667635049412, 4.7234009093741385, 1.0520559318099971], "Sigma": [[0.029496816642645883, 0.004587853155782125, -0.013813008606874816], [0.004587853155782125, 0.003818620878655762, -0.0030929408595459507], [-0.013813008606874816, -0.0030929408595459507, 0.008842818178439347]], "chi2_level": 0.95, "chi2_df": 3, "chi2_threshold": 7.814727903251179, "N_raw": 41, "N_roi": 40, "N_inlier": 40, "refit": true}
{"timestamp": "17:18:43.976255", "frame": 21, "mu": [-1.3259529740155669, 4.749659576747911, -0.08630465315619555], "Sigma": [[0.03827990571622479, 0.014072013274785522, 0.07652442660558464], [0.014072013274785519, 0.012111884822013351, 0.0393033900336173], [0.07652442660558464, 0.03930339003361731, 0.28389410397032916]], "chi2_level": 0.95, "chi2_df": 3, "chi2_threshold": 7.814727903251179, "N_raw": 61, "N_roi": 59, "N_inlier": 59, "refit": true}
{"timestamp": "17:18:44.027518", "frame": 22, "mu": [-1.2473830625977973, 4.645778169688627, 1.0670388302972327], "Sigma": [[0.012379855442544656, 0.001748570280031989, -0.0033647172741891255], [0.0017485702800319886, 0.0013913606992021026, -0.00193499362600498], [-0.0033647172741891255, -0.00193499362600498, 0.005977853698039714]], "chi2_level": 0.95, "chi2_df": 3, "chi2_threshold": 7.814727903251179, "N_raw": 24, "N_roi": 21, "N_inlier": 19, "refit": true}
{"timestamp": "17:18:44.083218", "frame": 23, "mu": [-1.27139305359094, 4.5794320850177925, 1.3046255891296348], "Sigma": [[0.02090755375617222, 0.005929354901981983, -0.0065142237800748185], [0.005929354901981983, 0.004838143200314665, -0.0019586329998389435], [-0.0065142237800748185, -0.0019586329998389435, 0.003046432559095683]], "chi2_level": 0.95, "chi2_df": 3, "chi2_threshold": 7.814727903251179, "N_raw": 35, "N_roi": 35, "N_inlier": 33, "refit": true}
{"timestamp": "17:18:44.141375", "frame": 24, "mu": [-1.1817638740615817, 4.609264901310306, 1.197870555672819], "Sigma": [[0.02873791316444689, 0.007226612298676007, -0.013713066312178453], [0.007226612298676006, 0.006005967645029004, -0.007278590586959588], [-0.013713066312178453, -0.007278590586959587, 0.011867713228387042]], "chi2_level": 0.95, "chi2_df": 3, "chi2_threshold": 7.814727903251179, "N_raw": 58, "N_roi": 53, "N_inlier": 52, "refit": true}
{"timestamp": "17:18:44.194375", "frame": 25, "mu": [-1.1276911606895372, 4.604714673087758, 1.1383192325950344], "Sigma": [[0.02784336115923708, 0.007190593964416554, -0.018842454118646518], [0.007190593964416554, 0.005671168003185936, -0.006694718128713677], [-0.018842454118646518, -0.006694718128713677, 0.01608483048684077]], "chi2_level": 0.95, "chi2_df": 3, "chi2_threshold": 7.814727903251179, "N_raw": 46, "N_roi": 46, "N_inlier": 46, "refit": true}
{"timestamp": "17:18:44.250081", "frame": 26, "mu": [-1.0924354833485237, 4.589508417763645, 0.9584585981327262], "Sigma": [[0.021669215927129858, 0.006594087412884862, -0.009673430929124961], [0.006594087412884862, 0.005992845538479533, -0.003962310969921652], [-0.00967343092912496, -0.003962310969921652, 0.007051341339156008]], "chi2_level": 0.95, "chi2_df": 3, "chi2_threshold": 7.814727903251179, "N_raw": 43, "N_roi": 42, "N_inlier": 39, "refit": true}
{"timestamp": "17:18:44.307515", "frame": 27, "mu": [-1.0050900296410459, 4.601886644769408, 1.0325290595964245], "Sigma": [[0.03633133224315627, 0.008754323048030333, -0.014518246653958192], [0.008754323048030333, 0.0077199383592071935, -0.0031022370090627023], [-0.01451824665395819, -0.0031022370090627023, 0.007168352061165225]], "chi2_level": 0.95, "chi2_df": 3, "chi2_threshold": 7.814727903251179, "N_raw": 60, "N_roi": 55, "N_inlier": 54, "refit": true}
{"timestamp": "17:18:44.360806", "frame": 28, "mu": [-1.0648798950123255, 4.532106912331363, 1.1156043433021177], "Sigma": [[0.027918003839534494, 0.00669334356818551, -0.003586815490000915], [0.006693343568185512, 0.005185391511636124, -0.0010703669577260297], [-0.003586815490000914, -0.0010703669577260297, 0.0007482860155633229]], "chi2_level": 0.95, "chi2_df": 3, "chi2_threshold": 7.814727903251179, "N_raw": 48, "N_roi": 45, "N_inlier": 40, "refit": true}
{"timestamp": "17:18:44.417366", "frame": 29, "mu": [-0.9332902176175025, 4.587100900806005, -0.8768503952478801], "Sigma": [[0.03082462770919122, 0.009057079825832866, 0.0025349275544431565], [0.009057079825832866, 0.00885169177285784, 0.0021683987390763737], [0.0025349275544431565, 0.0021683987390763737, 0.00221830120241958]], "chi2_level": 0.95, "chi2_df": 3, "chi2_threshold": 7.814727903251179, "N_raw": 61, "N_roi": 58, "N_inlier": 52, "refit": true}
{"timestamp": "17:18:44.469429", "frame": 30, "mu": [-0.8464852861884002, 4.507870501649123, 0.983344213009447], "Sigma": [[0.029073869969444645, 0.00932687464956291, -0.005417555996192637], [0.00932687464956291, 0.0050298856571598565, -0.004254914687706434], [-0.005417555996192637, -0.004254914687706434, 0.008266724201550698]], "chi2_level": 0.95, "chi2_df": 3, "chi2_threshold": 7.814727903251179, "N_raw": 40, "N_roi": 40, "N_inlier": 38, "refit": true}
{"timestamp": "17:18:44.526497", "frame": 31, "mu": [-0.8647029955348692, 4.443716242227543, 0.7386108621164408], "Sigma": [[0.03473277483610618, 0.0028006839962818122, -0.009888752260855536], [0.0028006839962818122, 0.0021165516108812006, -0.004726627780586502], [-0.009888752260855536, -0.004726627780586502, 0.017502902153050816]], "chi2_level": 0.95, "chi2_df": 3, "chi2_threshold": 7.814727903251179, "N_raw": 54, "N_roi": 52, "N_inlier": 51, "refit": true}
{"timestamp": "17:18:44.582284", "frame": 32, "mu": [-0.7975257989472708, 4.446497357905792, 0.9471685293058092], "Sigma": [[0.031043796354846526, 0.0071245594515208415, 0.005261688563174372], [0.0071245594515208415, 0.005617262370408409, -0.00010695369228739594], [0.005261688563174372, -0.00010695369228739637, 0.011367176811911092]], "chi2_level": 0.95, "chi2_df": 3, "chi2_threshold": 7.814727903251179, "N_raw": 60, "N_roi": 52, "N_inlier": 48, "refit": true}
{"timestamp": "17:18:44.638556", "frame": 33, "mu": [-0.7086599801590883, 4.437067983343536, 1.071052216841883], "Sigma": [[0.03519465548313369, 0.0071802488302821574, 0.006175246523997845], [0.007180248830282159, 0.010096348295081424, 0.006442533375054572], [0.006175246523997845, 0.006442533375054572, 0.010405239734733177]], "chi2_level": 0.95, "chi2_df": 3, "chi2_threshold": 7.814727903251179, "N_raw": 62, "N_roi": 59, "N_inlier": 58, "refit": true}
{"timestamp": "17:18:44.691033", "frame": 34, "mu": [-0.8021930813724386, 4.320170014394463, 0.9911196201981525], "Sigma": [[0.029155975292409583, 0.005211247478464858, -0.0027227558168461024], [0.005211247478464858, 0.005512290879953635, -0.0022339654054865515], [-0.0027227558168461024, -0.0022339654054865515, 0.001982685718961165]], "chi2_level": 0.95, "chi2_df": 3, "chi2_threshold": 7.814727903251179, "N_raw": 50, "N_roi": 50, "N_inlier": 49, "refit": true}
{"timestamp": "17:18:44.748784", "frame": 35, "mu": [-0.7968801789221298, 4.318287913862289, 1.1047063152923113], "Sigma": [[0.03712287488893765, 0.009245009171528826, -0.006814093190396445], [0.009245009171528826, 0.009858260161606933, -0.001376513142170274], [-0.006814093190396445, -0.001376513142170274, 0.007057428909558526]], "chi2_level": 0.95, "chi2_df": 3, "chi2_threshold": 7.814727903251179, "N_raw": 72, "N_roi": 69, "N_inlier": 67, "refit": true}
{"timestamp": "17:18:44.805423", "frame": 36, "mu": [-0.7815369659053772, 4.291659353963553, 1.119481665782902], "Sigma": [[0.03408190398488209, 0.015574642079778059, -0.0026779771455333378], [0.015574642079778057, 0.016884845215324035, -9.066292643167381e-05], [-0.0026779771455333378, -9.06629264316737e-05, 0.004852259225189682]], "chi2_level": 0.95, "chi2_df": 3, "chi2_threshold": 7.814727903251179, "N_raw": 79, "N_roi": 75, "N_inlier": 72, "refit": true}
{"timestamp": "17:18:44.857571", "frame": 37, "mu": [-0.7456379508603953, 4.181792499807706, 1.052535816904781], "Sigma": [[0.03128660629006522, 0.0041155736175676255, -0.012501519566525239], [0.004115573617567625, 0.005033642859941759, -0.003687628425488843], [-0.01250151956652524, -0.003687628425488843, 0.008759673239356027]], "chi2_level": 0.95, "chi2_df": 3, "chi2_threshold": 7.814727903251179, "N_raw": 58, "N_roi": 58, "N_inlier": 53, "refit": true}
{"timestamp": "17:18:44.911555", "frame": 38, "mu": [-0.7456267101754954, 4.101909896067273, 1.157978883416254], "Sigma": [[0.02955722306880148, 0.0003500458075877965, -0.022383972157606513], [0.00035004580758779666, 0.006125065405279464, 0.0015392843221460608], [-0.022383972157606517, 0.0015392843221460606, 0.024067051380170915]], "chi2_level": 0.95, "chi2_df": 3, "chi2_threshold": 7.814727903251179, "N_raw": 58, "N_roi": 58, "N_inlier": 53, "refit": true}
{"timestamp": "17:18:44.966790", "frame": 39, "mu": [-0.6042269568454934, 3.9902869976887585, 0.8407215762517323], "Sigma": [[0.02280129465526114, -0.004229057180992254, -0.02344587269635283], [-0.004229057180992254, 0.013571478791218958, 0.013504761523975398], [-0.02344587269635283, 0.013504761523975398, 0.03534664557798954]], "chi2_level": 0.95, "chi2_df": 3, "chi2_threshold": 7.814727903251179, "N_raw": 56, "N_roi": 53, "N_inlier": 49, "refit": true}
{"timestamp": "17:18:45.074600", "frame": 41, "mu": [-0.6458163974703968, 4.118341899394715, 1.264011871916701], "Sigma": [[0.027945962912110392, 0.000575345153913243, -0.009545103176361484], [0.000575345153913243, 0.002315723669189656, -0.0020573574526167844], [-0.009545103176361484, -0.0020573574526167844, 0.006669792625502902]], "chi2_level": 0.95, "chi2_df": 3, "chi2_threshold": 7.814727903251179, "N_raw": 42, "N_roi": 40, "N_inlier": 39, "refit": true}
{"timestamp": "17:18:45.131606", "frame": 42, "mu": [-0.6144220323974277, 4.148070949311903, 0.28904949340836206], "Sigma": [[0.026778439974804377, 0.0027225933714869555, -0.005314190722189547], [0.0027225933714869555, 0.005468813969260823, -0.00454094319563967], [-0.005314190722189548, -0.00454094319563967, 0.00541503938377562]], "chi2_level": 0.95, "chi2_df": 3, "chi2_threshold": 7.814727903251179, "N_raw": 53, "N_roi": 50, "N_inlier": 48, "refit": true}
{"timestamp": "17:18:45.183045", "frame": 43, "mu": [-0.5145063023634807, 4.03995292598457, 1.1033613442366081], "Sigma": [[0.018397496443597266, 0.0004724464487824844, -0.009261928156280411], [0.00047244644878248444, 0.00041298913464542697, -0.0007024257313503849], [-0.009261928156280411, -0.0007024257313503849, 0.005841381513983389]], "chi2_level": 0.95, "chi2_df": 3, "chi2_threshold": 7.814727903251179, "N_raw": 19, "N_roi": 14, "N_inlier": 13, "refit": true}
{"timestamp": "17:18:45.238395", "frame": 44, "mu": [-0.5068928983366021, 3.976267719119019, 1.33079946298812], "Sigma": [[0.017641654503067532, 0.005484047765452321, -0.0035785683998863383], [0.005484047765452321, 0.005098089710790476, 0.0010869701104037751], [-0.0035785683998863383, 0.0010869701104037751, 0.0029525610445440232]], "chi2_level": 0.95, "chi2_df": 3, "chi2_threshold": 7.814727903251179, "N_raw": 25, "N_roi": 22, "N_inlier": 20, "refit": true}
{"timestamp": "17:18:45.299298", "frame": 45, "mu": [-0.5183310621214678, 3.964627830151197, 1.308165039992383], "Sigma": [[0.018621460888183956, 0.0024669641547023975, -0.0012903533398624196], [0.002466964154702397, 0.0021119957315554718, -0.004494840783667084], [-0.0012903533398624196, -0.004494840783667084, 0.016369288740015184]], "chi2_level": 0.95, "chi2_df": 3, "chi2_threshold": 7.814727903251179, "N_raw": 47, "N_roi": 40, "N_inlier": 37, "refit": true}
{"timestamp": "17:18:45.353644", "frame": 46, "mu": [-0.5257293430443656, 3.966392524637744, 0.29913722345365346], "Sigma": [[0.03407023142375649, 0.007375544584937277, -0.004930651993339284], [0.007375544584937277, 0.0066887630352761955, 0.000168068199341382], [-0.004930651993339284, 0.00016806819934138203, 0.002652873393306848]], "chi2_level": 0.95, "chi2_df": 3, "chi2_threshold": 7.814727903251179, "N_raw": 64, "N_roi": 63, "N_inlier": 60, "refit": true}
{"timestamp": "17:18:45.413133", "frame": 47, "mu": [-0.4164001983713619, 4.033960292628427, 0.27812888282457615], "Sigma": [[0.04098708127585386, 0.015454913188700934, -0.0032474308048519936], [0.015454913188700936, 0.018841078760490237, -0.01091161920737079], [-0.0032474308048519936, -0.01091161920737079, 0.011532962885012677]], "chi2_level": 0.95, "chi2_df": 3, "chi2_threshold": 7.814727903251179, "N_raw": 86, "N_roi": 82, "N_inlier": 78, "refit": true}
{"timestamp": "17:18:45.466727", "frame": 48, "mu": [-0.3504302454987936, 3.964855427847626, 1.1846268296029483], "Sigma": [[0.034187885102999846, 0.01202077303445399, 0.0016197429747643222], [0.01202077303445399, 0.009440943864852678, -0.010437432872947783], [0.0016197429747643224, -0.010437432872947783, 0.03540970504623049]], "chi2_level": 0.95, "chi2_df": 3, "chi2_threshold": 7.814727903251179, "N_raw": 85, "N_roi": 85, "N_inlier": 81, "refit": true}
{"timestamp": "17:18:45.520583", "frame": 49, "mu": [-0.27615263256034617, 3.8970557341523873, 0.9882297101441441], "Sigma": [[0.04883425275470586, 0.010615554346397908, -0.018698242986819102], [0.010615554346397908, 0.007444332999793187, -0.004653247620930952], [-0.018698242986819106, -0.004653247620930951, 0.009571222735033306]], "chi2_level": 0.95, "chi2_df": 3, "chi2_threshold": 7.814727903251179, "N_raw": 76, "N_roi": 76, "N_inlier": 73, "refit": true}
{"timestamp": "17:18:45.567609", "frame": 50, "mu": [-0.3259753702287176, 3.8637090268474785, 1.1071923798745136], "Sigma": [[0.03325855616051833, 0.01651967515419817, -0.009147366666427693], [0.01651967515419817, 0.010973121949590088, -0.0057336135001680956], [-0.009147366666427693, -0.0057336135001680956, 0.009214260310089232]], "chi2_level": 0.95, "chi2_df": 3, "chi2_threshold": 7.814727903251179, "N_raw": 24, "N_roi": 24, "N_inlier": 23, "refit": true}
{"timestamp": "17:18:45.630970", "frame": 51, "mu": [-0.3360245324084098, 3.914570699071096, 0.12454789283832321], "Sigma": [[0.0318070264295907, 0.004304841993687351, -0.0024339159723644464], [0.004304841993687353, 0.009944265492678827, -0.010551051469679096], [-0.0024339159723644464, -0.010551051469679095, 0.014743955629718577]], "chi2_level": 0.95, "chi2_df": 3, "chi2_threshold": 7.814727903251179, "N_raw": 82, "N_roi": 82, "N_inlier": 78, "refit": true}
{"timestamp": "17:18:45.687643", "frame": 52, "mu": [-0.12894829532714225, 3.856264912935825, 1.2204161587628934], "Sigma": [[0.03766612731169198, 0.00995666270548887, -0.0024351035660385243], [0.00995666270548887, 0.012146104162883135, 0.0009502056588285308], [-0.0024351035660385243, 0.0009502056588285309, 0.0015519501619879613]], "chi2_level": 0.95, "chi2_df": 3, "chi2_threshold": 7.814727903251179, "N_raw": 91, "N_roi": 91, "N_inlier": 91, "refit": true}
{"timestamp": "17:18:45.739307", "frame": 53, "mu": [-0.14181395598494523, 3.8097308814525097, 1.1155487053462507], "Sigma": [[0.024445232676291895, 0.0009543332756277242, -0.01142311249066147], [0.0009543332756277242, 0.004295664833330832, -0.006479951379667416], [-0.01142311249066147, -0.006479951379667416, 0.020638283139779768]], "chi2_level": 0.95, "chi2_df": 3, "chi2_threshold": 7.814727903251179, "N_raw": 73, "N_roi": 73, "N_inlier": 70, "refit": true}
{"timestamp": "17:18:45.797034", "frame": 54, "mu": [-0.0860674866708701, 3.739329223052809, -0.4931317513977058], "Sigma": [[0.026942085627965316, 0.0063766084759722804, 0.06655339245558875], [0.0063766084759722804, 0.008292668751746075, 0.01898131376325609], [0.06655339245558875, 0.01898131376325609, 0.49104686758237054]], "chi2_level": 0.95, "chi2_df": 3, "chi2_threshold": 7.814727903251179, "N_raw": 86, "N_roi": 83, "N_inlier": 81, "refit": true}
{"timestamp": "17:18:45.851549", "frame": 55, "mu": [-0.07671259793180442, 3.6763204371683016, 1.0994419685588264], "Sigma": [[0.026274304268517942, 0.0025082462091465274, -0.004786432372052703], [0.002508246209146528, 0.010302537343915553, 0.0037877205051505833], [-0.004786432372052702, 0.0037877205051505833, 0.0037899880281762116]], "chi2_level": 0.95, "chi2_df": 3, "chi2_threshold": 7.814727903251179, "N_raw": 79, "N_roi": 76, "N_inlier": 73, "refit": true}
{"timestamp": "17:18:45.901198", "frame": 56, "mu": [-0.10029294781775301, 3.6466816995851095, 1.1393394496716978], "Sigma": [[0.01666272900617005, 0.0009959464146173896, -0.00025023208805748955], [0.0009959464146173896, 0.004161051045547748, -0.00098344323575118], [-0.00025023208805748955, -0.00098344323575118, 0.00023350517659020246]], "chi2_level": 0.95, "chi2_df": 3, "chi2_threshold": 7.814727903251179, "N_raw": 51, "N_roi": 47, "N_inlier": 44, "refit": true}
{"timestamp": "17:18:45.961072", "frame": 57, "mu": [-0.1012736224063648, 3.5657740037549073, 1.162898463472298], "Sigma": [[0.026611325003399876, -0.0007003005735042307, -0.008117809514144682], [-0.0007003005735042307, 0.006098149574218863, -0.004436979177275534], [-0.00811780951414468, -0.004436979177275534, 0.007283249373175226]], "chi2_level": 0.95, "chi2_df": 3, "chi2_threshold": 7.814727903251179, "N_raw": 83, "N_roi": 83, "N_inlier": 79, "refit": true}
{"timestamp": "17:18:46.015929", "frame": 58, "mu": [-0.10601030311031433, 3.5160425421840826, -0.7972498738680452], "Sigma": [[0.022026431206703723, 0.001278296151648874, 0.006658944080124194], [0.0012782961516488737, 0.006490349092629657, 0.0011960666905743305], [0.006658944080124194, 0.0011960666905743308, 0.025393453279754584]], "chi2_level": 0.95, "chi2_df": 3, "chi2_threshold": 7.814727903251179, "N_raw": 74, "N_roi": 73, "N_inlier": 67, "refit": true}
{"timestamp": "17:18:46.071677", "frame": 59, "mu": [-0.04367321214311225, 3.5581080066881436, 0.31010188451418], "Sigma": [[0.022775541480452147, -0.00034891648503618575, 0.03273727420751438], [-0.0003489164850361857, 0.009705893188126225, -0.013314749309734038], [0.03273727420751438, -0.013314749309734034, 0.14148927351393198]], "chi2_level": 0.95, "chi2_df": 3, "chi2_threshold": 7.814727903251179, "N_raw": 85, "N_roi": 84, "N_inlier": 81, "refit": true}
{"timestamp": "17:18:46.122216", "frame": 60, "mu": [-0.039356384097263254, 3.375603456546448, -0.8991375191215545], "Sigma": [[0.0166441505929457, -4.363618625865477e-05, -0.01738254579060009], [-4.363618625865542e-05, 0.005042446179787119, -0.0027558490660982526], [-0.01738254579060009, -0.002755849066098252, 0.022991296843537998]], "chi2_level": 0.95, "chi2_df": 3, "chi2_threshold": 7.814727903251179, "N_raw": 51, "N_roi": 51, "N_inlier": 45, "refit": true}
{"timestamp": "17:18:46.178475", "frame": 61, "mu": [-0.016802931563852198, 3.3556290948538923, 1.2206152724445707], "Sigma": [[0.01968319083833252, -0.0008040921401502438, -0.007539216370347294], [-0.0008040921401502436, 0.008655223948629966, 0.008099993587955929], [-0.007539216370347294, 0.008099993587955929, 0.012079089584811459]], "chi2_level": 0.95, "chi2_df": 3, "chi2_threshold": 7.814727903251179, "N_raw": 64, "N_roi": 62, "N_inlier": 58, "refit": true}
{"timestamp": "17:18:46.237774", "frame": 62, "mu": [0.007245815286355822, 3.373532942202775, 1.3481023254577251], "Sigma": [[0.021671338922798287, 0.00028420440477596267, -0.011379770980309322], [0.00028420440477596283, 0.012030368582595218, 0.006458587609842136], [-0.01137977098030932, 0.006458587609842136, 0.015377803788931768]], "chi2_level": 0.95, "chi2_df": 3, "chi2_threshold": 7.814727903251179, "N_raw": 89, "N_roi": 89, "N_inlier": 85, "refit": true}
{"timestamp": "17:18:46.290507", "frame": 63, "mu": [-0.03340391705916122, 3.3213485577731703, 1.3895708066454338], "Sigma": [[0.02281320228222821, 0.0023369101086015967, 0.0016193942909053197], [0.0023369101086015967, 0.00723629527289369, 0.005008532295136597], [0.0016193942909053195, 0.005008532295136596, 0.004832833861741014]], "chi2_level": 0.95, "chi2_df": 3, "chi2_threshold": 7.814727903251179, "N_raw": 70, "N_roi": 69, "N_inlier": 64, "refit": true}
{"timestamp": "17:18:46.350290", "frame": 64, "mu": [0.08606586309977961, 3.3493797775514333, 1.0607960189573704], "Sigma": [[0.021948400728162645, 0.0013257869585840119, -0.03270968169971415], [0.0013257869585840119, 0.005575705889486204, -0.008059958399538467], [-0.03270968169971415, -0.008059958399538469, 0.28351623099450723]], "chi2_level": 0.95, "chi2_df": 3, "chi2_threshold": 7.814727903251179, "N_raw": 102, "N_roi": 100, "N_inlier": 99, "refit": true}
{"timestamp": "17:18:46.491406", "frame": 65, "mu": [0.13870589981862794, 3.366799888767792, 0.1450826608609362], "Sigma": [[0.017512429877179585, 0.0016540489734438591, -0.016206068862911496], [0.0016540489734438594, 0.009940141824081266, -0.00934221836366447], [-0.016206068862911496, -0.00934221836366447, 0.028040390486325437]], "chi2_level": 0.95, "chi2_df": 3, "chi2_threshold": 7.814727903251179, "N_raw": 82, "N_roi": 82, "N_inlier": 77, "refit": true}
{"timestamp": "17:18:46.504330", "frame": 66, "mu": [0.15417589035777182, 3.2465067694131013, 1.2675031724063928], "Sigma": [[0.02386310080768042, -0.0018965691830581475, -0.006363625188660101], [-0.0018965691830581473, 0.008739008534394813, -0.0012872916936631708], [-0.006363625188660102, -0.001287291693663171, 0.003200557750543719]], "chi2_level": 0.95, "chi2_df": 3, "chi2_threshold": 7.814727903251179, "N_raw": 92, "N_roi": 92, "N_inlier": 87, "refit": true}
{"timestamp": "17:18:46.537153", "frame": 67, "mu": [0.17883605233775304, 3.236564022326814, 1.3020196509815145], "Sigma": [[0.01951822350819709, -0.003729701699767333, -0.01678617527989398], [-0.003729701699767333, 0.008751686431765602, -0.0011381318865999112], [-0.01678617527989398, -0.0011381318865999112, 0.020015124618788835]], "chi2_level": 0.95, "chi2_df": 3, "chi2_threshold": 7.814727903251179, "N_raw": 89, "N_roi": 88, "N_inlier": 85, "refit": true}
{"timestamp": "17:18:46.568428", "frame": 68, "mu": [0.22521995661412247, 3.1931405861988806, 1.2671311946503137], "Sigma": [[0.025188013672846746, -0.0044443182664317404, -0.0223619923164217], [-0.00444431826643174, 0.0062375988368075985, -0.0013255298713479313], [-0.0223619923164217, -0.0013255298713479315, 0.03278025542430901]], "chi2_level": 0.95, "chi2_df": 3, "chi2_threshold": 7.814727903251179, "N_raw": 92, "N_roi": 92, "N_inlier": 89, "refit": true}
{"timestamp": "17:18:46.626726", "frame": 69, "mu": [0.23256003551116294, 3.1825786609867297, -0.19141455881806213], "Sigma": [[0.031557437063378956, -0.002977475177925511, 0.10573857657541816], [-0.0029774751779255105, 0.004767912485087798, -0.028440574686600835], [0.10573857657541816, -0.028440574686600835, 1.0782700109394476]], "chi2_level": 0.95, "chi2_df": 3, "chi2_threshold": 7.814727903251179, "N_raw": 118, "N_roi": 117, "N_inlier": 117, "refit": true}
{"timestamp": "17:18:46.672413", "frame": 70, "mu": [0.38177698886772476, 3.220816638849467, 1.2847916293737391], "Sigma": [[0.014506597389732631, -0.0004443059111920428, -0.004084375009329711], [-0.0004443059111920429, 0.0034671714293257154, -0.0030281807320332896], [-0.00408437500932971, -0.0030281807320332896, 0.00652830995589668]], "chi2_level": 0.95, "chi2_df": 3, "chi2_threshold": 7.814727903251179, "N_raw": 55, "N_roi": 55, "N_inlier": 50, "refit": true}
{"timestamp": "17:18:46.730335", "frame": 71, "mu": [0.3854320462913048, 3.1482150097970334, 1.170077524218548], "Sigma": [[0.017709502519666364, -0.004617801450217127, -0.008851906564424037], [-0.004617801450217127, 0.005406720113438964, -0.0034146427644209565], [-0.008851906564424037, -0.003414642764420957, 0.025754895146457017]], "chi2_level": 0.95, "chi2_df": 3, "chi2_threshold": 7.814727903251179, "N_raw": 75, "N_roi": 75, "N_inlier": 71, "refit": true}
{"timestamp": "17:18:46.786879", "frame": 72, "mu": [0.4130225801751681, 3.245385256513846, -0.39728303763063627], "Sigma": [[0.016265131314350506, 0.0022182682496812494, 0.044789441314360454], [0.0022182682496812494, 0.02583991200196486, -0.07158022745508644], [0.04478944131436045, -0.07158022745508645, 0.5933172126778933]], "chi2_level": 0.95, "chi2_df": 3, "chi2_threshold": 7.814727903251179, "N_raw": 82, "N_roi": 82, "N_inlier": 78, "refit": true}
{"timestamp": "17:18:46.840393", "frame": 73, "mu": [0.47085642906056513, 3.2866947288808976, -0.29006340326943], "Sigma": [[0.012666133010519158, -0.0045590278695818755, 0.007829637355480607], [-0.0045590278695818755, 0.041612854956133455, -0.10243547363725669], [0.007829637355480607, -0.10243547363725669, 0.28831878211030737]], "chi2_level": 0.95, "chi2_df": 3, "chi2_threshold": 7.814727903251179, "N_raw": 70, "N_roi": 70, "N_inlier": 69, "refit": true}
{"timestamp": "17:18:46.895683", "frame": 74, "mu": [0.5087658931650684, 3.039551272825611, -0.7477334885001102], "Sigma": [[0.01675961862547202, 0.004750246367586206, 0.04599598960643689], [0.004750246367586207, 0.009600950975332158, 0.013511556640777753], [0.04599598960643689, 0.013511556640777751, 0.25617479055985737]], "chi2_level": 0.95, "chi2_df": 3, "chi2_threshold": 7.814727903251179, "N_raw": 76, "N_roi": 76, "N_inlier": 71, "refit": true}
{"timestamp": "17:18:46.950256", "frame": 75, "mu": [0.4571573698969546, 2.9478690241903194, 1.0493634545921795], "Sigma": [[0.016972825292989754, -0.0010825410248643706, -0.0073726154848708205], [-0.0010825410248643706, 0.002956569975910126, -0.004024654411816591], [-0.0073726154848708205, -0.004024654411816591, 0.015912486348196857]], "chi2_level": 0.95, "chi2_df": 3, "chi2_threshold": 7.814727903251179, "N_raw": 68, "N_roi": 68, "N_inlier": 64, "refit": true}
{"timestamp": "17:18:47.004343", "frame": 76, "mu": [0.5096182620151588, 2.9016201545702693, 1.0810981414598169], "Sigma": [[0.017799027748002676, -0.002481638398451453, -0.007975076759002341], [-0.0024816383984514524, 0.005236132677745107, -0.0016104182650528247], [-0.007975076759002341, -0.0016104182650528247, 0.007206284568159383]], "chi2_level": 0.95, "chi2_df": 3, "chi2_threshold": 7.814727903251179, "N_raw": 72, "N_roi": 72, "N_inlier": 70, "refit": true}
{"timestamp": "17:18:47.060477", "frame": 77, "mu": [0.46835488377922446, 2.831348741659257, 1.21909579270246], "Sigma": [[0.01678498337790453, -0.0034528069841069818, -0.00298557071282293], [-0.0034528069841069818, 0.0073324515063429305, -0.001072998431693787], [-0.0029855707128229303, -0.001072998431693787, 0.002150526807472186]], "chi2_level": 0.95, "chi2_df": 3, "chi2_threshold": 7.814727903251179, "N_raw": 78, "N_roi": 75, "N_inlier": 72, "refit": true}
{"timestamp": "17:18:47.116527", "frame": 78, "mu": [0.506619357620194, 2.9163491465333884, -0.04249063702843766], "Sigma": [[0.014475552386396855, -0.0013314929321477883, -0.009746107303269674], [-0.0013314929321477887, 0.008022318165346648, 0.0005062731432207718], [-0.009746107303269674, 0.0005062731432207716, 0.012386228017692694]], "chi2_level": 0.95, "chi2_df": 3, "chi2_threshold": 7.814727903251179, "N_raw": 74, "N_roi": 74, "N_inlier": 72, "refit": true}
{"timestamp": "17:18:47.171191", "frame": 79, "mu": [0.4731215598878951, 2.742236782638324, 1.1928047071129841], "Sigma": [[0.020616667360663504, -0.0013869494301842278, -0.007171863126172907], [-0.0013869494301842278, 0.004408275736536933, -0.004089263093569454], [-0.007171863126172907, -0.004089263093569454, 0.009928464215574263]], "chi2_level": 0.95, "chi2_df": 3, "chi2_threshold": 7.814727903251179, "N_raw": 86, "N_roi": 86, "N_inlier": 81, "refit": true}
{"timestamp": "17:18:47.227245", "frame": 80, "mu": [0.48720820561332345, 2.699861245822464, 1.1533491474561035], "Sigma": [[0.01469109124144371, -0.00013618405861345146, -0.004971121245015364], [-0.00013618405861345157, 0.004568453193909305, -0.00616354919866602], [-0.004971121245015365, -0.006163549198666021, 0.02269784990190559]], "chi2_level": 0.95, "chi2_df": 3, "chi2_threshold": 7.814727903251179, "N_raw": 89, "N_roi": 89, "N_inlier": 84, "refit": true}
{"timestamp": "17:18:47.283240", "frame": 81, "mu": [0.5620234536089095, 2.758545551054566, -0.06011334150770162], "Sigma": [[0.01563991010482521, 0.0007715890164049891, 0.05413803284376967], [0.0007715890164049894, 0.018794966116177078, -0.0356622566137068], [0.05413803284376967, -0.0356622566137068, 0.38855803359156665]], "chi2_level": 0.95, "chi2_df": 3, "chi2_threshold": 7.814727903251179, "N_raw": 88, "N_roi": 88, "N_inlier": 86, "refit": true}
{"timestamp": "17:18:47.336775", "frame": 82, "mu": [0.5386112208650358, 2.7231964005638027, -0.041922440321454583], "Sigma": [[0.015221607542291038, 0.00016393793067599532, -0.0028536890810990103], [0.0001639379306759952, 0.007059802246497117, -3.55479776016915e-05], [-0.0028536890810990103, -3.5547977601691524e-05, 0.001524480553406964]], "chi2_level": 0.95, "chi2_df": 3, "chi2_threshold": 7.814727903251179, "N_raw": 78, "N_roi": 78, "N_inlier": 74, "refit": true}
{"timestamp": "17:18:47.394156", "frame": 83, "mu": [0.5836520616846683, 2.568380136257535, 1.2322462599280477], "Sigma": [[0.013401474921792963, -0.0017447253612585057, -0.008483004191455647], [-0.0017447253612585055, 0.007412714995037153, -0.003895054364534867], [-0.008483004191455649, -0.003895054364534867, 0.01416546940366493]], "chi2_level": 0.95, "chi2_df": 3, "chi2_threshold": 7.814727903251179, "N_raw": 93, "N_roi": 89, "N_inlier": 85, "refit": true}
{"timestamp": "17:18:47.441783", "frame": 84, "mu": [0.5653364725580032, 2.5759468851491905, 1.3715090932872227], "Sigma": [[0.009824685074155572, -0.005156019217874251, -0.009899391009610924], [-0.005156019217874251, 0.006268648303447149, 0.005839441423243693], [-0.009899391009610924, 0.005839441423243693, 0.011207755928271014]], "chi2_level": 0.95, "chi2_df": 3, "chi2_threshold": 7.814727903251179, "N_raw": 49, "N_roi": 44, "N_inlier": 40, "refit": true}
{"timestamp": "17:18:47.499660", "frame": 85, "mu": [0.7151319746321182, 2.543853381700069, 1.0159876024211927], "Sigma": [[0.010186739188827192, 1.815610074921688e-05, -0.01602292287033741], [1.8156100749216716e-05, 0.010490835191416397, 0.0036413408246351955], [-0.016022922870337415, 0.003641340824635195, 0.3099893021165698]], "chi2_level": 0.95, "chi2_df": 3, "chi2_threshold": 7.814727903251179, "N_raw": 70, "N_roi": 66, "N_inlier": 66, "refit": true}
{"timestamp": "17:18:47.548675", "frame": 86, "mu": [0.7996596115040737, 2.479532185474687, 1.0910930912447891], "Sigma": [[0.04167647579734422, 0.005165516911147186, -0.02995720967822875], [0.005165516911147186, 0.0032168510757746007, -0.005545979285035153], [-0.02995720967822875, -0.005545979285035153, 0.06818889281561649]], "chi2_level": 0.95, "chi2_df": 3, "chi2_threshold": 7.814727903251179, "N_raw": 30, "N_roi": 27, "N_inlier": 24, "refit": true}
{"timestamp": "17:18:47.608450", "frame": 87, "mu": [0.7769608802401414, 2.4504344775209614, 1.2346797098315458], "Sigma": [[0.013290636679429665, -0.0032281120692131235, -0.005056587637157949], [-0.003228112069213123, 0.004508753771548448, -0.0018267562599812537], [-0.005056587637157949, -0.0018267562599812537, 0.007065597946754247]], "chi2_level": 0.95, "chi2_df": 3, "chi2_threshold": 7.814727903251179, "N_raw": 62, "N_roi": 62, "N_inlier": 57, "refit": true}
{"timestamp": "17:18:47.664200", "frame": 88, "mu": [0.8216009956402078, 2.482502635308359, 1.2767264816676467], "Sigma": [[0.013698505761580099, -0.0020088421954926883, -0.007137416162249357], [-0.0020088421954926883, 0.0012411837175854104, -0.002131710920921454], [-0.007137416162249356, -0.002131710920921454, 0.0507204487046292]], "chi2_level": 0.95, "chi2_df": 3, "chi2_threshold": 7.814727903251179, "N_raw": 65, "N_roi": 63, "N_inlier": 62, "refit": true}
{"timestamp": "17:18:47.716216", "frame": 89, "mu": [0.8033251434596962, 2.392482732453243, 1.236592364810222], "Sigma": [[0.008405756160555562, -0.0021244622971628184, 0.0003512734055752557], [-0.0021244622971628184, 0.0055595372182978605, 0.01871737476137353], [0.0003512734055752555, 0.01871737476137353, 0.10416819694794063]], "chi2_level": 0.95, "chi2_df": 3, "chi2_threshold": 7.814727903251179, "N_raw": 46, "N_roi": 42, "N_inlier": 38, "refit": true}
{"timestamp": "17:18:47.778451", "frame": 90, "mu": [0.8873391080120249, 2.4783881368021365, -0.3797979985454348], "Sigma": [[0.016333166358835288, 0.00932111173243175, 0.033697169734665466], [0.009321111732431749, 0.011901758139600808, 0.01887208220788853], [0.033697169734665466, 0.018872082207888535, 0.1580136383619187]], "chi2_level": 0.95, "chi2_df": 3, "chi2_threshold": 7.814727903251179, "N_raw": 80, "N_roi": 80, "N_inlier": 75, "refit": true}
{"timestamp": "17:18:47.837739", "frame": 91, "mu": [0.8850686422492202, 2.315782222107831, 0.734012679516618], "Sigma": [[0.013913809981202232, -0.0013058800824469177, -0.014268456549261845], [-0.001305880082446918, 0.002194744418772281, 0.0014362952342328646], [-0.014268456549261845, 0.0014362952342328653, 0.2825327331710675]], "chi2_level": 0.95, "chi2_df": 3, "chi2_threshold": 7.814727903251179, "N_raw": 114, "N_roi": 112, "N_inlier": 108, "refit": true}
{"timestamp": "17:18:47.886198", "frame": 92, "mu": [0.9014617863939838, 2.329417746454433, 1.1411751276295048], "Sigma": [[0.01303609763230269, 0.00025718838127745925, 0.005853402499363114], [0.00025718838127745925, 0.0018476671190356894, -0.003455856850861066], [0.005853402499363114, -0.003455856850861066, 0.037402231229827276]], "chi2_level": 0.95, "chi2_df": 3, "chi2_threshold": 7.814727903251179, "N_raw": 74, "N_roi": 74, "N_inlier": 72, "refit": true}
{"timestamp": "17:18:47.933767", "frame": 93, "mu": [0.7931075884054093, 2.2649396015740497, 1.0503683346774266], "Sigma": [[0.005625596535096059, -0.0012689439605483885, -0.0021820977090753796], [-0.0012689439605483885, 0.0008896241251621851, -0.0018368041911147961], [-0.0021820977090753796, -0.0018368041911147963, 0.011943224733778906]], "chi2_level": 0.95, "chi2_df": 3, "chi2_threshold": 7.814727903251179, "N_raw": 25, "N_roi": 25, "N_inlier": 22, "refit": true}
{"timestamp": "17:18:47.985839", "frame": 94, "mu": [0.9224657517654247, 2.244286219042144, -0.928857454910807], "Sigma": [[0.006034120244877943, 0.0012782618044781997, -0.019162314349641427], [0.0012782618044781997, 0.002098543734796148, 0.003949223402510528], [-0.019162314349641427, 0.003949223402510528, 0.2192579329926661]], "chi2_level": 0.95, "chi2_df": 3, "chi2_threshold": 7.814727903251179, "N_raw": 16, "N_roi": 16, "N_inlier": 15, "refit": true}
{"timestamp": "17:18:48.040912", "frame": 95, "mu": [0.993805672696905, 2.2409015441425693, 1.008509484382839], "Sigma": [[0.004981434901621988, -0.0016151452711358075, -0.004956250309473036], [-0.0016151452711358075, 0.0024634468227013357, -0.009527405030727127], [-0.004956250309473036, -0.009527405030727127, 0.13687564147615172]], "chi2_level": 0.95, "chi2_df": 3, "chi2_threshold": 7.814727903251179, "N_raw": 15, "N_roi": 15, "N_inlier": 13, "refit": true}
{"timestamp": "17:18:48.103052", "frame": 96, "mu": [1.0953210817452121, 2.161914753032712, 1.291691727025704], "Sigma": [[0.011055427914092317, -0.00016008751460812998, 0.002313043861329578], [-0.00016008751460812995, 0.0013457835707651085, -0.004437384761741908], [0.0023130438613295774, -0.004437384761741908, 0.030781341976749695]], "chi2_level": 0.95, "chi2_df": 3, "chi2_threshold": 7.814727903251179, "N_raw": 66, "N_roi": 66, "N_inlier": 62, "refit": true}
{"timestamp": "17:18:48.160991", "frame": 97, "mu": [1.0975755484712024, 2.0710753834320843, 1.1567908823468707], "Sigma": [[0.012541083389260702, -0.0036485985056351872, -0.005974398952850823], [-0.0036485985056351872, 0.003663705016641434, -0.005520500875612694], [-0.005974398952850821, -0.005520500875612694, 0.029343327368908573]], "chi2_level": 0.95, "chi2_df": 3, "chi2_threshold": 7.814727903251179, "N_raw": 86, "N_roi": 86, "N_inlier": 84, "refit": true}
{"timestamp": "17:18:48.214266", "frame": 98, "mu": [1.0838658497860194, 2.0672109040099342, -0.6911804188393553], "Sigma": [[0.010333759764626372, 0.0008171726415919551, 0.01120466752130789], [0.000817172641591955, 0.0029449317251381913, 0.007481241276666693], [0.01120466752130789, 0.0074812412766666935, 0.12933418557420787]], "chi2_level": 0.95, "chi2_df": 3, "chi2_threshold": 7.814727903251179, "N_raw": 72, "N_roi": 72, "N_inlier": 67, "refit": true}
{"timestamp": "17:18:48.270181", "frame": 99, "mu": [1.1276412133594038, 2.025604272907588, 1.2902833450531497], "Sigma": [[0.022877708701889956, 0.004636556804459983, -0.013679040255831117], [0.004636556804459983, 0.011028356151154217, -0.005181943364864759], [-0.013679040255831115, -0.005181943364864759, 0.01245666105752633]], "chi2_level": 0.95, "chi2_df": 3, "chi2_threshold": 7.814727903251179, "N_raw": 77, "N_roi": 77, "N_inlier": 73, "refit": true}
{"timestamp": "17:18:48.464775", "frame": 100, "mu": [1.0995317261836852, 2.0031540255809537, 1.3800725306304171], "Sigma": [[0.010513489747528172, -0.0016011867689485356, -0.0009249645342555178], [-0.0016011867689485358, 0.005891425326095624, 0.0005718278476878832], [-0.0009249645342555178, 0.0005718278476878832, 0.0018405806378447868]], "chi2_level": 0.95, "chi2_df": 3, "chi2_threshold": 7.814727903251179, "N_raw": 56, "N_roi": 56, "N_inlier": 53, "refit": true}
