{"timestamp": "17:15:17.423091", "frame": 9, "mu": [0.7063224203582932, 4.959147995543407, 1.1982175385087825], "Sigma": [[0.017586830243349037, -0.0009104374563830623, -0.013612088418476187], [-0.0009104374563830625, 0.00025844156263015036, 0.00015381805879236354], [-0.013612088418476187, 0.00015381805879236346, 0.0152041881993159]], "chi2_level": 0.95, "chi2_df": 3, "chi2_threshold": 7.814727903251179, "N_raw": 58, "N_roi": 13, "N_inlier": 12, "refit": true}
{"timestamp": "17:15:17.477653", "frame": 10, "mu": [0.6049916568905703, 4.926635949098865, 1.1448657513554907], "Sigma": [[0.03200934239205834, -0.002364330456258552, -0.014920970184465107], [-0.002364330456258552, 0.0020290600730592683, 0.0009550994440673534], [-0.014920970184465109, 0.0009550994440673534, 0.008650839806529887]], "chi2_level": 0.95, "chi2_df": 3, "chi2_threshold": 7.814727903251179, "N_raw": 53, "N_roi": 29, "N_inlier": 29, "refit": true}
{"timestamp": "17:15:17.539159", "frame": 11, "mu": [0.5693409687986242, 4.918981150289777, 1.2437226337851255], "Sigma": [[0.03582881670486007, -0.00204533442113622, -0.0196226671295924], [-0.00204533442113622, 0.002845066673608167, -0.0025845300705796366], [-0.0196226671295924, -0.0025845300705796366, 0.018662258681453943]], "chi2_level": 0.95, "chi2_df": 3, "chi2_threshold": 7.814727903251179, "N_raw": 70, "N_roi": 47, "N_inlier": 47, "refit": true}
{"timestamp": "17:15:17.593828", "frame": 12, "mu": [0.5033299650447939, 4.891723249760748, 0.5259080287279974], "Sigma": [[0.0470601657352578, 0.003294648270457926, -0.03130527844707942], [0.003294648270457926, 0.0036236949089594062, -0.004598650914325205], [-0.03130527844707942, -0.004598650914325205, 0.024558892661448638]], "chi2_level": 0.95, "chi2_df": 3, "chi2_threshold": 7.814727903251179, "N_raw": 75, "N_roi": 46, "N_inlier": 45, "refit": true}
{"timestamp": "17:15:17.645536", "frame": 13, "mu": [0.5552788341368201, 4.8744947926429285, 1.1027810188190361], "Sigma": [[0.037634280186246816, 0.0009786189150188785, -0.01976773791927635], [0.0009786189150188783, 0.0043846794399706535, -0.0008585546409731757], [-0.01976773791927635, -0.0008585546409731757, 0.015790584464739653]], "chi2_level": 0.95, "chi2_df": 3, "chi2_threshold": 7.814727903251179, "N_raw": 56, "N_roi": 53, "N_inlier": 52, "refit": true}
{"timestamp": "17:15:17.702326", "frame": 14, "mu": [0.5083442838346303, 4.809264736813432, 1.098445658354775], "Sigma": [[0.03516328878046415, 0.0006754927174885793, -0.01637215167516716], [0.0006754927174885793, 0.006030506460296905, 7.656480613507611e-05], [-0.01637215167516716, 7.656480613507595e-05, 0.013975841483658283]], "chi2_level": 0.95, "chi2_df": 3, "chi2_threshold": 7.814727903251179, "N_raw": 63, "N_roi": 58, "N_inlier": 56, "refit": true}
{"timestamp": "17:15:17.756037", "frame": 15, "mu": [0.4302891061338325, 4.768938884587743, 1.1899234063930337], "Sigma": [[0.029203645020328975, 0.0004038102287952821, -0.01336739632267684], [0.00040381022879528165, 0.006454003946077831, -0.0006731954792374077], [-0.01336739632267684, -0.0006731954792374075, 0.008621013736906031]], "chi2_level": 0.95, "chi2_df": 3, "chi2_threshold": 7.814727903251179, "N_raw": 58, "N_roi": 53, "N_inlier": 53, "refit": true}
{"timestamp": "17:15:17.811909", "frame": 16, "mu": [0.5276278133521207, 4.7440307351210675, 1.1881149296665212], "Sigma": [[0.03862099627413183, -0.0024671784167739044, -0.03366560440101764], [-0.002467178416773905, 0.004700325428372042, -0.00047516971731977737], [-0.03366560440101764, -0.0004751697173197776, 0.03533121976181935]], "chi2_level": 0.95, "chi2_df": 3, "chi2_threshold": 7.814727903251179, "N_raw": 63, "N_roi": 59, "N_inlier": 58, "refit": true}
{"timestamp": "17:15:17.860410", "frame": 17, "mu": [0.5534519247338128, 4.713105220451848, 0.9717912804759061], "Sigma": [[0.015753524417478137, 0.0038018461612507447, -0.0247207382417778], [0.0038018461612507447, 0.002311903407848548, -0.006127561438196607], [-0.024720738241777798, -0.006127561438196607, 0.06351712871332525]], "chi2_level": 0.95, "chi2_df": 3, "chi2_threshold": 7.814727903251179, "N_raw": 14, "N_roi": 13, "N_inlier": 12, "refit": true}
{"timestamp": "17:15:17.925443", "frame": 18, "mu": [0.5475849743776428, 4.709281656145579, 0.4132372408821094], "Sigma": [[0.04542103472570076, 6.446095815996102e-05, -0.012820212245383288], [6.446095815996106e-05, 0.014046865237974358, -0.02779197330027939], [-0.012820212245383288, -0.02779197330027939, 0.09143663258820317]], "chi2_level": 0.95, "chi2_df": 3, "chi2_threshold": 7.814727903251179, "N_raw": 93, "N_roi": 89, "N_inlier": 87, "refit": true}
{"timestamp": "17:15:18.031776", "frame": 20, "mu": [0.5393578638757691, 4.552830916622743, 1.142766512628393], "Sigma": [[0.02717038858943383, -0.0028383587919619227, -0.019440197556518792], [-0.002838358791961922, 0.004754353134931607, -0.002965459690200075], [-0.019440197556518792, -0.0029654596902000748, 0.02435527453892576]], "chi2_level": 0.95, "chi2_df": 3, "chi2_threshold": 7.814727903251179, "N_raw": 63, "N_roi": 60, "N_inlier": 57, "refit": true}
{"timestamp": "17:15:18.088087", "frame": 21, "mu": [0.5648514390225069, 4.507974703399316, 1.1172758422592706], "Sigma": [[0.03782100760732145, -0.004592291199620125, -0.023594223995322693], [-0.004592291199620125, 0.004410734512274318, -0.0019790358179810306], [-0.02359422399532269, -0.001979035817981031, 0.023398129846693053]], "chi2_level": 0.95, "chi2_df": 3, "chi2_threshold": 7.814727903251179, "N_raw": 69, "N_roi": 64, "N_inlier": 63, "refit": true}
{"timestamp": "17:15:18.143783", "frame": 22, "mu": [0.6146178018671713, 4.54240401723164, 0.185495728130687], "Sigma": [[0.037118034636898, 0.0035882324728305952, -0.020024887544825228], [0.0035882324728305952, 0.009810921525825899, -0.016754482694485352], [-0.020024887544825228, -0.016754482694485352, 0.047394566927936914]], "chi2_level": 0.95, "chi2_df": 3, "chi2_threshold": 7.814727903251179, "N_raw": 75, "N_roi": 75, "N_inlier": 72, "refit": true}
{"timestamp": "17:15:18.195365", "frame": 23, "mu": [0.5117419087413951, 4.4398877124456995, -0.2928956909935948], "Sigma": [[0.022267525604420302, 0.00012377820804652007, 0.07393631822864867], [0.00012377820804652007, 0.005593926719053497, 0.00102429090675739], [0.07393631822864866, 0.001024290906757391, 0.34771596777403474]], "chi2_level": 0.95, "chi2_df": 3, "chi2_threshold": 7.814727903251179, "N_raw": 48, "N_roi": 48, "N_inlier": 46, "refit": true}
{"timestamp": "17:15:18.251000", "frame": 24, "mu": [0.607862325303729, 4.351818500970158, 1.0968054485473793], "Sigma": [[0.026280502722325686, -0.003348878465670695, -0.016420018978471566], [-0.003348878465670695, 0.004536048983460886, -0.002547289047729693], [-0.016420018978471566, -0.002547289047729693, 0.02355652304402374]], "chi2_level": 0.95, "chi2_df": 3, "chi2_threshold": 7.814727903251179, "N_raw": 60, "N_roi": 60, "N_inlier": 57, "refit": true}
{"timestamp": "17:15:18.305850", "frame": 25, "mu": [0.5981999934402393, 4.293365357760099, 1.018716184974792], "Sigma": [[0.02225552711062484, -0.007670257517129407, -0.011915688895029315], [-0.007670257517129407, 0.006960999317736115, 0.004112372247591325], [-0.011915688895029315, 0.004112372247591325, 0.011057536739634211]], "chi2_level": 0.95, "chi2_df": 3, "chi2_threshold": 7.814727903251179, "N_raw": 49, "N_roi": 48, "N_inlier": 44, "refit": true}
{"timestamp": "17:15:18.357912", "frame": 26, "mu": [0.640746649459272, 4.240873562006693, 0.9378770188391536], "Sigma": [[0.02620010853601379, -0.008276820937053194, -0.010481759138564044], [-0.008276820937053194, 0.005616406314668188, 0.0036786676586268627], [-0.010481759138564044, 0.0036786676586268627, 0.006669198494255092]], "chi2_level": 0.95, "chi2_df": 3, "chi2_threshold": 7.814727903251179, "N_raw": 41, "N_roi": 41, "N_inlier": 39, "refit": true}
{"timestamp": "17:15:18.412974", "frame": 27, "mu": [0.6753611065153219, 4.3482732423448365, 0.13667757043140752], "Sigma": [[0.016541537149341687, -0.0047425298207621185, -0.0006097464116980785], [-0.0047425298207621185, 0.006495229753649036, -0.0002638352741240894], [-0.0006097464116980786, -0.0002638352741240894, 0.0007392490858623309]], "chi2_level": 0.95, "chi2_df": 3, "chi2_threshold": 7.814727903251179, "N_raw": 40, "N_roi": 40, "N_inlier": 38, "refit": true}
{"timestamp": "17:15:18.470948", "frame": 28, "mu": [0.6168779391575911, 4.1756472465442025, 1.02142478098298], "Sigma": [[0.024977942461673945, -0.004731556133074437, -0.003290950716327198], [-0.004731556133074437, 0.0028084956805415106, -0.005678065771740079], [-0.0032909507163271985, -0.005678065771740079, 0.034625974444799486]], "chi2_level": 0.95, "chi2_df": 3, "chi2_threshold": 7.814727903251179, "N_raw": 60, "N_roi": 60, "N_inlier": 57, "refit": true}
{"timestamp": "17:15:18.525821", "frame": 29, "mu": [0.688238063584593, 4.102604158511456, 0.8246770005259793], "Sigma": [[0.026801827602695026, -0.004531363247735004, 0.007379575925338159], [-0.0045313632477350044, 0.0034450126269365373, -0.004418985024288624], [0.007379575925338159, -0.004418985024288625, 0.014718995738421684]], "chi2_level": 0.95, "chi2_df": 3, "chi2_threshold": 7.814727903251179, "N_raw": 57, "N_roi": 57, "N_inlier": 54, "refit": true}
{"timestamp": "17:15:18.580789", "frame": 30, "mu": [0.6989986725196359, 4.193215871593123, 0.03126014626467603], "Sigma": [[0.021719834650299606, -0.0015361818816486067, -0.007419037323721215], [-0.0015361818816486067, 0.0049325715580676764, -0.008574106267969268], [-0.007419037323721215, -0.008574106267969268, 0.022750237625085608]], "chi2_level": 0.95, "chi2_df": 3, "chi2_threshold": 7.814727903251179, "N_raw": 50, "N_roi": 50, "N_inlier": 47, "refit": true}
{"timestamp": "17:15:18.634693", "frame": 31, "mu": [0.6384696712735806, 4.101894544856343, 0.11355221209373398], "Sigma": [[0.020915457585914593, -0.003412278153763521, -0.00170331847251438], [-0.0034122781537635214, 0.005601659738384552, -0.0057022273403276764], [-0.0017033184725143797, -0.005702227340327676, 0.011497884530456666]], "chi2_level": 0.95, "chi2_df": 3, "chi2_threshold": 7.814727903251179, "N_raw": 49, "N_roi": 49, "N_inlier": 47, "refit": true}
{"timestamp": "17:15:18.746731", "frame": 33, "mu": [0.5776660027947866, 3.944510220112513, 1.0786887585922884], "Sigma": [[0.025583260896211366, -0.004283011861966168, -0.010124703327062466], [-0.004283011861966169, 0.005187483546194713, -0.0040127756414419236], [-0.010124703327062466, -0.0040127756414419236, 0.014722309350787369]], "chi2_level": 0.95, "chi2_df": 3, "chi2_threshold": 7.814727903251179, "N_raw": 67, "N_roi": 67, "N_inlier": 66, "refit": true}
{"timestamp": "17:15:18.802765", "frame": 34, "mu": [0.5387316476335863, 3.897472757537374, 1.095908300601142], "Sigma": [[0.027994805745086546, -0.001525918053166903, -0.014452568715198406], [-0.0015259180531669028, 0.002773158583713668, -0.006149957596210012], [-0.014452568715198406, -0.006149957596210011, 0.039429217429952805]], "chi2_level": 0.95, "chi2_df": 3, "chi2_threshold": 7.814727903251179, "N_raw": 70, "N_roi": 70, "N_inlier": 66, "refit": true}
{"timestamp": "17:15:18.855271", "frame": 35, "mu": [0.5802113331460382, 3.844703793564553, 0.9406072638966207], "Sigma": [[0.025939226005480084, 0.004501397911243009, -0.005179779896856354], [0.004501397911243009, 0.00750507766705183, 0.0029384971153305194], [-0.005179779896856355, 0.002938497115330519, 0.00772295700234082]], "chi2_level": 0.95, "chi2_df": 3, "chi2_threshold": 7.814727903251179, "N_raw": 55, "N_roi": 55, "N_inlier": 53, "refit": true}
{"timestamp": "17:15:18.911038", "frame": 36, "mu": [0.541010866362007, 3.789494066233225, 1.099767563750348], "Sigma": [[0.02669066527134696, -0.003754116656556483, -0.027466988277065577], [-0.003754116656556482, 0.003398397302443905, 0.0023519134511473024], [-0.027466988277065577, 0.0023519134511473024, 0.03289282711118867]], "chi2_level": 0.95, "chi2_df": 3, "chi2_threshold": 7.814727903251179, "N_raw": 54, "N_roi": 54, "N_inlier": 49, "refit": true}
{"timestamp": "17:15:18.966878", "frame": 37, "mu": [0.5412323335862526, 3.7693851430088454, 1.1335460665085386], "Sigma": [[0.021025507524248407, -0.0021520422136876273, -0.013648916177883396], [-0.0021520422136876278, 0.005361894430895191, -0.001817997718701361], [-0.013648916177883398, -0.001817997718701361, 0.012947287211584215]], "chi2_level": 0.95, "chi2_df": 3, "chi2_threshold": 7.814727903251179, "N_raw": 63, "N_roi": 63, "N_inlier": 59, "refit": true}
{"timestamp": "17:15:19.020673", "frame": 38, "mu": [0.6215508534473868, 3.705514123109925, 1.0187299142644273], "Sigma": [[0.022072359348875657, -0.0040159317998670965, -0.023580349121750936], [-0.0040159317998670965, 0.003386104744241317, 0.0016795625121302554], [-0.02358034912175094, 0.0016795625121302554, 0.03128506429708163]], "chi2_level": 0.95, "chi2_df": 3, "chi2_threshold": 7.814727903251179, "N_raw": 53, "N_roi": 52, "N_inlier": 48, "refit": true}
{"timestamp": "17:15:19.076984", "frame": 39, "mu": [0.5998458109268405, 3.6438097594564285, 1.0192111282887408], "Sigma": [[0.02275418077042763, -0.003450680211631431, -0.01587451707217072], [-0.0034506802116314314, 0.0034019837366674834, -0.0008242171268276032], [-0.015874517072170722, -0.0008242171268276031, 0.03353728571498618]], "chi2_level": 0.95, "chi2_df": 3, "chi2_threshold": 7.814727903251179, "N_raw": 68, "N_roi": 68, "N_inlier": 64, "refit": true}
{"timestamp": "17:15:19.132815", "frame": 40, "mu": [0.6432264403077973, 3.6081013821168613, 1.0572961657749096], "Sigma": [[0.02551360667780292, -0.007467799883587199, -0.038674727550280896], [-0.007467799883587199, 0.005748156777695904, 0.008293955535275078], [-0.038674727550280896, 0.008293955535275076, 0.06913077482636741]], "chi2_level": 0.95, "chi2_df": 3, "chi2_threshold": 7.814727903251179, "N_raw": 67, "N_roi": 67, "N_inlier": 62, "refit": true}
{"timestamp": "17:15:19.188713", "frame": 41, "mu": [0.6488819258987777, 3.640069370315323, -0.26473571854044115], "Sigma": [[0.0240930511264386, 0.004372084616378971, 0.025076560112511408], [0.004372084616378971, 0.007526243029491022, 0.004906220799777447], [0.025076560112511408, 0.004906220799777447, 0.11343950656703086]], "chi2_level": 0.95, "chi2_df": 3, "chi2_threshold": 7.814727903251179, "N_raw": 73, "N_roi": 72, "N_inlier": 69, "refit": true}
{"timestamp": "17:15:19.242817", "frame": 42, "mu": [0.6041655008529977, 3.4853463983732724, 1.0985398535641866], "Sigma": [[0.029480620805125923, -0.0031177000511649457, -0.029879564994570246], [-0.0031177000511649457, 0.00323880221481045, 0.001014346053110785], [-0.029879564994570246, 0.0010143460531107853, 0.03768105537918175]], "chi2_level": 0.95, "chi2_df": 3, "chi2_threshold": 7.814727903251179, "N_raw": 67, "N_roi": 63, "N_inlier": 62, "refit": true}
{"timestamp": "17:15:19.297127", "frame": 43, "mu": [0.5303064268283549, 3.4465578317516234, 1.090285600099255], "Sigma": [[0.021047266271143304, -0.001127534134202643, -0.012290964173607338], [-0.001127534134202643, 0.0037017906842022425, -0.003395798169336776], [-0.012290964173607338, -0.003395798169336776, 0.01664136562485738]], "chi2_level": 0.95, "chi2_df": 3, "chi2_threshold": 7.814727903251179, "N_raw": 63, "N_roi": 63, "N_inlier": 63, "refit": true}
{"timestamp": "17:15:19.351345", "frame": 44, "mu": [0.5534026754406208, 3.393859117866566, 1.1348954115874568], "Sigma": [[0.016907387717418836, -0.001974905282552387, -0.006702135113879515], [-0.0019749052825523868, 0.002434229726304988, -0.0018233429910758834], [-0.006702135113879515, -0.0018233429910758836, 0.00762456853155056]], "chi2_level": 0.95, "chi2_df": 3, "chi2_threshold": 7.814727903251179, "N_raw": 42, "N_roi": 42, "N_inlier": 38, "refit": true}
{"timestamp": "17:15:19.408961", "frame": 45, "mu": [0.6442436464322154, 3.3608679677085735, 1.0843956135574662], "Sigma": [[0.02373563350546515, -0.004716332102673021, -0.020569410379159152], [-0.004716332102673021, 0.0029944617311224255, -0.001383540440809718], [-0.020569410379159152, -0.0013835404408097177, 0.03635853593527064]], "chi2_level": 0.95, "chi2_df": 3, "chi2_threshold": 7.814727903251179, "N_raw": 70, "N_roi": 70, "N_inlier": 66, "refit": true}
{"timestamp": "17:15:19.455203", "frame": 46, "mu": [0.6566722223513424, 3.29509985544457, 0.9845735856489388], "Sigma": [[0.008431427451886258, -0.00028967894328605395, -0.029390869489289498], [-0.00028967894328605406, 0.0024981493646243193, -0.017895014733801225], [-0.029390869489289494, -0.017895014733801225, 0.2784323661370206]], "chi2_level": 0.95, "chi2_df": 3, "chi2_threshold": 7.814727903251179, "N_raw": 17, "N_roi": 17, "N_inlier": 16, "refit": true}
{"timestamp": "17:15:19.510215", "frame": 47, "mu": [0.6237872092226945, 3.3361604847996684, 0.8472626560312586], "Sigma": [[0.016722504630793923, -0.00798238197491349, -0.01787466917815227], [-0.00798238197491349, 0.010369901414977824, -0.01468869173800813], [-0.01787466917815227, -0.01468869173800813, 0.16696235358424455]], "chi2_level": 0.95, "chi2_df": 3, "chi2_threshold": 7.814727903251179, "N_raw": 21, "N_roi": 21, "N_inlier": 20, "refit": true}
{"timestamp": "17:15:19.570670", "frame": 48, "mu": [0.6477726697807762, 3.2574306823199777, 1.1264395481853788], "Sigma": [[0.00797793953346678, -0.0019167536322771339, -0.0027753637213145067], [-0.0019167536322771336, 0.00710587228758223, -0.011174765587758106], [-0.0027753637213145067, -0.011174765587758102, 0.05320690964420994]], "chi2_level": 0.95, "chi2_df": 3, "chi2_threshold": 7.814727903251179, "N_raw": 47, "N_roi": 47, "N_inlier": 43, "refit": true}
{"timestamp": "17:15:19.623286", "frame": 49, "mu": [0.6820087583583337, 3.1742065484421302, 1.385520312024223], "Sigma": [[0.00848908397575394, -0.003290197643690633, -0.009575528728737195], [-0.0032901976436906333, 0.0043592280053545976, 0.001073842698908629], [-0.009575528728737195, 0.0010738426989086293, 0.016954570753940554]], "chi2_level": 0.95, "chi2_df": 3, "chi2_threshold": 7.814727903251179, "N_raw": 34, "N_roi": 34, "N_inlier": 31, "refit": true}
{"timestamp": "17:15:19.684037", "frame": 50, "mu": [0.7433319598311434, 3.0841056133059825, 1.0489994066029553], "Sigma": [[0.01500606479627327, -0.0070550555416320606, -0.007602316838137868], [-0.007055055541632061, 0.006433876558522347, -0.003918583033213421], [-0.007602316838137866, -0.003918583033213422, 0.02604336882063056]], "chi2_level": 0.95, "chi2_df": 3, "chi2_threshold": 7.814727903251179, "N_raw": 76, "N_roi": 76, "N_inlier": 72, "refit": true}
{"timestamp": "17:15:19.733605", "frame": 51, "mu": [0.7962669316818597, 3.0672628660401258, 0.869050499434671], "Sigma": [[0.013915795354263327, -0.005643523415246302, 0.0021939412730578867], [-0.005643523415246302, 0.003955462665662469, -0.0021891671542840366], [0.0021939412730578867, -0.0021891671542840366, 0.0036441725397893736]], "chi2_level": 0.95, "chi2_df": 3, "chi2_threshold": 7.814727903251179, "N_raw": 31, "N_roi": 31, "N_inlier": 29, "refit": true}
{"timestamp": "17:15:19.789001", "frame": 52, "mu": [0.6404600158190737, 3.04444352331197, 0.8692950446279708], "Sigma": [[0.01738337580644559, -0.004197820958426033, -0.0015222719549493713], [-0.004197820958426033, 0.013195963291679722, -0.01211890315285684], [-0.001522271954949371, -0.01211890315285684, 0.027039949284399147]], "chi2_level": 0.95, "chi2_df": 3, "chi2_threshold": 7.814727903251179, "N_raw": 41, "N_roi": 41, "N_inlier": 38, "refit": true}
{"timestamp": "17:15:19.847382", "frame": 53, "mu": [0.7290628791229444, 3.0617824140726264, -0.26431845457080205], "Sigma": [[0.01355927298890843, -0.001692982685554277, 0.004149251022605952], [-0.001692982685554277, 0.005577900130717201, -0.007463723464915551], [0.004149251022605952, -0.007463723464915551, 0.011885133966724406]], "chi2_level": 0.95, "chi2_df": 3, "chi2_threshold": 7.814727903251179, "N_raw": 63, "N_roi": 63, "N_inlier": 59, "refit": true}
{"timestamp": "17:15:19.904295", "frame": 54, "mu": [0.6268131609157785, 2.911351978322214, 0.9761303049235376], "Sigma": [[0.023778604738125687, -0.001586567320696293, -0.009399250936346623], [-0.0015865673206962932, 0.0033409372541258384, -0.0029611486160763777], [-0.009399250936346623, -0.0029611486160763777, 0.01431107349614562]], "chi2_level": 0.95, "chi2_df": 3, "chi2_threshold": 7.814727903251179, "N_raw": 80, "N_roi": 80, "N_inlier": 76, "refit": true}
{"timestamp": "17:15:19.963821", "frame": 55, "mu": [0.6309426082826198, 2.8802195441215717, -0.33420211769875824], "Sigma": [[0.03043653928748351, -0.0023072142340982565, 0.11047106533796419], [-0.0023072142340982565, 0.003538235578080882, -0.014583722956163534], [0.1104710653379642, -0.014583722956163534, 0.7883250778627685]], "chi2_level": 0.95, "chi2_df": 3, "chi2_threshold": 7.814727903251179, "N_raw": 102, "N_roi": 102, "N_inlier": 98, "refit": true}
{"timestamp": "17:15:20.017295", "frame": 56, "mu": [0.6175140266827049, 2.9355180501795495, 0.044612098249156316], "Sigma": [[0.027206843767947752, -0.007239919602907976, 0.05454990624375504], [-0.007239919602907976, 0.010753022761315, -0.04528266871096598], [0.05454990624375504, -0.04528266871096598, 0.26493470362531346]], "chi2_level": 0.95, "chi2_df": 3, "chi2_threshold": 7.814727903251179, "N_raw": 92, "N_roi": 92, "N_inlier": 86, "refit": true}
{"timestamp": "17:15:20.072469", "frame": 57, "mu": [0.6370192476804772, 2.7535717188227764, 1.0338423376397277], "Sigma": [[0.028735431244209145, -0.0013905722775140732, -0.016003347174658848], [-0.0013905722775140732, 0.002968802997263743, -0.004476385445858213], [-0.016003347174658844, -0.004476385445858212, 0.022762111567622763]], "chi2_level": 0.95, "chi2_df": 3, "chi2_threshold": 7.814727903251179, "N_raw": 98, "N_roi": 98, "N_inlier": 93, "refit": true}
{"timestamp": "17:15:20.127797", "frame": 58, "mu": [0.564306948887554, 2.6752898162658316, 0.9631577614979997], "Sigma": [[0.024871822920361164, -0.0022768838700898504, -0.02102817678927745], [-0.0022768838700898504, 0.006372079541663806, -0.0008281761587986879], [-0.02102817678927745, -0.0008281761587986878, 0.021135086864717625]], "chi2_level": 0.95, "chi2_df": 3, "chi2_threshold": 7.814727903251179, "N_raw": 97, "N_roi": 97, "N_inlier": 91, "refit": true}
{"timestamp": "17:15:20.182861", "frame": 59, "mu": [0.5559806617639793, 2.6590723288544647, 1.0737675313842958], "Sigma": [[0.02287164747414374, -0.0005087022281068667, -0.014286768084957355], [-0.0005087022281068667, 0.004010686704032506, -0.005205180778958627], [-0.014286768084957355, -0.005205180778958627, 0.03333814990982156]], "chi2_level": 0.95, "chi2_df": 3, "chi2_threshold": 7.814727903251179, "N_raw": 101, "N_roi": 101, "N_inlier": 96, "refit": true}
{"timestamp": "17:15:20.239911", "frame": 60, "mu": [0.6439077740184914, 2.742666824586033, -0.20831777090775805], "Sigma": [[0.01699208073954056, 0.0026028103258960043, -0.015670649976758558], [0.0026028103258960047, 0.008622776607943852, -0.015662925751338326], [-0.015670649976758558, -0.015662925751338326, 0.045495352962624046]], "chi2_level": 0.95, "chi2_df": 3, "chi2_threshold": 7.814727903251179, "N_raw": 98, "N_roi": 98, "N_inlier": 93, "refit": true}
{"timestamp": "17:15:20.291773", "frame": 61, "mu": [0.5924091208912088, 2.537143686417824, 1.165604585507399], "Sigma": [[0.013628547448000286, -0.0010330087673582223, -0.011051656403733272], [-0.0010330087673582223, 0.018340523261906175, 0.017296920726619456], [-0.011051656403733272, 0.01729692072661946, 0.04713327134051408]], "chi2_level": 0.95, "chi2_df": 3, "chi2_threshold": 7.814727903251179, "N_raw": 85, "N_roi": 85, "N_inlier": 80, "refit": true}
{"timestamp": "17:15:20.349156", "frame": 62, "mu": [0.6240419409154202, 2.4952817171104598, 1.0756382545273615], "Sigma": [[0.027002997145611905, -0.005325948122061651, -0.02205453935752453], [-0.005325948122061651, 0.0038132614006028843, 0.0006136000998091822], [-0.02205453935752453, 0.0006136000998091826, 0.029980121544209686]], "chi2_level": 0.95, "chi2_df": 3, "chi2_threshold": 7.814727903251179, "N_raw": 101, "N_roi": 101, "N_inlier": 95, "refit": true}
{"timestamp": "17:15:20.498188", "frame": 63, "mu": [0.640313370598834, 2.61859047561093, -0.2992658044974903], "Sigma": [[0.023371545075432678, 0.0019591811155561423, -0.022308054525862153], [0.0019591811155561423, 0.0068345356459656404, -0.00786461766052516], [-0.022308054525862153, -0.00786461766052516, 0.03198892046202374]], "chi2_level": 0.95, "chi2_df": 3, "chi2_threshold": 7.814727903251179, "N_raw": 108, "N_roi": 103, "N_inlier": 98, "refit": true}
{"timestamp": "17:15:20.525883", "frame": 64, "mu": [0.5285946511267291, 2.4367969063878863, 1.094086837105342], "Sigma": [[0.013975295635258766, -0.0018665419282993762, -0.009213878882717628], [-0.001866541928299376, 0.0030242451316067594, -0.00318496976491354], [-0.00921387888271763, -0.00318496976491354, 0.02637697449127113]], "chi2_level": 0.95, "chi2_df": 3, "chi2_threshold": 7.814727903251179, "N_raw": 84, "N_roi": 83, "N_inlier": 77, "refit": true}
{"timestamp": "17:15:20.554540", "frame": 65, "mu": [0.616044953493345, 2.3753742966391327, 1.0943143653541254], "Sigma": [[0.022898118597229962, -0.003405536094208437, -0.004498630937428296], [-0.003405536094208437, 0.00378013470186423, -0.005800160856926589], [-0.004498630937428296, -0.005800160856926589, 0.019217104658991704]], "chi2_level": 0.95, "chi2_df": 3, "chi2_threshold": 7.814727903251179, "N_raw": 112, "N_roi": 111, "N_inlier": 107, "refit": true}
{"timestamp": "17:15:20.585910", "frame": 66, "mu": [0.5966301102295315, 2.3137892336806862, 1.0847677800591815], "Sigma": [[0.018583518995073437, -0.003932781457427822, 0.006628860505002054], [-0.003932781457427822, 0.0016758005191849109, -0.0070119495778113265], [0.006628860505002054, -0.0070119495778113265, 0.04920370327195475]], "chi2_level": 0.95, "chi2_df": 3, "chi2_threshold": 7.814727903251179, "N_raw": 111, "N_roi": 111, "N_inlier": 99, "refit": true}
{"timestamp": "17:15:20.625164", "frame": 67, "mu": [0.5911939482575779, 2.3158688694746816, 1.13143701774461], "Sigma": [[0.029803653838099003, -0.013387650264338385, -0.0043885831030031], [-0.013387650264338385, 0.008550741266624966, -0.004965404714548575], [-0.004388583103003099, -0.004965404714548575, 0.029395700566270055]], "chi2_level": 0.95, "chi2_df": 3, "chi2_threshold": 7.814727903251179, "N_raw": 114, "N_roi": 114, "N_inlier": 110, "refit": true}
{"timestamp": "17:15:20.680512", "frame": 68, "mu": [0.780835172731786, 2.203577843621117, 0.1359087562869919], "Sigma": [[0.048202000941689666, -0.023518776976296694, 0.13385019201983706], [-0.023518776976296694, 0.018074037155902153, -0.07374841140129654], [0.13385019201983706, -0.07374841140129654, 0.5817970570884512]], "chi2_level": 0.95, "chi2_df": 3, "chi2_threshold": 7.814727903251179, "N_raw": 110, "N_roi": 110, "N_inlier": 102, "refit": true}
{"timestamp": "17:15:20.741026", "frame": 69, "mu": [0.6851379662217032, 2.241791143908223, 0.22611722293874292], "Sigma": [[0.039226065607311, -0.019339154535054276, 0.13199177987399519], [-0.019339154535054276, 0.02156550741883912, -0.13151278243315537], [0.1319917798739952, -0.13151278243315537, 1.199078821928039]], "chi2_level": 0.95, "chi2_df": 3, "chi2_threshold": 7.814727903251179, "N_raw": 148, "N_roi": 148, "N_inlier": 140, "refit": true}
{"timestamp": "17:15:20.790780", "frame": 70, "mu": [0.7698766293820026, 2.120327342098695, 1.0456820284669222], "Sigma": [[0.02994541983663998, -0.006150633763367752, 0.0165509244029831], [-0.006150633763367752, 0.004839003224824991, -0.0037676004601002893], [0.016550924402983103, -0.0037676004601002898, 0.03463503983902646]], "chi2_level": 0.95, "chi2_df": 3, "chi2_threshold": 7.814727903251179, "N_raw": 110, "N_roi": 110, "N_inlier": 106, "refit": true}
{"timestamp": "17:15:20.840769", "frame": 71, "mu": [0.9069224491592515, 1.9978246006404352, 1.183473966706907], "Sigma": [[0.027558413749412175, -0.003652496649141147, -0.007354271145404462], [-0.003652496649141147, 0.004214086085472105, 0.0016734112546870708], [-0.007354271145404462, 0.001673411254687071, 0.022897436076754464]], "chi2_level": 0.95, "chi2_df": 3, "chi2_threshold": 7.814727903251179, "N_raw": 81, "N_roi": 81, "N_inlier": 77, "refit": true}
{"timestamp": "17:15:20.899205", "frame": 72, "mu": [0.6690869114021173, 2.1031539218114093, 1.0690361416701755], "Sigma": [[0.017867334627958385, -0.006931015167709519, 0.0008246037336048712], [-0.006931015167709519, 0.011499750370996558, -0.00942516697147542], [0.0008246037336048708, -0.009425166971475418, 0.1183900757852618]], "chi2_level": 0.95, "chi2_df": 3, "chi2_threshold": 7.814727903251179, "N_raw": 103, "N_roi": 103, "N_inlier": 92, "refit": true}
{"timestamp": "17:15:20.954848", "frame": 73, "mu": [0.6479963926866387, 1.964198862220732, 1.0959532529926268], "Sigma": [[0.011205384957694358, -0.0028534499559700896, 0.005973090484048863], [-0.0028534499559700896, 0.0024437575711862714, -0.006320571468260887], [0.005973090484048864, -0.006320571468260888, 0.06523381374251355]], "chi2_level": 0.95, "chi2_df": 3, "chi2_threshold": 7.814727903251179, "N_raw": 102, "N_roi": 102, "N_inlier": 99, "refit": true}
{"timestamp": "17:15:21.015920", "frame": 74, "mu": [0.6985162712565531, 1.9329277079561058, 1.0684942212824748], "Sigma": [[0.028457941580686708, -0.0070258036987042635, -0.009517852536653089], [-0.0070258036987042635, 0.004091514827931846, -0.002586224122113549], [-0.009517852536653087, -0.0025862241221135496, 0.030990668416436683]], "chi2_level": 0.95, "chi2_df": 3, "chi2_threshold": 7.814727903251179, "N_raw": 148, "N_roi": 148, "N_inlier": 144, "refit": true}
{"timestamp": "17:15:21.062811", "frame": 75, "mu": [0.582975199365458, 1.9051259796800735, 1.1050613082999192], "Sigma": [[0.016668607035336243, -0.0038350712111819693, 0.0036999950577926233], [-0.0038350712111819693, 0.00914925516400227, -0.029119724472895084], [0.0036999950577926233, -0.029119724472895084, 0.10639742683809356]], "chi2_level": 0.95, "chi2_df": 3, "chi2_threshold": 7.814727903251179, "N_raw": 92, "N_roi": 92, "N_inlier": 85, "refit": true}
{"timestamp": "17:15:21.121380", "frame": 76, "mu": [0.6071583177856791, 1.8521595011467928, 1.1497167743890864], "Sigma": [[0.013011607742322935, -0.004340435860358975, -0.005665146414398355], [-0.004340435860358975, 0.005309635437042689, -0.0059112042210284245], [-0.005665146414398356, -0.0059112042210284245, 0.027351342120373608]], "chi2_level": 0.95, "chi2_df": 3, "chi2_threshold": 7.814727903251179, "N_raw": 115, "N_roi": 115, "N_inlier": 102, "refit": true}
{"timestamp": "17:15:21.173883", "frame": 77, "mu": [0.5751729456588672, 1.8257766735594871, 1.1438445854848334], "Sigma": [[0.014441466040288614, -0.0027363424526742884, -0.008479616670154379], [-0.002736342452674288, 0.0028170389050658834, -0.0032735611156519385], [-0.008479616670154379, -0.0032735611156519385, 0.030706685153474068]], "chi2_level": 0.95, "chi2_df": 3, "chi2_threshold": 7.814727903251179, "N_raw": 96, "N_roi": 96, "N_inlier": 91, "refit": true}
{"timestamp": "17:15:21.227624", "frame": 78, "mu": [0.5078238042431058, 1.732502511333816, 0.9282790622641015], "Sigma": [[0.012122995705246928, -0.0024074517730880585, -0.008615755034193057], [-0.0024074517730880585, 0.0020472645352312777, 0.00019550507042775294], [-0.00861575503419306, 0.00019550507042775267, 0.03285397526740491]], "chi2_level": 0.95, "chi2_df": 3, "chi2_threshold": 7.814727903251179, "N_raw": 95, "N_roi": 95, "N_inlier": 90, "refit": true}
{"timestamp": "17:15:21.286799", "frame": 79, "mu": [0.5558957723281923, 1.7044457416956227, 1.1366135084633602], "Sigma": [[0.013598525884578803, -0.00037002481876868197, 0.014844704489830508], [-0.00037002481876868197, 0.0037239820932323366, -0.0024737341092272483], [0.01484470448983051, -0.0024737341092272483, 0.05928831102977464]], "chi2_level": 0.95, "chi2_df": 3, "chi2_threshold": 7.814727903251179, "N_raw": 125, "N_roi": 125, "N_inlier": 121, "refit": true}
{"timestamp": "17:15:21.341177", "frame": 80, "mu": [0.5252035849285468, 1.5907348221100133, 0.9609133054961598], "Sigma": [[0.015925127381404426, 0.0024034843680088448, -0.0007398504651749413], [0.0024034843680088448, 0.00864126423702508, 0.0041799158252168594], [-0.0007398504651749407, 0.00417991582521686, 0.024864360571134288]], "chi2_level": 0.95, "chi2_df": 3, "chi2_threshold": 7.814727903251179, "N_raw": 116, "N_roi": 116, "N_inlier": 109, "refit": true}
{"timestamp": "17:15:21.395180", "frame": 81, "mu": [0.4491868628244752, 1.5769253942042494, 1.0705913710710384], "Sigma": [[0.01123871091494772, -0.0020142371663873083, -0.004153847847007706], [-0.002014237166387308, 0.007790756194080183, -7.344557164363103e-05], [-0.004153847847007706, -7.344557164363081e-05, 0.013607111831615542]], "chi2_level": 0.95, "chi2_df": 3, "chi2_threshold": 7.814727903251179, "N_raw": 106, "N_roi": 106, "N_inlier": 98, "refit": true}
{"timestamp": "17:15:21.452503", "frame": 82, "mu": [0.526985482420457, 1.6925383946957249, -0.6387961495829466], "Sigma": [[0.012847290544522593, 0.005363927046877779, -0.004313663989475903], [0.005363927046877779, 0.015873756404888403, 0.00014986677237221162], [-0.004313663989475903, 0.00014986677237221178, 0.0038200353645987863]], "chi2_level": 0.95, "chi2_df": 3, "chi2_threshold": 7.814727903251179, "N_raw": 126, "N_roi": 126, "N_inlier": 118, "refit": true}
{"timestamp": "17:15:21.508137", "frame": 83, "mu": [0.5352996537119328, 1.521118969430149, 0.15107155417161366], "Sigma": [[0.030697910745840693, 0.0009070620370738745, 0.16408791367836636], [0.0009070620370738747, 0.0065533703790562935, -0.006741933652360491], [0.1640879136783664, -0.006741933652360491, 1.1303640798574937]], "chi2_level": 0.95, "chi2_df": 3, "chi2_threshold": 7.814727903251179, "N_raw": 136, "N_roi": 136, "N_inlier": 130, "refit": true}
{"timestamp": "17:15:21.566769", "frame": 84, "mu": [0.5392151345562661, 1.4461880421886804, 1.1258636965011608], "Sigma": [[0.019292082010264118, 0.0005651409250789793, 0.010888217380607022], [0.0005651409250789796, 0.004900960725840338, -0.007855729831731837], [0.010888217380607022, -0.007855729831731837, 0.08940445737307963]], "chi2_level": 0.95, "chi2_df": 3, "chi2_threshold": 7.814727903251179, "N_raw": 150, "N_roi": 150, "N_inlier": 140, "refit": true}
{"timestamp": "17:15:21.622681", "frame": 85, "mu": [0.5915048901309111, 1.4258751724704752, 1.1700850488853176], "Sigma": [[0.0223937964875906, -0.003295429660311992, 0.005898817875417857], [-0.003295429660311992, 0.0017852894160108798, -0.001955444213681054], [0.005898817875417856, -0.0019554442136810535, 0.04944317178970459]], "chi2_level": 0.95, "chi2_df": 3, "chi2_threshold": 7.814727903251179, "N_raw": 131, "N_roi": 131, "N_inlier": 123, "refit": true}
{"timestamp": "17:15:21.674079", "frame": 86, "mu": [0.6506705850652112, 1.3689969253465977, 1.2513734324088648], "Sigma": [[0.02127487613104497, -0.0035979148043148463, 0.020938778010784566], [-0.0035979148043148463, 0.002683779618801384, -0.0069441643772626205], [0.020938778010784566, -0.0069441643772626205, 0.055581573060253686]], "chi2_level": 0.95, "chi2_df": 3, "chi2_threshold": 7.814727903251179, "N_raw": 139, "N_roi": 139, "N_inlier": 136, "refit": true}
{"timestamp": "17:15:21.727105", "frame": 87, "mu": [0.5812485539972204, 1.5106387673064023, -0.33134892493902623], "Sigma": [[0.022576753181982784, -0.010562670368197472, 0.020215932884847236], [-0.01056267036819747, 0.008977031390870435, -0.013255213489273287], [0.020215932884847236, -0.013255213489273287, 0.024280684089772308]], "chi2_level": 0.95, "chi2_df": 3, "chi2_threshold": 7.814727903251179, "N_raw": 122, "N_roi": 122, "N_inlier": 115, "refit": true}
{"timestamp": "17:15:21.782072", "frame": 88, "mu": [0.6296085478918114, 1.3317575402468427, 0.2112258807874492], "Sigma": [[0.011062579855753164, -0.0037435994988913508, 0.09493312462974716], [-0.0037435994988913508, 0.007264324082993032, -0.05263141138591119], [0.09493312462974716, -0.05263141138591119, 1.2840288304337741]], "chi2_level": 0.95, "chi2_df": 3, "chi2_threshold": 7.814727903251179, "N_raw": 125, "N_roi": 125, "N_inlier": 118, "refit": true}
{"timestamp": "17:15:21.831131", "frame": 89, "mu": [0.63003303367802, 1.3197407595022297, -0.5533845890506003], "Sigma": [[0.004878751937738997, 0.0022093893691697104, 0.03871579743847122], [0.0022093893691697104, 0.006163619107367481, 0.019375682552955603], [0.038715797438471214, 0.019375682552955603, 0.5374520467555787]], "chi2_level": 0.95, "chi2_df": 3, "chi2_threshold": 7.814727903251179, "N_raw": 80, "N_roi": 80, "N_inlier": 74, "refit": true}
{"timestamp": "17:15:21.879124", "frame": 90, "mu": [0.6237248797438941, 1.1827692054112973, 1.2436061288522802], "Sigma": [[0.009067886888804598, -0.003840445592640352, -0.021174231978060187], [-0.0038404455926403526, 0.004001412497233546, 0.014564853565408285], [-0.02117423197806019, 0.014564853565408282, 0.12413543208893746]], "chi2_level": 0.95, "chi2_df": 3, "chi2_threshold": 7.814727903251179, "N_raw": 30, "N_roi": 30, "N_inlier": 25, "refit": true}
{"timestamp": "17:15:21.946017", "frame": 91, "mu": [0.7469602657087244, 1.1830383840646606, 1.3407649028512902], "Sigma": [[0.016790674482052223, -0.004788642976849668, -0.00390239548786132], [-0.004788642976849668, 0.004156305495312601, -0.0008071123718151453], [-0.0039023954878613207, -0.0008071123718151451, 0.018077439741142176]], "chi2_level": 0.95, "chi2_df": 3, "chi2_threshold": 7.814727903251179, "N_raw": 114, "N_roi": 114, "N_inlier": 109, "refit": true}
{"timestamp": "17:15:21.996436", "frame": 92, "mu": [0.6052735877296976, 1.3285609579841184, -0.27037138524519655], "Sigma": [[0.003775639787718047, -0.0039003004207163825, 0.0003076073565503616], [-0.003900300420716382, 0.012096856670846397, -0.004473844397433247], [0.00030760735655036155, -0.004473844397433247, 0.0032357353998672123]], "chi2_level": 0.95, "chi2_df": 3, "chi2_threshold": 7.814727903251179, "N_raw": 81, "N_roi": 81, "N_inlier": 69, "refit": true}
{"timestamp": "17:15:22.047218", "frame": 93, "mu": [0.6907577064681852, 1.1110922386790727, 1.4503879827483925], "Sigma": [[0.0043112331367515, -0.0010281611166597616, -0.002465680580875153], [-0.0010281611166597618, 0.0043405820886917345, -0.0017319409926032274], [-0.002465680580875153, -0.0017319409926032274, 0.003917437151463147]], "chi2_level": 0.95, "chi2_df": 3, "chi2_threshold": 7.814727903251179, "N_raw": 61, "N_roi": 61, "N_inlier": 58, "refit": true}
{"timestamp": "17:15:22.103316", "frame": 94, "mu": [0.7231371708313501, 1.0199707524539727, 1.4131228649050103], "Sigma": [[0.008006536258758678, -0.0010265332918611932, -0.006736420773003222], [-0.001026533291861193, 0.0009886102239528175, -0.0007418487275398751], [-0.006736420773003222, -0.000741848727539875, 0.0165046018764664]], "chi2_level": 0.95, "chi2_df": 3, "chi2_threshold": 7.814727903251179, "N_raw": 68, "N_roi": 68, "N_inlier": 62, "refit": true}
{"timestamp": "17:15:22.164247", "frame": 95, "mu": [0.6763955724040244, 0.99790259093249, 1.3792888759138773], "Sigma": [[0.006173428774386597, -0.0002453085637092761, -0.00384615980711564], [-0.00024530856370927605, 0.0034262908978093995, -0.005231649497697784], [-0.00384615980711564, -0.005231649497697784, 0.013950222565375094]], "chi2_level": 0.95, "chi2_df": 3, "chi2_threshold": 7.814727903251179, "N_raw": 101, "N_roi": 101, "N_inlier": 96, "refit": true}
{"timestamp": "17:15:22.217408", "frame": 96, "mu": [0.5815185739370337, 0.9599681179431845, 1.3035290356647462], "Sigma": [[0.004699232677902311, -0.0018125997368788251, 0.002285528266249658], [-0.0018125997368788251, 0.003268344938036458, -0.004791718333207034], [0.002285528266249658, -0.0047917183332070335, 0.014092287385789886]], "chi2_level": 0.95, "chi2_df": 3, "chi2_threshold": 7.814727903251179, "N_raw": 92, "N_roi": 92, "N_inlier": 88, "refit": true}
