{"timestamp": "17:06:05.700152", "frame": 2, "mu": [2.378533790684068, 4.934179861957791, 1.2002186638447232], "Sigma": [[0.007975554937930783, -0.003133404296056112, -0.002689853779291155], [-0.003133404296056112, 0.002870414140249906, -0.0024057255727449804], [-0.002689853779291155, -0.0024057255727449804, 0.03734241970465745]], "chi2_level": 0.95, "chi2_df": 3, "chi2_threshold": 7.814727903251179, "N_raw": 51, "N_roi": 13, "N_inlier": 13, "refit": true}
{"timestamp": "17:06:05.921622", "frame": 6, "mu": [2.2825033295630557, 4.7320496664526805, 0.40775496107740133], "Sigma": [[0.016443734063083852, -0.006217641584473094, 0.003161187048359156], [-0.006217641584473094, 0.0034153183877337298, -0.002855221658430489], [0.003161187048359156, -0.002855221658430489, 0.04738448990647932]], "chi2_level": 0.95, "chi2_df": 3, "chi2_threshold": 7.814727903251179, "N_raw": 63, "N_roi": 27, "N_inlier": 24, "refit": true}
{"timestamp": "17:06:06.143023", "frame": 10, "mu": [2.2300513736865466, 4.514892889771833, 0.9631249579390546], "Sigma": [[0.026905208420495177, -0.015383698311395641, -0.013664742964628784], [-0.015383698311395641, 0.012221790022494199, 0.0018991588687380383], [-0.013664742964628784, 0.001899158868738038, 0.023274484475809855]], "chi2_level": 0.95, "chi2_df": 3, "chi2_threshold": 7.814727903251179, "N_raw": 52, "N_roi": 46, "N_inlier": 45, "refit": true}
{"timestamp": "17:06:06.195532", "frame": 11, "mu": [2.184799108447627, 4.472830144088839, 1.1242193643661822], "Sigma": [[0.03285341609255078, -0.01809166285980933, -0.021805985325479654], [-0.01809166285980933, 0.012934836374569257, 0.010396864411243167], [-0.021805985325479654, 0.010396864411243167, 0.019985011989295663]], "chi2_level": 0.95, "chi2_df": 3, "chi2_threshold": 7.814727903251179, "N_raw": 38, "N_roi": 38, "N_inlier": 38, "refit": true}
{"timestamp": "17:06:06.249923", "frame": 12, "mu": [2.166338929311294, 4.443873483594947, 0.9960759911804792], "Sigma": [[0.029133810176125666, -0.013263081666397388, -0.006293001064263462], [-0.013263081666397388, 0.008253543598725434, 0.0005577006744313733], [-0.006293001064263462, 0.0005577006744313734, 0.007777254020802457]], "chi2_level": 0.95, "chi2_df": 3, "chi2_threshold": 7.814727903251179, "N_raw": 35, "N_roi": 35, "N_inlier": 34, "refit": true}
{"timestamp": "17:06:06.304117", "frame": 13, "mu": [2.0682723824665725, 4.408535747407564, 1.0671563930557113], "Sigma": [[0.02694789757418742, -0.01355942592846734, -0.009642682910970694], [-0.013559425928467336, 0.00880982127286931, 0.00489977595181541], [-0.009642682910970694, 0.00489977595181541, 0.005286623561072596]], "chi2_level": 0.95, "chi2_df": 3, "chi2_threshold": 7.814727903251179, "N_raw": 28, "N_roi": 26, "N_inlier": 25, "refit": true}
{"timestamp": "17:06:06.357347", "frame": 14, "mu": [2.047682828099385, 4.311524275299432, 0.89016913039383], "Sigma": [[0.011606882325031258, -0.006767291668602184, -0.006943829977851791], [-0.006767291668602184, 0.006409050773731681, 0.004355057142819293], [-0.006943829977851792, 0.004355057142819293, 0.005656510789471786]], "chi2_level": 0.95, "chi2_df": 3, "chi2_threshold": 7.814727903251179, "N_raw": 18, "N_roi": 18, "N_inlier": 17, "refit": true}
{"timestamp": "17:06:06.410573", "frame": 15, "mu": [2.1265079250484558, 4.113722295463364, 0.7180308535800334], "Sigma": [[0.015755158539916523, -0.008165247328920761, -0.014630572076262768], [-0.008165247328920761, 0.007374219321894702, 0.006711290606051109], [-0.014630572076262768, 0.006711290606051109, 0.018807325661826163]], "chi2_level": 0.95, "chi2_df": 3, "chi2_threshold": 7.814727903251179, "N_raw": 10, "N_roi": 10, "N_inlier": 10, "refit": true}
{"timestamp": "17:06:06.525682", "frame": 17, "mu": [1.83500552880841, 4.127699478733206, 1.0603669522135986], "Sigma": [[0.02498056596406007, -0.013445184289991289, -0.012011947313341336], [-0.013445184289991287, 0.010030871295487786, 0.004562202836928708], [-0.012011947313341334, 0.004562202836928708, 0.010099681785455724]], "chi2_level": 0.95, "chi2_df": 3, "chi2_threshold": 7.814727903251179, "N_raw": 41, "N_roi": 39, "N_inlier": 38, "refit": true}
{"timestamp": "17:06:06.580177", "frame": 18, "mu": [1.7739858800611288, 4.0754458476070266, 1.0188638780020403], "Sigma": [[0.01428790026547354, -0.005335286176554378, -0.008090885164306609], [-0.005335286176554378, 0.005090251478659265, 0.003057919547802782], [-0.008090885164306609, 0.003057919547802782, 0.00717119413933496]], "chi2_level": 0.95, "chi2_df": 3, "chi2_threshold": 7.814727903251179, "N_raw": 32, "N_roi": 28, "N_inlier": 27, "refit": true}
{"timestamp": "17:06:06.634065", "frame": 19, "mu": [1.7421541378647178, 4.072834523269143, 0.9055032212680373], "Sigma": [[0.009061441019537502, -0.00664070492307646, -0.009521911314400718], [-0.00664070492307646, 0.006576983262505388, 0.0037421343557707855], [-0.009521911314400718, 0.003742134355770785, 0.020673545637885777]], "chi2_level": 0.95, "chi2_df": 3, "chi2_threshold": 7.814727903251179, "N_raw": 25, "N_roi": 25, "N_inlier": 22, "refit": true}
{"timestamp": "17:06:06.693022", "frame": 20, "mu": [1.7243415565911022, 3.948453442257157, 1.1365224739370827], "Sigma": [[0.0232918794159494, -0.014642886102518161, -0.01795010577295171], [-0.014642886102518161, 0.014772964272005551, 0.007767736715181341], [-0.01795010577295171, 0.007767736715181342, 0.02910934044750979]], "chi2_level": 0.95, "chi2_df": 3, "chi2_threshold": 7.814727903251179, "N_raw": 57, "N_roi": 57, "N_inlier": 55, "refit": true}
{"timestamp": "17:06:06.744855", "frame": 21, "mu": [1.6368588024181205, 3.9310967511724044, 0.84005662391896], "Sigma": [[0.015220973151007927, -0.01431535011907822, 0.0016123409598838758], [-0.01431535011907822, 0.021156756813272566, -0.003039808250377053], [0.0016123409598838758, -0.0030398082503770535, 0.018862940067509985]], "chi2_level": 0.95, "chi2_df": 3, "chi2_threshold": 7.814727903251179, "N_raw": 33, "N_roi": 33, "N_inlier": 32, "refit": true}
{"timestamp": "17:06:07.076504", "frame": 27, "mu": [1.2328860117077287, 3.6157405194912373, 0.9951515420241728], "Sigma": [[0.01773940659063784, -0.007616896511093579, -0.005627471416924371], [-0.007616896511093579, 0.004134920264646528, -0.0012659730326334763], [-0.005627471416924372, -0.0012659730326334765, 0.03848855544174623]], "chi2_level": 0.95, "chi2_df": 3, "chi2_threshold": 7.814727903251179, "N_raw": 45, "N_roi": 45, "N_inlier": 44, "refit": true}
{"timestamp": "17:06:07.131458", "frame": 28, "mu": [1.1865739027620172, 3.6843931548976054, -0.006724451063141014], "Sigma": [[0.01837816174981452, -0.004666889581222919, -0.00681011269610277], [-0.004666889581222919, 0.006205924670779186, -0.005242783056611073], [-0.006810112696102771, -0.005242783056611073, 0.014158658678869626]], "chi2_level": 0.95, "chi2_df": 3, "chi2_threshold": 7.814727903251179, "N_raw": 45, "N_roi": 45, "N_inlier": 42, "refit": true}
{"timestamp": "17:06:07.191747", "frame": 29, "mu": [1.0949439800372107, 3.7091403919263675, -0.2541971372483172], "Sigma": [[0.021827985847457432, -0.01295714994047194, -0.008619482396376001], [-0.012957149940471941, 0.0174594747677417, -0.00028074944940248404], [-0.008619482396376001, -0.00028074944940248425, 0.024102770296524093]], "chi2_level": 0.95, "chi2_df": 3, "chi2_threshold": 7.814727903251179, "N_raw": 74, "N_roi": 72, "N_inlier": 69, "refit": true}
{"timestamp": "17:06:07.244552", "frame": 30, "mu": [1.012391735879857, 3.516752231931117, 0.8138133230605925], "Sigma": [[0.012797451065267326, -0.0035153191567057936, 0.0027252930898668784], [-0.0035153191567057936, 0.007893663742682943, -0.003083584023716495], [0.0027252930898668784, -0.0030835840237164944, 0.00702929655407492]], "chi2_level": 0.95, "chi2_df": 3, "chi2_threshold": 7.814727903251179, "N_raw": 60, "N_roi": 57, "N_inlier": 52, "refit": true}
{"timestamp": "17:06:07.297356", "frame": 31, "mu": [0.9309947800208329, 3.409300748023032, 0.776370482623808], "Sigma": [[0.01037246597310389, -0.0017566762431863287, -0.00044306639416550947], [-0.0017566762431863287, 0.005715291437247568, 0.0023184207115735443], [-0.0004430663941655096, 0.0023184207115735447, 0.0017369769395649145]], "chi2_level": 0.95, "chi2_df": 3, "chi2_threshold": 7.814727903251179, "N_raw": 31, "N_roi": 31, "N_inlier": 28, "refit": true}
{"timestamp": "17:06:07.349713", "frame": 32, "mu": [0.8407112114434215, 3.4174376242209306, 0.9488007732206866], "Sigma": [[0.011847584645169275, -0.006866120642750872, -0.01392810058092751], [-0.0068661206427508715, 0.007729484113080046, 0.008511387049518385], [-0.01392810058092751, 0.008511387049518385, 0.019411688463977544]], "chi2_level": 0.95, "chi2_df": 3, "chi2_threshold": 7.814727903251179, "N_raw": 36, "N_roi": 36, "N_inlier": 34, "refit": true}
{"timestamp": "17:06:07.409837", "frame": 33, "mu": [0.8803548400050202, 3.468221848932961, -0.22286289150762878], "Sigma": [[0.01504581033889251, -0.004720514557315791, 0.0018483288781015873], [-0.004720514557315791, 0.008165045428065317, -0.017618621826670754], [0.0018483288781015882, -0.017618621826670754, 0.07295150737069454]], "chi2_level": 0.95, "chi2_df": 3, "chi2_threshold": 7.814727903251179, "N_raw": 66, "N_roi": 65, "N_inlier": 61, "refit": true}
{"timestamp": "17:06:07.464277", "frame": 34, "mu": [0.8543560563720596, 3.197231568839015, 0.9065507922459661], "Sigma": [[0.017859070739047835, -0.005766419181969591, -0.005844163089732341], [-0.005766419181969592, 0.0032383329967047487, -0.002868845360065324], [-0.005844163089732341, -0.002868845360065324, 0.029121827670001297]], "chi2_level": 0.95, "chi2_df": 3, "chi2_threshold": 7.814727903251179, "N_raw": 63, "N_roi": 63, "N_inlier": 61, "refit": true}
{"timestamp": "17:06:07.512154", "frame": 35, "mu": [0.7560441548999435, 3.207454341791496, 0.8905013442326771], "Sigma": [[0.004201559164776058, -0.0023665815006365873, 0.001318522337749944], [-0.0023665815006365873, 0.0027215260744840077, -0.0056675487899383965], [0.0013185223377499438, -0.005667548789938397, 0.04336261957241714]], "chi2_level": 0.95, "chi2_df": 3, "chi2_threshold": 7.814727903251179, "N_raw": 12, "N_roi": 12, "N_inlier": 11, "refit": true}
{"timestamp": "17:06:07.576267", "frame": 36, "mu": [0.6543196560802, 3.195863314021653, 0.9410552466173799], "Sigma": [[0.018068685273774157, -0.01285024260013553, -0.012659632411934992], [-0.012850242600135528, 0.017183487053171312, 0.006293024445356437], [-0.01265963241193499, 0.006293024445356438, 0.015349733712690895]], "chi2_level": 0.95, "chi2_df": 3, "chi2_threshold": 7.814727903251179, "N_raw": 74, "N_roi": 74, "N_inlier": 73, "refit": true}
{"timestamp": "17:06:07.625387", "frame": 37, "mu": [0.6490943069800532, 3.110180402029561, 0.8370352726084982], "Sigma": [[0.028199377299599232, -0.022296941189533313, -0.013374362175923504], [-0.022296941189533313, 0.01910996997904656, 0.010558145420884124], [-0.013374362175923504, 0.010558145420884124, 0.00714397526572634]], "chi2_level": 0.95, "chi2_df": 3, "chi2_threshold": 7.814727903251179, "N_raw": 30, "N_roi": 28, "N_inlier": 26, "refit": true}
{"timestamp": "17:06:07.687911", "frame": 38, "mu": [0.6080303813007595, 3.21334604508775, -0.19111107179081566], "Sigma": [[0.029609485982736765, -0.023483902170951886, -0.01425924082285289], [-0.023483902170951886, 0.02567807334881772, 0.006005157066454993], [-0.01425924082285289, 0.006005157066454991, 0.017808100154912743]], "chi2_level": 0.95, "chi2_df": 3, "chi2_threshold": 7.814727903251179, "N_raw": 82, "N_roi": 82, "N_inlier": 80, "refit": true}
{"timestamp": "17:06:07.740765", "frame": 39, "mu": [0.6808620147009417, 2.980469164269315, -0.17489856177701996], "Sigma": [[0.019628729102344845, -0.0028690278649086253, -0.0043627155097328936], [-0.0028690278649086257, 0.006182005442477622, 0.004463000015397971], [-0.004362715509732894, 0.004463000015397971, 0.011458962101153432]], "chi2_level": 0.95, "chi2_df": 3, "chi2_threshold": 7.814727903251179, "N_raw": 71, "N_roi": 69, "N_inlier": 66, "refit": true}
{"timestamp": "17:06:07.838087", "frame": 40, "mu": [0.514592414343338, 3.0018114687115394, -0.2688299350073612], "Sigma": [[0.013348023297447196, -0.0050837194807960145, 0.007266088497949362], [-0.0050837194807960145, 0.01754445105347896, 0.006304723895913716], [0.007266088497949363, 0.006304723895913716, 0.026040139759424576]], "chi2_level": 0.95, "chi2_df": 3, "chi2_threshold": 7.814727903251179, "N_raw": 89, "N_roi": 85, "N_inlier": 81, "refit": true}
{"timestamp": "17:06:07.851100", "frame": 41, "mu": [0.45450394591544585, 2.8901534557906876, 1.151055633971214], "Sigma": [[0.011826147383446119, -0.00039113816384611346, -0.006840739207564], [-0.00039113816384611335, 0.006445977566920321, 0.003029844130188495], [-0.006840739207564, 0.003029844130188495, 0.0543722175484133]], "chi2_level": 0.95, "chi2_df": 3, "chi2_threshold": 7.814727903251179, "N_raw": 76, "N_roi": 73, "N_inlier": 68, "refit": true}
{"timestamp": "17:06:07.908024", "frame": 42, "mu": [0.29589106073607563, 2.9113466609726797, 1.4051857968321215], "Sigma": [[0.016883031688589616, -0.002419428877934503, -0.028089603866255988], [-0.0024194288779345033, 0.003188864105751885, 0.0037890961146787917], [-0.028089603866255988, 0.003789096114678792, 0.09362096968457154]], "chi2_level": 0.95, "chi2_df": 3, "chi2_threshold": 7.814727903251179, "N_raw": 78, "N_roi": 75, "N_inlier": 68, "refit": true}
{"timestamp": "17:06:07.962822", "frame": 43, "mu": [0.19785575184810492, 2.750984735214326, 1.1306017155229984], "Sigma": [[0.025250646092600276, 0.014537347099478789, 0.0074703125373271504], [0.014537347099478789, 0.01927825110264443, 0.013301937262408393], [0.007470312537327151, 0.013301937262408393, 0.033429030958960354]], "chi2_level": 0.95, "chi2_df": 3, "chi2_threshold": 7.814727903251179, "N_raw": 87, "N_roi": 87, "N_inlier": 85, "refit": true}
{"timestamp": "17:06:08.019088", "frame": 44, "mu": [0.21497482136016124, 2.6777406467098066, 1.0115051903567367], "Sigma": [[0.02639798375952737, 0.012270773702321103, -0.00046001488552077543], [0.012270773702321103, 0.015370693005070274, -0.0019408855000321893], [-0.00046001488552077576, -0.0019408855000321895, 0.01098409592781348]], "chi2_level": 0.95, "chi2_df": 3, "chi2_threshold": 7.814727903251179, "N_raw": 77, "N_roi": 70, "N_inlier": 67, "refit": true}
{"timestamp": "17:06:08.075499", "frame": 45, "mu": [0.20812445784512104, 2.6852981785750893, 1.264845053264731], "Sigma": [[0.017626731969252445, -0.006785614115114862, -0.0045561416054401], [-0.006785614115114861, 0.006763350933538403, -0.0018562329651830856], [-0.0045561416054401005, -0.0018562329651830856, 0.01960650223285433]], "chi2_level": 0.95, "chi2_df": 3, "chi2_threshold": 7.814727903251179, "N_raw": 101, "N_roi": 87, "N_inlier": 83, "refit": true}
{"timestamp": "17:06:08.134597", "frame": 46, "mu": [0.16620157928718543, 2.647585413703697, 0.4968877169225894], "Sigma": [[0.017361142793693683, -0.005175644035035612, 0.08923479395288414], [-0.005175644035035612, 0.011779722983885703, -0.027469753304482536], [0.08923479395288414, -0.027469753304482536, 0.6040467387095075]], "chi2_level": 0.95, "chi2_df": 3, "chi2_threshold": 7.814727903251179, "N_raw": 118, "N_roi": 98, "N_inlier": 93, "refit": true}
{"timestamp": "17:06:08.189086", "frame": 47, "mu": [0.03257485793095523, 2.656520919246464, 1.2245455823820877], "Sigma": [[0.019872685666398604, -0.006935263109764091, 0.010401996565676558], [-0.006935263109764091, 0.01500948190683631, -0.008054683855910374], [0.010401996565676558, -0.008054683855910374, 0.02898735710302198]], "chi2_level": 0.95, "chi2_df": 3, "chi2_threshold": 7.814727903251179, "N_raw": 120, "N_roi": 117, "N_inlier": 113, "refit": true}
{"timestamp": "17:06:08.242561", "frame": 48, "mu": [0.01718653780902775, 2.5447952405025207, -0.28270892907801287], "Sigma": [[0.021106816562571275, -0.006668608040590569, 0.12144101967733494], [-0.006668608040590569, 0.00606924326526271, -0.03689128526966554], [0.12144101967733494, -0.03689128526966554, 1.0908371216621136]], "chi2_level": 0.95, "chi2_df": 3, "chi2_threshold": 7.814727903251179, "N_raw": 108, "N_roi": 108, "N_inlier": 104, "refit": true}
{"timestamp": "17:06:08.297147", "frame": 49, "mu": [-0.0403391814482962, 2.464750094524125, 0.7369552701337962], "Sigma": [[0.014567815374722707, -0.009082089937144263, -0.02323525682838581], [-0.009082089937144263, 0.01985970625878565, 0.06387318453281658], [-0.023235256828385814, 0.06387318453281658, 0.2950092936555941]], "chi2_level": 0.95, "chi2_df": 3, "chi2_threshold": 7.814727903251179, "N_raw": 105, "N_roi": 105, "N_inlier": 104, "refit": true}
{"timestamp": "17:06:08.351383", "frame": 50, "mu": [-0.2071497290895164, 2.6624719693248315, -0.16594864125242456], "Sigma": [[0.01125844236016788, -0.003180428429031442, -0.0049184435585862335], [-0.003180428429031442, 0.008833150896246452, -0.010925320233715303], [-0.004918443558586233, -0.010925320233715303, 0.024390550759720346]], "chi2_level": 0.95, "chi2_df": 3, "chi2_threshold": 7.814727903251179, "N_raw": 84, "N_roi": 84, "N_inlier": 74, "refit": true}
{"timestamp": "17:06:08.402573", "frame": 51, "mu": [-0.1401455224743631, 2.4197956087249373, 1.2286538485890504], "Sigma": [[0.012214865481625483, -0.003628591440862682, 0.004430928464515622], [-0.003628591440862682, 0.0032807053069228414, -0.005409520814643348], [0.004430928464515622, -0.005409520814643348, 0.037664541386030315]], "chi2_level": 0.95, "chi2_df": 3, "chi2_threshold": 7.814727903251179, "N_raw": 80, "N_roi": 79, "N_inlier": 74, "refit": true}
{"timestamp": "17:06:08.460829", "frame": 52, "mu": [-0.19891011937572403, 2.3927676677525787, 0.8803651335430587], "Sigma": [[0.007339082528714851, -0.0010224593662854359, -0.01135793692883811], [-0.0010224593662854354, 0.014497006609668378, -0.0009589192519516092], [-0.011357936928838108, -0.0009589192519516127, 0.5641119708492933]], "chi2_level": 0.95, "chi2_df": 3, "chi2_threshold": 7.814727903251179, "N_raw": 63, "N_roi": 60, "N_inlier": 59, "refit": true}
{"timestamp": "17:06:08.510405", "frame": 53, "mu": [-0.1921665570112081, 2.259907475679737, 1.228753480280812], "Sigma": [[0.016036262223366064, -0.007021930991435203, 0.0031748911732207255], [-0.007021930991435203, 0.005077409457307895, -0.004900928108425421], [0.003174891173220725, -0.004900928108425421, 0.012832254114757765]], "chi2_level": 0.95, "chi2_df": 3, "chi2_threshold": 7.814727903251179, "N_raw": 62, "N_roi": 59, "N_inlier": 52, "refit": true}
{"timestamp": "17:06:08.567683", "frame": 54, "mu": [-0.3148973220830314, 2.3944684262879963, -0.34668613841172663], "Sigma": [[0.03096905804489105, -0.012985629934595316, -0.0068133350986467195], [-0.012985629934595316, 0.01077041822352698, -0.00795714683603458], [-0.006813335098646718, -0.00795714683603458, 0.031815546126741104]], "chi2_level": 0.95, "chi2_df": 3, "chi2_threshold": 7.814727903251179, "N_raw": 77, "N_roi": 77, "N_inlier": 74, "refit": true}
{"timestamp": "17:06:08.619894", "frame": 55, "mu": [-0.4947916208120152, 2.206893745485028, 1.0368875992213142], "Sigma": [[0.03808159750950525, -0.016367503669685635, -0.004773399315119662], [-0.016367503669685635, 0.00902552882588233, -0.000571650118278236], [-0.004773399315119662, -0.000571650118278236, 0.007625844109832487]], "chi2_level": 0.95, "chi2_df": 3, "chi2_threshold": 7.814727903251179, "N_raw": 59, "N_roi": 56, "N_inlier": 53, "refit": true}
{"timestamp": "17:06:08.675420", "frame": 56, "mu": [-0.3394549893935442, 2.1707935093982664, -0.14954378017674308], "Sigma": [[0.017734247115330476, -0.010487342188806148, 0.005675426920861477], [-0.010487342188806148, 0.014092442255106604, -0.01071926802975476], [0.005675426920861478, -0.010719268029754762, 0.01739271066473609]], "chi2_level": 0.95, "chi2_df": 3, "chi2_threshold": 7.814727903251179, "N_raw": 62, "N_roi": 59, "N_inlier": 54, "refit": true}
{"timestamp": "17:06:08.731497", "frame": 57, "mu": [-0.35684000839032837, 1.988138233020651, 1.3262794376723372], "Sigma": [[0.009013640281224687, -0.002199918611653189, -0.0047509145090317995], [-0.0021999186116531894, 0.005728008851848176, -0.0011240097111959663], [-0.0047509145090317995, -0.0011240097111959663, 0.004128810290505271]], "chi2_level": 0.95, "chi2_df": 3, "chi2_threshold": 7.814727903251179, "N_raw": 69, "N_roi": 69, "N_inlier": 64, "refit": true}
{"timestamp": "17:06:08.784881", "frame": 58, "mu": [-0.4578832086114566, 1.9766828431511785, 1.3402463340028996], "Sigma": [[0.008411616395376952, -0.004990647601819534, -0.004492832130875779], [-0.004990647601819534, 0.006351576298333455, 0.0009557147613526264], [-0.004492832130875779, 0.0009557147613526266, 0.007707071943714461]], "chi2_level": 0.95, "chi2_df": 3, "chi2_threshold": 7.814727903251179, "N_raw": 61, "N_roi": 59, "N_inlier": 55, "refit": true}
{"timestamp": "17:06:08.844062", "frame": 59, "mu": [-0.5453602656352622, 1.8584852308540214, 1.2948232201488021], "Sigma": [[0.010591489058134103, -0.009200375434554549, -0.016567143278124363], [-0.009200375434554549, 0.017201090974158374, 0.014693833476656867], [-0.016567143278124363, 0.014693833476656867, 0.03078558864570214]], "chi2_level": 0.95, "chi2_df": 3, "chi2_threshold": 7.814727903251179, "N_raw": 91, "N_roi": 89, "N_inlier": 81, "refit": true}
{"timestamp": "17:06:08.898158", "frame": 60, "mu": [-0.526011025529047, 1.8347737299858138, 1.2935360034148633], "Sigma": [[0.007457135995166277, -0.004556164732035345, -0.005854157228524417], [-0.004556164732035345, 0.012727341889200093, 0.004936026753826976], [-0.005854157228524418, 0.004936026753826976, 0.011998593958721285]], "chi2_level": 0.95, "chi2_df": 3, "chi2_threshold": 7.814727903251179, "N_raw": 83, "N_roi": 83, "N_inlier": 78, "refit": true}
{"timestamp": "17:06:08.952835", "frame": 61, "mu": [-0.6231218814133104, 1.7699584902367211, -0.4994231539582432], "Sigma": [[0.00731698305832335, 0.0022163853281302716, 0.009241292474858734], [0.0022163853281302716, 0.021080212878939686, 0.029480986793283613], [0.009241292474858734, 0.029480986793283613, 0.055481241356866676]], "chi2_level": 0.95, "chi2_df": 3, "chi2_threshold": 7.814727903251179, "N_raw": 77, "N_roi": 77, "N_inlier": 69, "refit": true}
{"timestamp": "17:06:09.006167", "frame": 62, "mu": [-0.6927938100473648, 1.7914892123177426, -0.3785044609046663], "Sigma": [[0.0077323960536645414, -0.00028881072937438166, 0.0036222696385327167], [-0.00028881072937438155, 0.011038541526370108, 0.014130852826123148], [0.003622269638532717, 0.014130852826123147, 0.029559039598135727]], "chi2_level": 0.95, "chi2_df": 3, "chi2_threshold": 7.814727903251179, "N_raw": 65, "N_roi": 65, "N_inlier": 60, "refit": true}
{"timestamp": "17:06:09.062607", "frame": 63, "mu": [-0.7886611387746889, 1.7798649433889935, -0.2475699830394612], "Sigma": [[0.0076559434021165685, -0.0007443718352445293, -0.004497835554175484], [-0.0007443718352445293, 0.011424325396040479, 0.008189963897461704], [-0.004497835554175484, 0.008189963897461704, 0.023453321693918477]], "chi2_level": 0.95, "chi2_df": 3, "chi2_threshold": 7.814727903251179, "N_raw": 80, "N_roi": 78, "N_inlier": 72, "refit": true}
{"timestamp": "17:06:09.111512", "frame": 64, "mu": [-0.9943030898949096, 1.67840821950438, 1.6512697660889948], "Sigma": [[0.006431332123184831, 0.0028831324513735055, -0.0045245099299357616], [0.0028831324513735055, 0.0034453730914600572, -0.0032857797318529077], [-0.0045245099299357616, -0.0032857797318529077, 0.004640253153176002]], "chi2_level": 0.95, "chi2_df": 3, "chi2_threshold": 7.814727903251179, "N_raw": 40, "N_roi": 38, "N_inlier": 33, "refit": true}
{"timestamp": "17:06:09.174265", "frame": 65, "mu": [-0.9546894279690343, 1.5760948786335218, 1.5662976473935892], "Sigma": [[0.020678509359901842, 0.0010844926097812884, -0.02047493240114853], [0.0010844926097812889, 0.009061807238935392, -0.0042137921849100006], [-0.020474932401148532, -0.0042137921849100006, 0.024478482970879734]], "chi2_level": 0.95, "chi2_df": 3, "chi2_threshold": 7.814727903251179, "N_raw": 98, "N_roi": 95, "N_inlier": 81, "refit": true}
{"timestamp": "17:06:09.228628", "frame": 66, "mu": [-1.0970814770046087, 1.486431762467042, 0.06477930072509616], "Sigma": [[0.05305472972725825, 0.04125851722285649, -0.031271042945808125], [0.04125851722285649, 0.0423528174485288, -0.021682805758836514], [-0.031271042945808125, -0.021682805758836514, 0.0234100399498907]], "chi2_level": 0.95, "chi2_df": 3, "chi2_threshold": 7.814727903251179, "N_raw": 80, "N_roi": 80, "N_inlier": 76, "refit": true}
{"timestamp": "17:06:09.281718", "frame": 67, "mu": [-1.2542290169071417, 1.3778612933723113, 1.7597937872894762], "Sigma": [[0.05235230835029815, 0.04344691462724136, -0.040950186607069616], [0.04344691462724135, 0.04505807026657481, -0.039328748973545886], [-0.040950186607069616, -0.039328748973545886, 0.04426461534405998]], "chi2_level": 0.95, "chi2_df": 3, "chi2_threshold": 7.814727903251179, "N_raw": 67, "N_roi": 67, "N_inlier": 63, "refit": true}
{"timestamp": "17:06:09.335889", "frame": 68, "mu": [-1.2802393434784733, 1.318192859242719, 0.12161423325277543], "Sigma": [[0.027459661416513764, 0.03499205252723495, -0.020027214123544225], [0.03499205252723495, 0.054987010188419394, -0.03159172856405973], [-0.020027214123544225, -0.03159172856405973, 0.022005102398140484]], "chi2_level": 0.95, "chi2_df": 3, "chi2_threshold": 7.814727903251179, "N_raw": 67, "N_roi": 67, "N_inlier": 62, "refit": true}
{"timestamp": "17:06:09.402965", "frame": 69, "mu": [-1.353162802034938, 1.2773041489151755, 1.5786836486004234], "Sigma": [[0.028614358240315038, 0.00671798883821625, 0.011742869054295127], [0.00671798883821625, 0.015943264963144695, -0.018004110054187582], [0.011742869054295127, -0.018004110054187582, 0.05891848581077644]], "chi2_level": 0.95, "chi2_df": 3, "chi2_threshold": 7.814727903251179, "N_raw": 150, "N_roi": 150, "N_inlier": 145, "refit": true}
{"timestamp": "17:06:09.457533", "frame": 70, "mu": [-1.3893361002657905, 1.192434923237882, 1.5853439710171093], "Sigma": [[0.03053243100764393, 0.008999916607397582, 0.015843601814312384], [0.008999916607397582, 0.013082221327324891, -0.01805831865459878], [0.015843601814312384, -0.018058318654598778, 0.10603457545709197]], "chi2_level": 0.95, "chi2_df": 3, "chi2_threshold": 7.814727903251179, "N_raw": 139, "N_roi": 139, "N_inlier": 134, "refit": true}
{"timestamp": "17:06:09.510210", "frame": 71, "mu": [-1.4364751063612555, 1.1122480158213794, 1.5696567538493194], "Sigma": [[0.028720067498798713, 0.008729260564913572, 0.026950784903332633], [0.008729260564913573, 0.011504230003935462, -0.006998063321707425], [0.026950784903332636, -0.006998063321707425, 0.08141803747109613]], "chi2_level": 0.95, "chi2_df": 3, "chi2_threshold": 7.814727903251179, "N_raw": 122, "N_roi": 122, "N_inlier": 117, "refit": true}
{"timestamp": "17:06:09.559962", "frame": 72, "mu": [-1.487387373839562, 1.0113259658189035, 1.6993345685701793], "Sigma": [[0.023669464314643465, 0.009449367792635447, 0.016826837475314015], [0.009449367792635447, 0.01060279173316353, -0.0034010681297144065], [0.01682683747531401, -0.0034010681297144065, 0.0628415911356584]], "chi2_level": 0.95, "chi2_df": 3, "chi2_threshold": 7.814727903251179, "N_raw": 89, "N_roi": 89, "N_inlier": 81, "refit": true}
{"timestamp": "17:06:09.610504", "frame": 73, "mu": [-1.4262134865131197, 0.953402382596477, 1.5962252214904393], "Sigma": [[0.010834439559906315, 0.0011594913224708668, -0.0066391584298438845], [0.0011594913224708665, 0.007020381262397297, -0.0022094243729151855], [-0.006639158429843885, -0.0022094243729151855, 0.007432216640335001]], "chi2_level": 0.95, "chi2_df": 3, "chi2_threshold": 7.814727903251179, "N_raw": 60, "N_roi": 60, "N_inlier": 58, "refit": true}
{"timestamp": "17:06:09.668174", "frame": 74, "mu": [-1.3830161115950546, 0.9757046066377273, -0.38276122222323783], "Sigma": [[0.009828556612414293, 0.00236717355407913, -0.0006230356219611255], [0.0023671735540791296, 0.016480368667481645, 0.011184689196389375], [-0.0006230356219611257, 0.011184689196389375, 0.01092246990623094]], "chi2_level": 0.95, "chi2_df": 3, "chi2_threshold": 7.814727903251179, "N_raw": 59, "N_roi": 59, "N_inlier": 56, "refit": true}
{"timestamp": "17:06:09.716167", "frame": 75, "mu": [-1.5234094099587012, 0.881666938654786, 1.6730139687487329], "Sigma": [[0.005634013304654471, 0.003426295698894975, -0.0025758594763154335], [0.003426295698894975, 0.009045935475135455, -0.007226600977105585], [-0.002575859476315433, -0.007226600977105585, 0.007919508173184637]], "chi2_level": 0.95, "chi2_df": 3, "chi2_threshold": 7.814727903251179, "N_raw": 44, "N_roi": 44, "N_inlier": 42, "refit": true}
{"timestamp": "17:06:09.774825", "frame": 76, "mu": [-1.4812982818304485, 0.8673684577177113, -0.32595622829669574], "Sigma": [[0.010030616532332119, 0.0019688727160400987, -0.002771709768951818], [0.0019688727160400987, 0.019032361120034463, 0.005392978606406326], [-0.002771709768951818, 0.005392978606406326, 0.005378807316820948]], "chi2_level": 0.95, "chi2_df": 3, "chi2_threshold": 7.814727903251179, "N_raw": 67, "N_roi": 67, "N_inlier": 66, "refit": true}
{"timestamp": "17:06:09.830150", "frame": 77, "mu": [-1.5056781353061013, 0.872849373196022, -0.42932066531908936], "Sigma": [[0.009050869924862958, -0.0033311611640258277, 0.004557864020400714], [-0.0033311611640258277, 0.014736463871240266, -0.0047499887229944075], [0.004557864020400714, -0.0047499887229944075, 0.030953413692997936]], "chi2_level": 0.95, "chi2_df": 3, "chi2_threshold": 7.814727903251179, "N_raw": 64, "N_roi": 64, "N_inlier": 63, "refit": true}
{"timestamp": "17:06:09.880515", "frame": 78, "mu": [-1.527224109853511, 0.8174343081626972, -0.3611570322366322], "Sigma": [[0.0035511000119452063, 0.002367682656458941, -0.0009690997592899704], [0.0023676826564589405, 0.015783258246287873, -0.0013995071816780545], [-0.0009690997592899704, -0.0013995071816780545, 0.0007587693035510345]], "chi2_level": 0.95, "chi2_df": 3, "chi2_threshold": 7.814727903251179, "N_raw": 37, "N_roi": 37, "N_inlier": 36, "refit": true}
{"timestamp": "17:06:09.939804", "frame": 79, "mu": [-1.6252482967756552, 0.6654057352432796, 1.3267672814202858], "Sigma": [[0.00887606763230366, 0.002401479644351398, -0.0003389697473061168], [0.0024014796443513975, 0.011070397351187979, -0.00443358157154238], [-0.0003389697473061167, -0.00443358157154238, 0.011642448382804007]], "chi2_level": 0.95, "chi2_df": 3, "chi2_threshold": 7.814727903251179, "N_raw": 64, "N_roi": 64, "N_inlier": 60, "refit": true}
{"timestamp": "17:06:09.992788", "frame": 80, "mu": [-1.6200634260325029, 0.6538597487119734, 1.3278116184028248], "Sigma": [[0.00584984328179426, 0.003128226250317188, 0.001200672467605615], [0.003128226250317188, 0.006930312603657848, -0.004174570759680834], [0.001200672467605615, -0.004174570759680834, 0.00925053826485274]], "chi2_level": 0.95, "chi2_df": 3, "chi2_threshold": 7.814727903251179, "N_raw": 48, "N_roi": 48, "N_inlier": 45, "refit": true}
{"timestamp": "17:06:10.048393", "frame": 81, "mu": [-1.6939872990904685, 0.6697126953525444, 1.2889748298778994], "Sigma": [[0.006921958556902386, 0.0038521288101941104, 0.0028544943075291046], [0.0038521288101941104, 0.009678924331404914, -0.001335578775676912], [0.0028544943075291046, -0.001335578775676912, 0.021541951248657515]], "chi2_level": 0.95, "chi2_df": 3, "chi2_threshold": 7.814727903251179, "N_raw": 58, "N_roi": 58, "N_inlier": 57, "refit": true}
{"timestamp": "17:06:10.097364", "frame": 82, "mu": [-1.8157808858384015, 0.5310348200497373, 1.0515022086721297], "Sigma": [[0.0038465318540241815, 0.004070103830129641, -0.002308568182293828], [0.004070103830129641, 0.0073553671598105335, -0.0035215221059748487], [-0.0023085681822938285, -0.0035215221059748487, 0.002264268035846741]], "chi2_level": 0.95, "chi2_df": 3, "chi2_threshold": 7.814727903251179, "N_raw": 15, "N_roi": 15, "N_inlier": 14, "refit": true}
{"timestamp": "17:06:10.152337", "frame": 83, "mu": [-1.8414120805488468, 0.6002559247739635, 1.0948576748810037], "Sigma": [[0.004863704265527632, 0.006759218223767707, -0.0009017197231723516], [0.006759218223767707, 0.011500121390620474, -0.0024020428661796385], [-0.0009017197231723516, -0.0024020428661796385, 0.005151328850420142]], "chi2_level": 0.95, "chi2_df": 3, "chi2_threshold": 7.814727903251179, "N_raw": 20, "N_roi": 20, "N_inlier": 20, "refit": true}
{"timestamp": "17:06:10.536520", "frame": 90, "mu": [0.527249009712766, 0.3677471640251178, 0.7625901386800423], "Sigma": [[2.950540267064522, 0.0849975782053432, -0.02311143074493028], [0.0849975782053432, 0.007756926910516648, -0.002283500925758358], [-0.02311143074493028, -0.002283500925758358, 0.0013207044582967487]], "chi2_level": 0.95, "chi2_df": 3, "chi2_threshold": 7.814727903251179, "N_raw": 15, "N_roi": 15, "N_inlier": 15, "refit": true}
{"timestamp": "17:06:10.592978", "frame": 91, "mu": [0.41629150964686723, 0.5046843068724677, 0.5765871309373631], "Sigma": [[4.73559799697984, 0.1435497765192143, -0.006872127701148138], [0.1435497765192143, 0.02175545404681211, -0.0017227532945397336], [-0.006872127701148145, -0.0017227532945397334, 0.0022577614871671027]], "chi2_level": 0.95, "chi2_df": 3, "chi2_threshold": 7.814727903251179, "N_raw": 15, "N_roi": 15, "N_inlier": 15, "refit": true}
