{"timestamp": "17:17:52.363059", "frame": 24, "mu": [-2.4340775105496237, 3.2723680085798623, 1.0922763489813023], "Sigma": [[0.00322085015494422, 0.002233837425916924, -0.0013244442648350399], [0.002233837425916924, 0.0030569303473161153, -0.0034345909760022204], [-0.0013244442648350399, -0.00343459097600222, 0.005356672624684111]], "chi2_level": 0.95, "chi2_df": 3, "chi2_threshold": 7.814727903251179, "N_raw": 25, "N_roi": 11, "N_inlier": 10, "refit": true}
{"timestamp": "17:17:52.420411", "frame": 25, "mu": [-2.3630792665217752, 3.25205860517137, 1.1153136108126966], "Sigma": [[0.007332577707062684, 0.0024160301022145073, -0.0029673378452431416], [0.0024160301022145073, 0.0031137020518255207, -0.005677470186507017], [-0.002967337845243141, -0.005677470186507017, 0.014415817457734672]], "chi2_level": 0.95, "chi2_df": 3, "chi2_threshold": 7.814727903251179, "N_raw": 39, "N_roi": 24, "N_inlier": 23, "refit": true}
{"timestamp": "17:17:52.479400", "frame": 26, "mu": [-2.3755235430453268, 3.303768022362897, 0.06478456703103366], "Sigma": [[0.0057588034351324915, 0.002384339005537785, -0.0015761867081872647], [0.002384339005537785, 0.007288368220364782, -0.004610193975507541], [-0.0015761867081872647, -0.004610193975507541, 0.004273301536193222]], "chi2_level": 0.95, "chi2_df": 3, "chi2_threshold": 7.814727903251179, "N_raw": 50, "N_roi": 25, "N_inlier": 23, "refit": true}
{"timestamp": "17:17:52.537153", "frame": 27, "mu": [-2.3237413302748915, 3.2305478320773, 1.1683148799196414], "Sigma": [[0.010599680860639468, 0.004373772665474014, -0.005094227064366391], [0.004373772665474014, 0.0066424323820697614, -0.007284981049508948], [-0.005094227064366391, -0.007284981049508949, 0.010229080103029827]], "chi2_level": 0.95, "chi2_df": 3, "chi2_threshold": 7.814727903251179, "N_raw": 68, "N_roi": 36, "N_inlier": 35, "refit": true}
{"timestamp": "17:17:52.591300", "frame": 28, "mu": [-2.282584759774528, 3.217176251792121, 1.2246761740279573], "Sigma": [[0.014586954465091668, 0.008157684215507369, -0.00953267162188573], [0.00815768421550737, 0.010889873083613959, -0.010838713674067727], [-0.00953267162188573, -0.010838713674067725, 0.012498835955320716]], "chi2_level": 0.95, "chi2_df": 3, "chi2_threshold": 7.814727903251179, "N_raw": 57, "N_roi": 43, "N_inlier": 43, "refit": true}
{"timestamp": "17:17:52.645692", "frame": 29, "mu": [-2.2595601161636445, 3.1758570575491745, 1.2270950732865644], "Sigma": [[0.0179533374536209, 0.00998392273845242, -0.010163405939842399], [0.00998392273845242, 0.008510152206340682, -0.009652536543814172], [-0.010163405939842399, -0.009652536543814172, 0.013256178495964492]], "chi2_level": 0.95, "chi2_df": 3, "chi2_threshold": 7.814727903251179, "N_raw": 56, "N_roi": 38, "N_inlier": 37, "refit": true}
{"timestamp": "17:17:52.696303", "frame": 30, "mu": [-2.2690237922743126, 3.139758692571784, 1.2854748689144206], "Sigma": [[0.01060664219647988, 0.008495314228479326, -0.012918071120524557], [0.008495314228479326, 0.008614640448266675, -0.014175589694185177], [-0.012918071120524557, -0.014175589694185177, 0.025422525776084004]], "chi2_level": 0.95, "chi2_df": 3, "chi2_threshold": 7.814727903251179, "N_raw": 25, "N_roi": 14, "N_inlier": 13, "refit": true}
{"timestamp": "17:17:52.810201", "frame": 32, "mu": [-2.140655426862163, 3.195988553439808, 0.1397219744979571], "Sigma": [[0.024594912280925696, 0.01558898407246601, -0.015571956230563507], [0.01558898407246601, 0.014017877464663356, -0.011012011173775375], [-0.015571956230563504, -0.011012011173775373, 0.01117957062788512]], "chi2_level": 0.95, "chi2_df": 3, "chi2_threshold": 7.814727903251179, "N_raw": 55, "N_roi": 44, "N_inlier": 43, "refit": true}
{"timestamp": "17:17:52.864112", "frame": 33, "mu": [-2.007252887099116, 3.2010582216116923, 1.3338344589328393], "Sigma": [[0.024025846726454584, 0.016681891929059913, -0.012666388996748431], [0.016681891929059913, 0.01404245247328167, -0.009564407076721694], [-0.012666388996748431, -0.009564407076721695, 0.008070318378108223]], "chi2_level": 0.95, "chi2_df": 3, "chi2_threshold": 7.814727903251179, "N_raw": 43, "N_roi": 37, "N_inlier": 35, "refit": true}
{"timestamp": "17:17:52.922464", "frame": 34, "mu": [-2.0726077707953614, 3.078205160256601, 1.2528999751698764], "Sigma": [[0.025044441558251654, 0.011530399924439699, -0.014725388426459977], [0.0115303999244397, 0.011738815473295578, -0.014954564119485491], [-0.014725388426459977, -0.014954564119485491, 0.021143558531027146]], "chi2_level": 0.95, "chi2_df": 3, "chi2_threshold": 7.814727903251179, "N_raw": 73, "N_roi": 73, "N_inlier": 71, "refit": true}
{"timestamp": "17:17:52.978617", "frame": 35, "mu": [-1.9881277474451167, 3.11048942634324, 1.1741240250458034], "Sigma": [[0.024193096025334124, 0.017582886634148323, -0.006559984398142526], [0.017582886634148323, 0.018661332932476668, -0.010397705057015334], [-0.006559984398142526, -0.010397705057015334, 0.024928270607605423]], "chi2_level": 0.95, "chi2_df": 3, "chi2_threshold": 7.814727903251179, "N_raw": 72, "N_roi": 70, "N_inlier": 68, "refit": true}
{"timestamp": "17:17:53.028567", "frame": 36, "mu": [-1.9548731266419563, 3.0789229278889434, 1.285802940570467], "Sigma": [[0.015133645097985584, 0.007631245883598665, -0.008545187264589593], [0.007631245883598665, 0.006999238292981232, -0.006826804808861414], [-0.008545187264589593, -0.006826804808861414, 0.008678953686531385]], "chi2_level": 0.95, "chi2_df": 3, "chi2_threshold": 7.814727903251179, "N_raw": 40, "N_roi": 38, "N_inlier": 37, "refit": true}
{"timestamp": "17:17:53.086901", "frame": 37, "mu": [-1.9900349594009754, 2.9531152195273442, 1.2178229784225363], "Sigma": [[0.02163379721837663, 0.00826065572472499, -0.010349387934969367], [0.00826065572472499, 0.009812285205670528, -0.008322144223731844], [-0.010349387934969367, -0.008322144223731844, 0.008768425116567969]], "chi2_level": 0.95, "chi2_df": 3, "chi2_threshold": 7.814727903251179, "N_raw": 63, "N_roi": 63, "N_inlier": 61, "refit": true}
{"timestamp": "17:17:53.142468", "frame": 38, "mu": [-1.8970694945767497, 2.9021896512844996, 1.1463912926785338], "Sigma": [[0.01689212947302866, 0.010472028099668273, -0.007450964875383958], [0.010472028099668275, 0.013706338320662528, -0.0048787015258441625], [-0.007450964875383958, -0.0048787015258441625, 0.004083239714929745]], "chi2_level": 0.95, "chi2_df": 3, "chi2_threshold": 7.814727903251179, "N_raw": 54, "N_roi": 51, "N_inlier": 50, "refit": true}
{"timestamp": "17:17:53.189571", "frame": 39, "mu": [-1.8847832585532978, 2.931343334379861, 1.2394533372863994], "Sigma": [[0.005436235732949082, 0.00380239118923136, -0.00635417083251621], [0.0038023911892313606, 0.00639286009780846, -0.012057342495368413], [-0.006354170832516209, -0.012057342495368412, 0.02714898202829156]], "chi2_level": 0.95, "chi2_df": 3, "chi2_threshold": 7.814727903251179, "N_raw": 19, "N_roi": 19, "N_inlier": 19, "refit": true}
{"timestamp": "17:17:53.251464", "frame": 40, "mu": [-1.9007311227374113, 2.8723443458768823, 1.2973672784812431], "Sigma": [[0.019109867542171702, 0.009835429977455712, -0.0058647828152429485], [0.009835429977455712, 0.01309430773460392, -0.010617832140966378], [-0.0058647828152429485, -0.010617832140966378, 0.010618244339649746]], "chi2_level": 0.95, "chi2_df": 3, "chi2_threshold": 7.814727903251179, "N_raw": 68, "N_roi": 68, "N_inlier": 67, "refit": true}
{"timestamp": "17:17:53.307129", "frame": 41, "mu": [-1.8816969112288215, 2.838781574224407, 1.2139062610082214], "Sigma": [[0.014472625299556644, 0.011601187209670093, -0.01242637166327364], [0.011601187209670093, 0.01954124999239666, -0.018729600133455745], [-0.01242637166327364, -0.018729600133455745, 0.019892808827506776]], "chi2_level": 0.95, "chi2_df": 3, "chi2_threshold": 7.814727903251179, "N_raw": 67, "N_roi": 67, "N_inlier": 66, "refit": true}
{"timestamp": "17:17:53.362195", "frame": 42, "mu": [-1.8537875167110534, 2.8113236752727597, 1.318092353616208], "Sigma": [[0.016543288536405774, 0.01182811615056877, -0.01254177116342131], [0.01182811615056877, 0.0270817953863603, -0.019571079221274996], [-0.012541771163421311, -0.019571079221274996, 0.01898786717198525]], "chi2_level": 0.95, "chi2_df": 3, "chi2_threshold": 7.814727903251179, "N_raw": 60, "N_roi": 59, "N_inlier": 57, "refit": true}
{"timestamp": "17:17:53.422993", "frame": 43, "mu": [-1.7235509316422182, 2.816829458499279, 1.128525037674216], "Sigma": [[0.022571968648012822, 0.006662090230088211, -0.030542331755193535], [0.006662090230088211, 0.03165317395535932, -0.01372127611974427], [-0.03054233175519354, -0.01372127611974427, 0.06330767908933876]], "chi2_level": 0.95, "chi2_df": 3, "chi2_threshold": 7.814727903251179, "N_raw": 104, "N_roi": 104, "N_inlier": 101, "refit": true}
{"timestamp": "17:17:53.477463", "frame": 44, "mu": [-1.7124093479677984, 2.789147250383879, -0.11509833040195791], "Sigma": [[0.016666826944879358, 0.01124555097085713, 0.062112786947874005], [0.01124555097085713, 0.028406721739332334, 0.07458324744591109], [0.062112786947874005, 0.07458324744591109, 0.5588691116148349]], "chi2_level": 0.95, "chi2_df": 3, "chi2_threshold": 7.814727903251179, "N_raw": 98, "N_roi": 96, "N_inlier": 93, "refit": true}
{"timestamp": "17:17:53.530112", "frame": 45, "mu": [-1.714851225940505, 2.8198165922345955, -0.44853527835772744], "Sigma": [[0.016159158581206878, 0.01731791344178598, 0.05170721925089031], [0.01731791344178598, 0.0515313365464243, 0.07475460079296671], [0.05170721925089031, 0.07475460079296671, 0.3764092477389505]], "chi2_level": 0.95, "chi2_df": 3, "chi2_threshold": 7.814727903251179, "N_raw": 83, "N_roi": 82, "N_inlier": 78, "refit": true}
{"timestamp": "17:17:53.584764", "frame": 46, "mu": [-1.6581091399069576, 2.7809605744119703, 1.229249739947266], "Sigma": [[0.015638483297007046, 0.011995484293229896, -0.016167531263519944], [0.011995484293229894, 0.027654201457476654, -0.026357549912014173], [-0.016167531263519948, -0.026357549912014173, 0.03495011739887713]], "chi2_level": 0.95, "chi2_df": 3, "chi2_threshold": 7.814727903251179, "N_raw": 71, "N_roi": 67, "N_inlier": 65, "refit": true}
{"timestamp": "17:17:53.634325", "frame": 47, "mu": [-1.6146307125441959, 2.6770956722710095, 1.1380917841192917], "Sigma": [[0.00970126081458085, 0.0030811707115718646, -0.01758522282667692], [0.0030811707115718646, 0.0026926764790956284, -0.010327022799112483], [-0.01758522282667692, -0.010327022799112483, 0.057614006142801995]], "chi2_level": 0.95, "chi2_df": 3, "chi2_threshold": 7.814727903251179, "N_raw": 46, "N_roi": 46, "N_inlier": 43, "refit": true}
{"timestamp": "17:17:53.696873", "frame": 48, "mu": [-1.524231588774713, 2.677590966209989, 1.1203643902006524], "Sigma": [[0.01845618614450623, 0.011680962201768539, -0.03244260664723381], [0.011680962201768539, 0.017462181875367987, -0.03657386280829718], [-0.03244260664723381, -0.03657386280829718, 0.14451424464274185]], "chi2_level": 0.95, "chi2_df": 3, "chi2_threshold": 7.814727903251179, "N_raw": 97, "N_roi": 97, "N_inlier": 94, "refit": true}
{"timestamp": "17:17:53.751267", "frame": 49, "mu": [-1.442165483811789, 2.7235196659265695, -0.42377926109619357], "Sigma": [[0.016695283157397392, 0.014411973839846656, 0.023564317611552567], [0.014411973839846656, 0.026581461986240146, 0.022086595166118883], [0.023564317611552567, 0.022086595166118883, 0.0731641421405545]], "chi2_level": 0.95, "chi2_df": 3, "chi2_threshold": 7.814727903251179, "N_raw": 84, "N_roi": 82, "N_inlier": 81, "refit": true}
{"timestamp": "17:17:53.805612", "frame": 50, "mu": [-1.5187879205560664, 2.5321642007870127, 1.354763139549564], "Sigma": [[0.018696085100243565, 0.010034394753182223, -0.0066508249834740735], [0.010034394753182223, 0.011705788628186909, -0.008818860007060066], [-0.0066508249834740735, -0.008818860007060066, 0.013811296087535738]], "chi2_level": 0.95, "chi2_df": 3, "chi2_threshold": 7.814727903251179, "N_raw": 80, "N_roi": 79, "N_inlier": 74, "refit": true}
{"timestamp": "17:17:53.860160", "frame": 51, "mu": [-1.4319890341770813, 2.644071174389077, -0.04306607547233088], "Sigma": [[0.015187905575116782, 0.003859214035399239, 0.03604018707060719], [0.003859214035399239, 0.01557800075017734, -0.001985288713495831], [0.03604018707060719, -0.001985288713495831, 0.19493481717803002]], "chi2_level": 0.95, "chi2_df": 3, "chi2_threshold": 7.814727903251179, "N_raw": 84, "N_roi": 84, "N_inlier": 81, "refit": true}
{"timestamp": "17:17:53.913404", "frame": 52, "mu": [-1.3930970193204, 2.553493322521067, 1.2699667497318363], "Sigma": [[0.01895963128104808, 0.005958882829013219, -0.010483507232003933], [0.005958882829013219, 0.005820125267818781, -0.007627141403332142], [-0.010483507232003933, -0.0076271414033321425, 0.012188015512415109]], "chi2_level": 0.95, "chi2_df": 3, "chi2_threshold": 7.814727903251179, "N_raw": 69, "N_roi": 68, "N_inlier": 64, "refit": true}
{"timestamp": "17:17:53.965502", "frame": 53, "mu": [-1.3336518144790421, 2.5369363205745223, 1.2462615909081856], "Sigma": [[0.012475263166479178, 0.004952310502656914, -0.01029978619451043], [0.004952310502656914, 0.00404860147921171, -0.007611670888202369], [-0.01029978619451043, -0.0076116708882023685, 0.017109389115613292]], "chi2_level": 0.95, "chi2_df": 3, "chi2_threshold": 7.814727903251179, "N_raw": 45, "N_roi": 45, "N_inlier": 40, "refit": true}
{"timestamp": "17:17:54.022883", "frame": 54, "mu": [-1.3381217042141502, 2.5146035429170746, -0.5463921852892638], "Sigma": [[0.017129171185964343, 0.011460521905642031, 0.018163131694129656], [0.011460521905642031, 0.01806454266709273, 0.018574789576788743], [0.018163131694129656, 0.018574789576788743, 0.05701985808757397]], "chi2_level": 0.95, "chi2_df": 3, "chi2_threshold": 7.814727903251179, "N_raw": 71, "N_roi": 71, "N_inlier": 68, "refit": true}
{"timestamp": "17:17:54.076883", "frame": 55, "mu": [-1.216740952633645, 2.610994218572148, -0.24066444225365555], "Sigma": [[0.05177229365411264, 0.029871131633520728, -0.05323834944884445], [0.029871131633520728, 0.024010156384598733, -0.04015425011086682], [-0.05323834944884445, -0.04015425011086682, 0.06988291604576856]], "chi2_level": 0.95, "chi2_df": 3, "chi2_threshold": 7.814727903251179, "N_raw": 59, "N_roi": 59, "N_inlier": 55, "refit": true}
{"timestamp": "17:17:54.135351", "frame": 56, "mu": [-1.224095825860309, 2.4348041434466436, 1.4555431234946161], "Sigma": [[0.020967232071711653, 0.004117628402002714, -0.002095916515441134], [0.004117628402002714, 0.00490593881575632, -0.007137610226977864], [-0.002095916515441134, -0.007137610226977864, 0.03319550872205225]], "chi2_level": 0.95, "chi2_df": 3, "chi2_threshold": 7.814727903251179, "N_raw": 85, "N_roi": 85, "N_inlier": 81, "refit": true}
{"timestamp": "17:17:54.190897", "frame": 57, "mu": [-1.1579916134000356, 2.39763459306077, 1.4363843369551506], "Sigma": [[0.02571042228480096, 0.008679681329584975, -0.019558389833993956], [0.008679681329584975, 0.007808663385343162, -0.01535248236920371], [-0.01955838983399396, -0.01535248236920371, 0.05559906522245332]], "chi2_level": 0.95, "chi2_df": 3, "chi2_threshold": 7.814727903251179, "N_raw": 81, "N_roi": 81, "N_inlier": 79, "refit": true}
{"timestamp": "17:17:54.242930", "frame": 58, "mu": [-1.0649327130161121, 2.3617337774277583, 1.5563443100992145], "Sigma": [[0.013111753239452177, 0.0058895351669764956, -0.003352969027278878], [0.0058895351669764956, 0.00882800971307962, -0.0012993532271416116], [-0.003352969027278878, -0.0012993532271416116, 0.001347174741621423]], "chi2_level": 0.95, "chi2_df": 3, "chi2_threshold": 7.814727903251179, "N_raw": 65, "N_roi": 65, "N_inlier": 59, "refit": true}
{"timestamp": "17:17:54.298934", "frame": 59, "mu": [-1.1353972112278437, 2.2923348071101928, 1.3921380337419595], "Sigma": [[0.01601086985074445, 0.0022215796113401083, -0.00878104708553041], [0.002221579611340108, 0.0029135270487518046, -0.008047540858250261], [-0.00878104708553041, -0.008047540858250263, 0.0288797463829506]], "chi2_level": 0.95, "chi2_df": 3, "chi2_threshold": 7.814727903251179, "N_raw": 73, "N_roi": 72, "N_inlier": 69, "refit": true}
{"timestamp": "17:17:54.357380", "frame": 60, "mu": [-0.9894835516861572, 2.314671410000122, 1.1551604593135774], "Sigma": [[0.025908527829238862, 0.012086425956495919, -0.024902555193644288], [0.01208642595649592, 0.00891753225542111, -0.01653440820147708], [-0.024902555193644288, -0.016534408201477082, 0.03606245798169051]], "chi2_level": 0.95, "chi2_df": 3, "chi2_threshold": 7.814727903251179, "N_raw": 92, "N_roi": 92, "N_inlier": 89, "refit": true}
{"timestamp": "17:17:54.408670", "frame": 61, "mu": [-0.8357601007595727, 2.386157688931316, 1.0457044474629615], "Sigma": [[0.028933808054095025, 0.015218636807274404, -0.021011981953917586], [0.015218636807274403, 0.012817137439506996, -0.017340473016181447], [-0.021011981953917586, -0.017340473016181447, 0.02701403248289283]], "chi2_level": 0.95, "chi2_df": 3, "chi2_threshold": 7.814727903251179, "N_raw": 70, "N_roi": 70, "N_inlier": 67, "refit": true}
{"timestamp": "17:17:54.462847", "frame": 62, "mu": [-0.9614605288100826, 2.3099482992677722, 1.0740729201960177], "Sigma": [[0.018951030285572056, 0.012631295910070036, -0.013086653337819092], [0.012631295910070036, 0.011313591939938574, -0.012713379469714294], [-0.013086653337819092, -0.012713379469714296, 0.020358520553693957]], "chi2_level": 0.95, "chi2_df": 3, "chi2_threshold": 7.814727903251179, "N_raw": 69, "N_roi": 69, "N_inlier": 63, "refit": true}
{"timestamp": "17:17:54.526993", "frame": 63, "mu": [-0.965910702373043, 2.2385915315536455, 1.2101339034372895], "Sigma": [[0.019601191464980253, 0.012293394660650611, -0.015541368263141533], [0.01229339466065061, 0.012163052334441028, -0.02348347354884412], [-0.015541368263141533, -0.02348347354884412, 0.06766400493065748]], "chi2_level": 0.95, "chi2_df": 3, "chi2_threshold": 7.814727903251179, "N_raw": 121, "N_roi": 121, "N_inlier": 115, "refit": true}
{"timestamp": "17:17:54.579809", "frame": 64, "mu": [-0.8695334803508667, 2.242113175658728, 1.223967277550575], "Sigma": [[0.01912362316353157, 0.014272975583745223, -0.01965207299026596], [0.014272975583745226, 0.01768334766759754, -0.025290811354301498], [-0.01965207299026596, -0.0252908113543015, 0.04726083893431461]], "chi2_level": 0.95, "chi2_df": 3, "chi2_threshold": 7.814727903251179, "N_raw": 105, "N_roi": 105, "N_inlier": 100, "refit": true}
{"timestamp": "17:17:54.633921", "frame": 65, "mu": [-0.8758243928863926, 2.1632792332732262, 1.2906097748863115], "Sigma": [[0.016468659435455796, 0.011361546577250163, -0.009590472477391091], [0.011361546577250163, 0.01595165368095111, -0.018755337164403377], [-0.009590472477391091, -0.018755337164403377, 0.03444801729723706]], "chi2_level": 0.95, "chi2_df": 3, "chi2_threshold": 7.814727903251179, "N_raw": 102, "N_roi": 102, "N_inlier": 98, "refit": true}
{"timestamp": "17:17:54.684283", "frame": 66, "mu": [-0.8534013385393775, 1.9369297011693585, 1.050881870794127], "Sigma": [[0.009324888807440245, -0.005243654356514726, -0.020108419513067], [-0.005243654356514726, 0.008001878302977848, 0.010017970459360202], [-0.020108419513067, 0.010017970459360202, 0.06319933135543496]], "chi2_level": 0.95, "chi2_df": 3, "chi2_threshold": 7.814727903251179, "N_raw": 74, "N_roi": 74, "N_inlier": 64, "refit": true}
{"timestamp": "17:17:54.746329", "frame": 67, "mu": [-0.8158997178374405, 2.088825428280909, 0.08417149707381821], "Sigma": [[0.013448128520118263, 0.001435447487929567, 0.04842789058049404], [0.0014354474879295664, 0.014425476698175647, 0.015141552043424928], [0.04842789058049404, 0.015141552043424926, 0.3940762307218792]], "chi2_level": 0.95, "chi2_df": 3, "chi2_threshold": 7.814727903251179, "N_raw": 124, "N_roi": 124, "N_inlier": 120, "refit": true}
{"timestamp": "17:17:54.802057", "frame": 68, "mu": [-0.7644611875968605, 1.9514651095147897, 1.1302992490538357], "Sigma": [[0.015212554850463597, -0.002998511318791649, -0.024114302913614646], [-0.002998511318791649, 0.015362853180601812, -0.002618990677922358], [-0.024114302913614646, -0.002618990677922358, 0.04896392402878297]], "chi2_level": 0.95, "chi2_df": 3, "chi2_threshold": 7.814727903251179, "N_raw": 127, "N_roi": 127, "N_inlier": 124, "refit": true}
{"timestamp": "17:17:54.848739", "frame": 69, "mu": [-0.7264179990603432, 1.942430695211739, 1.1196058036984682], "Sigma": [[0.010644585273167086, 0.00035203379709632587, -0.004976856187391152], [0.0003520337970963257, 0.007521650594884649, -0.0016879309628432032], [-0.004976856187391152, -0.001687930962843203, 0.0030790878599252164]], "chi2_level": 0.95, "chi2_df": 3, "chi2_threshold": 7.814727903251179, "N_raw": 73, "N_roi": 73, "N_inlier": 71, "refit": true}
{"timestamp": "17:17:54.908877", "frame": 70, "mu": [-0.6483927353338531, 1.912125561221468, 1.1054209781949416], "Sigma": [[0.015826071600769317, -0.0008402309415400818, -0.01725661276311443], [-0.000840230941540082, 0.01569839863581269, 0.005310396757161419], [-0.01725661276311443, 0.005310396757161419, 0.023347025241033346]], "chi2_level": 0.95, "chi2_df": 3, "chi2_threshold": 7.814727903251179, "N_raw": 109, "N_roi": 109, "N_inlier": 103, "refit": true}
{"timestamp": "17:17:54.959553", "frame": 71, "mu": [-0.6678465166741115, 1.9416199485349257, 1.2959093647069253], "Sigma": [[0.009862438957604544, 0.0005934345201076645, -0.01045105741555838], [0.0005934345201076644, 0.007130394335619725, -0.0044953558623484005], [-0.01045105741555838, -0.0044953558623484005, 0.016653142866678305]], "chi2_level": 0.95, "chi2_df": 3, "chi2_threshold": 7.814727903251179, "N_raw": 80, "N_roi": 80, "N_inlier": 76, "refit": true}
{"timestamp": "17:17:55.016316", "frame": 72, "mu": [-0.593175686723588, 1.9698051649204742, 1.190016661665031], "Sigma": [[0.00926349174877073, 0.002022353810050611, -0.009976857655432077], [0.002022353810050611, 0.0030285800941825163, -0.006409267233169822], [-0.009976857655432077, -0.006409267233169822, 0.036574441436748234]], "chi2_level": 0.95, "chi2_df": 3, "chi2_threshold": 7.814727903251179, "N_raw": 89, "N_roi": 88, "N_inlier": 82, "refit": true}
{"timestamp": "17:17:55.068461", "frame": 73, "mu": [-0.6123287968720986, 1.999771146483259, 1.4131404315782072], "Sigma": [[0.010288590939713725, 0.0031303989188736264, 0.0006151558683339494], [0.003130398918873627, 0.006914900273391225, 0.0005280786234171861], [0.0006151558683339495, 0.0005280786234171862, 0.0009318152607361435]], "chi2_level": 0.95, "chi2_df": 3, "chi2_threshold": 7.814727903251179, "N_raw": 73, "N_roi": 73, "N_inlier": 67, "refit": true}
{"timestamp": "17:17:55.128975", "frame": 74, "mu": [-0.5789483037439996, 2.050300315609778, -0.25633845817162415], "Sigma": [[0.01164945290808145, 0.0037028513770849996, 0.0023192948394300393], [0.0037028513770849996, 0.007208736177364548, -0.011873373432893606], [0.0023192948394300398, -0.01187337343289361, 0.037209725231868176]], "chi2_level": 0.95, "chi2_df": 3, "chi2_threshold": 7.814727903251179, "N_raw": 104, "N_roi": 104, "N_inlier": 98, "refit": true}
{"timestamp": "17:17:55.183815", "frame": 75, "mu": [-0.4391178116964978, 1.9608657971741548, 1.1562922225258014], "Sigma": [[0.034775896998860426, 0.006603960204524142, -0.03376852759858212], [0.006603960204524142, 0.0047595218208570135, -0.004147127910926073], [-0.03376852759858212, -0.004147127910926072, 0.12000449045593858]], "chi2_level": 0.95, "chi2_df": 3, "chi2_threshold": 7.814727903251179, "N_raw": 103, "N_roi": 101, "N_inlier": 96, "refit": true}
{"timestamp": "17:17:55.237799", "frame": 76, "mu": [-0.29967722174493305, 1.9534969413792815, -0.3007979487472477], "Sigma": [[0.03857221262292859, 0.010003972246839452, 0.10297023545917962], [0.010003972246839452, 0.00659496397555532, 0.012986174977184184], [0.10297023545917962, 0.012986174977184184, 0.6152073365126242]], "chi2_level": 0.95, "chi2_df": 3, "chi2_threshold": 7.814727903251179, "N_raw": 96, "N_roi": 96, "N_inlier": 93, "refit": true}
{"timestamp": "17:17:55.289392", "frame": 77, "mu": [-0.4421008869264127, 1.8396472867997602, 0.9463765145309281], "Sigma": [[0.03121282539644584, 0.008651945247579097, 0.007676217400652756], [0.008651945247579097, 0.008075981683271984, 0.004608523681981028], [0.007676217400652756, 0.004608523681981027, 0.04067024845293443]], "chi2_level": 0.95, "chi2_df": 3, "chi2_threshold": 7.814727903251179, "N_raw": 73, "N_roi": 73, "N_inlier": 68, "refit": true}
{"timestamp": "17:17:55.343329", "frame": 78, "mu": [-0.39504846788267034, 1.8061156902024245, 1.1890603643638802], "Sigma": [[0.012749185379518415, 0.004426360363273803, 0.015156501716057962], [0.004426360363273803, 0.004467634570110069, -0.003037781522327766], [0.015156501716057964, -0.003037781522327766, 0.08734529915861172]], "chi2_level": 0.95, "chi2_df": 3, "chi2_threshold": 7.814727903251179, "N_raw": 65, "N_roi": 65, "N_inlier": 58, "refit": true}
{"timestamp": "17:17:55.404314", "frame": 79, "mu": [-0.22501686424524744, 1.8142199325695065, 1.1562106051583874], "Sigma": [[0.05682969477269281, 0.008936726683278688, -0.02598870435212522], [0.008936726683278688, 0.004290366127888783, -0.00030128568410641414], [-0.02598870435212522, -0.0003012856841064143, 0.08777950507932568]], "chi2_level": 0.95, "chi2_df": 3, "chi2_threshold": 7.814727903251179, "N_raw": 114, "N_roi": 114, "N_inlier": 110, "refit": true}
{"timestamp": "17:17:55.452773", "frame": 80, "mu": [-0.18181499727204914, 1.771771004273496, 1.3239293888791497], "Sigma": [[0.021152893395720226, 0.004704496714498907, -0.03567350977733092], [0.004704496714498907, 0.004264016213151563, -0.006622786072989936], [-0.03567350977733092, -0.006622786072989936, 0.08471357430675436]], "chi2_level": 0.95, "chi2_df": 3, "chi2_threshold": 7.814727903251179, "N_raw": 61, "N_roi": 61, "N_inlier": 57, "refit": true}
{"timestamp": "17:17:55.520830", "frame": 81, "mu": [-0.22096666751444882, 1.9038118425802293, -0.29478590745847333], "Sigma": [[0.014172343014149102, 0.005097458630117679, 0.01498770660397452], [0.005097458630117679, 0.012614996103358691, -0.013200115814240005], [0.014987706603974518, -0.013200115814240004, 0.09003428622629354]], "chi2_level": 0.95, "chi2_df": 3, "chi2_threshold": 7.814727903251179, "N_raw": 146, "N_roi": 146, "N_inlier": 135, "refit": true}
{"timestamp": "17:17:55.574466", "frame": 82, "mu": [-0.1679035966642379, 1.7538419126335287, 1.1973805741862535], "Sigma": [[0.01707095669695027, 0.008046713104382007, -0.017568202300733426], [0.008046713104382007, 0.007813112588232458, -0.015070418758874242], [-0.017568202300733426, -0.015070418758874242, 0.04439132949193293]], "chi2_level": 0.95, "chi2_df": 3, "chi2_threshold": 7.814727903251179, "N_raw": 138, "N_roi": 137, "N_inlier": 132, "refit": true}
{"timestamp": "17:17:55.627235", "frame": 83, "mu": [-0.11798014481517057, 1.8220870315830535, -0.3036855700888935], "Sigma": [[0.019239338011020082, 0.01890373317863616, -0.002222994707530143], [0.01890373317863616, 0.02847017448848997, -0.013839054070210754], [-0.002222994707530143, -0.013839054070210754, 0.04754629586754578]], "chi2_level": 0.95, "chi2_df": 3, "chi2_threshold": 7.814727903251179, "N_raw": 120, "N_roi": 119, "N_inlier": 112, "refit": true}
{"timestamp": "17:17:55.691925", "frame": 84, "mu": [-0.22421653754368345, 1.6177242052876344, 1.297309028512058], "Sigma": [[0.010371372347723876, 0.004190793880474664, 0.012660368511429603], [0.004190793880474664, 0.005691172406250418, -0.0002429556347621378], [0.012660368511429603, -0.00024295563476213738, 0.08657645022868128]], "chi2_level": 0.95, "chi2_df": 3, "chi2_threshold": 7.814727903251179, "N_raw": 150, "N_roi": 150, "N_inlier": 140, "refit": true}
{"timestamp": "17:17:55.741374", "frame": 85, "mu": [-0.14239778882247647, 1.6204674496895666, 0.35351566588850547], "Sigma": [[0.009266761403648906, 0.0013637879644266332, 0.06565879514585712], [0.0013637879644266334, 0.006261759283130342, 0.0074495511155144864], [0.06565879514585712, 0.0074495511155144864, 0.8712617870380766]], "chi2_level": 0.95, "chi2_df": 3, "chi2_threshold": 7.814727903251179, "N_raw": 150, "N_roi": 150, "N_inlier": 147, "refit": true}
{"timestamp": "17:17:55.793704", "frame": 86, "mu": [-0.1639074099498606, 1.5798087552056683, 1.1409280731587441], "Sigma": [[0.010916017542330583, 0.004695996814181426, 0.01658939763318092], [0.004695996814181426, 0.006884138212264502, 0.001993688252086517], [0.01658939763318092, 0.001993688252086517, 0.46066953842407343]], "chi2_level": 0.95, "chi2_df": 3, "chi2_threshold": 7.814727903251179, "N_raw": 128, "N_roi": 126, "N_inlier": 124, "refit": true}
{"timestamp": "17:17:55.844588", "frame": 87, "mu": [-0.13218887625322492, 1.6139158960554607, -0.4887929942350463], "Sigma": [[0.0077893553359495585, 0.008725339704282683, -0.012340721525997283], [0.008725339704282683, 0.033312772765739476, -0.05539676515946183], [-0.012340721525997283, -0.05539676515946183, 0.4315269206082069]], "chi2_level": 0.95, "chi2_df": 3, "chi2_threshold": 7.814727903251179, "N_raw": 104, "N_roi": 104, "N_inlier": 99, "refit": true}
{"timestamp": "17:17:55.897900", "frame": 88, "mu": [-0.11963245381427838, 1.4754338173754558, 1.4892471630652067], "Sigma": [[0.007870021822118805, 0.002822806013319848, 0.007941886114559872], [0.002822806013319848, 0.005608903181473138, 0.0011034401852495059], [0.007941886114559872, 0.0011034401852495056, 0.027781993861529363]], "chi2_level": 0.95, "chi2_df": 3, "chi2_threshold": 7.814727903251179, "N_raw": 97, "N_roi": 97, "N_inlier": 92, "refit": true}
{"timestamp": "17:17:55.954484", "frame": 89, "mu": [-0.10438709265830694, 1.5240876475860943, -0.34665338355459646], "Sigma": [[0.006821513726827564, 0.005494721058384066, 0.002201434113490478], [0.005494721058384066, 0.015226544106431384, -0.008578659405713222], [0.002201434113490478, -0.008578659405713224, 0.06669911713276094]], "chi2_level": 0.95, "chi2_df": 3, "chi2_threshold": 7.814727903251179, "N_raw": 99, "N_roi": 99, "N_inlier": 95, "refit": true}
{"timestamp": "17:17:56.004566", "frame": 90, "mu": [-0.0780924863635764, 1.3999088699133284, -0.383845838488072], "Sigma": [[0.0058161983105402175, 0.005353870513530798, 0.022226727921892418], [0.005353870513530798, 0.0094537354738926, 0.025427238861898932], [0.022226727921892415, 0.025427238861898932, 0.11817340795844539]], "chi2_level": 0.95, "chi2_df": 3, "chi2_threshold": 7.814727903251179, "N_raw": 73, "N_roi": 72, "N_inlier": 65, "refit": true}
{"timestamp": "17:17:56.062661", "frame": 91, "mu": [-0.05938787638568302, 1.4539485266168088, -0.47922815866063084], "Sigma": [[0.006826240147081441, 0.0003845900536404809, 0.012890828038266858], [0.00038459005364048103, 0.011433164167288729, 0.009492816356822836], [0.012890828038266858, 0.009492816356822836, 0.047282225200599375]], "chi2_level": 0.95, "chi2_df": 3, "chi2_threshold": 7.814727903251179, "N_raw": 92, "N_roi": 91, "N_inlier": 84, "refit": true}
{"timestamp": "17:17:56.117921", "frame": 92, "mu": [-0.07216854970753547, 1.352135810580772, 0.9575001692079987], "Sigma": [[0.008115927431126928, -0.009329574034316956, 0.022675332278960326], [-0.009329574034316956, 0.01967391315621432, -0.06832877149117711], [0.022675332278960326, -0.06832877149117711, 0.2960083037749726]], "chi2_level": 0.95, "chi2_df": 3, "chi2_threshold": 7.814727903251179, "N_raw": 93, "N_roi": 93, "N_inlier": 87, "refit": true}
{"timestamp": "17:17:56.172904", "frame": 93, "mu": [0.0434154654463749, 1.5116001417504192, -0.14602076139762268], "Sigma": [[0.006359847801844159, 0.00046508734282088896, 0.0010041790734780576], [0.0004650873428208892, 0.007192053472163932, -0.0043029717343669605], [0.0010041790734780578, -0.0043029717343669605, 0.0043498636422396745]], "chi2_level": 0.95, "chi2_df": 3, "chi2_threshold": 7.814727903251179, "N_raw": 96, "N_roi": 96, "N_inlier": 89, "refit": true}
{"timestamp": "17:17:56.223289", "frame": 94, "mu": [0.09803635283615807, 1.338156889288993, 1.3858366357643055], "Sigma": [[0.004666665228602173, 0.004176628619581319, 0.0028266059680131243], [0.004176628619581319, 0.006263253015785289, 0.002612938403600613], [0.0028266059680131243, 0.0026129384036006125, 0.010948192504345141]], "chi2_level": 0.95, "chi2_df": 3, "chi2_threshold": 7.814727903251179, "N_raw": 60, "N_roi": 60, "N_inlier": 54, "refit": true}
{"timestamp": "17:17:56.283974", "frame": 95, "mu": [0.12642950311107423, 1.4361258289644787, -0.18001562286718317], "Sigma": [[0.008982987408063952, 0.004019036279663046, 0.01267003138823898], [0.004019036279663046, 0.010716292019171576, 0.007203076491105693], [0.01267003138823898, 0.007203076491105692, 0.030819946737719588]], "chi2_level": 0.95, "chi2_df": 3, "chi2_threshold": 7.814727903251179, "N_raw": 113, "N_roi": 113, "N_inlier": 109, "refit": true}
{"timestamp": "17:17:56.344964", "frame": 96, "mu": [0.1666066124304436, 1.4765682926404495, -0.47477540397678664], "Sigma": [[0.015209026518511594, -0.012642839866081139, 0.04472411253393038], [-0.012642839866081139, 0.024346072643788488, -0.07607123280196544], [0.04472411253393038, -0.07607123280196544, 0.34761741008636515]], "chi2_level": 0.95, "chi2_df": 3, "chi2_threshold": 7.814727903251179, "N_raw": 137, "N_roi": 137, "N_inlier": 136, "refit": true}
{"timestamp": "17:17:56.393217", "frame": 97, "mu": [0.3638427517462454, 1.3357915554082693, 0.1648447328937562], "Sigma": [[0.024721001261134898, 0.001315477998567306, 0.04854883573070674], [0.001315477998567306, 0.004228640687047474, -0.0007857150300511179], [0.04854883573070674, -0.0007857150300511178, 0.12311934526307207]], "chi2_level": 0.95, "chi2_df": 3, "chi2_threshold": 7.814727903251179, "N_raw": 96, "N_roi": 96, "N_inlier": 84, "refit": true}
{"timestamp": "17:17:56.453993", "frame": 98, "mu": [0.3119560082530692, 1.4826953898700383, -0.6822137122187971], "Sigma": [[0.04594487836084099, -0.007311972650845891, 0.02085295842296466], [-0.007311972650845891, 0.02440371344639097, -0.08181053909834198], [0.020852958422964668, -0.08181053909834198, 0.31913090478054723]], "chi2_level": 0.95, "chi2_df": 3, "chi2_threshold": 7.814727903251179, "N_raw": 130, "N_roi": 130, "N_inlier": 129, "refit": true}
{"timestamp": "17:17:56.502779", "frame": 99, "mu": [0.2652896408629447, 1.263012616390969, 1.2732081814622143], "Sigma": [[0.007007383974062303, 0.0014531192671343096, 0.021143585037985576], [0.0014531192671343096, 0.005883768990692811, 0.004020040601278918], [0.021143585037985576, 0.004020040601278918, 0.14172272476645928]], "chi2_level": 0.95, "chi2_df": 3, "chi2_threshold": 7.814727903251179, "N_raw": 84, "N_roi": 84, "N_inlier": 77, "refit": true}
{"timestamp": "17:17:56.710682", "frame": 100, "mu": [0.3548769015695277, 1.2019239431122668, 1.088369456880303], "Sigma": [[0.054250172384859616, -0.006372084717524553, -0.03422487692980397], [-0.006372084717524554, 0.0038226264895305766, 0.011501102318923822], [-0.03422487692980397, 0.011501102318923822, 0.06936516710467487]], "chi2_level": 0.95, "chi2_df": 3, "chi2_threshold": 7.814727903251179, "N_raw": 61, "N_roi": 61, "N_inlier": 58, "refit": true}
{"timestamp": "17:17:56.715222", "frame": 101, "mu": [0.5174278266285448, 1.3503989993932777, -0.31938140781674307], "Sigma": [[0.023864883408981, 0.012820026984055296, -0.035633303285741935], [0.012820026984055296, 0.013028938951303502, -0.02509524054590729], [-0.035633303285741935, -0.02509524054590729, 0.06348744445135575]], "chi2_level": 0.95, "chi2_df": 3, "chi2_threshold": 7.814727903251179, "N_raw": 126, "N_roi": 126, "N_inlier": 121, "refit": true}
{"timestamp": "17:17:56.743533", "frame": 102, "mu": [0.578211010200781, 1.1454538392878135, 1.3181917575895938], "Sigma": [[0.03572878343843966, 0.0051715354902670515, -0.045649435919573995], [0.0051715354902670515, 0.004721128222794343, -0.011286657401863475], [-0.045649435919574, -0.011286657401863477, 0.08113919104950246]], "chi2_level": 0.95, "chi2_df": 3, "chi2_threshold": 7.814727903251179, "N_raw": 79, "N_roi": 79, "N_inlier": 73, "refit": true}
{"timestamp": "17:17:56.775921", "frame": 103, "mu": [0.5323610048693119, 1.1393028411887045, 1.3298871625473567], "Sigma": [[0.031610633911753075, 0.0033706992805619526, -0.04506634868984437], [0.0033706992805619526, 0.0041159567030400164, -0.009233062202816254], [-0.04506634868984437, -0.009233062202816254, 0.07167857714351666]], "chi2_level": 0.95, "chi2_df": 3, "chi2_threshold": 7.814727903251179, "N_raw": 130, "N_roi": 130, "N_inlier": 122, "refit": true}
{"timestamp": "17:17:56.936512", "frame": 104, "mu": [0.4769607958477228, 1.1008662365160644, 1.3740206682396328], "Sigma": [[0.03136928315227103, 0.001983990701047862, -0.03311871662397606], [0.0019839907010478623, 0.004927870176084523, -0.009747520570246667], [-0.03311871662397606, -0.009747520570246667, 0.048998042895183745]], "chi2_level": 0.95, "chi2_df": 3, "chi2_threshold": 7.814727903251179, "N_raw": 75, "N_roi": 75, "N_inlier": 70, "refit": true}
{"timestamp": "17:17:56.960169", "frame": 105, "mu": [0.46119999539379436, 1.0164228841170433, 1.4339437486566846], "Sigma": [[0.0025947477352810154, -4.433179742699311e-05, 0.0036885135575161765], [-4.4331797426993205e-05, 0.001775659298560573, -0.0020971509885133015], [0.0036885135575161765, -0.0020971509885133015, 0.030744673756058383]], "chi2_level": 0.95, "chi2_df": 3, "chi2_threshold": 7.814727903251179, "N_raw": 78, "N_roi": 78, "N_inlier": 70, "refit": true}
{"timestamp": "17:17:56.992900", "frame": 106, "mu": [0.4846065282075202, 0.9775433780239388, 1.4442652913348337], "Sigma": [[0.0031931227399443055, 0.0009191152260210704, 0.0010031658614863591], [0.0009191152260210704, 0.0035092931725223663, -0.004068421849775848], [0.0010031658614863591, -0.004068421849775848, 0.02182924818642817]], "chi2_level": 0.95, "chi2_df": 3, "chi2_threshold": 7.814727903251179, "N_raw": 90, "N_roi": 90, "N_inlier": 85, "refit": true}
{"timestamp": "17:17:57.023891", "frame": 107, "mu": [0.48907894806317675, 0.9531914062088075, 1.4687838028387903], "Sigma": [[0.0036563153749282515, 0.0012494430075812488, 0.002899104449622787], [0.0012494430075812488, 0.0031520707261286198, -0.0020848910802662448], [0.002899104449622787, -0.0020848910802662448, 0.020246670985829485]], "chi2_level": 0.95, "chi2_df": 3, "chi2_threshold": 7.814727903251179, "N_raw": 87, "N_roi": 87, "N_inlier": 83, "refit": true}
{"timestamp": "17:17:57.082579", "frame": 109, "mu": [0.5301636403792015, 0.8418016380363732, 1.4006315786025687], "Sigma": [[0.007038685065716181, 0.006925453820156883, 0.002712743926135637], [0.006925453820156883, 0.008238661047039254, 0.004153765052030965], [0.002712743926135637, 0.004153765052030965, 0.010055205358037738]], "chi2_level": 0.95, "chi2_df": 3, "chi2_threshold": 7.814727903251179, "N_raw": 44, "N_roi": 44, "N_inlier": 42, "refit": true}
{"timestamp": "17:17:57.113479", "frame": 110, "mu": [0.5389653227084172, 0.8836672519718022, -0.5413022094183315], "Sigma": [[0.004150128659273212, 0.005328108594301545, 0.0048404395251078584], [0.005328108594301545, 0.010088347636787778, 0.005548538568895881], [0.0048404395251078584, 0.005548538568895881, 0.033811904804187554]], "chi2_level": 0.95, "chi2_df": 3, "chi2_threshold": 7.814727903251179, "N_raw": 85, "N_roi": 85, "N_inlier": 82, "refit": true}
{"timestamp": "17:17:57.152620", "frame": 111, "mu": [0.5277036993812421, 0.6870117418339379, 1.3158703784349683], "Sigma": [[0.0018400807035015604, -0.0007769760708694134, -0.000864104402522767], [-0.0007769760708694134, 0.0018260995059716193, -0.00021363004991238374], [-0.000864104402522767, -0.00021363004991238377, 0.0007742441013074527]], "chi2_level": 0.95, "chi2_df": 3, "chi2_threshold": 7.814727903251179, "N_raw": 29, "N_roi": 29, "N_inlier": 25, "refit": true}
