{"timestamp": "17:11:52.354623", "frame": 1, "mu": [1.1419613632406476, 1.8071299942269154, 1.1574050741716175], "Sigma": [[0.010724416145940564, -0.002654331000374948, -0.004709405576051861], [-0.0026543310003749486, 0.0032967258135388625, -0.00805203240659663], [-0.0047094055760518614, -0.00805203240659663, 0.08201811029172713]], "chi2_level": 0.95, "chi2_df": 3, "chi2_threshold": 7.814727903251179, "N_raw": 112, "N_roi": 112, "N_inlier": 108, "refit": true}
{"timestamp": "17:11:52.414588", "frame": 2, "mu": [1.133256917709833, 1.7411748464042651, 1.2214631701149494], "Sigma": [[0.014218145007184626, -0.004447104978306077, -0.018813307813474327], [-0.004447104978306077, 0.0057132786804506485, 0.004021174686209711], [-0.018813307813474327, 0.004021174686209711, 0.08068591322363071]], "chi2_level": 0.95, "chi2_df": 3, "chi2_threshold": 7.814727903251179, "N_raw": 116, "N_roi": 116, "N_inlier": 113, "refit": true}
{"timestamp": "17:11:52.468389", "frame": 3, "mu": [1.1131875129791964, 1.6929802592043037, 1.18070252659465], "Sigma": [[0.014851691929780345, -0.00427699580311898, -0.02337996737400453], [-0.00427699580311898, 0.0043630002606570234, 0.000744339464046391], [-0.02337996737400453, 0.0007443394640463904, 0.07987503489216899]], "chi2_level": 0.95, "chi2_df": 3, "chi2_threshold": 7.814727903251179, "N_raw": 117, "N_roi": 117, "N_inlier": 114, "refit": true}
{"timestamp": "17:11:52.524014", "frame": 4, "mu": [1.031257136168006, 1.679640477774865, 1.1532226151268425], "Sigma": [[0.011019711946939903, -0.004983146130671614, -0.008109062036290436], [-0.004983146130671615, 0.005160088298001663, -0.003849537292117322], [-0.008109062036290436, -0.0038495372921173226, 0.06121103833219355]], "chi2_level": 0.95, "chi2_df": 3, "chi2_threshold": 7.814727903251179, "N_raw": 114, "N_roi": 114, "N_inlier": 110, "refit": true}
{"timestamp": "17:11:52.581127", "frame": 5, "mu": [1.0094594222717401, 1.61516271635809, 1.2228742844687273], "Sigma": [[0.014980798394095857, -0.0060929098257190804, -0.02207668132054265], [-0.0060929098257190804, 0.008029436965940733, 0.001935836382290193], [-0.02207668132054265, 0.0019358363822901928, 0.06097919330524443]], "chi2_level": 0.95, "chi2_df": 3, "chi2_threshold": 7.814727903251179, "N_raw": 130, "N_roi": 129, "N_inlier": 124, "refit": true}
{"timestamp": "17:11:52.633784", "frame": 6, "mu": [0.9370527248987753, 1.6608369381612178, 0.36061320618463166], "Sigma": [[0.015727906360199457, -0.006095992501557165, 0.04634128879862108], [-0.006095992501557165, 0.01759647267220916, -0.08209561856782921], [0.04634128879862108, -0.08209561856782921, 0.527931548703063]], "chi2_level": 0.95, "chi2_df": 3, "chi2_threshold": 7.814727903251179, "N_raw": 115, "N_roi": 115, "N_inlier": 113, "refit": true}
{"timestamp": "17:11:52.691312", "frame": 7, "mu": [0.9165688258030152, 1.5522730264800277, 1.2130909275495398], "Sigma": [[0.019802311682951126, -0.011220285011487155, -0.03803732862016174], [-0.011220285011487155, 0.01042940862148375, 0.02092675365626943], [-0.03803732862016174, 0.02092675365626943, 0.09519894122405101]], "chi2_level": 0.95, "chi2_df": 3, "chi2_threshold": 7.814727903251179, "N_raw": 126, "N_roi": 123, "N_inlier": 115, "refit": true}
{"timestamp": "17:11:52.743535", "frame": 8, "mu": [0.8527895285608653, 1.5267263368594555, 1.3232684056078907], "Sigma": [[0.01626625853365505, -0.006592626923289638, -0.02854818314341029], [-0.006592626923289639, 0.006078865706906093, 0.011303336233672846], [-0.02854818314341029, 0.011303336233672849, 0.07212772712971352]], "chi2_level": 0.95, "chi2_df": 3, "chi2_threshold": 7.814727903251179, "N_raw": 113, "N_roi": 113, "N_inlier": 107, "refit": true}
{"timestamp": "17:11:52.803083", "frame": 9, "mu": [0.8849947185335315, 1.4540654324558728, 1.2095799497331248], "Sigma": [[0.02020342312740911, -0.007249326843387271, -0.02942678255723026], [-0.007249326843387272, 0.00598891694302673, 0.007278744277295338], [-0.02942678255723026, 0.007278744277295338, 0.06843239388604223]], "chi2_level": 0.95, "chi2_df": 3, "chi2_threshold": 7.814727903251179, "N_raw": 142, "N_roi": 142, "N_inlier": 137, "refit": true}
{"timestamp": "17:11:52.856692", "frame": 10, "mu": [0.7924585442934964, 1.4397379915942539, 1.219076019904586], "Sigma": [[0.02357478568340568, -0.01188410657764203, -0.03671458969026311], [-0.01188410657764203, 0.008413328672311784, 0.014874150941297732], [-0.036714589690263116, 0.014874150941297732, 0.07081587348387963]], "chi2_level": 0.95, "chi2_df": 3, "chi2_threshold": 7.814727903251179, "N_raw": 131, "N_roi": 131, "N_inlier": 117, "refit": true}
{"timestamp": "17:11:52.906563", "frame": 11, "mu": [0.6578003101240695, 1.4708750228001346, 1.2975622733148733], "Sigma": [[0.030951058065083706, -0.02010014334489706, -0.00753945160132709], [-0.02010014334489706, 0.01689930435992764, -0.004232891979144996], [-0.007539451601327088, -0.004232891979144996, 0.061347298930081326]], "chi2_level": 0.95, "chi2_df": 3, "chi2_threshold": 7.814727903251179, "N_raw": 102, "N_roi": 101, "N_inlier": 96, "refit": true}
{"timestamp": "17:11:52.963634", "frame": 12, "mu": [0.5923917718495221, 1.4619473165448924, 1.2456688725400207], "Sigma": [[0.028221414522684042, -0.019626865731789466, 0.0031160926046257943], [-0.019626865731789466, 0.01598442976379965, -0.008235885269632032], [0.0031160926046257947, -0.008235885269632032, 0.0293982622684607]], "chi2_level": 0.95, "chi2_df": 3, "chi2_threshold": 7.814727903251179, "N_raw": 116, "N_roi": 116, "N_inlier": 110, "refit": true}
{"timestamp": "17:11:53.020638", "frame": 13, "mu": [0.5264709481876715, 1.4463293484472601, 1.3108658947496612], "Sigma": [[0.036065250729327335, -0.026980486332779982, -0.004441290814327586], [-0.026980486332779982, 0.024719582846339096, -0.006246919012223559], [-0.004441290814327587, -0.006246919012223559, 0.037299930863310266]], "chi2_level": 0.95, "chi2_df": 3, "chi2_threshold": 7.814727903251179, "N_raw": 129, "N_roi": 129, "N_inlier": 121, "refit": true}
{"timestamp": "17:11:53.070553", "frame": 14, "mu": [0.5335210596172135, 1.340723131489773, 1.3944944869950675], "Sigma": [[0.028558298773421056, -0.017364093420220005, -0.03799595184364123], [-0.017364093420220005, 0.014849781494140539, 0.02323846042748091], [-0.03799595184364123, 0.02323846042748091, 0.05252255988749549]], "chi2_level": 0.95, "chi2_df": 3, "chi2_threshold": 7.814727903251179, "N_raw": 93, "N_roi": 93, "N_inlier": 87, "refit": true}
{"timestamp": "17:11:53.126355", "frame": 15, "mu": [0.509171132364318, 1.2596118097897424, 1.264476982177649], "Sigma": [[0.017282071286471856, -0.014522512714381076, -0.0259049610910511], [-0.014522512714381075, 0.01576455499380412, 0.01830505359753428], [-0.0259049610910511, 0.01830505359753428, 0.06620023790292237]], "chi2_level": 0.95, "chi2_df": 3, "chi2_threshold": 7.814727903251179, "N_raw": 103, "N_roi": 102, "N_inlier": 96, "refit": true}
{"timestamp": "17:11:53.188151", "frame": 16, "mu": [0.3651928204615873, 1.3334181015030608, 1.3865157295983837], "Sigma": [[0.01135613160820089, -0.01049950083740761, -0.02113005245761396], [-0.010499500837407607, 0.018094381988494092, 0.017538039114689527], [-0.02113005245761396, 0.017538039114689527, 0.06176025878707668]], "chi2_level": 0.95, "chi2_df": 3, "chi2_threshold": 7.814727903251179, "N_raw": 150, "N_roi": 150, "N_inlier": 146, "refit": true}
{"timestamp": "17:11:53.237476", "frame": 17, "mu": [0.2831418425943669, 1.3381476206939948, 1.5177866498628565], "Sigma": [[0.0059124519158846025, -0.0040947740628401435, -0.009934104371351123], [-0.0040947740628401435, 0.013977997072160034, 0.009967378338501767], [-0.009934104371351123, 0.009967378338501767, 0.0287194030614863]], "chi2_level": 0.95, "chi2_df": 3, "chi2_threshold": 7.814727903251179, "N_raw": 108, "N_roi": 105, "N_inlier": 96, "refit": true}
{"timestamp": "17:11:53.292296", "frame": 18, "mu": [0.21680989735625023, 1.3850475995953213, -0.15142031067452486], "Sigma": [[0.005662183889603171, -0.002530483378401478, -0.007367035608834891], [-0.002530483378401478, 0.01352073512216873, 0.010961030451978741], [-0.007367035608834892, 0.010961030451978743, 0.02333447714765947]], "chi2_level": 0.95, "chi2_df": 3, "chi2_threshold": 7.814727903251179, "N_raw": 109, "N_roi": 107, "N_inlier": 104, "refit": true}
{"timestamp": "17:11:53.344950", "frame": 19, "mu": [0.12934609090505095, 1.3363828644640423, 1.6308637348923212], "Sigma": [[0.004597523626626315, -0.0014231144126015936, -0.0032155413137285893], [-0.0014231144126015936, 0.014539588856215608, 0.009645921495135094], [-0.0032155413137285893, 0.009645921495135094, 0.010164905722914218]], "chi2_level": 0.95, "chi2_df": 3, "chi2_threshold": 7.814727903251179, "N_raw": 88, "N_roi": 88, "N_inlier": 84, "refit": true}
{"timestamp": "17:11:53.401106", "frame": 20, "mu": [0.05682862535699854, 1.4067011149564903, 0.46937874225331594], "Sigma": [[0.004117331213495734, -0.0002027650831295074, 0.042329811615830576], [-0.00020276508312950733, 0.010877641191335491, -0.004127888699177631], [0.042329811615830576, -0.004127888699177629, 0.6184657355165445]], "chi2_level": 0.95, "chi2_df": 3, "chi2_threshold": 7.814727903251179, "N_raw": 99, "N_roi": 95, "N_inlier": 90, "refit": true}
{"timestamp": "17:11:53.452191", "frame": 21, "mu": [-0.01475372080604528, 1.294004079897198, 1.553443895693269], "Sigma": [[0.0029737492385458835, -0.001383637638382429, -0.0005864396227239164], [-0.001383637638382429, 0.013907378136050213, 0.008581818127905167], [-0.0005864396227239164, 0.008581818127905167, 0.006939898197498558]], "chi2_level": 0.95, "chi2_df": 3, "chi2_threshold": 7.814727903251179, "N_raw": 73, "N_roi": 70, "N_inlier": 65, "refit": true}
{"timestamp": "17:11:53.509468", "frame": 22, "mu": [-0.06721711262609721, 1.3895934527512617, 0.3276174865650793], "Sigma": [[0.003785518747857405, 0.00014901959751685388, 0.027181697529231205], [0.00014901959751685378, 0.01091580492013536, 0.007557214752670327], [0.027181697529231205, 0.007557214752670327, 0.4476321549016918]], "chi2_level": 0.95, "chi2_df": 3, "chi2_threshold": 7.814727903251179, "N_raw": 89, "N_roi": 89, "N_inlier": 87, "refit": true}
{"timestamp": "17:11:53.564284", "frame": 23, "mu": [-0.1616342778710467, 1.4024738235522514, 1.6261559732141389], "Sigma": [[0.005123309734419656, -0.0013947613152356128, -8.493370757877084e-05], [-0.0013947613152356128, 0.007430070537198683, -0.004210052622100364], [-8.493370757877084e-05, -0.004210052622100364, 0.004627281438034667]], "chi2_level": 0.95, "chi2_df": 3, "chi2_threshold": 7.814727903251179, "N_raw": 89, "N_roi": 89, "N_inlier": 84, "refit": true}
{"timestamp": "17:11:53.617961", "frame": 24, "mu": [-0.21850334277126798, 1.368741534696827, 1.5509288350070976], "Sigma": [[0.00470319188012801, -0.001816766662361521, -0.0011592588592665293], [-0.001816766662361521, 0.010154236913307123, 0.0001478055852817861], [-0.0011592588592665293, 0.00014780558528178613, 0.0024525785512466217]], "chi2_level": 0.95, "chi2_df": 3, "chi2_threshold": 7.814727903251179, "N_raw": 83, "N_roi": 82, "N_inlier": 79, "refit": true}
{"timestamp": "17:11:53.671840", "frame": 25, "mu": [-0.32142857996960694, 1.3655999783041701, 1.64031490524658], "Sigma": [[0.0034777132301112377, -0.000720344163745876, -0.002504593402301413], [-0.000720344163745876, 0.007305505191503763, -0.001364233011846772], [-0.0025045934023014125, -0.001364233011846772, 0.0036963104020382408]], "chi2_level": 0.95, "chi2_df": 3, "chi2_threshold": 7.814727903251179, "N_raw": 76, "N_roi": 76, "N_inlier": 71, "refit": true}
{"timestamp": "17:11:53.731529", "frame": 26, "mu": [-0.3721522534356435, 1.4265570136755819, -0.12865943807989783], "Sigma": [[0.004190137412113669, 0.0020186452987901336, -0.0022124356152386365], [0.0020186452987901336, 0.01220212377031164, -0.0003717166932059867], [-0.0022124356152386365, -0.00037171669320598693, 0.01465221917913329]], "chi2_level": 0.95, "chi2_df": 3, "chi2_threshold": 7.814727903251179, "N_raw": 109, "N_roi": 109, "N_inlier": 96, "refit": true}
{"timestamp": "17:11:53.786644", "frame": 27, "mu": [-0.4539058149945317, 1.4005848130147887, -0.13899972350040157], "Sigma": [[0.005571629870860272, 0.0017792301726791116, -0.002516376669690105], [0.0017792301726791118, 0.012301459991462252, 0.003709808457786506], [-0.002516376669690105, 0.003709808457786506, 0.006601990045625456]], "chi2_level": 0.95, "chi2_df": 3, "chi2_threshold": 7.814727903251179, "N_raw": 101, "N_roi": 101, "N_inlier": 97, "refit": true}
{"timestamp": "17:11:53.841826", "frame": 28, "mu": [-0.49467077864303594, 1.3793633778620327, 0.14684386314916675], "Sigma": [[0.006407955028883235, -0.0015875465454526715, 0.021107254382946913], [-0.0015875465454526715, 0.00842389599451251, -0.013789176262772372], [0.021107254382946916, -0.01378917626277237, 0.26661083896907584]], "chi2_level": 0.95, "chi2_df": 3, "chi2_threshold": 7.814727903251179, "N_raw": 102, "N_roi": 102, "N_inlier": 101, "refit": true}
{"timestamp": "17:11:53.896275", "frame": 29, "mu": [-0.5469855368676797, 1.422294052428851, 1.361113521748231], "Sigma": [[0.00448212014142712, 0.0009673397901291496, -0.009154288597954842], [0.0009673397901291496, 0.002989403644065877, -0.004747781999303508], [-0.009154288597954842, -0.004747781999303509, 0.09040139471305425]], "chi2_level": 0.95, "chi2_df": 3, "chi2_threshold": 7.814727903251179, "N_raw": 95, "N_roi": 92, "N_inlier": 88, "refit": true}
{"timestamp": "17:11:53.951642", "frame": 30, "mu": [-0.690532148307775, 1.3555494751523443, 1.4441732730864003], "Sigma": [[0.006516696148339767, 0.0005851662584805323, -0.016904491042175975], [0.0005851662584805323, 0.007181640785525216, 0.013509501572848599], [-0.016904491042175975, 0.013509501572848599, 0.16076667822018983]], "chi2_level": 0.95, "chi2_df": 3, "chi2_threshold": 7.814727903251179, "N_raw": 103, "N_roi": 103, "N_inlier": 100, "refit": true}
{"timestamp": "17:11:54.008118", "frame": 31, "mu": [-0.731990722129071, 1.5106163117819669, -0.33001408557675016], "Sigma": [[0.016254690043231976, 0.015760491744726362, -0.04615608120508892], [0.015760491744726365, 0.025703721238179898, -0.060756368688701046], [-0.04615608120508892, -0.060756368688701046, 0.18167602859455742]], "chi2_level": 0.95, "chi2_df": 3, "chi2_threshold": 7.814727903251179, "N_raw": 109, "N_roi": 109, "N_inlier": 106, "refit": true}
{"timestamp": "17:11:54.063397", "frame": 32, "mu": [-0.785138931495179, 1.4396201759353817, 1.3069973955748768], "Sigma": [[0.015609598788138878, 0.0008145639878478211, -0.049810746430569985], [0.000814563987847821, 0.010693651061761525, -0.019776299077565094], [-0.049810746430569985, -0.019776299077565094, 0.3370259143998016]], "chi2_level": 0.95, "chi2_df": 3, "chi2_threshold": 7.814727903251179, "N_raw": 107, "N_roi": 107, "N_inlier": 98, "refit": true}
{"timestamp": "17:11:54.120094", "frame": 33, "mu": [-0.8049986943489552, 1.4488967843805465, 1.16469215423676], "Sigma": [[0.012851850107681367, 0.0014260122209625657, -0.04946087239756436], [0.0014260122209625663, 0.0064406407646516685, -0.019132670880548472], [-0.04946087239756436, -0.019132670880548472, 0.3520810247453568]], "chi2_level": 0.95, "chi2_df": 3, "chi2_threshold": 7.814727903251179, "N_raw": 122, "N_roi": 122, "N_inlier": 110, "refit": true}
{"timestamp": "17:11:54.172383", "frame": 34, "mu": [-0.9001511702262458, 1.4950333809475091, 1.2631111043233105], "Sigma": [[0.006692087452114457, 0.0009916199665831685, -0.020099502840673834], [0.0009916199665831685, 0.00515136817716987, -0.029777330282908812], [-0.020099502840673834, -0.029777330282908812, 0.4447706947828935]], "chi2_level": 0.95, "chi2_df": 3, "chi2_threshold": 7.814727903251179, "N_raw": 100, "N_roi": 100, "N_inlier": 95, "refit": true}
{"timestamp": "17:11:54.225100", "frame": 35, "mu": [-1.0055006485605096, 1.489953562867765, 0.217787389749916], "Sigma": [[0.023650689216802162, 0.016137290279779982, -0.001922392248317099], [0.016137290279779986, 0.02594126499465662, -0.010568571092087208], [-0.0019223922483170993, -0.01056857109208721, 0.054012645398448]], "chi2_level": 0.95, "chi2_df": 3, "chi2_threshold": 7.814727903251179, "N_raw": 85, "N_roi": 85, "N_inlier": 73, "refit": true}
{"timestamp": "17:11:54.278091", "frame": 36, "mu": [-1.2048842233364883, 1.4080537204438153, 1.5311251854362469], "Sigma": [[0.11458460453728139, 0.090848162137059, -0.11977047159984947], [0.09084816213705899, 0.09037966643604681, -0.14717881441071043], [-0.11977047159984947, -0.14717881441071043, 0.3157943783779434]], "chi2_level": 0.95, "chi2_df": 3, "chi2_threshold": 7.814727903251179, "N_raw": 79, "N_roi": 79, "N_inlier": 75, "refit": true}
{"timestamp": "17:11:54.327547", "frame": 37, "mu": [-1.1376808284346054, 1.540966257914803, 1.7674950326946104], "Sigma": [[0.04521654275876545, 0.03317607087365385, -0.019998459144022363], [0.03317607087365385, 0.03601458003145881, -0.028136323603158236], [-0.019998459144022363, -0.028136323603158236, 0.026974340397196192]], "chi2_level": 0.95, "chi2_df": 3, "chi2_threshold": 7.814727903251179, "N_raw": 47, "N_roi": 47, "N_inlier": 43, "refit": true}
{"timestamp": "17:11:54.384843", "frame": 38, "mu": [-1.0206675467534478, 1.6904654969311936, 1.7236320976187178], "Sigma": [[0.006589619111833531, 0.00010255433581979795, -0.002750169941390845], [0.00010255433581979779, 0.006275599624836105, -0.007469908609175843], [-0.002750169941390845, -0.007469908609175843, 0.02010654406414179]], "chi2_level": 0.95, "chi2_df": 3, "chi2_threshold": 7.814727903251179, "N_raw": 62, "N_roi": 62, "N_inlier": 53, "refit": true}
{"timestamp": "17:11:54.440692", "frame": 39, "mu": [-1.0560311362296784, 1.707951972019191, 1.6009889468853256], "Sigma": [[0.005549576533427596, 0.0012670276841991626, -0.005640014667203425], [0.0012670276841991626, 0.005323986955740229, 0.00038368042241753255], [-0.005640014667203425, 0.00038368042241753277, 0.08300799585210795]], "chi2_level": 0.95, "chi2_df": 3, "chi2_threshold": 7.814727903251179, "N_raw": 64, "N_roi": 64, "N_inlier": 55, "refit": true}
{"timestamp": "17:11:54.493980", "frame": 40, "mu": [-1.1760366780186686, 1.715023567107783, 0.18692804317467848], "Sigma": [[0.07735270439390857, 0.0584896187791251, -0.04374381013821424], [0.0584896187791251, 0.06300222066599521, -0.04481507928413629], [-0.04374381013821424, -0.04481507928413629, 0.04586418652652244]], "chi2_level": 0.95, "chi2_df": 3, "chi2_threshold": 7.814727903251179, "N_raw": 52, "N_roi": 52, "N_inlier": 46, "refit": true}
{"timestamp": "17:11:54.546163", "frame": 41, "mu": [-1.0901000082671866, 1.8170726487794482, 1.5088227135773087], "Sigma": [[0.0037589845254426147, -0.0001428135066234488, -0.0006974174723804734], [-0.0001428135066234489, 0.0057884251033704275, -0.012910749158207599], [-0.0006974174723804734, -0.012910749158207599, 0.034830975356918745]], "chi2_level": 0.95, "chi2_df": 3, "chi2_threshold": 7.814727903251179, "N_raw": 40, "N_roi": 40, "N_inlier": 29, "refit": true}
{"timestamp": "17:11:54.603385", "frame": 42, "mu": [-1.1476163493963267, 1.9361409809775119, 1.3110688689021075], "Sigma": [[0.006471053252333201, 0.0042865479500044466, 0.003894725146660212], [0.0042865479500044466, 0.009862059650450549, 0.0038429976901501106], [0.0038947251466602125, 0.003842997690150109, 0.1320844606919229]], "chi2_level": 0.95, "chi2_df": 3, "chi2_threshold": 7.814727903251179, "N_raw": 50, "N_roi": 50, "N_inlier": 44, "refit": true}
{"timestamp": "17:11:54.662559", "frame": 43, "mu": [-1.1366641764432257, 1.95683660727953, 1.6699870723487302], "Sigma": [[0.0072583495055669614, 0.00202889655425897, -0.009065367145115926], [0.00202889655425897, 0.00898386009939946, -0.01720893770062091], [-0.009065367145115926, -0.01720893770062091, 0.04920530302677723]], "chi2_level": 0.95, "chi2_df": 3, "chi2_threshold": 7.814727903251179, "N_raw": 83, "N_roi": 83, "N_inlier": 77, "refit": true}
{"timestamp": "17:11:54.719591", "frame": 44, "mu": [-1.191438370465451, 2.078656026160017, 0.3430844854225608], "Sigma": [[0.019954935954733417, -0.011438926000797494, 0.0801073409433058], [-0.011438926000797494, 0.019244304882036996, -0.04158935530032157], [0.0801073409433058, -0.04158935530032157, 0.4985031337593508]], "chi2_level": 0.95, "chi2_df": 3, "chi2_threshold": 7.814727903251179, "N_raw": 97, "N_roi": 97, "N_inlier": 96, "refit": true}
{"timestamp": "17:11:54.769455", "frame": 45, "mu": [-1.3396367666696098, 2.1575927809289124, 1.161718545838819], "Sigma": [[0.02785970682072348, -0.01152878834204574, 0.05442364804352819], [-0.01152878834204574, 0.010112551945859565, -0.03852247409421594], [0.05442364804352819, -0.03852247409421594, 0.19415457587123228]], "chi2_level": 0.95, "chi2_df": 3, "chi2_threshold": 7.814727903251179, "N_raw": 53, "N_roi": 53, "N_inlier": 49, "refit": true}
{"timestamp": "17:11:54.831249", "frame": 46, "mu": [-1.2407703612149539, 2.1909836409827927, 1.2653483937467647], "Sigma": [[0.039818326459908744, -0.0015325861041273969, 0.05181215687598519], [-0.0015325861041273967, 0.003308285258673981, -0.01594753717598637], [0.05181215687598519, -0.01594753717598637, 0.1650829180667684]], "chi2_level": 0.95, "chi2_df": 3, "chi2_threshold": 7.814727903251179, "N_raw": 103, "N_roi": 103, "N_inlier": 98, "refit": true}
{"timestamp": "17:11:54.874736", "frame": 47, "mu": [-1.1905379777918847, 2.2119398066872678, 1.3062955049144789], "Sigma": [[0.004549136856046423, -0.0038790384452071927, 0.023862019940454234], [-0.0038790384452071927, 0.008330455092661287, -0.041830477339731664], [0.023862019940454234, -0.041830477339731664, 0.3886816131484549]], "chi2_level": 0.95, "chi2_df": 3, "chi2_threshold": 7.814727903251179, "N_raw": 15, "N_roi": 15, "N_inlier": 14, "refit": true}
{"timestamp": "17:11:54.929062", "frame": 48, "mu": [-1.215789263853405, 2.173991752553389, 0.8560348610331349], "Sigma": [[0.006711334886143665, 0.0032232762067353478, -0.015258228696831347], [0.0032232762067353478, 0.10728408934665559, 0.1387839442476667], [-0.015258228696831348, 0.1387839442476667, 0.3393820519051161]], "chi2_level": 0.95, "chi2_df": 3, "chi2_threshold": 7.814727903251179, "N_raw": 27, "N_roi": 27, "N_inlier": 24, "refit": true}
{"timestamp": "17:11:54.992674", "frame": 49, "mu": [-1.199165768858813, 2.3664925835684483, 1.3639204837805798], "Sigma": [[0.009271751691694691, 0.001832372347493401, -0.00863627891426888], [0.001832372347493401, 0.0035818644256280516, -0.007793205068220094], [-0.00863627891426888, -0.0077932050682200955, 0.10580713862455343]], "chi2_level": 0.95, "chi2_df": 3, "chi2_threshold": 7.814727903251179, "N_raw": 80, "N_roi": 80, "N_inlier": 77, "refit": true}
{"timestamp": "17:11:55.043084", "frame": 50, "mu": [-1.2745781396287916, 2.4688690635463666, 1.3633888585589262], "Sigma": [[0.009844068364994397, 0.003109650447806119, -0.010836267874648878], [0.003109650447806119, 0.0034867348244748803, -0.008076188321464818], [-0.010836267874648878, -0.008076188321464818, 0.034390713049256116]], "chi2_level": 0.95, "chi2_df": 3, "chi2_threshold": 7.814727903251179, "N_raw": 50, "N_roi": 49, "N_inlier": 45, "refit": true}
{"timestamp": "17:11:55.101550", "frame": 51, "mu": [-1.2418816648313804, 2.4917750196044155, 1.5222830670821548], "Sigma": [[0.010797305250805519, -0.001637964611952568, 0.0023918627111691364], [-0.001637964611952568, 0.007252250586991234, -0.016798792804617865], [0.0023918627111691364, -0.016798792804617865, 0.06851543950135319]], "chi2_level": 0.95, "chi2_df": 3, "chi2_threshold": 7.814727903251179, "N_raw": 75, "N_roi": 75, "N_inlier": 72, "refit": true}
{"timestamp": "17:11:55.160140", "frame": 52, "mu": [-1.2440347124298274, 2.5525933617263687, 1.406749022126386], "Sigma": [[0.0168798510420394, -0.0018421327178477363, 0.007414887556209036], [-0.0018421327178477363, 0.005808649642255271, -0.013145307343393316], [0.007414887556209036, -0.013145307343393316, 0.07662084706291228]], "chi2_level": 0.95, "chi2_df": 3, "chi2_threshold": 7.814727903251179, "N_raw": 102, "N_roi": 102, "N_inlier": 98, "refit": true}
{"timestamp": "17:11:55.220424", "frame": 53, "mu": [-1.2574994776960466, 2.793521524377509, -0.16061610661809914], "Sigma": [[0.01792102710499905, -0.01344328279294828, 0.0326116038872474], [-0.01344328279294828, 0.05358410288013231, -0.11587407862069081], [0.0326116038872474, -0.11587407862069081, 0.2769918898363298]], "chi2_level": 0.95, "chi2_df": 3, "chi2_threshold": 7.814727903251179, "N_raw": 112, "N_roi": 112, "N_inlier": 108, "refit": true}
{"timestamp": "17:11:55.270595", "frame": 54, "mu": [-1.242634864914191, 2.7345413173381417, 1.0020292428930082], "Sigma": [[0.017913903046824442, -0.004040247989928155, 0.02458424701323164], [-0.004040247989928155, 0.015860821186233484, -0.06482160907321877], [0.024584247013231645, -0.06482160907321877, 0.3062518040185777]], "chi2_level": 0.95, "chi2_df": 3, "chi2_threshold": 7.814727903251179, "N_raw": 93, "N_roi": 93, "N_inlier": 90, "refit": true}
{"timestamp": "17:11:55.323079", "frame": 55, "mu": [-1.2857352033513811, 2.7866857604294015, 1.0916173394659376], "Sigma": [[0.02089339963160833, -0.00661806730013185, 0.038476459960356466], [-0.00661806730013185, 0.010013328781040364, -0.04111798780468148], [0.038476459960356466, -0.04111798780468148, 0.20838312510240864]], "chi2_level": 0.95, "chi2_df": 3, "chi2_threshold": 7.814727903251179, "N_raw": 81, "N_roi": 81, "N_inlier": 79, "refit": true}
{"timestamp": "17:11:55.376990", "frame": 56, "mu": [-1.2740084708863777, 2.780105589745611, 1.0980301139604325], "Sigma": [[0.011443323258598594, -0.0009987791104026345, 0.024656096350094643], [-0.0009987791104026343, 0.003512553819563732, -0.022860744463539147], [0.024656096350094643, -0.022860744463539147, 0.2342535251749914]], "chi2_level": 0.95, "chi2_df": 3, "chi2_threshold": 7.814727903251179, "N_raw": 63, "N_roi": 63, "N_inlier": 59, "refit": true}
{"timestamp": "17:11:55.427845", "frame": 57, "mu": [-1.3642365913825496, 2.8237299684011044, 0.6849713065062883], "Sigma": [[0.02033615639780499, 0.003742115878890083, 0.005434307321756713], [0.003742115878890083, 0.0018274602758312924, -0.0019452563723124485], [0.005434307321756713, -0.0019452563723124485, 0.02233293483855097]], "chi2_level": 0.95, "chi2_df": 3, "chi2_threshold": 7.814727903251179, "N_raw": 44, "N_roi": 44, "N_inlier": 40, "refit": true}
{"timestamp": "17:11:55.483548", "frame": 58, "mu": [-0.9977445222963021, 2.8436511590329747, 1.181391666572098], "Sigma": [[0.028739174838762052, -0.0063394924552280605, -0.017929617403931078], [-0.0063394924552280605, 0.003692458080494874, 0.0010760704610848196], [-0.017929617403931078, 0.0010760704610848193, 0.026542621969881563]], "chi2_level": 0.95, "chi2_df": 3, "chi2_threshold": 7.814727903251179, "N_raw": 55, "N_roi": 53, "N_inlier": 50, "refit": true}
{"timestamp": "17:11:55.540744", "frame": 59, "mu": [-0.9594365470201307, 2.8965140071398365, 1.2997002959142814], "Sigma": [[0.01758247157563076, -0.0018707722700935542, -0.017006175461672598], [-0.0018707722700935544, 0.005289235821426339, 0.001094990581867843], [-0.017006175461672598, 0.0010949905818678429, 0.029516358000227567]], "chi2_level": 0.95, "chi2_df": 3, "chi2_threshold": 7.814727903251179, "N_raw": 65, "N_roi": 63, "N_inlier": 57, "refit": true}
{"timestamp": "17:11:55.603372", "frame": 60, "mu": [-1.1218229857235282, 2.992211828304777, 1.0369715252566953], "Sigma": [[0.05858989089681357, -0.0055770013325768236, 0.041877267047821735], [-0.0055770013325768236, 0.00827904096345018, -0.007282188254320888], [0.04187726704782174, -0.007282188254320888, 0.06542787204144919]], "chi2_level": 0.95, "chi2_df": 3, "chi2_threshold": 7.814727903251179, "N_raw": 117, "N_roi": 117, "N_inlier": 117, "refit": true}
{"timestamp": "17:11:55.652612", "frame": 61, "mu": [-0.9607264308875393, 3.0631880827202456, 1.30155384630851], "Sigma": [[0.01732348581365814, 0.0001951278337402742, -0.0118981274955964], [0.00019512783374027432, 0.0037730406155617163, -0.008050791664502156], [-0.011898127495596402, -0.008050791664502158, 0.028718120597806256]], "chi2_level": 0.95, "chi2_df": 3, "chi2_threshold": 7.814727903251179, "N_raw": 75, "N_roi": 74, "N_inlier": 69, "refit": true}
{"timestamp": "17:11:55.707546", "frame": 62, "mu": [-1.088568810996798, 3.2760994059361925, -0.26816458412576283], "Sigma": [[0.04111925368837578, -0.012621492330279926, 0.10850525088302118], [-0.012621492330279926, 0.03268066544615785, -0.0523674499644038], [0.10850525088302118, -0.0523674499644038, 0.3880593556880087]], "chi2_level": 0.95, "chi2_df": 3, "chi2_threshold": 7.814727903251179, "N_raw": 83, "N_roi": 79, "N_inlier": 79, "refit": true}
{"timestamp": "17:11:55.756732", "frame": 63, "mu": [-0.9544766311112958, 3.2082857001249834, 1.378262011399646], "Sigma": [[0.011290253965247484, 0.0014706156200835077, -0.004655425275088481], [0.001470615620083508, 0.00230748018877384, -0.0030533771685141067], [-0.004655425275088481, -0.0030533771685141067, 0.006440078299850311]], "chi2_level": 0.95, "chi2_df": 3, "chi2_threshold": 7.814727903251179, "N_raw": 41, "N_roi": 39, "N_inlier": 35, "refit": true}
{"timestamp": "17:11:55.812259", "frame": 64, "mu": [-0.9023659721045193, 3.1934949201691314, 1.315246225777525], "Sigma": [[0.010739705197811856, 0.00038499992429861753, 0.0027265505467329947], [0.0003849999242986174, 0.002957317649493716, -0.004125454409663731], [0.0027265505467329947, -0.004125454409663731, 0.008621794444355776]], "chi2_level": 0.95, "chi2_df": 3, "chi2_threshold": 7.814727903251179, "N_raw": 45, "N_roi": 42, "N_inlier": 38, "refit": true}
{"timestamp": "17:11:55.862029", "frame": 65, "mu": [-0.8879534407393604, 3.336159137531471, 0.885014409377487], "Sigma": [[0.014623817428238648, -0.017362686651114328, 0.06086314740089501], [-0.017362686651114328, 0.024034941158406438, -0.07326044392938047], [0.06086314740089501, -0.07326044392938047, 0.3006751583703678]], "chi2_level": 0.95, "chi2_df": 3, "chi2_threshold": 7.814727903251179, "N_raw": 12, "N_roi": 12, "N_inlier": 11, "refit": true}
{"timestamp": "17:11:55.919863", "frame": 66, "mu": [-0.8343249776558508, 3.329070800822387, 1.3098874686962751], "Sigma": [[0.008440364651015378, 0.0006742870123079291, -0.0029992428947024307], [0.0006742870123079288, 0.001515462497512987, -0.0020947373179781006], [-0.00299924289470243, -0.0020947373179781006, 0.0070621721903722755]], "chi2_level": 0.95, "chi2_df": 3, "chi2_threshold": 7.814727903251179, "N_raw": 29, "N_roi": 25, "N_inlier": 22, "refit": true}
{"timestamp": "17:11:55.975647", "frame": 67, "mu": [-0.7473342312959715, 3.283628151242797, 1.4713532214522829], "Sigma": [[0.009883026488875204, -0.002502773571168582, 0.004622441208235149], [-0.002502773571168582, 0.008325763368952396, -0.012365895027166063], [0.0046224412082351484, -0.012365895027166063, 0.02408455727286235]], "chi2_level": 0.95, "chi2_df": 3, "chi2_threshold": 7.814727903251179, "N_raw": 30, "N_roi": 28, "N_inlier": 24, "refit": true}
{"timestamp": "17:11:56.034430", "frame": 68, "mu": [-0.7636151490002772, 3.4215766220111243, 1.3285931158054451], "Sigma": [[0.021286287576795897, -0.018412801260367193, 0.02077158274009548], [-0.018412801260367193, 0.030769049548278634, -0.03632728861040635], [0.02077158274009548, -0.03632728861040635, 0.05337825938880787]], "chi2_level": 0.95, "chi2_df": 3, "chi2_threshold": 7.814727903251179, "N_raw": 59, "N_roi": 56, "N_inlier": 53, "refit": true}
{"timestamp": "17:11:56.091238", "frame": 69, "mu": [-0.6904374054827193, 3.482042520250019, 0.2817214679273222], "Sigma": [[0.012630612756795955, 0.0012672949065662877, -0.002416908395497161], [0.0012672949065662882, 0.006351138076048148, -0.0035373173556891525], [-0.002416908395497161, -0.0035373173556891525, 0.0034680690569546865]], "chi2_level": 0.95, "chi2_df": 3, "chi2_threshold": 7.814727903251179, "N_raw": 68, "N_roi": 52, "N_inlier": 45, "refit": true}
{"timestamp": "17:11:56.145839", "frame": 70, "mu": [-0.6137330580317472, 3.4486890234331202, 1.3516384505823993], "Sigma": [[0.01763209802366204, 9.670964339997571e-05, 0.0025615344806017293], [9.67096433999755e-05, 0.0051614911439083295, -0.008791368722921713], [0.00256153448060173, -0.008791368722921713, 0.021453415995069624]], "chi2_level": 0.95, "chi2_df": 3, "chi2_threshold": 7.814727903251179, "N_raw": 70, "N_roi": 69, "N_inlier": 68, "refit": true}
{"timestamp": "17:11:56.201085", "frame": 71, "mu": [-0.5165676275164316, 3.447238812413499, 1.519877212266327], "Sigma": [[0.016045090396641877, 0.0003234516548943488, -0.0017082091120101883], [0.0003234516548943488, 0.006331421535094838, -0.004050266644643284], [-0.0017082091120101885, -0.004050266644643284, 0.0418872861113239]], "chi2_level": 0.95, "chi2_df": 3, "chi2_threshold": 7.814727903251179, "N_raw": 68, "N_roi": 59, "N_inlier": 54, "refit": true}
{"timestamp": "17:11:56.259267", "frame": 72, "mu": [-0.49039764671589475, 3.4815311048353257, 1.1956899354200872], "Sigma": [[0.01853460423513197, 0.0009875805636212407, 0.017136059023978023], [0.0009875805636212404, 0.009595931098179316, -0.037585171007456314], [0.017136059023978027, -0.037585171007456314, 0.38004996425885595]], "chi2_level": 0.95, "chi2_df": 3, "chi2_threshold": 7.814727903251179, "N_raw": 86, "N_roi": 74, "N_inlier": 74, "refit": true}
{"timestamp": "17:11:56.310228", "frame": 73, "mu": [-0.32347193472945657, 3.429068267300432, 1.071469946268762], "Sigma": [[0.017309012946124625, -0.0027025714344117773, -0.027544369351647002], [-0.002702571434411777, 0.0022551052190133347, -0.00015584931144265227], [-0.027544369351647002, -0.00015584931144265205, 0.06368705957051113]], "chi2_level": 0.95, "chi2_df": 3, "chi2_threshold": 7.814727903251179, "N_raw": 55, "N_roi": 51, "N_inlier": 47, "refit": true}
{"timestamp": "17:11:56.366732", "frame": 74, "mu": [-0.20982821865870668, 3.375678798676025, 0.8411934430254405], "Sigma": [[0.023893388477407775, -0.005973625967791668, -0.03432806122634786], [-0.005973625967791668, 0.005039008920965881, 0.0045008512185274714], [-0.03432806122634786, 0.004500851218527471, 0.0651159170516602]], "chi2_level": 0.95, "chi2_df": 3, "chi2_threshold": 7.814727903251179, "N_raw": 74, "N_roi": 72, "N_inlier": 69, "refit": true}
{"timestamp": "17:11:56.422073", "frame": 75, "mu": [-0.3111123335663087, 3.431317647678566, 1.342079098168144], "Sigma": [[0.025109938836110582, 0.0041734570751408035, 0.004867829475327564], [0.0041734570751408035, 0.00654949214544978, 0.002186605464102728], [0.0048678294753275635, 0.002186605464102728, 0.0057204956008961244]], "chi2_level": 0.95, "chi2_df": 3, "chi2_threshold": 7.814727903251179, "N_raw": 67, "N_roi": 67, "N_inlier": 62, "refit": true}
{"timestamp": "17:11:56.470639", "frame": 76, "mu": [-0.20243506953889914, 3.6593806790275516, 0.2528539644408466], "Sigma": [[0.013111534057460716, -0.0006954759577070737, 0.017496683521100787], [-0.0006954759577070737, 0.06405532083240816, -0.15186532714415696], [0.01749668352110079, -0.15186532714415693, 0.43513283125368113]], "chi2_level": 0.95, "chi2_df": 3, "chi2_threshold": 7.814727903251179, "N_raw": 24, "N_roi": 22, "N_inlier": 20, "refit": true}
{"timestamp": "17:11:56.531136", "frame": 77, "mu": [-0.20746484190374603, 3.428364112995078, 1.2575144842339434], "Sigma": [[0.018539931271806923, 0.004723320296751216, 0.00578543728410636], [0.004723320296751216, 0.008172194627122662, 0.0033293425842286064], [0.005785437284106361, 0.0033293425842286055, 0.003609944263817049]], "chi2_level": 0.95, "chi2_df": 3, "chi2_threshold": 7.814727903251179, "N_raw": 67, "N_roi": 66, "N_inlier": 59, "refit": true}
{"timestamp": "17:11:56.584661", "frame": 78, "mu": [-0.15832010705109398, 3.446160463178798, 1.226051660767144], "Sigma": [[0.02749380315848072, 0.015308363196286316, 0.006334055099770801], [0.015308363196286314, 0.01582079463502258, -0.0014316592849072745], [0.0063340550997708, -0.0014316592849072743, 0.00781790940159306]], "chi2_level": 0.95, "chi2_df": 3, "chi2_threshold": 7.814727903251179, "N_raw": 59, "N_roi": 58, "N_inlier": 51, "refit": true}
{"timestamp": "17:11:56.643589", "frame": 79, "mu": [0.06639290849748138, 3.5943162376676847, 1.2648144132478576], "Sigma": [[0.03887500603082554, 0.024259712902527812, -0.005232307858836231], [0.024259712902527812, 0.03156169420474876, -0.010412777962450648], [-0.005232307858836231, -0.01041277796245065, 0.012411780487928686]], "chi2_level": 0.95, "chi2_df": 3, "chi2_threshold": 7.814727903251179, "N_raw": 91, "N_roi": 91, "N_inlier": 87, "refit": true}
{"timestamp": "17:11:56.696156", "frame": 80, "mu": [0.06184852670885517, 3.5184295184681575, 1.3997605256515109], "Sigma": [[0.024643839891992248, 0.013230930067997262, -0.008681220894714882], [0.013230930067997264, 0.020931373439299676, -0.011170066097931822], [-0.00868122089471488, -0.011170066097931822, 0.01285824545314003]], "chi2_level": 0.95, "chi2_df": 3, "chi2_threshold": 7.814727903251179, "N_raw": 66, "N_roi": 66, "N_inlier": 64, "refit": true}
{"timestamp": "17:11:56.752663", "frame": 81, "mu": [0.07080468810774905, 3.444996783258851, 1.4956119177477638], "Sigma": [[0.017818207264097025, 0.00015416826200832887, -0.005670227818341124], [0.0001541682620083293, 0.006504804500971264, -0.0008422908044923323], [-0.005670227818341123, -0.0008422908044923322, 0.003982815720223745]], "chi2_level": 0.95, "chi2_df": 3, "chi2_threshold": 7.814727903251179, "N_raw": 73, "N_roi": 67, "N_inlier": 63, "refit": true}
{"timestamp": "17:11:56.801817", "frame": 82, "mu": [0.11954644930284511, 3.4305722253515545, 0.43280499692991903], "Sigma": [[0.01146038028260809, -0.0001006215416031199, -0.0025681198797086347], [-0.00010062154160311995, 0.002592398839414458, 0.0007598488459588976], [-0.002568119879708634, 0.0007598488459588975, 0.008042643206602508]], "chi2_level": 0.95, "chi2_df": 3, "chi2_threshold": 7.814727903251179, "N_raw": 33, "N_roi": 32, "N_inlier": 31, "refit": true}
{"timestamp": "17:11:56.854369", "frame": 83, "mu": [0.17185490468659095, 3.50734234035348, 1.3903693814267093], "Sigma": [[0.008839254883010893, -0.0005330331391423474, -0.0024235011099245016], [-0.0005330331391423472, 0.0018897869215922498, -0.006450261805992379], [-0.0024235011099245016, -0.0064502618059923775, 0.04653559395169176]], "chi2_level": 0.95, "chi2_df": 3, "chi2_threshold": 7.814727903251179, "N_raw": 27, "N_roi": 27, "N_inlier": 23, "refit": true}
{"timestamp": "17:11:56.914209", "frame": 84, "mu": [0.24350018702834816, 3.4019926805274157, 1.5064161806421157], "Sigma": [[0.015820257111612956, -0.0010799362967112039, -0.004104113995116228], [-0.0010799362967112034, 0.0054783145397454885, 0.0003427035480449833], [-0.004104113995116228, 0.0003427035480449833, 0.0031319475838270574]], "chi2_level": 0.95, "chi2_df": 3, "chi2_threshold": 7.814727903251179, "N_raw": 59, "N_roi": 56, "N_inlier": 53, "refit": true}
{"timestamp": "17:11:56.969562", "frame": 85, "mu": [0.32577768283958586, 3.4292639949509973, 1.6490098055003652], "Sigma": [[0.012707040720552022, -0.0018737193858033672, -0.007505948972312616], [-0.0018737193858033672, 0.004629035894720624, -0.0036521788897525345], [-0.007505948972312616, -0.0036521788897525337, 0.057484307946129125]], "chi2_level": 0.95, "chi2_df": 3, "chi2_threshold": 7.814727903251179, "N_raw": 51, "N_roi": 48, "N_inlier": 43, "refit": true}
{"timestamp": "17:11:57.021817", "frame": 86, "mu": [0.3789921994033576, 3.3520685690937904, 1.4651646942185044], "Sigma": [[0.012437799659112243, -0.000615031868048352, -0.0033527428654625694], [-0.0006150318680483523, 0.0037183579879176394, 0.0014877192902636425], [-0.0033527428654625694, 0.0014877192902636425, 0.0022318237494751364]], "chi2_level": 0.95, "chi2_df": 3, "chi2_threshold": 7.814727903251179, "N_raw": 42, "N_roi": 40, "N_inlier": 36, "refit": true}
