{"timestamp": "16:48:47.591096", "frame": 24, "mu": [-2.212257223731622, 0.7781839543256464, 1.0385694260871712], "Sigma": [[0.0062551859323125404, 0.007279300431827968, -0.0025749648249657996], [0.007279300431827968, 0.01616334150627499, -0.009291282297739687], [-0.0025749648249657996, -0.009291282297739688, 0.008503115824388358]], "chi2_level": 0.95, "chi2_df": 3, "chi2_threshold": 7.814727903251179, "N_raw": 36, "N_roi": 36, "N_inlier": 35, "refit": true}
{"timestamp": "16:48:47.700797", "frame": 26, "mu": [-2.1525478815620396, 1.107408729645781, -0.6381533280516112], "Sigma": [[0.008338319895784459, 0.006307305160591156, 0.001677581701640556], [0.006307305160591155, 0.011128173899074693, -0.0031758777639015264], [0.001677581701640556, -0.003175877763901526, 0.006745163762627609]], "chi2_level": 0.95, "chi2_df": 3, "chi2_threshold": 7.814727903251179, "N_raw": 37, "N_roi": 37, "N_inlier": 37, "refit": true}
{"timestamp": "16:48:47.754641", "frame": 27, "mu": [-2.0964297615034413, 0.9473534671089539, 1.201887401327087], "Sigma": [[0.00633490117464259, 0.008398143491945904, -0.004229742607351733], [0.008398143491945904, 0.020265696113619648, -0.008408391726184492], [-0.004229742607351733, -0.008408391726184492, 0.004253357187430231]], "chi2_level": 0.95, "chi2_df": 3, "chi2_threshold": 7.814727903251179, "N_raw": 33, "N_roi": 33, "N_inlier": 31, "refit": true}
{"timestamp": "16:48:47.918146", "frame": 30, "mu": [-2.1813277652112983, 1.1079223993822425, 0.9614280017905563], "Sigma": [[0.004967833981012518, 0.0036982615697901886, -0.005027233219662238], [0.0036982615697901886, 0.013462216492843843, -0.0024631092091527045], [-0.005027233219662239, -0.0024631092091527045, 0.005882466948468855]], "chi2_level": 0.95, "chi2_df": 3, "chi2_threshold": 7.814727903251179, "N_raw": 20, "N_roi": 20, "N_inlier": 20, "refit": true}
{"timestamp": "16:48:48.027999", "frame": 32, "mu": [-2.1541611835146495, 1.1578035361809065, 1.1472452261505988], "Sigma": [[0.005359799298314406, 0.005739701149927978, -0.0019866497001338797], [0.005739701149927978, 0.00717131960104593, -0.004471368947921347], [-0.00198664970013388, -0.004471368947921347, 0.01172697342338293]], "chi2_level": 0.95, "chi2_df": 3, "chi2_threshold": 7.814727903251179, "N_raw": 28, "N_roi": 28, "N_inlier": 28, "refit": true}
{"timestamp": "16:48:48.085600", "frame": 33, "mu": [-2.0726267134716965, 1.0944744439987955, 1.2142484881686122], "Sigma": [[0.005728542190321212, 0.005741791143917487, -0.0006339459026253326], [0.005741791143917486, 0.010076327039694525, -0.005654974548778707], [-0.0006339459026253326, -0.005654974548778705, 0.009352341525353513]], "chi2_level": 0.95, "chi2_df": 3, "chi2_threshold": 7.814727903251179, "N_raw": 36, "N_roi": 36, "N_inlier": 35, "refit": true}
{"timestamp": "16:48:48.135850", "frame": 34, "mu": [-2.0141897049696817, 1.156780637130588, 1.263944777070594], "Sigma": [[0.003158959039591229, 0.0024341271354372243, -0.001635044184383008], [0.0024341271354372243, 0.003201303920978585, -0.0022007696841932567], [-0.0016350441843830078, -0.0022007696841932567, 0.002057168420257034]], "chi2_level": 0.95, "chi2_df": 3, "chi2_threshold": 7.814727903251179, "N_raw": 13, "N_roi": 13, "N_inlier": 13, "refit": true}
{"timestamp": "16:48:48.196489", "frame": 35, "mu": [-2.123096962664336, 1.1701357701273647, 1.178061654490681], "Sigma": [[0.010127371237688863, 0.006849348228238064, -0.0008150575979137065], [0.006849348228238064, 0.008782577197792053, -0.005948451517931955], [-0.0008150575979137065, -0.005948451517931955, 0.008838272244426128]], "chi2_level": 0.95, "chi2_df": 3, "chi2_threshold": 7.814727903251179, "N_raw": 48, "N_roi": 48, "N_inlier": 46, "refit": true}
{"timestamp": "16:48:48.248240", "frame": 36, "mu": [-1.986841426063933, 1.3827999920367868, 0.6825971691642057], "Sigma": [[0.013359374207660238, 0.015767610755849204, -0.042464418304940146], [0.015767610755849204, 0.021005693658684314, -0.057057193565534264], [-0.042464418304940146, -0.057057193565534264, 0.1710089858742548]], "chi2_level": 0.95, "chi2_df": 3, "chi2_threshold": 7.814727903251179, "N_raw": 15, "N_roi": 15, "N_inlier": 13, "refit": true}
{"timestamp": "16:48:48.307075", "frame": 37, "mu": [-2.0076459651189076, 1.2988711041560794, 1.2356840573751888], "Sigma": [[0.008740371626076012, 0.004218050437280866, -0.006027909515134464], [0.004218050437280867, 0.009137037187994588, -0.008135870570673408], [-0.006027909515134465, -0.008135870570673408, 0.010796400770530918]], "chi2_level": 0.95, "chi2_df": 3, "chi2_threshold": 7.814727903251179, "N_raw": 43, "N_roi": 43, "N_inlier": 40, "refit": true}
{"timestamp": "16:48:48.362769", "frame": 38, "mu": [-2.0302801216319626, 1.3289915219076396, 1.3837466357099955], "Sigma": [[0.010042822344871957, 0.004391842573330206, -0.009194562372195215], [0.004391842573330206, 0.01186520683377222, -0.008511015987288081], [-0.009194562372195215, -0.008511015987288081, 0.016108974170941707]], "chi2_level": 0.95, "chi2_df": 3, "chi2_threshold": 7.814727903251179, "N_raw": 50, "N_roi": 50, "N_inlier": 47, "refit": true}
{"timestamp": "16:48:48.472935", "frame": 40, "mu": [-1.8714663172853645, 1.4377602378103638, 1.2784012785288836], "Sigma": [[0.015218841491775454, 0.008982171213152807, -0.013796205290496686], [0.008982171213152807, 0.012551026280378573, -0.010964107108664635], [-0.013796205290496685, -0.010964107108664637, 0.015738641448481114]], "chi2_level": 0.95, "chi2_df": 3, "chi2_threshold": 7.814727903251179, "N_raw": 62, "N_roi": 62, "N_inlier": 60, "refit": true}
{"timestamp": "16:48:48.534021", "frame": 41, "mu": [-1.8835673061094065, 1.4687657441484558, 1.3115162549214496], "Sigma": [[0.017181717050613284, 0.007461187834819232, -0.01278284773023097], [0.007461187834819232, 0.010582577031679478, -0.010156646733461228], [-0.01278284773023097, -0.010156646733461228, 0.014725086387718687]], "chi2_level": 0.95, "chi2_df": 3, "chi2_threshold": 7.814727903251179, "N_raw": 72, "N_roi": 72, "N_inlier": 69, "refit": true}
{"timestamp": "16:48:48.587268", "frame": 42, "mu": [-1.8470186517944676, 1.4963473365321927, 1.4644551859310715], "Sigma": [[0.016689397272802872, 0.01084062111110368, -0.01651246110598706], [0.010840621111103682, 0.01587931071471024, -0.010531990032112023], [-0.01651246110598706, -0.010531990032112023, 0.017311790236259127]], "chi2_level": 0.95, "chi2_df": 3, "chi2_threshold": 7.814727903251179, "N_raw": 64, "N_roi": 64, "N_inlier": 59, "refit": true}
{"timestamp": "16:48:48.637597", "frame": 43, "mu": [-1.8971810524516743, 1.4670100301421674, 1.3645948344032364], "Sigma": [[0.015379588616125072, 0.011862635256286929, -0.011495697680087824], [0.011862635256286929, 0.016094463915217284, -0.008788316055753198], [-0.011495697680087822, -0.0087883160557532, 0.009996899428668056]], "chi2_level": 0.95, "chi2_df": 3, "chi2_threshold": 7.814727903251179, "N_raw": 29, "N_roi": 29, "N_inlier": 27, "refit": true}
{"timestamp": "16:48:48.689790", "frame": 44, "mu": [-1.7647822689833683, 1.6046757724001852, 1.4788318431763654], "Sigma": [[0.0160983987023217, 0.007358590401771686, -0.012990599741928694], [0.007358590401771685, 0.012718373538433877, -0.009383423698699406], [-0.012990599741928694, -0.009383423698699406, 0.012243556264475283]], "chi2_level": 0.95, "chi2_df": 3, "chi2_threshold": 7.814727903251179, "N_raw": 16, "N_roi": 16, "N_inlier": 15, "refit": true}
{"timestamp": "16:48:48.745675", "frame": 45, "mu": [-1.6695894347220614, 1.6526139134133107, 1.409405324224617], "Sigma": [[0.01903000074908129, 0.01362844757231206, -0.013653141222979543], [0.01362844757231206, 0.015059599631471096, -0.011934105735262381], [-0.013653141222979542, -0.011934105735262381, 0.011407511922970756]], "chi2_level": 0.95, "chi2_df": 3, "chi2_threshold": 7.814727903251179, "N_raw": 26, "N_roi": 26, "N_inlier": 23, "refit": true}
{"timestamp": "16:48:48.804061", "frame": 46, "mu": [-1.5918578765257858, 1.772000344227036, 1.3382178297619962], "Sigma": [[0.010263373083426128, 0.003565884399946631, -0.008843994744073502], [0.003565884399946631, 0.006023441537877519, -0.011219179962005504], [-0.008843994744073502, -0.011219179962005504, 0.04756591057370527]], "chi2_level": 0.95, "chi2_df": 3, "chi2_threshold": 7.814727903251179, "N_raw": 44, "N_roi": 44, "N_inlier": 39, "refit": true}
{"timestamp": "16:48:48.864943", "frame": 47, "mu": [-1.6365629253564395, 1.853281387830236, 1.5245882562438406], "Sigma": [[0.023185670593566514, 0.011615888863161453, -0.024841182393173136], [0.011615888863161453, 0.015755444733323784, -0.01823188080574753], [-0.024841182393173136, -0.01823188080574753, 0.03909450354326844]], "chi2_level": 0.95, "chi2_df": 3, "chi2_threshold": 7.814727903251179, "N_raw": 88, "N_roi": 88, "N_inlier": 81, "refit": true}
{"timestamp": "16:48:48.917208", "frame": 48, "mu": [-1.544710173556001, 1.9147842227544805, 1.4350204590488043], "Sigma": [[0.011149958270334215, -0.0002116471279436589, -0.0065113366105267086], [-0.0002116471279436588, 0.006512471347439894, -0.004212324946773337], [-0.0065113366105267086, -0.004212324946773337, 0.008951509352044544]], "chi2_level": 0.95, "chi2_df": 3, "chi2_threshold": 7.814727903251179, "N_raw": 63, "N_roi": 63, "N_inlier": 60, "refit": true}
{"timestamp": "16:48:48.971799", "frame": 49, "mu": [-1.5064926347676475, 1.95143687081884, 1.465780160041159], "Sigma": [[0.010331166264983581, 0.0006230047836423434, -0.005411129052167701], [0.0006230047836423434, 0.008442088516826223, -0.002180436748031019], [-0.005411129052167701, -0.002180436748031019, 0.0063157313506922675]], "chi2_level": 0.95, "chi2_df": 3, "chi2_threshold": 7.814727903251179, "N_raw": 64, "N_roi": 64, "N_inlier": 61, "refit": true}
{"timestamp": "16:48:49.026215", "frame": 50, "mu": [-1.437155559655972, 1.9993589805738872, 1.4580947828684232], "Sigma": [[0.010967651707989681, 5.259303456563473e-05, -0.007550761507775197], [5.259303456563459e-05, 0.008093297149929998, -0.0003326131703702306], [-0.007550761507775197, -0.00033261317037023056, 0.005768018571330409]], "chi2_level": 0.95, "chi2_df": 3, "chi2_threshold": 7.814727903251179, "N_raw": 62, "N_roi": 62, "N_inlier": 59, "refit": true}
{"timestamp": "16:48:49.084090", "frame": 51, "mu": [-1.399423150885668, 2.0790780929102795, 1.3720327387197555], "Sigma": [[0.012784277130357949, -0.00017049247460429733, -0.006490620990348668], [-0.00017049247460429766, 0.007625153935085431, -0.002165013490507916], [-0.006490620990348668, -0.002165013490507916, 0.0052339015061215926]], "chi2_level": 0.95, "chi2_df": 3, "chi2_threshold": 7.814727903251179, "N_raw": 69, "N_roi": 67, "N_inlier": 65, "refit": true}
{"timestamp": "16:48:49.134355", "frame": 52, "mu": [-1.3252458923712136, 2.072161932069646, 1.3809213467034172], "Sigma": [[0.007475375941997862, -0.00021651331045809792, -0.005581537562334479], [-0.000216513310458098, 0.003465497542710751, -0.0009737272915756391], [-0.005581537562334479, -0.0009737272915756391, 0.005399481790579141]], "chi2_level": 0.95, "chi2_df": 3, "chi2_threshold": 7.814727903251179, "N_raw": 39, "N_roi": 38, "N_inlier": 34, "refit": true}
{"timestamp": "16:48:49.194763", "frame": 53, "mu": [-1.3361564099708751, 2.201461004514094, 1.2072401992003012], "Sigma": [[0.009879641654446951, -0.0003075176462606626, -0.009453684549348418], [-0.00030751764626066276, 0.004155944527752065, -0.008922153465208757], [-0.009453684549348418, -0.008922153465208757, 0.053216837157619115]], "chi2_level": 0.95, "chi2_df": 3, "chi2_threshold": 7.814727903251179, "N_raw": 81, "N_roi": 81, "N_inlier": 77, "refit": true}
{"timestamp": "16:48:49.249436", "frame": 54, "mu": [-1.364598784862287, 2.2244720266627422, 1.4363224037854387], "Sigma": [[0.010661412023652164, 0.0011343636550113633, -0.012141005866956257], [0.001134363655011363, 0.008966371656941073, -0.0046819461707496264], [-0.012141005866956257, -0.004681946170749627, 0.029165487311517267]], "chi2_level": 0.95, "chi2_df": 3, "chi2_threshold": 7.814727903251179, "N_raw": 74, "N_roi": 73, "N_inlier": 68, "refit": true}
{"timestamp": "16:48:49.304694", "frame": 55, "mu": [-1.3092128406858554, 2.3172198772905324, -0.4865295825378081], "Sigma": [[0.011429989124580963, 0.00525455519105031, 0.01436531228341186], [0.00525455519105031, 0.018042877262956426, 0.004885121791754511], [0.01436531228341186, 0.004885121791754513, 0.08011119935032862]], "chi2_level": 0.95, "chi2_df": 3, "chi2_threshold": 7.814727903251179, "N_raw": 79, "N_roi": 79, "N_inlier": 74, "refit": true}
{"timestamp": "16:48:49.355922", "frame": 56, "mu": [-1.27055088539861, 2.2971766871143258, 1.2362832758526832], "Sigma": [[0.008964862786138254, 0.0007178563900834329, -0.00728040485345895], [0.000717856390083433, 0.0035875066789315974, -0.010982412155463837], [-0.00728040485345895, -0.010982412155463837, 0.09608618262597554]], "chi2_level": 0.95, "chi2_df": 3, "chi2_threshold": 7.814727903251179, "N_raw": 52, "N_roi": 51, "N_inlier": 48, "refit": true}
{"timestamp": "16:48:49.410787", "frame": 57, "mu": [-1.1653330772211323, 2.301194024025982, 1.0894971238164164], "Sigma": [[0.009858830610758991, 0.0017316986397109394, -0.013109461442153875], [0.0017316986397109399, 0.0017745383212454822, -0.006147140042067645], [-0.013109461442153877, -0.006147140042067645, 0.03209947057170932]], "chi2_level": 0.95, "chi2_df": 3, "chi2_threshold": 7.814727903251179, "N_raw": 54, "N_roi": 52, "N_inlier": 48, "refit": true}
{"timestamp": "16:48:49.469480", "frame": 58, "mu": [-1.177950556994692, 2.5837369157711247, -0.49747079484922274], "Sigma": [[0.00790154713949578, 0.0009707456675754896, 0.0005748429566260257], [0.0009707456675754895, 0.017858717887053795, -0.07116370892619847], [0.0005748429566260235, -0.07116370892619847, 0.37564874513202134]], "chi2_level": 0.95, "chi2_df": 3, "chi2_threshold": 7.814727903251179, "N_raw": 77, "N_roi": 74, "N_inlier": 69, "refit": true}
{"timestamp": "16:48:49.518209", "frame": 59, "mu": [-1.0618356890438816, 2.324366172267643, 0.9404789635062016], "Sigma": [[0.009600976432916401, -0.006812772475851818, -0.0177438202852076], [-0.006812772475851819, 0.008410586809170282, 0.013875392422644505], [-0.0177438202852076, 0.013875392422644506, 0.04175256671014114]], "chi2_level": 0.95, "chi2_df": 3, "chi2_threshold": 7.814727903251179, "N_raw": 37, "N_roi": 37, "N_inlier": 34, "refit": true}
{"timestamp": "16:48:49.575854", "frame": 60, "mu": [-1.0509266903422543, 2.4075223865535693, 1.2293865690850472], "Sigma": [[0.01192840500306795, -0.004552816716979607, -0.017938861426141737], [-0.004552816716979607, 0.004528295564598439, 0.003661059055099749], [-0.017938861426141737, 0.003661059055099749, 0.03402199725678623]], "chi2_level": 0.95, "chi2_df": 3, "chi2_threshold": 7.814727903251179, "N_raw": 58, "N_roi": 56, "N_inlier": 51, "refit": true}
{"timestamp": "16:48:49.624841", "frame": 61, "mu": [-0.9997406231580714, 2.6175289756247455, 0.8456859064307573], "Sigma": [[0.017928476820510277, -0.003657419383207156, -0.08034823339220919], [-0.003657419383207156, 0.02920671960874441, -0.016470362784432604], [-0.08034823339220919, -0.016470362784432604, 0.46416006179422137]], "chi2_level": 0.95, "chi2_df": 3, "chi2_threshold": 7.814727903251179, "N_raw": 11, "N_roi": 10, "N_inlier": 10, "refit": true}
{"timestamp": "16:48:49.691482", "frame": 62, "mu": [-1.0743649446451942, 2.6016200953009005, -0.6519215486173106], "Sigma": [[0.02310461955279408, 0.00438854763368843, 0.07067207658759196], [0.00438854763368843, 0.023609401871154803, 0.013197691641131607], [0.07067207658759196, 0.013197691641131604, 0.29632311420211527]], "chi2_level": 0.95, "chi2_df": 3, "chi2_threshold": 7.814727903251179, "N_raw": 99, "N_roi": 98, "N_inlier": 95, "refit": true}
{"timestamp": "16:48:49.745881", "frame": 63, "mu": [-1.0160616008761343, 2.505777408608721, 0.8598832936483968], "Sigma": [[0.03769544493912134, -2.170873552069581e-05, 0.07102766824299497], [-2.170873552069569e-05, 0.003660535264125518, -0.005863103192280251], [0.07102766824299497, -0.005863103192280251, 0.23182843799584224]], "chi2_level": 0.95, "chi2_df": 3, "chi2_threshold": 7.814727903251179, "N_raw": 85, "N_roi": 84, "N_inlier": 84, "refit": true}
{"timestamp": "16:48:49.792655", "frame": 64, "mu": [-0.9946786621284672, 2.6060735567493687, 0.9941389702495773], "Sigma": [[0.0175087984924888, -0.003711574681986715, 0.04112789757134759], [-0.003711574681986715, 0.006262484602056127, 0.003028966724192698], [0.04112789757134759, 0.003028966724192698, 0.21919106726763968]], "chi2_level": 0.95, "chi2_df": 3, "chi2_threshold": 7.814727903251179, "N_raw": 24, "N_roi": 23, "N_inlier": 22, "refit": true}
{"timestamp": "16:48:49.854043", "frame": 65, "mu": [-0.9377636839871075, 2.6450742182145186, 0.9616195775261318], "Sigma": [[0.014702368202734161, 0.0006075103371340281, 0.023158708408559426], [0.0006075103371340281, 0.0021021560269417474, -0.006190411412461635], [0.023158708408559422, -0.006190411412461635, 0.28501973022423893]], "chi2_level": 0.95, "chi2_df": 3, "chi2_threshold": 7.814727903251179, "N_raw": 77, "N_roi": 75, "N_inlier": 74, "refit": true}
{"timestamp": "16:48:49.908554", "frame": 66, "mu": [-0.8639568286501301, 2.6802725412087898, 0.8084922033588632], "Sigma": [[0.013127348988776093, -0.0006494385532849075, 0.03307041967897452], [-0.0006494385532849075, 0.002223209754570044, -0.0008592006743494485], [0.03307041967897452, -0.0008592006743494483, 0.32725822666310644]], "chi2_level": 0.95, "chi2_df": 3, "chi2_threshold": 7.814727903251179, "N_raw": 70, "N_roi": 68, "N_inlier": 67, "refit": true}
{"timestamp": "16:48:49.962482", "frame": 67, "mu": [-0.7686186838916456, 2.7799059095559646, -0.219195520063665], "Sigma": [[0.01223031643119535, 0.0027495390971235545, 0.020748256643404475], [0.0027495390971235545, 0.009008409674452761, 0.007244824571179824], [0.020748256643404475, 0.007244824571179825, 0.07987919459258111]], "chi2_level": 0.95, "chi2_df": 3, "chi2_threshold": 7.814727903251179, "N_raw": 69, "N_roi": 67, "N_inlier": 63, "refit": true}
{"timestamp": "16:48:50.017481", "frame": 68, "mu": [-0.7461015161026475, 2.7209819732463787, 0.8488353984526991], "Sigma": [[0.011022182744407123, -0.00012426737538131846, 0.018645528228695363], [-0.00012426737538131854, 0.0028753327844763432, 0.011797467180441779], [0.018645528228695363, 0.011797467180441775, 0.5964784759377683]], "chi2_level": 0.95, "chi2_df": 3, "chi2_threshold": 7.814727903251179, "N_raw": 69, "N_roi": 69, "N_inlier": 69, "refit": true}
{"timestamp": "16:48:50.072589", "frame": 69, "mu": [-0.7376651632798561, 2.7854797797523236, 1.3033291574442563], "Sigma": [[0.012582549880610838, -0.002370208752094958, -0.009414813807791762], [-0.002370208752094958, 0.003063667088731792, -0.004896938810080034], [-0.009414813807791762, -0.004896938810080034, 0.034849975786877596]], "chi2_level": 0.95, "chi2_df": 3, "chi2_threshold": 7.814727903251179, "N_raw": 68, "N_roi": 68, "N_inlier": 65, "refit": true}
{"timestamp": "16:48:50.128788", "frame": 70, "mu": [-0.6993219724658225, 2.7982325845080993, -0.8648979756802407], "Sigma": [[0.009949498633592473, 8.200474262048561e-06, 0.022270550736715217], [8.200474262048561e-06, 0.005194911079639146, -0.015976417290035273], [0.022270550736715217, -0.015976417290035273, 0.3749560785048059]], "chi2_level": 0.95, "chi2_df": 3, "chi2_threshold": 7.814727903251179, "N_raw": 74, "N_roi": 74, "N_inlier": 69, "refit": true}
{"timestamp": "16:48:50.185819", "frame": 71, "mu": [-0.6852749534431917, 2.8459383243002296, 1.142030015497653], "Sigma": [[0.013244814078754327, -0.0006183682761641287, 0.00915796793361201], [-0.0006183682761641287, 0.003900659116016776, -0.0004975463777144777], [0.00915796793361201, -0.0004975463777144784, 0.16592806342934197]], "chi2_level": 0.95, "chi2_df": 3, "chi2_threshold": 7.814727903251179, "N_raw": 89, "N_roi": 87, "N_inlier": 81, "refit": true}
{"timestamp": "16:48:50.237850", "frame": 72, "mu": [-0.63258162366239, 2.9153620439856964, -0.551999756106953], "Sigma": [[0.011559516662721734, 7.619020718171673e-05, -0.005687633300800316], [7.619020718171673e-05, 0.007045689159865241, -0.0026178853104864568], [-0.005687633300800315, -0.0026178853104864568, 0.008309947204627173]], "chi2_level": 0.95, "chi2_df": 3, "chi2_threshold": 7.814727903251179, "N_raw": 71, "N_roi": 70, "N_inlier": 64, "refit": true}
{"timestamp": "16:48:50.292878", "frame": 73, "mu": [-0.5961899262090026, 3.0262897709654766, 0.08604792886538572], "Sigma": [[0.015002830355950627, 0.002363214257933391, 0.0034704583408582002], [0.002363214257933391, 0.014104223511177938, -0.019042443227870846], [0.0034704583408582002, -0.01904244322787085, 0.10600639021374239]], "chi2_level": 0.95, "chi2_df": 3, "chi2_threshold": 7.814727903251179, "N_raw": 71, "N_roi": 70, "N_inlier": 67, "refit": true}
{"timestamp": "16:48:50.346954", "frame": 74, "mu": [-0.6373607037726917, 3.1396043625054384, -0.025590479322263538], "Sigma": [[0.01371279108139475, 0.00030276555197313775, -0.00031820952125389407], [0.0003027655519731376, 0.007000904953703771, -0.016487815121009327], [-0.00031820952125389385, -0.01648781512100933, 0.051465203785004396]], "chi2_level": 0.95, "chi2_df": 3, "chi2_threshold": 7.814727903251179, "N_raw": 66, "N_roi": 66, "N_inlier": 61, "refit": true}
{"timestamp": "16:48:50.402878", "frame": 75, "mu": [-0.5667103685193651, 3.0521877548569805, 0.8698947122714933], "Sigma": [[0.009868476437852125, 0.002264625636357199, -0.003946820074076967], [0.002264625636357199, 0.004606844881336021, 0.0032577807562828216], [-0.00394682007407697, 0.0032577807562828216, 0.45136619564172853]], "chi2_level": 0.95, "chi2_df": 3, "chi2_threshold": 7.814727903251179, "N_raw": 60, "N_roi": 60, "N_inlier": 59, "refit": true}
{"timestamp": "16:48:50.461935", "frame": 76, "mu": [-0.534360979523788, 3.111347970416677, 1.201150738474315], "Sigma": [[0.017057366847772225, 0.0017640805529263524, -0.005379607333887532], [0.0017640805529263522, 0.004861381514120309, -0.00808347896714691], [-0.005379607333887532, -0.00808347896714691, 0.07005542644672759]], "chi2_level": 0.95, "chi2_df": 3, "chi2_threshold": 7.814727903251179, "N_raw": 93, "N_roi": 89, "N_inlier": 85, "refit": true}
{"timestamp": "16:48:50.519991", "frame": 77, "mu": [-0.5318374919347562, 3.1677605248556433, 0.916494465034661], "Sigma": [[0.02023561012454183, -0.0009092216956959267, 0.00012141141426291746], [-0.0009092216956959269, 0.006190598059289996, -0.031154980376116047], [0.0001214114142629166, -0.031154980376116047, 0.504095514247522]], "chi2_level": 0.95, "chi2_df": 3, "chi2_threshold": 7.814727903251179, "N_raw": 112, "N_roi": 110, "N_inlier": 108, "refit": true}
{"timestamp": "16:48:50.575794", "frame": 78, "mu": [-0.4964497095850211, 3.148785551152775, 0.6396222503926515], "Sigma": [[0.02314237551306477, 3.336173574081634e-05, 0.02910030998315781], [3.3361735740816397e-05, 0.00667610467462462, 0.01946719970012802], [0.02910030998315781, 0.01946719970012802, 0.5129017927616327]], "chi2_level": 0.95, "chi2_df": 3, "chi2_threshold": 7.814727903251179, "N_raw": 119, "N_roi": 117, "N_inlier": 116, "refit": true}
{"timestamp": "16:48:50.618161", "frame": 79, "mu": [-0.47662216944788827, 3.258795425790109, 0.41308796674332493], "Sigma": [[0.009472711328542544, -0.002592954671213899, 0.027645113398929312], [-0.0025929546712138984, 0.003570973391420684, -0.021817740052881916], [0.027645113398929312, -0.021817740052881923, 0.46898672205201014]], "chi2_level": 0.95, "chi2_df": 3, "chi2_threshold": 7.814727903251179, "N_raw": 33, "N_roi": 31, "N_inlier": 30, "refit": true}
{"timestamp": "16:48:50.674781", "frame": 80, "mu": [-0.3702991599517534, 3.2837021020758046, 0.025300575532721713], "Sigma": [[0.013557066337784914, 0.0008636013546526864, 0.010393810969093911], [0.0008636013546526864, 0.005775423794415602, 0.0006248746741007087], [0.01039381096909391, 0.0006248746741007089, 0.05142491348303249]], "chi2_level": 0.95, "chi2_df": 3, "chi2_threshold": 7.814727903251179, "N_raw": 48, "N_roi": 48, "N_inlier": 45, "refit": true}
{"timestamp": "16:48:50.734390", "frame": 81, "mu": [-0.36448292514362235, 3.332608034679488, -0.2355536399423816], "Sigma": [[0.019185560438309657, 0.0031150743197013724, 0.03132565640834355], [0.003115074319701373, 0.0050438378042511, 0.005321508582247725], [0.03132565640834354, 0.005321508582247725, 0.11383959492388025]], "chi2_level": 0.95, "chi2_df": 3, "chi2_threshold": 7.814727903251179, "N_raw": 57, "N_roi": 57, "N_inlier": 53, "refit": true}
{"timestamp": "16:48:50.788885", "frame": 82, "mu": [-0.3354072915381662, 3.2607615887894417, 0.9605205935825625], "Sigma": [[0.021855709203760714, -0.004498020964036376, 0.014959988461134586], [-0.004498020964036376, 0.003964485819073135, -0.007587759200504128], [0.014959988461134586, -0.00758775920050413, 0.08449725718119458]], "chi2_level": 0.95, "chi2_df": 3, "chi2_threshold": 7.814727903251179, "N_raw": 78, "N_roi": 78, "N_inlier": 73, "refit": true}
{"timestamp": "16:48:50.844106", "frame": 83, "mu": [-0.2962256828171771, 3.330800224259396, 1.508639317527335], "Sigma": [[0.01429591820419089, -0.0025955749465694823, -0.008646585523543485], [-0.002595574946569482, 0.007311241378842888, 0.0013606982793772156], [-0.008646585523543485, 0.001360698279377215, 0.0260095748734119]], "chi2_level": 0.95, "chi2_df": 3, "chi2_threshold": 7.814727903251179, "N_raw": 56, "N_roi": 56, "N_inlier": 51, "refit": true}
{"timestamp": "16:48:50.895571", "frame": 84, "mu": [-0.19916812717681331, 3.348263731064098, 1.3887200945624179], "Sigma": [[0.012151763048038238, -0.0018873234937561672, -0.007533222468705951], [-0.0018873234937561672, 0.0060050224850485895, -0.0010833090457168949], [-0.007533222468705951, -0.0010833090457168949, 0.01310511579055947]], "chi2_level": 0.95, "chi2_df": 3, "chi2_threshold": 7.814727903251179, "N_raw": 56, "N_roi": 56, "N_inlier": 51, "refit": true}
{"timestamp": "16:48:50.948458", "frame": 85, "mu": [-0.16283722184685684, 3.4221483401621735, 1.1993355088418114], "Sigma": [[0.01263123593310327, -0.0008837753942145363, 0.00987450905809805], [-0.0008837753942145362, 0.0032414166783567627, -0.007850037967633096], [0.00987450905809805, -0.007850037967633094, 0.046415249913850896]], "chi2_level": 0.95, "chi2_df": 3, "chi2_threshold": 7.814727903251179, "N_raw": 44, "N_roi": 44, "N_inlier": 40, "refit": true}
{"timestamp": "16:48:51.006637", "frame": 86, "mu": [-0.15122107485249256, 3.460604013022461, 1.303730820136392], "Sigma": [[0.0165542397061355, -0.0012333142628957855, -0.004020656719496215], [-0.0012333142628957853, 0.005189958916524133, -0.005690072417796985], [-0.004020656719496215, -0.005690072417796985, 0.010913547873044528]], "chi2_level": 0.95, "chi2_df": 3, "chi2_threshold": 7.814727903251179, "N_raw": 65, "N_roi": 65, "N_inlier": 63, "refit": true}
{"timestamp": "16:48:51.064254", "frame": 87, "mu": [-0.17939008910075574, 3.55074573416186, 1.0903950925983765], "Sigma": [[0.023452815567964316, -0.005862917826820503, 0.021066968136101184], [-0.005862917826820503, 0.004910090976129016, -0.022818171478898162], [0.021066968136101184, -0.022818171478898162, 0.18880670823024992]], "chi2_level": 0.95, "chi2_df": 3, "chi2_threshold": 7.814727903251179, "N_raw": 78, "N_roi": 78, "N_inlier": 76, "refit": true}
{"timestamp": "16:48:51.110871", "frame": 88, "mu": [-0.05048630580288758, 3.5674721677438392, 1.026984344026742], "Sigma": [[0.00901595265931603, -0.003610356394117254, 0.01019110660942956], [-0.003610356394117254, 0.005934130111334015, -0.019792077627738637], [0.010191106609429559, -0.019792077627738634, 0.21382470875072504]], "chi2_level": 0.95, "chi2_df": 3, "chi2_threshold": 7.814727903251179, "N_raw": 20, "N_roi": 20, "N_inlier": 19, "refit": true}
{"timestamp": "16:48:51.171677", "frame": 89, "mu": [-0.029055085485391277, 3.5415618257511126, 1.029234183751692], "Sigma": [[0.013658521994272975, -0.0018634020116902676, 0.01751217778902745], [-0.0018634020116902678, 0.003792945137828294, -0.02097806868006451], [0.017512177789027444, -0.020978068680064514, 0.39338094791352124]], "chi2_level": 0.95, "chi2_df": 3, "chi2_threshold": 7.814727903251179, "N_raw": 62, "N_roi": 62, "N_inlier": 61, "refit": true}
{"timestamp": "16:48:51.230613", "frame": 90, "mu": [-0.024589863671481728, 3.601073734901911, 0.8663564150055603], "Sigma": [[0.019508568330452558, -0.0018849913121379825, -0.007143625439893676], [-0.0018849913121379825, 0.0038796271653067657, -0.006630370497763107], [-0.007143625439893674, -0.006630370497763108, 0.6938626770221306]], "chi2_level": 0.95, "chi2_df": 3, "chi2_threshold": 7.814727903251179, "N_raw": 85, "N_roi": 85, "N_inlier": 85, "refit": true}
{"timestamp": "16:48:51.283709", "frame": 91, "mu": [0.03172746644225568, 3.6555497960235233, 0.21249838739980567], "Sigma": [[0.017345430799103757, -0.004488826972690446, 0.0022492463510682755], [-0.004488826972690447, 0.008730932967644947, -0.014019397543482557], [0.002249246351068276, -0.014019397543482557, 0.026820678259631886]], "chi2_level": 0.95, "chi2_df": 3, "chi2_threshold": 7.814727903251179, "N_raw": 61, "N_roi": 61, "N_inlier": 57, "refit": true}
{"timestamp": "16:48:51.337582", "frame": 92, "mu": [0.06329307916380429, 3.667147037259885, 1.361250615674456], "Sigma": [[0.019211775534843788, -0.0029958286098438255, -0.006494869525441883], [-0.0029958286098438246, 0.006048994897216241, -0.004838643174206065], [-0.006494869525441883, -0.004838643174206065, 0.010618860477764218]], "chi2_level": 0.95, "chi2_df": 3, "chi2_threshold": 7.814727903251179, "N_raw": 71, "N_roi": 69, "N_inlier": 65, "refit": true}
{"timestamp": "16:48:51.390572", "frame": 93, "mu": [0.07592601405118667, 3.7028868894494535, 1.3154938216498584], "Sigma": [[0.013958215085162916, -0.0032828877566979816, 0.005936461487644119], [-0.003282887756697981, 0.004885840101431501, -0.00950961209956613], [0.005936461487644118, -0.00950961209956613, 0.0572744056202281]], "chi2_level": 0.95, "chi2_df": 3, "chi2_threshold": 7.814727903251179, "N_raw": 51, "N_roi": 51, "N_inlier": 47, "refit": true}
{"timestamp": "16:48:51.447220", "frame": 94, "mu": [0.09690168460848729, 3.7894215718131203, 1.517412129813111], "Sigma": [[0.019529142219823194, -0.002389904274626836, -0.012330601868113526], [-0.002389904274626836, 0.00375766488025855, -0.0033877376648430105], [-0.012330601868113526, -0.00338773766484301, 0.061117995765500394]], "chi2_level": 0.95, "chi2_df": 3, "chi2_threshold": 7.814727903251179, "N_raw": 61, "N_roi": 60, "N_inlier": 58, "refit": true}
{"timestamp": "16:48:51.496036", "frame": 95, "mu": [0.10702468840829164, 3.29750042606796, 0.6637743201896499], "Sigma": [[0.003194133033416837, 0.008833241063320387, 0.0290945052272793], [0.008833241063320387, 0.8627603932581058, 1.4339994415548245], [0.0290945052272793, 1.4339994415548245, 2.522157698108111]], "chi2_level": 0.95, "chi2_df": 3, "chi2_threshold": 7.814727903251179, "N_raw": 16, "N_roi": 13, "N_inlier": 12, "refit": true}
{"timestamp": "16:48:51.552616", "frame": 96, "mu": [0.1840889813397161, 3.8541829253560507, 1.303925660432732], "Sigma": [[0.010353356198939944, -0.002670094943587808, -0.002294195428782275], [-0.0026700949435878086, 0.0024860937078311825, -0.00407017343547692], [-0.002294195428782275, -0.00407017343547692, 0.019043786611949755]], "chi2_level": 0.95, "chi2_df": 3, "chi2_threshold": 7.814727903251179, "N_raw": 36, "N_roi": 32, "N_inlier": 29, "refit": true}
{"timestamp": "16:48:51.689628", "frame": 97, "mu": [0.17918444727022315, 3.685788701738996, 0.7606675326107171], "Sigma": [[0.004684783089583794, -0.022727594388171776, -0.04613988762812411], [-0.022727594388171776, 0.4693411566062154, 0.7335947737283283], [-0.04613988762812412, 0.7335947737283283, 1.5111419618606325]], "chi2_level": 0.95, "chi2_df": 3, "chi2_threshold": 7.814727903251179, "N_raw": 15, "N_roi": 12, "N_inlier": 12, "refit": true}
{"timestamp": "16:48:51.720882", "frame": 98, "mu": [0.2983410225633191, 3.900140917975968, 1.2470398048724778], "Sigma": [[0.009710081429453872, -0.0010194562943748747, -0.013198613071209526], [-0.0010194562943748745, 0.0009422747496941336, -0.0019903397136021147], [-0.013198613071209526, -0.0019903397136021143, 0.04183776338632664]], "chi2_level": 0.95, "chi2_df": 3, "chi2_threshold": 7.814727903251179, "N_raw": 26, "N_roi": 24, "N_inlier": 22, "refit": true}
{"timestamp": "16:48:51.904364", "frame": 101, "mu": [0.2930029679776336, 4.0388169979944095, 0.6122551968347761], "Sigma": [[0.013153678702082014, -0.004245532810517207, 0.014891985318826491], [-0.004245532810517207, 0.003478626774792907, -0.011905603656053526], [0.014891985318826491, -0.011905603656053526, 0.05650763501107631]], "chi2_level": 0.95, "chi2_df": 3, "chi2_threshold": 7.814727903251179, "N_raw": 26, "N_roi": 23, "N_inlier": 22, "refit": true}
{"timestamp": "16:48:51.934872", "frame": 102, "mu": [0.3769180324289624, 4.039792405208519, 1.358850654462856], "Sigma": [[0.007563625068125428, -0.0024589424374507106, 0.007014117821223669], [-0.0024589424374507106, 0.002766603018639821, -0.006897209187831083], [0.007014117821223669, -0.006897209187831084, 0.13573586825567058]], "chi2_level": 0.95, "chi2_df": 3, "chi2_threshold": 7.814727903251179, "N_raw": 23, "N_roi": 21, "N_inlier": 21, "refit": true}
{"timestamp": "16:48:51.971012", "frame": 103, "mu": [0.6001798631099842, 3.908994360926129, 1.0822161776174564], "Sigma": [[0.008072380507470774, -0.0015501618280190233, -0.001113057184795037], [-0.0015501618280190233, 0.002747491016204264, 0.001081894956975961], [-0.001113057184795037, 0.001081894956975961, 0.0008478410154006884]], "chi2_level": 0.95, "chi2_df": 3, "chi2_threshold": 7.814727903251179, "N_raw": 15, "N_roi": 14, "N_inlier": 13, "refit": true}
{"timestamp": "16:48:51.996930", "frame": 104, "mu": [0.562984858569282, 3.9857319974974845, 1.2776348245315718], "Sigma": [[0.00794022943427258, -0.0018312137695558422, -0.004369156702328602], [-0.001831213769555842, 0.0028634343529719405, 0.0002825185594104787], [-0.004369156702328602, 0.00028251855941047903, 0.008025523247672552]], "chi2_level": 0.95, "chi2_df": 3, "chi2_threshold": 7.814727903251179, "N_raw": 22, "N_roi": 20, "N_inlier": 19, "refit": true}
{"timestamp": "16:48:52.046558", "frame": 105, "mu": [0.5378425694268749, 4.123876763699528, 1.2626812185430818], "Sigma": [[0.013959444742833237, -0.005598713977009335, -0.007610388226928126], [-0.005598713977009335, 0.0061581824120601715, 0.003031708402179157], [-0.007610388226928126, 0.003031708402179157, 0.005888233024215567]], "chi2_level": 0.95, "chi2_df": 3, "chi2_threshold": 7.814727903251179, "N_raw": 31, "N_roi": 31, "N_inlier": 30, "refit": true}
{"timestamp": "16:48:52.155611", "frame": 107, "mu": [0.6255237439732924, 4.208316319466718, 1.2561965898677934], "Sigma": [[0.008413899005967547, -0.0021569357131857613, -0.003785105556146957], [-0.0021569357131857613, 0.0038085952300503474, 0.0020345229764484763], [-0.003785105556146957, 0.0020345229764484763, 0.006125890979412221]], "chi2_level": 0.95, "chi2_df": 3, "chi2_threshold": 7.814727903251179, "N_raw": 22, "N_roi": 21, "N_inlier": 19, "refit": true}
{"timestamp": "16:48:52.211154", "frame": 108, "mu": [0.6284822332156486, 4.237885344514655, 1.3654252830680225], "Sigma": [[0.012169512076162237, -0.003698889611047214, -0.011940136773195477], [-0.003698889611047214, 0.002488386250710661, 0.0024249029216288926], [-0.011940136773195477, 0.0024249029216288926, 0.015727441820654695]], "chi2_level": 0.95, "chi2_df": 3, "chi2_threshold": 7.814727903251179, "N_raw": 23, "N_roi": 23, "N_inlier": 20, "refit": true}
{"timestamp": "16:48:52.270077", "frame": 109, "mu": [0.6781025497045733, 4.246756492924012, 1.4556362677278818], "Sigma": [[0.019158653837171143, -0.0046219904344303765, -0.017992878188717025], [-0.004621990434430377, 0.004372550604109518, -0.0009939238205186707], [-0.01799287818871703, -0.0009939238205186707, 0.030715033586812143]], "chi2_level": 0.95, "chi2_df": 3, "chi2_threshold": 7.814727903251179, "N_raw": 50, "N_roi": 48, "N_inlier": 44, "refit": true}
{"timestamp": "16:48:52.376430", "frame": 111, "mu": [0.7004681636531399, 4.326716719503992, 1.4455952225718929], "Sigma": [[0.015656926782350523, -0.005531245347496822, -0.011480958646042882], [-0.005531245347496822, 0.0041065055231292525, 0.0019607804070448836], [-0.011480958646042882, 0.0019607804070448836, 0.015342582156811965]], "chi2_level": 0.95, "chi2_df": 3, "chi2_threshold": 7.814727903251179, "N_raw": 31, "N_roi": 31, "N_inlier": 30, "refit": true}
{"timestamp": "16:48:52.432838", "frame": 112, "mu": [0.7552685781522761, 4.3293175428050645, 1.3813038742024395], "Sigma": [[0.015859791974603157, -0.004760600851517399, -0.007370502865223951], [-0.004760600851517399, 0.002669733989142325, -0.001472809013142242], [-0.0073705028652239525, -0.0014728090131422423, 0.02267484570272932]], "chi2_level": 0.95, "chi2_df": 3, "chi2_threshold": 7.814727903251179, "N_raw": 34, "N_roi": 29, "N_inlier": 27, "refit": true}
{"timestamp": "16:48:52.487322", "frame": 113, "mu": [0.7372191389984144, 4.380284281447115, 0.6375274463295652], "Sigma": [[0.01297477710504725, -0.0015959779837618848, -0.010955108373399643], [-0.001595977983761885, 0.006833231209339228, -0.01283623424828425], [-0.010955108373399643, -0.01283623424828425, 0.049661462789245193]], "chi2_level": 0.95, "chi2_df": 3, "chi2_threshold": 7.814727903251179, "N_raw": 35, "N_roi": 33, "N_inlier": 30, "refit": true}
{"timestamp": "16:48:52.539719", "frame": 114, "mu": [0.7260843884136745, 4.4629165919606, 1.1359185501315872], "Sigma": [[0.009004126356858108, -0.0025330900499933966, -0.008448733098189998], [-0.0025330900499933966, 0.0014076242537098902, -0.0007590289278533431], [-0.008448733098189998, -0.0007590289278533431, 0.030491476263353523]], "chi2_level": 0.95, "chi2_df": 3, "chi2_threshold": 7.814727903251179, "N_raw": 17, "N_roi": 17, "N_inlier": 16, "refit": true}
{"timestamp": "16:48:52.599057", "frame": 115, "mu": [0.8033051487910867, 4.331720643826369, 0.6435058495829987], "Sigma": [[0.019067007963328775, -0.0006218475040723492, 0.014015783013972152], [-0.0006218475040723492, 0.0106222177743044, 0.04968298798938382], [0.01401578301397215, 0.04968298798938382, 0.33420478007107474]], "chi2_level": 0.95, "chi2_df": 3, "chi2_threshold": 7.814727903251179, "N_raw": 53, "N_roi": 46, "N_inlier": 44, "refit": true}
{"timestamp": "16:48:52.651942", "frame": 116, "mu": [0.7575994484640626, 4.5311233239626665, 1.1401089701412004], "Sigma": [[0.012372477709214813, -0.004011039695316184, -0.019363519890088093], [-0.004011039695316184, 0.005890154091303242, 0.0405880835692443], [-0.019363519890088093, 0.0405880835692443, 0.31108880456536797]], "chi2_level": 0.95, "chi2_df": 3, "chi2_threshold": 7.814727903251179, "N_raw": 29, "N_roi": 20, "N_inlier": 19, "refit": true}
{"timestamp": "16:48:52.759105", "frame": 118, "mu": [0.9366122570077943, 4.627395454530415, 1.4393263450562088], "Sigma": [[0.009664555311697591, -6.294436975075052e-05, -0.005150530292302632], [-6.294436975075071e-05, 0.001694342150723529, -0.0032871466221975378], [-0.005150530292302632, -0.0032871466221975378, 0.011928219559098552]], "chi2_level": 0.95, "chi2_df": 3, "chi2_threshold": 7.814727903251179, "N_raw": 16, "N_roi": 16, "N_inlier": 15, "refit": true}
{"timestamp": "16:48:52.813990", "frame": 119, "mu": [0.9253769884582657, 4.722595616192031, 1.3560019092561548], "Sigma": [[0.006226015282143136, -0.0021675138498369927, -0.013242579644090317], [-0.0021675138498369927, 0.002397082977622542, -0.0038628881680493423], [-0.013242579644090317, -0.0038628881680493423, 0.10553518607984871]], "chi2_level": 0.95, "chi2_df": 3, "chi2_threshold": 7.814727903251179, "N_raw": 13, "N_roi": 13, "N_inlier": 12, "refit": true}
