{"timestamp": "17:16:06.571183", "frame": 1, "mu": [2.3447766538119543, 4.500094503710602, 1.5820802582943612], "Sigma": [[0.007880696097208172, -0.004863273698340266, 0.0011867692087781092], [-0.004863273698340266, 0.004138665904216117, -0.0008794750109673733], [0.001186769208778109, -0.0008794750109673733, 0.00019879152152573135]], "chi2_level": 0.95, "chi2_df": 3, "chi2_threshold": 7.814727903251179, "N_raw": 20, "N_roi": 12, "N_inlier": 11, "refit": true}
{"timestamp": "17:16:07.395517", "frame": 16, "mu": [2.307532041175739, 4.440906658847377, 1.3832760730417966], "Sigma": [[0.009095092176796547, -0.004238330026391194, 0.0011685187813486031], [-0.004238330026391194, 0.0035835489039686102, -0.0008102382713641354], [0.001168518781348603, -0.0008102382713641354, 0.0001950738533677068]], "chi2_level": 0.95, "chi2_df": 3, "chi2_threshold": 7.814727903251179, "N_raw": 19, "N_roi": 15, "N_inlier": 13, "refit": true}
{"timestamp": "17:16:07.450399", "frame": 17, "mu": [2.2585586947376974, 4.451469232117181, 1.3790393479220304], "Sigma": [[0.008837949117370502, -0.004074836093070107, 0.0011121039324509295], [-0.004074836093070106, 0.004200070976274014, -0.0008945444721115682], [0.0011121039324509295, -0.0008945444721115682, 0.00020378852415296706]], "chi2_level": 0.95, "chi2_df": 3, "chi2_threshold": 7.814727903251179, "N_raw": 19, "N_roi": 17, "N_inlier": 16, "refit": true}
{"timestamp": "17:16:07.506455", "frame": 18, "mu": [2.232675513756876, 4.479478718068626, 1.3554374744198743], "Sigma": [[0.01639797786470125, -0.00750769670294167, -0.0003261542705089007], [-0.00750769670294167, 0.0073888378060355375, -0.000701861311401847], [-0.0003261542705089007, -0.000701861311401847, 0.0004329047257649691]], "chi2_level": 0.95, "chi2_df": 3, "chi2_threshold": 7.814727903251179, "N_raw": 27, "N_roi": 26, "N_inlier": 26, "refit": true}
{"timestamp": "17:16:07.618795", "frame": 20, "mu": [2.2670424092714665, 4.5388006566320085, 1.1565906100441639], "Sigma": [[0.009906489484903276, -0.0034317044874002107, -0.0009653781949667086], [-0.0034317044874002107, 0.002944076986024019, -0.0012346241192066646], [-0.0009653781949667086, -0.0012346241192066646, 0.0027556662994716037]], "chi2_level": 0.95, "chi2_df": 3, "chi2_threshold": 7.814727903251179, "N_raw": 22, "N_roi": 15, "N_inlier": 13, "refit": true}
{"timestamp": "17:16:07.787116", "frame": 23, "mu": [2.1237759679537382, 4.523884686754492, 0.6124843082526396], "Sigma": [[0.029813667442179906, -0.009829797304611265, -0.012032902769107989], [-0.009829797304611265, 0.008050719256214237, 0.005183510759367415], [-0.012032902769107989, 0.005183510759367416, 0.007580443446133279]], "chi2_level": 0.95, "chi2_df": 3, "chi2_threshold": 7.814727903251179, "N_raw": 50, "N_roi": 43, "N_inlier": 43, "refit": true}
{"timestamp": "17:16:07.896808", "frame": 25, "mu": [2.0732990374123412, 4.510208473699964, 1.0465524954237226], "Sigma": [[0.03579754988746419, -0.01782921282980512, -0.011098640025167979], [-0.01782921282980512, 0.012094220475181541, 0.0039958975319070965], [-0.011098640025167979, 0.0039958975319070965, 0.0063465699476017755]], "chi2_level": 0.95, "chi2_df": 3, "chi2_threshold": 7.814727903251179, "N_raw": 45, "N_roi": 43, "N_inlier": 41, "refit": true}
{"timestamp": "17:16:07.950603", "frame": 26, "mu": [2.0443709960074963, 4.524626933694359, 1.062599101290182], "Sigma": [[0.028620636184537307, -0.012351312768157444, -0.008405027502063643], [-0.012351312768157445, 0.007706682635977365, 0.000873089208319298], [-0.008405027502063643, 0.0008730892083192982, 0.00946870672413755]], "chi2_level": 0.95, "chi2_df": 3, "chi2_threshold": 7.814727903251179, "N_raw": 37, "N_roi": 36, "N_inlier": 36, "refit": true}
{"timestamp": "17:16:08.004753", "frame": 27, "mu": [1.9896632595589094, 4.5083900935260885, 1.0082390403148918], "Sigma": [[0.017044325042820357, -0.010576541854193336, -0.007893150577070015], [-0.01057654185419334, 0.010665665778234806, 0.006624324127506893], [-0.007893150577070015, 0.006624324127506895, 0.009344529374959531]], "chi2_level": 0.95, "chi2_df": 3, "chi2_threshold": 7.814727903251179, "N_raw": 29, "N_roi": 28, "N_inlier": 27, "refit": true}
{"timestamp": "17:16:08.058912", "frame": 28, "mu": [1.994297263202117, 4.5209049158942936, 0.9425251382759131], "Sigma": [[0.015560133992721608, -0.00664067076853715, 0.0018640543505664628], [-0.00664067076853715, 0.0031655817875022125, -0.003933406763558512], [0.0018640543505664625, -0.003933406763558512, 0.03302124826692383]], "chi2_level": 0.95, "chi2_df": 3, "chi2_threshold": 7.814727903251179, "N_raw": 31, "N_roi": 28, "N_inlier": 27, "refit": true}
{"timestamp": "17:16:08.114645", "frame": 29, "mu": [2.036408893362067, 4.423368342658639, 0.9358770105705171], "Sigma": [[0.02241015097912954, -0.01050544324194087, -0.0033983859565436163], [-0.010505443241940868, 0.005944268813930479, -0.0011175708098058747], [-0.0033983859565436163, -0.0011175708098058739, 0.015516471721186241]], "chi2_level": 0.95, "chi2_df": 3, "chi2_threshold": 7.814727903251179, "N_raw": 36, "N_roi": 34, "N_inlier": 30, "refit": true}
{"timestamp": "17:16:08.222432", "frame": 31, "mu": [1.9282066879664854, 4.416173208013092, 0.8968644417060009], "Sigma": [[0.010570183126421018, -0.004929184748538566, -0.005937831056470545], [-0.004929184748538566, 0.0034510297667496572, 0.0024717246632127983], [-0.005937831056470545, 0.0024717246632127983, 0.005781702363127243]], "chi2_level": 0.95, "chi2_df": 3, "chi2_threshold": 7.814727903251179, "N_raw": 20, "N_roi": 17, "N_inlier": 14, "refit": true}
{"timestamp": "17:16:08.277292", "frame": 32, "mu": [1.822257091393836, 4.443862835185636, 1.2414762779463528], "Sigma": [[0.008058271948649528, -0.0034249573690611572, -0.004696228446891073], [-0.003424957369061157, 0.005572314685656035, 0.005282603521639905], [-0.004696228446891073, 0.005282603521639905, 0.006925777422893841]], "chi2_level": 0.95, "chi2_df": 3, "chi2_threshold": 7.814727903251179, "N_raw": 15, "N_roi": 12, "N_inlier": 12, "refit": true}
{"timestamp": "17:16:08.334855", "frame": 33, "mu": [1.7707373596345868, 4.42382541466896, 1.0205790513868507], "Sigma": [[0.02185536947477737, -0.011415594697110728, -0.014519301928734782], [-0.011415594697110728, 0.008773140931921832, 0.005903560942958162], [-0.014519301928734782, 0.005903560942958162, 0.014249706665634042]], "chi2_level": 0.95, "chi2_df": 3, "chi2_threshold": 7.814727903251179, "N_raw": 36, "N_roi": 36, "N_inlier": 35, "refit": true}
{"timestamp": "17:16:08.388665", "frame": 34, "mu": [1.6278058430205586, 4.3715830174216155, 1.3531990328603825], "Sigma": [[0.010290210168089745, -0.00249711234354006, -0.0006113559557275473], [-0.00249711234354006, 0.0025537699417762655, 6.900813816385307e-05], [-0.0006113559557275474, 6.900813816385305e-05, 0.0002122985939769217]], "chi2_level": 0.95, "chi2_df": 3, "chi2_threshold": 7.814727903251179, "N_raw": 22, "N_roi": 21, "N_inlier": 18, "refit": true}
{"timestamp": "17:16:08.442131", "frame": 35, "mu": [1.6437203314567106, 4.353286106056376, 1.339698190566664], "Sigma": [[0.011475704423892912, -0.004423065422991236, -0.0008037852750379412], [-0.004423065422991236, 0.0035775638438394815, -0.0027511040787337477], [-0.000803785275037941, -0.0027511040787337486, 0.012187161695183635]], "chi2_level": 0.95, "chi2_df": 3, "chi2_threshold": 7.814727903251179, "N_raw": 18, "N_roi": 18, "N_inlier": 16, "refit": true}
{"timestamp": "17:16:08.498816", "frame": 36, "mu": [1.5243498864537475, 4.379515148426483, 1.3889200578259118], "Sigma": [[0.018387875816966725, -0.006564973891096859, -0.004522846981901259], [-0.0065649738910968595, 0.005962744715310007, 0.0025168485101022876], [-0.004522846981901259, 0.002516848510102287, 0.005865335360112058]], "chi2_level": 0.95, "chi2_df": 3, "chi2_threshold": 7.814727903251179, "N_raw": 33, "N_roi": 33, "N_inlier": 32, "refit": true}
{"timestamp": "17:16:08.555308", "frame": 37, "mu": [1.486722276660721, 4.4584697634273995, 0.47324601966769536], "Sigma": [[0.01710685983882422, -0.0022008465113979338, -0.00013230753188702554], [-0.0022008465113979338, 0.003903474016453393, 0.006086958134473768], [-0.0001323075318870255, 0.006086958134473769, 0.01756952535283926]], "chi2_level": 0.95, "chi2_df": 3, "chi2_threshold": 7.814727903251179, "N_raw": 37, "N_roi": 35, "N_inlier": 34, "refit": true}
{"timestamp": "17:16:08.610643", "frame": 38, "mu": [1.362078451934785, 4.466316381459603, 1.4740618592085293], "Sigma": [[0.022102931594957086, -0.004131551780948044, -0.007789818998926053], [-0.004131551780948045, 0.008682176282652705, 0.013934005405840619], [-0.007789818998926054, 0.013934005405840619, 0.03348307860810175]], "chi2_level": 0.95, "chi2_df": 3, "chi2_threshold": 7.814727903251179, "N_raw": 46, "N_roi": 43, "N_inlier": 42, "refit": true}
{"timestamp": "17:16:08.662577", "frame": 39, "mu": [1.3023906307096988, 4.547016875426278, 1.3514642389533684], "Sigma": [[0.003454211551475738, -0.0005811083341332145, 0.012299340690815806], [-0.0005811083341332145, 0.011741456981046278, -0.028105729523160268], [0.012299340690815806, -0.028105729523160268, 0.24059887369055027]], "chi2_level": 0.95, "chi2_df": 3, "chi2_threshold": 7.814727903251179, "N_raw": 11, "N_roi": 11, "N_inlier": 11, "refit": true}
{"timestamp": "17:16:08.719757", "frame": 40, "mu": [1.2740794339226575, 4.449688220139829, 1.391139630890322], "Sigma": [[0.020615519307500094, -0.0032453533146432545, -0.006393527098016117], [-0.0032453533146432545, 0.009219286878000563, 0.00022287102082597194], [-0.0063935270980161165, 0.0002228710208259719, 0.005995854166582054]], "chi2_level": 0.95, "chi2_df": 3, "chi2_threshold": 7.814727903251179, "N_raw": 39, "N_roi": 39, "N_inlier": 39, "refit": true}
{"timestamp": "17:16:08.772185", "frame": 41, "mu": [1.2582866494485174, 4.668022898375583, 0.4872440465781115], "Sigma": [[0.012166316945948675, -0.0008917040729028241, -0.0187764820873408], [-0.0008917040729028238, 0.005211521175595931, -0.02993303036761968], [-0.018776482087340802, -0.02993303036761968, 0.2541638691032056]], "chi2_level": 0.95, "chi2_df": 3, "chi2_threshold": 7.814727903251179, "N_raw": 18, "N_roi": 15, "N_inlier": 14, "refit": true}
{"timestamp": "17:16:08.940626", "frame": 44, "mu": [1.1260037918721042, 4.492073317104872, 1.0881829006580888], "Sigma": [[0.012819291190415385, -0.004218788412668674, -0.007837248872879225], [-0.004218788412668674, 0.004349738143571972, -0.0015910559445274398], [-0.007837248872879225, -0.0015910559445274394, 0.016357569022308248]], "chi2_level": 0.95, "chi2_df": 3, "chi2_threshold": 7.814727903251179, "N_raw": 34, "N_roi": 31, "N_inlier": 30, "refit": true}
{"timestamp": "17:16:09.048949", "frame": 46, "mu": [0.9906490626671555, 4.575690657266033, 0.2033809099004919], "Sigma": [[0.01907985082982967, -0.001987365421394151, 0.0276757666518813], [-0.001987365421394151, 0.004088707187711795, -0.016429506662318818], [0.027675766651881296, -0.016429506662318818, 0.1940030121875347]], "chi2_level": 0.95, "chi2_df": 3, "chi2_threshold": 7.814727903251179, "N_raw": 25, "N_roi": 25, "N_inlier": 24, "refit": true}
{"timestamp": "17:16:09.105577", "frame": 47, "mu": [1.015350285260739, 4.52602770409335, -0.3795893094077426], "Sigma": [[0.025706302490000776, -0.004619781662544103, 0.0491710316379272], [-0.004619781662544103, 0.004228891298238331, -0.004357830932694245], [0.0491710316379272, -0.004357830932694245, 0.2041029375318542]], "chi2_level": 0.95, "chi2_df": 3, "chi2_threshold": 7.814727903251179, "N_raw": 39, "N_roi": 39, "N_inlier": 39, "refit": true}
{"timestamp": "17:16:09.159798", "frame": 48, "mu": [0.9539848827963279, 4.551646224352975, 1.5618376192147512], "Sigma": [[0.011947504421704402, -0.003780785382146561, -0.009003667065687145], [-0.003780785382146561, 0.004311472882464812, 0.0011758763650708238], [-0.009003667065687145, 0.001175876365070824, 0.014829971354939329]], "chi2_level": 0.95, "chi2_df": 3, "chi2_threshold": 7.814727903251179, "N_raw": 29, "N_roi": 29, "N_inlier": 26, "refit": true}
{"timestamp": "17:16:09.218997", "frame": 49, "mu": [0.8724263560818946, 4.6043881420979, 1.3420646186568783], "Sigma": [[0.027996405932626457, -0.009703530346077651, -0.007930932093889582], [-0.009703530346077651, 0.012203485362425258, -0.012081055609376383], [-0.007930932093889582, -0.012081055609376383, 0.036592499668014436]], "chi2_level": 0.95, "chi2_df": 3, "chi2_threshold": 7.814727903251179, "N_raw": 60, "N_roi": 58, "N_inlier": 56, "refit": true}
{"timestamp": "17:16:09.269809", "frame": 50, "mu": [0.7511602118346886, 4.658976841967518, 1.236380931352827], "Sigma": [[0.023915941942104058, -0.020524664754682523, 0.0010497264188950696], [-0.020524664754682523, 0.025224388454122452, -0.010231228947074919], [0.0010497264188950696, -0.01023122894707492, 0.023264818819923032]], "chi2_level": 0.95, "chi2_df": 3, "chi2_threshold": 7.814727903251179, "N_raw": 25, "N_roi": 25, "N_inlier": 25, "refit": true}
{"timestamp": "17:16:09.327447", "frame": 51, "mu": [0.7824769983910986, 4.562933902209942, 1.380017813826062], "Sigma": [[0.0142170783565942, -0.004194992258577182, -0.007014155915083907], [-0.004194992258577182, 0.008362649311079504, -0.005809088367146], [-0.007014155915083907, -0.005809088367146, 0.01637039616477655]], "chi2_level": 0.95, "chi2_df": 3, "chi2_threshold": 7.814727903251179, "N_raw": 55, "N_roi": 24, "N_inlier": 21, "refit": true}
{"timestamp": "17:16:09.376768", "frame": 52, "mu": [0.8022006308472865, 4.6244331216923324, 0.8940177481316154], "Sigma": [[0.02885882844642087, -0.01307915635211156, -0.05668494369106433], [-0.01307915635211156, 0.03106600843448808, -0.02218043624411086], [-0.056684943691064346, -0.02218043624411086, 0.2386318472858335]], "chi2_level": 0.95, "chi2_df": 3, "chi2_threshold": 7.814727903251179, "N_raw": 10, "N_roi": 10, "N_inlier": 10, "refit": true}
{"timestamp": "17:16:09.545510", "frame": 55, "mu": [0.6116712813620281, 4.3838457076718775, 1.3075780179184202], "Sigma": [[0.01955766610399272, -0.002172812573191831, -0.009699551508873182], [-0.0021728125731918305, 0.002607862879918221, -0.00038264792087946124], [-0.009699551508873182, -0.00038264792087946124, 0.008740563818460128]], "chi2_level": 0.95, "chi2_df": 3, "chi2_threshold": 7.814727903251179, "N_raw": 36, "N_roi": 34, "N_inlier": 33, "refit": true}
{"timestamp": "17:16:09.599805", "frame": 56, "mu": [0.5218866178507999, 4.438606615199905, 0.5977459814243352], "Sigma": [[0.010075343329464661, 0.001566650460352471, 0.0014302194463045124], [0.001566650460352471, 0.0029738904449100063, 0.0040657238524057044], [0.0014302194463045124, 0.0040657238524057044, 0.008910052443963966]], "chi2_level": 0.95, "chi2_df": 3, "chi2_threshold": 7.814727903251179, "N_raw": 30, "N_roi": 27, "N_inlier": 26, "refit": true}
{"timestamp": "17:16:09.711217", "frame": 58, "mu": [0.4181606129739723, 4.449657241919919, -0.1672250017620664], "Sigma": [[0.019674382302447186, 0.0017193221391312236, 0.06546203601609522], [0.001719322139131224, 0.00461753891971874, 0.010475774882437216], [0.06546203601609522, 0.010475774882437216, 0.319043624513716]], "chi2_level": 0.95, "chi2_df": 3, "chi2_threshold": 7.814727903251179, "N_raw": 45, "N_roi": 42, "N_inlier": 42, "refit": true}
{"timestamp": "17:16:09.769601", "frame": 59, "mu": [0.34831686416225893, 4.452137717621493, 1.5733619392640394], "Sigma": [[0.0235827863466621, 0.0014960722366020036, 0.0041921958902861895], [0.0014960722366020036, 0.009986879833916062, 0.009676599489853546], [0.0041921958902861895, 0.009676599489853544, 0.0169576886744812]], "chi2_level": 0.95, "chi2_df": 3, "chi2_threshold": 7.814727903251179, "N_raw": 62, "N_roi": 61, "N_inlier": 60, "refit": true}
{"timestamp": "17:16:09.821992", "frame": 60, "mu": [0.25335272935297565, 4.360493182435268, 0.5403187981205994], "Sigma": [[0.020167412856282395, 0.0010600865494213806, -0.008113977754425733], [0.0010600865494213797, 0.002622378366301069, -0.0016846702372328882], [-0.008113977754425733, -0.0016846702372328882, 0.005126791447891739]], "chi2_level": 0.95, "chi2_df": 3, "chi2_threshold": 7.814727903251179, "N_raw": 43, "N_roi": 32, "N_inlier": 29, "refit": true}
{"timestamp": "17:16:09.927259", "frame": 62, "mu": [0.193721979528395, 4.517414541667713, 1.165987015629221], "Sigma": [[0.0012559768039319026, -0.0009723037452620755, -0.014279954346998103], [-0.0009723037452620755, 0.01990270381223258, -0.05779772690929088], [-0.014279954346998101, -0.05779772690929087, 0.47614164338100146]], "chi2_level": 0.95, "chi2_df": 3, "chi2_threshold": 7.814727903251179, "N_raw": 11, "N_roi": 10, "N_inlier": 10, "refit": true}
{"timestamp": "17:16:10.044335", "frame": 64, "mu": [0.127683246768595, 4.468174522475262, 1.6899456569626052], "Sigma": [[0.022957589540134674, -0.00047423594703726815, -0.009476832456094913], [-0.00047423594703726815, 0.008188993310546483, 0.006185415635446782], [-0.009476832456094913, 0.006185415635446782, 0.010740328375774941]], "chi2_level": 0.95, "chi2_df": 3, "chi2_threshold": 7.814727903251179, "N_raw": 63, "N_roi": 63, "N_inlier": 59, "refit": true}
{"timestamp": "17:16:10.094235", "frame": 65, "mu": [0.10096574944460315, 4.542312320788929, 1.4289898529632457], "Sigma": [[0.017540527431668035, -0.0011002949294269572, -0.00825949964170312], [-0.001100294929426957, 0.0014747083446424796, -0.00029446543379864414], [-0.008259499641703121, -0.0002944654337986443, 0.006752600478397006]], "chi2_level": 0.95, "chi2_df": 3, "chi2_threshold": 7.814727903251179, "N_raw": 26, "N_roi": 26, "N_inlier": 23, "refit": true}
{"timestamp": "17:16:10.207254", "frame": 67, "mu": [0.03449041878860869, 4.4667943695269585, 1.3146119361764501], "Sigma": [[0.018913369797332012, -0.00042168086538315404, -0.02366577426162266], [-0.00042168086538315404, 0.002082570340687385, -0.007265941809804296], [-0.023665774261622665, -0.007265941809804296, 0.07663080153452109]], "chi2_level": 0.95, "chi2_df": 3, "chi2_threshold": 7.814727903251179, "N_raw": 49, "N_roi": 46, "N_inlier": 43, "refit": true}
{"timestamp": "17:16:10.257470", "frame": 68, "mu": [0.03128552274106424, 4.5215534898542895, 1.621487115426306], "Sigma": [[0.006014089323520345, 0.0005056259400097381, 0.0016486467899180447], [0.0005056259400097381, 0.0034181867963025674, 0.006048771551750079], [0.0016486467899180447, 0.006048771551750079, 0.01208440740601251]], "chi2_level": 0.95, "chi2_df": 3, "chi2_threshold": 7.814727903251179, "N_raw": 16, "N_roi": 11, "N_inlier": 10, "refit": true}
{"timestamp": "17:16:10.312304", "frame": 69, "mu": [0.019904632459181875, 4.413604040873963, 1.4206995037413601], "Sigma": [[0.0061278382006174316, -0.002597539935898965, -0.005591393602548627], [-0.002597539935898965, 0.006743404863388062, 0.01009770088026394], [-0.005591393602548627, 0.01009770088026394, 0.01705556148020761]], "chi2_level": 0.95, "chi2_df": 3, "chi2_threshold": 7.814727903251179, "N_raw": 15, "N_roi": 11, "N_inlier": 11, "refit": true}
{"timestamp": "17:16:10.460581", "frame": 70, "mu": [-0.049619513593169594, 4.438088046628491, 0.6088648342863027], "Sigma": [[0.018215501892178493, 0.0008177598227400126, -0.009143786962254381], [0.0008177598227400128, 0.0020648477114365775, 0.002745777262298981], [-0.009143786962254381, 0.002745777262298981, 0.012514897398252234]], "chi2_level": 0.95, "chi2_df": 3, "chi2_threshold": 7.814727903251179, "N_raw": 35, "N_roi": 35, "N_inlier": 33, "refit": true}
{"timestamp": "17:16:10.473336", "frame": 71, "mu": [-0.18087892840908376, 4.4643671291769085, 1.32571699262858], "Sigma": [[0.019884599905080083, -0.0035903216590812753, -0.014002560425615866], [-0.0035903216590812753, 0.005538347386104811, 0.003991552904645911], [-0.014002560425615866, 0.003991552904645911, 0.012369678616783083]], "chi2_level": 0.95, "chi2_df": 3, "chi2_threshold": 7.814727903251179, "N_raw": 43, "N_roi": 40, "N_inlier": 38, "refit": true}
{"timestamp": "17:16:10.504380", "frame": 72, "mu": [-0.19041954754796814, 4.463496050780271, 1.3864460815524002], "Sigma": [[0.016554074325252608, -0.015571607815542754, 0.020833927773825926], [-0.015571607815542754, 0.020104169859173227, -0.026765123033913103], [0.020833927773825926, -0.026765123033913103, 0.04111934896793219]], "chi2_level": 0.95, "chi2_df": 3, "chi2_threshold": 7.814727903251179, "N_raw": 14, "N_roi": 12, "N_inlier": 11, "refit": true}
{"timestamp": "17:16:10.538926", "frame": 73, "mu": [-0.19690495540662167, 4.376478003062182, 1.2535074850767585], "Sigma": [[0.024640899188199415, -0.002884113090795324, -0.01222770078506127], [-0.002884113090795324, 0.005352981112788675, 0.0010186704103407871], [-0.01222770078506127, 0.0010186704103407871, 0.008183978377559102]], "chi2_level": 0.95, "chi2_df": 3, "chi2_threshold": 7.814727903251179, "N_raw": 53, "N_roi": 53, "N_inlier": 49, "refit": true}
{"timestamp": "17:16:10.591277", "frame": 74, "mu": [-0.2324654286431312, 4.397679425529778, 1.1970470027506206], "Sigma": [[0.020214102979085168, -0.0022228723307111567, -0.0046647708871326524], [-0.0022228723307111567, 0.002613915266430595, -0.003127941034916768], [-0.004664770887132652, -0.003127941034916767, 0.008867175210632535]], "chi2_level": 0.95, "chi2_df": 3, "chi2_threshold": 7.814727903251179, "N_raw": 41, "N_roi": 40, "N_inlier": 38, "refit": true}
{"timestamp": "17:16:10.699665", "frame": 76, "mu": [-0.4325447653310554, 4.404878488446902, 1.2163394170204618], "Sigma": [[0.020468364457689146, 0.0019738721669244627, -0.008186318201427338], [0.0019738721669244627, 0.020686341599032432, -0.040118206203044904], [-0.008186318201427338, -0.040118206203044904, 0.08350740795339205]], "chi2_level": 0.95, "chi2_df": 3, "chi2_threshold": 7.814727903251179, "N_raw": 39, "N_roi": 38, "N_inlier": 37, "refit": true}
{"timestamp": "17:16:10.924821", "frame": 80, "mu": [-0.6261962319040094, 4.340251567550297, 1.350787135633436], "Sigma": [[0.02838655175661908, 0.0011482751039181996, -0.00756848530472368], [0.0011482751039181998, 0.00582245777120568, -0.006631636570878951], [-0.00756848530472368, -0.006631636570878951, 0.011238094355824011]], "chi2_level": 0.95, "chi2_df": 3, "chi2_threshold": 7.814727903251179, "N_raw": 63, "N_roi": 63, "N_inlier": 59, "refit": true}
{"timestamp": "17:16:10.979089", "frame": 81, "mu": [-0.694652428104368, 4.354695195921652, 0.546704011148891], "Sigma": [[0.02385214454688738, 0.004488017780255909, -0.004629615950506982], [0.004488017780255909, 0.008785054600095024, -0.005466118601596971], [-0.004629615950506982, -0.005466118601596971, 0.004858437189394288]], "chi2_level": 0.95, "chi2_df": 3, "chi2_threshold": 7.814727903251179, "N_raw": 56, "N_roi": 56, "N_inlier": 53, "refit": true}
{"timestamp": "17:16:11.029993", "frame": 82, "mu": [-0.7537467179060918, 4.338476795443207, 1.521404026383134], "Sigma": [[0.013206035476881624, -5.9020024146845236e-05, -0.0006436599021193791], [-5.9020024146845345e-05, 0.00301951593124746, -0.0002760348245778133], [-0.0006436599021193791, -0.0002760348245778133, 0.00011503905302494853]], "chi2_level": 0.95, "chi2_df": 3, "chi2_threshold": 7.814727903251179, "N_raw": 30, "N_roi": 30, "N_inlier": 28, "refit": true}
{"timestamp": "17:16:11.084214", "frame": 83, "mu": [-0.872688069103366, 4.272498957138601, 1.4930310599155239], "Sigma": [[0.015151778172923782, 0.0017194685053860109, -0.005658557808474933], [0.0017194685053860104, 0.0013070088856221203, -0.0025199986301348], [-0.005658557808474933, -0.0025199986301348, 0.00977999892523241]], "chi2_level": 0.95, "chi2_df": 3, "chi2_threshold": 7.814727903251179, "N_raw": 31, "N_roi": 25, "N_inlier": 23, "refit": true}
{"timestamp": "17:16:11.141335", "frame": 84, "mu": [-0.8875873798576259, 4.3292717459306616, 0.3522476745961449], "Sigma": [[0.01798381337776961, 0.005371673337973972, 0.02082248255523605], [0.005371673337973971, 0.028686064861842112, -0.040651868290980546], [0.02082248255523605, -0.04065186829098055, 0.24710891500140825]], "chi2_level": 0.95, "chi2_df": 3, "chi2_threshold": 7.814727903251179, "N_raw": 41, "N_roi": 39, "N_inlier": 37, "refit": true}
{"timestamp": "17:16:11.200698", "frame": 85, "mu": [-0.9557740765684585, 4.364496377123283, 1.502613294591071], "Sigma": [[0.024587714600141627, 0.003495244390903227, -0.013570789690502905], [0.003495244390903227, 0.007174011067465752, -0.006759210482829883], [-0.013570789690502905, -0.006759210482829884, 0.013629430785954414]], "chi2_level": 0.95, "chi2_df": 3, "chi2_threshold": 7.814727903251179, "N_raw": 68, "N_roi": 65, "N_inlier": 63, "refit": true}
{"timestamp": "17:16:11.254609", "frame": 86, "mu": [-0.9741788233426685, 4.385541202169048, 0.611093826904152], "Sigma": [[0.020848826553434084, 0.005404749409753287, -0.004641994089669635], [0.005404749409753287, 0.0117304153680688, -0.010735132022508923], [-0.004641994089669635, -0.010735132022508923, 0.014088497078001052]], "chi2_level": 0.95, "chi2_df": 3, "chi2_threshold": 7.814727903251179, "N_raw": 64, "N_roi": 62, "N_inlier": 58, "refit": true}
{"timestamp": "17:16:11.363506", "frame": 88, "mu": [-1.0741703253456196, 4.4033335959897, 1.0925307359671266], "Sigma": [[0.018118933386767684, -0.0006823332343322444, 0.007066780457801142], [-0.0006823332343322445, 0.0071624666810502285, -0.028135774092349596], [0.007066780457801143, -0.0281357740923496, 0.12971041082765863]], "chi2_level": 0.95, "chi2_df": 3, "chi2_threshold": 7.814727903251179, "N_raw": 57, "N_roi": 55, "N_inlier": 53, "refit": true}
{"timestamp": "17:16:11.420498", "frame": 89, "mu": [-1.1157220561365448, 4.430634584336815, 1.1091618076605927], "Sigma": [[0.024090989071680793, 0.002014556539137052, 0.013249647465067916], [0.002014556539137052, 0.002800112539409992, -0.009989298701170162], [0.013249647465067916, -0.009989298701170162, 0.10507723940783703]], "chi2_level": 0.95, "chi2_df": 3, "chi2_threshold": 7.814727903251179, "N_raw": 67, "N_roi": 65, "N_inlier": 64, "refit": true}
{"timestamp": "17:16:11.474754", "frame": 90, "mu": [-1.0504307875748822, 4.391404527565027, 0.3207262213885069], "Sigma": [[0.011146033284580087, 0.0008991296062785805, 0.03436611854365129], [0.0008991296062785804, 0.0028411591876859295, 0.008877566409064666], [0.03436611854365129, 0.008877566409064664, 0.244698811830601]], "chi2_level": 0.95, "chi2_df": 3, "chi2_threshold": 7.814727903251179, "N_raw": 28, "N_roi": 26, "N_inlier": 25, "refit": true}
{"timestamp": "17:16:11.522286", "frame": 91, "mu": [-1.1470618612720442, 4.330083615184007, 1.3130910601387338], "Sigma": [[0.01091508632448361, 0.002104177369016172, -0.006586610776774982], [0.002104177369016172, 0.0015609854877870713, -0.0030439516334477704], [-0.006586610776774981, -0.0030439516334477704, 0.009926421253727868]], "chi2_level": 0.95, "chi2_df": 3, "chi2_threshold": 7.814727903251179, "N_raw": 19, "N_roi": 19, "N_inlier": 16, "refit": true}
{"timestamp": "17:16:11.797957", "frame": 96, "mu": [-1.380441681121865, 4.319608005976147, 1.110763977926092], "Sigma": [[0.00886072046359302, 0.0036124761449797226, -0.00864455227363574], [0.003612476144979722, 0.016169795190880017, -0.03237633876267465], [-0.00864455227363574, -0.03237633876267465, 0.06896400057260468]], "chi2_level": 0.95, "chi2_df": 3, "chi2_threshold": 7.814727903251179, "N_raw": 17, "N_roi": 15, "N_inlier": 14, "refit": true}
{"timestamp": "17:16:11.852736", "frame": 97, "mu": [-1.4935625484112622, 4.350127369117705, 1.2372869132793498], "Sigma": [[0.006680189236858149, 0.0015430577005359142, -0.0028576143183004967], [0.0015430577005359145, 0.013974188776953852, -0.02700415471681878], [-0.0028576143183004963, -0.02700415471681878, 0.0848431875162644]], "chi2_level": 0.95, "chi2_df": 3, "chi2_threshold": 7.814727903251179, "N_raw": 15, "N_roi": 12, "N_inlier": 12, "refit": true}
{"timestamp": "17:16:11.907271", "frame": 98, "mu": [-1.5949555097692452, 4.357808856432527, 1.4184791811353161], "Sigma": [[0.0027990945545818035, 0.0030261953328680168, -0.00876295950512657], [0.0030261953328680163, 0.013016705145383124, -0.030158033211230784], [-0.00876295950512657, -0.030158033211230784, 0.09180393608624865]], "chi2_level": 0.95, "chi2_df": 3, "chi2_threshold": 7.814727903251179, "N_raw": 15, "N_roi": 13, "N_inlier": 13, "refit": true}
{"timestamp": "17:16:12.084991", "frame": 100, "mu": [-1.7218684131325734, 4.262040889242765, 1.7034666776170804], "Sigma": [[0.0160797697942522, 0.00555051668790164, -0.007987793692184449], [0.00555051668790164, 0.006304253863370509, -0.00038715097532980466], [-0.007987793692184449, -0.00038715097532980466, 0.0066481021670587274]], "chi2_level": 0.95, "chi2_df": 3, "chi2_threshold": 7.814727903251179, "N_raw": 32, "N_roi": 32, "N_inlier": 31, "refit": true}
{"timestamp": "17:16:12.182459", "frame": 103, "mu": [-1.8791120396868313, 4.24380210137127, 1.7498959247666823], "Sigma": [[0.008555128358738293, 0.004076285532345437, -0.0026658811840933987], [0.004076285532345436, 0.004417676465150334, -0.0010219443155807526], [-0.0026658811840933987, -0.0010219443155807528, 0.0009949669717732787]], "chi2_level": 0.95, "chi2_df": 3, "chi2_threshold": 7.814727903251179, "N_raw": 18, "N_roi": 16, "N_inlier": 15, "refit": true}
{"timestamp": "17:16:12.352008", "frame": 106, "mu": [-1.9922001150763602, 4.252937319149979, 1.3910928415711696], "Sigma": [[0.027004711318861445, 0.009770713873146888, -0.019655616689946132], [0.009770713873146888, 0.006867319060021546, -0.01165975309221803], [-0.019655616689946132, -0.011659753092218032, 0.02313761229094221]], "chi2_level": 0.95, "chi2_df": 3, "chi2_threshold": 7.814727903251179, "N_raw": 45, "N_roi": 41, "N_inlier": 40, "refit": true}
{"timestamp": "17:16:12.512256", "frame": 109, "mu": [-2.1535953761694686, 4.278588874154549, 1.4798335141088734], "Sigma": [[0.010638522561144361, 0.0050717669659748185, -0.018501954912928387], [0.0050717669659748185, 0.003367542274964352, -0.01110284174962444], [-0.018501954912928387, -0.011102841749624438, 0.09103639590319818]], "chi2_level": 0.95, "chi2_df": 3, "chi2_threshold": 7.814727903251179, "N_raw": 16, "N_roi": 14, "N_inlier": 12, "refit": true}
{"timestamp": "17:16:12.570899", "frame": 110, "mu": [-2.1838289970187614, 4.29968472754827, 1.4462450348727691], "Sigma": [[0.023758475907226843, 0.008495647567099283, -0.013686697158506143], [0.008495647567099283, 0.00546981376323125, -0.007984937760307878], [-0.013686697158506143, -0.007984937760307878, 0.016673256106522955]], "chi2_level": 0.95, "chi2_df": 3, "chi2_threshold": 7.814727903251179, "N_raw": 38, "N_roi": 34, "N_inlier": 32, "refit": true}
{"timestamp": "17:16:12.623536", "frame": 111, "mu": [-2.2451426172914672, 4.269553299499087, 1.6684381683275513], "Sigma": [[0.015761096319984853, 0.007805648105322006, -0.0067262931785089415], [0.007805648105322006, 0.0064475334783695845, -0.0006530318241099552], [-0.0067262931785089415, -0.0006530318241099551, 0.009802721726849921]], "chi2_level": 0.95, "chi2_df": 3, "chi2_threshold": 7.814727903251179, "N_raw": 25, "N_roi": 24, "N_inlier": 21, "refit": true}
{"timestamp": "17:16:12.676201", "frame": 112, "mu": [-2.2755160800523675, 4.226780056507439, 1.2656209468448096], "Sigma": [[0.005040778742434454, -0.0027670587774574667, 0.0025729397268991483], [-0.0027670587774574667, 0.006224715768741128, -0.01074803342879346], [0.0025729397268991483, -0.01074803342879346, 0.03664809993201966]], "chi2_level": 0.95, "chi2_df": 3, "chi2_threshold": 7.814727903251179, "N_raw": 11, "N_roi": 11, "N_inlier": 11, "refit": true}
{"timestamp": "17:16:12.732904", "frame": 113, "mu": [-2.300373069165342, 4.130978427028059, 1.3592501536376962], "Sigma": [[0.011039664051627759, 0.0038214963996503096, -0.00810712798945294], [0.0038214963996503096, 0.00370751567997655, -0.0028026117827898403], [-0.008107127989452938, -0.00280261178278984, 0.007383392754633139]], "chi2_level": 0.95, "chi2_df": 3, "chi2_threshold": 7.814727903251179, "N_raw": 24, "N_roi": 20, "N_inlier": 18, "refit": true}
{"timestamp": "17:16:12.786302", "frame": 114, "mu": [-2.2853548579974787, 4.084458615226846, 1.183359458841502], "Sigma": [[0.008591547859100468, 0.002582876336493359, -0.007770723194557402], [0.002582876336493359, 0.004491337088874926, 0.0009912871778516058], [-0.0077707231945574025, 0.0009912871778516058, 0.012183606788101086]], "chi2_level": 0.95, "chi2_df": 3, "chi2_threshold": 7.814727903251179, "N_raw": 12, "N_roi": 12, "N_inlier": 11, "refit": true}
