{"timestamp": "16:47:46.992639", "frame": 49, "mu": [1.4155715818136965, 1.2096740823148542, 1.6951749814201404], "Sigma": [[0.0053079298742633434, -0.0036935311665867686, -0.0010550514216389072], [-0.0036935311665867686, 0.006250163425633077, 0.00013697554163984678], [-0.0010550514216389072, 0.00013697554163984675, 0.0006559899527961454]], "chi2_level": 0.95, "chi2_df": 3, "chi2_threshold": 7.814727903251179, "N_raw": 28, "N_roi": 28, "N_inlier": 26, "refit": true}
{"timestamp": "16:47:47.048738", "frame": 50, "mu": [1.397428584457699, 1.2388682031313814, 1.701353234226114], "Sigma": [[0.007253439992568021, -0.004292021914948797, -0.0005610019015072436], [-0.004292021914948797, 0.006974635167477824, 0.00018274718594342502], [-0.0005610019015072436, 0.00018274718594342502, 0.00034346235790531454]], "chi2_level": 0.95, "chi2_df": 3, "chi2_threshold": 7.814727903251179, "N_raw": 35, "N_roi": 35, "N_inlier": 34, "refit": true}
{"timestamp": "16:47:47.102825", "frame": 51, "mu": [1.2595229600064821, 1.256348728635044, 1.2872816046732432], "Sigma": [[0.004795271678577532, 0.008760500894628476, -0.013039388919710238], [0.008760500894628475, 0.0190733550903846, -0.026905960865246395], [-0.013039388919710238, -0.0269059608652464, 0.05289866035396336]], "chi2_level": 0.95, "chi2_df": 3, "chi2_threshold": 7.814727903251179, "N_raw": 12, "N_roi": 12, "N_inlier": 10, "refit": true}
{"timestamp": "16:47:47.159272", "frame": 52, "mu": [1.2088992067655226, 1.2340053033204792, -0.5745568305678892], "Sigma": [[0.004318531968950924, 0.00297348048427189, 0.006579442905859446], [0.0029734804842718905, 0.004562102488995252, 0.007758107022479686], [0.006579442905859448, 0.007758107022479686, 0.02843834401543735]], "chi2_level": 0.95, "chi2_df": 3, "chi2_threshold": 7.814727903251179, "N_raw": 26, "N_roi": 26, "N_inlier": 24, "refit": true}
{"timestamp": "16:47:47.213853", "frame": 53, "mu": [1.136408796356021, 1.27763183195157, 1.422577834985405], "Sigma": [[0.0024265521094613348, 0.00043143713291246414, 0.0011956394850463367], [0.00043143713291246425, 0.007991880645355349, 0.005805822388819441], [0.0011956394850463365, 0.005805822388819441, 0.0049481272689187675]], "chi2_level": 0.95, "chi2_df": 3, "chi2_threshold": 7.814727903251179, "N_raw": 21, "N_roi": 21, "N_inlier": 20, "refit": true}
{"timestamp": "16:47:47.324708", "frame": 55, "mu": [1.0367763186519248, 1.348292652391307, 1.4548022039716957], "Sigma": [[0.004049498405456988, -0.0006143693664514853, 0.0004981613575649656], [-0.0006143693664514851, 0.004898573879662593, 0.002437643300294093], [0.0004981613575649654, 0.0024376433002940927, 0.0016408835538069052]], "chi2_level": 0.95, "chi2_df": 3, "chi2_threshold": 7.814727903251179, "N_raw": 31, "N_roi": 31, "N_inlier": 28, "refit": true}
{"timestamp": "16:47:47.437578", "frame": 57, "mu": [0.9573474237976927, 1.3878011332189644, 1.391747679669689], "Sigma": [[0.006022783287708067, 0.0009453667225939554, 0.00045718677639828913], [0.0009453667225939552, 0.005732682919047906, 0.0015167420487416843], [0.0004571867763982891, 0.0015167420487416843, 0.0006156974183331655]], "chi2_level": 0.95, "chi2_df": 3, "chi2_threshold": 7.814727903251179, "N_raw": 43, "N_roi": 43, "N_inlier": 43, "refit": true}
{"timestamp": "16:47:47.489857", "frame": 58, "mu": [0.9096541778165375, 1.3586389898689697, 1.3004181090036795], "Sigma": [[0.0035096966822832725, -0.0006474984323065181, -0.0004569659210843743], [-0.0006474984323065181, 0.002795793982403293, -7.063202984459519e-06], [-0.0004569659210843744, -7.0632029844595054e-06, 0.00024392268428948137]], "chi2_level": 0.95, "chi2_df": 3, "chi2_threshold": 7.814727903251179, "N_raw": 29, "N_roi": 29, "N_inlier": 27, "refit": true}
{"timestamp": "16:47:47.549777", "frame": 59, "mu": [0.9033518559441183, 1.5657506844719478, -0.19131892715012366], "Sigma": [[0.0063207683843877335, 0.0027250513146945825, 0.0014728043215468146], [0.0027250513146945825, 0.010177207859957406, 0.006200981317163703], [0.0014728043215468146, 0.006200981317163703, 0.004835458869901596]], "chi2_level": 0.95, "chi2_df": 3, "chi2_threshold": 7.814727903251179, "N_raw": 58, "N_roi": 58, "N_inlier": 54, "refit": true}
{"timestamp": "16:47:47.603976", "frame": 60, "mu": [0.8626653027875268, 1.450944108938669, 1.3056966340119796], "Sigma": [[0.005178995066092385, 0.0022339918200356855, -0.001115834498148273], [0.0022339918200356855, 0.008260841719766347, 2.486081515464638e-05], [-0.0011158344981482729, 2.486081515464641e-05, 0.002273214393950225]], "chi2_level": 0.95, "chi2_df": 3, "chi2_threshold": 7.814727903251179, "N_raw": 54, "N_roi": 53, "N_inlier": 50, "refit": true}
{"timestamp": "16:47:47.660971", "frame": 61, "mu": [0.8507247049572506, 1.5659765731235276, -0.46593318597934186], "Sigma": [[0.006855184468866967, 0.0025909537029746646, 0.0074763906314176225], [0.002590953702974665, 0.01086998608451876, 0.011044099464992478], [0.0074763906314176225, 0.011044099464992477, 0.04596537945021642]], "chi2_level": 0.95, "chi2_df": 3, "chi2_threshold": 7.814727903251179, "N_raw": 70, "N_roi": 70, "N_inlier": 67, "refit": true}
{"timestamp": "16:47:47.718702", "frame": 62, "mu": [0.8600924683226634, 1.5569692460032039, 1.0948621563236052], "Sigma": [[0.011821393151285992, -0.007816309893567623, -0.05052749963510669], [-0.007816309893567623, 0.022166447780725955, 0.07823342751967535], [-0.05052749963510669, 0.07823342751967535, 0.4700611901024157]], "chi2_level": 0.95, "chi2_df": 3, "chi2_threshold": 7.814727903251179, "N_raw": 84, "N_roi": 84, "N_inlier": 83, "refit": true}
{"timestamp": "16:47:47.772049", "frame": 63, "mu": [0.7841583088755482, 1.658215056712456, -0.5012418712674984], "Sigma": [[0.006741640978693535, 0.005139342439416902, 0.020075685893183252], [0.005139342439416902, 0.009379177773690421, 0.02876366844752324], [0.020075685893183252, 0.02876366844752324, 0.27534506906487927]], "chi2_level": 0.95, "chi2_df": 3, "chi2_threshold": 7.814727903251179, "N_raw": 70, "N_roi": 70, "N_inlier": 66, "refit": true}
{"timestamp": "16:47:47.828486", "frame": 64, "mu": [0.8016824318523598, 1.5581178123563209, 0.7672282650021375], "Sigma": [[0.008625250851439588, -0.004556957749062386, -0.024468517771691414], [-0.004556957749062386, 0.009387645018840452, 0.060188632855138396], [-0.024468517771691414, 0.060188632855138396, 0.5452006287492952]], "chi2_level": 0.95, "chi2_df": 3, "chi2_threshold": 7.814727903251179, "N_raw": 83, "N_roi": 83, "N_inlier": 79, "refit": true}
{"timestamp": "16:47:47.878988", "frame": 65, "mu": [0.810097536606946, 1.54963034069264, 0.09262655923293774], "Sigma": [[0.008299742783875417, -0.01085055665803316, -0.03067127093888613], [-0.01085055665803316, 0.0358584359559953, 0.09299975764684128], [-0.03067127093888613, 0.09299975764684129, 0.44978039757039395]], "chi2_level": 0.95, "chi2_df": 3, "chi2_threshold": 7.814727903251179, "N_raw": 51, "N_roi": 51, "N_inlier": 49, "refit": true}
{"timestamp": "16:47:47.940044", "frame": 66, "mu": [0.7119171856762783, 1.6566558156374538, 0.7715106620533084], "Sigma": [[0.014100339495910347, -0.0061401461199520595, -0.060292965140234286], [-0.0061401461199520595, 0.01571227936584456, 0.06487878997746466], [-0.06029296514023428, 0.06487878997746466, 0.6512180646321798]], "chi2_level": 0.95, "chi2_df": 3, "chi2_threshold": 7.814727903251179, "N_raw": 90, "N_roi": 88, "N_inlier": 87, "refit": true}
{"timestamp": "16:47:47.993599", "frame": 67, "mu": [0.6679654186588256, 1.9183058949324936, -0.6633592499451227], "Sigma": [[0.015102677434625402, 0.011742422194153168, -0.07021183715576923], [0.011742422194153172, 0.02085744147970372, -0.09754851129023967], [-0.07021183715576923, -0.09754851129023968, 0.6089860575830821]], "chi2_level": 0.95, "chi2_df": 3, "chi2_threshold": 7.814727903251179, "N_raw": 73, "N_roi": 72, "N_inlier": 71, "refit": true}
{"timestamp": "16:47:48.049169", "frame": 68, "mu": [0.5895648545143961, 1.7126137157170314, 0.774037482422552], "Sigma": [[0.01129425530148181, -0.004777056739214294, -0.05979254494918386], [-0.004777056739214294, 0.006489839123366093, 0.037268358334883935], [-0.05979254494918387, 0.037268358334883935, 0.6456835521331478]], "chi2_level": 0.95, "chi2_df": 3, "chi2_threshold": 7.814727903251179, "N_raw": 80, "N_roi": 80, "N_inlier": 79, "refit": true}
{"timestamp": "16:47:48.204460", "frame": 69, "mu": [0.5644439685848655, 1.7870530779709235, 1.0143228976104037], "Sigma": [[0.009234957770332253, 0.00032118178475825987, -0.03504555010213018], [0.0003211817847582599, 0.0033460753354660764, 0.006969784271289645], [-0.03504555010213018, 0.006969784271289645, 0.4545859936897886]], "chi2_level": 0.95, "chi2_df": 3, "chi2_threshold": 7.814727903251179, "N_raw": 52, "N_roi": 52, "N_inlier": 51, "refit": true}
{"timestamp": "16:47:48.237122", "frame": 70, "mu": [0.4996967776875274, 1.8315432218481082, 1.3540468906477345], "Sigma": [[0.006624818475468229, 0.0019351387050179814, 0.000876418547229952], [0.0019351387050179812, 0.005799972799859208, -0.0005034869806192987], [0.000876418547229952, -0.0005034869806192987, 0.00111012119416642]], "chi2_level": 0.95, "chi2_df": 3, "chi2_threshold": 7.814727903251179, "N_raw": 64, "N_roi": 63, "N_inlier": 58, "refit": true}
{"timestamp": "16:47:48.267064", "frame": 71, "mu": [0.47857749478105704, 1.8499067192344307, 1.1580672092913207], "Sigma": [[0.004293193957234342, -0.00041898319768578815, 0.0071115538716001086], [-0.000418983197685788, 0.0032322523362576334, -0.006687725134271592], [0.0071115538716001086, -0.006687725134271592, 0.20296619983811925]], "chi2_level": 0.95, "chi2_df": 3, "chi2_threshold": 7.814727903251179, "N_raw": 49, "N_roi": 46, "N_inlier": 42, "refit": true}
{"timestamp": "16:47:48.298653", "frame": 72, "mu": [0.3927087529546387, 1.8991418084324434, 0.9999759900410218], "Sigma": [[0.005663599030848014, -0.002193035240975646, 0.031402582347056604], [-0.002193035240975646, 0.009510797789116605, -0.038719543767074704], [0.031402582347056604, -0.038719543767074704, 0.3338215426599382]], "chi2_level": 0.95, "chi2_df": 3, "chi2_threshold": 7.814727903251179, "N_raw": 18, "N_roi": 17, "N_inlier": 16, "refit": true}
{"timestamp": "16:47:48.328932", "frame": 73, "mu": [0.41288234129124207, 1.93493000867033, 1.390729188516168], "Sigma": [[0.0049620099789714845, 0.0005206966843498828, 0.0009818700667160157], [0.0005206966843498826, 0.006193923052804838, 0.0024395637171190695], [0.0009818700667160157, 0.0024395637171190695, 0.001433899848128461]], "chi2_level": 0.95, "chi2_df": 3, "chi2_threshold": 7.814727903251179, "N_raw": 48, "N_roi": 48, "N_inlier": 44, "refit": true}
{"timestamp": "16:47:48.373900", "frame": 74, "mu": [0.36262637330088, 1.980470245987206, 1.3793012402485219], "Sigma": [[0.005734505630904129, 0.0014770572277571195, 0.0015701917455883576], [0.0014770572277571195, 0.008811857053193444, 0.0069453917431504045], [0.0015701917455883574, 0.0069453917431504045, 0.006858935905459542]], "chi2_level": 0.95, "chi2_df": 3, "chi2_threshold": 7.814727903251179, "N_raw": 56, "N_roi": 53, "N_inlier": 49, "refit": true}
{"timestamp": "16:47:48.431009", "frame": 75, "mu": [0.30168101774570144, 2.1158528583495135, -0.11428895961312349], "Sigma": [[0.007371184423079702, 0.0035870672908490616, 0.007030037419966372], [0.003587067290849062, 0.008827477526750494, 0.00948907904422578], [0.007030037419966372, 0.00948907904422578, 0.026156678880943265]], "chi2_level": 0.95, "chi2_df": 3, "chi2_threshold": 7.814727903251179, "N_raw": 70, "N_roi": 70, "N_inlier": 64, "refit": true}
{"timestamp": "16:47:48.489038", "frame": 76, "mu": [0.3285719485107349, 2.2297363387425597, -0.3180586798926444], "Sigma": [[0.028237405479321243, 0.01890403276475601, -0.06238751574832867], [0.018904032764756006, 0.01936122625070264, -0.04778590001621055], [-0.06238751574832866, -0.04778590001621055, 0.25462180609256485]], "chi2_level": 0.95, "chi2_df": 3, "chi2_threshold": 7.814727903251179, "N_raw": 83, "N_roi": 83, "N_inlier": 78, "refit": true}
{"timestamp": "16:47:48.548144", "frame": 77, "mu": [0.303346072157792, 2.119923782868517, 0.9837752615622145], "Sigma": [[0.03536676659169356, 0.00483476486423485, -0.0855552939706817], [0.00483476486423485, 0.007299200894651488, -0.009890241439035217], [-0.0855552939706817, -0.009890241439035217, 0.26667832820420045]], "chi2_level": 0.95, "chi2_df": 3, "chi2_threshold": 7.814727903251179, "N_raw": 108, "N_roi": 84, "N_inlier": 82, "refit": true}
{"timestamp": "16:47:48.602384", "frame": 78, "mu": [0.14814749155851106, 2.1298022463949713, 0.6148548388951216], "Sigma": [[0.01405173155134804, 0.0033154937219206032, -0.021687722061717075], [0.0033154937219206032, 0.004016724312881678, -0.009845893218964081], [-0.021687722061717075, -0.009845893218964081, 0.45490349212404185]], "chi2_level": 0.95, "chi2_df": 3, "chi2_threshold": 7.814727903251179, "N_raw": 99, "N_roi": 96, "N_inlier": 93, "refit": true}
{"timestamp": "16:47:48.664641", "frame": 79, "mu": [0.09984473664030358, 2.172170235310499, 0.6675249784722951], "Sigma": [[0.017651070023657005, 0.005287711708684879, -0.0016366728740691474], [0.005287711708684879, 0.010988456899576518, 0.0330735214395468], [-0.0016366728740691474, 0.0330735214395468, 0.5746303297510603]], "chi2_level": 0.95, "chi2_df": 3, "chi2_threshold": 7.814727903251179, "N_raw": 150, "N_roi": 147, "N_inlier": 146, "refit": true}
{"timestamp": "16:47:48.712813", "frame": 80, "mu": [0.017749467188306844, 2.2194107462586303, 1.249958099534613], "Sigma": [[0.01455319616281296, 0.004792227916270802, -0.030255776454281742], [0.004792227916270803, 0.008204700220664708, -0.016377297811800483], [-0.030255776454281746, -0.016377297811800483, 0.1197626068814169]], "chi2_level": 0.95, "chi2_df": 3, "chi2_threshold": 7.814727903251179, "N_raw": 99, "N_roi": 97, "N_inlier": 92, "refit": true}
{"timestamp": "16:47:48.762767", "frame": 81, "mu": [-0.03572461868695323, 2.238042330573961, 1.3604307735298948], "Sigma": [[0.010324609602654976, 0.0018588513646208165, -0.006554621374220016], [0.0018588513646208165, 0.005175301913404904, -0.0038795524731373206], [-0.006554621374220016, -0.003879552473137321, 0.012697220033803533]], "chi2_level": 0.95, "chi2_df": 3, "chi2_threshold": 7.814727903251179, "N_raw": 76, "N_roi": 75, "N_inlier": 71, "refit": true}
{"timestamp": "16:47:48.820770", "frame": 82, "mu": [-0.060490509886603275, 2.3394458385879218, 0.050425996139974484], "Sigma": [[0.01116611907307174, 0.0029060649141407565, -0.0028410016361954623], [0.0029060649141407573, 0.00853622936550807, 0.000705684763483575], [-0.0028410016361954623, 0.0007056847634835752, 0.008316281879720671]], "chi2_level": 0.95, "chi2_df": 3, "chi2_threshold": 7.814727903251179, "N_raw": 95, "N_roi": 92, "N_inlier": 80, "refit": true}
{"timestamp": "16:47:48.870428", "frame": 83, "mu": [-0.16586182182972728, 2.309410857816743, 0.9778699311955531], "Sigma": [[0.009575066580623121, -0.0047857052509072615, 0.025257093688780635], [-0.0047857052509072615, 0.012666726003126445, -0.05247163166535201], [0.025257093688780635, -0.052471631665352, 0.42024463169955667]], "chi2_level": 0.95, "chi2_df": 3, "chi2_threshold": 7.814727903251179, "N_raw": 64, "N_roi": 64, "N_inlier": 62, "refit": true}
{"timestamp": "16:47:48.927974", "frame": 84, "mu": [-0.12522617277336834, 2.233361132808662, 1.1266823251772924], "Sigma": [[0.013267818207102182, 0.02647034778054685, 0.02564103189142935], [0.026470347780546848, 0.20051260621351255, 0.2721710877309732], [0.025641031891429345, 0.2721710877309732, 0.4109176893028613]], "chi2_level": 0.95, "chi2_df": 3, "chi2_threshold": 7.814727903251179, "N_raw": 82, "N_roi": 82, "N_inlier": 72, "refit": true}
{"timestamp": "16:47:48.987586", "frame": 85, "mu": [-0.15789159369866929, 2.3893649987782584, 1.1454336207430584], "Sigma": [[0.013458580809510456, -0.003346834188207294, -0.012918201183039966], [-0.0033468341882072934, 0.005024228555476033, -0.0012684687036351873], [-0.012918201183039962, -0.0012684687036351875, 0.22128739390452776]], "chi2_level": 0.95, "chi2_df": 3, "chi2_threshold": 7.814727903251179, "N_raw": 106, "N_roi": 106, "N_inlier": 96, "refit": true}
{"timestamp": "16:47:49.037581", "frame": 86, "mu": [-0.21920701688673436, 2.4084962262263443, 1.3091900585955982], "Sigma": [[0.017697663481967718, 0.0010555278267171085, -0.03146612030554498], [0.0010555278267171085, 0.003754020392003882, -0.0025663645644104288], [-0.03146612030554498, -0.0025663645644104283, 0.1022356449803068]], "chi2_level": 0.95, "chi2_df": 3, "chi2_threshold": 7.814727903251179, "N_raw": 78, "N_roi": 76, "N_inlier": 73, "refit": true}
{"timestamp": "16:47:49.096046", "frame": 87, "mu": [-0.18475832817016644, 2.4577888468462614, 1.1974168126475595], "Sigma": [[0.030865880519214274, -0.016027818932136527, -0.08624018745715435], [-0.016027818932136527, 0.027670930299921626, 0.07958269939958006], [-0.08624018745715435, 0.07958269939958006, 0.3475271324766974]], "chi2_level": 0.95, "chi2_df": 3, "chi2_threshold": 7.814727903251179, "N_raw": 94, "N_roi": 94, "N_inlier": 89, "refit": true}
{"timestamp": "16:47:49.154062", "frame": 88, "mu": [-0.2837895979708268, 2.6094562741909444, 0.9047327307817641], "Sigma": [[0.014421677752094993, -0.0032873544527271016, 0.007190483558440423], [-0.0032873544527271007, 0.012618568494486128, -0.02036596230660109], [0.007190483558440424, -0.020365962306601093, 0.4329917279890725]], "chi2_level": 0.95, "chi2_df": 3, "chi2_threshold": 7.814727903251179, "N_raw": 121, "N_roi": 121, "N_inlier": 119, "refit": true}
{"timestamp": "16:47:49.208874", "frame": 89, "mu": [-0.272060070568539, 2.8363852645390226, -0.6285606556854395], "Sigma": [[0.013557590257800104, 0.001755529009200452, -0.0019551724093188434], [0.0017555290092004523, 0.043908895277110296, -0.12537770019097927], [-0.001955172409318844, -0.1253777001909793, 0.39683999873183773]], "chi2_level": 0.95, "chi2_df": 3, "chi2_threshold": 7.814727903251179, "N_raw": 117, "N_roi": 115, "N_inlier": 114, "refit": true}
{"timestamp": "16:47:49.260794", "frame": 90, "mu": [-0.3658743835757988, 2.6505692072757987, -0.6461291390943017], "Sigma": [[0.014204064492868458, 0.001084724216803282, 0.0778943184979523], [0.001084724216803282, 0.011736773346129948, -0.026549712671159784], [0.0778943184979523, -0.026549712671159784, 0.9306044380959185]], "chi2_level": 0.95, "chi2_df": 3, "chi2_threshold": 7.814727903251179, "N_raw": 94, "N_roi": 94, "N_inlier": 94, "refit": true}
{"timestamp": "16:47:49.307044", "frame": 91, "mu": [-0.37881731453176554, 2.6288254841134084, -0.029456114479713115], "Sigma": [[0.01251970631161573, -0.001251979784884187, 0.002465134058143629], [-0.0012519797848841868, 0.0031013563188693073, 0.0051729461592402775], [0.0024651340581436296, 0.0051729461592402775, 0.17206426880055822]], "chi2_level": 0.95, "chi2_df": 3, "chi2_threshold": 7.814727903251179, "N_raw": 41, "N_roi": 41, "N_inlier": 38, "refit": true}
{"timestamp": "16:47:49.362578", "frame": 92, "mu": [-0.42129563512895113, 2.6770259433063686, 0.315423412588966], "Sigma": [[0.010854788211651322, -0.00019078545770191474, -0.010488677136948862], [-0.0001907854577019148, 0.009238996796296365, -0.006260761530698336], [-0.01048867713694886, -0.006260761530698338, 0.4858737568460608]], "chi2_level": 0.95, "chi2_df": 3, "chi2_threshold": 7.814727903251179, "N_raw": 46, "N_roi": 46, "N_inlier": 46, "refit": true}
{"timestamp": "16:47:49.420912", "frame": 93, "mu": [-0.4196648383235511, 2.6897722366222303, 1.2461016984294357], "Sigma": [[0.01348973370408923, 0.0017008653669467835, -0.0024489234464847706], [0.0017008653669467835, 0.003391472667841975, -0.008211621903253296], [-0.0024489234464847706, -0.008211621903253296, 0.04625555548029807]], "chi2_level": 0.95, "chi2_df": 3, "chi2_threshold": 7.814727903251179, "N_raw": 62, "N_roi": 60, "N_inlier": 55, "refit": true}
{"timestamp": "16:47:49.472818", "frame": 94, "mu": [-0.5540453469348423, 2.9370040512096347, -1.2463299139466193], "Sigma": [[0.01072308380524537, 0.00856924733358811, 0.03420643795595228], [0.00856924733358811, 0.053253365508908704, -0.05196548412371994], [0.03420643795595228, -0.05196548412371994, 0.5073652149763149]], "chi2_level": 0.95, "chi2_df": 3, "chi2_threshold": 7.814727903251179, "N_raw": 49, "N_roi": 48, "N_inlier": 48, "refit": true}
{"timestamp": "16:47:49.534499", "frame": 95, "mu": [-0.5153290611387892, 2.8204629872472022, -0.1677568717318956], "Sigma": [[0.01154749858072584, -0.0007061525029773085, 0.05933873096105664], [-0.0007061525029773083, 0.03180253421714558, -0.04949757753084037], [0.05933873096105665, -0.049497577530840366, 0.5301903580137489]], "chi2_level": 0.95, "chi2_df": 3, "chi2_threshold": 7.814727903251179, "N_raw": 92, "N_roi": 90, "N_inlier": 87, "refit": true}
{"timestamp": "16:47:49.587057", "frame": 96, "mu": [-0.4923975946185803, 2.786216035338017, 1.1664927341619766], "Sigma": [[0.030472066581162468, 0.009252597025788338, -0.07325377408970814], [0.009252597025788338, 0.00865526434427235, -0.020193713623750116], [-0.07325377408970812, -0.02019371362375011, 0.22478625523243467]], "chi2_level": 0.95, "chi2_df": 3, "chi2_threshold": 7.814727903251179, "N_raw": 76, "N_roi": 71, "N_inlier": 68, "refit": true}
{"timestamp": "16:47:49.643372", "frame": 97, "mu": [-0.4978526882243767, 2.971723907197762, -0.5512323241668224], "Sigma": [[0.03225266796451673, 0.026397138478007585, -0.018848642134542314], [0.026397138478007585, 0.04222857744860982, -0.04643546761220082], [-0.018848642134542314, -0.04643546761220082, 0.15660421537304262]], "chi2_level": 0.95, "chi2_df": 3, "chi2_threshold": 7.814727903251179, "N_raw": 84, "N_roi": 79, "N_inlier": 78, "refit": true}
{"timestamp": "16:47:49.693095", "frame": 98, "mu": [-0.5904865789811342, 2.868777495944733, 1.244435769745368], "Sigma": [[0.013606923624168092, 0.005352920826049844, -0.03328207106401555], [0.005352920826049844, 0.00605080507865439, -0.02122107566091731], [-0.03328207106401555, -0.02122107566091731, 0.17870405541793444]], "chi2_level": 0.95, "chi2_df": 3, "chi2_threshold": 7.814727903251179, "N_raw": 47, "N_roi": 44, "N_inlier": 41, "refit": true}
{"timestamp": "16:47:49.752844", "frame": 99, "mu": [-0.5955500397006077, 3.0671580279574147, -0.10079050090255307], "Sigma": [[0.015937788809967518, 0.012131876164962873, -0.03262128482384473], [0.012131876164962873, 0.021881156165850513, -0.05781971557430976], [-0.03262128482384473, -0.05781971557430976, 0.1623925355492198]], "chi2_level": 0.95, "chi2_df": 3, "chi2_threshold": 7.814727903251179, "N_raw": 77, "N_roi": 77, "N_inlier": 70, "refit": true}
{"timestamp": "16:47:49.890752", "frame": 100, "mu": [-0.6357423175988868, 2.963212369334648, 1.0084758185518419], "Sigma": [[0.02606533637478129, 0.00800185257420471, -0.06740797090611317], [0.00800185257420471, 0.0069198949290354556, -0.03267448289118028], [-0.06740797090611317, -0.03267448289118028, 0.28421364615279626]], "chi2_level": 0.95, "chi2_df": 3, "chi2_threshold": 7.814727903251179, "N_raw": 72, "N_roi": 72, "N_inlier": 69, "refit": true}
{"timestamp": "16:47:49.897834", "frame": 101, "mu": [-0.7554268251924499, 3.0491282391713783, -0.04842093441807738], "Sigma": [[0.013650552546718589, 0.009615163917192804, -0.021092832710509612], [0.009615163917192804, 0.02431566997361238, -0.03992857274249003], [-0.021092832710509612, -0.03992857274249003, 0.07537922542295775]], "chi2_level": 0.95, "chi2_df": 3, "chi2_threshold": 7.814727903251179, "N_raw": 78, "N_roi": 77, "N_inlier": 72, "refit": true}
{"timestamp": "16:47:49.933115", "frame": 102, "mu": [-0.8091611750347018, 2.981614301618926, 0.9253622983590883], "Sigma": [[0.015815357339972306, 0.0032316603234370583, -0.006898435087117593], [0.00323166032343706, 0.011441693978138238, -0.04442426619878203], [-0.006898435087117594, -0.04442426619878203, 0.23526280807018535]], "chi2_level": 0.95, "chi2_df": 3, "chi2_threshold": 7.814727903251179, "N_raw": 121, "N_roi": 121, "N_inlier": 120, "refit": true}
{"timestamp": "16:47:49.969842", "frame": 103, "mu": [-0.8973302186785092, 2.936029004120607, 1.379682454759226], "Sigma": [[0.013720741321032758, 0.005049399568228996, -0.010735405724031748], [0.005049399568228996, 0.006289296827574369, -0.007265417018709796], [-0.010735405724031748, -0.007265417018709796, 0.016813695949589355]], "chi2_level": 0.95, "chi2_df": 3, "chi2_threshold": 7.814727903251179, "N_raw": 58, "N_roi": 58, "N_inlier": 54, "refit": true}
{"timestamp": "16:47:50.023892", "frame": 104, "mu": [-0.8991886462043551, 2.9982330727037265, 1.372082532335968], "Sigma": [[0.011871710881212022, 0.002417525770430849, -0.0059187075941701025], [0.002417525770430849, 0.003575966829585362, -0.006297775321099015], [-0.0059187075941701025, -0.006297775321099016, 0.016220272374471757]], "chi2_level": 0.95, "chi2_df": 3, "chi2_threshold": 7.814727903251179, "N_raw": 56, "N_roi": 55, "N_inlier": 51, "refit": true}
{"timestamp": "16:47:50.076606", "frame": 105, "mu": [-0.8789318938661073, 3.051594831715658, 1.1240885599851453], "Sigma": [[0.011505416820466272, 7.920343095067556e-05, -0.010828737953623846], [7.920343095067558e-05, 0.002250051795389272, -0.002793931191175708], [-0.010828737953623846, -0.002793931191175708, 0.026729007615196032]], "chi2_level": 0.95, "chi2_df": 3, "chi2_threshold": 7.814727903251179, "N_raw": 39, "N_roi": 39, "N_inlier": 36, "refit": true}
{"timestamp": "16:47:50.134981", "frame": 106, "mu": [-0.9549072017016392, 3.11251384349863, -0.5624419999071519], "Sigma": [[0.016157817849945057, 0.00550161945610826, 0.01585096569302267], [0.00550161945610826, 0.00838860567457003, 0.013857043436711604], [0.015850965693022672, 0.013857043436711606, 0.07598967318723426]], "chi2_level": 0.95, "chi2_df": 3, "chi2_threshold": 7.814727903251179, "N_raw": 61, "N_roi": 61, "N_inlier": 58, "refit": true}
{"timestamp": "16:47:50.190793", "frame": 107, "mu": [-0.9439904638848853, 3.1218587700606704, 0.9885583730791134], "Sigma": [[0.017361563342044063, 0.0015441154546326314, -0.03801358543566513], [0.0015441154546326314, 0.002390062412311029, -0.00466506382183005], [-0.03801358543566513, -0.004665063821830051, 0.15558651748446486]], "chi2_level": 0.95, "chi2_df": 3, "chi2_threshold": 7.814727903251179, "N_raw": 70, "N_roi": 70, "N_inlier": 69, "refit": true}
{"timestamp": "16:47:50.241176", "frame": 108, "mu": [-1.0378879379147268, 3.151713761153533, 1.466869633756814], "Sigma": [[0.008356865706137568, 0.0018035888188483382, -0.005797028110710879], [0.0018035888188483382, 0.003319183279036726, -0.005157949068709609], [-0.005797028110710879, -0.005157949068709609, 0.023672475986650877]], "chi2_level": 0.95, "chi2_df": 3, "chi2_threshold": 7.814727903251179, "N_raw": 36, "N_roi": 36, "N_inlier": 32, "refit": true}
{"timestamp": "16:47:50.300340", "frame": 109, "mu": [-1.0421622701043642, 3.2431778661624096, 1.3253368318686651], "Sigma": [[0.013111906741390875, 0.002923103082215539, -0.013492234408721623], [0.002923103082215539, 0.004160659888905337, -0.009797059291746405], [-0.013492234408721623, -0.009797059291746405, 0.06444164577408848]], "chi2_level": 0.95, "chi2_df": 3, "chi2_threshold": 7.814727903251179, "N_raw": 61, "N_roi": 61, "N_inlier": 59, "refit": true}
{"timestamp": "16:47:50.350147", "frame": 110, "mu": [-1.1004876447683498, 3.240109689635058, 1.328103430223211], "Sigma": [[0.006017092499927549, 0.0025277667643017563, -0.012453367501048017], [0.0025277667643017563, 0.0039016755193855166, -0.010422576873605892], [-0.012453367501048017, -0.010422576873605892, 0.06966400661986477]], "chi2_level": 0.95, "chi2_df": 3, "chi2_threshold": 7.814727903251179, "N_raw": 28, "N_roi": 25, "N_inlier": 25, "refit": true}
{"timestamp": "16:47:50.412700", "frame": 111, "mu": [-1.1316543382091322, 3.402725400364411, -0.10940706295716617], "Sigma": [[0.016443242626702815, 0.011425794626845003, -0.024170447679746764], [0.011425794626845003, 0.021895235280428676, -0.04972076787487738], [-0.024170447679746764, -0.04972076787487738, 0.14174499253411324]], "chi2_level": 0.95, "chi2_df": 3, "chi2_threshold": 7.814727903251179, "N_raw": 79, "N_roi": 75, "N_inlier": 71, "refit": true}
{"timestamp": "16:47:50.461408", "frame": 112, "mu": [-1.2033718521037635, 3.3745594637419996, 0.6699148081723989], "Sigma": [[0.014135966327382668, 0.002125916725107246, -0.0022276229111989837], [0.002125916725107246, 0.0009562491845999175, -0.0016245020522878961], [-0.002227622911198983, -0.0016245020522878961, 0.030112952790792395]], "chi2_level": 0.95, "chi2_df": 3, "chi2_threshold": 7.814727903251179, "N_raw": 32, "N_roi": 29, "N_inlier": 26, "refit": true}
{"timestamp": "16:47:50.515753", "frame": 113, "mu": [-1.2249013333315637, 3.402946439960722, 0.835711673291916], "Sigma": [[0.01073343157757072, -0.00026832646378038534, 0.014236230630934085], [-0.00026832646378038534, 0.002932376203113605, -0.014750503139457164], [0.014236230630934085, -0.014750503139457164, 0.12215004691434102]], "chi2_level": 0.95, "chi2_df": 3, "chi2_threshold": 7.814727903251179, "N_raw": 28, "N_roi": 28, "N_inlier": 27, "refit": true}
{"timestamp": "16:47:50.569789", "frame": 114, "mu": [-1.1326215143250515, 3.4715524468508403, 0.5979763928149866], "Sigma": [[0.016115325191771022, 0.00029347426360928474, -0.009621073985967734], [0.00029347426360928496, 0.001233837151791746, -0.006683772107268044], [-0.009621073985967732, -0.006683772107268044, 0.1154503527592172]], "chi2_level": 0.95, "chi2_df": 3, "chi2_threshold": 7.814727903251179, "N_raw": 30, "N_roi": 30, "N_inlier": 28, "refit": true}
{"timestamp": "16:47:50.630205", "frame": 115, "mu": [-1.13818169579432, 3.463456532679695, 0.7702265965254871], "Sigma": [[0.01952230844289088, 0.004244395452881754, -0.034799765201034755], [0.004244395452881754, 0.003656136136646792, -0.02147810602653423], [-0.034799765201034755, -0.02147810602653423, 0.17930072411670514]], "chi2_level": 0.95, "chi2_df": 3, "chi2_threshold": 7.814727903251179, "N_raw": 58, "N_roi": 58, "N_inlier": 53, "refit": true}
{"timestamp": "16:47:50.681967", "frame": 116, "mu": [-1.1160709545969638, 3.77985427178923, -0.5538816540666208], "Sigma": [[0.01900553918929068, 0.003772018612972666, -0.01154645299057548], [0.003772018612972666, 0.004089058952871191, -0.010088406251429495], [-0.01154645299057548, -0.010088406251429495, 0.029016498597134587]], "chi2_level": 0.95, "chi2_df": 3, "chi2_threshold": 7.814727903251179, "N_raw": 43, "N_roi": 43, "N_inlier": 39, "refit": true}
{"timestamp": "16:47:50.739977", "frame": 117, "mu": [-1.2879540493502222, 3.580325206252996, 0.03284769582227677], "Sigma": [[0.03250196623101971, 0.028918320696933203, -0.06223515130543718], [0.028918320696933203, 0.03629447952148867, -0.07306450549428742], [-0.06223515130543718, -0.07306450549428742, 0.15725949635985564]], "chi2_level": 0.95, "chi2_df": 3, "chi2_threshold": 7.814727903251179, "N_raw": 59, "N_roi": 59, "N_inlier": 58, "refit": true}
{"timestamp": "16:47:50.794529", "frame": 118, "mu": [-1.3520455472991049, 3.5794602761857846, -0.20496168222577205], "Sigma": [[0.019841489945092113, 0.01640579436908347, 0.0432238544407713], [0.016405794369083473, 0.022201203448047303, 0.040182503516155064], [0.0432238544407713, 0.040182503516155064, 0.14932901784059857]], "chi2_level": 0.95, "chi2_df": 3, "chi2_threshold": 7.814727903251179, "N_raw": 57, "N_roi": 57, "N_inlier": 57, "refit": true}
{"timestamp": "16:47:50.845686", "frame": 119, "mu": [-1.4548806437379007, 3.4986966779185646, 1.350524155189708], "Sigma": [[0.010414326561927948, 0.0057805581167811254, -0.0178448288283151], [0.005780558116781125, 0.005867714929880922, -0.012588406990196454], [-0.0178448288283151, -0.012588406990196454, 0.04669415970696489]], "chi2_level": 0.95, "chi2_df": 3, "chi2_threshold": 7.814727903251179, "N_raw": 26, "N_roi": 23, "N_inlier": 21, "refit": true}
{"timestamp": "16:47:50.900851", "frame": 120, "mu": [-1.4789747624516076, 3.6724702130175277, 0.14077567818696457], "Sigma": [[0.015843155158525465, 0.01210726360486463, -0.015254268782295561], [0.012107263604864632, 0.012604621862995416, -0.013474303581371666], [-0.015254268782295563, -0.013474303581371666, 0.017573066884629892]], "chi2_level": 0.95, "chi2_df": 3, "chi2_threshold": 7.814727903251179, "N_raw": 33, "N_roi": 31, "N_inlier": 27, "refit": true}
{"timestamp": "16:47:50.954700", "frame": 121, "mu": [-1.587206796905592, 3.5913200041552393, 1.127512934872809], "Sigma": [[0.011891664119052627, 0.004001452753562416, -0.008311722140455668], [0.004001452753562416, 0.004301529210731261, -0.013428272783829857], [-0.008311722140455668, -0.013428272783829857, 0.0601247756724843]], "chi2_level": 0.95, "chi2_df": 3, "chi2_threshold": 7.814727903251179, "N_raw": 27, "N_roi": 27, "N_inlier": 25, "refit": true}
{"timestamp": "16:47:51.010850", "frame": 122, "mu": [-1.6119010458688798, 3.6318868747064834, 0.2763175237792486], "Sigma": [[0.012897359448520341, 0.008513606005258858, -0.012013115106515294], [0.008513606005258858, 0.009980831193909334, -0.011035909308578125], [-0.012013115106515294, -0.011035909308578125, 0.01528748547352299]], "chi2_level": 0.95, "chi2_df": 3, "chi2_threshold": 7.814727903251179, "N_raw": 33, "N_roi": 33, "N_inlier": 30, "refit": true}
{"timestamp": "16:47:51.064498", "frame": 123, "mu": [-1.6383739309625958, 3.7163794514493156, 0.26240669529527016], "Sigma": [[0.007726298290250014, 0.002926723621768498, -0.008274012374796429], [0.0029267236217684982, 0.004239636739792267, -0.005596368870899971], [-0.008274012374796429, -0.005596368870899971, 0.01302595047649276]], "chi2_level": 0.95, "chi2_df": 3, "chi2_threshold": 7.814727903251179, "N_raw": 20, "N_roi": 20, "N_inlier": 19, "refit": true}
{"timestamp": "16:47:51.125961", "frame": 124, "mu": [-1.6294276336738966, 3.8656476817881282, 0.6032520673417697], "Sigma": [[0.018691655137619563, 0.004593173665281879, -0.010337739256291967], [0.004593173665281879, 0.002904087089606, -0.00587868886182496], [-0.010337739256291967, -0.00587868886182496, 0.030002644184359946]], "chi2_level": 0.95, "chi2_df": 3, "chi2_threshold": 7.814727903251179, "N_raw": 34, "N_roi": 34, "N_inlier": 31, "refit": true}
{"timestamp": "16:47:51.177483", "frame": 125, "mu": [-1.726259978754909, 3.760472519725127, 1.0595634253912671], "Sigma": [[0.012653652533165345, 0.004784138019813608, -0.02143678571009623], [0.004784138019813608, 0.013514063629150683, -0.05708071333222882], [-0.02143678571009623, -0.057080713332228826, 0.26202096296803484]], "chi2_level": 0.95, "chi2_df": 3, "chi2_threshold": 7.814727903251179, "N_raw": 51, "N_roi": 51, "N_inlier": 50, "refit": true}
{"timestamp": "16:47:51.227742", "frame": 126, "mu": [-1.7912005456171487, 3.731488495300631, 1.4967148349963042], "Sigma": [[0.0075481621672509975, 0.0026101926463758195, -0.02174192226583735], [0.002610192646375819, 0.0029786500837711096, -0.006961786227620415], [-0.021741922265837352, -0.006961786227620415, 0.13054255689185176]], "chi2_level": 0.95, "chi2_df": 3, "chi2_threshold": 7.814727903251179, "N_raw": 13, "N_roi": 13, "N_inlier": 12, "refit": true}
{"timestamp": "16:47:51.287950", "frame": 127, "mu": [-1.8670133207161363, 3.725909285018882, 1.5143362702443874], "Sigma": [[0.01655262733621459, 0.0071842488092646655, -0.01798077433633595], [0.0071842488092646655, 0.007178782076077735, -0.01167614521860905], [-0.017980774336335954, -0.01167614521860905, 0.028943025809754455]], "chi2_level": 0.95, "chi2_df": 3, "chi2_threshold": 7.814727903251179, "N_raw": 46, "N_roi": 43, "N_inlier": 40, "refit": true}
{"timestamp": "16:47:51.503727", "frame": 131, "mu": [-1.8364283541955198, 3.9227392916499095, 0.9944530337131211], "Sigma": [[0.01455046986065858, -0.0002862891922035634, -0.0337569641583475], [-0.0002862891922035634, 0.0027755678248900214, 0.002062423932343882], [-0.0337569641583475, 0.0020624239323438825, 0.08122005492549986]], "chi2_level": 0.95, "chi2_df": 3, "chi2_threshold": 7.814727903251179, "N_raw": 23, "N_roi": 23, "N_inlier": 22, "refit": true}
{"timestamp": "16:47:51.557807", "frame": 132, "mu": [-1.8517727177874566, 3.9973075605918496, 0.9326708842464276], "Sigma": [[0.008667747720478241, -0.0015664047196172872, -0.02256970726904871], [-0.0015664047196172872, 0.0026873690790247037, 0.003734359359792396], [-0.02256970726904871, 0.0037343593597923964, 0.062388905893813726]], "chi2_level": 0.95, "chi2_df": 3, "chi2_threshold": 7.814727903251179, "N_raw": 12, "N_roi": 12, "N_inlier": 11, "refit": true}
{"timestamp": "16:47:51.669986", "frame": 134, "mu": [-2.101241856789662, 3.998576614463084, 1.1430891704517332], "Sigma": [[0.023062210680737525, 0.010369968699109708, -0.021015629350076035], [0.010369968699109708, 0.007610077061768217, -0.015598399555072718], [-0.021015629350076035, -0.015598399555072718, 0.03800530564958004]], "chi2_level": 0.95, "chi2_df": 3, "chi2_threshold": 7.814727903251179, "N_raw": 31, "N_roi": 31, "N_inlier": 29, "refit": true}
{"timestamp": "16:47:51.778286", "frame": 136, "mu": [-2.1723630596162695, 4.06950726477241, 1.292923393264237], "Sigma": [[0.009494984673456792, 0.0033038539119621645, -0.005375154031640007], [0.0033038539119621645, 0.003711660642756157, -0.010338400837926396], [-0.005375154031640007, -0.010338400837926396, 0.044706735558790525]], "chi2_level": 0.95, "chi2_df": 3, "chi2_threshold": 7.814727903251179, "N_raw": 22, "N_roi": 22, "N_inlier": 20, "refit": true}
{"timestamp": "16:47:51.836016", "frame": 137, "mu": [-2.194230979206969, 4.10021550703368, 1.2319212417641825], "Sigma": [[0.02068522984392844, 0.008783941445030597, -0.015668814457888355], [0.008783941445030597, 0.0058690968119079244, -0.00918483495666025], [-0.015668814457888355, -0.00918483495666025, 0.03170289873322667]], "chi2_level": 0.95, "chi2_df": 3, "chi2_threshold": 7.814727903251179, "N_raw": 29, "N_roi": 29, "N_inlier": 25, "refit": true}
{"timestamp": "16:47:51.998664", "frame": 140, "mu": [-2.27369483990329, 4.218756282305521, 1.2287390107778986], "Sigma": [[0.015111958111647773, 0.005612794850285336, -0.008000402396944235], [0.005612794850285336, 0.005785613205361722, -0.003016101008979248], [-0.008000402396944236, -0.0030161010089792477, 0.008026039989596128]], "chi2_level": 0.95, "chi2_df": 3, "chi2_threshold": 7.814727903251179, "N_raw": 32, "N_roi": 28, "N_inlier": 27, "refit": true}
{"timestamp": "16:47:52.109460", "frame": 142, "mu": [-2.271293107462039, 4.34393052351342, 0.9334211297405385], "Sigma": [[0.013760124055444179, 0.00333536669945604, -0.020613384932408094], [0.00333536669945604, 0.0014420564269274987, -0.006910496457138935], [-0.020613384932408097, -0.006910496457138935, 0.04943045928395031]], "chi2_level": 0.95, "chi2_df": 3, "chi2_threshold": 7.814727903251179, "N_raw": 25, "N_roi": 19, "N_inlier": 18, "refit": true}
