{"timestamp": "16:54:54.911272", "frame": 1, "mu": [1.6290320986383902, 0.9948628514833046, 1.2475732843435643], "Sigma": [[0.0038373950639372925, -0.0028480975383483515, -0.0021512504010329087], [-0.0028480975383483515, 0.007362528138331618, -0.002087453288041193], [-0.0021512504010329087, -0.0020874532880411933, 0.006671813050448052]], "chi2_level": 0.95, "chi2_df": 3, "chi2_threshold": 7.814727903251179, "N_raw": 36, "N_roi": 36, "N_inlier": 34, "refit": true}
{"timestamp": "16:54:54.970474", "frame": 2, "mu": [1.5506432312534388, 0.9526396806994749, 1.240332200686036], "Sigma": [[0.005647827932445132, -0.004041829753578193, -0.0003382070480259492], [-0.004041829753578193, 0.008669127607899008, -0.006259744494310037], [-0.0003382070480259493, -0.006259744494310037, 0.009811959007352182]], "chi2_level": 0.95, "chi2_df": 3, "chi2_threshold": 7.814727903251179, "N_raw": 49, "N_roi": 49, "N_inlier": 46, "refit": true}
{"timestamp": "16:54:55.023987", "frame": 3, "mu": [1.5123446796200954, 0.9233040308332826, 1.2464336604465847], "Sigma": [[0.00919757203217376, -0.006107790081488545, -0.0009698830936179513], [-0.006107790081488545, 0.010284176162558306, -0.0025294840786398943], [-0.000969883093617951, -0.0025294840786398943, 0.002264364631806702]], "chi2_level": 0.95, "chi2_df": 3, "chi2_threshold": 7.814727903251179, "N_raw": 48, "N_roi": 48, "N_inlier": 46, "refit": true}
{"timestamp": "16:54:55.081228", "frame": 4, "mu": [1.459341711581856, 1.0937322513014918, -0.4698845706371188], "Sigma": [[0.012711045695077899, -0.00992688198958792, -0.0023309016325328644], [-0.00992688198958792, 0.018402334124437238, 0.0017197759453197264], [-0.0023309016325328644, 0.0017197759453197266, 0.0007188598797194789]], "chi2_level": 0.95, "chi2_df": 3, "chi2_threshold": 7.814727903251179, "N_raw": 60, "N_roi": 60, "N_inlier": 59, "refit": true}
{"timestamp": "16:54:55.138064", "frame": 5, "mu": [1.3796888316885465, 0.9784350643024825, 1.2825373091523784], "Sigma": [[0.008709973633539725, -0.004634261347459961, -0.0011496098942615327], [-0.004634261347459961, 0.009690349582544699, -0.004580753495904394], [-0.0011496098942615327, -0.004580753495904395, 0.0075165821197579205]], "chi2_level": 0.95, "chi2_df": 3, "chi2_threshold": 7.814727903251179, "N_raw": 68, "N_roi": 68, "N_inlier": 65, "refit": true}
{"timestamp": "16:54:55.185926", "frame": 6, "mu": [1.4038234737488606, 0.8351663313811427, 1.2567870351914974], "Sigma": [[0.0037529483905278434, -0.0023880612650110126, -0.004874040572620229], [-0.002388061265011013, 0.006792137447862802, 0.000892573200447181], [-0.004874040572620229, 0.0008925732004471809, 0.026006555951186085]], "chi2_level": 0.95, "chi2_df": 3, "chi2_threshold": 7.814727903251179, "N_raw": 18, "N_roi": 18, "N_inlier": 16, "refit": true}
{"timestamp": "16:54:55.247412", "frame": 7, "mu": [1.3144611433079822, 0.933365960922779, 1.3163682345330014], "Sigma": [[0.009228350324889086, -0.005202949367070354, -0.0017569134874197813], [-0.005202949367070355, 0.01260508095281916, -0.004009026342423443], [-0.0017569134874197813, -0.004009026342423442, 0.004609893935062922]], "chi2_level": 0.95, "chi2_df": 3, "chi2_threshold": 7.814727903251179, "N_raw": 73, "N_roi": 73, "N_inlier": 70, "refit": true}
{"timestamp": "16:54:55.305112", "frame": 8, "mu": [1.2436165254757936, 0.9263725729192064, 1.3590923243717543], "Sigma": [[0.008772944404295789, -0.006468210551372612, 0.0007820724241651672], [-0.006468210551372612, 0.011152829198567502, -0.008580558395868356], [0.0007820724241651672, -0.008580558395868356, 0.012670674879202115]], "chi2_level": 0.95, "chi2_df": 3, "chi2_threshold": 7.814727903251179, "N_raw": 81, "N_roi": 81, "N_inlier": 79, "refit": true}
{"timestamp": "16:54:55.354704", "frame": 9, "mu": [1.2950915895021178, 0.7579675769377069, 1.3764618493954854], "Sigma": [[0.007888124619576364, -0.004590312775764295, -0.0027715043205352686], [-0.004590312775764295, 0.0038031208448493776, -0.0004286298967053732], [-0.0027715043205352686, -0.0004286298967053732, 0.007562552653867645]], "chi2_level": 0.95, "chi2_df": 3, "chi2_threshold": 7.814727903251179, "N_raw": 46, "N_roi": 46, "N_inlier": 43, "refit": true}
{"timestamp": "16:54:55.411543", "frame": 10, "mu": [1.262244152425626, 0.7114794218652961, 1.3632183860194027], "Sigma": [[0.012031803535235005, -0.00801756230317301, -0.0053248000128764406], [-0.00801756230317301, 0.009019815594576125, 0.0006121382467965087], [-0.0053248000128764406, 0.0006121382467965086, 0.006812211877489826]], "chi2_level": 0.95, "chi2_df": 3, "chi2_threshold": 7.814727903251179, "N_raw": 64, "N_roi": 64, "N_inlier": 61, "refit": true}
{"timestamp": "16:54:55.461597", "frame": 11, "mu": [1.1377920818228446, 0.7709692865809661, 1.2353379996586085], "Sigma": [[0.007457601820201386, -0.005360175198198874, 0.0006637531111819724], [-0.005360175198198874, 0.0057211897848770355, -0.0032361802478497225], [0.0006637531111819725, -0.003236180247849722, 0.009856631089195409]], "chi2_level": 0.95, "chi2_df": 3, "chi2_threshold": 7.814727903251179, "N_raw": 29, "N_roi": 29, "N_inlier": 26, "refit": true}
{"timestamp": "16:54:55.518362", "frame": 12, "mu": [1.1705505965778893, 0.6223388097698435, 1.322105371256186], "Sigma": [[0.00735215398222891, -0.0048023465768978705, -0.0015082644613869437], [-0.004802346576897869, 0.0075306430803389135, -0.001519960619155821], [-0.0015082644613869439, -0.0015199606191558211, 0.0027008516119925298]], "chi2_level": 0.95, "chi2_df": 3, "chi2_threshold": 7.814727903251179, "N_raw": 43, "N_roi": 43, "N_inlier": 39, "refit": true}
{"timestamp": "16:54:55.573954", "frame": 13, "mu": [1.0935086312749405, 0.6127819166864168, 1.331970812213035], "Sigma": [[0.008434840711998133, -0.007953005470312339, -0.0046299040558245175], [-0.007953005470312339, 0.011891208922390097, 0.002290674720533827], [-0.004629904055824518, 0.002290674720533826, 0.006127194997583982]], "chi2_level": 0.95, "chi2_df": 3, "chi2_threshold": 7.814727903251179, "N_raw": 46, "N_roi": 46, "N_inlier": 43, "refit": true}
{"timestamp": "16:54:55.629767", "frame": 14, "mu": [0.9734609408407495, 0.7054219696126185, 1.38617364901076], "Sigma": [[0.005639388376811667, -0.005202059413055181, -0.0013134985873531617], [-0.005202059413055181, 0.006674312168368548, -0.0011271058423322465], [-0.0013134985873531615, -0.0011271058423322467, 0.038078884479591686]], "chi2_level": 0.95, "chi2_df": 3, "chi2_threshold": 7.814727903251179, "N_raw": 44, "N_roi": 44, "N_inlier": 41, "refit": true}
{"timestamp": "16:54:55.682988", "frame": 15, "mu": [0.9466086497976383, 0.7099123125798399, 1.385849717724067], "Sigma": [[0.00369925487331564, -0.0024313223432916526, -0.0012836556953067621], [-0.0024313223432916526, 0.002644601098897392, -0.0005001821717421004], [-0.0012836556953067621, -0.0005001821717421005, 0.03186979613410435]], "chi2_level": 0.95, "chi2_df": 3, "chi2_threshold": 7.814727903251179, "N_raw": 34, "N_roi": 34, "N_inlier": 29, "refit": true}
{"timestamp": "16:54:55.792840", "frame": 17, "mu": [0.8766580941601766, 0.6478305257320848, 1.3847672623628169], "Sigma": [[0.002984371958048024, -0.0013613581403001725, -0.0012475102421178393], [-0.0013613581403001725, 0.005201809655997478, 1.3936896846748054e-05], [-0.0012475102421178395, 1.3936896846748054e-05, 0.013870060595470643]], "chi2_level": 0.95, "chi2_df": 3, "chi2_threshold": 7.814727903251179, "N_raw": 31, "N_roi": 31, "N_inlier": 27, "refit": true}
{"timestamp": "16:54:55.848787", "frame": 18, "mu": [0.72504746825717, 0.8480777973599297, -0.21884669323673817], "Sigma": [[0.0027768212411404232, 0.0007411260499744369, 1.7928812018659732e-05], [0.0007411260499744366, 0.0030570554940912717, -8.673373796756235e-05], [1.792881201865984e-05, -8.673373796756257e-05, 0.02501380751526162]], "chi2_level": 0.95, "chi2_df": 3, "chi2_threshold": 7.814727903251179, "N_raw": 38, "N_roi": 38, "N_inlier": 33, "refit": true}
{"timestamp": "16:54:55.905733", "frame": 19, "mu": [0.6888509963391393, 0.7348618640488386, 1.481978252452472], "Sigma": [[0.003571087409003219, 0.0009137647017807648, -0.004787777884514257], [0.0009137647017807648, 0.002145200609134097, -0.003514699297479846], [-0.004787777884514257, -0.003514699297479846, 0.009806748788440166]], "chi2_level": 0.95, "chi2_df": 3, "chi2_threshold": 7.814727903251179, "N_raw": 51, "N_roi": 51, "N_inlier": 46, "refit": true}
{"timestamp": "16:54:55.958216", "frame": 20, "mu": [0.5942435776037588, 0.6975121822363185, 1.5650694631737698], "Sigma": [[0.0019201064400077438, 0.0006471504930559746, -0.00144045018024657], [0.0006471504930559746, 0.002021223062411687, -0.0013887106039055359], [-0.00144045018024657, -0.0013887106039055359, 0.00171506172718267]], "chi2_level": 0.95, "chi2_df": 3, "chi2_threshold": 7.814727903251179, "N_raw": 34, "N_roi": 34, "N_inlier": 29, "refit": true}
{"timestamp": "16:54:56.013118", "frame": 21, "mu": [0.5643744392629785, 0.7097074453129728, 1.5441081549079616], "Sigma": [[0.0032600808838799894, 2.136129827713101e-05, -0.0032714015863378014], [2.1361298277131063e-05, 0.001771555191471652, -0.0009626680711442956], [-0.0032714015863378014, -0.0009626680711442956, 0.004881122468211557]], "chi2_level": 0.95, "chi2_df": 3, "chi2_threshold": 7.814727903251179, "N_raw": 39, "N_roi": 39, "N_inlier": 35, "refit": true}
{"timestamp": "16:54:56.073269", "frame": 22, "mu": [0.531792684658291, 0.7432369730075091, 1.5385510918553609], "Sigma": [[0.0032851005446206836, 0.0012599232224402566, -0.0015515342003774462], [0.0012599232224402566, 0.005316114150978148, -0.0021352470495382293], [-0.0015515342003774464, -0.0021352470495382293, 0.0013720549195719663]], "chi2_level": 0.95, "chi2_df": 3, "chi2_threshold": 7.814727903251179, "N_raw": 71, "N_roi": 71, "N_inlier": 68, "refit": true}
{"timestamp": "16:54:56.127537", "frame": 23, "mu": [0.4959579165812891, 0.7500316272573482, 1.5001738716631992], "Sigma": [[0.0021968994383376635, -2.498001683407114e-05, -0.0019285641606820738], [-2.4980016834071207e-05, 0.005349702211541075, -0.002935718749360116], [-0.0019285641606820738, -0.002935718749360116, 0.004474602887981132]], "chi2_level": 0.95, "chi2_df": 3, "chi2_threshold": 7.814727903251179, "N_raw": 67, "N_roi": 67, "N_inlier": 66, "refit": true}
{"timestamp": "16:54:56.182097", "frame": 24, "mu": [0.45741083241289604, 0.7273992189681474, 1.505829417665379], "Sigma": [[0.0038912239548991915, 0.0010002581306930575, -0.0028876453671357466], [0.0010002581306930575, 0.0024930629524702276, -0.0020515194788206714], [-0.0028876453671357466, -0.0020515194788206714, 0.0036876400041253973]], "chi2_level": 0.95, "chi2_df": 3, "chi2_threshold": 7.814727903251179, "N_raw": 65, "N_roi": 65, "N_inlier": 63, "refit": true}
{"timestamp": "16:54:56.233524", "frame": 25, "mu": [0.3026280785507901, 0.8269652551161752, 1.5205657377509691], "Sigma": [[0.0031749155996174975, -0.00014606800672143283, -0.0026159647325077607], [-0.00014606800672143286, 0.0016355876499245514, -0.00046131843603506803], [-0.0026159647325077607, -0.0004613184360350679, 0.0038369912344382285]], "chi2_level": 0.95, "chi2_df": 3, "chi2_threshold": 7.814727903251179, "N_raw": 42, "N_roi": 42, "N_inlier": 39, "refit": true}
{"timestamp": "16:54:56.298362", "frame": 26, "mu": [0.32454407298931937, 0.8006246169409371, 1.4632349104992337], "Sigma": [[0.00593002279452486, -0.0004672534370686584, -0.005125628399977286], [-0.00046725343706865844, 0.00135706511926354, -0.0024117619702024706], [-0.005125628399977286, -0.0024117619702024706, 0.019628299511081672]], "chi2_level": 0.95, "chi2_df": 3, "chi2_threshold": 7.814727903251179, "N_raw": 107, "N_roi": 107, "N_inlier": 103, "refit": true}
{"timestamp": "16:54:56.349475", "frame": 27, "mu": [0.2811172646252148, 0.721053524841225, 1.4722452956388916], "Sigma": [[0.0020375984780353776, 0.000525773912341931, -0.0012496112039279757], [0.000525773912341931, 0.006465580107256855, 0.009689784540629003], [-0.0012496112039279757, 0.009689784540629003, 0.04212548741245867]], "chi2_level": 0.95, "chi2_df": 3, "chi2_threshold": 7.814727903251179, "N_raw": 79, "N_roi": 79, "N_inlier": 74, "refit": true}
{"timestamp": "16:54:56.402217", "frame": 28, "mu": [0.25151298769956454, 0.7491528996938747, 1.4600751061701096], "Sigma": [[0.0017331566056197746, 0.0005181469119713566, -0.00227618064526577], [0.0005181469119713569, 0.0020632046514240093, -0.003908350211834506], [-0.00227618064526577, -0.003908350211834506, 0.0125425432281407]], "chi2_level": 0.95, "chi2_df": 3, "chi2_threshold": 7.814727903251179, "N_raw": 63, "N_roi": 63, "N_inlier": 60, "refit": true}
{"timestamp": "16:54:56.462584", "frame": 29, "mu": [0.21581604446103111, 0.7283258168494768, 1.437803309278832], "Sigma": [[0.003376700164094727, -0.0009891573326762859, -0.0017933105565313698], [-0.0009891573326762859, 0.002034298043151314, -0.002601546513936119], [-0.0017933105565313698, -0.0026015465139361195, 0.007983542897681961]], "chi2_level": 0.95, "chi2_df": 3, "chi2_threshold": 7.814727903251179, "N_raw": 100, "N_roi": 99, "N_inlier": 98, "refit": true}
{"timestamp": "16:54:56.514092", "frame": 30, "mu": [0.12497350007493865, 0.670235688955951, 1.394020635026129], "Sigma": [[0.002676448352422036, 0.003082846739995598, 0.003213766999407322], [0.003082846739995598, 0.007295604576217929, 0.003662567913910195], [0.003213766999407322, 0.003662567913910195, 0.01105919569256964]], "chi2_level": 0.95, "chi2_df": 3, "chi2_threshold": 7.814727903251179, "N_raw": 80, "N_roi": 80, "N_inlier": 76, "refit": true}
{"timestamp": "16:54:56.561573", "frame": 31, "mu": [-0.0013365961979448428, 0.6091901617708881, 1.3009280887667543], "Sigma": [[0.0008547782299783412, 0.00017063746253956092, 3.404942711768284e-06], [0.00017063746253956097, 0.0025316185369237687, -0.0005335488212783644], [3.4049427117682773e-06, -0.0005335488212783644, 0.00029799349784283974]], "chi2_level": 0.95, "chi2_df": 3, "chi2_threshold": 7.814727903251179, "N_raw": 27, "N_roi": 27, "N_inlier": 25, "refit": true}
{"timestamp": "16:54:56.615640", "frame": 32, "mu": [0.009475640121411458, 0.6950521520039191, 1.5924615174542582], "Sigma": [[0.0004886687635331509, -0.00014487668759134077, 2.6995019955290392e-05], [-0.0001448766875913408, 0.0012926532256040408, -0.0011568095809992786], [2.69950199552904e-05, -0.0011568095809992786, 0.0013581952694733056]], "chi2_level": 0.95, "chi2_df": 3, "chi2_threshold": 7.814727903251179, "N_raw": 25, "N_roi": 25, "N_inlier": 21, "refit": true}
{"timestamp": "16:54:56.672037", "frame": 33, "mu": [-0.08206122080880054, 0.7258703724948918, 1.5809121263485324], "Sigma": [[0.004129260930651411, -0.003059388797885902, 0.0027307358319123847], [-0.003059388797885902, 0.0038848617373353333, -0.002866593151423069], [0.0027307358319123847, -0.002866593151423069, 0.0025840146633728453]], "chi2_level": 0.95, "chi2_df": 3, "chi2_threshold": 7.814727903251179, "N_raw": 40, "N_roi": 40, "N_inlier": 38, "refit": true}
{"timestamp": "16:54:56.735820", "frame": 34, "mu": [-0.11861979011419682, 0.7329910502721738, 1.473020575865756], "Sigma": [[0.0031280891866495558, -0.001277265989509125, -0.0013545077673555081], [-0.001277265989509125, 0.0027519652004351965, -0.0025250532858804345], [-0.0013545077673555084, -0.0025250532858804345, 0.005499580987181869]], "chi2_level": 0.95, "chi2_df": 3, "chi2_threshold": 7.814727903251179, "N_raw": 91, "N_roi": 91, "N_inlier": 88, "refit": true}
{"timestamp": "16:54:56.786326", "frame": 35, "mu": [-0.1801242264597541, 0.6639503552895973, 1.4094431947264114], "Sigma": [[0.0016042621868397682, 0.0006761959975130907, 0.0017401150402611995], [0.0006761959975130909, 0.015128599452685987, 0.006846212955709355], [0.0017401150402611993, 0.006846212955709355, 0.010340761394518784]], "chi2_level": 0.95, "chi2_df": 3, "chi2_threshold": 7.814727903251179, "N_raw": 60, "N_roi": 59, "N_inlier": 57, "refit": true}
{"timestamp": "16:54:56.843458", "frame": 36, "mu": [-0.21613580141783822, 0.7111516732729736, 1.5083341021614383], "Sigma": [[0.002584307304242099, 0.0015590094133862355, 0.0008352275060459693], [0.0015590094133862355, 0.0036985152115889216, 0.0025974430109928877], [0.000835227506045969, 0.0025974430109928877, 0.014596186726296931]], "chi2_level": 0.95, "chi2_df": 3, "chi2_threshold": 7.814727903251179, "N_raw": 79, "N_roi": 79, "N_inlier": 74, "refit": true}
{"timestamp": "16:54:56.901192", "frame": 37, "mu": [-0.2797387326086997, 0.8980463966826557, -0.7729333849393316], "Sigma": [[0.0020139468004959416, 0.0025331820801533476, -0.010282764165898656], [0.0025331820801533476, 0.022806230557625158, -0.07537667031725243], [-0.010282764165898656, -0.07537667031725243, 0.38224292129903154]], "chi2_level": 0.95, "chi2_df": 3, "chi2_threshold": 7.814727903251179, "N_raw": 86, "N_roi": 85, "N_inlier": 82, "refit": true}
{"timestamp": "16:54:56.951979", "frame": 38, "mu": [-0.36254421957502264, 0.7446990022517256, 1.5529324625381589], "Sigma": [[0.0027135544521601222, -0.0003485443685695101, 0.000615876626033082], [-0.0003485443685695101, 0.0020909684146612705, -0.0015649601003374864], [0.000615876626033082, -0.0015649601003374864, 0.0013649904940055406]], "chi2_level": 0.95, "chi2_df": 3, "chi2_threshold": 7.814727903251179, "N_raw": 65, "N_roi": 62, "N_inlier": 57, "refit": true}
{"timestamp": "16:54:57.006615", "frame": 39, "mu": [-0.41735768485631697, 0.7584934536489314, 1.5282543209592863], "Sigma": [[0.0026526665968937767, -0.001145240081484739, 0.0004745437988382007], [-0.001145240081484739, 0.0024337300054587205, -0.002660975256210429], [0.0004745437988382007, -0.0026609752562104295, 0.0035806616340293873]], "chi2_level": 0.95, "chi2_df": 3, "chi2_threshold": 7.814727903251179, "N_raw": 66, "N_roi": 66, "N_inlier": 64, "refit": true}
{"timestamp": "16:54:57.062950", "frame": 40, "mu": [-0.4689044323798721, 0.7205656223191087, -0.6125958609948126], "Sigma": [[0.0028185672381891074, 0.005131224153335828, -0.0030310037451464515], [0.005131224153335828, 0.024707330682130955, -0.02198150675744106], [-0.0030310037451464515, -0.02198150675744106, 0.039462713410419854]], "chi2_level": 0.95, "chi2_df": 3, "chi2_threshold": 7.814727903251179, "N_raw": 64, "N_roi": 63, "N_inlier": 55, "refit": true}
{"timestamp": "16:54:57.115550", "frame": 41, "mu": [-0.5381414172112936, 0.7271455200716846, 1.5130314074349152], "Sigma": [[0.015481230503176879, 0.0068062887810917076, -0.006490068772697444], [0.0068062887810917076, 0.004613787467320611, -0.0030973317542976634], [-0.006490068772697443, -0.0030973317542976634, 0.016523990783811407]], "chi2_level": 0.95, "chi2_df": 3, "chi2_threshold": 7.814727903251179, "N_raw": 62, "N_roi": 62, "N_inlier": 59, "refit": true}
{"timestamp": "16:54:57.174345", "frame": 42, "mu": [-0.6995247824537105, 0.7816380298903893, 1.6287523160288784], "Sigma": [[0.01958350568795915, 0.006212587344019929, -0.012233017279173758], [0.006212587344019929, 0.006156937930941861, -0.006909739657101921], [-0.012233017279173756, -0.006909739657101921, 0.02205648795012799]], "chi2_level": 0.95, "chi2_df": 3, "chi2_threshold": 7.814727903251179, "N_raw": 79, "N_roi": 77, "N_inlier": 73, "refit": true}
{"timestamp": "16:54:57.231113", "frame": 43, "mu": [-0.7048588596781956, 0.6794602815021252, 1.3119825190025678], "Sigma": [[0.012121104968192003, -0.0007632604837202169, -0.02629750528081249], [-0.0007632604837202166, 0.008699141707922239, 0.002102729183440181], [-0.02629750528081249, 0.002102729183440181, 0.1035571662575279]], "chi2_level": 0.95, "chi2_df": 3, "chi2_threshold": 7.814727903251179, "N_raw": 95, "N_roi": 95, "N_inlier": 89, "refit": true}
{"timestamp": "16:54:57.290067", "frame": 44, "mu": [-0.8180377364347553, 0.7867728674655231, 1.5548128830646737], "Sigma": [[0.02065480110453952, 0.010763258273394175, -0.020837226261194237], [0.010763258273394178, 0.014251028355833577, -0.02012889465450742], [-0.020837226261194237, -0.020128894654507415, 0.04492547265032293]], "chi2_level": 0.95, "chi2_df": 3, "chi2_threshold": 7.814727903251179, "N_raw": 113, "N_roi": 113, "N_inlier": 107, "refit": true}
{"timestamp": "16:54:57.341548", "frame": 45, "mu": [-0.8384873812348038, 0.7121446805010183, 1.4774062092913531], "Sigma": [[0.018452213797474002, -0.0009162780242233322, -0.03896559997065413], [-0.0009162780242233322, 0.00804329870500462, 0.0071269231331349495], [-0.03896559997065413, 0.0071269231331349495, 0.13288732198053982]], "chi2_level": 0.95, "chi2_df": 3, "chi2_threshold": 7.814727903251179, "N_raw": 95, "N_roi": 95, "N_inlier": 90, "refit": true}
{"timestamp": "16:54:57.399950", "frame": 46, "mu": [-0.9276278786456322, 0.8094231273552808, 1.4816626994580235], "Sigma": [[0.014136716481955454, 0.008636356292492882, -0.006805610712066163], [0.008636356292492882, 0.013648111793776839, -0.022788061955186005], [-0.006805610712066162, -0.022788061955186005, 0.15578650120771756]], "chi2_level": 0.95, "chi2_df": 3, "chi2_threshold": 7.814727903251179, "N_raw": 117, "N_roi": 117, "N_inlier": 115, "refit": true}
{"timestamp": "16:54:57.458117", "frame": 47, "mu": [-0.951821820003659, 0.7303237889131615, 1.4600016005903687], "Sigma": [[0.01850097580492143, 0.017632562306792478, -0.013221911325606586], [0.017632562306792474, 0.046902734487558016, 0.015139391668399019], [-0.013221911325606586, 0.015139391668399017, 0.10342526192481549]], "chi2_level": 0.95, "chi2_df": 3, "chi2_threshold": 7.814727903251179, "N_raw": 134, "N_roi": 133, "N_inlier": 132, "refit": true}
{"timestamp": "16:54:57.512945", "frame": 48, "mu": [-0.9863345498574274, 0.8031648868579069, 1.4387833036769528], "Sigma": [[0.01890461370342074, 0.003746141297277832, -0.03677043772598049], [0.003746141297277832, 0.008393194952301597, -0.0015280302005080282], [-0.036770437725980494, -0.0015280302005080274, 0.14742659200298427]], "chi2_level": 0.95, "chi2_df": 3, "chi2_threshold": 7.814727903251179, "N_raw": 138, "N_roi": 138, "N_inlier": 135, "refit": true}
{"timestamp": "16:54:57.562900", "frame": 49, "mu": [-1.0890439263487117, 0.8444150186363832, 0.24638971446900637], "Sigma": [[0.011262204307160264, 0.00547636658078759, 0.04867459978129053], [0.00547636658078759, 0.012784919949511217, 0.05580058140164848], [0.04867459978129053, 0.05580058140164848, 0.6430551766190263]], "chi2_level": 0.95, "chi2_df": 3, "chi2_threshold": 7.814727903251179, "N_raw": 98, "N_roi": 98, "N_inlier": 96, "refit": true}
{"timestamp": "16:54:57.616846", "frame": 50, "mu": [-1.1354830128257938, 0.7150276433288202, 1.4735993409692505], "Sigma": [[0.010462207410813232, 0.010398849577264864, 0.00363067490055333], [0.010398849577264863, 0.055067161453295994, 0.030723659239032874], [0.00363067490055333, 0.03072365923903287, 0.02927033850155508]], "chi2_level": 0.95, "chi2_df": 3, "chi2_threshold": 7.814727903251179, "N_raw": 94, "N_roi": 94, "N_inlier": 89, "refit": true}
{"timestamp": "16:54:57.756955", "frame": 51, "mu": [-1.2110429402891185, 0.869577552418714, -0.23163302124595558], "Sigma": [[0.012416003485017401, 0.009795357441306848, 0.01193220900713558], [0.00979535744130685, 0.02491141763490331, 0.01599523973520006], [0.011932209007135578, 0.01599523973520006, 0.03449549857599807]], "chi2_level": 0.95, "chi2_df": 3, "chi2_threshold": 7.814727903251179, "N_raw": 98, "N_roi": 98, "N_inlier": 91, "refit": true}
{"timestamp": "16:54:57.799634", "frame": 52, "mu": [-1.2301996562464887, 0.8853671062816496, 1.5792942648383665], "Sigma": [[0.010004627555497391, 0.004957445058629837, -0.002093966898247809], [0.004957445058629837, 0.009631709681755909, -0.006195633828924263], [-0.0020939668982478095, -0.006195633828924264, 0.021287372958001274]], "chi2_level": 0.95, "chi2_df": 3, "chi2_threshold": 7.814727903251179, "N_raw": 89, "N_roi": 89, "N_inlier": 84, "refit": true}
{"timestamp": "16:54:57.845804", "frame": 53, "mu": [-1.340020750938418, 0.855632445224207, 1.5117918056492536], "Sigma": [[0.011306717365649857, 0.006981487181543873, 0.006907322201196196], [0.006981487181543873, 0.010895330337857506, -0.0055480704131498], [0.006907322201196196, -0.0055480704131498, 0.03458150477260608]], "chi2_level": 0.95, "chi2_df": 3, "chi2_threshold": 7.814727903251179, "N_raw": 97, "N_roi": 97, "N_inlier": 88, "refit": true}
{"timestamp": "16:54:57.876269", "frame": 54, "mu": [-1.3603415676938977, 0.8973906065088098, 1.5672824242560401], "Sigma": [[0.010331219174647488, 0.006249338010601308, 0.005392578735552142], [0.006249338010601308, 0.01732242694523344, -0.004649555468051539], [0.005392578735552142, -0.004649555468051538, 0.018073848115069912]], "chi2_level": 0.95, "chi2_df": 3, "chi2_threshold": 7.814727903251179, "N_raw": 93, "N_roi": 93, "N_inlier": 89, "refit": true}
{"timestamp": "16:54:57.895899", "frame": 55, "mu": [-1.3659453431809903, 1.0097851650722562, 1.471558410712637], "Sigma": [[0.01349044999508423, 0.006494208240613616, -0.010793181228473793], [0.006494208240613616, 0.015395338501774387, -0.018200297019787835], [-0.010793181228473793, -0.018200297019787835, 0.04523538646143168]], "chi2_level": 0.95, "chi2_df": 3, "chi2_threshold": 7.814727903251179, "N_raw": 127, "N_roi": 127, "N_inlier": 116, "refit": true}
{"timestamp": "16:54:57.948535", "frame": 56, "mu": [-1.4078104010717918, 1.1122038781841261, 0.06081343123258418], "Sigma": [[0.01129056674823983, 0.009021770676622872, 0.03863574407388083], [0.009021770676622872, 0.018087579692535462, 0.04356905031560701], [0.03863574407388083, 0.04356905031560702, 0.3663863994352498]], "chi2_level": 0.95, "chi2_df": 3, "chi2_threshold": 7.814727903251179, "N_raw": 106, "N_roi": 106, "N_inlier": 105, "refit": true}
{"timestamp": "16:54:58.001568", "frame": 57, "mu": [-1.4552620278425707, 1.074093704116653, 1.5327475182827968], "Sigma": [[0.011108469314591916, 0.006287027775720685, -0.00471624256971772], [0.006287027775720685, 0.009870438155160302, -0.008445998314292593], [-0.00471624256971772, -0.008445998314292593, 0.031298540415108725]], "chi2_level": 0.95, "chi2_df": 3, "chi2_threshold": 7.814727903251179, "N_raw": 96, "N_roi": 96, "N_inlier": 91, "refit": true}
{"timestamp": "16:54:58.058199", "frame": 58, "mu": [-1.5188569420869753, 1.0948111246550503, 1.5323430200856625], "Sigma": [[0.010513411491604428, 0.006301480871517596, 0.0012264378468755457], [0.006301480871517596, 0.010153766956487965, -0.011002267065937169], [0.0012264378468755457, -0.011002267065937169, 0.05837877216249933]], "chi2_level": 0.95, "chi2_df": 3, "chi2_threshold": 7.814727903251179, "N_raw": 107, "N_roi": 107, "N_inlier": 106, "refit": true}
{"timestamp": "16:54:58.111586", "frame": 59, "mu": [-1.5675381680534084, 1.0735755772863453, 1.3577446883485649], "Sigma": [[0.016832008139615648, 0.013702832526235834, 0.00657586457426251], [0.013702832526235834, 0.019004968956088913, 0.007359987521448611], [0.00657586457426251, 0.007359987521448611, 0.03188801756294251]], "chi2_level": 0.95, "chi2_df": 3, "chi2_threshold": 7.814727903251179, "N_raw": 95, "N_roi": 95, "N_inlier": 91, "refit": true}
{"timestamp": "16:54:58.161879", "frame": 60, "mu": [-1.6101931389386477, 1.1455427943074616, 1.6387320253688646], "Sigma": [[0.007052811816065276, 0.0036055512043948546, -0.0016583732793860257], [0.0036055512043948546, 0.009113031800132452, -0.008928642047686907], [-0.0016583732793860257, -0.008928642047686907, 0.02028350635136865]], "chi2_level": 0.95, "chi2_df": 3, "chi2_threshold": 7.814727903251179, "N_raw": 60, "N_roi": 60, "N_inlier": 57, "refit": true}
{"timestamp": "16:54:58.221202", "frame": 61, "mu": [-1.6152644216837762, 1.1994632028528638, 1.4952388492635749], "Sigma": [[0.01870430174523379, 0.009711926826161133, -0.009844854756528212], [0.009711926826161133, 0.014736753570465713, -0.011318444622051553], [-0.009844854756528212, -0.011318444622051553, 0.010172944175262212]], "chi2_level": 0.95, "chi2_df": 3, "chi2_threshold": 7.814727903251179, "N_raw": 99, "N_roi": 99, "N_inlier": 95, "refit": true}
{"timestamp": "16:54:58.276667", "frame": 62, "mu": [-1.6283280383742822, 1.2314812618750708, 1.5415500536856255], "Sigma": [[0.017181039459519556, 0.009945824972677375, -0.00856265425786696], [0.009945824972677373, 0.014645563211043386, -0.011657387900034113], [-0.00856265425786696, -0.011657387900034111, 0.010331031687717785]], "chi2_level": 0.95, "chi2_df": 3, "chi2_threshold": 7.814727903251179, "N_raw": 95, "N_roi": 95, "N_inlier": 89, "refit": true}
{"timestamp": "16:54:58.331198", "frame": 63, "mu": [-1.6597191007146423, 1.2846797189435257, 1.547455437255676], "Sigma": [[0.017639826442053336, 0.00905881264324217, -0.012112125555342792], [0.00905881264324217, 0.016001617177567255, -0.009068712625421072], [-0.01211212555534279, -0.009068712625421072, 0.009819195828229923]], "chi2_level": 0.95, "chi2_df": 3, "chi2_threshold": 7.814727903251179, "N_raw": 89, "N_roi": 89, "N_inlier": 86, "refit": true}
{"timestamp": "16:54:58.390284", "frame": 64, "mu": [-1.6759505156239844, 1.3704404868066857, 1.576777030478131], "Sigma": [[0.01925046188138329, 0.014216238140616337, -0.022437139321793427], [0.014216238140616339, 0.02195397093925, -0.028539584882277275], [-0.022437139321793427, -0.028539584882277275, 0.05434538653313921]], "chi2_level": 0.95, "chi2_df": 3, "chi2_threshold": 7.814727903251179, "N_raw": 120, "N_roi": 120, "N_inlier": 115, "refit": true}
{"timestamp": "16:54:58.439611", "frame": 65, "mu": [-1.7572509626819324, 1.4404904180457594, -0.05203116529624894], "Sigma": [[0.011614641775937738, 0.007193139843192675, -0.0027581408984079315], [0.007193139843192675, 0.018315337493379165, -0.013818094962008268], [-0.0027581408984079315, -0.013818094962008268, 0.018061590542273444]], "chi2_level": 0.95, "chi2_df": 3, "chi2_threshold": 7.814727903251179, "N_raw": 76, "N_roi": 76, "N_inlier": 70, "refit": true}
{"timestamp": "16:54:58.498314", "frame": 66, "mu": [-1.7213304843669262, 1.4371712172159776, 1.5041331594039629], "Sigma": [[0.018203976694464993, 0.011276698093915315, -0.011951452435431501], [0.011276698093915315, 0.016555775581477347, -0.017254278957777883], [-0.011951452435431501, -0.017254278957777883, 0.02990748708363492]], "chi2_level": 0.95, "chi2_df": 3, "chi2_threshold": 7.814727903251179, "N_raw": 109, "N_roi": 109, "N_inlier": 105, "refit": true}
{"timestamp": "16:54:58.553302", "frame": 67, "mu": [-1.765399589231137, 1.4536665904210586, 1.5167097160685503], "Sigma": [[0.020188078660612806, 0.01388860801454525, -0.014157899868148794], [0.01388860801454525, 0.020164127022700234, -0.0194199099764263], [-0.014157899868148794, -0.0194199099764263, 0.022830955861834527]], "chi2_level": 0.95, "chi2_df": 3, "chi2_threshold": 7.814727903251179, "N_raw": 109, "N_roi": 109, "N_inlier": 106, "refit": true}
{"timestamp": "16:54:58.604569", "frame": 68, "mu": [-1.7638537665521923, 1.5026542759414065, 1.5558076917549974], "Sigma": [[0.022632444269215683, 0.015482857512812033, -0.01433782553764454], [0.015482857512812033, 0.018131671526069343, -0.013543440718782733], [-0.014337825537644538, -0.013543440718782733, 0.011757812577746106]], "chi2_level": 0.95, "chi2_df": 3, "chi2_threshold": 7.814727903251179, "N_raw": 85, "N_roi": 85, "N_inlier": 83, "refit": true}
{"timestamp": "16:54:58.665761", "frame": 69, "mu": [-1.8274587547204109, 1.5910806950307201, 1.5359696874053081], "Sigma": [[0.021566734970001552, 0.01463361024534611, -0.019145173423095605], [0.014633610245346108, 0.023128296855880276, -0.02424789116169737], [-0.019145173423095605, -0.02424789116169737, 0.05245506187885966]], "chi2_level": 0.95, "chi2_df": 3, "chi2_threshold": 7.814727903251179, "N_raw": 121, "N_roi": 121, "N_inlier": 121, "refit": true}
{"timestamp": "16:54:58.715120", "frame": 70, "mu": [-1.8590860775699447, 1.5649625967501761, 1.6767574477525176], "Sigma": [[0.02317356112375751, 0.01780125654815136, -0.02015561062973718], [0.01780125654815136, 0.022227411974034446, -0.018373004171231187], [-0.02015561062973718, -0.018373004171231187, 0.02189210802405526]], "chi2_level": 0.95, "chi2_df": 3, "chi2_threshold": 7.814727903251179, "N_raw": 83, "N_roi": 83, "N_inlier": 78, "refit": true}
{"timestamp": "16:54:58.774561", "frame": 71, "mu": [-1.9277475333993699, 1.659441600606192, 1.6184798584255193], "Sigma": [[0.025179361876148283, 0.018686761474549764, -0.015005731610089714], [0.018686761474549767, 0.026481867934381113, -0.022494444058700064], [-0.015005731610089714, -0.022494444058700064, 0.03198432299163111]], "chi2_level": 0.95, "chi2_df": 3, "chi2_threshold": 7.814727903251179, "N_raw": 119, "N_roi": 119, "N_inlier": 115, "refit": true}
{"timestamp": "16:54:58.826504", "frame": 72, "mu": [-1.898995371811325, 1.783232472658666, 1.490229534583431], "Sigma": [[0.01882472698917964, 0.013125126575081844, -0.011037799914723818], [0.013125126575081844, 0.01501737494338737, -0.020592368689123824], [-0.011037799914723818, -0.020592368689123824, 0.04939778889367099]], "chi2_level": 0.95, "chi2_df": 3, "chi2_threshold": 7.814727903251179, "N_raw": 97, "N_roi": 97, "N_inlier": 94, "refit": true}
{"timestamp": "16:54:58.881124", "frame": 73, "mu": [-1.9630340299934073, 1.7719165006936815, 1.6576177466031532], "Sigma": [[0.027007740747053983, 0.01849892525584982, -0.014324797653703635], [0.01849892525584982, 0.01957403297015716, -0.01704459867951976], [-0.014324797653703635, -0.01704459867951976, 0.01893333133766762]], "chi2_level": 0.95, "chi2_df": 3, "chi2_threshold": 7.814727903251179, "N_raw": 84, "N_roi": 82, "N_inlier": 79, "refit": true}
{"timestamp": "16:54:58.937974", "frame": 74, "mu": [-1.9881204260693282, 1.8651567023006572, 1.5716711699683505], "Sigma": [[0.025928346503524435, 0.017777528875766536, -0.027459085786486807], [0.017777528875766536, 0.018734779464146527, -0.03493678013717861], [-0.027459085786486807, -0.03493678013717861, 0.08524137004310253]], "chi2_level": 0.95, "chi2_df": 3, "chi2_threshold": 7.814727903251179, "N_raw": 110, "N_roi": 110, "N_inlier": 103, "refit": true}
{"timestamp": "16:54:58.992140", "frame": 75, "mu": [-1.9764233570044818, 1.8943293187849277, 0.47630552714547403], "Sigma": [[0.02657359250114855, 0.022473758781240506, 0.0401759244051732], [0.022473758781240506, 0.03305110152951416, 0.027995375658668102], [0.04017592440517319, 0.027995375658668106, 0.23457253139495016]], "chi2_level": 0.95, "chi2_df": 3, "chi2_threshold": 7.814727903251179, "N_raw": 97, "N_roi": 95, "N_inlier": 94, "refit": true}
{"timestamp": "16:54:59.045119", "frame": 76, "mu": [-2.0045218742731112, 1.9403106315219134, 1.8053878480875023], "Sigma": [[0.02751161269118354, 0.02074532079218719, -0.024253278118808598], [0.02074532079218719, 0.023275247323806363, -0.026270563351897393], [-0.024253278118808598, -0.026270563351897393, 0.03648225841538798]], "chi2_level": 0.95, "chi2_df": 3, "chi2_threshold": 7.814727903251179, "N_raw": 87, "N_roi": 86, "N_inlier": 79, "refit": true}
{"timestamp": "16:54:59.092140", "frame": 77, "mu": [-2.0218377462167383, 2.215947705491999, -0.31009085085880284], "Sigma": [[0.0194669265297781, 0.025847123766341053, -0.03235859187334133], [0.025847123766341053, 0.09945499528774324, -0.17622749519063952], [-0.03235859187334132, -0.17622749519063952, 0.371001039791631]], "chi2_level": 0.95, "chi2_df": 3, "chi2_threshold": 7.814727903251179, "N_raw": 26, "N_roi": 26, "N_inlier": 25, "refit": true}
{"timestamp": "16:54:59.143945", "frame": 78, "mu": [-1.9780317473808178, 2.190098105962731, 0.9813179977808228], "Sigma": [[0.027668004263822408, 0.020268519305073503, -0.017468231852233892], [0.020268519305073503, 0.02119529500884898, -0.04549462996331634], [-0.01746823185223389, -0.04549462996331634, 0.2663993571383197]], "chi2_level": 0.95, "chi2_df": 3, "chi2_threshold": 7.814727903251179, "N_raw": 19, "N_roi": 19, "N_inlier": 17, "refit": true}
{"timestamp": "16:54:59.256878", "frame": 80, "mu": [-1.8860957564624046, 2.258945974428746, 1.5465258917631592], "Sigma": [[0.01362360870650423, 0.0045294696209846885, 0.015254444146729863], [0.0045294696209846885, 0.004017580556860809, -0.0005390146318519982], [0.015254444146729863, -0.0005390146318519984, 0.06536883475071685]], "chi2_level": 0.95, "chi2_df": 3, "chi2_threshold": 7.814727903251179, "N_raw": 31, "N_roi": 31, "N_inlier": 28, "refit": true}
{"timestamp": "16:54:59.368116", "frame": 82, "mu": [-1.8702113217222518, 2.4715042852287756, 0.21176242644221854], "Sigma": [[0.009482986997626992, 0.007382487381207774, -0.006823760905632394], [0.007382487381207773, 0.01642409378379233, -0.0238875134012618], [-0.006823760905632394, -0.0238875134012618, 0.04398919731622297]], "chi2_level": 0.95, "chi2_df": 3, "chi2_threshold": 7.814727903251179, "N_raw": 45, "N_roi": 45, "N_inlier": 43, "refit": true}
{"timestamp": "16:54:59.423033", "frame": 83, "mu": [-1.942964681819628, 2.450027160437297, 1.3381945333522745], "Sigma": [[0.03090083332753317, 0.008746216539402564, 0.05943894706411619], [0.008746216539402564, 0.006273310072260328, 0.005293534045070851], [0.05943894706411619, 0.0052935340450708515, 0.21598578381568168]], "chi2_level": 0.95, "chi2_df": 3, "chi2_threshold": 7.814727903251179, "N_raw": 38, "N_roi": 38, "N_inlier": 38, "refit": true}
{"timestamp": "16:54:59.474697", "frame": 84, "mu": [-1.8247986798531586, 2.5622640559819176, 1.6547906703926685], "Sigma": [[0.003894071857372853, 4.191534376919687e-05, 0.00042338085628957104], [4.1915343769196765e-05, 0.002762131063875897, -0.0045299802290746875], [0.0004233808562895702, -0.0045299802290746875, 0.027565522602259095]], "chi2_level": 0.95, "chi2_df": 3, "chi2_threshold": 7.814727903251179, "N_raw": 19, "N_roi": 19, "N_inlier": 18, "refit": true}
{"timestamp": "16:54:59.533427", "frame": 85, "mu": [-1.8566643263972564, 2.651340319442678, 1.2978646328744767], "Sigma": [[0.04371433554498848, 0.00425565013407264, 0.04797303898147083], [0.00425565013407264, 0.0032636082763086694, -0.006795830250232166], [0.04797303898147083, -0.006795830250232166, 0.11417205620376511]], "chi2_level": 0.95, "chi2_df": 3, "chi2_threshold": 7.814727903251179, "N_raw": 44, "N_roi": 44, "N_inlier": 41, "refit": true}
{"timestamp": "16:54:59.590081", "frame": 86, "mu": [-1.7850263624445442, 2.6572255909227285, 1.412824271696372], "Sigma": [[0.012747372026775653, 0.00440078918473657, -0.01113737002925021], [0.00440078918473657, 0.00542441293148004, -0.010809224384276658], [-0.01113737002925021, -0.010809224384276658, 0.030016452548431966]], "chi2_level": 0.95, "chi2_df": 3, "chi2_threshold": 7.814727903251179, "N_raw": 54, "N_roi": 54, "N_inlier": 50, "refit": true}
{"timestamp": "16:54:59.643450", "frame": 87, "mu": [-1.8107243118416245, 2.672821141999393, 1.5372806144576174], "Sigma": [[0.015582885037975584, 0.004449875406596424, -0.008216423247642178], [0.004449875406596425, 0.005560496347174948, -0.004578550324657647], [-0.008216423247642178, -0.004578550324657647, 0.006723293068260557]], "chi2_level": 0.95, "chi2_df": 3, "chi2_threshold": 7.814727903251179, "N_raw": 47, "N_roi": 47, "N_inlier": 44, "refit": true}
{"timestamp": "16:54:59.695574", "frame": 88, "mu": [-1.8119380040828388, 2.6829829676338237, 1.5728321749156122], "Sigma": [[0.009151604130264642, 0.003231810790664495, -0.0058022924306221045], [0.0032318107906644956, 0.0040656470154528945, -0.002478064552268077], [-0.0058022924306221045, -0.002478064552268077, 0.0048207984243641465]], "chi2_level": 0.95, "chi2_df": 3, "chi2_threshold": 7.814727903251179, "N_raw": 23, "N_roi": 23, "N_inlier": 22, "refit": true}
{"timestamp": "16:54:59.757271", "frame": 89, "mu": [-1.8261203702841138, 2.844056748793187, 1.2645154111058703], "Sigma": [[0.011798584448990264, 0.0035197293457400786, -0.008001038621680527], [0.0035197293457400794, 0.00639560489332985, -0.012431718630421999], [-0.008001038621680527, -0.012431718630421997, 0.03308558391087782]], "chi2_level": 0.95, "chi2_df": 3, "chi2_threshold": 7.814727903251179, "N_raw": 66, "N_roi": 66, "N_inlier": 57, "refit": true}
