{"timestamp": "16:58:10.587989", "frame": 8, "mu": [-2.3326965949145344, 4.287999033798102, -0.020513756556483277], "Sigma": [[0.011912241375111748, 0.004672737240118506, -0.006985501875672711], [0.004672737240118506, 0.008345783058171673, -0.0054850838961359154], [-0.006985501875672711, -0.0054850838961359154, 0.007246755928133009]], "chi2_level": 0.95, "chi2_df": 3, "chi2_threshold": 7.814727903251179, "N_raw": 58, "N_roi": 32, "N_inlier": 29, "refit": true}
{"timestamp": "16:58:10.641139", "frame": 9, "mu": [-2.365140627425603, 4.042687350550679, 1.0259203385762081], "Sigma": [[0.005661690479349455, 0.00018955268450874727, -0.002610884614138633], [0.00018955268450874705, 0.0033406120136984904, -0.0009140963214274893], [-0.002610884614138633, -0.0009140963214274893, 0.0026750450287019393]], "chi2_level": 0.95, "chi2_df": 3, "chi2_threshold": 7.814727903251179, "N_raw": 27, "N_roi": 16, "N_inlier": 15, "refit": true}
{"timestamp": "16:58:10.752505", "frame": 11, "mu": [-2.302888847801792, 4.2355082721179285, 0.24959631087281495], "Sigma": [[0.014409981162060515, 0.007806502031021289, -0.008895391904520466], [0.007806502031021288, 0.010660777215344077, -0.007065017376075366], [-0.008895391904520466, -0.007065017376075367, 0.007960448613168851]], "chi2_level": 0.95, "chi2_df": 3, "chi2_threshold": 7.814727903251179, "N_raw": 41, "N_roi": 34, "N_inlier": 33, "refit": true}
{"timestamp": "16:58:10.810804", "frame": 12, "mu": [-2.1679575928441013, 4.138929463423008, 0.7989874241332999], "Sigma": [[0.03533838008540751, 0.0062135986046102445, -0.027913175248804524], [0.006213598604610246, 0.00550712185276566, -0.00808652993735532], [-0.027913175248804524, -0.00808652993735532, 0.027252341969081342]], "chi2_level": 0.95, "chi2_df": 3, "chi2_threshold": 7.814727903251179, "N_raw": 59, "N_roi": 54, "N_inlier": 54, "refit": true}
{"timestamp": "16:58:10.861510", "frame": 13, "mu": [-2.243770165235484, 4.180104528904941, 1.1115105838980528], "Sigma": [[0.012871401099304743, 0.0049703419368282535, -0.010872042383062795], [0.0049703419368282535, 0.005627920115898033, -0.003593844405932429], [-0.010872042383062797, -0.003593844405932429, 0.010707052930674626]], "chi2_level": 0.95, "chi2_df": 3, "chi2_threshold": 7.814727903251179, "N_raw": 24, "N_roi": 21, "N_inlier": 20, "refit": true}
{"timestamp": "16:58:10.915157", "frame": 14, "mu": [-2.118738207594784, 4.184387961044587, 0.8283920513734823], "Sigma": [[0.022752429596870127, 0.005706815807719999, -0.02324515770110249], [0.005706815807719999, 0.0029501814716117415, -0.006810907698707621], [-0.02324515770110249, -0.006810907698707621, 0.02600425645408565]], "chi2_level": 0.95, "chi2_df": 3, "chi2_threshold": 7.814727903251179, "N_raw": 25, "N_roi": 25, "N_inlier": 24, "refit": true}
{"timestamp": "16:58:10.976809", "frame": 15, "mu": [-2.0667233507221345, 4.194863638865818, 0.8550944405533711], "Sigma": [[0.036327869131388364, 0.014542771177751636, -0.02318907197499409], [0.014542771177751636, 0.009791658007541218, -0.01410080726729429], [-0.02318907197499409, -0.01410080726729429, 0.02295926719740877]], "chi2_level": 0.95, "chi2_df": 3, "chi2_threshold": 7.814727903251179, "N_raw": 60, "N_roi": 57, "N_inlier": 56, "refit": true}
{"timestamp": "16:58:11.030503", "frame": 16, "mu": [-2.081395332329833, 4.1759852680326155, 0.9507065256855075], "Sigma": [[0.030764824962631485, 0.007496086033237877, -0.027764328954100727], [0.007496086033237877, 0.00763468867189921, -0.007087627581142106], [-0.027764328954100727, -0.007087627581142106, 0.02695298054417855]], "chi2_level": 0.95, "chi2_df": 3, "chi2_threshold": 7.814727903251179, "N_raw": 56, "N_roi": 53, "N_inlier": 50, "refit": true}
{"timestamp": "16:58:11.081025", "frame": 17, "mu": [-1.996268385476572, 4.290289550211409, 0.9595888481013736], "Sigma": [[0.01623433596927176, 0.0069293945499068945, -0.01195166089057243], [0.006929394549906895, 0.007551542896914635, -0.006470792503247647], [-0.01195166089057243, -0.006470792503247647, 0.013238578582528885]], "chi2_level": 0.95, "chi2_df": 3, "chi2_threshold": 7.814727903251179, "N_raw": 25, "N_roi": 25, "N_inlier": 23, "refit": true}
{"timestamp": "16:58:11.137923", "frame": 18, "mu": [-2.0221025247925795, 4.234013503626589, -0.3152888887072224], "Sigma": [[0.02847789722443094, 0.015771805363691275, 0.052474594636113744], [0.015771805363691275, 0.01480335303092013, 0.03988379296837824], [0.052474594636113744, 0.039883792968378226, 0.19270239556374671]], "chi2_level": 0.95, "chi2_df": 3, "chi2_threshold": 7.814727903251179, "N_raw": 45, "N_roi": 43, "N_inlier": 43, "refit": true}
{"timestamp": "16:58:11.301332", "frame": 21, "mu": [-1.7065800902922106, 4.315000106823737, 0.8804935475655755], "Sigma": [[0.009062661320602105, 0.002601717317102016, -0.003662889723935344], [0.002601717317102016, 0.025337398966634776, 0.0018713118841127917], [-0.003662889723935344, 0.0018713118841127917, 0.005810518294054338]], "chi2_level": 0.95, "chi2_df": 3, "chi2_threshold": 7.814727903251179, "N_raw": 27, "N_roi": 24, "N_inlier": 23, "refit": true}
{"timestamp": "16:58:11.359629", "frame": 22, "mu": [-1.7212596136124034, 4.228609428960274, 1.167209426183977], "Sigma": [[0.026869413524952142, 0.005092715166144147, -0.02735767576844527], [0.005092715166144148, 0.0018963781149736174, -0.005516290975139823], [-0.02735767576844527, -0.005516290975139823, 0.030597666209947944]], "chi2_level": 0.95, "chi2_df": 3, "chi2_threshold": 7.814727903251179, "N_raw": 49, "N_roi": 27, "N_inlier": 24, "refit": true}
{"timestamp": "16:58:11.632511", "frame": 27, "mu": [-1.4054305635345592, 4.143319732618468, 1.0739860218620618], "Sigma": [[0.022902262963049005, 0.003735371455209464, -0.01648321261239776], [0.003735371455209464, 0.004007710699601179, -0.0020610723109722724], [-0.01648321261239776, -0.0020610723109722724, 0.01372873460642774]], "chi2_level": 0.95, "chi2_df": 3, "chi2_threshold": 7.814727903251179, "N_raw": 40, "N_roi": 36, "N_inlier": 35, "refit": true}
{"timestamp": "16:58:11.691749", "frame": 28, "mu": [-1.3276625455835316, 4.160388724316787, 1.0002098704420321], "Sigma": [[0.028408088531862552, 0.0004130141095533249, -0.015650224693400813], [0.00041301410955332427, 0.006560374175506184, -0.002990880143373547], [-0.015650224693400813, -0.002990880143373547, 0.011596487588596651]], "chi2_level": 0.95, "chi2_df": 3, "chi2_threshold": 7.814727903251179, "N_raw": 70, "N_roi": 68, "N_inlier": 65, "refit": true}
{"timestamp": "16:58:11.748414", "frame": 29, "mu": [-1.3189683388944764, 4.160310897881147, 1.0079387315673443], "Sigma": [[0.026965283932384683, 0.0021091937547615992, -0.012167634281331243], [0.0021091937547615992, 0.0050243281157186645, -0.006506560387338817], [-0.012167634281331243, -0.006506560387338817, 0.013716572209805261]], "chi2_level": 0.95, "chi2_df": 3, "chi2_threshold": 7.814727903251179, "N_raw": 72, "N_roi": 68, "N_inlier": 63, "refit": true}
{"timestamp": "16:58:11.799533", "frame": 30, "mu": [-1.2229465299686337, 4.153514173994266, 1.0654884448496098], "Sigma": [[0.020458136367433374, 0.0031247854513371783, -0.012286340831313386], [0.0031247854513371783, 0.0034241892081182815, -0.0022625334548800535], [-0.012286340831313386, -0.0022625334548800535, 0.008497138689555045]], "chi2_level": 0.95, "chi2_df": 3, "chi2_threshold": 7.814727903251179, "N_raw": 45, "N_roi": 39, "N_inlier": 36, "refit": true}
{"timestamp": "16:58:11.850508", "frame": 31, "mu": [-1.2250698748473399, 4.209360845487444, 1.130413241962986], "Sigma": [[0.013455105348623873, 0.00012053021749723614, -0.009767134561707703], [0.00012053021749723619, 0.0026792589226405624, 6.487374244811299e-05], [-0.009767134561707703, 6.487374244811299e-05, 0.009417884055132802]], "chi2_level": 0.95, "chi2_df": 3, "chi2_threshold": 7.814727903251179, "N_raw": 29, "N_roi": 28, "N_inlier": 26, "refit": true}
{"timestamp": "16:58:11.905509", "frame": 32, "mu": [-1.1788217984971552, 4.293013294726581, 1.234732827466065], "Sigma": [[0.013679018209342827, 0.0011865918479135188, -0.013139860139257812], [0.0011865918479135188, 0.0028776699427114773, 0.001552081415111015], [-0.013139860139257812, 0.001552081415111015, 0.016008332911687743]], "chi2_level": 0.95, "chi2_df": 3, "chi2_threshold": 7.814727903251179, "N_raw": 26, "N_roi": 23, "N_inlier": 22, "refit": true}
{"timestamp": "16:58:11.960541", "frame": 33, "mu": [-1.011344832569742, 4.279198838327111, 0.9662698718825531], "Sigma": [[0.01455896588625967, -0.0005230964198415849, -0.015549325886707533], [-0.0005230964198415849, 0.002116792024948779, 0.0010927846417880878], [-0.015549325886707533, 0.0010927846417880878, 0.01814804373857109]], "chi2_level": 0.95, "chi2_df": 3, "chi2_threshold": 7.814727903251179, "N_raw": 29, "N_roi": 24, "N_inlier": 22, "refit": true}
{"timestamp": "16:58:12.127249", "frame": 36, "mu": [-0.9692238738259046, 4.293664066256356, 0.23121803748637665], "Sigma": [[0.018965746732226303, 0.0036456376422290284, -0.009381546739563314], [0.0036456376422290284, 0.0023259487580734356, -0.0011969593643493554], [-0.009381546739563316, -0.0011969593643493554, 0.005908175377087084]], "chi2_level": 0.95, "chi2_df": 3, "chi2_threshold": 7.814727903251179, "N_raw": 30, "N_roi": 28, "N_inlier": 25, "refit": true}
{"timestamp": "16:58:12.180911", "frame": 37, "mu": [-0.8800208756698551, 4.340985680445211, 1.1179268458826628], "Sigma": [[0.017243367477102513, 0.0022682936613229506, -0.007707810184809703], [0.0022682936613229497, 0.0033491567780291505, 0.0023421701795341057], [-0.007707810184809703, 0.0023421701795341057, 0.008080509884438185]], "chi2_level": 0.95, "chi2_df": 3, "chi2_threshold": 7.814727903251179, "N_raw": 29, "N_roi": 26, "N_inlier": 23, "refit": true}
{"timestamp": "16:58:12.240730", "frame": 38, "mu": [-0.7673448130482567, 4.424477628929115, 1.0077767176044208], "Sigma": [[0.040407268923801476, 0.026486599333243488, -0.02450062552851081], [0.026486599333243488, 0.03522530306229565, -0.021311402274902032], [-0.02450062552851081, -0.021311402274902032, 0.02119774409276859]], "chi2_level": 0.95, "chi2_df": 3, "chi2_threshold": 7.814727903251179, "N_raw": 56, "N_roi": 53, "N_inlier": 52, "refit": true}
{"timestamp": "16:58:12.294151", "frame": 39, "mu": [-0.7236939543969906, 4.511253746772145, 1.0488399497086272], "Sigma": [[0.04039588832301, 0.01777683761718575, -0.015040258113775032], [0.01777683761718575, 0.01777831488828651, -0.008252591865708286], [-0.015040258113775028, -0.008252591865708286, 0.009388967989939283]], "chi2_level": 0.95, "chi2_df": 3, "chi2_threshold": 7.814727903251179, "N_raw": 47, "N_roi": 44, "N_inlier": 41, "refit": true}
{"timestamp": "16:58:12.349556", "frame": 40, "mu": [-0.6260371597660652, 4.581086725319588, 0.17044498068297073], "Sigma": [[0.056927239209671666, 0.04261439166601339, 0.009928321142407551], [0.04261439166601339, 0.0456775395391764, 0.020158154648494048], [0.009928321142407551, 0.020158154648494048, 0.015471161646701325]], "chi2_level": 0.95, "chi2_df": 3, "chi2_threshold": 7.814727903251179, "N_raw": 51, "N_roi": 48, "N_inlier": 47, "refit": true}
{"timestamp": "16:58:12.406156", "frame": 41, "mu": [-0.5848491859343401, 4.451380173506094, 1.0086990151318302], "Sigma": [[0.038156527323650186, 0.03021662740689751, -0.01165884582060628], [0.03021662740689751, 0.05384620608007332, -0.005239493021717894], [-0.01165884582060628, -0.0052394930217178936, 0.00697543015469674]], "chi2_level": 0.95, "chi2_df": 3, "chi2_threshold": 7.814727903251179, "N_raw": 59, "N_roi": 53, "N_inlier": 52, "refit": true}
{"timestamp": "16:58:12.677751", "frame": 46, "mu": [-0.400361034158965, 4.354340583451599, 0.8373607847220464], "Sigma": [[0.01698271429834896, 0.009026352484451298, -0.02771151812641829], [0.009026352484451298, 0.01399122212569205, -0.03736174940746953], [-0.02771151812641829, -0.03736174940746953, 0.10715791610685287]], "chi2_level": 0.95, "chi2_df": 3, "chi2_threshold": 7.814727903251179, "N_raw": 38, "N_roi": 35, "N_inlier": 34, "refit": true}
{"timestamp": "16:58:12.786530", "frame": 48, "mu": [-0.3396288042582993, 4.312316923766882, 1.1904805008702497], "Sigma": [[0.014483776203550363, 0.0012797085846928324, -0.0029243199651686454], [0.0012797085846928328, 0.003782070396280612, -0.0028778256329116247], [-0.0029243199651686454, -0.0028778256329116247, 0.003820242232534992]], "chi2_level": 0.95, "chi2_df": 3, "chi2_threshold": 7.814727903251179, "N_raw": 37, "N_roi": 35, "N_inlier": 34, "refit": true}
{"timestamp": "16:58:12.842528", "frame": 49, "mu": [-0.3139016224627311, 4.358673180380582, 1.3216551671773928], "Sigma": [[0.01919353528503045, -0.0007263282602176684, -0.012396813522925532], [-0.0007263282602176682, 0.004225406455629875, 0.001257422687805467], [-0.012396813522925532, 0.001257422687805467, 0.009993108921900999]], "chi2_level": 0.95, "chi2_df": 3, "chi2_threshold": 7.814727903251179, "N_raw": 35, "N_roi": 35, "N_inlier": 34, "refit": true}
{"timestamp": "16:58:12.894541", "frame": 50, "mu": [-0.2528261007987562, 4.478672112081181, 0.17540400901389147], "Sigma": [[0.01775048937295539, 0.003690734364890833, -0.013728672144484356], [0.003690734364890833, 0.002277533377121443, -0.003961292782613688], [-0.013728672144484356, -0.003961292782613688, 0.013483215085478758]], "chi2_level": 0.95, "chi2_df": 3, "chi2_threshold": 7.814727903251179, "N_raw": 19, "N_roi": 17, "N_inlier": 16, "refit": true}
{"timestamp": "16:58:12.951440", "frame": 51, "mu": [-0.2577845471311455, 4.377083720126556, 1.1356234726552472], "Sigma": [[0.01834465733204516, -0.0009341687888733134, -0.0083961612596387], [-0.0009341687888733132, 0.0019669948042583345, -0.002925154969325666], [-0.0083961612596387, -0.002925154969325666, 0.012721996955471673]], "chi2_level": 0.95, "chi2_df": 3, "chi2_threshold": 7.814727903251179, "N_raw": 35, "N_roi": 35, "N_inlier": 32, "refit": true}
{"timestamp": "16:58:13.008818", "frame": 52, "mu": [-0.1537146620397266, 4.386825076343526, 1.194739143786745], "Sigma": [[0.02479388042340451, -0.0024793008762100635, -0.008533508496034528], [-0.0024793008762100644, 0.004236115261252927, -0.0020800725992615792], [-0.008533508496034528, -0.0020800725992615792, 0.007035540774245833]], "chi2_level": 0.95, "chi2_df": 3, "chi2_threshold": 7.814727903251179, "N_raw": 51, "N_roi": 51, "N_inlier": 49, "refit": true}
{"timestamp": "16:58:13.061440", "frame": 53, "mu": [-0.05066695772182318, 4.3676429139225075, 1.3320521873117193], "Sigma": [[0.020080223607367588, -0.0008859763602692581, -0.01387547438913397], [-0.0008859763602692581, 0.003353957407353018, 0.0007146370607192501], [-0.01387547438913397, 0.0007146370607192503, 0.011825127285583466]], "chi2_level": 0.95, "chi2_df": 3, "chi2_threshold": 7.814727903251179, "N_raw": 37, "N_roi": 36, "N_inlier": 36, "refit": true}
{"timestamp": "16:58:13.116151", "frame": 54, "mu": [-0.0849289378033947, 4.339453594366007, 1.3475838061973175], "Sigma": [[0.01896629495851051, 0.0008345833543858282, -0.006280571587086493], [0.0008345833543858278, 0.0016835313875737926, -2.167272907384267e-05], [-0.006280571587086493, -2.167272907384267e-05, 0.003658636556021016]], "chi2_level": 0.95, "chi2_df": 3, "chi2_threshold": 7.814727903251179, "N_raw": 27, "N_roi": 27, "N_inlier": 24, "refit": true}
{"timestamp": "16:58:13.172751", "frame": 55, "mu": [-0.019893942244289902, 4.401617282542274, 1.338972510625379], "Sigma": [[0.01927004152828294, 0.0005794499636342333, -0.010654752410127293], [0.0005794499636342331, 0.00385107119535987, -0.006307067284372971], [-0.010654752410127293, -0.006307067284372971, 0.021478462278824925]], "chi2_level": 0.95, "chi2_df": 3, "chi2_threshold": 7.814727903251179, "N_raw": 46, "N_roi": 46, "N_inlier": 45, "refit": true}
{"timestamp": "16:58:13.227114", "frame": 56, "mu": [0.02595758218244376, 4.344882571849734, 1.2223830065991612], "Sigma": [[0.02569927778020885, -0.0004900504191845135, -0.00980367888656064], [-0.0004900504191845135, 0.0022354457461050935, -0.0012522403446257378], [-0.009803678886560642, -0.001252240344625738, 0.005946515415082679]], "chi2_level": 0.95, "chi2_df": 3, "chi2_threshold": 7.814727903251179, "N_raw": 38, "N_roi": 38, "N_inlier": 38, "refit": true}
{"timestamp": "16:58:13.279100", "frame": 57, "mu": [0.03206741717733755, 4.427870863687984, 1.17410707742847], "Sigma": [[0.0084376901916192, 0.007201505235929636, -0.019208240224601603], [0.007201505235929636, 0.016368619879472822, -0.03455493794685881], [-0.019208240224601596, -0.03455493794685881, 0.08530085043653644]], "chi2_level": 0.95, "chi2_df": 3, "chi2_threshold": 7.814727903251179, "N_raw": 13, "N_roi": 13, "N_inlier": 12, "refit": true}
{"timestamp": "16:58:13.504862", "frame": 61, "mu": [0.25812746692929833, 4.419621084598428, 0.41522960762515765], "Sigma": [[0.023258810420453392, 0.0006312688669798925, -0.007590612928965669], [0.0006312688669798921, 0.0049667436815388, -0.002867832169468067], [-0.007590612928965668, -0.002867832169468067, 0.004895128234351112]], "chi2_level": 0.95, "chi2_df": 3, "chi2_threshold": 7.814727903251179, "N_raw": 52, "N_roi": 49, "N_inlier": 46, "refit": true}
{"timestamp": "16:58:13.555080", "frame": 62, "mu": [0.2525482130246672, 4.344750909712792, 1.1354982839331025], "Sigma": [[0.017663266833657223, -0.0009460307940821288, -0.003563818778209508], [-0.000946030794082129, 0.0017881240122934767, 0.0005875931760202427], [-0.003563818778209508, 0.0005875931760202427, 0.0016260627154178918]], "chi2_level": 0.95, "chi2_df": 3, "chi2_threshold": 7.814727903251179, "N_raw": 21, "N_roi": 19, "N_inlier": 17, "refit": true}
{"timestamp": "16:58:13.720866", "frame": 65, "mu": [0.3928440310702708, 4.31793134136593, 1.3006930172280886], "Sigma": [[0.017492035898086275, -0.0023410469639458965, -0.005327377957828469], [-0.002341046963945896, 0.0017232892452533988, 1.4192518795136139e-05], [-0.005327377957828469, 1.4192518795136085e-05, 0.003992506867460026]], "chi2_level": 0.95, "chi2_df": 3, "chi2_threshold": 7.814727903251179, "N_raw": 29, "N_roi": 26, "N_inlier": 24, "refit": true}
{"timestamp": "16:58:13.774233", "frame": 66, "mu": [0.4655519109582573, 4.328154630505582, 1.3371969180421446], "Sigma": [[0.005562947229221615, 9.396380883290303e-06, -0.00045885745710316875], [9.396380883290229e-06, 0.0018569844828642897, -0.00027841594511438374], [-0.0004588574571031687, -0.00027841594511438374, 0.00017517967672555255]], "chi2_level": 0.95, "chi2_df": 3, "chi2_threshold": 7.814727903251179, "N_raw": 16, "N_roi": 15, "N_inlier": 13, "refit": true}
{"timestamp": "16:58:14.163965", "frame": 73, "mu": [0.7999166372472118, 4.3519669843149416, 1.1226420921929754], "Sigma": [[0.022384428310299187, -0.003374752136720719, -0.011728235184216966], [-0.003374752136720719, 0.0034550428955883953, -0.0025737007921221573], [-0.011728235184216966, -0.0025737007921221577, 0.016470884469504385]], "chi2_level": 0.95, "chi2_df": 3, "chi2_threshold": 7.814727903251179, "N_raw": 49, "N_roi": 46, "N_inlier": 46, "refit": true}
{"timestamp": "16:58:14.216456", "frame": 74, "mu": [0.7844163347678282, 4.3046769148296695, 1.2658854337873053], "Sigma": [[0.016583107020949686, -0.002150741048357057, -0.009212540954215004], [-0.002150741048357057, 0.0026180526811206244, 0.000326431509115236], [-0.009212540954215004, 0.00032643150911523594, 0.006915462708627621]], "chi2_level": 0.95, "chi2_df": 3, "chi2_threshold": 7.814727903251179, "N_raw": 28, "N_roi": 28, "N_inlier": 28, "refit": true}
{"timestamp": "16:58:14.275072", "frame": 75, "mu": [0.8689176534918417, 4.294020855602464, 1.2250631701182297], "Sigma": [[0.025686597662672575, -0.0047743357427281604, -0.008321469666885418], [-0.0047743357427281604, 0.005856224437972144, 0.001198610388225786], [-0.008321469666885418, 0.001198610388225786, 0.005340344112882741]], "chi2_level": 0.95, "chi2_df": 3, "chi2_threshold": 7.814727903251179, "N_raw": 55, "N_roi": 53, "N_inlier": 51, "refit": true}
{"timestamp": "16:58:14.328764", "frame": 76, "mu": [0.9510130405374755, 4.283239871063684, 0.9791883699756825], "Sigma": [[0.021461359421366323, -0.003936635969698706, -0.006103673248624416], [-0.003936635969698706, 0.004932300734677432, -8.43843453639234e-05], [-0.006103673248624416, -8.43843453639234e-05, 0.004932943588811424]], "chi2_level": 0.95, "chi2_df": 3, "chi2_threshold": 7.814727903251179, "N_raw": 49, "N_roi": 46, "N_inlier": 44, "refit": true}
{"timestamp": "16:58:14.383317", "frame": 77, "mu": [1.1072807951081418, 4.232357424676224, 0.7556954232255558], "Sigma": [[0.022484343648246637, -0.007465910510437962, -0.01236592763267638], [-0.007465910510437962, 0.004707475284021958, 0.002387677952344252], [-0.01236592763267638, 0.002387677952344252, 0.011822902567612927]], "chi2_level": 0.95, "chi2_df": 3, "chi2_threshold": 7.814727903251179, "N_raw": 39, "N_roi": 39, "N_inlier": 37, "refit": true}
{"timestamp": "16:58:14.437647", "frame": 78, "mu": [0.9481205893938476, 4.296942727882728, 1.0931130159829832], "Sigma": [[0.01779462985807234, -0.003474177040906411, -0.00892449075147663], [-0.0034741770409064112, 0.0029623366281774457, 2.501617908974021e-05], [-0.00892449075147663, 2.5016179089740317e-05, 0.008449761311526619]], "chi2_level": 0.95, "chi2_df": 3, "chi2_threshold": 7.814727903251179, "N_raw": 34, "N_roi": 34, "N_inlier": 32, "refit": true}
{"timestamp": "16:58:14.492617", "frame": 79, "mu": [1.0685300783266893, 4.371426693576894, 0.06249334526523871], "Sigma": [[0.019338909003282057, -0.0027553588360131453, -0.011522369194277713], [-0.0027553588360131453, 0.0029884720218709966, 0.0002648996380710352], [-0.011522369194277713, 0.00026489963807103527, 0.009065972688972688]], "chi2_level": 0.95, "chi2_df": 3, "chi2_threshold": 7.814727903251179, "N_raw": 34, "N_roi": 34, "N_inlier": 30, "refit": true}
{"timestamp": "16:58:14.623756", "frame": 80, "mu": [1.0650259178604082, 4.3593645303420985, 0.028495310655411454], "Sigma": [[0.032266346417263586, -0.004366963555078702, -0.009660660084364014], [-0.0043669635550787015, 0.003573553183902821, -0.0024472142902446058], [-0.009660660084364014, -0.0024472142902446058, 0.009390905172748631]], "chi2_level": 0.95, "chi2_df": 3, "chi2_threshold": 7.814727903251179, "N_raw": 41, "N_roi": 41, "N_inlier": 38, "refit": true}
{"timestamp": "16:58:14.683016", "frame": 82, "mu": [1.2140218788071981, 4.131559447467862, 0.8911087704844549], "Sigma": [[0.021509540815956508, -0.006528359345815746, -0.009624815391809179], [-0.006528359345815747, 0.006567966532642538, 0.0005394452576870086], [-0.009624815391809179, 0.0005394452576870086, 0.00710459218339229]], "chi2_level": 0.95, "chi2_df": 3, "chi2_threshold": 7.814727903251179, "N_raw": 49, "N_roi": 49, "N_inlier": 47, "refit": true}
{"timestamp": "16:58:14.715074", "frame": 83, "mu": [1.2674164868875295, 4.049227139084102, 0.9138811795894256], "Sigma": [[0.011087564668364068, 0.00017418626472885803, -0.011387351727107772], [0.00017418626472885803, 0.002078856709895922, -0.0007181491402396099], [-0.011387351727107772, -0.00071814914023961, 0.013509351231619003]], "chi2_level": 0.95, "chi2_df": 3, "chi2_threshold": 7.814727903251179, "N_raw": 13, "N_roi": 13, "N_inlier": 12, "refit": true}
{"timestamp": "16:58:14.767017", "frame": 84, "mu": [1.239988071805702, 4.1587574034706325, -0.24941102268097723], "Sigma": [[0.022313567156764677, -0.0006590929751889762, 0.03187438584635522], [-0.0006590929751889762, 0.0035800304619367598, 0.006596352459118487], [0.03187438584635522, 0.006596352459118488, 0.13111606323266461]], "chi2_level": 0.95, "chi2_df": 3, "chi2_threshold": 7.814727903251179, "N_raw": 35, "N_roi": 35, "N_inlier": 34, "refit": true}
{"timestamp": "16:58:14.819063", "frame": 85, "mu": [1.279045951585179, 3.9879791565692067, 0.9600151269213638], "Sigma": [[0.008024412904022329, -0.0004891597892707684, -0.008254709112795031], [-0.0004891597892707682, 0.0029228516242269693, -0.0018823149546519206], [-0.008254709112795031, -0.0018823149546519206, 0.012688621590492557]], "chi2_level": 0.95, "chi2_df": 3, "chi2_threshold": 7.814727903251179, "N_raw": 11, "N_roi": 11, "N_inlier": 11, "refit": true}
{"timestamp": "16:58:14.932993", "frame": 87, "mu": [1.2774615757263068, 3.9676187054066827, 0.9584215756066302], "Sigma": [[0.02613516390126306, -0.0077794888811188396, -0.023111673523288793], [-0.0077794888811188396, 0.0036258045158820053, 0.0038198331978221145], [-0.023111673523288793, 0.0038198331978221145, 0.03091319319748816]], "chi2_level": 0.95, "chi2_df": 3, "chi2_threshold": 7.814727903251179, "N_raw": 39, "N_roi": 39, "N_inlier": 37, "refit": true}
{"timestamp": "16:58:14.984140", "frame": 88, "mu": [1.4421396721284676, 3.841950245063458, 0.7924489556724696], "Sigma": [[0.01588543701732647, -0.00420922612280948, -0.006812934573454008], [-0.00420922612280948, 0.00127736015723243, 0.0008371482572617266], [-0.006812934573454008, 0.0008371482572617265, 0.008848405683196123]], "chi2_level": 0.95, "chi2_df": 3, "chi2_threshold": 7.814727903251179, "N_raw": 13, "N_roi": 12, "N_inlier": 10, "refit": true}
{"timestamp": "16:58:15.042052", "frame": 89, "mu": [1.335610554062726, 3.8488592396282777, 0.9420339888361624], "Sigma": [[0.02090264414100768, -0.006520026464580527, -0.016625150389160008], [-0.006520026464580527, 0.00399264706762388, 0.002270546128960948], [-0.016625150389160008, 0.0022705461289609483, 0.02085603636909668]], "chi2_level": 0.95, "chi2_df": 3, "chi2_threshold": 7.814727903251179, "N_raw": 38, "N_roi": 38, "N_inlier": 37, "refit": true}
{"timestamp": "16:58:15.148862", "frame": 91, "mu": [1.3460832718524742, 3.8027299402284944, 0.8835880268960068], "Sigma": [[0.010483421867830174, -0.001753144467436847, -0.013903425864619443], [-0.001753144467436847, 0.0005160476340110939, 0.0007419588841995311], [-0.013903425864619443, 0.0007419588841995312, 0.032559769594083104]], "chi2_level": 0.95, "chi2_df": 3, "chi2_threshold": 7.814727903251179, "N_raw": 12, "N_roi": 12, "N_inlier": 11, "refit": true}
{"timestamp": "16:58:15.207951", "frame": 92, "mu": [1.336081097860286, 3.6898781791131334, 0.7798390252917119], "Sigma": [[0.021653732812245967, -0.01065675199686687, -0.010434807753925314], [-0.01065675199686687, 0.006157742335788724, 0.002969242359518019], [-0.010434807753925314, 0.002969242359518019, 0.02775503312571283]], "chi2_level": 0.95, "chi2_df": 3, "chi2_threshold": 7.814727903251179, "N_raw": 42, "N_roi": 42, "N_inlier": 41, "refit": true}
{"timestamp": "16:58:15.264337", "frame": 93, "mu": [1.3075274330606985, 3.669243291666008, 0.8694878527363642], "Sigma": [[0.02786832135988316, -0.01638839756822968, -0.04333409712437512], [-0.01638839756822968, 0.010275872694743842, 0.023753041707494094], [-0.04333409712437512, 0.023753041707494094, 0.0947219723549771]], "chi2_level": 0.95, "chi2_df": 3, "chi2_threshold": 7.814727903251179, "N_raw": 47, "N_roi": 47, "N_inlier": 45, "refit": true}
{"timestamp": "16:58:15.314019", "frame": 94, "mu": [1.1928745858602652, 3.6770307755655076, 1.1348383733694758], "Sigma": [[0.007486857070242106, -0.0025129598788235846, -0.016252601884692373], [-0.0025129598788235846, 0.001732536913945144, 0.003972199725861535], [-0.016252601884692373, 0.003972199725861535, 0.043419583391643965]], "chi2_level": 0.95, "chi2_df": 3, "chi2_threshold": 7.814727903251179, "N_raw": 13, "N_roi": 13, "N_inlier": 12, "refit": true}
{"timestamp": "16:58:15.374310", "frame": 95, "mu": [1.3145163907308612, 3.721416917017289, -0.275914519202342], "Sigma": [[0.023044513556700195, -0.007380208234795535, -0.010411551797052086], [-0.0073802082347955355, 0.007333378506309897, 0.0015977215631159832], [-0.010411551797052086, 0.0015977215631159832, 0.006764664752797468]], "chi2_level": 0.95, "chi2_df": 3, "chi2_threshold": 7.814727903251179, "N_raw": 51, "N_roi": 51, "N_inlier": 50, "refit": true}
{"timestamp": "16:58:15.429700", "frame": 96, "mu": [1.341945307491356, 3.4863916302935287, 0.9356093820692245], "Sigma": [[0.01805958840970561, -0.011573771386558698, -0.006211143563524483], [-0.011573771386558698, 0.012061652965179621, 0.0012299911677266598], [-0.006211143563524484, 0.0012299911677266598, 0.004968685321422711]], "chi2_level": 0.95, "chi2_df": 3, "chi2_threshold": 7.814727903251179, "N_raw": 48, "N_roi": 48, "N_inlier": 46, "refit": true}
{"timestamp": "16:58:15.485629", "frame": 97, "mu": [1.3005912087227482, 3.4857423448970004, -0.9319033581567654], "Sigma": [[0.017024880333490013, -0.0018596743010865795, 0.022816277090746476], [-0.0018596743010865795, 0.008209726196738983, 0.007659610355778989], [0.022816277090746476, 0.007659610355778989, 0.11947135479480152]], "chi2_level": 0.95, "chi2_df": 3, "chi2_threshold": 7.814727903251179, "N_raw": 57, "N_roi": 57, "N_inlier": 55, "refit": true}
{"timestamp": "16:58:15.537300", "frame": 98, "mu": [1.2944047375883403, 3.283777153006466, 0.8370717362844972], "Sigma": [[0.016632441235973853, -0.006899794082652095, -0.006537532374580435], [-0.006899794082652095, 0.005919496870650907, 0.002657799018477544], [-0.006537532374580435, 0.002657799018477544, 0.003586846375310706]], "chi2_level": 0.95, "chi2_df": 3, "chi2_threshold": 7.814727903251179, "N_raw": 38, "N_roi": 38, "N_inlier": 34, "refit": true}
{"timestamp": "16:58:15.593635", "frame": 99, "mu": [1.1644245857680726, 3.2662369618345095, 0.8165357092553379], "Sigma": [[0.017496048938959924, -0.007303552080000969, -0.005223878527247487], [-0.007303552080000971, 0.0069196054992011116, 0.002124414512328321], [-0.005223878527247487, 0.002124414512328321, 0.0021728705280290627]], "chi2_level": 0.95, "chi2_df": 3, "chi2_threshold": 7.814727903251179, "N_raw": 39, "N_roi": 39, "N_inlier": 37, "refit": true}
{"timestamp": "16:58:15.721412", "frame": 100, "mu": [1.0406333314050935, 3.3062074207290943, 0.914527945214081], "Sigma": [[0.018819662031319993, -0.0032490506460120397, -0.0010114218083421566], [-0.00324905064601204, 0.004925912491768421, -4.98842180071858e-05], [-0.0010114218083421566, -4.9884218007185775e-05, 0.0005704807720811873]], "chi2_level": 0.95, "chi2_df": 3, "chi2_threshold": 7.814727903251179, "N_raw": 47, "N_roi": 47, "N_inlier": 45, "refit": true}
{"timestamp": "16:58:15.738308", "frame": 101, "mu": [0.9030380868516503, 3.398974321269982, 0.9591022260639402], "Sigma": [[0.019735544615846996, 0.0035118493470371204, 0.008717557921911027], [0.00351184934703712, 0.014492872327701932, 0.01790939758651383], [0.008717557921911027, 0.01790939758651383, 0.025424236976483085]], "chi2_level": 0.95, "chi2_df": 3, "chi2_threshold": 7.814727903251179, "N_raw": 59, "N_roi": 59, "N_inlier": 57, "refit": true}
{"timestamp": "16:58:15.768419", "frame": 102, "mu": [0.9181583259395552, 3.348768194961944, 1.08424917177568], "Sigma": [[0.00855948193147718, -0.0019510671019564057, -0.00044682674298163406], [-0.0019510671019564057, 0.004648279319012653, 0.0027832446482665193], [-0.000446826742981634, 0.0027832446482665193, 0.0026255346004145927]], "chi2_level": 0.95, "chi2_df": 3, "chi2_threshold": 7.814727903251179, "N_raw": 30, "N_roi": 29, "N_inlier": 27, "refit": true}
{"timestamp": "16:58:15.812217", "frame": 103, "mu": [0.8902308593150906, 3.471172997875143, 1.1165038571488235], "Sigma": [[0.007696086392196176, -0.0012186847098536453, -0.0056218410532015055], [-0.0012186847098536453, 0.005130362527929192, 0.0026035084581242005], [-0.0056218410532015055, 0.0026035084581242005, 0.01296424544419174]], "chi2_level": 0.95, "chi2_df": 3, "chi2_threshold": 7.814727903251179, "N_raw": 35, "N_roi": 35, "N_inlier": 31, "refit": true}
{"timestamp": "16:58:15.868073", "frame": 104, "mu": [0.7870208678377497, 3.5192479841469866, 1.1674179753272713], "Sigma": [[0.01439891759238686, -0.0008690413898368378, -0.009892295056725193], [-0.0008690413898368378, 0.004565102718123325, 0.0015458911594726284], [-0.009892295056725193, 0.0015458911594726284, 0.011459735647519655]], "chi2_level": 0.95, "chi2_df": 3, "chi2_threshold": 7.814727903251179, "N_raw": 41, "N_roi": 41, "N_inlier": 39, "refit": true}
{"timestamp": "16:58:15.928272", "frame": 105, "mu": [0.7551292478494638, 3.4811925917867863, -0.7059147578736623], "Sigma": [[0.014966553038569771, 0.0002678948827159898, 0.018695004036384452], [0.00026789488271599, 0.01105136613399397, 0.006192305503057978], [0.018695004036384445, 0.006192305503057978, 0.08794321713467926]], "chi2_level": 0.95, "chi2_df": 3, "chi2_threshold": 7.814727903251179, "N_raw": 75, "N_roi": 75, "N_inlier": 68, "refit": true}
{"timestamp": "16:58:15.982512", "frame": 106, "mu": [0.7507005874185999, 3.5404106333361804, -0.30085937880762975], "Sigma": [[0.013877344627022422, 0.0023001203938193262, 0.036080411906240256], [0.0023001203938193262, 0.00789909541730069, 0.0038469272051748493], [0.036080411906240256, 0.0038469272051748493, 0.17239820494305721]], "chi2_level": 0.95, "chi2_df": 3, "chi2_threshold": 7.814727903251179, "N_raw": 60, "N_roi": 58, "N_inlier": 57, "refit": true}
{"timestamp": "16:58:16.037296", "frame": 107, "mu": [0.7317938627027706, 3.447472718118503, 0.9922447418834568], "Sigma": [[0.014565662456535778, -0.0035096899744254733, -0.008783418302968945], [-0.0035096899744254733, 0.0033735226665963795, -0.004174381590508049], [-0.008783418302968945, -0.004174381590508048, 0.03582784767313532]], "chi2_level": 0.95, "chi2_df": 3, "chi2_threshold": 7.814727903251179, "N_raw": 65, "N_roi": 61, "N_inlier": 57, "refit": true}
{"timestamp": "16:58:16.084431", "frame": 108, "mu": [0.7295466634760094, 3.6702324900844943, -0.2921235351235279], "Sigma": [[0.0049076235587800195, -0.0006740389556126777, -0.0012428333506037813], [-0.0006740389556126778, 0.005289787822643001, -0.009931273502180466], [-0.001242833350603781, -0.009931273502180466, 0.023404137374314987]], "chi2_level": 0.95, "chi2_df": 3, "chi2_threshold": 7.814727903251179, "N_raw": 15, "N_roi": 15, "N_inlier": 13, "refit": true}
{"timestamp": "16:58:16.197962", "frame": 110, "mu": [0.49320130406325635, 3.6132784651998118, 1.6107685191929735], "Sigma": [[0.017274010078861007, -0.004777884672117446, -0.014547111177975844], [-0.0047778846721174455, 0.004675152397586701, 0.005165407341569247], [-0.014547111177975844, 0.005165407341569248, 0.014442474525485924]], "chi2_level": 0.95, "chi2_df": 3, "chi2_threshold": 7.814727903251179, "N_raw": 41, "N_roi": 41, "N_inlier": 39, "refit": true}
{"timestamp": "16:58:16.257816", "frame": 111, "mu": [0.5755982766907896, 3.5220821762338663, 1.1127392563871648], "Sigma": [[0.017637130947001853, -0.004283143909589431, -0.01153725625898952], [-0.004283143909589431, 0.003153804475971191, -0.0037106314853558985], [-0.01153725625898952, -0.003710631485355899, 0.03723507604094275]], "chi2_level": 0.95, "chi2_df": 3, "chi2_threshold": 7.814727903251179, "N_raw": 66, "N_roi": 62, "N_inlier": 58, "refit": true}
{"timestamp": "16:58:16.309057", "frame": 112, "mu": [0.3877924543678731, 3.620214962443376, 1.6513489690546845], "Sigma": [[0.014376100948434124, -0.0029237362242017, -0.009860223124259389], [-0.0029237362242017, 0.0053373683802901825, 0.005189168916589818], [-0.009860223124259389, 0.005189168916589817, 0.014294798616954034]], "chi2_level": 0.95, "chi2_df": 3, "chi2_threshold": 7.814727903251179, "N_raw": 41, "N_roi": 41, "N_inlier": 38, "refit": true}
{"timestamp": "16:58:16.367055", "frame": 113, "mu": [0.4058439265766855, 3.6016409463068015, 1.4567317947345815], "Sigma": [[0.017881308243122777, -0.007984488987995909, -0.027356708565830248], [-0.007984488987995909, 0.009759761048151334, 0.010619370422255081], [-0.027356708565830248, 0.010619370422255081, 0.053123788583097686]], "chi2_level": 0.95, "chi2_df": 3, "chi2_threshold": 7.814727903251179, "N_raw": 63, "N_roi": 60, "N_inlier": 58, "refit": true}
{"timestamp": "16:58:16.421694", "frame": 114, "mu": [0.4194180057859589, 3.5263937596019392, 1.3981301979922878], "Sigma": [[0.02259174213004447, -0.011109041647679247, -0.023238275838221564], [-0.011109041647679247, 0.01504604353952164, 0.01973640726335841], [-0.023238275838221568, 0.01973640726335841, 0.032891429384158]], "chi2_level": 0.95, "chi2_df": 3, "chi2_threshold": 7.814727903251179, "N_raw": 72, "N_roi": 68, "N_inlier": 66, "refit": true}
{"timestamp": "16:58:16.475447", "frame": 115, "mu": [0.4258281130178558, 3.430474921524016, 1.108164268210108], "Sigma": [[0.01679827268910488, -0.007461531366508016, -0.013908290508455923], [-0.007461531366508017, 0.00862455558548564, 0.005853160562032848], [-0.013908290508455923, 0.005853160562032848, 0.012979397544456211]], "chi2_level": 0.95, "chi2_df": 3, "chi2_threshold": 7.814727903251179, "N_raw": 57, "N_roi": 57, "N_inlier": 52, "refit": true}
{"timestamp": "16:58:16.530669", "frame": 116, "mu": [0.2842331986187371, 3.5048990213909588, 1.411388289294653], "Sigma": [[0.018665090414263744, -0.006250652757592734, -0.014011980570147603], [-0.006250652757592734, 0.009374766482580711, 0.011701437553347037], [-0.014011980570147603, 0.011701437553347037, 0.01832841363064064]], "chi2_level": 0.95, "chi2_df": 3, "chi2_threshold": 7.814727903251179, "N_raw": 56, "N_roi": 55, "N_inlier": 54, "refit": true}
{"timestamp": "16:58:16.586490", "frame": 117, "mu": [0.22927946219460948, 3.5230637954727158, 1.4646732724992733], "Sigma": [[0.018707931213449533, -0.007800610149748469, -0.018951816774442954], [-0.007800610149748469, 0.010647743148703098, 0.013702656076541326], [-0.01895181677444295, 0.013702656076541324, 0.030019278662417437]], "chi2_level": 0.95, "chi2_df": 3, "chi2_threshold": 7.814727903251179, "N_raw": 60, "N_roi": 59, "N_inlier": 55, "refit": true}
{"timestamp": "16:58:16.638522", "frame": 118, "mu": [0.20631818729157855, 3.4494857270503556, -0.06969043769908614], "Sigma": [[0.013316616244327362, 0.0017644414536067228, 0.024823864324025495], [0.0017644414536067223, 0.004101871128168025, 0.014590899217767276], [0.024823864324025495, 0.014590899217767276, 0.1392617452243876]], "chi2_level": 0.95, "chi2_df": 3, "chi2_threshold": 7.814727903251179, "N_raw": 42, "N_roi": 42, "N_inlier": 37, "refit": true}
{"timestamp": "16:58:16.696903", "frame": 119, "mu": [0.10891613157603873, 3.4812412701007287, -0.2965977421768501], "Sigma": [[0.014878803450920975, 0.0035889312736164625, 0.04018220834582873], [0.003588931273616462, 0.008831611998505509, 0.015265063184005234], [0.04018220834582873, 0.015265063184005237, 0.18066364781386784]], "chi2_level": 0.95, "chi2_df": 3, "chi2_threshold": 7.814727903251179, "N_raw": 62, "N_roi": 60, "N_inlier": 58, "refit": true}
{"timestamp": "16:58:16.750675", "frame": 120, "mu": [0.0571528626445237, 3.477603932219679, 1.3833081010047588], "Sigma": [[0.011982471261882439, -0.003901127840712027, -0.008277330925915047], [-0.003901127840712027, 0.010224344478255822, 0.0064669933719118345], [-0.008277330925915047, 0.0064669933719118345, 0.010517135827154408]], "chi2_level": 0.95, "chi2_df": 3, "chi2_threshold": 7.814727903251179, "N_raw": 55, "N_roi": 52, "N_inlier": 52, "refit": true}
{"timestamp": "16:58:16.806776", "frame": 121, "mu": [0.006153940548065517, 3.4982251989476763, 1.2656063283672494], "Sigma": [[0.015749267836841357, -0.0021192498810859604, 0.004773377586637879], [-0.0021192498810859604, 0.015152611841108504, -0.03840418283043122], [0.0047733775866378786, -0.03840418283043122, 0.21367007356387444]], "chi2_level": 0.95, "chi2_df": 3, "chi2_threshold": 7.814727903251179, "N_raw": 66, "N_roi": 63, "N_inlier": 62, "refit": true}
{"timestamp": "16:58:16.857589", "frame": 122, "mu": [-0.0472647534875784, 3.385933405976211, 1.3136675796238526], "Sigma": [[0.008794495225372897, 0.00040548189787961134, -0.003210285648089384], [0.00040548189787961134, 0.002151961136149309, -0.0025221615336097685], [-0.0032102856480893836, -0.0025221615336097685, 0.008769711300473972]], "chi2_level": 0.95, "chi2_df": 3, "chi2_threshold": 7.814727903251179, "N_raw": 31, "N_roi": 28, "N_inlier": 24, "refit": true}
