{"timestamp": "15:07:34.724655", "frame": 28, "mu": [1.9350887632904563, 1.7698665261239985, 0.9313634336017196], "Sigma": [[0.002880138605157795, -0.003178753498743678, -0.0011431493496527167], [-0.0031787534987436786, 0.005915733719393689, 0.005240020384133598], [-0.0011431493496527165, 0.005240020384133598, 0.05441693965931719]], "chi2_level": 0.99, "chi2_df": 3, "chi2_threshold": 11.344866730144373, "N_raw": 20, "N_roi": 20, "N_inlier": 19, "refit": true}
{"timestamp": "15:07:34.781379", "frame": 29, "mu": [1.905120755132408, 1.8763385137779751, 1.2877499822777119], "Sigma": [[0.00643590981473255, -0.0066567782704915835, -0.001219269946010373], [-0.006656778270491583, 0.010672698587597897, -0.0010007645268605508], [-0.0012192699460103732, -0.0010007645268605508, 0.002632007943084116]], "chi2_level": 0.99, "chi2_df": 3, "chi2_threshold": 11.344866730144373, "N_raw": 29, "N_roi": 29, "N_inlier": 27, "refit": true}
{"timestamp": "15:07:34.837975", "frame": 30, "mu": [1.9006576232324297, 1.8414385093325245, 1.1554291853257623], "Sigma": [[0.013338460052092218, -0.009393320651432384, -0.0012695801240938903], [-0.009393320651432386, 0.012221986743068113, 0.001080534419675568], [-0.0012695801240938903, 0.001080534419675568, 0.0005547561483673791]], "chi2_level": 0.99, "chi2_df": 3, "chi2_threshold": 11.344866730144373, "N_raw": 40, "N_roi": 40, "N_inlier": 39, "refit": true}
{"timestamp": "15:07:34.892236", "frame": 31, "mu": [1.8970650528697086, 1.8035981461176922, 1.2497424238167152], "Sigma": [[0.010086383013734759, -0.007313469973979228, -0.00241749908860249], [-0.007313469973979227, 0.009284953281468588, -0.0007142818835292351], [-0.00241749908860249, -0.000714281883529235, 0.005618525395360544]], "chi2_level": 0.99, "chi2_df": 3, "chi2_threshold": 11.344866730144373, "N_raw": 40, "N_roi": 40, "N_inlier": 39, "refit": true}
{"timestamp": "15:07:34.949446", "frame": 32, "mu": [1.8831443844432918, 1.8724026405258778, 1.2907225398580642], "Sigma": [[0.013444345589327623, -0.009203384889696204, -0.002833060566702431], [-0.009203384889696204, 0.011711118017438406, -0.0008584465220011208], [-0.002833060566702431, -0.0008584465220011209, 0.0028095166305886748]], "chi2_level": 0.99, "chi2_df": 3, "chi2_threshold": 11.344866730144373, "N_raw": 51, "N_roi": 51, "N_inlier": 50, "refit": true}
{"timestamp": "15:07:35.002126", "frame": 33, "mu": [1.8961723077451709, 1.9934216909494435, -0.513101913855495], "Sigma": [[0.001479129353916462, -0.0006746802928882245, -0.003010749428928174], [-0.0006746802928882243, 0.007637741394337832, -0.013136792292549725], [-0.0030107494289281734, -0.013136792292549725, 0.0484184498029367]], "chi2_level": 0.99, "chi2_df": 3, "chi2_threshold": 11.344866730144373, "N_raw": 14, "N_roi": 14, "N_inlier": 13, "refit": true}
{"timestamp": "15:07:35.056025", "frame": 34, "mu": [1.8926253562979884, 1.784678739532489, 0.9686261925659759], "Sigma": [[0.004205213960666774, -0.0008898972925274987, -0.002742932634556618], [-0.0008898972925274988, 0.002809588936440085, 0.00036774432413224815], [-0.002742932634556618, 0.0003677443241322481, 0.0022854018825492835]], "chi2_level": 0.99, "chi2_df": 3, "chi2_threshold": 11.344866730144373, "N_raw": 12, "N_roi": 12, "N_inlier": 12, "refit": true}
{"timestamp": "15:07:35.115125", "frame": 35, "mu": [1.9557517846242571, 1.6980430055131621, 1.1042125619188572], "Sigma": [[0.011416274807509173, -0.008548651809197748, 0.003200629336773206], [-0.008548651809197748, 0.008866294360320078, -0.0036502546680230604], [0.0032006293367732057, -0.003650254668023061, 0.020557986965700714]], "chi2_level": 0.99, "chi2_df": 3, "chi2_threshold": 11.344866730144373, "N_raw": 42, "N_roi": 42, "N_inlier": 42, "refit": true}
{"timestamp": "15:07:35.220606", "frame": 37, "mu": [1.8289902215083274, 1.7153110242273883, 1.2322662647849874], "Sigma": [[0.003084878976215513, -0.0020803305813682977, -0.0037423937595143604], [-0.0020803305813682977, 0.006279393252338144, -0.004945111781517847], [-0.00374239375951436, -0.004945111781517847, 0.021362975991695114]], "chi2_level": 0.99, "chi2_df": 3, "chi2_threshold": 11.344866730144373, "N_raw": 9, "N_roi": 9, "N_inlier": 8, "refit": true}
{"timestamp": "15:07:35.280481", "frame": 38, "mu": [1.8491308517926686, 1.7522442773713482, 1.1538276009663109], "Sigma": [[0.010465823870264028, -0.00880361994345421, -0.003438705768387594], [-0.00880361994345421, 0.01200328846505784, -0.0012531004304174042], [-0.0034387057683875942, -0.0012531004304174042, 0.005765304769414874]], "chi2_level": 0.99, "chi2_df": 3, "chi2_threshold": 11.344866730144373, "N_raw": 49, "N_roi": 49, "N_inlier": 48, "refit": true}
{"timestamp": "15:07:35.389999", "frame": 40, "mu": [1.861678173342748, 1.673055434829968, 1.2325691675762767], "Sigma": [[0.013359991028285343, -0.009354008619590948, -0.0047367769849957254], [-0.009354008619590948, 0.01067855220960313, 0.0005918126456969232], [-0.0047367769849957254, 0.0005918126456969234, 0.004321223110821954]], "chi2_level": 0.99, "chi2_df": 3, "chi2_threshold": 11.344866730144373, "N_raw": 49, "N_roi": 49, "N_inlier": 46, "refit": true}
{"timestamp": "15:07:35.443648", "frame": 41, "mu": [1.910504259998603, 1.5496015529998632, 1.2432245177332448], "Sigma": [[0.011770014891699923, -0.010664066934290561, -0.0032945630795340225], [-0.010664066934290563, 0.013424875589551534, 0.0019348990606976998], [-0.003294563079534023, 0.0019348990606976998, 0.0017111590559776523]], "chi2_level": 0.99, "chi2_df": 3, "chi2_threshold": 11.344866730144373, "N_raw": 34, "N_roi": 34, "N_inlier": 32, "refit": true}
{"timestamp": "15:07:35.609758", "frame": 44, "mu": [1.782173874083625, 1.5645724767934353, 1.120457849545627], "Sigma": [[0.007919430603548145, -0.00803101314255571, -0.005564278045577801], [-0.00803101314255571, 0.010724577371146668, 0.0037711485895962973], [-0.005564278045577801, 0.0037711485895962973, 0.016164440937424508]], "chi2_level": 0.99, "chi2_df": 3, "chi2_threshold": 11.344866730144373, "N_raw": 39, "N_roi": 39, "N_inlier": 39, "refit": true}
{"timestamp": "15:07:35.663862", "frame": 45, "mu": [1.8487743503849592, 1.4303774609890543, 1.2481022705636329], "Sigma": [[0.007484962392334495, -0.007371047728220727, -0.00038962145460054584], [-0.007371047728220728, 0.012019086155720579, -0.004046572027670919], [-0.0003896214546005456, -0.0040465720276709185, 0.005015568212734591]], "chi2_level": 0.99, "chi2_df": 3, "chi2_threshold": 11.344866730144373, "N_raw": 32, "N_roi": 32, "N_inlier": 31, "refit": true}
{"timestamp": "15:07:35.715907", "frame": 46, "mu": [1.8133767633634816, 1.456772600365896, 1.0365991463854602], "Sigma": [[0.004344118808859445, 0.00138872077799702, -0.024721654509716324], [0.00138872077799702, 0.0028845288794034246, -0.003433384151580816], [-0.024721654509716324, -0.0034333841515808146, 0.2153384395181462]], "chi2_level": 0.99, "chi2_df": 3, "chi2_threshold": 11.344866730144373, "N_raw": 8, "N_roi": 8, "N_inlier": 8, "refit": true}
{"timestamp": "15:07:35.772069", "frame": 47, "mu": [1.8866695149401986, 1.3455497568231456, 1.2468883653874865], "Sigma": [[0.006017620633640337, -0.002342712817453511, 0.005847593632980316], [-0.002342712817453511, 0.0031118779553968674, -0.0033932274329361994], [0.005847593632980316, -0.0033932274329361994, 0.035939527219424935]], "chi2_level": 0.99, "chi2_df": 3, "chi2_threshold": 11.344866730144373, "N_raw": 20, "N_roi": 20, "N_inlier": 19, "refit": true}
{"timestamp": "15:07:35.827999", "frame": 48, "mu": [1.7481262780091218, 1.4316601921560377, 1.0670005431218579], "Sigma": [[0.0070214549406115165, -0.007200302506347546, 0.011951320552469157], [-0.007200302506347546, 0.011464651111657696, -0.014032824096568685], [0.011951320552469157, -0.014032824096568685, 0.04442691172841946]], "chi2_level": 0.99, "chi2_df": 3, "chi2_threshold": 11.344866730144373, "N_raw": 33, "N_roi": 33, "N_inlier": 32, "refit": true}
{"timestamp": "15:07:35.884449", "frame": 49, "mu": [1.865662508411929, 1.2404001217954628, 1.2546853359584045], "Sigma": [[0.0073062594315222, -0.003778666388162954, -0.0009865152567017537], [-0.003778666388162954, 0.007515811517702993, -0.0017424718765788093], [-0.0009865152567017535, -0.0017424718765788093, 0.001538772315554978]], "chi2_level": 0.99, "chi2_df": 3, "chi2_threshold": 11.344866730144373, "N_raw": 37, "N_roi": 37, "N_inlier": 34, "refit": true}
{"timestamp": "15:07:35.940400", "frame": 50, "mu": [1.8405838442919853, 1.22824568562097, 1.2637876073504544], "Sigma": [[0.007145436485101722, -0.0031974855699613155, -0.002903759599713385], [-0.003197485569961315, 0.008240004416118794, -0.00405543250844478], [-0.002903759599713385, -0.00405543250844478, 0.0069013747356229576]], "chi2_level": 0.99, "chi2_df": 3, "chi2_threshold": 11.344866730144373, "N_raw": 47, "N_roi": 47, "N_inlier": 45, "refit": true}
{"timestamp": "15:07:35.995744", "frame": 51, "mu": [1.7113560641823098, 1.3888154140333064, 1.0906471824916413], "Sigma": [[0.007932947483497358, -0.005993591260782659, 0.00957408376051608], [-0.005993591260782659, 0.007492242227239559, -0.010177044728682671], [0.009574083760516081, -0.01017704472868267, 0.05126977507307108]], "chi2_level": 0.99, "chi2_df": 3, "chi2_threshold": 11.344866730144373, "N_raw": 46, "N_roi": 46, "N_inlier": 45, "refit": true}
{"timestamp": "15:07:36.050114", "frame": 52, "mu": [1.7625517028090667, 1.1902241164179896, 1.0451458060483922], "Sigma": [[0.01580804040226253, -0.026984992287156118, 0.017703125648047876], [-0.026984992287156118, 0.05102570556802646, -0.03774977726837274], [0.017703125648047876, -0.03774977726837274, 0.035636013583987464]], "chi2_level": 0.99, "chi2_df": 3, "chi2_threshold": 11.344866730144373, "N_raw": 40, "N_roi": 40, "N_inlier": 40, "refit": true}
{"timestamp": "15:07:36.102791", "frame": 53, "mu": [1.753650110266564, 1.2337173104000316, 1.1823728505882856], "Sigma": [[0.004707144073324528, -0.0034637730751110353, 0.0025770605875190047], [-0.0034637730751110353, 0.009713895722575493, -0.003064075165321747], [0.0025770605875190047, -0.003064075165321747, 0.01950791963461019]], "chi2_level": 0.99, "chi2_df": 3, "chi2_threshold": 11.344866730144373, "N_raw": 30, "N_roi": 30, "N_inlier": 29, "refit": true}
{"timestamp": "15:07:36.160778", "frame": 54, "mu": [1.7207525767730183, 1.2094117630044154, 1.163617606068487], "Sigma": [[0.007253446471806475, -0.007857750659742466, 0.0011784202302609938], [-0.007857750659742466, 0.01691786341000235, -0.005788140487988425], [0.0011784202302609938, -0.005788140487988423, 0.006505879571449126]], "chi2_level": 0.99, "chi2_df": 3, "chi2_threshold": 11.344866730144373, "N_raw": 46, "N_roi": 46, "N_inlier": 44, "refit": true}
{"timestamp": "15:07:36.216518", "frame": 55, "mu": [1.6869629198205027, 1.2179351695567882, -0.9534602391580476], "Sigma": [[0.009149273082459766, -0.007434642323184728, 0.024454745914022313], [-0.007434642323184728, 0.011490379473387576, -0.0259117413152724], [0.024454745914022313, -0.0259117413152724, 0.1024671167184708]], "chi2_level": 0.99, "chi2_df": 3, "chi2_threshold": 11.344866730144373, "N_raw": 52, "N_roi": 52, "N_inlier": 51, "refit": true}
{"timestamp": "15:07:36.270157", "frame": 56, "mu": [1.6645522915425857, 1.1635227901494543, 1.242525491094664], "Sigma": [[0.006487560487114095, -0.00491662288455182, -0.002268498095050806], [-0.00491662288455182, 0.011306259770065228, -0.003164502208763377], [-0.002268498095050806, -0.003164502208763377, 0.006089528571241421]], "chi2_level": 0.99, "chi2_df": 3, "chi2_threshold": 11.344866730144373, "N_raw": 41, "N_roi": 41, "N_inlier": 40, "refit": true}
{"timestamp": "15:07:36.326440", "frame": 57, "mu": [1.6216088740423857, 1.0928327897201855, 1.1389069472177837], "Sigma": [[0.007096590085208022, -0.00856523725396298, -0.0016650906162925336], [-0.00856523725396298, 0.015798875976484023, -0.00570428325871713], [-0.0016650906162925336, -0.00570428325871713, 0.019439886712018708]], "chi2_level": 0.99, "chi2_df": 3, "chi2_threshold": 11.344866730144373, "N_raw": 49, "N_roi": 49, "N_inlier": 48, "refit": true}
{"timestamp": "15:07:36.382185", "frame": 58, "mu": [1.600637054096503, 1.1025284514362383, 1.3020733222450236], "Sigma": [[0.01058026094843716, -0.0039802241818978285, -0.005116288935236796], [-0.003980224181897828, 0.008703245727367052, -0.0024743333421588572], [-0.005116288935236796, -0.0024743333421588572, 0.008032354463417648]], "chi2_level": 0.99, "chi2_df": 3, "chi2_threshold": 11.344866730144373, "N_raw": 57, "N_roi": 57, "N_inlier": 56, "refit": true}
{"timestamp": "15:07:36.432613", "frame": 59, "mu": [1.5682553659244889, 1.0768708590028968, 1.1800744837953467], "Sigma": [[0.006146499548844573, -0.005223772094012846, -0.0006804872792471578], [-0.005223772094012845, 0.010198893555364482, -0.007717297205272415], [-0.0006804872792471571, -0.007717297205272415, 0.042822145591372665]], "chi2_level": 0.99, "chi2_df": 3, "chi2_threshold": 11.344866730144373, "N_raw": 21, "N_roi": 21, "N_inlier": 21, "refit": true}
{"timestamp": "15:07:36.489112", "frame": 60, "mu": [1.500433975539877, 1.136278403063226, 1.2242725663859226], "Sigma": [[0.005730643536937715, -0.005636938743701517, 0.0007747883669323487], [-0.005636938743701517, 0.011173811460699543, -0.004231357509405997], [0.0007747883669323484, -0.004231357509405997, 0.004019773734774586]], "chi2_level": 0.99, "chi2_df": 3, "chi2_threshold": 11.344866730144373, "N_raw": 40, "N_roi": 40, "N_inlier": 38, "refit": true}
{"timestamp": "15:07:36.543700", "frame": 61, "mu": [1.5124103054809956, 1.0200344862475503, 1.2640638317771098], "Sigma": [[0.00430582380480992, -0.0031096682166386084, -0.0002614885915976635], [-0.0031096682166386084, 0.0051138832641118145, -0.003384676516206695], [-0.0002614885915976635, -0.003384676516206695, 0.01847341266845339]], "chi2_level": 0.99, "chi2_df": 3, "chi2_threshold": 11.344866730144373, "N_raw": 29, "N_roi": 29, "N_inlier": 28, "refit": true}
{"timestamp": "15:07:36.600694", "frame": 62, "mu": [1.4155663590122647, 1.1727163260098914, 1.1467399617223706], "Sigma": [[0.004905418137680019, -0.004494991122190084, -0.0015995452812182867], [-0.004494991122190084, 0.005800170684901402, -0.0023746722825797196], [-0.0015995452812182865, -0.0023746722825797196, 0.013895386139470584]], "chi2_level": 0.99, "chi2_df": 3, "chi2_threshold": 11.344866730144373, "N_raw": 44, "N_roi": 44, "N_inlier": 42, "refit": true}
{"timestamp": "15:07:36.655415", "frame": 63, "mu": [1.434784492374105, 1.0197689446568106, 1.212717838063368], "Sigma": [[0.008329180119505246, -0.009426331004059487, 0.0016230739173528025], [-0.009426331004059487, 0.01729404794450999, -0.00734598085801689], [0.0016230739173528023, -0.00734598085801689, 0.007314542448653449]], "chi2_level": 0.99, "chi2_df": 3, "chi2_threshold": 11.344866730144373, "N_raw": 43, "N_roi": 43, "N_inlier": 41, "refit": true}
{"timestamp": "15:07:36.705979", "frame": 64, "mu": [1.3176228040177942, 1.2685126306322783, -0.5382591984511671], "Sigma": [[0.00583036686736895, 0.0013250003135691058, -0.01386674134795101], [0.0013250003135691054, 0.002720336292791858, -0.009157028043540879], [-0.01386674134795101, -0.009157028043540879, 0.05385453543595625]], "chi2_level": 0.99, "chi2_df": 3, "chi2_threshold": 11.344866730144373, "N_raw": 11, "N_roi": 11, "N_inlier": 11, "refit": true}
{"timestamp": "15:07:36.767498", "frame": 65, "mu": [1.2873042049432832, 1.1213569463040671, 1.097370128605665], "Sigma": [[0.007394675856256888, -0.005067753902077839, -0.007315940447516966], [-0.005067753902077839, 0.0066009875679610185, 0.002665211758157526], [-0.007315940447516965, 0.002665211758157526, 0.019580972917661726]], "chi2_level": 0.99, "chi2_df": 3, "chi2_threshold": 11.344866730144373, "N_raw": 62, "N_roi": 62, "N_inlier": 62, "refit": true}
{"timestamp": "15:07:36.819456", "frame": 66, "mu": [1.2839050382581705, 1.0378658022995149, 0.8670343038248992], "Sigma": [[0.004725668403822664, -0.0029854221590517923, -0.004894850004961353], [-0.0029854221590517927, 0.004818237303357032, 0.002348018856097493], [-0.004894850004961353, 0.0023480188560974936, 0.04300933136896255]], "chi2_level": 0.99, "chi2_df": 3, "chi2_threshold": 11.344866730144373, "N_raw": 35, "N_roi": 35, "N_inlier": 35, "refit": true}
{"timestamp": "15:07:36.873204", "frame": 67, "mu": [1.2662863482045041, 1.2404788712128128, -0.6301130722230192], "Sigma": [[0.002910798060300093, -0.00010440154130095049, 0.0018978774217134433], [-0.00010440154130095049, 0.006260309417868962, 0.001165840393297846], [0.0018978774217134433, 0.0011658403932978457, 0.016342253430420492]], "chi2_level": 0.99, "chi2_df": 3, "chi2_threshold": 11.344866730144373, "N_raw": 31, "N_roi": 31, "N_inlier": 31, "refit": true}
{"timestamp": "15:07:36.925612", "frame": 68, "mu": [1.2001366895830259, 1.0380225253461175, 1.0733804414001735], "Sigma": [[0.004351762964746034, -0.00043854113343220477, -0.008306075472215117], [-0.00043854113343220493, 0.00198389582691402, -0.003669351773755888], [-0.008306075472215117, -0.0036693517737558887, 0.03724749252455463]], "chi2_level": 0.99, "chi2_df": 3, "chi2_threshold": 11.344866730144373, "N_raw": 8, "N_roi": 8, "N_inlier": 8, "refit": true}
{"timestamp": "15:07:36.983116", "frame": 69, "mu": [1.1550320031164318, 1.0297720024051211, 1.213161397573844], "Sigma": [[0.007230635463042106, -0.005235815236404498, -0.013652845632859224], [-0.005235815236404498, 0.005133532936767667, 0.009699452792404037], [-0.013652845632859224, 0.009699452792404037, 0.03044470193554235]], "chi2_level": 0.99, "chi2_df": 3, "chi2_threshold": 11.344866730144373, "N_raw": 32, "N_roi": 32, "N_inlier": 30, "refit": true}
{"timestamp": "15:07:37.038258", "frame": 70, "mu": [1.080747923533127, 1.117653020330945, -0.423104940266561], "Sigma": [[0.0092156228130649, -0.0012989781065220122, -0.023507263608554485], [-0.0012989781065220122, 0.0017272282262817532, 0.0022111649782933624], [-0.02350726360855449, 0.0022111649782933624, 0.08394222049967943]], "chi2_level": 0.99, "chi2_df": 3, "chi2_threshold": 11.344866730144373, "N_raw": 27, "N_roi": 27, "N_inlier": 27, "refit": true}
{"timestamp": "15:07:37.096612", "frame": 71, "mu": [1.0735763151786353, 0.9316569012577043, 1.2798885241177658], "Sigma": [[0.01166530229823009, -0.007009380643481142, -0.006501432368704105], [-0.007009380643481142, 0.006720678328093937, -0.0015948809567305426], [-0.006501432368704104, -0.0015948809567305424, 0.04283437115717918]], "chi2_level": 0.99, "chi2_df": 3, "chi2_threshold": 11.344866730144373, "N_raw": 60, "N_roi": 60, "N_inlier": 60, "refit": true}
{"timestamp": "15:07:37.149816", "frame": 72, "mu": [0.9569710224363196, 0.9719501312193247, 1.4260489112468535], "Sigma": [[0.004929267461969246, -0.0011171886200201477, -0.00537181357933709], [-0.0011171886200201475, 0.00288157848010568, -0.0007531493267070746], [-0.00537181357933709, -0.0007531493267070746, 0.009640832175194576]], "chi2_level": 0.99, "chi2_df": 3, "chi2_threshold": 11.344866730144373, "N_raw": 37, "N_roi": 37, "N_inlier": 35, "refit": true}
{"timestamp": "15:07:37.206368", "frame": 73, "mu": [0.9290226894997627, 0.9469857428919483, 1.3991635092754846], "Sigma": [[0.00523800380331104, -0.0004361617107952945, -0.006015641233804337], [-0.0004361617107952947, 0.003705178515865549, -4.076207729418208e-05], [-0.006015641233804337, -4.076207729418208e-05, 0.017234213632231123]], "chi2_level": 0.99, "chi2_df": 3, "chi2_threshold": 11.344866730144373, "N_raw": 55, "N_roi": 55, "N_inlier": 53, "refit": true}
{"timestamp": "15:07:37.267374", "frame": 74, "mu": [0.9570458637039218, 0.8525114249579282, 1.157876526580246], "Sigma": [[0.007401943695317471, -0.00634689772899473, -0.02008699432963774], [-0.00634689772899473, 0.010942637272601993, 0.024664434079423512], [-0.02008699432963774, 0.024664434079423512, 0.10933478756767492]], "chi2_level": 0.99, "chi2_df": 3, "chi2_threshold": 11.344866730144373, "N_raw": 87, "N_roi": 87, "N_inlier": 86, "refit": true}
{"timestamp": "15:07:37.313182", "frame": 75, "mu": [0.8690274483351329, 0.8906522000208343, 1.4270868843149072], "Sigma": [[0.003049749661277023, -0.0015765247232529813, -0.004563545599593601], [-0.0015765247232529813, 0.0016496232597282415, 0.001189945330213625], [-0.004563545599593602, 0.001189945330213625, 0.010256290084411156]], "chi2_level": 0.99, "chi2_df": 3, "chi2_threshold": 11.344866730144373, "N_raw": 23, "N_roi": 23, "N_inlier": 22, "refit": true}
{"timestamp": "15:07:37.368258", "frame": 76, "mu": [0.8190886459302564, 0.9455718533985893, -0.39146792232560873], "Sigma": [[0.003827385768483119, 0.0019021020198514756, 0.0024151472208529005], [0.0019021020198514756, 0.0023497739503243725, 0.0008403822131776293], [0.0024151472208529, 0.0008403822131776294, 0.01292286386892194]], "chi2_level": 0.99, "chi2_df": 3, "chi2_threshold": 11.344866730144373, "N_raw": 31, "N_roi": 31, "N_inlier": 28, "refit": true}
{"timestamp": "15:07:37.424227", "frame": 77, "mu": [0.8633008597324605, 0.8980588119207908, 1.3256203710287928], "Sigma": [[0.006714913454656375, -0.003346700641831047, -0.007006450396745353], [-0.003346700641831047, 0.003953163173698184, 0.003831922860511173], [-0.007006450396745352, 0.0038319228605111725, 0.013397217373722384]], "chi2_level": 0.99, "chi2_df": 3, "chi2_threshold": 11.344866730144373, "N_raw": 38, "N_roi": 38, "N_inlier": 35, "refit": true}
{"timestamp": "15:07:37.476634", "frame": 78, "mu": [0.8224903976039941, 0.8492128032940943, 1.044033570773776], "Sigma": [[0.0014231303675420932, 0.0001692490586288258, -0.005954285973334829], [0.0001692490586288257, 0.0010521578296421934, -0.0037856172174731023], [-0.0059542859733348295, -0.0037856172174731014, 0.2316226293585274]], "chi2_level": 0.99, "chi2_df": 3, "chi2_threshold": 11.344866730144373, "N_raw": 12, "N_roi": 12, "N_inlier": 12, "refit": true}
{"timestamp": "15:07:37.533507", "frame": 79, "mu": [0.7918432885253486, 0.9176415193703166, -0.49245681696473576], "Sigma": [[0.0043414476329685136, 0.0008504228099507546, -0.010375012603785852], [0.0008504228099507546, 0.0056208019915353164, -0.01787665309679358], [-0.010375012603785852, -0.01787665309679358, 0.08535294811411115]], "chi2_level": 0.99, "chi2_df": 3, "chi2_threshold": 11.344866730144373, "N_raw": 31, "N_roi": 31, "N_inlier": 29, "refit": true}
{"timestamp": "15:07:37.590455", "frame": 80, "mu": [0.747832652867797, 0.8135639748273595, 1.3479995098461688], "Sigma": [[0.004333998703101898, -0.0010379698335354222, -0.00527785156395062], [-0.0010379698335354222, 0.002044031676765904, 0.0025445744129837912], [-0.00527785156395062, 0.0025445744129837917, 0.032751394345781476]], "chi2_level": 0.99, "chi2_df": 3, "chi2_threshold": 11.344866730144373, "N_raw": 45, "N_roi": 45, "N_inlier": 45, "refit": true}
{"timestamp": "15:07:37.643130", "frame": 81, "mu": [0.7514443668952602, 0.9334901634282938, -0.4446953708244876], "Sigma": [[0.0056366186901394225, 0.0008736207563523832, -0.006029585171094362], [0.000873620756352383, 0.0014686682304935782, -0.0019541386586928687], [-0.006029585171094363, -0.0019541386586928687, 0.008260596997306885]], "chi2_level": 0.99, "chi2_df": 3, "chi2_threshold": 11.344866730144373, "N_raw": 30, "N_roi": 30, "N_inlier": 29, "refit": true}
{"timestamp": "15:07:37.695611", "frame": 82, "mu": [0.6847620566190256, 1.0735547795342544, -0.819004941099247], "Sigma": [[0.0020699555290516897, 0.0014956702940254083, -0.005849064288359538], [0.0014956702940254083, 0.011169670961609503, -0.03368732861046133], [-0.005849064288359536, -0.03368732861046133, 0.1114647740754166]], "chi2_level": 0.99, "chi2_df": 3, "chi2_threshold": 11.344866730144373, "N_raw": 19, "N_roi": 19, "N_inlier": 17, "refit": true}
{"timestamp": "15:07:37.753253", "frame": 83, "mu": [0.6307529653852195, 0.7680399192497115, 1.3796816133854537], "Sigma": [[0.0052773796650522455, 1.0149182985869554e-05, -0.007635307215742723], [1.01491829858695e-05, 0.0014236293182112113, -0.0008053573117517959], [-0.007635307215742723, -0.0008053573117517961, 0.011896307932904308]], "chi2_level": 0.99, "chi2_df": 3, "chi2_threshold": 11.344866730144373, "N_raw": 30, "N_roi": 29, "N_inlier": 27, "refit": true}
{"timestamp": "15:07:37.813096", "frame": 84, "mu": [0.602522791075802, 0.7776364456955733, 1.2839918274040514], "Sigma": [[0.005197517322201765, -0.0003136919034223996, -0.009721333106221018], [-0.0003136919034223996, 0.0012443498152999747, -8.755334613981254e-05], [-0.00972133310622102, -8.755334613981254e-05, 0.050116643621634455]], "chi2_level": 0.99, "chi2_df": 3, "chi2_threshold": 11.344866730144373, "N_raw": 57, "N_roi": 57, "N_inlier": 54, "refit": true}
{"timestamp": "15:07:37.873141", "frame": 85, "mu": [0.5488141510543518, 0.7869852423988494, 1.2321561316352547], "Sigma": [[0.004493640752819789, -0.00027269722375988553, 0.0038689133110540964], [-0.00027269722375988553, 0.002389612193771376, 0.0004480297300520883], [0.0038689133110540973, 0.00044802973005208797, 0.08597187040337814]], "chi2_level": 0.99, "chi2_df": 3, "chi2_threshold": 11.344866730144373, "N_raw": 92, "N_roi": 92, "N_inlier": 92, "refit": true}
{"timestamp": "15:07:37.922099", "frame": 86, "mu": [0.5222564079809946, 0.7898137166632395, 1.3903066443050816], "Sigma": [[0.005163473252209395, 0.00010986268114658656, -0.005677213046404283], [0.00010986268114658651, 0.0010722003799735903, -0.0015571049854631288], [-0.005677213046404283, -0.0015571049854631288, 0.009001474583978432]], "chi2_level": 0.99, "chi2_df": 3, "chi2_threshold": 11.344866730144373, "N_raw": 57, "N_roi": 57, "N_inlier": 57, "refit": true}
{"timestamp": "15:07:37.976950", "frame": 87, "mu": [0.3953705054454079, 0.9603770888996046, -0.3484658703735577], "Sigma": [[0.0029702080914496796, -0.0003703633331590933, -0.0011845500968067776], [-0.0003703633331590933, 0.0031796488688398336, -0.002488376941665527], [-0.0011845500968067776, -0.002488376941665527, 0.00537898883551085]], "chi2_level": 0.99, "chi2_df": 3, "chi2_threshold": 11.344866730144373, "N_raw": 55, "N_roi": 55, "N_inlier": 53, "refit": true}
{"timestamp": "15:07:38.035001", "frame": 88, "mu": [0.4662430162863364, 0.916933964143258, -0.6010932117579998], "Sigma": [[0.0070325042949104825, -0.0002070054391277003, -0.01025462795475044], [-0.0002070054391277004, 0.003442708758372133, -0.005579974193000133], [-0.01025462795475044, -0.005579974193000132, 0.06651296581350541]], "chi2_level": 0.99, "chi2_df": 3, "chi2_threshold": 11.344866730144373, "N_raw": 74, "N_roi": 74, "N_inlier": 71, "refit": true}
{"timestamp": "15:07:38.085348", "frame": 89, "mu": [0.3175510627003581, 0.9386690585707753, -0.3556920339249468], "Sigma": [[0.0021226644673997116, 0.00019234804140692976, -0.002294087905940907], [0.0001923480414069298, 0.0036125648461767827, -0.0019361489674430135], [-0.002294087905940907, -0.0019361489674430137, 0.006181383402551086]], "chi2_level": 0.99, "chi2_df": 3, "chi2_threshold": 11.344866730144373, "N_raw": 48, "N_roi": 48, "N_inlier": 45, "refit": true}
{"timestamp": "15:07:38.138512", "frame": 90, "mu": [0.316504877400223, 0.7902895616405251, 1.4741805275976319], "Sigma": [[0.002518019703693234, 0.0003038062381625293, -0.0018646398673330534], [0.0003038062381625293, 0.0009024391059069633, -0.0010238231772286533], [-0.0018646398673330534, -0.0010238231772286533, 0.002926040955362198]], "chi2_level": 0.99, "chi2_df": 3, "chi2_threshold": 11.344866730144373, "N_raw": 30, "N_roi": 30, "N_inlier": 28, "refit": true}
{"timestamp": "15:07:38.199813", "frame": 91, "mu": [0.34276058628808653, 0.7910854507145715, 1.3596849494051417], "Sigma": [[0.005949141005268893, -0.00043504443739675574, -0.00649120452573969], [-0.00043504443739675574, 0.001413840724606968, -0.0009828460336415254], [-0.00649120452573969, -0.0009828460336415254, 0.008960217099706794]], "chi2_level": 0.99, "chi2_df": 3, "chi2_threshold": 11.344866730144373, "N_raw": 75, "N_roi": 75, "N_inlier": 74, "refit": true}
{"timestamp": "15:07:38.253706", "frame": 92, "mu": [0.2795519249066555, 0.9510498566554133, -0.40496585431558507], "Sigma": [[0.004551646196812112, 0.0007927465090023415, -0.00668919727254558], [0.0007927465090023415, 0.0022643817328761107, -0.002578808785915752], [-0.006689197272545579, -0.002578808785915752, 0.01247457307575149]], "chi2_level": 0.99, "chi2_df": 3, "chi2_threshold": 11.344866730144373, "N_raw": 70, "N_roi": 70, "N_inlier": 69, "refit": true}
{"timestamp": "15:07:38.310000", "frame": 93, "mu": [0.2119311816728894, 0.982975477747987, -0.5167412801385374], "Sigma": [[0.004813185975934957, -0.0020319690287022634, 0.005591948737256466], [-0.0020319690287022634, 0.004496475504271139, -0.01333914308202436], [0.005591948737256466, -0.01333914308202436, 0.04923461905350476]], "chi2_level": 0.99, "chi2_df": 3, "chi2_threshold": 11.344866730144373, "N_raw": 72, "N_roi": 71, "N_inlier": 67, "refit": true}
{"timestamp": "15:07:38.364816", "frame": 94, "mu": [0.2061378463625448, 0.8367034758107815, 1.3758038565243627], "Sigma": [[0.0029361728987685955, 0.0005638532661758079, -0.0027395343083882247], [0.0005638532661758079, 0.0017533300849664445, -0.0026780066296156983], [-0.0027395343083882247, -0.0026780066296156983, 0.006712343999171685]], "chi2_level": 0.99, "chi2_df": 3, "chi2_threshold": 11.344866730144373, "N_raw": 73, "N_roi": 73, "N_inlier": 69, "refit": true}
{"timestamp": "15:07:38.419955", "frame": 95, "mu": [0.14571736402582913, 0.7981835372954765, 1.351134309598308], "Sigma": [[0.0033375075876569075, 0.0008251001728729852, -0.005012548596464671], [0.0008251001728729852, 0.0017272462966411602, -0.0031935991775673186], [-0.005012548596464671, -0.0031935991775673186, 0.011021432665462681]], "chi2_level": 0.99, "chi2_df": 3, "chi2_threshold": 11.344866730144373, "N_raw": 74, "N_roi": 74, "N_inlier": 71, "refit": true}
{"timestamp": "15:07:38.472290", "frame": 96, "mu": [0.0590139598883014, 0.847684436094062, -0.459435389030584], "Sigma": [[0.0015822760105304657, 0.0007860618001582619, 0.003595615342539627], [0.000786061800158262, 0.00477622867537053, 0.00033807682997691194], [0.003595615342539627, 0.00033807682997691194, 0.020458278661471454]], "chi2_level": 0.99, "chi2_df": 3, "chi2_threshold": 11.344866730144373, "N_raw": 50, "N_roi": 48, "N_inlier": 47, "refit": true}
{"timestamp": "15:07:38.528660", "frame": 97, "mu": [0.028278358049077662, 0.7113376470365755, 1.2566393853635618], "Sigma": [[0.0019883278141955086, 0.00012524446010359557, 0.0009299617164866572], [0.00012524446010359557, 0.0015331242692256779, -0.0022757140520872814], [0.0009299617164866572, -0.0022757140520872814, 0.006061976170239144]], "chi2_level": 0.99, "chi2_df": 3, "chi2_threshold": 11.344866730144373, "N_raw": 70, "N_roi": 70, "N_inlier": 67, "refit": true}
{"timestamp": "15:07:38.579898", "frame": 98, "mu": [-0.0016343812802538404, 0.819291254378692, 1.4413321374936945], "Sigma": [[0.0012317685760344693, -0.00028611909731145223, -0.001877950028908644], [-0.00028611909731145223, 0.00045372558121541443, -0.00027539112192081453], [-0.0018779500289086443, -0.00027539112192081453, 0.00912192929233342]], "chi2_level": 0.99, "chi2_df": 3, "chi2_threshold": 11.344866730144373, "N_raw": 38, "N_roi": 38, "N_inlier": 38, "refit": true}
{"timestamp": "15:07:38.630522", "frame": 99, "mu": [-0.026664727859725436, 0.78398904018884, 1.389668312279918], "Sigma": [[0.0010575294975383872, 0.00015049403565600228, 0.002247600888466539], [0.0001504940356560023, 0.0033490479057539627, 0.008812034360699817], [0.002247600888466539, 0.008812034360699817, 0.04949132280957915]], "chi2_level": 0.99, "chi2_df": 3, "chi2_threshold": 11.344866730144373, "N_raw": 14, "N_roi": 14, "N_inlier": 14, "refit": true}
{"timestamp": "15:07:38.779672", "frame": 100, "mu": [-0.14090733274073472, 0.8061320326229174, 1.4373406233814836], "Sigma": [[0.002245486859963422, -0.0009762675201761343, 1.271341391936406e-05], [-0.0009762675201761344, 0.0019453816341943142, -0.0027714464083605445], [1.2713413919364087e-05, -0.0027714464083605445, 0.005646758280734616]], "chi2_level": 0.99, "chi2_df": 3, "chi2_threshold": 11.344866730144373, "N_raw": 71, "N_roi": 71, "N_inlier": 68, "refit": true}
{"timestamp": "15:07:38.786308", "frame": 101, "mu": [-0.1353485937187368, 0.9359290197874054, -0.4211528901058833], "Sigma": [[0.0016760887288410136, -0.0005158117267239255, -0.00041049674408047854], [-0.0005158117267239255, 0.0038134242346444603, -0.004811204859389343], [-0.00041049674408047854, -0.004811204859389343, 0.007281711095232322]], "chi2_level": 0.99, "chi2_df": 3, "chi2_threshold": 11.344866730144373, "N_raw": 71, "N_roi": 71, "N_inlier": 68, "refit": true}
{"timestamp": "15:07:38.819578", "frame": 102, "mu": [-0.18948344259095376, 0.7752462774139746, 1.3269791392918533], "Sigma": [[0.0021518260101522743, -0.0023905365968585287, -0.002747976936265933], [-0.0023905365968585287, 0.006375233343935864, 0.00895132481332185], [-0.002747976936265933, 0.00895132481332185, 0.04549141021080278]], "chi2_level": 0.99, "chi2_df": 3, "chi2_threshold": 11.344866730144373, "N_raw": 89, "N_roi": 89, "N_inlier": 86, "refit": true}
{"timestamp": "15:07:38.856683", "frame": 103, "mu": [-0.24222406131728064, 0.7472481192294467, 1.3140852004131107], "Sigma": [[0.0018540460086670888, -0.001366853460949398, -0.0045019932591083105], [-0.0013668534609493975, 0.0068284216311150425, 0.02399376893971675], [-0.0045019932591083105, 0.02399376893971675, 0.11362809529381321]], "chi2_level": 0.99, "chi2_df": 3, "chi2_threshold": 11.344866730144373, "N_raw": 56, "N_roi": 56, "N_inlier": 54, "refit": true}
{"timestamp": "15:07:38.916807", "frame": 104, "mu": [-0.2819398481911424, 0.8022059419307281, 1.4380925214701967], "Sigma": [[0.0024266402262911064, -0.0016265206086462547, -0.0019464806445242914], [-0.0016265206086462547, 0.0032266883479330688, 7.301376589351433e-05], [-0.0019464806445242916, 7.301376589351422e-05, 0.014585647197168714]], "chi2_level": 0.99, "chi2_df": 3, "chi2_threshold": 11.344866730144373, "N_raw": 86, "N_roi": 85, "N_inlier": 80, "refit": true}
{"timestamp": "15:07:38.969837", "frame": 105, "mu": [-0.31294137542509703, 0.8978087108505031, -0.3910272993749765], "Sigma": [[0.0028018896682323333, -0.003246930808267376, 0.0038764460096946183], [-0.003246930808267376, 0.009208169274571784, -0.012639987559833933], [0.0038764460096946183, -0.012639987559833933, 0.044890338764139906]], "chi2_level": 0.99, "chi2_df": 3, "chi2_threshold": 11.344866730144373, "N_raw": 71, "N_roi": 71, "N_inlier": 68, "refit": true}
{"timestamp": "15:07:39.023688", "frame": 106, "mu": [-0.3338307739292226, 0.7809016787215776, 1.4332581942901883], "Sigma": [[0.002553806696742494, -0.0008618995150525431, -0.004077362833255733], [-0.000861899515052543, 0.002275223870477767, 0.0008053233891696134], [-0.004077362833255733, 0.0008053233891696134, 0.013005787686140611]], "chi2_level": 0.99, "chi2_df": 3, "chi2_threshold": 11.344866730144373, "N_raw": 58, "N_roi": 56, "N_inlier": 52, "refit": true}
{"timestamp": "15:07:39.082273", "frame": 107, "mu": [-0.34969312594306046, 0.8935118714148502, 0.0012515898969887025], "Sigma": [[0.003337997025406427, -0.002496920849089861, 0.02397609276303096], [-0.002496920849089861, 0.006823566384576, -0.04473291442412881], [0.02397609276303096, -0.044732914424128814, 0.4273738995298015]], "chi2_level": 0.99, "chi2_df": 3, "chi2_threshold": 11.344866730144373, "N_raw": 90, "N_roi": 86, "N_inlier": 86, "refit": true}
{"timestamp": "15:07:39.138333", "frame": 108, "mu": [-0.4438736398940885, 0.7955273453363919, 1.3026190467585625], "Sigma": [[0.005820556137455827, -0.0032751906467578928, -0.015113158398049059], [-0.0032751906467578928, 0.0037989839899595468, 0.01243530771861814], [-0.01511315839804906, 0.012435307718618142, 0.09000853339223724]], "chi2_level": 0.99, "chi2_df": 3, "chi2_threshold": 11.344866730144373, "N_raw": 99, "N_roi": 98, "N_inlier": 94, "refit": true}
{"timestamp": "15:07:39.184375", "frame": 109, "mu": [-0.6225752507953984, 0.7209097953142353, 1.2030230620515325], "Sigma": [[0.043305941286636764, 0.016518415761729174, -0.10340828696883897], [0.016518415761729174, 0.01241352622274113, -0.03389304963348769], [-0.10340828696883897, -0.03389304963348769, 0.5135446258869217]], "chi2_level": 0.99, "chi2_df": 3, "chi2_threshold": 11.344866730144373, "N_raw": 25, "N_roi": 22, "N_inlier": 22, "refit": true}
{"timestamp": "15:07:39.246465", "frame": 110, "mu": [-0.6410981455521912, 0.8415198763853975, 0.08877003687886094], "Sigma": [[0.02247420518115466, 0.008443788235583302, 0.04173433904341778], [0.008443788235583302, 0.010544635984057435, -0.008616640340767201], [0.04173433904341778, -0.008616640340767201, 0.4287934636768305]], "chi2_level": 0.99, "chi2_df": 3, "chi2_threshold": 11.344866730144373, "N_raw": 89, "N_roi": 88, "N_inlier": 86, "refit": true}
{"timestamp": "15:07:39.296488", "frame": 111, "mu": [-0.6574671664301239, 0.8995512679731992, -0.1759658150984047], "Sigma": [[0.010914735420372267, 0.005200488053787108, -0.005520056473349673], [0.005200488053787108, 0.006112327258710168, -0.0040160061696338815], [-0.005520056473349673, -0.0040160061696338815, 0.0037368123000281798]], "chi2_level": 0.99, "chi2_df": 3, "chi2_threshold": 11.344866730144373, "N_raw": 47, "N_roi": 47, "N_inlier": 44, "refit": true}
{"timestamp": "15:07:39.358442", "frame": 112, "mu": [-0.8710907007166124, 0.7266435349264184, 1.6920817512207684], "Sigma": [[0.013624700785652321, 0.005886512763263527, -0.0064792942275019244], [0.005886512763263527, 0.0066696486043339555, -0.006481131919504197], [-0.0064792942275019244, -0.006481131919504197, 0.006936800077836317]], "chi2_level": 0.99, "chi2_df": 3, "chi2_threshold": 11.344866730144373, "N_raw": 95, "N_roi": 95, "N_inlier": 92, "refit": true}
{"timestamp": "15:07:39.403336", "frame": 113, "mu": [-0.7773902123635272, 0.7471267080723641, 1.4607083352633068], "Sigma": [[0.04010823727303807, 0.01774436085477832, -0.05584242701583592], [0.01774436085477832, 0.008907979656615984, -0.027177315832379922], [-0.05584242701583592, -0.027177315832379922, 0.10546206085105764]], "chi2_level": 0.99, "chi2_df": 3, "chi2_threshold": 11.344866730144373, "N_raw": 22, "N_roi": 22, "N_inlier": 21, "refit": true}
{"timestamp": "15:07:39.457623", "frame": 114, "mu": [-0.9022553799307321, 0.7385841464846828, 1.6226136679044458], "Sigma": [[0.030019655530150905, 0.015193539311593517, -0.03068100524681222], [0.015193539311593516, 0.011385467187339838, -0.019937059075544973], [-0.03068100524681222, -0.019937059075544973, 0.03865213605249727]], "chi2_level": 0.99, "chi2_df": 3, "chi2_threshold": 11.344866730144373, "N_raw": 26, "N_roi": 26, "N_inlier": 25, "refit": true}
{"timestamp": "15:07:39.514611", "frame": 115, "mu": [-0.8146786577147205, 0.7561749612164823, 1.515393457424545], "Sigma": [[0.022408884228342564, 0.0071613300644144395, -0.02110371776370094], [0.0071613300644144395, 0.003617197950627249, -0.008900295895961616], [-0.021103717763700937, -0.008900295895961616, 0.03930687497276879]], "chi2_level": 0.99, "chi2_df": 3, "chi2_threshold": 11.344866730144373, "N_raw": 43, "N_roi": 43, "N_inlier": 42, "refit": true}
{"timestamp": "15:07:39.572552", "frame": 116, "mu": [-0.8013114309217086, 0.8024220088838178, 1.2632505080746497], "Sigma": [[0.03454190392621492, 0.01619660751358626, -0.06796862657190603], [0.01619660751358626, 0.008796241884704998, -0.03309422923890846], [-0.06796862657190603, -0.03309422923890846, 0.14920958527459874]], "chi2_level": 0.99, "chi2_df": 3, "chi2_threshold": 11.344866730144373, "N_raw": 61, "N_roi": 61, "N_inlier": 60, "refit": true}
{"timestamp": "15:07:39.625264", "frame": 117, "mu": [-1.0316247426669403, 0.7792338743599098, -0.2527531379015239], "Sigma": [[0.014090610432768155, 0.01038738249771875, -0.010537242614016793], [0.010387382497718752, 0.012027938354442071, -0.011989559153801402], [-0.010537242614016793, -0.011989559153801402, 0.01422740742938773]], "chi2_level": 0.99, "chi2_df": 3, "chi2_threshold": 11.344866730144373, "N_raw": 40, "N_roi": 40, "N_inlier": 38, "refit": true}
