{"timestamp": "15:30:07.566660", "frame": 1, "mu": [1.2435085198227342, 1.5027183605741345, 1.0398472681435151], "Sigma": [[0.006927352343296492, -0.004342259439026762, -0.0040883236532993665], [-0.004342259439026762, 0.005693142137882278, -0.004101751017007243], [-0.0040883236532993665, -0.004101751017007243, 0.031234847414778555]], "chi2_level": 0.99, "chi2_df": 3, "chi2_threshold": 11.344866730144373, "N_raw": 76, "N_roi": 76, "N_inlier": 75, "refit": true}
{"timestamp": "15:30:07.622412", "frame": 2, "mu": [1.2588533796493078, 1.484939794903358, 0.972858842084084], "Sigma": [[0.007339195899165516, -0.004825621666273072, -0.0034208357535619907], [-0.004825621666273072, 0.0033652994258514257, 0.002786770137623093], [-0.0034208357535619907, 0.002786770137623093, 0.03522429422085644]], "chi2_level": 0.99, "chi2_df": 3, "chi2_threshold": 11.344866730144373, "N_raw": 64, "N_roi": 64, "N_inlier": 63, "refit": true}
{"timestamp": "15:30:07.671628", "frame": 3, "mu": [1.2192622705628957, 1.4789567442963, 1.2811190372061436], "Sigma": [[0.0035116851362336134, -0.0018013533618318333, -0.00846838298742646], [-0.001801353361831833, 0.0024500841287187795, 0.006894469543750573], [-0.00846838298742646, 0.006894469543750572, 0.09004691680208224]], "chi2_level": 0.99, "chi2_df": 3, "chi2_threshold": 11.344866730144373, "N_raw": 29, "N_roi": 29, "N_inlier": 28, "refit": true}
{"timestamp": "15:30:07.729694", "frame": 4, "mu": [1.2331995096143253, 1.4519893577276146, 1.031969968199308], "Sigma": [[0.004463780196950487, -0.002100641316653216, -0.004724520519501036], [-0.002100641316653216, 0.0022183084586953556, 0.0005675408694594752], [-0.004724520519501036, 0.0005675408694594756, 0.03537053057617637]], "chi2_level": 0.99, "chi2_df": 3, "chi2_threshold": 11.344866730144373, "N_raw": 46, "N_roi": 46, "N_inlier": 44, "refit": true}
{"timestamp": "15:30:07.786742", "frame": 5, "mu": [1.2670989656608567, 1.3931540971089924, 1.0164398139159128], "Sigma": [[0.006743593441692499, -0.003907169798351245, -0.003991729968029658], [-0.003907169798351245, 0.005573335227905228, -0.0005313878151342612], [-0.003991729968029658, -0.0005313878151342612, 0.006975547731338803]], "chi2_level": 0.99, "chi2_df": 3, "chi2_threshold": 11.344866730144373, "N_raw": 50, "N_roi": 50, "N_inlier": 46, "refit": true}
{"timestamp": "15:30:07.841056", "frame": 6, "mu": [1.1932094391460144, 1.4137269990667716, 1.197072331893571], "Sigma": [[0.009852680183676351, -0.00619815840433058, -0.015040619498703112], [-0.00619815840433058, 0.00619325582471994, 0.009461618361269004], [-0.015040619498703112, 0.009461618361269004, 0.03934702545410737]], "chi2_level": 0.99, "chi2_df": 3, "chi2_threshold": 11.344866730144373, "N_raw": 54, "N_roi": 54, "N_inlier": 53, "refit": true}
{"timestamp": "15:30:07.894421", "frame": 7, "mu": [1.2101058231854542, 1.446208288997572, 1.2098649522229141], "Sigma": [[0.008462768995901301, -0.0036050979046996358, -0.011699182699181366], [-0.0036050979046996358, 0.005460421414744892, 0.003294417654469385], [-0.011699182699181366, 0.003294417654469385, 0.03087770583501282]], "chi2_level": 0.99, "chi2_df": 3, "chi2_threshold": 11.344866730144373, "N_raw": 45, "N_roi": 45, "N_inlier": 44, "refit": true}
{"timestamp": "15:30:07.950312", "frame": 8, "mu": [1.208532319759032, 1.419394670338028, 1.161216211327096], "Sigma": [[0.006664501617569269, -0.003903532750275179, -0.004525451988994549], [-0.0039035327502751787, 0.0048557376690567524, -0.0009159527002468778], [-0.004525451988994549, -0.0009159527002468778, 0.010376738694615412]], "chi2_level": 0.99, "chi2_df": 3, "chi2_threshold": 11.344866730144373, "N_raw": 53, "N_roi": 53, "N_inlier": 51, "refit": true}
{"timestamp": "15:30:08.008919", "frame": 9, "mu": [1.1770580183115646, 1.3669492652832043, 1.182193603966241], "Sigma": [[0.012982786997958214, -0.007246615792493758, -0.017158448252181217], [-0.007246615792493758, 0.0057434120594036615, 0.0064857844110833025], [-0.017158448252181217, 0.0064857844110833025, 0.036606164411057365]], "chi2_level": 0.99, "chi2_df": 3, "chi2_threshold": 11.344866730144373, "N_raw": 79, "N_roi": 79, "N_inlier": 76, "refit": true}
{"timestamp": "15:30:08.063320", "frame": 10, "mu": [1.1732830193912787, 1.342580653803228, 0.9351979968109482], "Sigma": [[0.007178802977588688, -0.00407581138311266, -0.0002471428690270802], [-0.00407581138311266, 0.0053761953074137605, -0.0043472137690043705], [-0.0002471428690270802, -0.0043472137690043705, 0.01277679305703997]], "chi2_level": 0.99, "chi2_df": 3, "chi2_threshold": 11.344866730144373, "N_raw": 72, "N_roi": 72, "N_inlier": 69, "refit": true}
{"timestamp": "15:30:08.119160", "frame": 11, "mu": [1.126945759537926, 1.3743480385272597, 1.1269731024818836], "Sigma": [[0.013535919111494125, -0.005105218720200618, -0.012269790846276102], [-0.005105218720200618, 0.005270919971803111, 0.0015553276998646604], [-0.012269790846276104, 0.0015553276998646602, 0.016717319273425436]], "chi2_level": 0.99, "chi2_df": 3, "chi2_threshold": 11.344866730144373, "N_raw": 78, "N_roi": 78, "N_inlier": 76, "refit": true}
{"timestamp": "15:30:08.167878", "frame": 12, "mu": [0.9933788592531299, 1.4195808377734318, 1.4084506291566343], "Sigma": [[0.004502800718958609, -0.00308027114361063, -0.006689767977385673], [-0.00308027114361063, 0.004130488754962776, 0.002526533441612332], [-0.006689767977385673, 0.002526533441612332, 0.02081804795118593]], "chi2_level": 0.99, "chi2_df": 3, "chi2_threshold": 11.344866730144373, "N_raw": 26, "N_roi": 26, "N_inlier": 25, "refit": true}
{"timestamp": "15:30:08.226139", "frame": 13, "mu": [1.0379090676324452, 1.3897630876728875, 1.200252422897947], "Sigma": [[0.0064334969894058154, -0.003083055755534014, -0.005147852884461478], [-0.0030830557555340137, 0.00559356350464918, -0.0013369912466130605], [-0.0051478528844614785, -0.0013369912466130607, 0.013810925214392032]], "chi2_level": 0.99, "chi2_df": 3, "chi2_threshold": 11.344866730144373, "N_raw": 59, "N_roi": 59, "N_inlier": 59, "refit": true}
{"timestamp": "15:30:08.280862", "frame": 14, "mu": [1.0968147855488575, 1.338032057349494, 1.1564674714097176], "Sigma": [[0.005751898103063713, -0.0022743651532541147, -0.0021537552785713277], [-0.0022743651532541147, 0.004177140561841576, -0.002288912451439951], [-0.0021537552785713273, -0.002288912451439951, 0.013434167615158405]], "chi2_level": 0.99, "chi2_df": 3, "chi2_threshold": 11.344866730144373, "N_raw": 56, "N_roi": 56, "N_inlier": 55, "refit": true}
{"timestamp": "15:30:08.339282", "frame": 15, "mu": [1.054955931849809, 1.3185917703924912, 1.1919954207757797], "Sigma": [[0.006974589119519104, -0.0011195619635103933, -0.006727635239301877], [-0.0011195619635103933, 0.005926871973412585, -0.0042013818942694065], [-0.006727635239301877, -0.0042013818942694065, 0.015536133406446674]], "chi2_level": 0.99, "chi2_df": 3, "chi2_threshold": 11.344866730144373, "N_raw": 76, "N_roi": 76, "N_inlier": 75, "refit": true}
{"timestamp": "15:30:08.391520", "frame": 16, "mu": [1.0284727288863096, 1.2226877664256406, 1.2140225422745217], "Sigma": [[0.00580844532378988, -0.0032836103689251888, -0.004755456193139785], [-0.003283610368925189, 0.003189595884268474, 0.0005704193155724217], [-0.004755456193139785, 0.0005704193155724217, 0.013961440140257008]], "chi2_level": 0.99, "chi2_df": 3, "chi2_threshold": 11.344866730144373, "N_raw": 44, "N_roi": 44, "N_inlier": 42, "refit": true}
{"timestamp": "15:30:08.443042", "frame": 17, "mu": [0.9602251872516867, 1.2626069916550844, 1.2801529417729571], "Sigma": [[0.004513985551403347, -0.0005648454118693156, -0.007329364596443731], [-0.0005648454118693157, 0.001310720776151902, -0.0012941661817197025], [-0.007329364596443731, -0.001294166181719702, 0.023294086426003762]], "chi2_level": 0.99, "chi2_df": 3, "chi2_threshold": 11.344866730144373, "N_raw": 37, "N_roi": 37, "N_inlier": 36, "refit": true}
{"timestamp": "15:30:08.503737", "frame": 18, "mu": [0.990679654601938, 1.180337221264601, 0.9728554830699312], "Sigma": [[0.01053791130960417, -0.004801380060853963, -0.00837669895616381], [-0.004801380060853964, 0.004166919764030672, 0.005179190027920801], [-0.00837669895616381, 0.0051791900279208, 0.02595994343600425]], "chi2_level": 0.99, "chi2_df": 3, "chi2_threshold": 11.344866730144373, "N_raw": 74, "N_roi": 74, "N_inlier": 72, "refit": true}
{"timestamp": "15:30:08.560557", "frame": 19, "mu": [0.9953247713276993, 1.1589385515732642, 1.1202199570659948], "Sigma": [[0.007245058130732977, -0.004202378571006474, -0.0009374714491428855], [-0.004202378571006474, 0.006454231934888709, -0.004726625382408407], [-0.0009374714491428855, -0.004726625382408407, 0.013072117404493993]], "chi2_level": 0.99, "chi2_df": 3, "chi2_threshold": 11.344866730144373, "N_raw": 80, "N_roi": 80, "N_inlier": 77, "refit": true}
{"timestamp": "15:30:08.607896", "frame": 20, "mu": [0.8684763002456549, 1.4373796341390863, -0.521147416159334], "Sigma": [[0.003911989182628652, 0.0009145174802333555, -0.0049695174880139675], [0.0009145174802333557, 0.005869613524116861, -0.00579820831392558], [-0.0049695174880139675, -0.00579820831392558, 0.013484662663078852]], "chi2_level": 0.99, "chi2_df": 3, "chi2_threshold": 11.344866730144373, "N_raw": 23, "N_roi": 23, "N_inlier": 21, "refit": true}
{"timestamp": "15:30:08.668601", "frame": 21, "mu": [0.920984255032998, 1.2377441762614807, -0.4796049290815161], "Sigma": [[0.010276870090948931, -1.8902959085337004e-05, -0.012501377000213611], [-1.890295908533695e-05, 0.0040450918915431395, -0.002280544225224817], [-0.012501377000213611, -0.002280544225224817, 0.020693962198038682]], "chi2_level": 0.99, "chi2_df": 3, "chi2_threshold": 11.344866730144373, "N_raw": 74, "N_roi": 74, "N_inlier": 71, "refit": true}
{"timestamp": "15:30:08.720691", "frame": 22, "mu": [0.9202199864091253, 0.9980369013177296, 1.184934639746915], "Sigma": [[0.00830897700974153, -0.003929395881477766, -0.00017261156760501958], [-0.003929395881477766, 0.00452757159734852, -0.0018944264748532544], [-0.00017261156760501955, -0.0018944264748532544, 0.0019803314741610187]], "chi2_level": 0.99, "chi2_df": 3, "chi2_threshold": 11.344866730144373, "N_raw": 54, "N_roi": 54, "N_inlier": 51, "refit": true}
{"timestamp": "15:30:08.776634", "frame": 23, "mu": [0.8399597509017734, 1.0415823039274272, 1.1789606370885408], "Sigma": [[0.005421086249246762, -0.0007483550177851049, -0.009241115647559299], [-0.000748355017785105, 0.002543109233509775, -0.0001195297592395393], [-0.009241115647559299, -0.00011952975923953924, 0.040009008353696106]], "chi2_level": 0.99, "chi2_df": 3, "chi2_threshold": 11.344866730144373, "N_raw": 58, "N_roi": 58, "N_inlier": 56, "refit": true}
{"timestamp": "15:30:08.833522", "frame": 24, "mu": [0.7992688372981364, 0.9987783440564049, 1.2633975238791255], "Sigma": [[0.008241531939329288, -0.002944590509161014, -0.013814539448914042], [-0.002944590509161014, 0.0026390489204981687, 0.002137900984958499], [-0.01381453944891404, 0.002137900984958499, 0.04479224161274087]], "chi2_level": 0.99, "chi2_df": 3, "chi2_threshold": 11.344866730144373, "N_raw": 71, "N_roi": 71, "N_inlier": 70, "refit": true}
{"timestamp": "15:30:08.885876", "frame": 25, "mu": [0.7103108458888299, 0.9862632593337687, 1.3729555820728638], "Sigma": [[0.006391708145697219, -0.0029020637385125, -0.009944394651172906], [-0.0029020637385125, 0.0035785537532332123, 0.004902556730820434], [-0.009944394651172904, 0.0049025567308204334, 0.02559606734225392]], "chi2_level": 0.99, "chi2_df": 3, "chi2_threshold": 11.344866730144373, "N_raw": 45, "N_roi": 45, "N_inlier": 41, "refit": true}
{"timestamp": "15:30:08.944833", "frame": 26, "mu": [0.6777146360529087, 1.0077596162465046, 1.322620993776291], "Sigma": [[0.004574843201409522, -0.0014194422545477626, -0.002927608164543087], [-0.0014194422545477626, 0.0033379484361517366, -0.0007540032450343454], [-0.002927608164543087, -0.0007540032450343454, 0.06389260590179796]], "chi2_level": 0.99, "chi2_df": 3, "chi2_threshold": 11.344866730144373, "N_raw": 75, "N_roi": 74, "N_inlier": 71, "refit": true}
{"timestamp": "15:30:08.993902", "frame": 27, "mu": [0.6743127754393932, 0.9353319179616634, 1.1494661361069032], "Sigma": [[0.010896994832050843, -0.0117397062323868, -0.032597654332428255], [-0.011739706232386802, 0.018811640645724943, 0.038895424188563246], [-0.032597654332428255, 0.038895424188563246, 0.26685265353676263]], "chi2_level": 0.99, "chi2_df": 3, "chi2_threshold": 11.344866730144373, "N_raw": 27, "N_roi": 27, "N_inlier": 25, "refit": true}
{"timestamp": "15:30:09.051901", "frame": 28, "mu": [0.6302033062953367, 0.9601269518955939, 1.2559892419166503], "Sigma": [[0.004037362039769696, -0.0022317854723182934, 0.005104869199518237], [-0.0022317854723182934, 0.005451772421631443, -0.019075406318953124], [0.005104869199518238, -0.019075406318953124, 0.10326373171928759]], "chi2_level": 0.99, "chi2_df": 3, "chi2_threshold": 11.344866730144373, "N_raw": 58, "N_roi": 58, "N_inlier": 54, "refit": true}
{"timestamp": "15:30:09.108114", "frame": 29, "mu": [0.5740872518766142, 0.9387240144389234, 1.4453665171378152], "Sigma": [[0.0040591616111874075, 6.559967343521461e-05, -0.0019367026092414787], [6.559967343521466e-05, 0.003761196541335794, -0.0015068091553489963], [-0.0019367026092414787, -0.0015068091553489963, 0.001597138718998678]], "chi2_level": 0.99, "chi2_df": 3, "chi2_threshold": 11.344866730144373, "N_raw": 64, "N_roi": 64, "N_inlier": 58, "refit": true}
{"timestamp": "15:30:09.160634", "frame": 30, "mu": [0.5675706915244559, 0.9150254412347981, 1.2843448252653744], "Sigma": [[0.01299324045356124, -0.004219257858543992, -0.017602805556694277], [-0.0042192578585439925, 0.003417368577030103, 0.0025394560552408213], [-0.017602805556694277, 0.0025394560552408213, 0.10619841987746513]], "chi2_level": 0.99, "chi2_df": 3, "chi2_threshold": 11.344866730144373, "N_raw": 47, "N_roi": 47, "N_inlier": 43, "refit": true}
{"timestamp": "15:30:09.214899", "frame": 31, "mu": [0.4482037941197455, 0.9102247151346005, 1.4278798966550779], "Sigma": [[0.004326178022488712, -0.000527792142862084, -0.003671874809158342], [-0.000527792142862084, 0.0019495714556989389, -0.0007586586745112524], [-0.003671874809158342, -0.0007586586745112524, 0.006272322301003169]], "chi2_level": 0.99, "chi2_df": 3, "chi2_threshold": 11.344866730144373, "N_raw": 44, "N_roi": 44, "N_inlier": 38, "refit": true}
{"timestamp": "15:30:09.272575", "frame": 32, "mu": [0.4388784125098758, 1.0592033367940814, -0.5699694646922034], "Sigma": [[0.002151678901040211, 0.0009436379085389781, -0.005145252819372389], [0.0009436379085389778, 0.006057773829805212, -0.017760739190360628], [-0.005145252819372389, -0.017760739190360628, 0.08149426704903888]], "chi2_level": 0.99, "chi2_df": 3, "chi2_threshold": 11.344866730144373, "N_raw": 58, "N_roi": 58, "N_inlier": 55, "refit": true}
{"timestamp": "15:30:09.328102", "frame": 33, "mu": [0.4451427120957714, 0.8783915907845179, 1.2651012633913827], "Sigma": [[0.004990239107959074, -0.0016271889253292508, -0.0062987595093422334], [-0.0016271889253292508, 0.0014163798013360816, 7.481880581788615e-05], [-0.0062987595093422334, 7.481880581788626e-05, 0.015909039713202407]], "chi2_level": 0.99, "chi2_df": 3, "chi2_threshold": 11.344866730144373, "N_raw": 61, "N_roi": 61, "N_inlier": 57, "refit": true}
{"timestamp": "15:30:09.379037", "frame": 34, "mu": [0.32513930919641887, 0.9096776898057976, 1.4631959965183134], "Sigma": [[0.0024188251864754114, 0.0008037841565347182, -0.0029552839342819664], [0.0008037841565347182, 0.0015738563160460335, -0.002404542108136536], [-0.0029552839342819664, -0.002404542108136536, 0.00621103333300102]], "chi2_level": 0.99, "chi2_df": 3, "chi2_threshold": 11.344866730144373, "N_raw": 37, "N_roi": 37, "N_inlier": 34, "refit": true}
{"timestamp": "15:30:09.438174", "frame": 35, "mu": [0.33182096217453244, 0.8857406858250788, 1.197636275476199], "Sigma": [[0.0068440566919716955, -0.003247562716474265, 0.006074689848782913], [-0.003247562716474265, 0.004399959449903057, -0.0021550183836519885], [0.006074689848782913, -0.002155018383651988, 0.024858081151945426]], "chi2_level": 0.99, "chi2_df": 3, "chi2_threshold": 11.344866730144373, "N_raw": 70, "N_roi": 70, "N_inlier": 66, "refit": true}
{"timestamp": "15:30:09.492717", "frame": 36, "mu": [0.17861735561205538, 0.920274588713626, 1.285293646219158], "Sigma": [[0.001971539951606817, -0.0004805842477676427, -0.002299360729068015], [-0.0004805842477676428, 0.0024097613963230827, 0.007438970783532536], [-0.0022993607290680163, 0.007438970783532536, 0.1298140660629204]], "chi2_level": 0.99, "chi2_df": 3, "chi2_threshold": 11.344866730144373, "N_raw": 55, "N_roi": 54, "N_inlier": 51, "refit": true}
{"timestamp": "15:30:09.542884", "frame": 37, "mu": [0.14854669603962156, 0.9096174092810654, 1.4283981315328986], "Sigma": [[0.0017783665734075838, 0.00042594274945293326, -0.001871718435117868], [0.00042594274945293326, 0.0018821807518723706, -0.001843882704198086], [-0.001871718435117868, -0.001843882704198086, 0.0033989298023828322]], "chi2_level": 0.99, "chi2_df": 3, "chi2_threshold": 11.344866730144373, "N_raw": 31, "N_roi": 31, "N_inlier": 29, "refit": true}
{"timestamp": "15:30:09.605322", "frame": 38, "mu": [0.13524006014198592, 0.944974799573806, 1.4210560505286574], "Sigma": [[0.00507494540319632, -0.00045241808505004736, -0.008262120759970673], [-0.00045241808505004736, 0.0025199872673907116, -0.0007451614241061348], [-0.008262120759970673, -0.0007451614241061348, 0.015874251164498025]], "chi2_level": 0.99, "chi2_df": 3, "chi2_threshold": 11.344866730144373, "N_raw": 80, "N_roi": 80, "N_inlier": 76, "refit": true}
{"timestamp": "15:30:09.661522", "frame": 39, "mu": [0.09614381469085363, 0.9012545668116297, 1.2936266452470924], "Sigma": [[0.004676469577138781, -0.0014312155499626885, -0.00019703620276077707], [-0.0014312155499626887, 0.002452061593202247, -0.0024002257401445], [-0.00019703620276077702, -0.0024002257401445, 0.024378950528982965]], "chi2_level": 0.99, "chi2_df": 3, "chi2_threshold": 11.344866730144373, "N_raw": 83, "N_roi": 81, "N_inlier": 78, "refit": true}
{"timestamp": "15:30:09.713291", "frame": 40, "mu": [0.05149383425950789, 0.9621564985511977, -0.5726364454706613], "Sigma": [[0.0021780857954502406, 0.002149652750208452, 0.002444832592349552], [0.002149652750208452, 0.0059382123785860505, 0.0018546211414453722], [0.002444832592349552, 0.001854621141445372, 0.014432104017093687]], "chi2_level": 0.99, "chi2_df": 3, "chi2_threshold": 11.344866730144373, "N_raw": 71, "N_roi": 71, "N_inlier": 68, "refit": true}
{"timestamp": "15:30:09.761758", "frame": 41, "mu": [-0.135367174283093, 1.0791766850226756, -0.2832400584921822], "Sigma": [[0.001001571609867714, -7.487052597014495e-05, 0.00013413796066307523], [-7.487052597014495e-05, 0.0017385805711771076, -0.0022436527938667393], [0.0001341379606630752, -0.0022436527938667393, 0.003055986937774289]], "chi2_level": 0.99, "chi2_df": 3, "chi2_threshold": 11.344866730144373, "N_raw": 30, "N_roi": 30, "N_inlier": 28, "refit": true}
{"timestamp": "15:30:09.817730", "frame": 42, "mu": [-0.09748435757287606, 0.9176851621113233, 1.3810341319842785], "Sigma": [[0.0012948614800858923, -0.0005201671007573259, -0.004634634838317819], [-0.000520167100757326, 0.0010465096581091175, -0.0011677988867643135], [-0.004634634838317819, -0.0011677988867643137, 0.11659287829118037]], "chi2_level": 0.99, "chi2_df": 3, "chi2_threshold": 11.344866730144373, "N_raw": 33, "N_roi": 33, "N_inlier": 30, "refit": true}
{"timestamp": "15:30:09.929776", "frame": 44, "mu": [-0.23395309965590014, 0.9260820081474888, 1.462157101077377], "Sigma": [[0.00220777402682348, -0.0006143150083082953, 0.0003601913015400387], [-0.0006143150083082953, 0.003179679900604618, -0.0018961861896377196], [0.0003601913015400387, -0.0018961861896377194, 0.0012098914600650985]], "chi2_level": 0.99, "chi2_df": 3, "chi2_threshold": 11.344866730144373, "N_raw": 52, "N_roi": 52, "N_inlier": 51, "refit": true}
{"timestamp": "15:30:09.993915", "frame": 45, "mu": [-0.28245332711116844, 0.9399526641391173, 1.4436331099000166], "Sigma": [[0.007829055940486334, -0.00174398321659343, -0.007646058655750425], [-0.00174398321659343, 0.0027259527210071527, -0.0012729543618611899], [-0.007646058655750425, -0.0012729543618611896, 0.013602297805824424]], "chi2_level": 0.99, "chi2_df": 3, "chi2_threshold": 11.344866730144373, "N_raw": 114, "N_roi": 114, "N_inlier": 113, "refit": true}
{"timestamp": "15:30:10.044607", "frame": 46, "mu": [-0.34507928458322007, 0.9314386313502918, 1.4517269913066353], "Sigma": [[0.0025708880404683313, -0.0007370532275563111, -0.0011729822857984833], [-0.0007370532275563112, 0.002531393737653105, -0.0035824757798434627], [-0.0011729822857984833, -0.0035824757798434623, 0.012912921651195805]], "chi2_level": 0.99, "chi2_df": 3, "chi2_threshold": 11.344866730144373, "N_raw": 77, "N_roi": 77, "N_inlier": 77, "refit": true}
{"timestamp": "15:30:10.102531", "frame": 47, "mu": [-0.358354491211845, 0.9025258446219826, 1.4098082026942553], "Sigma": [[0.003436670195554545, -0.0020787467473321894, -0.0023192656368388083], [-0.0020787467473321894, 0.0030332539728721098, -0.0011303520105308672], [-0.0023192656368388083, -0.001130352010530867, 0.015226788433650372]], "chi2_level": 0.99, "chi2_df": 3, "chi2_threshold": 11.344866730144373, "N_raw": 94, "N_roi": 91, "N_inlier": 86, "refit": true}
{"timestamp": "15:30:10.158604", "frame": 48, "mu": [-0.4346450131759447, 0.898194130989887, 1.4169877598445153], "Sigma": [[0.0033309473282681057, -0.0020895921336366724, -0.0011386913796493678], [-0.0020895921336366724, 0.0028565587779503755, -0.0033309881223005334], [-0.0011386913796493678, -0.0033309881223005334, 0.014050870505834853]], "chi2_level": 0.99, "chi2_df": 3, "chi2_threshold": 11.344866730144373, "N_raw": 97, "N_roi": 92, "N_inlier": 85, "refit": true}
{"timestamp": "15:30:10.211543", "frame": 49, "mu": [-0.45545339097615156, 0.8876781187259017, 1.2716154599689558], "Sigma": [[0.005525486689453703, -0.0018324016769882393, -0.014339969823882378], [-0.0018324016769882393, 0.005045247989214701, 0.007710555965204771], [-0.014339969823882378, 0.007710555965204771, 0.09020531325796949]], "chi2_level": 0.99, "chi2_df": 3, "chi2_threshold": 11.344866730144373, "N_raw": 89, "N_roi": 87, "N_inlier": 85, "refit": true}
{"timestamp": "15:30:10.259541", "frame": 50, "mu": [-0.5691815345057665, 0.893846580428861, 1.4288243538482401], "Sigma": [[0.0037315040330687735, -0.0026986156605093275, -0.006672828201156121], [-0.0026986156605093275, 0.004876917854596052, 0.011268229964788148], [-0.00667282820115612, 0.01126822996478815, 0.046552975966105276]], "chi2_level": 0.99, "chi2_df": 3, "chi2_threshold": 11.344866730144373, "N_raw": 43, "N_roi": 43, "N_inlier": 39, "refit": true}
{"timestamp": "15:30:10.321672", "frame": 51, "mu": [-0.6910469585201223, 0.919097483439351, 1.5552442623317952], "Sigma": [[0.02142877634149864, 0.009431041789995227, -0.017586534487801196], [0.009431041789995227, 0.011568907532214222, -0.012470420769910605], [-0.017586534487801196, -0.012470420769910607, 0.02560096226004692]], "chi2_level": 0.99, "chi2_df": 3, "chi2_threshold": 11.344866730144373, "N_raw": 94, "N_roi": 94, "N_inlier": 89, "refit": true}
{"timestamp": "15:30:10.372597", "frame": 52, "mu": [-0.5904812263896411, 0.8656467577583526, 1.0186115831044125], "Sigma": [[0.024158429423334807, 0.0021583148780888175, -0.03598770825853044], [0.0021583148780888175, 0.0012340714095194956, -0.0049772649520506305], [-0.03598770825853044, -0.0049772649520506305, 0.0819175832591251]], "chi2_level": 0.99, "chi2_df": 3, "chi2_threshold": 11.344866730144373, "N_raw": 64, "N_roi": 64, "N_inlier": 57, "refit": true}
{"timestamp": "15:30:10.425302", "frame": 53, "mu": [-0.6419886948413958, 0.8819212135479443, 1.1968364286480313], "Sigma": [[0.0024146434675541926, -0.001366669084551627, -0.006806516528737366], [-0.001366669084551627, 0.0027412947419960003, 0.007574506250785601], [-0.006806516528737366, 0.007574506250785601, 0.06718231822392653]], "chi2_level": 0.99, "chi2_df": 3, "chi2_threshold": 11.344866730144373, "N_raw": 48, "N_roi": 48, "N_inlier": 45, "refit": true}
{"timestamp": "15:30:10.481069", "frame": 54, "mu": [-0.7762309539029795, 0.970801888870824, 1.227432835927944], "Sigma": [[0.03821992607727984, 0.006507720390953554, -0.06438935706810943], [0.006507720390953554, 0.004319597394836227, -0.006849692368277298], [-0.06438935706810943, -0.006849692368277297, 0.1366959113833108]], "chi2_level": 0.99, "chi2_df": 3, "chi2_threshold": 11.344866730144373, "N_raw": 58, "N_roi": 58, "N_inlier": 57, "refit": true}
{"timestamp": "15:30:10.530052", "frame": 55, "mu": [-0.77718818933671, 0.9984723341825196, 1.0923755366741268], "Sigma": [[0.005113582176317857, -0.001990540951296765, -0.019559484224070493], [-0.001990540951296765, 0.002560828678839779, 0.0008336722463550194], [-0.019559484224070493, 0.0008336722463550212, 0.11527434531685846]], "chi2_level": 0.99, "chi2_df": 3, "chi2_threshold": 11.344866730144373, "N_raw": 14, "N_roi": 14, "N_inlier": 13, "refit": true}
{"timestamp": "15:30:10.588884", "frame": 56, "mu": [-1.119517532084814, 0.8594355764686019, 1.567656789942039], "Sigma": [[0.03131699906732342, 0.00822002208959964, -0.0553066840240233], [0.00822002208959964, 0.0062146512628134766, -0.01652448319175686], [-0.0553066840240233, -0.01652448319175686, 0.13090223288112782]], "chi2_level": 0.99, "chi2_df": 3, "chi2_threshold": 11.344866730144373, "N_raw": 39, "N_roi": 39, "N_inlier": 38, "refit": true}
{"timestamp": "15:30:10.646228", "frame": 57, "mu": [-0.9687898555330643, 1.1915204232477574, -0.46006544059235477], "Sigma": [[0.042971068866744726, 0.0447239260969475, -0.055456994958976734], [0.0447239260969475, 0.052833602273823416, -0.06566316254405238], [-0.05545699495897673, -0.06566316254405238, 0.09283369765924634]], "chi2_level": 0.99, "chi2_df": 3, "chi2_threshold": 11.344866730144373, "N_raw": 55, "N_roi": 55, "N_inlier": 53, "refit": true}
{"timestamp": "15:30:10.702001", "frame": 58, "mu": [-1.0838998736199044, 0.9368737695079907, 1.4487111099007457], "Sigma": [[0.024725923250939266, 0.011291236059577204, -0.021699754126173323], [0.011291236059577202, 0.008957502838624494, -0.012609691778747725], [-0.021699754126173327, -0.012609691778747725, 0.023483974335940162]], "chi2_level": 0.99, "chi2_df": 3, "chi2_threshold": 11.344866730144373, "N_raw": 54, "N_roi": 54, "N_inlier": 53, "refit": true}
{"timestamp": "15:30:10.762656", "frame": 59, "mu": [-1.1676419589130906, 1.0083830876117306, 1.4247951705616702], "Sigma": [[0.023279130796206284, 0.011515318259707683, -0.05131838629478419], [0.011515318259707683, 0.009489798063600343, -0.023428257258498206], [-0.05131838629478419, -0.023428257258498206, 0.24229760617653726]], "chi2_level": 0.99, "chi2_df": 3, "chi2_threshold": 11.344866730144373, "N_raw": 99, "N_roi": 78, "N_inlier": 77, "refit": true}
{"timestamp": "15:30:10.817013", "frame": 60, "mu": [-1.185274765526589, 0.9735845976049206, 1.2428175259163419], "Sigma": [[0.025438800842572655, 0.017707241361175546, -0.028448035344380753], [0.017707241361175546, 0.02107072712728288, -0.04596582737501776], [-0.028448035344380753, -0.04596582737501776, 0.1683696018232293]], "chi2_level": 0.99, "chi2_df": 3, "chi2_threshold": 11.344866730144373, "N_raw": 90, "N_roi": 85, "N_inlier": 83, "refit": true}
{"timestamp": "15:30:10.872513", "frame": 61, "mu": [-1.3099335962731569, 0.8985184753478553, 1.5025241130889795], "Sigma": [[0.015909250249262853, 0.006020524351359612, -0.010735675711159727], [0.006020524351359611, 0.01184914398560919, -0.0017907544248002374], [-0.010735675711159727, -0.0017907544248002372, 0.01032782896506908]], "chi2_level": 0.99, "chi2_df": 3, "chi2_threshold": 11.344866730144373, "N_raw": 101, "N_roi": 72, "N_inlier": 68, "refit": true}
{"timestamp": "15:30:10.926557", "frame": 62, "mu": [-1.3365786853812422, 1.0048289807151243, 1.561910779377517], "Sigma": [[0.013029699893534601, 0.008363327589439449, -0.008300216943669341], [0.008363327589439449, 0.016820551584872702, -0.008704988143147666], [-0.008300216943669341, -0.008704988143147666, 0.0069945415323744145]], "chi2_level": 0.99, "chi2_df": 3, "chi2_threshold": 11.344866730144373, "N_raw": 92, "N_roi": 92, "N_inlier": 89, "refit": true}
{"timestamp": "15:30:10.977556", "frame": 63, "mu": [-1.307892695943368, 1.0803792104267416, 1.6568728735787506], "Sigma": [[0.018334787531307302, 0.011458814714640272, -0.019054248663912823], [0.011458814714640272, 0.012281324732766047, -0.017184084140239676], [-0.019054248663912823, -0.017184084140239676, 0.030657516035419784]], "chi2_level": 0.99, "chi2_df": 3, "chi2_threshold": 11.344866730144373, "N_raw": 66, "N_roi": 66, "N_inlier": 64, "refit": true}
{"timestamp": "15:30:11.029055", "frame": 64, "mu": [-1.4781665439957432, 1.0404128161649104, 1.6762096424246395], "Sigma": [[0.014838510673553346, 0.010130011528178483, -0.007301894564226849], [0.010130011528178481, 0.011278501227559192, -0.010260232091167078], [-0.00730189456422685, -0.010260232091167078, 0.013918360574529927]], "chi2_level": 0.99, "chi2_df": 3, "chi2_threshold": 11.344866730144373, "N_raw": 44, "N_roi": 44, "N_inlier": 43, "refit": true}
{"timestamp": "15:30:11.091992", "frame": 65, "mu": [-1.4297224569138796, 1.0600616725953937, 1.4395127894298863], "Sigma": [[0.027256130905852022, 0.013247884903298743, -0.013723516979407657], [0.013247884903298743, 0.016047889725348922, -0.007082290928285825], [-0.013723516979407657, -0.007082290928285825, 0.008826296695415762]], "chi2_level": 0.99, "chi2_df": 3, "chi2_threshold": 11.344866730144373, "N_raw": 102, "N_roi": 102, "N_inlier": 100, "refit": true}
{"timestamp": "15:30:11.148573", "frame": 66, "mu": [-1.3352450820112858, 1.2223498831685, 1.295289314996901], "Sigma": [[0.0323648942037691, 0.013339222693129624, -0.05980004073364566], [0.013339222693129624, 0.010740576752279908, -0.02290945219095233], [-0.05980004073364566, -0.02290945219095233, 0.16536100219806904]], "chi2_level": 0.99, "chi2_df": 3, "chi2_threshold": 11.344866730144373, "N_raw": 106, "N_roi": 106, "N_inlier": 106, "refit": true}
{"timestamp": "15:30:11.206764", "frame": 67, "mu": [-1.420111147108431, 1.2050733337068495, 1.3262481200057326], "Sigma": [[0.03589145129636709, 0.017343622730600257, -0.0647995367620585], [0.017343622730600257, 0.015733724415368546, -0.03427189547895189], [-0.0647995367620585, -0.03427189547895189, 0.1835195461419467]], "chi2_level": 0.99, "chi2_df": 3, "chi2_threshold": 11.344866730144373, "N_raw": 127, "N_roi": 127, "N_inlier": 125, "refit": true}
{"timestamp": "15:30:11.262919", "frame": 68, "mu": [-1.4349257151491628, 1.279750153116665, 0.28626654193060846], "Sigma": [[0.04597085328275902, 0.01386765138757087, 0.05045734943327503], [0.01386765138757087, 0.016093581545534308, 0.046001280826945115], [0.05045734943327503, 0.046001280826945115, 0.4202171476472641]], "chi2_level": 0.99, "chi2_df": 3, "chi2_threshold": 11.344866730144373, "N_raw": 136, "N_roi": 136, "N_inlier": 135, "refit": true}
{"timestamp": "15:30:11.309808", "frame": 69, "mu": [-1.5928516828759978, 1.2433589740938222, 1.5585924478786912], "Sigma": [[0.014652705112744706, 0.008797470003372667, -0.009871969576101172], [0.008797470003372667, 0.013900228661027405, -0.00920181709001412], [-0.009871969576101172, -0.00920181709001412, 0.01090479300737521]], "chi2_level": 0.99, "chi2_df": 3, "chi2_threshold": 11.344866730144373, "N_raw": 78, "N_roi": 78, "N_inlier": 75, "refit": true}
{"timestamp": "15:30:11.365166", "frame": 70, "mu": [-1.6238638850805012, 1.2476317455522068, 1.5201498767274788], "Sigma": [[0.01889918658833873, 0.011717415690702799, -0.0166342827674402], [0.011717415690702799, 0.01314867998415469, -0.01595266708179898], [-0.0166342827674402, -0.01595266708179898, 0.02526039689930958]], "chi2_level": 0.99, "chi2_df": 3, "chi2_threshold": 11.344866730144373, "N_raw": 85, "N_roi": 85, "N_inlier": 82, "refit": true}
{"timestamp": "15:30:11.422753", "frame": 71, "mu": [-1.562036653516039, 1.3605420125574987, 1.2204605330076872], "Sigma": [[0.03735536211063073, 0.030781188252879857, -0.08331341030990477], [0.030781188252879857, 0.030396386350606173, -0.07738204413538712], [-0.08331341030990477, -0.07738204413538712, 0.26810989548609493]], "chi2_level": 0.99, "chi2_df": 3, "chi2_threshold": 11.344866730144373, "N_raw": 98, "N_roi": 98, "N_inlier": 97, "refit": true}
{"timestamp": "15:30:11.480545", "frame": 72, "mu": [-1.6194533770345207, 1.4024425679665062, 1.539106800598771], "Sigma": [[0.02418979164890972, 0.011632725550653127, -0.016119398533395956], [0.011632725550653126, 0.013965223038127713, -0.012849428211330999], [-0.016119398533395956, -0.012849428211331, 0.016503325462130854]], "chi2_level": 0.99, "chi2_df": 3, "chi2_threshold": 11.344866730144373, "N_raw": 105, "N_roi": 105, "N_inlier": 102, "refit": true}
{"timestamp": "15:30:11.529565", "frame": 73, "mu": [-1.6451675105452823, 1.421319778347589, 1.5546436589110275], "Sigma": [[0.02351796781684878, 0.013102069784535982, -0.01927931286075311], [0.013102069784535982, 0.013587460074719636, -0.012016092339863905], [-0.01927931286075311, -0.012016092339863905, 0.016992115620064304]], "chi2_level": 0.99, "chi2_df": 3, "chi2_threshold": 11.344866730144373, "N_raw": 78, "N_roi": 78, "N_inlier": 75, "refit": true}
{"timestamp": "15:30:11.587469", "frame": 74, "mu": [-1.699264665032325, 1.4691187303239523, 1.5733189591491092], "Sigma": [[0.02476625704217071, 0.015222266763782077, -0.022189250187723424], [0.015222266763782076, 0.021136995607106794, -0.014825994115929752], [-0.022189250187723424, -0.014825994115929752, 0.021118438827851818]], "chi2_level": 0.99, "chi2_df": 3, "chi2_threshold": 11.344866730144373, "N_raw": 99, "N_roi": 99, "N_inlier": 98, "refit": true}
{"timestamp": "15:30:11.637524", "frame": 75, "mu": [-1.7541595276716162, 1.4955529239866379, 1.6568050491399584], "Sigma": [[0.028092730506313408, 0.015422885102524847, -0.026256560040298457], [0.015422885102524849, 0.014904922690639226, -0.01255490615098901], [-0.02625656004029846, -0.01255490615098901, 0.026542551070573725]], "chi2_level": 0.99, "chi2_df": 3, "chi2_threshold": 11.344866730144373, "N_raw": 63, "N_roi": 63, "N_inlier": 62, "refit": true}
{"timestamp": "15:30:11.696524", "frame": 76, "mu": [-1.7708915627852042, 1.5584582534229214, 1.533194202552204], "Sigma": [[0.029664382905919585, 0.019206746689109603, -0.026326230224086547], [0.019206746689109603, 0.019859841370997208, -0.02031889057093408], [-0.026326230224086547, -0.02031889057093408, 0.027144671545106237]], "chi2_level": 0.99, "chi2_df": 3, "chi2_threshold": 11.344866730144373, "N_raw": 89, "N_roi": 89, "N_inlier": 86, "refit": true}
{"timestamp": "15:30:11.750479", "frame": 77, "mu": [-1.8065955741780633, 1.6136347574098888, 1.56542873356563], "Sigma": [[0.03164105025601971, 0.02181598694007076, -0.01933283958950124], [0.02181598694007076, 0.022113860404422207, -0.015148125341486508], [-0.01933283958950124, -0.015148125341486508, 0.01564487276712543]], "chi2_level": 0.99, "chi2_df": 3, "chi2_threshold": 11.344866730144373, "N_raw": 87, "N_roi": 87, "N_inlier": 83, "refit": true}
{"timestamp": "15:30:11.802568", "frame": 78, "mu": [-1.8541878243584264, 1.6803165308536614, -0.043076918460572704], "Sigma": [[0.03031077931195164, 0.027290001152005253, -0.02200059917903626], [0.027290001152005253, 0.030957763230099473, -0.023510855373187915], [-0.02200059917903626, -0.023510855373187912, 0.02410552737355516]], "chi2_level": 0.99, "chi2_df": 3, "chi2_threshold": 11.344866730144373, "N_raw": 62, "N_roi": 62, "N_inlier": 59, "refit": true}
{"timestamp": "15:30:11.850434", "frame": 79, "mu": [-1.8289032669100178, 1.7150919914955072, 1.3300318010104206], "Sigma": [[0.03169741071240227, 0.03336684688483123, -0.03977076663609257], [0.03336684688483123, 0.03792363658241147, -0.04882407431340519], [-0.03977076663609257, -0.04882407431340519, 0.09733534465168892]], "chi2_level": 0.99, "chi2_df": 3, "chi2_threshold": 11.344866730144373, "N_raw": 17, "N_roi": 17, "N_inlier": 16, "refit": true}
{"timestamp": "15:30:11.904586", "frame": 80, "mu": [-1.9387343132297885, 1.754338984084474, 1.5936225070476733], "Sigma": [[0.04312029777179395, 0.027095048682360623, -0.04394263978378389], [0.027095048682360623, 0.019433592576293523, -0.03272753445485395], [-0.04394263978378389, -0.03272753445485395, 0.06953339645544221]], "chi2_level": 0.99, "chi2_df": 3, "chi2_threshold": 11.344866730144373, "N_raw": 16, "N_roi": 16, "N_inlier": 16, "refit": true}
{"timestamp": "15:30:11.962500", "frame": 81, "mu": [-1.7164099590892956, 2.017141208929522, 1.3635332622327614], "Sigma": [[0.0097202057045799, 0.005455894910141674, -0.011980565647226982], [0.005455894910141673, 0.005544182572164575, -0.010927656883157742], [-0.011980565647226982, -0.010927656883157742, 0.03237852075234514]], "chi2_level": 0.99, "chi2_df": 3, "chi2_threshold": 11.344866730144373, "N_raw": 37, "N_roi": 37, "N_inlier": 33, "refit": true}
{"timestamp": "15:30:12.014987", "frame": 82, "mu": [-1.7337860572066102, 2.272418804403804, -0.7598433163057432], "Sigma": [[0.01369592416659918, -0.005314246102166758, 0.01673660956220217], [-0.005314246102166757, 0.02841720175376468, -0.0817980553217047], [0.01673660956220217, -0.0817980553217047, 0.31629404698967384]], "chi2_level": 0.99, "chi2_df": 3, "chi2_threshold": 11.344866730144373, "N_raw": 11, "N_roi": 11, "N_inlier": 11, "refit": true}
{"timestamp": "15:30:12.073654", "frame": 83, "mu": [-1.7417451111316244, 2.063951306198606, 1.294714384780235], "Sigma": [[0.010723528856672469, 0.0014712953056716586, 0.007381387342604455], [0.0014712953056716586, 0.00424347046420753, -0.01179974881715786], [0.007381387342604455, -0.011799748817157858, 0.06305654553702969]], "chi2_level": 0.99, "chi2_df": 3, "chi2_threshold": 11.344866730144373, "N_raw": 44, "N_roi": 44, "N_inlier": 42, "refit": true}
{"timestamp": "15:30:12.123846", "frame": 84, "mu": [-1.7371652271770759, 2.091585640447887, 1.05991763478047], "Sigma": [[0.001034896536721459, -0.0005429453816495013, 0.007534950549514059], [-0.0005429453816495014, 0.006573911178857779, 0.0011745840487639282], [0.007534950549514058, 0.001174584048763929, 0.4161526816832595]], "chi2_level": 0.99, "chi2_df": 3, "chi2_threshold": 11.344866730144373, "N_raw": 8, "N_roi": 8, "N_inlier": 7, "refit": true}
{"timestamp": "15:30:12.179128", "frame": 85, "mu": [-1.8254025465898445, 2.155268949064637, 1.3879629777505254], "Sigma": [[0.01997275534338908, 0.016511799827031444, -0.03437689434468073], [0.016511799827031444, 0.020115674498534252, -0.04976255806203327], [-0.03437689434468073, -0.04976255806203327, 0.24520415605394127]], "chi2_level": 0.99, "chi2_df": 3, "chi2_threshold": 11.344866730144373, "N_raw": 15, "N_roi": 15, "N_inlier": 15, "refit": true}
{"timestamp": "15:30:12.235673", "frame": 86, "mu": [-1.7759348413971825, 2.16124883046329, 1.5119183259119873], "Sigma": [[0.003633388947230421, -0.00020901936156814637, -0.00011369076630664092], [-0.00020901936156814637, 0.004232626718220111, -0.0019110615199711108], [-0.00011369076630664106, -0.0019110615199711108, 0.0021501114183382886]], "chi2_level": 0.99, "chi2_df": 3, "chi2_threshold": 11.344866730144373, "N_raw": 18, "N_roi": 18, "N_inlier": 16, "refit": true}
{"timestamp": "15:30:12.293573", "frame": 87, "mu": [-1.7592425311252997, 2.259850227114133, 1.4873036078559776], "Sigma": [[0.010353273752462559, 0.003400624258883214, -0.006500694153889965], [0.003400624258883214, 0.005871595611068217, 0.00040019996362082003], [-0.006500694153889964, 0.00040019996362082003, 0.05177498393332895]], "chi2_level": 0.99, "chi2_df": 3, "chi2_threshold": 11.344866730144373, "N_raw": 41, "N_roi": 41, "N_inlier": 39, "refit": true}
