{"timestamp": "17:41:45.994348", "frame": 21, "mu": [-2.4171973406677383, 3.1823846946645062, 1.4395270025811107], "Sigma": [[0.0024593968726131757, 0.0011891611149379238, -0.00035469302152724543], [0.001189161114937924, 0.004300324099103868, -0.0009505102268960926], [-0.00035469302152724543, -0.0009505102268960927, 0.00021510056826062963]], "chi2_level": 0.99, "chi2_df": 3, "chi2_threshold": 11.344866730144373, "N_raw": 78, "N_roi": 12, "N_inlier": 12, "refit": true}
{"timestamp": "17:41:46.266184", "frame": 26, "mu": [-2.362175680873107, 3.1402216816562825, 1.2217149210334817], "Sigma": [[0.0076465055574018595, 0.0052821142863920725, -0.004497224027673536], [0.0052821142863920725, 0.010283568071359956, -0.006704027059789662], [-0.004497224027673536, -0.006704027059789662, 0.006085068044173783]], "chi2_level": 0.99, "chi2_df": 3, "chi2_threshold": 11.344866730144373, "N_raw": 56, "N_roi": 28, "N_inlier": 28, "refit": true}
{"timestamp": "17:41:46.324216", "frame": 27, "mu": [-2.3285043526906724, 3.14640738620554, 1.1994616315087636], "Sigma": [[0.010437626786197638, 0.00550538048150285, -0.0019423597843116606], [0.00550538048150285, 0.007537877353117353, -0.0068418640046165055], [-0.001942359784311661, -0.0068418640046165055, 0.009608727898810962]], "chi2_level": 0.99, "chi2_df": 3, "chi2_threshold": 11.344866730144373, "N_raw": 54, "N_roi": 35, "N_inlier": 34, "refit": true}
{"timestamp": "17:41:46.378684", "frame": 28, "mu": [-2.315164126623697, 3.1698642247027022, 1.2698930114770468], "Sigma": [[0.012954962465289209, 0.005139524752222824, -0.006564048886526414], [0.0051395247522228234, 0.006043046283569478, -0.00956862538464755], [-0.006564048886526414, -0.00956862538464755, 0.017761411407398987]], "chi2_level": 0.99, "chi2_df": 3, "chi2_threshold": 11.344866730144373, "N_raw": 55, "N_roi": 39, "N_inlier": 38, "refit": true}
{"timestamp": "17:41:46.436100", "frame": 29, "mu": [-2.2736019906608678, 3.118265298178654, 1.318138515113182], "Sigma": [[0.016043070611341664, 0.009096685291021435, -0.011188726488304952], [0.009096685291021435, 0.016154275598159174, -0.00946020254995803], [-0.011188726488304952, -0.00946020254995803, 0.010457437479452058]], "chi2_level": 0.99, "chi2_df": 3, "chi2_threshold": 11.344866730144373, "N_raw": 69, "N_roi": 57, "N_inlier": 57, "refit": true}
{"timestamp": "17:41:46.487108", "frame": 30, "mu": [-2.2203079143186133, 3.1655022610216954, 1.2309911601231314], "Sigma": [[0.018419314934166733, 0.014155396425024173, -0.010458809501467246], [0.014155396425024173, 0.020830769473169683, -0.01549216474645075], [-0.010458809501467246, -0.01549216474645075, 0.013860642821046905]], "chi2_level": 0.99, "chi2_df": 3, "chi2_threshold": 11.344866730144373, "N_raw": 43, "N_roi": 42, "N_inlier": 41, "refit": true}
{"timestamp": "17:41:46.544775", "frame": 31, "mu": [-2.2113821600941876, 3.1032244437719623, 1.242496591929257], "Sigma": [[0.02060693755436347, 0.009736073124148124, -0.013265117425509109], [0.009736073124148122, 0.01045176459166246, -0.012534298031975576], [-0.01326511742550911, -0.012534298031975576, 0.017340994882276962]], "chi2_level": 0.99, "chi2_df": 3, "chi2_threshold": 11.344866730144373, "N_raw": 57, "N_roi": 54, "N_inlier": 53, "refit": true}
{"timestamp": "17:41:46.596414", "frame": 32, "mu": [-2.151345245509318, 3.097362863241564, 1.2213641947084812], "Sigma": [[0.0200066744836445, 0.008645685547419835, -0.011771968238548588], [0.008645685547419835, 0.009231835679345846, -0.00698090386290653], [-0.011771968238548588, -0.006980903862906529, 0.008703913617777812]], "chi2_level": 0.99, "chi2_df": 3, "chi2_threshold": 11.344866730144373, "N_raw": 40, "N_roi": 40, "N_inlier": 38, "refit": true}
{"timestamp": "17:41:46.650651", "frame": 33, "mu": [-2.016497536985342, 3.2283204167016857, 1.4504780922051461], "Sigma": [[0.01279322997540948, 0.005883459973215146, -0.00703602871832263], [0.005883459973215145, 0.01184375511254149, -0.011642159592091287], [-0.007036028718322629, -0.011642159592091287, 0.01499550079135935]], "chi2_level": 0.99, "chi2_df": 3, "chi2_threshold": 11.344866730144373, "N_raw": 32, "N_roi": 28, "N_inlier": 27, "refit": true}
{"timestamp": "17:41:46.707315", "frame": 34, "mu": [-1.9988367443909465, 3.1462841645076964, 1.322904062577103], "Sigma": [[0.02355245578681087, 0.011531568957999776, -0.012302453569874621], [0.011531568957999776, 0.010077735714496796, -0.006336047895236957], [-0.012302453569874621, -0.006336047895236956, 0.007346338643151303]], "chi2_level": 0.99, "chi2_df": 3, "chi2_threshold": 11.344866730144373, "N_raw": 49, "N_roi": 47, "N_inlier": 45, "refit": true}
{"timestamp": "17:41:46.763942", "frame": 35, "mu": [-1.8832376147707932, 3.170263782304427, 1.2706410976348879], "Sigma": [[0.015837325721437215, 0.00840063474892901, -0.006509921700205622], [0.008400634748929008, 0.011404103339974993, -0.005850343540227232], [-0.006509921700205622, -0.005850343540227232, 0.005291940492885686]], "chi2_level": 0.99, "chi2_df": 3, "chi2_threshold": 11.344866730144373, "N_raw": 51, "N_roi": 49, "N_inlier": 47, "refit": true}
{"timestamp": "17:41:46.820007", "frame": 36, "mu": [-1.8216760132722425, 3.2735871326009653, 1.2603878520057046], "Sigma": [[0.018268028662326075, 0.013815219709937427, -0.010295701571060495], [0.013815219709937428, 0.03197081632918997, -0.017082721477695045], [-0.010295701571060493, -0.017082721477695045, 0.01248517723743166]], "chi2_level": 0.99, "chi2_df": 3, "chi2_threshold": 11.344866730144373, "N_raw": 64, "N_roi": 64, "N_inlier": 64, "refit": true}
{"timestamp": "17:41:46.873763", "frame": 37, "mu": [-1.7968422705166307, 3.152906292291388, 1.3258219165687672], "Sigma": [[0.015773165818611275, 0.005398874848466954, -0.01215371790363643], [0.005398874848466954, 0.011620183115202234, -0.006835950346020447], [-0.01215371790363643, -0.006835950346020446, 0.012614953528709156]], "chi2_level": 0.99, "chi2_df": 3, "chi2_threshold": 11.344866730144373, "N_raw": 50, "N_roi": 45, "N_inlier": 44, "refit": true}
{"timestamp": "17:41:46.926458", "frame": 38, "mu": [-1.732254643367438, 3.223618179657662, 1.335638915893955], "Sigma": [[0.017101152724070683, 0.003527083863725991, -0.016458716664393823], [0.003527083863725991, 0.005586787775418998, -0.0026829081906913285], [-0.016458716664393823, -0.0026829081906913285, 0.01723431695830304]], "chi2_level": 0.99, "chi2_df": 3, "chi2_threshold": 11.344866730144373, "N_raw": 42, "N_roi": 40, "N_inlier": 39, "refit": true}
{"timestamp": "17:41:46.981559", "frame": 39, "mu": [-1.6031699727295285, 3.1995446455790497, 1.2528772056737283], "Sigma": [[0.017902258443039953, -0.0026326332238185675, -0.032754437112954574], [-0.0026326332238185675, 0.0036645872788009, 0.004915656897588194], [-0.032754437112954574, 0.004915656897588194, 0.06436554319008231]], "chi2_level": 0.99, "chi2_df": 3, "chi2_threshold": 11.344866730144373, "N_raw": 39, "N_roi": 37, "N_inlier": 37, "refit": true}
{"timestamp": "17:41:47.040574", "frame": 40, "mu": [-1.6025466476795556, 3.2669764766766805, -0.0762232753495966], "Sigma": [[0.018197594144786416, 0.008237121152037674, 0.0089057017146899], [0.008237121152037674, 0.01379889553499712, 0.009376695523328916], [0.0089057017146899, 0.009376695523328916, 0.05152507862973961]], "chi2_level": 0.99, "chi2_df": 3, "chi2_threshold": 11.344866730144373, "N_raw": 69, "N_roi": 64, "N_inlier": 62, "refit": true}
{"timestamp": "17:41:47.089869", "frame": 41, "mu": [-1.543415754900516, 3.154097518274884, 1.3409176312517366], "Sigma": [[0.013131583654378382, 0.002816112700658472, -0.014584780385865283], [0.002816112700658472, 0.002916218625242144, -0.003456412078029262], [-0.014584780385865284, -0.003456412078029262, 0.025222484288962194]], "chi2_level": 0.99, "chi2_df": 3, "chi2_threshold": 11.344866730144373, "N_raw": 29, "N_roi": 29, "N_inlier": 27, "refit": true}
{"timestamp": "17:41:47.150952", "frame": 42, "mu": [-1.489855196510885, 3.2593923733601087, 0.22433365226203117], "Sigma": [[0.020951280367837406, 0.0067347219024874476, -0.020651422922110224], [0.006734721902487448, 0.00900016222926622, -0.0007347054302420731], [-0.02065142292211022, -0.0007347054302420733, 0.02866208688008056]], "chi2_level": 0.99, "chi2_df": 3, "chi2_threshold": 11.344866730144373, "N_raw": 69, "N_roi": 67, "N_inlier": 63, "refit": true}
{"timestamp": "17:41:47.204657", "frame": 43, "mu": [-1.3999907588654448, 3.215706386353426, 1.3341374855952794], "Sigma": [[0.019613699480058602, 0.004626347776521532, -0.01480847566422286], [0.004626347776521532, 0.0076844532139621795, -0.0033391930390162536], [-0.01480847566422286, -0.003339193039016253, 0.01259897769702437]], "chi2_level": 0.99, "chi2_df": 3, "chi2_threshold": 11.344866730144373, "N_raw": 58, "N_roi": 58, "N_inlier": 55, "refit": true}
{"timestamp": "17:41:47.256918", "frame": 44, "mu": [-1.3415564777622881, 3.178479871678717, 1.2311317608029628], "Sigma": [[0.015505379047979747, 0.0032775024287822847, -0.007640114113428884], [0.0032775024287822847, 0.005037626692395267, -0.00034311273364924863], [-0.007640114113428884, -0.0003431127336492487, 0.005187081672965354]], "chi2_level": 0.99, "chi2_df": 3, "chi2_threshold": 11.344866730144373, "N_raw": 40, "N_roi": 38, "N_inlier": 37, "refit": true}
{"timestamp": "17:41:47.313681", "frame": 45, "mu": [-1.291396227096061, 3.2471846556355617, 1.3461743824001315], "Sigma": [[0.020942858883139084, 0.0017952154044984122, -0.01969647166190213], [0.0017952154044984124, 0.005699172652588162, -0.0014757100652768875], [-0.01969647166190213, -0.0014757100652768875, 0.019748275562312973]], "chi2_level": 0.99, "chi2_df": 3, "chi2_threshold": 11.344866730144373, "N_raw": 55, "N_roi": 53, "N_inlier": 53, "refit": true}
{"timestamp": "17:41:47.368416", "frame": 46, "mu": [-1.2465718476034635, 3.2748226015414286, 1.3721359407677793], "Sigma": [[0.017020914539211174, 0.004778198990316231, -0.008597601459914266], [0.004778198990316231, 0.007705851578014466, -0.0015496215237455731], [-0.008597601459914266, -0.0015496215237455731, 0.006416825994868426]], "chi2_level": 0.99, "chi2_df": 3, "chi2_threshold": 11.344866730144373, "N_raw": 52, "N_roi": 52, "N_inlier": 50, "refit": true}
{"timestamp": "17:41:47.420901", "frame": 47, "mu": [-1.2066593089443192, 3.202520442323665, 1.2590362083179152], "Sigma": [[0.014167453486896782, 0.0024436379281715477, -0.008985203767800239], [0.0024436379281715477, 0.0038898192883961465, -0.0053821832539798055], [-0.008985203767800239, -0.0053821832539798055, 0.02630555604474517]], "chi2_level": 0.99, "chi2_df": 3, "chi2_threshold": 11.344866730144373, "N_raw": 36, "N_roi": 36, "N_inlier": 34, "refit": true}
{"timestamp": "17:41:47.473134", "frame": 48, "mu": [-1.1355287156673215, 3.221481708544984, 1.2595047484430288], "Sigma": [[0.006183842908353875, 0.0007299609169603269, -0.0024003627660300828], [0.0007299609169603269, 0.003025222161549772, -0.0017662129230389828], [-0.0024003627660300823, -0.0017662129230389826, 0.0032247400472106783]], "chi2_level": 0.99, "chi2_df": 3, "chi2_threshold": 11.344866730144373, "N_raw": 15, "N_roi": 15, "N_inlier": 13, "refit": true}
{"timestamp": "17:41:47.534331", "frame": 49, "mu": [-1.0848715095607384, 3.2558059642945127, 1.3404914649145234], "Sigma": [[0.017833102443688808, 0.004056831260755573, -0.0019902260868982823], [0.004056831260755574, 0.008998326454130826, 0.006726027564089663], [-0.0019902260868982823, 0.006726027564089663, 0.00976818712580037]], "chi2_level": 0.99, "chi2_df": 3, "chi2_threshold": 11.344866730144373, "N_raw": 59, "N_roi": 57, "N_inlier": 53, "refit": true}
{"timestamp": "17:41:47.588440", "frame": 50, "mu": [-1.0573075472347624, 3.268827804231212, 1.2694393226101088], "Sigma": [[0.010694782570021093, 0.004289891437793356, 0.0006903171628215234], [0.004289891437793356, 0.005308906855037785, -0.002845001500069392], [0.0006903171628215233, -0.0028450015000693915, 0.008192185271992967]], "chi2_level": 0.99, "chi2_df": 3, "chi2_threshold": 11.344866730144373, "N_raw": 48, "N_roi": 46, "N_inlier": 42, "refit": true}
{"timestamp": "17:41:47.645296", "frame": 51, "mu": [-0.9535935023695137, 3.2522827444432347, 1.2427851036408528], "Sigma": [[0.017565007700354383, 0.005443325993531594, -0.00019862498028909458], [0.005443325993531594, 0.0047076704044543135, -0.0008514534228093982], [-0.00019862498028909458, -0.0008514534228093984, 0.003864156313483159]], "chi2_level": 0.99, "chi2_df": 3, "chi2_threshold": 11.344866730144373, "N_raw": 49, "N_roi": 47, "N_inlier": 44, "refit": true}
{"timestamp": "17:41:47.700340", "frame": 52, "mu": [-0.8748333649644825, 3.3110661810012285, 1.1363857238977861], "Sigma": [[0.025561207993857728, 0.012112898705796798, -0.02091296292568542], [0.012112898705796798, 0.010504977934305678, -0.01846276102629333], [-0.02091296292568542, -0.01846276102629333, 0.03669591120839491]], "chi2_level": 0.99, "chi2_df": 3, "chi2_threshold": 11.344866730144373, "N_raw": 61, "N_roi": 60, "N_inlier": 56, "refit": true}
{"timestamp": "17:41:47.750720", "frame": 53, "mu": [-0.8101199664488027, 3.356373026736899, 0.9588561227240314], "Sigma": [[0.012648378594657107, 0.013351427174733112, -0.01783288999506632], [0.013351427174733112, 0.025318240082118453, -0.034011192050921096], [-0.01783288999506632, -0.03401119205092109, 0.18183923742192157]], "chi2_level": 0.99, "chi2_df": 3, "chi2_threshold": 11.344866730144373, "N_raw": 28, "N_roi": 27, "N_inlier": 27, "refit": true}
{"timestamp": "17:41:47.817275", "frame": 54, "mu": [-0.659689291677427, 3.5137595466769187, -0.28784095482371824], "Sigma": [[0.033270386881818256, 0.027899876894504606, -0.003346307013713529], [0.027899876894504606, 0.04828513274250687, 0.01251122155053023], [-0.0033463070137135296, 0.012511221550530232, 0.18253247303061745]], "chi2_level": 0.99, "chi2_df": 3, "chi2_threshold": 11.344866730144373, "N_raw": 117, "N_roi": 117, "N_inlier": 115, "refit": true}
{"timestamp": "17:41:47.865527", "frame": 55, "mu": [-0.6862854288527577, 3.321000684067557, 1.1178898265325925], "Sigma": [[0.01672426641198335, 0.009424702948876186, -0.003563170480048834], [0.009424702948876186, 0.027232835849952734, -0.0007044862033039158], [-0.003563170480048834, -0.0007044862033039162, 0.0036853204285748763]], "chi2_level": 0.99, "chi2_df": 3, "chi2_threshold": 11.344866730144373, "N_raw": 62, "N_roi": 62, "N_inlier": 61, "refit": true}
{"timestamp": "17:41:47.972396", "frame": 57, "mu": [-0.5105900834657874, 3.286225483526268, 1.2660563702202037], "Sigma": [[0.020064210770054117, 0.0013266294573627251, -0.006590920081795414], [0.0013266294573627251, 0.005055748368380042, 0.004339248872901147], [-0.0065909200817954134, 0.004339248872901147, 0.010071092159492253]], "chi2_level": 0.99, "chi2_df": 3, "chi2_threshold": 11.344866730144373, "N_raw": 47, "N_roi": 44, "N_inlier": 42, "refit": true}
{"timestamp": "17:41:48.024874", "frame": 58, "mu": [-0.46448220445648136, 3.33802911404916, 1.3095819448318362], "Sigma": [[0.005896397642397755, 0.0016195567079431796, -0.004223050817213563], [0.0016195567079431796, 0.00803272416467175, -0.003919794112881715], [-0.004223050817213563, -0.003919794112881717, 0.005457729687431129]], "chi2_level": 0.99, "chi2_df": 3, "chi2_threshold": 11.344866730144373, "N_raw": 22, "N_roi": 20, "N_inlier": 19, "refit": true}
{"timestamp": "17:41:48.139978", "frame": 60, "mu": [-0.34898718770558496, 3.257989786679055, 1.272134151406943], "Sigma": [[0.019157758395655977, -2.4574280625828753e-05, -0.009400782298399645], [-2.4574280625828753e-05, 0.004075367786022327, -0.005129640977904079], [-0.009400782298399645, -0.00512964097790408, 0.014975577476657672]], "chi2_level": 0.99, "chi2_df": 3, "chi2_threshold": 11.344866730144373, "N_raw": 65, "N_roi": 62, "N_inlier": 62, "refit": true}
{"timestamp": "17:41:48.244930", "frame": 62, "mu": [-0.3239526406550035, 3.3262639987912865, 1.2843060085603848], "Sigma": [[0.01124749563877978, -0.0013750558390772803, -0.005581507939514115], [-0.0013750558390772803, 0.001937455149179015, -0.0012229606536370422], [-0.005581507939514115, -0.0012229606536370424, 0.005928801346580433]], "chi2_level": 0.99, "chi2_df": 3, "chi2_threshold": 11.344866730144373, "N_raw": 34, "N_roi": 31, "N_inlier": 30, "refit": true}
{"timestamp": "17:41:48.307385", "frame": 63, "mu": [-0.26093591586781467, 3.309580849243139, 1.3666105206094834], "Sigma": [[0.021258033393728462, -0.00294276616672763, -0.006481330285688218], [-0.00294276616672763, 0.007265519057555558, -0.005062192112317974], [-0.006481330285688218, -0.005062192112317974, 0.008285746177385958]], "chi2_level": 0.99, "chi2_df": 3, "chi2_threshold": 11.344866730144373, "N_raw": 83, "N_roi": 78, "N_inlier": 78, "refit": true}
{"timestamp": "17:41:48.363361", "frame": 64, "mu": [-0.173231216567668, 3.338143653762311, 1.330336306803067], "Sigma": [[0.020783443695615633, -0.001662489818624993, -0.010165049972590831], [-0.001662489818624993, 0.006207196098974095, -0.0041011208365081975], [-0.010165049972590831, -0.0041011208365081975, 0.010401874512183646]], "chi2_level": 0.99, "chi2_df": 3, "chi2_threshold": 11.344866730144373, "N_raw": 74, "N_roi": 72, "N_inlier": 72, "refit": true}
{"timestamp": "17:41:48.414718", "frame": 65, "mu": [-0.14515119358970305, 3.370997798008698, 0.21414856816981775], "Sigma": [[0.015346866035956697, -0.001396421770886789, -0.0021764355998742753], [-0.0013964217708867892, 0.006508541411057046, -0.01004960994414361], [-0.0021764355998742753, -0.01004960994414361, 0.01849075147434741]], "chi2_level": 0.99, "chi2_df": 3, "chi2_threshold": 11.344866730144373, "N_raw": 55, "N_roi": 55, "N_inlier": 52, "refit": true}
{"timestamp": "17:41:48.467652", "frame": 66, "mu": [-0.07038263414671928, 3.381275404633492, 1.3432160062047152], "Sigma": [[0.013026721633853511, -0.0015645112259758545, -0.004555716353087167], [-0.0015645112259758543, 0.003729081502575725, -0.005903905811355727], [-0.004555716353087167, -0.005903905811355726, 0.04583324218778829]], "chi2_level": 0.99, "chi2_df": 3, "chi2_threshold": 11.344866730144373, "N_raw": 46, "N_roi": 46, "N_inlier": 43, "refit": true}
{"timestamp": "17:41:48.525498", "frame": 67, "mu": [0.013015361667725251, 3.361911044850774, 1.4583904930407945], "Sigma": [[0.0161605509050115, -0.000978741063036051, -0.005645344334770975], [-0.0009787410630360514, 0.005225262260928758, -0.006029578611446575], [-0.005645344334770976, -0.006029578611446575, 0.022858491923371957]], "chi2_level": 0.99, "chi2_df": 3, "chi2_threshold": 11.344866730144373, "N_raw": 70, "N_roi": 70, "N_inlier": 66, "refit": true}
{"timestamp": "17:41:48.576850", "frame": 68, "mu": [0.045725506107030967, 3.3968583357394433, 1.1311120317564585], "Sigma": [[0.013372326344540435, -0.0016939824565898771, -0.011333495448143053], [-0.001693982456589877, 0.00403285527857241, -0.009256376686664694], [-0.011333495448143053, -0.009256376686664694, 0.08345109656987518]], "chi2_level": 0.99, "chi2_df": 3, "chi2_threshold": 11.344866730144373, "N_raw": 36, "N_roi": 33, "N_inlier": 31, "refit": true}
{"timestamp": "17:41:48.635215", "frame": 69, "mu": [0.06744340447368974, 3.397832405545555, -0.4473720062574862], "Sigma": [[0.01572379832576203, 0.0027649234681157205, 0.03826958148413208], [0.0027649234681157205, 0.005668558016558083, 0.009307023827168096], [0.03826958148413207, 0.009307023827168097, 0.17201725727914371]], "chi2_level": 0.99, "chi2_df": 3, "chi2_threshold": 11.344866730144373, "N_raw": 57, "N_roi": 55, "N_inlier": 53, "refit": true}
{"timestamp": "17:41:48.794256", "frame": 72, "mu": [0.3174127709775547, 3.4448770147029415, -0.052191127350528284], "Sigma": [[0.00800704290820046, 0.004820480928325527, -0.00824678625413371], [0.004820480928325528, 0.01614234256792299, -0.014087636884969102], [-0.00824678625413371, -0.014087636884969102, 0.02218664280790139]], "chi2_level": 0.99, "chi2_df": 3, "chi2_threshold": 11.344866730144373, "N_raw": 27, "N_roi": 27, "N_inlier": 25, "refit": true}
{"timestamp": "17:41:48.856520", "frame": 73, "mu": [0.2891881236583276, 3.3540052906510436, 1.4388568730307336], "Sigma": [[0.01898026183605838, -0.004745454349227648, -0.016205393249874203], [-0.004745454349227648, 0.012712277366976544, 0.022422834436022464], [-0.016205393249874203, 0.022422834436022464, 0.04990162217651802]], "chi2_level": 0.99, "chi2_df": 3, "chi2_threshold": 11.344866730144373, "N_raw": 72, "N_roi": 70, "N_inlier": 66, "refit": true}
{"timestamp": "17:41:48.903765", "frame": 74, "mu": [0.3179845004028274, 3.5056950085442833, 1.5259852465402959], "Sigma": [[0.025810431177467733, 0.008488722676112923, -0.10379066743207913], [0.008488722676112923, 0.007200515023254281, -0.052749179593847964], [-0.10379066743207913, -0.052749179593847964, 0.6069797356822431]], "chi2_level": 0.99, "chi2_df": 3, "chi2_threshold": 11.344866730144373, "N_raw": 16, "N_roi": 14, "N_inlier": 14, "refit": true}
{"timestamp": "17:41:49.012775", "frame": 76, "mu": [0.5114251383718497, 3.2757646902854343, 0.9945972099413353], "Sigma": [[0.008513797871038344, -0.001471593853698242, 0.01588893013372325], [-0.0014715938536982423, 0.005484570689092805, -0.017329920573099542], [0.01588893013372325, -0.017329920573099546, 0.0978587444794408]], "chi2_level": 0.99, "chi2_df": 3, "chi2_threshold": 11.344866730144373, "N_raw": 14, "N_roi": 14, "N_inlier": 14, "refit": true}
{"timestamp": "17:41:49.075398", "frame": 77, "mu": [0.568113184153646, 3.311715881112518, 1.2363077405406915], "Sigma": [[0.015151578230794457, -0.0013209109255047109, 0.008985024967991412], [-0.0013209109255047109, 0.005300608812547036, -0.00809456666835974], [0.008985024967991414, -0.00809456666835974, 0.022686358838516753]], "chi2_level": 0.99, "chi2_df": 3, "chi2_threshold": 11.344866730144373, "N_raw": 63, "N_roi": 52, "N_inlier": 50, "refit": true}
{"timestamp": "17:41:49.130708", "frame": 78, "mu": [0.632209054300424, 3.319175903576426, 1.31429763507847], "Sigma": [[0.016436384217420958, -0.004287144489882853, -0.0065020213815321784], [-0.004287144489882853, 0.00846510556729286, 0.007421315084128478], [-0.0065020213815321784, 0.007421315084128478, 0.008631871430718802]], "chi2_level": 0.99, "chi2_df": 3, "chi2_threshold": 11.344866730144373, "N_raw": 58, "N_roi": 56, "N_inlier": 53, "refit": true}
{"timestamp": "17:41:49.184438", "frame": 79, "mu": [0.6816659250441687, 3.3614753240464754, 1.3719911447327453], "Sigma": [[0.016208056269792374, -0.006516253628414662, -0.014855354117100652], [-0.006516253628414662, 0.009190517442397845, 0.006124856391448507], [-0.014855354117100652, 0.006124856391448507, 0.01574771374228713]], "chi2_level": 0.99, "chi2_df": 3, "chi2_threshold": 11.344866730144373, "N_raw": 60, "N_roi": 60, "N_inlier": 57, "refit": true}
{"timestamp": "17:41:49.237680", "frame": 80, "mu": [0.7450517870781651, 3.364755080661355, 1.3936542231357256], "Sigma": [[0.015750359445813315, -0.00599121696931304, -0.02357403492460501], [-0.00599121696931304, 0.005203384646181104, 0.004056193758097025], [-0.02357403492460501, 0.004056193758097026, 0.04906399509744204]], "chi2_level": 0.99, "chi2_df": 3, "chi2_threshold": 11.344866730144373, "N_raw": 50, "N_roi": 50, "N_inlier": 49, "refit": true}
{"timestamp": "17:41:49.290371", "frame": 81, "mu": [0.8696247597380136, 3.355621385329623, -0.35600602556184174], "Sigma": [[0.00727915312902878, 0.0020909446137095736, 0.026051168825011406], [0.0020909446137095736, 0.0055766927943724206, 0.012743483270143042], [0.026051168825011406, 0.012743483270143042, 0.16943939397543276]], "chi2_level": 0.99, "chi2_df": 3, "chi2_threshold": 11.344866730144373, "N_raw": 34, "N_roi": 34, "N_inlier": 31, "refit": true}
{"timestamp": "17:41:49.347251", "frame": 82, "mu": [0.8893942369808412, 3.3434612404551425, 1.3360417717135225], "Sigma": [[0.01505413373607788, -0.005393309441194579, -0.0173473033892156], [-0.00539330944119458, 0.004799229517402231, 0.003064042072465091], [-0.0173473033892156, 0.003064042072465091, 0.026385897589529174]], "chi2_level": 0.99, "chi2_df": 3, "chi2_threshold": 11.344866730144373, "N_raw": 45, "N_roi": 45, "N_inlier": 42, "refit": true}
{"timestamp": "17:41:49.453535", "frame": 84, "mu": [0.9646458859115886, 3.334750799923999, 1.395079902326991], "Sigma": [[0.0062862594220195285, -0.0003845864940478051, -0.0035355404504968154], [-0.000384586494047805, 0.00196491634605668, -0.002390533214368094], [-0.003535540450496816, -0.002390533214368094, 0.00860619920853491]], "chi2_level": 0.99, "chi2_df": 3, "chi2_threshold": 11.344866730144373, "N_raw": 23, "N_roi": 23, "N_inlier": 21, "refit": true}
{"timestamp": "17:41:49.568482", "frame": 86, "mu": [1.0589601429726452, 3.3510597631825143, 1.3158428728039386], "Sigma": [[0.01692284746398275, -0.003963945878251708, -0.007397320815659591], [-0.003963945878251708, 0.004161705728455306, -0.002914337430773144], [-0.007397320815659591, -0.0029143374307731445, 0.013151291360897039]], "chi2_level": 0.99, "chi2_df": 3, "chi2_threshold": 11.344866730144373, "N_raw": 50, "N_roi": 48, "N_inlier": 45, "refit": true}
{"timestamp": "17:41:49.621355", "frame": 87, "mu": [1.1370863253015786, 3.398792243995962, 1.1960543242921042], "Sigma": [[0.014989801691179179, -0.005255451620166821, -0.00339387822256086], [-0.005255451620166821, 0.004823924560984432, -0.002926063200563044], [-0.00339387822256086, -0.002926063200563044, 0.0915658397790484]], "chi2_level": 0.99, "chi2_df": 3, "chi2_threshold": 11.344866730144373, "N_raw": 40, "N_roi": 40, "N_inlier": 38, "refit": true}
{"timestamp": "17:41:49.675977", "frame": 88, "mu": [1.2107503764830052, 3.329820587217745, 1.2187168879993198], "Sigma": [[0.009089906557545555, -0.0019787940428883906, -0.008195477463976027], [-0.0019787940428883906, 0.0022380938791710676, -0.0037394335996406448], [-0.008195477463976027, -0.0037394335996406448, 0.034551083787286406]], "chi2_level": 0.99, "chi2_df": 3, "chi2_threshold": 11.344866730144373, "N_raw": 37, "N_roi": 37, "N_inlier": 33, "refit": true}
{"timestamp": "17:41:49.727499", "frame": 89, "mu": [1.371661908361048, 3.3629020584836757, 0.6942625400265169], "Sigma": [[0.0024616870698971295, -0.0016533140984664675, 0.00256498089909587], [-0.0016533140984664675, 0.011385714766507063, -0.04531680965248627], [0.00256498089909587, -0.045316809652486266, 0.3321287867664603]], "chi2_level": 0.99, "chi2_df": 3, "chi2_threshold": 11.344866730144373, "N_raw": 11, "N_roi": 11, "N_inlier": 11, "refit": true}
{"timestamp": "17:41:49.786017", "frame": 90, "mu": [1.282288656644131, 3.3998683724969334, 1.1863473858946858], "Sigma": [[0.009462733693232793, -0.002817635123677854, -0.01751845773056884], [-0.002817635123677854, 0.004008484565206898, -0.020529582309173018], [-0.01751845773056884, -0.020529582309173015, 0.5318309208358178]], "chi2_level": 0.99, "chi2_df": 3, "chi2_threshold": 11.344866730144373, "N_raw": 35, "N_roi": 33, "N_inlier": 32, "refit": true}
{"timestamp": "17:41:49.893977", "frame": 92, "mu": [1.4892160414317144, 3.337088585924918, -0.502375437716497], "Sigma": [[0.011016583137959179, -0.0013315549161998196, 0.015985016958961703], [-0.0013315549161998196, 0.0034134779937474236, 0.006363162692025829], [0.015985016958961703, 0.006363162692025831, 0.10226047808727666]], "chi2_level": 0.99, "chi2_df": 3, "chi2_threshold": 11.344866730144373, "N_raw": 25, "N_roi": 23, "N_inlier": 22, "refit": true}
{"timestamp": "17:41:49.947813", "frame": 93, "mu": [1.4929124056101997, 3.474693067634811, -0.1258039334349308], "Sigma": [[0.004047175920029791, -0.001773916564325644, -0.002617922838314365], [-0.001773916564325644, 0.028323069236707635, -0.05443749160505162], [-0.002617922838314364, -0.054437491605051604, 0.1266312490727495]], "chi2_level": 0.99, "chi2_df": 3, "chi2_threshold": 11.344866730144373, "N_raw": 12, "N_roi": 12, "N_inlier": 12, "refit": true}
{"timestamp": "17:41:50.004043", "frame": 94, "mu": [1.5484796902238933, 3.3968705774565686, -0.022214489703076955], "Sigma": [[0.011998361110395945, -0.004339103757403244, -0.009396055275693108], [-0.004339103757403243, 0.01792767347420002, -0.02866307945548004], [-0.009396055275693108, -0.02866307945548004, 0.0880509644875889]], "chi2_level": 0.99, "chi2_df": 3, "chi2_threshold": 11.344866730144373, "N_raw": 29, "N_roi": 29, "N_inlier": 28, "refit": true}
{"timestamp": "17:41:50.063342", "frame": 95, "mu": [1.5679443716580397, 3.4093550757607884, 0.2525288412298007], "Sigma": [[0.020192112853705063, -0.007094405219875231, -0.01630149779927629], [-0.007094405219875231, 0.00834852755370082, 0.008738641764883655], [-0.01630149779927629, 0.008738641764883655, 0.01838003398117176]], "chi2_level": 0.99, "chi2_df": 3, "chi2_threshold": 11.344866730144373, "N_raw": 53, "N_roi": 52, "N_inlier": 52, "refit": true}
{"timestamp": "17:41:50.114783", "frame": 96, "mu": [1.4721638451955816, 3.4373391524373034, 1.601135383587268], "Sigma": [[0.013261578129821676, -0.005862023273334042, -0.003686562196528762], [-0.005862023273334042, 0.005007603504191859, 0.003485015884522263], [-0.003686562196528762, 0.003485015884522263, 0.00389962825914788]], "chi2_level": 0.99, "chi2_df": 3, "chi2_threshold": 11.344866730144373, "N_raw": 25, "N_roi": 23, "N_inlier": 23, "refit": true}
{"timestamp": "17:41:50.168545", "frame": 97, "mu": [1.6708714045282342, 3.235884998003877, 1.1001079261785451], "Sigma": [[0.01166559695562987, -0.0042929166833963655, -0.0006708666521403397], [-0.0042929166833963655, 0.003937479851401036, 0.0008568387331874022], [-0.0006708666521403398, 0.0008568387331874023, 0.0008751438265220105]], "chi2_level": 0.99, "chi2_df": 3, "chi2_threshold": 11.344866730144373, "N_raw": 19, "N_roi": 19, "N_inlier": 19, "refit": true}
{"timestamp": "17:41:50.278095", "frame": 99, "mu": [1.735900616936924, 3.2647161021079296, 1.130290441697678], "Sigma": [[0.006847133624339078, -0.005753714261840995, 0.0054659547828665445], [-0.005753714261840995, 0.01344882780325989, -0.020563400404266182], [0.005465954782866545, -0.020563400404266182, 0.05105233109908809]], "chi2_level": 0.99, "chi2_df": 3, "chi2_threshold": 11.344866730144373, "N_raw": 21, "N_roi": 17, "N_inlier": 17, "refit": true}
{"timestamp": "17:41:50.453444", "frame": 100, "mu": [1.7229403213388357, 3.439327240790716, 0.8287385790388749], "Sigma": [[0.013279577869664006, -0.004536242905066167, -0.007379526353477138], [-0.004536242905066167, 0.011507088479214124, -0.03370220236536538], [-0.007379526353477139, -0.03370220236536538, 0.1771264714215642]], "chi2_level": 0.99, "chi2_df": 3, "chi2_threshold": 11.344866730144373, "N_raw": 40, "N_roi": 40, "N_inlier": 39, "refit": true}
{"timestamp": "17:41:50.475112", "frame": 101, "mu": [1.8736766818614026, 3.4981120912442307, 0.6684750705208244], "Sigma": [[0.013647540566687587, -0.003226278980363122, -0.021408136522164993], [-0.0032262789803631214, 0.004695225326299404, -0.011403531166131822], [-0.021408136522164993, -0.011403531166131822, 0.1462394713090825]], "chi2_level": 0.99, "chi2_df": 3, "chi2_threshold": 11.344866730144373, "N_raw": 24, "N_roi": 24, "N_inlier": 24, "refit": true}
{"timestamp": "17:41:50.538487", "frame": 103, "mu": [1.8755889650539492, 3.377810706458026, 1.3629357879211934], "Sigma": [[0.015753486339242673, -0.0077021510071582765, -0.0091834621573616], [-0.0077021510071582765, 0.006686647811694229, 0.0023451205927081825], [-0.0091834621573616, 0.002345120592708182, 0.009100397945162693]], "chi2_level": 0.99, "chi2_df": 3, "chi2_threshold": 11.344866730144373, "N_raw": 34, "N_roi": 34, "N_inlier": 34, "refit": true}
{"timestamp": "17:41:50.568697", "frame": 104, "mu": [1.8514095444408152, 3.4340400046350923, 1.373781192712907], "Sigma": [[0.009697888027857676, -0.005105469362597793, -0.0021276880140744785], [-0.005105469362597793, 0.0048068598166217365, 0.0007740519448959566], [-0.0021276880140744785, 0.0007740519448959566, 0.00200589885864924]], "chi2_level": 0.99, "chi2_df": 3, "chi2_threshold": 11.344866730144373, "N_raw": 25, "N_roi": 23, "N_inlier": 21, "refit": true}
{"timestamp": "17:41:50.662295", "frame": 106, "mu": [1.952697114791944, 3.385449656995318, 1.3993404777035572], "Sigma": [[0.006822166010649622, -0.0033887309903924976, -0.0007290586749820196], [-0.0033887309903924976, 0.0037635700257836312, -0.0010351102532368591], [-0.0007290586749820196, -0.0010351102532368591, 0.0029144436367750668]], "chi2_level": 0.99, "chi2_df": 3, "chi2_threshold": 11.344866730144373, "N_raw": 16, "N_roi": 16, "N_inlier": 16, "refit": true}
{"timestamp": "17:41:50.996157", "frame": 112, "mu": [2.165850249581261, 3.4984363113849444, 1.1000768538007406], "Sigma": [[0.011889101434843017, -0.006908801254997845, 0.003249263338268725], [-0.006908801254997845, 0.005278876167293326, -0.0022015304298750324], [0.003249263338268725, -0.0022015304298750324, 0.20058844846810003]], "chi2_level": 0.99, "chi2_df": 3, "chi2_threshold": 11.344866730144373, "N_raw": 42, "N_roi": 39, "N_inlier": 39, "refit": true}
