{"timestamp": "18:54:55.975803", "frame": 39, "mu": [-0.27381539924083986, 0.11818009767255011, 1.0699262589242535], "Sigma": [[0.20702959980870253, 0.002170524335905718, 0.10586253994598185], [0.0021705243359057182, 0.005322852545501095, -0.03229608874800903], [0.10586253994598185, -0.03229608874800903, 0.33081461443607074]], "chi2_level": 0.99, "chi2_df": 3, "chi2_threshold": 11.344866730144373, "N_raw": 19, "N_roi": 18, "N_inlier": 17, "refit": true}
{"timestamp": "18:54:56.090682", "frame": 41, "mu": [-0.2723212389291822, 0.1693959644465765, 1.4210451433591702], "Sigma": [[0.29242214844213227, -0.005182119924416518, 0.031998513210798996], [-0.005182119924416517, 0.003023262132205758, -0.004612452212470406], [0.031998513210798996, -0.004612452212470406, 0.011884602602872928]], "chi2_level": 0.99, "chi2_df": 3, "chi2_threshold": 11.344866730144373, "N_raw": 58, "N_roi": 58, "N_inlier": 54, "refit": true}
{"timestamp": "18:54:56.143442", "frame": 42, "mu": [-0.4544584410405326, 0.2052781965387053, 1.2744987366676142], "Sigma": [[0.20894010590371112, -0.010680565613030706, 0.05222471315273577], [-0.010680565613030707, 0.008084928771076636, -0.048455152701136234], [0.052224713152735774, -0.048455152701136234, 0.3421285442699377]], "chi2_level": 0.99, "chi2_df": 3, "chi2_threshold": 11.344866730144373, "N_raw": 31, "N_roi": 31, "N_inlier": 31, "refit": true}
{"timestamp": "18:54:56.198721", "frame": 43, "mu": [-0.2933625190971845, 0.20223026332030083, 1.59066382116627], "Sigma": [[0.3701709307974153, -0.006867883782538116, 0.01225696150559595], [-0.006867883782538114, 0.004013998160490833, -0.0036216557715699933], [0.01225696150559595, -0.003621655771569993, 0.0042065318061817]], "chi2_level": 0.99, "chi2_df": 3, "chi2_threshold": 11.344866730144373, "N_raw": 38, "N_roi": 38, "N_inlier": 36, "refit": true}
{"timestamp": "18:54:56.309424", "frame": 45, "mu": [-0.6893168291778748, 0.4661780028456618, -0.46016288001807887], "Sigma": [[0.017126132205851068, 0.005017686084458385, -0.005734474940178983], [0.005017686084458385, 0.0027606908131725, -0.003161788230862418], [-0.005734474940178983, -0.003161788230862418, 0.004588328895275602]], "chi2_level": 0.99, "chi2_df": 3, "chi2_threshold": 11.344866730144373, "N_raw": 32, "N_roi": 32, "N_inlier": 29, "refit": true}
{"timestamp": "18:54:56.365615", "frame": 46, "mu": [-0.7277007600200891, 0.2852077725437515, 1.586038370126851], "Sigma": [[0.004971434728429146, 0.0019955465569753204, -0.003103936445126799], [0.00199554655697532, 0.003443549231621804, -0.005276635260859295], [-0.003103936445126799, -0.005276635260859294, 0.010065554647463225]], "chi2_level": 0.99, "chi2_df": 3, "chi2_threshold": 11.344866730144373, "N_raw": 43, "N_roi": 43, "N_inlier": 40, "refit": true}
{"timestamp": "18:54:56.423058", "frame": 47, "mu": [-0.7147033386295478, 0.30796591178981353, 1.5562393697839971], "Sigma": [[0.010664358393153998, 0.006153763156421745, -0.009093121428815354], [0.006153763156421745, 0.004845249572753412, -0.007430665113383056], [-0.009093121428815352, -0.007430665113383055, 0.016716161830404187]], "chi2_level": 0.99, "chi2_df": 3, "chi2_threshold": 11.344866730144373, "N_raw": 62, "N_roi": 62, "N_inlier": 58, "refit": true}
{"timestamp": "18:54:56.476454", "frame": 48, "mu": [-0.7433581985078607, 0.36398516501226613, 1.5789553485261494], "Sigma": [[0.006639022211571035, 0.002945800706072299, -0.005142603514846855], [0.002945800706072299, 0.012443789382743665, -0.029775189311792953], [-0.005142603514846855, -0.029775189311792953, 0.09058987515221144]], "chi2_level": 0.99, "chi2_df": 3, "chi2_threshold": 11.344866730144373, "N_raw": 45, "N_roi": 45, "N_inlier": 43, "refit": true}
{"timestamp": "18:54:56.535227", "frame": 49, "mu": [-0.6766483322880706, 0.41854853832965705, 1.558914162165727], "Sigma": [[0.006926605242140245, 0.00451882510912326, -0.007340513435859338], [0.00451882510912326, 0.005532374902684365, -0.008276425610500958], [-0.007340513435859338, -0.008276425610500956, 0.01433685085373832]], "chi2_level": 0.99, "chi2_df": 3, "chi2_threshold": 11.344866730144373, "N_raw": 67, "N_roi": 67, "N_inlier": 64, "refit": true}
{"timestamp": "18:54:56.588562", "frame": 50, "mu": [-0.810536419957808, 0.3702887123425016, 1.6158949819973547], "Sigma": [[0.005726612182621003, 0.0018816325002216406, -0.0020328055530858327], [0.0018816325002216404, 0.004340502154052669, -0.00460596642785842], [-0.0020328055530858327, -0.00460596642785842, 0.008089028496397177]], "chi2_level": 0.99, "chi2_df": 3, "chi2_threshold": 11.344866730144373, "N_raw": 64, "N_roi": 64, "N_inlier": 58, "refit": true}
{"timestamp": "18:54:56.643235", "frame": 51, "mu": [-0.7925484278312973, 0.44512222876319596, 1.6167705955621465], "Sigma": [[0.006468118552063161, 0.002323889191620531, -0.0030948435464782367], [0.002323889191620531, 0.0037039143369441887, -0.003911977730542685], [-0.0030948435464782363, -0.003911977730542685, 0.006024051783968787]], "chi2_level": 0.99, "chi2_df": 3, "chi2_threshold": 11.344866730144373, "N_raw": 55, "N_roi": 55, "N_inlier": 51, "refit": true}
{"timestamp": "18:54:56.697418", "frame": 52, "mu": [-0.8263062576614015, 0.4741134242306199, 1.6039643471054295], "Sigma": [[0.008143336707771563, 0.0039623506235790685, -0.004023366408026006], [0.0039623506235790685, 0.005083057677621771, -0.006135035756115794], [-0.004023366408026006, -0.006135035756115794, 0.010492885952903416]], "chi2_level": 0.99, "chi2_df": 3, "chi2_threshold": 11.344866730144373, "N_raw": 56, "N_roi": 56, "N_inlier": 53, "refit": true}
{"timestamp": "18:54:56.746783", "frame": 53, "mu": [-0.6799815724591622, 0.6592166654445998, 1.2920098963496343], "Sigma": [[0.017631878905218244, 0.013855576257445852, -0.05024460100669659], [0.013855576257445852, 0.01653775658905023, -0.06983628809044422], [-0.050244601006696595, -0.06983628809044422, 0.3577472775044572]], "chi2_level": 0.99, "chi2_df": 3, "chi2_threshold": 11.344866730144373, "N_raw": 13, "N_roi": 13, "N_inlier": 12, "refit": true}
{"timestamp": "18:54:56.806071", "frame": 54, "mu": [-0.821842277907652, 0.5861637804142582, 1.7348316525660017], "Sigma": [[0.009302482691814063, 0.0036904256295165836, -0.012126499137762651], [0.0036904256295165836, 0.005493315204261951, -0.00702252567384031], [-0.012126499137762651, -0.00702252567384031, 0.025067693934777074]], "chi2_level": 0.99, "chi2_df": 3, "chi2_threshold": 11.344866730144373, "N_raw": 45, "N_roi": 45, "N_inlier": 44, "refit": true}
{"timestamp": "18:54:56.861901", "frame": 55, "mu": [-0.8214897649697144, 0.6151134786203124, 1.6809161279195661], "Sigma": [[0.011783542833957094, 0.006621947190541829, -0.020046677286157978], [0.006621947190541828, 0.009542852150814978, -0.02656801160669311], [-0.020046677286157978, -0.026568011606693108, 0.09497749275821697]], "chi2_level": 0.99, "chi2_df": 3, "chi2_threshold": 11.344866730144373, "N_raw": 47, "N_roi": 47, "N_inlier": 44, "refit": true}
{"timestamp": "18:54:56.912978", "frame": 56, "mu": [-0.678076721483122, 0.7303455373202385, 1.1482307747225777], "Sigma": [[0.011202158685774313, 0.009734239111573909, -0.01096253541887627], [0.009734239111573909, 0.01924807368174404, -0.06854227470940916], [-0.010962535418876271, -0.06854227470940916, 0.3878662043042952]], "chi2_level": 0.99, "chi2_df": 3, "chi2_threshold": 11.344866730144373, "N_raw": 17, "N_roi": 17, "N_inlier": 16, "refit": true}
{"timestamp": "18:54:56.970881", "frame": 57, "mu": [-0.8170567113234115, 0.7655174436892909, 1.3930713508794912], "Sigma": [[0.026194169421223205, 0.015632968959419322, -0.0900384728123777], [0.015632968959419322, 0.015619827793271568, -0.080473347000255], [-0.0900384728123777, -0.080473347000255, 0.5941659994588071]], "chi2_level": 0.99, "chi2_df": 3, "chi2_threshold": 11.344866730144373, "N_raw": 40, "N_roi": 40, "N_inlier": 40, "refit": true}
{"timestamp": "18:54:57.025139", "frame": 58, "mu": [-0.794220705279402, 0.7512472785266593, 1.6541074586036186], "Sigma": [[0.024273459098621983, 0.015231168568847361, -0.02947339094296715], [0.015231168568847361, 0.014608799920965794, -0.022492517510091396], [-0.02947339094296715, -0.022492517510091396, 0.04603378981661142]], "chi2_level": 0.99, "chi2_df": 3, "chi2_threshold": 11.344866730144373, "N_raw": 32, "N_roi": 31, "N_inlier": 29, "refit": true}
{"timestamp": "18:54:57.085781", "frame": 59, "mu": [-0.699344576777529, 0.8764501020724115, 1.5358758668480637], "Sigma": [[0.015404511711285719, 0.007120272666435808, -0.017731899156621777], [0.007120272666435808, 0.00802501859425962, -0.013078236975774898], [-0.017731899156621777, -0.013078236975774898, 0.026793356722292487]], "chi2_level": 0.99, "chi2_df": 3, "chi2_threshold": 11.344866730144373, "N_raw": 75, "N_roi": 75, "N_inlier": 72, "refit": true}
{"timestamp": "18:54:57.133282", "frame": 60, "mu": [-0.8049374086632204, 0.882841105789779, 1.3603226225190943], "Sigma": [[0.06971160213286216, 0.04032602731171404, -0.06421291701772021], [0.04032602731171404, 0.026721868295432945, -0.0437613780878502], [-0.06421291701772022, -0.0437613780878502, 0.26414763021975185]], "chi2_level": 0.99, "chi2_df": 3, "chi2_threshold": 11.344866730144373, "N_raw": 26, "N_roi": 26, "N_inlier": 26, "refit": true}
{"timestamp": "18:54:57.197843", "frame": 61, "mu": [-0.6808495222769168, 0.9798973250591605, -0.1724550779512742], "Sigma": [[0.037523725728470396, 0.010492444109536782, 0.046835150339180114], [0.010492444109536782, 0.009424230344239825, -0.008754375890583891], [0.046835150339180114, -0.008754375890583891, 0.3257162141264378]], "chi2_level": 0.99, "chi2_df": 3, "chi2_threshold": 11.344866730144373, "N_raw": 90, "N_roi": 90, "N_inlier": 90, "refit": true}
{"timestamp": "18:54:57.252757", "frame": 62, "mu": [-0.6494764835467475, 1.0551037763505855, 1.3727760922656176], "Sigma": [[0.00834341714628384, -0.001197600667031401, -0.017238894709119455], [-0.001197600667031401, 0.003533608567261034, 0.0020194262570568935], [-0.017238894709119455, 0.0020194262570568935, 0.07100251444316644]], "chi2_level": 0.99, "chi2_df": 3, "chi2_threshold": 11.344866730144373, "N_raw": 89, "N_roi": 89, "N_inlier": 80, "refit": true}
{"timestamp": "18:54:57.306754", "frame": 63, "mu": [-0.6637104219999521, 1.0696102778485135, 1.2756695084080074], "Sigma": [[0.02788504356300128, 0.01389827059180429, -0.052491033787240154], [0.01389827059180429, 0.013387741011375815, -0.022147373205535826], [-0.052491033787240154, -0.022147373205535822, 0.14437610078071267]], "chi2_level": 0.99, "chi2_df": 3, "chi2_threshold": 11.344866730144373, "N_raw": 76, "N_roi": 76, "N_inlier": 72, "refit": true}
{"timestamp": "18:54:57.362573", "frame": 64, "mu": [-0.6216415067593597, 1.3352498352089106, -0.45927477941591854], "Sigma": [[0.004527666814070445, 1.9277668651519304e-05, -0.004885183296121165], [1.9277668651519365e-05, 0.004828223217758841, -0.013267308552239272], [-0.004885183296121165, -0.013267308552239272, 0.08577779194580341]], "chi2_level": 0.99, "chi2_df": 3, "chi2_threshold": 11.344866730144373, "N_raw": 80, "N_roi": 80, "N_inlier": 77, "refit": true}
{"timestamp": "18:54:57.421833", "frame": 65, "mu": [-0.6563182424996422, 1.2378934614947463, 1.344085604362886], "Sigma": [[0.0074683364805238255, -0.0013292465249888073, -0.0047946534241167715], [-0.0013292465249888073, 0.004030218274002973, 0.0019517955748521805], [-0.004794653424116772, 0.0019517955748521803, 0.09081599833538517]], "chi2_level": 0.99, "chi2_df": 3, "chi2_threshold": 11.344866730144373, "N_raw": 111, "N_roi": 111, "N_inlier": 99, "refit": true}
{"timestamp": "18:54:57.476227", "frame": 66, "mu": [-0.5726215075949899, 1.2924840966348117, 1.1992418634684943], "Sigma": [[0.009136583228552009, 0.001619493159738724, -0.022229054456612243], [0.0016194931597387245, 0.004893350724983368, -0.011551615900590928], [-0.022229054456612246, -0.011551615900590928, 0.09850494907839083]], "chi2_level": 0.99, "chi2_df": 3, "chi2_threshold": 11.344866730144373, "N_raw": 108, "N_roi": 108, "N_inlier": 104, "refit": true}
{"timestamp": "18:54:57.529945", "frame": 67, "mu": [-0.6586404585335938, 1.3340429227912023, 1.2636688268249736], "Sigma": [[0.008589544333934001, -0.0011376887466938669, -0.01451758260502949], [-0.0011376887466938669, 0.0027628283850129787, -0.010923462979575535], [-0.014517582605029488, -0.010923462979575537, 0.190492672389694]], "chi2_level": 0.99, "chi2_df": 3, "chi2_threshold": 11.344866730144373, "N_raw": 95, "N_roi": 95, "N_inlier": 94, "refit": true}
{"timestamp": "18:54:57.589759", "frame": 68, "mu": [-0.6559414453147512, 1.4220678393984916, 1.055745976156147], "Sigma": [[0.008622603354709017, 0.0005222907103193159, -0.01371823080098913], [0.0005222907103193159, 0.006849599867700858, -0.03385090095164115], [-0.01371823080098913, -0.03385090095164115, 0.25246423002356916]], "chi2_level": 0.99, "chi2_df": 3, "chi2_threshold": 11.344866730144373, "N_raw": 134, "N_roi": 134, "N_inlier": 132, "refit": true}
{"timestamp": "18:54:57.642931", "frame": 69, "mu": [-0.6672810683793026, 1.4571412276143623, 1.1798018322975696], "Sigma": [[0.006077136490735178, -0.0013533118785234955, -0.0016960778232735737], [-0.0013533118785234955, 0.009902375745834703, -0.03560452901551213], [-0.0016960778232735741, -0.03560452901551213, 0.19730820474567853]], "chi2_level": 0.99, "chi2_df": 3, "chi2_threshold": 11.344866730144373, "N_raw": 101, "N_roi": 101, "N_inlier": 99, "refit": true}
{"timestamp": "18:54:57.688840", "frame": 70, "mu": [-0.6847038060689421, 1.4443500542355825, 1.4350102032187548], "Sigma": [[0.005777275760084599, -0.0004124523207473975, -0.006586096253439417], [-0.00041245232074739734, 0.004994042318680959, -0.0027490629889699017], [-0.006586096253439417, -0.0027490629889699017, 0.018933410750910314]], "chi2_level": 0.99, "chi2_df": 3, "chi2_threshold": 11.344866730144373, "N_raw": 62, "N_roi": 62, "N_inlier": 56, "refit": true}
{"timestamp": "18:54:57.746332", "frame": 71, "mu": [-0.6594844970675261, 1.5034313301678257, 1.3153871651371565], "Sigma": [[0.010202150479768536, 0.0021965326124144605, -0.021852699202530454], [0.0021965326124144605, 0.004425237003666964, -0.012313433503140582], [-0.021852699202530454, -0.01231343350314058, 0.07205546369025007]], "chi2_level": 0.99, "chi2_df": 3, "chi2_threshold": 11.344866730144373, "N_raw": 82, "N_roi": 82, "N_inlier": 78, "refit": true}
{"timestamp": "18:54:57.803577", "frame": 72, "mu": [-0.6761465920949496, 1.5500264253932896, 1.3950580371186827], "Sigma": [[0.006966829436466106, -0.0008588905770004968, -0.002833331732262429], [-0.0008588905770004966, 0.006531803010912445, -0.005547052941256229], [-0.0028333317322624296, -0.005547052941256229, 0.009009230097477781]], "chi2_level": 0.99, "chi2_df": 3, "chi2_threshold": 11.344866730144373, "N_raw": 95, "N_roi": 95, "N_inlier": 89, "refit": true}
{"timestamp": "18:54:57.851786", "frame": 73, "mu": [-0.7350300895779311, 1.5953980027977075, 1.4336072905105584], "Sigma": [[0.004978566549963812, 0.0005603659474605751, -0.0067007142211962896], [0.0005603659474605753, 0.0029350242433945507, -0.0026824386178276047], [-0.0067007142211962896, -0.0026824386178276047, 0.0446316854581046]], "chi2_level": 0.99, "chi2_df": 3, "chi2_threshold": 11.344866730144373, "N_raw": 44, "N_roi": 44, "N_inlier": 40, "refit": true}
{"timestamp": "18:54:57.904972", "frame": 74, "mu": [-0.6627220818348283, 1.7203905504913117, 1.0518702741462187], "Sigma": [[0.006019289982038462, -0.0005243195513916887, -0.009340591911599496], [-0.0005243195513916887, 0.0059461949703233, -0.02641867460973625], [-0.009340591911599498, -0.02641867460973625, 0.2968691994618276]], "chi2_level": 0.99, "chi2_df": 3, "chi2_threshold": 11.344866730144373, "N_raw": 33, "N_roi": 33, "N_inlier": 32, "refit": true}
{"timestamp": "18:54:57.966795", "frame": 75, "mu": [-0.731628392883844, 1.6478726504956338, 0.7738172029098077], "Sigma": [[0.007773309961487112, -0.0025995767381470566, -0.015422823011401314], [-0.0025995767381470566, 0.015248276145575489, 0.0435912655624936], [-0.015422823011401316, 0.0435912655624936, 0.22834863553006784]], "chi2_level": 0.99, "chi2_df": 3, "chi2_threshold": 11.344866730144373, "N_raw": 84, "N_roi": 84, "N_inlier": 82, "refit": true}
{"timestamp": "18:54:58.016150", "frame": 76, "mu": [-0.7527506172089244, 1.8050459715143492, 1.1992138011386064], "Sigma": [[0.005773073318235935, 0.00071308142713451, -0.0068378442433935415], [0.00071308142713451, 0.0006752165000609197, -0.002527256672721554], [-0.006837844243393541, -0.002527256672721554, 0.14052776239592643]], "chi2_level": 0.99, "chi2_df": 3, "chi2_threshold": 11.344866730144373, "N_raw": 40, "N_roi": 40, "N_inlier": 38, "refit": true}
{"timestamp": "18:54:58.084107", "frame": 77, "mu": [-0.7086862168031292, 1.8187698587434105, 1.0199630521536782], "Sigma": [[0.014753121856061018, 0.008052063535654031, 0.02020202245092475], [0.008052063535654031, 0.011692858368691708, 0.02236025207953473], [0.020202022450924745, 0.022360252079534734, 0.21510408462544875]], "chi2_level": 0.99, "chi2_df": 3, "chi2_threshold": 11.344866730144373, "N_raw": 128, "N_roi": 128, "N_inlier": 127, "refit": true}
{"timestamp": "18:54:58.136442", "frame": 78, "mu": [-0.7350633652678362, 1.9060330258168534, 1.0595674060334652], "Sigma": [[0.0162288984933342, 0.004150446264906518, 0.013319766414102433], [0.004150446264906518, 0.005581685219669372, -0.0071573043131672245], [0.013319766414102435, -0.0071573043131672245, 0.1862164986338464]], "chi2_level": 0.99, "chi2_df": 3, "chi2_threshold": 11.344866730144373, "N_raw": 106, "N_roi": 106, "N_inlier": 104, "refit": true}
{"timestamp": "18:54:58.189570", "frame": 79, "mu": [-0.7425359044066959, 1.95505058955992, 1.1406570721498244], "Sigma": [[0.012418757836503971, -0.005089964764972714, 0.029443175684247633], [-0.005089964764972714, 0.005553228402077425, -0.02178403997988032], [0.029443175684247633, -0.02178403997988032, 0.15480823549665187]], "chi2_level": 0.99, "chi2_df": 3, "chi2_threshold": 11.344866730144373, "N_raw": 93, "N_roi": 93, "N_inlier": 88, "refit": true}
{"timestamp": "18:54:58.248510", "frame": 80, "mu": [-0.7207743864329719, 2.0004810633722245, 1.0433286057538351], "Sigma": [[0.018956826756941318, -0.006855028614897955, 0.03276334101057254], [-0.006855028614897955, 0.006508809733295232, -0.028345255547239885], [0.03276334101057254, -0.02834525554723989, 0.18408948643204584]], "chi2_level": 0.99, "chi2_df": 3, "chi2_threshold": 11.344866730144373, "N_raw": 131, "N_roi": 131, "N_inlier": 129, "refit": true}
{"timestamp": "18:54:58.297875", "frame": 81, "mu": [-0.7050389723196732, 2.0099296017184454, 1.3733973032454798], "Sigma": [[0.008982923254014554, 0.0005284024031972199, -0.01141803445030833], [0.0005284024031972198, 0.004782614405750593, -0.007881204381921542], [-0.011418034450308333, -0.00788120438192154, 0.03571846891443403]], "chi2_level": 0.99, "chi2_df": 3, "chi2_threshold": 11.344866730144373, "N_raw": 82, "N_roi": 82, "N_inlier": 78, "refit": true}
{"timestamp": "18:54:58.349506", "frame": 82, "mu": [-0.6672210526823602, 2.060457306762856, 1.3757089015035082], "Sigma": [[0.006048693270797541, -0.0005666248790407004, 0.0020803467645184267], [-0.0005666248790407004, 0.0030256153592387357, -0.006940481728610035], [0.0020803467645184267, -0.006940481728610035, 0.053214483325709355]], "chi2_level": 0.99, "chi2_df": 3, "chi2_threshold": 11.344866730144373, "N_raw": 60, "N_roi": 60, "N_inlier": 56, "refit": true}
{"timestamp": "18:54:58.405060", "frame": 83, "mu": [-0.746282524708114, 2.1160246368973845, 1.1693830712082312], "Sigma": [[0.01170071550138311, 0.00032590526209188084, -0.010671042292488048], [0.0003259052620918809, 0.0025379926440330077, -0.006131100829493805], [-0.010671042292488048, -0.006131100829493805, 0.028540901602596185]], "chi2_level": 0.99, "chi2_df": 3, "chi2_threshold": 11.344866730144373, "N_raw": 76, "N_roi": 76, "N_inlier": 72, "refit": true}
{"timestamp": "18:54:58.459670", "frame": 84, "mu": [-0.7685790031964618, 2.139994636905247, 1.1161270571073905], "Sigma": [[0.012087371450108285, 0.006358646288352175, -0.005217139120943192], [0.006358646288352175, 0.006907366382860712, -0.004109109001109731], [-0.005217139120943192, -0.004109109001109731, 0.020530578540827515]], "chi2_level": 0.99, "chi2_df": 3, "chi2_threshold": 11.344866730144373, "N_raw": 61, "N_roi": 61, "N_inlier": 57, "refit": true}
{"timestamp": "18:54:58.516790", "frame": 85, "mu": [-0.7320647062793696, 2.2413566827251437, 1.179496491710958], "Sigma": [[0.0075440611200977125, -0.00047929460892626337, -0.006486408119360151], [-0.00047929460892626337, 0.0032685916383707317, 0.004614395534787891], [-0.006486408119360149, 0.004614395534787891, 0.11226325203882316]], "chi2_level": 0.99, "chi2_df": 3, "chi2_threshold": 11.344866730144373, "N_raw": 83, "N_roi": 83, "N_inlier": 80, "refit": true}
{"timestamp": "18:54:58.569810", "frame": 86, "mu": [-0.7463769552903099, 2.264369346472563, 0.866188559448441], "Sigma": [[0.007176554392552072, -0.001666576828027776, -0.004716721754783295], [-0.0016665768280277758, 0.00943260035053603, 0.03319877391080789], [-0.004716721754783295, 0.03319877391080788, 0.16827999329751078]], "chi2_level": 0.99, "chi2_df": 3, "chi2_threshold": 11.344866730144373, "N_raw": 70, "N_roi": 70, "N_inlier": 67, "refit": true}
{"timestamp": "18:54:58.632050", "frame": 87, "mu": [-0.7705124127037051, 2.3970190623429297, -0.7392683781373259], "Sigma": [[0.010376317638292746, 0.006042951365764746, -0.001962015344442892], [0.006042951365764747, 0.017005806184762405, -0.013475782647056022], [-0.0019620153444428914, -0.013475782647056022, 0.08340399062718223]], "chi2_level": 0.99, "chi2_df": 3, "chi2_threshold": 11.344866730144373, "N_raw": 119, "N_roi": 119, "N_inlier": 115, "refit": true}
{"timestamp": "18:54:58.679868", "frame": 88, "mu": [-0.7613005611570294, 2.3769359587466807, 1.3697420575590589], "Sigma": [[0.008822537908834287, 0.00013424007687388108, -0.0029222488210763372], [0.00013424007687388106, 0.003311993388359486, -0.006926359547589351], [-0.0029222488210763377, -0.006926359547589351, 0.02233093594416259]], "chi2_level": 0.99, "chi2_df": 3, "chi2_threshold": 11.344866730144373, "N_raw": 67, "N_roi": 67, "N_inlier": 64, "refit": true}
{"timestamp": "18:54:58.737199", "frame": 89, "mu": [-0.818697153949058, 2.4969836399805647, 1.1995933179665035], "Sigma": [[0.008667853523777415, -0.001754467066781088, -0.0011185353316597773], [-0.0017544670667810878, 0.01752121539417165, -0.04558646495078971], [-0.0011185353316597764, -0.04558646495078971, 0.16382244898071385]], "chi2_level": 0.99, "chi2_df": 3, "chi2_threshold": 11.344866730144373, "N_raw": 91, "N_roi": 91, "N_inlier": 88, "refit": true}
{"timestamp": "18:54:58.795966", "frame": 90, "mu": [-0.8095780386862264, 2.5299503053303636, 1.2593969353018748], "Sigma": [[0.012375021061500131, -0.004123261327242598, 0.0008561543527831005], [-0.004123261327242597, 0.015598842823721364, -0.039363388569206986], [0.0008561543527831013, -0.039363388569206986, 0.13591827765253392]], "chi2_level": 0.99, "chi2_df": 3, "chi2_threshold": 11.344866730144373, "N_raw": 106, "N_roi": 106, "N_inlier": 102, "refit": true}
{"timestamp": "18:54:58.848828", "frame": 91, "mu": [-0.824881856476456, 2.5575531788409998, 1.007072288809379], "Sigma": [[0.01134594931984124, 0.0009240657339675557, 0.005165960757230416], [0.000924065733967556, 0.007641377945550293, -0.03598084126813929], [0.005165960757230416, -0.03598084126813928, 0.3920959669840638]], "chi2_level": 0.99, "chi2_df": 3, "chi2_threshold": 11.344866730144373, "N_raw": 89, "N_roi": 89, "N_inlier": 88, "refit": true}
{"timestamp": "18:54:58.896541", "frame": 92, "mu": [-0.8395578370266135, 2.5454001972214466, 1.5105020913084795], "Sigma": [[0.00840538465575212, -4.460030048272752e-05, -0.005702293637423294], [-4.4600300482727526e-05, 0.0025865233734317173, -0.004291117934366983], [-0.005702293637423294, -0.004291117934366983, 0.050801780779285204]], "chi2_level": 0.99, "chi2_df": 3, "chi2_threshold": 11.344866730144373, "N_raw": 40, "N_roi": 40, "N_inlier": 36, "refit": true}
{"timestamp": "18:54:58.948184", "frame": 93, "mu": [-0.8648996425340799, 2.6015717814801436, 1.4171609943986678], "Sigma": [[0.007816618453613705, 0.00021624871587647577, -0.0028423308479348947], [0.00021624871587647577, 0.0009806492712761087, -0.001914934924031279], [-0.0028423308479348947, -0.001914934924031279, 0.031011512043307838]], "chi2_level": 0.99, "chi2_df": 3, "chi2_threshold": 11.344866730144373, "N_raw": 29, "N_roi": 29, "N_inlier": 26, "refit": true}
{"timestamp": "18:54:59.013582", "frame": 94, "mu": [-0.9384455296728096, 2.7884547521136223, -0.21434425047389663], "Sigma": [[0.013618403301340799, -0.0029346399894679136, 0.017201951571657235], [-0.0029346399894679136, 0.014577782464932649, -0.039492414703670646], [0.01720195157165724, -0.039492414703670646, 0.14584464215297185]], "chi2_level": 0.99, "chi2_df": 3, "chi2_threshold": 11.344866730144373, "N_raw": 101, "N_roi": 99, "N_inlier": 96, "refit": true}
{"timestamp": "18:54:59.069662", "frame": 95, "mu": [-0.8869002569192561, 2.7124556242177182, 1.0560119557457048], "Sigma": [[0.014119595282538245, 0.000968446385356503, 0.013900517270922716], [0.0009684463853565028, 0.001668289185866655, -0.0050759628021326665], [0.013900517270922716, -0.0050759628021326665, 0.1324546373414097]], "chi2_level": 0.99, "chi2_df": 3, "chi2_threshold": 11.344866730144373, "N_raw": 102, "N_roi": 102, "N_inlier": 100, "refit": true}
{"timestamp": "18:54:59.122639", "frame": 96, "mu": [-0.8213269158679739, 2.911084576981836, -0.12614503977190394], "Sigma": [[0.013730317349265208, -0.0029534680476067956, 0.017180160800938628], [-0.0029534680476067964, 0.01738505003903639, -0.04012668294388154], [0.017180160800938628, -0.04012668294388154, 0.11421525749168018]], "chi2_level": 0.99, "chi2_df": 3, "chi2_threshold": 11.344866730144373, "N_raw": 83, "N_roi": 83, "N_inlier": 81, "refit": true}
{"timestamp": "18:54:59.181735", "frame": 97, "mu": [-0.8544962628063998, 2.849486878836531, 0.9462970047233762], "Sigma": [[0.023053546866628465, 0.003358313589614741, 0.020732871222761597], [0.003358313589614741, 0.005755039904413455, -0.010549420135261606], [0.020732871222761597, -0.010549420135261606, 0.24290919437014255]], "chi2_level": 0.99, "chi2_df": 3, "chi2_threshold": 11.344866730144373, "N_raw": 108, "N_roi": 108, "N_inlier": 107, "refit": true}
{"timestamp": "18:54:59.231834", "frame": 98, "mu": [-0.79423391991266, 2.8958537196754373, 1.2577774824567944], "Sigma": [[0.01628373412935552, 4.527702761818609e-05, -0.007766851922239772], [4.5277027618185876e-05, 0.004146310799576585, -0.00870995051967975], [-0.007766851922239773, -0.00870995051967975, 0.03225973599397803]], "chi2_level": 0.99, "chi2_df": 3, "chi2_threshold": 11.344866730144373, "N_raw": 80, "N_roi": 80, "N_inlier": 75, "refit": true}
{"timestamp": "18:54:59.283513", "frame": 99, "mu": [-0.7494752269152429, 2.9301285079619395, 1.2273971020840984], "Sigma": [[0.016756385632314595, 0.0005351260666904118, -0.013604377224447954], [0.0005351260666904118, 0.0034408099984672754, -0.004756128301681799], [-0.013604377224447954, -0.0047561283016818, 0.018048041057869404]], "chi2_level": 0.99, "chi2_df": 3, "chi2_threshold": 11.344866730144373, "N_raw": 64, "N_roi": 64, "N_inlier": 62, "refit": true}
{"timestamp": "18:54:59.447058", "frame": 100, "mu": [-0.8992302572152954, 3.1579111336956514, -0.1150694112635121], "Sigma": [[0.013788871468344854, -0.004992708335645208, 0.010462118311026185], [-0.004992708335645207, 0.030326620150143976, -0.05712414896420302], [0.010462118311026185, -0.05712414896420302, 0.11361026050914337]], "chi2_level": 0.99, "chi2_df": 3, "chi2_threshold": 11.344866730144373, "N_raw": 72, "N_roi": 71, "N_inlier": 68, "refit": true}
{"timestamp": "18:54:59.459806", "frame": 101, "mu": [-0.82802073471423, 3.089764333625196, 0.991865126754807], "Sigma": [[0.022941725240156956, -0.008223979861249267, 0.026314390990111725], [-0.008223979861249266, 0.006126691428958068, -0.017582325849787892], [0.026314390990111725, -0.017582325849787892, 0.06436215074882065]], "chi2_level": 0.99, "chi2_df": 3, "chi2_threshold": 11.344866730144373, "N_raw": 46, "N_roi": 46, "N_inlier": 45, "refit": true}
{"timestamp": "18:54:59.490814", "frame": 102, "mu": [-0.8624183752865523, 3.1353103936038518, 0.9862725691668712], "Sigma": [[0.013052799760901462, -0.0037236592733950625, 0.0016187041155609776], [-0.003723659273395062, 0.015714018265576953, -0.04853989613318578], [0.0016187041155609784, -0.04853989613318578, 0.17329148341094627]], "chi2_level": 0.99, "chi2_df": 3, "chi2_threshold": 11.344866730144373, "N_raw": 45, "N_roi": 45, "N_inlier": 44, "refit": true}
{"timestamp": "18:54:59.522819", "frame": 103, "mu": [-0.8710424413302786, 3.110220073851456, 1.3739066969145524], "Sigma": [[0.006508519281310768, 0.0015938273578528523, -0.008518341465311694], [0.0015938273578528525, 0.0034715318535379538, -0.004972085077530522], [-0.008518341465311694, -0.004972085077530522, 0.05377556767842587]], "chi2_level": 0.99, "chi2_df": 3, "chi2_threshold": 11.344866730144373, "N_raw": 34, "N_roi": 34, "N_inlier": 31, "refit": true}
{"timestamp": "18:54:59.557095", "frame": 104, "mu": [-0.8852855842627972, 3.1466609708086373, 1.4740933806364287], "Sigma": [[0.013627860369230466, 0.002907880998249299, -0.008219886652202638], [0.002907880998249299, 0.00590155330719374, -0.00345834682491767], [-0.008219886652202638, -0.00345834682491767, 0.006651419698062165]], "chi2_level": 0.99, "chi2_df": 3, "chi2_threshold": 11.344866730144373, "N_raw": 55, "N_roi": 55, "N_inlier": 53, "refit": true}
{"timestamp": "18:54:59.615417", "frame": 105, "mu": [-0.9346449088039326, 3.1770315100187743, 1.5751498598009253], "Sigma": [[0.01639210814722194, 0.001548818158610695, -0.00719272874006273], [0.001548818158610695, 0.007148364955170318, -0.0032801380632559744], [-0.00719272874006273, -0.0032801380632559744, 0.004821882667216776]], "chi2_level": 0.99, "chi2_df": 3, "chi2_threshold": 11.344866730144373, "N_raw": 66, "N_roi": 66, "N_inlier": 63, "refit": true}
{"timestamp": "18:54:59.667444", "frame": 106, "mu": [-0.9710660534289367, 3.202737950904572, 1.5545628035818375], "Sigma": [[0.01454857880545646, 0.0009862464948201517, -0.006361266471098578], [0.0009862464948201517, 0.004709264934529864, -0.0019843745177994003], [-0.006361266471098578, -0.0019843745177994007, 0.00630924738307129]], "chi2_level": 0.99, "chi2_df": 3, "chi2_threshold": 11.344866730144373, "N_raw": 52, "N_roi": 52, "N_inlier": 47, "refit": true}
{"timestamp": "18:54:59.723674", "frame": 107, "mu": [-0.9271818548178471, 3.283402662112445, 1.1930334780104903], "Sigma": [[0.0160923046167893, 0.003636830753180857, -0.03954818053246381], [0.003636830753180857, 0.006778442668293554, -0.025084843328591275], [-0.03954818053246381, -0.025084843328591275, 0.23974700781602085]], "chi2_level": 0.99, "chi2_df": 3, "chi2_threshold": 11.344866730144373, "N_raw": 60, "N_roi": 60, "N_inlier": 59, "refit": true}
{"timestamp": "18:54:59.780171", "frame": 108, "mu": [-0.8893893356751169, 3.366485789358423, 1.369699943065842], "Sigma": [[0.017172161990027503, 0.006034361948307274, -0.025535368944331185], [0.006034361948307275, 0.007343826581350734, -0.013607174252731394], [-0.025535368944331192, -0.013607174252731394, 0.08238512740986112]], "chi2_level": 0.99, "chi2_df": 3, "chi2_threshold": 11.344866730144373, "N_raw": 72, "N_roi": 72, "N_inlier": 68, "refit": true}
{"timestamp": "18:54:59.830375", "frame": 109, "mu": [-0.9779838532313581, 3.3860065501689176, 1.506816268972555], "Sigma": [[0.01416334522162528, 0.0018454022676868463, -0.005278996145961148], [0.0018454022676868465, 0.0046707701432768004, -0.012109202963156596], [-0.005278996145961149, -0.012109202963156594, 0.10899855394285224]], "chi2_level": 0.99, "chi2_df": 3, "chi2_threshold": 11.344866730144373, "N_raw": 43, "N_roi": 43, "N_inlier": 41, "refit": true}
{"timestamp": "18:54:59.885149", "frame": 110, "mu": [-0.936381413638143, 3.4145515921197207, 1.5801167613146645], "Sigma": [[0.010687883637885923, 0.0017831198108263753, -0.007160786536480454], [0.001783119810826375, 0.004454822301621901, -0.0034537465137338325], [-0.007160786536480454, -0.003453746513733832, 0.008325508247501848]], "chi2_level": 0.99, "chi2_df": 3, "chi2_threshold": 11.344866730144373, "N_raw": 41, "N_roi": 41, "N_inlier": 37, "refit": true}
{"timestamp": "18:54:59.938760", "frame": 111, "mu": [-0.9034068584921984, 3.5481236978881676, 1.0098626121871845], "Sigma": [[0.007887604122703772, -9.985710877858848e-05, -0.007357046837690323], [-9.985710877858858e-05, 0.003994530088834214, -0.021391980826040623], [-0.007357046837690323, -0.021391980826040623, 0.21879927338851582]], "chi2_level": 0.99, "chi2_df": 3, "chi2_threshold": 11.344866730144373, "N_raw": 23, "N_roi": 23, "N_inlier": 23, "refit": true}
{"timestamp": "18:54:59.998365", "frame": 112, "mu": [-0.9332850102063858, 3.781987545078466, 0.02006767785354758], "Sigma": [[0.014255219683062674, -0.008690462534385615, 0.016541611756208337], [-0.008690462534385615, 0.03637689184713047, -0.0648625570179872], [0.016541611756208337, -0.0648625570179872, 0.1191860630104696]], "chi2_level": 0.99, "chi2_df": 3, "chi2_threshold": 11.344866730144373, "N_raw": 61, "N_roi": 61, "N_inlier": 59, "refit": true}
{"timestamp": "18:55:00.054013", "frame": 113, "mu": [-0.8787749164550883, 3.622758948233994, 1.3327856370908755], "Sigma": [[0.018663816371921445, 0.0009665235410425731, -0.001647285887527207], [0.0009665235410425727, 0.008885119631553591, -0.01745970486287647], [-0.0016472858875272063, -0.01745970486287647, 0.03989891103599297]], "chi2_level": 0.99, "chi2_df": 3, "chi2_threshold": 11.344866730144373, "N_raw": 64, "N_roi": 64, "N_inlier": 61, "refit": true}
{"timestamp": "18:55:00.110765", "frame": 114, "mu": [-0.9190013925540171, 3.64799246276788, 1.059342660459231], "Sigma": [[0.0174076916243833, 0.001391400363874867, -0.006774487480507453], [0.001391400363874867, 0.0036009649354326262, -0.014308942887135467], [-0.006774487480507453, -0.014308942887135467, 0.0849464641020591]], "chi2_level": 0.99, "chi2_df": 3, "chi2_threshold": 11.344866730144373, "N_raw": 77, "N_roi": 77, "N_inlier": 76, "refit": true}
{"timestamp": "18:55:00.161718", "frame": 115, "mu": [-0.918264010752545, 3.7129918334708547, 1.2997975868873193], "Sigma": [[0.018001397079035742, 0.0026722001743379013, 0.0010626928037148551], [0.0026722001743379013, 0.002430548155840538, -0.006060734720640131], [0.0010626928037148547, -0.006060734720640131, 0.036528537924189475]], "chi2_level": 0.99, "chi2_df": 3, "chi2_threshold": 11.344866730144373, "N_raw": 50, "N_roi": 50, "N_inlier": 49, "refit": true}
{"timestamp": "18:55:00.220265", "frame": 116, "mu": [-0.9425365933056209, 3.7538324116129065, 1.2789556020678272], "Sigma": [[0.017744748030093724, 0.0005888669645752669, -0.011782638236822707], [0.0005888669645752672, 0.003700272341479436, -0.007341383574436993], [-0.011782638236822705, -0.007341383574436993, 0.09678385675493162]], "chi2_level": 0.99, "chi2_df": 3, "chi2_threshold": 11.344866730144373, "N_raw": 74, "N_roi": 74, "N_inlier": 71, "refit": true}
{"timestamp": "18:55:00.271262", "frame": 117, "mu": [-0.9197889193760342, 3.9043320071402636, 0.19522740377836514], "Sigma": [[0.012953349673853832, -0.00041729560656497027, 0.009152770556335291], [-0.00041729560656497005, 0.00826122274029876, -0.019070485125360234], [0.009152770556335295, -0.019070485125360234, 0.051262387009904625]], "chi2_level": 0.99, "chi2_df": 3, "chi2_threshold": 11.344866730144373, "N_raw": 40, "N_roi": 40, "N_inlier": 39, "refit": true}
{"timestamp": "18:55:00.330886", "frame": 118, "mu": [-0.9560683583013367, 3.9076384891321707, -0.10694175058713223], "Sigma": [[0.02250737423524589, 0.005527581961170085, 0.059953921055378716], [0.005527581961170085, 0.010945436907764611, 0.008134897190943189], [0.059953921055378716, 0.008134897190943187, 0.2615457508917685]], "chi2_level": 0.99, "chi2_df": 3, "chi2_threshold": 11.344866730144373, "N_raw": 75, "N_roi": 75, "N_inlier": 75, "refit": true}
{"timestamp": "18:55:00.383543", "frame": 119, "mu": [-0.9484998645814416, 3.9103714675025825, 1.3793272727175596], "Sigma": [[0.02171329139586771, 0.002064416897127634, -0.013720261959340646], [0.0020644168971276334, 0.004780683872635289, -0.005007736463001889], [-0.013720261959340646, -0.005007736463001889, 0.013780479205822324]], "chi2_level": 0.99, "chi2_df": 3, "chi2_threshold": 11.344866730144373, "N_raw": 56, "N_roi": 56, "N_inlier": 55, "refit": true}
{"timestamp": "18:55:00.437550", "frame": 120, "mu": [-0.8513748363283598, 3.978283729252777, 1.3314671831271068], "Sigma": [[0.024614577141158615, 0.0035637515981170537, -0.010713375438841412], [0.0035637515981170533, 0.004825122362424895, -0.0035349338356921193], [-0.010713375438841412, -0.0035349338356921193, 0.0069856818138496445]], "chi2_level": 0.99, "chi2_df": 3, "chi2_threshold": 11.344866730144373, "N_raw": 54, "N_roi": 54, "N_inlier": 52, "refit": true}
{"timestamp": "18:55:00.493246", "frame": 121, "mu": [-0.8633501583557306, 4.027007550786157, 0.36715465112692725], "Sigma": [[0.02746143067613764, 0.006223416255453487, -0.010836463780866546], [0.006223416255453487, 0.007209360520096359, -0.00337829189222736], [-0.010836463780866546, -0.00337829189222736, 0.005207729960197191]], "chi2_level": 0.99, "chi2_df": 3, "chi2_threshold": 11.344866730144373, "N_raw": 59, "N_roi": 59, "N_inlier": 59, "refit": true}
{"timestamp": "18:55:00.551124", "frame": 122, "mu": [-0.9592095778734826, 4.047563834060057, 1.3266820657445089], "Sigma": [[0.027149679475071707, -0.0034543311296691822, 0.013842825634721525], [-0.0034543311296691822, 0.010092974699398988, -0.023410931467347712], [0.013842825634721525, -0.023410931467347712, 0.07864871428229728]], "chi2_level": 0.99, "chi2_df": 3, "chi2_threshold": 11.344866730144373, "N_raw": 73, "N_roi": 73, "N_inlier": 72, "refit": true}
{"timestamp": "18:55:00.601396", "frame": 123, "mu": [-0.8872774137152999, 4.073927761890954, 1.314419145773638], "Sigma": [[0.01890960098096531, 0.000920452402799492, -0.009596973158344672], [0.0009204524027994919, 0.004169839184597406, -0.0041220938489396845], [-0.009596973158344674, -0.0041220938489396845, 0.011246144419242307]], "chi2_level": 0.99, "chi2_df": 3, "chi2_threshold": 11.344866730144373, "N_raw": 46, "N_roi": 46, "N_inlier": 42, "refit": true}
{"timestamp": "18:55:00.656022", "frame": 124, "mu": [-0.8345406501841125, 4.105950372009927, 1.3697361031574693], "Sigma": [[0.019887585892671505, 0.002581340017580709, -0.011392330374782555], [0.0025813400175807096, 0.0025871044927021723, -0.00444422342043806], [-0.011392330374782555, -0.00444422342043806, 0.012646773162702723]], "chi2_level": 0.99, "chi2_df": 3, "chi2_threshold": 11.344866730144373, "N_raw": 40, "N_roi": 40, "N_inlier": 37, "refit": true}
{"timestamp": "18:55:00.710845", "frame": 125, "mu": [-0.910438788494058, 4.161947983720681, 1.3327832706755804], "Sigma": [[0.02030596422143198, 0.0026566251427078205, -0.022405833942965397], [0.0026566251427078205, 0.0022710563478039827, -0.007274548154278495], [-0.0224058339429654, -0.007274548154278495, 0.07796819272996763]], "chi2_level": 0.99, "chi2_df": 3, "chi2_threshold": 11.344866730144373, "N_raw": 50, "N_roi": 50, "N_inlier": 48, "refit": true}
{"timestamp": "18:55:00.766256", "frame": 126, "mu": [-0.8626230677215413, 4.220745984216776, 1.192648920974162], "Sigma": [[0.019770702721677354, 0.001026273641758107, -0.02100473145106034], [0.001026273641758107, 0.002403158961443933, -0.009621301691853082], [-0.02100473145106034, -0.009621301691853084, 0.06972470617559835]], "chi2_level": 0.99, "chi2_df": 3, "chi2_threshold": 11.344866730144373, "N_raw": 48, "N_roi": 48, "N_inlier": 47, "refit": true}
