{"timestamp": "18:57:06.927543", "frame": 37, "mu": [1.776411179431713, 0.7270782480550162, 1.4103653941144778], "Sigma": [[0.003708732173703283, -0.0023622856341912225, -0.001275675089670963], [-0.0023622856341912225, 0.004915177917390735, -0.0012643897378925076], [-0.0012756750896709631, -0.0012643897378925076, 0.0024581634446641594]], "chi2_level": 0.99, "chi2_df": 3, "chi2_threshold": 11.344866730144373, "N_raw": 20, "N_roi": 20, "N_inlier": 19, "refit": true}
{"timestamp": "18:57:06.984668", "frame": 38, "mu": [1.748018445521095, 0.7601642189454432, 1.4248236272413628], "Sigma": [[0.0036463628707026027, -0.002708853182262573, 0.0008327725225032941], [-0.002708853182262573, 0.007384136021147372, -0.0009847607870535336], [0.0008327725225032941, -0.0009847607870535336, 0.000648499991056605]], "chi2_level": 0.99, "chi2_df": 3, "chi2_threshold": 11.344866730144373, "N_raw": 18, "N_roi": 18, "N_inlier": 17, "refit": true}
{"timestamp": "18:57:07.479603", "frame": 47, "mu": [1.7323146395972904, 1.1479627830474213, 1.4020061368275485], "Sigma": [[0.003409330794187846, -0.00183861021613732, 0.0002654610201333459], [-0.00183861021613732, 0.003954165639619135, -0.0011877927124647268], [0.0002654610201333459, -0.0011877927124647268, 0.0003901846458385966]], "chi2_level": 0.99, "chi2_df": 3, "chi2_threshold": 11.344866730144373, "N_raw": 19, "N_roi": 19, "N_inlier": 18, "refit": true}
{"timestamp": "18:57:07.591310", "frame": 49, "mu": [1.752040884881664, 1.2512305826902603, 1.4276446172782713], "Sigma": [[0.005271222602379134, -0.0025260588371186004, -0.0025991030396466776], [-0.002526058837118601, 0.00555749683296805, -0.000977966877765567], [-0.0025991030396466776, -0.000977966877765567, 0.007587947597055976]], "chi2_level": 0.99, "chi2_df": 3, "chi2_threshold": 11.344866730144373, "N_raw": 32, "N_roi": 32, "N_inlier": 32, "refit": true}
{"timestamp": "18:57:07.649468", "frame": 50, "mu": [1.7168149943374578, 1.3311641778594816, 1.4921790407244226], "Sigma": [[0.007835138928971573, -0.003461875726675517, 0.0018822180191212404], [-0.003461875726675517, 0.007020101482263578, -0.0035400058949673656], [0.0018822180191212404, -0.0035400058949673656, 0.008614220075302138]], "chi2_level": 0.99, "chi2_df": 3, "chi2_threshold": 11.344866730144373, "N_raw": 40, "N_roi": 40, "N_inlier": 38, "refit": true}
{"timestamp": "18:57:07.814621", "frame": 53, "mu": [1.6359216852082217, 1.5304637140306794, 1.4771378962115853], "Sigma": [[0.008488521420440093, -0.003829788847651284, 0.001266216692898758], [-0.003829788847651284, 0.00827462551871192, -0.0026361015572432733], [0.0012662166928987578, -0.0026361015572432733, 0.002141754795959834]], "chi2_level": 0.99, "chi2_df": 3, "chi2_threshold": 11.344866730144373, "N_raw": 49, "N_roi": 49, "N_inlier": 48, "refit": true}
{"timestamp": "18:57:07.869305", "frame": 54, "mu": [1.6063967908746704, 1.712186397229366, -0.2297971880796216], "Sigma": [[0.005328763216713782, -0.0037059587567909343, -0.002274031378978452], [-0.0037059587567909343, 0.010237708343505002, -0.0039846486507252084], [-0.002274031378978452, -0.0039846486507252084, 0.006116135194807582]], "chi2_level": 0.99, "chi2_df": 3, "chi2_threshold": 11.344866730144373, "N_raw": 43, "N_roi": 43, "N_inlier": 42, "refit": true}
{"timestamp": "18:57:07.924082", "frame": 55, "mu": [1.6338895086636818, 1.6697806343263175, -0.13820465903085574], "Sigma": [[0.007561794358571535, -0.001891565758514408, 0.012380949699699917], [-0.001891565758514408, 0.006070218356799944, -0.0029967103863225777], [0.012380949699699917, -0.0029967103863225777, 0.03837653986584641]], "chi2_level": 0.99, "chi2_df": 3, "chi2_threshold": 11.344866730144373, "N_raw": 40, "N_roi": 40, "N_inlier": 40, "refit": true}
{"timestamp": "18:57:07.978158", "frame": 56, "mu": [1.6628483185727752, 1.6680322350438985, 1.5490659250391834], "Sigma": [[0.007491277881660077, -0.004661609843309421, -0.0010851119841226668], [-0.004661609843309421, 0.006958032239375299, -0.0004414271290515341], [-0.0010851119841226668, -0.0004414271290515342, 0.0012032549694090439]], "chi2_level": 0.99, "chi2_df": 3, "chi2_threshold": 11.344866730144373, "N_raw": 36, "N_roi": 36, "N_inlier": 34, "refit": true}
{"timestamp": "18:57:08.030128", "frame": 57, "mu": [1.5956905614298418, 1.7608261136719194, 1.503040622548322], "Sigma": [[0.004165376990328125, -0.002512688226205167, 0.0006652938424047189], [-0.0025126882262051673, 0.00398338210391161, -0.0010821089214831346], [0.0006652938424047189, -0.0010821089214831346, 0.0002951534406952544]], "chi2_level": 0.99, "chi2_df": 3, "chi2_threshold": 11.344866730144373, "N_raw": 20, "N_roi": 20, "N_inlier": 20, "refit": true}
{"timestamp": "18:57:08.086627", "frame": 58, "mu": [1.6240973614952985, 1.7992234048475801, 1.5695197580773805], "Sigma": [[0.006434069107475964, -0.0025413526267035287, 0.0006643683052233629], [-0.0025413526267035282, 0.00629082901901195, 0.0006853743504737459], [0.0006643683052233629, 0.000685374350473746, 0.0006560118550034443]], "chi2_level": 0.99, "chi2_df": 3, "chi2_threshold": 11.344866730144373, "N_raw": 32, "N_roi": 32, "N_inlier": 32, "refit": true}
{"timestamp": "18:57:08.140237", "frame": 59, "mu": [1.6684524540631456, 1.7871258165782804, 1.290658274354386], "Sigma": [[0.005102037334172236, -0.0017205272270560826, -0.020130601695953095], [-0.0017205272270560826, 0.0018734067738926964, 0.0067825635720696435], [-0.020130601695953095, 0.0067825635720696435, 0.14265585164108185]], "chi2_level": 0.99, "chi2_df": 3, "chi2_threshold": 11.344866730144373, "N_raw": 15, "N_roi": 15, "N_inlier": 15, "refit": true}
{"timestamp": "18:57:08.415532", "frame": 64, "mu": [1.7324372644238129, 2.0398418380281, 1.5345240790265786], "Sigma": [[0.004629850675553416, -0.001314511145496182, -0.004022340573153362], [-0.001314511145496182, 0.004810556449946458, -0.013881661393330988], [-0.004022340573153361, -0.013881661393330986, 0.11471381929864444]], "chi2_level": 0.99, "chi2_df": 3, "chi2_threshold": 11.344866730144373, "N_raw": 23, "N_roi": 23, "N_inlier": 23, "refit": true}
{"timestamp": "18:57:08.471808", "frame": 65, "mu": [1.7663362277566677, 2.0478785197590623, 1.7664557991574341], "Sigma": [[0.007696910335459761, -0.002647495161262812, 0.00023870655956581384], [-0.002647495161262812, 0.005298168246837689, 0.0017213147208654132], [0.00023870655956581387, 0.001721314720865413, 0.0015502057018686054]], "chi2_level": 0.99, "chi2_df": 3, "chi2_threshold": 11.344866730144373, "N_raw": 31, "N_roi": 31, "N_inlier": 29, "refit": true}
{"timestamp": "18:57:08.636144", "frame": 68, "mu": [1.6706022455787934, 2.247300740704498, 1.7275726963552227], "Sigma": [[0.006457212809048827, -0.003141708380764358, 2.1699412946468548e-05], [-0.0031417083807643584, 0.003935787000344498, 0.0004552594578798597], [2.1699412946468548e-05, 0.0004552594578798597, 0.0008437990035437595]], "chi2_level": 0.99, "chi2_df": 3, "chi2_threshold": 11.344866730144373, "N_raw": 22, "N_roi": 22, "N_inlier": 21, "refit": true}
{"timestamp": "18:57:08.690005", "frame": 69, "mu": [1.68032662846444, 2.325788741136507, 1.3639709566473512], "Sigma": [[0.010530997336970759, 0.009144922812676733, -0.037900383675639845], [0.009144922812676733, 0.015451627962311832, -0.048615562590747285], [-0.037900383675639845, -0.04861556259074729, 0.19094499718505495]], "chi2_level": 0.99, "chi2_df": 3, "chi2_threshold": 11.344866730144373, "N_raw": 13, "N_roi": 13, "N_inlier": 13, "refit": true}
{"timestamp": "18:57:08.855873", "frame": 72, "mu": [1.617039953384935, 2.440759891383505, 1.6295685262550252], "Sigma": [[0.003219091816974118, -0.0011175553974057608, -0.002481583702592481], [-0.0011175553974057605, 0.0027504098698137437, -0.004100889742643521], [-0.0024815837025924806, -0.004100889742643521, 0.03184834979469055]], "chi2_level": 0.99, "chi2_df": 3, "chi2_threshold": 11.344866730144373, "N_raw": 20, "N_roi": 20, "N_inlier": 18, "refit": true}
{"timestamp": "18:57:09.462639", "frame": 83, "mu": [1.5916866443732482, 2.994298207737021, 1.5457627681275385], "Sigma": [[0.011231575201650476, -0.004109756595571779, -0.011470731262083728], [-0.004109756595571779, 0.0039023155620935513, 0.00017570382392126664], [-0.011470731262083728, 0.00017570382392126664, 0.027191988820603953]], "chi2_level": 0.99, "chi2_df": 3, "chi2_threshold": 11.344866730144373, "N_raw": 37, "N_roi": 37, "N_inlier": 35, "refit": true}
{"timestamp": "18:57:09.516356", "frame": 84, "mu": [1.6481640249848812, 2.975757129082578, 1.1919234964649073], "Sigma": [[0.00839468194475463, -0.004574899069186741, -0.032877584085238], [-0.004574899069186741, 0.004293189825718473, 0.024887547145633928], [-0.032877584085238, 0.024887547145633928, 0.27556921626185726]], "chi2_level": 0.99, "chi2_df": 3, "chi2_threshold": 11.344866730144373, "N_raw": 26, "N_roi": 26, "N_inlier": 25, "refit": true}
{"timestamp": "18:57:09.572008", "frame": 85, "mu": [1.650135635354973, 3.1443323675434063, 0.9563534986412078], "Sigma": [[0.008157095824205518, -0.004972465353234815, -0.006063633527995875], [-0.004972465353234815, 0.005780020568764023, -0.005299622542392225], [-0.006063633527995875, -0.005299622542392224, 0.045260670199992935]], "chi2_level": 0.99, "chi2_df": 3, "chi2_threshold": 11.344866730144373, "N_raw": 26, "N_roi": 26, "N_inlier": 25, "refit": true}
{"timestamp": "18:57:09.624602", "frame": 86, "mu": [1.6419927163932468, 3.127069119241228, 1.309490654379678], "Sigma": [[0.005571465246353481, -0.0018386508466597703, -0.0017138681951020013], [-0.0018386508466597701, 0.001948668680872733, -0.0030556037669217523], [-0.0017138681951020015, -0.0030556037669217523, 0.016546612019501045]], "chi2_level": 0.99, "chi2_df": 3, "chi2_threshold": 11.344866730144373, "N_raw": 12, "N_roi": 12, "N_inlier": 12, "refit": true}
{"timestamp": "18:57:09.680391", "frame": 87, "mu": [1.706563068392724, 3.1180167074311065, 1.4330177576772634], "Sigma": [[0.00895555514078448, -0.003459432080996145, -0.0068414589743110935], [-0.0034594320809961457, 0.006818491097914956, -0.018852644904881467], [-0.006841458974311094, -0.018852644904881467, 0.09518795853090928]], "chi2_level": 0.99, "chi2_df": 3, "chi2_threshold": 11.344866730144373, "N_raw": 25, "N_roi": 25, "N_inlier": 24, "refit": true}
{"timestamp": "18:57:09.736564", "frame": 88, "mu": [1.6327067594121762, 3.169300772770099, 1.729817340058862], "Sigma": [[0.010282384382535759, -0.0035776615053873125, -0.001954647531716589], [-0.003577661505387313, 0.004625447399903208, -0.003269072041218497], [-0.0019546475317165886, -0.003269072041218497, 0.03898080570723905]], "chi2_level": 0.99, "chi2_df": 3, "chi2_threshold": 11.344866730144373, "N_raw": 25, "N_roi": 25, "N_inlier": 22, "refit": true}
{"timestamp": "18:57:09.902159", "frame": 91, "mu": [1.6924624377412876, 3.3912316283578945, 0.08586668925587414], "Sigma": [[0.017649403675708518, 0.0011759742839896215, -0.033041102298692365], [0.0011759742839896215, 0.004791628162084695, -0.012052450096659353], [-0.033041102298692365, -0.012052450096659353, 0.09365242787749534]], "chi2_level": 0.99, "chi2_df": 3, "chi2_threshold": 11.344866730144373, "N_raw": 30, "N_roi": 30, "N_inlier": 28, "refit": true}
{"timestamp": "18:57:09.957665", "frame": 92, "mu": [1.6385906314271874, 3.332854068414197, 1.5664708650202352], "Sigma": [[0.010697824837558533, -0.0020752865249601023, -0.011671447473406742], [-0.002075286524960102, 0.003323570442303029, 0.00010423099816629145], [-0.011671447473406742, 0.00010423099816629156, 0.030331629738593748]], "chi2_level": 0.99, "chi2_df": 3, "chi2_threshold": 11.344866730144373, "N_raw": 34, "N_roi": 32, "N_inlier": 32, "refit": true}
{"timestamp": "18:57:10.011694", "frame": 93, "mu": [1.715285706547364, 3.3810172090562998, 1.3548437723668454], "Sigma": [[0.007950268352925848, -0.002923352612375087, -0.0077375311666990736], [-0.002923352612375087, 0.0019755424631324346, -0.0010904841577699432], [-0.0077375311666990736, -0.0010904841577699434, 0.03185457833329984]], "chi2_level": 0.99, "chi2_df": 3, "chi2_threshold": 11.344866730144373, "N_raw": 25, "N_roi": 22, "N_inlier": 21, "refit": true}
{"timestamp": "18:57:10.070616", "frame": 94, "mu": [1.7450978360528475, 3.4025869578670833, 1.0890776063825631], "Sigma": [[0.0212933433640604, -0.009501255806041633, -0.03145375553186647], [-0.009501255806041633, 0.006011381988787136, 0.006658418385478584], [-0.03145375553186647, 0.006658418385478586, 0.09666424807197067]], "chi2_level": 0.99, "chi2_df": 3, "chi2_threshold": 11.344866730144373, "N_raw": 60, "N_roi": 60, "N_inlier": 58, "refit": true}
{"timestamp": "18:57:10.123721", "frame": 95, "mu": [1.6008956625490462, 3.4606847587087497, 1.423420383644797], "Sigma": [[0.016934221479692663, -0.007131816197156136, -0.01076058031676988], [-0.007131816197156136, 0.005100948040310895, 0.0008283080743574072], [-0.01076058031676988, 0.0008283080743574074, 0.016463378579584836]], "chi2_level": 0.99, "chi2_df": 3, "chi2_threshold": 11.344866730144373, "N_raw": 36, "N_roi": 36, "N_inlier": 34, "refit": true}
{"timestamp": "18:57:10.178359", "frame": 96, "mu": [1.623817370047105, 3.498181504013987, 1.3205017846706413], "Sigma": [[0.019842933072682645, -0.01014116546626646, -0.013706357783356451], [-0.01014116546626646, 0.0075589275827128875, 0.0034999229912575963], [-0.013706357783356451, 0.0034999229912575968, 0.01954118015572153]], "chi2_level": 0.99, "chi2_df": 3, "chi2_threshold": 11.344866730144373, "N_raw": 38, "N_roi": 38, "N_inlier": 38, "refit": true}
{"timestamp": "18:57:10.339744", "frame": 99, "mu": [1.7181190786133027, 3.558865743840508, 1.3179171840829145], "Sigma": [[0.0063589022983874775, -0.001159996399208217, -0.0019998224688859705], [-0.001159996399208217, 0.0015468510675883287, -0.0017231246948177087], [-0.0019998224688859705, -0.001723124694817709, 0.004525124543206198]], "chi2_level": 0.99, "chi2_df": 3, "chi2_threshold": 11.344866730144373, "N_raw": 11, "N_roi": 11, "N_inlier": 11, "refit": true}
{"timestamp": "18:57:10.430177", "frame": 100, "mu": [1.6176695083356312, 3.652833292984729, 1.2010625967986044], "Sigma": [[0.013962809092321624, -0.006906485194571797, -0.005768165844051562], [-0.006906485194571797, 0.0056606943322152475, 0.0032793264765681503], [-0.005768165844051562, 0.0032793264765681503, 0.003618959269310671]], "chi2_level": 0.99, "chi2_df": 3, "chi2_threshold": 11.344866730144373, "N_raw": 24, "N_roi": 24, "N_inlier": 23, "refit": true}
{"timestamp": "18:57:10.506866", "frame": 102, "mu": [1.6380830045893857, 3.7395915531759734, 1.2095109518725518], "Sigma": [[0.016647720802600317, -0.00765530089006277, -0.01403883087160879], [-0.00765530089006277, 0.004406024398058103, 0.0029959941890552143], [-0.01403883087160879, 0.0029959941890552143, 0.0374109478855008]], "chi2_level": 0.99, "chi2_df": 3, "chi2_threshold": 11.344866730144373, "N_raw": 32, "N_roi": 32, "N_inlier": 32, "refit": true}
{"timestamp": "18:57:10.563623", "frame": 103, "mu": [1.587370131709769, 3.8384261452103723, 1.707076186250255], "Sigma": [[0.02127905454678701, -0.007958459438429601, -0.0077567532119788216], [-0.007958459438429601, 0.006058800365954251, 0.0020800749285326894], [-0.0077567532119788216, 0.0020800749285326894, 0.005142529139191132]], "chi2_level": 0.99, "chi2_df": 3, "chi2_threshold": 11.344866730144373, "N_raw": 36, "N_roi": 36, "N_inlier": 35, "refit": true}
{"timestamp": "18:57:10.621822", "frame": 104, "mu": [1.6298929523984655, 3.8588812916761763, 1.2007070710104397], "Sigma": [[0.029932963801034794, -0.013004141870188857, -0.0303944823929587], [-0.013004141870188859, 0.0067810209849590375, 0.0071238933464543], [-0.0303944823929587, 0.0071238933464543, 0.09241491784160644]], "chi2_level": 0.99, "chi2_df": 3, "chi2_threshold": 11.344866730144373, "N_raw": 63, "N_roi": 61, "N_inlier": 60, "refit": true}
{"timestamp": "18:57:10.672818", "frame": 105, "mu": [1.621568127149518, 3.9341241300794128, 1.409887523958743], "Sigma": [[0.020285262196483307, -0.00958001543193452, -0.02189931847251453], [-0.009580015431934518, 0.006100249907449091, 0.006897901463613188], [-0.02189931847251453, 0.006897901463613188, 0.04310484927193622]], "chi2_level": 0.99, "chi2_df": 3, "chi2_threshold": 11.344866730144373, "N_raw": 34, "N_roi": 34, "N_inlier": 33, "refit": true}
{"timestamp": "18:57:10.729023", "frame": 106, "mu": [1.622035320302791, 3.99905905194908, 1.4398580931907299], "Sigma": [[0.017690258505648072, -0.006636983816356899, -0.009328169758192903], [-0.006636983816356898, 0.00464715620728199, -0.0004470391476270214], [-0.009328169758192903, -0.0004470391476270217, 0.016695065964569156]], "chi2_level": 0.99, "chi2_df": 3, "chi2_threshold": 11.344866730144373, "N_raw": 45, "N_roi": 33, "N_inlier": 33, "refit": true}
{"timestamp": "18:57:10.780828", "frame": 107, "mu": [1.5266098522382812, 4.035994370033555, 1.6295530562873453], "Sigma": [[0.011250405230811547, -0.00352226184257934, -0.008115858727350492], [-0.00352226184257934, 0.0032452492522105705, -0.0015859680032298531], [-0.008115858727350492, -0.0015859680032298531, 0.017305672959852258]], "chi2_level": 0.99, "chi2_df": 3, "chi2_threshold": 11.344866730144373, "N_raw": 20, "N_roi": 20, "N_inlier": 20, "refit": true}
{"timestamp": "18:57:10.944882", "frame": 110, "mu": [1.7005073839415994, 4.11289973819432, 1.324509417184912], "Sigma": [[0.008405530001367617, -0.0027383700450360213, -0.0063969773139049575], [-0.0027383700450360213, 0.004706014661451353, -0.003539528802600285], [-0.0063969773139049575, -0.003539528802600285, 0.01911452065955114]], "chi2_level": 0.99, "chi2_df": 3, "chi2_threshold": 11.344866730144373, "N_raw": 20, "N_roi": 19, "N_inlier": 18, "refit": true}
{"timestamp": "18:57:10.998624", "frame": 111, "mu": [1.7729441716482701, 4.135255721127455, 1.0070520460765837], "Sigma": [[0.02748447016662235, -0.0015494508200868883, -0.08214031110384656], [-0.0015494508200868883, 0.0016037685855135994, 0.006387351634334438], [-0.08214031110384656, 0.006387351634334438, 0.2732913770062499]], "chi2_level": 0.99, "chi2_df": 3, "chi2_threshold": 11.344866730144373, "N_raw": 10, "N_roi": 10, "N_inlier": 10, "refit": true}
{"timestamp": "18:57:11.057844", "frame": 112, "mu": [1.6036216233396678, 4.1870129934042595, 1.5461155189468714], "Sigma": [[0.02021200781543509, -0.006264330557115274, -0.011792262005414817], [-0.006264330557115274, 0.004820067439979141, 0.00033849800059947556], [-0.011792262005414816, 0.00033849800059947567, 0.021217044502648892]], "chi2_level": 0.99, "chi2_df": 3, "chi2_threshold": 11.344866730144373, "N_raw": 38, "N_roi": 38, "N_inlier": 36, "refit": true}
{"timestamp": "18:57:11.278013", "frame": 116, "mu": [1.6676437046760495, 4.354318249520211, 1.1879313387152233], "Sigma": [[0.026919455879981225, -0.012953510020733923, -0.03593071419251483], [-0.012953510020733923, 0.006882787476010436, 0.016594456360729124], [-0.035930714192514826, 0.016594456360729124, 0.10692002381693143]], "chi2_level": 0.99, "chi2_df": 3, "chi2_threshold": 11.344866730144373, "N_raw": 36, "N_roi": 36, "N_inlier": 35, "refit": true}
{"timestamp": "18:57:11.330716", "frame": 117, "mu": [1.4866910122931745, 4.459341304310968, 1.6228193110625648], "Sigma": [[0.014909617775690817, -0.004336026408749956, -0.007640661918753013], [-0.0043360264087499555, 0.003401335226512729, 0.00047091031269383285], [-0.007640661918753013, 0.0004709103126938331, 0.00790296230160497]], "chi2_level": 0.99, "chi2_df": 3, "chi2_threshold": 11.344866730144373, "N_raw": 26, "N_roi": 25, "N_inlier": 24, "refit": true}
{"timestamp": "18:57:11.384855", "frame": 118, "mu": [1.5446968141873445, 4.490967299221506, 1.620100215099968], "Sigma": [[0.012153408324113064, -0.0037534904705243182, -0.00717864436933279], [-0.0037534904705243182, 0.002923372400556467, 0.0007776340956189177], [-0.00717864436933279, 0.0007776340956189179, 0.00801784452003461]], "chi2_level": 0.99, "chi2_df": 3, "chi2_threshold": 11.344866730144373, "N_raw": 18, "N_roi": 18, "N_inlier": 18, "refit": true}
{"timestamp": "18:57:11.494525", "frame": 120, "mu": [1.603528819255849, 4.527359433006766, 1.404122516177225], "Sigma": [[0.013569450599651062, -0.004062650133910073, -0.007603801846437076], [-0.004062650133910073, 0.003637939029130348, 0.0013729134889377695], [-0.007603801846437076, 0.0013729134889377695, 0.007370553780342124]], "chi2_level": 0.99, "chi2_df": 3, "chi2_threshold": 11.344866730144373, "N_raw": 21, "N_roi": 21, "N_inlier": 21, "refit": true}
{"timestamp": "18:57:11.552194", "frame": 121, "mu": [1.5169488913767224, 4.595087991961849, 1.4890781596196632], "Sigma": [[0.014759230328508243, -0.0047632510568791885, -0.013063104924854683], [-0.0047632510568791885, 0.003992296193122541, 0.0006550937162194088], [-0.013063104924854683, 0.0006550937162194088, 0.02016981733499558]], "chi2_level": 0.99, "chi2_df": 3, "chi2_threshold": 11.344866730144373, "N_raw": 29, "N_roi": 28, "N_inlier": 27, "refit": true}
{"timestamp": "18:57:11.603851", "frame": 122, "mu": [1.4816640215744936, 4.6348377240424545, 1.514798140741633], "Sigma": [[0.009784910882936168, -0.0018827088686589489, 0.000676005082969656], [-0.0018827088686589489, 0.0024879280403574244, -0.0003857346255962004], [0.0006760050829696559, -0.0003857346255962004, 7.850372449725058e-05]], "chi2_level": 0.99, "chi2_df": 3, "chi2_threshold": 11.344866730144373, "N_raw": 14, "N_roi": 14, "N_inlier": 14, "refit": true}
{"timestamp": "18:57:11.713588", "frame": 124, "mu": [1.653480382248341, 4.659535654639185, 1.274279882242746], "Sigma": [[0.009844011362417587, -0.0026056608474463146, 0.001391511967331223], [-0.0026056608474463146, 0.001905477602723701, -0.004343254089365752], [0.0013915119673312236, -0.004343254089365752, 0.01977342668712352]], "chi2_level": 0.99, "chi2_df": 3, "chi2_threshold": 11.344866730144373, "N_raw": 12, "N_roi": 12, "N_inlier": 12, "refit": true}
{"timestamp": "18:57:11.823601", "frame": 126, "mu": [1.509032990461023, 4.798193225568642, 1.3805441632181452], "Sigma": [[0.011216676526732531, -0.003326013446538803, -0.014330446944275158], [-0.003326013446538803, 0.0013365507871171587, 0.00311388887155445], [-0.014330446944275155, 0.0031138888715544497, 0.10274473203178464]], "chi2_level": 0.99, "chi2_df": 3, "chi2_threshold": 11.344866730144373, "N_raw": 13, "N_roi": 13, "N_inlier": 12, "refit": true}
{"timestamp": "18:57:11.881753", "frame": 127, "mu": [1.573517798744688, 4.807363827477116, 1.1800795196667548], "Sigma": [[0.026306342567393927, -0.009271640807341448, -0.014386689441037184], [-0.009271640807341448, 0.004554428012454294, 0.0008751578913758879], [-0.014386689441037184, 0.0008751578913758878, 0.03329763793733678]], "chi2_level": 0.99, "chi2_df": 3, "chi2_threshold": 11.344866730144373, "N_raw": 31, "N_roi": 31, "N_inlier": 31, "refit": true}
{"timestamp": "18:57:11.990745", "frame": 129, "mu": [1.6061056673256247, 4.900235005200709, 1.324413090343357], "Sigma": [[0.01730703556281065, -0.008071259922250197, -0.02829551493982549], [-0.008071259922250197, 0.004769713037165499, 0.010704678719973961], [-0.02829551493982549, 0.010704678719973961, 0.06616627133697746]], "chi2_level": 0.99, "chi2_df": 3, "chi2_threshold": 11.344866730144373, "N_raw": 23, "N_roi": 19, "N_inlier": 18, "refit": true}
{"timestamp": "18:57:12.044763", "frame": 130, "mu": [1.646827265696221, 4.835679345926635, 0.9896839074953733], "Sigma": [[0.022575858870445505, -0.0107849265055905, -0.029039911506701637], [-0.010784926505590502, 0.006264966073341193, 0.012949571283555793], [-0.029039911506701637, 0.012949571283555793, 0.04702954610300712]], "chi2_level": 0.99, "chi2_df": 3, "chi2_threshold": 11.344866730144373, "N_raw": 19, "N_roi": 19, "N_inlier": 19, "refit": true}
{"timestamp": "18:57:12.102065", "frame": 131, "mu": [1.681436280320838, 4.875404744390305, 1.1363926613873776], "Sigma": [[0.022005340786551603, -0.007678841869540565, -0.024528499031104132], [-0.007678841869540563, 0.004605534803512247, 0.007645172312886261], [-0.02452849903110413, 0.007645172312886261, 0.03279653481275778]], "chi2_level": 0.99, "chi2_df": 3, "chi2_threshold": 11.344866730144373, "N_raw": 31, "N_roi": 23, "N_inlier": 23, "refit": true}
