{"timestamp": "18:44:42.937019", "frame": 9, "mu": [2.2264639527426318, 4.887357205537188, 1.457382248365651], "Sigma": [[0.01686629476750286, -0.006352682439514284, -0.006261641246121587], [-0.0063526824395142845, 0.004616694023678842, 0.0029527397071182097], [-0.006261641246121587, 0.00295273970711821, 0.005773430266966871]], "chi2_level": 0.99, "chi2_df": 3, "chi2_threshold": 11.344866730144373, "N_raw": 20, "N_roi": 18, "N_inlier": 17, "refit": true}
{"timestamp": "18:44:43.102042", "frame": 12, "mu": [2.201852901972137, 4.885945901933006, 1.3921194071126628], "Sigma": [[0.014790416243454186, -0.00534084556662961, -0.010492682421730078], [-0.005340845566629609, 0.004367149121839524, -0.0010860205779568651], [-0.010492682421730078, -0.0010860205779568651, 0.023821083129598873]], "chi2_level": 0.99, "chi2_df": 3, "chi2_threshold": 11.344866730144373, "N_raw": 15, "N_roi": 12, "N_inlier": 12, "refit": true}
{"timestamp": "18:44:43.159743", "frame": 13, "mu": [2.2559580027158814, 4.8550028267088505, 1.3456514228686114], "Sigma": [[0.020558190392758087, -0.009216443978791233, -0.010748735883506475], [-0.009216443978791233, 0.005956491522373988, 0.001941407415050137], [-0.010748735883506477, 0.001941407415050138, 0.01440140011407008]], "chi2_level": 0.99, "chi2_df": 3, "chi2_threshold": 11.344866730144373, "N_raw": 28, "N_roi": 21, "N_inlier": 20, "refit": true}
{"timestamp": "18:44:43.214549", "frame": 14, "mu": [2.3641699684526785, 4.757829110198739, 1.2030190080520837], "Sigma": [[0.0071392621503401105, -0.0035133218224256244, -0.005455645565001392], [-0.0035133218224256244, 0.004458719737532343, -0.00032938050968673357], [-0.005455645565001392, -0.00032938050968673357, 0.009192255566748917]], "chi2_level": 0.99, "chi2_df": 3, "chi2_threshold": 11.344866730144373, "N_raw": 14, "N_roi": 10, "N_inlier": 10, "refit": true}
{"timestamp": "18:44:43.273757", "frame": 15, "mu": [2.2148556569778646, 4.832287125093633, 1.3024330041096648], "Sigma": [[0.029587671672072154, -0.014042054859111149, -0.013326015745083896], [-0.014042054859111149, 0.010018398955461976, 0.004415985854950469], [-0.013326015745083894, 0.004415985854950469, 0.010826022872685923]], "chi2_level": 0.99, "chi2_df": 3, "chi2_threshold": 11.344866730144373, "N_raw": 45, "N_roi": 33, "N_inlier": 33, "refit": true}
{"timestamp": "18:44:43.382124", "frame": 17, "mu": [2.2165701982729997, 4.801175736203952, 1.0978796315428685], "Sigma": [[0.02694262814508469, -0.014092199094035899, -0.009074462809809588], [-0.014092199094035897, 0.01015898969693356, 0.002075305765400857], [-0.009074462809809588, 0.0020753057654008577, 0.009912594009649698]], "chi2_level": 0.99, "chi2_df": 3, "chi2_threshold": 11.344866730144373, "N_raw": 46, "N_roi": 34, "N_inlier": 33, "refit": true}
{"timestamp": "18:44:43.436277", "frame": 18, "mu": [2.203302249003811, 4.732134052491403, 0.9761523977733896], "Sigma": [[0.014785822340770268, -0.01126743286339989, -0.012154823446437445], [-0.01126743286339989, 0.011059757639703727, 0.007797683953972215], [-0.012154823446437445, 0.007797683953972215, 0.02307652894914979]], "chi2_level": 0.99, "chi2_df": 3, "chi2_threshold": 11.344866730144373, "N_raw": 27, "N_roi": 19, "N_inlier": 17, "refit": true}
{"timestamp": "18:44:43.492194", "frame": 19, "mu": [2.2719939588929727, 4.574773065895144, 0.6507045961217071], "Sigma": [[0.017909707858754093, -0.008991246948955724, -0.010280859749161807], [-0.008991246948955724, 0.008631276557730699, 0.004817777601379529], [-0.010280859749161807, 0.004817777601379529, 0.009573891865176877]], "chi2_level": 0.99, "chi2_df": 3, "chi2_threshold": 11.344866730144373, "N_raw": 39, "N_roi": 29, "N_inlier": 28, "refit": true}
{"timestamp": "18:44:43.547013", "frame": 20, "mu": [2.3049476700881595, 4.4864605848733765, 0.6694967079374831], "Sigma": [[0.008897626090080837, -0.004916118379175844, -0.012363687455075822], [-0.004916118379175843, 0.004864784636527266, 0.008391475288093423], [-0.012363687455075822, 0.008391475288093423, 0.08132074329123731]], "chi2_level": 0.99, "chi2_df": 3, "chi2_threshold": 11.344866730144373, "N_raw": 33, "N_roi": 11, "N_inlier": 10, "refit": true}
{"timestamp": "18:44:43.600136", "frame": 21, "mu": [2.224535899341689, 4.5190519288844255, 1.042197361172915], "Sigma": [[0.012170388872332323, -0.007294555504932239, -0.00703818595127944], [-0.0072945555049322396, 0.005728034323759537, 0.0025573167071393605], [-0.00703818595127944, 0.00255731670713936, 0.008327311509276677]], "chi2_level": 0.99, "chi2_df": 3, "chi2_threshold": 11.344866730144373, "N_raw": 19, "N_roi": 12, "N_inlier": 11, "refit": true}
{"timestamp": "18:44:43.657637", "frame": 22, "mu": [2.1983217016884784, 4.469271201322439, 1.0278602919364896], "Sigma": [[0.016539389554794438, -0.008756133306253085, -0.012076672849084381], [-0.008756133306253085, 0.005651365986914648, 0.0031229360998233607], [-0.012076672849084381, 0.0031229360998233607, 0.03313406426804797]], "chi2_level": 0.99, "chi2_df": 3, "chi2_threshold": 11.344866730144373, "N_raw": 48, "N_roi": 20, "N_inlier": 20, "refit": true}
{"timestamp": "18:44:43.711157", "frame": 23, "mu": [2.1937483406704534, 4.345453610797975, 0.6844847880576315], "Sigma": [[0.02106221734637871, -0.014107888686694065, -0.01473279182397398], [-0.014107888686694062, 0.014244077363511734, 0.01242776211788105], [-0.01473279182397398, 0.01242776211788105, 0.016469734755979758]], "chi2_level": 0.99, "chi2_df": 3, "chi2_threshold": 11.344866730144373, "N_raw": 33, "N_roi": 30, "N_inlier": 29, "refit": true}
{"timestamp": "18:44:43.818452", "frame": 25, "mu": [2.107957801651061, 4.310565220715105, 0.8707964076018933], "Sigma": [[0.009028434771703581, -0.003828019191195766, -0.0070892492850996285], [-0.003828019191195766, 0.0035439555799770327, -0.0002072821452463599], [-0.0070892492850996285, -0.0002072821452463599, 0.01636973263905634]], "chi2_level": 0.99, "chi2_df": 3, "chi2_threshold": 11.344866730144373, "N_raw": 15, "N_roi": 11, "N_inlier": 11, "refit": true}
{"timestamp": "18:44:44.041345", "frame": 29, "mu": [1.9456900787214066, 4.074462676010404, 0.7893451374351008], "Sigma": [[0.018434017313828793, -0.010208260475338968, -0.003669539373331646], [-0.01020826047533897, 0.006603775595631735, -0.0007980384790043681], [-0.003669539373331646, -0.0007980384790043679, 0.016985422139092456]], "chi2_level": 0.99, "chi2_df": 3, "chi2_threshold": 11.344866730144373, "N_raw": 32, "N_roi": 32, "N_inlier": 31, "refit": true}
{"timestamp": "18:44:44.094545", "frame": 30, "mu": [1.8524208611065454, 4.175550094953193, -0.03954237631527221], "Sigma": [[0.007502334224546061, -0.005363713702674162, -0.003176769922468859], [-0.005363713702674163, 0.007278327435826143, -7.258073237689723e-05], [-0.0031767699224688585, -7.258073237689745e-05, 0.005933512737155575]], "chi2_level": 0.99, "chi2_df": 3, "chi2_threshold": 11.344866730144373, "N_raw": 15, "N_roi": 15, "N_inlier": 15, "refit": true}
{"timestamp": "18:44:44.263657", "frame": 33, "mu": [1.6582680769652538, 3.955488841896318, -1.0879137719071892], "Sigma": [[0.02185337802470881, 0.0023832031841203886, 0.0462598707181713], [0.0023832031841203877, 0.00806811816507621, 0.019771533022462005], [0.0462598707181713, 0.019771533022462005, 0.19440949300635654]], "chi2_level": 0.99, "chi2_df": 3, "chi2_threshold": 11.344866730144373, "N_raw": 48, "N_roi": 48, "N_inlier": 48, "refit": true}
{"timestamp": "18:44:44.314185", "frame": 34, "mu": [1.6140001880780004, 3.8756703099341183, 0.8871911049786813], "Sigma": [[0.005965288678941047, -0.0016125093654227546, 0.002649065700440641], [-0.0016125093654227544, 0.003308556057856336, -0.012415682335080239], [0.0026490657004406407, -0.012415682335080239, 0.07141414339971489]], "chi2_level": 0.99, "chi2_df": 3, "chi2_threshold": 11.344866730144373, "N_raw": 14, "N_roi": 14, "N_inlier": 14, "refit": true}
{"timestamp": "18:44:44.370890", "frame": 35, "mu": [1.6100494560133867, 3.8171597791657974, 0.8453940238253869], "Sigma": [[0.011717733919225674, -0.006595091315573996, -0.003777592090276922], [-0.006595091315573997, 0.005091527898380968, -0.0011363383071435714], [-0.003777592090276922, -0.0011363383071435716, 0.012465263537223882]], "chi2_level": 0.99, "chi2_df": 3, "chi2_threshold": 11.344866730144373, "N_raw": 31, "N_roi": 31, "N_inlier": 30, "refit": true}
{"timestamp": "18:44:44.426703", "frame": 36, "mu": [1.5927503213472827, 3.702564062517403, 0.9574780131784442], "Sigma": [[0.022679854332362102, -0.013442252044430045, -0.030690103498714358], [-0.013442252044430045, 0.009539761187372108, 0.016107071771914165], [-0.030690103498714358, 0.016107071771914165, 0.05270391542714741]], "chi2_level": 0.99, "chi2_df": 3, "chi2_threshold": 11.344866730144373, "N_raw": 38, "N_roi": 38, "N_inlier": 37, "refit": true}
{"timestamp": "18:44:44.483853", "frame": 37, "mu": [1.534191173266639, 3.637618501969919, 0.7794170016803805], "Sigma": [[0.018924141860418596, -0.008995994532362458, -0.011593170793227109], [-0.008995994532362458, 0.006657444146168718, 0.002151516037953446], [-0.011593170793227109, 0.002151516037953446, 0.016780129767400002]], "chi2_level": 0.99, "chi2_df": 3, "chi2_threshold": 11.344866730144373, "N_raw": 44, "N_roi": 44, "N_inlier": 43, "refit": true}
{"timestamp": "18:44:44.539745", "frame": 38, "mu": [1.4195251450055417, 3.6367976473604933, 0.9719630504094551], "Sigma": [[0.021011051191689847, -0.007162012521925791, -0.008175516126489046], [-0.007162012521925791, 0.0042984880614653385, -0.0035346331421375445], [-0.008175516126489046, -0.0035346331421375436, 0.04402441176000314]], "chi2_level": 0.99, "chi2_df": 3, "chi2_threshold": 11.344866730144373, "N_raw": 61, "N_roi": 61, "N_inlier": 59, "refit": true}
{"timestamp": "18:44:44.595175", "frame": 39, "mu": [1.4320039328379728, 3.4715984727543883, 0.5849129335320752], "Sigma": [[0.02564953290542798, -0.013925530713349659, -0.014962504748698476], [-0.013925530713349659, 0.00815916561112319, 0.006944864920733509], [-0.014962504748698476, 0.006944864920733509, 0.03661840913031856]], "chi2_level": 0.99, "chi2_df": 3, "chi2_threshold": 11.344866730144373, "N_raw": 53, "N_roi": 53, "N_inlier": 52, "refit": true}
{"timestamp": "18:44:44.646344", "frame": 40, "mu": [1.3783055031674734, 3.408982126623653, 0.6196465965427307], "Sigma": [[0.013545267244543581, -0.007268738892413662, -0.007432986293290673], [-0.007268738892413662, 0.005241848431795802, 0.0019270270788646982], [-0.007432986293290673, 0.0019270270788646982, 0.011304408752741925]], "chi2_level": 0.99, "chi2_df": 3, "chi2_threshold": 11.344866730144373, "N_raw": 33, "N_roi": 33, "N_inlier": 32, "refit": true}
{"timestamp": "18:44:44.701124", "frame": 41, "mu": [1.3256890543975237, 3.581155795011361, -0.4501586099703487], "Sigma": [[0.01522131236139636, -0.007049881819167826, -0.012031442048115893], [-0.007049881819167826, 0.006313883385715918, 0.0025173926235103556], [-0.012031442048115893, 0.0025173926235103556, 0.014115769569357344]], "chi2_level": 0.99, "chi2_df": 3, "chi2_threshold": 11.344866730144373, "N_raw": 34, "N_roi": 34, "N_inlier": 34, "refit": true}
{"timestamp": "18:44:44.762430", "frame": 42, "mu": [1.2439228801962854, 3.5014512960270303, -0.3020208497022663], "Sigma": [[0.020924572928091578, -0.0075504116170777855, -0.013898839177651941], [-0.0075504116170777855, 0.005628275433957781, 0.001404252234214378], [-0.013898839177651941, 0.001404252234214378, 0.015770278830288687]], "chi2_level": 0.99, "chi2_df": 3, "chi2_threshold": 11.344866730144373, "N_raw": 45, "N_roi": 45, "N_inlier": 42, "refit": true}
{"timestamp": "18:44:44.811822", "frame": 43, "mu": [1.1199255031570674, 3.3324340248275623, 0.956704148645679], "Sigma": [[0.00963346217967317, -0.004499881647117702, 0.0019121530191551525], [-0.004499881647117702, 0.003983975097876769, -0.0066779506085318], [0.0019121530191551525, -0.0066779506085318, 0.023043037621126708]], "chi2_level": 0.99, "chi2_df": 3, "chi2_threshold": 11.344866730144373, "N_raw": 37, "N_roi": 37, "N_inlier": 37, "refit": true}
{"timestamp": "18:44:44.868028", "frame": 44, "mu": [1.111200690767447, 3.2974602703154527, 0.6800709017557823], "Sigma": [[0.016082105416352795, -0.009658762773972328, -0.0044681273693098125], [-0.009658762773972328, 0.007737957093117593, -0.0016668718613301412], [-0.0044681273693098125, -0.0016668718613301412, 0.01541337391352028]], "chi2_level": 0.99, "chi2_df": 3, "chi2_threshold": 11.344866730144373, "N_raw": 35, "N_roi": 35, "N_inlier": 34, "refit": true}
{"timestamp": "18:44:44.928965", "frame": 45, "mu": [1.0496656654777037, 3.1961272352546435, 0.8115915436660321], "Sigma": [[0.040818163717472766, -0.03364263664419915, -0.013197516299694047], [-0.03364263664419915, 0.03157910471134323, 0.006950648165907376], [-0.013197516299694047, 0.006950648165907376, 0.014891876823326147]], "chi2_level": 0.99, "chi2_df": 3, "chi2_threshold": 11.344866730144373, "N_raw": 78, "N_roi": 76, "N_inlier": 74, "refit": true}
{"timestamp": "18:44:44.984576", "frame": 46, "mu": [0.9960295769348511, 3.125031632068062, 0.8732210742048311], "Sigma": [[0.02329176313446838, -0.021049062364967005, -0.003219734057894562], [-0.021049062364967005, 0.02357384591253462, 0.0006918954257842361], [-0.0032197340578945617, 0.0006918954257842355, 0.014018809881358629]], "chi2_level": 0.99, "chi2_df": 3, "chi2_threshold": 11.344866730144373, "N_raw": 56, "N_roi": 55, "N_inlier": 55, "refit": true}
{"timestamp": "18:44:45.033928", "frame": 47, "mu": [0.8779746164597151, 3.1052628355044587, 0.919921884188557], "Sigma": [[0.01079684812579929, -0.004497206752609837, 0.0053590434642694015], [-0.004497206752609837, 0.0029941898039505302, -0.002910232832830204], [0.0053590434642694015, -0.0029102328328302045, 0.04769442059017094]], "chi2_level": 0.99, "chi2_df": 3, "chi2_threshold": 11.344866730144373, "N_raw": 48, "N_roi": 48, "N_inlier": 47, "refit": true}
{"timestamp": "18:44:45.094080", "frame": 48, "mu": [0.7773136402522115, 3.1256240508698885, -0.7925631160248727], "Sigma": [[0.02074415972043063, -0.0027581123261471185, 0.07518564396392492], [-0.002758112326147118, 0.009506835824924741, -0.01202320224774941], [0.07518564396392494, -0.012023202247749408, 0.4009427654320926]], "chi2_level": 0.99, "chi2_df": 3, "chi2_threshold": 11.344866730144373, "N_raw": 74, "N_roi": 70, "N_inlier": 69, "refit": true}
{"timestamp": "18:44:45.145500", "frame": 49, "mu": [0.7643275225437381, 2.9501215462255796, 0.9626240773094189], "Sigma": [[0.013478374806991962, 0.0009131178097181932, 0.0013684888117532204], [0.0009131178097181932, 0.010413818983912275, 0.004623209521622408], [0.0013684888117532206, 0.004623209521622408, 0.009520241172403207]], "chi2_level": 0.99, "chi2_df": 3, "chi2_threshold": 11.344866730144373, "N_raw": 60, "N_roi": 59, "N_inlier": 58, "refit": true}
{"timestamp": "18:44:45.205456", "frame": 50, "mu": [0.6165871774653267, 3.0248436738947784, -0.7345866169981174], "Sigma": [[0.01588074972015599, 0.003622169924848797, 0.05135475540704315], [0.0036221699248487975, 0.009917626466058422, 0.012911486429885377], [0.05135475540704315, 0.012911486429885377, 0.26246179241310696]], "chi2_level": 0.99, "chi2_df": 3, "chi2_threshold": 11.344866730144373, "N_raw": 91, "N_roi": 91, "N_inlier": 89, "refit": true}
{"timestamp": "18:44:45.259714", "frame": 51, "mu": [0.5776748355482912, 2.9307342355978734, 0.9311888919287414], "Sigma": [[0.025074901473572116, -0.00890718369099834, 0.017335550506452746], [-0.008907183690998337, 0.006750437646484434, -0.010440844845407152], [0.017335550506452746, -0.010440844845407152, 0.02355890777052268]], "chi2_level": 0.99, "chi2_df": 3, "chi2_threshold": 11.344866730144373, "N_raw": 86, "N_roi": 85, "N_inlier": 82, "refit": true}
{"timestamp": "18:44:45.312711", "frame": 52, "mu": [0.5393691415321246, 2.8686250730633955, 1.0696213250172606], "Sigma": [[0.014311585750601872, -0.002947736006228373, -0.0003408040220702937], [-0.002947736006228373, 0.0065899234117422914, -0.0009006755183686448], [-0.0003408040220702937, -0.0009006755183686449, 0.0018394576872722695]], "chi2_level": 0.99, "chi2_df": 3, "chi2_threshold": 11.344866730144373, "N_raw": 65, "N_roi": 65, "N_inlier": 59, "refit": true}
{"timestamp": "18:44:45.367884", "frame": 53, "mu": [0.5200716510540667, 2.803608765074585, 1.1043307094228043], "Sigma": [[0.012735850397256191, -0.004784918655028744, -0.009023938509087143], [-0.004784918655028744, 0.005266367890453319, 0.00036727768355553704], [-0.009023938509087143, 0.0003672776835555369, 0.010421393056141778]], "chi2_level": 0.99, "chi2_df": 3, "chi2_threshold": 11.344866730144373, "N_raw": 60, "N_roi": 57, "N_inlier": 54, "refit": true}
{"timestamp": "18:44:45.423880", "frame": 54, "mu": [0.4458011952655954, 2.7574999889475214, 1.0124219709837041], "Sigma": [[0.01565703598327583, -0.006781910158517767, -0.019450161958466435], [-0.006781910158517767, 0.004169880692515335, 0.005198605651437762], [-0.019450161958466435, 0.005198605651437762, 0.06411492889016271]], "chi2_level": 0.99, "chi2_df": 3, "chi2_threshold": 11.344866730144373, "N_raw": 78, "N_roi": 78, "N_inlier": 73, "refit": true}
{"timestamp": "18:44:45.484452", "frame": 55, "mu": [0.36405207606028095, 2.7794546694192293, 0.8094650655112311], "Sigma": [[0.022763016064301506, -0.01137923491005739, -0.001463257012864858], [-0.01137923491005739, 0.011978070628007263, -0.00654388861121367], [-0.0014632570128648593, -0.006543888611213669, 0.16984226182087517]], "chi2_level": 0.99, "chi2_df": 3, "chi2_threshold": 11.344866730144373, "N_raw": 112, "N_roi": 109, "N_inlier": 108, "refit": true}
{"timestamp": "18:44:45.538981", "frame": 56, "mu": [0.23437155963771644, 2.7084576369065543, 0.9613311843314566], "Sigma": [[0.026251617715921417, -0.010933790338404243, -0.007793637178140096], [-0.010933790338404241, 0.007643176162206301, -0.001768956793550529], [-0.007793637178140096, -0.001768956793550529, 0.08571278038800553]], "chi2_level": 0.99, "chi2_df": 3, "chi2_threshold": 11.344866730144373, "N_raw": 106, "N_roi": 104, "N_inlier": 100, "refit": true}
{"timestamp": "18:44:45.585191", "frame": 57, "mu": [0.2706374542966891, 2.616254912173189, 1.0405998290259726], "Sigma": [[0.011704543475943473, -0.0002974022789305501, 0.0008790756290898618], [-0.00029740227893055015, 0.000965167978317677, -0.003006189500347465], [0.0008790756290898618, -0.003006189500347465, 0.02034816453751285]], "chi2_level": 0.99, "chi2_df": 3, "chi2_threshold": 11.344866730144373, "N_raw": 53, "N_roi": 53, "N_inlier": 53, "refit": true}
{"timestamp": "18:44:45.636990", "frame": 58, "mu": [0.184797014588802, 2.5265074964004253, 0.8342263273210587], "Sigma": [[0.005817846709531367, -0.0005710633519950438, 0.0013314683697487975], [-0.000571063351995044, 0.001840525157811053, -0.0004961023709515128], [0.0013314683697487975, -0.0004961023709515128, 0.021177422711372296]], "chi2_level": 0.99, "chi2_df": 3, "chi2_threshold": 11.344866730144373, "N_raw": 28, "N_roi": 24, "N_inlier": 23, "refit": true}
{"timestamp": "18:44:45.694890", "frame": 59, "mu": [0.09456386833147004, 2.4707853610054955, 1.1181618253339742], "Sigma": [[0.010707252683595138, -0.002973521500675013, -0.01246263172084727], [-0.002973521500675013, 0.0014615623928281578, 0.004324528900015618], [-0.012462631720847269, 0.004324528900015618, 0.05409005212234587]], "chi2_level": 0.99, "chi2_df": 3, "chi2_threshold": 11.344866730144373, "N_raw": 51, "N_roi": 51, "N_inlier": 51, "refit": true}
{"timestamp": "18:44:45.753981", "frame": 60, "mu": [0.05775947695886888, 2.445745859266618, 1.1506140496563155], "Sigma": [[0.011834195061254287, -0.001807830227494524, -0.009630184843431141], [-0.001807830227494524, 0.0026698121694178354, -0.0044887193789586366], [-0.009630184843431141, -0.0044887193789586366, 0.02462197103771496]], "chi2_level": 0.99, "chi2_df": 3, "chi2_threshold": 11.344866730144373, "N_raw": 75, "N_roi": 75, "N_inlier": 72, "refit": true}
{"timestamp": "18:44:45.810879", "frame": 61, "mu": [-0.0769059688549934, 2.445485893673222, 1.0660017159162443], "Sigma": [[0.03718412303719279, -0.014856187757328228, -0.0014974805368615767], [-0.014856187757328228, 0.008143353487645397, -0.00423409674863048], [-0.0014974805368615767, -0.004234096748630481, 0.024296814880571428]], "chi2_level": 0.99, "chi2_df": 3, "chi2_threshold": 11.344866730144373, "N_raw": 89, "N_roi": 89, "N_inlier": 84, "refit": true}
{"timestamp": "18:44:45.864346", "frame": 62, "mu": [-0.055851970703580285, 2.352909514892234, 1.2874182272426593], "Sigma": [[0.010102807235796188, -0.002561916643294547, -0.01437224381555489], [-0.002561916643294547, 0.0029923765986108256, -0.0013650470070958529], [-0.01437224381555489, -0.0013650470070958529, 0.04748270556405615]], "chi2_level": 0.99, "chi2_df": 3, "chi2_threshold": 11.344866730144373, "N_raw": 75, "N_roi": 75, "N_inlier": 70, "refit": true}
{"timestamp": "18:44:45.917391", "frame": 63, "mu": [-0.14051495969648448, 2.2929200533956466, 1.1903361348426866], "Sigma": [[0.01407990406099079, -0.006961897896413651, 0.018924416185942577], [-0.00696189789641365, 0.005938412944177737, -0.01433279018830004], [0.018924416185942577, -0.01433279018830004, 0.09661563022916585]], "chi2_level": 0.99, "chi2_df": 3, "chi2_threshold": 11.344866730144373, "N_raw": 63, "N_roi": 62, "N_inlier": 59, "refit": true}
{"timestamp": "18:44:45.981239", "frame": 64, "mu": [-0.21105615494706226, 2.2457914372333287, 1.0371445531410663], "Sigma": [[0.014802663285065444, -0.008110526071246297, 0.018348687758182575], [-0.008110526071246297, 0.008528354877527148, -0.01004489028816092], [0.018348687758182575, -0.010044890288160918, 0.20338332217356944]], "chi2_level": 0.99, "chi2_df": 3, "chi2_threshold": 11.344866730144373, "N_raw": 124, "N_roi": 120, "N_inlier": 119, "refit": true}
{"timestamp": "18:44:46.028650", "frame": 65, "mu": [-0.2197740335370515, 2.140630761319555, -0.6274785232401184], "Sigma": [[0.01118059309566872, -0.003975301383398613, -0.013273419988531834], [-0.003975301383398613, 0.005952997804674019, 0.004164634144513178], [-0.013273419988531834, 0.004164634144513178, 0.021468616036847896]], "chi2_level": 0.99, "chi2_df": 3, "chi2_threshold": 11.344866730144373, "N_raw": 70, "N_roi": 67, "N_inlier": 63, "refit": true}
{"timestamp": "18:44:46.082698", "frame": 66, "mu": [-0.3355710666297742, 2.0105931150005873, 0.9568735692218568], "Sigma": [[0.0173553488711782, 0.002804129967499419, 0.03309486830796823], [0.002804129967499419, 0.011919725024746567, 0.041734670898205546], [0.03309486830796823, 0.041734670898205546, 0.30441568704600697]], "chi2_level": 0.99, "chi2_df": 3, "chi2_threshold": 11.344866730144373, "N_raw": 59, "N_roi": 57, "N_inlier": 55, "refit": true}
{"timestamp": "18:44:46.139735", "frame": 67, "mu": [-0.36098536323606095, 2.2800235749104356, -0.462398322976572], "Sigma": [[0.017436949374741835, 0.024002220373829958, -0.053364785453902365], [0.024002220373829958, 0.06941408022273965, -0.1473826525616448], [-0.053364785453902365, -0.1473826525616448, 0.36513558173970323]], "chi2_level": 0.99, "chi2_df": 3, "chi2_threshold": 11.344866730144373, "N_raw": 84, "N_roi": 84, "N_inlier": 82, "refit": true}
{"timestamp": "18:44:46.191205", "frame": 68, "mu": [-0.5243124514346066, 1.9696317142818764, -0.6122186068540634], "Sigma": [[0.010463067235533764, -0.0016995850570972783, -0.01876638253081679], [-0.0016995850570972787, 0.0015706342249177357, 0.0017235211311563354], [-0.01876638253081679, 0.0017235211311563354, 0.10195883253892349]], "chi2_level": 0.99, "chi2_df": 3, "chi2_threshold": 11.344866730144373, "N_raw": 39, "N_roi": 39, "N_inlier": 35, "refit": true}
{"timestamp": "18:44:46.246807", "frame": 69, "mu": [-0.5618259199809337, 2.0435601890920143, -0.2478470465540649], "Sigma": [[0.01111242979885989, 0.0006635430753955962, -0.01600467437187122], [0.0006635430753955961, 0.0037274420697883176, -0.00460588442017938], [-0.01600467437187122, -0.004605884420179381, 0.028986813607333416]], "chi2_level": 0.99, "chi2_df": 3, "chi2_threshold": 11.344866730144373, "N_raw": 61, "N_roi": 61, "N_inlier": 56, "refit": true}
{"timestamp": "18:44:46.299107", "frame": 70, "mu": [-0.6712174607652984, 1.8968790248300749, 1.4506220895937725], "Sigma": [[0.012213035866055, 0.0005742249093537012, -0.0256268876456779], [0.0005742249093537012, 0.002458466966382482, -0.005901990779419927], [-0.025626887645677908, -0.005901990779419926, 0.08152503796297302]], "chi2_level": 0.99, "chi2_df": 3, "chi2_threshold": 11.344866730144373, "N_raw": 46, "N_roi": 46, "N_inlier": 43, "refit": true}
{"timestamp": "18:44:46.360938", "frame": 71, "mu": [-0.6871016255037198, 1.9169938363812449, 0.28086186956034775], "Sigma": [[0.008954806604052285, 0.0011688713327514745, 0.027690271556497642], [0.0011688713327514745, 0.008865959817585204, -0.006652454710510833], [0.027690271556497642, -0.006652454710510832, 0.27928689965444814]], "chi2_level": 0.99, "chi2_df": 3, "chi2_threshold": 11.344866730144373, "N_raw": 97, "N_roi": 97, "N_inlier": 94, "refit": true}
{"timestamp": "18:44:46.412766", "frame": 72, "mu": [-0.747013981094045, 1.7854023430147448, 1.5542096459433559], "Sigma": [[0.00893985693310775, -0.0009672244945117272, -0.006927876941754571], [-0.0009672244945117272, 0.004927238051476694, -0.0005635691882551387], [-0.00692787694175457, -0.0005635691882551387, 0.00621316383917016]], "chi2_level": 0.99, "chi2_df": 3, "chi2_threshold": 11.344866730144373, "N_raw": 64, "N_roi": 64, "N_inlier": 61, "refit": true}
{"timestamp": "18:44:46.465140", "frame": 73, "mu": [-0.8240808957399477, 1.7161638484454058, 1.541225681911665], "Sigma": [[0.0071483536971119815, 3.6878565449577306e-06, -0.007940995936386617], [3.6878565449577035e-06, 0.0023790994569235302, -0.0026181292862780376], [-0.007940995936386617, -0.0026181292862780376, 0.014919787096450105]], "chi2_level": 0.99, "chi2_df": 3, "chi2_threshold": 11.344866730144373, "N_raw": 53, "N_roi": 53, "N_inlier": 47, "refit": true}
{"timestamp": "18:44:46.516957", "frame": 74, "mu": [-0.8294422064751603, 1.6901172814164986, 0.97752343271683], "Sigma": [[0.0035986056307472656, -1.8608206302441e-05, 0.0014745498746990152], [-1.8608206302440973e-05, 0.0033383153979951626, -0.027996639124853326], [0.0014745498746990143, -0.02799663912485333, 0.5203052927505749]], "chi2_level": 0.99, "chi2_df": 3, "chi2_threshold": 11.344866730144373, "N_raw": 36, "N_roi": 36, "N_inlier": 35, "refit": true}
{"timestamp": "18:44:46.571822", "frame": 75, "mu": [-0.9323122125481658, 1.6166251799592686, 1.345740846431736], "Sigma": [[0.009809461885532908, 0.002796489182411537, -0.027123225472078467], [0.002796489182411537, 0.002518843584512354, -0.01623287739274804], [-0.027123225472078467, -0.016232877392748042, 0.1635502835684897]], "chi2_level": 0.99, "chi2_df": 3, "chi2_threshold": 11.344866730144373, "N_raw": 32, "N_roi": 32, "N_inlier": 28, "refit": true}
{"timestamp": "18:44:46.629904", "frame": 76, "mu": [-0.8757427522360388, 1.5757442795454235, 1.2838788464349804], "Sigma": [[0.004470241227552854, -0.0008241872178277698, -0.004145383812744992], [-0.0008241872178277697, 0.0014607617015441247, -0.0033243792274589914], [-0.004145383812744992, -0.0033243792274589914, 0.025979723344177322]], "chi2_level": 0.99, "chi2_df": 3, "chi2_threshold": 11.344866730144373, "N_raw": 58, "N_roi": 58, "N_inlier": 55, "refit": true}
{"timestamp": "18:44:46.680947", "frame": 77, "mu": [-1.1392721149105833, 1.3853754165944732, 1.0895266716503924], "Sigma": [[0.07497543950113725, 0.062274586272879184, -0.1569959093553567], [0.062274586272879184, 0.06278642704216175, -0.1460037126495749], [-0.15699590935535673, -0.1460037126495749, 0.7206576370213943]], "chi2_level": 0.99, "chi2_df": 3, "chi2_threshold": 11.344866730144373, "N_raw": 24, "N_roi": 24, "N_inlier": 24, "refit": true}
{"timestamp": "18:44:46.737481", "frame": 78, "mu": [-1.2259479832011129, 1.295959313608679, 1.229239723841648], "Sigma": [[0.06851822622491667, 0.06051081002624151, -0.17009656030816905], [0.060510810026241514, 0.06668689878138664, -0.14685733688239602], [-0.17009656030816905, -0.14685733688239605, 0.71575675381318]], "chi2_level": 0.99, "chi2_df": 3, "chi2_threshold": 11.344866730144373, "N_raw": 29, "N_roi": 29, "N_inlier": 29, "refit": true}
{"timestamp": "18:44:46.792609", "frame": 79, "mu": [-1.2898915357747882, 1.238841293428848, 1.5580768932274316], "Sigma": [[0.0395176028686301, 0.030849272337757583, -0.08217094769388641], [0.030849272337757583, 0.03038184366748636, -0.08584556962881135], [-0.08217094769388643, -0.08584556962881135, 0.388167376598152]], "chi2_level": 0.99, "chi2_df": 3, "chi2_threshold": 11.344866730144373, "N_raw": 34, "N_roi": 34, "N_inlier": 33, "refit": true}
{"timestamp": "18:44:46.851433", "frame": 80, "mu": [-1.2958110388577277, 1.185314869588841, 1.6792078689003247], "Sigma": [[0.01997125476281865, 0.0119536294639105, -0.013921144091303864], [0.0119536294639105, 0.010816042259997976, -0.011000753342670186], [-0.013921144091303864, -0.011000753342670184, 0.02223505165476732]], "chi2_level": 0.99, "chi2_df": 3, "chi2_threshold": 11.344866730144373, "N_raw": 68, "N_roi": 68, "N_inlier": 64, "refit": true}
{"timestamp": "18:44:46.903281", "frame": 81, "mu": [-1.3114319100169176, 1.1248708424008012, 1.7145617194189384], "Sigma": [[0.01149319166571086, 0.006037076693460559, -0.013162763766719099], [0.006037076693460559, 0.007596598077772816, -0.0074835717601136505], [-0.013162763766719099, -0.0074835717601136505, 0.016039243937642216]], "chi2_level": 0.99, "chi2_df": 3, "chi2_threshold": 11.344866730144373, "N_raw": 49, "N_roi": 49, "N_inlier": 48, "refit": true}
{"timestamp": "18:44:46.960115", "frame": 82, "mu": [-1.2422358634782822, 0.9920924860318112, 1.387728017891777], "Sigma": [[0.009464785345557758, 0.005871367255056519, -0.004051759135408374], [0.00587136725505652, 0.006752797720972596, -0.004610771146016039], [-0.004051759135408374, -0.004610771146016039, 0.003474634854802544]], "chi2_level": 0.99, "chi2_df": 3, "chi2_threshold": 11.344866730144373, "N_raw": 59, "N_roi": 59, "N_inlier": 56, "refit": true}
{"timestamp": "18:44:47.013267", "frame": 83, "mu": [-1.464532567107794, 1.0109864249023905, 1.6835129133204931], "Sigma": [[0.0067964721755351025, 0.005117366055013051, -0.008435367797341765], [0.005117366055013052, 0.011580407705316336, -0.01252019357572574], [-0.008435367797341765, -0.012520193575725737, 0.026580643575789542]], "chi2_level": 0.99, "chi2_df": 3, "chi2_threshold": 11.344866730144373, "N_raw": 47, "N_roi": 47, "N_inlier": 46, "refit": true}
{"timestamp": "18:44:47.069469", "frame": 84, "mu": [-1.4504950038060627, 1.0201618606419283, -0.13044112758614806], "Sigma": [[0.006637544204172427, 0.0015064339450386152, -0.0071874737394330285], [0.0015064339450386152, 0.012158900021439486, -0.0017704705965173107], [-0.0071874737394330285, -0.0017704705965173107, 0.010298057302977765]], "chi2_level": 0.99, "chi2_df": 3, "chi2_threshold": 11.344866730144373, "N_raw": 52, "N_roi": 52, "N_inlier": 50, "refit": true}
{"timestamp": "18:44:47.124335", "frame": 85, "mu": [-1.4398733345781527, 0.7990413443251855, 1.3578774714766362], "Sigma": [[0.007047553125428302, 0.0034152523422115756, 2.0108864442135947e-08], [0.0034152523422115756, 0.007383430019670349, -0.005487324603793996], [2.0108864442244367e-08, -0.005487324603793996, 0.008380899424705528]], "chi2_level": 0.99, "chi2_df": 3, "chi2_threshold": 11.344866730144373, "N_raw": 60, "N_roi": 60, "N_inlier": 60, "refit": true}
{"timestamp": "18:44:47.177335", "frame": 86, "mu": [-1.5382742930190043, 0.8348581992918687, 1.4442471799270769], "Sigma": [[0.006469338442152477, 0.0033879316503936862, -0.0032075082253428242], [0.0033879316503936862, 0.007890129718288537, -0.008518005541719387], [-0.0032075082253428242, -0.008518005541719387, 0.015034739563251284]], "chi2_level": 0.99, "chi2_df": 3, "chi2_threshold": 11.344866730144373, "N_raw": 48, "N_roi": 48, "N_inlier": 47, "refit": true}
{"timestamp": "18:44:47.235044", "frame": 87, "mu": [-1.5586604632829446, 0.8173284540109561, 1.4073010188892567], "Sigma": [[0.00602479844735138, 0.0024030974950512997, -0.001681771220688356], [0.0024030974950513, 0.0074403048692214, -0.0030374215164579426], [-0.0016817712206883555, -0.0030374215164579426, 0.029073470031456525]], "chi2_level": 0.99, "chi2_df": 3, "chi2_threshold": 11.344866730144373, "N_raw": 58, "N_roi": 58, "N_inlier": 55, "refit": true}
{"timestamp": "18:44:47.286824", "frame": 88, "mu": [-1.5860880651302387, 0.7456173497535737, 1.2457660128973203], "Sigma": [[0.004608739200512953, 0.0036824661273270193, 0.006706387207196539], [0.0036824661273270193, 0.0073218692582258564, 0.0051713646027160744], [0.006706387207196539, 0.0051713646027160744, 0.03422800149779076]], "chi2_level": 0.99, "chi2_df": 3, "chi2_threshold": 11.344866730144373, "N_raw": 40, "N_roi": 40, "N_inlier": 40, "refit": true}
{"timestamp": "18:44:47.342348", "frame": 89, "mu": [-1.6122816123434183, 0.679244915541273, 1.3726236694971443], "Sigma": [[0.00712020080017602, 0.003306706034069045, -0.0025832448800117945], [0.003306706034069045, 0.011687167561800946, -0.005598817988867624], [-0.0025832448800117945, -0.005598817988867624, 0.0037226400544574352]], "chi2_level": 0.99, "chi2_df": 3, "chi2_threshold": 11.344866730144373, "N_raw": 46, "N_roi": 46, "N_inlier": 45, "refit": true}
{"timestamp": "18:44:47.394813", "frame": 90, "mu": [-1.5936823242740707, 0.6098311938279523, 1.3122762334895552], "Sigma": [[0.005121209645422663, 0.003980630272930595, -0.002631153400631703], [0.003980630272930595, 0.008291545530828474, -0.004267949137074258], [-0.002631153400631703, -0.004267949137074258, 0.002812675764879661]], "chi2_level": 0.99, "chi2_df": 3, "chi2_threshold": 11.344866730144373, "N_raw": 28, "N_roi": 28, "N_inlier": 28, "refit": true}
{"timestamp": "18:44:47.507346", "frame": 92, "mu": [-1.6693659072108364, 0.6153414847423732, 1.21990512349162], "Sigma": [[0.006166200434669549, 0.003951317537034943, 0.0031223400119793467], [0.003951317537034943, 0.008485016525209794, -0.004620213755795367], [0.0031223400119793467, -0.004620213755795367, 0.015775456451483823]], "chi2_level": 0.99, "chi2_df": 3, "chi2_threshold": 11.344866730144373, "N_raw": 45, "N_roi": 45, "N_inlier": 45, "refit": true}
{"timestamp": "18:44:47.559056", "frame": 93, "mu": [-0.28795713330022993, 0.5710516921179765, 0.936698642615564], "Sigma": [[3.3536662953270087, -0.20714969555226326, -1.039214331971454], [-0.20714969555226323, 0.03195951898905174, 0.05922464506534558], [-1.039214331971454, 0.05922464506534557, 0.32364795435328136]], "chi2_level": 0.99, "chi2_df": 3, "chi2_threshold": 11.344866730144373, "N_raw": 14, "N_roi": 14, "N_inlier": 13, "refit": true}
{"timestamp": "18:44:47.834505", "frame": 98, "mu": [0.037816147166271116, 0.4358694039962319, 0.5159583637086815], "Sigma": [[4.663195338828177, 0.08823522791903435, -0.023704343870665626], [0.08823522791903435, 0.008644083688270415, -0.0025602701593609198], [-0.023704343870665633, -0.0025602701593609198, 0.0014337353343715812]], "chi2_level": 0.99, "chi2_df": 3, "chi2_threshold": 11.344866730144373, "N_raw": 19, "N_roi": 19, "N_inlier": 18, "refit": true}
