{"timestamp": "17:39:03.164610", "frame": 14, "mu": [0.23263872959416607, 0.11398968241506366, 1.4252555468769104], "Sigma": [[0.18441751325109815, -0.007269203219252154, 0.12611570999554925], [-0.007269203219252153, 0.003544090175201026, -0.025569761471261693], [0.12611570999554925, -0.025569761471261693, 0.24722559895489254]], "chi2_level": 0.99, "chi2_df": 3, "chi2_threshold": 11.344866730144373, "N_raw": 19, "N_roi": 19, "N_inlier": 18, "refit": true}
{"timestamp": "17:39:03.218571", "frame": 15, "mu": [0.19710043012555367, 0.1778619552806287, 1.2791471955585982], "Sigma": [[0.20645969691994773, -0.044486374934041444, 0.2228693531902278], [-0.04448637493404145, 0.019323346212483508, -0.08745564764830718], [0.22286935319022788, -0.08745564764830718, 0.41183479753225566]], "chi2_level": 0.99, "chi2_df": 3, "chi2_threshold": 11.344866730144373, "N_raw": 13, "N_roi": 13, "N_inlier": 13, "refit": true}
{"timestamp": "17:39:03.277559", "frame": 16, "mu": [-0.2537987074980745, 0.14792181841800225, 1.6220167500586282], "Sigma": [[0.2739046063467791, -0.0014942315403705545, 0.008762001662176142], [-0.001494231540370554, 0.0014167893291543027, -0.0013761345332135649], [0.008762001662176142, -0.001376134533213565, 0.0024072711654294057]], "chi2_level": 0.99, "chi2_df": 3, "chi2_threshold": 11.344866730144373, "N_raw": 48, "N_roi": 48, "N_inlier": 45, "refit": true}
{"timestamp": "17:39:03.335326", "frame": 17, "mu": [-0.5759187534416549, 0.3193515539229276, -0.42964708001127616], "Sigma": [[0.008510686182585719, 0.001641335459348072, -0.00429077577869912], [0.0016413354593480716, 0.01869762126600616, -0.05110406636893273], [-0.004290775778699119, -0.05110406636893273, 0.16101810750815104]], "chi2_level": 0.99, "chi2_df": 3, "chi2_threshold": 11.344866730144373, "N_raw": 53, "N_roi": 53, "N_inlier": 47, "refit": true}
{"timestamp": "17:39:03.393822", "frame": 18, "mu": [-0.40851250415414136, 0.19207864893939713, 1.6310867507163238], "Sigma": [[0.236334198491883, -0.0056741110980498164, 0.011110755970496704], [-0.005674111098049816, 0.002251031185323287, -0.003125082124913295], [0.011110755970496704, -0.0031250821249132954, 0.005842377709386128]], "chi2_level": 0.99, "chi2_df": 3, "chi2_threshold": 11.344866730144373, "N_raw": 64, "N_roi": 64, "N_inlier": 60, "refit": true}
{"timestamp": "17:39:03.449890", "frame": 19, "mu": [-0.5540506863933495, 0.26835386045004034, 1.5460449494345316], "Sigma": [[0.009749906034202166, 0.006108508408050016, -0.010911269618014986], [0.006108508408050016, 0.006732387883234805, -0.01072178790931456], [-0.010911269618014988, -0.01072178790931456, 0.018633305056590336]], "chi2_level": 0.99, "chi2_df": 3, "chi2_threshold": 11.344866730144373, "N_raw": 71, "N_roi": 71, "N_inlier": 65, "refit": true}
{"timestamp": "17:39:03.502964", "frame": 20, "mu": [-0.5674608118185108, 0.32579043358555954, 1.5624340970113433], "Sigma": [[0.018785285193951205, 0.006566546433735861, -0.016058095108266075], [0.006566546433735861, 0.004124651410514945, -0.00819404293736227], [-0.016058095108266075, -0.00819404293736227, 0.01926841288802015]], "chi2_level": 0.99, "chi2_df": 3, "chi2_threshold": 11.344866730144373, "N_raw": 69, "N_roi": 69, "N_inlier": 65, "refit": true}
{"timestamp": "17:39:03.560016", "frame": 21, "mu": [-0.5683740963957107, 0.31743767439179876, 1.573083433396333], "Sigma": [[0.013410471043515632, 0.006581880890607356, -0.013208659691109478], [0.006581880890607356, 0.005823030986138033, -0.009720120251029536], [-0.013208659691109478, -0.009720120251029536, 0.01917786894005606]], "chi2_level": 0.99, "chi2_df": 3, "chi2_threshold": 11.344866730144373, "N_raw": 77, "N_roi": 75, "N_inlier": 69, "refit": true}
{"timestamp": "17:39:03.612514", "frame": 22, "mu": [-0.6674221655874146, 0.33711983450333677, 1.6595125443231682], "Sigma": [[0.004805649658760459, 0.0008361505938420772, -0.001103104301016311], [0.0008361505938420772, 0.002914019932953833, -0.0031975296007830823], [-0.0011031043010163112, -0.0031975296007830814, 0.0050396554392304]], "chi2_level": 0.99, "chi2_df": 3, "chi2_threshold": 11.344866730144373, "N_raw": 55, "N_roi": 55, "N_inlier": 53, "refit": true}
{"timestamp": "17:39:03.667230", "frame": 23, "mu": [-0.6660541747372852, 0.4031874285952995, 1.670185602446338], "Sigma": [[0.005988707900766654, 0.0013825290209291462, -0.002924232061593597], [0.001382529020929146, 0.0028376204830792935, -0.002843961455957256], [-0.002924232061593597, -0.002843961455957256, 0.006000424291939417]], "chi2_level": 0.99, "chi2_df": 3, "chi2_threshold": 11.344866730144373, "N_raw": 60, "N_roi": 60, "N_inlier": 57, "refit": true}
{"timestamp": "17:39:03.719196", "frame": 24, "mu": [-0.47315344820055655, 0.5324380713904028, 1.3520325403993045], "Sigma": [[0.0025760617579126005, -0.0013788556043657788, 0.001419826844850187], [-0.0013788556043657788, 0.001969482889523089, -0.0017146963891772173], [0.0014198268448501869, -0.0017146963891772173, 0.001970049768109685]], "chi2_level": 0.99, "chi2_df": 3, "chi2_threshold": 11.344866730144373, "N_raw": 41, "N_roi": 41, "N_inlier": 39, "refit": true}
{"timestamp": "17:39:03.774214", "frame": 25, "mu": [-0.4519993564034775, 0.5413550455336776, 1.3569802493921905], "Sigma": [[0.004278892738102239, -0.002448646681635405, 0.00039237733199636726], [-0.002448646681635405, 0.0020542330728982356, -0.0006248715317971941], [0.0003923773319963672, -0.0006248715317971941, 0.0005630383306836004]], "chi2_level": 0.99, "chi2_df": 3, "chi2_threshold": 11.344866730144373, "N_raw": 37, "N_roi": 37, "N_inlier": 34, "refit": true}
{"timestamp": "17:39:03.834323", "frame": 26, "mu": [-0.5816121331854309, 0.613711017853758, -0.41183017628209473], "Sigma": [[0.0018330501176602647, 0.0032255155654179104, -0.0017731098960695815], [0.0032255155654179104, 0.017659501496706618, -0.0068080186789444734], [-0.0017731098960695815, -0.0068080186789444734, 0.007117326184640384]], "chi2_level": 0.99, "chi2_df": 3, "chi2_threshold": 11.344866730144373, "N_raw": 73, "N_roi": 73, "N_inlier": 67, "refit": true}
{"timestamp": "17:39:03.886089", "frame": 27, "mu": [-0.7144688679042982, 0.5354621128835206, 1.6623352624510688], "Sigma": [[0.025201442382577967, 0.00981550889755346, -0.01927810346228207], [0.00981550889755346, 0.006191586542799229, -0.011187829537279072], [-0.01927810346228207, -0.011187829537279072, 0.022865114641196685]], "chi2_level": 0.99, "chi2_df": 3, "chi2_threshold": 11.344866730144373, "N_raw": 52, "N_roi": 52, "N_inlier": 51, "refit": true}
{"timestamp": "17:39:03.938873", "frame": 28, "mu": [-0.7076698794375997, 0.5870568751253434, 1.4677814694759106], "Sigma": [[0.025521365289297798, 0.012212407270939207, -0.025669869998481205], [0.012212407270939207, 0.027809377704538722, -0.009220665920260598], [-0.025669869998481205, -0.0092206659202606, 0.06665830747224417]], "chi2_level": 0.99, "chi2_df": 3, "chi2_threshold": 11.344866730144373, "N_raw": 35, "N_roi": 35, "N_inlier": 33, "refit": true}
{"timestamp": "17:39:03.992772", "frame": 29, "mu": [-0.7866342162312314, 0.6328764283662631, 1.786789542359565], "Sigma": [[0.02148304181950559, 0.009542898307146415, -0.02490990560847149], [0.009542898307146415, 0.006453797305206938, -0.0134237840969832], [-0.02490990560847149, -0.0134237840969832, 0.03430023400801563]], "chi2_level": 0.99, "chi2_df": 3, "chi2_threshold": 11.344866730144373, "N_raw": 29, "N_roi": 29, "N_inlier": 26, "refit": true}
{"timestamp": "17:39:04.046725", "frame": 30, "mu": [-0.46930625617119553, 0.8714546824417427, 0.9021696035111244], "Sigma": [[0.012479825630997, -0.0018790396516338292, 0.002204667048153865], [-0.0018790396516338292, 0.001383555639281899, -0.007812484864422503], [0.002204667048153865, -0.007812484864422503, 0.2627581595680539]], "chi2_level": 0.99, "chi2_df": 3, "chi2_threshold": 11.344866730144373, "N_raw": 20, "N_roi": 20, "N_inlier": 18, "refit": true}
{"timestamp": "17:39:04.105467", "frame": 31, "mu": [-0.4923416437441693, 0.8633634356524633, 1.3203727351731898], "Sigma": [[0.0020483259359863055, -0.0007022777780244782, -0.001006386859611818], [-0.0007022777780244782, 0.0017040188019806213, 0.0005574788667968205], [-0.001006386859611818, 0.0005574788667968204, 0.029711968162590693]], "chi2_level": 0.99, "chi2_df": 3, "chi2_threshold": 11.344866730144373, "N_raw": 52, "N_roi": 52, "N_inlier": 51, "refit": true}
{"timestamp": "17:39:04.159698", "frame": 32, "mu": [-0.6562663722984413, 0.9033154887181049, 1.5035940212033487], "Sigma": [[0.044018670031017865, 0.023359466399656956, -0.026597982558353776], [0.023359466399656956, 0.014603781967994245, -0.017399105140833517], [-0.026597982558353776, -0.017399105140833517, 0.12479885702117421]], "chi2_level": 0.99, "chi2_df": 3, "chi2_threshold": 11.344866730144373, "N_raw": 40, "N_roi": 40, "N_inlier": 38, "refit": true}
{"timestamp": "17:39:04.214214", "frame": 33, "mu": [-0.43454944410820545, 1.0843864574147326, 0.9044588377686564], "Sigma": [[0.013951058206417975, 0.00479288927429041, -0.0017552645642945073], [0.00479288927429041, 0.008785237174777619, -0.021660713196857796], [-0.001755264564294505, -0.021660713196857796, 0.17949799789593437]], "chi2_level": 0.99, "chi2_df": 3, "chi2_threshold": 11.344866730144373, "N_raw": 30, "N_roi": 30, "N_inlier": 27, "refit": true}
{"timestamp": "17:39:04.265826", "frame": 34, "mu": [-0.6042732098511798, 1.2068999304443364, -0.7491338182708523], "Sigma": [[0.036640817854214906, 0.03552458355885723, -0.04108019969403079], [0.03552458355885722, 0.09858407594229393, -0.1517241887913492], [-0.04108019969403079, -0.1517241887913492, 0.3132798156897078]], "chi2_level": 0.99, "chi2_df": 3, "chi2_threshold": 11.344866730144373, "N_raw": 15, "N_roi": 15, "N_inlier": 15, "refit": true}
{"timestamp": "17:39:04.324401", "frame": 35, "mu": [-0.6639983136138518, 1.0303775696033755, 1.6832375441587062], "Sigma": [[0.05187816453096082, 0.029820040356267202, -0.04036973410021143], [0.0298200403562672, 0.02019288839487872, -0.023422112714359178], [-0.04036973410021143, -0.023422112714359178, 0.047302445013067296]], "chi2_level": 0.99, "chi2_df": 3, "chi2_threshold": 11.344866730144373, "N_raw": 45, "N_roi": 45, "N_inlier": 43, "refit": true}
{"timestamp": "17:39:04.384236", "frame": 36, "mu": [-0.5208617383559021, 1.1199746995515978, 1.3982746007297948], "Sigma": [[0.006288807810935445, -0.0021318117787717536, -0.023591251302613796], [-0.0021318117787717536, 0.002946994355838661, 0.009426504733891231], [-0.023591251302613796, 0.009426504733891231, 0.12421204975189845]], "chi2_level": 0.99, "chi2_df": 3, "chi2_threshold": 11.344866730144373, "N_raw": 73, "N_roi": 73, "N_inlier": 65, "refit": true}
{"timestamp": "17:39:04.441191", "frame": 37, "mu": [-0.5679766922503455, 1.1811783998507692, 1.5307362144179286], "Sigma": [[0.004280591591925465, 0.0006250584172341432, -0.0020957465824656203], [0.0006250584172341432, 0.006022822454505487, -0.004016795948208433], [-0.0020957465824656208, -0.004016795948208433, 0.009884513907431615]], "chi2_level": 0.99, "chi2_df": 3, "chi2_threshold": 11.344866730144373, "N_raw": 85, "N_roi": 85, "N_inlier": 79, "refit": true}
{"timestamp": "17:39:04.494663", "frame": 38, "mu": [-0.5458395545026765, 1.4172700005290575, -0.44305580728594246], "Sigma": [[0.004472324422607134, -0.007136422917208828, 0.017432706101482315], [-0.007136422917208828, 0.04726789684277527, -0.10960637134736163], [0.017432706101482315, -0.10960637134736163, 0.2681491120558888]], "chi2_level": 0.99, "chi2_df": 3, "chi2_threshold": 11.344866730144373, "N_raw": 66, "N_roi": 66, "N_inlier": 65, "refit": true}
{"timestamp": "17:39:04.551101", "frame": 39, "mu": [-0.6215013704048933, 1.3260834752268091, 1.2259486127734025], "Sigma": [[0.006080132822324797, -0.004226014507532562, 0.028742372602808743], [-0.004226014507532562, 0.0120254084760024, -0.060144828900731286], [0.028742372602808746, -0.060144828900731286, 0.37294860060015145]], "chi2_level": 0.99, "chi2_df": 3, "chi2_threshold": 11.344866730144373, "N_raw": 77, "N_roi": 77, "N_inlier": 75, "refit": true}
{"timestamp": "17:39:04.609346", "frame": 40, "mu": [-0.6018250196459561, 1.5410624455005208, -0.4030719387032321], "Sigma": [[0.006440764129870582, -0.004221068780206725, 0.0036522750411642217], [-0.004221068780206725, 0.03024796787861187, -0.06149251049263681], [0.0036522750411642213, -0.06149251049263682, 0.14215860954584716]], "chi2_level": 0.99, "chi2_df": 3, "chi2_threshold": 11.344866730144373, "N_raw": 105, "N_roi": 105, "N_inlier": 101, "refit": true}
{"timestamp": "17:39:04.659465", "frame": 41, "mu": [-0.6331508949353131, 1.4026577153546687, 1.4979010122399699], "Sigma": [[0.007488933775038889, -0.0025291190218532517, -0.0008745441104771638], [-0.0025291190218532517, 0.004478531371767124, -0.002274553652386952], [-0.0008745441104771638, -0.002274553652386952, 0.01194719631554472]], "chi2_level": 0.99, "chi2_df": 3, "chi2_threshold": 11.344866730144373, "N_raw": 73, "N_roi": 73, "N_inlier": 69, "refit": true}
{"timestamp": "17:39:04.716639", "frame": 42, "mu": [-0.559559267584301, 1.4648098822847428, 1.1428151482109576], "Sigma": [[0.00700023580170166, -0.002471922530537858, 0.01459591757203239], [-0.002471922530537858, 0.006632251781029796, -0.01833602735148086], [0.014595917572032388, -0.018336027351480856, 0.3417101426066476]], "chi2_level": 0.99, "chi2_df": 3, "chi2_threshold": 11.344866730144373, "N_raw": 94, "N_roi": 94, "N_inlier": 93, "refit": true}
{"timestamp": "17:39:04.773171", "frame": 43, "mu": [-0.5586653871640538, 1.5236544214189423, 1.2246883712139494], "Sigma": [[0.01220085019092783, 0.0009123072853018996, 0.007756834289189541], [0.0009123072853018995, 0.007778481868854649, -0.016686758269244675], [0.007756834289189539, -0.016686758269244675, 0.2070137932755962]], "chi2_level": 0.99, "chi2_df": 3, "chi2_threshold": 11.344866730144373, "N_raw": 99, "N_roi": 99, "N_inlier": 98, "refit": true}
{"timestamp": "17:39:04.835263", "frame": 44, "mu": [-0.6227992454374083, 1.6203427250390405, 0.9581945054967629], "Sigma": [[0.007547263882323874, -0.002958587678987762, 0.01646662152570248], [-0.002958587678987762, 0.007621346821393742, -0.028591904101636496], [0.01646662152570248, -0.028591904101636496, 0.32805798249609985]], "chi2_level": 0.99, "chi2_df": 3, "chi2_threshold": 11.344866730144373, "N_raw": 149, "N_roi": 149, "N_inlier": 149, "refit": true}
{"timestamp": "17:39:04.886026", "frame": 45, "mu": [-0.6596022838365778, 1.705931140716077, 0.9440366449588072], "Sigma": [[0.00453178784950162, 0.0015046582070237242, -0.00630258614261377], [0.0015046582070237244, 0.009792068580114823, -0.012542425542289744], [-0.00630258614261377, -0.012542425542289746, 0.33883495559335947]], "chi2_level": 0.99, "chi2_df": 3, "chi2_threshold": 11.344866730144373, "N_raw": 82, "N_roi": 82, "N_inlier": 82, "refit": true}
{"timestamp": "17:39:04.932981", "frame": 46, "mu": [-0.6883486915249647, 1.746827426746069, 0.8028957126411193], "Sigma": [[0.006924356156490108, 0.00036155983257480555, -0.037422611370280384], [0.00036155983257480555, 0.005384198045646285, -0.0213283868029751], [-0.037422611370280384, -0.0213283868029751, 0.6069457579632266]], "chi2_level": 0.99, "chi2_df": 3, "chi2_threshold": 11.344866730144373, "N_raw": 61, "N_roi": 61, "N_inlier": 61, "refit": true}
{"timestamp": "17:39:04.985350", "frame": 47, "mu": [-0.6858439940697931, 1.7373926535837982, 1.0601749088773875], "Sigma": [[0.006576027443396806, 0.002784051081756023, -0.002967415754994757], [0.002784051081756023, 0.004607038171244716, 0.005728907409486725], [-0.0029674157549947574, 0.005728907409486725, 0.16087548249764425]], "chi2_level": 0.99, "chi2_df": 3, "chi2_threshold": 11.344866730144373, "N_raw": 40, "N_roi": 40, "N_inlier": 38, "refit": true}
{"timestamp": "17:39:05.035666", "frame": 48, "mu": [-0.6409660361772405, 1.7930917140813185, 0.8147627412074726], "Sigma": [[0.0137176908713758, 0.0037357960719803067, -0.052372446728764926], [0.0037357960719803067, 0.004052361665942474, -0.01726584926779851], [-0.052372446728764926, -0.01726584926779851, 0.4464369546383252]], "chi2_level": 0.99, "chi2_df": 3, "chi2_threshold": 11.344866730144373, "N_raw": 12, "N_roi": 12, "N_inlier": 11, "refit": true}
{"timestamp": "17:39:05.095949", "frame": 49, "mu": [-0.704958169599251, 1.8196452004508128, 0.9958833193131131], "Sigma": [[0.005065681177160092, 0.0012440067305545094, 0.01141877660975924], [0.0012440067305545092, 0.0021363402768966033, 0.009567879418977937], [0.01141877660975924, 0.009567879418977937, 0.1731586440279783]], "chi2_level": 0.99, "chi2_df": 3, "chi2_threshold": 11.344866730144373, "N_raw": 56, "N_roi": 56, "N_inlier": 54, "refit": true}
{"timestamp": "17:39:05.163170", "frame": 50, "mu": [-0.6714735731594432, 1.8798694316627802, 1.099563951191878], "Sigma": [[0.012657314364151592, 0.003332781650982401, 0.027775419323664074], [0.003332781650982401, 0.006667049872100642, 0.017920500468343956], [0.027775419323664074, 0.017920500468343956, 0.17986774634867367]], "chi2_level": 0.99, "chi2_df": 3, "chi2_threshold": 11.344866730144373, "N_raw": 136, "N_roi": 136, "N_inlier": 133, "refit": true}
{"timestamp": "17:39:05.220037", "frame": 51, "mu": [-0.6791966544528274, 1.97212920766145, 1.005267885202199], "Sigma": [[0.01667983421066112, 0.0026581481205966585, 0.026274770811304846], [0.0026581481205966585, 0.00510382709953805, 0.003020752251942448], [0.026274770811304846, 0.0030207522519424476, 0.2935914848430407]], "chi2_level": 0.99, "chi2_df": 3, "chi2_threshold": 11.344866730144373, "N_raw": 150, "N_roi": 150, "N_inlier": 150, "refit": true}
{"timestamp": "17:39:05.277075", "frame": 52, "mu": [-0.6642282627399996, 2.0054656858443503, 1.0600329082802007], "Sigma": [[0.012100643367119765, 0.003193385661521763, 0.02820011889296191], [0.0031933856615217627, 0.009915686125146662, 0.01025163087698541], [0.028200118892961912, 0.01025163087698541, 0.3837955674320174]], "chi2_level": 0.99, "chi2_df": 3, "chi2_threshold": 11.344866730144373, "N_raw": 145, "N_roi": 144, "N_inlier": 143, "refit": true}
{"timestamp": "17:39:05.326987", "frame": 53, "mu": [-0.6460753321466612, 2.110656087617278, 1.2053991732726497], "Sigma": [[0.014489521235738241, -0.003905069756657411, 0.016470076285783182], [-0.003905069756657411, 0.0073613336099244125, -0.02448536771232601], [0.016470076285783182, -0.024485367712326008, 0.16619992777124906]], "chi2_level": 0.99, "chi2_df": 3, "chi2_threshold": 11.344866730144373, "N_raw": 122, "N_roi": 122, "N_inlier": 119, "refit": true}
{"timestamp": "17:39:05.381843", "frame": 54, "mu": [-0.6898185216456029, 2.1681227526971543, 1.1111524430626165], "Sigma": [[0.021259307443267664, -0.008417278003179403, 0.0337270459665983], [-0.008417278003179403, 0.008158543788957908, -0.031854925547388314], [0.0337270459665983, -0.03185492554738831, 0.22197803861147816]], "chi2_level": 0.99, "chi2_df": 3, "chi2_threshold": 11.344866730144373, "N_raw": 119, "N_roi": 119, "N_inlier": 117, "refit": true}
{"timestamp": "17:39:05.437222", "frame": 55, "mu": [-0.6475256641680329, 2.2305885127307588, 1.137676062867317], "Sigma": [[0.021518420192182617, -0.00813436352808685, 0.03043128115034821], [-0.008134363528086849, 0.007815036344185428, -0.025744289094621182], [0.03043128115034821, -0.025744289094621182, 0.10106862405329921]], "chi2_level": 0.99, "chi2_df": 3, "chi2_threshold": 11.344866730144373, "N_raw": 120, "N_roi": 120, "N_inlier": 115, "refit": true}
{"timestamp": "17:39:05.493855", "frame": 56, "mu": [-0.7376864694050481, 2.2819892204223624, 0.8404497406437805], "Sigma": [[0.01537760735728688, -0.004461539061330262, 0.024514279498051662], [-0.004461539061330262, 0.008633680657274224, -0.015566725382886185], [0.024514279498051662, -0.015566725382886185, 0.30523892061617197]], "chi2_level": 0.99, "chi2_df": 3, "chi2_threshold": 11.344866730144373, "N_raw": 126, "N_roi": 125, "N_inlier": 125, "refit": true}
{"timestamp": "17:39:05.542583", "frame": 57, "mu": [-0.6873812872703885, 2.2562094444716787, 1.3020091379629324], "Sigma": [[0.008233244980122257, 0.00010567465836328235, -0.014103021744143351], [0.00010567465836328258, 0.0081113950420253, 0.010746155276299282], [-0.01410302174414335, 0.01074615527629928, 0.24189373756112134]], "chi2_level": 0.99, "chi2_df": 3, "chi2_threshold": 11.344866730144373, "N_raw": 87, "N_roi": 87, "N_inlier": 85, "refit": true}
{"timestamp": "17:39:05.598069", "frame": 58, "mu": [-0.7007554566839058, 2.2232123817130787, 0.8888331950180952], "Sigma": [[0.012807062472276068, 0.004044030270464412, -0.04848075024164389], [0.004044030270464413, 0.3052481527244417, 0.2763239776766402], [-0.04848075024164389, 0.2763239776766402, 0.8357629536637993]], "chi2_level": 0.99, "chi2_df": 3, "chi2_threshold": 11.344866730144373, "N_raw": 93, "N_roi": 93, "N_inlier": 91, "refit": true}
{"timestamp": "17:39:05.645455", "frame": 59, "mu": [-0.7025211753119956, 2.3840594931871424, 1.4779079623926845], "Sigma": [[0.008232558008820924, -1.6591321141670593e-05, 0.0006808060012990021], [-1.6591321141670755e-05, 0.002694512606829714, -0.00690390165214095], [0.0006808060012990021, -0.00690390165214095, 0.06127061457217165]], "chi2_level": 0.99, "chi2_df": 3, "chi2_threshold": 11.344866730144373, "N_raw": 47, "N_roi": 47, "N_inlier": 43, "refit": true}
{"timestamp": "17:39:05.707454", "frame": 60, "mu": [-0.7247344193640242, 2.476886552578855, 1.2063527679594852], "Sigma": [[0.011249527998072663, -0.0013254273586398066, -0.02350069316993602], [-0.0013254273586398066, 0.003522437467301833, 0.0001708237572037724], [-0.023500693169936023, 0.0001708237572037724, 0.2110342946301303]], "chi2_level": 0.99, "chi2_df": 3, "chi2_threshold": 11.344866730144373, "N_raw": 97, "N_roi": 97, "N_inlier": 96, "refit": true}
{"timestamp": "17:39:05.763126", "frame": 61, "mu": [-0.7107773907271233, 2.550280497285479, 1.1212499491734833], "Sigma": [[0.012528153836430564, -2.0616932886092018e-05, 0.0016866132307753376], [-2.0616932886092018e-05, 0.005650552500632379, -0.011994693539354067], [0.0016866132307753363, -0.011994693539354067, 0.23275130705539024]], "chi2_level": 0.99, "chi2_df": 3, "chi2_threshold": 11.344866730144373, "N_raw": 94, "N_roi": 94, "N_inlier": 93, "refit": true}
{"timestamp": "17:39:05.821366", "frame": 62, "mu": [-0.6521522757872028, 2.618393915720502, 1.0873071777131484], "Sigma": [[0.010950626826212092, 0.00035126670305916637, -0.014741633521641657], [0.00035126670305916637, 0.0073387620688911805, -0.015288981653297992], [-0.014741633521641654, -0.015288981653297994, 0.3010951491543427]], "chi2_level": 0.99, "chi2_df": 3, "chi2_threshold": 11.344866730144373, "N_raw": 110, "N_roi": 108, "N_inlier": 107, "refit": true}
{"timestamp": "17:39:05.867426", "frame": 63, "mu": [-0.6744617121126852, 2.6287398755860725, 1.5725612547874153], "Sigma": [[0.010924947273937356, -0.00038112763141046123, -0.0031539215170486336], [-0.0003811276314104612, 0.004788682635752246, -0.00040944556858927243], [-0.0031539215170486336, -0.00040944556858927254, 0.00287745583877447]], "chi2_level": 0.99, "chi2_df": 3, "chi2_threshold": 11.344866730144373, "N_raw": 57, "N_roi": 57, "N_inlier": 53, "refit": true}
{"timestamp": "17:39:05.925429", "frame": 64, "mu": [-0.6873328284735228, 2.6988985372018983, 1.4407226603410126], "Sigma": [[0.013197977278743741, -1.422286465861222e-05, -0.008884579956944763], [-1.4222864658612112e-05, 0.004156644115849607, -0.007624129887213778], [-0.008884579956944763, -0.007624129887213777, 0.031892376986095594]], "chi2_level": 0.99, "chi2_df": 3, "chi2_threshold": 11.344866730144373, "N_raw": 77, "N_roi": 77, "N_inlier": 73, "refit": true}
{"timestamp": "17:39:05.985419", "frame": 65, "mu": [-0.751061631340246, 2.8400136560100853, 1.0535019938874537], "Sigma": [[0.013332725613372884, -0.003703643355514205, 0.004206734561289565], [-0.0037036433555142053, 0.009127857676341843, -0.029721503106162908], [0.004206734561289565, -0.029721503106162908, 0.12031834104378517]], "chi2_level": 0.99, "chi2_df": 3, "chi2_threshold": 11.344866730144373, "N_raw": 103, "N_roi": 103, "N_inlier": 100, "refit": true}
{"timestamp": "17:39:06.039559", "frame": 66, "mu": [-0.7638730802295408, 2.882674935592961, 1.0118344175753131], "Sigma": [[0.013659630344144864, -0.0005207626701309916, 0.00485833717607873], [-0.0005207626701309918, 0.014281894709528483, -0.05862478031567103], [0.0048583371760787305, -0.058624780315671025, 0.2855453758036959]], "chi2_level": 0.99, "chi2_df": 3, "chi2_threshold": 11.344866730144373, "N_raw": 106, "N_roi": 106, "N_inlier": 104, "refit": true}
{"timestamp": "17:39:06.088632", "frame": 67, "mu": [-0.7582335793687387, 3.0203740437013837, 0.8318956990719526], "Sigma": [[0.011676688157266362, -0.0026644588252755425, 0.0021366814123653646], [-0.002664458825275543, 0.016871091267053728, -0.042367061730832156], [0.0021366814123653646, -0.042367061730832156, 0.11567480918858178]], "chi2_level": 0.99, "chi2_df": 3, "chi2_threshold": 11.344866730144373, "N_raw": 64, "N_roi": 64, "N_inlier": 64, "refit": true}
{"timestamp": "17:39:06.145023", "frame": 68, "mu": [-0.7686635386006423, 2.928531245055814, 1.0667170912239852], "Sigma": [[0.014657572633755235, 0.0021473422756214952, -0.01977981299122691], [0.0021473422756214957, 0.0033441676516197836, -0.015762285690058362], [-0.01977981299122691, -0.015762285690058362, 0.13947181635138764]], "chi2_level": 0.99, "chi2_df": 3, "chi2_threshold": 11.344866730144373, "N_raw": 76, "N_roi": 76, "N_inlier": 74, "refit": true}
{"timestamp": "17:39:06.198380", "frame": 69, "mu": [-0.7396756239438778, 2.949774216668381, 1.4741702322029118], "Sigma": [[0.0136384070502631, 0.00024906597056697025, -0.005434073651128574], [0.0002490659705669705, 0.0037777647199934428, -0.009332210383169219], [-0.005434073651128574, -0.009332210383169219, 0.030108854920023385]], "chi2_level": 0.99, "chi2_df": 3, "chi2_threshold": 11.344866730144373, "N_raw": 74, "N_roi": 74, "N_inlier": 68, "refit": true}
{"timestamp": "17:39:06.255911", "frame": 70, "mu": [-0.7830349162059386, 3.069725782644295, 1.3681321167547342], "Sigma": [[0.017646103613002923, 0.0005595653583660894, 0.0019219488088908633], [0.0005595653583660894, 0.0036567117344358012, -0.005746563164924049], [0.0019219488088908642, -0.005746563164924049, 0.091389610731991]], "chi2_level": 0.99, "chi2_df": 3, "chi2_threshold": 11.344866730144373, "N_raw": 86, "N_roi": 86, "N_inlier": 84, "refit": true}
{"timestamp": "17:39:06.312097", "frame": 71, "mu": [-0.7518625297922229, 3.1403445897969062, 1.332042025927443], "Sigma": [[0.01578209040182633, 0.0006471676622844109, 0.0007366599901676967], [0.000647167662284411, 0.005680002987042959, -0.024100147713164655], [0.0007366599901676959, -0.024100147713164655, 0.11968205415145436]], "chi2_level": 0.99, "chi2_df": 3, "chi2_threshold": 11.344866730144373, "N_raw": 71, "N_roi": 71, "N_inlier": 69, "refit": true}
{"timestamp": "17:39:06.376363", "frame": 72, "mu": [-0.8199152740055828, 3.2069833933651877, 0.7892950716236787], "Sigma": [[0.02010097572370384, 0.0018792227416514137, 0.007921841508033572], [0.0018792227416514133, 0.004343773967843296, -0.020023351595684427], [0.007921841508033572, -0.020023351595684427, 0.2587109009925816]], "chi2_level": 0.99, "chi2_df": 3, "chi2_threshold": 11.344866730144373, "N_raw": 112, "N_roi": 111, "N_inlier": 111, "refit": true}
{"timestamp": "17:39:06.419857", "frame": 73, "mu": [-0.6938900949312039, 3.2257285418523653, 1.39314714213399], "Sigma": [[0.0169346965374336, 0.0008447589510238095, 0.00074077105678173], [0.0008447589510238098, 0.0036469572175835043, -0.0084132789628467], [0.0007407710567817296, -0.0084132789628467, 0.027651114858557917]], "chi2_level": 0.99, "chi2_df": 3, "chi2_threshold": 11.344866730144373, "N_raw": 66, "N_roi": 66, "N_inlier": 63, "refit": true}
{"timestamp": "17:39:06.476916", "frame": 74, "mu": [-0.742458538224261, 3.2793426032579065, 0.5126859864927633], "Sigma": [[0.01964674922505341, 0.0007881440379290104, 0.03910024348149077], [0.0007881440379290101, 0.011599527681376386, -0.003480954833177439], [0.03910024348149077, -0.003480954833177438, 0.1828739309203832]], "chi2_level": 0.99, "chi2_df": 3, "chi2_threshold": 11.344866730144373, "N_raw": 91, "N_roi": 91, "N_inlier": 88, "refit": true}
{"timestamp": "17:39:06.531753", "frame": 75, "mu": [-0.7774389426457651, 3.311184865984416, 1.4969667451867825], "Sigma": [[0.019152890275045062, 0.004184679783840631, -0.011596324763689277], [0.004184679783840631, 0.009002334359245955, -0.012939887035746986], [-0.011596324763689277, -0.012939887035746986, 0.0371751638958553]], "chi2_level": 0.99, "chi2_df": 3, "chi2_threshold": 11.344866730144373, "N_raw": 87, "N_roi": 87, "N_inlier": 83, "refit": true}
{"timestamp": "17:39:06.590757", "frame": 76, "mu": [-0.8199722559098278, 3.4092059333592726, 1.2861855205234893], "Sigma": [[0.02010238486849085, -0.00040766971032601756, 0.0002709288381800654], [-0.00040766971032601734, 0.013862276786244411, -0.041811830837279226], [0.0002709288381800652, -0.041811830837279226, 0.17937677087818196]], "chi2_level": 0.99, "chi2_df": 3, "chi2_threshold": 11.344866730144373, "N_raw": 112, "N_roi": 112, "N_inlier": 111, "refit": true}
{"timestamp": "17:39:06.731413", "frame": 77, "mu": [-0.7104950945677717, 3.5167059985424682, 0.20667462072596118], "Sigma": [[0.01613774218982094, 0.0018188674661716079, -0.011615337550265612], [0.0018188674661716079, 0.023535870790591887, -0.04173878059558203], [-0.011615337550265612, -0.04173878059558203, 0.08467709884172027]], "chi2_level": 0.99, "chi2_df": 3, "chi2_threshold": 11.344866730144373, "N_raw": 52, "N_roi": 52, "N_inlier": 51, "refit": true}
{"timestamp": "17:39:06.740048", "frame": 78, "mu": [-0.7864771111383979, 3.4446875317422805, 0.5155340323581904], "Sigma": [[0.016288417991578784, 0.0046759907598614685, -0.012403021141449715], [0.004675990759861469, 0.013907332623165838, -0.020061962718834224], [-0.012403021141449715, -0.020061962718834224, 0.0430054621048439]], "chi2_level": 0.99, "chi2_df": 3, "chi2_threshold": 11.344866730144373, "N_raw": 60, "N_roi": 60, "N_inlier": 57, "refit": true}
{"timestamp": "17:39:06.773334", "frame": 79, "mu": [-0.7355847229241231, 3.5073087875025895, 1.337921497687698], "Sigma": [[0.020201854605893018, 0.0015007168104023954, -0.02708340716292662], [0.0015007168104023956, 0.005038097832063334, -0.013771049341039773], [-0.02708340716292662, -0.013771049341039773, 0.15646025138190384]], "chi2_level": 0.99, "chi2_df": 3, "chi2_threshold": 11.344866730144373, "N_raw": 91, "N_roi": 91, "N_inlier": 89, "refit": true}
{"timestamp": "17:39:06.804415", "frame": 80, "mu": [-0.729970729794385, 3.5592132909499243, 1.4881294166213561], "Sigma": [[0.014532449979292187, 0.0014790035904187154, -0.004096067226642945], [0.0014790035904187154, 0.0037151526055667215, -0.0006852751767093592], [-0.004096067226642946, -0.0006852751767093591, 0.17453359292350282]], "chi2_level": 0.99, "chi2_df": 3, "chi2_threshold": 11.344866730144373, "N_raw": 67, "N_roi": 67, "N_inlier": 67, "refit": true}
{"timestamp": "17:39:06.856192", "frame": 81, "mu": [-0.800328852142948, 3.60312509874756, 1.599865252482972], "Sigma": [[0.01689820774530969, 0.001685626649983212, -0.008410227659941535], [0.001685626649983212, 0.004825126840213462, -0.0045152095007057105], [-0.008410227659941535, -0.0045152095007057105, 0.009402906835110234]], "chi2_level": 0.99, "chi2_df": 3, "chi2_threshold": 11.344866730144373, "N_raw": 56, "N_roi": 56, "N_inlier": 53, "refit": true}
{"timestamp": "17:39:06.910145", "frame": 82, "mu": [-0.8548474625314793, 3.6361691078394096, 0.6339075405166821], "Sigma": [[0.016524428575506768, 0.004469607405989026, -0.008371840479933031], [0.004469607405989026, 0.004738936812966114, -0.002546534441836455], [-0.008371840479933031, -0.002546534441836455, 0.0064038752756639125]], "chi2_level": 0.99, "chi2_df": 3, "chi2_threshold": 11.344866730144373, "N_raw": 43, "N_roi": 41, "N_inlier": 40, "refit": true}
{"timestamp": "17:39:06.961888", "frame": 83, "mu": [-0.8472117898765684, 3.6656383745031063, 0.7460770635053412], "Sigma": [[0.011123291954387432, 0.00240551087684128, -0.005932365022291197], [0.0024055108768412806, 0.0067275312562899625, -0.008203625960192189], [-0.005932365022291197, -0.008203625960192189, 0.015302185824549775]], "chi2_level": 0.99, "chi2_df": 3, "chi2_threshold": 11.344866730144373, "N_raw": 25, "N_roi": 25, "N_inlier": 24, "refit": true}
{"timestamp": "17:39:07.023839", "frame": 84, "mu": [-0.828517313315292, 3.8035685510088166, 1.588783977101584], "Sigma": [[0.024927726407361094, 0.003065510197749739, -0.015562099576675818], [0.00306551019774974, 0.0073840064015688765, -0.006339252582785771], [-0.015562099576675818, -0.006339252582785771, 0.013898040780715002]], "chi2_level": 0.99, "chi2_df": 3, "chi2_threshold": 11.344866730144373, "N_raw": 75, "N_roi": 75, "N_inlier": 74, "refit": true}
{"timestamp": "17:39:07.078054", "frame": 85, "mu": [-0.7937028557719054, 3.846256791367877, 1.5806316221483543], "Sigma": [[0.022179335243515935, 0.0016910751723085717, -0.014231809060809193], [0.0016910751723085717, 0.005554456977382891, -0.006317728436630127], [-0.014231809060809193, -0.006317728436630127, 0.019517270549365404]], "chi2_level": 0.99, "chi2_df": 3, "chi2_threshold": 11.344866730144373, "N_raw": 63, "N_roi": 63, "N_inlier": 59, "refit": true}
{"timestamp": "17:39:07.135083", "frame": 86, "mu": [-0.7473623593933525, 3.977004152684205, 1.0439222981449925], "Sigma": [[0.02137283129405427, -0.003105109309912326, -2.4920078435092946e-05], [-0.003105109309912326, 0.014739514416071879, -0.048892107604650376], [-2.4920078435092946e-05, -0.048892107604650376, 0.2258769758906675]], "chi2_level": 0.99, "chi2_df": 3, "chi2_threshold": 11.344866730144373, "N_raw": 72, "N_roi": 72, "N_inlier": 72, "refit": true}
{"timestamp": "17:39:07.190375", "frame": 87, "mu": [-0.8504886040893895, 4.013367954628158, 1.263152515012791], "Sigma": [[0.02135851272532599, -0.0037459812966525027, 0.0010751060616105861], [-0.003745981296652502, 0.01259104070992314, -0.028090010140250317], [0.0010751060616105868, -0.028090010140250317, 0.0714337194965649]], "chi2_level": 0.99, "chi2_df": 3, "chi2_threshold": 11.344866730144373, "N_raw": 77, "N_roi": 77, "N_inlier": 76, "refit": true}
{"timestamp": "17:39:07.242427", "frame": 88, "mu": [-0.8058521014339032, 4.0418617299386765, 0.4885101644484029], "Sigma": [[0.01970970408891445, 0.0006634750069478091, -0.002402409900082252], [0.0006634750069478091, 0.020230223023649276, -0.031058051192983313], [-0.002402409900082253, -0.031058051192983313, 0.049473648733559056]], "chi2_level": 0.99, "chi2_df": 3, "chi2_threshold": 11.344866730144373, "N_raw": 56, "N_roi": 55, "N_inlier": 53, "refit": true}
{"timestamp": "17:39:07.299893", "frame": 89, "mu": [-0.7928521848633174, 4.098281662525943, 0.12726178120513312], "Sigma": [[0.02724730117116175, 0.002797219276555355, 0.09419411215700421], [0.0027972192765553555, 0.013924999443982318, -0.003255856974397879], [0.09419411215700421, -0.003255856974397879, 0.43966647877628107]], "chi2_level": 0.99, "chi2_df": 3, "chi2_threshold": 11.344866730144373, "N_raw": 83, "N_roi": 83, "N_inlier": 82, "refit": true}
{"timestamp": "17:39:07.350012", "frame": 90, "mu": [-0.8233344993058023, 4.17139082578165, 0.2692448769310321], "Sigma": [[0.019056379468327576, 0.001000438323579973, 0.0024973554597318595], [0.0010004383235799731, 0.010392759174454282, -0.020892332406566773], [0.002497355459731859, -0.020892332406566773, 0.047004480395479]], "chi2_level": 0.99, "chi2_df": 3, "chi2_threshold": 11.344866730144373, "N_raw": 45, "N_roi": 45, "N_inlier": 42, "refit": true}
{"timestamp": "17:39:07.407923", "frame": 91, "mu": [-0.8266497901584433, 4.149437367703822, 1.4300385620132832], "Sigma": [[0.02682725530564576, 0.0033854984305425793, 0.004337757348180692], [0.0033854984305425793, 0.0047407654382708, -0.005438231946592836], [0.004337757348180692, -0.005438231946592836, 0.013526604426098765]], "chi2_level": 0.99, "chi2_df": 3, "chi2_threshold": 11.344866730144373, "N_raw": 63, "N_roi": 62, "N_inlier": 59, "refit": true}
{"timestamp": "17:39:07.464116", "frame": 92, "mu": [-0.8162250918059442, 4.230216403566928, 1.400206397217151], "Sigma": [[0.032463219431990126, 0.002946577317475406, -0.007603822983020504], [0.002946577317475406, 0.007034558777037019, -0.005054729138840372], [-0.007603822983020504, -0.005054729138840372, 0.01257927314085493]], "chi2_level": 0.99, "chi2_df": 3, "chi2_threshold": 11.344866730144373, "N_raw": 74, "N_roi": 74, "N_inlier": 73, "refit": true}
{"timestamp": "17:39:07.518041", "frame": 93, "mu": [-0.7855397664261723, 4.255704852219115, 1.334388022953962], "Sigma": [[0.02906598967197476, 0.0032276797501179797, 0.007697298870768395], [0.0032276797501179797, 0.0017565896317434878, 0.0007201090070536124], [0.007697298870768393, 0.0007201090070536124, 0.12811332776451437]], "chi2_level": 0.99, "chi2_df": 3, "chi2_threshold": 11.344866730144373, "N_raw": 59, "N_roi": 57, "N_inlier": 55, "refit": true}
{"timestamp": "17:39:07.572981", "frame": 94, "mu": [-0.8376382182813775, 4.333340794212099, 1.591860469447954], "Sigma": [[0.02846321669241466, 0.00461770244024323, -0.009126464106032121], [0.00461770244024323, 0.006964384285161476, -0.005989105581848921], [-0.009126464106032121, -0.005989105581848921, 0.008216548381339785]], "chi2_level": 0.99, "chi2_df": 3, "chi2_threshold": 11.344866730144373, "N_raw": 67, "N_roi": 66, "N_inlier": 65, "refit": true}
{"timestamp": "17:39:07.626602", "frame": 95, "mu": [-0.7420690011182955, 4.3988294371395815, 1.4684122490052154], "Sigma": [[0.025514321941805838, 0.001927999444066522, -0.009224907786932388], [0.0019279994440665224, 0.006444288959044807, -0.011472801868393837], [-0.009224907786932388, -0.011472801868393834, 0.026411301937493848]], "chi2_level": 0.99, "chi2_df": 3, "chi2_threshold": 11.344866730144373, "N_raw": 62, "N_roi": 62, "N_inlier": 60, "refit": true}
{"timestamp": "17:39:07.680559", "frame": 96, "mu": [-0.7468077639871227, 4.434894867625864, 1.5772522846008281], "Sigma": [[0.026327068515129753, 0.003808476876829052, -0.022122365790680318], [0.003808476876829052, 0.004402468964169089, -0.010668893639842733], [-0.022122365790680318, -0.010668893639842733, 0.040009871762720306]], "chi2_level": 0.99, "chi2_df": 3, "chi2_threshold": 11.344866730144373, "N_raw": 53, "N_roi": 53, "N_inlier": 52, "refit": true}
{"timestamp": "17:39:07.733418", "frame": 97, "mu": [-0.7574194280992995, 4.466466651845688, 1.637211802266684], "Sigma": [[0.020891585371436323, 0.003166267964833411, -0.011251917052302367], [0.003166267964833411, 0.003319910310757653, -0.004193201096011945], [-0.011251917052302367, -0.0041932010960119455, 0.010942831222193075]], "chi2_level": 0.99, "chi2_df": 3, "chi2_threshold": 11.344866730144373, "N_raw": 40, "N_roi": 40, "N_inlier": 37, "refit": true}
{"timestamp": "17:39:07.790611", "frame": 98, "mu": [-0.8024459511044787, 4.508746452781805, 1.5737361513031298], "Sigma": [[0.030859579726094846, -0.005396350017787121, 0.015590058006146448], [-0.00539635001778712, 0.010696595460660034, -0.02328121560906654], [0.015590058006146447, -0.02328121560906654, 0.07224080398152208]], "chi2_level": 0.99, "chi2_df": 3, "chi2_threshold": 11.344866730144373, "N_raw": 49, "N_roi": 49, "N_inlier": 48, "refit": true}
{"timestamp": "17:39:07.847096", "frame": 99, "mu": [-0.744430749275879, 4.478898421954787, 0.7851632440348287], "Sigma": [[0.0265214205216281, 0.006154466219011708, -0.01368972393344096], [0.006154466219011707, 0.01094566835239007, -0.00995684821318828], [-0.01368972393344096, -0.00995684821318828, 0.015574302584160114]], "chi2_level": 0.99, "chi2_df": 3, "chi2_threshold": 11.344866730144373, "N_raw": 61, "N_roi": 60, "N_inlier": 58, "refit": true}
