{"timestamp": "17:54:46.778096", "frame": 4, "mu": [2.169643562554805, 4.832127493805262, 0.8564491194036785], "Sigma": [[0.02454056579980981, -0.011166545073800518, -0.007451678892685644], [-0.011166545073800518, 0.009287577685839257, 0.005557026163734158], [-0.007451678892685644, 0.005557026163734158, 0.004931687288384717]], "chi2_level": 0.95, "chi2_df": 3, "chi2_threshold": 7.814727903251179, "N_raw": 35, "N_roi": 29, "N_inlier": 29, "refit": true}
{"timestamp": "17:54:46.995782", "frame": 8, "mu": [2.174650984462187, 4.880175291892439, 0.9988674455868563], "Sigma": [[0.008559448948105312, -0.004568888243371172, -0.005569414603979098], [-0.004568888243371172, 0.00425329067469438, 0.005024251168564158], [-0.005569414603979098, 0.005024251168564158, 0.007004157676777824]], "chi2_level": 0.95, "chi2_df": 3, "chi2_threshold": 7.814727903251179, "N_raw": 12, "N_roi": 10, "N_inlier": 9, "refit": true}
{"timestamp": "17:54:47.105835", "frame": 10, "mu": [2.190619090856184, 4.859624915968216, 1.1251035501904982], "Sigma": [[0.014972488938833869, -0.006577081212596581, -0.006153056521987558], [-0.006577081212596581, 0.005085141818490849, 0.0025854667600989124], [-0.006153056521987558, 0.0025854667600989124, 0.0050509507304998995]], "chi2_level": 0.95, "chi2_df": 3, "chi2_threshold": 7.814727903251179, "N_raw": 18, "N_roi": 17, "N_inlier": 17, "refit": true}
{"timestamp": "17:54:47.382779", "frame": 15, "mu": [2.2349434863400957, 4.904703373223466, 0.15164363515489804], "Sigma": [[0.018863483776240527, -0.006181073901272939, -0.001979736508173263], [-0.0061810739012729396, 0.0033878977900839175, 0.0007085473819361159], [-0.001979736508173263, 0.0007085473819361158, 0.0004351528539799054]], "chi2_level": 0.95, "chi2_df": 3, "chi2_threshold": 7.814727903251179, "N_raw": 33, "N_roi": 16, "N_inlier": 16, "refit": true}
{"timestamp": "17:54:47.544362", "frame": 18, "mu": [2.1523928150802014, 4.8094914501409525, 0.7419402700045347], "Sigma": [[0.004312701318222201, -0.0012252438281416414, -0.006447497551574557], [-0.0012252438281416414, 0.0012332442554889216, -0.0005512234741511272], [-0.006447497551574557, -0.0005512234741511272, 0.02105123896635683]], "chi2_level": 0.95, "chi2_df": 3, "chi2_threshold": 7.814727903251179, "N_raw": 8, "N_roi": 7, "N_inlier": 7, "refit": true}
{"timestamp": "17:54:47.766132", "frame": 22, "mu": [2.2294648290154613, 4.581305448500026, 0.6697948381663581], "Sigma": [[0.014040218565645525, -0.007957801950120273, 0.00014078281456726596], [-0.007957801950120273, 0.00499544794980434, -0.0013653561385986548], [0.00014078281456726617, -0.001365356138598655, 0.01521168694116472]], "chi2_level": 0.95, "chi2_df": 3, "chi2_threshold": 7.814727903251179, "N_raw": 19, "N_roi": 17, "N_inlier": 15, "refit": true}
{"timestamp": "17:54:47.819667", "frame": 23, "mu": [2.118540232423175, 4.769809141818499, 0.09182835292496075], "Sigma": [[0.0035606861327147766, -0.0017409730121239384, -0.003882253333305863], [-0.0017409730121239384, 0.008403174483528305, -0.013659899016350507], [-0.0038822533333058625, -0.013659899016350507, 0.04312653546389603]], "chi2_level": 0.95, "chi2_df": 3, "chi2_threshold": 7.814727903251179, "N_raw": 9, "N_roi": 7, "N_inlier": 7, "refit": true}
{"timestamp": "17:54:47.881899", "frame": 24, "mu": [2.15038138327169, 4.711635245508188, -0.4850113291495902], "Sigma": [[0.041650542549176044, -0.017304962271765312, 0.01846541792074044], [-0.017304962271765312, 0.010610967449482223, -0.0215068014940079], [0.018465417920740447, -0.021506801494007903, 0.08979777074595195]], "chi2_level": 0.95, "chi2_df": 3, "chi2_threshold": 7.814727903251179, "N_raw": 60, "N_roi": 55, "N_inlier": 54, "refit": true}
{"timestamp": "17:54:47.935212", "frame": 25, "mu": [2.1547848255977007, 4.4248161011769716, 0.4027876912917935], "Sigma": [[0.022585012760560443, -0.0061241616350173455, 0.026260767278551714], [-0.0061241616350173455, 0.0018882024387280895, -0.006931087219899474], [0.026260767278551714, -0.006931087219899474, 0.05132510861410807]], "chi2_level": 0.95, "chi2_df": 3, "chi2_threshold": 7.814727903251179, "N_raw": 25, "N_roi": 21, "N_inlier": 20, "refit": true}
{"timestamp": "17:54:47.994707", "frame": 26, "mu": [2.0680294490129856, 4.380253238423288, 0.34613362560169536], "Sigma": [[0.03611825070022835, -0.013973228051467711, 0.020807480272151718], [-0.013973228051467711, 0.006441742670534319, -0.00953593925738876], [0.02080748027215172, -0.00953593925738876, 0.0609733906580161]], "chi2_level": 0.95, "chi2_df": 3, "chi2_threshold": 7.814727903251179, "N_raw": 59, "N_roi": 58, "N_inlier": 58, "refit": true}
{"timestamp": "17:54:48.045111", "frame": 27, "mu": [1.9329361707924406, 4.362242508750296, 0.10859688085576587], "Sigma": [[0.023599327632827113, -0.009538343391712903, 0.00457035440651163], [-0.009538343391712903, 0.0053779654350087904, -0.0031265203600761306], [0.004570354406511631, -0.003126520360076131, 0.002225146601090261]], "chi2_level": 0.95, "chi2_df": 3, "chi2_threshold": 7.814727903251179, "N_raw": 31, "N_roi": 30, "N_inlier": 27, "refit": true}
{"timestamp": "17:54:48.102399", "frame": 28, "mu": [1.9940549190425214, 4.568300488237669, -0.2824431647594369], "Sigma": [[0.023673052954895128, -0.009030354999919572, -0.009185037828558975], [-0.009030354999919568, 0.008805526090664753, -0.006688544903174922], [-0.009185037828558975, -0.006688544903174923, 0.02616250359062887]], "chi2_level": 0.95, "chi2_df": 3, "chi2_threshold": 7.814727903251179, "N_raw": 46, "N_roi": 45, "N_inlier": 44, "refit": true}
{"timestamp": "17:54:48.209057", "frame": 30, "mu": [1.9349371917380265, 4.227780008664798, 0.8303286648281245], "Sigma": [[0.012281725174773536, -0.005499633685259469, -0.004622962256205308], [-0.005499633685259469, 0.004457971523752558, 0.0004182961677914133], [-0.004622962256205308, 0.00041829616779141343, 0.008102642327271823]], "chi2_level": 0.95, "chi2_df": 3, "chi2_threshold": 7.814727903251179, "N_raw": 21, "N_roi": 17, "N_inlier": 16, "refit": true}
{"timestamp": "17:54:48.268359", "frame": 31, "mu": [1.8438585975675437, 4.201664960833696, 0.7079253666441537], "Sigma": [[0.03318635767671933, -0.016753842959533544, -0.015918376244711707], [-0.016753842959533544, 0.01284655409789798, 0.005753207094160734], [-0.015918376244711707, 0.0057532070941607345, 0.01217427743108391]], "chi2_level": 0.95, "chi2_df": 3, "chi2_threshold": 7.814727903251179, "N_raw": 56, "N_roi": 56, "N_inlier": 54, "refit": true}
{"timestamp": "17:54:48.322127", "frame": 32, "mu": [1.8582426743928862, 4.365748262641929, -0.2709606504773939], "Sigma": [[0.026676661818878577, -0.007874358295349456, -0.03454552989563638], [-0.007874358295349458, 0.006111348531989195, 0.005509977624960154], [-0.03454552989563638, 0.005509977624960154, 0.05400866844697178]], "chi2_level": 0.95, "chi2_df": 3, "chi2_threshold": 7.814727903251179, "N_raw": 45, "N_roi": 44, "N_inlier": 43, "refit": true}
{"timestamp": "17:54:48.373308", "frame": 33, "mu": [1.8863730257703004, 4.0380047177848315, 0.49180668101116326], "Sigma": [[0.013438747712190204, -0.00809391523556256, -0.008534194890914022], [-0.00809391523556256, 0.005220757137034204, 0.004393940243660006], [-0.008534194890914022, 0.004393940243660005, 0.016607635371019405]], "chi2_level": 0.95, "chi2_df": 3, "chi2_threshold": 7.814727903251179, "N_raw": 21, "N_roi": 20, "N_inlier": 19, "refit": true}
{"timestamp": "17:54:48.542219", "frame": 36, "mu": [1.6750102254123846, 3.8579803433995887, 0.37116986763062676], "Sigma": [[0.024523265537970677, -0.008229253172606085, 0.006474901626373429], [-0.008229253172606085, 0.004792367031219188, -0.004756649315749645], [0.006474901626373429, -0.004756649315749645, 0.013803157139888111]], "chi2_level": 0.95, "chi2_df": 3, "chi2_threshold": 7.814727903251179, "N_raw": 51, "N_roi": 49, "N_inlier": 47, "refit": true}
{"timestamp": "17:54:48.596758", "frame": 37, "mu": [1.6655654990211872, 3.783289051987488, 0.3599841448985365], "Sigma": [[0.0241446584107027, -0.011086065353680608, 0.001758545597790737], [-0.011086065353680608, 0.008683459584779082, -0.003113517664702505], [0.001758545597790737, -0.0031135176647025045, 0.0018698323214176068]], "chi2_level": 0.95, "chi2_df": 3, "chi2_threshold": 7.814727903251179, "N_raw": 49, "N_roi": 49, "N_inlier": 46, "refit": true}
{"timestamp": "17:54:48.706251", "frame": 39, "mu": [1.5338758456002095, 3.6916932056382046, 0.4547692224282918], "Sigma": [[0.020852321495486825, -0.00941787935816022, -0.003086935885790166], [-0.00941787935816022, 0.005406813100184265, -0.0012395445128096701], [-0.003086935885790166, -0.0012395445128096697, 0.01216758135306]], "chi2_level": 0.95, "chi2_df": 3, "chi2_threshold": 7.814727903251179, "N_raw": 43, "N_roi": 43, "N_inlier": 42, "refit": true}
{"timestamp": "17:54:48.758195", "frame": 40, "mu": [1.4581092743311985, 3.6798698368349116, 0.702905553494756], "Sigma": [[0.006534477897447522, -0.0028075426193001083, -0.007609860291466328], [-0.002807542619300109, 0.0022157294268292643, 0.0010310187447645882], [-0.007609860291466328, 0.0010310187447645882, 0.01748860234681358]], "chi2_level": 0.95, "chi2_df": 3, "chi2_threshold": 7.814727903251179, "N_raw": 11, "N_roi": 10, "N_inlier": 10, "refit": true}
{"timestamp": "17:54:48.815304", "frame": 41, "mu": [1.4191409007390174, 3.5965582218480274, 0.613218802493394], "Sigma": [[0.011060783474576537, -0.007390580341446119, -0.002371738181111735], [-0.007390580341446119, 0.008368597654850759, 0.0007821429087625033], [-0.0023717381811117354, 0.0007821429087625033, 0.0018529683345942709]], "chi2_level": 0.95, "chi2_df": 3, "chi2_threshold": 7.814727903251179, "N_raw": 30, "N_roi": 30, "N_inlier": 29, "refit": true}
{"timestamp": "17:54:48.873302", "frame": 42, "mu": [1.2793171952063362, 3.5743037272367184, 0.6502970550661892], "Sigma": [[0.019163966890355967, -0.006958993487393013, -0.005225932352870548], [-0.006958993487393013, 0.00997594241499734, 0.00071525865993605], [-0.005225932352870548, 0.00071525865993605, 0.003935369531126107]], "chi2_level": 0.95, "chi2_df": 3, "chi2_threshold": 7.814727903251179, "N_raw": 55, "N_roi": 55, "N_inlier": 53, "refit": true}
{"timestamp": "17:54:48.934870", "frame": 43, "mu": [1.1842196528382851, 3.5491468607497194, 0.5491814513236516], "Sigma": [[0.030574289265696775, -0.011420187028096364, 0.011057905530681821], [-0.011420187028096364, 0.007928019785778097, -0.011578004695191532], [0.011057905530681821, -0.011578004695191532, 0.04632361696831323]], "chi2_level": 0.95, "chi2_df": 3, "chi2_threshold": 7.814727903251179, "N_raw": 93, "N_roi": 93, "N_inlier": 93, "refit": true}
{"timestamp": "17:54:48.985576", "frame": 44, "mu": [1.1452448585411714, 3.517928040342232, 0.6075960803752194], "Sigma": [[0.027977595692039826, -0.012635312497375182, 0.012266792681794238], [-0.012635312497375182, 0.007254736532666344, -0.010113160642323147], [0.012266792681794238, -0.010113160642323147, 0.033411352850957116]], "chi2_level": 0.95, "chi2_df": 3, "chi2_threshold": 7.814727903251179, "N_raw": 66, "N_roi": 66, "N_inlier": 64, "refit": true}
{"timestamp": "17:54:49.040617", "frame": 45, "mu": [1.0780893949094568, 3.4860640854089366, 0.6755148491796802], "Sigma": [[0.02392176731273196, -0.007742658304918992, 0.014992122899864908], [-0.007742658304918992, 0.004219900727954177, -0.009605121038032152], [0.01499212289986491, -0.009605121038032152, 0.06155004053180338]], "chi2_level": 0.95, "chi2_df": 3, "chi2_threshold": 7.814727903251179, "N_raw": 70, "N_roi": 70, "N_inlier": 70, "refit": true}
{"timestamp": "17:54:49.101231", "frame": 46, "mu": [0.945889251994366, 3.36870029533448, 0.38841143511902565], "Sigma": [[0.03497107670550349, -0.004551978632233101, 0.02603103785946796], [-0.004551978632233101, 0.0030177064717318842, -0.006826646567532971], [0.02603103785946796, -0.006826646567532971, 0.08289159244607144]], "chi2_level": 0.95, "chi2_df": 3, "chi2_threshold": 7.814727903251179, "N_raw": 109, "N_roi": 109, "N_inlier": 105, "refit": true}
{"timestamp": "17:54:49.153753", "frame": 47, "mu": [0.8965667848017469, 3.3139096542489335, 0.47988518147878734], "Sigma": [[0.024809128574389223, -0.005784722992318089, 0.00852724376887884], [-0.005784722992318088, 0.0029072413958392495, -0.007502486229576211], [0.00852724376887884, -0.0075024862295762105, 0.03973879592994915]], "chi2_level": 0.95, "chi2_df": 3, "chi2_threshold": 7.814727903251179, "N_raw": 87, "N_roi": 87, "N_inlier": 84, "refit": true}
{"timestamp": "17:54:49.202908", "frame": 48, "mu": [0.9584762131266965, 3.2348212476812455, 0.7146042164702643], "Sigma": [[0.01739877141826245, -0.004461998370516805, 0.0015151301898695831], [-0.004461998370516805, 0.0025943776976565585, -0.0030199595691693735], [0.0015151301898695835, -0.0030199595691693735, 0.007255394419174491]], "chi2_level": 0.95, "chi2_df": 3, "chi2_threshold": 7.814727903251179, "N_raw": 44, "N_roi": 44, "N_inlier": 41, "refit": true}
{"timestamp": "17:54:49.256379", "frame": 49, "mu": [0.8169884493857591, 3.2285551856468224, 0.7534041601316954], "Sigma": [[0.01297686265265403, -0.003013677148706993, -0.0018962427541410053], [-0.003013677148706993, 0.0010324430731706864, -0.0016726723742397822], [-0.0018962427541410055, -0.0016726723742397824, 0.021170106286771143]], "chi2_level": 0.95, "chi2_df": 3, "chi2_threshold": 7.814727903251179, "N_raw": 47, "N_roi": 47, "N_inlier": 42, "refit": true}
{"timestamp": "17:54:49.314026", "frame": 50, "mu": [0.7264276880159374, 3.2016080286042774, 0.7472775884271186], "Sigma": [[0.01478837896812297, -0.003692405777697982, 0.0011484872203752557], [-0.003692405777697982, 0.00518408464060389, -0.00321267075359721], [0.0011484872203752561, -0.0032126707535972106, 0.008745774219184746]], "chi2_level": 0.95, "chi2_df": 3, "chi2_threshold": 7.814727903251179, "N_raw": 59, "N_roi": 57, "N_inlier": 56, "refit": true}
{"timestamp": "17:54:49.370188", "frame": 51, "mu": [0.6839423456517741, 3.15627738657303, 0.7082368141484076], "Sigma": [[0.015209012109326901, -0.003963676559462711, -0.0077378596434827885], [-0.003963676559462712, 0.002721574888117606, -0.0018143085825828447], [-0.007737859643482788, -0.0018143085825828445, 0.037477466120721795]], "chi2_level": 0.95, "chi2_df": 3, "chi2_threshold": 7.814727903251179, "N_raw": 66, "N_roi": 63, "N_inlier": 59, "refit": true}
{"timestamp": "17:54:49.424573", "frame": 52, "mu": [0.6525586197584028, 3.0593858064670494, 0.6454512475361862], "Sigma": [[0.012901523879414846, -0.003586711997760241, -0.0021497744044503414], [-0.003586711997760241, 0.00520354387736753, -0.002584274664331008], [-0.0021497744044503414, -0.0025842746643310083, 0.008350929116909742]], "chi2_level": 0.95, "chi2_df": 3, "chi2_threshold": 7.814727903251179, "N_raw": 60, "N_roi": 58, "N_inlier": 56, "refit": true}
{"timestamp": "17:54:49.483128", "frame": 53, "mu": [0.5627054369052921, 3.1967550214155236, -0.22039295678857257], "Sigma": [[0.016029997286959488, -0.007700853527724367, 0.05491019691468106], [-0.007700853527724367, 0.02069581999947119, -0.05399422606474859], [0.05491019691468106, -0.05399422606474859, 0.32351490892900925]], "chi2_level": 0.95, "chi2_df": 3, "chi2_threshold": 7.814727903251179, "N_raw": 90, "N_roi": 90, "N_inlier": 87, "refit": true}
{"timestamp": "17:54:49.528186", "frame": 54, "mu": [0.4899347138229159, 2.9577398650650815, 0.5696656102758335], "Sigma": [[0.004146860207280255, -0.0019484040713633427, 0.0005615846334136172], [-0.0019484040713633427, 0.0011407558996092493, -0.0011523050894530274], [0.0005615846334136175, -0.0011523050894530274, 0.018174912798581883]], "chi2_level": 0.95, "chi2_df": 3, "chi2_threshold": 7.814727903251179, "N_raw": 13, "N_roi": 13, "N_inlier": 12, "refit": true}
{"timestamp": "17:54:49.590736", "frame": 55, "mu": [0.4243110533197007, 3.000660362399177, -1.0287939429668134], "Sigma": [[0.016280478093221855, 0.011748544500664027, 0.043082174925947646], [0.011748544500664027, 0.01637378230334015, 0.04051663149515721], [0.043082174925947646, 0.04051663149515721, 0.17027520649974945]], "chi2_level": 0.95, "chi2_df": 3, "chi2_threshold": 7.814727903251179, "N_raw": 75, "N_roi": 75, "N_inlier": 68, "refit": true}
{"timestamp": "17:54:49.641152", "frame": 56, "mu": [0.34711891713002513, 3.036380519191085, -0.7152904215447132], "Sigma": [[0.00871936065361346, 0.004386268134341807, 0.018374518887272456], [0.004386268134341807, 0.011591956182294569, 0.021672810054229125], [0.018374518887272456, 0.021672810054229125, 0.08788464081676234]], "chi2_level": 0.95, "chi2_df": 3, "chi2_threshold": 7.814727903251179, "N_raw": 42, "N_roi": 42, "N_inlier": 39, "refit": true}
{"timestamp": "17:54:49.697366", "frame": 57, "mu": [0.2866041533748345, 2.7743463983238175, 0.7560120922653071], "Sigma": [[0.010504173471601427, -0.003958395493657922, -0.004418804920713603], [-0.003958395493657922, 0.003299532585309641, -0.0006393062459244026], [-0.004418804920713603, -0.0006393062459244026, 0.008168291542689126]], "chi2_level": 0.95, "chi2_df": 3, "chi2_threshold": 7.814727903251179, "N_raw": 48, "N_roi": 48, "N_inlier": 45, "refit": true}
{"timestamp": "17:54:49.756499", "frame": 58, "mu": [0.22475112050032886, 2.7619222121063833, 0.8193500830273504], "Sigma": [[0.018038229661964902, -0.002972023039730127, -0.0010201228765472738], [-0.002972023039730127, 0.00518608106171064, -0.002696995565894437], [-0.001020122876547274, -0.002696995565894437, 0.0029958554837139426]], "chi2_level": 0.95, "chi2_df": 3, "chi2_threshold": 7.814727903251179, "N_raw": 81, "N_roi": 78, "N_inlier": 72, "refit": true}
{"timestamp": "17:54:49.809681", "frame": 59, "mu": [0.16557975367243247, 2.7623309338931685, 1.0473999459877485], "Sigma": [[0.013470675494345934, -0.0032035240640302083, -0.010636539576414621], [-0.0032035240640302083, 0.002833362411227314, -0.0007676466600820861], [-0.010636539576414621, -0.0007676466600820861, 0.017055372852579]], "chi2_level": 0.95, "chi2_df": 3, "chi2_threshold": 7.814727903251179, "N_raw": 58, "N_roi": 58, "N_inlier": 55, "refit": true}
{"timestamp": "17:54:49.866863", "frame": 60, "mu": [0.11504473318186514, 2.6838768924140117, 0.9437347975549191], "Sigma": [[0.013222251579187362, -0.004780957790905644, -0.0041423103155643366], [-0.004780957790905644, 0.0037378288384443846, -0.003745404636288869], [-0.0041423103155643366, -0.0037454046362888696, 0.02617419086401377]], "chi2_level": 0.95, "chi2_df": 3, "chi2_threshold": 7.814727903251179, "N_raw": 80, "N_roi": 77, "N_inlier": 73, "refit": true}
{"timestamp": "17:54:49.922040", "frame": 61, "mu": [0.03247136038483784, 2.6432697858604635, 0.9902551838093813], "Sigma": [[0.012839064899419507, -0.003308239442595734, -0.003533496923910982], [-0.003308239442595734, 0.0028326694857555325, -0.0037597230301444975], [-0.0035334969239109813, -0.0037597230301444975, 0.02141560534867412]], "chi2_level": 0.95, "chi2_df": 3, "chi2_threshold": 7.814727903251179, "N_raw": 73, "N_roi": 72, "N_inlier": 69, "refit": true}
{"timestamp": "17:54:49.977468", "frame": 62, "mu": [-0.03466960824409226, 2.61174237195751, 1.0348564735637789], "Sigma": [[0.016306765484685237, -0.007706913548785169, -0.003593633550406486], [-0.007706913548785169, 0.0077680566458396974, -0.0016899932633752464], [-0.0035936335504064857, -0.0016899932633752468, 0.005946139842498648]], "chi2_level": 0.95, "chi2_df": 3, "chi2_threshold": 7.814727903251179, "N_raw": 77, "N_roi": 77, "N_inlier": 73, "refit": true}
{"timestamp": "17:54:50.032997", "frame": 63, "mu": [-0.10420915322902558, 2.541763494995479, 1.0022529885712341], "Sigma": [[0.017459411933357025, -0.007358916672037999, 0.0006032884555241762], [-0.007358916672037998, 0.007263268119318933, -0.004429432307430265], [0.0006032884555241765, -0.004429432307430265, 0.005307387935477488]], "chi2_level": 0.95, "chi2_df": 3, "chi2_threshold": 7.814727903251179, "N_raw": 85, "N_roi": 85, "N_inlier": 79, "refit": true}
{"timestamp": "17:54:50.090102", "frame": 64, "mu": [-0.21487322434320444, 2.5118236400749576, 0.9438304630561473], "Sigma": [[0.01878812456427299, -0.010286128157685207, 0.014770357555983889], [-0.010286128157685209, 0.011149016731421447, 0.00042822591007667067], [0.014770357555983889, 0.00042822591007667153, 0.1084901594055578]], "chi2_level": 0.95, "chi2_df": 3, "chi2_threshold": 7.814727903251179, "N_raw": 95, "N_roi": 95, "N_inlier": 86, "refit": true}
{"timestamp": "17:54:50.145060", "frame": 65, "mu": [-0.2907090687288983, 2.4307212291876796, 0.9130858954581198], "Sigma": [[0.021240047593093954, -0.009164516369153906, 0.035761780471393376], [-0.009164516369153906, 0.009052190951098412, -0.006779207134967251], [0.035761780471393376, -0.006779207134967248, 0.15973256574264125]], "chi2_level": 0.95, "chi2_df": 3, "chi2_threshold": 7.814727903251179, "N_raw": 85, "N_roi": 80, "N_inlier": 74, "refit": true}
{"timestamp": "17:54:50.201628", "frame": 66, "mu": [-0.28620061561731724, 2.3570342356170753, 0.7303574465051135], "Sigma": [[0.019750874558535636, -0.004692786022820557, -0.0009589942925760718], [-0.004692786022820557, 0.01046644503361745, 0.008819320021838366], [-0.0009589942925760726, 0.008819320021838366, 0.20949118899989685]], "chi2_level": 0.95, "chi2_df": 3, "chi2_threshold": 7.814727903251179, "N_raw": 103, "N_roi": 103, "N_inlier": 95, "refit": true}
{"timestamp": "17:54:50.253211", "frame": 67, "mu": [-0.39836780050183285, 2.262286451862063, 0.8674627795606378], "Sigma": [[0.009790812916618449, -0.00211792094629788, 0.005031409446562589], [-0.00211792094629788, 0.0023954133844036668, 0.0025432327899070593], [0.005031409446562588, 0.0025432327899070593, 0.11786422558226275]], "chi2_level": 0.95, "chi2_df": 3, "chi2_threshold": 7.814727903251179, "N_raw": 79, "N_roi": 79, "N_inlier": 72, "refit": true}
{"timestamp": "17:54:50.307603", "frame": 68, "mu": [-0.41481343665601333, 2.4061795948795726, -0.39039564728938314], "Sigma": [[0.007488702026896372, -0.0021489710420223777, 0.009144605679230616], [-0.0021489710420223777, 0.008882914746816533, -0.017690681049817858], [0.009144605679230616, -0.017690681049817858, 0.1081379902739722]], "chi2_level": 0.95, "chi2_df": 3, "chi2_threshold": 7.814727903251179, "N_raw": 78, "N_roi": 78, "N_inlier": 69, "refit": true}
{"timestamp": "17:54:50.362390", "frame": 69, "mu": [-0.508865213503466, 2.3674992086134847, -0.34756434080587495], "Sigma": [[0.00917669287195136, -0.001712400918022907, -0.0016735264397570457], [-0.001712400918022907, 0.00756839702848676, -0.018422870171457155], [-0.0016735264397570453, -0.018422870171457155, 0.09178661570505937]], "chi2_level": 0.95, "chi2_df": 3, "chi2_threshold": 7.814727903251179, "N_raw": 77, "N_roi": 77, "N_inlier": 70, "refit": true}
{"timestamp": "17:54:50.419130", "frame": 70, "mu": [-0.5360097955569199, 2.1113868845387125, 0.9088130863869072], "Sigma": [[0.02157714925673297, -0.009967445327049112, -0.05612804396867091], [-0.009967445327049112, 0.007709583481258875, 0.031438384530074935], [-0.0561280439686709, 0.031438384530074935, 0.2434660314256123]], "chi2_level": 0.95, "chi2_df": 3, "chi2_threshold": 7.814727903251179, "N_raw": 84, "N_roi": 83, "N_inlier": 81, "refit": true}
{"timestamp": "17:54:50.471216", "frame": 71, "mu": [-0.5983870948619625, 2.2722037899360257, -0.35051125984072834], "Sigma": [[0.0072908890281036766, 0.001052500017336096, -0.010597110314980085], [0.0010525000173360957, 0.006804499490832164, -0.013036627354145437], [-0.010597110314980085, -0.013036627354145437, 0.05362348946455066]], "chi2_level": 0.95, "chi2_df": 3, "chi2_threshold": 7.814727903251179, "N_raw": 73, "N_roi": 73, "N_inlier": 65, "refit": true}
{"timestamp": "17:54:50.528240", "frame": 72, "mu": [-0.7191990096047736, 2.034451569879366, 1.2721436710081175], "Sigma": [[0.013720517313322403, -0.0037352133422585403, -0.013043560500412908], [-0.0037352133422585403, 0.005963287764595142, 0.00045692019207086527], [-0.013043560500412908, 0.0004569201920708654, 0.017490199323316094]], "chi2_level": 0.95, "chi2_df": 3, "chi2_threshold": 7.814727903251179, "N_raw": 85, "N_roi": 85, "N_inlier": 79, "refit": true}
{"timestamp": "17:54:50.582627", "frame": 73, "mu": [-0.6780451422835991, 1.9714365166580856, 1.0828845020218434], "Sigma": [[0.009302018476284717, -0.0025036809080268164, -0.012214796038431074], [-0.0025036809080268164, 0.003307556491240775, -0.0019541867260590277], [-0.012214796038431074, -0.0019541867260590277, 0.0333706013753485]], "chi2_level": 0.95, "chi2_df": 3, "chi2_threshold": 7.814727903251179, "N_raw": 81, "N_roi": 81, "N_inlier": 75, "refit": true}
{"timestamp": "17:54:50.637378", "frame": 74, "mu": [-0.847008645085971, 1.931236824778324, 1.1352911017447647], "Sigma": [[0.011520816259611667, -0.0035822041081988087, 0.004203021245224609], [-0.0035822041081988096, 0.0034147939355815967, -0.0028986106955143404], [0.004203021245224611, -0.0028986106955143404, 0.028697635413760855]], "chi2_level": 0.95, "chi2_df": 3, "chi2_threshold": 7.814727903251179, "N_raw": 64, "N_roi": 64, "N_inlier": 58, "refit": true}
{"timestamp": "17:54:50.692050", "frame": 75, "mu": [-0.8743903485899401, 1.8821003861355468, 1.1206477854693664], "Sigma": [[0.00862189590852599, 0.0004704023202434728, -0.012076637971238622], [0.00047040232024347277, 0.001523590788565703, -0.0034264345606438403], [-0.012076637971238622, -0.0034264345606438403, 0.04199511888469034]], "chi2_level": 0.95, "chi2_df": 3, "chi2_threshold": 7.814727903251179, "N_raw": 79, "N_roi": 79, "N_inlier": 68, "refit": true}
{"timestamp": "17:54:50.740633", "frame": 76, "mu": [-1.0152356117624752, 1.8132854854321037, 0.8264476372121431], "Sigma": [[0.015905409641756338, -0.0038480443182950406, 0.008200238212928075], [-0.0038480443182950406, 0.009562755655937621, 0.007880585209342227], [0.008200238212928073, 0.007880585209342232, 0.24025567495245756]], "chi2_level": 0.95, "chi2_df": 3, "chi2_threshold": 7.814727903251179, "N_raw": 27, "N_roi": 27, "N_inlier": 25, "refit": true}
{"timestamp": "17:54:50.800874", "frame": 77, "mu": [-1.0004373242368998, 1.7148573418343032, 1.1817841388271753], "Sigma": [[0.010476383186672109, -0.00225980937874422, 0.000353021122121035], [-0.00225980937874422, 0.005220592957430011, -0.005519663877388162], [0.0003530211221210345, -0.005519663877388163, 0.010233834521204221]], "chi2_level": 0.95, "chi2_df": 3, "chi2_threshold": 7.814727903251179, "N_raw": 74, "N_roi": 74, "N_inlier": 68, "refit": true}
{"timestamp": "17:54:50.849644", "frame": 78, "mu": [-0.9926527612776164, 1.649951651162824, 1.181797764522004], "Sigma": [[0.00428718219108341, -0.002357215321170762, -0.0005369766056782748], [-0.002357215321170762, 0.002650168678442457, -0.0010084735812324278], [-0.0005369766056782746, -0.001008473581232428, 0.009906217724870795]], "chi2_level": 0.95, "chi2_df": 3, "chi2_threshold": 7.814727903251179, "N_raw": 23, "N_roi": 23, "N_inlier": 18, "refit": true}
{"timestamp": "17:54:50.902122", "frame": 79, "mu": [-1.1513167570512024, 1.881729585448502, -0.7741883186508879], "Sigma": [[0.028023437617788013, -0.0019419276780884157, -0.013774816628611512], [-0.0019419276780884161, 0.03514778548137003, -0.0830433299720602], [-0.01377481662861151, -0.08304332997206018, 0.2500233194991635]], "chi2_level": 0.95, "chi2_df": 3, "chi2_threshold": 7.814727903251179, "N_raw": 15, "N_roi": 15, "N_inlier": 15, "refit": true}
{"timestamp": "17:54:50.962973", "frame": 80, "mu": [-1.1152764427080752, 1.482548774904354, 1.2691142698600273], "Sigma": [[0.008688853749739269, -0.0015431986601822775, -0.005689985036147645], [-0.0015431986601822775, 0.006782146613293938, 0.0011092544021193804], [-0.005689985036147644, 0.0011092544021193806, 0.004338748739368923]], "chi2_level": 0.95, "chi2_df": 3, "chi2_threshold": 7.814727903251179, "N_raw": 55, "N_roi": 55, "N_inlier": 52, "refit": true}
{"timestamp": "17:54:51.018773", "frame": 81, "mu": [-1.1843053142437954, 1.4016166759851927, 1.2841751682412128], "Sigma": [[0.007640211875465091, 0.00048798121552989283, -0.005287690524518454], [0.00048798121552989294, 0.004594899605707516, -0.0018521329070002117], [-0.005287690524518454, -0.0018521329070002117, 0.00947596407023425]], "chi2_level": 0.95, "chi2_df": 3, "chi2_threshold": 7.814727903251179, "N_raw": 51, "N_roi": 51, "N_inlier": 47, "refit": true}
{"timestamp": "17:54:51.067859", "frame": 82, "mu": [-1.5162694413809252, 1.3530977547463827, -0.029682390358057305], "Sigma": [[0.04287251880959899, 0.04443318235074209, -0.043613174504180195], [0.04443318235074209, 0.05126491271065013, -0.05174285279324594], [-0.0436131745041802, -0.05174285279324594, 0.057462091795496856]], "chi2_level": 0.95, "chi2_df": 3, "chi2_threshold": 7.814727903251179, "N_raw": 21, "N_roi": 21, "N_inlier": 18, "refit": true}
{"timestamp": "17:54:51.121755", "frame": 83, "mu": [-1.360938670097401, 1.3306324590448664, 1.1341992799783098], "Sigma": [[0.013379117775696786, 0.011519383353800062, -0.05607140721850243], [0.011519383353800062, 0.013112773965300044, -0.054043277841244144], [-0.05607140721850242, -0.054043277841244144, 0.4000372371156879]], "chi2_level": 0.95, "chi2_df": 3, "chi2_threshold": 7.814727903251179, "N_raw": 11, "N_roi": 11, "N_inlier": 10, "refit": true}
{"timestamp": "17:54:51.178651", "frame": 84, "mu": [-1.4444678539607387, 1.2211509400740852, 0.9914605872219803], "Sigma": [[0.02549014545846295, 0.021229065356419996, -0.08301069911813974], [0.021229065356419996, 0.022765820434352695, -0.07823638867752984], [-0.08301069911813974, -0.07823638867752984, 0.378052847997588]], "chi2_level": 0.95, "chi2_df": 3, "chi2_threshold": 7.814727903251179, "N_raw": 22, "N_roi": 22, "N_inlier": 21, "refit": true}
{"timestamp": "17:54:51.236916", "frame": 85, "mu": [-1.5385753275129217, 1.09011767394864, 1.4082797980399822], "Sigma": [[0.006390054840251171, 0.004283817544651064, -0.005771678291619148], [0.004283817544651065, 0.008992499973025309, -0.00860246709934595], [-0.005771678291619148, -0.00860246709934595, 0.010880792995428493]], "chi2_level": 0.95, "chi2_df": 3, "chi2_threshold": 7.814727903251179, "N_raw": 45, "N_roi": 45, "N_inlier": 42, "refit": true}
{"timestamp": "17:54:51.291208", "frame": 86, "mu": [-1.5772164399019655, 1.107931487087183, 1.3921835586711504], "Sigma": [[0.0077919991072005, 0.0024735325704247036, -0.006763418499403852], [0.0024735325704247036, 0.004928208450425482, -0.006424144814328966], [-0.006763418499403852, -0.006424144814328966, 0.019399221953697865]], "chi2_level": 0.95, "chi2_df": 3, "chi2_threshold": 7.814727903251179, "N_raw": 40, "N_roi": 40, "N_inlier": 38, "refit": true}
{"timestamp": "17:54:51.344959", "frame": 87, "mu": [-1.6589671861551343, 0.9687373334386391, 1.2761225696900413], "Sigma": [[0.005175626193394021, 0.004572071579136557, -0.0009049858861294003], [0.004572071579136558, 0.005824048441086283, -0.004212917357386783], [-0.0009049858861294004, -0.004212917357386783, 0.010929542620869379]], "chi2_level": 0.95, "chi2_df": 3, "chi2_threshold": 7.814727903251179, "N_raw": 33, "N_roi": 33, "N_inlier": 31, "refit": true}
{"timestamp": "17:54:51.404075", "frame": 88, "mu": [-1.5881423059577182, 0.9810785573226526, -0.5679220532016043], "Sigma": [[0.010485492853227524, 0.008604820908856843, -0.0027161814699581247], [0.008604820908856843, 0.013566931876359817, -0.006013107937206149], [-0.0027161814699581247, -0.006013107937206149, 0.00423909859553176]], "chi2_level": 0.95, "chi2_df": 3, "chi2_threshold": 7.814727903251179, "N_raw": 60, "N_roi": 60, "N_inlier": 56, "refit": true}
{"timestamp": "17:54:51.455895", "frame": 89, "mu": [-1.6691465720539387, 0.8543999373254249, 1.3358663973844187], "Sigma": [[0.007286712342696283, 0.0011940943545934559, -0.004875403127048047], [0.0011940943545934559, 0.0097938748507541, -0.0018194396052778465], [-0.004875403127048047, -0.0018194396052778462, 0.0036430802460333464]], "chi2_level": 0.95, "chi2_df": 3, "chi2_threshold": 7.814727903251179, "N_raw": 40, "N_roi": 40, "N_inlier": 39, "refit": true}
{"timestamp": "17:54:51.512299", "frame": 90, "mu": [-1.678424354217369, 0.739893428013318, 1.2360219152669953], "Sigma": [[0.010516136471365062, 0.00793648534926245, -0.004250260710710595], [0.00793648534926245, 0.015926696331272104, -0.006716660490718583], [-0.004250260710710595, -0.006716660490718582, 0.003520294352877926]], "chi2_level": 0.95, "chi2_df": 3, "chi2_threshold": 7.814727903251179, "N_raw": 53, "N_roi": 53, "N_inlier": 53, "refit": true}
{"timestamp": "17:54:51.569336", "frame": 91, "mu": [-1.7359019269725418, 0.7026680472065662, 1.2194357946960346], "Sigma": [[0.009364948921097998, 0.006046320810173556, -8.703369303196773e-05], [0.006046320810173556, 0.011800736714179302, -0.0071290452386583], [-8.703369303196784e-05, -0.007129045238658299, 0.009592014321418227]], "chi2_level": 0.95, "chi2_df": 3, "chi2_threshold": 7.814727903251179, "N_raw": 64, "N_roi": 64, "N_inlier": 61, "refit": true}
{"timestamp": "17:54:51.622679", "frame": 92, "mu": [-1.7101717758404342, 0.856468451461127, -0.5977226602543738], "Sigma": [[0.00729474516070996, 0.005121392479719537, 0.0014841340945487436], [0.005121392479719537, 0.01017628110654016, -0.002179779433331309], [0.0014841340945487434, -0.002179779433331309, 0.0028872627477963715]], "chi2_level": 0.95, "chi2_df": 3, "chi2_threshold": 7.814727903251179, "N_raw": 45, "N_roi": 45, "N_inlier": 40, "refit": true}
{"timestamp": "17:54:51.678174", "frame": 93, "mu": [-1.749188996895364, 0.6472299523353168, 1.174814876396149], "Sigma": [[0.006781089069906876, 0.005996406823080315, -0.0011843353377575768], [0.005996406823080315, 0.008524127902715804, -0.004549992713814584], [-0.0011843353377575766, -0.004549992713814583, 0.0064120406908711085]], "chi2_level": 0.95, "chi2_df": 3, "chi2_threshold": 7.814727903251179, "N_raw": 44, "N_roi": 44, "N_inlier": 39, "refit": true}
{"timestamp": "17:54:51.734808", "frame": 94, "mu": [-1.6318396241808755, 0.5843000417944565, 1.1044340163599322], "Sigma": [[0.5808269790885255, -0.020068975764527992, -0.13595697960955314], [-0.02006897576452799, 0.012392947705838759, 0.0042112520953499], [-0.13595697960955314, 0.004211252095349901, 0.04940155289828406]], "chi2_level": 0.95, "chi2_df": 3, "chi2_threshold": 7.814727903251179, "N_raw": 62, "N_roi": 62, "N_inlier": 53, "refit": true}
{"timestamp": "17:54:51.783413", "frame": 95, "mu": [-1.783829045139126, 0.6141460854200403, 1.1500504206384354], "Sigma": [[0.003679084862278954, 0.005393494414064092, 0.0009861661265877179], [0.005393494414064092, 0.012561580083373448, -0.0026111911542792314], [0.0009861661265877179, -0.0026111911542792314, 0.016091715488400146]], "chi2_level": 0.95, "chi2_df": 3, "chi2_threshold": 7.814727903251179, "N_raw": 24, "N_roi": 24, "N_inlier": 23, "refit": true}
{"timestamp": "17:54:52.002329", "frame": 99, "mu": [1.4778988427642907, 0.4221374896842933, 0.31316179530081406], "Sigma": [[2.4977770229747875, 0.08170993736553053, -0.0360890086501429], [0.08170993736553053, 0.016630141215281932, -0.0036438856173731846], [-0.03608900865014289, -0.0036438856173731846, 0.00468920307642302]], "chi2_level": 0.95, "chi2_df": 3, "chi2_threshold": 7.814727903251179, "N_raw": 13, "N_roi": 13, "N_inlier": 13, "refit": true}
