{"timestamp": "17:52:15.779962", "frame": 21, "mu": [-2.436813205272647, 3.163909507751054, 0.45832541503354274], "Sigma": [[0.0010454011803482596, -0.00023370856464490568, -0.0012261916881746262], [-0.00023370856464490568, 0.0011466046838037645, -0.0011817432352620822], [-0.0012261916881746262, -0.0011817432352620822, 0.005260310502541291]], "chi2_level": 0.95, "chi2_df": 3, "chi2_threshold": 7.814727903251179, "N_raw": 31, "N_roi": 7, "N_inlier": 7, "refit": true}
{"timestamp": "17:52:15.946416", "frame": 24, "mu": [-2.397429344633372, 3.0518861866992384, 0.8062435012480121], "Sigma": [[0.0032421046049402103, 0.000753393819603473, -0.0013315414836437586], [0.000753393819603473, 0.005341198785480493, -0.004762666497303796], [-0.0013315414836437586, -0.004762666497303796, 0.004942911954581393]], "chi2_level": 0.95, "chi2_df": 3, "chi2_threshold": 7.814727903251179, "N_raw": 47, "N_roi": 18, "N_inlier": 17, "refit": true}
{"timestamp": "17:52:16.001535", "frame": 25, "mu": [-2.347760628845996, 3.179742468237892, -0.3369950323119527], "Sigma": [[0.007562343190260014, 0.005011832837474577, -0.00445839570387668], [0.005011832837474577, 0.007243264872370378, -0.007398512139067517], [-0.0044583957038766804, -0.007398512139067517, 0.00893710258218953]], "chi2_level": 0.95, "chi2_df": 3, "chi2_threshold": 7.814727903251179, "N_raw": 40, "N_roi": 23, "N_inlier": 23, "refit": true}
{"timestamp": "17:52:16.057452", "frame": 26, "mu": [-2.361527070366733, 2.945916203520191, 0.8188933516972374], "Sigma": [[0.005820747322937666, 0.003516323033833803, -0.006380648874119686], [0.003516323033833803, 0.003879534550911342, -0.007072608179382302], [-0.006380648874119687, -0.007072608179382303, 0.018249117830085673]], "chi2_level": 0.95, "chi2_df": 3, "chi2_threshold": 7.814727903251179, "N_raw": 38, "N_roi": 17, "N_inlier": 16, "refit": true}
{"timestamp": "17:52:16.169780", "frame": 28, "mu": [-2.26448063342189, 2.8505996408873466, 1.0598098107233558], "Sigma": [[0.015911627148714688, 0.006475242412909774, -0.009127761218095316], [0.006475242412909774, 0.00708098056270402, -0.008218216936377608], [-0.009127761218095316, -0.00821821693637761, 0.012326446263784112]], "chi2_level": 0.95, "chi2_df": 3, "chi2_threshold": 7.814727903251179, "N_raw": 51, "N_roi": 46, "N_inlier": 45, "refit": true}
{"timestamp": "17:52:16.276591", "frame": 30, "mu": [-1.9020264203290143, 2.9052411929404403, 0.4094538076308165], "Sigma": [[0.01957517801193987, 0.0031514032249565158, -0.016640702328953615], [0.0031514032249565158, 0.0017463033785040582, -0.0033212088614776995], [-0.016640702328953615, -0.0033212088614776995, 0.016568064682889704]], "chi2_level": 0.95, "chi2_df": 3, "chi2_threshold": 7.814727903251179, "N_raw": 34, "N_roi": 31, "N_inlier": 28, "refit": true}
{"timestamp": "17:52:16.332013", "frame": 31, "mu": [-1.8195199695562265, 2.8725224746718068, 0.3430980627474385], "Sigma": [[0.018788430851991642, 0.00026065011948071695, -0.01889930661564062], [0.0002606501194807169, 0.0009139120017277371, -0.0011402488639462261], [-0.01889930661564062, -0.0011402488639462261, 0.02793137776128017]], "chi2_level": 0.95, "chi2_df": 3, "chi2_threshold": 7.814727903251179, "N_raw": 40, "N_roi": 40, "N_inlier": 38, "refit": true}
{"timestamp": "17:52:16.389271", "frame": 32, "mu": [-1.7809540846765453, 2.805018638301929, 0.41767321350200537], "Sigma": [[0.016736864239410065, 0.003078061700417613, -0.01267801174821941], [0.003078061700417613, 0.002373862020241457, -0.005315742379914942], [-0.01267801174821941, -0.005315742379914942, 0.018505770085500473]], "chi2_level": 0.95, "chi2_df": 3, "chi2_threshold": 7.814727903251179, "N_raw": 53, "N_roi": 51, "N_inlier": 48, "refit": true}
{"timestamp": "17:52:16.439307", "frame": 33, "mu": [-1.7529782064922235, 2.7764107074702813, 0.6139604066536568], "Sigma": [[0.016164595722728547, 0.005640772800093897, -0.03764272847807152], [0.005640772800093897, 0.003552764142245597, -0.01932192786822558], [-0.03764272847807152, -0.01932192786822558, 0.1218333879280212]], "chi2_level": 0.95, "chi2_df": 3, "chi2_threshold": 7.814727903251179, "N_raw": 19, "N_roi": 19, "N_inlier": 18, "refit": true}
{"timestamp": "17:52:16.493376", "frame": 34, "mu": [-1.930831875751972, 2.6027760991585662, 1.0320951886922245], "Sigma": [[0.005312839071437758, 0.0030208530527992515, -0.007893399644114767], [0.0030208530527992515, 0.004457474139916009, -0.008594870107828004], [-0.007893399644114767, -0.008594870107828006, 0.02220833548447759]], "chi2_level": 0.95, "chi2_df": 3, "chi2_threshold": 7.814727903251179, "N_raw": 9, "N_roi": 9, "N_inlier": 9, "refit": true}
{"timestamp": "17:52:16.553713", "frame": 35, "mu": [-1.7161692469970322, 2.696350201875983, 1.095796092616533], "Sigma": [[0.014118807935173004, 0.0039324641274776015, -0.019510891998307626], [0.0039324641274776015, 0.0033926912066331713, -0.003912234291763071], [-0.019510891998307626, -0.003912234291763071, 0.08378323015190546]], "chi2_level": 0.95, "chi2_df": 3, "chi2_threshold": 7.814727903251179, "N_raw": 42, "N_roi": 42, "N_inlier": 41, "refit": true}
{"timestamp": "17:52:16.607548", "frame": 36, "mu": [-1.7492097358469603, 2.6172956065825304, 1.1996558991667785], "Sigma": [[0.012427693613238271, 0.0036518302698228698, -0.016509034400818433], [0.0036518302698228698, 0.002997208906022964, -0.004582628108949132], [-0.016509034400818433, -0.004582628108949131, 0.04778125110050438]], "chi2_level": 0.95, "chi2_df": 3, "chi2_threshold": 7.814727903251179, "N_raw": 34, "N_roi": 34, "N_inlier": 31, "refit": true}
{"timestamp": "17:52:16.664036", "frame": 37, "mu": [-1.568351660670744, 2.5545400284940536, 0.7604697912647511], "Sigma": [[0.011018177821259202, 0.002182441784851646, -0.0055830183092238535], [0.002182441784851646, 0.0013924004170241561, 0.003035806752675462], [-0.005583018309223853, 0.003035806752675462, 0.0506685029775058]], "chi2_level": 0.95, "chi2_df": 3, "chi2_threshold": 7.814727903251179, "N_raw": 48, "N_roi": 48, "N_inlier": 45, "refit": true}
{"timestamp": "17:52:16.718305", "frame": 38, "mu": [-1.5626914055420882, 2.590210495988921, 0.9681203175834708], "Sigma": [[0.010367378755903862, 0.0032544170852331924, -0.017881713443974302], [0.003254417085233192, 0.003051760072846216, -0.010223834843287302], [-0.017881713443974302, -0.010223834843287302, 0.04843621187461736]], "chi2_level": 0.95, "chi2_df": 3, "chi2_threshold": 7.814727903251179, "N_raw": 45, "N_roi": 45, "N_inlier": 45, "refit": true}
{"timestamp": "17:52:16.773533", "frame": 39, "mu": [-1.562356236147715, 2.5106158399741565, 1.0221678455624503], "Sigma": [[0.009746023368159119, 0.0036867988512975956, -0.009007585628246573], [0.0036867988512975956, 0.002823013407484364, -0.006440325557051366], [-0.009007585628246573, -0.006440325557051366, 0.03181417722988504]], "chi2_level": 0.95, "chi2_df": 3, "chi2_threshold": 7.814727903251179, "N_raw": 44, "N_roi": 44, "N_inlier": 44, "refit": true}
{"timestamp": "17:52:16.828682", "frame": 40, "mu": [-1.3847240695409562, 2.5151767566214347, 0.7708719273718565], "Sigma": [[0.011724783439079402, 0.0006109007210196142, -0.005144394707117033], [0.000610900721019614, 0.0012790716585354231, -0.002420545245055931], [-0.0051443947071170325, -0.002420545245055931, 0.014389699037373324]], "chi2_level": 0.95, "chi2_df": 3, "chi2_threshold": 7.814727903251179, "N_raw": 47, "N_roi": 47, "N_inlier": 44, "refit": true}
{"timestamp": "17:52:16.885015", "frame": 41, "mu": [-1.3901407536487538, 2.4159284552122284, 0.7592758193862863], "Sigma": [[0.012543640123704777, 0.0011845169572127301, -0.00795406222918277], [0.0011845169572127303, 0.001250469450344502, -0.0037430225761451207], [-0.007954062229182768, -0.0037430225761451207, 0.01828288794609212]], "chi2_level": 0.95, "chi2_df": 3, "chi2_threshold": 7.814727903251179, "N_raw": 51, "N_roi": 51, "N_inlier": 48, "refit": true}
{"timestamp": "17:52:16.934150", "frame": 42, "mu": [-1.3281143390811905, 2.433052833162781, 0.6201825564460942], "Sigma": [[0.005818207672880447, -0.013404684505742193, 0.01685501684331542], [-0.013404684505742191, 0.04147026941738283, -0.06421545244905319], [0.016855016843315425, -0.06421545244905319, 0.14776977364111463]], "chi2_level": 0.95, "chi2_df": 3, "chi2_threshold": 7.814727903251179, "N_raw": 12, "N_roi": 12, "N_inlier": 11, "refit": true}
{"timestamp": "17:52:16.996358", "frame": 43, "mu": [-1.2093951307145976, 2.2658190934530134, 0.7887440369541555], "Sigma": [[0.01124072912211571, -0.00024969375291264634, -0.009838083634565831], [-0.00024969375291264645, 0.001770864818044734, -0.004552975887501955], [-0.009838083634565831, -0.004552975887501955, 0.029170849935537306]], "chi2_level": 0.95, "chi2_df": 3, "chi2_threshold": 7.814727903251179, "N_raw": 70, "N_roi": 70, "N_inlier": 66, "refit": true}
{"timestamp": "17:52:17.050649", "frame": 44, "mu": [-1.1791396941999537, 2.2468336080632083, 0.9309315604715556], "Sigma": [[0.008565013688748567, 0.0017160880075646442, -0.0021263814679024964], [0.0017160880075646444, 0.0023076570129009315, -0.005171416006765815], [-0.002126381467902497, -0.005171416006765815, 0.016534805737982654]], "chi2_level": 0.95, "chi2_df": 3, "chi2_threshold": 7.814727903251179, "N_raw": 56, "N_roi": 56, "N_inlier": 53, "refit": true}
{"timestamp": "17:52:17.100655", "frame": 45, "mu": [-1.1243449558447964, 2.16207349796084, 0.7309946038159132], "Sigma": [[0.00485368092470867, 0.0015867197940514276, -0.0005915064980865396], [0.0015867197940514276, 0.002192222459367837, -0.00455867398535925], [-0.0005915064980865396, -0.00455867398535925, 0.01543335501267211]], "chi2_level": 0.95, "chi2_df": 3, "chi2_threshold": 7.814727903251179, "N_raw": 18, "N_roi": 18, "N_inlier": 16, "refit": true}
{"timestamp": "17:52:17.161632", "frame": 46, "mu": [-1.0692403688182368, 2.17151700028264, 0.9543083115319216], "Sigma": [[0.013178779368700379, 0.003218303820264304, -0.009625749418480187], [0.003218303820264304, 0.004633167695966756, -0.0068852794675630016], [-0.009625749418480187, -0.0068852794675630016, 0.014540629210334997]], "chi2_level": 0.95, "chi2_df": 3, "chi2_threshold": 7.814727903251179, "N_raw": 71, "N_roi": 71, "N_inlier": 68, "refit": true}
{"timestamp": "17:52:17.213609", "frame": 47, "mu": [-0.9942491746329624, 2.120527419679608, 0.9397167593624586], "Sigma": [[0.005650194039677791, 0.0006379875871665177, -0.006276568979958861], [0.0006379875871665177, 0.0010866042394846386, -0.0030409050916458723], [-0.006276568979958861, -0.003040905091645872, 0.032694871465529005]], "chi2_level": 0.95, "chi2_df": 3, "chi2_threshold": 7.814727903251179, "N_raw": 44, "N_roi": 44, "N_inlier": 42, "refit": true}
{"timestamp": "17:52:17.264752", "frame": 48, "mu": [-0.8560721713573914, 2.383407618111126, -0.9331366044887315], "Sigma": [[0.006031018701604127, 0.0045490889980186805, -0.01256607522539859], [0.0045490889980186805, 0.012340112904930416, -0.03122850412302957], [-0.01256607522539859, -0.031228504123029563, 0.1527445318490328]], "chi2_level": 0.95, "chi2_df": 3, "chi2_threshold": 7.814727903251179, "N_raw": 20, "N_roi": 20, "N_inlier": 18, "refit": true}
{"timestamp": "17:52:17.323897", "frame": 49, "mu": [-0.7978951734201136, 2.0447466719745275, 0.6340952606114522], "Sigma": [[0.015027155432070057, 0.00218826115966588, -0.025115241976523997], [0.00218826115966588, 0.0024061442155187433, -0.006853908837000996], [-0.025115241976524, -0.006853908837000997, 0.06582989507209032]], "chi2_level": 0.95, "chi2_df": 3, "chi2_threshold": 7.814727903251179, "N_raw": 47, "N_roi": 47, "N_inlier": 43, "refit": true}
{"timestamp": "17:52:17.377512", "frame": 50, "mu": [-0.8016196638352785, 1.9979000674138292, 1.0175629271542974], "Sigma": [[0.006742757617563233, 0.00034948393883848654, -0.008896822963850349], [0.0003494839388384864, 0.0009500030068018982, -0.004890973079084848], [-0.008896822963850349, -0.004890973079084848, 0.0496210553022617]], "chi2_level": 0.95, "chi2_df": 3, "chi2_threshold": 7.814727903251179, "N_raw": 44, "N_roi": 44, "N_inlier": 39, "refit": true}
{"timestamp": "17:52:17.437632", "frame": 51, "mu": [-0.7575170247602875, 1.9352356449802033, 0.9415665232343199], "Sigma": [[0.009799727246220295, 0.0010672974368953927, -0.001399902106759505], [0.001067297436895393, 0.002749819417318425, -0.005570501791998728], [-0.0013999021067595053, -0.005570501791998729, 0.013507888931408292]], "chi2_level": 0.95, "chi2_df": 3, "chi2_threshold": 7.814727903251179, "N_raw": 80, "N_roi": 80, "N_inlier": 75, "refit": true}
{"timestamp": "17:52:17.487298", "frame": 52, "mu": [-0.7659909737787318, 1.8221610733217248, 1.0075353752779421], "Sigma": [[0.0070349126178314006, 0.0006436931511056461, 0.0031378618074685916], [0.0006436931511056461, 0.0008010655763560011, -0.004257470337011286], [0.0031378618074685916, -0.004257470337011286, 0.06032091956752831]], "chi2_level": 0.95, "chi2_df": 3, "chi2_threshold": 7.814727903251179, "N_raw": 36, "N_roi": 36, "N_inlier": 31, "refit": true}
{"timestamp": "17:52:17.546105", "frame": 53, "mu": [-0.6049146233342869, 1.7758862140218048, 0.8280871790506249], "Sigma": [[0.006011143099140218, -0.0007054495534868832, -0.00409449354304159], [-0.000705449553486883, 0.0031144391628568097, -0.003563446502592738], [-0.00409449354304159, -0.003563446502592738, 0.009997438523299703]], "chi2_level": 0.95, "chi2_df": 3, "chi2_threshold": 7.814727903251179, "N_raw": 65, "N_roi": 65, "N_inlier": 60, "refit": true}
{"timestamp": "17:52:17.604340", "frame": 54, "mu": [-0.5181730805084327, 1.7347867852371077, 0.7899807802549568], "Sigma": [[0.007875107385969202, -0.0006446925401088384, -0.004750289638602233], [-0.0006446925401088383, 0.0054918760661184195, -0.004919777383789874], [-0.004750289638602233, -0.004919777383789874, 0.012538901442052853]], "chi2_level": 0.95, "chi2_df": 3, "chi2_threshold": 7.814727903251179, "N_raw": 87, "N_roi": 86, "N_inlier": 81, "refit": true}
{"timestamp": "17:52:17.659821", "frame": 55, "mu": [-0.4561232103364539, 1.78006611344942, -0.6557828398475412], "Sigma": [[0.007859619304547887, 0.0008705064958829761, 0.03458643339385205], [0.0008705064958829761, 0.0008363432359294426, 0.0027501589494236555], [0.034586433393852055, 0.002750158949423655, 0.454419732815658]], "chi2_level": 0.95, "chi2_df": 3, "chi2_threshold": 7.814727903251179, "N_raw": 89, "N_roi": 89, "N_inlier": 86, "refit": true}
{"timestamp": "17:52:17.714631", "frame": 56, "mu": [-0.4624232141269201, 1.6772007599089898, 0.9458337702410244], "Sigma": [[0.008300952498322862, -0.0019285228056097744, -0.0026681962801247605], [-0.0019285228056097744, 0.0022005140263320084, -0.00279434532224301], [-0.0026681962801247605, -0.00279434532224301, 0.017605756458071924]], "chi2_level": 0.95, "chi2_df": 3, "chi2_threshold": 7.814727903251179, "N_raw": 86, "N_roi": 86, "N_inlier": 83, "refit": true}
{"timestamp": "17:52:17.774633", "frame": 57, "mu": [-0.3642275948142862, 1.683720857709606, 0.9667923721593727], "Sigma": [[0.013537470601696631, 0.0011997165807367876, -0.008856461910901055], [0.0011997165807367878, 0.004494292787052613, -0.005197333655386521], [-0.008856461910901055, -0.00519733365538652, 0.01621896607090703]], "chi2_level": 0.95, "chi2_df": 3, "chi2_threshold": 7.814727903251179, "N_raw": 113, "N_roi": 113, "N_inlier": 110, "refit": true}
{"timestamp": "17:52:17.826555", "frame": 58, "mu": [-0.32263434160203613, 1.6705790976311043, 1.1219041681931519], "Sigma": [[0.006423277529507071, 0.0024674282692665763, 0.002700483255868115], [0.0024674282692665763, 0.004067551118451745, 0.002105812570225942], [0.0027004832558681145, 0.002105812570225942, 0.052072874725741874]], "chi2_level": 0.95, "chi2_df": 3, "chi2_threshold": 7.814727903251179, "N_raw": 91, "N_roi": 91, "N_inlier": 86, "refit": true}
{"timestamp": "17:52:17.885630", "frame": 59, "mu": [-0.3051747135098832, 1.6000650565145178, 1.1121089293678679], "Sigma": [[0.016138262497768084, 0.005231637097924731, 0.012694610564712955], [0.005231637097924731, 0.002951134691944848, 0.003508067524316485], [0.012694610564712955, 0.003508067524316485, 0.039754031026651704]], "chi2_level": 0.95, "chi2_df": 3, "chi2_threshold": 7.814727903251179, "N_raw": 127, "N_roi": 127, "N_inlier": 121, "refit": true}
{"timestamp": "17:52:17.939630", "frame": 60, "mu": [-0.29109203777223347, 1.572760263658162, 1.0912529215736788], "Sigma": [[0.006044143312920628, -5.927373125543304e-05, 0.0024333039524437714], [-5.9273731255433064e-05, 0.007675039084577107, 0.01247093082628839], [0.0024333039524437714, 0.01247093082628839, 0.07618204085087979]], "chi2_level": 0.95, "chi2_df": 3, "chi2_threshold": 7.814727903251179, "N_raw": 111, "N_roi": 111, "N_inlier": 109, "refit": true}
{"timestamp": "17:52:17.992386", "frame": 61, "mu": [-0.17990400954003366, 1.5423711911594034, -0.42211991398669835], "Sigma": [[0.0137164485850659, 0.00108595508932737, 0.08277225384983877], [0.00108595508932737, 0.0013734771460025175, 0.0027511617839385025], [0.08277225384983877, 0.002751161783938503, 0.8687259930548427]], "chi2_level": 0.95, "chi2_df": 3, "chi2_threshold": 7.814727903251179, "N_raw": 96, "N_roi": 96, "N_inlier": 94, "refit": true}
{"timestamp": "17:52:18.048846", "frame": 62, "mu": [-0.12586108134356866, 1.6480579871705372, -0.3946312884712092], "Sigma": [[0.01118516947213844, -0.0005812050692222215, -0.006057560608081106], [-0.0005812050692222213, 0.00630753607981822, -0.009263634883576273], [-0.006057560608081106, -0.009263634883576273, 0.020740323092380705]], "chi2_level": 0.95, "chi2_df": 3, "chi2_threshold": 7.814727903251179, "N_raw": 111, "N_roi": 111, "N_inlier": 109, "refit": true}
{"timestamp": "17:52:18.108732", "frame": 63, "mu": [-0.04455933646308342, 1.4288659196162983, 1.125754372999436], "Sigma": [[0.008239990186200004, -0.0015283357832489158, -0.004840447794388391], [-0.0015283357832489158, 0.0028634053003509484, -0.006148087635688088], [-0.004840447794388391, -0.006148087635688088, 0.032279270960812706]], "chi2_level": 0.95, "chi2_df": 3, "chi2_threshold": 7.814727903251179, "N_raw": 137, "N_roi": 137, "N_inlier": 134, "refit": true}
{"timestamp": "17:52:18.162175", "frame": 64, "mu": [-0.062271485271574605, 1.2513714063136314, 0.9928142059475075], "Sigma": [[0.019966839799196907, 0.008462208575301248, 0.017815818846974227], [0.008462208575301248, 0.006571697114674989, 0.011846536373313538], [0.017815818846974227, 0.011846536373313538, 0.04252618984350959]], "chi2_level": 0.95, "chi2_df": 3, "chi2_threshold": 7.814727903251179, "N_raw": 134, "N_roi": 134, "N_inlier": 131, "refit": true}
{"timestamp": "17:52:18.215403", "frame": 65, "mu": [-0.01422536746960028, 1.2753939102118876, 1.1075905926092449], "Sigma": [[0.0062728146165980615, 0.001301970111068838, 0.0033417917316096936], [0.001301970111068838, 0.0020167952250040363, 0.0031916276312749727], [0.003341791731609693, 0.0031916276312749722, 0.04461117102585977]], "chi2_level": 0.95, "chi2_df": 3, "chi2_threshold": 7.814727903251179, "N_raw": 120, "N_roi": 111, "N_inlier": 107, "refit": true}
{"timestamp": "17:52:18.270029", "frame": 66, "mu": [0.07937318562742465, 1.1410150340490288, 1.0627680053962671], "Sigma": [[0.006881529407800489, 0.0011973851232576326, -0.002246622994542381], [0.0011973851232576326, 0.0038183411993036806, 0.010053060327138225], [-0.0022466229945423805, 0.010053060327138227, 0.048839911870208336]], "chi2_level": 0.95, "chi2_df": 3, "chi2_threshold": 7.814727903251179, "N_raw": 119, "N_roi": 96, "N_inlier": 94, "refit": true}
{"timestamp": "17:52:18.326831", "frame": 67, "mu": [0.13827540977732003, 1.16624955884591, 1.1927838462180471], "Sigma": [[0.009963033051869625, 0.003906183830578477, 0.00454776746832783], [0.0039061838305784772, 0.003820112935063548, 0.004934196046467932], [0.00454776746832783, 0.004934196046467932, 0.03890321517393905]], "chi2_level": 0.95, "chi2_df": 3, "chi2_threshold": 7.814727903251179, "N_raw": 128, "N_roi": 128, "N_inlier": 124, "refit": true}
{"timestamp": "17:52:18.375154", "frame": 68, "mu": [0.1456071805506413, 1.0908253045566105, 1.0523878659639962], "Sigma": [[0.010939895322131127, 0.005154786260344609, -0.001721193203240344], [0.0051547862603446085, 0.004095009569065065, 0.0047957085205956726], [-0.0017211932032403436, 0.004795708520595672, 0.02866433538487819]], "chi2_level": 0.95, "chi2_df": 3, "chi2_threshold": 7.814727903251179, "N_raw": 82, "N_roi": 82, "N_inlier": 78, "refit": true}
{"timestamp": "17:52:18.433027", "frame": 69, "mu": [0.21242025842248652, 1.11925032152628, 1.3039415657115276], "Sigma": [[0.006515369073252368, -0.003522801235588013, -0.0026527254303067905], [-0.0035228012355880125, 0.004500757905954221, -0.0003724206948621906], [-0.0026527254303067905, -0.0003724206948621907, 0.018464034787260976]], "chi2_level": 0.95, "chi2_df": 3, "chi2_threshold": 7.814727903251179, "N_raw": 106, "N_roi": 106, "N_inlier": 102, "refit": true}
{"timestamp": "17:52:18.491891", "frame": 70, "mu": [0.24678238953369647, 1.2189316357408748, -0.37334757675863584], "Sigma": [[0.006663259825552431, -0.0015761922300461004, 0.0021063542121027663], [-0.0015761922300461004, 0.006739592480449586, -0.007925320461835366], [0.0021063542121027663, -0.007925320461835365, 0.014318353008784193]], "chi2_level": 0.95, "chi2_df": 3, "chi2_threshold": 7.814727903251179, "N_raw": 123, "N_roi": 123, "N_inlier": 118, "refit": true}
{"timestamp": "17:52:18.539017", "frame": 71, "mu": [0.2607949990537837, 0.995311219390978, 1.2873436193133054], "Sigma": [[0.005045027585839658, 0.0013698764877078415, 0.00951624787396272], [0.0013698764877078415, 0.002211014716917749, 0.004581912715448564], [0.00951624787396272, 0.004581912715448564, 0.03576338402947527]], "chi2_level": 0.95, "chi2_df": 3, "chi2_threshold": 7.814727903251179, "N_raw": 75, "N_roi": 75, "N_inlier": 69, "refit": true}
{"timestamp": "17:52:18.589733", "frame": 72, "mu": [0.32212963799690464, 1.1026328821776121, -0.35192796576460755], "Sigma": [[0.0021202938269527082, -0.00025332464034865147, -0.0007743857182709365], [-0.00025332464034865147, 0.001952650157375021, -0.0024758942315451864], [-0.0007743857182709365, -0.002475894231545187, 0.0068817785689316464]], "chi2_level": 0.95, "chi2_df": 3, "chi2_threshold": 7.814727903251179, "N_raw": 46, "N_roi": 46, "N_inlier": 41, "refit": true}
{"timestamp": "17:52:18.649397", "frame": 73, "mu": [0.4574669820471766, 0.953217946807094, 1.3741298012082421], "Sigma": [[0.0039044600760734863, 0.0010318887754158699, -0.0032685464490301154], [0.0010318887754158699, 0.0035965370304824234, -0.004722053284839056], [-0.0032685464490301154, -0.004722053284839056, 0.009617835267424922]], "chi2_level": 0.95, "chi2_df": 3, "chi2_threshold": 7.814727903251179, "N_raw": 82, "N_roi": 82, "N_inlier": 77, "refit": true}
{"timestamp": "17:52:18.700166", "frame": 74, "mu": [0.43702677028024095, 0.8695745102359334, 1.0201136119646668], "Sigma": [[0.0035041168451534943, -0.00031807341921627084, 0.026389942091460693], [-0.00031807341921627095, 0.002314489684508237, -0.00012931905585519344], [0.026389942091460693, -0.00012931905585519387, 0.4111807951357966]], "chi2_level": 0.95, "chi2_df": 3, "chi2_threshold": 7.814727903251179, "N_raw": 45, "N_roi": 45, "N_inlier": 40, "refit": true}
{"timestamp": "17:52:18.753484", "frame": 75, "mu": [0.5115041581468277, 0.8420474415886454, 1.4427850063783512], "Sigma": [[0.0017718669525632745, -0.0002487513459113848, -0.001054815080616296], [-0.00024875134591138473, 0.0027706614553775462, -0.0017245773416787423], [-0.001054815080616296, -0.0017245773416787423, 0.002515730407102103]], "chi2_level": 0.95, "chi2_df": 3, "chi2_threshold": 7.814727903251179, "N_raw": 40, "N_roi": 40, "N_inlier": 36, "refit": true}
{"timestamp": "17:52:18.903802", "frame": 76, "mu": [0.5868075204817693, 0.9486410858226295, -0.7527883935493666], "Sigma": [[0.0015033846224063892, 0.00024515630482070867, -0.001421574134882399], [0.00024515630482070867, 0.009728363153314672, -0.03730380771836157], [-0.0014215741348823988, -0.03730380771836157, 0.17776307018556597]], "chi2_level": 0.95, "chi2_df": 3, "chi2_threshold": 7.814727903251179, "N_raw": 26, "N_roi": 24, "N_inlier": 22, "refit": true}
{"timestamp": "17:52:18.968535", "frame": 78, "mu": [0.6671455319286494, 0.6969693870351225, 1.028925273984628], "Sigma": [[0.0022027374517118604, 0.0017243469444850924, 0.005864711368990824], [0.0017243469444850924, 0.010063527233076325, 0.049590986768135045], [0.005864711368990824, 0.049590986768135045, 0.3264485865687515]], "chi2_level": 0.95, "chi2_df": 3, "chi2_threshold": 7.814727903251179, "N_raw": 9, "N_roi": 9, "N_inlier": 8, "refit": true}
{"timestamp": "17:52:19.080923", "frame": 81, "mu": [0.7391246484374246, 0.6570203037311767, 1.3663574726697298], "Sigma": [[0.00223065221348978, -0.0002242242234265847, -0.0012375165799848528], [-0.0002242242234265847, 0.0009420690830990229, -0.0007433665125721694], [-0.0012375165799848528, -0.0007433665125721695, 0.0016385385698323895]], "chi2_level": 0.95, "chi2_df": 3, "chi2_threshold": 7.814727903251179, "N_raw": 26, "N_roi": 26, "N_inlier": 22, "refit": true}
{"timestamp": "17:52:19.136824", "frame": 82, "mu": [0.8056993363974257, 0.6351626156113409, 1.2131221111402117], "Sigma": [[0.007676073802619397, -0.0075027103019912455, -0.026834721432094647], [-0.0075027103019912455, 0.014655848532202266, 0.04191078283720325], [-0.026834721432094647, 0.04191078283720325, 0.13945592404049334]], "chi2_level": 0.95, "chi2_df": 3, "chi2_threshold": 7.814727903251179, "N_raw": 25, "N_roi": 25, "N_inlier": 23, "refit": true}
{"timestamp": "17:52:19.187794", "frame": 83, "mu": [0.9127497292356043, 0.4650967036226259, 0.8702596230329844], "Sigma": [[0.011895689068360747, -0.011464697339350315, -0.06901296861970069], [-0.011464697339350315, 0.015003531501639725, 0.0772868372027973], [-0.06901296861970067, 0.0772868372027973, 0.4350057798162188]], "chi2_level": 0.95, "chi2_df": 3, "chi2_threshold": 7.814727903251179, "N_raw": 8, "N_roi": 8, "N_inlier": 8, "refit": true}
{"timestamp": "17:52:19.245255", "frame": 84, "mu": [0.9634424299425002, 0.44207387833808165, 0.9474141842368122], "Sigma": [[0.0063462487248229825, -0.008841071679624132, -0.05247380903191362], [-0.00884107167962413, 0.01756253490181197, 0.08025805095112465], [-0.052473809031913614, 0.08025805095112466, 0.4643251361433713]], "chi2_level": 0.95, "chi2_df": 3, "chi2_threshold": 7.814727903251179, "N_raw": 11, "N_roi": 11, "N_inlier": 11, "refit": true}
{"timestamp": "17:52:19.298676", "frame": 85, "mu": [1.0034706415339039, 0.4721514393761051, 1.2228826230951142], "Sigma": [[0.0037748122504224126, -0.0002320279261288658, -0.02616929217789654], [-0.00023202792612886584, 0.0003865781417116853, 0.004947154182946312], [-0.02616929217789654, 0.004947154182946312, 0.3036186009997029]], "chi2_level": 0.95, "chi2_df": 3, "chi2_threshold": 7.814727903251179, "N_raw": 14, "N_roi": 14, "N_inlier": 12, "refit": true}
{"timestamp": "17:52:19.353880", "frame": 86, "mu": [0.9860878472993926, 0.3798139711252102, 0.7295782303505234], "Sigma": [[0.011003507911112426, -0.005098240364065844, -0.05279443507856053], [-0.005098240364065844, 0.009736286735086454, 0.01784892819496188], [-0.05279443507856052, 0.01784892819496188, 0.3821235044373651]], "chi2_level": 0.95, "chi2_df": 3, "chi2_threshold": 7.814727903251179, "N_raw": 10, "N_roi": 10, "N_inlier": 9, "refit": true}
{"timestamp": "17:52:19.408365", "frame": 87, "mu": [0.9932977619902398, 0.412703007626172, 0.9450604516785868], "Sigma": [[0.007094378732612028, 0.002262733687750795, -0.03960908896427659], [0.002262733687750795, 0.0010078721058874014, -0.013941384475945227], [-0.03960908896427659, -0.013941384475945229, 0.319864430489406]], "chi2_level": 0.95, "chi2_df": 3, "chi2_threshold": 7.814727903251179, "N_raw": 7, "N_roi": 7, "N_inlier": 7, "refit": true}
{"timestamp": "17:52:19.464297", "frame": 88, "mu": [1.1629145099936322, 0.30707280190653213, 0.5725591430061604], "Sigma": [[0.01670393019733388, -0.001291172137744817, -0.06242898911950953], [-0.001291172137744817, 0.006905096460097887, 0.0032573625438630013], [-0.06242898911950953, 0.0032573625438630013, 0.26075378507592395]], "chi2_level": 0.95, "chi2_df": 3, "chi2_threshold": 7.814727903251179, "N_raw": 10, "N_roi": 10, "N_inlier": 9, "refit": true}
