{"timestamp": "17:51:25.823551", "frame": 15, "mu": [0.017634082203516185, 0.5478569144106011, 0.5494737174280322], "Sigma": [[5.740746929449646, 0.18641036674546552, 0.02049287774973408], [0.18641036674546552, 0.030016414874090985, 0.00024243864119288284], [0.020492877749734087, 0.00024243864119288284, 0.005318579459413158]], "chi2_level": 0.95, "chi2_df": 3, "chi2_threshold": 7.814727903251179, "N_raw": 18, "N_roi": 18, "N_inlier": 17, "refit": true}
{"timestamp": "17:51:25.879727", "frame": 16, "mu": [1.0976028502100015, 0.9490408023172625, -1.3493126061107854], "Sigma": [[4.0031128997078875, 0.14765275715192763, -0.054765163863516986], [0.14765275715192766, 0.02883888608920541, 0.003992597593684158], [-0.054765163863516986, 0.003992597593684158, 0.014192554774384837]], "chi2_level": 0.95, "chi2_df": 3, "chi2_threshold": 7.814727903251179, "N_raw": 21, "N_roi": 21, "N_inlier": 21, "refit": true}
{"timestamp": "17:51:25.933118", "frame": 17, "mu": [0.34285992390612696, 0.5632737380413494, 0.5723266106914741], "Sigma": [[5.3866747091723965, 0.17671254894771346, 0.017582208431392785], [0.17671254894771346, 0.0238275244058817, -0.00134197660869435], [0.017582208431392785, -0.00134197660869435, 0.0041873575775043335]], "chi2_level": 0.95, "chi2_df": 3, "chi2_threshold": 7.814727903251179, "N_raw": 20, "N_roi": 20, "N_inlier": 20, "refit": true}
{"timestamp": "17:51:25.990172", "frame": 18, "mu": [0.8420413933321726, 0.5236953311800232, 0.46355401071524116], "Sigma": [[4.5519515065934355, 0.17946347482359987, -0.0011908626884445037], [0.17946347482359987, 0.02780316275054253, -0.0024072492372770203], [-0.0011908626884445037, -0.0024072492372770203, 0.005246045323972021]], "chi2_level": 0.95, "chi2_df": 3, "chi2_threshold": 7.814727903251179, "N_raw": 31, "N_roi": 31, "N_inlier": 30, "refit": true}
{"timestamp": "17:51:26.044717", "frame": 19, "mu": [0.7185565591917484, 0.9210243423570823, -1.2757423972640674], "Sigma": [[4.64696721382691, 0.19241147139967377, 0.034524972025710546], [0.19241147139967377, 0.031044441981607666, 0.004166651223611248], [0.034524972025710546, 0.004166651223611248, 0.004467016414409893]], "chi2_level": 0.95, "chi2_df": 3, "chi2_threshold": 7.814727903251179, "N_raw": 24, "N_roi": 24, "N_inlier": 24, "refit": true}
{"timestamp": "17:51:26.100269", "frame": 20, "mu": [-0.19387017558835046, 0.49698672679248973, 0.6880590670494606], "Sigma": [[4.83706628225671, 0.09989037662277148, 0.01536916724497115], [0.09989037662277148, 0.013344782152853195, -0.0013294673735997275], [0.015369167244971154, -0.0013294673735997275, 0.004020660290329382]], "chi2_level": 0.95, "chi2_df": 3, "chi2_threshold": 7.814727903251179, "N_raw": 29, "N_roi": 29, "N_inlier": 28, "refit": true}
{"timestamp": "17:51:26.263968", "frame": 23, "mu": [0.1560664512416789, 0.8169708859568426, -1.0699434392842477], "Sigma": [[4.065077208112776, 0.1325995237013087, -0.0013501788091520289], [0.1325995237013087, 0.020789062471548225, -0.0008966171019325566], [-0.0013501788091520271, -0.0008966171019325564, 0.003713615014237572]], "chi2_level": 0.95, "chi2_df": 3, "chi2_threshold": 7.814727903251179, "N_raw": 27, "N_roi": 27, "N_inlier": 27, "refit": true}
{"timestamp": "17:51:26.375533", "frame": 25, "mu": [-2.033190457663435, 0.6112534883123029, 0.9464672035427072], "Sigma": [[0.005569108416757974, 0.007449166766935902, 0.00022527375169783268], [0.007449166766935902, 0.012279085968677007, -0.003192900856514306], [0.0002252737516978328, -0.0031929008565143063, 0.013947088758907645]], "chi2_level": 0.95, "chi2_df": 3, "chi2_threshold": 7.814727903251179, "N_raw": 37, "N_roi": 37, "N_inlier": 36, "refit": true}
{"timestamp": "17:51:26.438523", "frame": 26, "mu": [-0.4294869857316796, 0.47144178437976914, 0.8732482528652948], "Sigma": [[3.559486465532035, 0.011001559986742203, 0.07897000990226086], [0.01100155998674221, 0.011903515342327234, -0.002178028190071603], [0.07897000990226086, -0.002178028190071603, 0.008036966971635725]], "chi2_level": 0.95, "chi2_df": 3, "chi2_threshold": 7.814727903251179, "N_raw": 68, "N_roi": 68, "N_inlier": 66, "refit": true}
{"timestamp": "17:51:26.489507", "frame": 27, "mu": [-1.282437316332105, 0.503871850128748, 0.9662071245921817], "Sigma": [[2.083920484058799, -0.017042943965938126, 0.06218496689077281], [-0.017042943965938126, 0.007407505853621719, -0.0074845165220589795], [0.06218496689077282, -0.0074845165220589795, 0.01525570925735381]], "chi2_level": 0.95, "chi2_df": 3, "chi2_threshold": 7.814727903251179, "N_raw": 66, "N_roi": 66, "N_inlier": 63, "refit": true}
{"timestamp": "17:51:26.544664", "frame": 28, "mu": [-0.5617874185315945, 0.43720884193116016, 0.886355723687351], "Sigma": [[2.930463948357875, 0.05603883430339813, 0.09555958001121227], [0.056038834303398136, 0.009070586679758278, -0.0014266595921183364], [0.09555958001121229, -0.0014266595921183364, 0.013400040604917007]], "chi2_level": 0.95, "chi2_df": 3, "chi2_threshold": 7.814727903251179, "N_raw": 66, "N_roi": 66, "N_inlier": 64, "refit": true}
{"timestamp": "17:51:26.601571", "frame": 29, "mu": [-1.2088035705757225, 0.4909425293313549, 1.0439410477547644], "Sigma": [[1.5968385639007627, -0.020556975725002858, 0.04751157485459485], [-0.020556975725002855, 0.009079072578407696, 0.0011138957946035966], [0.047511574854594854, 0.0011138957946035968, 0.021989426519941978]], "chi2_level": 0.95, "chi2_df": 3, "chi2_threshold": 7.814727903251179, "N_raw": 70, "N_roi": 70, "N_inlier": 69, "refit": true}
{"timestamp": "17:51:26.657905", "frame": 30, "mu": [-1.1512535603259901, 0.47118083274522293, 1.0018030029133949], "Sigma": [[1.6696189572452507, -0.02003283352779411, 0.07249088101891679], [-0.020032833527794114, 0.006897548673486394, -0.006406903301471245], [0.07249088101891679, -0.006406903301471245, 0.017680484111186782]], "chi2_level": 0.95, "chi2_df": 3, "chi2_threshold": 7.814727903251179, "N_raw": 82, "N_roi": 82, "N_inlier": 74, "refit": true}
{"timestamp": "17:51:26.710804", "frame": 31, "mu": [-1.590526971372639, 0.5478673383624293, 1.186731585516461], "Sigma": [[0.008624703985911733, 0.006545064415566243, 0.0021412512413476253], [0.006545064415566243, 0.009995099112008922, -0.005152545943521847], [0.0021412512413476253, -0.005152545943521848, 0.012051846575479475]], "chi2_level": 0.95, "chi2_df": 3, "chi2_threshold": 7.814727903251179, "N_raw": 71, "N_roi": 71, "N_inlier": 63, "refit": true}
{"timestamp": "17:51:26.766458", "frame": 32, "mu": [-1.5249698265218443, 0.5733785075643797, 1.1672741716540902], "Sigma": [[0.0059467933508004405, 0.004830358215392926, 0.0015222348778139725], [0.004830358215392926, 0.007691061843349758, -0.004224146042992646], [0.0015222348778139725, -0.004224146042992646, 0.014026406692670374]], "chi2_level": 0.95, "chi2_df": 3, "chi2_threshold": 7.814727903251179, "N_raw": 57, "N_roi": 57, "N_inlier": 57, "refit": true}
{"timestamp": "17:51:26.825434", "frame": 33, "mu": [-1.4828838287772228, 0.5352963302724628, 1.2136231665255706], "Sigma": [[0.01050214037749684, 0.007877856755428982, 0.0037844458859528363], [0.007877856755428984, 0.009895633230016378, -0.0032375037979278085], [0.0037844458859528363, -0.003237503797927808, 0.013575285443987086]], "chi2_level": 0.95, "chi2_df": 3, "chi2_threshold": 7.814727903251179, "N_raw": 85, "N_roi": 85, "N_inlier": 79, "refit": true}
{"timestamp": "17:51:26.880219", "frame": 34, "mu": [-1.3924330647408996, 0.547538669011262, 1.145474133256351], "Sigma": [[0.008651064220893448, 0.007676509377773394, 0.0007779832433920917], [0.007676509377773394, 0.011743413700036625, -0.002309408028233643], [0.0007779832433920917, -0.0023094080282336435, 0.019758570220370652]], "chi2_level": 0.95, "chi2_df": 3, "chi2_threshold": 7.814727903251179, "N_raw": 83, "N_roi": 83, "N_inlier": 82, "refit": true}
{"timestamp": "17:51:26.933389", "frame": 35, "mu": [-1.3603254022383993, 0.6258141505133508, 1.2798129003138066], "Sigma": [[0.010502186841789276, 0.001390895247356722, 0.0010985761677712556], [0.001390895247356722, 0.0045611371933726545, -0.0038701974904717953], [0.0010985761677712556, -0.0038701974904717953, 0.004790659827451295]], "chi2_level": 0.95, "chi2_df": 3, "chi2_threshold": 7.814727903251179, "N_raw": 69, "N_roi": 69, "N_inlier": 66, "refit": true}
{"timestamp": "17:51:26.991912", "frame": 36, "mu": [-1.2796121549779667, 0.5883457515509232, 1.2192844969368106], "Sigma": [[0.011487527215512794, 0.00785752271889052, 0.0026830976608885606], [0.00785752271889052, 0.007915131871000724, -0.002074691774459418], [0.0026830976608885606, -0.002074691774459418, 0.012403376993330365]], "chi2_level": 0.95, "chi2_df": 3, "chi2_threshold": 7.814727903251179, "N_raw": 91, "N_roi": 91, "N_inlier": 88, "refit": true}
{"timestamp": "17:51:27.046895", "frame": 37, "mu": [-1.2520016156669453, 0.5991754345908431, 1.2733491969016868], "Sigma": [[0.012297722639446987, 0.005803481596942587, 0.002851168372062063], [0.005803481596942587, 0.007438546206632256, -0.004119638838242111], [0.002851168372062063, -0.004119638838242111, 0.010235333576309446]], "chi2_level": 0.95, "chi2_df": 3, "chi2_threshold": 7.814727903251179, "N_raw": 91, "N_roi": 91, "N_inlier": 87, "refit": true}
{"timestamp": "17:51:27.101493", "frame": 38, "mu": [-1.1740717270693104, 0.6344608082930208, 1.348068473010832], "Sigma": [[0.014890215926305355, 0.010889008070536546, 0.004060258396978643], [0.010889008070536546, 0.010704040440142682, 0.00019411373953604323], [0.004060258396978642, 0.00019411373953604318, 0.006766656478450547]], "chi2_level": 0.95, "chi2_df": 3, "chi2_threshold": 7.814727903251179, "N_raw": 85, "N_roi": 85, "N_inlier": 83, "refit": true}
{"timestamp": "17:51:27.153456", "frame": 39, "mu": [-1.054102483499506, 0.6660661089516307, 1.3992207346514973], "Sigma": [[0.008877130407192237, 0.005790759541428254, -0.0007166650768014273], [0.005790759541428255, 0.007817268856025903, -0.004988681021274337], [-0.0007166650768014274, -0.004988681021274338, 0.0075116104218790085]], "chi2_level": 0.95, "chi2_df": 3, "chi2_threshold": 7.814727903251179, "N_raw": 72, "N_roi": 72, "N_inlier": 69, "refit": true}
{"timestamp": "17:51:27.212020", "frame": 40, "mu": [-1.0624113686879797, 0.69948667125455, 1.403436705962288], "Sigma": [[0.02047920434950344, 0.012459103830721581, 0.0020957321552706343], [0.012459103830721581, 0.010017253125219937, -0.0008030591991715894], [0.0020957321552706343, -0.0008030591991715896, 0.00601858348333269]], "chi2_level": 0.95, "chi2_df": 3, "chi2_threshold": 7.814727903251179, "N_raw": 88, "N_roi": 88, "N_inlier": 81, "refit": true}
{"timestamp": "17:51:27.264531", "frame": 41, "mu": [-1.016102779315359, 0.5681675214271797, 1.3149684680005511], "Sigma": [[0.02271681401518672, 0.017868127672279622, 0.0035378590656195362], [0.017868127672279622, 0.04022171007753042, 0.013448517381620758], [0.0035378590656195367, 0.013448517381620758, 0.010163754893391523]], "chi2_level": 0.95, "chi2_df": 3, "chi2_threshold": 7.814727903251179, "N_raw": 67, "N_roi": 67, "N_inlier": 60, "refit": true}
{"timestamp": "17:51:27.320531", "frame": 42, "mu": [-0.7157888258938404, 0.8448330630604709, 1.1974924222484598], "Sigma": [[0.014728752369704117, 0.010141261190467332, -0.033211125566012856], [0.010141261190467332, 0.015307281098487857, -0.042005968296466356], [-0.033211125566012856, -0.042005968296466356, 0.13086722083626154]], "chi2_level": 0.95, "chi2_df": 3, "chi2_threshold": 7.814727903251179, "N_raw": 80, "N_roi": 80, "N_inlier": 73, "refit": true}
{"timestamp": "17:51:27.368784", "frame": 43, "mu": [-0.6840712034583737, 0.7553262794294073, 1.3832696346977318], "Sigma": [[0.0018234385233954636, 0.0002785013699705848, -0.0015856999741473699], [0.0002785013699705848, 0.002087110506259331, -0.004187736136558659], [-0.0015856999741473699, -0.004187736136558659, 0.011931116873177829]], "chi2_level": 0.95, "chi2_df": 3, "chi2_threshold": 7.814727903251179, "N_raw": 31, "N_roi": 31, "N_inlier": 28, "refit": true}
{"timestamp": "17:51:27.421704", "frame": 44, "mu": [-0.5646574186955975, 0.8006272070803593, 1.378571309843966], "Sigma": [[0.000790857751996986, 2.2317422658950844e-05, -0.0010309932428760084], [2.2317422658950912e-05, 0.0023242030852724566, -0.004601680427767333], [-0.0010309932428760084, -0.004601680427767333, 0.01731737102824858]], "chi2_level": 0.95, "chi2_df": 3, "chi2_threshold": 7.814727903251179, "N_raw": 27, "N_roi": 27, "N_inlier": 24, "refit": true}
{"timestamp": "17:51:27.480024", "frame": 45, "mu": [-0.5031171307440822, 0.7691235480625533, 1.4230549857577224], "Sigma": [[0.0021088977912619316, -0.0006486918800838211, 0.0001850908742268181], [-0.0006486918800838211, 0.0018238478301881393, -0.001592727845941574], [0.000185090874226818, -0.0015927278459415741, 0.001954907457947671]], "chi2_level": 0.95, "chi2_df": 3, "chi2_threshold": 7.814727903251179, "N_raw": 45, "N_roi": 44, "N_inlier": 39, "refit": true}
{"timestamp": "17:51:27.534454", "frame": 46, "mu": [-0.4077292554752374, 0.9098383218408219, -0.4291313322886991], "Sigma": [[0.0016336509125772236, -0.00019983083537491753, 0.0016450784281741887], [-0.00019983083537491753, 0.0019499730065615087, -0.003402013100912453], [0.0016450784281741887, -0.003402013100912453, 0.010691172564173356]], "chi2_level": 0.95, "chi2_df": 3, "chi2_threshold": 7.814727903251179, "N_raw": 38, "N_roi": 38, "N_inlier": 35, "refit": true}
{"timestamp": "17:51:27.588957", "frame": 47, "mu": [-0.33270597947961056, 0.8905800706185241, -0.5128916077224478], "Sigma": [[0.0015133749723067788, 0.0004602542686599441, 0.003338275137440518], [0.0004602542686599442, 0.014618451575473475, -0.008054419933897721], [0.003338275137440518, -0.008054419933897721, 0.02257815861948633]], "chi2_level": 0.95, "chi2_df": 3, "chi2_threshold": 7.814727903251179, "N_raw": 38, "N_roi": 34, "N_inlier": 31, "refit": true}
{"timestamp": "17:51:27.652611", "frame": 48, "mu": [-0.3267053217621313, 0.8931310740459937, -0.11677213294628414], "Sigma": [[0.0036279723028826063, -0.0015621392290017548, 0.028777354237087834], [-0.0015621392290017548, 0.0050229714388853935, -0.03633933988182259], [0.028777354237087834, -0.03633933988182259, 0.5457573884884562]], "chi2_level": 0.95, "chi2_df": 3, "chi2_threshold": 7.814727903251179, "N_raw": 93, "N_roi": 93, "N_inlier": 92, "refit": true}
{"timestamp": "17:51:27.709871", "frame": 49, "mu": [-0.25519608038884567, 0.81570447179167, 1.3192304202655354], "Sigma": [[0.005589343266323582, 0.0001291595497080675, 0.0023768830564333313], [0.00012915954970806753, 0.0025107666653873366, -0.004035543779229609], [0.0023768830564333313, -0.004035543779229609, 0.012303039238489605]], "chi2_level": 0.95, "chi2_df": 3, "chi2_threshold": 7.814727903251179, "N_raw": 108, "N_roi": 108, "N_inlier": 104, "refit": true}
{"timestamp": "17:51:27.764000", "frame": 50, "mu": [-0.20593453478102283, 0.8131927262876819, 1.2929356136223582], "Sigma": [[0.005998780961347699, -0.0006523803976391518, 0.004401374417819285], [-0.0006523803976391518, 0.0014847616800247629, -0.0025156516390995314], [0.004401374417819285, -0.0025156516390995314, 0.010806203133138933]], "chi2_level": 0.95, "chi2_df": 3, "chi2_threshold": 7.814727903251179, "N_raw": 101, "N_roi": 101, "N_inlier": 96, "refit": true}
{"timestamp": "17:51:27.808924", "frame": 51, "mu": [-0.15568871926675745, 0.8003350997887764, 1.2307852834426962], "Sigma": [[0.0012030677464151764, -0.0004099659327484545, -0.0013920928079056748], [-0.00040996593274845447, 0.0022526588477806055, 0.0006175942696046593], [-0.0013920928079056748, 0.0006175942696046593, 0.006412871216190499]], "chi2_level": 0.95, "chi2_df": 3, "chi2_threshold": 7.814727903251179, "N_raw": 33, "N_roi": 33, "N_inlier": 27, "refit": true}
{"timestamp": "17:51:27.867297", "frame": 52, "mu": [-0.019058452854992244, 0.7430348797128918, 1.2091126556378389], "Sigma": [[0.001332595427037245, 0.0006171928206977986, -0.0006057415162161944], [0.0006171928206977986, 0.0011720078077656663, -0.0011279703408599152], [-0.0006057415162161944, -0.0011279703408599152, 0.0057153010166128325]], "chi2_level": 0.95, "chi2_df": 3, "chi2_threshold": 7.814727903251179, "N_raw": 48, "N_roi": 48, "N_inlier": 42, "refit": true}
{"timestamp": "17:51:27.916847", "frame": 53, "mu": [0.09878542383775826, 0.812771632936152, 1.2106711357517965], "Sigma": [[0.0014764462634743734, 0.00040795095305474495, -0.009220638206717818], [0.00040795095305474495, 0.0014661835606580391, -0.012072344814108954], [-0.009220638206717818, -0.012072344814108954, 0.21974525234073203]], "chi2_level": 0.95, "chi2_df": 3, "chi2_threshold": 7.814727903251179, "N_raw": 25, "N_roi": 25, "N_inlier": 24, "refit": true}
{"timestamp": "17:51:27.977223", "frame": 54, "mu": [0.06135499834844651, 0.9157626507390803, -0.5545839627956355], "Sigma": [[0.004524782028058579, 0.001924362708496493, 0.009990354001046467], [0.001924362708496493, 0.007804302362863735, 0.005137130657846876], [0.009990354001046465, 0.005137130657846876, 0.03054010839173965]], "chi2_level": 0.95, "chi2_df": 3, "chi2_threshold": 7.814727903251179, "N_raw": 65, "N_roi": 65, "N_inlier": 62, "refit": true}
{"timestamp": "17:51:28.038147", "frame": 55, "mu": [0.2132997455746377, 0.7863396120252608, 1.264393226931122], "Sigma": [[0.005863738338314651, 0.005615440514235485, 0.006094013110814673], [0.005615440514235485, 0.007520546485326347, 0.006276048940779952], [0.006094013110814673, 0.006276048940779953, 0.024931804385472968]], "chi2_level": 0.95, "chi2_df": 3, "chi2_threshold": 7.814727903251179, "N_raw": 101, "N_roi": 99, "N_inlier": 96, "refit": true}
{"timestamp": "17:51:28.096256", "frame": 56, "mu": [0.2894642344095216, 0.8217830684513033, 1.3146588966143775], "Sigma": [[0.002294386170418216, 0.0013532360057257088, 0.001074251611131062], [0.0013532360057257088, 0.0024673082868541204, -0.003138630569457575], [0.0010742516111310622, -0.003138630569457575, 0.012912356622785828]], "chi2_level": 0.95, "chi2_df": 3, "chi2_threshold": 7.814727903251179, "N_raw": 83, "N_roi": 83, "N_inlier": 79, "refit": true}
{"timestamp": "17:51:28.137003", "frame": 57, "mu": [0.31646441312908713, 0.7823631930054068, 1.0068864839404559], "Sigma": [[0.0008625136308396091, 0.00044507682827916594, -0.004555233139889944], [0.00044507682827916594, 0.004534546131262443, 0.028104117716827845], [-0.004555233139889944, 0.028104117716827838, 0.2752769543964876]], "chi2_level": 0.95, "chi2_df": 3, "chi2_threshold": 7.814727903251179, "N_raw": 15, "N_roi": 15, "N_inlier": 14, "refit": true}
{"timestamp": "17:51:28.189970", "frame": 58, "mu": [0.4849946264511951, 0.8317473866080933, -1.0200835122028313], "Sigma": [[0.0020926468807777707, 0.002081990903328552, 0.006912034079785096], [0.002081990903328552, 0.017647945661012562, 0.10162548168847303], [0.006912034079785096, 0.10162548168847303, 0.664995564560456]], "chi2_level": 0.95, "chi2_df": 3, "chi2_threshold": 7.814727903251179, "N_raw": 8, "N_roi": 8, "N_inlier": 8, "refit": true}
{"timestamp": "17:51:28.244741", "frame": 59, "mu": [0.5512152396080513, 0.7504070200074384, 0.8968370452768949], "Sigma": [[0.004386760465494599, 0.0023933555724884297, 0.0006921963533519948], [0.0023933555724884293, 0.007297960541451203, 0.04296479773114643], [0.0006921963533519956, 0.042964797731146434, 0.48848608968035595]], "chi2_level": 0.95, "chi2_df": 3, "chi2_threshold": 7.814727903251179, "N_raw": 9, "N_roi": 9, "N_inlier": 9, "refit": true}
{"timestamp": "17:51:28.299586", "frame": 60, "mu": [0.5978230608455375, 0.7558806606316115, 1.075686884801297], "Sigma": [[0.00956059176694622, -0.0006358869520042797, -0.0399858276506815], [-0.0006358869520042797, 0.016402591738763773, 0.027584340647151578], [-0.039985827650681496, 0.027584340647151574, 0.27653313094652976]], "chi2_level": 0.95, "chi2_df": 3, "chi2_threshold": 7.814727903251179, "N_raw": 9, "N_roi": 9, "N_inlier": 9, "refit": true}
{"timestamp": "17:51:28.354734", "frame": 61, "mu": [0.6534094180822082, 0.7161291706608304, 1.094292917643666], "Sigma": [[0.007666974965034956, 0.0035629768777347207, -0.027930235497349017], [0.0035629768777347215, 0.009196219514984843, 0.00612864343263629], [-0.027930235497349014, 0.00612864343263629, 0.16127116217152887]], "chi2_level": 0.95, "chi2_df": 3, "chi2_threshold": 7.814727903251179, "N_raw": 8, "N_roi": 8, "N_inlier": 7, "refit": true}
{"timestamp": "17:51:28.409716", "frame": 62, "mu": [0.6567383190877253, 0.649077962073519, 1.1516885738121958], "Sigma": [[0.0020413867235784863, 0.0013107798009469986, 0.00017190952523086822], [0.0013107798009469986, 0.0013896011282138207, 6.573054096223503e-05], [0.00017190952523086822, 6.573054096223503e-05, 0.000530013547416145]], "chi2_level": 0.95, "chi2_df": 3, "chi2_threshold": 7.814727903251179, "N_raw": 15, "N_roi": 15, "N_inlier": 13, "refit": true}
{"timestamp": "17:51:28.465063", "frame": 63, "mu": [0.7077198015823626, 0.8180437239713458, 1.287478316896361], "Sigma": [[0.002824726777016828, 0.0025651395269793453, -0.0002975425530734441], [0.0025651395269793453, 0.004052587649908989, -0.0007111636551226937], [-0.0002975425530734442, -0.0007111636551226937, 0.0003165636102773806]], "chi2_level": 0.95, "chi2_df": 3, "chi2_threshold": 7.814727903251179, "N_raw": 12, "N_roi": 12, "N_inlier": 10, "refit": true}
{"timestamp": "17:51:28.520744", "frame": 64, "mu": [0.7634261286454547, 0.7477033112629483, 1.1067525737262611], "Sigma": [[0.0024152303556527455, -0.001989095657220257, 0.0067169011151331365], [-0.001989095657220257, 0.007684905166439638, -0.025667694956753282], [0.0067169011151331365, -0.025667694956753282, 0.09157209253253501]], "chi2_level": 0.95, "chi2_df": 3, "chi2_threshold": 7.814727903251179, "N_raw": 17, "N_roi": 15, "N_inlier": 14, "refit": true}
{"timestamp": "17:51:28.574491", "frame": 65, "mu": [0.880468551659461, 0.8030528431198167, 0.9597254696533463], "Sigma": [[0.008233780843942487, -0.007799208832554439, 0.032434683592705946], [-0.007799208832554439, 0.020056710533283652, -0.05769769332415309], [0.032434683592705946, -0.05769769332415309, 0.18948691525524516]], "chi2_level": 0.95, "chi2_df": 3, "chi2_threshold": 7.814727903251179, "N_raw": 8, "N_roi": 8, "N_inlier": 8, "refit": true}
{"timestamp": "17:51:28.631024", "frame": 66, "mu": [0.9470515447872967, 0.7822053057008997, 1.1070885716236085], "Sigma": [[0.002971322660106333, 0.003162321054689389, -0.005346343443595138], [0.003162321054689389, 0.011580574440448086, -0.036715361413467394], [-0.005346343443595138, -0.036715361413467394, 0.14405742698989948]], "chi2_level": 0.95, "chi2_df": 3, "chi2_threshold": 7.814727903251179, "N_raw": 16, "N_roi": 16, "N_inlier": 16, "refit": true}
{"timestamp": "17:51:28.795032", "frame": 69, "mu": [1.2102247495924066, 0.7642906701314169, 1.3036897180574734], "Sigma": [[0.0022448921264213734, 0.00023256366182183977, 0.003446414187814984], [0.00023256366182183977, 0.001336929896125071, -0.0026305743121583687], [0.003446414187814984, -0.0026305743121583687, 0.028976458787118478]], "chi2_level": 0.95, "chi2_df": 3, "chi2_threshold": 7.814727903251179, "N_raw": 11, "N_roi": 11, "N_inlier": 10, "refit": true}
{"timestamp": "17:51:28.849792", "frame": 70, "mu": [1.2512945971193365, 0.7710270646205208, 1.2943081304578876], "Sigma": [[0.002270502384112523, -0.0005727770594899626, -0.00035248209738511494], [-0.0005727770594899624, 0.0024040250764567348, -0.0009829741423696865], [-0.00035248209738511494, -0.0009829741423696865, 0.0005645889088781775]], "chi2_level": 0.95, "chi2_df": 3, "chi2_threshold": 7.814727903251179, "N_raw": 11, "N_roi": 11, "N_inlier": 10, "refit": true}
{"timestamp": "17:51:29.014489", "frame": 73, "mu": [1.4051960527344376, 0.8780697255120922, 1.1169203051197607], "Sigma": [[0.004555395062860819, -0.000530219415762629, 0.012149348156125554], [-0.0005302194157626293, 0.007101414554057305, 0.014897070287287094], [0.012149348156125556, 0.014897070287287094, 0.13209917603519442]], "chi2_level": 0.95, "chi2_df": 3, "chi2_threshold": 7.814727903251179, "N_raw": 7, "N_roi": 7, "N_inlier": 7, "refit": true}
{"timestamp": "17:51:29.124635", "frame": 75, "mu": [1.5927973795739034, 0.8718068004414364, 1.3623101979566354], "Sigma": [[0.0030234268021545087, 0.0002286937488875916, 0.0014580121823980026], [0.00022869374888759153, 0.0033317792965028422, 0.0003617639635574486], [0.0014580121823980026, 0.0003617639635574486, 0.0014282106690233973]], "chi2_level": 0.95, "chi2_df": 3, "chi2_threshold": 7.814727903251179, "N_raw": 15, "N_roi": 15, "N_inlier": 13, "refit": true}
{"timestamp": "17:51:29.400932", "frame": 80, "mu": [1.8844667508446047, 0.9640230333046119, -0.5497347958618466], "Sigma": [[0.0012009865043646386, -0.00010774334813568514, -0.0028040465099098072], [-0.00010774334813568514, 0.004024191371743944, -0.003189706473189117], [-0.0028040465099098072, -0.003189706473189117, 0.01267721359959662]], "chi2_level": 0.95, "chi2_df": 3, "chi2_threshold": 7.814727903251179, "N_raw": 11, "N_roi": 11, "N_inlier": 11, "refit": true}
{"timestamp": "17:51:29.454037", "frame": 81, "mu": [1.933750217817621, 0.8699668935635868, 1.0566744459437847], "Sigma": [[0.0015798019860817716, 0.00065384797998606, -0.0007395187530653932], [0.0006538479799860601, 0.003353709385917763, -0.0016531675270378382], [-0.0007395187530653931, -0.0016531675270378377, 0.0009360723083150187]], "chi2_level": 0.95, "chi2_df": 3, "chi2_threshold": 7.814727903251179, "N_raw": 8, "N_roi": 8, "N_inlier": 7, "refit": true}
{"timestamp": "17:51:29.563856", "frame": 83, "mu": [2.044368745334263, 0.955249402691151, 1.060992818654503], "Sigma": [[0.0013442617442326508, -4.74142074797334e-05, -0.0034661302639199857], [-4.741420747973358e-05, 0.0034314288641105794, -0.003191555512854361], [-0.0034661302639199857, -0.00319155551285436, 0.01492798512155246]], "chi2_level": 0.95, "chi2_df": 3, "chi2_threshold": 7.814727903251179, "N_raw": 10, "N_roi": 10, "N_inlier": 10, "refit": true}
