{"timestamp": "18:28:37.397090", "frame": 1, "mu": [1.2186791560127184, 1.1712591715829996, 1.1310961847174839], "Sigma": [[0.005365158909429443, -0.0015383245918207374, -0.002729524807043879], [-0.0015383245918207376, 0.007506427740094723, -0.0020841611368951673], [-0.002729524807043879, -0.0020841611368951677, 0.0031513135910702234]], "chi2_level": 0.95, "chi2_df": 3, "chi2_threshold": 7.814727903251179, "N_raw": 53, "N_roi": 53, "N_inlier": 52, "refit": true}
{"timestamp": "18:28:37.451962", "frame": 2, "mu": [1.2187264977114303, 1.1979917187876856, 1.0812667685519233], "Sigma": [[0.005106830913513853, -0.0030909080944753232, -0.0035844350040582012], [-0.0030909080944753232, 0.003307352418662743, 0.00043793946599235444], [-0.0035844350040582012, 0.0004379394659923543, 0.017037569989477308]], "chi2_level": 0.95, "chi2_df": 3, "chi2_threshold": 7.814727903251179, "N_raw": 38, "N_roi": 38, "N_inlier": 34, "refit": true}
{"timestamp": "18:28:37.508451", "frame": 3, "mu": [1.1986135243255773, 1.1691509541652234, 1.1812891807059507], "Sigma": [[0.005854773042204769, -0.002658947950665098, -0.003622559508081651], [-0.002658947950665098, 0.0034372922579983447, -0.0008629824323213423], [-0.0036225595080816514, -0.0008629824323213421, 0.006253416850865944]], "chi2_level": 0.95, "chi2_df": 3, "chi2_threshold": 7.814727903251179, "N_raw": 47, "N_roi": 47, "N_inlier": 44, "refit": true}
{"timestamp": "18:28:37.563374", "frame": 4, "mu": [1.2166402663314697, 1.1597068058715132, 1.1450117517134497], "Sigma": [[0.007525752911402596, -0.0012500067216271744, -0.0035871563674534663], [-0.0012500067216271744, 0.006065184943130366, -0.0008789278851964028], [-0.0035871563674534667, -0.0008789278851964028, 0.002610772272747743]], "chi2_level": 0.95, "chi2_df": 3, "chi2_threshold": 7.814727903251179, "N_raw": 52, "N_roi": 52, "N_inlier": 51, "refit": true}
{"timestamp": "18:28:37.618300", "frame": 5, "mu": [1.264128737320111, 1.2472164328904032, -0.518295761360631], "Sigma": [[0.008678974916547252, -0.0027775690227355905, -0.004129440591658229], [-0.00277756902273559, 0.006732357915249649, 0.0009632010106335171], [-0.004129440591658229, 0.000963201010633517, 0.004590849174697313]], "chi2_level": 0.95, "chi2_df": 3, "chi2_threshold": 7.814727903251179, "N_raw": 53, "N_roi": 53, "N_inlier": 50, "refit": true}
{"timestamp": "18:28:37.673952", "frame": 6, "mu": [1.1983935403328512, 1.1323929603159464, 1.1989559937734744], "Sigma": [[0.006388501903036502, -0.0017333391095353044, -0.004133980089606347], [-0.0017333391095353044, 0.00668784776575775, -0.001195297538319467], [-0.004133980089606347, -0.0011952975383194672, 0.0048119010074202445]], "chi2_level": 0.95, "chi2_df": 3, "chi2_threshold": 7.814727903251179, "N_raw": 55, "N_roi": 55, "N_inlier": 54, "refit": true}
{"timestamp": "18:28:37.726633", "frame": 7, "mu": [1.1624462795981068, 1.345843168811323, -0.5764827722945965], "Sigma": [[0.005643116790689459, -0.0016314966729949884, -0.004525710623478802], [-0.0016314966729949884, 0.003236379928284182, -0.0023730856959601606], [-0.004525710623478802, -0.0023730856959601615, 0.011606044212918245]], "chi2_level": 0.95, "chi2_df": 3, "chi2_threshold": 7.814727903251179, "N_raw": 41, "N_roi": 41, "N_inlier": 38, "refit": true}
{"timestamp": "18:28:37.778303", "frame": 8, "mu": [1.1691560952599822, 1.1302105914352527, 1.2502052306844122], "Sigma": [[0.002189385334432641, -0.00019580782282706892, -0.002267623252794662], [-0.00019580782282706895, 0.0009892655135266956, -0.0005448653276500953], [-0.002267623252794662, -0.0005448653276500953, 0.008437958043743816]], "chi2_level": 0.95, "chi2_df": 3, "chi2_threshold": 7.814727903251179, "N_raw": 17, "N_roi": 17, "N_inlier": 14, "refit": true}
{"timestamp": "18:28:37.840234", "frame": 9, "mu": [1.156654859436479, 1.1422945197546712, 1.2335515519279185], "Sigma": [[0.007675106846138233, -0.0043357573687684715, -0.012513574541360394], [-0.0043357573687684715, 0.004403993328816232, 0.003182454227823568], [-0.012513574541360394, 0.0031824542278235685, 0.03183324460810397]], "chi2_level": 0.95, "chi2_df": 3, "chi2_threshold": 7.814727903251179, "N_raw": 68, "N_roi": 68, "N_inlier": 63, "refit": true}
{"timestamp": "18:28:37.890734", "frame": 10, "mu": [1.1462935828552903, 1.15389715934409, 1.31867836370797], "Sigma": [[0.003093904878799632, -0.0022779547808029345, -0.0042377052196814115], [-0.0022779547808029345, 0.0027347124264346526, 0.0019161015432088173], [-0.0042377052196814115, 0.0019161015432088173, 0.013896487060529351]], "chi2_level": 0.95, "chi2_df": 3, "chi2_threshold": 7.814727903251179, "N_raw": 32, "N_roi": 32, "N_inlier": 28, "refit": true}
{"timestamp": "18:28:37.946410", "frame": 11, "mu": [1.1693336699009844, 1.10650132887392, 1.1647894032443304], "Sigma": [[0.004052992324197335, -0.0008380394374409932, -0.002489781176931641], [-0.0008380394374409932, 0.004020685694601908, 0.00017609278390441315], [-0.002489781176931641, 0.0001760927839044131, 0.013620205733978317]], "chi2_level": 0.95, "chi2_df": 3, "chi2_threshold": 7.814727903251179, "N_raw": 38, "N_roi": 38, "N_inlier": 34, "refit": true}
{"timestamp": "18:28:37.997079", "frame": 12, "mu": [1.0829349757858444, 1.1254231993739756, 0.9511817125222048], "Sigma": [[0.005435882570772529, -0.004167296584815079, -0.025217945805356985], [-0.004167296584815079, 0.008938821640320022, 0.05229232795377259], [-0.025217945805356985, 0.05229232795377259, 0.42920459192555244]], "chi2_level": 0.95, "chi2_df": 3, "chi2_threshold": 7.814727903251179, "N_raw": 9, "N_roi": 9, "N_inlier": 9, "refit": true}
{"timestamp": "18:28:38.055445", "frame": 13, "mu": [1.1390938506589867, 1.099199864903554, 1.0565075161544197], "Sigma": [[0.004981600301859593, -0.003527142440375229, -0.010034575116499326], [-0.003527142440375229, 0.006329049729787299, 0.004226909273413908], [-0.010034575116499326, 0.004226909273413909, 0.10542910900613653]], "chi2_level": 0.95, "chi2_df": 3, "chi2_threshold": 7.814727903251179, "N_raw": 31, "N_roi": 31, "N_inlier": 28, "refit": true}
{"timestamp": "18:28:38.110561", "frame": 14, "mu": [1.080772327579853, 1.115741521218255, 1.2615369741131799], "Sigma": [[0.007224166544724916, -0.0029538800347490386, -0.008502140828125969], [-0.0029538800347490386, 0.0018998135615159529, 0.002950819936461453], [-0.00850214082812597, 0.002950819936461453, 0.012923976346593808]], "chi2_level": 0.95, "chi2_df": 3, "chi2_threshold": 7.814727903251179, "N_raw": 32, "N_roi": 32, "N_inlier": 29, "refit": true}
{"timestamp": "18:28:38.168571", "frame": 15, "mu": [1.0824207764279161, 1.1391794421349157, 1.165492528156957], "Sigma": [[0.00657611576565218, -0.004032658367714558, -0.00831285545406009], [-0.004032658367714558, 0.005266767718715419, 0.0030519716242880966], [-0.00831285545406009, 0.0030519716242880966, 0.017746273561508912]], "chi2_level": 0.95, "chi2_df": 3, "chi2_threshold": 7.814727903251179, "N_raw": 53, "N_roi": 53, "N_inlier": 51, "refit": true}
{"timestamp": "18:28:38.222895", "frame": 16, "mu": [1.096336862306589, 1.1317914956304107, 1.091370702837935], "Sigma": [[0.010165570674653188, -0.00330483309056971, -0.013918094405595492], [-0.0033048330905697107, 0.004208042927564009, 0.001469855220028982], [-0.013918094405595492, 0.0014698552200289817, 0.027334039092069648]], "chi2_level": 0.95, "chi2_df": 3, "chi2_threshold": 7.814727903251179, "N_raw": 45, "N_roi": 45, "N_inlier": 45, "refit": true}
{"timestamp": "18:28:38.274327", "frame": 17, "mu": [1.0490211059906114, 1.1091534508095717, 1.1074048573435102], "Sigma": [[0.006530429878317629, -0.00257419338760186, -0.008122041015788657], [-0.00257419338760186, 0.003212491692535737, 0.0021991416469822993], [-0.008122041015788657, 0.0021991416469822993, 0.0139714650564628]], "chi2_level": 0.95, "chi2_df": 3, "chi2_threshold": 7.814727903251179, "N_raw": 24, "N_roi": 24, "N_inlier": 23, "refit": true}
{"timestamp": "18:28:38.328819", "frame": 18, "mu": [1.0005380909678077, 1.1628350735472126, 1.1648755640893325], "Sigma": [[0.006222157239023794, 0.00022471412083325363, -0.010337169548789885], [0.00022471412083325363, 0.0028340616623287094, -0.003180932723829206], [-0.010337169548789887, -0.0031809327238292062, 0.022467610454233504]], "chi2_level": 0.95, "chi2_df": 3, "chi2_threshold": 7.814727903251179, "N_raw": 17, "N_roi": 17, "N_inlier": 15, "refit": true}
{"timestamp": "18:28:38.386687", "frame": 19, "mu": [0.925262855727418, 1.13040709420686, 1.2764259921142809], "Sigma": [[0.01011503887251664, -0.0039346290617945645, -0.019946356975309863], [-0.0039346290617945645, 0.0032873796295087797, 0.006184315589715448], [-0.019946356975309863, 0.006184315589715448, 0.04706558010690315]], "chi2_level": 0.95, "chi2_df": 3, "chi2_threshold": 7.814727903251179, "N_raw": 36, "N_roi": 36, "N_inlier": 34, "refit": true}
{"timestamp": "18:28:38.444611", "frame": 20, "mu": [0.9207502034994974, 1.1133337167776003, 1.2831491038633267], "Sigma": [[0.0070888341668576505, -0.003581307808931169, -0.007105951475274014], [-0.0035813078089311696, 0.0034212089936459375, 0.0014313028981730437], [-0.007105951475274014, 0.001431302898173044, 0.012202831019327233]], "chi2_level": 0.95, "chi2_df": 3, "chi2_threshold": 7.814727903251179, "N_raw": 58, "N_roi": 58, "N_inlier": 56, "refit": true}
{"timestamp": "18:28:38.500080", "frame": 21, "mu": [0.8464846518275586, 1.1227242720555375, 1.3406195693234355], "Sigma": [[0.006106475074271268, -0.001850199264416621, -0.005608228216365498], [-0.001850199264416621, 0.0023137719509634513, 2.6483158471956258e-05], [-0.005608228216365498, 2.648315847195615e-05, 0.01278210151533959]], "chi2_level": 0.95, "chi2_df": 3, "chi2_threshold": 7.814727903251179, "N_raw": 59, "N_roi": 59, "N_inlier": 56, "refit": true}
{"timestamp": "18:28:38.550292", "frame": 22, "mu": [0.8956148480748403, 1.0902264992642825, 1.2964981036556278], "Sigma": [[0.005124122375880897, -0.002550153554172636, -0.005766485594350096], [-0.002550153554172636, 0.0018349601894100112, 0.0019421339540672232], [-0.005766485594350096, 0.0019421339540672232, 0.010405002289197317]], "chi2_level": 0.95, "chi2_df": 3, "chi2_threshold": 7.814727903251179, "N_raw": 32, "N_roi": 32, "N_inlier": 28, "refit": true}
{"timestamp": "18:28:38.608974", "frame": 23, "mu": [0.7680479362604415, 1.1071740497767355, 1.379313711944511], "Sigma": [[0.00405404702186449, -0.0014671381440675133, -0.0036789684851088788], [-0.0014671381440675133, 0.003505151080721718, -0.0014141426259108116], [-0.0036789684851088788, -0.0014141426259108116, 0.008885312839305862]], "chi2_level": 0.95, "chi2_df": 3, "chi2_threshold": 7.814727903251179, "N_raw": 54, "N_roi": 54, "N_inlier": 50, "refit": true}
{"timestamp": "18:28:38.663472", "frame": 24, "mu": [0.7669175422239908, 1.12050365544358, 1.3046583578415478], "Sigma": [[0.00376455305639145, -0.0009849562653100798, -0.00543871650558122], [-0.0009849562653100798, 0.0025936945777499006, -0.0031445420134135317], [-0.00543871650558122, -0.0031445420134135326, 0.029330815961765844]], "chi2_level": 0.95, "chi2_df": 3, "chi2_threshold": 7.814727903251179, "N_raw": 49, "N_roi": 49, "N_inlier": 46, "refit": true}
{"timestamp": "18:28:38.719971", "frame": 25, "mu": [0.746755820050787, 1.1090599768733684, 1.3164323661167734], "Sigma": [[0.003956949380049279, -0.0011904655254633138, -0.004008254847941175], [-0.0011904655254633138, 0.003216618169306483, -0.00239308832173146], [-0.004008254847941175, -0.00239308832173146, 0.021503421101090527]], "chi2_level": 0.95, "chi2_df": 3, "chi2_threshold": 7.814727903251179, "N_raw": 65, "N_roi": 65, "N_inlier": 62, "refit": true}
{"timestamp": "18:28:38.778502", "frame": 26, "mu": [0.7835067236372302, 1.124430525368413, 1.14067771469662], "Sigma": [[0.0035716331468762966, -0.001910642479608112, -0.0031741986429979735], [-0.0019106424796081118, 0.0031921059879052452, -0.0032182219783100617], [-0.003174198642997973, -0.0032182219783100617, 0.029366646181805654]], "chi2_level": 0.95, "chi2_df": 3, "chi2_threshold": 7.814727903251179, "N_raw": 78, "N_roi": 78, "N_inlier": 76, "refit": true}
{"timestamp": "18:28:38.836720", "frame": 27, "mu": [0.7270195220559437, 1.1339486404052757, 1.2053735967502541], "Sigma": [[0.005412747345797585, -0.002262510091225978, -0.004685292860537954], [-0.002262510091225978, 0.004831208243443423, -0.005964166748085758], [-0.004685292860537956, -0.005964166748085758, 0.024709442451323317]], "chi2_level": 0.95, "chi2_df": 3, "chi2_threshold": 7.814727903251179, "N_raw": 109, "N_roi": 109, "N_inlier": 102, "refit": true}
{"timestamp": "18:28:38.892573", "frame": 28, "mu": [0.6839670945293591, 1.2982840603361125, -0.4789980322551233], "Sigma": [[0.005439964985541677, 0.0006602082132040993, -0.006046820551176738], [0.0006602082132040991, 0.009347193187922027, -0.011600335052265289], [-0.006046820551176739, -0.011600335052265289, 0.021156573232843083]], "chi2_level": 0.95, "chi2_df": 3, "chi2_threshold": 7.814727903251179, "N_raw": 110, "N_roi": 110, "N_inlier": 106, "refit": true}
{"timestamp": "18:28:38.938802", "frame": 29, "mu": [0.6903272734509633, 1.1308452636716109, 1.0643196959722605], "Sigma": [[0.009398379795691856, -0.005216131746431703, -0.001804887802600673], [-0.005216131746431703, 0.008750940373844196, -0.007939518800174673], [-0.0018048878026006728, -0.007939518800174673, 0.01882463838914413]], "chi2_level": 0.95, "chi2_df": 3, "chi2_threshold": 7.814727903251179, "N_raw": 53, "N_roi": 53, "N_inlier": 48, "refit": true}
{"timestamp": "18:28:38.996833", "frame": 30, "mu": [0.5840952191927004, 1.1957932497291497, 1.084613617209332], "Sigma": [[0.006940234440063478, -0.0022610844080222874, 0.0029336989613024203], [-0.0022610844080222874, 0.009227264837898675, -0.0063483324849226835], [0.00293369896130242, -0.0063483324849226835, 0.010173843924162342]], "chi2_level": 0.95, "chi2_df": 3, "chi2_threshold": 7.814727903251179, "N_raw": 74, "N_roi": 74, "N_inlier": 67, "refit": true}
{"timestamp": "18:28:39.054299", "frame": 31, "mu": [0.5407395173478631, 1.3218692766403295, -0.517990115099158], "Sigma": [[0.004000586822739557, -8.615025636973331e-05, -0.0012166875926829445], [-8.615025636973315e-05, 0.007022967774204796, -0.012325888060766392], [-0.0012166875926829445, -0.012325888060766392, 0.024791368959044977]], "chi2_level": 0.95, "chi2_df": 3, "chi2_threshold": 7.814727903251179, "N_raw": 83, "N_roi": 83, "N_inlier": 79, "refit": true}
{"timestamp": "18:28:39.105673", "frame": 32, "mu": [0.5425673602283486, 1.1272062250828696, 1.0971224450375283], "Sigma": [[0.0024832977288605377, 1.6821228952660684e-05, -0.0038530477433213976], [1.6821228952660623e-05, 0.001778807926834443, -0.0026007467914229017], [-0.003853047743321398, -0.0026007467914229017, 0.059237116884014514]], "chi2_level": 0.95, "chi2_df": 3, "chi2_threshold": 7.814727903251179, "N_raw": 58, "N_roi": 58, "N_inlier": 52, "refit": true}
{"timestamp": "18:28:39.159275", "frame": 33, "mu": [0.5355991140443987, 1.0822395526661703, 1.1947301403396344], "Sigma": [[0.009508715161203997, -0.0030576302878275578, -0.0017998101575556853], [-0.0030576302878275578, 0.0034850735327270374, -0.003493393599077017], [-0.0017998101575556853, -0.0034933935990770176, 0.03134112351546052]], "chi2_level": 0.95, "chi2_df": 3, "chi2_threshold": 7.814727903251179, "N_raw": 60, "N_roi": 60, "N_inlier": 54, "refit": true}
{"timestamp": "18:28:39.213335", "frame": 34, "mu": [0.5464521674805446, 1.06013915111338, 1.1685630658593784], "Sigma": [[0.006268128018176248, -0.002874258112580552, -0.0019431824624992619], [-0.0028742581125805523, 0.0035471890810171718, -0.0027003643876146793], [-0.0019431824624992617, -0.0027003643876146793, 0.009419296036240329]], "chi2_level": 0.95, "chi2_df": 3, "chi2_threshold": 7.814727903251179, "N_raw": 54, "N_roi": 54, "N_inlier": 49, "refit": true}
{"timestamp": "18:28:39.278492", "frame": 35, "mu": [0.4106672612651062, 1.0872523129717482, 1.2269055887258669], "Sigma": [[0.008546112242051374, -0.002461445179765725, -0.008625186120012961], [-0.002461445179765725, 0.004925982577530828, -0.0036495916569524948], [-0.008625186120012961, -0.0036495916569524948, 0.021157092700301947]], "chi2_level": 0.95, "chi2_df": 3, "chi2_threshold": 7.814727903251179, "N_raw": 119, "N_roi": 119, "N_inlier": 114, "refit": true}
{"timestamp": "18:28:39.333408", "frame": 36, "mu": [0.3585187941509197, 1.1745879373092196, 0.15737912812018956], "Sigma": [[0.007102077008490975, -0.004764020847979717, 0.04010488975897341], [-0.004764020847979717, 0.011546728526837764, -0.08183886905902003], [0.04010488975897342, -0.08183886905902003, 0.7016469613799694]], "chi2_level": 0.95, "chi2_df": 3, "chi2_threshold": 7.814727903251179, "N_raw": 112, "N_roi": 112, "N_inlier": 110, "refit": true}
{"timestamp": "18:28:39.378655", "frame": 37, "mu": [0.3184126511322212, 1.0627870109685147, 1.246784982703423], "Sigma": [[0.008358201443074387, -0.0027781080660622577, -0.014794914887233888], [-0.0027781080660622577, 0.002828387899092632, -0.00010526768169753049], [-0.014794914887233888, -0.00010526768169753049, 0.057584088265455594]], "chi2_level": 0.95, "chi2_df": 3, "chi2_threshold": 7.814727903251179, "N_raw": 46, "N_roi": 46, "N_inlier": 45, "refit": true}
{"timestamp": "18:28:39.436241", "frame": 38, "mu": [0.28492991785418176, 1.07635644464471, 1.0731505914080646], "Sigma": [[0.005063862235411377, -0.001560347712367138, -0.010265928872970245], [-0.001560347712367138, 0.0014577686693613558, 0.0016755184299460267], [-0.010265928872970245, 0.0016755184299460267, 0.04579407806564918]], "chi2_level": 0.95, "chi2_df": 3, "chi2_threshold": 7.814727903251179, "N_raw": 68, "N_roi": 68, "N_inlier": 62, "refit": true}
{"timestamp": "18:28:39.489609", "frame": 39, "mu": [0.26793653281097135, 1.0197432609387371, 1.0925668965858062], "Sigma": [[0.006300515326797213, -0.0038960362697842777, -0.019718331835892736], [-0.0038960362697842777, 0.0041745745447758, 0.01323652386486468], [-0.019718331835892736, 0.01323652386486468, 0.08894608608850915]], "chi2_level": 0.95, "chi2_df": 3, "chi2_threshold": 7.814727903251179, "N_raw": 59, "N_roi": 59, "N_inlier": 56, "refit": true}
{"timestamp": "18:28:39.545836", "frame": 40, "mu": [0.2451695900912628, 1.035711851837659, 1.1666829690678688], "Sigma": [[0.0031631553286043438, -0.0016612352463340574, -0.005330523694380803], [-0.0016612352463340574, 0.002760799281197106, 0.0062059466636479165], [-0.005330523694380803, 0.0062059466636479165, 0.04481264209668569]], "chi2_level": 0.95, "chi2_df": 3, "chi2_threshold": 7.814727903251179, "N_raw": 70, "N_roi": 70, "N_inlier": 68, "refit": true}
{"timestamp": "18:28:39.601507", "frame": 41, "mu": [0.2033271463910146, 1.081877479145743, 0.8851339001928801], "Sigma": [[0.004178904132521732, -0.0028790719744053827, -0.01057016032793934], [-0.0028790719744053823, 0.0037385822027200715, 0.0020311966434841816], [-0.010570160327939337, 0.0020311966434841816, 0.12466342318255023]], "chi2_level": 0.95, "chi2_df": 3, "chi2_threshold": 7.814727903251179, "N_raw": 70, "N_roi": 70, "N_inlier": 66, "refit": true}
{"timestamp": "18:28:39.657892", "frame": 42, "mu": [0.11900525004243438, 1.09157119125917, 1.214678452261849], "Sigma": [[0.006167065060128982, -0.0035106426395680682, -0.017623037467445635], [-0.0035106426395680682, 0.0030946874940350217, 0.010131193850141235], [-0.017623037467445635, 0.010131193850141235, 0.06611959350789]], "chi2_level": 0.95, "chi2_df": 3, "chi2_threshold": 7.814727903251179, "N_raw": 82, "N_roi": 82, "N_inlier": 75, "refit": true}
{"timestamp": "18:28:39.712321", "frame": 43, "mu": [0.022304330797999917, 1.1580325725114806, 1.4387744125824256], "Sigma": [[0.003594606064596005, -0.00231788036758255, -0.00466317027431949], [-0.00231788036758255, 0.005277865133117311, 0.003079212032687655], [-0.00466317027431949, 0.0030792120326876542, 0.016057023830762903]], "chi2_level": 0.95, "chi2_df": 3, "chi2_threshold": 7.814727903251179, "N_raw": 71, "N_roi": 71, "N_inlier": 67, "refit": true}
{"timestamp": "18:28:39.770595", "frame": 44, "mu": [0.09829998554322326, 1.0050563122595029, 1.2076498353946383], "Sigma": [[0.005273693932123512, -0.0040878116757204885, -0.008524039024699974], [-0.0040878116757204885, 0.009111707309688856, 0.0044849087941128], [-0.008524039024699972, 0.0044849087941128, 0.01975707640531007]], "chi2_level": 0.95, "chi2_df": 3, "chi2_threshold": 7.814727903251179, "N_raw": 100, "N_roi": 100, "N_inlier": 98, "refit": true}
{"timestamp": "18:28:39.825974", "frame": 45, "mu": [0.018047406779633547, 0.9922698100398766, 1.1833288093442051], "Sigma": [[0.004362583240265735, -0.004910564310561681, -0.0068304259429767394], [-0.00491056431056168, 0.009099255041820686, 0.007752141677178972], [-0.006830425942976739, 0.007752141677178972, 0.026838836856411]], "chi2_level": 0.95, "chi2_df": 3, "chi2_threshold": 7.814727903251179, "N_raw": 100, "N_roi": 100, "N_inlier": 94, "refit": true}
{"timestamp": "18:28:39.878795", "frame": 46, "mu": [-0.03641324465710209, 1.0679067272027234, 1.2555624064726238], "Sigma": [[0.004225894731732012, -0.005310737079774321, -0.006685456399077481], [-0.005310737079774321, 0.009479818778019507, 0.005179886290820277], [-0.006685456399077481, 0.005179886290820276, 0.01889045514376394]], "chi2_level": 0.95, "chi2_df": 3, "chi2_threshold": 7.814727903251179, "N_raw": 87, "N_roi": 87, "N_inlier": 80, "refit": true}
{"timestamp": "18:28:39.933035", "frame": 47, "mu": [-0.10126669958445433, 1.0965060469800898, 1.317406882728122], "Sigma": [[0.00535904444976261, -0.005276077641300675, -0.007600187352999628], [-0.005276077641300675, 0.0072836335888464354, 0.005605453802452931], [-0.007600187352999629, 0.00560545380245293, 0.017560172003908338]], "chi2_level": 0.95, "chi2_df": 3, "chi2_threshold": 7.814727903251179, "N_raw": 79, "N_roi": 79, "N_inlier": 76, "refit": true}
{"timestamp": "18:28:39.984095", "frame": 48, "mu": [-0.15419901724667195, 1.1735782556825425, 1.3954696284051216], "Sigma": [[0.0036856591712537533, -0.0019687559106032274, -0.003814156024985256], [-0.0019687559106032274, 0.002841097263033924, 0.0008886268213849084], [-0.003814156024985256, 0.0008886268213849084, 0.008723805368135782]], "chi2_level": 0.95, "chi2_df": 3, "chi2_threshold": 7.814727903251179, "N_raw": 53, "N_roi": 53, "N_inlier": 50, "refit": true}
{"timestamp": "18:28:40.043429", "frame": 49, "mu": [-0.12324579118175395, 1.1433226596018635, 1.161562023852131], "Sigma": [[0.009948467766805637, 0.0025103301050129296, -0.02279706198500025], [0.002510330105012929, 0.012463923561676573, -0.006976343475141984], [-0.02279706198500025, -0.006976343475141984, 0.07642731307167594]], "chi2_level": 0.95, "chi2_df": 3, "chi2_threshold": 7.814727903251179, "N_raw": 84, "N_roi": 84, "N_inlier": 80, "refit": true}
{"timestamp": "18:28:40.097607", "frame": 50, "mu": [-0.0985168793729063, 1.2827407504438515, 0.9669118359356211], "Sigma": [[0.007683939986822774, 0.0019249642846017908, -0.018242248950402086], [0.0019249642846017908, 0.00693483436140526, -0.013164714392699482], [-0.018242248950402086, -0.013164714392699482, 0.06548389385742606]], "chi2_level": 0.95, "chi2_df": 3, "chi2_threshold": 7.814727903251179, "N_raw": 82, "N_roi": 82, "N_inlier": 78, "refit": true}
{"timestamp": "18:28:40.159470", "frame": 51, "mu": [-0.19486677511992312, 1.2280238340813592, 1.1352376548777605], "Sigma": [[0.009617109630966408, 0.003150414266337896, -0.021049015409677567], [0.003150414266337896, 0.011417164911452117, -0.017177369105249373], [-0.021049015409677567, -0.017177369105249373, 0.06184398446592444]], "chi2_level": 0.95, "chi2_df": 3, "chi2_threshold": 7.814727903251179, "N_raw": 123, "N_roi": 123, "N_inlier": 119, "refit": true}
{"timestamp": "18:28:40.213769", "frame": 52, "mu": [-0.24455488519601898, 1.3573105166181942, 0.13684322846908592], "Sigma": [[0.011278902411889707, -0.0030468986304703722, 0.04492890785115866], [-0.0030468986304703722, 0.014207253149219107, -0.035417004189343446], [0.044928907851158655, -0.035417004189343446, 0.3741679985628358]], "chi2_level": 0.95, "chi2_df": 3, "chi2_threshold": 7.814727903251179, "N_raw": 118, "N_roi": 118, "N_inlier": 114, "refit": true}
{"timestamp": "18:28:40.269639", "frame": 53, "mu": [-0.25137222120105057, 1.2283587385235757, 1.1236862159992511], "Sigma": [[0.00813953117377319, 0.0022008383749507953, -0.02056497315298958], [0.0022008383749507953, 0.012499269875650374, -0.02010001872028023], [-0.020564973152989576, -0.02010001872028023, 0.08227876770359979]], "chi2_level": 0.95, "chi2_df": 3, "chi2_threshold": 7.814727903251179, "N_raw": 122, "N_roi": 122, "N_inlier": 118, "refit": true}
{"timestamp": "18:28:40.328903", "frame": 54, "mu": [-0.33532947766274157, 1.18374716658526, 1.249061659582011], "Sigma": [[0.01455040122352009, -0.0022456244736589028, -0.02523597182007301], [-0.002245624473658903, 0.011051977178124036, -0.008677833714127033], [-0.02523597182007301, -0.008677833714127033, 0.06209750954836735]], "chi2_level": 0.95, "chi2_df": 3, "chi2_threshold": 7.814727903251179, "N_raw": 150, "N_roi": 150, "N_inlier": 146, "refit": true}
{"timestamp": "18:28:40.383962", "frame": 55, "mu": [-0.3538284135602322, 1.2431732817702923, 1.1700963466673182], "Sigma": [[0.013087122110949838, 0.00286770294879167, -0.027252232812164802], [0.00286770294879167, 0.010694192614322433, -0.016546898467606583], [-0.027252232812164802, -0.01654689846760658, 0.07381033184835177]], "chi2_level": 0.95, "chi2_df": 3, "chi2_threshold": 7.814727903251179, "N_raw": 150, "N_roi": 150, "N_inlier": 147, "refit": true}
{"timestamp": "18:28:40.438580", "frame": 56, "mu": [-0.4142447794409502, 1.228306587597707, 1.2207359652099452], "Sigma": [[0.014361903833648179, 0.0018064052822908076, -0.025117355171970272], [0.0018064052822908078, 0.009470103933084523, -0.01455435297142723], [-0.025117355171970272, -0.01455435297142723, 0.06494907101631216]], "chi2_level": 0.95, "chi2_df": 3, "chi2_threshold": 7.814727903251179, "N_raw": 149, "N_roi": 149, "N_inlier": 146, "refit": true}
{"timestamp": "18:28:40.493397", "frame": 57, "mu": [-0.4171939713403232, 1.2049021738154853, 1.1379613849598895], "Sigma": [[0.011738578838153603, -0.001203252716773628, -0.02301898041939817], [-0.001203252716773628, 0.013681005621775856, -0.013836614716232253], [-0.02301898041939817, -0.013836614716232251, 0.07116715585733435]], "chi2_level": 0.95, "chi2_df": 3, "chi2_threshold": 7.814727903251179, "N_raw": 150, "N_roi": 150, "N_inlier": 146, "refit": true}
{"timestamp": "18:28:40.538069", "frame": 58, "mu": [-0.5396650758108689, 1.1773528558218826, 1.3439014756726908], "Sigma": [[0.0068491005172169085, -0.0039044898850891176, -0.0038025633011773323], [-0.003904489885089117, 0.006615431045646775, 0.0003913234993245464], [-0.0038025633011773328, 0.00039132349932454645, 0.004921370687513076]], "chi2_level": 0.95, "chi2_df": 3, "chi2_threshold": 7.814727903251179, "N_raw": 74, "N_roi": 73, "N_inlier": 68, "refit": true}
{"timestamp": "18:28:40.593680", "frame": 59, "mu": [-0.5262475972465316, 1.2692033952101507, -0.4845897836447037], "Sigma": [[0.005789420468045281, -0.0029425656444171337, -0.0051325674345721415], [-0.002942565644417133, 0.009777991023550092, 0.0013341993608928342], [-0.0051325674345721415, 0.0013341993608928346, 0.006107226403506828]], "chi2_level": 0.95, "chi2_df": 3, "chi2_threshold": 7.814727903251179, "N_raw": 83, "N_roi": 83, "N_inlier": 79, "refit": true}
{"timestamp": "18:28:40.653485", "frame": 60, "mu": [-0.591962672597727, 1.211797754909929, 1.1599451357330601], "Sigma": [[0.016726786556511723, 0.0050672540278814526, -0.026943247185099984], [0.0050672540278814526, 0.012442379205848756, -0.02071663028705645], [-0.026943247185099984, -0.020716630287056455, 0.062255671031037255]], "chi2_level": 0.95, "chi2_df": 3, "chi2_threshold": 7.814727903251179, "N_raw": 122, "N_roi": 122, "N_inlier": 118, "refit": true}
{"timestamp": "18:28:40.706024", "frame": 61, "mu": [-0.549659990102357, 1.1990058568181252, 1.008279690115722], "Sigma": [[0.015350080713180626, 0.0027750919757288228, -0.035354304604756796], [0.0027750919757288228, 0.006952662946080619, -0.01470310882942608], [-0.03535430460475679, -0.01470310882942608, 0.10357290864377147]], "chi2_level": 0.95, "chi2_df": 3, "chi2_threshold": 7.814727903251179, "N_raw": 101, "N_roi": 101, "N_inlier": 95, "refit": true}
{"timestamp": "18:28:40.762709", "frame": 62, "mu": [-0.6816760957705151, 1.1841126590480042, 1.1302568850316452], "Sigma": [[0.011732007570951294, 0.0033430242932231346, -0.0221334709105808], [0.003343024293223135, 0.009266883665166491, -0.01701506129561118], [-0.0221334709105808, -0.01701506129561118, 0.059875129869737836]], "chi2_level": 0.95, "chi2_df": 3, "chi2_threshold": 7.814727903251179, "N_raw": 117, "N_roi": 117, "N_inlier": 110, "refit": true}
{"timestamp": "18:28:40.820469", "frame": 63, "mu": [-0.7473563100665047, 1.189221933069186, 1.0959358570017086], "Sigma": [[0.019664623382858445, 0.0040355013247944434, -0.043031411676265646], [0.0040355013247944434, 0.0036892907590123907, -0.011779060650517995], [-0.043031411676265646, -0.011779060650517995, 0.14125655237400359]], "chi2_level": 0.95, "chi2_df": 3, "chi2_threshold": 7.814727903251179, "N_raw": 129, "N_roi": 129, "N_inlier": 114, "refit": true}
{"timestamp": "18:28:40.874198", "frame": 64, "mu": [-0.8258386280308357, 1.1975179620063472, 1.2261346932749533], "Sigma": [[0.03409014278859672, 0.015900080085943874, -0.061135749572177545], [0.015900080085943874, 0.0122802657897253, -0.031767483505021496], [-0.061135749572177545, -0.031767483505021496, 0.13855490171914575]], "chi2_level": 0.95, "chi2_df": 3, "chi2_threshold": 7.814727903251179, "N_raw": 120, "N_roi": 120, "N_inlier": 109, "refit": true}
{"timestamp": "18:28:40.927104", "frame": 65, "mu": [-0.9559809714152702, 1.149104800616201, 1.3790876694459784], "Sigma": [[0.04337135362281705, 0.018489174923487055, -0.0624051394480058], [0.018489174923487055, 0.01217643878477759, -0.0268440556524812], [-0.0624051394480058, -0.0268440556524812, 0.11963981953417939]], "chi2_level": 0.95, "chi2_df": 3, "chi2_threshold": 7.814727903251179, "N_raw": 111, "N_roi": 111, "N_inlier": 103, "refit": true}
{"timestamp": "18:28:40.977791", "frame": 66, "mu": [-1.0949526273635997, 1.0645885345345665, 1.4139799665439101], "Sigma": [[0.07953826138307413, 0.03582018566103329, -0.11189232005699543], [0.03582018566103329, 0.02053510133573349, -0.05037932154361311], [-0.11189232005699543, -0.050379321543613104, 0.17649597246761922]], "chi2_level": 0.95, "chi2_df": 3, "chi2_threshold": 7.814727903251179, "N_raw": 71, "N_roi": 71, "N_inlier": 67, "refit": true}
{"timestamp": "18:28:41.030960", "frame": 67, "mu": [-1.1556165409669603, 1.0901545742069803, -0.2710466340457065], "Sigma": [[0.039304270544438996, 0.022195686957430974, -0.02425422235902909], [0.022195686957430974, 0.018980437974271354, -0.015259135804396789], [-0.02425422235902909, -0.015259135804396789, 0.017716057922461895]], "chi2_level": 0.95, "chi2_df": 3, "chi2_threshold": 7.814727903251179, "N_raw": 69, "N_roi": 69, "N_inlier": 64, "refit": true}
{"timestamp": "18:28:41.089569", "frame": 68, "mu": [-0.9793176708919781, 1.0618048722196949, 1.1806212823957467], "Sigma": [[0.06816261189907552, 0.03188140794715161, -0.0707758211457878], [0.031881407947151615, 0.02144155070258434, -0.03928191882814603], [-0.0707758211457878, -0.03928191882814604, 0.0832800736768696]], "chi2_level": 0.95, "chi2_df": 3, "chi2_threshold": 7.814727903251179, "N_raw": 98, "N_roi": 98, "N_inlier": 94, "refit": true}
{"timestamp": "18:28:41.143295", "frame": 69, "mu": [-1.146041771749181, 1.1583201639542955, -0.3581962322327307], "Sigma": [[0.04990847258797636, 0.0377038334197793, -0.03408283683213179], [0.0377038334197793, 0.0350822104211521, -0.027899493409293753], [-0.03408283683213179, -0.027899493409293756, 0.025932961771389186]], "chi2_level": 0.95, "chi2_df": 3, "chi2_threshold": 7.814727903251179, "N_raw": 83, "N_roi": 83, "N_inlier": 81, "refit": true}
{"timestamp": "18:28:41.195787", "frame": 70, "mu": [-1.2181667579373265, 0.9676648818875067, 1.3965443274674463], "Sigma": [[0.03137808034915256, 0.00968896492265156, -0.02084985017977094], [0.00968896492265156, 0.0072663039430018875, -0.008341788136462972], [-0.020849850179770937, -0.008341788136462972, 0.01609934890962145]], "chi2_level": 0.95, "chi2_df": 3, "chi2_threshold": 7.814727903251179, "N_raw": 70, "N_roi": 70, "N_inlier": 67, "refit": true}
{"timestamp": "18:28:41.251787", "frame": 71, "mu": [-1.0116426452124843, 1.0998673030112651, 1.1203210741043275], "Sigma": [[0.04269861174772521, 0.033557217448353736, -0.04647202493708444], [0.033557217448353736, 0.028260796181992568, -0.038727493390444755], [-0.046472024937084425, -0.038727493390444755, 0.05795051563149697]], "chi2_level": 0.95, "chi2_df": 3, "chi2_threshold": 7.814727903251179, "N_raw": 67, "N_roi": 67, "N_inlier": 61, "refit": true}
{"timestamp": "18:28:41.311683", "frame": 72, "mu": [-1.1962584018491678, 1.120666874096841, 1.3094817766359874], "Sigma": [[0.06121430856631703, 0.03311567869036801, -0.07177152111628687], [0.03311567869036801, 0.02152756026460332, -0.041865313692689796], [-0.07177152111628687, -0.041865313692689796, 0.09180223708778884]], "chi2_level": 0.95, "chi2_df": 3, "chi2_threshold": 7.814727903251179, "N_raw": 112, "N_roi": 112, "N_inlier": 108, "refit": true}
{"timestamp": "18:28:41.362188", "frame": 73, "mu": [-1.3330367803657108, 1.1116225726205564, 1.5629654385332619], "Sigma": [[0.014568830006852053, 0.009996980926093076, -0.00855489717966837], [0.00999698092609308, 0.010953518195536196, -0.00929250657045674], [-0.00855489717966837, -0.00929250657045674, 0.00982561263867068]], "chi2_level": 0.95, "chi2_df": 3, "chi2_threshold": 7.814727903251179, "N_raw": 75, "N_roi": 75, "N_inlier": 68, "refit": true}
{"timestamp": "18:28:41.415430", "frame": 74, "mu": [-1.3371399677252587, 1.1512144759589722, -0.5442446815949995], "Sigma": [[0.043953102626789316, 0.052163218058991385, -0.04272158002075835], [0.05216321805899138, 0.07001761023140775, -0.026501976930362534], [-0.04272158002075835, -0.026501976930362534, 0.1900046703885128]], "chi2_level": 0.95, "chi2_df": 3, "chi2_threshold": 7.814727903251179, "N_raw": 62, "N_roi": 62, "N_inlier": 58, "refit": true}
{"timestamp": "18:28:41.474458", "frame": 75, "mu": [-1.43619997872461, 1.200811339074958, -0.11048869815874683], "Sigma": [[0.025687141738913823, 0.014552551726742342, -0.013998759588209606], [0.01455255172674234, 0.014840484138086111, -0.008407571715192182], [-0.013998759588209606, -0.008407571715192182, 0.008624683299490754]], "chi2_level": 0.95, "chi2_df": 3, "chi2_threshold": 7.814727903251179, "N_raw": 95, "N_roi": 95, "N_inlier": 90, "refit": true}
{"timestamp": "18:28:41.532082", "frame": 76, "mu": [-1.4499663825950593, 1.072217032132755, 1.4295563368438973], "Sigma": [[0.018785183078495103, 0.008451418388923833, -0.01265956666843028], [0.008451418388923835, 0.017435195927342433, -0.0052525688655230655], [-0.01265956666843028, -0.0052525688655230655, 0.01088882254851087]], "chi2_level": 0.95, "chi2_df": 3, "chi2_threshold": 7.814727903251179, "N_raw": 107, "N_roi": 107, "N_inlier": 98, "refit": true}
{"timestamp": "18:28:41.586647", "frame": 77, "mu": [-1.4677229707808528, 1.1754484577435627, 1.5249812998818015], "Sigma": [[0.03204552932282845, 0.01421391043802349, -0.027603559503828243], [0.014213910438023489, 0.01331335232264959, -0.013983802806255198], [-0.027603559503828246, -0.013983802806255198, 0.039350815587494425]], "chi2_level": 0.95, "chi2_df": 3, "chi2_threshold": 7.814727903251179, "N_raw": 103, "N_roi": 103, "N_inlier": 94, "refit": true}
{"timestamp": "18:28:41.641368", "frame": 78, "mu": [-1.5170462490208798, 1.2303499434931924, 0.004128117856380892], "Sigma": [[0.031637655893931665, 0.021024865634257237, 0.07852779855404259], [0.021024865634257234, 0.024158843740637377, 0.07103262326721621], [0.07852779855404259, 0.07103262326721621, 0.49756565186908097]], "chi2_level": 0.95, "chi2_df": 3, "chi2_threshold": 7.814727903251179, "N_raw": 93, "N_roi": 93, "N_inlier": 93, "refit": true}
{"timestamp": "18:28:41.705723", "frame": 79, "mu": [-1.4258059742953417, 1.3017333334734729, 1.1150034728984173], "Sigma": [[0.04774866348416554, 0.031771404595518915, -0.07913979925402244], [0.031771404595518915, 0.02625890976161936, -0.05872352369811726], [-0.07913979925402244, -0.05872352369811726, 0.2729278818605114]], "chi2_level": 0.95, "chi2_df": 3, "chi2_threshold": 7.814727903251179, "N_raw": 116, "N_roi": 116, "N_inlier": 116, "refit": true}
{"timestamp": "18:28:41.758571", "frame": 80, "mu": [-1.4276571388419037, 1.3287722375525601, 1.1654055425186893], "Sigma": [[0.05772083153961967, 0.037520393824286784, -0.0658418173994249], [0.037520393824286784, 0.03173049214659275, -0.05901775712365823], [-0.0658418173994249, -0.05901775712365823, 0.1821736489317059]], "chi2_level": 0.95, "chi2_df": 3, "chi2_threshold": 7.814727903251179, "N_raw": 150, "N_roi": 150, "N_inlier": 147, "refit": true}
{"timestamp": "18:28:41.812553", "frame": 81, "mu": [-1.5535046727408743, 1.2951332074260493, 0.5576746925812883], "Sigma": [[0.037952074268708426, 0.015352176721743629, 0.10606056692871825], [0.015352176721743627, 0.016135316971747707, 0.050086002431255355], [0.10606056692871826, 0.050086002431255355, 0.5364357600291504]], "chi2_level": 0.95, "chi2_df": 3, "chi2_threshold": 7.814727903251179, "N_raw": 134, "N_roi": 134, "N_inlier": 134, "refit": true}
{"timestamp": "18:28:41.863763", "frame": 82, "mu": [-1.6309445357289267, 1.2276835357526463, 1.4297933596747305], "Sigma": [[0.03371213776262856, 0.022045337695411726, -0.023106087659543563], [0.022045337695411726, 0.0228928925889577, -0.021921916668466723], [-0.02310608765954356, -0.021921916668466726, 0.030718332909225765]], "chi2_level": 0.95, "chi2_df": 3, "chi2_threshold": 7.814727903251179, "N_raw": 115, "N_roi": 115, "N_inlier": 106, "refit": true}
{"timestamp": "18:28:41.912324", "frame": 83, "mu": [-1.5953328066725811, 1.350857985767974, 1.4033537130445455], "Sigma": [[0.07003189836202453, 0.04226274590376142, -0.02214969810524553], [0.04226274590376142, 0.028066694401674717, -0.01696614277070243], [-0.02214969810524553, -0.01696614277070243, 0.036652598688921345]], "chi2_level": 0.95, "chi2_df": 3, "chi2_threshold": 7.814727903251179, "N_raw": 73, "N_roi": 73, "N_inlier": 69, "refit": true}
{"timestamp": "18:28:41.970084", "frame": 84, "mu": [-1.412493416619395, 1.5580417148175347, -0.49614894998522746], "Sigma": [[0.057897009814182686, 0.045642706452205514, -0.025186624997043643], [0.045642706452205514, 0.0447130512396611, -0.02232028068502643], [-0.025186624997043647, -0.02232028068502643, 0.03883485531891384]], "chi2_level": 0.95, "chi2_df": 3, "chi2_threshold": 7.814727903251179, "N_raw": 97, "N_roi": 97, "N_inlier": 96, "refit": true}
{"timestamp": "18:28:42.021608", "frame": 85, "mu": [-1.317380886800273, 1.5808371773051497, 1.2958200756176068], "Sigma": [[0.03139392948200769, 0.013296566556930633, -0.026891801754559203], [0.013296566556930631, 0.01376130769767188, -0.014091268298905852], [-0.026891801754559203, -0.014091268298905852, 0.02716544241683428]], "chi2_level": 0.95, "chi2_df": 3, "chi2_threshold": 7.814727903251179, "N_raw": 69, "N_roi": 69, "N_inlier": 63, "refit": true}
{"timestamp": "18:28:42.073868", "frame": 86, "mu": [-1.258514137551072, 1.7623156010972352, -0.26767824256898304], "Sigma": [[0.007506442515794011, 0.0024790337064562584, -0.006755094213237196], [0.0024790337064562584, 0.008177043759062228, -0.0008270038934488137], [-0.006755094213237196, -0.0008270038934488134, 0.007678264889188373]], "chi2_level": 0.95, "chi2_df": 3, "chi2_threshold": 7.814727903251179, "N_raw": 55, "N_roi": 55, "N_inlier": 52, "refit": true}
