{"timestamp": "18:38:49.500883", "frame": 3, "mu": [1.651444480474068, 0.8610149513388305, 1.4833701205326548], "Sigma": [[0.0045662393346589504, -0.003114276915863551, 0.0003531772846382178], [-0.003114276915863551, 0.005579540213679148, -0.002533460530512359], [0.0003531772846382178, -0.002533460530512359, 0.002562080852304656]], "chi2_level": 0.95, "chi2_df": 3, "chi2_threshold": 7.814727903251179, "N_raw": 22, "N_roi": 22, "N_inlier": 19, "refit": true}
{"timestamp": "18:38:49.555658", "frame": 4, "mu": [1.729171048544078, 0.8590388760771024, 1.1872987182759198], "Sigma": [[0.002995586138467197, -0.0019333150633816442, -0.004012655343869915], [-0.0019333150633816442, 0.0034194860018153406, -0.0014067291347449576], [-0.004012655343869915, -0.0014067291347449574, 0.014346968443474143]], "chi2_level": 0.95, "chi2_df": 3, "chi2_threshold": 7.814727903251179, "N_raw": 19, "N_roi": 19, "N_inlier": 16, "refit": true}
{"timestamp": "18:38:49.610383", "frame": 5, "mu": [1.6589322979761914, 0.8626642608202983, 1.2164780306710554], "Sigma": [[0.0015260588451774134, -0.0008331947751120205, -0.0017973506733528562], [-0.0008331947751120206, 0.006243743582506464, -0.009267258416711433], [-0.0017973506733528558, -0.009267258416711433, 0.02184318303931016]], "chi2_level": 0.95, "chi2_df": 3, "chi2_threshold": 7.814727903251179, "N_raw": 21, "N_roi": 21, "N_inlier": 18, "refit": true}
{"timestamp": "18:38:49.665600", "frame": 6, "mu": [1.6717150433277042, 1.0564718850388763, -0.7493955007955891], "Sigma": [[0.0021724000215697994, -0.0032515396564565388, 7.831739059738978e-05], [-0.003251539656456538, 0.009535771240334768, -0.007873255823031397], [7.831739059738978e-05, -0.007873255823031397, 0.01400429227572595]], "chi2_level": 0.95, "chi2_df": 3, "chi2_threshold": 7.814727903251179, "N_raw": 12, "N_roi": 12, "N_inlier": 11, "refit": true}
{"timestamp": "18:38:49.720689", "frame": 7, "mu": [1.698201133746072, 0.9604280792802676, -0.6538716939237381], "Sigma": [[0.00259266368490729, -2.374303735545657e-05, -0.003883864151072946], [-2.374303735545657e-05, 0.0013051090152007235, 0.002127595469503695], [-0.0038838641510729457, 0.002127595469503695, 0.021109908429485985]], "chi2_level": 0.95, "chi2_df": 3, "chi2_threshold": 7.814727903251179, "N_raw": 11, "N_roi": 11, "N_inlier": 9, "refit": true}
{"timestamp": "18:38:49.775806", "frame": 8, "mu": [1.7004575263092339, 0.8022452762574043, 1.1008320397949845], "Sigma": [[0.0026336455077283446, -0.0031117353548062885, -0.0013076906485112152], [-0.003111735354806288, 0.006892754883345466, -0.0005043939760005901], [-0.0013076906485112152, -0.0005043939760005901, 0.002703298177037982]], "chi2_level": 0.95, "chi2_df": 3, "chi2_threshold": 7.814727903251179, "N_raw": 22, "N_roi": 22, "N_inlier": 20, "refit": true}
{"timestamp": "18:38:49.831994", "frame": 9, "mu": [1.6647803433019104, 0.7984940572655282, 1.1700961897581859], "Sigma": [[0.002989494590255545, -0.004005238139400773, -0.0016238961755152292], [-0.004005238139400773, 0.008329296852988919, -0.0015518931967730333], [-0.0016238961755152292, -0.0015518931967730336, 0.006913134281584818]], "chi2_level": 0.95, "chi2_df": 3, "chi2_threshold": 7.814727903251179, "N_raw": 29, "N_roi": 29, "N_inlier": 27, "refit": true}
{"timestamp": "18:38:49.887436", "frame": 10, "mu": [1.6520969054165833, 1.009526897873507, -0.6572761933364077], "Sigma": [[0.002165336970637795, -0.001651075273251104, -0.002747882346835858], [-0.0016510752732511037, 0.00408540747366305, -4.84093666538418e-05], [-0.002747882346835858, -4.8409366653841745e-05, 0.007969491485565342]], "chi2_level": 0.95, "chi2_df": 3, "chi2_threshold": 7.814727903251179, "N_raw": 16, "N_roi": 16, "N_inlier": 15, "refit": true}
{"timestamp": "18:38:49.942946", "frame": 11, "mu": [1.6968795826138543, 0.7546178817512065, 1.2107532759676203], "Sigma": [[0.00346097079454568, -0.0019415018591609594, -0.00023992665454556803], [-0.0019415018591609594, 0.0072539908909616075, -0.002150951061859027], [-0.0002399266545455681, -0.002150951061859027, 0.0035949447233772826]], "chi2_level": 0.95, "chi2_df": 3, "chi2_threshold": 7.814727903251179, "N_raw": 25, "N_roi": 25, "N_inlier": 23, "refit": true}
{"timestamp": "18:38:49.997685", "frame": 12, "mu": [1.6645630593256928, 0.7515943735351013, 1.1144996330212633], "Sigma": [[0.003222797805099608, -0.002369610862114406, -0.0013745698064621527], [-0.002369610862114406, 0.006318638329353115, -0.0017034297513253617], [-0.0013745698064621529, -0.0017034297513253617, 0.002947119438203015]], "chi2_level": 0.95, "chi2_df": 3, "chi2_threshold": 7.814727903251179, "N_raw": 24, "N_roi": 24, "N_inlier": 22, "refit": true}
{"timestamp": "18:38:50.057031", "frame": 13, "mu": [1.6233492642464853, 0.756347898732485, 1.1794410506425343], "Sigma": [[0.0031406161423167475, -0.0027205551001411236, -0.0036579964526746436], [-0.002720555100141124, 0.007110264635094492, -0.004030425205639381], [-0.0036579964526746436, -0.00403042520563938, 0.02487641850354072]], "chi2_level": 0.95, "chi2_df": 3, "chi2_threshold": 7.814727903251179, "N_raw": 44, "N_roi": 44, "N_inlier": 40, "refit": true}
{"timestamp": "18:38:50.110018", "frame": 14, "mu": [1.6644683329692986, 0.7122643672975691, 1.1221866866826091], "Sigma": [[0.0026793090979676483, -0.0025187881867733295, -0.0005050210824200775], [-0.0025187881867733295, 0.012933386938110568, -0.005368862133452881], [-0.0005050210824200775, -0.005368862133452881, 0.0038474419662455793]], "chi2_level": 0.95, "chi2_df": 3, "chi2_threshold": 7.814727903251179, "N_raw": 27, "N_roi": 27, "N_inlier": 25, "refit": true}
{"timestamp": "18:38:50.163481", "frame": 15, "mu": [1.5392382487034297, 0.743628089320965, 1.316943840309127], "Sigma": [[0.004116434705133107, -0.0029743203741267885, -0.004730330181600356], [-0.0029743203741267885, 0.006490031020636174, -0.0014817148127587827], [-0.004730330181600356, -0.001481714812758783, 0.014482190740965292]], "chi2_level": 0.95, "chi2_df": 3, "chi2_threshold": 7.814727903251179, "N_raw": 21, "N_roi": 21, "N_inlier": 20, "refit": true}
{"timestamp": "18:38:50.219419", "frame": 16, "mu": [1.6340117544655584, 0.7209186392970391, 1.207300848730878], "Sigma": [[0.003906173410974847, -0.0035511708924357895, 0.0007039181173937564], [-0.00355117089243579, 0.00881607194765494, -0.004338023337383207], [0.0007039181173937566, -0.004338023337383208, 0.0047938816520904926]], "chi2_level": 0.95, "chi2_df": 3, "chi2_threshold": 7.814727903251179, "N_raw": 30, "N_roi": 30, "N_inlier": 26, "refit": true}
{"timestamp": "18:38:50.273644", "frame": 17, "mu": [1.6195642710217528, 0.7187188955103914, 1.1975259231902198], "Sigma": [[0.003542592126988665, -0.0028603404266709436, -0.0019135295842274463], [-0.002860340426670944, 0.005526125970645492, -0.0016484004323580254], [-0.0019135295842274463, -0.0016484004323580256, 0.005292560328282671]], "chi2_level": 0.95, "chi2_df": 3, "chi2_threshold": 7.814727903251179, "N_raw": 27, "N_roi": 27, "N_inlier": 25, "refit": true}
{"timestamp": "18:38:50.325606", "frame": 18, "mu": [1.49390623566142, 0.7581928241940852, 1.2189635762930493], "Sigma": [[0.0014780719708079035, 0.0019355211221218748, -0.0014876650257024744], [0.0019355211221218748, 0.00720243114525826, -0.005332398901787775], [-0.0014876650257024744, -0.005332398901787775, 0.00910909400255728]], "chi2_level": 0.95, "chi2_df": 3, "chi2_threshold": 7.814727903251179, "N_raw": 10, "N_roi": 10, "N_inlier": 9, "refit": true}
{"timestamp": "18:38:50.383079", "frame": 19, "mu": [1.492623208956395, 0.740424822544916, 1.2482637857791588], "Sigma": [[0.004412982649016879, -0.0015250689343477759, -0.0021013051820709776], [-0.0015250689343477754, 0.0033415385208143116, -0.000962796060947932], [-0.002101305182070978, -0.000962796060947932, 0.002769638731648993]], "chi2_level": 0.95, "chi2_df": 3, "chi2_threshold": 7.814727903251179, "N_raw": 23, "N_roi": 23, "N_inlier": 21, "refit": true}
{"timestamp": "18:38:50.439865", "frame": 20, "mu": [1.435236474071679, 0.7623951404550247, 1.2098733981714371], "Sigma": [[0.004087733080034287, -0.002158982032064023, -0.003201908112175894], [-0.0021589820320640236, 0.00730001529946957, -0.0014147707332574555], [-0.003201908112175894, -0.0014147707332574553, 0.008673323013335081]], "chi2_level": 0.95, "chi2_df": 3, "chi2_threshold": 7.814727903251179, "N_raw": 35, "N_roi": 35, "N_inlier": 32, "refit": true}
{"timestamp": "18:38:50.493836", "frame": 21, "mu": [1.340422686915088, 0.7549240557182768, 1.3968709790992206], "Sigma": [[0.005035952314797812, -0.00214671567182464, -0.0022331845032743667], [-0.0021467156718246398, 0.0028473460571849006, -0.000216877237729216], [-0.0022331845032743667, -0.00021687723772921598, 0.002169444650645679]], "chi2_level": 0.95, "chi2_df": 3, "chi2_threshold": 7.814727903251179, "N_raw": 26, "N_roi": 26, "N_inlier": 25, "refit": true}
{"timestamp": "18:38:50.545807", "frame": 22, "mu": [1.2552727135890243, 0.8615914934167177, 1.2678221325395032], "Sigma": [[0.0024296392679937, 0.0031677795336261813, -0.005588776964877922], [0.0031677795336261813, 0.00552769732044009, -0.005969842792555878], [-0.005588776964877922, -0.005969842792555878, 0.016758081542735132]], "chi2_level": 0.95, "chi2_df": 3, "chi2_threshold": 7.814727903251179, "N_raw": 7, "N_roi": 7, "N_inlier": 7, "refit": true}
{"timestamp": "18:38:50.605879", "frame": 23, "mu": [1.2584979306779265, 0.7519315812677901, 1.3726137034299695], "Sigma": [[0.006467358535141525, -0.0022219385921829673, -0.0004951012033476133], [-0.0022219385921829673, 0.001316162434486909, 0.00028983931944876476], [-0.0004951012033476133, 0.0002898393194487648, 0.010856435501759569]], "chi2_level": 0.95, "chi2_df": 3, "chi2_threshold": 7.814727903251179, "N_raw": 42, "N_roi": 42, "N_inlier": 38, "refit": true}
{"timestamp": "18:38:50.661978", "frame": 24, "mu": [1.1724166000796712, 0.821238968067982, 1.25046578151262], "Sigma": [[0.003589491687821119, 0.00028691291132363305, 0.0014755843102760432], [0.00028691291132363326, 0.0064630035662217025, -0.006245792885660134], [0.0014755843102760434, -0.006245792885660135, 0.011554641592759918]], "chi2_level": 0.95, "chi2_df": 3, "chi2_threshold": 7.814727903251179, "N_raw": 51, "N_roi": 51, "N_inlier": 50, "refit": true}
{"timestamp": "18:38:50.720504", "frame": 25, "mu": [1.1653008269910727, 0.9793251934699978, -0.5397115504717542], "Sigma": [[0.00585852933097758, -0.0023874613118134375, -0.0028747804732819674], [-0.0023874613118134375, 0.00944918169475661, -0.006915505264951545], [-0.002874780473281967, -0.006915505264951545, 0.011757961602892986]], "chi2_level": 0.95, "chi2_df": 3, "chi2_threshold": 7.814727903251179, "N_raw": 73, "N_roi": 73, "N_inlier": 70, "refit": true}
{"timestamp": "18:38:50.776947", "frame": 26, "mu": [1.0728077115712757, 0.8125518907962721, 1.1436417244562544], "Sigma": [[0.0048321638367862935, 0.0012032481588504476, -0.0027414877680458413], [0.0012032481588504474, 0.006513266038905396, -0.008103909620867456], [-0.0027414877680458417, -0.008103909620867456, 0.022090596404570013]], "chi2_level": 0.95, "chi2_df": 3, "chi2_threshold": 7.814727903251179, "N_raw": 73, "N_roi": 73, "N_inlier": 69, "refit": true}
{"timestamp": "18:38:50.833139", "frame": 27, "mu": [1.0341680357705254, 0.8285032818309295, 1.1104681990647864], "Sigma": [[0.004086864853520634, -0.0018893002387495948, -0.0005818110720091813], [-0.0018893002387495945, 0.002558443963435823, -0.007502237292533399], [-0.0005818110720091814, -0.007502237292533399, 0.05683617592047353]], "chi2_level": 0.95, "chi2_df": 3, "chi2_threshold": 7.814727903251179, "N_raw": 92, "N_roi": 92, "N_inlier": 87, "refit": true}
{"timestamp": "18:38:50.883654", "frame": 28, "mu": [0.9632174828143965, 0.6998374672653801, 1.1460173474162576], "Sigma": [[0.005161000383493809, -0.0011044020516947156, -0.003959763155959541], [-0.0011044020516947158, 0.003995815733466127, -0.0024954765345873535], [-0.003959763155959541, -0.002495476534587353, 0.008376549683644926]], "chi2_level": 0.95, "chi2_df": 3, "chi2_threshold": 7.814727903251179, "N_raw": 57, "N_roi": 57, "N_inlier": 52, "refit": true}
{"timestamp": "18:38:50.935556", "frame": 29, "mu": [0.9015292120290904, 0.7429719546031986, 1.206678733344047], "Sigma": [[0.003896977293564432, -0.0028002059813421625, -0.0028313845769374806], [-0.0028002059813421625, 0.005186092012938807, -0.002274060277890737], [-0.0028313845769374806, -0.0022740602778907365, 0.026342912677695954]], "chi2_level": 0.95, "chi2_df": 3, "chi2_threshold": 7.814727903251179, "N_raw": 35, "N_roi": 35, "N_inlier": 30, "refit": true}
{"timestamp": "18:38:50.993027", "frame": 30, "mu": [0.8570525324087187, 0.8260418313938198, 1.3332488972589944], "Sigma": [[0.003956258177966534, -0.0009257497690247933, -0.00440276041426497], [-0.0009257497690247933, 0.003592999905860672, -0.0019938833859257593], [-0.00440276041426497, -0.0019938833859257593, 0.008763340480763073]], "chi2_level": 0.95, "chi2_df": 3, "chi2_threshold": 7.814727903251179, "N_raw": 55, "N_roi": 55, "N_inlier": 49, "refit": true}
{"timestamp": "18:38:51.048180", "frame": 31, "mu": [0.7996695538848236, 0.8066821930673576, 1.3493779792321106], "Sigma": [[0.0054728491047861625, -0.0012927568372151867, -0.005437976664199762], [-0.0012927568372151867, 0.0037314344004971555, -0.0010137143173504955], [-0.005437976664199762, -0.0010137143173504955, 0.011594733608108263]], "chi2_level": 0.95, "chi2_df": 3, "chi2_threshold": 7.814727903251179, "N_raw": 54, "N_roi": 54, "N_inlier": 50, "refit": true}
{"timestamp": "18:38:51.104951", "frame": 32, "mu": [0.7908118545892827, 0.9741383429354343, -0.5371015668571665], "Sigma": [[0.0071487878193412, -0.0028823528087434016, -0.0008053444977378439], [-0.0028823528087434025, 0.014051086413158482, -0.02095589937070365], [-0.0008053444977378437, -0.02095589937070365, 0.045987889388680675]], "chi2_level": 0.95, "chi2_df": 3, "chi2_threshold": 7.814727903251179, "N_raw": 71, "N_roi": 71, "N_inlier": 69, "refit": true}
{"timestamp": "18:38:51.158485", "frame": 33, "mu": [0.7484353792406533, 0.9526454262308165, -0.5327357798589905], "Sigma": [[0.005477110453159908, 0.003573362441543807, -0.010217230350439484], [0.003573362441543807, 0.008678827566206868, -0.013920434265706865], [-0.010217230350439484, -0.013920434265706865, 0.031221090964518878]], "chi2_level": 0.95, "chi2_df": 3, "chi2_threshold": 7.814727903251179, "N_raw": 59, "N_roi": 59, "N_inlier": 58, "refit": true}
{"timestamp": "18:38:51.216230", "frame": 34, "mu": [0.6715157556300935, 0.8054053622690844, 1.315702183737011], "Sigma": [[0.00574350713300431, 0.00021737708726845593, -0.004558951435295723], [0.00021737708726845588, 0.003287994279128991, -0.008381507917586553], [-0.0045589514352957225, -0.008381507917586553, 0.033579507649403206]], "chi2_level": 0.95, "chi2_df": 3, "chi2_threshold": 7.814727903251179, "N_raw": 80, "N_roi": 80, "N_inlier": 78, "refit": true}
{"timestamp": "18:38:51.271684", "frame": 35, "mu": [0.6457553662855484, 0.7856893340827471, 1.278556800758175], "Sigma": [[0.0035815309529651394, 0.00014689226886514638, -0.005586713257079821], [0.00014689226886514643, 0.00230363478956504, -0.0033508400392234586], [-0.005586713257079821, -0.003350840039223458, 0.026501638389532504]], "chi2_level": 0.95, "chi2_df": 3, "chi2_threshold": 7.814727903251179, "N_raw": 74, "N_roi": 74, "N_inlier": 72, "refit": true}
{"timestamp": "18:38:51.325162", "frame": 36, "mu": [0.5951335774206881, 0.7895216626754002, 1.3177049772230653], "Sigma": [[0.0033170581505088436, -0.0004738979542824734, -0.0023147786114689046], [-0.00047389795428247355, 0.008045307813011776, -0.01123437537881633], [-0.0023147786114689046, -0.011234375378816332, 0.01926590325951729]], "chi2_level": 0.95, "chi2_df": 3, "chi2_threshold": 7.814727903251179, "N_raw": 63, "N_roi": 63, "N_inlier": 62, "refit": true}
{"timestamp": "18:38:51.376896", "frame": 37, "mu": [0.514559153884309, 0.7734933630950799, 1.4115451660761489], "Sigma": [[0.0025018179931598885, -0.00022129529434958734, -0.0018952566220708027], [-0.00022129529434958728, 0.0023300660534730415, -0.0024580876559765785], [-0.0018952566220708027, -0.0024580876559765785, 0.006733448456919896]], "chi2_level": 0.95, "chi2_df": 3, "chi2_threshold": 7.814727903251179, "N_raw": 46, "N_roi": 46, "N_inlier": 42, "refit": true}
{"timestamp": "18:38:51.432283", "frame": 38, "mu": [0.4449130621828509, 0.7993923734730384, 1.2535840032851586], "Sigma": [[0.0059505341444224145, 0.0007807076429071488, 0.0019003856638829945], [0.0007807076429071489, 0.0015925337633632328, -0.007104366736548335], [0.0019003856638829945, -0.007104366736548335, 0.04751909806075602]], "chi2_level": 0.95, "chi2_df": 3, "chi2_threshold": 7.814727903251179, "N_raw": 38, "N_roi": 38, "N_inlier": 35, "refit": true}
{"timestamp": "18:38:51.484079", "frame": 39, "mu": [0.3396355484792128, 0.8189956404898135, 1.3508401273368817], "Sigma": [[0.004429620987789059, 0.0003094827332764733, 0.008234302425690447], [0.00030948273327647326, 0.0008965906158872496, 0.0014925359944461454], [0.008234302425690447, 0.0014925359944461456, 0.023409541534528334]], "chi2_level": 0.95, "chi2_df": 3, "chi2_threshold": 7.814727903251179, "N_raw": 27, "N_roi": 27, "N_inlier": 22, "refit": true}
{"timestamp": "18:38:51.541979", "frame": 40, "mu": [0.3672069649147724, 0.8105570274327706, 1.3872855563512212], "Sigma": [[0.003968800580847702, -0.0005776307246151049, 0.00012803593117368637], [-0.0005776307246151048, 0.002433124062431971, -0.0015073136748109347], [0.0001280359311736863, -0.0015073136748109347, 0.005585343178898958]], "chi2_level": 0.95, "chi2_df": 3, "chi2_threshold": 7.814727903251179, "N_raw": 48, "N_roi": 48, "N_inlier": 43, "refit": true}
{"timestamp": "18:38:51.601310", "frame": 41, "mu": [0.3182223632959846, 0.864417470384675, 1.2880106260454889], "Sigma": [[0.007772557759984733, 0.0009611641506278136, 0.00043103726345722316], [0.0009611641506278136, 0.0016300658416461059, -0.0029316854602954023], [0.0004310372634572234, -0.0029316854602954023, 0.02723999929569191]], "chi2_level": 0.95, "chi2_df": 3, "chi2_threshold": 7.814727903251179, "N_raw": 74, "N_roi": 71, "N_inlier": 69, "refit": true}
{"timestamp": "18:38:51.657816", "frame": 42, "mu": [0.20408213112622686, 0.8619901128192351, 1.295171128375454], "Sigma": [[0.017962332495102182, 0.0018826118058339575, 0.013195491840572848], [0.001882611805833957, 0.0011884716559660143, 0.0030290790520934876], [0.013195491840572844, 0.003029079052093487, 0.027799515451960303]], "chi2_level": 0.95, "chi2_df": 3, "chi2_threshold": 7.814727903251179, "N_raw": 88, "N_roi": 88, "N_inlier": 84, "refit": true}
{"timestamp": "18:38:51.713468", "frame": 43, "mu": [0.2067705324858398, 0.8415091921723918, 1.131787963733279], "Sigma": [[0.005091306072010865, -0.003474451908040532, 0.0029905361967415027], [-0.003474451908040532, 0.006487284230927492, -0.004681111715713388], [0.0029905361967415027, -0.004681111715713388, 0.007395186128594969]], "chi2_level": 0.95, "chi2_df": 3, "chi2_threshold": 7.814727903251179, "N_raw": 92, "N_roi": 92, "N_inlier": 90, "refit": true}
{"timestamp": "18:38:51.763034", "frame": 44, "mu": [0.0725286305663934, 0.9232714626626107, 1.157143051887837], "Sigma": [[0.0025614054204226864, -0.0010831893598450605, 0.0013707193747803787], [-0.0010831893598450605, 0.002804235734439219, -0.00250060960424935], [0.0013707193747803787, -0.00250060960424935, 0.003410775949791586]], "chi2_level": 0.95, "chi2_df": 3, "chi2_threshold": 7.814727903251179, "N_raw": 46, "N_roi": 46, "N_inlier": 41, "refit": true}
{"timestamp": "18:38:51.818192", "frame": 45, "mu": [0.047782345239068595, 0.9086023948545177, 1.4794670101816094], "Sigma": [[0.0013831644262622675, 6.0158898516372534e-05, -0.0011116787435815458], [6.015889851637252e-05, 0.003737963477333485, -0.0014948318083072374], [-0.0011116787435815456, -0.0014948318083072374, 0.0016572760441048]], "chi2_level": 0.95, "chi2_df": 3, "chi2_threshold": 7.814727903251179, "N_raw": 54, "N_roi": 54, "N_inlier": 48, "refit": true}
{"timestamp": "18:38:51.875102", "frame": 46, "mu": [-0.053445485251208805, 0.8705144260248788, 1.2675996943255659], "Sigma": [[0.004205772528498508, -0.00030343409082771264, 0.006951517587976021], [-0.0003034340908277126, 0.00488579864827813, -0.0003592266677206741], [0.006951517587976022, -0.000359226667720674, 0.020640326659041024]], "chi2_level": 0.95, "chi2_df": 3, "chi2_threshold": 7.814727903251179, "N_raw": 68, "N_roi": 68, "N_inlier": 68, "refit": true}
{"timestamp": "18:38:51.933832", "frame": 47, "mu": [-0.09758477266697863, 0.9027552906382061, 1.2253347780492223], "Sigma": [[0.004204290201972885, -0.004928807662600335, 0.0016413264765717237], [-0.004928807662600335, 0.014592677456842422, -0.0016360048476897642], [0.0016413264765717237, -0.0016360048476897638, 0.015202243393107722]], "chi2_level": 0.95, "chi2_df": 3, "chi2_threshold": 7.814727903251179, "N_raw": 97, "N_roi": 97, "N_inlier": 97, "refit": true}
{"timestamp": "18:38:51.990741", "frame": 48, "mu": [-0.121270953958915, 0.8844793754036183, 1.2456495209967104], "Sigma": [[0.00435637133555115, -0.003840363246148541, 0.0014147943765911077], [-0.003840363246148541, 0.00792773229555283, -0.0021248991836064716], [0.0014147943765911077, -0.0021248991836064716, 0.020361916196295973]], "chi2_level": 0.95, "chi2_df": 3, "chi2_threshold": 7.814727903251179, "N_raw": 101, "N_roi": 101, "N_inlier": 99, "refit": true}
{"timestamp": "18:38:52.051298", "frame": 49, "mu": [-0.2002398445464727, 0.9395878517326715, 1.2940026072633461], "Sigma": [[0.007525242150536421, -0.0018893298836195661, 0.004865888420647452], [-0.0018893298836195661, 0.002340658294888537, -0.004220311809172716], [0.004865888420647451, -0.004220311809172716, 0.02017743989237353]], "chi2_level": 0.95, "chi2_df": 3, "chi2_threshold": 7.814727903251179, "N_raw": 137, "N_roi": 137, "N_inlier": 134, "refit": true}
{"timestamp": "18:38:52.101221", "frame": 50, "mu": [-0.28985581873390215, 1.0758693774141619, -0.4324465552708102], "Sigma": [[0.003937549724147209, 0.0006109235426402903, 0.008965446109281499], [0.0006109235426402902, 0.0066642925730385156, -0.0006501261807313705], [0.008965446109281497, -0.0006501261807313703, 0.04574559454608773]], "chi2_level": 0.95, "chi2_df": 3, "chi2_threshold": 7.814727903251179, "N_raw": 99, "N_roi": 99, "N_inlier": 92, "refit": true}
{"timestamp": "18:38:52.160572", "frame": 51, "mu": [-0.30520437036185455, 0.9609117688995561, 1.2823780032860275], "Sigma": [[0.00504432571618801, -0.0010326329058446691, 0.004498523794846042], [-0.0010326329058446691, 0.003917221533882268, -0.007059234820733444], [0.004498523794846042, -0.007059234820733444, 0.02368838199684102]], "chi2_level": 0.95, "chi2_df": 3, "chi2_threshold": 7.814727903251179, "N_raw": 130, "N_roi": 130, "N_inlier": 129, "refit": true}
{"timestamp": "18:38:52.216892", "frame": 52, "mu": [-0.33924008635297165, 0.9516156269688315, 1.28985877202516], "Sigma": [[0.0077037157162873435, 0.00024198335009669328, 0.0034486842351049013], [0.00024198335009669323, 0.0026606596110118597, -0.004901064429234322], [0.0034486842351049013, -0.004901064429234322, 0.015344642186045443]], "chi2_level": 0.95, "chi2_df": 3, "chi2_threshold": 7.814727903251179, "N_raw": 138, "N_roi": 138, "N_inlier": 138, "refit": true}
{"timestamp": "18:38:52.271326", "frame": 53, "mu": [-0.41803417026276224, 1.07540127690916, -0.5017805384499525], "Sigma": [[0.008562858406410261, 0.0013515090825140948, 0.012031884914073296], [0.0013515090825140953, 0.012233615276603039, 0.00041217320372378356], [0.012031884914073296, 0.00041217320372378225, 0.029442508596308155]], "chi2_level": 0.95, "chi2_df": 3, "chi2_threshold": 7.814727903251179, "N_raw": 139, "N_roi": 139, "N_inlier": 136, "refit": true}
{"timestamp": "18:38:52.316237", "frame": 54, "mu": [-0.39600573741988504, 0.9673204256010568, 1.3633388533448252], "Sigma": [[0.003070232567143767, 4.975992152427988e-05, -0.0020786682102615093], [4.97599215242798e-05, 0.0019043772165065582, -0.0028767384002172974], [-0.0020786682102615093, -0.0028767384002172974, 0.0070504606736386385]], "chi2_level": 0.95, "chi2_df": 3, "chi2_threshold": 7.814727903251179, "N_raw": 68, "N_roi": 66, "N_inlier": 62, "refit": true}
{"timestamp": "18:38:52.373209", "frame": 55, "mu": [-0.5509666078230381, 0.9541070043137355, 1.4218244121667551], "Sigma": [[0.005107443806546516, -0.0010799524711375922, -0.004039990722731427], [-0.0010799524711375922, 0.0019327212162849514, -0.0027528015929166724], [-0.004039990722731427, -0.0027528015929166724, 0.030074743410732546]], "chi2_level": 0.95, "chi2_df": 3, "chi2_threshold": 7.814727903251179, "N_raw": 82, "N_roi": 82, "N_inlier": 71, "refit": true}
{"timestamp": "18:38:52.426404", "frame": 56, "mu": [-0.5674945355243415, 1.0678341811814713, -0.6767475279812483], "Sigma": [[0.0029571768693784726, 0.0004745020675689702, -0.001401293171414824], [0.00047450206756897024, 0.003910622815822326, -0.0037183405879245316], [-0.0014012931714148242, -0.003718340587924532, 0.041825313705954825]], "chi2_level": 0.95, "chi2_df": 3, "chi2_threshold": 7.814727903251179, "N_raw": 72, "N_roi": 69, "N_inlier": 66, "refit": true}
{"timestamp": "18:38:52.481678", "frame": 57, "mu": [-0.5929173897582879, 0.9990377127976566, 1.0987913162707639], "Sigma": [[0.00414568103451243, -0.002335210181352841, -0.0044389155760398554], [-0.0023352101813528415, 0.0050197496284201835, -0.007977685302702937], [-0.004438915576039856, -0.007977685302702937, 0.14971661092816976]], "chi2_level": 0.95, "chi2_df": 3, "chi2_threshold": 7.814727903251179, "N_raw": 79, "N_roi": 79, "N_inlier": 71, "refit": true}
{"timestamp": "18:38:52.532464", "frame": 58, "mu": [-0.7422948548923393, 0.9033119427355005, 1.3832226357283532], "Sigma": [[0.043165208224238714, 0.016680708724218618, -0.0437101180777998], [0.016680708724218618, 0.018397635778354085, -0.023414765443518316], [-0.0437101180777998, -0.023414765443518316, 0.1723127836060238]], "chi2_level": 0.95, "chi2_df": 3, "chi2_threshold": 7.814727903251179, "N_raw": 51, "N_roi": 51, "N_inlier": 45, "refit": true}
{"timestamp": "18:38:52.593217", "frame": 59, "mu": [-0.7454907837677517, 0.9393723405630978, 1.261078573578202], "Sigma": [[0.04026664599608305, 0.011299130600897243, -0.06579507749144019], [0.011299130600897243, 0.005803924550169909, -0.017141410720971945], [-0.06579507749144019, -0.017141410720971945, 0.1381417141910393]], "chi2_level": 0.95, "chi2_df": 3, "chi2_threshold": 7.814727903251179, "N_raw": 82, "N_roi": 82, "N_inlier": 75, "refit": true}
{"timestamp": "18:38:52.648706", "frame": 60, "mu": [-0.7664401866688245, 1.154019964954415, -0.47533505022462674], "Sigma": [[0.0112216082401845, 0.002441704168792602, -0.024923008445578425], [0.0024417041687926026, 0.005736057785001407, -0.011713254893206872], [-0.02492300844557843, -0.011713254893206872, 0.0981536849642404]], "chi2_level": 0.95, "chi2_df": 3, "chi2_threshold": 7.814727903251179, "N_raw": 97, "N_roi": 97, "N_inlier": 86, "refit": true}
{"timestamp": "18:38:52.703864", "frame": 61, "mu": [-0.9141276392050649, 0.9854778776620621, 1.4446590293033208], "Sigma": [[0.021316043413828034, 0.005122355308015385, -0.00993773474203675], [0.005122355308015385, 0.007601317751733002, -0.005416592267409054], [-0.00993773474203675, -0.005416592267409054, 0.006779883112194595]], "chi2_level": 0.95, "chi2_df": 3, "chi2_threshold": 7.814727903251179, "N_raw": 89, "N_roi": 83, "N_inlier": 79, "refit": true}
{"timestamp": "18:38:52.758697", "frame": 62, "mu": [-1.0599785140516638, 1.0043634916757898, -0.053639574170569665], "Sigma": [[0.04176209874734964, 0.011237196440284414, 0.0306930666827635], [0.011237196440284411, 0.012795922442574508, -0.008575955985510201], [0.030693066682763503, -0.008575955985510201, 0.09686449540396516]], "chi2_level": 0.95, "chi2_df": 3, "chi2_threshold": 7.814727903251179, "N_raw": 86, "N_roi": 86, "N_inlier": 80, "refit": true}
{"timestamp": "18:38:52.811763", "frame": 63, "mu": [-0.9127369569105747, 1.0303700931063298, 1.1840714037584812], "Sigma": [[0.009516060233758039, 0.0025771236946584286, -0.01806695370121434], [0.0025771236946584295, 0.0022690560323702642, -0.003983008276970057], [-0.018066953701214344, -0.003983008276970057, 0.06890601485266226]], "chi2_level": 0.95, "chi2_df": 3, "chi2_threshold": 7.814727903251179, "N_raw": 71, "N_roi": 71, "N_inlier": 63, "refit": true}
{"timestamp": "18:38:52.867345", "frame": 64, "mu": [-0.9813822252507096, 1.0093233187948123, 1.1536780762321148], "Sigma": [[0.018015822551000284, 0.009898392757422856, -0.026907694769621952], [0.009898392757422856, 0.007764623186572278, -0.01828332730280307], [-0.026907694769621952, -0.018283327302803066, 0.0654843481874249]], "chi2_level": 0.95, "chi2_df": 3, "chi2_threshold": 7.814727903251179, "N_raw": 81, "N_roi": 81, "N_inlier": 74, "refit": true}
{"timestamp": "18:38:52.923668", "frame": 65, "mu": [-1.1623240317515322, 1.0177205653247225, 1.3766630175393793], "Sigma": [[0.0292664153801694, 0.010476160630887781, -0.04352064408152459], [0.010476160630887781, 0.0074424324258078175, -0.017805969981848184], [-0.04352064408152459, -0.017805969981848184, 0.08608306183768286]], "chi2_level": 0.95, "chi2_df": 3, "chi2_threshold": 7.814727903251179, "N_raw": 98, "N_roi": 98, "N_inlier": 95, "refit": true}
{"timestamp": "18:38:52.972906", "frame": 66, "mu": [-1.1878213419526473, 0.953325887342293, 1.1905358462091267], "Sigma": [[0.02813327116839992, 0.014841810146531192, -0.04953833504665538], [0.01484181014653119, 0.014231506029312278, -0.021753883317546577], [-0.04953833504665538, -0.021753883317546577, 0.11753965167182122]], "chi2_level": 0.95, "chi2_df": 3, "chi2_threshold": 7.814727903251179, "N_raw": 53, "N_roi": 53, "N_inlier": 50, "refit": true}
{"timestamp": "18:38:53.034102", "frame": 67, "mu": [-1.2335339082070376, 1.394946948403955, -0.5778498534791621], "Sigma": [[0.03251239294744325, 0.05452555158411222, -0.06822003651988309], [0.05452555158411222, 0.11759310563594194, -0.13535436248177646], [-0.06822003651988309, -0.13535436248177646, 0.16782226008746595]], "chi2_level": 0.95, "chi2_df": 3, "chi2_threshold": 7.814727903251179, "N_raw": 100, "N_roi": 100, "N_inlier": 97, "refit": true}
{"timestamp": "18:38:53.084109", "frame": 68, "mu": [-1.3166632426639813, 1.0854882212935117, 1.4527728326058946], "Sigma": [[0.02250049443445039, 0.016002960558768493, -0.019291854249626164], [0.016002960558768493, 0.0166440631365343, -0.016132853902205275], [-0.019291854249626164, -0.016132853902205275, 0.0213062810883377]], "chi2_level": 0.95, "chi2_df": 3, "chi2_threshold": 7.814727903251179, "N_raw": 55, "N_roi": 55, "N_inlier": 50, "refit": true}
{"timestamp": "18:38:53.152245", "frame": 69, "mu": [-1.3467641127949213, 1.1365931564003602, 1.2694831858909374], "Sigma": [[0.022100594887265776, 0.012088779566683791, -0.03431415976313279], [0.012088779566683791, 0.020960173624817818, -0.04916562678584234], [-0.03431415976313279, -0.04916562678584234, 0.20342596053501066]], "chi2_level": 0.95, "chi2_df": 3, "chi2_threshold": 7.814727903251179, "N_raw": 149, "N_roi": 149, "N_inlier": 146, "refit": true}
{"timestamp": "18:38:53.208258", "frame": 70, "mu": [-1.3920261935638316, 1.179408242502468, 1.2436812488772442], "Sigma": [[0.02756551958946855, 0.01615429800823101, -0.0328030048957796], [0.01615429800823101, 0.02620592021201767, -0.0611922737885791], [-0.0328030048957796, -0.0611922737885791, 0.1973310629467978]], "chi2_level": 0.95, "chi2_df": 3, "chi2_threshold": 7.814727903251179, "N_raw": 145, "N_roi": 145, "N_inlier": 141, "refit": true}
{"timestamp": "18:38:53.255387", "frame": 71, "mu": [-1.4295111777094358, 1.2719842150672844, -0.13946278284752364], "Sigma": [[0.02284616787261281, 0.014227274373229562, -0.0144531037099721], [0.014227274373229562, 0.015926458497217324, -0.010141688637617767], [-0.0144531037099721, -0.010141688637617767, 0.009982080246696714]], "chi2_level": 0.95, "chi2_df": 3, "chi2_threshold": 7.814727903251179, "N_raw": 94, "N_roi": 94, "N_inlier": 90, "refit": true}
{"timestamp": "18:38:53.309828", "frame": 72, "mu": [-1.4747346849372664, 1.2818430943620727, -0.12701744784992836], "Sigma": [[0.028985892647253327, 0.020705697759220328, -0.021350691972730432], [0.020705697759220328, 0.021504654861463877, -0.016994598979746624], [-0.021350691972730436, -0.016994598979746624, 0.02366376560316063]], "chi2_level": 0.95, "chi2_df": 3, "chi2_threshold": 7.814727903251179, "N_raw": 89, "N_roi": 89, "N_inlier": 84, "refit": true}
{"timestamp": "18:38:53.362922", "frame": 73, "mu": [-1.466244550193768, 1.2896388979065005, 1.4766101748038465], "Sigma": [[0.027029274918592174, 0.012386210733760596, -0.01844454555148145], [0.012386210733760596, 0.010688342892800245, -0.010709642396449922], [-0.018444545551481454, -0.010709642396449922, 0.014905894231313636]], "chi2_level": 0.95, "chi2_df": 3, "chi2_threshold": 7.814727903251179, "N_raw": 89, "N_roi": 89, "N_inlier": 85, "refit": true}
{"timestamp": "18:38:53.419435", "frame": 74, "mu": [-1.4539617376303675, 1.4401250776250956, -0.193958191906877], "Sigma": [[0.028125285410240557, 0.021698176292436595, -0.018859327845344356], [0.021698176292436595, 0.024580190866550205, -0.020735137644578124], [-0.018859327845344356, -0.020735137644578124, 0.020061327507462243]], "chi2_level": 0.95, "chi2_df": 3, "chi2_threshold": 7.814727903251179, "N_raw": 99, "N_roi": 99, "N_inlier": 96, "refit": true}
{"timestamp": "18:38:53.475763", "frame": 75, "mu": [-1.4665155668740133, 1.5194721200109917, -0.3348700310823496], "Sigma": [[0.05082121966374479, 0.038453689485790477, -0.08128452752293286], [0.038453689485790477, 0.039132306835151204, -0.06718331667470215], [-0.08128452752293287, -0.06718331667470215, 0.1773033038062579]], "chi2_level": 0.95, "chi2_df": 3, "chi2_threshold": 7.814727903251179, "N_raw": 102, "N_roi": 102, "N_inlier": 95, "refit": true}
{"timestamp": "18:38:53.523736", "frame": 76, "mu": [-1.7018148817797956, 1.3550353392316068, 1.5926343646130692], "Sigma": [[0.03152337029303398, 0.019446671595310643, -0.04118074166518448], [0.01944667159531064, 0.018343310865188818, -0.02694284397814999], [-0.04118074166518448, -0.026942843978149986, 0.06786783320351161]], "chi2_level": 0.95, "chi2_df": 3, "chi2_threshold": 7.814727903251179, "N_raw": 54, "N_roi": 39, "N_inlier": 34, "refit": true}
{"timestamp": "18:38:53.582151", "frame": 77, "mu": [-1.4160290834860703, 1.7355633274317197, -0.2791667570463572], "Sigma": [[0.015297770962024585, -0.004680786727572533, 0.024066239631709032], [-0.004680786727572533, 0.009691534894023076, -0.025906655045880224], [0.024066239631709035, -0.025906655045880224, 0.09371840644865259]], "chi2_level": 0.95, "chi2_df": 3, "chi2_threshold": 7.814727903251179, "N_raw": 87, "N_roi": 87, "N_inlier": 79, "refit": true}
{"timestamp": "18:38:53.646432", "frame": 78, "mu": [-1.556448126738241, 1.5753186701370532, 1.246272188962211], "Sigma": [[0.041227519882753715, 0.01968393170523941, -0.08779751449457279], [0.01968393170523941, 0.020043106723615114, -0.03472425829236919], [-0.08779751449457279, -0.03472425829236919, 0.27504800633313736]], "chi2_level": 0.95, "chi2_df": 3, "chi2_threshold": 7.814727903251179, "N_raw": 140, "N_roi": 140, "N_inlier": 137, "refit": true}
{"timestamp": "18:38:53.698111", "frame": 79, "mu": [-1.5848925477250928, 1.6054134519985788, 1.2761835059173252], "Sigma": [[0.036495634900478954, 0.02140099674503869, -0.06932270139687222], [0.02140099674503869, 0.0201259278563616, -0.0428982973056673], [-0.06932270139687222, -0.0428982973056673, 0.21172270951201863]], "chi2_level": 0.95, "chi2_df": 3, "chi2_threshold": 7.814727903251179, "N_raw": 117, "N_roi": 117, "N_inlier": 114, "refit": true}
{"timestamp": "18:38:53.746980", "frame": 80, "mu": [-1.5748072247459304, 1.7699289811703225, 1.371719305620724], "Sigma": [[0.019663074375876173, 0.009923066626813557, -0.017030587218355674], [0.009923066626813557, 0.011902302416486673, -0.01218836942082207], [-0.017030587218355674, -0.01218836942082207, 0.07056988816727601]], "chi2_level": 0.95, "chi2_df": 3, "chi2_threshold": 7.814727903251179, "N_raw": 79, "N_roi": 79, "N_inlier": 70, "refit": true}
{"timestamp": "18:38:53.803557", "frame": 81, "mu": [-1.6653530018979603, 1.743066437081791, 1.5872177096693822], "Sigma": [[0.04480808132683535, 0.030716817218187538, -0.04820666225359675], [0.03071681721818754, 0.034245595716153626, -0.03503876473201534], [-0.04820666225359675, -0.03503876473201534, 0.056676567848725504]], "chi2_level": 0.95, "chi2_df": 3, "chi2_threshold": 7.814727903251179, "N_raw": 88, "N_roi": 88, "N_inlier": 82, "refit": true}
{"timestamp": "18:38:53.859691", "frame": 82, "mu": [-1.7324473750639862, 1.7652509188530427, 1.5934397768253916], "Sigma": [[0.0446809788043619, 0.034741301206175745, -0.05211319703672865], [0.034741301206175745, 0.03651466467752957, -0.045149426464307904], [-0.05211319703672865, -0.045149426464307904, 0.08685839908390557]], "chi2_level": 0.95, "chi2_df": 3, "chi2_threshold": 7.814727903251179, "N_raw": 101, "N_roi": 101, "N_inlier": 95, "refit": true}
{"timestamp": "18:38:53.910082", "frame": 83, "mu": [-1.5609686704707977, 2.0363361740108408, -0.34309033344115447], "Sigma": [[0.012497650771799715, 0.003752179704341275, 0.0013476223004788394], [0.003752179704341275, 0.006895123173668346, -0.008957433415513737], [0.0013476223004788399, -0.008957433415513739, 0.01737032605482286]], "chi2_level": 0.95, "chi2_df": 3, "chi2_threshold": 7.814727903251179, "N_raw": 68, "N_roi": 68, "N_inlier": 64, "refit": true}
{"timestamp": "18:38:53.965040", "frame": 84, "mu": [-1.595558847986035, 1.9229236217176822, 1.1604402424117854], "Sigma": [[0.012051087899351191, 0.005712065363148696, -0.0018091258336058063], [0.005712065363148696, 0.006994172133014119, 0.010163021782711848], [-0.0018091258336058054, 0.01016302178271185, 0.08857411258307445]], "chi2_level": 0.95, "chi2_df": 3, "chi2_threshold": 7.814727903251179, "N_raw": 69, "N_roi": 69, "N_inlier": 68, "refit": true}
{"timestamp": "18:38:54.019648", "frame": 85, "mu": [-1.60910101559254, 2.0181586932671687, 1.3089405899933562], "Sigma": [[0.012358639106736777, 0.0031704585772659704, -0.011584008427525425], [0.0031704585772659704, 0.004012397215719383, -0.0002857572631063829], [-0.011584008427525425, -0.0002857572631063829, 0.06329121294030317]], "chi2_level": 0.95, "chi2_df": 3, "chi2_threshold": 7.814727903251179, "N_raw": 63, "N_roi": 63, "N_inlier": 56, "refit": true}
{"timestamp": "18:38:54.070221", "frame": 86, "mu": [-1.6521555657018745, 2.0777930067317802, 1.2476004732311015], "Sigma": [[0.009828046620405786, 0.006218321763204639, 0.0031162531683903445], [0.006218321763204639, 0.00647533258613191, 0.015592763349261898], [0.0031162531683903436, 0.015592763349261898, 0.09406003878820904]], "chi2_level": 0.95, "chi2_df": 3, "chi2_threshold": 7.814727903251179, "N_raw": 37, "N_roi": 37, "N_inlier": 36, "refit": true}
{"timestamp": "18:38:54.130101", "frame": 87, "mu": [-1.672437843280829, 2.1624411844004126, -0.6868278655033064], "Sigma": [[0.010962918985324739, 0.008437643849331055, -0.0044116730778041065], [0.008437643849331055, 0.014138779920026026, 0.015909402569570734], [-0.004411673077804106, 0.015909402569570734, 0.15263669651394626]], "chi2_level": 0.95, "chi2_df": 3, "chi2_threshold": 7.814727903251179, "N_raw": 72, "N_roi": 72, "N_inlier": 64, "refit": true}
{"timestamp": "18:38:54.182927", "frame": 88, "mu": [-1.6315037669079184, 2.1864689932882717, 0.9344715711188161], "Sigma": [[0.012864306752586941, 0.010044476846683767, 0.014778009487846102], [0.010044476846683767, 0.009721006262311697, 0.020958260687384427], [0.0147780094878461, 0.020958260687384427, 0.08371767742188288]], "chi2_level": 0.95, "chi2_df": 3, "chi2_threshold": 7.814727903251179, "N_raw": 52, "N_roi": 51, "N_inlier": 46, "refit": true}
