{"timestamp": "18:26:16.986523", "frame": 4, "mu": [1.7495058404231156, 0.5510776814190566, 0.9704834356222075], "Sigma": [[0.0011543519760417811, -0.0007436985465837596, 8.385278875733509e-05], [-0.0007436985465837595, 0.00809227306370784, -0.008759707836385341], [8.385278875733509e-05, -0.008759707836385341, 0.011223181642020125]], "chi2_level": 0.95, "chi2_df": 3, "chi2_threshold": 7.814727903251179, "N_raw": 10, "N_roi": 10, "N_inlier": 9, "refit": true}
{"timestamp": "18:26:17.043481", "frame": 5, "mu": [1.737408970024352, 0.5575856171250118, 1.1665554085247887], "Sigma": [[0.0014737887035155518, -0.0015572698385904504, -0.0007971790809974862], [-0.0015572698385904501, 0.007913460535761465, -0.007414947133527347], [-0.0007971790809974864, -0.007414947133527348, 0.015512273317734417]], "chi2_level": 0.95, "chi2_df": 3, "chi2_threshold": 7.814727903251179, "N_raw": 23, "N_roi": 23, "N_inlier": 22, "refit": true}
{"timestamp": "18:26:17.099393", "frame": 6, "mu": [0.8543560209927425, 0.449373672603677, 1.1483915078076994], "Sigma": [[2.2741105873950254, 0.06355806455274511, -0.03489102370496395], [0.06355806455274511, 0.006264977700029801, -0.0025764945369538923], [-0.03489102370496394, -0.0025764945369538923, 0.007706496216600601]], "chi2_level": 0.95, "chi2_df": 3, "chi2_threshold": 7.814727903251179, "N_raw": 21, "N_roi": 21, "N_inlier": 20, "refit": true}
{"timestamp": "18:26:17.319650", "frame": 10, "mu": [1.5618784207041185, 0.5076439262881598, 1.1152422867316538], "Sigma": [[0.0007480885307922896, -0.0009016644221903488, -0.00020672961526812107], [-0.0009016644221903486, 0.013844684577648068, -0.012640022564422423], [-0.00020672961526812107, -0.012640022564422423, 0.015432763265431674]], "chi2_level": 0.95, "chi2_df": 3, "chi2_threshold": 7.814727903251179, "N_raw": 22, "N_roi": 22, "N_inlier": 21, "refit": true}
{"timestamp": "18:26:17.374751", "frame": 11, "mu": [1.5174293660502998, 0.4855201079243118, 1.1245488981833516], "Sigma": [[0.0010487079150670066, -0.0008588932088865141, 5.1600081803853954e-05], [-0.0008588932088865142, 0.008071015435815091, -0.007422948626208853], [5.1600081803853954e-05, -0.007422948626208853, 0.00927736613654279]], "chi2_level": 0.95, "chi2_df": 3, "chi2_threshold": 7.814727903251179, "N_raw": 17, "N_roi": 17, "N_inlier": 16, "refit": true}
{"timestamp": "18:26:17.428501", "frame": 12, "mu": [1.4438006695043453, 0.5886337160893289, 1.100935582008082], "Sigma": [[0.001402072509210315, 0.00023164583239068865, -0.002604753885586472], [0.00023164583239068865, 0.009771141860535779, -0.014503848588442088], [-0.002604753885586472, -0.014503848588442086, 0.044882820680308216]], "chi2_level": 0.95, "chi2_df": 3, "chi2_threshold": 7.814727903251179, "N_raw": 8, "N_roi": 8, "N_inlier": 8, "refit": true}
{"timestamp": "18:26:17.483008", "frame": 13, "mu": [1.4677649705091274, 0.519205192379115, 1.1944277028786823], "Sigma": [[0.004072891413287782, -0.0071990384453391, 0.003653856110022727], [-0.0071990384453391, 0.02218829105796907, -0.023620890793028766], [0.003653856110022727, -0.023620890793028766, 0.038553882299461516]], "chi2_level": 0.95, "chi2_df": 3, "chi2_threshold": 7.814727903251179, "N_raw": 12, "N_roi": 12, "N_inlier": 11, "refit": true}
{"timestamp": "18:26:17.537970", "frame": 14, "mu": [1.3918857301658698, 0.6519480235849635, 1.0943019317082565], "Sigma": [[0.000705473359351565, 0.0006558452779586367, -0.003395451443979353], [0.0006558452779586369, 0.0246550930631736, -0.018571045617028145], [-0.003395451443979353, -0.018571045617028145, 0.046174958239303385]], "chi2_level": 0.95, "chi2_df": 3, "chi2_threshold": 7.814727903251179, "N_raw": 8, "N_roi": 8, "N_inlier": 8, "refit": true}
{"timestamp": "18:26:17.593520", "frame": 15, "mu": [1.4321349371626444, 0.4959194041230062, 1.2857340306302407], "Sigma": [[0.004645442947838829, -0.0026050607856111466, -0.003488467617513349], [-0.0026050607856111466, 0.00825532531855011, -0.007698555516382174], [-0.003488467617513349, -0.007698555516382174, 0.023464292279737953]], "chi2_level": 0.95, "chi2_df": 3, "chi2_threshold": 7.814727903251179, "N_raw": 8, "N_roi": 8, "N_inlier": 8, "refit": true}
{"timestamp": "18:26:17.648276", "frame": 16, "mu": [1.3811535140726114, 0.7053949186552331, -0.5848895133021353], "Sigma": [[0.0024079104214767247, 0.002381912603071929, -0.004809415187543712], [0.002381912603071929, 0.016863505143981286, -0.020488716870961425], [-0.004809415187543712, -0.020488716870961425, 0.028288487419256415]], "chi2_level": 0.95, "chi2_df": 3, "chi2_threshold": 7.814727903251179, "N_raw": 9, "N_roi": 9, "N_inlier": 8, "refit": true}
{"timestamp": "18:26:17.703648", "frame": 17, "mu": [1.3296985702675028, 0.5386037480905438, 1.1844641411753123], "Sigma": [[0.001820553193768009, -0.0004888646554134643, -0.006368654496954153], [-0.0004888646554134643, 0.004040177363069088, -0.005383549860234852], [-0.006368654496954153, -0.005383549860234852, 0.04501019853597711]], "chi2_level": 0.95, "chi2_df": 3, "chi2_threshold": 7.814727903251179, "N_raw": 9, "N_roi": 9, "N_inlier": 8, "refit": true}
{"timestamp": "18:26:17.760552", "frame": 18, "mu": [1.337335484357576, 0.5185764765621336, 1.217764421042664], "Sigma": [[0.0034953144700143645, -0.0012817605207782953, -0.0061804158006813215], [-0.0012817605207782953, 0.0022585636451065445, 0.001416123624671538], [-0.0061804158006813215, 0.001416123624671538, 0.01612101990325824]], "chi2_level": 0.95, "chi2_df": 3, "chi2_threshold": 7.814727903251179, "N_raw": 22, "N_roi": 22, "N_inlier": 20, "refit": true}
{"timestamp": "18:26:17.815239", "frame": 19, "mu": [1.3211415523394219, 0.5293757875012869, 1.17939422680831], "Sigma": [[0.0016002988324384283, -0.00046036136872929857, -0.003009315283329959], [-0.00046036136872929846, 0.003335324166989394, -0.0017519759844927072], [-0.0030093152833299587, -0.0017519759844927074, 0.01083718456743084]], "chi2_level": 0.95, "chi2_df": 3, "chi2_threshold": 7.814727903251179, "N_raw": 15, "N_roi": 15, "N_inlier": 14, "refit": true}
{"timestamp": "18:26:17.868252", "frame": 20, "mu": [1.2490120855393378, 0.5541660336341365, 1.1810836339952095], "Sigma": [[0.001909607929002019, 0.0015360576837762103, -0.006001655325058087], [0.0015360576837762103, 0.0021051862389324535, -0.003474840300910684], [-0.006001655325058087, -0.0034748403009106843, 0.02677915855080324]], "chi2_level": 0.95, "chi2_df": 3, "chi2_threshold": 7.814727903251179, "N_raw": 8, "N_roi": 8, "N_inlier": 7, "refit": true}
{"timestamp": "18:26:17.922720", "frame": 21, "mu": [1.2057738435554963, 0.5361127224093464, 1.1756946089965807], "Sigma": [[0.0026478756346150095, 0.001233108170736496, -0.00684277542394422], [0.0012331081707364962, 0.0024567611777011624, -0.010952286375327979], [-0.00684277542394422, -0.010952286375327979, 0.07180366945896877]], "chi2_level": 0.95, "chi2_df": 3, "chi2_threshold": 7.814727903251179, "N_raw": 7, "N_roi": 7, "N_inlier": 7, "refit": true}
{"timestamp": "18:26:17.978198", "frame": 22, "mu": [1.1245931793256692, 0.5486172583222757, 1.3948773149338451], "Sigma": [[0.0037368585904990603, 0.0009598133684069239, -0.004631750008745017], [0.000959813368406924, 0.0005142737100955394, -0.00122768908076441], [-0.004631750008745018, -0.00122768908076441, 0.006906732280672244]], "chi2_level": 0.95, "chi2_df": 3, "chi2_threshold": 7.814727903251179, "N_raw": 9, "N_roi": 9, "N_inlier": 9, "refit": true}
{"timestamp": "18:26:18.034376", "frame": 23, "mu": [1.0941953629087777, 0.5043530698186706, 1.35131704117458], "Sigma": [[0.004436619717267823, -0.003725540798373175, -0.0036279939986176993], [-0.0037255407983731756, 0.0034914633207475164, 0.0026773289028221734], [-0.0036279939986176993, 0.002677328902822174, 0.0037936325351173605]], "chi2_level": 0.95, "chi2_df": 3, "chi2_threshold": 7.814727903251179, "N_raw": 18, "N_roi": 18, "N_inlier": 16, "refit": true}
{"timestamp": "18:26:18.089015", "frame": 24, "mu": [1.0395892589785984, 0.7665913312729442, -0.8254698602963282], "Sigma": [[0.01630431698153308, -0.019679258782332443, 0.0437424691720041], [-0.019679258782332443, 0.0381140933580212, -0.09080982552024242], [0.043742469172004105, -0.09080982552024242, 0.24633430303106693]], "chi2_level": 0.95, "chi2_df": 3, "chi2_threshold": 7.814727903251179, "N_raw": 11, "N_roi": 11, "N_inlier": 11, "refit": true}
{"timestamp": "18:26:18.145340", "frame": 25, "mu": [0.9917328164795493, 0.5765447474957806, 1.0550637437691937], "Sigma": [[0.003236303368091664, -0.0004308421617882105, -0.01164288652960234], [-0.00043084216178821056, 0.004403113339018556, 0.007563485266687047], [-0.011642886529602343, 0.007563485266687046, 0.13515974503984138]], "chi2_level": 0.95, "chi2_df": 3, "chi2_threshold": 7.814727903251179, "N_raw": 21, "N_roi": 21, "N_inlier": 18, "refit": true}
{"timestamp": "18:26:18.201136", "frame": 26, "mu": [0.9156569377570318, 0.5752971101316466, 1.415550429708431], "Sigma": [[0.003717430769831922, -0.0018372746095035083, -0.0037737753445976512], [-0.0018372746095035083, 0.0028530896929399073, 0.0005803950474395482], [-0.0037737753445976512, 0.0005803950474395482, 0.006918633042513791]], "chi2_level": 0.95, "chi2_df": 3, "chi2_threshold": 7.814727903251179, "N_raw": 26, "N_roi": 26, "N_inlier": 24, "refit": true}
{"timestamp": "18:26:18.256364", "frame": 27, "mu": [0.9260962129426744, 0.5276439930757898, 1.3966126780591825], "Sigma": [[0.005042984219547713, -0.0028705635169389487, -0.005968740250372069], [-0.0028705635169389487, 0.003620002497406315, 0.00226534567700572], [-0.005968740250372069, 0.00226534567700572, 0.008949716907976689]], "chi2_level": 0.95, "chi2_df": 3, "chi2_threshold": 7.814727903251179, "N_raw": 30, "N_roi": 30, "N_inlier": 28, "refit": true}
{"timestamp": "18:26:18.310337", "frame": 28, "mu": [0.8357037120984898, 0.5995285098783704, 1.422919360504093], "Sigma": [[0.002243948060769281, -0.0014127113872061765, -0.0018950613937400184], [-0.0014127113872061765, 0.0025984968302812713, 0.00045518312838326074], [-0.0018950613937400184, 0.0004551831283832609, 0.003933802705807264]], "chi2_level": 0.95, "chi2_df": 3, "chi2_threshold": 7.814727903251179, "N_raw": 28, "N_roi": 28, "N_inlier": 26, "refit": true}
{"timestamp": "18:26:18.366170", "frame": 29, "mu": [0.833895023273186, 0.6663313251881646, 1.3339661649061334], "Sigma": [[0.007192738486617288, 0.002466658356015387, -0.014241207845425399], [0.0024666583560153874, 0.0031411998793989477, -0.0071403705855991925], [-0.014241207845425399, -0.0071403705855991925, 0.03591018843951006]], "chi2_level": 0.95, "chi2_df": 3, "chi2_threshold": 7.814727903251179, "N_raw": 22, "N_roi": 22, "N_inlier": 21, "refit": true}
{"timestamp": "18:26:18.425110", "frame": 30, "mu": [0.8224654637638561, 0.7402050627391193, -0.4434119030350725], "Sigma": [[0.004550129963551576, -0.0001589693494905931, -0.005127353955943501], [-0.00015896934949059327, 0.0032864611315499385, -0.002135016939971433], [-0.005127353955943501, -0.002135016939971433, 0.00821539780156444]], "chi2_level": 0.95, "chi2_df": 3, "chi2_threshold": 7.814727903251179, "N_raw": 60, "N_roi": 60, "N_inlier": 54, "refit": true}
{"timestamp": "18:26:18.475855", "frame": 31, "mu": [0.7558012994230678, 0.5807081848806909, 1.3621827457579347], "Sigma": [[0.0019984575745589954, 0.0012943459099104195, -0.0025131119454039302], [0.0012943459099104195, 0.02119321128330275, 0.015693243710154008], [-0.00251311194540393, 0.015693243710154008, 0.05875231579865796]], "chi2_level": 0.95, "chi2_df": 3, "chi2_threshold": 7.814727903251179, "N_raw": 23, "N_roi": 23, "N_inlier": 20, "refit": true}
{"timestamp": "18:26:18.538007", "frame": 32, "mu": [0.7555453555526535, 0.6036695889254251, 1.329597172726269], "Sigma": [[0.0045597885762729065, -0.0017278138143381311, -0.006896472690716129], [-0.0017278138143381311, 0.001918763189907147, 0.001796770745203747], [-0.006896472690716129, 0.001796770745203747, 0.01774789036352511]], "chi2_level": 0.95, "chi2_df": 3, "chi2_threshold": 7.814727903251179, "N_raw": 71, "N_roi": 70, "N_inlier": 63, "refit": true}
{"timestamp": "18:26:18.590254", "frame": 33, "mu": [0.718022690092671, 0.5601101058200347, 1.3149708647616163], "Sigma": [[0.003439408722676923, -0.0015025206955591023, -0.007964550833980812], [-0.0015025206955591023, 0.009177439779520492, 0.02705319944646577], [-0.007964550833980812, 0.027053199446465774, 0.11946510471306356]], "chi2_level": 0.95, "chi2_df": 3, "chi2_threshold": 7.814727903251179, "N_raw": 39, "N_roi": 39, "N_inlier": 34, "refit": true}
{"timestamp": "18:26:18.642538", "frame": 34, "mu": [0.680141317654274, 0.5881869830763113, 1.4132842299307282], "Sigma": [[0.0019157985933978088, -0.0007358822827829751, -0.0014720206491893161], [-0.0007358822827829751, 0.002265686429247683, -0.002238410783168469], [-0.0014720206491893163, -0.002238410783168469, 0.013690834639944225]], "chi2_level": 0.95, "chi2_df": 3, "chi2_threshold": 7.814727903251179, "N_raw": 36, "N_roi": 36, "N_inlier": 30, "refit": true}
{"timestamp": "18:26:18.700107", "frame": 35, "mu": [0.6914962898957632, 0.5705411126903877, 1.348979157409715], "Sigma": [[0.0027064144175001073, -0.0007173059083110649, -0.001565618789706707], [-0.0007173059083110648, 0.0021595403767079484, 1.3789740900226749e-05], [-0.0015656187897067073, 1.3789740900226749e-05, 0.014258671566772735]], "chi2_level": 0.95, "chi2_df": 3, "chi2_threshold": 7.814727903251179, "N_raw": 53, "N_roi": 51, "N_inlier": 45, "refit": true}
{"timestamp": "18:26:18.752524", "frame": 36, "mu": [0.6402463331811419, 0.5314805350595676, 1.2686188817204125], "Sigma": [[0.002269093042313531, 0.0010399884731556856, 0.009037478395743708], [0.0010399884731556856, 0.0021341405553309874, 0.0032459958629660226], [0.009037478395743708, 0.0032459958629660226, 0.07703419318129556]], "chi2_level": 0.95, "chi2_df": 3, "chi2_threshold": 7.814727903251179, "N_raw": 23, "N_roi": 21, "N_inlier": 19, "refit": true}
{"timestamp": "18:26:18.806369", "frame": 37, "mu": [0.6265713542742037, 0.5481724542709856, 1.3372776593788953], "Sigma": [[0.003071691612343013, -0.0018758381388531433, -0.006456588266190704], [-0.0018758381388531433, 0.0024396976975823875, 0.003376284160844613], [-0.006456588266190704, 0.003376284160844613, 0.02506549349983906]], "chi2_level": 0.95, "chi2_df": 3, "chi2_threshold": 7.814727903251179, "N_raw": 34, "N_roi": 34, "N_inlier": 32, "refit": true}
{"timestamp": "18:26:18.866688", "frame": 38, "mu": [0.5740798192529247, 0.6132150755544307, 1.226205408851185], "Sigma": [[0.002194903704295513, -0.0018268776938610944, -0.0010568346486809718], [-0.0018268776938610944, 0.003589336783778952, -0.0028875410238615095], [-0.0010568346486809716, -0.0028875410238615095, 0.024083080363557947]], "chi2_level": 0.95, "chi2_df": 3, "chi2_threshold": 7.814727903251179, "N_raw": 63, "N_roi": 63, "N_inlier": 59, "refit": true}
{"timestamp": "18:26:18.921827", "frame": 39, "mu": [0.5801188114520108, 0.4893316177076913, 1.2024575272069227], "Sigma": [[0.003617111538728366, 0.001958181035009062, 0.0030969376022590123], [0.0019581810350090623, 0.011012826286928784, 0.01740547111035685], [0.0030969376022590128, 0.01740547111035685, 0.060771333035888955]], "chi2_level": 0.95, "chi2_df": 3, "chi2_threshold": 7.814727903251179, "N_raw": 57, "N_roi": 55, "N_inlier": 51, "refit": true}
{"timestamp": "18:26:18.971505", "frame": 40, "mu": [0.5012209128044507, 0.7164123273173403, -0.6143676182126128], "Sigma": [[0.005360151646318931, 0.0021597066550283514, 0.0012078664485457163], [0.0021597066550283514, 0.0025735566073953374, 0.0007747405307887086], [0.001207866448545716, 0.0007747405307887083, 0.028352588290195043]], "chi2_level": 0.95, "chi2_df": 3, "chi2_threshold": 7.814727903251179, "N_raw": 35, "N_roi": 35, "N_inlier": 34, "refit": true}
{"timestamp": "18:26:19.029067", "frame": 41, "mu": [0.4146490191927842, 0.6168426969558446, 1.421376322866106], "Sigma": [[0.0021106850018049574, -0.0006544687945905557, -0.002126825524863204], [-0.0006544687945905557, 0.0033960698349618347, 0.00018721398794372177], [-0.002126825524863204, 0.0001872139879437219, 0.006013357841457835]], "chi2_level": 0.95, "chi2_df": 3, "chi2_threshold": 7.814727903251179, "N_raw": 55, "N_roi": 55, "N_inlier": 51, "refit": true}
{"timestamp": "18:26:19.086338", "frame": 42, "mu": [0.3964306242603854, 0.6278276798538835, 1.4353404269296668], "Sigma": [[0.003639681451113909, -0.0005517308705590903, -0.00305833664083503], [-0.0005517308705590902, 0.002793273597655654, 0.0006400999276441248], [-0.00305833664083503, 0.0006400999276441248, 0.005068160978726207]], "chi2_level": 0.95, "chi2_df": 3, "chi2_threshold": 7.814727903251179, "N_raw": 59, "N_roi": 59, "N_inlier": 55, "refit": true}
{"timestamp": "18:26:19.133977", "frame": 43, "mu": [0.367347649840714, 0.5206731053538552, 1.2466881320920193], "Sigma": [[0.0053377590695654255, 0.012248100407097062, 0.01698311384005129], [0.012248100407097062, 0.034317820759124054, 0.0409852889348949], [0.01698311384005129, 0.0409852889348949, 0.059338541423302534]], "chi2_level": 0.95, "chi2_df": 3, "chi2_threshold": 7.814727903251179, "N_raw": 12, "N_roi": 12, "N_inlier": 11, "refit": true}
{"timestamp": "18:26:19.196456", "frame": 44, "mu": [0.3243853497205113, 0.6240971623571325, 1.4363237846611543], "Sigma": [[0.0021399671010575595, 0.0006698515171520968, -0.0013632180039567171], [0.0006698515171520969, 0.002251659433758002, -0.0024082606820437476], [-0.0013632180039567171, -0.0024082606820437476, 0.0030514069483057087]], "chi2_level": 0.95, "chi2_df": 3, "chi2_threshold": 7.814727903251179, "N_raw": 68, "N_roi": 68, "N_inlier": 62, "refit": true}
{"timestamp": "18:26:19.253605", "frame": 45, "mu": [0.251137882777558, 0.7224037865481825, -0.2917703055124043], "Sigma": [[0.009350978939987974, -0.0035873836530826253, 0.05364327578406691], [-0.0035873836530826257, 0.008338576953703903, -0.05211012575117508], [0.05364327578406691, -0.05211012575117508, 0.6880707479828985]], "chi2_level": 0.95, "chi2_df": 3, "chi2_threshold": 7.814727903251179, "N_raw": 83, "N_roi": 83, "N_inlier": 81, "refit": true}
{"timestamp": "18:26:19.300372", "frame": 46, "mu": [0.2534970394282223, 0.631617936181779, 1.2942753354960044], "Sigma": [[0.008816825727690958, -0.0023622771436149206, 0.007137664289196275], [-0.0023622771436149206, 0.0034625828382187766, -0.005746606713455178], [0.007137664289196275, -0.005746606713455178, 0.014622544776756216]], "chi2_level": 0.95, "chi2_df": 3, "chi2_threshold": 7.814727903251179, "N_raw": 16, "N_roi": 16, "N_inlier": 15, "refit": true}
{"timestamp": "18:26:19.361926", "frame": 47, "mu": [0.2185793720323801, 0.6109245989306525, 1.4333927989901345], "Sigma": [[0.0015053366093001508, 0.0001817567958275566, -0.0012602595399609842], [0.00018175679582755667, 0.002684421199909622, -0.0016242766328457563], [-0.0012602595399609845, -0.0016242766328457563, 0.0040643725328665]], "chi2_level": 0.95, "chi2_df": 3, "chi2_threshold": 7.814727903251179, "N_raw": 65, "N_roi": 65, "N_inlier": 58, "refit": true}
{"timestamp": "18:26:19.415789", "frame": 48, "mu": [0.10511655586603447, 0.5720972986441524, 1.2248575690946353], "Sigma": [[0.013513095246230759, 0.006276512980674392, 0.0322187018193485], [0.006276512980674393, 0.005139943172243954, 0.0158090905899091], [0.0322187018193485, 0.0158090905899091, 0.08980872467342627]], "chi2_level": 0.95, "chi2_df": 3, "chi2_threshold": 7.814727903251179, "N_raw": 55, "N_roi": 55, "N_inlier": 50, "refit": true}
{"timestamp": "18:26:19.475745", "frame": 49, "mu": [0.16721139385025224, 0.5777395755616795, 1.2864141440684418], "Sigma": [[0.005096456103388968, -0.00188696190689617, -0.0029996250064543975], [-0.00188696190689617, 0.004768159865727763, 0.004644916783051003], [-0.002999625006454398, 0.004644916783051003, 0.028174413170993475]], "chi2_level": 0.95, "chi2_df": 3, "chi2_threshold": 7.814727903251179, "N_raw": 87, "N_roi": 87, "N_inlier": 82, "refit": true}
{"timestamp": "18:26:19.523883", "frame": 50, "mu": [0.15046955597635783, 0.5444749502773195, 1.1820068430660475], "Sigma": [[0.00136616487262461, 6.406435510913223e-05, -0.0013152720723925563], [6.406435510913223e-05, 0.0008350114653806363, -0.0012885002300564749], [-0.0013152720723925563, -0.0012885002300564749, 0.005985973438900041]], "chi2_level": 0.95, "chi2_df": 3, "chi2_threshold": 7.814727903251179, "N_raw": 43, "N_roi": 43, "N_inlier": 38, "refit": true}
{"timestamp": "18:26:19.578513", "frame": 51, "mu": [0.01486008287522137, 0.6837694225294938, -0.4341937917409433], "Sigma": [[0.0018845053342022766, 0.0008292123255986384, 0.002345359930308835], [0.0008292123255986383, 0.002502266902629389, 4.14443194784264e-05], [0.002345359930308835, 4.1444319478426426e-05, 0.014577625666203122]], "chi2_level": 0.95, "chi2_df": 3, "chi2_threshold": 7.814727903251179, "N_raw": 46, "N_roi": 46, "N_inlier": 40, "refit": true}
{"timestamp": "18:26:19.640461", "frame": 52, "mu": [0.036918051404729486, 0.5753142875342148, 1.3616123240104385], "Sigma": [[0.0032794777419232124, 0.0010066467817802136, -0.0029887203005449395], [0.0010066467817802136, 0.000943604864711721, -0.0015045337568951348], [-0.0029887203005449395, -0.0015045337568951348, 0.010382062602680221]], "chi2_level": 0.95, "chi2_df": 3, "chi2_threshold": 7.814727903251179, "N_raw": 95, "N_roi": 95, "N_inlier": 91, "refit": true}
{"timestamp": "18:26:19.696239", "frame": 53, "mu": [-0.03652205124534673, 0.737962339216802, -0.5613775912508174], "Sigma": [[0.0023013456650830084, 0.00017263690067358342, -0.002373796062374971], [0.00017263690067358342, 0.0030847560067986646, -0.004622377589307754], [-0.002373796062374971, -0.004622377589307754, 0.015911234747644908]], "chi2_level": 0.95, "chi2_df": 3, "chi2_threshold": 7.814727903251179, "N_raw": 87, "N_roi": 87, "N_inlier": 78, "refit": true}
{"timestamp": "18:26:19.752038", "frame": 54, "mu": [-0.0842268445563641, 0.5406295656324644, 1.2840435036045212], "Sigma": [[0.001705389123110057, -4.746998266276259e-05, -0.0008992916369730627], [-4.746998266276259e-05, 0.0010406090746601095, -0.0023218637369160806], [-0.0008992916369730628, -0.0023218637369160806, 0.01325932751659427]], "chi2_level": 0.95, "chi2_df": 3, "chi2_threshold": 7.814727903251179, "N_raw": 100, "N_roi": 100, "N_inlier": 93, "refit": true}
{"timestamp": "18:26:19.805086", "frame": 55, "mu": [-0.10919078146839303, 0.5112687525790884, 1.2131717201280323], "Sigma": [[0.001496004367353783, -0.0007121604103616052, -0.00035865249162830837], [-0.0007121604103616051, 0.004021699469587056, -0.0038028800245463565], [-0.00035865249162830837, -0.0038028800245463565, 0.006531744113267295]], "chi2_level": 0.95, "chi2_df": 3, "chi2_threshold": 7.814727903251179, "N_raw": 80, "N_roi": 80, "N_inlier": 76, "refit": true}
{"timestamp": "18:26:19.853986", "frame": 56, "mu": [-0.14173384318679264, 0.5687775540261111, 1.3003242392807588], "Sigma": [[0.003938790421049172, 0.0010635043998899938, -0.013136612089141061], [0.0010635043998899938, 0.001816415136873309, -0.0053081176443000744], [-0.013136612089141061, -0.0053081176443000744, 0.11191396821150326]], "chi2_level": 0.95, "chi2_df": 3, "chi2_threshold": 7.814727903251179, "N_raw": 46, "N_roi": 46, "N_inlier": 41, "refit": true}
{"timestamp": "18:26:19.911125", "frame": 57, "mu": [-0.20943942461051496, 0.6805259119217052, -0.4188490405387543], "Sigma": [[0.001309394474249673, -0.00025242517029092434, -0.00023123933926065765], [-0.00025242517029092434, 0.0028189546620389916, -0.004261587716017569], [-0.00023123933926065765, -0.004261587716017569, 0.01030354968587358]], "chi2_level": 0.95, "chi2_df": 3, "chi2_threshold": 7.814727903251179, "N_raw": 61, "N_roi": 59, "N_inlier": 51, "refit": true}
{"timestamp": "18:26:19.971773", "frame": 58, "mu": [-0.2398846887404356, 0.6269406047761079, -0.21016021695915435], "Sigma": [[0.0023403632607267863, -0.0021728200646039895, 0.012102101633223202], [-0.0021728200646039895, 0.005263846612358816, -0.03448946657693462], [0.012102101633223202, -0.034489466576934615, 0.3187711941222572]], "chi2_level": 0.95, "chi2_df": 3, "chi2_threshold": 7.814727903251179, "N_raw": 101, "N_roi": 101, "N_inlier": 91, "refit": true}
{"timestamp": "18:26:20.035461", "frame": 59, "mu": [-0.30993056018358184, 0.5599138693956839, 1.2991224104591033], "Sigma": [[0.013114271695712993, -0.004598917576130271, 0.013496205979534935], [-0.004598917576130271, 0.0023892407224849798, -0.005382872849307939], [0.013496205979534935, -0.0053828728493079386, 0.031988369344652226]], "chi2_level": 0.95, "chi2_df": 3, "chi2_threshold": 7.814727903251179, "N_raw": 98, "N_roi": 98, "N_inlier": 94, "refit": true}
{"timestamp": "18:26:20.078401", "frame": 60, "mu": [-0.31613149995755035, 0.5119421283329533, 1.3307225572585728], "Sigma": [[0.0014655228945807453, -0.0007212799201614533, -0.0009137405813128554], [-0.0007212799201614533, 0.0008547594312396798, -4.4098363611168976e-05], [-0.0009137405813128553, -4.409836361116896e-05, 0.01170708315938172]], "chi2_level": 0.95, "chi2_df": 3, "chi2_threshold": 7.814727903251179, "N_raw": 76, "N_roi": 76, "N_inlier": 69, "refit": true}
{"timestamp": "18:26:20.129688", "frame": 61, "mu": [-0.3387152205870949, 0.5167191914845076, 1.3512051740556448], "Sigma": [[0.0016324666587854166, -0.0009140289265927746, -0.000641792317172418], [-0.0009140289265927746, 0.0008227887001043127, -0.0004787500739639855], [-0.0006417923171724181, -0.00047875007396398555, 0.005671345291768805]], "chi2_level": 0.95, "chi2_df": 3, "chi2_threshold": 7.814727903251179, "N_raw": 53, "N_roi": 53, "N_inlier": 50, "refit": true}
{"timestamp": "18:26:20.186167", "frame": 62, "mu": [-0.3671935066975386, 0.5368159512595928, -0.6606930295287322], "Sigma": [[0.0013946975745209298, -0.0003921271935076268, -0.0011256207262662782], [-0.0003921271935076268, 0.0008442875195196466, -0.0006445247300262211], [-0.0011256207262662782, -0.000644524730026221, 0.010606230611389057]], "chi2_level": 0.95, "chi2_df": 3, "chi2_threshold": 7.814727903251179, "N_raw": 62, "N_roi": 62, "N_inlier": 55, "refit": true}
{"timestamp": "18:26:20.240408", "frame": 63, "mu": [-0.4204461861729763, 0.5559947473431383, 1.3437070201899608], "Sigma": [[0.001977991223865434, -0.0008625379155120874, 0.0003098779409363126], [-0.0008625379155120874, 0.0008056021680081935, -0.0010713346025417881], [0.0003098779409363127, -0.0010713346025417881, 0.011364034727984368]], "chi2_level": 0.95, "chi2_df": 3, "chi2_threshold": 7.814727903251179, "N_raw": 53, "N_roi": 53, "N_inlier": 47, "refit": true}
{"timestamp": "18:26:20.290608", "frame": 64, "mu": [-0.45947328085396894, 0.593774154883951, 1.224758824037851], "Sigma": [[0.010169646573397808, -0.0009418900945421504, 0.011046698904914132], [-0.0009418900945421503, 0.002774299552432683, -0.012615800420526764], [0.011046698904914132, -0.012615800420526764, 0.0748023946596329]], "chi2_level": 0.95, "chi2_df": 3, "chi2_threshold": 7.814727903251179, "N_raw": 22, "N_roi": 22, "N_inlier": 18, "refit": true}
{"timestamp": "18:26:20.351347", "frame": 65, "mu": [-0.4857824045707621, 0.5947728691660839, 1.1970064026073441], "Sigma": [[0.012408596517346758, -0.001992854018440306, 0.011341481269520694], [-0.001992854018440306, 0.0013917875730517502, -0.002507817616239328], [0.011341481269520694, -0.0025078176162393277, 0.015290230282876932]], "chi2_level": 0.95, "chi2_df": 3, "chi2_threshold": 7.814727903251179, "N_raw": 68, "N_roi": 68, "N_inlier": 60, "refit": true}
{"timestamp": "18:26:20.405088", "frame": 66, "mu": [-0.7622518425430468, 0.573030521682495, 1.3217421158406946], "Sigma": [[0.006947723873910177, 0.0012903178901280269, -0.00597906010548246], [0.0012903178901280269, 0.00447370094957186, -0.017693431969081325], [-0.005979060105482461, -0.017693431969081325, 0.08621631197659518]], "chi2_level": 0.95, "chi2_df": 3, "chi2_threshold": 7.814727903251179, "N_raw": 49, "N_roi": 49, "N_inlier": 45, "refit": true}
{"timestamp": "18:26:20.459701", "frame": 67, "mu": [-0.6211394789978917, 0.5119655396506669, 1.3571406878051568], "Sigma": [[0.0241218517805908, 0.004348061079416498, -0.027555231526083995], [0.004348061079416498, 0.0013620636514586509, -0.005997845910540336], [-0.027555231526083995, -0.005997845910540335, 0.03854906598788866]], "chi2_level": 0.95, "chi2_df": 3, "chi2_threshold": 7.814727903251179, "N_raw": 54, "N_roi": 54, "N_inlier": 50, "refit": true}
{"timestamp": "18:26:20.519176", "frame": 68, "mu": [-0.6489363186067892, 0.5130937392429485, 1.3027201180573305], "Sigma": [[0.021482318610926643, 0.004590043614469488, -0.015279032337533149], [0.004590043614469488, 0.0028566786104824537, -0.0078393254051423], [-0.01527903233753315, -0.0078393254051423, 0.025678729575626724]], "chi2_level": 0.95, "chi2_df": 3, "chi2_threshold": 7.814727903251179, "N_raw": 78, "N_roi": 78, "N_inlier": 70, "refit": true}
{"timestamp": "18:26:20.573872", "frame": 69, "mu": [-0.7794604819325144, 0.4929319743117079, 1.3502480117432827], "Sigma": [[0.037781184403831866, 0.0052066249548736385, -0.01757138715000442], [0.0052066249548736385, 0.0020219901275266654, -0.0033301045321197436], [-0.017571387150004423, -0.0033301045321197428, 0.049440682874492464]], "chi2_level": 0.95, "chi2_df": 3, "chi2_threshold": 7.814727903251179, "N_raw": 75, "N_roi": 75, "N_inlier": 72, "refit": true}
{"timestamp": "18:26:20.630789", "frame": 70, "mu": [-0.9159059120415154, 0.5746795111634566, -0.329698971648434], "Sigma": [[0.014514662771069617, 0.0013251853139983729, 0.00816848973799241], [0.0013251853139983727, 0.004398363150137247, -0.005783817081013271], [0.008168489737992411, -0.005783817081013271, 0.02455391731669128]], "chi2_level": 0.95, "chi2_df": 3, "chi2_threshold": 7.814727903251179, "N_raw": 58, "N_roi": 58, "N_inlier": 53, "refit": true}
{"timestamp": "18:26:20.690831", "frame": 71, "mu": [-0.9511263899700166, 0.4387885441213822, 1.3384928357821129], "Sigma": [[0.042452222330332794, 0.011677876892625321, 0.0087015419821956], [0.011677876892625321, 0.006813312801147738, 0.003567790100585293], [0.0087015419821956, 0.003567790100585293, 0.018829873873773308]], "chi2_level": 0.95, "chi2_df": 3, "chi2_threshold": 7.814727903251179, "N_raw": 125, "N_roi": 125, "N_inlier": 117, "refit": true}
{"timestamp": "18:26:20.745538", "frame": 72, "mu": [-1.020230910335393, 0.4660815469425592, 1.383271786263628], "Sigma": [[0.041381140570392626, 0.009630022200860597, 0.01879753838048711], [0.009630022200860597, 0.0047165584723044785, 0.0026770121273049863], [0.01879753838048711, 0.0026770121273049863, 0.018089565573050193]], "chi2_level": 0.95, "chi2_df": 3, "chi2_threshold": 7.814727903251179, "N_raw": 125, "N_roi": 125, "N_inlier": 111, "refit": true}
{"timestamp": "18:26:20.797705", "frame": 73, "mu": [-0.9819965624639523, 0.39880670507467664, 1.3106794842169995], "Sigma": [[0.025439313991089074, 0.0026497035426572154, 0.004691956818035723], [0.002649703542657215, 0.005586646251864507, 0.0028480704738558446], [0.004691956818035723, 0.0028480704738558446, 0.017098752271769053]], "chi2_level": 0.95, "chi2_df": 3, "chi2_threshold": 7.814727903251179, "N_raw": 108, "N_roi": 108, "N_inlier": 99, "refit": true}
{"timestamp": "18:26:20.850814", "frame": 74, "mu": [-0.967104213213003, 0.4662767626354409, 1.4132695668075743], "Sigma": [[0.008864544739329745, 0.004208181414907522, 0.0021756371595547603], [0.004208181414907522, 0.003908299458058187, 8.078885603808359e-06], [0.0021756371595547603, 8.078885603808359e-06, 0.011564958099945366]], "chi2_level": 0.95, "chi2_df": 3, "chi2_threshold": 7.814727903251179, "N_raw": 88, "N_roi": 88, "N_inlier": 86, "refit": true}
{"timestamp": "18:26:20.904323", "frame": 75, "mu": [-1.0181338262338975, 0.4444366393664083, 1.4043700052056884], "Sigma": [[0.008677658772353167, 0.00224333636148542, -0.001223198163854018], [0.0022433363614854196, 0.00527143174957305, -0.003979330540152323], [-0.0012231981638540178, -0.003979330540152324, 0.005904229043960802]], "chi2_level": 0.95, "chi2_df": 3, "chi2_threshold": 7.814727903251179, "N_raw": 74, "N_roi": 74, "N_inlier": 72, "refit": true}
{"timestamp": "18:26:20.959429", "frame": 76, "mu": [-1.0471688628345839, 0.508699005447907, -0.569121754367889], "Sigma": [[0.009131525971129794, 0.008500342092619299, 0.003945198707666734], [0.008500342092619297, 0.018733720483370374, 0.002959778021854763], [0.003945198707666734, 0.002959778021854763, 0.005714255440407462]], "chi2_level": 0.95, "chi2_df": 3, "chi2_threshold": 7.814727903251179, "N_raw": 85, "N_roi": 85, "N_inlier": 80, "refit": true}
{"timestamp": "18:26:21.012963", "frame": 77, "mu": [-1.0935467912419203, 0.4537204974408964, 1.4144574531140819], "Sigma": [[0.007609821319581752, 0.004122542548883192, 0.0017368095801512074], [0.004122542548883192, 0.005628405375427015, -0.002459624290585377], [0.0017368095801512072, -0.002459624290585377, 0.0062927051533202775]], "chi2_level": 0.95, "chi2_df": 3, "chi2_threshold": 7.814727903251179, "N_raw": 70, "N_roi": 70, "N_inlier": 66, "refit": true}
{"timestamp": "18:26:21.064709", "frame": 78, "mu": [-1.1448088490475377, 0.48325072029252636, 1.5128329467961241], "Sigma": [[0.0072681739143189905, 0.0028304687334498096, 0.0010736637564384521], [0.0028304687334498096, 0.00418003142907946, -0.002678739433034325], [0.0010736637564384523, -0.002678739433034325, 0.0068602979122186335]], "chi2_level": 0.95, "chi2_df": 3, "chi2_threshold": 7.814727903251179, "N_raw": 58, "N_roi": 58, "N_inlier": 57, "refit": true}
{"timestamp": "18:26:21.120457", "frame": 79, "mu": [-1.1677802709601146, 0.3905829771800409, 1.3597219489588486], "Sigma": [[0.007323745994993379, 0.0044995583154872785, 0.001686694137293927], [0.004499558315487279, 0.0050321419919569, -0.0020447985322095065], [0.0016866941372939267, -0.0020447985322095065, 0.0073413275945910855]], "chi2_level": 0.95, "chi2_df": 3, "chi2_threshold": 7.814727903251179, "N_raw": 64, "N_roi": 64, "N_inlier": 58, "refit": true}
{"timestamp": "18:26:21.175928", "frame": 80, "mu": [-1.2188077173542602, 0.4311044803186712, 1.3951983077418675], "Sigma": [[0.005875121560077293, 0.0038895939856709283, 0.001335963698388826], [0.0038895939856709288, 0.005439563757492696, -0.0026765064657069708], [0.001335963698388826, -0.0026765064657069708, 0.007781249499608286]], "chi2_level": 0.95, "chi2_df": 3, "chi2_threshold": 7.814727903251179, "N_raw": 56, "N_roi": 56, "N_inlier": 52, "refit": true}
{"timestamp": "18:26:21.232153", "frame": 81, "mu": [-1.2569826229568921, 0.44985655392429974, 1.353399467488365], "Sigma": [[0.007288237572621487, 0.003798913881032754, -0.0013244742985449366], [0.003798913881032754, 0.006820601647813624, -0.0063144073906159165], [-0.0013244742985449366, -0.0063144073906159165, 0.012384765441112477]], "chi2_level": 0.95, "chi2_df": 3, "chi2_threshold": 7.814727903251179, "N_raw": 71, "N_roi": 71, "N_inlier": 66, "refit": true}
{"timestamp": "18:26:21.286023", "frame": 82, "mu": [-0.752635691226843, 0.4717413120533826, -0.6202689267456136], "Sigma": [[1.0946645101630257, -0.07763893035854208, -0.010545204793129781], [-0.07763893035854208, 0.02167225328628971, 0.001759657266273107], [-0.01054520479312978, 0.0017596572662731066, 0.0018787804095994603]], "chi2_level": 0.95, "chi2_df": 3, "chi2_threshold": 7.814727903251179, "N_raw": 55, "N_roi": 55, "N_inlier": 54, "refit": true}
{"timestamp": "18:26:21.342880", "frame": 83, "mu": [-0.8442617369289166, 0.3846163528582694, 1.255207218555293], "Sigma": [[1.1358169957848676, -0.028175453788075493, 0.03448779146047966], [-0.028175453788075493, 0.00631659855128014, -0.0034234031190485776], [0.03448779146047966, -0.0034234031190485776, 0.009719785021803295]], "chi2_level": 0.95, "chi2_df": 3, "chi2_threshold": 7.814727903251179, "N_raw": 72, "N_roi": 72, "N_inlier": 67, "refit": true}
{"timestamp": "18:26:21.397441", "frame": 84, "mu": [-1.296916530719461, 0.5569606016437438, 0.9282650923461044], "Sigma": [[0.009145244938997231, 0.010780588495063751, -0.028892463647130887], [0.010780588495063751, 0.02625501164268923, -0.06703071448470813], [-0.028892463647130887, -0.06703071448470813, 0.19165408345530988]], "chi2_level": 0.95, "chi2_df": 3, "chi2_threshold": 7.814727903251179, "N_raw": 68, "N_roi": 68, "N_inlier": 61, "refit": true}
{"timestamp": "18:26:21.452653", "frame": 85, "mu": [-1.1803959349272095, 0.43284466128638466, 1.279317869054934], "Sigma": [[0.6465049932578809, -0.01972054181703379, 0.026781123049349806], [-0.01972054181703379, 0.007911984552922463, -0.0007180339434384258], [0.026781123049349806, -0.0007180339434384258, 0.015704469936943393]], "chi2_level": 0.95, "chi2_df": 3, "chi2_threshold": 7.814727903251179, "N_raw": 70, "N_roi": 70, "N_inlier": 61, "refit": true}
{"timestamp": "18:26:21.506585", "frame": 86, "mu": [-0.9558322232190404, 0.4015835439988619, 1.2080607284750926], "Sigma": [[1.2042720817796886, -0.027446651502381667, 0.011594328676463877], [-0.027446651502381667, 0.009647883445161062, 0.004489726076749849], [0.011594328676463875, 0.004489726076749849, 0.022591583048386224]], "chi2_level": 0.95, "chi2_df": 3, "chi2_threshold": 7.814727903251179, "N_raw": 60, "N_roi": 60, "N_inlier": 56, "refit": true}
{"timestamp": "18:26:21.561414", "frame": 87, "mu": [-0.7515421579273235, 0.5935042560042656, -0.6940131514170088], "Sigma": [[1.5972452476137924, -0.021358751180831942, -0.04111289242687841], [-0.021358751180831942, 0.006120849893164057, 0.0017262792235896974], [-0.041112892426878406, 0.0017262792235896974, 0.025305440770865165]], "chi2_level": 0.95, "chi2_df": 3, "chi2_threshold": 7.814727903251179, "N_raw": 58, "N_roi": 58, "N_inlier": 53, "refit": true}
{"timestamp": "18:26:21.616974", "frame": 88, "mu": [-0.9111511213664227, 0.42497923612076366, 1.1754575482311822], "Sigma": [[1.5205116568619539, -0.03239087031253169, -0.042040475788803065], [-0.03239087031253169, 0.007731401626088304, 0.0037702771992452885], [-0.04204047578880306, 0.0037702771992452885, 0.026508412433940046]], "chi2_level": 0.95, "chi2_df": 3, "chi2_threshold": 7.814727903251179, "N_raw": 69, "N_roi": 69, "N_inlier": 66, "refit": true}
{"timestamp": "18:26:21.672492", "frame": 89, "mu": [-0.9274939780457203, 0.6447758241363416, -0.6389123433506918], "Sigma": [[1.523105938362142, -0.033583314594054406, -0.03350245618062854], [-0.033583314594054406, 0.009446495624635289, -0.0030214346909007506], [-0.033502456180628554, -0.0030214346909007506, 0.01581079065067259]], "chi2_level": 0.95, "chi2_df": 3, "chi2_threshold": 7.814727903251179, "N_raw": 67, "N_roi": 67, "N_inlier": 64, "refit": true}
{"timestamp": "18:26:21.726605", "frame": 90, "mu": [-0.9334682929776257, 0.5109136901798169, -0.7471846974578323], "Sigma": [[1.5575393293297868, -0.07871433233254874, -0.020966035359778354], [-0.07871433233254874, 0.02497676235750762, 0.0021309034274829136], [-0.020966035359778354, 0.002130903427482914, 0.013761418980519207]], "chi2_level": 0.95, "chi2_df": 3, "chi2_threshold": 7.814727903251179, "N_raw": 71, "N_roi": 71, "N_inlier": 70, "refit": true}
{"timestamp": "18:26:21.784440", "frame": 91, "mu": [-1.0760492264601353, 0.44406070804419845, 1.140699281109947], "Sigma": [[1.3627198510253185, -0.021379277922030822, -0.02428770385611701], [-0.02137927792203083, 0.008941522714164938, 0.005134808617531838], [-0.024287703856117004, 0.005134808617531839, 0.029110025304615234]], "chi2_level": 0.95, "chi2_df": 3, "chi2_threshold": 7.814727903251179, "N_raw": 82, "N_roi": 82, "N_inlier": 79, "refit": true}
{"timestamp": "18:26:21.839244", "frame": 92, "mu": [-1.2853055411243346, 0.47866839815008866, 1.1792501252133465], "Sigma": [[0.960863235340247, -0.02750959013088576, 0.04565349501477515], [-0.02750959013088576, 0.009369954678513063, -0.0020153909704564432], [0.045653495014775156, -0.0020153909704564432, 0.018361382926101157]], "chi2_level": 0.95, "chi2_df": 3, "chi2_threshold": 7.814727903251179, "N_raw": 79, "N_roi": 79, "N_inlier": 74, "refit": true}
