{"timestamp": "18:07:33.284284", "frame": 30, "mu": [0.5201267978192926, 0.15313595277345082, 1.262906454595965], "Sigma": [[0.1937683211804278, -0.037549150886904616, 0.1875164591570394], [-0.03754915088690461, 0.00831862846301011, -0.03675068315361023], [0.1875164591570394, -0.036750683153610235, 0.18838178916969472]], "chi2_level": 0.95, "chi2_df": 3, "chi2_threshold": 7.814727903251179, "N_raw": 16, "N_roi": 16, "N_inlier": 13, "refit": true}
{"timestamp": "18:07:33.339605", "frame": 31, "mu": [-0.12130439958015185, 0.12301712617228405, 1.38618512232316], "Sigma": [[0.36937797238322084, 0.00225943067327403, 0.03531121425314917], [0.002259430673274031, 0.0021524796533745017, -0.0023981010983439724], [0.03531121425314917, -0.0023981010983439724, 0.0176181222501432]], "chi2_level": 0.95, "chi2_df": 3, "chi2_threshold": 7.814727903251179, "N_raw": 21, "N_roi": 21, "N_inlier": 18, "refit": true}
{"timestamp": "18:07:33.398691", "frame": 32, "mu": [0.14862449983460405, 0.1649999504323978, 1.4401388160330015], "Sigma": [[0.47027028577515645, 0.004822379548151883, 0.007843283766113724], [0.004822379548151882, 0.003764238837848659, -0.00433830097204309], [0.007843283766113724, -0.00433830097204309, 0.008692763726816414]], "chi2_level": 0.95, "chi2_df": 3, "chi2_threshold": 7.814727903251179, "N_raw": 33, "N_roi": 33, "N_inlier": 28, "refit": true}
{"timestamp": "18:07:33.461380", "frame": 33, "mu": [-0.6113627589411883, 0.27844303799281384, 1.309602786191721], "Sigma": [[0.010974140670233527, 0.004103934308973986, -0.008718906262058535], [0.004103934308973986, 0.004682030736090899, -0.008210247205564746], [-0.008718906262058535, -0.008210247205564748, 0.016458599905373517]], "chi2_level": 0.95, "chi2_df": 3, "chi2_threshold": 7.814727903251179, "N_raw": 110, "N_roi": 110, "N_inlier": 98, "refit": true}
{"timestamp": "18:07:33.515733", "frame": 34, "mu": [-0.6374316883208473, 0.2755924970986728, 1.3824685863750816], "Sigma": [[0.016005510977177784, 0.00427995648114475, -0.01545669119254784], [0.00427995648114475, 0.0030172409687875363, -0.00754433565349326], [-0.01545669119254784, -0.00754433565349326, 0.02476378571047961]], "chi2_level": 0.95, "chi2_df": 3, "chi2_threshold": 7.814727903251179, "N_raw": 104, "N_roi": 104, "N_inlier": 92, "refit": true}
{"timestamp": "18:07:33.573450", "frame": 35, "mu": [-0.6774818747231154, 0.3079348758934743, 1.462787299021562], "Sigma": [[0.01724709196554086, 0.006281538160868193, -0.013789998230700151], [0.006281538160868193, 0.005080437407787019, -0.008711580830249904], [-0.013789998230700151, -0.008711580830249904, 0.01909734360580206]], "chi2_level": 0.95, "chi2_df": 3, "chi2_threshold": 7.814727903251179, "N_raw": 98, "N_roi": 98, "N_inlier": 93, "refit": true}
{"timestamp": "18:07:33.627130", "frame": 36, "mu": [-0.6771852551228612, 0.36264380951816566, 1.4422089069191724], "Sigma": [[0.01545808608635175, 0.0049089468560481134, -0.01637790753564123], [0.0049089468560481134, 0.0033014798706929535, -0.007960627883040104], [-0.01637790753564123, -0.007960627883040104, 0.028192117731245473]], "chi2_level": 0.95, "chi2_df": 3, "chi2_threshold": 7.814727903251179, "N_raw": 89, "N_roi": 89, "N_inlier": 85, "refit": true}
{"timestamp": "18:07:33.682720", "frame": 37, "mu": [-0.6650405230016361, 0.41631233577820537, 1.4421401335811923], "Sigma": [[0.019856849497722713, 0.006494496325744913, -0.018987200794307907], [0.006494496325744913, 0.004631698204323573, -0.009404229748398094], [-0.018987200794307907, -0.009404229748398094, 0.024477324815737042]], "chi2_level": 0.95, "chi2_df": 3, "chi2_threshold": 7.814727903251179, "N_raw": 93, "N_roi": 93, "N_inlier": 90, "refit": true}
{"timestamp": "18:07:33.734765", "frame": 38, "mu": [-0.6302401556265289, 0.44437154065783024, 1.4407722045371725], "Sigma": [[0.027168443602722955, 0.007484177456545342, -0.026697421753020145], [0.007484177456545343, 0.004125519620429164, -0.009683942040594081], [-0.026697421753020145, -0.009683942040594081, 0.03085134458418986]], "chi2_level": 0.95, "chi2_df": 3, "chi2_threshold": 7.814727903251179, "N_raw": 70, "N_roi": 70, "N_inlier": 64, "refit": true}
{"timestamp": "18:07:33.784973", "frame": 39, "mu": [-0.5895791773264818, 0.5265540894952623, 1.3153013974428716], "Sigma": [[0.023842036937766937, 0.004682709093845207, -0.024252385557608783], [0.004682709093845206, 0.002905037790521972, -0.007457723648664968], [-0.02425238555760878, -0.007457723648664968, 0.030689923708974325]], "chi2_level": 0.95, "chi2_df": 3, "chi2_threshold": 7.814727903251179, "N_raw": 45, "N_roi": 45, "N_inlier": 41, "refit": true}
{"timestamp": "18:07:33.843345", "frame": 40, "mu": [-0.5195843302232, 0.5769459075899251, 1.2201301991397677], "Sigma": [[0.002890612227074608, -0.0009958723583896618, 0.00047539349770184714], [-0.0009958723583896618, 0.0019686130099559997, -0.0018851711324226186], [0.00047539349770184714, -0.0018851711324226186, 0.002570530737560986]], "chi2_level": 0.95, "chi2_df": 3, "chi2_threshold": 7.814727903251179, "N_raw": 63, "N_roi": 63, "N_inlier": 53, "refit": true}
{"timestamp": "18:07:33.893845", "frame": 41, "mu": [-0.5328974561419042, 0.6216962937788253, 1.2518495629388342], "Sigma": [[0.017466605369011425, 0.0035016988358367793, -0.01862156934571936], [0.0035016988358367793, 0.0009464159557799244, -0.003967739442786582], [-0.01862156934571936, -0.003967739442786582, 0.030645049398620016]], "chi2_level": 0.95, "chi2_df": 3, "chi2_threshold": 7.814727903251179, "N_raw": 35, "N_roi": 35, "N_inlier": 30, "refit": true}
{"timestamp": "18:07:33.948456", "frame": 42, "mu": [-0.6786358674154359, 0.6882266693231982, 1.2546618222502735], "Sigma": [[0.012350518117123137, 0.007254729011265908, -0.023365049962201415], [0.007254729011265909, 0.006212645966075211, -0.014195977859715474], [-0.023365049962201415, -0.014195977859715474, 0.05202495311902873]], "chi2_level": 0.95, "chi2_df": 3, "chi2_threshold": 7.814727903251179, "N_raw": 38, "N_roi": 38, "N_inlier": 36, "refit": true}
{"timestamp": "18:07:34.005844", "frame": 43, "mu": [-0.6156414613826993, 0.76613301967114, 1.2822525063344603], "Sigma": [[0.0016001376095487996, 0.00020110090285961054, -0.002385554176708322], [0.00020110090285961054, 0.0017505070990905508, -0.0034179156338936144], [-0.0023855541767083223, -0.0034179156338936144, 0.018038832838793862]], "chi2_level": 0.95, "chi2_df": 3, "chi2_threshold": 7.814727903251179, "N_raw": 52, "N_roi": 52, "N_inlier": 48, "refit": true}
{"timestamp": "18:07:34.056846", "frame": 44, "mu": [-0.5991028444083082, 0.7634199539206892, 1.0435029636271145], "Sigma": [[0.0023285656516603406, -0.0008201539712656056, -0.00520930648707626], [-0.0008201539712656056, 0.0009238946710175542, 0.002721381574575235], [-0.00520930648707626, 0.0027213815745752348, 0.027024117794368082]], "chi2_level": 0.95, "chi2_df": 3, "chi2_threshold": 7.814727903251179, "N_raw": 22, "N_roi": 22, "N_inlier": 19, "refit": true}
{"timestamp": "18:07:34.120591", "frame": 45, "mu": [-0.6631114500963111, 0.8204641400049081, 1.124211311409358], "Sigma": [[0.03195387012854383, 0.011134232746068968, -0.048311104224535564], [0.011134232746068968, 0.005565302004489753, -0.019589984332758596], [-0.048311104224535564, -0.019589984332758596, 0.08869258569292719]], "chi2_level": 0.95, "chi2_df": 3, "chi2_threshold": 7.814727903251179, "N_raw": 81, "N_roi": 81, "N_inlier": 78, "refit": true}
{"timestamp": "18:07:34.169280", "frame": 46, "mu": [-0.5926979029585724, 0.8783518973812391, 1.0421460863418843], "Sigma": [[0.001979728920319474, 0.0005197414175790869, -0.004749789906681148], [0.000519741417579087, 0.0025793078800771664, -0.006196827396585627], [-0.004749789906681148, -0.006196827396585628, 0.03528630796654838]], "chi2_level": 0.95, "chi2_df": 3, "chi2_threshold": 7.814727903251179, "N_raw": 33, "N_roi": 33, "N_inlier": 31, "refit": true}
{"timestamp": "18:07:34.228663", "frame": 47, "mu": [-0.7094190693705908, 0.9325743407413234, 1.2360574106142357], "Sigma": [[0.027765637476851478, 0.0059776242207853865, -0.03655154918887854], [0.005977624220785387, 0.005998753318319922, -0.009881469397294425], [-0.03655154918887854, -0.009881469397294425, 0.0708002163879828]], "chi2_level": 0.95, "chi2_df": 3, "chi2_threshold": 7.814727903251179, "N_raw": 69, "N_roi": 69, "N_inlier": 64, "refit": true}
{"timestamp": "18:07:34.280543", "frame": 48, "mu": [-0.9483832318200248, 0.8610605595753928, 1.5366561558637661], "Sigma": [[0.048582655334554664, 0.02425474575610559, -0.045245109355880386], [0.02425474575610559, 0.014667411057991343, -0.02444041447771167], [-0.045245109355880386, -0.024440414477711666, 0.05522618013939386]], "chi2_level": 0.95, "chi2_df": 3, "chi2_threshold": 7.814727903251179, "N_raw": 41, "N_roi": 41, "N_inlier": 39, "refit": true}
{"timestamp": "18:07:34.339411", "frame": 49, "mu": [-0.6579165233622014, 1.048976933630602, 1.0654098338473739], "Sigma": [[0.007201520633788209, 0.0022472310498521195, -0.01754302904087908], [0.0022472310498521195, 0.003987092528691016, -0.02040586870688204], [-0.01754302904087908, -0.02040586870688204, 0.15330282999448172]], "chi2_level": 0.95, "chi2_df": 3, "chi2_threshold": 7.814727903251179, "N_raw": 78, "N_roi": 78, "N_inlier": 67, "refit": true}
{"timestamp": "18:07:34.395121", "frame": 50, "mu": [-0.6428174404840536, 1.1109175220271155, 0.9399714623692988], "Sigma": [[0.003907464874866366, 0.002177811688728647, -0.009475277824643384], [0.002177811688728647, 0.009593727997691027, -0.03872473558657175], [-0.009475277824643384, -0.03872473558657176, 0.16480884607820015]], "chi2_level": 0.95, "chi2_df": 3, "chi2_threshold": 7.814727903251179, "N_raw": 75, "N_roi": 75, "N_inlier": 72, "refit": true}
{"timestamp": "18:07:34.448989", "frame": 51, "mu": [-0.7184042611310031, 1.1666700203971911, 1.3612463349215824], "Sigma": [[0.005678159563099872, -0.00381184258110325, -0.0036957236226135533], [-0.00381184258110325, 0.004585939857970546, -0.0008382568793721306], [-0.0036957236226135533, -0.0008382568793721307, 0.009014630939292426]], "chi2_level": 0.95, "chi2_df": 3, "chi2_threshold": 7.814727903251179, "N_raw": 70, "N_roi": 70, "N_inlier": 66, "refit": true}
{"timestamp": "18:07:34.503224", "frame": 52, "mu": [-0.7027727944530369, 1.2065793203647108, 1.3004088039538733], "Sigma": [[0.005057115177329277, -0.0017870297466268978, -0.0013860015330687987], [-0.0017870297466268978, 0.00436252272593233, -0.0019234897090597588], [-0.0013860015330687985, -0.0019234897090597588, 0.007994095550005577]], "chi2_level": 0.95, "chi2_df": 3, "chi2_threshold": 7.814727903251179, "N_raw": 70, "N_roi": 70, "N_inlier": 64, "refit": true}
{"timestamp": "18:07:34.558241", "frame": 53, "mu": [-0.7168510529397624, 1.2376111204373716, 1.2954887559317925], "Sigma": [[0.007058469438957199, -0.0012526155722756558, -0.00019753352407886454], [-0.0012526155722756558, 0.003233577999078873, -0.002127599330346028], [-0.0001975335240788645, -0.002127599330346028, 0.0021813433390734304]], "chi2_level": 0.95, "chi2_df": 3, "chi2_threshold": 7.814727903251179, "N_raw": 64, "N_roi": 64, "N_inlier": 60, "refit": true}
{"timestamp": "18:07:34.608091", "frame": 54, "mu": [-0.6887841229857797, 1.3120195054516794, 1.2032576863704239], "Sigma": [[0.004188325943777599, -0.0006695669135367759, -0.000263436778212684], [-0.0006695669135367759, 0.0007732664585741427, -0.00019938263717894807], [-0.000263436778212684, -0.00019938263717894801, 0.007583815400353526]], "chi2_level": 0.95, "chi2_df": 3, "chi2_threshold": 7.814727903251179, "N_raw": 28, "N_roi": 28, "N_inlier": 24, "refit": true}
{"timestamp": "18:07:34.674410", "frame": 55, "mu": [-0.7342426779759947, 1.525816386730484, -0.49589314372603266], "Sigma": [[0.0073053085642347205, -0.0008973058343517376, 0.010448493915981173], [-0.0008973058343517376, 0.004532863653593923, -0.004515202298312113], [0.01044849391598117, -0.004515202298312113, 0.10407786888506346]], "chi2_level": 0.95, "chi2_df": 3, "chi2_threshold": 7.814727903251179, "N_raw": 103, "N_roi": 103, "N_inlier": 100, "refit": true}
{"timestamp": "18:07:34.730191", "frame": 56, "mu": [-0.742025638881097, 1.4453226730883932, 0.9753681397809437], "Sigma": [[0.00996934313637437, -0.00034928135786432997, 0.023896148269277273], [-0.00034928135786432986, 0.008548500053064794, -0.013937983276806456], [0.023896148269277273, -0.013937983276806454, 0.19766170065988803]], "chi2_level": 0.95, "chi2_df": 3, "chi2_threshold": 7.814727903251179, "N_raw": 114, "N_roi": 114, "N_inlier": 113, "refit": true}
{"timestamp": "18:07:34.790389", "frame": 57, "mu": [-0.6968118932775615, 1.5070316744451184, 0.9844873400048197], "Sigma": [[0.008825851051473078, 0.002925246749735216, 0.005611541999624536], [0.002925246749735216, 0.0033615795606519077, 0.004181512449565595], [0.005611541999624536, 0.004181512449565595, 0.20424403871252003]], "chi2_level": 0.95, "chi2_df": 3, "chi2_threshold": 7.814727903251179, "N_raw": 145, "N_roi": 145, "N_inlier": 135, "refit": true}
{"timestamp": "18:07:34.841563", "frame": 58, "mu": [-0.698344351758032, 1.513279915496288, 0.7493464537245427], "Sigma": [[0.016571024746123472, 0.004513830134928697, 0.01773342282470796], [0.004513830134928697, 0.005416885756908741, 0.01060856291366126], [0.01773342282470796, 0.010608562913661261, 0.05641538266520291]], "chi2_level": 0.95, "chi2_df": 3, "chi2_threshold": 7.814727903251179, "N_raw": 114, "N_roi": 114, "N_inlier": 110, "refit": true}
{"timestamp": "18:07:34.898380", "frame": 59, "mu": [-0.7234806322467363, 1.6102898461197752, 1.0066915660575524], "Sigma": [[0.012803426007722682, 0.00641006997863986, 0.024487816835721533], [0.006410069978639861, 0.0073775163491574805, 0.020980134538363907], [0.02448781683572153, 0.020980134538363907, 0.1719780146177294]], "chi2_level": 0.95, "chi2_df": 3, "chi2_threshold": 7.814727903251179, "N_raw": 133, "N_roi": 133, "N_inlier": 131, "refit": true}
{"timestamp": "18:07:34.953768", "frame": 60, "mu": [-0.7358391805434098, 1.6694045123445647, -0.17817680086956367], "Sigma": [[0.01445787052382171, 0.004570591287701571, 0.09682802862097672], [0.004570591287701571, 0.007090078365324226, 0.03939774873123725], [0.09682802862097672, 0.03939774873123725, 0.9561078567408792]], "chi2_level": 0.95, "chi2_df": 3, "chi2_threshold": 7.814727903251179, "N_raw": 132, "N_roi": 132, "N_inlier": 131, "refit": true}
{"timestamp": "18:07:35.009785", "frame": 61, "mu": [-0.7244340672288583, 1.7655694408753015, 0.9358643825060348], "Sigma": [[0.01719540487291333, -0.002547878054249572, 0.03172709471249386], [-0.002547878054249572, 0.00525041259639955, -0.012874183237505842], [0.03172709471249386, -0.012874183237505844, 0.16153736301265512]], "chi2_level": 0.95, "chi2_df": 3, "chi2_threshold": 7.814727903251179, "N_raw": 128, "N_roi": 128, "N_inlier": 123, "refit": true}
{"timestamp": "18:07:35.066201", "frame": 62, "mu": [-0.767061427500764, 1.8331539866729525, 0.8890581795553338], "Sigma": [[0.018183935296934226, -0.004232398879939987, 0.03107234009865028], [-0.004232398879939987, 0.004126614808829037, -0.016272178559020363], [0.031072340098650276, -0.016272178559020363, 0.17134898055057135]], "chi2_level": 0.95, "chi2_df": 3, "chi2_threshold": 7.814727903251179, "N_raw": 144, "N_roi": 144, "N_inlier": 140, "refit": true}
{"timestamp": "18:07:35.111834", "frame": 63, "mu": [-0.6648619086347027, 1.8547670120997328, 1.109550719701508], "Sigma": [[0.008647808026813539, 5.6536134149614935e-06, -0.005820030888138972], [5.653613414961548e-06, 0.0017266236792771118, -0.0017499900185478697], [-0.005820030888138972, -0.0017499900185478697, 0.045250427671008606]], "chi2_level": 0.95, "chi2_df": 3, "chi2_threshold": 7.814727903251179, "N_raw": 88, "N_roi": 88, "N_inlier": 82, "refit": true}
{"timestamp": "18:07:35.166315", "frame": 64, "mu": [-0.7006903001145479, 1.91196456263945, 1.1513909057640812], "Sigma": [[0.011161445356166857, -0.00039532218132849734, -0.004596475100410261], [-0.00039532218132849734, 0.0011893786540549177, -0.00014366603149570804], [-0.00459647510041026, -0.00014366603149570814, 0.03971553489570172]], "chi2_level": 0.95, "chi2_df": 3, "chi2_threshold": 7.814727903251179, "N_raw": 83, "N_roi": 83, "N_inlier": 78, "refit": true}
{"timestamp": "18:07:35.221095", "frame": 65, "mu": [-0.7157414829520977, 2.095035715895984, -0.22964864811321561], "Sigma": [[0.01012318152602538, 0.002139910251989499, -0.008670729127647131], [0.0021399102519894992, 0.008502376011260587, -0.009525801858610603], [-0.008670729127647133, -0.009525801858610603, 0.022086264544673065]], "chi2_level": 0.95, "chi2_df": 3, "chi2_threshold": 7.814727903251179, "N_raw": 88, "N_roi": 88, "N_inlier": 83, "refit": true}
{"timestamp": "18:07:35.273895", "frame": 66, "mu": [-0.7297273223163022, 2.0448430144789405, 1.2921660412085525], "Sigma": [[0.008679588038675764, 0.0003453138811167291, -0.008050071520424393], [0.0003453138811167291, 0.005744739923913322, -0.0037482299672218513], [-0.008050071520424393, -0.003748229967221851, 0.013127608133397957]], "chi2_level": 0.95, "chi2_df": 3, "chi2_threshold": 7.814727903251179, "N_raw": 72, "N_roi": 70, "N_inlier": 68, "refit": true}
{"timestamp": "18:07:35.333466", "frame": 67, "mu": [-0.7317313911761484, 2.057509197510901, 1.072758680454791], "Sigma": [[0.010217535483229135, -0.004407329239555689, -0.019039845398528033], [-0.004407329239555689, 0.01220090667505472, 0.034081337005629674], [-0.019039845398528037, 0.034081337005629674, 0.16915474880320203]], "chi2_level": 0.95, "chi2_df": 3, "chi2_threshold": 7.814727903251179, "N_raw": 102, "N_roi": 101, "N_inlier": 98, "refit": true}
{"timestamp": "18:07:35.387317", "frame": 68, "mu": [-0.8229483900041976, 2.101966504106717, 0.7249403647492532], "Sigma": [[0.010877546685297654, -0.0016742482864874936, 0.0028251228371861483], [-0.001674248286487494, 0.009825963644621818, 0.03394686127924131], [0.002825122837186151, 0.03394686127924132, 0.4495918430953926]], "chi2_level": 0.95, "chi2_df": 3, "chi2_threshold": 7.814727903251179, "N_raw": 89, "N_roi": 89, "N_inlier": 88, "refit": true}
{"timestamp": "18:07:35.446528", "frame": 69, "mu": [-0.7676917722517107, 2.204282475717516, 1.1091334101020376], "Sigma": [[0.009715820875605899, -0.0006844665764247149, -0.00888710645223104], [-0.0006844665764247147, 0.008588212362238676, 0.014489249005367985], [-0.00888710645223104, 0.014489249005367986, 0.10748647019130284]], "chi2_level": 0.95, "chi2_df": 3, "chi2_threshold": 7.814727903251179, "N_raw": 99, "N_roi": 99, "N_inlier": 94, "refit": true}
{"timestamp": "18:07:35.503393", "frame": 70, "mu": [-0.7597283198798179, 2.230955380949018, 0.7743499488047522], "Sigma": [[0.015141342907094589, -0.004962975014903007, 0.008848745208951072], [-0.004962975014903007, 0.014104885778236593, 0.03279672597397277], [0.008848745208951073, 0.03279672597397277, 0.3375676757339473]], "chi2_level": 0.95, "chi2_df": 3, "chi2_threshold": 7.814727903251179, "N_raw": 136, "N_roi": 136, "N_inlier": 133, "refit": true}
{"timestamp": "18:07:35.554780", "frame": 71, "mu": [-0.7521870228339731, 2.3403849405289754, 1.1062218982922292], "Sigma": [[0.010853761618889743, -0.000491656108879583, -0.0058125447409740055], [-0.0004916561088795829, 0.004384650441639129, -0.001032619017942018], [-0.005812544740974004, -0.0010326190179420181, 0.0742881132930848]], "chi2_level": 0.95, "chi2_df": 3, "chi2_threshold": 7.814727903251179, "N_raw": 104, "N_roi": 104, "N_inlier": 96, "refit": true}
{"timestamp": "18:07:35.603313", "frame": 72, "mu": [-0.7636487839432614, 2.391256636155751, 1.2624344002824113], "Sigma": [[0.011005251189117868, -1.3310483773236036e-05, -0.007041612032680411], [-1.3310483773236036e-05, 0.004399001311522718, -0.002186886907027198], [-0.007041612032680411, -0.002186886907027198, 0.006296242529644344]], "chi2_level": 0.95, "chi2_df": 3, "chi2_threshold": 7.814727903251179, "N_raw": 62, "N_roi": 62, "N_inlier": 58, "refit": true}
{"timestamp": "18:07:35.667767", "frame": 73, "mu": [-0.8097872165079973, 2.4376059337417577, 0.811716380575401], "Sigma": [[0.013635083353505802, -0.0010504720614226653, 0.022740030954407423], [-0.0010504720614226653, 0.006890898419704143, 0.00869883882221949], [0.022740030954407423, 0.008698838822219493, 0.39197351940266917]], "chi2_level": 0.95, "chi2_df": 3, "chi2_threshold": 7.814727903251179, "N_raw": 131, "N_roi": 131, "N_inlier": 131, "refit": true}
{"timestamp": "18:07:35.718438", "frame": 74, "mu": [-0.801833151944111, 2.5069639814446556, 1.0640976693225692], "Sigma": [[0.012039301094635375, -0.0023552693946416823, 0.008918105034139204], [-0.0023552693946416823, 0.006381475692583566, -0.019397210200846435], [0.008918105034139208, -0.019397210200846435, 0.14829634580331538]], "chi2_level": 0.95, "chi2_df": 3, "chi2_threshold": 7.814727903251179, "N_raw": 95, "N_roi": 95, "N_inlier": 91, "refit": true}
{"timestamp": "18:07:35.772613", "frame": 75, "mu": [-0.8259718562602772, 2.5321074341216203, 1.1215904762797808], "Sigma": [[0.017033522927575227, 0.004439688820631275, 0.010873564804472711], [0.004439688820631275, 0.0057983464556187235, -0.004313533068833695], [0.010873564804472711, -0.004313533068833696, 0.0952652236276598]], "chi2_level": 0.95, "chi2_df": 3, "chi2_threshold": 7.814727903251179, "N_raw": 97, "N_roi": 97, "N_inlier": 91, "refit": true}
{"timestamp": "18:07:35.826791", "frame": 76, "mu": [-0.8406906695574877, 2.571505270733947, 1.1421926559217048], "Sigma": [[0.015108599110384077, 0.003577639060058524, 0.009095486184043294], [0.003577639060058524, 0.0031713464127122925, 0.0037151063659288655], [0.009095486184043293, 0.0037151063659288655, 0.07564500526568169]], "chi2_level": 0.95, "chi2_df": 3, "chi2_threshold": 7.814727903251179, "N_raw": 84, "N_roi": 84, "N_inlier": 77, "refit": true}
{"timestamp": "18:07:35.880045", "frame": 77, "mu": [-0.8215337344988324, 2.652662492316131, 1.1834539520690541], "Sigma": [[0.012929814775538251, 0.0025391423988234928, 0.001027132034361105], [0.0025391423988234928, 0.002484875926695814, -0.001720597834811447], [0.001027132034361104, -0.001720597834811447, 0.058866106233788205]], "chi2_level": 0.95, "chi2_df": 3, "chi2_threshold": 7.814727903251179, "N_raw": 73, "N_roi": 72, "N_inlier": 69, "refit": true}
{"timestamp": "18:07:35.936838", "frame": 78, "mu": [-0.863358195670032, 2.826090423909714, -0.09393989210000935], "Sigma": [[0.013028214803555432, -0.0007655582319871787, 0.008105109608411085], [-0.0007655582319871785, 0.00937563546074768, -0.033989562203931664], [0.008105109608411086, -0.033989562203931664, 0.17205876254166]], "chi2_level": 0.95, "chi2_df": 3, "chi2_threshold": 7.814727903251179, "N_raw": 83, "N_roi": 83, "N_inlier": 80, "refit": true}
{"timestamp": "18:07:35.990068", "frame": 79, "mu": [-0.8600724522662064, 2.716867081274328, 0.9314521593559706], "Sigma": [[0.01439905691948854, 0.003184430668856279, 0.0158849126559156], [0.003184430668856279, 0.005244630070894816, 0.020999898959867397], [0.0158849126559156, 0.020999898959867397, 0.14258709089764557]], "chi2_level": 0.95, "chi2_df": 3, "chi2_threshold": 7.814727903251179, "N_raw": 81, "N_roi": 81, "N_inlier": 76, "refit": true}
{"timestamp": "18:07:36.047566", "frame": 80, "mu": [-0.8405300529612902, 2.807362628305954, 0.8167451704682982], "Sigma": [[0.013807903925650225, 0.0009308605233359871, -0.0010744406565844087], [0.0009308605233359869, 0.008367998517745272, 0.020241126754216986], [-0.001074440656584409, 0.020241126754216986, 0.3384739404935458]], "chi2_level": 0.95, "chi2_df": 3, "chi2_threshold": 7.814727903251179, "N_raw": 91, "N_roi": 89, "N_inlier": 88, "refit": true}
{"timestamp": "18:07:36.104378", "frame": 81, "mu": [-0.8645732478727185, 2.8614111383364156, 0.9346455832528431], "Sigma": [[0.02157192282446628, 0.006305152631582863, 0.019156277426955748], [0.006305152631582863, 0.01000286355751981, 0.026770534852372813], [0.019156277426955748, 0.02677053485237281, 0.14374585596889858]], "chi2_level": 0.95, "chi2_df": 3, "chi2_threshold": 7.814727903251179, "N_raw": 101, "N_roi": 98, "N_inlier": 92, "refit": true}
{"timestamp": "18:07:36.152388", "frame": 82, "mu": [-0.7419339135212537, 2.956390660316642, 1.0993925291285638], "Sigma": [[0.013219247840861018, 0.00029303958766477593, -0.009473881904179653], [0.00029303958766477593, 0.0017981261386674126, -0.0034753450951032416], [-0.009473881904179655, -0.0034753450951032416, 0.02644951246999221]], "chi2_level": 0.95, "chi2_df": 3, "chi2_threshold": 7.814727903251179, "N_raw": 56, "N_roi": 56, "N_inlier": 50, "refit": true}
{"timestamp": "18:07:36.201959", "frame": 83, "mu": [-0.7793934056447467, 2.9737748334887226, 1.0109899652394008], "Sigma": [[0.009499654786367382, -0.0029793226972664997, 0.004009013318366105], [-0.0029793226972664993, 0.0031110602070237685, -0.009145383159667089], [0.004009013318366105, -0.009145383159667089, 0.05215891336962291]], "chi2_level": 0.95, "chi2_df": 3, "chi2_threshold": 7.814727903251179, "N_raw": 25, "N_roi": 25, "N_inlier": 22, "refit": true}
{"timestamp": "18:07:36.263577", "frame": 84, "mu": [-0.8456118932487608, 3.0888053934608233, 1.012256651038291], "Sigma": [[0.017131151106096427, -0.00345010412921044, 0.022199708011116488], [-0.00345010412921044, 0.0045785897826588606, -0.012809898227396959], [0.022199708011116488, -0.012809898227396959, 0.13827978599723265]], "chi2_level": 0.95, "chi2_df": 3, "chi2_threshold": 7.814727903251179, "N_raw": 73, "N_roi": 73, "N_inlier": 69, "refit": true}
{"timestamp": "18:07:36.319607", "frame": 85, "mu": [-0.7862582118100393, 3.1301455216171608, 0.8267686488912077], "Sigma": [[0.016975722780298623, -0.0024307944922114136, 0.020880899422109054], [-0.0024307944922114136, 0.0031304972290115865, -0.017644907272302765], [0.020880899422109054, -0.017644907272302765, 0.2099779149028562]], "chi2_level": 0.95, "chi2_df": 3, "chi2_threshold": 7.814727903251179, "N_raw": 73, "N_roi": 73, "N_inlier": 73, "refit": true}
{"timestamp": "18:07:36.379360", "frame": 86, "mu": [-0.8434760425773727, 3.2518239255832686, 0.5786490411160875], "Sigma": [[0.020294662991816117, -0.004530553482987341, 0.0128381001607344], [-0.00453055348298734, 0.004690239343504183, -0.029687555521418604], [0.0128381001607344, -0.029687555521418604, 0.27768405033409904]], "chi2_level": 0.95, "chi2_df": 3, "chi2_threshold": 7.814727903251179, "N_raw": 88, "N_roi": 86, "N_inlier": 84, "refit": true}
{"timestamp": "18:07:36.427003", "frame": 87, "mu": [-0.7852349499561341, 3.2250255983579166, 1.2895449122630218], "Sigma": [[0.01118631516950448, 0.00024000523257127783, -0.00861547310132817], [0.00024000523257127786, 0.0026743464389268018, -0.003414730038220049], [-0.00861547310132817, -0.0034147300382200495, 0.013906937695997077]], "chi2_level": 0.95, "chi2_df": 3, "chi2_threshold": 7.814727903251179, "N_raw": 50, "N_roi": 47, "N_inlier": 41, "refit": true}
{"timestamp": "18:07:36.487409", "frame": 88, "mu": [-0.748369615952647, 3.2542980791573175, 1.0651144603725993], "Sigma": [[0.02061319130725746, -0.0009627891874295928, -0.035905144214798394], [-0.0009627891874295935, 0.004358208326525857, 0.008319618632114601], [-0.035905144214798394, 0.008319618632114601, 0.15562218977126138]], "chi2_level": 0.95, "chi2_df": 3, "chi2_threshold": 7.814727903251179, "N_raw": 89, "N_roi": 84, "N_inlier": 78, "refit": true}
{"timestamp": "18:07:36.539636", "frame": 89, "mu": [-0.7665140225518104, 2.9698835469725737, 0.8114532839027185], "Sigma": [[0.015322100668379125, -0.009447631189927662, -0.017550221193934994], [-0.009447631189927662, 0.8920658781486703, 0.9971969663898019], [-0.017550221193934994, 0.9971969663898018, 1.1609633799062398]], "chi2_level": 0.95, "chi2_df": 3, "chi2_threshold": 7.814727903251179, "N_raw": 72, "N_roi": 70, "N_inlier": 66, "refit": true}
{"timestamp": "18:07:36.592850", "frame": 90, "mu": [-0.7854432695204678, 3.39340598777763, 1.2079327189964757], "Sigma": [[0.017854548179856353, -0.0002738389168766804, -0.026149314067470585], [-0.00027383891687668025, 0.004497327103412112, 0.006662292967587387], [-0.026149314067470585, 0.006662292967587387, 0.11686995772127634]], "chi2_level": 0.95, "chi2_df": 3, "chi2_threshold": 7.814727903251179, "N_raw": 66, "N_roi": 66, "N_inlier": 64, "refit": true}
{"timestamp": "18:07:36.647318", "frame": 91, "mu": [-0.7717175197841122, 3.495646905965066, 1.2875258998357144], "Sigma": [[0.016070695670330187, 0.0032122919322865504, -0.01993706721762662], [0.003212291932286551, 0.005866471528885773, -0.004858650378909963], [-0.01993706721762662, -0.004858650378909963, 0.05195587472608214]], "chi2_level": 0.95, "chi2_df": 3, "chi2_threshold": 7.814727903251179, "N_raw": 61, "N_roi": 60, "N_inlier": 57, "refit": true}
{"timestamp": "18:07:36.703065", "frame": 92, "mu": [-0.8452286950690633, 2.936730275115254, 0.16896779858371394], "Sigma": [[0.02503367886514035, 0.09358232087008772, 0.11205062899634435], [0.09358232087008772, 0.9127417232028153, 1.190253927025523], [0.11205062899634435, 1.190253927025523, 1.680182748946029]], "chi2_level": 0.95, "chi2_df": 3, "chi2_threshold": 7.814727903251179, "N_raw": 61, "N_roi": 61, "N_inlier": 60, "refit": true}
{"timestamp": "18:07:36.754220", "frame": 93, "mu": [-0.8307695618554832, 3.6717649332236695, -0.016327286102660175], "Sigma": [[0.012652599813733028, 0.004444616175205189, 0.03192147756546039], [0.004444616175205189, 0.005081450240668088, 0.0159276114859711], [0.031921477565460384, 0.0159276114859711, 0.14750249521826647]], "chi2_level": 0.95, "chi2_df": 3, "chi2_threshold": 7.814727903251179, "N_raw": 36, "N_roi": 36, "N_inlier": 34, "refit": true}
{"timestamp": "18:07:36.809998", "frame": 94, "mu": [-0.8166886237966933, 3.695652885463031, 0.6789209043268662], "Sigma": [[0.014525798122552216, -0.0012185950747286415, 0.024128680308656045], [-0.0012185950747286415, 0.003085706369656256, -0.02189442256421551], [0.024128680308656045, -0.02189442256421551, 0.32366777858468143]], "chi2_level": 0.95, "chi2_df": 3, "chi2_threshold": 7.814727903251179, "N_raw": 49, "N_roi": 49, "N_inlier": 49, "refit": true}
{"timestamp": "18:07:36.870306", "frame": 95, "mu": [-0.8596836814261788, 3.7406058103656186, 0.5539136975228862], "Sigma": [[0.02283377705668331, -0.0004838384951600509, 0.004334368035775249], [-0.0004838384951600509, 0.004158566867057735, -0.01991088810427124], [0.004334368035775249, -0.01991088810427124, 0.2709968508988773]], "chi2_level": 0.95, "chi2_df": 3, "chi2_threshold": 7.814727903251179, "N_raw": 81, "N_roi": 81, "N_inlier": 81, "refit": true}
{"timestamp": "18:07:36.928103", "frame": 96, "mu": [-0.8514548564818094, 3.7806318445683083, 0.7168391498512051], "Sigma": [[0.01886847446215622, 0.00021847212940592789, -0.005111379062126666], [0.00021847212940592786, 0.005428987201326274, -0.023969447455822166], [-0.005111379062126664, -0.023969447455822166, 0.22449597325869375]], "chi2_level": 0.95, "chi2_df": 3, "chi2_threshold": 7.814727903251179, "N_raw": 90, "N_roi": 90, "N_inlier": 90, "refit": true}
{"timestamp": "18:07:36.975570", "frame": 97, "mu": [-0.8603921300511123, 3.8362358764771978, 0.8213902386102513], "Sigma": [[0.01311825706220754, 0.0006136639555157826, -0.00819624167365344], [0.0006136639555157826, 0.001747214595110213, -0.005518467568403756], [-0.008196241673653439, -0.005518467568403756, 0.15817762266242638]], "chi2_level": 0.95, "chi2_df": 3, "chi2_threshold": 7.814727903251179, "N_raw": 45, "N_roi": 45, "N_inlier": 44, "refit": true}
{"timestamp": "18:07:37.032589", "frame": 98, "mu": [-0.9049618410989942, 4.01594125805519, -0.5420912313028348], "Sigma": [[0.013986958164760093, 0.005272204423434533, 0.046349892079442935], [0.005272204423434533, 0.048152357467872595, -0.01803097553176028], [0.046349892079442935, -0.018030975531760283, 0.3098127980896408]], "chi2_level": 0.95, "chi2_df": 3, "chi2_threshold": 7.814727903251179, "N_raw": 65, "N_roi": 65, "N_inlier": 65, "refit": true}
{"timestamp": "18:07:37.086864", "frame": 99, "mu": [-0.8834020674842772, 3.9139549723223133, 1.3366867610912734], "Sigma": [[0.025082558636989563, 0.0020060811318296334, -0.0036779221897894556], [0.0020060811318296334, 0.0030899487750922893, -0.0033091915096073016], [-0.003677922189789455, -0.003309191509607301, 0.026373240316174162]], "chi2_level": 0.95, "chi2_df": 3, "chi2_threshold": 7.814727903251179, "N_raw": 58, "N_roi": 58, "N_inlier": 55, "refit": true}
{"timestamp": "18:07:37.263621", "frame": 100, "mu": [-0.8473598196534644, 4.06150004626764, 0.202374483771214], "Sigma": [[0.02441523740318822, 0.007768490314095774, -0.0228458935493258], [0.007768490314095775, 0.01101528098495889, -0.021575093439788882], [-0.0228458935493258, -0.02157509343978888, 0.0751233977633365]], "chi2_level": 0.95, "chi2_df": 3, "chi2_threshold": 7.814727903251179, "N_raw": 68, "N_roi": 68, "N_inlier": 67, "refit": true}
{"timestamp": "18:07:37.297128", "frame": 101, "mu": [-0.8703688749218931, 4.0310601625633495, 1.3733077405534817], "Sigma": [[0.019580093450826987, -3.2529042490994555e-06, -0.02321050812569565], [-3.252904249099618e-06, 0.005469221630532429, 0.0001607240998747434], [-0.02321050812569565, 0.00016072409987474346, 0.06078904110273325]], "chi2_level": 0.95, "chi2_df": 3, "chi2_threshold": 7.814727903251179, "N_raw": 60, "N_roi": 60, "N_inlier": 57, "refit": true}
{"timestamp": "18:07:37.326321", "frame": 102, "mu": [-0.9186526150646519, 4.094516096866246, 1.3398148855802796], "Sigma": [[0.025944749205498097, 0.001971774513551029, -0.014607080450671696], [0.0019717745135510293, 0.005449128228732536, -0.003223155371272433], [-0.014607080450671696, -0.003223155371272433, 0.011872678251252123]], "chi2_level": 0.95, "chi2_df": 3, "chi2_threshold": 7.814727903251179, "N_raw": 63, "N_roi": 59, "N_inlier": 59, "refit": true}
{"timestamp": "18:07:37.357486", "frame": 103, "mu": [-0.8352797649108621, 4.204332044067661, 1.222869030069803], "Sigma": [[0.015973291530793784, 0.0019387328494279697, -0.011801046360376556], [0.0019387328494279697, 0.000929021579007751, -0.004857896871483179], [-0.011801046360376556, -0.0048578968714831795, 0.04092610124671198]], "chi2_level": 0.95, "chi2_df": 3, "chi2_threshold": 7.814727903251179, "N_raw": 33, "N_roi": 32, "N_inlier": 30, "refit": true}
{"timestamp": "18:07:37.391749", "frame": 104, "mu": [-0.8572188909893647, 4.227941078995445, 1.224094855848404], "Sigma": [[0.02924706907308747, 0.007151515014986853, -0.0074730309097489605], [0.007151515014986853, 0.004896805084276398, -0.005915738597047509], [-0.0074730309097489605, -0.005915738597047509, 0.013765932887407756]], "chi2_level": 0.95, "chi2_df": 3, "chi2_threshold": 7.814727903251179, "N_raw": 57, "N_roi": 57, "N_inlier": 53, "refit": true}
{"timestamp": "18:07:37.419325", "frame": 105, "mu": [-0.8777559740206, 4.288766928757241, 1.2041654099878139], "Sigma": [[0.03441602702687732, 0.0026380834874841458, -0.009310198445305552], [0.0026380834874841453, 0.00408095496502958, -0.00488191477662976], [-0.009310198445305552, -0.00488191477662976, 0.009182855986120819]], "chi2_level": 0.95, "chi2_df": 3, "chi2_threshold": 7.814727903251179, "N_raw": 61, "N_roi": 59, "N_inlier": 58, "refit": true}
{"timestamp": "18:07:37.475773", "frame": 106, "mu": [-0.8409950203267004, 4.342036355519093, 1.2365139591773073], "Sigma": [[0.035800317065533126, 0.00366006318908297, -0.01161462845211313], [0.0036600631890829696, 0.006793735941785223, -0.005755236778357537], [-0.011614628452113128, -0.005755236778357536, 0.010300243995079346]], "chi2_level": 0.95, "chi2_df": 3, "chi2_threshold": 7.814727903251179, "N_raw": 76, "N_roi": 74, "N_inlier": 71, "refit": true}
{"timestamp": "18:07:37.528697", "frame": 107, "mu": [-0.8323125147888342, 4.3731019345097115, 1.1720025039511532], "Sigma": [[0.03517498446166297, 0.004265480327921772, -0.013772265411158524], [0.004265480327921772, 0.005784146390449099, -0.005881460968495874], [-0.013772265411158524, -0.005881460968495874, 0.011158351718772304]], "chi2_level": 0.95, "chi2_df": 3, "chi2_threshold": 7.814727903251179, "N_raw": 67, "N_roi": 65, "N_inlier": 63, "refit": true}
{"timestamp": "18:07:37.575776", "frame": 108, "mu": [-0.9135572407311991, 4.459091057243003, 0.9847363079134865], "Sigma": [[0.008432088458669646, 0.007530548796875513, -0.025145382141696117], [0.007530548796875513, 0.009913189705084214, -0.031616463571811526], [-0.025145382141696117, -0.031616463571811526, 0.11180206841417603]], "chi2_level": 0.95, "chi2_df": 3, "chi2_threshold": 7.814727903251179, "N_raw": 15, "N_roi": 15, "N_inlier": 12, "refit": true}
{"timestamp": "18:07:37.635586", "frame": 109, "mu": [-0.9186017710627297, 4.464058333613439, 1.1312964772470901], "Sigma": [[0.02641996859705917, 0.001393646857836234, -0.012254325109945109], [0.0013936468578362342, 0.003578017465034794, -0.0035717117066539753], [-0.012254325109945109, -0.0035717117066539753, 0.010939631577483884]], "chi2_level": 0.95, "chi2_df": 3, "chi2_threshold": 7.814727903251179, "N_raw": 52, "N_roi": 52, "N_inlier": 47, "refit": true}
{"timestamp": "18:07:37.692412", "frame": 110, "mu": [-0.8681232761941816, 4.532509505894719, 1.1305613299624213], "Sigma": [[0.0330080492822194, -0.0014433573376830054, 0.005809493623576835], [-0.001443357337683005, 0.007149299547854337, -0.019917151112916857], [0.005809493623576835, -0.019917151112916857, 0.07455504484239904]], "chi2_level": 0.95, "chi2_df": 3, "chi2_threshold": 7.814727903251179, "N_raw": 60, "N_roi": 60, "N_inlier": 58, "refit": true}
{"timestamp": "18:07:37.744479", "frame": 111, "mu": [-0.882535786939808, 4.546085020531288, 1.342531523034883], "Sigma": [[0.026325602955276712, 0.004169363405860483, -0.008609581928239202], [0.004169363405860483, 0.0035616497116114174, -0.0027633630773666634], [-0.008609581928239202, -0.002763363077366663, 0.006852062753692251]], "chi2_level": 0.95, "chi2_df": 3, "chi2_threshold": 7.814727903251179, "N_raw": 42, "N_roi": 42, "N_inlier": 40, "refit": true}
{"timestamp": "18:07:37.907126", "frame": 114, "mu": [-0.8515860540012566, 4.764812003170904, 0.4437091755407469], "Sigma": [[0.02232257221563896, 0.00660923360902102, -0.016121683390608516], [0.00660923360902102, 0.005704412307238653, -0.012556956426044291], [-0.016121683390608516, -0.012556956426044291, 0.030765297889759267]], "chi2_level": 0.95, "chi2_df": 3, "chi2_threshold": 7.814727903251179, "N_raw": 32, "N_roi": 32, "N_inlier": 30, "refit": true}
{"timestamp": "18:07:37.960765", "frame": 115, "mu": [-0.9037279960023904, 4.773054743970731, 1.3581657950523798], "Sigma": [[0.009094922728830597, 0.0009517136801272669, -0.007837273233960839], [0.0009517136801272669, 0.0022204891421938916, -0.00026699911308880164], [-0.007837273233960839, -0.00026699911308880175, 0.009360657145911751]], "chi2_level": 0.95, "chi2_df": 3, "chi2_threshold": 7.814727903251179, "N_raw": 18, "N_roi": 18, "N_inlier": 17, "refit": true}
{"timestamp": "18:07:38.021037", "frame": 116, "mu": [-0.8444276695435823, 4.830950361040023, 1.295908193528089], "Sigma": [[0.03503113832258087, 0.0012772287855862805, -0.03674482379662632], [0.0012772287855862807, 0.003525414998854161, -0.00494535333475727], [-0.036744823796626316, -0.00494535333475727, 0.055741294597127136]], "chi2_level": 0.95, "chi2_df": 3, "chi2_threshold": 7.814727903251179, "N_raw": 56, "N_roi": 54, "N_inlier": 52, "refit": true}
{"timestamp": "18:07:38.072963", "frame": 117, "mu": [-0.8506765988728769, 4.854047905662558, 1.1980408490480448], "Sigma": [[0.02168275434534773, 0.0026304254228515602, -0.009941884880500452], [0.0026304254228515607, 0.0028462027688405966, -0.003391313975766391], [-0.009941884880500452, -0.0033913139757663904, 0.009305550705063016]], "chi2_level": 0.95, "chi2_df": 3, "chi2_threshold": 7.814727903251179, "N_raw": 33, "N_roi": 32, "N_inlier": 31, "refit": true}
