{"timestamp": "17:48:52.438047", "frame": 10, "mu": [-2.4235625602934547, 3.032544905076383, 0.9257960129205722], "Sigma": [[0.0016415530991026183, -0.00017343407676550967, -0.0012309364843792797], [-0.00017343407676550967, 0.0029465590781994613, 0.0004121925587988205], [-0.0012309364843792797, 0.0004121925587988205, 0.0017143530721025254]], "chi2_level": 0.95, "chi2_df": 3, "chi2_threshold": 7.814727903251179, "N_raw": 36, "N_roi": 7, "N_inlier": 7, "refit": true}
{"timestamp": "17:48:52.493326", "frame": 11, "mu": [-2.3907157565716814, 3.0698574410058477, 0.892692332277914], "Sigma": [[0.0029638697411994925, 0.00026559093548696915, -0.0029571035038672474], [0.00026559093548696904, 0.0026881760916686614, -0.0020992222237252193], [-0.0029571035038672474, -0.0020992222237252193, 0.00550499373204621]], "chi2_level": 0.95, "chi2_df": 3, "chi2_threshold": 7.814727903251179, "N_raw": 31, "N_roi": 16, "N_inlier": 15, "refit": true}
{"timestamp": "17:48:52.548764", "frame": 12, "mu": [-2.3789032683223095, 3.016635872011601, 0.9319480345716793], "Sigma": [[0.004142118278625511, 0.002308060642780077, -0.0012496191137003954], [0.0023080606427800764, 0.005965910350197496, -0.00532785739136875], [-0.0012496191137003954, -0.00532785739136875, 0.007068300723829012]], "chi2_level": 0.95, "chi2_df": 3, "chi2_threshold": 7.814727903251179, "N_raw": 38, "N_roi": 23, "N_inlier": 22, "refit": true}
{"timestamp": "17:48:52.604503", "frame": 13, "mu": [-2.315042642524432, 3.069467650227086, 0.8564665562853387], "Sigma": [[0.009787380029250524, 0.00408298363351449, -0.005961593214290185], [0.00408298363351449, 0.003999555785397459, -0.003203563909836918], [-0.005961593214290185, -0.003203563909836918, 0.005193087310587381]], "chi2_level": 0.95, "chi2_df": 3, "chi2_threshold": 7.814727903251179, "N_raw": 29, "N_roi": 20, "N_inlier": 19, "refit": true}
{"timestamp": "17:48:52.717824", "frame": 15, "mu": [-2.253700355499931, 3.035921128247546, 1.1328267598550819], "Sigma": [[0.019764858901523553, 0.010999467839468997, -0.01162745296099965], [0.010999467839468997, 0.01299290153150784, -0.008327324347757507], [-0.01162745296099965, -0.008327324347757507, 0.010057709536784245]], "chi2_level": 0.95, "chi2_df": 3, "chi2_threshold": 7.814727903251179, "N_raw": 53, "N_roi": 52, "N_inlier": 51, "refit": true}
{"timestamp": "17:48:52.773602", "frame": 16, "mu": [-2.1953116585929804, 3.095181756434686, 1.2391372179281215], "Sigma": [[0.02582047085601881, 0.009175849735006195, -0.014789780551405375], [0.009175849735006195, 0.008871297902380162, -0.008037879906679823], [-0.014789780551405375, -0.008037879906679823, 0.011564789149249537]], "chi2_level": 0.95, "chi2_df": 3, "chi2_threshold": 7.814727903251179, "N_raw": 57, "N_roi": 56, "N_inlier": 54, "refit": true}
{"timestamp": "17:48:52.831287", "frame": 17, "mu": [-2.0766328695810357, 3.1342992342498426, 1.0812502377135753], "Sigma": [[0.02043239382211872, 0.010146951905215537, -0.020862641624767607], [0.01014695190521554, 0.012433920485765743, -0.025954771340868925], [-0.02086264162476761, -0.025954771340868925, 0.07391841971289168]], "chi2_level": 0.95, "chi2_df": 3, "chi2_threshold": 7.814727903251179, "N_raw": 76, "N_roi": 74, "N_inlier": 72, "refit": true}
{"timestamp": "17:48:52.886894", "frame": 18, "mu": [-2.048099182472944, 3.1248011341306703, 1.2318392307579988], "Sigma": [[0.024971849394515896, 0.008865537275002127, -0.01699019921467549], [0.008865537275002127, 0.008326210531430797, -0.008295198380175478], [-0.01699019921467549, -0.008295198380175478, 0.014171207665760058]], "chi2_level": 0.95, "chi2_df": 3, "chi2_threshold": 7.814727903251179, "N_raw": 58, "N_roi": 58, "N_inlier": 55, "refit": true}
{"timestamp": "17:48:52.934642", "frame": 19, "mu": [-1.9284600397482201, 3.1990295276412963, 1.1990725101734832], "Sigma": [[0.01604100266892318, 0.007216524256471861, -0.00478326290395701], [0.007216524256471861, 0.00403914916244505, -0.004141147767474193], [-0.004783262903957012, -0.004141147767474193, 0.009235279743354313]], "chi2_level": 0.95, "chi2_df": 3, "chi2_threshold": 7.814727903251179, "N_raw": 28, "N_roi": 27, "N_inlier": 25, "refit": true}
{"timestamp": "17:48:52.991334", "frame": 20, "mu": [-1.8558345980447637, 3.1730210303832265, 1.3614595856727287], "Sigma": [[0.020235566247516806, 0.007199132090302169, -0.010487535356598117], [0.007199132090302168, 0.005999162539897784, -0.0037816960594917793], [-0.010487535356598117, -0.003781696059491779, 0.006233892608275337]], "chi2_level": 0.95, "chi2_df": 3, "chi2_threshold": 7.814727903251179, "N_raw": 40, "N_roi": 40, "N_inlier": 38, "refit": true}
{"timestamp": "17:48:53.049382", "frame": 21, "mu": [-1.765394459537125, 3.2496757061979564, 0.029817691304393917], "Sigma": [[0.023207682556101922, 0.010353587976465725, -0.0181114624824417], [0.010353587976465725, 0.01049613439279716, -0.008164308627290144], [-0.0181114624824417, -0.008164308627290142, 0.01613395571880777]], "chi2_level": 0.95, "chi2_df": 3, "chi2_threshold": 7.814727903251179, "N_raw": 59, "N_roi": 59, "N_inlier": 55, "refit": true}
{"timestamp": "17:48:53.102938", "frame": 22, "mu": [-1.6815749550676151, 3.260188583616965, 0.03526163558566305], "Sigma": [[0.017350668693161764, 0.006924350325641961, -0.018311050235150558], [0.006924350325641959, 0.006777360598348052, -0.006435457873554245], [-0.018311050235150558, -0.006435457873554245, 0.020951354586519776]], "chi2_level": 0.95, "chi2_df": 3, "chi2_threshold": 7.814727903251179, "N_raw": 44, "N_roi": 42, "N_inlier": 40, "refit": true}
{"timestamp": "17:48:53.163014", "frame": 23, "mu": [-1.5627957734206634, 3.1958688983770305, 1.1511868962961374], "Sigma": [[0.022289601955836014, 0.005986765996462683, -0.011446054045146587], [0.005986765996462683, 0.012450523670327307, -0.0013864257307362555], [-0.011446054045146587, -0.0013864257307362555, 0.00802074978943638]], "chi2_level": 0.95, "chi2_df": 3, "chi2_threshold": 7.814727903251179, "N_raw": 77, "N_roi": 74, "N_inlier": 70, "refit": true}
{"timestamp": "17:48:53.216243", "frame": 24, "mu": [-1.5001057737522934, 3.180437590766526, 1.1450243285054986], "Sigma": [[0.02382067328198497, 0.0016548528657449799, -0.02283662678517473], [0.0016548528657449797, 0.00609665292275272, -0.001977791897747218], [-0.02283662678517473, -0.001977791897747218, 0.033337725079088644]], "chi2_level": 0.95, "chi2_df": 3, "chi2_threshold": 7.814727903251179, "N_raw": 67, "N_roi": 67, "N_inlier": 63, "refit": true}
{"timestamp": "17:48:53.275093", "frame": 25, "mu": [-1.405812429436035, 3.2263002337798214, 1.035896926313808], "Sigma": [[0.022061193580259, 0.00660377596916485, -0.01626384960868905], [0.00660377596916485, 0.015341953210062783, -0.018239208222229214], [-0.01626384960868905, -0.018239208222229214, 0.03839164190655349]], "chi2_level": 0.95, "chi2_df": 3, "chi2_threshold": 7.814727903251179, "N_raw": 95, "N_roi": 95, "N_inlier": 92, "refit": true}
{"timestamp": "17:48:53.327460", "frame": 26, "mu": [-1.354029983283656, 3.110378747682193, 0.7872549251284608], "Sigma": [[0.012940710674324703, 0.004261846190588033, -0.008129926308940865], [0.004261846190588033, 0.00931887182525193, -0.006815841978129877], [-0.008129926308940865, -0.006815841978129877, 0.034033919538673046]], "chi2_level": 0.95, "chi2_df": 3, "chi2_threshold": 7.814727903251179, "N_raw": 69, "N_roi": 67, "N_inlier": 62, "refit": true}
{"timestamp": "17:48:53.384442", "frame": 27, "mu": [-1.2042764957077412, 3.268290393863927, 1.0443309674026777], "Sigma": [[0.018349199506584757, 0.003507444701439885, -0.01665569442453426], [0.003507444701439885, 0.024937045735392876, -0.01919627742146484], [-0.01665569442453426, -0.01919627742146484, 0.03494165257355848]], "chi2_level": 0.95, "chi2_df": 3, "chi2_threshold": 7.814727903251179, "N_raw": 88, "N_roi": 88, "N_inlier": 86, "refit": true}
{"timestamp": "17:48:53.437487", "frame": 28, "mu": [-1.1509160121794113, 3.2018738407162073, 0.9005348813145413], "Sigma": [[0.019945821255567993, 0.005274916597143183, -0.013356480529015426], [0.005274916597143183, 0.024740533462731383, -0.005935687748332353], [-0.013356480529015424, -0.005935687748332353, 0.014932103407862796]], "chi2_level": 0.95, "chi2_df": 3, "chi2_threshold": 7.814727903251179, "N_raw": 79, "N_roi": 79, "N_inlier": 75, "refit": true}
{"timestamp": "17:48:53.492683", "frame": 29, "mu": [-1.054788889745957, 3.339542425225074, -0.3875393638716725], "Sigma": [[0.01767024157141802, 0.0015040775790259196, -0.014618897588709165], [0.0015040775790259196, 0.006915692956221351, -0.006737338433210495], [-0.014618897588709165, -0.006737338433210495, 0.02139588112011523]], "chi2_level": 0.95, "chi2_df": 3, "chi2_threshold": 7.814727903251179, "N_raw": 70, "N_roi": 70, "N_inlier": 65, "refit": true}
{"timestamp": "17:48:53.549242", "frame": 30, "mu": [-0.9689058514351242, 3.117025637279912, 0.7888331049151285], "Sigma": [[0.02247756587259043, -0.002853288168183557, -0.01246762766477173], [-0.0028532881681835576, 0.008549982946173316, -0.001751714705041438], [-0.01246762766477173, -0.0017517147050414383, 0.009960267953930365]], "chi2_level": 0.95, "chi2_df": 3, "chi2_threshold": 7.814727903251179, "N_raw": 88, "N_roi": 88, "N_inlier": 84, "refit": true}
{"timestamp": "17:48:53.600190", "frame": 31, "mu": [-0.9284070454642447, 3.103500595341612, 0.8697868684063729], "Sigma": [[0.016646309758520585, -0.002242936469302099, -0.015453270648696638], [-0.002242936469302099, 0.006040752351865354, 0.001892162843356993], [-0.015453270648696636, 0.0018921628433569931, 0.015501448817533433]], "chi2_level": 0.95, "chi2_df": 3, "chi2_threshold": 7.814727903251179, "N_raw": 58, "N_roi": 58, "N_inlier": 53, "refit": true}
{"timestamp": "17:48:53.652343", "frame": 32, "mu": [-0.8549222210660655, 3.2431204224588566, -0.6741757426048426], "Sigma": [[0.015591050521653526, 0.007441989375156161, 0.047587546072463266], [0.007441989375156161, 0.020681036583153057, 0.028050249580462074], [0.04758754607246326, 0.028050249580462074, 0.2299402094027237]], "chi2_level": 0.95, "chi2_df": 3, "chi2_threshold": 7.814727903251179, "N_raw": 43, "N_roi": 40, "N_inlier": 37, "refit": true}
{"timestamp": "17:48:53.707720", "frame": 33, "mu": [-0.7993188865356954, 3.332035036745943, -0.37823655817707075], "Sigma": [[0.008464137784703474, 0.0005784104053215655, -0.0026703607669874632], [0.0005784104053215655, 0.012075422939399479, -0.01691278860618162], [-0.0026703607669874637, -0.016912788606181624, 0.05526218463141602]], "chi2_level": 0.95, "chi2_df": 3, "chi2_threshold": 7.814727903251179, "N_raw": 43, "N_roi": 42, "N_inlier": 38, "refit": true}
{"timestamp": "17:48:53.762792", "frame": 34, "mu": [-0.6546608332657554, 3.2699280999375056, 1.0801000575249224], "Sigma": [[0.01568128141188315, 0.0010872839089182949, -0.0002897912687415702], [0.0010872839089182949, 0.00020219359696141412, 0.00012763866754543813], [-0.0002897912687415693, 0.00012763866754543813, 0.03509428006073974]], "chi2_level": 0.95, "chi2_df": 3, "chi2_threshold": 7.814727903251179, "N_raw": 45, "N_roi": 39, "N_inlier": 34, "refit": true}
{"timestamp": "17:48:53.822285", "frame": 35, "mu": [-0.6264677757487549, 3.1816325706611757, 0.9577775306445829], "Sigma": [[0.019100234429578918, 0.0025039597528474927, -0.00786253453273901], [0.0025039597528474927, 0.005973394878845336, -0.004932840214027303], [-0.00786253453273901, -0.004932840214027303, 0.011197747149529097]], "chi2_level": 0.95, "chi2_df": 3, "chi2_threshold": 7.814727903251179, "N_raw": 77, "N_roi": 73, "N_inlier": 69, "refit": true}
{"timestamp": "17:48:53.876031", "frame": 36, "mu": [-0.5519263487674366, 3.3574951984936003, -0.12453185880528096], "Sigma": [[0.017899318224122867, 0.0012541903083473907, -0.002251718898659994], [0.0012541903083473909, 0.006638481376223336, -0.009549032469087407], [-0.002251718898659994, -0.009549032469087409, 0.023196780950657025]], "chi2_level": 0.95, "chi2_df": 3, "chi2_threshold": 7.814727903251179, "N_raw": 68, "N_roi": 66, "N_inlier": 61, "refit": true}
{"timestamp": "17:48:53.930142", "frame": 37, "mu": [-0.48886299044332365, 3.178608796665408, 1.1556580732328967], "Sigma": [[0.020377934460899604, 0.0038477948414464467, 0.001757195739900479], [0.0038477948414464467, 0.009900047218042997, 0.00520147168770904], [0.0017571957399004784, 0.00520147168770904, 0.006010129701034406]], "chi2_level": 0.95, "chi2_df": 3, "chi2_threshold": 7.814727903251179, "N_raw": 63, "N_roi": 63, "N_inlier": 61, "refit": true}
{"timestamp": "17:48:53.987690", "frame": 38, "mu": [-0.42108493599161634, 3.2902617340202283, -0.07595036728363574], "Sigma": [[0.019095839321293332, 0.004064091762499063, -0.0012578190338734616], [0.004064091762499063, 0.010602386582678335, 0.009506725584568507], [-0.0012578190338734612, 0.009506725584568507, 0.01209922415737307]], "chi2_level": 0.95, "chi2_df": 3, "chi2_threshold": 7.814727903251179, "N_raw": 78, "N_roi": 76, "N_inlier": 73, "refit": true}
{"timestamp": "17:48:54.035318", "frame": 39, "mu": [-0.3347546647611082, 3.1631601684340325, -0.6436294511038881], "Sigma": [[0.009947050726405357, 0.006587069171901498, 0.02482442262528847], [0.0065870691719014975, 0.009665428174898074, 0.02957359627524333], [0.02482442262528847, 0.02957359627524333, 0.1087657244554793]], "chi2_level": 0.95, "chi2_df": 3, "chi2_threshold": 7.814727903251179, "N_raw": 24, "N_roi": 21, "N_inlier": 20, "refit": true}
{"timestamp": "17:48:54.092975", "frame": 40, "mu": [-0.31258178249035334, 3.190302201425822, 1.2993564113857907], "Sigma": [[0.018222790445430553, -0.0014000327117559132, -0.014124365719940416], [-0.0014000327117559132, 0.004617081160195043, 0.0036280418947034873], [-0.014124365719940416, 0.003628041894703488, 0.013411441737546178]], "chi2_level": 0.95, "chi2_df": 3, "chi2_threshold": 7.814727903251179, "N_raw": 52, "N_roi": 49, "N_inlier": 43, "refit": true}
{"timestamp": "17:48:54.151764", "frame": 41, "mu": [-0.20480748223806972, 3.1642314571204966, 1.1523348219968779], "Sigma": [[0.019362131218068287, -0.0015263196602584698, -0.012731287350549044], [-0.0015263196602584698, 0.005886539402229769, -0.00199670315499844], [-0.012731287350549044, -0.0019967031549984397, 0.012510529799405477]], "chi2_level": 0.95, "chi2_df": 3, "chi2_threshold": 7.814727903251179, "N_raw": 75, "N_roi": 75, "N_inlier": 71, "refit": true}
{"timestamp": "17:48:54.203629", "frame": 42, "mu": [-0.09702370922200705, 3.1888087079057366, 1.1485943010352557], "Sigma": [[0.015121180223731923, -0.0017998978553379137, -0.011254825843139684], [-0.001799897855337914, 0.0037056101657134714, 1.5061671110507414e-06], [-0.011254825843139684, 1.5061671110507685e-06, 0.01562872210628087]], "chi2_level": 0.95, "chi2_df": 3, "chi2_threshold": 7.814727903251179, "N_raw": 53, "N_roi": 53, "N_inlier": 49, "refit": true}
{"timestamp": "17:48:54.263543", "frame": 43, "mu": [-0.053661302618237386, 3.2343400272893263, 1.0851875518228606], "Sigma": [[0.018331729464243638, -0.0022811642443056716, -0.005028273902233025], [-0.0022811642443056716, 0.004858767994606685, -0.005195602750970432], [-0.005028273902233025, -0.005195602750970432, 0.01115171465203898]], "chi2_level": 0.95, "chi2_df": 3, "chi2_threshold": 7.814727903251179, "N_raw": 81, "N_roi": 77, "N_inlier": 72, "refit": true}
{"timestamp": "17:48:54.314629", "frame": 44, "mu": [0.01808265923453529, 3.2434997160455517, 1.2626701483397194], "Sigma": [[0.014283972518471955, 2.9288705152894228e-05, -0.005443218752945459], [2.9288705152894336e-05, 0.005096712135378636, 0.0006729654948323039], [-0.005443218752945459, 0.000672965494832304, 0.0037906691696362473]], "chi2_level": 0.95, "chi2_df": 3, "chi2_threshold": 7.814727903251179, "N_raw": 51, "N_roi": 51, "N_inlier": 49, "refit": true}
{"timestamp": "17:48:54.365859", "frame": 45, "mu": [0.07891937067102747, 3.2688050167342215, 0.9028034261107681], "Sigma": [[0.01258996704928504, -0.0009317791577719032, -0.003048312001555597], [-0.0009317791577719033, 0.0021619301300228287, 0.0013382715547504125], [-0.003048312001555597, 0.0013382715547504125, 0.0018107102070967238]], "chi2_level": 0.95, "chi2_df": 3, "chi2_threshold": 7.814727903251179, "N_raw": 31, "N_roi": 29, "N_inlier": 24, "refit": true}
{"timestamp": "17:48:54.418141", "frame": 46, "mu": [0.19450339100347347, 3.32002347139798, 0.5509782723970174], "Sigma": [[0.005043164819583094, 0.0012936943832404283, 0.0018873235790613776], [0.0012936943832404283, 0.0015786661914894643, 0.00494628045987615], [0.0018873235790613776, 0.004946280459876149, 0.18525795447471002]], "chi2_level": 0.95, "chi2_df": 3, "chi2_threshold": 7.814727903251179, "N_raw": 15, "N_roi": 9, "N_inlier": 8, "refit": true}
{"timestamp": "17:48:54.471921", "frame": 47, "mu": [0.27622147613912534, 3.529203424674713, -0.19979736908180137], "Sigma": [[0.0018508150612953666, 0.004952182017476295, -0.017784361526933686], [0.004952182017476295, 0.027359168549102274, -0.09604892935564482], [-0.017784361526933686, -0.09604892935564482, 0.35482774759769264]], "chi2_level": 0.95, "chi2_df": 3, "chi2_threshold": 7.814727903251179, "N_raw": 10, "N_roi": 7, "N_inlier": 7, "refit": true}
{"timestamp": "17:48:54.598369", "frame": 48, "mu": [0.3081329083865804, 3.404416361141687, 0.037331722853798106], "Sigma": [[0.013419488297671927, -0.0009938542716889458, -0.0054363083539208336], [-0.0009938542716889458, 0.0032859808135284898, -0.0014560269478329042], [-0.005436308353920833, -0.0014560269478329042, 0.003947273726007606]], "chi2_level": 0.95, "chi2_df": 3, "chi2_threshold": 7.814727903251179, "N_raw": 39, "N_roi": 39, "N_inlier": 37, "refit": true}
{"timestamp": "17:48:54.623179", "frame": 49, "mu": [0.37731913338616146, 3.23872165348963, 1.0132917813943885], "Sigma": [[0.016819560139286135, -0.0015358550112478818, -0.007926514600085996], [-0.0015358550112478818, 0.005344367587437848, -0.0030824136228980526], [-0.007926514600085996, -0.0030824136228980526, 0.009166787891887419]], "chi2_level": 0.95, "chi2_df": 3, "chi2_threshold": 7.814727903251179, "N_raw": 73, "N_roi": 69, "N_inlier": 65, "refit": true}
{"timestamp": "17:48:54.659908", "frame": 50, "mu": [0.4754034415315729, 3.209245468583371, 0.8390914759560217], "Sigma": [[0.011376299214262794, -0.0010388424745947369, -0.007111392369001234], [-0.0010388424745947367, 0.002471134144916309, -0.001067000308928584], [-0.007111392369001234, -0.001067000308928584, 0.012134219874217115]], "chi2_level": 0.95, "chi2_df": 3, "chi2_threshold": 7.814727903251179, "N_raw": 31, "N_roi": 28, "N_inlier": 25, "refit": true}
{"timestamp": "17:48:54.694846", "frame": 51, "mu": [0.5558755361494655, 3.182737961192877, 0.9481867974889964], "Sigma": [[0.010120807258806047, -0.0035414878144068218, -0.0028650316982417384], [-0.0035414878144068218, 0.004069015109594, 0.0005982691681429243], [-0.002865031698241739, 0.0005982691681429242, 0.0015943630240591782]], "chi2_level": 0.95, "chi2_df": 3, "chi2_threshold": 7.814727903251179, "N_raw": 34, "N_roi": 34, "N_inlier": 30, "refit": true}
{"timestamp": "17:48:54.751883", "frame": 52, "mu": [0.6527265922638672, 3.0717384300412403, 0.8239016134411515], "Sigma": [[0.013989484370409382, -0.005615080914239555, -0.009598453927134435], [-0.0056150809142395544, 0.003640941957654952, 0.0019505714649106051], [-0.009598453927134435, 0.0019505714649106051, 0.010971854930766549]], "chi2_level": 0.95, "chi2_df": 3, "chi2_threshold": 7.814727903251179, "N_raw": 44, "N_roi": 42, "N_inlier": 39, "refit": true}
{"timestamp": "17:48:54.808582", "frame": 53, "mu": [0.7173728510227206, 3.003405881749806, 0.6409488564218444], "Sigma": [[0.016064629322457905, -0.003122602518638961, -0.002933834434851362], [-0.0031226025186389616, 0.003818114044475085, -0.0008162000795369792], [-0.002933834434851362, -0.0008162000795369791, 0.0034478134951785953]], "chi2_level": 0.95, "chi2_df": 3, "chi2_threshold": 7.814727903251179, "N_raw": 51, "N_roi": 51, "N_inlier": 47, "refit": true}
{"timestamp": "17:48:54.861703", "frame": 54, "mu": [0.7736030618686872, 3.0568888886685075, 0.904610638021937], "Sigma": [[0.013779836412929862, -0.0024966607345606774, -0.0007667993580095403], [-0.0024966607345606774, 0.0015208721026548305, -0.001887489789649212], [-0.0007667993580095401, -0.001887489789649212, 0.005065544902836601]], "chi2_level": 0.95, "chi2_df": 3, "chi2_threshold": 7.814727903251179, "N_raw": 41, "N_roi": 41, "N_inlier": 37, "refit": true}
{"timestamp": "17:48:54.967013", "frame": 56, "mu": [0.861322327440186, 3.366125727019808, 0.2479366338319897], "Sigma": [[0.0036989507423011176, -0.0025324822875545205, 0.0015035386853087841], [-0.00253248228755452, 0.002685446128494076, -0.001759141782106774], [0.0015035386853087841, -0.001759141782106774, 0.0014341443444412314]], "chi2_level": 0.95, "chi2_df": 3, "chi2_threshold": 7.814727903251179, "N_raw": 13, "N_roi": 10, "N_inlier": 8, "refit": true}
{"timestamp": "17:48:55.021973", "frame": 57, "mu": [0.9293317426087823, 3.504212935913499, -0.5665895139890592], "Sigma": [[0.0020539475646246517, -0.008310391730539393, 0.007059650481679287], [-0.008310391730539393, 0.09109809920149536, -0.10932606601087463], [0.007059650481679287, -0.10932606601087463, 0.14442066688584168]], "chi2_level": 0.95, "chi2_df": 3, "chi2_threshold": 7.814727903251179, "N_raw": 12, "N_roi": 10, "N_inlier": 9, "refit": true}
{"timestamp": "17:48:55.081015", "frame": 58, "mu": [1.075699782374218, 3.103415341633195, 1.0726768493380523], "Sigma": [[0.014449662165105353, -0.004721060336964409, -0.0016855906228366775], [-0.004721060336964409, 0.006763464409933765, 0.0029501451843321706], [-0.0016855906228366775, 0.0029501451843321706, 0.0026738810333422893]], "chi2_level": 0.95, "chi2_df": 3, "chi2_threshold": 7.814727903251179, "N_raw": 41, "N_roi": 41, "N_inlier": 37, "refit": true}
{"timestamp": "17:48:55.136232", "frame": 59, "mu": [1.126763261743877, 3.1302645636181894, 1.0024939789497949], "Sigma": [[0.013252751551806692, -0.004245614753110768, -0.001391605889261922], [-0.004245614753110768, 0.003977495994113105, -0.0009614899555193538], [-0.0013916058892619225, -0.0009614899555193538, 0.0029080231427832093]], "chi2_level": 0.95, "chi2_df": 3, "chi2_threshold": 7.814727903251179, "N_raw": 36, "N_roi": 36, "N_inlier": 34, "refit": true}
{"timestamp": "17:48:55.191963", "frame": 60, "mu": [1.173793850229653, 3.1687173276266507, 1.206498569084566], "Sigma": [[0.019131237074847814, -0.010155517962901487, -0.016742769873755087], [-0.010155517962901487, 0.007891444893321749, 0.006884242140737776], [-0.016742769873755087, 0.006884242140737776, 0.021020241605015075]], "chi2_level": 0.95, "chi2_df": 3, "chi2_threshold": 7.814727903251179, "N_raw": 45, "N_roi": 43, "N_inlier": 42, "refit": true}
{"timestamp": "17:48:55.247488", "frame": 61, "mu": [1.2281396041554689, 3.308542419395673, -0.18240623843714887], "Sigma": [[0.018257242420360288, -0.004962141942310663, 0.0004700198259301655], [-0.004962141942310663, 0.005047337915367123, -0.0008380095328548067], [0.00047001982593016537, -0.0008380095328548067, 0.000845281812418277]], "chi2_level": 0.95, "chi2_df": 3, "chi2_threshold": 7.814727903251179, "N_raw": 47, "N_roi": 44, "N_inlier": 41, "refit": true}
{"timestamp": "17:48:55.301013", "frame": 62, "mu": [1.257003861775581, 3.1504870963924287, 0.9889681198896065], "Sigma": [[0.016104186507369035, -0.004984256415141107, -0.0007032197755312002], [-0.004984256415141107, 0.004722302949247712, -0.0016782481548306455], [-0.0007032197755312, -0.0016782481548306455, 0.0029574259838545734]], "chi2_level": 0.95, "chi2_df": 3, "chi2_threshold": 7.814727903251179, "N_raw": 41, "N_roi": 41, "N_inlier": 39, "refit": true}
{"timestamp": "17:48:55.358309", "frame": 63, "mu": [1.3335210877724595, 3.1409598537038566, 0.9488882577756693], "Sigma": [[0.016366738332874244, -0.003863288242280649, 0.0027976087582544376], [-0.003863288242280649, 0.004388038325131023, -0.00324777526726439], [0.0027976087582544384, -0.00324777526726439, 0.007483280321519229]], "chi2_level": 0.95, "chi2_df": 3, "chi2_threshold": 7.814727903251179, "N_raw": 51, "N_roi": 51, "N_inlier": 50, "refit": true}
{"timestamp": "17:48:55.411712", "frame": 64, "mu": [1.4059715305488365, 3.1551340466871465, 1.0037644617669337], "Sigma": [[0.01290230900944865, -0.004701830024132863, 0.0025525341412625264], [-0.004701830024132863, 0.0033913109612244553, -0.00032859253443692673], [0.0025525341412625255, -0.00032859253443692673, 0.02636844709734988]], "chi2_level": 0.95, "chi2_df": 3, "chi2_threshold": 7.814727903251179, "N_raw": 39, "N_roi": 39, "N_inlier": 36, "refit": true}
{"timestamp": "17:48:55.465661", "frame": 65, "mu": [1.4354025871505192, 3.1353865055393326, 0.9809125833317437], "Sigma": [[0.0110077424672678, -0.004791460587965278, 0.00214165061746167], [-0.004791460587965278, 0.0024535376729030167, -0.0035912653250695934], [0.0021416506174616696, -0.0035912653250695934, 0.020488707120674837]], "chi2_level": 0.95, "chi2_df": 3, "chi2_threshold": 7.814727903251179, "N_raw": 35, "N_roi": 35, "N_inlier": 32, "refit": true}
{"timestamp": "17:48:55.520893", "frame": 66, "mu": [1.543513753478421, 3.1841985920427085, 0.9547271466512829], "Sigma": [[0.015829372363683713, -0.0044132952209672205, 0.0010509033048899173], [-0.0044132952209672205, 0.004765471222029011, -0.0015156724064832481], [0.0010509033048899173, -0.0015156724064832481, 0.0005312543850896194]], "chi2_level": 0.95, "chi2_df": 3, "chi2_threshold": 7.814727903251179, "N_raw": 40, "N_roi": 40, "N_inlier": 38, "refit": true}
{"timestamp": "17:48:55.627777", "frame": 68, "mu": [1.6405790149418449, 3.2481841206928537, 1.2557559891293888], "Sigma": [[0.009911330976089714, -0.0034646871247600015, 0.001384627057167246], [-0.0034646871247600015, 0.003326070963021783, 0.0001768482085299899], [0.001384627057167246, 0.0001768482085299899, 0.0012857441015628514]], "chi2_level": 0.95, "chi2_df": 3, "chi2_threshold": 7.814727903251179, "N_raw": 18, "N_roi": 18, "N_inlier": 15, "refit": true}
{"timestamp": "17:48:55.685576", "frame": 69, "mu": [1.7060151189660209, 3.2493621733880906, 1.0928102131968518], "Sigma": [[0.015977309302343742, -0.006887233950308326, -0.0014740302150967567], [-0.006887233950308326, 0.004623496129423685, -0.0014047610440700512], [-0.0014740302150967567, -0.0014047610440700512, 0.008345459035723887]], "chi2_level": 0.95, "chi2_df": 3, "chi2_threshold": 7.814727903251179, "N_raw": 36, "N_roi": 34, "N_inlier": 33, "refit": true}
{"timestamp": "17:48:55.737286", "frame": 70, "mu": [1.8251302307947541, 3.2515558400964024, 0.8016679261109619], "Sigma": [[0.06394180931783863, -0.009232680233845937, -0.06521697451277461], [-0.009232680233845937, 0.002603497170888102, 0.009276082792044251], [-0.06521697451277461, 0.009276082792044253, 0.1315869470144193]], "chi2_level": 0.95, "chi2_df": 3, "chi2_threshold": 7.814727903251179, "N_raw": 9, "N_roi": 8, "N_inlier": 7, "refit": true}
{"timestamp": "17:48:56.067177", "frame": 76, "mu": [2.002678282011062, 3.289215217375932, 1.3424829060893873], "Sigma": [[0.007964517410778112, -0.003648561258939623, -0.0044924538000412784], [-0.0036485612589396235, 0.0037337341129699626, 0.0016736263746955716], [-0.0044924538000412784, 0.0016736263746955716, 0.004742548605136446]], "chi2_level": 0.95, "chi2_df": 3, "chi2_threshold": 7.814727903251179, "N_raw": 14, "N_roi": 12, "N_inlier": 11, "refit": true}
{"timestamp": "17:48:56.124244", "frame": 77, "mu": [2.0093595219796154, 3.3662277463193355, -0.07386840315047419], "Sigma": [[0.007286372958123508, -0.003261906516299074, 0.026959950054487515], [-0.003261906516299074, 0.0046556607580662945, -0.018729383831279284], [0.026959950054487515, -0.018729383831279284, 0.1662630576663497]], "chi2_level": 0.95, "chi2_df": 3, "chi2_threshold": 7.814727903251179, "N_raw": 22, "N_roi": 19, "N_inlier": 19, "refit": true}
