{"timestamp": "18:03:12.794684", "frame": 13, "mu": [-2.376819784403434, 4.334656585663005, -0.3732952528577937], "Sigma": [[0.007046831364091776, 0.008535256444449751, 0.03383631495019539], [0.008535256444449753, 0.017383972549871667, 0.06503807340808036], [0.03383631495019539, 0.06503807340808036, 0.30417093056260214]], "chi2_level": 0.95, "chi2_df": 3, "chi2_threshold": 7.814727903251179, "N_raw": 37, "N_roi": 17, "N_inlier": 17, "refit": true}
{"timestamp": "18:03:12.848215", "frame": 14, "mu": [-2.364844733241421, 4.4219473065923705, 0.048044097398835556], "Sigma": [[0.00975256129163927, 0.0037577371909733475, -0.0009210778577885399], [0.0037577371909733475, 0.0038628428697620007, -0.004131265156224317], [-0.0009210778577885399, -0.004131265156224317, 0.00823009038777524]], "chi2_level": 0.95, "chi2_df": 3, "chi2_threshold": 7.814727903251179, "N_raw": 19, "N_roi": 13, "N_inlier": 13, "refit": true}
{"timestamp": "18:03:13.013493", "frame": 17, "mu": [-2.115192563085126, 4.163041631470055, 0.7579308373537897], "Sigma": [[0.020056254392261774, 0.0016678425784398515, -0.021726313492646022], [0.0016678425784398515, 0.0033011960755884697, 0.0004321215509196718], [-0.021726313492646022, 0.0004321215509196717, 0.0260440443042015]], "chi2_level": 0.95, "chi2_df": 3, "chi2_threshold": 7.814727903251179, "N_raw": 25, "N_roi": 23, "N_inlier": 22, "refit": true}
{"timestamp": "18:03:13.068330", "frame": 18, "mu": [-1.9515253634105463, 4.252817667130635, 0.6035913168999943], "Sigma": [[0.003008050454881399, 0.003198564172846204, -0.0014135308583724283], [0.0031985641728462045, 0.03204141534982547, 0.005947037321565581], [-0.0014135308583724283, 0.005947037321565581, 0.0033026169030725503]], "chi2_level": 0.95, "chi2_df": 3, "chi2_threshold": 7.814727903251179, "N_raw": 12, "N_roi": 10, "N_inlier": 9, "refit": true}
{"timestamp": "18:03:13.123407", "frame": 19, "mu": [-1.9163945074847601, 4.26336642936243, 0.716608894470176], "Sigma": [[0.015754065535446102, -0.013990934340161083, -0.015155024271331956], [-0.013990934340161083, 0.02730372362387207, 0.006691946062607322], [-0.015155024271331958, 0.006691946062607323, 0.018997593058455345]], "chi2_level": 0.95, "chi2_df": 3, "chi2_threshold": 7.814727903251179, "N_raw": 10, "N_roi": 9, "N_inlier": 8, "refit": true}
{"timestamp": "18:03:13.182872", "frame": 20, "mu": [-1.9455929399980691, 4.234283010040102, 0.8360148334247454], "Sigma": [[0.02739080594029144, 0.00783176616593314, -0.009584110323443286], [0.007831766165933137, 0.007535360951976537, -0.003031254521442745], [-0.009584110323443286, -0.003031254521442745, 0.005223412069501031]], "chi2_level": 0.95, "chi2_df": 3, "chi2_threshold": 7.814727903251179, "N_raw": 44, "N_roi": 41, "N_inlier": 38, "refit": true}
{"timestamp": "18:03:13.294133", "frame": 22, "mu": [-1.7565741228428808, 4.425852134591252, -0.1744417632948697], "Sigma": [[0.02673364198123627, 0.007603257579030672, -0.007385475861065761], [0.007603257579030672, 0.007632682361341152, -0.0065191475698966345], [-0.007385475861065761, -0.0065191475698966345, 0.007285023246966254]], "chi2_level": 0.95, "chi2_df": 3, "chi2_threshold": 7.814727903251179, "N_raw": 51, "N_roi": 47, "N_inlier": 45, "refit": true}
{"timestamp": "18:03:13.345145", "frame": 23, "mu": [-1.6876770518896476, 4.4595217969665, -0.17891553118148196], "Sigma": [[0.02266676224548229, 0.006941248067509053, -0.0075141090633756], [0.006941248067509054, 0.003777907287456793, -0.004868459706198047], [-0.0075141090633756, -0.004868459706198047, 0.008280240176994936]], "chi2_level": 0.95, "chi2_df": 3, "chi2_threshold": 7.814727903251179, "N_raw": 24, "N_roi": 24, "N_inlier": 23, "refit": true}
{"timestamp": "18:03:13.397968", "frame": 24, "mu": [-1.6272531434249677, 4.171495858787545, 0.7714023246516404], "Sigma": [[0.0072684930112862775, 0.002255572165329203, -0.0023958802807915822], [0.002255572165329203, 0.002936048765000446, -0.004946145729987029], [-0.0023958802807915822, -0.00494614572998703, 0.010623083492123831]], "chi2_level": 0.95, "chi2_df": 3, "chi2_threshold": 7.814727903251179, "N_raw": 13, "N_roi": 11, "N_inlier": 11, "refit": true}
{"timestamp": "18:03:13.454534", "frame": 25, "mu": [-1.5685059000796506, 4.239419864142657, 0.7914961989832159], "Sigma": [[0.01062381544885647, 0.003456829515052374, -0.003316185826688872], [0.003456829515052374, 0.002074576583935266, -0.0038680312441679203], [-0.003316185826688872, -0.0038680312441679203, 0.011981701494915708]], "chi2_level": 0.95, "chi2_df": 3, "chi2_threshold": 7.814727903251179, "N_raw": 17, "N_roi": 13, "N_inlier": 13, "refit": true}
{"timestamp": "18:03:13.565384", "frame": 27, "mu": [-1.3711295236280365, 4.314887245408322, 0.9737109166610293], "Sigma": [[0.01252052978899578, 0.004180921963633179, -0.002593257690718071], [0.004180921963633179, 0.0034657708017130197, -0.0007856855454642284], [-0.002593257690718071, -0.0007856855454642284, 0.0006793076667465782]], "chi2_level": 0.95, "chi2_df": 3, "chi2_threshold": 7.814727903251179, "N_raw": 26, "N_roi": 21, "N_inlier": 20, "refit": true}
{"timestamp": "18:03:13.676573", "frame": 29, "mu": [-1.3035178771842098, 4.365192534502738, 1.0987014811730433], "Sigma": [[0.021612388065156862, 0.003970258518012947, -0.010365397911002994], [0.003970258518012947, 0.002875854031887249, -0.0010276867487403144], [-0.010365397911002994, -0.0010276867487403146, 0.00649944749001886]], "chi2_level": 0.95, "chi2_df": 3, "chi2_threshold": 7.814727903251179, "N_raw": 34, "N_roi": 29, "N_inlier": 26, "refit": true}
{"timestamp": "18:03:13.785609", "frame": 31, "mu": [-1.1055572258443462, 4.213608425826963, 0.7071622709283676], "Sigma": [[0.008893994214081236, 0.0006015337194419835, -0.005092653567552308], [0.0006015337194419837, 0.004085795525411405, 0.001071892095092635], [-0.005092653567552308, 0.0010718920950926348, 0.005220326386321955]], "chi2_level": 0.95, "chi2_df": 3, "chi2_threshold": 7.814727903251179, "N_raw": 25, "N_roi": 17, "N_inlier": 15, "refit": true}
{"timestamp": "18:03:13.842789", "frame": 32, "mu": [-0.9919449497708602, 4.305416461461045, 0.9565964707279984], "Sigma": [[0.023599202802015527, 0.0015218240580306417, -0.014560549671159072], [0.0015218240580306417, 0.006224306273554181, 0.00472452798412213], [-0.014560549671159072, 0.00472452798412213, 0.015206041699303917]], "chi2_level": 0.95, "chi2_df": 3, "chi2_threshold": 7.814727903251179, "N_raw": 45, "N_roi": 40, "N_inlier": 40, "refit": true}
{"timestamp": "18:03:13.897917", "frame": 33, "mu": [-0.880531647208482, 4.374201935083037, 1.1081292861875829], "Sigma": [[0.028895810588879182, 0.003486583317311655, -0.01025678296857798], [0.003486583317311656, 0.0030662939686880576, -0.0012505389011062962], [-0.010256782968577982, -0.0012505389011062962, 0.004661617254800666]], "chi2_level": 0.95, "chi2_df": 3, "chi2_threshold": 7.814727903251179, "N_raw": 42, "N_roi": 39, "N_inlier": 37, "refit": true}
{"timestamp": "18:03:13.952443", "frame": 34, "mu": [-0.8207281953457302, 4.336261966452083, 1.0351214170939351], "Sigma": [[0.02204920532310991, 0.0028071414350848978, -0.008653749913712431], [0.0028071414350848986, 0.0024368359350509716, -0.00021865870460293496], [-0.008653749913712431, -0.00021865870460293486, 0.0054828998008163805]], "chi2_level": 0.95, "chi2_df": 3, "chi2_threshold": 7.814727903251179, "N_raw": 33, "N_roi": 28, "N_inlier": 24, "refit": true}
{"timestamp": "18:03:14.006055", "frame": 35, "mu": [-0.696482556059788, 4.364557694723494, 1.2048908283672084], "Sigma": [[0.0203498945649892, 0.00046587742107123995, -0.009801364250247788], [0.00046587742107124, 0.005620024262326423, 0.006203977142932056], [-0.009801364250247788, 0.006203977142932058, 0.013540932791578593]], "chi2_level": 0.95, "chi2_df": 3, "chi2_threshold": 7.814727903251179, "N_raw": 36, "N_roi": 35, "N_inlier": 32, "refit": true}
{"timestamp": "18:03:14.060949", "frame": 36, "mu": [-0.6686858554490857, 4.296372053018232, 0.790191885070068], "Sigma": [[0.01750223732711337, -0.0003595014421177427, -0.01069766818583401], [-0.00035950144211774294, 0.001818102432328828, 0.00040326006926934456], [-0.010697668185834008, 0.00040326006926934467, 0.0096828393078398]], "chi2_level": 0.95, "chi2_df": 3, "chi2_threshold": 7.814727903251179, "N_raw": 27, "N_roi": 23, "N_inlier": 20, "refit": true}
{"timestamp": "18:03:14.115383", "frame": 37, "mu": [-0.5728870388617385, 4.2325913214133735, 0.9873792375114118], "Sigma": [[0.021741990423198333, 0.0005671348650336176, -0.007745106463900582], [0.0005671348650336176, 0.0007967638309818082, -0.0009443173700674555], [-0.007745106463900582, -0.0009443173700674555, 0.005615195608811708]], "chi2_level": 0.95, "chi2_df": 3, "chi2_threshold": 7.814727903251179, "N_raw": 27, "N_roi": 24, "N_inlier": 22, "refit": true}
{"timestamp": "18:03:14.169188", "frame": 38, "mu": [-0.4061994651577121, 4.23962782531474, 0.8596183891544372], "Sigma": [[0.008506112732302777, 0.0009542116076500032, -0.002496583622460593], [0.0009542116076500032, 0.00018160230289818486, -0.0011598578012780155], [-0.0024965836224605928, -0.0011598578012780155, 0.011679870249314555]], "chi2_level": 0.95, "chi2_df": 3, "chi2_threshold": 7.814727903251179, "N_raw": 20, "N_roi": 15, "N_inlier": 13, "refit": true}
{"timestamp": "18:03:14.276800", "frame": 40, "mu": [-0.27708536822662627, 4.398965209353694, 0.7587951339845547], "Sigma": [[0.009016468712570912, 0.010161049914142102, -0.04362783141150635], [0.010161049914142102, 0.0163073850915234, -0.05517021252828873], [-0.04362783141150635, -0.055170212528288735, 0.24521320853182677]], "chi2_level": 0.95, "chi2_df": 3, "chi2_threshold": 7.814727903251179, "N_raw": 8, "N_roi": 8, "N_inlier": 8, "refit": true}
{"timestamp": "18:03:14.334630", "frame": 41, "mu": [-0.33132675289307617, 4.366335108949752, 1.0200284494139333], "Sigma": [[0.013364617991491039, -0.00016475385026560476, -0.00561673516987189], [-0.00016475385026560463, 0.0030248593098796987, -0.00017107948687671885], [-0.0056167351698718886, -0.0001710794868767188, 0.004368427902856779]], "chi2_level": 0.95, "chi2_df": 3, "chi2_threshold": 7.814727903251179, "N_raw": 29, "N_roi": 29, "N_inlier": 28, "refit": true}
{"timestamp": "18:03:14.387445", "frame": 42, "mu": [-0.2080504109464872, 4.3385895395890515, 0.8044876246232201], "Sigma": [[0.005790017148436456, 0.003171610564769998, -0.011267652828478041], [0.003171610564769998, 0.006924654775366459, -0.027093535996653345], [-0.011267652828478044, -0.027093535996653345, 0.20917622112415823]], "chi2_level": 0.95, "chi2_df": 3, "chi2_threshold": 7.814727903251179, "N_raw": 7, "N_roi": 7, "N_inlier": 7, "refit": true}
{"timestamp": "18:03:14.443625", "frame": 43, "mu": [-0.11983173814582437, 4.40615198005081, 1.1327541025578471], "Sigma": [[0.007055052765522959, 7.108970015019917e-05, -0.003297923268876745], [7.108970015019917e-05, 0.0014290785715315956, -0.001279900941035256], [-0.003297923268876745, -0.0012799009410352565, 0.05004843204020229]], "chi2_level": 0.95, "chi2_df": 3, "chi2_threshold": 7.814727903251179, "N_raw": 15, "N_roi": 15, "N_inlier": 13, "refit": true}
{"timestamp": "18:03:14.553309", "frame": 45, "mu": [0.07481780016216878, 4.4318710286646334, 0.8717581842137391], "Sigma": [[0.012940101820474519, -0.002718831510038393, 0.012068591428320256], [-0.002718831510038393, 0.002559407781143764, -0.008708058346708842], [0.012068591428320256, -0.008708058346708842, 0.040849553412886985]], "chi2_level": 0.95, "chi2_df": 3, "chi2_threshold": 7.814727903251179, "N_raw": 15, "N_roi": 15, "N_inlier": 13, "refit": true}
{"timestamp": "18:03:14.664811", "frame": 47, "mu": [0.23087527878808287, 4.302902113065458, 0.9946448290915743], "Sigma": [[0.006420087607560049, -0.0008464668956445738, -0.002570655352468191], [-0.0008464668956445737, 0.001002619988688013, 0.0003489862429484078], [-0.002570655352468191, 0.00034898624294840783, 0.0019675889909955406]], "chi2_level": 0.95, "chi2_df": 3, "chi2_threshold": 7.814727903251179, "N_raw": 16, "N_roi": 11, "N_inlier": 9, "refit": true}
{"timestamp": "18:03:14.883593", "frame": 51, "mu": [0.4458334266707935, 4.453653175556983, 0.9863075480049146], "Sigma": [[0.001348179208536933, -0.0025254635873223066, 0.0038995060331657306], [-0.0025254635873223066, 0.013900130998737447, -0.02174682079260254], [0.0038995060331657315, -0.021746820792602536, 0.3288985246438993]], "chi2_level": 0.95, "chi2_df": 3, "chi2_threshold": 7.814727903251179, "N_raw": 10, "N_roi": 9, "N_inlier": 8, "refit": true}
{"timestamp": "18:03:14.994400", "frame": 53, "mu": [0.5850504814351355, 4.525250132276422, 0.485129241738996], "Sigma": [[0.011558771762916748, -0.009769695593682397, 0.004898157323501616], [-0.009769695593682397, 0.021030654015925347, -0.021865412828928562], [0.004898157323501616, -0.021865412828928562, 0.035108807318466106]], "chi2_level": 0.95, "chi2_df": 3, "chi2_threshold": 7.814727903251179, "N_raw": 21, "N_roi": 20, "N_inlier": 18, "refit": true}
{"timestamp": "18:03:15.050534", "frame": 54, "mu": [0.7918752277883717, 4.266647299102758, 0.8934331778229585], "Sigma": [[0.006834066104398433, -0.002434186101304517, -0.0015122449502316625], [-0.0024341861013045174, 0.0059580224390996745, -0.010312731010802904], [-0.0015122449502316627, -0.010312731010802904, 0.02678033268756303]], "chi2_level": 0.95, "chi2_df": 3, "chi2_threshold": 7.814727903251179, "N_raw": 22, "N_roi": 19, "N_inlier": 17, "refit": true}
{"timestamp": "18:03:15.543274", "frame": 63, "mu": [1.3790161918969757, 4.060211549835899, 0.9118709288776436], "Sigma": [[0.01068932862545023, -0.004420383516519169, -0.003904377382345042], [-0.004420383516519169, 0.0024112610595175563, 0.0012887184000062628], [-0.003904377382345042, 0.0012887184000062628, 0.004157214991995182]], "chi2_level": 0.95, "chi2_df": 3, "chi2_threshold": 7.814727903251179, "N_raw": 12, "N_roi": 11, "N_inlier": 10, "refit": true}
{"timestamp": "18:03:15.599288", "frame": 64, "mu": [1.46817297203352, 4.083021867234916, 1.0438162927801253], "Sigma": [[0.01323424908871111, -0.004967876570310131, -0.006641229791196926], [-0.004967876570310131, 0.003394892851033178, 0.0029202216643640973], [-0.006641229791196926, 0.0029202216643640973, 0.006594079778831931]], "chi2_level": 0.95, "chi2_df": 3, "chi2_threshold": 7.814727903251179, "N_raw": 18, "N_roi": 18, "N_inlier": 16, "refit": true}
{"timestamp": "18:03:15.656451", "frame": 65, "mu": [1.4487751936788125, 4.037527351960664, 0.8459350916752743], "Sigma": [[0.024148047195103148, -0.008006262044001695, -0.007128217179278471], [-0.008006262044001695, 0.005265350774211293, 0.0017254301550595624], [-0.007128217179278471, 0.001725430155059562, 0.004026932723654558]], "chi2_level": 0.95, "chi2_df": 3, "chi2_threshold": 7.814727903251179, "N_raw": 33, "N_roi": 33, "N_inlier": 32, "refit": true}
{"timestamp": "18:03:15.710690", "frame": 66, "mu": [1.4785017386870314, 4.017034464383355, 0.886639979116746], "Sigma": [[0.01810962605001061, -0.004505311984781195, -0.00736161901086483], [-0.004505311984781195, 0.0027776933713176783, -0.00022705203226684463], [-0.00736161901086483, -0.00022705203226684473, 0.008405848982324013]], "chi2_level": 0.95, "chi2_df": 3, "chi2_threshold": 7.814727903251179, "N_raw": 28, "N_roi": 28, "N_inlier": 28, "refit": true}
{"timestamp": "18:03:15.768045", "frame": 67, "mu": [1.5193469806122177, 3.979282929021446, 0.7779591353600217], "Sigma": [[0.028310776165897944, -0.008040735468740484, -0.009396999919945461], [-0.008040735468740484, 0.00470502617819129, 0.0006748430350649012], [-0.009396999919945461, 0.0006748430350649013, 0.006593177736917255]], "chi2_level": 0.95, "chi2_df": 3, "chi2_threshold": 7.814727903251179, "N_raw": 40, "N_roi": 40, "N_inlier": 40, "refit": true}
{"timestamp": "18:03:15.822298", "frame": 68, "mu": [1.574991892031026, 3.9943271751212293, 0.9056756632167017], "Sigma": [[0.031115828595956962, -0.010825727841669984, -0.01897050215299051], [-0.010825727841669984, 0.00550922325566053, 0.004205854823911934], [-0.018970502152990502, 0.004205854823911934, 0.018266863888793193]], "chi2_level": 0.95, "chi2_df": 3, "chi2_threshold": 7.814727903251179, "N_raw": 42, "N_roi": 42, "N_inlier": 41, "refit": true}
{"timestamp": "18:03:15.874164", "frame": 69, "mu": [1.6706935883369662, 3.8971666414403496, 0.643161844715347], "Sigma": [[0.01119375143450105, -0.0042307867191476185, -0.00602845420041072], [-0.0042307867191476185, 0.0031033720145755917, 0.002062845292392248], [-0.00602845420041072, 0.002062845292392248, 0.004449872433715253]], "chi2_level": 0.95, "chi2_df": 3, "chi2_threshold": 7.814727903251179, "N_raw": 20, "N_roi": 20, "N_inlier": 18, "refit": true}
{"timestamp": "18:03:15.930637", "frame": 70, "mu": [1.6821261584018157, 3.8436366772989587, 0.7087879214425153], "Sigma": [[0.016410582079626305, -0.008248320665141164, -0.008379219568265843], [-0.008248320665141164, 0.005248462341076253, 0.0032980642887000845], [-0.008379219568265843, 0.0032980642887000845, 0.007109100809204878]], "chi2_level": 0.95, "chi2_df": 3, "chi2_threshold": 7.814727903251179, "N_raw": 27, "N_roi": 25, "N_inlier": 23, "refit": true}
{"timestamp": "18:03:15.985656", "frame": 71, "mu": [1.7387241056828493, 3.7988385564236866, 0.7603506117873181], "Sigma": [[0.022995866698765164, -0.011354093310381747, -0.015852744139664435], [-0.011354093310381747, 0.007590777398611108, 0.006023313856648547], [-0.015852744139664435, 0.006023313856648548, 0.01453450536996192]], "chi2_level": 0.95, "chi2_df": 3, "chi2_threshold": 7.814727903251179, "N_raw": 36, "N_roi": 36, "N_inlier": 36, "refit": true}
{"timestamp": "18:03:16.043673", "frame": 72, "mu": [1.714578302070178, 3.7525620204900743, 0.7740934593072579], "Sigma": [[0.025016690098461854, -0.01285282502814248, -0.0147125146402681], [-0.01285282502814248, 0.00831752203309231, 0.004314931063064789], [-0.0147125146402681, 0.004314931063064788, 0.01844123017526392]], "chi2_level": 0.95, "chi2_df": 3, "chi2_threshold": 7.814727903251179, "N_raw": 45, "N_roi": 45, "N_inlier": 44, "refit": true}
{"timestamp": "18:03:16.096995", "frame": 73, "mu": [1.7716698399978854, 3.667142518078227, 0.6718790554362292], "Sigma": [[0.018469075327273193, -0.008894886143189451, -0.006205479757138464], [-0.008894886143189451, 0.005618431236040653, 0.0011499344674059417], [-0.006205479757138464, 0.0011499344674059419, 0.00853468215369573]], "chi2_level": 0.95, "chi2_df": 3, "chi2_threshold": 7.814727903251179, "N_raw": 35, "N_roi": 33, "N_inlier": 31, "refit": true}
{"timestamp": "18:03:16.148693", "frame": 74, "mu": [1.8776988757794286, 3.5691873941487144, 0.6583423238947189], "Sigma": [[0.024827404670267974, -0.008028497040867376, -0.043373316151546694], [-0.008028497040867378, 0.004315203220932875, 0.014316128789529765], [-0.0433733161515467, 0.014316128789529765, 0.08427967386290962]], "chi2_level": 0.95, "chi2_df": 3, "chi2_threshold": 7.814727903251179, "N_raw": 11, "N_roi": 9, "N_inlier": 9, "refit": true}
{"timestamp": "18:03:16.208326", "frame": 75, "mu": [1.7834414751110104, 3.6129970218617533, 0.6290001456144936], "Sigma": [[0.021562421371897997, -0.01482248021967071, -0.015452357153249649], [-0.014822480219670711, 0.013975170567410976, 0.008501104551821383], [-0.015452357153249649, 0.008501104551821383, 0.015562348081063136]], "chi2_level": 0.95, "chi2_df": 3, "chi2_threshold": 7.814727903251179, "N_raw": 47, "N_roi": 47, "N_inlier": 45, "refit": true}
{"timestamp": "18:03:16.259634", "frame": 76, "mu": [1.7404186281249092, 3.577656225585927, 0.6656870660169187], "Sigma": [[0.01274071118968456, -0.011845498529477284, -0.017227846566166015], [-0.011845498529477286, 0.011484004464252382, 0.015743149078124404], [-0.017227846566166015, 0.015743149078124404, 0.033003554923260604]], "chi2_level": 0.95, "chi2_df": 3, "chi2_threshold": 7.814727903251179, "N_raw": 24, "N_roi": 21, "N_inlier": 19, "refit": true}
{"timestamp": "18:03:16.322351", "frame": 77, "mu": [1.792151995108695, 3.504747565257197, 0.6454381656497378], "Sigma": [[0.02721138724232977, -0.0202596244698161, -0.017037799105062052], [-0.0202596244698161, 0.02272521985615534, 0.00875582123433543], [-0.017037799105062056, 0.00875582123433543, 0.015992323803629957]], "chi2_level": 0.95, "chi2_df": 3, "chi2_threshold": 7.814727903251179, "N_raw": 73, "N_roi": 71, "N_inlier": 68, "refit": true}
{"timestamp": "18:03:16.374998", "frame": 78, "mu": [1.7997583033930784, 3.4137385339384254, 0.6809376024450156], "Sigma": [[0.024814960972408796, -0.014025464555956612, -0.0073095340852319295], [-0.014025464555956612, 0.013498505467422215, 0.0027826238026169127], [-0.00730953408523193, 0.0027826238026169127, 0.004812292321804434]], "chi2_level": 0.95, "chi2_df": 3, "chi2_threshold": 7.814727903251179, "N_raw": 54, "N_roi": 53, "N_inlier": 52, "refit": true}
{"timestamp": "18:03:16.427994", "frame": 79, "mu": [1.79710689438858, 3.3503282794342772, 0.6301429528318472], "Sigma": [[0.0241605514084794, -0.015644109330992972, -0.012347567326755092], [-0.015644109330992972, 0.01228425150140554, 0.0063246630534005525], [-0.012347567326755092, 0.0063246630534005525, 0.00979310202993296]], "chi2_level": 0.95, "chi2_df": 3, "chi2_threshold": 7.814727903251179, "N_raw": 43, "N_roi": 40, "N_inlier": 39, "refit": true}
{"timestamp": "18:03:16.483941", "frame": 80, "mu": [1.7291503803700543, 3.3168430616567037, 0.7074062994289292], "Sigma": [[0.019520463159377385, -0.011924868439862412, -0.013135479765766032], [-0.011924868439862412, 0.007910868344752181, 0.005861323395314692], [-0.013135479765766032, 0.005861323395314692, 0.03277305056872333]], "chi2_level": 0.95, "chi2_df": 3, "chi2_threshold": 7.814727903251179, "N_raw": 48, "N_roi": 46, "N_inlier": 44, "refit": true}
{"timestamp": "18:03:16.543672", "frame": 81, "mu": [1.7043232341856671, 3.269497782891044, 0.52882621101216], "Sigma": [[0.025656286039699695, -0.019609458214455644, -0.00911475065897268], [-0.019609458214455644, 0.021817522266343675, 0.0035239054638778284], [-0.00911475065897268, 0.003523905463877829, 0.008154552241255655]], "chi2_level": 0.95, "chi2_df": 3, "chi2_threshold": 7.814727903251179, "N_raw": 69, "N_roi": 68, "N_inlier": 66, "refit": true}
{"timestamp": "18:03:16.596558", "frame": 82, "mu": [1.573884524478541, 3.3119865961002577, 0.7430468138921067], "Sigma": [[0.02399556468225538, -0.018101729636614848, -0.014576204358912803], [-0.018101729636614848, 0.022306487654543128, 0.0016733104330057258], [-0.014576204358912803, 0.001673310433005726, 0.023128237148000504]], "chi2_level": 0.95, "chi2_df": 3, "chi2_threshold": 7.814727903251179, "N_raw": 68, "N_roi": 68, "N_inlier": 64, "refit": true}
{"timestamp": "18:03:16.648685", "frame": 83, "mu": [1.562542463980541, 3.3515135460466396, -0.8404120931330413], "Sigma": [[0.0218866916916109, 0.0020291093093006106, 0.02737795433246764], [0.0020291093093006106, 0.005307423197173875, 0.01336763183469426], [0.02737795433246764, 0.01336763183469426, 0.1192394507378058]], "chi2_level": 0.95, "chi2_df": 3, "chi2_threshold": 7.814727903251179, "N_raw": 50, "N_roi": 50, "N_inlier": 48, "refit": true}
{"timestamp": "18:03:16.703635", "frame": 84, "mu": [1.5034321954607306, 3.220963086255201, 0.773193214842831], "Sigma": [[0.022775639219976045, -0.014453889781214225, -0.025337803133621238], [-0.014453889781214223, 0.010925524405247062, 0.013130756539978587], [-0.02533780313362124, 0.013130756539978587, 0.042504283706591275]], "chi2_level": 0.95, "chi2_df": 3, "chi2_threshold": 7.814727903251179, "N_raw": 51, "N_roi": 51, "N_inlier": 50, "refit": true}
{"timestamp": "18:03:16.760183", "frame": 85, "mu": [1.4674016221496367, 3.194092874059957, 0.8989363819748372], "Sigma": [[0.014569265085468974, -0.010875240935019764, -0.013799212479261407], [-0.010875240935019764, 0.01366448993283398, 0.008906881981242135], [-0.013799212479261407, 0.008906881981242135, 0.015189167489906426]], "chi2_level": 0.95, "chi2_df": 3, "chi2_threshold": 7.814727903251179, "N_raw": 50, "N_roi": 50, "N_inlier": 47, "refit": true}
{"timestamp": "18:03:16.808468", "frame": 86, "mu": [1.3500878443936277, 3.166458380040415, 0.8331813290515331], "Sigma": [[0.00403892325753749, -0.001976335733417282, -0.0015626665206213786], [-0.001976335733417282, 0.007259151004267752, 0.003639939001532703], [-0.0015626665206213786, 0.003639939001532703, 0.0030593945682642863]], "chi2_level": 0.95, "chi2_df": 3, "chi2_threshold": 7.814727903251179, "N_raw": 16, "N_roi": 16, "N_inlier": 15, "refit": true}
{"timestamp": "18:03:16.869126", "frame": 87, "mu": [1.3467819112845714, 3.09077709661635, 0.8341734279691143], "Sigma": [[0.021478075751407, -0.00849115487498582, -0.007774082435804892], [-0.00849115487498582, 0.009196758467732902, 0.00274927969443242], [-0.007774082435804892, 0.00274927969443242, 0.0038665462663484]], "chi2_level": 0.95, "chi2_df": 3, "chi2_threshold": 7.814727903251179, "N_raw": 58, "N_roi": 58, "N_inlier": 56, "refit": true}
{"timestamp": "18:03:16.923767", "frame": 88, "mu": [1.2772700542641113, 3.150294126626476, 0.8547083207434746], "Sigma": [[0.01547970099429834, -0.005260533142688973, -0.005239498172642125], [-0.005260533142688973, 0.006017130391489953, 0.00023668007902658927], [-0.005239498172642125, 0.000236680079026589, 0.004059117807190974]], "chi2_level": 0.95, "chi2_df": 3, "chi2_threshold": 7.814727903251179, "N_raw": 46, "N_roi": 46, "N_inlier": 43, "refit": true}
{"timestamp": "18:03:16.973304", "frame": 89, "mu": [1.1071744773043266, 3.4613280729753146, -0.6511906942541176], "Sigma": [[0.004133368381617215, -0.0010612354514091655, 0.008131872653982786], [-0.0010612354514091655, 0.03539778389563804, -0.04908933234303364], [0.008131872653982785, -0.04908933234303364, 0.08055893470267195]], "chi2_level": 0.95, "chi2_df": 3, "chi2_threshold": 7.814727903251179, "N_raw": 8, "N_roi": 8, "N_inlier": 8, "refit": true}
{"timestamp": "18:03:17.036218", "frame": 90, "mu": [1.0732116729812493, 3.171395072756195, 0.875541407696263], "Sigma": [[0.020812183234788166, -0.004166627024528126, -0.011450148848344523], [-0.004166627024528126, 0.0037998267960108567, -0.0018792975953170561], [-0.011450148848344523, -0.001879297595317056, 0.015254916533870105]], "chi2_level": 0.95, "chi2_df": 3, "chi2_threshold": 7.814727903251179, "N_raw": 66, "N_roi": 63, "N_inlier": 58, "refit": true}
{"timestamp": "18:03:17.088267", "frame": 91, "mu": [1.0777721082006784, 3.1869238772997006, 0.7834990747959641], "Sigma": [[0.012965916619568968, -0.005829975316029775, -0.00901385519488728], [-0.005829975316029775, 0.006498321634422352, 7.789310595479495e-05], [-0.00901385519488728, 7.789310595479495e-05, 0.028039209653566013]], "chi2_level": 0.95, "chi2_df": 3, "chi2_threshold": 7.814727903251179, "N_raw": 43, "N_roi": 43, "N_inlier": 38, "refit": true}
{"timestamp": "18:03:17.137987", "frame": 92, "mu": [0.908859008399672, 3.264207346018058, 0.5989805520952911], "Sigma": [[0.009230258164002187, -0.00566306060475958, -0.028310032181717258], [-0.005663060604759582, 0.012792482300769412, -0.03126791001757196], [-0.028310032181717258, -0.03126791001757196, 0.3945217433551779]], "chi2_level": 0.95, "chi2_df": 3, "chi2_threshold": 7.814727903251179, "N_raw": 10, "N_roi": 10, "N_inlier": 9, "refit": true}
{"timestamp": "18:03:17.196613", "frame": 93, "mu": [0.7527910814003249, 3.2747804898758526, 1.1155205945355513], "Sigma": [[0.0070461301699451815, -0.004298923549744821, -0.007090424271013852], [-0.004298923549744821, 0.005412646114224983, 0.002297675823008925], [-0.007090424271013852, 0.002297675823008925, 0.011218528575377978]], "chi2_level": 0.95, "chi2_df": 3, "chi2_threshold": 7.814727903251179, "N_raw": 31, "N_roi": 31, "N_inlier": 27, "refit": true}
{"timestamp": "18:03:17.254115", "frame": 94, "mu": [0.6518219535165433, 3.371674628880369, 0.167946491994659], "Sigma": [[0.015445523999656543, -0.004789008397413505, -0.023508281757983897], [-0.004789008397413505, 0.005872235809074928, 0.01168620285135714], [-0.023508281757983897, 0.011686202851357139, 0.04234935482876805]], "chi2_level": 0.95, "chi2_df": 3, "chi2_threshold": 7.814727903251179, "N_raw": 52, "N_roi": 52, "N_inlier": 49, "refit": true}
{"timestamp": "18:03:17.311448", "frame": 95, "mu": [0.6868509154782625, 3.251964429264084, 1.109239322019803], "Sigma": [[0.014648607079645468, -0.00830011497401505, -0.023572842374524727], [-0.00830011497401505, 0.009625465892294233, 0.012879683903699514], [-0.023572842374524724, 0.012879683903699514, 0.041970047573290065]], "chi2_level": 0.95, "chi2_df": 3, "chi2_threshold": 7.814727903251179, "N_raw": 58, "N_roi": 53, "N_inlier": 51, "refit": true}
{"timestamp": "18:03:17.364225", "frame": 96, "mu": [0.5633337624421504, 3.3417174929393836, 1.1367433716270479], "Sigma": [[0.01496609383752772, -0.00436389172603892, -0.017585147745625508], [-0.00436389172603892, 0.004411597123113787, 0.0023849750756437167], [-0.017585147745625508, 0.0023849750756437167, 0.02577657737073978]], "chi2_level": 0.95, "chi2_df": 3, "chi2_threshold": 7.814727903251179, "N_raw": 50, "N_roi": 49, "N_inlier": 46, "refit": true}
{"timestamp": "18:03:17.415182", "frame": 97, "mu": [0.5307246647063388, 3.214011887009542, 0.8958024928985664], "Sigma": [[0.006226956362690657, -0.0005860574823587683, -0.008710183850855965], [-0.0005860574823587685, 0.002262927159077467, -0.009952947756074802], [-0.008710183850855964, -0.009952947756074802, 0.11567619735585201]], "chi2_level": 0.95, "chi2_df": 3, "chi2_threshold": 7.814727903251179, "N_raw": 27, "N_roi": 27, "N_inlier": 25, "refit": true}
{"timestamp": "18:03:17.472524", "frame": 98, "mu": [0.4664908100190889, 3.2517577765960275, 1.086664804234999], "Sigma": [[0.010186568579895432, -0.0021821715177834577, -0.005423763086931991], [-0.0021821715177834573, 0.0025995041958840523, -0.0007858544958473922], [-0.005423763086931991, -0.000785854495847392, 0.006078812152473743]], "chi2_level": 0.95, "chi2_df": 3, "chi2_threshold": 7.814727903251179, "N_raw": 38, "N_roi": 36, "N_inlier": 33, "refit": true}
{"timestamp": "18:03:17.523748", "frame": 99, "mu": [0.30842803728510737, 3.3637179178767096, 0.7829399878617362], "Sigma": [[0.025542698723835706, -0.006740244267412646, -0.07967045811598493], [-0.006740244267412646, 0.00994140706446475, 0.04986138080234501], [-0.07967045811598493, 0.04986138080234501, 0.6861239919754708]], "chi2_level": 0.95, "chi2_df": 3, "chi2_threshold": 7.814727903251179, "N_raw": 11, "N_roi": 9, "N_inlier": 9, "refit": true}
{"timestamp": "18:03:17.650222", "frame": 100, "mu": [0.22304974425376406, 3.3572775991875705, 1.4112908859747717], "Sigma": [[0.012890368819462693, -0.0026193794441785627, -0.009439667159809135], [-0.0026193794441785627, 0.004664944557130888, 0.004207100492468996], [-0.009439667159809135, 0.004207100492468996, 0.011123933622596291]], "chi2_level": 0.95, "chi2_df": 3, "chi2_threshold": 7.814727903251179, "N_raw": 43, "N_roi": 42, "N_inlier": 36, "refit": true}
{"timestamp": "18:03:17.669802", "frame": 101, "mu": [0.1764018353037517, 3.3714561703265113, 0.20109086079198787], "Sigma": [[0.016220430915892113, -0.0007776410628844776, -0.013713031646107423], [-0.0007776410628844774, 0.004835158114251088, 0.005400387099678282], [-0.013713031646107423, 0.005400387099678282, 0.019012115858612955]], "chi2_level": 0.95, "chi2_df": 3, "chi2_threshold": 7.814727903251179, "N_raw": 58, "N_roi": 58, "N_inlier": 54, "refit": true}
{"timestamp": "18:03:17.700869", "frame": 102, "mu": [0.054790170041330494, 3.381854113182327, 1.3882047666043262], "Sigma": [[0.01577122771719222, -0.001015314658279653, -0.006647296253249866], [-0.0010153146582796532, 0.0040406530641397985, -0.001064530143363782], [-0.006647296253249866, -0.001064530143363782, 0.004411415062563535]], "chi2_level": 0.95, "chi2_df": 3, "chi2_threshold": 7.814727903251179, "N_raw": 60, "N_roi": 56, "N_inlier": 49, "refit": true}
{"timestamp": "18:03:17.751171", "frame": 103, "mu": [0.008803996268325802, 3.332794551095223, 1.382351782369637], "Sigma": [[0.013499631884500093, -0.0011917563825435912, -0.008511181045930457], [-0.001191756382543591, 0.007065039375865344, 0.0016611979627600129], [-0.008511181045930457, 0.0016611979627600135, 0.023831964521591947]], "chi2_level": 0.95, "chi2_df": 3, "chi2_threshold": 7.814727903251179, "N_raw": 58, "N_roi": 55, "N_inlier": 51, "refit": true}
{"timestamp": "18:03:17.854470", "frame": 105, "mu": [-0.17573205852761997, 3.3205352855320953, 0.8819187625781206], "Sigma": [[0.01431833314082565, 0.0051629649213161335, -0.03928430793143617], [0.0051629649213161335, 0.00877504036248506, -0.026831608962235683], [-0.03928430793143617, -0.02683160896223568, 0.13816196093699454]], "chi2_level": 0.95, "chi2_df": 3, "chi2_threshold": 7.814727903251179, "N_raw": 17, "N_roi": 17, "N_inlier": 16, "refit": true}
{"timestamp": "18:03:17.911769", "frame": 106, "mu": [-0.24436955075865097, 3.2972313855460382, 1.176692677035348], "Sigma": [[0.012605745856778853, -0.0017284654961985096, -0.012536923539783943], [-0.0017284654961985096, 0.0017210888666575545, -0.0018342998484054353], [-0.012536923539783945, -0.001834299848405435, 0.038054180135757024]], "chi2_level": 0.95, "chi2_df": 3, "chi2_threshold": 7.814727903251179, "N_raw": 41, "N_roi": 41, "N_inlier": 37, "refit": true}
{"timestamp": "18:03:17.969964", "frame": 107, "mu": [-0.32556233226912334, 3.3609495370611, 1.0416271461662752], "Sigma": [[0.018604936407877762, -0.0006826123233245635, -0.010584263955046858], [-0.0006826123233245635, 0.004318640602761693, 0.022728066725453647], [-0.010584263955046858, 0.022728066725453647, 0.29998781501634264]], "chi2_level": 0.95, "chi2_df": 3, "chi2_threshold": 7.814727903251179, "N_raw": 53, "N_roi": 53, "N_inlier": 53, "refit": true}
{"timestamp": "18:03:18.024532", "frame": 108, "mu": [-0.39750690489290397, 3.373956951189012, 1.2681465486091135], "Sigma": [[0.023656920137675546, -0.001458377432855653, -0.020411246188684097], [-0.001458377432855653, 0.0034381773379654093, 0.0006040536647709394], [-0.020411246188684097, 0.0006040536647709393, 0.020277397229393215]], "chi2_level": 0.95, "chi2_df": 3, "chi2_threshold": 7.814727903251179, "N_raw": 54, "N_roi": 52, "N_inlier": 47, "refit": true}
{"timestamp": "18:03:18.083948", "frame": 109, "mu": [-0.4992213516007424, 3.317480593948173, 0.7694545892655965], "Sigma": [[0.0173290434756203, 0.0017456427281711184, 0.007050546535667217], [0.0017456427281711184, 0.003482436330768713, 0.0001662091379810444], [0.007050546535667218, 0.00016620913798104484, 0.3745509837796824]], "chi2_level": 0.95, "chi2_df": 3, "chi2_threshold": 7.814727903251179, "N_raw": 78, "N_roi": 76, "N_inlier": 75, "refit": true}
{"timestamp": "18:03:18.132800", "frame": 110, "mu": [-0.5422628346556756, 3.2994954096475473, 0.7846285149596622], "Sigma": [[0.011060262687338234, 0.00042317483990798475, 0.0005324210967986784], [0.00042317483990798475, 0.0026529607871981758, -0.008475743290076299], [0.0005324210967986786, -0.008475743290076299, 0.2139353981995031]], "chi2_level": 0.95, "chi2_df": 3, "chi2_threshold": 7.814727903251179, "N_raw": 39, "N_roi": 39, "N_inlier": 38, "refit": true}
{"timestamp": "18:03:18.187376", "frame": 111, "mu": [-0.6721329118893741, 3.3748815846778655, 0.6803801949546647], "Sigma": [[0.017185657145339185, 0.0018880458494646129, 0.021368520350417263], [0.0018880458494646129, 0.0012383484910465056, 0.01024630269013609], [0.021368520350417263, 0.01024630269013609, 0.3387017885215258]], "chi2_level": 0.95, "chi2_df": 3, "chi2_threshold": 7.814727903251179, "N_raw": 39, "N_roi": 39, "N_inlier": 37, "refit": true}
{"timestamp": "18:03:18.239776", "frame": 112, "mu": [-0.6729376042609095, 3.538746384590273, -0.3988980594498871], "Sigma": [[0.008035859903878591, 0.001768641843283919, -0.005367588283972323], [0.001768641843283919, 0.014206346052985989, -0.04634176214993324], [-0.005367588283972323, -0.046341762149933255, 0.1611358916251787]], "chi2_level": 0.95, "chi2_df": 3, "chi2_threshold": 7.814727903251179, "N_raw": 16, "N_roi": 16, "N_inlier": 14, "refit": true}
{"timestamp": "18:03:18.298883", "frame": 113, "mu": [-0.7849227123298096, 3.3506919606606487, 1.1349346879659288], "Sigma": [[0.011225347237826205, 0.0007272473527263558, -0.012134187637901304], [0.0007272473527263558, 0.002314858618659899, -0.0036031976573958025], [-0.012134187637901302, -0.0036031976573958025, 0.03411793454613428]], "chi2_level": 0.95, "chi2_df": 3, "chi2_threshold": 7.814727903251179, "N_raw": 45, "N_roi": 41, "N_inlier": 36, "refit": true}
{"timestamp": "18:03:18.349464", "frame": 114, "mu": [-0.9067795482916725, 3.352259915177941, 0.25627329189411285], "Sigma": [[0.007302331353634434, 0.0029676009112135694, 0.012945162067592596], [0.0029676009112135694, 0.0038435241656254006, 0.014149031670340777], [0.012945162067592596, 0.014149031670340775, 0.34964989225102877]], "chi2_level": 0.95, "chi2_df": 3, "chi2_threshold": 7.814727903251179, "N_raw": 18, "N_roi": 18, "N_inlier": 17, "refit": true}
{"timestamp": "18:03:18.408467", "frame": 115, "mu": [-0.9409628227329258, 3.389554463959561, 0.9987287207840165], "Sigma": [[0.00988078984330566, 0.0014266785967459311, -0.006005939997757702], [0.0014266785967459311, 0.0017155927024091386, 0.0014729742454644454], [-0.006005939997757701, 0.0014729742454644452, 0.246702585670173]], "chi2_level": 0.95, "chi2_df": 3, "chi2_threshold": 7.814727903251179, "N_raw": 43, "N_roi": 43, "N_inlier": 40, "refit": true}
{"timestamp": "18:03:18.458251", "frame": 116, "mu": [-1.007698988944558, 3.407762895730391, 1.1075605336403074], "Sigma": [[0.004081424311468638, -0.0005818964902981865, 0.01594982494400436], [-0.0005818964902981865, 0.001474190091102203, -0.005020820332873141], [0.01594982494400436, -0.005020820332873141, 0.1894530049812782]], "chi2_level": 0.95, "chi2_df": 3, "chi2_threshold": 7.814727903251179, "N_raw": 15, "N_roi": 13, "N_inlier": 12, "refit": true}
{"timestamp": "18:03:18.513210", "frame": 117, "mu": [-1.1227191346724579, 3.446074657554789, 0.7008440141293111], "Sigma": [[0.003698192672248822, -0.002177228581980095, 0.028482629633062216], [-0.002177228581980095, 0.0032159644757507513, -0.029317897541136197], [0.028482629633062216, -0.0293178975411362, 0.3451466501295309]], "chi2_level": 0.95, "chi2_df": 3, "chi2_threshold": 7.814727903251179, "N_raw": 10, "N_roi": 10, "N_inlier": 9, "refit": true}
{"timestamp": "18:03:18.572943", "frame": 118, "mu": [-1.163406245098215, 3.3866856042983007, 1.2295787745874247], "Sigma": [[0.015786142434158316, 0.0021446905917039886, -0.01750160633290055], [0.002144690591703989, 0.0023521688259314586, -0.006272640610467348], [-0.01750160633290055, -0.006272640610467348, 0.043704913244658146]], "chi2_level": 0.95, "chi2_df": 3, "chi2_threshold": 7.814727903251179, "N_raw": 45, "N_roi": 42, "N_inlier": 39, "refit": true}
{"timestamp": "18:03:18.623341", "frame": 119, "mu": [-1.3286901300808822, 3.358352723829663, 1.080863882929152], "Sigma": [[0.017888108341213075, -0.00020609616058290202, 0.049094560453956854], [-0.0002060961605829018, 0.0025155910682243, 0.002820863637654384], [0.049094560453956854, 0.0028208636376543836, 0.27990733222295605]], "chi2_level": 0.95, "chi2_df": 3, "chi2_threshold": 7.814727903251179, "N_raw": 14, "N_roi": 14, "N_inlier": 14, "refit": true}
{"timestamp": "18:03:18.681813", "frame": 120, "mu": [-1.1868253430463471, 3.4341163979138165, 0.6263059881314186], "Sigma": [[0.020462943130347612, 0.008886873664690638, -0.04211583145968727], [0.00888687366469064, 0.007073400878699347, -0.03138376131501844], [-0.04211583145968727, -0.03138376131501844, 0.16463350430372312]], "chi2_level": 0.95, "chi2_df": 3, "chi2_threshold": 7.814727903251179, "N_raw": 36, "N_roi": 36, "N_inlier": 31, "refit": true}
