{"timestamp": "18:45:51.430103", "frame": 20, "mu": [-1.7744853727675491, 4.976896880509815, 0.7224855341644265], "Sigma": [[0.008594661472208354, 0.00044285226693473986, -0.003656398118314781], [0.00044285226693473986, 0.00019839706689382287, -0.0006846771783186516], [-0.0036563981183147807, -0.0006846771783186516, 0.008275033018635119]], "chi2_level": 0.95, "chi2_df": 3, "chi2_threshold": 7.814727903251179, "N_raw": 26, "N_roi": 9, "N_inlier": 8, "refit": true}
{"timestamp": "18:45:51.598894", "frame": 23, "mu": [-1.6956630435575781, 4.877193021383014, 0.640337868571117], "Sigma": [[0.03315742319888626, 0.004154604737244451, -0.02403291395353182], [0.004154604737244451, 0.0031239476200701603, -0.007606253485305591], [-0.02403291395353182, -0.007606253485305591, 0.029926107423619053]], "chi2_level": 0.95, "chi2_df": 3, "chi2_threshold": 7.814727903251179, "N_raw": 51, "N_roi": 51, "N_inlier": 49, "refit": true}
{"timestamp": "18:45:51.657719", "frame": 24, "mu": [-1.710261589954491, 4.8497724780835245, 0.570918647475371], "Sigma": [[0.03938612064907225, 0.005023204105179132, -0.012258969367708436], [0.005023204105179133, 0.0033405477576098157, -0.00519987959843334], [-0.012258969367708435, -0.00519987959843334, 0.01897580114653314]], "chi2_level": 0.95, "chi2_df": 3, "chi2_threshold": 7.814727903251179, "N_raw": 58, "N_roi": 53, "N_inlier": 52, "refit": true}
{"timestamp": "18:45:51.710379", "frame": 25, "mu": [-1.755993689141819, 4.911298012442298, -0.03527465604582987], "Sigma": [[0.0327394607695282, 0.007640931535089548, 0.021484233328375107], [0.007640931535089548, 0.006277771733916473, 0.015599818263959179], [0.021484233328375103, 0.015599818263959179, 0.10162208551741622]], "chi2_level": 0.95, "chi2_df": 3, "chi2_threshold": 7.814727903251179, "N_raw": 50, "N_roi": 29, "N_inlier": 27, "refit": true}
{"timestamp": "18:45:51.763521", "frame": 26, "mu": [-1.660348311387398, 4.767350608454703, 0.5860942960813635], "Sigma": [[0.025816870250914593, 0.006733517103468905, -0.0030654195274865854], [0.006733517103468905, 0.0032512594446609893, -0.003110023674352315], [-0.003065419527486586, -0.0031100236743523153, 0.009952069036882233]], "chi2_level": 0.95, "chi2_df": 3, "chi2_threshold": 7.814727903251179, "N_raw": 37, "N_roi": 37, "N_inlier": 34, "refit": true}
{"timestamp": "18:45:51.815375", "frame": 27, "mu": [-1.6659970339935022, 4.736392409052428, 0.6352008150742285], "Sigma": [[0.01875651397510695, -0.0023677220072355217, 0.00048120011453260984], [-0.0023677220072355213, 0.0018123141518055328, -0.0011184491025284379], [0.00048120011453260984, -0.0011184491025284379, 0.0009958620701518617]], "chi2_level": 0.95, "chi2_df": 3, "chi2_threshold": 7.814727903251179, "N_raw": 12, "N_roi": 12, "N_inlier": 12, "refit": true}
{"timestamp": "18:45:51.872452", "frame": 28, "mu": [-1.7325074233777442, 4.6785255550262415, 0.5823988514583663], "Sigma": [[0.015301639800814563, 0.0023073118649120095, -0.006604490904866334], [0.00230731186491201, 0.0017636471399147032, -0.0038972222469224695], [-0.006604490904866334, -0.00389722224692247, 0.014434573674045654]], "chi2_level": 0.95, "chi2_df": 3, "chi2_threshold": 7.814727903251179, "N_raw": 28, "N_roi": 28, "N_inlier": 27, "refit": true}
{"timestamp": "18:45:51.930282", "frame": 29, "mu": [-1.7593210052757464, 4.594902687545024, 0.3280822673564391], "Sigma": [[0.04138432289260417, -0.002064772045708253, -0.028490603169262253], [-0.002064772045708253, 0.0024019695947933815, 0.006046187835568134], [-0.028490603169262253, 0.0060461878355681335, 0.06517456284957213]], "chi2_level": 0.95, "chi2_df": 3, "chi2_threshold": 7.814727903251179, "N_raw": 50, "N_roi": 50, "N_inlier": 46, "refit": true}
{"timestamp": "18:45:51.983596", "frame": 30, "mu": [-1.8270703439753722, 4.536331171111993, 0.2879369979872542], "Sigma": [[0.03699555395455402, 0.0059165489782487795, -0.016206224372822705], [0.0059165489782487795, 0.0034792856382282393, -0.0026231740854204197], [-0.016206224372822705, -0.0026231740854204197, 0.011122280450892216]], "chi2_level": 0.95, "chi2_df": 3, "chi2_threshold": 7.814727903251179, "N_raw": 38, "N_roi": 38, "N_inlier": 35, "refit": true}
{"timestamp": "18:45:52.043430", "frame": 31, "mu": [-1.7480184806344328, 4.485619379040934, 0.34195223163967564], "Sigma": [[0.04566301863140447, 0.0032840478850113893, -0.006951738989157368], [0.003284047885011389, 0.003510276909530173, 0.0012179560595568665], [-0.006951738989157368, 0.0012179560595568665, 0.05783344069663902]], "chi2_level": 0.95, "chi2_df": 3, "chi2_threshold": 7.814727903251179, "N_raw": 69, "N_roi": 69, "N_inlier": 69, "refit": true}
{"timestamp": "18:45:52.097811", "frame": 32, "mu": [-1.6819262496245786, 4.462127128016956, 0.3823768957763197], "Sigma": [[0.03870044840739571, 0.010831685863639627, 0.0023024689400229243], [0.010831685863639627, 0.0035754091379447154, -0.0018938805875570565], [0.0023024689400229243, -0.0018938805875570565, 0.047110701120464865]], "chi2_level": 0.95, "chi2_df": 3, "chi2_threshold": 7.814727903251179, "N_raw": 65, "N_roi": 65, "N_inlier": 61, "refit": true}
{"timestamp": "18:45:52.151325", "frame": 33, "mu": [-1.664923066249714, 4.418993215406362, 0.7220603816963037], "Sigma": [[0.03180246562362594, 0.006651429928333613, -0.015382173445747476], [0.006651429928333613, 0.002038599378324281, -0.0052265045067305185], [-0.015382173445747478, -0.0052265045067305185, 0.056033930610744916]], "chi2_level": 0.95, "chi2_df": 3, "chi2_threshold": 7.814727903251179, "N_raw": 53, "N_roi": 52, "N_inlier": 49, "refit": true}
{"timestamp": "18:45:52.205613", "frame": 34, "mu": [-1.6965077259472112, 4.393822146420131, 0.6837689453307376], "Sigma": [[0.030767952411691876, 0.005369385212390719, -0.014414772429883654], [0.005369385212390719, 0.002396573689215611, -0.007297765780006257], [-0.014414772429883654, -0.007297765780006257, 0.02821583937942906]], "chi2_level": 0.95, "chi2_df": 3, "chi2_threshold": 7.814727903251179, "N_raw": 51, "N_roi": 51, "N_inlier": 48, "refit": true}
{"timestamp": "18:45:52.257323", "frame": 35, "mu": [-1.7092186654627093, 4.336930083700669, 0.5055136477858457], "Sigma": [[0.0254359757168759, 0.003696876703632402, -0.012523193020452215], [0.0036968767036324028, 0.002670232859272841, -0.0014245677763890553], [-0.012523193020452215, -0.0014245677763890555, 0.007464179518691136]], "chi2_level": 0.95, "chi2_df": 3, "chi2_threshold": 7.814727903251179, "N_raw": 24, "N_roi": 24, "N_inlier": 23, "refit": true}
{"timestamp": "18:45:52.315326", "frame": 36, "mu": [-1.6757826098197792, 4.261722720376655, 0.5979415769708252], "Sigma": [[0.031185146905926442, 0.005101611376166761, -0.0215062678371565], [0.00510161137616676, 0.003743369856638826, -0.006765028321258703], [-0.0215062678371565, -0.006765028321258703, 0.0231512650812296]], "chi2_level": 0.95, "chi2_df": 3, "chi2_threshold": 7.814727903251179, "N_raw": 47, "N_roi": 47, "N_inlier": 45, "refit": true}
{"timestamp": "18:45:52.369235", "frame": 37, "mu": [-1.5844906826940177, 4.1966788862689475, 0.46179979268346893], "Sigma": [[0.024808540420405256, 0.0012482463250065277, -0.026628520447598676], [0.001248246325006528, 0.0014965687438569526, -0.003451561706933514], [-0.026628520447598676, -0.003451561706933514, 0.03685625004356766]], "chi2_level": 0.95, "chi2_df": 3, "chi2_threshold": 7.814727903251179, "N_raw": 36, "N_roi": 36, "N_inlier": 33, "refit": true}
{"timestamp": "18:45:52.421691", "frame": 38, "mu": [-1.745662460792591, 4.17167331215258, 0.49002529071045037], "Sigma": [[0.019889551658164646, 0.0020633330787585558, -0.00952954520781105], [0.0020633330787585558, 0.0012378743429267804, -0.0017574035891692518], [-0.009529545207811048, -0.0017574035891692518, 0.0077611785801533825]], "chi2_level": 0.95, "chi2_df": 3, "chi2_threshold": 7.814727903251179, "N_raw": 21, "N_roi": 21, "N_inlier": 20, "refit": true}
{"timestamp": "18:45:52.477219", "frame": 39, "mu": [-1.8212726243077697, 4.135392569730369, 0.5121693681957151], "Sigma": [[0.017626071280044408, -0.0006946278360242472, -0.008292236186592973], [-0.0006946278360242474, 0.0012841010385743095, -0.0007172086839074558], [-0.008292236186592972, -0.0007172086839074556, 0.007941628374092615]], "chi2_level": 0.95, "chi2_df": 3, "chi2_threshold": 7.814727903251179, "N_raw": 17, "N_roi": 17, "N_inlier": 16, "refit": true}
{"timestamp": "18:45:52.536541", "frame": 40, "mu": [-1.705663066968265, 4.0424961833190896, 0.5788249654767659], "Sigma": [[0.032684773766214086, 0.0009591180998788939, -0.01612913741612856], [0.0009591180998788937, 0.0014398826791082234, -0.005798528500196541], [-0.01612913741612856, -0.005798528500196541, 0.04012452484457882]], "chi2_level": 0.95, "chi2_df": 3, "chi2_threshold": 7.814727903251179, "N_raw": 56, "N_roi": 56, "N_inlier": 55, "refit": true}
{"timestamp": "18:45:52.587201", "frame": 41, "mu": [-1.8501600219512053, 4.022939563526804, 0.6206897589246329], "Sigma": [[0.009777355236643663, -0.0010606213626054958, -0.0072832353677276165], [-0.0010606213626054958, 0.001851469115457835, -0.0003491654193862274], [-0.0072832353677276165, -0.0003491654193862275, 0.012420158845278743]], "chi2_level": 0.95, "chi2_df": 3, "chi2_threshold": 7.814727903251179, "N_raw": 20, "N_roi": 20, "N_inlier": 18, "refit": true}
{"timestamp": "18:45:52.646482", "frame": 42, "mu": [-1.5771479751718673, 3.94565972681989, 0.477358712539886], "Sigma": [[0.036861870416950174, 0.0017477094379666149, -0.018646231110847213], [0.0017477094379666153, 0.0018030308600901273, -0.004604250777888015], [-0.018646231110847213, -0.004604250777888015, 0.023969282115902685]], "chi2_level": 0.95, "chi2_df": 3, "chi2_threshold": 7.814727903251179, "N_raw": 58, "N_roi": 58, "N_inlier": 55, "refit": true}
{"timestamp": "18:45:52.700462", "frame": 43, "mu": [-1.6155024103316193, 3.8591140319677533, 0.45760535084633946], "Sigma": [[0.024474963629308163, 0.0040780451344535696, -0.015340927348752996], [0.0040780451344535696, 0.0021609121210764025, -0.005664851866081077], [-0.015340927348752996, -0.005664851866081077, 0.02112248084613247]], "chi2_level": 0.95, "chi2_df": 3, "chi2_threshold": 7.814727903251179, "N_raw": 48, "N_roi": 48, "N_inlier": 45, "refit": true}
{"timestamp": "18:45:52.754605", "frame": 44, "mu": [-1.5672306314836235, 3.8369340401926304, -1.3466186679874435], "Sigma": [[0.026009400379692453, 0.00010947832167318682, -0.024853646197140325], [0.00010947832167318677, 0.0007771407637619086, -0.0022725550133984155], [-0.024853646197140325, -0.0022725550133984155, 0.04681431924333972]], "chi2_level": 0.95, "chi2_df": 3, "chi2_threshold": 7.814727903251179, "N_raw": 43, "N_roi": 43, "N_inlier": 39, "refit": true}
{"timestamp": "18:45:52.811328", "frame": 45, "mu": [-1.6134837011176468, 3.8126653664017875, 0.5545318681618365], "Sigma": [[0.041795706440667366, 0.0014855833137788774, -0.016428272886716666], [0.0014855833137788774, 0.0011774221771509016, -0.0028181324922072746], [-0.016428272886716666, -0.0028181324922072746, 0.021448538164572713]], "chi2_level": 0.95, "chi2_df": 3, "chi2_threshold": 7.814727903251179, "N_raw": 54, "N_roi": 54, "N_inlier": 52, "refit": true}
{"timestamp": "18:45:52.868622", "frame": 46, "mu": [-1.5428360802413317, 3.708791349423865, 0.5167316792873649], "Sigma": [[0.04922948173287145, -0.005854190502193603, -0.027889507879309543], [-0.005854190502193603, 0.0033890531726614515, 0.0003873791915617454], [-0.027889507879309543, 0.00038737919156174556, 0.022538618519447592]], "chi2_level": 0.95, "chi2_df": 3, "chi2_threshold": 7.814727903251179, "N_raw": 66, "N_roi": 65, "N_inlier": 64, "refit": true}
{"timestamp": "18:45:52.920714", "frame": 47, "mu": [-1.5488628566134368, 3.6630618588532506, 0.5976152983842344], "Sigma": [[0.05535879097581091, -0.006996343632605154, -0.023442909449420485], [-0.006996343632605154, 0.003500119083399292, -9.096379436803864e-05], [-0.023442909449420485, -9.096379436803869e-05, 0.017087437783808723]], "chi2_level": 0.95, "chi2_df": 3, "chi2_threshold": 7.814727903251179, "N_raw": 46, "N_roi": 46, "N_inlier": 45, "refit": true}
{"timestamp": "18:45:52.977028", "frame": 48, "mu": [-1.602607743881829, 3.666310476225975, 0.6319857146458915], "Sigma": [[0.04287526959645449, 0.004389363631773551, 0.004970990590693681], [0.004389363631773551, 0.0020191824393086255, -0.001111904563495561], [0.004970990590693681, -0.001111904563495561, 0.01831231100854594]], "chi2_level": 0.95, "chi2_df": 3, "chi2_threshold": 7.814727903251179, "N_raw": 56, "N_roi": 56, "N_inlier": 56, "refit": true}
{"timestamp": "18:45:53.030707", "frame": 49, "mu": [-1.7641880012495732, 3.5599921197317, 0.4606162515143974], "Sigma": [[0.03163089566804379, 0.0030493331998595, -0.0097257958911909], [0.003049333199859499, 0.004021859915784616, -0.0016135441401044863], [-0.009725795891190898, -0.0016135441401044863, 0.00814819289009948]], "chi2_level": 0.95, "chi2_df": 3, "chi2_threshold": 7.814727903251179, "N_raw": 50, "N_roi": 50, "N_inlier": 49, "refit": true}
{"timestamp": "18:45:53.090368", "frame": 50, "mu": [-1.6347672787153558, 3.5353626820323383, 0.7553982762413706], "Sigma": [[0.05356669287071843, 0.0018987211876024326, 0.0007377970079999664], [0.0018987211876024329, 0.0044218523386629505, -0.00516581883680263], [0.0007377970079999666, -0.00516581883680263, 0.02988829613280171]], "chi2_level": 0.95, "chi2_df": 3, "chi2_threshold": 7.814727903251179, "N_raw": 81, "N_roi": 79, "N_inlier": 77, "refit": true}
{"timestamp": "18:45:53.145236", "frame": 51, "mu": [-1.587665913440997, 3.461858901990154, 0.6121021319442663], "Sigma": [[0.02665118547622429, 0.00220899030152523, -0.00041331476527220056], [0.0022089903015252298, 0.0022186501522613814, -0.0045330404459225405], [-0.00041331476527220045, -0.0045330404459225405, 0.02897985875075259]], "chi2_level": 0.95, "chi2_df": 3, "chi2_threshold": 7.814727903251179, "N_raw": 67, "N_roi": 67, "N_inlier": 65, "refit": true}
{"timestamp": "18:45:53.197909", "frame": 52, "mu": [-1.6539028421954571, 3.41245384221751, 0.7069162096965613], "Sigma": [[0.03791441985779951, 0.0026031321519419345, 0.0014518704036653462], [0.002603132151941934, 0.0022401690143557607, -0.0042491319894350735], [0.0014518704036653456, -0.0042491319894350735, 0.03569044367079513]], "chi2_level": 0.95, "chi2_df": 3, "chi2_threshold": 7.814727903251179, "N_raw": 63, "N_roi": 63, "N_inlier": 61, "refit": true}
{"timestamp": "18:45:53.256736", "frame": 53, "mu": [-1.7064656495843402, 3.352255169571307, 0.5363444772949791], "Sigma": [[0.04106743208393307, 0.005808574078503694, 0.01591764052971415], [0.005808574078503695, 0.002654689311742473, -0.0006948016919996047], [0.01591764052971415, -0.0006948016919996051, 0.04796793356010125]], "chi2_level": 0.95, "chi2_df": 3, "chi2_threshold": 7.814727903251179, "N_raw": 82, "N_roi": 82, "N_inlier": 82, "refit": true}
{"timestamp": "18:45:53.310868", "frame": 54, "mu": [-1.630709351097913, 3.319786133364565, 0.6562081779826159], "Sigma": [[0.027058897851229023, 0.006478619944366975, 0.007233437830649903], [0.006478619944366976, 0.0030846908771590396, -0.0007451929999599623], [0.007233437830649902, -0.0007451929999599624, 0.053083874873346176]], "chi2_level": 0.95, "chi2_df": 3, "chi2_threshold": 7.814727903251179, "N_raw": 80, "N_roi": 80, "N_inlier": 77, "refit": true}
{"timestamp": "18:45:53.363423", "frame": 55, "mu": [-1.7139613743905437, 3.4092227695316284, -1.0031125475935596], "Sigma": [[0.023971278390026586, 0.023363648780576687, 0.05244172867848596], [0.023363648780576687, 0.03825013885403811, 0.06945613723405566], [0.05244172867848596, 0.06945613723405566, 0.1823066261242297]], "chi2_level": 0.95, "chi2_df": 3, "chi2_threshold": 7.814727903251179, "N_raw": 62, "N_roi": 62, "N_inlier": 62, "refit": true}
{"timestamp": "18:45:53.419915", "frame": 56, "mu": [-1.642112676560725, 3.229588217324892, 0.627791132563748], "Sigma": [[0.019446418350366375, 0.006275743150342943, 0.004177953957464762], [0.006275743150342943, 0.0032489744004723068, -0.0004593319597674765], [0.004177953957464763, -0.00045933195976747643, 0.01839080902529991]], "chi2_level": 0.95, "chi2_df": 3, "chi2_threshold": 7.814727903251179, "N_raw": 50, "N_roi": 49, "N_inlier": 46, "refit": true}
{"timestamp": "18:45:53.469657", "frame": 57, "mu": [-1.6962351119714447, 3.140785409968271, 0.7787306815440391], "Sigma": [[0.011325708617472686, 0.0021929029246671727, -0.004356915897796558], [0.002192902924667173, 0.004012894937592806, -0.00924964461748887], [-0.004356915897796558, -0.00924964461748887, 0.02464241858712019]], "chi2_level": 0.95, "chi2_df": 3, "chi2_threshold": 7.814727903251179, "N_raw": 42, "N_roi": 42, "N_inlier": 38, "refit": true}
{"timestamp": "18:45:53.582473", "frame": 59, "mu": [-1.7239378771306637, 3.281257532179407, -0.4256134449971366], "Sigma": [[0.021464563432054266, 0.012627004830878722, -0.019546751937636157], [0.012627004830878722, 0.013272923232075564, -0.02064225088098636], [-0.019546751937636157, -0.02064225088098636, 0.03384569450392151]], "chi2_level": 0.95, "chi2_df": 3, "chi2_threshold": 7.814727903251179, "N_raw": 59, "N_roi": 59, "N_inlier": 57, "refit": true}
{"timestamp": "18:45:53.634837", "frame": 60, "mu": [-1.5477555653467034, 3.019556259734731, 0.6158695308989832], "Sigma": [[0.015929266219570463, 0.00041652843230000834, -0.01751329299082507], [0.0004165284323000084, 0.0008485352683378125, -0.0022457304791174875], [-0.01751329299082507, -0.0022457304791174875, 0.03129659174992741]], "chi2_level": 0.95, "chi2_df": 3, "chi2_threshold": 7.814727903251179, "N_raw": 38, "N_roi": 38, "N_inlier": 36, "refit": true}
{"timestamp": "18:45:53.694577", "frame": 61, "mu": [-1.6016405804545317, 2.952470355460004, 0.7226793163444873], "Sigma": [[0.02128028256339394, 0.0032033017033554047, -0.01037505770379929], [0.0032033017033554047, 0.0019417245549606655, -0.006014052110508738], [-0.010375057703799288, -0.0060140521105087365, 0.037559008811042384]], "chi2_level": 0.95, "chi2_df": 3, "chi2_threshold": 7.814727903251179, "N_raw": 68, "N_roi": 68, "N_inlier": 67, "refit": true}
{"timestamp": "18:45:53.750205", "frame": 62, "mu": [-1.6516769314742936, 2.877319370525931, 0.7778983033117092], "Sigma": [[0.018610916478936403, 0.0012357282889197195, -0.01421226392052886], [0.0012357282889197195, 0.0023980589972906136, -0.006837570859666572], [-0.01421226392052886, -0.006837570859666572, 0.02959138315813498]], "chi2_level": 0.95, "chi2_df": 3, "chi2_threshold": 7.814727903251179, "N_raw": 71, "N_roi": 65, "N_inlier": 62, "refit": true}
{"timestamp": "18:45:53.803760", "frame": 63, "mu": [-1.6762780746434927, 2.858374387201717, 0.781133958539123], "Sigma": [[0.040312226437148574, 0.005056428032794994, -0.005959722306793312], [0.005056428032794994, 0.0018766264956858088, -0.0036877836780212798], [-0.005959722306793313, -0.0036877836780212806, 0.01454848168879083]], "chi2_level": 0.95, "chi2_df": 3, "chi2_threshold": 7.814727903251179, "N_raw": 62, "N_roi": 60, "N_inlier": 59, "refit": true}
{"timestamp": "18:45:53.861139", "frame": 64, "mu": [-1.5668196500641924, 2.7889132000805588, 0.6987824782177907], "Sigma": [[0.01581727251617939, 0.003775386475589334, -0.008166933201359281], [0.0037753864755893343, 0.0022286347776225893, -0.0051898751155666206], [-0.008166933201359281, -0.0051898751155666206, 0.01645091280198941]], "chi2_level": 0.95, "chi2_df": 3, "chi2_threshold": 7.814727903251179, "N_raw": 53, "N_roi": 50, "N_inlier": 48, "refit": true}
{"timestamp": "18:45:53.912476", "frame": 65, "mu": [-1.6442612498111964, 2.719570405147585, 0.8734582255273193], "Sigma": [[0.014236454511350553, 0.003565249236102113, -0.011644172284361326], [0.003565249236102113, 0.002970598768836101, -0.007678852850930076], [-0.011644172284361327, -0.007678852850930076, 0.023988041014314454]], "chi2_level": 0.95, "chi2_df": 3, "chi2_threshold": 7.814727903251179, "N_raw": 53, "N_roi": 53, "N_inlier": 51, "refit": true}
{"timestamp": "18:45:53.959645", "frame": 66, "mu": [-1.6575703369529642, 2.664674791695229, 0.7308967781239311], "Sigma": [[0.006785597137840344, 0.002736728002052955, 0.016145164514831754], [0.0027367280020529554, 0.0029001715750948246, 0.005400514271472113], [0.016145164514831754, 0.005400514271472113, 0.06522286307924625]], "chi2_level": 0.95, "chi2_df": 3, "chi2_threshold": 7.814727903251179, "N_raw": 7, "N_roi": 7, "N_inlier": 7, "refit": true}
{"timestamp": "18:45:54.021322", "frame": 67, "mu": [-1.7089973097799331, 2.6252263509396068, 0.7656567488069115], "Sigma": [[0.011796660309409476, 0.0031632483179272076, -0.0052249703667156], [0.0031632483179272076, 0.0019545483435592635, -0.005873254913729177], [-0.0052249703667156, -0.005873254913729177, 0.02770173766711312]], "chi2_level": 0.95, "chi2_df": 3, "chi2_threshold": 7.814727903251179, "N_raw": 51, "N_roi": 51, "N_inlier": 50, "refit": true}
{"timestamp": "18:45:54.075230", "frame": 68, "mu": [-1.623402784250333, 2.598096584489729, 0.6929602245933428], "Sigma": [[0.01570450829881299, 0.002243595763824543, -0.009010722471018336], [0.002243595763824543, 0.0009576977982374797, -0.002924703715051025], [-0.009010722471018336, -0.002924703715051025, 0.019320554324018774]], "chi2_level": 0.95, "chi2_df": 3, "chi2_threshold": 7.814727903251179, "N_raw": 40, "N_roi": 40, "N_inlier": 37, "refit": true}
{"timestamp": "18:45:54.130834", "frame": 69, "mu": [-1.67923629741405, 2.533269566765985, 0.9392870121381851], "Sigma": [[0.008927894141344773, 0.0021138115177056333, -0.010887242772534663], [0.002113811517705633, 0.0015284441050837517, -0.005471224663521371], [-0.010887242772534663, -0.005471224663521371, 0.028311852030618503]], "chi2_level": 0.95, "chi2_df": 3, "chi2_threshold": 7.814727903251179, "N_raw": 35, "N_roi": 35, "N_inlier": 34, "refit": true}
{"timestamp": "18:45:54.185399", "frame": 70, "mu": [-1.6786987241402147, 2.489173855436322, 1.0063697473675162], "Sigma": [[0.010262224221362687, 0.0010233261744788265, -0.007483128325036361], [0.0010233261744788265, 0.004402579737288398, -0.00613272643424828], [-0.007483128325036361, -0.00613272643424828, 0.013590195161852331]], "chi2_level": 0.95, "chi2_df": 3, "chi2_threshold": 7.814727903251179, "N_raw": 49, "N_roi": 49, "N_inlier": 48, "refit": true}
{"timestamp": "18:45:54.241494", "frame": 71, "mu": [-1.6789740811579605, 2.4494968667540595, 1.035817158294619], "Sigma": [[0.0114859651784191, 0.0005057870869796693, -0.012680138334891143], [0.0005057870869796694, 0.0039447605403760645, -0.0043629482977068056], [-0.012680138334891141, -0.0043629482977068056, 0.01953878860024484]], "chi2_level": 0.95, "chi2_df": 3, "chi2_threshold": 7.814727903251179, "N_raw": 52, "N_roi": 52, "N_inlier": 48, "refit": true}
{"timestamp": "18:45:54.294488", "frame": 72, "mu": [-1.9234425463802907, 2.2641217029451117, 0.7723975586566543], "Sigma": [[0.018667445869789988, 0.008561222550529723, 0.012192728840374482], [0.008561222550529721, 0.00597354144102371, 0.006308306623897931], [0.012192728840374482, 0.006308306623897931, 0.03264103431940106]], "chi2_level": 0.95, "chi2_df": 3, "chi2_threshold": 7.814727903251179, "N_raw": 40, "N_roi": 33, "N_inlier": 28, "refit": true}
{"timestamp": "18:45:54.353391", "frame": 73, "mu": [-1.8914828910106252, 2.2297645108770183, 0.8120047780964904], "Sigma": [[0.01902768716812491, 0.010331556314153757, 0.010272737829785819], [0.010331556314153757, 0.006829579810716953, 0.005370006525189642], [0.01027273782978582, 0.005370006525189644, 0.03046522206181259]], "chi2_level": 0.95, "chi2_df": 3, "chi2_threshold": 7.814727903251179, "N_raw": 65, "N_roi": 60, "N_inlier": 55, "refit": true}
{"timestamp": "18:45:54.408637", "frame": 74, "mu": [-1.6551839138527829, 2.2355196129930506, 0.932805692080534], "Sigma": [[0.02035921365423902, 0.00041817305829618476, -0.011735590313916362], [0.0004181730582961844, 0.007413736764503167, -0.0015995852532198524], [-0.011735590313916362, -0.0015995852532198524, 0.007924478565637215]], "chi2_level": 0.95, "chi2_df": 3, "chi2_threshold": 7.814727903251179, "N_raw": 67, "N_roi": 67, "N_inlier": 65, "refit": true}
{"timestamp": "18:45:54.457936", "frame": 75, "mu": [-1.711578121850786, 2.20617617635017, 1.071273959271856], "Sigma": [[0.00862899602369459, 0.0025625685405184125, -0.003724192069534649], [0.0025625685405184125, 0.0015052632830301414, -0.0010842068729250277], [-0.003724192069534649, -0.0010842068729250277, 0.014827659061604942]], "chi2_level": 0.95, "chi2_df": 3, "chi2_threshold": 7.814727903251179, "N_raw": 24, "N_roi": 24, "N_inlier": 21, "refit": true}
{"timestamp": "18:45:54.516673", "frame": 76, "mu": [-1.7557316399785474, 2.1574561700645485, 1.0528785350806003], "Sigma": [[0.014447322685954894, 0.005867632747974964, -0.007682120292131167], [0.005867632747974964, 0.003682075704346882, -0.006991994809146057], [-0.007682120292131169, -0.006991994809146057, 0.02114408462189126]], "chi2_level": 0.95, "chi2_df": 3, "chi2_threshold": 7.814727903251179, "N_raw": 58, "N_roi": 58, "N_inlier": 53, "refit": true}
{"timestamp": "18:45:54.568585", "frame": 77, "mu": [-2.010775392277942, 1.8760648056086764, 1.2160448697392563], "Sigma": [[0.05214372573289426, 0.04109220752303698, -0.05697110488063885], [0.04109220752303698, 0.03778138691917645, -0.05404014000883279], [-0.056971104880638855, -0.05404014000883278, 0.08519689899116042]], "chi2_level": 0.95, "chi2_df": 3, "chi2_threshold": 7.814727903251179, "N_raw": 23, "N_roi": 23, "N_inlier": 20, "refit": true}
{"timestamp": "18:45:54.621356", "frame": 78, "mu": [-1.7010001426440993, 1.9780876632374287, 0.9374852212905683], "Sigma": [[0.0031494397469904226, 0.0002080717715321738, -0.00012982207143195777], [0.00020807177153217375, 0.004223418386257669, -0.0006395716651620642], [-0.0001298220714319581, -0.0006395716651620643, 0.0032273904699398615]], "chi2_level": 0.95, "chi2_df": 3, "chi2_threshold": 7.814727903251179, "N_raw": 18, "N_roi": 18, "N_inlier": 14, "refit": true}
{"timestamp": "18:45:54.684272", "frame": 79, "mu": [-1.853504668305795, 1.9717977385499854, -0.5094187731729906], "Sigma": [[0.022067304568384682, 0.021806833416282957, 0.010132845123087618], [0.021806833416282957, 0.04351895944153984, 0.03058707881192882], [0.010132845123087618, 0.03058707881192882, 0.038918578598095444]], "chi2_level": 0.95, "chi2_df": 3, "chi2_threshold": 7.814727903251179, "N_raw": 76, "N_roi": 76, "N_inlier": 68, "refit": true}
{"timestamp": "18:45:54.737909", "frame": 80, "mu": [-1.9268925392164657, 1.8170095676487903, -0.7288346422783373], "Sigma": [[0.050505097100407986, 0.02905543955229211, -0.015780862047656094], [0.02905543955229211, 0.027770231082444287, 0.005519856749625575], [-0.015780862047656094, 0.0055198567496255735, 0.03835883493350816]], "chi2_level": 0.95, "chi2_df": 3, "chi2_threshold": 7.814727903251179, "N_raw": 68, "N_roi": 68, "N_inlier": 65, "refit": true}
{"timestamp": "18:45:54.794979", "frame": 81, "mu": [-2.0089217105795, 1.6742719233014052, 1.157169095829845], "Sigma": [[0.024569292457899843, 0.02006716981388531, -0.01854738185380759], [0.02006716981388531, 0.020344681690713774, -0.02119789695478027], [-0.01854738185380759, -0.02119789695478027, 0.025223731826489192]], "chi2_level": 0.95, "chi2_df": 3, "chi2_threshold": 7.814727903251179, "N_raw": 80, "N_roi": 80, "N_inlier": 78, "refit": true}
{"timestamp": "18:45:54.849251", "frame": 82, "mu": [-1.9012750522347235, 1.6730644927217, 1.0984187101183371], "Sigma": [[0.0196285072790467, 0.016315589922227095, -0.02265907766800379], [0.016315589922227095, 0.017626529722857352, -0.026730251525714184], [-0.022659077668003794, -0.026730251525714184, 0.05235020874830331]], "chi2_level": 0.95, "chi2_df": 3, "chi2_threshold": 7.814727903251179, "N_raw": 67, "N_roi": 67, "N_inlier": 61, "refit": true}
{"timestamp": "18:45:54.905213", "frame": 83, "mu": [-1.9142691781351626, 1.6486449170655815, 1.0285531327392834], "Sigma": [[0.029051854416954678, 0.015962466170686234, -0.026720002746555865], [0.015962466170686234, 0.01039743934655962, -0.018548423578339263], [-0.026720002746555865, -0.018548423578339263, 0.045524688143033315]], "chi2_level": 0.95, "chi2_df": 3, "chi2_threshold": 7.814727903251179, "N_raw": 75, "N_roi": 75, "N_inlier": 73, "refit": true}
{"timestamp": "18:45:54.953734", "frame": 84, "mu": [-1.9827699139658137, 1.4814160412429, 1.3403631619326188], "Sigma": [[0.01863312273835396, 0.014109430453852415, -0.022296804301061082], [0.014109430453852415, 0.016760603725927838, -0.02447986392784769], [-0.022296804301061082, -0.02447986392784769, 0.046437435155363534]], "chi2_level": 0.95, "chi2_df": 3, "chi2_threshold": 7.814727903251179, "N_raw": 33, "N_roi": 33, "N_inlier": 32, "refit": true}
{"timestamp": "18:45:55.007601", "frame": 85, "mu": [-1.9653838618219495, 1.6317597135098336, -0.48631160572971893], "Sigma": [[0.018726632747655517, 0.01658825291340632, -0.005620554125089976], [0.01658825291340632, 0.025790858231521045, -0.015618051413147507], [-0.005620554125089976, -0.015618051413147507, 0.015568882116983563]], "chi2_level": 0.95, "chi2_df": 3, "chi2_threshold": 7.814727903251179, "N_raw": 28, "N_roi": 28, "N_inlier": 28, "refit": true}
{"timestamp": "18:45:55.069502", "frame": 86, "mu": [-1.90768291661055, 1.4931567753979051, 1.0562709346880121], "Sigma": [[0.01749138682371846, 0.011769795757164254, -0.016531493284445822], [0.011769795757164256, 0.011772490725499697, -0.018177683441267918], [-0.016531493284445822, -0.018177683441267918, 0.047043726046955225]], "chi2_level": 0.95, "chi2_df": 3, "chi2_threshold": 7.814727903251179, "N_raw": 78, "N_roi": 78, "N_inlier": 75, "refit": true}
{"timestamp": "18:45:55.120612", "frame": 87, "mu": [-1.9379067633998075, 1.5039446774741614, -0.5715911407248662], "Sigma": [[0.019549485453852614, 0.018606849024807207, -0.007001922464390408], [0.018606849024807207, 0.020738861752968022, -0.01618405363841484], [-0.007001922464390409, -0.01618405363841484, 0.04626157660246651]], "chi2_level": 0.95, "chi2_df": 3, "chi2_threshold": 7.814727903251179, "N_raw": 40, "N_roi": 40, "N_inlier": 38, "refit": true}
{"timestamp": "18:45:55.176639", "frame": 88, "mu": [-1.8561981853846623, 1.2974526398543516, 0.814133746152656], "Sigma": [[0.02116857205036038, 0.018523137712568673, -0.010683202978025972], [0.018523137712568673, 0.02432697802326219, -0.008174295605472674], [-0.010683202978025972, -0.008174295605472674, 0.006087611294790809]], "chi2_level": 0.95, "chi2_df": 3, "chi2_threshold": 7.814727903251179, "N_raw": 55, "N_roi": 55, "N_inlier": 46, "refit": true}
{"timestamp": "18:45:55.232627", "frame": 89, "mu": [-1.7984416343659897, 1.5043714954048504, -0.5288554108321014], "Sigma": [[0.013507518639672504, 0.013829718373134655, -0.0049970279731412146], [0.013829718373134655, 0.01908161432072399, -0.008535544007249964], [-0.0049970279731412146, -0.008535544007249964, 0.005457287080854704]], "chi2_level": 0.95, "chi2_df": 3, "chi2_threshold": 7.814727903251179, "N_raw": 53, "N_roi": 53, "N_inlier": 50, "refit": true}
{"timestamp": "18:45:55.283132", "frame": 90, "mu": [-1.8105084500494844, 1.4130443312116556, -0.40446428644457133], "Sigma": [[0.011103986419151982, 0.00989206803583047, -0.004021963062384729], [0.00989206803583047, 0.014529941475262499, -0.007457513080253955], [-0.0040219630623847275, -0.007457513080253955, 0.005714106873230307]], "chi2_level": 0.95, "chi2_df": 3, "chi2_threshold": 7.814727903251179, "N_raw": 36, "N_roi": 36, "N_inlier": 34, "refit": true}
{"timestamp": "18:45:55.342787", "frame": 91, "mu": [-1.71843101876083, 1.464571611505224, -0.49807755882698296], "Sigma": [[0.014711140590546614, 0.011351518624514941, -0.007064312262510106], [0.011351518624514941, 0.014847447512087412, -0.00942615308276501], [-0.007064312262510106, -0.009426153082765011, 0.008107174029149315]], "chi2_level": 0.95, "chi2_df": 3, "chi2_threshold": 7.814727903251179, "N_raw": 63, "N_roi": 63, "N_inlier": 61, "refit": true}
{"timestamp": "18:45:55.398792", "frame": 92, "mu": [-1.8454516495894688, 1.2331369639586451, -0.9099498140070744], "Sigma": [[0.0128809782243554, 0.015620943666283445, 0.005115930911407967], [0.015620943666283445, 0.029807675597653363, 0.007247938304556606], [0.005115930911407968, 0.007247938304556607, 0.01756951710507779]], "chi2_level": 0.95, "chi2_df": 3, "chi2_threshold": 7.814727903251179, "N_raw": 71, "N_roi": 71, "N_inlier": 68, "refit": true}
{"timestamp": "18:45:55.458930", "frame": 93, "mu": [-1.7789410801969117, 1.1352758701177943, 1.1265364918851453], "Sigma": [[0.01249004550244751, 0.009171879632643123, -0.003624906635785764], [0.009171879632643123, 0.01606764769909603, -0.0161771677246989], [-0.003624906635785764, -0.0161771677246989, 0.02784560029723113]], "chi2_level": 0.95, "chi2_df": 3, "chi2_threshold": 7.814727903251179, "N_raw": 104, "N_roi": 104, "N_inlier": 101, "refit": true}
{"timestamp": "18:45:55.519346", "frame": 94, "mu": [-1.8021462707569165, 1.2242100470600612, -0.5587659394332587], "Sigma": [[0.017330835482883295, 0.010947362695228132, 0.005913203423957246], [0.010947362695228132, 0.02155149620117546, -0.010878532449108625], [0.005913203423957247, -0.010878532449108625, 0.020973274362410612]], "chi2_level": 0.95, "chi2_df": 3, "chi2_threshold": 7.814727903251179, "N_raw": 110, "N_roi": 110, "N_inlier": 110, "refit": true}
{"timestamp": "18:45:55.573551", "frame": 95, "mu": [-1.760210519377775, 1.195387558236247, -0.6495745333220162], "Sigma": [[0.015680278625736396, 0.01578278390882018, 0.01032583133131133], [0.01578278390882018, 0.047588834002355807, 0.0016420160365600764], [0.01032583133131133, 0.0016420160365600762, 0.02226191670139506]], "chi2_level": 0.95, "chi2_df": 3, "chi2_threshold": 7.814727903251179, "N_raw": 124, "N_roi": 124, "N_inlier": 123, "refit": true}
{"timestamp": "18:45:55.621296", "frame": 96, "mu": [-1.69757392770091, 1.0921328120241214, -0.8420749775582681], "Sigma": [[0.012780564650584516, 0.00924803617816963, -0.005803363668927846], [0.00924803617816963, 0.018220033856178867, -0.008297511168481826], [-0.005803363668927847, -0.008297511168481826, 0.015404624614186168]], "chi2_level": 0.95, "chi2_df": 3, "chi2_threshold": 7.814727903251179, "N_raw": 87, "N_roi": 87, "N_inlier": 82, "refit": true}
{"timestamp": "18:45:55.681517", "frame": 97, "mu": [-1.7578589105961984, 0.979072070388358, -0.07667190938461595], "Sigma": [[0.01709529063341951, 0.015983531191126006, 0.06426098103419961], [0.015983531191126006, 0.025251894010562152, 0.10076804426754385], [0.06426098103419961, 0.10076804426754385, 0.8373945309686126]], "chi2_level": 0.95, "chi2_df": 3, "chi2_threshold": 7.814727903251179, "N_raw": 113, "N_roi": 113, "N_inlier": 113, "refit": true}
{"timestamp": "18:45:55.736460", "frame": 98, "mu": [-1.7440491556721056, 1.1163142342429437, -0.5870449582974464], "Sigma": [[0.01424326647680769, 0.010257100742915486, 0.007316576080943134], [0.010257100742915484, 0.021759443279170922, -0.008884770880447146], [0.007316576080943134, -0.008884770880447146, 0.027705482094681603]], "chi2_level": 0.95, "chi2_df": 3, "chi2_threshold": 7.814727903251179, "N_raw": 108, "N_roi": 108, "N_inlier": 104, "refit": true}
{"timestamp": "18:45:55.789771", "frame": 99, "mu": [-1.7284698155812839, 0.92853465833616, 1.0693088431195112], "Sigma": [[0.014920012333030057, 0.012417522016664325, 0.0017374858741585825], [0.012417522016664326, 0.01638398059633546, 0.0018694636545108596], [0.0017374858741585823, 0.0018694636545108596, 0.03328403567522425]], "chi2_level": 0.95, "chi2_df": 3, "chi2_threshold": 7.814727903251179, "N_raw": 102, "N_roi": 102, "N_inlier": 98, "refit": true}
{"timestamp": "18:45:55.965171", "frame": 100, "mu": [-1.6761073988043256, 0.8737735898286868, 1.1460097761426808], "Sigma": [[0.013192403435093846, 0.00842869659680174, 0.0008703774768726776], [0.00842869659680174, 0.012594781858025676, -0.00858101917475372], [0.0008703774768726776, -0.00858101917475372, 0.017702828396906664]], "chi2_level": 0.95, "chi2_df": 3, "chi2_threshold": 7.814727903251179, "N_raw": 97, "N_roi": 97, "N_inlier": 93, "refit": true}
{"timestamp": "18:45:55.995733", "frame": 101, "mu": [-1.6496021953959827, 0.8729723029755604, 1.1958959568764063], "Sigma": [[0.016258082688618534, 0.010731762964822882, 0.0017794018691264658], [0.010731762964822882, 0.017612500029194046, -0.009213971238738666], [0.001779401869126466, -0.009213971238738664, 0.013104972598053618]], "chi2_level": 0.95, "chi2_df": 3, "chi2_threshold": 7.814727903251179, "N_raw": 117, "N_roi": 117, "N_inlier": 109, "refit": true}
{"timestamp": "18:45:56.027034", "frame": 102, "mu": [-1.6295564305712573, 0.791755737737884, 1.2089352772706476], "Sigma": [[0.007551726335642504, 0.004183600973453935, 0.005223512114659688], [0.004183600973453935, 0.006313445858085979, -0.0004453690520751265], [0.005223512114659688, -0.0004453690520751265, 0.019125278426579545]], "chi2_level": 0.95, "chi2_df": 3, "chi2_threshold": 7.814727903251179, "N_raw": 62, "N_roi": 62, "N_inlier": 55, "refit": true}
{"timestamp": "18:45:56.059475", "frame": 103, "mu": [-1.608816962380977, 0.8356872348072387, -0.202669672139682], "Sigma": [[0.013462506582523083, 0.009048123433729327, 0.04509158473300589], [0.009048123433729327, 0.023820974135013846, 0.02542585520990903], [0.045091584733005896, 0.02542585520990903, 0.5752705441488973]], "chi2_level": 0.95, "chi2_df": 3, "chi2_threshold": 7.814727903251179, "N_raw": 94, "N_roi": 94, "N_inlier": 94, "refit": true}
{"timestamp": "18:45:56.090253", "frame": 104, "mu": [-1.5781355579850924, 0.8340881371836608, -0.22672055360580118], "Sigma": [[0.013131024714155302, 0.00752789398986199, 0.04625679988406962], [0.00752789398986199, 0.021107048971213935, 0.015935239761687186], [0.04625679988406962, 0.015935239761687186, 0.508214368621975]], "chi2_level": 0.95, "chi2_df": 3, "chi2_threshold": 7.814727903251179, "N_raw": 89, "N_roi": 89, "N_inlier": 88, "refit": true}
{"timestamp": "18:45:56.121991", "frame": 105, "mu": [-1.5635212391590572, 0.7458971358109654, -0.11874178034099493], "Sigma": [[0.013431923500875022, 0.010490515156973697, 0.04703401769051725], [0.0104905151569737, 0.02137063326652689, 0.04784218461804482], [0.04703401769051725, 0.04784218461804481, 0.7071556087544718]], "chi2_level": 0.95, "chi2_df": 3, "chi2_threshold": 7.814727903251179, "N_raw": 104, "N_roi": 104, "N_inlier": 103, "refit": true}
{"timestamp": "18:45:56.172681", "frame": 106, "mu": [-1.5340507165899195, 0.823897937371633, -0.2366276489076428], "Sigma": [[0.012199860213388867, 0.009163227790867015, 0.033406234337156594], [0.009163227790867015, 0.023219248201439155, 0.020874621174504684], [0.033406234337156594, 0.020874621174504684, 0.48408116478690005]], "chi2_level": 0.95, "chi2_df": 3, "chi2_threshold": 7.814727903251179, "N_raw": 92, "N_roi": 92, "N_inlier": 92, "refit": true}
{"timestamp": "18:45:56.227534", "frame": 107, "mu": [-1.5402323404571998, 0.6824618930622015, 1.2069957450952686], "Sigma": [[0.012351467268212407, 0.008919048778112735, 0.0006862899927715997], [0.008919048778112735, 0.016472434440357557, -0.007263313380389193], [0.0006862899927715994, -0.007263313380389193, 0.011070767039130106]], "chi2_level": 0.95, "chi2_df": 3, "chi2_threshold": 7.814727903251179, "N_raw": 92, "N_roi": 92, "N_inlier": 88, "refit": true}
{"timestamp": "18:45:56.279384", "frame": 108, "mu": [-1.5108508197288204, 0.7340913705687975, 1.278519971254965], "Sigma": [[0.01107083490453738, 0.0034170703449330673, 0.003205445317574543], [0.0034170703449330677, 0.0073716477074266895, -0.0039017916892203634], [0.0032054453175745425, -0.003901791689220363, 0.00676329177104157]], "chi2_level": 0.95, "chi2_df": 3, "chi2_threshold": 7.814727903251179, "N_raw": 72, "N_roi": 72, "N_inlier": 68, "refit": true}
