timestamp,frame,x,y,z,doppler,SNR,w_snr,d2,is_inlier
12:05:04.289476,7,1.1614760632201928,1.4210161538382835,1.5210977663900525,0.1391600037168245,45.2399989888072,1.0,0.8844548301155407,1
12:05:04.289476,7,1.1371549140327877,1.3627156504740938,1.5399920361661807,0.0697200018621515,27.239999391138557,1.0,0.8265716795230198,1
12:05:04.289476,7,1.1757357012841272,1.4040339311749164,1.506041312360178,0.1391600037168245,40.99999908357859,1.0,0.4956788425938279,1
12:05:04.289476,7,1.1514512278465214,1.351662439717686,1.5429537350621314,0.0697200018621515,24.119999460875988,1.0,1.4627001829998338,1
12:05:04.289476,7,1.1905170528309963,1.3926057129614111,1.5091034942014134,0.1391600037168245,35.23999921232462,1.0,1.0667684222744622,1
12:05:04.289476,7,1.2597656900647158,1.315600612312143,1.4709949534464652,0.1391600037168245,19.759999558329586,1.0,5.359263991397327,1
12:05:04.289476,7,1.219721137583333,1.3693238242573946,1.515341857477926,0.1391600037168245,29.35999934375286,1.0,3.905219168534242,1
12:05:04.289476,7,1.1929866522036052,1.3122055071201315,1.5345731807317962,0.0697200018621515,17.519999608397484,1.0,3.206946311958253,1
12:05:04.289476,7,1.2313618390564844,1.3396638580573872,1.4645472261817554,0.0697200018621515,24.119999460875988,1.0,5.723114433350172,1
12:05:04.289476,7,1.1790476898690083,1.3236616484913313,1.5315035169030065,0.0697200018621515,20.75999953597784,1.0,1.9891625691195383,1
12:05:04.289476,7,1.1227448856803603,1.373630219091864,1.5370674863193152,0.0697200018621515,29.23999934643507,1.0,0.7422935614537743,1
12:05:04.289476,7,1.085228435379079,1.475281205796271,1.5065574895406768,0.1391600037168245,34.23999923467636,1.0,4.315496294254508,1
12:05:04.289476,7,1.1082225837800013,1.3844050541232802,1.5341803779740686,0.0697200018621515,29.639999337494373,1.0,1.2199817009933978,1
12:05:04.289476,7,1.0707714513078537,1.5019937576546971,1.5582714008694727,0.1391600037168245,28.759999357163903,1.0,4.523015464925299,1
12:05:04.289476,7,1.146452787447351,1.4321626868875548,1.5181110618610931,0.1391600037168245,46.51999896019697,1.0,0.36098145496805234,1
12:05:04.289476,7,1.065114938278107,1.431620646346866,1.5784373563078786,0.0697200018621515,25.87999942153692,1.0,4.132733051210459,1
12:05:04.289476,7,1.0501424540010895,1.4418366399741975,1.5756999890655536,0.0697200018621515,22.63999949395657,1.0,3.7414614299828237,1
12:05:04.289476,7,1.0788469792896225,1.4055312276101322,1.528519636849107,0.0697200018621515,28.359999366104603,1.0,3.9014107993481173,1
12:05:04.289476,7,1.1160638167262562,1.4540176471063635,1.5122550429198491,0.1391600037168245,44.519999004900455,1.0,1.1070792114733548,1
12:05:04.289476,7,1.1532806541628904,1.5025040666025955,1.4959904489905915,0.1391600037168245,27.119999393820763,1.0,3.721222062017058,1
12:05:04.289476,7,1.069992380112652,1.3366474213590052,1.550249694087044,0.0697200018621515,6.239999860525131,0.6239999860525132,7.622698656651804,1
12:05:04.289476,7,1.100701160649616,1.4647238887981904,1.5093863141045518,0.1391600037168245,39.87999910861254,1.0,2.3981670267691775,1
12:05:04.346711,8,1.230894140484964,1.4449186702190695,1.511420409447383,0.0697200018621515,31.119999304413795,1.0,1.9425240764219003,1
12:05:04.346711,8,1.3617981385020774,1.4091986926853022,1.4968043860765392,0.0697200018621515,16.759999625384808,1.0,4.675663917575168,1
12:05:04.346711,8,1.316255460223317,1.3468270874794546,1.4567424875840735,0.0697200018621515,27.119999393820763,1.0,4.682980105875574,1
12:05:04.346711,8,1.2900683834578872,1.3903495988501466,1.5057815018516436,0.0697200018621515,29.999999329447743,1.0,1.2459218923580735,1
12:05:04.346711,8,1.2752952486059812,1.4027394567523634,1.502461649432408,0.0697200018621515,31.999999284744263,1.0,0.7753133257093358,1
12:05:04.346711,8,1.234140950404793,1.3574724819362476,1.518517415082102,0.0697200018621515,27.759999379515648,1.0,2.0195983274994633,1
12:05:04.346711,8,1.260394585297658,1.4149860000234578,1.4991801980528456,0.0697200018621515,32.35999927669764,1.0,0.6061197227131164,1
12:05:04.346711,8,1.219721137583333,1.3693238242573946,1.515341857477926,0.0697200018621515,30.879999309778214,1.0,1.1871764549361914,1
12:05:04.346711,8,1.1911726841657428,1.398290554968378,1.5271870722547574,0.0697200018621515,32.75999926775694,1.0,0.21329390955031924,1
12:05:04.346711,8,1.146452787447351,1.4321626868875548,1.5181110618610931,0.0697200018621515,28.879999354481697,1.0,1.4625497684591116,1
12:05:04.346711,8,1.1763831923597985,1.4097250668321446,1.5241232040350168,0.0697200018621515,33.11999925971031,1.0,0.36144757005768224,1
12:05:04.346711,8,1.1160638167262562,1.4540176471063635,1.5122550429198491,0.0697200018621515,25.359999433159828,1.0,3.596682263190416,1
12:05:04.346711,8,1.2156114706868089,1.4567344831901954,1.508254371903853,0.0697200018621515,28.639999359846115,1.0,2.772015363852407,1
12:05:04.346711,8,1.1227448856803603,1.373630219091864,1.5370674863193152,0.0697200018621515,19.879999555647373,1.0,2.8699192631857136,1
12:05:04.346711,8,1.1614760632201928,1.4210161538382835,1.5210977663900525,0.0697200018621515,31.63999929279089,1.0,0.7798782310439389,1
12:05:04.455856,10,1.4564470858902268,1.5208581635282177,0.7171609717142378,0.0697200018621515,19.63999956101179,1.0,1.3593118619798352,1
12:05:04.455856,10,1.493807028375295,1.559870341909302,0.6842543232141569,0.0697200018621515,14.359999679028988,1.0,5.918189939920344,1
12:05:04.455856,10,1.4365644929012351,1.468054132191143,0.7537631360760049,0.0697200018621515,17.11999961733818,1.0,2.865629470426862,1
12:05:04.455856,10,1.4743845570743894,1.5067032160042912,0.7209537784721787,0.0697200018621515,18.519999586045746,1.0,2.6109754240018916,1
12:05:04.455856,10,1.56085385500885,1.3816562690453522,0.6829256522225475,0.0697200018621515,12.23999972641468,1.0,3.445584382668812,1
12:05:04.455856,10,1.5098952218923485,1.4261513428228092,0.6710032331367148,0.0697200018621515,16.639999628067017,1.0,4.121317586314973,1
12:05:04.455856,10,1.4878640859685173,1.375277401037078,0.7089231896618415,0.0697200018621515,13.23999970406294,1.0,3.172779563795099,1
12:05:04.455856,10,1.5270347013431305,1.4114839756949742,0.6749333423137092,0.0697200018621515,14.359999679028988,1.0,3.2792611209572637,1
12:05:04.455856,10,1.4190871434051586,1.4818459851471324,0.7500676202143186,0.0697200018621515,18.519999586045746,1.0,1.4608362382654088,1
12:05:04.455856,10,1.4711642585811082,1.3895685293041873,0.7050938933837401,0.0697200018621515,15.239999659359457,1.0,3.7032856990091387,1
12:05:04.455856,10,1.52081573016679,1.3462148175530606,0.7167104854363462,0.0697200018621515,11.239999748766422,1.0,3.90940825018908,1
12:05:04.455856,10,1.4252498332507475,1.5610138285667337,0.7304243307687965,0.0697200018621515,19.63999956101179,1.0,2.3414189711851714,1
12:05:04.455856,10,1.4068147384880036,1.5746917638017928,0.7267593390684373,0.0697200018621515,18.519999586045746,1.0,1.4956194132550953,1
12:05:04.455856,10,1.3707279364158689,1.5342986768868727,0.759419775772856,0.0697200018621515,18.11999959498644,1.0,1.4967535509200016,1
12:05:04.455856,10,1.3347837699250469,1.4940652464419726,0.7919511198420799,0.0697200018621515,10.359999768435957,1.0,6.135762805807303,1
12:05:04.455856,10,1.3882389634300414,1.5881909487761927,0.7231422433560684,0.0697200018621515,16.519999630749226,1.0,1.3436074420786752,1
12:05:04.455856,10,1.3526286564496297,1.5474515885368765,0.7558954637181197,0.0697200018621515,16.759999625384808,1.0,1.1911732382843114,1
12:05:04.455856,10,1.350672816558391,1.6146476863241317,0.7160531818957359,0.0697200018621515,14.119999684393406,1.0,3.1757566601735663,1
12:05:04.455856,10,1.3160261347588094,1.5732296730786683,0.7489882467827254,0.0697200018621515,14.999999664723871,1.0,2.6501701946576124,1
12:05:04.455856,10,1.3316862013279174,1.627602593246081,0.7125819250479792,0.0697200018621515,11.879999734461308,1.0,5.1872708427592755,1
12:05:04.455856,10,1.2975265532557323,1.5858522681835991,0.7456060326179741,0.0697200018621515,12.999999709427357,1.0,4.440743204741545,1
12:05:04.455856,10,1.383708483747662,1.5089198138297073,0.7428132096828042,0.0697200018621515,18.759999580681324,1.0,0.5877416806995345,1
12:05:04.567332,12,1.2220349507738215,1.3939287885908451,1.363451905699728,-0.0697200018621515,34.639999225735664,1.0,0.7032580840597568,1
12:05:04.567332,12,1.2960353739849908,1.33310938973706,1.3797484145067462,-0.0697200018621515,27.519999384880062,1.0,3.3462555950134023,1
12:05:04.567332,12,1.254211783472465,1.2900894056039636,1.3997641863345258,-0.0697200018621515,24.99999944120645,1.0,3.6092000556938397,1
12:05:04.567332,12,1.281488637332337,1.3455579782492788,1.3764128252679897,-0.0697200018621515,30.999999307096004,1.0,2.4450000710601203,1
12:05:04.567332,12,1.2301890624594582,1.3334589145996287,1.44666185931266,-0.0697200018621515,29.639999337494373,1.0,1.6062557189383155,1
12:05:04.567332,12,1.2520121881328763,1.3700305322419095,1.3698554241889374,-0.0697200018621515,33.7599992454052,1.0,1.203110717180426,1
12:05:04.567332,12,1.2158154238488486,1.3452723073034003,1.4434964702778124,-0.0697200018621515,34.23999923467636,1.0,0.9810826819814888,1
12:05:04.567332,12,1.2370854232062938,1.3820520504874256,1.3666342680832553,-0.0697200018621515,35.11999921500683,1.0,0.8608048469688033,1
12:05:04.567332,12,1.2013202047144649,1.3569462729720378,1.4403684406044324,-0.0697200018621515,37.99999915063381,1.0,0.5416839320526909,1
12:05:04.567332,12,1.1719708349264548,1.3798712677160894,1.4342257067762765,-0.0697200018621515,39.99999910593033,1.0,0.21755588498143108,1
12:05:04.567332,12,1.1915689157498903,1.417243188312613,1.357204831122264,-0.0697200018621515,32.35999927669764,1.0,0.9398573867562877,1
12:05:04.567332,12,1.1571196191852184,1.391120004311235,1.4312116168897364,-0.0697200018621515,39.51999911665917,1.0,0.33166087833058816,1
12:05:04.567332,12,1.1761563997364086,1.4286785185105215,1.354140743630551,-0.0697200018621515,29.11999934911728,1.0,1.3328856134375737,1
12:05:04.567332,12,1.1432415413031216,1.4084952291372992,1.446103915886966,-0.0697200018621515,36.63999918103218,1.0,0.5955133525345879,1
12:05:04.567332,12,1.105118421499551,1.3615268235788789,1.464574419284962,-0.0697200018621515,22.51999949663877,1.0,3.6079756270423946,1
12:05:04.567332,12,1.1646554584181594,1.4603091025219923,1.406135239974095,-0.0697200018621515,25.359999433159828,1.0,2.7281696984205728,1
12:05:04.567332,12,1.1281460229472435,1.4194652798584453,1.4431644996553066,-0.0697200018621515,32.35999927669764,1.0,1.0635472600691425,1
12:05:04.567332,12,1.236110990222581,1.4133315978883303,1.2462995517933764,-0.0697200018621515,10.87999975681305,1.0,2.737236173018611,1
12:05:04.567332,12,1.0976180660845491,1.4409652262157502,1.437403606391554,-0.0697200018621515,27.639999382197857,1.0,2.544847733392533,1
12:05:04.567332,12,1.0821886803478422,1.4514929718752858,1.4345827054439613,-0.0697200018621515,23.23999948054552,1.0,3.5576022934341065,1
12:05:04.731305,15,1.3259524445041866,1.2196263561080445,0.8270604585436558,-0.1391600037168245,9.63999978452921,0.963999978452921,0.6911255550711646,1
12:05:04.731305,15,1.4672461531898962,1.0846126958150544,0.8632372597863325,-0.2088800055789761,8.239999815821648,0.8239999815821648,4.4524705930750805,1
12:05:04.731305,15,1.4401170782527484,1.1126966036403478,0.8557121993642349,-0.2088800055789761,9.239999793469906,0.9239999793469906,2.6883720511468363,1
12:05:04.731305,15,1.4263358431767172,1.126540623231182,0.8520027054948702,-0.2088800055789761,10.119999773800371,1.0,1.986102264168592,1
12:05:04.731305,15,1.3983468682317397,1.1538258719558594,0.8446916451338107,-0.2088800055789761,10.639999762177467,1.0,0.9552876081805238,1
12:05:04.731305,15,1.369798573208848,1.1805649943963152,0.8375269188695738,-0.2088800055789761,10.87999975681305,1.0,0.4417303080020447,1
12:05:04.731305,15,1.4008596090984833,1.240030547864692,0.8179314481875688,-0.1391600037168245,5.759999871253967,0.5759999871253967,0.9971001141958336,1
12:05:04.731305,15,1.3553182404711557,1.1937264073306966,0.8340003289025537,-0.2088800055789761,10.519999764859676,1.0,0.3860461548157119,1
12:05:04.731305,15,1.292766830646011,1.1152843325528574,0.800676256091698,-0.1391600037168245,12.519999720156193,1.0,4.326697480172847,1
12:05:04.731305,15,1.069403447423322,1.331324318565622,1.53337682694865,-0.2783200074336491,8.999999798834324,0.8999999798834324,4.889623446315834,1
12:05:04.731305,15,1.296056285262255,1.2449538592860143,0.8202739745208221,-0.1391600037168245,7.35999983549118,0.735999983549118,1.5704672691409018,1
12:05:04.731305,15,1.1822938841506592,1.380642077122967,1.2667817573805504,-0.1391600037168245,14.239999681711195,1.0,1.7625473918211387,1
12:05:04.731305,15,1.138201352653078,1.382574479584098,1.3749828854496162,-0.1391600037168245,16.239999637007713,1.0,2.6882229856553046,1
12:05:04.731305,15,1.0905262860544465,1.3721310613525552,1.461733022337158,-0.2783200074336491,12.11999972909689,1.0,3.6559237533424014,1
12:05:04.731305,15,1.169476518351242,1.280876499502238,0.9582605808488158,-0.1391600037168245,8.759999804198742,0.8759999804198741,5.335211755056214,1
12:05:04.731305,15,1.3110699178299046,1.2323623019778325,0.8236478721329996,-0.1391600037168245,8.51999980956316,0.851999980956316,1.0575901316735474,1
12:05:04.789201,16,1.2184104715130748,1.389186072413768,-0.6536347175994579,-0.2088800055789761,29.759999334812164,1.0,0.5856044041792017,1
12:05:04.789201,16,1.2535779966952034,1.345623446127616,-0.843433873400147,-0.1391600037168245,38.35999914258719,1.0,0.024547323193330958,1
12:05:04.789201,16,1.292766830646011,1.3876897666354977,-0.8698009523535928,-0.1391600037168245,34.879999220371246,1.0,0.5207271660911987,1
12:05:04.789201,16,1.3259524445041866,1.4816476878703078,-0.8173100668985892,-0.1391600037168245,11.359999746084211,1.0,2.509269225451838,1
12:05:04.789201,16,1.2021782206524247,1.4272763185525854,-0.3395743520164199,-0.2088800055789761,30.35999932140112,1.0,3.579348569309225,1
12:05:04.789201,16,1.320260230406241,1.3615586255652288,-0.8698009523535928,-0.1391600037168245,36.51999918371439,1.0,0.7269149474653656,1
12:05:04.789201,16,1.3553182404711557,1.4548340878272783,-0.8173100668985892,-0.1391600037168245,11.759999737143517,1.0,2.3138239258677036,1
12:05:04.789201,16,1.2163906372333086,1.4151833737587496,-0.3395743520164199,-0.2088800055789761,26.99999939650297,1.0,3.75734826563855,1
12:05:04.789201,16,1.1958437911070876,1.336261489234945,-0.3822112361047498,-0.2783200074336491,17.879999600350857,1.0,4.266637389266981,1
12:05:04.789201,16,1.369798573208848,1.441208390515772,-0.8173100668985892,-0.0697200018621515,11.879999734461308,1.0,2.483451822527939,1
12:05:04.789201,16,1.415826509604071,1.4896358377538907,-0.8208470203434497,-0.1391600037168245,6.519999854266644,0.6519999854266645,4.818088759664998,1
12:05:04.789201,16,1.2304814157695625,1.4029489118131797,-0.3395743520164199,-0.2088800055789761,23.23999948054552,1.0,4.09815348673718,1
12:05:04.789201,16,1.3605067890028253,1.3213441050387429,-0.8698009523535928,-0.1391600037168245,33.99999924004078,1.0,2.2665579009107164,1
12:05:04.789201,16,1.3995289833754898,1.2799404640589274,-0.8698009523535928,-0.0697200018621515,26.6399994045496,1.0,5.272638478395367,1
12:05:04.789201,16,1.3736519847654345,1.307673197551054,-0.8698009523535928,-0.0697200018621515,30.51999931782484,1.0,3.1062965670641063,1
12:05:04.789201,16,1.1733941702973507,1.4510328338201874,-0.3395743520164199,-0.2088800055789761,32.87999926507473,1.0,3.712192392591657,1
12:05:04.789201,16,1.3338095769738108,1.3482881662376034,-0.8698009523535928,-0.1391600037168245,36.11999919265509,1.0,1.0764387029002949,1
12:05:04.789201,16,1.3163934921476534,1.5009026496929767,-0.7973863000376552,-0.1391600037168245,10.759999759495258,1.0,2.9644178204136002,1
12:05:04.789201,16,1.240059308429425,1.0935191328193057,-1.1661945674291003,-0.1391600037168245,38.1199991479516,1.0,4.6953889372443935,1
12:05:04.789201,16,1.278825526770293,1.1277042731385056,-1.202651656958269,-0.1391600037168245,31.63999929279089,1.0,3.9119781715546216,1
12:05:04.789201,16,1.1013519004093164,1.376008774752001,-0.7009170760722745,-0.2088800055789761,26.519999407231808,1.0,3.6702980516710966,1
12:05:04.789201,16,1.133187080517067,1.2899295593477211,-0.9452878595447144,-0.2088800055789761,30.63999931514263,1.0,2.5176534135408426,1
12:05:04.789201,16,1.1766744178477249,1.2064204525013136,-1.1196106276446018,-0.1391600037168245,29.11999934911728,1.0,2.3256101150654604,1
12:05:04.789201,16,1.1164019121943651,1.3652977573130607,-0.6980470675993948,-0.2088800055789761,29.999999329447743,1.0,2.7642503937338616,1
12:05:04.789201,16,1.1911662340405418,1.1949845652667286,-1.1165463908953617,-0.1391600037168245,32.87999926507473,1.0,2.080110444839904,1
12:05:04.789201,16,1.0759552205232894,1.4184970701939004,-0.6541003971405486,-0.2088800055789761,22.879999488592148,1.0,5.96766108120409,1
12:05:04.789201,16,1.1461655241720343,1.343442306076617,-0.692190917090372,-0.2088800055789761,32.63999927043915,1.0,1.467772059171288,1
12:05:04.789201,16,1.1761928977602316,1.2073753315760205,-1.0002076988768436,-0.2088800055789761,33.11999925971031,1.0,1.6406114336436732,1
12:05:04.789201,16,1.219791082291828,1.1716957301083513,-1.1103061663220126,-0.1391600037168245,36.11999919265509,1.0,2.110677789227439,1
12:05:04.789201,16,1.2505606814817778,1.152137081656852,-1.209198408269584,-0.1391600037168245,27.759999379515648,1.0,2.9091132854181136,1
12:05:04.789201,16,1.2861141710773034,1.2685210023955045,-1.1654142211881058,-0.1391600037168245,9.879999779164793,0.9879999779164793,1.4510355111078361,1
12:05:04.789201,16,1.1588254149040804,1.3249656287135505,-0.7065767083335788,-0.2088800055789761,33.639999248087406,1.0,1.0813647957488708,1
12:05:04.789201,16,1.2044579226161,1.1843792444409147,-0.9940459158999164,-0.2088800055789761,32.119999282062054,1.0,1.7768096431907465,1
12:05:04.789201,16,1.228403977425227,1.232341675734106,-1.1514513997791531,-0.1391600037168245,23.87999946624041,1.0,1.5957131353200273,1
12:05:04.842570,17,1.046101460613032,1.403090741496421,1.453437401044683,-0.3480400092958007,35.759999200701714,1.0,0.265664150883541,1
12:05:04.842570,17,1.0244145941669556,1.3448628926893011,1.4749248631683929,-0.3480400092958007,26.519999407231808,1.0,0.30116259909556314,1
12:05:04.842570,17,1.0529065491616494,1.3247968428466657,1.4803015450190096,-0.3480400092958007,23.11999948322773,1.0,0.9394851770186357,1
12:05:04.842570,17,1.1281460229472435,1.4194652798584453,1.4431644996553066,-0.3480400092958007,29.999999329447743,1.0,1.562982577283469,1
12:05:04.842570,17,1.1432415413031216,1.4084952291372992,1.446103915886966,-0.3480400092958007,32.119999282062054,1.0,2.1765129118097226,1
12:05:04.842570,17,1.2577290747391985,1.210520375929321,0.977112447342763,-0.2783200074336491,13.639999695122242,1.0,3.998336306783782,1
12:05:04.842570,17,1.317591745111161,1.1618894134577054,0.7608912535125625,-0.1391600037168245,6.7599998489022255,0.6759999848902225,7.323164063248063,1
12:05:04.842570,17,1.217542260984937,1.3142366701118346,1.2050325902394043,-0.2783200074336491,21.87999951094389,1.0,2.2241307557522996,1
12:05:04.842570,17,1.2869402374499292,1.1837424779715944,0.8615707160141122,-0.2783200074336491,9.519999787211418,0.9519999787211418,5.523349720263824,1
12:05:04.842570,17,1.010014240878222,1.3546885111175562,1.4722920966454054,-0.3480400092958007,29.23999934643507,1.0,0.15669000125142857,1
12:05:04.842570,17,1.1571196191852184,1.391120004311235,1.4312116168897364,-0.3480400092958007,32.99999926239252,1.0,2.573054683858992,1
12:05:04.842570,17,1.031081981830675,1.413122850538214,1.450749305528554,-0.3480400092958007,34.639999225735664,1.0,0.211423295831634,1
12:05:04.842570,17,0.9241307245364871,1.4330365072105329,1.524422316373953,-0.3480400092958007,23.11999948322773,1.0,1.3960007657422038,1
12:05:04.842570,17,1.002993815111138,1.450275032817956,1.497577562821716,-0.2783200074336491,31.999999284744263,1.0,0.5862461562974897,1
12:05:04.842570,17,0.9386403022464216,1.4186662396849783,1.5099736297193354,-0.3480400092958007,26.519999407231808,1.0,0.9967569230311122,1
12:05:04.842570,17,0.9721773727828352,1.4693543569904863,1.492465273317555,-0.2783200074336491,24.879999443888664,1.0,1.1250797180933059,1
12:05:04.842570,17,0.9090118145961564,1.4418899794007856,1.5220500356503637,-0.3480400092958007,19.759999558329586,1.0,1.9313635089035288,1
12:05:04.842570,17,0.9535646659356496,1.4095275154960871,1.5124223434855997,-0.3480400092958007,29.35999934375286,1.0,0.6620552383867264,1
12:05:04.842570,17,0.98763497528203,1.4598891115164954,1.495001478198473,-0.2783200074336491,28.639999359846115,1.0,0.792493117870099,1
12:05:04.842570,17,0.9337935328032247,1.3502151519063272,1.5322415597145729,-0.3480400092958007,10.519999764859676,1.0,0.44795128970856823,1
12:05:04.842570,17,0.9683936739571812,1.4002450923621417,1.5149095612681442,-0.3480400092958007,30.999999307096004,1.0,0.44551896207618114,1
12:05:04.842570,17,0.9955128870115908,1.3643745438588892,1.4696967319945038,-0.3480400092958007,30.879999309778214,1.0,0.1291579197448824,1
12:05:04.900695,18,1.1013519004093164,1.376008774752001,1.2990829239277255,-0.4174800111504737,32.51999927312136,1.0,0.3723928552501783,1
12:05:04.900695,18,1.0747508730594535,1.2736800214180963,1.402978120926918,-0.4174800111504737,31.359999299049377,1.0,1.0336227680896286,1
12:05:04.900695,18,1.0482646187848088,1.300559688596022,1.4139358861041122,-0.4174800111504737,43.99999901652336,1.0,0.7291610649067609,1
12:05:04.900695,18,1.0842448012124926,1.3404137872356696,1.375959408869346,-0.4174800111504737,56.519998736679554,1.0,0.7054696483780422,1
12:05:04.900695,18,1.2362399665298287,1.164147506329169,0.7875834081387136,-0.2088800055789761,5.639999873936176,0.5639999873936177,1.9856145587604366,1
12:05:04.900695,18,1.062291258486417,1.2903664017312504,1.4166671690877466,-0.4174800111504737,37.35999916493893,1.0,0.9383637011316779,1
12:05:04.900695,18,1.0987528852424389,1.3298706303911625,1.3787844392315065,-0.4174800111504737,50.87999886274338,1.0,0.9281419230812132,1
12:05:04.900695,18,1.1761928977602316,1.2073753315760205,0.9997923011231564,-0.2783200074336491,12.759999714791777,1.0,0.5634562733523474,1
12:05:04.900695,18,1.2505606814817778,1.152137081656852,0.7908015917304159,-0.2088800055789761,6.999999843537808,0.6999999843537809,2.0079260863345794,1
12:05:04.900695,18,1.292766830646011,1.1152843325528574,0.800676256091698,-0.2088800055789761,9.359999790787697,0.9359999790787696,2.469375345081487,1
12:05:04.900695,18,1.1022301042712075,1.252651299432631,1.408612750000782,-0.4174800111504737,26.119999416172504,1.0,1.6939780938278182,1
12:05:04.900695,18,1.1362728358466754,1.2769649878799714,1.3366998932668983,-0.4174800111504737,38.519999139010906,1.0,1.2906760258221852,1
12:05:04.900695,18,1.2618100171443651,1.1357373951091727,0.8993288405021851,-0.2783200074336491,11.639999739825726,1.0,1.7929287200993647,1
12:05:04.900695,18,1.071082127914951,1.3574445614434576,1.390205028542178,-0.3480400092958007,60.23999865353108,1.0,0.6892139144999496,1
12:05:04.900695,18,1.320260230406241,1.0900435885226818,0.8074394930709443,-0.2783200074336491,9.999999776482582,0.9999999776482582,3.100777292578317,1
12:05:04.900695,18,1.3602824971559149,1.123087085754438,0.7712883058851006,-0.2783200074336491,10.519999764859676,1.0,3.3047297428928886,1
12:05:04.900695,18,1.3338095769738108,1.0772253091314097,0.8108741406821922,-0.2783200074336491,10.119999773800371,1.0,3.512013023033871,1
12:05:04.900695,18,1.3605067890028253,1.051199344554317,0.8178477768728651,-0.2783200074336491,9.759999781847,0.9759999781847,4.522711879677492,1
12:05:04.900695,18,1.3736519847654345,1.03799426194315,0.8213860680945135,-0.2783200074336491,8.999999798834324,0.8999999798834324,5.120984945525835,1
12:05:04.900695,18,1.1221649755687666,1.2878724955777865,1.3337772353878323,-0.4174800111504737,44.63999900221825,1.0,0.9558977645098619,1
12:05:04.900695,18,1.034133153499559,1.310616981126414,1.41124104269255,-0.4174800111504737,50.519998870790005,1.0,0.5774393331569382,1
12:05:04.900695,18,1.278825526770293,1.1277042731385056,0.797348343041731,-0.2088800055789761,8.239999815821648,0.8239999815821648,2.250291637273714,1
12:05:04.900695,18,1.0090522806917075,1.3487979889497237,1.4556261945779738,-0.3480400092958007,55.23999876528978,1.0,0.7472364421553659,1
12:05:04.900695,18,1.041489531709044,1.3778511164695275,1.3847371086026412,-0.3480400092958007,61.35999862849712,1.0,0.505140013829747,1
12:05:04.900695,18,0.8780192791815361,1.4537660871503326,1.5005686539365382,-0.3480400092958007,24.63999944925308,1.0,2.397326406884738,1
12:05:04.900695,18,0.9085114869465836,1.4365089502297088,1.5051926898380927,-0.3480400092958007,29.759999334812164,1.0,1.7525918669644829,1
12:05:04.900695,18,1.1858277926849914,1.5180790296268432,0.6724047017878907,-0.3480400092958007,8.759999804198742,0.8759999804198741,7.510918530510205,1
12:05:04.900695,18,0.9215422086739729,1.4106775153616211,1.4572898881731855,-0.3480400092958007,35.879999198019505,1.0,1.3995870176364504,1
12:05:04.900695,18,0.954468374299522,1.4610802002064862,1.4378991724138035,-0.3480400092958007,35.51999920606613,1.0,1.4900017109024088,1
12:05:04.900695,18,0.936526616678256,1.4017036574527786,1.4596944261528515,-0.3480400092958007,42.63999904692173,1.0,1.1646811477509118,1
12:05:04.900695,18,1.2109690238706516,1.455070897320787,0.7360232353028495,-0.3480400092958007,5.239999882876873,0.5239999882876873,4.270912748330533,1
12:05:04.900695,18,0.9699881664621282,1.451785711588572,1.4403896231330338,-0.3480400092958007,41.75999906659126,1.0,1.264405778391183,1
12:05:04.900695,18,1.268858938565409,1.457562940048559,0.5725848297951825,-0.3480400092958007,9.519999787211418,0.9519999787211418,6.4956945263852655,1
12:05:04.900695,18,0.951417372805494,1.39258551238177,1.462137625761098,-0.3480400092958007,49.359998896718025,1.0,0.9893942624881453,1
12:05:04.900695,18,0.9844724331494412,1.4362034098543563,1.4256687687074436,-0.3480400092958007,48.239998921751976,1.0,1.0215359411769456,1
12:05:04.900695,18,1.257258298213498,1.4708759377477028,0.6850527321371584,-0.3480400092958007,9.63999978452921,0.963999978452921,4.543399260127459,1
12:05:04.900695,18,0.9809119826903004,1.3739200223181411,1.4671390287499784,-0.3480400092958007,54.63999877870083,1.0,0.8168822188006941,1
12:05:04.900695,18,1.0149917732288294,1.416889425325482,1.4308439352645823,-0.3480400092958007,54.51999878138304,1.0,0.8415937832600324,1
12:05:04.900695,18,0.9599437921925073,1.3156262371795646,1.4886441584604535,-0.3480400092958007,25.51999942958355,1.0,0.8469462856301744,1
12:05:04.900695,18,0.994564738239318,1.3584747964965147,1.4530333018104995,-0.3480400092958007,56.759998731315136,1.0,0.7070354448865028,1
12:05:04.900695,18,1.0265362690356656,1.3878389971306144,1.3820608640454046,-0.3480400092958007,59.239998675882816,1.0,0.5059698487591192,1
12:05:04.900695,18,1.2395848252148152,1.4829348642549425,0.6818215525179574,-0.3480400092958007,9.759999781847,0.9759999781847,5.153439989909117,1
12:05:05.012295,20,0.9729994312332976,1.3006062234922628,1.4750763531391615,-0.5566400148672983,75.11999832093716,1.0,0.5571661857495496,1
12:05:05.012295,20,0.937089083156146,1.252604939321195,1.49444963360327,-0.5566400148672983,49.75999888777733,1.0,0.6662208009882797,1
12:05:05.012295,20,1.0300999562557769,1.407012308643615,1.4334905007030367,-0.4872000130126253,40.639999091625214,1.0,0.9311174883275901,1
12:05:05.012295,20,0.994564738239318,1.3584747964965147,1.4530333018104995,-0.4872000130126253,81.51999817788601,1.0,0.4615548026817907,1
12:05:05.012295,20,0.9590295202228588,1.3099372843494144,1.4725761029179625,-0.5566400148672983,97.63999781757592,1.0,0.2966033858061049,1
12:05:05.012295,20,1.0149917732288294,1.416889425325482,1.4308439352645823,-0.4872000130126253,42.87999904155731,1.0,0.7165934930737822,1
12:05:05.012295,20,0.9799777401463516,1.368011183628271,1.450478034579835,-0.4872000130126253,92.999997921288,1.0,0.27306169470669994,1
12:05:05.012295,20,0.9458645696666252,1.324830661260877,1.4861778404610724,-0.5566400148672983,114.9999974295497,1.0,0.20119966364749925,1
12:05:05.012295,20,0.910955683967154,1.2759353292987003,1.505141399951964,-0.5566400148672983,62.35999860614538,1.0,0.3016066195023512,1
12:05:05.012295,20,0.8759082709434783,1.226845968241436,1.524180211663058,-0.5566400148672983,7.35999983549118,0.735999983549118,0.7096303305567805,1
12:05:05.012295,20,0.9844724331494412,1.4362034098543563,1.4256687687074436,-0.4872000130126253,42.51999904960394,1.0,0.6177641289872423,1
12:05:05.012295,20,0.9236347576135792,1.2615916200764132,1.492041659752273,-0.5566400148672983,57.6399987116456,1.0,0.435111603361702,1
12:05:05.012295,20,1.0090522806917075,1.3487979889497237,1.4556261945779738,-0.4872000130126253,65.35999853909016,1.0,0.7532175038108676,1
12:05:05.012295,20,0.9504497005754908,1.243488751259956,1.4968923088323294,-0.5566400148672983,41.23999907821417,1.0,0.9877092072078102,1
12:05:05.012295,20,0.9868720431157926,1.2911406924578737,1.477612634535758,-0.5566400148672983,55.87999875098467,1.0,0.9142653464559855,1
12:05:05.012295,20,1.0234389187614128,1.3389817286605454,1.4582564535951523,-0.4872000130126253,50.6399988681078,1.0,1.1477981692310357,1
12:05:05.012295,20,1.071082127914951,1.3574445614434576,1.390205028542178,-0.4872000130126253,31.63999929279089,1.0,1.6112017454252783,1
12:05:05.012295,20,0.9768844763466604,1.2248715125235488,1.501880782917047,-0.5566400148672983,33.639999248087406,1.0,1.9008194914184864,1
12:05:05.012295,20,1.014319830367244,1.271810019390327,1.4827922727733571,-0.5566400148672983,41.879999063909054,1.0,1.9169860516046562,1
12:05:05.012295,20,1.0482646187848088,1.300559688596022,1.4139358861041122,-0.5566400148672983,38.99999912828207,1.0,1.7950631858882233,1
12:05:05.012295,20,1.0857185022126516,1.3470279277168795,1.3929961571370653,-0.4872000130126253,26.87999939918518,1.0,2.2138509654362344,1
12:05:05.012295,20,0.9899559912430548,1.2153723235566571,1.5044260829294762,-0.5566400148672983,27.359999388456345,1.0,2.491867501398897,1
12:05:05.012295,20,1.0243362114030865,1.244262362804827,1.4375093109068116,-0.5566400148672983,31.87999928742647,1.0,2.2764588421236964,1
12:05:05.012295,20,1.062291258486417,1.2903664017312504,1.4166671690877466,-0.5566400148672983,30.51999931782484,1.0,2.450671900786993,1
12:05:05.012295,20,1.0377592546862564,1.2343031236987914,1.4401778809825023,-0.5566400148672983,24.99999944120645,1.0,2.974067391949518,1
12:05:05.012295,20,1.041489531709044,1.3778511164695275,1.3847371086026412,-0.4872000130126253,36.51999918371439,1.0,0.7325968115345857,1
12:05:05.012295,20,0.9505112215886548,1.3866588962610713,1.4454813950391885,-0.4872000130126253,92.999997921288,1.0,0.20642364757060833,1
12:05:05.012295,20,1.002494008259786,1.4955083356317085,1.403240847813183,-0.4174800111504737,5.879999868571758,0.5879999868571758,1.4395278317451516,1
12:05:05.012295,20,0.8835645591821676,1.293269641212049,1.5004966850734331,-0.5566400148672983,61.87999861687422,1.0,0.26704931101442264,1
12:05:05.012295,20,0.8169067755144029,1.4178931148329206,1.5141073042030089,-0.4872000130126253,23.519999474287037,1.0,2.9695813655315866,1
12:05:05.012295,20,0.8452681548475216,1.4533515992191908,1.4458554018658116,-0.4872000130126253,22.99999948590994,1.0,3.2426570249829725,1
12:05:05.012295,20,0.8011192348880952,1.357894221886612,1.534094955591361,-0.5566400148672983,25.51999942958355,1.0,2.2183715005870335,1
12:05:05.012295,20,0.8299459203861984,1.3934793248496458,1.467783486490986,-0.4872000130126253,30.35999932140112,1.0,2.2798279969698916,1
12:05:05.012295,20,0.8606981637748492,1.4451123461131137,1.4480631030818207,-0.4872000130126253,29.23999934643507,1.0,2.511948881224174,1
12:05:05.012295,20,0.9174237849902434,1.342829244251197,1.4813551346839111,-0.5566400148672983,114.75999743491413,1.0,0.1366125800074183,1
12:05:05.012295,20,0.8277331649757892,1.3263337825073256,1.491637175114935,-0.5566400148672983,31.63999929279089,1.0,1.2912887652001293,1
12:05:05.012295,20,0.8594528665533285,1.377160442055964,1.472156117956931,-0.4872000130126253,40.23999910056591,1.0,1.1754295467361338,1
12:05:05.012295,20,0.8912984399625248,1.4281887946980494,1.4525977550165536,-0.4872000130126253,37.87999915331602,1.0,1.3623653698362008,1
12:05:05.012295,20,0.923144013371721,1.4792171473401343,1.4330393920761764,-0.4872000130126253,25.51999942958355,1.0,1.85315649785893,1
12:05:05.012295,20,0.8418186832544243,1.3182703992499143,1.4937977521470214,-0.5566400148672983,39.23999912291765,1.0,0.8983643058789277,1
12:05:05.012295,20,0.9064656472208908,1.4195061887300249,1.4549242522738837,-0.4872000130126253,49.75999888777733,1.0,0.9435562393477619,1
12:05:05.012295,20,0.8740781583426414,1.3687880605350389,1.4743994908241882,-0.4872000130126253,54.35999878495932,1.0,0.769511897222617,1
12:05:05.012295,20,0.9699881664621282,1.451785711588572,1.4403896231330338,-0.4872000130126253,39.63999911397696,1.0,0.8903906058204795,1
12:05:05.012295,20,0.936526616678256,1.4017036574527786,1.4596944261528515,-0.4872000130126253,81.35999818146229,1.0,0.4178146039366497,1
12:05:05.012295,20,0.8697357762005664,1.3017375019643371,1.4982277286232384,-0.5566400148672983,56.23999874293804,1.0,0.38630073753909866,1
12:05:05.012295,20,0.9030650668943838,1.3516216033169854,1.478999229172669,-0.5566400148672983,96.87999783456326,1.0,0.2501655949546555,1
12:05:05.012295,20,0.9215422086739729,1.4106775153616211,1.4572898881731855,-0.4872000130126253,64.87999854981899,1.0,0.6287231838172447,1
12:05:05.012295,20,0.8886160430484233,1.360274830516756,1.4766806039325675,-0.4872000130126253,73.75999835133553,1.0,0.4611060503347523,1
12:05:05.012295,20,0.8558200203700106,1.3100713657700915,1.4959946765466556,-0.5566400148672983,47.8799989297986,1.0,0.5967154599326396,1
12:05:05.012295,20,0.9388531360991405,1.4702243169250109,1.435449013723579,-0.4872000130126253,30.23999932408333,1.0,1.4216094593954636,1
12:05:05.012295,20,0.954468374299522,1.4610802002064862,1.4378991724138035,-0.4872000130126253,35.23999921232462,1.0,1.100706507167117,1
12:05:05.063256,21,0.9971841790841672,1.2637894008093713,1.4322770568429222,-0.6263600167294499,58.999998681247234,1.0,0.6626762249946105,1
12:05:05.063256,21,0.9590295202228588,1.3099372843494144,1.4725761029179625,-0.6263600167294499,70.23999843001366,1.0,1.5236692051214753,1
12:05:05.063256,21,0.9338471721459876,1.2354443607722407,1.4483271374653626,-0.6263600167294499,42.75999904423952,1.0,1.9220143513600938,1
12:05:05.063256,21,0.9729994312332976,1.3006062234922628,1.4750763531391615,-0.6263600167294499,67.99999848008156,1.0,1.7435987023128359,1
12:05:05.063256,21,0.9603812480459116,1.2171469097425929,1.4532299246923046,-0.6263600167294499,34.759999223053455,1.0,2.1445285894859585,1
12:05:05.063256,21,1.034133153499559,1.310616981126414,1.41124104269255,-0.6958000185841229,20.87999953329563,1.0,3.8738407094110396,1
12:05:05.063256,21,1.0642926841688338,1.2139981847574353,1.445618572974202,-0.6263600167294499,23.23999948054552,1.0,3.4719245114466015,1
12:05:05.063256,21,1.0108107353569658,1.2540914494751645,1.4348756150711592,-0.6263600167294499,47.75999893248081,1.0,1.050942355591883,1
12:05:05.063256,21,0.986531184268702,1.1983405532812743,1.4582690727186869,-0.6263600167294499,22.239999502897263,1.0,2.7498842964543684,1
12:05:05.063256,21,1.0243362114030865,1.244262362804827,1.4375093109068116,-0.6263600167294499,37.51999916136265,1.0,1.5269885831322956,1
12:05:05.063256,21,1.0377592546862564,1.2343031236987914,1.4401778809825023,-0.6263600167294499,29.35999934375286,1.0,2.0897826537510173,1
12:05:05.063256,21,1.075938006607856,1.1975651697445768,1.4325104873637178,-0.6263600167294499,18.639999583363533,1.0,4.136309206137398,1
12:05:05.063256,21,0.9735048909940548,1.2078068792836378,1.4557325783110635,-0.6263600167294499,27.759999379515648,1.0,2.399875106587112,1
12:05:05.063256,21,0.9449637070638736,1.3191329419310596,1.470112133895087,-0.6263600167294499,64.51999855786562,1.0,1.3876218044279782,1
12:05:05.063256,21,0.9204393925795662,1.2443999516131603,1.4459274941317943,-0.6263600167294499,50.519998870790005,1.0,1.9571392318770096,1
12:05:05.063256,21,0.9165500100278682,1.3371143826677865,1.4652940213709331,-0.6263600167294499,53.99999879300594,1.0,1.3731943472657577,1
12:05:05.063256,21,0.9100880693690732,1.2704478948650628,1.4896686280747062,-0.6263600167294499,55.519998759031296,1.0,0.3246718233754716,1
12:05:05.063256,21,0.7993152273666726,1.3420503866741755,1.4874259237206684,-0.6263600167294499,21.7599995136261,1.0,3.5897114918341737,1
12:05:05.063256,21,0.8594528665533285,1.377160442055964,1.472156117956931,-0.6263600167294499,20.999999530613422,1.0,3.1204661865973704,1
12:05:05.063256,21,0.8418186832544243,1.3182703992499143,1.4937977521470214,-0.6263600167294499,34.11999923735857,1.0,1.6093615190539898,1
12:05:05.063256,21,0.8277331649757892,1.3263337825073256,1.491637175114935,-0.6263600167294499,27.239999391138557,1.0,2.1693268319051824,1
12:05:05.063256,21,0.8550049182129341,1.3045514194106995,1.480530616213648,-0.6263600167294499,42.11999905854464,1.0,1.3914690970686179,1
12:05:05.063256,21,0.8886160430484233,1.360274830516756,1.4766806039325675,-0.6263600167294499,33.639999248087406,1.0,2.5162464234300046,1
12:05:05.063256,21,0.8354777401115892,1.2463555036508889,1.5026613787693104,-0.6263600167294499,18.759999580681324,1.0,5.3123834510314545,1
12:05:05.063256,21,0.8689074203659354,1.2962254929635055,1.4827615414814144,-0.6263600167294499,49.99999888241291,1.0,0.980917114459964,1
12:05:05.063256,21,0.9022049674967468,1.3458983676938585,1.4629403596768702,-0.6263600167294499,42.9999990388751,1.0,1.4980380441124757,1
12:05:05.063256,21,0.8827230325048713,1.287765697191471,1.4850283369266633,-0.6263600167294499,55.23999876528978,1.0,0.6673158486427648,1
12:05:05.063256,21,0.8740781583426414,1.3687880605350389,1.4743994908241882,-0.6263600167294499,26.519999407231808,1.0,2.772775803316187,1
12:05:05.123831,22,0.8838258182396658,1.190773725984981,1.4525690396156776,-0.6958000185841229,65.23999854177237,1.0,1.1714098665847843,1
12:05:05.123831,22,0.896700258253428,1.1821743739074777,1.4548732290602755,-0.6958000185841229,47.51999893784523,1.0,1.3054394022416171,1
12:05:05.123831,22,0.997734237905208,1.2968704764627048,1.3243975148175338,-0.7655200204462744,66.75999850779772,1.0,1.6392595875553548,1
12:05:05.123831,22,0.9499506831598706,1.2664803217911749,1.361665784341286,-0.7655200204462744,122.11999727040528,1.0,0.34512116720676955,1
12:05:05.123831,22,0.9191900333297552,1.2384197409579691,1.4306648749822388,-0.6958000185841229,101.23999773710966,1.0,0.37799375415788716,1
12:05:05.123831,22,0.9689858121709344,1.315868166193096,1.3193070991962184,-0.7655200204462744,70.35999842733145,1.0,1.0430492806440195,1
12:05:05.123831,22,0.8921364657594568,1.2559163942456602,1.4259766608635545,-0.7655200204462744,171.75999616086483,1.0,0.16222809881857475,1
12:05:05.123831,22,0.905708534591934,1.2472333974937946,1.428303262831099,-0.6958000185841229,143.6399967893958,1.0,0.22643779022756233,1
12:05:05.123831,22,0.8708629963845496,1.1992482926327952,1.4502982863261922,-0.6958000185841229,87.63999804109335,1.0,1.1206651501969087,1
12:05:05.123831,22,0.9976775654015704,1.3403631804591625,1.2451565796072144,-0.7655200204462744,5.879999868571758,0.5879999868571758,2.07163975221658,1
12:05:05.123831,22,0.9544655314865936,1.3251578000414457,1.3168179493085723,-0.7655200204462744,68.35999847203493,1.0,0.8863193151025707,1
12:05:05.123831,22,0.9219917692645356,1.2845624997315126,1.3568206793647768,-0.7655200204462744,159.11999644339085,1.0,0.08894742306540562,1
12:05:05.123831,22,0.9325796138343416,1.229476305996453,1.4330612611577371,-0.6958000185841229,68.75999846309423,1.0,0.6160181689803315,1
12:05:05.123831,22,0.936018026721441,1.2755889269149865,1.359225140954187,-0.7655200204462744,153.6399965658784,1.0,0.17147752681072653,1
12:05:05.123831,22,0.9775296294647672,1.2478616714452535,1.3666546366656331,-0.6958000185841229,88.51999802142382,1.0,0.9619876431175208,1
12:05:05.123831,22,0.967636611913819,1.1833660276908773,1.3949706713412915,-0.6958000185841229,34.51999922841787,1.0,1.4959949978619251,1
12:05:05.123831,22,0.922178851990882,1.1646047655678595,1.4595809914262072,-0.6958000185841229,34.99999921768904,1.0,1.8201121332110546,1
12:05:05.123831,22,0.9545920781720924,1.192649756526843,1.3924831036969452,-0.6958000185841229,47.75999893248081,1.0,1.0810733261493404,1
12:05:05.123831,22,0.991173161459709,1.2383534880725795,1.3692023467218282,-0.6958000185841229,63.11999858915806,1.0,1.4033140426019333,1
12:05:05.123831,22,1.0339598678791102,1.2458856290017923,1.2841219718025738,-0.6958000185841229,50.23999887704849,1.0,2.165193640675041,1
12:05:05.123831,22,0.9347804578765464,1.1556362662518598,1.4619840935752486,-0.6958000185841229,26.359999410808086,1.0,2.1991210037339597,1
12:05:05.123831,22,1.002942704068672,1.2220608394858896,1.3561657715286712,-0.6958000185841229,45.99999897181988,1.0,1.703616155560396,1
12:05:05.123831,22,1.0477950982901825,1.2358314410123412,1.286815983354898,-0.7655200204462744,41.51999907195568,1.0,2.7815089632902064,1
12:05:05.123831,22,0.955213471640935,1.1196237908689135,1.4231286188529826,-0.6958000185841229,20.51999954134226,1.0,3.183158856347439,1
12:05:05.123831,22,0.9934340960795172,1.1644229082324808,1.4000464649022952,-0.6958000185841229,25.87999942153692,1.0,2.5753093696630054,1
12:05:05.123831,22,1.0296814593087626,1.2024265436984207,1.3614267652288774,-0.6958000185841229,34.51999922841787,1.0,2.9629352306302374,1
12:05:05.123831,22,1.0615255500692693,1.2256441198946877,1.2895456678214097,-0.7655200204462744,34.11999923735857,1.0,3.486833304865189,1
12:05:05.123831,22,1.0061844667766853,1.154765411906125,1.402634183243849,-0.6958000185841229,20.119999550282955,1.0,3.2379193224594354,1
12:05:05.123831,22,1.0428970519263294,1.19241667495138,1.3641089014759884,-0.6958000185841229,26.6399994045496,1.0,3.720009577112279,1
12:05:05.123831,22,0.8589790249230684,1.213370225432041,1.462730486024301,-0.6958000185841229,106.51999761909246,1.0,1.0250849973806302,1
12:05:05.123831,22,1.0119595081366528,1.2871643203337195,1.3269982715139057,-0.7655200204462744,59.239998675882816,1.0,2.0767081973394528,1
12:05:05.123831,22,0.9415130246349886,1.341324899210764,1.330532973632366,-0.7655200204462744,61.63999862223864,1.0,1.0195248023591559,1
12:05:05.123831,22,0.7965795894003795,1.38527287846838,1.3997256571104664,-0.7655200204462744,21.99999950826168,1.0,3.0415029318986253,1
12:05:05.123831,22,0.8647260555138007,1.272886948380607,1.421429414587987,-0.7655200204462744,154.51999654620886,1.0,0.29932488524010775,1
12:05:05.123831,22,0.7402252822130255,1.299647693748084,1.488381779469881,-0.7655200204462744,20.999999530613422,1.0,4.123967521474976,1
12:05:05.123831,22,0.7698436589961816,1.3516500449292108,1.467910577541347,-0.7655200204462744,20.999999530613422,1.0,2.897096737943958,1
12:05:05.123831,22,0.9121393790362026,1.312923748179093,1.4016002494321866,-0.7655200204462744,132.75999703258276,1.0,0.35131264831320336,1
12:05:05.123831,22,0.7540658377709688,1.292430761844262,1.4903155505453405,-0.7655200204462744,27.239999391138557,1.0,3.3996685604822314,1
12:05:05.123831,22,0.7957913005399861,1.319049164732008,1.4259252977609806,-0.7655200204462744,27.359999388456345,1.0,2.0560709016248264,1
12:05:05.123831,22,0.8262869525679784,1.3695966692199135,1.4039260847189745,-0.7655200204462744,27.99999937415123,1.0,1.823901365757464,1
12:05:05.123831,22,0.7678309873768921,1.2850805035145114,1.4922850463289572,-0.7655200204462744,36.35999918729067,1.0,2.7658074084505833,1
12:05:05.123831,22,0.8099781250834432,1.3112938294810783,1.4280033335784998,-0.7655200204462744,37.11999917030335,1.0,1.5122041932012111,1
12:05:05.123831,22,0.8410174327964948,1.361544140464842,1.406083753295924,-0.7655200204462744,36.87999917566776,1.0,1.3622320730576452,1
12:05:05.123831,22,0.8709960581652654,1.4054566287966834,1.3676686853985125,-0.7655200204462744,29.11999934911728,1.0,2.2930423730990186,1
12:05:05.123831,22,0.824083952492992,1.3034018500784212,1.4301179830861248,-0.7655200204462744,52.11999883502722,1.0,1.0614746520253981,1
12:05:05.123831,22,0.7923787760968961,1.2532557630848324,1.4520431884205545,-0.6958000185841229,49.63999889045954,1.0,2.3579698392674264,1
12:05:05.123831,22,0.8325873591082297,1.229710046303315,1.458352244217374,-0.6958000185841229,107.99999758601189,1.0,1.298540748759442,1
12:05:05.123831,22,0.7992733306637599,1.180506085886624,1.4800250074963563,-0.6958000185841229,19.119999572634697,1.0,3.5950514289471953,1
12:05:05.123831,22,0.926777282739592,1.350348123497232,1.3281152079716825,-0.7655200204462744,52.63999882340431,1.0,1.0230986595693554,1
12:05:05.123831,22,0.8520469818673752,1.287211129168622,1.4344562736787831,-0.7655200204462744,111.99999749660492,1.0,0.436110126277675,1
12:05:05.123831,22,0.8192659772426115,1.2376879516017636,1.4562145709353629,-0.6958000185841229,90.8799979686737,1.0,1.5643390262820787,1
12:05:05.123831,22,0.8834975710995069,1.330268847012953,1.396952644207016,-0.7655200204462744,97.63999781757592,1.0,0.474857414629266,1
12:05:05.123831,22,0.8690434253219664,1.3387330404091935,1.3946846704219125,-0.7655200204462744,69.2399984523654,1.0,0.6776691239432251,1
12:05:05.123831,22,0.8381073721977099,1.2953740157153657,1.4322690348206764,-0.7655200204462744,75.99999830126762,1.0,0.7030553616783852,1
12:05:05.123831,22,0.8058626694656508,1.2455367854878738,1.4541114822340535,-0.6958000185841229,68.23999847471714,1.0,1.9172251690721547,1
12:05:05.123831,22,0.8820199357796693,1.3765575478659895,1.321092413877989,-0.7655200204462744,35.63999920338392,1.0,1.6223171127663512,1
12:05:05.123831,22,0.8545023759299791,1.347057196602323,1.3924542194922929,-0.7655200204462744,49.75999888777733,1.0,0.975732627548112,1
12:05:05.123831,22,0.8970292509228031,1.367965328677724,1.3233946920706758,-0.7655200204462744,43.63999902456999,1.0,1.3235115888019324,1
12:05:05.179758,23,0.8978633678601324,1.3216654628258488,1.3992579140521253,-0.6958000185841229,226.75999493151903,1.0,1.8564851675743834,1
12:05:05.179758,23,0.8578130889594047,1.2075972264013548,1.4480611962652457,-0.6958000185841229,117.75999736785889,1.0,0.7422744043239683,1
12:05:05.179758,23,0.8246089959327891,1.164820064585243,1.4842280642365189,-0.6958000185841229,66.51999851316214,1.0,2.151083328821405,1
12:05:05.179758,23,0.7902389669425097,1.1162699037384445,1.5057256424487362,-0.6958000185841229,6.7599998489022255,0.6759999848902225,5.145066276276331,1
12:05:05.179758,23,0.9459371621199986,1.3615719186959807,1.3794275580300694,-0.6263600167294499,28.639999359846115,1.0,5.364594768671486,1
12:05:05.179758,23,0.8647260555138007,1.272886948380607,1.421429414587987,-0.6958000185841229,260.3599941805005,1.0,0.32476954459937296,1
12:05:05.179758,23,0.8702246255118558,1.3450142608431443,1.4105129211915417,-0.6263600167294499,235.23999474197623,1.0,1.651307249274727,1
12:05:05.179758,23,0.7992733306637599,1.180506085886624,1.4800250074963563,-0.6958000185841229,82.99999814480543,1.0,1.8901110348393257,1
12:05:05.179758,23,0.8846984173038986,1.3365385629506312,1.4127839775971307,-0.6263600167294499,242.99999456852677,1.0,1.8081903108870105,1
12:05:05.179758,23,0.8520469818673752,1.287211129168622,1.4344562736787831,-0.6958000185841229,312.75999300926924,1.0,0.24980687751387937,1
12:05:05.179758,23,0.8192659772426115,1.2376879516017636,1.4562145709353629,-0.6958000185841229,231.23999483138323,1.0,0.2683553267193752,1
12:05:05.179758,23,0.7864849726178479,1.1881647740349048,1.4779728681919426,-0.6958000185841229,93.87999790161848,1.0,1.8731546028041222,1
12:05:05.179758,23,0.8921364657594568,1.2559163942456602,1.4259766608635545,-0.6958000185841229,197.75999557971957,1.0,0.8514326652200926,1
12:05:05.179758,23,0.8325873591082297,1.229710046303315,1.458352244217374,-0.6958000185841229,172.7599961385131,1.0,0.3542163621396242,1
12:05:05.179758,23,0.92632417703856,1.304044577236826,1.4039794161156252,-0.6958000185841229,195.51999562978745,1.0,2.5453359583574287,1
12:05:05.179758,23,0.9282179494526676,1.210836910679616,1.3876098704290891,-0.6958000185841229,109.51999755203724,1.0,1.80292106413767,1
12:05:05.179758,23,0.8708629963845496,1.1992482926327952,1.4502982863261922,-0.6958000185841229,80.51999820023775,1.0,1.0451686379542091,1
12:05:05.179758,23,0.9014725459461328,1.2285109524594244,1.3828741252071957,-0.6958000185841229,146.5199967250228,1.0,0.9060671728780149,1
12:05:05.179758,23,0.936018026721441,1.2755889269149865,1.359225140954187,-0.6958000185841229,160.87999640405178,1.0,2.3340219454936095,1
12:05:05.179758,23,0.8484616031495763,1.143127711011994,1.4744732042491164,-0.6958000185841229,38.87999913096428,1.0,2.7598305900178834,1
12:05:05.179758,23,0.8838258182396658,1.190773725984981,1.4525690396156776,-0.6958000185841229,56.99999872595072,1.0,1.4244446820027723,1
12:05:05.179758,23,0.963788345325854,1.2572375952129593,1.3641423654637803,-0.6958000185841229,129.99999709427357,1.0,3.396006728791756,1
12:05:05.179758,23,0.8608209026725143,1.1348724418185023,1.476685196962814,-0.6958000185841229,29.879999332129955,1.0,3.136876774563777,1
12:05:05.179758,23,0.9052313777249154,1.1555696175378352,1.413496963625776,-0.7655200204462744,41.879999063909054,1.0,2.2685466910241217,1
12:05:05.179758,23,0.9414520860223063,1.2018070227627398,1.3900294216041598,-0.6958000185841229,83.75999812781811,1.0,2.3675695693220598,1
12:05:05.179758,23,0.975802785137278,1.2411746899080127,1.3510442307438142,-0.6958000185841229,104.99999765306713,1.0,3.7873406922219806,1
12:05:05.179758,23,0.9178658318555566,1.146764660967036,1.4158562446283127,-0.7655200204462744,31.87999928742647,1.0,2.827148147125075,1
12:05:05.179758,23,0.9529057539261868,1.186225747110769,1.3774444942239985,-0.6958000185841229,65.63999853283167,1.0,2.8601521953746603,1
12:05:05.179758,23,0.9894222152992708,1.2316833031131889,1.3535874401705386,-0.6958000185841229,85.35999809205532,1.0,4.497134993943004,1
12:05:05.179758,23,0.8381073721977099,1.2953740157153657,1.4322690348206764,-0.6263600167294499,317.3599929064512,1.0,0.17034747863554234,1
12:05:05.179758,23,0.8360174581771652,1.1512631877717965,1.4722933098212851,-0.6958000185841229,50.99999886006117,1.0,2.4566108927160695,1
12:05:05.179758,23,0.8058626694656508,1.2455367854878738,1.4541114822340535,-0.6958000185841229,242.5199945792556,1.0,0.26110393792959297,1
12:05:05.179758,23,0.8852800302996449,1.1180058401070552,1.4812045892704535,-0.6958000185841229,23.519999474287037,1.0,4.110384823655567,1
12:05:05.179758,23,0.8556638119863367,1.3533497311945653,1.408279438642345,-0.6263600167294499,206.75999537855387,1.0,1.5779374928514567,1
12:05:05.179758,23,0.7261700272235971,1.467841287437685,1.5183691006007107,-0.6263600167294499,42.9999990388751,1.0,4.870596302813041,1
12:05:05.179758,23,0.6989307344251264,1.325862001288196,1.4976489455704454,-0.6263600167294499,25.999999418854717,1.0,2.5782519363948633,1
12:05:05.179758,23,0.7285373702286497,1.3948402889845724,1.5241952867489563,-0.7655200204462744,46.999998949468136,1.0,2.265149402550352,1
12:05:05.179758,23,0.7564557731023753,1.4482921978690178,1.5059618944528397,-0.6263600167294499,52.7599988207221,1.0,3.7612628897236915,1
12:05:05.179758,23,0.6844734523188754,1.2662644283269198,1.5195034241751142,-0.6958000185841229,22.11999950557947,1.0,3.7785330150183847,1
12:05:05.179758,23,0.7130025764435336,1.3190428303642694,1.499476136912561,-0.6263600167294499,33.639999248087406,1.0,1.998355080250826,1
12:05:05.179758,23,0.7415317005681918,1.3718212324016186,1.4794488496500084,-0.6263600167294499,60.35999865084887,1.0,1.7840378781606099,1
12:05:05.179758,23,0.7699480613563889,1.4243910241542357,1.4595007216256477,-0.6263600167294499,65.75999853014946,1.0,3.127156984595587,1
12:05:05.179758,23,0.697913795844697,1.259587955114113,1.5212923797807738,-0.6958000185841229,28.11999937146902,1.0,3.2267606581890016,1
12:05:05.179758,23,0.7270031188016506,1.3120880791081608,1.5013396568951949,-0.6263600167294499,44.87999899685383,1.0,1.5014683742332653,1
12:05:05.179758,23,0.7560924417586041,1.3645882031022083,1.481386934009616,-0.6263600167294499,79.35999822616577,1.0,1.3482694930242811,1
12:05:05.179758,23,0.7850667871544631,1.4168808167247386,1.4615130756413712,-0.6263600167294499,82.75999815016985,1.0,2.7584611121156217,1
12:05:05.179758,23,0.6989844372443927,1.408629550135741,1.5205004653592789,-0.7655200204462744,37.35999916493893,1.0,3.467614288508499,1
12:05:05.179758,23,0.7402252822130255,1.299647693748084,1.488381779469881,-0.6263600167294499,62.1199986115098,1.0,1.1492083151072823,1
12:05:05.179758,23,0.7106069054298695,1.247645342566957,1.5088529813984148,-0.6958000185841229,36.35999918729067,1.0,2.8884237170764253,1
12:05:05.179758,23,0.824083952492992,1.3034018500784212,1.4301179830861248,-0.6263600167294499,268.6399939954281,1.0,0.17227572150943385,1
12:05:05.179758,23,0.7923787760968961,1.2532557630848324,1.4520431884205545,-0.6958000185841229,192.35999570041892,1.0,0.33303234310204105,1
12:05:05.179758,23,0.7633143274253805,1.219167574371938,1.516483576388511,-0.6958000185841229,79.11999823153019,1.0,1.7334284684603132,1
12:05:05.179758,23,0.8291554613015055,1.3877162229949522,1.4517352991197403,-0.6263600167294499,169.7599962055683,1.0,2.0393207789972596,1
12:05:05.179758,23,0.7985539416401142,1.33649998277897,1.4719700244597853,-0.6263600167294499,202.75999546796083,1.0,0.4996364338745286,1
12:05:05.179758,23,0.7678309873768921,1.2850805035145114,1.4922850463289572,-0.6263600167294499,132.51999703794718,1.0,0.5348588116647996,1
12:05:05.179758,23,0.7736179667335917,1.1956995552603815,1.4759539296474309,-0.6958000185841229,92.23999793827534,1.0,1.9325773982859649,1
12:05:05.179758,23,0.8142909284042662,1.395653525521528,1.449608505317663,-0.6263600167294499,134.5199969932437,1.0,2.165852355233704,1
12:05:05.179758,23,0.7842380118902248,1.344144344439011,1.4699217239263258,-0.6263600167294499,146.99999671429396,1.0,0.6989979840743183,1
12:05:05.179758,23,0.7540658377709688,1.292430761844262,1.4903155505453405,-0.6263600167294499,89.35999800264835,1.0,0.8013641711050217,1
12:05:05.179758,23,0.73710803311367,1.2336610242500528,1.512600068198129,-0.6958000185841229,62.35999860614538,1.0,2.154228496784291,1
12:05:05.179758,23,0.7238936636517129,1.240717179249513,1.510709377164355,-0.6958000185841229,47.63999893516302,1.0,2.4818906608839564,1
12:05:05.179758,23,0.8001070069315515,1.4092249515625577,1.4635644585289391,-0.6263600167294499,105.35999764502048,1.0,2.4771473390090732,1
12:05:05.179758,23,0.7705775743382955,1.3572148918388076,1.4833626068081875,-0.6263600167294499,106.99999760836364,1.0,0.9974465617797437,1
12:05:05.233090,24,0.8647260555138007,1.272886948380607,1.421429414587987,-0.5566400148672983,121.51999728381634,1.0,1.0956791705053146,1
12:05:05.233090,24,0.8325873591082297,1.229710046303315,1.458352244217374,-0.5566400148672983,126.7599971666932,1.0,0.30554264489807853,1
12:05:05.233090,24,0.7992733306637599,1.180506085886624,1.4800250074963563,-0.5566400148672983,83.8799981251359,1.0,1.110351091492407,1
12:05:05.233090,24,0.7659593022192902,1.1313021254699325,1.5016977707753385,-0.5566400148672983,28.879999354481697,1.0,3.656675515826154,1
12:05:05.233090,24,0.8192659772426115,1.2376879516017636,1.4562145709353629,-0.5566400148672983,183.51999589800835,1.0,0.12474557771450996,1
12:05:05.233090,24,0.8520469818673752,1.287211129168622,1.4344562736787831,-0.5566400148672983,149.87999664992094,1.0,1.1088157562198049,1
12:05:05.233090,24,0.8978633678601324,1.3216654628258488,1.3992579140521253,-0.5566400148672983,46.879998952150345,1.0,3.641958326310798,1
12:05:05.233090,24,0.7864849726178479,1.1881647740349048,1.4779728681919426,-0.5566400148672983,117.87999736517668,1.0,0.8863924094412104,1
12:05:05.233090,24,0.7537039679930841,1.1386415964680463,1.499731165448522,-0.5566400148672983,32.119999282062054,1.0,3.3937562513999016,1
12:05:05.233090,24,0.8381073721977099,1.2953740157153657,1.4322690348206764,-0.5566400148672983,165.99999628961086,1.0,1.0718632119720108,1
12:05:05.233090,24,0.8058626694656508,1.2455367854878738,1.4541114822340535,-0.5566400148672983,239.6399946436286,1.0,0.03738793236156879,1
12:05:05.233090,24,0.8834975710995069,1.330268847012953,1.396952644207016,-0.5566400148672983,47.9999989271164,1.0,3.5673147986830727,1
12:05:05.233090,24,0.8246089959327891,1.164820064585243,1.4842280642365189,-0.5566400148672983,59.63999866694212,1.0,1.8305410121027492,1
12:05:05.233090,24,0.8360174581771652,1.1512631877717965,1.4722933098212851,-0.5566400148672983,43.5199990272522,1.0,2.3743646376526537,1
12:05:05.233090,24,0.8921364657594568,1.2559163942456602,1.4259766608635545,-0.5566400148672983,93.6399979069829,1.0,1.6396328421734778,1
12:05:05.233090,24,0.9219917692645356,1.2845624997315126,1.3568206793647768,-0.5566400148672983,44.11999901384115,1.0,3.3059223662510857,1
12:05:05.233090,24,0.8708629963845496,1.1992482926327952,1.4502982863261922,-0.5566400148672983,62.23999860882759,1.0,1.3560142085030384,1
12:05:05.233090,24,0.905708534591934,1.2472333974937946,1.428303262831099,-0.5566400148672983,71.3599984049797,1.0,2.0578748950228136,1
12:05:05.233090,24,0.936018026721441,1.2755889269149865,1.359225140954187,-0.5566400148672983,40.23999910056591,1.0,3.6603818053002333,1
12:05:05.233090,24,0.8484616031495763,1.143127711011994,1.4744732042491164,-0.5566400148672983,32.75999926775694,1.0,2.9567262231806577,1
12:05:05.233090,24,0.8838258182396658,1.190773725984981,1.4525690396156776,-0.5566400148672983,46.11999896913767,1.0,1.9075216076764177,1
12:05:05.233090,24,0.9191900333297552,1.2384197409579691,1.4306648749822388,-0.5566400148672983,55.11999876797199,1.0,2.5741165330773916,1
12:05:05.233090,24,0.8608209026725143,1.1348724418185023,1.476685196962814,-0.5566400148672983,25.51999942958355,1.0,3.630958128190935,1
12:05:05.233090,24,0.896700258253428,1.1821743739074777,1.4548732290602755,-0.5566400148672983,35.35999920964241,1.0,2.5541671701918642,1
12:05:05.233090,24,0.9325796138343416,1.229476305996453,1.4330612611577371,-0.5566400148672983,43.239999033510685,1.0,3.188719256338822,1
12:05:05.233090,24,0.7736179667335917,1.1956995552603815,1.4759539296474309,-0.5566400148672983,153.1199965775013,1.0,0.7527771172359996,1
12:05:05.233090,24,0.9590776736821194,1.2112036910286643,1.4379573935819612,-0.5566400148672983,34.639999225735664,1.0,4.714430227240403,1
12:05:05.233090,24,0.8589790249230684,1.213370225432041,1.462730486024301,-0.5566400148672983,87.35999804735184,1.0,0.9488285028219492,1
12:05:05.233090,24,0.9696962601693162,1.1592132481862698,1.078208717530539,-0.6958000185841229,5.359999880194664,0.5359999880194664,4.072015209857767,1
12:05:05.233090,24,0.7413732640015326,1.1458623250328897,1.497796377060808,-0.5566400148672983,34.23999923467636,1.0,3.218030766595292,1
12:05:05.233090,24,0.7923787760968961,1.2532557630848324,1.4520431884205545,-0.5566400148672983,244.3599945381284,1.0,0.04312149690625214,1
12:05:05.233090,24,0.824083952492992,1.3034018500784212,1.4301179830861248,-0.5566400148672983,158.23999646306038,1.0,1.1310101545789966,1
12:05:05.233090,24,0.6573887758196059,1.2792262539157315,1.516030313476159,-0.6263600167294499,20.87999953329563,1.0,3.1768043807710433,1
12:05:05.233090,24,0.6847889999188416,1.332544909968562,1.4958582655864503,-0.6263600167294499,25.75999942421913,1.0,3.3644472206796205,1
12:05:05.233090,24,0.6709646620212742,1.2728107461362248,1.5177493436047134,-0.6263600167294499,26.87999939918518,1.0,2.538775914811284,1
12:05:05.233090,24,0.6989307344251264,1.325862001288196,1.4976489455704454,-0.6263600167294499,33.2399992570281,1.0,2.655956633108307,1
12:05:05.233090,24,0.6844734523188754,1.2662644283269198,1.5195034241751142,-0.6263600167294499,35.879999198019505,1.0,1.9879945699389374,1
12:05:05.233090,24,0.7123234968190479,1.313678704934064,1.4846221813536054,-0.6263600167294499,44.359999008476734,1.0,2.0151001388593537,1
12:05:05.233090,24,0.7382625229483941,1.3486887602613813,1.4179833920749,-0.4872000130126253,44.99999899417162,1.0,3.4821495217705882,1
12:05:05.233090,24,0.6972490871128302,1.2544448213918575,1.5070310665383304,-0.6263600167294499,49.23999889940024,1.0,1.5797190729018198,1
12:05:05.233090,24,0.7263107047470222,1.306730577538833,1.486483926478066,-0.6263600167294499,61.35999862849712,1.0,1.4795749799594085,1
12:05:05.233090,24,0.75275907045809,1.3414876190896008,1.419912932036461,-0.4872000130126253,58.35999869555235,1.0,2.854618858604995,1
12:05:05.233090,24,0.7262044940282544,1.3733277435220983,1.4621020557096176,-0.6263600167294499,35.23999921232462,1.0,4.478237376261658,1
12:05:05.233090,24,0.7106069054298695,1.247645342566957,1.5088529813984148,-0.5566400148672983,69.87999843806028,1.0,1.1976049503751391,1
12:05:05.233090,24,0.7606735997008002,1.2031096760912434,1.4739683937549843,-0.5566400148672983,163.99999633431435,1.0,0.709189622034483,1
12:05:05.233090,24,0.6809885286467136,1.1956429913858302,1.5293241833269489,-0.5566400148672983,27.119999393820763,1.0,3.1529482680273873,1
12:05:05.233090,24,0.7289684233047042,1.1529635890976544,1.4958935990894142,-0.5566400148672983,34.759999223053455,1.0,3.129214529963697,1
12:05:05.233090,24,0.8099781250834432,1.3112938294810783,1.4280033335784998,-0.4872000130126253,132.2399970442057,1.0,1.2858706907857824,1
12:05:05.233090,24,0.7678309873768921,1.2850805035145114,1.4922850463289572,-0.5566400148672983,190.87999573349956,1.0,0.4193802594851698,1
12:05:05.233090,24,0.7063850788504478,1.1822415449855943,1.532915090067301,-0.5566400148672983,33.519999250769615,1.0,2.7628310826336957,1
12:05:05.233090,24,0.73710803311367,1.2336610242500528,1.512600068198129,-0.5566400148672983,138.359996907413,1.0,0.6986321281259721,1
12:05:05.233090,24,0.7540658377709688,1.292430761844262,1.4903155505453405,-0.6263600167294499,130.75999707728624,1.0,0.6813486933555125,1
12:05:05.233090,24,0.7238936636517129,1.240717179249513,1.510709377164355,-0.5566400148672983,100.3599977567792,1.0,0.9037982521489014,1
12:05:05.233090,24,0.693721489532457,1.189003596654764,1.5311032037833694,-0.5566400148672983,30.759999312460423,1.0,2.9150561901457728,1
12:05:05.233090,24,0.7671803426914023,1.334146814412429,1.4218798947215037,-0.4872000130126253,77.23999827355146,1.0,2.32082634724539,1
12:05:05.233090,24,0.7402252822130255,1.299647693748084,1.488381779469881,-0.6263600167294499,88.2399980276823,1.0,1.0348685906342248,1
12:05:05.233090,24,0.7957913005399861,1.319049164732008,1.4259252977609806,-0.4872000130126253,102.35999771207572,1.0,1.536055613378486,1
12:05:05.289627,25,0.7526809272240527,1.2276538050501395,-0.202930579603887,-0.4872000130126253,45.35999898612499,1.0,0.7412704395105206,1
12:05:05.289627,25,0.7413732640015326,1.236797875257055,-0.1885204566689358,-0.4872000130126253,59.75999866425991,1.0,0.5510058543317249,1
12:05:05.289627,25,0.8369697663909272,1.396276988921133,-0.2294088862773183,-0.4872000130126253,111.35999751091003,1.0,0.8747841264572603,1
12:05:05.289627,25,0.8047688310355585,1.342557694791412,-0.2205827840528412,-0.4872000130126253,207.75999535620213,1.0,0.3802838580151487,1
12:05:05.289627,25,0.7736179667335917,1.2905901844267358,-0.1967198163968438,-0.4872000130126253,138.9999968931079,1.0,0.3057221864956444,1
12:05:05.289627,25,0.824083952492992,1.406485828462447,-0.2131185358526598,-0.4872000130126253,114.3599974438548,1.0,0.7479974422189546,1
12:05:05.289627,25,0.7476531659453315,1.3058034025241223,-0.1967198163968438,-0.4872000130126253,263.3599941134453,1.0,0.06554616245775378,1
12:05:05.289627,25,0.7606735997008002,1.2982617060168875,-0.1967198163968438,-0.4872000130126253,205.9999953955412,1.0,0.1453288396198666,1
12:05:05.289627,25,0.7289684233047042,1.244149644794108,-0.1885204566689358,-0.4872000130126253,75.35999831557274,1.0,0.4251828225448172,1
12:05:05.289627,25,0.8099781250834432,1.414656206754305,-0.2131185358526598,-0.4872000130126253,109.9999975413084,1.0,0.6037079412875059,1
12:05:05.289627,25,0.7788156455143873,1.3602298046392138,-0.2049191761247518,-0.4872000130126253,312.9999930039048,1.0,0.14201057904474654,1
12:05:05.289627,25,0.7164906863762757,1.2513770004090314,-0.1885204566689358,-0.4872000130126253,85.75999808311462,1.0,0.3743146915265244,1
12:05:05.289627,25,0.7854174365222624,1.2810484092580965,-0.2117566818283641,-0.4872000130126253,92.23999793827534,1.0,0.50086307016918,1
12:05:05.289627,25,0.7923787760968961,1.3523737672396674,-0.2049191761247518,-0.4872000130126253,273.1199938952923,1.0,0.25293371284457794,1
12:05:05.289627,25,0.818153945820472,1.3344430134660534,-0.2205827840528412,-0.4872000130126253,150.3599966391921,1.0,0.6500568416565484,1
12:05:05.289627,25,0.8567948529771431,1.2258860421430424,-0.2567342212203174,-0.5566400148672983,25.999999418854717,1.0,3.209544163842775,1
12:05:05.289627,25,0.7649196266611585,1.220065739216334,-0.202930579603887,-0.4872000130126253,34.23999923467636,1.0,1.0045131103635434,1
12:05:05.289627,25,0.7957913005399861,1.4226851206106872,-0.2131185358526598,-0.4872000130126253,99.87999776750804,1.0,0.5522316473020475,1
12:05:05.289627,25,0.8909297537458876,1.2747256193848282,-0.2830010053775963,-0.5566400148672983,48.119998924434185,1.0,3.4539486505976655,1
12:05:05.289627,25,0.8998800594317277,1.3439959634629843,-0.2943246261842596,-0.4872000130126253,64.87999854981899,1.0,2.688504928439608,1
12:05:05.289627,25,0.8652587615247588,1.2922880895645452,-0.2830010053775963,-0.5566400148672983,61.519998624920845,1.0,2.0997916283435303,1
12:05:05.289627,25,0.8321074139131731,1.2427756274243509,-0.2567342212203174,-0.5566400148672983,33.7599992454052,1.0,1.9645540138636026,1
12:05:05.289627,25,0.801171919969781,1.19657260453049,-0.202930579603887,-0.4872000130126253,20.51999954134226,1.0,2.237189580519804,1
12:05:05.289627,25,0.8508904551186816,1.3878376176740104,-0.2294088862773183,-0.4872000130126253,102.23999771475792,1.0,1.188851753972627,1
12:05:05.289627,25,0.8879639535271803,1.3553216433394475,-0.2781357889200671,-0.4872000130126253,76.87999828159809,1.0,2.2128417158280027,1
12:05:05.289627,25,0.853801106774994,1.3031780338861505,-0.2674350050701922,-0.5566400148672983,80.87999819219112,1.0,1.641376758680049,1
12:05:05.289627,25,0.8234897121593526,1.256912992383963,-0.2117566818283641,-0.4872000130126253,45.35999898612499,1.0,1.6632727136260146,1
12:05:05.289627,25,0.7891663353593005,1.2045243618941537,-0.202930579603887,-0.4872000130126253,26.239999413490292,1.0,1.7527959382185714,1
12:05:05.289627,25,0.8743665654568119,1.3641333691685793,-0.2781357889200671,-0.4872000130126253,89.87999799102545,1.0,1.6716305145452575,1
12:05:05.289627,25,0.8407268542249728,1.3116507441078051,-0.2674350050701922,-0.5566400148672983,109.11999756097794,1.0,1.1587228264054112,1
12:05:05.289627,25,0.798188436278706,1.27313031408684,-0.2117566818283641,-0.4872000130126253,63.23999858647585,1.0,0.808841572713148,1
12:05:05.289627,25,0.971869536590057,1.33294463321304,-0.4388365133367901,-0.3480400092958007,15.359999656677246,1.0,5.425283962523529,1
12:05:05.289627,25,0.7540658377709688,1.3803082940672875,-0.1578116773445256,-0.4872000130126253,293.11999344825745,1.0,0.275730995053595,1
12:05:05.289627,25,0.6300411525868297,1.3737729766056377,-0.1363907018458581,-0.4872000130126253,33.2399992570281,1.0,2.6923674790092997,1
12:05:05.289627,25,0.7039413009794859,1.2584792193723189,-0.1885204566689358,-0.4872000130126253,84.35999811440706,1.0,0.3986236385541915,1
12:05:05.289627,25,0.7345579674996527,1.3132145197851082,-0.1967198163968438,-0.4872000130126253,249.5199944227934,1.0,0.06661851830412789,1
12:05:05.289627,25,0.6293142488245758,1.4479270193671714,-0.0790045738127225,-0.5566400148672983,34.23999923467636,1.0,4.1646695092245976,1
12:05:05.289627,25,0.6437618119258421,1.441561586160334,-0.0790045738127225,-0.5566400148672983,42.23999905586243,1.0,3.411744787335386,1
12:05:05.289627,25,0.6577827509135318,1.4342621334687988,-0.094788105628439,-0.5566400148672983,53.11999881267548,1.0,2.76473822070661,1
12:05:05.289627,25,0.6841023833634959,1.4916507654105362,-0.0985808291337364,-0.4872000130126253,35.23999921232462,1.0,3.387248986408956,1
12:05:05.289627,25,0.629388536512478,1.30293334544045,-0.145182749820197,-0.4872000130126253,25.999999418854717,1.0,1.880179961146786,1
12:05:05.289627,25,0.6573887758196059,1.3608982484488894,-0.1363907018458581,-0.4872000130126253,43.5199990272522,1.0,1.5585090324582342,1
12:05:05.289627,25,0.6847889999188416,1.417621025525919,-0.1420755202259243,-0.4872000130126253,68.51999846845865,1.0,1.6900326926928428,1
12:05:05.289627,25,0.7121892240180772,1.4743438026029485,-0.1477603386059905,-0.4872000130126253,42.11999905854464,1.0,2.2062156740741887,1
12:05:05.289627,25,0.6709646620212742,1.3542564260595304,-0.1363907018458581,-0.4872000130126253,59.11999867856503,1.0,1.1150239043581656,1
12:05:05.289627,25,0.6423861833580224,1.2965744189920898,-0.145182749820197,-0.4872000130126253,33.359999254345894,1.0,1.4332674510311527,1
12:05:05.289627,25,0.7553723223812143,1.4509347060195323,-0.16412614110669,-0.4872000130126253,73.11999836564064,1.0,1.0719283761882012,1
12:05:05.289627,25,0.7268968068289786,1.4671483126470302,-0.1477603386059905,-0.4872000130126253,50.6399988681078,1.0,1.7511192829799658,1
12:05:05.289627,25,0.6553195921234228,1.2900858361881014,-0.145182749820197,-0.4872000130126253,43.63999902456999,1.0,1.0626862540664352,1
12:05:05.289627,25,0.6838215444712353,1.346195809809485,-0.1514972135823613,-0.4872000130126253,83.63999813050032,1.0,0.7747344459207115,1
12:05:05.289627,25,0.7130025764435336,1.4036426441255938,-0.1420755202259243,-0.4872000130126253,123.11999724805356,1.0,0.878690983746057,1
12:05:05.289627,25,0.7415317005681918,1.4598061090890249,-0.1477603386059905,-0.4872000130126253,60.99999863654375,1.0,1.39045103740683,1
12:05:05.289627,25,0.668187469478638,1.283468245881329,-0.145182749820197,-0.4872000130126253,56.99999872595072,1.0,0.7683508515073394,1
12:05:05.289627,25,0.6972490871128302,1.33929039926073,-0.1514972135823613,-0.4872000130126253,123.11999724805356,1.0,0.48372637540055136,1
12:05:05.289627,25,0.7270031188016506,1.3964425558094675,-0.1420755202259243,-0.4872000130126253,170.1199961975217,1.0,0.6052343022849971,1
12:05:05.289627,25,0.6989307344251264,1.4107023693532803,-0.1420755202259243,-0.4872000130126253,90.63999797403812,1.0,1.240254130782805,1
12:05:05.289627,25,0.6786326115322213,1.2723054190647811,-0.1885204566689358,-0.4872000130126253,72.35999838262796,1.0,0.6735452212248294,1
12:05:05.289627,25,0.7106069054298695,1.3322510607941078,-0.1514972135823613,-0.4872000130126253,183.23999590426683,1.0,0.27462532879130963,1
12:05:05.289627,25,0.7402252822130255,1.387779811762956,-0.1578116773445256,-0.4872000130126253,232.1199948117137,1.0,0.3864652196691676,1
12:05:05.289627,25,0.7698436589961816,1.4433085627318043,-0.16412614110669,-0.4872000130126253,86.63999806344509,1.0,0.8856716086015336,1
12:05:05.289627,25,0.6733246344593192,1.2037439189595291,-0.1803210969410278,-0.4872000130126253,6.7599998489022255,0.6759999848902225,1.11383654863694,1
12:05:05.336295,26,0.8972907245140441,1.148698184311571,0.9954368127121238,-0.4872000130126253,5.239999882876873,0.5239999882876873,2.443324300201034,1
12:05:05.336295,26,0.8684202844834036,1.1613547621832208,1.0994720422702422,-0.6263600167294499,13.879999689757824,1.0,1.7694232949151036,1
12:05:05.336295,26,0.8622976722049367,1.102084398684046,1.137104317177724,-0.6263600167294499,21.99999950826168,1.0,4.526805100029761,1
12:05:05.336295,26,0.7798609768636903,1.1963723701866182,1.322297404099899,-0.3480400092958007,27.759999379515648,1.0,0.7470139475451387,1
12:05:05.336295,26,0.7112843485756468,1.2527819941395322,1.5231160315276304,-0.3480400092958007,34.99999921768904,1.0,3.510394183139553,1
12:05:05.336295,26,1.0367796957309483,1.107495667947365,-0.2561346308813998,-0.4872000130126253,5.999999865889549,0.5999999865889549,4.853512731278361,1
12:05:05.336295,26,0.9472581911712004,1.119598235315552,-0.213793719073903,-0.5566400148672983,10.759999759495258,1.0,2.6176546537352445,1
12:05:05.336295,26,0.9407995777607396,1.0839213696900496,-0.1586503467809299,-0.5566400148672983,10.359999768435957,1.0,2.067837097965076,1
12:05:05.336295,26,0.9178443946983934,1.0574740645949023,-0.10598002777856,-0.0697200018621515,5.879999868571758,0.5879999868571758,4.7035278086129075,1
12:05:05.336295,26,0.6688244728877434,1.207087831120065,1.5412451026663527,-0.4174800111504737,20.87999953329563,1.0,3.9254706577163367,1
12:05:05.398737,27,0.7727534365840917,1.3496419366162338,-0.2830010053775963,-0.3480400092958007,259.519994199276,1.0,0.43478007678426417,1
12:05:05.398737,27,0.819434354863518,1.3070180801475104,-0.3449664854843116,-0.3480400092958007,167.7599962502718,1.0,0.5441862232728356,1
12:05:05.398737,27,0.7883663462098085,1.257463837292583,-0.3163379060752428,-0.4174800111504737,184.35999587923288,1.0,0.5920487234539159,1
12:05:05.398737,27,0.7599971655456105,1.2122142918872605,-0.2603537637642698,-0.4174800111504737,84.87999810278416,1.0,2.3695596216793264,1
12:05:05.398737,27,0.8707221757590456,1.4201839764353863,-0.3725179761010405,-0.3480400092958007,10.359999768435957,1.0,5.400425058590536,1
12:05:05.398737,27,0.8385865594305044,1.3677694535792473,-0.3587695094962569,-0.3480400092958007,100.7599977478385,1.0,2.0773696484043955,1
12:05:05.398737,27,0.8080861706174914,1.3180220546117989,-0.329522995076402,-0.3480400092958007,206.8799953758717,1.0,0.4358279826083381,1
12:05:05.398737,27,0.826670453525957,1.3790951334557109,-0.3427080840775612,-0.3480400092958007,105.2399976477027,1.0,2.1022105006368945,1
12:05:05.398737,27,0.7356025021433215,1.2271707867829886,-0.2603537637642698,-0.4174800111504737,104.99999765306713,1.0,1.8563278121608746,1
12:05:05.398737,27,0.9139211620037518,1.2022045526251235,-0.4671435787417084,-0.4872000130126253,45.11999899148941,1.0,4.066454154083711,1
12:05:05.398737,27,0.78621099336128,1.3418470496832382,-0.2830010053775963,-0.3480400092958007,241.8799945935607,1.0,0.44085632655404966,1
12:05:05.398737,27,0.7547526063107654,1.2881561903490837,-0.271677384570933,-0.3480400092958007,273.6399938836694,1.0,0.23283981157739853,1
12:05:05.398737,27,0.7245742079410163,1.2366499214739992,-0.2460334373704426,-0.4174800111504737,125.63999719172716,1.0,1.743168412348494,1
12:05:05.398737,27,0.8036733510955222,1.4036446900503483,-0.2943246261842596,-0.3480400092958007,100.87999774515627,1.0,2.364980225915236,1
12:05:05.398737,27,0.7803630665518773,1.2728045222379232,-0.271677384570933,-0.4174800111504737,229.3599948734045,1.0,0.534942135656421,1
12:05:05.398737,27,0.8522220967234688,1.3593153400363798,-0.3587695094962569,-0.3480400092958007,89.35999800264835,1.0,2.176264953685965,1
12:05:05.398737,27,0.832463346163127,1.2987585229972367,-0.3449664854843116,-0.4174800111504737,133.11999702453613,1.0,0.7614258665719427,1
12:05:05.398737,27,0.7991542798055007,1.2467917498961294,-0.3311634614723662,-0.4174800111504737,145.8799967393279,1.0,0.8263146172827778,1
12:05:05.398737,27,0.8999899062476465,1.2343598294970783,-0.4063800928278447,-0.4174800111504737,54.75999877601862,1.0,3.0181007690755095,1
12:05:05.398737,27,0.8639789231256072,1.1849698189225473,-0.3901197475035612,-0.4872000130126253,60.75999864190817,1.0,3.488541176940168,1
12:05:05.398737,27,0.9231168055607556,1.293045505802496,-0.4226404381521282,-0.4174800111504737,40.639999091625214,1.0,3.6358540094205605,1
12:05:05.398737,27,0.8876015148358662,1.243297860886433,-0.4063800928278447,-0.4872000130126253,67.23999849706888,1.0,2.455566641063289,1
12:05:05.398737,27,0.8520862241109771,1.1935502159703697,-0.3901197475035612,-0.4872000130126253,74.35999833792448,1.0,2.8845750089954354,1
12:05:05.398737,27,0.910140410844657,1.3022118680661166,-0.4226404381521282,-0.4174800111504737,49.99999888241291,1.0,3.1880223593694055,1
12:05:05.398737,27,0.7675194715234017,1.197437052095767,-0.3031528170740836,-0.4872000130126253,67.87999848276377,1.0,2.5535107607266405,1
12:05:05.398737,27,0.8751243640162358,1.2521115635313345,-0.4063800928278447,-0.4872000130126253,83.63999813050032,1.0,1.9595176571274806,1
12:05:05.398737,27,0.801339980996297,1.171315436161882,-0.3173604374604207,-0.4174800111504737,44.11999901384115,1.0,3.8341561752778466,1
12:05:05.398737,27,0.8839158883066074,1.3201530286992744,-0.4226404381521282,-0.4174800111504737,61.63999862223864,1.0,2.494751635638785,1
12:05:05.398737,27,0.8521271913040306,1.2726757232434884,-0.3910838186085425,-0.4872000130126253,105.1199976503849,1.0,1.199492634465738,1
12:05:05.398737,27,0.8239286263692305,1.2305603801479283,-0.3311634614723662,-0.4174800111504737,115.35999742150308,1.0,1.5480231537804858,1
12:05:05.398737,27,0.7895869554513697,1.1792701369556011,-0.3173604374604207,-0.4174800111504737,54.51999878138304,1.0,3.33839412791222,1
12:05:05.398737,27,0.8657724125207532,1.3507252960983438,-0.3587695094962569,-0.3480400092958007,75.23999831825495,1.0,2.341836934773278,1
12:05:05.398737,27,0.8302077431498851,1.2135113283173038,-0.375435517784889,-0.4872000130126253,92.11999794095756,1.0,1.877639735433568,1
12:05:05.398737,27,0.7431463191142808,1.2979320308845734,-0.2567342212203174,-0.3480400092958007,302.63999323546886,1.0,0.22658782281090362,1
12:05:05.398737,27,0.7469273287558372,1.367241340616662,-0.2674350050701922,-0.3480400092958007,219.9999950826168,1.0,0.6524057880840433,1
12:05:05.398737,27,0.7895969551174583,1.4116111077902738,-0.2943246261842596,-0.3480400092958007,89.63999799638987,1.0,2.47808548297528,1
12:05:05.398737,27,0.7121716867030924,1.243833710651658,-0.2460334373704426,-0.4174800111504737,141.23999684304,1.0,1.6324515555299675,1
12:05:05.398737,27,0.6024415213047206,1.3035675513791434,-0.490491917521888,-0.3480400092958007,60.11999865621328,1.0,4.81899722921534,1
12:05:05.398737,27,0.6275515221103375,1.3579007623344852,-0.5109358145784015,-0.3480400092958007,48.35999891906977,1.0,5.1465839731561385,1
12:05:05.398737,27,0.6162721502951332,1.297681567409509,-0.4889147728705619,-0.3480400092958007,73.63999835401773,1.0,4.1435451298457,1
12:05:05.398737,27,0.6413472014191623,1.346374153231648,-0.5241385376139056,-0.3480400092958007,58.87999868392944,1.0,4.559325528707616,1
12:05:05.398737,27,0.6037807882368349,1.2378252915470984,-0.4669909750324544,-0.3480400092958007,49.75999888777733,1.0,4.996515027272643,1
12:05:05.398737,27,0.6431340320848113,1.2803424873662346,-0.4999081921453551,-0.3480400092958007,91.23999796062708,1.0,3.1967593770718485,1
12:05:05.398737,27,0.6699401128290383,1.333707668470626,-0.5207445632512487,-0.3480400092958007,72.63999837636948,1.0,3.2677620572677526,1
12:05:05.398737,27,0.629388536512478,1.30293334544045,-0.145182749820197,-0.3480400092958007,61.75999861955643,1.0,2.851174613826603,1
12:05:05.398737,27,0.6567626640245385,1.359602098474047,-0.1514972135823613,-0.3480400092958007,114.3599974438548,1.0,1.746648784435027,1
12:05:05.398737,27,0.6817699828342004,1.4113711849237534,-0.2049191761247518,-0.3480400092958007,90.63999797403812,1.0,2.195207071675349,1
12:05:05.398737,27,0.6423861833580224,1.2965744189920898,-0.145182749820197,-0.3480400092958007,76.99999827891588,1.0,2.6016048828871092,1
12:05:05.398737,27,0.6680065920492497,1.3482859398400624,-0.1967198163968438,-0.3480400092958007,144.63999676704407,1.0,1.2349296485032073,1
12:05:05.398737,27,0.695849370927085,1.4044830309075311,-0.2049191761247518,-0.3480400092958007,114.11999744921924,1.0,1.8112001431081814,1
12:05:05.398737,27,0.5885506486669035,1.3093196496642237,-0.4920331876121596,-0.3480400092958007,49.75999888777733,1.0,5.559847744170862,1
12:05:05.398737,27,0.653052478100792,1.2856227135762133,-0.1885204566689358,-0.3480400092958007,95.879997856915,1.0,2.134488771516709,1
12:05:05.398737,27,0.7227098456047051,1.4586974664779442,-0.2294088862773183,-0.3480400092958007,40.99999908357859,1.0,4.053886401622044,1
12:05:05.398737,27,0.730130058411803,1.3052984739946778,-0.2567342212203174,-0.3480400092958007,302.11999324709177,1.0,0.22368252824426166,1
12:05:05.398737,27,0.702985805611955,1.256771021455005,-0.202930579603887,-0.3480400092958007,145.11999675631523,1.0,1.7769618794475293,1
12:05:05.398737,27,0.7768138721964867,1.421948292882361,-0.2781357889200671,-0.3480400092958007,75.51999831199646,1.0,2.702248270318442,1
12:05:05.398737,27,0.7071873158759014,1.325839989108844,-0.2117566818283641,-0.3480400092958007,272.5199939087033,1.0,0.5445262351580216,1
12:05:05.398737,27,0.6777114689374166,1.2705784541426928,-0.202930579603887,-0.3480400092958007,135.35999697446823,1.0,1.802572184949513,1
12:05:05.398737,27,0.6491167011458276,1.2169687728513745,-0.1803210969410278,-0.4174800111504737,18.879999577999115,1.0,4.82745493419151,1
12:05:05.398737,27,0.7605621679304498,1.3597038304890194,-0.2674350050701922,-0.3480400092958007,250.51999440044165,1.0,0.5411302815252099,1
12:05:05.398737,27,0.7228155452152054,1.3883989782642503,-0.2205827840528412,-0.3480400092958007,181.11999595165253,1.0,1.1755749890103924,1
12:05:05.398737,27,0.6938937781838205,1.3328454528015183,-0.2117566818283641,-0.3480400092958007,227.99999490380287,1.0,0.6975741965843301,1
12:05:05.398737,27,0.6658758383294875,1.279028017185571,-0.1885204566689358,-0.3480400092958007,116.75999739021064,1.0,1.9769211040647363,1
12:05:05.398737,27,0.7372604416388909,1.4513975543721909,-0.2294088862773183,-0.3480400092958007,50.35999887436628,1.0,3.665686953325332,1
12:05:05.398737,27,0.7088956466670784,1.395557593718881,-0.2205827840528412,-0.3480400092958007,144.35999677330256,1.0,1.4434914705370205,1
12:05:05.398737,27,0.7625557862074724,1.4296452051433826,-0.2781357889200671,-0.3480400092958007,61.99999861419201,1.0,2.9336626219845225,1
12:05:05.398737,27,0.681455826383326,1.3415385716705543,-0.1967198163968438,-0.3480400092958007,182.99999590963125,1.0,0.9668869232841376,1
12:05:05.453009,28,0.8036753686577981,1.0839016806284325,1.3056877379028422,-0.4174800111504737,131.99999704957008,1.0,0.5081012161673435,1
12:05:05.453009,28,0.7701778615292276,1.0387242300190431,1.334626947509198,-0.4174800111504737,84.11999811977148,1.0,1.241245585605784,1
12:05:05.453009,28,0.786646613003567,1.1262558341993023,1.3553750152709636,-0.4174800111504737,154.99999653548002,1.0,0.7008945687107964,1
12:05:05.453009,28,0.7538588711436159,1.079313045722791,1.3822432395109052,-0.4174800111504737,101.11999773979188,1.0,0.6197155803543977,1
12:05:05.453009,28,0.8114511921061645,1.1450041473694592,1.272481433084561,-0.4872000130126253,127.11999715864658,1.0,1.8952723195848504,1
12:05:05.453009,28,0.7931318550998293,1.1887753350428891,1.324333023531532,-0.4872000130126253,126.879997164011,1.0,2.6845085395154293,1
12:05:05.453009,28,0.7417971435838268,1.0865365696168132,1.3803077021169952,-0.4174800111504737,119.51999732851982,1.0,0.4478241912787642,1
12:05:05.453009,28,0.7613965460154933,1.1412092809916714,1.3513682512788865,-0.4872000130126253,182.5199959203601,1.0,0.26655774855175096,1
12:05:05.453009,28,0.7232942192602508,1.125017432359488,1.4290144374230778,-0.3480400092958007,136.5199969485402,1.0,0.4789866391059405,1
12:05:05.453009,28,0.6918358322097362,1.0760868134172583,1.4538484321509375,-0.3480400092958007,35.11999921500683,1.0,2.396692418821251,1
12:05:05.453009,28,0.8371728757863686,1.1290791312378217,1.276748528296486,-0.4872000130126253,113.23999746888876,1.0,2.2715380599744774,1
12:05:05.453009,28,0.7740602821993859,1.1337935323317956,1.3533552951435723,-0.4872000130126253,173.75999611616135,1.0,0.4203154695981576,1
12:05:05.453009,28,0.7818945745558904,1.0312282334684209,1.3366354937314038,-0.4174800111504737,69.51999844610691,1.0,1.4344582318147536,1
12:05:05.453009,28,0.8896958962644104,1.0577569542142529,1.232952258427074,-0.4872000130126253,77.23999827355146,1.0,3.0480404877238527,1
12:05:05.453009,28,0.8526938150910233,1.083004135541774,1.226187296579203,-0.4872000130126253,101.75999772548676,1.0,1.964061400196091,1
12:05:05.453009,28,0.7958836916731504,0.9887038782946646,1.290157021748385,-0.4174800111504737,57.51999871432781,1.0,2.8359224307379005,1
12:05:05.453009,28,0.8304992278590377,1.0317057832643313,1.259283672341877,-0.4174800111504737,89.35999800264835,1.0,1.306243328542919,1
12:05:05.453009,28,0.8651147640449252,1.0747076882339976,1.228410322935369,-0.4872000130126253,89.23999800533056,1.0,2.20096396882557,1
12:05:05.453009,28,0.8184977113031908,0.9731096319254008,1.2943354874696016,-0.4174800111504737,47.75999893248081,1.0,3.37690718633158,1
12:05:05.453009,28,0.8540968037838006,1.015433293069827,1.2636438729483377,-0.4174800111504737,72.99999836832285,1.0,1.9950916583822407,1
12:05:05.453009,28,0.8296825108178331,0.965149466553876,1.2964684073525197,-0.4174800111504737,39.87999910861254,1.0,3.8201249885973345,1
12:05:05.453009,28,0.8657979785686082,0.9691147730180352,1.2164077043643329,-0.4174800111504737,59.8799986615777,1.0,3.2611282628454763,1
12:05:05.453009,28,0.9018847806407428,1.0095078599329548,1.1837472676599137,-0.4872000130126253,66.23999851942062,1.0,3.259757705431655,1
12:05:05.453009,28,0.8771435149378525,0.9606969420460376,1.2186632553753012,-0.4174800111504737,49.51999889314175,1.0,3.6642054731645333,1
12:05:05.453009,28,0.9137032034517366,1.0007391704377426,1.1860968309288349,-0.4872000130126253,56.759998731315136,1.0,3.7241474677878195,1
12:05:05.453009,28,0.8995703210536308,0.943534632547768,1.2232618823456154,-0.4174800111504737,41.23999907821417,1.0,4.817357984941173,1
12:05:05.453009,28,0.7798609768636903,1.1963723701866182,1.322297404099899,-0.2783200074336491,121.75999727845192,1.0,2.550489049540205,1
12:05:05.453009,28,0.8159016791394627,1.0760796591289867,1.3077836422467974,-0.4174800111504737,109.23999755829573,1.0,0.7916252201550472,1
12:05:05.453009,28,0.7418335220726611,1.1811760673370828,1.4022437016356624,-0.3480400092958007,178.23999601602554,1.0,0.9067495337473961,1
12:05:05.453009,28,0.8243532512635078,1.1371037529162722,1.27459833739818,-0.4872000130126253,122.23999726772308,1.0,2.018770930412893,1
12:05:05.453009,28,0.681197054291904,1.0882875673899353,1.464759934522493,-0.3480400092958007,39.99999910593033,1.0,2.3121033216111497,1
12:05:05.453009,28,0.5773315204991037,1.249234340423802,1.5299519795346257,-0.3480400092958007,51.35999885201454,1.0,3.2783194107224385,1
12:05:05.453009,28,0.5900231963712269,1.2386301517236271,1.517805808429529,-0.3480400092958007,60.51999864727259,1.0,2.7756298719782966,1
12:05:05.453009,28,0.5775204238868402,1.183988296745411,1.5533199613064164,-0.3480400092958007,32.87999926507473,1.0,3.9052264196121205,1
12:05:05.453009,28,0.6163279513405845,1.226977306261843,1.520928178960539,-0.3480400092958007,71.63999839872122,1.0,1.9981200074535774,1
12:05:05.453009,28,0.6400391361569592,1.2583962240989692,1.443587099254725,-0.2783200074336491,58.11999870091677,1.0,2.5829809947426354,1
12:05:05.453009,28,0.6020144090004172,1.167857399002835,1.543306524292224,-0.3480400092958007,37.63999915868044,1.0,3.19912551866458,1
12:05:05.453009,28,0.6536021842597438,1.2521483643663105,1.445261208224514,-0.2783200074336491,69.35999844968319,1.0,2.163008378658208,1
12:05:05.453009,28,0.6144467464679452,1.1619822939411426,1.5448807539489526,-0.3480400092958007,42.11999905854464,1.0,3.0016141193388144,1
12:05:05.453009,28,0.6401638131714145,1.1992693043122131,1.4834860200927276,-0.3480400092958007,100.3599977567792,1.0,1.224483564518597,1
12:05:05.453009,28,0.6670998726916909,1.245769810225965,1.4469703366552975,-0.3480400092958007,83.11999814212322,1.0,1.8817778531375389,1
12:05:05.453009,28,0.624649129818258,1.1411350763525434,1.5075516413480448,-0.3480400092958007,45.759998977184296,1.0,2.692659278235164,1
12:05:05.453009,28,0.6521660567234533,1.187608302743721,1.4716921190146073,-0.3480400092958007,117.35999737679958,1.0,0.9495556848411248,1
12:05:05.453009,28,0.6773480165437816,1.2215678148737783,1.4068910665791925,-0.2783200074336491,99.99999776482582,1.0,1.4292367061761855,1
12:05:05.453009,28,0.6272111323970495,1.205390306141412,1.4818459025957242,-0.3480400092958007,84.87999810278416,1.0,1.5420557269235304,1
12:05:05.453009,28,0.6369147609532867,1.1350421399961284,1.5091842387242804,-0.3480400092958007,47.51999893784523,1.0,2.507241556706012,1
12:05:05.453009,28,0.7530865989336416,1.2111799999846802,1.3183297116536892,-0.2783200074336491,112.8799974769354,1.0,2.685843206567869,1
12:05:05.453009,28,0.7288402551038583,1.1882789352860892,1.4003404939047814,-0.3480400092958007,162.9999963566661,1.0,0.7632694468472531,1
12:05:05.453009,28,0.6996979488931562,1.1445918287973122,1.4385949865164631,-0.3480400092958007,152.51999659091234,1.0,0.38192950937774006,1
12:05:05.453009,28,0.6724106966520402,1.1109111750601235,1.5013805058380796,-0.3480400092958007,44.11999901384115,1.0,2.467243661043818,1
12:05:05.453009,28,0.715774104720168,1.1952559448678937,1.3984710098217523,-0.3480400092958007,141.87999682873487,1.0,0.7511124603847154,1
12:05:05.453009,28,0.7395857766550936,1.2183891138884388,1.316398035405033,-0.2783200074336491,102.11999771744011,1.0,2.958064156347052,1
12:05:05.453009,28,0.6482356219989317,1.1236680638732233,1.4979623077826758,-0.3480400092958007,46.879998952150345,1.0,2.3796874621494526,1
12:05:05.453009,28,0.731922539554347,1.2522106683695913,1.3714869627572004,-0.2783200074336491,90.75999797135592,1.0,3.6720922670651865,1
12:05:05.453009,28,0.7038798087407783,1.2082257341487035,1.410466066334827,-0.2783200074336491,119.999997317791,1.0,0.9755633867210742,1
12:05:05.453009,28,0.7109136075612306,1.1319441818286344,1.4271584204966472,-0.3480400092958007,148.7599966749549,1.0,0.332369887504255,1
12:05:05.453009,28,0.6649720111524355,1.1812469614918946,1.473396635265813,-0.3480400092958007,133.8799970075488,1.0,0.8071259722818864,1
12:05:05.453009,28,0.6871542418745382,1.15128986620621,1.4368002528018755,-0.3480400092958007,146.87999671697617,1.0,0.40027409585363405,1
12:05:05.508706,29,0.8384321192307768,1.2204944064542804,1.1507213283869593,-0.2783200074336491,5.239999882876873,0.5239999882876873,6.446134377215737,1
12:05:05.508706,29,0.6799936930498001,1.082712296320186,1.452073139357632,-0.4174800111504737,48.75999891012907,1.0,2.3873561528510745,1
12:05:05.508706,29,0.8031636540365394,1.214684992010118,1.236976558835705,-0.2783200074336491,16.99999962002039,1.0,4.1252916991374615,1
12:05:05.508706,29,0.7418335220726611,1.1811760673370828,1.4022437016356624,-0.2783200074336491,181.6399959400296,1.0,0.8929428494453441,1
12:05:05.508706,29,0.7109136075612306,1.1319441818286344,1.4271584204966472,-0.2783200074336491,121.9999972730875,1.0,0.4591082625482194,1
12:05:05.508706,29,0.7592186051106583,1.237806871139035,1.3753464485930695,-0.2783200074336491,109.35999755561352,1.0,3.4338047737848916,1
12:05:05.508706,29,0.7038798087407783,1.2082257341487035,1.410466066334827,-0.2783200074336491,255.8799942806363,1.0,0.6342126206154541,1
12:05:05.508706,29,0.6984619050970582,1.1387509994331435,1.4253345392164931,-0.2783200074336491,150.63999663293362,1.0,0.33541312064099654,1
12:05:05.508706,29,0.6692658393745093,1.0948098565288369,1.463012292414922,-0.4174800111504737,61.35999862849712,1.0,2.0497049588770073,1
12:05:05.508706,29,0.7170407853151877,1.2013631576193389,1.4123048881738671,-0.2783200074336491,238.75999466329813,1.0,0.7425555779872941,1
12:05:05.508706,29,0.6871542418745382,1.15128986620621,1.4368002528018755,-0.2783200074336491,182.63999591767788,1.0,0.1978020968210126,1
12:05:05.508706,29,0.6572676984338887,1.101216574793081,1.461295617429884,-0.2783200074336491,76.63999828696251,1.0,2.0253247786332236,1
12:05:05.508706,29,0.6918358322097362,1.0760868134172583,1.4538484321509375,-0.4174800111504737,38.87999913096428,1.0,2.498636398337972,1
12:05:05.508706,29,0.7288402551038583,1.1882789352860892,1.4003404939047814,-0.2783200074336491,211.99999526143077,1.0,0.7059804755510803,1
12:05:05.508706,29,0.7312563911436272,1.0998908743737337,1.3914382379081829,-0.4174800111504737,98.5199977979064,1.0,1.12993520867305,1
12:05:05.508706,29,0.8540968037838006,1.015433293069827,1.2636438729483377,-0.4174800111504737,51.51999884843826,1.0,5.347433668244376,1
12:05:05.508706,29,0.7948657660651804,1.1955664429542925,1.3385016294126593,-0.2783200074336491,100.7599977478385,1.0,3.0586078400955112,1
12:05:05.508706,29,0.7110851578864025,1.045240663547797,1.4197319263446702,-0.4174800111504737,31.359999299049377,1.0,3.8166831550474956,1
12:05:05.508706,29,0.7417971435838268,1.0865365696168132,1.3803077021169952,-0.4174800111504737,79.87999821454287,1.0,1.5292752043024989,1
12:05:05.508706,29,0.7740602821993859,1.1337935323317956,1.3533552951435723,-0.4174800111504737,126.63999716937542,1.0,1.1413584775170171,1
12:05:05.508706,29,0.8063234208149452,1.1810504950467784,1.3264028881701495,-0.2783200074336491,93.2399979159236,1.0,3.0431423610083344,1
12:05:05.508706,29,0.7538588711436159,1.079313045722791,1.3822432395109052,-0.4174800111504737,65.35999853909016,1.0,1.8105614447677703,1
12:05:05.508706,29,0.786646613003567,1.1262558341993023,1.3553750152709636,-0.4174800111504737,104.87999765574932,1.0,1.4756755441791247,1
12:05:05.508706,29,0.819434354863518,1.1731986226758135,1.328506791031022,-0.2783200074336491,84.51999811083078,1.0,3.4338911061087884,1
12:05:05.508706,29,0.7701778615292276,1.0387242300190431,1.334626947509198,-0.4174800111504737,54.11999879032373,1.0,3.4614948733718442,1
12:05:05.508706,29,0.832463346163127,1.1652205031106535,1.3306445217256253,-0.2783200074336491,75.51999831199646,1.0,3.8648988632793415,1
12:05:05.508706,29,0.8159016791394627,1.0760796591289867,1.3077836422467974,-0.4174800111504737,72.63999837636948,1.0,2.6288114236461992,1
12:05:05.508706,29,0.849908783723035,1.1209310847895524,1.278931790762191,-0.4174800111504737,66.63999851047993,1.0,3.606465090794009,1
12:05:05.508706,29,0.8401083171878145,1.0600832980305,1.3120698542849736,-0.4174800111504737,60.99999863654375,1.0,3.651791243116372,1
12:05:05.508706,29,0.6745418200074311,1.157866407832456,1.4350380737841333,-0.2783200074336491,212.51999524980783,1.0,0.157414204222182,1
12:05:05.508706,29,0.7630610786044038,1.147728658664013,1.364969933660421,-0.4174800111504737,152.35999659448862,1.0,0.9404275227703558,1
12:05:05.508706,29,0.6360502441210506,1.1298707398557508,1.4963003057622457,-0.2783200074336491,91.99999794363976,1.0,1.4272790063873313,1
12:05:05.508706,29,0.8036753686577981,1.0839016806284325,1.3056877379028422,-0.4174800111504737,87.11999805271626,1.0,2.1827370805218265,1
12:05:05.508706,29,0.6521660567234533,1.187608302743721,1.4716921190146073,-0.2783200074336491,231.35999482870105,1.0,0.13847844035107382,1
12:05:05.508706,29,0.5465304889128298,1.3257669456481005,1.503559772711285,-0.2783200074336491,67.63999848812819,1.0,4.125362914645325,1
12:05:05.508706,29,0.53722796612574,1.2653842782222962,1.5256246167437064,-0.2783200074336491,64.51999855786562,1.0,2.451933013097372,1
12:05:05.508706,29,0.5605937346369678,1.320419901806659,1.504992508790493,-0.2783200074336491,79.99999821186066,1.0,3.7670749469100695,1
12:05:05.508706,29,0.5267017342649855,1.2053230749918271,1.547603324704592,-0.2783200074336491,31.119999304413795,1.0,3.073353953466171,1
12:05:05.508706,29,0.5506513278611466,1.2601301810257837,1.5270324478444663,-0.2783200074336491,78.75999823957682,1.0,2.0458220206493243,1
12:05:05.508706,29,0.5746009214573079,1.3149372870597398,1.506461570984341,-0.2783200074336491,95.3599978685379,1.0,3.456009259829189,1
12:05:05.508706,29,0.5394886011833032,1.2001737282918843,1.548983087994389,-0.2783200074336491,38.99999912828207,1.0,2.63105910269719,1
12:05:05.508706,29,0.5640196249251034,1.254746688978054,1.5284749501911148,-0.2783200074336491,97.23999782651664,1.0,1.687811308934921,1
12:05:05.508706,29,0.5879900998460548,1.304129150362129,1.4937181907142638,-0.2783200074336491,113.99999745190144,1.0,2.9377180460294974,1
12:05:05.508706,29,0.5516955715488155,1.1901483360339231,1.5373336857162108,-0.2783200074336491,49.359998896718025,1.0,2.3628154751428863,1
12:05:05.508706,29,0.5767816570272215,1.2442654332691103,1.5162958392902943,-0.2783200074336491,120.63999730348588,1.0,1.316473774688421,1
12:05:05.508706,29,0.5249329570227543,1.2847117316921066,1.5654836936508243,-0.2783200074336491,53.23999880999327,1.0,3.083247091739713,1
12:05:05.508706,29,0.5643611938472591,1.184758150969617,1.538777981451246,-0.2783200074336491,62.639998599886894,1.0,2.009962129717207,1
12:05:05.508706,29,0.6018677425056274,1.2983825305042982,1.4952579928643783,-0.2783200074336491,136.639996945858,1.0,2.709025479840186,1
12:05:05.508706,29,0.6238012617516406,1.13595540595944,1.494669924393549,-0.2783200074336491,102.8799977004528,1.0,1.524326411059294,1
12:05:05.508706,29,0.6670998726916909,1.245769810225965,1.4469703366552975,-0.2783200074336491,245.23999451845884,1.0,1.1634395370589607,1
12:05:05.508706,29,0.6392948862351839,1.1938456319743718,1.4700208316843275,-0.2783200074336491,230.87999483942983,1.0,0.21271388028726212,1
12:05:05.508706,29,0.6123210342935792,1.1471092331430557,1.5059508708605702,-0.2783200074336491,103.63999768346548,1.0,1.4815748174648427,1
12:05:05.508706,29,0.6544905576156249,1.2578165993258332,1.4593097178538847,-0.2783200074336491,221.23999505490065,1.0,1.4371708986892775,1
12:05:05.508706,29,0.6272111323970495,1.205390306141412,1.4818459025957242,-0.2783200074336491,211.5199952721596,1.0,0.34261135606066784,1
12:05:05.508706,29,0.6805308516952658,1.2392611995280018,1.4487143136356655,-0.2783200074336491,258.2399942278862,1.0,1.1653079577448822,1
12:05:05.508706,29,0.5726522819598985,1.10053771977257,1.526918272079404,-0.2783200074336491,12.639999717473984,1.0,5.406242490243458,1
12:05:05.508706,29,0.599931707178474,1.1529640129569911,1.504382087337564,-0.2783200074336491,93.75999790430068,1.0,1.665635219912061,1
12:05:05.508706,29,0.6409090746745714,1.2640729511233155,1.4576333334421845,-0.2783200074336491,192.11999570578337,1.0,1.5143034679192233,1
12:05:05.508706,29,0.6141957310349229,1.2113858907222943,1.4802393905491245,-0.2783200074336491,181.11999595165253,1.0,0.5005218202218813,1
12:05:05.508706,29,0.5874823873952743,1.1586988303212733,1.5028454476560649,-0.2783200074336491,78.35999824851751,1.0,1.897017345151609,1
12:05:05.508706,29,0.6156851988951946,1.2925021524776374,1.4968336354078118,-0.2783200074336491,162.8799963593483,1.0,2.525622249418632,1
12:05:05.508706,29,0.5900231963712269,1.2386301517236271,1.517805808429529,-0.2783200074336491,149.11999666690826,1.0,1.0441453695298568,1
12:05:05.562237,30,0.6626876224049948,1.0657924276316244,1.4001560201867984,-0.3480400092958007,75.87999830394983,1.0,1.3749702727541462,1
12:05:05.562237,30,0.6818876615539392,1.1271943610606936,1.3841222906998578,-0.2088800055789761,187.23999581485987,1.0,0.29999142734316536,1
12:05:05.562237,30,0.6561066093349283,1.095618464126023,1.4486149421166774,-0.2088800055789761,93.87999790161848,1.0,0.572915488889499,1
12:05:05.562237,30,0.6733502154970168,1.1520021284051736,1.421783909909637,-0.2088800055789761,202.9999954625964,1.0,0.5244992522426049,1
12:05:05.562237,30,0.6491158833995351,1.1706523853576225,1.4316120814318225,-0.2088800055789761,213.99999521672729,1.0,0.5546405120777718,1
12:05:05.562237,30,0.6928206145812104,1.1142549517493097,1.3728805840090956,-0.2088800055789761,168.87999622523785,1.0,0.3869078824081454,1
12:05:05.562237,30,0.6208837502552884,1.1197369558414665,1.4563330962844525,-0.2088800055789761,141.23999684304,1.0,0.3391410751471677,1
12:05:05.562237,30,0.6392948862351839,1.1938456319743718,1.4700208316843275,-0.2088800055789761,218.51999511569736,1.0,1.1468151394620096,1
12:05:05.562237,30,0.6114898997786768,1.1419214537227786,1.493071326713357,-0.2088800055789761,165.1199963092804,1.0,0.21764545355292955,1
12:05:05.562237,30,0.5836849133221698,1.089997275471186,1.5161218217423866,-0.2088800055789761,33.87999924272299,1.0,2.10043340729668,1
12:05:05.562237,30,0.645203831274084,1.1075070815162085,1.4596100812334396,-0.2088800055789761,115.99999740719797,1.0,0.39822747409148224,1
12:05:05.562237,30,0.722953606757426,1.162717475866995,1.3456051478313924,-0.2088800055789761,146.87999671697617,1.0,2.039452354762479,1
12:05:05.562237,30,0.722552669444841,1.0675654143992683,1.3268989754457596,-0.3480400092958007,131.7599970549345,1.0,1.1415132851782848,1
12:05:05.562237,30,0.710462739587979,1.0744864048848626,1.325044501634321,-0.3480400092958007,149.99999664723873,1.0,0.9045766296886113,1
12:05:05.562237,30,0.7539788041138361,1.1139972606848134,1.2976236515309885,-0.3480400092958007,138.51999690383673,1.0,1.6332926031796404,1
12:05:05.562237,30,0.7379759916889381,1.0257514630864335,1.2802301513219072,-0.3480400092958007,114.8799974322319,1.0,2.540309457805992,1
12:05:05.562237,30,0.7789828777612554,1.0991894946279643,1.3015913804876302,-0.3480400092958007,130.23999708890915,1.0,2.2371461571013795,1
12:05:05.562237,30,0.7613686309585153,1.01126842370374,1.2841108700284485,-0.3480400092958007,99.87999776750804,1.0,3.2726992463381444,1
12:05:05.562237,30,0.8275973617931394,1.099235042647197,1.22183823812788,-0.4174800111504737,43.63999902456999,1.0,4.240114691436903,1
12:05:05.562237,30,0.806569463331156,1.0475191793098766,1.2550464856418797,-0.3480400092958007,108.51999757438898,1.0,2.964673382472343,1
12:05:05.562237,30,0.8185752740158961,1.0396702677113028,1.2571495951661809,-0.3480400092958007,96.87999783456326,1.0,3.421874236930757,1
12:05:05.562237,30,0.8304992278590377,1.0317057832643313,1.259283672341877,-0.3480400092958007,85.51999808847904,1.0,3.912460123038192,1
12:05:05.562237,30,0.6272111323970495,1.205390306141412,1.4818459025957242,-0.2088800055789761,215.5199951827526,1.0,1.3886259844758784,1
12:05:05.562237,30,0.8543658631268731,0.97742259546502,1.214181630048802,-0.3480400092958007,74.87999832630157,1.0,6.0644052657237335,1
12:05:05.562237,30,0.6862480587173134,1.0527622754575905,1.4036474389390856,-0.3480400092958007,61.75999861955643,1.0,1.7008330709437247,1
12:05:05.562237,30,0.7913686913125877,1.0916052159104497,1.303623581845161,-0.3480400092958007,119.8799973204732,1.0,2.5847313491666357,1
12:05:05.562237,30,0.5991173893280419,1.1477682865459886,1.4915046725800982,-0.2088800055789761,179.8799959793687,1.0,0.2648498561617707,1
12:05:05.562237,30,0.6141957310349229,1.2113858907222943,1.4802393905491245,-0.2088800055789761,205.51999540627003,1.0,1.4142409444444803,1
12:05:05.562237,30,0.5726522819598985,1.10053771977257,1.526918272079404,-0.2088800055789761,36.35999918729067,1.0,1.967465777398045,1
12:05:05.562237,30,0.4891317116512967,1.2336228258212711,1.5830994410250203,-0.2783200074336491,45.35999898612499,1.0,2.442306976868066,1
12:05:05.562237,30,0.5009712751747917,1.2152499646764463,1.5449434226302454,-0.2088800055789761,55.87999875098467,1.0,1.8947193010138617,1
12:05:05.562237,30,0.5249329570227543,1.2847117316921066,1.5654836936508243,-0.2088800055789761,100.6399977505207,1.0,4.285856137238257,1
12:05:05.562237,30,0.5138621976145121,1.2103486546379327,1.5462567246969197,-0.2088800055789761,69.75999844074249,1.0,1.6002506216648942,1
12:05:05.562237,30,0.5384404580918974,1.2795759897857375,1.5668598115471708,-0.2088800055789761,116.11999740451574,1.0,4.087204741008305,1
12:05:05.562237,30,0.50227330826881,1.1459698144974164,1.5557084988097505,-0.2783200074336491,27.239999391138557,1.0,2.681413402224008,1
12:05:05.562237,30,0.5267017342649855,1.2053230749918271,1.547603324704592,-0.2088800055789761,87.63999804109335,1.0,1.3397707743137035,1
12:05:05.562237,30,0.5144671203101148,1.141059294493125,1.557024268679317,-0.2783200074336491,30.999999307096004,1.0,2.38567249604578,1
12:05:05.562237,30,0.5874823873952743,1.1586988303212733,1.5028454476560649,-0.2088800055789761,178.63999600708485,1.0,0.34097581473541194,1
12:05:05.562237,30,0.5506513278611466,1.2601301810257837,1.5270324478444663,-0.2088800055789761,133.63999701291323,1.0,3.0175924065174318,1
12:05:05.562237,30,0.5607690437556258,1.106011769920252,1.525451504763005,-0.2088800055789761,37.35999916493893,1.0,2.0917148566767683,1
12:05:05.562237,30,0.5900231963712269,1.2386301517236271,1.517805808429529,-0.2088800055789761,190.23999574780464,1.0,2.3468806569609733,1
12:05:05.562237,30,0.5488297291167903,1.1113707650165154,1.5240155663547188,-0.2088800055789761,36.63999918103218,1.0,2.252124841316562,1
12:05:05.562237,30,0.5749743198655283,1.164313111758971,1.5013411054787529,-0.2088800055789761,161.51999638974667,1.0,0.4512569265559373,1
12:05:05.562237,30,0.5773315204991037,1.249234340423802,1.5299519795346257,-0.2088800055789761,171.87999615818262,1.0,2.7363752466989357,1
12:05:05.562237,30,0.5516955715488155,1.1901483360339231,1.5373336857162108,-0.2088800055789761,135.99999696016312,1.0,0.8536991546305333,1
12:05:05.562237,30,0.5247876517094805,1.121741458033706,1.5212367475358115,-0.2088800055789761,34.35999923199415,1.0,2.6828045975568027,1
12:05:05.562237,30,0.5640196249251034,1.254746688978054,1.5284749501911148,-0.2088800055789761,152.51999659091234,1.0,2.8623392284182043,1
12:05:05.562237,30,0.5389747801554281,1.1954159131161262,1.535922242690966,-0.2088800055789761,109.9999975413084,1.0,1.0519338986244282,1
12:05:05.618897,31,0.5974953710095605,1.194738276476507,1.4251582863575334,-0.2088800055789761,268.2399940043688,1.0,0.4063254662440639,1
12:05:05.618897,31,0.5839410486348308,1.137194835652872,1.451655271487427,-0.2088800055789761,187.11999581754208,1.0,0.752206125636955,1
12:05:05.618897,31,0.5600078833821434,1.1010448675765443,1.5131616283594471,-0.2088800055789761,53.75999879837036,1.0,1.8421188349681323,1
12:05:05.618897,31,0.6223809564096351,1.2405139743867082,1.3863441573611623,-0.2088800055789761,136.99999693781135,1.0,1.530153442502579,1
12:05:05.618897,31,0.6104933644695921,1.1889040904012864,1.4267215518048817,-0.2088800055789761,236.3599947169423,1.0,0.6648085318583431,1
12:05:05.618897,31,0.5741938779475497,1.1591019806383485,1.488467818400789,-0.2088800055789761,217.51999513804915,1.0,0.4228789064938407,1
12:05:05.618897,31,0.5247876517094805,1.121741458033706,1.5212367475358115,-0.2088800055789761,59.8799986615777,1.0,1.5659131150216568,1
12:05:05.618897,31,0.6098566967636189,1.2526578984569734,1.3985605037904592,-0.2088800055789761,144.87999676167965,1.0,1.4515761380031171,1
12:05:05.618897,31,0.5871838809304497,1.217542541448832,1.4636712639275324,-0.2088800055789761,281.75999370217323,1.0,0.4343332150139597,1
12:05:05.618897,31,0.5490406966819614,1.1699519549101995,1.485560576556748,-0.2088800055789761,222.759995020926,1.0,0.26134893984265145,1
12:05:05.618897,31,0.5961700459775713,1.2584826087561582,1.3969997773696474,-0.2088800055789761,147.87999669462442,1.0,1.2656466973007217,1
12:05:05.618897,31,0.560770844249353,1.2286313019934036,1.4607000394945522,-0.1391600037168245,270.2399939596653,1.0,0.27655513852070585,1
12:05:05.618897,31,0.6359203141914231,1.2344367954066728,1.3879725325611223,-0.2088800055789761,125.87999718636274,1.0,1.8683415994537718,1
12:05:05.618897,31,0.5480847745829326,1.1063965886359215,1.5117276390234706,-0.2088800055789761,58.87999868392944,1.0,1.725951940862407,1
12:05:05.618897,31,0.5718749918621909,1.0955782476358278,1.51462640475789,-0.2088800055789761,46.51999896019697,1.0,2.0259767174534278,1
12:05:05.618897,31,0.6679117454003555,1.1273990548869328,1.369358632188138,-0.2783200074336491,106.87999761104584,1.0,2.8839444776421463,1
12:05:05.618897,31,0.6223289950775213,1.177036066034506,1.4150760865384862,-0.2088800055789761,197.99999557435515,1.0,0.9445041764735137,1
12:05:05.618897,31,0.6493960804745665,1.228229142312094,1.3896358681947072,-0.2088800055789761,112.99999747425318,1.0,2.2833637663206185,1
12:05:05.618897,31,0.5809550255369431,1.0744896582633192,1.4795353397617002,-0.2088800055789761,38.87999913096428,1.0,2.743936200781935,1
12:05:05.618897,31,0.6075547997377098,1.1200337828570317,1.442072877179755,-0.2088800055789761,114.8799974322319,1.0,1.400130091402247,1
12:05:05.618897,31,0.6351808537157185,1.170962709360056,1.4167034375547511,-0.2088800055789761,161.75999638438225,1.0,1.347641187258236,1
12:05:05.618897,31,0.6706903598182274,1.1896441995899754,1.3383901539550038,-0.2783200074336491,99.87999776750804,1.0,2.6784024904829757,1
12:05:05.618897,31,0.5926516171110419,1.068821526325311,1.4810541111370823,-0.2088800055789761,32.119999282062054,1.0,3.0573029293739804,1
12:05:05.618897,31,0.6197869348239797,1.1141061281968434,1.443661187458963,-0.2088800055789761,88.63999801874161,1.0,1.790952037934247,1
12:05:05.618897,31,0.655356500469999,1.1337900028710437,1.3676461828369262,-0.2783200074336491,131.2399970665574,1.0,2.2750111534814828,1
12:05:05.618897,31,0.6838600580802637,1.1831021690608965,1.34014308575213,-0.2783200074336491,87.51999804377556,1.0,3.307803004476227,1
12:05:05.618897,31,0.6388621198912803,1.0783648515370288,1.3967872493544438,-0.2783200074336491,69.2399984523654,1.0,3.2048852742627174,1
12:05:05.618897,31,0.6508074112460763,1.0721361742330024,1.3984562184079716,-0.2783200074336491,55.11999876797199,1.0,3.792971670673027,1
12:05:05.618897,31,0.6860709589254224,1.087976333917399,1.3214298860440998,-0.2783200074336491,87.75999803841114,1.0,4.449485725832622,1
12:05:05.618897,31,0.5371101673823302,1.1804271868812513,1.4970233520629632,-0.2088800055789761,198.7599955573678,1.0,0.2610286275600663,1
12:05:05.618897,31,0.596315324025832,1.1314945877181624,1.453182648318189,-0.2088800055789761,148.87999667227268,1.0,1.0048544806931352,1
12:05:05.618897,31,0.5126872931286045,1.1267521188940195,1.5198941450047443,-0.2088800055789761,56.35999874025583,1.0,1.653653327484705,1
12:05:05.618897,31,0.5348594987463386,1.2446929463622178,1.4713147918881484,-0.1391600037168245,199.1199955493212,1.0,0.5062355087586055,1
12:05:05.618897,31,0.5482236811456034,1.2394620128105691,1.4727164163089737,-0.1391600037168245,238.75999466329813,1.0,0.3981975813991631,1
12:05:05.618897,31,0.4556069763004648,1.294163059095122,1.5179133656496804,-0.0697200018621515,56.63999873399735,1.0,3.163169240109084,1
12:05:05.618897,31,0.4693323539422618,1.2896959080344907,1.5191103351688442,-0.0697200018621515,68.35999847203493,1.0,2.5992184694542955,1
12:05:05.618897,31,0.4892786801383724,1.3405636889746193,1.4839555855164464,-0.0697200018621515,75.63999830931425,1.0,4.015490634270239,1
12:05:05.618897,31,0.4620031088533219,1.229203438304572,1.54120460063998,-0.1391600037168245,44.63999900221825,1.0,1.9154500551577247,1
12:05:05.618897,31,0.4830107987418716,1.2850964055747118,1.520342768138527,-0.1391600037168245,83.63999813050032,1.0,2.1136453195599243,1
12:05:05.618897,31,0.4530080593178668,1.1644268939808666,1.5507629392675226,-0.2088800055789761,23.11999948322773,1.0,2.7997391858892593,1
12:05:05.618897,31,0.4750404342630133,1.2246778278989778,1.542417234293417,-0.1391600037168245,56.11999874562025,1.0,1.457523710864285,1
12:05:05.618897,31,0.4961679309079329,1.275366454958897,1.5079623456447335,-0.1391600037168245,103.51999768614768,1.0,1.5883203653856144,1
12:05:05.618897,31,0.5159566895996139,1.3143920133178213,1.444150381363275,-0.0697200018621515,100.1199977621436,1.0,2.5680072332063655,1
12:05:05.618897,31,0.5035384501322433,1.3357687105890232,1.4852403961025915,-0.0697200018621515,87.23999805003405,1.0,3.5805681869106833,1
12:05:05.618897,31,0.4653954131595229,1.1599913089516427,1.5519514506940628,-0.2088800055789761,28.23999936878681,1.0,2.3670542327352915,1
12:05:05.618897,31,0.5243796736967745,1.1855538317479817,1.4956496717110417,-0.2088800055789761,160.3599964156747,1.0,0.35858450285265153,1
12:05:05.618897,31,0.5005356662479457,1.1316456506853934,1.5185829271131095,-0.2088800055789761,49.63999889045954,1.0,1.8106232954857195,1
12:05:05.618897,31,0.5374619684247708,1.3691763921266202,1.4209823494826996,-0.2088800055789761,35.35999920964241,1.0,5.312313411912868,1
12:05:05.618897,31,0.5712911919950631,1.2876537002096178,1.435747582158304,-0.2088800055789761,145.5199967473745,1.0,1.7151488030527158,1
12:05:05.618897,31,0.5115967424831749,1.1905572552104833,1.4943090084348734,-0.1391600037168245,123.23999724537134,1.0,0.5289440693310641,1
12:05:05.618897,31,0.4883339862200111,1.1364215640587485,1.5173032249815983,-0.2088800055789761,41.879999063909054,1.0,2.0372095332543894,1
12:05:05.618897,31,0.5441210096666669,1.3041521079383098,1.4468941557402863,-0.1391600037168245,126.7599971666932,1.0,2.0883717069261953,1
12:05:05.618897,31,0.557364687257141,1.2931047348269544,1.4342869818346744,-0.2088800055789761,137.87999691814184,1.0,1.7573247579165483,1
12:05:05.618897,31,0.500494138910964,1.2104777905554598,1.5318864247946,-0.1391600037168245,93.75999790430068,1.0,0.7487380445484433,1
12:05:05.618897,31,0.4777362278497716,1.1554362950467374,1.553171962991395,-0.2088800055789761,34.51999922841787,1.0,2.004917755197308,1
12:05:05.618897,31,0.5300653526787297,1.3093400728036462,1.4455040447442582,-0.0697200018621515,113.63999745994806,1.0,2.2878428249733864,1
12:05:05.618897,31,0.5097354770003661,1.270508274180325,1.5092640912610362,-0.1391600037168245,128.9999971166253,1.0,1.2561887606598348,1
12:05:05.618897,31,0.4875654450799445,1.215249791565984,1.5306077709775496,-0.1391600037168245,71.8799983933568,1.0,1.060390510702151,1
12:05:05.618897,31,0.521441830845305,1.249794532434456,1.4699478260199743,-0.1391600037168245,161.11999639868736,1.0,0.6907261246207509,1
12:05:05.668744,32,0.4729461319493002,1.204823255700224,1.4904864451244253,-0.1391600037168245,91.35999795794488,1.0,0.3684341652646377,1
12:05:05.668744,32,0.5411015554918105,1.123979476437646,1.3845648474492749,-0.2088800055789761,86.119998075068,1.0,4.365212999214334,1
12:05:05.668744,32,0.53292936532473,1.1530923935814412,1.4332148491332548,-0.1391600037168245,94.87999787926674,1.0,2.253024956859037,1
12:05:05.668744,32,0.5085128417352648,1.1688612182318316,1.4431702898481795,-0.1391600037168245,100.7599977478385,1.0,1.1455535164182644,1
12:05:05.668744,32,0.5182985839897245,1.2270812051527258,1.4164920247378832,-0.0697200018621515,113.11999747157095,1.0,1.0095322830426254,1
12:05:05.668744,32,0.4957561150625456,1.1737115051521003,1.4418706593848345,-0.1391600037168245,102.23999771475792,1.0,0.9032260538659345,1
12:05:05.668744,32,0.5259393866260998,1.279351563162323,1.3759376568127644,-0.0697200018621515,82.99999814480543,1.0,4.085415006999241,1
12:05:05.668744,32,0.4852191778397429,1.1949326169705516,1.478867028331282,-0.1391600037168245,98.87999778985976,1.0,0.3907234757255388,1
12:05:05.668744,32,0.463155832765434,1.1405979742506471,1.5025634053679795,-0.1391600037168245,43.5199990272522,1.0,3.398868859959341,1
12:05:05.668744,32,0.4808813576240373,1.2643181692093648,1.4660562292749746,-0.0697200018621515,99.23999778181314,1.0,1.7538286348511427,1
12:05:05.668744,32,0.4090149872962565,1.2412384939127856,1.5236441191713912,-0.1391600037168245,51.99999883770943,1.0,2.5752422838156193,1
12:05:05.668744,32,0.5094418851955403,1.2859202860583876,1.2347230675223506,-0.0697200018621515,32.63999927043915,1.0,3.297947390116463,1
12:05:05.668744,32,0.4599662839642673,1.209328914127713,1.4892791575874091,-0.1391600037168245,81.51999817788601,1.0,0.5238504677683401,1
12:05:05.668744,32,0.376523051075139,1.2963255736303076,0.0125953614142122,-0.2088800055789761,9.879999779164793,0.9879999779164793,6.711899684638335,1
12:05:05.668744,32,0.4944574151822981,1.3049196221088524,-0.0328847199160708,-0.2088800055789761,11.879999734461308,1.0,6.275932412923906,1
12:05:05.668744,32,0.4353761093356115,1.2330820305339247,1.5258296369468511,-0.1391600037168245,60.87999863922596,1.0,1.3333785255505202,1
12:05:05.668744,32,0.4469404397361982,1.2137089736626543,1.4881055241722212,-0.1391600037168245,70.99999841302633,1.0,0.8107468424185464,1
12:05:05.668744,32,0.4672632167407378,1.2688973939244537,1.464829229710606,-0.1391600037168245,90.3599979802966,1.0,1.8788015414129569,1
12:05:05.668744,32,0.4638570741271168,1.2369599142590313,1.0214791560499752,-0.0697200018621515,5.359999880194664,0.5359999880194664,0.13322706257374253,1
12:05:05.726282,33,0.4390512103044975,1.154339659046061,1.5125020858998437,-0.0697200018621515,52.63999882340431,1.0,1.3478178803629275,1
12:05:05.726282,33,0.4858786857173727,1.2001924489422549,1.491727266055528,-0.0697200018621515,64.11999856680632,1.0,0.5200312845435433,1
12:05:05.726282,33,0.4615630867439542,1.2244179745827557,1.528151163742145,-0.0697200018621515,99.87999776750804,1.0,0.17037498793645356,1
12:05:05.726282,33,0.4808813576240373,1.2643181692093648,1.4660562292749746,-0.0697200018621515,91.35999795794488,1.0,1.0026603667516465,1
12:05:05.726282,33,0.4514408531241433,1.150038876891425,1.5136544770050009,-0.0697200018621515,46.63999895751476,1.0,1.554911518441984,1
12:05:05.726282,33,0.4729461319493002,1.204823255700224,1.4904864451244253,-0.0697200018621515,83.75999812781811,1.0,0.262789714359634,1
12:05:05.726282,33,0.4944514107744571,1.2596076345090226,1.4673184132438502,-0.2088800055789761,88.99999801069498,1.0,1.0970903415008342,1
12:05:05.726282,33,0.5152563553159556,1.3086469856684677,1.4301224482731292,-0.1391600037168245,69.87999843806028,1.0,3.7650537658686463,1
12:05:05.726282,33,0.560770844249353,1.2286313019934036,1.4607000394945522,-0.2088800055789761,37.35999916493893,1.0,3.1170083816971315,1
12:05:05.726282,33,0.5079720191980512,1.2547662608729504,1.468615655399893,-0.2088800055789761,80.11999820917845,1.0,1.2997400135694286,1
12:05:05.726282,33,0.5115967424831749,1.1905572552104833,1.4943090084348734,-0.0697200018621515,35.759999200701714,1.0,1.3469892390412956,1
12:05:05.726282,33,0.4987626520239432,1.1954369569306025,1.4930014962996627,-0.0697200018621515,47.75999893248081,1.0,0.8812940466425208,1
12:05:05.726282,33,0.5207340513001693,1.2443022796320968,1.4565010136916583,-0.2088800055789761,68.11999847739935,1.0,1.4968167945885318,1
12:05:05.726282,33,0.4883339862200111,1.1364215640587485,1.5173032249815983,-0.0697200018621515,24.51999945193529,1.0,2.7715291019173316,1
12:05:05.726282,33,0.5341335067174281,1.2392076182023717,1.457866124107463,-0.2088800055789761,56.11999874562025,1.0,1.9270994647182047,1
12:05:05.726282,33,0.5005356662479457,1.1316456506853934,1.5185829271131095,-0.0697200018621515,19.519999563694,1.0,3.37673719934302,1
12:05:05.726282,33,0.5243796736967745,1.1855538317479817,1.4956496717110417,-0.0697200018621515,27.239999391138557,1.0,1.9175185639085022,1
12:05:05.726282,33,0.5474795492315127,1.2339837848631543,1.459265846032101,-0.2088800055789761,45.759998977184296,1.0,2.4670181813343084,1
12:05:05.726282,33,0.5371101673823302,1.1804271868812513,1.4970233520629632,-0.0697200018621515,21.239999525249004,1.0,2.5932739677242873,1
12:05:05.726282,33,0.4181361366447276,1.099350403964409,1.5357250142122782,-0.0697200018621515,5.759999871253967,0.5759999871253967,4.718667663180697,1
12:05:05.726282,33,0.4760834732025812,1.1410793814267484,1.516055166579351,-0.0697200018621515,30.879999309778214,1.0,2.2663955925876644,1
12:05:05.726282,33,0.4672632167407378,1.2688973939244537,1.464829229710606,0.2088800055789761,86.23999807238579,1.0,1.0159731276653376,1
12:05:05.726282,33,0.4637853522366942,1.145618637011559,1.5148388767111625,-0.0697200018621515,38.6399991363287,1.0,1.8609787527222672,1
12:05:05.726282,33,0.4280986936103618,1.1729380151802635,1.5484823912154608,-0.0697200018621515,54.11999879032373,1.0,0.940961914103833,1
12:05:05.726282,33,0.3561517580618986,1.260831384268956,1.5327299180605682,-0.0697200018621515,23.639999471604824,1.0,2.9202855425215826,1
12:05:05.726282,33,0.3527193237994951,1.2001548676974132,1.554873498734287,-0.0697200018621515,22.75999949127436,1.0,2.4437055012268982,1
12:05:05.726282,33,0.369521807121143,1.257326620950557,1.5336690165613955,-0.0697200018621515,30.23999932408333,1.0,2.2297448698521007,1
12:05:05.726282,33,0.386324290442791,1.3144983742037006,1.5124645343885044,0.2088800055789761,34.51999922841787,1.0,4.236406128021836,1
12:05:05.726282,33,0.3650980941665279,1.192096237780725,1.5433489609412516,-0.0697200018621515,28.359999366104603,1.0,1.9754601431822794,1
12:05:05.726282,33,0.448492022453032,1.2288132397783822,1.5269734559824562,-0.0697200018621515,102.35999771207572,1.0,0.14533129664064,1
12:05:05.726282,33,0.400263655349923,1.3106994145731206,1.5134824625535963,0.2088800055789761,42.23999905586243,1.0,3.552133923069926,1
12:05:05.726282,33,0.3777762928146377,1.1885084001818544,1.544310319128443,-0.0697200018621515,35.35999920964241,1.0,1.574986223137822,1
12:05:05.726282,33,0.3961497163277043,1.2499305555891882,1.535650786302142,-0.0697200018621515,52.63999882340431,1.0,1.1479759527689197,1
12:05:05.726282,33,0.4137685361142436,1.301742301611344,1.500894958834523,0.1391600037168245,51.87999884039164,1.0,2.754523182578568,1
12:05:05.726282,33,0.3904167141499674,1.184798282022071,1.545304442293181,-0.0697200018621515,43.119999036192894,1.0,1.270872857910018,1
12:05:05.726282,33,0.4090149872962565,1.2412384939127856,1.5236441191713912,-0.0697200018621515,69.99999843537807,1.0,0.6836153789249464,1
12:05:05.726282,33,0.4276132604425457,1.2976787058035,1.5019837960496014,-0.0697200018621515,63.35999858379364,1.0,2.288112449232712,1
12:05:05.726282,33,0.4155791726602144,1.1770127002454482,1.5473905826428336,-0.0697200018621515,50.35999887436628,1.0,0.953441910722121,1
12:05:05.726282,33,0.4353761093356115,1.2330820305339247,1.5258296369468511,-0.0697200018621515,89.23999800533056,1.0,0.22282671477552216,1
12:05:05.726282,33,0.4551730460110086,1.2891513608224012,1.5042686912508685,-0.0697200018621515,75.63999830931425,1.0,1.672304035365697,1
12:05:05.726282,33,0.382854904309261,1.253692890267293,1.5346426717634882,-0.0697200018621515,39.63999911397696,1.0,1.6388102942276501,1
12:05:05.781660,34,0.4644465581033442,1.2460689147585458,1.411404283282887,-0.1391600037168245,123.23999724537134,1.0,1.1553214289510272,1
12:05:05.781660,34,0.4442462866231746,1.1918733783250042,1.4370042001351182,-0.2088800055789761,118.87999734282494,1.0,0.3054968724695076,1
12:05:05.781660,34,0.4260385928576794,1.1534823782119534,1.499111039731591,-0.0697200018621515,62.35999860614538,1.0,1.1618194044151722,1
12:05:05.781660,34,0.4529826577928622,1.2678206318872496,1.450199290197579,-0.0697200018621515,132.35999704152346,1.0,1.635302981713885,1
12:05:05.781660,34,0.4201848638043928,1.2168010012611523,1.473007412420842,-0.1391600037168245,123.63999723643064,1.0,0.1549316223953348,1
12:05:05.781660,34,0.4135793184696392,1.1575374550375075,1.4980244851709377,-0.0697200018621515,68.51999846845865,1.0,1.075385684017105,1
12:05:05.781660,34,0.394413005661332,1.107199287436985,1.533621912224315,-0.0697200018621515,6.6399998515844345,0.6639999851584435,3.9515988613353703,1
12:05:05.781660,34,0.4392910411125364,1.2721300187519995,1.4490445934672964,-0.1391600037168245,132.51999703794718,1.0,1.5491746195954352,1
12:05:05.781660,34,0.4364046133983933,1.1335221499317525,1.4637176312919469,-0.2088800055789761,52.999998815357685,1.0,1.8794489574691013,1
12:05:05.781660,34,0.4332809881312507,1.2126790434623786,1.4741118876842585,-0.1391600037168245,127.35999715328217,1.0,0.20379928383223694,1
12:05:05.781660,34,0.4571936111746678,1.1875197217511333,1.4381707588982096,-0.2088800055789761,102.35999771207572,1.0,0.5157118010944135,1
12:05:05.781660,34,0.4601753018733471,1.119379926187001,1.45397115244359,-0.2088800055789761,34.879999220371246,1.0,2.683097415832615,1
12:05:05.781660,34,0.4487195715580619,1.1292472928548227,1.4648630757934682,-0.2088800055789761,43.239999033510685,1.0,2.123160867287643,1
12:05:05.781660,34,0.4692647751594552,1.1772985662842914,1.4267288247056775,-0.2088800055789761,83.8799981251359,1.0,0.845450483249669,1
12:05:05.781660,34,0.4906026594361163,1.2308313731264784,1.400661677446608,-0.2088800055789761,91.99999794363976,1.0,1.5669033286624257,1
12:05:05.781660,34,0.482096663457598,1.172703805178775,1.4279599872333146,-0.2088800055789761,67.35999849438667,1.0,1.2079112871095297,1
12:05:05.781660,34,0.504018025041849,1.226027684170549,1.4019488220230396,-0.2088800055789761,76.63999828696251,1.0,1.9739579150587023,1
12:05:05.781660,34,0.4723776957192479,1.114876003631132,1.4551779748552074,-0.0697200018621515,27.99999937415123,1.0,3.0752970660538903,1
12:05:05.781660,34,0.5035146667083646,1.139115938164708,1.3805090447532438,-0.2088800055789761,53.99999879300594,1.0,2.6468867992007503,1
12:05:05.781660,34,0.5275607387176137,1.1973728406071662,1.3653180237793363,-0.2088800055789761,63.23999858647585,1.0,2.693025712438068,1
12:05:05.781660,34,0.401623830969869,1.1665210183976749,1.5092381004988655,-0.0697200018621515,68.63999846577644,1.0,0.9324231117527739,1
12:05:05.781660,34,0.5395629822696525,1.185764250554937,1.353719725142812,-0.2088800055789761,52.51999882608652,1.0,3.2892251203855656,1
12:05:05.781660,34,0.4779826089509422,1.2415172935705143,1.4126238865044725,-0.2088800055789761,108.51999757438898,1.0,1.4068243268108653,1
12:05:05.781660,34,0.5160956564119558,1.1341915575189392,1.3818285285705012,-0.2088800055789761,43.5199990272522,1.0,3.251287746601658,1
12:05:05.781660,34,0.4419873864446076,1.313691356736742,1.3822066379331166,-0.1391600037168245,80.75999819487333,1.0,3.8308309224888144,1
12:05:05.781660,34,0.4075999775448148,1.226091241949814,1.4847877053842111,-0.1391600037168245,109.63999754935504,1.0,0.23918761072444752,1
12:05:05.781660,34,0.4255554956961379,1.2763069414947856,1.4479253903915197,-0.1391600037168245,123.75999723374844,1.0,1.5379854847380319,1
12:05:05.781660,34,0.3293061558663062,1.267452619849254,1.5309557633339312,-0.1391600037168245,38.519999139010906,1.0,2.4581767475168563,1
12:05:05.781660,34,0.3439520979828139,1.320043662384223,1.4959911239950396,-0.1391600037168245,52.999998815357685,1.0,4.274900940702078,1
12:05:05.781660,34,0.3268495305654014,1.2021225407581249,1.5406624211553877,-0.0697200018621515,27.99999937415123,1.0,2.1857663820190947,1
12:05:05.781660,34,0.3424196550679521,1.259388028013219,1.518780966166179,-0.1391600037168245,47.35999894142151,1.0,1.8292770925088417,1
12:05:05.781660,34,0.3396334398198596,1.1989036484365412,1.5415249207534787,-0.0697200018621515,34.879999220371246,1.0,1.7531222708466916,1
12:05:05.781660,34,0.3567512943199811,1.3007518599718917,1.4562938512578705,-0.1391600037168245,63.879998572170734,1.0,2.8952790848863117,1
12:05:05.781660,34,0.3979581170827417,1.2842617371474363,1.4457939093204373,-0.1391600037168245,109.11999756097794,1.0,1.7413572719079806,1
12:05:05.781660,34,0.381167018701891,1.2337103998791226,1.482746158170048,-0.1391600037168245,91.23999796062708,1.0,0.5181819002651489,1
12:05:05.781660,34,0.3638350173123191,1.1776124970808806,1.5062661477428334,-0.0697200018621515,53.11999881267548,1.0,1.3326860069643613,1
12:05:05.781660,34,0.3846211094144788,1.293590513902187,1.4582127281539674,-0.1391600037168245,92.63999792933464,1.0,2.229925364131632,1
12:05:05.781660,34,0.3890660461431545,1.1703397889999032,1.5082148639999184,-0.0697200018621515,62.5199986025691,1.0,0.9938402727229049,1
12:05:05.781660,34,0.352383386014881,1.195561436037928,1.5424204638666204,-0.0697200018621515,43.35999903082848,1.0,1.3925700303379338,1
12:05:05.781660,34,0.3707047369487889,1.2972384879318115,1.45723525645872,-0.1391600037168245,77.23999827355146,1.0,2.5246505762695435,1
12:05:05.781660,34,0.3558125511500092,1.2560157973829624,1.5196845526402476,-0.1391600037168245,58.999998681247234,1.0,1.4201347116302252,1
12:05:05.781660,34,0.3678927029022107,1.2373281105985507,1.4817767955043275,-0.1391600037168245,73.75999835133553,1.0,0.7684832408846429,1
12:05:05.836163,35,0.3863028145868127,1.3478612258537377,1.419615024283686,-0.0697200018621515,83.63999813050032,1.0,3.2854973070477915,1
12:05:05.836163,35,0.3696777294338666,1.385915791450519,1.335660783003762,-0.0697200018621515,17.879999600350857,1.0,4.889517547724659,1
12:05:05.836163,35,0.3112794060628508,1.144857053503031,1.5625438761445962,-0.0697200018621515,6.359999857842922,0.6359999857842922,4.226432267015649,1
12:05:05.836163,35,0.3257187767119511,1.187604113513962,1.5035889021885076,-0.0697200018621515,62.35999860614538,1.0,1.5731925241311595,1
12:05:05.836163,35,0.341235035515966,1.2441779867429266,1.479941376723189,-0.0697200018621515,145.5199967473745,1.0,0.12659957075386918,1
12:05:05.836163,35,0.3567512943199811,1.3007518599718917,1.4562938512578705,-0.0697200018621515,154.87999653816223,1.0,0.6532938309250294,1
12:05:05.836163,35,0.3384584593321331,1.1843963571266722,1.504448417921998,-0.0697200018621515,58.35999869555235,1.0,1.5399959843088167,1
12:05:05.836163,35,0.3541003064845183,1.235502448212553,1.4679963748129206,-0.0697200018621515,143.3599967956543,1.0,0.2551831135751361,1
12:05:05.836163,35,0.3702015605356655,1.2916818370331455,1.4438056995483033,-0.0697200018621515,157.63999647647142,1.0,0.783864474564142,1
12:05:05.836163,35,0.3506876432116508,1.1759969304207922,1.4930782836492844,-0.0697200018621515,52.11999883502722,1.0,1.7951080569003306,1
12:05:05.836163,35,0.3576700040474488,1.3608510901903332,1.43170170923419,-0.0697200018621515,79.35999822616577,1.0,2.873050074671203,1
12:05:05.836163,35,0.3840990436004843,1.2880388145844004,1.4447818444714529,-0.0697200018621515,152.35999659448862,1.0,1.200204316511168,1
12:05:05.836163,35,0.3759583540150362,1.1689778352533795,1.4949590445309895,-0.0697200018621515,45.11999899148941,1.0,2.3933752352700437,1
12:05:05.836163,35,0.3920257589244599,1.2080310677118011,1.432674760312373,-0.2783200074336491,117.35999737679958,1.0,1.4969994501011885,1
12:05:05.836163,35,0.4098515168338575,1.262961308569293,1.4068779800030686,-0.2783200074336491,140.87999685108662,1.0,2.052904809063323,1
12:05:05.836163,35,0.3867207593751747,1.1494258312403356,1.4594562527286297,-0.0697200018621515,38.239999145269394,1.0,3.385536013581497,1
12:05:05.836163,35,0.4044272674970749,1.1984010050427472,1.4210744432820224,-0.2783200074336491,100.3599977567792,1.0,2.192102939483607,1
12:05:05.836163,35,0.4228169329673769,1.252893358435237,1.394750186299699,-0.2783200074336491,125.63999719172716,1.0,2.763725576006179,1
12:05:05.836163,35,0.4464325180698127,1.2191118159873806,1.3447842719156444,-0.2783200074336491,93.87999790161848,1.0,4.423437498079546,1
12:05:05.836163,35,0.4364640864980708,1.2487433153005396,1.3958621870061954,-0.2783200074336491,109.35999755561352,1.0,3.7402525259597668,1
12:05:05.836163,35,0.4270157350078112,1.1660887302997742,1.3732817068830403,-0.2783200074336491,70.75999841839075,1.0,4.182767427882461,1
12:05:05.836163,35,0.3673933434060675,1.2320178725025963,1.4689300640603686,-0.0697200018621515,132.87999702990055,1.0,0.5044048266337438,1
12:05:05.836163,35,0.3427621768606277,1.304130278688166,1.4553886066911503,-0.0697200018621515,144.87999676167965,1.0,0.5367067465513793,1
12:05:05.836163,35,0.4174808625193856,1.1944314606037825,1.4221380795087624,-0.2783200074336491,84.51999811083078,1.0,2.97196965925915,1
12:05:05.836163,35,0.3140329366317216,1.205217791116144,1.539833051321584,-0.0697200018621515,62.87999859452248,1.0,1.3268153475540942,1
12:05:05.836163,35,0.3278543496738065,1.247409467185999,1.479075504148111,-0.0697200018621515,138.2399969100952,1.0,0.16043232819940367,1
12:05:05.836163,35,0.2480222515260217,1.284187332758733,1.5264717105242696,-0.0697200018621515,51.63999884575605,1.0,3.3121002683011307,1
12:05:05.836163,35,0.2503061762635241,1.2365556223639302,1.586240116863766,-0.0697200018621515,33.87999924272299,1.0,3.7015496290836993,1
12:05:05.836163,35,0.2616395015513605,1.281725835051391,1.527131266847123,-0.0697200018621515,61.87999861687422,1.0,2.4120794562595425,1
12:05:05.836163,35,0.2735364810431819,1.3400070421448491,1.5056295074136798,-0.0697200018621515,70.23999843001366,1.0,2.743983906972045,1
12:05:05.836163,35,0.2627156096421203,1.2209696246666797,1.5492962014137217,-0.0697200018621515,40.11999910324812,1.0,3.18377681003028,1
12:05:05.836163,35,0.2752305878457461,1.2791329300782162,1.527826033640736,-0.0697200018621515,74.63999833166599,1.0,1.6641035716876376,1
12:05:05.836163,35,0.2877455660493718,1.3372962354897524,1.50635586586775,-0.0697200018621515,82.87999814748764,1.0,2.104094137474122,1
12:05:05.836163,35,0.2756624258838406,1.2183694368124245,1.5499929196494389,-0.0697200018621515,47.11999894678593,1.0,2.482088162432259,1
12:05:05.836163,35,0.3016383157721277,1.329398250587514,1.4934845696404422,-0.0697200018621515,97.51999782025814,1.0,1.4841818089843473,1
12:05:05.836163,35,0.2887941513119354,1.2764088771275328,1.528555941429011,-0.0697200018621515,89.75999799370766,1.0,1.0673352861497465,1
12:05:05.836163,35,0.3430366882701531,1.364235271770066,1.4307949205128605,-0.0697200018621515,73.75999835133553,1.0,2.7586220913394848,1
12:05:05.836163,35,0.3155324805704827,1.2657435693266983,1.5170780040037697,-0.0697200018621515,123.99999722838402,1.0,0.3072842433050008,1
12:05:05.836163,35,0.3011849396674755,1.208189089988155,1.5390368941883572,-0.0697200018621515,59.8799986615777,1.0,1.614194090702786,1
12:05:05.836163,35,0.3287387834707546,1.3073734062415936,1.4545196132822584,-0.0697200018621515,130.23999708890915,1.0,0.5766862855077987,1
12:05:05.836163,35,0.3157749572383925,1.326416348675468,1.4942835678496835,-0.0697200018621515,113.75999745726584,1.0,1.1558418103750476,1
12:05:05.836163,35,0.3020408908499941,1.268726244461115,1.5162787986102182,-0.0697200018621515,106.75999761372805,1.0,0.6120926275301608,1
12:05:05.836163,35,0.2885816761139227,1.2156443244117732,1.5507231113164772,-0.0697200018621515,54.11999879032373,1.0,1.921637352389429,1
12:05:05.836163,35,0.3136686133208971,1.3705787691902742,1.4290951855019265,-0.0697200018621515,59.75999866425991,1.0,3.0317554108303626,1
12:05:05.836163,35,0.3283690691114267,1.3674779395247325,1.4299260503066749,-0.0697200018621515,66.9999985024333,1.0,2.811149142796115,1
12:05:05.897360,36,0.3125217442389905,1.1856068170919294,1.4905033222763986,-0.1391600037168245,111.63999750465156,1.0,2.8516775258694307,1
12:05:05.897360,36,0.3580553958468116,1.3513642834083643,1.1349293879807671,-0.2088800055789761,5.239999882876873,0.5239999882876873,2.1226593156300817,1
12:05:05.897360,36,0.3674935872625809,1.3652539463136115,1.2930339999218765,-0.2088800055789761,21.87999951094389,1.0,2.2076986817383806,1
12:05:05.897360,36,0.3425710671081624,1.3584225893283488,1.4167851154696924,-0.1391600037168245,117.119997382164,1.0,1.2402226538313394,1
12:05:05.897360,36,0.3287387834707546,1.3073734062415936,1.4545196132822584,-0.1391600037168245,233.35999478399756,1.0,0.36522013474739257,1
12:05:05.897360,36,0.3144408786713561,1.2505115407131215,1.4782443060516566,-0.1391600037168245,248.3599944487214,1.0,0.749007945685043,1
12:05:05.897360,36,0.3001429738719576,1.193649675184649,1.5019689988210545,-0.1391600037168245,123.51999723911284,1.0,2.559480289506271,1
12:05:05.897360,36,0.3393931012155016,1.392765117889747,1.3338255115156736,-0.2088800055789761,23.75999946892261,1.0,2.1901971328585734,1
12:05:05.897360,36,0.3241991205719221,1.3959700488516589,1.332966752852632,-0.2088800055789761,24.119999460875988,1.0,1.9859742432506704,1
12:05:05.897360,36,0.3020408908499941,1.268726244461115,1.5162787986102182,-0.0697200018621515,255.3599942922592,1.0,0.49928032183551707,1
12:05:05.897360,36,0.2883068244615957,1.2110361402467615,1.5382740293707529,-0.1391600037168245,126.35999717563392,1.0,2.0975161016699144,1
12:05:05.897360,36,0.2745727580731974,1.1533460360324082,1.5602692601312875,-0.0697200018621515,14.999999664723871,1.0,5.143738900046402,1
12:05:05.897360,36,0.3427456043184138,1.354748920463811,1.1340224772150878,-0.2088800055789761,4.999999888241291,0.4999999888241291,1.9237881117891804,1
12:05:05.897360,36,0.3136686133208971,1.3705787691902742,1.4290951855019265,-0.1391600037168245,150.2399966418743,1.0,0.9266929763821873,1
12:05:05.897360,36,0.3016383157721277,1.329398250587514,1.4934845696404422,-0.1391600037168245,250.9999943897128,1.0,0.20565601048419496,1
12:05:05.897360,36,0.2885190972934706,1.2715784538884176,1.515514551397528,-0.0697200018621515,240.23999463021755,1.0,0.4328509955957942,1
12:05:05.897360,36,0.3274093362729699,1.242085545151477,1.46623243930444,-0.1391600037168245,223.87999499589205,1.0,1.018257780612367,1
12:05:05.897360,36,0.3146825164779521,1.3104809183221364,1.4536869579298068,-0.1391600037168245,254.63999430835247,1.0,0.15851421359090334,1
12:05:05.897360,36,0.3422969283069493,1.298564273211025,1.4419615563324817,-0.1391600037168245,198.7599955573678,1.0,0.6081698366751366,1
12:05:05.897360,36,0.4123727784968345,1.3539537030791369,1.296061890970829,-0.2088800055789761,14.119999684393406,1.0,3.9641356559777736,1
12:05:05.897360,36,0.3824920652301944,1.3616317636542234,1.2940045608402977,-0.2088800055789761,19.239999569952488,1.0,2.6878223150728426,1
12:05:05.897360,36,0.4269217661084011,1.3115784847130885,1.3673024792086956,-0.1391600037168245,34.11999923735857,1.0,4.174893565154776,1
12:05:05.897360,36,0.4058230844167219,1.231460977367951,1.341475324096519,-0.2088800055789761,86.87999805808067,1.0,3.0922634796297537,1
12:05:05.897360,36,0.3881725359626337,1.1779007870165512,1.370116675824829,-0.2088800055789761,110.1199975386262,1.0,4.003752212981328,1
12:05:05.897360,36,0.4263200231347334,1.3427708266891658,1.2830700559068786,-0.2088800055789761,12.11999972909689,1.0,4.490588624691786,1
12:05:05.897360,36,0.4133243956727368,1.3219533093510882,1.3799928544021984,-0.1391600037168245,42.75999904423952,1.0,3.528454372686241,1
12:05:05.897360,36,0.3953971508208258,1.2607969628634537,1.3926324218758632,-0.1391600037168245,106.23999762535097,1.0,2.44541025288888,1
12:05:05.897360,36,0.3782000596814638,1.205960856347302,1.4190487872300674,-0.1391600037168245,132.63999703526497,1.0,2.951499665150277,1
12:05:05.897360,36,0.3610029685421018,1.1511247498311503,1.445465152584272,-0.1391600037168245,65.63999853283167,1.0,4.86492340765277,1
12:05:05.897360,36,0.3571845203409287,1.3550430012705723,1.4176906733605232,-0.1391600037168245,91.63999795168638,1.0,1.6214136940577413,1
12:05:05.897360,36,0.2753998788148135,1.2137586571893215,1.5375445331546138,-0.1391600037168245,118.11999735981226,1.0,2.101602473970308,1
12:05:05.897360,36,0.3823026166867336,1.2706131848221889,1.4048276659405226,-0.1391600037168245,131.3599970638752,1.0,1.856976639318422,1
12:05:05.897360,36,0.3656750488645325,1.215350139307316,1.4307136209890094,-0.1391600037168245,160.1199964210391,1.0,2.3403975237934795,1
12:05:05.897360,36,0.3490474810423315,1.1600870937924437,1.456599576037496,-0.1391600037168245,79.51999822258949,1.0,4.235541715053773,1
12:05:05.897360,36,0.3974522943117372,1.3578648903480068,1.2950138915006886,-0.2088800055789761,16.519999630749226,1.0,3.2735335034735344,1
12:05:05.897360,36,0.3717622554209104,1.3515224294276238,1.418634007742737,-0.1391600037168245,70.35999842733145,1.0,2.103941985993614,1
12:05:05.897360,36,0.3562670576249482,1.2951904401944794,1.4428655721646626,-0.1391600037168245,162.63999636471272,1.0,0.9963216034413485,1
12:05:05.897360,36,0.3407718598289861,1.2388584509613343,1.467097136586588,-0.1391600037168245,191.87999571114776,1.0,1.3184930299309792,1
12:05:05.897360,36,0.3252766620330239,1.1825264617281896,1.4913287010085134,-0.1391600037168245,95.51999786496162,1.0,3.0704562654624965,1
12:05:05.897360,36,0.3989301845089347,1.3258762303370613,1.3789417108920357,-0.1391600037168245,54.35999878495932,1.0,2.7852790616286196,1
12:05:05.897360,36,0.3089727202878998,1.3990280594345976,1.3321473613864876,-0.2088800055789761,22.879999488592148,1.0,1.890170894340952,1
12:05:05.897360,36,0.3283690691114267,1.3674779395247325,1.4299260503066749,-0.1391600037168245,140.75999685376885,1.0,1.1161198622022888,1
12:05:05.897360,36,0.2877455660493718,1.3372962354897524,1.50635586586775,-0.1391600037168245,223.11999501287937,1.0,0.22526700663747867,1
12:05:05.897360,36,0.2213346741955011,1.306790358073196,1.577873116409845,-0.0697200018621515,85.75999808311462,1.0,1.2636904146127772,1
12:05:05.897360,36,0.2112703908433333,1.247369444954483,1.5970675990748897,-0.0697200018621515,42.87999904155731,1.0,2.800674937062248,1
12:05:05.897360,36,0.2324078211482751,1.4121041196055697,1.3286436416234948,-0.2088800055789761,11.359999746084211,1.0,3.0586415900312747,1
12:05:05.897360,36,0.2258545634760601,1.4081668923463049,1.4814807735371334,-0.2088800055789761,39.11999912559986,1.0,2.354226703282857,1
12:05:05.897360,36,0.2170488157401088,1.368377125622117,1.5580982947993025,-0.0697200018621515,69.51999844610691,1.0,1.5730535189615509,1
12:05:05.897360,36,0.207608666112767,1.3088620125427983,1.577318018267719,-0.0697200018621515,68.51999846845865,1.0,1.7099079229843752,1
12:05:05.897360,36,0.1981685164854252,1.2493468994634802,1.5965377417361348,-0.0697200018621515,34.639999225735664,1.0,3.2911260175741637,1
12:05:05.897360,36,0.2108996460387971,1.410276270730893,1.4809155673024514,-0.2088800055789761,30.879999309778214,1.0,2.8483145999010695,1
12:05:05.897360,36,0.2312715936403089,1.3616907741663216,1.5448572213857377,-0.0697200018621515,88.11999803036451,1.0,1.1147122222990882,1
12:05:05.897360,36,0.2026769692328184,1.370404262347965,1.557555125150664,-0.1391600037168245,55.519998759031296,1.0,2.0693857594843705,1
12:05:05.897360,36,0.1850468254418942,1.2511977028244872,1.596041820470204,-0.0697200018621515,28.23999936878681,1.0,3.8713663101015516,1
12:05:05.897360,36,0.1959236388136222,1.4122410926483926,1.4803890948563865,-0.2088800055789761,24.879999443888664,1.0,3.4491990161767756,1
12:05:05.897360,36,0.1882848551984076,1.3722924786574782,1.5570491791153949,-0.1391600037168245,44.99999899417162,1.0,2.666659676210893,1
12:05:05.897360,36,0.1800957425346295,1.312607074308098,1.576314531992102,-0.0697200018621515,45.2399989888072,1.0,2.8880292276227943,1
12:05:05.897360,36,0.1738739128362222,1.3740415857306072,1.5565805072876744,-0.1391600037168245,36.999999172985554,1.0,3.365303758992844,1
12:05:05.897360,36,0.1665113586295529,1.3302737415063992,1.6291537732297354,-0.0697200018621515,37.51999916136265,1.0,3.481587899143951,1
12:05:05.897360,36,0.2989367909318273,1.3735374506863218,1.4283024091843997,-0.1391600037168245,138.7599968984723,1.0,0.8404363743170583,1
12:05:05.897360,36,0.1938618973373563,1.310800982586226,1.576798472810434,-0.0697200018621515,55.35999876260757,1.0,2.2512210959982544,1
12:05:05.897360,36,0.2407868956461965,1.405913168430699,1.4820846570402828,-0.2088800055789761,50.6399988681078,1.0,1.9664481082356622,1
12:05:05.897360,36,0.2242276536100045,1.241139419872967,1.5850118920229517,-0.0697200018621515,53.75999879837036,1.0,2.490675219973161,1
12:05:05.897360,36,0.2752305878457461,1.2791329300782162,1.527826033640736,-0.0697200018621515,208.7599953338504,1.0,0.4263443546941812,1
12:05:05.897360,36,0.247773420722231,1.4097850030172911,1.3292650470404777,-0.2088800055789761,13.119999706745148,1.0,2.603355534248804,1
12:05:05.897360,36,0.2627156096421203,1.2209696246666797,1.5492962014137217,-0.0697200018621515,102.35999771207572,1.0,2.0712758117751315,1
12:05:05.897360,36,0.2937154229907063,1.4019388438400682,1.3313674190557006,-0.2088800055789761,20.51999954134226,1.0,1.9034107748808418,1
12:05:05.897360,36,0.2841750751141137,1.3763536881472052,1.4275478006310618,-0.2088800055789761,113.87999745458364,1.0,0.857933543552337,1
12:05:05.897360,36,0.2735364810431819,1.3400070421448491,1.5056295074136798,-0.1391600037168245,183.75999589264396,1.0,0.2669870000239128,1
12:05:05.897360,36,0.2497425220595391,1.2234446279579323,1.5486330262805663,-0.0697200018621515,84.11999811977148,1.0,2.2419349834509874,1
12:05:05.897360,36,0.2784287543972887,1.4047021109920683,1.3306270038538508,-0.2088800055789761,17.759999603033066,1.0,2.026299618229676,1
12:05:05.897360,36,0.2703201293205419,1.3956958073230692,1.4691829789279622,-0.2088800055789761,87.75999803841114,1.0,1.3605210688466707,1
12:05:05.897360,36,0.2616395015513605,1.281725835051391,1.527131266847123,-0.0697200018621515,171.63999616354704,1.0,0.5356915127791954,1
12:05:05.897360,36,0.2455907100450755,1.3593876869518071,1.545474331744965,-0.0697200018621515,112.99999747425318,1.0,0.8080865381391935,1
12:05:05.897360,36,0.2593000426180568,1.3425804663295378,1.5049399604816098,-0.1391600037168245,145.11999675631523,1.0,0.4075630239201222,1
12:05:05.897360,36,0.2485820231804504,1.2979284507968565,1.5658688007440338,-0.0697200018621515,136.99999693781135,1.0,0.6577084535388563,1
12:05:05.897360,36,0.237278778776307,1.2389104964381925,1.58560913025729,-0.0697200018621515,67.5199984908104,1.0,2.1698164718122057,1
12:05:05.897360,36,0.2631142431616992,1.407317584566198,1.3299261898218375,-0.2088800055789761,15.239999659359457,1.0,2.2594248989671155,1
12:05:05.897360,36,0.2554516195409149,1.398235110982002,1.468502574563214,-0.2088800055789761,66.35999851673841,1.0,1.5495228355916955,1
12:05:05.897360,36,0.23490918182754,1.3002635534123872,1.5652431118839585,-0.0697200018621515,108.23999758064748,1.0,0.9247689391143228,1
12:05:05.953821,37,0.2871306828498645,1.2509902139489888,1.4638464404912803,-0.0697200018621515,310.3599930629134,1.0,0.7809464975549711,1
12:05:05.953821,37,0.3001867688960571,1.3078738451727658,1.4394670640434537,-0.0697200018621515,291.3599934875965,1.0,1.5563708116788662,1
12:05:05.953821,37,0.3117778216271871,1.346477147064642,1.3734217118915395,-0.1391600037168245,140.23999686539173,1.0,1.1590067398317894,1
12:05:05.953821,37,0.3215806507444597,1.3680657358957176,1.2762923054123645,-0.1391600037168245,15.119999662041664,1.0,2.448404753675776,1
12:05:05.953821,37,0.3263896631970965,1.3433950091735598,1.3742475682504165,-0.1391600037168245,116.35999739915133,1.0,1.8123364751728372,1
12:05:05.953821,37,0.2991815627724292,1.231408538886604,1.4264107857900028,-0.0697200018621515,274.63999386131763,1.0,0.40109800258202033,1
12:05:05.953821,37,0.3127856129847628,1.2874017740300818,1.4003291770202098,-0.0697200018621515,252.1199943646789,1.0,0.7228487416508194,1
12:05:05.953821,37,0.2740745968036719,1.194106582725212,1.4882258169391067,-0.0697200018621515,168.75999622792006,1.0,0.8112201841110971,1
12:05:05.953821,37,0.2855775125600954,1.1754153037431263,1.4524923945597958,-0.2088800055789761,152.35999659448862,1.0,0.8470842579664357,1
12:05:05.953821,37,0.261373286025881,1.1420737091539384,1.5242773390887554,-0.0697200018621515,21.7599995136261,1.0,1.713059880721561,1
12:05:05.953821,37,0.2723305456241844,1.3189867222326674,1.4514078346410026,-0.1391600037168245,355.75999204814434,1.0,0.7282831798170187,1
12:05:05.953821,37,0.3064772300343926,1.3710990477428011,1.2754795319525467,-0.1391600037168245,16.359999634325504,1.0,2.9624803899963252,1
12:05:05.953821,37,0.2985310288057488,1.3677121419235605,1.4142959873537588,-0.1391600037168245,162.11999637633562,1.0,2.1176943208475305,1
12:05:05.953821,37,0.2860881374897925,1.3107053590723807,1.4387083621806944,-0.0697200018621515,328.35999266058207,1.0,0.8227713973915631,1
12:05:05.953821,37,0.2740171836482186,1.2590382826389943,1.47595957243855,-0.0697200018621515,343.63999231904745,1.0,0.6533730073866643,1
12:05:05.953821,37,0.2615573800064143,1.2017886986153306,1.4997881540656253,-0.0697200018621515,180.2399959713221,1.0,0.7069401905649223,1
12:05:05.953821,37,0.2913431618580888,1.3739863225189843,1.2747058890079417,-0.1391600037168245,16.99999962002039,1.0,3.769435676220418,1
12:05:05.953821,37,0.2837893498164767,1.370524556761955,1.4135424030690298,-0.1391600037168245,174.9999960884452,1.0,1.3709504295357362,1
12:05:05.953821,37,0.2604860161342551,1.26161975631813,1.4752678686509435,-0.1391600037168245,369.119991749525,1.0,0.24003033034691973,1
12:05:05.953821,37,0.348263252324212,1.331532661696347,1.2225012683052945,-0.1391600037168245,13.639999695122242,1.0,4.248468476711995,1
12:05:05.953821,37,0.2978066964396131,1.1670370964361203,1.441201452161786,-0.0697200018621515,133.8799970075488,1.0,1.0283797769698289,1
12:05:05.953821,37,0.4018694404007475,1.204040505068867,1.2903305851138764,-0.2088800055789761,97.23999782651664,1.0,2.8331300176601033,1
12:05:05.953821,37,0.3261799196364582,1.278225341737698,1.3879625018311257,-0.0697200018621515,215.2399951890111,1.0,0.9397600428794466,1
12:05:05.953821,37,0.2486414866443259,1.2042527904035925,1.4991279026608846,-0.0697200018621515,184.2399958819151,1.0,0.5346349766091764,1
12:05:05.953821,37,0.4180190385384959,1.1120394289970263,1.276460384236526,-0.2088800055789761,86.23999807238579,1.0,4.912101228352675,1
12:05:05.953821,37,0.4053842139104755,1.116016194382859,1.275394813162904,-0.2088800055789761,99.63999777287243,1.0,4.874990139423174,1
12:05:05.953821,37,0.3843908486143647,1.1516729190653558,1.3211963856925577,-0.2088800055789761,115.11999742686749,1.0,2.849779967877696,1
12:05:05.953821,37,0.3669122568279818,1.0993053330618452,1.352062186271239,-0.2088800055789761,61.23999863117933,1.0,3.5950452556298047,1
12:05:05.953821,37,0.3922036334927636,1.2353151824847188,1.3404425929480173,-0.2088800055789761,113.11999747157095,1.0,3.104968765350007,1
12:05:05.953821,37,0.4306120616128792,1.1079408214503763,1.277558602818743,-0.2088800055789761,74.87999832630157,1.0,5.15042431834926,1
12:05:05.953821,37,0.3545986559828014,1.102789992145997,1.3511284746837426,-0.2088800055789761,71.75999839603901,1.0,3.6699439006254186,1
12:05:05.953821,37,0.3785449625340447,1.239037643294465,1.3394451625801893,-0.2088800055789761,132.2399970442057,1.0,2.2329455724023397,1
12:05:05.953821,37,0.3620808271513537,1.185147919424171,1.3681748125487665,-0.2088800055789761,154.75999654084444,1.0,1.8269671283014937,1
12:05:05.953821,37,0.3456166917686628,1.131258195553877,1.3969044625173432,-0.2088800055789761,84.23999811708927,1.0,2.1904125345205503,1
12:05:05.953821,37,0.3838168532944733,1.3233260660950774,1.3641547242643728,-0.2088800055789761,63.11999858915806,1.0,5.749793616638669,1
12:05:05.953821,37,0.3656460534574371,1.2492013391039627,1.3514306194622023,-0.2088800055789761,155.2399965301156,1.0,1.847539973358855,1
12:05:05.953821,37,0.3489800078515652,1.1885821080886565,1.3672546244694612,-0.2088800055789761,179.5199959874153,1.0,1.4310999943704699,1
12:05:05.953821,37,0.3331115783069127,1.1345362286230871,1.3960261162036858,-0.2088800055789761,98.87999778985976,1.0,2.0175060053159566,1
12:05:05.953821,37,0.3548859430117935,1.3304616248781669,1.362242757050899,-0.2088800055789761,77.11999827623367,1.0,3.0214212632590307,1
12:05:05.953821,37,0.3400941565897205,1.275007458305815,1.3888247310980362,-0.0697200018621515,182.87999591231343,1.0,1.6375509457486634,1
12:05:05.953821,37,0.3253023701676473,1.219553291733463,1.4154067051451733,-0.0697200018621515,207.87999535351992,1.0,1.0426412174472082,1
12:05:05.953821,37,0.3105105837455742,1.1640991251611112,1.4419886791923109,-0.0697200018621515,115.63999741524458,1.0,1.236692078354688,1
12:05:05.953821,37,0.3631195237352594,1.3280969181630335,1.2234218730104462,-0.1391600037168245,11.9999997317791,1.0,3.6818853521536212,1
12:05:05.953821,37,0.3403665312348807,1.3338194643884866,1.3613430266657955,-0.1391600037168245,94.87999787926674,1.0,2.048252364054552,1
12:05:05.953821,37,0.3119933080380357,1.2226312190869093,1.4145819769964558,-0.0697200018621515,239.87999463826415,1.0,0.5998025138512032,1
12:05:05.953821,37,0.2761799596096869,1.376727271499208,1.2739714539421958,-0.1391600037168245,16.8799996227026,1.0,4.87193386176234,1
12:05:05.953821,37,0.3714906650138029,1.1553235767840946,1.3202181949049792,-0.2088800055789761,133.35999701917171,1.0,2.7322132454818093,1
12:05:05.953821,37,0.2581568711319423,1.3215488010079226,1.4507213277022282,-0.1391600037168245,365.2399918362498,1.0,0.3077761648612494,1
12:05:05.953821,37,0.1718120110345633,1.2487913387912752,1.5829615665282426,-0.1391600037168245,97.9999978095293,1.0,1.244591004957118,1
12:05:05.953821,37,0.1809280393887109,1.4140611616182568,1.4799014088457425,-0.1391600037168245,56.35999874025583,1.0,1.643748810610064,1
12:05:05.953821,37,0.1737782111910571,1.3695167788348883,1.5427602497548327,-0.1391600037168245,158.23999646306038,1.0,1.3983479310722915,1
12:05:05.953821,37,0.1663115783085337,1.3142801071007555,1.5758662442063984,-0.1391600037168245,194.11999566107988,1.0,1.2759366914652661,1
12:05:05.953821,37,0.1587492437808451,1.254518628470905,1.595151981125123,-0.1391600037168245,83.51999813318253,1.0,1.5109456883375536,1
12:05:05.953821,37,0.1659143473114424,1.415736295635115,1.4794525580387117,-0.1391600037168245,46.11999896913767,1.0,2.1093114085811213,1
12:05:05.953821,37,0.159357823055663,1.3711257157024874,1.542329136420487,-0.1391600037168245,129.2399971112609,1.0,1.462553283113973,1
12:05:05.953821,37,0.1525107830639429,1.3158199136623216,1.5754536542817268,-0.1391600037168245,160.3599964156747,1.0,1.3776413710793256,1
12:05:05.953821,37,0.145575982899461,1.2559884186665329,1.594758152029161,-0.1391600037168245,71.23999840766191,1.0,1.8237081887108708,1
12:05:05.953821,37,0.1450013091958883,1.377121786459044,1.555755169989964,-0.1391600037168245,105.87999763339758,1.0,1.8362532296852312,1
12:05:05.953821,37,0.1323881645417505,1.2573308935678151,1.5943984369635034,-0.1391600037168245,60.87999863922596,1.0,2.365679772562296,1
12:05:05.953821,37,0.1305425351539144,1.3784525720968592,1.5553985870530125,-0.1391600037168245,87.23999805003405,1.0,2.250348321042599,1
12:05:05.953821,37,0.1248648213162076,1.3184992455126223,1.5747357294761837,-0.1391600037168245,108.99999756366014,1.0,2.331835197842995,1
12:05:05.953821,37,0.1160707069677937,1.379643632494108,1.555079443381433,-0.1391600037168245,72.51999837905169,1.0,2.939095392647598,1
12:05:05.953821,37,0.1111391105852898,1.3318379335365846,1.6143356372502808,-0.1391600037168245,90.3599979802966,1.0,2.6385300342673004,1
12:05:05.953821,37,0.1015872718082204,1.3806948485457475,1.5547977708893257,-0.1391600037168245,60.63999864459038,1.0,3.9041340249508014,1
12:05:05.953821,37,0.0972856386120998,1.336645277135853,1.6274465254032773,-0.1391600037168245,75.23999831825495,1.0,3.164620157447363,1
12:05:05.953821,37,0.0871852186682437,1.3943623273835914,1.596272739317123,-0.1391600037168245,51.11999885737896,1.0,3.94394304712355,1
12:05:05.953821,37,0.0834057646507318,1.33751795685369,1.6272126915776317,-0.1391600037168245,62.99999859184027,1.0,3.8185431150565243,1
12:05:05.953821,37,0.0695175501827762,1.3382565258881305,1.6270147926012988,-0.1391600037168245,53.11999881267548,1.0,4.7285986323952285,1
12:05:05.953821,37,0.2693849420269709,1.379027199951537,1.426831435302136,-0.1391600037168245,172.7599961385131,1.0,1.3161471641260112,1
12:05:05.953821,37,0.1799966163427434,1.3082799866380446,1.5630951150749657,-0.1391600037168245,233.11999478936195,1.0,1.0305209576709746,1
12:05:05.953821,37,0.1877574640821813,1.3533783255248266,1.5020466828302472,-0.1391600037168245,193.51999567449093,1.0,0.7707319294434505,1
12:05:05.953821,37,0.1386947368688194,1.3172263400134294,1.5750768034767335,-0.1391600037168245,132.11999704688787,1.0,1.729055888503534,1
12:05:05.953821,37,0.1957370367514851,1.4069525686586428,1.4661667388187054,-0.1391600037168245,69.6399984434247,1.0,1.3473169267773197,1
12:05:05.953821,37,0.2477860295781705,1.2793495011442433,1.5134323055609853,-0.1391600037168245,381.239991478622,1.0,1.0097159359244299,1
12:05:05.953821,37,0.2365189797069848,1.2211763480548303,1.535556968877497,-0.1391600037168245,179.6399959847331,1.0,0.8828900765606371,1
12:05:05.953821,37,0.2609891395967076,1.3793216205908707,1.2732763001982004,-0.1391600037168245,15.999999642372131,1.0,6.272539315035535,1
12:05:05.953821,37,0.2545678706713162,1.3815577187503774,1.426153384833555,-0.1391600037168245,156.23999650776386,1.0,0.9112067377239725,1
12:05:05.953821,37,0.2448042950361618,1.339956118712077,1.4906555974026712,-0.1391600037168245,352.99999210983515,1.0,1.2096859764571821,1
12:05:05.953821,37,0.2237227245607352,1.2280181034015103,1.547407567228856,-0.1391600037168245,167.7599962502718,1.0,0.9000380867219806,1
12:05:05.953821,37,0.2397253427418717,1.383944991493966,1.4255137170297976,-0.1391600037168245,132.35999704152346,1.0,0.7870903901533255,1
12:05:05.953821,37,0.230531030398561,1.3422518311266567,1.4900404631151305,-0.1391600037168245,321.63999281078577,1.0,0.7226340358704165,1
12:05:05.953821,37,0.2207147096170408,1.2887151349503143,1.5252584895835477,-0.1391600037168245,353.2399921044708,1.0,0.5880331273243904,1
12:05:05.953821,37,0.2341569705314087,1.2816771264421516,1.5128086202421287,-0.1391600037168245,375.8799915984273,1.0,0.5358467853495625,1
12:05:05.953821,37,0.2106786166024629,1.2301161182101226,1.54684540585518,-0.1391600037168245,151.23999661952257,1.0,0.7352258007503978,1
12:05:05.953821,37,0.225639454530846,1.4028822487161816,1.467257377760224,-0.1391600037168245,107.8799975886941,1.0,1.4434584290120152,1
12:05:05.953821,37,0.2164408559703857,1.3494739395022166,1.5030928599119449,-0.1391600037168245,279.3599937558174,1.0,0.8165474554040211,1
12:05:05.953821,37,0.2070271484647114,1.2907809866581286,1.5247049462867563,-0.1391600037168245,317.63999290019274,1.0,0.4170126707184352,1
12:05:05.953821,37,0.197613440959037,1.2320880338140403,1.5463170326615678,-0.1391600037168245,132.75999703258276,1.0,0.7919180880056613,1
12:05:05.953821,37,0.2106987804919284,1.4049896180815482,1.4666927098406202,-0.1391600037168245,86.75999806076288,1.0,1.2515028561546413,1
12:05:05.953821,37,0.2021092654048901,1.3514953981617142,1.5025512116965998,-0.1391600037168245,234.7599947527051,1.0,0.660673270056275,1
12:05:05.953821,37,0.1933188847709831,1.2927145255925352,1.524186856090748,-0.1391600037168245,275.6399938389659,1.0,0.4891340013096883,1
12:05:05.953821,37,0.1849449741328709,1.2470683205428674,1.5834232478764474,-0.1391600037168245,114.63999743759632,1.0,1.2243449432796831,1
12:05:06.002992,38,0.2542223327396589,1.3757215236694371,1.4121498799830787,-0.1391600037168245,68.35999847203493,1.0,0.7286293574591356,1
12:05:06.002992,38,0.2439573811688709,1.3239738467826927,1.45007153864527,-0.2088800055789761,78.35999824851751,1.0,0.35829449142779746,1
12:05:06.002992,38,0.2333468916664256,1.2663899748150085,1.473989692456985,-0.0697200018621515,115.35999742150308,1.0,0.36099030616963534,1
12:05:06.002992,38,0.2227364021639803,1.2088061028473236,1.4979078462687,-0.0697200018621515,78.75999823957682,1.0,0.8105850243977589,1
12:05:06.002992,38,0.2457722208884258,1.3817691103612366,1.272620497290747,-0.0697200018621515,5.519999876618385,0.5519999876618386,1.0301134969249963,1
12:05:06.002992,38,0.2097498015324679,1.210894868175363,1.4973481632858738,-0.0697200018621515,83.63999813050032,1.0,0.5463560853553587,1
12:05:06.002992,38,0.2297334956720704,1.3262616170544317,1.4494585324484897,-0.2088800055789761,82.87999814748764,1.0,0.14166690895330802,1
12:05:06.002992,38,0.2197416486022692,1.2685782426148977,1.4734033478671815,-0.0697200018621515,124.1199972257018,1.0,0.11897942550862536,1
12:05:06.002992,38,0.1994868128208126,1.148345618201255,1.5096248838270356,-0.0697200018621515,19.999999552965164,1.0,1.4541795089741292,1
12:05:06.002992,38,0.2353808007417355,1.2014885781056297,1.4862478172383935,-0.0697200018621515,71.51999840140343,1.0,1.214091620649457,1
12:05:06.002992,38,0.2393999513290495,1.378105556046188,1.4115110804329984,0.0697200018621515,67.87999848276377,1.0,0.5560717701614195,1
12:05:06.002992,38,0.2465936312044843,1.258723865294619,1.4617742148586743,-0.0697200018621515,102.23999771475792,1.0,0.7326492493636083,1
12:05:06.002992,38,0.3263896631970965,1.3433950091735598,1.3742475682504165,-0.1391600037168245,28.519999362528324,1.0,4.092934673347664,1
12:05:06.002992,38,0.269019292129982,1.3731944396725988,1.412827010099237,-0.1391600037168245,62.87999859452248,1.0,1.0965281684051946,1
12:05:06.002992,38,0.2601324452024508,1.2562765459346816,1.462429972104791,-0.0697200018621515,87.87999803572893,1.0,1.2935768793565774,1
12:05:06.002992,38,0.2719608975094638,1.3134005513483185,1.4379861875869104,-0.0697200018621515,57.51999871432781,1.0,1.2566181691273481,1
12:05:06.002992,38,0.2824620702141447,1.3522172548599458,1.3718836546433204,-0.1391600037168245,53.75999879837036,1.0,1.3866653007895895,1
12:05:06.002992,38,0.2723654104303296,1.2369294426180886,1.4249314640936617,-0.2088800055789761,74.35999833792448,1.0,1.8749244253727986,1
12:05:06.002992,38,0.2860881374897925,1.3107053590723807,1.4387083621806944,-0.0697200018621515,46.999998949468136,1.0,2.000291483608978,1
12:05:06.002992,38,0.2971348025363229,1.349417993654169,1.372633714422812,-0.1391600037168245,43.99999901652336,1.0,2.094889189747636,1
12:05:06.002992,38,0.2987827987488217,1.290355447195226,1.399537742680904,-0.2088800055789761,38.239999145269394,1.0,2.6449043719119194,1
12:05:06.002992,38,0.3117778216271871,1.346477147064642,1.3734217118915395,-0.1391600037168245,35.35999920964241,1.0,2.997007714053744,1
12:05:06.002992,38,0.3409688660741356,1.3401718881921298,1.3751112009144983,-0.1391600037168245,22.99999948590994,1.0,5.382513671967019,1
12:05:06.002992,38,0.2245536301238766,1.3803462984016106,1.410910675328417,0.0697200018621515,61.75999861955643,1.0,0.5786636617284516,1
12:05:06.002992,38,0.2581568711319423,1.3215488010079226,1.4507213277022282,-0.0697200018621515,68.75999846309423,1.0,0.7557182979055467,1
12:05:06.002992,38,0.2162347128510595,1.3444095619080771,1.4894623008947652,-0.2088800055789761,80.23999820649624,1.0,0.20692272123650648,1
12:05:06.002992,38,0.1974252294914865,1.2274641882918682,1.5338721471638468,-0.0697200018621515,85.11999809741974,1.0,0.4132423018006717,1
12:05:06.002992,38,0.206829971171273,1.285936875099973,1.511667224029306,-0.0697200018621515,125.63999719172716,1.0,0.08046077820093603,1
12:05:06.002992,38,0.111022419386076,1.3196385028704167,1.5744304663871915,-0.2088800055789761,43.239999033510685,1.0,3.7015292609214767,1
12:05:06.002992,38,0.1248648213162076,1.3184992455126223,1.5747357294761837,-0.2088800055789761,52.23999883234501,1.0,2.7143961036158575,1
12:05:06.002992,38,0.1323881645417505,1.2573308935678151,1.5943984369635034,-0.0697200018621515,51.63999884575605,1.0,1.7914746249062699,1
12:05:06.002992,38,0.1386947368688194,1.3172263400134294,1.5750768034767335,-0.2088800055789761,63.35999858379364,1.0,1.8928403483867264,1
12:05:06.002992,38,0.1449214992714736,1.3725952841952718,1.5419353667296232,-0.2088800055789761,32.63999927043915,1.0,2.484619558922438,1
12:05:06.002992,38,0.1454958566698687,1.2518563995351402,1.5821402859771716,-0.0697200018621515,59.99999865889549,1.0,1.243010456248958,1
12:05:06.002992,38,0.1524268398627659,1.311491057618814,1.5622347111988293,-0.0697200018621515,76.51999828964472,1.0,1.2351734933193774,1
12:05:06.002992,38,0.1589989717151006,1.3567278470691044,1.5011491812374274,-0.2088800055789761,40.11999910324812,1.0,1.6978079554315877,1
12:05:06.002992,38,0.1651828836793168,1.3937248116521848,1.422893222116281,0.0697200018621515,28.519999362528324,1.0,2.6019584470814325,1
12:05:06.002992,38,0.158304582733681,1.2372452766646729,1.5449351536045697,-0.0697200018621515,68.75999846309423,1.0,0.8623429287131877,1
12:05:06.002992,38,0.1191871074785008,1.2585459189283856,1.594072871899355,-0.0697200018621515,43.99999901652336,1.0,2.5029216241404137,1
12:05:06.002992,38,0.1733868871703676,1.3551225333003956,1.5015793237653514,-0.2088800055789761,49.63999889045954,1.0,1.065573545878032,1
12:05:06.002992,38,0.1658457349520243,1.296183904982534,1.5232572386849603,-0.0697200018621515,91.5199979543686,1.0,0.7263606626093653,1
12:05:06.002992,38,0.2019167720134345,1.3464290952850682,1.4889211685573125,-0.2088800055789761,71.75999839603901,1.0,0.3099709416160354,1
12:05:06.002992,38,0.1933188847709831,1.2927145255925352,1.524186856090748,-0.0697200018621515,119.11999733746052,1.0,0.14693643340625465,1
12:05:06.002992,38,0.184528504137076,1.2339336530233562,1.5458225004848962,-0.0697200018621515,82.51999815553427,1.0,0.41537309211780266,1
12:05:06.002992,38,0.2096848537438226,1.3824435266633468,1.410348724709341,0.0697200018621515,52.63999882340431,1.0,0.7961426924240436,1
12:05:06.002992,38,0.1877574640821813,1.3533783255248266,1.5020466828302472,-0.2088800055789761,60.63999864459038,1.0,0.6140232780155946,1
12:05:06.002992,38,0.1795912893507404,1.2945155584012609,1.523704270804108,-0.0697200018621515,106.63999761641026,1.0,0.3533019424104594,1
12:05:06.002992,38,0.1714251146192995,1.2356527912776956,1.5453618587779685,-0.0697200018621515,76.63999828696251,1.0,0.5624236350990794,1
12:05:06.002992,38,0.1801303851593499,1.3920570627688738,1.4233400940827423,0.0697200018621515,35.11999921500683,1.0,1.8152836767901264,1
12:05:06.002992,38,0.1947951090540683,1.384397031110328,1.4098252847703616,0.0697200018621515,43.239999033510685,1.0,1.2081760578219283,1
12:05:06.062335,39,0.3184477204990146,1.3379728096986274,1.2207756358489463,-0.0697200018621515,6.239999860525131,0.6239999860525132,4.796623745686374,1
12:05:06.062335,39,0.3034914416130675,1.3409765701581895,1.2199707806595503,-0.0697200018621515,6.11999986320734,0.611999986320734,4.156829452061676,1
12:05:06.062335,39,0.2942142632150503,1.3162377383834896,1.3044695174682837,-0.1391600037168245,64.63999855518341,1.0,2.787566709398747,1
12:05:06.062335,39,0.2929638447165535,1.2309011282645763,1.2831333028203893,-0.1391600037168245,140.11999686807394,1.0,0.9278047540943375,1
12:05:06.062335,39,0.280221906825323,1.1773652875475509,1.3143121363061108,-0.1391600037168245,156.99999649077654,1.0,0.5976238115411056,1
12:05:06.062335,39,0.2674799689340925,1.1238294468305252,1.3454909697918322,-0.1391600037168245,117.75999736785889,1.0,1.3369285711497327,1
12:05:06.062335,39,0.2547380310428619,1.070293606113499,1.3766698032775535,-0.1391600037168245,43.119999036192894,1.0,3.1457190329202374,1
12:05:06.062335,39,0.3020484023699918,1.075087808616611,0.7934805334617188,-0.1391600037168245,6.11999986320734,0.611999986320734,5.170487709186894,1
12:05:06.062335,39,0.2802971862773923,1.325917562519233,1.317224360772228,-0.1391600037168245,73.11999836564064,1.0,2.5573513409426014,1
12:05:06.062335,39,0.2885262725370707,1.0779400889761244,0.7927162672427999,-0.1391600037168245,6.239999860525131,0.6239999860525132,5.176777827596327,1
12:05:06.062335,39,0.2209264962368806,1.101294723903684,1.4192230925256406,-0.1391600037168245,46.75999895483256,1.0,2.5851392340282184,1
12:05:06.062335,39,0.2670609490961739,1.1800084827392328,1.3136038942890618,-0.1391600037168245,184.2399958819151,1.0,0.38704859963572363,1
12:05:06.062335,39,0.2549174515905427,1.1263524535995804,1.3448149321655656,-0.1391600037168245,137.23999693244696,1.0,1.2480599525151357,1
12:05:06.062335,39,0.2427739540849115,1.072696424459928,1.3760259700420694,-0.1391600037168245,45.99999897181988,1.0,3.167873790571915,1
12:05:06.062335,39,0.2657088812076055,1.3285545912450378,1.316517771054731,-0.1391600037168245,79.35999822616577,1.0,2.1461499031650493,1
12:05:06.062335,39,0.2540785742605643,1.2665542524609985,1.332072109375574,-0.1391600037168245,189.6399957612157,1.0,0.4702459173700292,1
12:05:06.062335,39,0.2430278815860031,1.211467742941894,1.3611224370922628,-0.1391600037168245,213.1199952363968,1.0,0.10029840702320325,1
12:05:06.062335,39,0.2319771889114418,1.156381233422789,1.3901727648089517,-0.1391600037168245,155.51999652385712,1.0,0.805262845909266,1
12:05:06.062335,39,0.3290006990930713,1.0689921393149358,0.7951138631284298,-0.1391600037168245,5.759999871253967,0.5759999871253967,5.413267059073275,1
12:05:06.062335,39,0.2792044466018051,1.233664511878885,1.282392856412558,-0.1391600037168245,164.63999632000923,1.0,0.5848397319336772,1
12:05:06.062335,39,0.2666766344111278,1.0677753457264096,1.3773445691146056,-0.1391600037168245,38.75999913364649,1.0,3.193132796436251,1
12:05:06.062335,39,0.348263252324212,1.331532661696347,1.2225012683052945,-0.0697200018621515,5.759999871253967,0.5759999871253967,6.354561577939988,1
12:05:06.062335,39,0.2933548425985597,1.1745951015464104,1.3150544054080002,-0.1391600037168245,132.87999702990055,1.0,0.886912929957784,1
12:05:06.062335,39,0.2767240173414564,1.092588104565884,0.8031661315229737,-0.1391600037168245,5.999999865889549,0.5999999865889549,4.778784783682617,1
12:05:06.062335,39,0.3628171223839634,1.2715203762241072,1.2554154599330003,-0.1391600037168245,32.87999926507473,1.0,5.143312828133309,1
12:05:06.062335,39,0.3437178573969799,1.189010575546053,1.2364850039813304,-0.1391600037168245,70.75999841839075,1.0,2.5240766446590523,1
12:05:06.062335,39,0.3371281801448689,1.1040533660439522,1.2239253007067787,-0.2088800055789761,80.35999820381403,1.0,2.7656753650546433,1
12:05:06.062335,39,0.3217986636860889,1.0538510832241967,1.259214103532297,-0.2088800055789761,58.75999868661165,1.0,3.748250533086774,1
12:05:06.062335,39,0.3485901485170053,1.2749562380594042,1.2544948235289275,-0.1391600037168245,39.23999912291765,1.0,4.310790531059154,1
12:05:06.062335,39,0.330239813850792,1.192265568200701,1.2356128313281485,-0.1391600037168245,83.75999812781811,1.0,1.9370676049025648,1
12:05:06.062335,39,0.3158766244225213,1.1404101119939314,1.268858482638786,-0.1391600037168245,94.75999788194896,1.0,1.6639055015137696,1
12:05:06.062335,39,0.3015134349942507,1.0885546557871622,1.3021041339494237,-0.1391600037168245,69.87999843806028,1.0,2.4510517190079044,1
12:05:06.062335,39,0.3376174815436158,1.3070825129339565,1.306922652734011,-0.1391600037168245,46.75999895483256,1.0,4.767822123366161,1
12:05:06.062335,39,0.316728746599894,1.1953902123762858,1.2347755854446656,-0.1391600037168245,99.35999777913094,1.0,1.42987349897802,1
12:05:06.062335,39,0.3029531968509215,1.143398855365593,1.2680576512659651,-0.1391600037168245,112.11999749392272,1.0,1.2948132369203103,1
12:05:06.062335,39,0.289177647101949,1.0914074983549,1.301339717087265,-0.1391600037168245,83.3599981367588,1.0,2.209508199960395,1
12:05:06.062335,39,0.2754020973529765,1.0394161413442071,1.3346217829085645,-0.1391600037168245,33.7599992454052,1.0,4.173958388098274,1
12:05:06.062335,39,0.3424281707761379,1.0657493599345975,0.7959827632446235,-0.1391600037168245,5.239999882876873,0.5239999882876873,5.660471807041222,1
12:05:06.062335,39,0.3333721548797076,1.334824735276411,1.2216191598480923,-0.0697200018621515,5.999999865889549,0.5999999865889549,5.529595444775095,1
12:05:06.062335,39,0.3087133560048822,1.3133257973884245,1.3052497697063186,-0.1391600037168245,55.35999876260757,1.0,3.359202347217817,1
12:05:06.062335,39,0.349784078103422,1.100735807018552,1.2248142379684772,-0.2088800055789761,68.51999846845865,1.0,3.278221745604855,1
12:05:06.062335,39,0.3066939466922757,1.2280049794564107,1.2839093235546977,-0.1391600037168245,118.23999735713004,1.0,1.3542054596255562,1
12:05:06.062335,39,0.2768129416872104,1.0941410457091394,1.3006072652812242,-0.1391600037168245,99.35999777913094,1.0,2.039841296869904,1
12:05:06.062335,39,0.2525863444554032,1.3510070754889802,1.3567376201515982,-0.0697200018621515,81.6399981752038,1.0,2.5365792496505066,1
12:05:06.062335,39,0.1582979957763733,1.3356338104416403,1.4469472607990788,-0.0697200018621515,155.2399965301156,1.0,1.6543794929591964,1
12:05:06.062335,39,0.229660536567465,1.2137506716697144,1.3605107281832651,-0.1391600037168245,240.63999462127688,1.0,0.0627691536519267,1
12:05:06.062335,39,0.1651145738099874,1.2760140852135116,1.471410919847838,-0.0697200018621515,228.8799948841333,1.0,0.9358607669043474,1
12:05:06.062335,39,0.157606668135306,1.2179925964358302,1.4954463327303862,-0.0697200018621515,121.35999728739262,1.0,1.5256460536490501,1
12:05:06.062335,39,0.1514131078734298,1.2775428092310968,1.4710012994818762,-0.0697200018621515,200.11999552696943,1.0,1.2700134369568596,1
12:05:06.062335,39,0.1445282199704863,1.2194518080205523,1.4950553381646738,-0.0697200018621515,103.51999768614768,1.0,1.9571869162063147,1
12:05:06.062335,39,0.1439576824011225,1.3370936054024605,1.446556109918212,-0.0697200018621515,131.99999704957008,1.0,1.974551380282083,1
12:05:06.062335,39,0.1381745230837507,1.2942698297979138,1.5094344155474275,-0.0697200018621515,171.51999616622925,1.0,1.7772001338915313,1
12:05:06.062335,39,0.131891605337491,1.2354182361712294,1.5317408664580134,-0.0697200018621515,87.63999804109335,1.0,2.3426945347825225,1
12:05:06.062335,39,0.1243964805356899,1.2955379609054989,1.5090946208412532,-0.0697200018621515,145.3599967509508,1.0,2.246673133228219,1
12:05:06.062335,39,0.1188532610754716,1.2412612865695698,1.543859066993757,-0.0697200018621515,74.23999834060669,1.0,2.872163069209391,1
12:05:06.062335,39,0.1156353509970446,1.3556338105638102,1.4864547725318151,-0.0697200018621515,94.11999789625406,1.0,3.125337649185712,1
12:05:06.062335,39,0.1107114425014803,1.3015272917366096,1.521825482519359,-0.0697200018621515,122.6399972587824,1.0,2.8293135549731803,1
12:05:06.062335,39,0.1013027230344124,1.3617571601413418,1.499801580861238,-0.0697200018621515,79.63999821990728,1.0,3.7664671743182523,1
12:05:06.062335,39,0.0968967424726613,1.3025299706079467,1.5215568155255164,-0.0697200018621515,103.35999768972395,1.0,3.4659543153212913,1
12:05:06.062335,39,0.0832598422720124,1.3171836398252514,1.5607093883937666,-0.0697200018621515,87.35999804735184,1.0,4.2459282256820465,1
12:05:06.062335,39,0.0694341430290163,1.3222533137381247,1.573729829926829,-0.0697200018621515,74.23999834060669,1.0,5.050519558165902,1
12:05:06.062335,39,0.2401034042438792,1.2689409879767664,1.331432585521577,-0.1391600037168245,211.7599952667952,1.0,0.3075065772965637,1
12:05:06.062335,39,0.1723881702045486,1.3284289765341706,1.4339593331948497,-0.0697200018621515,179.99999597668648,1.0,1.3114688585646057,1
12:05:06.062335,39,0.1798858850166082,1.3862066163937452,1.409340407855035,-0.0697200018621515,48.35999891906977,1.0,2.7954460941117674,1
12:05:06.062335,39,0.1300528985039735,1.3544472175749975,1.486772719164912,-0.0697200018621515,111.51999750733376,1.0,2.6610199164200954,1
12:05:06.062335,39,0.1785568347243552,1.2689925998513778,1.4590227157269018,-0.0697200018621515,253.759994328022,1.0,0.6415047629950703,1
12:05:06.062335,39,0.2192176688910508,1.1585603553626624,1.3895888708449535,-0.1391600037168245,168.99999622255564,1.0,0.8822005434703339,1
12:05:06.062335,39,0.1704376975594987,1.2112903842219032,1.4836214312051714,-0.0697200018621515,140.23999686539173,1.0,1.2063941147048927,1
12:05:06.062335,39,0.2087748012146366,1.1033700390556105,1.418667013506642,-0.1391600037168245,44.87999899685383,1.0,2.7658007467517853,1
12:05:06.062335,39,0.2630591844140761,1.0951950789082985,0.8024675948532352,-0.1391600037168245,5.519999876618385,0.5519999876618386,4.930072834882408,1
12:05:06.062335,39,0.2378593490090055,1.3533757659837036,1.3561029314464177,-0.0697200018621515,79.23999822884798,1.0,2.251703721938506,1
12:05:06.062335,39,0.2279452772957801,1.296966528950116,1.3829408158523575,-0.0697200018621515,226.63999493420124,1.0,0.6470529283902303,1
12:05:06.062335,39,0.2081171338693292,1.1841480548829406,1.436616584664238,-0.0697200018621515,174.3599961027503,1.0,0.700525075337139,1
12:05:06.062335,39,0.197032032277739,1.1110978378611474,1.4293859668305866,-0.1391600037168245,41.11999908089638,1.0,2.8285955232110016,1
12:05:06.062335,39,0.2231085678269856,1.355602088566473,1.3555063901082736,-0.0697200018621515,73.23999836295843,1.0,2.0614256462541762,1
12:05:06.062335,39,0.2138093145056961,1.299100057527376,1.3823691385930523,-0.0697200018621515,230.23999485373497,1.0,0.5895401987438114,1
12:05:06.062335,39,0.2180312055825546,1.2405572919165282,1.409778700258298,-0.0697200018621515,262.11999414116144,1.0,0.12999337952310708,1
12:05:06.062335,39,0.1938840545164379,1.3660248478015695,1.3681839212651945,-0.0697200018621515,56.519998736679554,1.0,2.152435937265089,1
12:05:06.062335,39,0.1952108078631171,1.1860959954491823,1.43609463556261,-0.0697200018621515,170.1199961975217,1.0,0.8759663244150409,1
12:05:06.062335,39,0.1859115545418276,1.1295939644100856,1.4629573840473884,-0.0697200018621515,36.35999918729067,1.0,2.634277897596618,1
12:05:06.062335,39,0.2087041600374798,1.364080479872951,1.368704913081457,-0.0697200018621515,65.11999854445457,1.0,2.1693245989674588,1
12:05:06.062335,39,0.2000052881281746,1.3072250661319529,1.3950175419101871,-0.0697200018621515,221.7599950432777,1.0,0.7249027995250485,1
12:05:06.062335,39,0.1913064162188694,1.250369652390955,1.421330170738917,-0.0697200018621515,269.63999397307634,1.0,0.35443317441095024,1
12:05:06.062335,39,0.1826075443095643,1.193514238649957,1.4476427995676473,-0.0697200018621515,157.63999647647142,1.0,1.0579157236251593,1
12:05:06.062335,39,0.2045100611844066,1.2425980264882792,1.4092318870778309,-0.0697200018621515,272.7599939033389,1.0,0.19438709146410252,1
12:05:06.062335,39,0.185802890464929,1.309088392036529,1.39451826523882,-0.0697200018621515,203.5199954509735,1.0,0.8315485432636802,1
12:05:06.119344,40,0.2132026030846057,1.410674564548281,-0.816870968832052,-0.2088800055789761,10.87999975681305,1.0,1.4862233654813193,1
12:05:06.119344,40,0.21612706929919,1.4300245633011466,-0.906734864815684,-0.1391600037168245,5.519999876618385,0.5519999876618386,2.541961717739298,1
12:05:06.119344,40,0.1826075443095643,1.2958067903271315,-0.2246318696706929,-0.0697200018621515,119.7599973231554,1.0,2.6457617022475803,1
12:05:06.119344,40,0.214719829689815,1.4207134334441516,-0.6589685384293994,-0.1391600037168245,16.99999962002039,1.0,0.9933460070343062,1
12:05:06.119344,40,0.1996519709632913,1.416756249883362,-0.2603537637642698,0.0697200018621515,94.87999787926674,1.0,2.1857847223337137,1
12:05:06.119344,40,0.2046395354383167,1.452148653512514,-0.3901197475035612,-0.1391600037168245,67.75999848544598,1.0,2.25502135029895,1
12:05:06.119344,40,0.2005021965557619,1.4227895608300645,-0.6589685384293994,-0.1391600037168245,17.23999961465597,1.0,0.9785994816012148,1
12:05:06.119344,40,0.1913064162188694,1.3575351122915007,-0.2353326535205677,-0.0697200018621515,124.6399972140789,1.0,1.7808476099385442,1
12:05:06.119344,40,0.190108059360273,1.4541224078903707,-0.3901197475035612,-0.1391600037168245,80.23999820649624,1.0,2.35915410134102,1
12:05:06.119344,40,0.1715819126683028,1.4229794300481249,-0.2460334373704426,-0.1391600037168245,125.75999718904497,1.0,2.378043619262735,1
12:05:06.119344,40,0.1777217264134201,1.3593802683397451,-0.2353326535205677,-0.0697200018621515,141.87999682873487,1.0,1.5317341494591055,1
12:05:06.119344,40,0.1704376975594987,1.3036652733424283,-0.1852783751549327,-0.0697200018621515,133.23999702185392,1.0,2.485079562566355,1
12:05:06.119344,40,0.1615593983104024,1.2357558226567995,-0.213931085820818,-0.0697200018621515,37.51999916136265,1.0,4.388676399092008,1
12:05:06.119344,40,0.2018162560591042,1.4321142972957073,-0.906734864815684,-0.1391600037168245,5.759999871253967,0.5759999871253967,2.647054596475101,1
12:05:06.119344,40,0.1990854328248258,1.4127360218605902,-0.816870968832052,-0.2088800055789761,9.63999978452921,0.963999978452921,1.4958799116367096,1
12:05:06.119344,40,0.1862645133700341,1.4247234104519084,-0.6589685384293994,-0.1391600037168245,15.87999964505434,1.0,1.0821533062526179,1
12:05:06.119344,40,0.1755575726355659,1.4559507512457026,-0.3901197475035612,-0.1391600037168245,88.3599980250001,1.0,2.5833427970341174,1
12:05:06.119344,40,0.1648904553924889,1.3674852004265203,-0.1941044773794098,-0.0697200018621515,157.75999647378922,1.0,1.8239565411259098,1
12:05:06.119344,40,0.2272984532626985,1.4084720409613811,-0.816870968832052,-0.2088800055789761,11.239999748766422,1.0,1.5951670574922887,1
12:05:06.119344,40,0.1854746623910587,1.4186818990541952,-0.2603537637642698,-0.1391600037168245,110.75999752432108,1.0,2.1263337881936835,1
12:05:06.119344,40,0.1952108078631171,1.2916302024142807,-0.2377065221509432,-0.0697200018621515,104.35999766737224,1.0,3.108712215692428,1
12:05:06.119344,40,0.2974086503722929,1.3953516301310094,-0.816870968832052,-0.0697200018621515,6.11999986320734,0.611999986320734,3.9644949345246823,1
12:05:06.119344,40,0.2125460792517338,1.406330614433917,-0.3031528170740836,-0.1391600037168245,79.99999821186066,1.0,1.842174494424814,1
12:05:06.119344,40,0.157606668135306,1.3070786034919435,-0.1721217372131199,-0.0697200018621515,142.11999682337046,1.0,2.2746218735877526,1
12:05:06.119344,40,0.311347063496357,1.392307826264627,-0.816870968832052,-0.0697200018621515,4.999999888241291,0.4999999888241291,4.812024035794299,1
12:05:06.119344,40,0.2854575614161042,1.408206393204158,-0.6589685384293994,-0.1391600037168245,9.879999779164793,0.9879999779164793,2.8886824465749203,1
12:05:06.119344,40,0.2737931144161187,1.423634317529814,-0.4484519251877542,-0.1391600037168245,28.11999937146902,1.0,2.9307225624141555,1
12:05:06.119344,40,0.2319771889114418,1.2748134010887369,-0.2897543894365299,-0.1391600037168245,64.3599985614419,1.0,5.204635694049786,1
12:05:06.119344,40,0.2694439990802322,1.4010203454572618,-0.816870968832052,-0.0697200018621515,7.35999983549118,0.735999983549118,2.646763401017268,1
12:05:06.119344,40,0.271361459740205,1.410990511448733,-0.6589685384293994,-0.1391600037168245,11.519999742507936,1.0,2.2623815854001266,1
12:05:06.119344,40,0.2481053788150477,1.4453569705666691,-0.3901197475035612,-0.1391600037168245,34.99999921768904,1.0,2.6773751082229085,1
12:05:06.119344,40,0.2401034042438792,1.3987408521254914,-0.3173604374604207,-0.1391600037168245,56.35999874025583,1.0,2.419914518726351,1
12:05:06.119344,40,0.229660536567465,1.337905123126394,-0.3035574134484753,-0.1391600037168245,80.11999820917845,1.0,2.696148586850969,1
12:05:06.119344,40,0.2192176688910508,1.2770693941272968,-0.2897543894365299,-0.1391600037168245,75.99999830126762,1.0,4.352038641059908,1
12:05:06.119344,40,0.255420557353936,1.4036446900503483,-0.816870968832052,-0.0697200018621515,8.879999801516533,0.8879999801516533,2.1741470177667113,1
12:05:06.119344,40,0.2430892609444521,1.4161351900310128,-0.6589685384293994,-0.1391600037168245,13.519999697804453,1.0,1.3832015025645186,1
12:05:06.119344,40,0.233639645159042,1.4477657157056094,-0.3901197475035612,-0.1391600037168245,43.75999902188778,1.0,2.4127163828603138,1
12:05:06.119344,40,0.2261042240879286,1.4010719096405586,-0.3173604374604207,-0.1391600037168245,67.11999849975109,1.0,1.992219578646595,1
12:05:06.119344,40,0.2167430264122854,1.343064540884654,-0.2899677280729244,-0.1391600037168245,93.2399979159236,1.0,2.182937298294963,1
12:05:06.119344,40,0.2068875293450122,1.2819942085978429,-0.2767826390717652,-0.1391600037168245,89.51999799907207,1.0,3.6213063750557826,1
12:05:06.119344,40,0.2413715737858959,1.4061286713504044,-0.816870968832052,-0.2088800055789761,10.359999768435957,1.0,1.824040468612378,1
12:05:06.119344,40,0.2289159910207917,1.4184952359051692,-0.6589685384293994,-0.1391600037168245,15.519999653100967,1.0,1.1277646545102589,1
12:05:06.119344,40,0.2191505477342638,1.450029685485918,-0.3901197475035612,-0.1391600037168245,54.87999877333641,1.0,2.272399188433888,1
12:05:06.119344,40,0.2045100611844066,1.3531595643443906,-0.2490301429576065,-0.0697200018621515,108.11999758332968,1.0,2.017471479589491,1
12:05:06.119344,40,0.1874852613624944,1.4340608210603651,-0.906734864815684,-0.1391600037168245,5.759999871253967,0.5759999871253967,2.871654669461263,1
12:05:06.119344,40,0.2995251175750182,1.405281455500059,-0.6589685384293994,-0.1391600037168245,8.51999980956316,0.851999980956316,3.6411154471722678,1
12:05:06.119344,40,0.1720082038890218,1.426514788926342,-0.6589685384293994,-0.1391600037168245,13.879999689757824,1.0,1.3026107020636235,1
12:05:06.119344,40,0.0968967424726613,1.3025299706079467,-0.4784431844744837,-0.0697200018621515,147.23999670892954,1.0,0.7633778983539188,1
12:05:06.119344,40,0.0924907619109101,1.2433027810745516,-0.4566879498102054,-0.0697200018621515,95.3599978685379,1.0,1.8743074283235224,1
12:05:06.119344,40,0.0888021614124866,1.3421777022080368,-0.7024810748901963,-0.1391600037168245,35.63999920338392,1.0,1.8919272805006253,1
12:05:06.119344,40,0.0868497261921207,1.3626658742435978,-0.5004419083486122,-0.1391600037168245,92.999997921288,1.0,1.6445564572855655,1
12:05:06.119344,40,0.0832598422720124,1.3171836398252514,-0.4392906116062335,0.0697200018621515,128.9999971166253,1.0,1.1254612715066883,1
12:05:06.119344,40,0.0794739436208947,1.2572901349949517,-0.4193156790511693,-0.0697200018621515,80.87999819219112,1.0,1.715676802878313,1
12:05:06.119344,40,0.0740153721770041,1.342964057046762,-0.702691778034197,-0.1391600037168245,28.999999351799488,1.0,2.5536047950409912,1
12:05:06.119344,40,0.0723880444499725,1.3634349400112191,-0.5006479788999727,-0.1391600037168245,77.99999825656414,1.0,2.309398471442161,1
12:05:06.119344,40,0.0693959259002354,1.3179209166978036,-0.439488164348832,-0.1391600037168245,110.63999752700327,1.0,1.5970294083951326,1
12:05:06.119344,40,0.1012062400518954,1.3566810837327314,-0.513825843468052,-0.1391600037168245,109.11999756097794,1.0,1.0064779779787154,1
12:05:06.119344,40,0.0662769111479341,1.2621292863521174,-0.4068872885080178,-0.0697200018621515,68.11999847739935,1.0,1.9191759125687726,1
12:05:06.119344,40,0.0555556482840592,1.322856973092394,-0.4264319201096509,-0.1391600037168245,93.75999790430068,1.0,2.233997280727097,1
12:05:06.119344,40,0.0530294838311715,1.2627054967817584,-0.4070416836273105,-0.0697200018621515,57.35999871790409,1.0,2.2839521193655896,1
12:05:06.119344,40,0.0416715980208182,1.3233265485361576,-0.4265577424705928,-0.1391600037168245,78.9999982342124,1.0,2.924321281966048,1
12:05:06.119344,40,0.0397767536104539,1.263153720214869,-0.4071617847342412,-0.0697200018621515,48.63999891281128,1.0,2.745795243825132,1
12:05:06.119344,40,0.0290467155176751,1.3838500743950477,-0.4460476693289323,-0.1391600037168245,45.759998977184296,1.0,5.701388833546362,1
12:05:06.119344,40,0.0277833806326876,1.3236619931122644,-0.4266476245738661,-0.1391600037168245,66.51999851316214,1.0,3.716232084973787,1
12:05:06.119344,40,0.0139069866567585,1.336067144428942,-0.3867975763929472,-0.1391600037168245,56.11999874562025,1.0,4.945428971284178,1
12:05:06.119344,40,0.1707927808718198,1.4164349272125438,-0.816870968832052,-0.2088800055789761,7.999999821186066,0.7999999821186066,1.865549507014745,1
12:05:06.119344,40,0.0,1.3399355955989058,-0.3734351127717389,-0.1391600037168245,47.63999893516302,1.0,6.102092796424136,1
12:05:06.119344,40,0.0579191239640261,1.364064280538274,-0.5008166101859612,-0.1391600037168245,65.11999854445457,1.0,3.085382893310814,1
12:05:06.119344,40,0.1035800705062264,1.3412485596542905,-0.7022321118932666,-0.1391600037168245,44.23999901115894,1.0,1.3492712302268517,1
12:05:06.119344,40,0.04354246309957,1.3789693643149703,-0.4597725628909412,-0.1391600037168245,54.51999878138304,1.0,4.4701999463336035,1
12:05:06.119344,40,0.1056772953136883,1.242345694898119,-0.4564314993421433,-0.0697200018621515,111.11999751627444,1.0,1.85222499769695,1
12:05:06.119344,40,0.1004972159232252,1.213935740041624,-1.007487532683034,-0.1391600037168245,7.639999829232693,0.7639999829232693,6.830168056958007,1
12:05:06.119344,40,0.1609895303006776,1.457633500745707,-0.3901197475035612,-0.1391600037168245,88.2399980276823,1.0,2.926107638577393,1
12:05:06.119344,40,0.1580831298472918,1.3300250436169136,-0.566468331691037,-0.1391600037168245,136.87999694049358,1.0,0.08080582364045802,1
12:05:06.119344,40,0.1514131078734298,1.2775428092310968,-0.5289987005181238,-0.0697200018621515,169.9999962002039,1.0,0.9909412572893366,1
12:05:06.119344,40,0.1445282199704863,1.2194518080205523,-0.5049446618353263,-0.0697200018621515,143.99999678134918,1.0,3.2729489100814324,1
12:05:06.119344,40,0.1577346937317293,1.2089464174782565,-1.0061506477314013,-0.1391600037168245,11.759999737143517,1.0,7.3853996684392555,1
12:05:06.119344,40,0.1478457444782948,1.337605406173778,-0.7012559318602606,-0.1391600037168245,79.99999821186066,1.0,0.45116373994063336,1
12:05:06.119344,40,0.1437622813094926,1.3314828571237107,-0.5668589516428986,-0.1391600037168245,140.75999685376885,1.0,0.08857836400123051,1
12:05:06.119344,40,0.1376965007529389,1.2789391130237735,-0.5293728389917601,-0.0697200018621515,175.63999607414007,1.0,0.8250814521449819,1
12:05:06.119344,40,0.131891605337491,1.2354182361712294,-0.4682591335419864,-0.0697200018621515,138.11999691277742,1.0,2.2914379867082544,1
12:05:06.119344,40,0.1152353041666,1.339597300800754,-0.5541147532418542,-0.1391600037168245,124.6399972140789,1.0,0.46418018502591424,1
12:05:06.119344,40,0.118347621679695,1.3401767222989995,-0.7019449139394989,-0.1391600037168245,55.11999876797199,1.0,0.9272217157175,1
12:05:06.119344,40,0.1107114425014803,1.3015272917366096,-0.4781745174806412,-0.0697200018621515,162.9999963566661,1.0,0.5423570630240744,1
12:05:06.119344,40,0.1188532610754716,1.2412612865695698,-0.456140933006243,-0.0697200018621515,126.23999717831612,1.0,1.9325476708045346,1
12:05:06.119344,40,0.1148252403364557,1.2128958037913122,-1.007208882604583,-0.1391600037168245,8.639999806880951,0.8639999806880951,6.784447624611795,1
12:05:06.119344,40,0.1243964805356899,1.2955379609054989,-0.4909053791587466,-0.0697200018621515,173.23999612778425,1.0,0.48866847000590397,1
12:05:06.119344,40,0.1296029733782394,1.338414812895379,-0.5537979065625496,-0.1391600037168245,136.2399969547987,1.0,0.2037742427813798,1
12:05:06.119344,40,0.1331033381901474,1.3389622973250022,-0.7016195097484481,-0.1391600037168245,67.75999848544598,1.0,0.6273401932267921,1
12:05:06.119344,40,0.1434454102372138,1.2104010177713729,-1.006540406705252,-0.1391600037168245,9.999999776482582,0.9999999776482582,7.060664536103699,1
12:05:06.169198,41,0.2452675700477637,1.2640711636666424,1.197021556314127,-0.1391600037168245,19.759999558329586,1.0,3.6042287766990664,1
12:05:06.169198,41,0.2248218714572911,1.1586971918684017,1.263958474354498,-0.1391600037168245,146.63999672234058,1.0,0.42056287120929425,1
12:05:06.169198,41,0.2145990221620548,1.1060102059692816,1.2974269333746835,-0.1391600037168245,150.2399966418743,1.0,0.4335141285444716,1
12:05:06.169198,41,0.2043761728668185,1.053323220070161,1.330895392394869,-0.1391600037168245,94.11999789625406,1.0,1.5163215259330316,1
12:05:06.169198,41,0.2350447207525274,1.2113841777675225,1.2304900153343126,-0.1391600037168245,100.6399977505207,1.0,1.4774677539275007,1
12:05:06.169198,41,0.2309672942548251,1.2663712205564503,1.1964052579279574,-0.1391600037168245,22.75999949127436,1.0,3.004264991328702,1
12:05:06.169198,41,0.1828332535246186,1.0024569546579478,1.363875990830945,-0.1391600037168245,12.519999720156193,1.0,3.836002833229741,1
12:05:06.169198,41,0.2117136779627425,1.1608055141970492,1.2633935510891523,-0.1391600037168245,160.1199964210391,1.0,0.1679526626382003,1
12:05:06.169198,41,0.2020868698167012,1.108022661017349,1.29688769766975,-0.1391600037168245,168.51999623328447,1.0,0.3343002310184079,1
12:05:06.169198,41,0.1924600616706599,1.0552398078376486,1.3303818442503474,-0.1391600037168245,103.63999768346548,1.0,1.5569836212155808,1
12:05:06.169198,41,0.2219123303468412,1.1022223034677956,0.8005846557074856,-0.0697200018621515,5.119999885559082,0.5119999885559082,4.776607813781211,1
12:05:06.169198,41,0.2162718466169171,1.0512916292566357,1.3314397555127035,-0.1391600037168245,76.11999829858541,1.0,1.5851951965768465,1
12:05:06.169198,41,0.2022988853864181,1.2705563898952066,1.1952838451834502,-0.1391600037168245,26.119999416172504,1.0,2.248026481304948,1
12:05:06.169198,41,0.2213404861087838,1.2135883673767498,1.229899404508555,-0.1391600037168245,110.1199975386262,1.0,1.0579409160749633,1
12:05:06.169198,41,0.2270897147849835,1.1038769954491885,1.2979985254108282,-0.1391600037168245,123.51999723911284,1.0,0.6509784592580491,1
12:05:06.169198,41,0.2733684292282886,1.1187987988538584,1.219974273893317,-0.1391600037168245,77.11999827623367,1.0,2.363133264715246,1
12:05:06.169198,41,0.2274287600090558,1.042421732538274,1.3213296142119333,-0.1391600037168245,58.35999869555235,1.0,1.888858083318613,1
12:05:06.169198,41,0.196110078689405,1.2474422023936844,1.2787011353655515,-0.0697200018621515,116.35999739915133,1.0,1.356340565963918,1
12:05:06.169198,41,0.2989632901018036,1.11327031480435,1.221455626729751,-0.1391600037168245,54.239998787641525,1.0,4.108649923292221,1
12:05:06.169198,41,0.2861801685535928,1.11609636418563,1.2206983890802667,-0.1391600037168245,64.51999855786562,1.0,3.176082063380599,1
12:05:06.169198,41,0.2731673032329496,1.0653464755912796,1.2561339224308583,-0.1391600037168245,47.8799989297986,1.0,2.7521981652862686,1
12:05:06.169198,41,0.2601544379123063,1.0145965869969296,1.29156945578145,-0.1391600037168245,26.519999407231808,1.0,3.4278519862616346,1
12:05:06.169198,41,0.2609381250236234,1.0679260281655,1.2554427334017624,-0.1391600037168245,60.11999865621328,1.0,2.1293049005832616,1
12:05:06.169198,41,0.23790758295305,1.1564623616417404,1.2645572953089526,-0.1391600037168245,128.63999712467194,1.0,0.800446459454325,1
12:05:06.169198,41,0.2485078208189582,1.0170532574771416,1.290911192910208,-0.1391600037168245,33.99999924004078,1.0,2.9804287618633825,1
12:05:06.169198,41,0.2605293532890899,1.121377348567833,1.2192833535798138,-0.1391600037168245,92.23999793827534,1.0,1.6709581845245274,1
12:05:06.169198,41,0.2486828532204091,1.0703873289438826,1.2547832298458648,-0.1391600037168245,76.359998293221,1.0,1.6187593391869624,1
12:05:06.169198,41,0.2368363531517284,1.0193973093199318,1.2902831061119158,-0.1391600037168245,44.23999901115894,1.0,2.637206790593809,1
12:05:06.169198,41,0.2623813091529757,1.2065792512200966,1.2317774915223862,-0.1391600037168245,78.11999825388193,1.0,2.7251639527427614,1
12:05:06.169198,41,0.2509695038898327,1.1541012469982148,1.2651899540709226,-0.1391600037168245,109.75999754667282,1.0,1.3065446975174522,1
12:05:06.169198,41,0.2395576986266896,1.1016232427763335,1.298602416619459,-0.1391600037168245,97.63999781757592,1.0,0.9857414526717514,1
12:05:06.169198,41,0.2723758533577707,1.172367368191784,1.183783477313763,-0.1391600037168245,67.5199984908104,1.0,2.7938033266065028,1
12:05:06.169198,41,0.1854350903278468,1.1646418045102025,1.2623656201978115,-0.1391600037168245,165.5199963003397,1.0,0.04861613038939408,1
12:05:06.169198,41,0.2487254511211164,1.2090477278342924,1.2311160652070772,-0.1391600037168245,89.51999799907207,1.0,2.0335991971656453,1
12:05:06.169198,41,0.1685712952692755,1.0587272191251986,1.3294473952121733,-0.1391600037168245,98.1199978068471,1.0,1.970173136904168,1
12:05:06.169198,41,0.1770031927985612,1.1116845118177006,1.2959065077049925,-0.0697200018621515,168.51999623328447,1.0,0.4942737139679904,1
12:05:06.169198,41,0.108482070350218,1.2284585309508458,1.3565697691664955,-0.0697200018621515,80.11999820917845,1.0,3.257400246733977,1
12:05:06.169198,41,0.118347621679695,1.3401767222989995,1.2980550860605011,-0.0697200018621515,28.879999354481697,1.0,5.71803088206581,1
12:05:06.169198,41,0.1098316015043226,1.091447830217011,1.371001546012511,-0.0697200018621515,27.759999379515648,1.0,4.331174634771282,1
12:05:06.169198,41,0.1153253530228267,1.1460418003721915,1.3395391875983482,-0.0697200018621515,59.239998675882816,1.0,2.7246807989714585,1
12:05:06.169198,41,0.1220077386639176,1.2273453414030169,1.356868047406859,-0.0697200018621515,95.23999787122013,1.0,2.523622769810629,1
12:05:06.169198,41,0.1331033381901474,1.3389622973250022,1.298380490251552,-0.0697200018621515,31.239999301731583,1.0,5.192085581886049,1
12:05:06.169198,41,0.1219964511217043,1.0903281773951323,1.3713015560819364,-0.0697200018621515,35.879999198019505,1.0,3.528977728053417,1
12:05:06.169198,41,0.1280986856281873,1.1448661427729436,1.3398542041026422,-0.0697200018621515,75.51999831199646,1.0,2.003340485196466,1
12:05:06.169198,41,0.1342009201346703,1.1994041081507547,1.3084068521233478,-0.0697200018621515,112.7599974796176,1.0,1.4957777521460527,1
12:05:06.169198,41,0.1464053891476364,1.308480038906377,1.2455121481647595,-0.0697200018621515,32.87999926507473,1.0,3.534875815464833,1
12:05:06.169198,41,0.1326147148909924,1.0630913965318212,1.3282780174004425,-0.0697200018621515,47.35999894142151,1.0,3.4310672151021078,1
12:05:06.169198,41,0.1408592084723063,1.1435671650966663,1.3402022641219866,-0.0697200018621515,96.99999783188105,1.0,1.407923108622584,1
12:05:06.169198,41,0.1025404879787835,1.1470940203296347,1.3392572461104912,-0.0697200018621515,46.999998949468136,1.0,3.5726539493761638,1
12:05:06.169198,41,0.1821842802798531,1.2492692390345168,1.2782115823730984,-0.0697200018621515,117.99999736249448,1.0,1.3032273707874114,1
12:05:06.169198,41,0.2081504990790089,1.1042993646995884,0.8000281088277967,-0.0697200018621515,5.359999880194664,0.5359999880194664,4.558230535975815,1
12:05:06.169198,41,0.190108059360273,1.3036039678424478,1.246818687468576,-0.1391600037168245,29.23999934643507,1.0,3.241022864908862,1
12:05:06.169198,41,0.1742605011994331,1.194934510226586,1.3096044772776207,-0.0697200018621515,161.23999639600515,1.0,0.42016743169343945,1
12:05:06.169198,41,0.1644341764724615,1.113333541387973,1.2954646515633428,-0.0697200018621515,149.99999664723873,1.0,0.7552061743165646,1
12:05:06.169198,41,0.14756931574843,1.1980432511010828,1.3087714926708216,-0.0697200018621515,131.2399970665574,1.0,1.002592737200662,1
12:05:06.169198,41,0.1943678529356575,1.1062433952152482,0.7995072074210643,-0.0697200018621515,5.359999880194664,0.5359999880194664,4.482850345170425,1
12:05:06.169198,41,0.1755575726355659,1.3053700119086868,1.2463454773872296,-0.0697200018621515,31.87999928742647,1.0,3.1841911161456182,1
12:05:06.169198,41,0.156601028920676,1.0602976939070548,1.3290265877626417,-0.0697200018621515,81.35999818146229,1.0,2.3442565273848084,1
12:05:06.169198,41,0.1536056455135899,1.142144997240039,1.3405833328506715,-0.0697200018621515,123.11999724805356,1.0,0.9376837862245261,1
12:05:06.169198,41,0.1446151026003849,1.0617524682013322,1.32863678216532,-0.0697200018621515,62.759998597204685,1.0,2.8309868294512257,1
12:05:06.169198,41,0.180565770169854,1.1080542006133522,0.7990220035769924,-0.0697200018621515,4.999999888241291,0.4999999888241291,4.55152436660943,1
12:05:06.169198,41,0.1720082038890218,1.2073538683383518,0.9942760745245428,-0.0697200018621515,5.519999876618385,0.5519999876618386,1.8514504352494945,1
12:05:06.169198,41,0.1609895303006776,1.3069954231099163,1.2459099497684916,-0.0697200018621515,33.11999925971031,1.0,3.2817854848207118,1
12:05:06.169198,41,0.1542794230245538,1.2525193371054997,1.2773407212196566,-0.2088800055789761,107.11999760568142,1.0,1.6272135292667051,1
12:05:06.169198,41,0.1609229545542486,1.1965533354629216,1.3091707143628577,-0.0697200018621515,148.6399966776371,1.0,0.6443463932080674,1
12:05:06.222867,42,0.1644341764724615,1.113333541387973,1.2954646515633428,-0.0697200018621515,147.75999669730663,1.0,0.2976945826422065,1
12:05:06.222867,42,0.156601028920676,1.0602976939070548,1.3290265877626417,-0.0697200018621515,108.75999756902456,1.0,0.48135824341692446,1
12:05:06.222867,42,0.1931395666449913,1.0942306126987646,0.7883512345670383,-0.0697200018621515,10.239999771118164,1.0,4.39845981836768,1
12:05:06.222867,42,0.1590823311325705,1.1679696981162937,1.2614739137935629,-0.0697200018621515,138.9999968931079,1.0,0.4971829303055939,1
12:05:06.222867,42,0.1518487168664777,1.114861083158813,1.2950553479794416,-0.0697200018621515,179.3599959909916,1.0,0.20367987651593755,1
12:05:06.222867,42,0.2476642246328339,1.1238317554747426,1.2186256972312102,-0.1391600037168245,45.639998979866505,1.0,3.0136040355027385,1
12:05:06.222867,42,0.1794247046247371,1.0960299749111155,0.7878690969153479,-0.0697200018621515,11.519999742507936,1.0,3.924967557632962,1
12:05:06.222867,42,0.1458814301410601,1.1694425722228254,1.261079258366165,-0.0697200018621515,143.11999680101871,1.0,0.4734667165887785,1
12:05:06.222867,42,0.1392480725160262,1.1162669843773232,1.2946786378833035,-0.0697200018621515,183.11999590694904,1.0,0.19514387459415242,1
12:05:06.222867,42,0.172267324024247,1.166369388868891,1.2619027153640443,-0.0697200018621515,124.3599972203374,1.0,0.6135563532420826,1
12:05:06.222867,42,0.1326147148909924,1.0630913965318212,1.3282780174004425,-0.0697200018621515,142.63999681174755,1.0,0.4133768766931047,1
12:05:06.222867,42,0.1446151026003849,1.0617524682013322,1.32863678216532,-0.0697200018621515,137.11999693512917,1.0,0.4080762025345249,1
12:05:06.222867,42,0.2068351148703934,1.0922988672703502,0.7888688441945644,-0.0697200018621515,8.879999801516533,0.8879999801516533,4.9742339373068925,1
12:05:06.222867,42,0.2117727437277005,1.077059318495736,1.2529954756335366,-0.0697200018621515,59.63999866694212,1.0,1.5091397052813431,1
12:05:06.222867,42,0.1770031927985612,1.1116845118177006,1.2959065077049925,-0.0697200018621515,110.63999752700327,1.0,0.47712583804863773,1
12:05:06.222867,42,0.1854350903278468,1.1646418045102025,1.2623656201978115,-0.1391600037168245,104.99999765306713,1.0,0.8225174488704198,1
12:05:06.222867,42,0.1924600616706599,1.0552398078376486,1.3303818442503474,-0.0697200018621515,56.11999874562025,1.0,1.1720283349105194,1
12:05:06.222867,42,0.2020868698167012,1.108022661017349,1.29688769766975,-0.0697200018621515,80.87999819219112,1.0,1.0918570276657757,1
12:05:06.222867,42,0.2117136779627425,1.1608055141970492,1.2633935510891523,-0.1391600037168245,85.87999808043242,1.0,1.5177798334261003,1
12:05:06.222867,42,0.2043761728668185,1.053323220070161,1.330895392394869,-0.0697200018621515,40.759999088943005,1.0,1.5588484562855585,1
12:05:06.222867,42,0.2218609576541,1.1283671715515489,1.217410436156091,-0.1391600037168245,69.35999844968319,1.0,1.7421778048754455,1
12:05:06.222867,42,0.2134235370119003,1.0237466307655727,1.2891177089429329,-0.0697200018621515,30.51999931782484,1.0,2.238346090720924,1
12:05:06.222867,42,0.2240989333867542,1.0749542024507626,1.253559539777761,-0.0697200018621515,44.99999899417162,1.0,2.0406909020980954,1
12:05:06.222867,42,0.234774329761608,1.1261617741359524,1.2180013706125896,-0.1391600037168245,56.11999874562025,1.0,2.332855047607574,1
12:05:06.222867,42,0.225141202047605,1.021628508122079,1.289685258194727,-0.0697200018621515,23.519999474287037,1.0,2.7902756766005132,1
12:05:06.222867,42,0.2364027133402194,1.0727301317984106,1.2541554777129686,-0.1391600037168245,34.879999220371246,1.0,2.6553567554206845,1
12:05:06.222867,42,0.1259813572659586,1.0099158086863187,1.3618773969175813,-0.0697200018621515,20.51999954134226,1.0,1.1281657228856368,1
12:05:06.222867,42,0.1685712952692755,1.0587272191251986,1.3294473952121733,-0.0697200018621515,78.75999823957682,1.0,0.633167823990427,1
12:05:06.222867,42,0.1656919002843427,1.097696773972689,0.7874224794528542,-0.0697200018621515,12.519999720156193,1.0,3.5538886693423803,1
12:05:06.222867,42,0.1263128560598349,1.2552297406825528,1.2766144707700229,0.0697200018621515,67.11999849975109,1.0,2.448126697814132,1
12:05:06.222867,42,0.1266335034749853,1.1175511044545603,1.2943345589456234,-0.0697200018621515,155.6399965211749,1.0,0.2721222271896713,1
12:05:06.222867,42,0.1326659411287551,1.1707878639023106,1.2607187885470623,0.0697200018621515,134.87999698519707,1.0,0.5424482745977648,1
12:05:06.222867,42,0.0439883059903865,1.3149193849321492,1.243786730597369,0.0697200018621515,8.999999798834324,0.8999999798834324,7.454739502618897,1
12:05:06.222867,42,0.05705257421085,1.1655572797286182,0.8420028116641698,0.0697200018621515,5.639999873936176,0.5639999873936177,3.6435412868417507,1
12:05:06.222867,42,0.0610745528449908,1.094749923801234,1.3701167527032865,-3.4095600910659414,25.63999942690134,1.0,2.383724739635309,1
12:05:06.222867,42,0.0641294879714801,1.1495090639201966,1.3386101371307144,0.0697200018621515,36.63999918103218,1.0,2.4799712818425355,1
12:05:06.222867,42,0.0671844230979694,1.2042682040391588,1.3071035215581426,0.0697200018621515,53.11999881267548,1.0,3.093345526026379,1
12:05:06.222867,42,0.083523111986947,1.11698600737583,0.7966287331680355,0.0697200018621515,7.1199998408555984,0.7119999840855599,3.2653003415457174,1
12:05:06.222867,42,0.073276025512189,1.0941010549414278,1.3702906165902649,-0.0697200018621515,33.639999248087406,1.0,1.879294205707462,1
12:05:06.222867,42,0.0769412755032099,1.1488277387888342,1.338792697649446,0.0697200018621515,47.51999893784523,1.0,1.9453803007747945,1
12:05:06.222867,42,0.0806065254942309,1.2035544226362402,1.3072947787086269,0.0697200018621515,65.11999854445457,1.0,2.5281244974714423,1
12:05:06.222867,42,0.0974225141696938,1.1161120998454952,0.7968628959850483,0.0697200018621515,8.879999801516533,0.8879999801516533,3.011434490981073,1
12:05:06.222867,42,0.0844925699076951,1.0672861464222003,1.327154037554865,-0.0697200018621515,45.35999898612499,1.0,1.2206648897469472,1
12:05:06.222867,42,0.0940205673054752,1.202711031532296,1.3075207646738325,0.0697200018621515,80.35999820381403,1.0,2.0568467599684923,1
12:05:06.222867,42,0.089745368971851,1.1480226974241596,1.339008407832984,0.0697200018621515,63.35999858379364,1.0,1.4974424963046495,1
12:05:06.222867,42,0.1381779593757388,1.1006320292023373,0.7866359801844909,0.0697200018621515,12.879999712109566,1.0,3.1193390508395242,1
12:05:06.222867,42,0.1194371856334849,1.1720054386267078,1.2603925403829357,0.0697200018621515,117.99999736249448,1.0,0.7041391734848833,1
12:05:06.222867,42,0.1140062711896905,1.1187133149795914,1.2940231455740066,-0.0697200018621515,117.99999736249448,1.0,0.4346240625205703,1
12:05:06.222867,42,0.1085753567458962,1.0654211913324745,1.3276537507650772,-0.0697200018621515,88.51999802142382,1.0,0.659826331051989,1
12:05:06.222867,42,0.125190703071434,1.1139617496566785,0.7974390805815859,0.0697200018621515,12.11999972909689,1.0,2.8144126745631723,1
12:05:06.222867,42,0.1206010658212155,1.064314345006809,1.3279503293441846,-0.0697200018621515,119.8799973204732,1.0,0.49729129629175617,1
12:05:06.222867,42,0.1074252071387595,1.2017381150657291,1.307781456855352,0.0697200018621515,98.5199977979064,1.0,1.6796212695045685,1
12:05:06.222867,42,0.1013676383727913,1.119753499732338,1.2937444289095288,-0.0697200018621515,86.23999807238579,1.0,0.6826319790672082,1
12:05:06.222867,42,0.0965387902258668,1.066411824825111,1.32738831132073,-0.0697200018621515,62.99999859184027,1.0,0.9009646832265608,1
12:05:06.222867,42,0.1155777866969427,1.1578360671730796,0.7510377533423118,0.0697200018621515,6.7599998489022255,0.6759999848902225,3.441349566639858,1
12:05:06.222867,42,0.1113121741826443,1.1151039803354088,0.79713302079365,0.0697200018621515,10.759999759495258,1.0,2.8611186802593047,1
12:05:06.222867,42,0.1196135200016868,1.0595065257072358,0.8329912906550092,0.0697200018621515,4.999999888241291,0.4999999888241291,2.866766379025709,1
12:05:06.276627,43,0.1249657347389851,1.0884482228471486,1.2499438279099002,-0.0697200018621515,58.51999869197607,1.0,0.38372961762266783,1
12:05:06.276627,43,0.1190127445508918,1.0365978367841986,1.285674238668476,-0.0697200018621515,26.239999413490292,1.0,2.4729434042254206,1
12:05:06.276627,43,0.1390567129948014,1.112685522031414,0.7977810447431337,0.0697200018621515,7.35999983549118,0.735999983549118,1.2711270508335428,1
12:05:06.276627,43,0.1178641927157399,1.1415001481225393,1.2138914656896769,-0.0697200018621515,55.519998759031296,1.0,0.8616862998716465,1
12:05:06.276627,43,0.1085753567458962,1.0654211913324745,1.3276537507650772,-0.0697200018621515,29.519999340176582,1.0,1.1805237562653454,1
12:05:06.276627,43,0.125190703071434,1.1139617496566785,0.7974390805815859,0.0697200018621515,7.999999821186066,0.7999999821186066,0.9610058168572402,1
12:05:06.276627,43,0.1047978741838767,1.142575532264818,1.2136033173772,0.0697200018621515,53.87999879568815,1.0,0.8936397693096068,1
12:05:06.276627,43,0.1013676383727913,1.119753499732338,1.2937444289095288,0.0697200018621515,72.51999837905169,1.0,0.5147176074493625,1
12:05:06.276627,43,0.1309187249270783,1.140298608910099,1.2142134171513246,-0.0697200018621515,54.35999878495932,1.0,0.8912661924131734,1
12:05:06.276627,43,0.1125048036508438,1.0895951270091313,1.2496365158659013,-0.0697200018621515,68.23999847471714,1.0,0.3354761143830277,1
12:05:06.276627,43,0.1656919002843427,1.097696773972689,0.7874224794528542,0.0697200018621515,6.359999857842922,0.6359999857842922,2.1134027544385074,1
12:05:06.276627,43,0.1693887185008248,1.1280446466216465,1.203944775108705,-0.0697200018621515,45.11999899148941,1.0,1.1353827461321804,1
12:05:06.276627,43,0.1374141693583489,1.087181014687053,1.25028337531304,-0.0697200018621515,47.51999893784523,1.0,0.4940460689230623,1
12:05:06.276627,43,0.1439601653756078,1.1389710347804112,1.214569139567267,-0.0697200018621515,50.519998870790005,1.0,0.9826212838540509,1
12:05:06.276627,43,0.1794247046247371,1.0960299749111155,0.7878690969153479,0.0697200018621515,5.519999876618385,0.5519999876618386,2.6591687416387004,1
12:05:06.276627,43,0.1427105154235954,1.0340697000074217,1.2863516508761688,-0.0697200018621515,19.119999572634697,1.0,2.789360734998462,1
12:05:06.276627,43,0.1622685712327322,1.0842862052691689,1.2510590371588042,-0.0697200018621515,37.75999915599823,1.0,0.9018255236139757,1
12:05:06.276627,43,0.1746720530683873,1.082658893489896,1.251495074035894,-0.0697200018621515,29.759999334812164,1.0,1.199809430677843,1
12:05:06.276627,43,0.1802579643608395,1.102010650712174,1.1705659906868702,-0.0697200018621515,39.11999912559986,1.0,1.1744622864100662,1
12:05:06.276627,43,0.1870580678450758,1.0809118566405962,1.2519631911488114,-0.0697200018621515,23.75999946892261,1.0,1.5608978163941774,1
12:05:06.276627,43,0.1930400767306703,1.1002077446342633,1.1710490779144755,-0.0697200018621515,33.359999254345894,1.0,1.575495656923099,1
12:05:06.276627,43,0.2105969191472315,1.1036086135603,1.076668949335872,-0.0697200018621515,7.999999821186066,0.7999999821186066,2.4977000062782713,1
12:05:06.276627,43,0.0965387902258668,1.066411824825111,1.32738831132073,-0.0697200018621515,31.5199992954731,1.0,1.2180203846711373,1
12:05:06.276627,43,0.13086817334109,1.0353909945936952,1.2859976110588132,-0.0697200018621515,22.63999949395657,1.0,2.600018923827394,1
12:05:06.276627,43,0.1113121741826443,1.1151039803354088,0.79713302079365,0.0697200018621515,8.239999815821648,0.8239999815821648,0.7233399471356283,1
12:05:06.276627,43,0.0427944234654826,1.1660395077050778,0.8418735990673099,0.0697200018621515,5.639999873936176,0.5639999873936177,2.4062275745789523,1
12:05:06.276627,43,0.0929451678462664,1.1740569629681934,1.259842836092382,0.0697200018621515,49.75999888777733,1.0,2.687218879986586,1
12:05:06.276627,43,0.0142667099863339,1.1665906942905504,0.8417259090668536,0.0697200018621515,5.239999882876873,0.5239999882876873,2.9512892936772097,1
12:05:06.276627,43,0.025367269929096,1.123427097426276,1.2927600913741213,0.0697200018621515,25.359999433159828,1.0,2.12009780147822,1
12:05:06.276627,43,0.0285319933136219,1.1663839907083924,0.8417812951247654,0.0697200018621515,5.519999876618385,0.5519999876618386,2.644342833063053,1
12:05:06.276627,43,0.0380477339797587,1.1231208239305894,1.2928421571099535,0.0697200018621515,31.63999929279089,1.0,1.704090139517495,1
12:05:06.276627,43,0.1063532726182529,1.0605978705817742,0.8326988656772127,0.0697200018621515,8.759999804198742,0.8759999804198741,1.2033736587482435,1
12:05:06.276627,43,0.048308036387734,1.0692104237326632,1.3266384290035127,-0.0697200018621515,23.75999946892261,1.0,1.968838741840258,1
12:05:06.276627,43,0.05705257421085,1.1655572797286182,0.8420028116641698,0.0697200018621515,5.759999871253967,0.5759999871253967,2.237043527027126,1
12:05:06.276627,43,0.0507243932888998,1.122692083915416,1.2929570376507822,0.0697200018621515,39.63999911397696,1.0,1.3472816864780568,1
12:05:06.276627,43,0.0603759871695942,1.0686855158438608,1.326779077648418,-0.0697200018621515,27.239999391138557,1.0,1.6913257769719872,1
12:05:06.276627,43,0.063395980201209,1.122140920254398,1.2931047215086493,0.0697200018621515,49.63999889045954,1.0,1.0497926185229525,1
12:05:06.276627,43,0.071305019746595,1.1649373550014075,0.842168919994194,0.0697200018621515,6.8799998462200165,0.6879999846220016,2.136914502084294,1
12:05:06.276627,43,0.0724379004033205,1.068044068692314,1.3269509528946624,-0.0697200018621515,30.119999326765537,1.0,1.4735875296690344,1
12:05:06.276627,43,0.0760612275686112,1.12146738806344,1.293285193915293,0.0697200018621515,60.35999865084887,1.0,0.8117614102266562,1
12:05:06.276627,43,0.0796845547339018,1.174890707434566,1.2596194349359235,0.0697200018621515,44.519999004900455,1.0,2.887441039245844,1
12:05:06.276627,43,0.0997870949718047,1.1632846770259069,0.842611753723078,0.0697200018621515,7.879999823868275,0.7879999823868274,2.1444354356472113,1
12:05:06.276627,43,0.0844925699076951,1.0672861464222003,1.327154037554865,-0.0697200018621515,31.75999929010868,1.0,1.3157663247964602,1
12:05:06.276627,43,0.0887188688769807,1.1206715546951966,1.2934984368236235,0.0697200018621515,69.2399984523654,1.0,0.6333447772387808,1
12:05:06.381658,45,0.0,1.042350505526262,1.2841328157247165,0.0697200018621515,15.239999659359457,1.0,3.3569926293860037,1
12:05:06.381658,45,-0.0143073088147012,1.314549360941618,1.3782295102195827,-0.1391600037168245,44.23999901115894,1.0,1.746982813223698,1
12:05:06.381658,45,-0.0286131869105077,1.3143420691423264,1.3782850538898006,-0.1391600037168245,52.63999882340431,1.0,1.1944958738497002,1
12:05:06.381658,45,-0.0429162037115952,1.3139966058424797,1.378377620502009,-0.1391600037168245,61.87999861687422,1.0,0.7730307648472309,1
12:05:06.381658,45,-0.0384879560321157,1.1505003053335492,1.3383445347945022,0.0697200018621515,19.879999555647373,1.0,0.8768012194639283,1
12:05:06.381658,45,-0.0751013392824224,1.3948305940324075,1.4070296200112111,0.0697200018621515,33.519999250769615,1.0,0.8129071353177288,1
12:05:06.381658,45,-0.0716344778070801,1.3190403161797168,1.391851655201517,-0.1391600037168245,78.87999823689461,1.0,0.3566653146399513,1
12:05:06.381658,45,-0.0863494675137376,1.335928867463927,1.4319497434769,-0.1391600037168245,82.87999814748764,1.0,0.5529208402513404,1
12:05:06.381658,45,-0.0573161802025738,1.3196631052101562,1.391684779383756,-0.1391600037168245,71.23999840766191,1.0,0.49380159362592735,1
12:05:06.381658,45,-0.1007192143860408,1.3350253875994258,1.432191830176971,0.0697200018621515,81.6399981752038,1.0,0.7480871898871005,1
12:05:06.381658,45,-0.1150788894212881,1.3339831541287697,1.432471095793758,0.0697200018621515,75.75999830663204,1.0,1.0772552395858397,1
12:05:06.381658,45,-0.1296029733782394,1.338414812895379,1.4462020934374504,0.0697200018621515,66.9999985024333,1.0,1.689670160535032,1
12:05:06.381658,45,-0.1582979957763733,1.3356338104416403,1.4469472607990788,0.0697200018621515,57.51999871432781,1.0,3.0665420316686443,1
12:05:06.381658,45,-0.376523051075139,1.2963255736303076,0.0125953614142122,0.5566400148672983,14.6399996727705,1.0,4.441232856910414,1
12:05:06.381658,45,-0.4009781699403947,1.2549174749028302,0.0666972796929621,0.5566400148672983,16.8799996227026,1.0,5.211710030861884,1
12:05:06.381658,45,-0.3901374478849427,1.220989913335143,0.1189654553969243,0.5566400148672983,7.519999831914902,0.7519999831914902,5.0164358249486085,1
12:05:06.381658,45,-0.082207561509462,1.260943060504644,1.4184970345736096,0.0697200018621515,40.99999908357859,1.0,0.2897528293784729,1
12:05:06.438146,46,-0.2341569705314087,1.2816771264421516,1.5128086202421287,0.0697200018621515,96.99999783188105,1.0,0.22319162532493866,1
12:05:06.438146,46,-0.2448042950361618,1.339956118712077,1.4906555974026712,0.0697200018621515,83.99999812245369,1.0,1.4670442875795138,1
12:05:06.438146,46,-0.2104779615689802,1.225494150784541,1.5344000171229943,0.0697200018621515,54.87999877333641,1.0,1.6326926389086882,1
12:05:06.438146,46,-0.206829971171273,1.285936875099973,1.511667224029306,0.0697200018621515,84.35999811440706,1.0,1.0360918782536035,1
12:05:06.438146,46,-0.1924666032419624,1.272560001214725,1.4723364388659024,0.0697200018621515,74.23999834060669,1.0,1.6895356497108331,1
12:05:06.438146,46,-0.2593000426180568,1.3425804663295378,1.5049399604816098,0.0697200018621515,81.2399981841445,1.0,1.128778157408713,1
12:05:06.438146,46,-0.2205044959837706,1.2838729909555986,1.5122202401190623,0.0697200018621515,92.63999792933464,1.0,0.5288278377117678,1
12:05:06.438146,46,-0.2480222515260217,1.284187332758733,1.5264717105242696,0.0697200018621515,95.879997856915,1.0,0.11733697385213197,1
12:05:06.438146,46,-0.3300493805187262,1.2811559686232323,1.5703629737975215,0.0697200018621515,40.23999910056591,1.0,3.7586236832313293,1
12:05:06.438146,46,-0.2735364810431819,1.3400070421448491,1.5056295074136798,0.0697200018621515,75.51999831199646,1.0,0.8486446150930592,1
12:05:06.438146,46,-0.2616395015513605,1.281725835051391,1.527131266847123,0.0697200018621515,89.51999799907207,1.0,0.21173425300892473,1
12:05:06.438146,46,-0.2877455660493718,1.3372962354897524,1.50635586586775,0.0697200018621515,67.87999848276377,1.0,0.7906448279712217,1
12:05:06.438146,46,-0.2752305878457461,1.2791329300782162,1.527826033640736,0.0697200018621515,79.63999821990728,1.0,0.5151026562432279,1
12:05:06.438146,46,-0.3019258767400302,1.334448317442642,1.5071189632085833,0.0697200018621515,59.75999866425991,1.0,0.9573819016279175,1
12:05:06.438146,46,-0.2887941513119354,1.2764088771275328,1.528555941429011,0.0697200018621515,68.51999846845865,1.0,1.0297881355225829,1
12:05:06.438146,46,-0.3160759950959684,1.331463572792936,1.507918723127085,0.0697200018621515,51.759998843073845,1.0,1.3514107856657716,1
12:05:06.438146,46,-0.3023288356049456,1.2735539486023544,1.5293209172217812,0.0697200018621515,57.759998708963394,1.0,1.7580920142444951,1
12:05:06.438146,46,-0.3165461044469909,1.2842788109676118,1.5695262107132557,0.0697200018621515,48.239998921751976,1.0,2.6232056734849354,1
12:05:06.497890,47,-0.1171946454587113,1.311026304537918,1.2448298783450729,-0.0697200018621515,18.759999580681324,1.0,3.766419066033499,1
12:05:06.497890,47,-0.1123099262987354,1.2563822098018238,1.2763056676002122,-0.0697200018621515,100.99999774247408,1.0,1.8134641497709008,1
12:05:06.497890,47,-0.1061964865197159,1.1730951746395648,1.2601005464983277,-0.0697200018621515,121.35999728739262,1.0,0.45883674223049076,1
12:05:06.497890,47,-0.1013676383727913,1.119753499732338,1.2937444289095288,-0.0697200018621515,93.87999790161848,1.0,0.7327064345169285,1
12:05:06.497890,47,-0.0952673701693113,1.0386676927022735,1.2851196224467791,-0.1391600037168245,45.99999897181988,1.0,2.7096700722784997,1
12:05:06.497890,47,-0.1085753567458962,1.0654211913324745,1.3276537507650772,-0.0697200018621515,52.11999883502722,1.0,1.8058750238744177,1
12:05:06.497890,47,-0.1263128560598349,1.2552297406825528,1.2766144707700229,-0.0697200018621515,127.11999715864658,1.0,1.2680039671269678,1
12:05:06.497890,47,-0.1208191045413308,1.200635770527372,1.3080768291841856,-0.0697200018621515,159.75999642908573,1.0,0.36383332206592933,1
12:05:06.497890,47,-0.1140062711896905,1.1187133149795914,1.2940231455740066,-0.0697200018621515,118.87999734282494,1.0,0.5499819366445096,1
12:05:06.497890,47,-0.1017860255210515,0.9857850847823152,1.3211266162183497,-0.1391600037168245,7.35999983549118,0.735999983549118,5.155166050518982,1
12:05:06.497890,47,-0.1464053891476364,1.308480038906377,1.2455121481647595,-0.0697200018621515,22.11999950557947,1.0,2.5927529189796865,1
12:05:06.497890,47,-0.131806607578339,1.3098237108377335,1.2451521123558602,-0.0697200018621515,20.63999953866005,1.0,3.0795967729836744,1
12:05:06.497890,47,-0.0833797990954732,1.039530499445988,1.2848884340765767,-0.1391600037168245,39.11999912559986,1.0,2.8324439855484385,1
12:05:06.497890,47,-0.0760612275686112,1.12146738806344,1.293285193915293,-0.0697200018621515,55.75999875366688,1.0,1.5623903680323916,1
12:05:06.497890,47,-0.0929451678462664,1.1740569629681934,1.259842836092382,-0.0697200018621515,91.23999796062708,1.0,0.9195895837504621,1
12:05:06.497890,47,-0.0971714668155521,1.22744237124119,1.2261872353611407,-0.0697200018621515,78.35999824851751,1.0,1.6596701601899373,1
12:05:06.497890,47,-0.0714838901115811,1.0402784398469145,1.2846880240501617,-0.1391600037168245,32.51999927312136,1.0,3.0942701146830975,1
12:05:06.497890,47,-0.0796845547339018,1.174890707434566,1.2596194349359235,-0.0697200018621515,69.35999844968319,1.0,1.5474200678835999,1
12:05:06.497890,47,-0.0833078818991925,1.2283140268056922,1.225953675956554,-0.0697200018621515,60.87999863922596,1.0,2.433627909458345,1
12:05:06.497890,47,-0.0555571070912314,1.2296554042809218,1.225594254945321,-0.0697200018621515,38.1199991479516,1.0,4.518551280343969,1
12:05:06.497890,47,-0.0595808327985672,1.04091143911164,1.284518412408369,-0.1391600037168245,26.87999939918518,1.0,3.4943725001187946,1
12:05:06.497890,47,-0.0625610523909036,1.092977590573729,1.2487301874853396,-0.1391600037168245,43.63999902456999,1.0,2.3321526285073486,1
12:05:06.497890,47,-0.0664159732328237,1.1755963246649352,1.2594303653688803,-0.0697200018621515,53.75999879837036,1.0,2.341333737721463,1
12:05:06.497890,47,-0.0694359662644384,1.2290517290754726,1.2257560092291118,-0.0697200018621515,47.8799989297986,1.0,3.386972296356031,1
12:05:06.497890,47,-0.0500563508281104,1.093521495385413,1.2485844486302893,-0.1391600037168245,34.639999225735664,1.0,3.0075318022317767,1
12:05:06.497890,47,-0.0524408842040306,1.1456135568300585,1.2127892811483585,-0.1391600037168245,42.51999904960394,1.0,2.8665921432132153,1
12:05:06.497890,47,-0.1403031546411534,1.253942073528566,1.2769595001440537,-0.0697200018621515,150.2399966418743,1.0,0.9081621437299199,1
12:05:06.497890,47,-0.0887188688769807,1.1206715546951966,1.2934984368236235,-0.0697200018621515,72.35999838262796,1.0,1.0704593504310147,1
12:05:06.497890,47,-0.1342009201346703,1.1994041081507547,1.3084068521233478,-0.0697200018621515,199.51999554038048,1.0,0.12171119228805675,1
12:05:06.497890,47,-0.2279452772957801,1.296966528950116,1.3829408158523575,-0.0697200018621515,60.35999865084887,1.0,3.3046215478300534,1
12:05:06.497890,47,-0.1206010658212155,1.064314345006809,1.3279503293441846,-0.0697200018621515,55.519998759031296,1.0,1.8672121552122496,1
12:05:06.497890,47,-0.1280986856281873,1.1448661427729436,1.3398542041026422,-0.0697200018621515,140.51999685913324,1.0,0.2334000646541024,1
12:05:06.497890,47,-0.221002648336515,1.1820755482573269,1.4371719111408794,-0.0697200018621515,41.23999907821417,1.0,2.9265529817250955,1
12:05:06.497890,47,-0.2319402786175627,1.2442368188571205,1.4229734585316227,-0.0697200018621515,60.23999865353108,1.0,3.08969949388305,1
12:05:06.497890,47,-0.2424868081808703,1.3008133672343405,1.396735551451914,-0.0697200018621515,47.51999893784523,1.0,4.18489862950529,1
12:05:06.497890,47,-0.1946868740056729,1.0811486455006896,1.373761204239948,-0.0697200018621515,24.879999443888664,1.0,4.13140221832843,1
12:05:06.497890,47,-0.2081171338693292,1.1841480548829406,1.436616584664238,-0.0697200018621515,52.63999882340431,1.0,2.111655320233621,1
12:05:06.497890,47,-0.2184170478411652,1.2464118957975996,1.4223906484219455,-0.0697200018621515,77.99999825656414,1.0,2.33255443322813,1
12:05:06.497890,47,-0.1826134218187654,1.082970881145298,1.373272937670556,-0.0697200018621515,30.23999932408333,1.0,3.2787326527460454,1
12:05:06.497890,47,-0.1940574569203985,1.1686111285716103,1.4003251184511742,-0.0697200018621515,67.99999848008156,1.0,1.4980144102457162,1
12:05:06.497890,47,-0.2045100611844066,1.2425980264882792,1.4092318870778309,-0.0697200018621515,102.8799977004528,1.0,1.6508190468962294,1
12:05:06.497890,47,-0.2138093145056961,1.299100057527376,1.3823691385930523,-0.0697200018621515,77.63999826461077,1.0,2.7576516674905642,1
12:05:06.497890,47,-0.1705217084426699,1.0846764070323631,1.3728159433864464,-0.0697200018621515,36.75999917834997,1.0,2.575258833687576,1
12:05:06.497890,47,-0.1808126939286435,1.1643567848530352,1.3880357222440245,-0.0697200018621515,88.3599980250001,1.0,0.9740389712416231,1
12:05:06.497890,47,-0.1898401797533648,1.2261789789440698,1.371249650854391,-0.0697200018621515,136.2399969547987,1.0,0.9473196377398142,1
12:05:06.497890,47,-0.2465936312044843,1.258723865294619,1.4617742148586743,-0.0697200018621515,47.51999893784523,1.0,4.229190882712084,1
12:05:06.497890,47,-0.156601028920676,1.0602976939070548,1.3290265877626417,-0.0697200018621515,43.75999902188778,1.0,2.917345511182555,1
12:05:06.497890,47,-0.1609895303006776,1.3069954231099163,1.2459099497684916,-0.0697200018621515,22.75999949127436,1.0,2.306939892735553,1
12:05:06.497890,47,-0.1557972441283948,1.2804167504827404,1.32835766422557,-0.0697200018621515,159.63999643176794,1.0,1.4621187448196677,1
12:05:06.497890,47,-0.14756931574843,1.1980432511010828,1.3087714926708216,-0.0697200018621515,221.9999950379133,1.0,0.05223897865289966,1
12:05:06.497890,47,-0.1996519709632913,1.301096938792473,1.3818340758706888,-0.0697200018621515,99.87999776750804,1.0,2.4061885150831004,1
12:05:06.497890,47,-0.1326147148909924,1.0630913965318212,1.3282780174004425,-0.0697200018621515,54.75999877601862,1.0,2.072490183467001,1
12:05:06.497890,47,-0.1698954332707718,1.27884376256698,1.328779145067302,-0.0697200018621515,149.23999666422606,1.0,1.3530830706558141,1
12:05:06.497890,47,-0.1408592084723063,1.1435671650966663,1.3402022641219866,-0.0697200018621515,148.11999668926,1.0,0.2589675018902664,1
12:05:06.497890,47,-0.1536056455135899,1.142144997240039,1.3405833328506715,-0.0697200018621515,136.3599969521165,1.0,0.44451893574633716,1
12:05:06.497890,47,-0.1446151026003849,1.0617524682013322,1.32863678216532,-0.0697200018621515,50.35999887436628,1.0,2.422339477423676,1
12:05:06.497890,47,-0.1839766330121602,1.2771346775226575,1.329237093024724,-0.0697200018621515,125.75999718904497,1.0,1.43506628924343,1
12:05:06.497890,47,-0.1759748987587518,1.221587991359131,1.3584107247016617,-0.0697200018621515,176.23999606072903,1.0,0.5463267884397661,1
12:05:06.497890,47,-0.1679731645053435,1.166041305195605,1.387584356378599,-0.0697200018621515,112.99999747425318,1.0,0.5629453230280553,1
12:05:06.497890,47,-0.1625061355885463,1.2232227428094682,1.3579726943707182,-0.0697200018621515,211.63999526947737,1.0,0.3774822541822695,1
12:05:06.552053,48,-0.196110078689405,1.2474422023936844,1.2787011353655515,0.0697200018621515,40.8799990862608,1.0,3.4257155020206524,1
12:05:06.552053,48,-0.1875806219404933,1.193186937273244,1.3100727380391832,0.0697200018621515,75.23999831825495,1.0,3.8604480401316095,1
12:05:06.552053,48,-0.1770031927985612,1.1116845118177006,1.2959065077049925,0.0697200018621515,101.87999772280456,1.0,0.9278612412607747,1
12:05:06.552053,48,-0.1685712952692755,1.0587272191251986,1.3294473952121733,0.0697200018621515,69.87999843806028,1.0,1.9808587921304674,1
12:05:06.552053,48,-0.2100162662553892,1.2454807464654407,1.2792267058975135,0.0697200018621515,49.11999890208244,1.0,2.401458154087245,1
12:05:06.552053,48,-0.1924600616706599,1.0552398078376486,1.3303818442503474,0.0697200018621515,101.99999772012234,1.0,1.9445351570225475,1
12:05:06.552053,48,-0.1895545089536744,1.1099141593495712,1.296380872219146,0.0697200018621515,153.1199965775013,1.0,1.7372370986848948,1
12:05:06.552053,48,-0.2239014523706997,1.243385067393735,1.279788241412372,0.0697200018621515,57.35999871790409,1.0,2.341606171220427,1
12:05:06.552053,48,-0.2141632595823574,1.1893062600960531,1.3111125623548974,0.0697200018621515,149.63999665528536,1.0,0.6104424287982666,1
12:05:06.552053,48,-0.2044250667940151,1.1352274527983717,1.3424368832974225,0.0697200018621515,211.99999526143077,1.0,2.2640779750533637,1
12:05:06.552053,48,-0.156601028920676,1.0602976939070548,1.3290265877626417,0.0697200018621515,51.759998843073845,1.0,3.078986355152461,1
12:05:06.552053,48,-0.2008819847765146,1.1913107913587266,1.3105754498218611,0.0697200018621515,107.8799975886941,1.0,1.7930021099727456,1
12:05:06.552053,48,-0.1644341764724615,1.113333541387973,1.2954646515633428,0.0697200018621515,68.51999846845865,1.0,0.9092881646402198,1
12:05:06.552053,48,-0.13086817334109,1.0353909945936952,1.2859976110588132,-0.0697200018621515,28.639999359846115,1.0,4.1104765464088056,1
12:05:06.552053,48,-0.1821842802798531,1.2492692390345168,1.2782115823730984,0.0697200018621515,33.519999250769615,1.0,5.412998063419242,1
12:05:06.552053,48,-0.1446151026003849,1.0617524682013322,1.32863678216532,0.0697200018621515,38.1199991479516,1.0,4.8955113158569805,1
12:05:06.552053,48,-0.1518487168664777,1.114861083158813,1.2950553479794416,0.0697200018621515,47.9999989271164,1.0,1.6802599098734226,1
12:05:06.552053,48,-0.1590823311325705,1.1679696981162937,1.2614739137935629,0.0697200018621515,38.87999913096428,1.0,2.0349804591801632,1
12:05:06.552053,48,-0.1663159453986633,1.2210783130737743,1.2278924796076844,0.0697200018621515,27.519999384880062,1.0,5.959672963777219,1
12:05:06.552053,48,-0.1392480725160262,1.1162669843773232,1.2946786378833035,0.0697200018621515,34.99999921768904,1.0,3.239221131108213,1
12:05:06.552053,48,-0.1458814301410601,1.1694425722228254,1.261079258366165,0.0697200018621515,29.23999934643507,1.0,2.5145911998350154,1
12:05:06.552053,48,-0.1190127445508918,1.0365978367841986,1.285674238668476,-0.0697200018621515,21.87999951094389,1.0,3.9346866458332155,1
12:05:06.552053,48,-0.1249657347389851,1.0884482228471486,1.2499438279099002,-0.0697200018621515,26.519999407231808,1.0,5.0929744805422,1
12:05:06.552053,48,-0.1326659411287551,1.1707878639023106,1.2607187885470623,0.0697200018621515,22.63999949395657,1.0,3.8547554502356416,1
12:05:06.552053,48,-0.1125048036508438,1.0895951270091313,1.2496365158659013,-0.0697200018621515,20.63999953866005,1.0,4.445740447410081,1
12:05:06.552053,48,-0.1828332535246186,1.0024569546579478,1.363875990830945,-0.0697200018621515,12.359999723732471,1.0,4.573856146458488,1
12:05:06.552053,48,-0.172267324024247,1.166369388868891,1.2619027153640443,0.0697200018621515,53.23999880999327,1.0,2.4178327222948273,1
12:05:06.552053,48,-0.2383848539645254,1.2482897177491057,1.2930426424730517,0.1391600037168245,63.75999857485294,1.0,2.071610522353774,1
12:05:06.552053,48,-0.1805247046295773,1.0570412009019263,1.329899162433523,0.0697200018621515,89.87999799102545,1.0,1.6023810860656067,1
12:05:06.552053,48,-0.2170819879549783,1.133191713128623,1.3429823580979316,0.0697200018621515,229.51999486982825,1.0,0.8709934740010579,1
12:05:06.552053,48,-0.3080026725790936,1.1407291230411782,1.394366735145547,0.0697200018621515,24.759999446570877,1.0,3.3681530977331917,1
12:05:06.552053,48,-0.323380407959671,1.2013716522677425,1.3778967540036882,-0.1391600037168245,29.519999340176582,1.0,3.5532263700692823,1
12:05:06.552053,48,-0.2954013911825608,1.143643365105806,1.3935858663377814,0.0697200018621515,31.87999928742647,1.0,2.8750009130158034,1
12:05:06.552053,48,-0.3101499788705243,1.2044313945091367,1.377076898541059,-0.1391600037168245,37.99999915063381,1.0,2.847698268150947,1
12:05:06.552053,48,-0.2666766344111278,1.0677753457264096,1.3773445691146056,0.0697200018621515,25.23999943584204,1.0,4.07555333557417,1
12:05:06.552053,48,-0.2827705698943973,1.14643574445946,1.3928376505450084,0.0697200018621515,42.51999904960394,1.0,3.208326063717534,1
12:05:06.552053,48,-0.2962409058355162,1.201048480921189,1.3639142699364388,-0.1391600037168245,50.75999886542559,1.0,1.9745575899963193,1
12:05:06.552053,48,-0.3097112417766351,1.2556612173829178,1.3349908893278697,0.1391600037168245,43.5199990272522,1.0,4.159681195813423,1
12:05:06.552053,48,-0.2547380310428619,1.070293606113499,1.3766698032775535,0.0697200018621515,32.99999926239252,1.0,2.7670789544967134,1
12:05:06.552053,48,-0.2701114717861498,1.149105981866544,1.3921221625881808,0.0697200018621515,58.87999868392944,1.0,4.368844688461742,1
12:05:06.552053,48,-0.2829787665257273,1.2038459203738372,1.3631646982942267,-0.1391600037168245,69.75999844074249,1.0,2.020383198299529,1
12:05:06.552053,48,-0.2958460612653047,1.2585858588811307,1.3342072340002726,0.1391600037168245,51.23999885469675,1.0,2.9844140448456384,1
12:05:06.552053,48,-0.2427739540849115,1.072696424459928,1.3760259700420694,0.0697200018621515,44.11999901384115,1.0,2.196982582065395,1
12:05:06.552053,48,-0.2785885703393745,1.0651418951225875,1.378050200077207,0.0697200018621515,19.879999555647373,1.0,6.121812296009902,1
12:05:06.552053,48,-0.2696883295763657,1.206515119664866,1.3624494884997578,0.0697200018621515,98.1199978068471,1.0,2.970972295722064,1
12:05:06.552053,48,-0.2549174515905427,1.1263524535995804,1.3448149321655656,0.0697200018621515,84.87999810278416,1.0,1.5568315709251306,1
12:05:06.552053,48,-0.2043761728668185,1.053323220070161,1.330895392394869,0.0697200018621515,96.87999783456326,1.0,3.0080319100487274,1
12:05:06.552053,48,-0.2406602347796899,1.1849128561504088,1.3122897713941564,0.0697200018621515,174.3599961027503,1.0,0.9038101024650689,1
12:05:06.552053,48,-0.2297172010990174,1.1310338208150292,1.3435605636007126,0.0697200018621515,184.1199958845973,1.0,0.28850925109274606,1
12:05:06.552053,48,-0.2162718466169171,1.0512916292566357,1.3314397555127035,0.0697200018621515,78.87999823689461,1.0,4.793310866046104,1
12:05:06.552053,48,-0.2274231182416681,1.1871735439366706,1.3116840219274888,0.0697200018621515,181.23999594897032,1.0,0.31380989739513016,1
12:05:06.552053,48,-0.2522599961102529,1.2459200653938212,1.2936775889079923,0.1391600037168245,66.51999851316214,1.0,2.7962808749607424,1
12:05:06.552053,48,-0.2680283366326906,1.264032648757383,1.332747771051589,0.1391600037168245,64.63999855518341,1.0,3.5903325097574244,1
12:05:06.552053,48,-0.2545359382792427,1.1893363353302766,1.3250394667898795,0.0697200018621515,136.99999693781135,1.0,0.8105199645540571,1
12:05:06.552053,48,-0.2423294427154039,1.1287539916450122,1.3441714419856996,0.0697200018621515,126.35999717563392,1.0,0.5170743645815739,1
12:05:06.552053,48,-0.2307855999349488,1.074983560485873,1.3754131337909374,0.0697200018621515,59.51999866962433,1.0,2.365579622182274,1
12:05:06.552053,48,-0.281951296395708,1.2613764290241778,1.3334595029840208,0.1391600037168245,58.87999868392944,1.0,2.7945086460399597,1
12:05:06.607122,49,-0.2727927529920908,1.1781120474563942,1.451769804259632,0.1391600037168245,73.75999835133553,1.0,1.8100057275408394,1
12:05:06.607122,49,-0.3142553818769288,1.304906292798491,1.440262217305638,0.0697200018621515,82.63999815285206,1.0,2.9843167743484322,1
12:05:06.607122,49,-0.3005874066981661,1.2481517299520029,1.4646070099860014,0.1391600037168245,97.23999782651664,1.0,1.304958786459349,1
12:05:06.607122,49,-0.2869194315194033,1.1913971671055157,1.4889518026663646,0.1391600037168245,78.9999982342124,1.0,1.415076695806737,1
12:05:06.607122,49,-0.3282925695828964,1.3018029987023072,1.4410937424525865,0.0697200018621515,98.35999780148268,1.0,1.8252429662542842,1
12:05:06.607122,49,-0.2997355745323642,1.188563817450224,1.489710996418375,0.1391600037168245,81.2399981841445,1.0,1.1177578342082295,1
12:05:06.607122,49,-0.3555139723502313,1.3368081064297492,1.376012523521243,0.0697200018621515,51.759998843073845,1.0,1.8781097465814214,1
12:05:06.607122,49,-0.2857877758704563,1.23423374732581,1.425653773470268,-0.0697200018621515,81.87999816983938,1.0,1.3020476820688638,1
12:05:06.607122,49,-0.3422969283069493,1.298564273211025,1.4419615563324817,0.0697200018621515,112.7599974796176,1.0,1.005230330916929,1
12:05:06.607122,49,-0.3403665312348807,1.3338194643884866,1.3613430266657955,0.0697200018621515,51.35999885201454,1.0,2.1732869254175347,1
12:05:06.607122,49,-0.2987827987488217,1.290355447195226,1.399537742680904,-0.0697200018621515,68.35999847203493,1.0,2.545674340195476,1
12:05:06.607122,49,-0.2723654104303296,1.2369294426180886,1.4249314640936617,-0.0697200018621515,68.11999847739935,1.0,2.2775676362467183,1
12:05:06.607122,49,-0.2847501064833262,1.2931737181361285,1.3987825892582368,-0.0697200018621515,56.35999874025583,1.0,3.9844574757256566,1
12:05:06.607122,49,-0.2349537576288142,1.1214623868643152,1.4651362336839688,0.1391600037168245,32.75999926775694,1.0,4.752051091686508,1
12:05:06.607122,49,-0.2467060907011926,1.1775576782594657,1.438382470758315,-0.0697200018621515,58.23999869823456,1.0,3.0244926530282763,1
12:05:06.607122,49,-0.258458423773571,1.2336529696546163,1.4116287078326617,-0.0697200018621515,56.519998736679554,1.0,3.0959506478090195,1
12:05:06.607122,49,-0.2245345751668089,1.1586479563246412,0.9483869829020446,0.0697200018621515,10.239999771118164,1.0,5.7872475632063,1
12:05:06.607122,49,-0.1707927808718198,1.15674931332739,0.8443628991483394,0.0697200018621515,6.359999857842922,0.6359999857842922,6.425172274439729,1
12:05:06.607122,49,-0.3278543496738065,1.247409467185999,1.479075504148111,0.1391600037168245,123.63999723643064,1.0,0.3049641367018651,1
12:05:06.607122,49,-0.259980714377333,1.1806851671000482,1.4510803389290865,0.1391600037168245,66.35999851673841,1.0,2.3587015833595824,1
12:05:06.607122,49,-0.3129465224869853,1.190688655683832,1.5027624016050714,0.1391600037168245,79.75999821722507,1.0,0.9682210413864376,1
12:05:06.607122,49,-0.3140140720576302,1.2451834080762654,1.4654023694354807,0.1391600037168245,112.2399974912405,1.0,0.5948866853174994,1
12:05:06.607122,49,-0.3567512943199811,1.3007518599718917,1.4562938512578705,0.0697200018621515,121.87999727576972,1.0,0.7783774502576576,1
12:05:06.607122,49,-0.3700235275269419,1.3333040002617764,1.376951445939144,0.0697200018621515,49.99999888241291,1.0,1.3871625860982881,1
12:05:06.607122,49,-0.4367747216714507,1.2515123494882603,1.578305957605473,0.1391600037168245,44.359999008476734,1.0,3.7579909485005967,1
12:05:06.607122,49,-0.4556069763004648,1.294163059095122,1.5179133656496804,0.1391600037168245,43.35999903082848,1.0,4.4744705342718785,1
12:05:06.607122,49,-0.4226191709367435,1.242021591992389,1.5377699867108716,0.1391600037168245,53.75999879837036,1.0,3.5476611570499927,1
12:05:06.607122,49,-0.4094049137064094,1.2460399931465589,1.5366932593667475,0.1391600037168245,65.35999853909016,1.0,2.231456471248217,1
12:05:06.607122,49,-0.4276132604425457,1.2976787058035,1.5019837960496014,0.1391600037168245,65.87999852746725,1.0,2.2204759022176916,1
12:05:06.607122,49,-0.3961497163277043,1.2499305555891882,1.535650786302142,0.1391600037168245,79.23999822884798,1.0,1.2496508384688327,1
12:05:06.607122,49,-0.4137685361142436,1.301742301611344,1.500894958834523,0.1391600037168245,80.87999819219112,1.0,1.4382805149251743,1
12:05:06.607122,49,-0.4296869156225325,1.3360375560135596,1.4227831670689337,0.1391600037168245,32.51999927312136,1.0,2.731265130456973,1
12:05:06.607122,49,-0.3654461532685991,1.1966863659614653,1.55580288097338,0.1391600037168245,52.11999883502722,1.0,1.7786483293544508,1
12:05:06.607122,49,-0.3824902647227568,1.2488841022428834,1.5215954845936968,0.1391600037168245,94.99999787658452,1.0,0.7344513927968104,1
12:05:06.607122,49,-0.3998824352789857,1.3056719667050416,1.499842008246142,0.1391600037168245,97.35999782383442,1.0,1.0146740249306234,1
12:05:06.607122,49,-0.4418360383427456,1.2984974120452424,1.516751979276984,0.1391600037168245,53.35999880731106,1.0,3.0902154161522835,1
12:05:06.607122,49,-0.352383386014881,1.195561436037928,1.5424204638666204,0.1391600037168245,59.99999865889549,1.0,1.3586607307015925,1
12:05:06.607122,49,-0.4152665928644047,1.3401184020087569,1.421689707680085,0.1391600037168245,37.239999167621136,1.0,2.1330691323172695,1
12:05:06.607122,49,-0.3257187767119511,1.187604113513962,1.5035889021885076,0.1391600037168245,74.87999832630157,1.0,1.1490604739071921,1
12:05:06.607122,49,-0.341235035515966,1.2441779867429266,1.479941376723189,0.1391600037168245,127.63999714702368,1.0,0.11061659941025637,1
12:05:06.607122,49,-0.3707047369487889,1.2972384879318115,1.45723525645872,0.1391600037168245,121.75999727845192,1.0,0.5198709785249501,1
12:05:06.607122,49,-0.3844960806609058,1.3296599200958923,1.3779278742767471,0.1391600037168245,46.51999896019697,1.0,1.2671298868457466,1
12:05:06.607122,49,-0.3396334398198596,1.1989036484365412,1.5415249207534787,0.1391600037168245,67.87999848276377,1.0,0.8943238778784051,1
12:05:06.607122,49,-0.4008047437949012,1.3440597566662045,1.4206336248825373,0.0697200018621515,41.999999061226845,1.0,1.9170623369211546,1
12:05:06.607122,49,-0.3846211094144788,1.293590513902187,1.4582127281539674,0.1391600037168245,112.35999748855828,1.0,0.6104539591765517,1
12:05:06.607122,49,-0.3691698662750513,1.2525143720796517,1.5206227567226276,0.1391600037168245,110.5199975296855,1.0,0.3009461725892858,1
12:05:06.607122,49,-0.3558125511500092,1.2560157973829624,1.5196845526402476,0.1391600037168245,122.6399972587824,1.0,0.1939320240515805,1
12:05:06.666290,50,-0.2162718466169171,1.0512916292566357,1.3314397555127035,0.0697200018621515,46.11999896913767,1.0,3.7513796368926293,1
12:05:06.666290,50,-0.2796857492453897,1.3190094856381835,1.303726830029765,0.0697200018621515,45.639998979866505,1.0,3.0157709277169706,1
12:05:06.666290,50,-0.2680283366326906,1.264032648757383,1.332747771051589,0.0697200018621515,101.11999773979188,1.0,1.5524763226461256,1
12:05:06.666290,50,-0.2563709240199915,1.2090558118765822,1.3617687120734123,0.2088800055789761,106.75999761372805,1.0,0.9498448887159544,1
12:05:06.666290,50,-0.2423294427154039,1.1287539916450122,1.3441714419856996,0.0697200018621515,107.8799975886941,1.0,1.2194256085256692,1
12:05:06.666290,50,-0.2281458933635466,1.049145238554452,1.332014879167995,0.0697200018621515,53.51999880373478,1.0,3.7210306032995493,1
12:05:06.666290,50,-0.2942142632150503,1.3162377383834896,1.3044695174682837,0.1391600037168245,50.1199988797307,1.0,2.263498347666475,1
12:05:06.666290,50,-0.2825676862700674,1.2679907676153988,1.3463960072663206,0.0697200018621515,128.75999712198973,1.0,1.1914069781348853,1
12:05:06.666290,50,-0.2549174515905427,1.1263524535995804,1.3448149321655656,0.0697200018621515,127.99999713897704,1.0,1.058681938621707,1
12:05:06.666290,50,-0.2518243585489133,1.0445089274916255,1.3332571749731392,0.0697200018621515,60.35999865084887,1.0,4.115006457033833,1
12:05:06.666290,50,-0.3087133560048822,1.3133257973884245,1.3052497697063186,0.1391600037168245,53.35999880731106,1.0,1.7269598443102614,1
12:05:06.666290,50,-0.2964928272807982,1.2651940968471664,1.3471453729401643,0.0697200018621515,163.11999635398388,1.0,0.7067371344565775,1
12:05:06.666290,50,-0.2829787665257273,1.2038459203738372,1.3631646982942267,0.0697200018621515,161.51999638974667,1.0,0.1448778811111085,1
12:05:06.666290,50,-0.2701114717861498,1.149105981866544,1.3921221625881808,0.1391600037168245,149.23999666422606,1.0,0.6191582653679322,1
12:05:06.666290,50,-0.2270897147849835,1.1038769954491885,1.2979985254108282,0.0697200018621515,90.11999798566104,1.0,1.925377967221789,1
12:05:06.666290,50,-0.2696883295763657,1.206515119664866,1.3624494884997578,0.2088800055789761,131.6399970576167,1.0,0.4548967903084886,1
12:05:06.666290,50,-0.2406602347796899,1.1849128561504088,1.3122897713941564,0.0697200018621515,86.75999806076288,1.0,0.9504167910289549,1
12:05:06.666290,50,-0.2008819847765146,1.1913107913587266,1.3105754498218611,0.0697200018621515,48.51999891549349,1.0,3.3358621870145377,1
12:05:06.666290,50,-0.2625463021410348,1.2926709268211685,1.2497481869810445,0.0697200018621515,40.51999909430742,1.0,2.241312561304822,1
12:05:06.666290,50,-0.2547380310428619,1.070293606113499,1.3766698032775535,0.1391600037168245,65.87999852746725,1.0,2.748011397758777,1
12:05:06.666290,50,-0.1966646162328215,1.162716563624695,0.9472968028616756,0.0697200018621515,6.8799998462200165,0.6879999846220016,3.5705053730148553,1
12:05:06.666290,50,-0.2191505477342638,1.299650701572155,1.247877961973166,0.0697200018621515,26.87999939918518,1.0,5.526054785765175,1
12:05:06.666290,50,-0.2100162662553892,1.2454807464654407,1.2792267058975135,0.0697200018621515,42.11999905854464,1.0,4.002559247152584,1
12:05:06.666290,50,-0.1895545089536744,1.1099141593495712,1.296380872219146,0.0697200018621515,52.3599988296628,1.0,3.229402330558699,1
12:05:06.666290,50,-0.233639645159042,1.297463874691417,1.2484639204698469,0.0697200018621515,30.879999309778214,1.0,4.222913933966974,1
12:05:06.666290,50,-0.2244858735331205,1.2505252302780556,1.2924436386962497,0.0697200018621515,51.51999884843826,1.0,3.243675938505805,1
12:05:06.666290,50,-0.2141632595823574,1.1893062600960531,1.3111125623548974,0.0697200018621515,58.35999869555235,1.0,2.36208009571347,1
12:05:06.666290,50,-0.2020868698167012,1.108022661017349,1.29688769766975,0.0697200018621515,62.639998599886894,1.0,2.6325212050082847,1
12:05:06.666290,50,-0.2481053788150477,1.2951372055527666,1.2490873495866024,0.0697200018621515,35.35999920964241,1.0,3.1275314831328176,1
12:05:06.666290,50,-0.2401034042438792,1.2689409879767664,1.331432585521577,0.0697200018621515,63.75999857485294,1.0,3.38632972607379,1
12:05:06.666290,50,-0.2274231182416681,1.1871735439366706,1.3116840219274888,0.0697200018621515,70.87999841570854,1.0,1.5665422490557661,1
12:05:06.666290,50,-0.2145990221620548,1.1060102059692816,1.2974269333746835,0.0697200018621515,74.99999832361937,1.0,2.197508822344999,1
12:05:06.666290,50,-0.2134235370119003,1.0237466307655727,1.2891177089429329,0.0697200018621515,39.23999912291765,1.0,5.129383584685091,1
12:05:06.666290,50,-0.2540785742605643,1.2665542524609985,1.332072109375574,0.0697200018621515,79.87999821454287,1.0,2.3705586207647062,1
12:05:06.666290,50,-0.3231815777177541,1.3102739538446473,1.3060675087192997,0.1391600037168245,54.35999878495932,1.0,1.4073380318838338,1
12:05:06.666290,50,-0.3541003064845183,1.235502448212553,1.4679963748129206,0.1391600037168245,260.8799941688776,1.0,0.6236370245446101,1
12:05:06.666290,50,-0.2968885350433345,1.207363189765981,1.3762913263696144,0.0697200018621515,194.99999564141035,1.0,0.04028921989235552,1
12:05:06.666290,50,-0.3982254587334504,1.319549060372208,1.365166769897623,0.1391600037168245,36.63999918103218,1.0,2.914430054141462,1
12:05:06.666290,50,-0.3840990436004843,1.2880388145844004,1.4447818444714529,0.1391600037168245,196.6399956047535,1.0,1.6960225413181955,1
12:05:06.666290,50,-0.3678927029022107,1.2373281105985507,1.4817767955043275,0.1391600037168245,240.63999462127688,1.0,0.9712055276385858,1
12:05:06.666290,50,-0.3511642963899427,1.1810657072949142,1.505340862854688,0.1391600037168245,158.99999644607306,1.0,1.0493702586419789,1
12:05:06.666290,50,-0.3979581170827417,1.2842617371474363,1.4457939093204373,0.1391600037168245,161.75999638438225,1.0,2.2071778917015816,1
12:05:06.666290,50,-0.381167018701891,1.2337103998791226,1.482746158170048,0.1391600037168245,212.3599952533841,1.0,1.4695618546199682,1
12:05:06.666290,50,-0.3650980941665279,1.192096237780725,1.5433489609412516,0.1391600037168245,140.23999686539173,1.0,1.3204650290419182,1
12:05:06.666290,50,-0.3198263004882118,1.1026990514512194,1.470163854255222,0.1391600037168245,51.63999884575605,1.0,2.4785192707167742,1
12:05:06.666290,50,-0.4123370812003009,1.285892232475297,1.4602754764454102,0.1391600037168245,131.7599970549345,1.0,2.8789582843079784,1
12:05:06.666290,50,-0.3777762928146377,1.1885084001818544,1.544310319128443,0.1391600037168245,121.75999727845192,1.0,1.8864493902899102,1
12:05:06.666290,50,-0.4261339089464752,1.2818426948997246,1.4613605467685042,0.1391600037168245,107.359997600317,1.0,3.750473906084279,1
12:05:06.666290,50,-0.4094049137064094,1.2460399931465589,1.5366932593667475,0.1391600037168245,154.75999654084444,1.0,2.6002336693560797,1
12:05:06.666290,50,-0.3907889102614558,1.189381452839931,1.5577602265450747,0.1391600037168245,104.99999765306713,1.0,2.494037732123541,1
12:05:06.666290,50,-0.43988812365877,1.2776600949010115,1.4624812710604218,0.1391600037168245,88.2399980276823,1.0,4.834353299034305,1
12:05:06.666290,50,-0.4226191709367435,1.242021591992389,1.5377699867108716,0.1391600037168245,130.63999707996845,1.0,3.4592469030927626,1
12:05:06.666290,50,-0.3122330649645062,1.2813086653115071,1.3871363277695197,0.1391600037168245,202.11999548226595,1.0,1.0183094463690525,1
12:05:06.666290,50,-0.3957724144644406,1.2451253508965991,1.522602638981483,0.1391600037168245,182.3599959239364,1.0,1.9524919320510348,1
12:05:06.666290,50,-0.3379990524333711,1.1793230593919608,1.492187050077538,0.1391600037168245,175.75999607145786,1.0,0.7288682925417937,1
12:05:06.666290,50,-0.4367747216714507,1.2515123494882603,1.578305957605473,0.1391600037168245,110.63999752700327,1.0,4.123071649025648,1
12:05:06.666290,50,-0.2827705698943973,1.14643574445946,1.3928376505450084,0.1391600037168245,168.99999622255564,1.0,0.5812861209205584,1
12:05:06.666290,50,-0.2666766344111278,1.0677753457264096,1.3773445691146056,0.1391600037168245,68.51999846845865,1.0,2.9824702960529095,1
12:05:06.666290,50,-0.3383555664529264,1.313964515577006,1.320427170047489,0.1391600037168245,53.23999880999327,1.0,1.4805177930521363,1
12:05:06.666290,50,-0.3261799196364582,1.278225341737698,1.3879625018311257,0.1391600037168245,238.11999467760324,1.0,0.744543723700276,1
12:05:06.666290,50,-0.3119933080380357,1.2226312190869093,1.4145819769964558,0.1391600037168245,228.23999489843845,1.0,0.13065667492286157,1
12:05:06.666290,50,-0.2960471850793233,1.149664833975202,1.405401762787844,0.1391600037168245,183.8799958899617,1.0,0.5829193508493495,1
12:05:06.666290,50,-0.3684701319941497,1.2742391688958496,1.403856086436217,0.2088800055789761,231.35999482870105,1.0,1.168947586245585,1
12:05:06.666290,50,-0.352789194161611,1.3106265149649887,1.3213215846158135,0.1391600037168245,50.1199988797307,1.0,1.528330941855168,1
12:05:06.666290,50,-0.3400941565897205,1.275007458305815,1.3888247310980362,0.1391600037168245,259.11999420821667,1.0,0.6759816483775525,1
12:05:06.666290,50,-0.281329361062209,1.0891636491630892,1.422473604205705,0.1391600037168245,67.75999848544598,1.0,2.176358231942112,1
12:05:06.666290,50,-0.3105105837455742,1.1640991251611112,1.4419886791923109,0.1391600037168245,190.35999574512243,1.0,0.4768294662886215,1
12:05:06.666290,50,-0.2933303554707315,1.0863882327889811,1.423217274781807,0.1391600037168245,63.999998569488525,1.0,2.5337357532533824,1
12:05:06.666290,50,-0.3693698664917288,1.3269637088508064,1.3631800208256222,0.1391600037168245,45.87999897450209,1.0,2.1222782789154673,1
12:05:06.666290,50,-0.354600800597071,1.2777313623595972,1.4029203560177923,0.1391600037168245,255.8799942806363,1.0,0.887566285501895,1
12:05:06.666290,50,-0.3391780736672001,1.2221587244574177,1.4288892660964412,0.1391600037168245,266.5199940428138,1.0,0.3333498958693481,1
12:05:06.666290,50,-0.3237553467373292,1.1665860865552382,1.4548581761750896,0.1391600037168245,187.23999581485987,1.0,0.6380236791399488,1
12:05:06.666290,50,-0.3077879381738327,1.1057302206536046,1.4693516549153207,0.1391600037168245,58.23999869823456,1.0,1.9900918091949096,1
12:05:06.666290,50,-0.3838168532944733,1.3233260660950774,1.3641547242643728,0.1391600037168245,41.11999908089638,1.0,2.406264271025841,1
12:05:06.666290,50,-0.3253023701676473,1.219553291733463,1.4154067051451733,0.1391600037168245,254.51999431103468,1.0,0.1477223156273641,1
12:05:06.720311,51,-0.4085280962145933,1.324602093306282,1.2401941768567657,0.1391600037168245,8.639999806880951,0.8639999806880951,1.0879077790050595,1
12:05:06.720311,51,-0.3815491738845871,1.3035331147259848,1.3232222554814457,0.1391600037168245,111.99999749660492,1.0,0.8970287946082384,1
12:05:06.720311,51,-0.3684701319941497,1.2742391688958496,1.403856086436217,0.1391600037168245,231.8799948170781,1.0,0.7470376709992794,1
12:05:06.720311,51,-0.3541003064845183,1.235502448212553,1.4679963748129206,0.1391600037168245,94.87999787926674,1.0,0.9348129831843437,1
12:05:06.720311,51,-0.3364182346606376,1.163397666495764,1.455712510755157,0.2088800055789761,50.87999886274338,1.0,2.50767021742818,1
12:05:06.720311,51,-0.4232686195231955,1.320584790268727,1.2412706099614297,0.1391600037168245,10.239999771118164,1.0,0.9665427080875205,1
12:05:06.720311,51,-0.3958726499250017,1.2997784244330792,1.3242283217132584,0.2088800055789761,150.51999663561585,1.0,0.611658183625843,1
12:05:06.720311,51,-0.3633411655194157,1.1725484074247954,1.494002312601142,0.2088800055789761,80.11999820917845,1.0,1.5876108062473735,1
12:05:06.720311,51,-0.3673933434060675,1.2320178725025963,1.4689300640603686,0.1391600037168245,145.5199967473745,1.0,0.6108466342332151,1
12:05:06.720311,51,-0.3506876432116508,1.1759969304207922,1.4930782836492844,0.2088800055789761,63.999998569488525,1.0,1.7626962041570333,1
12:05:06.720311,51,-0.4411241813248981,1.3385813580707502,1.2841926206398986,0.1391600037168245,11.879999734461308,1.0,1.7086719256489544,1
12:05:06.720311,51,-0.4125942419601878,1.3156330693796054,1.3662160565216588,0.1391600037168245,182.99999590963125,1.0,1.0694585423817076,1
12:05:06.720311,51,-0.3960968714379423,1.2668537727339837,1.4058349973735729,0.1391600037168245,512.8799885362387,1.0,0.20945710427969944,1
12:05:06.720311,51,-0.3806496413010787,1.2284050722861155,1.4698981109607896,0.1391600037168245,234.3599947616458,1.0,0.384586305418682,1
12:05:06.720311,51,-0.3823026166867336,1.2706131848221889,1.4048276659405226,0.1391600037168245,353.8799920901656,1.0,0.4264562824803425,1
12:05:06.720311,51,-0.3376174815436158,1.3070825129339565,1.306922652734011,0.1391600037168245,44.75999899953604,1.0,2.1475848169747227,1
12:05:06.720311,51,-0.3407718598289861,1.2388584509613343,1.467097136586588,0.1391600037168245,65.23999854177237,1.0,1.356090922531432,1
12:05:06.720311,51,-0.2825676862700674,1.2679907676153988,1.3463960072663206,0.1391600037168245,36.75999917834997,1.0,4.005798730906699,1
12:05:06.720311,51,-0.3087133560048822,1.3133257973884245,1.3052497697063186,0.1391600037168245,27.519999384880062,1.0,3.646248584290972,1
12:05:06.720311,51,-0.2964928272807982,1.2651940968471664,1.3471453729401643,0.1391600037168245,46.23999896645546,1.0,3.157146866673258,1
12:05:06.720311,51,-0.3231815777177541,1.3102739538446473,1.3060675087192997,0.1391600037168245,34.639999225735664,1.0,2.8432954156973413,1
12:05:06.720311,51,-0.3231834202533067,1.161038592702905,1.442808746392896,0.2088800055789761,40.639999091625214,1.0,3.0176321468721414,1
12:05:06.720311,51,-0.3103883192572029,1.2622630616227015,1.347930741461547,0.1391600037168245,59.63999866694212,1.0,2.4096833913020648,1
12:05:06.720311,51,-0.3261799196364582,1.278225341737698,1.3879625018311257,0.1391600037168245,79.11999823153019,1.0,2.136123680872022,1
12:05:06.720311,51,-0.3125454317687793,1.2284540998189473,1.4272024253522684,0.1391600037168245,35.35999920964241,1.0,2.2986883968945278,1
12:05:06.720311,51,-0.3520196239041795,1.3037517937977692,1.3078151162367673,0.1391600037168245,59.51999866962433,1.0,1.559628508760576,1
12:05:06.720311,51,-0.3400941565897205,1.275007458305815,1.3888247310980362,0.1391600037168245,108.63999757170676,1.0,1.5285459641453052,1
12:05:06.720311,51,-0.3274093362729699,1.242085545151477,1.46623243930444,0.1391600037168245,47.11999894678593,1.0,1.8742709552501355,1
12:05:06.720311,51,-0.3671875432464463,1.3071492654406351,1.3222533108177457,0.1391600037168245,81.1199981868267,1.0,1.2915342589221523,1
12:05:06.720311,51,-0.3539743844122548,1.2716553368015062,1.3897229293480469,0.1391600037168245,155.51999652385712,1.0,1.023336629055702,1
12:05:06.720311,51,-0.2991815627724292,1.231408538886604,1.4264107857900028,0.1391600037168245,27.359999388456345,1.0,2.952382520629523,1
12:05:06.720311,51,-0.4558842274665046,1.3342491041231574,1.2853534445865626,0.1391600037168245,13.23999970406294,1.0,1.742434996018386,1
12:05:06.720311,51,-0.3890660461431545,1.1703397889999032,1.5082148639999184,0.2088800055789761,112.11999749392272,1.0,1.3440558505106566,1
12:05:06.720311,51,-0.4098515168338575,1.262961308569293,1.4068779800030686,0.1391600037168245,602.239986538887,1.0,0.09644791434503797,1
12:05:06.720311,51,-0.4280986936103618,1.1729380151802635,1.5484823912154608,0.2088800055789761,97.23999782651664,1.0,1.3674384612748824,1
12:05:06.720311,51,-0.5152563553159556,1.3086469856684677,1.4301224482731292,0.2783200074336491,55.75999875366688,1.0,3.0548313655931567,1
12:05:06.720311,51,-0.4944514107744571,1.2596076345090226,1.4673184132438502,0.2088800055789761,122.87999725341795,1.0,1.6403281154514053,1
12:05:06.720311,51,-0.4729461319493002,1.204823255700224,1.4904864451244253,0.2783200074336491,109.51999755203724,1.0,1.4511047623827045,1
12:05:06.720311,51,-0.4405754050498096,1.1687426065796216,1.5496065475619214,0.2088800055789761,79.99999821186066,1.0,1.6794269189468247,1
12:05:06.720311,51,-0.5293458679883607,1.3036019024103611,1.4314742742578863,0.2783200074336491,44.359999008476734,1.0,3.6000137522009537,1
12:05:06.720311,51,-0.5079720191980512,1.2547662608729504,1.468615655399893,0.2088800055789761,92.11999794095756,1.0,2.175922523728968,1
12:05:06.720311,51,-0.4858786857173727,1.2001924489422549,1.491727266055528,0.2783200074336491,76.87999828159809,1.0,1.998406497944073,1
12:05:06.720311,51,-0.5232520499721561,1.2655192860641822,1.5106008865978051,0.2088800055789761,71.63999839872122,1.0,2.975730012086112,1
12:05:06.720311,51,-0.500494138910964,1.2104777905554598,1.5318864247946,0.2783200074336491,56.63999873399735,1.0,2.3356854904947917,1
12:05:06.720311,51,-0.4781916683057725,1.1599914741906197,1.5656352475897255,0.2088800055789761,51.11999885737896,1.0,2.985468302143326,1
12:05:06.720311,51,-0.5133727837474067,1.205581148634412,1.533198476042969,0.2783200074336491,43.5199990272522,1.0,3.0218938483573488,1
12:05:06.720311,51,-0.4904964291032843,1.1553130310535695,1.5668888326501331,0.2088800055789761,40.99999908357859,1.0,3.655634899505939,1
12:05:06.720311,51,-0.5027521406688241,1.150515968957871,1.568174201564717,0.2088800055789761,33.359999254345894,1.0,4.420478175459612,1
12:05:06.720311,51,-0.4269217661084011,1.3115784847130885,1.3673024792086956,0.1391600037168245,187.11999581754208,1.0,0.9326755549631559,1
12:05:06.720311,51,-0.4469404397361982,1.2137089736626543,1.4881055241722212,0.2783200074336491,164.75999631732702,1.0,0.656793423652567,1
12:05:06.720311,51,-0.4672632167407378,1.2688973939244537,1.464829229710606,0.2088800055789761,170.35999619215727,1.0,0.8867078300207575,1
12:05:06.720311,51,-0.4534399256597526,1.1689906441357785,1.56322392727037,0.2088800055789761,64.11999856680632,1.0,1.9283324980438699,1
12:05:06.720311,51,-0.514453840966254,1.3155011127328031,1.2903769537393135,0.1391600037168245,12.879999712109566,1.0,3.0494202893329234,1
12:05:06.720311,51,-0.3938678745508683,1.2246644088401062,1.4709004187103043,0.1391600037168245,370.7599917128682,1.0,0.2564111749465211,1
12:05:06.720311,51,-0.4987716067272166,1.2955148653898956,1.3870770141107354,0.2088800055789761,71.63999839872122,1.0,2.0433777307746137,1
12:05:06.720311,51,-0.3759583540150362,1.1689778352533795,1.4949590445309895,0.2088800055789761,97.63999781757592,1.0,1.505160331237997,1
12:05:06.720311,51,-0.4705986855673044,1.3297744980681534,1.2865524116654483,0.1391600037168245,14.119999684393406,1.0,1.892990534501413,1
12:05:06.720311,51,-0.4412065984376788,1.307385711827727,1.3684259293173753,0.2088800055789761,160.99999640136957,1.0,0.9061030299781114,1
12:05:06.720311,51,-0.4075999775448148,1.226091241949814,1.4847877053842111,0.1391600037168245,469.5199895054102,1.0,0.21175411809683245,1
12:05:06.720311,51,-0.4852660841938156,1.3251579873625938,1.287789401980853,0.1391600037168245,14.119999684393406,1.0,2.1607490416464277,1
12:05:06.720311,51,-0.4704735881628898,1.304877366923595,1.3845683393856456,0.2088800055789761,124.99999720603228,1.0,1.3668935110556066,1
12:05:06.720311,51,-0.4255554956961379,1.2763069414947856,1.4479253903915197,0.2088800055789761,517.3599884361029,1.0,0.38866470449039087,1
12:05:06.720311,51,-0.4207559773143195,1.2220905566493434,1.4858596857796438,0.1391600037168245,395.5199911594391,1.0,0.26098645018718963,1
12:05:06.720311,51,-0.401623830969869,1.1665210183976749,1.5092381004988655,0.2088800055789761,117.87999736517668,1.0,1.429824733085824,1
12:05:06.720311,51,-0.4998849566184637,1.3204000336536823,1.28906429183478,0.1391600037168245,13.519999697804453,1.0,2.5461017243067734,1
12:05:06.720311,51,-0.4846468295835136,1.3002644511920876,1.385804366430656,0.2088800055789761,94.23999789357184,1.0,1.6493123216834285,1
12:05:06.720311,51,-0.4529826577928622,1.2678206318872496,1.450199290197579,0.2088800055789761,246.1199944987893,1.0,0.5549403893211377,1
12:05:06.720311,51,-0.4392910411125364,1.2721300187519995,1.4490445934672964,0.2088800055789761,364.6399918496609,1.0,0.4194107791536198,1
12:05:06.720311,51,-0.4338699018386025,1.2179629963027647,1.4869656622412202,0.2783200074336491,259.35999420285225,1.0,0.40922644954209153,1
12:05:06.720311,51,-0.4155791726602144,1.1770127002454482,1.5473905826428336,0.2088800055789761,111.75999750196934,1.0,1.1490995626036244,1
12:05:06.778391,52,-0.3456166917686628,1.131258195553877,1.3969044625173432,0.2783200074336491,128.9999971166253,1.0,2.1223842197106104,1
12:05:06.778391,52,-0.3528714390544575,1.070780406313752,1.4273993792814497,0.2783200074336491,54.87999877333641,1.0,3.727039451600102,1
12:05:06.778391,52,-0.3610029685421018,1.1511247498311503,1.445465152584272,0.2783200074336491,163.87999633699656,1.0,1.5274524478726492,1
12:05:06.778391,52,-0.3782000596814638,1.205960856347302,1.4190487872300674,0.2783200074336491,169.9999962002039,1.0,1.1110965804682622,1
12:05:06.778391,52,-0.4297913330995498,1.370469175895757,1.3397996911674543,0.2783200074336491,8.999999798834324,0.8999999798834324,5.813817498782669,1
12:05:06.778391,52,-0.4133243956727368,1.3219533093510882,1.3799928544021984,0.2783200074336491,32.75999926775694,1.0,3.630072212940478,1
12:05:06.778391,52,-0.3291525563859718,1.0773684716835832,1.4256341124859202,0.2783200074336491,49.11999890208244,1.0,3.8728512198453324,1
12:05:06.778391,52,-0.4296869156225325,1.3360375560135596,1.4227831670689337,0.2783200074336491,41.999999061226845,1.0,4.060366843276099,1
12:05:06.778391,52,-0.3953971508208258,1.2607969628634537,1.3926324218758632,0.2783200074336491,94.99999787658452,1.0,1.6867054664851346,1
12:05:06.778391,52,-0.4098515168338575,1.262961308569293,1.4068779800030686,0.2783200074336491,127.51999714970589,1.0,1.3646369516325483,1
12:05:06.778391,52,-0.4583972184206801,1.3274590362428464,1.425081774513751,0.2088800055789761,69.11999845504761,1.0,2.78496789362284,1
12:05:06.778391,52,-0.3742000010150623,1.153100826854309,1.4584715406216775,0.2783200074336491,207.63999535888436,1.0,1.2222649360486004,1
12:05:06.778391,52,-0.3557446940652871,1.0929100454166063,1.4727868105169,0.2783200074336491,58.75999868661165,1.0,2.8145493913414352,1
12:05:06.778391,52,-0.4440642700490901,1.3318176267617927,1.4239138937040612,0.2088800055789761,54.35999878495932,1.0,3.3676981520194533,1
12:05:06.778391,52,-0.4255554956961379,1.2763069414947856,1.4479253903915197,0.2783200074336491,176.35999605804682,1.0,1.530249678830148,1
12:05:06.778391,52,-0.4070467213431857,1.2207962562277783,1.4719368870789782,0.2783200074336491,306.8799931406975,1.0,0.7078301891516781,1
12:05:06.778391,52,-0.3867207593751747,1.1494258312403356,1.4594562527286297,0.2783200074336491,256.87999425828457,1.0,1.0445201926442875,1
12:05:06.778391,52,-0.4392910411125364,1.2721300187519995,1.4490445934672964,0.2783200074336491,248.51999444514516,1.0,1.0996715994916393,1
12:05:06.778391,52,-0.4201848638043928,1.2168010012611523,1.473007412420842,0.2783200074336491,413.5199907571077,1.0,0.418281878994898,1
12:05:06.778391,52,-0.362872392781336,1.1914278671409644,1.3805611831981168,0.2783200074336491,130.63999707996845,1.0,1.357509275011013,1
12:05:06.778391,52,-0.3920257589244599,1.2080310677118011,1.432674760312373,0.2783200074336491,226.51999493688345,1.0,0.7972033581581417,1
12:05:06.778391,52,-0.3816272641602111,1.2645497338031522,1.391626869933192,0.2783200074336491,72.99999836832285,1.0,2.3062770895872693,1
12:05:06.778391,52,-0.4468643305893214,1.2804168300237575,0.016858096416181,-0.0697200018621515,22.75999949127436,1.0,7.560911289311761,1
12:05:06.778391,52,-0.3259458584802367,1.0534616296198762,1.3811799177860395,0.2783200074336491,42.63999904692173,1.0,4.977182838107439,1
12:05:06.778391,52,-0.4226167653475223,1.3226384970043403,-0.0376324781351051,-0.0697200018621515,26.6399994045496,1.0,7.751574114079941,1
12:05:06.778391,52,-0.4010786864962491,1.1614719837703062,1.4969702313743871,0.2783200074336491,300.63999328017235,1.0,0.7407987321326158,1
12:05:06.778391,52,-0.3015134349942507,1.0885546557871622,1.3021041339494237,0.1391600037168245,55.11999876797199,1.0,4.412532130554893,1
12:05:06.778391,52,-0.3325724001555803,1.16552543217643,1.3174846159913038,0.1391600037168245,67.5199984908104,1.0,2.2175099572835992,1
12:05:06.778391,52,-0.3174500390413888,1.112527960152592,1.3485191940204555,0.1391600037168245,66.87999850511551,1.0,3.2779878295877745,1
12:05:06.778391,52,-0.3358442908433672,1.1918895829599634,1.3663683892487084,0.2783200074336491,82.51999815553427,1.0,2.325186743197485,1
12:05:06.778391,52,-0.3298663104825903,1.109401636270807,1.349356889979858,0.1391600037168245,82.11999816447496,1.0,2.975616170234858,1
12:05:06.778391,52,-0.3141524756959031,1.0565530928747395,1.3803515627034684,0.2783200074336491,36.35999918729067,1.0,5.080585293874371,1
12:05:06.778391,52,-0.3838168532944733,1.3233260660950774,1.3641547242643728,0.2783200074336491,20.75999953597784,1.0,4.921797075370614,1
12:05:06.778391,52,-0.3656460534574371,1.2492013391039627,1.3514306194622023,0.2783200074336491,57.51999871432781,1.0,2.287344989693014,1
12:05:06.778391,52,-0.3489800078515652,1.1885821080886565,1.3672546244694612,0.2783200074336491,102.759997703135,1.0,1.7797483867872173,1
12:05:06.778391,52,-0.3331115783069127,1.1345362286230871,1.3960261162036858,0.2783200074336491,102.35999771207572,1.0,2.4411756717608104,1
12:05:06.778391,52,-0.3989301845089347,1.3258762303370613,1.3789417108920357,0.2783200074336491,25.87999942153692,1.0,4.443209443358748,1
12:05:06.778391,52,-0.3920354874675283,1.0873261485831207,1.487174079178352,0.2783200074336491,57.6399987116456,1.0,2.71272683239986,1
12:05:06.778391,52,-0.3682985503520304,1.094670656074867,1.485206124327134,0.2783200074336491,59.75999866425991,1.0,2.5798619494943655,1
12:05:06.778391,52,-0.4535983499272378,1.2733448507356544,1.4636375372496724,0.2783200074336491,342.5199923440814,1.0,0.9539257247030021,1
12:05:06.778391,52,-0.5746009214573079,1.3149372870597398,1.506461570984341,0.2088800055789761,37.87999915331602,1.0,2.8505263055166123,1
12:05:06.778391,52,-0.5506513278611466,1.2601301810257837,1.5270324478444663,0.2088800055789761,118.51999735087156,1.0,1.5514304182320273,1
12:05:06.778391,52,-0.5267017342649855,1.2053230749918271,1.547603324704592,0.2088800055789761,164.8799963146448,1.0,1.2224092236928064,1
12:05:06.778391,52,-0.5038868227218183,1.163462367663876,1.6058253954328077,0.2088800055789761,106.75999761372805,1.0,1.4926424607055127,1
12:05:06.778391,52,-0.5885506486669035,1.3093196496642237,1.5079668123878402,0.2088800055789761,30.119999326765537,1.0,3.1491708645355807,1
12:05:06.778391,52,-0.5640196249251034,1.254746688978054,1.5284749501911148,0.2088800055789761,86.99999805539846,1.0,1.9505034634266274,1
12:05:06.778391,52,-0.5407061952700102,1.2137252325591563,1.5884309850709268,0.2088800055789761,123.63999723643064,1.0,1.5458189351331613,1
12:05:06.778391,52,-0.5161198064484227,1.1585360729909564,1.6071453921120944,0.2088800055789761,85.35999809205532,1.0,1.9941988125743277,1
12:05:06.778391,52,-0.5786345238320516,1.2633896025261782,1.5711969409417472,0.2088800055789761,65.75999853014946,1.0,2.5122287842183417,1
12:05:06.778391,52,-0.4904964291032843,1.1553130310535695,1.5668888326501331,0.2783200074336491,134.99999698251486,1.0,1.3899344798934978,1
12:05:06.778391,52,-0.5534678512294198,1.208440733789867,1.5898469622485614,0.2088800055789761,94.99999787658452,1.0,2.06414842157054,1
12:05:06.778391,52,-0.5919186006049028,1.2577362180712417,1.5727117607409502,0.2088800055789761,51.11999885737896,1.0,3.0527851850926835,1
12:05:06.778391,52,-0.5664859594425725,1.207302360250915,1.6045308450829143,0.2088800055789761,74.63999833166599,1.0,2.6098374605985093,1
12:05:06.778391,52,-0.5407273419481493,1.1524052543660332,1.62251317725294,0.2088800055789761,56.87999872863293,1.0,3.1273549388251314,1
12:05:06.778391,52,-0.6054767454410974,1.2564148682701208,1.5880984912395355,0.2088800055789761,40.639999091625214,1.0,3.694565599483047,1
12:05:06.778391,52,-0.579142618469016,1.2017693531124207,1.6060134098773895,0.2088800055789761,59.75999866425991,1.0,3.3141895755592383,1
12:05:06.778391,52,-0.5528084914969347,1.1471238379547206,1.6239283285152435,0.2088800055789761,47.35999894142151,1.0,3.900081694943059,1
12:05:06.778391,52,-0.5917413637188188,1.1961143707239714,1.6075286578415868,0.2088800055789761,48.75999891012907,1.0,4.125098403932315,1
12:05:06.778391,52,-0.604280935328011,1.1903379785790689,1.609076437451979,0.2088800055789761,40.3599990978837,1.0,5.043196011613913,1
12:05:06.778391,52,-0.473326798015873,1.3287267051685443,1.4403094122581248,0.2088800055789761,83.3599981367588,1.0,2.6296690364746143,1
12:05:06.778391,52,-0.5285921201181911,1.157569713712648,1.6211293645416711,0.2088800055789761,69.2399984523654,1.0,2.4532048527332964,1
12:05:06.778391,52,-0.5138621976145121,1.2103486546379327,1.5462567246969197,0.2088800055789761,224.9999949708581,1.0,0.8367978000273412,1
12:05:06.778391,52,-0.6024415213047206,1.3035675513791434,1.509508082478112,0.2088800055789761,24.35999945551157,1.0,3.5677164532702137,1
12:05:06.778391,52,-0.5600598126072535,1.3152188303757877,1.4907467199102844,0.2088800055789761,48.119998924434185,1.0,2.4819829216833567,1
12:05:06.778391,52,-0.53722796612574,1.2653842782222962,1.5256246167437064,0.2088800055789761,166.51999627798796,1.0,1.263782538728633,1
12:05:06.778391,52,-0.4141414537499673,1.1625811418698748,1.5102937872327675,0.2783200074336491,320.9999928250909,1.0,0.6133550506950282,1
12:05:06.778391,52,-0.3938776488080276,1.1023958666126368,1.5219370826576166,0.2783200074336491,52.999998815357685,1.0,2.111175853543332,1
12:05:06.778391,52,-0.4875859937452773,1.3240858141862533,1.4415529352489904,0.2088800055789761,91.11999796330927,1.0,2.2387164524460568,1
12:05:06.778391,52,-0.4672632167407378,1.2688973939244537,1.464829229710606,0.2783200074336491,421.7599905729294,1.0,0.7040317021448732,1
12:05:06.778391,52,-0.4469404397361982,1.2137089736626543,1.4881055241722212,0.2783200074336491,584.999986924231,1.0,0.1621328713098267,1
12:05:06.778391,52,-0.4266176627316586,1.158520553400855,1.5113818186338368,0.2783200074336491,306.99999313801527,1.0,0.6130199599409086,1
12:05:06.778391,52,-0.406294885727119,1.103332133139056,1.534658113095452,0.2783200074336491,47.11999894678593,1.0,2.0566929680381025,1
12:05:06.778391,52,-0.5159566895996139,1.3143920133178213,1.444150381363275,0.2088800055789761,87.87999803572893,1.0,1.7975478856585783,1
12:05:06.778391,52,-0.4944514107744571,1.2596076345090226,1.4673184132438502,0.2783200074336491,418.1199906542897,1.0,0.5237349114480089,1
12:05:06.778391,52,-0.4615630867439542,1.2244179745827557,1.528151163742145,0.2088800055789761,538.3599879667163,1.0,0.25189896935997313,1
12:05:06.778391,52,-0.4338699018386025,1.2179629963027647,1.4869656622412202,0.2783200074336491,526.5199882313609,1.0,0.2818210627764771,1
12:05:06.778391,52,-0.4781916683057725,1.1599914741906197,1.5656352475897255,0.2783200074336491,171.63999616354704,1.0,1.012677366982093,1
12:05:06.778391,52,-0.4299355742989864,1.0952544980826262,1.5368225088855758,0.2783200074336491,40.8799990862608,1.0,2.5324547752654194,1
12:05:06.778391,52,-0.5177478667029659,1.330836235447912,1.4865620488333389,0.2088800055789761,75.75999830663204,1.0,2.555957734672537,1
12:05:06.778391,52,-0.4961679309079329,1.275366454958897,1.5079623456447335,0.2088800055789761,333.75999253988266,1.0,0.9042704610560375,1
12:05:06.778391,52,-0.4745879951128999,1.2198966744698818,1.5293626424561282,0.2088800055789761,424.6399905085564,1.0,0.25439653845232113,1
12:05:06.778391,52,-0.4530080593178668,1.1644268939808666,1.5507629392675226,0.2783200074336491,216.99999514967203,1.0,0.6063359668613958,1
12:05:06.778391,52,-0.5460099610333484,1.3205607815729046,1.4893153484010104,0.2088800055789761,61.23999863117933,1.0,2.3897804251701906,1
12:05:06.778391,52,-0.5232520499721561,1.2655192860641822,1.5106008865978051,0.2088800055789761,238.23999467492104,1.0,0.9860103164545837,1
12:05:06.778391,52,-0.5009712751747917,1.2152499646764463,1.5449434226302454,0.2088800055789761,311.2399930432439,1.0,0.5545040034443867,1
12:05:06.778391,52,-0.4405754050498096,1.1687426065796216,1.5496065475619214,0.2783200074336491,266.23999404907227,1.0,0.49059507515238987,1
12:05:06.834040,53,-0.4109178256246354,1.2399848305036834,-0.2377065221509432,0.3480400092958007,181.999995931983,1.0,1.7562659272935734,1
12:05:06.834040,53,-0.4304927098052102,1.2990539628925803,-0.2490301429576065,0.2783200074336491,220.87999506294727,1.0,1.6911682207839018,1
12:05:06.834040,53,-0.4392910411125364,1.3713809917230186,-0.202930579603887,0.3480400092958007,102.759997703135,1.0,3.429399346775544,1
12:05:06.834040,53,-0.3829196792779702,1.2378752534049398,-0.2897543894365299,0.2783200074336491,114.8799974322319,1.0,2.5213063589501887,1
12:05:06.834040,53,-0.3952790794002773,1.2339842272732486,-0.2897543894365299,0.2783200074336491,144.51999676972628,1.0,2.0927660826866292,1
12:05:06.834040,53,-0.4044272674970749,1.3074034407967574,-0.2490301429576065,0.3480400092958007,178.63999600708485,1.0,2.4666503004448113,1
12:05:06.834040,53,-0.3611257400576496,1.1674213710505097,-0.3250783662064271,0.2783200074336491,36.999999172985554,1.0,3.9318597308291148,1
12:05:06.834040,53,-0.3844003876888788,1.159965861421049,-0.3250783662064271,0.2783200074336491,50.1199988797307,1.0,3.101495400052,1
12:05:06.834040,53,-0.3727817028022459,1.1637518033384502,-0.3250783662064271,0.2783200074336491,43.75999902188778,1.0,3.4930264181657877,1
12:05:06.834040,53,-0.5048471010636831,1.473899156143721,-0.2674350050701922,0.3480400092958007,7.639999829232693,0.7639999829232693,5.010024827778174,1
12:05:06.834040,53,-0.4672632167407378,1.3641731514356048,-0.1885204566689358,0.3480400092958007,152.23999659717083,1.0,3.06083338886281,1
12:05:06.834040,53,-0.4442462866231746,1.2969753131082815,-0.2353326535205677,0.2783200074336491,273.7599938809872,1.0,1.507313638578386,1
12:05:06.834040,53,-0.4240460151430051,1.238000698763135,-0.2246318696706929,0.2783200074336491,225.63999495655295,1.0,1.4677879913427256,1
12:05:06.834040,53,-0.3959806328587938,1.1560639238893262,-0.3250783662064271,0.2783200074336491,54.9999987706542,1.0,2.7571038784379023,1
12:05:06.834040,53,-0.4875859937452773,1.4235054201846522,-0.1967198163968438,0.3480400092958007,56.759998731315136,1.0,4.598224202468309,1
12:05:06.834040,53,-0.4463337847222986,1.3030697557232196,-0.1941044773794098,0.3480400092958007,335.2399925068021,1.0,1.9459601053616782,1
12:05:06.834040,53,-0.4260385928576794,1.2438180216833248,-0.1852783751549327,0.3480400092958007,267.2399940267205,1.0,1.6699038035506766,1
12:05:06.834040,53,-0.4115305278518603,1.163380363621182,-0.2759513654245845,0.2783200074336491,56.759998731315136,1.0,1.970730829229349,1
12:05:06.834040,53,-0.5159566895996139,1.413469659047926,-0.1967198163968438,0.3480400092958007,66.9999985024333,1.0,4.281650291259778,1
12:05:06.834040,53,-0.4944514107744571,1.3545556847910687,-0.1885204566689358,0.3480400092958007,184.2399958819151,1.0,2.666991698042358,1
12:05:06.834040,53,-0.4529826577928622,1.3669195861497707,-0.202930579603887,0.3480400092958007,124.87999720871449,1.0,3.0888664909114394,1
12:05:06.834040,53,-0.4011608163251038,1.2968438919120853,-0.3035574134484753,0.2088800055789761,145.75999674201012,1.0,2.100582780376611,1
12:05:06.834040,53,-0.4729461319493002,1.295641710534211,-0.1803210969410278,0.3480400092958007,396.51999113708735,1.0,1.6516087842132556,1
12:05:06.834040,53,-0.3669122568279818,1.229546058416835,-0.3413387115307106,0.2783200074336491,92.11999794095756,1.0,3.1866814833542683,1
12:05:06.834040,53,-0.4594098497261227,1.8773130534369344,-1.5311962413197169,0.0697200018621515,17.23999961465597,1.0,5.3965695929931385,1
12:05:06.834040,53,-0.4468643305893214,1.7500625783234869,-1.5841717205877306,0.0697200018621515,16.359999634325504,1.0,6.4952708252417235,1
12:05:06.834040,53,-0.478159696656917,1.8726251667440148,-1.5311962413197169,0.0697200018621515,19.999999552965164,1.0,4.897613270175917,1
12:05:06.834040,53,-0.4643423212764305,1.7455065071986724,-1.5841717205877306,0.0697200018621515,19.239999569952488,1.0,6.05595498968103,1
12:05:06.834040,53,-0.5007732271076781,1.8824537124777028,-1.511792920823745,0.0697200018621515,22.63999949395657,1.0,4.529469360647875,1
12:05:06.834040,53,-0.4841165169075544,1.819839570473769,-1.4919188765165243,0.0697200018621515,22.11999950557947,1.0,4.205466613964841,1
12:05:06.834040,53,-0.5521283049188539,1.9200835059763264,-1.550572562815878,0.2783200074336491,10.519999764859676,1.0,4.7947858172437225,1
12:05:06.834040,53,-0.5352822154134687,1.9341155998447213,-1.4326874873331776,3.896480104071088,24.51999945193529,1.0,5.270269822689103,1
12:05:06.834040,53,-0.5204140610277758,1.8097939300620487,-1.4919188765165243,0.0697200018621515,24.35999945551157,1.0,3.6901211970518606,1
12:05:06.834040,53,-0.5545962847421,1.928666162053692,-1.4326874873331776,3.896480104071088,25.23999943584204,1.0,5.14041310463757,1
12:05:06.834040,53,-0.5384856778080328,1.8044993873649504,-1.4919188765165243,0.0697200018621515,25.51999942958355,1.0,3.591459388714002,1
12:05:06.834040,53,-0.4117760432920703,1.7586492680952677,-1.5841717205877306,0.0697200018621515,13.759999692440031,1.0,7.679819978775916,1
12:05:06.834040,53,-0.5565034464716528,1.7990243962409265,-1.4919188765165243,0.0697200018621515,24.99999944120645,1.0,3.5982429222807433,1
12:05:06.834040,53,-0.5532752610492865,1.669562350455868,-1.542630485042662,0.0697200018621515,8.759999804198742,0.8759999804198741,5.664640007409288,1
12:05:06.834040,53,-0.5930561200629821,1.9171892556960828,-1.4326874873331776,3.896480104071088,22.879999488592148,1.0,5.226227018149812,1
12:05:06.834040,53,-0.5923702379668385,1.7875352766801464,-1.4919188765165243,0.0697200018621515,23.11999948322773,1.0,3.9263118169013502,1
12:05:06.834040,53,-0.6357538576242151,1.918449602885671,-1.4125479792790945,3.896480104071088,20.359999544918537,1.0,6.285629020760496,1
12:05:06.834040,53,-0.610215674149304,1.7815222971457212,-1.4919188765165243,0.0697200018621515,20.51999954134226,1.0,4.246619031057577,1
12:05:06.834040,53,-0.6280000892755937,1.7753311668741425,-1.4919188765165243,0.0697200018621515,17.759999603033066,1.0,4.670415769260483,1
12:05:06.834040,53,-0.3545986559828014,1.233153642963507,-0.3413387115307106,0.2088800055789761,74.87999832630157,1.0,3.7129988177390545,1
12:05:06.834040,53,-0.3881725359626337,1.3007905914745252,-0.3035574134484753,0.2088800055789761,120.23999731242657,1.0,2.565712929825449,1
12:05:06.834040,53,-0.3454368717315335,1.157580691746893,-0.3736853109719375,0.2783200074336491,30.999999307096004,1.0,5.149253314644781,1
12:05:06.834040,53,-0.450828089470023,1.2350490627554764,-0.1852783751549327,0.3480400092958007,291.51999348402023,1.0,1.1482527192239242,1
12:05:06.834040,53,-0.5738548949068983,1.923023859262295,-1.4326874873331776,3.896480104071088,24.63999944925308,1.0,5.125897324380778,1
12:05:06.834040,53,-0.5177478667029659,1.418376610620807,-0.1514972135823613,0.3480400092958007,78.35999824851751,1.0,5.364536307003829,1
12:05:06.834040,53,-0.5534678512294198,1.208440733789867,-0.4101530377514387,0.3480400092958007,207.87999535351992,1.0,1.0402919630586434,1
12:05:06.834040,53,-0.528301178626788,1.1534918650535555,-0.3915030164446246,0.3480400092958007,99.51999777555466,1.0,1.5658314678139964,1
12:05:06.834040,53,-0.6176630403424032,1.3124392029727416,-0.4458723761908945,0.3480400092958007,83.63999813050032,1.0,1.972458273929257,1
12:05:06.834040,53,-0.5922445769369958,1.262199466135797,-0.4134514870871112,0.3480400092958007,141.75999683141708,1.0,1.363244320131759,1
12:05:06.834040,53,-0.5661741608674022,1.203033233169742,-0.4087041023272054,0.3480400092958007,161.99999637901783,1.0,1.3225044420408119,1
12:05:06.834040,53,-0.6314631184635676,1.306406336748199,-0.4442558745579833,0.3480400092958007,71.51999840140343,1.0,2.4812206470801197,1
12:05:06.834040,53,-0.6054767454410974,1.2564148682701208,-0.4119015087604645,0.3480400092958007,112.8799974769354,1.0,1.7782343803586245,1
12:05:06.834040,53,-0.579142618469016,1.2017693531124207,-0.3939865901226104,0.3480400092958007,127.23999715596436,1.0,1.553605948717813,1
12:05:06.834040,53,-0.5528084914969347,1.1471238379547206,-0.3760716714847562,0.3480400092958007,63.51999858021736,1.0,1.8598559311156695,1
12:05:06.834040,53,-0.6455553698370291,1.3048911269400627,-0.4281633801045234,0.3480400092958007,60.11999865621328,1.0,3.0988032096622615,1
12:05:06.834040,53,-0.6186483667779239,1.2505027488320173,-0.4103173611314683,0.3480400092958007,89.99999798834324,1.0,2.2508209662158993,1
12:05:06.834040,53,-0.5917413637188188,1.1961143707239714,-0.3924713421584132,0.3480400092958007,100.99999774247408,1.0,1.9397125357734561,1
12:05:06.834040,53,-0.5648343606597136,1.1417259926159262,-0.3746253231853581,0.3480400092958007,51.759998843073845,1.0,2.165477918334911,1
12:05:06.834040,53,-0.6592353122647424,1.2985894194778844,-0.4264748426790956,0.3480400092958007,50.1199988797307,1.0,3.724754763187485,1
12:05:06.834040,53,-0.6317581237963767,1.2444636990284768,-0.4086992026135583,0.3480400092958007,72.35999838262796,1.0,2.7804904548217513,1
12:05:06.834040,53,-0.604280935328011,1.1903379785790689,-0.3909235625480211,0.3480400092958007,81.35999818146229,1.0,2.3792057238191617,1
12:05:06.834040,53,-0.6728493317135371,1.2921558912067528,-0.424750983974363,0.4174800111504737,41.879999063909054,1.0,4.4110162399994275,1
12:05:06.834040,53,-0.6454824338208818,1.2509039099558563,-0.3652876935856685,0.3480400092958007,58.87999868392944,1.0,3.3362599040403267,1
12:05:06.834040,53,-0.6174083310605787,1.1964980840629853,-0.3494001593795185,0.3480400092958007,66.23999851942062,1.0,2.616096969235983,1
12:05:06.834040,53,-0.6863960667928742,1.285591185474105,-0.422991976374752,0.4174800111504737,35.11999921500683,1.0,5.156992931582776,1
12:05:06.834040,53,-0.4231435609782892,1.159206958491881,-0.2759513654245845,0.2783200074336491,54.63999877870083,1.0,1.7164702831383047,1
12:05:06.834040,53,-0.5786345238320516,1.2633896025261782,-0.4288030590582529,0.3480400092958007,175.99999606609344,1.0,1.026962065553509,1
12:05:06.834040,53,-0.6038011964346833,1.3183384712624897,-0.4474530803650671,0.3480400092958007,94.63999788463116,1.0,1.5258417752985791,1
12:05:06.834040,53,-0.5404297211299017,1.1483302482682425,-0.390119965395361,0.3480400092958007,78.87999823689461,1.0,1.77451598889486,1
12:05:06.834040,53,-0.5394886011833032,1.2001737282918843,-0.4510169120056105,0.3480400092958007,266.1199940517545,1.0,1.2074499758386257,1
12:05:06.834040,53,-0.4961679309079329,1.3592581126822465,-0.145182749820197,0.3480400092958007,217.3599951416254,1.0,3.476969628766752,1
12:05:06.834040,53,-0.4858786857173727,1.2908475466016038,-0.1803210969410278,0.3480400092958007,438.35999020189047,1.0,1.500889713949264,1
12:05:06.834040,53,-0.4637853522366942,1.2321515672180297,-0.1721217372131199,0.3480400092958007,285.1199936270714,1.0,1.048701161185447,1
12:05:06.834040,53,-0.5149575774415032,1.1456007676057154,-0.4305087742023361,0.3480400092958007,126.879997164011,1.0,2.007802520974452,1
12:05:06.834040,53,-0.5460099610333484,1.4077386779811096,-0.1514972135823613,0.3480400092958007,89.63999799638987,1.0,5.280254505573639,1
12:05:06.834040,53,-0.5232520499721561,1.3490635732810732,-0.145182749820197,0.3480400092958007,243.75999455153945,1.0,3.301141720124122,1
12:05:06.834040,53,-0.500494138910964,1.290388468581037,-0.1388682860580327,0.3480400092958007,440.359990157187,1.0,1.9493866114352163,1
12:05:06.834040,53,-0.4760834732025812,1.2274521840342818,-0.1721217372131199,0.2783200074336491,251.2399943843484,1.0,0.9119719705494109,1
12:05:06.834040,53,-0.4498750489451998,1.0617666779074122,-0.5188683493094258,0.3480400092958007,42.87999904155731,1.0,6.629993735766194,1
12:05:06.834040,53,-0.5605937346369678,1.320419901806659,-0.495007491209507,0.3480400092958007,98.87999778985976,1.0,0.459267238256703,1
12:05:06.834040,53,-0.53722796612574,1.2653842782222962,-0.4743753832562937,0.3480400092958007,253.5199943333864,1.0,0.4410327364389999,1
12:05:06.834040,53,-0.4356646338838024,1.1574424652105797,-0.263597550070606,0.2783200074336491,49.51999889314175,1.0,1.4223169739929844,1
12:05:06.834040,53,-0.4900292693174832,1.150762307763724,-0.4455756458906885,0.3480400092958007,205.7599954009056,1.0,2.0599905478881624,1
12:05:06.834040,53,-0.5133727837474067,1.205581148634412,-0.4668015239570309,0.3480400092958007,399.3599910736084,1.0,1.062291993861828,1
12:05:06.834040,53,-0.5640196249251034,1.254746688978054,-0.4715250498088851,0.3480400092958007,211.87999526411292,1.0,0.8924003509459888,1
12:05:06.834040,53,-0.4760446209408615,1.072974038823764,-0.4701793623465072,0.3480400092958007,29.999999329447743,1.0,4.916408610448954,1
12:05:06.834040,53,-0.5027521406688241,1.150515968957871,-0.4318257984352825,0.3480400092958007,162.3599963709712,1.0,1.8915057116251588,1
12:05:06.834040,53,-0.5885506486669035,1.3093196496642237,-0.4920331876121596,0.3480400092958007,101.99999772012234,1.0,1.0626536462965603,1
12:05:06.834040,53,-0.5506513278611466,1.2601301810257837,-0.4729675521555336,0.3480400092958007,241.2399946078658,1.0,0.6367309723349885,1
12:05:06.834040,53,-0.5746009214573079,1.3149372870597398,-0.4935384290156591,0.3480400092958007,103.51999768614768,1.0,0.7289282034083354,1
12:05:06.834040,53,-0.4622677845968672,1.0625629119008992,-0.5061906315506663,0.2783200074336491,36.11999919265509,1.0,6.147526207952352,1
12:05:06.834040,53,-0.5267017342649855,1.2053230749918271,-0.452396675295408,0.3480400092958007,333.87999253720045,1.0,1.024256808407268,1
12:05:06.879683,54,-0.4228556261567659,1.1399759387677082,1.3243305821171951,0.3480400092958007,77.51999826729298,1.0,0.9562219193328005,1
12:05:06.879683,54,-0.3927088512006953,1.1198707199346682,1.2743619961540915,0.2783200074336491,60.51999864727259,1.0,1.729976330785301,1
12:05:06.879683,54,-0.4420832453907094,1.1918116527339608,1.2936072962213738,0.3480400092958007,58.11999870091677,1.0,2.9796374026584895,1
12:05:06.879683,54,-0.3869510352405707,1.065269951180332,1.3083432517448208,0.2783200074336491,39.35999912023544,1.0,1.9592180595234006,1
12:05:06.879683,54,-0.4100746133633247,1.1439987163502416,1.3232526821126251,0.4174800111504737,69.51999844610691,1.0,1.502479921283237,1
12:05:06.879683,54,-0.3748520324814688,1.0689492080469127,1.3073573978386737,0.2783200074336491,33.11999925971031,1.0,2.537452351213484,1
12:05:06.879683,54,-0.4284224886391481,1.221713743710179,1.2083711927849274,0.4174800111504737,36.75999917834997,1.0,5.543992653596912,1
12:05:06.879683,54,-0.3799942179348067,1.1236026202031275,1.2733620364909244,0.2783200074336491,51.759998843073845,1.0,2.5723640643215635,1
12:05:06.879683,54,-0.4383227855870129,1.1511790009014236,1.0093280848891932,0.2088800055789761,20.87999953329563,1.0,1.416291806581796,1
12:05:06.879683,54,-0.43522556353294,1.1009713817651905,0.8593085508659093,0.2088800055789761,7.879999823868275,0.7879999823868274,2.47676378156165,1
12:05:06.879683,54,-0.4110317504000721,1.057561772595785,1.310408651971665,0.3480400092958007,45.759998977184296,1.0,1.2830800428206532,1
12:05:06.879683,54,-0.3627155448331701,1.072511415510211,1.306402907225611,0.2783200074336491,27.639999382197857,1.0,3.2751451705021557,1
12:05:06.879683,54,-0.4355943537418602,1.1358299092792692,1.325441507370418,0.3480400092958007,82.75999815016985,1.0,0.582540216380058,1
12:05:06.879683,54,-0.4399805190717422,1.0759163593330014,1.3583292428936755,0.3480400092958007,53.75999879837036,1.0,0.42829409354576575,1
12:05:06.879683,54,-0.4482895222565216,1.131561042484401,1.326585346780699,0.3480400092958007,83.8799981251359,1.0,0.38192740112490486,1
12:05:06.879683,54,-0.4230110547491306,1.0535336216892217,1.3114879917540694,0.3480400092958007,51.11999885737896,1.0,1.1860715726119146,1
12:05:06.879683,54,-0.5114653266395519,1.04833730229541,1.36571902895491,0.3480400092958007,26.6399994045496,1.0,4.018095207742252,1
12:05:06.879683,54,-0.53292936532473,1.1530923935814412,1.4332148491332548,0.3480400092958007,40.23999910056591,1.0,4.949955362963223,1
12:05:06.879683,54,-0.4996721492775022,1.053220761891405,1.364410509899893,0.3480400092958007,31.87999928742647,1.0,3.010269431502946,1
12:05:06.879683,54,-0.4878290051191507,1.0579900658716774,1.3631325787499204,0.3480400092958007,37.87999915331602,1.0,2.1665612832538965,1
12:05:06.879683,54,-0.5035146667083646,1.139115938164708,1.3805090447532438,0.3480400092958007,55.87999875098467,1.0,2.162960764725221,1
12:05:06.879683,54,-0.4759370784689907,1.0626447373098262,1.3618853632970365,0.3480400092958007,44.23999901115894,1.0,1.4867662599282108,1
12:05:06.879683,54,-0.5160956564119558,1.1341915575189392,1.3818285285705012,0.3480400092958007,47.51999893784523,1.0,2.796430181409863,1
12:05:06.879683,54,-0.4639975585097244,1.067184310742607,1.3606689882617409,0.3480400092958007,49.99999888241291,1.0,0.9706450779909999,1
12:05:06.879683,54,-0.4782028972901972,1.1485989175460378,1.3779680880861755,0.3480400092958007,73.51999835669994,1.0,1.4230689476978533,1
12:05:06.879683,54,-0.4255553847549456,0.9953443162394392,1.3464307928543526,0.3480400092958007,12.879999712109566,1.0,4.459192842503242,1
12:05:06.879683,54,-0.4654746487313566,1.1531565679916056,1.3767468693299023,0.4174800111504737,80.51999820023775,1.0,1.3159715439728483,1
12:05:06.879683,54,-0.4349480583471131,1.0493899629250942,1.3125982817736277,0.3480400092958007,54.11999879032373,1.0,1.2503117190394897,1
12:05:06.879683,54,-0.4908833259599477,1.1439185515928472,1.379222188363615,0.3480400092958007,64.87999854981899,1.0,1.7052798797711257,1
12:05:06.940677,55,-0.4996721492775022,1.1818357995996651,-0.3413387115307106,0.4872000130126253,45.2399989888072,1.0,3.820268640713593,1
12:05:06.940677,55,-0.5085128417352648,1.2731513719040366,-0.2353326535205677,0.4872000130126253,81.2399981841445,1.0,1.3215276517276797,1
12:05:06.940677,55,-0.4878290051191507,1.1867733464075765,-0.3413387115307106,0.4872000130126253,39.51999911665917,1.0,3.7353660958516994,1
12:05:06.940677,55,-0.592319545483044,1.4409742794277551,-0.2674350050701922,0.4872000130126253,117.35999737679958,1.0,2.193991921362602,1
12:05:06.940677,55,-0.5712911919950631,1.3898172363317276,-0.2117566818283641,0.4872000130126253,216.87999515235424,1.0,1.5171993314095418,1
12:05:06.940677,55,-0.5474795492315127,1.3318891044055454,-0.202930579603887,0.4872000130126253,154.63999654352665,1.0,0.8672994683061727,1
12:05:06.940677,55,-0.5236679064679624,1.273960972479363,-0.1941044773794098,0.4872000130126253,109.75999754667282,1.0,1.0025950640287806,1
12:05:06.940677,55,-0.5997855480844562,1.37998734736978,-0.1967198163968438,0.4872000130126253,396.3599911406636,1.0,0.7603309512054058,1
12:05:06.940677,55,-0.5859559158897816,1.3859161039635193,-0.1967198163968438,0.4872000130126253,296.8799933642149,1.0,1.1688383126644821,1
12:05:06.940677,55,-0.5615330416360559,1.3281505727769014,-0.1885204566689358,0.4872000130126253,229.1199948787689,1.0,0.5548910877190055,1
12:05:06.940677,55,-0.5371101673823302,1.2703850415902835,-0.1803210969410278,0.4872000130126253,148.87999667227268,1.0,0.7242749579312124,1
12:05:06.940677,55,-0.5164971892913383,1.1883573861531869,-0.2897543894365299,0.4872000130126253,49.359998896718025,1.0,2.900582831399753,1
12:05:06.940677,55,-0.623936794593825,1.4355545658740918,-0.2205827840528412,0.4872000130126253,122.23999726772308,1.0,1.8209504219487438,1
12:05:06.940677,55,-0.5341335067174281,1.3372972146320687,-0.202930579603887,0.4872000130126253,108.75999756902456,1.0,1.393621764879311,1
12:05:06.940677,55,-0.5767816570272215,1.3270599657403934,-0.145182749820197,0.4872000130126253,345.75999227166176,1.0,0.5328029777950483,1
12:05:06.940677,55,-0.549786950501139,1.2649505108345065,-0.1803210969410278,0.4872000130126253,193.51999567449093,1.0,0.5247002940068085,1
12:05:06.940677,55,-0.6095502919354752,1.4417220525646914,-0.2205827840528412,0.4872000130126253,121.87999727576972,1.0,2.313526892288157,1
12:05:06.940677,55,-0.5547578988736623,1.388934009248293,-0.2567342212203174,0.4872000130126253,159.9999964237213,1.0,1.5859359595283056,1
12:05:06.940677,55,-0.4586903928778223,1.1826088411471731,-0.3923769645258917,0.4174800111504737,27.759999379515648,1.0,4.971532202830184,1
12:05:06.940677,55,-0.4759370784689907,1.1915922168751267,-0.3413387115307106,0.4872000130126253,33.359999254345894,1.0,3.756133823293984,1
12:05:06.940677,55,-0.528354740185587,1.183133083086644,-0.2897543894365299,0.4872000130126253,50.35999887436628,1.0,3.107128862679203,1
12:05:06.940677,55,-0.4940169026509881,1.396566050254244,-0.8481744183675868,-4.313960115221562,10.759999759495258,1.0,7.138369144874655,1
12:05:06.940677,55,-0.4892105113092428,1.3401981766328752,-0.816870968832052,0.2783200074336491,26.6399994045496,1.0,7.587300384783764,1
12:05:06.940677,55,-0.4938691783433753,1.39614843953748,-0.3311634614723662,0.4174800111504737,59.99999865889549,1.0,3.9112187940134437,1
12:05:06.940677,55,-0.5078057364844238,1.3911400233384177,-0.3311634614723662,0.4174800111504737,74.1199983432889,1.0,2.982599378607068,1
12:05:06.940677,55,-0.4866401926078902,1.3331567571267835,-0.3173604374604207,0.4174800111504737,47.75999893248081,1.0,2.5291976698331617,1
12:05:06.940677,55,-0.5434358230707975,1.4437612094686707,-0.3449664854843116,0.4872000130126253,90.51999797672032,1.0,3.261164961077748,1
12:05:06.940677,55,-0.5259393866260998,1.3972779355099398,-0.271677384570933,0.4872000130126253,93.51999790966512,1.0,2.884627809574262,1
12:05:06.940677,55,-0.504018025041849,1.339038838692145,-0.2603537637642698,0.4872000130126253,60.75999864190817,1.0,2.1956243776899544,1
12:05:06.940677,55,-0.4782028972901972,1.2704550639702172,-0.3035574134484753,0.4872000130126253,47.35999894142151,1.0,2.2921125259318815,1
12:05:06.940677,55,-0.5623882828154405,1.44996574103585,-0.2830010053775963,0.4872000130126253,100.3599977567792,1.0,3.4207584944686946,1
12:05:06.940677,55,-0.5398856360413924,1.391948766105901,-0.271677384570933,0.4872000130126253,120.87999729812144,1.0,2.0891668159414665,1
12:05:06.940677,55,-0.5182985839897245,1.3362924039779789,-0.2460334373704426,0.4872000130126253,79.87999821454287,1.0,1.634597670323253,1
12:05:06.940677,55,-0.4948803424932961,1.2759148162460017,-0.2490301429576065,0.4872000130126253,61.23999863117933,1.0,1.7509977344640142,1
12:05:06.940677,55,-0.5768595790634181,1.444269454384644,-0.2830010053775963,0.4872000130126253,109.75999754667282,1.0,2.6265654385859527,1
12:05:06.940677,55,-0.6391284256474797,1.4311861467524756,-0.2049191761247518,0.4872000130126253,118.35999735444784,1.0,1.6635951815400156,1
12:05:06.940677,55,-0.6573887758196059,1.3608982484488894,-0.1363907018458581,0.4872000130126253,319.35999286174774,1.0,0.7511653344287674,1
12:05:06.940677,55,-0.5900231963712269,1.32122589298645,-0.145182749820197,0.4872000130126253,485.8799891397357,1.0,0.28069966041136973,1
12:05:06.940677,55,-0.596245781535724,1.1737909973875311,-0.1721217372131199,0.4872000130126253,25.23999943584204,1.0,3.258017374532657,1
12:05:06.940677,55,-0.7270031188016506,1.3964425558094675,-0.1420755202259243,0.4872000130126253,69.87999843806028,1.0,2.693210051772278,1
12:05:06.940677,55,-0.6860182686990979,1.3505203605270883,-0.0909953821231417,0.4872000130126253,171.63999616354704,1.0,1.4061642615699894,1
12:05:06.940677,55,-0.6577868073367628,1.2949428852368627,-0.0726822087408835,0.4872000130126253,133.11999702453613,1.0,0.9524348723774541,1
12:05:06.940677,55,-0.6291775478806512,1.2386216629633666,-0.0695210262049641,0.4872000130126253,70.99999841302633,1.0,1.1901886821063135,1
12:05:06.940677,55,-0.7409309614569712,1.3891028244077013,-0.1420755202259243,0.4872000130126253,61.11999863386154,1.0,3.2457685193114343,1
12:05:06.940677,55,-0.7132822720583876,1.3372668578566205,-0.075843391276803,0.4872000130126253,128.75999712198973,1.0,2.3215307728116055,1
12:05:06.940677,55,-0.6835523849363494,1.281529046483025,-0.0726822087408835,0.4872000130126253,95.3599978685379,1.0,1.8932486619962852,1
12:05:06.940677,55,-0.7564882163997613,1.3847424285224137,-0.094788105628439,0.4872000130126253,53.35999880731106,1.0,4.04109529547278,1
12:05:06.940677,55,-0.7266190536465623,1.3300672913925329,-0.075843391276803,0.4872000130126253,98.99999778717756,1.0,2.9520708402047844,1
12:05:06.940677,55,-0.6963332841947368,1.2746295607957765,-0.0726822087408835,0.4872000130126253,70.99999841302633,1.0,2.5635526880021,1
12:05:06.940677,55,-0.6660475147429115,1.21919183019902,-0.0695210262049641,0.4872000130126253,41.75999906659126,1.0,2.93229102476211,1
12:05:06.940677,55,-0.7398831739381345,1.3227347193136372,-0.075843391276803,0.4872000130126253,77.99999825656414,1.0,3.726514464905639,1
12:05:06.940677,55,-0.7097897989144979,1.268934939338619,-0.0290830617701804,0.4872000130126253,54.75999877601862,1.0,3.2222341121711535,1
12:05:06.940677,55,-0.6782059274780528,1.2124705071270307,-0.0695210262049641,0.4872000130126253,33.11999925971031,1.0,3.760756134634744,1
12:05:06.940677,55,-0.7538648315928111,1.3166523021306205,-0.0303479774703447,0.4174800111504737,62.87999859452248,1.0,4.561045471886493,1
12:05:06.940677,55,-0.6156851988951946,1.3786902476238183,-0.1514972135823613,0.4872000130126253,481.87998922914267,1.0,0.9077720912918114,1
12:05:06.940677,55,-0.6164206094817833,1.2441662263276818,-0.083409935112547,0.4872000130126253,95.9999978542328,1.0,0.8606827166205994,1
12:05:06.940677,55,-0.6444497996684999,1.3007395648001665,-0.0872026586178444,0.4872000130126253,194.3599956557155,1.0,0.6298763022865123,1
12:05:06.940677,55,-0.6538224978143111,1.2257912351094291,-0.0695210262049641,0.4872000130126253,53.75999879837036,1.0,2.2279680684524203,1
12:05:06.940677,55,-0.6989307344251264,1.4107023693532803,-0.1420755202259243,0.4872000130126253,79.75999821722507,1.0,2.04647862674255,1
12:05:06.940677,55,-0.5643611938472591,1.2637615383490817,-0.1388682860580327,0.4872000130126253,223.51999500393867,1.0,0.43904656844442774,1
12:05:06.940677,55,-0.6724789898552165,1.3573129032726508,-0.0909953821231417,0.4872000130126253,233.63999477773905,1.0,1.17651851559806,1
12:05:06.940677,55,-0.5401594560484734,1.1777904677030224,-0.2897543894365299,0.4872000130126253,47.75999893248081,1.0,3.4223421261818454,1
12:05:06.940677,55,-0.6534080921117426,1.4247234104519086,-0.2049191761247518,0.4872000130126253,110.87999752163888,1.0,1.434118928750722,1
12:05:06.940677,55,-0.6294410872806939,1.3724645644513154,-0.1514972135823613,0.4872000130126253,493.2399889752269,1.0,0.68796971720515,1
12:05:06.940677,55,-0.6037807882368349,1.316513575768533,-0.1307058834657918,0.4872000130126253,535.8799880221486,1.0,0.22838854602933986,1
12:05:06.940677,55,-0.5564040838007658,1.1818757696243531,-0.2377065221509432,0.4872000130126253,42.75999904423952,1.0,2.7967381635261805,1
12:05:06.940677,55,-0.6699401128290383,1.4230412922985736,-0.1578116773445256,0.4872000130126253,100.99999774247408,1.0,1.8212032077571103,1
12:05:06.940677,55,-0.6437471512911164,1.367403982153565,-0.1363907018458581,0.4872000130126253,420.239990606904,1.0,0.719852994302996,1
12:05:06.940677,55,-0.5775204238868402,1.259254174931428,-0.1250210650857256,0.4872000130126253,215.2399951890111,1.0,0.41137155858512664,1
12:05:06.940677,55,-0.6169155154959512,1.3104100435234414,-0.1307058834657918,0.4872000130126253,431.23999036103487,1.0,0.20902877960594182,1
12:05:06.940677,55,-0.5900838797007861,1.2534161048933172,-0.1250210650857256,0.4872000130126253,175.63999607414007,1.0,0.47419321257198904,1
12:05:06.940677,55,-0.5681948242834305,1.1762527283508626,-0.2377065221509432,0.4872000130126253,36.51999918371439,1.0,3.242906352835602,1
12:05:06.940677,55,-0.6841367915365993,1.416270851507644,-0.1578116773445256,0.4872000130126253,90.23999798297882,1.0,1.796572887127669,1
12:05:06.940677,55,-0.631410398880042,1.30711891881169,-0.0872026586178444,0.4872000130126253,292.99999345093966,1.0,0.46480037239536953,1
12:05:06.940677,55,-0.5836849133221698,1.1780934070049212,-0.1852783751549327,0.4872000130126253,30.51999931782484,1.0,2.8813742851369626,1
12:05:06.940677,55,-0.6025883276211347,1.2474526942948303,-0.1250210650857256,0.4872000130126253,131.2399970665574,1.0,0.658178250028753,1
12:05:07.000363,56,-0.560770844249353,1.2286313019934036,1.4607000394945522,0.5566400148672983,201.75999549031255,1.0,1.73718855347973,1
12:05:07.000363,56,-0.585160568092414,1.2820684206807564,1.4372441532975644,0.6263600167294499,252.35999435931444,1.0,1.426180463274774,1
12:05:07.000363,56,-0.6056276737865327,1.31038878587625,1.355898183154128,0.5566400148672983,230.63999484479427,1.0,1.2239985764674088,1
12:05:07.000363,56,-0.4939569406320485,1.0269539558466978,1.3186099917516627,0.4872000130126253,38.35999914258719,1.0,4.183642515307462,1
12:05:07.000363,56,-0.5449189935275766,1.2168109698679483,1.4192439259885168,0.5566400148672983,124.99999720603228,1.0,1.3021730639081024,1
12:05:07.000363,56,-0.528625036982291,1.12914590208948,1.3831805078681103,0.5566400148672983,86.5199980661273,1.0,1.2575228426485812,1
12:05:07.000363,56,-0.5686192695053103,1.2697339843731212,1.393984980359343,0.5566400148672983,156.75999649614096,1.0,1.1111801460766138,1
12:05:07.000363,56,-0.53292936532473,1.1530923935814412,1.4332148491332548,0.5566400148672983,123.75999723374844,1.0,1.590352851210144,1
12:05:07.000363,56,-0.6395190202937,1.3284128391541985,1.2726273250946136,0.5566400148672983,42.23999905586243,1.0,3.406432784699221,1
12:05:07.000363,56,-0.5172229554856937,1.0171863827102412,1.321227205085588,0.4872000130126253,44.519999004900455,1.0,4.466402653691744,1
12:05:07.000363,56,-0.6352757650142278,1.3048691749494965,1.3734922677869972,0.5566400148672983,477.75998932123184,1.0,0.8384881699013698,1
12:05:07.000363,56,-0.6210186492118918,1.3109366614769669,1.3718664896718749,0.5566400148672983,339.87999240309,1.0,0.9996474723103509,1
12:05:07.000363,56,-0.5989714286232038,1.2763494547636431,1.438776545596596,0.6263600167294499,449.6399899497628,1.0,0.9567746784807889,1
12:05:07.000363,56,-0.5740060626525826,1.2231507048369217,1.462168561076672,0.5566400148672983,352.6399921178818,1.0,1.2550162613649454,1
12:05:07.000363,56,-0.5455074738621114,1.147883900318718,1.4346104606967844,0.5566400148672983,170.1199961975217,1.0,1.2667947548624574,1
12:05:07.000363,56,-0.5287789605006696,1.0121345393994,1.3225808424210166,0.4872000130126253,48.119998924434185,1.0,4.7451004625193995,1
12:05:07.000363,56,-0.6742631250988073,1.3439242002581535,1.3351893210555197,0.5566400148672983,45.11999899148941,1.0,2.510673088882363,1
12:05:07.000363,56,-0.6127223925129498,1.270497374350079,1.4403446058174525,0.6263600167294499,853.8799809142947,1.0,0.6100222315944033,1
12:05:07.000363,56,-0.5879819788061664,1.222998422526945,1.4771278220299875,0.5566400148672983,609.6399863734841,1.0,1.2142081908968532,1
12:05:07.000363,56,-0.5912731898367826,1.31616942119749,1.3543492665880632,0.5566400148672983,159.87999642640352,1.0,1.5907178085827522,1
12:05:07.000363,56,-0.5704987877204629,1.1371037485152629,1.437498993666805,0.5566400148672983,202.35999547690156,1.0,0.9339040045858508,1
12:05:07.000363,56,-0.6447263026810289,1.3566650842012735,1.331775411492102,0.5566400148672983,45.11999899148941,1.0,2.499380557362694,1
12:05:07.000363,56,-0.6247732284679269,1.3345189525773582,1.270991196933985,0.5566400148672983,37.239999167621136,1.0,3.3790872384316915,1
12:05:07.000363,56,-0.4609398621945347,1.1271697652662058,1.3277619859650556,0.4174800111504737,26.239999413490292,1.0,3.306740521362228,1
12:05:07.000363,56,-0.5035146667083646,1.139115938164708,1.3805090447532438,0.5566400148672983,61.35999862849712,1.0,1.8829747322116486,1
12:05:07.000363,56,-0.5402820880626069,1.0069713281045405,1.323964320717825,0.4872000130126253,47.75999893248081,1.0,5.115237699958431,1
12:05:07.000363,56,-0.5447772346857046,1.3321833889990242,1.205492958250576,0.5566400148672983,23.519999474287037,1.0,5.891055308525754,1
12:05:07.000363,56,-0.5289712803609575,1.3104617144879445,1.2917272564293625,0.5566400148672983,54.239998787641525,1.0,3.652334577697024,1
12:05:07.000363,56,-0.5119405437127774,1.284364179968665,1.3745945301875384,0.5566400148672983,44.359999008476734,1.0,3.706788605378391,1
12:05:07.000363,56,-0.4866401926078902,1.2055916168237188,1.3484069983630556,0.4174800111504737,34.23999923467636,1.0,2.8091294478586497,1
12:05:07.000363,56,-0.5745147702428822,1.321371498294743,1.2083899956334416,0.5566400148672983,24.759999446570877,1.0,5.192861321112297,1
12:05:07.000363,56,-0.5434358230707975,1.3052823428547082,1.2931150648757883,0.5566400148672983,67.63999848812819,1.0,2.9914149105015237,1
12:05:07.000363,56,-0.5259393866260998,1.279351563162323,1.3759376568127644,0.5566400148672983,56.99999872595072,1.0,2.8333594656407364,1
12:05:07.000363,56,-0.504018025041849,1.226027684170549,1.4019488220230396,0.5566400148672983,44.23999901115894,1.0,2.988229858413897,1
12:05:07.000363,56,-0.486101000856356,1.118021748253034,1.3302131897360812,0.4174800111504737,33.87999924272299,1.0,2.4037226271620815,1
12:05:07.000363,56,-0.4822492573753723,1.0316687089231824,1.3173466774723064,0.4872000130126253,31.75999929010868,1.0,4.179671788502862,1
12:05:07.000363,56,-0.4586903928778223,1.040757790783024,1.3149112653280215,0.4872000130126253,20.87999953329563,1.0,4.446576880629154,1
12:05:07.000363,56,-0.589298103560927,1.315750667021167,1.209896092833988,0.5566400148672983,25.63999942690134,1.0,5.043348555216206,1
12:05:07.000363,56,-0.5578460226536214,1.2999635157659188,1.2945402402989106,0.5566400148672983,86.75999806076288,1.0,2.4574628440324098,1
12:05:07.000363,56,-0.5398856360413924,1.274203980802292,1.3773169473491074,0.5566400148672983,75.87999830394983,1.0,2.0804998247854978,1
12:05:07.000363,56,-0.5173829892673443,1.221094655078572,1.403270623184474,0.5566400148672983,59.35999867320061,1.0,2.239520249371869,1
12:05:07.000363,56,-0.4908833259599477,1.1439185515928472,1.379222188363615,0.5566400148672983,44.87999899685383,1.0,2.3501415593604134,1
12:05:07.000363,56,-0.4704933495969873,1.0362701406150625,1.31611372756644,0.4872000130126253,25.75999942421913,1.0,4.267323661323497,1
12:05:07.000363,56,-0.5950956952326035,1.3463023740782023,1.2678338386587584,0.5566400148672983,31.239999301731583,1.0,3.7319296726424227,1
12:05:07.000363,56,-0.5768595790634181,1.3218111161356665,1.352837578985436,0.5566400148672983,115.5199974179268,1.0,2.0868258655274,1
12:05:07.000363,56,-0.5547578988736623,1.2751595245627638,1.3925312112470256,0.5566400148672983,105.7599976360798,1.0,1.67306639028118,1
12:05:07.000363,56,-0.5306962156273767,1.2160327791493233,1.4046269487519027,0.5566400148672983,83.63999813050032,1.0,1.60329776213892,1
12:05:07.000363,56,-0.6889311344518614,1.3373404228326655,1.3369534388998252,0.5566400148672983,42.35999905318022,1.0,2.723396921971759,1
12:05:07.000363,56,-0.7227098456047051,1.3496181667291505,1.4008693465972386,0.5566400148672983,33.2399992570281,1.0,2.6329300167103367,1
12:05:07.000363,56,-0.6272635013630045,1.2701978052438805,1.4559921837268204,0.6263600167294499,1231.1199724823236,1.0,0.6166618331234404,1
12:05:07.000363,56,-0.6038715274637122,1.0052209985488243,1.3772720077244225,-1.2524400334514212,20.359999544918537,1.0,6.016625742536691,1
12:05:07.000363,56,-0.7671803426914023,1.334146814412429,1.4218798947215037,0.6263600167294499,20.87999953329563,1.0,4.038376654274167,1
12:05:07.000363,56,-0.7376644323050087,1.282817869149907,1.4441220459738546,0.6263600167294499,117.87999736517668,1.0,2.3904950181401716,1
12:05:07.000363,56,-0.7112843485756468,1.2527819941395322,1.5231160315276304,0.6263600167294499,104.51999766379596,1.0,1.9525072228496991,1
12:05:07.000363,56,-0.6816377356943226,1.2005655452898942,1.542992743887352,0.6263600167294499,72.87999837100506,1.0,2.1846760547834,1
12:05:07.000363,56,-0.6491167011458276,1.1288310333623413,1.5108484997309073,0.5566400148672983,39.35999912023544,1.0,2.3014840618275416,1
12:05:07.000363,56,-0.7540658377709688,1.292430761844262,1.4903155505453405,0.6263600167294499,88.11999803036451,1.0,2.8930961560696624,1
12:05:07.000363,56,-0.7245837734676538,1.245847225993573,1.5249741970520374,0.6263600167294499,74.5199983343482,1.0,2.345906744518589,1
12:05:07.000363,56,-0.6943828352984089,1.1939198210221766,1.5447734603380068,0.6263600167294499,52.999998815357685,1.0,2.5097879596314536,1
12:05:07.000363,56,-0.664181897129164,1.1419924160507806,1.5645727236239764,0.5566400148672983,30.35999932140112,1.0,3.463059049130907,1
12:05:07.000363,56,-0.7678309873768921,1.2850805035145114,1.4922850463289572,0.6263600167294499,67.99999848008156,1.0,3.542671609034994,1
12:05:07.000363,56,-0.7378107405893709,1.238784344147239,1.526866690538999,0.6263600167294499,55.63999875634909,1.0,2.8623688436961054,1
12:05:07.000363,56,-0.70705849720072,1.1871513228837711,1.5465870739481642,0.6263600167294499,40.23999910056591,1.0,2.9496268862815325,1
12:05:07.000363,56,-0.7822644006646498,1.2829273820467777,1.5091532421235212,0.6263600167294499,53.99999879300594,1.0,4.298483853475865,1
12:05:07.000363,56,-0.7509639272551675,1.2315940548827993,1.5287933227407515,0.6263600167294499,43.119999036192894,1.0,3.5015610777015214,1
12:05:07.000363,56,-0.795887591566593,1.2753054298652402,1.5111955380553126,0.6263600167294499,43.87999901920557,1.0,5.15858284223941,1
12:05:07.000363,56,-0.6525211880414014,1.3172181566456287,1.4186883565327442,0.6263600167294499,555.5199875831604,1.0,0.9274451401958261,1
12:05:07.000363,56,-0.6369147609532867,1.1350421399961284,1.5091842387242804,0.5566400148672983,52.63999882340431,1.0,1.9855329292388353,1
12:05:07.000363,56,-0.6688244728877434,1.207087831120065,1.5412451026663527,0.6263600167294499,105.7599976360798,1.0,1.9745590643346738,1
12:05:07.000363,56,-0.7237979930818892,1.2898762493162328,1.4422307587084158,0.6263600167294499,163.75999633967876,1.0,1.8482912895528893,1
12:05:07.000363,56,-0.6972490871128302,1.2544448213918575,1.5070310665383304,0.6263600167294499,156.11999651044607,1.0,1.4374580641353047,1
12:05:07.000363,56,-0.5839410486348308,1.137194835652872,1.451655271487427,0.5566400148672983,189.6399957612157,1.0,0.9831077657898211,1
12:05:07.000363,56,-0.5517311878683866,1.0016972651424665,1.325377501629344,0.4872000130126253,43.63999902456999,1.0,5.57670161357345,1
12:05:07.000363,56,-0.7047752643410983,1.337294825455542,1.3537255742883565,0.5566400148672983,38.1199991479516,1.0,2.79351599797407,1
12:05:07.000363,56,-0.666716220415231,1.3108466762731106,1.420395589553151,0.6263600167294499,484.3599891737104,1.0,0.8673464457914577,1
12:05:07.000363,56,-0.6409090746745714,1.2640729511233155,1.4576333334421845,0.6263600167294499,866.8799806237221,1.0,0.46583399763697536,1
12:05:07.000363,56,-0.6141957310349229,1.2113858907222943,1.4802393905491245,0.6263600167294499,493.87998896092176,1.0,0.7302784526971721,1
12:05:07.000363,56,-0.5866849676404153,1.153495319750686,1.489970118657873,0.5566400148672983,145.75999674201012,1.0,1.49695426856758,1
12:05:07.000363,56,-0.56964061720229,1.0222251588198252,1.3727157567118384,0.5566400148672983,37.239999167621136,1.0,4.1971524069889385,1
12:05:07.000363,56,-0.694904859148198,1.2976939884775571,1.4239198416262682,0.6263600167294499,347.35999223589897,1.0,1.1402318791455963,1
12:05:07.000363,56,-0.6011189106142664,1.2172554585014257,1.4786666446027863,0.5566400148672983,729.6399836912751,1.0,0.9149413540388749,1
12:05:07.000363,56,-0.629388536512478,1.2209609076203254,1.522540268117877,0.6263600167294499,277.9999937862158,1.0,1.5997288110584416,1
12:05:07.000363,56,-0.6680065920492497,1.251429375481371,1.4610211693248851,0.6263600167294499,454.7599898353219,1.0,0.5326795444495627,1
12:05:07.000363,56,-0.7517373122465904,1.3353756264003265,1.4046856237765146,0.5566400148672983,24.35999945551157,1.0,3.5809454072618996,1
12:05:07.000363,56,-0.624649129818258,1.1411350763525434,1.5075516413480448,0.5566400148672983,72.75999837368727,1.0,1.7754493254523425,1
12:05:07.000363,56,-0.6423861833580224,1.2148186563363814,1.5241860793891189,0.6263600167294499,164.51999632269144,1.0,1.508977765851551,1
12:05:07.000363,56,-0.681455826383326,1.2449119183069624,1.4627675167114722,0.6263600167294499,253.11999434232712,1.0,0.7500589103489299,1
12:05:07.000363,56,-0.5925200952034054,1.010999174404667,1.3757237501701245,-1.2524400334514212,24.99999944120645,1.0,5.3173177285118385,1
12:05:07.000363,56,-0.7372604416388909,1.3425669930965631,1.402758702877782,0.5566400148672983,28.519999362528324,1.0,3.037271987427157,1
12:05:07.000363,56,-0.5811094114299923,1.0166674167681629,1.3742049492063215,0.4872000130126253,30.759999312460423,1.0,4.710756660880942,1
12:05:07.000363,56,-0.6114898997786768,1.1419214537227786,1.493071326713357,0.5566400148672983,103.1199976950884,1.0,1.468222586307419,1
12:05:07.000363,56,-0.7098591746658601,1.296800339284172,1.440375454393186,0.6263600167294499,236.3599947169423,1.0,1.4367808209400867,1
12:05:07.053871,57,-0.5871838809304497,1.217542541448832,1.4636712639275324,0.6958000185841229,107.8799975886941,1.0,1.3303876362071059,1
12:05:07.053871,57,-0.5603779497505733,1.08768801691402,1.3383410885517926,0.5566400148672983,58.11999870091677,1.0,3.7183564631447883,1
12:05:07.053871,57,-0.6786302914060185,1.3699235486480554,1.3954285359100624,0.6958000185841229,87.87999803572893,1.0,2.413459710229077,1
12:05:07.053871,57,-0.6534080921117426,1.323140151986336,1.4333177228508542,0.6958000185841229,231.8799948170781,1.0,1.4344443738710988,1
12:05:07.053871,57,-0.6272635013630045,1.2701978052438805,1.4559921837268204,0.6958000185841229,233.9999947696924,1.0,0.88910055585144,1
12:05:07.053871,57,-0.6011189106142664,1.2172554585014257,1.4786666446027863,0.6958000185841229,153.2399965748191,1.0,1.0279826779351744,1
12:05:07.053871,57,-0.613555202226823,1.2761905492072472,1.4543864328213898,0.6958000185841229,157.9999964684248,1.0,1.3319300565251582,1
12:05:07.053871,57,-0.5725684859110405,1.0822162603282384,1.3398072413101323,0.5566400148672983,72.51999837905169,1.0,3.791889235881135,1
12:05:07.053871,57,-0.693393304673503,1.3632971284472524,1.397204079851577,0.6958000185841229,110.63999752700327,1.0,1.8939271191675076,1
12:05:07.053871,57,-0.7236921498049204,1.3557495178196863,1.4160914677892,0.6958000185841229,137.51999692618847,1.0,1.3399328421062995,1
12:05:07.053871,57,-0.6409090746745714,1.2640729511233155,1.4576333334421845,0.6958000185841229,362.23999190330505,1.0,0.5381145671028049,1
12:05:07.053871,57,-0.6141957310349229,1.2113858907222943,1.4802393905491245,0.6958000185841229,218.99999510496852,1.0,0.7651909900929571,1
12:05:07.053871,57,-0.5904541380024209,1.1021165844317695,1.390422991706458,0.6958000185841229,85.87999808043242,1.0,2.875350930863191,1
12:05:07.053871,57,-0.6841367915365993,1.3271679248553063,1.4810077557691828,0.6958000185841229,517.6399884298444,1.0,1.0896511615047246,1
12:05:07.053871,57,-0.6567626640245385,1.2740644162378156,1.50177401194353,0.6958000185841229,559.9999874830246,1.0,0.5167638742100321,1
12:05:07.053871,57,-0.629388536512478,1.2209609076203254,1.522540268117877,0.6958000185841229,294.7599934116006,1.0,0.6315486254447511,1
12:05:07.053871,57,-0.6026477416653845,1.0963542969465998,1.3919669919846651,0.6958000185841229,92.87999792397022,1.0,3.029454429505252,1
12:05:07.053871,57,-0.6382609040954501,1.323452207251326,1.4170179477073728,0.6958000185841229,163.23999635130167,1.0,1.7831564768233885,1
12:05:07.053871,57,-0.7382625229483941,1.3486887602613813,1.4179833920749,0.6958000185841229,161.35999639332294,1.0,1.110496817362635,1
12:05:07.053871,57,-0.6676224183142199,1.3167600115243372,1.435027276335244,0.6958000185841229,342.99999233335257,1.0,0.9888649225422015,1
12:05:07.053871,57,-0.6754563451536651,1.350627283154463,1.350153153014808,0.6958000185841229,70.87999841570854,1.0,1.7525209211423134,1
12:05:07.053871,57,-0.6298604432738002,1.362820916641186,1.330125961161086,0.6958000185841229,49.63999889045954,1.0,3.411761878038292,1
12:05:07.053871,57,-0.548131376264616,1.093041750342275,1.3369065600032002,0.5566400148672983,45.759998977184296,1.0,3.7232970483955525,1
12:05:07.053871,57,-0.5768595790634181,1.3218111161356665,1.352837578985436,0.5566400148672983,57.11999872326851,1.0,3.7856207606690306,1
12:05:07.053871,57,-0.5537778973453974,1.2689219476424949,1.3787322638686694,0.6263600167294499,50.1199988797307,1.0,3.10823325691646,1
12:05:07.053871,57,-0.6099649598427428,1.3404823296629302,1.269393314859744,0.4174800111504737,42.87999904155731,1.0,3.2009895109181365,1
12:05:07.053871,57,-0.5912731898367826,1.31616942119749,1.3543492665880632,0.5566400148672983,71.11999841034412,1.0,2.9867832094806386,1
12:05:07.053871,57,-0.6944471410090335,1.3661968892364589,1.248269659395199,0.6263600167294499,13.879999689757824,1.0,2.106481556187317,1
12:05:07.053871,57,-0.5676147813236233,1.2635059918818226,1.380183464840984,0.4174800111504737,63.51999858021736,1.0,2.4231924075462454,1
12:05:07.053871,57,-0.5174875574612536,1.0758749407514645,1.2861506296566092,0.5566400148672983,28.639999359846115,1.0,4.971872236985553,1
12:05:07.053871,57,-0.6066994320649245,1.31686613376732,1.370277692360132,0.4174800111504737,90.9999979659915,1.0,2.4654669330000516,1
12:05:07.053871,57,-0.5824237786863975,1.264174827133897,1.3954745520521907,0.4174800111504737,82.87999814748764,1.0,1.9273115275741763,1
12:05:07.053871,57,-0.5571621348119975,1.2055245243463777,1.4074426271402125,0.6958000185841229,58.51999869197607,1.0,2.0450412711248327,1
12:05:07.053871,57,-0.5418618949957447,1.0656420699302922,1.288892519129394,0.5566400148672983,35.999999195337296,1.0,4.892582293781395,1
12:05:07.053871,57,-0.6447263026810289,1.3566650842012735,1.331775411492102,0.6958000185841229,58.63999868929386,1.0,2.693731777870288,1
12:05:07.053871,57,-0.623936794593825,1.3295482046903648,1.41538453011652,0.6958000185841229,119.7599973231554,1.0,2.3987527040655054,1
12:05:07.053871,57,-0.5989714286232038,1.2763494547636431,1.438776545596596,0.6958000185841229,111.99999749660492,1.0,1.7252278720471443,1
12:05:07.053871,57,-0.5713214427432507,1.20602855603535,1.42213306506742,0.6958000185841229,78.11999825388193,1.0,1.6360678341736934,1
12:05:07.053871,57,-0.5526620848536999,1.1804891647114495,1.3551331801345792,0.5566400148672983,45.11999899148941,1.0,2.125810413654268,1
12:05:07.053871,57,-0.698265057138177,1.3204913811268593,1.4827967302694511,0.6958000185841229,732.5199836269021,1.0,0.7687098594901396,1
12:05:07.053871,57,-0.6429985896174223,1.219759490984254,1.5378497416389814,0.6958000185841229,333.5199925452471,1.0,0.5039459860149921,1
12:05:07.053871,57,-0.6147810810590802,1.0904745183720963,1.3935424739053774,0.6958000185841229,89.75999799370766,1.0,3.264274097606773,1
12:05:07.053871,57,-0.6972632469086083,1.1028175021040656,1.517818804423844,0.6958000185841229,31.87999928742647,1.0,3.735218153903737,1
12:05:07.053871,57,-0.8296013101133048,1.3421421462672516,1.5383157115326829,0.6958000185841229,70.35999842733145,1.0,2.3006705913186396,1
12:05:07.053871,57,-0.7981231567269919,1.2953148800997047,1.5711298705215058,0.6958000185841229,147.51999670267105,1.0,1.421005623021643,1
12:05:07.053871,57,-0.7661881324265128,1.2434858962842337,1.588290101860753,0.6958000185841229,103.35999768972395,1.0,1.1118719843457134,1
12:05:07.053871,57,-0.7342531081260338,1.1916569124687622,1.6054503332,0.6958000185841229,60.51999864727259,1.0,1.46731844320389,1
12:05:07.053871,57,-0.8441832640565351,1.3390578314559476,1.5561362850496807,0.6958000185841229,57.51999871432781,1.0,2.722231821361055,1
12:05:07.053871,57,-0.8117048021030218,1.2875399434756627,1.573213158511121,0.6958000185841229,109.11999756097794,1.0,1.7998512741546075,1
12:05:07.053871,57,-0.7792263401495085,1.2360220554953774,1.5902900319725612,0.6958000185841229,77.99999825656414,1.0,1.5369345144162958,1
12:05:07.053871,57,-0.8721787732024413,1.322478494987798,1.5605787048673654,0.6958000185841229,47.75999893248081,1.0,3.7125646365746423,1
12:05:07.053871,57,-0.838623233418345,1.2715984677323369,1.5774846640627056,0.6958000185841229,83.51999813318253,1.0,2.8721819644299558,1
12:05:07.053871,57,-0.8059138679037156,1.2337972000879125,1.6379864984139938,0.6958000185841229,60.87999863922596,1.0,2.5229777539278238,1
12:05:07.053871,57,-0.8860463997918232,1.3139868488986337,1.5628540345793678,0.6958000185841229,40.11999910324812,1.0,4.376334552775372,1
12:05:07.053871,57,-0.8528527856146165,1.2770488283848258,1.625087722445898,0.6958000185841229,65.75999853014946,1.0,3.4724046359825578,1
12:05:07.053871,57,-0.8998254224835563,1.305361678636996,1.5651651419855546,0.6958000185841229,34.11999923735857,1.0,5.153085984012316,1
12:05:07.053871,57,-0.866245548008538,1.2730291540423886,1.6425280103504896,0.6958000185841229,52.999998815357685,1.0,4.170992533907131,1
12:05:07.053871,57,-0.9146118146032728,1.315198074658712,1.63057408083856,0.6958000185841229,29.35999934375286,1.0,5.92352507997117,1
12:05:07.053871,57,-0.6709646620212742,1.2728107461362248,1.5177493436047134,0.6958000185841229,742.5199834033847,1.0,0.3693983420704654,1
12:05:07.053871,57,-0.7216849133604176,1.1986886115913304,1.603566195098689,0.6958000185841229,80.35999820381403,1.0,1.0923688212921476,1
12:05:07.053871,57,-0.7530733065321876,1.2508234265702898,1.5863240165461652,0.6958000185841229,142.51999681442976,1.0,0.7844417054365644,1
12:05:07.053871,57,-0.7467478781959952,1.184504167515093,1.6073669054340014,0.6958000185841229,46.999998949468136,1.0,1.9334815421460916,1
12:05:07.053871,57,-0.8154010422112388,1.3500869635786736,1.5361869041500742,0.6958000185841229,87.11999805271626,1.0,2.0587568939222733,1
12:05:07.053871,57,-0.7553723223812143,1.359016333685808,1.465936786417802,0.6958000185841229,169.8799962028861,1.0,1.4244111520347142,1
12:05:07.053871,57,-0.7844616997039575,1.302958241549249,1.569081837993641,0.6958000185841229,207.51999536156652,1.0,1.1464153651009072,1
12:05:07.053871,57,-0.7270031188016506,1.3120880791081608,1.5013396568951949,0.6958000185841229,822.5199816152453,1.0,0.5325012573607569,1
12:05:07.053871,57,-0.697913795844697,1.259587955114113,1.5212923797807738,0.6958000185841229,694.5199844762683,1.0,0.14209470000777158,1
12:05:07.053871,57,-0.6688244728877434,1.207087831120065,1.5412451026663527,0.6958000185841229,295.75999338924885,1.0,0.42600680912433453,1
12:05:07.053871,57,-0.6319570917360253,1.1080606185368542,1.4452810768901918,0.6958000185841229,78.23999825119972,1.0,2.5925095071577684,1
12:05:07.053871,57,-0.7705775743382955,1.3572148918388076,1.4833626068081875,0.6958000185841229,157.9999964684248,1.0,1.477701970000816,1
12:05:07.053871,57,-0.7112843485756468,1.2527819941395322,1.5231160315276304,0.6958000185841229,485.3599891513586,1.0,0.1708298708550861,1
12:05:07.053871,57,-0.6816377356943226,1.2005655452898942,1.542992743887352,0.6958000185841229,220.75999506562948,1.0,0.5201775389713861,1
12:05:07.053871,57,-0.6440640534683515,1.1018978584229648,1.4469323834858554,0.6958000185841229,63.999998569488525,1.0,2.9145082418985884,1
12:05:07.053871,57,-0.7409309614569712,1.30499844298917,1.503239319167909,0.6958000185841229,673.3599849492311,1.0,0.49000468119823115,1
12:05:07.053871,57,-0.7086542867007375,1.201166467261925,1.5878695797863362,0.6958000185841229,110.1199975386262,1.0,0.8298218360171747,1
12:05:07.053871,57,-0.7547847116368986,1.2977746309649687,1.505174933766068,0.6958000185841229,459.879989720881,1.0,0.5496080713822881,1
12:05:07.053871,57,-0.7262191164868814,1.260487874492652,1.5680479403210694,0.6958000185841229,312.35999301820993,1.0,0.36944918414208394,1
12:05:07.053871,57,-0.6943828352984089,1.1939198210221766,1.5447734603380068,0.6958000185841229,155.51999652385712,1.0,0.7037842199674966,1
12:05:07.053871,57,-0.6680835550902582,1.089223063580198,1.4503285845282048,0.6958000185841229,50.75999886542559,1.0,3.806912214019132,1
12:05:07.053871,57,-0.7993152273666726,1.3420503866741755,1.4874259237206684,0.6958000185841229,108.63999757170676,1.0,1.5654620434202429,1
12:05:07.053871,57,-0.7702975854923093,1.3056516370117162,1.5520198303230195,0.6958000185841229,304.35999319702387,1.0,0.8904622490392136,1
12:05:07.053871,57,-0.7398831739381345,1.2580339126066649,1.5843919726356823,0.6958000185841229,205.8799953982234,1.0,0.5541856132734588,1
12:05:07.053871,57,-0.7849856498061436,1.3497020359363647,1.4853756704800984,0.6958000185841229,133.9999970048666,1.0,1.4669025835836123,1
12:05:07.053871,57,-0.6724106966520402,1.1109111750601235,1.5013805058380796,0.6958000185841229,39.99999910593033,1.0,2.8820772754387955,1
12:05:07.109370,58,-0.6429985896174223,1.219759490984254,1.5378497416389814,0.6958000185841229,121.23999729007484,1.0,1.5308152704351925,1
12:05:07.109370,58,-0.6709646620212742,1.2728107461362248,1.5177493436047134,0.6958000185841229,207.63999535888436,1.0,0.9793862412607125,1
12:05:07.109370,58,-0.6989307344251264,1.325862001288196,1.4976489455704454,0.6958000185841229,208.2399953454733,1.0,0.9843104357137249,1
12:05:07.109370,58,-0.7382625229483941,1.3486887602613813,1.4179833920749,0.6958000185841229,164.8799963146448,1.0,0.7037915247511141,1
12:05:07.109370,58,-0.6573887758196059,1.2792262539157315,1.516030313476159,0.6958000185841229,151.51999661326408,1.0,1.4178226438574029,1
12:05:07.109370,58,-0.6087917087547499,1.0650983820180864,1.344393962979472,0.6263600167294499,38.6399991363287,1.0,4.2560363955919955,1
12:05:07.109370,58,-0.6299885517203703,1.2259075978629013,1.5362023613658675,0.6958000185841229,93.2399979159236,1.0,1.9395148062717544,1
12:05:07.109370,58,-0.6207459630411877,1.059160121707318,1.3459851150341882,0.6263600167294499,45.11999899148941,1.0,4.264775780225593,1
12:05:07.109370,58,-0.766553605032183,1.4003720886655586,1.3956798359317846,0.6958000185841229,40.23999910056591,1.0,1.6223784010132865,1
12:05:07.109370,58,-0.7843190719615164,1.4110954267650089,1.4454708603498712,0.6958000185841229,44.99999899417162,1.0,1.780713406445455,1
12:05:07.109370,58,-0.7132822720583876,1.2720708805365433,1.58063077841469,0.6958000185841229,361.8799919113517,1.0,0.40442440868493423,1
12:05:07.109370,58,-0.7270031188016506,1.3120880791081608,1.5013396568951949,0.6958000185841229,285.35999362170696,1.0,0.3427986109970777,1
12:05:07.109370,58,-0.6688244728877434,1.207087831120065,1.5412451026663527,0.6958000185841229,150.999996624887,1.0,0.9722425070760866,1
12:05:07.109370,58,-0.6326381432513828,1.0531066910046427,1.3476071269024077,0.6263600167294499,50.1199988797307,1.0,4.350859162865073,1
12:05:07.109370,58,-0.6038715274637122,1.0052209985488243,1.3772720077244225,0.5566400148672983,5.119999885559082,0.5119999885559082,6.515137948723171,1
12:05:07.109370,58,-0.7993449670964002,1.4034468532202935,1.447520289454428,0.6958000185841229,47.23999894410372,1.0,1.6050987460691113,1
12:05:07.109370,58,-0.7705775743382955,1.3572148918388076,1.4833626068081875,0.6958000185841229,250.63999439775944,1.0,0.6767102058124213,1
12:05:07.109370,58,-0.7409309614569712,1.30499844298917,1.503239319167909,0.6958000185841229,376.2399915903807,1.0,0.17074183742946467,1
12:05:07.109370,58,-0.6841367915365993,1.3271679248553063,1.4810077557691828,0.6958000185841229,152.9999965801835,1.0,1.3299647946282083,1
12:05:07.109370,58,-0.7553723223812143,1.359016333685808,1.465936786417802,0.6958000185841229,208.999995328486,1.0,0.752851111812829,1
12:05:07.109370,58,-0.7236921498049204,1.3557495178196863,1.4160914677892,0.6958000185841229,128.11999713629484,1.0,1.0227976268950545,1
12:05:07.109370,58,-0.5967765758074829,1.0709208781158928,1.3428338298521312,0.6263600167294499,32.119999282062054,1.0,4.32456849922729,1
12:05:07.109370,58,-0.6816377356943226,1.2005655452898942,1.542992743887352,0.6958000185841229,170.35999619215727,1.0,0.8226117869512788,1
12:05:07.109370,58,-0.6860134308899489,1.4090853592527537,1.323454879716846,0.6958000185841229,30.999999307096004,1.0,3.5612544547923086,1
12:05:07.109370,58,-0.6606948332648366,1.3570804514420194,1.3484240317835354,0.6263600167294499,64.87999854981899,1.0,2.6826578851819747,1
12:05:07.109370,58,-0.6391284256474797,1.329382675887549,1.431645043612792,0.6958000185841229,70.11999843269587,1.0,2.8053779653144977,1
12:05:07.109370,58,-0.613555202226823,1.2761905492072472,1.4543864328213898,0.6958000185841229,67.63999848812819,1.0,2.8129885269632022,1
12:05:07.109370,58,-0.5879819788061664,1.222998422526945,1.4771278220299875,0.6958000185841229,43.5199990272522,1.0,3.3698332592072258,1
12:05:07.109370,58,-0.751424878173357,1.407703422699638,1.3937154108979102,0.6958000185841229,34.23999923467636,1.0,1.9612204084831504,1
12:05:07.109370,58,-0.7046361967336214,1.4224206189429625,1.3722606513372728,0.6958000185841229,31.75999929010868,1.0,3.4353326207502226,1
12:05:07.109370,58,-0.6534080921117426,1.323140151986336,1.4333177228508542,0.6958000185841229,88.63999801874161,1.0,2.1132314299777875,1
12:05:07.109370,58,-0.6294410872806939,1.2864886043150237,1.4984449607816297,0.6958000185841229,86.23999807238579,1.0,2.453464874197537,1
12:05:07.109370,58,-0.6011189106142664,1.2172554585014257,1.4786666446027863,0.6958000185841229,55.11999876797199,1.0,2.7649065175617014,1
12:05:07.109370,58,-0.584701765702615,1.0766270277560044,1.3413048716641722,0.6263600167294499,26.359999410808086,1.0,4.470277841336759,1
12:05:07.109370,58,-0.7209435192550203,1.4219258830757826,1.389904514125739,0.6958000185841229,31.999999284744263,1.0,2.9741292766903626,1
12:05:07.109370,58,-0.6943357619538684,1.3694470719253582,1.4124212192283037,0.6958000185841229,100.2399977594614,1.0,1.9756930961216408,1
12:05:07.109370,58,-0.6699401128290383,1.333707668470626,1.4792554367487512,0.6958000185841229,114.8799974322319,1.0,1.8800267652496203,1
12:05:07.109370,58,-0.6437471512911164,1.2855103101200371,1.5143465056910237,0.6958000185841229,112.7599974796176,1.0,1.948544614000775,1
12:05:07.109370,58,-0.6141957310349229,1.2113858907222943,1.4802393905491245,0.6958000185841229,71.23999840766191,1.0,2.245270916448637,1
12:05:07.109370,58,-0.6786302914060185,1.3699235486480554,1.3954285359100624,0.6958000185841229,79.87999821454287,1.0,2.4461623124480556,1
12:05:07.109370,58,-0.6444670601772775,1.0469386952480595,1.3492598363843027,0.6263600167294499,51.63999884575605,1.0,4.514337276586156,1
12:05:07.109370,58,-0.6860182686990979,1.280951157252488,1.5625648202310818,0.6958000185841229,283.11999367177486,1.0,0.8535145016520889,1
12:05:07.109370,58,-0.7849856498061436,1.3497020359363647,1.4853756704800984,0.6958000185841229,269.8799939677119,1.0,0.5988192750797802,1
12:05:07.109370,58,-0.7801623789386595,1.2532325966010462,1.648487283216907,0.6958000185841229,139.99999687075615,1.0,0.6993107367059801,1
12:05:07.109370,58,-0.7467478781959952,1.184504167515093,1.6073669054340014,0.6958000185841229,62.87999859452248,1.0,1.1495492158160443,1
12:05:07.109370,58,-0.721071129283665,1.0323702572462796,1.409111463750847,0.6263600167294499,24.63999944925308,1.0,5.881171227626456,1
12:05:07.109370,58,-0.9056016823945056,1.3731574154161623,1.543739567645129,0.6958000185841229,24.99999944120645,1.0,3.5536627406788575,1
12:05:07.109370,58,-0.8721787732024413,1.322478494987798,1.5605787048673654,0.6958000185841229,98.5199977979064,1.0,2.2864850797348915,1
12:05:07.109370,58,-0.8395046765659298,1.2852223552151347,1.6228976325324025,0.5566400148672983,130.35999708622694,1.0,1.5468346097347339,1
12:05:07.109370,58,-0.8060347741220429,1.2379105982495724,1.6525928003016157,0.6958000185841229,102.51999770849945,1.0,1.332207435346789,1
12:05:07.109370,58,-0.7724389260408441,1.186313995060587,1.6670728697453867,0.6958000185841229,48.119998924434185,1.0,1.6836171924317802,1
12:05:07.109370,58,-0.9200007326305608,1.3643403595316106,1.5461020906490153,0.6958000185841229,21.51999951899052,1.0,4.181532191736339,1
12:05:07.109370,58,-0.8117048021030218,1.2875399434756627,1.573213158511121,0.6958000185841229,179.2399959936738,1.0,0.767678070224712,1
12:05:07.109370,58,-0.8860463997918232,1.3139868488986337,1.5628540345793678,0.6958000185841229,76.99999827891588,1.0,2.8773713825785356,1
12:05:07.109370,58,-0.7847206908791535,1.1787934291090116,1.6690879993187362,0.6958000185841229,37.63999915868044,1.0,2.110862361437194,1
12:05:07.109370,58,-0.9343077835641306,1.3553846626723551,1.5485017623901105,0.6958000185841229,19.999999552965164,1.0,4.922222076433531,1
12:05:07.109370,58,-0.8998254224835563,1.305361678636996,1.5651651419855546,0.6958000185841229,61.35999862849712,1.0,3.5742270966168777,1
12:05:07.109370,58,-0.866245548008538,1.2730291540423886,1.6425280103504896,0.5566400148672983,74.5199983343482,1.0,2.623605274030424,1
12:05:07.109370,58,-0.8315847661571764,1.2220918812331645,1.6568314127514585,0.6958000185841229,59.63999866694212,1.0,2.3369742368936586,1
12:05:07.109370,58,-0.9144746216938704,1.310745666265232,1.6147491448537536,0.6958000185841229,49.63999889045954,1.0,4.242230880337072,1
12:05:07.109370,58,-0.8794237384027515,1.2645981487328215,1.6447870914145706,0.5566400148672983,58.51999869197607,1.0,3.3076078053835896,1
12:05:07.109370,58,-0.8150672166782768,1.4014241942477947,1.465654665151781,0.6958000185841229,46.51999896019697,1.0,1.648850288503857,1
12:05:07.109370,58,-0.8188507123322093,1.230062938747069,1.6546955743277856,0.6958000185841229,77.23999827355146,1.0,1.7881604755635014,1
12:05:07.109370,58,-0.8441832640565351,1.3390578314559476,1.5561362850496807,0.6958000185841229,127.87999714165926,1.0,1.423144006236222,1
12:05:07.109370,58,-0.8529807337852652,1.2813324483851265,1.640303149336835,0.5566400148672983,97.23999782651664,1.0,2.0387756536815242,1
12:05:07.109370,58,-0.7095340049682675,1.0392796069018309,1.4072601090904178,0.6263600167294499,30.119999326765537,1.0,5.297484454471329,1
12:05:07.109370,58,-0.8760509014081728,1.385183323283216,1.5228718664333425,0.6958000185841229,29.11999934911728,1.0,2.576975237802182,1
12:05:07.109370,58,-0.7564882163997613,1.313025507482214,1.550044007685358,0.6958000185841229,439.8799901679158,1.0,0.2654294075087378,1
12:05:07.109370,58,-0.7266190536465623,1.2651166333507962,1.5824941633320777,0.6958000185841229,395.9999911487103,1.0,0.2725712835842654,1
12:05:07.109370,58,-0.6959500165740015,1.20795024150309,1.586051872956781,0.6958000185841229,166.23999628424644,1.0,0.7502483540197717,1
12:05:07.109370,58,-0.6679303790935992,1.0342614871455322,1.3526566840576562,0.6263600167294499,48.99999890476465,1.0,5.073571581222789,1
12:05:07.109370,58,-0.8299459203861984,1.3934793248496458,1.467783486490986,0.6958000185841229,43.35999903082848,1.0,1.6785775439700519,1
12:05:07.109370,58,-0.7707217971681753,1.3104692634945538,1.5670692657290644,0.6958000185841229,423.2399905398488,1.0,0.29779884203191914,1
12:05:07.109370,58,-0.7398831739381345,1.2580339126066649,1.5843919726356823,0.6958000185841229,353.11999210715294,1.0,0.2338203538762691,1
12:05:07.109370,58,-0.7090445507080936,1.205598561718776,1.6017146795423007,0.6958000185841229,141.23999684304,1.0,0.7334077520060376,1
12:05:07.109370,58,-0.6795624347717922,1.0277535425097772,1.3544004825671931,0.6263600167294499,43.35999903082848,1.0,5.469320134745896,1
12:05:07.109370,58,-0.7993152273666726,1.3420503866741755,1.4874259237206684,0.6958000185841229,253.6399943307042,1.0,0.626946965499589,1
12:05:07.109370,58,-0.813564874074132,1.3342607092107557,1.4895131615062909,0.6958000185841229,212.3599952533841,1.0,0.7611367400048388,1
12:05:07.109370,58,-0.7844616997039575,1.302958241549249,1.569081837993641,0.6958000185841229,340.6399923861027,1.0,0.35477899222116244,1
12:05:07.109370,58,-0.7530733065321876,1.2508234265702898,1.5863240165461652,0.6958000185841229,270.6399939507246,1.0,0.2882151445969742,1
12:05:07.109370,58,-0.7216849133604176,1.1986886115913304,1.603566195098689,0.6958000185841229,110.23999753594398,1.0,0.785242644355888,1
12:05:07.109370,58,-0.6862480587173134,1.0527622754575905,1.4036474389390856,0.6263600167294499,36.63999918103218,1.0,4.365181928825463,1
12:05:07.109370,58,-0.8594528665533285,1.377160442055964,1.472156117956931,0.6958000185841229,33.7599992454052,1.0,2.07680810067351,1
12:05:07.109370,58,-0.8296013101133048,1.3421421462672516,1.5383157115326829,0.6958000185841229,166.63999627530575,1.0,1.100238233946724,1
12:05:07.109370,58,-0.7981231567269919,1.2953148800997047,1.5711298705215058,0.6958000185841229,249.6399944201112,1.0,0.5114092473616756,1
12:05:07.109370,58,-0.7669934419530988,1.2565885858522634,1.6318795650040498,0.6958000185841229,194.87999564409256,1.0,0.48676052515058893,1
12:05:07.109370,58,-0.8447416301974107,1.3853911378483943,1.469950709666203,0.6958000185841229,38.75999913364649,1.0,1.821225788707185,1
12:05:07.109370,58,-0.7342531081260338,1.1916569124687622,1.6054503332,0.6958000185841229,83.23999813944101,1.0,0.9239599255727882,1
12:05:07.164784,59,-0.6841367915365993,1.3271679248553063,1.4810077557691828,0.5566400148672983,117.2399973794818,1.0,2.520463877776863,1
12:05:07.164784,59,-0.7553723223812143,1.359016333685808,1.465936786417802,0.5566400148672983,372.9999916628003,1.0,2.788148970889532,1
12:05:07.164784,59,-0.7816056771727249,1.3928949913539836,1.39768331811815,0.5566400148672983,67.63999848812819,1.0,3.062774026010276,1
12:05:07.164784,59,-0.6489718308789699,1.107321069009969,1.3162464798982516,0.4174800111504737,42.63999904692173,1.0,5.390581636480231,1
12:05:07.164784,59,-0.681455826383326,1.2449119183069624,1.4627675167114722,0.5566400148672983,63.75999857485294,1.0,2.855343361198917,1
12:05:07.164784,59,-0.6680065920492497,1.251429375481371,1.4610211693248851,0.5566400148672983,45.759998977184296,1.0,2.852054724741511,1
12:05:07.164784,59,-0.7408254491668606,1.3662424740860992,1.4640005479331504,0.5566400148672983,319.63999285548925,1.0,2.7377233057554675,1
12:05:07.164784,59,-0.766553605032183,1.4003720886655586,1.3956798359317846,0.5566400148672983,79.75999821722507,1.0,2.9985804610521587,1
12:05:07.164784,59,-0.6364740060795077,1.1135293472680106,1.3145829767526218,0.4174800111504737,31.75999929010868,1.0,5.376183499143913,1
12:05:07.164784,59,-0.7270031188016506,1.3120880791081608,1.5013396568951949,0.5566400148672983,231.35999482870105,1.0,2.6332295425634054,1
12:05:07.164784,59,-0.6989307344251264,1.325862001288196,1.4976489455704454,0.5566400148672983,161.99999637901783,1.0,2.5812117332237,1
12:05:07.164784,59,-0.6948369157056884,1.3346570507678213,-0.1967198163968438,0.5566400148672983,93.6399979069829,1.0,1.3341211039999172,1
12:05:07.164784,59,-0.7547847116368986,1.3816241838872858,-0.1420755202259243,0.5566400148672983,475.359989374876,1.0,1.1799554199120785,1
12:05:07.164784,59,-0.6326381432513828,1.186074651126015,-0.3575990568549941,0.4872000130126253,25.63999942690134,1.0,3.989392966665247,1
12:05:07.164784,59,-0.7965795894003795,1.493433281996618,-0.2212854870440939,0.5566400148672983,56.63999873399735,1.0,3.782153820692972,1
12:05:07.164784,59,-0.7705775743382955,1.4446845126213892,-0.1477603386059905,0.5566400148672983,409.8799908384681,1.0,2.265633637128041,1
12:05:07.164784,59,-0.7409309614569712,1.3891028244077013,-0.1420755202259243,0.5566400148672983,337.2399924620986,1.0,1.318016227685515,1
12:05:07.164784,59,-0.7106069054298695,1.3322510607941078,-0.1514972135823613,0.5566400148672983,145.23999675363302,1.0,1.0386731794735558,1
12:05:07.164784,59,-0.6737715472773587,1.2333305772909964,-0.3738594021792776,0.4174800111504737,86.35999806970358,1.0,2.5297645383468454,1
12:05:07.164784,59,-0.6444670601772775,1.179689072038354,-0.3575990568549941,0.4872000130126253,30.759999312460423,1.0,3.8299379688922537,1
12:05:07.164784,59,-0.8142909284042662,1.4905495859388649,-0.1704156465140631,0.5566400148672983,53.75999879837036,1.0,3.6896939424987445,1
12:05:07.164784,59,-0.7849856498061436,1.436906631858737,-0.1477603386059905,0.6263600167294499,414.9999907240272,1.0,2.129243292301579,1
12:05:07.164784,59,-0.7245837734676538,1.3263417359158352,-0.1363907018458581,0.5566400148672983,232.99999479204416,1.0,0.8595328326986914,1
12:05:07.164784,59,-0.7236921498049204,1.3557495178196863,1.4160914677892,0.5566400148672983,264.51999408751726,1.0,2.3737288699997796,1
12:05:07.164784,59,-0.6614047590390536,1.2400065143062595,-0.3738594021792776,0.4174800111504737,59.63999866694212,1.0,2.691428683539249,1
12:05:07.164784,59,-0.750404930928973,1.4013371110746105,1.377909960244213,0.5566400148672983,88.99999801069498,1.0,2.7970224861683977,1
12:05:07.164784,59,-0.6264248314653474,1.1272843152856198,0.7873139881946951,0.3480400092958007,29.11999934911728,1.0,3.9105369151898444,1
12:05:07.164784,59,-0.6400391361569592,1.2583962240989692,1.443587099254725,0.5566400148672983,34.23999923467636,1.0,2.921581539928946,1
12:05:07.164784,59,-0.7168810870388367,1.3373775676580226,0.0564397645987813,0.2088800055789761,9.119999796152117,0.9119999796152116,0.5592509768414775,1
12:05:07.164784,59,-0.7963777613301508,1.3685549044436225,0.0280259782759833,0.2783200074336491,10.239999771118164,1.0,0.7162013260453769,1
12:05:07.164784,59,-0.8470238554118281,1.367327267278967,-0.0329110736482505,0.2783200074336491,6.11999986320734,0.611999986320734,1.0714560767223036,1
12:05:07.164784,59,-0.6983017640523844,1.2196093871083469,-0.3738594021792776,0.4872000130126253,126.51999717205764,1.0,2.2686530114745755,1
12:05:07.164784,59,-0.6633025260569997,1.1612244731327257,0.7456834325934649,0.3480400092958007,8.51999980956316,0.851999980956316,2.412261053510748,1
12:05:07.164784,59,-0.6404206690768496,1.1211658705007943,0.7889534205337232,0.3480400092958007,30.35999932140112,1.0,3.8264604362530132,1
12:05:07.164784,59,-0.6175388120966995,1.0811072678688642,0.8322234084739812,0.3480400092958007,63.999998569488525,1.0,5.578872772418626,1
12:05:07.164784,59,-0.6722597519506296,1.1718107508115567,0.8560105986577726,0.3480400092958007,30.51999931782484,1.0,2.2320871840656564,1
12:05:07.164784,59,-0.6487152682449825,1.3856592774024028,1.2430547282033533,0.6958000185841229,71.11999841034412,1.0,2.0337539335631734,1
12:05:07.164784,59,-0.6886305022353542,1.4304275112607785,1.2167691741172384,0.5566400148672983,29.35999934375286,1.0,2.3806812364333854,1
12:05:07.164784,59,-0.6539974310634896,1.4150458057825452,1.304455605658135,0.6958000185841229,78.35999824851751,1.0,2.496275941130375,1
12:05:07.164784,59,-0.6298604432738002,1.362820916641186,1.330125961161086,0.6958000185841229,99.35999777913094,1.0,2.2892059545838124,1
12:05:07.164784,59,-0.7044398258810284,1.423699442305006,1.2185719547605585,0.5566400148672983,26.75999940186739,1.0,2.3034901813527346,1
12:05:07.164784,59,-0.669432967564791,1.4086540746542424,1.3061682648522006,0.5566400148672983,85.23999809473753,1.0,2.3849841882374108,1
12:05:07.164784,59,-0.6458672524462123,1.3633907141977757,1.3467332019741023,0.6958000185841229,119.11999733746052,1.0,2.240168596803609,1
12:05:07.164784,59,-0.7013406211540794,1.4023848980198712,1.3252502628931129,0.5566400148672983,90.9999979659915,1.0,2.3753991747339978,1
12:05:07.164784,59,-0.6637994156779503,1.3764070401525732,1.3936912895972928,0.6958000185841229,144.11999677866697,1.0,2.4068415377878387,1
12:05:07.164784,59,-0.6391284256474797,1.329382675887549,1.431645043612792,0.5566400148672983,53.87999879568815,1.0,2.5153593825763534,1
12:05:07.164784,59,-0.716597677943678,1.395536724988823,1.3270852253264107,0.5566400148672983,94.23999789357184,1.0,2.3402998307679272,1
12:05:07.164784,59,-0.6786302914060185,1.3699235486480554,1.3954285359100624,0.6958000185841229,175.87999606877565,1.0,2.3366831494572837,1
12:05:07.164784,59,-0.6534080921117426,1.323140151986336,1.4333177228508542,0.5566400148672983,67.87999848276377,1.0,2.435092307373521,1
12:05:07.164784,59,-0.6370456803043534,1.2406133451497006,1.4017878321223365,0.5566400148672983,26.6399994045496,1.0,2.990033216406175,1
12:05:07.164784,59,-0.7199649459109914,1.4155402665811798,1.374104236196254,0.5566400148672983,93.87999790161848,1.0,2.790911734168752,1
12:05:07.164784,59,-0.6943357619538684,1.3694470719253582,1.4124212192283037,0.5566400148672983,215.879995174706,1.0,2.3922003638610323,1
12:05:07.164784,59,-0.6676224183142199,1.3167600115243372,1.435027276335244,0.5566400148672983,87.87999803572893,1.0,2.378677097095671,1
12:05:07.164784,59,-0.6239125344126758,1.1196165974119603,1.312951902992424,0.4174800111504737,24.35999945551157,1.0,5.384970005868297,1
12:05:07.164784,59,-0.6679303790935992,1.1665646604557056,-0.3575990568549941,0.4872000130126253,36.23999918997288,1.0,3.572158475170437,1
12:05:07.164784,59,-0.6795624347717922,1.159827140390881,-0.3575990568549941,0.4872000130126253,40.99999908357859,1.0,3.4737887466184567,1
12:05:07.164784,59,-0.7993152273666726,1.42898506163674,-0.1477603386059905,0.6263600167294499,385.5199913829565,1.0,2.014438586257723,1
12:05:07.164784,59,-0.8528527856146165,1.3305688824428634,-0.031612893170509,0.6263600167294499,139.519996881485,1.0,0.7158638410646132,1
12:05:07.164784,59,-0.8178682552822942,1.2759881526707018,-0.075843391276803,0.5566400148672983,72.23999838531017,1.0,0.3762518951567459,1
12:05:07.164784,59,-0.7777549718724137,1.1871069117236184,-0.3173604374604207,0.5566400148672983,54.9999987706542,1.0,1.5943010268895108,1
12:05:07.164784,59,-0.747887469972318,1.1169907925308336,-0.3575990568549941,0.4872000130126253,29.35999934375286,1.0,3.3096759043480963,1
12:05:07.164784,59,-0.9007711927902502,1.3748696537014855,-0.0328778088706733,0.6263600167294499,115.99999740719797,1.0,1.804450340371708,1
12:05:07.164784,59,-0.866245548008538,1.3221722965204523,-0.0158072369404798,0.6263600167294499,103.1199976950884,1.0,0.7448878202175859,1
12:05:07.164784,59,-0.8305870307900224,1.2677458077382502,-0.075843391276803,0.5566400148672983,51.23999885469675,1.0,0.41150746209893446,1
12:05:07.164784,59,-0.7895869554513697,1.1792701369556011,-0.3173604374604207,0.5566400148672983,39.63999911397696,1.0,1.6239862885655794,1
12:05:07.164784,59,-0.7552452845335088,1.127979893763274,-0.3035574134484753,0.4872000130126253,24.35999945551157,1.0,2.810578993684968,1
12:05:07.164784,59,-0.9146118146032728,1.365998250631993,-0.0164397264147708,0.6263600167294499,94.99999787658452,1.0,1.8647518915109664,1
12:05:07.164784,59,-0.8794237384027515,1.313443877546547,-0.0158072369404798,0.6263600167294499,78.75999823957682,1.0,0.8108547033845624,1
12:05:07.164784,59,-0.8432227482905379,1.2593766892871434,-0.075843391276803,0.5566400148672983,37.99999915063381,1.0,0.46772285368285144,1
12:05:07.164784,59,-0.8078648902435437,1.180852869838102,-0.2603537637642698,0.5566400148672983,29.639999337494373,1.0,1.374332141393364,1
12:05:07.164784,59,-0.9282258389314476,1.3567839857846076,-0.0164397264147708,0.6263600167294499,78.75999823957682,1.0,1.956132344856873,1
12:05:07.164784,59,-0.8925139871599064,1.3045841152852908,-0.0158072369404798,0.6263600167294499,61.87999861687422,1.0,0.8979442501210866,1
12:05:07.164784,59,-0.8291554613015055,1.482332285696392,-0.1704156465140631,0.5566400148672983,49.63999889045954,1.0,3.575333417121378,1
12:05:07.164784,59,-0.8196328289640721,1.172715313610872,-0.2603537637642698,0.5566400148672983,22.879999488592148,1.0,1.4507887913555804,1
12:05:07.164784,59,-0.8860463997918232,1.3823555340959697,-0.0821657563486419,0.6263600167294499,142.99999680370092,1.0,1.778087593522212,1
12:05:07.164784,59,-0.7366803544006572,1.1244136933443925,-0.3575990568549941,0.4872000130126253,34.759999223053455,1.0,3.2863783249716665,1
12:05:07.164784,59,-0.856802135388365,1.2523842447859743,-0.0151747474661889,0.6263600167294499,29.23999934643507,1.0,0.4778691936067485,1
12:05:07.164784,59,-0.8050676936342487,1.2841028998569102,-0.075843391276803,0.5566400148672983,107.51999759674072,1.0,0.36197476178967597,1
12:05:07.164784,59,-0.7658452134478744,1.194824976795022,-0.3173604374604207,0.5566400148672983,79.11999823153019,1.0,1.5852529920467613,1
12:05:07.164784,59,-0.7702975854923093,1.377108436066878,-0.094788105628439,0.6263600167294499,576.8799871057272,1.0,0.996456551181471,1
12:05:07.164784,59,-0.7378107405893709,1.3190297025752753,-0.1363907018458581,0.5566400148672983,344.8799922913313,1.0,0.7415361300663827,1
12:05:07.164784,59,-0.710462739587979,1.2125655060484823,-0.3738594021792776,0.4872000130126253,173.63999611884356,1.0,2.169154125765435,1
12:05:07.164784,59,-0.8154010422112388,1.4241275284307513,-0.0985808291337364,0.6263600167294499,333.2399925515056,1.0,1.8992565952619824,1
12:05:07.164784,59,-0.7844616997039575,1.370090843296429,-0.0790045738127225,0.6263600167294499,539.8799879327416,1.0,0.8846229843728975,1
12:05:07.164784,59,-0.7509639272551675,1.3115857673695424,-0.1363907018458581,0.5566400148672983,368.5199917629361,1.0,0.6446850352161402,1
12:05:07.164784,59,-0.7174523647661056,1.2244948837891354,-0.3173604374604207,0.5566400148672983,193.7599956691265,1.0,1.7557458953434424,1
12:05:07.164784,59,-0.6911265347758458,1.1529736385837217,-0.3575990568549941,0.4872000130126253,43.63999902456999,1.0,3.3957381658919212,1
12:05:07.164784,59,-0.8594528665533285,1.4668508874391202,-0.1534226873481909,0.6263600167294499,40.23999910056591,1.0,3.4274564828848066,1
12:05:07.164784,59,-0.830058181027471,1.4166822019560952,-0.0821657563486419,0.6263600167294499,274.999993853271,1.0,1.823246033542417,1
12:05:07.164784,59,-0.7981231567269919,1.362177853249451,-0.0790045738127225,0.6263600167294499,406.8799909055233,1.0,0.8170619049163997,1
12:05:07.164784,59,-0.8447416301974107,1.4753719307412247,-0.1534226873481909,0.6263600167294499,44.99999899417162,1.0,3.49664718142557,1
12:05:07.164784,59,-0.7417971435838268,1.2099019025958762,-0.3173604374604207,0.5566400148672983,163.75999633967876,1.0,1.6291271390226183,1
12:05:07.164784,59,-0.7640420181573967,1.3040106746859197,-0.1363907018458581,0.5566400148672983,268.3599940016866,1.0,0.5689466277378045,1
12:05:07.164784,59,-0.8721787732024413,1.3911467330245535,-0.0821657563486419,0.6263600167294499,177.87999602407217,1.0,1.7573164345106305,1
12:05:07.164784,59,-0.905103231710008,1.443662059350631,-0.1023585616370365,0.6263600167294499,31.999999284744263,1.0,3.3929297638289544,1
12:05:07.164784,59,-0.838623233418345,1.3376248164407318,-0.0790045738127225,0.6263600167294499,195.51999562978745,1.0,0.7419983618893984,1
12:05:07.164784,59,-0.7538588711436159,1.202423560369772,-0.3173604374604207,0.5566400148672983,116.23999740183352,1.0,1.596856314413289,1
12:05:07.164784,59,-0.7140462490714374,1.1389214426496963,-0.3575990568549941,0.4872000130126253,39.87999910861254,1.0,3.3005214216020864,1
12:05:07.164784,59,-0.8117048021030218,1.3541286465583822,-0.0790045738127225,0.6263600167294499,281.9999936968088,1.0,0.7707915433523091,1
12:05:07.164784,59,-0.8441832640565351,1.4083109251570332,-0.0821657563486419,0.6263600167294499,221.87999504059556,1.0,1.7798654462873038,1
12:05:07.164784,59,-0.8886160430484233,1.4493696160209204,-0.1534226873481909,0.6263600167294499,35.879999198019505,1.0,3.3537612661638194,1
12:05:07.164784,59,-0.7026215227054485,1.1460048403786662,-0.3575990568549941,0.4872000130126253,43.239999033510685,1.0,3.3379880746149073,1
12:05:07.164784,59,-0.7792263401495085,1.299946367959731,-0.075843391276803,0.5566400148672983,168.63999623060226,1.0,0.39644299673008276,1
12:05:07.215594,60,-0.7199649459109914,1.4155402665811798,1.374104236196254,0.4174800111504737,76.7599982842803,1.0,2.8134022077597503,1
12:05:07.215594,60,-0.6943357619538684,1.3694470719253582,1.4124212192283037,0.4872000130126253,90.75999797135592,1.0,2.98447795882013,1
12:05:07.215594,60,-0.7732019297165209,1.425406041770424,1.2899565138946525,0.4174800111504737,25.51999942958355,1.0,2.1719051844100212,1
12:05:07.215594,60,-0.7236921498049204,1.3557495178196863,1.4160914677892,0.4174800111504737,87.11999805271626,1.0,2.0213148962474015,1
12:05:07.215594,60,-0.7887691023523725,1.4178622382749548,1.291977869949123,0.4174800111504737,19.999999552965164,1.0,2.1611966571572205,1
12:05:07.215594,60,-0.7655131227965857,1.3940157282334753,1.3798717188639742,0.4174800111504737,62.1199986115098,1.0,1.9523539766968212,1
12:05:07.215594,60,-0.6901713748267242,1.14887807591628,1.288277365258378,0.3480400092958007,36.75999917834997,1.0,1.1764536199785116,1
12:05:07.215594,60,-0.8042573987388202,1.4101684471350584,1.2940394150717915,0.4174800111504737,14.879999667406082,1.0,2.2604813652636193,1
12:05:07.215594,60,-0.7816056771727249,1.3928949913539836,1.39768331811815,0.4174800111504737,51.759998843073845,1.0,2.0717148772834744,1
12:05:07.215594,60,-0.7553723223812143,1.359016333685808,1.465936786417802,0.4174800111504737,69.51999844610691,1.0,2.0192019619230717,1
12:05:07.215594,60,-0.6614047590390536,1.1009923834604611,1.317942246080393,0.3480400092958007,27.359999388456345,1.0,2.6186496017562786,1
12:05:07.215594,60,-0.8211158032443906,1.4094639906930757,1.3122751590966903,0.4174800111504737,11.359999746084211,1.0,2.6551797715443937,1
12:05:07.215594,60,-0.7965795894003795,1.38527287846838,1.3997256571104664,0.4174800111504737,41.879999063909054,1.0,2.0959149230662635,1
12:05:07.215594,60,-0.7514388481659134,1.4026037984114594,1.2242245155056488,0.4174800111504737,30.23999932408333,1.0,1.6346644182946133,1
12:05:07.215594,60,-0.7382625229483941,1.3486887602613813,1.4179833920749,0.4174800111504737,79.35999822616577,1.0,1.6902288201862572,1
12:05:07.215594,60,-0.6786302914060185,1.3699235486480554,1.3954285359100624,0.4872000130126253,88.87999801337719,1.0,3.4326681797325245,1
12:05:07.215594,60,-0.6243157928014884,1.088240008097274,0.9375971892068228,0.2783200074336491,52.11999883502722,1.0,5.0907291804300465,1
12:05:07.215594,60,-0.7358455691203142,1.409786890258572,1.2222998118460564,0.4174800111504737,33.359999254345894,1.0,1.8632008162783902,1
12:05:07.215594,60,-0.7395857766550936,1.2183891138884388,1.316398035405033,0.3480400092958007,40.8799990862608,1.0,0.18871357117624274,1
12:05:07.215594,60,-0.6722597519506296,1.1718107508115567,0.8560105986577726,0.2783200074336491,28.639999359846115,1.0,3.243764946313335,1
12:05:07.215594,60,-0.6482403031095747,1.1299426361447973,0.8968846727348216,0.2783200074336491,51.35999885201454,1.0,3.935665555460808,1
12:05:07.215594,60,-0.7110340302385358,1.2068820080120135,0.8169577370498888,0.3480400092958007,10.759999759495258,1.0,2.8232007997785553,1
12:05:07.215594,60,-0.716597677943678,1.395536724988823,1.3270852253264107,0.4174800111504737,77.35999827086926,1.0,2.251058489404669,1
12:05:07.215594,60,-0.6865055860538687,1.1652483636123632,0.8577689850082169,0.2783200074336491,31.359999299049377,1.0,2.912398845705755,1
12:05:07.215594,60,-0.6375456480568056,1.0821456346723484,0.9392301716444054,0.2783200074336491,61.99999861419201,1.0,4.52192620120378,1
12:05:07.215594,60,-0.7006827701736572,1.158548702635474,0.8595641537565366,0.2783200074336491,33.519999250769615,1.0,2.6775936307605344,1
12:05:07.215594,60,-0.669432967564791,1.4086540746542424,1.3061682648522006,0.4174800111504737,66.87999850511551,1.0,3.87820611824169,1
12:05:07.215594,60,-0.6507117492814533,1.075923777507538,0.940897313247138,0.2783200074336491,72.51999837905169,1.0,4.038900217905537,1
12:05:07.215594,60,-0.7131625201624388,1.3842413457527274,1.1579427117245225,0.4174800111504737,34.35999923199415,1.0,1.7459048252980964,1
12:05:07.215594,60,-0.7001016755131777,1.3954249451585574,1.309712999417136,0.4174800111504737,73.63999835401773,1.0,2.5758366631808567,1
12:05:07.215594,60,-0.6638127798763396,1.0695750587833464,0.9425984473022576,0.2783200074336491,82.23999816179276,1.0,3.640770362069304,1
12:05:07.215594,60,-0.6539974310634896,1.4150458057825452,1.304455605658135,0.4174800111504737,59.11999867856503,1.0,4.6947788981477006,1
12:05:07.215594,60,-0.7030760343774397,1.1421491517174196,1.290080375063393,0.3480400092958007,48.35999891906977,1.0,0.8598097703106469,1
12:05:07.215594,60,-0.750404930928973,1.4013371110746105,1.377909960244213,0.4174800111504737,71.23999840766191,1.0,2.132979887403082,1
12:05:07.215594,60,-0.811473844336469,1.37750651221365,1.4018066486765457,0.4174800111504737,33.519999250769615,1.0,2.22250897417527,1
12:05:07.215594,60,-0.8458254829354791,1.221603867376374,1.4605242883145502,0.5566400148672983,55.75999875366688,1.0,2.083866123270981,1
12:05:07.215594,60,-0.8159016791394627,1.0760796591289867,1.3077836422467974,0.3480400092958007,150.11999664455652,1.0,1.531556964863335,1
12:05:07.215594,60,-0.7818945745558904,1.0312282334684209,1.3366354937314038,0.4174800111504737,92.23999793827534,1.0,1.4986250149089664,1
12:05:07.215594,60,-0.8589790249230684,1.213370225432041,1.462730486024301,0.5566400148672983,47.11999894678593,1.0,2.5765142836334576,1
12:05:07.215594,60,-0.8280464001367764,1.068139933607709,1.3099110852883484,0.6958000185841229,105.2399976477027,1.0,1.9781454918741677,1
12:05:07.215594,60,-0.7935330987801694,1.0236194388461357,1.3386742641058194,0.4174800111504737,69.2399984523654,1.0,1.7727500542086407,1
12:05:07.215594,60,-0.8401083171878145,1.0600832980305,1.3120698542849736,0.6958000185841229,73.51999835669994,1.0,2.4950572136454516,1
12:05:07.215594,60,-0.8050922703593933,1.015898607025275,1.3407430547571155,0.4174800111504737,50.99999886006117,1.0,2.1130782649482867,1
12:05:07.215594,60,-0.8639789231256072,1.043622530945861,1.3164805035320994,0.6958000185841229,52.7599988207221,1.0,3.7351966614455767,1
12:05:07.215594,60,-0.827967940003568,1.0001239312210992,1.3449698663997072,0.4174800111504737,37.87999915331602,1.0,2.988124055123741,1
12:05:07.215594,60,-0.8757852249717669,1.0352200455013485,1.3187319427213708,0.6958000185841229,39.11999912559986,1.0,4.456059727489644,1
12:05:07.215594,60,-0.8392821505207197,0.9920716646921488,1.3471274647133795,0.4174800111504737,28.759999357163903,1.0,3.5206963731708587,1
12:05:07.215594,60,-0.8875039490291634,1.026703941962135,1.3210138257873627,0.6958000185841229,29.879999332129955,1.0,5.242517801017541,1
12:05:07.215594,60,-0.8588798858755909,1.0091653204429671,1.4010392658505144,0.4174800111504737,22.359999500215054,1.0,4.024101602320847,1
12:05:07.215594,60,-0.6737715472773587,1.0945439234827394,1.3196701057238478,0.3480400092958007,35.35999920964241,1.0,2.1764140449157923,1
12:05:07.215594,60,-0.7701778615292276,1.0387242300190431,1.334626947509198,3.4790000929206144,113.63999745994806,1.0,1.291739818741135,1
12:05:07.215594,60,-0.8036753686577981,1.0839016806284325,1.3056877379028422,0.3480400092958007,196.99999559670687,1.0,1.1564352515467582,1
12:05:07.215594,60,-0.8759082709434783,1.226845968241436,1.524180211663058,0.5566400148672983,39.11999912559986,1.0,3.658944749459393,1
12:05:07.215594,60,-0.7140462490714374,1.007560189144974,1.3598112752937686,0.4174800111504737,14.999999664723871,1.0,2.223996010026376,1
12:05:07.215594,60,-0.8314572458962534,1.2239148684018517,1.4436888972688324,0.5566400148672983,63.51999858021736,1.0,1.5554625569506184,1
12:05:07.215594,60,-0.7286731490111696,1.1283190558902556,1.2937861380715263,0.3480400092958007,65.75999853014946,1.0,0.46840477021871085,1
12:05:07.215594,60,-0.6983017640523844,1.081290271517894,1.3232214110645912,0.3480400092958007,46.75999895483256,1.0,1.5185281071308736,1
12:05:07.215594,60,-0.8262869525679784,1.3695966692199135,1.4039260847189745,0.4174800111504737,26.75999940186739,1.0,2.4501702939219268,1
12:05:07.215594,60,-0.7665121131832329,1.2038408407808163,1.3202962334354882,0.5566400148672983,57.2399987205863,1.0,0.09783854701846452,1
12:05:07.215594,60,-0.710462739587979,1.0744864048848626,1.325044501634321,0.3480400092958007,62.759998597204685,1.0,1.3010958979865468,1
12:05:07.215594,60,-0.78621099336128,1.2228786702439476,1.3793464479673578,0.5566400148672983,64.51999855786562,1.0,0.41524926576699456,1
12:05:07.215594,60,-0.7539788041138361,1.1139972606848134,1.2976236515309885,0.3480400092958007,130.75999707728624,1.0,0.39290040278571614,1
12:05:07.215594,60,-0.7413630444041658,1.121219267259948,1.295688520701449,0.3480400092958007,91.99999794363976,1.0,0.39167093114298634,1
12:05:07.215594,60,-0.722552669444841,1.0675654143992683,1.3268989754457596,0.3480400092958007,83.8799981251359,1.0,1.1567848311160265,1
12:05:07.215594,60,-0.7995899296978204,1.215219776256237,1.3813986424262803,0.5566400148672983,68.75999846309423,1.0,0.583639730444288,1
12:05:07.215594,60,-0.7665191665747794,1.106653758359459,1.2995913370486836,0.3480400092958007,178.87999600172043,1.0,0.4710565983650942,1
12:05:07.215594,60,-0.734570344640114,1.0605279921543609,1.3287846470530793,3.4790000929206144,106.75999761372805,1.0,1.084657473512018,1
12:05:07.215594,60,-0.8128889077112883,1.20743203676538,1.3834853609337194,0.5566400148672983,68.35999847203493,1.0,0.8360043560714111,1
12:05:07.215594,60,-0.7789828777612554,1.0991894946279643,1.3015913804876302,0.3480400092958007,211.63999526947737,1.0,0.6250837601611152,1
12:05:07.215594,60,-0.7465145634163464,1.0533748418864692,1.3307013278906994,3.4790000929206144,120.23999731242657,1.0,1.0837586324284205,1
12:05:07.215594,60,-0.7530865989336416,1.2111799999846802,1.3183297116536892,0.5566400148672983,48.87999890744686,1.0,0.10007022710623183,1
12:05:07.271859,61,-0.8099781250834432,1.3112938294810783,1.4280033335784998,0.2783200074336491,43.87999901920557,1.0,1.1470646503613717,1
12:05:07.271859,61,-0.8262869525679784,1.3695966692199135,1.4039260847189745,0.2783200074336491,60.35999865084887,1.0,1.7839806997475567,1
12:05:07.271859,61,-0.7957913005399861,1.319049164732008,1.4259252977609806,0.2783200074336491,34.879999220371246,1.0,1.6274691306559608,1
12:05:07.271859,61,-0.7727534365840917,1.2304079528455312,1.3773289827746775,0.3480400092958007,37.35999916493893,1.0,1.4187636409069706,1
12:05:07.271859,61,-0.7358419305744462,1.1556719758879574,1.347492983861049,0.3480400092958007,34.879999220371246,1.0,3.1178496308556887,1
12:05:07.271859,61,-0.8861645172759494,1.3969701243616068,1.3699426374084542,0.2783200074336491,16.519999630749226,1.0,2.438533824910042,1
12:05:07.271859,61,-0.8410174327964948,1.361544140464842,1.406083753295924,0.2783200074336491,64.7599985525012,1.0,1.4431930379077496,1
12:05:07.271859,61,-0.855740500178486,1.41379619529129,1.3654341052910568,0.2783200074336491,20.87999953329563,1.0,2.665433481378974,1
12:05:07.271859,61,-0.7740602821993859,1.1337935323317956,1.3533552951435723,0.3480400092958007,60.63999864459038,1.0,1.7853687784995496,1
12:05:07.271859,61,-0.748656670814898,1.1485023386102755,1.349414082379628,0.3480400092958007,45.759998977184296,1.0,2.5791949569034163,1
12:05:07.271859,61,-0.722552669444841,1.0675654143992683,1.3268989754457596,0.3480400092958007,23.9999994635582,1.0,5.0185067419565605,1
12:05:07.271859,61,-0.9024693282439148,1.3948514910706364,1.3886704737781643,0.2783200074336491,12.879999712109566,1.0,2.638660684927673,1
12:05:07.271859,61,-0.8586343043921744,1.371412882670773,1.456103765993534,0.2783200074336491,66.63999851047993,1.0,1.6309402080035769,1
12:05:07.271859,61,-0.8269448133689131,1.320798347457968,1.4761772649638958,0.2783200074336491,55.75999875366688,1.0,1.134079120680942,1
12:05:07.271859,61,-0.8010049362498071,1.2215287068534455,1.395823278910166,0.3480400092958007,64.99999854713678,1.0,0.6457833674521783,1
12:05:07.271859,61,-0.734570344640114,1.0605279921543609,1.3287846470530793,0.3480400092958007,27.99999937415123,1.0,4.5698373525541465,1
12:05:07.271859,61,-0.7286731490111696,1.1283190558902556,1.2937861380715263,0.3480400092958007,27.119999393820763,1.0,3.409256141956051,1
12:05:07.271859,61,-0.78621099336128,1.2228786702439476,1.3793464479673578,0.3480400092958007,48.87999890744686,1.0,0.9694832504956188,1
12:05:07.271859,61,-0.7592186051106583,1.237806871139035,1.3753464485930695,0.3480400092958007,29.23999934643507,1.0,1.970723780529513,1
12:05:07.271859,61,-0.85173821146853,1.3933049234508796,1.316604968114677,0.2783200074336491,25.359999433159828,1.0,2.1865994734806145,1
12:05:07.271859,61,-0.8877697052247436,1.354543353366219,1.4606239427473826,0.2783200074336491,65.35999853909016,1.0,1.4420030796880046,1
12:05:07.271859,61,-0.7358455691203142,1.409786890258572,1.2222998118460564,0.2783200074336491,27.239999391138557,1.0,5.5307634920678925,1
12:05:07.271859,61,-0.7866210292904529,1.4115984399895682,1.1337784522170258,0.0697200018621515,12.359999723732471,1.0,3.9174909016088564,1
12:05:07.271859,61,-0.7514388481659134,1.4026037984114594,1.2242245155056488,0.2783200074336491,29.879999332129955,1.0,4.584254764865517,1
12:05:07.271859,61,-0.7669569839562522,1.3952704487201422,1.2261894806332525,0.2783200074336491,31.75999929010868,1.0,3.765273240553028,1
12:05:07.271859,61,-0.7887691023523725,1.4178622382749548,1.291977869949123,0.2783200074336491,32.63999927043915,1.0,3.7641196369085996,1
12:05:07.271859,61,-0.8042573987388202,1.4101684471350584,1.2940394150717915,0.2783200074336491,31.75999929010868,1.0,3.1460352151576605,1
12:05:07.271859,61,-0.8211158032443906,1.4094639906930757,1.3122751590966903,0.2783200074336491,29.23999934643507,1.0,2.8242601438661867,1
12:05:07.271859,61,-0.811473844336469,1.37750651221365,1.4018066486765457,0.2783200074336491,54.51999878138304,1.0,2.242076464605874,1
12:05:07.271859,61,-0.8550049182129341,1.3045514194106995,1.480530616213648,0.2783200074336491,70.63999842107296,1.0,0.6405027905963716,1
12:05:07.271859,61,-0.786646613003567,1.1262558341993023,1.3553750152709636,0.3480400092958007,79.51999822258949,1.0,1.5283627379750748,1
12:05:07.271859,61,-0.8979190494949939,1.1879128183033576,1.4695517777058222,0.3480400092958007,89.75999799370766,1.0,0.8328848405285927,1
12:05:07.271859,61,-0.8552812913549798,1.111707921498181,1.4208576352128837,0.3480400092958007,65.51999853551388,1.0,1.2574163389856743,1
12:05:07.271859,61,-0.8246044648265006,1.0335589646358931,1.3945030085885677,0.3480400092958007,29.519999340176582,1.0,3.140636982859117,1
12:05:07.271859,61,-0.9540280522514664,1.2695432045257546,1.5747626731977769,0.2783200074336491,63.879998572170734,1.0,2.367189282726469,1
12:05:07.271859,61,-0.9107211972411172,1.1791776840817567,1.4718923498662777,0.3480400092958007,66.63999851047993,1.0,1.2157695216767412,1
12:05:07.271859,61,-0.8795830179945185,1.0949498608519417,1.4253479440297554,0.3480400092958007,49.359998896718025,1.0,1.8525547189582705,1
12:05:07.271859,61,-0.9673435691039752,1.2602636150482995,1.577249131704353,0.2783200074336491,49.87999888509512,1.0,2.9308137195938517,1
12:05:07.271859,61,-0.9266380286451642,1.186758608048499,1.5186303188173724,0.2783200074336491,49.51999889314175,1.0,1.6524165728304974,1
12:05:07.271859,61,-0.8916025503363854,1.0863956203396825,1.4276400458668768,0.3480400092958007,37.35999916493893,1.0,2.279521050266339,1
12:05:07.271859,61,-0.9805623524100152,1.250855873676746,1.5797699284074618,0.2783200074336491,38.99999912828207,1.0,3.592302120898286,1
12:05:07.271859,61,-0.940196033095482,1.1829812791017464,1.5359337196942802,0.2783200074336491,37.51999916136265,1.0,2.1773377315083913,1
12:05:07.271859,61,-0.903532923170204,1.0777257097063573,1.4299631414195262,0.3480400092958007,28.879999354481697,1.0,2.7912817818435105,1
12:05:07.271859,61,-0.99368308030233,1.2413209211773504,1.582324811229544,0.2783200074336491,30.879999309778214,1.0,4.350301193360494,1
12:05:07.271859,61,-0.9652619431466338,1.1645753552766729,1.540865572119157,0.2783200074336491,28.999999351799488,1.0,3.4990851927520925,1
12:05:07.271859,61,-1.0196251315352622,1.221873209369735,1.5875358099030277,0.2783200074336491,24.759999446570877,1.0,6.150325512117304,1
12:05:07.271859,61,-0.977650734354383,1.1551917296222909,1.543379907035325,0.2783200074336491,22.99999948590994,1.0,4.293595603145434,1
12:05:07.271859,61,-0.8143274490031771,1.2137271856702545,1.397913690210936,0.3480400092958007,87.11999805271626,1.0,0.3890203603361019,1
12:05:07.271859,61,-0.9266018633828405,1.2827452218181388,1.5542310694717147,0.2783200074336491,80.23999820649624,1.0,1.471632341061703,1
12:05:07.271859,61,-0.8130128732144883,1.0414681147707656,1.392383758197112,0.3480400092958007,32.99999926239252,1.0,3.0219135525510024,1
12:05:07.271859,61,-0.915372943468686,1.0689409959357663,1.4323169983800943,0.3480400092958007,22.75999949127436,1.0,3.386714094712712,1
12:05:07.271859,61,-0.8850271105961979,1.196523858584248,1.467244456416566,0.3480400092958007,116.23999740183352,1.0,0.5441350718623926,1
12:05:07.271859,61,-0.8430015272096116,1.1199100658401366,1.4186598772602532,0.3480400092958007,85.11999809741974,1.0,1.0914081299509053,1
12:05:07.271859,61,-0.7465145634163464,1.0533748418864692,1.3307013278906994,0.3480400092958007,31.75999929010868,1.0,4.207548454500997,1
12:05:07.271859,61,-0.9030650668943838,1.3516216033169854,1.478999229172669,0.2783200074336491,61.23999863117933,1.0,1.626069592715219,1
12:05:07.271859,61,-0.8314572458962534,1.2239148684018517,1.4436888972688324,0.2783200074336491,113.11999747157095,1.0,0.3080654512382581,1
12:05:07.271859,61,-0.7991542798055007,1.118596940357689,1.3574272096907396,0.3480400092958007,98.75999779254198,1.0,1.363370933415082,1
12:05:07.271859,61,-0.7658452134478744,1.0719733776047242,1.384209897655854,0.3480400092958007,34.639999225735664,1.0,3.3788576302049074,1
12:05:07.271859,61,-0.9174237849902434,1.342829244251197,1.4813551346839111,0.2783200074336491,55.35999876260757,1.0,1.7993526203991514,1
12:05:07.271859,61,-0.8835645591821676,1.293269641212049,1.5004966850734331,0.2783200074336491,100.1199977621436,1.0,0.6585686728669768,1
12:05:07.271859,61,-0.8446774009440404,1.2158196924042772,1.4458579931399704,0.3480400092958007,133.9999970048666,1.0,0.21968153226123388,1
12:05:07.271859,61,-0.8697357762005664,1.3017375019643371,1.4982277286232384,0.2783200074336491,86.99999805539846,1.0,0.6513411461908909,1
12:05:07.271859,61,-0.7777549718724137,1.0645182992232758,1.3862074798876736,0.3480400092958007,35.999999195337296,1.0,3.1629938586750446,1
12:05:07.271859,61,-0.9316907614762224,1.3338986325479316,1.4837480848777174,0.2783200074336491,48.63999891281128,1.0,2.0833088181815067,1
12:05:07.271859,61,-0.8973049864481016,1.284668630292208,1.502801319003496,0.2783200074336491,103.87999767810106,1.0,0.7708047316683275,1
12:05:07.271859,61,-0.8589790249230684,1.213370225432041,1.462730486024301,0.3480400092958007,135.51999697089195,1.0,0.25371816617324777,1
12:05:07.271859,61,-0.8257298639197617,1.109354309433749,1.3752523095467402,0.3480400092958007,102.9999976977706,1.0,1.2155489154174492,1
12:05:07.271859,61,-0.7895869554513697,1.0569485560800371,1.3882357864498154,0.3480400092958007,35.51999920606613,1.0,3.032157522953225,1
12:05:07.271859,61,-0.9458645696666252,1.324830661260877,1.4861778404610724,0.2783200074336491,41.999999061226845,1.0,2.4765992878173675,1
12:05:07.271859,61,-0.811582031848986,1.1108176166899233,1.3595116731851775,0.3480400092958007,108.99999756366014,1.0,1.289425661252612,1
12:05:07.271859,61,-0.910955683967154,1.2759353292987003,1.505141399951964,0.2783200074336491,95.7599978595972,1.0,0.9868225442393133,1
12:05:07.324173,62,-0.7991542798055007,1.118596940357689,1.3574272096907396,0.3480400092958007,76.2399982959032,1.0,1.6659476442136267,1
12:05:07.324173,62,-0.9174237849902434,1.342829244251197,1.4813551346839111,0.2783200074336491,89.35999800264835,1.0,2.0322988764340395,1
12:05:07.324173,62,-0.8835645591821676,1.293269641212049,1.5004966850734331,0.2783200074336491,117.5199973732233,1.0,0.9925757806261253,1
12:05:07.324173,62,-0.853801106774994,1.1895560465439885,1.4043903274199594,0.2783200074336491,121.11999729275703,1.0,0.2874616935635487,1
12:05:07.324173,62,-0.811582031848986,1.1108176166899233,1.3595116731851775,0.3480400092958007,98.1199978068471,1.0,1.5990021943239534,1
12:05:07.324173,62,-0.9683936739571812,1.4002450923621417,1.5149095612681442,0.3480400092958007,14.759999670088291,1.0,4.3268844571941125,1
12:05:07.324173,62,-0.8239286263692305,1.1029186411218546,1.3616281973096749,0.3480400092958007,114.9999974295497,1.0,1.5618142528492576,1
12:05:07.324173,62,-0.8973049864481016,1.284668630292208,1.502801319003496,0.2783200074336491,145.8799967393279,1.0,0.8065563250032022,1
12:05:07.324173,62,-0.866789979929653,1.1812461606449118,1.4066169546358118,0.2783200074336491,156.75999649614096,1.0,0.2126430650828108,1
12:05:07.324173,62,-0.7895869554513697,1.0569485560800371,1.3882357864498154,0.3480400092958007,28.11999937146902,1.0,3.568471195031581,1
12:05:07.324173,62,-0.947999330446233,1.3411267147406731,1.5346767991135708,0.2783200074336491,103.1199976950884,1.0,2.112803498412579,1
12:05:07.324173,62,-0.8275685296938909,1.2057973711160848,1.4000384776168544,0.2783200074336491,88.87999801337719,1.0,0.5270729863854847,1
12:05:07.324173,62,-0.910955683967154,1.2759353292987003,1.505141399951964,0.2783200074336491,166.11999628692865,1.0,0.6506568560925327,1
12:05:07.324173,62,-0.9337935328032247,1.3502151519063272,1.5322415597145729,0.2783200074336491,98.5199977979064,1.0,2.30158438782787,1
12:05:07.324173,62,-0.8697357762005664,1.3017375019643371,1.4982277286232384,0.2783200074336491,91.11999796330927,1.0,1.2087572505321384,1
12:05:07.324173,62,-0.78621099336128,1.2228786702439476,1.3793464479673578,0.2783200074336491,37.239999167621136,1.0,1.0714822324325206,1
12:05:07.324173,62,-0.786646613003567,1.1262558341993023,1.3553750152709636,0.3480400092958007,57.2399987205863,1.0,1.7626935064299893,1
12:05:07.324173,62,-0.8838258182396658,1.190773725984981,1.4525690396156776,0.2783200074336491,177.5199960321188,1.0,0.15388252402003105,1
12:05:07.324173,62,-0.7727534365840917,1.2304079528455312,1.3773289827746775,0.2783200074336491,29.23999934643507,1.0,1.3164058170356787,1
12:05:07.324173,62,-0.7413630444041658,1.121219267259948,1.295688520701449,0.3480400092958007,25.87999942153692,1.0,2.610637051727528,1
12:05:07.324173,62,-0.8127900166648688,1.328717724378849,1.474055274313388,0.2783200074336491,43.35999903082848,1.0,2.1925434737058516,1
12:05:07.324173,62,-0.7539788041138361,1.1139972606848134,1.2976236515309885,0.3480400092958007,32.99999926239252,1.0,2.461418890173497,1
12:05:07.324173,62,-0.8269448133689131,1.320798347457968,1.4761772649638958,0.2783200074336491,54.75999877601862,1.0,1.866923444976777,1
12:05:07.324173,62,-0.7995899296978204,1.215219776256237,1.3813986424262803,0.2783200074336491,48.63999891281128,1.0,0.8567965845494305,1
12:05:07.324173,62,-0.7665191665747794,1.106653758359459,1.2995913370486836,0.3480400092958007,43.119999036192894,1.0,2.3420688526506375,1
12:05:07.324173,62,-0.8886160430484233,1.360274830516756,1.4766806039325675,0.2783200074336491,66.75999850779772,1.0,2.484384362611096,1
12:05:07.324173,62,-0.8558200203700106,1.3100713657700915,1.4959946765466556,0.2783200074336491,70.23999843001366,1.0,1.4551490424711326,1
12:05:07.324173,62,-0.8128889077112883,1.20743203676538,1.3834853609337194,0.2783200074336491,65.11999854445457,1.0,0.672282259123774,1
12:05:07.324173,62,-0.9030650668943838,1.3516216033169854,1.478999229172669,0.2783200074336491,78.11999825388193,1.0,2.2432748657944805,1
12:05:07.324173,62,-0.8483734124827134,1.086764905734665,1.3659565776614184,0.3480400092958007,115.5199974179268,1.0,1.5765625455164454,1
12:05:07.324173,62,-0.86046915961782,1.0785117612755497,1.3681680010542556,0.3480400092958007,99.23999778181314,1.0,1.6284362961728884,1
12:05:07.324173,62,-0.9626401740943064,1.3370609420528907,1.5534115885324296,0.2783200074336491,101.63999772816896,1.0,2.098669809225566,1
12:05:07.324173,62,-0.9271214272397216,1.0600423574919269,1.434701381364858,0.3480400092958007,32.99999926239252,1.0,1.6921955321925903,1
12:05:07.324173,62,-1.0598111126367709,1.2832990119963523,1.6207990926413764,0.2783200074336491,50.519998870790005,1.0,1.9667463611419276,1
12:05:07.324173,62,-1.0196251315352622,1.221873209369735,1.5875358099030277,0.2783200074336491,53.87999879568815,1.0,0.6340264330958053,1
12:05:07.324173,62,-0.977650734354383,1.1551917296222909,1.543379907035325,0.2783200074336491,40.3599990978837,1.0,0.3316865590224284,1
12:05:07.324173,62,-0.9387771996447762,1.0510306842312278,1.4371160519375157,0.3480400092958007,25.63999942690134,1.0,1.8846888545609282,1
12:05:07.324173,62,-0.9899417613077732,1.145688908608527,1.5459261802517803,0.2783200074336491,31.5199992954731,1.0,0.4418592342221978,1
12:05:07.324173,62,-0.9610064099855302,1.143013862206716,1.481582416732918,0.2783200074336491,53.23999880999327,1.0,0.2830324314370407,1
12:05:07.324173,62,-0.8130128732144883,1.0414681147707656,1.392383758197112,0.3480400092958007,27.359999388456345,1.0,3.5574143913678373,1
12:05:07.324173,62,-0.99368308030233,1.2413209211773504,1.582324811229544,0.2783200074336491,69.51999844610691,1.0,0.5881367667362706,1
12:05:07.324173,62,-1.0336840748015816,1.2304549479626166,1.653280933200867,0.2783200074336491,42.35999905318022,1.0,0.9859135451497849,1
12:05:07.324173,62,-0.9099647068098382,1.050651010840383,1.3909818109978755,0.3480400092958007,43.35999903082848,1.0,1.9582642578646925,1
12:05:07.324173,62,-1.0317621764453029,1.2888897885947308,1.566319010200019,0.2783200074336491,60.23999865353108,1.0,1.691752929483909,1
12:05:07.324173,62,-0.896700258253428,1.1821743739074777,1.4548732290602755,0.2783200074336491,166.11999628692865,1.0,0.10737845804685325,1
12:05:07.324173,62,-0.8246044648265006,1.0335589646358931,1.3945030085885677,0.3480400092958007,25.51999942958355,1.0,3.5960829788806343,1
12:05:07.324173,62,-0.990587521407088,1.3181935828013764,1.5584670822071809,0.2783200074336491,94.35999789088964,1.0,1.8459166744758666,1
12:05:07.324173,62,-0.9540280522514664,1.2695432045257546,1.5747626731977769,0.2783200074336491,146.1199967339635,1.0,0.74504787766376,1
12:05:07.324173,62,-0.9107211972411172,1.1791776840817567,1.4718923498662777,0.2783200074336491,132.63999703526497,1.0,0.09237230937644357,1
12:05:07.324173,62,-0.8724788605578667,1.0701421954746069,1.3704106194516177,0.3480400092958007,77.11999827623367,1.0,1.709942618924375,1
12:05:07.324173,62,-0.9266018633828405,1.2827452218181388,1.5542310694717147,0.2783200074336491,166.35999628156424,1.0,0.8641194339051328,1
12:05:07.324173,62,-0.9673435691039752,1.2602636150482995,1.577249131704353,0.2783200074336491,117.5199973732233,1.0,0.6626521665795528,1
12:05:07.324173,62,-0.92343227363052,1.1703193294255498,1.4742659388426769,0.2783200074336491,98.23999780416489,1.0,0.09515261506008002,1
12:05:07.324173,62,-0.8844013143428211,1.061657045281404,1.372684208593543,0.3480400092958007,57.87999870628119,1.0,1.8210620261372135,1
12:05:07.324173,62,-1.0181386469366764,1.2987901316096142,1.56366622128439,0.2783200074336491,71.63999839872122,1.0,1.7131521731374209,1
12:05:07.324173,62,-0.9805623524100152,1.250855873676746,1.5797699284074618,0.2783200074336491,90.75999797135592,1.0,0.6103482187739714,1
12:05:07.324173,62,-0.9485761371853714,1.1522365143548507,1.479111214537752,0.2783200074336491,71.75999839603901,1.0,0.19048724017173616,1
12:05:07.324173,62,-1.004413304416354,1.3085583886176686,1.5610488247076222,0.2783200074336491,83.51999813318253,1.0,1.7645401846562785,1
12:05:07.379491,63,-0.7991542798055007,1.118596940357689,1.3574272096907396,-3.131240083632292,33.87999924272299,1.0,3.4421940094538583,1
12:05:07.379491,63,-0.9194943565892694,1.359165919475679,1.5298432087727265,0.2783200074336491,117.99999736249448,1.0,1.3075317305526306,1
12:05:07.379491,63,-0.8860463997918232,1.3139868488986337,1.5628540345793678,0.2783200074336491,119.999997317791,1.0,0.6151305675240637,1
12:05:07.379491,63,-0.8519573275370587,1.2634335227472722,1.579672454477698,0.2783200074336491,78.75999823957682,1.0,0.6382403724861315,1
12:05:07.379491,63,-0.811582031848986,1.1108176166899233,1.3595116731851775,0.4174800111504737,39.63999911397696,1.0,3.435980157743339,1
12:05:07.379491,63,-0.9343077835641306,1.3553846626723551,1.5485017623901105,0.2783200074336491,123.35999724268912,1.0,1.3212734464491198,1
12:05:07.379491,63,-0.9485214045021076,1.3462912204005788,1.550938342903252,0.2783200074336491,120.99999729543924,1.0,1.2090806506430225,1
12:05:07.379491,63,-0.8652062266367893,1.2551401906967343,1.5818946461032029,0.2783200074336491,97.75999781489372,1.0,0.515475211227862,1
12:05:07.379491,63,-0.8257298639197617,1.109354309433749,1.3752523095467402,0.4174800111504737,44.23999901115894,1.0,3.1955164774370113,1
12:05:07.379491,63,-0.9135144633869156,1.296603846712684,1.5675117959771216,0.2783200074336491,174.3599961027503,1.0,0.38088118256463976,1
12:05:07.379491,63,-0.8783686058387268,1.24671930090698,1.584151016721919,0.2783200074336491,108.51999757438898,1.0,0.4126378190254465,1
12:05:07.379491,63,-0.850228090179943,1.0931652594406225,1.3795901524186256,0.4174800111504737,46.51999896019697,1.0,3.2800445401301426,1
12:05:07.379491,63,-0.838161648228234,1.2668022360582007,1.5624294959349467,0.2783200074336491,60.23999865353108,1.0,0.7272453313624608,1
12:05:07.379491,63,-0.8998254224835563,1.305361678636996,1.5651651419855546,0.2783200074336491,155.3599965274334,1.0,0.4883844224323886,1
12:05:07.379491,63,-0.8721787732024413,1.322478494987798,1.5605787048673654,0.2783200074336491,87.63999804109335,1.0,0.761102483504526,1
12:05:07.379491,63,-0.8130128732144883,1.0414681147707656,1.392383758197112,0.4174800111504737,7.239999838173389,0.723999983817339,6.093547661737919,1
12:05:07.379491,63,-0.9386403022464216,1.4186662396849783,1.5099736297193354,0.2783200074336491,57.999998703598976,1.0,3.099547245256768,1
12:05:07.379491,63,-0.7993152273666726,1.3420503866741755,1.4874259237206684,0.2783200074336491,28.519999362528324,1.0,1.2863429958173664,1
12:05:07.379491,63,-0.813564874074132,1.3342607092107557,1.4895131615062909,0.2783200074336491,36.35999918729067,1.0,1.073103521609401,1
12:05:07.379491,63,-0.7822644006646498,1.2829273820467777,1.5091532421235212,0.2783200074336491,27.239999391138557,1.0,1.2950455862797812,1
12:05:07.379491,63,-0.905103231710008,1.367978122379471,1.527481986121116,0.2783200074336491,107.11999760568142,1.0,1.4482214253682308,1
12:05:07.379491,63,-0.923144013371721,1.4792171473401343,1.4330393920761764,0.2783200074336491,12.879999712109566,1.0,5.297672574246005,1
12:05:07.379491,63,-0.8277331649757892,1.3263337825073256,1.491637175114935,0.2783200074336491,47.63999893516302,1.0,0.8795831150300001,1
12:05:07.379491,63,-0.795887591566593,1.2753054298652402,1.5111955380553126,0.2783200074336491,34.879999220371246,1.0,1.0999182802422804,1
12:05:07.379491,63,-0.8886160430484233,1.360274830516756,1.4766806039325675,0.2783200074336491,93.6399979069829,1.0,1.1778002787860526,1
12:05:07.379491,63,-0.8437186185794002,1.3340605644274206,1.5404811648602312,0.2783200074336491,63.999998569488525,1.0,0.9938968504361654,1
12:05:07.379491,63,-0.8228938547444612,1.2596686809252269,1.5153853923060376,0.2783200074336491,45.639998979866505,1.0,0.7706184735950371,1
12:05:07.379491,63,-0.786646613003567,1.1262558341993023,1.3553750152709636,-3.131240083632292,28.23999936878681,1.0,3.4704434333713055,1
12:05:07.379491,63,-0.8594528665533285,1.377160442055964,1.472156117956931,0.2783200074336491,79.99999821186066,1.0,1.5034213962367962,1
12:05:07.379491,63,-0.9626401740943064,1.3370609420528907,1.5534115885324296,0.2783200074336491,111.63999750465156,1.0,1.1153638601878064,1
12:05:07.379491,63,-0.7740602821993859,1.1337935323317956,1.3533552951435723,-3.131240083632292,23.35999947786331,1.0,3.52073149014498,1
12:05:07.379491,63,-0.8914431489159783,1.2381716954599338,1.586441340698675,0.2783200074336491,103.23999769240618,1.0,0.3297534134280836,1
12:05:07.379491,63,-1.380108352046308,1.0018035362063782,1.9255695743850112,0.0697200018621515,5.359999880194664,0.5359999880194664,7.707877430712358,1
12:05:07.379491,63,-1.365014156787736,1.0142168849611448,1.8518455575097816,0.0697200018621515,5.759999871253967,0.5759999871253967,7.196823798212869,1
12:05:07.379491,63,-1.3443824513548568,1.0403885183443882,1.844832889480138,0.0697200018621515,6.11999986320734,0.611999986320734,6.29018529485673,1
12:05:07.379491,63,-1.3941962709495814,1.0789383565314312,1.8390834344476945,0.0697200018621515,6.7599998489022255,0.6759999848902225,7.621274603983386,1
12:05:07.379491,63,-0.9280866039014688,1.3018467049343998,1.617133614355826,0.2783200074336491,160.2399964183569,1.0,0.5593659363606991,1
12:05:07.379491,63,-0.9935173507406592,1.199003717021028,1.7278159442261676,0.2783200074336491,22.99999948590994,1.0,0.4640068797810307,1
12:05:07.379491,63,-1.033270614972414,1.2469790357631314,1.7169251382621031,0.2088800055789761,28.879999354481697,1.0,0.6311047450287655,1
12:05:07.379491,63,-0.981574546307266,1.1926563250405122,1.664063844974947,0.2783200074336491,29.23999934643507,1.0,0.2997713238259306,1
12:05:07.379491,63,-1.020696818497277,1.252955288749304,1.6983092546152032,0.2783200074336491,37.11999917030335,1.0,0.551619464255276,1
12:05:07.379491,63,-0.915372943468686,1.0689409959357663,1.4323169983800943,0.2088800055789761,24.119999460875988,1.0,3.070590081939804,1
12:05:07.379491,63,-0.994876733364812,1.259848740995197,1.6454048900952996,0.2088800055789761,48.99999890476465,1.0,0.348974130666468,1
12:05:07.379491,63,-0.956600606001476,1.2113782830463249,1.65904731144656,0.2783200074336491,37.87999915331602,1.0,0.26769640545557133,1
12:05:07.379491,63,-0.8552812913549798,1.111707921498181,1.4208576352128837,0.2088800055789761,45.2399989888072,1.0,2.579083016462954,1
12:05:07.379491,63,-0.990587521407088,1.3181935828013764,1.5584670822071809,0.2783200074336491,97.9999978095293,1.0,0.983526573939449,1
12:05:07.379491,63,-0.9551740700601996,1.288104926113307,1.6378336681117176,0.2783200074336491,125.63999719172716,1.0,0.4821468502230378,1
12:05:07.379491,63,-0.9182876676755484,1.234270159101613,1.6365502323336127,0.2783200074336491,85.9999980777502,1.0,0.3171013487182913,1
12:05:07.379491,63,-1.0054690028387694,1.323202479749755,1.610106990681651,0.2783200074336491,83.23999813944101,1.0,1.2690774271914913,1
12:05:07.379491,63,-0.9685055820602408,1.2788141896105902,1.640323113454711,0.2783200074336491,91.75999794900416,1.0,0.41862401157498047,1
12:05:07.379491,63,-0.8795830179945185,1.0949498608519417,1.4253479440297554,0.2088800055789761,40.99999908357859,1.0,2.7102026771966288,1
12:05:07.379491,63,-0.931244038224894,1.229614069481107,1.6541610471980135,0.2783200074336491,66.35999851673841,1.0,0.3154559041459172,1
12:05:07.379491,63,-0.8916025503363854,1.0863956203396825,1.4276400458668768,0.2088800055789761,35.23999921232462,1.0,2.808452385316205,1
12:05:07.379491,63,-1.0192087715145222,1.3134239557196814,1.6127271382986776,0.2088800055789761,69.35999844968319,1.0,1.2224522322948608,1
12:05:07.379491,63,-0.9817402443134904,1.269395147272439,1.6428469382426931,0.2783200074336491,66.51999851316214,1.0,0.37420675555011995,1
12:05:07.379491,63,-0.9439695201937652,1.2205574081818178,1.6565877722792806,0.2783200074336491,49.99999888241291,1.0,0.28163849448304584,1
12:05:07.379491,63,-0.903532923170204,1.0777257097063573,1.4299631414195262,0.2088800055789761,29.35999934375286,1.0,2.9285618193316947,1
12:05:07.379491,63,-1.033001571687186,1.308127616106327,1.6318163913580757,0.2088800055789761,57.51999871432781,1.0,1.2988508888573527,1
12:05:07.436497,64,-0.8652587615247588,1.2922880895645452,-0.2830010053775963,0.2783200074336491,56.63999873399735,1.0,0.7784569088057565,1
12:05:07.436497,64,-0.8036753686577981,1.2266698631560855,-0.3901197475035612,0.4872000130126253,20.999999530613422,1.0,3.6916966644967992,1
12:05:07.436497,64,-0.8860463997918232,1.3823555340959697,-0.0821657563486419,0.2783200074336491,53.11999881267548,1.0,1.2530997451955768,1
12:05:07.436497,64,-0.8522928337226001,1.3008759189141914,-0.2830010053775963,0.2783200074336491,43.239999033510685,1.0,0.831074859204161,1
12:05:07.436497,64,-0.811582031848986,1.2387380014031912,-0.3311634614723662,0.4872000130126253,25.51999942958355,1.0,2.729351340119853,1
12:05:07.436497,64,-0.8998254224835563,1.3734261007721145,-0.0821657563486419,0.2783200074336491,69.75999844074249,1.0,1.116341180948762,1
12:05:07.436497,64,-0.8261065975150241,1.317660472340235,-0.2830010053775963,0.2783200074336491,33.359999254345894,1.0,0.9779022513230808,1
12:05:07.436497,64,-0.8239286263692305,1.2305603801479283,-0.3311634614723662,0.4872000130126253,30.879999309778214,1.0,2.715189491941762,1
12:05:07.436497,64,-0.9917774559566672,1.3892211413072346,-0.0170697159306653,0.2783200074336491,100.2399977594614,1.0,2.6999643513926928,1
12:05:07.436497,64,-0.8781381641756795,1.2835710324886225,-0.2830010053775963,0.2783200074336491,73.51999835669994,1.0,0.7399564762328631,1
12:05:07.436497,64,-0.8483734124827134,1.2138368026769235,-0.3311634614723662,0.4872000130126253,36.35999918729067,1.0,2.735687702077873,1
12:05:07.436497,64,-0.9637965371386747,1.4087775326851126,-0.0170697159306653,0.2783200074336491,98.35999780148268,1.0,3.001744518221174,1
12:05:07.436497,64,-0.9282258389314476,1.3567839857846076,-0.0164397264147708,0.2783200074336491,114.8799974322319,1.0,1.097837296060268,1
12:05:07.436497,64,-0.8925064012149054,1.276981457079153,-0.2674350050701922,0.2783200074336491,91.5199979543686,1.0,0.6233368647249382,1
12:05:07.436497,64,-0.86046915961782,1.205292518804918,-0.3311634614723662,0.4872000130126253,41.23999907821417,1.0,2.7707338532375347,1
12:05:07.436497,64,-0.9551740700601996,1.3379493592906233,-0.0164397264147708,0.2783200074336491,131.8799970522523,1.0,0.8728228598971153,1
12:05:07.436497,64,-0.8721787732024413,1.3911467330245535,-0.0821657563486419,0.2783200074336491,40.99999908357859,1.0,1.4000122394553915,1
12:05:07.436497,64,-0.9135144633869156,1.3643593259888394,-0.0821657563486419,0.2783200074336491,91.23999796062708,1.0,0.989941943095826,1
12:05:07.436497,64,-0.819434354863518,1.3070180801475104,-0.3449664854843116,0.4872000130126253,26.239999413490292,1.0,1.38583467616293,1
12:05:07.436497,64,-0.7746671941783948,1.1589381444655311,0.7137597347983589,0.3480400092958007,18.639999583363533,1.0,6.008095751007231,1
12:05:07.436497,64,-0.8760421036068929,1.5300393441093456,-0.1591075057282572,0.2783200074336491,60.75999864190817,1.0,6.354578238906797,1
12:05:07.436497,64,-0.7912442504623053,1.391065729267429,-0.0392717753676157,0.2783200074336491,8.119999818503857,0.8119999818503857,1.569332333384596,1
12:05:07.436497,64,-0.7719381654621158,1.357124208435656,0.0104857479391644,0.2783200074336491,4.999999888241291,0.4999999888241291,1.4306850819383303,1
12:05:07.436497,64,-0.82968080707433,1.4170854761530771,-0.08690666574291,0.2783200074336491,7.519999831914902,0.7519999831914902,1.893584250899314,1
12:05:07.436497,64,-0.9178658318555566,1.258877131671588,-0.2674350050701922,0.2783200074336491,103.63999768346548,1.0,0.6104617984350429,1
12:05:07.436497,64,-0.7628362771347238,1.112990726590465,0.7586076260273913,0.3480400092958007,37.239999167621136,1.0,7.649065289100397,1
12:05:07.436497,64,-0.8065892055811523,1.1994484645536534,0.7718313883756547,0.3480400092958007,21.87999951094389,1.0,5.598618130454652,1
12:05:07.436497,64,-0.7767615273630392,1.1055549783846852,0.7606000287542511,0.3480400092958007,40.99999908357859,1.0,7.493991031455531,1
12:05:07.436497,64,-0.8487010769825446,1.2313214813704134,0.7330531753949312,0.3480400092958007,5.359999880194664,0.5359999880194664,4.809348190418401,1
12:05:07.436497,64,-0.8441832640565351,1.4083109251570332,-0.0821657563486419,0.2783200074336491,32.239999279379845,1.0,1.7235668668627764,1
12:05:07.436497,64,-0.8255478553422361,1.2032645737290022,0.7882714790812173,0.3480400092958007,21.99999950826168,1.0,5.527413642129529,1
12:05:07.436497,64,-0.8548984377448074,1.1870321682662022,0.7926209390161891,0.3480400092958007,20.75999953597784,1.0,5.231464267108503,1
12:05:07.436497,64,-0.8263905552155553,1.1474487837174543,0.8328828215031938,0.3480400092958007,45.35999898612499,1.0,6.2550639366149134,1
12:05:07.436497,64,-0.8694462269125682,1.4504559286258596,-0.8590120848282736,0.3480400092958007,18.11999959498644,1.0,4.55198880686688,1
12:05:07.436497,64,-0.8404532263314585,1.4020882800239955,-0.830367026509893,0.3480400092958007,44.87999899685383,1.0,4.0997431348123605,1
12:05:07.436497,64,-0.8839070721860607,1.4416890892692058,-0.8590120848282736,0.3480400092958007,14.879999667406082,1.0,4.484553949211911,1
12:05:07.436497,64,-0.854431852828861,1.393613784196699,-0.830367026509893,0.3480400092958007,42.23999905586243,1.0,4.045720136524058,1
12:05:07.436497,64,-0.8982795274928727,1.4327780822114733,-0.8590120848282736,0.3480400092958007,11.519999742507936,1.0,4.4293914934126075,1
12:05:07.436497,64,-0.9267535282551416,1.414527143693274,-0.8590120848282736,0.2783200074336491,8.639999806880951,0.8639999806880951,4.35657763361874,1
12:05:07.436497,64,-0.7939252166568855,1.151850987802374,0.8148229576972481,0.3480400092958007,43.87999901920557,1.0,6.61829456783495,1
12:05:07.436497,64,-0.8724788605578667,1.1966277066908269,-0.3311634614723662,0.4872000130126253,44.11999901384115,1.0,2.8225911915187103,1
12:05:07.436497,64,-0.7917846060977926,1.207168081435177,0.7697629232663727,0.3480400092958007,20.51999954134226,1.0,5.779384079448704,1
12:05:07.436497,64,-0.9685055820602408,1.328330881090894,-0.0164397264147708,0.2783200074336491,131.51999706029892,1.0,0.7766240414775797,1
12:05:07.436497,64,-1.0586173519553053,1.25683484436664,0.0493126035732338,0.2783200074336491,31.5199992954731,1.0,0.5534942790396656,1
12:05:07.436497,64,-1.0262160153359894,1.1939288237960122,-0.1420755202259243,0.2783200074336491,25.87999942153692,1.0,0.41547178881432767,1
12:05:07.436497,64,-1.083540656131052,1.2354125506834013,0.0493126035732338,0.2783200074336491,25.23999943584204,1.0,0.5456721266446349,1
12:05:07.436497,64,-1.329057539661212,1.0546751797190506,0.1873915642580582,0.2783200074336491,8.999999798834324,0.8999999798834324,3.552539610427741,1
12:05:07.436497,64,-1.3941962709495814,1.083822695385017,0.1238163286172383,0.4872000130126253,7.879999823868275,0.7879999823868274,4.956001022942724,1
12:05:07.436497,64,-1.342842100002157,1.0225228626878249,0.2550908985897023,0.2783200074336491,8.239999815821648,0.8239999815821648,4.047463888679816,1
12:05:07.436497,64,-1.4104910396871548,1.0519193308527928,0.1943350419612347,0.4872000130126253,7.519999831914902,0.7519999831914902,5.306541758496989,1
12:05:07.436497,64,-1.3630226340065177,0.9954633139616152,0.2550908985897023,0.2783200074336491,7.519999831914902,0.7519999831914902,4.657132403810075,1
12:05:07.436497,64,-1.0991848052236652,1.3049982234390842,0.051202320133522,0.2783200074336491,46.63999895751476,1.0,2.1162252755971034,1
12:05:07.436497,64,-1.4312459345108242,1.0235010144625047,0.1943350419612347,0.4872000130126253,7.1199998408555984,0.7119999840855599,5.799360060762984,1
12:05:07.436497,64,-1.4514283500693046,0.9946733113312304,0.1943350419612347,0.4872000130126253,6.7599998489022255,0.6759999848902225,6.3997031633961186,1
12:05:07.436497,64,-1.4017402755726156,0.9401606831255572,0.2550908985897023,0.2783200074336491,6.359999857842922,0.6359999857842922,6.199728014919872,1
12:05:07.436497,64,-1.471030213665829,0.9654477521553428,0.1943350419612347,0.4872000130126253,6.519999854266644,0.6519999854266645,7.11462107574307,1
12:05:07.436497,64,-1.4110716390744866,0.9260965066650172,0.2550908985897023,0.2783200074336491,5.879999868571758,0.5879999868571758,6.657375461056283,1
12:05:07.436497,64,-1.4806109791699766,0.950689423534764,0.1943350419612347,0.4872000130126253,6.11999986320734,0.611999986320734,7.5172895379748566,1
12:05:07.436497,64,-1.0056198470661988,1.3792340717896323,-0.0170697159306653,0.2783200074336491,97.9999978095293,1.0,2.5623306453685015,1
12:05:07.436497,64,-1.3826579771550396,0.9680055932002876,0.2550908985897023,0.2783200074336491,6.8799998462200165,0.6879999846220016,5.3724442085812845,1
12:05:07.436497,64,-1.0142256159811378,1.2041311167438065,-0.1420755202259243,0.2783200074336491,32.63999927043915,1.0,0.32666578965852155,1
12:05:07.436497,64,-1.086080081999754,1.3159246386845869,0.051202320133522,0.2783200074336491,54.51999878138304,1.0,2.1964657453128837,1
12:05:07.436497,64,-1.0459962828398337,1.2673579999985127,0.0493126035732338,0.2783200074336491,40.23999910056591,1.0,0.5778630175548319,1
12:05:07.436497,64,-0.8962353287372935,1.178939975598273,-0.3311634614723662,0.4872000130126253,43.87999901920557,1.0,2.9776587419020415,1
12:05:07.436497,64,-0.922178851990882,1.2647925522356416,-0.2205827840528412,0.2783200074336491,102.23999771475792,1.0,0.3684646490909798,1
12:05:07.436497,64,-0.9817402443134904,1.318579570915932,-0.0164397264147708,0.2783200074336491,113.99999745190144,1.0,0.6916852292643578,1
12:05:07.436497,64,-0.9485761371853714,1.2477909452665958,-0.2049191761247518,0.2783200074336491,88.63999801874161,1.0,0.3184972559652719,1
12:05:07.436497,64,-0.9079797203497588,1.1699188253781008,-0.3311634614723662,0.4872000130126253,40.639999091625214,1.0,3.081361470362871,1
12:05:07.436497,64,-1.0325883848501525,1.3583036577607774,0.051202320133522,0.2783200074336491,83.11999814212322,1.0,2.6257038856303923,1
12:05:07.436497,64,-0.994876733364812,1.3086964038885862,-0.0164397264147708,0.2783200074336491,90.11999798566104,1.0,0.6183188021025905,1
12:05:07.436497,64,-0.9610064099855302,1.238242953177424,-0.2049191761247518,0.2783200074336491,70.63999842107296,1.0,0.3468379571565145,1
12:05:07.436497,64,-1.0193616770335332,1.369109080020375,-0.0170697159306653,0.2783200074336491,91.87999794632196,1.0,2.433956977346511,1
12:05:07.436497,64,-1.0595461355790496,1.337381615618091,0.051202320133522,0.2783200074336491,73.23999836295843,1.0,2.390269083956454,1
12:05:07.436497,64,-1.020849947258672,1.2885384655971754,-0.0164397264147708,0.2783200074336491,68.63999846577644,1.0,0.5076378449502127,1
12:05:07.436497,64,-0.9733405829498224,1.2285711378303354,-0.2049191761247518,0.2783200074336491,54.35999878495932,1.0,0.3904097419113487,1
12:05:07.436497,64,-0.9311949465910262,1.151526466037076,-0.3311634614723662,0.4872000130126253,30.119999326765537,1.0,3.3424333671384145,1
12:05:07.436497,64,-1.0728667516775614,1.3267194625687042,0.051202320133522,0.2783200074336491,63.51999858021736,1.0,2.287958101720168,1
12:05:07.436497,64,-1.033270614972414,1.277754420892179,0.0493126035732338,0.2783200074336491,52.23999883234501,1.0,0.6153137662201101,1
12:05:07.436497,64,-0.9977157054761984,1.20885991834164,-0.2049191761247518,0.2783200074336491,41.879999063909054,1.0,0.5245463108700591,1
12:05:07.436497,64,-0.9196333147508952,1.1607806842555497,-0.3311634614723662,0.4872000130126253,35.63999920338392,1.0,3.2028601662089304,1
12:05:07.436497,64,-0.9561233837488026,1.135149713907171,-0.3163379060752428,0.4872000130126253,25.11999943852425,1.0,3.422730036725979,1
12:05:07.491102,65,-0.9200007326305608,1.3643403595316106,1.5461020906490153,0.3480400092958007,101.35999773442744,1.0,0.958963970562619,1
12:05:07.491102,65,-0.8835645591821676,1.293269641212049,1.5004966850734331,0.3480400092958007,62.759998597204685,1.0,0.626232614420219,1
12:05:07.491102,65,-0.8522928337226001,1.1833035969018586,1.389950556909773,0.3480400092958007,39.35999912023544,1.0,2.284393753749969,1
12:05:07.491102,65,-0.9343077835641306,1.3553846626723551,1.5485017623901105,0.3480400092958007,111.35999751091003,1.0,0.8594138157241245,1
12:05:07.491102,65,-0.8973049864481016,1.284668630292208,1.502801319003496,0.3480400092958007,77.75999826192856,1.0,0.5246226748961548,1
12:05:07.491102,65,-0.8652587615247588,1.175008390741272,1.3921732507015518,0.3480400092958007,49.51999889314175,1.0,2.205437002652567,1
12:05:07.491102,65,-0.9485214045021076,1.3462912204005788,1.550938342903252,0.3480400092958007,115.5199974179268,1.0,0.7691117881740769,1
12:05:07.491102,65,-0.9379824386407551,1.2580753635233792,1.509926963358309,0.3480400092958007,109.9999975413084,1.0,0.284569641521307,1
12:05:07.491102,65,-0.8781381641756795,1.1665883601824023,1.3944293910900465,0.3480400092958007,61.87999861687422,1.0,2.1393971714485325,1
12:05:07.491102,65,-0.9626401740943064,1.3370609420528907,1.5534115885324296,0.3480400092958007,112.6399974822998,1.0,0.6879314759605774,1
12:05:07.491102,65,-0.8909297537458876,1.1580443472212518,1.3967187524631075,0.3480400092958007,74.99999832361937,1.0,2.086178376089274,1
12:05:07.491102,65,-0.990587521407088,1.3181935828013764,1.5584670822071809,0.3480400092958007,103.75999768078329,1.0,0.552487252282574,1
12:05:07.491102,65,-0.95135579314248,1.248950484723181,1.512371967263854,0.3480400092958007,119.6399973258376,1.0,0.2257922779460735,1
12:05:07.491102,65,-0.8261065975150241,1.1995162305388027,1.3856063948195725,0.3480400092958007,31.5199992954731,1.0,2.481486133567625,1
12:05:07.491102,65,-0.9162443859603528,1.140587803981355,1.401396219126877,0.3480400092958007,85.51999808847904,1.0,2.0178652925128686,1
12:05:07.491102,65,-0.910955683967154,1.2759353292987003,1.505141399951964,0.3480400092958007,94.51999788731337,1.0,0.43388439268254386,1
12:05:07.491102,65,-0.8697357762005664,1.3017375019643371,1.4982277286232384,0.3480400092958007,50.519998870790005,1.0,0.7388402537205337,1
12:05:07.491102,65,-0.8760421036068929,1.4367244650123725,1.4503106290489725,0.2088800055789761,74.23999834060669,1.0,1.590012159302316,1
12:05:07.491102,65,-0.8558200203700106,1.3100713657700915,1.4959946765466556,0.3480400092958007,40.8799990862608,1.0,0.8625817581079734,1
12:05:07.491102,65,-1.0054690028387694,1.323202479749755,1.610106990681651,0.3480400092958007,91.63999795168638,1.0,0.8790282229439155,1
12:05:07.491102,65,-0.8105667545489258,1.4445063611273516,1.3753654914461952,0.2088800055789761,42.87999904155731,1.0,1.598049467278788,1
12:05:07.491102,65,-0.8289633438795562,1.455449204401421,1.427049087525894,0.2088800055789761,50.23999887704849,1.0,1.8368939985219719,1
12:05:07.491102,65,-0.904807450762034,1.5507942733057751,1.3884270254606197,0.2088800055789761,14.239999681711195,1.0,4.375094390066229,1
12:05:07.491102,65,-0.905103231710008,1.367978122379471,1.527481986121116,0.3480400092958007,88.11999803036451,1.0,0.9384967696442674,1
12:05:07.491102,65,-0.8452681548475216,1.4533515992191908,1.4458554018658116,0.2088800055789761,58.35999869555235,1.0,1.8501559932718032,1
12:05:07.491102,65,-0.8299459203861984,1.3934793248496458,1.467783486490986,0.2088800055789761,42.51999904960394,1.0,1.2645506648705116,1
12:05:07.491102,65,-0.8447416301974107,1.3853911378483943,1.469950709666203,0.2088800055789761,51.23999885469675,1.0,1.1160186595001373,1
12:05:07.491102,65,-0.9252274951902338,1.4968477038813903,1.4850984532209084,0.2088800055789761,35.35999920964241,1.0,3.3650435384402018,1
12:05:07.491102,65,-0.8912984399625248,1.4281887946980494,1.4525977550165536,0.2088800055789761,79.75999821722507,1.0,1.474706559708677,1
12:05:07.491102,65,-0.8594528665533285,1.377160442055964,1.472156117956931,0.3480400092958007,61.87999861687422,1.0,0.9783147283346597,1
12:05:07.491102,65,-0.9085114869465836,1.4365089502297088,1.5051926898380927,0.2088800055789761,81.99999816715717,1.0,1.8868042554742572,1
12:05:07.491102,65,-0.8760509014081728,1.385183323283216,1.5228718664333425,0.3480400092958007,74.5199983343482,1.0,1.179051184494004,1
12:05:07.491102,65,-0.8606981637748492,1.4451123461131137,1.4480631030818207,0.2088800055789761,66.63999851047993,1.0,1.7150878489851367,1
12:05:07.491102,65,-0.966811135172438,1.2553097170106504,1.561582390828821,0.3480400092958007,118.99999734014273,1.0,0.24179528470300868,1
12:05:07.491102,65,-0.9411925326532454,1.1226457434058152,1.406203779768643,0.3480400092958007,83.3599981367588,1.0,1.9999110257045187,1
12:05:07.491102,65,-0.8962353287372935,1.053057159203853,1.3749885411230225,0.4872000130126253,22.879999488592148,1.0,5.037502364800072,1
12:05:07.491102,65,-1.4799915786792093,1.0582936217811678,1.7733679050037108,0.5566400148672983,6.239999860525131,0.6239999860525132,5.430009373695092,1
12:05:07.491102,65,-1.4364224096855789,1.024247711713551,1.853737748560183,0.5566400148672983,6.11999986320734,0.611999986320734,4.179232073312048,1
12:05:07.491102,65,-1.3850998747822527,0.98765193836748,1.85896361349653,0.5566400148672983,6.359999857842922,0.6359999857842922,3.1657380826369312,1
12:05:07.491102,65,-1.5013119454722892,1.0294954817806323,1.7810843433603727,0.5566400148672983,5.999999865889549,0.5999999865889549,5.67061862113336,1
12:05:07.491102,65,-1.4466224454727576,1.0103235585702433,1.8574687141502195,0.5566400148672983,5.759999871253967,0.5759999871253967,4.308508558102644,1
12:05:07.491102,65,-1.3949354692399365,0.9742252870947072,1.862561273862124,0.5566400148672983,5.999999865889549,0.5999999865889549,3.3310522099757667,1
12:05:07.491102,65,-1.5220318075312498,1.0002912508248063,1.7889095934605583,0.5566400148672983,5.639999873936176,0.5639999873936177,5.9497290350817575,1
12:05:07.491102,65,-1.4665875284203675,0.9821831736683048,1.8650089075593947,0.5566400148672983,5.519999876618385,0.5519999876618386,4.598312093313625,1
12:05:07.491102,65,-1.4184711621113233,0.947731923081488,1.9400580194552737,0.5566400148672983,5.519999876618385,0.5519999876618386,3.9938012145153787,1
12:05:07.491102,65,-1.5421428771878989,0.9706926102161644,1.796840525308703,0.5566400148672983,5.359999880194664,0.5359999880194664,6.2702725901979,1
12:05:07.491102,65,-1.485965995937072,0.9536627465917904,1.872650932962337,0.5566400148672983,5.119999885559082,0.5119999885559082,4.932058819722168,1
12:05:07.491102,65,-1.4277096124519983,0.9339858112554268,1.9437412790181348,0.5566400148672983,5.119999885559082,0.5119999885559082,4.176289572351745,1
12:05:07.491102,65,-0.9287648971625972,1.1316770193423082,1.4037838566748373,0.3480400092958007,88.87999801337719,1.0,2.00262430372085,1
12:05:07.491102,65,-1.3156500292964397,0.8326019435814347,1.4721977068041057,0.6263600167294499,5.879999868571758,0.5879999868571758,6.543020912332102,1
12:05:07.491102,65,-1.365014156787736,1.0142168849611448,1.8518455575097816,0.5566400148672983,6.8799998462200165,0.6879999846220016,2.8678251862035324,1
12:05:07.491102,65,-1.551967591464842,0.9557490799652396,1.800844632171508,0.5566400148672983,5.119999885559082,0.5119999885559082,6.447046999034939,1
12:05:07.491102,65,-1.4691088616743166,1.0725368015544574,1.7695514564858066,0.5566400148672983,6.6399998515844345,0.6639999851584435,5.323276728379316,1
12:05:07.491102,65,-1.4155924493576386,1.0517969775058384,1.846355945039069,0.5566400148672983,6.519999854266644,0.6519999854266645,3.950314717877616,1
12:05:07.491102,65,-0.9805623524100152,1.250855873676746,1.5797699284074618,0.3480400092958007,108.63999757170676,1.0,0.23675708322716676,1
12:05:07.491102,65,-1.033001571687186,1.308127616106327,1.6318163913580757,0.3480400092958007,66.9999985024333,1.0,0.9101848856203015,1
12:05:07.491102,65,-0.99368308030233,1.2413209211773504,1.582324811229544,0.3480400092958007,92.999997921288,1.0,0.19301796837222931,1
12:05:07.491102,65,-0.9535260496791604,1.1134948792919033,1.4086557464180127,0.3480400092958007,71.8799983933568,1.0,2.009674870147259,1
12:05:07.491102,65,-1.0196251315352622,1.221873209369735,1.5875358099030277,0.3480400092958007,76.7599982842803,1.0,0.1347358629564727,1
12:05:07.491102,65,-0.9779058045064118,1.094838058714012,1.4136548264251911,3.131240083632292,58.75999868661165,1.0,2.066477371345506,1
12:05:07.491102,65,-1.0324438606924904,1.211962394816403,1.5901914046589276,0.3480400092958007,62.23999860882759,1.0,0.12012012517438297,1
12:05:07.491102,65,-1.0193616770335332,1.3180398518212006,1.6291604158030883,0.3480400092958007,78.87999823689461,1.0,0.9650176719747379,1
12:05:07.491102,65,-1.0451593463286315,1.20192825845053,1.5928800433949073,0.3480400092958007,50.519998870790005,1.0,0.11515718842974196,1
12:05:07.491102,65,-1.0018944100679166,1.075714020087778,1.4187790971311125,3.131240083632292,37.51999916136265,1.0,2.172810542541077,1
12:05:07.491102,65,-1.0702755113374296,1.1814940461338157,1.5983553740831369,0.3480400092958007,41.23999907821417,1.0,0.1341615111097243,1
12:05:07.491102,65,-1.0254822712417218,1.056130412773326,1.4240265088959077,0.6263600167294499,30.119999326765537,1.0,2.3286002988211187,1
12:05:07.491102,65,-1.4469038016519176,1.1007042592592888,1.7620040089409592,0.5566400148672983,6.8799998462200165,0.6879999846220016,5.1353268554373,1
12:05:07.491102,65,-1.3443824513548568,1.0403885183443882,1.844832889480138,0.5566400148672983,7.519999831914902,0.7519999831914902,2.611675844315707,1
12:05:07.491102,65,-0.9899496043526916,1.08533396791646,1.4162014398791871,3.131240083632292,46.999998949468136,1.0,2.1134607055602572,1
12:05:07.491102,65,-1.2965714228009473,0.8578349057674342,1.465436554963722,0.6263600167294499,6.359999857842922,0.6359999857842922,5.804853696671951,1
12:05:07.544067,66,-0.9088441244328488,1.2465036226369188,-0.3449664854843116,0.4872000130126253,42.87999904155731,1.0,2.770282184553257,1
12:05:07.544067,66,-0.8724788605578667,1.1966277066908269,-0.3311634614723662,0.4872000130126253,5.239999882876873,0.5239999882876873,4.732875535791466,1
12:05:07.544067,66,-1.0056198470661988,1.3792340717896323,-0.0170697159306653,0.3480400092958007,89.51999799907207,1.0,2.1547754015322846,1
12:05:07.544067,66,-0.9603812480459116,1.3171881432900712,-0.2131185358526598,0.3480400092958007,85.11999809741974,1.0,0.5702256307808375,1
12:05:07.544067,66,-0.9335907715989962,1.228078659918926,-0.3449664854843116,0.4872000130126253,45.51999898254872,1.0,2.887680592228845,1
12:05:07.544067,66,-1.0935894605497338,1.4688047373042168,-0.0916368091637683,0.4872000130126253,27.239999391138557,1.0,4.064184982889476,1
12:05:07.544067,66,-0.9458246740974506,1.21868150459073,-0.3449664854843116,1.3916000371682458,44.99999899417162,1.0,2.971517601985049,1
12:05:07.544067,66,-1.0193616770335332,1.369109080020375,-0.0170697159306653,0.3480400092958007,85.23999809473753,1.0,1.924925536814902,1
12:05:07.544067,66,-0.986531184268702,1.2977183704053668,-0.2131185358526598,0.3480400092958007,82.75999815016985,1.0,0.45312141653481064,1
12:05:07.544067,66,-1.033001571687186,1.358847178490156,-0.0170697159306653,0.3480400092958007,76.87999828159809,1.0,1.7077989766197212,1
12:05:07.544067,66,-0.9994588252514386,1.287788337829312,-0.2131185358526598,0.3480400092958007,73.23999836295843,1.0,0.4171082196885212,1
12:05:07.544067,66,-0.957963994920908,1.2091624821330875,-0.3449664854843116,1.3916000371682458,41.63999906927347,1.0,3.0723876993816672,1
12:05:07.544067,66,-1.0599701094711391,1.3379167644613008,-0.0170697159306653,0.5566400148672983,66.63999851047993,1.0,1.312822848999692,1
12:05:07.544067,66,-0.947161567777572,1.3267259366377442,-0.2131185358526598,0.3480400092958007,78.87999823689461,1.0,0.6508568792727305,1
12:05:07.544067,66,-1.0571324011532583,1.4198391030498352,-0.0177022054049562,0.4872000130126253,55.35999876260757,1.0,3.148966848992692,1
12:05:07.544067,66,-0.9916286881051156,1.389012756408706,-0.0341377249040385,0.3480400092958007,88.3599980250001,1.0,2.1605472686983727,1
12:05:07.544067,66,-0.9343077835641306,1.4260573929549871,-0.0853144440919293,0.3480400092958007,62.5199986025691,1.0,2.457796762787275,1
12:05:07.544067,66,-0.9338471721459876,1.3361310585032855,-0.2131185358526598,0.3480400092958007,67.23999849706888,1.0,0.7459184867833275,1
12:05:07.544067,66,-1.0122865211889978,1.2777295274983846,-0.2131185358526598,0.3480400092958007,60.75999864190817,1.0,0.3964446944826622,1
12:05:07.544067,66,-0.9056016823945056,1.4444571005309692,-0.0853144440919293,0.3480400092958007,44.359999008476734,1.0,2.9865881532626255,1
12:05:07.544067,66,-0.8647260555138007,1.3792594638278517,-0.2294088862773183,0.3480400092958007,27.87999937683344,1.0,1.3819790674762913,1
12:05:07.544067,66,-1.0194045484359953,1.5904127812541058,-0.1704771424883897,0.2783200074336491,9.119999796152117,0.9119999796152116,7.485064289665424,1
12:05:07.544067,66,-0.8963338544091393,1.2555295875458807,-0.3449664854843116,0.4872000130126253,37.99999915063381,1.0,2.7363312660083117,1
12:05:07.544067,66,-0.9200007326305608,1.435329012592348,-0.0853144440919293,0.3480400092958007,52.87999881803989,1.0,2.7164311204869542,1
12:05:07.544067,66,-0.8933490539133478,1.3635410570621973,-0.2131185358526598,0.3480400092958007,43.63999902456999,1.0,1.1157035193935267,1
12:05:07.544067,66,-0.8582702972870914,1.2818506233402556,-0.3449664854843116,0.4872000130126253,27.119999393820763,1.0,2.73132518178151,1
12:05:07.544067,66,-0.9485214045021076,1.4166431687730832,-0.0853144440919293,0.3480400092958007,72.75999837368727,1.0,2.210869650718212,1
12:05:07.544067,66,-0.9204393925795662,1.3454025683823885,-0.2131185358526598,0.3480400092958007,54.63999877870083,1.0,0.8552068936342647,1
12:05:07.544067,66,-0.8837339517509385,1.2644300005479716,-0.3449664854843116,0.4872000130126253,32.51999927312136,1.0,2.7186345933031895,1
12:05:07.544067,66,-0.9626401740943064,1.4070872814611668,-0.0853144440919293,0.3480400092958007,82.11999816447496,1.0,1.9758466798808365,1
12:05:07.544067,66,-0.8784751840278364,1.3705433851908548,-0.2294088862773183,0.3480400092958007,34.759999223053455,1.0,1.2278020132729877,1
12:05:07.544067,66,-0.970007520147456,1.1995225444402686,-0.3449664854843116,1.3916000371682458,36.51999918371439,1.0,3.1905077910794932,1
12:05:07.544067,66,-1.099624640398697,1.3055204141747043,-0.0170697159306653,0.5566400148672983,39.63999911397696,1.0,0.8230051892728092,1
12:05:07.544067,66,-1.0376369570158914,1.2572296098394156,-0.2131185358526598,0.5566400148672983,48.75999891012907,1.0,0.4021988308944132,1
12:05:07.544067,66,-1.4364224096855789,1.0272027735137974,0.1238163286172383,0.5566400148672983,8.879999801516533,0.8879999801516533,1.8951178157961712,1
12:05:07.544067,66,-1.3850998747822527,0.9905014175331464,0.1193924434117361,0.5566400148672983,5.639999873936176,0.5639999873936177,2.2415292539353904,1
12:05:07.544067,66,-1.5499963979384002,1.085160037720903,0.1326640990282428,0.5566400148672983,5.999999865889549,0.5999999865889549,3.3094960746360242,1
12:05:07.544067,66,-1.5013119454722892,1.0510758151092796,0.0549967510045768,0.5566400148672983,7.999999821186066,0.7999999821186066,2.5067399729290747,1
12:05:07.544067,66,-1.4466224454727576,1.0127874294321488,0.1238163286172383,0.5566400148672983,8.119999818503857,0.8119999818503857,2.0939414973282795,1
12:05:07.544067,66,-1.399569661668297,0.9591342140615228,0.1873915642580582,0.5566400148672983,5.239999882876873,0.5239999882876873,2.850750107486684,1
12:05:07.544067,66,-1.4799915786792093,1.0808898434919485,0.0549967510045768,0.5566400148672983,8.639999806880951,0.8639999806880951,2.171966464573795,1
12:05:07.544067,66,-1.5220318075312498,1.020841370433518,0.0549967510045768,0.5566400148672983,7.35999983549118,0.735999983549118,2.9461577352134753,1
12:05:07.544067,66,-1.5921513926245676,1.0223087029132136,0.1326640990282428,0.5566400148672983,5.519999876618385,0.5519999876618386,3.761439415041801,1
12:05:07.544067,66,-1.5421428771878989,0.9901986028388724,0.0549967510045768,0.5566400148672983,6.8799998462200165,0.6879999846220016,3.4955176073800223,1
12:05:07.544067,66,-1.485965995937072,0.954127840428162,0.1238163286172383,0.5566400148672983,6.8799998462200165,0.6879999846220016,3.1559188489240952,1
12:05:07.544067,66,-1.612277783524817,0.9902633436822508,0.1326640990282428,0.5566400148672983,5.239999882876873,0.5239999882876873,4.156980752598324,1
12:05:07.544067,66,-1.551967591464842,0.9747279219188524,0.0549967510045768,0.5566400148672983,6.359999857842922,0.6359999857842922,3.8131052185065393,1
12:05:07.544067,66,-1.0732960557702556,1.3272503449865318,-0.0170697159306653,0.5566400148672983,56.519998736679554,1.0,1.135555769723566,1
12:05:07.544067,66,-1.4665875284203675,0.9836543592356004,0.1238163286172383,0.5566400148672983,7.519999831914902,0.7519999831914902,2.570368137267561,1
12:05:07.544067,66,-1.5390674794922306,1.1006054854750995,0.1326640990282428,0.5566400148672983,6.239999860525131,0.6239999860525132,3.262916492654166,1
12:05:07.544067,66,-1.571388162424139,1.053945152311891,0.1326640990282428,0.5566400148672983,5.759999871253967,0.5759999871253967,3.4808980700202055,1
12:05:07.544067,66,-1.4155924493576386,1.055723872176339,0.1238163286172383,0.5566400148672983,9.759999781847,0.9759999781847,1.573232481315877,1
12:05:07.544067,66,-1.365014156787736,1.0180034739754331,0.1193924434117361,0.5566400148672983,6.11999986320734,0.611999986320734,1.784264018329176,1
12:05:07.544067,66,-1.086514673363003,1.3164512015892356,-0.0170697159306653,0.5566400148672983,47.35999894142151,1.0,0.9721766958296771,1
12:05:07.544067,66,-1.050157161882882,1.2467905524859653,-0.2131185358526598,0.5566400148672983,38.87999913096428,1.0,0.42915753822120195,1
12:05:07.544067,66,-1.0055513274403474,1.1698869396852112,-0.3449664854843116,1.3916000371682458,25.75999942421913,1.0,3.6506663057371025,1
12:05:07.544067,66,-1.0796410800267435,1.2309663997850957,-0.1477603386059905,0.3480400092958007,25.11999943852425,1.0,0.2195678487195691,1
12:05:07.544067,66,-1.4241199994265217,1.1535077606842663,0.0549967510045768,0.5566400148672983,11.119999751448631,1.0,1.7589864808039133,1
12:05:07.544067,66,-1.0625723519135069,1.2362268171218282,-0.2131185358526598,0.5566400148672983,31.119999304413795,1.0,0.4725477378614573,1
12:05:07.544067,66,-1.4968174452049492,1.1635985203549652,0.0568939664401042,0.5566400148672983,6.6399998515844345,0.6639999851584435,3.143858310383214,1
12:05:07.544067,66,-1.4469038016519176,1.1247965662690542,0.0549967510045768,0.5566400148672983,10.239999771118164,1.0,1.8546660133849504,1
12:05:07.544067,66,-1.3941962709495814,1.083822695385017,0.1238163286172383,0.5566400148672983,10.639999762177467,1.0,1.348408727908842,1
12:05:07.544067,66,-1.3443824513548568,1.0450983426195306,0.1193924434117361,0.5566400148672983,6.6399998515844345,0.6639999851584435,1.4246734918766126,1
12:05:07.544067,66,-1.5167490344974446,1.1311646685781505,0.1326640990282428,0.5566400148672983,6.519999854266644,0.6519999854266645,3.2444454517490167,1
12:05:07.544067,66,-1.4691088616743166,1.095635468244534,0.0549967510045768,0.5566400148672983,9.359999790787697,0.9359999790787696,2.042191908758975,1
12:05:07.544067,66,-1.3832885156446668,1.0977102347372627,0.1238163286172383,0.5566400148672983,11.759999737143517,1.0,1.27093587220575,1
12:05:07.544067,66,-0.993802376140008,1.1798837912868998,-0.3449664854843116,1.3916000371682458,30.879999309778214,1.0,3.479408772233742,1
12:05:07.602175,67,-1.0243362114030865,1.244262362804827,-0.5624906890931884,0.5566400148672983,136.639996945858,1.0,1.096553635414219,1
12:05:07.602175,67,-1.099245510422545,1.3356317313952026,-0.3762081154092045,0.5566400148672983,130.63999707996845,1.0,2.36593830356672,1
12:05:07.602175,67,-0.9836696278451424,1.1314006886558126,-0.674583428280225,0.4872000130126253,92.63999792933464,1.0,2.3254492967827205,1
12:05:07.602175,67,-0.9458246740974506,1.0878720429395838,-0.6486300208357456,0.4872000130126253,44.23999901115894,1.0,3.9310549854690056,1
12:05:07.602175,67,-1.0712776990505222,1.3565980740551993,-0.3818260299931848,0.5566400148672983,136.3599969521165,1.0,2.751854335291124,1
12:05:07.602175,67,-1.0377592546862564,1.2343031236987914,-0.5598221190174977,0.5566400148672983,135.99999696016312,1.0,0.964150547902556,1
12:05:07.602175,67,-0.9984727319307176,1.1286506318928051,-0.6572185416320286,0.4872000130126253,91.11999796330927,1.0,2.082050155045519,1
12:05:07.602175,67,-0.9600582548658648,1.0852277897594598,-0.6319332175698475,0.4872000130126253,42.87999904155731,1.0,3.642845043394723,1
12:05:07.602175,67,-0.9899496043526916,1.08533396791646,-0.5837985601208127,0.4872000130126253,32.87999926507473,1.0,2.9205141290728327,1
12:05:07.602175,67,-1.0170344093680477,1.138645433196796,-0.6098063990871332,0.4872000130126253,77.63999826461077,1.0,1.5515133476346183,1
12:05:07.602175,67,-0.9779058045064118,1.094838058714012,-0.5863451735748089,0.4872000130126253,38.6399991363287,1.0,2.932052266584445,1
12:05:07.602175,67,-1.1130652271395989,1.3249470022085292,-0.3733451508522901,0.5566400148672983,121.23999729007484,1.0,2.1877926375935908,1
12:05:07.602175,67,-1.0774004170475222,1.203654515398998,-0.5516098491744302,0.5566400148672983,106.11999762803316,1.0,0.645403203465981,1
12:05:07.602175,67,-1.0295601135890082,1.128761058519475,-0.6071578888746583,0.4872000130126253,60.63999864459038,1.0,1.5096792702811708,1
12:05:07.602175,67,-1.126773638266465,1.3141293212687253,-0.3704465619804921,0.5566400148672983,109.35999755561352,1.0,2.019908665768669,1
12:05:07.602175,67,-1.0952289270787932,1.2162862219038209,-0.4847377646703156,0.5566400148672983,87.11999805271626,1.0,0.5070771800429795,1
12:05:07.602175,67,-1.0571324011532583,1.366877590911822,-0.384580418233499,0.5566400148672983,137.63999692350626,1.0,2.9590822114144295,1
12:05:07.602175,67,-1.0510785229133934,1.224214728072624,-0.5571189415565404,0.5566400148672983,124.2399972230196,1.0,0.8446557738663729,1
12:05:07.602175,67,-0.9335907715989962,1.0969489979647382,-0.6510621836044692,0.4872000130126253,41.999999061226845,1.0,3.9791615373572977,1
12:05:07.602175,67,-0.9971841790841672,1.367664331262866,-0.2212854870440939,0.5566400148672983,126.11999718099833,1.0,2.2270255749675463,1
12:05:07.602175,67,-1.029944886905821,1.388725018732771,0.0685712404737293,0.2783200074336491,5.359999880194664,0.5359999880194664,2.691762321763025,1
12:05:07.602175,67,-1.137186303641652,1.176561764048167,-0.1712005874294959,0.0697200018621515,9.759999781847,0.9759999781847,0.005129646973407028,1
12:05:07.602175,67,-1.092586118597137,1.4018639207939745,0.0270037909568396,0.2783200074336491,10.359999768435957,1.0,3.7736337113679514,1
12:05:07.602175,67,-1.0419828626611765,1.1187561910639297,-0.6044770927195645,0.4872000130126253,45.759998977184296,1.0,1.483451500986172,1
12:05:07.602175,67,-0.9190944910191636,1.3150231984190195,-0.3587695094962569,0.4872000130126253,37.11999917030335,1.0,1.7753332747748618,1
12:05:07.602175,67,-0.8837339517509385,1.2644300005479716,-0.3449664854843116,0.4872000130126253,25.999999418854717,1.0,1.932005912709398,1
12:05:07.602175,67,-0.9696332864070564,1.3873331611101634,-0.2212854870440939,0.4174800111504737,90.75999797135592,1.0,2.6641652546426147,1
12:05:07.602175,67,-0.9321985492004587,1.3057666562868435,-0.3587695094962569,0.4872000130126253,48.87999890744686,1.0,1.583149519959166,1
12:05:07.602175,67,-0.8963338544091393,1.2555295875458807,-0.3449664854843116,0.4872000130126253,31.5199992954731,1.0,1.7687034064213356,1
12:05:07.602175,67,-0.9834579052289024,1.3775676239906502,-0.2212854870440939,0.4174800111504737,108.99999756366014,1.0,2.441007620250344,1
12:05:07.602175,67,-0.9452093883078306,1.296379538583011,-0.3587695094962569,0.4872000130126253,64.3599985614419,1.0,1.4020454705764167,1
12:05:07.602175,67,-0.9088441244328488,1.2465036226369188,-0.3449664854843116,0.4872000130126253,37.239999167621136,1.0,1.6178075677718073,1
12:05:07.602175,67,-0.970946214460699,1.2772173442395789,-0.3587695094962569,0.4872000130126253,81.1199981868267,1.0,1.0738805442352561,1
12:05:07.602175,67,-1.0018944100679166,1.075714020087778,-0.5812209028688878,0.4872000130126253,27.119999393820763,1.0,2.925537595719074,1
12:05:07.602175,67,-1.108176965477485,1.2056445001734335,-0.4818863239265816,0.5566400148672983,70.23999843001366,1.0,0.42726132996146465,1
12:05:07.602175,67,-1.4184292131873244,1.0355376454604734,-0.2224987914676852,0.5566400148672983,11.879999734461308,1.0,2.037381333599894,1
12:05:07.602175,67,-1.366655182657434,0.9624169903369786,-0.3462028671560873,0.5566400148672983,7.239999838173389,0.723999983817339,2.406457150467679,1
12:05:07.602175,67,-1.4877449445889046,1.060843485059622,-0.1514881163761643,0.5566400148672983,8.119999818503857,0.8119999818503857,3.3003064854455544,1
12:05:07.602175,67,-1.4289365105846032,1.0217858107216318,-0.2188139984549663,0.5566400148672983,10.759999759495258,1.0,2.240738793263582,1
12:05:07.602175,67,-1.3784327972053738,0.967996849424814,-0.2770458443886343,0.5566400148672983,6.6399998515844345,0.6639999851584435,2.4111988150389987,1
12:05:07.602175,67,-1.498309421705579,1.0464218300457797,-0.1476238455616849,0.5566400148672983,7.639999829232693,0.7639999829232693,3.4555545304968622,1
12:05:07.602175,67,-1.4495213915856666,0.9939811162378862,-0.2113637530222526,0.5566400148672983,9.63999978452921,0.963999978452921,2.7144023181139794,1
12:05:07.602175,67,-1.3982901350844563,0.9411748720249996,-0.2698589172049482,0.5566400148672983,5.999999865889549,0.5999999865889549,3.0595796179314023,1
12:05:07.602175,67,-1.5189878454222534,1.017276005604201,-0.1398142454398247,0.5566400148672983,7.1199998408555984,0.7119999840855599,3.8340548166016006,1
12:05:07.602175,67,-1.4695264833827075,0.9657843396632744,-0.2038084495099246,0.5566400148672983,8.759999804198742,0.8759999804198741,3.2815342182067258,1
12:05:07.602175,67,-1.4175881755781266,0.913974670113988,-0.2625706450689292,0.5566400148672983,5.639999873936176,0.5639999873936177,3.8046309246020846,1
12:05:07.602175,67,-1.4889437842060966,0.9372067593319692,-0.1961511099385158,0.5566400148672983,7.999999821186066,0.7999999821186066,3.9472915264907837,1
12:05:07.602175,67,-1.4363191997278362,0.8864071234093928,-0.2551839431921256,0.5566400148672983,5.119999885559082,0.5119999885559082,4.651064757063703,1
12:05:07.602175,67,-1.551967591464842,0.9557490799652396,-0.1991553678284917,0.5566400148672983,6.239999860525131,0.6239999860525132,4.620215030395969,1
12:05:07.602175,67,-1.4984295766515603,0.9227787340106166,-0.1922851322052836,0.5566400148672983,7.239999838173389,0.723999983817339,4.318799180800368,1
12:05:07.602175,67,-1.5169507028483966,0.8936514268644556,-0.1844804937777765,0.5566400148672983,6.6399998515844345,0.6639999851584435,5.1424218533459785,1
12:05:07.602175,67,-1.13991324044944,1.3209815222099863,-0.2989832477271261,0.5566400148672983,96.51999784260988,1.0,2.1767749078994387,1
12:05:07.602175,67,-1.4661707419275416,1.0893770700505323,-0.1591336674316435,0.5566400148672983,8.639999806880951,0.8639999806880951,3.0543799551036064,1
12:05:07.602175,67,-1.345998673699857,0.988620087370046,-0.3532239658452921,0.5566400148672983,7.999999821186066,0.7999999821186066,1.851118947283588,1
12:05:07.602175,67,-1.5421428771878989,0.9706926102161644,-0.203159474691297,0.5566400148672983,6.6399998515844345,0.6639999851584435,4.323356207186978,1
12:05:07.602175,67,-1.444010090544306,1.1174881947184745,-0.1666660205847492,0.5566400148672983,9.239999793469906,0.9239999793469906,2.8900765142104268,1
12:05:07.602175,67,-1.3969901580988855,1.0627334142098477,-0.2297858757416236,0.5566400148672983,13.23999970406294,1.0,1.694537937969165,1
12:05:07.602175,67,-1.0254822712417218,1.056130412773326,-0.5759734911040922,0.4872000130126253,22.239999502897263,1.0,2.9862279421492204,1
12:05:07.602175,67,-1.1667505149124056,1.2987001190509513,-0.2930129637444305,0.5566400148672983,83.8799981251359,1.0,1.874138762434577,1
12:05:07.602175,67,-1.0786210085613848,1.0880286964559929,-0.5962436853539361,0.3480400092958007,26.6399994045496,1.0,1.5010590122820968,1
12:05:07.602175,67,-1.1799948090757235,1.2873661152732832,-0.289976026585193,0.5566400148672983,72.11999838799238,1.0,1.739294907614854,1
12:05:07.602175,67,-1.066514536720791,1.0983889916807512,-0.5990197180927582,0.3480400092958007,34.639999225735664,1.0,1.4788646290815712,1
12:05:07.602175,67,-1.1463510564291848,1.1729764481262397,-0.4731329457622381,0.5566400148672983,45.759998977184296,1.0,0.27118354850381937,1
12:05:07.602175,67,-1.1025091688,1.0669598949407488,-0.5905983170024349,0.3480400092958007,20.87999953329563,1.0,1.5958915122696875,1
12:05:07.602175,67,-1.1210141871080603,1.1948782441650432,-0.4790015143236266,0.5566400148672983,56.519998736679554,1.0,0.361125453317656,1
12:05:07.602175,67,-1.158848170454029,1.1618430982570804,-0.4701497736557437,0.5566400148672983,37.35999916493893,1.0,0.24805435486734323,1
12:05:07.602175,67,-1.2190144620685672,1.2526045337050205,-0.2806616888763484,0.5566400148672983,52.7599988207221,1.0,1.4051129560765219,1
12:05:07.602175,67,-1.2317789344053505,1.240768012148981,-0.2774901024842141,0.5566400148672983,45.11999899148941,1.0,1.3184873542950017,1
12:05:07.602175,67,-1.3293557437030366,1.1417605595475702,-0.2509611355150034,0.5566400148672983,21.7599995136261,1.0,1.1345412408533144,1
12:05:07.602175,67,-1.3409671769113285,1.1288637829947556,-0.2475054546527121,0.5566400148672983,19.119999572634697,1.0,1.1823894874798886,1
12:05:07.602175,67,-1.3637866088210826,1.1027369973261725,-0.240504803531994,0.5566400148672983,16.8799996227026,1.0,1.3309984820836573,1
12:05:07.602175,67,-1.3749923255984728,1.089509600867081,-0.2369605333328143,0.5566400148672983,14.999999664723871,1.0,1.4328612222404027,1
12:05:07.602175,67,-1.2061280893068689,1.2643171701627172,-0.2838000803564275,0.5566400148672983,61.75999861955643,1.0,1.5043933545081019,1
12:05:07.602175,67,-1.3248037832432762,1.014418917460891,-0.3601367415338017,0.5566400148672983,8.759999804198742,0.8759999804198741,1.3830183411353318,1
12:05:07.652677,68,-1.0317621764453029,1.2888897885947308,1.566319010200019,0.4872000130126253,72.87999837100506,1.0,1.2154399300801182,1
12:05:07.652677,68,-0.9934340960795172,1.1644229082324808,1.4000464649022952,0.5566400148672983,43.99999901652336,1.0,2.4583191095125447,1
12:05:07.652677,68,-1.0586983573787667,1.2686968177579916,1.571729700428509,0.4872000130126253,68.23999847471714,1.0,0.857998318564368,1
12:05:07.652677,68,-1.0188342198701577,1.144985241382423,1.4052547720375137,0.5566400148672983,43.99999901652336,1.0,2.4976557898169354,1
12:05:07.652677,68,-1.1130652271395989,1.3249470022085292,1.6266548491477095,0.6263600167294499,58.11999870091677,1.0,2.1580764850909797,1
12:05:07.652677,68,-0.9899496043526916,1.08533396791646,1.4162014398791871,0.5566400148672983,5.759999871253967,0.5759999871253967,5.628113594790878,1
12:05:07.652677,68,-1.036228519545,1.153366806713582,1.4534547400269198,0.5566400148672983,41.51999907195568,1.0,1.8941082594248777,1
12:05:07.652677,68,-1.126773638266465,1.3141293212687253,1.6295534380195078,0.6263600167294499,53.11999881267548,1.0,1.9181802640134555,1
12:05:07.652677,68,-1.085211073103999,1.2479875530261888,1.5772787311892376,0.4872000130126253,52.23999883234501,1.0,0.5651573314925077,1
12:05:07.652677,68,-1.069992380112652,1.3366474213590052,1.550249694087044,0.6263600167294499,63.51999858021736,1.0,1.966274753905917,1
12:05:07.652677,68,-1.0720083152080786,1.2584062092163022,1.574487060676879,0.4872000130126253,60.75999864190817,1.0,0.7033235786718214,1
12:05:07.652677,68,-0.9805843828050412,1.1739567646199485,1.397491875782519,0.5566400148672983,41.23999907821417,1.0,2.469219093103698,1
12:05:07.652677,68,-0.9507793411746244,1.5037879921753317,1.342503822639055,0.2783200074336491,39.35999912023544,1.0,7.2203682219180605,1
12:05:07.652677,68,-0.967636611913819,1.1833660276908773,1.3949706713412915,0.5566400148672983,36.87999917566776,1.0,2.5001225699762286,1
12:05:07.652677,68,-1.0015999148146757,1.2872035201892635,1.496260002524703,0.4872000130126253,69.51999844610691,1.0,1.1419729621151815,1
12:05:07.652677,68,-0.9545920781720924,1.192649756526843,1.3924831036969452,0.5566400148672983,31.87999928742647,1.0,2.5507693210761686,1
12:05:07.652677,68,-0.9878128582081588,1.2968117259260763,1.493685491556812,0.4872000130126253,62.5199986025691,1.0,1.329549414109257,1
12:05:07.652677,68,-1.0639966142354398,1.415880453465919,1.5257465701387614,0.6263600167294499,51.63999884575605,1.0,4.775880579897956,1
12:05:07.652677,68,-0.9739270211434118,1.3062862807386917,1.4911467922461277,0.4872000130126253,54.35999878495932,1.0,1.532650441729674,1
12:05:07.652677,68,-0.9458645696666252,1.324830661260877,1.4861778404610724,0.4872000130126253,46.23999896645546,1.0,1.9844872945524874,1
12:05:07.652677,68,-0.9080916160657542,1.4751975864027294,1.083069215897364,0.2783200074336491,14.51999967545271,1.0,5.1027261816361795,1
12:05:07.652677,68,-1.1112897188886817,1.2267702778287248,1.582963882943987,0.4872000130126253,43.99999901652336,1.0,0.3398981769414605,1
12:05:07.652677,68,-1.015286812268852,1.2774626243407756,1.498870067700861,0.4872000130126253,73.35999836027622,1.0,0.9701805636924246,1
12:05:07.652677,68,-1.061130068361587,1.133107203571346,1.458883284327857,0.5566400148672983,32.239999279379845,1.0,1.9846464626958276,1
12:05:07.652677,68,-1.0487317301004844,1.1432971382650217,1.4561528995557609,0.5566400148672983,37.239999167621136,1.0,1.928935748120612,1
12:05:07.652677,68,-1.0856071793180149,1.112370623313006,1.4644396342618622,0.5566400148672983,27.239999391138557,1.0,2.1602049307504494,1
12:05:07.652677,68,-1.124162998934714,1.2159737805311182,1.5858567956759655,0.4872000130126253,36.87999917566776,1.0,0.2536262596617141,1
12:05:07.652677,68,-1.552897480408876,0.9733869199311894,1.9475606179181872,0.2783200074336491,8.119999818503857,0.8119999818503857,2.751375997916211,1
12:05:07.652677,68,-1.485965995937072,0.9536627465917904,1.872650932962337,0.4174800111504737,5.639999873936176,0.5639999873936177,2.8134392205902263,1
12:05:07.652677,68,-1.5864137126059332,1.0378076083765264,1.9374875635487092,0.2783200074336491,5.359999880194664,0.5359999880194664,3.1810087825453426,1
12:05:07.652677,68,-1.4665875284203675,0.9821831736683048,1.8650089075593947,0.4174800111504737,5.999999865889549,0.5999999865889549,2.1466888324089552,1
12:05:07.652677,68,-1.5189878454222534,1.017276005604201,1.8601857545601752,0.2783200074336491,9.359999790787697,0.9359999790787696,2.1158282981716576,1
12:05:07.652677,68,-1.5761483167748405,1.0530817370268382,1.9333948731117692,0.2783200074336491,5.519999876618385,0.5519999876618386,3.129611204965055,1
12:05:07.652677,68,-1.4466224454727576,1.0103235585702433,1.8574687141502195,0.4174800111504737,6.519999854266644,0.6519999854266645,1.6120601105345291,1
12:05:07.652677,68,-1.498309421705579,1.0464218300457797,1.852376154438315,0.2783200074336491,10.119999773800371,1.0,1.8007786214296675,1
12:05:07.652677,68,-1.5551457268713196,1.0833287224549415,1.925290217792833,0.2783200074336491,5.759999871253967,0.5759999871253967,3.1223700533614815,1
12:05:07.652677,68,-1.3784327972053738,0.967996849424814,1.7229541556113657,0.4174800111504737,5.239999882876873,0.5239999882876873,2.936196568773251,1
12:05:07.652677,68,-1.4364224096855789,1.024247711713551,1.853737748560183,0.4174800111504737,7.1199998408555984,0.7119999840855599,1.3920238992887248,1
12:05:07.652677,68,-1.533512345887955,1.003200342669493,1.9395721353718511,0.2783200074336491,8.759999804198742,0.8759999804198741,2.2984079128687758,1
12:05:07.652677,68,-1.5335210994398565,1.113163946865523,1.9172958935060165,0.2783200074336491,5.999999865889549,0.5999999865889549,3.2353765523082596,1
12:05:07.652677,68,-1.4877449445889046,1.060843485059622,1.848511883623836,0.2783200074336491,10.87999975681305,1.0,1.6894520049550514,1
12:05:07.652677,68,-1.3749923255984728,1.089509600867081,1.7630394666671856,0.4174800111504737,9.359999790787697,0.9359999790787696,0.6200478201868161,1
12:05:07.652677,68,-1.499936826028906,1.1571186728344554,1.9055182601791096,0.2783200074336491,6.6399998515844345,0.6639999851584435,3.612038248407152,1
12:05:07.652677,68,-1.444010090544306,1.1174881947184745,1.8333339794152508,0.2783200074336491,12.759999714791777,1.0,1.5297996069612716,1
12:05:07.652677,68,-1.3969901580988855,1.0627334142098477,1.7702141242583764,0.4174800111504737,8.51999980956316,0.851999980956316,0.8674591691813669,1
12:05:07.652677,68,-1.3263951921385295,1.0333270392520366,1.7054489840057894,0.4174800111504737,6.8799998462200165,0.6879999846220016,1.339588156963394,1
12:05:07.652677,68,-1.511283084042712,1.1425754765671496,1.9094150978743016,0.2783200074336491,6.359999857842922,0.6359999857842922,3.4602306261843787,1
12:05:07.652677,68,-1.4661707419275416,1.0893770700505323,1.8408663325683563,0.2783200074336491,11.759999737143517,1.0,1.5543756578229524,1
12:05:07.652677,68,-1.4155924493576386,1.0517969775058384,1.846355945039069,0.4174800111504737,7.759999826550484,0.7759999826550483,1.0420731293653338,1
12:05:07.652677,68,-1.3682968651782228,0.9812626452704338,1.719399596327576,0.4174800111504737,5.759999871253967,0.5759999871253967,2.5572943282999594,1
12:05:07.652677,68,-1.347615542770899,1.0074972185434012,1.712370063605309,0.4174800111504737,6.239999860525131,0.6239999860525132,1.8903844418439952,1
12:05:07.652677,68,-1.4327126075043055,1.131381813933864,1.8296111953665417,0.2783200074336491,13.879999689757824,1.0,1.5566517263320017,1
12:05:07.713005,69,-0.991173161459709,1.2383534880725795,1.3692023467218282,0.5566400148672983,102.35999771207572,1.0,1.3549982999847325,1
12:05:07.713005,69,-1.0181615215621689,1.218944158884582,1.374403060803382,0.6263600167294499,105.7599976360798,1.0,1.2232081570635378,1
12:05:07.713005,69,-0.9529057539261868,1.186225747110769,1.3774444942239985,0.5566400148672983,33.359999254345894,1.0,2.8577642076421474,1
12:05:07.713005,69,-1.0758250988943807,1.3825938220662064,1.458929534053335,0.3480400092958007,158.75999645143747,1.0,1.5334663535428263,1
12:05:07.713005,69,-1.034133153499559,1.310616981126414,1.41124104269255,0.5566400148672983,168.87999622523785,1.0,0.6703667123896007,1
12:05:07.713005,69,-1.0047175769689107,1.2287139959053088,1.3717852408634943,0.5566400148672983,106.99999760836364,1.0,1.2827215247281816,1
12:05:07.713005,69,-0.9659272439888088,1.176958418344934,1.3799276674827978,0.6263600167294499,36.35999918729067,1.0,2.7985912203379377,1
12:05:07.713005,69,-1.0905262860544465,1.3721310613525552,1.461733022337158,0.3480400092958007,150.8799966275692,1.0,1.3818951353924824,1
12:05:07.713005,69,-1.062291258486417,1.2903664017312504,1.4166671690877466,0.5566400148672983,157.3599964827299,1.0,0.46213780841971097,1
12:05:07.713005,69,-1.1371549140327877,1.3627156504740938,1.5399920361661807,0.3480400092958007,123.75999723374844,1.0,1.72632834040617,1
12:05:07.713005,69,-1.1076126088691771,1.378891759971794,1.5167046531339357,0.3480400092958007,138.51999690383673,1.0,1.8240675912629178,1
12:05:07.713005,69,-1.0799478085475855,1.298341999542356,1.469145836192991,0.5566400148672983,140.87999685108662,1.0,0.5110927239187252,1
12:05:07.713005,69,-1.0363506512145106,1.2281721771279144,1.424309364452619,0.5566400148672983,99.11999778449535,1.0,0.8662779208688339,1
12:05:07.713005,69,-0.9934340960795172,1.1644229082324808,1.4000464649022952,0.6263600167294499,37.87999915331602,1.0,2.5126276129695504,1
12:05:07.713005,69,-1.0938085517482836,1.2878434752468206,1.4719589072996984,0.5566400148672983,122.35999726504087,1.0,0.4103576281906393,1
12:05:07.713005,69,-1.04965184052076,1.2180974749947602,1.4270088727531818,0.5566400148672983,88.7599980160594,1.0,0.8097852764142133,1
12:05:07.713005,69,-1.0188342198701577,1.144985241382423,1.4052547720375137,0.6263600167294499,35.999999195337296,1.0,2.477738294703961,1
12:05:07.713005,69,-1.1514512278465214,1.351662439717686,1.5429537350621314,0.4872000130126253,108.51999757438898,1.0,1.5764304620204022,1
12:05:07.713005,69,-1.019898275765357,1.3205372736016006,1.408582908335143,0.5566400148672983,172.35999614745378,1.0,0.790869622452356,1
12:05:07.713005,69,-0.978852142136287,1.1675657771052728,1.3824444181177602,0.6263600167294499,37.99999915063381,1.0,2.75326552510451,1
12:05:07.713005,69,-1.0610163301257522,1.3929140594525256,1.4561642347799737,0.3480400092958007,160.3599964156747,1.0,1.6939522479099982,1
12:05:07.713005,69,-0.9844724331494412,1.4362034098543563,1.4256687687074436,0.5566400148672983,116.35999739915133,1.0,2.406576613902041,1
12:05:07.713005,69,-1.0055614090580502,1.3303195740006442,1.4059617488431009,0.5566400148672983,167.1199962645769,1.0,0.9221993883807486,1
12:05:07.713005,69,-1.1086157855164231,1.2830338702921047,1.4914918997885271,0.5566400148672983,104.63999766111374,1.0,0.38832336496657666,1
12:05:07.713005,69,-0.9642686694453676,1.4150330598287229,0.922313438849997,0.5566400148672983,5.999999865889549,0.5999999865889549,3.7805860001162666,1
12:05:07.713005,69,-1.020320705550621,1.5618855698962164,1.3991177408950397,0.4174800111504737,27.519999384880062,1.0,6.322547039829802,1
12:05:07.713005,69,-0.9162340803977164,1.3795597108521849,1.3746077436481958,0.5566400148672983,87.23999805003405,1.0,1.8526177582892747,1
12:05:07.713005,69,-0.9657117968843516,1.426331405913097,1.3717468541974096,0.5566400148672983,101.51999773085116,1.0,2.0410583006210996,1
12:05:07.713005,69,-0.9311321774776796,1.370637542804604,1.37699843137128,0.5566400148672983,102.51999770849945,1.0,1.6632352888800908,1
12:05:07.713005,69,-0.9459371621199986,1.3615719186959807,1.3794275580300694,0.5566400148672983,119.6399973258376,1.0,1.484705795691911,1
12:05:07.713005,69,-0.9203630347395088,1.2778106847455146,1.3412276455131946,0.5566400148672983,60.63999864459038,1.0,2.0001748682016984,1
12:05:07.713005,69,-1.0007352145088773,1.4327493513629947,1.445490400482305,0.5566400148672983,131.3599970638752,1.0,2.4236535004755804,1
12:05:07.713005,69,-0.960647553838612,1.3523637450811312,1.3818948807139342,0.5566400148672983,137.63999692350626,1.0,1.3170245087014685,1
12:05:07.713005,69,-0.936018026721441,1.2755889269149865,1.359225140954187,0.5566400148672983,71.11999841034412,1.0,1.7704312516062848,1
12:05:07.713005,69,-1.0510068087376514,1.47209874443267,1.4290614053277908,0.5566400148672983,96.87999783456326,1.0,3.5017407698338308,1
12:05:07.713005,69,-1.015959395713976,1.4230093833754054,1.4481002170388848,0.5566400148672983,145.11999675631523,1.0,2.2281688787425717,1
12:05:07.713005,69,-0.9911239870522974,1.3399629041017014,1.403377826330176,0.5566400148672983,154.51999654620886,1.0,1.06429752929594,1
12:05:07.713005,69,-0.9499506831598706,1.2664803217911749,1.361665784341286,0.5566400148672983,82.51999815553427,1.0,1.6477269586852028,1
12:05:07.713005,69,-1.046101460613032,1.403090741496421,1.453437401044683,0.3480400092958007,155.51999652385712,1.0,1.8632730014729337,1
12:05:07.713005,69,-0.963788345325854,1.2572375952129593,1.3641423654637803,0.5566400148672983,93.51999790966512,1.0,1.5375580381852987,1
12:05:07.713005,69,-1.075938006607856,1.1975651697445768,1.4325104873637178,0.5566400148672983,76.99999827891588,1.0,0.7345565210322706,1
12:05:07.713005,69,-1.5499963979384002,1.0825201015213155,1.8472835947264108,0.3480400092958007,9.879999779164793,0.9879999779164793,2.8233131033908885,1
12:05:07.713005,69,-1.1656323975021572,1.3404716921344564,1.5459522868397582,0.4872000130126253,93.99999789893629,1.0,1.435360417259099,1
12:05:07.713005,69,-1.3828806803188995,0.9155092891154332,1.5958551715722429,0.4872000130126253,6.7599998489022255,0.6759999848902225,3.531451886422115,1
12:05:07.713005,69,-1.6016833741712218,1.118618372996852,1.8421910350145063,0.6263600167294499,5.119999885559082,0.5119999885559082,4.3590144584701775,1
12:05:07.713005,69,-1.031382090395223,1.1350833746702336,1.4079079692266052,0.6263600167294499,32.87999926507473,1.0,2.481331896639068,1
12:05:07.713005,69,-1.5013119454722892,1.0294954817806323,1.7810843433603727,0.4872000130126253,10.759999759495258,1.0,1.6721535326194048,1
12:05:07.713005,69,-1.4501014127904268,0.9760485162286204,1.7201419167064678,0.4872000130126253,8.999999798834324,0.8999999798834324,1.7263863377464328,1
12:05:07.713005,69,-1.4023810833488854,0.8886048301905168,1.6030641996139705,0.4872000130126253,6.239999860525131,0.6239999860525132,4.225136557337836,1
12:05:07.713005,69,-1.6237884794260249,1.0874616694759935,1.8505394485617364,0.6263600167294499,4.999999888241291,0.4999999888241291,4.272043274553597,1
12:05:07.713005,69,-1.571388162424139,1.0523688375400977,1.855362601560956,0.3480400092958007,9.119999796152117,0.9119999796152116,2.8685121982759725,1
12:05:07.713005,69,-1.5220318075312498,1.0002912508248063,1.7889095934605583,0.4872000130126253,9.879999779164793,0.9879999779164793,1.932486956931775,1
12:05:07.713005,69,-1.4701145095589798,0.9478404568068468,1.7277002434485813,0.4872000130126253,8.359999813139439,0.8359999813139438,2.186208543949042,1
12:05:07.713005,69,-1.4158873533452114,0.8952097472902707,1.6718052593438002,0.4872000130126253,5.759999871253967,0.5759999871253967,3.649806289792364,1
12:05:07.713005,69,-1.5921513926245676,1.0218103740138276,1.863550717184756,0.3480400092958007,8.51999980956316,0.851999980956316,2.9824722313099676,1
12:05:07.713005,69,-1.5421428771878989,0.9706926102161644,1.796840525308703,0.4872000130126253,8.999999798834324,0.8999999798834324,2.265848986894609,1
12:05:07.713005,69,-1.4895395801512608,0.919251441251012,1.735360647079168,0.4872000130126253,7.639999829232693,0.7639999829232693,2.7228812875865045,1
12:05:07.713005,69,-1.4345959040129408,0.867675276127042,1.6791830986560057,0.4872000130126253,5.239999882876873,0.5239999882876873,4.372074586110819,1
12:05:07.713005,69,-1.551967591464842,0.9557490799652396,1.800844632171508,0.4872000130126253,8.359999813139439,0.8359999813139438,2.4612208141126164,1
12:05:07.713005,69,-1.4990291683052903,0.9048176426029064,1.7392281717706413,0.4872000130126253,7.1199998408555984,0.7119999840855599,3.0212261083483996,1
12:05:07.713005,69,-1.631759284837234,0.9595208982211816,1.8802411319203527,0.3480400092958007,7.35999983549118,0.735999983549118,3.435077266572012,1
12:05:07.713005,69,-1.5711504666982263,0.9255810711232764,1.8089281257779672,0.4872000130126253,7.759999826550484,0.7759999826550483,2.912027306915844,1
12:05:07.713005,69,-1.4277931708256413,0.9843368938961288,1.6446510154057048,0.4872000130126253,9.879999779164793,0.9879999779164793,1.6477221254029053,1
12:05:07.713005,69,-1.4805837924288534,1.0397318239135305,1.70242322455386,0.4872000130126253,11.639999739825726,1.0,1.354050346734268,1
12:05:07.713005,69,-1.612277783524817,0.99085693391993,1.8718446664608808,0.3480400092958007,7.999999821186066,0.7999999821186066,3.1697586937506728,1
12:05:07.713005,69,-1.5903900143955565,1.134035031751764,1.8380601537511416,0.6263600167294499,5.359999880194664,0.5359999880194664,4.425698698371261,1
12:05:07.713005,69,-1.531046646773815,1.0948014328407034,1.7655498084623882,0.3480400092958007,10.639999762177467,1.0,2.3169548926940804,1
12:05:07.713005,69,-1.1358107839257374,1.261353652211622,1.4973010967149232,0.5566400148672983,88.63999801874161,1.0,0.22432631805410835,1
12:05:07.713005,69,-1.088920354794116,1.1871096198408708,1.4353120435168392,0.5566400148672983,65.51999853551388,1.0,0.7160746025135426,1
12:05:07.713005,69,-1.1017938118571953,1.17652919494908,1.4381470598221724,0.4872000130126253,55.23999876528978,1.0,0.7105355766835626,1
12:05:07.713005,69,-1.1287410119348875,1.1610294532046743,1.4598115018178652,0.4872000130126253,46.35999896377325,1.0,0.6228157810983982,1
12:05:07.713005,69,-1.4732476732545703,1.167364686030016,1.7461065433701366,0.3480400092958007,13.519999697804453,1.0,2.387098939635591,1
12:05:07.713005,69,-1.4246898563479753,1.1099034132797945,1.6836208038515612,0.4872000130126253,15.519999653100967,1.0,0.9223666170435751,1
12:05:07.713005,69,-1.3738921483810251,1.052006495978408,1.6265190001756225,0.4872000130126253,13.119999706745148,1.0,0.7536960956200401,1
12:05:07.713005,69,-1.33172731829681,0.9810756972399952,1.5782867054646572,0.4872000130126253,8.999999798834324,0.8999999798834324,2.127245714302688,1
12:05:07.713005,69,-1.149238590003818,1.2503176194680847,1.500258192776197,0.5566400148672983,74.87999832630157,1.0,0.15884191866530095,1
12:05:07.713005,69,-1.4968174452049492,1.1386751043087298,1.753793893623542,0.3480400092958007,12.359999723732471,1.0,2.316627350355783,1
12:05:07.713005,69,-1.543637729733755,1.1945878710925606,1.8218350693503635,0.6263600167294499,5.759999871253967,0.5759999871253967,4.833684646372158,1
12:05:07.713005,69,-1.4172942806674416,0.9980777253333548,1.6409691707187677,0.4872000130126253,10.87999975681305,1.0,1.4348774221490472,1
12:05:07.713005,69,-1.5197885101613091,1.1095359576484412,1.7616017044392984,0.3480400092958007,11.519999742507936,1.0,2.302047454311803,1
12:05:07.713005,69,-1.4696967207406393,1.0539807030482369,1.6986052488966668,0.4872000130126253,12.759999714791777,1.0,1.2361001660522817,1
12:05:07.713005,69,-1.342228493978213,0.9681613750219628,1.5817470876737745,0.4872000130126253,8.239999815821648,0.8239999815821648,2.371902469432344,1
12:05:07.713005,69,-1.3958723796819987,1.0252517338411389,1.6336879170839906,0.4872000130126253,11.879999734461308,1.0,1.0610701563786116,1
12:05:07.713005,69,-1.4474827754366977,1.082159431868381,1.6910547812655734,0.4872000130126253,14.119999684393406,1.0,1.0485261406367932,1
12:05:07.713005,69,-1.5673273270673476,1.1645372551399202,1.8298871076269316,0.6263600167294499,5.519999876618385,0.5519999876618386,4.6025633043977665,1
12:05:07.713005,69,-1.362827143479675,0.9420316735924784,1.5887485200702711,0.4872000130126253,7.519999831914902,0.7519999831914902,2.9147432932139536,1
12:05:07.775841,70,-1.0758250988943807,1.3825938220662064,1.458929534053335,0.6263600167294499,365.51999182999134,1.0,1.4168548464469384,1
12:05:07.775841,70,-1.112937690934233,1.430288973004678,1.4402642998176511,0.6263600167294499,268.2399940043688,1.0,1.8746210899109137,1
12:05:07.775841,70,-0.963788345325854,1.2572375952129593,1.3641423654637803,0.7655200204462744,144.11999677866697,1.0,2.5424961974554012,1
12:05:07.775841,70,-0.991173161459709,1.2383534880725795,1.3692023467218282,0.7655200204462744,150.3599966391921,1.0,2.2349938390877853,1
12:05:07.775841,70,-1.018513915909655,1.3141241836312831,1.3921411403233412,0.6263600167294499,281.359993711114,1.0,0.6766668660607476,1
12:05:07.775841,70,-1.0610163301257522,1.3929140594525256,1.4561642347799737,0.6263600167294499,409.7599908411503,1.0,1.691513007338588,1
12:05:07.775841,70,-1.0976180660845491,1.4409652262157502,1.437403606391554,0.6263600167294499,300.11999329179525,1.0,1.8579696560709935,1
12:05:07.775841,70,-0.9499506831598706,1.2664803217911749,1.361665784341286,0.7655200204462744,131.3599970638752,1.0,2.7510419226819014,1
12:05:07.775841,70,-1.046101460613032,1.403090741496421,1.453437401044683,0.6263600167294499,450.119989939034,1.0,2.0042482363005725,1
12:05:07.775841,70,-1.0821886803478422,1.4514929718752858,1.4345827054439613,0.6263600167294499,330.99999260157347,1.0,1.871678932083571,1
12:05:07.775841,70,-0.989778684003649,1.3335234467340904,1.386943123441185,0.6263600167294499,302.11999324709177,1.0,0.9724457863141449,1
12:05:07.775841,70,-1.0149917732288294,1.416889425325482,1.4308439352645823,0.6263600167294499,480.7599892541766,1.0,1.6893997553990412,1
12:05:07.775841,70,-1.0510068087376514,1.47209874443267,1.4290614053277908,0.6263600167294499,357.5199920088053,1.0,2.0001406828032247,1
12:05:07.775841,70,-1.0327294719195692,1.3042173564741444,1.3947956666596513,0.6263600167294499,260.1199941858649,1.0,0.580818821809185,1
12:05:07.775841,70,-0.936018026721441,1.2755889269149865,1.359225140954187,0.6263600167294499,115.23999742418528,1.0,2.9987650472743486,1
12:05:07.775841,70,-1.004196509361462,1.3238932060159496,1.3895235386645282,0.6263600167294499,296.3599933758378,1.0,0.8065033436901983,1
12:05:07.775841,70,-1.0047175769689107,1.2287139959053088,1.3717852408634943,0.7655200204462744,148.3599966838956,1.0,2.1322013294610906,1
12:05:07.775841,70,-1.1763831923597985,1.4097250668321446,1.5241232040350168,0.6263600167294499,182.99999590963125,1.0,3.555243319934356,1
12:05:07.775841,70,-1.1281460229472435,1.4194652798584453,1.4431644996553066,0.7655200204462744,237.5199946910143,1.0,1.9192308706057477,1
12:05:07.775841,70,-0.960647553838612,1.3523637450811312,1.3818948807139342,0.6263600167294499,296.8799933642149,1.0,1.4214121826828396,1
12:05:07.775841,70,-1.0709058566329963,1.178581095232414,1.3852183111130263,0.7655200204462744,91.99999794363976,1.0,2.056162510518603,1
12:05:07.775841,70,-1.1158050710003262,1.24193892310506,1.4114831225867728,0.6263600167294499,163.99999633431435,1.0,0.6085908914915605,1
12:05:07.775841,70,-1.1482259809317112,1.3288759221469135,1.4733232019558056,0.6263600167294499,211.2399952784181,1.0,0.5395030480855639,1
12:05:07.775841,70,-1.1911726841657428,1.398290554968378,1.5271870722547574,0.7655200204462744,159.9999964237213,1.0,3.312816629108372,1
12:05:07.775841,70,-1.0578771370549631,1.1888624130412389,1.382463440309024,0.7655200204462744,107.8799975886941,1.0,2.0186163329685503,1
12:05:07.775841,70,-1.0885449154551117,1.263232018224648,1.4057776549451202,0.6263600167294499,186.3599958345294,1.0,0.4970811365553147,1
12:05:07.775841,70,-1.1339697114905969,1.3398981725525667,1.470369798860837,0.6263600167294499,243.8799945488572,1.0,0.65567487684964,1
12:05:07.775841,70,-1.0315036508562871,1.2090449539859154,1.37705554476169,0.7655200204462744,124.2399972230196,1.0,2.0193610702675704,1
12:05:07.775841,70,-1.0747508730594535,1.2736800214180963,1.402978120926918,0.6263600167294499,210.6399952918291,1.0,0.476935849293155,1
12:05:07.775841,70,-1.1196000460283746,1.3507821691600692,1.4674534407594335,0.6263600167294499,280.8799937218428,1.0,0.7995163904727027,1
12:05:07.775841,70,-1.146452787447351,1.4321626868875548,1.5181110618610931,0.6263600167294499,208.87999533116815,1.0,4.131971445335518,1
12:05:07.775841,70,-1.0181615215621689,1.218944158884582,1.374403060803382,0.7655200204462744,138.8799968957901,1.0,2.060916396412667,1
12:05:07.775841,70,-1.060849356476917,1.28399426422141,1.4002144278972315,0.6263600167294499,235.75999473035336,1.0,0.48291884370015614,1
12:05:07.775841,70,-1.0905262860544465,1.3721310613525552,1.461733022337158,0.6263600167294499,321.7599928081036,1.0,1.1780579616006461,1
12:05:07.775841,70,-0.967636611913819,1.1833660276908773,1.3949706713412915,0.7655200204462744,22.63999949395657,1.0,6.097471334957047,1
12:05:07.775841,70,-0.99978209187492,1.4266201167493926,1.4282366043557495,0.6263600167294499,494.6399889439344,1.0,2.022219570101755,1
12:05:07.775841,70,-0.8669224193819146,1.3850043610151208,1.3188290971160628,0.5566400148672983,141.75999683141708,1.0,2.378517826493354,1
12:05:07.775841,70,-0.9219917692645356,1.2845624997315126,1.3568206793647768,0.5566400148672983,98.75999779254198,1.0,3.2877176883047925,1
12:05:07.775841,70,-1.2058430597012362,1.3867137616885905,1.5302890646650185,0.7655200204462744,139.63999687880278,1.0,3.0983150329093743,1
12:05:07.775841,70,-0.8875202856083119,1.4710928488662631,1.3597530617060571,0.5566400148672983,250.87999439239505,1.0,2.16279614358319,1
12:05:07.775841,70,-0.9181369521284786,1.521840938689438,1.3376665501995983,0.5566400148672983,231.8799948170781,1.0,2.2829879434999025,1
12:05:07.775841,70,-0.85173821146853,1.3933049234508796,1.316604968114677,0.5566400148672983,119.11999733746052,1.0,2.6464434773478693,1
12:05:07.775841,70,-0.8716094279970216,1.479588863587421,1.35747656142264,0.5566400148672983,206.63999538123608,1.0,2.5572120198511277,1
12:05:07.775841,70,-0.901677219827298,1.5306300392743064,1.3353115177956871,0.5566400148672983,194.3599956557155,1.0,2.274087358086211,1
12:05:07.775841,70,-0.8211158032443906,1.4094639906930757,1.3122751590966903,0.5566400148672983,99.99999776482582,1.0,3.3470178436065137,1
12:05:07.775841,70,-0.8544500452444582,1.481125373911973,1.3382558528537285,0.5566400148672983,169.63999620825052,1.0,2.3356819936837905,1
12:05:07.775841,70,-0.8851273205595604,1.5392597142559457,1.3329992033534137,0.5566400148672983,161.63999638706446,1.0,2.3195222691734827,1
12:05:07.775841,70,-0.8056806651488027,1.4173208796063266,1.3101699120573638,0.5566400148672983,84.11999811977148,1.0,3.785128231281872,1
12:05:07.775841,70,-0.8383882980560361,1.48930122323905,1.3360651406290995,0.5566400148672983,139.35999688506126,1.0,2.7267644011867542,1
12:05:07.775841,70,-0.867310065087421,1.5406774448751943,1.3131614701326668,0.5566400148672983,133.9999970048666,1.0,2.5412824110927232,1
12:05:07.775841,70,-0.9345048715036623,1.5128932914040358,1.3400640650638804,0.5566400148672983,272.2399939149618,1.0,2.343038917170656,1
12:05:07.775841,70,-1.035257441025205,1.4821747107705263,1.426361558284599,0.6263600167294499,375.5199916064739,1.0,2.120045753732435,1
12:05:07.775841,70,-0.9033423919346064,1.4624435744243047,1.3620706278078951,0.5566400148672983,301.999993249774,1.0,1.8254598970337392,1
12:05:07.775841,70,-0.9459371621199986,1.3615719186959807,1.3794275580300694,0.6263600167294499,280.8799937218428,1.0,1.708961374397914,1
12:05:07.775841,70,-0.981066596844663,1.416929110127839,1.3742661917600685,0.6263600167294499,486.99998911470175,1.0,0.8958633723878453,1
12:05:07.775841,70,-1.0194045484359953,1.492098048642916,1.423702607915471,0.6263600167294499,380.8799914866686,1.0,2.280614145595157,1
12:05:07.775841,70,-0.8936640709710402,1.302100972636506,1.3521212597134085,0.5566400148672983,83.3599981367588,1.0,3.997778099113682,1
12:05:07.775841,70,-0.9311321774776796,1.370637542804604,1.37699843137128,0.6263600167294499,256.5199942663312,1.0,2.0416647265354886,1
12:05:07.775841,70,-0.9657117968843516,1.426331405913097,1.3717468541974096,0.6263600167294499,457.6399897709489,1.0,0.9900064665249673,1
12:05:07.775841,70,-1.0034497162460003,1.501867765724365,1.4210848201132162,0.6263600167294499,371.1199917048216,1.0,2.4845883486107088,1
12:05:07.775841,70,-0.8793654628805461,1.3106641188923769,1.3498267715894785,0.5566400148672983,70.23999843001366,1.0,4.423244996552571,1
12:05:07.775841,70,-0.9162340803977164,1.3795597108521849,1.3746077436481958,0.6263600167294499,227.359994918108,1.0,2.4219231048704506,1
12:05:07.775841,70,-0.950260426553426,1.4355849180843483,1.3692673830839714,0.6263600167294499,411.7599907964468,1.0,1.1273426605234231,1
12:05:07.775841,70,-0.986454123248408,1.5051142973036766,1.400666938140655,0.6263600167294499,346.9999922439456,1.0,2.137139592851658,1
12:05:07.775841,70,-0.864978918980497,1.3190887253511503,1.3475694050923,0.5566400148672983,59.11999867856503,1.0,4.898657457847069,1
12:05:07.775841,70,-0.901244360677335,1.388337530629394,1.3722557339275867,0.5566400148672983,196.99999559670687,1.0,2.852190518305548,1
12:05:07.775841,70,-0.934714030975974,1.4446887212981283,1.3668280263647872,0.5566400148672983,357.23999201506376,1.0,1.3105387864806213,1
12:05:07.775841,70,-0.966958733708033,1.4945259515256202,1.3449855789514098,0.5566400148672983,312.23999302089214,1.0,2.604130860295033,1
12:05:07.775841,70,-0.8861645172759494,1.3969701243616068,1.3699426374084542,0.5566400148672983,167.8799962475896,1.0,3.3349728766919986,1
12:05:07.775841,70,-1.1763926407726817,1.3064210825194231,1.4793399581001618,0.6263600167294499,182.75999591499567,1.0,0.38274022135609326,1
12:05:07.775841,70,-1.0838274865225723,1.1681744458181988,1.3880067644194791,0.7655200204462744,77.87999825924635,1.0,2.1169111045690396,1
12:05:07.775841,70,-1.6276935115015396,1.0494378168854226,1.6985129090011124,0.7655200204462744,7.1199998408555984,0.7119999840855599,4.787521635054809,1
12:05:07.775841,70,-1.396198430808746,0.8669480057659531,1.5386103881680462,0.5566400148672983,8.119999818503857,0.8119999818503857,4.593468241562548,1
12:05:07.775841,70,-1.4479322039479687,0.8990712988911413,1.5215143758960068,0.7655200204462744,15.519999653100967,1.0,5.202055792319921,1
12:05:07.775841,70,-1.500110695714061,0.9907315793513396,1.639664867620764,0.6263600167294499,16.99999962002039,1.0,2.130625369580631,1
12:05:07.775841,70,-1.551859810251238,1.0249087118269171,1.6272344355929558,0.7655200204462744,14.759999670088291,1.0,2.745246686919401,1
12:05:07.775841,70,-1.6055352459083387,1.080669448839484,1.6901444184407155,0.7655200204462744,7.639999829232693,0.7639999829232693,4.815560102326128,1
12:05:07.775841,70,-1.3767839988587742,0.8937338514813157,1.53143314244003,0.5566400148672983,8.879999801516533,0.8879999801516533,4.016038125396861,1
12:05:07.775841,70,-1.4277984030344142,0.92684964884874,1.5140711894577992,0.7655200204462744,17.23999961465597,1.0,4.678341486053451,1
12:05:07.775841,70,-1.4788073880575134,1.0195066769996055,1.6319546034437846,0.6263600167294499,18.999999575316902,1.0,1.916281594806648,1
12:05:07.775841,70,-1.5298216052893856,1.0546764601030827,1.6192581914818642,0.7655200204462744,16.239999637007713,1.0,2.5918636731334495,1
12:05:07.775841,70,-1.582734787652333,1.1114667984022468,1.6818922934963545,0.7655200204462744,7.999999821186066,0.7999999821186066,4.874095923255954,1
12:05:07.775841,70,-1.36686977819109,0.9069847918180586,1.5278825636778468,0.5566400148672983,9.759999781847,0.9759999781847,3.749042160997214,1
12:05:07.775841,70,-1.4175168276759094,0.9405915803842518,1.510389050000415,0.7655200204462744,19.239999569952488,1.0,4.423599444335231,1
12:05:07.775841,70,-1.467933378677449,1.0337384603297308,1.6281412085936229,0.6263600167294499,21.239999525249004,1.0,1.8311761648214624,1
12:05:07.775841,70,-1.5185724766874564,1.0693991953261068,1.6153132464684776,0.7655200204462744,18.11999959498644,1.0,2.522461147492516,1
12:05:07.775841,70,-1.573277292007926,0.9947211998669132,1.6353231550441436,0.7655200204462744,13.23999970406294,1.0,2.9203801142966697,1
12:05:07.775841,70,-1.571096576303056,1.12669876082604,1.6778109014657576,0.7655200204462744,8.359999813139439,0.8359999813139438,4.913844148825497,1
12:05:07.775841,70,-1.5208139791203543,0.9615507156746992,1.6474838564773626,0.6263600167294499,15.359999656677246,1.0,2.4059490961721046,1
12:05:07.775841,70,-1.4150544020270897,0.8397924840282096,1.5458866882877202,0.5566400148672983,7.519999831914902,0.7519999831914902,5.230979662565004,1
12:05:07.775841,70,-1.129268458157167,1.2310959604705929,1.4143884856682392,0.6263600167294499,143.7599967867136,1.0,0.6965354508694181,1
12:05:07.775841,70,-1.5974649184051268,0.8410053758362029,1.6797838829384228,0.7655200204462744,10.359999768435957,1.0,4.21026514200339,1
12:05:07.775841,70,-1.5204922895490542,0.8209180056172731,1.6153154725377583,0.7655200204462744,10.519999764859676,1.0,4.359167925459277,1
12:05:07.775841,70,-1.579242093253137,0.8716910314634516,1.671561686293882,0.7655200204462744,11.359999746084211,1.0,3.6412096231512265,1
12:05:07.775841,70,-1.6337209928431349,0.901761638357405,1.6602315944793675,0.7655200204462744,9.999999776482582,0.9999999776482582,3.623304098192918,1
12:05:07.775841,70,-1.45106102011552,0.7844160033910232,1.560724771554132,0.5566400148672983,6.359999857842922,0.6359999857842922,6.701582894761956,1
12:05:07.775841,70,-1.5023391999300024,0.8501172883225856,1.6074915483173018,0.7655200204462744,11.639999739825726,1.0,3.7117814468470467,1
12:05:07.775841,70,-1.560387592348364,0.9020185356921668,1.6634354560273463,0.7655200204462744,12.519999720156193,1.0,3.1556151933345262,1
12:05:07.775841,70,-1.6142160707863429,0.9331353463725756,1.651825034753133,0.7655200204462744,10.99999975413084,1.0,3.3533140675490216,1
12:05:07.775841,70,-1.6597074819253606,1.0018034625062542,1.7112764957889883,0.7655200204462744,6.359999857842922,0.6359999857842922,4.812620192937487,1
12:05:07.775841,70,-1.4333443703770643,0.8122781481142262,1.5532591323761509,0.5566400148672983,6.8799998462200165,0.6879999846220016,5.93213282342122,1
12:05:07.775841,70,-1.4835851946887626,0.8789600639912312,1.5997631498694165,0.7655200204462744,12.759999714791777,1.0,3.1356809153888925,1
12:05:07.775841,70,-1.540908957239442,0.9319757579255604,1.655408442522429,0.7655200204462744,13.879999689757824,1.0,2.745950186260515,1
12:05:07.775841,70,-1.5940654838526922,0.9641259988248196,1.6435211144556403,0.7655200204462744,11.9999997317791,1.0,3.121268669029998,1
12:05:07.775841,70,-1.6492007214215345,1.0177843947758698,1.7069944178930485,0.7655200204462744,6.7599998489022255,0.6759999848902225,4.794353250360544,1
12:05:07.775841,70,-1.4642377751770466,0.9074347958980232,1.5921333684502983,0.7655200204462744,13.999999687075617,1.0,2.6251368606150667,1
12:05:07.775841,70,-1.344804431879327,0.9274738435143484,1.5048812401097584,0.5566400148672983,10.639999762177467,1.0,3.7310723106472796,1
12:05:07.775841,70,-1.5380372025524334,0.7913738951985353,1.623231793065555,0.5566400148672983,9.63999978452921,0.963999978452921,5.0847431686647315,1
12:05:07.775841,70,-1.4457460856641406,1.061883380312232,1.620599800013273,0.6263600167294499,23.87999946624041,1.0,1.7042076507144568,1
12:05:07.775841,70,-1.284244053418564,1.211298645986969,1.5048279381511138,0.6263600167294499,76.7599982842803,1.0,0.523057721737718,1
12:05:07.775841,70,-1.2580252525249422,1.2358558998185667,1.498247841818611,0.6263600167294499,88.51999802142382,1.0,0.3964193373815696,1
12:05:07.775841,70,-1.2447264912287417,1.2479433630078247,1.4950090158185083,0.6263600167294499,102.11999771744011,1.0,0.3526413827093802,1
12:05:07.775841,70,-1.291282570009472,1.3143309030295802,1.5496839931885562,0.7655200204462744,80.75999819487333,1.0,2.295164222887676,1
12:05:07.775841,70,-1.3965294677972395,0.9677740857979156,1.5031055196265692,0.7655200204462744,21.51999951899052,1.0,3.9272350537726983,1
12:05:07.775841,70,-1.2313032583262509,1.259901767802847,1.4918047709109177,0.6263600167294499,117.99999736249448,1.0,0.3235748942118397,1
12:05:07.775841,70,-1.2633042403786252,1.339007138781193,1.5430720157466715,0.7655200204462744,92.63999792933464,1.0,2.4821399976097465,1
12:05:07.775841,70,-1.1219369708575202,1.1362129765450857,1.396570814300122,0.7655200204462744,55.63999875634909,1.0,2.423864756215788,1
12:05:07.775841,70,-1.1705646024474132,1.2040494373377706,1.4397957299900854,0.7655200204462744,109.8799975439906,1.0,0.4224494818842097,1
12:05:07.775841,70,-1.2040887592634029,1.2834266319136536,1.4855013025703752,0.6263600167294499,136.5199969485402,1.0,0.3150884483301468,1
12:05:07.775841,70,-1.2491248788690208,1.3511413404934964,1.5398206661970637,0.7655200204462744,106.11999762803316,1.0,2.6034553208370643,1
12:05:07.775841,70,-1.1093443194657924,1.1469893272274796,1.3936832998374198,0.7655200204462744,65.75999853014946,1.0,2.302150983462887,1
12:05:07.775841,70,-1.142618919414294,1.2201234958164089,1.417328548711307,0.6263600167294499,125.75999718904497,1.0,0.8037701807693922,1
12:05:07.775841,70,-1.1903002145301511,1.294990738762736,1.4824027094789765,0.6263600167294499,157.879996471107,1.0,0.3386139144335202,1
12:05:07.775841,70,-1.234820605918047,1.3631379756717246,1.5366061774891664,0.7655200204462744,121.75999727845192,1.0,2.7454470160972417,1
12:05:07.775841,70,-1.3008050623170406,1.221252546883258,1.5778969605321456,0.6263600167294499,66.75999850779772,1.0,2.2236765550103,1
12:05:07.775841,70,-1.3136286843178764,1.2086256965565825,1.5812803148801269,0.6263600167294499,58.11999870091677,1.0,2.085730365092834,1
12:05:07.775841,70,-1.183585996232848,1.19267966853248,1.4428422503595917,0.7655200204462744,95.9999978542328,1.0,0.5148360126370999,1
12:05:07.775841,70,-1.397922146217793,1.2103725634884477,1.5775395463150832,0.7655200204462744,36.63999918103218,1.0,2.0918283153948307,1
12:05:07.775841,70,-1.4956197916462823,1.0985150267833248,1.6075116829425555,0.7655200204462744,20.239999547600743,1.0,2.397270148642191,1
12:05:07.775841,70,-1.3388805738005407,1.183003571083883,1.5881457427089054,0.6263600167294499,50.75999886542559,1.0,1.8675288771821457,1
12:05:07.775841,70,-1.5473500081024965,1.1568216451933606,1.669739498925838,0.7655200204462744,8.879999801516533,0.8879999801516533,5.0132124721256055,1
12:05:07.775841,70,-1.324056503690623,0.9532539193240992,1.4979734896157226,0.7655200204462744,11.759999737143517,1.0,3.250095658253459,1
12:05:07.775841,70,-1.3749835147765657,0.9945457372714694,1.4959320772341829,0.7655200204462744,23.9999994635582,1.0,3.447765994929587,1
12:05:07.775841,70,-1.4229805135187736,1.0895940744959252,1.6131747418850466,0.6263600167294499,26.87999939918518,1.0,1.6346587541333442,1
12:05:07.775841,70,-1.3640037503581366,1.0077741398990137,1.4923875374329787,0.7655200204462744,26.99999939650297,1.0,3.214427323313302,1
12:05:07.775841,70,-1.4113837094367612,1.1032831162857994,1.609506774192294,0.6263600167294499,30.23999932408333,1.0,1.621633531758187,1
12:05:07.775841,70,-1.4720688786565226,1.1271816530134422,1.5998304835944708,0.7655200204462744,22.63999949395657,1.0,2.289976005373724,1
12:05:07.775841,70,-1.3416361354315136,1.0339094849220194,1.4853845928401557,0.7655200204462744,30.35999932140112,1.0,2.7613249807008975,1
12:05:07.775841,70,-1.387767863491573,1.1303217449349408,1.6022617954813114,0.6263600167294499,34.23999923467636,1.0,1.640227910254735,1
12:05:07.775841,70,-1.4356415026330198,1.1693143003574304,1.588541074763664,0.7655200204462744,28.639999359846115,1.0,2.165012190351649,1
12:05:07.775841,70,-1.3302505216660725,1.0468138138048744,1.481926888337129,0.7655200204462744,34.23999923467636,1.0,2.5421016606507703,1
12:05:07.775841,70,-1.3757511831932072,1.1436686279539956,1.598685508954883,0.6263600167294499,38.99999912828207,1.0,1.6725498762072792,1
12:05:07.775841,70,-1.423210284549613,1.1831216089837693,1.584841417567589,0.7655200204462744,32.35999927669764,1.0,2.1342103177800986,1
12:05:07.775841,70,-1.3513063161145769,1.1700108581289408,1.5916271296526718,0.6263600167294499,44.359999008476734,1.0,1.7856067041589512,1
12:05:07.775841,70,-1.460072021202169,1.1413429238151571,1.5960359825193529,0.7655200204462744,25.51999942958355,1.0,2.2432757721085874,1
12:05:07.831675,71,-1.0758250988943807,1.3825938220662064,1.458929534053335,0.6958000185841229,264.2399940937757,1.0,0.45011057589138403,1
12:05:07.831675,71,-1.0935894605497338,1.3950390780938653,1.5313309998388571,0.6958000185841229,250.9999943897128,1.0,0.5819022999186159,1
12:05:07.831675,71,-1.1326738493927089,1.4645530690930653,1.5879379136933265,0.6958000185841229,266.6399940401316,1.0,1.6983606550684214,1
12:05:07.831675,71,-0.995830650228332,1.2576184310133396,1.4164192645038975,-2.644040070619667,50.1199988797307,1.0,2.7751214429351996,1
12:05:07.831675,71,-1.034133153499559,1.310616981126414,1.41124104269255,0.6958000185841229,167.8799962475896,1.0,1.1370390382420936,1
12:05:07.831675,71,-1.1174044785722397,1.4754202032505397,1.5850260738717905,0.6958000185841229,276.5199938192964,1.0,1.8013486611716365,1
12:05:07.831675,71,-1.070932092453299,1.5071291429063802,1.5765296890981606,0.6958000185841229,276.87999381124973,1.0,2.1528348034615123,1
12:05:07.831675,71,-1.019898275765357,1.3205372736016006,1.408582908335143,0.6958000185841229,169.359996214509,1.0,1.2312648131462112,1
12:05:07.831675,71,-1.0610163301257522,1.3929140594525256,1.4561642347799737,0.6958000185841229,271.63999392837286,1.0,0.5391294431423388,1
12:05:07.831675,71,-1.1020233682400753,1.4861393057210552,1.5821538990212292,0.6958000185841229,279.9999937415123,1.0,1.911263151304581,1
12:05:07.831675,71,-0.9683171537805482,1.276591273926974,1.4113355065670667,0.6958000185841229,44.359999008476734,1.0,3.01532673394372,1
12:05:07.831675,71,-1.0055614090580502,1.3303195740006442,1.4059617488431009,0.6958000185841229,162.51999636739492,1.0,1.3373461922190601,1
12:05:07.831675,71,-1.046101460613032,1.403090741496421,1.453437401044683,0.6958000185841229,271.87999392300844,1.0,0.6378059594654406,1
12:05:07.831675,71,-0.9821230077434154,1.2671712930143195,1.4138595828453289,-2.644040070619667,48.75999891012907,1.0,2.888405020409827,1
12:05:07.831675,71,-1.062291258486417,1.2903664017312504,1.4166671690877466,0.6958000185841229,158.23999646306038,1.0,0.9833648492236755,1
12:05:07.831675,71,-1.090400410787153,1.1931847543555816,1.4511955148421,0.8349600223009475,25.999999418854717,1.0,2.1893422597190564,1
12:05:07.831675,71,-1.147829953777194,1.453538989952944,1.590889127304294,0.6958000185841229,251.35999438166616,1.0,1.602084711848219,1
12:05:07.831675,71,-1.1066439442248404,1.5573866456288414,1.5624084305429786,0.7655200204462744,122.99999725073576,1.0,3.5751815189231952,1
12:05:07.831675,71,-1.130803355123584,1.2373961988271636,1.4308604921788093,0.6263600167294499,91.23999796062708,1.0,0.7946886407214648,1
12:05:07.831675,71,-1.1656323975021572,1.3404716921344564,1.5459522868397582,0.6958000185841229,169.9999962002039,1.0,0.20751311732067526,1
12:05:07.831675,71,-1.206808667564753,1.4271046212900218,1.6765094374751062,0.6958000185841229,188.35999578982592,1.0,2.006333916173945,1
12:05:07.831675,71,-1.075938006607856,1.1975651697445768,1.4325104873637178,0.8349600223009475,31.239999301731583,1.0,2.37261348636797,1
12:05:07.831675,71,-1.1173216685872152,1.248253899171105,1.4279511801399911,0.6263600167294499,107.51999759674072,1.0,0.8105863578122356,1
12:05:07.831675,71,-1.1514512278465214,1.351662439717686,1.5429537350621314,0.6958000185841229,191.2399957254529,1.0,0.2653457780266751,1
12:05:07.831675,71,-1.1926035698782849,1.419626169433147,1.5999760401756355,0.6958000185841229,210.6399952918291,1.0,1.3517042817660183,1
12:05:07.831675,71,-1.04965184052076,1.2180974749947602,1.4270088727531818,0.8349600223009475,37.239999167621136,1.0,2.4549191148651124,1
12:05:07.831675,71,-1.090024461152569,1.2695759357765448,1.4222379576505766,0.6958000185841229,125.23999720066786,1.0,0.8749205567761906,1
12:05:07.831675,71,-1.1371549140327877,1.3627156504740938,1.5399920361661807,0.6958000185841229,212.75999524444345,1.0,0.33157041998126446,1
12:05:07.831675,71,-1.1777963123253563,1.4310744169037428,1.5969084915111376,0.6958000185841229,232.1199948117137,1.0,1.428917643925854,1
12:05:07.831675,71,-1.0363506512145106,1.2281721771279144,1.424309364452619,0.8349600223009475,43.239999033510685,1.0,2.5153346948619393,1
12:05:07.831675,71,-1.076211669952165,1.2800381398522465,1.419434618517443,0.6958000185841229,142.99999680370092,1.0,0.923565622625482,1
12:05:07.831675,71,-1.1082225837800013,1.3844050541232802,1.5341803779740686,0.6958000185841229,233.11999478936195,1.0,0.4896983248500121,1
12:05:07.831675,71,-1.0229458277113952,1.2381178980516576,1.4216444165629567,-2.644040070619667,48.119998924434185,1.0,2.5887467398945874,1
12:05:07.831675,71,-0.9544144689135596,1.2858774317611028,1.408847288074624,0.6958000185841229,38.519999139010906,1.0,3.1560869610468005,1
12:05:07.831675,71,-0.901244360677335,1.388337530629394,1.3722557339275867,0.6958000185841229,70.87999841570854,1.0,2.496383324557314,1
12:05:07.831675,71,-1.015959395713976,1.4230093833754054,1.4481002170388848,0.6958000185841229,264.87999407947063,1.0,0.8651062225383335,1
12:05:07.831675,71,-0.9386430504258576,1.5393911193403291,1.4110304678145114,0.6958000185841229,151.51999661326408,1.0,2.0257997303930084,1
12:05:07.831675,71,-0.8875202856083119,1.4710928488662631,1.3597530617060571,0.6958000185841229,125.35999719798563,1.0,2.0800520482831213,1
12:05:07.831675,71,-0.922202650552151,1.5483783886400502,1.40862233626349,0.6958000185841229,132.99999702721834,1.0,2.1900627621556725,1
12:05:07.831675,71,-0.9864702679870384,1.6773094653584413,1.4458787865799965,0.7655200204462744,21.7599995136261,1.0,5.592089095428482,1
12:05:07.831675,71,-0.8716094279970216,1.479588863587421,1.35747656142264,0.6958000185841229,108.23999758064748,1.0,2.2887422648806153,1
12:05:07.831675,71,-0.9056700311860114,1.5572064091619828,1.4062568752938729,0.6958000185841229,116.23999740183352,1.0,2.365886567663067,1
12:05:07.831675,71,-0.8556114101731669,1.4879307689934238,1.355241354605765,0.6958000185841229,93.2399979159236,1.0,2.5114982526707967,1
12:05:07.831675,71,-0.8890468455755244,1.5658742981114713,1.4039343214497748,0.6958000185841229,101.35999773442744,1.0,2.5537478801271423,1
12:05:07.831675,71,-0.8395278319251266,1.4961177309007196,1.3530476647742402,0.6958000185841229,80.35999820381403,1.0,2.748773835245558,1
12:05:07.831675,71,-0.8715039248640927,1.5679526952059346,1.3838294401690794,0.6958000185841229,88.2399980276823,1.0,2.643713804394912,1
12:05:07.831675,71,-1.2213701109009885,1.4153773208596476,1.679651758154822,0.6958000185841229,166.35999628156424,1.0,1.9155092839304968,1
12:05:07.831675,71,-0.9064784036222852,1.4818758805648535,1.413430867064232,0.6958000185841229,144.63999676704407,1.0,1.9439790883978643,1
12:05:07.831675,71,-0.9911239870522974,1.3399629041017014,1.403377826330176,0.6958000185841229,149.11999666690826,1.0,1.455502342734042,1
12:05:07.831675,71,-0.8861645172759494,1.3969701243616068,1.3699426374084542,0.6958000185841229,60.35999865084887,1.0,2.7028972681853416,1
12:05:07.831675,71,-0.9222647903357069,1.4730436557568027,1.4157974545689191,0.6958000185841229,165.87999629229307,1.0,1.749772674184708,1
12:05:07.831675,71,-1.053958977146674,1.4959448578176906,1.5010206806688595,0.6958000185841229,267.51999402046204,1.0,1.5816847062698882,1
12:05:07.831675,71,-0.936018026721441,1.2755889269149865,1.359225140954187,-2.644040070619667,32.35999927669764,1.0,3.7905282607726014,1
12:05:07.831675,71,-0.9619532619769487,1.3588288101034771,1.3983227220525187,0.6958000185841229,132.2399970442057,1.0,1.7290020478441792,1
12:05:07.831675,71,-1.0007352145088773,1.4327493513629947,1.445490400482305,0.6958000185841229,251.2399943843484,1.0,0.994264601727406,1
12:05:07.831675,71,-1.0381653711044316,1.50604912649314,1.498313250037166,0.6958000185841229,252.87999434769156,1.0,1.6984579439016532,1
12:05:07.831675,71,-0.9219917692645356,1.2845624997315126,1.3568206793647768,-2.644040070619667,26.99999939650297,1.0,3.948379511464275,1
12:05:07.831675,71,-0.9472228759554212,1.368049499429401,1.3958520457939791,0.6958000185841229,114.63999743759632,1.0,1.8848699796791708,1
12:05:07.831675,71,-0.9854109606207448,1.4423417805123429,1.4429201168382846,0.6958000185841229,232.75999479740855,1.0,1.1341496184669233,1
12:05:07.831675,71,-1.0222679493948543,1.5160003379856957,1.4956468309540245,0.6958000185841229,234.6399947553873,1.0,1.8237193017115665,1
12:05:07.831675,71,-0.932397768439882,1.3771274454964055,1.393419617476392,0.6958000185841229,97.9999978095293,1.0,2.053861164315256,1
12:05:07.831675,71,-0.9699881664621282,1.451785711588572,1.4403896231330338,0.6958000185841229,211.11999528110027,1.0,1.2850754407084668,1
12:05:07.831675,71,-1.0062683017467948,1.5257974971825463,1.4930216900591091,0.6958000185841229,214.11999521404505,1.0,1.9578094169202114,1
12:05:07.831675,71,-0.9174794219286624,1.3860617405174898,1.391025680340551,0.6958000185841229,83.3599981367588,1.0,2.236279992472313,1
12:05:07.831675,71,-0.954468374299522,1.4610802002064862,1.4378991724138035,0.6958000185841229,188.35999578982592,1.0,1.4473746940338144,1
12:05:07.831675,71,-0.973968738503183,1.5449257553613558,1.487896288727483,0.6958000185841229,192.75999569147825,1.0,2.253939130246485,1
12:05:07.831675,71,-0.957672052836895,1.5542549415335225,1.4853965408266114,0.6958000185841229,171.63999616354704,1.0,2.4167600969917005,1
12:05:07.831675,71,-1.1936436435749254,1.3176820763907249,1.5520587459741066,0.6958000185841229,149.75999665260315,1.0,0.11664010252906186,1
12:05:07.831675,71,-1.3467563422055693,1.3036740284743813,1.7095825651413517,0.6263600167294499,70.75999841839075,1.0,1.35771556125674,1
12:05:07.831675,71,-1.250125145691346,1.3915037146221676,1.6860486716665737,0.6958000185841229,145.75999674201012,1.0,1.7512941051411643,1
12:05:07.831675,71,-1.4479322039479687,0.8990712988911413,1.5215143758960068,0.6263600167294499,8.879999801516533,0.8879999801516533,4.597157751286004,1
12:05:07.831675,71,-1.5063068051084838,0.954456330494618,1.573648629169429,0.6263600167294499,16.359999634325504,1.0,2.7567991934069247,1
12:05:07.831675,71,-1.5531024993589115,1.0650098473233789,1.773532439742998,0.6263600167294499,17.23999961465597,1.0,1.800962212890454,1
12:05:07.831675,71,-1.6016833741712218,1.118618372996852,1.8421910350145063,0.4174800111504737,12.11999972909689,1.0,3.107214749886638,1
12:05:07.831675,71,-1.4277984030344142,0.92684964884874,1.5140711894577992,0.6263600167294499,9.759999781847,0.9759999781847,4.001130931453688,1
12:05:07.831675,71,-1.4853612931251916,0.9833545879280297,1.5659053644274796,0.6263600167294499,18.23999959230423,1.0,2.2959616556387874,1
12:05:07.831675,71,-1.6237884794260249,1.0874616694759935,1.8505394485617364,0.4174800111504737,10.99999975413084,1.0,3.1762623580053697,1
12:05:07.831675,71,-1.531046646773815,1.0948014328407034,1.7655498084623882,0.6263600167294499,19.239999569952488,1.0,1.61789047337919,1
12:05:07.831675,71,-1.6357962643688884,1.1874042206382862,1.9117801062533533,0.4872000130126253,4.999999888241291,0.4999999888241291,5.5479924192562144,1
12:05:07.831675,71,-1.4175168276759094,0.9405915803842518,1.510389050000415,0.6263600167294499,10.759999759495258,1.0,3.7251895376258193,1
12:05:07.831675,71,-1.4638216564557611,1.0118424566677262,1.558272063004594,0.6263600167294499,20.51999954134226,1.0,1.8861031934274324,1
12:05:07.831675,71,-1.5197885101613091,1.1095359576484412,1.7616017044392984,0.6263600167294499,21.51999951899052,1.0,1.5419927069628923,1
12:05:07.831675,71,-1.5673273270673476,1.1645372551399202,1.8298871076269316,0.4174800111504737,14.759999670088291,1.0,3.0727062773671836,1
12:05:07.831675,71,-1.6120751283982693,1.2187772943005062,1.9033737165014792,0.4872000130126253,5.239999882876873,0.5239999882876873,5.6883359678073635,1
12:05:07.831675,71,-1.5903900143955565,1.134035031751764,1.8380601537511416,0.4174800111504737,13.23999970406294,1.0,3.0870039031877208,1
12:05:07.831675,71,-1.5745371316797916,1.0347981619863384,1.781627636431041,0.6263600167294499,15.519999653100967,1.0,2.0287881686986413,1
12:05:07.831675,71,-1.5165541368660442,0.93985691189325,1.5775605315936292,0.6263600167294499,14.759999670088291,1.0,3.0073855898960233,1
12:05:07.831675,71,-1.4674868513113388,0.870909575190942,1.5290602870189436,0.6263600167294499,8.119999818503857,0.8119999818503857,5.254627842077699,1
12:05:07.831675,71,-1.5929903747379677,0.8196492229044002,1.6097700847822032,0.6263600167294499,10.119999773800371,1.0,5.55882256153341,1
12:05:07.831675,71,-1.6445447364258787,0.9259249032421668,1.8108001381888863,0.6263600167294499,10.519999764859676,1.0,3.237980055869196,1
12:05:07.831675,71,-1.7056294631732865,0.958754189951468,1.8850265137601785,0.4174800111504737,7.759999826550484,0.7759999826550483,3.9170601770150335,1
12:05:07.831675,71,-1.5225988330673734,0.7842375443985675,1.552283987676126,0.6263600167294499,6.359999857842922,0.6359999857842922,7.6300810728915165,1
12:05:07.831675,71,-1.5748185922260645,0.850248927156769,1.6015709187391498,0.6263600167294499,11.119999751448631,1.0,4.822670818615478,1
12:05:07.831675,71,-1.625350230548056,0.9575107153820966,1.8023367453337111,0.6263600167294499,11.519999742507936,1.0,2.8206584749264527,1
12:05:07.831675,71,-1.6861727683041934,0.9915175750697328,1.8762475911764291,0.4174800111504737,8.51999980956316,0.851999980956316,3.6524247820549984,1
12:05:07.831675,71,-1.5048276337782656,0.813481212655512,1.544448170382954,0.6263600167294499,6.8799998462200165,0.6879999846220016,6.767412728894132,1
12:05:07.831675,71,-1.556016903302731,0.8804914832026328,1.5934674502696076,0.6263600167294499,12.11999972909689,1.0,4.1548848837759795,1
12:05:07.831675,71,-1.605505606278123,0.9887194259198632,1.7939743965483,0.6263600167294499,12.639999717473984,1.0,2.4631156381994916,1
12:05:07.831675,71,-1.1441719622718285,1.2264088204449015,1.4338045513432716,0.6263600167294499,77.11999827623367,1.0,0.7895280232896738,1
12:05:07.831675,71,-1.486454523526654,0.8423757420616337,1.5367059045629063,0.6263600167294499,7.519999831914902,0.7519999831914902,5.976859558637988,1
12:05:07.831675,71,-1.5365928283925132,0.9103647944233426,1.5854629206527748,0.6263600167294499,13.35999970138073,1.0,3.5511451480951095,1
12:05:07.831675,71,-1.5953419701697011,1.00417846110036,1.7898321605559215,0.6263600167294499,13.999999687075617,1.0,2.3052966842068088,1
12:05:07.831675,71,-1.6452440909683157,1.055884187724846,1.8590006092959648,0.4174800111504737,9.999999776482582,0.9999999776482582,3.2870510503534147,1
12:05:07.831675,71,-1.3965294677972395,0.9677740857979156,1.5031055196265692,0.6263600167294499,11.759999737143517,1.0,3.2156511656757676,1
12:05:07.831675,71,-1.441696510667284,1.0399085419465546,1.5507517781194289,0.6263600167294499,22.879999488592148,1.0,1.5241086908415242,1
12:05:07.831675,71,-1.666041626839932,1.0238985583145184,1.8675711328658635,0.4174800111504737,9.239999793469906,0.9239999793469906,3.4441467346492636,1
12:05:07.831675,71,-1.543637729733755,1.1945878710925606,1.8218350693503635,0.4174800111504737,16.239999637007713,1.0,3.0901476174856395,1
12:05:07.831675,71,-1.3136286843178764,1.2086256965565825,1.5812803148801269,0.6263600167294499,56.519998736679554,1.0,0.11063363178205338,1
12:05:07.831675,71,-1.3600329620158509,1.2906011313492425,1.7130854373687678,0.6263600167294499,61.23999863117933,1.0,1.3250535742813416,1
12:05:07.831675,71,-1.3008050623170406,1.221252546883258,1.5778969605321456,0.6263600167294499,64.87999854981899,1.0,0.07842312428824086,1
12:05:07.831675,71,-1.2747688754254096,1.2461315094712575,1.571230662598167,0.6263600167294499,74.75999832898378,1.0,0.039043588667085266,1
12:05:07.831675,71,-1.3198004201854814,1.3294318469388955,1.7026807784849975,0.6263600167294499,81.87999816983938,1.0,1.4411110334618478,1
12:05:07.831675,71,-1.2615589141314905,1.2583811338571664,1.567948385636378,0.6263600167294499,86.119998075068,1.0,0.03169699426650546,1
12:05:07.831675,71,-1.3861768811153623,1.2640738975762744,1.720193388235666,0.6263600167294499,53.11999881267548,1.0,1.2784702145552238,1
12:05:07.831675,71,-1.306123813545293,1.3421141925180045,1.699282554228943,0.6958000185841229,94.87999787926674,1.0,1.4916416251595346,1
12:05:07.831675,71,-1.183585996232848,1.19267966853248,1.4428422503595917,0.6263600167294499,55.35999876260757,1.0,0.8379651628640297,1
12:05:07.831675,71,-1.2211774481266426,1.294355918784931,1.5583089710671003,0.6958000185841229,114.11999744921924,1.0,0.05838329068030838,1
12:05:07.831675,71,-1.2643158616660803,1.3793597961556838,1.689302624812617,0.6958000185841229,126.7599971666932,1.0,1.677802515844974,1
12:05:07.831675,71,-1.1705646024474132,1.2040494373377706,1.4397957299900854,0.6263600167294499,65.23999854177237,1.0,0.8111986076475967,1
12:05:07.831675,71,-1.2074709188909185,1.3060854871727037,1.555166042690031,0.6958000185841229,130.99999707192185,1.0,0.08345770854874271,1
12:05:07.831675,71,-1.4968174452049492,1.1386751043087298,1.753793893623542,0.6263600167294499,24.23999945819378,1.0,1.4193533623594614,1
12:05:07.831675,71,-1.248222798003093,1.2705025494686886,1.5647004621121487,0.6263600167294499,99.23999778181314,1.0,0.03249402045145183,1
12:05:07.831675,71,-1.3388805738005407,1.183003571083883,1.5881457427089054,0.6263600167294499,49.23999889940024,1.0,0.2006890207009729,1
12:05:07.831675,71,-1.292316595618022,1.3546638003141556,1.695919896954637,0.6958000185841229,109.75999754667282,1.0,1.5479616174609052,1
12:05:07.831675,71,-1.3513063161145769,1.1700108581289408,1.5916271296526718,0.6263600167294499,42.9999990388751,1.0,0.258830397085013,1
12:05:07.831675,71,-1.593451549328479,1.233137709279604,1.81608561431792,0.8349600223009475,5.359999880194664,0.5359999880194664,5.226355904400242,1
12:05:07.831675,71,-1.3990415660345863,1.250622213629598,1.7237977560860167,0.6263600167294499,46.11999896913767,1.0,1.2648809655149602,1
12:05:07.831675,71,-1.3749835147765657,0.9945457372714694,1.4959320772341829,0.6263600167294499,12.999999709427357,1.0,2.7603616093411922,1
12:05:07.831675,71,-1.4229805135187736,1.0895940744959252,1.6131747418850466,0.6263600167294499,25.87999942153692,1.0,0.8036937346915594,1
12:05:07.831675,71,-1.531560791223583,1.20944006289085,1.81785543655218,0.4174800111504737,18.11999959498644,1.0,3.109689878380232,1
12:05:07.831675,71,-1.3640037503581366,1.0077741398990137,1.4923875374329787,0.6263600167294499,14.51999967545271,1.0,2.552293071099964,1
12:05:07.831675,71,-1.4113837094367612,1.1032831162857994,1.609506774192294,0.6263600167294499,29.11999934911728,1.0,0.6883680728864443,1
12:05:07.831675,71,-1.4732476732545703,1.167364686030016,1.7461065433701366,0.6263600167294499,27.359999388456345,1.0,1.3329926755553214,1
12:05:07.831675,71,-1.5069486728143842,1.238790788246203,1.8099909333959447,0.4174800111504737,20.239999547600743,1.0,3.168444814757443,1
12:05:07.831675,71,-1.387767863491573,1.1303217449349408,1.6022617954813114,0.6263600167294499,33.11999925971031,1.0,0.48790064980016357,1
12:05:07.831675,71,-1.4367911271326432,1.209531072105806,1.73480809427339,0.6263600167294499,35.23999921232462,1.0,1.2653638532167073,1
12:05:07.831675,71,-1.4689034638660847,1.2819108078428614,1.7984369589674063,0.3480400092958007,25.359999433159828,1.0,3.3004921477901012,1
12:05:07.831675,71,-1.4817337950553855,1.267660205744159,1.802255396291411,0.4174800111504737,22.63999949395657,1.0,3.2510517746918786,1
12:05:07.831675,71,-1.3757511831932072,1.1436686279539956,1.598685508954883,0.6263600167294499,37.63999915868044,1.0,0.4022291829241419,1
12:05:07.831675,71,-1.461241209027758,1.1815372968102908,1.7423090037569215,0.6263600167294499,30.999999307096004,1.0,1.302518486191898,1
12:05:07.831675,71,-1.4243499544520462,1.2233494372669704,1.7311054744877374,0.6263600167294499,40.23999910056591,1.0,1.2580978465673451,1
12:05:07.878836,72,-1.041489531709044,1.3778511164695275,1.3847371086026412,0.6958000185841229,228.63999488949776,1.0,0.7505917796016388,1
12:05:07.878836,72,-0.989778684003649,1.3335234467340904,1.386943123441185,0.6958000185841229,88.99999801069498,1.0,2.137145956988837,1
12:05:07.878836,72,-1.0265362690356656,1.3878389971306144,1.3820608640454046,0.6958000185841229,241.51999460160727,1.0,0.7957854686061587,1
12:05:07.878836,72,-1.035257441025205,1.4821747107705263,1.426361558284599,0.6958000185841229,256.5199942663312,1.0,0.8990829680668235,1
12:05:07.878836,72,-0.9963232909672282,1.4073789709502755,1.3768251438403012,0.6958000185841229,245.87999450415373,1.0,0.9532147828101509,1
12:05:07.878836,72,-0.9459371621199986,1.3615719186959807,1.3794275580300694,0.6958000185841229,78.23999825119972,1.0,2.6113706913289922,1
12:05:07.878836,72,-1.004196509361462,1.3238932060159496,1.3895235386645282,0.6958000185841229,86.5199980661273,1.0,2.0288705406270595,1
12:05:07.878836,72,-0.981066596844663,1.416929110127839,1.3742661917600685,0.6958000185841229,240.51999462395904,1.0,1.0668843044062846,1
12:05:07.878836,72,-0.960647553838612,1.3523637450811312,1.3818948807139342,0.6958000185841229,85.87999808043242,1.0,2.427736720613549,1
12:05:07.878836,72,-1.138772005667878,1.5356968705487113,1.5682201882597122,0.6958000185841229,184.5199958756566,1.0,2.980941119969227,1
12:05:07.878836,72,-1.062291258486417,1.2903664017312504,1.4166671690877466,0.7655200204462744,59.35999867320061,1.0,1.6646040869932217,1
12:05:07.878836,72,-1.018513915909655,1.3141241836312831,1.3921411403233412,0.7655200204462744,79.51999822258949,1.0,1.9444359260153015,1
12:05:07.878836,72,-1.1546660224075864,1.5246203233800222,1.5711881401284875,0.6958000185841229,183.23999590426683,1.0,2.7997748265905265,1
12:05:07.878836,72,-1.074800458972582,1.3765123567021498,1.4416629381949406,0.7655200204462744,188.11999579519036,1.0,0.4481496261788682,1
12:05:07.878836,72,-1.034133153499559,1.310616981126414,1.41124104269255,0.7655200204462744,69.75999844074249,1.0,1.7647643490897957,1
12:05:07.878836,72,-1.1704445735124338,1.5133908081836869,1.5741970796567388,0.6958000185841229,177.35999603569508,1.0,2.635883645641579,1
12:05:07.878836,72,-1.0894876443927015,1.3660595609561597,1.444463756373726,0.7655200204462744,165.87999629229307,1.0,0.3908486192698706,1
12:05:07.878836,72,-1.18610608114053,1.502009447901817,1.5772467059530335,0.6958000185841229,167.3599962592125,1.0,2.488592488863169,1
12:05:07.878836,72,-1.146452787447351,1.4321626868875548,1.5181110618610931,0.7655200204462744,177.6399960294366,1.0,0.6072305354422993,1
12:05:07.878836,72,-1.1196000460283746,1.3507821691600692,1.4674534407594335,0.7655200204462744,144.87999676167965,1.0,0.27091917629007134,1
12:05:07.878836,72,-1.0194045484359953,1.492098048642916,1.423702607915471,0.6958000185841229,253.8799943253398,1.0,1.0236827308987655,1
12:05:07.878836,72,-1.0563386463018116,1.367719300182762,1.3874519205945406,0.7655200204462744,209.75999531149864,1.0,0.7268330978027366,1
12:05:07.878836,72,-0.926777282739592,1.350348123497232,1.3281152079716825,0.6958000185841229,68.35999847203493,1.0,2.9951039749417134,1
12:05:07.878836,72,-0.8851273205595604,1.5392597142559457,1.3329992033534137,0.6958000185841229,130.51999708265066,1.0,1.9145760868462056,1
12:05:07.878836,72,-1.0034497162460003,1.501867765724365,1.4210848201132162,0.6958000185841229,245.11999452114105,1.0,1.1708456502455538,1
12:05:07.878836,72,-1.076211669952165,1.2800381398522465,1.419434618517443,0.7655200204462744,49.87999888509512,1.0,1.6474465715305582,1
12:05:07.878836,72,-0.8506075077120234,1.548974418586318,1.310938302727149,0.6958000185841229,97.51999782025814,1.0,2.2580775495122927,1
12:05:07.878836,72,-0.8684889093013275,1.547729100674088,1.3307298381022854,0.6958000185841229,112.99999747425318,1.0,2.155753247735299,1
12:05:07.878836,72,-0.8344671654005534,1.4679609279809065,1.2855226853592296,0.6263600167294499,83.99999812245369,1.0,2.8323217086615786,1
12:05:07.878836,72,-0.8504537919777377,1.459823317009323,1.287703151647384,0.6263600167294499,98.75999779254198,1.0,2.575129942693966,1
12:05:07.878836,72,-0.901677219827298,1.5306300392743064,1.3353115177956871,0.6958000185841229,149.87999664992094,1.0,1.7026277296207537,1
12:05:07.878836,72,-0.9657117968843516,1.426331405913097,1.3717468541974096,0.6958000185841229,226.35999494045973,1.0,1.204855902776596,1
12:05:07.878836,72,-0.866355373888235,1.4515316965371057,1.2899248846568605,0.6263600167294499,115.99999740719797,1.0,2.3484724895756965,1
12:05:07.878836,72,-0.8863156091384009,1.464310308751069,1.3427614359842694,0.6958000185841229,135.99999696016312,1.0,2.174072708381426,1
12:05:07.878836,72,-0.9377490657597872,1.5329959511651956,1.3931960715048168,0.6958000185841229,191.9999957084656,1.0,1.76122632094269,1
12:05:07.878836,72,-0.9178266586219196,1.4468830521208904,1.3474310553246156,0.6958000185841229,158.5199964568019,1.0,1.7118336801415293,1
12:05:07.878836,72,-0.9549895867809174,1.53024549998222,1.413481029135799,0.6958000185841229,212.63999524712565,1.0,1.756279983859041,1
12:05:07.878836,72,-0.9334452960327038,1.4379420208495937,1.349826797433261,0.6958000185841229,182.3599959239364,1.0,1.5222408182208045,1
12:05:07.878836,72,-0.8970292509228031,1.367965328677724,1.3233946920706758,0.6263600167294499,48.87999890744686,1.0,3.3565888412774347,1
12:05:07.878836,72,-0.9873945399250716,1.5114828850513515,1.4185084566544215,0.6958000185841229,230.87999483942983,1.0,1.3414148534294217,1
12:05:07.878836,72,-0.948970589695926,1.428850574691417,1.3522628430893755,0.6958000185841229,205.8799953982234,1.0,1.3591856595756382,1
12:05:07.878836,72,-0.9119488638923764,1.359228562665044,1.3257357014682332,0.6263600167294499,58.23999869823456,1.0,3.1621208803693346,1
12:05:07.878836,72,-1.0733793813149874,1.6275575516934688,1.4592097716684287,0.6958000185841229,78.11999825388193,1.0,4.876695180499157,1
12:05:07.878836,72,-0.9181369521284786,1.521840938689438,1.3376665501995983,0.6958000185841229,170.63999618589878,1.0,1.518882166925156,1
12:05:07.878836,72,-1.217071713276762,1.4787957596580128,1.5834667949713086,0.6958000185841229,154.23999655246735,1.0,2.2412736353830938,1
12:05:07.878836,72,-1.5525886061786471,0.9371462492373558,1.7299109464434237,0.7655200204462744,8.639999806880951,0.8639999806880951,4.628987917837783,1
12:05:07.878836,72,-1.1339697114905969,1.3398981725525667,1.470369798860837,0.7655200204462744,125.75999718904497,1.0,0.2477515380894285,1
12:05:07.878836,72,-1.5390674794922306,1.097439258405693,1.8432860186874889,0.6958000185841229,16.519999630749226,1.0,1.3515569525563818,1
12:05:07.878836,72,-1.4805837924288534,1.0397318239135305,1.70242322455386,0.7655200204462744,12.359999723732471,1.0,2.2549564410300844,1
12:05:07.878836,72,-1.6588631036733346,1.1555791947842151,1.920307596230051,0.4174800111504737,8.879999801516533,0.8879999801516533,2.8147708399863474,1
12:05:07.878836,72,-1.6016833741712218,1.118618372996852,1.8421910350145063,0.4174800111504737,11.759999737143517,1.0,1.6222608905371976,1
12:05:07.878836,72,-1.5499963979384002,1.0825201015213155,1.8472835947264108,0.6958000185841229,14.879999667406082,1.0,1.4725637473485067,1
12:05:07.878836,72,-1.5019126904963975,1.0109221604322418,1.7101427506178837,0.7655200204462744,11.239999748766422,1.0,2.8328420428092222,1
12:05:07.878836,72,-1.6812664198838518,1.1233149463237382,1.928952775549433,0.4174800111504737,8.239999815821648,0.8239999815821648,2.7805764036153366,1
12:05:07.878836,72,-1.6237884794260249,1.0874616694759935,1.8505394485617364,0.4174800111504737,10.639999762177467,1.0,1.8150851050882428,1
12:05:07.878836,72,-1.571388162424139,1.0523688375400977,1.855362601560956,0.6958000185841229,13.35999970138073,1.0,1.7749791592292556,1
12:05:07.878836,72,-1.5226408435398333,0.9817062434997054,1.7179711319660915,0.7655200204462744,10.239999771118164,1.0,3.489337240746648,1
12:05:07.878836,72,-1.6922164460418896,1.1070221397905928,1.9333184199024256,0.4174800111504737,7.639999829232693,0.7639999829232693,2.789476416240639,1
12:05:07.878836,72,-1.6452440909683157,1.055884187724846,1.8590006092959648,0.4174800111504737,9.63999978452921,0.963999978452921,2.079736909499907,1
12:05:07.878836,72,-1.5921513926245676,1.0218103740138276,1.863550717184756,0.6958000185841229,12.11999972909689,1.0,2.1611122901351436,1
12:05:07.878836,72,-1.5427599605746851,0.9520957590926312,1.7259052373504615,0.7655200204462744,9.359999790787697,0.9359999790787696,4.227819847944929,1
12:05:07.878836,72,-1.713607759605813,1.07412330829058,1.9421336352347816,0.4174800111504737,7.1199998408555984,0.7119999840855599,2.8624663188307213,1
12:05:07.878836,72,-1.666041626839932,1.0238985583145184,1.8675711328658635,0.4174800111504737,8.759999804198742,0.8759999804198741,2.420810693881963,1
12:05:07.878836,72,-1.1777963123253563,1.4310744169037428,1.5969084915111376,0.7655200204462744,159.75999642908573,1.0,1.1189074739969618,1
12:05:07.878836,72,-1.6861727683041934,0.9915175750697328,1.8762475911764291,0.4174800111504737,7.999999821186066,0.7999999821186066,2.843422884416144,1
12:05:07.878836,72,-1.625878868761726,0.975742606890961,1.954117830575003,0.6263600167294499,10.119999773800371,1.0,3.6745950123025146,1
12:05:07.878836,72,-1.571779157376297,0.9069661687661392,1.7379976746331924,0.7655200204462744,7.879999823868275,0.7879999823868274,5.497788477550605,1
12:05:07.878836,72,-1.644639834208593,0.9441507697232532,1.962582837831506,0.6958000185841229,9.239999793469906,0.9239999793469906,4.243169666674069,1
12:05:07.878836,72,-1.5903900143955565,1.134035031751764,1.8380601537511416,0.4174800111504737,13.119999706745148,1.0,1.551493452181112,1
12:05:07.878836,72,-1.6357962643688884,1.1874042206382862,1.9117801062533533,0.4174800111504737,9.63999978452921,0.963999978452921,2.9144409409482552,1
12:05:07.878836,72,-1.612277783524817,0.99085693391993,1.8718446664608808,0.6958000185841229,10.99999975413084,1.0,2.6352104762096387,1
12:05:07.878836,72,-1.5167490344974446,1.1269571625952262,1.835376720097644,0.6958000185841229,18.35999958962202,1.0,1.1678307145167501,1
12:05:07.878836,72,-1.4696967207406393,1.0539807030482369,1.6986052488966668,0.7655200204462744,13.639999695122242,1.0,1.9945641629942008,1
12:05:07.878836,72,-1.2318798086045812,1.4866660037078696,1.6625141551056704,0.6958000185841229,139.35999688506126,1.0,3.1806795152348886,1
12:05:07.878836,72,-1.2470515294197526,1.4746935852001806,1.665722154976253,0.6958000185841229,123.99999722838402,1.0,2.9744890653561393,1
12:05:07.878836,72,-1.2620985461267629,1.4625752201844784,1.668969261095796,0.6958000185841229,108.87999756634235,1.0,2.7834865656776953,1
12:05:07.878836,72,-1.3064763879612586,1.4253566365968848,1.678941950511522,0.6958000185841229,82.23999816179276,1.0,2.297155321443471,1
12:05:07.878836,72,-1.3354108487735987,1.3998371153898748,1.6857798856101691,0.6958000185841229,71.11999841034412,1.0,2.041315661560635,1
12:05:07.878836,72,-1.4817337950553855,1.267660205744159,1.802255396291411,0.6958000185841229,23.35999947786331,1.0,1.6123779220470769,1
12:05:07.878836,72,-1.4339176406996443,1.2267522934924664,1.8086366953651705,0.6263600167294499,28.759999357163903,1.0,1.1023726332114894,1
12:05:07.878836,72,-1.5069486728143842,1.238790788246203,1.8099909333959447,0.6958000185841229,20.63999953866005,1.0,1.4961162373142471,1
12:05:07.878836,72,-1.458318824061573,1.1988145038806046,1.8161226035299791,0.6263600167294499,25.63999942690134,1.0,1.0324744663092558,1
12:05:07.878836,72,-1.4113837094367612,1.1032831162857994,1.609506774192294,0.7655200204462744,18.519999586045746,1.0,1.8541032307488376,1
12:05:07.878836,72,-1.2918124610808164,1.4379055124077758,1.6755794893720752,0.6958000185841229,94.87999787926674,1.0,2.445230540820373,1
12:05:07.878836,72,-1.531560791223583,1.20944006289085,1.81785543655218,0.4174800111504737,18.35999958962202,1.0,1.4368291505742583,1
12:05:07.878836,72,-1.580984883083221,1.248469187369343,1.8119775571449988,0.4174800111504737,12.359999723732471,1.0,3.2338619519273184,1
12:05:07.878836,72,-1.6179056196372503,1.202117347684614,1.824397495156219,0.4174800111504737,10.519999764859676,1.0,3.135263226046857,1
12:05:07.878836,72,-1.4457460856641406,1.061883380312232,1.620599800013273,0.7655200204462744,14.999999664723871,1.0,2.645562096042087,1
12:05:07.878836,72,-1.4938239101390305,1.1560380329055175,1.8275845243828075,0.6958000185841229,20.51999954134226,1.0,1.0593688540318995,1
12:05:07.878836,72,-1.3958723796819987,1.0252517338411389,1.6336879170839906,0.7655200204462744,5.119999885559082,0.5119999885559082,3.5726526286192164,1
12:05:07.878836,72,-1.543637729733755,1.1945878710925606,1.8218350693503635,0.4174800111504737,16.359999634325504,1.0,1.429112443476939,1
12:05:07.878836,72,-1.593451549328479,1.233137709279604,1.81608561431792,0.4174800111504737,11.359999746084211,1.0,3.1893354837476,1
12:05:07.878836,72,-1.4229805135187736,1.0895940744959252,1.6131747418850466,0.7655200204462744,16.639999628067017,1.0,2.1015594443392294,1
12:05:07.878836,72,-1.482136699363944,1.170410938412357,1.8237333159593607,0.6263600167294499,22.879999488592148,1.0,1.0325616933294102,1
12:05:07.878836,72,-1.5673273270673476,1.1645372551399202,1.8298871076269316,0.4174800111504737,14.6399996727705,1.0,1.4589608495466662,1
12:05:07.931481,73,-0.934714030975974,1.4446887212981283,1.3668280263647872,0.7655200204462744,75.51999831199646,1.0,2.3484063485903235,1
12:05:07.931481,73,-1.04107292077707,1.5988828814294314,1.5512895476712791,0.8349600223009475,191.3599957227707,1.0,1.921742141835388,1
12:05:07.931481,73,-1.040017635383876,1.665420605053686,1.511862234898136,0.7655200204462744,90.63999797403812,1.0,2.2807523100682445,1
12:05:07.931481,73,-1.0064472004566962,1.596443643341641,1.470819415266043,0.8349600223009475,185.87999584525824,1.0,0.6200249646923712,1
12:05:07.931481,73,-0.973968738503183,1.5449257553613558,1.487896288727483,0.8349600223009475,190.35999574512243,1.0,1.95789004128491,1
12:05:07.931481,73,-0.950260426553426,1.4355849180843483,1.3692673830839714,0.7655200204462744,89.63999799638987,1.0,2.5546584219869395,1
12:05:07.931481,73,-1.074668768858269,1.6504794846184168,1.536809478227508,0.7655200204462744,99.75999777019024,1.0,2.3386591870883424,1
12:05:07.931481,73,-0.9549895867809174,1.53024549998222,1.413481029135799,0.8349600223009475,163.63999634236097,1.0,0.5829830424313176,1
12:05:07.931481,73,-1.0576259612330348,1.5887468599303165,1.5540054864464314,0.8349600223009475,180.75999595969915,1.0,1.3505028236803698,1
12:05:07.931481,73,-0.9657117968843516,1.426331405913097,1.3717468541974096,0.6958000185841229,97.9999978095293,1.0,2.904972289623963,1
12:05:07.931481,73,-1.0917559826860903,1.640016369568374,1.5396130614554808,0.7655200204462744,105.5199976414442,1.0,2.4618091094909853,1
12:05:07.931481,73,-1.0222679493948543,1.5160003379856957,1.4956468309540245,0.8349600223009475,182.5199959203601,1.0,0.40163844670797255,1
12:05:07.931481,73,-0.981066596844663,1.416929110127839,1.3742661917600685,0.6958000185841229,96.51999784260988,1.0,3.3937920619863533,1
12:05:07.931481,73,-0.9459371621199986,1.3615719186959807,1.3794275580300694,0.5566400148672983,14.6399996727705,1.0,4.649843939377483,1
12:05:07.931481,73,-0.989607077137374,1.6060839253489936,1.4682363094873645,0.8349600223009475,166.35999628156424,1.0,0.7559224233147059,1
12:05:07.931481,73,-1.1087340218303177,1.62938873061285,1.542460728731063,0.7655200204462744,106.63999761641026,1.0,2.7429375943807224,1
12:05:07.931481,73,-1.0062683017467948,1.5257974971825463,1.4930216900591091,0.8349600223009475,198.2399955689907,1.0,0.7610408497730852,1
12:05:07.931481,73,-1.0215421014378532,1.6579129091644649,1.4510760781481171,0.7655200204462744,80.11999820917845,1.0,2.919659170960469,1
12:05:07.931481,73,-0.9660719075245012,1.661061219104775,1.3666583487219337,0.7655200204462744,50.75999886542559,1.0,4.606266950861233,1
12:05:07.931481,73,-0.9386430504258576,1.5393911193403291,1.4110304678145114,0.8349600223009475,131.11999706923962,1.0,0.7375707598555419,1
12:05:07.931481,73,-1.074073239978956,1.578451457803626,1.5567641311320315,0.8349600223009475,159.11999644339085,1.0,0.9399647514256676,1
12:05:07.931481,73,-0.880166998162319,1.607925772574396,1.3061115866586397,0.6263600167294499,48.99999890476465,1.0,2.137589895643771,1
12:05:07.931481,73,-0.851763649879785,1.5560373515971868,1.328503648976926,0.6263600167294499,39.99999910593033,1.0,1.5823781247138555,1
12:05:07.931481,73,-0.9005655424982848,1.62023845135291,1.3632823001088157,0.6263600167294499,59.8799986615777,1.0,0.9454179712487871,1
12:05:07.931481,73,-0.8684889093013275,1.547729100674088,1.3307298381022854,0.6263600167294499,49.359998896718025,1.0,1.396507138169369,1
12:05:07.931481,73,-0.9186934584568488,1.6180907469611088,1.3840576090900534,0.6263600167294499,73.87999834865332,1.0,0.8409476721858233,1
12:05:07.931481,73,-0.8882000974458683,1.559453906763674,1.3861066836688258,0.8349600223009475,61.99999861419201,1.0,1.5936735790509609,1
12:05:07.931481,73,-0.8544500452444582,1.481125373911973,1.3382558528537285,0.7655200204462744,30.51999931782484,1.0,3.310630853681399,1
12:05:07.931481,73,-0.9358709693552564,1.6091338141333789,1.3864576120079033,0.6263600167294499,91.87999794632196,1.0,0.930499881825412,1
12:05:07.931481,73,-0.9056700311860114,1.5572064091619828,1.4062568752938729,0.8349600223009475,79.11999823153019,1.0,1.5639984951539123,1
12:05:07.931481,73,-0.8704263481442148,1.4727947913988888,1.3404880257105902,0.7655200204462744,38.1199991479516,1.0,2.9072847416549514,1
12:05:07.931481,73,-0.9864702679870384,1.6773094653584413,1.4458787865799965,0.7655200204462744,59.35999867320061,1.0,2.1940190997068587,1
12:05:07.931481,73,-0.9551056571658556,1.6189006538307538,1.4445414312403089,0.8349600223009475,114.23999744653702,1.0,0.9746167785833109,1
12:05:07.931481,73,-0.922202650552151,1.5483783886400502,1.40862233626349,0.8349600223009475,101.99999772012234,1.0,1.0625239135748377,1
12:05:07.931481,73,-0.8863156091384009,1.464310308751069,1.3427614359842694,0.7655200204462744,48.119998924434185,1.0,2.6738183277404985,1
12:05:07.931481,73,-1.0040563871112016,1.6676958799395971,1.4484547390293434,0.7655200204462744,69.35999844968319,1.0,2.466937921228949,1
12:05:07.931481,73,-0.9726679939394318,1.6155610649606378,1.4656969175818673,0.8349600223009475,140.23999686539173,1.0,1.066074554759921,1
12:05:07.931481,73,-0.9178266586219196,1.4468830521208904,1.3474310553246156,0.7655200204462744,60.75999864190817,1.0,2.6935959551000863,1
12:05:07.931481,73,-1.0381653711044316,1.50604912649314,1.498313250037166,0.8349600223009475,152.87999658286572,1.0,0.19370822748031014,1
12:05:07.931481,73,-1.0552250361002176,1.5173977786550557,1.5737782164419336,0.8349600223009475,121.75999727845192,1.0,2.4281701815770256,1
12:05:07.931481,73,-1.1251509630538017,1.6388919007739156,1.623689490869228,0.8349600223009475,103.1199976950884,1.0,3.272451412137018,1
12:05:07.931481,73,-1.514536134183868,1.1417902830687674,1.9875039205927332,0.8349600223009475,5.999999865889549,0.5999999865889549,7.6465820193741365,1
12:05:07.931481,73,-1.6389160421913291,1.1837861320320548,2.078393568754024,0.8349600223009475,8.119999818503857,0.8119999818503857,5.05723529956785,1
12:05:07.931481,73,-1.5875861952102388,1.149411957289658,1.9952470903794024,0.8349600223009475,7.519999831914902,0.7519999831914902,3.64211317023576,1
12:05:07.931481,73,-1.536354140696439,1.112319964280183,1.9954004687128224,0.8349600223009475,5.639999873936176,0.5639999873936177,7.496356075800321,1
12:05:07.931481,73,-1.609496742895329,1.118529478770102,2.003522025558989,0.8349600223009475,7.1199998408555984,0.7119999840855599,4.037060462267206,1
12:05:07.931481,73,-1.5650406342429846,1.179865008469637,1.9870872199086635,0.8349600223009475,7.999999821186066,0.7999999821186066,3.443043997521684,1
12:05:07.931481,73,-1.5575576260646506,1.0824340759475464,2.003408368356639,0.8349600223009475,5.359999880194664,0.5359999880194664,7.58527455794929,1
12:05:07.931481,73,-1.671868326046145,1.135812953163713,2.09124794329015,0.8349600223009475,7.1199998408555984,0.7119999840855599,5.040777555273877,1
12:05:07.931481,73,-1.6202111380117128,1.1029310578640117,2.0077016098439766,1.1132800297345966,6.7599998489022255,0.6759999848902225,4.303268385611574,1
12:05:07.931481,73,-1.5679262632774065,1.067339022450798,2.007453075750797,0.8349600223009475,5.119999885559082,0.5119999885559082,7.715028648909325,1
12:05:07.931481,73,-1.6930024189594342,1.1033097148944877,2.0999571597357853,0.8349600223009475,6.7599998489022255,0.6759999848902225,5.275791592190728,1
12:05:07.931481,73,-1.6411528137466247,1.0714276517483377,2.0161429220715013,1.1132800297345966,6.359999857842922,0.6359999857842922,4.96487010411262,1
12:05:07.931481,73,-0.9963232909672282,1.4073789709502755,1.3768251438403012,0.6958000185841229,85.87999808043242,1.0,4.015606301125814,1
12:05:07.931481,73,-1.6155451343021012,1.2179397338705062,1.9866705192245933,0.8349600223009475,8.639999806880951,0.8639999806880951,3.3052673957784577,1
12:05:07.931481,73,-1.6610499688875082,1.151909846234854,2.086934793791088,0.8349600223009475,7.639999829232693,0.7639999829232693,4.995493481173298,1
12:05:07.931481,73,-1.5418690779169466,1.209876451496146,1.9790456779860175,0.8349600223009475,8.51999980956316,0.851999980956316,3.456785021752907,1
12:05:07.931481,73,-1.0904131123007388,1.567997704580946,1.5595652058659233,0.8349600223009475,133.9999970048666,1.0,0.6838908907273301,1
12:05:07.931481,73,-1.666049634361218,1.2560144592713762,1.9862538185405236,0.6958000185841229,7.639999829232693,0.7639999829232693,7.233252214144514,1
12:05:07.931481,73,-1.0265362690356656,1.3878389971306144,1.3820608640454046,0.6958000185841229,71.3599984049797,1.0,5.636411073395834,1
12:05:07.931481,73,-1.1775964364372395,1.6788348705885736,1.6149509463135976,0.7655200204462744,21.639999516308308,1.0,5.967787820639539,1
12:05:07.931481,73,-1.1418988689296166,1.6279427998650045,1.6266232936156175,0.8349600223009475,95.9999978542328,1.0,2.873204615493213,1
12:05:07.931481,73,-1.070932092453299,1.5071291429063802,1.5765296890981606,0.8349600223009475,95.3599978685379,1.0,1.6786295845821895,1
12:05:07.931481,73,-1.041489531709044,1.3778511164695275,1.3847371086026412,0.6958000185841229,57.35999871790409,1.0,6.624625467563636,1
12:05:07.931481,73,-1.1750504505328607,1.6055620424763333,1.632620199483909,0.8349600223009475,86.5199980661273,1.0,2.5227733614940226,1
12:05:07.931481,73,-1.1062013014219934,1.577050729141435,1.6382956409176377,0.8349600223009475,110.35999753326178,1.0,3.794674384371854,1
12:05:07.931481,73,-1.6413825668743414,1.2879628653299533,1.977693268937666,0.6958000185841229,8.119999818503857,0.8119999818503857,6.38590007477616,1
12:05:07.931481,73,-1.1020233682400753,1.4861393057210552,1.5821538990212292,0.8349600223009475,74.99999832361937,1.0,0.6112475297661686,1
12:05:07.931481,73,-1.0600057944070331,1.3868227648632172,1.4389002726545472,0.6958000185841229,45.759998977184296,1.0,3.24504682843032,1
12:05:07.931481,73,-1.1542041714146107,1.544297512984051,1.6470718387365308,0.8349600223009475,74.63999833166599,1.0,1.6286911138411158,1
12:05:07.931481,73,-1.1174044785722397,1.4754202032505397,1.5850260738717905,0.8349600223009475,59.8799986615777,1.0,0.28225200766686825,1
12:05:07.931481,73,-1.0758250988943807,1.3825938220662064,1.458929534053335,0.6958000185841229,36.63999918103218,1.0,2.7960473835106434,1
12:05:07.931481,73,-1.1383165120693968,1.555369629681756,1.6441050740088774,0.8349600223009475,90.63999797403812,1.0,2.205767128866229,1
12:05:07.931481,73,-1.591625822395644,1.2489196584130495,1.978369473461842,0.8349600223009475,9.239999793469906,0.9239999793469906,2.9015268361245745,1
12:05:07.987262,74,-0.9494887999678898,1.4967959798801738,1.3249194732407772,0.4174800111504737,65.35999853909016,1.0,1.9556966246384018,1
12:05:07.987262,74,-0.9824845175707204,1.553934079168921,1.3205786173046257,0.4174800111504737,77.87999825924635,1.0,1.9065953332138235,1
12:05:07.987262,74,-0.981642809091918,1.503455467074408,0.500246745689799,1.2524400334514212,6.8799998462200165,0.6879999846220016,2.849456555040949,1
12:05:07.987262,74,-0.9474658270582306,1.5653385356706275,1.2974160973706943,0.4174800111504737,66.35999851673841,1.0,2.137498330723806,1
12:05:07.987262,74,-0.9999973319159332,1.493884800579591,0.5028111980481129,0.904680024163099,5.519999876618385,0.5519999876618386,3.0147026779894777,1
12:05:07.987262,74,-0.999203436440092,1.5443631817531125,1.3231431315380326,0.4174800111504737,91.11999796330927,1.0,1.6810569011430718,1
12:05:07.987262,74,-0.9168907180983158,1.5148244222108482,1.320088766677482,0.4174800111504737,54.11999879032373,1.0,2.4407821244444503,1
12:05:07.987262,74,-0.9656462313880724,1.487546511069794,1.3273978609389352,0.4174800111504737,78.87999823689461,1.0,1.7421841429654592,1
12:05:07.987262,74,-1.014910317733905,1.465808720826277,1.3526803377261571,0.4174800111504737,118.51999735087156,1.0,1.234856423991701,1
12:05:07.987262,74,-0.9817070989941358,1.478141438530649,1.3299179425305554,0.4174800111504737,93.75999790430068,1.0,1.5480253442909433,1
12:05:07.987262,74,-0.948970589695926,1.428850574691417,1.3522628430893755,0.4872000130126253,30.759999312460423,1.0,3.7229255103094463,1
12:05:07.987262,74,-1.0323398537732913,1.5247393267464793,1.3284013276394453,0.4174800111504737,120.35999730974436,1.0,1.2721889012618524,1
12:05:07.987262,74,-0.9976697967127748,1.468581702762114,1.332479466009589,0.4174800111504737,108.23999758064748,1.0,1.3732784098832234,1
12:05:07.987262,74,-0.9644009870952271,1.419609622783359,1.3547389486904344,0.4872000130126253,32.99999926239252,1.0,3.558609462468003,1
12:05:07.987262,74,-1.0523948562710146,1.5352924370409264,1.386043516043954,0.4174800111504737,133.35999701917171,1.0,1.8200595624389184,1
12:05:07.987262,74,-0.9797349452037946,1.410220089212869,1.3572548666279525,0.4872000130126253,33.87999924272299,1.0,3.418214076964354,1
12:05:07.987262,74,-0.999571396681851,1.4583911756932595,0.3733595972352372,1.2524400334514212,5.759999871253967,0.5759999871253967,4.503151199848668,1
12:05:07.987262,74,-1.0158224358029535,1.5346312732180654,1.325750788570812,0.4174800111504737,105.639997638762,1.0,1.469567205344364,1
12:05:07.987262,74,-0.7930061497566719,1.5892359238837073,0.4772619415613746,-0.2783200074336491,9.119999796152117,0.9119999796152116,2.1946569694612488,1
12:05:07.987262,74,-0.98122469171667,1.4679577656931266,0.3707962371704532,1.2524400334514212,6.8799998462200165,0.6879999846220016,4.269851183935933,1
12:05:07.987262,74,-1.0697796675415323,1.5316000701780583,1.407232716086893,0.4174800111504737,142.11999682337046,1.0,1.8859899024991982,1
12:05:07.987262,74,-0.8062539984873072,1.4562714965385672,0.2675928259777564,1.2524400334514212,6.8799998462200165,0.6879999846220016,6.208132996079635,1
12:05:07.987262,74,-0.8247636787313989,1.4483942205827658,0.2697035357086703,1.2524400334514212,7.639999829232693,0.7639999829232693,6.238647517523097,1
12:05:07.987262,74,-0.8122581541505757,1.581483028203608,0.4793393236978598,-0.2783200074336491,10.119999773800371,1.0,2.170217284724242,1
12:05:07.987262,74,-0.8501543045307144,1.5298972277778289,0.354199608325239,1.2524400334514212,8.239999815821648,0.8239999815821648,3.201416352000078,1
12:05:07.987262,74,-0.831428933409575,1.5735445631860017,0.4814664289884702,-0.2783200074336491,10.87999975681305,1.0,2.167573250242422,1
12:05:07.987262,74,-0.8880563748295827,1.5131068426026428,0.3586985784735377,1.2524400334514212,8.759999804198742,0.8759999804198741,3.4012592153541084,1
12:05:07.987262,74,-0.8505165704718052,1.565421322670739,0.4836430447244586,-0.3480400092958007,11.519999742507936,1.0,2.1859467044947247,1
12:05:07.987262,74,-0.9446411183215916,1.5220625608416298,0.4952609899413818,1.2524400334514212,8.51999980956316,0.851999980956316,2.5697556251748823,1
12:05:07.987262,74,-0.8275222669529585,1.5230990749003075,0.5246388033998926,-2.7832000743364915,9.759999781847,0.9759999781847,2.202645361916346,1
12:05:07.987262,74,-0.8884347915201231,1.548623782812392,0.4881439319643323,-0.3480400092958007,11.639999739825726,1.0,2.2829120501317126,1
12:05:07.987262,74,-0.8644153426790683,1.5067556681456329,0.5290180060413809,0.5566400148672983,9.759999781847,0.9759999781847,2.1641420853862643,1
12:05:07.987262,74,-0.9256032344349912,1.4955876524504823,0.3633928313268564,1.2524400334514212,8.51999980956316,0.851999980956316,3.6875054695295373,1
12:05:07.987262,74,-0.9072615837158738,1.539951163209221,0.4904677533832642,-0.3480400092958007,11.239999748766422,1.0,2.3602272882015294,1
12:05:07.987262,74,-0.8812829590986169,1.5625819172204063,0.5989316031411529,-0.2783200074336491,9.519999787211418,0.9519999787211418,1.6445405076015565,1
12:05:07.987262,74,-0.9442387613122132,1.486556934022363,0.3658126050367438,1.2524400334514212,7.879999823868275,0.7879999823868274,3.8616689214488926,1
12:05:07.987262,74,-0.9259976505133576,1.5310971274202465,0.4928401851226762,1.2524400334514212,10.119999773800371,1.0,2.456007342805809,1
12:05:07.987262,74,-0.8999581970507656,1.553979111544661,0.6012367179746108,-0.2783200074336491,8.879999801516533,0.8879999801516533,1.6608216618433214,1
12:05:07.987262,74,-0.906875148009797,1.5044379169835884,0.3610214100924087,1.2524400334514212,8.879999801516533,0.8879999801516533,3.533868247612933,1
12:05:07.987262,74,-1.0306933199575077,1.4559291317970735,1.3553275656280834,0.4174800111504737,120.99999729543924,1.0,1.0871709836629957,1
12:05:07.987262,74,-1.086054221761327,1.5211881054899346,1.410022593616697,0.4174800111504737,144.23999677598476,1.0,1.6783761834272986,1
12:05:07.987262,74,-1.593451549328479,1.233137709279604,1.81608561431792,0.7655200204462744,10.519999764859676,1.0,2.6566602078568167,1
12:05:07.987262,74,-1.546731088757981,1.176645949358171,1.7455837783061248,0.7655200204462744,8.239999815821648,0.8239999815821648,2.6751564146794418,1
12:05:07.987262,74,-1.662471150576048,1.2568782031671848,1.900353025815068,0.7655200204462744,8.639999806880951,0.8639999806880951,4.665244912601362,1
12:05:07.987262,74,-1.6179056196372503,1.202117347684614,1.824397495156219,0.7655200204462744,9.63999978452921,0.963999978452921,2.8754605008458665,1
12:05:07.987262,74,-1.5704681586483016,1.1465351137424251,1.7536519523927905,0.7655200204462744,7.519999831914902,0.7519999831914902,3.444682022537039,1
12:05:07.987262,74,-1.6869338468334043,1.2245243575246678,1.909022212627021,0.7655200204462744,7.999999821186066,0.7999999821186066,4.46842409935651,1
12:05:07.987262,74,-1.6417125492988824,1.170630805097835,1.8328342888147944,0.7655200204462744,8.759999804198742,0.8759999804198741,3.2657579238497947,1
12:05:07.987262,74,-1.5821017148684209,1.1313092439002392,1.7577317119210654,0.7655200204462744,6.8799998462200165,0.6879999846220016,3.898261312550731,1
12:05:07.987262,74,-1.710721792074342,1.1917044309488525,1.91781628544866,0.7655200204462744,7.519999831914902,0.7519999831914902,4.444988114917168,1
12:05:07.987262,74,-1.604893053245534,1.1005242128661248,1.7659805361256231,0.7655200204462744,6.359999857842922,0.6359999857842922,4.952228861140988,1
12:05:07.987262,74,-1.7338254714383574,1.158431550972188,1.926731726768265,0.7655200204462744,6.999999843537808,0.6999999843537809,4.612607587593511,1
12:05:07.987262,74,-1.6812664198838518,1.1233149463237382,1.928952775549433,0.7655200204462744,7.35999983549118,0.735999983549118,4.07664264489134,1
12:05:07.987262,74,-1.6270424558283334,1.0693050731478706,1.774345679401524,0.7655200204462744,5.879999868571758,0.5879999868571758,6.214540699462081,1
12:05:07.987262,74,-1.745117812759868,1.141629405497626,1.931233848079284,0.7655200204462744,6.6399998515844345,0.6639999851584435,4.77373243810098,1
12:05:07.987262,74,-1.6922164460418896,1.1070221397905928,1.9333184199024256,0.7655200204462744,6.8799998462200165,0.6879999846220016,4.4709964892417595,1
12:05:07.987262,74,-1.6485410631515036,1.0376643119845557,1.7828237958031403,0.7655200204462744,5.519999876618385,0.5519999876618386,7.700728439668829,1
12:05:07.987262,74,-1.7671778526714588,1.1077021044103774,1.94032464100698,0.7655200204462744,6.239999860525131,0.6239999860525132,5.262227618345454,1
12:05:07.987262,74,-1.713607759605813,1.07412330829058,1.9421336352347816,0.7655200204462744,6.359999857842922,0.6359999857842922,5.431510161044199,1
12:05:07.987262,74,-0.9949709306386642,1.4006829129254366,1.359810345312243,0.4872000130126253,32.87999926507473,1.0,3.301879966320664,1
12:05:07.987262,74,-1.643265368923204,1.2716875474666467,1.8103361592854763,0.7655200204462744,9.239999793469906,0.9239999793469906,4.791608760598848,1
12:05:07.987262,74,-1.5223753470826191,1.2062922286114837,1.7376400817216122,0.7655200204462744,8.999999798834324,0.8999999798834324,2.077290759431628,1
12:05:07.987262,74,-1.6533703504040431,1.154716644472388,1.837098475302602,0.7655200204462744,7.999999821186066,0.7999999821186066,3.5301860746486176,1
12:05:07.987262,74,-1.230894140484964,1.4449186702190695,1.511420409447383,0.7655200204462744,60.35999865084887,1.0,1.1035453109335374,1
12:05:07.987262,74,-1.580984883083221,1.248469187369343,1.8119775571449988,0.7655200204462744,11.519999742507936,1.0,2.6067354202434743,1
12:05:07.987262,74,-1.0619485510190343,1.4357150901595266,1.3607439017606335,0.6958000185841229,114.51999744027852,1.0,0.8501580535573663,1
12:05:07.987262,74,-1.0251428990937383,1.381169461707078,1.3650389588077465,0.4872000130126253,30.35999932140112,1.0,3.142171442201894,1
12:05:07.987262,74,-1.1409851975608118,1.5847736092609908,1.470673694492231,0.7655200204462744,107.359997600317,1.0,5.6415092599445655,1
12:05:07.987262,74,-1.118275900082652,1.4998952022541503,1.4157280098432394,0.4174800111504737,139.11999689042568,1.0,1.302086005931528,1
12:05:07.987262,74,-1.0400758649423756,1.371195138104925,1.3677115707619898,0.4872000130126253,27.119999393820763,1.0,3.099291392990399,1
12:05:07.987262,74,-1.1342198020433458,1.4890163929789748,1.418642978003135,0.4174800111504737,128.11999713629484,1.0,1.1341040239010676,1
12:05:07.987262,74,-1.0927790168382665,1.4149013267639234,1.3663209328539376,0.6958000185841229,85.87999808043242,1.0,0.6928229200483847,1
12:05:07.987262,74,-1.0549048240758947,1.361077074248246,1.3704226978013536,0.4872000130126253,23.519999474287037,1.0,3.081461106378969,1
12:05:07.987262,74,-1.0774176543600378,1.4253826589384109,1.3635124683621815,0.6958000185841229,101.51999773085116,1.0,0.7613676265563818,1
12:05:07.987262,74,-1.1526458789160452,1.4965979594530867,1.4773123394309549,0.4174800111504737,113.75999745726584,1.0,1.6967112316281199,1
12:05:07.987262,74,-1.1719708349264548,1.3798712677160894,1.4342257067762765,0.6958000185841229,39.11999912559986,1.0,0.4628372493230295,1
12:05:07.987262,74,-1.1531165004839818,1.371508172159157,1.3779480935873236,0.6958000185841229,47.51999893784523,1.0,0.6294622156945883,1
12:05:07.987262,74,-1.1846829911147,1.4799203196518291,1.502041745748118,0.7655200204462744,84.11999811977148,1.0,1.5797570991850853,1
12:05:07.987262,74,-1.138201352653078,1.382574479584098,1.3749828854496162,0.6958000185841229,57.999998703598976,1.0,0.6127295671685224,1
12:05:07.987262,74,-1.2156114706868089,1.4567344831901954,1.508254371903853,0.7655200204462744,71.23999840766191,1.0,1.2473449573931072,1
12:05:07.987262,74,-1.1690402741627917,1.4912880245781162,1.4989957783933243,0.4174800111504737,98.5199977979064,1.0,1.7670564364810795,1
12:05:07.987262,74,-1.071082127914951,1.3574445614434576,1.390205028542178,0.6958000185841229,20.119999550282955,1.0,2.8636223626697332,1
12:05:07.987262,74,-1.1080311023303424,1.4042721417605004,1.3691690143918058,0.6958000185841229,70.99999841302633,1.0,0.6449077092452125,1
12:05:08.045104,75,-0.969019727897289,1.5841160217655377,1.3729612759454015,0.6263600167294499,196.1199956163764,1.0,0.5103194850296853,1
12:05:08.045104,75,-0.9004533274298006,1.523601592902014,1.317736930878954,0.4174800111504737,79.23999822884798,1.0,1.3755481339861122,1
12:05:08.045104,75,-1.0173088912170791,1.72974481624633,1.4285560796733785,0.4174800111504737,100.3599977567792,1.0,3.2592139862446707,1
12:05:08.045104,75,-0.9859273065616416,1.6711432387056493,1.4266165565086504,0.6263600167294499,190.9999957308173,1.0,1.6249417143579659,1
12:05:08.045104,75,-0.9487536186486452,1.5725890285126132,1.3155800386931398,0.4174800111504737,181.8799959346652,1.0,0.5478619300512144,1
12:05:08.045104,75,-0.9168907180983158,1.5148244222108482,1.320088766677482,0.4174800111504737,102.63999770581722,1.0,1.290752345808965,1
12:05:08.045104,75,-0.8863156091384009,1.464310308751069,1.3427614359842694,0.4174800111504737,32.119999282062054,1.0,2.81595510489642,1
12:05:08.045104,75,-1.036688599220333,1.7435189268936062,1.5112248335185354,0.6263600167294499,109.11999756097794,1.0,4.4846628222321225,1
12:05:08.045104,75,-1.0040563871112016,1.6676958799395971,1.4484547390293434,0.6263600167294499,198.8799955546856,1.0,1.7110006172624643,1
12:05:08.045104,75,-0.8704263481442148,1.4727947913988888,1.3404880257105902,0.4174800111504737,27.639999382197857,1.0,2.9244563005391764,1
12:05:08.045104,75,-0.9494887999678898,1.4967959798801738,1.3249194732407772,0.4174800111504737,127.63999714702368,1.0,1.1698527660363045,1
12:05:08.045104,75,-0.950260426553426,1.4355849180843483,1.3692673830839714,0.4174800111504737,40.99999908357859,1.0,2.37648523224615,1
12:05:08.045104,75,-1.0547426058721083,1.7334180058703708,1.5139313671495218,0.6263600167294499,116.63999739289284,1.0,4.282829362093041,1
12:05:08.045104,75,-1.0215421014378532,1.6579129091644649,1.4510760781481171,0.6263600167294499,199.87999553233385,1.0,1.5621302902934318,1
12:05:08.045104,75,-0.9858952762792396,1.5746744288428327,1.375491143144304,0.6263600167294499,198.51999556273225,1.0,0.4215335589853536,1
12:05:08.045104,75,-0.966958733708033,1.4945259515256202,1.3449855789514098,0.4174800111504737,144.87999676167965,1.0,1.0050409717348012,1
12:05:08.045104,75,-0.9334452960327038,1.4379420208495937,1.349826797433261,0.4174800111504737,39.63999911397696,1.0,2.5962713653418295,1
12:05:08.045104,75,-1.0389256624102097,1.647961531321926,1.4537425418046026,0.6263600167294499,194.63999564945695,1.0,1.4246131153143669,1
12:05:08.045104,75,-1.020320705550621,1.5618855698962164,1.3991177408950397,0.6263600167294499,188.63999578356743,1.0,0.30910277736339187,1
12:05:08.045104,75,-0.9830414311781898,1.4851080956512068,1.3475090858273917,0.4174800111504737,144.35999677330256,1.0,0.9705681087984125,1
12:05:08.045104,75,-1.0369112660298725,1.551949819860159,1.4017800170933987,0.6263600167294499,169.9999962002039,1.0,0.24602037980263414,1
12:05:08.045104,75,-0.9317450116575742,1.581671214961192,1.3131464741687342,0.4174800111504737,159.9999964237213,1.0,0.6213524722828161,1
12:05:08.045104,75,-0.9178266586219196,1.4468830521208904,1.3474310553246156,0.4174800111504737,36.35999918729067,1.0,2.652003130236912,1
12:05:08.045104,75,-0.9660719075245012,1.661061219104775,1.3666583487219337,0.4174800111504737,177.23999603837729,1.0,1.1666909683218125,1
12:05:08.045104,75,-0.7948606560290749,1.6779077022510032,1.1960328168455612,0.4174800111504737,52.51999882608652,1.0,1.4079195378099434,1
12:05:08.045104,75,-0.883925892182943,1.5322195543864388,1.3154277550587996,0.4174800111504737,60.75999864190817,1.0,1.4768074520802086,1
12:05:08.045104,75,-0.9990258253288216,1.475535366329788,1.3500740909184277,0.6958000185841229,126.23999717831612,1.0,0.9517027269874051,1
12:05:08.045104,75,-0.813108772142993,1.6701417417153686,1.1981136996995363,0.4174800111504737,61.99999861419201,1.0,1.287151396703626,1
12:05:08.045104,75,-0.8351817135567075,1.685947578955096,1.255961548223865,0.4174800111504737,73.35999836027622,1.0,1.3512828155434822,1
12:05:08.045104,75,-0.8228069412827234,1.6023737439824797,1.2273503465962303,0.4174800111504737,52.63999882340431,1.0,1.364164812860647,1
12:05:08.045104,75,-0.854510237453263,1.685361185080889,1.2768742285910373,0.4174800111504737,86.99999805539846,1.0,1.3309322841033162,1
12:05:08.045104,75,-0.8402430158811147,1.594341762708554,1.2295025094922007,0.4174800111504737,63.23999858647585,1.0,1.251001854632834,1
12:05:08.045104,75,-0.8906387725625334,1.6685037785454262,1.2813911570586978,0.4174800111504737,102.759997703135,1.0,1.087354490336117,1
12:05:08.045104,75,-0.8575950668818743,1.586141766293433,1.2316996919095704,0.4174800111504737,76.51999828964472,1.0,1.1544706630738601,1
12:05:08.045104,75,-0.9225487758203552,1.750062353748424,1.3369252095098745,0.4174800111504737,63.63999857753515,1.0,2.786456546226544,1
12:05:08.045104,75,-0.908570346444853,1.6598141935516058,1.2837195243403534,0.4174800111504737,120.63999730348588,1.0,0.9868045440482942,1
12:05:08.045104,75,-0.8789723026838359,1.6006273153705983,1.2879604973482073,0.4174800111504737,92.87999792397022,1.0,0.9169219254911278,1
12:05:08.045104,75,-0.846629225950193,1.5268591452137326,1.258662688984569,0.4174800111504737,36.999999172985554,1.0,2.0362517974411576,1
12:05:08.045104,75,-0.9437663218209768,1.7676349314607709,1.4184034539005468,0.4174800111504737,72.23999838531017,1.0,3.925862420077722,1
12:05:08.045104,75,-0.9296271601324768,1.6725242074998854,1.342735160048551,0.4174800111504737,139.99999687075615,1.0,1.2450387023065832,1
12:05:08.045104,75,-0.896231832118806,1.592053666511338,1.290257799636234,0.4174800111504737,112.7599974796176,1.0,0.8123263376821748,1
12:05:08.045104,75,-0.8632536656523042,1.5186009763554864,1.2608754586610955,0.4174800111504737,47.11999894678593,1.0,1.93954653255348,1
12:05:08.045104,75,-0.9807337467214666,1.7490450690210857,1.423384592528666,0.4174800111504737,81.51999817788601,1.0,3.5721700030011703,1
12:05:08.045104,75,-0.948340071338173,1.6703071958107467,1.3641808967303315,0.4174800111504737,159.51999643445015,1.0,1.287815795280462,1
12:05:08.045104,75,-0.9146432309459542,1.5905886595184675,1.3107570521010627,0.4174800111504737,135.7599969655275,1.0,0.7095838917361392,1
12:05:08.045104,75,-0.9990712721143672,1.7394832655594308,1.4259466700444017,0.4174800111504737,90.9999979659915,1.0,3.4107215449787107,1
12:05:08.045104,75,-0.9657117968843516,1.426331405913097,1.3717468541974096,0.4174800111504737,39.99999910593033,1.0,2.34217393784946,1
12:05:08.045104,75,-1.0721940974190514,1.5503349137295848,1.4629135659288592,0.6263600167294499,125.99999718368052,1.0,0.27025698281644317,1
12:05:08.045104,75,-1.053398136251246,1.541854316773489,1.4044850989926576,0.6263600167294499,147.87999669462442,1.0,0.1962681225825419,1
12:05:08.045104,75,-1.6900503042378383,1.2235959433086077,1.9949403337125624,0.4872000130126253,11.519999742507936,1.0,2.0109310074057944,1
12:05:08.045104,75,-1.638818249724039,1.1865039502991328,1.9950937120459824,0.6263600167294499,10.87999975681305,1.0,1.956759223098186,1
12:05:08.045104,75,-1.5846586819043724,1.1502840837519046,1.9145379998796848,0.5566400148672983,7.1199998408555984,0.7119999840855599,2.3409659420512785,1
12:05:08.045104,75,-1.762580480475349,1.2278296671134892,1.9153249746672687,0.6958000185841229,7.999999821186066,0.7999999821186066,3.0284464530337223,1
12:05:08.045104,75,-1.7133749765566857,1.1907202844152127,2.003749339963689,0.6958000185841229,10.519999764859676,1.0,2.168108154017082,1
12:05:08.045104,75,-1.6614358597260075,1.1546248815926572,2.003635682761339,0.6263600167294499,9.999999776482582,0.9999999776482582,2.2780706021367,1
12:05:08.045104,75,-1.609496742895329,1.118529478770102,2.003522025558989,0.5566400148672983,6.6399998515844345,0.6639999851584435,3.14508344904426,1
12:05:08.045104,75,-1.7863845229928632,1.1935481556206382,1.9245106779870969,0.6958000185841229,7.35999983549118,0.735999983549118,3.192456745154524,1
12:05:08.045104,75,-1.724780887480326,1.174115128690439,2.008198678030335,0.6958000185841229,9.519999787211418,0.9519999787211418,2.282980990886176,1
12:05:08.045104,75,-1.6724960127460191,1.1385230932772252,2.007950143937156,0.5566400148672983,9.119999796152117,0.9119999796152116,2.476409910466314,1
12:05:08.045104,75,-1.7380714292979207,1.2616444944110496,1.90626431900069,0.6958000185841229,8.639999806880951,0.8639999806880951,2.9541254792864176,1
12:05:08.045104,75,-1.6202111380117128,1.1029310578640117,2.0077016098439766,0.5566400148672983,6.239999860525131,0.6239999860525132,3.4214529195308856,1
12:05:08.045104,75,-1.7470741560624146,1.140578467026993,2.0171847994398915,0.6958000185841229,8.759999804198742,0.8759999804198741,2.589237419157058,1
12:05:08.045104,75,-1.6941134849045196,1.1060030593876653,2.0166638607556964,0.5566400148672983,8.359999813139439,0.8359999813139438,2.9521174446236063,1
12:05:08.045104,75,-1.6411528137466247,1.0714276517483377,2.0161429220715013,0.5566400148672983,5.879999868571758,0.5879999868571758,4.055436484886778,1
12:05:08.045104,75,-1.125717119838619,1.707231342701028,1.5857479364443423,0.6263600167294499,126.23999717831612,1.0,4.59344683967516,1
12:05:08.045104,75,-1.7686686183073277,1.1066178683150638,2.0262845144392303,0.6958000185841229,7.999999821186066,0.7999999821186066,3.0029263542488973,1
12:05:08.045104,75,-1.7150533342872276,1.0730719396445976,2.025487727696704,0.6958000185841229,7.639999829232693,0.7639999829232693,3.5382285530373183,1
12:05:08.045104,75,-1.6614380502671275,1.039526010974131,2.0246909409541773,0.5566400148672983,5.519999876618385,0.5519999876618386,4.802405312138729,1
12:05:08.045104,75,-1.8427484371269385,1.105893064011516,1.9479977889962368,0.6958000185841229,5.999999865889549,0.5999999865889549,4.039617294255672,1
12:05:08.045104,75,-1.7895556367184753,1.0722469163407269,2.0354941832638427,0.6958000185841229,7.35999983549118,0.735999983549118,3.5307334176153846,1
12:05:08.045104,75,-1.735307185233959,1.0397429060562546,2.0344182153312103,0.6958000185841229,6.999999843537808,0.6999999843537809,4.24095081937576,1
12:05:08.045104,75,-1.7980191794778462,1.1762366712046597,1.9291492762561424,0.6958000185841229,6.8799998462200165,0.6879999846220016,3.3101876770643104,1
12:05:08.045104,75,-1.7956801540088605,1.2804181251360478,1.817156694005753,0.6958000185841229,5.119999885559082,0.5119999885559082,5.335793285357831,1
12:05:08.045104,75,-1.8207479457371043,1.1412809005301745,1.9385156467791784,0.6958000185841229,6.519999854266644,0.6519999854266645,3.621421545680324,1
12:05:08.045104,75,-1.6155451343021012,1.2179397338705062,1.9866705192245933,0.6263600167294499,11.9999997317791,1.0,1.7312125540801437,1
12:05:08.045104,75,-1.5616791062204909,1.180676385433828,1.9063944071878904,0.5566400148672983,7.639999829232693,0.7639999829232693,1.8971101017103513,1
12:05:08.045104,75,-1.014910317733905,1.465808720826277,1.3526803377261571,0.6958000185841229,101.35999773442744,1.0,0.9483538700225383,1
12:05:08.045104,75,-0.981066596844663,1.416929110127839,1.3742661917600685,0.4872000130126253,36.999999172985554,1.0,2.3248922059857415,1
12:05:08.045104,75,-1.0306933199575077,1.4559291317970735,1.3553275656280834,0.6958000185841229,78.35999824851751,1.0,0.9604481919178448,1
12:05:08.045104,75,-1.0891048346948629,1.5458294036233946,1.4843814599240623,0.6263600167294499,106.35999762266874,1.0,0.27872913581487335,1
12:05:08.045104,75,-1.0500058063113076,1.4657676670226931,1.4112098359493304,0.5566400148672983,60.23999865353108,1.0,0.5795383968811084,1
12:05:08.045104,75,-1.0265362690356656,1.3878389971306144,1.3820608640454046,0.4872000130126253,28.23999936878681,1.0,2.374634387532817,1
12:05:08.045104,75,-1.2132940039448623,1.729726941312143,1.6032785990115772,0.4872000130126253,18.639999583363533,1.0,6.925815613131759,1
12:05:08.045104,75,-1.081157979608528,1.4451815198646454,1.4167258774555975,0.5566400148672983,46.879998952150345,1.0,0.5919719881885698,1
12:05:08.045104,75,-1.0965726700526537,1.4346638010658888,1.419544091713942,0.5566400148672983,36.999999172985554,1.0,0.6206491662022587,1
12:05:08.045104,75,-0.9963232909672282,1.4073789709502755,1.3768251438403012,0.4872000130126253,32.75999926775694,1.0,2.3245729160126665,1
12:05:08.045104,75,-1.6737794059090163,1.3440515323463174,1.8841834197352945,0.6958000185841229,10.759999759495258,1.0,3.1189445440618044,1
12:05:08.045104,75,-1.5984272402373083,1.335639259958377,1.8792490642528463,0.6958000185841229,16.99999962002039,1.0,1.7895869378705214,1
12:05:08.045104,75,-1.7128671727538265,1.2949791120338632,1.8973323351286568,0.6958000185841229,9.239999793469906,0.9239999793469906,2.9630264537488396,1
12:05:08.045104,75,-1.666049634361218,1.2560144592713762,1.9862538185405236,0.4872000130126253,12.639999717473984,1.0,1.9454258322507583,1
12:05:08.045104,75,-1.549954490057549,1.195704546595773,1.9023676235408224,0.5566400148672983,8.119999818503857,0.8119999818503857,1.7097701074199811,1
12:05:08.045104,75,-1.591625822395644,1.2489196584130495,1.978369473461842,0.6263600167294499,13.119999706745148,1.0,1.5959584949233854,1
12:05:08.045104,75,-1.7696404973469593,1.3148576253186957,1.8079286577440807,0.6958000185841229,5.359999880194664,0.5359999880194664,5.359683923142862,1
12:05:08.045104,75,-1.7000074821434774,1.3114621678797262,1.892915713625961,0.6958000185841229,9.999999776482582,0.9999999776482582,2.996738196478301,1
12:05:08.045104,75,-1.7428930081126528,1.3487872238407328,1.798837249220589,0.6958000185841229,5.639999873936176,0.5639999873936177,5.45437043465995,1
12:05:08.045104,75,-1.579426822582369,1.2642347939286016,1.9742657952684768,0.6263600167294499,14.51999967545271,1.0,1.560545409558686,1
12:05:08.045104,75,-1.628802207002651,1.3037567762421978,1.973461303263401,0.4872000130126253,15.359999656677246,1.0,2.00623956544507,1
12:05:08.045104,75,-1.6413825668743414,1.2879628653299533,1.977693268937666,0.4872000130126253,13.879999689757824,1.0,1.9657033043478713,1
12:05:08.095615,76,-0.8616248767550012,1.7390797045600797,-0.2735045116201606,0.2783200074336491,30.759999312460423,1.0,2.0000400219401935,1
12:05:08.095615,76,-0.908570346444853,1.7886444251284672,-0.2622822856836338,0.2783200074336491,56.759998731315136,1.0,1.2332314123661055,1
12:05:08.095615,76,-0.8789723026838359,1.730376646331809,-0.2735045116201606,0.2783200074336491,37.87999915331602,1.0,1.8183960995153265,1
12:05:08.095615,76,-0.9264110640537292,1.7794694418227313,-0.2622822856836338,0.2783200074336491,66.23999851942062,1.0,1.075454811945945,1
12:05:08.095615,76,-0.8974499866775283,1.723840408240481,-0.2540829259557258,0.4174800111504737,46.75999895483256,1.0,1.6309536935067994,1
12:05:08.095615,76,-0.9474368510121802,1.7762615873157686,-0.2019879653248847,0.2783200074336491,76.2399982959032,1.0,1.2053068607049218,1
12:05:08.095615,76,-0.9146432309459542,1.7147798668502467,-0.2540829259557258,0.4174800111504737,57.2399987205863,1.0,1.4724570122420935,1
12:05:08.095615,76,-1.001243997244822,1.7487089975818295,-0.1818467792485222,0.4872000130126253,97.63999781757592,1.0,0.887338279957269,1
12:05:08.095615,76,-0.9317450116575742,1.7055478489099716,-0.2540829259557258,0.4174800111504737,68.35999847203493,1.0,1.327206794213291,1
12:05:08.095615,76,-0.9837071373294528,1.7586338357399842,-0.1818467792485222,0.4872000130126253,93.3599979132414,1.0,1.0226862510673855,1
12:05:08.095615,76,-0.9487536186486452,1.6961452776137147,-0.2540829259557258,0.4174800111504737,77.51999826729298,1.0,1.1951078341173036,1
12:05:08.095615,76,-0.969019727897289,1.6924281410637425,-0.1956735015627204,0.5566400148672983,81.75999817252159,1.0,1.0581593279601422,1
12:05:08.095615,76,-1.0215421014378532,1.7434928619876338,-0.1011203567715267,0.4872000130126253,97.51999782025814,1.0,1.2536824791695116,1
12:05:08.095615,76,-0.9858952762792396,1.682653484805738,-0.1956735015627204,0.5566400148672983,78.9999982342124,1.0,0.9364242999270906,1
12:05:08.095615,76,-0.8906387725625334,1.7976405454902185,-0.2622822856836338,0.2783200074336491,48.35999891906977,1.0,1.4022783053365013,1
12:05:08.095615,76,-0.9660719075245012,1.7683828119879497,-0.1818467792485222,0.4872000130126253,85.75999808311462,1.0,1.1678396140063563,1
12:05:08.095615,76,-0.8529542901773047,1.5785079867800929,0.3086380769920054,0.6263600167294499,7.759999826550484,0.7759999826550483,7.017647406043789,1
12:05:08.095615,76,-0.9307502169428332,1.926799462618919,-1.2251822332102384,0.6263600167294499,10.87999975681305,1.0,3.444871809145978,1
12:05:08.095615,76,-1.029309551857457,1.9297571299536715,-1.138632032708408,0.6263600167294499,11.119999751448631,1.0,3.1146482617072344,1
12:05:08.095615,76,-0.966958733708033,1.6131314216220174,-0.2458835662278178,0.4174800111504737,27.759999379515648,1.0,2.324422405797677,1
12:05:08.095615,76,-0.8725360983960911,1.953850785623972,-1.2251822332102384,0.6263600167294499,8.879999801516533,0.8879999801516533,3.2735590670227817,1
12:05:08.095615,76,-0.8501543045307144,1.9037317296812704,-1.1937545636368645,0.7655200204462744,7.35999983549118,0.735999983549118,3.8482556591333985,1
12:05:08.095615,76,-0.9114360067579784,1.9360104702900645,-1.2251822332102384,0.6263600167294499,9.879999779164793,0.9879999779164793,3.372644554909958,1
12:05:08.095615,76,-0.8691487967558995,1.8951351427286436,-1.1937545636368645,0.7655200204462744,8.119999818503857,0.8119999818503857,3.854191075711407,1
12:05:08.095615,76,-0.907679287597597,1.928030702566921,-1.1094244990700397,0.7655200204462744,8.879999801516533,0.8879999801516533,2.4390623987995266,1
12:05:08.095615,76,-0.949971352885777,1.9173957766157856,-1.2251822332102384,0.6263600167294499,11.759999737143517,1.0,3.531826350211695,1
12:05:08.095615,76,-0.9269138892713428,1.9188576604454664,-1.1094244990700397,-0.4174800111504737,9.359999790787697,0.9359999790787696,2.4809841801259678,1
12:05:08.095615,76,-0.9690974924893192,1.9078003526413867,-1.2251822332102384,0.6263600167294499,12.11999972909689,1.0,3.633246667640205,1
12:05:08.095615,76,-0.9509336847011504,1.9193381204063584,-1.0880593298009371,-0.4174800111504737,9.359999790787697,0.9359999790787696,2.3310196192413866,1
12:05:08.095615,76,-1.0159191494727673,1.9999751589911836,-1.1678395663467764,0.6263600167294499,9.63999978452921,0.963999978452921,3.8138065589806622,1
12:05:08.095615,76,-0.9905111280397296,1.9499560096016253,-1.138632032708408,0.6263600167294499,11.879999734461308,1.0,2.8826388073326843,1
12:05:08.095615,76,-0.9700791993022542,1.9097329761580328,-1.0880593298009371,-0.4174800111504737,8.879999801516533,0.8879999801516533,2.3997539580609146,1
12:05:08.095615,76,-1.082116064403323,2.0287591686595987,-1.1970470999851448,0.6263600167294499,4.999999888241291,0.4999999888241291,5.743379785537537,1
12:05:08.095615,76,-1.00807730234808,1.8899507521718493,-1.0880593298009371,-0.4174800111504737,8.119999818503857,0.8119999818503857,2.575849515726893,1
12:05:08.095615,76,-1.0389256624102097,1.7331904375449925,-0.1011203567715267,0.4872000130126253,93.2399979159236,1.0,1.1143323209953784,1
12:05:08.095615,76,-1.108264616939468,1.7677094978143797,-0.0208646527764107,0.4872000130126253,85.35999809205532,1.0,2.730996327634596,1
12:05:08.095615,76,-1.7413862655138068,1.1933833612541995,0.4059994197943386,0.6263600167294499,6.11999986320734,0.611999986320734,3.0986743108337764,1
12:05:08.095615,76,-1.6901511538525682,1.1582716051898534,0.3940540943834806,0.5566400148672983,7.519999831914902,0.7519999831914902,3.0293575861796382,1
12:05:08.095615,76,-1.638818249724039,1.1473446493511903,0.3023507091807939,0.5566400148672983,5.879999868571758,0.5879999868571758,3.58789313953059,1
12:05:08.095615,76,-1.8172532102180423,1.2188492043098174,0.3307065955354488,0.6263600167294499,5.239999882876873,0.5239999882876873,4.276959555149775,1
12:05:08.095615,76,-1.764904075431074,1.1583192898183468,0.4059994197943386,0.6263600167294499,5.759999871253967,0.5759999871253967,3.428157935820785,1
12:05:08.095615,76,-1.7129770221592913,1.1242391897690338,0.3940540943834806,0.5566400148672983,6.999999843537808,0.6999999843537809,3.579892268458676,1
12:05:08.095615,76,-1.6614358597260075,1.1143410088657195,0.3023507091807939,0.5566400148672983,5.639999873936176,0.5639999873936177,4.3403619494439525,1
12:05:08.095615,76,-1.8293506369489392,1.200616033538186,0.3307065955354488,0.6263600167294499,4.999999888241291,0.4999999888241291,4.367961254438455,1
12:05:08.095615,76,-1.7763988305536638,1.140612628128441,0.4059994197943386,0.6263600167294499,5.359999880194664,0.5359999880194664,3.636440911765626,1
12:05:08.095615,76,-1.7241335782999043,1.1070534939365004,0.3940540943834806,0.5566400148672983,6.519999854266644,0.6519999854266645,3.9001544157403183,1
12:05:08.095615,76,-1.6724960127460191,1.0976712109607476,0.3023507091807939,0.5566400148672983,5.239999882876873,0.5239999882876873,4.761877217477303,1
12:05:08.095615,76,-1.7988542939122911,1.1048589058842793,0.4059994197943386,0.6263600167294499,4.999999888241291,0.4999999888241291,4.145794856120471,1
12:05:08.095615,76,-1.7459283564358627,1.0723517186312588,0.3940540943834806,0.5566400148672983,6.11999986320734,0.611999986320734,4.635981157030839,1
12:05:08.095615,76,-1.6941134849045196,1.0640039944887576,0.3023507091807939,0.5566400148672983,4.999999888241291,0.4999999888241291,5.700394217468276,1
12:05:08.095615,76,-1.767024786539198,1.037221016955571,0.3940540943834806,0.5566400148672983,5.759999871253967,0.5759999871253967,5.506117630623689,1
12:05:08.095615,76,-1.7892090117624366,1.2794846744841255,0.2429393858834698,0.6263600167294499,5.639999873936176,0.5639999873936177,4.335831240743341,1
12:05:08.095615,76,-1.6155451343021012,1.1798893672951598,0.3023507091807939,0.5566400148672983,6.239999860525131,0.6239999860525132,2.9497695113218834,1
12:05:08.095615,76,-1.020320705550621,1.6641853821915666,-0.1761619608684559,0.5566400148672983,70.75999841839075,1.0,0.7368336408220746,1
12:05:08.095615,76,-1.7171719243396444,1.227970095278455,0.4059994197943386,0.6263600167294499,6.6399998515844345,0.6639999851584435,2.8778739411067713,1
12:05:08.095615,76,-1.0733793813149874,1.7120666834500782,-0.1011203567715267,0.4872000130126253,85.9999980777502,1.0,0.8622180289100088,1
12:05:08.095615,76,-1.0369112660298725,1.6538991368447271,-0.1761619608684559,0.5566400148672983,60.11999865621328,1.0,0.646095507859292,1
12:05:08.095615,76,-1.053398136251246,1.643447502969842,-0.1761619608684559,0.5566400148672983,49.63999889045954,1.0,0.5675165801009314,1
12:05:08.095615,76,-1.0697796675415323,1.632831525721541,-0.1761619608684559,0.5566400148672983,40.51999909430742,1.0,0.5011697883145305,1
12:05:08.095615,76,-1.666649247649572,1.1918407274327227,0.3940540943834806,0.5566400148672983,7.999999821186066,0.7999999821186066,2.591892723152423,1
12:05:08.095615,76,-1.1957979428141106,1.78595757447322,0.0429921348051885,0.4872000130126253,65.11999854445457,1.0,5.311613344247274,1
12:05:08.095615,76,-1.086054221761327,1.6220522666886557,-0.1761619608684559,0.5566400148672983,33.2399992570281,1.0,0.4471519273586281,1
12:05:08.095615,76,-1.2659440905604895,1.7362756192368862,0.0644828281822138,0.4872000130126253,57.87999870628119,1.0,4.847061750771259,1
12:05:08.095615,76,-1.2815107519785125,1.7212026371085585,0.1289076261741179,0.4872000130126253,52.7599988207221,1.0,5.311002372069814,1
12:05:08.095615,76,-1.7500251461721203,1.3325771676630638,0.2429393858834698,0.6263600167294499,6.359999857842922,0.6359999857842922,4.3310865547117,1
12:05:08.095615,76,-1.6922707373217696,1.262065657659271,0.4059994197943386,0.6263600167294499,7.1199998408555984,0.7119999840855599,2.757076432477716,1
12:05:08.095615,76,-1.64248070399901,1.2249331292969272,0.3940540943834806,0.5566400148672983,8.639999806880951,0.8639999806880951,2.259412343939621,1
12:05:08.095615,76,-1.599972154086192,1.218317557376545,0.2221089527739405,0.5566400148672983,6.6399998515844345,0.6639999851584435,2.5653653577829822,1
12:05:08.095615,76,-1.763263194931605,1.3150105799617178,0.2429393858834698,0.6263600167294499,5.999999865889549,0.5999999865889549,4.310341413934489,1
12:05:08.095615,76,-1.2485183274597884,1.7488480358162826,0.0644828281822138,0.4872000130126253,61.99999861419201,1.0,5.022187813835049,1
12:05:08.150402,77,-1.053398136251246,1.541854316773489,1.4044850989926576,0.5566400148672983,45.11999899148941,1.0,1.564873839817126,1
12:05:08.150402,77,-1.2125344584214257,1.799114495301949,1.563746994096114,0.4174800111504737,38.519999139010906,1.0,5.562302235988221,1
12:05:08.150402,77,-1.1074037627979656,1.6064921023736631,1.4648542418018695,0.4174800111504737,93.3599979132414,1.0,0.4644385767505002,1
12:05:08.150402,77,-1.0697796675415323,1.5316000701780583,1.407232716086893,0.5566400148672983,38.75999913364649,1.0,1.4925451144972766,1
12:05:08.150402,77,-1.1607892647017817,1.6691975564327262,1.5311391847139024,0.4174800111504737,112.8799974769354,1.0,0.9479612483232573,1
12:05:08.150402,77,-1.1242506922430515,1.5957139494290984,1.4677422391792647,0.5566400148672983,87.63999804109335,1.0,0.3721120652403486,1
12:05:08.150402,77,-1.1755206430956806,1.5852544353763678,1.5542864774981953,0.5566400148672983,71.11999841034412,1.0,0.2857493592114735,1
12:05:08.150402,77,-1.2135974311053424,1.7245931463188269,1.5824053922804124,0.4174800111504737,103.23999769240618,1.0,2.6986290844425547,1
12:05:08.150402,77,-1.1780676477679233,1.657901651073764,1.5341659134326149,0.4174800111504737,111.51999750733376,1.0,0.8253417032236852,1
12:05:08.150402,77,-1.142184441206598,1.6021662687095646,1.5288111832393096,0.5566400148672983,79.75999821722507,1.0,0.40591805026844635,1
12:05:08.150402,77,-1.118275900082652,1.4998952022541503,1.4157280098432394,0.5566400148672983,26.99999939650297,1.0,1.3757784579902728,1
12:05:08.150402,77,-1.2485183274597884,1.7059468680654877,1.6096504504339717,0.4174800111504737,100.3599977567792,1.0,2.5619524515211003,1
12:05:08.150402,77,-1.2120874386240912,1.6507659348506891,1.6008777968781347,0.4174800111504737,106.35999762266874,1.0,0.9450531545701641,1
12:05:08.150402,77,-1.0904460939043834,1.617106990288419,1.462009991157364,0.4174800111504737,95.9999978542328,1.0,0.5705252559856391,1
12:05:08.150402,77,-1.086054221761327,1.5211881054899346,1.410022593616697,0.5566400148672983,32.51999927312136,1.0,1.436897249108686,1
12:05:08.150402,77,-1.0359236885141323,1.5453783249443251,1.3833410105252877,0.5566400148672983,50.23999887704849,1.0,1.7379613706181034,1
12:05:08.150402,77,-0.9837071373294528,1.6516444311669864,1.3691815694451592,0.4174800111504737,66.11999852210283,1.0,1.2760416726314776,1
12:05:08.150402,77,-1.0193489292562965,1.5553046119494958,1.3806812699384123,0.5566400148672983,52.3599988296628,1.0,1.8359865422978436,1
12:05:08.150402,77,-1.2659440905604895,1.6938028461925836,1.612904431287682,0.4174800111504737,94.35999789088964,1.0,2.4141618558517135,1
12:05:08.150402,77,-0.896231832118806,1.592053666511338,1.290257799636234,0.4174800111504737,22.51999949663877,1.0,3.325055121065893,1
12:05:08.150402,77,-0.9146432309459542,1.5905886595184675,1.3107570521010627,0.4174800111504737,27.359999388456345,1.0,3.0110971706028247,1
12:05:08.150402,77,-0.9317450116575742,1.581671214961192,1.3131464741687342,0.4174800111504737,33.11999925971031,1.0,2.8297581685963094,1
12:05:08.150402,77,-1.1067161108840564,1.858176516220859,1.2903000358084982,0.4174800111504737,5.119999885559082,0.5119999885559082,6.942558335662974,1
12:05:08.150402,77,-0.9487536186486452,1.5725890285126132,1.3155800386931398,0.4174800111504737,39.759999111294746,1.0,2.666445971392137,1
12:05:08.150402,77,-1.001243997244822,1.6420577736682858,1.37175030658005,0.4174800111504737,74.87999832630157,1.0,1.11702127835455,1
12:05:08.150402,77,-0.9656673510727182,1.5633430083837672,1.318057502319866,0.4174800111504737,46.11999896913767,1.0,2.5209950637151772,1
12:05:08.150402,77,-1.01868073359931,1.632302205266391,1.3743643032550443,0.4174800111504737,83.3599981367588,1.0,0.9727588274637946,1
12:05:08.150402,77,-0.9858952762792396,1.5746744288428327,1.375491143144304,0.5566400148672983,50.87999886274338,1.0,2.082825147434261,1
12:05:08.150402,77,-1.038353829100226,1.6418114580156806,1.4344759834570942,0.4174800111504737,90.51999797672032,1.0,0.9142138154394481,1
12:05:08.150402,77,-1.072788584392076,1.6214187089070091,1.4399402041122134,0.4174800111504737,94.99999787658452,1.0,0.6495767253136203,1
12:05:08.150402,77,-1.2286974508451969,1.6439677351230726,1.6242935671039649,0.4174800111504737,98.1199978068471,1.0,0.9500879059722298,1
12:05:08.150402,77,-0.966958733708033,1.4945259515256202,1.3449855789514098,0.3480400092958007,10.639999762177467,1.0,4.5470134214988445,1
12:05:08.150402,77,-1.2832432603127435,1.6814911143785491,1.6162033498846813,0.4174800111504737,86.23999807238579,1.0,2.2744348999013733,1
12:05:08.150402,77,-1.7165541344203348,1.2940891846722458,1.9858371178564536,0.3480400092958007,6.999999843537808,0.6999999843537809,2.609598671792254,1
12:05:08.150402,77,-1.666049634361218,1.2560144592713762,1.9862538185405236,0.3480400092958007,6.8799998462200165,0.6879999846220016,3.032315602688021,1
12:05:08.150402,77,-1.6120751283982693,1.2187772943005062,1.9033737165014792,0.5566400148672983,5.639999873936176,0.5639999873936177,4.026975114803103,1
12:05:08.150402,77,-1.7892090117624366,1.2987646312974312,1.9035064253743583,0.4872000130126253,6.519999854266644,0.6519999854266645,3.5037652196337907,1
12:05:08.150402,77,-1.7412823587516384,1.2606879363180827,1.9947869553791429,0.3480400092958007,6.519999854266644,0.6519999854266645,3.0927320511050835,1
12:05:08.150402,77,-1.6900503042378383,1.2235959433086077,1.9949403337125624,0.3480400092958007,6.359999857842922,0.6359999857842922,3.709986921416167,1
12:05:08.150402,77,-1.6357962643688884,1.1874042206382862,1.9117801062533533,0.5566400148672983,5.119999885559082,0.5119999885559082,4.8911686830173355,1
12:05:08.150402,77,-1.814439168876357,1.263954903278126,1.9128336638858785,0.4872000130126253,5.999999865889549,0.5999999865889549,3.9071643312861815,1
12:05:08.150402,77,-1.765314093387364,1.2268156872377682,2.003862997166039,0.3480400092958007,5.879999868571758,0.5879999868571758,3.6914490182238575,1
12:05:08.150402,77,-1.7133749765566857,1.1907202844152127,2.003749339963689,0.3480400092958007,5.759999871253967,0.5759999871253967,4.508334823606776,1
12:05:08.150402,77,-1.7770657622146324,1.2097071641036523,2.008447212123514,0.3480400092958007,5.359999880194664,0.5359999880194664,4.036769000566336,1
12:05:08.150402,77,-1.724780887480326,1.174115128690439,2.008198678030335,0.3480400092958007,5.359999880194664,0.5359999880194664,4.955199270811258,1
12:05:08.150402,77,-1.8509205461958245,1.2108439369116926,1.9270647044330007,0.4872000130126253,5.119999885559082,0.5119999885559082,4.730042244160555,1
12:05:08.150402,77,-1.8000348272203095,1.175153874666321,2.0177057381240866,0.3480400092958007,4.999999888241291,0.4999999888241291,4.8247268782659125,1
12:05:08.150402,77,-1.1919275662429332,1.5738204435095051,1.557350206385185,0.5566400148672983,62.35999860614538,1.0,0.21227374929329768,1
12:05:08.150402,77,-1.763263194931605,1.3330800209005416,1.8943116444422456,0.4872000130126253,7.1199998408555984,0.7119999840855599,3.206063427985095,1
12:05:08.150402,77,-1.599972154086192,1.2342904203570908,1.8992169869025357,0.5566400148672983,5.999999865889549,0.5999999865889549,3.6384470717422195,1
12:05:08.150402,77,-1.838943574547369,1.228664760269088,1.9222896292059288,0.4872000130126253,5.639999873936176,0.5639999873936177,4.42517861452492,1
12:05:08.150402,77,-1.6911393113530386,1.327006072246857,1.9770170644134903,0.3480400092958007,7.759999826550484,0.7759999826550483,2.2339412271583754,1
12:05:08.150402,77,-1.6413825668743414,1.2879628653299533,1.977693268937666,0.3480400092958007,7.639999829232693,0.7639999829232693,2.467772299743107,1
12:05:08.150402,77,-1.2454876439783875,1.6320182394003222,1.6274954248328353,0.4174800111504737,88.2399980276823,1.0,0.8327125291038452,1
12:05:08.150402,77,-1.2082152976321592,1.5622285472743085,1.5604562456201514,0.5566400148672983,54.239998787641525,1.0,0.15249768612938064,1
12:05:08.150402,77,-1.3004141068140684,1.669012903786251,1.6195468763358731,0.4174800111504737,77.11999827623367,1.0,2.142967880346055,1
12:05:08.150402,77,-1.332562448311877,1.6580399758984323,1.6891845222907689,0.4872000130126253,67.75999848544598,1.0,2.29014430313175,1
12:05:08.150402,77,-1.2951042834714044,1.5952051288467348,1.6373594680765464,0.5566400148672983,67.75999848544598,1.0,0.5473032332479579,1
12:05:08.150402,77,-1.3484374122063132,1.6495908168077478,1.713657226426572,0.4872000130126253,58.87999868392944,1.0,2.288401535483464,1
12:05:08.150402,77,-1.3096158327306566,1.5966855890003078,1.701697864408312,0.4174800111504737,58.51999869197607,1.0,0.7675015650076165,1
12:05:08.150402,77,-1.2621532893906515,1.61990716304222,1.6307405779624604,0.4174800111504737,77.87999825924635,1.0,0.7263109224069597,1
12:05:08.150402,77,-1.3248822671584914,1.588336874442995,1.7254902278383053,0.5566400148672983,50.23999887704849,1.0,0.7879409708130075,1
12:05:08.150402,77,-1.7230253868015597,1.383596251230329,1.8807758613207144,0.4872000130126253,8.359999813139439,0.8359999813139438,2.939030365398558,1
12:05:08.150402,77,-1.6781775914229329,1.3432787585557944,1.9726568112583256,0.3480400092958007,8.51999980956316,0.851999980956316,2.0839699651475145,1
12:05:08.150402,77,-1.628802207002651,1.3037567762421978,1.973461303263401,0.3480400092958007,8.359999813139439,0.8359999813139438,2.2256459739900745,1
12:05:08.150402,77,-1.800042810200763,1.3886339154023617,1.8866144403493863,0.4872000130126253,5.119999885559082,0.5119999885559082,4.771523360886545,1
12:05:08.150402,77,-1.365044645973624,1.6364855958944782,1.7171687597869143,0.4872000130126253,50.87999886274338,1.0,2.151635338911449,1
12:05:08.150402,77,-1.7500251461721203,1.3500480416410436,1.8897650769876737,0.4872000130126253,7.759999826550484,0.7759999826550483,3.0941551265357257,1
12:05:08.202977,78,-1.2604492546525978,1.633925764870159,1.6917193893579925,0.5566400148672983,70.35999842733145,1.0,2.857444479408253,1
12:05:08.202977,78,-1.292514161276468,1.6136198247271072,1.7187156817274012,0.5566400148672983,65.87999852746725,1.0,2.4937037517694796,1
12:05:08.202977,78,-1.3087636518518304,1.6010565132082175,1.7220820109031485,0.5566400148672983,60.63999864459038,1.0,2.215125751872541,1
12:05:08.202977,78,-1.3248822671584914,1.588336874442995,1.7254902278383053,0.5566400148672983,54.9999987706542,1.0,1.9534797563068313,1
12:05:08.202977,78,-1.6781775914229329,1.3432787585557944,1.9726568112583256,0.1391600037168245,13.759999692440031,1.0,0.3903298530681062,1
12:05:08.202977,78,-1.6246657607152046,1.4070932998419954,1.9555577564553257,0.1391600037168245,16.99999962002039,1.0,0.5921574844673152,1
12:05:08.202977,78,-1.6517520154458576,1.3754444801046684,1.9640380321453408,0.1391600037168245,15.239999659359457,1.0,0.44828416779297686,1
12:05:08.202977,78,-1.6031541250042014,1.33497611710124,1.965096106091989,0.5566400148672983,11.359999746084211,1.0,0.5492364473568238,1
12:05:08.202977,78,-1.211784388996325,1.6557544552709105,1.6211353249589404,0.5566400148672983,75.63999830931425,1.0,3.105725283926596,1
12:05:08.202977,78,-1.7275529758432142,1.3828007408693908,1.9718523192532504,0.5566400148672983,11.239999748766422,1.0,1.4670683123527126,1
12:05:08.202977,78,-1.3567204378222015,1.5624337184918324,1.7324309575568366,0.5566400148672983,49.23999889940024,1.0,1.481075117281765,1
12:05:08.202977,78,-1.1598420217460206,1.7589842218890654,1.5731903313545292,0.5566400148672983,94.11999789625406,1.0,5.035483679407679,1
12:05:08.202977,78,-1.081862768669244,1.6863079830196344,0.4566983626834715,2.226560059469193,10.239999771118164,1.0,3.8146862068267797,1
12:05:08.202977,78,-1.1186893778073213,1.8385114052198088,1.4844620730898117,0.5566400148672983,99.23999778181314,1.0,6.883935489495689,1
12:05:08.202977,78,-1.1492821986397694,1.8652288444263505,1.3824351527911292,0.5566400148672983,37.87999915331602,1.0,7.50180071164407,1
12:05:08.202977,78,-1.1783420398788498,1.748301368738865,0.3854928674689433,0.6958000185841229,10.87999975681305,1.0,7.0549943155973915,1
12:05:08.202977,78,-1.1020911803644933,1.675760207743135,0.4595246305507543,0.4174800111504737,9.359999790787697,0.9359999790787696,3.9289078087301235,1
12:05:08.202977,78,-1.0615261716035136,1.6966598427198507,0.453924590236638,2.226560059469193,10.87999975681305,1.0,3.7272126902054517,1
12:05:08.202977,78,-1.0880748194302918,1.739093110830578,0.4152574215266607,2.574600068764994,13.759999692440031,1.0,4.446949424118522,1
12:05:08.202977,78,-1.021157250795172,1.6453499535663525,0.3733768085324875,2.226560059469193,11.119999751448631,1.0,5.198933210915966,1
12:05:08.202977,78,-1.0010036581099726,1.6551163219687128,0.3707599180060903,2.226560059469193,10.759999759495258,1.0,5.200075083919899,1
12:05:08.202977,78,-0.9807499658976042,1.6646875365488865,0.3681953187887479,1.1132800297345966,10.119999773800371,1.0,5.234322544310267,1
12:05:08.202977,78,-1.628802207002651,1.3037567762421978,1.973461303263401,0.5566400148672983,10.239999771118164,1.0,0.6721641415469666,1
12:05:08.202977,78,-0.960398199510319,1.6740626401934344,0.3656832673382331,1.1132800297345966,9.119999796152117,0.9119999796152116,5.302735219986973,1
12:05:08.202977,78,-1.038353829100226,1.6418114580156806,1.4344759834570942,0.4174800111504737,31.359999299049377,1.0,6.017898657057209,1
12:05:08.202977,78,-1.7906528003104334,1.4050924860806644,1.9756646553651391,0.5566400148672983,6.7599998489022255,0.6759999848902225,3.700488119045464,1
12:05:08.202977,78,-1.843746467779238,1.3348719223370324,1.9944801987123035,0.5566400148672983,5.999999865889549,0.5999999865889549,3.079689426995003,1
12:05:08.202977,78,-1.6911393113530386,1.327006072246857,1.9770170644134903,0.1391600037168245,12.519999720156193,1.0,0.395715341011052,1
12:05:08.202977,78,-1.8717258764582936,1.04814865401631,2.139470943181954,0.1391600037168245,6.11999986320734,0.611999986320734,4.375584924982569,1
12:05:08.202977,78,-1.8415979734384893,1.1019546194413594,2.125053678198335,0.1391600037168245,6.6399998515844345,0.6639999851584435,2.9512166292075115,1
12:05:08.202977,78,-1.740896055831736,1.3660492791637606,1.9763408598893148,0.5566400148672983,10.359999768435957,1.0,1.3716995532598577,1
12:05:08.202977,78,-1.767024786539198,1.1038672722742684,2.112174473551248,0.1391600037168245,5.359999880194664,0.5359999880194664,4.011638498707409,1
12:05:08.202977,78,-1.8205902395699212,1.1373298195885972,2.1155749218867936,0.1391600037168245,7.1199998408555984,0.7119999840855599,2.205240527748938,1
12:05:08.202977,78,-1.8741556926006449,1.1707923669029263,2.11897537022234,0.6263600167294499,6.6399998515844345,0.6639999851584435,1.6617468660456596,1
12:05:08.202977,78,-1.7459283564358627,1.137800924318472,2.103081978889765,0.1391600037168245,5.759999871253967,0.5759999871253967,3.1633685803798888,1
12:05:08.202977,78,-1.7988542939122911,1.1722921337424566,2.106206798043744,0.1391600037168245,7.879999823868275,0.7879999823868274,1.6096308511682862,1
12:05:08.202977,78,-1.85178023138872,1.206783343166441,2.109331617197723,0.6263600167294499,7.1199998408555984,0.7119999840855599,1.3351781223482706,1
12:05:08.202977,78,-1.9047061688651483,1.2412745525904252,2.112456436351702,0.6263600167294499,4.999999888241291,0.4999999888241291,2.340010393919832,1
12:05:08.202977,78,-1.7241335782999043,1.1713202653038854,2.0941004985419,0.1391600037168245,6.359999857842922,0.6359999857842922,2.4639008600485495,1
12:05:08.202977,78,-1.7763988305536638,1.2068275774440582,2.096953053793649,0.1391600037168245,8.51999980956316,0.851999980956316,1.1541583701498028,1
12:05:08.202977,78,-1.8286640828074232,1.2423348895842312,2.0998056090453985,0.6263600167294499,7.639999829232693,0.7639999829232693,1.1393062554543543,1
12:05:08.202977,78,-1.8957815165574488,1.1343763567036764,2.1287330107467923,3.4095600910659414,6.11999986320734,0.611999986320734,2.1299743379281444,1
12:05:08.202977,78,-1.7129770221592913,1.1879203727512777,2.0896525131571013,0.1391600037168245,6.8799998462200165,0.6879999846220016,2.167110156897356,1
12:05:08.202977,78,-1.8809293350611829,1.2778422017244042,2.102658164297148,0.6263600167294499,5.359999880194664,0.5359999880194664,2.4193445159622144,1
12:05:08.202977,78,-1.8175631345385683,1.370238635473985,1.9850037164883136,0.5566400148672983,6.359999857842922,0.6359999857842922,3.350490648804934,1
12:05:08.202977,78,-1.7670586344794514,1.3321639100731153,1.985420417172384,0.5566400148672983,9.63999978452921,0.963999978452921,1.2448484120614685,1
12:05:08.202977,78,-1.7165541344203348,1.2940891846722458,1.9858371178564536,0.1391600037168245,11.239999748766422,1.0,0.47981091151234145,1
12:05:08.202977,78,-1.666049634361218,1.2560144592713762,1.9862538185405236,0.1391600037168245,8.359999813139439,0.8359999813139438,1.0553781471575392,1
12:05:08.202977,78,-1.6413825668743414,1.2879628653299533,1.977693268937666,0.5566400148672983,9.239999793469906,0.9239999793469906,0.7725354822990358,1
12:05:08.202977,78,-1.7412823587516384,1.2606879363180827,1.9947869553791429,0.1391600037168245,10.239999771118164,1.0,0.6682130379668154,1
12:05:08.202977,78,-1.6900503042378383,1.2235959433086077,1.9949403337125624,0.1391600037168245,7.639999829232693,0.7639999829232693,1.453780087405087,1
12:05:08.202977,78,-1.8691923270487207,1.2990064928828795,2.004090311570739,0.5566400148672983,5.639999873936176,0.5639999873936177,2.897611620760296,1
12:05:08.202977,78,-1.8168311287028571,1.2599414257841255,2.0950879518891274,0.6263600167294499,8.239999815821648,0.8239999815821648,1.0870925249535237,1
12:05:08.202977,78,-1.765314093387364,1.2268156872377682,2.003862997166039,0.1391600037168245,9.359999790787697,0.9359999790787696,0.9692474182537457,1
12:05:08.202977,78,-1.792514413265438,1.2977799293275576,1.994633577045723,0.5566400148672983,8.879999801516533,0.8879999801516533,1.2101828178301222,1
12:05:08.256030,79,-1.1341740243944145,1.8430114847448928,0.4609617063370064,0.8349600223009475,12.639999717473984,1.0,2.518368958055203,1
12:05:08.256030,79,-0.9618128034878504,1.6327123906480776,1.2909814305417813,0.4872000130126253,40.8799990862608,1.0,2.8620637227529757,1
12:05:08.256030,79,-0.9441591413323478,1.6419176047809898,1.2885149008487118,0.4872000130126253,37.11999917030335,1.0,3.0425994588245677,1
12:05:08.256030,79,-0.9779866842194974,1.7225236446603849,1.34430418437061,0.6263600167294499,76.51999828964472,1.0,2.3957569173006075,1
12:05:08.256030,79,-1.0076332971008215,1.7747400935100226,1.3244274720108886,0.6263600167294499,112.519997484982,1.0,2.868393148292941,1
12:05:08.256030,79,-1.128370551032786,1.788316862446499,0.5005122875146841,0.8349600223009475,7.519999831914902,0.7519999831914902,1.3622708980677352,1
12:05:08.256030,79,-1.1559024007204408,1.8319511730067224,0.4639253079352856,0.8349600223009475,11.519999742507936,1.0,2.553267046791979,1
12:05:08.256030,79,-1.1071597118194014,1.7991137342609482,0.4976192744312202,0.8349600223009475,8.51999980956316,0.851999980956316,1.3291728547465014,1
12:05:08.256030,79,-1.1630345600314382,1.812831090879648,0.3409049717460215,0.8349600223009475,11.119999751448631,1.0,2.5863091503027418,1
12:05:08.256030,79,-1.0248947331377691,1.769709984360965,0.4070536549894279,0.8349600223009475,9.999999776482582,0.9999999776482582,1.2090706749565574,1
12:05:08.256030,79,-1.1123322316161606,1.853861366976216,0.4580544891551508,0.8349600223009475,13.35999970138073,1.0,2.4939512117751588,1
12:05:08.256030,79,-1.1613258332221217,1.77057683013189,0.1955874271923283,0.2783200074336491,8.51999980956316,0.851999980956316,2.953863761365845,1
12:05:08.256030,79,-1.0460600690509363,1.7597079575916106,0.4097336899849506,0.8349600223009475,9.999999776482582,0.9999999776482582,1.2414197574301107,1
12:05:08.256030,79,-1.0715835715555064,1.8026442208060651,0.370931744143133,0.8349600223009475,13.639999695122242,1.0,1.4771756045832318,1
12:05:08.256030,79,-1.003626908609946,1.7795070729992748,0.4044285330006165,0.8349600223009475,9.63999978452921,0.963999978452921,1.1936318986640826,1
12:05:08.256030,79,-0.9822587222321012,1.7890982438058836,0.4018585865285167,0.8349600223009475,8.759999804198742,0.8759999804198741,1.195139440027944,1
12:05:08.256030,79,-1.0634416563919786,1.6758958693064585,-0.038605702488371,0.2783200074336491,8.639999806880951,0.8639999806880951,6.849650270855237,1
12:05:08.256030,79,-0.9392298209517116,1.8076590161753396,0.3968852425612232,0.8349600223009475,7.639999829232693,0.7639999829232693,1.2493242458822187,1
12:05:08.256030,79,-0.9827702326176164,1.6448136193172451,1.350160189773881,0.4872000130126253,42.9999990388751,1.0,2.495270254455088,1
12:05:08.256030,79,-1.0671207998335883,1.7495019928855085,0.4124683699859313,0.8349600223009475,9.359999790787697,0.9359999790787696,1.2906805041967209,1
12:05:08.256030,79,-1.0982215666265114,1.824100324876475,1.3967282033717716,0.6263600167294499,113.51999746263029,1.0,5.459593839595346,1
12:05:08.256030,79,-0.9264110640537292,1.6509518402208243,1.2860941847583756,0.3480400092958007,32.75999926775694,1.0,3.239841676587263,1
12:05:08.256030,79,-1.01868073359931,1.632302205266391,1.3743643032550443,0.4872000130126253,41.11999908089638,1.0,2.1327781856370347,1
12:05:08.256030,79,-1.0002903900347906,1.6352360923658795,1.3527264803859869,0.4872000130126253,43.119999036192894,1.0,2.3192770886249647,1
12:05:08.256030,79,-1.8259616368424127,1.1152559824417196,2.2085514227224654,0.6263600167294499,4.999999888241291,0.4999999888241291,5.494087277138305,1
12:05:08.256030,79,-1.8051322719787135,1.1503308246690245,2.19915314707301,0.6263600167294499,5.359999880194664,0.5359999880194664,4.475494451484278,1
12:05:08.256030,79,-1.85178023138872,1.206783343166441,2.109331617197723,0.6263600167294499,5.639999873936176,0.5639999873936177,3.3996944675510177,1
12:05:08.256030,79,-1.8286640828074232,1.2423348895842312,2.0998056090453985,0.6263600167294499,6.11999986320734,0.611999986320734,2.903909881758147,1
12:05:08.256030,79,-1.764904075431074,1.2239308992677016,2.0923702325231144,0.6263600167294499,6.11999986320734,0.611999986320734,2.9652661591392224,1
12:05:08.256030,79,-1.8168311287028571,1.2599414257841255,2.0950879518891274,0.6263600167294499,6.6399998515844345,0.6639999851584435,2.7215251202636246,1
12:05:08.256030,79,-1.8691923270487207,1.2990064928828795,2.004090311570739,0.6263600167294499,5.119999885559082,0.5119999885559082,3.3389260069277893,1
12:05:08.256030,79,-1.7413862655138068,1.2578001914424366,2.0832949830366805,0.6263600167294499,6.6399998515844345,0.6639999851584435,2.434505741277001,1
12:05:08.256030,79,-1.7926213771750457,1.2948072211476278,2.0857456901780083,0.6263600167294499,7.1199998408555984,0.7119999840855599,2.4805270498956293,1
12:05:08.256030,79,-1.7763988305536638,1.2068275774440582,2.096953053793649,0.6263600167294499,5.759999871253967,0.5759999871253967,3.293249519964508,1
12:05:08.256030,79,-1.7171719243396444,1.2912084110834554,2.074343277563308,0.6263600167294499,7.1199998408555984,0.7119999840855599,2.0618058509191584,1
12:05:08.256030,79,-1.7670586344794514,1.3321639100731153,1.985420417172384,0.6263600167294499,7.639999829232693,0.7639999829232693,2.27002070441442,1
12:05:08.256030,79,-1.8175631345385683,1.370238635473985,1.9850037164883136,0.6263600167294499,5.759999871253967,0.5759999871253967,3.452065030713581,1
12:05:08.256030,79,-1.6922707373217696,1.3241421953489358,2.065518696665672,0.6263600167294499,7.639999829232693,0.7639999829232693,1.8366806570583036,1
12:05:08.256030,79,-1.740896055831736,1.3660492791637606,1.9763408598893148,0.6263600167294499,8.359999813139439,0.8359999813139438,2.249783175188368,1
12:05:08.256030,79,-1.800042810200763,1.3886339154023617,1.8866144403493863,0.6263600167294499,6.11999986320734,0.611999986320734,3.3222126960545486,1
12:05:08.256030,79,-1.0532468711761702,1.6122882547410815,1.3797270251356577,0.4872000130126253,37.63999915868044,1.0,1.839575185210419,1
12:05:08.256030,79,-0.9858952762792396,1.5746744288428327,1.375491143144304,0.4872000130126253,11.9999997317791,1.0,3.8605013019587178,1
12:05:08.256030,79,-1.843746467779238,1.3348719223370324,1.9944801987123035,0.6263600167294499,5.359999880194664,0.5359999880194664,3.3198193733704744,1
12:05:08.313158,80,-0.9264110640537292,1.6509518402208243,1.2860941847583756,0.4872000130126253,43.5199990272522,1.0,1.5461876779818196,1
12:05:08.313158,80,-1.0099074662703424,1.795502782558798,1.3854414845542649,0.6958000185841229,112.6399974822998,1.0,1.843058488198844,1
12:05:08.313158,80,-0.9779866842194974,1.7225236446603849,1.34430418437061,0.4872000130126253,104.63999766111374,1.0,0.7067182557239072,1
12:05:08.313158,80,-1.059642811018018,1.844944388537273,1.391143053346878,0.4872000130126253,114.51999744027852,1.0,3.651653143645816,1
12:05:08.313158,80,-0.996272845693746,1.712988624076171,1.3468590854359643,0.4872000130126253,105.639997638762,1.0,0.6016898424607313,1
12:05:08.313158,80,-0.9651517990005456,1.6542214384952734,1.3476393722225906,0.4872000130126253,55.35999876260757,1.0,1.0645797741146623,1
12:05:08.313158,80,-0.969019727897289,1.5841160217655377,1.3729612759454015,0.5566400148672983,9.119999796152117,0.9119999796152116,2.3057555471282773,1
12:05:08.313158,80,-0.9827702326176164,1.6448136193172451,1.350160189773881,0.4872000130126253,57.2399987205863,1.0,1.0067163361330072,1
12:05:08.313158,80,-1.0348748628794098,1.713477159067459,1.411346700431344,0.6958000185841229,89.35999800264835,1.0,0.6659039726517163,1
12:05:08.313158,80,-1.001243997244822,1.6420577736682858,1.37175030658005,0.5566400148672983,55.11999876797199,1.0,0.8712301685234577,1
12:05:08.313158,80,-1.1506627637749278,1.891058104894528,1.4697274260599564,0.6958000185841229,54.239998787641525,1.0,7.628803985588676,1
12:05:08.313158,80,-0.9586887777666688,1.7248099636468608,1.3221880199882872,0.4872000130126253,96.99999783188105,1.0,0.7503677724068007,1
12:05:08.313158,80,-1.0144593807181037,1.7032774524304544,1.3494611860359942,0.6958000185841229,99.87999776750804,1.0,0.5064467502416599,1
12:05:08.313158,80,-0.908570346444853,1.6598141935516058,1.2837195243403534,0.4872000130126253,36.63999918103218,1.0,1.6103999257606214,1
12:05:08.313158,80,-0.8906387725625334,1.6685037785454262,1.2813911570586978,0.4872000130126253,30.35999932140112,1.0,1.687303474075715,1
12:05:08.313158,80,-0.9184815514403688,1.7206638497145836,1.2589263062908551,0.4872000130126253,72.63999837636948,1.0,0.8960130537761192,1
12:05:08.313158,80,-0.9303957410126866,1.8048896071217424,1.294193530263989,0.4872000130126253,101.99999772012234,1.0,1.4932068430114245,1
12:05:08.313158,80,-0.853350367202351,1.6777925274518877,1.258146687688384,0.4872000130126253,25.11999943852425,1.0,2.017517244529891,1
12:05:08.313158,80,-0.880027451460623,1.7302429796260292,1.2349551779868098,0.4872000130126253,60.63999864459038,1.0,1.1289852235378484,1
12:05:08.313158,80,-0.90793692473256,1.7907353058829312,1.231662114377157,0.4872000130126253,93.75999790430068,1.0,1.1128588194431699,1
12:05:08.313158,80,-0.8612908169213246,1.7386529709575227,1.2327017276011834,0.4872000130126253,50.23999887704849,1.0,1.2441610157730523,1
12:05:08.313158,80,-0.8873999202859417,1.7913583629599494,1.2094419069785016,0.4872000130126253,84.51999811083078,1.0,1.1228918096813367,1
12:05:08.313158,80,-0.838527840393602,1.7223530182078914,1.1730454636960743,0.4872000130126253,41.75999906659126,1.0,1.5785373909450477,1
12:05:08.313158,80,-1.0534771257383322,1.7097418929799362,1.4339158468088704,0.6958000185841229,76.99999827891588,1.0,0.6763684915889498,1
12:05:08.313158,80,-0.936973694727387,1.711702614528815,1.2613274620220671,0.4872000130126253,85.35999809205532,1.0,0.8032253050688867,1
12:05:08.313158,80,-1.01868073359931,1.632302205266391,1.3743643032550443,0.5566400148672983,49.87999888509512,1.0,0.8269120012560299,1
12:05:08.313158,80,-0.9441591413323478,1.6419176047809898,1.2885149008487118,0.4872000130126253,50.23999887704849,1.0,1.4948558030298555,1
12:05:08.313158,80,-1.0532468711761702,1.6122882547410815,1.3797270251356577,0.5566400148672983,43.239999033510685,1.0,0.7765620862506436,1
12:05:08.313158,80,-1.8957815165574488,1.1343763567036764,2.1287330107467923,0.6263600167294499,5.239999882876873,0.5239999882876873,4.806036612330227,1
12:05:08.313158,80,-1.960795075636425,1.147910415914988,2.1374732813759145,0.6263600167294499,4.999999888241291,0.4999999888241291,4.358345026643592,1
12:05:08.313158,80,-1.8741556926006449,1.1707923669029263,2.11897537022234,0.6263600167294499,5.639999873936176,0.5639999873936177,3.859860925752482,1
12:05:08.313158,80,-1.927721145631368,1.2042549142172554,2.1223758185578854,0.6263600167294499,5.359999880194664,0.5359999880194664,3.2640010055992232,1
12:05:08.313158,80,-1.85178023138872,1.206783343166441,2.109331617197723,0.6263600167294499,6.11999986320734,0.611999986320734,3.095732440909968,1
12:05:08.313158,80,-1.9047061688651483,1.2412745525904252,2.112456436351702,0.6263600167294499,5.759999871253967,0.5759999871253967,2.7663063317095355,1
12:05:08.313158,80,-1.7763988305536638,1.2068275774440582,2.096953053793649,0.6263600167294499,5.119999885559082,0.5119999885559082,3.2412899491186047,1
12:05:08.313158,80,-1.8286640828074232,1.2423348895842312,2.0998056090453985,0.6263600167294499,6.6399998515844345,0.6639999851584435,2.5034892319814577,1
12:05:08.313158,80,-1.8809293350611829,1.2778422017244042,2.102658164297148,0.6263600167294499,6.239999860525131,0.6239999860525132,2.4414095293568376,1
12:05:08.313158,80,-1.764904075431074,1.2239308992677016,2.0923702325231144,0.6263600167294499,5.359999880194664,0.5359999880194664,2.8804824551670865,1
12:05:08.313158,80,-1.8168311287028571,1.2599414257841255,2.0950879518891274,0.6263600167294499,7.239999838173389,0.723999983817339,2.2686678241865827,1
12:05:08.313158,80,-1.8687581819746404,1.2959519523005492,2.097805671255141,0.6263600167294499,6.7599998489022255,0.6759999848902225,2.340382668791878,1
12:05:08.313158,80,-1.7926213771750457,1.2948072211476278,2.0857456901780083,0.6263600167294499,7.879999823868275,0.7879999823868274,1.915359619731112,1
12:05:08.313158,80,-1.8438564888362847,1.3318142508528183,2.0881963973193365,0.6263600167294499,7.35999983549118,0.735999983549118,2.254469259698035,1
12:05:08.313158,80,-1.7413862655138068,1.2578001914424366,2.0832949830366805,0.6263600167294499,5.759999871253967,0.5759999871253967,2.2752007979873365,1
12:05:08.313158,80,-1.7171719243396444,1.2912084110834554,2.074343277563308,0.6263600167294499,6.11999986320734,0.611999986320734,1.8173095819034661,1
12:05:08.313158,80,-1.106934921099084,1.67843757894893,1.4423038124730887,0.6958000185841229,54.35999878495932,1.0,0.36261650613729973,1
12:05:08.313158,80,-1.0703728158137449,1.6020318739959525,1.382475214073581,0.5566400148672983,36.35999918729067,1.0,0.7712027483409637,1
12:05:08.313158,80,-1.7769283602634958,1.4223227231829876,1.9710478272481748,0.6263600167294499,9.519999787211418,0.9519999787211418,2.351440285768071,1
12:05:08.313158,80,-1.895091600497524,1.3688212805580091,2.0906471044606647,0.6958000185841229,4.999999888241291,0.4999999888241291,3.292529717888101,1
12:05:08.313158,80,-1.841640837290048,1.4410190329195651,2.0713017750200438,0.6958000185841229,5.639999873936176,0.5639999873936177,4.109786782256476,1
12:05:08.313158,80,-1.7918508039672882,1.402060087062689,2.0693740822352527,0.6263600167294499,8.759999804198742,0.8759999804198741,2.5101397773834995,1
12:05:08.313158,80,-1.7275529758432142,1.3828007408693908,1.9718523192532504,0.6263600167294499,10.359999768435957,1.0,1.4406027233137628,1
12:05:08.313158,80,-1.6911393113530386,1.327006072246857,1.9770170644134903,0.6263600167294499,6.6399998515844345,0.6639999851584435,1.4111342051526907,1
12:05:08.313158,80,-1.8687399544098608,1.4051783127013575,2.080905267058662,0.6958000185841229,5.359999880194664,0.5359999880194664,3.634319246581396,1
12:05:08.313158,80,-1.8182172777197885,1.3671883454953906,2.078717937226877,0.6263600167294499,7.999999821186066,0.7999999821186066,2.31455680453358,1
12:05:08.313158,80,-1.7670586344794514,1.3321639100731153,1.985420417172384,0.6263600167294499,8.639999806880951,0.8639999806880951,1.6247114691514182,1
12:05:08.313158,80,-1.740896055831736,1.3660492791637606,1.9763408598893148,0.6263600167294499,9.359999790787697,0.9359999790787696,1.4699019778358975,1
12:05:08.313158,80,-1.071404124363723,1.699479419302211,1.4366656683431624,0.6958000185841229,64.99999854713678,1.0,0.5621160203198129,1
12:05:08.361845,81,-0.9264110640537292,1.6509518402208243,1.2860941847583756,0.6263600167294499,15.75999964773655,1.0,0.5256736020956341,1
12:05:08.361845,81,-1.152407056979762,1.680700951140845,-0.0752289853061429,0.4872000130126253,6.6399998515844345,0.6639999851584435,6.523071137873348,1
12:05:08.361845,81,-1.2648036290278135,1.6700631349336503,-0.1077143560648772,0.4174800111504737,7.1199998408555984,0.7119999840855599,7.475732299105855,1
12:05:08.361845,81,-0.90793692473256,1.7907353058829312,1.231662114377157,0.6958000185841229,56.63999873399735,1.0,1.0132269762339163,1
12:05:08.361845,81,-0.935701892627461,1.7039331089391605,1.2420048865903237,0.5566400148672983,50.87999886274338,1.0,0.5942897042248799,1
12:05:08.361845,81,-1.0177813708100918,1.8368818086771213,1.3018912925567396,0.4872000130126253,66.23999851942062,1.0,0.9549859849571382,1
12:05:08.361845,81,-1.0899285804698435,1.897674950026194,1.373741244998116,0.6958000185841229,100.7599977478385,1.0,1.2515933270331419,1
12:05:08.361845,81,-1.841640837290048,1.4410190329195651,2.0713017750200438,0.6958000185841229,5.359999880194664,0.5359999880194664,2.16916950208744,1
12:05:08.361845,81,-1.7918508039672882,1.402060087062689,2.0693740822352527,0.6958000185841229,6.519999854266644,0.6519999854266645,2.0016577642508104,1
12:05:08.361845,81,-1.8687399544098608,1.4051783127013575,2.080905267058662,0.6958000185841229,4.999999888241291,0.4999999888241291,2.4080775522974194,1
12:05:08.361845,81,-1.8182172777197885,1.3671883454953906,2.078717937226877,0.6958000185841229,5.999999865889549,0.5999999865889549,2.2434888441952374,1
12:05:08.361845,81,-1.8438564888362847,1.3318142508528183,2.0881963973193365,0.6958000185841229,5.639999873936176,0.5639999873936177,2.520404964901055,1
12:05:08.361845,81,-1.8687581819746404,1.2959519523005492,2.097805671255141,0.6958000185841229,5.119999885559082,0.5119999885559082,2.8324422171278525,1
12:05:08.361845,81,-1.1623929920325755,1.9549305197544176,1.45195806279253,0.6958000185841229,25.51999942958355,1.0,1.682486900744767,1
12:05:08.422760,82,-1.1623929920325755,1.9549305197544176,1.45195806279253,0.6958000185841229,46.63999895751476,1.0,6.2591124295156995,1
12:05:08.422760,82,-1.1296099597982814,1.8762351398554349,1.3794860248192475,0.7655200204462744,118.99999734014273,1.0,0.8299542426663846,1
12:05:08.422760,82,-1.0976170963585592,1.8173615878343097,1.3756579190292666,0.7655200204462744,106.87999761104584,1.0,0.6643787517534854,1
12:05:08.422760,82,-1.0662459796189845,1.765419373450884,1.3935023097303052,0.6958000185841229,68.51999846845865,1.0,1.6917006148129805,1
12:05:08.422760,82,-1.0325444706543043,1.6933911008322635,1.3521102259628195,0.6958000185841229,33.2399992570281,1.0,3.401645036329759,1
12:05:08.422760,82,-1.1492821986397694,1.8652288444263505,1.3824351527911292,0.6958000185841229,124.51999721676113,1.0,1.577849143475757,1
12:05:08.422760,82,-1.1826361497425342,1.943604804569247,1.4549927790301014,0.6958000185841229,52.7599988207221,1.0,3.339783377521542,1
12:05:08.422760,82,-1.1936948764087467,2.007574513233592,1.437199934113722,0.6958000185841229,14.119999684393406,1.0,4.708688744668354,1
12:05:08.422760,82,-1.1173471743392902,1.813399860610879,1.399595384130376,0.6958000185841229,102.51999770849945,1.0,0.32468435579956045,1
12:05:08.422760,82,-1.0848147301800957,1.7550304616411336,1.396286010259966,0.6958000185841229,62.5199986025691,1.0,1.1353977110682965,1
12:05:08.422760,82,-1.052897283182123,1.7033939100891853,1.4140484988521544,0.6958000185841229,30.35999932140112,1.0,3.90928479591818,1
12:05:08.422760,82,-1.2351499936738908,1.9841128918181308,1.4434864566251195,0.6958000185841229,18.759999580681324,1.0,2.0771670234066453,1
12:05:08.422760,82,-1.2144831586905058,1.995943809778848,1.4403163717118268,0.6958000185841229,16.639999628067017,1.0,2.852927856463093,1
12:05:08.422760,82,-0.9827702326176164,1.6448136193172451,1.350160189773881,0.7655200204462744,7.239999838173389,0.723999983817339,5.284415319039677,1
12:05:08.422760,82,-1.1406633841372429,1.9394862197978864,1.3592652520469055,0.6958000185841229,39.87999910861254,1.0,2.654828007906371,1
12:05:08.422760,82,-1.0452116241067546,1.7549104736939227,1.3297408026268287,0.6958000185841229,72.51999837905169,1.0,3.067937222334809,1
12:05:08.422760,82,-1.1098247609072018,1.8870508689099972,1.3765879589535237,0.7655200204462744,108.75999756902456,1.0,1.0546553918768664,1
12:05:08.422760,82,-1.1726113060973569,2.0124826510413474,1.4110151934205548,0.6958000185841229,11.759999737143517,1.0,4.769187168174292,1
12:05:08.422760,82,-0.996272845693746,1.712988624076171,1.3468590854359643,0.6958000185841229,34.879999220371246,1.0,3.4540450322589376,1
12:05:08.422760,82,-1.026473783862991,1.764916029047567,1.327059822149995,0.6958000185841229,73.75999835133553,1.0,2.290075464172972,1
12:05:08.422760,82,-1.089328674730322,1.890731811738978,1.352071910481604,0.7655200204462744,96.35999784618616,1.0,1.6113682294357279,1
12:05:08.422760,82,-1.1202143499216688,1.9504055115151155,1.3563394366493542,0.5566400148672983,33.7599992454052,1.0,2.6857775397085533,1
12:05:08.422760,82,-1.1503804127748705,2.00292765181238,1.3390064101517734,0.6958000185841229,9.63999978452921,0.963999978452921,5.731966647239149,1
12:05:08.422760,82,-0.9770552277953364,1.7154609603070552,1.324693077883224,0.6958000185841229,33.11999925971031,1.0,3.7267860061429587,1
12:05:08.422760,82,-1.0669265228634703,1.8791729912092985,1.2846740472914455,0.7655200204462744,83.63999813050032,1.0,6.611127902973816,1
12:05:08.422760,82,-1.0996532952096196,1.9611267380660575,1.3534666926531582,0.5566400148672983,28.519999362528324,1.0,3.7583630834103277,1
12:05:08.422760,82,-0.9586887777666688,1.7248099636468608,1.3221880199882872,0.6958000185841229,30.23999932408333,1.0,4.874245293210226,1
12:05:08.422760,82,-1.0468706937670456,1.8893819326711696,1.2819385696711607,0.7655200204462744,71.99999839067459,1.0,5.126393874656639,1
12:05:08.422760,82,-1.202761044828332,1.932084125039966,1.4580797358062298,0.6958000185841229,56.87999872863293,1.0,1.4533477017941927,1
12:05:08.422760,82,-1.0144593807181037,1.7032774524304544,1.3494611860359942,0.6958000185841229,34.879999220371246,1.0,3.0138742611707663,1
12:05:08.422760,82,-1.1702435684079893,1.8798488949015693,1.4727309248253606,0.6958000185841229,123.51999723911284,1.0,3.3365781925029827,1
12:05:08.422760,82,-1.3404373699910754,1.7934730683316051,1.5901261596551164,0.6958000185841229,44.23999901115894,1.0,4.545931586717323,1
12:05:08.422760,82,-1.1038825863172363,1.750997307282496,1.4195887948817223,0.6958000185841229,55.519998759031296,1.0,1.1977659550895168,1
12:05:08.422760,82,-1.1363610482707496,1.8025151952627807,1.402511921420282,0.6958000185841229,95.11999787390232,1.0,0.7879395093582358,1
12:05:08.422760,82,-1.3776840097063685,1.843308179401116,1.5787370238388336,0.6958000185841229,26.359999410808086,1.0,5.815117785318545,1
12:05:08.422760,82,-1.3219862043867163,1.8063316936546416,1.5866807013840345,0.6958000185841229,52.999998815357685,1.0,3.633231716516512,1
12:05:08.422760,82,-1.3587201428501805,1.8565241064492184,1.5751958268590658,0.6958000185841229,31.119999304413795,1.0,3.7211840097276614,1
12:05:08.422760,82,-1.3953088878809825,1.9065181302604184,1.5637563470950655,0.6958000185841229,13.999999687075617,1.0,6.413905289763894,1
12:05:08.422760,82,-1.2494913513110062,1.758416656518687,1.505923396322251,0.6958000185841229,48.87999890744686,1.0,3.2972337673129575,1
12:05:08.422760,82,-1.3203867064677317,1.8824031534828507,1.568261557105517,0.6958000185841229,36.63999918103218,1.0,2.3748983233222987,1
12:05:08.422760,82,-1.3559431768705812,1.9330940697766827,1.556635345563584,0.6958000185841229,15.999999642372131,1.0,2.7144708462024134,1
12:05:08.422760,82,-1.231165417102824,1.7703974082845069,1.5027131635618818,0.6958000185841229,56.99999872595072,1.0,1.8127287966236705,1
12:05:08.422760,82,-1.2661635387047887,1.8383965209459825,1.5545309441423432,0.6958000185841229,75.99999830126762,1.0,3.0076835742434493,1
12:05:08.422760,82,-1.3010209702529931,1.8950636855853584,1.5648691777529018,0.6958000185841229,42.87999904155731,1.0,3.1499565485044947,1
12:05:08.422760,82,-1.3360559440191562,1.946095535207875,1.553151613400875,0.6958000185841229,17.879999600350857,1.0,2.376798974476106,1
12:05:08.422760,82,-1.2127163673844028,1.7822005490405224,1.4995505215281564,0.6958000185841229,66.11999852210283,1.0,1.202248697593447,1
12:05:08.422760,82,-1.2473771492357646,1.833137821849747,1.4852471191271874,0.6958000185841229,89.87999799102545,1.0,1.2118142892768753,1
12:05:08.422760,82,-1.2846891389601085,1.831511082759281,1.5799339044075371,0.6958000185841229,63.63999857753515,1.0,4.52719803953746,1
12:05:08.422760,82,-1.3163642279066765,1.953173328044705,1.5263904895236844,0.6958000185841229,19.519999563694,1.0,1.894837161645869,1
12:05:08.422760,82,-1.0708144146386365,1.6931370849621734,1.4167968068618446,0.6958000185841229,26.75999940186739,1.0,3.053685032537062,1
12:05:08.422760,82,-1.2818456238034004,1.901955879692232,1.5388098023894523,0.6958000185841229,49.23999889940024,1.0,2.0263953009116484,1
12:05:08.422760,82,-1.2556933146927185,1.9720829424333253,1.4467098718477656,0.6958000185841229,20.119999550282955,1.0,2.368589226191684,1
12:05:08.422760,82,-1.2090521611830642,1.8568658973743588,1.4788892004524232,0.6958000185841229,115.99999740719797,1.0,0.3705323572306667,1
12:05:08.422760,82,-1.1740460006672766,1.7801976334598522,1.4084918940824085,0.6958000185841229,85.87999808043242,1.0,4.422235844274565,1
12:05:08.422760,82,-1.2227656648173213,1.920369633224876,1.4612186244278242,0.6958000185841229,57.51999871432781,1.0,0.5877668446647648,1
12:05:08.422760,82,-1.14049046088318,1.7293176062043911,1.4253978532777487,0.6958000185841229,48.51999891549349,1.0,2.3517059539243204,1
12:05:08.422760,82,-1.106934921099084,1.67843757894893,1.4423038124730887,0.6958000185841229,22.99999948590994,1.0,3.3298224207758302,1
12:05:08.422760,82,-1.2964012101338602,1.947430781113564,1.4533153985650773,0.6958000185841229,20.359999544918537,1.0,6.100100098393847,1
12:05:08.422760,82,-1.2622167274682243,1.9142428594531773,1.5355175160850894,0.6958000185841229,54.63999877870083,1.0,3.5562972213026995,1
12:05:08.422760,82,-1.2282760684983138,1.845094408120604,1.4820433614916784,0.6958000185841229,103.87999767810106,1.0,0.3212930418023636,1
12:05:08.422760,82,-1.1939669236534218,1.787827965975404,1.4751346701077162,0.6958000185841229,75.87999830394983,1.0,0.7040141401299204,1
12:05:08.480970,83,-1.0076332971008215,1.7747400935100226,1.3244274720108886,0.8349600223009475,103.75999768078329,1.0,0.5094010384540906,1
12:05:08.480970,83,-0.9886920478531382,1.7843816846830738,1.3218440154423186,0.8349600223009475,91.11999796330927,1.0,0.6817265077561996,1
12:05:08.480970,83,-1.1536508801437908,1.9005174490402768,0.9336760751541742,0.6263600167294499,7.639999829232693,0.7639999829232693,2.8498980037387183,1
12:05:08.480970,83,-1.124058091674118,1.8517664691551317,0.9610288028218203,0.6263600167294499,15.239999659359457,1.0,2.658509938904263,1
12:05:08.480970,83,-1.0965731357447948,1.931389440058936,1.2647973349317243,0.8349600223009475,64.3599985614419,1.0,0.6963932652945032,1
12:05:08.480970,83,-1.0396209898156843,1.8483301117816584,1.3673599280467903,0.8349600223009475,154.11999655514956,1.0,0.6878724661618921,1
12:05:08.480970,83,-1.0004338903664605,1.8680361851728209,1.3620797015956403,0.8349600223009475,146.23999673128128,1.0,1.1276896840633814,1
12:05:08.480970,83,-1.1747102839289116,1.8892722346748223,0.9366892212621124,0.6263600167294499,9.879999779164793,0.9879999779164793,2.6302380917554418,1
12:05:08.480970,83,-0.996272845693746,1.712988624076171,1.3468590854359643,0.8349600223009475,25.51999942958355,1.0,0.8739004430890296,1
12:05:08.480970,83,-1.1170765983707256,1.920698243961755,1.2676620322920866,0.8349600223009475,70.63999842107296,1.0,0.5194386494646114,1
12:05:08.480970,83,-1.0899285804698435,1.897674950026194,1.373741244998116,0.8349600223009475,98.35999780148268,1.0,1.0481615615913205,1
12:05:08.480970,83,-1.059642811018018,1.844944388537273,1.391143053346878,0.8349600223009475,150.8799966275692,1.0,0.7959597495829596,1
12:05:08.480970,83,-1.0287904749045624,1.785656545759854,1.3880797757530274,0.8349600223009475,106.35999762266874,1.0,0.6429650984561237,1
12:05:08.480970,83,-1.2053878135424474,1.9192651650981296,1.0287198730201876,0.6263600167294499,12.759999714791777,1.0,1.2139881573932505,1
12:05:08.480970,83,-1.164982035061026,1.829655302847326,0.9669534719777068,0.6263600167294499,26.119999416172504,1.0,2.362201777525984,1
12:05:08.480970,83,-1.075960016723999,1.9418820566652173,1.2619858467855818,0.8349600223009475,56.759998731315136,1.0,0.9548586389355543,1
12:05:08.480970,83,-1.144577291752696,1.8408097105571368,0.9639646574398156,0.6263600167294499,20.359999544918537,1.0,2.4676372587193507,1
12:05:08.480970,83,-1.10342648672811,1.8625244829746308,0.9581462017067226,0.6263600167294499,11.359999746084211,1.0,2.9345822684095944,1
12:05:08.480970,83,-0.917926277530264,1.8761115527836223,1.2685724535154836,0.8349600223009475,74.87999832630157,1.0,2.629360819410309,1
12:05:08.480970,83,-0.9505148482242072,1.8031136089003952,1.3168248114756065,0.8349600223009475,74.5199983343482,1.0,1.2395782232095356,1
12:05:08.480970,83,-1.137468354272707,1.9098095374843271,1.270579652399333,0.8349600223009475,74.35999833792448,1.0,0.42424201797502264,1
12:05:08.480970,83,-0.8746790233350257,1.8696395003792816,1.2020311973615143,0.8349600223009475,50.519998870790005,1.0,4.302328263883838,1
12:05:08.480970,83,-0.8978657958188241,1.8848812279624465,1.2662226261334346,0.8349600223009475,61.23999863117933,1.0,3.2773479128842538,1
12:05:08.480970,83,-0.8691863564989212,1.8079015704502668,1.22706242764928,0.8349600223009475,29.23999934643507,1.0,3.6626666307895697,1
12:05:08.480970,83,-0.9450617288802444,1.937493429523179,1.2690471329430122,0.8349600223009475,63.999998569488525,1.0,2.913809713032012,1
12:05:08.480970,83,-0.8916909241394871,1.8224901990947096,1.2894774658585229,0.8349600223009475,36.51999918371439,1.0,2.6505715295072614,1
12:05:08.480970,83,-0.9656207269366748,1.928265465180056,1.2715197585365354,0.8349600223009475,72.23999838531017,1.0,2.299237073045378,1
12:05:08.480970,83,-0.9387890911415094,1.874684887179995,1.2917619882004845,0.8349600223009475,91.35999795794488,1.0,2.059862356122177,1
12:05:08.480970,83,-0.9110888866387632,1.8137833688405685,1.291810453993755,0.8349600223009475,46.23999896645546,1.0,2.1196689106436875,1
12:05:08.480970,83,-1.0514896335609538,1.8396109725366308,0.8676538433200438,0.6263600167294499,7.639999829232693,0.7639999829232693,6.184202914720628,1
12:05:08.480970,83,-0.9860831637294089,1.918839380873598,1.2740454702142383,0.8349600223009475,80.51999820023775,1.0,1.7612551086644888,1
12:05:08.480970,83,-0.9586829396301731,1.8655207248207677,1.2942175181039473,0.8349600223009475,110.35999753326178,1.0,1.5639495558259247,1
12:05:08.480970,83,-0.9312827155309376,1.812202068767937,1.3143895659936558,0.8349600223009475,58.87999868392944,1.0,1.624603638353318,1
12:05:08.480970,83,-1.0618343258407192,1.883439993090554,0.952541907661876,0.6263600167294499,8.879999801516533,0.8879999801516533,3.7412634628827495,1
12:05:08.480970,83,-1.0344130654357635,1.962267374356308,1.256523617372802,0.8349600223009475,49.23999889940024,1.0,1.7152237119567582,1
12:05:08.480970,83,-1.0087184847828246,1.9312683745748984,1.3412101712057858,0.8349600223009475,87.99999803304672,1.0,1.772313533861128,1
12:05:08.480970,83,-0.9784809206280594,1.8561648640523665,1.2967244134413385,0.8349600223009475,129.99999709427357,1.0,1.1416501987983338,1
12:05:08.480970,83,-1.1324761122371851,1.9115586863245355,0.9307175845404168,0.6263600167294499,5.879999868571758,0.5879999868571758,3.1583759525654016,1
12:05:08.480970,83,-1.0789861376771608,1.834615518022108,1.393910665860142,0.7655200204462744,137.87999691814184,1.0,0.7678293138880412,1
12:05:08.480970,83,-1.3622913713224465,1.7074955561545355,0.9996860774516304,0.6263600167294499,11.359999746084211,1.0,6.042891530399217,1
12:05:08.480970,83,-1.2263797291668992,1.907520532123368,1.031866837941175,0.6263600167294499,15.639999650418758,1.0,1.1940244434625322,1
12:05:08.480970,83,-1.2411570802354692,1.881957687970775,1.3746799756917285,0.8349600223009475,56.519998736679554,1.0,2.3656937276279084,1
12:05:08.480970,83,-1.2090521611830642,1.8568658973743588,1.4788892004524232,0.7655200204462744,68.11999847739935,1.0,3.6010523106654375,1
12:05:08.480970,83,-1.1752799931933593,1.7992706450046454,1.4720686135025822,0.7655200204462744,69.51999844610691,1.0,2.7553966533945533,1
12:05:08.480970,83,-1.14049046088318,1.7293176062043911,1.4253978532777487,0.7655200204462744,41.51999907195568,1.0,1.828973627323557,1
12:05:08.480970,83,-1.3294582032272664,1.8457889255484787,1.0484077720703924,0.6263600167294499,15.359999656677246,1.0,2.4443399992975965,1
12:05:08.480970,83,-1.2848934639322496,1.758642058713371,0.9859814133953142,0.6263600167294499,19.519999563694,1.0,3.5342157162914534,1
12:05:08.480970,83,-1.2608914551782058,1.8698736210452276,1.3779178916657124,0.8349600223009475,48.63999891281128,1.0,2.786964353343363,1
12:05:08.480970,83,-1.2652178960347382,1.7709582531857315,0.9826812990326208,0.6263600167294499,24.23999945819378,1.0,3.1233105955087233,1
12:05:08.480970,83,-1.1598420217460206,1.73672985533467,1.4901359046832638,0.974120026017772,33.2399992570281,1.0,3.0942662640405043,1
12:05:08.480970,83,-1.3044405435598525,1.7461364318255388,0.9893322860207538,0.6263600167294499,15.639999650418758,1.0,4.031583481653137,1
12:05:08.480970,83,-1.2804997420318005,1.857599542074971,1.3812067212136283,0.8349600223009475,41.35999907553196,1.0,3.2906703236472974,1
12:05:08.480970,83,-1.3697733217246129,1.8197154825998791,1.0553941300523686,0.6263600167294499,10.87999975681305,1.0,3.5768953026587242,1
12:05:08.480970,83,-1.3431414322831756,1.7205619018303346,0.9961849606797744,0.6263600167294499,13.23999970406294,1.0,5.285901695986439,1
12:05:08.480970,83,-1.2999799799839955,1.8451366784576184,1.3845461354552773,0.8349600223009475,34.99999921768904,1.0,3.8768791636656625,1
12:05:08.480970,83,-1.3921857718144257,1.8160712363188949,1.0815079306633375,0.6263600167294499,8.999999798834324,0.8999999798834324,4.1549682407584925,1
12:05:08.480970,83,-1.0475706053532134,1.77562840845544,1.3907668070453334,0.8349600223009475,97.51999782025814,1.0,0.6291167922630505,1
12:05:08.480970,83,-1.3496832460728605,1.8328495584186568,1.051874865043398,0.6263600167294499,12.999999709427357,1.0,2.965360155728649,1
12:05:08.480970,83,-1.288611319198273,1.871078377637864,1.041631483806016,0.6263600167294499,17.519999608397484,1.0,1.6735822150803623,1
12:05:08.480970,83,-1.1939669236534218,1.787827965975404,1.4751346701077162,0.7655200204462744,57.87999870628119,1.0,3.192737151923272,1
12:05:08.480970,83,-1.1363610482707496,1.8025151952627807,1.402511921420282,0.7655200204462744,83.8799981251359,1.0,1.1324557466490064,1
12:05:08.480970,83,-1.1038825863172363,1.750997307282496,1.4195887948817223,0.7655200204462744,52.23999883234501,1.0,1.2009792435046915,1
12:05:08.480970,83,-1.1852702811418732,1.8183043614571253,0.969994947556544,0.6263600167294499,30.759999312460423,1.0,2.342418467303157,1
12:05:08.480970,83,-1.1577463642922334,1.8987244094881768,1.273549903493897,0.8349600223009475,74.35999833792448,1.0,0.41102864766988617,1
12:05:08.480970,83,-1.1296099597982814,1.8762351398554349,1.3794860248192475,0.7655200204462744,90.8799979686737,1.0,1.0285794045657641,1
12:05:08.480970,83,-1.0982215666265114,1.824100324876475,1.3967282033717716,0.7655200204462744,119.7599973231554,1.0,0.814420499979128,1
12:05:08.480970,83,-1.2472490078458964,1.8955737234248395,1.0350679756840748,0.6263600167294499,17.879999600350857,1.0,1.263851881473877,1
12:05:08.480970,83,-1.2254891782431794,1.795017437513766,0.9762346600213724,0.6263600167294499,31.87999928742647,1.0,2.5605547475445483,1
12:05:08.480970,83,-1.1812172229402482,1.917057828241822,1.3652749214518822,0.8349600223009475,70.75999841839075,1.0,1.595480282067357,1
12:05:08.480970,83,-1.0668331734547416,1.771965509897516,1.4139703819242957,0.7655200204462744,82.11999816447496,1.0,0.8603483605802462,1
12:05:08.480970,83,-1.1700680304176685,1.8736753501808727,1.4508223957429294,0.7655200204462744,76.2399982959032,1.0,2.477108190548504,1
12:05:08.480970,83,-1.1173471743392902,1.813399860610879,1.399595384130376,0.7655200204462744,100.87999774515627,1.0,0.9359103186704708,1
12:05:08.480970,83,-1.0854121500388112,1.7615708767954077,1.4167556154696233,0.7655200204462744,65.99999852478504,1.0,0.9948045100541056,1
12:05:08.480970,83,-1.2679935626690553,1.8834259336734056,1.0383229661377946,0.6263600167294499,18.639999583363533,1.0,1.4236520383857068,1
12:05:08.480970,83,-1.2454158074076245,1.7830837836334918,0.9794322729413444,0.6263600167294499,28.999999351799488,1.0,2.7987905037259373,1
12:05:08.480970,83,-1.201317972177776,1.905550971223352,1.3683581744974016,0.8349600223009475,64.23999856412411,1.0,1.7700755500041767,1
12:05:08.480970,83,-1.1504901629296482,1.884882878778395,1.4478193475060743,0.7655200204462744,83.99999812245369,1.0,2.2740553097681033,1
12:05:08.537099,84,-1.180666182226696,2.0556582133013017,1.3216046018030112,0.7655200204462744,12.23999972641468,1.0,3.058619268893438,1
12:05:08.537099,84,-1.037279909982146,1.8269565423596603,1.3045507596511672,0.8349600223009475,99.23999778181314,1.0,2.040787718076088,1
12:05:08.537099,84,-1.158995560018431,2.0669580057218986,1.3185768315492732,0.7655200204462744,8.999999798834324,0.8999999798834324,3.802132059572091,1
12:05:08.537099,84,-1.0996532952096196,1.9611267380660575,1.3534666926531582,0.7655200204462744,139.99999687075615,1.0,0.7251303344990899,1
12:05:08.537099,84,-1.129265672896393,2.013937588460656,1.33605630651815,0.7655200204462744,62.35999860614538,1.0,1.7650960128815778,1
12:05:08.537099,84,-1.1503804127748705,2.00292765181238,1.3390064101517734,0.7655200204462744,79.35999822616577,1.0,1.224990395931175,1
12:05:08.537099,84,-1.0693345133610266,1.9011574410045184,1.3492783715393164,0.8349600223009475,154.63999654352665,1.0,0.6235592626971264,1
12:05:08.537099,84,-1.1202143499216688,1.9504055115151155,1.3563394366493542,0.7655200204462744,157.63999647647142,1.0,0.37797949834670014,1
12:05:08.537099,84,-1.0475706053532134,1.77562840845544,1.3907668070453334,0.8349600223009475,28.759999357163903,1.0,4.201984822155372,1
12:05:08.537099,84,-1.026473783862991,1.764916029047567,1.327059822149995,0.904680024163099,29.639999337494373,1.0,4.621612153960157,1
12:05:08.537099,84,-1.2022187388059014,2.0441496672223285,1.3246883074309288,0.7655200204462744,16.8799996227026,1.0,2.439403321479823,1
12:05:08.537099,84,-1.1713801155758603,1.99171431633444,1.3420110143375463,0.7655200204462744,99.23999778181314,1.0,0.8064351500107892,1
12:05:08.537099,84,-1.1406633841372429,1.9394862197978864,1.3592652520469055,0.7655200204462744,165.2399963065982,1.0,0.14962028581650186,1
12:05:08.537099,84,-1.1098247609072018,1.8870508689099972,1.3765879589535237,0.7655200204462744,145.5199967473745,1.0,0.4637459125144973,1
12:05:08.537099,84,-1.0783922547489992,1.827870993330336,1.3728419323136751,0.8349600223009475,93.87999790161848,1.0,1.8576966516309283,1
12:05:08.537099,84,-1.1717161719542306,1.9034564775573992,0.8168785954104254,0.6958000185841229,5.759999871253967,0.5759999871253967,7.220363649345584,1
12:05:08.537099,84,-1.056674722032236,1.816843434018963,1.3072605588640256,0.8349600223009475,100.99999774247408,1.0,2.1881418023996235,1
12:05:08.537099,84,-1.0177813708100918,1.8368818086771213,1.3018912925567396,0.904680024163099,89.63999799638987,1.0,2.0055469988516563,1
12:05:08.537099,84,-0.9703969843118178,1.983354260161448,1.2267624288294054,0.974120026017772,53.75999879837036,1.0,3.768577526340771,1
12:05:08.537099,84,-1.0576209157308334,1.9748172865846425,1.325614759097605,0.7655200204462744,118.51999735087156,1.0,1.5500336937302464,1
12:05:08.537099,84,-0.9203328033402346,1.9142858238108709,1.1815796492320847,0.904680024163099,52.87999881803989,1.0,3.7341516332154687,1
12:05:08.537099,84,-1.2476788932394576,1.9140444246098105,0.9157615909970866,0.6958000185841229,11.9999997317791,1.0,5.546004334314736,1
12:05:08.537099,84,-0.9408952520445066,1.9052967078658207,1.183988275590231,0.904680024163099,64.7599985525012,1.0,3.100282889560074,1
12:05:08.537099,84,-0.917926277530264,1.8761115527836223,1.2685724535154836,0.904680024163099,41.35999907553196,1.0,3.4617186358278165,1
12:05:08.537099,84,-0.9924523627318398,1.981846043180117,1.251277528872586,0.7655200204462744,65.23999854177237,1.0,3.102206636762003,1
12:05:08.537099,84,-0.9647010481272172,1.9205137310493516,1.2501377117819676,0.974120026017772,79.75999821722507,1.0,2.460547262006137,1
12:05:08.537099,84,-0.9378949673829904,1.8671485499449605,1.2709740828878613,0.904680024163099,50.87999886274338,1.0,2.997834463771703,1
12:05:08.537099,84,-1.0407753106468554,2.0252659473031605,1.2337811058494048,0.7655200204462744,31.63999929279089,1.0,3.744318790366199,1
12:05:08.537099,84,-1.0134833878286444,1.972158036926428,1.2538734223245298,0.7655200204462744,79.87999821454287,1.0,2.3409029801182593,1
12:05:08.537099,84,-0.9860831637294089,1.918839380873598,1.2740454702142383,0.974120026017772,98.35999780148268,1.0,1.9417409218429293,1
12:05:08.537099,84,-0.9586829396301731,1.8655207248207677,1.2942175181039473,0.904680024163099,62.639998599886894,1.0,2.5544013751306527,1
12:05:08.537099,84,-1.0902346724078793,2.068160195904709,1.21640226951784,0.7655200204462744,5.639999873936176,0.5639999873936177,5.112922759764092,1
12:05:08.537099,84,-1.0622686000040276,2.0151089407527385,1.236502667552108,0.7655200204462744,39.11999912559986,1.0,2.89827413834328,1
12:05:08.537099,84,-1.0344130654357635,1.962267374356308,1.256523617372802,0.7655200204462744,97.75999781489372,1.0,1.6889345396169837,1
12:05:08.537099,84,-1.006446993031911,1.909216119204337,1.27662401540707,0.7655200204462744,119.51999732851982,1.0,1.4753060302620502,1
12:05:08.537099,84,-0.9784809206280594,1.8561648640523665,1.2967244134413385,0.904680024163099,76.11999829858541,1.0,2.2641687849717798,1
12:05:08.537099,84,-1.1340236850768115,2.046674794281795,1.2221592655317584,0.7655200204462744,6.7599998489022255,0.6759999848902225,3.3627563821086457,1
12:05:08.537099,84,-1.086699539024633,2.035342881780254,1.3303207754594124,0.7655200204462744,49.11999890208244,1.0,3.201123206367555,1
12:05:08.537099,84,-1.0468706937670456,1.8893819326711696,1.2819385696711607,0.7655200204462744,140.23999686539173,1.0,0.8715469155427495,1
12:05:08.537099,84,-1.2236510745184457,2.0324335183299453,1.3278276400650455,0.6958000185841229,22.879999488592148,1.0,1.9468201697699057,1
12:05:08.537099,84,-1.0899285804698435,1.897674950026194,1.373741244998116,0.7655200204462744,156.75999649614096,1.0,0.5108642674289793,1
12:05:08.537099,84,-1.1622186316384722,1.9485820041895083,1.4294416811989912,0.7655200204462744,159.63999643176794,1.0,0.3905117091227484,1
12:05:08.537099,84,-1.330531231586916,1.9987002907516207,1.438922973574127,0.6958000185841229,30.35999932140112,1.0,1.9116673467393,1
12:05:08.537099,84,-1.2958826669581056,1.9715189568681395,1.546339428098171,0.6958000185841229,90.11999798566104,1.0,1.876458723534234,1
12:05:08.537099,84,-1.2624060899513698,1.8963639177586613,1.4676509365007278,0.7655200204462744,82.11999816447496,1.0,1.199043304671211,1
12:05:08.537099,84,-1.2282760684983138,1.845094408120604,1.4820433614916784,0.7655200204462744,55.11999876797199,1.0,2.2404048930207106,1
12:05:08.537099,84,-1.192713310668677,1.768766968742504,1.4115547314623729,0.8349600223009475,34.99999921768904,1.0,4.977837585972554,1
12:05:08.537099,84,-1.3803432547002732,1.9762329476940357,1.235148744379465,0.6958000185841229,14.759999670088291,1.0,3.086501402162796,1
12:05:08.537099,84,-1.351222495652097,1.9857483071833115,1.4423934471116366,0.6958000185841229,25.75999942421913,1.0,2.060162714758539,1
12:05:08.537099,84,-1.316035106692678,1.958904257858872,1.549719526510466,0.6958000185841229,71.63999839872122,1.0,2.063647832427692,1
12:05:08.537099,84,-1.2818456238034004,1.901955879692232,1.5388098023894523,0.7655200204462744,66.9999985024333,1.0,1.9144557833799225,1
12:05:08.537099,84,-1.401342411650202,1.9627983259102264,1.2387485404370546,0.6958000185841229,12.639999717473984,1.0,3.549866308229536,1
12:05:08.537099,84,-1.371229945458995,1.9973298921701632,1.5413875507776096,0.6958000185841229,21.239999525249004,1.0,3.13062357192686,1
12:05:08.537099,84,-1.3010209702529931,1.8950636855853584,1.5648691777529018,0.7655200204462744,54.87999877333641,1.0,2.5698542094325507,1
12:05:08.537099,84,-1.4429182404637897,1.935323962500381,1.2461102739252818,0.6958000185841229,10.639999762177467,1.0,4.927847998866531,1
12:05:08.537099,84,-1.3916407443782044,1.983986140500252,1.544962998261564,0.6958000185841229,17.639999605715275,1.0,3.4070423496033104,1
12:05:08.537099,84,-1.3559431768705812,1.9330940697766827,1.556635345563584,0.6958000185841229,45.11999899148941,1.0,2.8506914057860664,1
12:05:08.537099,84,-1.4676015475328212,1.9529651850642535,1.345848418806069,0.6958000185841229,8.879999801516533,0.8879999801516533,5.006247688567661,1
12:05:08.537099,84,-1.4320428263444462,1.9567105430549951,1.5522714725700968,0.6958000185841229,14.6399996727705,1.0,4.397398390456514,1
12:05:08.537099,84,-1.3953088878809825,1.9065181302604184,1.5637563470950655,0.6958000185841229,36.35999918729067,1.0,4.202157250148189,1
12:05:08.537099,84,-1.1936948764087467,2.007574513233592,1.437199934113722,0.7655200204462744,118.11999735981226,1.0,1.4095614959154688,1
12:05:08.537099,84,-1.3532137569785396,1.9544116277683692,1.1369071169682097,0.6958000185841229,16.639999628067017,1.0,3.422871507579627,1
12:05:08.537099,84,-1.1740460006672766,1.7801976334598522,1.4084918940824085,0.8349600223009475,43.239999033510685,1.0,4.136441404704018,1
12:05:08.537099,84,-1.3360559440191562,1.946095535207875,1.553151613400875,0.6958000185841229,56.63999873399735,1.0,2.387677858833621,1
12:05:08.537099,84,-1.242648009264263,1.9084625005633444,1.4644091310086518,0.7655200204462744,100.6399977505207,1.0,0.8207316404749834,1
12:05:08.537099,84,-1.1296099597982814,1.8762351398554349,1.3794860248192475,0.7655200204462744,125.75999718904497,1.0,0.5345689065015415,1
12:05:08.537099,84,-1.2090521611830642,1.8568658973743588,1.4788892004524232,0.7655200204462744,67.99999848008156,1.0,1.6920907055683916,1
12:05:08.537099,84,-1.0976170963585592,1.8173615878343097,1.3756579190292666,0.8349600223009475,81.1199981868267,1.0,2.1307159893079946,1
12:05:08.537099,84,-1.0662459796189845,1.765419373450884,1.3935023097303052,0.8349600223009475,26.75999940186739,1.0,4.631838468482851,1
12:05:08.537099,84,-1.2900154554742975,1.8895313629437311,0.9223298460745268,0.6958000185841229,14.6399996727705,1.0,6.524643014943244,1
12:05:08.537099,84,-1.2144831586905058,1.995943809778848,1.4403163717118268,0.7655200204462744,128.75999712198973,1.0,1.0869812083302102,1
12:05:08.537099,84,-1.1826361497425342,1.943604804569247,1.4549927790301014,0.7655200204462744,143.2399967983365,1.0,0.4587162782326379,1
12:05:08.537099,84,-1.1492821986397694,1.8652288444263505,1.3824351527911292,0.7655200204462744,103.99999767541884,1.0,0.7252682444698416,1
12:05:08.537099,84,-1.1173471743392902,1.813399860610879,1.399595384130376,0.8349600223009475,66.87999850511551,1.0,2.348950098820869,1
12:05:08.537099,84,-1.0848147301800957,1.7550304616411336,1.396286010259966,0.8349600223009475,23.9999994635582,1.0,5.1756029414321745,1
12:05:08.537099,84,-1.2464565446581122,2.048490509453567,1.4255817246819715,0.6958000185841229,29.23999934643507,1.0,2.6893407803122775,1
12:05:08.537099,84,-1.3005194038284662,1.931738491842256,1.013654580295035,0.6958000185841229,16.759999625384808,1.0,4.309290853437883,1
12:05:08.537099,84,-1.2676674700942336,2.036348121956528,1.4288352676059892,0.6958000185841229,33.2399992570281,1.0,2.2937885913556526,1
12:05:08.537099,84,-1.2351499936738908,1.9841128918181308,1.4434864566251195,0.7655200204462744,125.35999719798563,1.0,0.891520916758823,1
12:05:08.537099,84,-1.202761044828332,1.932084125039966,1.4580797358062298,0.7655200204462744,121.87999727576972,1.0,0.4526149365168909,1
12:05:08.537099,84,-1.1700680304176685,1.8736753501808727,1.4508223957429294,0.7655200204462744,84.23999811708927,1.0,0.9242102631519227,1
12:05:08.537099,84,-1.1363610482707496,1.8025151952627807,1.402511921420282,0.8349600223009475,53.87999879568815,1.0,2.8237755117725074,1
12:05:08.537099,84,-1.3320344337717618,1.9673804884397168,1.1334321212245702,0.6958000185841229,17.519999608397484,1.0,3.0542679155705867,1
12:05:08.537099,84,-1.2556933146927185,1.9720829424333253,1.4467098718477656,0.7655200204462744,109.9999975413084,1.0,0.825375507105345,1
12:05:08.537099,84,-1.3097069155132963,2.011451767798276,1.4355062255971718,0.6958000185841229,33.359999254345894,1.0,1.9026381913387655,1
12:05:08.598601,85,-1.1215599975591564,2.0530018592291563,-0.0233946106735743,0.904680024163099,150.3599966391921,1.0,0.5692997870132132,1
12:05:08.598601,85,-1.1517622971301018,2.1082867992297705,-0.0240246001894688,0.7655200204462744,174.9999960884452,1.0,0.33707233635172384,1
12:05:08.598601,85,-1.1819071329593234,2.1634665525539214,0.0493117136392109,0.7655200204462744,58.87999868392944,1.0,0.8352697873504322,1
12:05:08.598601,85,-1.2119216506102972,2.218407760046538,0.0758586219201389,0.7655200204462744,8.999999798834324,0.8999999798834324,1.7491955837797297,1
12:05:08.598601,85,-1.2427287470283066,2.2747997732792395,-0.0259220686123416,0.7655200204462744,10.639999762177467,1.0,2.9482929250690226,1
12:05:08.598601,85,-1.0699234080875812,2.0059002867849305,-0.1137650869152045,0.904680024163099,88.63999801874161,1.0,1.4263833567767616,1
12:05:08.598601,85,-1.0396209898156843,1.949089089794184,-0.1327003496794152,0.904680024163099,40.51999909430742,1.0,2.786855820625688,1
12:05:08.598601,85,-1.1899748686422689,2.2309736493595773,0.0505766293393752,0.7655200204462744,6.999999843537808,0.6999999843537809,1.7809459971269295,1
12:05:08.598601,85,-1.1008090965553927,2.0638050030354806,-0.0467868819056814,0.904680024163099,138.9999968931079,1.0,0.6974682433854625,1
12:05:08.598601,85,-1.130622193356013,2.1196988165274235,-0.0240246001894688,0.904680024163099,147.87999669462442,1.0,0.4854327913044445,1
12:05:08.598601,85,-1.0899285804698435,1.9951009370887989,-0.1137650869152045,0.904680024163099,96.11999785155058,1.0,1.2463213396886943,1
12:05:08.598601,85,-1.1603877932435331,2.1755035824568134,-0.0246570896637597,0.7655200204462744,47.63999893516302,1.0,0.7639747029429367,1
12:05:08.598601,85,-1.0590595748174425,1.938595599759672,-0.1327003496794152,0.904680024163099,44.359999008476734,1.0,2.581049017855474,1
12:05:08.598601,85,-1.0481475144471202,1.8738378667838491,-0.1074427218433656,0.904680024163099,6.359999857842922,0.6359999857842922,4.224064360203504,1
12:05:08.598601,85,-1.2654142292044952,2.262258954171387,-0.0259220686123416,0.7655200204462744,11.759999737143517,1.0,2.9542180373029345,1
12:05:08.598601,85,-1.2340447624073003,2.206177826338529,0.0758586219201389,0.7655200204462744,11.639999739825726,1.0,1.6593487718124085,1
12:05:08.598601,85,-1.203181444407197,2.151001571883838,0.0739614064846115,0.7655200204462744,73.35999836027622,1.0,0.794525896475188,1
12:05:08.598601,85,-1.1726113060973569,2.096349452818313,0.0480467979390466,0.7655200204462744,201.6399954929948,1.0,0.3934901496336368,1
12:05:08.598601,85,-1.1420335959972676,2.041683797197014,-0.0233946106735743,0.904680024163099,156.87999649345875,1.0,0.41491687166815916,1
12:05:08.598601,85,-1.1098247609072018,1.984102078970456,-0.1137650869152045,0.8349600223009475,95.3599978685379,1.0,1.0976532668082988,1
12:05:08.598601,85,-1.0789861376771608,1.9289699728771523,-0.1106039043792851,0.904680024163099,44.23999901115894,1.0,2.383026517273463,1
12:05:08.598601,85,-1.2874579989452974,2.2485921443320613,0.0777558373556663,0.7655200204462744,12.23999972641468,1.0,3.055507286297079,1
12:05:08.598601,85,-1.2560444707619471,2.193727276696223,0.0758586219201389,0.7655200204462744,15.239999659359457,1.0,1.598801885739885,1
12:05:08.598601,85,-1.2246309425785966,2.1388624090603843,0.0739614064846115,0.7655200204462744,91.35999795794488,1.0,0.6959887473357022,1
12:05:08.598601,85,-1.1932174143952463,2.0839975414245453,0.0720641910490841,0.7655200204462744,222.6399950236082,1.0,0.34706787108453085,1
12:05:08.598601,85,-1.219918993018574,2.2871131143155936,-0.0259220686123416,0.7655200204462744,9.359999790787697,0.9359999790787696,2.9713427461801554,1
12:05:08.598601,85,-1.1622186316384722,2.029857041736136,0.0467868819056814,0.7655200204462744,157.11999648809433,1.0,0.4611794637455017,1
12:05:08.598601,85,-0.9924523627318398,2.108099911860472,-0.2102708711488534,0.904680024163099,82.35999815911055,1.0,1.73895495752692,1
12:05:08.598601,85,-1.0295941001893116,2.026896161265538,-0.1137650869152045,0.904680024163099,76.2399982959032,1.0,1.8823422177341904,1
12:05:08.598601,85,-1.1307972473892167,1.974978453195931,-0.0455219662055171,0.7655200204462744,86.5199980661273,1.0,0.9745170028272636,1
12:05:08.598601,85,-0.997478661673712,2.174951944840227,-0.2159332198910537,0.904680024163099,59.99999865889549,1.0,1.5230399110649602,1
12:05:08.598601,85,-0.9713220932302392,2.117918865745561,-0.2102708711488534,0.904680024163099,70.99999841302633,1.0,2.0363936301694916,1
12:05:08.598601,85,-0.9450617288802444,2.0606594649084564,-0.2045860527687871,0.904680024163099,33.7599992454052,1.0,3.0861006556550867,1
12:05:08.598601,85,-1.019177944630581,2.1648685780058914,-0.2159332198910537,0.904680024163099,71.23999840766191,1.0,1.2691577549916782,1
12:05:08.598601,85,-0.9656207269366748,2.051105973230348,-0.2045860527687871,0.904680024163099,41.35999907553196,1.0,2.7476531500875865,1
12:05:08.598601,85,-0.9387890911415094,1.994112034600224,-0.1989012343887209,0.904680024163099,17.999999597668648,1.0,4.2944514971008685,1
12:05:08.598601,85,-1.0436987398458275,2.1606206847594,-0.1200749571944114,0.904680024163099,85.23999809473753,1.0,1.0978997152355638,1
12:05:08.598601,85,-1.0177813708100918,1.9549754078800263,-0.1989012343887209,0.904680024163099,34.35999923199415,1.0,3.123686280193023,1
12:05:08.598601,85,-1.0163301568654797,2.103963409779236,-0.116926269451124,0.904680024163099,95.51999786496162,1.0,1.5124568599371186,1
12:05:08.598601,85,-0.9586829396301731,1.9846245955963049,-0.1989012343887209,0.904680024163099,22.51999949663877,1.0,3.9517604525334846,1
12:05:08.598601,85,-1.1493862801544756,2.319889323581849,-0.1295585048021698,0.7655200204462744,6.6399998515844345,0.6639999851584435,3.002353654798077,1
12:05:08.598601,85,-1.0946103412318453,2.209331090818968,-0.0246570896637597,0.7655200204462744,32.87999926507473,1.0,1.2766091211714352,1
12:05:08.598601,85,-1.0652524016090763,2.1500758414139813,-0.1200749571944114,0.904680024163099,102.51999770849945,1.0,0.8675414777732673,1
12:05:08.598601,85,-1.0373186237521057,2.0936950805361123,-0.116926269451124,0.904680024163099,109.8799975439906,1.0,1.241165348489717,1
12:05:08.598601,85,-1.0087184847828246,2.035969354908976,-0.1364930731847126,0.904680024163099,62.87999859452248,1.0,2.135767479525921,1
12:05:08.598601,85,-0.9784809206280594,1.974938695795546,-0.1989012343887209,0.904680024163099,27.99999937415123,1.0,3.6426809882673976,1
12:05:08.598601,85,-1.1725273173929678,2.3082796591062453,-0.1295585048021698,0.7655200204462744,7.999999821186066,0.7999999821186066,2.9417096092148176,1
12:05:08.598601,85,-1.1166485533676993,2.1982747044563946,-0.0246570896637597,0.7655200204462744,39.23999912291765,1.0,1.0741899299191344,1
12:05:08.598601,85,-1.0880049272902357,2.1418858268098906,-0.0240246001894688,0.974120026017772,123.35999724268912,1.0,0.8761403486578401,1
12:05:08.598601,85,-1.058203359645423,2.083217383539034,-0.116926269451124,0.904680024163099,124.87999720871449,1.0,1.002705520664711,1
12:05:08.598601,85,-0.9860831637294089,2.0413473726733344,-0.2045860527687871,0.904680024163099,50.99999886006117,1.0,2.4431064733232115,1
12:05:08.598601,85,-1.0982215666265114,1.9180838438810677,-0.1106039043792851,0.904680024163099,39.87999910861254,1.0,2.2309688130839422,1
12:05:08.598601,85,-1.2738784500195048,2.031867661154008,0.14406352919331,0.7655200204462744,208.2399953454733,1.0,0.2797186992960828,1
12:05:08.598601,85,-1.2779185757218323,2.1810573561641537,0.0758586219201389,0.7655200204462744,19.999999552965164,1.0,1.5670633765445625,1
12:05:08.598601,85,-1.2984190150790844,1.9392250076658888,0.1636312954667584,0.7655200204462744,83.75999812781811,1.0,0.4058364128923301,1
12:05:08.598601,85,-1.4244837304529028,2.082162155401874,0.1768854653709904,0.7655200204462744,32.87999926507473,1.0,2.003107918101961,1
12:05:08.598601,85,-1.3888575556995828,2.0300875186564533,0.1724615801654881,0.7655200204462744,79.35999822616577,1.0,0.9149607615787865,1
12:05:08.598601,85,-1.3532313809462628,1.978012881911033,0.1680376949599859,0.7655200204462744,107.7599975913763,1.0,0.3896952740350833,1
12:05:08.598601,85,-1.3177460211129166,1.9261440737693492,0.1636312954667584,0.7655200204462744,72.11999838799238,1.0,0.426054757440968,1
12:05:08.598601,85,-1.462096893403538,2.0480158151977306,0.2524787170674081,0.7655200204462744,28.999999351799488,1.0,2.256419715457442,1
12:05:08.598601,85,-1.4255300177579178,1.996795174505261,0.2461642533052438,0.7655200204462744,64.87999854981899,1.0,1.2011665908518232,1
12:05:08.598601,85,-1.3889631421122974,1.945574533812791,0.2398497895430795,0.7655200204462744,89.51999799907207,1.0,0.7067825587837523,1
12:05:08.598601,85,-1.3560027931791017,1.8994056949388616,0.1636312954667584,0.7655200204462744,62.23999860882759,1.0,0.549774555749797,1
12:05:08.598601,85,-1.4454263603554098,1.982440273311178,0.2461642533052438,0.7655200204462744,53.23999880999327,1.0,1.3171761466193102,1
12:05:08.598601,85,-1.4068656594614748,1.929553257745441,0.2637423744170972,0.7655200204462744,74.63999833166599,1.0,0.865597528464057,1
12:05:08.598601,85,-1.501179164870318,2.016240233145183,0.2776293298234502,0.7655200204462744,21.7599995136261,1.0,2.5521635207049997,1
12:05:08.598601,85,-1.463634846096871,1.9658142961161469,0.2706858521202737,0.7655200204462744,44.11999901384115,1.0,1.4815080632894193,1
12:05:08.598601,85,-1.333383921234238,1.9914460700650989,0.1680376949599859,0.7655200204462744,129.759997099638,1.0,0.34272045492096315,1
12:05:08.598601,85,-1.426090527323424,1.9153883590871104,0.2637423744170972,0.7655200204462744,62.639998599886894,1.0,0.9721324194862895,1
12:05:08.598601,85,-1.5026557929085766,1.936150401586078,0.2706858521202737,0.7655200204462744,36.999999172985554,1.0,1.8163380165288583,1
12:05:08.598601,85,-1.4641105312634513,1.8864853857084265,0.2637423744170972,0.7655200204462744,52.999998815357685,1.0,1.2640209248964465,1
12:05:08.598601,85,-1.5219418416413932,1.9210272877252,0.2706858521202737,0.7655200204462744,31.359999299049377,1.0,2.021475154856261,1
12:05:08.598601,85,-1.3098791727619294,2.2356053505403435,0.0777558373556663,0.7655200204462744,12.11999972909689,1.0,3.0630918949976413,1
12:05:08.598601,85,-1.5412010545537018,1.9858154174637297,0.2776293298234502,0.7655200204462744,18.759999580681324,1.0,2.931743704996863,1
12:05:08.598601,85,-1.3684875770169918,2.0438743589024004,0.1724615801654881,0.7655200204462744,96.75999783724546,1.0,0.8397403988805794,1
12:05:08.598601,85,-1.4825036055313114,2.033292690339235,0.2524787170674081,0.7655200204462744,25.11999943852425,1.0,2.397594450999403,1
12:05:08.598601,85,-1.247190041112413,1.9036174265437995,0.0455219662055171,0.7655200204462744,31.999999284744263,1.0,0.7039306706919713,1
12:05:08.598601,85,-1.245957978681735,2.1265093617879645,0.0739614064846115,0.7655200204462744,111.23999751359224,1.0,0.6268847968335634,1
12:05:08.598601,85,-1.2139973816416378,2.071961367411775,0.0720641910490841,0.7655200204462744,231.9999948143959,1.0,0.24255615586463614,1
12:05:08.598601,85,-1.1821631110720547,2.017628977756441,0.070174474488796,0.7655200204462744,151.11999662220478,1.0,0.4123053281457683,1
12:05:08.598601,85,-1.4035912327997453,2.0963026477397024,0.1768854653709904,0.7655200204462744,35.879999198019505,1.0,1.8982563808863797,1
12:05:08.598601,85,-1.1173471743392902,1.9070059081075663,-0.1106039043792851,0.904680024163099,33.639999248087406,1.0,2.1098767535049725,1
12:05:08.598601,85,-1.3321693597587032,2.222394998086563,0.0777558373556663,0.7655200204462744,11.519999742507936,1.0,3.0982849096976435,1
12:05:08.598601,85,-1.2979102106978728,2.165242083591305,0.1516489762039047,0.7655200204462744,25.63999942690134,1.0,1.701459647069982,1
12:05:08.598601,85,-1.26716042003087,2.113943665360958,0.0739614064846115,0.7655200204462744,128.35999713093042,1.0,0.5867637033226482,1
12:05:08.598601,85,-1.2346559501669532,2.0597179989981558,0.0720641910490841,0.7655200204462744,226.63999493420124,1.0,0.16760979906088727,1
12:05:08.598601,85,-1.2022799564685065,2.0057066633324387,0.070174474488796,0.7655200204462744,139.99999687075615,1.0,0.3045480397507372,1
12:05:08.598601,85,-1.1702435684079893,1.95226187565518,-0.0227621211992834,0.7655200204462744,60.23999865353108,1.0,0.7824799281421425,1
12:05:08.598601,85,-1.1363610482707496,1.8957372733409457,-0.1106039043792851,0.904680024163099,27.239999391138557,1.0,2.019394721015076,1
12:05:08.598601,85,-1.3763478706140466,2.195308923513105,0.0777558373556663,0.7655200204462744,10.639999762177467,1.0,3.2495462496448626,1
12:05:08.598601,85,-1.340952591092332,2.138852576507174,0.1516489762039047,0.7655200204462744,31.119999304413795,1.0,1.6975826478910698,1
12:05:08.598601,85,-1.3074155205559184,2.085360118830591,0.1478562526986074,0.7655200204462744,135.87999696284533,1.0,0.7095827525822918,1
12:05:08.598601,85,-1.1506627637749278,1.963866503762104,-0.0227621211992834,0.7655200204462744,73.63999835401773,1.0,0.8793624040660784,1
12:05:08.598601,85,-1.2421509666511954,1.981261539804768,0.070174474488796,0.7655200204462744,126.11999718099833,1.0,0.1777275313061389,1
12:05:08.598601,85,-1.2789621682315604,1.952112020686347,0.1636312954667584,0.7655200204462744,96.87999783456326,1.0,0.41378659071714086,1
12:05:08.598601,85,-1.3134031242471995,2.004680115280594,0.1680376949599859,0.7655200204462744,155.2399965301156,1.0,0.3232836085438757,1
12:05:08.598601,85,-1.3825583771992378,2.110233511569041,0.1768854653709904,0.7655200204462744,36.35999918729067,1.0,1.819456710206764,1
12:05:08.598601,85,-1.1939669236534218,1.8627543487876368,-0.0442570505053528,0.904680024163099,17.519999608397484,1.0,1.7960742956483111,1
12:05:08.598601,85,-1.2282760684983138,1.9162813833284689,-0.0227621211992834,0.7655200204462744,39.35999912023544,1.0,0.6703713049169893,1
12:05:08.598601,85,-1.260197450053073,1.9660831752646224,0.1402857966900099,0.7655200204462744,111.23999751359224,1.0,0.3526298391936775,1
12:05:08.598601,85,-1.3479807507232189,2.057456813424817,0.1724615801654881,0.7655200204462744,115.23999742418528,1.0,0.7913516712866864,1
12:05:08.598601,85,-1.327339127483713,2.0708335239896303,0.1724615801654881,0.7655200204462744,130.35999708622694,1.0,0.7701569827014906,1
12:05:08.598601,85,-1.3613872669193186,2.1239533538151782,0.1768854653709904,0.7655200204462744,34.759999223053455,1.0,1.7670929304194833,1
12:05:08.598601,85,-1.1740460006672766,1.8726324332015436,-0.1106039043792851,0.904680024163099,21.87999951094389,1.0,1.9288872979176472,1
12:05:08.598601,85,-1.189707349664641,1.9404620229962968,-0.0227621211992834,0.7655200204462744,48.75999891012907,1.0,0.7155893801968782,1
12:05:08.598601,85,-1.2932909880481072,2.0177136941640827,0.1680376949599859,0.7655200204462744,182.63999591767788,1.0,0.3317261348136573,1
12:05:08.642183,86,-1.0295941001893116,1.928386778211157,1.3655120354378718,0.8349600223009475,38.35999914258719,1.0,1.5360397061565048,1
12:05:08.642183,86,-1.1222395953009885,2.207549549651683,1.487023505271797,0.7655200204462744,28.359999366104603,1.0,3.5043222968217664,1
12:05:08.642183,86,-1.0593155946312207,2.002239114098769,1.4150643019306168,0.8349600223009475,84.11999811977148,1.0,0.4323294220054254,1
12:05:08.642183,86,-1.0878417251983363,2.081027925443008,1.4921319534022026,0.7655200204462744,83.3599981367588,1.0,0.42068125984040583,1
12:05:08.642183,86,-1.1448340778642223,2.196600333597748,1.4899573388712029,0.7655200204462744,32.35999927669764,1.0,2.697266435899258,1
12:05:08.642183,86,-0.980689294596108,1.877604354940912,1.3595159182332364,0.8349600223009475,5.879999868571758,0.5879999868571758,3.3859442085001854,1
12:05:08.642183,86,-1.0087184847828246,1.9312683745748984,1.3412101712057858,0.8349600223009475,37.75999915599823,1.0,1.5379242289547872,1
12:05:08.642183,86,-1.0373186237521057,1.9920914052574616,1.3451697350853231,0.8349600223009475,79.23999822884798,1.0,0.602918834462811,1
12:05:08.642183,86,-1.066532026689449,2.073090513917627,1.419644974639118,0.904680024163099,77.99999825656414,1.0,0.6357600111129134,1
12:05:08.642183,86,-1.0232684264977048,2.093277108652624,1.4142359928819412,0.904680024163099,62.23999860882759,1.0,1.8634745883766821,1
12:05:08.642183,86,-1.0163301568654797,2.0020098496662344,1.3425120959158194,0.904680024163099,69.75999844074249,1.0,0.910308698525875,1
12:05:08.642183,86,-1.0449524737795346,2.0832882857253208,1.4169124899186496,0.904680024163099,70.63999842107296,1.0,1.169914368305006,1
12:05:08.642183,86,-0.9678000762028888,1.950360713805645,1.3360943943272865,0.8349600223009475,30.879999309778214,1.0,1.9154187461680456,1
12:05:08.642183,86,-0.9952400578146487,2.011725068518139,1.3399089108701598,0.904680024163099,58.75999868661165,1.0,1.3717621632812584,1
12:05:08.642183,86,-0.928772282762698,2.0096845380240573,1.2438182266606543,0.904680024163099,32.119999282062054,1.0,3.70137020453673,1
12:05:08.642183,86,-0.9471946776953514,1.959609505122298,1.333616188163025,0.8349600223009475,26.519999407231808,1.0,2.325933392674484,1
12:05:08.642183,86,-0.9735143101453156,2.0140610377742414,1.3150994276583845,0.904680024163099,48.239998921751976,1.0,1.992751442289283,1
12:05:08.642183,86,-1.0002804751055434,2.0756656152786417,1.319516331581904,0.904680024163099,53.99999879300594,1.0,2.6213892516528343,1
12:05:08.642183,86,-0.9244082254426996,1.946522351114264,1.2666278406941571,0.904680024163099,22.359999500215054,1.0,2.973791165017828,1
12:05:08.642183,86,-0.9522390002511054,2.023361789360612,1.3126072987818136,0.904680024163099,39.23999912291765,1.0,2.745921178426361,1
12:05:08.642183,86,-0.9784202139186056,2.0852220851925405,1.3169556831859826,0.904680024163099,46.51999896019697,1.0,3.5918090398908005,1
12:05:08.642183,86,-1.219431041708549,2.2284226731823527,1.483394710627747,0.7655200204462744,11.9999997317791,1.0,3.6717605908094026,1
12:05:08.642183,86,-0.9883086955136294,1.940913355380536,1.3386258063879015,0.8349600223009475,34.879999220371246,1.0,1.6521032083931089,1
12:05:08.642183,86,-1.1896773476635818,2.174049933639954,1.4959997003288923,0.7655200204462744,35.999999195337296,1.0,1.60854434049546,1
12:05:08.642183,86,-1.1723181264070937,2.043063386608708,1.5271691559262404,0.7655200204462744,79.35999822616577,1.0,0.5972439517512542,1
12:05:08.642183,86,-1.1009742440609331,1.9877266517838987,1.4431703657003658,0.8349600223009475,82.35999815911055,1.0,0.5797385920972404,1
12:05:08.642183,86,-1.130169959573648,2.0653044545551555,1.521209679731184,0.7655200204462744,85.51999808847904,1.0,0.21742201286770962,1
12:05:08.642183,86,-1.3579115262803036,2.111689832183714,1.6955596166417453,0.7655200204462744,28.999999351799488,1.0,5.129519168545049,1
12:05:08.642183,86,-1.3366586776797145,2.1247037150958032,1.6920725572250577,0.7655200204462744,32.63999927043915,1.0,4.0996208975576,1
12:05:08.642183,86,-1.2970656467911554,2.135883638683844,1.6108170128471553,0.7655200204462744,36.11999919265509,1.0,2.253938213142335,1
12:05:08.642183,86,-1.3295051098831052,2.189301843565913,1.6010835909660095,0.7655200204462744,12.639999717473984,1.0,3.186453028945157,1
12:05:08.642183,86,-1.1821631110720547,1.96704242796192,1.5455825318608944,0.7655200204462744,44.359999008476734,1.0,3.0035494083272165,1
12:05:08.642183,86,-1.2753628237962602,2.148307617419581,1.6074880177781328,0.7655200204462744,38.87999913096428,1.0,1.8009983467700321,1
12:05:08.642183,86,-1.3072595017737665,2.202036544585176,1.5976713381120462,0.7655200204462744,13.519999697804453,1.0,2.915600598083405,1
12:05:08.642183,86,-1.1296099597982814,1.8762351398554349,1.3794860248192475,0.8349600223009475,25.11999943852425,1.0,4.010046455145739,1
12:05:08.642183,86,-1.1622186316384722,1.972800676385814,1.5198269963274602,0.7655200204462744,53.75999879837036,1.0,2.1241725376143985,1
12:05:08.642183,86,-1.1916064500684314,2.047555695909217,1.6005046450630265,0.7655200204462744,72.63999837636948,1.0,1.3919506664213166,1
12:05:08.642183,86,-1.253532465587485,2.160521345287799,1.6042153592592705,0.7655200204462744,40.639999091625214,1.0,1.536282565496157,1
12:05:08.642183,86,-1.2022799564685065,1.9555263565506371,1.5486682538955263,0.7655200204462744,36.51999918371439,1.0,3.9549526819633942,1
12:05:08.642183,86,-1.1098247609072018,1.8870508689099972,1.3765879589535237,0.8349600223009475,29.35999934375286,1.0,3.1979260339098956,1
12:05:08.642183,86,-1.2848831688094735,2.214555736386831,1.5943168307789024,0.7655200204462744,13.999999687075617,1.0,2.839010889364798,1
12:05:08.642183,86,-1.0699234080875812,1.9081063208048143,1.3709461676220351,0.8349600223009475,36.87999917566776,1.0,2.0532984186098977,1
12:05:08.642183,86,-1.2102854336707236,2.179173971492548,1.5730906670191276,0.7655200204462744,38.99999912828207,1.0,1.4785466906559863,1
12:05:08.642183,86,-1.1215599975591564,1.9769925464538367,1.4460465605550268,0.8349600223009475,74.87999832630157,1.0,0.8794197743802243,1
12:05:08.642183,86,-1.2422316721212112,2.216533656418285,1.4865803630684788,0.7655200204462744,13.119999706745148,1.0,3.1895327928073463,1
12:05:08.642183,86,-1.262378348604776,2.2268581670621885,1.5910204044145004,0.7655200204462744,13.879999689757824,1.0,2.9543105762498763,1
12:05:08.642183,86,-1.2315767551823622,2.1725236009259428,1.600999364553678,0.7655200204462744,40.639999091625214,1.0,1.4575511281641527,1
12:05:08.642183,86,-1.2015570276309735,2.113170868671363,1.5868496288140967,0.7655200204462744,67.63999848812819,1.0,0.7203411575711889,1
12:05:08.642183,86,-1.1420335959972676,1.9660601380334488,1.448975890562597,0.8349600223009475,64.3599985614419,1.0,1.3437354368449144,1
12:05:08.642183,86,-1.0899285804698435,1.897674950026194,1.373741244998116,0.8349600223009475,33.519999250769615,1.0,2.5462759753150057,1
12:05:08.700974,87,-1.2462406376267536,1.6895225613376796,0.2725741542621525,0.4174800111504737,9.879999779164793,0.9879999779164793,7.665885642988863,1
12:05:08.700974,87,-1.2025794316000915,2.2798999046479365,1.3616113602573852,0.6958000185841229,9.999999776482582,0.9999999776482582,2.3061415451454543,1
12:05:08.700974,87,-1.1739358055226277,2.225596131735497,1.3768168136423298,0.6263600167294499,22.11999950557947,1.0,1.697817290075718,1
12:05:08.700974,87,-1.1166485533676993,2.116988585910619,1.4072277204122192,0.6958000185841229,61.87999861687422,1.0,1.0251018133674432,1
12:05:08.700974,87,-1.086699539024633,2.035342881780254,1.3303207754594124,0.7655200204462744,70.11999843269587,1.0,0.7872647437455694,1
12:05:08.700974,87,-1.0576209157308334,1.9748172865846425,1.325614759097605,0.7655200204462744,47.11999894678593,1.0,0.9033378213052566,1
12:05:08.700974,87,-1.0295941001893116,1.928386778211157,1.3655120354378718,0.7655200204462744,11.9999997317791,1.0,1.2421702758905515,1
12:05:08.700974,87,-1.1304525986212144,2.0347292811549784,1.4050542268472934,0.6958000185841229,67.35999849438667,1.0,0.3402971878283496,1
12:05:08.700974,87,-1.2197360036527962,2.222267823955056,1.458215447940666,0.6263600167294499,26.359999410808086,1.0,1.0373017084793226,1
12:05:08.700974,87,-1.1901533931310535,2.148732935397085,1.3980670463159757,0.6263600167294499,55.35999876260757,1.0,0.5115903221492981,1
12:05:08.700974,87,-1.1603877932435331,2.0949933710776443,1.4131213204640638,0.6263600167294499,67.5199984908104,1.0,0.3573063953727896,1
12:05:08.700974,87,-1.0996532952096196,1.9611267380660575,1.3534666926531582,0.7655200204462744,43.75999902188778,1.0,0.47765694492299815,1
12:05:08.700974,87,-1.2916911859417264,1.7416772552041908,0.3599705845536369,1.1830000315967482,9.239999793469906,0.9239999793469906,6.972264362165259,1
12:05:08.700974,87,-1.2730508969943748,2.2440280859620274,1.3712231851053105,0.6958000185841229,12.639999717473984,1.0,1.0481457022195024,1
12:05:08.700974,87,-1.2422316721212112,2.216533656418285,1.4865803630684788,0.6263600167294499,30.999999307096004,1.0,0.822658844432929,1
12:05:08.700974,87,-1.0367476749695412,1.9849323942088848,1.3229044241783354,0.7655200204462744,47.11999894678593,1.0,1.2568740816448511,1
12:05:08.700974,87,-1.249684592906095,2.2562120640359664,1.3679584980198,0.6958000185841229,11.359999746084211,1.0,1.3529435426038263,1
12:05:08.700974,87,-1.0652524016090763,2.04573609794018,1.327535921582598,0.7655200204462744,67.11999849975109,1.0,1.1943353377892332,1
12:05:08.700974,87,-1.1407742625427022,1.7471765552932452,0.2571258131413296,0.4174800111504737,6.8799998462200165,0.6879999846220016,5.923090007069139,1
12:05:08.700974,87,-1.2253882312474995,1.701459711334513,0.2693756045605717,0.4174800111504737,9.519999787211418,0.9519999787211418,7.118700546372101,1
12:05:08.700974,87,-1.2122247345651944,2.1564434309909606,1.4745435037830577,0.6263600167294499,63.999998569488525,1.0,0.452220063228219,1
12:05:08.700974,87,-0.928772282762698,2.0096845380240573,1.2438182266606543,0.904680024163099,21.51999951899052,1.0,4.2209561767389046,1
12:05:08.700974,87,-0.9778816833098016,2.0778485569304856,1.294096616936656,0.904680024163099,33.87999924272299,1.0,3.702922885840581,1
12:05:08.700974,87,-0.9997299124274932,2.0682973469769674,1.2966558559304415,0.7655200204462744,41.63999906927347,1.0,2.926864100714553,1
12:05:08.700974,87,-0.9735143101453156,2.0140610377742414,1.3150994276583845,0.904680024163099,31.87999928742647,1.0,2.8589333068126597,1
12:05:08.700974,87,-1.1621041872820876,1.7360544140097305,0.2601059819163525,0.4174800111504737,7.879999823868275,0.7879999823868274,6.073624745738257,1
12:05:08.700974,87,-1.0220407090830066,2.0658984727996708,1.322133429521504,0.7655200204462744,50.519998870790005,1.0,2.292602012960575,1
12:05:08.700974,87,-0.9946922694241224,2.004555250938301,1.3176464955644969,0.7655200204462744,37.99999915063381,1.0,2.235161019402841,1
12:05:08.700974,87,-1.2383761884341622,1.8049761583774584,0.1823273630451212,-4.105360109650064,5.879999868571758,0.5879999868571758,6.876982757212579,1
12:05:08.700974,87,-1.212343876541724,1.843402490289206,0.3054161811752465,-2.852920076198643,7.999999821186066,0.7999999821186066,5.2131937821654954,1
12:05:08.700974,87,-1.1833179025763565,1.724726801015276,0.2631412066703888,0.4174800111504737,8.879999801516533,0.8879999801516533,6.322855020025206,1
12:05:08.700974,87,-1.0436987398458275,2.055921634461692,1.3248067152971812,0.7655200204462744,59.63999866694212,1.0,1.696282706362274,1
12:05:08.700974,87,-1.0157707603093404,1.9948453794235097,1.320248247795495,0.7655200204462744,43.63999902456999,1.0,1.7009734963645256,1
12:05:08.700974,87,-1.178845284859035,2.291401398421752,1.3585295442889398,0.6958000185841229,8.51999980956316,0.851999980956316,2.953459491285198,1
12:05:08.700974,87,-1.1819071329593234,2.102511028060878,1.4876851104994362,0.6958000185841229,70.23999843001366,1.0,0.3267932767828531,1
12:05:08.700974,87,-0.95009469233309,2.000610231930509,1.2462496796502935,0.904680024163099,26.239999413490292,1.0,3.442191576750341,1
12:05:08.700974,87,-1.1202143499216688,1.9504055115151155,1.3563394366493542,0.7655200204462744,38.1199991479516,1.0,0.3919249846967279,1
12:05:08.700974,87,-1.2996648898947865,2.1139244093680536,1.512110286002046,0.6263600167294499,69.51999844610691,1.0,0.5862871770528255,1
12:05:08.700974,87,-1.26716042003087,2.061055402293112,1.5243123518029045,0.6263600167294499,50.87999886274338,1.0,0.573326661931074,1
12:05:08.700974,87,-1.2346559501669532,2.008186395218169,1.5365144176037626,0.6958000185841229,28.11999937146902,1.0,0.7306151335381172,1
12:05:08.700974,87,-1.4099302808045522,2.1928609130474865,1.4948875974868214,0.6958000185841229,11.519999742507936,1.0,1.7312453014104858,1
12:05:08.700974,87,-1.3744896616287456,2.15787396094253,1.582724503948695,0.6263600167294499,36.35999918729067,1.0,1.5329432969637167,1
12:05:08.700974,87,-1.340952591092332,2.105222585485064,1.592905881178995,0.6263600167294499,61.35999862849712,1.0,1.3818363354325585,1
12:05:08.700974,87,-1.3074155205559184,2.052571210027599,1.6030872584092948,0.6958000185841229,43.239999033510685,1.0,1.3984408390202239,1
12:05:08.700974,87,-1.3954354063549244,2.1498175267843065,1.6116633817613355,0.6263600167294499,32.51999927312136,1.0,2.047730928757592,1
12:05:08.700974,87,-1.3613872669193186,2.0973627255231984,1.6211386604202596,0.6263600167294499,52.23999883234501,1.0,1.907513099551593,1
12:05:08.700974,87,-1.4171360036752565,2.136233737073342,1.6153031472445427,0.6263600167294499,28.359999366104603,1.0,2.6219538219947665,1
12:05:08.700974,87,-1.1517622971301018,2.030230644520343,1.4311292420318238,0.6958000185841229,60.23999865353108,1.0,0.23492367751885057,1
12:05:08.700974,87,-1.3825583771992378,2.0841103755650425,1.624689616889362,0.6263600167294499,43.75999902188778,1.0,2.4872041169264847,1
12:05:08.700974,87,-1.3479807507232189,2.031987014056744,1.634076086534181,0.6958000185841229,30.759999312460423,1.0,2.51801859148849,1
12:05:08.700974,87,-1.438694888582499,2.122441018370392,1.6189988950824277,0.6263600167294499,24.63999944925308,1.0,3.3084810881778908,1
12:05:08.700974,87,-1.4035912327997453,2.0706541944097685,1.6282951897631246,0.6263600167294499,36.23999918997288,1.0,3.174426049981001,1
12:05:08.700974,87,-1.4601099052062223,2.108440749935772,1.6227502557033031,0.6263600167294499,21.359999522566795,1.0,4.10744895913427,1
12:05:08.700974,87,-1.4244837304529028,2.0569955276642173,1.6319550184872809,0.6263600167294499,30.119999326765537,1.0,3.96930518485676,1
12:05:08.700974,87,-1.3303707962362836,2.1840017770191165,1.5757235767309847,0.6263600167294499,39.23999912291765,1.0,0.930957738006973,1
12:05:08.700974,87,-1.3646738296226195,2.2196624235179385,1.4877061544003296,0.6958000185841229,11.879999734461308,1.0,1.1229551674827065,1
12:05:08.700974,87,-1.327339127483713,2.0449079242620902,1.6306139390791836,0.6958000185841229,36.63999918103218,1.0,1.9338337832563264,1
12:05:08.700974,87,-1.2144831586905058,1.995943809778848,1.4403163717118268,0.6263600167294499,34.35999923199415,1.0,0.379801909744684,1
12:05:08.700974,87,-1.1812172229402482,1.917057828241822,1.3652749214518822,0.7655200204462744,21.87999951094389,1.0,0.6895606062513256,1
12:05:08.700974,87,-1.3126942692118222,1.7290989348021064,0.3633409353475154,0.6958000185841229,8.639999806880951,0.8639999806880951,7.691794174881572,1
12:05:08.700974,87,-1.2960954519631764,2.251901031947231,1.4515847908846262,0.6958000185841229,13.23999970406294,1.0,1.0199374386399795,1
12:05:08.700974,87,-1.2649080804074042,2.204425000597887,1.489824867616981,0.6263600167294499,35.51999920606613,1.0,0.6428639062467552,1
12:05:08.700974,87,-1.2340447624073003,2.150637795934828,1.5022729637200674,0.6263600167294499,71.23999840766191,1.0,0.37588419155138786,1
12:05:08.700974,87,-1.1727872256394252,2.019003839121761,1.434137455471955,0.6958000185841229,50.99999886006117,1.0,0.18599094653957668,1
12:05:08.700974,87,-1.1406633841372429,1.9394862197978864,1.3592652520469055,0.7655200204462744,32.119999282062054,1.0,0.3984488712361984,1
12:05:08.700974,87,-1.318871527128648,2.24558434466936,1.480760396561543,0.6958000185841229,13.23999970406294,1.0,0.9812161601829608,1
12:05:08.700974,87,-1.2034823425638117,2.0909903858120447,1.490772057286299,0.6958000185841229,69.51999844610691,1.0,0.2260428507064394,1
12:05:08.700974,87,-1.2560444707619471,2.1386114884838303,1.5054954030894905,0.6263600167294499,75.35999831557274,1.0,0.33946505031271645,1
12:05:08.700974,87,-1.2246309425785966,2.0851250603910656,1.5178629063534643,0.6958000185841229,65.11999854445457,1.0,0.2781584514245082,1
12:05:08.700974,87,-1.1936948764087467,2.007574513233592,1.437199934113722,0.6263600167294499,42.11999905854464,1.0,0.23417539090693884,1
12:05:08.700974,87,-1.1609983529700512,1.928369954834394,1.3622438462667237,0.7655200204462744,26.519999407231808,1.0,0.49756008133246005,1
12:05:08.700974,87,-1.3418397698020268,2.232733989080093,1.4842036389641398,0.6958000185841229,12.759999714791777,1.0,0.9939304539954695,1
12:05:08.700974,87,-1.3098791727619294,2.179553637052484,1.4964891293936329,0.6263600167294499,40.23999910056591,1.0,0.6159104395431434,1
12:05:08.700974,87,-1.2779185757218323,2.1263732850248744,1.5087746198231256,0.6263600167294499,74.63999833166599,1.0,0.40948796597661896,1
12:05:08.700974,87,-1.2874579989452974,2.1920979165765946,1.4931278998255166,0.6263600167294499,38.87999913096428,1.0,0.5738176198988635,1
12:05:08.700974,87,-1.245957978681735,2.073192932997266,1.5210601102526184,0.6958000185841229,58.51999869197607,1.0,0.3746630332958939,1
12:05:08.751238,88,-1.1040864010774922,2.258604613904169,1.3679722175018574,0.6958000185841229,46.11999896913767,1.0,2.185647710735092,1
12:05:08.751238,88,-1.031174652211426,2.2238609479625358,1.377936556020108,0.6958000185841229,58.23999869823456,1.0,1.287559567313803,1
12:05:08.751238,88,-1.0052342833903023,2.1615351581004134,1.369767157429637,0.6958000185841229,56.23999874293804,1.0,0.7416928631812857,1
12:05:08.751238,88,-0.9784202139186056,2.0852220851925405,1.3169556831859826,0.6958000185841229,42.11999905854464,1.0,2.010870586451983,1
12:05:08.751238,88,-1.0805793350621502,2.2691558268769803,1.3651450285066236,0.6958000185841229,43.35999903082848,1.0,2.504245754317165,1
12:05:08.751238,88,-1.153336123606407,2.3031177302397703,1.1299041597017925,0.6263600167294499,4.999999888241291,0.4999999888241291,5.364379787781399,1
12:05:08.751238,88,-1.0278478138410632,2.1584225981760694,1.3961255102865104,0.6958000185841229,69.75999844074249,1.0,0.4015520120560053,1
12:05:08.751238,88,-1.0002804751055434,2.0756656152786417,1.319516331581904,0.6958000185841229,52.11999883502722,1.0,1.7174009912228583,1
12:05:08.751238,88,-1.0556960664018755,2.249913402847185,1.2630086866759058,0.6958000185841229,39.35999912023544,1.0,1.8888308816453658,1
12:05:08.751238,88,-1.0542135744516068,2.2137892125265246,1.380635269396567,0.6958000185841229,66.35999851673841,1.0,0.8454958064165937,1
12:05:08.751238,88,-0.955935666843049,2.087188255161866,1.2915940523380074,0.6958000185841229,33.2399992570281,1.0,2.666144583561294,1
12:05:08.751238,88,-0.9097059069530032,2.0818035137799176,1.2186319105699368,0.6958000185841229,20.75999953597784,1.0,4.785197149959292,1
12:05:08.751238,88,-1.0068231758831898,2.204853177163838,1.2783552347398883,0.6958000185841229,49.359998896718025,1.0,1.2642040078941112,1
12:05:08.751238,88,-1.032003708059786,2.259996302294567,1.2603069819116155,0.6958000185841229,34.759999223053455,1.0,2.453515933277895,1
12:05:08.751238,88,-0.9338940576104956,2.096315507709112,1.289148412388858,0.6958000185841229,26.119999416172504,1.0,3.2525723800647577,1
12:05:08.751238,88,-0.9590082925582084,2.159082754225345,1.2938920795848543,0.6958000185841229,34.51999922841787,1.0,1.9108792687547733,1
12:05:08.751238,88,-0.9836082213848562,2.214466302518868,1.2757794055642693,0.6958000185841229,40.99999908357859,1.0,1.9507586027674264,1
12:05:08.751238,88,-0.9362780413840254,2.1682363603917603,1.2914393782047309,0.6958000185841229,27.239999391138557,1.0,2.7135313411409268,1
12:05:08.751238,88,-0.960294906888452,2.2238547117229084,1.2732637888998335,0.6958000185841229,33.99999924004078,1.0,2.798693700002357,1
12:05:08.751238,88,-1.077147076217563,2.203495445486987,1.383393475961885,0.6958000185841229,71.51999840140343,1.0,0.5642589685495301,1
12:05:08.751238,88,-0.9816426437065936,2.1497100520331096,1.2964034875681612,0.6958000185841229,44.11999901384115,1.0,1.266278967797729,1
12:05:08.751238,88,-1.0502077513576338,2.148386277069806,1.3988147344219133,0.6958000185841229,80.99999818950891,1.0,0.1561964187358138,1
12:05:08.751238,88,-1.0663720455593388,2.066561212768743,1.3965248864778623,0.6958000185841229,60.11999865621328,1.0,1.1344901608489109,1
12:05:08.751238,88,-1.1549932545771298,2.3026730666986843,1.3555093098767843,0.6263600167294499,12.999999709427357,1.0,4.830671986022235,1
12:05:08.751238,88,-1.1936948764087467,2.007574513233592,1.437199934113722,0.6958000185841229,20.63999953866005,1.0,4.864695174177652,1
12:05:08.751238,88,-1.0220407090830066,2.0658984727996708,1.322133429521504,0.6958000185841229,60.63999864459038,1.0,1.5796781253522003,1
12:05:08.751238,88,-1.1727872256394252,2.019003839121761,1.434137455471955,0.6958000185841229,25.999999418854717,1.0,3.8302869764561,1
12:05:08.751238,88,-1.203181444407197,2.096850591271768,1.514721059823154,0.6958000185841229,31.999999284744263,1.0,2.7454793179198727,1
12:05:08.751238,88,-1.2323786770267595,2.1673767116982168,1.5762517332539188,0.6958000185841229,35.35999920964241,1.0,3.960020659098774,1
12:05:08.751238,88,-1.1517622971301018,2.030230644520343,1.4311292420318238,0.6958000185841229,32.87999926507473,1.0,2.952625819296053,1
12:05:08.751238,88,-1.1816116290993834,2.1083683530961084,1.511634884843708,0.6958000185841229,40.8799990862608,1.0,1.966073479247576,1
12:05:08.751238,88,-1.2119216506102972,2.162451004757197,1.4991076239560934,0.6958000185841229,42.63999904692173,1.0,2.6715998615883607,1
12:05:08.751238,88,-1.130622193356013,2.041253806758204,1.4281755946121517,0.6958000185841229,41.63999906927347,1.0,2.2314205665706472,1
12:05:08.751238,88,-1.1599236536186148,2.1196771940975547,1.5086046900300385,0.6958000185841229,52.51999882608652,1.0,1.3448084272814318,1
12:05:08.751238,88,-1.1896773476635818,2.174049933639954,1.4959997003288923,0.6958000185841229,51.11999885737896,1.0,2.070412893257962,1
12:05:08.751238,88,-1.222977566808006,2.1014611684446005,1.5899872335334682,0.6958000185841229,25.23999943584204,1.0,3.848237286593574,1
12:05:08.751238,88,-1.1162019088547672,2.1416636111382554,1.5027134473395287,0.6958000185841229,65.99999852478504,1.0,0.5753761356471835,1
12:05:08.751238,88,-1.0878417251983363,2.0561570727173724,1.3993126674025675,0.6958000185841229,51.51999884843826,1.0,1.407512636612969,1
12:05:08.751238,88,-1.0998078668810192,2.212286364195688,1.4595804349278658,0.6958000185841229,71.99999839067459,1.0,1.022041101624405,1
12:05:08.751238,88,-1.0724626689789334,2.138134480968662,1.4015616949081833,0.6958000185841229,84.63999810814857,1.0,0.0687357010169404,1
12:05:08.751238,88,-1.0436987398458275,2.055921634461692,1.3248067152971812,0.6958000185841229,63.879998572170734,1.0,1.5980406442878443,1
12:05:08.751238,88,-1.127483059377731,2.247826871455344,1.3708601048872504,0.6958000185841229,46.999998949468136,1.0,2.0315501340208817,1
12:05:08.751238,88,-1.122520251079945,2.2015532543747285,1.4624563630366665,0.6958000185841229,67.63999848812819,1.0,1.0013160851222263,1
12:05:08.751238,88,-1.0944461483196417,2.146492659934553,1.475900267757082,0.6958000185841229,78.51999824494123,1.0,0.30562894474485935,1
12:05:08.751238,88,-1.1448340778642223,2.196600333597748,1.4899573388712029,0.6958000185841229,59.8799986615777,1.0,1.351127117178043,1
12:05:08.751238,88,-1.0163301568654797,2.0020098496662344,1.3425120959158194,0.6958000185841229,21.239999525249004,1.0,4.093881705407926,1
12:05:08.806417,89,-1.0955757588453268,2.131903259408821,1.1934370100699876,0.6263600167294499,38.87999913096428,1.0,0.5637459165346269,1
12:05:08.806417,89,-0.9778816833098016,2.0778485569304856,1.294096616936656,0.6263600167294499,30.35999932140112,1.0,1.502109217433965,1
12:05:08.806417,89,-1.021478169391517,2.058535580414306,1.2992715133976078,0.6263600167294499,42.51999904960394,1.0,0.9028352757021934,1
12:05:08.806417,89,-1.0483703626127503,2.112730117546961,1.2808236146348184,0.6263600167294499,67.87999848276377,1.0,0.4781466882764053,1
12:05:08.806417,89,-1.0728412162209116,2.142375996239588,1.19063084869364,0.6263600167294499,36.63999918103218,1.0,0.9519019011416752,1
12:05:08.806417,89,-0.9997299124274932,2.0682973469769674,1.2966558559304415,0.6263600167294499,36.63999918103218,1.0,1.1231664946948177,1
12:05:08.806417,89,-1.0260495448774574,2.1227488796289102,1.2781390954258007,0.6263600167294499,55.99999874830246,1.0,0.9037320728239537,1
12:05:08.806417,89,-1.0499993903737015,2.1526286142840725,1.1878836679683151,0.6263600167294499,32.87999926507473,1.0,1.505859583564125,1
12:05:08.806417,89,-1.0013660985767543,2.108572207472815,1.2055739036536488,0.6263600167294499,43.75999902188778,1.0,1.1830236437877137,1
12:05:08.806417,89,-0.955935666843049,2.087188255161866,1.2915940523380074,0.6263600167294499,24.879999443888664,1.0,2.037408238157405,1
12:05:08.806417,89,-0.9788930353588896,2.118136204160213,1.2030112384648466,0.6263600167294499,33.639999248087406,1.0,1.8478696817865994,1
12:05:08.806417,89,-1.0040030361645065,2.172469415115555,1.1825673414083329,0.6263600167294499,24.35999945551157,1.0,3.1010474719208454,1
12:05:08.806417,89,-0.931791059915806,2.072909692466753,1.221015002808426,0.6263600167294499,20.239999547600743,1.0,2.982182391266742,1
12:05:08.806417,89,-0.9563220836576062,2.127482653152922,1.2005068650051514,0.6263600167294499,25.999999418854717,1.0,2.670001538251417,1
12:05:08.806417,89,-0.9336555005491644,2.136610619813874,1.1980610337098112,0.6263600167294499,20.51999954134226,1.0,3.647085058586293,1
12:05:08.806417,89,-1.0705863441901071,2.102496257453952,1.2835657691821936,0.6263600167294499,73.87999834865332,1.0,0.2148547323071262,1
12:05:08.806417,89,-1.0270525654671443,2.1626600882890603,1.1851957426097852,0.6263600167294499,28.639999359846115,1.0,2.2230806491482378,1
12:05:08.806417,89,-1.0431242793943964,2.0485642334109784,1.3019433277746,0.6263600167294499,46.11999896913767,1.0,0.843388460695936,1
12:05:08.806417,89,-1.0926952680299835,2.092048322727317,1.2863652848547684,0.6263600167294499,69.99999843537807,1.0,0.11628787449417814,1
12:05:08.806417,89,-1.1503804127748705,2.00292765181238,1.3390064101517734,0.6263600167294499,29.759999334812164,1.0,2.7815281228613737,1
12:05:08.806417,89,-1.192262681346676,1.9802987033509856,1.3450698186175694,0.6263600167294499,19.519999563694,1.0,4.8086891640503175,1
12:05:08.806417,89,-1.2236510745184457,2.0324335183299453,1.3278276400650455,0.6263600167294499,21.119999527931213,1.0,3.015319792193145,1
12:05:08.806417,89,-1.1713801155758603,1.99171431633444,1.3420110143375463,0.6263600167294499,24.119999460875988,1.0,3.706832507266984,1
12:05:08.806417,89,-1.2022187388059014,2.0441496672223285,1.3246883074309288,0.6263600167294499,27.119999393820763,1.0,2.1051080086115306,1
12:05:08.806417,89,-1.233057362035942,2.096585018110217,1.3073656005243104,0.7655200204462744,24.51999945193529,1.0,2.2156911672258786,1
12:05:08.806417,89,-1.1182007448117317,2.1212114510566806,1.1963018714835718,0.7655200204462744,38.87999913096428,1.0,0.343949386113475,1
12:05:08.806417,89,-1.180666182226696,2.0556582133013017,1.3216046018030112,0.6263600167294499,35.35999920964241,1.0,1.3738449018521406,1
12:05:08.806417,89,-1.2109519516785212,2.1083887747902232,1.3042027934542495,0.7655200204462744,28.759999357163903,1.0,1.689673958749967,1
12:05:08.806417,89,-1.158995560018431,2.0669580057218986,1.3185768315492732,0.6263600167294499,46.11999896913767,1.0,0.8190096775417113,1
12:05:08.806417,89,-1.1853957941006992,2.087832397481962,1.2052457619330328,0.7655200204462744,32.99999926239252,1.0,0.7205590695536989,1
12:05:08.806417,89,-1.2150424069820236,2.1400488463316,1.1853690495733114,0.7655200204462744,28.759999357163903,1.0,1.995139826281915,1
12:05:08.806417,89,-1.086699539024633,2.035342881780254,1.3303207754594124,0.6263600167294499,42.11999905854464,1.0,1.041277615080889,1
12:05:08.806417,89,-1.1153087984807444,2.0889268306970497,1.3126903026385208,0.6263600167294499,58.75999868661165,1.0,0.22859507869746856,1
12:05:08.806417,89,-1.1631130080337653,2.0991749182758435,1.2022065426461792,0.7655200204462744,36.75999917834997,1.0,0.41975532617346506,1
12:05:08.806417,89,-1.0373186237521057,1.9920914052574616,1.3451697350853231,0.6263600167294499,8.51999980956316,0.851999980956316,3.1633444846851253,1
12:05:08.806417,89,-1.0652524016090763,2.04573609794018,1.327535921582598,0.6263600167294499,45.99999897181988,1.0,0.798584177967433,1
12:05:08.806417,89,-1.129265672896393,2.013937588460656,1.33605630651815,0.6263600167294499,36.11999919265509,1.0,2.030405989127106,1
12:05:08.861303,90,-1.072301798245106,2.131431714636716,1.3778333507951308,0.6263600167294499,43.119999036192894,1.0,1.5627626360904712,1
12:05:08.861303,90,-1.0999728641783324,2.1929806762120028,1.386210899897717,0.6263600167294499,29.11999934911728,1.0,0.8629669297997011,1
12:05:08.861303,90,-1.2069235994014311,2.345979119547783,1.3432506867013951,0.6263600167294499,13.23999970406294,1.0,4.60059435370257,1
12:05:08.861303,90,-1.1689565108314877,2.189898323947796,1.056831443256825,0.6263600167294499,39.759999111294746,1.0,0.39221163954766164,1
12:05:08.861303,90,-1.0946103412318453,2.1276682350436587,1.4043661170515735,0.6263600167294499,41.63999906927347,1.0,1.5133246964451588,1
12:05:08.861303,90,-1.0663720455593388,2.066561212768743,1.3965248864778623,0.6263600167294499,18.23999959230423,1.0,3.6163581372390525,1
12:05:08.861303,90,-1.361099313088052,2.179282630654236,0.506870810322058,0.7655200204462744,11.759999737143517,1.0,3.1615401514372143,1
12:05:08.861303,90,-1.1810846821876564,2.3265502367087296,1.2359285149694952,0.6263600167294499,11.879999734461308,1.0,3.8167072038312355,1
12:05:08.861303,90,-1.192491563071448,2.178493310750668,1.059887407332662,0.6263600167294499,47.23999894410372,1.0,0.17610136846162386,1
12:05:08.861303,90,-1.050050218889121,2.141681972955698,1.3750868023563492,0.6263600167294499,41.35999907553196,1.0,1.6794812461912407,1
12:05:08.861303,90,-1.1565757243785324,2.3378403633398976,1.2329033346562286,0.6263600167294499,10.519999764859676,1.0,4.75421613227075,1
12:05:08.861303,90,-1.0276936353909798,2.151716788601316,1.3723979816079106,0.6263600167294499,36.999999172985554,1.0,1.9318942608959366,1
12:05:08.861303,90,-1.1147774656001388,2.170971161808916,0.9531779823399438,0.4872000130126253,26.75999940186739,1.0,1.5296896589119195,1
12:05:08.861303,90,-1.0052342833903023,2.1615351581004134,1.369767157429637,0.6263600167294499,31.5199992954731,1.0,2.317682334503583,1
12:05:08.861303,90,-0.9816426437065936,2.1497100520331096,1.2964034875681612,0.6263600167294499,26.119999416172504,1.0,2.9952799728422175,1
12:05:08.861303,90,-0.9590082925582084,2.159082754225345,1.2938920795848543,0.6958000185841229,21.359999522566795,1.0,3.59890050312605,1
12:05:08.861303,90,-0.9362780413840254,2.1682363603917603,1.2914393782047309,0.6958000185841229,17.639999605715275,1.0,4.33012158430526,1
12:05:08.861303,90,-1.2312230576775558,2.3342036775603754,1.3464059068724403,0.6263600167294499,14.6399996727705,1.0,3.8872776655190564,1
12:05:08.861303,90,-1.1200157667642867,2.202089735153089,1.026323256718895,0.6263600167294499,32.75999926775694,1.0,1.28181090678539,1
12:05:08.861303,90,-1.2159073671541716,2.1668615404455203,1.0630041307924707,0.6263600167294499,53.63999880105257,1.0,0.11566704748863998,1
12:05:08.861303,90,-1.4154437264432371,2.21211625227362,0.4787220442276689,0.7655200204462744,10.639999762177467,1.0,3.941680801331959,1
12:05:08.861303,90,-1.3635819085779373,2.1629367831090445,1.2830413047137637,0.5566400148672983,28.519999362528324,1.0,2.3453065079998665,1
12:05:08.861303,90,-1.408802148563919,2.136156717420984,1.290217001688132,0.5566400148672983,23.23999948054552,1.0,4.298392860838652,1
12:05:08.861303,90,-1.1166485533676993,2.116988585910619,1.4072277204122192,0.6263600167294499,37.35999916493893,1.0,1.6601345800857725,1
12:05:08.861303,90,-1.3370105958596157,2.142384038593798,1.178857979633644,0.5566400148672983,34.759999223053455,1.0,1.6394672225556564,1
12:05:08.861303,90,-1.373800366842124,2.285914341107702,1.4719181485346469,0.5566400148672983,14.759999670088291,1.0,4.251324177633471,1
12:05:08.861303,90,-1.5010895112148932,2.16718175051382,0.6283759841017627,0.2088800055789761,11.239999748766422,1.0,4.316049732169064,1
12:05:08.861303,90,-1.3141250140534413,2.1551881467817284,1.1754271291848872,0.5566400148672983,42.11999905854464,1.0,0.9923620658429726,1
12:05:08.861303,90,-1.483920173751318,2.1105663707406253,0.5252832766727971,0.2088800055789761,12.23999972641468,1.0,5.492355571973089,1
12:05:08.861303,90,-1.2036628934944489,2.072157634262012,1.4192401377023822,0.6263600167294499,21.87999951094389,1.0,3.6927157284156267,1
12:05:08.861303,90,-1.2911080208468366,2.1677705607136697,1.1720556815329894,0.5566400148672983,49.359998896718025,1.0,0.5129927876896625,1
12:05:08.861303,90,-1.326634716407611,2.3119994099240064,1.4649286754108082,0.5566400148672983,16.239999637007713,1.0,4.061436395634647,1
12:05:08.861303,90,-1.3502850553119985,2.2990707727621245,1.4683928932975694,0.5566400148672983,15.75999964773655,1.0,4.073310929119261,1
12:05:08.861303,90,-1.18208444709617,2.0836800048807644,1.4161527278001955,0.6263600167294499,26.519999407231808,1.0,2.9631763801195703,1
12:05:08.861303,90,-1.4352199209590295,2.138764038119216,0.5177277344702624,0.7655200204462744,12.879999712109566,1.0,3.980291381464469,1
12:05:08.861303,90,-1.2435035501608032,2.1832765780471526,1.1405331743680334,0.6263600167294499,56.63999873399735,1.0,0.03330510012532164,1
12:05:08.861303,90,-1.1603877932435331,2.0949933710776443,1.4131213204640638,0.6263600167294499,31.87999928742647,1.0,2.3827600385232137,1
12:05:08.861303,90,-1.4106532922332182,2.1525086645255747,0.5140448729244111,0.7655200204462744,12.999999709427357,1.0,3.517210009531736,1
12:05:08.861303,90,-1.2794501927936148,2.309951628355407,1.352904223871712,0.5566400148672983,15.75999964773655,1.0,2.9249532970531207,1
12:05:08.861303,90,-1.3028517151430392,2.3246989597404624,1.4615258412932497,0.5566400148672983,16.359999634325504,1.0,4.212839642914675,1
12:05:08.861303,90,-1.2679619179198385,2.180130022158769,1.1687439738198917,0.6263600167294499,54.9999987706542,1.0,0.1986964430844395,1
12:05:08.861303,90,-1.2427287470283066,2.1905787256016067,1.3861996993369383,0.5566400148672983,28.11999937146902,1.0,0.7471416959430096,1
12:05:08.861303,90,-1.3806292926593131,2.106695196693072,0.5456715783294859,0.1391600037168245,7.999999821186066,0.7999999821186066,3.821003839428929,1
12:05:08.921697,91,-1.0077736454436366,2.326924735327752,1.2116507908656151,0.6958000185841229,22.11999950557947,1.0,5.91381999074605,1
12:05:08.921697,91,-1.3139232583879406,2.3246675170633355,0.4292894862829484,0.4174800111504737,15.519999653100967,1.0,3.731580671021237,1
12:05:08.921697,91,-1.287203708588573,2.277393774786063,0.4612309847865552,1.1132800297345966,12.519999720156193,1.0,3.1598003676623927,1
12:05:08.921697,91,-1.1296687213194272,2.2834519852318524,1.2507493536292835,0.6958000185841229,71.99999839067459,1.0,2.079066965136741,1
12:05:08.921697,91,-1.1039207867445295,2.251556359888232,1.3430269749196984,0.6958000185841229,86.63999806344509,1.0,1.3681021581450497,1
12:05:08.921697,91,-1.0769855028168251,2.1966191664219643,1.359056888638024,0.6958000185841229,86.75999806076288,1.0,0.8492638370977326,1
12:05:08.921697,91,-1.050050218889121,2.141681972955698,1.3750868023563492,0.6958000185841229,46.23999896645546,1.0,2.456261317447318,1
12:05:08.921697,91,-1.0232684264977048,2.093277108652624,1.4142359928819412,0.6958000185841229,7.239999838173389,0.723999983817339,5.50291279391685,1
12:05:08.921697,91,-1.4042103742055116,2.2818154806891435,0.094530916968365,0.4872000130126253,6.8799998462200165,0.6879999846220016,6.924250500887403,1
12:05:08.921697,91,-1.3131194772629389,2.264835073801197,0.4645960785734342,1.1132800297345966,14.759999670088291,1.0,2.8465966706888874,1
12:05:08.921697,91,-1.1536074937192906,2.272424516259322,1.2537041550350323,0.6958000185841229,81.75999817252159,1.0,1.5671842977337955,1
12:05:08.921697,91,-1.1273139355169324,2.2407802341141747,1.345914429118393,0.6958000185841229,106.99999760836364,1.0,1.0127684836744486,1
12:05:08.921697,91,-1.0998078668810192,2.186105974375445,1.361873889956762,0.6958000185841229,98.75999779254198,1.0,0.7439514452056775,1
12:05:08.921697,91,-1.072301798245106,2.131431714636716,1.3778333507951308,0.6958000185841229,47.23999894410372,1.0,2.588897873245463,1
12:05:08.921697,91,-1.402598463191832,2.2671440376238845,0.301095065770272,0.4872000130126253,11.519999742507936,1.0,4.022564706926038,1
12:05:08.921697,91,-1.3928796877401348,2.2854460131980483,0.4397988565695865,0.4174800111504737,19.759999558329586,1.0,2.5549928620009217,1
12:05:08.921697,91,-1.364554503644709,2.238969867674653,0.4715266396671058,0.4174800111504737,16.8799996227026,1.0,2.770261499725284,1
12:05:08.921697,91,-1.3403769820627958,2.311848124756544,0.4327244320990111,0.4174800111504737,17.879999600350857,1.0,3.1566349562504934,1
12:05:08.921697,91,-1.0266146020776248,2.1303111304363416,1.30160141294405,0.6958000185841229,41.879999063909054,1.0,3.9181586875231638,1
12:05:08.921697,91,-1.200954056045813,2.2711282254870464,1.1104561824577388,0.3480400092958007,16.119999639689922,1.0,0.8656146092836008,1
12:05:08.921697,91,-1.080417246818318,2.262105990165978,1.3402002100063293,0.6958000185841229,64.3599985614419,1.0,1.853416288712491,1
12:05:08.921697,91,-0.9843117723928784,2.2794730630540565,1.2550881995949363,0.6958000185841229,20.63999953866005,1.0,3.885757755818949,1
12:05:08.921697,91,-0.960294906888452,2.2238547117229084,1.2732637888998335,0.6958000185841229,21.239999525249004,1.0,3.3344368249969225,1
12:05:08.921697,91,-1.0322396128968454,2.317072145981913,1.2142907842241886,0.6958000185841229,27.759999379515648,1.0,4.800419643352852,1
12:05:08.921697,91,-1.008208150211504,2.2698498508123897,1.2576667315436842,0.6958000185841229,26.519999407231808,1.0,2.987528909520584,1
12:05:08.921697,91,-0.9836082213848562,2.214466302518868,1.2757794055642693,0.6958000185841229,27.519999384880062,1.0,2.6699088801719855,1
12:05:08.921697,91,-0.9590082925582084,2.159082754225345,1.2938920795848543,0.6958000185841229,24.119999460875988,1.0,4.466083305685504,1
12:05:08.921697,91,-1.0571842402363822,2.315139427425296,1.242258729083343,0.6958000185841229,35.35999920964241,1.0,4.396396703490193,1
12:05:08.921697,91,-1.032003708059786,2.259996302294567,1.2603069819116155,0.6958000185841229,34.879999220371246,1.0,2.2121249166104042,1
12:05:08.921697,91,-1.0529487290497064,2.184956645594042,1.283686494306196,0.6958000185841229,67.11999849975109,1.0,1.4395283936386352,1
12:05:08.921697,91,-1.0068231758831898,2.204853177163838,1.2783552347398883,0.6958000185841229,36.51999918371439,1.0,2.1307757249418104,1
12:05:08.921697,91,-1.2349886177895024,2.3017570934266844,0.4547028532318586,1.1132800297345966,8.51999980956316,0.851999980956316,4.316152713821978,1
12:05:08.921697,91,-1.0814546838962986,2.3048105087320665,1.2450263545058802,0.6958000185841229,45.51999898254872,1.0,3.4968405164297467,1
12:05:08.921697,91,-1.0556960664018755,2.249913402847185,1.2630086866759058,0.6958000185841229,46.999998949468136,1.0,1.562398043438237,1
12:05:08.921697,91,-1.029937448907452,2.1950162969623035,1.2809910188459317,0.6958000185841229,49.51999889314175,1.0,1.719732245953223,1
12:05:08.921697,91,-1.0041788314130289,2.1401191910774218,1.298973351015957,0.6958000185841229,35.759999200701714,1.0,3.9688431239747195,1
12:05:08.921697,91,-1.2966188320575438,2.2604881826548944,0.3247156384199177,0.4872000130126253,13.23999970406294,1.0,5.228943318434085,1
12:05:08.921697,91,-1.2611592206217686,2.2897015249161257,0.4579331330785607,1.1132800297345966,10.359999768435957,1.0,3.650972948551427,1
12:05:08.921697,91,-1.1056169829938691,2.294247675909441,1.2478566570304876,0.6958000185841229,58.23999869823456,1.0,2.72335140307095,1
12:05:08.921697,91,-0.9816426437065936,2.1497100520331096,1.2964034875681612,0.6958000185841229,29.519999340176582,1.0,4.152349128484388,1
12:05:08.921697,91,-1.1786684566005512,2.284184516340229,1.332974749653263,0.6958000185841229,81.87999816983938,1.0,2.9087591092899374,1
12:05:08.921697,91,-1.274335632744672,2.244481744030875,1.1456156248538685,0.4872000130126253,15.359999656677246,1.0,0.7735520285406186,1
12:05:08.921697,91,-1.122520251079945,2.1753728645544856,1.3647498180655626,0.6263600167294499,92.999997921288,1.0,0.7736912214811197,1
12:05:08.921697,91,-1.5135042580323594,2.288986682023933,0.5621370920152153,0.4174800111504737,17.519999608397484,1.0,3.6523376846279216,1
12:05:08.921697,91,-1.4827260888083316,2.242438534519896,0.591377041402898,0.2088800055789761,14.51999967545271,1.0,2.6862841962109743,1
12:05:08.921697,91,-1.3218602642354873,2.219403581977138,1.1523352981238242,0.4872000130126253,12.639999717473984,1.0,1.1707248959496839,1
12:05:08.921697,91,-1.2962898970595187,2.2316190196827623,1.374548184393663,0.6958000185841229,34.759999223053455,1.0,3.0793527838995156,1
12:05:08.921697,91,-1.2654142292044952,2.178465224542512,1.3894455021632366,0.6263600167294499,37.99999915063381,1.0,1.9267886640177485,1
12:05:08.921697,91,-1.2345385613494717,2.125311429402262,1.4043428199328092,0.6263600167294499,29.23999934643507,1.0,2.828331355679346,1
12:05:08.921697,91,-1.2036628934944489,2.072157634262012,1.4192401377023822,0.6263600167294499,20.75999953597784,1.0,5.783980858884331,1
12:05:08.921697,91,-1.5392595289256437,2.274242842571039,0.5660876918899524,0.4174800111504737,15.239999659359457,1.0,4.0349516977748525,1
12:05:08.921697,91,-1.18208444709617,2.0836800048807644,1.4161527278001955,0.6958000185841229,25.75999942421913,1.0,4.824300402867765,1
12:05:08.921697,91,-1.5079576082276722,2.227994521369627,0.5952473030619772,0.2088800055789761,12.23999972641468,1.0,3.3507561941940214,1
12:05:08.921697,91,-1.2879731710179283,2.1661332078792004,1.392749856069218,0.6263600167294499,28.359999366104603,1.0,2.528974426473251,1
12:05:08.921697,91,-1.5648608751556286,2.259250967642572,0.5701047526700633,0.4174800111504737,13.119999706745148,1.0,4.622043482756346,1
12:05:08.921697,91,-1.5330383331495587,2.2133075167189173,0.5991826740973669,0.2088800055789761,10.359999768435957,1.0,4.219347953559267,1
12:05:08.921697,91,-1.3423767025609317,2.206130608477724,1.381377783592406,0.6958000185841229,21.239999525249004,1.0,3.885495726393868,1
12:05:08.921697,91,-1.3102067544665044,2.17338656639096,1.4713131414299836,0.5566400148672983,21.7599995136261,1.0,3.897708600716304,1
12:05:08.921697,91,-1.2784299306257187,2.101037209128285,1.4108470776521165,0.6263600167294499,16.99999962002039,1.0,4.712347035279527,1
12:05:08.921697,91,-1.573293226007134,2.252511668398605,0.7107500305419272,0.2088800055789761,8.759999804198742,0.8759999804198741,5.493492814513814,1
12:05:08.921697,91,-1.1507669703166383,2.2368236772957206,1.3738084018764845,0.6958000185841229,111.11999751627444,1.0,1.1170196158170111,1
12:05:08.921697,91,-1.3193992692209893,2.2189861060944027,1.3779331633877168,0.6958000185841229,26.99999939650297,1.0,3.40557944443122,1
12:05:08.921697,91,-1.2124065970622382,2.137129365241185,1.4011762135685668,0.6263600167294499,39.759999111294746,1.0,2.1162045403331002,1
12:05:08.921697,91,-1.256547072814868,2.113280309663997,1.4075665487507194,0.6263600167294499,21.99999950826168,1.0,3.6926304258504064,1
12:05:08.921697,91,-1.2730508969943748,2.2440280859620274,1.3712231851053105,0.6958000185841229,45.2399989888072,1.0,2.9031750146009836,1
12:05:08.921697,91,-1.2427287470283066,2.1905787256016067,1.3861996993369383,0.6263600167294499,52.23999883234501,1.0,1.475829410910828,1
12:05:08.921697,91,-1.0944461483196417,2.120967038661614,1.3806373522717126,0.6958000185841229,44.11999901384115,1.0,2.8583020405381037,1
12:05:08.921697,91,-1.4189234195160376,2.2718659341353824,0.4434376277875784,0.4174800111504737,20.87999953329563,1.0,2.5369303026206866,1
12:05:08.921697,91,-1.3803427496534484,2.29775615183256,0.5765547305167558,0.2088800055789761,17.999999597668648,1.0,1.9791743635166832,1
12:05:08.921697,91,-1.351576133865778,2.2498704593767416,0.6062196113387706,0.0697200018621515,6.999999843537808,0.6999999843537809,1.4245449011685234,1
12:05:08.921697,91,-1.2023990431900862,2.27268474780478,1.3360561033454812,0.6958000185841229,72.23999838531017,1.0,2.5563358935748473,1
12:05:08.921697,91,-1.1739358055226277,2.225596131735497,1.3768168136423298,0.6958000185841229,95.23999787122013,1.0,0.996574768120535,1
12:05:08.921697,91,-1.1451203841942112,2.164420910261075,1.3676843853740244,0.6263600167294499,74.35999833792448,1.0,0.9414556740146004,1
12:05:08.921697,91,-1.1166485533676993,2.116988585910619,1.4072277204122192,0.6958000185841229,38.35999914258719,1.0,2.832595697558493,1
12:05:08.921697,91,-1.250380976904626,2.2566752902579865,1.1423483739894422,0.4872000130126253,15.999999642372131,1.0,0.8084609061012674,1
12:05:08.921697,91,-1.4061520687548794,2.284298303434839,0.5801607501267854,0.2088800055789761,17.879999600350857,1.0,1.8722430360505196,1
12:05:08.921697,91,-1.249684592906095,2.2562120640359664,1.3679584980198,0.6958000185841229,58.35999869555235,1.0,2.8734521717536436,1
12:05:08.921697,91,-1.219918993018574,2.202472499716526,1.3830127721678878,0.6958000185841229,71.99999839067459,1.0,1.1727001762426772,1
12:05:08.921697,91,-1.1901533931310535,2.148732935397085,1.3980670463159757,0.6263600167294499,54.75999877601862,1.0,1.5530455035439301,1
12:05:08.921697,91,-1.1603877932435331,2.0949933710776443,1.4131213204640638,0.6958000185841229,31.75999929010868,1.0,4.014488153657407,1
12:05:08.921697,91,-1.4875976379812874,2.303481011629662,0.5582533481025296,0.4174800111504737,19.519999563694,1.0,3.4694186769951614,1
12:05:08.921697,91,-1.4573462980223393,2.256638111780511,0.5875722761430526,0.2088800055789761,16.519999630749226,1.0,2.221371463099136,1
12:05:08.921697,91,-1.444825260138764,2.2580349751379485,0.4471436220814888,0.4174800111504737,20.75999953597784,1.0,2.713232891622416,1
12:05:08.921697,91,-1.2981628560890832,2.2320574271301648,1.148944710533922,0.4872000130126253,14.119999684393406,1.0,0.8930807636844376,1
12:05:08.972558,92,-1.0529487290497064,2.184956645594042,1.283686494306196,0.6958000185841229,48.119998924434185,1.0,1.5382534772899186,1
12:05:08.972558,92,-1.340748838146829,2.3721288535559943,0.3972212358011524,0.3480400092958007,25.63999942690134,1.0,2.6166038175470145,1
12:05:08.972558,92,-1.32912568788755,2.385127879513325,0.5363761357885712,0.3480400092958007,17.11999961733818,1.0,2.781808178076858,1
12:05:08.972558,92,-1.102761718260322,2.229063607123807,1.268595372602339,0.7655200204462744,37.239999167621136,1.0,0.8750736822899596,1
12:05:08.972558,92,-1.075854715201217,2.1746752290157616,1.2864413915753938,0.6958000185841229,53.23999880999327,1.0,1.6496530969843002,1
12:05:08.972558,92,-1.1261303052509248,2.2182987958099147,1.2714797951005696,0.7655200204462744,36.75999917834997,1.0,0.7444633153808802,1
12:05:08.972558,92,-1.3558854879383289,2.3721601635456744,0.5398508248097795,0.3480400092958007,20.359999544918537,1.0,1.890664173622251,1
12:05:08.972558,92,-1.0998078668810192,2.186105974375445,1.361873889956762,0.6958000185841229,52.87999881803989,1.0,1.324192719690609,1
12:05:08.972558,92,-1.079282856021788,2.2396021607517413,1.265771575668342,0.7655200204462744,35.23999921232462,1.0,1.195955825883314,1
12:05:08.972558,92,-1.072301798245106,2.131431714636716,1.3778333507951308,0.6958000185841229,22.11999950557947,1.0,3.3547193679802745,1
12:05:08.972558,92,-1.3677426515642392,2.359047735437902,0.4007263108369914,0.3480400092958007,29.35999934375286,1.0,1.9503519377319374,1
12:05:08.972558,92,-1.2873381434880524,2.3372307493213045,0.4259231783451009,0.3480400092958007,14.239999681711195,1.0,2.5800732360063225,1
12:05:08.972558,92,-1.007653224075258,2.261882986413712,1.233005191265356,0.7655200204462744,22.239999502897263,1.0,2.858208076730218,1
12:05:08.972558,92,-1.029937448907452,2.1950162969623035,1.2809910188459317,0.6958000185841229,40.11999910324812,1.0,1.6110132538821516,1
12:05:08.972558,92,-1.055115002522303,2.2419575116349844,1.2383442061411227,0.7655200204462744,31.359999299049377,1.0,1.4624837205135508,1
12:05:08.972558,92,-1.2606242958523488,2.349536565217749,0.4226258449134425,0.3480400092958007,11.759999737143517,1.0,3.311530739896944,1
12:05:08.972558,92,-1.2963205060403158,2.319290100160783,0.2871225704250473,0.3480400092958007,18.23999959230423,1.0,4.30958702868585,1
12:05:08.972558,92,-1.0068231758831898,2.204853177163838,1.2783552347398883,0.6958000185841229,32.119999282062054,1.0,1.8627855573115328,1
12:05:08.972558,92,-1.0314356846509445,2.2520348613708,1.235643988417565,0.7655200204462744,26.75999940186739,1.0,2.0725614550578992,1
12:05:08.972558,92,-0.9836082213848562,2.214466302518868,1.2757794055642693,0.6958000185841229,25.23999943584204,1.0,2.2884565346448205,1
12:05:08.972558,92,-0.9597663525991176,2.2160770685911824,1.2492053662583849,0.6958000185841229,19.999999552965164,1.0,2.8650894680860626,1
12:05:08.972558,92,-0.981554687741487,2.2462248318817863,1.1569192799895602,0.7655200204462744,18.35999958962202,1.0,3.0441972517670917,1
12:05:08.972558,92,-0.9363698941133975,2.2252347795551874,1.246751565001062,0.6958000185841229,15.999999642372131,1.0,3.556985168782628,1
12:05:08.972558,92,-1.4497548589793623,2.3787671625426428,0.3760914825721855,1.1132800297345966,25.11999943852425,1.0,1.9557871309432175,1
12:05:08.972558,92,-1.3136209509688852,2.3849485817598364,0.3937861999817467,0.3480400092958007,21.7599995136261,1.0,3.5469910327586787,1
12:05:08.972558,92,-1.4213172733597486,2.3321065878703457,0.407945169570886,0.3480400092958007,32.239999279379845,1.0,1.440987911215939,1
12:05:08.972558,92,-1.2020984158831327,2.3064737785167337,1.464445121934551,0.7655200204462744,19.519999563694,1.0,6.383355578728199,1
12:05:08.972558,92,-1.1493862801544756,2.207308803282177,1.274424554723201,0.7655200204462744,33.7599992454052,1.0,0.8096381682179117,1
12:05:08.972558,92,-1.3825097005762756,2.358934620452388,0.5433945984010888,0.3480400092958007,23.11999948322773,1.0,1.2607885508913887,1
12:05:08.972558,92,-1.6059513720494567,2.299268912256632,0.6839880048167677,1.5307600408850703,10.759999759495258,1.0,4.357261601327717,1
12:05:08.972558,92,-1.6387391139094076,2.346211700733143,0.6571197805768261,0.3480400092958007,14.759999670088291,1.0,4.857332222222135,1
12:05:08.972558,92,-1.580256180727313,2.314657240964681,0.6798647145665813,1.5307600408850703,13.119999706745148,1.0,3.3379732197976004,1
12:05:08.972558,92,-1.596809697090294,2.3053767338476696,0.5409114426656674,0.3480400092958007,17.759999603033066,1.0,3.56552927880057,1
12:05:08.972558,92,-1.5283943105005295,2.34468549918592,0.6718186670260871,1.5307600408850703,15.87999964505434,1.0,2.24054782578476,1
12:05:08.972558,92,-1.2345385613494717,2.125311429402262,1.4043428199328092,0.6958000185841229,19.519999563694,1.0,5.532091249662528,1
12:05:08.972558,92,-1.5135042580323594,2.288986682023933,0.5621370920152153,1.5307600408850703,19.119999572634697,1.0,2.297215078731475,1
12:05:08.972558,92,-1.5444045628485463,2.335719544399018,0.532781111082343,0.3480400092958007,25.11999943852425,1.0,1.9650699468933646,1
12:05:08.972558,92,-1.2124065970622382,2.137129365241185,1.4011762135685668,0.6958000185841229,24.51999945193529,1.0,4.307650962490035,1
12:05:08.972558,92,-1.242542336171066,2.1835406755534965,1.3612517226098406,0.7655200204462744,20.51999954134226,1.0,2.5316742524816362,1
12:05:08.972558,92,-1.5706856635946391,2.320674688856584,0.5368123679751813,0.3480400092958007,21.239999525249004,1.0,2.605297982636307,1
12:05:08.972558,92,-1.5179690229400724,2.3505097960020227,0.5288180751094647,0.3480400092958007,28.999999351799488,1.0,1.6367753565072023,1
12:05:08.972558,92,-1.122520251079945,2.1753728645544856,1.3647498180655626,0.6958000185841229,47.11999894678593,1.0,1.5975483153973349,1
12:05:08.972558,92,-1.4875976379812874,2.303481011629662,0.5582533481025296,0.3480400092958007,22.11999950557947,1.0,1.5063031659205492,1
12:05:08.972558,92,-1.4377622791901037,2.393338265232514,0.5173422213660936,0.3480400092958007,33.2399992570281,1.0,2.4429510091141813,1
12:05:08.972558,92,-1.4089956634024328,2.3454525727766957,0.5470071021881084,0.3480400092958007,24.759999446570877,1.0,0.8997789158843159,1
12:05:08.972558,92,-1.1451203841942112,2.164420910261075,1.3676843853740244,0.6958000185841229,38.99999912828207,1.0,2.066141224310403,1
12:05:08.972558,92,-1.1725273173929678,2.196094728530641,1.2774293569967374,0.7655200204462744,29.35999934375286,1.0,1.076139061479283,1
12:05:08.972558,92,-1.4646452149427884,2.379320596946749,0.5210982442630314,0.3480400092958007,32.119999282062054,1.0,1.8837555150007106,1
12:05:08.972558,92,-1.4353407278427073,2.3317153687120693,0.5506879749234865,0.3480400092958007,24.35999945551157,1.0,0.8152598064454741,1
12:05:08.972558,92,-1.4061520687548794,2.284298303434839,0.5801607501267854,0.2088800055789761,9.359999790787697,0.9359999790787696,1.1629179454733585,1
12:05:08.972558,92,-1.2197360036527962,2.1954326655875103,1.358065273483828,0.7655200204462744,24.759999446570877,1.0,1.8802373678614943,1
12:05:08.972558,92,-1.1901533931310535,2.148732935397085,1.3980670463159757,0.6958000185841229,31.119999304413795,1.0,3.298218831454097,1
12:05:09.028779,93,-1.0556960664018755,2.249913402847185,1.2630086866759058,0.6958000185841229,47.9999989271164,1.0,1.6481877647626548,1
12:05:09.028779,93,-1.1338791734281122,2.4741516198819693,1.4234442636511575,0.7655200204462744,51.63999884575605,1.0,4.383445084899303,1
12:05:09.028779,93,-1.1080999291005318,2.417900688912331,1.4365525132284636,0.7655200204462744,79.63999821990728,1.0,2.3340848841536483,1
12:05:09.028779,93,-1.0814546838962986,2.3048105087320665,1.2450263545058802,0.7655200204462744,67.23999849706888,1.0,0.6941753823568568,1
12:05:09.028779,93,-1.1592127617299066,2.4630767442276085,1.426411767639019,0.7655200204462744,63.35999858379364,1.0,3.414548117380073,1
12:05:09.028779,93,-1.1820616478583028,2.4756610371252,1.538093705240946,0.7655200204462744,76.2399982959032,1.0,3.619692162577255,1
12:05:09.028779,93,-1.1056169829938691,2.294247675909441,1.2478566570304876,0.7655200204462744,79.63999821990728,1.0,0.43219879667014893,1
12:05:09.028779,93,-1.079282856021788,2.2396021607517413,1.265771575668342,0.6958000185841229,51.35999885201454,1.0,1.5660720575692768,1
12:05:09.028779,93,-1.2016781184301972,2.3700847210435683,0.9830848382051892,0.6263600167294499,10.239999771118164,1.0,2.0320407741768998,1
12:05:09.028779,93,-1.155186953671733,2.4193757888871814,1.5485953490739834,0.7655200204462744,123.23999724537134,1.0,1.7664003984224892,1
12:05:09.028779,93,-1.1310257259374212,2.31371378232135,1.3525509590418292,0.7655200204462744,85.11999809741974,1.0,0.2606769208325032,1
12:05:09.028779,93,-1.0314356846509445,2.2520348613708,1.235643988417565,0.7655200204462744,40.639999091625214,1.0,1.952086696369706,1
12:05:09.028779,93,-1.1328575470715974,2.4070776054524834,1.4394525497011443,0.7655200204462744,100.87999774515627,1.0,1.5765935973247251,1
12:05:09.028779,93,-1.0542230377757402,2.2811358370262376,1.141679547295306,0.6958000185841229,53.63999880105257,1.0,1.1232132226936944,1
12:05:09.028779,93,-1.099573901002278,2.350355666540968,0.9968598242475072,0.6263600167294499,41.999999061226845,1.0,1.6747191719629806,1
12:05:09.028779,93,-1.007653224075258,2.261882986413712,1.233005191265356,0.7655200204462744,32.63999927043915,1.0,2.3210366600194945,1
12:05:09.028779,93,-1.0299151548830063,2.2912015352114308,1.1389824515953275,0.6958000185841229,41.75999906659126,1.0,1.5527849621154726,1
12:05:09.028779,93,-1.0497974605109346,2.307179305775271,1.0169174970677073,0.6263600167294499,49.11999890208244,1.0,1.5021057481106752,1
12:05:09.028779,93,-1.0727622408125836,2.3503883666121017,0.9683118513830804,0.6263600167294499,34.35999923199415,1.0,2.175861607592317,1
12:05:09.028779,93,-0.9837699990213772,2.2715009019594667,1.2304280785620003,0.7655200204462744,25.51999942958355,1.0,2.8491642829979664,1
12:05:09.028779,93,-1.0010713324958913,2.2632913013707867,1.0371658542262194,0.6263600167294499,32.63999927043915,1.0,2.2643968516708246,1
12:05:09.028779,93,-1.0187371591219525,2.274852896220378,0.9142646888645558,0.6263600167294499,39.11999912559986,1.0,2.2045076382947215,1
12:05:09.028779,93,-0.9576270896953408,2.255590438522776,1.1544097732534797,0.6958000185841229,19.999999552965164,1.0,3.537079774815619,1
12:05:09.028779,93,-0.9766679724400222,2.272843128117497,1.0346064499631964,0.6263600167294499,25.75999942421913,1.0,2.844669693005302,1
12:05:09.028779,93,-0.933603729742526,2.2647244578954124,1.1519623201389313,0.6958000185841229,15.87999964505434,1.0,4.261928866052776,1
12:05:09.028779,93,-1.102761718260322,2.229063607123807,1.268595372602339,0.6958000185841229,48.99999890476465,1.0,1.649490533453799,1
12:05:09.028779,93,-1.0793330385813569,2.3354690479815794,1.121235650238792,0.6263600167294499,62.35999860614538,1.0,1.0905463247840563,1
12:05:09.028779,93,-1.2325768793415048,2.3984965396729727,1.092576770621444,0.6263600167294499,11.519999742507936,1.0,2.1848770837169953,1
12:05:09.028779,93,-1.412467220126052,2.302539850576095,1.6920245898730115,0.7655200204462744,34.23999923467636,1.0,5.146957080719792,1
12:05:09.028779,93,-1.179666482086878,2.4080992189966666,1.55161689686954,0.7655200204462744,139.75999687612057,1.0,1.2147575621436113,1
12:05:09.028779,93,-1.207110677026462,2.464122124965049,1.5411855474357925,0.7655200204462744,87.99999803304672,1.0,2.8566367823995007,1
12:05:09.028779,93,-1.445327377063237,2.3561069845711065,1.6848597366535054,0.7655200204462744,35.11999921500683,1.0,4.962463013507548,1
12:05:09.028779,93,-1.3661119566167848,2.329379758517768,1.6848328582151144,0.7655200204462744,42.23999905586243,1.0,3.0437915028599987,1
12:05:09.028779,93,-1.3978936876534789,2.3835713060032844,1.6775006939050847,0.7655200204462744,42.51999904960394,1.0,3.2228075150190696,1
12:05:09.028779,93,-1.316233872031462,2.268590127485864,1.584418302298534,0.7655200204462744,21.239999525249004,1.0,3.1784193414201103,1
12:05:09.028779,93,-1.3427282474402351,2.3424625608108203,1.6813273319059552,0.7655200204462744,52.87999881803989,1.0,2.2790758423891075,1
12:05:09.028779,93,-1.3739659712657413,2.396958471420948,1.6739136137424795,0.7655200204462744,51.759998843073845,1.0,2.646142161789511,1
12:05:09.028779,93,-1.29317994202719,2.2811927331984343,1.5810414442753231,0.7655200204462744,26.359999410808086,1.0,2.2918692760414077,1
12:05:09.028779,93,-1.3499008594319872,2.4101138473509307,1.6703886413859133,0.7655200204462744,62.87999859452248,1.0,2.261565013619297,1
12:05:09.028779,93,-1.2427287470283066,2.1905787256016067,1.3861996993369383,0.7655200204462744,16.99999962002039,1.0,4.442941051579029,1
12:05:09.028779,93,-1.2725416936321252,2.270616308079373,1.4740531021808645,0.7655200204462744,33.359999254345894,1.0,1.823390566755322,1
12:05:09.028779,93,-1.2955603657661048,2.36794732082584,1.6744987110406295,0.7655200204462744,85.35999809205532,1.0,1.3114570886679364,1
12:05:09.028779,93,-1.325700758643238,2.423036118266661,1.6669261293296669,0.7655200204462744,75.35999831557274,1.0,2.066541384583491,1
12:05:09.028779,93,-1.2197360036527962,2.1954326655875103,1.358065273483828,0.7655200204462744,21.359999522566795,1.0,3.7154336687911518,1
12:05:09.028779,93,-1.249184735753516,2.2827954127247514,1.4707897209266012,0.7655200204462744,42.75999904423952,1.0,1.1648400429648782,1
12:05:09.028779,93,-1.3192102665638803,2.3553188434526757,1.6778825013544036,0.7655200204462744,66.9999985024333,1.0,1.702430973081875,1
12:05:09.028779,93,-1.3060748268739584,2.4155646358565472,1.5541964874288985,0.7655200204462744,87.11999805271626,1.0,1.5892755202768831,1
12:05:09.028779,93,-1.2731219269439589,2.3757773510360187,1.6444092210092254,0.7655200204462744,107.11999760568142,1.0,0.9953892403805955,1
12:05:09.028779,93,-1.1261303052509248,2.2182987958099147,1.2714797951005696,0.6958000185841229,42.23999905586243,1.0,1.9006319518963648,1
12:05:09.028779,93,-1.0998078668810192,2.186105974375445,1.361873889956762,0.7655200204462744,20.87999953329563,1.0,3.827688045716092,1
12:05:09.028779,93,-1.261564784881675,2.422739077071508,1.203609398910671,0.6263600167294499,12.759999714791777,1.0,2.4584754265221167,1
12:05:09.028779,93,-1.232038996138237,2.4523418387416744,1.544342065615953,0.7655200204462744,95.11999787390232,1.0,2.2694653557630473,1
12:05:09.028779,93,-1.2040280448421394,2.3965867627889743,1.5547016502132898,0.7655200204462744,141.87999682873487,1.0,0.8358636437630403,1
12:05:09.028779,93,-1.178373762483897,2.317970671846597,1.4613645386513472,0.7655200204462744,68.35999847203493,1.0,0.26185629048268677,1
12:05:09.028779,93,-1.1549932545771298,2.3026730666986843,1.3555093098767843,0.7655200204462744,80.51999820023775,1.0,0.18341826927628926,1
12:05:09.028779,93,-1.2885103098324835,2.442811223385253,1.3159950001025515,0.7655200204462744,13.999999687075617,1.0,2.7984461749451626,1
12:05:09.028779,93,-1.2815235452687126,2.428061880199667,1.5508478608995448,0.7655200204462744,94.75999788194896,1.0,1.6331910524035425,1
12:05:09.028779,93,-1.2523875408696306,2.3728588198392684,1.5610595333647153,0.7655200204462744,128.63999712467194,1.0,0.606197750845425,1
12:05:09.028779,93,-1.2020984158831327,2.3064737785167337,1.464445121934551,0.7655200204462744,54.75999877601862,1.0,0.38638523040142436,1
12:05:09.028779,93,-1.1737597136921487,2.2185528290329275,1.3518702443597528,0.7655200204462744,26.99999939650297,1.0,2.2322654917027958,1
12:05:09.028779,93,-1.1493862801544756,2.207308803282177,1.274424554723201,0.6958000185841229,34.23999923467636,1.0,2.321678740177523,1
12:05:09.084399,94,-1.1062154076852504,2.5088181117867414,1.5292092938620077,0.8349600223009475,65.23999854177237,1.0,1.3025640432935466,1
12:05:09.084399,94,-1.0832315020649237,2.428484094987577,1.4337166981174303,0.8349600223009475,62.1199986115098,1.0,0.5280707246854572,1
12:05:09.084399,94,-1.0582954040667625,2.365704227858674,1.4210913164440742,0.7655200204462744,50.87999886274338,1.0,0.8601100456466793,1
12:05:09.084399,94,-1.0332433934393974,2.289574466703003,1.359673870454699,0.7655200204462744,36.999999172985554,1.0,2.49464534870755,1
12:05:09.084399,94,-1.1573391782591451,2.5548035131367475,1.5214674856847774,0.8349600223009475,24.119999460875988,1.0,2.886043951298191,1
12:05:09.084399,94,-0.9795859635398316,2.535413514946343,1.4070291883418586,0.6263600167294499,23.639999471604824,1.0,3.8748056766809977,1
12:05:09.084399,94,-1.1316114907009729,2.498010147982227,1.532105279035252,0.8349600223009475,80.23999820649624,1.0,1.0735101747499587,1
12:05:09.084399,94,-1.056964212018612,2.279479455261322,1.3623788206180802,0.7655200204462744,47.11999894678593,1.0,2.1827141133221963,1
12:05:09.084399,94,-1.0823206847729516,2.361649757942692,1.4496607628057692,0.8349600223009475,68.35999847203493,1.0,0.5377915040232781,1
12:05:09.084399,94,-1.1831969195023426,2.543499497868182,1.5244963874472188,0.8349600223009475,24.35999945551157,1.0,2.840215157923875,1
12:05:09.084399,94,-1.15689441351569,2.4869574213405787,1.5350668482130436,0.8349600223009475,89.35999800264835,1.0,0.9556554174789746,1
12:05:09.084399,94,-1.1313280746773142,2.4249440711162946,1.5190163162129753,0.8349600223009475,105.639997638762,1.0,0.13864810932911187,1
12:05:09.084399,94,-1.106603881997304,2.4357525423175965,1.5161201950831713,0.8349600223009475,83.3599981367588,1.0,0.3088765943260369,1
12:05:09.084399,94,-1.1313657040677425,2.5658572007768607,1.518505659008223,0.8349600223009475,23.11999948322773,1.0,3.0431119121257986,1
12:05:09.084399,94,-1.106502332413288,2.3510784666773588,1.4524933317632691,0.8349600223009475,89.23999800533056,1.0,0.3464364133276255,1
12:05:09.084399,94,-1.033893622066011,2.375808808906901,1.4183838021123467,0.7655200204462744,37.99999915063381,1.0,1.2577265421316626,1
12:05:09.084399,94,-1.0582547527866408,2.4388267653464832,1.4309453879471803,0.8349600223009475,45.99999897181988,1.0,0.8725514352474644,1
12:05:09.084399,94,-1.0807087040555476,2.519380231966796,1.5263791822894015,0.8349600223009475,50.6399988681078,1.0,1.6438220895209759,1
12:05:09.084399,94,-1.1052790942537911,2.576659455429018,1.5156112035977425,0.8349600223009475,21.51999951899052,1.0,3.3124785794851275,1
12:05:09.084399,94,-0.9853463429035548,2.3020187991699226,1.3295056050660647,0.7655200204462744,22.51999949663877,1.0,3.595823882101711,1
12:05:09.084399,94,-1.0093884515692506,2.3856771855495214,1.4157395785603506,0.7655200204462744,28.999999351799488,1.0,1.767102296219017,1
12:05:09.084399,94,-1.0331721789196864,2.448927665730677,1.4282388598464086,0.8349600223009475,34.639999225735664,1.0,1.3292877170412893,1
12:05:09.084399,94,-1.0550939304608582,2.5296954523192223,1.5236152273262198,0.8349600223009475,38.87999913096428,1.0,2.09831026107764,1
12:05:09.084399,94,-1.0790819574564188,2.5872091968768034,1.5127844088964513,0.8349600223009475,19.759999558329586,1.0,3.6952258405155374,1
12:05:09.084399,94,-0.9372101547796772,2.3205898875313395,1.324529496937056,0.7655200204462744,17.879999600350857,1.0,4.970379071354869,1
12:05:09.084399,94,-0.9602217916301596,2.384442313438897,1.333599306247043,0.8349600223009475,22.63999949395657,1.0,3.3053346007019715,1
12:05:09.084399,94,-0.9826996006968,2.468400140526428,1.4230212259502515,0.6263600167294499,26.6399994045496,1.0,2.5835503529485218,1
12:05:09.084399,94,-1.0300439088269957,2.534198565264284,1.493668179040467,0.8349600223009475,29.999999329447743,1.0,2.5627765115964403,1
12:05:09.084399,94,-0.9573146435564046,2.47776976770682,1.4205106419138849,0.6263600167294499,20.999999530613422,1.0,3.3831344301245876,1
12:05:09.084399,94,-1.0094192513864912,2.2994398517093377,1.3570304485092293,0.7655200204462744,28.759999357163903,1.0,2.9165275133714372,1
12:05:09.084399,94,-1.0805793350621502,2.2691558268769803,1.3651450285066236,0.7655200204462744,57.2399987205863,1.0,1.9798681765628672,1
12:05:09.084399,94,-1.2523147884856642,2.460391496090202,1.6569167860088898,0.8349600223009475,59.239998675882816,1.0,1.846733180229677,1
12:05:09.084399,94,-1.155186953671733,2.4193757888871814,1.5485953490739834,0.8349600223009475,117.2399973794818,1.0,0.1478042769190549,1
12:05:09.084399,94,-1.1790437411927153,2.4909912790851574,1.6200749559566725,0.8349600223009475,86.87999805808067,1.0,1.2318214920651682,1
12:05:09.084399,94,-1.2874579989452974,2.1920979165765946,1.4931278998255166,0.7655200204462744,16.239999637007713,1.0,4.184628792766695,1
12:05:09.084399,94,-1.316233872031462,2.268590127485864,1.584418302298534,0.8349600223009475,22.75999949127436,1.0,3.2248973182552634,1
12:05:09.084399,94,-1.3427282474402351,2.3424625608108203,1.6813273319059552,0.8349600223009475,21.99999950826168,1.0,3.6687152998455526,1
12:05:09.084399,94,-1.29317994202719,2.2811927331984343,1.5810414442753231,0.7655200204462744,29.23999934643507,1.0,2.5170686391641826,1
12:05:09.084399,94,-1.3192102665638803,2.3553188434526757,1.6778825013544036,0.8349600223009475,27.99999937415123,1.0,2.956104711952501,1
12:05:09.084399,94,-1.2422316721212112,2.216533656418285,1.4865803630684788,0.7655200204462744,26.119999416172504,1.0,2.8959218554460286,1
12:05:09.084399,94,-1.269996695112142,2.2935720286384687,1.5777244220592996,0.7655200204462744,38.75999913364649,1.0,1.9128097040028837,1
12:05:09.084399,94,-1.2955603657661048,2.36794732082584,1.6744987110406295,0.8349600223009475,36.51999918371439,1.0,2.3477545736403775,1
12:05:09.084399,94,-1.325700758643238,2.423036118266661,1.6669261293296669,0.8349600223009475,27.519999384880062,1.0,3.2348910860532714,1
12:05:09.084399,94,-1.2197360036527962,2.222267823955056,1.458215447940666,0.7655200204462744,33.7599992454052,1.0,2.48301863149586,1
12:05:09.084399,94,-1.2466864495915877,2.3057267758867943,1.5744675673499064,0.7655200204462744,52.11999883502722,1.0,1.4128389052901813,1
12:05:09.084399,94,-1.2731219269439589,2.3757773510360187,1.6444092210092254,0.8349600223009475,48.75999891012907,1.0,1.6540476832690634,1
12:05:09.084399,94,-1.3013680888892978,2.435723991951876,1.6635264238220455,0.8349600223009475,35.11999921500683,1.0,2.666242188985686,1
12:05:09.084399,94,-1.1737597136921487,2.2453879874004734,1.452020418816591,0.7655200204462744,43.35999903082848,1.0,1.792102546422463,1
12:05:09.084399,94,-1.2649080804074042,2.204425000597887,1.489824867616981,0.7655200204462744,20.51999954134226,1.0,3.4888458709744414,1
12:05:09.084399,94,-1.2523875408696306,2.3728588198392684,1.5610595333647153,0.8349600223009475,65.87999852746725,1.0,0.9252795182856253,1
12:05:09.084399,94,-1.22404803747965,2.312275166358742,1.545279341950945,0.7655200204462744,70.51999842375517,1.0,0.9415550090749475,1
12:05:09.084399,94,-1.1305733307474115,2.3402741310905286,1.4553883447585152,0.8349600223009475,106.11999762803316,1.0,0.26428330796523575,1
12:05:09.084399,94,-1.1040864010774922,2.258604613904169,1.3679722175018574,0.8349600223009475,63.35999858379364,1.0,1.8852593641135493,1
12:05:09.084399,94,-1.2301058724214045,2.540583752507023,1.64261775273808,0.8349600223009475,22.63999949395657,1.0,3.1610655805990198,1
12:05:09.084399,94,-1.2040288180008345,2.479481826775925,1.623158904408256,0.8349600223009475,74.63999833166599,1.0,1.2814944136537476,1
12:05:09.084399,94,-1.179666482086878,2.4080992189966666,1.55161689686954,0.8349600223009475,109.11999756097794,1.0,0.1805660923409146,1
12:05:09.084399,94,-1.077147076217563,2.203495445486987,1.383393475961885,0.7655200204462744,11.759999737143517,1.0,4.139031630114106,1
12:05:09.084399,94,-1.127483059377731,2.247826871455344,1.3708601048872504,0.8349600223009475,61.99999861419201,1.0,1.8980573901834448,1
12:05:09.084399,94,-1.2807867188852753,2.5163295845616998,1.6491166374521185,0.8349600223009475,20.87999953329563,1.0,3.6879532814945613,1
12:05:09.084399,94,-1.2040280448421394,2.3965867627889743,1.5547016502132898,0.8349600223009475,87.87999803572893,1.0,0.3216419002904058,1
12:05:09.084399,94,-1.176782838590133,2.335466184356932,1.539065327406674,0.7655200204462744,91.63999795168638,1.0,0.4403658866033886,1
12:05:09.084399,94,-1.150594353840248,2.2566138488149026,1.449012458316251,0.7655200204462744,53.87999879568815,1.0,1.604608133490127,1
12:05:09.084399,94,-1.1545312726956551,2.329237831606707,1.4583455122926332,0.8349600223009475,107.2399976029992,1.0,0.2904598824130426,1
12:05:09.084399,94,-1.2769052834167556,2.4481761996298346,1.6601898648307518,0.8349600223009475,45.639998979866505,1.0,2.203245192142661,1
12:05:09.142930,95,-1.058678209936165,2.411650919793524,1.325653980860051,0.904680024163099,54.51999878138304,1.0,1.5363651145178652,1
12:05:09.142930,95,-1.082007936691447,2.436000495692957,1.2033287094819285,0.7655200204462744,63.23999858647585,1.0,1.1865945135576141,1
12:05:09.142930,95,-1.1035082261084066,2.4549204172699395,1.077458038185504,0.7655200204462744,72.51999837905169,1.0,1.504762454022774,1
12:05:09.142930,95,-1.1280392498502068,2.509493377956108,1.0569499003822298,0.7655200204462744,25.23999943584204,1.0,3.5547708191480725,1
12:05:09.142930,95,-1.1667088750793395,2.261604302270796,0.3461674039429594,0.3480400092958007,15.239999659359457,1.0,4.286650444712929,1
12:05:09.142930,95,-0.9853463429035548,2.3020187991699226,1.3295056050660647,0.8349600223009475,20.51999954134226,1.0,4.789380992511159,1
12:05:09.142930,95,-1.033893622066011,2.348318881992052,1.315789998169774,0.904680024163099,54.35999878495932,1.0,2.259352246361261,1
12:05:09.142930,95,-1.033585599359992,2.4217558620196966,1.322946369750985,0.904680024163099,40.3599990978837,1.0,2.229851751098602,1
12:05:09.142930,95,-1.1576406085216422,2.2766512015207376,0.4807809803902065,0.3480400092958007,21.359999522566795,1.0,2.8939905761798816,1
12:05:09.142930,95,-1.0092678372436896,2.292385472356956,1.3320868472060243,0.8349600223009475,23.519999474287037,1.0,4.357558104478986,1
12:05:09.142930,95,-1.0330884056456655,2.282521567170638,1.3347298726349153,0.8349600223009475,25.999999418854717,1.0,4.08406544111956,1
12:05:09.142930,95,-1.1710348076307495,2.335188225434692,0.5833587848235153,0.904680024163099,20.75999953597784,1.0,2.027439726155326,1
12:05:09.142930,95,-1.1546630409982075,2.498468680847604,1.0599039590692514,0.904680024163099,24.879999443888664,1.0,2.934080580735054,1
12:05:09.142930,95,-1.1327258367661708,2.4805688028174817,1.1881139705985242,0.7655200204462744,86.35999806970358,1.0,1.8530769627725132,1
12:05:09.142930,95,-1.108875733647759,2.45716893292227,1.3128026647140407,0.904680024163099,82.11999816447496,1.0,1.3456882458811354,1
12:05:09.142930,95,-1.0836649535783054,2.401304110849181,1.328426399960927,0.904680024163099,74.75999832898378,1.0,1.005499648292285,1
12:05:09.142930,95,-1.0584541735088515,2.345439288776092,1.3440501352078127,0.904680024163099,72.35999838262796,1.0,1.901069483422026,1
12:05:09.142930,95,-1.2349886177895024,2.3017570934266844,0.4547028532318586,0.7655200204462744,13.639999695122242,1.0,4.413542342231116,1
12:05:09.142930,95,-1.197198542179199,2.3237504415990213,0.586423529765485,0.7655200204462744,18.999999575316902,1.0,2.389886857154378,1
12:05:09.142930,95,-1.1844891538739917,2.524398932271594,1.1730970258257776,0.904680024163099,23.75999946892261,1.0,3.6630900414575134,1
12:05:09.142930,95,-1.056362368906158,2.4463281170475013,1.200561431680244,0.7655200204462744,48.99999890476465,1.0,1.87636868923555,1
12:05:09.142930,95,-1.2086945171301318,2.3135592747709874,0.451540468271727,0.7655200204462744,14.759999670088291,1.0,3.758456311792827,1
12:05:09.142930,95,-1.072603354842378,2.425015844558551,0.9683660880200152,0.7655200204462744,59.75999866425991,1.0,1.341504172305654,1
12:05:09.142930,95,-1.0878180920100908,2.294272339033716,0.3374140298740249,0.3480400092958007,12.11999972909689,1.0,3.368255402168491,1
12:05:09.142930,95,-1.1055669654101226,2.298512836217228,0.4749231730280576,0.3480400092958007,20.63999953866005,1.0,2.3318936518747138,1
12:05:09.142930,95,-0.9606732156128628,2.285600323761628,0.3615748310486975,0.3480400092958007,10.87999975681305,1.0,4.5545640699646786,1
12:05:09.142930,95,-1.007948346127311,2.3246399398861257,0.329277055749551,0.3480400092958007,8.999999798834324,0.8999999798834324,4.052682956045984,1
12:05:09.142930,95,-0.9869425033291062,2.276193983972519,0.3640952521989218,0.3480400092958007,11.639999739825726,1.0,4.064230443650228,1
12:05:09.142930,95,-0.9788278660021822,2.289409999037097,0.496713294596192,0.3480400092958007,18.999999575316902,1.0,3.4583823790124057,1
12:05:09.142930,95,-1.0613000850380756,2.304651869052732,0.3346328431876149,0.3480400092958007,10.519999764859676,1.0,3.420316949071977,1
12:05:09.142930,95,-1.039182381453674,2.256622468486806,0.3693394239679719,0.3480400092958007,13.35999970138073,1.0,3.5991941683458935,1
12:05:09.142930,95,-1.004783285773034,2.279829813212144,0.4992802976513282,0.3480400092958007,20.75999953597784,1.0,3.040936073823604,1
12:05:09.142930,95,-1.1601224512473547,2.501953484456467,1.3001478790099692,0.7655200204462744,99.63999777287243,1.0,2.3092797308345068,1
12:05:09.142930,95,-1.065147747917953,2.2464592499253526,0.3720626501740143,0.3480400092958007,15.999999642372131,1.0,3.6273481145931368,1
12:05:09.142930,95,-1.0425629770115306,2.3277742183887256,0.6021793102236339,0.3480400092958007,22.359999500215054,1.0,1.8357160044798608,1
12:05:09.142930,95,-0.9576977098540898,2.4506095050678325,1.315215059397541,0.904680024163099,23.75999946892261,1.0,5.271605824904756,1
12:05:09.142930,95,-0.9352771642906228,2.3863654125258686,1.3055954610384322,0.904680024163099,23.519999474287037,1.0,5.390750184263543,1
12:05:09.142930,95,-1.11422731808428,2.2836371879836683,0.340263710009268,0.3480400092958007,13.639999695122242,1.0,3.4942816739348936,1
12:05:09.142930,95,-1.079363005539644,2.3090653253567828,0.4720956420849758,0.3480400092958007,18.639999583363533,1.0,2.3173052377983554,1
12:05:09.142930,95,-1.0528198476788488,2.381825094286163,0.7046804864592451,0.7655200204462744,23.87999946624041,1.0,1.732317569488039,1
12:05:09.142930,95,-1.0464562412295138,2.4352502015727016,0.965623800323022,0.7655200204462744,49.23999889940024,1.0,2.030249614660921,1
12:05:09.142930,95,-1.0277243952290245,2.420697309275865,1.092513449393839,0.7655200204462744,38.6399991363287,1.0,1.931149775315676,1
12:05:09.142930,95,-0.983092824701373,2.4412361286620223,1.3177266480358307,0.904680024163099,30.63999931514263,1.0,4.0989103071286666,1
12:05:09.142930,95,-0.9600777571674928,2.377211475104435,1.3080482511780702,0.904680024163099,30.51999931782484,1.0,4.37167713123947,1
12:05:09.142930,95,-1.1641999436809818,2.319924774697994,0.3087896515811112,0.3480400092958007,6.519999854266644,0.6519999854266645,4.3866293435510295,1
12:05:09.142930,95,-1.1405251223601611,2.272747479408784,0.3431815986277189,0.3480400092958007,14.759999670088291,1.0,3.799907804181446,1
12:05:09.142930,95,-1.0964473622912068,2.4789240256211387,0.9454328326179472,0.7655200204462744,24.879999443888664,1.0,2.9479698149317555,1
12:05:09.142930,95,-1.1343328914401691,2.44633497715768,1.3157056144119972,0.904680024163099,104.63999766111374,1.0,0.858652984452599,1
12:05:09.142930,95,-1.0093884515692506,2.3581872586346724,1.313145774617778,0.904680024163099,40.51999909430742,1.0,2.80461728774422,1
12:05:09.142930,95,-1.0827537718257976,2.335097962560108,1.3468210852160525,0.904680024163099,90.8799979686737,1.0,1.649436459760949,1
12:05:09.142930,95,-1.2600499474343343,2.508096914694374,1.533982481018616,0.904680024163099,91.5199979543686,1.0,2.804033388322699,1
12:05:09.142930,95,-1.232038996138237,2.4523418387416744,1.544342065615953,0.904680024163099,105.5199976414442,1.0,1.3495283135529008,1
12:05:09.142930,95,-1.206440846075351,2.373181232944054,1.4485350553411225,0.904680024163099,85.11999809741974,1.0,0.8467740203091081,1
12:05:09.142930,95,-1.178845284859035,2.291401398421752,1.3585295442889398,0.904680024163099,58.75999868661165,1.0,2.2879438918360355,1
12:05:09.142930,95,-1.3106595496677944,2.483264940560066,1.5406361884343744,0.904680024163099,77.51999826729298,1.0,2.9670837494626197,1
12:05:09.142930,95,-1.2815235452687126,2.428061880199667,1.5508478608995448,0.904680024163099,82.35999815911055,1.0,1.7587181348462,1
12:05:09.142930,95,-1.230730584892588,2.3614105009762274,1.4516890134662248,0.904680024163099,61.99999861419201,1.0,1.1989831789938323,1
12:05:09.142930,95,-1.332358680510271,2.486319267323304,1.6278640316603212,0.904680024163099,64.3599985614419,1.0,3.604828435865462,1
12:05:09.142930,95,-1.3060748268739584,2.4155646358565472,1.5541964874288985,0.904680024163099,62.99999859184027,1.0,2.2240284952658804,1
12:05:09.142930,95,-1.278938429798483,2.3371681522671506,1.4581847312254554,0.904680024163099,45.2399989888072,1.0,2.419597417066771,1
12:05:09.142930,95,-1.2906420968497136,2.538812916236425,1.4100466054104477,0.904680024163099,18.11999959498644,1.0,4.60428490580304,1
12:05:09.142930,95,-1.249684592906095,2.2562120640359664,1.3679584980198,0.8349600223009475,33.2399992570281,1.0,4.532758547924005,1
12:05:09.142930,95,-1.325700758643238,2.423036118266661,1.6669261293296669,0.904680024163099,48.35999891906977,1.0,3.0411826527785304,1
12:05:09.142930,95,-1.3028517151430392,2.3246989597404624,1.4615258412932497,0.904680024163099,33.87999924272299,1.0,3.2909404028980576,1
12:05:09.142930,95,-1.2728599377769372,2.2643082368511247,1.4482602903503003,0.904680024163099,25.63999942690134,1.0,5.042749353275715,1
12:05:09.142930,95,-1.3805914523000942,2.464908851249186,1.6628947814174224,0.904680024163099,43.87999901920557,1.0,4.699453923619245,1
12:05:09.142930,95,-1.3499008594319872,2.4101138473509307,1.6703886413859133,0.904680024163099,37.75999915599823,1.0,3.741919528858878,1
12:05:09.142930,95,-1.326634716407611,2.3119994099240064,1.4649286754108082,0.7655200204462744,25.87999942153692,1.0,4.338262445235055,1
12:05:09.142930,95,-1.2960954519631764,2.251901031947231,1.4515847908846262,0.904680024163099,20.119999550282955,1.0,6.216615972022958,1
12:05:09.142930,95,-1.3739659712657413,2.396958471420948,1.6739136137424795,0.904680024163099,29.879999332129955,1.0,4.619993845357072,1
12:05:09.142930,95,-1.3502850553119985,2.2990707727621245,1.4683928932975694,0.7655200204462744,20.359999544918537,1.0,5.563026160144931,1
12:05:09.142930,95,-1.1085433316329831,2.3907164698588943,1.3312633498140247,0.904680024163099,100.6399977505207,1.0,0.6387052274280934,1
12:05:09.142930,95,-1.3558411515203714,2.4781249157074834,1.659353547618704,0.904680024163099,52.999998815357685,1.0,4.1171905011061884,1
12:05:09.142930,95,-1.127483059377731,2.247826871455344,1.3708601048872504,0.8349600223009475,24.35999945551157,1.0,4.43534316346825,1
12:05:09.142930,95,-1.2025794316000915,2.2798999046479365,1.3616113602573852,0.8349600223009475,43.99999901652336,1.0,2.865731163402017,1
12:05:09.142930,95,-1.182030464184264,2.384716759435412,1.4454441203334951,0.904680024163099,111.87999749928711,1.0,0.6646696229779607,1
12:05:09.142930,95,-1.056805666072599,2.2724280699932256,1.3374344170524086,0.8349600223009475,27.639999382197857,1.0,3.9701998017478433,1
12:05:09.142930,95,-1.2611592206217686,2.2897015249161257,0.4579331330785607,0.7655200204462744,12.11999972909689,1.0,5.254497293766934,1
12:05:09.142930,95,-1.1549932545771298,2.3026730666986843,1.3555093098767843,0.904680024163099,77.11999827623367,1.0,1.8788014261617143,1
12:05:09.142930,95,-1.2124081381148666,2.545988898629259,1.287693824056906,0.904680024163099,22.359999500215054,1.0,4.42013877575113,1
12:05:09.142930,95,-1.185567976388216,2.5190758830027327,1.413370985576894,0.7655200204462744,108.75999756902456,1.0,2.815969527091789,1
12:05:09.142930,95,-1.1592127617299066,2.4630767442276085,1.426411767639019,0.904680024163099,125.63999719172716,1.0,1.1913929231948384,1
12:05:09.142930,95,-1.1333108562832368,2.3798890555778915,1.334164546726737,0.904680024163099,124.3599972203374,1.0,0.437435138589735,1
12:05:09.142930,95,-1.1069450956726934,2.324522441227436,1.34965478761668,0.904680024163099,100.6399977505207,1.0,1.5609280951096787,1
12:05:09.142930,95,-1.0805793350621502,2.2691558268769803,1.3651450285066236,0.8349600223009475,27.87999937683344,1.0,3.909951469416489,1
12:05:09.142930,95,-1.287203708588573,2.277393774786063,0.4612309847865552,0.7655200204462744,10.639999762177467,1.0,6.282912128495552,1
12:05:09.142930,95,-1.2614536913074723,2.354575815805256,0.6976919666453394,0.7655200204462744,14.119999684393406,1.0,3.059504780400436,1
12:05:09.142930,95,-1.2232425578764448,2.312060511596292,0.5895558370692926,0.7655200204462744,16.519999630749226,1.0,2.933922295843634,1
12:05:09.142930,95,-1.2113589792163706,2.507499518540888,1.4164728630857335,0.904680024163099,110.23999753594398,1.0,2.4147828709779375,1
12:05:09.142930,95,-1.238783025377138,2.534150455990076,1.2908659252017174,0.904680024163099,20.87999953329563,1.0,4.023700990837119,1
12:05:09.142930,95,-1.2345548719660464,2.520145030933432,1.5307541980020445,0.904680024163099,103.63999768346548,1.0,2.983862217325318,1
12:05:09.142930,95,-1.265034035374725,2.522057847672048,1.2941061298349188,0.904680024163099,19.519999563694,1.0,3.8029764109801567,1
12:05:09.142930,95,-1.2875042604558635,2.3422651919130533,0.7009905883755785,0.7655200204462744,11.9999997317791,1.0,3.785037870833999,1
12:05:09.142930,95,-1.2095296556728723,2.4401956872641164,1.432542728374357,0.904680024163099,126.51999717205764,1.0,0.8114515775455736,1
12:05:09.142930,95,-1.1310257259374212,2.31371378232135,1.3525509590418292,0.904680024163099,94.35999789088964,1.0,1.636923068164287,1
12:05:09.142930,95,-1.157791354599938,2.3895754422829185,1.4160045809113546,0.904680024163099,129.759997099638,1.0,0.5632104941169731,1
12:05:09.142930,95,-1.1844304297267176,2.451757722724101,1.4294446903099942,0.904680024163099,135.11999697983265,1.0,0.9166242290440908,1
12:05:09.142930,95,-1.1040864010774922,2.258604613904169,1.3679722175018574,0.8349600223009475,26.6399994045496,1.0,4.0910155553029925,1
12:05:09.190599,96,-1.2847964594915418,2.6535382713338884,1.6267285147875896,0.904680024163099,20.63999953866005,1.0,3.5302503467072,1
12:05:09.190599,96,-1.1069450956726934,2.324522441227436,1.34965478761668,0.904680024163099,19.759999558329586,1.0,4.914835168305741,1
12:05:09.190599,96,-1.1579650507973505,2.368822950738532,1.337129700581801,0.904680024163099,31.87999928742647,1.0,2.273543211739643,1
12:05:09.190599,96,-1.0334305602349465,2.414355718099422,1.2967859441694911,0.904680024163099,23.75999946892261,1.0,3.9293090830590227,1
12:05:09.190599,96,-1.2045796647052152,2.552342478429754,1.6394670116230654,0.904680024163099,36.999999172985554,1.0,0.9811667523301127,1
12:05:09.190599,96,-1.2313575098128875,2.609081134702729,1.6314523515704016,0.904680024163099,61.99999861419201,1.0,1.849235605215191,1
12:05:09.190599,96,-1.1333108562832368,2.3798890555778915,1.334164546726737,0.904680024163099,33.639999248087406,1.0,2.354486821608232,1
12:05:09.190599,96,-1.178803415024791,2.632362277053724,1.6252141882785789,0.904680024163099,40.639999091625214,1.0,3.0889818728175658,1
12:05:09.190599,96,-1.2051407189499528,2.620848615326553,1.6282992646402992,0.904680024163099,50.35999887436628,1.0,2.4097574577148713,1
12:05:09.190599,96,-1.1083770487548956,2.383320981886038,1.3051016766751804,0.904680024163099,33.2399992570281,1.0,2.6894244974886146,1
12:05:09.190599,96,-1.1573391782591451,2.5548035131367475,1.5214674856847774,0.904680024163099,23.519999474287037,1.0,1.4038045379161292,1
12:05:09.190599,96,-1.0835024024878592,2.393907034717012,1.3022651523680877,0.904680024163099,30.999999307096004,1.0,2.984978933111634,1
12:05:09.190599,96,-1.1523482317457292,2.643620968527716,1.6221974309902911,0.904680024163099,32.75999926775694,1.0,3.886067383244652,1
12:05:09.190599,96,-1.0585194068883328,2.404252291627148,1.2994931491335242,0.904680024163099,27.519999384880062,1.0,3.3984872315243737,1
12:05:09.190599,96,-1.125777814608931,2.654623563888813,1.619249294448639,0.904680024163099,26.75999940186739,1.0,4.800208616673603,1
12:05:09.190599,96,-1.257451165956473,2.597061011920456,1.6346731337628349,0.904680024163099,73.99999834597111,1.0,1.4082934839994263,1
12:05:09.190599,96,-1.1789330000317528,2.563854056303206,1.6363824936282658,0.904680024163099,29.35999934375286,1.0,1.4651664921055552,1
12:05:09.190599,96,-1.2301058724214045,2.540583752507023,1.64261775273808,0.904680024163099,46.75999895483256,1.0,0.6174728866686328,1
12:05:09.190599,96,-1.2312230576775558,2.3342036775603754,1.3464059068724403,0.904680024163099,21.119999527931213,1.0,2.7546642375831945,1
12:05:09.190599,96,-1.3092586492848866,2.572267673033196,1.641316488895347,0.904680024163099,83.3599981367588,1.0,0.8888330978179608,1
12:05:09.190599,96,-1.1825034497765283,2.3575192619420253,1.3401585148663178,0.904680024163099,28.759999357163903,1.0,2.312744006637505,1
12:05:09.190599,96,-1.4704764976376388,2.4267313446810577,1.7899471919633507,0.974120026017772,33.11999925971031,1.0,4.024099169800478,1
12:05:09.190599,96,-1.5110476909376085,2.4632412525611294,1.6705300302144934,0.974120026017772,32.75999926775694,1.0,3.793361282437733,1
12:05:09.190599,96,-1.446419293232594,2.440818986648361,1.786172419674953,0.974120026017772,41.63999906927347,1.0,3.2085268411740406,1
12:05:09.190599,96,-1.4614571497268665,2.491954400974318,1.6628363652850244,0.974120026017772,39.87999910861254,1.0,2.3023183813712893,1
12:05:09.190599,96,-1.422217448110037,2.4546735533671225,1.7824600997111777,0.974120026017772,52.11999883502722,1.0,2.5238607894161342,1
12:05:09.190599,96,-1.4364414189167536,2.5059502926412027,1.6590861774155292,0.974120026017772,48.87999890744686,1.0,1.7509080144315994,1
12:05:09.190599,96,-1.3733895305912671,2.481677942724636,1.7752242953907365,0.974120026017772,63.35999858379364,1.0,1.5427170960105,1
12:05:09.190599,96,-1.4112820451682009,2.5197038551474416,1.6554009214489316,0.974120026017772,59.75999866425991,1.0,1.32732537929224,1
12:05:09.190599,96,-1.4943866556248862,2.4124120362176065,1.7937840391023046,0.974120026017772,26.519999407231808,1.0,4.971745003656363,1
12:05:09.190599,96,-1.3859815443975043,2.533213713148305,1.6517809659077411,0.974120026017772,71.51999840140343,1.0,1.0304245369840042,1
12:05:09.190599,96,-1.3309552677614214,2.4911012538105948,1.655876548303262,0.974120026017772,74.23999834060669,1.0,0.383592359723713,1
12:05:09.190599,96,-1.3605424466335452,2.546478515669313,1.6482266727844783,0.904680024163099,81.51999817788601,1.0,0.8590913037336078,1
12:05:09.190599,96,-1.305936289590771,2.503836567935581,1.6524641311681154,0.974120026017772,68.63999846577644,1.0,0.2570636201342449,1
12:05:09.190599,96,-1.3349672957647858,2.559496936241327,1.644738397505479,0.904680024163099,86.23999807238579,1.0,0.8122438199152022,1
12:05:09.190599,96,-1.2069235994014311,2.345979119547783,1.3432506867013951,0.904680024163099,24.879999443888664,1.0,2.47285321766464,1
12:05:09.190599,96,-1.2345079296668051,2.428391794041512,1.435705572030897,0.974120026017772,25.51999942958355,1.0,0.4605224466391826,1
12:05:09.190599,96,-1.3558411515203714,2.4781249157074834,1.659353547618704,0.974120026017772,72.11999838799238,1.0,0.6350869361607749,1
12:05:09.190599,96,-1.2807867188852753,2.5163295845616998,1.6491166374521185,0.974120026017772,57.999998703598976,1.0,0.2545050270384179,1
12:05:09.249739,97,-1.107494008410553,2.552302291163983,1.4044679963426998,0.8349600223009475,47.35999894142151,1.0,0.5508099726792308,1
12:05:09.249739,97,-1.0831451917106545,2.4889851652717,1.3906773630113158,0.904680024163099,37.63999915868044,1.0,0.6444065291564576,1
12:05:09.249739,97,-1.058678209936165,2.411650919793524,1.325653980860051,0.904680024163099,21.87999951094389,1.0,0.9286472434037898,1
12:05:09.249739,97,-1.2092349825350044,2.710969831094178,1.3678455830018947,0.974120026017772,12.359999723732471,1.0,0.8141226698410343,1
12:05:09.249739,97,-1.1840342864409883,2.654472683872858,1.381019806025002,0.974120026017772,61.11999863386154,1.0,0.5085848414812111,1
12:05:09.249739,97,-1.158833590346972,2.5979755366515382,1.394194029048109,0.8349600223009475,82.99999814480543,1.0,0.3280998938974104,1
12:05:09.249739,97,-1.133632894252956,2.541478389430217,1.4073682520712163,0.8349600223009475,60.51999864727259,1.0,0.27266782708962184,1
12:05:09.249739,97,-1.2369961507384328,2.699155343760524,1.3710112653419353,0.974120026017772,13.35999970138073,1.0,0.6398144596910473,1
12:05:09.249739,97,-1.0835024024878592,2.422051730179165,1.4073025857963948,0.904680024163099,23.87999946624041,1.0,0.5288641597028095,1
12:05:09.249739,97,-1.211216906410853,2.6429044127908847,1.3841195149192411,0.974120026017772,71.11999841034412,1.0,0.3318013320700466,1
12:05:09.249739,97,-1.1854376620832725,2.5866534818212465,1.3972277644965465,0.8349600223009475,101.99999772012234,1.0,0.14910108403983555,1
12:05:09.249739,97,-1.1596584177556923,2.5304025508516075,1.4103360140738523,0.8349600223009475,76.11999829858541,1.0,0.09171371560040342,1
12:05:09.249739,97,-1.1338791734281122,2.4741516198819693,1.4234442636511575,0.904680024163099,51.759998843073845,1.0,0.1596392267517562,1
12:05:09.249739,97,-1.1321136362225086,2.609040054072734,1.3912293005404597,0.8349600223009475,65.75999853014946,1.0,0.6080739287832496,1
12:05:09.249739,97,-1.1084321981589398,2.4849812422088977,1.4205424750943232,0.904680024163099,44.99999899417162,1.0,0.3422886410578633,1
12:05:09.249739,97,-1.1567332640344643,2.6657778169814845,1.377990604738219,0.974120026017772,51.11999885737896,1.0,0.7902015171555345,1
12:05:09.249739,97,-1.051285255586811,2.640677446885927,1.3827520866855385,0.8349600223009475,41.11999908089638,1.0,2.0538796152116183,1
12:05:09.249739,97,-1.1083770487548956,2.411465677348191,1.4101391101034877,0.904680024163099,24.99999944120645,1.0,0.3324918119001381,1
12:05:09.249739,97,-1.0189556359646768,2.688634035192273,1.2488173736235255,0.6958000185841229,23.9999994635582,1.0,4.55297690298316,1
12:05:09.249739,97,-0.9972684334830528,2.6314098061266007,1.26480536087626,0.8349600223009475,26.75999940186739,1.0,4.192257083211551,1
12:05:09.249739,97,-1.0463999234901131,2.708344756664916,1.3665848276257797,0.974120026017772,28.759999357163903,1.0,2.9649198860276926,1
12:05:09.249739,97,-1.0245384051901132,2.62164514776636,1.267421793198252,0.8349600223009475,32.87999926507473,1.0,3.3535806628981653,1
12:05:09.249739,97,-1.0741471405501484,2.698103215672427,1.369329040263967,0.974120026017772,34.759999223053455,1.0,2.264095147226136,1
12:05:09.249739,97,-1.028680564330939,2.576530470380481,1.3685292063008885,0.8349600223009475,29.519999340176582,1.0,2.057081774652903,1
12:05:09.249739,97,-1.005963857772587,2.498029943885148,1.3018539898246184,0.8349600223009475,25.23999943584204,1.0,2.3657775686735194,1
12:05:09.249739,97,-1.15335266685839,2.7337914355834863,1.3617305525090022,0.974120026017772,10.99999975413084,1.0,1.489048029296931,1
12:05:09.249739,97,-1.1293165692706493,2.6768186816129247,1.3750322139764837,0.974120026017772,42.23999905586243,1.0,1.1766727388831981,1
12:05:09.249739,97,-1.1052804716829083,2.6198459276423627,1.3883338754439647,0.8349600223009475,51.87999884039164,1.0,0.9890426463458518,1
12:05:09.249739,97,-1.081514777566338,2.5561468695856813,1.3739909756726936,0.8349600223009475,37.11999917030335,1.0,0.9883431828114222,1
12:05:09.249739,97,-1.0574726689006422,2.499323641573628,1.3879071766352458,0.904680024163099,30.879999309778214,1.0,1.0267731500144273,1
12:05:09.249739,97,-1.1813528918464204,2.722515579890235,1.364751908935979,0.974120026017772,11.639999739825726,1.0,1.0971927377960804,1
12:05:09.249739,97,-1.264633620363144,2.6870732993281057,1.3742486393905184,0.974120026017772,14.6399996727705,1.0,0.5742095303214301,1
12:05:09.249739,97,-1.3909943090693524,2.512089717678398,1.5374925556616357,1.0438400278799236,59.63999866694212,1.0,2.792989655537938,1
12:05:09.249739,97,-1.2119231910465251,2.5750750217778573,1.400330203514769,0.8349600223009475,118.75999734550714,1.0,0.07102559525905972,1
12:05:09.249739,97,-1.206440846075351,2.373181232944054,1.4485350553411225,0.904680024163099,18.639999583363533,1.0,0.5135191055959328,1
12:05:09.249739,97,-1.3689315584659585,2.5936710612808627,1.520212843504034,0.974120026017772,66.51999851316214,1.0,1.7311447696063882,1
12:05:09.249739,97,-1.3397955540668764,2.538468000920464,1.5304245159692045,0.974120026017772,90.63999797403812,1.0,1.5317865953555874,1
12:05:09.249739,97,-1.3106595496677944,2.483264940560066,1.5406361884343744,0.8349600223009475,71.63999839872122,1.0,1.4571704367855238,1
12:05:09.249739,97,-1.2823579891803374,2.422424971873478,1.5236178231246578,0.904680024163099,36.87999917566776,1.0,1.3594121099603205,1
12:05:09.249739,97,-1.3951573927975147,2.580321425811177,1.5237898675473862,0.974120026017772,57.759998708963394,1.0,2.3434239052733097,1
12:05:09.249739,97,-1.232841218963567,2.4467207399288213,1.5171077916947346,0.904680024163099,44.23999901115894,1.0,0.6223198162185732,1
12:05:09.249739,97,-1.3654632041563293,2.5254024958263006,1.53392540750789,1.0438400278799236,73.75999835133553,1.0,2.1125542291149486,1
12:05:09.249739,97,-1.3060748268739584,2.4155646358565472,1.5541964874288985,0.904680024163099,30.23999932408333,1.0,2.0274521746657563,1
12:05:09.249739,97,-1.421243712558655,2.5667191399383804,1.5274345890622194,1.0438400278799236,49.51999889314175,1.0,3.0591660360030435,1
12:05:09.249739,97,-1.3607449055800498,2.4574602954184157,1.5475505222610515,1.0438400278799236,44.99999899417162,1.0,2.6532320812633277,1
12:05:09.249739,97,-1.3304955020907472,2.4028308731584334,1.557608488860467,0.904680024163099,24.759999446570877,1.0,2.639893313179215,1
12:05:09.249739,97,-1.4163863157168448,2.498530997743418,1.5411256037186132,1.0438400278799236,48.51999891549349,1.0,3.5727789761884,1
12:05:09.249739,97,-1.385584722294431,2.444196431607172,1.5511045638577907,1.0438400278799236,35.759999200701714,1.0,3.39487584551414,1
12:05:09.249739,97,-1.3357690155151438,2.470483565841424,1.5440609474683944,0.8349600223009475,56.99999872595072,1.0,2.0072303189124305,1
12:05:09.249739,97,-1.2600499474343343,2.508096914694374,1.533982481018616,0.8349600223009475,86.99999805539846,1.0,0.6459234842688195,1
12:05:09.249739,97,-1.2382784057048346,2.631074160552982,1.3872894214526434,0.974120026017772,78.9999982342124,1.0,0.25979579444499823,1
12:05:09.249739,97,-1.3160718500265296,2.619607066599773,1.5132633118239425,0.974120026017772,74.87999832630157,1.0,0.8181228470814288,1
12:05:09.249739,97,-1.2880608987304325,2.5638519906470743,1.5236228964212797,0.974120026017772,108.35999757796526,1.0,0.6703514023906246,1
12:05:09.249739,97,-1.1592127617299066,2.4630767442276085,1.426411767639019,0.904680024163099,55.87999875098467,1.0,0.07041580695867776,1
12:05:09.249739,97,-1.133140858245656,2.400639887192793,1.413039871833055,0.904680024163099,24.759999446570877,1.0,0.2258544540436994,1
12:05:09.249739,97,-1.2895604246045826,2.700802030077276,1.4960871299087963,0.974120026017772,15.87999964505434,1.0,0.5557915954624117,1
12:05:09.249739,97,-1.2626857304180128,2.6445167818392568,1.5065887737418338,0.974120026017772,82.63999815285206,1.0,0.3220621799523047,1
12:05:09.249739,97,-1.2366157151613846,2.5823707128110365,1.488613523615473,0.974120026017772,126.7599971666932,1.0,0.1534400720975756,1
12:05:09.249739,97,-1.2113589792163706,2.507499518540888,1.4164728630857335,0.8349600223009475,100.3599977567792,1.0,0.021143698588914076,1
12:05:09.249739,97,-1.185567976388216,2.5190758830027327,1.413370985576894,0.8349600223009475,91.23999796062708,1.0,0.007898932763619875,1
12:05:09.249739,97,-1.1575018802370645,2.396015926907316,1.4424165175342547,0.904680024163099,23.35999947786331,1.0,0.2539870705702886,1
12:05:09.249739,97,-1.3168874567847997,2.688213748838578,1.499460149700801,0.974120026017772,16.99999962002039,1.0,0.7683380685565588,1
12:05:09.249739,97,-1.2894432618452152,2.6321908428701954,1.5098914991345491,0.974120026017772,80.87999819219112,1.0,0.5178705902891076,1
12:05:09.249739,97,-1.262820797760084,2.5702992610902538,1.491848059355528,0.974120026017772,122.35999726504087,1.0,0.3191329099707253,1
12:05:09.249739,97,-1.235358732964373,2.5144039788953223,1.5028986387764536,0.8349600223009475,98.5199977979064,1.0,0.29429358174101505,1
12:05:09.249739,97,-1.2095296556728723,2.4401956872641164,1.432542728374357,0.904680024163099,51.11999885737896,1.0,0.1719157759433819,1
12:05:09.249739,97,-1.182030464184264,2.384716759435412,1.4454441203334951,0.904680024163099,21.119999527931213,1.0,0.33901066691746384,1
12:05:09.249739,97,-1.1844304297267176,2.451757722724101,1.4294446903099942,0.904680024163099,55.63999875634909,1.0,0.07454301864183943,1
12:05:09.305085,98,-1.0978217007627076,2.585804180028955,1.0306171255341992,0.7655200204462744,98.75999779254198,1.0,0.5410976648620947,1
12:05:09.305085,98,-1.07445593225148,2.5307685564445923,1.0512492334874126,0.7655200204462744,89.63999799638987,1.0,0.5135511169527995,1
12:05:09.305085,98,-1.0540425662847757,2.512255019760402,1.1796236743574713,0.7655200204462744,51.759998843073845,1.0,0.9153312853022058,1
12:05:09.305085,98,-1.0058129619431238,2.4904546502506264,1.2750857596600984,0.7655200204462744,29.879999332129955,1.0,2.5383342569982417,1
12:05:09.305085,98,-1.152429830923864,2.6688015223720947,1.1278590744606545,0.7655200204462744,42.75999904423952,1.0,1.9635797897730023,1
12:05:09.305085,98,-1.1284129654194373,2.6131831710409466,1.1460346637655516,0.7655200204462744,126.35999717563392,1.0,0.6580793533156443,1
12:05:09.305085,98,-1.1043960999150109,2.5575648197097984,1.1642102530704492,0.7655200204462744,120.11999731510878,1.0,0.2253507785256961,1
12:05:09.305085,98,-1.2049103479044223,2.712699329855062,1.1128369309759218,0.7655200204462744,6.359999857842922,0.6359999857842922,3.4644150987785167,1
12:05:09.305085,98,-1.0574726689006422,2.470524177564172,1.2804261137212043,0.7655200204462744,35.999999195337296,1.0,1.6708852166757804,1
12:05:09.305085,98,-1.1818256063103485,2.692178590003988,1.2472128117371053,0.7655200204462744,47.9999989271164,1.0,2.873739083909425,1
12:05:09.305085,98,-1.1558077231713904,2.602151140573525,1.1489906874201727,0.7655200204462744,156.23999650776386,1.0,0.3239983172333706,1
12:05:09.305085,98,-1.1312077943447427,2.5467675922800024,1.1671033614407582,0.7655200204462744,154.35999654978514,1.0,0.04834290363774179,1
12:05:09.305085,98,-1.1066078655180949,2.49138404398648,1.1852160354613432,0.7655200204462744,88.7599980160594,1.0,0.6389369942186988,1
12:05:09.305085,98,-1.124336767832104,2.6797975520508994,1.12491269718827,0.7655200204462744,37.239999167621136,1.0,2.7025191020173995,1
12:05:09.305085,98,-1.0831451917106545,2.460185701262244,1.2831963000972744,0.7655200204462744,41.879999063909054,1.0,1.5607800318818423,1
12:05:09.305085,98,-1.0803792344105845,2.501946468378649,1.1823858423753464,0.7655200204462744,68.87999846041203,1.0,0.6653940654031752,1
12:05:09.305085,98,-0.9788021641399705,2.475817597880801,1.192659749105748,0.7655200204462744,24.51999945193529,1.0,2.923163785354352,1
12:05:09.305085,98,-1.038037371876781,2.5641063336765963,0.9141197001441512,0.7655200204462744,59.8799986615777,1.0,1.2662862781187552,1
12:05:09.305085,98,-1.0475017640876214,2.541016910324547,1.0485031953415305,0.7655200204462744,66.75999850779772,1.0,0.8090628709287011,1
12:05:09.305085,98,-1.2097188539255748,2.6806282212146257,1.2503077237264968,0.7655200204462744,51.87999884039164,1.0,2.257213591250324,1
12:05:09.305085,98,-0.9535531450384552,2.5817068404830525,0.8789178929183623,0.7655200204462744,38.239999145269394,1.0,3.3974726048559085,1
12:05:09.305085,98,-0.9345264334814756,2.5377947878489078,0.9296584594212118,0.7655200204462744,30.759999312460423,1.0,3.416251146457583,1
12:05:09.305085,98,-0.9182519374620736,2.523298801674496,1.0591361053045585,0.7655200204462744,18.519999586045746,1.0,4.2664586821323045,1
12:05:09.305085,98,-1.010408100374071,2.5739996478268443,0.9114687946071248,0.7655200204462744,47.35999894142151,1.0,1.8169796916678835,1
12:05:09.305085,98,-0.9889028215489142,2.519215269018045,0.9346368264877004,0.7655200204462744,38.99999912828207,1.0,1.9469729425118687,1
12:05:09.305085,98,-0.9450139075951935,2.514299843879284,1.0615473687785073,0.7655200204462744,23.23999948054552,1.0,3.2489585378138837,1
12:05:09.305085,98,-1.0364829029390694,2.6721043908507536,1.0016076966790228,0.7655200204462744,27.759999379515648,1.0,3.961823897258091,1
12:05:09.305085,98,-0.992335861815866,2.550732909917794,1.015924691289467,0.7655200204462744,50.519998870790005,1.0,1.94556061367151,1
12:05:09.305085,98,-0.9738744049270218,2.532875170340966,1.144686989211239,0.7655200204462744,29.759999334812164,1.0,2.7612078917513063,1
12:05:09.305085,98,-0.9527495465048574,2.4851463538226715,1.190160116484737,0.7655200204462744,20.119999550282955,1.0,3.6638543904220215,1
12:05:09.305085,98,-1.0930609778256597,2.6515338912962005,1.00711954542257,0.7655200204462744,32.119999282062054,1.0,2.0327970126843216,1
12:05:09.305085,98,-1.0702813709566406,2.5962754008103737,1.0278113703820502,0.7655200204462744,76.51999828964472,1.0,0.9901696387573004,1
12:05:09.305085,98,-1.000504674748995,2.5233395723709364,1.1472420449866565,0.7655200204462744,38.99999912828207,1.0,1.9328598028974435,1
12:05:09.305085,98,-1.1845080738561211,2.624763399141537,1.2659314589733826,0.904680024163099,178.99999599903822,1.0,0.7537974526727471,1
12:05:09.305085,98,-1.133916399330053,2.505292502263385,1.2698004321012604,0.904680024163099,104.75999765843152,1.0,0.41805082669166205,1
12:05:09.305085,98,-1.26452803865009,2.551153542921525,1.4067399444560813,0.904680024163099,87.51999804377556,1.0,0.9089991378269978,1
12:05:09.305085,98,-1.237523840175326,2.467211652428708,1.3094569248453851,0.904680024163099,57.51999871432781,1.0,2.194005558389984,1
12:05:09.305085,98,-1.2100136449759271,2.4123654571853668,1.3248077198558514,0.7655200204462744,34.99999921768904,1.0,3.881478755493979,1
12:05:09.305085,98,-1.3440828013226271,2.6753621425524736,1.5029037272266057,0.904680024163099,37.87999915331602,1.0,3.6650911292438257,1
12:05:09.305085,98,-1.3160718500265296,2.619607066599773,1.5132633118239425,0.904680024163099,85.35999809205532,1.0,2.1352015378972924,1
12:05:09.305085,98,-1.2630802284862246,2.455134561799845,1.3126929715263065,0.904680024163099,43.87999901920557,1.0,3.225163215172234,1
12:05:09.305085,98,-1.235001913943828,2.400556840673814,1.3279718291138507,0.7655200204462744,29.23999934643507,1.0,5.033919705439034,1
12:05:09.305085,98,-1.3980675628650403,2.648874121641261,1.510001171038864,0.904680024163099,32.75999926775694,1.0,4.258324606847607,1
12:05:09.305085,98,-1.3689315584659585,2.5936710612808627,1.520212843504034,0.904680024163099,67.23999849706888,1.0,3.0484721915468977,1
12:05:09.305085,98,-1.3397955540668764,2.538468000920464,1.5304245159692045,0.904680024163099,50.99999886006117,1.0,2.7052844364211066,1
12:05:09.305085,98,-1.2879949229114982,2.4712839458952125,1.4261767965295729,0.904680024163099,33.87999924272299,1.0,3.0106603207259064,1
12:05:09.305085,98,-1.3901296255056688,2.6018557775280327,1.640576797265695,0.904680024163099,53.63999880105257,1.0,3.9463718108053296,1
12:05:09.305085,98,-1.3654632041563293,2.5254024958263006,1.53392540750789,0.904680024163099,40.11999910324812,1.0,3.6767942934827094,1
12:05:09.305085,98,-1.3384458178884169,2.4459136313519485,1.432974751823164,0.904680024163099,26.75999940186739,1.0,5.615669527779365,1
12:05:09.305085,98,-1.1591233977511497,2.5609852360365712,1.2535680719678466,0.904680024163099,178.51999600976706,1.0,0.042808242943655185,1
12:05:09.305085,98,-1.2894432618452152,2.6321908428701954,1.5098914991345491,0.904680024163099,109.11999756097794,1.0,2.046170594565383,1
12:05:09.305085,98,-1.3168874567847997,2.688213748838578,1.499460149700801,0.904680024163099,43.35999903082848,1.0,3.745846622087984,1
12:05:09.305085,98,-1.2880608987304325,2.5638519906470743,1.5236228964212797,0.904680024163099,66.23999851942062,1.0,1.486126059167269,1
12:05:09.305085,98,-1.211843700517209,2.479041287572895,1.3062871836617451,0.904680024163099,75.11999832093716,1.0,1.3968579339386984,1
12:05:09.305085,98,-1.1849043756572797,2.4239321191557126,1.3217084421217735,0.7655200204462744,40.8799990862608,1.0,2.9566503705221434,1
12:05:09.305085,98,-1.2369961507384328,2.699155343760524,1.3710112653419353,0.904680024163099,53.51999880373478,1.0,3.3423166252754726,1
12:05:09.305085,98,-1.2117015708617265,2.613190499054039,1.269032408205914,0.904680024163099,182.87999591231343,1.0,0.5479873967201608,1
12:05:09.305085,98,-1.1859120110545407,2.5575719917552524,1.2845901436079417,0.904680024163099,175.99999606609344,1.0,0.08528011637660829,1
12:05:09.305085,98,-1.1599484314371924,2.4942138937788503,1.272768936297952,0.904680024163099,106.99999760836364,1.0,0.6040682374350581,1
12:05:09.305085,98,-1.134162740096044,2.4387674378324444,1.2889353064865663,0.7655200204462744,47.75999893248081,1.0,1.9978981712546913,1
12:05:09.305085,98,-1.1085433316329831,2.3907164698588943,1.3312633498140247,0.7655200204462744,8.359999813139439,0.8359999813139438,3.942224138061923,1
12:05:09.305085,98,-1.264633620363144,2.6870732993281057,1.3742486393905184,0.904680024163099,52.11999883502722,1.0,2.862504701514945,1
12:05:09.305085,98,-1.108709400908956,2.4495997684901987,1.286032792234674,0.7655200204462744,46.35999896377325,1.0,1.6691228078292564,1
12:05:09.305085,98,-1.212226275386663,2.568187995181697,1.3720741028878862,0.904680024163099,149.35999666154385,1.0,0.3531937577987282,1
12:05:09.305085,98,-1.1860423775043234,2.490622284278804,1.3031840649468496,0.904680024163099,94.23999789357184,1.0,0.8317694543408085,1
12:05:09.305085,98,-1.15967661689378,2.435255669928348,1.318674305836793,0.7655200204462744,45.639998979866505,1.0,2.2575857082217228,1
12:05:09.305085,98,-1.29214462768533,2.6747249059912463,1.3775573814129518,0.904680024163099,48.51999891549349,1.0,2.6293192422622993,1
12:05:09.305085,98,-1.2652160781956767,2.6189831101744603,1.3905292086372123,0.904680024163099,137.51999692618847,1.0,1.1629669610083693,1
12:05:09.305085,98,-1.2382875287060238,2.563241314357674,1.403501035861473,0.904680024163099,115.99999740719797,1.0,0.575643016370546,1
12:05:09.305085,98,-1.2382784057048346,2.631074160552982,1.3872894214526434,0.904680024163099,165.75999629497528,1.0,1.227551496093569,1
12:05:09.360248,99,-1.021932599598271,2.4313465209023124,0.2570971429806323,-0.0697200018621515,13.879999689757824,1.0,5.410508710726062,1
12:05:09.360248,99,-1.1760658095071086,2.4450824273548286,0.3776733846167905,-0.0697200018621515,24.119999460875988,1.0,2.017253711348075,1
12:05:09.360248,99,-1.1587944596643065,2.579467257232215,0.7346348428845926,0.6958000185841229,46.63999895751476,1.0,1.5251300052652215,1
12:05:09.360248,99,-1.1481073173382326,2.619482874787918,0.9844287658727864,0.6958000185841229,44.359999008476734,1.0,1.8384425235606399,1
12:05:09.360248,99,-1.1277918775549338,2.604043902169176,1.117764352383691,0.6263600167294499,37.35999916493893,1.0,1.3729883019461964,1
12:05:09.360248,99,-1.1055568862320335,2.582861096493672,1.2477064528246309,0.6263600167294499,24.879999443888664,1.0,2.7792454078323283,1
12:05:09.360248,99,-1.256098979449158,2.4702824259455265,0.3515700416482614,0.5566400148672983,17.23999961465597,1.0,2.117243292420049,1
12:05:09.360248,99,-1.177101297333807,2.6186392993284477,1.0159336247756807,0.6958000185841229,52.11999883502722,1.0,1.445225030709867,1
12:05:09.360248,99,-1.1869267963882195,2.568138199363987,0.7376704547913895,0.6958000185841229,50.519998870790005,1.0,0.9097501732556428,1
12:05:09.360248,99,-1.1558077231713904,2.602151140573525,1.1489906874201727,0.6263600167294499,42.63999904692173,1.0,1.0479025499690822,1
12:05:09.360248,99,-1.1325666477606748,2.579967521919803,1.2785892793862836,0.6263600167294499,27.519999384880062,1.0,2.630141739996605,1
12:05:09.360248,99,-1.284163252219476,2.4580137995054527,0.3548574101951183,0.5566400148672983,16.8799996227026,1.0,2.494519308592815,1
12:05:09.360248,99,-1.2589738195313438,2.409798766843421,0.3871276129568359,0.5566400148672983,21.359999522566795,1.0,3.7493311118068595,1
12:05:09.360248,99,-1.0515481667187545,2.603697825396817,1.2421232681421266,0.6263600167294499,21.87999951094389,1.0,3.82544889487232,1
12:05:09.360248,99,-1.231460039939107,2.421826738725476,0.3839047276044551,0.5566400148672983,23.23999948054552,1.0,2.917773124333567,1
12:05:09.360248,99,-1.0978217007627076,2.585804180028955,1.0306171255341992,0.6958000185841229,31.63999929279089,1.0,1.540374565991442,1
12:05:09.360248,99,-1.2244715835028963,2.617326331755542,0.8829157927817317,0.6958000185841229,50.1199988797307,1.0,2.3962932607415666,1
12:05:09.360248,99,-1.130546244465266,2.5905240156813507,0.7316721933872405,0.6958000185841229,40.23999910056591,1.0,2.361023497951279,1
12:05:09.360248,99,-0.9984190797632668,2.52018411906303,0.5001879254684438,-0.0697200018621515,18.759999580681324,1.0,4.419329267805411,1
12:05:09.360248,99,-1.049877004677088,2.421340365721587,0.2597782841806482,0.5566400148672983,16.119999639689922,1.0,4.996526781532359,1
12:05:09.360248,99,-1.0366933585691895,2.568281126986337,0.6119063991258353,-0.0697200018621515,22.63999949395657,1.0,3.9832158754585203,1
12:05:09.360248,99,-1.1275657740379816,2.448550231222581,0.2306502810077311,0.5566400148672983,12.359999723732471,1.0,2.9708362349256188,1
12:05:09.360248,99,-1.1054480704535803,2.4005208306566552,0.2653568617880881,0.5566400148672983,18.519999586045746,1.0,4.85189227928664,1
12:05:09.360248,99,-1.065041391664293,2.5581304432477534,0.6146262666362126,-0.0697200018621515,27.519999384880062,1.0,2.8410560788841566,1
12:05:09.360248,99,-1.0601307053574591,2.6186801456072923,0.8910080894885166,0.5566400148672983,24.63999944925308,1.0,3.795581316559551,1
12:05:09.360248,99,-1.0148823943358087,2.6164172070875544,1.0224143896559754,0.6263600167294499,21.99999950826168,1.0,4.422990261825,1
12:05:09.360248,99,-1.1557395181833732,2.437522621816876,0.2336051200424358,0.5566400148672983,14.119999684393406,1.0,2.848866487249335,1
12:05:09.360248,99,-1.1330691740912353,2.3897095327085127,0.2682537403424252,0.5566400148672983,21.119999527931213,1.0,5.133507546994484,1
12:05:09.360248,99,-1.0932829215125222,2.547706450635974,0.6174193670384469,0.6958000185841229,33.519999250769615,1.0,1.9069942096644736,1
12:05:09.360248,99,-1.0882420193333338,2.60830421587662,0.8937883114805725,0.6958000185841229,29.999999329447743,1.0,2.627211343966866,1
12:05:09.360248,99,-1.0702813709566406,2.5962754008103737,1.0278113703820502,0.6958000185841229,26.359999410808086,1.0,2.2925172742511712,1
12:05:09.360248,99,-1.183797689345226,2.4262234308577724,0.2366327291350525,0.5566400148672983,15.639999650418758,1.0,2.9644864799278734,1
12:05:09.360248,99,-1.1481908980439808,2.456307818552748,0.3746655501105846,-0.0697200018621515,23.23999948054552,1.0,1.9343087297979076,1
12:05:09.360248,99,-1.116244510019005,2.597657275027905,0.8966411506828473,0.6958000185841229,36.75999917834997,1.0,1.666527706118602,1
12:05:09.360248,99,-1.2048830426094412,2.6071351027582867,1.019016164956224,0.6958000185841229,57.87999870628119,1.0,0.8854877842558899,1
12:05:09.360248,99,-1.1995964263363137,2.494003412259595,0.3452140225217368,0.5566400148672983,16.759999625384808,1.0,2.1057297786734477,1
12:05:09.360248,99,-1.159297293786667,2.568898577068448,1.2815551942202688,0.6263600167294499,28.999999351799488,1.0,2.629297445580413,1
12:05:09.360248,99,-1.2657223502370671,2.5892596244072577,1.2754446667416892,0.6263600167294499,38.75999913364649,1.0,1.4177495025397753,1
12:05:09.360248,99,-1.2382875287060238,2.563241314357674,1.403501035861473,0.6263600167294499,25.11999943852425,1.0,3.988566215828687,1
12:05:09.360248,99,-1.3835677852630863,2.420591128795597,0.5100398385829297,0.5566400148672983,10.519999764859676,1.0,5.6942066579644806,1
12:05:09.360248,99,-1.3420694744574226,2.6115604182081955,1.011968310477193,0.6958000185841229,25.87999942153692,1.0,2.797415047326672,1
12:05:09.360248,99,-1.3184706245294848,2.597178838955769,1.1470503146418087,0.6958000185841229,42.11999905854464,1.0,1.4454427981826043,1
12:05:09.360248,99,-1.2925442305741237,2.576904042915389,1.2787553348244525,0.6958000185841229,32.87999926507473,1.0,1.8950103259142876,1
12:05:09.360248,99,-1.26452803865009,2.551153542921525,1.4067399444560813,0.6263600167294499,22.11999950557947,1.0,4.818549303519606,1
12:05:09.360248,99,-1.397179505749833,2.478262092885542,0.6217369846393779,-0.0697200018621515,8.999999798834324,0.8999999798834324,3.8802676850625097,1
12:05:09.360248,99,-1.3697848586108126,2.59846305866888,1.015477737388733,0.6958000185841229,21.119999527931213,1.0,2.925321768090589,1
12:05:09.360248,99,-1.347315172113414,2.618867725177939,1.2668563987636725,0.6958000185841229,34.51999922841787,1.0,2.544177969298609,1
12:05:09.360248,99,-1.4012883129649587,2.624554525600512,1.136455260092928,0.6958000185841229,17.359999611973763,1.0,4.468625482678036,1
12:05:09.360248,99,-1.374441188064876,2.6057225421225705,1.2703786399477175,0.6958000185841229,28.11999937146902,1.0,3.0040775386204324,1
12:05:09.360248,99,-1.3452592609304086,2.5811573908141985,1.400664579592921,0.6263600167294499,22.63999949395657,1.0,3.743374643511237,1
12:05:09.360248,99,-1.428278192231217,2.5786494499526107,1.277632853131272,0.6958000185841229,22.99999948590994,1.0,4.730558994216621,1
12:05:09.360248,99,-1.1830869011193632,2.59085505307894,1.1520174649419783,0.6958000185841229,45.99999897181988,1.0,0.7507322927123117,1
12:05:09.360248,99,-1.2911107396740582,2.6097822538801254,1.143673239790953,0.6958000185841229,49.99999888241291,1.0,1.2892535285685156,1
12:05:09.360248,99,-1.3142198844809745,2.624389417299424,1.0085307905309988,0.6958000185841229,31.87999928742647,1.0,2.9218343952760253,1
12:05:09.360248,99,-1.3187091804411677,2.5940234773338826,1.3972171221002223,0.6263600167294499,27.359999388456345,1.0,2.9091400227878657,1
12:05:09.360248,99,-1.3833976050979355,2.482519318105461,0.4766122820691572,0.5566400148672983,12.519999720156193,1.0,4.070922109753112,1
12:05:09.360248,99,-1.3562616464927428,2.433823598809393,0.506494208928864,-0.0697200018621515,12.519999720156193,1.0,4.234736395330616,1
12:05:09.360248,99,-1.312099109740445,2.44547471095695,0.358217248845512,0.5566400148672983,15.75999964773655,1.0,3.1295052699935035,1
12:05:09.360248,99,-1.273540469913012,2.471929362666747,0.496283800276315,-0.0697200018621515,18.35999958962202,1.0,1.5020803419782056,1
12:05:09.360248,99,-1.2353260806848063,2.6248784059454837,1.108255247618211,0.6958000185841229,59.75999866425991,1.0,1.3780399977541418,1
12:05:09.360248,99,-1.2102477713684148,2.579296038156475,1.155114693655752,0.6958000185841229,46.51999896019697,1.0,0.6855989766310351,1
12:05:09.360248,99,-1.1859120110545407,2.5575719917552524,1.2845901436079417,0.6263600167294499,29.11999934911728,1.0,2.8638230807172302,1
12:05:09.360248,99,-1.2525825479398338,2.6053629795347955,0.8861213633480498,0.6958000185841229,45.639998979866505,1.0,1.8422998519909894,1
12:05:09.360248,99,-1.3533156287232375,2.5579126598807806,0.4395767488263034,0.5566400148672983,7.239999838173389,0.723999983817339,6.992682307094785,1
12:05:09.360248,99,-1.3554067890065291,2.4957468375264096,0.473067978922447,0.5566400148672983,14.119999684393406,1.0,3.3874354013559564,1
12:05:09.360248,99,-1.3012452380203283,2.459493999254237,0.4996158458602848,-0.0697200018621515,15.239999659359457,1.0,2.1464861907645276,1
12:05:09.360248,99,-1.2862388736171322,2.6369487730534025,1.0051655212992652,0.6958000185841229,38.87999913096428,1.0,3.290579592704271,1
12:05:09.360248,99,-1.2636217448263578,2.622120766855641,1.1403671452033628,0.6958000185841229,56.63999873399735,1.0,1.3796458732852375,1
12:05:09.360248,99,-1.23877389872541,2.601355512979715,1.2722035831669625,0.6263600167294499,43.75999902188778,1.0,1.1897858894528501,1
12:05:09.360248,99,-1.212226275386663,2.568187995181697,1.3720741028878862,0.6263600167294499,27.759999379515648,1.0,3.339254682774309,1
12:05:09.551454,100,-1.1444608829689134,2.6956578950886527,0.9894344594615796,0.6958000185841229,36.63999918103218,1.0,0.5211618978151087,1
12:05:09.551454,100,-1.124336767832104,2.6797975520508994,1.12491269718827,0.6958000185841229,53.75999879837036,1.0,0.3301897479253004,1
12:05:09.551454,100,-1.0745769569862271,2.6684113895545254,1.254236015190981,0.6263600167294499,41.23999907821417,1.0,1.4103146098785289,1
12:05:09.551454,100,-1.0517059239150135,2.611617574331399,1.2701086734021936,0.6263600167294499,32.51999927312136,1.0,2.016268658716526,1
12:05:09.551454,100,-1.1538141771246255,2.703458957693712,1.244190246324318,0.6958000185841229,63.51999858021736,1.0,1.2100098887919413,1
12:05:09.551454,100,-1.1757042943266374,2.714672502370693,1.080283995519366,0.6958000185841229,40.3599990978837,1.0,0.7937693923226732,1
12:05:09.551454,100,-1.1297684615716987,2.6471183385589088,1.2599414710096513,0.6263600167294499,47.51999893784523,1.0,0.3129910337006451,1
12:05:09.551454,100,-1.0245384051901132,2.62164514776636,1.267421793198252,0.6263600167294499,27.87999937683344,1.0,2.57039282835133,1
12:05:09.551454,100,-1.105722746018772,2.5907777194241053,1.2756926956949846,0.6263600167294499,36.23999918997288,1.0,1.7146826559056014,1
12:05:09.551454,100,-1.1917291469977918,2.6943436740570137,0.8537904562879441,0.6958000185841229,8.999999798834324,0.8999999798834324,1.5853202056233613,1
12:05:09.551454,100,-1.0468186369687875,2.678657028665869,1.2514907044651558,0.5566400148672983,34.35999923199415,1.0,2.363281726096752,1
12:05:09.551454,100,-0.9898017496025427,2.6643447864828107,1.1323259502244327,0.5566400148672983,22.99999948590994,1.0,3.236030169714486,1
12:05:09.551454,100,-1.1157505467228646,2.7065739687761545,0.9865095063324948,0.6958000185841229,32.119999282062054,1.0,0.8618083626374698,1
12:05:09.551454,100,-0.9971188419780448,2.62348708833264,1.2368207511196656,0.6263600167294499,23.23999948054552,1.0,3.337424992611633,1
12:05:09.551454,100,-1.018802791352331,2.680539025185671,1.220224193618658,0.5566400148672983,28.11999937146902,1.0,3.0480220735835677,1
12:05:09.551454,100,-1.0393942752128835,2.711149958250111,1.116511845266419,0.6958000185841229,35.35999920964241,1.0,2.7886145277353274,1
12:05:09.551454,100,-1.0569903730120518,2.716923003240614,0.951808387008688,0.6958000185841229,27.519999384880062,1.0,2.0216895542707745,1
12:05:09.551454,100,-0.9697532497518369,2.63298643003367,1.2342754101822475,0.5566400148672983,19.239999569952488,1.0,4.291237218163007,1
12:05:09.551454,100,-1.0080369772608426,2.681978745689703,0.998961871274148,0.6958000185841229,28.639999359846115,1.0,2.606124155481356,1
12:05:09.551454,100,-1.2049103479044223,2.712699329855062,1.1128369309759218,0.6958000185841229,42.35999905318022,1.0,0.8500686349377572,1
12:05:09.551454,100,-1.0678161639700972,2.7009728287448715,1.1192387988986146,0.6958000185841229,43.87999901920557,1.0,1.6959687100952885,1
12:05:09.551454,100,-1.1818256063103485,2.692178590003988,1.2472128117371053,0.6958000185841229,70.11999843269587,1.0,0.6635051390805903,1
12:05:09.551454,100,-1.107937168485838,2.52386198787771,1.2942775132108726,0.6263600167294499,19.519999563694,1.0,6.057610066575879,1
12:05:09.551454,100,-1.1325666477606748,2.579967521919803,1.2785892793862836,0.6263600167294499,37.87999915331602,1.0,1.977979697168203,1
12:05:09.551454,100,-1.1571961270355118,2.636073055961896,1.2629010455616942,0.6263600167294499,51.23999885469675,1.0,0.17994472133644104,1
12:05:09.551454,100,-1.3980675628650403,2.648874121641261,1.510001171038864,0.6263600167294499,23.639999471604824,1.0,4.948851012303438,1
12:05:09.551454,100,-1.3187091804411677,2.5940234773338826,1.3972171221002223,0.6263600167294499,21.7599995136261,1.0,3.051400472331166,1
12:05:09.551454,100,-1.3440828013226271,2.6753621425524736,1.5029037272266057,0.6263600167294499,29.11999934911728,1.0,3.814921804368877,1
12:05:09.551454,100,-1.26452803865009,2.551153542921525,1.4067399444560813,0.6263600167294499,19.63999956101179,1.0,4.064374095162059,1
12:05:09.551454,100,-1.2920272301386984,2.606632470750229,1.3938385524969432,0.6263600167294499,26.75999940186739,1.0,1.9594846419287544,1
12:05:09.551454,100,-1.3474558850235163,2.686379650021663,1.2481144198826124,0.6958000185841229,26.359999410808086,1.0,2.9668528607795226,1
12:05:09.551454,100,-1.238597206383051,2.55635132832363,1.3752457282135817,0.6263600167294499,23.87999946624041,1.0,3.433056078997683,1
12:05:09.551454,100,-1.2652160781956767,2.6189831101744603,1.3905292086372123,0.6263600167294499,32.87999926507473,1.0,1.1730849821933114,1
12:05:09.551454,100,-1.29214462768533,2.6747249059912463,1.3775573814129518,0.6263600167294499,45.35999898612499,1.0,1.7633926063167982,1
12:05:09.551454,100,-1.3194945204120243,2.6992601384415527,1.2446631034123845,0.6958000185841229,30.759999312460423,1.0,2.444071947637752,1
12:05:09.551454,100,-1.212226275386663,2.568187995181697,1.3720741028878862,0.6263600167294499,28.519999362528324,1.0,2.4041687056009273,1
12:05:09.551454,100,-1.319526421627307,2.662111398578933,1.3809371605378054,0.6263600167294499,36.35999918729067,1.0,2.1211971781555405,1
12:05:09.551454,100,-1.264633620363144,2.6870732993281057,1.3742486393905184,0.6958000185841229,55.519998759031296,1.0,1.707170066302692,1
12:05:09.551454,100,-1.2382784057048346,2.631074160552982,1.3872894214526434,0.6263600167294499,39.759999111294746,1.0,0.6862622393849687,1
12:05:09.551454,100,-1.2333484376773909,2.7009233463240694,1.1159922962531337,0.6958000185841229,41.999999061226845,1.0,0.7691251556495577,1
12:05:09.551454,100,-1.2097188539255748,2.6806282212146257,1.2503077237264968,0.6958000185841229,70.87999841570854,1.0,0.40287599969620064,1
12:05:09.551454,100,-1.159297293786667,2.568898577068448,1.2815551942202688,0.6263600167294499,36.75999917834997,1.0,2.5245768738185674,1
12:05:09.551454,100,-1.263178755457097,2.724207677654383,1.2379784304271628,0.6958000185841229,39.51999911665917,1.0,2.329464789207202,1
12:05:09.551454,100,-1.184330396172247,2.6474417394611245,1.352147663205678,0.6263600167294499,50.75999886542559,1.0,0.3426707849256133,1
12:05:09.551454,100,-1.2369961507384328,2.699155343760524,1.3710112653419353,0.6958000185841229,64.99999854713678,1.0,1.9463193630446773,1
12:05:09.551454,100,-1.2115198141194892,2.635870575323029,1.3552481472919684,0.6263600167294499,46.35999896377325,1.0,0.37923998042187834,1
12:05:09.551454,100,-1.185734122778341,2.57976935082932,1.368970887994848,0.6263600167294499,33.2399992570281,1.0,1.6690808296458415,1
12:05:09.551454,100,-1.291401207453965,2.7118699013077,1.2412843276356522,0.6958000185841229,35.35999920964241,1.0,2.233762824690969,1
12:05:09.572396,101,-1.07441576910657,2.6603194129699137,1.2256420223831406,0.5566400148672983,41.879999063909054,1.0,0.9309742601550262,1
12:05:09.572396,101,-1.1678266514801414,2.750693518673016,0.9688023515083664,0.6958000185841229,20.239999547600743,1.0,0.5990173325270715,1
12:05:09.572396,101,-1.1476755541165924,2.7354243216651355,1.1067477877724086,0.6958000185841229,74.1199983432889,1.0,0.4541329643113291,1
12:05:09.572396,101,-1.124336767832104,2.6797975520508994,1.12491269718827,0.4872000130126253,71.23999840766191,1.0,0.3541771106281413,1
12:05:09.572396,101,-1.2544305635308306,2.7205743418583133,0.3623237861019888,0.4872000130126253,5.759999871253967,0.5759999871253967,5.9264369854733525,1
12:05:09.572396,101,-1.0517059239150135,2.611617574331399,1.2701086734021936,0.5566400148672983,24.879999443888664,1.0,1.0120296716993056,1
12:05:09.572396,101,-1.153641103563425,2.695198015423171,1.214986791928057,0.4872000130126253,78.35999824851751,1.0,0.18520459491832947,1
12:05:09.572396,101,-1.2003686336105648,2.779818389653636,1.091579736124792,0.6958000185841229,21.87999951094389,1.0,0.32491997123239613,1
12:05:09.572396,101,-1.105722746018772,2.5907777194241053,1.2756926956949846,0.5566400148672983,27.119999393820763,1.0,0.2879341667715691,1
12:05:09.572396,101,-1.177764850323588,2.759576886634306,1.2285012794440648,0.6263600167294499,83.63999813050032,1.0,0.4198812170587642,1
12:05:09.572396,101,-1.1297684615716987,2.6471183385589088,1.2599414710096513,0.5566400148672983,45.759998977184296,1.0,0.2187768111548864,1
12:05:09.572396,101,-1.2776692640194665,2.770973793311059,0.3319853455867809,0.4872000130126253,6.6399998515844345,0.6639999851584435,6.165727559395293,1
12:05:09.572396,101,-1.0289616328020068,2.737650792140593,0.978182496608669,0.6958000185841229,40.23999910056591,1.0,3.094666713281619,1
12:05:09.572396,101,-1.046661612871647,2.6705635152226512,1.2228971234573378,0.5566400148672983,36.63999918103218,1.0,1.57771060540612,1
12:05:09.572396,101,-1.0678161639700972,2.7009728287448715,1.1192387988986146,0.4174800111504737,61.11999863386154,1.0,1.413930214777046,1
12:05:09.572396,101,-1.089981705429773,2.7570391510548973,1.1009561116928854,0.6958000185841229,61.87999861687422,1.0,1.6189487297541543,1
12:05:09.572396,101,-1.1385301535918837,2.7618324592619814,0.9658176813730146,0.6958000185841229,18.11999959498644,1.0,1.0132971478392703,1
12:05:09.572396,101,-1.017733093035877,2.6546490571432515,1.1349239130709985,0.5566400148672983,31.239999301731583,1.0,2.064112942347221,1
12:05:09.572396,101,-1.0388221839745229,2.701792862484784,1.0876460811022266,0.2783200074336491,50.99999886006117,1.0,2.1257324711734964,1
12:05:09.572396,101,-1.0579980340379695,2.7275714671682487,0.9808832435952596,0.6958000185841229,50.1199988797307,1.0,2.160238322666923,1
12:05:09.572396,101,-1.07959854264123,2.783258650931448,0.9600765506183068,0.6958000185841229,15.87999964505434,1.0,2.4310913758882196,1
12:05:09.572396,101,-0.9898017496025427,2.6643447864828107,1.1323259502244327,0.3480400092958007,26.359999410808086,1.0,2.980290235731265,1
12:05:09.572396,101,-1.0080369772608426,2.681978745689703,0.998961871274148,0.2783200074336491,41.999999061226845,1.0,2.870933597409718,1
12:05:09.572396,101,-0.9794902487294236,2.691577844857954,0.9963898004039486,0.3480400092958007,34.51999922841787,1.0,3.9200839249670505,1
12:05:09.572396,101,-0.9988700830765586,2.736781751857246,0.9464872513541688,0.6958000185841229,32.63999927043915,1.0,4.138345792129537,1
12:05:09.572396,101,-1.0245384051901132,2.62164514776636,1.267421793198252,0.5566400148672983,21.87999951094389,1.0,1.6276542429311822,1
12:05:09.572396,101,-1.2295102767310702,2.768082878148584,1.0947242569553364,0.6958000185841229,22.51999949663877,1.0,0.1830963490174804,1
12:05:09.572396,101,-1.264633620363144,2.6870732993281057,1.3742486393905184,0.6263600167294499,54.87999877333641,1.0,0.7563596022843497,1
12:05:09.572396,101,-1.1818256063103485,2.692178590003988,1.2472128117371053,0.4872000130126253,79.99999821186066,1.0,0.08108325579561827,1
12:05:09.572396,101,-1.2063577358647313,2.748062363041963,1.2315865867418625,0.6263600167294499,86.119998075068,1.0,0.1985801449090625,1
12:05:09.572396,101,-1.3187091804411677,2.5940234773338826,1.3972171221002223,0.5566400148672983,20.51999954134226,1.0,2.659289699974354,1
12:05:09.572396,101,-1.3440828013226271,2.6753621425524736,1.5029037272266057,0.6263600167294499,29.35999934375286,1.0,2.812870730893904,1
12:05:09.572396,101,-1.3945619032094134,2.7398608392837693,1.6179468738517395,0.6263600167294499,27.759999379515648,1.0,4.380322179755412,1
12:05:09.572396,101,-1.2920272301386984,2.606632470750229,1.3938385524969432,0.5566400148672983,24.879999443888664,1.0,1.8400636047156445,1
12:05:09.572396,101,-1.3168874567847997,2.688213748838578,1.499460149700801,0.6263600167294499,36.23999918997288,1.0,2.1045133940143637,1
12:05:09.572396,101,-1.3442231766455712,2.744015220396018,1.4890700308972264,0.6263600167294499,34.879999220371246,1.0,2.29821636972158,1
12:05:09.572396,101,-1.3744161121480476,2.772849969936624,1.3551853702636367,0.6263600167294499,13.519999697804453,1.0,2.164382189753425,1
12:05:09.572396,101,-1.2382875287060238,2.563241314357674,1.403501035861473,0.5566400148672983,19.63999956101179,1.0,1.304903917776918,1
12:05:09.572396,101,-1.2652160781956767,2.6189831101744603,1.3905292086372123,0.5566400148672983,29.879999332129955,1.0,1.199331840735081,1
12:05:09.572396,101,-1.29214462768533,2.6747249059912463,1.3775573814129518,0.6263600167294499,44.75999899953604,1.0,1.2046901557791414,1
12:05:09.572396,101,-1.3163288947034588,2.756864806978386,1.4856269945494072,0.6263600167294499,43.99999901652336,1.0,1.7867653930890597,1
12:05:09.572396,101,-1.3458952897101315,2.785988174321196,1.3516649990087954,0.6263600167294499,15.639999650418758,1.0,1.5470814994164972,1
12:05:09.572396,101,-1.212226275386663,2.568187995181697,1.3720741028878862,0.5566400148672983,22.879999488592148,1.0,0.8084882061918073,1
12:05:09.572396,101,-1.2385880811003322,2.624037364511332,1.35841884657283,0.5566400148672983,35.63999920338392,1.0,0.6950074572168015,1
12:05:09.572396,101,-1.26452803865009,2.551153542921525,1.4067399444560813,0.5566400148672983,16.639999628067017,1.0,1.9517407345144022,1
12:05:09.572396,101,-1.2883029809746973,2.769444317510105,1.4822563248612544,0.6263600167294499,55.519998759031296,1.0,1.4668737036598691,1
12:05:09.572396,101,-1.1325666477606748,2.579967521919803,1.2785892793862836,0.5566400148672983,28.23999936878681,1.0,0.1806060108462854,1
12:05:09.572396,101,-1.1571961270355118,2.636073055961896,1.2629010455616942,0.5566400148672983,47.11999894678593,1.0,0.07486270112277366,1
12:05:09.572396,101,-1.2343360711345777,2.7672436694332005,1.3547234320065469,0.6263600167294499,79.99999821186066,1.0,0.5972610726511454,1
12:05:09.572396,101,-1.2097188539255748,2.6806282212146257,1.2503077237264968,0.4872000130126253,75.11999832093716,1.0,0.08363811013192536,1
12:05:09.572396,101,-1.1845080738561211,2.624763399141537,1.2659314589733826,0.5566400148672983,45.35999898612499,1.0,0.10837310605916564,1
12:05:09.572396,101,-1.159297293786667,2.568898577068448,1.2815551942202688,0.5566400148672983,27.759999379515648,1.0,0.24375199920009316,1
12:05:09.572396,101,-1.2600407667124296,2.7921370557873924,1.2191220071269813,0.6958000185841229,21.87999951094389,1.0,0.36510512184231264,1
12:05:09.572396,101,-1.2889683152642826,2.779826184953169,1.2224206950251353,0.6958000185841229,20.239999547600743,1.0,0.5015087068686567,1
12:05:09.572396,101,-1.262673500819659,2.7551839390346298,1.357954827027781,0.6263600167294499,68.35999847203493,1.0,0.6461164116309139,1
12:05:09.572396,101,-1.2369961507384328,2.699155343760524,1.3710112653419353,0.6263600167294499,65.75999853014946,1.0,0.4931915554999331,1
12:05:09.572396,101,-1.2115198141194892,2.635870575323029,1.3552481472919684,0.5566400148672983,41.11999908089638,1.0,0.38444826427754686,1
12:05:09.572396,101,-1.185734122778341,2.57976935082932,1.368970887994848,0.5566400148672983,25.87999942153692,1.0,0.4789318299963729,1
12:05:09.572396,101,-1.3172398788708366,2.798850236408888,1.3482186198593995,0.6263600167294499,17.999999597668648,1.0,1.129885927864102,1
12:05:09.572396,101,-1.133916399330053,2.534746734820145,1.3797251245010362,0.5566400148672983,8.759999804198742,0.8759999804198741,0.5022238326644668,1
12:05:09.604807,102,-1.0481225544575266,2.8621987400618285,0.4617017021749969,1.4613200390303973,5.239999882876873,0.5239999882876873,7.058134057655986,1
12:05:09.604807,102,-1.0745769569862271,2.6684113895545254,1.254236015190981,0.4872000130126253,39.35999912023544,1.0,2.7359976514781827,1
12:05:09.604807,102,-1.0974479900574408,2.7252052047776507,1.2383633569797687,0.4872000130126253,45.35999898612499,1.0,1.99627131854849,1
12:05:09.604807,102,-1.1476755541165924,2.7354243216651355,1.1067477877724086,0.4872000130126253,44.519999004900455,1.0,0.8962737124688973,1
12:05:09.604807,102,-1.1678266514801414,2.750693518673016,0.9688023515083664,0.4872000130126253,29.35999934375286,1.0,0.5511761142128352,1
12:05:09.604807,102,-1.235891409639852,2.795993236433396,0.4794414134067311,0.8349600223009475,21.51999951899052,1.0,1.3882700632123082,1
12:05:09.604807,102,-1.2129961525087922,2.7441966274550222,0.5076102149303527,1.4613200390303973,14.6399996727705,1.0,1.2971034229496994,1
12:05:09.604807,102,-1.2587866667709116,2.8477898454117696,0.4512726118831098,0.7655200204462744,17.519999608397484,1.0,3.040269175951385,1
12:05:09.604807,102,-1.2860282869906603,2.7511813075652483,0.1795482946790201,0.7655200204462744,10.99999975413084,1.0,3.834177723670713,1
12:05:09.604807,102,-1.0468186369687875,2.678657028665869,1.2514907044651558,0.4872000130126253,34.879999220371246,1.0,3.162794842971211,1
12:05:09.604807,102,-1.199791289619328,2.749191521160865,0.6539881387375406,0.4872000130126253,5.519999876618385,0.5519999876618386,0.5989406430165077,1
12:05:09.604807,102,-1.3215625924557275,2.8228647552237,0.4579512696702759,0.7655200204462744,17.879999600350857,1.0,2.2421913436451546,1
12:05:09.604807,102,-1.1763517681061384,2.724200038322487,1.1097553254296892,0.4872000130126253,52.11999883502722,1.0,0.5401035103734402,1
12:05:09.604807,102,-1.2734884967129096,2.720178229979761,0.5140459251373386,0.8349600223009475,17.519999608397484,1.0,1.5442090682553729,1
12:05:09.604807,102,-1.2297696852037845,2.7374575451792174,0.657132248125829,0.4872000130126253,6.359999857842922,0.6359999857842922,0.4829960634074524,1
12:05:09.604807,102,-1.2209559612778182,2.794079263343744,0.9512918192019816,0.4872000130126253,7.999999821186066,0.7999999821186066,1.3486415099956701,1
12:05:09.604807,102,-1.2003686336105648,2.779818389653636,1.091579736124792,0.5566400148672983,34.639999225735664,1.0,1.5374734334940932,1
12:05:09.604807,102,-1.3035451563285818,2.7077320097358397,0.5173808798005173,0.8349600223009475,18.23999959230423,1.0,1.9942861030643055,1
12:05:09.604807,102,-1.1538141771246255,2.703458957693712,1.244190246324318,0.4872000130126253,49.99999888241291,1.0,1.1417033555007985,1
12:05:09.604807,102,-1.1297684615716987,2.6471183385589088,1.2599414710096513,0.4872000130126253,41.879999063909054,1.0,2.4128946671552685,1
12:05:09.604807,102,-1.105722746018772,2.5907777194241053,1.2756926956949846,0.4872000130126253,21.119999527931213,1.0,5.605781458185446,1
12:05:09.604807,102,-1.3527538887295265,2.809948691094116,0.4614121186231867,0.7655200204462744,16.99999962002039,1.0,2.1666330869010397,1
12:05:09.604807,102,-1.3281495225290545,2.758840350414977,0.489396499211852,0.8349600223009475,24.51999945193529,1.0,1.3145680083821651,1
12:05:09.604807,102,-1.0689385025878515,2.7274031357620068,1.206357455941119,0.4872000130126253,39.11999912559986,1.0,2.4385522900333285,1
12:05:09.604807,102,-1.2667718151721925,2.78390620076135,0.482680124853942,0.8349600223009475,24.759999446570877,1.0,1.1485144465338597,1
12:05:09.604807,102,-1.089981705429773,2.7570391510548973,1.1009561116928854,0.4872000130126253,36.999999172985554,1.0,2.1522060898483595,1
12:05:09.604807,102,-1.0119309310630304,2.7475034605989985,1.200971590133444,0.3480400092958007,27.119999393820763,1.0,4.21541296203945,1
12:05:09.604807,102,-1.182566517104087,2.755766402866737,0.5045101029521741,1.4613200390303973,11.119999751448631,1.0,1.491104433157912,1
12:05:09.604807,102,-1.2596251048500224,2.725434591658796,0.6603537888122633,0.4872000130126253,6.8799998462200165,0.6879999846220016,0.5743488671214093,1
12:05:09.604807,102,-1.0889858843546505,2.8395747731981738,0.3136037684260448,0.7655200204462744,8.359999813139439,0.8359999813139438,5.569724653748631,1
12:05:09.604807,102,-1.0796977467243964,2.8519220717394176,0.4644553271528693,0.7655200204462744,6.359999857842922,0.6359999857842922,5.631451784317324,1
12:05:09.604807,102,-1.120723805641304,2.8289026062110025,0.3164633669517473,0.7655200204462744,9.999999776482582,0.9999999776482582,4.47092878760159,1
12:05:09.604807,102,-1.1111649701211657,2.841340929399319,0.4672905356978976,0.7655200204462744,7.759999826550484,0.7759999826550483,4.391717059990751,1
12:05:09.604807,102,-1.090580307498287,2.788704240877826,0.4956844358566756,1.4613200390303973,5.119999885559082,0.5119999885559082,3.2910415667973627,1
12:05:09.604807,102,-0.9629267462928534,2.707778186683889,1.2436877136915685,0.4872000130126253,20.359999544918537,1.0,5.461636818332149,1
12:05:09.604807,102,-1.1523496554863368,2.817924413165515,0.3194049649126389,0.7655200204462744,11.879999734461308,1.0,3.571138287783095,1
12:05:09.604807,102,-1.1425210779518578,2.830456371146901,0.4702070442916022,0.7655200204462744,9.879999779164793,0.9879999779164793,3.3431669233034538,1
12:05:09.604807,102,-1.121355534075324,2.7780213223147885,0.4985469152584492,1.4613200390303973,6.359999857842922,0.6359999857842922,2.4923352750149768,1
12:05:09.604807,102,-1.0289616328020068,2.737650792140593,0.978182496608669,0.4174800111504737,25.11999943852425,1.0,3.1059433371934873,1
12:05:09.604807,102,-1.1385301535918837,2.7618324592619814,0.9658176813730146,0.4872000130126253,24.51999945193529,1.0,1.0816712950045562,1
12:05:09.604807,102,-0.990990740250651,2.698341411441444,1.2462162899969351,0.4872000130126253,24.63999944925308,1.0,4.52907886442256,1
12:05:09.604807,102,-1.1737629346319596,2.8192694854288707,0.4732045612855677,0.7655200204462744,12.879999712109566,1.0,2.4901243065064103,1
12:05:09.604807,102,-1.1520186260384262,2.767041676992648,0.501488902355697,1.4613200390303973,8.359999813139439,0.8359999813139438,1.890948592628333,1
12:05:09.604807,102,-1.0785703088070846,2.7723927837296283,0.9304080901972936,0.4174800111504737,20.359999544918537,1.0,2.344167259735554,1
12:05:09.604807,102,-1.0603858734606495,2.7578762069119804,1.0687075977774951,0.3480400092958007,30.51999931782484,1.0,2.70213047815185,1
12:05:09.604807,102,-1.0404867407266172,2.737590962038701,1.20362763611765,0.4872000130126253,32.75999926775694,1.0,3.243011993057797,1
12:05:09.604807,102,-1.0189556359646768,2.688634035192273,1.2488173736235255,0.4872000130126253,29.639999337494373,1.0,3.7616542812062574,1
12:05:09.604807,102,-1.3370126648173448,2.819838350141852,-0.0434468912891001,0.2783200074336491,11.639999739825726,1.0,5.7693831196417245,1
12:05:09.604807,102,-1.2272083148998694,2.859796378982118,0.4480554709090378,0.7655200204462744,15.999999642372131,1.0,3.7530219083054175,1
12:05:09.604807,102,-1.2048874160019782,2.807781390924427,0.4762827869306059,0.8349600223009475,16.8799996227026,1.0,1.83699591600972,1
12:05:09.604807,102,-1.21525250214089,2.795054370632585,0.3255329743402029,0.7655200204462744,13.999999687075617,1.0,2.3861819223503926,1
12:05:09.604807,102,-1.2505974079910578,2.782142477985034,0.9544902711990716,0.4872000130126253,8.879999801516533,0.8879999801516533,0.9208170150136689,1
12:05:09.604807,102,-1.3889959878090756,2.732593865890791,0.4964292235442635,0.8349600223009475,17.11999961733818,1.0,2.3731986623916965,1
12:05:09.604807,102,-1.2061767807043882,2.7396316687672293,1.2017764693390929,0.5566400148672983,58.23999869823456,1.0,0.9762095801540716,1
12:05:09.604807,102,-1.291401207453965,2.7118699013077,1.2412843276356522,0.5566400148672983,53.75999879837036,1.0,1.1616588358090165,1
12:05:09.604807,102,-1.2651396593359536,2.6567221273301707,1.2567133422770191,0.5566400148672983,37.99999915063381,1.0,1.6401832705425887,1
12:05:09.604807,102,-1.23877389872541,2.601355512979715,1.2722035831669625,0.5566400148672983,27.239999391138557,1.0,3.992148024273141,1
12:05:09.604807,102,-1.4610876888041442,2.7634143981147066,0.6267309805494423,0.8349600223009475,10.759999759495258,1.0,3.287320670445979,1
12:05:09.604807,102,-1.434020603407099,2.7122213218371183,0.6521711988932215,0.8349600223009475,8.51999980956316,0.851999980956316,3.0094676783214043,1
12:05:09.604807,102,-1.3866811663262224,2.7263869428542904,0.7944998257494051,0.4872000130126253,5.359999880194664,0.5359999880194664,1.4297000228070713,1
12:05:09.604807,102,-1.3717253970606262,2.772732414377747,1.0902057204961877,0.4872000130126253,10.639999762177467,1.0,2.6152100319671234,1
12:05:09.604807,102,-1.3464338452719538,2.754369306858734,1.2292418449523566,0.5566400148672983,37.99999915063381,1.0,2.5798288931146116,1
12:05:09.604807,102,-1.2926616750969964,2.6443687928244386,1.2600234082816613,0.5566400148672983,31.75999929010868,1.0,2.2480678280156763,1
12:05:09.604807,102,-1.2657223502370671,2.5892596244072577,1.2754446667416892,0.5566400148672983,22.359999500215054,1.0,4.872821171071891,1
12:05:09.604807,102,-1.4912609453662655,2.749155530639554,0.6305516325743921,0.8349600223009475,8.639999806880951,0.8639999806880951,4.17117466036595,1
12:05:09.604807,102,-1.3177669680645083,2.7672365156581558,1.2257940867457089,0.5566400148672983,42.11999905854464,1.0,2.5527769070983686,1
12:05:09.604807,102,-1.4636348913882569,2.698226604136529,0.655921072199396,0.8349600223009475,6.999999843537808,0.6999999843537809,4.172263220431219,1
12:05:09.604807,102,-1.402476275422314,2.7960720405083443,1.2174128298616798,0.5566400148672983,10.239999771118164,1.0,5.453241463596993,1
12:05:09.604807,102,-1.3744161121480476,2.772849969936624,1.3551853702636367,0.5566400148672983,32.87999926507473,1.0,5.099499678941273,1
12:05:09.604807,102,-1.3472537649653606,2.710028926958577,1.3379913750124668,0.5566400148672983,38.87999913096428,1.0,2.5703934598298392,1
12:05:09.604807,102,-1.3198564159683246,2.654918590483951,1.3514537841067904,0.5566400148672983,26.239999413490292,1.0,2.6020433892162678,1
12:05:09.604807,102,-1.2923503473324114,2.599589562197918,1.3649696154594249,0.5566400148672983,18.35999958962202,1.0,4.522826775653661,1
12:05:09.604807,102,-1.4931028171065106,2.6839465388839847,0.6597474041516789,0.8349600223009475,5.879999868571758,0.5879999868571758,5.5749567559771895,1
12:05:09.604807,102,-1.4314391342601989,2.782385166338144,1.2210802167424917,0.5566400148672983,9.63999978452921,0.963999978452921,5.572714733829091,1
12:05:09.604807,102,-1.4027994941262358,2.759436937064604,1.3587793815897464,0.5566400148672983,27.759999379515648,1.0,5.233952774799912,1
12:05:09.604807,102,-1.3747324105347818,2.704226375967146,1.3716088648999714,0.5566400148672983,32.119999282062054,1.0,3.3462607934423794,1
12:05:09.604807,102,-1.4310425973302785,2.7457504169971854,1.3624466735890035,0.5566400148672983,23.23999948054552,1.0,5.5703370475923695,1
12:05:09.604807,102,-1.2295102767310702,2.768082878148584,1.0947242569553364,0.5566400148672983,39.63999911397696,1.0,1.0883789806428286,1
12:05:09.604807,102,-1.445309790077171,2.699031099552168,0.8018298018704813,0.4872000130126253,5.119999885559082,0.5119999885559082,3.226720287684615,1
12:05:09.604807,102,-1.3425200382842144,2.785841322150252,1.0866931992448907,0.4872000130126253,10.759999759495258,1.0,2.578231647754511,1
12:05:09.604807,102,-1.3194945204120243,2.6992601384415527,1.2446631034123845,0.5566400148672983,46.35999896377325,1.0,1.4857537725470082,1
12:05:09.604807,102,-1.404262914567024,2.725929292525707,0.6484981592173447,0.8349600223009475,10.639999762177467,1.0,2.081543376013874,1
12:05:09.604807,102,-1.1818256063103485,2.692178590003988,1.2472128117371053,0.4872000130126253,51.63999884575605,1.0,0.9844561846701853,1
12:05:09.604807,102,-1.1571961270355118,2.636073055961896,1.2629010455616942,0.4872000130126253,41.11999908089638,1.0,2.5238940016053997,1
12:05:09.604807,102,-1.357157384775023,2.739638775588592,0.790949007870017,0.4872000130126253,5.999999865889549,0.5999999865889549,0.8671344158568858,1
12:05:09.604807,102,-1.3838099107477906,2.796731993004185,0.4649535222029897,0.6263600167294499,15.239999659359457,1.0,2.3133682638220283,1
12:05:09.604807,102,-1.3586406866342615,2.745864042304684,0.4928734904907426,0.8349600223009475,21.239999525249004,1.0,1.7298888927081302,1
12:05:09.604807,102,-1.3334714625207322,2.694996091605183,0.5207934587784955,0.8349600223009475,16.359999634325504,1.0,2.6681425507794323,1
12:05:09.604807,102,-1.291636289069364,2.726574100123927,0.6935657450062984,0.4872000130126253,6.999999843537808,0.6999999843537809,0.5083511906603382,1
12:05:09.604807,102,-1.28011379601125,2.7699199798497847,0.9577652797039028,0.4872000130126253,9.759999781847,0.9759999781847,0.6879979993866746,1
12:05:09.604807,102,-1.2585289698539872,2.756066471454798,1.0979440434248606,0.5566400148672983,43.239999033510685,1.0,0.8283304593727508,1
12:05:09.604807,102,-1.2348299866429755,2.7362722337143035,1.234745742373867,0.5566400148672983,60.99999863654375,1.0,1.0981605374883963,1
12:05:09.604807,102,-1.2097188539255748,2.6806282212146257,1.2503077237264968,0.5566400148672983,49.51999889314175,1.0,1.0124516907098402,1
12:05:09.604807,102,-1.1845080738561211,2.624763399141537,1.2659314589733826,0.5566400148672983,37.63999915868044,1.0,2.8215621978212297,1
12:05:09.604807,102,-1.1325666477606748,2.579967521919803,1.2785892793862836,0.4872000130126253,20.75999953597784,1.0,5.9737482083028075,1
12:05:09.604807,102,-1.4147275529343373,2.7832159826126457,0.468575126272293,0.6263600167294499,13.119999706745148,1.0,2.687469222823599,1
12:05:09.604807,102,-1.159297293786667,2.568898577068448,1.2815551942202688,0.4872000130126253,19.35999956727028,1.0,6.529584964320365,1
12:05:09.604807,102,-1.4307683246972431,2.7773811062387037,0.6229886123866963,0.8349600223009475,13.519999697804453,1.0,2.6381533217077036,1
12:05:09.604807,102,-1.1859120110545407,2.5575719917552524,1.2845901436079417,0.4872000130126253,17.519999608397484,1.0,7.27690185106071,1
12:05:09.604807,102,-1.2117015708617265,2.613190499054039,1.269032408205914,0.5566400148672983,32.63999927043915,1.0,3.3096963642402715,1
12:05:09.604807,102,-1.2374911306689118,2.668809006352825,1.253474672803886,0.5566400148672983,44.359999008476734,1.0,1.2296785832110078,1
12:05:09.604807,102,-1.44550372355085,2.769402011509213,0.4722765686737249,0.6263600167294499,11.119999751448631,1.0,3.2940793533886032,1
12:05:09.604807,102,-1.2889683152642826,2.779826184953169,1.2224206950251353,0.5566400148672983,44.23999901115894,1.0,2.720794194401513,1
12:05:09.604807,102,-1.3131804286287383,2.7986674770877613,1.0832564413873886,0.4872000130126253,10.359999768435957,1.0,2.7423549161488543,1
12:05:09.604807,102,-1.3508099749263762,2.7010491789483493,0.7004051270221627,0.4872000130126253,6.6399998515844345,0.6639999851584435,1.5690369118291878,1
12:05:09.604807,102,-1.3632644226838142,2.6819717491689365,0.5242833208162341,0.8349600223009475,13.35999970138073,1.0,3.57043468139983,1
12:05:09.604807,102,-1.263178755457097,2.724207677654383,1.2379784304271628,0.5566400148672983,59.239998675882816,1.0,1.0338958037923172,1
12:05:09.634910,103,-1.3323234133118251,2.8827309839536035,0.5830371228331366,1.4613200390303973,13.639999695122242,1.0,0.5709825319124451,1
12:05:09.634910,103,-1.1917291469977918,2.6943436740570137,0.8537904562879441,0.4872000130126253,38.87999913096428,1.0,0.5406283196759208,1
12:05:09.634910,103,-1.213923195115704,2.736105012405873,0.8010333302599346,0.4872000130126253,22.99999948590994,1.0,0.46511402088309195,1
12:05:09.634910,103,-1.3324904255728232,2.808654801481447,0.3050548016780616,0.4872000130126253,11.239999748766422,1.0,2.6628214643883084,1
12:05:09.634910,103,-1.1626780748921184,2.7057146822675344,0.8507436038208076,0.4872000130126253,31.239999301731583,1.0,1.0376370800507881,1
12:05:09.634910,103,-1.1787919900613668,2.709556432917715,0.7092038818227571,0.5566400148672983,20.51999954134226,1.0,0.5475033065519136,1
12:05:09.634910,103,-1.2459546530553691,2.854969858147208,0.6021987689710737,1.4613200390303973,6.239999860525131,0.6239999860525132,0.9089282852738951,1
12:05:09.634910,103,-1.2615385723847354,2.8632381318283797,0.4823059499347724,0.1391600037168245,13.879999689757824,1.0,1.076293205234355,1
12:05:09.634910,103,-1.131972164120791,2.704865450566936,0.8185413990254458,0.4872000130126253,24.99999944120645,1.0,1.4535760461986902,1
12:05:09.634910,103,-1.1955072432254932,2.8714972938650947,0.444920220215439,0.1391600037168245,11.879999734461308,1.0,2.1185790570545775,1
12:05:09.634910,103,-1.2272083148998694,2.859796378982118,0.4480554709090378,0.1391600037168245,13.119999706745148,1.0,1.5423827853994014,1
12:05:09.634910,103,-1.277091343963504,2.8128168606866395,0.1436820742982116,1.1132800297345966,9.119999796152117,0.9119999796152116,4.5174254158615454,1
12:05:09.634910,103,-1.1027312192278125,2.7156583288268563,0.8156494560116925,0.4872000130126253,20.119999550282955,1.0,2.248383075899766,1
12:05:09.634910,103,-1.1763289649962612,2.834487678488831,0.5036598192686201,0.1391600037168245,5.359999880194664,0.5359999880194664,1.8924467542242898,1
12:05:09.634910,103,-1.1636866218283914,2.8828914199790145,0.4418671733247556,1.4613200390303973,10.359999768435957,1.0,2.8983044110447387,1
12:05:09.634910,103,-1.2433939056434853,2.724236983515716,0.8042133590168017,0.4872000130126253,24.759999446570877,1.0,0.1606272806891035,1
12:05:09.634910,103,-1.2075214893772763,2.8229744692031518,0.5067447743990088,0.1391600037168245,5.879999868571758,0.5879999868571758,1.2968597360961691,1
12:05:09.634910,103,-1.2206610471871973,2.6826926272669698,0.8569123448663136,0.4872000130126253,46.63999895751476,1.0,0.2192093290966914,1
12:05:09.634910,103,-1.0678161639700972,2.7009728287448715,1.1192387988986146,0.4872000130126253,23.639999471604824,1.0,5.78554689678517,1
12:05:09.634910,103,-1.3637686846552786,2.8697097507967944,0.5865261517419609,1.4613200390303973,12.639999717473984,1.0,0.5754734117031262,1
12:05:09.634910,103,-1.2015353605074577,2.672996556612696,0.9955065468056206,0.5566400148672983,39.63999911397696,1.0,0.9992908217632681,1
12:05:09.634910,103,-1.424801937085253,2.571468523850756,1.0227109011933029,0.5566400148672983,21.51999951899052,1.0,3.329893792650858,1
12:05:09.634910,103,-1.4538912600422065,2.623968647844804,1.002758178307724,0.4872000130126253,21.239999525249004,1.0,3.384150062050557,1
12:05:09.634910,103,-1.3697848586108126,2.59846305866888,1.015477737388733,0.5566400148672983,25.23999943584204,1.0,1.712792188740532,1
12:05:09.634910,103,-1.3977509310146643,2.651514313820851,0.9953773393544648,0.4872000130126253,26.87999939918518,1.0,1.7523223572224604,1
12:05:09.634910,103,-1.448009431415509,2.6452840069725205,0.858447352643257,0.5566400148672983,14.6399996727705,1.0,2.9522079482772146,1
12:05:09.634910,103,-1.3420694744574226,2.6115604182081955,1.011968310477193,0.5566400148672983,29.519999340176582,1.0,1.1636524423656285,1
12:05:09.634910,103,-1.3681653849407398,2.654125954419634,0.9620975916022958,0.4872000130126253,33.87999924272299,1.0,1.14402610763648,1
12:05:09.634910,103,-1.4194314702226067,2.659132798181009,0.8547365802227955,0.5566400148672983,17.11999961733818,1.0,2.018319633327823,1
12:05:09.634910,103,-1.3142198844809745,2.624389417299424,1.0085307905309988,0.5566400148672983,33.87999924272299,1.0,0.7871107324558441,1
12:05:09.634910,103,-1.481744742625874,2.609790496852452,1.0065572024162912,0.4872000130126253,16.99999962002039,1.0,4.469916501932071,1
12:05:09.634910,103,-1.3618525939295916,2.6859988341990984,0.8475378475679229,0.5566400148672983,19.879999555647373,1.0,0.7070197966713756,1
12:05:09.634910,103,-1.2862388736171322,2.6369487730534025,1.0051655212992652,0.5566400148672983,37.63999915868044,1.0,0.5828319990220543,1
12:05:09.634910,103,-1.311249184293966,2.6800079738984306,0.9551625253844658,0.4872000130126253,49.359998896718025,1.0,0.4893959252298774,1
12:05:09.634910,103,-1.3328574366688686,2.699013392427607,0.8440506072007461,0.5566400148672983,22.359999500215054,1.0,0.3289874511792765,1
12:05:09.634910,103,-1.2581292399435404,2.64923722954508,1.0018728393060952,0.5566400148672983,40.23999910056591,1.0,0.550418948679708,1
12:05:09.634910,103,-1.2781557713604903,2.6585551062150974,0.8633799741394523,0.5566400148672983,53.63999880105257,1.0,0.10566603721656097,1
12:05:09.634910,103,-1.3019593770398727,2.6996499397639733,0.8108014375343497,0.5566400148672983,24.35999945551157,1.0,0.10025821063842266,1
12:05:09.634910,103,-1.229893794400016,2.661253557939101,0.99865307381693,0.5566400148672983,40.99999908357859,1.0,0.6894122614606895,1
12:05:09.634910,103,-1.2494708822945548,2.6707627069923205,0.8601089573696736,0.5566400148672983,52.51999882608652,1.0,0.07402727190722709,1
12:05:09.634910,103,-1.3397742727697597,2.6672044073716696,0.9585932306955496,0.4872000130126253,41.879999063909054,1.0,0.7273100411659312,1
12:05:09.634910,103,-1.2727402778224188,2.712084887568611,0.8074695033121739,0.4872000130126253,25.359999433159828,1.0,0.03880769140568428,1
12:05:09.666957,104,-1.0609698400690326,2.767427535637181,1.0981725524333985,0.6263600167294499,32.239999279379845,1.0,0.4572093243085301,1
12:05:09.666957,104,-1.040642838446301,2.7458582642579445,1.232829386370792,0.5566400148672983,43.75999902188778,1.0,0.7328743806644357,1
12:05:09.666957,104,-1.069098868747462,2.7356689095653777,1.2355596157320596,0.5566400148672983,49.63999889045954,1.0,0.4099458618187279,1
12:05:09.666957,104,-1.1246876223629996,2.6544166947685306,0.7028291267264353,0.6958000185841229,13.519999697804453,1.0,2.533281942468482,1
12:05:09.666957,104,-1.089981705429773,2.7570391510548973,1.1009561116928854,0.6263600167294499,32.99999926239252,1.0,0.15522220322814217,1
12:05:09.666957,104,-0.990990740250651,2.698341411441444,1.2462162899969351,0.5566400148672983,23.639999471604824,1.0,1.071498073159616,1
12:05:09.666957,104,-1.0189556359646768,2.688634035192273,1.2488173736235255,0.5566400148672983,27.239999391138557,1.0,0.619973154605501,1
12:05:09.666957,104,-1.0119309310630304,2.7475034605989985,1.200971590133444,0.5566400148672983,35.879999198019505,1.0,1.073898720582552,1
12:05:09.666957,104,-0.934766460467167,2.716943417249991,1.241231897562936,0.5566400148672983,16.639999628067017,1.0,2.4568568859347115,1
12:05:09.666957,104,-0.9629267462928534,2.707778186683889,1.2436877136915685,0.5566400148672983,19.879999555647373,1.0,1.6839649778447965,1
12:05:09.666957,104,-0.983273929154134,2.757139640201348,1.198389583590873,0.5566400148672983,28.359999366104603,1.0,1.719448865596084,1
12:05:09.666957,104,-1.002078876554509,2.777798750234371,1.0633693683830867,0.6263600167294499,25.75999942421913,1.0,1.5200182434041567,1
12:05:09.666957,104,-0.95451860067611,2.7664985372358624,1.1958818746884288,0.5566400148672983,22.239999502897263,1.0,2.531980650461524,1
12:05:09.666957,104,-0.9705830583316762,2.756965554118404,0.9730071217347152,0.6263600167294499,21.7599995136261,1.0,2.2964223059262894,1
12:05:09.666957,104,-0.9256678211377146,2.77557921582068,1.1934487141949006,0.5566400148672983,17.639999605715275,1.0,3.5108938001253533,1
12:05:09.666957,104,-0.9412467229058455,2.766199059663854,0.9705330113805032,0.6263600167294499,18.11999959498644,1.0,3.2356453473487874,1
12:05:09.666957,104,-1.0468186369687875,2.678657028665869,1.2514907044651558,0.5566400148672983,29.999999329447743,1.0,0.329848900877065,1
12:05:09.666957,104,-1.0312839387725128,2.767978280328791,1.0660007553635809,0.6263600167294499,29.519999340176582,1.0,0.8832477433011114,1
12:05:09.666957,104,-1.304577181033031,2.951383063368517,0.3949350088358669,0.974120026017772,13.23999970406294,1.0,5.141748542787416,1
12:05:09.666957,104,-1.26903633477339,2.9078590266403794,0.5763040840878402,1.3221600353135727,7.1199998408555984,0.7119999840855599,2.8932233354835684,1
12:05:09.666957,104,-1.2844838821484552,2.915315719704194,0.4547015937401999,0.5566400148672983,11.759999737143517,1.0,4.386945484162725,1
12:05:09.666957,104,-1.29214462768533,2.6747249059912463,1.3775573814129518,0.5566400148672983,14.999999664723871,1.0,4.289752654189109,1
12:05:09.666957,104,-1.2382784057048346,2.631074160552982,1.3872894214526434,0.5566400148672983,16.119999639689922,1.0,3.1662569858392504,1
12:05:09.666957,104,-1.2115198141194892,2.635870575323029,1.3552481472919684,0.5566400148672983,19.35999956727028,1.0,2.232841603421344,1
12:05:09.666957,104,-1.2373055054606374,2.691971799816739,1.3415254065890885,0.5566400148672983,23.75999946892261,1.0,2.339919680113461,1
12:05:09.666957,104,-1.184330396172247,2.6474417394611245,1.352147663205678,0.5566400148672983,23.11999948322773,1.0,1.5869858914888346,1
12:05:09.666957,104,-1.2095373945933434,2.7037892417816143,1.3383589325579988,0.5566400148672983,30.23999932408333,1.0,1.6891640950742355,1
12:05:09.666957,104,-1.2346447606096138,2.7278433079736284,1.2049351510938249,0.6263600167294499,20.63999953866005,1.0,1.3402065257138909,1
12:05:09.666957,104,-1.1570225461776196,2.658749699818898,1.3491177043597693,0.5566400148672983,26.75999940186739,1.0,1.103626593619552,1
12:05:09.666957,104,-1.2649498868140014,2.6798867338409664,1.3447635902577737,0.5566400148672983,18.759999580681324,1.0,3.159794478837904,1
12:05:09.666957,104,-1.2049103479044223,2.712699329855062,1.1128369309759218,0.6263600167294499,24.51999945193529,1.0,0.7019920687814069,1
12:05:09.666957,104,-1.2450839214409228,2.7363676952542018,0.8340415519245326,0.4174800111504737,8.639999806880951,0.8639999806880951,1.8106410375480382,1
12:05:09.666957,104,-1.1295989948977294,2.669793325609788,1.3461585737475887,0.5566400148672983,29.759999334812164,1.0,0.7826547041151801,1
12:05:09.666957,104,-1.1538141771246255,2.703458957693712,1.244190246324318,0.5566400148672983,45.639998979866505,1.0,0.45250371769363446,1
12:05:09.666957,104,-1.1763517681061384,2.724200038322487,1.1097553254296892,0.6263600167294499,28.359999366104603,1.0,0.30148159073280345,1
12:05:09.666957,104,-1.0517059239150135,2.611617574331399,1.2701086734021936,0.5566400148672983,5.999999865889549,0.5999999865889549,0.23715880185692964,1
12:05:09.666957,104,-1.0745769569862271,2.6684113895545254,1.254236015190981,0.5566400148672983,30.999999307096004,1.0,0.20152547536454568,1
12:05:09.666957,104,-1.0974479900574408,2.7252052047776507,1.2383633569797687,0.5566400148672983,50.35999887436628,1.0,0.25534598821758736,1
12:05:09.666957,104,-1.1818256063103485,2.692178590003988,1.2472128117371053,0.6263600167294499,37.99999915063381,1.0,0.8047935450695373,1
12:05:09.666957,104,-1.1476755541165924,2.7354243216651355,1.1067477877724086,0.6263600167294499,31.5199992954731,1.0,0.07702126269216854,1
12:05:09.697083,105,-1.2172515518190266,2.9237251023013178,0.41663587914531,0.5566400148672983,8.639999806880951,0.8639999806880951,5.579684061554168,1
12:05:09.697083,105,-1.1001502446021176,2.8278625642186443,0.9090077933858988,0.6263600167294499,40.99999908357859,1.0,0.6768074136860495,1
12:05:09.697083,105,-1.082631022246039,2.8239284367440405,1.0797604846288191,0.6263600167294499,67.5199984908104,1.0,0.8615226097980823,1
12:05:09.697083,105,-1.062244320760013,2.802856310600037,1.2169045927435629,0.6263600167294499,59.63999866694212,1.0,1.2090141090076059,1
12:05:09.697083,105,-1.0404867407266172,2.769009500237371,1.3208832169746294,0.6263600167294499,38.239999145269394,1.0,1.2596810082558236,1
12:05:09.697083,105,-1.1122352053873046,2.813327958770915,1.082600874141102,0.5566400148672983,74.75999832898378,1.0,0.30141673527739854,1
12:05:09.697083,105,-1.1788690935957722,2.8255196658149444,0.8016647515882214,0.6263600167294499,9.239999793469906,0.9239999793469906,1.4550539003008738,1
12:05:09.697083,105,-1.1613097604609026,2.8170909497478083,0.9451258564135344,0.6263600167294499,46.879998952150345,1.0,0.23677521694943404,1
12:05:09.697083,105,-1.0912910363689086,2.7924554470621223,1.2196914957291336,0.5566400148672983,65.75999853014946,1.0,0.6285019016833755,1
12:05:09.697083,105,-1.0689385025878515,2.758821673960677,1.3236130367980985,0.6263600167294499,42.11999905854464,1.0,1.0696004923062508,1
12:05:09.697083,105,-1.0120827447331455,2.755772249928419,1.2301729419166143,0.6263600167294499,32.51999927312136,1.0,2.640982917913176,1
12:05:09.697083,105,-1.052918576909578,2.83424243501936,1.076996857120211,0.6263600167294499,56.99999872595072,1.0,1.6895527941263302,1
12:05:09.697083,105,-0.9258066932928398,2.7838522171801023,1.2226489373680338,0.6263600167294499,17.11999961733818,1.0,3.154498792223537,1
12:05:09.697083,105,-1.2134014160787463,2.8494963489739678,0.8966738243064498,0.6263600167294499,10.519999764859676,1.0,1.288128405178344,1
12:05:09.697083,105,-0.9304322670412556,2.831807281333256,0.947067984308505,0.7655200204462744,24.23999945819378,1.0,3.592162558224753,1
12:05:09.697083,105,-0.9143774602944044,2.815138449091141,1.0853884517032588,0.7655200204462744,18.759999580681324,1.0,3.402168023975861,1
12:05:09.697083,105,-0.896724475592731,2.784380767895549,1.191090345424299,0.6263600167294499,13.879999689757824,1.0,4.197670497274094,1
12:05:09.697083,105,-0.960463590311848,2.822674879716707,0.949515003946616,0.7655200204462744,29.879999332129955,1.0,3.020452935210125,1
12:05:09.697083,105,-0.9438905866918436,2.8061636290076946,1.087793247496833,0.7655200204462744,23.75999946892261,1.0,2.730946513717462,1
12:05:09.697083,105,-1.0699569900833072,2.8383434644443533,0.9061994446344688,0.6263600167294499,34.879999220371246,1.0,0.9735355419391483,1
12:05:09.697083,105,-1.00925252663744,2.858427755180906,0.9008178751510574,0.7655200204462744,24.63999944925308,1.0,2.3827650562243408,1
12:05:09.697083,105,-0.9743323311020062,2.8239250307600336,1.1791901310658164,0.6263600167294499,30.35999932140112,1.0,2.9999912468805485,1
12:05:09.697083,105,-0.9546618011332892,2.7747701762778574,1.225082462893417,0.6263600167294499,21.239999525249004,1.0,2.7339711067425956,1
12:05:09.697083,105,-1.039656740761899,2.8485322010534824,0.9034693808881592,0.7655200204462744,29.35999934375286,1.0,1.548369958313288,1
12:05:09.697083,105,-1.0225377174008852,2.83451139418283,1.0442467449325474,0.6263600167294499,46.35999896377325,1.0,1.6454933667265874,1
12:05:09.697083,105,-1.0036845576670534,2.814371863375215,1.181749894551738,0.6263600167294499,38.99999912828207,1.0,1.9714283410405877,1
12:05:09.697083,105,-0.9834214435934414,2.765409875186541,1.2275905480117473,0.6263600167294499,26.519999407231808,1.0,2.5574839565237113,1
12:05:09.697083,105,-0.9903988680280864,2.8132528592500976,0.9520396267217136,0.7655200204462744,37.239999167621136,1.0,2.697953681375998,1
12:05:09.697083,105,-1.191192419991369,2.8057291422573787,0.9481702435551528,0.6263600167294499,51.35999885201454,1.0,0.48363160005672146,1
12:05:09.697083,105,-1.0330913816089904,2.812976089053787,1.2141930062792987,0.6263600167294499,49.359998896718025,1.0,2.0470477734505774,1
12:05:09.697083,105,-1.1200605881020118,2.8054095061027087,1.312434225857184,0.6263600167294499,64.3599985614419,1.0,3.455702680861459,1
12:05:09.697083,105,-1.3171860015712462,2.7506221310945813,1.4552947210454652,0.5566400148672983,17.759999603033066,1.0,5.027798926968917,1
12:05:09.697083,105,-1.3462318785210314,2.7784994453027587,1.3209542920114097,0.6263600167294499,25.51999942958355,1.0,5.089213076049834,1
12:05:09.697083,105,-1.3709703880137132,2.762850355482176,1.0595217460772473,0.5566400148672983,29.759999334812164,1.0,3.3714804420561424,1
12:05:09.697083,105,-1.3947147918664695,2.7851311512996064,0.9478041015391516,0.6263600167294499,13.119999706745148,1.0,3.547258053762158,1
12:05:09.697083,105,-1.264633620363144,2.6870732993281057,1.3742486393905184,0.5566400148672983,17.759999603033066,1.0,6.629132473012241,1
12:05:09.697083,105,-1.3177669680645083,2.7672365156581558,1.2257940867457089,0.5566400148672983,31.5199992954731,1.0,2.024692011303194,1
12:05:09.697083,105,-1.3417811041092411,2.7759520480030098,1.056011158146809,0.6263600167294499,35.35999920964241,1.0,2.1378490748654437,1
12:05:09.697083,105,-1.3650199666671166,2.798459757458465,0.9442327122826528,0.6263600167294499,13.879999689757824,1.0,2.4274763869394986,1
12:05:09.697083,105,-1.2369961507384328,2.699155343760524,1.3710112653419353,0.5566400148672983,21.99999950826168,1.0,4.796671535313474,1
12:05:09.697083,105,-1.262673500819659,2.7551839390346298,1.357954827027781,0.5566400148672983,28.11999937146902,1.0,2.128101429369731,1
12:05:09.697083,105,-1.2889683152642826,2.779826184953169,1.2224206950251353,0.5566400148672983,39.23999912291765,1.0,1.7800657318725857,1
12:05:09.697083,105,-1.3124576432185038,2.7887711433183555,1.0525762919093646,0.6263600167294499,41.51999907195568,1.0,1.3257956514438025,1
12:05:09.697083,105,-1.3339169770462445,2.800279375162012,0.909861472693267,0.6263600167294499,14.119999684393406,1.0,2.07250630417614,1
12:05:09.697083,105,-1.2092349825350044,2.710969831094178,1.3678455830018947,0.6263600167294499,27.239999391138557,1.0,3.352071482235975,1
12:05:09.697083,105,-1.2343360711345777,2.7672436694332005,1.3547234320065469,0.5566400148672983,35.999999195337296,1.0,2.171625996713172,1
12:05:09.697083,105,-1.2891418392093128,2.76320983257684,1.45192185659873,0.6263600167294499,22.239999502897263,1.0,5.379517276049235,1
12:05:09.697083,105,-1.1417281659398633,2.802442061138898,1.0855177416204889,0.5566400148672983,75.63999830931425,1.0,0.028503020242093287,1
12:05:09.697083,105,-1.2600407667124296,2.7921370557873924,1.2191220071269813,0.5566400148672983,48.87999890744686,1.0,1.9037579787753651,1
12:05:09.697083,105,-1.0972833714943853,2.7483595387416786,1.326416357481134,0.6263600167294499,42.35999905318022,1.0,1.1592953550273792,1
12:05:09.697083,105,-1.2437198789386406,2.837629265760784,0.8998535996699353,0.6263600167294499,11.759999737143517,1.0,0.9392130679694817,1
12:05:09.697083,105,-1.2016302927973237,2.8073129246314665,1.1823317943929392,0.6263600167294499,69.75999844074249,1.0,1.5568722664084518,1
12:05:09.697083,105,-1.177588184131628,2.783215183894716,1.3183811765693716,0.6263600167294499,56.23999874293804,1.0,1.8303860461979728,1
12:05:09.697083,105,-1.15335266685839,2.7337914355834863,1.3617305525090022,0.6263600167294499,38.75999913364649,1.0,1.5428261400335357,1
12:05:09.697083,105,-1.2209559612778182,2.794079263343744,0.9512918192019816,0.5566400148672983,53.11999881267548,1.0,1.075680253911815,1
12:05:09.697083,105,-1.2505974079910578,2.782142477985034,0.9544902711990716,0.5566400148672983,51.63999884575605,1.0,2.0347078260597677,1
12:05:09.697083,105,-1.230987215139568,2.804167897084056,1.215898352917273,0.6263600167294499,59.63999866694212,1.0,2.3727583640421157,1
12:05:09.697083,105,-1.2058752088765108,2.7790290828665394,1.351565539994617,0.5566400148672983,45.759998977184296,1.0,2.549781122673794,1
12:05:09.697083,105,-1.1813528918464204,2.722515579890235,1.364751908935979,0.6263600167294499,33.11999925971031,1.0,2.2742959589777376,1
12:05:09.697083,105,-1.3039806724368217,2.813019548379246,0.9064477535682762,0.6263600167294499,13.759999692440031,1.0,1.3077619819906308,1
12:05:09.697083,105,-1.2739139708526304,2.8254699269213117,0.9031116846924684,0.6263600167294499,12.999999709427357,1.0,0.9379804073131142,1
12:05:09.697083,105,-1.28011379601125,2.7699199798497847,0.9577652797039028,0.5566400148672983,47.23999894410372,1.0,3.3831035914095673,1
12:05:09.740724,106,-1.2145581885025971,2.8607647658417426,0.9275381356019394,0.6263600167294499,80.23999820649624,1.0,0.7983026356312504,1
12:05:09.740724,106,-1.191192419991369,2.8057291422573787,0.9481702435551528,0.6263600167294499,69.99999843537807,1.0,2.8323846410570597,1
12:05:09.740724,106,-1.268855148470141,2.9036934754116563,0.9101500654817308,0.6263600167294499,34.639999225735664,1.0,1.5389816633642228,1
12:05:09.740724,106,-1.2209559612778182,2.794079263343744,0.9512918192019816,0.6263600167294499,82.23999816179276,1.0,3.305523151244747,1
12:05:09.740724,106,-1.2003686336105648,2.779818389653636,1.091579736124792,0.6958000185841229,25.87999942153692,1.0,2.6327118347774405,1
12:05:09.740724,106,-1.2379239570138247,2.915800389426105,0.9069060276487262,0.6263600167294499,29.999999329447743,1.0,1.8098927810129837,1
12:05:09.740724,106,-1.2449055548739796,2.8488863693777,0.9307209423418564,0.6263600167294499,99.75999777019024,1.0,0.9066134615564623,1
12:05:09.740724,106,-1.1613097604609026,2.8170909497478083,0.9451258564135344,0.6263600167294499,57.35999871790409,1.0,2.5809505012690046,1
12:05:09.740724,106,-1.1129923923562053,2.9612226612211514,0.8947351666028565,0.6263600167294499,16.359999634325504,1.0,4.877783030572933,1
12:05:09.740724,106,-1.206868974198941,2.9276079307194625,0.9037422064945736,0.6263600167294499,24.759999446570877,1.0,2.285665062213847,1
12:05:09.740724,106,-1.1011990512444907,2.8389458346946475,0.9392698576413538,0.7655200204462744,46.23999896645546,1.0,2.7194440654082417,1
12:05:09.740724,106,-1.1227995598477514,2.8946330184578475,0.9184631646644008,0.6263600167294499,48.119998924434185,1.0,1.7296758770166627,1
12:05:09.740724,106,-1.144400068451012,2.950320202221046,0.8976564716874482,0.6263600167294499,20.119999550282955,1.0,3.8258462658244596,1
12:05:09.740724,106,-1.070977012579106,2.849436726680872,0.9364588316057628,0.7655200204462744,37.35999916493893,1.0,3.0979522430074544,1
12:05:09.740724,106,-1.091984702467656,2.905329693951012,0.9155969991043096,0.7655200204462744,37.63999915868044,1.0,2.4386830176218615,1
12:05:09.740724,106,-1.039656740761899,2.8485322010534824,0.9034693808881592,0.7655200204462744,30.35999932140112,1.0,4.588420879244635,1
12:05:09.740724,106,-1.0600500696045694,2.9044074256516006,0.8819604456551544,0.7655200204462744,29.879999332129955,1.0,3.2711357623733273,1
12:05:09.740724,106,-1.299659455474658,2.891288399357373,0.9134739955925226,0.6263600167294499,36.999999172985554,1.0,1.4796642352285163,1
12:05:09.740724,106,-1.1840893673299218,2.872349440233636,0.9244340314540542,0.6263600167294499,62.35999860614538,1.0,0.9035156181311178,1
12:05:09.740724,106,-1.278006321710263,2.8687456026932905,1.027220683800819,0.6263600167294499,114.3599974438548,1.0,0.5023751961833711,1
12:05:09.740724,106,-1.2534199328886757,2.8135564431250906,1.0459350908419869,0.6263600167294499,90.51999797672032,1.0,0.471728110608218,1
12:05:09.740724,106,-1.333336282868286,2.9112040970020447,1.0119174482350313,0.6263600167294499,35.759999200701714,1.0,3.0184139389419693,1
12:05:09.740724,106,-1.4585068318771817,2.7317224234341024,1.101194314451145,0.6263600167294499,31.999999284744263,1.0,5.144756149079196,1
12:05:09.740724,106,-1.4871160913332933,2.785306372350897,1.083563841630253,0.6263600167294499,31.119999304413795,1.0,3.0256098019584394,1
12:05:09.740724,106,-1.4297216936476445,2.745671611990889,1.0974566406422843,0.6263600167294499,39.23999912291765,1.0,3.7591556869058405,1
12:05:09.740724,106,-1.4858109460112443,2.853386748885554,1.0620490627360195,0.6263600167294499,14.51999967545271,1.0,3.509067880526935,1
12:05:09.740724,106,-1.4007935844465649,2.759342064650041,1.0937936538920965,0.6263600167294499,48.51999891549349,1.0,2.630551110979056,1
12:05:09.740724,106,-1.4282707729149302,2.813467785099449,1.0760180138265591,0.6263600167294499,50.35999887436628,1.0,1.433569548728192,1
12:05:09.740724,106,-1.4557479613832962,2.8675935055488573,1.0582423737610218,0.6263600167294499,17.759999603033066,1.0,3.3146208783503526,1
12:05:09.740724,106,-1.3717253970606262,2.772732414377747,1.0902057204961877,0.6263600167294499,59.75999866425991,1.0,1.7514748840619487,1
12:05:09.740724,106,-1.4577663198294444,2.799529180438222,1.0797528516891517,0.6263600167294499,39.23999912291765,1.0,2.104329287895984,1
12:05:09.740724,106,-1.4255394031788369,2.881509170593838,1.0545136825500772,0.6263600167294499,21.7599995136261,1.0,3.3556090502354907,1
12:05:09.740724,106,-1.3425200382842144,2.785841322150252,1.0866931992448907,0.6263600167294499,72.35999838262796,1.0,1.1146169780101012,1
12:05:09.740724,106,-1.3681007365592055,2.830403580654953,1.0374943976421682,0.6263600167294499,83.75999812781811,1.0,0.5189884701468104,1
12:05:09.740724,106,-1.3944203690091697,2.884855113306896,1.0189776371375274,0.6263600167294499,26.6399994045496,1.0,2.3720890896209372,1
12:05:09.740724,106,-1.3124576432185038,2.7887711433183555,1.0525762919093646,0.6263600167294499,84.11999811977148,1.0,1.0889913093564585,1
12:05:09.740724,106,-1.3382020829560042,2.843474128219856,1.0339921549775202,0.6263600167294499,102.9999976977706,1.0,0.2905629439680171,1
12:05:09.740724,106,-1.3639465226935048,2.898177113121355,1.0154080180456757,0.6263600167294499,31.75999929010868,1.0,2.5866657244310547,1
12:05:09.740724,106,-1.2830029376630223,2.801306359529422,1.0492174908486598,0.6263600167294499,91.23999796062708,1.0,0.667318545984502,1
12:05:09.740724,106,-1.3081696102656544,2.8562552282657334,1.0305674695418456,0.6263600167294499,115.63999741524458,1.0,0.2873904045237713,1
12:05:09.740724,106,-1.3986324001197314,2.827120792485793,1.0723597015231323,0.6263600167294499,65.23999854177237,1.0,1.0055169607420869,1
12:05:09.797688,107,-1.1648900519872167,2.994271905685689,0.8448069029517149,0.6958000185841229,10.87999975681305,1.0,2.5368980234270655,1
12:05:09.797688,107,-1.1476145687770587,2.99343114006462,1.0245242812150803,0.6263600167294499,51.11999885737896,1.0,1.3750850901794056,1
12:05:09.797688,107,-1.1273059282048847,2.974528997797054,1.1689406309853612,0.6263600167294499,86.119998075068,1.0,1.2683977460330706,1
12:05:09.797688,107,-1.1056187257232606,2.917304768731382,1.1849286182380951,0.6958000185841229,57.51999871432781,1.0,1.0249345355949528,1
12:05:09.797688,107,-1.0839315232416369,2.8600805396657094,1.2009166054908291,0.6958000185841229,28.359999366104603,1.0,2.623844895553133,1
12:05:09.797688,107,-1.2284774362162176,2.9711529808799275,0.8510016001832947,0.6958000185841229,11.239999748766422,1.0,2.7385072410375675,1
12:05:09.797688,107,-1.1581317317049318,2.963491089760649,1.1718982295298448,0.6263600167294499,105.87999763339758,1.0,0.6054280384593316,1
12:05:09.797688,107,-1.1358514999262577,2.9064792088611404,1.1878293182629411,0.6958000185841229,68.87999846041203,1.0,0.6259306677018219,1
12:05:09.797688,107,-1.1135712681475831,2.849467327961631,1.2037604069960373,0.6958000185841229,32.51999927312136,1.0,2.478951614052991,1
12:05:09.797688,107,-1.2612897255250526,2.9708360130104685,0.8862739196955127,0.6958000185841229,11.119999751448631,1.0,2.8766624760937267,1
12:05:09.797688,107,-1.054183386091485,2.8704069275407638,1.198149658198978,0.6958000185841229,23.9999994635582,1.0,3.015877663482001,1
12:05:09.797688,107,-1.1804119634836063,3.020502970660159,1.1559671407967484,0.6263600167294499,62.759998597204685,1.0,2.417443726325543,1
12:05:09.797688,107,-1.0739852752059895,2.890949697657549,1.0585294949099633,0.6958000185841229,46.63999895751476,1.0,1.6051419969479703,1
12:05:09.797688,107,-1.0329237355331111,2.9682123119699635,1.0345543428184687,0.8349600223009475,40.99999908357859,1.0,2.5552492934742728,1
12:05:09.797688,107,-1.1161186717988123,3.0043642229339267,1.0215947704894672,0.6263600167294499,39.759999111294746,1.0,2.069161255458476,1
12:05:09.797688,107,-1.1608600510480935,2.9572737604417605,0.7493841446916387,0.6958000185841229,10.119999773800371,1.0,3.2333615966081437,1
12:05:09.797688,107,-1.02432983148592,2.8804454589566566,1.1954598418128948,0.6958000185841229,20.239999547600743,1.0,3.651354576872678,1
12:05:09.797688,107,-1.0435709483611983,2.901176793879711,1.0557891527363197,0.6958000185841229,37.51999916136265,1.0,2.0472186359650117,1
12:05:09.797688,107,-1.064041056124835,2.958084665553735,1.037268037496925,0.6958000185841229,52.23999883234501,1.0,1.6218892237908067,1
12:05:09.797688,107,-1.0845111638884712,3.0149925372277595,1.0187469222575305,0.6263600167294499,30.759999312460423,1.0,3.012429263636024,1
12:05:09.797688,107,-1.0970283223359558,2.9790840138948367,0.7435401048921688,0.6958000185841229,9.119999796152117,0.9119999796152116,3.255036934139144,1
12:05:09.797688,107,-1.013052265295876,2.911109603816332,1.05312766433523,0.6958000185841229,30.23999932408333,1.0,2.7345410593046027,1
12:05:09.797688,107,-1.211712756073306,3.008949799410184,1.1590628037031976,0.6263600167294499,70.11999843269587,1.0,1.7324634684977716,1
12:05:09.797688,107,-1.0498462971173166,2.9821147746451806,0.8891371416827085,0.6958000185841229,23.9999994635582,1.0,2.554955870717195,1
12:05:09.797688,107,-1.064946306507871,2.989525636324021,0.740742280594598,0.6958000185841229,8.119999818503857,0.8119999818503857,3.6535465507714076,1
12:05:09.797688,107,-0.97968045771785,2.87915069976956,0.9284969965127288,0.8349600223009475,24.63999944925308,1.0,4.195661363447798,1
12:05:09.797688,107,-0.9988973251238522,2.935626519822414,0.9074789890788412,0.8349600223009475,32.51999927312136,1.0,2.952387884261542,1
12:05:09.797688,107,-1.0181141925298545,2.992102339875266,0.8864609816449538,0.6958000185841229,19.119999572634697,1.0,3.491891021330316,1
12:05:09.797688,107,-1.0950519735024011,2.947656960295738,1.040062132699715,0.6958000185841229,67.35999849438667,1.0,0.9337832095931347,1
12:05:09.797688,107,-1.1883662021851604,2.9850050802816592,1.3022668636755643,0.6263600167294499,119.8799973204732,1.0,1.6830762257149872,1
12:05:09.797688,107,-1.3351388555106425,2.993232258318481,1.3020265399141184,0.6263600167294499,46.999998949468136,1.0,2.1948371235649224,1
12:05:09.797688,107,-1.1429281904898272,2.8626858622231075,1.2983966095839323,0.6958000185841229,35.759999200701714,1.0,2.012870875322655,1
12:05:09.797688,107,-1.165970689930879,2.8953621689639326,1.1908081201256224,0.6958000185841229,77.75999826192856,1.0,0.47829380428328455,1
12:05:09.797688,107,-1.39911156652474,2.856061032332782,1.468207332029731,0.6263600167294499,28.519999362528324,1.0,3.9564792658904384,1
12:05:09.797688,107,-1.4214148430027145,2.9357013381266897,1.5870368215673922,0.6263600167294499,32.35999927669764,1.0,3.9240422480917188,1
12:05:09.797688,107,-1.3700782830765987,2.8694353034544244,1.4646237068833323,0.6263600167294499,35.23999921232462,1.0,2.8937732496844992,1
12:05:09.797688,107,-1.3919187391739112,2.949288808877049,1.583396069752652,0.6263600167294499,40.8799990862608,1.0,3.6045135305360962,1
12:05:09.797688,107,-1.315461471659277,2.81962462338074,1.44073207526557,0.6263600167294499,24.99999944120645,1.0,4.2277932366094,1
12:05:09.797688,107,-1.3409079929480026,2.882528470565312,1.4611154033296043,0.6263600167294499,43.99999901652336,1.0,2.1050326095054714,1
12:05:09.797688,107,-1.367210498934655,2.939070547092914,1.4505449425637795,0.6263600167294499,52.3599988296628,1.0,2.0302474459726256,1
12:05:09.797688,107,-1.3935130049213076,2.9956126236205174,1.4399744817979545,0.6263600167294499,27.99999937415123,1.0,3.7847756978189615,1
12:05:09.797688,107,-1.2884527451472392,2.811434870004269,1.3448465774504754,0.6958000185841229,29.35999934375286,1.0,4.253839917091391,1
12:05:09.797688,107,-1.3124576432185038,2.8888585094999875,1.426107427694965,0.6263600167294499,54.51999878138304,1.0,1.4996561528569234,1
12:05:09.797688,107,-1.3373313007016978,2.952132589514223,1.4470449788454889,0.6263600167294499,67.75999848544598,1.0,1.8049820070259126,1
12:05:09.797688,107,-1.3630589882598705,3.008925954668743,1.4364071854950144,0.6263600167294499,36.23999918997288,1.0,3.865003193885001,1
12:05:09.797688,107,-1.390456281112008,2.963358794742406,1.0293094448773117,0.6958000185841229,7.35999983549118,0.735999983549118,4.687146340431639,1
12:05:09.797688,107,-1.259536767228594,2.823740816654521,1.34154920898344,0.6958000185841229,33.519999250769615,1.0,3.2873790736399147,1
12:05:09.797688,107,-1.4238276714497389,2.9820057999304623,1.4436204192172577,0.6263600167294499,21.99999950826168,1.0,3.9765899085860106,1
12:05:09.797688,107,-1.3073183704590878,2.96490537276307,1.4436225218888623,0.6263600167294499,86.75999806076288,1.0,1.846197687007304,1
12:05:09.797688,107,-1.28473746332261,2.880237963875841,1.3283749859603329,0.6263600167294499,65.87999852746725,1.0,1.1042645290215751,1
12:05:09.797688,107,-1.2734381504588024,3.018430016685424,1.2952748209086216,0.6263600167294499,68.35999847203493,1.0,2.7291843177214794,1
12:05:09.797688,107,-1.2494020528710617,2.961457262714862,1.3085764823761028,0.6263600167294499,120.11999731510878,1.0,0.6939528427425996,1
12:05:09.797688,107,-1.2928047420663022,2.9585005814456125,0.8895791886216053,0.6958000185841229,10.519999764859676,1.0,3.512249539178133,1
12:05:09.797688,107,-1.2016302927973237,2.840038411906769,1.3044649756068192,0.6958000185841229,37.239999167621136,1.0,2.337850473286705,1
12:05:09.797688,107,-1.1772937601078393,2.790539000803176,1.3484814667785463,0.6958000185841229,15.519999653100967,1.0,5.6335408568627665,1
12:05:09.797688,107,-1.225365955283321,2.9044845087443005,1.321878143843584,0.6263600167294499,80.51999820023775,1.0,0.49960177427318275,1
12:05:09.797688,107,-1.3043537201243345,3.00598013450154,1.298610756785656,0.6263600167294499,58.999998681247234,1.0,2.3301061273297012,1
12:05:09.797688,107,-1.278006321710263,2.97079622702688,1.4080787987579004,0.6263600167294499,106.51999761909246,1.0,1.6313908432202822,1
12:05:09.797688,107,-1.2551144645004224,2.8925046086840407,1.3250881483901362,0.6263600167294499,75.87999830394983,1.0,0.6708010844858299,1
12:05:09.797688,107,-1.2304948366884667,2.83576684577529,1.3383268441923768,0.6958000185841229,36.35999918729067,1.0,2.5861330681034804,1
12:05:09.797688,107,-1.3554437984281005,2.9329196127158097,0.8964335885343617,0.6958000185841229,8.359999813139439,0.8359999813139438,5.618967778682905,1
12:05:09.797688,107,-1.3241904792164585,2.9458613600435424,0.8929658577892481,0.6958000185841229,9.519999787211418,0.9519999787211418,4.424845256570009,1
12:05:09.858949,108,-1.2172515518190266,2.9237251023013178,0.41663587914531,0.6263600167294499,11.9999997317791,1.0,3.0357775955657917,1
12:05:09.858949,108,-1.2146967142934315,3.0004811223556374,0.7293181651388192,0.6263600167294499,9.999999776482582,0.9999999776482582,1.0975991934231486,1
12:05:09.858949,108,-1.1706803331681324,3.088977455928398,1.1369646564798934,0.6263600167294499,26.6399994045496,1.0,0.7226213237786764,1
12:05:09.858949,108,-1.1489931306865084,3.031753226862726,1.1529526437326274,0.6263600167294499,88.3599980250001,1.0,0.5797444113663137,1
12:05:09.858949,108,-1.1273059282048847,2.974528997797054,1.1689406309853612,0.6263600167294499,110.75999752432108,1.0,0.5418991846044187,1
12:05:09.858949,108,-1.054183386091485,2.8704069275407638,1.198149658198978,0.7655200204462744,31.75999929010868,1.0,1.1029721212971793,1
12:05:09.858949,108,-1.1056187257232606,2.917304768731382,1.1849286182380951,0.7655200204462744,74.35999833792448,1.0,0.609085643492996,1
12:05:09.858949,108,-1.0837689321654096,2.8841948212933737,1.2926333013710205,0.7655200204462744,35.51999920606613,1.0,0.9472291793439387,1
12:05:09.858949,108,-1.2495292137977607,2.911811367039808,0.4198281548874698,0.6263600167294499,14.879999667406082,1.0,2.8057421249196217,1
12:05:09.858949,108,-1.1134042310727663,2.873583201584247,1.2954766763024672,0.7655200204462744,37.63999915868044,1.0,0.7241692850278894,1
12:05:09.858949,108,-1.2026921952622809,3.077514851559667,1.1400360520636523,0.6263600167294499,36.999999172985554,1.0,0.4568094713219379,1
12:05:09.858949,108,-1.1804119634836063,3.020502970660159,1.1559671407967484,0.6263600167294499,123.63999723643064,1.0,0.32294280594510205,1
12:05:09.858949,108,-1.1581317317049318,2.963491089760649,1.1718982295298448,0.6263600167294499,140.51999685913324,1.0,0.29395357990445015,1
12:05:09.858949,108,-1.1358514999262577,2.9064792088611404,1.1878293182629411,0.7655200204462744,83.99999812245369,1.0,0.36984179319998917,1
12:05:09.858949,108,-1.4074351931379647,3.2249849895025977,0.4210383253215752,0.6958000185841229,5.879999868571758,0.5879999868571758,4.744641190594121,1
12:05:09.858949,108,-1.3241466649967384,2.871772696216552,0.2713084645563646,0.4174800111504737,10.239999771118164,1.0,4.100478779899345,1
12:05:09.858949,108,-1.2816819239019714,2.8995864543901435,0.4231038103594884,0.6263600167294499,17.359999611973763,1.0,2.681968485350949,1
12:05:09.858949,108,-1.2834319593685166,3.01395287158603,0.8329961901074228,0.6263600167294499,16.8799996227026,1.0,0.5261317778674071,1
12:05:09.858949,108,-1.0752753905739798,2.92783776602774,1.1821063101186566,0.7655200204462744,61.35999862849712,1.0,0.9424198067890377,1
12:05:09.858949,108,-1.23458378914452,3.065743614633309,1.1431901454919853,0.6263600167294499,47.75999893248081,1.0,0.2948415787209778,1
12:05:09.858949,108,-1.246906630059858,2.9885923923265056,0.7325037407491568,0.6263600167294499,13.23999970406294,1.0,0.8963287164117717,1
12:05:09.858949,108,-1.0963673950564747,2.985268604514716,1.1660629620383358,0.6263600167294499,81.51999817788601,1.0,0.8871043523212603,1
12:05:09.858949,108,-1.072666676007581,3.0824177282772247,0.9974076997849464,0.8349600223009475,11.239999748766422,1.0,2.10678538036001,1
12:05:09.858949,108,-1.1383806198952064,3.0908282340527613,1.101125947813216,0.6263600167294499,19.35999956727028,1.0,1.0573978458589148,1
12:05:09.858949,108,-1.211712756073306,3.008949799410184,1.1590628037031976,0.6263600167294499,150.51999663561585,1.0,0.16671071099391238,1
12:05:09.858949,108,-0.9890506357154776,3.045038393448809,1.0106961593471984,0.8349600223009475,18.639999583363533,1.0,3.3620910106334767,1
12:05:09.858949,108,-0.9703823418602092,2.987563407359392,1.0293692324362136,0.8349600223009475,26.239999413490292,1.0,3.2400270244919023,1
12:05:09.858949,108,-1.040244814594134,3.0926223919753126,0.9946733683880123,0.8349600223009475,9.119999796152117,0.9119999796152116,2.797161815911936,1
12:05:09.858949,108,-1.020973969013676,3.035330639381789,1.0132973442097766,0.8349600223009475,23.9999994635582,1.0,2.594536654005509,1
12:05:09.858949,108,-1.001703123433218,2.9780388867882657,1.0319213200315407,0.8349600223009475,33.639999248087406,1.0,2.497747884146401,1
12:05:09.858949,108,-0.9824322778527598,2.920747134194741,1.0505452958533048,0.8349600223009475,30.63999931514263,1.0,2.5067955063346097,1
12:05:09.858949,108,-1.1087927447961836,2.891221963537436,0.2829309972838298,0.4872000130126253,5.879999868571758,0.5879999868571758,5.494379060098886,1
12:05:09.858949,108,-1.052795205770346,3.0253150201235943,1.0159810213017075,0.8349600223009475,31.63999929279089,1.0,1.926610316059618,1
12:05:09.858949,108,-1.1174593995389692,3.042699443001692,1.150019613958015,0.6263600167294499,61.23999863117933,1.0,0.9370257578938546,1
12:05:09.858949,108,-1.0329237355331111,2.9682123119699635,1.0345543428184687,0.8349600223009475,44.23999901115894,1.0,1.8519069543049202,1
12:05:09.858949,108,-0.9943738447553906,2.890195130068658,1.192847425311965,0.7655200204462744,23.35999947786331,1.0,2.018763491355038,1
12:05:09.858949,108,-1.141107926620977,2.880355687402332,0.2858426071989646,0.4174800111504737,7.35999983549118,0.735999983549118,4.943143250471503,1
12:05:09.858949,108,-1.1173510993404956,3.0342724341566365,0.7202638104305532,0.6263600167294499,5.759999871253967,0.5759999871253967,2.335374728109185,1
12:05:09.858949,108,-1.1049812716521077,3.071900408901784,1.0002258070181358,0.8349600223009475,14.51999967545271,1.0,1.5195011225903883,1
12:05:09.858949,108,-1.0845111638884712,3.0149925372277595,1.0187469222575305,0.8349600223009475,43.239999033510685,1.0,1.3585280373274105,1
12:05:09.858949,108,-1.0653192260870965,2.9957088359619606,1.1632655104532523,0.6263600167294499,59.51999866962433,1.0,1.3294522323137488,1
12:05:09.858949,108,-1.044667803808074,2.9292905337163906,1.148338455449348,0.7655200204462744,48.87999890744686,1.0,1.3447172808481984,1
12:05:09.858949,108,-1.02432983148592,2.8804454589566566,1.1954598418128948,0.7655200204462744,27.519999384880062,1.0,1.5155041621905898,1
12:05:09.858949,108,-1.1733089986091294,2.86917781909872,0.288837707984019,0.4174800111504737,9.359999790787697,0.9359999790787696,4.496130968971997,1
12:05:09.858949,108,-1.1823653298732504,3.01205813925056,0.7262161128110634,0.6263600167294499,7.519999831914902,0.7519999831914902,1.4046016096458922,1
12:05:09.858949,108,-1.0141170437825755,2.939233783629996,1.1456741696648565,0.7655200204462744,38.6399991363287,1.0,1.8683747094826892,1
12:05:09.858949,108,-1.1883662021851604,2.9850050802816592,1.3022668636755643,0.6263600167294499,153.2399965748191,1.0,0.4333655159578993,1
12:05:09.858949,108,-1.2979934280882215,3.041279982308321,1.149745156017398,0.6263600167294499,51.23999885469675,1.0,0.2826467635795904,1
12:05:09.858949,108,-1.1426424322584865,2.8701535427086604,1.3291129565187063,0.7655200204462744,37.63999915868044,1.0,0.6801502701643241,1
12:05:09.858949,108,-1.3373313007016978,2.952132589514223,1.4470449788454889,0.6263600167294499,58.11999870091677,1.0,1.7569747077520708,1
12:05:09.858949,108,-1.3124576432185038,2.8888585094999875,1.426107427694965,0.6263600167294499,42.23999905586243,1.0,1.6357157515076366,1
12:05:09.858949,108,-1.4750126320050634,2.835327655116052,0.4761343310507211,0.4174800111504737,8.759999804198742,0.8759999804198741,3.957829173027687,1
12:05:09.858949,108,-1.4438010597171005,2.9599707418635277,0.8832999032660407,0.6263600167294499,8.51999980956316,0.851999980956316,1.6406603213325757,1
12:05:09.858949,108,-1.422660737504074,3.022846791509386,1.2960554916108988,0.6263600167294499,18.11999959498644,1.0,1.8853942149352694,1
12:05:09.858949,108,-1.3935130049213076,2.9956126236205174,1.4399744817979545,0.6263600167294499,38.75999913364649,1.0,2.2933711185408736,1
12:05:09.858949,108,-1.367210498934655,2.939070547092914,1.4505449425637795,0.6263600167294499,43.35999903082848,1.0,2.2101660869141586,1
12:05:09.858949,108,-1.3409079929480026,2.882528470565312,1.4611154033296043,0.6263600167294499,33.639999248087406,1.0,2.23249351451655,1
12:05:09.858949,108,-1.4752096992519652,2.9458728852997886,0.8870774125473044,0.6263600167294499,6.6399998515844345,0.6639999851584435,2.195341151383862,1
12:05:09.858949,108,-1.4536094876687438,3.0089553575883405,1.2997776901117533,0.6263600167294499,13.879999689757824,1.0,2.461296788304532,1
12:05:09.858949,108,-1.4238276714497389,2.9820057999304623,1.4436204192172577,0.6263600167294499,28.879999354481697,1.0,2.8608693202040287,1
12:05:09.858949,108,-1.3969529772631686,2.9257205516924434,1.454122063050295,0.6263600167294499,33.2399992570281,1.0,2.7599833831370217,1
12:05:09.858949,108,-1.3700782830765987,2.8694353034544244,1.4646237068833323,0.6263600167294499,26.87999939918518,1.0,2.7648980609842333,1
12:05:09.858949,108,-1.546513053322283,2.851013383645603,0.5798127533243842,0.4872000130126253,5.759999871253967,0.5759999871253967,4.796892722631885,1
12:05:09.858949,108,-1.510702338320027,2.975844946447672,1.0226910936299474,0.6263600167294499,5.239999882876873,0.5239999882876873,2.841039418583547,1
12:05:09.858949,108,-1.484412878102482,2.994765681251441,1.3035798024270846,0.6263600167294499,10.99999975413084,1.0,3.140498234960086,1
12:05:09.858949,108,-1.4539999564039088,2.9681068442695477,1.4473446331622355,0.6263600167294499,22.239999502897263,1.0,3.5280274203957696,1
12:05:09.858949,108,-1.4265557614643245,2.9120839383011647,1.4577759825959835,0.6263600167294499,26.119999416172504,1.0,3.4062685097684335,1
12:05:09.858949,108,-1.5150678284920525,2.980279181454432,1.3074614483488467,0.6263600167294499,8.999999798834324,0.8999999798834324,3.9227968399523845,1
12:05:09.858949,108,-1.1657957928776426,2.9199622183435068,1.284358993310681,0.6263600167294499,85.75999808311462,1.0,0.4136615213141508,1
12:05:09.858949,108,-1.3630589882598705,3.008925954668743,1.4364071854950144,0.6263600167294499,53.87999879568815,1.0,1.8256966753933639,1
12:05:09.858949,108,-1.3915697224575598,3.036438593882823,1.292413579141253,0.6263600167294499,24.23999945819378,1.0,1.4129597429397416,1
12:05:09.858949,108,-1.515221859598235,2.8658005506698827,0.5758505438618844,0.6263600167294499,6.999999843537808,0.6999999843537809,4.05003590997225,1
12:05:09.858949,108,-1.4404591180595987,2.8338380993345007,0.4407210290003225,0.4174800111504737,11.119999751448631,1.0,3.6570760570057703,1
12:05:09.858949,108,-1.1197805472951492,2.81272777392216,1.3425360029402775,0.7655200204462744,11.759999737143517,1.0,0.9609940119794071,1
12:05:09.858949,108,-1.4122480412858818,2.9737645144425486,0.8796038730429134,0.6263600167294499,10.99999975413084,1.0,1.1922289988857369,1
12:05:09.858949,108,-1.3167543356624636,3.013307687479569,0.8690083117614797,0.6263600167294499,18.759999580681324,1.0,0.4856339009991266,1
12:05:09.858949,108,-1.2734381504588024,3.018430016685424,1.2952748209086216,0.6263600167294499,143.11999680101871,1.0,0.4794228553307933,1
12:05:09.858949,108,-1.2494020528710617,2.961457262714862,1.3085764823761028,0.6263600167294499,137.99999691545963,1.0,0.4461072654125317,1
12:05:09.858949,108,-1.225365955283321,2.9044845087443005,1.321878143843584,0.6263600167294499,78.51999824494123,1.0,0.5177219352428963,1
12:05:09.858949,108,-1.2013298576955802,2.847511754773739,1.3351798053110653,0.7655200204462744,35.51999920606613,1.0,0.6942668648218869,1
12:05:09.858949,108,-1.3773582549299987,2.861057031773253,0.4334277380345215,0.4174800111504737,16.639999628067017,1.0,2.948399740921289,1
12:05:09.858949,108,-1.3487215029582584,3.000434320729712,0.8724577199859735,0.6263600167294499,17.519999608397484,1.0,0.6146291633876356,1
12:05:09.858949,108,-1.329505132238915,3.028590033252428,1.1531454176189164,0.6263600167294499,44.11999901384115,1.0,0.43244264732247684,1
12:05:09.858949,108,-1.3043537201243345,3.00598013450154,1.298610756785656,0.6263600167294499,109.75999754667282,1.0,0.6362428874728356,1
12:05:09.858949,108,-1.3455996403271364,2.8742080178456697,0.4299039419367445,0.4174800111504737,18.11999959498644,1.0,2.7533126569437685,1
12:05:09.858949,108,-1.2551144645004224,2.8925046086840407,1.3250881483901362,0.6263600167294499,66.11999852210283,1.0,0.6656744480616938,1
12:05:09.858949,108,-1.2304948366884667,2.83576684577529,1.3383268441923768,0.7655200204462744,31.87999928742647,1.0,0.8378723449631105,1
12:05:09.858949,108,-1.40897913486132,2.8475999437036856,0.4370335539152366,0.4174800111504737,13.879999689757824,1.0,3.249687214117859,1
12:05:09.858949,108,-1.3805537992337171,2.9872528236711515,0.875989691477848,0.6263600167294499,14.359999679028988,1.0,0.8501841411492457,1
12:05:09.858949,108,-1.3603395516046586,3.049729405539802,1.288852316891011,0.6263600167294499,33.2399992570281,1.0,1.0441300519668024,1
12:05:09.858949,108,-1.3351388555106425,2.993232258318481,1.3020265399141184,0.6263600167294499,76.99999827891588,1.0,0.8935706626332125,1
12:05:09.858949,108,-1.3099381594166264,2.9367351110971613,1.3152007629372255,0.6263600167294499,79.35999822616577,1.0,0.8481081316217107,1
12:05:09.858949,108,-1.28473746332261,2.880237963875841,1.3283749859603329,0.6263600167294499,53.23999880999327,1.0,0.9077424589322992,1
12:05:09.858949,108,-1.2797340923123783,2.9492423715927907,1.311849452587896,0.6263600167294499,107.8799975886941,1.0,0.5984646288982707,1
12:05:09.858949,108,-1.259536767228594,2.823740816654521,1.34154920898344,0.7655200204462744,27.759999379515648,1.0,1.0724736445649785,1
12:05:09.915246,109,-1.1172917792396095,3.0682595116873097,1.2472419275087012,0.6958000185841229,56.63999873399735,1.0,1.6131960350081893,1
12:05:09.915246,109,-1.1485335487744823,3.06522515545417,1.2827361012658338,0.6958000185841229,79.63999821990728,1.0,1.2655258820415436,1
12:05:09.915246,109,-1.1706803331681324,3.088977455928398,1.1369646564798934,0.6958000185841229,61.23999863117933,1.0,0.946068916521405,1
12:05:09.915246,109,-1.1909369331310715,3.10643294227834,0.9877001456059212,0.6958000185841229,19.759999558329586,1.0,0.8155747114675209,1
12:05:09.915246,109,-1.075114097928416,2.9524329440273744,1.275658488586036,0.7655200204462744,20.999999530613422,1.0,1.5737873796044064,1
12:05:09.915246,109,-1.259459386834153,2.8967292456534395,0.264621377288883,0.6958000185841229,5.119999885559082,0.5119999885559082,2.745420777018764,1
12:05:09.915246,109,-1.3486553881286978,2.9286543973539123,-0.116278346634651,0.6263600167294499,15.999999642372131,1.0,6.189490137486562,1
12:05:09.915246,109,-1.1273059282048847,2.974528997797054,1.1689406309853612,0.6958000185841229,50.23999887704849,1.0,0.823951863195573,1
12:05:09.915246,109,-1.0963673950564747,2.985268604514716,1.1660629620383358,0.6958000185841229,37.63999915868044,1.0,1.252215302230633,1
12:05:09.915246,109,-1.2172515518190266,2.9237251023013178,0.41663587914531,0.5566400148672983,6.519999854266644,0.6519999854266645,1.791128735952204,1
12:05:09.915246,109,-1.1051764929941266,2.949513134515658,1.3098127599318654,0.7655200204462744,24.35999945551157,1.0,1.242795974419131,1
12:05:09.915246,109,-1.2026921952622809,3.077514851559667,1.1400360520636523,0.6958000185841229,82.11999816447496,1.0,0.586284461506976,1
12:05:09.915246,109,-1.2918676187552196,2.884407180014773,0.267923064825847,0.6958000185841229,5.879999868571758,0.5879999868571758,2.8340754458117208,1
12:05:09.915246,109,-1.2495292137977607,2.911811367039808,0.4198281548874698,0.5566400148672983,7.239999838173389,0.723999983817339,1.7256162764583665,1
12:05:09.915246,109,-1.223502705174963,3.094771997351002,0.9908246863821852,0.7655200204462744,23.75999946892261,1.0,0.4735270899898741,1
12:05:09.915246,109,-1.1799398144579354,3.0539793992038806,1.285749392571376,0.6958000185841229,111.35999751091003,1.0,0.8917725658247133,1
12:05:09.915246,109,-1.157958010505176,2.988571979757567,1.2672846002414984,0.6958000185841229,66.35999851673841,1.0,0.7404169791916709,1
12:05:09.915246,109,-1.1353971744910811,2.9386919047248328,1.3127122997154288,0.7655200204462744,27.639999382197857,1.0,0.9080781378065161,1
12:05:09.915246,109,-1.113125854507654,2.8810481574853086,1.3261937532874553,0.7655200204462744,10.239999771118164,1.0,1.0800326935068307,1
12:05:09.915246,109,-1.304577181033031,2.951383063368517,0.3949350088358669,0.6958000185841229,6.519999854266644,0.6519999854266645,1.8249856084069895,1
12:05:09.915246,109,-1.2816819239019714,2.8995864543901435,0.4231038103594884,0.5566400148672983,7.879999823868275,0.7879999823868274,1.7776527732435916,1
12:05:09.915246,109,-1.3823533530016203,2.9154645283585783,-0.1127441318890789,0.6263600167294499,14.359999679028988,1.0,6.485637419555343,1
12:05:09.915246,109,-1.138551404021464,3.1001302814886675,1.133976265877694,0.6958000185841229,44.99999899417162,1.0,1.4190008248326618,1
12:05:09.915246,109,-0.990238724094634,3.0834224730062467,1.139107910954946,0.8349600223009475,18.879999577999115,1.0,4.172452869055245,1
12:05:09.915246,109,-1.1848521657049251,2.935326468811127,0.4135273023579091,0.5566400148672983,5.759999871253967,0.5759999871253967,1.9739979580187632,1
12:05:09.915246,109,-1.288263957211249,3.070509386246129,0.9973258334340064,0.7655200204462744,27.239999391138557,1.0,0.14097022405169507,1
12:05:09.915246,109,-1.1782104579030948,2.989686235991912,-0.1326317785102895,0.6263600167294499,15.239999659359457,1.0,6.649997196806154,1
12:05:09.915246,109,-1.059515660174592,3.149914144568837,0.976049392566248,0.6958000185841229,8.999999798834324,0.8999999798834324,3.3493514248963243,1
12:05:09.915246,109,-1.0414943995305035,3.131719088140746,1.1255120706454065,0.6958000185841229,19.999999552965164,1.0,3.5137204363582963,1
12:05:09.915246,109,-1.022200405016246,3.073703057585016,1.1417122204679675,0.8349600223009475,23.87999946624041,1.0,3.28693866695089,1
12:05:09.915246,109,-1.0029064105019885,3.0156870270292857,1.157912370290528,0.8349600223009475,17.519999608397484,1.0,3.170318581276463,1
12:05:09.915246,109,-1.212548782494144,2.9781396595546745,-0.1295378826785875,0.6263600167294499,16.639999628067017,1.0,6.299804532134863,1
12:05:09.915246,109,-1.1926632025388046,2.92929870967023,-0.0946138479137159,0.6263600167294499,7.639999829232693,0.7639999829232693,6.05942221568988,1
12:05:09.915246,109,-1.0925381462448158,3.139520436430856,0.9788343782681848,0.6958000185841229,10.759999759495258,1.0,2.5417131495254885,1
12:05:09.915246,109,-1.1582520683916353,3.1177787482103043,0.984660046068971,0.6958000185841229,15.999999642372131,1.0,1.2744843094991325,1
12:05:09.915246,109,-1.0739552074198788,3.1215021661801234,1.1282496866338874,0.6958000185841229,25.51999942958355,1.0,2.7031585675456675,1
12:05:09.915246,109,-1.0341645260876349,3.005848648124391,1.160548555972926,0.8349600223009475,21.99999950826168,1.0,2.425705635849309,1
12:05:09.915246,109,-1.2467658532228176,2.9662619832313144,-0.1263552688997848,0.6263600167294499,17.23999961465597,1.0,6.078394052057458,1
12:05:09.915246,109,-1.1523342953669231,2.946614306442305,0.4105027353803412,0.5566400148672983,5.119999885559082,0.5119999885559082,2.2739945674751727,1
12:05:09.915246,109,-1.1254513794157444,3.128808280575808,0.9817046917787412,0.6958000185841229,13.119999706745148,1.0,1.8499711088331614,1
12:05:09.915246,109,-1.1063086206882726,3.110972212967264,1.1310711790936103,0.6958000185841229,33.519999250769615,1.0,2.0048020662197654,1
12:05:09.915246,109,-1.0858139233876845,3.053340524464612,1.1471683447734315,0.6958000185841229,41.23999907821417,1.0,1.8410981674941846,1
12:05:09.915246,109,-1.0653192260870965,2.9957088359619606,1.1632655104532523,0.6958000185841229,28.519999362528324,1.0,1.7862299974085838,1
12:05:09.915246,109,-1.3199415572152269,3.2277490779990043,0.0749877286810261,0.4872000130126253,6.999999843537808,0.6999999843537809,4.896189091256766,1
12:05:09.915246,109,-1.3192385197622671,3.085606737571058,-0.0260903851411131,0.4872000130126253,16.99999962002039,1.0,5.0280101047741095,1
12:05:09.915246,109,-1.2808582484107107,2.9540543947795115,-0.1230842554325928,0.6263600167294499,16.99999962002039,1.0,5.986049704019633,1
12:05:09.915246,109,-1.0540598667537568,3.063675407152257,1.1443991213034068,0.8349600223009475,30.879999309778214,1.0,2.5096967480819075,1
12:05:09.915246,109,-1.2343986000410891,3.091791286704704,1.2422461444909263,0.6958000185841229,101.87999772280456,1.0,0.6409408245615096,1
12:05:09.915246,109,-1.225365955283321,2.9044845087443005,1.321878143843584,0.7655200204462744,30.999999307096004,1.0,0.519089618010248,1
12:05:09.915246,109,-1.1883662021851604,2.9850050802816592,1.3022668636755643,0.6958000185841229,83.11999814212322,1.0,0.5972243460313152,1
12:05:09.915246,109,-1.3373313007016978,2.952132589514223,1.4470449788454889,0.6958000185841229,53.87999879568815,1.0,1.298274973089931,1
12:05:09.915246,109,-1.3124576432185038,2.8888585094999875,1.426107427694965,0.7655200204462744,24.63999944925308,1.0,1.262625856697491,1
12:05:09.915246,109,-1.4837791449576814,2.880284733664696,0.5719695187253993,0.6958000185841229,7.239999838173389,0.723999983817339,3.581170476369149,1
12:05:09.915246,109,-1.4495957711172252,3.044069587410435,1.1483428822959914,0.7655200204462744,17.359999611973763,1.0,1.4216214291796554,1
12:05:09.915246,109,-1.422660737504074,3.022846791509386,1.2960554916108988,0.6958000185841229,41.11999908089638,1.0,1.4631953560419122,1
12:05:09.915246,109,-1.3935130049213076,2.9956126236205174,1.4399744817979545,0.6958000185841229,52.23999883234501,1.0,1.7089685179611114,1
12:05:09.915246,109,-1.367210498934655,2.939070547092914,1.4505449425637795,0.6958000185841229,40.3599990978837,1.0,1.6539805417979714,1
12:05:09.915246,109,-1.3417811041092411,2.8760394141846417,1.4295422939324094,0.6958000185841229,21.239999525249004,1.0,1.622704948212057,1
12:05:09.915246,109,-1.515221859598235,2.8658005506698827,0.5758505438618844,0.6958000185841229,6.519999854266644,0.6519999854266645,4.427474050280411,1
12:05:09.915246,109,-1.4811304695715994,3.029915148944641,1.1521355526522168,0.7655200204462744,14.359999679028988,1.0,1.9826942892208623,1
12:05:09.915246,109,-1.4536094876687438,3.0089553575883405,1.2997776901117533,0.6958000185841229,31.119999304413795,1.0,1.977195067527357,1
12:05:09.915246,109,-1.4238276714497389,2.9820057999304623,1.4436204192172577,0.6958000185841229,38.6399991363287,1.0,2.1779498887042252,1
12:05:09.915246,109,-1.2112280871484973,3.0424308490681597,1.2888438172539929,0.6958000185841229,144.63999676704407,1.0,0.6274475266744133,1
12:05:09.915246,109,-1.546513053322283,2.851013383645603,0.5798127533243842,0.6958000185841229,5.759999871253967,0.5759999871253967,5.392914780172495,1
12:05:09.915246,109,-1.512517056219909,3.015456821481708,1.1560096498198145,0.7655200204462744,12.11999972909689,1.0,2.661479169970853,1
12:05:09.915246,109,-1.484412878102482,2.994765681251441,1.3035798024270846,0.6958000185841229,24.119999460875988,1.0,2.604873160664176,1
12:05:09.915246,109,-1.4539999564039088,2.9681068442695477,1.4473446331622355,0.6958000185841229,29.35999934375286,1.0,2.756354139813043,1
12:05:09.915246,109,-1.4265557614643245,2.9120839383011647,1.4577759825959835,0.6958000185841229,23.519999474287037,1.0,2.683106509045582,1
12:05:09.915246,109,-1.5150678284920525,2.980279181454432,1.3074614483488467,0.6958000185841229,19.119999572634697,1.0,3.346147615238301,1
12:05:09.915246,109,-1.484026842580601,2.953917146521693,1.4511467512146148,0.6958000185841229,22.879999488592148,1.0,3.4441049592498176,1
12:05:09.915246,109,-1.4560158912845034,2.898162070568994,1.4615063358119516,0.6958000185841229,18.519999586045746,1.0,3.3564116335755045,1
12:05:09.915246,109,-1.36579047812998,2.9801876629131843,1.3055218287185586,0.6958000185841229,72.75999837368727,1.0,0.9530523759886764,1
12:05:09.915246,109,-1.3915697224575598,3.036438593882823,1.292413579141253,0.6958000185841229,55.519998759031296,1.0,1.0629195581860742,1
12:05:09.915246,109,-1.3969529772631686,2.9257205516924434,1.454122063050295,0.6958000185841229,30.51999931782484,1.0,2.1156046347631055,1
12:05:09.915246,109,-1.4521880536457432,2.89446448422388,0.5681700660141913,0.6958000185841229,8.119999818503857,0.8119999818503857,2.854108748500217,1
12:05:09.915246,109,-1.4179161143002112,3.0579187214471,1.1446320180149965,0.7655200204462744,20.75999953597784,1.0,0.9783106048181927,1
12:05:09.915246,109,-1.1655043172218231,2.92757931149516,1.315689910097135,0.7655200204462744,29.999999329447743,1.0,0.6757700463582373,1
12:05:09.915246,109,-1.3696366881985451,2.92555128046764,0.4018566142032134,0.6958000185841229,6.999999843537808,0.6999999843537809,2.283125718204162,1
12:05:09.915246,109,-1.3137064668875862,2.887051586833345,0.4264625179985635,0.6958000185841229,8.51999980956316,0.851999980956316,1.9473931450639463,1
12:05:09.915246,109,-1.3218408361258027,3.088155221955215,1.1005326421515054,0.6958000185841229,28.759999357163903,1.0,0.283610272192876,1
12:05:09.915246,109,-1.2734381504588024,3.018430016685424,1.2952748209086216,0.6958000185841229,156.87999649345875,1.0,0.427850810841802,1
12:05:09.915246,109,-1.2494020528710617,2.961457262714862,1.3085764823761028,0.6958000185841229,91.87999794632196,1.0,0.4194327861199306,1
12:05:09.915246,109,-1.4019626211304712,2.9121653724523915,0.4054433574458562,0.6958000185841229,7.1199998408555984,0.7119999840855599,2.6945431760787555,1
12:05:09.915246,109,-1.3773582549299987,2.861057031773253,0.4334277380345215,0.6958000185841229,8.999999798834324,0.8999999798834324,2.6404183508203367,1
12:05:09.915246,109,-1.3539314896383183,3.075232126577805,1.1039953751215927,0.6958000185841229,27.639999382197857,1.0,0.3830346297637708,1
12:05:09.915246,109,-1.3289733479362902,3.0627178974102915,1.2853720609834154,0.6958000185841229,95.7599978595972,1.0,0.6035393905556075,1
12:05:09.915246,109,-1.297798727460107,3.067331323954982,1.2488001717566095,0.6958000185841229,108.11999758332968,1.0,0.4362270495077878,1
12:05:09.915246,109,-1.2797340923123783,2.9492423715927907,1.311849452587896,0.6958000185841229,86.23999807238579,1.0,0.49002594104001657,1
12:05:09.915246,109,-1.46619068318486,2.884460216056356,0.412866931728352,0.6958000185841229,6.6399998515844345,0.6639999851584435,3.8822982431472823,1
12:05:09.915246,109,-1.3043537201243345,3.00598013450154,1.298610756785656,0.6958000185841229,136.2399969547987,1.0,0.4928759669115443,1
12:05:09.915246,109,-1.28473746332261,2.880237963875841,1.3283749859603329,0.7655200204462744,27.87999937683344,1.0,0.7738426869520274,1
12:05:09.915246,109,-1.3351388555106425,2.993232258318481,1.3020265399141184,0.6958000185841229,101.99999772012234,1.0,0.667922925123283,1
12:05:09.915246,109,-1.3603395516046586,3.049729405539802,1.288852316891011,0.6958000185841229,74.75999832898378,1.0,0.7763767154960286,1
12:05:09.915246,109,-1.3099381594166264,2.9367351110971613,1.3152007629372255,0.6958000185841229,70.75999841839075,1.0,0.6670782489419488,1
12:05:09.915246,109,-1.386094667059699,3.071461166152837,1.141003330892551,0.7655200204462744,24.51999945193529,1.0,0.652773976736305,1
12:05:09.915246,109,-1.3885733918600078,2.921905046767433,0.5608173894407904,0.7655200204462744,8.759999804198742,0.8759999804198741,1.7579390961708778,1
12:05:09.915246,109,-1.434148358974849,2.898467894403187,0.4091135856274837,0.6958000185841229,6.999999843537808,0.6999999843537809,3.227598593925754,1
12:05:09.915246,109,-1.2551144645004224,2.8925046086840407,1.3250881483901362,0.7655200204462744,30.119999326765537,1.0,0.594989312941026,1
12:05:09.963917,110,-1.137185370095224,3.0610714855721155,1.003127408279219,0.5566400148672983,96.99999783188105,1.0,0.3291665898778714,1
12:05:09.963917,110,-1.2060177095814586,2.9877615176432406,0.3851874313910624,0.6263600167294499,6.8799998462200165,0.6879999846220016,6.471735261899623,1
12:05:09.963917,110,-1.1760154620218544,3.12890156303157,0.8321496690984973,0.6263600167294499,16.519999630749226,1.0,2.0675082077809672,1
12:05:09.963917,110,-1.1582520683916353,3.1177787482103043,0.984660046068971,0.6263600167294499,53.75999879837036,1.0,1.2641701235502742,1
12:05:09.963917,110,-1.0845111638884712,3.0149925372277595,1.0187469222575305,0.5566400148672983,50.6399988681078,1.0,1.9054432047174086,1
12:05:09.963917,110,-1.1161186717988123,3.0043642229339267,1.0215947704894672,0.5566400148672983,59.63999866694212,1.0,1.8483684817419048,1
12:05:09.963917,110,-1.1692757509540652,3.04993204117148,1.0061122134105007,0.6263600167294499,110.23999753594398,1.0,0.16467219964249669,1
12:05:09.963917,110,-1.2119306912381522,3.152017488580889,0.935612145523133,0.6263600167294499,18.23999959230423,1.0,3.1965941410126026,1
12:05:09.963917,110,-1.1909369331310715,3.10643294227834,0.9877001456059212,0.6263600167294499,59.239998675882816,1.0,0.8195005850724092,1
12:05:09.963917,110,-1.1476145687770587,2.99343114006462,1.0245242812150803,0.6263600167294499,66.75999850779772,1.0,1.9539682413785038,1
12:05:09.963917,110,-1.1051764929941266,2.949513134515658,1.3098127599318654,0.6958000185841229,7.519999831914902,0.7519999831914902,7.426112876586792,1
12:05:09.963917,110,-1.1049812716521077,3.071900408901784,1.0002258070181358,0.5566400148672983,80.75999819487333,1.0,0.6488415058884095,1
12:05:09.963917,110,-1.23899586041256,2.9759529107375418,0.3883515380751809,0.6263600167294499,7.999999821186066,0.7999999821186066,7.00264287704258,1
12:05:09.963917,110,-1.1254513794157444,3.128808280575808,0.9817046917787412,0.6263600167294499,46.63999895751476,1.0,1.8561348124700847,1
12:05:09.963917,110,-0.9543477350209468,3.011155493730676,0.8813557044561309,0.5566400148672983,22.879999488592148,1.0,4.994429934954679,1
12:05:09.963917,110,-1.052795205770346,3.0253150201235943,1.0159810213017075,0.5566400148672983,41.75999906659126,1.0,2.121031717394132,1
12:05:09.963917,110,-1.072666676007581,3.0824177282772247,0.9974076997849464,0.5566400148672983,65.23999854177237,1.0,1.119351664299178,1
12:05:09.963917,110,-1.0925381462448158,3.139520436430856,0.9788343782681848,0.6263600167294499,39.23999912291765,1.0,2.5908608484976883,1
12:05:09.963917,110,-1.109293726206547,3.150976690040264,0.8262346566437033,0.6263600167294499,12.759999714791777,1.0,3.4201455154201765,1
12:05:09.963917,110,-1.0204120164647767,3.024976233921957,0.981432296026178,0.5566400148672983,34.11999923735857,1.0,2.7467564709591703,1
12:05:09.963917,110,-1.0396722552118365,3.082072547498669,0.9622068686085878,0.5566400148672983,52.3599988296628,1.0,1.5958662006615687,1
12:05:09.963917,110,-1.058932493958896,3.1391688610753827,0.9429814411909976,0.5566400148672983,32.75999926775694,1.0,2.9121992528310727,1
12:05:09.963917,110,-0.9862802773761165,3.001782902253141,0.8838670827735231,0.5566400148672983,27.87999937683344,1.0,4.533515669310463,1
12:05:09.963917,110,-1.0048962808210695,3.058441442559769,0.8628001155951961,0.6263600167294499,42.11999905854464,1.0,2.370046277890026,1
12:05:09.963917,110,-1.0258222913769444,3.1492375371992805,0.9402835475547486,0.5566400148672983,27.239999391138557,1.0,3.8632653339675445,1
12:05:09.963917,110,-0.9723610129201038,3.067990941351824,0.860241335105743,0.7655200204462744,34.23999923467636,1.0,3.053356033411865,1
12:05:09.963917,110,-0.9903742908192608,3.1248263889729704,0.8391269657553553,0.6263600167294499,22.75999949127436,1.0,3.5486568168372723,1
12:05:09.963917,110,-0.9397285097324908,3.077225701362405,0.8577668886186125,0.7655200204462744,28.11999937146902,1.0,3.8802996185763146,1
12:05:09.963917,110,-1.2822061497813366,3.02618197483457,0.5211533958788683,1.2524400334514212,8.879999801516533,0.8879999801516533,3.6019378997174645,1
12:05:09.963917,110,-1.1427117292219793,3.1401002484944978,0.8291489903724156,0.6263600167294499,14.6399996727705,1.0,2.6721367855061002,1
12:05:09.963917,110,-1.2450705305746432,3.140150985281572,0.9387917654991664,0.6263600167294499,19.35999956727028,1.0,2.6750498625865524,1
12:05:09.963917,110,-1.2026921952622809,3.077514851559667,1.1400360520636523,0.5566400148672983,115.5199974179268,1.0,0.5158732889654064,1
12:05:09.963917,110,-1.3884911635555413,3.01958525355313,1.571748611246224,0.6958000185841229,29.879999332129955,1.0,6.290198410743793,1
12:05:09.963917,110,-1.41981551090796,3.05215470014812,1.4294040210321295,0.7655200204462744,43.5199990272522,1.0,4.563467890714325,1
12:05:09.963917,110,-1.3630589882598705,3.008925954668743,1.4364071854950144,0.6958000185841229,36.11999919265509,1.0,4.301634681192975,1
12:05:09.963917,110,-1.3915697224575598,3.036438593882823,1.292413579141253,0.7655200204462744,53.51999880373478,1.0,2.724450486503553,1
12:05:09.963917,110,-1.4179161143002112,3.0579187214471,1.1446320180149965,0.6263600167294499,32.63999927043915,1.0,2.4257680360850227,1
12:05:09.963917,110,-1.3603395516046586,3.049729405539802,1.288852316891011,0.5566400148672983,66.11999852210283,1.0,2.2143371350020744,1
12:05:09.963917,110,-1.386094667059699,3.071461166152837,1.141003330892551,0.6263600167294499,38.87999913096428,1.0,1.997489507852121,1
12:05:09.963917,110,-1.4096121629135645,3.0869252222391697,0.9896545264552234,0.6263600167294499,15.87999964505434,1.0,2.71443782393101,1
12:05:09.963917,110,-1.413378099064737,2.974100342738073,0.5351086271396197,1.2524400334514212,8.879999801516533,0.8879999801516533,6.770081123748201,1
12:05:09.963917,110,-1.3043537201243345,3.00598013450154,1.298610756785656,0.5566400148672983,52.3599988296628,1.0,2.471089681812841,1
12:05:09.963917,110,-1.329505132238915,3.028590033252428,1.1531454176189164,0.5566400148672983,81.1199981868267,1.0,1.1439540806058446,1
12:05:09.963917,110,-1.3541346115137518,3.084695567294521,1.1374571837943273,0.6263600167294499,45.99999897181988,1.0,1.7450125864748962,1
12:05:09.963917,110,-1.223502705174963,3.094771997351002,0.9908246863821852,0.6263600167294499,60.99999863654375,1.0,0.5268255353184415,1
12:05:09.963917,110,-1.3324686668415795,3.021944461753189,1.4329188870350782,0.6958000185841229,43.75999902188778,1.0,3.67531992762655,1
12:05:09.963917,110,-1.38078895228636,2.987595245483476,0.5314926788470524,1.2524400334514212,9.519999787211418,0.9519999787211418,5.691280694217239,1
12:05:09.963917,110,-1.3771098496909566,3.100384167909719,0.9860482128318252,0.6263600167294499,17.639999605715275,1.0,2.506489677506449,1
12:05:09.963917,110,-1.1804119634836063,3.020502970660159,1.1559671407967484,0.5566400148672983,69.75999844074249,1.0,1.1379456604310942,1
12:05:09.963917,110,-1.156742205302368,2.9259055742029494,1.0458903990375354,0.6263600167294499,12.23999972641468,1.0,6.726902825532652,1
12:05:09.963917,110,-1.3151996982094314,3.013637363626722,0.5245147143213735,1.2524400334514212,9.63999978452921,0.963999978452921,4.112801820209265,1
12:05:09.963917,110,-1.288263957211249,3.070509386246129,0.9973258334340064,0.6263600167294499,58.75999868661165,1.0,0.4170698512720456,1
12:05:09.963917,110,-1.23458378914452,3.065743614633309,1.1431901454919853,0.5566400148672983,110.23999753594398,1.0,0.42550694737902595,1
12:05:09.963917,110,-1.3109733897121445,3.115460674460272,0.9454075143446068,0.6263600167294499,19.63999956101179,1.0,2.0906556240479715,1
12:05:09.963917,110,-1.3480617277695808,3.000774691757554,0.5279612568612237,1.2524400334514212,9.759999781847,0.9759999781847,4.807411591902974,1
12:05:09.963917,110,-1.344469826637124,3.113528497640525,0.9825262002954076,0.6263600167294499,18.999999575316902,1.0,2.4694621085691058,1
12:05:09.963917,110,-1.3218408361258027,3.088155221955215,1.1005326421515054,0.6263600167294499,53.11999881267548,1.0,1.2694399275501211,1
12:05:09.963917,110,-1.2979934280882215,3.041279982308321,1.149745156017398,0.5566400148672983,97.11999782919884,1.0,0.7344701500708612,1
12:05:09.963917,110,-1.2734381504588024,3.018430016685424,1.2952748209086216,0.5566400148672983,60.87999863922596,1.0,1.982860460836105,1
12:05:09.963917,110,-1.211712756073306,3.008949799410184,1.1590628037031976,0.5566400148672983,67.5199984908104,1.0,1.3416011390930798,1
12:05:10.020911,111,-1.0686433366636316,3.026635746046335,0.8361350380631101,0.5566400148672983,92.999997921288,1.0,1.140724246675063,1
12:05:10.020911,111,-1.1222989587995291,3.0840072341000115,0.8500644253392857,0.5566400148672983,104.75999765843152,1.0,0.6449237211792543,1
12:05:10.020911,111,-1.0498462971173166,2.9821147746451806,0.8891371416827085,0.5566400148672983,32.239999279379845,1.0,3.332837867570914,1
12:05:10.020911,111,-1.0341645260876349,3.005848648124391,1.160548555972926,0.5566400148672983,5.759999871253967,0.5759999871253967,6.073022703612363,1
12:05:10.020911,111,-1.1564248455349853,3.1309738211831144,0.64040383143864,0.5566400148672983,15.519999653100967,1.0,3.070081136973391,1
12:05:10.020911,111,-1.1427117292219793,3.1401002484944978,0.8291489903724156,0.5566400148672983,46.23999896645546,1.0,2.6482790012212907,1
12:05:10.020911,111,-1.101886188377079,3.0279142197055253,0.8709798603061554,0.5566400148672983,99.75999777019024,1.0,0.9204178586348274,1
12:05:10.020911,111,-1.1129923923562053,2.9612226612211514,0.8947351666028565,0.5566400148672983,31.119999304413795,1.0,3.7395635274985346,1
12:05:10.020911,111,-1.2237126224439565,3.1079826928165777,0.6465642857175338,0.5566400148672983,19.63999956101179,1.0,1.950219222959577,1
12:05:10.020911,111,-1.1760154620218544,3.12890156303157,0.8321496690984973,0.5566400148672983,52.51999882608652,1.0,2.1699722470711755,1
12:05:10.020911,111,-1.1550077721333047,3.0730085957614306,0.8530115015999504,0.5566400148672983,103.51999768614768,1.0,0.4233481479690417,1
12:05:10.020911,111,-1.1340000822447551,3.017115628491291,0.8738733341014036,0.5566400148672983,92.999997921288,1.0,0.9465452414448277,1
12:05:10.020911,111,-1.089477916510137,3.094689384908569,0.8472021516567052,0.5566400148672983,92.23999793827534,1.0,0.9725277191029692,1
12:05:10.020911,111,-1.081473417954629,2.9718212053110395,0.8918952952730255,0.5566400148672983,32.51999927312136,1.0,3.4747614135879843,1
12:05:10.020911,111,-1.109293726206547,3.150976690040264,0.8262346566437033,0.5566400148672983,38.75999913364649,1.0,3.2236028396537733,1
12:05:10.020911,111,-0.9030033507432588,3.03705787319274,0.7280060561111799,0.6958000185841229,27.359999388456345,1.0,4.146868198459128,1
12:05:10.020911,111,-1.0181141925298545,2.992102339875266,0.8864609816449538,0.5566400148672983,30.35999932140112,1.0,3.310153727391532,1
12:05:10.020911,111,-0.8703308565428248,3.045622490920535,0.7257111737075359,0.6958000185841229,21.7599995136261,1.0,4.815682155532006,1
12:05:10.020911,111,-1.257174634747975,3.096000827866189,0.6497748167548092,0.5566400148672983,24.879999443888664,1.0,1.5499020875553653,1
12:05:10.020911,111,-0.956225661806892,3.122210255607208,0.8039887114842421,0.6958000185841229,33.11999925971031,1.0,2.9624433634549554,1
12:05:10.020911,111,-0.9355855453651556,3.028178096899564,0.7303853849979056,0.6958000185841229,35.23999921232462,1.0,3.5804829944023138,1
12:05:10.020911,111,-1.0083875687184176,3.1816618365941185,0.8180125964049674,0.5566400148672983,20.75999953597784,1.0,5.491216975553874,1
12:05:10.020911,111,-0.9894310361611016,3.112813377241498,0.8065065974537076,0.5566400148672983,42.9999990388751,1.0,2.2601066462165167,1
12:05:10.020911,111,-0.9714349145112988,3.0561964265267534,0.8282142776006676,0.6958000185841229,45.87999897450209,1.0,2.012805009336672,1
12:05:10.020911,111,-0.9534387928614958,2.999579475812009,0.8499219577476274,0.6958000185841229,23.75999946892261,1.0,4.062634230793284,1
12:05:10.020911,111,-1.042128287710977,3.171758523173026,0.8206661812385414,0.5566400148672983,25.51999942958355,1.0,4.648936718534077,1
12:05:10.020911,111,-1.0225374682406416,3.1030962347819635,0.8091102979284781,0.5566400148672983,56.519998736679554,1.0,1.6509962833079654,1
12:05:10.020911,111,-1.003939195094352,3.0466560228912494,0.8307706210502679,0.5566400148672983,60.11999865621328,1.0,1.6152849457958587,1
12:05:10.020911,111,-0.9853409219480632,2.9902158110005352,0.8524309441720574,0.5566400148672983,27.239999391138557,1.0,3.8692753927511507,1
12:05:10.020911,111,-1.075764794747861,3.161529800033826,0.8234069593432916,0.5566400148672983,31.63999929279089,1.0,3.891807420584845,1
12:05:10.020911,111,-1.0555416474300396,3.09305979993471,0.8117995525406871,0.5566400148672983,73.75999835133553,1.0,1.1385480353434603,1
12:05:10.020911,111,-1.0363430825989972,3.036802134270908,0.8334109625483945,0.5566400148672983,77.11999827623367,1.0,1.3234376368239626,1
12:05:10.020911,111,-1.1226058096513498,3.141980785505688,0.6374545242372882,0.5566400148672983,12.359999723732471,1.0,3.780583558227785,1
12:05:10.020911,111,-1.209201594260794,3.117381753510645,0.8352363927565896,0.5566400148672983,54.9999987706542,1.0,1.7929971901902573,1
12:05:10.020911,111,-0.9229246656876284,3.131285930199129,0.8015568918065692,0.6958000185841229,25.999999418854717,1.0,3.754748166134473,1
12:05:10.020911,111,-1.1660005770542727,3.0060073859842458,0.8768497787104952,0.5566400148672983,77.23999827355146,1.0,1.0912862818818374,1
12:05:10.020911,111,-1.3517654881750256,3.034313081397891,0.9710774626773172,0.5566400148672983,31.999999284744263,1.0,2.472248465343718,1
12:05:10.020911,111,-1.327179099353438,2.979123921829691,0.9897918697184844,0.5566400148672983,27.759999379515648,1.0,3.5910122463956693,1
12:05:10.020911,111,-1.459317583088378,2.949335845102688,0.3811936173397305,-0.0697200018621515,20.63999953866005,1.0,4.828707849646264,1
12:05:10.020911,111,-1.4244659738361647,3.044817333649766,0.7004611094852682,0.5566400148672983,31.75999929010868,1.0,1.5491613504202622,1
12:05:10.020911,111,-1.4088363006761813,3.0760507032109787,0.9559673843145888,0.5566400148672983,25.999999418854717,1.0,3.8315300939047447,1
12:05:10.020911,111,-1.3844316307369682,3.031782097108441,1.007702779283496,0.5566400148672983,25.23999943584204,1.0,3.5449844520485376,1
12:05:10.020911,111,-1.3585029554709178,2.9661529657383565,0.9932674269282172,0.5566400148672983,22.11999950557947,1.0,4.448365630078927,1
12:05:10.020911,111,-1.3732525267000582,3.055007281415882,0.851949582182699,0.5566400148672983,31.999999284744263,1.0,1.5913106974261058,1
12:05:10.020911,111,-1.4919222483101218,2.93508233277821,0.3850128344563814,-0.0697200018621515,17.519999608397484,1.0,5.465755591190401,1
12:05:10.020911,111,-1.4411798419060062,3.0622860678258546,0.959655607250142,0.5566400148672983,21.239999525249004,1.0,4.19384505287877,1
12:05:10.020911,111,-1.5367899652181198,2.983188361090689,0.5209504250641026,-0.2783200074336491,14.51999967545271,1.0,3.515929180047917,1
12:05:10.020911,111,-1.4897249811612967,3.016667472882337,0.7080038419449495,0.904680024163099,21.51999951899052,1.0,2.304793140275694,1
12:05:10.020911,111,-1.5693560303923255,2.968186703225059,0.524970107174326,-0.2783200074336491,11.879999734461308,1.0,4.211122674020919,1
12:05:10.020911,111,-1.5221326557674828,3.0021211966052257,0.7119015049262813,0.904680024163099,17.359999611973763,1.0,2.9029182684914376,1
12:05:10.020911,111,-1.5864881434896183,2.9720932251959544,0.7199474756157405,0.904680024163099,14.239999681711195,1.0,4.5705012329204795,1
12:05:10.020911,111,-1.1876010856575334,3.061694569747445,0.8560430857335426,0.5566400148672983,89.35999800264835,1.0,0.3119388622044768,1
12:05:10.020911,111,-1.4571683353050875,3.030899992977212,0.7041902496792678,0.5566400148672983,26.359999410808086,1.0,1.8555362322683864,1
12:05:10.020911,111,-1.3916211669632768,3.058418103177591,0.6968167942738457,0.5566400148672983,36.23999918997288,1.0,1.379842585012781,1
12:05:10.020911,111,-1.6017651612783004,2.9528712366516525,0.5290738740743761,-0.2783200074336491,9.759999781847,0.9759999781847,5.07228644231228,1
12:05:10.020911,111,-1.2957225264379348,2.9917916692121174,0.986397557037442,0.5566400148672983,35.51999920606613,1.0,2.8741041625838797,1
12:05:10.020911,111,-1.144400068451012,2.950320202221046,0.8976564716874482,0.5566400148672983,28.359999366104603,1.0,4.131039449222334,1
12:05:10.020911,111,-1.294171011593543,3.0158413431551887,0.3633735228443333,-0.0697200018621515,17.999999597668648,1.0,3.8870644679350934,1
12:05:10.020911,111,-1.290510930641781,3.083696349179355,0.6530717918822324,0.5566400148672983,30.63999931514263,1.0,1.262320836431185,1
12:05:10.020911,111,-1.2752077948059983,3.093383402176943,0.8416667316161333,0.5566400148672983,52.63999882340431,1.0,1.3611790553989684,1
12:05:10.020911,111,-1.252428187936979,3.038124911691116,0.8623585565756136,0.5566400148672983,70.75999841839075,1.0,0.43701172701901425,1
12:05:10.020911,111,-1.4265669873309434,2.963273713131529,0.377458976857191,-0.0697200018621515,22.75999949127436,1.0,4.348837494621428,1
12:05:10.020911,111,-1.1783467762354387,2.9718692230963915,0.9956622766893192,0.5566400148672983,24.99999944120645,1.0,3.7749960661548245,1
12:05:10.020911,111,-1.350277200207676,3.054771551645508,0.3387087449250814,0.974120026017772,9.879999779164793,0.9879999779164793,5.005715547333358,1
12:05:10.020911,111,-1.22964858106796,2.9828664212052893,0.8830503815350936,0.5566400148672983,60.23999865353108,1.0,1.7532728865571066,1
12:05:10.020911,111,-1.3237181765237138,3.0710704871936367,0.6564548814050521,0.5566400148672983,35.759999200701714,1.0,1.0924407743866476,1
12:05:10.020911,111,-1.3080212625475085,3.080907260179196,0.8450097037890858,0.5566400148672983,46.63999895751476,1.0,1.315836856803472,1
12:05:10.020911,111,-1.287554886033745,3.0598078077908912,0.9642461713290604,0.5566400148672983,54.11999879032373,1.0,1.7652169461179943,1
12:05:10.020911,111,-1.2612897255250526,2.9708360130104685,0.8862739196955127,0.5566400148672983,46.11999896913767,1.0,2.27924623412334,1
12:05:10.020911,111,-1.3936737360699545,2.9768945430896085,0.373809286469682,-0.0697200018621515,22.99999948590994,1.0,4.020318676852042,1
12:05:10.020911,111,-1.3586371991395942,3.0717009414951297,0.6932576684734679,0.5566400148672983,37.87999915331602,1.0,1.3419172357849107,1
12:05:10.020911,111,-1.340703929258625,3.0681147935135247,0.8484374349013544,0.5566400148672983,39.11999912559986,1.0,1.3908233810738788,1
12:05:10.020911,111,-1.3197261728601943,3.047215502580402,0.9676202693410572,0.5566400148672983,41.35999907553196,1.0,2.054825890073566,1
12:05:10.020911,111,-1.327472438164091,3.00317967234689,0.3667662073122457,-0.0697200018621515,21.119999527931213,1.0,3.794846611822701,1
12:05:10.075878,112,-1.2634963452830166,3.0445265985027943,0.392779225953825,1.2524400334514212,16.519999630749226,1.0,2.5930456328589946,1
12:05:10.075878,112,-1.2512948430984674,3.053265093659689,0.5506378239564085,0.8349600223009475,8.879999801516533,0.8879999801516533,1.6617163104001853,1
12:05:10.075878,112,-1.1678717305541313,3.1521886124980787,1.4026000150022324,0.5566400148672983,34.99999921768904,1.0,3.402971001402438,1
12:05:10.075878,112,-1.146982912190651,3.0871136789226186,1.3808381477607072,0.4872000130126253,36.11999919265509,1.0,2.8548860522620463,1
12:05:10.075878,112,-1.3387245844924958,3.1196657264323977,0.3070304612202545,0.5566400148672983,16.519999630749226,1.0,2.9123057553161287,1
12:05:10.075878,112,-1.3731724573387356,3.106568160623881,0.3105399434014599,0.5566400148672983,18.639999583363533,1.0,2.4083244561895865,1
12:05:10.075878,112,-1.2970002729497887,3.0321602466677176,0.3960927799413529,1.2524400334514212,23.639999471604824,1.0,2.249009430359007,1
12:05:10.075878,112,-1.290510930641781,3.083696349179355,0.6530717918822324,0.8349600223009475,11.359999746084211,1.0,0.33470941290582995,1
12:05:10.075878,112,-1.1998067923493343,3.1407535082928693,1.405664041939384,0.5566400148672983,34.879999220371246,1.0,3.220825679079833,1
12:05:10.075878,112,-1.1783467762354387,3.07588310558194,1.383847370817881,0.5566400148672983,35.11999921500683,1.0,2.792502927711708,1
12:05:10.075878,112,-1.2823985317158575,3.0802020935845493,0.3318946517494292,1.1132800297345966,20.119999550282955,1.0,1.9525461837499658,1
12:05:10.075878,112,-1.350277200207676,3.054771551645508,0.3387087449250814,2.2962800613313448,38.99999912828207,1.0,1.1511782691726753,1
12:05:10.075878,112,-1.3164036855946046,3.067650738374708,0.3352577772418226,1.1132800297345966,28.23999936878681,1.0,1.4848223428216847,1
12:05:10.075878,112,-1.304142840309391,3.132429902020772,0.3036103106793004,0.5566400148672983,14.119999684393406,1.0,3.5338072999139003,1
12:05:10.075878,112,-1.08537961231507,3.086803818425228,1.2769541159489952,0.5566400148672983,32.119999282062054,1.0,3.6883082501453046,1
12:05:10.075878,112,-1.0217915385016738,3.107158206804245,1.2715001740204084,0.5566400148672983,24.35999945551157,1.0,4.690183151007071,1
12:05:10.075878,112,-1.330374501675894,3.019470895455823,0.3994928813510552,1.2524400334514212,33.87999924272299,1.0,2.049478292799592,1
12:05:10.075878,112,-1.1796273031320728,3.115876783512035,0.3223356473931289,1.1132800297345966,8.359999813139439,0.8359999813139438,4.135649878769171,1
12:05:10.075878,112,-1.159704638405226,3.063252901101671,0.3506696341806723,0.5566400148672983,6.7599998489022255,0.6759999848902225,5.513521307780418,1
12:05:10.075878,112,-1.0720762713635876,3.177850641169708,1.360451768306862,0.5566400148672983,26.75999940186739,1.0,4.098565978640324,1
12:05:10.075878,112,-1.0536382568798464,3.0971345672977795,1.2741860001313865,0.5566400148672983,28.23999936878681,1.0,4.127947242980272,1
12:05:10.075878,112,-1.234591583555581,3.156953010376017,0.2970393635996116,1.1132800297345966,9.63999978452921,0.963999978452921,5.118813388393448,1
12:05:10.075878,112,-1.2140069209327022,3.1043163218545247,0.3254332637583896,1.1132800297345966,10.87999975681305,1.0,3.2800758029088057,1
12:05:10.075878,112,-1.104373080786389,3.167339110614168,1.3632683244304342,0.5566400148672983,30.35999932140112,1.0,3.6131826046774855,1
12:05:10.075878,112,-1.2694306829348678,3.14485941098214,0.3002798337907866,0.4872000130126253,11.759999737143517,1.0,4.270101647827971,1
12:05:10.075878,112,-1.248265139058334,3.0924243621500267,0.3286197047576333,1.1132800297345966,14.6399996727705,1.0,2.551725864713151,1
12:05:10.075878,112,-1.2298660690402743,3.056568714336229,0.3895525507410942,1.2524400334514212,11.879999734461308,1.0,3.0790507548629975,1
12:05:10.075878,112,-1.217989332250239,3.0651909195622524,0.5474423085367421,0.8349600223009475,7.1199998408555984,0.7119999840855599,2.0846658662839626,1
12:05:10.075878,112,-1.1358198825643164,3.1633146810913657,1.3996187939077278,0.5566400148672983,33.359999254345894,1.0,3.684680790692001,1
12:05:10.075878,112,-1.1155043508155875,3.0980407441323448,1.377910249462119,0.4872000130126253,34.99999921768904,1.0,3.0363664982137486,1
12:05:10.075878,112,-1.1935036206126808,3.0518876834852904,0.3537149350627855,0.5566400148672983,8.759999804198742,0.8759999804198741,4.758119727027494,1
12:05:10.075878,112,-1.3237181765237138,3.0710704871936367,0.6564548814050521,0.8349600223009475,14.359999679028988,1.0,0.11755577568419603,1
12:05:10.075878,112,-1.3567930516970066,3.0581245044846543,0.6599237470171513,0.8349600223009475,17.639999605715275,1.0,0.028705362829736965,1
12:05:10.075878,112,-1.2399105304258011,3.059218169014712,1.422931427275439,0.5566400148672983,32.35999927669764,1.0,3.0703846959569847,1
12:05:10.075878,112,-1.576856470248785,3.021057233834709,0.3334525271786557,0.5566400148672983,13.879999689757824,1.0,2.0490794322402577,1
12:05:10.075878,112,-1.5631906108814209,3.034436807951065,0.4955417064817964,2.2962800613313448,28.639999359846115,1.0,2.0564844955706376,1
12:05:10.075878,112,-1.5367899652181198,2.983188361090689,0.5209504250641026,2.7137600724818185,32.63999927043915,1.0,1.636392708282823,1
12:05:10.075878,112,-1.4897249811612967,3.016667472882337,0.7080038419449495,2.7137600724818185,20.119999550282955,1.0,0.9292688504210918,1
12:05:10.075878,112,-1.6102715834020012,3.005664459411874,0.3375770086545286,0.5566400148672983,11.879999734461308,1.0,2.473352496149105,1
12:05:10.075878,112,-1.59631613126211,3.0191774353276366,0.4996304430532499,2.2962800613313448,21.51999951899052,1.0,2.488537457727217,1
12:05:10.075878,112,-1.5693560303923255,2.968186703225059,0.524970107174326,2.7137600724818185,24.23999945819378,1.0,2.3513884885276606,1
12:05:10.075878,112,-1.5221326557674828,3.0021211966052257,0.7119015049262813,2.7137600724818185,17.759999603033066,1.0,1.4861059957173062,1
12:05:10.075878,112,-1.6292820213670682,3.003598863049921,0.5038047089142932,2.2962800613313448,16.519999630749226,1.0,3.0660773513297044,1
12:05:10.075878,112,-1.6017651612783004,2.9528712366516525,0.5290738740743761,2.7137600724818185,18.519999586045746,1.0,3.227343964907068,1
12:05:10.075878,112,-1.5864881434896183,2.9720932251959544,0.7199474756157405,2.7137600724818185,15.519999653100967,1.0,3.0473510881367654,1
12:05:10.075878,112,-1.2633137954360762,3.1169607978389973,1.4120392794912466,0.5566400148672983,32.87999926507473,1.0,3.1633916655109418,1
12:05:10.075878,112,-1.6340141169901077,2.9372434929042948,0.5332613153910011,2.7137600724818185,14.51999967545271,1.0,4.269748581972746,1
12:05:10.075878,112,-1.6184295211107131,2.956614532835778,0.7240949787335396,2.7137600724818185,13.35999970138073,1.0,4.062220279898421,1
12:05:10.075878,112,-1.666099672659194,2.921305034744269,0.5375320123835774,2.7137600724818185,11.639999739825726,1.0,5.484404156187883,1
12:05:10.075878,112,-1.4551904465348742,3.017378937171456,0.670841488873871,2.7137600724818185,21.7599995136261,1.0,0.565159577461149,1
12:05:10.075878,112,-1.5040702223349156,2.9978747100953247,0.5170152297085486,2.7137600724818185,43.239999033510685,1.0,1.077182331213669,1
12:05:10.075878,112,-1.6620849846349033,2.987702648962096,0.5080640866418384,2.2962800613313448,12.999999709427357,1.0,3.7948167250074976,1
12:05:10.075878,112,-1.5432836727696355,3.036126478804046,0.3294147351585748,0.5566400148672983,16.119999639689922,1.0,1.7711405306884624,1
12:05:10.075878,112,-1.5208697152061144,3.0019240245305028,0.3905982960592953,2.2962800613313448,38.1199991479516,1.0,1.1960021407308508,1
12:05:10.075878,112,-1.4416528237184192,3.0793781305366226,0.3178254900055188,0.5566400148672983,19.63999956101179,1.0,1.7655843074394835,1
12:05:10.075878,112,-1.3717201362827398,3.053438121073221,0.5021270586083026,0.8349600223009475,46.35999896377325,1.0,0.30588114761236807,1
12:05:10.075878,112,-1.294879386080512,3.104605570841447,1.4153498525875434,0.5566400148672983,29.639999337494373,1.0,3.292927260786608,1
12:05:10.075878,112,-1.2708913590849518,3.0470918262838653,1.4261806710173124,0.5566400148672983,28.519999362528324,1.0,3.3727949033684026,1
12:05:10.075878,112,-1.4756784692725975,3.065288385238109,0.3216008258798157,0.5566400148672983,19.519999563694,1.0,1.6340275505934496,1
12:05:10.075878,112,-1.4542463792613562,3.0306623965587933,0.3828978724825298,2.2962800613313448,53.99999879300594,1.0,0.6861273612989216,1
12:05:10.075878,112,-1.4050217217736276,3.040027376248412,0.5057204568540101,0.7655200204462744,55.11999876797199,1.0,0.2873017356655579,1
12:05:10.075878,112,-1.3840156882319898,3.041565821304833,0.3422472097053282,2.2962800613313448,49.87999888509512,1.0,0.9545749412709523,1
12:05:10.075878,112,-1.3263154898711913,3.0919460664962743,1.4187419565534107,0.5566400148672983,25.75999942421913,1.0,3.5316734862956234,1
12:05:10.075878,112,-1.3017450996729478,3.0346668430340524,1.4295099352450698,0.5566400148672983,24.51999945193529,1.0,3.8012334967207395,1
12:05:10.075878,112,-1.5095565482161737,3.050870687408016,0.3254640363701051,0.5566400148672983,18.11999959498644,1.0,1.6343916495381072,1
12:05:10.075878,112,-1.487632428231977,3.016454094883813,0.3867049754421585,2.2962800613313448,48.35999891906977,1.0,0.8677423903702022,1
12:05:10.075878,112,-1.4381828062694666,3.0262956387087114,0.509399864838449,2.7137600724818185,53.11999881267548,1.0,0.40701190165056994,1
12:05:10.075878,112,-1.422532473646146,3.0312773871289425,0.6671174104317181,0.8349600223009475,22.11999950557947,1.0,0.2488680725530789,1
12:05:10.075878,112,-1.3897322487018515,3.044859695639832,0.6634780418348747,0.8349600223009475,20.51999954134226,1.0,0.07131632067198124,1
12:05:10.075878,112,-1.3576189632240714,3.078983550743308,1.422215252181294,0.5566400148672983,21.99999950826168,1.0,3.8827794686714303,1
12:05:10.128309,113,-1.0919368041786268,3.2367212725101147,1.3486039464852055,0.4174800111504737,42.35999905318022,1.0,1.113570861578387,1
12:05:10.128309,113,-1.0720762713635876,3.177850641169708,1.360451768306862,0.4174800111504737,43.239999033510685,1.0,0.9646435501927719,1
12:05:10.128309,113,-1.0536382568798464,3.0971345672977795,1.2741860001313865,0.4174800111504737,32.239999279379845,1.0,0.5359316344928071,1
12:05:10.128309,113,-1.1240999816000072,3.232932317970266,1.3855447473051885,0.4174800111504737,42.11999905854464,1.0,1.4329089286646148,1
12:05:10.128309,113,-1.0648931126197767,3.028540511497328,1.2906015800391852,0.4174800111504737,11.639999739825726,1.0,0.5543466060319655,1
12:05:10.128309,113,-1.08537961231507,3.086803818425228,1.2769541159489952,0.4174800111504737,31.5199992954731,1.0,0.48420112944875005,1
12:05:10.128309,113,-1.1807354129864531,3.21499195846262,1.101889569717052,0.3480400092958007,24.879999443888664,1.0,0.22386982268111144,1
12:05:10.128309,113,-1.1568612847967812,3.2219160294340554,1.3884965529220543,0.4174800111504737,39.35999912023544,1.0,1.6452309539618815,1
12:05:10.128309,113,-1.0217915385016738,3.107158206804245,1.2715001740204084,0.4174800111504737,30.879999309778214,1.0,0.6958787194309426,1
12:05:10.128309,113,-1.104373080786389,3.167339110614168,1.3632683244304342,0.4174800111504737,41.75999906659126,1.0,1.023824258400798,1
12:05:10.128309,113,-1.0410778156757203,3.165805702053534,1.2577497669797613,0.3480400092958007,41.75999906659126,1.0,0.7207653102130802,1
12:05:10.128309,113,-0.9258825947903122,3.1274839256180798,1.2313727936237449,0.4174800111504737,20.75999953597784,1.0,1.918629126666704,1
12:05:10.128309,113,-0.9898426418257088,3.116873734589071,1.268896906196422,0.4174800111504737,28.11999937146902,1.0,0.9638764756680689,1
12:05:10.128309,113,-1.008525884766764,3.1757046100628874,1.255097362572705,0.3480400092958007,37.75999915599823,1.0,1.0029134886875286,1
12:05:10.128309,113,-1.0272091277078192,3.234535485536704,1.2412978189489878,0.3480400092958007,35.35999920964241,1.0,1.1206081200073483,1
12:05:10.128309,113,-0.957794761714852,3.126280179107619,1.266376456984029,0.4174800111504737,24.51999945193529,1.0,1.3397222532334625,1
12:05:10.128309,113,-0.9758731021142744,3.185288600870841,1.2525293399754465,0.3480400092958007,32.51999927312136,1.0,1.3965994108666857,1
12:05:10.128309,113,-0.9939514425136968,3.2442970226340626,1.238682222966864,0.3480400092958007,30.35999932140112,1.0,1.5325323350911457,1
12:05:10.128309,113,-0.9431227329691608,3.1945567160863444,1.250045955988094,0.3480400092958007,27.239999391138557,1.0,1.9015743053608534,1
12:05:10.128309,113,-0.9605943630080565,3.2537368324493703,1.236152833550149,0.3480400092958007,25.359999433159828,1.0,2.059486875883934,1
12:05:10.128309,113,-0.9102780523408992,3.2035080289056403,1.247647458946965,0.3480400092958007,22.51999949663877,1.0,2.517551504016565,1
12:05:10.128309,113,-0.927141224870902,3.262853971009552,1.2337099036356656,0.3480400092958007,21.119999527931213,1.0,2.7011740449555264,1
12:05:10.128309,113,-0.8775617552131902,3.2041043939048084,1.2121519381172283,0.3480400092958007,18.519999586045746,1.0,3.408572255214759,1
12:05:10.128309,113,-1.1358198825643164,3.1633146810913657,1.3996187939077278,0.4174800111504737,37.75999915599823,1.0,1.4743924841042777,1
12:05:10.128309,113,-1.0603640928497673,3.2244531973028234,1.2439993599391137,0.3480400092958007,39.87999910861254,1.0,0.8239726562114313,1
12:05:10.128309,113,-1.1155043508155875,3.0980407441323448,1.377910249462119,0.4174800111504737,29.11999934911728,1.0,1.1265788472903482,1
12:05:10.128309,113,-1.397754220805393,3.121202764552116,0.5103212342572909,0.8349600223009475,16.119999639689922,1.0,1.5009586647109752,1
12:05:10.128309,113,-1.1895069028342948,3.210583847100262,1.3915330020268766,0.4174800111504737,34.879999220371246,1.0,1.9726924480443686,1
12:05:10.128309,113,-1.3147618208672884,3.198168141585682,0.4399469529615958,0.3480400092958007,14.879999667406082,1.0,3.1135787059858577,1
12:05:10.128309,113,-1.7012150154240469,3.097948837172636,0.6218766054542981,0.904680024163099,16.239999637007713,1.0,5.022442611530186,1
12:05:10.128309,113,-1.6398347941404814,3.0622951134071856,0.6405674453432781,0.8349600223009475,14.999999664723871,1.0,3.890006322407799,1
12:05:10.128309,113,-1.6676397805969885,3.114219291658779,0.6175169503142484,0.904680024163099,19.119999572634697,1.0,4.0382450084072135,1
12:05:10.128309,113,-1.5733153131133422,3.093332794033067,0.6322509238846381,0.8349600223009475,17.11999961733818,1.0,2.3568773158374636,1
12:05:10.128309,113,-1.599992397371614,3.145783246207209,0.6090594141830641,0.904680024163099,22.239999502897263,1.0,2.472384384429649,1
12:05:10.128309,113,-1.5398179102903289,3.1083681978980584,0.6282221995611379,0.8349600223009475,18.759999580681324,1.0,1.786155263751982,1
12:05:10.128309,113,-1.565927013654946,3.1610735899004854,0.6049623789384564,0.904680024163099,25.11999943852425,1.0,1.8913856442871815,1
12:05:10.128309,113,-1.499122203032942,3.0792271009681222,0.5215685794163825,0.8349600223009475,19.759999558329586,1.0,1.6248505042224457,1
12:05:10.128309,113,-1.5245412712835509,3.131438377460645,0.4965003434129205,0.904680024163099,27.239999391138557,1.0,1.6682937113275282,1
12:05:10.128309,113,-1.465478295886547,3.093545140897964,0.5177320721799847,0.8349600223009475,19.519999563694,1.0,1.4529242749128295,1
12:05:10.128309,113,-1.4903268991208676,3.1459991936187723,0.4925987844822121,0.904680024163099,27.759999379515648,1.0,1.4988751585632265,1
12:05:10.128309,113,-1.4160440412170023,3.1120931711648225,0.6739460013320646,0.6958000185841229,5.519999876618385,0.5519999876618386,0.7124570749777315,1
12:05:10.128309,113,-1.6728502204522342,3.0462959403883545,0.6448544108332397,0.2088800055789761,12.999999709427357,1.0,4.851769058067015,1
12:05:10.128309,113,-1.4559634955168692,3.160228801800619,0.4887859724612751,0.3480400092958007,26.6399994045496,1.0,1.4641094993614425,1
12:05:10.128309,113,-1.1678717305541313,3.1521886124980787,1.4026000150022324,0.4174800111504737,32.63999927043915,1.0,1.7954488281728072,1
12:05:10.128309,113,-1.146982912190651,3.0871136789226186,1.3808381477607072,0.4174800111504737,25.75999942421913,1.0,1.403935071330906,1
12:05:10.128309,113,-1.3496251468355993,3.185300033722237,0.4433949520717224,0.3480400092958007,17.759999603033066,1.0,2.5637928960300247,1
12:05:10.128309,113,-1.3294710626973836,3.147546615451921,0.503262420683162,0.8349600223009475,11.519999742507936,1.0,2.0719961894809273,1
12:05:10.128309,113,-1.4316878421383423,3.1075374951671964,0.5139828321533337,0.8349600223009475,18.11999959498644,1.0,1.4115914976862758,1
12:05:10.128309,113,-1.1998067923493343,3.1407535082928693,1.405664041939384,0.4174800111504737,27.519999384880062,1.0,2.2279385673688097,1
12:05:10.128309,113,-1.222033571178095,3.198936904177625,1.3946537909772887,0.4174800111504737,29.999999329447743,1.0,2.415337664957446,1
12:05:10.128309,113,-1.3868033537906015,3.1876887357026984,0.4814281053480009,0.3480400092958007,20.999999530613422,1.0,1.7989282090980279,1
12:05:10.128309,113,-1.3636808252214028,3.134539582537232,0.5067476446485781,0.8349600223009475,13.759999692440031,1.0,1.7210877529263517,1
12:05:10.128309,113,-1.2867170604463514,3.1747034266632834,1.401147131707054,0.4174800111504737,25.23999943584204,1.0,3.646158620931026,1
12:05:10.128309,113,-1.4214544967831269,3.1741257790572885,0.485062288628117,0.3480400092958007,24.119999460875988,1.0,1.5641060698020994,1
12:05:10.128309,113,-1.477624248537852,3.197116526919644,0.4285056573649748,0.3480400092958007,14.6399996727705,1.0,1.8241679307187155,1
12:05:10.128309,113,-1.1783467762354387,3.07588310558194,1.383847370817881,0.4174800111504737,21.99999950826168,1.0,1.7892518374248096,1
12:05:10.181888,114,-1.0414943995305035,3.131719088140746,1.1255120706454065,0.2783200074336491,22.359999500215054,1.0,1.44297115018768,1
12:05:10.181888,114,-1.0217915385016738,3.107158206804245,1.2715001740204084,0.2783200074336491,18.519999586045746,1.0,3.017092157514787,1
12:05:10.181888,114,-1.1459214871793808,3.1857161522498325,0.9631835765393468,0.4174800111504737,28.519999362528324,1.0,1.043666133558157,1
12:05:10.181888,114,-1.1124096164820507,3.196623144584487,0.9602610567514238,0.4174800111504737,28.999999351799488,1.0,1.4064126348060515,1
12:05:10.181888,114,-1.0925381462448158,3.139520436430856,0.9788343782681848,0.4174800111504737,30.23999932408333,1.0,0.9614675226240134,1
12:05:10.181888,114,-1.0739552074198788,3.1215021661801234,1.1282496866338874,0.2783200074336491,21.87999951094389,1.0,1.7507284061462531,1
12:05:10.181888,114,-1.2579202588450835,3.226834733861452,0.3030332359659828,0.3480400092958007,14.239999681711195,1.0,4.225224785052724,1
12:05:10.181888,114,-1.059515660174592,3.149914144568837,0.976049392566248,0.4174800111504737,28.999999351799488,1.0,0.849477312642508,1
12:05:10.181888,114,-1.0787865057550503,3.2072058971623605,0.957425416744484,0.4174800111504737,27.119999393820763,1.0,1.9671743595700404,1
12:05:10.181888,114,-0.9435001204206253,3.1604816067970094,1.117805176999176,0.2783200074336491,17.999999597668648,1.0,1.7266224579038907,1
12:05:10.181888,114,-1.0263872234260143,3.159988365627644,0.9733500131691684,0.4174800111504737,25.999999418854717,1.0,0.9529298021227819,1
12:05:10.181888,114,-1.0450555172812823,3.217463351717061,0.9546769400801532,0.3480400092958007,23.87999946624041,1.0,2.71439771266361,1
12:05:10.181888,114,-0.9762635945179512,3.1512097829757657,1.1202895547044416,0.2783200074336491,20.239999547600743,1.0,1.440841038093215,1
12:05:10.181888,114,-0.9931561488150016,3.169742092193612,0.9707365100126232,0.3480400092958007,22.239999502897263,1.0,1.261270208024768,1
12:05:10.181888,114,-1.0112200241313347,3.227394482511728,0.9520159016037946,0.3480400092958007,20.119999550282955,1.0,3.6370764742973183,1
12:05:10.181888,114,-0.9592974633545012,3.1684129603494124,0.9351455084071458,0.2783200074336491,18.519999586045746,1.0,2.209047065663801,1
12:05:10.181888,114,-0.977283409826175,3.2369982964416,0.9494425674170264,0.3480400092958007,16.639999628067017,1.0,4.724757273144611,1
12:05:10.181888,114,-0.9105056996248808,3.160124057999536,1.0825581877478283,0.2783200074336491,15.75999964773655,1.0,2.3042967462524335,1
12:05:10.181888,114,-0.9258894903410776,3.177517789849396,0.9327058766954022,0.1391600037168245,15.239999659359457,1.0,2.809465965574724,1
12:05:10.181888,114,-0.9432490679988016,3.246273833133332,0.9469571948511116,0.3480400092958007,13.759999692440031,1.0,5.967544775973931,1
12:05:10.181888,114,-0.8923889291543309,3.1862994732577987,0.9303528317179348,0.1391600037168245,12.639999717473984,1.0,3.595956825643797,1
12:05:10.181888,114,-1.1254513794157444,3.128808280575808,0.9817046917787412,0.4174800111504737,29.35999934375286,1.0,1.2999796508537784,1
12:05:10.181888,114,-1.0089294430737403,3.1416219571654955,1.1228586048874738,0.2783200074336491,21.7599995136261,1.0,1.343068293624869,1
12:05:10.181888,114,-1.1063086206882726,3.110972212967264,1.1310711790936103,0.2783200074336491,20.359999544918537,1.0,2.277025639290245,1
12:05:10.181888,114,-1.293417673125933,3.2145126154519748,0.3063349376428426,0.3480400092958007,17.23999961465597,1.0,3.7750308072451,1
12:05:10.181888,114,-1.477624248537852,3.197116526919644,0.4285056573649748,0.3480400092958007,25.999999418854717,1.0,1.7813903214365086,1
12:05:10.181888,114,-1.6533710466834128,3.137233465982763,0.4838692874918595,0.3480400092958007,14.239999681711195,1.0,6.839837157981757,1
12:05:10.181888,114,-1.6190615667306854,3.1530382332165456,0.4796344128750058,0.3480400092958007,17.11999961733818,1.0,5.160381554308602,1
12:05:10.181888,114,-1.5317050385488469,3.176034128235272,0.6009537147733157,1.3916000371682458,10.119999773800371,1.0,3.4750871935652334,1
12:05:10.181888,114,-1.584590181977736,3.16851081162164,0.4754885479865338,0.3480400092958007,20.239999547600743,1.0,3.881990755676454,1
12:05:10.181888,114,-1.4973298942221571,3.190663365170268,0.5970338225506999,1.3916000371682458,11.359999746084211,1.0,2.926308888124052,1
12:05:10.181888,114,-1.5124988855626873,3.182675221102958,0.4323751935962066,0.3480400092958007,23.519999474287037,1.0,2.3081093228877982,1
12:05:10.181888,114,-1.4628050181605092,3.204959837794036,0.5932030942565474,1.3916000371682458,12.23999972641468,1.0,2.704744359142671,1
12:05:10.181888,114,-1.4281338628225846,3.218922116471292,0.5894619129604783,1.3916000371682458,12.639999717473984,1.0,2.7919582836717374,1
12:05:10.181888,114,-1.4426018503261182,3.2112202531731264,0.4247265753050846,0.3480400092958007,27.119999393820763,1.0,1.590092803276037,1
12:05:10.181888,114,-1.28013380481672,3.1696899003863783,1.0773759538161372,0.4174800111504737,15.75999964773655,1.0,5.041524074733433,1
12:05:10.181888,114,-1.4074351931379647,3.2249849895025977,0.4210383253215752,0.3480400092958007,26.359999410808086,1.0,1.71599745404344,1
12:05:10.181888,114,-1.3868033537906015,3.1876887357026984,0.4814281053480009,1.3916000371682458,12.23999972641468,1.0,1.0910636859021574,1
12:05:10.181888,114,-1.223502705174963,3.094771997351002,0.9908246863821852,0.4174800111504737,19.35999956727028,1.0,3.793187969479285,1
12:05:10.181888,114,-1.2820317791041296,3.2263600869476705,0.4710661480116904,1.3916000371682458,8.639999806880951,0.8639999806880951,1.4746249449672608,1
12:05:10.181888,114,-1.179318766688047,3.174486010848493,0.9661926838587231,0.4174800111504737,26.119999416172504,1.0,0.8910300722056751,1
12:05:10.181888,114,-1.1582520683916353,3.1177787482103043,0.984660046068971,0.4174800111504737,26.6399994045496,1.0,1.8766118079331084,1
12:05:10.181888,114,-1.138551404021464,3.1001302814886675,1.133976265877694,0.3480400092958007,18.35999958962202,1.0,3.033049851887342,1
12:05:10.181888,114,-1.3366831824515393,3.251492020577456,0.4139357877513203,0.3480400092958007,20.63999953866005,1.0,2.8493972185961076,1
12:05:10.181888,114,-1.4220650478068046,3.2275754066907973,0.2891845647000166,0.3480400092958007,23.35999947786331,1.0,2.476597195684649,1
12:05:10.181888,114,-1.3170885092380789,3.213807195559941,0.474429685121708,1.3916000371682458,9.999999776482582,0.9999999776482582,1.0623933577383498,1
12:05:10.181888,114,-1.1909369331310715,3.10643294227834,0.9877001456059212,0.4174800111504737,22.99999948590994,1.0,2.703475183847506,1
12:05:10.181888,114,-1.3721277936096477,3.2384093594459564,0.4174412762363557,0.3480400092958007,23.87999946624041,1.0,2.141455438286697,1
12:05:10.181888,114,-1.3520135316245625,3.200916315452547,0.4778837860362106,1.3916000371682458,11.239999748766422,1.0,0.9292240612807441,1
12:05:10.181888,114,-1.2457562051324946,3.1510608050670195,0.9724694488304018,0.4174800111504737,18.999999575316902,1.0,1.2671417669139797,1
12:05:10.181888,114,-1.2125981153080785,3.1629338433852,0.9692880778013416,0.4174800111504737,22.63999949395657,1.0,0.9611352553934596,1
12:05:10.237272,115,-1.0458923706488743,3.29336636101052,1.2274982753252708,0.3480400092958007,32.35999927669764,1.0,0.5356030543938172,1
12:05:10.237272,115,-1.0071642727056025,3.197935231617417,1.3550701185160887,0.2088800055789761,29.759999334812164,1.0,0.6180409550752395,1
12:05:10.237272,115,-0.9898426418257088,3.116873734589071,1.268896906196422,0.2783200074336491,30.51999931782484,1.0,0.40616230057839336,1
12:05:10.237272,115,-1.0993763830732766,3.3057671798079373,1.0769116211777243,0.3480400092958007,13.119999706745148,1.0,0.3971164088761966,1
12:05:10.237272,115,-1.1336412294182452,3.2949824432637227,1.079801382625329,0.3480400092958007,14.51999967545271,1.0,0.25282972865648096,1
12:05:10.237272,115,-1.0555416474300396,3.272768585897529,1.482481872320447,0.2088800055789761,23.75999946892261,1.0,1.2160904733973195,1
12:05:10.237272,115,-1.0396722552118365,3.1880496881361746,1.3577189419086302,0.2088800055789761,30.119999326765537,1.0,0.36393717188589764,1
12:05:10.237272,115,-1.0217915385016738,3.107158206804245,1.2715001740204084,0.2783200074336491,31.63999929279089,1.0,0.1824782346892559,1
12:05:10.237272,115,-1.0637238111365506,3.274938337806478,0.936003866991138,0.3480400092958007,11.519999742507936,1.0,1.2364797859111065,1
12:05:10.237272,115,-1.0796503700238145,3.2831006925521127,1.2302489528984664,0.3480400092958007,39.23999912291765,1.0,0.23715978991301517,1
12:05:10.237272,115,-0.957794761714852,3.126280179107619,1.266376456984029,0.2783200074336491,27.359999388456345,1.0,0.7769357936301363,1
12:05:10.237272,115,-0.8288848840932511,3.1529104604732154,1.2245597741429894,0.2088800055789761,12.999999709427357,1.0,3.7042318586090257,1
12:05:10.237272,115,-1.0120297829131193,3.3033054443972847,1.2248351059582814,0.3480400092958007,26.119999416172504,1.0,0.9970335185161405,1
12:05:10.237272,115,-1.029283899447668,3.2850468728298425,0.9332952931949658,0.3480400092958007,9.999999776482582,0.9999999776482582,1.704954396831469,1
12:05:10.237272,115,-0.9256511029302652,3.1353765997233185,1.2639390784260387,0.2783200074336491,23.35999947786331,1.0,1.294414634288313,1
12:05:10.237272,115,-0.9431227329691608,3.1945567160863444,1.250045955988094,0.2088800055789761,24.35999945551157,1.0,1.328811105767902,1
12:05:10.237272,115,-0.978065993046952,3.312916948812396,1.2222597111122044,0.3480400092958007,20.87999953329563,1.0,1.6210176265240155,1
12:05:10.237272,115,-0.9947410602311756,3.294822243980944,0.9306759903893138,0.3480400092958007,8.51999980956316,0.851999980956316,2.341674701565336,1
12:05:10.237272,115,-0.8936383098610163,3.136271609818859,1.2290181407388063,0.2783200074336491,19.35999956727028,1.0,1.9433885897202705,1
12:05:10.237272,115,-0.9102780523408992,3.2035080289056403,1.247647458946965,0.2088800055789761,20.87999953329563,1.0,2.0323158685718012,1
12:05:10.237272,115,-0.944382137647484,3.2868660152377283,1.082630974247413,0.2088800055789761,16.759999625384808,1.0,2.405096897423751,1
12:05:10.237272,115,-0.8613046618494253,3.144747403961342,1.2267470585431155,0.2783200074336491,15.87999964505434,1.0,2.7511307432192647,1
12:05:10.237272,115,-0.8773423446700355,3.212141644204946,1.245334088699755,0.2088800055789761,17.519999608397484,1.0,2.886755191477563,1
12:05:10.237272,115,-0.9745555746159006,3.207506283067368,1.3525055630093576,0.2088800055789761,27.639999382197857,1.0,1.0238995649698945,1
12:05:10.237272,115,-1.111073878703046,3.3026279301119565,1.3714498072939547,0.3480400092958007,44.99999899417162,1.0,0.5708032125786402,1
12:05:10.237272,115,-1.1678717305541313,3.1521886124980787,1.4026000150022324,0.2088800055789761,18.519999586045746,1.0,1.0008145292712307,1
12:05:10.237272,115,-1.0536382568798464,3.0971345672977795,1.2741860001313865,0.2783200074336491,30.23999932408333,1.0,0.10621497072580763,1
12:05:10.237272,115,-1.0713786599906443,3.184635292066581,1.3939059534147809,0.2088800055789761,28.519999362528324,1.0,0.3991589292149286,1
12:05:10.237272,115,-1.375456270267678,3.2065045134207173,1.3972059991700927,0.4872000130126253,16.639999628067017,1.0,5.291038727204779,1
12:05:10.237272,115,-1.3428554400716333,3.219633059956609,1.393688215728006,0.4872000130126253,20.75999953597784,1.0,4.128955129658591,1
12:05:10.237272,115,-1.3701305747470018,3.2103018397127308,1.1024914819613976,0.4872000130126253,9.879999779164793,0.9879999779164793,4.0008488975251755,1
12:05:10.237272,115,-1.3101203254566265,3.2324460554875687,1.390254983922862,0.4872000130126253,25.87999942153692,1.0,3.1302680174801414,1
12:05:10.237272,115,-1.3031968883581604,3.2361250603026863,1.095572170858348,0.4872000130126253,11.359999746084211,1.0,2.079053263218232,1
12:05:10.237272,115,-1.1783467762354387,3.07588310558194,1.383847370817881,0.2783200074336491,15.519999653100967,1.0,1.4413647377042411,1
12:05:10.237272,115,-1.2442603500068554,3.257120300062379,1.3836435400151934,0.4872000130126253,32.119999282062054,1.0,1.623415159028762,1
12:05:10.237272,115,-1.146982912190651,3.0871136789226186,1.3808381477607072,0.2783200074336491,18.999999575316902,1.0,0.9343427096199632,1
12:05:10.237272,115,-1.21762969499149,3.2234892982578573,1.531489521284767,0.4872000130126253,22.11999950557947,1.0,2.398955275118179,1
12:05:10.237272,115,-1.2111420751144586,3.2689790817024456,1.3804659890515207,0.4872000130126253,38.99999912828207,1.0,1.1152673238154482,1
12:05:10.237272,115,-1.2695328905983043,3.248550494258195,1.0922427858643635,0.4872000130126253,12.879999712109566,1.0,1.3735386418551774,1
12:05:10.237272,115,-1.1170124306983942,3.076166993252823,1.2798042446639726,0.2783200074336491,22.879999488592148,1.0,0.3970119037821865,1
12:05:10.237272,115,-1.0337508740843675,3.03867626787027,1.2878857123043763,0.2783200074336491,9.359999790787697,0.9359999790787696,0.25026114146487577,1
12:05:10.237272,115,-1.235741940613004,3.2606501431254147,1.0890006947216917,0.4872000130126253,14.239999681711195,1.0,0.8382722087163117,1
12:05:10.237272,115,-1.1445455096621784,3.29173403446534,1.3743688178348947,0.3480400092958007,47.11999894678593,1.0,0.5891297972906546,1
12:05:10.237272,115,-1.120049031399385,3.2573622018373705,1.5224133041253392,0.2088800055789761,25.11999943852425,1.0,1.3849872255645888,1
12:05:10.237272,115,-1.103654453537836,3.174130601475192,1.3967206767754825,0.2088800055789761,25.51999942958355,1.0,0.4472618787954351,1
12:05:10.237272,115,-1.1677927125900374,3.28386727847522,1.082779682054147,0.3480400092958007,15.239999659359457,1.0,0.2780924884532897,1
12:05:10.237272,115,-1.201827417468948,3.272422796949596,1.0858462216367313,0.4872000130126253,15.119999662041664,1.0,0.47317149413216375,1
12:05:10.237272,115,-1.1779026870292462,3.2805173777767456,1.3773743119363806,0.3480400092958007,44.75999899953604,1.0,0.7705518474054482,1
12:05:10.237272,115,-1.152692271781525,3.246385613004911,1.5253544722386452,0.4872000130126253,24.119999460875988,1.0,1.566324579520379,1
12:05:10.237272,115,-1.1358198825643164,3.1633146810913657,1.3996187939077278,0.2088800055789761,21.87999951094389,1.0,0.647753449341377,1
12:05:10.237272,115,-1.08537961231507,3.086803818425228,1.2769541159489952,0.2783200074336491,26.99999939650297,1.0,0.17765102192235896,1
12:05:10.287009,116,-1.0637238111365506,3.274938337806478,0.936003866991138,0.1391600037168245,9.999999776482582,0.9999999776482582,1.383385870259655,1
12:05:10.287009,116,-0.8776934103160458,3.178073571466608,1.11309142427268,0.1391600037168245,20.51999954134226,1.0,5.069334106611877,1
12:05:10.287009,116,-0.910642297101722,3.169436501454611,1.1154057202073655,0.1391600037168245,23.35999947786331,1.0,2.9112275057925503,1
12:05:10.287009,116,-0.9435001204206253,3.1604816067970094,1.117805176999176,0.1391600037168245,25.75999942421913,1.0,1.385248774839196,1
12:05:10.287009,116,-0.9939514425136968,3.2442970226340626,1.238682222966864,0.1391600037168245,19.63999956101179,1.0,2.1976316557869877,1
12:05:10.287009,116,-0.9762635945179512,3.1512097829757657,1.1202895547044416,0.1391600037168245,26.99999939650297,1.0,0.4924826967831804,1
12:05:10.287009,116,-0.9900901870547748,3.10897643318673,1.23633186127465,0.1391600037168245,20.359999544918537,1.0,0.7021702991147478,1
12:05:10.287009,116,-0.9711593988846536,3.0580428591152544,1.2826964498201394,0.1391600037168245,5.359999880194664,0.5359999880194664,2.175163887807139,1
12:05:10.287009,116,-1.0414943995305035,3.131719088140746,1.1255120706454065,0.1391600037168245,25.23999943584204,1.0,0.6103036580755621,1
12:05:10.287009,116,-1.022047073684508,3.099258475689897,1.2389357801380063,0.1391600037168245,19.63999956101179,1.0,1.1283826414524394,1
12:05:10.287009,116,-1.0739552074198788,3.1215021661801234,1.1282496866338874,0.1391600037168245,22.63999949395657,1.0,1.6224349943337713,1
12:05:10.287009,116,-1.053901756463145,3.089232329417172,1.2416222779349797,0.1391600037168245,18.11999959498644,1.0,2.1688667499292884,1
12:05:10.287009,116,-1.1061426730196051,3.137013100692672,1.23012899595258,0.1391600037168245,19.759999558329586,1.0,3.316943193835157,1
12:05:10.287009,116,-1.0089294430737403,3.1416219571654955,1.1228586048874738,0.1391600037168245,26.87999939918518,1.0,0.23388934883639595,1
12:05:10.348431,117,-0.9105056996248808,3.195468619464053,1.214465886904646,0.1391600037168245,28.639999359846115,1.0,1.484455892727711,1
12:05:10.348431,117,-1.0132625919859064,3.422639637786601,1.1588337443797907,0.2088800055789761,7.759999826550484,0.7759999826550483,0.9805107242993555,1
12:05:10.348431,117,-0.9955376230858476,3.372097065175422,1.2083665886742594,0.2088800055789761,62.759998597204685,1.0,0.39563845603866293,1
12:05:10.348431,117,-0.978065993046952,3.312916948812396,1.2222597111122044,0.2088800055789761,104.87999765574932,1.0,0.2868180569247678,1
12:05:10.348431,117,-0.9605943630080565,3.2537368324493703,1.236152833550149,0.2088800055789761,66.11999852210283,1.0,0.5481348755655074,1
12:05:10.348431,117,-0.9433585942294312,3.186515068051784,1.216864983774954,0.1391600037168245,33.639999248087406,1.0,1.0844295467888707,1
12:05:10.348431,117,-1.0120297829131193,3.3033054443972847,1.2248351059582814,0.2088800055789761,129.759997099638,1.0,0.09041760382827557,1
12:05:10.348431,117,-1.0301081233125415,3.3623138661605068,1.2109879889496988,0.2088800055789761,71.23999840766191,1.0,0.2324439577898304,1
12:05:10.348431,117,-0.927141224870902,3.262853971009552,1.2337099036356656,0.2088800055789761,49.99999888241291,1.0,0.9093797585062765,1
12:05:10.348431,117,-0.9939514425136968,3.2442970226340626,1.238682222966864,0.2088800055789761,81.99999816715717,1.0,0.31981713701860687,1
12:05:10.348431,117,-0.9761171537649052,3.1772446350156422,1.2193489888204752,0.1391600037168245,37.75999915599823,1.0,0.81438940951466,1
12:05:10.348431,117,-1.0832588565309849,3.4110281119581525,1.1998991880778362,0.2088800055789761,7.35999983549118,0.735999983549118,0.757778552434577,1
12:05:10.348431,117,-1.048186463711964,3.421322287923729,1.1971408719411163,0.2088800055789761,7.639999829232693,0.7639999829232693,0.7458961989032703,1
12:05:10.348431,117,-0.9440043974009048,3.322199913113464,1.219772348324366,0.2088800055789761,76.2399982959032,1.0,0.6188938725423496,1
12:05:10.348431,117,-0.8935953733880202,3.2716475266083918,1.2313536775143583,0.2088800055789761,37.239999167621136,1.0,1.404084096092264,1
12:05:10.348431,117,-0.977975258680338,3.432256658044825,1.1562568715680055,0.2088800055789761,7.639999829232693,0.7639999829232693,1.2629359090705712,1
12:05:10.348431,117,-0.8776934103160458,3.178073571466608,1.11309142427268,0.1391600037168245,23.639999471604824,1.0,1.9887480057382112,1
12:05:10.348431,117,-0.9098484021060051,3.331153409011836,1.217373266328962,0.2088800055789761,54.239998787641525,1.0,1.0872011436351952,1
12:05:10.348431,117,-0.9263330353044849,3.382175363735207,1.1683665768395666,0.2088800055789761,36.87999917566776,1.0,1.2148379959131357,1
12:05:10.348431,117,-0.84465675492467,3.186391953133235,1.1108625206227734,0.1391600037168245,19.239999569952488,1.0,2.6823862362613506,1
12:05:10.348431,117,-0.8601752266291497,3.2719325951344693,1.1952869634682917,0.2088800055789761,27.99999937415123,1.0,2.018394465551794,1
12:05:10.348431,117,-0.8756014227331665,3.339776541165425,1.2150627050321812,0.2088800055789761,39.23999912291765,1.0,1.6922767877762548,1
12:05:10.348431,117,-0.8914655691650483,3.390954729795724,1.166014152793594,0.2088800055789761,27.759999379515648,1.0,1.8066986033257755,1
12:05:10.348431,117,-0.8264455878793369,3.2800784158538,1.1931042973848585,0.2088800055789761,21.639999516308308,1.0,2.7921822846615636,1
12:05:10.348431,117,-0.8412668839516344,3.348068447268237,1.2128408954882175,0.2088800055789761,29.35999934375286,1.0,2.4346382599745637,1
12:05:10.348431,117,-0.8565089572155659,3.3993968686519325,1.1637520885046817,0.2088800055789761,21.239999525249004,1.0,2.538444276226303,1
12:05:10.348431,117,-0.8070500001755393,3.347699483764018,1.1762948239415922,0.2088800055789761,22.51999949663877,1.0,3.372791145494698,1
12:05:10.348431,117,-0.8214666950879456,3.407500936097019,1.1615806101773631,0.2088800055789761,16.639999628067017,1.0,3.4105946984570816,1
12:05:10.348431,117,-1.0645756135899296,3.3521972364843364,1.2136987317015535,0.2088800055789761,68.11999847739935,1.0,0.2070851165087567,1
12:05:10.348431,117,-0.9608675699309076,3.3815458552173765,1.2058347930130666,0.2088800055789761,49.11999890208244,1.0,0.6972683423959154,1
12:05:10.348431,117,-1.0458923706488743,3.29336636101052,1.2274982753252708,0.2088800055789761,130.51999708265066,1.0,0.029117536238548965,1
12:05:10.348431,117,-1.0934130224708043,3.2140511661527986,1.2467865757854064,0.2783200074336491,64.63999855518341,1.0,0.4268290810876624,1
12:05:10.348431,117,-1.008525884766764,3.1757046100628874,1.255097362572705,0.1391600037168245,39.35999912023544,1.0,0.7913599426649767,1
12:05:10.348431,117,-1.287554886033745,3.167748206580354,1.3670852238005833,0.2783200074336491,16.359999634325504,1.0,4.849685476522802,1
12:05:10.348431,117,-1.3109733897121445,3.225364331401693,1.3555735459876104,0.2783200074336491,17.359999611973763,1.0,4.886301532605032,1
12:05:10.348431,117,-1.2228292791282418,3.1919974633426413,1.3605876550340736,0.2783200074336491,20.87999953329563,1.0,3.018822851639798,1
12:05:10.348431,117,-1.2450705305746432,3.250054642222993,1.34895779714217,0.2088800055789761,22.11999950557947,1.0,2.944208736467452,1
12:05:10.348431,117,-1.2673117820210449,3.3081118211033447,1.3373279392502662,0.2088800055789761,13.879999689757824,1.0,3.244796660632444,1
12:05:10.348431,117,-1.1702120766646602,3.1230811659234257,1.269197771932818,0.2783200074336491,19.63999956101179,1.0,2.0702356171012277,1
12:05:10.348431,117,-1.191890604554838,3.180937176392681,1.2556594425998022,0.2783200074336491,27.119999393820763,1.0,1.7092864774830125,1
12:05:10.348431,117,-1.213569132445016,3.2387931868619377,1.2421211132667862,0.2783200074336491,28.999999351799488,1.0,1.7277144357639773,1
12:05:10.348431,117,-1.2352476603351938,3.296649197331193,1.2285827839337706,0.2088800055789761,17.759999603033066,1.0,2.1255194919441367,1
12:05:10.348431,117,-1.138095998660696,3.134229530502373,1.2662105766469611,0.2783200074336491,23.87999946624041,1.0,1.5597137560806318,1
12:05:10.348431,117,-1.1802631345852996,3.2503546050014727,1.2390232406129391,0.2783200074336491,39.11999912559986,1.0,1.122777285293837,1
12:05:10.348431,117,-1.2013467025476017,3.308417142251022,1.2254295725959286,0.2088800055789761,23.11999948322773,1.0,1.4713516573604326,1
12:05:10.348431,117,-1.1058661120103634,3.1450671253531293,1.2633066518588056,0.1391600037168245,28.879999354481697,1.0,1.1759609386359373,1
12:05:10.348431,117,-1.1263526117056568,3.20333043228103,1.2496591877686156,0.2783200074336491,48.51999891549349,1.0,0.7245326876671422,1
12:05:10.348431,117,-1.1591795666229978,3.192292067751923,1.2526169086299503,0.2783200074336491,35.999999195337296,1.0,1.1522313182005723,1
12:05:10.348431,117,-1.1673256110962438,3.319857046136832,1.2223642595882362,0.2088800055789761,30.879999309778214,1.0,0.9517414095166326,1
12:05:10.348431,117,-0.9900901870547748,3.10897643318673,1.23633186127465,0.1391600037168245,18.11999959498644,1.0,1.5690408039519854,1
12:05:10.348431,117,-1.1468391114009502,3.261593739208931,1.236011723678426,0.2783200074336491,54.51999878138304,1.0,0.6497928446273721,1
12:05:10.348431,117,-1.1182229243719075,3.400395683050692,1.202748138817172,0.2088800055789761,6.8799998462200165,0.6879999846220016,0.9095986335947193,1
12:05:10.348431,117,-1.0989366471978608,3.3417481878014024,1.2164985458578192,0.2088800055789761,55.63999875634909,1.0,0.3189431557354307,1
12:05:10.348431,117,-1.0796503700238145,3.2831006925521127,1.2302489528984664,0.2088800055789761,106.11999762803316,1.0,0.10232428841713595,1
12:05:10.348431,117,-1.0603640928497673,3.2244531973028234,1.2439993599391137,0.2088800055789761,80.87999819219112,1.0,0.25974203163982756,1
12:05:10.348431,117,-1.1331877880617625,3.330967765007818,1.219387151439426,0.2088800055789761,41.879999063909054,1.0,0.5673805640842705,1
12:05:10.348431,117,-1.1133004052662836,3.272509465580308,1.2330868636124164,0.2088800055789761,76.99999827891588,1.0,0.30942600512781304,1
12:05:10.348431,117,-1.0272091277078192,3.234535485536704,1.2412978189489878,0.2088800055789761,88.7599980160594,1.0,0.22387581162395442,1
12:05:10.348431,117,-1.0735256396753254,3.1555928667252893,1.2604862879583965,0.1391600037168245,33.87999924272299,1.0,0.9195897919638203,1
12:05:10.348431,117,-1.0410778156757203,3.165805702053534,1.2577497669797613,0.1391600037168245,37.87999915331602,1.0,0.7911963854035111,1
12:05:10.397866,118,-0.9725922919448888,3.36764423933535,1.5000517383134038,0.1391600037168245,28.11999937146902,1.0,0.3581316974006622,1
12:05:10.397866,118,-0.9899661428142,3.427801973752623,1.4911209390331166,0.1391600037168245,24.759999446570877,1.0,0.8750638325839695,1
12:05:10.397866,118,-0.938721320443788,3.3768752519559726,1.4975782959363866,0.1391600037168245,25.999999418854717,1.0,0.8889841975873327,1
12:05:10.397866,118,-0.9209185469914464,3.4462603173516912,1.4861750407721304,0.1391600037168245,20.119999550282955,1.0,2.126345996573761,1
12:05:10.397866,118,-0.9047564775971044,3.38577864002858,1.4951926402924305,0.1391600037168245,22.99999948590994,1.0,1.7971443977383026,1
12:05:10.397866,118,-0.8707011598606667,3.3943535132218234,1.4928950099451015,0.1391600037168245,19.759999558329586,1.0,3.084155660646716,1
12:05:10.397866,118,-0.8862548838912215,3.454988367337839,1.4838363668268435,0.1391600037168245,17.23999961465597,1.0,3.327677796312803,1
12:05:10.397866,118,-1.0486058920688166,3.3847181889486357,1.0551019607497587,0.2783200074336491,5.759999871253967,0.5759999871253967,2.721775943561174,1
12:05:10.397866,118,-0.9554901190085184,3.4371978840780413,1.4886033124492657,0.1391600037168245,22.75999949127436,1.0,1.3093451367400117,1
12:05:10.397866,118,-1.0243431708349948,3.4180735259585973,1.4937276687631342,0.1391600037168245,25.51999942958355,1.0,0.8218722052389995,1
12:05:10.397866,118,-1.0400390823610095,3.3482030654940425,1.5052609851440952,0.1391600037168245,27.639999382197857,1.0,0.42208394027559476,1
12:05:10.397866,118,-0.9919636059164436,3.273816977874702,1.3745897357009738,0.1391600037168245,18.639999583363533,1.0,1.3330092570632113,1
12:05:10.397866,118,-1.0063660050316336,3.3580865252602394,1.5026127200813173,0.1391600037168245,28.759999357163903,1.0,0.20302489284810146,1
12:05:10.397866,118,-1.1649910377243498,3.350535750960413,1.363192888364601,0.2783200074336491,16.8799996227026,1.0,3.386184274916342,1
12:05:10.397866,118,-1.1070698710297855,3.3274628947146354,1.510818297155321,0.1391600037168245,21.99999950826168,1.0,1.976295790011232,1
12:05:10.397866,118,-1.1309214880592466,3.3616242491346444,1.3602217342335416,0.2783200074336491,19.759999558329586,1.0,2.058828001553005,1
12:05:10.397866,118,-1.1404208793464763,3.316608257701127,1.5137267883772236,0.1391600037168245,18.759999580681324,1.0,3.308206840768675,1
12:05:10.397866,118,-1.0967388471928243,3.372383111801601,1.3573389056704537,0.1391600037168245,22.51999949663877,1.0,1.1105817638014872,1
12:05:10.397866,118,-1.0624465333605315,3.382811263084028,1.3545446909557777,0.1391600037168245,24.63999944925308,1.0,0.5431394788659235,1
12:05:10.397866,118,-0.9758731021142744,3.185288600870841,1.2525293399754465,0.1391600037168245,17.519999608397484,1.0,5.770181736395815,1
12:05:10.397866,118,-1.0736081566534954,3.337994848374455,1.5079962686774504,0.1391600037168245,25.11999943852425,1.0,1.0137119528086798,1
12:05:10.455683,119,-0.9935466142332344,3.4551615075923894,0.2520740281522536,0.1391600037168245,50.87999886274338,1.0,4.473170963114428,1
12:05:10.455683,119,-0.9242492897251204,3.474340105494142,0.2520740281522536,0.1391600037168245,48.75999891012907,1.0,2.837277719016129,1
12:05:10.455683,119,-0.910642297101722,3.2903904183373607,-0.034141931819727,0.1391600037168245,23.23999948054552,1.0,5.375587997563045,1
12:05:10.455683,119,-0.9421164515628508,3.40411482647629,0.2476501429467513,0.1391600037168245,52.999998815357685,1.0,0.1893311314263557,1
12:05:10.455683,119,-0.9589458988724182,3.4649240512943726,0.2520740281522536,0.1391600037168245,52.87999881803989,1.0,3.4937036638525294,1
12:05:10.455683,119,-0.8776934103160458,3.2993321711893158,-0.034141931819727,0.1391600037168245,20.63999953866005,1.0,4.993999610826759,1
12:05:10.455683,119,-0.8923889291543309,3.3545740102023416,0.2085248377813676,0.1391600037168245,26.359999410808086,1.0,2.2561355174818916,1
12:05:10.455683,119,-0.908028765980638,3.4133656294473878,0.2476501429467513,0.1391600037168245,46.999998949468136,1.0,0.5465502391960071,1
12:05:10.455683,119,-0.84465675492467,3.307943993588334,-0.034141931819727,0.1391600037168245,17.879999600350857,1.0,4.939344960141089,1
12:05:10.455683,119,-0.8545822778408014,3.4921290137397367,0.2520740281522536,0.1391600037168245,32.87999926507473,1.0,2.5669850117407105,1
12:05:10.455683,119,-0.8738502782825744,3.422275098715261,0.2476501429467513,0.1391600037168245,38.87999913096428,1.0,1.2670049122240004,1
12:05:10.455683,119,-0.8894602564231867,3.483408728594168,0.2520740281522536,0.1391600037168245,40.99999908357859,1.0,2.5221334603592087,1
12:05:10.455683,119,-0.8262389575490526,3.376308063899057,0.1043093545778107,0.1391600037168245,18.519999586045746,1.0,2.1104892842948955,1
12:05:10.455683,119,-0.8395844062887952,3.430842343340448,0.2476501429467513,0.1391600037168245,30.999999307096004,1.0,2.368655712071079,1
12:05:10.455683,119,-0.8052345765577913,3.4390665066056623,0.2476501429467513,0.1391600037168245,24.51999945193529,1.0,3.8699081166952296,1
12:05:10.455683,119,-0.8196188417466016,3.50050008890964,0.2520740281522536,0.1391600037168245,25.75999942421913,1.0,2.991010944933687,1
12:05:10.455683,119,-0.7708042240437579,3.446946766101469,0.2476501429467513,0.1391600037168245,19.35999956727028,1.0,5.789603273909483,1
12:05:10.455683,119,-0.7845734444549045,3.508521117003374,0.2520740281522536,0.1391600037168245,20.239999547600743,1.0,3.8138446888174684,1
12:05:10.455683,119,-0.7494495904760783,3.51619129592485,0.2520740281522536,0.1391600037168245,16.119999639689922,1.0,5.055564695981397,1
12:05:10.455683,119,-0.9736178323631208,3.385857099500816,0.353485178907246,0.1391600037168245,53.99999879300594,1.0,3.166791565436631,1
12:05:10.455683,119,-0.8599601631164547,3.367876998225181,0.1043093545778107,0.1391600037168245,22.239999502897263,1.0,1.4948088066564433,1
12:05:10.455683,119,-0.9592974633545012,3.336056529437692,0.2085248377813676,0.1391600037168245,32.35999927669764,1.0,0.6695980940566941,1
12:05:10.455683,119,-0.9258894903410776,3.3454825425457195,0.2085248377813676,0.1391600037168245,29.999999329447743,1.0,1.284399435277051,1
12:05:10.455683,119,-1.0254232794607077,3.436257928175117,0.3597996426694104,0.1391600037168245,44.11999901384115,1.0,1.6222150267829587,1
12:05:10.455683,119,-0.9433585942294312,3.2806274571761995,0.0682804494748762,0.1391600037168245,24.99999944120645,1.0,2.0586851791026444,1
12:05:10.455683,119,-1.1568612847967812,3.2704006412146978,0.2432262577412491,0.2088800055789761,15.87999964505434,1.0,2.9047576784958618,1
12:05:10.455683,119,-1.1058661120103634,3.228571830690589,0.1024121391422833,0.1391600037168245,16.8799996227026,1.0,3.9569404902184226,1
12:05:10.455683,119,-1.1240999816000072,3.281805542332761,0.2432262577412491,0.2088800055789761,19.119999572634697,1.0,1.9951726311696045,1
12:05:10.455683,119,-1.1404208793464763,3.329454340088251,0.3886975284983713,0.1391600037168245,21.239999525249004,1.0,3.6396698485673737,1
12:05:10.455683,119,-1.160792727293568,3.388929871264013,0.3956410062015478,0.1391600037168245,17.639999605715275,1.0,4.275460854224484,1
12:05:10.455683,119,-1.0735256396753254,3.2394688800143427,0.1024121391422833,0.1391600037168245,19.63999956101179,1.0,3.002755867943269,1
12:05:10.455683,119,-1.0912262693468453,3.2928822656460905,0.2432262577412491,0.2088800055789761,22.99999948590994,1.0,1.361844886722536,1
12:05:10.455683,119,-1.1070698710297855,3.3406918872353337,0.3886975284983713,0.1391600037168245,26.6399994045496,1.0,3.45550060467745,1
12:05:10.455683,119,-1.128034146689823,3.4039536446473635,0.3597996426694104,0.1391600037168245,22.11999950557947,1.0,3.938256450369799,1
12:05:10.455683,119,-1.0410778156757203,3.2500419851641253,0.1024121391422833,0.1391600037168245,22.359999500215054,1.0,2.3221341174477894,1
12:05:10.455683,119,-1.1736578465306784,3.3178838502965795,0.3886975284983713,0.1391600037168245,16.99999962002039,1.0,4.120594529870724,1
12:05:10.455683,119,-1.074740212261082,3.355129424908158,0.353485178907246,0.1391600037168245,33.639999248087406,1.0,1.8552066603754431,1
12:05:10.455683,119,-1.0939387770921245,3.4150636016010734,0.3597996426694104,0.1391600037168245,28.23999936878681,1.0,2.870551195291822,1
12:05:10.455683,119,-1.0087781024027946,3.2611054399079955,0.0682804494748762,0.1391600037168245,24.51999945193529,1.0,2.5351484076989026,1
12:05:10.455683,119,-1.0251547779581716,3.3140467811346146,0.2432262577412491,0.1391600037168245,30.51999931782484,1.0,0.9804903966283667,1
12:05:10.455683,119,-1.0411357413869309,3.365708892602304,0.353485178907246,0.1391600037168245,41.63999906927347,1.0,1.9572403276482344,1
12:05:10.455683,119,-1.0597340145332197,3.425832055055766,0.3597996426694104,0.1391600037168245,35.759999200701714,1.0,2.0931813338179777,1
12:05:10.455683,119,-0.958178020130235,3.2109148331480046,-0.0335094423454361,0.1391600037168245,12.519999720156193,1.0,5.698807476331531,1
12:05:10.455683,119,-1.0074271578109046,3.3759517922269837,0.353485178907246,0.1391600037168245,49.359998896718025,1.0,2.38913350517088,1
12:05:10.455683,119,-0.9761171537649052,3.271029998671795,0.0682804494748762,0.1391600037168245,25.51999942958355,1.0,2.143220545629803,1
12:05:10.455683,119,-0.9919636059164436,3.324132456875991,0.2432262577412491,0.1391600037168245,32.63999927043915,1.0,1.261924821994203,1
12:05:10.455683,119,-1.0582434353809786,3.3036297034916355,0.2432262577412491,0.1391600037168245,26.99999939650297,1.0,1.018786331823313,1
12:05:10.510967,120,-0.8115356345654559,3.194390814623295,1.1087192321461434,0.2088800055789761,21.99999950826168,1.0,3.6261732726310063,1
12:05:10.510967,120,-0.8894602564231867,3.4299560137313865,1.341912293092451,0.1391600037168245,41.35999907553196,1.0,1.168590617765342,1
12:05:10.510967,120,-0.8738502782825744,3.369760476032022,1.353461695828828,0.0697200018621515,44.63999900221825,1.0,0.34379124223082613,1
12:05:10.510967,120,-0.908028765980638,3.3611545895676542,1.3557676361571092,0.0697200018621515,47.23999894410372,1.0,0.24648112358289853,1
12:05:10.510967,120,-0.84465675492467,3.186391953133235,1.1108625206227734,0.2088800055789761,24.63999944925308,1.0,3.2374796458671504,1
12:05:10.510967,120,-0.9242492897251204,3.42119639647019,1.3442594254635944,0.1391600037168245,43.63999902456999,1.0,1.0593417864943486,1
12:05:10.510967,120,-0.8264455878793369,3.2800784158538,1.1931042973848585,0.2088800055789761,27.87999937683344,1.0,1.1229785333969367,1
12:05:10.510967,120,-0.8601752266291497,3.2719325951344693,1.1952869634682917,0.2088800055789761,31.359999299049377,1.0,0.7680681361631206,1
12:05:10.510967,120,-0.8395844062887952,3.3780357988756258,1.3512443297557777,0.0697200018621515,39.11999912559986,1.0,0.6260986759459007,1
12:05:10.510967,120,-0.7585520571582113,3.3035688196207382,1.2228003928303428,0.0697200018621515,20.239999547600743,1.0,2.209711593518184,1
12:05:10.510967,120,-0.7926333052631329,3.287898031431017,1.1910090377058211,0.2088800055789761,23.9999994635582,1.0,1.6633930392723268,1
12:05:10.510967,120,-0.8052345765577913,3.3859797305731147,1.3491157596727072,0.0697200018621515,32.63999927043915,1.0,1.0932372422822607,1
12:05:10.510967,120,-0.8196188417466016,3.446465000066513,1.3374887235360975,0.1391600037168245,30.119999326765537,1.0,1.9398244763766144,1
12:05:10.510967,120,-0.7708042240437579,3.393591476737975,1.3470761984348425,0.0697200018621515,26.519999407231808,1.0,1.7450882328432247,1
12:05:10.510967,120,-0.7845734444549045,3.454212718255641,1.3354127287041369,0.1391600037168245,24.35999945551157,1.0,2.601514866362532,1
12:05:10.510967,120,-0.7362967917531005,3.4008702762019665,1.3451258499965977,0.1391600037168245,21.51999951899052,1.0,2.5815804539490386,1
12:05:10.510967,120,-0.7494495904760783,3.4616215421681527,1.333427540319915,0.1391600037168245,19.759999558329586,1.0,3.447141049958737,1
12:05:10.510967,120,-0.701715730400138,3.4078154010912414,1.3432649093911833,0.1391600037168245,17.519999608397484,1.0,3.60269023615976,1
12:05:10.510967,120,-0.893818848576955,3.263461383848275,1.197556817691341,0.2088800055789761,33.639999248087406,1.0,0.598831006363255,1
12:05:10.510967,120,-0.714250792166094,3.468690730927864,1.3315333569006071,0.1391600037168245,16.119999639689922,1.0,4.476680606342466,1
12:05:10.510967,120,-0.8545822778408014,3.4383791623660964,1.3396553172180532,0.1391600037168245,36.23999918997288,1.0,1.4621422742173902,1
12:05:10.510967,120,-0.8776934103160458,3.178073571466608,1.11309142427268,0.2088800055789761,26.75999940186739,1.0,3.0349873651362316,1
12:05:10.510967,120,-0.9421164515628508,3.35221900006396,1.3581619201485202,0.0697200018621515,45.639998979866505,1.0,0.33438190470013246,1
12:05:10.510967,120,-0.9589458988724182,3.412101186536895,1.3466964796202123,0.1391600037168245,41.75999906659126,1.0,1.1346179070759346,1
12:05:10.510967,120,-0.9757753461819856,3.4719833730098304,1.3352310390919049,0.1391600037168245,9.519999787211418,0.9519999787211418,3.230860951991277,1
12:05:10.510967,120,-1.111073878703046,3.3026279301119565,1.3714498072939547,0.0697200018621515,18.11999959498644,1.0,3.5628273571711726,1
12:05:10.510967,120,-1.1309214880592466,3.3616242491346444,1.3602217342335416,0.2088800055789761,15.639999650418758,1.0,4.290120375335477,1
12:05:10.510967,120,-1.0603640928497673,3.2244531973028234,1.2439993599391137,0.2088800055789761,21.359999522566795,1.0,2.5162587436657695,1
12:05:10.510967,120,-1.0774911412869017,3.313197975336159,1.3686175722121692,0.0697200018621515,22.359999500215054,1.0,2.5440181682357803,1
12:05:10.510967,120,-1.0967388471928243,3.372383111801601,1.3573389056704537,0.2088800055789761,19.35999956727028,1.0,3.287152216089209,1
12:05:10.510967,120,-1.0438006556593518,3.323443113142279,1.365872395810674,0.0697200018621515,27.759999379515648,1.0,1.7121941492230328,1
12:05:10.510967,120,-1.0624465333605315,3.382811263084028,1.3545446909557777,0.2088800055789761,24.35999945551157,1.0,2.4705624884243047,1
12:05:10.510967,120,-0.9762635945179512,3.1512097829757657,1.1202895547044416,0.1391600037168245,25.87999942153692,1.0,3.5470398441517546,1
12:05:10.510967,120,-1.0272091277078192,3.234535485536704,1.2412978189489878,0.2088800055789761,25.23999943584204,1.0,1.7366040811113348,1
12:05:10.510967,120,-1.0100057908407327,3.33336231902512,1.363214552604809,0.0697200018621515,33.99999924004078,1.0,1.0669068678432378,1
12:05:10.510967,120,-0.9939514425136968,3.2442970226340626,1.238682222966864,0.2088800055789761,28.999999351799488,1.0,1.1441065730428643,1
12:05:10.510967,120,-0.910642297101722,3.169436501454611,1.1154057202073655,0.2088800055789761,27.759999379515648,1.0,3.0189071401212098,1
12:05:10.510967,120,-0.9935466142332344,3.402671293444874,1.3492232118589311,0.2088800055789761,36.51999918371439,1.0,1.3946908466888397,1
12:05:10.510967,120,-0.9761099262892134,3.3429546010724023,1.3606443083766675,0.0697200018621515,40.639999091625214,1.0,0.6077544696356,1
12:05:10.510967,120,-0.927373089388745,3.2546656291092453,1.1999136330704865,0.2088800055789761,33.99999924004078,1.0,0.615481590965563,1
12:05:10.510967,120,-0.9260214991665856,3.1019327420009604,1.1341480993261297,0.2088800055789761,13.119999706745148,1.0,6.2033821325589455,1
12:05:10.510967,120,-1.0280479757650218,3.392907660175536,1.351839369508644,0.2088800055789761,30.23999932408333,1.0,1.8398820740784267,1
12:05:10.510967,120,-0.9608345936685498,3.245546210485488,1.2023571739261634,0.2088800055789761,32.239999279379845,1.0,0.8182795246627199,1
12:05:10.565231,121,-0.8894602564231867,3.4299560137313865,1.341912293092451,0.0697200018621515,37.35999916493893,1.0,0.7301535925404823,1
12:05:10.565231,121,-0.9589458988724182,3.412101186536895,1.3466964796202123,0.0697200018621515,42.23999905586243,1.0,0.4397362091428325,1
12:05:10.565231,121,-0.9757753461819856,3.4719833730098304,1.3352310390919049,0.0697200018621515,14.6399996727705,1.0,2.7694025867896572,1
12:05:10.565231,121,-0.893818848576955,3.263461383848275,1.197556817691341,0.2088800055789761,20.51999954134226,1.0,5.376257999805933,1
12:05:10.565231,121,-0.9086200146378712,3.354156672020516,1.3210637423274831,0.1391600037168245,34.23999923467636,1.0,0.6576727619759132,1
12:05:10.565231,121,-0.9404698134696023,3.4812382033727265,1.3327512147700795,0.0697200018621515,14.6399996727705,1.0,2.7417712440862663,1
12:05:10.565231,121,-0.8601752266291497,3.2719325951344693,1.1952869634682917,0.1391600037168245,17.879999600350857,1.0,6.086978428858516,1
12:05:10.565231,121,-0.8738502782825744,3.369760476032022,1.353461695828828,0.1391600037168245,30.759999312460423,1.0,3.083098728166668,1
12:05:10.565231,121,-0.905070234563799,3.490151551430751,1.3303628903560742,0.0697200018621515,14.119999684393406,1.0,2.9411385074756016,1
12:05:10.565231,121,-0.9427298958807104,3.3452152642481785,1.3234595853192783,0.1391600037168245,35.51999920606613,1.0,0.5095652088984333,1
12:05:10.565231,121,-0.8545822778408014,3.4383791623660964,1.3396553172180532,0.0697200018621515,31.75999929010868,1.0,1.245985047578797,1
12:05:10.565231,121,-0.8695801493928077,3.498722525856566,1.3280663046803292,0.0697200018621515,12.999999709427357,1.0,3.3686184080703576,1
12:05:10.565231,121,-0.8052345765577913,3.3859797305731147,1.3491157596727072,0.0697200018621515,21.87999951094389,1.0,4.552101139376574,1
12:05:10.565231,121,-0.8196188417466016,3.446465000066513,1.3374887235360975,0.0697200018621515,26.119999416172504,1.0,2.010725282558915,1
12:05:10.565231,121,-0.834003106935412,3.5069502695599115,1.3258616873994875,0.0697200018621515,11.639999739825726,1.0,4.025744507034579,1
12:05:10.565231,121,-0.7708042240437579,3.393591476737975,1.3470761984348425,0.0697200018621515,17.999999597668648,1.0,5.689431064032803,1
12:05:10.565231,121,-0.7845734444549045,3.454212718255641,1.3354127287041369,0.0697200018621515,21.239999525249004,1.0,3.0262468332158026,1
12:05:10.565231,121,-0.7494495904760783,3.4616215421681527,1.333427540319915,0.0697200018621515,17.23999961465597,1.0,4.294822983209083,1
12:05:10.565231,121,-0.8395844062887952,3.3780357988756258,1.3512443297557777,0.0697200018621515,26.239999413490292,1.0,3.6839218214897143,1
12:05:10.565231,121,-0.927373089388745,3.2546656291092453,1.1999136330704865,0.2088800055789761,22.75999949127436,1.0,4.880056216037221,1
12:05:10.565231,121,-0.9242492897251204,3.42119639647019,1.3442594254635944,0.0697200018621515,41.35999907553196,1.0,0.4617600964632884,1
12:05:10.565231,121,-0.9935466142332344,3.402671293444874,1.3492232118589311,0.0697200018621515,39.35999912023544,1.0,0.6634165960462779,1
12:05:10.565231,121,-1.0934130224708043,3.2140511661527986,1.2467865757854064,0.2088800055789761,17.11999961733818,1.0,3.617931182758162,1
12:05:10.565231,121,-1.111073878703046,3.3026279301119565,1.3714498072939547,0.1391600037168245,17.879999600350857,1.0,6.293579926844792,1
12:05:10.565231,121,-1.1309214880592466,3.3616242491346444,1.3602217342335416,0.0697200018621515,18.639999583363533,1.0,4.015992499695322,1
12:05:10.565231,121,-1.0603640928497673,3.2244531973028234,1.2439993599391137,0.2088800055789761,19.879999555647373,1.0,2.898971577186615,1
12:05:10.565231,121,-1.078192732705956,3.3061688315935163,1.3339220454164114,0.1391600037168245,21.7599995136261,1.0,2.4163167293896244,1
12:05:10.565231,121,-1.0272091277078192,3.234535485536704,1.2412978189489878,0.2088800055789761,22.11999950557947,1.0,2.408835966818863,1
12:05:10.565231,121,-1.0444803100482862,3.3164206403600702,1.331175081536455,0.1391600037168245,26.239999413490292,1.0,1.564457797699066,1
12:05:10.565231,121,-1.0624465333605315,3.382811263084028,1.3545446909557777,0.0697200018621515,28.359999366104603,1.0,1.847245722487072,1
12:05:10.565231,121,-1.0810924110617122,3.442179413025777,1.343216986100881,0.0697200018621515,11.119999751448631,1.0,4.209451221563601,1
12:05:10.565231,121,-1.0967388471928243,3.372383111801601,1.3573389056704537,0.0697200018621515,23.11999948322773,1.0,2.8080808156313926,1
12:05:10.565231,121,-0.9761171537649052,3.1772446350156422,1.2193489888204752,0.2088800055789761,19.119999572634697,1.0,4.308948413619209,1
12:05:10.565231,121,-0.9939514425136968,3.2442970226340626,1.238682222966864,0.2088800055789761,23.639999471604824,1.0,2.146597438522136,1
12:05:10.565231,121,-1.010663440234678,3.326346304977896,1.3285155077177662,0.1391600037168245,30.759999312460423,1.0,0.9630051495871016,1
12:05:10.565231,121,-1.0109833021772556,3.462387985817346,1.3378021153411948,0.0697200018621515,13.879999689757824,1.0,3.0233385994986848,1
12:05:10.565231,121,-1.0280479757650218,3.392907660175536,1.351839369508644,0.0697200018621515,34.23999923467636,1.0,1.1325392718510834,1
12:05:10.565231,121,-1.0460901606893107,3.452453001325953,1.340464186412479,0.0697200018621515,12.639999717473984,1.0,3.5033057870045163,1
12:05:10.565231,121,-0.9608345936685498,3.245546210485488,1.2023571739261634,0.2088800055789761,23.87999946624041,1.0,4.597798393418107,1
12:05:10.565231,121,-0.9767455049237812,3.335944832888849,1.3259435899154988,0.1391600037168245,34.23999923467636,1.0,0.6114232606803038,1
12:05:10.620774,122,-0.8545822778408014,3.4383791623660964,1.3396553172180532,0.1391600037168245,44.99999899417162,1.0,0.6275884359679454,1
12:05:10.620774,122,-0.8395844062887952,3.3780357988756258,1.3512443297557777,0.1391600037168245,35.11999921500683,1.0,0.546463599740124,1
12:05:10.620774,122,-0.905070234563799,3.490151551430751,1.3303628903560742,0.1391600037168245,33.519999250769615,1.0,0.35788301448759313,1
12:05:10.620774,122,-0.8894602564231867,3.4299560137313865,1.341912293092451,0.1391600037168245,57.999998703598976,1.0,0.2598367793181893,1
12:05:10.620774,122,-0.908028765980638,3.3611545895676542,1.3557676361571092,0.1391600037168245,47.11999894678593,1.0,0.04046933316382736,1
12:05:10.620774,122,-0.9404698134696023,3.4812382033727265,1.3327512147700795,0.1391600037168245,39.11999912559986,1.0,0.13681116070619032,1
12:05:10.620774,122,-0.9242492897251204,3.42119639647019,1.3442594254635944,0.1391600037168245,70.63999842107296,1.0,0.0649772095512728,1
12:05:10.620774,122,-0.8695801493928077,3.498722525856566,1.3280663046803292,0.1391600037168245,26.99999939650297,1.0,0.7577093350309686,1
12:05:10.620774,122,-0.8738502782825744,3.369760476032022,1.353461695828828,0.1391600037168245,41.879999063909054,1.0,0.20990283540991947,1
12:05:10.620774,122,-0.8052345765577913,3.3859797305731147,1.3491157596727072,0.1391600037168245,28.639999359846115,1.0,1.0497836161581824,1
12:05:10.620774,122,-0.834003106935412,3.5069502695599115,1.3258616873994875,0.1391600037168245,21.239999525249004,1.0,1.3358914681898124,1
12:05:10.620774,122,-0.7708042240437579,3.393591476737975,1.3470761984348425,0.1391600037168245,23.11999948322773,1.0,1.7194323060714316,1
12:05:10.620774,122,-0.7845734444549045,3.454212718255641,1.3354127287041369,0.1391600037168245,26.519999407231808,1.0,1.880170487347571,1
12:05:10.620774,122,-0.7983426648660513,3.514833959773308,1.323749258973431,0.0697200018621515,16.759999625384808,1.0,2.0919636937815933,1
12:05:10.620774,122,-0.7362967917531005,3.4008702762019665,1.3451258499965977,0.1391600037168245,18.759999580681324,1.0,2.5549167174420315,1
12:05:10.620774,122,-0.7494495904760783,3.4616215421681527,1.333427540319915,0.1391600037168245,20.75999953597784,1.0,2.7640403286442217,1
12:05:10.620774,122,-0.7626023891990561,3.5223728081343397,1.321729230643232,0.0697200018621515,13.35999970138073,1.0,3.0253934353149576,1
12:05:10.620774,122,-0.714250792166094,3.468690730927864,1.3315333569006071,0.1391600037168245,16.519999630749226,1.0,3.8188815801191653,1
12:05:10.620774,122,-0.8935953733880202,3.2716475266083918,1.2313536775143583,0.1391600037168245,22.99999948590994,1.0,0.3181676679152089,1
12:05:10.620774,122,-0.8196188417466016,3.446465000066513,1.3374887235360975,0.1391600037168245,34.35999923199415,1.0,1.167848998310704,1
12:05:10.620774,122,-0.9945272621350632,3.500003170484078,1.1780147715418956,0.1391600037168245,5.759999871253967,0.5759999871253967,0.3877195508983971,1
12:05:10.620774,122,-1.108237210014426,3.3217517995486223,1.4758940737049868,0.1391600037168245,22.11999950557947,1.0,1.9421834878769795,1
12:05:10.620774,122,-1.160792727293568,3.3758543135648837,1.505040272629108,0.1391600037168245,21.7599995136261,1.0,2.6687167248824633,1
12:05:10.620774,122,-1.1811645752406597,3.4351003694286404,1.496353756880992,0.1391600037168245,13.119999706745148,1.0,2.7503866506271617,1
12:05:10.620774,122,-1.0749604547201332,3.657636356345384,0.6434160140299692,0.3480400092958007,7.239999838173389,0.723999983817339,3.815731199261828,1
12:05:10.620774,122,-1.126845955007088,3.3869028518114934,1.5020798257283845,0.1391600037168245,27.87999937683344,1.0,1.8133063125276223,1
12:05:10.620774,122,-1.1466220389843906,3.4463428089083514,1.4933413543014478,0.1391600037168245,16.359999634325504,1.0,1.885684783598449,1
12:05:10.620774,122,-1.0774911412869017,3.313197975336159,1.3686175722121692,0.1391600037168245,27.359999388456345,1.0,1.708691889081571,1
12:05:10.620774,122,-1.0927864990691794,3.397622942467425,1.4992073860943391,0.1391600037168245,36.23999918997288,1.0,1.1302192175348493,1
12:05:10.620774,122,-1.0438006556593518,3.323443113142279,1.365872395810674,0.1391600037168245,33.639999248087406,1.0,1.0391693855731072,1
12:05:10.620774,122,-1.0597340145332197,3.402222658451243,1.4608691859728222,0.1391600037168245,47.35999894142151,1.0,0.6841234747407607,1
12:05:10.620774,122,-1.0771964484327934,3.467823961571144,1.487585496792963,0.1391600037168245,26.359999410808086,1.0,0.6908801161389869,1
12:05:10.620774,122,-1.1119648414848635,3.457251036560395,1.4904185035112278,0.1391600037168245,20.75999953597784,1.0,1.1991634113738365,1
12:05:10.620774,122,-1.0280479757650218,3.392907660175536,1.351839369508644,0.1391600037168245,60.63999864459038,1.0,0.5206073309803696,1
12:05:10.620774,122,-0.9757753461819856,3.4719833730098304,1.3352310390919049,0.1391600037168245,41.35999907553196,1.0,0.09482517846823058,1
12:05:10.620774,122,-1.0100057908407327,3.33336231902512,1.363214552604809,0.1391600037168245,40.3599990978837,1.0,0.5376705614985684,1
12:05:10.620774,122,-0.9421164515628508,3.35221900006396,1.3581619201485202,0.1391600037168245,48.75999891012907,1.0,0.03846836386380475,1
12:05:10.620774,122,-0.910642297101722,3.169436501454611,1.1154057202073655,0.2088800055789761,13.999999687075617,1.0,1.4361999892440473,1
12:05:10.620774,122,-0.9589458988724182,3.412101186536895,1.3466964796202123,0.1391600037168245,76.7599982842803,1.0,0.043327933172272584,1
12:05:10.620774,122,-0.9935466142332344,3.402671293444874,1.3492232118589311,0.1391600037168245,72.51999837905169,1.0,0.19514203069681824,1
12:05:10.620774,122,-0.9761099262892134,3.3429546010724023,1.3606443083766675,0.1391600037168245,46.11999896913767,1.0,0.20414231338345654,1
12:05:10.620774,122,-1.0460901606893107,3.452453001325953,1.340464186412479,0.1391600037168245,32.87999926507473,1.0,0.5490992863312708,1
12:05:10.620774,122,-1.0109833021772556,3.462387985817346,1.3378021153411948,0.1391600037168245,38.75999913364649,1.0,0.23218906633496936,1
12:05:10.674604,123,-0.9072468285853396,3.422507399905647,1.0449763721912182,0.2088800055789761,34.35999923199415,1.0,0.8502842126664604,1
12:05:10.674604,123,-0.8115356345654559,3.194390814623295,1.1087192321461434,0.2088800055789761,19.519999563694,1.0,4.853106933898625,1
12:05:10.674604,123,-0.7285336936954152,3.462016696784151,1.0343898879991014,0.1391600037168245,12.11999972909689,1.0,3.91058692442751,1
12:05:10.674604,123,-0.8716713936765521,3.431098986578979,1.042674263480397,0.2088800055789761,28.879999354481697,1.0,1.100787464247895,1
12:05:10.674604,123,-0.7783333613226905,3.20206935605734,1.1066617731698425,0.2088800055789761,18.11999959498644,1.0,5.104366476408284,1
12:05:10.674604,123,-0.8915993101701722,3.3634785382125445,1.061447909299107,0.2088800055789761,54.9999987706542,1.0,0.0989255846201452,1
12:05:10.674604,123,-0.836008792358684,3.439346517097833,1.0404643443383186,0.1391600037168245,23.23999948054552,1.0,1.5327946337573024,1
12:05:10.674604,123,-0.7450532553958812,3.2094268095876592,1.1046903494380436,0.2088800055789761,16.239999637007713,1.0,5.536847248968318,1
12:05:10.674604,123,-0.7861456833927227,3.42374177596352,1.1945284301252497,0.1391600037168245,29.519999340176582,1.0,1.6957807126301083,1
12:05:10.674604,123,-0.8002625908619888,3.4472491667160705,1.038346835755046,0.1391600037168245,18.519999586045746,1.0,2.145559148543742,1
12:05:10.674604,123,-0.7509514432808174,3.431165446722456,1.1925392635405183,0.1391600037168245,23.23999948054552,1.0,2.4148821858610976,1
12:05:10.674604,123,-0.764436363776668,3.454806145175348,1.0363219494796632,0.1391600037168245,14.879999667406082,1.0,2.938376970673055,1
12:05:10.674604,123,-0.7156821086537317,3.4382488017197645,1.1906412842892866,0.1391600037168245,18.639999583363533,1.0,3.3111520506684466,1
12:05:10.674604,123,-0.8212613095949224,3.415978531803812,1.196608585128489,0.1391600037168245,37.239999167621136,1.0,1.1544810865531192,1
12:05:10.674604,123,-0.8603042733398375,3.2454208148263386,1.0943909835148846,0.2088800055789761,16.759999625384808,1.0,2.0656351869030067,1
12:05:10.674604,123,-0.856294810354216,3.407876490561245,1.1987795205364786,0.1391600037168245,46.35999896377325,1.0,0.7916577220654702,1
12:05:10.674604,123,-0.84465675492467,3.186391953133235,1.1108625206227734,0.2088800055789761,19.999999552965164,1.0,4.783703417232235,1
12:05:10.674604,123,-1.1336412294182452,3.2949824432637227,1.079801382625329,0.2783200074336491,22.51999949663877,1.0,3.836456719094798,1
12:05:10.674604,123,-1.0993763830732766,3.3057671798079373,1.0769116211777243,0.2783200074336491,28.11999937146902,1.0,2.7435977654608275,1
12:05:10.674604,123,-1.1173281969159663,3.321789402349408,0.9201774651009558,0.2783200074336491,18.639999583363533,1.0,2.6822289877114933,1
12:05:10.674604,123,-1.0650016000110594,3.316220409643244,1.074110686685057,0.2783200074336491,35.11999921500683,1.0,1.8386339972969163,1
12:05:10.674604,123,-1.082392104991819,3.332413323895896,0.9173307939021228,0.2088800055789761,23.11999948322773,1.0,1.8250699938227348,1
12:05:10.674604,123,-1.0305203176811004,3.326341087455418,1.0713988592384296,0.2088800055789761,43.75999902188778,1.0,1.120575732384333,1
12:05:10.674604,123,-1.0484485998811888,3.374718618944238,1.019819600064157,0.2088800055789761,28.359999366104603,1.0,1.4981226604144289,1
12:05:10.674604,123,-1.1521525569565207,3.310828560891749,0.923114413717901,0.2783200074336491,15.239999659359457,1.0,3.729960798502461,1
12:05:10.674604,123,-1.0132625919859064,3.3846760021328715,1.017151527280035,0.2088800055789761,33.7599992454052,1.0,1.0159247239494509,1
12:05:10.674604,123,-0.961252057920365,3.345580772129287,1.0662436012674368,0.2088800055789761,59.11999867856503,1.0,0.24140478935651938,1
12:05:10.674604,123,-0.978121978193246,3.404295529020846,1.0498562282874604,0.2088800055789761,37.63999915868044,1.0,0.8969862631508503,1
12:05:10.674604,123,-0.9937315077038844,3.420013546860301,0.8905986234818495,0.2088800055789761,5.359999880194664,0.5359999880194664,1.6355879838181142,1
12:05:10.674604,123,-0.9098484021060051,3.331153409011836,1.217373266328962,0.2783200074336491,15.519999653100967,1.0,0.6237180721014203,1
12:05:10.674604,123,-0.926472007257532,3.354697855038633,1.0638006862645497,0.2088800055789761,60.11999865621328,1.0,0.07850204075817918,1
12:05:10.674604,123,-0.9427315395713608,3.4135726162293087,1.0473704402618396,0.2088800055789761,37.87999915331602,1.0,0.7820736303848613,1
12:05:10.674604,123,-0.9959359841827438,3.336128201185157,1.0687764100183146,0.2088800055789761,52.63999882340431,1.0,0.5884707487242764,1
12:05:10.727753,124,-0.8515025960451126,3.463381161238797,1.481587524478841,0.2088800055789761,21.7599995136261,1.0,2.4121202613485306,1
12:05:10.727753,124,-0.7924351287781195,3.2960780644694103,1.2248075346238405,0.2088800055789761,27.239999391138557,1.0,1.1867587167982625,1
12:05:10.727753,124,-0.8052345765577913,3.3859797305731147,1.3491157596727072,0.2088800055789761,30.119999326765537,1.0,0.5041568434634578,1
12:05:10.727753,124,-0.8166651586527887,3.471437859782207,1.4794287386104732,0.2088800055789761,22.359999500215054,1.0,2.603250047342688,1
12:05:10.727753,124,-0.830997586867214,3.532361401577775,1.470292741861614,0.0697200018621515,10.519999764859676,1.0,5.059779607431615,1
12:05:10.727753,124,-0.7585520571582113,3.3035688196207382,1.2228003928303428,0.2088800055789761,24.63999944925308,1.0,1.6245051619665287,1
12:05:10.727753,124,-0.701715730400138,3.4078154010912414,1.3432649093911833,0.2088800055789761,21.51999951899052,1.0,2.368591318073332,1
12:05:10.727753,124,-0.7245931309681027,3.3107319203599723,1.2208810457719623,0.2088800055789761,21.51999951899052,1.0,2.272812208087338,1
12:05:10.727753,124,-0.7362967917531005,3.4008702762019665,1.3451258499965977,0.2088800055789761,24.99999944120645,1.0,1.5384314476465843,1
12:05:10.727753,124,-0.8395844062887952,3.3780357988756258,1.3512443297557777,0.2088800055789761,30.51999931782484,1.0,0.29775002857866434,1
12:05:10.727753,124,-0.7708042240437579,3.393591476737975,1.3470761984348425,0.2088800055789761,27.99999937415123,1.0,0.9173378648390673,1
12:05:10.727753,124,-0.8262389575490526,3.28826040397523,1.2269022704399568,0.2088800055789761,28.879999354481697,1.0,0.9584741786168158,1
12:05:10.727753,124,-0.8445300553612004,3.2124215278038424,1.2099233688056406,0.2088800055789761,14.51999967545271,1.0,3.209266089850648,1
12:05:10.727753,124,-0.8862548838912215,3.454988367337839,1.4838363668268435,0.2088800055789761,20.239999547600743,1.0,2.4234608557640014,1
12:05:10.727753,124,-0.9939514425136968,3.2442970226340626,1.238682222966864,0.2783200074336491,18.11999959498644,1.0,2.9215735203282107,1
12:05:10.727753,124,-0.9605943630080565,3.2537368324493703,1.236152833550149,0.2783200074336491,21.239999525249004,1.0,2.1185013281866256,1
12:05:10.727753,124,-0.927141224870902,3.262853971009552,1.2337099036356656,0.2088800055789761,24.51999945193529,1.0,1.5196263496293725,1
12:05:10.727753,124,-0.9421164515628508,3.35221900006396,1.3581619201485202,0.2088800055789761,22.63999949395657,1.0,0.9080340276149532,1
12:05:10.727753,124,-0.9736178323631208,3.3619755129947007,1.465116162170529,0.2088800055789761,19.119999572634697,1.0,1.8424449475227815,1
12:05:10.727753,124,-0.8935953733880202,3.2716475266083918,1.2313536775143583,0.2088800055789761,27.239999391138557,1.0,1.1259692625452573,1
12:05:10.727753,124,-0.908028765980638,3.3611545895676542,1.3557676361571092,0.2088800055789761,26.119999416172504,1.0,0.500785952626598,1
12:05:10.727753,124,-0.8599601631164547,3.2801166198976945,1.2290843908068658,0.2088800055789761,28.879999354481697,1.0,0.9385673862560163,1
12:05:10.727753,124,-0.8738502782825744,3.369760476032022,1.353461695828828,0.2088800055789761,28.999999351799488,1.0,0.29699502217767937,1
12:05:10.781723,125,-0.7926333052631329,3.287898031431017,1.1910090377058211,0.2783200074336491,23.75999946892261,1.0,0.6391059118780613,1
12:05:10.781723,125,-0.6908380720773895,3.2828858308178845,1.0843522627355306,0.2783200074336491,15.87999964505434,1.0,4.67647271165044,1
12:05:10.781723,125,-0.7247743411574864,3.302555552037524,1.187081566896265,0.2783200074336491,18.639999583363533,1.0,2.3304061225919224,1
12:05:10.781723,125,-0.7845734444549045,3.454212718255641,1.3354127287041369,0.2088800055789761,14.6399996727705,1.0,4.633875503808424,1
12:05:10.781723,125,-0.7723488702754671,3.3636552977921284,1.2086644114777965,0.2783200074336491,20.51999954134226,1.0,0.7479843529462475,1
12:05:10.781723,125,-0.7587417599804714,3.295390659911116,1.1890013939553925,0.2783200074336491,21.359999522566795,1.0,1.2947681865271985,1
12:05:10.781723,125,-0.8412668839516344,3.348068447268237,1.2128408954882175,0.2783200074336491,21.7599995136261,1.0,0.2820877944600832,1
12:05:10.781723,125,-0.927141224870902,3.262853971009552,1.2337099036356656,0.2783200074336491,21.51999951899052,1.0,1.5845735685227493,1
12:05:10.781723,125,-0.8756014227331665,3.339776541165425,1.2150627050321812,0.2783200074336491,20.87999953329563,1.0,0.613392285643868,1
12:05:10.781723,125,-0.8599601631164547,3.2801166198976945,1.2290843908068658,0.2783200074336491,25.23999943584204,1.0,0.32657861381018427,1
12:05:10.781723,125,-0.8443189034997428,3.2204566986299654,1.2431060765815505,0.2783200074336491,13.519999697804453,1.0,1.667624076093824,1
12:05:10.781723,125,-0.9098484021060051,3.331153409011836,1.217373266328962,0.2783200074336491,19.239999569952488,1.0,1.3152579146803371,1
12:05:10.781723,125,-0.8935953733880202,3.2716475266083918,1.2313536775143583,0.2783200074336491,23.87999946624041,1.0,0.7744966628161666,1
12:05:10.781723,125,-0.9605943630080565,3.2537368324493703,1.236152833550149,0.2783200074336491,18.759999580681324,1.0,2.7527760822225833,1
12:05:10.781723,125,-0.8264455878793369,3.2800784158538,1.1931042973848585,0.2783200074336491,25.11999943852425,1.0,0.3593911241250113,1
12:05:10.842714,126,-0.7031219273628471,3.3779077260514025,1.2048454848355414,0.2088800055789761,49.51999889314175,1.0,0.7905212026459232,1
12:05:10.842714,126,-0.6908380720773895,3.2828858308178845,1.0843522627355306,0.2088800055789761,36.11999919265509,1.0,3.8247101042610834,1
12:05:10.842714,126,-0.7606553986696477,3.541920131668697,1.429974574764568,0.2088800055789761,28.999999351799488,1.0,3.3172356760565607,1
12:05:10.842714,126,-0.7499375827959629,3.4545249398898905,1.2980966623100894,0.2088800055789761,65.63999853283167,1.0,0.380948159188173,1
12:05:10.842714,126,-0.7377722871244601,3.370948683541214,1.2067101546562402,0.2088800055789761,66.63999851047993,1.0,0.534891021125576,1
12:05:10.842714,126,-0.7845734444549045,3.454212718255641,1.3354127287041369,0.2088800055789761,69.11999845504761,1.0,0.5876838669088789,1
12:05:10.842714,126,-0.7116986447677385,3.2164624394750647,1.102805158091469,0.2088800055789761,21.51999951899052,1.0,3.3810909112668828,1
12:05:10.842714,126,-0.7963044262901804,3.534400530646213,1.431989445785947,0.2088800055789761,27.519999384880062,1.0,3.133947194274806,1
12:05:10.842714,126,-0.7147158653417657,3.4615987316407386,1.2962012455230236,0.2088800055789761,55.23999876528978,1.0,0.6622494898554828,1
12:05:10.842714,126,-0.7723488702754671,3.3636552977921284,1.2086644114777965,0.2088800055789761,84.51999811083078,1.0,0.40550964667860745,1
12:05:10.842714,126,-0.7587417599804714,3.295390659911116,1.1890013939553925,0.2088800055789761,63.35999858379364,1.0,0.8058185700379982,1
12:05:10.842714,126,-0.7449414964811861,3.2354529290011578,1.203752123454263,0.1391600037168245,24.879999443888664,1.0,0.7786571310589414,1
12:05:10.842714,126,-0.7247743411574864,3.302555552037524,1.187081566896265,0.2088800055789761,48.35999891906977,1.0,0.9335201836619587,1
12:05:10.842714,126,-0.724930306146526,3.549095019296394,1.4280520694189427,0.2088800055789761,28.23999936878681,1.0,3.6360834986453354,1
12:05:10.842714,126,-0.6891327212001367,3.5559244760465503,1.4262221219979951,0.2088800055789761,25.51999942958355,1.0,4.090606988078447,1
12:05:10.842714,126,-0.6685684134173822,3.376210043344734,1.16865544252618,0.2088800055789761,36.51999918371439,1.0,1.665128638894303,1
12:05:10.842714,126,-0.6794226768998238,3.468331959717446,1.2943970824974151,0.2088800055789761,43.5199990272522,1.0,1.0745782320969324,1
12:05:10.842714,126,-0.6225442288869436,3.2955725522707637,1.0809528659676333,0.2088800055789761,20.87999953329563,1.0,4.6344574294465914,1
12:05:10.842714,126,-0.6337722026366434,3.3824999177982096,1.166970075745878,0.2088800055789761,27.239999391138557,1.0,2.1637420224110464,1
12:05:10.842714,126,-0.6440615467594129,3.474723950802847,1.2926843536480552,0.2088800055789761,33.359999254345894,1.0,1.618007163074531,1
12:05:10.842714,126,-0.6532662235589834,3.5624078189792128,1.4244849154949342,0.2088800055789761,21.99999950826168,1.0,4.680877984129221,1
12:05:10.842714,126,-0.5883022174661815,3.301420540144377,1.0793859023395511,0.2088800055789761,16.359999634325504,1.0,5.221429199747666,1
12:05:10.842714,126,-0.5989126151666155,3.3884533777833408,1.1653748509506912,0.2088800055789761,20.87999953329563,1.0,2.7885755084200814,1
12:05:10.842714,126,-0.537605898829538,3.491846281170836,1.2880964390534135,0.2088800055789761,15.87999964505434,1.0,4.034974519992398,1
12:05:10.842714,126,-0.617334399842781,3.568544399765521,1.4228406236289546,0.2088800055789761,18.35999958962202,1.0,5.406923786207951,1
12:05:10.842714,126,-0.5639931369368407,3.394069827959116,1.1638699276617626,0.2088800055789761,16.359999634325504,1.0,3.539618687186884,1
12:05:10.842714,126,-0.5731496121572449,3.486481699412047,1.289533874403412,0.2088800055789761,19.999999552965164,1.0,3.0982406175963093,1
12:05:10.842714,126,-0.5813408432037979,3.5743336047525363,1.4212894108278655,0.2088800055789761,15.119999662041664,1.0,6.268727116102685,1
12:05:10.842714,126,-0.8318738241352285,3.526536968182742,1.4340964809976655,0.2088800055789761,24.35999945551157,1.0,3.0860573119134727,1
12:05:10.842714,126,-0.6567239864063849,3.2893941098822443,1.082608374616119,0.2088800055789761,27.239999391138557,1.0,4.168895011470178,1
12:05:10.842714,126,-0.8196188417466016,3.446465000066513,1.3374887235360975,0.1391600037168245,63.51999858021736,1.0,0.5586811535078091,1
12:05:10.842714,126,-0.6086360110039212,3.480774065703187,1.2910632302463934,0.2088800055789761,25.63999942690134,1.0,2.292565850796265,1
12:05:10.842714,126,-0.7926333052631329,3.287898031431017,1.1910090377058211,0.2088800055789761,77.11999827623367,1.0,0.8000077006465143,1
12:05:10.842714,126,-0.8068482191865209,3.3560282981366107,1.2107080598761648,0.1391600037168245,93.51999790966512,1.0,0.40222155927124037,1
12:05:10.842714,126,-1.0258222913769444,3.2571779359887434,1.3431226000262717,0.1391600037168245,20.51999954134226,1.0,3.341181631874034,1
12:05:10.842714,126,-1.0438006556593518,3.323443113142279,1.365872395810674,0.1391600037168245,17.999999597668648,1.0,3.7953640907339423,1
12:05:10.842714,126,-0.9758731021142744,3.185288600870841,1.2525293399754465,0.1391600037168245,19.759999558329586,1.0,2.6603268448180235,1
12:05:10.842714,126,-0.9939514425136968,3.2442970226340626,1.238682222966864,0.1391600037168245,26.239999413490292,1.0,2.7906275667034377,1
12:05:10.842714,126,-1.0100057908407327,3.33336231902512,1.363214552604809,0.1391600037168245,22.75999949127436,1.0,2.954149306480825,1
12:05:10.842714,126,-0.9605943630080565,3.2537368324493703,1.236152833550149,0.1391600037168245,34.23999923467636,1.0,2.077528396601958,1
12:05:10.842714,126,-0.9761099262892134,3.3429546010724023,1.3606443083766675,0.1391600037168245,29.519999340176582,1.0,2.2375834576038622,1
12:05:10.842714,126,-0.9935466142332344,3.402671293444874,1.3492232118589311,0.1391600037168245,19.519999563694,1.0,2.36889582640447,1
12:05:10.842714,126,-0.9102780523408992,3.2035080289056403,1.247647458946965,0.1391600037168245,26.239999413490292,1.0,1.4183231750972387,1
12:05:10.842714,126,-0.927141224870902,3.262853971009552,1.2337099036356656,0.1391600037168245,45.35999898612499,1.0,1.4848277301526682,1
12:05:10.842714,126,-0.9427298958807104,3.3452152642481785,1.3234595853192783,0.1391600037168245,38.99999912828207,1.0,1.3071782330249666,1
12:05:10.842714,126,-0.9589458988724182,3.412101186536895,1.3466964796202123,0.1391600037168245,24.63999944925308,1.0,1.747181504524461,1
12:05:10.842714,126,-0.8773423446700355,3.212141644204946,1.245334088699755,0.1391600037168245,28.879999354481697,1.0,0.9725445636560073,1
12:05:10.842714,126,-0.9431227329691608,3.1945567160863444,1.250045955988094,0.1391600037168245,22.99999948590994,1.0,1.9810416609883439,1
12:05:10.842714,126,-0.9086200146378712,3.354156672020516,1.3210637423274831,0.1391600037168245,52.51999882608652,1.0,0.8328010609966098,1
12:05:10.842714,126,-0.8935953733880202,3.2716475266083918,1.2313536775143583,0.1391600037168245,59.51999866962433,1.0,1.0129135923417576,1
12:05:10.842714,126,-0.7782166103507265,3.228096579098016,1.2057232514700504,0.1391600037168245,27.87999937683344,1.0,0.7619087871023846,1
12:05:10.842714,126,-0.8695801493928077,3.498722525856566,1.3280663046803292,0.1391600037168245,20.63999953866005,1.0,0.7818181207155346,1
12:05:10.842714,126,-0.8545822778408014,3.4383791623660964,1.3396553172180532,0.1391600037168245,52.63999882340431,1.0,0.6603946246356096,1
12:05:10.842714,126,-0.8262389575490526,3.28826040397523,1.2269022704399568,0.1391600037168245,81.87999816983938,1.0,0.43279922491956135,1
12:05:10.842714,126,-0.8114139032112224,3.2204191894547334,1.2077804018249472,0.1391600037168245,29.879999332129955,1.0,0.8629778046832117,1
12:05:10.842714,126,-0.905070234563799,3.490151551430751,1.3303628903560742,0.1391600037168245,16.99999962002039,1.0,1.0327098386727775,1
12:05:10.842714,126,-0.8412668839516344,3.348068447268237,1.2128408954882175,0.1391600037168245,86.63999806344509,1.0,0.5248296662906027,1
12:05:10.842714,126,-0.8894602564231867,3.4299560137313865,1.341912293092451,0.1391600037168245,41.23999907821417,1.0,0.8925805826868196,1
12:05:10.842714,126,-0.8752948881605404,3.347775445009703,1.2495533450052951,0.1391600037168245,69.75999844074249,1.0,0.4512955456171171,1
12:05:10.842714,126,-0.8599601631164547,3.2801166198976945,1.2290843908068658,0.1391600037168245,73.99999834597111,1.0,0.6621344836972748,1
12:05:10.842714,126,-0.8445300553612004,3.2124215278038424,1.2099233688056406,0.1391600037168245,30.23999932408333,1.0,1.0816435474622415,1
12:05:10.842714,126,-0.9404698134696023,3.4812382033727265,1.3327512147700795,0.1391600037168245,13.999999687075617,1.0,1.4178745238003694,1
12:05:10.842714,126,-0.9242492897251204,3.42119639647019,1.3442594254635944,0.1391600037168245,31.75999929010868,1.0,1.2549525703458428,1
12:05:10.893712,127,-0.6450935587947363,3.442923025840499,1.152089289836375,0.0697200018621515,31.239999301731583,1.0,0.7182951128221112,1
12:05:10.893712,127,-0.7392713699993264,3.590200776649185,1.3081166216921447,0.0697200018621515,11.119999751448631,1.0,4.327532584546266,1
12:05:10.893712,127,-0.6686687145559761,3.349222773419283,1.0659225312500429,0.0697200018621515,22.99999948590994,1.0,2.3757170697658774,1
12:05:10.893712,127,-0.6803412064153798,3.444991132625879,1.1888346821678897,0.0697200018621515,36.999999172985554,1.0,0.28093012933412165,1
12:05:10.893712,127,-0.6913465071756045,3.529200993139235,1.2820137904518996,0.0697200018621515,32.63999927043915,1.0,1.4615680733182743,1
12:05:10.893712,127,-0.63386728351731,3.3555135915032936,1.0642369116247008,0.0697200018621515,20.119999550282955,1.0,2.8001702395069157,1
12:05:10.893712,127,-0.7272590891161461,3.522349597283435,1.2838496164384874,0.0697200018621515,34.759999223053455,1.0,1.2384688199736535,1
12:05:10.893712,127,-0.6562507961860654,3.51196349916168,1.1728536325889287,0.0697200018621515,28.879999354481697,1.0,1.3363327579595532,1
12:05:10.893712,127,-0.6201548110091339,3.518128116099832,1.1712018284587034,0.0697200018621515,24.63999944925308,1.0,1.910521899847384,1
12:05:10.893712,127,-0.5741541222846464,3.4272329861417545,1.044364956462583,0.0697200018621515,20.999999530613422,1.0,2.5622004544158723,1
12:05:10.893712,127,-0.5839968108706678,3.5239437701854137,1.1696435286430131,0.0697200018621515,20.63999953866005,1.0,2.678719562037938,1
12:05:10.893712,127,-0.5028882524382546,3.437636763161609,1.0415772728118795,0.0697200018621515,17.11999961733818,1.0,4.732298805901884,1
12:05:10.893712,127,-0.5115092346278841,3.534525898510868,1.166808055904005,0.0697200018621515,17.11999961733818,1.0,4.801414414576604,1
12:05:10.893712,127,-0.7156821086537317,3.4382488017197645,1.1906412842892866,0.0697200018621515,41.63999906927347,1.0,0.05481654072022085,1
12:05:10.893712,127,-0.6096112589311536,3.4489828351425995,1.1504655688275904,0.0697200018621515,25.75999942421913,1.0,1.328289475337148,1
12:05:10.893712,127,-0.7034032792833981,3.3425961194733067,1.0676981378233874,0.0697200018621515,25.51999942958355,1.0,2.1534928643519198,1
12:05:10.893712,127,-0.834003106935412,3.5069502695599115,1.3258616873994875,0.0697200018621515,28.639999359846115,1.0,1.945176511486757,1
12:05:10.893712,127,-0.7509514432808174,3.431165446722456,1.1925392635405183,0.0697200018621515,43.35999903082848,1.0,0.024385172456230144,1
12:05:10.893712,127,-0.763098945757074,3.515151660879912,1.285778297684982,0.0697200018621515,34.639999225735664,1.0,1.2055628268749534,1
12:05:10.893712,127,-0.9242492897251204,3.42119639647019,1.3442594254635944,0.0697200018621515,21.239999525249004,1.0,3.033523089733622,1
12:05:10.893712,127,-0.8756014227331665,3.339776541165425,1.2150627050321812,0.0697200018621515,20.87999953329563,1.0,2.9258023465892076,1
12:05:10.893712,127,-0.8894602564231867,3.4299560137313865,1.341912293092451,0.0697200018621515,25.999999418854717,1.0,2.1466116208467323,1
12:05:10.893712,127,-0.905070234563799,3.490151551430751,1.3303628903560742,0.0697200018621515,20.51999954134226,1.0,3.175607489969978,1
12:05:10.893712,127,-0.8545822778408014,3.4383791623660964,1.3396553172180532,0.0697200018621515,31.5199992954731,1.0,1.4519068527062418,1
12:05:10.893712,127,-0.8695801493928077,3.498722525856566,1.3280663046803292,0.0697200018621515,24.51999945193529,1.0,2.466337588341145,1
12:05:10.893712,127,-0.8412668839516344,3.348068447268237,1.2128408954882175,0.0697200018621515,23.75999946892261,1.0,2.194457017419502,1
12:05:10.893712,127,-0.8068482191865209,3.3560282981366107,1.2107080598761648,0.0697200018621515,25.999999418854717,1.0,1.6610843354193991,1
12:05:10.893712,127,-0.8201525236714273,3.439358528844114,1.3021604899018837,0.0697200018621515,37.11999917030335,1.0,0.7486394425190909,1
12:05:10.893712,127,-0.7725420234797569,3.3553283908210734,1.1742506644565225,0.0697200018621515,27.239999391138557,1.0,1.4531588432581963,1
12:05:10.893712,127,-0.785084307120179,3.447111291838151,1.3000831433185214,0.0697200018621515,41.75999906659126,1.0,0.42629582705242375,1
12:05:10.893712,127,-0.7983426648660513,3.514833959773308,1.323749258973431,0.0697200018621515,32.35999927669764,1.0,1.612376575287521,1
12:05:10.893712,127,-0.7379567932288627,3.3626236005397168,1.172295918903796,0.0697200018621515,27.119999393820763,1.0,1.3053816251497747,1
12:05:10.893712,127,-0.7927522190816889,3.2613886463174637,1.0901124159619615,0.0697200018621515,9.119999796152117,0.9119999796152116,6.029371500963168,1
12:05:10.950392,128,-0.6567239864063849,3.2893941098822443,1.082608374616119,-0.0697200018621515,36.999999172985554,1.0,1.5272297266957764,1
12:05:10.950392,128,-0.7248830745199708,3.276048365900136,1.0861843559385176,-0.0697200018621515,48.51999891549349,1.0,1.313823879337832,1
12:05:10.950392,128,-0.7380675042722032,3.3356342923252065,1.069563553785566,0.0697200018621515,56.11999874562025,1.0,0.2746183189884532,1
12:05:10.950392,128,-0.7511392453002389,3.3853827819354816,1.0182716832973062,0.0697200018621515,34.23999923467636,1.0,1.8715739308715753,1
12:05:10.950392,128,-0.6908380720773895,3.2828858308178845,1.0843522627355306,-0.0697200018621515,43.87999901920557,1.0,1.246307045729075,1
12:05:10.950392,128,-0.7032977679169067,3.3329302848459648,1.0336358246280448,0.0697200018621515,50.35999887436628,1.0,0.4119751777507866,1
12:05:10.950392,128,-0.7151094675296927,3.3609210503146323,0.9129648686115408,-0.0697200018621515,31.119999304413795,1.0,0.9650637258977683,1
12:05:10.950392,128,-0.6685684134173822,3.33955594478561,1.0318604843978938,0.0697200018621515,41.75999906659126,1.0,1.0753287659785977,1
12:05:10.950392,128,-0.5539182754212705,3.2974407114279383,1.044454764259737,-0.0697200018621515,19.35999956727028,1.0,3.900793719340352,1
12:05:10.950392,128,-0.6224508464785503,3.2860774797441,1.0474995330128292,-0.0697200018621515,30.119999326765537,1.0,2.2124732182924265,1
12:05:10.950392,128,-0.6331067695774388,3.3148390460398063,0.9285852014239536,-0.0697200018621515,33.2399992570281,1.0,1.8159228066095738,1
12:05:10.950392,128,-0.6444162388073401,3.3740534976848022,0.9094460399440596,-0.0697200018621515,22.51999949663877,1.0,2.179909061404267,1
12:05:10.950392,128,-0.5882139714020773,3.291924590412261,1.04593280443124,-0.0697200018621515,24.119999460875988,1.0,2.895334881275553,1
12:05:10.950392,128,-0.5982837831477158,3.3207862551526617,0.926991651544945,-0.0697200018621515,26.119999416172504,1.0,2.2975464809179273,1
12:05:10.950392,128,-0.6089711938048062,3.3801069444525007,0.9078240237712298,-0.0697200018621515,18.639999583363533,1.0,3.2896241494323575,1
12:05:10.950392,128,-0.5634009688409208,3.3263968083017024,0.9254883083595676,-0.0697200018621515,20.63999953866005,1.0,3.1098310645247387,1
12:05:10.950392,128,-0.7863422869790421,3.377957254624604,1.0202613473436313,0.0697200018621515,35.11999921500683,1.0,1.2094515231106944,1
12:05:10.950392,128,-0.6797968427258855,3.3676579864569245,0.9111597120127536,-0.0697200018621515,26.87999939918518,1.0,1.4012655616258898,1
12:05:10.950392,128,-0.772657923128935,3.3283379881518647,1.071518592596545,0.0697200018621515,56.11999874562025,1.0,0.015654653328378332,1
12:05:10.950392,128,-0.7449414964811861,3.2354529290011578,1.203752123454263,0.0697200018621515,16.8799996227026,1.0,3.51935417679024,1
12:05:10.950392,128,-0.9605943630080565,3.2537368324493703,1.236152833550149,0.0697200018621515,15.87999964505434,1.0,5.144392152462929,1
12:05:10.950392,128,-0.978065993046952,3.312916948812396,1.2222597111122044,0.0697200018621515,16.359999634325504,1.0,3.0620697203546525,1
12:05:10.950392,128,-0.927141224870902,3.262853971009552,1.2337099036356656,0.0697200018621515,19.759999558329586,1.0,3.5581417021536295,1
12:05:10.950392,128,-0.9440043974009048,3.322199913113464,1.219772348324366,0.0697200018621515,20.51999954134226,1.0,2.2517525623816947,1
12:05:10.950392,128,-0.9611078689164736,3.3730596483996327,1.1708091254021658,0.0697200018621515,17.359999611973763,1.0,3.720457726223616,1
12:05:10.950392,128,-0.8935953733880202,3.2716475266083918,1.2313536775143583,0.0697200018621515,24.63999944925308,1.0,2.3799867319081676,1
12:05:10.950392,128,-0.9098484021060051,3.331153409011836,1.217373266328962,0.0697200018621515,25.999999418854717,1.0,1.8425754119116007,1
12:05:10.950392,128,-0.926472007257532,3.354697855038633,1.0638006862645497,0.0697200018621515,21.119999527931213,1.0,1.9682141023423068,1
12:05:10.950392,128,-0.8601752266291497,3.2719325951344693,1.1952869634682917,0.0697200018621515,30.63999931514263,1.0,1.8672541591562581,1
12:05:10.950392,128,-0.7588555892624081,3.268882398869762,1.0881044710172942,-0.0697200018621515,48.75999891012907,1.0,1.7408387658889053,1
12:05:10.950392,128,-0.8915993101701722,3.3634785382125445,1.061447909299107,0.0697200018621515,25.359999433159828,1.0,1.4509174112851149,1
12:05:10.950392,128,-0.8264455878793369,3.2800784158538,1.1931042973848585,0.0697200018621515,37.75999915599823,1.0,1.1805735871323209,1
12:05:10.950392,128,-0.8416035141210041,3.3127449006011367,1.0756967478132702,0.0697200018621515,41.51999907195568,1.0,0.5958933112872377,1
12:05:10.950392,128,-0.8566374538987781,3.371921943590058,1.0591855056468336,0.0697200018621515,29.759999334812164,1.0,1.3245706521145473,1
12:05:10.950392,128,-0.7926333052631329,3.287898031431017,1.1910090377058211,0.0697200018621515,44.519999004900455,1.0,0.8709128702313619,1
12:05:10.950392,128,-0.8071710768406872,3.3207079365775862,1.0735630587540803,0.0697200018621515,50.1199988797307,1.0,0.11875007025798631,1
12:05:10.950392,128,-0.8215899345996857,3.3800272268377105,1.0570137015461996,0.0697200018621515,33.359999254345894,1.0,1.576228179758578,1
12:05:10.950392,128,-0.875820397897099,3.3314436624650967,1.1806505581309428,0.0697200018621515,32.99999926239252,1.0,1.0863090918248464,1
12:05:11.006936,129,-0.5883022174661815,3.301420540144377,1.0793859023395511,-0.0697200018621515,25.51999942958355,1.0,4.2180191020692135,1
12:05:11.006936,129,-0.6549383383598198,3.542912936186396,1.3162255199192516,-0.0697200018621515,42.9999990388751,1.0,2.083590121248794,1
12:05:11.006936,129,-0.6449322706263767,3.45139176521336,1.187119637835026,-0.0697200018621515,67.99999848008156,1.0,1.183346895689779,1
12:05:11.006936,129,-0.6337722026366434,3.3824999177982096,1.166970075745878,-0.0697200018621515,52.51999882608652,1.0,0.7539216111938409,1
12:05:11.006936,129,-0.6685684134173822,3.376210043344734,1.16865544252618,-0.0697200018621515,64.87999854981899,1.0,0.6580699111066544,1
12:05:11.006936,129,-0.6908966406885524,3.536412998344512,1.3179671730148368,-0.0697200018621515,40.8799990862608,1.0,2.0456010030734335,1
12:05:11.006936,129,-0.6803412064153798,3.444991132625879,1.1888346821678897,-0.0697200018621515,72.75999837368727,1.0,1.4272268072971337,1
12:05:11.006936,129,-0.5989126151666155,3.3884533777833408,1.1653748509506912,-0.0697200018621515,41.51999907195568,1.0,1.0304939111087688,1
12:05:11.006936,129,-0.6566254769918652,3.3158992941414422,1.1835061219755112,0.1391600037168245,41.35999907553196,1.0,2.2258870023457624,1
12:05:11.006936,129,-0.7267858539320501,3.5295660607644863,1.319801804410031,-0.0697200018621515,35.759999200701714,1.0,2.1855878422184105,1
12:05:11.006936,129,-0.6224508464785503,3.32207680975592,1.1818508616553811,0.1391600037168245,32.51999927312136,1.0,2.8346453513453,1
12:05:11.006936,129,-0.6094588421506356,3.4574500594243083,1.185496322793692,-0.0697200018621515,58.11999870091677,1.0,1.1110289053308646,1
12:05:11.006936,129,-0.5739244683012847,3.46316540943438,1.1839648993740322,-0.0697200018621515,47.11999894678593,1.0,1.2198521238917135,1
12:05:11.006936,129,-0.6279396400609542,3.62984872785475,1.412925553559727,-0.0697200018621515,6.8799998462200165,0.6879999846220016,7.544283644427276,1
12:05:11.006936,129,-0.5540013763165532,3.306937488709198,1.0779076404269237,-0.0697200018621515,20.239999547600743,1.0,4.668353660652119,1
12:05:11.006936,129,-0.5640777493005998,3.367085237425476,1.0611362984447532,-0.0697200018621515,32.75999926775694,1.0,5.421418620791697,1
12:05:11.006936,129,-0.5828288561963509,3.55486924746706,1.3130218359671426,-0.0697200018621515,36.35999918729067,1.0,2.7318661914113145,1
12:05:11.006936,129,-0.4940625915151915,3.377306428735978,1.0583975384874202,-0.0697200018621515,25.999999418854717,1.0,5.733142423901376,1
12:05:11.006936,129,-0.5026871038513584,3.473565025082328,1.1811783307595705,-0.0697200018621515,37.35999916493893,1.0,2.020872691714255,1
12:05:11.006936,129,-0.5466848872494176,3.5603244252847306,1.3115601254763294,-0.0697200018621515,30.51999931782484,1.0,3.362187663631764,1
12:05:11.006936,129,-0.7156821086537317,3.4382488017197645,1.1906412842892866,0.1391600037168245,69.75999844074249,1.0,1.8334218012857812,1
12:05:11.006936,129,-0.4742365650967857,3.5701860977632425,1.308917698299692,-0.0697200018621515,24.879999443888664,1.0,5.287779369196379,1
12:05:11.006936,129,-0.4312486712712851,3.4825864524497896,1.178761046581883,-0.0697200018621515,23.639999471604824,1.0,3.6695057251629564,1
12:05:11.006936,129,-0.4379394566626052,3.574591606265098,1.3077372458543717,-0.0697200018621515,20.119999550282955,1.0,6.605058402130204,1
12:05:11.006936,129,-0.6189145427459591,3.549065224301797,1.3145770192871262,-0.0697200018621515,41.11999908089638,1.0,2.309062239946892,1
12:05:11.006936,129,-0.4669912369275453,3.478248250767352,1.1799234642192955,-0.0697200018621515,29.639999337494373,1.0,2.733846927524319,1
12:05:11.006936,129,-0.7032977679169067,3.3695843834050887,1.1704307827563314,0.1391600037168245,75.51999831199646,1.0,0.7340423584757456,1
12:05:11.006936,129,-0.7626023891990561,3.5223728081343397,1.321729230643232,-0.0697200018621515,29.639999337494373,1.0,2.494390139428524,1
12:05:11.006936,129,-0.9592974633545012,3.276353359138876,1.337984560878669,0.1391600037168245,20.63999953866005,1.0,7.477661335484979,1
12:05:11.006936,129,-0.9258894903410776,3.2854581886388585,1.3355449291669252,0.1391600037168245,26.119999416172504,1.0,7.118741352616153,1
12:05:11.006936,129,-0.6907344455076022,3.309391991327034,1.1852497485095368,0.1391600037168245,51.759998843073845,1.0,1.8055796318368453,1
12:05:11.006936,129,-0.8935953733880202,3.2716475266083918,1.2313536775143583,0.1391600037168245,33.359999254345894,1.0,2.680831310995363,1
12:05:11.006936,129,-0.9086200146378712,3.354156672020516,1.3210637423274831,0.1391600037168245,32.63999927043915,1.0,3.0707012822886766,1
12:05:11.006936,129,-0.8599601631164547,3.2801166198976945,1.2290843908068658,0.1391600037168245,42.63999904692173,1.0,2.2589184381968845,1
12:05:11.006936,129,-0.8756014227331665,3.339776541165425,1.2150627050321812,0.1391600037168245,41.35999907553196,1.0,2.0577112602940972,1
12:05:11.006936,129,-0.8900394144873086,3.4228387929420485,1.3065869397960177,0.1391600037168245,25.11999943852425,1.0,2.44685667201173,1
12:05:11.006936,129,-0.8262389575490526,3.28826040397523,1.2269022704399568,0.1391600037168245,52.999998815357685,1.0,1.988328184295058,1
12:05:11.006936,129,-0.8412668839516344,3.348068447268237,1.2128408954882175,0.1391600037168245,52.3599988296628,1.0,1.3840206654587077,1
12:05:11.006936,129,-0.856294810354216,3.407876490561245,1.1987795205364786,0.1391600037168245,31.5199992954731,1.0,4.908304974369664,1
12:05:11.006936,129,-0.8695801493928077,3.498722525856566,1.3280663046803292,0.1391600037168245,15.519999653100967,1.0,4.34737773304589,1
12:05:11.006936,129,-0.9427298958807104,3.3452152642481785,1.3234595853192783,0.1391600037168245,25.999999418854717,1.0,3.619910819919597,1
12:05:11.006936,129,-0.7924351287781195,3.2960780644694103,1.2248075346238405,0.1391600037168245,61.87999861687422,1.0,1.8756535735399942,1
12:05:11.006936,129,-0.7780220383697181,3.2361278308022103,1.238907009371516,0.1391600037168245,22.63999949395657,1.0,7.014656773046764,1
12:05:11.006936,129,-0.7377722871244601,3.370948683541214,1.2067101546562402,0.1391600037168245,79.75999821722507,1.0,0.23180642851662575,1
12:05:11.006936,129,-0.7247743411574864,3.302555552037524,1.187081566896265,0.1391600037168245,60.99999863654375,1.0,1.5655036682269414,1
12:05:11.006936,129,-0.7983426648660513,3.514833959773308,1.323749258973431,-0.0697200018621515,23.9999994635582,1.0,2.9631985139162667,1
12:05:11.006936,129,-0.7861456833927227,3.42374177596352,1.1945284301252497,0.1391600037168245,49.87999888509512,1.0,3.097459431139842,1
12:05:11.006936,129,-0.7509514432808174,3.431165446722456,1.1925392635405183,0.1391600037168245,60.75999864190817,1.0,2.393022101125858,1
12:05:11.006936,129,-0.7585520571582113,3.3035688196207382,1.2228003928303428,0.1391600037168245,65.11999854445457,1.0,1.9278159396801073,1
12:05:11.006936,129,-0.834003106935412,3.5069502695599115,1.3258616873994875,-0.0697200018621515,19.239999569952488,1.0,3.583559095575706,1
12:05:11.006936,129,-0.8212613095949224,3.415978531803812,1.196608585128489,0.1391600037168245,39.759999111294746,1.0,3.9385112781354965,1
12:05:11.006936,129,-0.8068482191865209,3.3560282981366107,1.2107080598761648,0.1391600037168245,64.63999855518341,1.0,0.8502717419028686,1
12:05:11.006936,129,-0.7723488702754671,3.3636552977921284,1.2086644114777965,0.1391600037168245,75.23999831825495,1.0,0.4636815818785341,1
12:05:11.059459,130,-0.5882139714020773,3.4266857405960125,0.0695453651750404,0.1391600037168245,24.63999944925308,1.0,3.387893363383363,1
12:05:11.059459,130,-0.6684012559975737,3.475467116649141,0.1062065700133381,0.1391600037168245,53.11999881267548,1.0,0.32725853715560294,1
12:05:11.059459,130,-0.6789805693752929,3.530476073366486,0.2520740281522536,0.1391600037168245,47.51999893784523,1.0,0.640214844046922,1
12:05:11.059459,130,-0.6884068373516438,3.579489572504269,0.4025844839047242,-0.0697200018621515,21.51999951899052,1.0,3.752453715406703,1
12:05:11.059459,130,-0.6224508464785503,3.4206323661970437,0.0695453651750404,0.1391600037168245,29.999999329447743,1.0,2.5149570696277457,1
12:05:11.059459,130,-0.6327583023552694,3.477276223916125,0.2123175612866649,-0.1391600037168245,45.639998979866505,1.0,0.3428109539471824,1
12:05:11.059459,130,-0.6419991736877977,3.5280587455413057,0.3597996426694104,-0.1391600037168245,49.359998896718025,1.0,1.138503436010448,1
12:05:11.059459,130,-0.6525781189517582,3.586194553010848,0.4025844839047242,-0.0697200018621515,23.87999946624041,1.0,3.3633555134677433,1
12:05:11.059459,130,-0.5979544827863856,3.4834298389845,0.2123175612866649,-0.1391600037168245,37.63999915868044,1.0,0.8296865942062994,1
12:05:11.059459,130,-0.4643777420648305,3.551990813720939,0.3956410062015478,-0.1391600037168245,27.759999379515648,1.0,4.093738731110883,1
12:05:11.059459,130,-0.616684143286708,3.5925409170666414,0.4025844839047242,-0.0697200018621515,25.63999942690134,1.0,3.20243636603092,1
12:05:11.059459,130,-0.5540013763165532,3.4329113902687625,-0.0347744212940179,0.1391600037168245,20.119999550282955,1.0,6.245536600689996,1
12:05:11.059459,130,-0.5630908682701901,3.489235113987396,0.2123175612866649,-0.1391600037168245,30.63999931514263,1.0,1.5522436310307208,1
12:05:11.059459,130,-0.5713143087890075,3.540192284548856,0.3597996426694104,-0.1391600037168245,44.11999901384115,1.0,1.5715804597654488,1
12:05:11.059459,130,-0.5281709451389253,3.494691468402177,0.2123175612866649,-0.1391600037168245,24.879999443888664,1.0,2.5139038621674508,1
12:05:11.059459,130,-0.5358844112877555,3.5457283241592386,0.3597996426694104,-0.1391600037168245,38.75999913364649,1.0,2.1418298527082347,1
12:05:11.059459,130,-0.4998738387200636,3.547169515747229,0.3956410062015478,-0.1391600037168245,32.99999926239252,1.0,3.0822350674099273,1
12:05:11.059459,130,-0.6566254769918652,3.414236931427263,0.0695453651750404,0.1391600037168245,35.879999198019505,1.0,1.8766185481219622,1
12:05:11.059459,130,-0.606687075338028,3.534302228675993,0.3597996426694104,-0.1391600037168245,48.119998924434185,1.0,1.2383261635211713,1
12:05:11.059459,130,-0.5807284997239874,3.598528030040563,0.4025844839047242,-0.0697200018621515,26.359999410808086,1.0,3.2733349941196948,1
12:05:11.059459,130,-0.714250792166094,3.523509858662601,0.2520740281522536,0.1391600037168245,42.9999990388751,1.0,0.8627119863677533,1
12:05:11.059459,130,-0.8935953733880202,3.3591091476730948,0.1043093545778107,0.1391600037168245,22.99999948590994,1.0,3.791289016074623,1
12:05:11.059459,130,-0.9098484021060051,3.4202058129758472,0.1062065700133381,0.1391600037168245,24.63999944925308,1.0,3.7939174048896698,1
12:05:11.059459,130,-0.8599601631164547,3.367876998225181,0.1043093545778107,0.1391600037168245,27.99999937415123,1.0,2.8251617808875995,1
12:05:11.059459,130,-0.8756014227331665,3.4291331362949857,0.1062065700133381,0.1391600037168245,30.35999932140112,1.0,2.6489759941210735,1
12:05:11.059459,130,-0.8262389575490526,3.376308063899057,0.1043093545778107,0.1391600037168245,33.7599992454052,1.0,2.072706144199378,1
12:05:11.059459,130,-0.8412668839516344,3.4377175491734246,0.1062065700133381,0.1391600037168245,37.51999916136265,1.0,1.7157218876822176,1
12:05:11.059459,130,-0.7924351287781195,3.3844015015952147,0.1043093545778107,0.1391600037168245,39.35999912023544,1.0,1.5366599561686018,1
12:05:11.059459,130,-0.8068482191865209,3.4459581931770686,0.1062065700133381,0.1391600037168245,45.51999898254872,1.0,0.997008753071319,1
12:05:11.059459,130,-0.8196188417466016,3.50050008890964,0.2520740281522536,0.1391600037168245,26.519999407231808,1.0,2.860781947691404,1
12:05:11.059459,130,-0.7585520571582113,3.392156501976668,0.1043093545778107,0.1391600037168245,43.239999033510685,1.0,1.2198331463953311,1
12:05:11.059459,130,-0.7723488702754671,3.4538542442484217,0.1062065700133381,0.1391600037168245,52.999998815357685,1.0,0.49576596431097136,1
12:05:11.059459,130,-0.7845734444549045,3.508521117003374,0.2520740281522536,0.1391600037168245,31.63999929279089,1.0,1.9762451343222183,1
12:05:11.059459,130,-0.7245931309681027,3.3995722895498752,0.1043093545778107,0.1391600037168245,43.87999901920557,1.0,1.1251063404373531,1
12:05:11.059459,130,-0.7377722871244601,3.4614049127889928,0.1062065700133381,0.1391600037168245,57.87999870628119,1.0,0.21499716604999058,1
12:05:11.059459,130,-0.7494495904760783,3.51619129592485,0.2520740281522536,0.1391600037168245,37.35999916493893,1.0,1.3091510382427483,1
12:05:11.059459,130,-0.6907344455076022,3.40750007582479,0.0695453651750404,0.1391600037168245,40.99999908357859,1.0,1.4697323725438083,1
12:05:11.059459,130,-0.7031219273628471,3.468609443738252,0.1062065700133381,0.1391600037168245,57.87999870628119,1.0,0.1577787918326031,1
12:05:11.059459,130,-0.7447552440409555,3.3304587597049142,0.1024121391422833,0.1391600037168245,12.23999972641468,1.0,3.665517672275223,1
12:05:11.115035,131,-0.5990024662813466,3.3614679446488,1.062641447507913,0.1391600037168245,39.99999910593033,1.0,0.7649184487994065,1
12:05:11.115035,131,-0.5883022174661815,3.301420540144377,1.0793859023395511,0.1391600037168245,23.519999474287037,1.0,2.103979040314342,1
12:05:11.115035,131,-0.63386728351731,3.3555135915032936,1.0642369116247008,0.1391600037168245,50.1199988797307,1.0,0.43926149961849753,1
12:05:11.115035,131,-0.6449322706263767,3.45139176521336,1.187119637835026,-0.1391600037168245,45.11999899148941,1.0,1.4405434404841357,1
12:05:11.115035,131,-0.6094588421506356,3.4574500594243083,1.185496322793692,-0.1391600037168245,40.639999091625214,1.0,1.6444782865318146,1
12:05:11.115035,131,-0.4852369305921283,3.3169760943103483,1.075217804162961,0.1391600037168245,15.239999659359457,1.0,4.2345460800764245,1
12:05:11.115035,131,-0.5640777493005998,3.367085237425476,1.0611362984447532,0.1391600037168245,31.239999301731583,1.0,1.2459356965694477,1
12:05:11.115035,131,-0.5739244683012847,3.46316540943438,1.1839648993740322,-0.1391600037168245,34.639999225735664,1.0,1.9970038713661717,1
12:05:11.115035,131,-0.4940625915151915,3.377306428735978,1.0583975384874202,-0.1391600037168245,24.51999945193529,1.0,2.6794105950818143,1
12:05:11.115035,131,-0.5026871038513584,3.473565025082328,1.1811783307595705,-0.1391600037168245,28.639999359846115,1.0,3.1534349071278664,1
12:05:11.115035,131,-0.4589791521676498,3.3819093051592373,1.0571642014669478,-0.1391600037168245,19.35999956727028,1.0,3.634638921173842,1
12:05:11.115035,131,-0.4669912369275453,3.478248250767352,1.1799234642192955,-0.1391600037168245,23.35999947786331,1.0,3.9602413616888756,1
12:05:11.115035,131,-0.6803412064153798,3.444991132625879,1.1888346821678897,-0.1391600037168245,46.35999896377325,1.0,1.3838470881759661,1
12:05:11.115035,131,-0.5540013763165532,3.306937488709198,1.0779076404269237,0.1391600037168245,18.879999577999115,1.0,2.6568066434632054,1
12:05:11.115035,131,-0.6686687145559761,3.349222773419283,1.0659225312500429,0.1391600037168245,59.239998675882816,1.0,0.2676714722624549,1
12:05:11.115035,131,-0.6225442288869436,3.2955725522707637,1.0809528659676333,0.1391600037168245,28.999999351799488,1.0,1.7068016392202754,1
12:05:11.115035,131,-0.7158610903262109,3.429776775483143,1.155611817003126,0.0697200018621515,43.99999901652336,1.0,0.932916071839323,1
12:05:11.115035,131,-0.6567239864063849,3.2893941098822443,1.082608374616119,0.1391600037168245,34.51999922841787,1.0,1.4640351640862623,1
12:05:11.115035,131,-0.8935953733880202,3.2716475266083918,1.2313536775143583,0.1391600037168245,16.239999637007713,1.0,3.183459839198215,1
12:05:11.115035,131,-0.91007594194072,3.322818373791741,1.182961697265454,0.1391600037168245,19.35999956727028,1.0,3.2694242748165907,1
12:05:11.115035,131,-0.8599601631164547,3.2801166198976945,1.2290843908068658,0.1391600037168245,20.359999544918537,1.0,2.3803042125741882,1
12:05:11.115035,131,-0.875820397897099,3.3314436624650967,1.1806505581309428,0.1391600037168245,24.51999945193529,1.0,2.3975415305145775,1
12:05:11.115035,131,-0.8414772725474514,3.339737642252866,1.1784281929447702,0.1391600037168245,31.5199992954731,1.0,1.6671411614128928,1
12:05:11.115035,131,-0.8566374538987781,3.371921943590058,1.0591855056468336,0.0697200018621515,21.87999951094389,1.0,1.8816736401906864,1
12:05:11.115035,131,-0.7926333052631329,3.287898031431017,1.1910090377058211,0.1391600037168245,31.119999304413795,1.0,1.1875143252841605,1
12:05:11.115035,131,-0.8071710768406872,3.3207079365775862,1.0735630587540803,0.1391600037168245,40.3599990978837,1.0,1.0974560752331057,1
12:05:11.115035,131,-0.8215899345996857,3.3800272268377105,1.0570137015461996,0.0697200018621515,26.87999939918518,1.0,1.2301428465871513,1
12:05:11.115035,131,-0.8264455878793369,3.2800784158538,1.1931042973848585,0.1391600037168245,25.359999433159828,1.0,1.7064562939176424,1
12:05:11.115035,131,-0.772657923128935,3.3283379881518647,1.071518592596545,0.1391600037168245,50.519998870790005,1.0,0.664942884900377,1
12:05:11.115035,131,-0.7863422869790421,3.415266121731031,1.159499934957652,0.0697200018621515,32.63999927043915,1.0,1.5328538060662884,1
12:05:11.115035,131,-0.71159188908611,3.242487503535332,1.2018672148887342,0.0697200018621515,8.999999798834324,0.8999999798834324,1.9055732301045862,1
12:05:11.115035,131,-0.7247743411574864,3.302555552037524,1.187081566896265,0.1391600037168245,39.23999912291765,1.0,0.5835912152073641,1
12:05:11.115035,131,-0.7380675042722032,3.3356342923252065,1.069563553785566,0.1391600037168245,59.51999866962433,1.0,0.3817092937079174,1
12:05:11.115035,131,-0.7511392453002389,3.4226916490419086,1.157510270911327,0.0697200018621515,38.75999913364649,1.0,1.160377407295031,1
12:05:11.115035,131,-0.6908380720773895,3.2828858308178845,1.0843522627355306,0.1391600037168245,38.519999139010906,1.0,1.3744764101686597,1
12:05:11.115035,131,-0.7587417599804714,3.295390659911116,1.1890013939553925,0.1391600037168245,36.35999918729067,1.0,0.8128746691274951,1
12:05:11.115035,131,-0.7034032792833981,3.3425961194733067,1.0676981378233874,0.1391600037168245,63.11999858915806,1.0,0.24889298660789688,1
12:05:11.171378,132,-0.5540013763165532,3.306937488709198,1.0779076404269237,0.1391600037168245,17.999999597668648,1.0,3.5924398832588964,1
12:05:11.171378,132,-0.6204029639116764,3.4815627536576463,1.0291525378446356,-0.0697200018621515,31.5199992954731,1.0,1.5679386735515148,1
12:05:11.171378,132,-0.6097027150965114,3.4215153491532235,1.0458969926762742,-0.0697200018621515,47.75999893248081,1.0,0.4017717562036511,1
12:05:11.171378,132,-0.5990024662813466,3.3614679446488,1.062641447507913,-0.0697200018621515,39.11999912559986,1.0,0.9576519117541573,1
12:05:11.171378,132,-0.5883022174661815,3.301420540144377,1.0793859023395511,0.1391600037168245,21.359999522566795,1.0,3.2355791402030407,1
12:05:11.171378,132,-0.6451903381476765,3.415454630735825,1.0475209572817683,-0.0697200018621515,58.87999868392944,1.0,0.12189652959539786,1
12:05:11.171378,132,-0.6565133927780428,3.475395669968356,1.0308050029388365,-0.0697200018621515,34.51999922841787,1.0,1.2348391260596872,1
12:05:11.171378,132,-0.63386728351731,3.3555135915032936,1.0642369116247008,-0.0697200018621515,49.99999888241291,1.0,0.7293344890037565,1
12:05:11.171378,132,-0.6225442288869436,3.2955725522707637,1.0809528659676333,0.1391600037168245,24.879999443888664,1.0,3.057153004284661,1
12:05:11.171378,132,-0.5640777493005998,3.367085237425476,1.0611362984447532,-0.0697200018621515,30.23999932408333,1.0,1.3608830189644205,1
12:05:11.171378,132,-0.6676915226676097,3.524914599228017,0.9782703473820578,-0.0697200018621515,8.999999798834324,0.8999999798834324,1.9634357277950039,1
12:05:11.171378,132,-0.5741541222846464,3.4272329861417545,1.044364956462583,-0.0697200018621515,37.51999916136265,1.0,0.852798003766665,1
12:05:11.171378,132,-0.4939884815121557,3.3676353875190888,1.0243366203935422,-0.0697200018621515,23.519999474287037,1.0,3.4673988607219637,1
12:05:11.171378,132,-0.5028882524382546,3.437636763161609,1.0415772728118795,-0.0697200018621515,29.23999934643507,1.0,2.2652957870324237,1
12:05:11.171378,132,-0.5117139133613178,3.4979670975872392,1.0247570071363388,-0.0697200018621515,22.879999488592148,1.0,3.5669904489546163,1
12:05:11.171378,132,-0.4389926527205089,3.507150523752223,1.0222963155116804,-0.0697200018621515,15.519999653100967,1.0,5.726080120168892,1
12:05:11.171378,132,-0.4589103047241383,3.372237573505161,1.0231034683751563,-0.0697200018621515,18.639999583363533,1.0,4.284944270517678,1
12:05:11.171378,132,-0.4671781019310061,3.442321862823947,1.0403219041408966,-0.0697200018621515,22.99999948590994,1.0,3.2255209759302934,1
12:05:11.171378,132,-0.4753770516943624,3.502734420488657,1.0234796068148455,-0.0697200018621515,18.879999577999115,1.0,4.564255789418772,1
12:05:11.171378,132,-0.4314212340049667,3.446661800423481,1.0391590213659,-0.0697200018621515,18.35999958962202,1.0,4.354405058831321,1
12:05:11.171378,132,-0.6925581708551588,3.4688801004933603,1.03255084451789,-0.0697200018621515,35.11999921500683,1.0,1.0698018790841655,1
12:05:11.171378,132,-0.584230495268693,3.487380734858033,1.0275936144804128,-0.0697200018621515,27.239999391138557,1.0,2.068184837665659,1
12:05:11.171378,132,-0.6806134427055676,3.409051436956322,1.0492366878839663,-0.0697200018621515,67.35999849438667,1.0,0.014052510858283303,1
12:05:11.171378,132,-0.6567239864063849,3.2893941098822443,1.082608374616119,0.1391600037168245,27.87999937683344,1.0,3.0579727432833064,1
12:05:11.171378,132,-0.6686687145559761,3.349222773419283,1.0659225312500429,-0.0697200018621515,60.75999864190817,1.0,0.6767761322579913,1
12:05:11.171378,132,-0.9098484021060051,3.331153409011836,1.217373266328962,0.0697200018621515,20.999999530613422,1.0,4.551545052772483,1
12:05:11.171378,132,-0.8599601631164547,3.2801166198976945,1.2290843908068658,0.0697200018621515,17.759999603033066,1.0,2.578456527405148,1
12:05:11.171378,132,-0.8756014227331665,3.339776541165425,1.2150627050321812,0.0697200018621515,26.75999940186739,1.0,4.057104125421614,1
12:05:11.171378,132,-0.8915993101701722,3.3634785382125445,1.061447909299107,0.1391600037168245,24.879999443888664,1.0,3.0417315873717485,1
12:05:11.171378,132,-0.8262389575490526,3.28826040397523,1.2269022704399568,0.0697200018621515,21.119999527931213,1.0,2.146628326765825,1
12:05:11.171378,132,-0.8414772725474514,3.339737642252866,1.1784281929447702,0.0697200018621515,34.639999225735664,1.0,2.196199409485537,1
12:05:11.171378,132,-0.8566374538987781,3.371921943590058,1.0591855056468336,0.1391600037168245,31.63999929279089,1.0,2.093224609696108,1
12:05:11.171378,132,-0.7926333052631329,3.287898031431017,1.1910090377058211,0.0697200018621515,24.63999944925308,1.0,1.293210705427244,1
12:05:11.171378,132,-0.8071710768406872,3.3207079365775862,1.0735630587540803,0.1391600037168245,44.63999900221825,1.0,2.2444456404158233,1
12:05:11.171378,132,-0.8215899345996857,3.3800272268377105,1.0570137015461996,0.1391600037168245,40.639999091625214,1.0,1.3241548301714432,1
12:05:11.171378,132,-0.836008792358684,3.439346517097833,1.0404643443383186,-0.0697200018621515,20.999999530613422,1.0,2.1123134931794443,1
12:05:11.171378,132,-0.926472007257532,3.354697855038633,1.0638006862645497,0.1391600037168245,19.759999558329586,1.0,4.17125835617498,1
12:05:11.171378,132,-0.772657923128935,3.3283379881518647,1.071518592596545,0.1391600037168245,55.75999875366688,1.0,1.583569925939342,1
12:05:11.171378,132,-0.7587417599804714,3.295390659911116,1.1890013939553925,0.0697200018621515,27.759999379515648,1.0,1.0312823026534668,1
12:05:11.171378,132,-0.7285336936954152,3.462016696784151,1.0343898879991014,-0.0697200018621515,33.2399992570281,1.0,1.0738493289193558,1
12:05:11.171378,132,-0.7034032792833981,3.3425961194733067,1.0676981378233874,-0.0697200018621515,66.9999985024333,1.0,0.8009197913426083,1
12:05:11.171378,132,-0.6908380720773895,3.2828858308178845,1.0843522627355306,0.1391600037168245,29.639999337494373,1.0,3.23894276758502,1
12:05:11.171378,132,-0.764436363776668,3.454806145175348,1.0363219494796632,-0.0697200018621515,29.639999337494373,1.0,1.2481100796770483,1
12:05:11.171378,132,-0.7159684864894066,3.402306408128729,1.0510440129112446,-0.0697200018621515,68.75999846309423,1.0,0.07922197845404977,1
12:05:11.171378,132,-0.7380675042722032,3.3356342923252065,1.069563553785566,-0.0697200018621515,64.87999854981899,1.0,1.1028055150050657,1
12:05:11.171378,132,-0.7247743411574864,3.302555552037524,1.187081566896265,0.0697200018621515,29.639999337494373,1.0,0.9352290231760061,1
12:05:11.171378,132,-0.7114139748117455,3.2505151571787305,1.2350519368876844,0.0697200018621515,5.119999885559082,0.5119999885559082,1.8475611992591832,1
12:05:11.171378,132,-0.8002625908619888,3.4472491667160705,1.038346835755046,-0.0697200018621515,25.23999943584204,1.0,1.5938183788387996,1
12:05:11.171378,132,-0.7864602569954618,3.387793577433968,1.0549327141757954,-0.0697200018621515,51.35999885201454,1.0,0.7330379656266377,1
12:05:11.171378,132,-0.7512519340244357,3.395220218750277,1.0529427516326146,-0.0697200018621515,62.1199986115098,1.0,0.31848881557810754,1
12:05:11.226077,133,-0.5883022174661815,3.301420540144377,1.0793859023395511,0.0697200018621515,18.999999575316902,1.0,2.6452907038197178,1
12:05:11.226077,133,-0.5990024662813466,3.3614679446488,1.062641447507913,0.0697200018621515,42.87999904155731,1.0,0.44077421462414984,1
12:05:11.226077,133,-0.6097027150965114,3.4215153491532235,1.0458969926762742,0.0697200018621515,43.63999902456999,1.0,0.6455313596067773,1
12:05:11.226077,133,-0.6203099026956918,3.471548656848128,0.9938740696047346,0.0697200018621515,26.239999413490292,1.0,1.679366043328715,1
12:05:11.226077,133,-0.5539182754212705,3.2974407114279383,1.044454764259737,0.0697200018621515,16.359999634325504,1.0,4.6413111857368605,1
12:05:11.226077,133,-0.5640777493005998,3.367085237425476,1.0611362984447532,0.0697200018621515,34.35999923199415,1.0,0.804505998049982,1
12:05:11.226077,133,-0.5741541222846464,3.4272329861417545,1.044364956462583,0.0697200018621515,37.51999916136265,1.0,0.843584148872666,1
12:05:11.226077,133,-0.584142859967981,3.4773657653441,0.9923153800809548,0.0697200018621515,25.23999943584204,1.0,1.721710423022635,1
12:05:11.226077,133,-0.5935540391213288,3.5044246823885974,0.8679807278848486,0.0697200018621515,9.119999796152117,0.9119999796152116,1.2708181707114474,1
12:05:11.226077,133,-0.4748066943279082,3.4605738988183843,0.8829902713501336,0.0697200018621515,20.63999953866005,1.0,2.070361909338729,1
12:05:11.226077,133,-0.5110999590297771,3.455812295750781,0.8842661390467752,0.0697200018621515,23.23999948054552,1.0,1.4406242322736804,1
12:05:11.226077,133,-0.4589791521676498,3.3819093051592373,1.0571642014669478,-0.0697200018621515,21.51999951899052,1.0,2.905046346336003,1
12:05:11.226077,133,-0.4671781019310061,3.442321862823947,1.0403219041408966,0.0697200018621515,25.23999943584204,1.0,2.4000719322281454,1
12:05:11.226077,133,-0.4238498152894245,3.38617307709474,1.056021727220119,-0.0697200018621515,17.11999961733818,1.0,3.952127606666716,1
12:05:11.226077,133,-0.4314212340049667,3.446661800423481,1.0391590213659,0.0697200018621515,20.51999954134226,1.0,3.250576121611244,1
12:05:11.226077,133,-0.4384659493543998,3.4649847036414427,0.8818083997598238,0.0697200018621515,17.879999600350857,1.0,2.8847750242900734,1
12:05:11.226077,133,-0.6564149149528292,3.4653824982290584,0.9955262868271166,0.0697200018621515,25.87999942153692,1.0,1.7900312108586678,1
12:05:11.226077,133,-0.4940625915151915,3.377306428735978,1.0583975384874202,0.0697200018621515,27.119999393820763,1.0,2.0335873551868566,1
12:05:11.226077,133,-0.6451903381476765,3.415454630735825,1.0475209572817683,0.0697200018621515,47.75999893248081,1.0,0.6028445646431675,1
12:05:11.226077,133,-0.5028882524382546,3.437636763161609,1.0415772728118795,0.0697200018621515,30.999999307096004,1.0,1.7176696516451149,1
12:05:11.226077,133,-0.6225442288869436,3.2955725522707637,1.0809528659676333,0.0697200018621515,21.359999522566795,1.0,2.292985705152787,1
12:05:11.226077,133,-0.8759517917550048,3.3044496765194413,1.0779194464069957,0.0697200018621515,19.879999555647373,1.0,3.212861229091708,1
12:05:11.226077,133,-0.8264455878793369,3.2800784158538,1.1931042973848585,0.0697200018621515,15.999999642372131,1.0,2.397557958128568,1
12:05:11.226077,133,-0.8416035141210041,3.3127449006011367,1.0756967478132702,0.0697200018621515,24.99999944120645,1.0,2.3338618382690344,1
12:05:11.226077,133,-0.7926333052631329,3.287898031431017,1.1910090377058211,0.0697200018621515,18.639999583363533,1.0,1.8459369022308714,1
12:05:11.226077,133,-0.8071710768406872,3.3207079365775862,1.0735630587540803,0.0697200018621515,31.63999929279089,1.0,1.6033308511362665,1
12:05:11.226077,133,-0.8215899345996857,3.3800272268377105,1.0570137015461996,0.0697200018621515,26.519999407231808,1.0,2.6296611625145823,1
12:05:11.226077,133,-0.7588555892624081,3.268882398869762,1.0881044710172942,0.0697200018621515,20.999999530613422,1.0,2.5461450165324857,1
12:05:11.226077,133,-0.772657923128935,3.3283379881518647,1.071518592596545,0.0697200018621515,39.759999111294746,1.0,1.0228888158741278,1
12:05:11.226077,133,-0.7864602569954618,3.387793577433968,1.0549327141757954,0.0697200018621515,32.35999927669764,1.0,1.9333099897169965,1
12:05:11.226077,133,-0.7248830745199708,3.276048365900136,1.0861843559385176,0.0697200018621515,22.879999488592148,1.0,2.237919904943622,1
12:05:11.226077,133,-0.8566374538987781,3.371921943590058,1.0591855056468336,0.0697200018621515,21.639999516308308,1.0,3.4675027316147515,1
12:05:11.226077,133,-0.7512519340244357,3.395220218750277,1.0529427516326146,0.0697200018621515,38.87999913096428,1.0,1.380316667405128,1
12:05:11.226077,133,-0.7380675042722032,3.3356342923252065,1.069563553785566,0.0697200018621515,48.239998921751976,1.0,0.5943290463084108,1
12:05:11.226077,133,-0.6924542862684162,3.458867906097586,0.9972718665277628,0.0697200018621515,24.23999945819378,1.0,2.050839851603203,1
12:05:11.226077,133,-0.6806134427055676,3.409051436956322,1.0492366878839663,0.0697200018621515,48.239998921751976,1.0,0.712769830456035,1
12:05:11.226077,133,-0.6686687145559761,3.349222773419283,1.0659225312500429,0.0697200018621515,55.75999875366688,1.0,0.20088805528746723,1
12:05:11.226077,133,-0.63386728351731,3.3555135915032936,1.0642369116247008,0.0697200018621515,50.99999886006117,1.0,0.24044896928684206,1
12:05:11.226077,133,-0.7284244127355154,3.452005531907468,0.9991106341501652,0.0697200018621515,21.7599995136261,1.0,2.4591077274577215,1
12:05:11.226077,133,-0.7159684864894066,3.402306408128729,1.0510440129112446,0.0697200018621515,44.75999899953604,1.0,0.9727281379237767,1
12:05:11.226077,133,-0.7034032792833981,3.3425961194733067,1.0676981378233874,0.0697200018621515,54.63999877870083,1.0,0.3196167484952139,1
12:05:11.226077,133,-0.6908380720773895,3.2828858308178845,1.0843522627355306,0.0697200018621515,23.639999471604824,1.0,2.09159214380099,1
12:05:11.226077,133,-0.6567239864063849,3.2893941098822443,1.082608374616119,0.0697200018621515,22.99999948590994,1.0,2.1092103645526654,1
12:05:11.278901,134,-0.5028882524382546,3.437636763161609,1.0415772728118795,0.0697200018621515,43.119999036192894,1.0,0.6554237444334625,1
12:05:11.278901,134,-0.5116371556380578,3.4879505401057345,0.9894791982315094,0.0697200018621515,28.639999359846115,1.0,0.41269696722189647,1
12:05:11.278901,134,-0.4671781019310061,3.442321862823947,1.0403219041408966,0.0697200018621515,39.23999912291765,1.0,1.2474478933109652,1
12:05:11.278901,134,-0.475305744545533,3.4927171479027894,0.9882019895216528,0.0697200018621515,26.6399994045496,1.0,0.9333546713285443,1
12:05:11.278901,134,-0.4314212340049667,3.446661800423481,1.0391590213659,0.0697200018621515,33.99999924004078,1.0,2.082349018583442,1
12:05:11.278901,134,-0.4384659493543998,3.4649847036414427,0.8818083997598238,0.0697200018621515,23.87999946624041,1.0,1.5666552462335717,1
12:05:11.278901,134,-0.3956212243169719,3.450656141970089,1.0380887407741923,-0.0697200018621515,28.639999359846115,1.0,3.161171588487292,1
12:05:11.278901,134,-0.4020813581533032,3.4690442691431698,0.8807206424620149,0.0697200018621515,20.75999953597784,1.0,2.5562584229599836,1
12:05:11.278901,134,-0.3597816528379971,3.4543044880329616,1.0371111693929365,-0.0697200018621515,23.87999946624041,1.0,4.484877898101713,1
12:05:11.278901,134,-0.5935540391213288,3.5044246823885974,0.8679807278848486,0.0697200018621515,7.759999826550484,0.7759999826550483,0.31714848688619124,1
12:05:11.278901,134,-0.5741541222846464,3.4272329861417545,1.044364956462583,0.0697200018621515,44.519999004900455,1.0,0.19542100190827577,1
12:05:11.278901,134,-0.584142859967981,3.4773657653441,0.9923153800809548,0.0697200018621515,29.11999934911728,1.0,0.11753031467465447,1
12:05:11.278901,134,-0.7512519340244357,3.395220218750277,1.0529427516326146,0.0697200018621515,23.11999948322773,1.0,3.2070893211145317,1
12:05:11.278901,134,-0.7159684864894066,3.402306408128729,1.0510440129112446,0.0697200018621515,27.87999937683344,1.0,2.1349978303034822,1
12:05:11.278901,134,-0.6686687145559761,3.349222773419283,1.0659225312500429,0.0697200018621515,25.75999942421913,1.0,1.2528631167242077,1
12:05:11.278901,134,-0.6806134427055676,3.409051436956322,1.0492366878839663,0.0697200018621515,33.2399992570281,1.0,1.2962217468070047,1
12:05:11.278901,134,-0.6924542862684162,3.458867906097586,0.9972718665277628,0.0697200018621515,22.63999949395657,1.0,1.5200306036390285,1
12:05:11.278901,134,-0.7034032792833981,3.3425961194733067,1.0676981378233874,0.0697200018621515,22.99999948590994,1.0,1.9894662231717475,1
12:05:11.278901,134,-0.6451903381476765,3.415454630735825,1.0475209572817683,0.0697200018621515,38.519999139010906,1.0,0.6923634706271955,1
12:05:11.278901,134,-0.6564149149528292,3.4653824982290584,0.9955262868271166,0.0697200018621515,25.63999942690134,1.0,0.8084231343898176,1
12:05:11.278901,134,-0.5882139714020773,3.327923920424081,1.180284133073792,-0.0697200018621515,9.239999793469906,0.9239999793469906,1.1070438804083937,1
12:05:11.278901,134,-0.6097027150965114,3.4215153491532235,1.0458969926762742,0.0697200018621515,42.75999904423952,1.0,0.3249477617436202,1
12:05:11.278901,134,-0.6203099026956918,3.471548656848128,0.9938740696047346,0.0697200018621515,27.99999937415123,1.0,0.34042106644777986,1
12:05:11.278901,134,-0.63386728351731,3.3555135915032936,1.0642369116247008,0.0697200018621515,28.11999937146902,1.0,0.7439457784999635,1
12:05:11.278901,134,-0.5640777493005998,3.367085237425476,1.0611362984447532,0.0697200018621515,29.519999340176582,1.0,0.414949932463128,1
12:05:11.336313,135,-0.4162159542968032,3.3521840944434897,1.1737836390370529,-0.0697200018621515,22.99999948590994,1.0,2.025113696634001,1
12:05:11.336313,135,-0.4835435945416581,3.562908193340463,1.0067038798339567,-0.0697200018621515,5.999999865889549,0.5999999865889549,1.5382466639851833,1
12:05:11.336313,135,-0.4751869072204607,3.539291314546773,1.165531166525586,-0.0697200018621515,22.11999950557947,1.0,1.0738845726638477,1
12:05:11.336313,135,-0.4669912369275453,3.478248250767352,1.1799234642192955,-0.0697200018621515,36.999999172985554,1.0,0.9087076742808168,1
12:05:11.336313,135,-0.4507125848134409,3.3479971163181665,1.17490553644446,-0.0697200018621515,28.519999362528324,1.0,1.3832853935307994,1
12:05:11.336313,135,-0.5026871038513584,3.473565025082328,1.1811783307595705,-0.0697200018621515,43.119999036192894,1.0,0.5007975780451254,1
12:05:11.336313,135,-0.4939884815121557,3.4042894860782127,1.1611315785218284,-0.0697200018621515,52.51999882608652,1.0,0.5190724712411341,1
12:05:11.336313,135,-0.4237862372901239,3.413154804428696,1.1587561236291717,-0.0697200018621515,31.239999301731583,1.0,1.5591522615001014,1
12:05:11.336313,135,-0.4589103047241383,3.408891672064285,1.1598984265034424,-0.0697200018621515,40.759999088943005,1.0,0.9660214373289838,1
12:05:11.336313,135,-0.4312486712712851,3.4825864524497896,1.178761046581883,-0.0697200018621515,30.51999931782484,1.0,1.4663764196694908,1
12:05:11.336313,135,-0.388619791587429,3.417078456861782,1.157704784128346,-0.0697200018621515,24.23999945819378,1.0,2.2994279537928635,1
12:05:11.336313,135,-0.395561880641416,3.4781192568043098,1.1426584881730026,-0.0697200018621515,24.63999944925308,1.0,2.0871028208023477,1
12:05:11.336313,135,-0.3534144842311612,3.4206622370015856,1.1567445131340348,-0.0697200018621515,18.999999575316902,1.0,3.1877816258409384,1
12:05:11.336313,135,-0.3597276851427254,3.4817670556107365,1.1416810634286694,-0.0697200018621515,19.879999555647373,1.0,2.9317488867163677,1
12:05:11.336313,135,-0.4851641444492047,3.3434771412375865,1.1761166601171102,-0.0697200018621515,34.639999225735664,1.0,0.88415960195318,1
12:05:11.336313,135,-0.3816777025334418,3.3560376569192525,1.1727510800836891,-0.0697200018621515,18.519999586045746,1.0,2.8105664534079753,1
12:05:11.336313,135,-0.5739244683012847,3.46316540943438,1.1839648993740322,-0.0697200018621515,46.999998949468136,1.0,0.13009097778913775,1
12:05:11.336313,135,-0.5537797831625189,3.341608687932313,1.2126076408360702,-0.0697200018621515,40.639999091625214,1.0,0.3694586026781191,1
12:05:11.336313,135,-0.8395844062887952,3.3780357988756258,1.3512443297557777,-0.0697200018621515,17.639999605715275,1.0,3.532438604017285,1
12:05:11.336313,135,-0.7913652611174774,3.3186374262084923,1.3266545792546616,-0.0697200018621515,18.519999586045746,1.0,2.5500589466467813,1
12:05:11.336313,135,-0.8057588923944523,3.3789979775263035,1.3144075345782724,-0.0697200018621515,22.239999502897263,1.0,2.6857420122527085,1
12:05:11.336313,135,-0.7585520571582113,3.3035688196207382,1.2228003928303428,-0.0697200018621515,22.99999948590994,1.0,1.8847074128315013,1
12:05:11.336313,135,-0.7713061210976065,3.386614679960026,1.3123666453121683,-0.0697200018621515,28.639999359846115,1.0,1.9242232818970617,1
12:05:11.336313,135,-0.7845734444549045,3.454212718255641,1.3354127287041369,-0.0697200018621515,19.239999569952488,1.0,2.2481756273290947,1
12:05:11.336313,135,-0.7245931309681027,3.3107319203599723,1.2208810457719623,-0.0697200018621515,28.359999366104603,1.0,1.2924024117418447,1
12:05:11.336313,135,-0.7377722871244601,3.370948683541214,1.2067101546562402,-0.0697200018621515,37.239999167621136,1.0,1.3600646853905038,1
12:05:11.336313,135,-0.7494495904760783,3.4616215421681527,1.333427540319915,-0.0697200018621515,23.87999946624041,1.0,1.561029603130668,1
12:05:11.336313,135,-0.6905617460719623,3.317566650383041,1.2190496853817965,-0.0697200018621515,34.639999225735664,1.0,0.8345160877537495,1
12:05:11.336313,135,-0.7031219273628471,3.3779077260514025,1.2048454848355414,-0.0697200018621515,48.35999891906977,1.0,0.8273863145899397,1
12:05:11.336313,135,-0.5638521257319018,3.4023870486833463,1.1982862701050512,-0.0697200018621515,64.7599985525012,1.0,0.09534096503531225,1
12:05:11.336313,135,-0.6564613055797678,3.324072326222668,1.2173064947943495,-0.0697200018621515,40.51999909430742,1.0,0.5121823223875337,1
12:05:11.336313,135,-0.7147158653417657,3.4615987316407386,1.2962012455230236,-0.0697200018621515,29.639999337494373,1.0,1.0338025217861957,1
12:05:11.336313,135,-0.6094588421506356,3.4574500594243083,1.185496322793692,-0.0697200018621515,46.63999895751476,1.0,0.1651394806515349,1
12:05:11.336313,135,-0.5987628732921374,3.396772002748784,1.1997908171286809,-0.0697200018621515,72.35999838262796,1.0,0.066293428004259,1
12:05:11.336313,135,-0.5773709355751409,3.275415889397737,1.228379805798658,-0.0697200018621515,8.639999806880951,0.8639999806880951,0.8020082044122645,1
12:05:11.336313,135,-0.5880669044336391,3.3360939460732606,1.2140853114636694,-0.0697200018621515,44.359999008476734,1.0,0.27858300259116947,1
12:05:11.336313,135,-0.6336137450666879,3.39082003126504,1.2013856430811232,-0.0697200018621515,70.63999842107296,1.0,0.17935809974493788,1
12:05:11.336313,135,-0.6222952195069992,3.33024829731672,1.2156516483272206,-0.0697200018621515,44.23999901115894,1.0,0.3265101072788038,1
12:05:11.336313,135,-0.6794226768998238,3.468331959717446,1.2943970824974151,-0.0697200018621515,36.11999919265509,1.0,0.6130308579122119,1
12:05:11.336313,135,-0.6684012559975737,3.3845317294242734,1.2030705884811197,-0.0697200018621515,60.87999863922596,1.0,0.4334322264590799,1
12:05:11.336313,135,-0.6440615467594129,3.474723950802847,1.2926843536480552,-0.0697200018621515,42.51999904960394,1.0,0.33550670330608756,1
12:05:11.393677,136,-0.3659493674470248,3.5514793571581853,1.162265390350542,-0.1391600037168245,42.63999904692173,1.0,1.950908469027747,1
12:05:11.393677,136,-0.3589184934750172,3.520564061198055,1.3176339399459964,-0.1391600037168245,55.87999875098467,1.0,2.653689417729636,1
12:05:11.393677,136,-0.3533261225136145,3.428972809014341,1.1911626370941937,-0.1391600037168245,44.87999899685383,1.0,1.1974376361531076,1
12:05:11.393677,136,-0.3470145000469095,3.36771953494242,1.2056112604660196,-0.1391600037168245,30.879999309778214,1.0,3.3084315065976297,1
12:05:11.393677,136,-0.4024033344818832,3.54776846772454,1.1632597201774884,-0.1391600037168245,49.87999888509512,1.0,1.724051169366403,1
12:05:11.393677,136,-0.4231082697436722,3.444348583645655,1.296896892443708,-0.1391600037168245,84.87999810278416,1.0,0.5866579398628549,1
12:05:11.393677,136,-0.3885226277365132,3.425389924901674,1.192122667998757,-0.0697200018621515,62.23999860882759,1.0,0.8189128095700862,1
12:05:11.393677,136,-0.3815822743638282,3.364200653490241,1.2065541419093917,-0.1391600037168245,41.23999907821417,1.0,2.8583465549017815,1
12:05:11.393677,136,-0.4464671642029187,3.557210127252693,0.9696167867287092,-0.0697200018621515,7.759999826550484,0.7759999826550483,1.3413261371132807,1
12:05:11.393677,136,-0.4389268032767653,3.5350962243991053,1.1287010928134096,-0.0697200018621515,53.99999879300594,1.0,1.0597945449225668,1
12:05:11.393677,136,-0.4161118907730005,3.36034805449338,1.2075864426993614,-0.1391600037168245,54.239998787641525,1.0,2.5216629642324264,1
12:05:11.393677,136,-0.3949290660427091,3.5098638753077607,1.283268639254873,-0.1391600037168245,72.23999838531017,1.0,1.6699685949188159,1
12:05:11.393677,136,-0.312412024570715,3.370904346964718,1.2047578926565996,-0.1391600037168245,23.35999947786331,1.0,3.873162975760801,1
12:05:11.393677,136,-0.3231290138805247,3.5238581250855585,1.3167512981875231,-0.1391600037168245,42.23999905586243,1.0,3.0535510360378195,1
12:05:11.393677,136,-0.3294588057820143,3.554837948643095,1.1613654584744544,-0.1391600037168245,34.879999220371246,1.0,2.2758949595048423,1
12:05:11.393677,136,-0.2778477764632247,3.365594163853282,1.170190421768254,-0.1391600037168245,18.11999959498644,1.0,5.237079137348647,1
12:05:11.393677,136,-0.2828306382733506,3.4351178161600475,1.1895160873920183,-0.1391600037168245,24.759999446570877,1.0,2.284104771471231,1
12:05:11.393677,136,-0.2873072216553617,3.5268063302141117,1.3159613290042065,-0.1391600037168245,32.239999279379845,1.0,3.549760661019792,1
12:05:11.393677,136,-0.2923494474516163,3.5887015855931463,1.3039564882882009,-0.1391600037168245,28.11999937146902,1.0,6.208620777232184,1
12:05:11.393677,136,-0.2431776141133621,3.3681105441714583,1.1695161596941488,-0.1391600037168245,14.239999681711195,1.0,6.042653941732037,1
12:05:11.393677,136,-0.247538708745348,3.43767932469752,1.1888297332479971,-0.1391600037168245,19.239999569952488,1.0,2.9951758211774577,1
12:05:11.393677,136,-0.2514566989487394,3.5294083817656703,1.315264111392302,-0.1391600037168245,24.99999944120645,1.0,4.143897951021988,1
12:05:11.393677,136,-0.255869750060978,3.5913493030050376,1.3032470345458989,-0.1391600037168245,22.75999949127436,1.0,6.7076924898724135,1
12:05:11.393677,136,-0.475305744545533,3.5306807835565195,1.129884206621408,-0.0697200018621515,52.87999881803989,1.0,1.0290448987713041,1
12:05:11.393677,136,-0.3180942849744815,3.4322155475241773,1.1902937479292175,-0.1391600037168245,32.87999926507473,1.0,1.6853650527353965,1
12:05:11.393677,136,-0.4663607514732186,3.501544177382029,1.285497895595343,-0.1391600037168245,91.75999794900416,1.0,1.347695176167417,1
12:05:11.393677,136,-0.4306664418996525,3.505876522052938,1.2843370473394402,-0.1391600037168245,87.11999805271626,1.0,1.4615838638847674,1
12:05:11.393677,136,-0.4505998963417145,3.356162123208509,1.2087080596067148,-0.0697200018621515,66.75999850779772,1.0,2.297241451662179,1
12:05:11.393677,136,-0.6327583023552694,3.4137427382922256,1.3050977039898313,-0.0697200018621515,48.87999890744686,1.0,0.9986517762719023,1
12:05:11.393677,136,-0.6220773635348567,3.338086762837872,1.2495308691770997,-0.0697200018621515,40.51999909430742,1.0,2.253798971288434,1
12:05:11.393677,136,-0.6925581708551588,3.4688801004933603,1.03255084451789,-0.0697200018621515,19.879999555647373,1.0,2.411098533406807,1
12:05:11.393677,136,-0.6803412064153798,3.444991132625879,1.1888346821678897,-0.0697200018621515,28.23999936878681,1.0,1.6099658911352948,1
12:05:11.393677,136,-0.667498846624043,3.407462926295657,1.306780374542931,-0.0697200018621515,35.35999920964241,1.0,1.4054878739650714,1
12:05:11.393677,136,-0.6555750163482623,3.346593892873867,1.3191636665884463,-0.0697200018621515,30.35999932140112,1.0,1.9325982908315282,1
12:05:11.393677,136,-0.6449322706263767,3.45139176521336,1.187119637835026,-0.0697200018621515,37.239999167621136,1.0,1.1219134507478405,1
12:05:11.393677,136,-0.7285336936954152,3.462016696784151,1.0343898879991014,-0.0697200018621515,15.999999642372131,1.0,3.1010545600825266,1
12:05:11.393677,136,-0.7021726415673855,3.400847865998043,1.30855287460756,-0.0697200018621515,26.239999413490292,1.0,1.9075135127101976,1
12:05:11.393677,136,-0.689629417793005,3.340097000355346,1.320904503692096,-0.0697200018621515,23.11999948322773,1.0,2.414220374809163,1
12:05:11.393677,136,-0.7509514432808174,3.431165446722456,1.1925392635405183,-0.0697200018621515,17.23999961465597,1.0,2.8734942719225547,1
12:05:11.393677,136,-0.7362967917531005,3.4008702762019665,1.3451258499965977,-0.0697200018621515,20.119999550282955,1.0,2.6732062302228266,1
12:05:11.393677,136,-0.7236148568737405,3.333271497909849,1.322733391560304,-0.0697200018621515,17.879999600350857,1.0,2.9965404839789205,1
12:05:11.393677,136,-0.4581761461650386,3.440092271383303,1.2980373678771395,-0.1391600037168245,105.5199976414442,1.0,0.41009743327651393,1
12:05:11.393677,136,-0.7156821086537317,3.4382488017197645,1.1906412842892866,-0.0697200018621515,21.87999951094389,1.0,2.193925228231718,1
12:05:11.393677,136,-0.6565133927780428,3.475395669968356,1.0308050029388365,-0.0697200018621515,24.99999944120645,1.0,1.820800708869004,1
12:05:11.393677,136,-0.7708042240437579,3.393591476737975,1.3470761984348425,-0.0697200018621515,15.75999964773655,1.0,3.3408132504227126,1
12:05:11.393677,136,-0.5979544827863856,3.41968667401181,1.303505031213906,-0.0697200018621515,68.11999847739935,1.0,0.6873994652817295,1
12:05:11.393677,136,-0.5878610312674404,3.343930365122814,1.2479650806639606,-0.0697200018621515,53.23999880999327,1.0,1.944836018983715,1
12:05:11.393677,136,-0.5117139133613178,3.4979670975872392,1.0247570071363388,-0.0697200018621515,47.11999894678593,1.0,0.4668275043934019,1
12:05:11.393677,136,-0.537605898829538,3.491846281170836,1.2880964390534135,-0.1391600037168245,82.51999815553427,1.0,1.3990471370471311,1
12:05:11.393677,136,-0.5281709451389253,3.430564572712441,1.3005903070417242,-0.0697200018621515,108.87999756634235,1.0,0.35379293460455324,1
12:05:11.393677,136,-0.4850428422983072,3.3516432782252483,1.2099188804707008,-0.0697200018621515,71.99999839067459,1.0,2.184049190869087,1
12:05:11.393677,136,-0.4762207115217815,3.2906824047967085,1.2242891553262665,-0.1391600037168245,15.519999653100967,1.0,5.70908769431004,1
12:05:11.393677,136,-0.5204266138983885,3.5478703394176607,0.9721193753365842,-0.0697200018621515,7.1199998408555984,0.7119999840855599,1.5411009867943914,1
12:05:11.393677,136,-0.584230495268693,3.487380734858033,1.0275936144804128,-0.0697200018621515,39.23999912291765,1.0,0.9410612119341839,1
12:05:11.393677,136,-0.5739244683012847,3.46316540943438,1.1839648993740322,-0.0697200018621515,65.87999852746725,1.0,0.43531239563718166,1
12:05:11.393677,136,-0.5630908682701901,3.4252941390658176,1.302002515481099,-0.0697200018621515,91.63999795168638,1.0,0.4722391846966152,1
12:05:11.393677,136,-0.5537797831625189,3.341608687932313,1.2126076408360702,-0.0697200018621515,65.87999852746725,1.0,2.2877564966649295,1
12:05:11.393677,136,-0.6204029639116764,3.4815627536576463,1.0291525378446356,-0.0697200018621515,31.5199992954731,1.0,1.3306007234191748,1
12:05:11.393677,136,-0.6094588421506356,3.4574500594243083,1.185496322793692,-0.0697200018621515,49.87999888509512,1.0,0.7301840099045619,1
12:05:11.393677,136,-0.5941778998965331,3.537103727909149,0.9750042801955094,-0.0697200018621515,6.6399998515844345,0.6639999851584435,2.140444023180249,1
12:05:11.449415,137,-0.2778477764632247,3.365594163853282,1.170190421768254,-0.2088800055789761,26.359999410808086,1.0,3.2566822733543868,1
12:05:11.449415,137,-0.3348504670846755,3.53582445044821,0.8595671853907507,-0.1391600037168245,11.119999751448631,1.0,6.240380845388291,1
12:05:11.449415,137,-0.32954119863124,3.508267669985884,0.9840352396876052,-0.2088800055789761,64.87999854981899,1.0,1.0315697449577117,1
12:05:11.449415,137,-0.3239061034951639,3.457606473780549,1.0362264049784513,-0.1391600037168245,88.3599980250001,1.0,0.751270118848034,1
12:05:11.449415,137,-0.3181738357225613,3.423905786473097,1.155875406672533,-0.1391600037168245,61.11999863386154,1.0,1.655794828719265,1
12:05:11.449415,137,-0.312412024570715,3.370904346964718,1.2047578926565996,-0.2088800055789761,33.7599992454052,1.0,2.5096291917999713,1
12:05:11.449415,137,-0.3597816528379971,3.4543044880329616,1.0371111693929365,-0.1391600037168245,118.99999734014273,1.0,0.8544290116788791,1
12:05:11.449415,137,-0.3660958008796184,3.514927340105127,1.0202125238502346,-0.2088800055789761,77.35999827086926,1.0,1.5089041818618303,1
12:05:11.449415,137,-0.3534144842311612,3.4206622370015856,1.1567445131340348,-0.1391600037168245,84.75999810546637,1.0,0.9990284479865371,1
12:05:11.449415,137,-0.3470145000469095,3.36771953494242,1.2056112604660196,-0.2088800055789761,43.239999033510685,1.0,2.0589440186100627,1
12:05:11.449415,137,-0.4094186196622204,3.561343772522344,0.9685091798169096,-0.2088800055789761,10.759999759495258,1.0,3.8536242293609275,1
12:05:11.449415,137,-0.2829013700969555,3.4268087809240857,1.1550975516537585,-0.1391600037168245,44.359999008476734,1.0,2.507255495125797,1
12:05:11.449415,137,-0.4025643548491718,3.511214965771312,1.0212072515549824,-0.2088800055789761,80.63999819755554,1.0,1.1813277348331617,1
12:05:11.449415,137,-0.3719382043169761,3.5324108949209885,0.8604818448375884,-0.1391600037168245,11.239999748766422,1.0,7.1375828359905675,1
12:05:11.449415,137,-0.2879981638133501,3.4605617690170427,1.0354345360064374,-0.1391600037168245,63.35999858379364,1.0,0.8716702028699692,1
12:05:11.449415,137,-0.2084831342058226,3.370291916208444,1.1689316628184467,-0.2088800055789761,16.519999630749226,1.0,4.368290704044724,1
12:05:11.449415,137,-0.2977292450862044,3.538879601245416,0.8587485602018843,-0.1391600037168245,10.639999762177467,1.0,5.593997423926385,1
12:05:11.449415,137,-0.3956212243169719,3.450656141970089,1.0380887407741923,-0.1391600037168245,141.23999684304,1.0,1.1920009584108446,1
12:05:11.449415,137,-0.1466215602863965,3.5197685134965613,0.9809535979566424,-0.2088800055789761,18.35999958962202,1.0,4.224092811465393,1
12:05:11.449415,137,-0.1832494571210743,3.518175345580459,0.9813804860131692,-0.2088800055789761,22.99999948590994,1.0,3.2155933757572894,1
12:05:11.449415,137,-0.1801159244131744,3.467344729907134,1.0336170471136454,-0.2088800055789761,26.359999410808086,1.0,2.4738064946802996,1
12:05:11.449415,137,-0.1769548999350575,3.40649302231373,1.050577014308446,-0.1391600037168245,19.759999558329586,1.0,5.312822751455695,1
12:05:11.449415,137,-0.2234011981323919,3.5439135024704247,0.857399730433865,-0.1391600037168245,8.879999801516533,0.8879999801516533,5.01048358573961,1
12:05:11.449415,137,-0.2930085573644171,3.5112743794119625,0.9832295943250124,-0.2088800055789761,50.6399988681078,1.0,1.2809758689161992,1
12:05:11.449415,137,-0.2198590291635666,3.5162284649114506,0.9819021511161898,-0.2088800055789761,29.519999340176582,1.0,2.3828261595230193,1
12:05:11.449415,137,-0.2122750991917373,3.4315919776606894,1.1538158979509463,-0.1391600037168245,25.23999943584204,1.0,4.754682261472055,1
12:05:11.449415,137,-0.2605782504126624,3.5415760418000857,0.8580260511328217,-0.1391600037168245,9.759999781847,0.9759999781847,5.187486678485676,1
12:05:11.449415,137,-0.2564466154873407,3.513928066175969,0.9825185410996315,-0.2088800055789761,38.519999139010906,1.0,1.734769237695958,1
12:05:11.449415,137,-0.2520614245564399,3.463170078215395,1.034735641663128,-0.1391600037168245,45.99999897181988,1.0,1.2053146744268668,1
12:05:11.449415,137,-0.2476006145713549,3.429370930057539,1.1544110258625615,-0.1391600037168245,32.99999926239252,1.0,3.543384180624769,1
12:05:11.449415,137,-0.2431776141133621,3.3681105441714583,1.1695161596941488,-0.2088800055789761,20.75999953597784,1.0,3.710051656915173,1
12:05:11.449415,137,-0.2160994793682514,3.465431140546872,1.0341297918373726,-0.1391600037168245,34.35999923199415,1.0,1.742433584263949,1
12:05:11.449415,137,-0.388619791587429,3.417078456861782,1.157704784128346,-0.1391600037168245,111.99999749660492,1.0,0.5475052834122176,1
12:05:11.449415,137,-0.6555750163482623,3.346593892873867,1.3191636665884463,-0.1391600037168245,22.879999488592148,1.0,4.162851730145167,1
12:05:11.449415,137,-0.4464671642029187,3.557210127252693,0.9696167867287092,-0.2088800055789761,9.879999779164793,0.9879999779164793,3.5877871067362825,1
12:05:11.449415,137,-0.689629417793005,3.340097000355346,1.320904503692096,-0.1391600037168245,18.11999959498644,1.0,4.602950407551063,1
12:05:11.449415,137,-0.7031219273628471,3.3779077260514025,1.2048454848355414,-0.1391600037168245,20.75999953597784,1.0,4.627829051661164,1
12:05:11.449415,137,-0.3815822743638282,3.364200653490241,1.2065541419093917,-0.2088800055789761,53.75999879837036,1.0,1.8240226849901302,1
12:05:11.449415,137,-0.6684012559975737,3.3845317294242734,1.2030705884811197,-0.1391600037168245,26.87999939918518,1.0,3.3085569583543992,1
12:05:11.449415,137,-0.6803412064153798,3.444991132625879,1.1888346821678897,-0.1391600037168245,22.51999949663877,1.0,4.031315631782783,1
12:05:11.449415,137,-0.621455057951126,3.352761525781604,1.317511054331607,-0.1391600037168245,29.35999934375286,1.0,3.9998563342491735,1
12:05:11.449415,137,-0.6336137450666879,3.39082003126504,1.2013856430811232,-0.1391600037168245,35.759999200701714,1.0,2.2938756820231916,1
12:05:11.449415,137,-0.6449322706263767,3.45139176521336,1.187119637835026,-0.1391600037168245,29.35999934375286,1.0,3.950498979124918,1
12:05:11.449415,137,-0.6565133927780428,3.475395669968356,1.0308050029388365,-0.1391600037168245,18.999999575316902,1.0,5.712399671603011,1
12:05:11.449415,137,-0.5880669044336391,3.3360939460732606,1.2140853114636694,-0.1391600037168245,37.75999915599823,1.0,5.575989844204438,1
12:05:11.449415,137,-0.6094588421506356,3.4574500594243083,1.185496322793692,-0.2088800055789761,39.51999911665917,1.0,4.133297215946024,1
12:05:11.449415,137,-0.6204029639116764,3.4815627536576463,1.0291525378446356,-0.1391600037168245,24.63999944925308,1.0,4.237690917733227,1
12:05:11.449415,137,-0.5537797831625189,3.341608687932313,1.2126076408360702,-0.1391600037168245,47.9999989271164,1.0,4.275685569890114,1
12:05:11.449415,137,-0.5638521257319018,3.4023870486833463,1.1982862701050512,-0.1391600037168245,67.99999848008156,1.0,1.1185960210966144,1
12:05:11.449415,137,-0.5740679984524109,3.454699614478473,1.1489337624212363,-0.2088800055789761,54.75999877601862,1.0,1.8280426731520174,1
12:05:11.449415,137,-0.5987628732921374,3.396772002748784,1.1997908171286809,-0.1391600037168245,48.75999891012907,1.0,1.5687459318439227,1
12:05:11.449415,137,-0.4850428422983072,3.3516432782252483,1.2099188804707008,-0.1391600037168245,57.999998703598976,1.0,2.522786210877476,1
12:05:11.449415,137,-0.4389926527205089,3.507150523752223,1.0222963155116804,-0.1391600037168245,71.99999839067459,1.0,1.0713016075417672,1
12:05:11.449415,137,-0.584230495268693,3.487380734858033,1.0275936144804128,-0.1391600037168245,32.51999927312136,1.0,3.063025918167079,1
12:05:11.449415,137,-0.4236802810221428,3.421467253471585,1.1931737446406223,-0.1391600037168245,128.75999712198973,1.0,1.7931298212492948,1
12:05:11.449415,137,-0.4161118907730005,3.36034805449338,1.2075864426993614,-0.2088800055789761,61.99999861419201,1.0,1.8155143258275657,1
12:05:11.449415,137,-0.4834710624012475,3.5527188331759167,0.970820225349552,-0.2088800055789761,8.879999801516533,0.8879999801516533,3.54439301750274,1
12:05:11.449415,137,-0.4753770516943624,3.502734420488657,1.0234796068148455,-0.1391600037168245,57.35999871790409,1.0,1.1912356255140455,1
12:05:11.449415,137,-0.4671080246348357,3.469786227810402,1.1448913165624253,-0.2088800055789761,107.2399976029992,1.0,2.780147390090942,1
12:05:11.449415,137,-0.4313565202834446,3.4741255144139007,1.1437286082212903,-0.2088800055789761,135.63999696820974,1.0,3.538793969674979,1
12:05:11.449415,137,-0.4505998963417145,3.356162123208509,1.2087080596067148,-0.1391600037168245,63.879998572170734,1.0,2.044559818088456,1
12:05:11.449415,137,-0.5204266138983885,3.5478703394176607,0.9721193753365842,-0.1391600037168245,7.759999826550484,0.7759999826550483,3.7368579749442494,1
12:05:11.449415,137,-0.5117139133613178,3.4979670975872392,1.0247570071363388,-0.1391600037168245,43.35999903082848,1.0,1.5540841663728313,1
12:05:11.449415,137,-0.5028128185751067,3.4651018309188384,1.1461464969265465,-0.2088800055789761,77.23999827355146,1.0,2.233309536691385,1
12:05:11.449415,137,-0.4938649730748328,3.412604151653788,1.195548605615136,-0.1391600037168245,93.99999789893629,1.0,0.9873306309294092,1
12:05:11.449415,137,-0.4587955666346299,3.4172051869879305,1.1943157619130051,-0.1391600037168245,119.999997317791,1.0,1.279474385127878,1
12:05:11.503289,138,-0.2476377605433447,3.402391635527514,1.0516759775856606,-0.2088800055789761,43.239999033510685,1.0,0.7396482944727849,1
12:05:11.503289,138,-0.2432140965302496,3.341613192839633,1.0686163135081932,-0.2088800055789761,34.23999923467636,1.0,0.6980951692646935,1
12:05:11.503289,138,-0.2930085573644171,3.5112743794119625,0.9832295943250124,-0.1391600037168245,40.759999088943005,1.0,0.5013749313586738,1
12:05:11.503289,138,-0.2829438120205658,3.399829102010847,1.052362606372029,-0.2088800055789761,56.11999874562025,1.0,0.3571752325096872,1
12:05:11.503289,138,-0.3238575171769007,3.447759678949929,1.0015578441159256,-0.0697200018621515,63.63999857753515,1.0,0.12402611706486008,1
12:05:11.503289,138,-0.32954119863124,3.508267669985884,0.9840352396876052,-0.1391600037168245,45.99999897181988,1.0,0.23893408045835557,1
12:05:11.503289,138,-0.3182215693536353,3.396925672041753,1.053140578087528,-0.2088800055789761,70.23999843001366,1.0,0.113734488628051,1
12:05:11.503289,138,-0.312490154268222,3.3627430268898384,1.170954381615119,-0.2088800055789761,56.35999874025583,1.0,0.5614441773579955,1
12:05:11.503289,138,-0.2520236150293478,3.453322448837192,1.0000673044169537,-0.1391600037168245,44.87999899685383,1.0,0.7410944889016833,1
12:05:11.503289,138,-0.2778477764632247,3.365594163853282,1.170190421768254,-0.2088800055789761,44.519999004900455,1.0,0.8705897493447432,1
12:05:11.503289,138,-0.2564466154873407,3.513928066175969,0.9825185410996315,-0.1391600037168245,34.35999923199415,1.0,0.9121761658345398,1
12:05:11.503289,138,-0.3068064728138827,3.3015802673065795,1.1860333565577053,-0.2088800055789761,18.23999959230423,1.0,0.5761399925331092,1
12:05:11.503289,138,-0.2085144116268297,3.343794892134225,1.0680317289440795,-0.2088800055789761,26.239999413490292,1.0,1.1847709571217724,1
12:05:11.503289,138,-0.2123069454975405,3.4046130163405484,1.051080760390726,-0.2088800055789761,33.2399992570281,1.0,1.2607115570449074,1
12:05:11.503289,138,-0.216067064177652,3.455583172006508,0.9994615454694248,-0.1391600037168245,35.879999198019505,1.0,1.2647310718061313,1
12:05:11.503289,138,-0.2198590291635666,3.5162284649114506,0.9819021511161898,-0.1391600037168245,28.11999937146902,1.0,1.4708635900036935,1
12:05:11.503289,138,-0.1737938754569406,3.345641314720327,1.067536981503247,-0.2088800055789761,20.359999544918537,1.0,1.8050787684005898,1
12:05:11.503289,138,-0.1769548999350575,3.40649302231373,1.050577014308446,-0.2088800055789761,25.75999942421913,1.0,1.919874696394473,1
12:05:11.503289,138,-0.1800889068005595,3.457496474325987,0.998948877658044,-0.1391600037168245,28.639999359846115,1.0,1.9311108979750766,1
12:05:11.503289,138,-0.1832494571210743,3.518175345580459,0.9813804860131692,-0.1391600037168245,22.879999488592148,1.0,2.1769113869892642,1
12:05:11.503289,138,-0.1390559600451104,3.347152275957227,1.0671321206600248,-0.2088800055789761,16.119999639689922,1.0,2.5585009090145854,1
12:05:11.503289,138,-0.1415639210809348,3.398355815437439,1.0161051065416815,-0.2088800055789761,20.359999544918537,1.0,2.5292278337400242,1
12:05:11.503289,138,-0.1440927406836656,3.4590621644670003,0.998529352249162,-0.1391600037168245,22.99999948590994,1.0,2.7396780589114393,1
12:05:11.503289,138,-0.146467614068811,3.4875968616628907,0.8757494902788518,-0.1391600037168245,18.759999580681324,1.0,2.7448047166963576,1
12:05:11.503289,138,-0.3723849918143559,3.5753105761611974,1.0033806713729194,-0.1391600037168245,5.759999871253967,0.5759999871253967,0.3563485429054478,1
12:05:11.503289,138,-0.2879549637306863,3.4507145308884626,1.0007660939252423,-0.1391600037168245,54.75999877601862,1.0,0.36070739023060744,1
12:05:11.503289,138,-0.3597276851427254,3.444458188504309,1.0024424758146486,-0.0697200018621515,67.99999848008156,1.0,0.031456898030168254,1
12:05:11.503289,138,-0.3660408860542896,3.504908238566157,0.9849353966235488,-0.1391600037168245,48.239998921751976,1.0,0.12527596336240354,1
12:05:11.503289,138,-0.6222952195069992,3.33024829731672,1.2156516483272206,-0.2088800055789761,18.999999575316902,1.0,3.8644068801104536,1
12:05:11.503289,138,-0.5880669044336391,3.3360939460732606,1.2140853114636694,-0.2088800055789761,23.9999994635582,1.0,2.986367843282723,1
12:05:11.503289,138,-0.5987628732921374,3.396772002748784,1.1997908171286809,-0.2088800055789761,28.11999937146902,1.0,3.004244191015252,1
12:05:11.503289,138,-0.6097027150965114,3.4215153491532235,1.0458969926762742,-0.2088800055789761,25.999999418854717,1.0,3.2275996941825964,1
12:05:11.503289,138,-0.5537797831625189,3.341608687932313,1.2126076408360702,-0.2088800055789761,30.879999309778214,1.0,2.2440667921303468,1
12:05:11.503289,138,-0.5639931369368407,3.394069827959116,1.1638699276617626,-0.2088800055789761,35.879999198019505,1.0,2.1685564609873373,1
12:05:11.503289,138,-0.5741541222846464,3.4272329861417545,1.044364956462583,-0.2088800055789761,32.119999282062054,1.0,2.3378218529167887,1
12:05:11.503289,138,-0.584230495268693,3.487380734858033,1.0275936144804128,-0.0697200018621515,24.119999460875988,1.0,2.418806658831424,1
12:05:11.503289,138,-0.4850428422983072,3.3516432782252483,1.2099188804707008,-0.2088800055789761,39.99999910593033,1.0,1.1665843041250208,1
12:05:11.503289,138,-0.4939884815121557,3.4042894860782127,1.1611315785218284,-0.2088800055789761,46.35999896377325,1.0,1.0271786138403871,1
12:05:11.503289,138,-0.5028882524382546,3.437636763161609,1.0415772728118795,-0.2088800055789761,39.87999910861254,1.0,0.9946215779772309,1
12:05:11.503289,138,-0.5117139133613178,3.4979670975872392,1.0247570071363388,-0.0697200018621515,29.35999934375286,1.0,1.0683607661790826,1
12:05:11.503289,138,-0.4505998963417145,3.356162123208509,1.2087080596067148,-0.2088800055789761,51.11999885737896,1.0,0.8312367609456937,1
12:05:11.503289,138,-0.6336137450666879,3.39082003126504,1.2013856430811232,-0.2088800055789761,22.239999502897263,1.0,3.893306170363977,1
12:05:11.503289,138,-0.4671781019310061,3.442321862823947,1.0403219041408966,-0.2088800055789761,48.99999890476465,1.0,0.541039087917133,1
12:05:11.503289,138,-0.4589103047241383,3.408891672064285,1.1598984265034424,-0.2088800055789761,59.35999867320061,1.0,0.6669783760086292,1
12:05:11.503289,138,-0.3534675047963758,3.393681635960796,1.054009814935638,-0.2088800055789761,80.75999819487333,1.0,0.009719768186975333,1
12:05:11.503289,138,-0.4025039696954032,3.501196421093108,0.985929975117904,-0.1391600037168245,46.51999896019697,1.0,0.16077088597426578,1
12:05:11.503289,138,-0.395561880641416,3.4408103896978828,1.003419900558982,-0.0697200018621515,65.99999852478504,1.0,0.08335565546433628,1
12:05:11.503289,138,-0.3886975284983713,3.399431271143484,1.089125136171999,-0.2088800055789761,81.87999816983938,1.0,0.08209166987519997,1
12:05:11.503289,138,-0.3816777025334418,3.3560376569192525,1.1727510800836891,-0.2088800055789761,68.75999846309423,1.0,0.34699471009907024,1
12:05:11.503289,138,-0.347101283319597,3.359557418392435,1.1718079628394,-0.2088800055789761,66.11999852210283,1.0,0.38679909057351186,1
12:05:11.503289,138,-0.4389268032767653,3.4971325887453752,0.9870188757136544,-0.1391600037168245,41.63999906927347,1.0,0.3457369292704583,1
12:05:11.503289,138,-0.4313565202834446,3.4368166473074737,1.0044900206072698,-0.0697200018621515,58.63999868929386,1.0,0.280027831163738,1
12:05:11.503289,138,-0.4237862372901239,3.413154804428696,1.1587561236291717,-0.2088800055789761,72.99999836832285,1.0,0.4469085966120554,1
12:05:11.503289,138,-0.4162159542968032,3.3521840944434897,1.1737836390370529,-0.2088800055789761,62.35999860614538,1.0,0.442324224395487,1
12:05:11.503289,138,-0.3746419209911432,3.3030113820788083,1.220985615820026,-0.2088800055789761,19.63999956101179,1.0,0.5969093823898987,1
12:05:11.503289,138,-0.4753770516943624,3.502734420488657,1.0234796068148455,-0.1391600037168245,35.51999920606613,1.0,0.6182418791096593,1
12:05:11.556852,139,-0.2520236150293478,3.594454965273247,0.072075196575369,-0.2088800055789761,46.51999896019697,1.0,1.2627548080872204,1
12:05:11.556852,139,-0.2476006145713549,3.531372480103011,0.0708102808752047,-0.2088800055789761,70.51999842375517,1.0,0.8503977677370309,1
12:05:11.556852,139,-0.2431776141133621,3.468289994932774,0.0695453651750404,-0.2088800055789761,58.87999868392944,1.0,0.9020870449151559,1
12:05:11.556852,139,-0.2387546136553692,3.4052075097625374,0.0682804494748762,-0.2088800055789761,24.99999944120645,1.0,1.4178226396215983,1
12:05:11.556852,139,-0.2879549637306863,3.591755049940464,0.072075196575369,-0.2088800055789761,50.35999887436628,1.0,1.7997199875593943,1
12:05:11.556852,139,-0.2829013700969555,3.528719948134488,0.0708102808752047,-0.2088800055789761,85.35999809205532,1.0,1.2003746861359212,1
12:05:11.556852,139,-0.2778477764632247,3.465684846328513,0.0695453651750404,-0.2088800055789761,73.35999836027622,1.0,1.071419532170715,1
12:05:11.556852,139,-0.2727941828294938,3.4026497445225377,0.0682804494748762,-0.2088800055789761,27.519999384880062,1.0,1.412854525663768,1
12:05:11.556852,139,-0.2046911692199079,3.4074247571044456,0.0682804494748762,-0.2088800055789761,21.87999951094389,1.0,1.805867263436347,1
12:05:11.556852,139,-0.139035101478204,3.474023615566479,0.0695453651750404,-0.2088800055789761,26.119999416172504,1.0,2.773549097478112,1
12:05:11.556852,139,-0.2122750991917373,3.533671877782109,0.0708102808752047,-0.2088800055789761,54.35999878495932,1.0,0.9070702871930352,1
12:05:11.556852,139,-0.2160994793682514,3.5973350428502293,-0.0360394002425997,-0.2088800055789761,40.23999910056591,1.0,0.9576422743336666,1
12:05:11.556852,139,-0.1737678061595299,3.472459588029665,0.0695453651750404,-0.2088800055789761,33.99999924004078,1.0,1.7504849723862892,1
12:05:11.556852,139,-0.1769283564800447,3.5356179112339428,0.0708102808752047,-0.2088800055789761,41.11999908089638,1.0,1.3732353002381332,1
12:05:11.556852,139,-0.1801159244131744,3.599316136333995,-0.0360394002425997,-0.2088800055789761,33.359999254345894,1.0,1.5420969493381926,1
12:05:11.556852,139,-0.1415639210809348,3.537210385856797,0.0708102808752047,-0.2088800055789761,31.359999299049377,1.0,2.2516149188017858,1
12:05:11.556852,139,-0.1441143580165573,3.600937301219638,-0.0360394002425997,-0.2088800055789761,27.239999391138557,1.0,2.5515917978011444,1
12:05:11.556852,139,-0.104288493403214,3.4752402436522765,0.0695453651750404,-0.2088800055789761,20.359999544918537,1.0,4.199216287015435,1
12:05:11.556852,139,-0.1061853294083192,3.5384491424045432,0.0708102808752047,-0.2088800055789761,24.35999945551157,1.0,3.544808931345559,1
12:05:11.556852,139,-0.1080983803048777,3.6021983753920264,-0.0360394002425997,-0.2088800055789761,22.239999502897263,1.0,3.9888112104638327,1
12:05:11.556852,139,-0.32954119863124,3.6516773770962048,0.0733401122755333,-0.2088800055789761,16.359999634325504,1.0,4.027431758055793,1
12:05:11.556852,139,-0.2084831342058226,3.470548317443278,0.0695453651750404,-0.2088800055789761,44.99999899417162,1.0,1.127533754497228,1
12:05:11.556852,139,-0.3238575171769007,3.5886959621118613,0.072075196575369,-0.2088800055789761,49.99999888241291,1.0,2.752285598005212,1
12:05:11.556852,139,-0.3597276851427254,3.58527800769366,0.072075196575369,-0.2088800055789761,45.639998979866505,1.0,4.1172427931260644,1
12:05:11.556852,139,-0.312490154268222,3.4627331321431734,0.0695453651750404,-0.2088800055789761,82.23999816179276,1.0,1.6326903638555277,1
12:05:11.556852,139,-0.5880669044336391,3.3360939460732606,-0.7859146885363306,-0.2783200074336491,17.759999603033066,1.0,4.756893782799844,1
12:05:11.556852,139,-0.3181738357225613,3.525714547127517,0.0708102808752047,-0.2088800055789761,90.75999797135592,1.0,1.9540384666051156,1
12:05:11.556852,139,-0.5537797831625189,3.341608687932313,-0.7873923591639299,-0.2783200074336491,22.51999949663877,1.0,3.415311754310509,1
12:05:11.556852,139,-0.5638521257319018,3.4023870486833463,-0.8017137298949488,-0.2783200074336491,22.239999502897263,1.0,3.602411064567881,1
12:05:11.556852,139,-0.4850428422983072,3.3516432782252483,-0.790081119529299,-0.2783200074336491,29.23999934643507,1.0,1.8818782821329343,1
12:05:11.556852,139,-0.4938649730748328,3.412604151653788,-0.8044513943848642,-0.2783200074336491,28.759999357163903,1.0,1.69964841442843,1
12:05:11.556852,139,-0.5026871038513584,3.473565025082328,-0.8188216692404295,-0.2783200074336491,21.119999527931213,1.0,1.9761643729486846,1
12:05:11.556852,139,-0.442404226048799,3.295119059429088,-0.7768996426995756,-0.2783200074336491,21.7599995136261,1.0,2.4978979192275985,1
12:05:11.556852,139,-0.4505998963417145,3.356162123208509,-0.7912919403932852,-0.2783200074336491,38.6399991363287,1.0,1.695533735827441,1
12:05:11.556852,139,-0.4587955666346299,3.4172051869879305,-0.8056842380869949,-0.2783200074336491,37.87999915331602,1.0,1.3460614144131984,1
12:05:11.556852,139,-0.4669912369275453,3.478248250767352,-0.8200765357807045,-0.2783200074336491,25.999999418854717,1.0,1.4494809549848757,1
12:05:11.556852,139,-0.4085435005238583,3.2992288555151763,-0.7780008592418994,-0.2783200074336491,24.879999443888664,1.0,2.851742007218606,1
12:05:11.556852,139,-0.5987628732921374,3.396772002748784,-0.8002091828713193,-0.2783200074336491,17.519999608397484,1.0,5.145846368942642,1
12:05:11.556852,139,-0.4237862372901239,3.413154804428696,-0.8412438763708283,-0.2783200074336491,50.519998870790005,1.0,1.6821896542473778,1
12:05:11.556852,139,-0.4161118907730005,3.36034805449338,-0.7924135573006386,-0.2783200074336491,51.23999885469675,1.0,1.8995866292020227,1
12:05:11.556852,139,-0.3534144842311612,3.5223565776196795,0.0708102808752047,-0.2088800055789761,82.51999815553427,1.0,3.108308480556982,1
12:05:11.556852,139,-0.347101283319597,3.4594351475457,0.0695453651750404,-0.2088800055789761,78.9999982342124,1.0,2.5829445602350747,1
12:05:11.556852,139,-0.3407028775802044,3.306466260870498,-0.7799401161621546,-0.2783200074336491,28.999999351799488,1.0,4.705173843208021,1
12:05:11.556852,139,-0.3067297641669486,3.398901701343507,0.1024121391422833,-0.2088800055789761,28.999999351799488,1.0,2.0885154452698833,1
12:05:11.556852,139,-0.388619791587429,3.417078456861782,-0.842295215871654,-0.2088800055789761,66.35999851673841,1.0,2.237326539103768,1
12:05:11.556852,139,-0.3815822743638282,3.364200653490241,-0.7934458580906084,-0.2783200074336491,66.23999851942062,1.0,2.4965055361990776,1
12:05:11.556852,139,-0.3746419209911432,3.3030113820788083,-0.7790143841799739,-0.2783200074336491,27.519999384880062,1.0,3.5867501175152547,1
12:05:11.556852,139,-0.4312486712712851,3.4825864524497896,-0.821238953418117,-0.2783200074336491,32.119999282062054,1.0,1.3368893724547477,1
12:05:11.556852,139,-0.3954629811091982,3.486579196313107,-0.822308805911877,-0.2088800055789761,38.99999912828207,1.0,1.6410742387875554,1
12:05:11.610779,140,0.0,3.475822776760568,1.3250423880012274,-0.1391600037168245,19.519999563694,1.0,4.6960789343967955,1
12:05:11.610779,140,-0.1766453088650312,3.4646329781475678,1.2914617053179662,-0.1391600037168245,58.35999869555235,1.0,0.7629057978286748,1
12:05:11.610779,140,-0.2046399917382655,3.317002880788221,1.2172366050399377,-0.1391600037168245,22.99999948590994,1.0,3.8708532326090856,1
12:05:11.610779,140,-0.2084310086460623,3.3784513488880545,1.2027356795859656,-0.1391600037168245,55.75999875366688,1.0,1.086148841066999,1
12:05:11.610779,140,-0.2119355043311489,3.46275626133485,1.2919645700723557,-0.1391600037168245,62.5199986025691,1.0,0.5400367381381582,1
12:05:11.610779,140,-0.216013042461656,3.50134828508772,1.1737338286780217,-0.2088800055789761,32.51999927312136,1.0,0.9261151494095945,1
12:05:11.610779,140,-0.1705646001165575,3.318814994875767,1.2167510505335868,-0.1391600037168245,20.87999953329563,1.0,4.169920036833348,1
12:05:11.610779,140,-0.1737243602270861,3.3802970329297737,1.2022411300375038,-0.1391600037168245,48.87999890744686,1.0,1.3657419187293596,1
12:05:11.610779,140,-0.1800438804481433,3.5032611090377874,1.1732212890453384,-0.2088800055789761,30.759999312460423,1.0,1.164030989977656,1
12:05:11.610779,140,-0.1078390393175119,3.536350367890657,1.3134040118162438,-0.2088800055789761,23.639999471604824,1.0,4.466234333493829,1
12:05:11.610779,140,-0.1413374490160206,3.466168729701951,1.291050201929194,-0.1391600037168245,49.359998896718025,1.0,1.1526371893080922,1
12:05:11.610779,140,-0.1440567141974266,3.504826407720396,1.1728018685274195,-0.2088800055789761,27.639999382197857,1.0,1.5719959504549768,1
12:05:11.610779,140,-0.1042624188906838,3.382982268471368,1.2015216233426464,-0.1391600037168245,31.87999928742647,1.0,2.4580450792180675,1
12:05:11.610779,140,-0.106015455540521,3.467363362424132,1.290730101056034,-0.1391600037168245,39.63999911397696,1.0,1.7097197965976063,1
12:05:11.610779,140,-0.0695140721091961,3.383821551449938,1.201296738146317,-0.1391600037168245,25.23999943584204,1.0,3.271775775699769,1
12:05:11.610779,140,-0.0706828606082873,3.468216756851838,1.2905014347083048,-0.1391600037168245,31.119999304413795,1.0,2.434738211208795,1
12:05:11.610779,140,-0.0718986844450986,3.537218441651917,1.3131714121529434,-0.2088800055789761,19.879999555647373,1.0,5.1370264143923485,1
12:05:11.610779,140,-0.0347587739787365,3.384325154810468,1.2011617980325575,-0.1391600037168245,19.999999552965164,1.0,4.264724244132489,1
12:05:11.610779,140,-0.0353431974492108,3.468728827646343,1.29036422575245,-0.1391600037168245,24.51999945193529,1.0,3.3283724175738727,1
12:05:11.610779,140,-0.2519606033518984,3.4990881271509884,1.1743394361719357,-0.2088800055789761,31.87999928742647,1.0,0.8578408865934464,1
12:05:11.610779,140,-0.1390003395176335,3.381807389802352,1.2018364311332137,-0.1391600037168245,40.11999910324812,1.0,1.8228857213683394,1
12:05:11.610779,140,-0.2472045064243932,3.460538766933908,1.2925587459063088,-0.1391600037168245,59.51999866962433,1.0,0.4836370937295088,1
12:05:11.610779,140,-0.2878829683928985,3.496480861241492,1.1750380509668386,-0.2088800055789761,29.23999934643507,1.0,0.9589008979944874,1
12:05:11.610779,140,-0.2386949195322472,3.314861719790584,1.2178103274001195,-0.1391600037168245,24.23999945819378,1.0,3.752363248250011,1
12:05:11.610779,140,-0.2427885818232938,3.3987216160453757,1.305196085261368,-0.1391600037168245,57.35999871790409,1.0,0.24605777715403535,1
12:05:11.610779,140,-0.4578780060989689,3.4470342697266894,1.3327562452122528,-0.2088800055789761,15.519999653100967,1.0,4.059859150841957,1
12:05:11.610779,140,-0.4152796947424391,3.3896359154098787,1.3435561449201927,-0.2088800055789761,22.11999950557947,1.0,2.4661419230866346,1
12:05:11.610779,140,-0.4228329487158277,3.451287812361618,1.331616511898252,-0.2088800055789761,19.519999563694,1.0,3.1246014348868423,1
12:05:11.610779,140,-0.3741361164640176,3.3250701266008664,1.321004426075458,-0.1391600037168245,18.23999959230423,1.0,3.226561676435248,1
12:05:11.610779,140,-0.3808191352632649,3.39348080946568,1.3425259086629575,-0.1391600037168245,28.11999937146902,1.0,1.692899671260614,1
12:05:11.610779,140,-0.3877456083920648,3.455202638710455,1.3305675373395731,-0.2088800055789761,24.759999446570877,1.0,2.353171363484364,1
12:05:11.610779,140,-0.3954629811091982,3.486579196313107,1.177691194088123,-0.2088800055789761,17.879999600350857,1.0,2.2765200066129556,1
12:05:11.610779,140,-0.3402428941981289,3.328520340956369,1.3200799439251865,-0.1391600037168245,20.87999953329563,1.0,2.6236841070184163,1
12:05:11.610779,140,-0.3465459953354304,3.3901821734424167,1.3074842220106426,-0.1391600037168245,35.759999200701714,1.0,1.0433384728443795,1
12:05:11.610779,140,-0.4496987266000606,3.385458355708413,1.344675518668533,-0.2088800055789761,17.639999605715275,1.0,3.407178113629583,1
12:05:11.610779,140,-0.3596377449803197,3.4902260830862635,1.1767140137223675,-0.2088800055789761,21.51999951899052,1.0,1.6682966037235025,1
12:05:11.610779,140,-0.306315647927876,3.33164300487905,1.3192432286488702,-0.1391600037168245,22.99999948590994,1.0,2.1942284373052354,1
12:05:11.610779,140,-0.3119902367047489,3.393362685646012,1.306632006334172,-0.1391600037168245,44.63999900221825,1.0,0.607770345959536,1
12:05:11.610779,140,-0.3176648254816217,3.4550823664129746,1.2940207840194735,-0.2088800055789761,40.8799990862608,1.0,0.8691553997587754,1
12:05:11.610779,140,-0.3237765453782479,3.4935267480836365,1.175829603201836,-0.2088800055789761,25.51999942958355,1.0,1.229088275079025,1
12:05:11.610779,140,-0.2727259780342547,3.31239172599716,1.2184721602423776,-0.1391600037168245,24.119999460875988,1.0,3.8141800088587745,1
12:05:11.610779,140,-0.2774032793117826,3.3962092613987283,1.3058692686600375,-0.1391600037168245,52.87999881803989,1.0,0.34197668087829897,1
12:05:11.610779,140,-0.2824487882741033,3.457980716692321,1.2932441734027398,-0.1391600037168245,50.87999886274338,1.0,0.5934101209767613,1
12:05:11.610779,140,-0.3526194938323161,3.458778357293844,1.3296094264327931,-0.2088800055789761,31.87999928742647,1.0,1.7453837953974796,1
12:05:11.610779,140,-0.2927009112103433,3.479111646047114,0.878023096950703,-0.0697200018621515,8.359999813139439,0.8359999813139438,2.2105918391486403,1
12:05:11.664630,141,-0.1041216540682516,3.4054243007356964,1.303400106311476,-0.0697200018621515,42.23999905586243,1.0,0.5895804661546094,1
12:05:11.664630,141,-0.1023660571380351,3.3214513904035567,1.2160446304809864,-0.0697200018621515,22.51999949663877,1.0,3.785938321927274,1
12:05:11.664630,141,-0.1734898147505885,3.402742690533973,1.3041186415994428,-0.0697200018621515,69.35999844968319,1.0,0.033342488404180096,1
12:05:11.664630,141,-0.1364721521777369,3.32029788084333,1.2163537124361108,-0.0697200018621515,28.639999359846115,1.0,3.7977141601990887,1
12:05:11.664630,141,-0.1765303638935465,3.4715590075934086,1.3261848615062803,-0.0697200018621515,49.23999889940024,1.0,1.7133533129394185,1
12:05:11.664630,141,-0.105946470161898,3.4742876151800357,1.3254537333069822,-0.0697200018621515,42.9999990388751,1.0,1.3917542216029846,1
12:05:11.664630,141,-0.1388126749850206,3.4042510082718445,1.3037144890796506,-0.0697200018621515,55.87999875098467,1.0,0.18669496323341112,1
12:05:11.664630,141,-0.0682497255783819,3.322275408206456,1.2158238355761506,-0.0697200018621515,17.639999605715275,1.0,4.019824400166797,1
12:05:11.664630,141,-0.0347118461144194,3.406765374042267,1.3030407668019894,-0.0697200018621515,23.87999946624041,1.0,2.207941832577749,1
12:05:11.664630,141,-0.0706368665230252,3.4751404542949578,1.325225215754865,-0.0697200018621515,35.63999920338392,1.0,1.598976798590036,1
12:05:11.664630,141,-0.0341265691033504,3.322769851850939,1.2156913498009088,-0.0697200018621515,13.879999689757824,1.0,4.515329896346076,1
12:05:11.664630,141,-0.0353201992566798,3.475652191879579,1.3250880960823292,-0.0697200018621515,28.519999362528324,1.0,2.0741276425742052,1
12:05:11.664630,141,0.0,3.384493028193044,1.201116816495266,-0.0697200018621515,18.35999958962202,1.0,6.472291399988693,1
12:05:11.664630,141,0.0,3.475822776760568,1.3250423880012274,-0.0697200018621515,22.63999949395657,1.0,2.8349457979874386,1
12:05:11.664630,141,0.0353201992566798,3.475652191879579,1.3250880960823292,-0.0697200018621515,17.999999597668648,1.0,3.899802834023165,1
12:05:11.664630,141,0.0706368665230252,3.4751404542949578,1.325225215754865,-0.0697200018621515,14.51999967545271,1.0,5.287693628680836,1
12:05:11.664630,141,-0.1705646001165575,3.318814994875767,1.2167510505335868,-0.0697200018621515,35.51999920606613,1.0,4.039800045074028,1
12:05:11.664630,141,-0.069420221073309,3.4062624505972647,1.3031755247329324,-0.0697200018621515,31.63999929279089,1.0,1.257840450831877,1
12:05:11.664630,141,-0.2117975956560844,3.469683511980177,1.3266873990412538,-0.0697200018621515,45.35999898612499,1.0,2.209937850022816,1
12:05:11.664630,141,-0.1412454792425166,3.4730937598180063,1.3257736258871176,-0.0697200018621515,48.239998921751976,1.0,1.435362280218071,1
12:05:11.664630,141,-0.2043637070289134,3.339042735370334,1.3172604768395229,-0.0697200018621515,41.35999907553196,1.0,2.7130991363127115,1
12:05:11.664630,141,-0.4415194471011522,3.323882441690136,1.3565947921248136,-0.1391600037168245,15.119999662041664,1.0,5.084461600939957,1
12:05:11.664630,141,-0.4077264407690503,3.3279840184581397,1.3554957779421328,-0.1391600037168245,18.759999580681324,1.0,4.5939362528194,1
12:05:11.664630,141,-0.4152796947424391,3.3896359154098787,1.3435561449201927,-0.1391600037168245,20.63999953866005,1.0,3.0287643929520187,1
12:05:11.664630,141,-0.373892662134465,3.3317589802209056,1.3544842799863412,-0.1391600037168245,23.519999474287037,1.0,4.304808740147882,1
12:05:11.664630,141,-0.3808191352632649,3.39348080946568,1.3425259086629575,-0.1391600037168245,26.359999410808086,1.0,2.1378608223289404,1
12:05:11.664630,141,-0.3463204941896151,3.396992653389633,1.34158491291959,-0.1391600037168245,34.35999923199415,1.0,1.422478914563213,1
12:05:11.664630,141,-0.3526194938323161,3.458778357293844,1.3296094264327931,-0.0697200018621515,20.51999954134226,1.0,6.089890233564981,1
12:05:11.664630,141,-0.306315647927876,3.33164300487905,1.3192432286488702,-0.0697200018621515,35.879999198019505,1.0,1.9484237458213385,1
12:05:11.664630,141,-0.3402428941981289,3.328520340956369,1.3200799439251865,-0.0697200018621515,29.35999934375286,1.0,2.1412243743794717,1
12:05:11.664630,141,-0.3174581176186092,3.462014610542922,1.3287422749882,-0.0697200018621515,25.51999942958355,1.0,4.863393821943041,1
12:05:11.664630,141,-0.3117872213566938,3.4001710960002858,1.340733251788877,-0.1391600037168245,45.35999898612499,1.0,0.8938304861625699,1
12:05:11.664630,141,-0.2427885818232938,3.3987216160453757,1.305196085261368,-0.0697200018621515,71.51999840140343,1.0,0.41504540963758224,1
12:05:11.664630,141,-0.2383726572221943,3.336904465156843,1.3178334246164272,-0.0697200018621515,43.87999901920557,1.0,2.22196648302749,1
12:05:11.664630,141,-0.2342730249256969,3.253452917337115,1.232300624476181,-0.0697200018621515,7.519999831914902,0.7519999831914902,5.242491231163365,1
12:05:11.664630,141,-0.2470436478365008,3.4674674605263043,1.3272811882387048,-0.0697200018621515,38.75999913364649,1.0,2.909992496867989,1
12:05:11.664630,141,-0.2772227700628525,3.403015819456041,1.3399710104362177,-0.0697200018621515,58.87999868392944,1.0,0.5637986364378864,1
12:05:11.664630,141,-0.2723577703494619,3.3344378061051354,1.3184943639173352,-0.0697200018621515,41.63999906927347,1.0,1.971311863565745,1
12:05:11.664630,141,-0.2822649958591071,3.464911074835076,1.327966169720212,-0.0697200018621515,31.63999929279089,1.0,3.7990674756379996,1
12:05:11.664630,141,-0.2081496056800312,3.400899498352592,1.3046125234559391,-0.0697200018621515,76.2399982959032,1.0,0.11431498626814096,1
12:05:11.715519,142,-0.1705646001165575,3.318814994875767,1.2167510505335868,-0.0697200018621515,18.519999586045746,1.0,3.157119645715645,1
12:05:11.715519,142,0.0,3.4716951017530246,1.032451368490764,-0.2088800055789761,13.639999695122242,1.0,4.191619327195017,1
12:05:11.715519,142,-0.0695314565662568,3.3756634617797783,1.1674923615205008,-0.1391600037168245,18.639999583363533,1.0,3.7425051689537323,1
12:05:11.715519,142,-0.1062012597293274,3.409228191900447,1.0498441278265234,-0.1391600037168245,18.35999958962202,1.0,6.318858689091034,1
12:05:11.715519,142,-0.104288493403214,3.3748239689087582,1.1677173029573422,-0.1391600037168245,21.359999522566795,1.0,1.3884209587756629,1
12:05:11.715519,142,-0.1390003395176335,3.381807389802352,1.2018364311332137,-0.1391600037168245,23.87999946624041,1.0,0.601880820419302,1
12:05:11.715519,142,-0.1737243602270861,3.3802970329297737,1.2022411300375038,-0.1391600037168245,25.51999942958355,1.0,0.0747170257108586,1
12:05:11.715519,142,-0.2084310086460623,3.3784513488880545,1.2027356795859656,-0.1391600037168245,25.87999942153692,1.0,1.198728168549839,1
12:05:11.715519,142,-0.2383726572221943,3.336904465156843,1.3178334246164272,-0.0697200018621515,19.759999558329586,1.0,1.3486345262006951,1
12:05:11.715519,142,-0.2774032793117826,3.3962092613987283,1.3058692686600375,-0.0697200018621515,22.51999949663877,1.0,2.5636658649057775,1
12:05:11.715519,142,-0.2721805442665979,3.341120564077006,1.351975851152223,-0.0697200018621515,18.999999575316902,1.0,1.8990387272844487,1
12:05:11.715519,142,-0.2671383184703433,3.279225308697971,1.3639806918682285,-0.0697200018621515,4.999999888241291,0.4999999888241291,4.484680420507637,1
12:05:11.715519,142,-0.3117872213566938,3.4001710960002858,1.340733251788877,-0.0697200018621515,19.759999558329586,1.0,4.682285887228856,1
12:05:11.715519,142,-0.3061163250947784,3.3383275814576496,1.3527242285895538,-0.0697200018621515,17.519999608397484,1.0,1.6921422521057945,1
12:05:11.715519,142,-0.2431168141387976,3.376270522244052,1.2033200303240583,-0.1391600037168245,24.759999446570877,1.0,3.968899590928902,1
12:05:11.774998,143,-0.1023660571380351,3.3214513904035567,1.2160446304809864,-0.0697200018621515,34.11999923735857,1.0,1.5607870286929961,1
12:05:11.774998,143,-0.1042624188906838,3.382982268471368,1.2015216233426464,-0.0697200018621515,62.5199986025691,1.0,0.1789645994039457,1
12:05:11.774998,143,-0.1061587806433324,3.444513146539179,1.1869986162043062,-0.0697200018621515,41.999999061226845,1.0,1.4749448878870395,1
12:05:11.774998,143,-0.0682497255783819,3.322275408206456,1.2158238355761506,-0.0697200018621515,29.759999334812164,1.0,2.54693963762632,1
12:05:11.774998,143,-0.0695314565662568,3.3756634617797783,1.1674923615205008,-0.0697200018621515,50.75999886542559,1.0,0.25504421959242085,1
12:05:11.774998,143,-0.0707784186400104,3.44536769469342,1.186769640716484,-0.0697200018621515,37.63999915868044,1.0,2.106811548711795,1
12:05:11.774998,143,-0.0341351036612781,3.314760268054391,1.1825017860010878,-0.0697200018621515,24.879999443888664,1.0,2.3623466741803845,1
12:05:11.774998,143,-0.0347674666418963,3.376167191084175,1.167357387660184,-0.0697200018621515,38.99999912828207,1.0,0.7820886546776941,1
12:05:11.774998,143,0.0,3.376335106449439,1.1673123948736646,-0.0697200018621515,29.639999337494373,1.0,1.974690006195666,1
12:05:11.774998,143,0.0,3.3149251293156,1.1824576115592835,-0.0697200018621515,20.359999544918537,1.0,3.743911151054963,1
12:05:11.774998,143,0.0,3.437745083583279,1.1521671781880451,-0.0697200018621515,26.119999416172504,1.0,2.8677081052681856,1
12:05:11.774998,143,0.0341351036612781,3.314760268054391,1.1825017860010878,-0.0697200018621515,16.639999628067017,1.0,5.785332189343156,1
12:05:11.774998,143,0.0347726825875202,3.3496710484407086,1.0664572176071585,-0.1391600037168245,22.63999949395657,1.0,3.745537733234505,1
12:05:11.774998,143,0.0354051404376023,3.4105960502563444,1.0494776112847002,-0.1391600037168245,21.239999525249004,1.0,4.980876417628158,1
12:05:11.774998,143,0.0695418879359143,3.3491672435649544,1.0665922117167594,-0.0697200018621515,17.639999605715275,1.0,3.4329624872226407,1
12:05:11.774998,143,0.0708067403908234,3.4100830819993133,1.0496150607149146,-0.1391600037168245,17.23999961465597,1.0,4.3863032635842,1
12:05:11.774998,143,0.104304139153777,3.3483276247500684,1.066817186900158,-0.0697200018621515,13.999999687075617,1.0,3.795184511795414,1
12:05:11.774998,143,-0.0353998296225146,3.4375741141139597,1.1522129893192798,-0.0697200018621515,31.87999928742647,1.0,1.8718747570277452,1
12:05:11.774998,143,-0.1415285268575301,3.443316898761374,1.1873191498303166,-0.0697200018621515,43.119999036192894,1.0,1.5109882906341945,1
12:05:11.774998,143,-0.1364721521777369,3.32029788084333,1.2163537124361108,-0.0697200018621515,36.63999918103218,1.0,1.2241702704043802,1
12:05:11.774998,143,-0.1768841203376147,3.44177907098378,1.187731209541421,-0.0697200018621515,40.51999909430742,1.0,2.210825065399829,1
12:05:11.774998,143,-0.1390003395176335,3.381807389802352,1.2018364311332137,-0.0697200018621515,68.75999846309423,1.0,0.025238028981884365,1
12:05:11.774998,143,-0.3400214945469139,3.3352069494854217,1.353560399406387,-0.0697200018621515,15.87999964505434,1.0,4.523913874934967,1
12:05:11.774998,143,-0.3463204941896151,3.396992653389633,1.34158491291959,-0.0697200018621515,19.119999572634697,1.0,3.321170881209264,1
12:05:11.774998,143,-0.306315647927876,3.33164300487905,1.3192432286488702,-0.0697200018621515,19.35999956727028,1.0,3.17455603111895,1
12:05:11.774998,143,-0.3119902367047489,3.393362685646012,1.306632006334172,-0.0697200018621515,24.63999944925308,1.0,2.0850091768684926,1
12:05:11.774998,143,-0.3174581176186092,3.462014610542922,1.3287422749882,-0.0697200018621515,19.63999956101179,1.0,4.730425723370302,1
12:05:11.774998,143,-0.2774032793117826,3.3962092613987283,1.3058692686600375,-0.0697200018621515,32.239999279379845,1.0,1.821198677631915,1
12:05:11.774998,143,-0.2824487882741033,3.457980716692321,1.2932441734027398,-0.0697200018621515,24.119999460875988,1.0,3.2895556180157484,1
12:05:11.774998,143,-0.2723577703494619,3.3344378061051354,1.3184943639173352,-0.0697200018621515,23.75999946892261,1.0,3.035735791708622,1
12:05:11.774998,143,-0.2431168141387976,3.376270522244052,1.2033200303240583,-0.0697200018621515,42.35999905318022,1.0,3.4770994720605315,1
12:05:11.774998,143,-0.247538708745348,3.43767932469752,1.1888297332479971,-0.0697200018621515,29.639999337494373,1.0,5.585335730311423,1
12:05:11.774998,143,-0.2046399917382655,3.317002880788221,1.2172366050399377,-0.0697200018621515,33.2399992570281,1.0,2.48436377566329,1
12:05:11.774998,143,-0.2084310086460623,3.3784513488880545,1.2027356795859656,-0.0697200018621515,54.51999878138304,1.0,1.6782813926707276,1
12:05:11.774998,143,-0.2122220255538592,3.439899816987887,1.1882347541319938,-0.0697200018621515,35.51999920606613,1.0,3.5703228661138064,1
12:05:11.774998,143,-0.1674048400060289,3.25733295682176,1.2312609710296696,-0.0697200018621515,6.519999854266644,0.6519999854266645,5.231721300170488,1
12:05:11.774998,143,-0.1705646001165575,3.318814994875767,1.2167510505335868,-0.0697200018621515,36.35999918729067,1.0,1.5332985825853254,1
12:05:11.774998,143,-0.1737243602270861,3.3802970329297737,1.2022411300375038,-0.0697200018621515,65.23999854177237,1.0,0.5263331709951153,1
12:05:11.774998,143,-0.2386949195322472,3.314861719790584,1.2178103274001195,-0.0697200018621515,28.639999359846115,1.0,4.073542142344294,1
12:05:11.826707,144,-0.1703343206361457,3.3408524029203783,1.3167755778809196,-0.0697200018621515,30.51999931782484,1.0,3.064881752742764,1
12:05:11.826707,144,-0.0682497255783819,3.322275408206456,1.2158238355761506,-0.0697200018621515,27.639999382197857,1.0,4.162036203491976,1
12:05:11.826707,144,-0.1023660571380351,3.3214513904035567,1.2160446304809864,-0.0697200018621515,29.999999329447743,1.0,2.1027243036792442,1
12:05:11.826707,144,-0.1364721521777369,3.32029788084333,1.2163537124361108,-0.0697200018621515,31.119999304413795,1.0,1.6969183559692251,1
12:05:11.826707,144,-0.1339439648378404,3.258788371884308,1.230870993739008,-0.0697200018621515,10.239999771118164,1.0,6.223336514371164,1
12:05:11.826707,144,-0.1737243602270861,3.3802970329297737,1.2022411300375038,-0.0697200018621515,27.99999937415123,1.0,2.5659641103882302,1
12:05:11.826707,144,-0.2081496056800312,3.400899498352592,1.3046125234559391,-0.0697200018621515,27.359999388456345,1.0,3.4569415179370804,1
12:05:11.826707,144,-0.2427885818232938,3.3987216160453757,1.305196085261368,-0.0697200018621515,25.51999942958355,1.0,1.4585972662607358,1
12:05:11.826707,144,-0.2383726572221943,3.336904465156843,1.3178334246164272,-0.0697200018621515,25.51999942958355,1.0,0.8922372110007928,1
12:05:11.826707,144,-0.2774032793117826,3.3962092613987283,1.3058692686600375,-0.0697200018621515,22.99999948590994,1.0,1.2223986470230825,1
12:05:11.826707,144,-0.2723577703494619,3.3344378061051354,1.3184943639173352,-0.0697200018621515,22.11999950557947,1.0,2.385959720629456,1
12:05:11.826707,144,-0.3117872213566938,3.4001710960002858,1.340733251788877,-0.0697200018621515,20.119999550282955,1.0,2.3465417656185847,1
12:05:11.826707,144,-0.3061163250947784,3.3383275814576496,1.3527242285895538,-0.0697200018621515,18.999999575316902,1.0,3.8234322169935275,1
12:05:11.826707,144,-0.2043637070289134,3.339042735370334,1.3172604768395229,-0.0697200018621515,28.359999366104603,1.0,1.1268668747644477,1
12:05:11.883394,145,0.0,3.384493028193044,1.201116816495266,-0.0697200018621515,18.23999959230423,1.0,7.226694325307344,1
12:05:11.883394,145,0.0,3.5000335943031424,1.4645781175633066,-0.1391600037168245,35.759999200701714,1.0,0.9044065356642579,1
12:05:11.883394,145,0.0,3.5379129527487354,1.3129853184654166,0.1391600037168245,35.879999198019505,1.0,0.6081097665180528,1
12:05:11.883394,145,0.0,3.490426775954477,0.874991217029772,-0.0697200018621515,20.75999953597784,1.0,2.3761573226953154,1
12:05:11.883394,145,0.0351929148775259,3.4998636241636083,1.464623660924932,-0.1391600037168245,34.759999223053455,1.0,1.1810181771920623,1
12:05:11.883394,145,0.0359511397644776,3.537739320633764,1.313031843050403,0.1391600037168245,33.7599992454052,1.0,1.023313949286778,1
12:05:11.883394,145,0.0366260594059683,3.4902498842008534,0.8750386150323033,-0.0697200018621515,18.879999577999115,1.0,2.5005030688937775,1
12:05:11.883394,145,0.0706368665230252,3.4751404542949578,1.325225215754865,-0.1391600037168245,31.359999299049377,1.0,1.2083303292145084,1
12:05:11.883394,145,0.1078390393175119,3.536350367890657,1.3134040118162438,0.1391600037168245,25.11999943852425,1.0,2.53739763310599,1
12:05:11.883394,145,0.0732484562366814,3.4897192266290094,0.8751808043001363,-0.0697200018621515,16.519999630749226,1.0,2.8697913481210864,1
12:05:11.883394,145,0.105946470161898,3.4742876151800357,1.3254537333069822,-0.1391600037168245,26.99999939650297,1.0,1.8405023196170407,1
12:05:11.883394,145,0.1412454792425166,3.4730937598180063,1.3257736258871176,-0.1391600037168245,22.63999949395657,1.0,2.7093497064440752,1
12:05:11.883394,145,0.1440567141974266,3.504826407720396,1.1728018685274195,0.1391600037168245,20.63999953866005,1.0,2.6254780180833093,1
12:05:11.883394,145,0.1765303638935465,3.4715590075934086,1.3261848615062803,-0.1391600037168245,18.639999583363533,1.0,3.8114587466557133,1
12:05:11.883394,145,0.1800438804481433,3.5032611090377874,1.1732212890453384,0.1391600037168245,16.99999962002039,1.0,3.810441209584309,1
12:05:11.883394,145,0.0718986844450986,3.537218441651917,1.3131714121529434,0.1391600037168245,29.759999334812164,1.0,1.6678001281700525,1
12:05:11.883394,145,-0.0366260594059683,3.4902498842008534,0.8750386150323033,-0.0697200018621515,21.639999516308308,1.0,2.501368116256563,1
12:05:11.883394,145,-0.0351929148775259,3.4998636241636083,1.464623660924932,0.2088800055789761,34.23999923467636,1.0,0.8693273864343636,1
12:05:11.883394,145,-0.0358215816475615,3.5623832525554318,1.4550599940615565,0.1391600037168245,34.99999921768904,1.0,1.554548516218798,1
12:05:11.883394,145,-0.2136835993550915,3.5753063019870868,1.5995734771404195,0.1391600037168245,15.119999662041664,1.0,4.5869025180809135,1
12:05:11.883394,145,-0.1749766360020134,3.5144188632771054,1.6061028259328287,0.2088800055789761,18.23999959230423,1.0,3.7860924288860813,1
12:05:11.883394,145,-0.1781023218671909,3.577198498411548,1.599066464636564,0.1391600037168245,18.519999586045746,1.0,3.841626005820593,1
12:05:11.883394,145,-0.1400023104424771,3.515940107415699,1.605695209794402,0.2088800055789761,21.99999950826168,1.0,2.9401441679977927,1
12:05:11.883394,145,-0.143250507457935,3.559788502669755,1.4557552551979842,0.1391600037168245,22.63999949395657,1.0,1.9971590982226113,1
12:05:11.883394,145,-0.146467614068811,3.4875968616628907,0.8757494902788518,-0.0697200018621515,17.639999605715275,1.0,4.425158819641576,1
12:05:11.883394,145,-0.1832769488912912,3.528196437500537,1.0166570799188446,-0.0697200018621515,15.239999659359457,1.0,3.9255805115707028,1
12:05:11.883394,145,-0.1074504167882806,3.560999305219749,1.4554308216325198,0.1391600037168245,27.239999391138557,1.0,1.6098057798630832,1
12:05:11.883394,145,-0.1098635282831385,3.488834856304259,0.8754177706144632,-0.0697200018621515,19.879999555647373,1.0,3.5204775454034456,1
12:05:11.883394,145,-0.0703823104930487,3.4993537307418783,1.464760286455511,0.2088800055789761,30.759999312460423,1.0,1.0803447074438035,1
12:05:11.883394,145,-0.0716395811669696,3.561864250679581,1.4551990601950608,0.1391600037168245,31.75999929010868,1.0,1.4640525524041026,1
12:05:11.883394,145,-0.0732484562366814,3.4897192266290094,0.8751808043001363,-0.0697200018621515,21.359999522566795,1.0,2.881062389154364,1
12:05:11.883394,145,-0.0744657885431232,3.538049125451057,0.8204112510864479,0.0697200018621515,7.759999826550484,0.7759999826550483,5.110152039009565,1
12:05:11.883394,145,-0.1055646679364885,3.4985039650268663,1.4649879804926038,0.2088800055789761,26.359999410808086,1.0,1.5423080061674395,1
12:05:11.937093,146,-0.034689258748882,3.4135650631253927,1.3371443491142556,0.0697200018621515,37.35999916493893,1.0,1.1193539374242993,1
12:05:11.937093,146,0.1041216540682516,3.4054243007356964,1.303400106311476,0.0697200018621515,20.51999954134226,1.0,4.3578613786200755,1
12:05:11.937093,146,-0.0353201992566798,3.475652191879579,1.3250880960823292,-0.0697200018621515,23.35999947786331,1.0,2.738453643773115,1
12:05:11.937093,146,0.0,3.3449665179565624,1.3156732040794052,0.0697200018621515,22.51999949663877,1.0,3.1377713050830907,1
12:05:11.937093,146,0.034689258748882,3.4135650631253927,1.3371443491142556,0.0697200018621515,29.35999934375286,1.0,4.632961070051608,1
12:05:11.937093,146,0.069420221073309,3.4062624505972647,1.3031755247329324,0.0697200018621515,24.759999446570877,1.0,3.630958470397272,1
12:05:11.937093,146,-0.034080494779628,3.344801920438192,1.315717307851529,0.0697200018621515,24.759999446570877,1.0,3.2890725741654645,1
12:05:11.937093,146,0.0,3.4137326007724,1.3370994575370383,0.0697200018621515,33.99999924004078,1.0,2.499231234917427,1
12:05:11.937093,146,-0.0693750486009518,3.413062466937998,1.337279019356787,0.0697200018621515,38.519999139010906,1.0,0.46674070279277213,1
12:05:11.937093,146,-0.1387223481086921,3.4110523334793803,1.3378176329937024,0.0697200018621515,33.7599992454052,1.0,1.2388409275083532,1
12:05:11.937093,146,-0.104053901006284,3.4122248624694125,1.3375034547977211,0.0697200018621515,37.11999917030335,1.0,0.5151781106574268,1
12:05:11.937093,146,-0.1021613318506701,3.3501621097587897,1.34955317628846,0.0697200018621515,26.239999413490292,1.0,1.9082716622384153,1
12:05:11.937093,146,-0.1361992169748676,3.349010907140755,1.349861640100287,0.0697200018621515,25.11999943852425,1.0,1.440885324672613,1
12:05:11.937093,146,-0.133676085841043,3.286969480802129,1.3619056472068718,0.0697200018621515,6.999999843537808,0.6999999843537809,7.197993870754216,1
12:05:11.937093,146,-0.173376923092511,3.40954499721982,1.338221522527174,0.0697200018621515,29.35999934375286,1.0,2.6123050170041924,1
12:05:11.937093,146,-0.1702234822914753,3.3475309868462317,1.350258183548067,0.0697200018621515,22.99999948590994,1.0,1.6338330686758784,1
12:05:11.937093,146,-0.2080141605292759,3.4077030044230936,1.3387150830095207,0.0697200018621515,24.879999443888664,1.0,4.61056002273429,1
12:05:11.937093,146,-0.2042307254024673,3.3457224968660086,1.3507427669777874,0.0697200018621515,20.359999544918537,1.0,2.463119158336685,1
12:05:11.937093,146,-0.0681575815383308,3.3443081443426927,1.3158496147575598,0.0697200018621515,26.239999413490292,1.0,4.1279620614625765,1
12:05:11.992377,147,0.0353909788541226,3.4458804577699973,1.1866322462642067,0.0697200018621515,12.879999712109566,1.0,1.9400685593611187,1
12:05:11.992377,147,0.0359511397644776,3.537739320633764,1.313031843050403,0.1391600037168245,25.63999942690134,1.0,0.5057686886871136,1
12:05:11.992377,147,0.0365820802722753,3.59982644938795,1.300975590018477,0.1391600037168245,13.23999970406294,1.0,0.6291586450866715,1
12:05:11.992377,147,0.0718986844450986,3.537218441651917,1.3131714121529434,0.1391600037168245,25.63999942690134,1.0,0.9893756144821011,1
12:05:11.992377,147,0.1437686103763411,3.535135186156632,1.3137296187805327,0.1391600037168245,22.239999502897263,1.0,3.0413356195017394,1
12:05:11.992377,147,0.1796838046945821,3.5335730179669964,1.3141482004853873,0.1391600037168245,19.63999956101179,1.0,4.608410350056685,1
12:05:11.992377,147,0.0,3.5379129527487354,1.3129853184654166,0.1391600037168245,24.35999945551157,1.0,0.3843594841707143,1
12:05:11.992377,147,0.1078390393175119,3.536350367890657,1.3134040118162438,0.1391600037168245,24.35999945551157,1.0,1.8347540183326758,1
12:05:11.992377,147,-0.0358593533635506,3.556755171133744,1.4194623239951936,0.1391600037168245,22.11999950557947,1.0,3.8621796757252893,1
12:05:11.992377,147,-0.1022278525959822,3.343485239047262,1.3160701115669178,0.1391600037168245,18.999999575316902,1.0,1.3071463716124827,1
12:05:11.992377,147,-0.0341265691033504,3.322769851850939,1.2156913498009088,0.1391600037168245,21.639999516308308,1.0,1.105747955110486,1
12:05:11.992377,147,-0.0347674666418963,3.376167191084175,1.167357387660184,0.1391600037168245,21.359999522566795,1.0,2.0713011237898176,1
12:05:11.992377,147,-0.1390003395176335,3.381807389802352,1.2018364311332137,0.1391600037168245,17.519999608397484,1.0,2.4523786182692833,1
12:05:11.992377,147,-0.1042624188906838,3.382982268471368,1.2015216233426464,0.1391600037168245,19.35999956727028,1.0,1.662503304518374,1
12:05:11.992377,147,-0.1362879009540206,3.3423332868417384,1.3163787762301071,0.1391600037168245,16.8799996227026,1.0,2.3913541546627832,1
12:05:11.992377,147,-0.0695314565662568,3.3756634617797783,1.1674923615205008,0.1391600037168245,20.87999953329563,1.0,2.070806640952361,1
12:05:11.992377,147,-0.0716395811669696,3.561864250679581,1.4551990601950608,0.1391600037168245,19.519999563694,1.0,6.712669501526998,1
12:05:11.992377,147,-0.0334491434448366,3.282838466834116,1.3283938489010687,0.1391600037168245,5.999999865889549,0.5999999865889549,0.13306780089776699,1
12:05:11.992377,147,-0.0682497255783819,3.322275408206456,1.2158238355761506,0.1391600037168245,20.75999953597784,1.0,1.2130141472248024,1
12:05:12.050610,148,0.1023660571380351,3.3214513904035567,1.2160446304809864,0.2088800055789761,23.519999474287037,1.0,3.2658667366249565,1
12:05:12.050610,148,0.1042624188906838,3.382982268471368,1.2015216233426464,0.0697200018621515,21.7599995136261,1.0,1.7725758813327899,1
12:05:12.050610,148,0.1068898965214046,3.5799514035544604,1.5983288259266812,0.2088800055789761,28.23999936878681,1.0,1.1780826834678702,1
12:05:12.050610,148,0.1093361656400728,3.6234946454126313,1.4458736627724356,0.2088800055789761,18.35999958962202,1.0,0.9609202090049962,1
12:05:12.050610,148,0.1364721521777369,3.32029788084333,1.2163537124361108,0.2088800055789761,20.999999530613422,1.0,4.036672661517668,1
12:05:12.050610,148,0.1425032342963179,3.5787469172142004,1.5986515670688484,0.2088800055789761,28.879999354481697,1.0,1.1295992098696295,1
12:05:12.050610,148,0.145764545914293,3.622262593345077,1.44620379012897,0.2088800055789761,18.35999958962202,1.0,0.837371781380572,1
12:05:12.050610,148,0.1821783498560435,3.620678737618797,1.4466281829917542,0.2088800055789761,17.23999961465597,1.0,0.9604942268956496,1
12:05:12.050610,148,0.2492435086620808,3.573070517158875,1.6001725538795888,0.2088800055789761,21.639999516308308,1.0,2.418557648485084,1
12:05:12.050610,148,0.2136835993550915,3.5753063019870868,1.5995734771404195,0.2088800055789761,24.99999944120645,1.0,1.7470940858440729,1
12:05:12.050610,148,0.2185739361154375,3.618743236618036,1.4471467989218578,0.2088800055789761,15.359999656677246,1.0,1.3331913668708457,1
12:05:12.050610,148,0.0728968518408904,3.624374770617285,1.4456378339346103,0.2088800055789761,17.11999961733818,1.0,1.3281836825840563,1
12:05:12.050610,148,0.2549476651643415,3.616456283891273,1.447759586058122,0.2088800055789761,13.23999970406294,1.0,1.9583135599683839,1
12:05:12.050610,148,0.2847784938270204,3.57049136750352,1.6008636349469,0.2088800055789761,18.23999959230423,1.0,3.33540198757278,1
12:05:12.050610,148,0.2912958996603244,3.613818108131865,1.4484664831223468,0.2088800055789761,11.239999748766422,1.0,2.83865626214593,1
12:05:12.050610,148,0.3219645449142116,3.54855208105563,1.4587660452953046,0.2088800055789761,15.239999659359457,1.0,4.329409036168395,1
12:05:12.050610,148,0.3276150048103892,3.610828973155177,1.4492674194254178,0.2088800055789761,9.519999787211418,0.9519999787211418,3.9769586039644387,1
12:05:12.050610,148,0.0712658698463916,3.580811836984703,1.598098273483907,0.2088800055789761,25.999999418854717,1.0,1.4609792746036026,1
12:05:12.050610,148,0.1781023218671909,3.577198498411548,1.599066464636564,0.2088800055789761,27.759999379515648,1.0,1.3183469345071261,1
12:05:12.050610,148,0.0695140721091961,3.383821551449938,1.201296738146317,0.0697200018621515,24.51999945193529,1.0,1.3844122705074395,1
12:05:12.050610,148,0.0703823104930487,3.4993537307418783,1.464760286455511,0.0697200018621515,11.519999742507936,1.0,0.2595367235564249,1
12:05:12.050610,148,-0.1390003395176335,3.381807389802352,1.2018364311332137,0.0697200018621515,19.239999569952488,1.0,3.789959879663199,1
12:05:12.050610,148,-0.1042624188906838,3.382982268471368,1.2015216233426464,0.0697200018621515,22.11999950557947,1.0,2.839368541417559,1
12:05:12.050610,148,-0.0695140721091961,3.383821551449938,1.201296738146317,0.0697200018621515,24.759999446570877,1.0,2.1048493990094026,1
12:05:12.050610,148,-0.034080494779628,3.344801920438192,1.315717307851529,0.2088800055789761,24.35999945551157,1.0,1.8441244890401274,1
12:05:12.050610,148,-0.0347587739787365,3.384325154810468,1.2011617980325575,0.0697200018621515,26.6399994045496,1.0,1.5892788933227369,1
12:05:12.050610,148,-0.0356347166441006,3.581328131462307,1.5979599327955765,0.2088800055789761,16.239999637007713,1.0,3.6872488143425985,1
12:05:12.050610,148,-0.036450248417597,3.624902880947255,1.4454963271981804,0.2088800055789761,10.87999975681305,1.0,3.861957058763833,1
12:05:12.050610,148,0.0,3.3229346718930555,1.2156471864037273,0.2088800055789761,25.999999418854717,1.0,2.305674579928105,1
12:05:12.050610,148,-0.0681575815383308,3.3443081443426927,1.3158496147575598,0.2088800055789761,21.99999950826168,1.0,2.2655863543458663,1
12:05:12.050610,148,0.0,3.581500235358257,1.5979138176956424,0.2088800055789761,19.35999956727028,1.0,2.718498682734304,1
12:05:12.050610,148,0.0,3.6250789235919503,1.4454491567137009,0.2088800055789761,12.879999712109566,1.0,2.781781282642402,1
12:05:12.050610,148,0.0334491434448366,3.282838466834116,1.3283938489010687,0.2088800055789761,5.759999871253967,0.5759999871253967,3.11456246605944,1
12:05:12.050610,148,0.0341265691033504,3.322769851850939,1.2156913498009088,0.2088800055789761,26.359999410808086,1.0,2.4029385735530666,1
12:05:12.050610,148,0.0347587739787365,3.384325154810468,1.2011617980325575,0.0697200018621515,26.519999407231808,1.0,1.226287170826022,1
12:05:12.050610,148,0.0356347166441006,3.581328131462307,1.5979599327955765,0.2088800055789761,22.75999949127436,1.0,1.9754224574051555,1
12:05:12.050610,148,0.036450248417597,3.624902880947255,1.4454963271981804,0.2088800055789761,15.119999662041664,1.0,1.93615584199855,1
12:05:12.050610,148,0.0,3.384493028193044,1.201116816495266,0.0697200018621515,27.239999391138557,1.0,1.2954932677686934,1
12:05:12.050610,148,0.0682497255783819,3.322275408206456,1.2158238355761506,0.2088800055789761,25.51999942958355,1.0,2.722138275899129,1
12:05:12.107485,149,0.1800438804481433,3.5032611090377874,1.1732212890453384,0.1391600037168245,40.99999908357859,1.0,0.7359012099558448,1
12:05:12.107485,149,0.1734898147505885,3.402742690533973,1.3041186415994428,0.2088800055789761,38.1199991479516,1.0,1.1997576718068221,1
12:05:12.107485,149,0.1705646001165575,3.318814994875767,1.2167510505335868,0.2088800055789761,22.63999949395657,1.0,4.36568206831389,1
12:05:12.107485,149,0.1465849015373232,3.566335916679418,1.1582845872245229,0.1391600037168245,24.51999945193529,1.0,2.0357576216744353,1
12:05:12.107485,149,0.1440567141974266,3.504826407720396,1.1728018685274195,0.1391600037168245,46.999998949468136,1.0,0.434621824403707,1
12:05:12.107485,149,0.1099515041486298,3.567574902674802,1.1579526019276265,0.1391600037168245,26.119999416172504,1.0,1.899859831786941,1
12:05:12.107485,149,0.1388126749850206,3.4042510082718445,1.3037144890796506,0.2088800055789761,45.99999897181988,1.0,0.8548011002331241,1
12:05:12.107485,149,0.1362879009540206,3.3423332868417384,1.3163787762301071,0.2088800055789761,24.99999944120645,1.0,2.857602219964647,1
12:05:12.107485,149,0.1078390393175119,3.536350367890657,1.3134040118162438,0.1391600037168245,49.87999888509512,1.0,1.2744512498109999,1
12:05:12.107485,149,0.105946470161898,3.4742876151800357,1.3254537333069822,0.2088800055789761,52.999998815357685,1.0,0.21588477007053153,1
12:05:12.107485,149,0.1832769488912912,3.528196437500537,1.0166570799188446,0.1391600037168245,21.87999951094389,1.0,1.239127618517966,1
12:05:12.107485,149,0.1412454792425166,3.4730937598180063,1.3257736258871176,0.2088800055789761,48.87999890744686,1.0,0.4144317106187384,1
12:05:12.107485,149,0.2046399917382655,3.317002880788221,1.2172366050399377,0.2088800055789761,19.879999555647373,1.0,4.83746976699335,1
12:05:12.107485,149,0.2777783081538026,3.373754771078604,1.2039941238171978,0.2088800055789761,18.879999577999115,1.0,3.6790576771817425,1
12:05:12.107485,149,0.2117975956560844,3.469683511980177,1.3266873990412538,0.2088800055789761,32.51999927312136,1.0,1.3051369219666018,1
12:05:12.107485,149,0.216013042461656,3.50134828508772,1.1737338286780217,0.1391600037168245,33.87999924272299,1.0,1.205193382765259,1
12:05:12.107485,149,0.2198920132389622,3.5262492647531958,1.0171788232840189,0.1391600037168245,18.999999575316902,1.0,1.645509691636236,1
12:05:12.107485,149,0.2427885818232938,3.3987216160453757,1.305196085261368,0.2088800055789761,23.87999946624041,1.0,2.392889637382475,1
12:05:12.107485,149,0.2470436478365008,3.4674674605263043,1.3272811882387048,0.2088800055789761,25.359999433159828,1.0,1.9974671007531952,1
12:05:12.107485,149,0.2519606033518984,3.4990881271509884,1.1743394361719357,0.1391600037168245,27.519999384880062,1.0,1.842628354224375,1
12:05:12.107485,149,0.256485088569535,3.523948520903276,1.0177953057405955,0.1391600037168245,16.239999637007713,1.0,2.2238773385502055,1
12:05:12.107485,149,0.2822649958591071,3.464911074835076,1.327966169720212,0.2088800055789761,19.879999555647373,1.0,2.854668134551003,1
12:05:12.107485,149,0.2878829683928985,3.496480861241492,1.1750380509668386,0.1391600037168245,22.11999950557947,1.0,2.648401661523565,1
12:05:12.107485,149,0.3174581176186092,3.462014610542922,1.3287422749882,0.2088800055789761,15.75999964773655,1.0,3.8769826211817136,1
12:05:12.107485,149,0.3237765453782479,3.4935267480836365,1.175829603201836,0.1391600037168245,17.879999600350857,1.0,3.622774244389056,1
12:05:12.107485,149,0.104053901006284,3.4122248624694125,1.3375034547977211,0.2088800055789761,51.23999885469675,1.0,0.5935984086976501,1
12:05:12.107485,149,0.2081496056800312,3.400899498352592,1.3046125234559391,0.2088800055789761,30.35999932140112,1.0,1.7124161751568154,1
12:05:12.107485,149,0.1022278525959822,3.343485239047262,1.3160701115669178,0.2088800055789761,26.239999413490292,1.0,2.684609810447055,1
12:05:12.107485,149,0.1765303638935465,3.4715590075934086,1.3261848615062803,0.2088800055789761,40.99999908357859,1.0,0.7774975713246363,1
12:05:12.107485,149,0.0718986844450986,3.537218441651917,1.3131714121529434,0.1391600037168245,48.239998921751976,1.0,1.233385391915105,1
12:05:12.107485,149,0.073307111701639,3.568459981180384,1.1577154458568173,0.1391600037168245,26.359999410808086,1.0,1.9298745744708397,1
12:05:12.107485,149,-0.1383681778335785,3.429407144955665,1.4405106969172448,0.2088800055789761,14.359999679028988,1.0,3.557383835729466,1
12:05:12.107485,149,-0.104053901006284,3.4122248624694125,1.3375034547977211,0.2088800055789761,17.999999597668648,1.0,2.9307532575068045,1
12:05:12.107485,149,-0.1055646679364885,3.4985039650268663,1.4649879804926038,1.2524400334514212,17.23999961465597,1.0,2.9494960274303046,1
12:05:12.107485,149,-0.1078390393175119,3.536350367890657,1.3134040118162438,0.1391600037168245,19.119999572634697,1.0,3.4702661383243245,1
12:05:12.107485,149,-0.0681132306788784,3.350984479581038,1.3493328229587087,0.2088800055789761,16.119999639689922,1.0,3.9875408107407195,1
12:05:12.107485,149,-0.0693750486009518,3.413062466937998,1.337279019356787,0.2088800055789761,22.879999488592148,1.0,2.123777819162852,1
12:05:12.107485,149,-0.0703823104930487,3.4993537307418783,1.464760286455511,0.2783200074336491,21.87999951094389,1.0,2.255927908259763,1
12:05:12.107485,149,-0.0718986844450986,3.537218441651917,1.3131714121529434,0.1391600037168245,23.639999471604824,1.0,2.6964667367192283,1
12:05:12.107485,149,-0.0340583182410842,3.351477934371207,1.3492006021461818,0.2088800055789761,18.999999575316902,1.0,3.3345985781192375,1
12:05:12.107485,149,-0.034689258748882,3.4135650631253927,1.3371443491142556,0.2088800055789761,29.23999934643507,1.0,1.484131463342987,1
12:05:12.107485,149,-0.0351929148775259,3.4998636241636083,1.464623660924932,0.2783200074336491,27.87999937683344,1.0,1.7228154504583681,1
12:05:12.107485,149,-0.0359511397644776,3.537739320633764,1.313031843050403,0.1391600037168245,29.23999934643507,1.0,2.0861831476303587,1
12:05:12.107485,149,-0.0366553886048948,3.568991063689055,1.157573142727505,0.1391600037168245,19.759999558329586,1.0,3.016436275416441,1
12:05:12.107485,149,-0.073307111701639,3.568459981180384,1.1577154458568173,0.1391600037168245,16.99999962002039,1.0,3.7114868043446916,1
12:05:12.107485,149,0.0,3.4137326007724,1.3370994575370383,0.2088800055789761,36.999999172985554,1.0,1.0115076237103668,1
12:05:12.107485,149,0.0706368665230252,3.4751404542949578,1.325225215754865,0.2088800055789761,50.99999886006117,1.0,0.18186499013792257,1
12:05:12.107485,149,0.0,3.351642424784232,1.3491565270728492,0.2088800055789761,21.87999951094389,1.0,2.8503395617121194,1
12:05:12.107485,149,0.0681575815383308,3.3443081443426927,1.3158496147575598,0.2088800055789761,26.119999416172504,1.0,2.6809223275113494,1
12:05:12.107485,149,0.0366553886048948,3.568991063689055,1.157573142727505,0.1391600037168245,25.11999943852425,1.0,2.1258717123830655,1
12:05:12.107485,149,0.0359511397644776,3.537739320633764,1.313031843050403,0.1391600037168245,42.87999904155731,1.0,1.3548811030641101,1
12:05:12.107485,149,0.0353201992566798,3.475652191879579,1.3250880960823292,0.1391600037168245,43.99999901652336,1.0,0.3124434253365992,1
12:05:12.107485,149,0.0693750486009518,3.413062466937998,1.337279019356787,0.2088800055789761,50.87999886274338,1.0,0.566398720746212,1
12:05:12.107485,149,0.0340583182410842,3.351477934371207,1.3492006021461818,0.2088800055789761,24.51999945193529,1.0,2.5345284392216376,1
12:05:12.107485,149,0.0,3.569168097093009,1.1575257067698816,0.1391600037168245,22.63999949395657,1.0,2.4879898537881284,1
12:05:12.107485,149,0.0,3.5379129527487354,1.3129853184654166,0.1391600037168245,35.879999198019505,1.0,1.6390784208043394,1
12:05:12.107485,149,0.0,3.475822776760568,1.3250423880012274,0.1391600037168245,35.51999920606613,1.0,0.6077539100744445,1
12:05:12.107485,149,0.034689258748882,3.4135650631253927,1.3371443491142556,0.2088800055789761,45.11999899148941,1.0,0.7056592040557745,1
12:05:12.158631,150,0.1390003395176335,3.381807389802352,1.2018364311332137,0.2783200074336491,34.11999923735857,1.0,0.1693354937042874,1
12:05:12.158631,150,0.1415639210809348,3.435009913996563,1.152900064669968,0.2088800055789761,20.87999953329563,1.0,0.27942174242917783,1
12:05:12.158631,150,0.1737243602270861,3.3802970329297737,1.2022411300375038,0.2783200074336491,31.5199992954731,1.0,0.6818545403098731,1
12:05:12.158631,150,0.1769283564800447,3.433471701630638,1.153312227431205,0.2088800055789761,18.999999575316902,1.0,0.47421914298189394,1
12:05:12.158631,150,0.1832769488912912,3.528196437500537,1.0166570799188446,0.0697200018621515,5.759999871253967,0.5759999871253967,5.083233104531802,1
12:05:12.158631,150,0.2431776141133621,3.3681105441714583,1.1695161596941488,0.2783200074336491,22.75999949127436,1.0,1.9183089228609895,1
12:05:12.158631,150,0.2123069454975405,3.4046130163405484,1.051080760390726,0.2783200074336491,16.759999625384808,1.0,3.7548744891297936,1
12:05:12.158631,150,0.2778477764632247,3.365594163853282,1.170190421768254,0.2088800055789761,18.759999580681324,1.0,3.2120220190837454,1
12:05:12.158631,150,0.312490154268222,3.3627430268898384,1.170954381615119,0.2088800055789761,15.359999656677246,1.0,4.864558127109324,1
12:05:12.158631,150,0.1364721521777369,3.32029788084333,1.2163537124361108,0.2783200074336491,15.119999662041664,1.0,0.19174884682982377,1
12:05:12.158631,150,0.2084310086460623,3.3784513488880545,1.2027356795859656,0.2783200074336491,27.239999391138557,1.0,1.552579187998998,1
12:05:12.158631,150,0.1061853294083192,3.436206460938516,1.1525794508831655,0.2088800055789761,21.99999950826168,1.0,0.45472371758049446,1
12:05:12.158631,150,0.0695140721091961,3.383821551449938,1.201296738146317,0.2783200074336491,31.75999929010868,1.0,0.2164547442524935,1
12:05:12.158631,150,0.1042624188906838,3.382982268471368,1.2015216233426464,0.2783200074336491,34.23999923467636,1.0,0.014441873071719982,1
12:05:12.158631,150,-0.034689258748882,3.4135650631253927,1.3371443491142556,0.2088800055789761,18.999999575316902,1.0,3.9141357181407113,1
12:05:12.158631,150,-0.0353909788541226,3.4458804577699973,1.1866322462642067,0.2783200074336491,16.639999628067017,1.0,3.2292464177359603,1
12:05:12.158631,150,0.0,3.406933020778779,1.3029958459943274,0.2088800055789761,23.11999948322773,1.0,2.247884197743593,1
12:05:12.158631,150,0.0,3.4460513844930323,1.1865864465868046,0.2783200074336491,18.879999577999115,1.0,1.8847077855062335,1
12:05:12.158631,150,-0.0693750486009518,3.413062466937998,1.337279019356787,0.2088800055789761,15.519999653100967,1.0,4.369103885680031,1
12:05:12.158631,150,0.0353909788541226,3.4458804577699973,1.1866322462642067,0.2783200074336491,20.87999953329563,1.0,0.9068368491295279,1
12:05:12.158631,150,0.0707784186400104,3.44536769469342,1.186769640716484,0.2088800055789761,21.99999950826168,1.0,0.29681111235910534,1
12:05:12.158631,150,0.0347118461144194,3.406765374042267,1.3030407668019894,0.2088800055789761,27.639999382197857,1.0,2.210645074600806,1
12:05:12.215496,151,0.2505505174864781,3.5540823361222027,1.4572842179162784,0.2088800055789761,32.99999926239252,1.0,0.2529642598679394,1
12:05:12.215496,151,0.3219645449142116,3.54855208105563,1.4587660452953046,0.2088800055789761,29.519999340176582,1.0,0.6797217766914008,1
12:05:12.215496,151,0.2549476651643415,3.616456283891273,1.447759586058122,0.2088800055789761,23.9999994635582,1.0,0.3800030491432961,1
12:05:12.215496,151,0.2774032793117826,3.3962092613987283,1.3058692686600375,0.1391600037168245,24.99999944120645,1.0,0.4090868298084015,1
12:05:12.215496,151,0.2822649958591071,3.464911074835076,1.327966169720212,0.1391600037168245,32.87999926507473,1.0,0.2746813701142551,1
12:05:12.215496,151,0.2862718446726591,3.5514896616558027,1.4579789229457871,0.2088800055789761,32.239999279379845,1.0,0.37821979840339004,1
12:05:12.215496,151,0.2912958996603244,3.613818108131865,1.4484664831223468,0.2088800055789761,24.23999945819378,1.0,0.5054955178522949,1
12:05:12.215496,151,0.2980868897238482,3.581787052962215,1.0016453046442877,0.1391600037168245,6.519999854266644,0.6519999854266645,2.719364080728048,1
12:05:12.215496,151,0.3119902367047489,3.393362685646012,1.306632006334172,0.1391600037168245,20.75999953597784,1.0,0.7939324167739799,1
12:05:12.215496,151,0.3174581176186092,3.462014610542922,1.3287422749882,0.1391600037168245,26.99999939650297,1.0,0.6493346876712693,1
12:05:12.215496,151,0.3276150048103892,3.610828973155177,1.4492674194254178,0.2088800055789761,23.23999948054552,1.0,0.8131602880019755,1
12:05:12.215496,151,0.363901348734449,3.6074891778722034,1.450162314874376,0.2088800055789761,21.119999527931213,1.0,1.302883153469425,1
12:05:12.215496,151,0.3465459953354304,3.3901821734424167,1.3074842220106426,0.1391600037168245,16.8799996227026,1.0,1.3447823067142146,1
12:05:12.215496,151,0.3526194938323161,3.458778357293844,1.3296094264327931,0.1391600037168245,21.639999516308308,1.0,1.195540517562464,1
12:05:12.215496,151,0.3576250489710149,3.5452698880772844,1.4596455062532554,0.2088800055789761,25.51999942958355,1.0,1.1573594582811715,1
12:05:12.215496,151,0.3815822743638282,3.364200653490241,1.2065541419093917,0.1391600037168245,13.759999692440031,1.0,2.8457606427981545,1
12:05:12.215496,151,0.3877456083920648,3.455202638710455,1.3305675373395731,0.1391600037168245,17.23999961465597,1.0,1.9131195973353659,1
12:05:12.215496,151,0.3932497908225396,3.541643410937313,1.4606172178742804,0.2088800055789761,21.51999951899052,1.0,1.8109568736796997,1
12:05:12.215496,151,0.4001513028285123,3.603799056259673,1.451151079980426,0.2088800055789761,18.519999586045746,1.0,1.974482396745061,1
12:05:12.215496,151,0.4228329487158277,3.451287812361618,1.331616511898252,0.1391600037168245,13.879999689757824,1.0,2.8018292812938785,1
12:05:12.215496,151,0.428835208024447,3.537673012280393,1.461681082988032,0.2088800055789761,17.759999603033066,1.0,2.6402728892293235,1
12:05:12.215496,151,0.2470436478365008,3.4674674605263043,1.3272811882387048,0.1391600037168245,38.239999145269394,1.0,0.07169637631892714,1
12:05:12.215496,151,0.2426305967242623,3.4055265392869374,1.339298265085108,0.1391600037168245,29.11999934911728,1.0,0.09642786769305314,1
12:05:12.215496,151,0.4379394566626052,3.574591606265098,1.3077372458543717,0.2088800055789761,15.87999964505434,1.0,3.072433046818239,1
12:05:12.215496,151,0.2136835993550915,3.5753063019870868,1.5995734771404195,0.2088800055789761,31.359999299049377,1.0,1.2908992187989914,1
12:05:12.215496,151,0.2185739361154375,3.618743236618036,1.4471467989218578,0.2088800055789761,22.359999500215054,1.0,0.4367295318158646,1
12:05:12.215496,151,0.0,3.4137326007724,1.3370994575370383,0.1391600037168245,14.879999667406082,1.0,3.3389825309206747,1
12:05:12.215496,151,0.034689258748882,3.4135650631253927,1.3371443491142556,0.1391600037168245,18.23999959230423,1.0,2.3795900674082815,1
12:05:12.215496,151,0.0351929148775259,3.4998636241636083,1.464623660924932,0.1391600037168245,19.879999555647373,1.0,3.0112243155760168,1
12:05:12.215496,151,0.0693750486009518,3.413062466937998,1.337279019356787,0.1391600037168245,22.11999950557947,1.0,1.5851623362121268,1
12:05:12.215496,151,0.0703823104930487,3.4993537307418783,1.464760286455511,0.1391600037168245,24.63999944925308,1.0,2.114941620876096,1
12:05:12.215496,151,0.104053901006284,3.4122248624694125,1.3375034547977211,0.1391600037168245,26.359999410808086,1.0,0.9560156493555326,1
12:05:12.215496,151,0.1056759795668631,3.4929732224425427,1.430015431713653,0.1391600037168245,30.119999326765537,1.0,1.2164578711398637,1
12:05:12.215496,151,0.1068898965214046,3.5799514035544604,1.5983288259266812,0.2088800055789761,20.359999544918537,1.0,2.725132621905481,1
12:05:12.215496,151,0.0,3.5000335943031424,1.4645781175633066,0.1391600037168245,16.119999639689922,1.0,4.076912309601322,1
12:05:12.215496,151,0.1408848671931684,3.4917824150975623,1.4303345075800815,0.1391600037168245,35.879999198019505,1.0,0.6779281942103809,1
12:05:12.215496,151,0.1387223481086921,3.4110523334793803,1.3378176329937024,0.1391600037168245,30.119999326765537,1.0,0.492405297899296,1
12:05:12.215496,151,0.2117975956560844,3.469683511980177,1.3266873990412538,0.1391600037168245,41.11999908089638,1.0,0.040432023769249696,1
12:05:12.215496,151,0.1821783498560435,3.620678737618797,1.4466281829917542,0.2088800055789761,20.119999550282955,1.0,0.6756540413240313,1
12:05:12.215496,151,0.1781023218671909,3.577198498411548,1.599066464636564,0.2088800055789761,28.23999936878681,1.0,1.5946879146988073,1
12:05:12.215496,151,0.2080141605292759,3.4077030044230936,1.3387150830095207,0.1391600037168245,31.999999284744263,1.0,0.06250906969555894,1
12:05:12.215496,151,0.173376923092511,3.40954499721982,1.338221522527174,0.1391600037168245,32.35999927669764,1.0,0.1945254494645929,1
12:05:12.215496,151,0.1702234822914753,3.3475309868462317,1.350258183548067,0.2088800055789761,10.87999975681305,1.0,0.2654420865042985,1
12:05:12.215496,151,0.145764545914293,3.622262593345077,1.44620379012897,0.2088800055789761,17.519999608397484,1.0,1.0966880868279922,1
12:05:12.215496,151,0.1425032342963179,3.5787469172142004,1.5986515670688484,0.2088800055789761,24.23999945819378,1.0,2.0728179461998164,1
12:05:12.215496,151,0.1765303638935465,3.4715590075934086,1.3261848615062803,0.1391600037168245,40.11999910324812,1.0,0.18087711796671127,1
12:05:12.270506,152,0.2980421763197538,3.571594860945252,0.9657624089524512,0.0697200018621515,20.239999547600743,1.0,3.4676817924788312,1
12:05:12.270506,152,0.3660958008796184,3.514927340105127,1.0202125238502346,0.0697200018621515,38.99999912828207,1.0,0.9295889503073914,1
12:05:12.270506,152,0.3180942849744815,3.4322155475241773,1.1902937479292175,-0.1391600037168245,22.879999488592148,1.0,1.554990773255964,1
12:05:12.270506,152,0.3235174809659327,3.41615476695003,0.8981650388441165,-0.1391600037168245,38.1199991479516,1.0,2.232331306124592,1
12:05:12.270506,152,0.3291951948036394,3.476108093534266,0.8788278964209453,-0.1391600037168245,42.75999904423952,1.0,0.3667358392457294,1
12:05:12.270506,152,0.3352024149414911,3.568536499001935,0.9665818945653252,0.0697200018621515,19.239999569952488,1.0,3.3960874042820746,1
12:05:12.270506,152,0.3533261225136145,3.428972809014341,1.1911626370941937,-0.1391600037168245,22.99999948590994,1.0,1.6962774112149548,1
12:05:12.270506,152,0.3597816528379971,3.4543044880329616,1.0371111693929365,-0.1391600037168245,38.87999913096428,1.0,0.5501650425350977,1
12:05:12.270506,152,0.372329133602567,3.565119355623807,0.9674975153739158,0.0697200018621515,17.519999608397484,1.0,3.5296797873287464,1
12:05:12.270506,152,0.4389926527205089,3.507150523752223,1.0222963155116804,-0.1391600037168245,27.119999393820763,1.0,1.9137805742905163,1
12:05:12.270506,152,0.4025643548491718,3.511214965771312,1.0212072515549824,-0.1391600037168245,33.11999925971031,1.0,1.3135655258654235,1
12:05:12.270506,152,0.4094186196622204,3.561343772522344,0.9685091798169096,0.0697200018621515,15.359999656677246,1.0,3.870222858687407,1
12:05:12.270506,152,0.4314212340049667,3.446661800423481,1.0391590213659,-0.1391600037168245,31.75999929010868,1.0,1.7515233686714187,1
12:05:12.270506,152,0.4671781019310061,3.442321862823947,1.0403219041408966,-0.1391600037168245,26.519999407231808,1.0,2.693945137933717,1
12:05:12.270506,152,0.4753770516943624,3.502734420488657,1.0234796068148455,-0.1391600037168245,21.7599995136261,1.0,2.7323885064394475,1
12:05:12.270506,152,0.5117139133613178,3.4979670975872392,1.0247570071363388,-0.1391600037168245,17.639999605715275,1.0,3.7717686979482514,1
12:05:12.270506,152,0.5385481145415795,3.432606969942509,1.0429250018430327,-0.1391600037168245,17.639999605715275,1.0,5.2736868466106035,1
12:05:12.270506,152,0.2927009112103433,3.479111646047114,0.878023096950703,0.0697200018621515,42.63999904692173,1.0,0.18781947497676715,1
12:05:12.270506,152,0.3956212243169719,3.450656141970089,1.0380887407741923,-0.1391600037168245,36.35999918729067,1.0,1.0376191085406248,1
12:05:12.270506,152,0.2876526236286256,3.419106516423424,0.8973741199564618,-0.1391600037168245,34.51999922841787,1.0,1.978268712940214,1
12:05:12.270506,152,0.5028882524382546,3.437636763161609,1.0415772728118795,-0.1391600037168245,21.639999516308308,1.0,3.86716724369568,1
12:05:12.270506,152,0.2772227700628525,3.403015819456041,1.3399710104362177,0.0697200018621515,12.519999720156193,1.0,4.612450046461666,1
12:05:12.270506,152,0.2822649958591071,3.464911074835076,1.327966169720212,0.1391600037168245,21.7599995136261,1.0,2.7199486611318995,1
12:05:12.270506,152,0.1098635282831385,3.488834856304259,0.8754177706144632,0.0697200018621515,16.8799996227026,1.0,2.640980944889408,1
12:05:12.270506,152,0.1117508831899045,3.548769847359455,0.8560984767426822,0.0697200018621515,12.359999723732471,1.0,4.111426352566379,1
12:05:12.270506,152,0.1439414496159233,3.427445385352256,0.895139726761192,-0.1391600037168245,15.87999964505434,1.0,3.296561647463396,1
12:05:12.270506,152,0.146467614068811,3.4875968616628907,0.8757494902788518,0.0697200018621515,21.119999527931213,1.0,1.7069149672802553,1
12:05:12.270506,152,0.1765303638935465,3.4715590075934086,1.3261848615062803,0.0697200018621515,14.879999667406082,1.0,4.784858316708898,1
12:05:12.270506,152,0.1798998213347052,3.425881339117327,0.8955588116867661,-0.1391600037168245,19.519999563694,1.0,2.618716849881608,1
12:05:12.270506,152,0.1489837936819639,3.547510585102734,0.8564358950474298,0.0697200018621515,14.51999967545271,1.0,3.1520602992961506,1
12:05:12.270506,152,0.1862018059194739,3.5458917495123226,0.8568696607365593,0.0697200018621515,16.759999625384808,1.0,2.403244611770285,1
12:05:12.270506,152,0.2117975956560844,3.469683511980177,1.3266873990412538,0.1391600037168245,17.359999611973763,1.0,3.8892551156432758,1
12:05:12.270506,152,0.2158402032220737,3.423970045681498,0.8960709412193955,-0.1391600037168245,24.119999460875988,1.0,2.1725254753643366,1
12:05:12.270506,152,0.2196281868108074,3.4840605299737724,0.8766970474991198,0.0697200018621515,32.63999927043915,1.0,0.5025159185119249,1
12:05:12.270506,152,0.2234011981323919,3.5439135024704247,0.857399730433865,0.0697200018621515,18.759999580681324,1.0,1.8655367853763063,1
12:05:12.270506,152,0.2470436478365008,3.4674674605263043,1.3272811882387048,0.1391600037168245,19.759999558329586,1.0,3.2006292505587264,1
12:05:12.270506,152,0.2517590012699512,3.4217116961725105,0.8966760641465559,-0.1391600037168245,29.35999934375286,1.0,1.958724394128708,1
12:05:12.270506,152,0.2561773577711511,3.4817625465562263,0.8773127903000713,0.0697200018621515,38.6399991363287,1.0,0.23348649926940634,1
12:05:12.270506,152,0.1830570532157873,3.4860053665033344,0.876175930121613,0.0697200018621515,26.359999410808086,1.0,0.9939140418545905,1
12:05:12.270506,152,0.2605782504126624,3.5415760418000857,0.8580260511328217,0.0697200018621515,19.999999552965164,1.0,1.5397321912464885,1
12:05:12.326133,153,0.4228329487158277,3.451287812361618,1.331616511898252,0.1391600037168245,36.23999918997288,1.0,0.9206549527895193,1
12:05:12.326133,153,0.4161118907730005,3.36034805449338,1.2075864426993614,0.1391600037168245,18.11999959498644,1.0,5.359750253311869,1
12:05:12.326133,153,0.4001513028285123,3.603799056259673,1.451151079980426,0.1391600037168245,35.23999921232462,1.0,2.6682701323270663,1
12:05:12.326133,153,0.3946720815208646,3.5169244679552296,1.3186091660161894,0.1391600037168245,55.11999876797199,1.0,0.8418144656460214,1
12:05:12.326133,153,0.3589184934750172,3.520564061198055,1.3176339399459964,0.1391600037168245,55.75999875366688,1.0,0.7340865600593467,1
12:05:12.326133,153,0.3810670996569148,3.3866680428364977,1.308425830468596,0.1391600037168245,20.119999550282955,1.0,2.589273547718002,1
12:05:12.326133,153,0.363901348734449,3.6074891778722034,1.450162314874376,0.1391600037168245,35.35999920964241,1.0,2.5512755312688573,1
12:05:12.326133,153,0.4303862026892164,3.5129397093133585,1.3196768788763116,0.1391600037168245,48.75999891012907,1.0,1.1322670608263605,1
12:05:12.326133,153,0.3877456083920648,3.455202638710455,1.3305675373395731,0.1391600037168245,42.35999905318022,1.0,0.536846730227435,1
12:05:12.326133,153,0.4363612421275398,3.5997589773266565,1.4522336158678857,0.1391600037168245,32.239999279379845,1.0,2.9824541673026084,1
12:05:12.326133,153,0.5727766576403706,3.493557507088768,1.3248703243099276,0.1391600037168245,19.999999552965164,1.0,4.159648150585797,1
12:05:12.326133,153,0.4660572855978773,3.508610183744966,1.3208369717559725,0.1391600037168245,39.99999910593033,1.0,1.6071790264219517,1
12:05:12.326133,153,0.4725275456679383,3.5953693450776627,1.4534098142840732,0.1391600037168245,27.759999379515648,1.0,3.495609255339577,1
12:05:12.326133,153,0.4928772760651108,3.442442436156367,1.3339866233091988,0.1391600037168245,23.87999946624041,1.0,2.276748004866381,1
12:05:12.326133,153,0.5016817631684416,3.503936324198982,1.3220893286468551,0.1391600037168245,31.75999929010868,1.0,2.2685274679180414,1
12:05:12.326133,153,0.5086465968496541,3.5906305984722384,1.4546795576101323,0.1391600037168245,23.11999948322773,1.0,4.209765282682897,1
12:05:12.326133,153,0.5278272587165792,3.4375127708301614,1.3353075231523113,0.1391600037168245,19.239999569952488,1.0,3.253056552357695,1
12:05:12.326133,153,0.5372560729829984,3.498918598057446,1.3234338243143204,0.1391600037168245,25.11999943852425,1.0,3.118530907943016,1
12:05:12.326133,153,0.5447147837978294,3.585543211381074,1.4560427188727945,0.1391600037168245,18.879999577999115,1.0,5.127199367238648,1
12:05:12.326133,153,0.3526194938323161,3.458778357293844,1.3296094264327931,0.1391600037168245,46.11999896913767,1.0,0.3469013200852691,1
12:05:12.326133,153,0.4578780060989689,3.4470342697266894,1.3327562452122528,0.1391600037168245,29.639999337494373,1.0,1.4999899697559993,1
12:05:12.326133,153,0.3465459953354304,3.3901821734424167,1.3074842220106426,0.1391600037168245,21.7599995136261,1.0,2.3401593917903787,1
12:05:12.326133,153,0.3174581176186092,3.462014610542922,1.3287422749882,0.0697200018621515,45.35999898612499,1.0,0.34938782945257574,1
12:05:12.326133,153,0.3276150048103892,3.610828973155177,1.4492674194254178,0.1391600037168245,32.63999927043915,1.0,2.629937915435777,1
12:05:12.326133,153,0.1412454792425166,3.4730937598180063,1.3257736258871176,0.0697200018621515,17.11999961733818,1.0,3.214614778284634,1
12:05:12.326133,153,0.1437686103763411,3.535135186156632,1.3137296187805327,0.0697200018621515,15.359999656677246,1.0,3.8585353644785534,1
12:05:12.326133,153,0.1796838046945821,3.5335730179669964,1.3141482004853873,0.0697200018621515,19.519999563694,1.0,2.892673176084563,1
12:05:12.326133,153,0.1821783498560435,3.620678737618797,1.4466281829917542,0.1391600037168245,15.119999662041664,1.0,4.879268745441112,1
12:05:12.326133,153,0.2080141605292759,3.4077030044230936,1.3387150830095207,0.0697200018621515,17.759999603033066,1.0,3.9539744482431134,1
12:05:12.326133,153,0.2117975956560844,3.469683511980177,1.3266873990412538,0.0697200018621515,27.119999393820763,1.0,1.500640592664959,1
12:05:12.326133,153,0.2155810307828929,3.5316640195372613,1.314659715072987,0.0697200018621515,25.11999943852425,1.0,2.1042586874475195,1
12:05:12.326133,153,0.2185739361154375,3.618743236618036,1.4471467989218578,0.1391600037168245,18.759999580681324,1.0,4.028295307851803,1
12:05:12.326133,153,0.2426305967242623,3.4055265392869374,1.339298265085108,0.0697200018621515,19.999999552965164,1.0,3.41665444593226,1
12:05:12.326133,153,0.1765303638935465,3.4715590075934086,1.3261848615062803,0.0697200018621515,21.51999951899052,1.0,2.263230319974648,1
12:05:12.326133,153,0.2514566989487394,3.5294083817656703,1.315264111392302,0.0697200018621515,32.35999927669764,1.0,1.493558097185288,1
12:05:12.326133,153,0.2549476651643415,3.616456283891273,1.447759586058122,0.1391600037168245,23.23999948054552,1.0,3.369354189436245,1
12:05:12.326133,153,0.2772227700628525,3.403015819456041,1.3399710104362177,0.1391600037168245,21.639999516308308,1.0,3.0796812283103256,1
12:05:12.326133,153,0.2822649958591071,3.464911074835076,1.327966169720212,0.0697200018621515,40.639999091625214,1.0,0.5431091775165839,1
12:05:12.326133,153,0.2873072216553617,3.5268063302141117,1.3159613290042065,0.0697200018621515,41.23999907821417,1.0,1.0610833623415898,1
12:05:12.326133,153,0.2912958996603244,3.613818108131865,1.4484664831223468,0.1391600037168245,28.11999937146902,1.0,2.9029747774698373,1
12:05:12.326133,153,0.3067297641669486,3.3095931464052595,1.2192220373839813,0.0697200018621515,5.359999880194664,0.5359999880194664,6.488486648571502,1
12:05:12.326133,153,0.3119902367047489,3.393362685646012,1.306632006334172,0.1391600037168245,22.239999502897263,1.0,2.2884487011066725,1
12:05:12.326133,153,0.3231290138805247,3.5238581250855585,1.3167512981875231,0.1391600037168245,50.1199988797307,1.0,0.807591966841642,1
12:05:12.326133,153,0.2470436478365008,3.4674674605263043,1.3272811882387048,0.0697200018621515,33.87999924272299,1.0,0.9271026939861973,1
12:05:12.378964,154,0.2876526236286256,3.5879838644248285,-0.1801249305842492,-0.0697200018621515,24.879999443888664,1.0,0.7132371061998369,1
12:05:12.378964,154,0.312412024570715,3.461867369531243,0.1043093545778107,0.1391600037168245,23.75999946892261,1.0,0.22146364016903763,1
12:05:12.378964,154,0.3180942849744815,3.5248330377189787,0.1062065700133381,0.1391600037168245,35.999999195337296,1.0,0.2630182098802437,1
12:05:12.378964,154,0.3235174809659327,3.584927988504486,-0.1801249305842492,-0.0697200018621515,25.999999418854717,1.0,0.7759150654285595,1
12:05:12.378964,154,0.3470145000469095,3.4585702095054733,0.1043093545778107,0.1391600037168245,21.87999951094389,1.0,0.5865830784874533,1
12:05:12.378964,154,0.3534675047963758,3.522885014752184,-0.0354069107683088,-0.0697200018621515,32.63999927043915,1.0,0.5119301554013652,1
12:05:12.378964,154,0.4388170615204274,3.6392393719544094,0.1100010008843929,-0.0697200018621515,19.63999956101179,1.0,2.5566627373890065,1
12:05:12.378964,154,0.3886780937847719,3.5191742559191788,-0.0354069107683088,-0.0697200018621515,27.759999379515648,1.0,1.10152811147109,1
12:05:12.378964,154,0.4161118907730005,3.450938691382224,0.1043093545778107,0.1391600037168245,16.359999634325504,1.0,2.02830154510026,1
12:05:12.378964,154,0.4238498152894245,3.515111582608949,-0.0354069107683088,-0.0697200018621515,22.879999488592148,1.0,1.9368346220783248,1
12:05:12.378964,154,0.4589791521676498,3.510697401085422,-0.0354069107683088,-0.0697200018621515,18.519999586045746,1.0,3.0173624963105032,1
12:05:12.378964,154,0.4823835154277142,3.689715635101321,0.2609043128509833,-0.0697200018621515,6.359999857842922,0.6359999857842922,5.147499903603916,1
12:05:12.378964,154,0.3815822743638282,3.454927195356346,0.1043093545778107,0.1391600037168245,19.119999572634697,1.0,1.1889895901645462,1
12:05:12.378964,154,0.2828306382733506,3.5278376873068464,0.1062065700133381,0.1391600037168245,36.63999918103218,1.0,0.12108788519840946,1
12:05:12.378964,154,0.2777783081538026,3.4648183457204147,0.1043093545778107,0.1391600037168245,24.35999945551157,1.0,0.0939213814063461,1
12:05:12.378964,154,0.104053901006284,3.467422842977842,0.2432262577412491,0.1391600037168245,13.119999706745148,1.0,3.453536314594553,1
12:05:12.378964,154,0.1387223481086921,3.4662089516436216,0.2432262577412491,0.1391600037168245,15.639999650418758,1.0,2.4390926063795573,1
12:05:12.378964,154,0.1415285268575301,3.5363260022252145,0.1062065700133381,0.1391600037168245,19.879999555647373,1.0,2.016956217739879,1
12:05:12.378964,154,0.173376923092511,3.4646484423182304,0.2432262577412491,0.1391600037168245,18.35999958962202,1.0,1.661281336160989,1
12:05:12.378964,154,0.1768841203376147,3.534733925757499,0.1062065700133381,0.1391600037168245,24.51999945193529,1.0,1.1734177907044248,1
12:05:12.378964,154,0.1061587806433324,3.5375644490554445,0.1062065700133381,0.1391600037168245,16.119999639689922,1.0,3.10666503911845,1
12:05:12.378964,154,0.2122220255538592,3.5327883788586103,0.1062065700133381,0.1391600037168245,29.639999337494373,1.0,0.5762236416171879,1
12:05:12.378964,154,0.2382175456120237,3.397547644654785,0.2388023725357469,0.1391600037168245,6.11999986320734,0.611999986320734,0.7924270904306691,1
12:05:12.378964,154,0.2427885818232938,3.4627414710512925,0.2085248377813676,0.1391600037168245,23.35999947786331,1.0,0.6046225413846137,1
12:05:12.378964,154,0.247538708745348,3.530489556081609,0.1062065700133381,0.1391600037168245,34.11999923735857,1.0,0.2254524918759612,1
12:05:12.378964,154,0.2517590012699512,3.590680944964745,-0.1801249305842492,-0.0697200018621515,22.879999488592148,1.0,0.9053590882847239,1
12:05:12.378964,154,0.2080141605292759,3.4627414710512925,0.2432262577412491,0.1391600037168245,21.239999525249004,1.0,1.1202662997225348,1
12:05:12.435559,155,0.4725275456679383,3.5953693450776627,1.4534098142840732,0.1391600037168245,21.99999950826168,1.0,2.6118705595545744,1
12:05:12.435559,155,0.4001513028285123,3.603799056259673,1.451151079980426,0.1391600037168245,20.359999544918537,1.0,2.8038684260605633,1
12:05:12.435559,155,0.4231082697436722,3.444348583645655,1.296896892443708,0.1391600037168245,34.51999922841787,1.0,0.5172609717195003,1
12:05:12.435559,155,0.4303862026892164,3.5129397093133585,1.3196768788763116,0.1391600037168245,38.75999913364649,1.0,0.25079124894768906,1
12:05:12.435559,155,0.4363612421275398,3.5997589773266565,1.4522336158678857,0.1391600037168245,21.639999516308308,1.0,2.6155778511339736,1
12:05:12.435559,155,0.4505998963417145,3.356162123208509,1.2087080596067148,0.1391600037168245,15.119999662041664,1.0,3.9481826588222035,1
12:05:12.435559,155,0.4581761461650386,3.440092271383303,1.2980373678771395,0.1391600037168245,28.639999359846115,1.0,0.9491898479645692,1
12:05:12.435559,155,0.4660572855978773,3.508610183744966,1.3208369717559725,0.1391600037168245,35.11999921500683,1.0,0.5006410701937585,1
12:05:12.435559,155,0.4931982053556488,3.435497447912732,1.2992685471154428,0.1391600037168245,23.11999948322773,1.0,1.5761430837651722,1
12:05:12.435559,155,0.5638521257319018,3.4023870486833463,1.1982862701050512,0.1391600037168245,14.999999664723871,1.0,4.337556711335136,1
12:05:12.435559,155,0.5086465968496541,3.5906305984722384,1.4546795576101323,0.1391600037168245,21.239999525249004,1.0,2.7956004948109285,1
12:05:12.435559,155,0.5192559370308211,3.6266810414381943,1.2983417642022563,0.2088800055789761,6.6399998515844345,0.6639999851584435,4.3571365666372674,1
12:05:12.435559,155,0.5288849934314888,3.4076646075688366,1.1968721524636765,0.1391600037168245,18.639999583363533,1.0,3.2290393231097188,1
12:05:12.435559,155,0.5372560729829984,3.498918598057446,1.3234338243143204,0.1391600037168245,24.63999944925308,1.0,1.581232806408696,1
12:05:12.435559,155,0.5447147837978294,3.585543211381074,1.4560427188727945,0.1391600037168245,19.519999563694,1.0,3.169687151579665,1
12:05:12.435559,155,0.3946720815208646,3.5169244679552296,1.3186091660161894,0.1391600037168245,39.35999912023544,1.0,0.1908832468925602,1
12:05:12.435559,155,0.5727766576403706,3.493557507088768,1.3248703243099276,0.1391600037168245,19.879999555647373,1.0,2.417663447351167,1
12:05:12.435559,155,0.5807284997239874,3.580107692538616,1.4574991617570754,0.1391600037168245,17.23999961465597,1.0,3.737114108670676,1
12:05:12.435559,155,0.6082399651118513,3.4878535873975527,1.3263986849848806,0.1391600037168245,16.119999639689922,1.0,3.4554104719276544,1
12:05:12.435559,155,0.5016817631684416,3.503936324198982,1.3220893286468551,0.1391600037168245,29.879999332129955,1.0,0.9431836864268602,1
12:05:12.435559,155,0.3877456083920648,3.455202638710455,1.3305675373395731,0.1391600037168245,39.51999911665917,1.0,0.2195750916225971,1
12:05:12.435559,155,0.4161118907730005,3.36034805449338,1.2075864426993614,0.1391600037168245,17.639999605715275,1.0,3.291204733509334,1
12:05:12.435559,155,0.363901348734449,3.6074891778722034,1.450162314874376,0.1391600037168245,18.35999958962202,1.0,3.1739553188168026,1
12:05:12.435559,155,0.3815822743638282,3.364200653490241,1.2065541419093917,0.1391600037168245,19.999999552965164,1.0,2.83058748110186,1
12:05:12.435559,155,0.173376923092511,3.40954499721982,1.338221522527174,0.1391600037168245,14.759999670088291,1.0,3.4489517269060816,1
12:05:12.435559,155,0.1765303638935465,3.4715590075934086,1.3261848615062803,0.1391600037168245,18.999999575316902,1.0,2.7984723165308676,1
12:05:12.435559,155,0.2080141605292759,3.4077030044230936,1.3387150830095207,0.1391600037168245,17.23999961465597,1.0,2.710070069913357,1
12:05:12.435559,155,0.2117975956560844,3.469683511980177,1.3266873990412538,0.1391600037168245,23.519999474287037,1.0,1.9184845667893016,1
12:05:12.435559,155,0.2148041354584599,3.5563298451895564,1.456681999676699,0.1391600037168245,17.879999600350857,1.0,3.7232809852326225,1
12:05:12.435559,155,0.2426305967242623,3.4055265392869374,1.339298265085108,0.1391600037168245,19.63999956101179,1.0,2.1501678775001043,1
12:05:12.435559,155,0.2470436478365008,3.4674674605263043,1.3272811882387048,0.1391600037168245,28.999999351799488,1.0,1.2154941754139104,1
12:05:12.435559,155,0.2505505174864781,3.5540823361222027,1.4572842179162784,0.1391600037168245,21.87999951094389,1.0,2.806953929251258,1
12:05:12.435559,155,0.1412454792425166,3.4730937598180063,1.3257736258871176,0.1391600037168245,15.359999656677246,1.0,3.8532722732654525,1
12:05:12.435559,155,0.2822649958591071,3.464911074835076,1.327966169720212,0.1391600037168245,34.879999220371246,1.0,0.6917545573511555,1
12:05:12.435559,155,0.2772227700628525,3.403015819456041,1.3399710104362177,0.1391600037168245,21.359999522566795,1.0,1.7714069565795385,1
12:05:12.435559,155,0.3526194938323161,3.458778357293844,1.3296094264327931,0.1391600037168245,41.51999907195568,1.0,0.1913759867223256,1
12:05:12.435559,155,0.3465459953354304,3.3901821734424167,1.3074842220106426,0.1391600037168245,21.639999516308308,1.0,1.7207215503866171,1
12:05:12.435559,155,0.3589184934750172,3.520564061198055,1.3176339399459964,0.1391600037168245,36.75999917834997,1.0,0.31823020664036294,1
12:05:12.435559,155,0.3174581176186092,3.462014610542922,1.3287422749882,0.1391600037168245,39.63999911397696,1.0,0.34958629256375373,1
12:05:12.435559,155,0.3119902367047489,3.393362685646012,1.306632006334172,0.1391600037168245,22.239999502897263,1.0,1.7104396758609908,1
12:05:12.435559,155,0.2862718446726591,3.5514896616558027,1.4579789229457871,0.1391600037168245,26.75999940186739,1.0,2.064325534412093,1
12:05:12.435559,155,0.3231290138805247,3.5238581250855585,1.3167512981875231,0.1391600037168245,31.999999284744263,1.0,0.6302107349979175,1
12:05:12.490757,156,0.5540724854487294,3.64713956350242,1.4466980304247712,0.0697200018621515,11.639999739825726,1.0,4.164196615793598,1
12:05:12.490757,156,0.4850428422983072,3.3516432782252483,1.2099188804707008,0.0697200018621515,22.239999502897263,1.0,2.749127429419781,1
12:05:12.490757,156,0.4931982053556488,3.435497447912732,1.2992685471154428,0.0697200018621515,40.51999909430742,1.0,0.4330083054777615,1
12:05:12.490757,156,0.5016817631684416,3.503936324198982,1.3220893286468551,0.0697200018621515,41.35999907553196,1.0,0.18841448300174665,1
12:05:12.490757,156,0.5194372843770393,3.3467919714243117,1.2112187842102475,0.0697200018621515,19.63999956101179,1.0,3.148684766377068,1
12:05:12.490757,156,0.5281709451389253,3.430564572712441,1.3005903070417242,0.0697200018621515,33.519999250769615,1.0,0.7890445756441877,1
12:05:12.490757,156,0.5372560729829984,3.498918598057446,1.3234338243143204,0.0697200018621515,36.87999917566776,1.0,0.4574686536782066,1
12:05:12.490757,156,0.5447147837978294,3.585543211381074,1.4560427188727945,0.0697200018621515,27.519999384880062,1.0,2.3510968408501274,1
12:05:12.490757,156,0.5537797831625189,3.341608687932313,1.2126076408360702,0.0697200018621515,16.8799996227026,1.0,3.750920750028148,1
12:05:12.490757,156,0.6082399651118513,3.4878535873975527,1.3263986849848806,0.0697200018621515,25.359999433159828,1.0,1.6110436044867038,1
12:05:12.490757,156,0.5727766576403706,3.493557507088768,1.3248703243099276,0.0697200018621515,30.999999307096004,1.0,0.9309976525311108,1
12:05:12.490757,156,0.5807284997239874,3.580107692538616,1.4574991617570754,0.0697200018621515,24.879999443888664,1.0,2.8174753600283893,1
12:05:12.490757,156,0.5987628732921374,3.396772002748784,1.1997908171286809,0.0697200018621515,21.239999525249004,1.0,3.0651751396376286,1
12:05:12.490757,156,0.616684143286708,3.5743245854921946,1.4590487406199066,0.0697200018621515,21.51999951899052,1.0,3.491285969090259,1
12:05:12.490757,156,0.6336137450666879,3.39082003126504,1.2013856430811232,0.0697200018621515,16.99999962002039,1.0,3.9717771748872366,1
12:05:12.490757,156,0.6436424490964049,3.481807409370991,1.3280187535043924,0.0697200018621515,20.51999954134226,1.0,2.499676846035086,1
12:05:12.490757,156,0.6525781189517582,3.568194468547671,1.4606913005047002,0.0697200018621515,18.23999959230423,1.0,4.37465941323344,1
12:05:12.490757,156,0.6789805693752929,3.47541957762182,1.3297303678629686,0.0697200018621515,16.639999628067017,1.0,3.598994862890629,1
12:05:12.490757,156,0.4725275456679383,3.5953693450776627,1.4534098142840732,0.0697200018621515,27.99999937415123,1.0,2.03226159159947,1
12:05:12.490757,156,0.5630908682701901,3.4252941390658176,1.302002515481099,0.0697200018621515,26.75999940186739,1.0,1.3487626578637724,1
12:05:12.490757,156,0.4660572855978773,3.508610183744966,1.3208369717559725,0.0697200018621515,42.9999990388751,1.0,0.12182226711319052,1
12:05:12.490757,156,0.5086465968496541,3.5906305984722384,1.4546795576101323,0.0697200018621515,28.639999359846115,1.0,2.090049152556142,1
12:05:12.490757,156,0.4505998963417145,3.356162123208509,1.2087080596067148,0.0697200018621515,24.51999945193529,1.0,2.550381975973158,1
12:05:12.490757,156,0.4581761461650386,3.440092271383303,1.2980373678771395,0.0697200018621515,45.87999897450209,1.0,0.278718075106705,1
12:05:12.490757,156,0.2117975956560844,3.469683511980177,1.3266873990412538,0.0697200018621515,15.519999653100967,1.0,4.435855418516688,1
12:05:12.490757,156,0.2772227700628525,3.403015819456041,1.3399710104362177,0.0697200018621515,18.879999577999115,1.0,2.928137934548295,1
12:05:12.490757,156,0.2822649958591071,3.464911074835076,1.327966169720212,0.0697200018621515,24.23999945819378,1.0,2.257612099729746,1
12:05:12.490757,156,0.2862718446726591,3.5514896616558027,1.4579789229457871,0.0697200018621515,20.119999550282955,1.0,3.2558714858396263,1
12:05:12.490757,156,0.3117872213566938,3.4001710960002858,1.340733251788877,0.0697200018621515,21.51999951899052,1.0,2.2338901422784563,1
12:05:12.490757,156,0.3174581176186092,3.462014610542922,1.3287422749882,0.0697200018621515,30.35999932140112,1.0,1.4539088150656903,1
12:05:12.490757,156,0.3219645449142116,3.54855208105563,1.4587660452953046,0.0697200018621515,24.759999446570877,1.0,2.4397897089319547,1
12:05:12.490757,156,0.3465459953354304,3.3901821734424167,1.3074842220106426,0.0697200018621515,23.87999946624041,1.0,1.8533024038015575,1
12:05:12.490757,156,0.3526194938323161,3.458778357293844,1.3296094264327931,0.0697200018621515,37.35999916493893,1.0,0.8428004781435333,1
12:05:12.490757,156,0.3580021432018961,3.539623761636004,1.42405267133532,0.0697200018621515,30.23999932408333,1.0,1.4098087122892875,1
12:05:12.490757,156,0.2470436478365008,3.4674674605263043,1.3272811882387048,0.0697200018621515,19.239999569952488,1.0,3.2521648143397957,1
12:05:12.490757,156,0.373892662134465,3.3317589802209056,1.3544842799863412,0.0697200018621515,4.999999888241291,0.4999999888241291,3.5811010123240026,1
12:05:12.490757,156,0.363901348734449,3.6074891778722034,1.450162314874376,0.0697200018621515,19.519999563694,1.0,3.058232762169675,1
12:05:12.490757,156,0.4228329487158277,3.451287812361618,1.331616511898252,0.0697200018621515,47.23999894410372,1.0,0.20551553799707015,1
12:05:12.490757,156,0.4155500975876919,3.382820645238372,1.3094567375479755,0.0697200018621515,25.63999942690134,1.0,1.3886037004101983,1
12:05:12.490757,156,0.4001513028285123,3.603799056259673,1.451151079980426,0.0697200018621515,22.75999949127436,1.0,2.518343065425087,1
12:05:12.490757,156,0.4303862026892164,3.5129397093133585,1.3196768788763116,0.0697200018621515,40.8799990862608,1.0,0.2557094013315498,1
12:05:12.490757,156,0.3936644492136146,3.5359934605927243,1.4250254075681488,0.0697200018621515,35.999999195337296,1.0,0.9557769725016043,1
12:05:12.490757,156,0.3877456083920648,3.455202638710455,1.3305675373395731,0.0697200018621515,43.75999902188778,1.0,0.42606574358864335,1
12:05:12.490757,156,0.3810670996569148,3.3866680428364977,1.308425830468596,0.0697200018621515,25.359999433159828,1.0,1.523158755882034,1
12:05:12.490757,156,0.4363612421275398,3.5997589773266565,1.4522336158678857,0.0697200018621515,25.87999942153692,1.0,2.1756950556493937,1
12:05:12.545761,157,0.4589791521676498,3.3819093051592373,1.0571642014669478,0.1391600037168245,81.75999817252159,1.0,0.13367227965687595,1
12:05:12.545761,157,0.5196451354934358,3.3121228462749928,1.0765182280547023,0.1391600037168245,32.99999926239252,1.0,2.208152706392432,1
12:05:12.545761,157,0.4666175816641301,3.400888494469005,0.9022556242268404,0.1391600037168245,45.639998979866505,1.0,1.727109014361827,1
12:05:12.545761,157,0.4748066943279082,3.4605738988183843,0.8829902713501336,0.1391600037168245,11.9999997317791,1.0,4.723463562321112,1
12:05:12.545761,157,0.4851641444492047,3.3434771412375865,1.1761166601171102,0.0697200018621515,41.23999907821417,1.0,1.6632104237186585,1
12:05:12.545761,157,0.4940625915151915,3.377306428735978,1.0583975384874202,0.1391600037168245,60.63999864459038,1.0,0.39521196340008863,1
12:05:12.545761,157,0.5022848871343151,3.396209015989043,0.9035094867065454,0.1391600037168245,36.23999918997288,1.0,1.9203068818760283,1
12:05:12.545761,157,0.5290966250175076,3.3723649081087506,1.0597216149488675,0.1391600037168245,43.75999902188778,1.0,0.7985615500589169,1
12:05:12.545761,157,0.5734652521930886,3.3858177214204157,0.906293825694523,0.1391600037168245,21.99999950826168,1.0,2.721960516928359,1
12:05:12.545761,157,0.5540013763165532,3.306937488709198,1.0779076404269237,0.1391600037168245,25.999999418854717,1.0,2.7328223966646106,1
12:05:12.545761,157,0.5640777493005998,3.367085237425476,1.0611362984447532,0.1391600037168245,31.87999928742647,1.0,1.3432507879388957,1
12:05:12.545761,157,0.5883022174661815,3.301420540144377,1.0793859023395511,0.0697200018621515,20.63999953866005,1.0,3.4104988522605972,1
12:05:12.545761,157,0.5990024662813466,3.3614679446488,1.062641447507913,0.1391600037168245,23.75999946892261,1.0,2.02904247052845,1
12:05:12.545761,157,0.6089711938048062,3.3801069444525007,0.9078240237712298,0.1391600037168245,17.519999608397484,1.0,3.3297029030979832,1
12:05:12.545761,157,0.6225442288869436,3.2955725522707637,1.0809528659676333,0.0697200018621515,16.359999634325504,1.0,4.241176535879871,1
12:05:12.545761,157,0.4309036148267113,3.405223225011592,0.901094136678548,0.1391600037168245,54.51999878138304,1.0,1.673208583487896,1
12:05:12.545761,157,0.63386728351731,3.3555135915032936,1.0642369116247008,0.1391600037168245,18.23999959230423,1.0,2.8559325333121444,1
12:05:12.545761,157,0.5379019645366013,3.391185257515634,0.9048555987324642,0.1391600037168245,28.23999936878681,1.0,2.252083223746721,1
12:05:12.545761,157,0.4238498152894245,3.38617307709474,1.056021727220119,0.1391600037168245,98.6399977952242,1.0,0.014645576720784993,1
12:05:12.545761,157,0.4507125848134409,3.3479971163181665,1.17490553644446,0.0697200018621515,49.23999889940024,1.0,1.3686244753391221,1
12:05:12.545761,157,0.4085435005238583,3.2992288555151763,1.2219991407581006,0.0697200018621515,8.759999804198742,0.8759999804198741,4.766198802120792,1
12:05:12.545761,157,0.4162159542968032,3.3521840944434897,1.1737836390370529,0.0697200018621515,54.239998787641525,1.0,1.2226974377433633,1
12:05:12.545761,157,0.1768841203376147,3.44177907098378,1.187731209541421,0.1391600037168245,17.999999597668648,1.0,3.5699572908837087,1
12:05:12.545761,157,0.1801159244131744,3.467344729907134,1.0336170471136454,0.1391600037168245,17.759999603033066,1.0,4.059169855937102,1
12:05:12.545761,157,0.2084310086460623,3.3784513488880545,1.2027356795859656,0.0697200018621515,19.999999552965164,1.0,3.597357428152825,1
12:05:12.545761,157,0.2158402032220737,3.423970045681498,0.8960709412193955,0.1391600037168245,22.63999949395657,1.0,4.345620303230187,1
12:05:12.545761,157,0.2431168141387976,3.376270522244052,1.2033200303240583,0.0697200018621515,25.23999943584204,1.0,2.8619999194765056,1
12:05:12.545761,157,0.247538708745348,3.43767932469752,1.1888297332479971,0.1391600037168245,31.239999301731583,1.0,2.2153428799573414,1
12:05:12.545761,157,0.2517590012699512,3.4217116961725105,0.8966760641465559,0.1391600037168245,29.23999934643507,1.0,3.535177499967184,1
12:05:12.545761,157,0.2777783081538026,3.373754771078604,1.2039941238171978,0.0697200018621515,31.75999929010868,1.0,2.2823026191748186,1
12:05:12.545761,157,0.2828306382733506,3.4351178161600475,1.1895160873920183,0.1391600037168245,42.87999904155731,1.0,1.7550869368229187,1
12:05:12.545761,157,0.2122220255538592,3.439899816987887,1.1882347541319938,0.1391600037168245,23.35999947786331,1.0,2.8195228157036363,1
12:05:12.545761,157,0.312412024570715,3.370904346964718,1.2047578926565996,0.0697200018621515,39.759999111294746,1.0,1.8562514435040347,1
12:05:12.545761,157,0.3181738357225613,3.423905786473097,1.155875406672533,0.1391600037168245,59.51999866962433,1.0,0.9437004085780597,1
12:05:12.545761,157,0.3235174809659327,3.41615476695003,0.8981650388441165,0.1391600037168245,47.35999894142151,1.0,2.3580948529269365,1
12:05:12.545761,157,0.3470145000469095,3.36771953494242,1.2056112604660196,0.0697200018621515,47.8799989297986,1.0,1.5820520255860353,1
12:05:12.545761,157,0.3534675047963758,3.393681635960796,1.054009814935638,0.1391600037168245,80.51999820023775,1.0,0.20810538747469223,1
12:05:12.545761,157,0.3593499868261864,3.4128567429248022,0.8990487417182946,0.1391600037168245,55.75999875366688,1.0,1.987380840415654,1
12:05:12.545761,157,0.3815822743638282,3.364200653490241,1.2065541419093917,0.0697200018621515,53.63999880105257,1.0,1.4581306296078558,1
12:05:12.545761,157,0.3886780937847719,3.390097318168866,1.054970229993402,0.1391600037168245,98.1199978068471,1.0,0.03906741761253464,1
12:05:12.545761,157,0.2876526236286256,3.419106516423424,0.8973741199564618,0.1391600037168245,37.75999915599823,1.0,2.8733876183064444,1
12:05:12.545761,157,0.3951465579888212,3.409212774147381,0.900025140209449,0.1391600037168245,58.75999868661165,1.0,1.7595656390330323,1
12:05:12.601838,158,0.5832083560442997,3.547669259758277,1.2770652333257249,0.0697200018621515,31.87999928742647,1.0,1.1080237730676714,1
12:05:12.601838,158,0.5638521257319018,3.4023870486833463,1.1982862701050512,0.0697200018621515,30.999999307096004,1.0,1.8024092975237944,1
12:05:12.601838,158,0.5537797831625189,3.341608687932313,1.2126076408360702,0.0697200018621515,19.759999558329586,1.0,3.889652955595211,1
12:05:12.601838,158,0.5560764334752579,3.62148754173246,1.299733358254299,0.0697200018621515,17.359999611973763,1.0,2.8030959046242296,1
12:05:12.601838,158,0.5194372843770393,3.3467919714243117,1.2112187842102475,0.0697200018621515,22.879999488592148,1.0,3.188215521763524,1
12:05:12.601838,158,0.5383327024859381,3.468537243713363,1.182525520717105,0.0697200018621515,41.11999908089638,1.0,0.2640029116242798,1
12:05:12.601838,158,0.5288849934314888,3.4076646075688366,1.1968721524636765,0.0697200018621515,38.6399991363287,1.0,1.2404052449491398,1
12:05:12.601838,158,0.5192559370308211,3.6266810414381943,1.2983417642022563,0.0697200018621515,15.75999964773655,1.0,2.9277524295738275,1
12:05:12.601838,158,0.5108186453690611,3.5582371011390146,1.2742335887620158,0.0697200018621515,30.23999932408333,1.0,0.8212381977426513,1
12:05:12.601838,158,0.5928413227422287,3.615938648950576,1.301220179594092,0.0697200018621515,17.759999603033066,1.0,2.896693715963335,1
12:05:12.601838,158,0.5470408525201508,3.553127989629232,1.2756025710651029,0.0697200018621515,31.999999284744263,1.0,0.8559024395239018,1
12:05:12.601838,158,0.6913465071756045,3.529200993139235,1.2820137904518996,0.0697200018621515,23.11999948322773,1.0,3.196169179260268,1
12:05:12.601838,158,0.6094588421506356,3.4574500594243083,1.185496322793692,0.0697200018621515,28.759999357163903,1.0,1.3194739087992147,1
12:05:12.601838,158,0.6193175392214566,3.5418614573945657,1.278621429278881,0.0697200018621515,29.879999332129955,1.0,1.580303293653077,1
12:05:12.601838,158,0.6295469283736079,3.6100349179771696,1.302802079540747,0.0697200018621515,16.8799996227026,1.0,3.2113536167751406,1
12:05:12.601838,158,0.6336137450666879,3.39082003126504,1.2013856430811232,0.0697200018621515,19.759999558329586,1.0,3.585688908138088,1
12:05:12.601838,158,0.6449322706263767,3.45139176521336,1.187119637835026,0.0697200018621515,23.519999474287037,1.0,2.1816192212638708,1
12:05:12.601838,158,0.6553647911635563,3.5357051633134686,1.2802710033062792,0.0697200018621515,26.75999940186739,1.0,2.275447951463647,1
12:05:12.601838,158,0.6666233587123473,3.596445343363573,1.2679067175903602,0.0697200018621515,15.119999662041664,1.0,3.270490416730028,1
12:05:12.601838,158,0.6803412064153798,3.444991132625879,1.1888346821678897,0.0697200018621515,19.119999572634697,1.0,3.2701790949900986,1
12:05:12.601838,158,0.7032232076874495,3.589829437496116,1.2696794442247457,0.0697200018621515,13.119999706745148,1.0,4.04228965450428,1
12:05:12.601838,158,0.7397527349309438,3.582860340927543,1.2715468080222694,0.0697200018621515,11.119999751448631,1.0,5.044764962136171,1
12:05:12.601838,158,0.5026871038513584,3.473565025082328,1.1811783307595705,0.0697200018621515,45.759998977184296,1.0,0.06547538322178795,1
12:05:12.601838,158,0.5987628732921374,3.396772002748784,1.1997908171286809,0.0697200018621515,24.759999446570877,1.0,2.583338418168402,1
12:05:12.601838,158,0.4938649730748328,3.412604151653788,1.195548605615136,0.0697200018621515,46.51999896019697,1.0,0.8948341181018109,1
12:05:12.601838,158,0.5739244683012847,3.46316540943438,1.1839648993740322,0.0697200018621515,34.879999220371246,1.0,0.681136257873647,1
12:05:12.601838,158,0.4823835154277142,3.631518628722158,1.297045536596203,0.0697200018621515,13.639999695122242,1.0,3.267863638013352,1
12:05:12.601838,158,0.2470436478365008,3.4674674605263043,1.3272811882387048,0.0697200018621515,21.7599995136261,1.0,4.005288819045079,1
12:05:12.601838,158,0.2772227700628525,3.403015819456041,1.3399710104362177,0.1391600037168245,20.51999954134226,1.0,3.2469478274326384,1
12:05:12.601838,158,0.2822649958591071,3.464911074835076,1.327966169720212,0.0697200018621515,27.239999391138557,1.0,2.9202629366237947,1
12:05:12.601838,158,0.2878829683928985,3.496480861241492,1.1750380509668386,0.1391600037168245,21.359999522566795,1.0,3.3204598027028913,1
12:05:12.601838,158,0.3117872213566938,3.4001710960002858,1.340733251788877,0.1391600037168245,23.639999471604824,1.0,2.5093794986874625,1
12:05:12.601838,158,0.3174581176186092,3.462014610542922,1.3287422749882,0.0697200018621515,34.23999923467636,1.0,2.030418141442567,1
12:05:12.601838,158,0.3237765453782479,3.4935267480836365,1.175829603201836,0.1391600037168245,26.359999410808086,1.0,2.2614836605483655,1
12:05:12.601838,158,0.3465459953354304,3.3901821734424167,1.3074842220106426,0.0697200018621515,26.519999407231808,1.0,2.0783258111461334,1
12:05:12.601838,158,0.3596377449803197,3.4902260830862635,1.1767140137223675,0.1391600037168245,32.35999927669764,1.0,1.4056975167637231,1
12:05:12.601838,158,0.3714915955286302,3.643891256738081,1.293730300911086,0.0697200018621515,7.639999829232693,0.7639999829232693,5.5530795387414615,1
12:05:12.601838,158,0.373892662134465,3.3317589802209056,1.3544842799863412,0.0697200018621515,5.119999885559082,0.5119999885559082,3.418016843084209,1
12:05:12.601838,158,0.3810670996569148,3.3866680428364977,1.308425830468596,0.0697200018621515,28.519999362528324,1.0,1.733399109172562,1
12:05:12.601838,158,0.3879980828498119,3.4482659590721294,1.2958472348617345,0.0697200018621515,49.51999889314175,1.0,0.8116203120175213,1
12:05:12.601838,158,0.3528490964727318,3.451844005928465,1.2948885000960986,0.0697200018621515,42.11999905854464,1.0,1.3058989147807796,1
12:05:12.601838,158,0.4024033344818832,3.54776846772454,1.1632597201774884,0.1391600037168245,19.63999956101179,1.0,1.3719425980566375,1
12:05:12.601838,158,0.3954629811091982,3.486579196313107,1.177691194088123,0.1391600037168245,38.75999913364649,1.0,0.755643437614245,1
12:05:12.601838,158,0.4669912369275453,3.478248250767352,1.1799234642192955,0.0697200018621515,46.999998949468136,1.0,0.08296137176152185,1
12:05:12.601838,158,0.4587955666346299,3.4172051869879305,1.1943157619130051,0.0697200018621515,52.3599988296628,1.0,0.7632092020667353,1
12:05:12.601838,158,0.4505998963417145,3.356162123208509,1.2087080596067148,0.0697200018621515,28.11999937146902,1.0,2.4255591703563724,1
12:05:12.601838,158,0.4454628558772058,3.635999819829677,1.295844805057814,0.0697200018621515,11.359999746084211,1.0,3.8206393723300884,1
12:05:12.601838,158,0.4388170615204274,3.543705651427994,1.164348348523144,0.1391600037168245,23.35999947786331,1.0,0.7720564038769835,1
12:05:12.601838,158,0.4745453567813987,3.562996083380757,1.272958423313547,0.0697200018621515,27.119999393820763,1.0,1.0013371679430578,1
12:05:12.601838,158,0.4236802810221428,3.421467253471585,1.1931737446406223,0.0697200018621515,53.63999880105257,1.0,0.8430504665008188,1
12:05:12.601838,158,0.4155500975876919,3.382820645238372,1.3094567375479755,0.0697200018621515,29.11999934911728,1.0,1.5902487474960838,1
12:05:12.601838,158,0.4084976504143189,3.6401241666453927,1.294739689659237,0.0697200018621515,9.239999793469906,0.9239999793469906,4.583300351532496,1
12:05:12.601838,158,0.4850428422983072,3.3516432782252483,1.2099188804707008,0.0697200018621515,25.87999942153692,1.0,2.700978685283721,1
12:05:12.601838,158,0.4312486712712851,3.4825864524497896,1.178761046581883,0.1391600037168245,44.23999901115894,1.0,0.31387606631799514,1
12:05:12.653180,159,0.5281709451389253,3.430564572712441,1.3005903070417242,0.0697200018621515,34.99999921768904,1.0,1.7078250706016826,1
12:05:12.653180,159,0.5372560729829984,3.498918598057446,1.3234338243143204,0.0697200018621515,36.999999172985554,1.0,1.790747979990521,1
12:05:12.653180,159,0.5466848872494176,3.5603244252847306,1.3115601254763294,0.0697200018621515,16.519999630749226,1.0,5.954729999285923,1
12:05:12.653180,159,0.5630908682701901,3.4252941390658176,1.302002515481099,0.0697200018621515,29.11999934911728,1.0,3.53351221725514,1
12:05:12.653180,159,0.5731496121572449,3.486481699412047,1.289533874403412,0.0697200018621515,32.75999926775694,1.0,1.5377369220658172,1
12:05:12.653180,159,0.6094588421506356,3.4574500594243083,1.185496322793692,0.0697200018621515,27.87999937683344,1.0,3.744063242364474,1
12:05:12.653180,159,0.6336137450666879,3.39082003126504,1.2013856430811232,0.0697200018621515,19.239999569952488,1.0,3.596071734591897,1
12:05:12.653180,159,0.6449322706263767,3.45139176521336,1.187119637835026,0.0697200018621515,23.11999948322773,1.0,3.07671828819481,1
12:05:12.653180,159,0.6803412064153798,3.444991132625879,1.1888346821678897,0.0697200018621515,18.999999575316902,1.0,3.2824995240413646,1
12:05:12.653180,159,0.4931982053556488,3.435497447912732,1.2992685471154428,0.0697200018621515,40.11999910324812,1.0,0.717943830016186,1
12:05:12.653180,159,0.5987628732921374,3.396772002748784,1.1997908171286809,0.0697200018621515,23.639999471604824,1.0,2.990670010721084,1
12:05:12.653180,159,0.4660572855978773,3.508610183744966,1.3208369717559725,0.0697200018621515,38.75999913364649,1.0,0.8957002305925983,1
12:05:12.653180,159,0.5016817631684416,3.503936324198982,1.3220893286468551,0.0697200018621515,39.35999912023544,1.0,0.9358867663793276,1
12:05:12.653180,159,0.4303862026892164,3.5129397093133585,1.3196768788763116,0.0697200018621515,35.63999920338392,1.0,1.6490139345644064,1
12:05:12.653180,159,0.4578780060989689,3.4470342697266894,1.3327562452122528,0.0697200018621515,42.87999904155731,1.0,0.8638936564011631,1
12:05:12.653180,159,0.2461533698086146,3.491708388353133,1.4668088497744345,0.0697200018621515,17.519999608397484,1.0,4.867418086525685,1
12:05:12.653180,159,0.2822649958591071,3.464911074835076,1.327966169720212,0.0697200018621515,21.51999951899052,1.0,6.797090678234611,1
12:05:12.653180,159,0.3174581176186092,3.462014610542922,1.3287422749882,0.0697200018621515,26.519999407231808,1.0,4.123552488181893,1
12:05:12.653180,159,0.3526194938323161,3.458778357293844,1.3296094264327931,0.0697200018621515,32.239999279379845,1.0,2.174291927413009,1
12:05:12.653180,159,0.3219645449142116,3.54855208105563,1.4587660452953046,0.0697200018621515,21.639999516308308,1.0,4.638575412882387,1
12:05:12.653180,159,0.3877456083920648,3.455202638710455,1.3305675373395731,0.0697200018621515,37.87999915331602,1.0,0.968308392518068,1
12:05:12.653180,159,0.3946720815208646,3.5169244679552296,1.3186091660161894,0.0697200018621515,30.999999307096004,1.0,3.174985839735069,1
12:05:12.653180,159,0.4152796947424391,3.3896359154098787,1.3435561449201927,0.0697200018621515,19.879999555647373,1.0,5.8612506304579055,1
12:05:12.653180,159,0.4228329487158277,3.451287812361618,1.331616511898252,0.0697200018621515,41.999999061226845,1.0,0.5249479389285128,1
12:05:12.653180,159,0.3576250489710149,3.5452698880772844,1.4596455062532554,0.0697200018621515,26.119999416172504,1.0,5.5489169560799745,1
12:05:12.706065,160,0.9424922940290892,3.648848959088285,0.0652066475416501,0.3480400092958007,7.1199998408555984,0.7119999840855599,3.316068481303093,1
12:05:12.706065,160,0.9213581739753004,3.748591145454551,0.7861930363807339,-0.0697200018621515,16.119999639689922,1.0,3.2271224611535834,1
12:05:12.706065,160,0.9080460896210316,3.7357085048005856,0.9577829707779966,-0.0697200018621515,10.519999764859676,1.0,4.272389251368772,1
12:05:12.706065,160,0.9284202639087374,3.5943692431455685,0.0940943854095734,0.3480400092958007,16.239999637007713,1.0,3.2663647700451275,1
12:05:12.706065,160,0.9217933125156844,3.6122995346099382,0.2703654061546978,0.3480400092958007,18.639999583363533,1.0,2.137647510788697,1
12:05:12.706065,160,0.5473421141639432,3.450700370594952,0.8856358752640481,0.2783200074336491,15.87999964505434,1.0,2.743123659269562,1
12:05:12.706065,160,0.5384673316547773,3.4227639250685487,1.0082554361826488,0.0697200018621515,22.75999949127436,1.0,1.0689988539382052,1
12:05:12.706065,160,0.5290172598658859,3.399348706685223,1.1624554563701603,0.0697200018621515,17.759999603033066,1.0,2.605861280224646,1
12:05:12.706065,160,0.4850428422983072,3.3516432782252483,1.2099188804707008,0.0697200018621515,6.7599998489022255,0.6759999848902225,4.45788361658693,1
12:05:12.706065,160,0.5935540391213288,3.5044246823885974,0.8679807278848486,0.1391600037168245,7.999999821186066,0.7999999821186066,3.565565918032825,1
12:05:12.817391,162,0.6684012559975737,3.3845317294242734,1.2030705884811197,0.0697200018621515,22.51999949663877,1.0,1.6006748501148351,1
12:05:12.817391,162,0.6803412064153798,3.444991132625879,1.1888346821678897,0.0697200018621515,27.639999382197857,1.0,0.5448689189920165,1
12:05:12.817391,162,0.7031219273628471,3.3779077260514025,1.2048454848355414,0.0697200018621515,19.119999572634697,1.0,2.4612887070553047,1
12:05:12.817391,162,0.7156821086537317,3.4382488017197645,1.1906412842892866,0.0697200018621515,23.75999946892261,1.0,1.1259613971014453,1
12:05:12.817391,162,0.7377722871244601,3.370948683541214,1.2067101546562402,0.0697200018621515,15.999999642372131,1.0,3.607480380345729,1
12:05:12.817391,162,0.7861456833927227,3.42374177596352,1.1945284301252497,0.0697200018621515,16.359999634325504,1.0,3.1418803535003095,1
12:05:12.817391,162,1.000341224918868,3.593732522207316,0.2753404221338389,0.2783200074336491,9.119999796152117,0.9119999796152116,4.84778579930375,1
12:05:12.817391,162,0.6562507961860654,3.51196349916168,1.1728536325889287,0.0697200018621515,17.639999605715275,1.0,1.7446072451070624,1
12:05:12.817391,162,0.7509514432808174,3.431165446722456,1.1925392635405183,0.0697200018621515,19.879999555647373,1.0,1.9899347267409735,1
12:05:12.817391,162,0.6449322706263767,3.45139176521336,1.187119637835026,0.0697200018621515,30.759999312460423,1.0,0.24166840519747163,1
12:05:12.817391,162,0.6094588421506356,3.4574500594243083,1.185496322793692,0.0697200018621515,31.87999928742647,1.0,0.21147604449265478,1
12:05:12.817391,162,0.6336137450666879,3.39082003126504,1.2013856430811232,0.0697200018621515,25.359999433159828,1.0,1.0208534687338373,1
12:05:12.817391,162,0.4228329487158277,3.451287812361618,1.331616511898252,0.0697200018621515,16.359999634325504,1.0,2.57137313209168,1
12:05:12.817391,162,0.4312486712712851,3.4825864524497896,1.178761046581883,0.0697200018621515,16.759999625384808,1.0,3.992362193910156,1
12:05:12.817391,162,0.4581761461650386,3.440092271383303,1.2980373678771395,0.0697200018621515,19.519999563694,1.0,1.647232337574784,1
12:05:12.817391,162,0.4669912369275453,3.478248250767352,1.1799234642192955,0.0697200018621515,20.119999550282955,1.0,2.7269251705611857,1
12:05:12.817391,162,0.5026871038513584,3.473565025082328,1.1811783307595705,0.0697200018621515,23.9999994635582,1.0,1.7117369879695894,1
12:05:12.817391,162,0.4931982053556488,3.435497447912732,1.2992685471154428,0.0697200018621515,22.75999949127436,1.0,0.9778871272077287,1
12:05:12.817391,162,0.5383327024859381,3.468537243713363,1.182525520717105,0.0697200018621515,27.87999937683344,1.0,0.951120576501572,1
12:05:12.817391,162,0.5537797831625189,3.341608687932313,1.2126076408360702,0.0697200018621515,11.519999742507936,1.0,3.2218044526936866,1
12:05:12.817391,162,0.5638521257319018,3.4023870486833463,1.1982862701050512,0.0697200018621515,27.359999388456345,1.0,0.6849499517963702,1
12:05:12.817391,162,0.5739244683012847,3.46316540943438,1.1839648993740322,0.0697200018621515,30.759999312460423,1.0,0.4495155556063023,1
12:05:12.817391,162,0.5987628732921374,3.396772002748784,1.1997908171286809,0.0697200018621515,27.239999391138557,1.0,0.7171393854406649,1
12:05:12.817391,162,0.5281709451389253,3.430564572712441,1.3005903070417242,0.0697200018621515,25.63999942690134,1.0,0.5593698460869647,1
12:05:13.035524,166,0.856294810354216,3.4991270344477927,0.1081037854488655,-0.1391600037168245,23.87999946624041,1.0,0.42258768285626896,1
12:05:13.035524,166,0.8356744000033238,3.569071576340777,0.1100010008843929,-0.0697200018621515,16.359999634325504,1.0,3.68232240180481,1
12:05:13.035524,166,0.92610143082399,3.4813024782786,0.1081037854488655,-0.0697200018621515,18.879999577999115,1.0,2.25197441961793,1
12:05:13.035524,166,0.9608675699309076,3.471867554861222,0.1081037854488655,-0.0697200018621515,16.119999639689922,1.0,3.8186194867509404,1
12:05:13.035524,166,0.8912426823498785,3.490389274364789,0.1081037854488655,-0.1391600037168245,21.639999516308308,1.0,1.1218898662465615,1
12:05:13.035524,166,0.8212613095949224,3.5075148847589226,0.1081037854488655,-0.1391600037168245,24.99999944120645,1.0,0.14864023405480292,1
12:05:13.035524,166,0.7723488702754671,3.4538542442484217,0.1062065700133381,-0.1391600037168245,18.519999586045746,1.0,1.6119204836993966,1
12:05:13.035524,166,0.7509514432808174,3.5232375360281094,0.1081037854488655,-0.1391600037168245,22.99999948590994,1.0,0.8568677972272571,1
12:05:13.035524,166,0.7377722871244601,3.4614049127889928,0.1062065700133381,-0.1391600037168245,17.639999605715275,1.0,1.9157861236278761,1
12:05:13.035524,166,0.7156821086537317,3.5305707647342115,0.1081037854488655,-0.1391600037168245,20.51999954134226,1.0,1.8299637865242275,1
12:05:13.035524,166,0.6803412064153798,3.537550939321755,0.1081037854488655,-0.1391600037168245,17.639999605715275,1.0,3.210260976110728,1
12:05:13.035524,166,0.7861456833927227,3.515551986520176,0.1081037854488655,-0.1391600037168245,24.759999446570877,1.0,0.29497313454989194,1
12:05:13.096699,167,0.8251234512968154,3.310830320347544,1.328746486965327,-0.0697200018621515,17.519999608397484,1.0,1.0106120078645593,1
12:05:13.096699,167,0.9277637186476247,3.678930633602755,0.4205157352893365,0.4872000130126253,14.759999670088291,1.0,4.720603142104624,1
12:05:13.096699,167,0.8196188417466016,3.446465000066513,1.3374887235360975,-0.0697200018621515,33.639999248087406,1.0,1.4925726342402843,1
12:05:13.096699,167,0.8052345765577913,3.3859797305731147,1.3491157596727072,-0.0697200018621515,35.999999195337296,1.0,1.364695218002375,1
12:05:13.096699,167,0.7845734444549045,3.454212718255641,1.3354127287041369,-0.0697200018621515,29.11999934911728,1.0,1.8064222523314675,1
12:05:13.096699,167,0.8880942449157356,3.687700627009522,0.4181658226383669,0.4872000130126253,18.11999959498644,1.0,3.5211174861011147,1
12:05:13.096699,167,0.7708042240437579,3.393591476737975,1.3470761984348425,-0.0697200018621515,31.999999284744263,1.0,1.6652129305580798,1
12:05:13.096699,167,0.8613920485495935,3.7529706418469657,0.3915393214738409,0.4872000130126253,16.359999634325504,1.0,2.6437152466330938,1
12:05:13.096699,167,0.8483359625034009,3.6960870106231902,0.4159186979216671,0.4872000130126253,22.11999950557947,1.0,2.5615790465907677,1
12:05:13.096699,167,0.9017622200944984,3.7444551898560094,0.3938210299580036,0.4872000130126253,14.119999684393406,1.0,3.630899660048156,1
12:05:13.096699,167,1.028717373044067,3.3857663159331604,1.3165204800719703,-0.2088800055789761,23.519999474287037,1.0,3.581480920607027,1
12:05:13.096699,167,0.8744192721548107,3.3627681620725745,1.3187563005224052,-0.0697200018621515,37.239999167621136,1.0,1.1500664374671383,1
12:05:13.096699,167,0.8545822778408014,3.4383791623660964,1.3396553172180532,-0.0697200018621515,36.87999917566776,1.0,1.3650974420753084,1
12:05:13.096699,167,0.8894602564231867,3.4299560137313865,1.341912293092451,-0.0697200018621515,37.75999915599823,1.0,1.423969191426445,1
12:05:13.096699,167,0.905070234563799,3.490151551430751,1.3303628903560742,-0.0697200018621515,19.119999572634697,1.0,1.6118562821201534,1
12:05:13.096699,167,0.9086200146378712,3.354156672020516,1.3210637423274831,-0.0697200018621515,33.99999924004078,1.0,1.4489630157382973,1
12:05:13.096699,167,0.9242492897251204,3.42119639647019,1.3442594254635944,-0.0697200018621515,36.11999919265509,1.0,1.6690916322473548,1
12:05:13.096699,167,0.9427298958807104,3.3452152642481785,1.3234595853192783,-0.0697200018621515,29.519999340176582,1.0,1.928169346940006,1
12:05:13.096699,167,0.9595703014203432,3.4049723398574976,1.3113742414716314,-0.0697200018621515,32.35999927669764,1.0,2.038102343448186,1
12:05:13.096699,167,0.9767455049237812,3.335944832888849,1.3259435899154988,-0.2088800055789761,24.879999443888664,1.0,2.5874534024061235,1
12:05:13.096699,167,0.9941935464930616,3.395536306638822,1.3139026189523286,-0.0697200018621515,27.87999937683344,1.0,2.716841983057416,1
12:05:13.096699,167,1.010663440234678,3.326346304977896,1.3285155077177662,-0.2088800055789761,20.63999953866005,1.0,3.426516858743089,1
12:05:13.096699,167,0.7494495904760783,3.4616215421681527,1.333427540319915,-0.0697200018621515,24.51999945193529,1.0,2.306604996282096,1
12:05:13.096699,167,0.8401310884771243,3.371048873262564,1.3165374906462923,-0.0697200018621515,37.99999915063381,1.0,1.0316452492216415,1
12:05:13.096699,167,0.7362967917531005,3.4008702762019665,1.3451258499965977,-0.0697200018621515,27.239999391138557,1.0,2.1459305227954486,1
12:05:13.096699,167,0.7000406749992769,3.799169924445025,0.4219690773709552,-0.0697200018621515,19.35999956727028,1.0,1.0218995568278508,1
12:05:13.096699,167,0.8095917473028517,3.719865263893319,0.4517072989427262,0.4872000130126253,26.519999407231808,1.0,1.4419539888429829,1
12:05:13.096699,167,0.4895293694216825,3.815285814396781,0.552933374752731,-0.0697200018621515,13.759999692440031,1.0,6.004360283649357,1
12:05:13.096699,167,0.5301023306684786,3.810361330507319,0.5542528862340523,-0.0697200018621515,16.99999962002039,1.0,4.497429545496469,1
12:05:13.096699,167,0.822051550944656,3.777114847916983,0.4278787173156506,0.4872000130126253,18.23999959230423,1.0,1.522735480776023,1
12:05:13.096699,167,0.5686481830867398,3.759815575120212,0.4410026453121081,-0.0697200018621515,20.87999953329563,1.0,2.6196637123906843,1
12:05:13.096699,167,0.599598883750414,3.6963511670990887,0.466496484010404,0.4872000130126253,18.11999959498644,1.0,1.7796649090932086,1
12:05:13.096699,167,0.6089710892112354,3.7541280635080887,0.4425266094555191,-0.0697200018621515,25.23999943584204,1.0,1.8254001710632186,1
12:05:13.096699,167,0.6183432946720567,3.8119049599170873,0.4185567349006343,-0.0697200018621515,15.75999964773655,1.0,1.9214782976306104,1
12:05:13.096699,167,0.6392412516672052,3.690367978965624,0.4680996744389296,0.4872000130126253,19.759999558329586,1.0,1.2409247295469945,1
12:05:13.096699,167,0.6492330987370064,3.748051353405157,0.4441548590202375,-0.0697200018621515,29.519999340176582,1.0,1.2697256120590663,1
12:05:13.096699,167,0.6592249458068077,3.805734727844692,0.4202100436015454,-0.0697200018621515,17.759999603033066,1.0,1.3486073114444719,1
12:05:13.096699,167,0.6788196959943863,3.6840021805096552,0.4698053849943857,0.4872000130126253,20.51999954134226,1.0,0.9343370828927402,1
12:05:13.096699,167,0.5598965564475924,3.70195114659625,0.4649959740265088,0.4872000130126253,16.119999639689922,1.0,2.5500557102031136,1
12:05:13.096699,167,0.6894301854968317,3.74158605247734,0.4458872311826705,-0.0697200018621515,32.35999927669764,1.0,0.9531577559657498,1
12:05:13.096699,167,0.7971319436610473,3.662615679869656,0.4755358805698013,0.4872000130126253,17.11999961733818,1.0,1.411230552820518,1
12:05:13.096699,167,0.701715730400138,3.4078154010912414,1.3432649093911833,-0.0697200018621515,22.63999949395657,1.0,2.806741954317559,1
12:05:13.096699,167,0.7814580484027654,3.784859268954391,0.4258036059528307,0.4872000130126253,19.63999956101179,1.0,1.1086563885191432,1
12:05:13.096699,167,0.7696135189128362,3.727492303039853,0.4496636399627718,-0.0697200018621515,30.51999931782484,1.0,1.0389740183111742,1
12:05:13.096699,167,0.714250792166094,3.468690730927864,1.3315333569006071,-0.0697200018621515,20.239999547600743,1.0,2.9930107896445333,1
12:05:13.096699,167,0.6670644980620334,3.414426156899129,1.3414935627111004,-0.0697200018621515,18.639999583363533,1.0,3.647474800034356,1
12:05:13.096699,167,0.7407864007107412,3.792211206192925,0.4238336603069612,-0.0697200018621515,20.119999550282955,1.0,0.9417983597381188,1
12:05:13.096699,167,0.7295583298157126,3.734732807249311,0.4477235527070533,-0.0697200018621515,32.75999926775694,1.0,0.876126560522795,1
12:05:13.096699,167,0.7183302589206839,3.677254408305697,0.4716134451071454,0.4872000130126253,20.239999547600743,1.0,0.8603187633035194,1
12:05:13.096699,167,0.7577689894229069,3.6701253371253153,0.4735236739727129,0.4872000130126253,18.999999575316902,1.0,1.0192012516690405,1
12:05:13.150491,168,0.9686552218345984,3.685507590055829,0.4609134099012932,0.4174800111504737,13.23999970406294,1.0,3.8112630975938906,1
12:05:13.150491,168,0.8196188417466016,3.446465000066513,1.3374887235360975,-0.0697200018621515,25.11999943852425,1.0,2.3555208439830544,1
12:05:13.150491,168,0.92902473121467,3.694672756610892,0.4584576109243676,0.4174800111504737,15.639999650418758,1.0,2.6678094217855417,1
12:05:13.150491,168,0.9420422161728907,3.735550224228797,0.3962071083064422,0.4174800111504737,15.999999642372131,1.0,3.3447134446875264,1
12:05:13.150491,168,0.8401310884771243,3.371048873262564,1.3165374906462923,-0.0697200018621515,29.759999334812164,1.0,1.9006269416214714,1
12:05:13.150491,168,0.8545822778408014,3.4383791623660964,1.3396553172180532,-0.0697200018621515,27.239999391138557,1.0,2.24116159103885,1
12:05:13.150491,168,0.98222800881891,3.726256635454432,0.3986973179133204,0.4174800111504737,13.639999695122242,1.0,4.7444041805267165,1
12:05:13.150491,168,0.9427298958807104,3.3452152642481785,1.3234595853192783,-0.1391600037168245,26.359999410808086,1.0,2.008422719571266,1
12:05:13.150491,168,1.010663440234678,3.326346304977896,1.3285155077177662,-0.1391600037168245,19.759999558329586,1.0,3.3401208356513443,1
12:05:13.150491,168,0.905070234563799,3.490151551430751,1.3303628903560742,-0.1391600037168245,8.639999806880951,0.8639999806880951,6.742924332309592,1
12:05:13.150491,168,0.9086200146378712,3.354156672020516,1.3210637423274831,-0.0697200018621515,28.999999351799488,1.0,1.7157833355412642,1
12:05:13.150491,168,0.9242492897251204,3.42119639647019,1.3442594254635944,-0.0697200018621515,27.519999384880062,1.0,2.7556591879837704,1
12:05:13.150491,168,0.9589458988724182,3.412101186536895,1.3466964796202123,-0.1391600037168245,25.63999942690134,1.0,3.374028486854902,1
12:05:13.150491,168,0.9767455049237812,3.335944832888849,1.3259435899154988,-0.1391600037168245,23.11999948322773,1.0,2.5513827966964318,1
12:05:13.150491,168,0.9935466142332344,3.402671293444874,1.3492232118589311,-0.1391600037168245,22.99999948590994,1.0,4.226493506683216,1
12:05:13.150491,168,0.8057588923944523,3.3789979775263035,1.3144075345782724,-0.0697200018621515,27.639999382197857,1.0,2.38817757956431,1
12:05:13.150491,168,0.8744192721548107,3.3627681620725745,1.3187563005224052,-0.0697200018621515,30.23999932408333,1.0,1.678205721583705,1
12:05:13.150491,168,0.9029878915334324,3.760451691358622,0.4323435966588169,0.4174800111504737,18.639999583363533,1.0,2.480781860349424,1
12:05:13.150491,168,0.8894602564231867,3.4299560137313865,1.341912293092451,-0.0697200018621515,28.11999937146902,1.0,2.376322750749541,1
12:05:13.150491,168,0.7845734444549045,3.454212718255641,1.3354127287041369,-0.0697200018621515,22.359999500215054,1.0,2.724945696872812,1
12:05:13.150491,168,0.8893013388999579,3.703454670156026,0.4561045042819489,0.4174800111504737,18.11999959498644,1.0,1.8684642293166078,1
12:05:13.150491,168,0.6110851718340325,3.7993379384918144,0.5572065952224583,0.4174800111504737,13.879999689757824,1.0,4.6918630859384685,1
12:05:13.150491,168,0.6514869535365214,3.793240132695738,0.558840497361119,0.4174800111504737,16.359999634325504,1.0,3.4090418699248577,1
12:05:13.150491,168,0.6592249458068077,3.805734727844692,0.4202100436015454,0.4174800111504737,18.23999959230423,1.0,2.9128764080180822,1
12:05:13.150491,168,0.6918235870894729,3.78675238705653,0.5605788835658432,0.4174800111504737,18.879999577999115,1.0,2.500309348537635,1
12:05:13.150491,168,0.7000406749992769,3.799169924445025,0.4219690773709552,0.4174800111504737,20.87999953329563,1.0,1.9035872669565457,1
12:05:13.150491,168,0.7295583298157126,3.734732807249311,0.4477235527070533,0.4174800111504737,20.999999530613422,1.0,2.2659710330127965,1
12:05:13.150491,168,0.7407864007107412,3.792211206192925,0.4238336603069612,0.4174800111504737,22.75999949127436,1.0,1.28099235392291,1
12:05:13.150491,168,0.7696135189128362,3.727492303039853,0.4496636399627718,0.4174800111504737,22.11999950557947,1.0,1.6113684693804693,1
12:05:13.150491,168,0.620489913513819,3.857810625299918,0.535001672087918,0.4174800111504737,15.639999650418758,1.0,6.7401110441954515,1
12:05:13.150491,168,0.7922257879143655,3.825953643217682,0.3628461317964924,0.4174800111504737,10.87999975681305,1.0,1.7386058579992199,1
12:05:13.150491,168,0.7971319436610473,3.662615679869656,0.4755358805698013,0.4174800111504737,7.759999826550484,0.7759999826550483,4.025817389428029,1
12:05:13.150491,168,0.8095917473028517,3.719865263893319,0.4517072989427262,0.4174800111504737,21.87999951094389,1.0,1.3323683095533436,1
12:05:13.150491,168,0.822051550944656,3.777114847916983,0.4278787173156506,0.4174800111504737,22.879999488592148,1.0,1.1600435927937038,1
12:05:13.150491,168,0.7367762198348518,3.3938982188998703,1.3104150269351966,-0.0697200018621515,21.239999525249004,1.0,4.180141493969213,1
12:05:13.150491,168,0.8494890171964132,3.711852452507235,0.45385432528273,0.4174800111504737,20.359999544918537,1.0,1.420732750157443,1
12:05:13.150491,168,0.8625628490201672,3.7689787175163194,0.4300587868860228,0.4174800111504737,21.119999527931213,1.0,1.644375513200922,1
12:05:13.150491,168,0.7713061210976065,3.386614679960026,1.3123666453121683,-0.0697200018621515,24.63999944925308,1.0,3.146179165193086,1
12:05:13.150491,168,0.7814580484027654,3.784859268954391,0.4258036059528307,0.4174800111504737,23.519999474287037,1.0,1.0360710462779732,1
12:05:13.201097,169,1.0736081566534954,3.337994848374455,1.5079962686774504,-0.1391600037168245,17.999999597668648,1.0,4.572878953332719,1
12:05:13.201097,169,1.0063660050316336,3.3580865252602394,1.5026127200813173,-0.1391600037168245,20.239999547600743,1.0,1.1661348524227861,1
12:05:13.201097,169,1.0073399936835117,3.4879597081698965,1.4821901397528294,-0.1391600037168245,8.879999801516533,0.8879999801516533,6.270510026913968,1
12:05:13.201097,169,0.9725922919448888,3.36764423933535,1.5000517383134038,-0.1391600037168245,22.11999950557947,1.0,0.3331034330698994,1
12:05:13.201097,169,0.9554901190085184,3.4371978840780413,1.4886033124492657,-0.1391600037168245,20.999999530613422,1.0,1.3658284671695213,1
12:05:13.201097,169,0.9047564775971044,3.38577864002858,1.4951926402924305,-0.0697200018621515,23.11999948322773,1.0,0.34102469944780023,1
12:05:13.201097,169,0.8885944082027621,3.3252969627054685,1.504210239812731,-0.1391600037168245,11.519999742507936,1.0,2.6541391742528617,1
12:05:13.201097,169,0.8707011598606667,3.3943535132218234,1.4928950099451015,-0.0697200018621515,21.87999951094389,1.0,1.1821150666116473,1
12:05:13.201097,169,0.8365587727377172,3.402599014055569,1.4906856346555095,-0.0697200018621515,19.879999555647373,1.0,2.5962834571367033,1
12:05:13.201097,169,0.938721320443788,3.3768752519559726,1.4975782959363866,-0.1391600037168245,23.23999948054552,1.0,0.05953397124021964,1
12:05:13.641691,177,0.9909480381118934,3.371777590079666,0.7494384248944255,-0.0697200018621515,6.11999986320734,0.611999986320734,5.994600830867062,1
12:05:13.641691,177,0.9784573629287042,3.277579336389108,1.085119332345268,-0.0697200018621515,22.239999502897263,1.0,2.5060405544598545,1
12:05:13.641691,177,0.9947410602311756,3.294822243980944,0.9306759903893138,-0.0697200018621515,28.879999354481697,1.0,0.028929572573964515,1
12:05:13.641691,177,1.012282876823047,3.2583093462476813,1.0536304448639071,-0.0697200018621515,19.519999563694,1.0,2.887505521719451,1
12:05:13.641691,177,1.063138328719628,3.2637964296380173,0.9017345522321538,-0.0697200018621515,22.11999950557947,1.0,0.8663126453471901,1
12:05:13.641691,177,0.976410706959976,3.3508992422214803,0.8744689076380197,-0.0697200018621515,19.119999572634697,1.0,2.6772477563721635,1
12:05:13.641691,177,1.029283899447668,3.2850468728298425,0.9332952931949658,-0.0697200018621515,25.75999942421913,1.0,0.7191363108880944,1
12:05:13.641691,177,0.9600987477420548,3.304263473730856,0.928146220502268,-0.0697200018621515,31.119999304413795,1.0,0.3150040300846054,1
12:05:13.641691,177,1.129109535902957,3.207263995171958,0.8052671616307017,-0.2088800055789761,18.759999580681324,1.0,3.5826227820670526,1
12:05:13.641691,177,0.9253604261825314,3.3133696179645145,0.925706236508698,-0.1391600037168245,31.5199992954731,1.0,1.6141783398625156,1
12:05:13.641691,177,0.8215899345996857,3.3800272268377105,1.0570137015461996,-0.1391600037168245,24.119999460875988,1.0,2.7280300920837743,1
12:05:13.641691,177,0.944382137647484,3.2868660152377283,1.082630974247413,-0.0697200018621515,24.51999945193529,1.0,1.006881580535909,1
12:05:13.641691,177,0.8416035141210041,3.3127449006011367,1.0756967478132702,-0.0697200018621515,24.51999945193529,1.0,2.474749438720436,1
12:05:13.641691,177,0.8566374538987781,3.371921943590058,1.0591855056468336,-0.0697200018621515,27.519999384880062,1.0,2.4387590734519473,1
12:05:13.641691,177,0.8071710768406872,3.3207079365775862,1.0735630587540803,-0.0697200018621515,22.239999502897263,1.0,5.0772105179927625,1
12:05:13.641691,177,0.8759517917550048,3.3044496765194413,1.0779194464069957,-0.0697200018621515,25.87999942153692,1.0,0.954214269119078,1
12:05:13.641691,177,0.8915993101701722,3.3634785382125445,1.061447909299107,-0.0697200018621515,30.23999932408333,1.0,3.1982195255113157,1
12:05:13.641691,177,0.9102124749437032,3.2958230938479582,1.08023093226726,-0.0697200018621515,25.87999942153692,1.0,0.4773992093681434,1
12:05:13.641691,177,0.8599601631164547,3.2801166198976945,1.2290843908068658,-0.0697200018621515,11.879999734461308,1.0,2.789092942496266,1
12:05:13.696728,178,0.9406070011245056,3.2004883056295363,0.8129680592305977,-0.1391600037168245,31.119999304413795,1.0,0.6998502064156833,1
12:05:13.696728,178,1.1241316507737766,3.155671199622692,0.6707579056199549,-0.2088800055789761,18.23999959230423,1.0,5.861127316420843,1
12:05:13.696728,178,1.0597340145332197,3.2159766585633927,0.7657896516848988,-0.2088800055789761,21.51999951899052,1.0,2.035766721654537,1
12:05:13.696728,178,1.042128287710977,3.171758523173026,0.8206661812385414,-0.1391600037168245,24.35999945551157,1.0,2.287822312408524,1
12:05:13.696728,178,1.0254232794607077,3.226047278670987,0.763091237159788,-0.2088800055789761,24.879999443888664,1.0,1.1605646105505192,1
12:05:13.696728,178,1.0083875687184176,3.1816618365941185,0.8180125964049674,-0.1391600037168245,27.639999382197857,1.0,1.3840810351185293,1
12:05:13.696728,178,0.9910100029193498,3.235785984531525,0.7604817587891328,-0.2088800055789761,27.519999384880062,1.0,0.6551632834866492,1
12:05:13.696728,178,0.9564976262079692,3.245191802282577,0.7579614775185841,-0.2088800055789761,29.11999934911728,1.0,0.5227032714561641,1
12:05:13.696728,178,0.9745460118138146,3.1912387499740604,0.8154464701988291,-0.1391600037168245,30.119999326765537,1.0,0.8537432640270152,1
12:05:13.696728,178,0.9218896005353222,3.2542637913502497,0.755530645374157,-0.2088800055789761,28.999999351799488,1.0,0.7665130680816801,1
12:05:13.696728,178,0.9389630012598832,3.3240718144934074,0.7680832437150387,-0.0697200018621515,16.639999628067017,1.0,3.1365031753592114,1
12:05:13.696728,178,0.7713061210976065,3.2767110230186045,0.9022006136691648,-0.1391600037168245,17.999999597668648,1.0,3.7152335995357153,1
12:05:13.696728,178,0.8183056558682548,3.2919688150217707,0.7825705735569206,-0.2088800055789761,21.239999525249004,1.0,2.7840708220344172,1
12:05:13.696728,178,0.8401310884771243,3.2611452163211427,0.9063714590032887,-0.1391600037168245,24.759999446570877,1.0,1.705655401138023,1
12:05:13.696728,178,0.8057588923944523,3.269094320584882,0.9042415029352688,-0.1391600037168245,21.239999525249004,1.0,2.5167797854561185,1
12:05:13.696728,178,0.8724502032882213,3.218001676803817,0.8082753655677026,-0.1391600037168245,27.99999937415123,1.0,1.5344624059515692,1
12:05:13.696728,178,0.8880351712633622,3.2754862792348955,0.786987055710231,-0.2088800055789761,27.239999391138557,1.0,0.7806061802370501,1
12:05:13.696728,178,0.9065739305231254,3.2094095786127297,0.8105776113392933,-0.1391600037168245,30.35999932140112,1.0,0.9256232595039675,1
12:05:13.696728,178,0.8532130738620903,3.283895932377219,0.7847336959421196,-0.2088800055789761,24.51999945193529,1.0,1.5899116159186806,1
12:05:13.754728,179,1.0793602946008842,3.489278484494876,-0.3296071178545127,-0.1391600037168245,34.759999223053455,1.0,0.342995416507488,1
12:05:13.754728,179,1.0254232794607077,3.436257928175117,-0.3597996426694104,-0.2783200074336491,45.87999897450209,1.0,0.4396065785389276,1
12:05:13.754728,179,1.0444141245167315,3.499897444844593,-0.3296071178545127,-0.1391600037168245,38.75999913364649,1.0,0.13216129436417004,1
12:05:13.754728,179,1.0647538792446256,3.568057242696678,-0.2236807408005598,-0.2088800055789761,15.639999650418758,1.0,3.4947985586335664,1
12:05:13.754728,179,1.0411357413869309,3.365708892602304,-0.353485178907246,-0.2088800055789761,28.999999351799488,1.0,0.39730399435508235,1
12:05:13.754728,179,1.0597340145332197,3.425832055055766,-0.3597996426694104,-0.2783200074336491,38.6399991363287,1.0,0.48154965102115643,1
12:05:13.754728,179,1.108237210014426,3.34421444708245,-0.353485178907246,-0.2088800055789761,24.63999944925308,1.0,1.0413858508150866,1
12:05:13.754728,179,1.1835372700668796,3.455332475794826,-0.3296071178545127,-0.1391600037168245,24.35999945551157,1.0,2.104445740806832,1
12:05:13.754728,179,1.148925345599367,3.466994885799392,-0.3296071178545127,-0.1391600037168245,29.519999340176582,1.0,1.3295144387765643,1
12:05:13.754728,179,1.1416233849752502,3.332965050613821,-0.353485178907246,-0.2088800055789761,20.63999953866005,1.0,1.626575433971985,1
12:05:13.754728,179,1.1620167138179205,3.392503295181024,-0.3597996426694104,-0.2783200074336491,24.759999446570877,1.0,1.698566541075164,1
12:05:13.754728,179,1.1958830802481746,3.380713698227409,-0.3597996426694104,-0.2783200074336491,19.63999956101179,1.0,2.4666977947988906,1
12:05:13.754728,179,1.2180308417989538,3.443324535437561,-0.3296071178545127,-0.1391600037168245,19.879999555647373,1.0,3.0665386440582223,1
12:05:13.754728,179,1.2524026114673157,3.4309722655115724,-0.3296071178545127,-0.1391600037168245,16.239999637007713,1.0,4.215240859894157,1
12:05:13.754728,179,1.0074271578109046,3.3759517922269837,-0.353485178907246,-0.2088800055789761,32.99999926239252,1.0,0.33908550843028323,1
12:05:13.754728,179,1.128034146689823,3.4039536446473635,-0.3597996426694104,-0.2783200074336491,31.119999304413795,1.0,1.1113767960987526,1
12:05:13.754728,179,1.0093635138951385,3.510166418382044,-0.3296071178545127,-0.1391600037168245,39.99999910593033,1.0,0.10999563230372944,1
12:05:13.754728,179,0.9574094844461536,3.459372581389157,-0.3239222994744465,-0.2783200074336491,49.99999888241291,1.0,0.17394520741778416,1
12:05:13.754728,179,0.9736178323631208,3.385857099500816,-0.353485178907246,-0.2088800055789761,35.63999920338392,1.0,0.4570883716786953,1
12:05:13.754728,179,0.9919547628544764,3.449625679146195,-0.3239222994744465,-0.2783200074336491,50.35999887436628,1.0,0.0302273745148033,1
12:05:13.754728,179,0.7695692485033868,3.441424099239625,-0.3182374810943802,-0.2088800055789761,18.639999583363533,1.0,3.385685911848676,1
12:05:13.754728,179,0.7833164079944096,3.50289979627469,-0.3239222994744465,-0.2783200074336491,19.35999956727028,1.0,3.634282002912556,1
12:05:13.754728,179,0.8039444370187356,3.4335564654241466,-0.3182374810943802,-0.2088800055789761,22.239999502897263,1.0,2.381060710348387,1
12:05:13.754728,179,0.8350057490450811,3.566215843139487,-0.1832861131201686,-0.1391600037168245,19.35999956727028,1.0,4.462549001342744,1
12:05:13.754728,179,0.838239231763928,3.4253454788387625,-0.3182374810943802,-0.2088800055789761,26.359999410808086,1.0,1.5529241706728802,1
12:05:13.754728,179,0.8532130738620903,3.4865339562903057,-0.3239222994744465,-0.2783200074336491,30.35999932140112,1.0,1.7019071387353562,1
12:05:13.754728,179,0.8701463628377416,3.555729434903925,-0.2199030082972596,-0.1391600037168245,23.639999471604824,1.0,2.4959355749300784,1
12:05:13.754728,179,0.8183056558682548,3.494891619399456,-0.3239222994744465,-0.2783200074336491,24.23999945819378,1.0,2.5767965500788224,1
12:05:13.754728,179,0.8880351712633622,3.4778276427065475,-0.3239222994744465,-0.2783200074336491,37.63999915868044,1.0,1.0097610375779904,1
12:05:13.754728,179,0.9056595568198064,3.5468503315114503,-0.2199030082972596,-0.1391600037168245,28.639999359846115,1.0,2.3201815736400486,1
12:05:13.754728,179,0.9065739305231254,3.407896765978274,-0.3182374810943802,-0.2088800055789761,34.23999923467636,1.0,0.4266129664881727,1
12:05:13.754728,179,0.9227684658915044,3.4687735492722447,-0.3239222994744465,-0.2783200074336491,44.87999899685383,1.0,0.5004369910024079,1
12:05:13.754728,179,0.9410821856049516,3.53761654605738,-0.2199030082972596,-0.1391600037168245,33.7599992454052,1.0,2.333857618287993,1
12:05:13.754728,179,0.926399388255548,3.3473249379818246,-0.1738025655124103,-0.2088800055789761,12.759999714791777,1.0,5.2274479747210085,1
12:05:13.754728,179,0.9397111459477988,3.395423823901372,-0.353485178907246,-0.2088800055789761,36.11999919265509,1.0,0.7514850836820308,1
12:05:13.754728,179,0.8724502032882213,3.416791960575252,-0.3182374810943802,-0.2088800055789761,30.63999931514263,1.0,0.9014168063939322,1
12:05:13.754728,179,0.976410706959976,3.528029001912521,-0.2199030082972596,-0.1391600037168245,38.1199991479516,1.0,2.5369199852315805,1
12:05:13.811781,180,1.060788394044761,3.189735118696477,1.109311920822846,-0.2088800055789761,28.999999351799488,1.0,1.8103250404128388,1
12:05:13.811781,180,1.0979027170045532,3.341510197293279,0.7575485483485334,-0.2783200074336491,8.51999980956316,0.851999980956316,1.2400605246025989,1
12:05:13.811781,180,1.0793602946008842,3.285075603786282,0.7785322468818869,-0.2088800055789761,25.999999418854717,1.0,1.1216955852283201,1
12:05:13.811781,180,1.0607442911559304,3.2284170634796534,0.7995992140602144,-0.2088800055789761,40.11999910324812,1.0,1.062726910293632,1
12:05:13.811781,180,1.0647538792446256,3.388585804656658,0.860459827191381,-0.2088800055789761,8.639999806880951,0.8639999806880951,0.28734262754558726,1
12:05:13.811781,180,1.027620162052847,3.1998214413247457,1.1066092988200016,-0.2088800055789761,31.87999928742647,1.0,1.6902969312761669,1
12:05:13.811781,180,1.0467713058534558,3.331356153643088,0.8797054624402099,-0.2088800055789761,28.879999354481697,1.0,0.13555927018408798,1
12:05:13.811781,180,1.0787865057550503,3.2072058971623605,0.957425416744484,-0.2088800055789761,40.11999910324812,1.0,0.4490526490975616,1
12:05:13.811781,180,1.0450555172812823,3.217463351717061,0.9546769400801532,-0.2088800055789761,48.51999891549349,1.0,0.17917808935650315,1
12:05:13.811781,180,1.129109535902957,3.207263995171958,0.8052671616307017,-0.2088800055789761,32.63999927043915,1.0,2.0882789928328274,1
12:05:13.811781,180,1.1970231519104042,3.18479453030171,0.8112878365970442,-0.2088800055789761,20.87999953329563,1.0,3.7738315279630683,1
12:05:13.811781,180,1.1686628319372936,3.319616125968423,0.7634150470790582,-0.2783200074336491,7.999999821186066,0.7999999821186066,2.289647570230048,1
12:05:13.811781,180,1.093850548086001,3.1793289252079897,1.112100251964368,-0.2088800055789761,25.359999433159828,1.0,2.0844294991635803,1
12:05:13.811781,180,1.1124096164820507,3.196623144584487,0.9602610567514238,-0.2088800055789761,32.35999927669764,1.0,0.8786260727030146,1
12:05:13.811781,180,1.1631244996444294,3.1961932628889835,0.8082335554055458,-0.2088800055789761,26.119999416172504,1.0,2.848538687215017,1
12:05:13.811781,180,1.1835372700668796,3.25228627728347,0.7873181204386757,-0.2088800055789761,18.639999583363533,1.0,2.9339470965592356,1
12:05:13.811781,180,1.2038693576022843,3.3081575801586105,0.7664853551752322,-0.2783200074336491,7.35999983549118,0.735999983549118,3.0784792032614505,1
12:05:13.811781,180,1.1591795666229978,3.192292067751923,1.2526169086299503,-0.3480400092958007,21.639999516308308,1.0,6.364336640066972,1
12:05:13.811781,180,1.179318766688047,3.174486010848493,0.9661926838587231,-0.2088800055789761,25.999999418854717,1.0,2.217172667460711,1
12:05:13.811781,180,1.2180308417989538,3.2406874975718494,0.790426004095591,-0.2088800055789761,15.359999656677246,1.0,3.8790256162677617,1
12:05:13.811781,180,1.191890604554838,3.180937176392681,1.2556594425998022,-0.3480400092958007,18.23999959230423,1.0,6.9467512386783685,1
12:05:13.811781,180,1.0264008466175747,3.238497284215266,0.7968982270545795,-0.2088800055789761,47.35999894142151,1.0,0.7972196630662294,1
12:05:13.811781,180,1.148925345599367,3.2635513003036527,0.7842996666177,-0.2088800055789761,22.359999500215054,1.0,2.159389555520464,1
12:05:13.811781,180,1.0112200241313347,3.227394482511728,0.9520159016037946,-0.2088800055789761,55.519998759031296,1.0,0.06885447207560474,1
12:05:13.811781,180,1.2125981153080785,3.1629338433852,0.9692880778013416,-0.2088800055789761,20.87999953329563,1.0,3.126152987359146,1
12:05:13.811781,180,1.011641588062342,3.3412976071434595,0.8770416580031937,-0.2088800055789761,29.759999334812164,1.0,0.16881745633736284,1
12:05:13.811781,180,0.9943491689056676,3.209586884468983,1.103992656215771,-0.2088800055789761,33.2399992570281,1.0,1.7241880533787195,1
12:05:13.811781,180,0.7833164079944096,3.29970411988705,0.7804979048650607,-0.2088800055789761,20.63999953866005,1.0,3.5291102302681363,1
12:05:13.811781,180,0.8039444370187356,3.234194945002313,0.8039363924310952,-0.2088800055789761,27.359999388456345,1.0,2.5249319475416634,1
12:05:13.811781,180,0.8183056558682548,3.2919688150217707,0.7825705735569206,-0.2088800055789761,25.63999942690134,1.0,2.6498296863382143,1
12:05:13.811781,180,0.8350057490450811,3.39726204823136,0.8999546305862465,-0.2088800055789761,15.119999662041664,1.0,3.2228656115986123,1
12:05:13.811781,180,0.838239231763928,3.226263741000177,0.8060615521384737,-0.2088800055789761,33.87999924272299,1.0,1.8418300870310969,1
12:05:13.811781,180,0.8532130738620903,3.283895932377219,0.7847336959421196,-0.2088800055789761,31.999999284744263,1.0,1.932733783428052,1
12:05:13.811781,180,0.8706255623754011,3.389024413099272,0.9021618982674318,-0.2088800055789761,18.23999959230423,1.0,2.301941611550968,1
12:05:13.811781,180,0.8592720803091841,3.205533029002844,0.961146357398236,-0.2088800055789761,23.75999946892261,1.0,1.1494553169622632,1
12:05:13.811781,180,0.8724502032882213,3.218001676803817,0.8082753655677026,-0.2088800055789761,41.63999906927347,1.0,1.3161539536927154,1
12:05:13.811781,180,0.8880351712633622,3.2754862792348955,0.786987055710231,-0.2088800055789761,39.35999912023544,1.0,1.3783723547338869,1
12:05:13.811781,180,0.7695692485033868,3.2417944956964684,0.8019000989597567,-0.2088800055789761,22.239999502897263,1.0,3.364929736248012,1
12:05:13.811781,180,0.8939529426298743,3.2369483326572834,1.09666117826997,-0.2088800055789761,27.239999391138557,1.0,2.746971266107578,1
12:05:13.811781,180,0.9061583138788945,3.3804431346112667,0.9044612449083196,-0.2088800055789761,21.87999951094389,1.0,1.5491811672698383,1
12:05:13.811781,180,0.9919547628544764,3.248245274279888,0.7942862609889374,-0.2088800055789761,51.87999884039164,1.0,0.6963159925107524,1
12:05:13.811781,180,0.9609787416746648,3.219030471593059,1.101462254672222,-0.2088800055789761,32.75999926775694,1.0,1.9117856210721098,1
12:05:13.811781,180,0.976410706959976,3.3508992422214803,0.8744689076380197,-0.2088800055789761,28.639999359846115,1.0,0.3720107701837754,1
12:05:13.811781,180,0.9574094844461536,3.25766005888268,0.7917635770577065,-0.2088800055789761,51.63999884575605,1.0,0.7597600509237522,1
12:05:13.811781,180,0.9767455049237812,3.226041175947428,0.9157775582724952,-0.2088800055789761,58.63999868929386,1.0,0.025367963030490725,1
12:05:13.811781,180,0.927512217374603,3.2281512583461693,1.0990183472273896,-0.2088800055789761,30.63999931514263,1.0,2.2528212864685777,1
12:05:13.811781,180,0.9410821856049516,3.360160098721685,0.871987468617569,-0.2088800055789761,25.63999942690134,1.0,0.7447978633377454,1
12:05:13.811781,180,0.9227684658915044,3.266740696553068,0.7893304275271662,-0.2088800055789761,46.63999895751476,1.0,0.9872368377886565,1
12:05:13.811781,180,0.9065739305231254,3.2094095786127297,0.8105776113392933,-0.2088800055789761,49.87999888509512,1.0,0.9483769472260664,1
12:05:13.811781,180,0.9427298958807104,3.235311607306757,0.9132935536762748,-0.2088800055789761,56.35999874025583,1.0,0.19419607342109918,1
12:05:13.865612,181,0.977283409826175,3.2369982964416,0.9494425674170264,-0.0697200018621515,66.51999851316214,1.0,0.03923700399555912,1
12:05:13.865612,181,1.0450555172812823,3.217463351717061,0.9546769400801532,-0.0697200018621515,46.35999896377325,1.0,0.4955147997824545,1
12:05:13.865612,181,0.9947410602311756,3.294822243980944,0.9306759903893138,-0.0697200018621515,53.11999881267548,1.0,0.09163049647865693,1
12:05:13.865612,181,0.994200015293976,3.200104709899404,1.0705358672637824,-0.1391600037168245,41.999999061226845,1.0,0.697117074970442,1
12:05:13.865612,181,1.0112200241313347,3.227394482511728,0.9520159016037946,-0.0697200018621515,57.759998708963394,1.0,0.1948102734238476,1
12:05:13.865612,181,1.029283899447668,3.2850468728298425,0.9332952931949658,-0.0697200018621515,48.87999890744686,1.0,0.25165315139409816,1
12:05:13.865612,181,1.0444141245167315,3.2953327318364134,0.7757838577041918,-0.0697200018621515,18.759999580681324,1.0,0.6915041348707699,1
12:05:13.865612,181,1.0274660177508146,3.1903407315837797,1.073152117368369,-0.1391600037168245,35.999999195337296,1.0,1.044366246669786,1
12:05:13.865612,181,1.0637238111365506,3.274938337806478,0.936003866991138,-0.0697200018621515,41.879999063909054,1.0,0.561766366775284,1
12:05:13.865612,181,1.1124096164820507,3.196623144584487,0.9602610567514238,-0.1391600037168245,27.99999937415123,1.0,1.5317631778762637,1
12:05:13.865612,181,1.0606292744666896,3.180255921916446,1.0758543339745523,-0.1391600037168245,29.759999334812164,1.0,1.5318481611254644,1
12:05:13.865612,181,1.0787865057550503,3.2072058971623605,0.957425416744484,-0.0697200018621515,36.11999919265509,1.0,0.9412253267716714,1
12:05:13.865612,181,1.0974529714530157,3.253361488228808,0.9045305863558176,-0.1391600037168245,34.35999923199415,1.0,0.9485423399200112,1
12:05:13.865612,181,1.1657496033255168,3.231499901822038,0.9103883807787748,-0.1391600037168245,27.759999379515648,1.0,2.277206959610756,1
12:05:13.865612,181,1.1594694605508036,3.1480867493354263,1.084474037788814,-0.1391600037168245,19.759999558329586,1.0,3.833648807436454,1
12:05:13.865612,181,1.179318766688047,3.174486010848493,0.9661926838587231,-0.1391600037168245,21.99999950826168,1.0,3.14633949522206,1
12:05:13.865612,181,1.1997247628586625,3.220075442964804,0.9134495553035332,-0.1391600037168245,22.51999949663877,1.0,3.1654183378254217,1
12:05:13.865612,181,0.9608345936685498,3.209546880473668,1.0680058452836114,-0.1391600037168245,45.87999897450209,1.0,0.49022737953231676,1
12:05:13.865612,181,0.9435001204206253,3.1604816067970094,1.117805176999176,-0.1391600037168245,13.519999697804453,1.0,0.7916805057927364,1
12:05:13.865612,181,1.0936864691437145,3.1698512893699213,1.0786422468629362,-0.1391600037168245,24.23999945819378,1.0,2.1593844410422394,1
12:05:13.865612,181,0.9432490679988016,3.246273833133332,0.9469571948511116,-0.0697200018621515,67.5199984908104,1.0,0.028866776983080166,1
12:05:13.865612,181,0.9600987477420548,3.304263473730856,0.928146220502268,-0.0697200018621515,52.3599988296628,1.0,0.08177265925399373,1
12:05:13.865612,181,0.7371819709118912,3.29498359804403,0.93390545267978,-0.0697200018621515,17.11999961733818,1.0,3.013188891432785,1
12:05:13.865612,181,0.7579451143586068,3.2289664638387285,0.9548673874580732,-0.0697200018621515,19.35999956727028,1.0,2.073402232074311,1
12:05:13.865612,181,0.7717308881855462,3.2876960479761257,0.9358581458352764,-0.0697200018621515,21.87999951094389,1.0,2.1538288340046794,1
12:05:13.865612,181,0.7855166620124856,3.346425632113523,0.9168489042124794,-0.0697200018621515,19.879999555647373,1.0,2.2836767211628355,1
12:05:13.865612,181,0.7918010750028684,3.2214817022904234,0.9568729232704812,-0.0697200018621515,23.9999994635582,1.0,1.383405125295847,1
12:05:13.865612,181,0.8062026330169393,3.2800751509374027,0.937900159042403,-0.0697200018621515,28.519999362528324,1.0,1.4389794492221843,1
12:05:13.865612,181,0.8206041910310102,3.338668599584382,0.9189273948143248,-0.0697200018621515,25.11999943852425,1.0,1.5435355330295866,1
12:05:13.865612,181,0.7503505819858662,3.3538433629458964,0.9148613292262736,-0.0697200018621515,15.999999642372131,1.0,3.1732652768767564,1
12:05:13.865612,181,0.8405937582604681,3.27212166901118,0.94003128810155,-0.0697200018621515,37.239999167621136,1.0,0.868889666626924,1
12:05:13.865612,181,0.8556096603179346,3.3305730410552257,0.921096593184491,-0.0697200018621515,31.63999929279089,1.0,0.9530995673669576,1
12:05:13.865612,181,0.8592720803091841,3.205533029002844,0.961146357398236,-0.0697200018621515,36.11999919265509,1.0,0.4232900234522687,1
12:05:13.865612,181,0.8749008248324208,3.263836397538985,0.9422513199015972,-0.0697200018621515,48.35999891906977,1.0,0.44375508100372435,1
12:05:13.865612,181,0.927373089388745,3.2186662990974253,1.0655623044279343,-0.1391600037168245,45.99999897181988,1.0,0.42377220059434056,1
12:05:13.865612,181,0.8905295693556576,3.322139766075126,0.9233562824049584,-0.0697200018621515,39.23999912291765,1.0,0.512571449041795,1
12:05:13.865612,181,0.893818848576955,3.227462053836455,1.063205489048789,-0.0697200018621515,42.11999905854464,1.0,0.497774855885697,1
12:05:13.865612,181,0.909120402054883,3.2552201650410253,0.9445600324412242,-0.0697200018621515,59.8799986615777,1.0,0.16371787738863386,1
12:05:13.865612,181,0.9253604261825314,3.3133696179645145,0.925706236508698,-0.0697200018621515,46.999998949468136,1.0,0.22209849520470853,1
12:05:13.865612,181,0.8255778562030015,3.213670296967133,0.9589659830186092,-0.0697200018621515,29.639999337494373,1.0,0.8333048261488326,1
12:05:13.919002,182,1.1835372700668796,3.25228627728347,0.7873181204386757,-0.4872000130126253,31.75999929010868,1.0,0.9918217536258782,1
12:05:13.919002,182,1.2027227654604045,3.2953131471483186,0.7314829145784016,-0.4174800111504737,7.879999823868275,0.7879999823868274,5.156797844830849,1
12:05:13.919002,182,1.179318766688047,3.174486010848493,0.9661926838587231,-0.4872000130126253,36.75999917834997,1.0,1.1328695228557328,1
12:05:13.919002,182,1.1997247628586625,3.220075442964804,0.9134495553035332,-0.4872000130126253,45.11999899148941,1.0,0.754179412386283,1
12:05:13.919002,182,1.2180308417989538,3.2406874975718494,0.790426004095591,-0.4872000130126253,30.759999312460423,1.0,1.4801234770587304,1
12:05:13.919002,182,1.2125981153080785,3.1629338433852,0.9692880778013416,-0.4872000130126253,33.99999924004078,1.0,1.4574788981374143,1
12:05:13.919002,182,1.2854237084611264,3.2038999267579835,0.7624883882943341,-0.4872000130126253,24.759999446570877,1.0,2.2873267102211594,1
12:05:13.919002,182,1.2524026114673157,3.2287561210370432,0.7936230068026839,-0.4872000130126253,28.23999936878681,1.0,2.195567269866722,1
12:05:13.919002,182,1.2457562051324946,3.1510608050670195,0.9724694488304018,-0.4872000130126253,30.51999931782484,1.0,2.0257234521414658,1
12:05:13.919002,182,1.264457974638586,3.1610176563548658,0.8176588307696377,-0.4872000130126253,36.87999917566776,1.0,1.7767328865735732,1
12:05:13.919002,182,1.2979874016750172,3.14864189266277,0.8209749066566532,-0.4872000130126253,31.63999929279089,1.0,2.6294291437185846,1
12:05:13.919002,182,1.3195090804609866,3.1913189629148166,0.7658594473961158,-0.6263600167294499,21.239999525249004,1.0,3.3690314343284244,1
12:05:13.919002,182,1.1124096164820507,3.196623144584487,0.9602610567514238,-0.4872000130126253,37.87999915331602,1.0,1.238620968073745,1
12:05:13.919002,182,1.331387031058736,3.1359428837635583,0.8243775958358726,-0.6263600167294499,26.6399994045496,1.0,3.7204322106325494,1
12:05:13.919002,182,1.2308021028640548,3.173068937273844,0.8144296997796368,-0.4872000130126253,41.75999906659126,1.0,1.167331413144829,1
12:05:13.919002,182,1.148925345599367,3.2635513003036527,0.7842996666177,-0.4872000130126253,30.759999312460423,1.0,0.7375359372474342,1
12:05:13.919002,182,1.1657496033255168,3.231499901822038,0.9103883807787748,-0.4872000130126253,45.759998977184296,1.0,0.3812641344631058,1
12:05:13.919002,182,1.0787865057550503,3.2072058971623605,0.957425416744484,-0.1391600037168245,37.239999167621136,1.0,1.6823089657673198,1
12:05:13.919002,182,1.0974529714530157,3.253361488228808,0.9045305863558176,-0.4872000130126253,43.5199990272522,1.0,0.35176897353091163,1
12:05:13.919002,182,0.976410706959976,3.3508992422214803,0.8744689076380197,-0.4872000130126253,18.11999959498644,1.0,5.265269460303705,1
12:05:13.919002,182,1.0093635138951385,3.305251798585716,0.7731260517790455,-0.4872000130126253,21.359999522566795,1.0,2.2173510253441626,1
12:05:13.919002,182,1.012282876823047,3.2583093462476813,1.0536304448639071,-0.1391600037168245,31.63999929279089,1.0,2.141354705299425,1
12:05:13.919002,182,1.029283899447668,3.2850468728298425,0.9332952931949658,-0.1391600037168245,33.99999924004078,1.0,1.5824879907030387,1
12:05:13.919002,182,0.9947410602311756,3.294822243980944,0.9306759903893138,-0.1391600037168245,28.759999357163903,1.0,2.3436043163587477,1
12:05:13.919002,182,1.0450555172812823,3.217463351717061,0.9546769400801532,-0.1391600037168245,34.99999921768904,1.0,2.396279828941642,1
12:05:13.919002,182,1.0637238111365506,3.274938337806478,0.936003866991138,-0.4872000130126253,39.23999912291765,1.0,1.081717121052188,1
12:05:13.919002,182,1.0793602946008842,3.285075603786282,0.7785322468818869,-0.4872000130126253,28.23999936878681,1.0,0.9612754300956479,1
12:05:13.919002,182,1.0410778156757203,3.165805702053534,1.2577497669797613,-0.3480400092958007,9.239999793469906,0.9239999793469906,6.719097381131312,1
12:05:13.919002,182,1.0444141245167315,3.2953327318364134,0.7757838577041918,-0.4872000130126253,24.879999443888664,1.0,1.4558050719778501,1
12:05:13.919002,182,1.060788394044761,3.189735118696477,1.109311920822846,-0.1391600037168245,24.51999945193529,1.0,3.397853674117042,1
12:05:13.976712,183,1.2308021028640548,3.173068937273844,0.8144296997796368,-0.6263600167294499,34.35999923199415,1.0,1.6253818988106499,1
12:05:13.976712,183,1.2125981153080785,3.1629338433852,0.9692880778013416,-0.6263600167294499,45.11999899148941,1.0,0.5667120382703381,1
12:05:13.976712,183,1.1923675356497565,3.1462016849940704,1.1209766692271597,-0.0697200018621515,38.6399991363287,1.0,0.9691119025666031,1
12:05:13.976712,183,1.1702120766646602,3.1230811659234257,1.269197771932818,-0.4872000130126253,29.11999934911728,1.0,2.2088928617581107,1
12:05:13.976712,183,1.1970231519104042,3.18479453030171,0.8112878365970442,-0.5566400148672983,38.35999914258719,1.0,1.2913714883794603,1
12:05:13.976712,183,1.2168707619423191,3.2280710404662907,0.7560117578960321,-0.4174800111504737,10.99999975413084,1.0,5.9444027096852,1
12:05:13.976712,183,1.179318766688047,3.174486010848493,0.9661926838587231,-0.6263600167294499,50.87999886274338,1.0,0.20096436186680003,1
12:05:13.976712,183,1.1596434085039586,3.1575611199756444,1.117932917797373,-0.0697200018621515,41.35999907553196,1.0,0.6611686390784839,1
12:05:13.976712,183,1.2468811663487211,3.176411275676956,0.6567120171693377,-0.4174800111504737,10.239999771118164,1.0,6.3194393634465165,1
12:05:13.976712,183,1.233493336274413,3.243061956811576,0.6303979709492689,-0.4174800111504737,4.999999888241291,0.4999999888241291,7.573655916004077,1
12:05:13.976712,183,1.2022111344413626,3.111623146443405,1.2722679389993496,-0.4872000130126253,27.359999388456345,1.0,2.5452565312499242,1
12:05:13.976712,183,1.2787897203800935,3.138868083187837,0.9757364788114656,-0.6263600167294499,32.51999927312136,1.0,1.8117432750597116,1
12:05:13.976712,183,1.297474248046543,3.0754027706559866,1.2819731594411403,-0.4872000130126253,18.23999959230423,1.0,4.493099884632256,1
12:05:13.976712,183,1.2457562051324946,3.1510608050670195,0.9724694488304018,-0.6263600167294499,38.75999913364649,1.0,1.1067614035598643,1
12:05:13.976712,183,1.264457974638586,3.1610176563548658,0.8176588307696377,-0.6263600167294499,29.639999337494373,1.0,2.1694231800573256,1
12:05:13.976712,183,1.2809767147354674,3.164202558147724,0.6599833331719152,-0.4174800111504737,9.359999790787697,0.9359999790787696,6.795594488505891,1
12:05:13.976712,183,1.2340899721118346,3.0998566178546594,1.275420770832422,-0.4872000130126253,24.63999944925308,1.0,3.0416252156765005,1
12:05:13.976712,183,1.2574548222157331,3.1225374298564352,1.127317487280773,-0.4872000130126253,29.639999337494373,1.0,2.059086117433453,1
12:05:13.976712,183,1.2967511693997944,3.136277467406094,0.7871449855929105,-0.6263600167294499,24.99999944120645,1.0,5.496086470067971,1
12:05:13.976712,183,1.3149441665239434,3.151665118838067,0.663342729910092,-0.4174800111504737,8.51999980956316,0.851999980956316,7.531398688240364,1
12:05:13.976712,183,1.2658454018190166,3.08778275680019,1.2786559521514924,-0.4872000130126253,21.359999522566795,1.0,3.6920009749294724,1
12:05:13.976712,183,1.2898114729617864,3.110234976106062,1.1306139198281069,-0.4872000130126253,25.11999943852425,1.0,2.8258254512707883,1
12:05:13.976712,183,1.138095998660696,3.134229530502373,1.2662105766469611,-0.4872000130126253,29.35999934375286,1.0,2.0412431840101295,1
12:05:13.976712,183,1.2249724270409552,3.134526732459177,1.124104963330556,-0.4872000130126253,34.35999923199415,1.0,1.4381023443731773,1
12:05:13.976712,183,1.1147784803318517,3.104713332748676,1.4107410348934015,-0.4872000130126253,15.239999659359457,1.0,5.1412507507320555,1
12:05:13.976712,183,1.0434194011105105,3.2826642293857327,0.741383557012828,-0.4174800111504737,9.999999776482582,0.9999999776482582,3.691589726026889,1
12:05:13.976712,183,1.1631244996444294,3.1961932628889835,0.8082335554055458,-0.5566400148672983,40.51999909430742,1.0,1.1800352177302829,1
12:05:13.976712,183,1.1824100426605906,3.2396587732403117,0.7529068342571257,-0.4174800111504737,11.359999746084211,1.0,5.199006357788474,1
12:05:13.976712,183,0.909120402054883,3.2552201650410253,0.9445600324412242,-0.1391600037168245,27.99999937415123,1.0,5.629957580226258,1
12:05:13.976712,183,0.9248511001214116,3.3022065569003898,0.8914425896510243,-0.1391600037168245,19.35999956727028,1.0,5.837386972112396,1
12:05:13.976712,183,0.9595703014203432,3.2931054247641187,0.8938812306571473,-0.1391600037168245,23.11999948322773,1.0,5.606640580900352,1
12:05:13.976712,183,0.977283409826175,3.2369982964416,0.9494425674170264,-0.0697200018621515,39.63999911397696,1.0,2.5568773661699877,1
12:05:13.976712,183,0.9919547628544764,3.248245274279888,0.7942862609889374,-0.0697200018621515,27.639999382197857,1.0,4.614492656610571,1
12:05:13.976712,183,1.0093635138951385,3.305251798585716,0.7731260517790455,-0.4174800111504737,9.119999796152117,0.9119999796152116,7.545424152908909,1
12:05:13.976712,183,0.9943491689056676,3.209586884468983,1.103992656215771,-0.0697200018621515,32.119999282062054,1.0,2.050483463457486,1
12:05:13.976712,183,1.0112200241313347,3.227394482511728,0.9520159016037946,-0.0697200018621515,45.99999897181988,1.0,1.5177796980972693,1
12:05:13.976712,183,1.0264008466175747,3.238497284215266,0.7968982270545795,-0.0697200018621515,32.35999927669764,1.0,3.318618197987771,1
12:05:13.976712,183,1.008525884766764,3.1757046100628874,1.255097362572705,-0.1391600037168245,22.359999500215054,1.0,3.326569058258551,1
12:05:13.976712,183,0.9432490679988016,3.246273833133332,0.9469571948511116,-0.0697200018621515,33.519999250769615,1.0,3.916812518238204,1
12:05:13.976712,183,1.0450555172812823,3.217463351717061,0.9546769400801532,-0.0697200018621515,51.51999884843826,1.0,0.7699807525291053,1
12:05:13.976712,183,1.027620162052847,3.1998214413247457,1.1066092988200016,-0.0697200018621515,36.63999918103218,1.0,1.3192150194235528,1
12:05:13.976712,183,1.1124096164820507,3.196623144584487,0.9602610567514238,-0.0697200018621515,54.35999878495932,1.0,0.04437973240243689,1
12:05:13.976712,183,1.093850548086001,3.1793289252079897,1.112100251964368,-0.0697200018621515,41.999999061226845,1.0,0.5786909578530204,1
12:05:13.976712,183,1.1478310833652203,3.250913067200242,0.7498912552791799,-0.4174800111504737,11.239999748766422,1.0,4.5801843630952215,1
12:05:13.976712,183,1.129109535902957,3.207263995171958,0.8052671616307017,-0.0697200018621515,39.87999910861254,1.0,1.307001949410807,1
12:05:13.976712,183,1.0735256396753254,3.1555928667252893,1.2604862879583965,-0.4872000130126253,27.99999937415123,1.0,2.2604494889625766,1
12:05:13.976712,183,1.060788394044761,3.189735118696477,1.109311920822846,-0.0697200018621515,40.11999910324812,1.0,0.8362969864144278,1
12:05:13.976712,183,1.0410778156757203,3.165805702053534,1.2577497669797613,-0.0697200018621515,25.51999942958355,1.0,2.678232742691975,1
12:05:13.976712,183,1.078332287679509,3.2724168704541072,0.744129328563109,-0.4174800111504737,10.759999759495258,1.0,3.8025583025358145,1
12:05:13.976712,183,1.0607442911559304,3.2284170634796534,0.7995992140602144,-0.0697200018621515,36.87999917566776,1.0,2.3532394809402026,1
12:05:13.976712,183,1.0787865057550503,3.2072058971623605,0.957425416744484,-0.0697200018621515,54.63999877870083,1.0,0.28679024293139666,1
12:05:14.029882,184,1.0936864691437145,3.2058506193817413,1.212993575505488,-0.4174800111504737,56.63999873399735,1.0,1.5006938706664377,1
12:05:14.029882,184,1.1147784803318517,3.104713332748676,1.4107410348934015,-0.4174800111504737,32.51999927312136,1.0,1.5589681445318906,1
12:05:14.029882,184,1.1594694605508036,3.1840860793472463,1.218825366431366,-0.4174800111504737,54.35999878495932,1.0,2.4691792098963368,1
12:05:14.029882,184,1.1462365582739675,3.093793377895896,1.4136670279775885,-0.4174800111504737,32.87999926507473,1.0,1.5249867586440793,1
12:05:14.029882,184,1.1702120766646602,3.1230811659234257,1.269197771932818,-0.2783200074336491,49.63999889045954,1.0,0.5779093989663685,1
12:05:14.029882,184,1.1921886790368406,3.172728348295044,1.2218686612946534,-0.4174800111504737,49.51999889314175,1.0,3.19757714306865,1
12:05:14.029882,184,1.1775800135205738,3.082570112408115,1.4166742929014795,-0.4174800111504737,31.359999299049377,1.0,1.6782131316179187,1
12:05:14.029882,184,1.2572662024289043,3.149067642825103,1.228208528217675,-0.4174800111504737,37.239999167621136,1.0,5.101300203275607,1
12:05:14.029882,184,1.2247886796537906,3.1610551470175468,1.2249964861500449,-0.4174800111504737,43.5199990272522,1.0,4.077395364178026,1
12:05:14.029882,184,1.2095928065898227,3.0643501471582315,1.3869376177138548,-0.4174800111504737,28.639999359846115,1.0,2.203149919924939,1
12:05:14.029882,184,1.2340899721118346,3.0998566178546594,1.275420770832422,-0.4174800111504737,37.99999915063381,1.0,1.6972548825899065,1
12:05:14.029882,184,1.2407178786769455,3.052515956937676,1.390108579426529,-0.4174800111504737,25.23999943584204,1.0,2.712653316854814,1
12:05:14.029882,184,1.2658454018190166,3.08778275680019,1.2786559521514924,-0.4174800111504737,31.999999284744263,1.0,2.5265078951893707,1
12:05:14.029882,184,1.2717188800156751,3.04038171832938,1.3933599388623883,-0.4174800111504737,21.7599995136261,1.0,3.405617136062118,1
12:05:14.029882,184,1.297474248046543,3.0754027706559866,1.2819731594411403,-0.4174800111504737,26.6399994045496,1.0,3.528233196669591,1
12:05:14.029882,184,1.0735256396753254,3.1555928667252893,1.2604862879583965,-0.2783200074336491,51.99999883770943,1.0,0.35218804145336025,1
12:05:14.029882,184,1.2022111344413626,3.111623146443405,1.2722679389993496,-0.4174800111504737,44.23999901115894,1.0,1.0456822331547582,1
12:05:14.029882,184,1.0832089254756647,3.115328884980118,1.4078966062457765,-0.4174800111504737,30.63999931514263,1.0,1.7877382443839247,1
12:05:14.029882,184,1.138095998660696,3.134229530502373,1.2662105766469611,-0.2783200074336491,52.51999882608652,1.0,0.3009641763285972,1
12:05:14.029882,184,1.0606292744666896,3.216255251928266,1.2102056626171045,-0.2783200074336491,55.75999875366688,1.0,1.2799759833091673,1
12:05:14.029882,184,1.0799203748577804,3.2380995414883262,1.059045645728367,-0.4174800111504737,46.999998949468136,1.0,2.4141635869695137,1
12:05:14.029882,184,0.9090490848014448,3.22570111302954,1.347630273014572,-0.2783200074336491,25.359999433159828,1.0,4.762723862358623,1
12:05:14.029882,184,0.9442404791526092,3.2772085401953155,1.0485664211080397,0.1391600037168245,35.11999921500683,1.0,2.7966271966706673,1
12:05:14.029882,184,0.9418494217852208,3.2167618853889013,1.350025531841839,-0.2783200074336491,30.51999931782484,1.0,3.885714876683846,1
12:05:14.029882,184,0.9608345936685498,3.245546210485488,1.2023571739261634,-0.2783200074336491,39.759999111294746,1.0,1.8076665901084121,1
12:05:14.029882,184,0.9783105931076688,3.267923254360069,1.051054405949086,0.1391600037168245,39.87999910861254,1.0,2.347996134513108,1
12:05:14.029882,184,0.9745555746159006,3.207506283067368,1.3525055630093576,-0.2783200074336491,36.35999918729067,1.0,3.229066189500363,1
12:05:14.029882,184,0.927373089388745,3.2546656291092453,1.1999136330704865,-0.2783200074336491,33.639999248087406,1.0,2.423256561425778,1
12:05:14.029882,184,1.012282876823047,3.2583093462476813,1.0536304448639071,0.1391600037168245,43.99999901652336,1.0,2.144127808839773,1
12:05:14.029882,184,0.9878630225558108,3.1453386633170304,1.3998555103753636,-0.2783200074336491,24.119999460875988,1.0,3.7315237697427186,1
12:05:14.029882,184,1.008525884766764,3.1757046100628874,1.255097362572705,-0.2783200074336491,42.51999904960394,1.0,1.2735987823956678,1
12:05:14.029882,184,1.0274660177508146,3.2263400615955997,1.2075034460109209,-0.2783200074336491,51.759998843073845,1.0,1.249407775542734,1
12:05:14.029882,184,1.0461539330988343,3.2483677772409107,1.05629428025077,0.1391600037168245,46.51999896019697,1.0,2.1706570753806513,1
12:05:14.029882,184,1.0410778156757203,3.165805702053534,1.2577497669797613,-0.2783200074336491,48.239998921751976,1.0,0.698920688573841,1
12:05:14.029882,184,1.019748023569133,3.1356425659398344,1.4024535718373168,-0.4174800111504737,27.639999382197857,1.0,2.8642839141951417,1
12:05:14.029882,184,0.994200015293976,3.236104039911224,1.2048871959063343,-0.2783200074336491,45.99999897181988,1.0,1.4209961629262018,1
12:05:14.142290,186,1.2559461279733883,3.082797079513014,0.994033355946303,-0.3480400092958007,54.11999879032373,1.0,0.673524853950308,1
12:05:14.142290,186,1.2422668073533776,3.1055419719030217,0.8384088526769131,-0.3480400092958007,58.35999869555235,1.0,0.33454726681056496,1
12:05:14.142290,186,1.23458378914452,3.065743614633309,1.1431901454919853,-0.3480400092958007,41.879999063909054,1.0,1.5092631370786764,1
12:05:14.142290,186,1.2632536765407043,3.1486414441436423,0.783832068010847,-0.3480400092958007,27.99999937415123,1.0,3.536696023693828,1
12:05:14.142290,186,1.223502705174963,3.094771997351002,0.9908246863821852,-0.3480400092958007,66.51999851316214,1.0,0.3074289972177392,1
12:05:14.142290,186,1.1706803331681324,3.088977455928398,1.1369646564798934,-0.2783200074336491,53.99999879300594,1.0,1.100244163311523,1
12:05:14.142290,186,1.2296298593723156,3.160681247152734,0.7806060125175311,-0.3480400092958007,31.5199992954731,1.0,2.765569076264461,1
12:05:14.142290,186,1.209201594260794,3.117381753510645,0.8352363927565896,-0.3480400092958007,66.23999851942062,1.0,0.23648200557427843,1
12:05:14.142290,186,1.1909369331310715,3.10643294227834,0.9877001456059212,-0.3480400092958007,75.87999830394983,1.0,0.15078388399344667,1
12:05:14.142290,186,1.2752077948059983,3.093383402176943,0.8416667316161333,-0.3480400092958007,48.35999891906977,1.0,0.6470505797820973,1
12:05:14.142290,186,1.2026921952622809,3.077514851559667,1.1400360520636523,-0.2783200074336491,48.87999890744686,1.0,1.1990505244660217,1
12:05:14.142290,186,1.2967511693997944,3.136277467406094,0.7871449855929105,-0.3480400092958007,23.9999994635582,1.0,4.482321936662872,1
12:05:14.142290,186,1.3805537992337171,2.9872528236711515,0.875989691477848,-0.3480400092958007,21.239999525249004,1.0,5.3372576133470595,1
12:05:14.142290,186,1.288263957211249,3.070509386246129,0.9973258334340064,-0.3480400092958007,42.75999904423952,1.0,1.2343211187086365,1
12:05:14.142290,186,1.3080212625475085,3.080907260179196,0.8450097037890858,-0.3480400092958007,38.87999913096428,1.0,1.158792196893761,1
12:05:14.142290,186,1.3255173687342647,3.084664520329678,0.6897840879937336,-0.3480400092958007,20.239999547600743,1.0,1.7637236613125877,1
12:05:14.142290,186,1.297798727460107,3.0319867624904653,1.1168924725997922,-0.4872000130126253,28.639999359846115,1.0,2.5065746708130443,1
12:05:14.142290,186,1.3197261728601943,3.047215502580402,0.9676202693410572,-0.3480400092958007,33.519999250769615,1.0,1.6184079404691898,1
12:05:14.142290,186,1.3394270128057155,3.055991429622841,0.8151947785054592,-0.3480400092958007,31.119999304413795,1.0,1.6314423932207012,1
12:05:14.142290,186,1.3586371991395942,3.0717009414951297,0.6932576684734679,-0.3480400092958007,16.99999962002039,1.0,2.313697377193985,1
12:05:14.142290,186,1.3293057048159966,3.019298716942709,1.1202922241578428,-0.4872000130126253,23.519999474287037,1.0,3.212442475084924,1
12:05:14.142290,186,1.3517654881750256,3.034313081397891,0.9710774626773172,-0.4872000130126253,26.519999407231808,1.0,2.3501112562514686,1
12:05:14.142290,186,1.3719446102338837,3.042896401413317,0.8187035807390637,-0.3480400092958007,24.99999944120645,1.0,2.3001298789695768,1
12:05:14.142290,186,1.4043250143504449,3.029487937319996,0.8222963678646109,-0.3480400092958007,20.239999547600743,1.0,3.1450512439658294,1
12:05:14.142290,186,1.1958830802481746,3.172395672463157,0.777467141715809,-0.3480400092958007,33.639999248087406,1.0,2.1857752501878167,1
12:05:14.142290,186,1.2663519256821796,3.0536649222631542,1.1464266213581924,-0.4872000130126253,34.879999220371246,1.0,2.0166335275866993,1
12:05:14.142290,186,1.1760154620218544,3.12890156303157,0.8321496690984973,-0.3480400092958007,68.87999846041203,1.0,0.3690694901802563,1
12:05:14.142290,186,0.9431227329691608,3.1945567160863444,1.250045955988094,-0.2088800055789761,26.99999939650297,1.0,3.6065248281611892,1
12:05:14.142290,186,1.138551404021464,3.1001302814886675,1.133976265877694,-0.2783200074336491,55.519998759031296,1.0,1.2280427965606804,1
12:05:14.142290,186,1.1582520683916353,3.1177787482103043,0.984660046068971,-0.3480400092958007,77.87999825924635,1.0,0.21932422267165272,1
12:05:14.142290,186,0.927512217374603,3.2281512583461693,1.0990183472273896,-0.2783200074336491,23.519999474287037,1.0,3.4665851024648644,1
12:05:14.142290,186,0.9609787416746648,3.219030471593059,1.101462254672222,-0.2783200074336491,29.519999340176582,1.0,2.630523059697601,1
12:05:14.142290,186,0.9767455049237812,3.226041175947428,0.9157775582724952,-0.0697200018621515,29.879999332129955,1.0,2.726536819026456,1
12:05:14.142290,186,0.9919547628544764,3.248245274279888,0.7942862609889374,-0.0697200018621515,20.87999953329563,1.0,3.558768440736422,1
12:05:14.142290,186,0.9943491689056676,3.209586884468983,1.103992656215771,-0.1391600037168245,37.35999916493893,1.0,2.1028727355497816,1
12:05:14.142290,186,1.0083875687184176,3.1816618365941185,0.8180125964049674,-0.0697200018621515,37.11999917030335,1.0,5.129294718939612,1
12:05:14.142290,186,1.0264008466175747,3.238497284215266,0.7968982270545795,-0.0697200018621515,24.51999945193529,1.0,2.9712083767129145,1
12:05:14.142290,186,1.0087781024027946,3.1676582473911647,1.2219176536427856,-0.1391600037168245,39.759999111294746,1.0,2.184519805596627,1
12:05:14.142290,186,1.027620162052847,3.1998214413247457,1.1066092988200016,-0.1391600037168245,47.63999893516302,1.0,1.8610746269415384,1
12:05:14.142290,186,1.042128287710977,3.171758523173026,0.8206661812385414,-0.0697200018621515,46.11999896913767,1.0,3.565295793627293,1
12:05:14.142290,186,1.0607442911559304,3.2284170634796534,0.7995992140602144,-0.0697200018621515,28.359999366104603,1.0,2.681227911502167,1
12:05:14.142290,186,0.9758731021142744,3.185288600870841,1.2525293399754465,-0.1391600037168245,32.87999926507473,1.0,2.8648189361850824,1
12:05:14.142290,186,1.060788394044761,3.189735118696477,1.109311920822846,-0.1391600037168245,59.63999866694212,1.0,1.8834959503127402,1
12:05:14.142290,186,1.0413381740755987,3.157756863809082,1.2245707213775554,-0.1391600037168245,46.75999895483256,1.0,1.755953796054289,1
12:05:14.142290,186,1.1172917792396095,3.0682595116873097,1.2472419275087012,-0.1391600037168245,22.239999502897263,1.0,4.8556426547760605,1
12:05:14.142290,186,1.1427117292219793,3.1401002484944978,0.8291489903724156,-0.3480400092958007,64.63999855518341,1.0,0.7495312580528216,1
12:05:14.142290,186,1.0936864691437145,3.1698512893699213,1.0786422468629362,-0.1391600037168245,71.23999840766191,1.0,1.0339700659196407,1
12:05:14.142290,186,1.0739552074198788,3.1215021661801234,1.1282496866338874,-0.2783200074336491,52.63999882340431,1.0,2.2289553133551987,1
12:05:14.142290,186,1.129109535902957,3.207263995171958,0.8052671616307017,-0.0697200018621515,31.75999929010868,1.0,2.9028188740386467,1
12:05:14.142290,186,1.109293726206547,3.150976690040264,0.8262346566437033,-0.0697200018621515,55.99999874830246,1.0,1.3960870741059543,1
12:05:14.142290,186,1.1620167138179205,3.183783548642192,0.7744157694901306,-0.3480400092958007,33.7599992454052,1.0,1.8151945690348805,1
12:05:14.199751,187,1.296436095628271,3.0022917949782286,1.0188773789052024,-0.4174800111504737,78.23999825119972,1.0,1.1970156215474579,1
12:05:14.199751,187,1.2648325566954732,3.0146618754826298,1.01556282582374,-0.4174800111504737,94.63999788463116,1.0,1.011239965281666,1
12:05:14.199751,187,1.273947712535295,2.984939363173518,1.1654963807027312,-0.4174800111504737,50.75999886542559,1.0,2.2159828308536573,1
12:05:14.199751,187,1.3255173687342647,3.084664520329678,0.6897840879937336,-0.5566400148672983,10.759999759495258,1.0,2.1988308557974205,1
12:05:14.199751,187,1.30677547379844,3.0687717124567184,0.8117703120410804,-0.4174800111504737,48.87999890744686,1.0,1.0032760294460386,1
12:05:14.199751,187,1.287554886033745,3.0598078077908912,0.9642461713290604,-0.4174800111504737,97.63999781757592,1.0,0.7362664528458635,1
12:05:14.199751,187,1.2428923784025725,2.997094868420248,1.1622393228882777,-0.4174800111504737,57.87999870628119,1.0,2.114771101031475,1
12:05:14.199751,187,1.211712756073306,3.008949799410184,1.1590628037031976,-0.4174800111504737,60.11999865621328,1.0,2.13632485371497,1
12:05:14.199751,187,1.2922649877025816,3.097307543334213,0.6863964001897802,-0.5566400148672983,12.879999712109566,1.0,1.8100347984817104,1
12:05:14.199751,187,1.2739932583386022,3.081235971897372,0.8084305237897051,-0.4174800111504737,58.999998681247234,1.0,0.6999162819650175,1
12:05:14.199751,187,1.2552548447974063,3.072088737809388,0.9609555060483012,-0.4174800111504737,113.51999746263029,1.0,0.4960382291366624,1
12:05:14.199751,187,1.2343986000410891,3.0564467252401872,1.1103384453341087,-0.4174800111504737,101.51999773085116,1.0,0.6961195762092998,1
12:05:14.199751,187,1.2410836446202829,3.0933829615293016,0.8051757477273604,-0.4174800111504737,68.63999846577644,1.0,0.493970228403149,1
12:05:14.199751,187,1.3197261728601943,3.047215502580402,0.9676202693410572,-0.4174800111504737,78.87999823689461,1.0,1.0666728086808368,1
12:05:14.199751,187,1.218945074271208,2.9733785629844984,1.305382179596125,-0.4174800111504737,20.63999953866005,1.0,4.682505451439034,1
12:05:14.199751,187,1.340703929258625,3.0681147935135247,0.8484374349013544,-0.4174800111504737,39.759999111294746,1.0,2.2399221286411692,1
12:05:14.199751,187,1.3966547185218183,2.9242230390765527,1.1470772123565278,-0.4174800111504737,21.51999951899052,1.0,4.717155187588408,1
12:05:14.199751,187,1.3048756529640784,2.972484499210335,1.1688336514435056,-0.4174800111504737,41.879999063909054,1.0,2.4374005468557662,1
12:05:14.199751,187,1.4793534092970468,2.9902859268099293,1.0188216446039668,-0.4174800111504737,24.63999944925308,1.0,4.871124391052939,1
12:05:14.199751,187,1.4524464062379416,2.9358975487018832,1.0366676635770222,-0.4174800111504737,21.7599995136261,1.0,3.8597290142342224,1
12:05:14.199751,187,1.44785654617254,3.004423382781052,1.015033524693474,-0.4174800111504737,30.35999932140112,1.0,4.1457058929422725,1
12:05:14.199751,187,1.4215224192004587,2.949777867623352,1.0329484433313283,-0.4174800111504737,27.519999384880062,1.0,3.0992006248820796,1
12:05:14.199751,187,1.2228292791282418,3.0840570645531784,0.9577486025625506,-0.4174800111504737,119.11999733746052,1.0,0.3494634104218146,1
12:05:14.199751,187,1.4379345081762722,3.027852395258794,0.8592257119990498,-0.4174800111504737,22.11999950557947,1.0,3.983561436219993,1
12:05:14.199751,187,1.4162148986064311,3.018255900627288,1.011327112707286,-0.4174800111504737,38.1199991479516,1.0,3.4933581594817413,1
12:05:14.199751,187,1.3586371991395942,3.0717009414951297,0.6932576684734679,-0.4174800111504737,8.999999798834324,0.8999999798834324,2.677648121503804,1
12:05:14.199751,187,1.390456281112008,2.963358794742406,1.0293094448773117,-0.4174800111504737,35.35999920964241,1.0,2.4523886361587586,1
12:05:14.199751,187,1.405663800039334,3.041586034626493,0.8555457944213345,-0.4174800111504737,26.6399994045496,1.0,3.326064024778109,1
12:05:14.199751,187,1.3844316307369682,3.031782097108441,1.007702779283496,-0.4174800111504737,48.35999891906977,1.0,2.9140126376163438,1
12:05:14.199751,187,1.359251098560372,2.9766389719777124,1.025751032111769,-0.4174800111504737,46.23999896645546,1.0,1.9192287639212884,1
12:05:14.199751,187,1.3354727542940013,2.950614243066375,1.1400057105601695,-0.4174800111504737,33.639999248087406,1.0,3.6619098245388315,1
12:05:14.199751,187,1.3732525267000582,3.055007281415882,0.851949582182699,-0.4174800111504737,32.35999927669764,1.0,2.744383569230047,1
12:05:14.199751,187,1.3517654881750256,3.034313081397891,0.9710774626773172,-0.4174800111504737,61.87999861687422,1.0,1.4844883689040578,1
12:05:14.199751,187,1.3279099920376611,2.9896170713226744,1.0222735608729958,-0.4174800111504737,60.75999864190817,1.0,1.5003382593280297,1
12:05:14.199751,187,1.3661320424377583,2.937566385397743,1.143501873485436,-0.4174800111504737,26.87999939918518,1.0,4.126916963360673,1
12:05:14.199751,187,1.202511789937586,3.06821619646637,1.1071848250237115,-0.4174800111504737,94.35999789088964,1.0,0.6352512415362501,1
12:05:14.199751,187,1.2588833812547888,3.109628746217029,0.6830949438275498,-0.5566400148672983,15.519999653100967,1.0,1.5149565937858505,1
12:05:14.199751,187,1.225375887523564,3.121626896868157,0.6798800490499131,-0.5566400148672983,18.35999958962202,1.0,1.318040219676028,1
12:05:14.199751,187,1.022047073684508,3.099258475689897,1.2389357801380063,-0.2783200074336491,25.51999942958355,1.0,3.5039178022556383,1
12:05:14.199751,187,1.0901542359746998,3.1663654681266955,0.6678923850106655,-0.0697200018621515,20.999999530613422,1.0,1.6268949697981465,1
12:05:14.199751,187,1.0411357413869309,3.159536446672678,0.7874499748066883,-0.0697200018621515,50.35999887436628,1.0,1.5959027009429776,1
12:05:14.199751,187,1.0258222913769444,3.1492375371992805,0.9402835475547486,-0.0697200018621515,47.8799989297986,1.0,1.7198406619675144,1
12:05:14.199751,187,1.0089294430737403,3.1416219571654955,1.1228586048874738,-0.2783200074336491,27.99999937415123,1.0,2.8116448357035964,1
12:05:14.199751,187,1.0414943995305035,3.131719088140746,1.1255120706454065,-0.2783200074336491,35.879999198019505,1.0,2.285752083372499,1
12:05:14.199751,187,0.9898426418257088,3.116873734589071,1.268896906196422,-0.2783200074336491,20.51999954134226,1.0,4.342050049312229,1
12:05:14.199751,187,1.0074271578109046,3.169430327956243,0.7847989173067478,-0.0697200018621515,41.63999906927347,1.0,2.232887236046409,1
12:05:14.199751,187,0.9926095074252894,3.1589858952331684,0.9376714828920388,-0.0697200018621515,38.239999145269394,1.0,2.38502791248442,1
12:05:14.199751,187,0.9910100029193498,3.235785984531525,0.7604817587891328,-0.0697200018621515,17.11999961733818,1.0,5.412601569604796,1
12:05:14.199751,187,0.9736178323631208,3.1789981200693664,0.7822352351366875,-0.0697200018621515,34.51999922841787,1.0,3.021868115238801,1
12:05:14.199751,187,0.9592974633545012,3.1684129603494124,0.9351455084071458,-0.0697200018621515,30.999999307096004,1.0,3.196817300687382,1
12:05:14.199751,187,1.1804119634836063,3.020502970660159,1.1559671407967484,-0.4174800111504737,56.519998736679554,1.0,2.283857903615189,1
12:05:14.199751,187,0.9397111459477988,3.1882388662408534,0.7797591846625767,-0.0697200018621515,28.639999359846115,1.0,3.9728543058002264,1
12:05:14.199751,187,1.0560678066653575,3.1767310107743563,0.6651149462291144,-0.0697200018621515,19.119999572634697,1.0,2.0134283392096615,1
12:05:14.199751,187,1.058932493958896,3.1391688610753827,0.9429814411909976,-0.0697200018621515,60.63999864459038,1.0,1.1922215011626627,1
12:05:14.199751,187,0.9564976262079692,3.245191802282577,0.7579614775185841,-0.0697200018621515,15.239999659359457,1.0,5.748207219734802,1
12:05:14.199751,187,1.1241316507737766,3.155671199622692,0.6707579056199549,-0.0697200018621515,22.11999950557947,1.0,1.3718628197399116,1
12:05:14.199751,187,1.108237210014426,3.138774406623288,0.7930131466711452,-0.0697200018621515,59.99999865889549,1.0,0.7413832994854564,1
12:05:14.199751,187,1.1902814315556518,3.0957115911996165,0.9546257815594704,-0.0697200018621515,111.51999750733376,1.0,0.30072188672277267,1
12:05:14.199751,187,1.1705047296625544,3.079677081430193,1.1041138901531091,-0.4174800111504737,78.11999825388193,1.0,0.6733854245060944,1
12:05:14.199751,187,1.1489931306865084,3.031753226862726,1.1529526437326274,-0.4174800111504737,48.75999891012907,1.0,2.561236776104431,1
12:05:14.199751,187,1.1917458572302082,3.133300795482586,0.676752037343654,-0.0697200018621515,20.87999953329563,1.0,1.2244747777326814,1
12:05:14.199751,187,1.17489539855403,3.116720304460023,0.7989225255355854,-0.0697200018621515,74.75999832898378,1.0,0.3922872217420765,1
12:05:14.199751,187,1.157614556837125,3.107051152305801,0.951587355318545,-0.0697200018621515,94.99999787658452,1.0,0.3546960811906874,1
12:05:14.199751,187,1.2080499235772828,3.10521146666372,0.8020063093289256,-0.0697200018621515,74.75999832898378,1.0,0.3897489810365993,1
12:05:14.199751,187,1.1174593995389692,3.042699443001692,1.150019613958015,-0.4174800111504737,39.87999910861254,1.0,2.9729787681072635,1
12:05:14.199751,187,1.1579966533495747,3.144649274680235,0.6737112215073227,-0.0697200018621515,22.11999950557947,1.0,1.2401919065492935,1
12:05:14.199751,187,1.1416233849752502,3.1279083240440744,0.7959247047231353,-0.0697200018621515,68.99999845772982,1.0,0.5073406888960197,1
12:05:14.199751,187,1.124831921632765,3.1180746139251214,0.9486336276798526,-0.0697200018621515,76.7599982842803,1.0,0.5169685109138018,1
12:05:14.199751,187,1.0739552074198788,3.1215021661801234,1.1282496866338874,-0.2783200074336491,46.51999896019697,1.0,1.8801105135517533,1
12:05:14.199751,187,1.053901756463145,3.089232329417172,1.2416222779349797,-0.2783200074336491,31.87999928742647,1.0,2.8795538718053546,1
12:05:14.199751,187,1.138551404021464,3.1001302814886675,1.133976265877694,-0.2783200074336491,60.87999863922596,1.0,1.400600511360849,1
12:05:14.254107,188,1.2648325566954732,3.0146618754826298,1.01556282582374,-0.4174800111504737,109.11999756097794,1.0,0.6143124888102452,1
12:05:14.254107,188,1.2427059430004224,2.9879719849315443,1.129995733796347,-0.3480400092958007,82.51999815553427,1.0,0.8950740829069072,1
12:05:14.254107,188,1.219432831122966,2.940524814577341,1.1780520244183632,-0.3480400092958007,35.879999198019505,1.0,2.554653682535917,1
12:05:14.254107,188,1.2752077948059983,3.093383402176943,0.8416667316161333,-0.4872000130126253,25.999999418854717,1.0,2.648671747876004,1
12:05:14.254107,188,1.2559461279733883,3.082797079513014,0.994033355946303,-0.4872000130126253,87.63999804109335,1.0,1.5521712741200364,1
12:05:14.254107,188,1.2343986000410891,3.0564467252401872,1.1103384453341087,-0.3480400092958007,138.7599968984723,1.0,1.8216019820009437,1
12:05:14.254107,188,1.2422668073533776,3.1055419719030217,0.8384088526769131,-0.4872000130126253,29.35999934375286,1.0,2.4720550620137187,1
12:05:14.254107,188,1.188841723002093,2.952155984187057,1.1749354619144103,-0.3480400092958007,39.759999111294746,1.0,2.4739547839394147,1
12:05:14.254107,188,1.223502705174963,3.094771997351002,0.9908246863821852,-0.4872000130126253,98.23999780416489,1.0,1.1674657715108234,1
12:05:14.254107,188,1.202511789937586,3.06821619646637,1.1071848250237115,-0.3480400092958007,157.11999648809433,1.0,1.3902823107747184,1
12:05:14.254107,188,1.180234900221381,3.0113765759270144,1.1237244925399306,-0.3480400092958007,120.11999731510878,1.0,0.5066930666835191,1
12:05:14.254107,188,1.288263957211249,3.070509386246129,0.9973258334340064,-0.4174800111504737,73.63999835401773,1.0,2.0477108145788616,1
12:05:14.254107,188,1.1581317317049318,2.963491089760649,1.1718982295298448,-0.3480400092958007,41.23999907821417,1.0,2.5258783089779193,1
12:05:14.254107,188,1.2115309976532735,2.999825137667092,1.1268196910930943,-0.3480400092958007,105.5199976414442,1.0,0.6393765661768952,1
12:05:14.254107,188,1.3080212625475085,3.080907260179196,0.8450097037890858,-0.4872000130126253,22.75999949127436,1.0,2.9502824523451197,1
12:05:14.254107,188,1.3279099920376611,2.9896170713226744,1.0222735608729958,-0.4174800111504737,61.11999863386154,1.0,1.4095860506048645,1
12:05:14.254107,188,1.2724192301238444,2.9466734436470805,1.0370529682100995,-0.4174800111504737,61.63999862223864,1.0,3.0219580697716224,1
12:05:14.254107,188,1.2296298593723156,3.160681247152734,0.7806060125175311,-0.2783200074336491,9.999999776482582,0.9999999776482582,4.545053180449978,1
12:05:14.254107,188,1.4207400014591338,2.9393066459588386,1.0004608766328866,-0.4174800111504737,28.519999362528324,1.0,3.6214077921845176,1
12:05:14.254107,188,1.4162148986064311,3.018255900627288,1.011327112707286,-0.4174800111504737,31.999999284744263,1.0,5.04772385594375,1
12:05:14.254107,188,1.390456281112008,2.963358794742406,1.0293094448773117,-0.4174800111504737,35.879999198019505,1.0,2.6634262277838405,1
12:05:14.254107,188,1.3844316307369682,3.031782097108441,1.007702779283496,-0.4174800111504737,39.11999912559986,1.0,4.15330418523385,1
12:05:14.254107,188,1.359251098560372,2.9766389719777124,1.025751032111769,-0.4174800111504737,46.35999896377325,1.0,1.9810516707122112,1
12:05:14.254107,188,1.249901996982368,2.928598744038715,1.1812476053880645,-0.3480400092958007,30.759999312460423,1.0,2.7637467076537927,1
12:05:14.254107,188,1.3340705663837755,2.9214958468469843,1.043799284940042,-0.4174800111504737,34.879999220371246,1.0,3.591317918912019,1
12:05:14.254107,188,1.352509920864309,3.0450006196161965,1.0041608868524106,-0.4174800111504737,48.35999891906977,1.0,3.352566373941345,1
12:05:14.254107,188,1.3033100632110135,2.9342335230291514,1.040386234893581,-0.4174800111504737,45.87999897450209,1.0,3.2411694271754183,1
12:05:14.254107,188,1.2802461736892414,2.9163789651682417,1.1845218852680948,-0.3480400092958007,25.63999942690134,1.0,3.097282641758043,1
12:05:14.254107,188,1.340703929258625,3.0681147935135247,0.8484374349013544,-0.4872000130126253,19.999999552965164,1.0,3.3720013388058083,1
12:05:14.254107,188,1.3204529611326974,3.057910146309377,1.000701789600305,-0.4174800111504737,59.99999865889549,1.0,2.649324743038839,1
12:05:14.254107,188,1.296436095628271,3.0022917949782286,1.0188773789052024,-0.4174800111504737,81.87999816983938,1.0,0.9526861571153036,1
12:05:14.254107,188,1.3104623268513371,2.9038666999335705,1.187874536633209,-0.4174800111504737,21.119999527931213,1.0,3.5515893140818333,1
12:05:14.254107,188,1.209201594260794,3.117381753510645,0.8352363927565896,-0.4872000130126253,32.35999927669764,1.0,2.4256373624512872,1
12:05:14.254107,188,1.364697663617585,2.9084616888575243,1.0472917770473371,-0.4174800111504737,26.99999939650297,1.0,4.068901020448134,1
12:05:14.254107,188,1.1706803331681324,3.088977455928398,1.1369646564798934,-0.3480400092958007,150.51999663561585,1.0,2.4420888852536606,1
12:05:14.254107,188,1.0089294430737403,3.1416219571654955,1.1228586048874738,-0.2783200074336491,52.3599988296628,1.0,2.012115363655796,1
12:05:14.254107,188,0.990238724094634,3.0834224730062467,1.139107910954946,-0.3480400092958007,39.11999912559986,1.0,2.031595746135033,1
12:05:14.254107,188,0.9715480051155276,3.0252229888469966,1.1553572170224184,-0.3480400092958007,20.63999953866005,1.0,5.89362521535691,1
12:05:14.254107,188,1.0083875687184176,3.1816618365941185,0.8180125964049674,-0.2783200074336491,29.23999934643507,1.0,5.212310370060511,1
12:05:14.254107,188,0.9931561488150016,3.169742092193612,0.9707365100126232,-0.2088800055789761,44.519999004900455,1.0,2.0422496745930765,1
12:05:14.254107,188,0.9761171537649052,3.1772446350156422,1.2193489888204752,-0.2783200074336491,39.87999910861254,1.0,7.0752928388841685,1
12:05:14.254107,188,1.0263872234260143,3.159988365627644,0.9733500131691684,-0.2088800055789761,54.9999987706542,1.0,1.4920933250520863,1
12:05:14.254107,188,0.958178020130235,3.0928326814825486,1.1365864531931125,-0.3480400092958007,29.759999334812164,1.0,2.7546094474386513,1
12:05:14.254107,188,0.9598257594211744,3.1791743489022566,0.9682091444447388,-0.2088800055789761,36.11999919265509,1.0,2.75226751969121,1
12:05:14.254107,188,0.9258825947903122,3.1274839256180798,1.2313727936237449,-0.2783200074336491,23.11999948322773,1.0,4.27644903211169,1
12:05:14.254107,188,0.9406070011245056,3.2004883056295363,0.8129680592305977,-0.2088800055789761,23.23999948054552,1.0,7.469163041937519,1
12:05:14.254107,188,0.926399388255548,3.188284192535808,0.9657681691999548,-0.2088800055789761,29.759999334812164,1.0,3.6295980626990705,1
12:05:14.254107,188,1.1909369331310715,3.10643294227834,0.9877001456059212,-0.4872000130126253,100.87999774515627,1.0,0.8986645609528525,1
12:05:14.254107,188,0.9745460118138146,3.1912387499740604,0.8154464701988291,-0.2783200074336491,26.239999413490292,1.0,6.249245714734667,1
12:05:14.254107,188,1.042128287710977,3.171758523173026,0.8206661812385414,-0.2783200074336491,31.999999284744263,1.0,4.350706001041057,1
12:05:14.254107,188,1.022200405016246,3.073703057585016,1.1417122204679675,-0.3480400092958007,52.63999882340431,1.0,1.4638923642280606,1
12:05:14.254107,188,1.0029064105019885,3.0156870270292857,1.157912370290528,-0.3480400092958007,24.99999944120645,1.0,4.941940330409576,1
12:05:14.254107,188,1.1273059282048847,2.974528997797054,1.1689406309853612,-0.3480400092958007,39.51999911665917,1.0,2.7149275234833183,1
12:05:14.254107,188,1.1760154620218544,3.12890156303157,0.8321496690984973,-0.2783200074336491,34.51999922841787,1.0,2.5149401526139075,1
12:05:14.254107,188,1.1582520683916353,3.1177787482103043,0.984660046068971,-0.4872000130126253,94.51999788731337,1.0,0.7511459813334169,1
12:05:14.254107,188,1.1174593995389692,3.042699443001692,1.150019613958015,-0.3480400092958007,94.51999788731337,1.0,0.630205707840034,1
12:05:14.254107,188,1.0963673950564747,2.985268604514716,1.1660629620383358,-0.3480400092958007,35.35999920964241,1.0,3.0458784083596626,1
12:05:14.254107,188,1.1427117292219793,3.1401002484944978,0.8291489903724156,-0.2783200074336491,35.11999921500683,1.0,2.7457987128422694,1
12:05:14.254107,188,1.138551404021464,3.1001302814886675,1.133976265877694,-0.3480400092958007,124.2399972230196,1.0,2.113750090749176,1
12:05:14.254107,188,1.0739552074198788,3.1215021661801234,1.1282496866338874,-0.3480400092958007,94.35999789088964,1.0,1.8085467610552666,1
12:05:14.254107,188,1.0540598667537568,3.063675407152257,1.1443991213034068,-0.3480400092958007,71.23999840766191,1.0,1.0451193890506527,1
12:05:14.254107,188,1.0341645260876349,3.005848648124391,1.160548555972926,-0.3480400092958007,30.119999326765537,1.0,4.153938174464226,1
12:05:14.254107,188,1.109293726206547,3.150976690040264,0.8262346566437033,-0.2783200074336491,34.11999923735857,1.0,3.1243591792631444,1
12:05:14.254107,188,1.059515660174592,3.149914144568837,0.976049392566248,-0.2088800055789761,67.87999848276377,1.0,1.094633340433358,1
12:05:14.254107,188,1.0414943995305035,3.131719088140746,1.1255120706454065,-0.3480400092958007,69.99999843537807,1.0,1.8435799058139946,1
12:05:14.254107,188,1.0925381462448158,3.139520436430856,0.9788343782681848,-0.2088800055789761,81.99999816715717,1.0,0.8429942662886861,1
12:05:14.254107,188,1.1489931306865084,3.031753226862726,1.1529526437326274,-0.3480400092958007,115.11999742686749,1.0,0.6226749456603562,1
12:05:14.311155,189,1.3022546124711012,3.2604235534706336,-0.4590021020804777,-0.4872000130126253,31.359999299049377,1.0,2.296655847126106,1
12:05:14.311155,189,1.3167543356624636,3.203353906660685,-0.312552662714314,-0.4872000130126253,100.87999774515627,1.0,0.8961672574708062,1
12:05:14.311155,189,1.296436095628271,3.1539244027454734,-0.1706413829764908,-0.4872000130126253,99.63999777287243,1.0,0.6748306892673781,1
12:05:14.311155,189,1.2724192301238444,3.095497012111029,-0.1674802004405713,-0.4174800111504737,71.75999839603901,1.0,0.8023759108712551,1
12:05:14.311155,189,1.2497145101287153,3.040261763191616,-0.0657506180745476,-0.4174800111504737,42.9999990388751,1.0,2.1885797380277463,1
12:05:14.311155,189,1.3255173687342647,3.3186659568476067,-0.4672014618083857,-0.4872000130126253,12.999999709427357,1.0,4.321730024540942,1
12:05:14.311155,189,1.2695858088812195,3.2732828624510515,-0.4590021020804777,-0.4872000130126253,31.359999299049377,1.0,2.288656245003993,1
12:05:14.311155,189,1.2648325566954732,3.166730852441435,-0.1706413829764908,-0.4872000130126253,133.75999701023102,1.0,0.42974412158581543,1
12:05:14.311155,189,1.2427059430004224,3.111332981887538,-0.0670155337747119,-0.4174800111504737,96.75999783724546,1.0,0.9651182804603743,1
12:05:14.311155,189,1.2192499146820766,3.0526066879142806,-0.0657506180745476,-0.4174800111504737,52.23999883234501,1.0,1.8675426082601896,1
12:05:14.311155,189,1.1954949104973036,2.993131855254745,0.0967204928357011,-0.4174800111504737,14.759999670088291,1.0,4.820747770605619,1
12:05:14.311155,189,1.3347931916907654,3.247238204866454,-0.4590021020804777,-0.4872000130126253,30.35999932140112,1.0,2.420130924051065,1
12:05:14.311155,189,1.252428187936979,3.229046587750797,-0.312552662714314,-0.4872000130126253,124.7599972113967,1.0,0.6394670727236103,1
12:05:14.311155,189,1.2846554940362804,3.216361063911602,-0.312552662714314,-0.4872000130126253,118.87999734282494,1.0,0.7116955053430647,1
12:05:14.311155,189,1.2787101343843656,3.024433953966593,-0.1643190179046519,-0.4174800111504737,34.35999923199415,1.0,3.222965577117517,1
12:05:14.311155,189,1.3994666750445062,3.219894695353903,-0.4590021020804777,-0.4872000130126253,26.75999940186739,1.0,3.015724380047515,1
12:05:14.311155,189,1.3279099920376611,3.1408025632515977,-0.1706413829764908,-0.4872000130126253,71.99999839067459,1.0,1.0302975966342853,1
12:05:14.311155,189,1.5064708190528364,3.118631735737076,-0.312552662714314,-0.4872000130126253,30.999999307096004,1.0,4.39708239964368,1
12:05:14.311155,189,1.2331025355666834,3.1792206317052427,-0.1706413829764908,-0.4872000130126253,161.11999639868736,1.0,0.2945588767656277,1
12:05:14.311155,189,1.4438010597171005,3.14813543732857,-0.312552662714314,-0.4872000130126253,38.35999914258719,1.0,2.7684208348571087,1
12:05:14.311155,189,1.4207400014591338,3.097851962167228,-0.2047321142760703,-0.4174800111504737,30.63999931514263,1.0,2.5271867100985053,1
12:05:14.311155,189,1.3951882922283774,3.042137748098552,-0.1674802004405713,-0.4174800111504737,23.519999474287037,1.0,3.0595730434285837,1
12:05:14.311155,189,1.4635803904125588,3.19126327095214,-0.4590021020804777,-0.4872000130126253,24.759999446570877,1.0,4.081180508007212,1
12:05:14.311155,189,1.4122480412858818,3.1624158015176245,-0.312552662714314,-0.4872000130126253,48.51999891549349,1.0,2.1286905205118773,1
12:05:14.311155,189,1.364697663617585,3.055937292565731,-0.1674802004405713,-0.4174800111504737,29.999999329447743,1.0,2.318432926058165,1
12:05:14.311155,189,1.3389390461231616,2.998256590162036,-0.1643190179046519,-0.4174800111504737,21.87999951094389,1.0,4.430175748055942,1
12:05:14.311155,189,1.3805537992337171,3.1763799267760024,-0.312552662714314,-0.4872000130126253,62.1199986115098,1.0,1.6039723730424886,1
12:05:14.311155,189,1.359251098560372,3.127366646132763,-0.1706413829764908,-0.4872000130126253,52.7599988207221,1.0,1.4967475542234636,1
12:05:14.311155,189,1.3340705663837755,3.069431245863921,-0.1674802004405713,-0.4174800111504737,39.23999912291765,1.0,1.6957080102499806,1
12:05:14.311155,189,1.3088900342071796,3.011495845595077,-0.1643190179046519,-0.4174800111504737,27.239999391138557,1.0,3.7649716925002874,1
12:05:14.311155,189,1.3671982927095512,3.233728135162327,-0.4590021020804777,-0.4872000130126253,28.759999357163903,1.0,2.659602889589138,1
12:05:14.311155,189,1.3487215029582584,3.190026416702876,-0.312552662714314,-0.4872000130126253,80.11999820917845,1.0,1.1933833139188597,1
12:05:14.311155,189,1.3033100632110135,3.082618258609095,-0.1674802004405713,-0.4174800111504737,52.63999882340431,1.0,1.1905869573777552,1
12:05:14.311155,189,1.2115309976532735,3.123604268577413,-0.0670155337747119,-0.4174800111504737,121.35999728739262,1.0,0.77902755728609,1
12:05:14.311155,189,1.3896909624310052,3.111904233775042,-0.2047321142760703,-0.4872000130126253,39.63999911397696,1.0,1.836498977338588,1
12:05:14.311155,189,1.2367900477741105,3.2858148458875838,-0.4590021020804777,-0.4872000130126253,30.63999931514263,1.0,2.3957421920097275,1
12:05:14.311155,189,1.1044032026851416,3.3326449540308265,-0.4590021020804777,-0.4872000130126253,22.879999488592148,1.0,3.9717540052789886,1
12:05:14.311155,189,1.089477916510137,3.28760643953027,-0.312552662714314,-0.4872000130126253,45.2399989888072,1.0,1.9534069183292408,1
12:05:14.311155,189,1.0414943995305035,3.2513424787468344,-0.034141931819727,-0.3480400092958007,50.1199988797307,1.0,3.66709145488643,1
12:05:14.311155,189,1.022200405016246,3.1911103891866857,-0.0335094423454361,-0.4174800111504737,46.879998952150345,1.0,2.289115676698826,1
12:05:14.311155,189,1.0029064105019885,3.1308782996265374,-0.0328769528711452,-0.4174800111504737,30.759999312460423,1.0,2.8394545662991844,1
12:05:14.311155,189,1.0235122842660236,3.3087370454239364,-0.312552662714314,-0.4872000130126253,35.999999195337296,1.0,3.2615055873644248,1
12:05:14.311155,189,1.0341645260876349,3.12069286029245,-0.0328769528711452,-0.4174800111504737,38.99999912828207,1.0,2.3708769130293605,1
12:05:14.311155,189,1.0089294430737403,3.261594683165878,-0.034141931819727,-0.3480400092958007,37.35999916493893,1.0,4.202045115222903,1
12:05:14.311155,189,0.9715480051155276,3.140750653753713,-0.0328769528711452,-0.4174800111504737,24.23999945819378,1.0,3.4225364322103307,1
12:05:14.311155,189,0.9762635945179512,3.271520730849172,-0.034141931819727,-0.3480400092958007,28.639999359846115,1.0,4.839809050977352,1
12:05:14.311155,189,0.958178020130235,3.2109148331480046,-0.0335094423454361,-0.5566400148672983,26.359999410808086,1.0,3.51750839610682,1
12:05:14.311155,189,0.9400924457425188,3.1503089354468377,-0.0328769528711452,-0.4174800111504737,19.239999569952488,1.0,4.120600562280644,1
12:05:14.311155,189,1.1886633952654582,3.0646463545256304,-0.0657506180745476,-0.4174800111504737,59.51999866962433,1.0,1.6626146391317798,1
12:05:14.311155,189,0.990238724094634,3.201172668459796,-0.0335094423454361,-0.4174800111504737,34.759999223053455,1.0,2.848787039744943,1
12:05:14.311155,189,1.0540598667537568,3.180729001548172,-0.0335094423454361,-0.4174800111504737,64.63999855518341,1.0,1.8379930788675518,1
12:05:14.311155,189,0.9903742908192608,3.318806561987067,-0.312552662714314,-0.2783200074336491,29.11999934911728,1.0,4.084567315888274,1
12:05:14.311155,189,1.1222989587995291,3.2765474632426224,-0.312552662714314,-0.4872000130126253,57.759998708963394,1.0,1.467449337614732,1
12:05:14.311155,189,1.0737941128034294,3.2402790240029637,-0.0682804494748762,-0.3480400092958007,68.99999845772982,1.0,2.532288945732833,1
12:05:14.311155,189,1.2200756400681694,3.2414092096365152,-0.312552662714314,-0.4872000130126253,114.3599974438548,1.0,0.6791089462076079,1
12:05:14.311155,189,1.2012492052174313,3.191392491569433,-0.1706413829764908,-0.4872000130126253,159.75999642908573,1.0,0.26891988100045366,1
12:05:14.311155,189,1.180234900221381,3.135563197457388,-0.0670155337747119,-0.4174800111504737,130.23999708890915,1.0,0.7028141543462367,1
12:05:14.311155,189,1.2038706086984077,3.2980182505923854,-0.4590021020804777,-0.4872000130126253,29.11999934911728,1.0,2.617655445880793,1
12:05:14.311155,189,1.1876010856575334,3.253447693316925,-0.312552662714314,-0.4872000130126253,94.75999788194896,1.0,0.8303762731877585,1
12:05:14.311155,189,1.1692757509540652,3.2032452148582182,-0.1706413829764908,-0.4872000130126253,130.63999707996845,1.0,0.35259618644060897,1
12:05:14.311155,189,1.157958010505176,3.076379559069092,-0.0657506180745476,-0.4174800111504737,61.63999862223864,1.0,1.5734738193389477,1
12:05:14.311155,189,1.1271368309139822,3.0878051282340397,-0.0657506180745476,-0.4174800111504737,57.11999872326851,1.0,1.5999120786979264,1
12:05:14.311155,189,1.170830783570438,3.30989185623521,-0.4590021020804777,-0.4872000130126253,27.239999391138557,1.0,2.954269572601428,1
12:05:14.311155,189,1.1550077721333047,3.265160834953744,-0.312552662714314,-0.4872000130126253,74.5199983343482,1.0,1.093152482691565,1
12:05:14.311155,189,1.1383806198952064,3.2181565397494123,-0.0682804494748762,-0.3480400092958007,96.11999785155058,1.0,1.9340251099741907,1
12:05:14.311155,189,1.1172917792396095,3.15853922961127,-0.0670155337747119,-0.4174800111504737,88.7599980160594,1.0,0.879267661421382,1
12:05:14.311155,189,1.0962029385840129,3.098921919473129,-0.0657506180745476,-0.4174800111504737,48.51999891549349,1.0,1.7418353957422676,1
12:05:14.311155,189,1.1488207802882682,3.1472085726445944,-0.0670155337747119,-0.4174800111504737,115.23999742418528,1.0,0.7362602797007031,1
12:05:14.311155,189,1.137673876345035,3.321434475465441,-0.4590021020804777,-0.4872000130126253,25.11999943852425,1.0,3.4055900007416207,1
12:05:14.363298,190,1.3896909624310052,2.9528800980228547,0.996823881113831,-0.4872000130126253,96.35999784618616,1.0,0.572186339393291,1
12:05:14.363298,190,1.3639465226935048,2.898177113121355,1.0154080180456757,-0.4872000130126253,74.87999832630157,1.0,0.3580101554308977,1
12:05:14.363298,190,1.3389390461231616,2.8535645829726426,1.065274109217363,-0.4872000130126253,32.87999926507473,1.0,1.2803376550527756,1
12:05:14.363298,190,1.359251098560372,2.9766389719777124,1.025751032111769,-0.4872000130126253,99.35999777913094,1.0,0.4189509801809656,1
12:05:14.363298,190,1.3279099920376611,2.9896170713226744,1.0222735608729958,-0.4872000130126253,96.11999785155058,1.0,0.4688449430906648,1
12:05:14.363298,190,1.3088900342071796,2.866352721716255,1.0618475377683148,-0.4872000130126253,44.23999901115894,1.0,0.7847619761526874,1
12:05:14.363298,190,1.2787101343843656,2.8788499747356293,1.058498908914166,-0.4872000130126253,59.63999866694212,1.0,0.44356533469618664,1
12:05:14.363298,190,1.3688541652562958,2.840486837307952,1.0687782806070365,-0.4872000130126253,24.99999944120645,1.0,1.9331938730397804,1
12:05:14.363298,190,1.296436095628271,3.0022917949782286,1.0188773789052024,-0.4872000130126253,87.87999803572893,1.0,0.6730831927255277,1
12:05:14.363298,190,1.3340705663837755,2.9214958468469843,1.043799284940042,-0.4872000130126253,99.63999777287243,1.0,0.18603133995555057,1
12:05:14.363298,190,1.3944203690091697,2.884855113306896,1.0189776371375274,-0.4872000130126253,56.35999874025583,1.0,0.7542635947604329,1
12:05:14.363298,190,1.509615220630073,2.863719334428735,0.9149757472173924,-0.4872000130126253,66.9999985024333,1.0,1.9357742369411888,1
12:05:14.363298,190,1.3986324001197314,2.827120792485793,1.0723597015231323,-0.4872000130126253,19.35999956727028,1.0,2.7462348019549574,1
12:05:14.363298,190,1.4516703708543652,2.824835042419517,0.9312801189183584,-2.0874000557523686,43.119999036192894,1.0,1.3312771075062457,1
12:05:14.363298,190,1.479070594953601,2.8781536984723477,0.9111080710286495,-0.4872000130126253,77.99999825656414,1.0,1.4551692478026208,1
12:05:14.363298,190,1.505036022501043,2.9196434975070864,0.8582663107305604,-0.4872000130126253,43.35999903082848,1.0,2.599349532929878,1
12:05:14.363298,190,1.5271086931647606,2.9348363255768986,0.7384190336020706,-0.2088800055789761,13.879999689757824,1.0,5.856918672776542,1
12:05:14.363298,190,1.4816491482262208,2.810668079276764,0.9350761452516604,-2.0874000557523686,33.7599992454052,1.0,2.0120904611928574,1
12:05:14.363298,190,1.5385421470912128,2.837404724542861,0.8868393374578822,-1.4613200390303973,56.759998731315136,1.0,2.471705043551708,1
12:05:14.363298,190,1.561622824545645,2.852837690881359,0.7688791033701119,-1.4613200390303973,43.99999901652336,1.0,3.55860049188287,1
12:05:14.363298,190,1.592286902383217,2.8376053499903207,0.7729605968107012,-1.4613200390303973,41.879999063909054,1.0,3.8884061857782477,1
12:05:14.363298,190,1.6205890549973296,2.809170159683058,0.7449057694566896,-1.4613200390303973,38.6399991363287,1.0,4.453150077696876,1
12:05:14.363298,190,1.2724192301238444,2.9466734436470805,1.0370529682100995,-0.4872000130126253,150.999996624887,1.0,0.04018084532493704,1
12:05:14.363298,190,1.417540695367106,2.90613374706184,0.9036108396049114,-0.4872000130126253,88.51999802142382,1.0,0.9878702930391926,1
12:05:14.363298,190,1.2497145101287153,2.9196498435609657,1.1496121334963658,-0.4872000130126253,77.63999826461077,1.0,0.9340727846311052,1
12:05:14.363298,190,1.3033100632110135,2.9342335230291514,1.040386234893581,-0.4872000130126253,128.51999712735417,1.0,0.03663586613625644,1
12:05:14.363298,190,1.2427059430004224,2.9879719849315443,1.129995733796347,-0.4872000130126253,151.99999660253525,1.0,0.1237626076739049,1
12:05:14.363298,190,1.2661619713187682,3.044369844688906,1.1135744357249115,-0.4872000130126253,76.7599982842803,1.0,0.37770350158213883,1
12:05:14.363298,190,0.9898426418257088,3.116873734589071,1.268896906196422,-0.4872000130126253,25.63999942690134,1.0,3.4336251722395668,1
12:05:14.363298,190,1.0029064105019885,3.0156870270292857,1.157912370290528,-0.4872000130126253,24.51999945193529,1.0,2.941164483620868,1
12:05:14.363298,190,1.022047073684508,3.099258475689897,1.2389357801380063,-0.4872000130126253,32.51999927312136,1.0,2.7791441736947604,1
12:05:14.363298,190,1.0341645260876349,3.005848648124391,1.160548555972926,-0.4872000130126253,32.35999927669764,1.0,2.248900196573151,1
12:05:14.363298,190,1.0540598667537568,3.063675407152257,1.1443991213034068,-0.4872000130126253,42.11999905854464,1.0,2.612551427270814,1
12:05:14.363298,190,1.0963673950564747,2.985268604514716,1.1660629620383358,-0.4872000130126253,43.63999902456999,1.0,1.2659070824435015,1
12:05:14.363298,190,1.1174593995389692,3.042699443001692,1.150019613958015,-0.4872000130126253,55.75999875366688,1.0,1.248178403550097,1
12:05:14.363298,190,1.138551404021464,3.1001302814886675,1.133976265877694,-0.4872000130126253,37.87999915331602,1.0,2.0836833566701314,1
12:05:14.363298,190,0.9715480051155276,3.0252229888469966,1.1553572170224184,-0.4872000130126253,18.999999575316902,1.0,3.763562630023854,1
12:05:14.363298,190,1.1489931306865084,3.031753226862726,1.1529526437326274,-0.4872000130126253,75.11999832093716,1.0,0.7735575517769406,1
12:05:14.363298,190,1.1273059282048847,2.974528997797054,1.1689406309853612,-0.4872000130126253,58.999998681247234,1.0,0.9807852568697146,1
12:05:14.363298,190,1.23458378914452,3.065743614633309,1.1431901454919853,-0.4872000130126253,65.23999854177237,1.0,0.5032001913021089,1
12:05:14.363298,190,1.2115309976532735,2.999825137667092,1.1268196910930943,-0.4872000130126253,130.51999708265066,1.0,0.22953504852928164,1
12:05:14.363298,190,1.1886633952654582,2.943203550093996,1.1433009368520808,-0.4872000130126253,91.23999796062708,1.0,0.6193682154762623,1
12:05:14.363298,190,1.2026921952622809,3.077514851559667,1.1400360520636523,-0.4872000130126253,54.51999878138304,1.0,0.8847568689149512,1
12:05:14.363298,190,1.1804119634836063,3.020502970660159,1.1559671407967484,-0.4872000130126253,100.99999774247408,1.0,0.44124552619683666,1
12:05:14.363298,190,1.1581317317049318,2.963491089760649,1.1718982295298448,-0.4872000130126253,77.11999827623367,1.0,0.8370085295643803,1
12:05:14.363298,190,1.1706803331681324,3.088977455928398,1.1369646564798934,-0.4872000130126253,45.35999898612499,1.0,1.4126169703624862,1
12:05:14.363298,190,1.1657957928776426,2.9199622183435068,1.284358993310681,-0.4872000130126253,22.879999488592148,1.0,3.869723216247781,1
12:05:14.363298,190,1.2192499146820766,2.9315741251741825,1.146417031867783,-0.4872000130126253,91.5199979543686,1.0,0.7022943864892335,1
12:05:14.421851,191,1.3744673762528477,2.9379445831762103,0.7460747803093839,-0.4174800111504737,25.999999418854717,1.0,1.3996544407877276,1
12:05:14.421851,191,1.299659455474658,2.891288399357373,0.9134739955925226,-0.4174800111504737,140.75999685376885,1.0,0.3027988299775788,1
12:05:14.421851,191,1.3494680774611891,2.884508207939432,0.768881615721442,-0.5566400148672983,52.87999881803989,1.0,1.2830112307534962,1
12:05:14.421851,191,1.3303337976224836,2.8785864017604683,0.9168774855908756,-0.5566400148672983,110.35999753326178,1.0,0.4944133584466535,1
12:05:14.421851,191,1.3088900342071796,2.866352721716255,1.0618475377683148,-0.6263600167294499,91.11999796330927,1.0,0.3507042629243679,1
12:05:14.421851,191,1.2852515467818832,2.848001877860481,1.203498271880095,-0.6263600167294499,63.11999858915806,1.0,0.7789519744056858,1
12:05:14.421851,191,1.259536767228594,2.823740816654521,1.34154920898344,-0.6263600167294499,37.75999915599823,1.0,1.7118665052444086,1
12:05:14.421851,191,1.3427754184558256,2.951067967203128,0.742558380157408,-0.4174800111504737,28.639999359846115,1.0,1.2138914104650589,1
12:05:14.421851,191,1.3183525442021,2.8973928992158964,0.7654291730991891,-0.4174800111504737,64.7599985525012,1.0,1.1149037486362916,1
12:05:14.421851,191,1.3091697661699058,2.950784673791728,0.7069602747647459,-0.4174800111504737,29.639999337494373,1.0,1.4258314234402099,1
12:05:14.421851,191,1.2556166944144047,2.8602734311261493,1.200210119092684,-0.6263600167294499,79.99999821186066,1.0,0.5517397533658983,1
12:05:14.421851,191,1.228833544067088,2.8564913915865637,1.430853654497274,-0.6263600167294499,39.759999111294746,1.0,2.565282890582141,1
12:05:14.421851,191,1.2034635388799737,2.805549949185168,1.4725818500117056,-0.6263600167294499,12.759999714791777,1.0,2.839850688926672,1
12:05:14.421851,191,1.2871051767931074,2.9099763983073657,0.762057434679672,-0.4174800111504737,74.23999834060669,1.0,1.0535470467425554,1
12:05:14.421851,191,1.268855148470141,2.9036934754116563,0.9101500654817308,-0.4174800111504737,164.75999631732702,1.0,0.21466774736474348,1
12:05:14.421851,191,1.2497145101287153,2.9196498435609657,1.1496121334963658,-0.6263600167294499,146.35999672859907,1.0,0.33861280529072535,1
12:05:14.421851,191,1.2258562814294414,2.872258124903912,1.196998830073398,-0.6263600167294499,90.3599979802966,1.0,0.42089655423228467,1
12:05:14.421851,191,1.2884527451472392,2.811434870004269,1.3448465774504754,-0.6263600167294499,32.99999926239252,1.0,2.0436186178717612,1
12:05:14.421851,191,1.2787101343843656,2.8788499747356293,1.058498908914166,-0.6263600167294499,119.999997317791,1.0,0.13940265498602822,1
12:05:14.421851,191,1.3147578750714684,2.835444692251956,1.2068629596231073,-0.6263600167294499,47.35999894142151,1.0,1.1022676418972615,1
12:05:14.421851,191,1.3978625812349466,2.817044892614832,1.041073847314458,-0.5566400148672983,39.51999911665917,1.0,1.5242297836906482,1
12:05:14.421851,191,1.3608751075051015,2.8655887528100594,0.9203601951306406,-0.5566400148672983,83.8799981251359,1.0,0.7892319812432564,1
12:05:14.421851,191,1.1997079407488969,2.868220443768652,1.4277108644371008,-0.6263600167294499,37.99999915063381,1.0,2.3947485259129255,1
12:05:14.421851,191,1.5048161279805772,2.7490608489269395,0.8136632280066847,-0.5566400148672983,31.63999929279089,1.0,4.364441663986112,1
12:05:14.421851,191,1.5029598068561123,2.8156130116884817,0.7873420279192678,-0.5566400148672983,23.35999947786331,1.0,3.7138259659602593,1
12:05:14.421851,191,1.4802379923897082,2.7992830100623785,0.9035912339920488,-0.5566400148672983,39.11999912559986,1.0,3.070011935948512,1
12:05:14.421851,191,1.4569639531443084,2.7894684672196037,1.0484629282292466,-0.5566400148672983,31.119999304413795,1.0,2.821672813359568,1
12:05:14.421851,191,1.4314391342601989,2.782385166338144,1.2210802167424917,-0.5566400148672983,20.999999530613422,1.0,3.3503247079464487,1
12:05:14.421851,191,1.4027994941262358,2.759436937064604,1.3587793815897464,-0.6263600167294499,17.999999597668648,1.0,4.287806443809394,1
12:05:14.421851,191,1.4725498427276096,2.8299837392080565,0.78349140308575,-0.5566400148672983,27.87999937683344,1.0,3.016818215230484,1
12:05:14.421851,191,1.450287767476922,2.813436480272106,0.8997988230792544,-0.5566400148672983,49.51999889314175,1.0,2.3755167715443317,1
12:05:14.421851,191,1.373373170131883,2.8094784752759154,1.2138205864923286,-0.6263600167294499,26.99999939650297,1.0,2.036014087369475,1
12:05:14.421851,191,1.3458952897101315,2.785988174321196,1.3516649990087954,-0.6263600167294499,22.239999502897263,1.0,2.9829308929604146,1
12:05:14.421851,191,1.4687059684881858,2.8967470758031832,0.7571136191401617,-0.4872000130126253,19.63999956101179,1.0,2.6136271204798245,1
12:05:14.421851,191,1.4419926248485373,2.8440600154021616,0.7797196762471021,-0.5566400148672983,33.99999924004078,1.0,2.424846162477337,1
12:05:14.421851,191,1.3899552444662968,2.840872034965169,0.8924474883553482,-0.5566400148672983,63.999998569488525,1.0,1.292498077220564,1
12:05:14.421851,191,1.3688541652562958,2.840486837307952,1.0687782806070365,-0.5566400148672983,51.23999885469675,1.0,1.0722280631923655,1
12:05:14.421851,191,1.3441327286750515,2.822603130008612,1.2103038458557651,-0.6263600167294499,35.51999920606613,1.0,1.5213945683449843,1
12:05:14.421851,191,1.3172398788708366,2.798850236408888,1.3482186198593995,-0.6263600167294499,27.359999388456345,1.0,2.4674094701750335,1
12:05:14.421851,191,1.4374357996638207,2.9107827793974264,0.7533527636968818,-0.4872000130126253,22.879999488592148,1.0,2.0998641527602593,1
12:05:14.421851,191,1.4112912089150826,2.857840432654972,0.7760272245728479,-0.5566400148672983,42.23999905586243,1.0,1.9383109885948828,1
12:05:14.421851,191,1.3389390461231616,2.8535645829726426,1.065274109217363,-0.6263600167294499,67.99999848008156,1.0,0.6617462678760152,1
12:05:14.421851,191,1.2772558154442883,2.963276253944471,0.7036131659506295,-0.4174800111504737,28.639999359846115,1.0,1.4713824181290085,1
12:05:14.421851,191,1.4998292679461849,2.8824100323924777,0.7609552183439103,-0.4872000130126253,16.8799996227026,1.0,3.2359894166373557,1
12:05:14.421851,191,1.2379239570138247,2.915800389426105,0.9069060276487262,-0.4174800111504737,167.7599962502718,1.0,0.23027079438181516,1
12:05:14.421851,191,1.1429840279366694,2.9687993043778333,0.5954268972455237,-0.4174800111504737,14.879999667406082,1.0,4.122903591442495,1
12:05:14.421851,191,1.1290006362508984,2.9683330302376305,0.7464208222809574,-0.4174800111504737,39.63999911397696,1.0,2.3559106423328253,1
12:05:14.421851,191,1.1161186717988123,3.0043642229339267,1.0215947704894672,-0.4174800111504737,66.9999985024333,1.0,1.0402183256486106,1
12:05:14.421851,191,1.0963673950564747,2.985268604514716,1.1660629620383358,-0.6263600167294499,59.51999866962433,1.0,1.2894760626505193,1
12:05:14.421851,191,1.0748452947737903,2.960041918753724,1.3069915806979944,-0.6263600167294499,29.639999337494373,1.0,2.0697172829123813,1
12:05:14.421851,191,1.0516542736344572,2.9289092877206064,1.444107757850423,-0.6263600167294499,14.119999684393406,1.0,3.3173705683090438,1
12:05:14.421851,191,1.110615716557937,2.9796834458125105,0.592510500337796,-0.4174800111504737,12.999999709427357,1.0,4.754986392218207,1
12:05:14.421851,191,1.0970283223359558,2.9790840138948367,0.7435401048921688,-0.4174800111504737,32.51999927312136,1.0,2.9393723718580813,1
12:05:14.421851,191,1.0341645260876349,3.005848648124391,1.160548555972926,-0.6263600167294499,44.75999899953604,1.0,2.2948246239733705,1
12:05:14.421851,191,1.0138634912888882,2.9802179684427608,1.3015854244773668,-0.6263600167294499,22.63999949395657,1.0,2.9910157635424923,1
12:05:14.421851,191,1.0781363445380228,2.9902543943833946,0.5896780232049965,-0.4174800111504737,12.11999972909689,1.0,5.498020991709327,1
12:05:14.421851,191,1.064946306507871,2.989525636324021,0.740742280594598,-0.4174800111504737,26.87999939918518,1.0,3.630743687735473,1
12:05:14.421851,191,1.2557290999447737,2.922257446874473,0.7587667376339082,-0.4174800111504737,76.51999828964472,1.0,1.0991961391527243,1
12:05:14.421851,191,1.020973969013676,3.035330639381789,1.0132973442097766,-0.4174800111504737,40.11999910324812,1.0,2.8387859718020025,1
12:05:14.421851,191,1.0025052613276269,3.048510711554956,1.2852505810610555,-0.6263600167294499,34.51999922841787,1.0,3.8407647182395666,1
12:05:14.421851,191,0.98321898415358,2.989863216305666,1.299000988101703,-0.6263600167294499,17.639999605715275,1.0,3.59671722012739,1
12:05:14.421851,191,1.0327577969413482,2.9996568533716896,0.738027629168331,-0.4174800111504737,22.63999949395657,1.0,4.43007001951787,1
12:05:14.421851,191,0.990238724094634,3.0834224730062467,1.139107910954946,-0.4174800111504737,31.999999284744263,1.0,3.942205535081784,1
12:05:14.421851,191,0.9711593988846536,3.0580428591152544,1.2826964498201394,-0.6263600167294499,27.119999393820763,1.0,4.551797662555217,1
12:05:14.421851,191,1.0813310414334765,2.9186076740893467,1.446868066903656,-0.6263600167294499,17.639999605715275,1.0,3.0348751216630228,1
12:05:14.421851,191,1.052795205770346,3.0253150201235943,1.0159810213017075,-0.4174800111504737,51.35999885201454,1.0,2.1349299868926805,1
12:05:14.421851,191,1.1273059282048847,2.974528997797054,1.1689406309853612,-0.6263600167294499,80.23999820649624,1.0,0.9375635142076391,1
12:05:14.421851,191,1.1051764929941266,2.949513134515658,1.3098127599318654,-0.6263600167294499,39.759999111294746,1.0,1.7539871388376047,1
12:05:14.421851,191,1.1957938863637307,2.908556521239427,1.287415140638833,-0.6263600167294499,86.119998075068,1.0,1.0728951301970497,1
12:05:14.421851,191,1.1704623676417472,2.8796675824736577,1.4246436128654476,-0.6263600167294499,33.359999254345894,1.0,2.3162728470029563,1
12:05:14.421851,191,1.2597035030072885,2.97307264911085,0.547107071714235,-0.4174800111504737,9.879999779164793,0.9879999779164793,3.4732312147682842,1
12:05:14.421851,191,1.2452141402072123,2.9754589495758066,0.7003488224945791,-0.4174800111504737,25.87999942153692,1.0,1.6273795738763766,1
12:05:14.421851,191,1.224227451238496,2.934234816822652,0.755557411028845,-0.4174800111504737,70.35999842733145,1.0,1.2520763896413294,1
12:05:14.421851,191,1.2095928065898227,2.960336264672684,0.9987525235852932,-0.4174800111504737,147.11999671161175,1.0,0.14918881134853804,1
12:05:14.421851,191,1.188841723002093,2.952155984187057,1.1749354619144103,-0.6263600167294499,137.11999693512917,1.0,0.5347151414635903,1
12:05:14.421851,191,1.1657957928776426,2.9199622183435068,1.284358993310681,-0.6263600167294499,70.75999841839075,1.0,1.108489998511199,1
12:05:14.421851,191,1.140357223598118,2.897147098480181,1.452618410807239,-0.6263600167294499,27.639999382197857,1.0,2.7471255038161617,1
12:05:14.421851,191,1.2192499146820766,2.9315741251741825,1.146417031867783,-0.6263600167294499,154.35999654978514,1.0,0.2992768203011146,1
12:05:14.421851,191,1.1926033808127532,2.9459073104249414,0.752429775794454,-0.4174800111504737,59.75999866425991,1.0,1.5123833971724168,1
12:05:14.421851,191,1.1789957052598996,2.982194381918967,1.027535161485752,-0.4174800111504737,116.75999739021064,1.0,0.3623468091332516,1
12:05:14.421851,191,1.1581317317049318,2.963491089760649,1.1718982295298448,-0.6263600167294499,107.7599975913763,1.0,0.686022398059015,1
12:05:14.421851,191,1.1356811207889714,2.9310775906709075,1.2813806382719826,-0.6263600167294499,53.51999880373478,1.0,1.2404961163879924,1
12:05:14.421851,191,1.1108996770342927,2.9080199247538503,1.4497050457877654,-0.6263600167294499,22.11999950557947,1.0,2.844837007062914,1
12:05:14.421851,191,1.1752380418702018,2.957603058484388,0.5984269222909329,-0.4174800111504737,18.23999959230423,1.0,3.601698505545001,1
12:05:14.421851,191,1.1608600510480935,2.9572737604417605,0.7493841446916387,-0.4174800111504737,48.87999890744686,1.0,1.8802828919878698,1
12:05:14.421851,191,1.1476145687770587,2.99343114006462,1.0245242812150803,-0.4174800111504737,88.63999801874161,1.0,0.6492292394793753,1
12:05:14.421851,191,1.2130479445993572,2.98733154242638,0.6971675708282044,-0.4174800111504737,22.11999950557947,1.0,1.8940254703164305,1
12:05:14.478581,192,1.3476363757342826,3.1006434771694567,-0.4764350912240476,-0.7655200204462744,19.879999555647373,1.0,3.042727215739503,1
12:05:14.478581,192,1.3527538887295265,3.1124178575392265,-0.7588935336211884,-0.974120026017772,11.519999742507936,1.0,4.721823598729397,1
12:05:14.478581,192,1.2076023928693669,2.7784531123423117,0.1819907642462835,-0.6958000185841229,7.519999831914902,0.7519999831914902,0.9385472026143911,1
12:05:14.478581,192,1.2326695924577589,2.8361277568489225,0.1857684967495836,-0.6958000185841229,26.75999940186739,1.0,0.4520408716551798,1
12:05:14.478581,192,1.329066757915227,3.057918477012934,-0.3345417876207531,-0.7655200204462744,47.11999894678593,1.0,1.7833477397881108,1
12:05:14.478581,192,1.28011379601125,2.9452874403707314,-0.289813389194049,-0.7655200204462744,39.87999910861254,1.0,0.48857310972945633,1
12:05:14.478581,192,1.3052237968168667,3.003060561972049,-0.2954982075741153,-0.6263600167294499,60.35999865084887,1.0,0.9801677752994955,1
12:05:14.478581,192,1.3413334955380052,3.0861418024448337,-0.5776308499515445,-0.5566400148672983,22.51999949663877,1.0,3.2155434795323328,1
12:05:14.478581,192,1.259536767228594,2.897943786531092,0.0948232774001737,-0.6263600167294499,31.119999304413795,1.0,0.12105108070952339,1
12:05:14.478581,192,1.299659455474658,3.0739837591290686,-0.3011830259541815,-0.7655200204462744,62.23999860882759,1.0,1.1913508050164343,1
12:05:14.478581,192,1.3215625924557275,3.1257895510772347,-0.7588935336211884,-0.5566400148672983,12.23999972641468,1.0,3.8710544359709695,1
12:05:14.478581,192,1.2505974079910578,2.957941101555262,-0.289813389194049,-0.7655200204462744,46.879998952150345,1.0,0.23886396290904294,1
12:05:14.478581,192,1.2304948366884667,2.910394048024742,0.0948232774001737,-0.6263600167294499,30.63999931514263,1.0,0.12640459504212573,1
12:05:14.478581,192,1.2034635388799737,2.846459014811645,0.2166829465082357,-0.6958000185841229,26.519999407231808,1.0,0.7047076626758968,1
12:05:14.478581,192,1.3104055264448322,3.099400607748617,-0.5776308499515445,-0.5566400148672983,23.519999474287037,1.0,2.5072232976416324,1
12:05:14.478581,192,1.268855148470141,3.0868264388842435,-0.3011830259541815,-0.7655200204462744,77.51999826729298,1.0,0.7915958144043944,1
12:05:14.478581,192,1.2449055548739796,3.0285627049960224,-0.2954982075741153,-0.6958000185841229,103.75999768078329,1.0,0.3320941220059014,1
12:05:14.478581,192,1.2237115871711564,2.977002761428932,-0.1933539437601782,-0.7655200204462744,53.11999881267548,1.0,0.04101791256151427,1
12:05:14.478581,192,1.2013298576955802,2.9225532725519203,0.0948232774001737,-0.6263600167294499,28.519999362528324,1.0,0.25474722021352186,1
12:05:14.478581,192,1.275128431732858,3.015962430342165,-0.2954982075741153,-0.6263600167294499,80.63999819755554,1.0,0.5918051864472258,1
12:05:14.478581,192,1.3838099107477906,3.09873492482305,-0.7588935336211884,-0.974120026017772,10.359999768435957,1.0,5.704766949385624,1
12:05:14.478581,192,1.5311383594072894,2.7882356181143195,0.7596526163628146,-0.7655200204462744,8.239999815821648,0.8239999815821648,5.062725610343543,1
12:05:14.478581,192,1.2884527451472392,2.8852037330866884,0.0948232774001737,-0.6263600167294499,29.879999332129955,1.0,0.23677767267517572,1
12:05:14.478581,192,1.1749392511027097,2.858351127596851,0.2166829465082357,-0.6958000185841229,24.759999446570877,1.0,1.0115645092327066,1
12:05:14.478581,192,1.5009197629901851,2.8028794560553543,0.7557288118124219,-0.7655200204462744,9.759999781847,0.9759999781847,4.147312289439379,1
12:05:14.478581,192,1.4802379923897082,2.7992830100623785,0.9035912339920488,-0.6263600167294499,16.8799996227026,1.0,3.818831961568931,1
12:05:14.478581,192,1.3747324105347818,2.704226375967146,1.3716088648999714,-0.6958000185841229,16.8799996227026,1.0,5.1092190114176,1
12:05:14.478581,192,1.470551075854254,2.817230677454811,0.7518834136280375,-0.7655200204462744,11.639999739825726,1.0,3.3561328451057335,1
12:05:14.478581,192,1.450287767476922,2.813436480272106,0.8997988230792544,-0.7655200204462744,20.999999530613422,1.0,3.184096722523284,1
12:05:14.478581,192,1.422913639964861,2.760332971654615,0.9205650792536018,-0.7655200204462744,26.87999939918518,1.0,2.9897182595891416,1
12:05:14.478581,192,1.3458952897101315,2.785988174321196,1.3516649990087954,-0.6263600167294499,23.9999994635582,1.0,4.529386713217299,1
12:05:14.478581,192,1.3189667402204783,2.730246378504409,1.3646368262330562,-0.6958000185841229,19.879999555647373,1.0,5.26791802872516,1
12:05:14.478581,192,1.2609687637435028,2.823659461443972,0.1857684967495836,-0.6958000185841229,25.359999433159828,1.0,0.3974012887943078,1
12:05:14.478581,192,1.44550372355085,2.769402011509213,0.4722765686737249,-0.974120026017772,7.999999821186066,0.7999999821186066,2.6757365015496473,1
12:05:14.478581,192,1.42019251500244,2.827299950684845,0.8960841173778684,-0.7655200204462744,26.87999939918518,1.0,2.673675274539027,1
12:05:14.478581,192,1.3933864342582134,2.7739347695804533,0.916920488483762,-0.7655200204462744,34.51999922841787,1.0,2.6300997047145933,1
12:05:14.478581,192,1.3172398788708366,2.798850236408888,1.3482186198593995,-0.6263600167294499,27.239999391138557,1.0,4.650631874415521,1
12:05:14.478581,192,1.2908846642125271,2.7428510976337632,1.3612594019215245,-0.6958000185841229,22.879999488592148,1.0,5.517921618266045,1
12:05:14.478581,192,1.4147275529343373,2.7832159826126457,0.468575126272293,-0.974120026017772,9.119999796152117,0.9119999796152116,2.028193596765311,1
12:05:14.478581,192,1.4093755915042572,2.845049559593445,0.7444293666246538,-0.7655200204462744,16.8799996227026,1.0,2.1561134533980315,1
12:05:14.478581,192,1.3595789795702122,2.854151375916022,0.8888892996715496,-0.7655200204462744,35.23999921232462,1.0,2.0349845512680727,1
12:05:14.478581,192,1.335188640614711,2.8115008719938146,0.9407383561745042,-0.6263600167294499,45.2399989888072,1.0,2.3495655759264222,1
12:05:14.478581,192,1.3095021737243209,2.9323392529097285,-0.289813389194049,-1.669920044601895,33.11999925971031,1.0,0.861228816409901,1
12:05:14.478581,192,1.440035334842766,2.831287847202573,0.7481168063462571,-0.7655200204462744,13.999999687075617,1.0,2.691603663184658,1
12:05:14.478581,192,1.2902391410298897,3.138848668278924,-0.7588935336211884,-0.5566400148672983,12.359999723732471,1.0,3.1547471828718443,1
12:05:14.478581,192,1.2481595757689632,3.124987111087963,-0.5776308499515445,-0.5566400148672983,23.519999474287037,1.0,1.4925765579864023,1
12:05:14.478581,192,1.2379239570138247,3.099360438581676,-0.3011830259541815,-0.6958000185841229,84.75999810546637,1.0,0.5263978471338391,1
12:05:14.478581,192,1.1042922044230457,3.0252219946724246,-0.1611578353687324,-0.7655200204462744,44.63999900221825,1.0,0.9500473328757337,1
12:05:14.478581,192,1.1317496327440444,3.1994110039483274,-0.7588935336211884,-0.5566400148672983,8.999999798834324,0.8999999798834324,1.6677149512161313,1
12:05:14.478581,192,1.1221950301603951,3.172400524103626,-0.5776308499515445,-0.5566400148672983,17.23999961465597,1.0,1.1316577160752868,1
12:05:14.478581,192,1.1129923923562053,3.1463850346312,-0.3011830259541815,-0.5566400148672983,38.87999913096428,1.0,0.8529239709554318,1
12:05:14.478581,192,1.0950519735024011,3.095668187162794,-0.1643190179046519,-0.6958000185841229,58.35999869555235,1.0,1.0810398525211788,1
12:05:14.478581,192,1.0739852752059895,3.0361134725895917,-0.1611578353687324,-0.7655200204462744,37.51999916136265,1.0,1.5151972369413325,1
12:05:14.478581,192,1.099699469644604,3.210568342188856,-0.7588935336211884,-0.5566400148672983,8.51999980956316,0.851999980956316,1.804198179054815,1
12:05:14.478581,192,1.090415445077767,3.183463668425557,-0.5776308499515445,-0.5566400148672983,15.239999659359457,1.0,1.4011546249381963,1
12:05:14.478581,192,1.081473417954629,3.1573574548744867,-0.3011830259541815,-0.5566400148672983,30.51999931782484,1.0,1.2914964385456285,1
12:05:14.478581,192,1.0340094001228604,3.120224752483194,-0.0657506180745476,-0.6958000185841229,43.75999902188778,1.0,2.5825122247249537,1
12:05:14.478581,192,1.0141170437825755,3.0601976167233085,-0.0644857023743833,-0.7655200204462744,30.879999309778214,1.0,3.2658267382460506,1
12:05:14.478581,192,1.0498462971173166,3.168014142017523,-0.3011830259541815,-0.5566400148672983,24.35999945551157,1.0,1.8767539749813817,1
12:05:14.478581,192,1.0027559732934173,3.130408663988716,-0.0657506180745476,-0.6958000185841229,33.359999254345894,1.0,3.4994825500458937,1
12:05:14.478581,192,0.9836124159877304,3.0706462100663883,-0.0322444633968542,-0.7655200204462744,25.359999433159828,1.0,4.38184689747154,1
12:05:14.478581,192,0.9862802773761165,3.18837608604331,-0.3011830259541815,-0.5566400148672983,19.879999555647373,1.0,3.494816779771359,1
12:05:14.478581,192,0.9715480051155276,3.140750653753713,-0.0328769528711452,-0.6958000185841229,26.119999416172504,1.0,4.663880054817893,1
12:05:14.478581,192,1.1259533866000522,3.084563068067689,-0.1643190179046519,-0.6958000185841229,78.11999825388193,1.0,0.6298999418452265,1
12:05:14.478581,192,1.144400068451012,3.135097978520493,-0.3011830259541815,-0.5566400148672983,50.35999887436628,1.0,0.5591119444239022,1
12:05:14.478581,192,1.1636866218283914,3.187933727287873,-0.7588935336211884,-0.5566400148672983,9.239999793469906,0.9239999793469906,1.6786518618974724,1
12:05:14.478581,192,1.217299374998546,3.047723168619928,-0.1971466672654756,-0.7655200204462744,120.63999730348588,1.0,0.12495240182296391,1
12:05:14.478581,192,1.1945383551481443,2.990736950632616,-0.1611578353687324,-0.7655200204462744,56.63999873399735,1.0,0.05941363113534018,1
12:05:14.478581,192,1.1697007353949758,2.9285515994118487,0.221106831713738,-0.6263600167294499,25.359999433159828,1.0,0.8163340335528252,1
12:05:14.478581,192,1.1462974703847006,2.8699574076640277,0.2166829465082357,-0.6263600167294499,21.99999950826168,1.0,1.4394914986838263,1
12:05:14.478581,192,1.2587866667709116,3.151593903243516,-0.7588935336211884,-0.5566400148672983,11.639999739825726,1.0,2.5751547933526124,1
12:05:14.478581,192,1.1538623966801829,3.1610201423871245,-0.5776308499515445,-0.5566400148672983,19.63999956101179,1.0,1.0080859157542736,1
12:05:14.478581,192,1.206868974198941,3.111584504831897,-0.3011830259541815,-0.5566400148672983,78.75999823957682,1.0,0.39787157601196554,1
12:05:14.478581,192,1.186761787486031,3.0597435743338863,-0.1971466672654756,-0.6958000185841229,119.51999732851982,1.0,0.15358152291860266,1
12:05:14.478581,192,1.1645717583465682,3.002532599233669,-0.1611578353687324,-0.7655200204462744,55.87999875098467,1.0,0.22401013419901666,1
12:05:14.478581,192,1.216847818729185,3.1373122504946296,-0.5776308499515445,-0.5566400148672983,23.35999947786331,1.0,1.1906189396617037,1
12:05:14.478581,192,1.117541060880022,2.8812766943948898,0.2166829465082357,-0.6263600167294499,18.879999577999115,1.0,1.9902363171354176,1
12:05:14.478581,192,1.140357223598118,2.940101985202016,0.221106831713738,-0.6263600167294499,21.87999951094389,1.0,1.2570316269357327,1
12:05:14.478581,192,1.1108996770342927,2.951358363256883,0.221106831713738,-0.6263600167294499,18.639999583363533,1.0,1.8261946245117042,1
12:05:14.478581,192,1.1344887053448365,3.014027997090324,-0.1611578353687324,-0.7655200204462744,51.35999885201454,1.0,0.5202638921584997,1
12:05:14.478581,192,1.156742205302368,3.0731494952500267,-0.1643190179046519,-0.6958000185841229,101.23999773710966,1.0,0.3183098542819505,1
12:05:14.478581,192,1.0886728982055325,2.892307855870249,0.2166829465082357,-0.6263600167294499,15.87999964505434,1.0,2.665515248045115,1
12:05:14.478581,192,1.1854143779270094,3.149323661304689,-0.5776308499515445,-0.5566400148672983,21.7599995136261,1.0,1.0284244368753814,1
12:05:14.478581,192,1.2272083148998694,3.1640239814581914,-0.7588935336211884,-0.5566400148672983,10.119999773800371,1.0,2.1344943556991653,1
12:05:14.478581,192,1.2373559444875215,3.1901868936390025,-0.9102579874617688,-0.6958000185841229,4.999999888241291,0.4999999888241291,3.2125690662868998,1
12:05:14.478581,192,1.1756933054977527,3.123497415238523,-0.3011830259541815,-0.5566400148672983,64.87999854981899,1.0,0.4080957068786638,1
12:05:14.532535,193,1.3721273324053944,2.818377087187296,0.6468106754969194,-0.7655200204462744,13.35999970138073,1.0,1.6735349164002256,1
12:05:14.532535,193,1.3244687786695304,2.831071832702654,0.7916884511335001,-0.7655200204462744,32.239999279379845,1.0,0.6802004211525439,1
12:05:14.532535,193,1.3039806724368217,2.813019548379246,0.9064477535682762,-0.7655200204462744,89.99999798834324,1.0,0.3406405816282145,1
12:05:14.532535,193,1.2830029376630223,2.801306359529422,1.0492174908486598,-0.7655200204462744,92.999997921288,1.0,0.2830883686236245,1
12:05:14.532535,193,1.2600407667124296,2.7921370557873924,1.2191220071269813,-0.7655200204462744,73.35999836027622,1.0,0.6880753480232105,1
12:05:14.532535,193,1.2343360711345777,2.7672436694332005,1.3547234320065469,-0.7655200204462744,51.11999885737896,1.0,1.392146925885999,1
12:05:14.532535,193,1.3413334955380052,2.8314822055655444,0.6432991696107535,-0.7655200204462744,15.239999659359457,1.0,1.3848051625852003,1
12:05:14.532535,193,1.2939296699483742,2.8437178312286644,0.7882999660409702,-0.6958000185841229,42.87999904155731,1.0,0.4935756253172319,1
12:05:14.532535,193,1.2018105658765148,2.815917505769109,1.2127500547587315,-0.7655200204462744,73.75999835133553,1.0,0.4701384520784364,1
12:05:14.532535,193,1.2534199328886757,2.8135564431250906,1.0459350908419869,-0.7655200204462744,124.6399972140789,1.0,0.12027910739392794,1
12:05:14.532535,193,1.230987215139568,2.804167897084056,1.215898352917273,-0.7655200204462744,78.51999824494123,1.0,0.5355550941132875,1
12:05:14.532535,193,1.2058752088765108,2.7790290828665394,1.351565539994617,-0.7655200204462744,50.87999886274338,1.0,1.2555269625383547,1
12:05:14.532535,193,1.1813528918464204,2.722515579890235,1.364751908935979,-0.7655200204462744,20.359999544918537,1.0,1.4850849254632927,1
12:05:14.532535,193,1.3104055264448322,2.844289228034207,0.639867538282828,-0.7655200204462744,17.11999961733818,1.0,1.1922463568239419,1
12:05:14.532535,193,1.2632611693442786,2.856068217244777,0.7849906900817403,-0.6958000185841229,53.51999880373478,1.0,0.4015598056594878,1
12:05:14.532535,193,1.2449055548739796,2.8488863693777,0.9307209423418564,-0.7655200204462744,190.51999574154613,1.0,0.0665260149322836,1
12:05:14.532535,193,1.2243854991149914,2.835436740984784,1.0734041468198945,-0.7655200204462744,141.35999684035778,1.0,0.09012451371447949,1
12:05:14.532535,193,1.262673500819659,2.7551839390346298,1.357954827027781,-0.7655200204462744,46.75999895483256,1.0,1.6125778153994714,1
12:05:14.532535,193,1.275128431732858,2.836715438671204,0.9339821333957968,-0.7655200204462744,139.11999689042568,1.0,0.15197608458783224,1
12:05:14.532535,193,1.288774968414313,2.771227017558524,1.1920009840512786,-0.6958000185841229,61.519998624920845,1.0,0.8135506576078961,1
12:05:14.532535,193,1.344818394001521,2.718344036269702,1.1080517394692424,-1.1830000315967482,37.35999916493893,1.0,1.268108113221203,1
12:05:14.532535,193,1.3339169770462445,2.800279375162012,0.909861472693267,-0.7655200204462744,58.999998681247234,1.0,0.6059960930171426,1
12:05:14.532535,193,1.1772937601078393,2.790539000803176,1.3484814667785463,-0.7655200204462744,46.11999896913767,1.0,1.2030650352461156,1
12:05:14.532535,193,1.4298975724210703,2.678138474517307,1.1188247872720365,-1.1830000315967482,22.63999949395657,1.0,2.9724270343944514,1
12:05:14.532535,193,1.4029715982289903,2.659811675616384,1.2552332871690377,-1.1830000315967482,20.999999530613422,1.0,3.2970980003612618,1
12:05:14.532535,193,1.4751170279782773,2.763452940519324,0.8098068786871104,-0.6263600167294499,11.9999997317791,1.0,3.0173021287057833,1
12:05:14.532535,193,1.4522985554996308,2.74644664766714,0.9242859085518826,-0.6263600167294499,22.11999950557947,1.0,2.576380924777307,1
12:05:14.532535,193,1.4257170034185167,2.7045655689728214,0.9752769413201968,-1.1830000315967482,25.51999942958355,1.0,2.3002230857873385,1
12:05:14.532535,193,1.4016770674658448,2.6918140435435567,1.1151604295954165,-1.1830000315967482,28.879999354481697,1.0,2.319930745611676,1
12:05:14.532535,193,1.3752825051754058,2.673229724086081,1.2516379319175803,-1.1830000315967482,26.119999416172504,1.0,2.6738949993150154,1
12:05:14.532535,193,1.445270417509034,2.777557446023635,0.8060275878275898,-0.6263600167294499,14.759999670088291,1.0,2.364279977666029,1
12:05:14.532535,193,1.422913639964861,2.760332971654615,0.9205650792536018,-0.7655200204462744,29.23999934643507,1.0,1.9483961499379878,1
12:05:14.532535,193,1.396869922655894,2.718197730313856,0.9716242146977758,-0.7655200204462744,33.87999924272299,1.0,1.7085734865151785,1
12:05:14.532535,193,1.3194945204120243,2.6992601384415527,1.2446631034123845,-1.1830000315967482,32.51999927312136,1.0,1.6728376744943734,1
12:05:14.532535,193,1.4152792812088886,2.7913729550011404,0.8023257333540423,-0.6263600167294499,18.639999583363533,1.0,1.8035500408283274,1
12:05:14.532535,193,1.4544215136752645,2.690655452481155,0.9790041458007616,-1.1830000315967482,19.759999558329586,1.0,2.9784845451061277,1
12:05:14.532535,193,1.3387596023171218,2.744622762656778,0.9645436486215236,-0.6958000185841229,46.35999896377325,1.0,0.7871424650309622,1
12:05:14.532535,193,1.317569301380811,2.7586392367295582,1.1953738697589,-0.6958000185841229,48.35999891906977,1.0,1.136177085239087,1
12:05:14.532535,193,1.291207495667142,2.735515354675227,1.331162307287836,-0.7655200204462744,39.87999910861254,1.0,1.7400688726855553,1
12:05:14.532535,193,1.4027839576891126,2.80497518340032,0.6504017047936794,-0.6263600167294499,11.519999742507936,1.0,2.057991266183461,1
12:05:14.532535,193,1.3851466181663443,2.8048980859125163,0.798701685448814,-0.6263600167294499,24.23999945819378,1.0,1.3356360035892367,1
12:05:14.532535,193,1.3124576432185038,2.7887711433183555,1.0525762919093646,-0.7655200204462744,65.51999853551388,1.0,0.5352477764525596,1
12:05:14.532535,193,1.2481595757689632,2.869003892414113,0.633245263921026,-0.7655200204462744,18.23999959230423,1.0,1.0972621318103346,1
12:05:14.532535,193,1.3933864342582134,2.7739347695804533,0.916920488483762,-0.7655200204462744,40.51999909430742,1.0,1.4103372227548245,1
12:05:14.532535,193,1.2145581885025971,2.8607647658417426,0.9275381356019394,-0.6958000185841229,187.75999580323696,1.0,0.07379111279715946,1
12:05:14.532535,193,1.1080855625911286,2.9133437751559783,0.7696437505933917,-0.6958000185841229,23.35999947786331,1.0,1.372540808099063,1
12:05:14.532535,193,1.091984702467656,2.905329693951012,0.9155969991043096,-0.6958000185841229,39.23999912291765,1.0,1.036159038668076,1
12:05:14.532535,193,1.075114097928416,2.919052688204768,1.1510816778864217,-0.7655200204462744,35.11999921500683,1.0,1.2384978092727936,1
12:05:14.532535,193,1.0537617268114887,2.9019793815041743,1.3205852487150054,-0.7655200204462744,23.519999474287037,1.0,1.9784422810887434,1
12:05:14.532535,193,1.088489183541357,2.9113540938866667,0.5870906585388398,-0.6958000185841229,8.879999801516533,0.8879999801516533,2.7349823753189986,1
12:05:14.532535,193,1.0767055453314165,2.9238955936330373,0.7668163993537842,-0.6958000185841229,18.35999958962202,1.0,1.8548969133303284,1
12:05:14.532535,193,1.063455399093637,2.9479366820797464,1.0060014980314695,-0.7655200204462744,28.519999362528324,1.0,1.4811206810754016,1
12:05:14.532535,193,1.0141170437825755,2.939233783629996,1.1456741696648565,-0.7655200204462744,26.519999407231808,1.0,2.252209743636335,1
12:05:14.532535,193,1.1202126287438468,2.9006867946155044,0.5899489527639687,-0.6958000185841229,10.99999975413084,1.0,2.241239462581608,1
12:05:14.532535,193,1.0566568903324507,2.921714439961041,0.5843146121749041,-0.6958000185841229,8.239999815821648,0.8239999815821648,3.326963758568856,1
12:05:14.532535,193,1.001151777717717,2.967879920345245,1.000657723443768,-0.6958000185841229,21.51999951899052,1.0,2.698629544807961,1
12:05:14.532535,193,0.9836124159877304,2.957670996473555,1.174112520113089,-0.8349600223009475,20.63999953866005,1.0,2.976828250710475,1
12:05:14.532535,193,1.0247189323197787,2.931766796812699,0.581621091274473,-0.6958000185841229,7.519999831914902,0.7519999831914902,4.01733875890837,1
12:05:14.532535,193,1.0136256505968977,2.9440873151200213,0.7614060438875527,-0.6958000185841229,12.359999723732471,1.0,3.1094278420124044,1
12:05:14.532535,193,0.9698482353629184,2.9773991985411743,0.9981070405386414,-0.6958000185841229,16.759999625384808,1.0,3.4498041046964176,1
12:05:14.532535,193,1.2324663436816097,2.8681217557227385,0.781760954180633,-0.6958000185841229,56.35999874025583,1.0,0.40452475988336795,1
12:05:14.532535,193,1.045217858419236,2.934143781891132,0.7640704055861456,-0.6958000185841229,14.879999667406082,1.0,2.4338086453659034,1
12:05:14.532535,193,1.059695869153313,2.860212439487164,1.4579350798790116,-0.7655200204462744,20.75999953597784,1.0,2.6255383753682002,1
12:05:14.532535,193,1.1042922044230457,2.8804293378509005,1.0613484168242395,-0.7655200204462744,48.119998924434185,1.0,0.6890894895224411,1
12:05:14.532535,193,1.0834979651039487,2.8916571240464024,1.3233510892648814,-0.7655200204462744,29.759999334812164,1.0,1.6137163399902672,1
12:05:14.532535,193,1.1945383551481443,2.847119343192133,1.0702738029929413,-0.7655200204462744,126.63999716937542,1.0,0.10381581283057331,1
12:05:14.532535,193,1.1470438639633476,2.822051457652319,1.4361552906784203,-0.7655200204462744,39.11999912559986,1.0,1.8200758441649265,1
12:05:14.532535,193,1.2146982094591925,2.8668539976634104,0.5990144233849684,-0.7655200204462744,17.999999597668648,1.0,1.347403696844615,1
12:05:14.532535,193,1.201548272417134,2.8798772413187983,0.778611081308533,-0.6958000185841229,48.119998924434185,1.0,0.5028113153252274,1
12:05:14.532535,193,1.1840893673299218,2.872349440233636,0.9244340314540542,-0.6958000185841229,134.75999698787928,1.0,0.17410193423926168,1
12:05:14.532535,193,1.1645717583465682,2.858513064813721,1.0672208644856518,-0.7655200204462744,95.3599978685379,1.0,0.2080188371762045,1
12:05:14.532535,193,1.1429281904898272,2.8626858622231075,1.2983966095839323,-0.7655200204462744,49.23999889940024,1.0,0.9902301905216309,1
12:05:14.532535,193,1.1182687301746557,2.8329921682769923,1.433223736101917,-0.7655200204462744,31.87999928742647,1.0,1.930505145102346,1
12:05:14.532535,193,1.172513736563752,2.8273847068915274,1.209677427478534,-0.7655200204462744,62.1199986115098,1.0,0.4921601411694765,1
12:05:14.532535,193,1.1705100473320746,2.8913334984942463,0.7755413864500886,-0.6958000185841229,39.23999912291765,1.0,0.6967291584263104,1
12:05:14.532535,193,1.183320297059744,2.878435633955164,0.595911133293562,-0.6958000185841229,16.359999634325504,1.0,1.5476862164184764,1
12:05:14.532535,193,1.1393547722229365,2.9024893816329613,0.7725521765722139,-0.6958000185841229,30.23999932408333,1.0,0.9865566759626094,1
12:05:14.532535,193,1.151824053621977,2.889713608868543,0.5928892090232638,-0.6958000185841229,13.759999692440031,1.0,1.8455474018850002,1
12:05:14.532535,193,1.1636866218283914,2.8828914199790145,0.4418671733247556,-0.7655200204462744,5.759999871253967,0.5759999871253967,2.974821698148717,1
12:05:14.532535,193,1.1227995598477514,2.8946330184578475,0.9184631646644008,-0.6958000185841229,56.99999872595072,1.0,0.6550313684178449,1
12:05:14.532535,193,1.1134042310727663,2.873583201584247,1.2954766763024672,-0.7655200204462744,38.239999145269394,1.0,1.1804431065058445,1
12:05:14.532535,193,1.1344887053448365,2.8696167664869323,1.0642456365893187,-0.7655200204462744,67.63999848812819,1.0,0.40302331859896723,1
12:05:14.532535,193,1.1535021382125443,2.8836392340956465,0.9214089403060144,-0.6958000185841229,86.87999805808067,1.0,0.3677587454107084,1
12:05:14.532535,193,1.0886728982055325,2.849836528869096,1.4607152967498604,-0.7655200204462744,25.75999942421913,1.0,2.347099740137664,1
12:05:14.587433,194,1.38326648813964,3.0161428551899703,-0.4676089889995704,-0.6263600167294499,14.879999667406082,1.0,2.193079308687231,1
12:05:14.587433,194,1.3530364002048734,2.8055596055664678,-1.2358518786858097,-0.6263600167294499,14.759999670088291,1.0,4.535017581157421,1
12:05:14.587433,194,1.3095021737243209,2.9323392529097285,-0.289813389194049,-0.6263600167294499,85.75999808311462,1.0,0.4197009042199328,1
12:05:14.587433,194,1.2838157068339306,2.874820115757754,-0.2841285708139828,-0.8349600223009475,56.99999872595072,1.0,0.2947448572054362,1
12:05:14.587433,194,1.263178755457097,2.8286082470056995,-0.0309794844482724,-0.7655200204462744,36.75999917834997,1.0,1.1841330404077879,1
12:05:14.587433,194,1.2369961507384328,2.699155343760524,-0.6289887346580647,-0.7655200204462744,24.23999945819378,1.0,0.06955863334266695,1
12:05:14.587433,194,1.359002027417607,2.963235421612059,-0.4262046631688457,-0.7655200204462744,47.51999893784523,1.0,1.2929813582195788,1
12:05:14.587433,194,1.2092349825350044,2.710969831094178,-0.6321544169981052,-0.8349600223009475,25.63999942690134,1.0,0.17278576058338757,1
12:05:14.587433,194,1.28011379601125,2.7699199798497847,-1.042234720296097,-0.7655200204462744,104.87999765574932,1.0,1.1610477576696494,1
12:05:14.587433,194,1.255003795205633,2.7155867688944437,-1.0217908232395838,-0.8349600223009475,67.63999848812819,1.0,0.5941344516689195,1
12:05:14.587433,194,1.2348299866429755,2.7362722337143035,-0.7652542576261329,-0.7655200204462744,39.759999111294746,1.0,0.02005736985693279,1
12:05:14.587433,194,1.1840342864409883,2.654472683872858,-0.6189801939749981,-0.7655200204462744,7.759999826550484,0.7759999826550483,0.5805175795211053,1
12:05:14.587433,194,1.3413334955380052,2.8314822055655444,-1.3567008303892465,-0.904680024163099,8.879999801516533,0.8879999801516533,5.229925827843375,1
12:05:14.587433,194,1.2921733533296076,2.831111220890421,-1.242698413377174,-0.904680024163099,13.879999689757824,1.0,2.7439400419226136,1
12:05:14.587433,194,1.4027839576891126,3.0586997137835743,-0.5776308499515445,-0.6263600167294499,8.999999798834324,0.8999999798834324,3.4987845829711297,1
12:05:14.587433,194,1.2695067956946486,2.7900427632414333,-1.1888292410172487,-0.7655200204462744,52.63999882340431,1.0,1.7150834547108813,1
12:05:14.587433,194,1.299469479877872,2.7776354574658764,-1.185504713454442,-0.7655200204462744,51.99999883770943,1.0,2.3347929085077004,1
12:05:14.587433,194,1.264633620363144,2.7574698665773427,0.0910363454043581,-0.7655200204462744,21.7599995136261,1.0,2.0461810849855024,1
12:05:14.587433,194,1.4179909922904586,2.935464566334379,-0.4262046631688457,-0.6263600167294499,34.639999225735664,1.0,2.7821458525895397,1
12:05:14.587433,194,1.312499237967127,2.861838433143046,-0.2841285708139828,-0.8349600223009475,45.759998977184296,1.0,0.4024313224582568,1
12:05:14.587433,194,1.2505974079910578,2.782142477985034,-1.0455097288009283,-0.7655200204462744,114.9999974295497,1.0,0.7556116469007335,1
12:05:14.587433,194,1.4815382423955876,2.732277186238791,0.9280826042987926,-0.6263600167294499,24.23999945819378,1.0,7.3268970224798675,1
12:05:14.587433,194,1.453036290047775,2.6797134170867563,0.9487042377192476,-0.6263600167294499,31.119999304413795,1.0,7.791778799074013,1
12:05:14.587433,194,1.473114776533678,2.750955277803761,0.7787793068414517,-0.6263600167294499,11.639999739825726,1.0,6.0624799885466825,1
12:05:14.587433,194,1.4522985554996308,2.74644664766714,0.9242859085518826,-0.6263600167294499,28.879999354481697,1.0,6.974233469699486,1
12:05:14.587433,194,1.4243591186095534,2.693610285271901,0.9449805831117164,-0.6263600167294499,39.35999912023544,1.0,7.618447962728739,1
12:05:14.587433,194,1.3977509310146643,2.8211816322113283,-0.2841285708139828,-0.6263600167294499,28.759999357163903,1.0,1.7056738317077698,1
12:05:14.587433,194,1.291401207453965,2.815835241034752,-0.0309794844482724,-0.7655200204462744,32.239999279379845,1.0,1.009900322611872,1
12:05:14.587433,194,1.3752825051754058,2.775831985950385,-0.0309794844482724,-0.7655200204462744,22.75999949127436,1.0,1.4491872427048693,1
12:05:14.587433,194,1.3955395124528005,2.888986468882744,-0.3219128600964245,-0.6263600167294499,50.99999886006117,1.0,1.7525553846989248,1
12:05:14.587433,194,1.3694696985566583,2.8350178503519285,-0.2841285708139828,-0.6263600167294499,36.23999918997288,1.0,1.1102598799131091,1
12:05:14.587433,194,1.3194945204120243,2.8027806538988096,-0.0309794844482724,-0.7655200204462744,27.239999391138557,1.0,0.9974981089353173,1
12:05:14.587433,194,1.29214462768533,2.7446858690893574,0.0910363454043581,-0.7655200204462744,18.879999577999115,1.0,1.8076291279948278,1
12:05:14.587433,194,1.4133582505844944,3.002159615281709,-0.4676089889995704,-0.6263600167294499,14.119999684393406,1.0,3.0417082824690893,1
12:05:14.587433,194,1.38856593756924,2.949497467611054,-0.4262046631688457,-0.6263600167294499,41.11999908089638,1.0,1.9518278230281993,1
12:05:14.587433,194,1.3387596023171218,2.919097833980151,-0.289813389194049,-0.6263600167294499,66.51999851316214,1.0,0.6883869286035963,1
12:05:14.587433,194,1.443308678388403,2.987876161927131,-0.4676089889995704,-0.6263600167294499,12.999999709427357,1.0,4.0667050876823865,1
12:05:14.587433,194,1.228833544067088,2.7583672835568898,-0.9353505021168458,-0.8349600223009475,73.35999836027622,1.0,0.22055646472302096,1
12:05:14.587433,194,1.1813528918464204,2.722515579890235,-0.6352480910640211,-0.8349600223009475,25.51999942958355,1.0,0.43028509556360295,1
12:05:14.587433,194,1.1122352053873046,2.813327958770915,-0.917399125858898,-0.8349600223009475,38.87999913096428,1.0,1.1222350713476807,1
12:05:14.587433,194,1.0912910363689086,2.7924554470621223,-0.7803085042708664,-0.8349600223009475,21.99999950826168,1.0,1.835740674203784,1
12:05:14.587433,194,1.0665339722575178,2.7918831068811185,-0.5283179710665503,-0.8349600223009475,15.519999653100967,1.0,3.662470189116263,1
12:05:14.587433,194,1.1178494933977798,2.8477050028241635,-1.2042797915472112,-0.904680024163099,24.879999443888664,1.0,1.2774831414225494,1
12:05:14.587433,194,1.1036843928256503,2.870488001674526,-0.9693196742951796,-0.904680024163099,40.23999910056591,1.0,1.3665217427689782,1
12:05:14.587433,194,1.082631022246039,2.8239284367440405,-0.9202395153711808,-0.8349600223009475,30.23999932408333,1.0,1.789139685432397,1
12:05:14.587433,194,1.062244320760013,2.802856310600037,-0.7830954072564371,-0.8349600223009475,17.879999600350857,1.0,2.7002232277713127,1
12:05:14.587433,194,1.1338642733426356,2.8596813816396045,-0.9664240491839124,-0.904680024163099,52.999998815357685,1.0,0.8514681437705565,1
12:05:14.587433,194,1.0733941447940505,2.881002570987794,-0.972137044651431,-0.904680024163099,30.999999307096004,1.0,2.0643978933146205,1
12:05:14.587433,194,1.0330913816089904,2.812976089053787,-0.7858069937207012,-0.8349600223009475,14.6399996727705,1.0,3.736579827556186,1
12:05:14.587433,194,1.013052265295876,2.911109603816332,-0.94687233566477,-0.904680024163099,24.35999945551157,1.0,4.092835363712832,1
12:05:14.587433,194,0.993180795058641,2.854006895662701,-0.9282990141480087,-0.8349600223009475,18.879999577999115,1.0,4.8603286736894695,1
12:05:14.587433,194,1.2063577358647313,2.748062363041963,-0.7684134132581378,-0.8349600223009475,39.759999111294746,1.0,0.05601323224947895,1
12:05:14.587433,194,1.052918576909578,2.83424243501936,-0.9230031428797888,-0.8349600223009475,23.75999946892261,1.0,2.6331099685619397,1
12:05:14.587433,194,1.148416713851396,2.8367596865635503,-1.2013470028942763,-0.7655200204462744,29.999999329447743,1.0,1.0021794392564742,1
12:05:14.587433,194,1.0871704889313587,2.858354520074327,-1.2071333210941737,-0.904680024163099,20.75999953597784,1.0,1.7388237573571128,1
12:05:14.587433,194,1.120228623788452,2.781774538517681,-0.7774465634519527,-0.8349600223009475,26.75999940186739,1.0,1.1411436560695134,1
12:05:14.587433,194,1.0948150806232624,2.781444505776939,-0.5255209563305747,-0.8349600223009475,18.35999958962202,1.0,2.6836519932833074,1
12:05:14.587433,194,1.261546480642805,2.8434448430988004,-1.2460031974876598,-0.904680024163099,12.359999723732471,1.0,2.1158344659593578,1
12:05:14.587433,194,1.2394171618954497,2.802160036182189,-1.1920760545161917,-0.7655200204462744,49.11999890208244,1.0,1.2695040397251534,1
12:05:14.587433,194,1.2209559612778182,2.794079263343744,-1.0487081807980183,-0.7655200204462744,108.75999756902456,1.0,0.5205230379555051,1
12:05:14.587433,194,1.1997079407488969,2.7700963357389785,-0.9384932921770188,-0.8349600223009475,70.99999841302633,1.0,0.1856753696666754,1
12:05:14.587433,194,1.177764850323588,2.759576886634306,-0.7714987205559352,-0.8349600223009475,36.87999917566776,1.0,0.25339530425246476,1
12:05:14.587433,194,1.2250370471997645,2.815854739248647,-1.3414351967783968,-0.904680024163099,10.519999764859676,1.0,1.8813450698390446,1
12:05:14.587433,194,1.209203587418446,2.813986064571004,-1.195244829272642,-0.7655200204462744,42.87999904155731,1.0,1.0005446893877163,1
12:05:14.587433,194,1.151795523977193,2.753673087176863,-0.5494337766495527,-0.8349600223009475,23.9999994635582,1.0,1.1049032457873218,1
12:05:14.587433,194,1.1704623676417472,2.781543474443984,-0.9415605437486724,-0.8349600223009475,61.63999862223864,1.0,0.31892397610972606,1
12:05:14.587433,194,1.149054189284145,2.770814653048621,-0.7745098709913805,-0.8349600223009475,32.119999282062054,1.0,0.6143920772816684,1
12:05:14.587433,194,1.123717923540594,2.764663064549641,-0.5523785322114247,-0.8349600223009475,21.359999522566795,1.0,1.7391757044212612,1
12:05:14.587433,194,1.1943053498020058,2.8275393628789995,-1.3445660822440115,-0.904680024163099,9.519999787211418,0.9519999787211418,1.5948892628841014,1
12:05:14.587433,194,1.1788690935957722,2.8255196658149444,-1.1983352484117786,-0.7655200204462744,36.11999919265509,1.0,0.9106423017170557,1
12:05:14.587433,194,1.1613097604609026,2.8170909497478083,-1.0548741435864657,-0.7655200204462744,70.11999843269587,1.0,0.5709233086448997,1
12:05:14.587433,194,1.1417281659398633,2.802442061138898,-0.9144822583795112,-0.8349600223009475,49.75999888777733,1.0,0.6303074479880455,1
12:05:14.587433,194,1.191192419991369,2.8057291422573787,-1.051829756444847,-0.7655200204462744,90.63999797403812,1.0,0.45817859950252426,1
12:05:14.641984,195,1.3420694744574226,2.6115604182081955,1.011968310477193,-0.904680024163099,35.51999920606613,1.0,1.0659980995245775,1
12:05:14.641984,195,1.2862388736171322,2.6369487730534025,1.0051655212992652,-0.904680024163099,47.51999893784523,1.0,0.43063623206034285,1
12:05:14.641984,195,1.2911107396740582,2.6097822538801254,1.143673239790953,-0.904680024163099,22.63999949395657,1.0,2.220423567358522,1
12:05:14.641984,195,1.406747989917554,2.7395685796353524,0.6790056180836572,-0.904680024163099,11.239999748766422,1.0,2.9992547542888426,1
12:05:14.641984,195,1.38856593756924,2.73868589460012,0.8249317904609825,-0.904680024163099,39.759999111294746,1.0,1.2465154995267234,1
12:05:14.641984,195,1.3665803535139864,2.720569588476061,0.9377568595896556,-0.904680024163099,85.75999808311462,1.0,0.49248665888690096,1
12:05:14.641984,195,1.312499237967127,2.69078576785509,0.9848545849603942,-0.904680024163099,66.75999850779772,1.0,0.17388770840886247,1
12:05:14.641984,195,1.2649498868140014,2.6484681956422964,1.2275080094007944,-0.904680024163099,27.519999384880062,1.0,2.6967252981544476,1
12:05:14.641984,195,1.2788945869584154,2.758902451144059,0.9274855999941928,-0.904680024163099,104.63999766111374,1.0,0.2597387041836349,1
12:05:14.641984,195,1.357157384775023,2.739638775588592,0.790949007870017,-0.904680024163099,37.63999915868044,1.0,1.276758763294795,1
12:05:14.641984,195,1.308254974522277,2.746407374408001,0.9308336457149844,-0.904680024163099,102.11999771744011,1.0,0.22734359169482543,1
12:05:14.641984,195,1.2838157068339306,2.7033251103613245,0.9814946782622316,-0.904680024163099,94.23999789357184,1.0,0.045085119037478444,1
12:05:14.641984,195,1.2609687637435028,2.6793651735153565,1.0897445657730536,-0.904680024163099,63.35999858379364,1.0,0.6209108755641424,1
12:05:14.641984,195,1.2373055054606374,2.660553261618069,1.2242698257321094,-0.904680024163099,32.51999927312136,1.0,2.380553073425171,1
12:05:14.641984,195,1.3443292513283287,2.7524795385360843,0.6413840422400163,-0.904680024163099,8.51999980956316,0.851999980956316,3.3896937376214575,1
12:05:14.641984,195,1.327497888622373,2.75260477266522,0.78747477942427,-0.904680024163099,33.2399992570281,1.0,1.3133674503402204,1
12:05:14.641984,195,1.3694696985566583,2.6648790742610258,0.9917962625874844,-0.904680024163099,47.11999894678593,1.0,0.7566109337441811,1
12:05:14.641984,195,1.3767969663077444,2.7530121811743347,0.675403415907921,-0.904680024163099,9.999999776482582,0.9999999776482582,3.02217112588848,1
12:05:14.641984,195,1.3955395124528005,2.7072294630371245,0.9413313354279488,-0.6958000185841229,66.11999852210283,1.0,0.7909147136955048,1
12:05:14.641984,195,1.5099518725262695,2.651092195787251,0.9563732708528424,-0.6958000185841229,22.879999488592148,1.0,3.0998911552050967,1
12:05:14.641984,195,1.443308678388403,2.76504063854465,0.7750051458058294,-0.904680024163099,11.9999997317791,1.0,2.620318174560329,1
12:05:14.641984,195,1.5698519283151755,2.6991988252127634,0.970829598917849,-0.6958000185841229,19.999999552965164,1.0,4.433151208396336,1
12:05:14.641984,195,1.5395702493094257,2.7030945469683774,0.9359020689243084,-0.6958000185841229,23.23999948054552,1.0,3.502594908391096,1
12:05:14.641984,195,1.255003795205633,2.7155867688944437,0.9782091767604162,-0.904680024163099,123.75999723374844,1.0,0.024085611029967743,1
12:05:14.641984,195,1.5106297767085386,2.717826004303842,0.9319547868279376,-0.6958000185841229,27.119999393820763,1.0,2.775377952041759,1
12:05:14.641984,195,1.4815681590743466,2.665540248156866,0.9525019268882016,-0.6958000185841229,28.999999351799488,1.0,2.3545926282453653,1
12:05:14.641984,195,1.4525065414401546,2.6132544920098915,0.9730490669484656,-0.6958000185841229,19.759999558329586,1.0,2.3041201047354,1
12:05:14.641984,195,1.5048161279805772,2.7490608489269395,0.8136632280066847,-0.904680024163099,11.9999997317791,1.0,3.1765516752780445,1
12:05:14.641984,195,1.4815382423955876,2.732277186238791,0.9280826042987926,-0.6958000185841229,31.5199992954731,1.0,2.1630652784413407,1
12:05:14.641984,195,1.4179909922904586,2.725131152839215,0.8285637725694295,-0.904680024163099,38.87999913096428,1.0,1.452620747932578,1
12:05:14.641984,195,1.453036290047775,2.6797134170867563,0.9487042377192476,-0.6958000185841229,37.51999916136265,1.0,1.721576176194927,1
12:05:14.641984,195,1.397363265425948,2.5850986484064564,1.0190587203258674,-0.0697200018621515,20.87999953329563,1.0,2.127325253649077,1
12:05:14.641984,195,1.3727921335857485,2.5711823709482093,1.154016047250496,-0.904680024163099,15.119999662041664,1.0,3.9481936788744205,1
12:05:14.641984,195,1.473114776533678,2.750955277803761,0.7787793068414517,-0.904680024163099,12.23999972641468,1.0,2.8867904291428275,1
12:05:14.641984,195,1.447274249100442,2.711292869350167,0.8322717294549529,-0.974120026017772,35.759999200701714,1.0,1.7708675679447605,1
12:05:14.641984,195,1.4243591186095534,2.693610285271901,0.9449805831117164,-0.6958000185841229,49.63999889045954,1.0,1.2004776897583438,1
12:05:14.641984,195,1.3964196817194765,2.640773922876662,0.9656752576715502,-0.904680024163099,34.23999923467636,1.0,1.1085588109147462,1
12:05:14.641984,195,1.3697848586108126,2.59846305866888,1.015477737388733,-0.0697200018621515,26.99999939650297,1.0,1.5432335807343047,1
12:05:14.641984,195,1.3456986634270742,2.5843117824135056,1.150498032051274,-0.904680024163099,18.519999586045746,1.0,3.2664834184632117,1
12:05:14.641984,195,1.4245343376999624,2.6271496479347207,0.9693258711397028,-0.904680024163099,25.63999942690134,1.0,1.651674230767012,1
12:05:14.641984,195,1.2326695924577589,2.6914086220567994,1.086517533462288,-0.904680024163099,81.1199981868267,1.0,0.512140402186765,1
12:05:14.641984,195,1.291636289069364,2.726574100123927,0.6935657450062984,-0.904680024163099,28.11999937146902,1.0,2.013531084071329,1
12:05:14.641984,195,1.3141592702458198,2.7653191588555166,0.6379436763443023,-0.904680024163099,6.999999843537808,0.6999999843537809,3.6536920681151153,1
12:05:14.641984,195,1.1263233803707178,2.7821858746328547,0.8217646077613581,-0.904680024163099,31.239999301731583,1.0,2.5622442286919136,1
12:05:14.641984,195,1.1116230218962342,2.803587460911211,1.0525327878794717,-0.904680024163099,43.239999033510685,1.0,1.3761814588500074,1
12:05:14.641984,195,1.089981705429773,2.7570391510548973,1.1009561116928854,-0.904680024163099,45.51999898254872,1.0,1.603647400805647,1
12:05:14.641984,195,1.0689385025878515,2.758821673960677,1.3236130367980985,-0.904680024163099,25.23999943584204,1.0,3.669470006222234,1
12:05:14.641984,195,1.0963442145726228,2.7929206240153643,0.8188882403333642,-0.904680024163099,24.63999944925308,1.0,3.291043622780225,1
12:05:14.641984,195,1.082631022246039,2.8239284367440405,1.0797604846288191,-0.904680024163099,31.75999929010868,1.0,1.915114732195553,1
12:05:14.641984,195,1.0620849827911236,2.79441739716504,1.1870966776581482,-0.904680024163099,34.35999923199415,1.0,2.345802150791684,1
12:05:14.641984,195,1.0404867407266172,2.769009500237371,1.3208832169746294,-0.904680024163099,20.999999530613422,1.0,4.0159751485921245,1
12:05:14.641984,195,1.0662554152715888,2.803365264992675,0.8160896072182608,-0.904680024163099,19.759999558329586,1.0,4.124498905259555,1
12:05:14.641984,195,1.052918576909578,2.83424243501936,1.076996857120211,-0.904680024163099,23.9999994635582,1.0,2.5706662900746293,1
12:05:14.641984,195,1.032936416617222,2.804535657639439,1.1843854979352253,-0.904680024163099,26.519999407231808,1.0,2.905305567854814,1
12:05:14.641984,195,0.993180795058641,2.854006895662701,1.0717009858519913,-0.904680024163099,18.759999580681324,1.0,4.197804159689107,1
12:05:14.641984,195,0.9744785040892684,2.832368371040792,1.2089968599814842,-0.904680024163099,20.87999953329563,1.0,4.412942432621204,1
12:05:14.641984,195,1.2095373945933434,2.6723707035829443,1.2211033517010192,-0.904680024163099,36.75999917834997,1.0,2.169917120957444,1
12:05:14.641984,195,1.1394775738912422,2.7717878759716164,0.6479334637141125,-0.904680024163099,14.119999684393406,1.0,4.922385139658635,1
12:05:14.641984,195,1.0974479900574408,2.7252052047776507,1.2383633569797687,-0.904680024163099,29.999999329447743,1.0,2.5976172056483615,1
12:05:14.641984,195,1.1410997492784474,2.7927075549676283,1.0554480498907814,-0.904680024163099,60.63999864459038,1.0,0.9159544773575452,1
12:05:14.641984,195,1.1188845735331585,2.7463710574640747,1.103814618755326,-0.904680024163099,60.51999864727259,1.0,1.202898751471801,1
12:05:14.641984,195,1.2260663842492576,2.7275695172988645,0.9749984090023462,-0.904680024163099,134.87999698519707,1.0,0.1104409203827679,1
12:05:14.641984,195,1.2049103479044223,2.712699329855062,1.1128369309759218,-0.904680024163099,93.6399979069829,1.0,0.6308488847506077,1
12:05:14.641984,195,1.1818256063103485,2.692178590003988,1.2472128117371053,-0.904680024163099,38.75999913364649,1.0,2.340119752360076,1
12:05:14.641984,195,1.1567332640344643,2.6657778169814845,1.377990604738219,-0.904680024163099,12.23999972641468,1.0,5.312241051605694,1
12:05:14.641984,195,1.2618542196877782,2.738906614767361,0.6902612576669453,-0.904680024163099,23.35999947786331,1.0,2.324470733327698,1
12:05:14.641984,195,1.2155731544466206,2.7482518551196016,0.8308572008858763,-0.904680024163099,71.75999839603901,1.0,1.009409465556188,1
12:05:14.641984,195,1.1970063676816571,2.739272157309788,0.9718626960621072,-0.904680024163099,116.11999740451574,1.0,0.3036862015301368,1
12:05:14.641984,195,1.249406311007317,2.77111330829831,0.9242137106808196,-0.904680024163099,91.35999795794488,1.0,0.40148944320144264,1
12:05:14.641984,195,1.1538141771246255,2.703458957693712,1.244190246324318,-0.904680024163099,37.99999915063381,1.0,2.321461379330077,1
12:05:14.641984,195,1.199791289619328,2.749191521160865,0.6539881387375406,-0.904680024163099,19.519999563694,1.0,3.521896696137812,1
12:05:14.641984,195,1.185940831155282,2.759850373419269,0.8277493872740826,-0.904680024163099,54.11999879032373,1.0,1.4208800302210856,1
12:05:14.641984,195,1.1704623676417472,2.781543474443984,1.0584394562513275,-0.904680024163099,85.87999808043242,1.0,0.5624614203010168,1
12:05:14.641984,195,1.1476755541165924,2.7354243216651355,1.1067477877724086,-0.904680024163099,77.99999825656414,1.0,0.9068613355779427,1
12:05:14.641984,195,1.1256873674878567,2.7144681962564765,1.2412403297421437,-0.904680024163099,34.639999225735664,1.0,2.407441474337501,1
12:05:14.641984,195,1.1696929159110958,2.7606353462159703,0.6509217750557019,-0.904680024163099,16.519999630749226,1.0,4.169508242083427,1
12:05:14.641984,195,1.1763517681061384,2.724200038322487,1.1097553254296892,-0.904680024163099,91.99999794363976,1.0,0.716021230934976,1
12:05:14.641984,195,1.15618991477441,2.771162090311091,0.8247184218679096,-0.904680024163099,40.759999088943005,1.0,1.9386713511256564,1
12:05:14.694384,196,1.340791257428679,2.601022445802144,0.9828638477766432,-0.974120026017772,53.87999879568815,1.0,0.7428114877196584,1
12:05:14.694384,196,1.3147775516392115,2.558452507831463,1.032060626952318,-0.974120026017772,31.239999301731583,1.0,2.3904024825862775,1
12:05:14.694384,196,1.2657223502370671,2.5892596244072577,1.2754446667416892,-0.8349600223009475,19.759999558329586,1.0,4.628647956145657,1
12:05:14.694384,196,1.3600040820679504,2.673936490680149,0.8176913354509794,-0.974120026017772,27.239999391138557,1.0,2.323888950909172,1
12:05:14.694384,196,1.335139250289943,2.6333117737980776,0.8701439046748631,-0.974120026017772,93.1199979186058,1.0,1.0255046309799283,1
12:05:14.694384,196,1.3129681920255327,2.6138392262672783,0.9794296018014432,-0.974120026017772,80.87999819219112,1.0,0.415683426346228,1
12:05:14.694384,196,1.282592971998309,2.692535373653991,0.9518058187367016,-0.974120026017772,117.2399973794818,1.0,1.9194080384002001,1
12:05:14.694384,196,1.23877389872541,2.601355512979715,1.2722035831669625,-0.8349600223009475,23.23999948054552,1.0,4.203343508775801,1
12:05:14.694384,196,1.3310482814104057,2.6869333835861644,0.8142088284926987,-0.974120026017772,28.11999937146902,1.0,2.0990559181753063,1
12:05:14.694384,196,1.2569309694743411,2.638663372899981,0.9727779917584188,-0.974120026017772,117.5199973732233,1.0,0.11582487428196,1
12:05:14.694384,196,1.2325443005902663,2.595363134819018,1.0221704542588763,-0.974120026017772,57.35999871790409,1.0,1.9889335520356415,1
12:05:14.694384,196,1.2117015708617265,2.613190499054039,1.269032408205914,-0.8349600223009475,25.999999418854717,1.0,3.875227360086722,1
12:05:14.694384,196,1.3189550868560764,2.700526589920028,0.6670278677632389,-0.974120026017772,9.359999790787697,0.9359999790787696,4.665836879207436,1
12:05:14.694384,196,1.3634321418533075,2.6202785664703723,0.8736361420531091,-0.974120026017772,67.23999849706888,1.0,1.303141169171786,1
12:05:14.694384,196,1.2600823051736594,2.583324572697572,1.0253961772573497,-0.974120026017772,42.87999904155731,1.0,1.989738523903617,1
12:05:14.694384,196,1.388823883456701,2.660660560724328,0.8212486101614136,-0.974120026017772,25.23999943584204,1.0,2.6560222906288122,1
12:05:14.694384,196,1.419606083132975,2.593395585995311,0.8808394149615433,-0.974120026017772,34.879999220371246,1.0,2.2145748822126583,1
12:05:14.694384,196,1.3419293240425485,2.5456214922724496,1.0354986872094267,-0.974120026017772,22.99999948590994,1.0,2.786567498805287,1
12:05:14.694384,196,1.2727402778224188,2.712084887568611,0.8074695033121739,-0.974120026017772,27.359999388456345,1.0,1.9807892427543403,1
12:05:14.694384,196,1.475212200932601,2.565432857093243,0.8883320055890229,-0.974120026017772,20.119999550282955,1.0,3.5935815885851157,1
12:05:14.694384,196,1.4456962905462072,2.5141039118307207,0.910574156841374,0.4174800111504737,15.119999662041664,1.0,6.249667620083431,1
12:05:14.694384,196,1.4764425928784133,2.631159870896848,0.8622319034985209,-0.974120026017772,17.359999611973763,1.0,5.331082199052971,1
12:05:14.694384,196,1.4474815155022125,2.57954850112348,0.8845497301704757,-0.974120026017772,26.119999416172504,1.0,2.845981424095782,1
12:05:14.694384,196,1.4185204381260117,2.527937131350112,0.9068675568424304,-0.974120026017772,19.63999956101179,1.0,5.520954305307575,1
12:05:14.694384,196,1.3192368575710174,2.564290004051908,1.282135256351217,-0.8349600223009475,16.239999637007713,1.0,5.763213765294427,1
12:05:14.694384,196,1.395827591689394,2.519175910228226,1.0425847595615476,-0.974120026017772,13.519999697804453,1.0,3.9640717968702535,1
12:05:14.694384,196,1.3960323853521497,2.574585878782686,0.989947504560158,-0.974120026017772,26.359999410808086,1.0,1.7427861634499056,1
12:05:14.694384,196,1.3689469046377507,2.5325288566538395,1.0390068483502284,-0.974120026017772,17.359999611973763,1.0,3.311434575703251,1
12:05:14.694384,196,1.345797561987412,2.551418769210132,1.285584093332662,-0.8349600223009475,13.35999970138073,1.0,6.469562128104123,1
12:05:14.694384,196,1.4194314702226067,2.659132798181009,0.8547365802227955,-0.974120026017772,22.63999949395657,1.0,4.0765923194552744,1
12:05:14.694384,196,1.3915886913447717,2.606972727011851,0.877201430990638,-0.974120026017772,47.8799989297986,1.0,1.6999624027117772,1
12:05:14.694384,196,1.3684802448293991,2.587937560481423,0.986369932231384,-0.974120026017772,36.87999917566776,1.0,1.185630220624184,1
12:05:14.694384,196,1.448009431415509,2.6452840069725205,0.858447352643257,-0.974120026017772,19.879999555647373,1.0,4.657160955735751,1
12:05:14.694384,196,1.2538085014800096,2.7047853539088718,0.9485234464201092,-0.974120026017772,121.23999729007484,1.0,1.7660462601983462,1
12:05:14.694384,196,1.1845080738561211,2.624763399141537,1.2659314589733826,-0.8349600223009475,27.119999393820763,1.0,3.6466456246295866,1
12:05:14.694384,196,1.2048830426094412,2.6071351027582867,1.019016164956224,-0.974120026017772,69.87999843806028,1.0,2.1242167511307355,1
12:05:14.694384,196,1.1374457919714485,2.750986998845037,0.936143752970474,-0.974120026017772,38.1199991479516,1.0,2.207400340157189,1
12:05:14.694384,196,1.1157505467228646,2.7065739687761545,0.9865095063324948,-0.904680024163099,40.99999908357859,1.0,1.0614371407815093,1
12:05:14.694384,196,1.0930609778256597,2.6515338912962005,1.00711954542257,-0.974120026017772,33.519999250769615,1.0,4.08677580423169,1
12:05:14.694384,196,1.0745769569862271,2.6684113895545254,1.254236015190981,-0.974120026017772,16.519999630749226,1.0,3.7869435765640445,1
12:05:14.694384,196,1.1247945643021215,2.769992971546761,0.7919530789749949,-0.974120026017772,15.119999662041664,1.0,3.7719898814438304,1
12:05:14.694384,196,1.109119803642128,2.7726878651919584,0.9629089841205652,-0.974120026017772,28.23999936878681,1.0,3.6470290931798566,1
12:05:14.694384,196,1.1546205593380752,2.75898415036871,0.7949028837192724,-0.974120026017772,17.23999961465597,1.0,3.1592352048138026,1
12:05:14.694384,196,1.08692863635692,2.7172121807401157,0.9836590060278404,-0.904680024163099,29.11999934911728,1.0,1.6355166574380804,1
12:05:14.694384,196,1.07959854264123,2.783258650931448,0.9600765506183068,-0.974120026017772,21.639999516308308,1.0,4.031349024178207,1
12:05:14.694384,196,1.0579980340379695,2.7275714671682487,0.9808832435952596,-0.904680024163099,21.51999951899052,1.0,2.3462498133717187,1
12:05:14.694384,196,1.0364829029390694,2.6721043908507536,1.0016076966790228,-0.974120026017772,18.639999583363533,1.0,5.9733488140922155,1
12:05:14.694384,196,1.0499693226905564,2.7935437594107326,0.9573206641072158,-0.974120026017772,16.99999962002039,1.0,4.535253924850416,1
12:05:14.694384,196,1.0289616328020068,2.737650792140593,0.978182496608669,-0.904680024163099,16.519999630749226,1.0,3.198776001072108,1
12:05:14.694384,196,1.0080369772608426,2.681978745689703,0.998961871274148,-0.974120026017772,14.359999679028988,1.0,7.1585582024543495,1
12:05:14.694384,196,1.0648251811953684,2.661955767768317,1.0043270120382493,-0.974120026017772,24.759999446570877,1.0,4.951054172825456,1
12:05:14.694384,196,1.1022278202082496,2.6578981424135697,1.2570530312722288,-0.974120026017772,19.879999555647373,1.0,3.5868689135159855,1
12:05:14.694384,196,1.0468186369687875,2.678657028665869,1.2514907044651558,-0.974120026017772,13.519999697804453,1.0,4.103562802646775,1
12:05:14.694384,196,1.1444608829689134,2.6956578950886527,0.9894344594615796,-0.904680024163099,60.35999865084887,1.0,0.6192412565944568,1
12:05:14.694384,196,1.1211874692739356,2.640839803613318,1.009985017580986,-0.974120026017772,45.87999897450209,1.0,3.3759670625147327,1
12:05:14.694384,196,1.229893794400016,2.661253557939101,0.99865307381693,-0.974120026017772,142.63999681174755,1.0,0.0418453427649003,1
12:05:14.694384,196,1.158833590346972,2.5979755366515382,1.394194029048109,-0.904680024163099,11.9999997317791,1.0,7.321410855136909,1
12:05:14.694384,196,1.2433939056434853,2.724236983515716,0.8042133590168017,-0.974120026017772,25.359999433159828,1.0,2.093129085517863,1
12:05:14.694384,196,1.2015353605074577,2.672996556612696,0.9955065468056206,-0.974120026017772,127.11999715864658,1.0,0.1132815430304251,1
12:05:14.694384,196,1.177101297333807,2.6186392993284477,1.0159336247756807,-0.974120026017772,71.23999840766191,1.0,2.3983446834211986,1
12:05:14.694384,196,1.1571961270355118,2.636073055961896,1.2629010455616942,-0.974120026017772,26.119999416172504,1.0,3.520298356676509,1
12:05:14.694384,196,1.2248986511620037,2.7167566896753086,0.9453157366691703,-0.974120026017772,100.99999774247408,1.0,1.7145561880700102,1
12:05:14.694384,196,1.195866312005103,2.728448183829756,0.9421830102521732,-0.974120026017772,74.23999834060669,1.0,1.768349111808079,1
12:05:14.694384,196,1.1730567740854958,2.6844650512758315,0.9924335729222328,-0.974120026017772,90.3599979802966,1.0,0.30453079164945335,1
12:05:14.694384,196,1.1492018429146158,2.62987457411948,1.012923141968682,-0.974120026017772,60.35999865084887,1.0,2.8144354383319157,1
12:05:14.694384,196,1.1297684615716987,2.6471183385589088,1.2599414710096513,-0.974120026017772,23.35999947786331,1.0,3.499238209374499,1
12:05:14.694384,196,1.1843310932854372,2.747687787446138,0.7979297350417844,-0.974120026017772,19.879999555647373,1.0,2.678246103218388,1
12:05:14.694384,196,1.1667143872188996,2.739858667232592,0.9391255804391344,-0.974120026017772,52.7599988207221,1.0,1.9312309490370838,1
12:05:14.694384,196,1.213923195115704,2.736105012405873,0.8010333302599346,-0.974120026017772,22.63999949395657,1.0,2.32431332423803,1
12:05:14.752170,197,1.3823283697493134,2.6229362315580267,0.7324136948253068,-0.7655200204462744,13.519999697804453,1.0,1.4630297408118713,1
12:05:14.752170,197,1.3536433582480314,2.636150070138523,0.7288730574487474,-0.7655200204462744,14.6399996727705,1.0,1.1751457512122185,1
12:05:14.752170,197,1.3634321418533075,2.6202785664703723,0.8736361420531091,-0.7655200204462744,26.75999940186739,1.0,0.8626091153819001,1
12:05:14.752170,197,1.340791257428679,2.601022445802144,0.9828638477766432,-0.7655200204462744,57.2399987205863,1.0,0.526617549372763,1
12:05:14.752170,197,1.3147775516392115,2.558452507831463,1.032060626952318,-0.904680024163099,50.35999887436628,1.0,1.834822491826479,1
12:05:14.752170,197,1.2657223502370671,2.5892596244072577,1.2754446667416892,-0.8349600223009475,37.87999915331602,1.0,1.5132508051744662,1
12:05:14.752170,197,1.2382875287060238,2.563241314357674,1.403501035861473,-0.7655200204462744,31.63999929279089,1.0,2.6080057961076912,1
12:05:14.752170,197,1.3801956740827928,2.687859324886938,0.7039393377662022,-0.7655200204462744,10.759999759495258,1.0,4.189415938748282,1
12:05:14.752170,197,1.335139250289943,2.6333117737980776,0.8701439046748631,-0.7655200204462744,31.63999929279089,1.0,0.6109480507476373,1
12:05:14.752170,197,1.2569309694743411,2.638663372899981,0.9727779917584188,-0.7655200204462744,98.1199978068471,1.0,0.05799748621868223,1
12:05:14.752170,197,1.2600823051736594,2.583324572697572,1.0253961772573497,-0.904680024163099,64.23999856412411,1.0,1.1993958919912933,1
12:05:14.752170,197,1.23877389872541,2.601355512979715,1.2722035831669625,-0.8349600223009475,43.99999901652336,1.0,1.3644026833901028,1
12:05:14.752170,197,1.2119231910465251,2.5750750217778573,1.400330203514769,-0.7655200204462744,36.63999918103218,1.0,2.426035278175834,1
12:05:14.752170,197,1.3508099749263762,2.7010491789483493,0.7004051270221627,-0.7655200204462744,10.239999771118164,1.0,4.1611970978994295,1
12:05:14.752170,197,1.324822983545008,2.6490861767223643,0.7254068381364043,-0.7655200204462744,14.879999667406082,1.0,1.0177275591446127,1
12:05:14.752170,197,1.3067128459201305,2.6460710456851517,0.8667250680767125,-0.7655200204462744,34.99999921768904,1.0,0.479176162385959,1
12:05:14.752170,197,1.2325443005902663,2.595363134819018,1.0221704542588763,-0.904680024163099,77.35999827086926,1.0,1.0868467726133124,1
12:05:14.752170,197,1.2117015708617265,2.613190499054039,1.269032408205914,-0.8349600223009475,47.9999989271164,1.0,1.3225299301429714,1
12:05:14.752170,197,1.40944335482813,2.6743862909923712,0.7075494263178486,-0.7655200204462744,10.639999762177467,1.0,4.322590260135625,1
12:05:14.752170,197,1.3129681920255327,2.6138392262672783,0.9794296018014432,-0.7655200204462744,77.35999827086926,1.0,0.25034084468648327,1
12:05:14.752170,197,1.2909648676417635,2.531916821015776,1.3817929347141733,-0.7655200204462744,26.359999410808086,1.0,3.181533807221514,1
12:05:14.752170,197,1.4474815155022125,2.57954850112348,0.8845497301704757,-0.7655200204462744,15.239999659359457,1.0,2.3639962373416967,1
12:05:14.752170,197,1.3419293240425485,2.5456214922724496,1.0354986872094267,-0.904680024163099,38.75999913364649,1.0,2.3619034853764758,1
12:05:14.752170,197,1.4456962905462072,2.5141039118307207,0.910574156841374,-0.7655200204462744,18.519999586045746,1.0,5.452259614097277,1
12:05:14.752170,197,1.4225686971512936,2.5055639882790643,1.0462320630552608,-0.7655200204462744,18.759999580681324,1.0,4.814202039579708,1
12:05:14.752170,197,1.4744385421770867,2.6191719630948005,0.8323654463913452,-0.7655200204462744,9.519999787211418,0.9519999787211418,4.463113034654018,1
12:05:14.752170,197,1.1854376620832725,2.5866534818212465,1.3972277644965465,-0.7655200204462744,39.99999910593033,1.0,2.3535612166020945,1
12:05:14.752170,197,1.4185204381260117,2.527937131350112,0.9068675568424304,-0.7655200204462744,23.639999471604824,1.0,4.4428494060049495,1
12:05:14.752170,197,1.395827591689394,2.519175910228226,1.0425847595615476,-1.7396400464640465,23.519999474287037,1.0,3.8482987417449954,1
12:05:14.752170,197,1.372223687775118,2.538291625502761,1.2891015008879796,-0.7655200204462744,20.75999953597784,1.0,3.2211659459491595,1
12:05:14.752170,197,1.4675129762054815,2.6465961010551986,0.7149957852690214,-0.7655200204462744,9.519999787211418,0.9519999787211418,4.914972440259878,1
12:05:14.752170,197,1.4460439744918514,2.633276927761477,0.8285860324996399,-0.7655200204462744,10.639999762177467,1.0,3.9952040170673273,1
12:05:14.752170,197,1.419606083132975,2.593395585995311,0.8808394149615433,-0.7655200204462744,18.23999959230423,1.0,1.7359956896256008,1
12:05:14.752170,197,1.3960323853521497,2.574585878782686,0.989947504560158,-0.7655200204462744,31.119999304413795,1.0,1.4514101748792307,1
12:05:14.752170,197,1.3689469046377507,2.5325288566538395,1.0390068483502284,-1.7396400464640465,29.999999329447743,1.0,3.0320299619292146,1
12:05:14.752170,197,1.345797561987412,2.551418769210132,1.285584093332662,-0.7655200204462744,25.63999942690134,1.0,2.6220627997602017,1
12:05:14.752170,197,1.316956361181836,2.5193214239962494,1.385167861173905,-0.7655200204462744,21.639999516308308,1.0,3.7429237392633636,1
12:05:14.752170,197,1.4385500924188177,2.660631424556752,0.7112350316712708,-0.7655200204462744,10.239999771118164,1.0,4.563396052742199,1
12:05:14.752170,197,1.417504803620664,2.647106921300575,0.8248802968995108,-0.7655200204462744,12.11999972909689,1.0,3.6392860024487717,1
12:05:14.752170,197,1.3915886913447717,2.606972727011851,0.877201430990638,-0.7655200204462744,22.11999950557947,1.0,1.2366507797010684,1
12:05:14.752170,197,1.3684802448293991,2.587937560481423,0.986369932231384,-0.7655200204462744,41.879999063909054,1.0,0.926033120506762,1
12:05:14.752170,197,1.3192368575710174,2.564290004051908,1.282135256351217,-0.8349600223009475,31.359999299049377,1.0,2.139651204180258,1
12:05:14.752170,197,1.3212891959041766,2.7139545342022497,0.6969471475038431,-0.7655200204462744,9.359999790787697,0.9359999790787696,4.235722223203826,1
12:05:14.752170,197,1.475212200932601,2.565432857093243,0.8883320055890229,-0.7655200204462744,12.879999712109566,1.0,3.124432865179722,1
12:05:14.752170,197,1.2494708822945548,2.6707627069923205,0.8601089573696736,-0.7655200204462744,35.11999921500683,1.0,0.5674976467983545,1
12:05:14.752170,197,1.1009053673163276,2.6239500412874,1.1431496895780038,-0.904680024163099,32.51999927312136,1.0,2.3962212725378915,1
12:05:14.752170,197,1.0783367800221453,2.63039207678212,1.3855080432987088,-0.7655200204462744,27.359999388456345,1.0,3.1363818022800283,1
12:05:14.752170,197,1.1492204119476477,2.720799962877748,0.7061911870498911,-0.974120026017772,8.639999806880951,0.8639999806880951,2.7257867947923122,1
12:05:14.752170,197,1.131972164120791,2.704865450566936,0.8185413990254458,-0.974120026017772,18.23999959230423,1.0,1.971160887307487,1
12:05:14.752170,197,1.1157505467228646,2.7065739687761545,0.9865095063324948,-0.904680024163099,43.5199990272522,1.0,2.049246008632748,1
12:05:14.752170,197,1.0930609778256597,2.6515338912962005,1.00711954542257,-0.904680024163099,43.75999902188778,1.0,2.5277321225287324,1
12:05:14.752170,197,1.073287679598826,2.634450674634882,1.1403360533525306,-0.904680024163099,26.6399994045496,1.0,2.9239203575386625,1
12:05:14.752170,197,1.051285255586811,2.640677446885927,1.3827520866855385,-0.7655200204462744,22.63999949395657,1.0,3.597970421800805,1
12:05:14.752170,197,1.1195339127555517,2.7317572959227707,0.7032551785092784,-0.974120026017772,8.119999818503857,0.8119999818503857,3.447390707399738,1
12:05:14.752170,197,1.1027312192278125,2.7156583288268563,0.8156494560116925,-0.974120026017772,15.239999659359457,1.0,2.6690002577407954,1
12:05:14.752170,197,1.08692863635692,2.7172121807401157,0.9836590060278404,-0.904680024163099,32.87999926507473,1.0,2.6847532111299226,1
12:05:14.752170,197,1.0672284290881997,2.6916213345561166,1.0903715337965034,-0.904680024163099,34.23999923467636,1.0,2.362020517851979,1
12:05:14.752170,197,1.0455626640125657,2.6446840210288545,1.1375940364503978,-0.904680024163099,21.87999951094389,1.0,3.58151349502947,1
12:05:14.752170,197,1.0227459261953964,2.6697123284348163,1.4652104082434516,-0.6958000185841229,18.519999586045746,1.0,6.1606730034306985,1
12:05:14.752170,197,1.0733800021367803,2.7261682263225326,0.8128333374651924,-0.974120026017772,12.999999709427357,1.0,3.4910470587230686,1
12:05:14.752170,197,1.0388221839745229,2.701792862484784,1.0876460811022266,-0.904680024163099,27.119999393820763,1.0,3.099541210104928,1
12:05:14.752170,197,1.2958701276535678,2.6617432577097278,0.7220153835073053,-0.7655200204462744,14.119999684393406,1.0,0.988660949675602,1
12:05:14.752170,197,1.1211874692739356,2.640839803613318,1.009985017580986,-0.904680024163099,55.87999875098467,1.0,1.974062214808357,1
12:05:14.752170,197,1.1444608829689134,2.6956578950886527,0.9894344594615796,-0.904680024163099,58.51999869197607,1.0,1.5215393621308007,1
12:05:14.752170,197,1.0579980340379695,2.7275714671682487,0.9808832435952596,-0.904680024163099,25.359999433159828,1.0,3.4290170659286,1
12:05:14.752170,197,1.1787919900613668,2.709556432917715,0.7092038818227571,-0.974120026017772,9.119999796152117,0.9119999796152116,2.1292131227614735,1
12:05:14.752170,197,1.2048830426094412,2.6071351027582867,1.019016164956224,-0.904680024163099,84.35999811440706,1.0,1.1089382371651832,1
12:05:14.752170,197,1.2287224160016037,2.650668256673684,0.9695612928460255,-0.7655200204462744,107.7599975913763,1.0,0.13837294604283,1
12:05:14.752170,197,1.184330396172247,2.6166779698097584,1.237335711834433,-0.8349600223009475,48.239998921751976,1.0,0.9560964269336845,1
12:05:14.752170,197,1.158833590346972,2.5979755366515382,1.394194029048109,-0.7655200204462744,40.23999910056591,1.0,2.389191493531772,1
12:05:14.752170,197,1.133632894252956,2.541478389430217,1.4073682520712163,-0.7655200204462744,17.23999961465597,1.0,5.693440484539937,1
12:05:14.752170,197,1.291636289069364,2.726574100123927,0.6935657450062984,-0.7655200204462744,8.359999813139439,0.8359999813139438,4.41124538342641,1
12:05:14.752170,197,1.1610999127457244,2.693790670821555,0.8215088773145731,-0.7655200204462744,22.11999950557947,1.0,1.3965492199838825,1
12:05:14.752170,197,1.2206610471871973,2.6826926272669698,0.8569123448663136,-0.7655200204462744,31.87999928742647,1.0,0.7847744813935695,1
12:05:14.752170,197,1.2015353605074577,2.672996556612696,0.9955065468056206,-0.7655200204462744,98.35999780148268,1.0,0.7878129352040345,1
12:05:14.752170,197,1.2667876858350435,2.6741200474031186,0.718699032704071,-0.7655200204462744,12.519999720156193,1.0,1.0862765972296555,1
12:05:14.752170,197,1.1570225461776196,2.627985930167532,1.2343057529885244,-0.8349600223009475,44.63999900221825,1.0,1.1173646102457704,1
12:05:14.752170,197,1.1321136362225086,2.609040054072734,1.3912293005404597,-0.7655200204462744,37.51999916136265,1.0,2.531906775580003,1
12:05:14.752170,197,1.2618542196877782,2.738906614767361,0.6902612576669453,-0.7655200204462744,7.239999838173389,0.723999983817339,4.6864871004417825,1
12:05:14.752170,197,1.2375785663092511,2.686215308133939,0.7154581173590038,-0.7655200204462744,10.639999762177467,1.0,1.3093509013908957,1
12:05:14.752170,197,1.1901115523521535,2.68243509705941,0.8245515941337318,-0.7655200204462744,26.99999939650297,1.0,0.944618516157343,1
12:05:14.752170,197,1.1730567740854958,2.6844650512758315,0.9924335729222328,-0.904680024163099,78.23999825119972,1.0,1.1010990343373368,1
12:05:14.752170,197,1.1492018429146158,2.62987457411948,1.012923141968682,-0.904680024163099,69.6399984434247,1.0,1.553043440754672,1
12:05:14.752170,197,1.1284129654194373,2.6131831710409466,1.1460346637655516,-0.8349600223009475,38.87999913096428,1.0,1.99792583204789,1
12:05:14.752170,197,1.177101297333807,2.6186392993284477,1.0159336247756807,-0.904680024163099,80.99999818950891,1.0,1.2645699732576376,1
12:05:14.752170,197,1.1052804716829083,2.6198459276423627,1.3883338754439647,-0.7655200204462744,32.75999926775694,1.0,2.7810610220588328,1
12:05:14.806948,198,1.3333269978096784,2.621486038506008,0.8408828451525534,-0.8349600223009475,20.51999954134226,1.0,0.40581946852391365,1
12:05:14.806948,198,1.3600040820679504,2.673936490680149,0.8176913354509794,-0.8349600223009475,13.23999970406294,1.0,1.6122256032675106,1
12:05:14.806948,198,1.340791257428679,2.601022445802144,0.9828638477766432,-0.6263600167294499,33.11999925971031,1.0,0.625895816364608,1
12:05:14.806948,198,1.2873773275399762,2.505133851778633,1.0522326748420268,-0.6263600167294499,39.99999910593033,1.0,2.827837842530549,1
12:05:14.806948,198,1.3147775516392115,2.558452507831463,1.032060626952318,-0.6263600167294499,55.519998759031296,1.0,1.0675887048151065,1
12:05:14.806948,198,1.38856593756924,2.73868589460012,0.8249317904609825,-0.8349600223009475,7.519999831914902,0.7519999831914902,4.968988351069713,1
12:05:14.806948,198,1.3129681920255327,2.6138392262672783,0.9794296018014432,-0.6263600167294499,39.51999911665917,1.0,0.36396639625161087,1
12:05:14.806948,198,1.1859120110545407,2.5575719917552524,1.2845901436079417,-0.6263600167294499,24.879999443888664,1.0,2.508095572885358,1
12:05:14.806948,198,1.2338219408236646,2.5294875778958845,1.0457071135962204,-0.6263600167294499,46.35999896377325,1.0,1.7443480544127232,1
12:05:14.806948,198,1.359002027417607,2.7519557391700618,0.82137614632478,-0.8349600223009475,6.359999857842922,0.6359999857842922,5.349073126304973,1
12:05:14.806948,198,1.3310482814104057,2.6869333835861644,0.8142088284926987,-0.8349600223009475,11.9999997317791,1.0,1.7120173724425436,1
12:05:14.806948,198,1.3049391780457882,2.634227991583738,0.8374686491153802,-0.8349600223009475,22.51999949663877,1.0,0.2936809629878767,1
12:05:14.806948,198,1.2805682551713922,2.5931286989426963,0.8893995289526786,-0.8349600223009475,46.11999896913767,1.0,0.12437293711071265,1
12:05:14.806948,198,1.2325443005902663,2.595363134819018,1.0221704542588763,-0.6263600167294499,76.87999828159809,1.0,0.26030133103330344,1
12:05:14.806948,198,1.206857833699876,2.541275254002773,1.04254861530274,-0.6263600167294499,50.23999887704849,1.0,1.4268757830435437,1
12:05:14.806948,198,1.3634321418533075,2.6202785664703723,0.8736361420531091,-0.8349600223009475,18.519999586045746,1.0,0.7255633404475172,1
12:05:14.806948,198,1.2600823051736594,2.583324572697572,1.0253961772573497,-0.6263600167294499,67.87999848276377,1.0,0.38084119892368096,1
12:05:14.806948,198,1.390711567071883,2.672704859654793,0.8510999573112692,-0.8349600223009475,14.119999684393406,1.0,2.0371068273286914,1
12:05:14.806948,198,1.397363265425948,2.5850986484064564,1.0190587203258674,-0.6263600167294499,22.879999488592148,1.0,1.630225380734937,1
12:05:14.806948,198,1.3139632516386963,2.4925702371204785,1.055599085243695,-0.6263600167294499,32.87999926507473,1.0,3.5997366136112774,1
12:05:14.806948,198,1.1596584177556923,2.5304025508516075,1.4103360140738523,-0.6958000185841229,18.35999958962202,1.0,4.70209885751164,1
12:05:14.806948,198,1.560844920067631,2.587149654305572,0.8740244054928721,-0.0697200018621515,11.359999746084211,1.0,5.4043870471683215,1
12:05:14.806948,198,1.5047281113189943,2.6167618023557653,0.866089854336672,-0.0697200018621515,12.359999723732471,1.0,3.6104179905892138,1
12:05:14.806948,198,1.4225686971512936,2.5055639882790643,1.0462320630552608,-0.6263600167294499,21.51999951899052,1.0,4.311201553263073,1
12:05:14.806948,198,1.505403670254614,2.682771240670216,0.839914076826566,-0.0697200018621515,10.119999773800371,1.0,4.99472669712992,1
12:05:14.806948,198,1.4764425928784133,2.631159870896848,0.8622319034985209,-0.0697200018621515,13.35999970138073,1.0,2.970834450226673,1
12:05:14.806948,198,1.395827591689394,2.519175910228226,1.0425847595615476,-0.6263600167294499,26.99999939650297,1.0,3.25855928552908,1
12:05:14.806948,198,1.3667382687324403,2.4666757862341777,1.0625374824471263,-0.6263600167294499,21.639999516308308,1.0,5.618866082308457,1
12:05:14.806948,198,1.4179909922904586,2.725131152839215,0.8285637725694295,-0.8349600223009475,8.639999806880951,0.8639999806880951,4.739791961912002,1
12:05:14.806948,198,1.476412779698043,2.6971724279497304,0.8360552903249707,-0.8349600223009475,9.999999776482582,0.9999999776482582,4.748887677545844,1
12:05:14.806948,198,1.419606083132975,2.593395585995311,0.8808394149615433,0.1391600037168245,15.119999662041664,1.0,1.6202620767535327,1
12:05:14.806948,198,1.3689469046377507,2.5325288566538395,1.0390068483502284,-0.6263600167294499,34.23999923467636,1.0,2.3692314185415513,1
12:05:14.806948,198,1.3404177805130926,2.4797504546164904,1.0590341356127813,-0.6263600167294499,26.6399994045496,1.0,4.529063988494816,1
12:05:14.806948,198,1.447274249100442,2.711292869350167,0.8322717294549529,-0.8349600223009475,9.519999787211418,0.9519999787211418,4.665176081022896,1
12:05:14.806948,198,1.4194314702226067,2.659132798181009,0.8547365802227955,-0.8349600223009475,14.51999967545271,1.0,2.1878352766899836,1
12:05:14.806948,198,1.3915886913447717,2.606972727011851,0.877201430990638,0.1391600037168245,16.759999625384808,1.0,1.0928519763828342,1
12:05:14.806948,198,1.3697848586108126,2.59846305866888,1.015477737388733,-0.6263600167294499,27.519999384880062,1.0,1.1093582157401651,1
12:05:14.806948,198,1.3419293240425485,2.5456214922724496,1.0354986872094267,-0.6263600167294499,43.75999902188778,1.0,1.639974946787987,1
12:05:14.806948,198,1.448009431415509,2.6452840069725205,0.858447352643257,-0.8349600223009475,14.119999684393406,1.0,2.4978670863627097,1
12:05:14.806948,198,1.1338791734281122,2.4741516198819693,1.4234442636511575,-0.6958000185841229,5.999999865889549,0.5999999865889549,7.644983161721299,1
12:05:14.806948,198,1.2048830426094412,2.6071351027582867,1.019016164956224,-0.6263600167294499,77.87999825924635,1.0,0.28427760166297417,1
12:05:14.806948,198,1.2477749118517978,2.6588861376418893,0.8308615187922497,-0.8349600223009475,24.119999460875988,1.0,0.5199565405624699,1
12:05:14.806948,198,1.078768272928643,2.601328088570663,1.2728657328023143,-0.6263600167294499,17.999999597668648,1.0,3.0518074656208474,1
12:05:14.806948,198,1.1266779430204688,2.6674302628771223,0.7315698216968425,-0.8349600223009475,22.359999500215054,1.0,1.8708346795381259,1
12:05:14.806948,198,1.1041354740932898,2.614060562876497,0.7569484563437934,-1.0438400278799236,40.3599990978837,1.0,1.6449221070812015,1
12:05:14.806948,198,1.0702813709566406,2.5962754008103737,1.0278113703820502,-0.6263600167294499,24.879999443888664,1.0,1.9687605505933,1
12:05:14.806948,198,1.097573757698399,2.6781726629666176,0.7286914042680901,-0.8349600223009475,20.51999954134226,1.0,2.6088175951696413,1
12:05:14.806948,198,1.0756136026412464,2.624588030010465,0.7541276300269018,-1.0438400278799236,34.11999923735857,1.0,2.196246067952805,1
12:05:14.806948,198,1.0638110178415754,2.6515335135893325,0.975840823089046,-1.0438400278799236,28.759999357163903,1.0,2.2419656804886228,1
12:05:14.806948,198,1.0426340139101604,2.6064800833164736,1.0250770339455246,-0.6263600167294499,20.119999550282955,1.0,2.4838977957718797,1
12:05:14.806948,198,1.0683598159201078,2.6886334057897256,0.7258884566764086,-0.8349600223009475,18.639999583363533,1.0,3.480575228259796,1
12:05:14.806948,198,1.046984170730089,2.6348394752507938,0.7513807635535037,-1.0438400278799236,28.639999359846115,1.0,2.883195910263079,1
12:05:14.806948,198,1.0354957334059318,2.661672470895824,0.973124097666678,-1.0438400278799236,22.99999948590994,1.0,3.035202965873282,1
12:05:14.806948,198,1.037203535949765,2.6857424410861133,0.6944354182983368,-0.8349600223009475,16.8799996227026,1.0,4.280133466276737,1
12:05:14.806948,198,1.018250041279023,2.6448138734615463,0.748708131607946,-1.0438400278799236,24.119999460875988,1.0,3.7030940761241316,1
12:05:14.806948,198,1.2727402778224188,2.712084887568611,0.8074695033121739,-0.8349600223009475,11.239999748766422,1.0,2.3583016809323984,1
12:05:14.806948,198,1.0978217007627076,2.585804180028955,1.0306171255341992,-0.6263600167294499,30.999999307096004,1.0,1.5856587915348328,1
12:05:14.806948,198,1.120119625214507,2.630437660751576,0.9814934398205688,-1.0438400278799236,46.35999896377325,1.0,1.0443003931306472,1
12:05:14.806948,198,1.0920199220666968,2.641121563145809,0.9786306968020207,-1.0438400278799236,36.35999918729067,1.0,1.5774351191616112,1
12:05:14.806948,198,1.155669461492168,2.656407279752248,0.7345234211233342,-0.8349600223009475,23.87999946624041,1.0,1.2694920529552534,1
12:05:14.806948,198,1.1378687322060117,2.639893554196972,0.8450880195873618,-0.8349600223009475,46.63999895751476,1.0,0.9163916006645281,1
12:05:14.806948,198,1.1797730418038246,2.552801891802946,1.0394600620127377,-0.6263600167294499,49.63999889045954,1.0,1.2550725906944094,1
12:05:14.806948,198,1.159297293786667,2.568898577068448,1.2815551942202688,-0.6263600167294499,24.23999945819378,1.0,2.4431475412444175,1
12:05:14.806948,198,1.2433939056434853,2.724236983515716,0.8042133590168017,-0.8349600223009475,10.359999768435957,1.0,2.8980397185239144,1
12:05:14.806948,198,1.2190041818004242,2.6707998648283637,0.8276692452137895,-0.8349600223009475,24.879999443888664,1.0,0.8519179981318498,1
12:05:14.806948,198,1.1946144579573632,2.6173627461410107,0.8511251314107773,-0.8349600223009475,53.23999880999327,1.0,0.22565690291140217,1
12:05:14.806948,198,1.177101297333807,2.6186392993284477,1.0159336247756807,-0.6263600167294499,70.23999843001366,1.0,0.4498019210321921,1
12:05:14.806948,198,1.152570273592007,2.564066338642278,1.036441762578955,-0.6263600167294499,44.87999899685383,1.0,1.2261122885483622,1
12:05:14.806948,198,1.1325666477606748,2.579967521919803,1.2785892793862836,-0.6263600167294499,22.75999949127436,1.0,2.5139035458035535,1
12:05:14.806948,198,1.2244715835028963,2.617326331755542,0.8829157927817317,-0.8349600223009475,51.23999885469675,1.0,0.048174243629775834,1
12:05:14.806948,198,1.2133029129307242,2.633524001500516,0.7406549770510624,-0.8349600223009475,24.879999443888664,1.0,0.4884910904041475,1
12:05:14.806948,198,1.1662999095886033,2.6287651817129465,0.8480698580075292,-0.8349600223009475,51.51999884843826,1.0,0.5009091028721168,1
12:05:14.806948,198,1.1481073173382326,2.619482874787918,0.9844287658727864,-1.0438400278799236,58.23999869823456,1.0,0.6453071597938144,1
12:05:14.806948,198,1.1252522493184545,2.5750674680855234,1.033494018828807,-0.6263600167294499,37.87999915331602,1.0,1.337217048169231,1
12:05:14.806948,198,1.105722746018772,2.5907777194241053,1.2756926956949846,-0.6263600167294499,20.51999954134226,1.0,2.7176714716266526,1
12:05:14.806948,198,1.1843310932854372,2.747687787446138,0.7979297350417844,-0.8349600223009475,8.999999798834324,0.8999999798834324,4.39425812184739,1
12:05:14.806948,198,1.213923195115704,2.736105012405873,0.8010333302599346,-0.8349600223009475,9.63999978452921,0.963999978452921,3.5777685356508004,1
12:05:14.861503,199,1.288881277982797,2.544020460437518,0.6360911100911326,-0.5566400148672983,12.23999972641468,1.0,2.6396816358823383,1
12:05:14.861503,199,1.2630934596095549,2.493119932443,0.6633800740410689,-0.6958000185841229,24.879999443888664,1.0,4.183280700481513,1
12:05:14.861503,199,1.254527002726009,2.540395610487761,0.9119843674536408,-0.6958000185841229,65.51999853551388,1.0,0.5781014042734165,1
12:05:14.861503,199,1.206857833699876,2.541275254002773,1.04254861530274,-0.6263600167294499,61.11999863386154,1.0,0.9654381761093447,1
12:05:14.861503,199,1.1844891538739917,2.524398932271594,1.1730970258257776,-0.6263600167294499,34.879999220371246,1.0,2.491105595722723,1
12:05:14.861503,199,1.1596584177556923,2.5304025508516075,1.4103360140738523,-0.6263600167294499,16.759999625384808,1.0,7.767592791324415,1
12:05:14.861503,199,1.2958701276535678,2.6617432577097278,0.7220153835073053,-0.8349600223009475,12.23999972641468,1.0,4.242409530427637,1
12:05:14.861503,199,1.2607138968563332,2.5563341619064284,0.6327916637267001,-0.5566400148672983,13.759999692440031,1.0,1.9062373804936528,1
12:05:14.861503,199,1.1579063689427669,2.5357119279482108,1.1700657177702514,-0.6263600167294499,37.51999916136265,1.0,2.6216998465440637,1
12:05:14.861503,199,1.1979428572464077,2.5526989095272863,0.8775530911931919,-0.6958000185841229,79.87999821454287,1.0,0.0919686090154767,1
12:05:14.861503,199,1.1786493995328489,2.542647963773409,1.0115538321546726,-0.6263600167294499,74.63999833166599,1.0,0.6994626442226245,1
12:05:14.861503,199,1.2667876858350435,2.6741200474031186,0.718699032704071,-0.8349600223009475,11.359999746084211,1.0,4.706073015718922,1
12:05:14.861503,199,1.2324204453964112,2.5683751762271925,0.6295652836633998,-0.5566400148672983,15.999999642372131,1.0,1.389880599234091,1
12:05:14.861503,199,1.207762290182074,2.5169873613133547,0.6569848157498499,-0.5566400148672983,35.759999200701714,1.0,2.264632835796494,1
12:05:14.861503,199,1.1923400919551426,2.5169652175123165,0.7939995547392946,-0.6958000185841229,93.1199979186058,1.0,0.8946769324354414,1
12:05:14.861503,199,1.324822983545008,2.6490861767223643,0.7254068381364043,-0.8349600223009475,12.639999717473984,1.0,3.985397292234209,1
12:05:14.861503,199,1.2354896488607103,2.5051872625025275,0.6601466426968186,-0.6958000185841229,29.999999329447743,1.0,3.1149462522348,1
12:05:14.861503,199,1.1514725398467962,2.553901682101257,1.0085384074168786,-0.6263600167294499,83.23999813944101,1.0,0.8217620227487389,1
12:05:14.861503,199,1.2338219408236646,2.5294875778958845,1.0457071135962204,-0.6958000185841229,47.9999989271164,1.0,1.1121595770012291,1
12:05:14.861503,199,1.464920557129791,2.6332871480799227,0.6850446219038147,-0.8349600223009475,9.119999796152117,0.9119999796152116,7.347585010150333,1
12:05:14.861503,199,1.3689469046377507,2.5325288566538395,1.0390068483502284,-0.6958000185841229,27.759999379515648,1.0,2.8762842177505235,1
12:05:14.861503,199,1.3404177805130926,2.4797504546164904,1.0590341356127813,-0.6958000185841229,22.75999949127436,1.0,3.773780754354995,1
12:05:14.861503,199,1.3155736146735255,2.4640144731146187,1.189276992892279,-0.6958000185841229,17.11999961733818,1.0,4.802578305716062,1
12:05:14.861503,199,1.408382783432239,2.59636875113048,0.7066599514494039,0.3480400092958007,10.359999768435957,1.0,4.393807693945097,1
12:05:14.861503,199,1.3406512404961994,2.535310037463241,1.00698280965857,-0.6958000185841229,33.99999924004078,1.0,2.1243988271812677,1
12:05:14.861503,199,1.3139632516386963,2.4925702371204785,1.055599085243695,-0.6958000185841229,28.879999354481697,1.0,2.785810067759117,1
12:05:14.861503,199,1.2896094110634748,2.4765966455188404,1.185905609957539,-0.6958000185841229,20.87999953329563,1.0,3.926866031822054,1
12:05:14.861503,199,1.4069535180100534,2.66102824555953,0.6776114172370007,-0.8349600223009475,9.359999790787697,0.9359999790787696,6.755265807252703,1
12:05:14.861503,199,1.3823283697493134,2.6229362315580267,0.7324136948253068,-0.8349600223009475,11.519999742507936,1.0,4.117188674720451,1
12:05:14.861503,199,1.313525328049077,2.5481288324756317,1.00354802388706,-0.6958000185841229,42.11999905854464,1.0,1.6051612543749554,1
12:05:14.861503,199,1.2873773275399762,2.505133851778633,1.0522326748420268,-0.6958000185841229,37.11999917030335,1.0,2.01669737830854,1
12:05:14.861503,199,1.2372967335558478,2.5010054976640346,1.1793652777370631,-0.6958000185841229,25.51999942958355,1.0,2.8065503762967916,1
12:05:14.861503,199,1.3536433582480314,2.636150070138523,0.7288730574487474,-0.8349600223009475,12.23999972641468,1.0,3.9414830932134777,1
12:05:14.861503,199,1.3169197720612884,2.531435303180292,0.639463292814825,-0.6958000185841229,10.759999759495258,1.0,3.5962174374113824,1
12:05:14.861503,199,1.2982412740461475,2.5201220376737217,0.7505363465399384,-0.6958000185841229,20.75999953597784,1.0,2.3295630322470204,1
12:05:14.861503,199,1.2818181493491427,2.5281459022466315,0.9152666668843684,-0.6958000185841229,52.63999882340431,1.0,1.072520166669611,1
12:05:14.861503,199,1.2109534908821948,2.5128297365402417,1.176196982479071,-0.6958000185841229,30.35999932140112,1.0,2.550936189238426,1
12:05:14.861503,199,1.1312077943447427,2.5467675922800024,1.1671033614407582,-0.6263600167294499,37.239999167621136,1.0,2.9374237189689505,1
12:05:14.861503,199,1.0043173690662175,2.527464238404308,0.8022646172014605,-1.4613200390303973,35.879999198019505,1.0,1.8624660528168713,1
12:05:14.861503,199,1.204003752924472,2.5801422993084664,0.6264122925365347,-0.5566400148672983,18.11999959498644,1.0,1.084679049264341,1
12:05:14.861503,199,1.0233091640550338,2.5883952133128365,1.1559492740021813,-0.6263600167294499,20.63999953866005,1.0,5.94808122368007,1
12:05:14.861503,199,1.060171548368278,2.634829326660414,0.6117589477211218,-1.4613200390303973,18.23999959230423,1.0,2.523771738501071,1
12:05:14.861503,199,1.0366933585691895,2.568281126986337,0.6119063991258353,-1.4613200390303973,40.8799990862608,1.0,1.6689818422336191,1
12:05:14.861503,199,1.0156114729688477,2.516053331311663,0.640134254792418,-1.4613200390303973,60.35999865084887,1.0,2.9984385833873333,1
12:05:14.861503,199,1.037203535949765,2.6857424410861133,0.6944354182983368,-0.7655200204462744,16.639999628067017,1.0,6.143767734327942,1
12:05:14.861503,199,1.008241657006772,2.578157486791855,0.6092600364917877,-1.4613200390303973,35.999999195337296,1.0,2.059078113853064,1
12:05:14.861503,199,0.9877383566867506,2.525728848422621,0.6375417077961834,-1.4613200390303973,48.51999891549349,1.0,3.087943369671105,1
12:05:14.861503,199,1.0366283909024128,2.552869162100818,0.8866449255524707,-1.4613200390303973,45.99999897181988,1.0,1.2030811453502896,1
12:05:14.861503,199,1.0078308358995725,2.695619280749572,0.6917889270867414,-0.7655200204462744,15.119999662041664,1.0,7.555429519633592,1
12:05:14.861503,199,0.9597664673965126,2.535134652626238,0.6350214301556587,-1.4613200390303973,39.11999912559986,1.0,3.3572983008716046,1
12:05:14.861503,199,0.9474167770927812,2.5340313475895737,0.770209171710565,-1.4613200390303973,22.51999949663877,1.0,3.0119658103046616,1
12:05:14.861503,199,0.9510386391475192,2.597083311623796,0.6041888770119761,-1.4613200390303973,26.519999407231808,1.0,3.3660648060797023,1
12:05:14.861503,199,0.9316986022636284,2.5442698033499744,0.6325736738964971,-1.4613200390303973,31.75999929010868,1.0,3.801747738375285,1
12:05:14.861503,199,0.9222930431045449,2.606130884083593,0.6017645872779116,-0.7655200204462744,22.75999949127436,1.0,4.273079060788042,1
12:05:14.861503,199,0.9035375680510952,2.553133387086412,0.6301986837922731,-1.4613200390303973,26.119999416172504,1.0,4.4166228043334925,1
12:05:14.861503,199,1.2375785663092511,2.686215308133939,0.7154581173590038,-0.8349600223009475,10.119999773800371,1.0,5.370019118338004,1
12:05:14.861503,199,0.9796891321233594,2.587758535036601,0.6066874433681158,-1.4613200390303973,30.999999307096004,1.0,2.6264336988564514,1
12:05:14.861503,199,1.073391731788836,2.509402508320001,0.6726134261700201,-1.4613200390303973,74.23999834060669,1.0,2.332505097115365,1
12:05:14.861503,199,0.9750287411494548,2.524746571545325,0.7726970199535255,-1.4613200390303973,28.11999937146902,1.0,2.5651421168781505,1
12:05:14.861503,199,1.1180427058047635,2.613788691738584,0.6173967688566642,-0.5566400148672983,19.35999956727028,1.0,1.3778231945784671,1
12:05:14.861503,199,1.0932829215125222,2.547706450635974,0.6174193670384469,-1.4613200390303973,44.87999899685383,1.0,1.4409446195974431,1
12:05:14.861503,199,1.1627898085985302,2.5159133102226274,0.7633408102943409,-1.4613200390303973,100.3599977567792,1.0,1.024625503791879,1
12:05:14.861503,199,1.1202913697400356,2.5328322066837266,0.922499577215879,-1.4613200390303973,82.23999816179276,1.0,0.4631907965705137,1
12:05:14.861503,199,1.1043960999150109,2.5575648197097984,1.1642102530704492,-0.6263600167294499,34.23999923467636,1.0,3.433048159048714,1
12:05:14.861503,199,1.1787919900613668,2.709556432917715,0.7092038818227571,-0.8349600223009475,8.759999804198742,0.8759999804198741,7.273694413400092,1
12:05:14.861503,199,1.1494351858837086,2.526042735581361,0.6232241419923885,-0.5566400148672983,45.35999898612499,1.0,1.9839255812657723,1
12:05:14.861503,199,1.1075557946907948,2.5378438952849898,0.7574645277373389,-1.4613200390303973,98.5199977979064,1.0,0.532315389648,1
12:05:14.861503,199,1.092981753755841,2.5435215838761707,0.919635367229572,-1.4613200390303973,72.11999838799238,1.0,0.604012860235744,1
12:05:14.861503,199,1.1754666610859557,2.5916343544478,0.6233330056425768,-0.5566400148672983,19.519999563694,1.0,0.9847753036076852,1
12:05:14.861503,199,1.0774739668005515,2.5681025305239014,1.1613866819677376,-0.6263600167294499,29.759999334812164,1.0,4.103412883443838,1
12:05:14.861503,199,1.0504440871921208,2.5783796709600586,1.158632930487368,-0.6263600167294499,24.99999944120645,1.0,4.943428939668291,1
12:05:14.861503,199,1.064116497817623,2.5427232590659683,0.889363512077143,-1.4613200390303973,58.63999868929386,1.0,0.8172871228611485,1
12:05:14.861503,199,1.1010120969626664,2.4989008569659616,0.6754273351695281,-1.4613200390303973,88.2399980276823,1.0,2.679834732609131,1
12:05:14.861503,199,1.1214151239845531,2.5370101915415275,0.6202854210248381,-1.4613200390303973,46.63999895751476,1.0,1.6134058541161855,1
12:05:14.861503,199,1.1773403052272735,2.514805179491882,0.6262352360714636,-0.5566400148672983,41.23999907821417,1.0,2.5579066221251763,1
12:05:14.861503,199,1.146812023566138,2.6028501924493064,0.6203277309076345,-0.5566400148672983,19.999999552965164,1.0,1.0843896919879112,1
12:05:15.166961,200,1.1860423775043234,2.490622284278804,1.3031840649468496,-0.6263600167294499,72.51999837905169,1.0,0.805222372769023,1
12:05:15.166961,200,1.2599771034407403,2.4518151957258025,1.0724047227317357,-0.6263600167294499,74.75999832898378,1.0,2.8891196819078995,1
12:05:15.166961,200,1.1844304297267176,2.451757722724101,1.4294446903099942,-0.6263600167294499,34.35999923199415,1.0,2.3480596214795297,1
12:05:15.166961,200,1.3084259066502946,2.580624713397056,0.8927499617818033,-0.6263600167294499,18.759999580681324,1.0,3.1463244031692925,1
12:05:15.166961,200,1.2862680641696227,2.560684974732469,1.0001836157092898,-0.6263600167294499,104.75999765843152,1.0,1.9500023432225893,1
12:05:15.166961,200,1.2338219408236646,2.5294875778958845,1.0457071135962204,-0.6263600167294499,206.35999538749456,1.0,0.25050791596254973,1
12:05:15.166961,200,1.2102869720272067,2.503909608192512,1.148521771893315,-0.6263600167294499,119.51999732851982,1.0,0.31443499988999685,1
12:05:15.166961,200,1.2873773275399762,2.505133851778633,1.0522326748420268,-0.6263600167294499,125.11999720335008,1.0,0.8000508357655773,1
12:05:15.166961,200,1.211843700517209,2.479041287572895,1.3062871836617451,-0.6263600167294499,51.35999885201454,1.0,1.0085633693615845,1
12:05:15.166961,200,1.2244715835028963,2.617326331755542,0.8829157927817317,-0.4872000130126253,23.23999948054552,1.0,2.6024841947962827,1
12:05:15.166961,200,1.2313703977903891,2.585004304955275,0.9936672708156232,-0.6263600167294499,138.7599968984723,1.0,1.53223779832573,1
12:05:15.166961,200,1.206857833699876,2.541275254002773,1.04254861530274,-0.6263600167294499,331.9999925792217,1.0,0.11714350282948491,1
12:05:15.166961,200,1.1838372012098055,2.515472436142483,1.1454235214819002,-0.6263600167294499,194.7599956467748,1.0,0.19793554989571127,1
12:05:15.166961,200,1.1601224512473547,2.501953484456467,1.3001478790099692,-0.6263600167294499,98.75999779254198,1.0,0.6932754198636097,1
12:05:15.166961,200,1.1338791734281122,2.4741516198819693,1.4234442636511575,-0.6263600167294499,45.35999898612499,1.0,2.0645817365531247,1
12:05:15.166961,200,1.106603881997304,2.4357525423175965,1.5161201950831713,-0.6263600167294499,13.639999695122242,1.0,4.812558027844716,1
12:05:15.166961,200,1.2037354850112547,2.5967650610085964,0.9905159857287564,-0.6263600167294499,139.23999688774347,1.0,1.4463427026334261,1
12:05:15.166961,200,1.313525328049077,2.5481288324756317,1.00354802388706,-0.6263600167294499,71.63999839872122,1.0,2.28089526605077,1
12:05:15.166961,200,1.1797730418038246,2.552801891802946,1.0394600620127377,-0.6263600167294499,397.9999911040068,1.0,0.07876892122458655,1
12:05:15.166961,200,1.1592127617299066,2.4630767442276085,1.426411767639019,-0.6263600167294499,40.759999088943005,1.0,2.159836633411664,1
12:05:15.166961,200,1.336152716634732,2.5678522732859514,0.8961723267949486,-0.6263600167294499,15.239999659359457,1.0,3.489585141722558,1
12:05:15.166961,200,1.4185204381260117,2.527937131350112,0.9068675568424304,-0.6263600167294499,8.239999815821648,0.8239999815821648,5.004774239470436,1
12:05:15.166961,200,1.2630802284862246,2.455134561799845,1.3126929715263065,-0.6263600167294499,36.87999917566776,1.0,1.6885005369924666,1
12:05:15.166961,200,1.421213810859739,2.495290685133914,1.0177059627968297,-0.6263600167294499,22.239999502897263,1.0,4.420521848145949,1
12:05:15.166961,200,1.3915954340765833,2.4432883339527875,1.0381771647253637,-0.6263600167294499,30.35999932140112,1.0,3.297508172295462,1
12:05:15.166961,200,1.3632754713886452,2.4011310905797885,1.085985487774704,-0.6263600167294499,19.759999558329586,1.0,5.267864697490215,1
12:05:15.166961,200,1.3389813925686558,2.417430756994289,1.3227956755755357,-0.6263600167294499,16.239999637007713,1.0,3.3950305338075024,1
12:05:15.166961,200,1.1572690476641032,2.5267792050523563,1.1423938818834942,-0.6263600167294499,270.8799939453602,1.0,0.17878180347926947,1
12:05:15.166961,200,1.3944981742256604,2.508889642783715,1.0140621330766606,-0.6263600167294499,27.87999937683344,1.0,3.7620771843817145,1
12:05:15.166961,200,1.3667382687324403,2.4666757862341777,1.0625374824471263,-0.6263600167294499,40.11999910324812,1.0,2.3308633281496034,1
12:05:15.166961,200,1.3376489457754868,2.41417566224013,1.0824902053327057,-0.6263600167294499,25.75999942421913,1.0,4.50395295808909,1
12:05:15.166961,200,1.313811541227275,2.430242869508449,1.31936268037403,-0.6263600167294499,20.75999953597784,1.0,2.73388556894091,1
12:05:15.166961,200,1.2345079296668051,2.428391794041512,1.435705572030897,-0.6263600167294499,27.99999937415123,1.0,3.0025262205884564,1
12:05:15.166961,200,1.2840916429169855,2.404063179893712,1.4422244045447687,-0.6263600167294499,18.23999959230423,1.0,4.02874247890091,1
12:05:15.166961,200,1.3676430889424709,2.5222298715640576,1.010487629548121,-0.6263600167294499,36.35999918729067,1.0,3.18651812680229,1
12:05:15.166961,200,1.3404177805130926,2.4797504546164904,1.0590341356127813,-0.6263600167294499,55.35999876260757,1.0,1.72596134607733,1
12:05:15.166961,200,1.3118886563884344,2.4269720525791407,1.079061422875334,-0.6263600167294499,34.99999921768904,1.0,3.8533355986186093,1
12:05:15.166961,200,1.2885103098324835,2.442811223385253,1.3159950001025515,-0.6263600167294499,27.239999391138557,1.0,2.1652964013369926,1
12:05:15.166961,200,1.2593627539020429,2.41634722343572,1.4389329049978987,-0.6263600167294499,22.63999949395657,1.0,3.4689600982118605,1
12:05:15.166961,200,1.3637459124669362,2.554812655842693,0.8996662817584804,-0.6263600167294499,12.23999972641468,1.0,3.9135127128049882,1
12:05:15.166961,200,1.3406512404961994,2.535310037463241,1.00698280965857,-0.6263600167294499,49.75999888777733,1.0,2.6929791483515984,1
12:05:15.166961,200,1.3139632516386963,2.4925702371204785,1.055599085243695,-0.6263600167294499,80.63999819755554,1.0,1.215870219402546,1
12:05:15.166961,200,1.2859971792348446,2.439518981968508,1.075699483277963,-0.6263600167294499,49.63999889045954,1.0,3.3152283259276354,1
12:05:15.166961,200,1.391202734850441,2.541507165018102,0.9032314772798292,-0.6263600167294499,9.999999776482582,0.9999999776482582,4.418380679362092,1
12:05:15.166961,200,1.1340865137172131,2.5130337549953587,1.2971789294671547,-0.6263600167294499,118.35999735444784,1.0,0.6732856924073571,1
12:05:15.166961,200,1.2805682551713922,2.5931286989426963,0.8893995289526786,-0.6263600167294499,21.87999951094389,1.0,2.8837687230648488,1
12:05:15.166961,200,1.1962381729334717,2.6290175592797387,0.8797831378080947,-0.4872000130126253,21.639999516308308,1.0,2.585389898845468,1
12:05:15.166961,200,1.082136713409361,2.673038250771464,0.8679878290726275,-0.6958000185841229,10.359999768435957,1.0,3.3742312733655293,1
12:05:15.166961,200,1.0638110178415754,2.6515335135893325,0.975840823089046,-0.6958000185841229,26.87999939918518,1.0,2.2932920058821864,1
12:05:15.166961,200,1.0426340139101604,2.6064800833164736,1.0250770339455246,-0.6958000185841229,49.11999890208244,1.0,1.353183462150542,1
12:05:15.166961,200,1.0233091640550338,2.5883952133128365,1.1559492740021813,-0.6263600167294499,43.119999036192894,1.0,1.3319202480492713,1
12:05:15.166961,200,1.0022581734114386,2.5646332668668506,1.2833528819313484,-0.6263600167294499,34.11999923735857,1.0,1.9909192713308408,1
12:05:15.166961,200,0.9782634233025934,2.553597970674113,1.4884701240272589,-0.6263600167294499,20.51999954134226,1.0,3.7752610612635205,1
12:05:15.166961,200,1.053333656922309,2.683351866397767,0.8652243040945145,-0.6958000185841229,9.239999793469906,0.9239999793469906,3.7960316238722474,1
12:05:15.166961,200,1.0354957334059318,2.661672470895824,0.973124097666678,-0.6958000185841229,21.119999527931213,1.0,2.7308230282399695,1
12:05:15.166961,200,1.0148823943358087,2.6164172070875544,1.0224143896559754,-0.6958000185841229,35.759999200701714,1.0,1.91360879028586,1
12:05:15.166961,200,0.9960719108588706,2.598148156036392,1.153335980875578,-0.6263600167294499,30.999999307096004,1.0,1.8815797010172586,1
12:05:15.166961,200,1.0244252679520491,2.693386754829371,0.8625354638431297,-0.6958000185841229,8.239999815821648,0.8239999815821648,4.312858231324369,1
12:05:15.166961,200,1.0035928625676145,2.638614848582033,0.8856666019250805,-0.6958000185841229,17.23999961465597,1.0,3.3617334679783015,1
12:05:15.166961,200,0.9870292873722928,2.6260857784195637,1.019823703775601,-0.6958000185841229,27.119999393820763,1.0,2.581301423572272,1
12:05:15.166961,200,0.9687350513061314,2.607637523844621,1.1507933124346803,-1.5307600408850703,23.23999948054552,1.0,2.535443695003155,1
12:05:15.166961,200,0.9488067312856616,2.583479734467492,1.2783029861575774,-0.6263600167294499,19.759999558329586,1.0,3.2109527880350015,1
12:05:15.166961,200,0.9590774783069738,2.635484830463468,1.0173052353708187,-0.6958000185841229,21.359999522566795,1.0,3.359147870187085,1
12:05:15.166961,200,0.9137734574703228,2.625821765451947,1.1459208595810253,-1.5307600408850703,17.999999597668648,1.0,4.167172066141782,1
12:05:15.166961,200,1.1084321981589398,2.4849812422088977,1.4205424750943232,-0.6263600167294499,46.35999896377325,1.0,2.0628317527908107,1
12:05:15.166961,200,1.0042038758379253,2.5440233092790807,1.4910356468158594,-0.5566400148672983,25.23999943584204,1.0,3.3775019530067625,1
12:05:15.166961,200,1.0288348908438003,2.554823759108274,1.285981331613406,-0.6263600167294499,46.879998952150345,1.0,1.5334227518963992,1
12:05:15.166961,200,0.9755812310014288,2.5741855770609283,1.2807933481289937,-0.6263600167294499,25.63999942690134,1.0,2.5492947173778413,1
12:05:15.166961,200,1.0702813709566406,2.5962754008103737,1.0278113703820502,-0.6958000185841229,70.99999841302633,1.0,0.8974197905447837,1
12:05:15.166961,200,1.1759801996921095,2.608258300724258,0.9874363814285274,-0.6263600167294499,105.2399976477027,1.0,1.443591147626944,1
12:05:15.166961,200,1.0504440871921208,2.5783796709600586,1.158632930487368,-0.6263600167294499,63.35999858379364,1.0,0.8839563634969586,1
12:05:15.166961,200,1.152570273592007,2.564066338642278,1.036441762578955,-0.6263600167294499,297.1199933588505,1.0,0.13628193387807885,1
12:05:15.166961,200,1.130585168183195,2.5378287842547134,1.1394331560595188,-0.6263600167294499,247.23999447375536,1.0,0.25783582357545937,1
12:05:15.166961,200,1.107937168485838,2.52386198787771,1.2942775132108726,-0.6263600167294499,114.23999744653702,1.0,0.746081220965474,1
12:05:15.166961,200,1.167885139548963,2.640435492994426,0.8767237116900122,-0.4872000130126253,17.999999597668648,1.0,2.6522689597680693,1
12:05:15.166961,200,1.1481073173382326,2.619482874787918,0.9844287658727864,-0.6263600167294499,71.51999840140343,1.0,1.5252223819382746,1
12:05:15.166961,200,1.1252522493184545,2.5750674680855234,1.033494018828807,-0.6263600167294499,179.2399959936738,1.0,0.2908669261604678,1
12:05:15.166961,200,1.1043960999150109,2.5575648197097984,1.1642102530704492,-0.6263600167294499,161.63999638706446,1.0,0.28443921345013523,1
12:05:15.166961,200,1.0816770304658454,2.5344371002893022,1.2914439203803183,-0.6263600167294499,90.75999797135592,1.0,0.9127544717024103,1
12:05:15.166961,200,1.0828743805985968,2.495564528255233,1.41770669214494,-0.6263600167294499,43.239999033510685,1.0,2.155375939891379,1
12:05:15.166961,200,1.1394153186289546,2.6515789911157994,0.8737378203675323,-0.4872000130126253,13.879999689757824,1.0,2.8047152861894293,1
12:05:15.166961,200,1.120119625214507,2.630437660751576,0.9814934398205688,-0.6958000185841229,49.11999890208244,1.0,1.69277508666937,1
12:05:15.166961,200,1.0978217007627076,2.585804180028955,1.0306171255341992,-0.6263600167294499,109.23999755829573,1.0,0.5439943116062331,1
12:05:15.166961,200,1.0774739668005515,2.5681025305239014,1.1613866819677376,-0.6263600167294499,98.87999778985976,1.0,0.535450808300918,1
12:05:15.166961,200,1.055308725649036,2.5447580347277565,1.2886784343323998,-0.6263600167294499,65.63999853283167,1.0,1.1746617972525129,1
12:05:15.166961,200,1.0300439088269957,2.534198565264284,1.493668179040467,-0.5566400148672983,30.999999307096004,1.0,3.0684380604866464,1
12:05:15.166961,200,1.0920199220666968,2.641121563145809,0.9786306968020207,-0.6958000185841229,35.51999920606613,1.0,1.9480866028080204,1
12:05:15.166961,200,1.057208276507427,2.5059004197012382,1.4149371983789272,-0.6263600167294499,37.51999916136265,1.0,2.343255596953404,1
12:05:15.166961,200,1.1108315571316865,2.662446939303383,0.8708257624272862,-0.6958000185841229,11.639999739825726,1.0,3.044632158944205,1
12:05:15.198284,201,1.3169197720612884,2.531435303180292,0.639463292814825,-0.6958000185841229,13.999999687075617,1.0,2.0214230690038724,1
12:05:15.198284,201,1.3403383915426934,2.5679185581916486,0.583423665187182,-0.6958000185841229,6.359999857842922,0.6359999857842922,4.730780896231039,1
12:05:15.198284,201,1.1575018802370645,2.396015926907316,1.4424165175342547,-0.6263600167294499,36.999999172985554,1.0,3.54087662206282,1
12:05:15.198284,201,1.1844304297267176,2.451757722724101,1.4294446903099942,-0.6263600167294499,54.239998787641525,1.0,2.1584966142293447,1
12:05:15.198284,201,1.211843700517209,2.479041287572895,1.3062871836617451,-0.6263600167294499,30.23999932408333,1.0,1.7271391222178545,1
12:05:15.198284,201,1.298792160949133,2.456458284624188,0.7792717363894144,-0.6958000185841229,8.639999806880951,0.8639999806880951,0.5334290304502225,1
12:05:15.198284,201,1.2799619710536367,2.45210668982246,0.91364414862682,-0.5566400148672983,18.639999583363533,1.0,0.342359876612702,1
12:05:15.198284,201,1.3179194085167978,2.468188432071651,0.6700604494316678,-0.6958000185841229,16.8799996227026,1.0,0.8280318620594475,1
12:05:15.198284,201,1.372598896939662,2.505455682341121,0.6464245112383478,-0.6958000185841229,15.87999964505434,1.0,2.2553844700380594,1
12:05:15.198284,201,1.2905709620706591,2.480786577857665,0.6666847864421759,-0.6958000185841229,17.639999605715275,1.0,0.7441474697702448,1
12:05:15.198284,201,1.3970076513300016,2.541476945006693,0.590508674086667,-0.6958000185841229,7.519999831914902,0.7519999831914902,4.922597650261007,1
12:05:15.198284,201,1.254422264794099,2.410780612282824,0.9636918051914488,-0.5566400148672983,22.99999948590994,1.0,1.6027868463732344,1
12:05:15.198284,201,1.2718406283828465,2.4688735908133457,0.7759450651222446,-0.6958000185841229,10.759999759495258,1.0,0.41153360307885145,1
12:05:15.198284,201,1.2706004632336405,2.5325286936738203,0.7472119930839414,-0.4872000130126253,16.99999962002039,1.0,1.2765912111534852,1
12:05:15.198284,201,1.2283914620698455,2.422771781444589,0.9604787810982488,-0.5566400148672983,28.359999366104603,1.0,1.4231167501452027,1
12:05:15.198284,201,1.1860423775043234,2.490622284278804,1.3031840649468496,-0.6263600167294499,37.35999916493893,1.0,1.4920167297488496,1
12:05:15.198284,201,1.1592127617299066,2.4630767442276085,1.426411767639019,-0.6263600167294499,65.87999852746725,1.0,1.8928370898117652,1
12:05:15.198284,201,1.1328575470715974,2.4070776054524834,1.4394525497011443,-0.6263600167294499,40.51999909430742,1.0,3.29465961134707,1
12:05:15.198284,201,1.10500844222735,2.3685292803123943,1.5302060975461351,-0.6263600167294499,7.1199998408555984,0.7119999840855599,6.6104865147474285,1
12:05:15.198284,201,1.3118012924332914,2.5807275157252274,0.5799915153601751,-0.6958000185841229,5.239999882876873,0.5239999882876873,4.735563105721357,1
12:05:15.198284,201,1.288881277982797,2.544020460437518,0.6360911100911326,-0.4174800111504737,11.759999737143517,1.0,2.0168350673669155,1
12:05:15.198284,201,1.2447619128192702,2.4810279487734164,0.7726883147223247,-0.6958000185841229,13.999999687075617,1.0,0.375919385671005,1
12:05:15.198284,201,1.226715065988951,2.4763201372839774,0.9071561749335328,-0.5566400148672983,30.23999932408333,1.0,0.08850253771650918,1
12:05:15.198284,201,1.2022378212285327,2.4345109170028514,0.957333289205573,-0.5566400148672983,35.35999920964241,1.0,1.334791888392861,1
12:05:15.198284,201,1.1601224512473547,2.501953484456467,1.3001478790099692,-0.6263600167294499,45.11999899148941,1.0,1.324846490951208,1
12:05:15.198284,201,1.206440846075351,2.373181232944054,1.4485350553411225,-0.6263600167294499,31.359999299049377,1.0,4.280733553216361,1
12:05:15.198284,201,1.2534011880556464,2.464341996023797,0.910365708211024,-0.5566400148672983,23.639999471604824,1.0,0.17385351116880135,1
12:05:15.198284,201,1.2345079296668051,2.428391794041512,1.435705572030897,-0.6263600167294499,42.11999905854464,1.0,2.9012519107088135,1
12:05:15.198284,201,1.5086473742365012,2.485336516041924,0.6055514566905136,-0.6958000185841229,8.639999806880951,0.8639999806880951,6.119883463449627,1
12:05:15.198284,201,1.3063947589268747,2.439615442200336,0.9169911683396252,-0.5566400148672983,14.999999664723871,1.0,0.5940175690637157,1
12:05:15.198284,201,1.1338791734281122,2.4741516198819693,1.4234442636511575,-0.6263600167294499,71.11999841034412,1.0,1.69786028169999,1
12:05:15.198284,201,1.5908029225981142,2.4404255623386057,0.6175853104666293,-0.6263600167294499,7.1199998408555984,0.7119999840855599,7.756661162345739,1
12:05:15.198284,201,1.5747854223572393,2.335198382088794,0.564589988312489,-0.6958000185841229,8.879999801516533,0.8879999801516533,6.28539584358621,1
12:05:15.198284,201,1.5484357234342028,2.3502825072825475,0.5605482091482927,-0.6958000185841229,10.119999773800371,1.0,5.391709952896007,1
12:05:15.198284,201,1.5361870873076244,2.47063097260832,0.6094917951778087,-0.6263600167294499,7.879999823868275,0.7879999823868274,6.593036670928911,1
12:05:15.198284,201,1.506054095131409,2.4221684484906345,0.6367672313555119,-0.6263600167294499,11.639999739825726,1.0,3.6522034591684287,1
12:05:15.198284,201,1.4759211029551933,2.373705924372949,0.664042667533215,-0.6958000185841229,9.119999796152117,0.9119999796152116,3.525639538962439,1
12:05:15.198284,201,1.479054585766829,2.4365855361567785,0.6329041843581598,-0.6263600167294499,13.23999970406294,1.0,3.1008762979269786,1
12:05:15.198284,201,1.4494617972971564,2.3878345562716325,0.6602569120258059,-0.6958000185841229,9.879999779164793,0.9879999779164793,2.899638009759422,1
12:05:15.198284,201,1.30869212384345,2.3915408918095498,1.4455797415243097,-0.6263600167294499,19.519999563694,1.0,4.546257401252895,1
12:05:15.198284,201,1.278938429798483,2.3371681522671506,1.4581847312254554,-0.5566400148672983,16.759999625384808,1.0,6.011221329985643,1
12:05:15.198284,201,1.4809567976919005,2.499775315442954,0.6016825920513327,-0.6958000185841229,8.999999798834324,0.8999999798834324,5.717284733421627,1
12:05:15.198284,201,1.2630802284862246,2.455134561799845,1.3126929715263065,-0.6263600167294499,24.35999945551157,1.0,2.4006176087001827,1
12:05:15.198284,201,1.4519071721828254,2.4507411120930493,0.6291112092176387,-0.6263600167294499,14.999999664723871,1.0,2.6321886168053155,1
12:05:15.198284,201,1.4052727550513635,2.4042127967747646,0.7932708726668374,-0.6958000185841229,5.999999865889549,0.5999999865889549,1.886849852538914,1
12:05:15.198284,201,1.2840916429169855,2.404063179893712,1.4422244045447687,-0.6263600167294499,24.759999446570877,1.0,3.926645973362082,1
12:05:15.198284,201,1.2548972516824426,2.349405740595266,1.4549056793156323,-0.6263600167294499,20.75999953597784,1.0,5.351166239628772,1
12:05:15.198284,201,1.4531181267082771,2.5139459269435656,0.5978855881434888,-0.6958000185841229,8.999999798834324,0.8999999798834324,5.384106446318139,1
12:05:15.198284,201,1.4246145690980123,2.4646337607537125,0.6253886852282844,-0.6263600167294499,16.239999637007713,1.0,2.2450586068878984,1
12:05:15.198284,201,1.3961110114877475,2.41532159456386,0.6528917823130804,-0.6958000185841229,13.35999970138073,1.0,1.9291607023918231,1
12:05:15.198284,201,1.3523029095548371,2.430849819609936,0.786133503909384,-0.6958000185841229,6.6399998515844345,0.6639999851584435,1.0362679665642625,1
12:05:15.198284,201,1.2593627539020429,2.41634722343572,1.4389329049978987,-0.6263600167294499,32.119999282062054,1.0,3.3784776570001886,1
12:05:15.198284,201,1.230730584892588,2.3614105009762274,1.4516890134662248,-0.6263600167294499,25.63999942690134,1.0,4.7744945559051875,1
12:05:15.198284,201,1.4251341451294064,2.527846933494481,0.594160824664191,-0.6958000185841229,8.51999980956316,0.851999980956316,5.119438991485277,1
12:05:15.198284,201,1.397179505749833,2.478262092885542,0.6217369846393779,-0.6958000185841229,16.639999628067017,1.0,1.9386186817527573,1
12:05:15.198284,201,1.3722182072562237,2.4422028324665974,0.6770232698606804,-0.6958000185841229,15.239999659359457,1.0,1.2565396781329732,1
12:05:15.198284,201,1.3256138153874542,2.4437832717261614,0.7826679958594949,-0.6958000185841229,7.35999983549118,0.735999983549118,0.7416066428111834,1
12:05:15.198284,201,1.42285754667375,2.401706908743144,0.6565398263839444,-0.6958000185841229,11.519999742507936,1.0,2.367821991909012,1
12:05:15.198284,201,1.106603881997304,2.4357525423175965,1.5161201950831713,-0.6263600167294499,40.51999909430742,1.0,2.8242212762808574,1
12:05:15.198284,201,0.9269251479431108,2.6020715559041987,0.9039469495077972,-0.6958000185841229,16.99999962002039,1.0,4.397485019425252,1
12:05:15.198284,201,1.2428325934393205,2.544667744071856,0.7439593443329069,-0.4872000130126253,15.239999659359457,1.0,1.3063834683247801,1
12:05:15.198284,201,1.005970383346806,2.48202011250634,1.531809853149836,-0.6263600167294499,19.999999552965164,1.0,2.773830168306846,1
12:05:15.198284,201,1.1041354740932898,2.614060562876497,0.7569484563437934,-0.4174800111504737,8.359999813139439,0.8359999813139438,3.091082239515221,1
12:05:15.198284,201,1.081682105833807,2.5609018103067034,0.7822267801818636,-0.4174800111504737,17.639999605715275,1.0,1.6828294326689646,1
12:05:15.198284,201,1.065562840511972,2.5539466403727658,0.9168419817602608,-0.6958000185841229,48.63999891281128,1.0,1.1419125566418933,1
12:05:15.198284,201,1.0465040999443125,2.5310385721283644,1.0212017731956105,-0.6958000185841229,59.8799986615777,1.0,1.119539233522435,1
12:05:15.198284,201,1.0276004947854158,2.5223086672852344,1.1769298076222052,-0.6263600167294499,38.1199991479516,1.0,1.1358891482567364,1
12:05:15.198284,201,1.0035504297508784,2.5495810922805413,1.5182868861576084,-0.6263600167294499,23.75999946892261,1.0,3.0706151928074976,1
12:05:15.198284,201,0.9807342670327824,2.491615238906442,1.529238846779654,-0.6263600167294499,15.999999642372131,1.0,2.938165108233655,1
12:05:15.198284,201,1.0756136026412464,2.624588030010465,0.7541276300269018,-0.4174800111504737,8.239999815821648,0.8239999815821648,3.5402075898583463,1
12:05:15.198284,201,1.0537402466159402,2.5712151940225176,0.7794633173439789,-0.4174800111504737,14.999999664723871,1.0,2.2256618410720694,1
12:05:15.198284,201,1.038037371876781,2.5641063336765963,0.9141197001441512,-0.6958000185841229,40.51999909430742,1.0,1.6159238289325324,1
12:05:15.198284,201,1.020442846624952,2.5510043988646296,1.0458270558528002,-0.6958000185841229,51.87999884039164,1.0,1.357023802121419,1
12:05:15.198284,201,1.001055664097502,2.532106405596819,1.1743045115539648,-0.6958000185841229,30.51999931782484,1.0,1.5180063355991626,1
12:05:15.198284,201,0.977626856942476,2.559149523342099,1.515723032781831,-0.6263600167294499,18.35999958962202,1.0,3.2068098590266754,1
12:05:15.198284,201,1.0305127106319112,2.617293971336935,0.8602448965462581,-0.6263600167294499,12.759999714791777,1.0,3.011187438920627,1
12:05:15.198284,201,1.010408100374071,2.5739996478268443,0.9114687946071248,-0.6958000185841229,32.51999927312136,1.0,2.176636208930079,1
12:05:15.198284,201,0.993281885732548,2.5607300233243557,1.0432210826329282,-0.6958000185841229,42.35999905318022,1.0,1.8629491956735933,1
12:05:15.198284,201,0.951605522267436,2.568467077680209,1.5132264016215011,-0.6263600167294499,14.51999967545271,1.0,3.4113858935332564,1
12:05:15.198284,201,1.002230634879402,2.627111449408182,0.8576143112253574,-0.6263600167294499,10.99999975413084,1.0,3.587567904562031,1
12:05:15.198284,201,0.9826777889078444,2.583625593500382,0.9088895302375148,-0.6958000185841229,25.999999418854717,1.0,2.825804668893439,1
12:05:15.198284,201,0.9660215974837432,2.570192811149424,1.0406855362770542,-0.6958000185841229,33.7599992454052,1.0,2.455822107900804,1
12:05:15.198284,201,0.9450139075951935,2.514299843879284,1.0615473687785073,-0.6958000185841229,19.35999956727028,1.0,4.769470244018639,1
12:05:15.198284,201,0.9738483369030744,2.6366552572948816,0.8550570556093984,-0.6263600167294499,9.519999787211418,0.9519999787211418,4.246229252379208,1
12:05:15.198284,201,0.9548492104860152,2.5929832081107067,0.9063821649595964,-0.6958000185841229,20.87999953329563,1.0,3.5653754412267746,1
12:05:15.198284,201,0.9386647078845236,2.579391816068981,1.0382206703376886,-0.6958000185841229,26.75999940186739,1.0,3.1375268013748143,1
12:05:15.198284,201,0.9112139526009296,2.588326118190244,1.0358267312993608,-0.6958000185841229,21.359999522566795,1.0,3.910131257836254,1
12:05:15.198284,201,1.2607138968563332,2.5563341619064284,0.6327916637267001,-0.4174800111504737,9.63999978452921,0.963999978452921,2.0873840982423424,1
12:05:15.198284,201,1.0300439088269957,2.534198565264284,1.493668179040467,-0.6263600167294499,31.359999299049377,1.0,2.553352613111943,1
12:05:15.198284,201,1.0540425662847757,2.512255019760402,1.1796236743574713,-0.6263600167294499,46.11999896913767,1.0,0.8374796951004343,1
12:05:15.198284,201,0.9716813771292874,2.505042839561156,1.064027775609881,-0.6958000185841229,24.23999945819378,1.0,4.058713917568278,1
12:05:15.198284,201,1.092981753755841,2.5435215838761707,0.919635367229572,-0.6958000185841229,54.11999879032373,1.0,0.7530395798332951,1
12:05:15.198284,201,1.07343259635466,2.5207999790102,1.0239451959532535,-0.6958000185841229,63.35999858379364,1.0,0.7497291952630684,1
12:05:15.198284,201,1.2197133935272375,2.505315796913947,0.7971210075809183,-0.6958000185841229,18.11999959498644,1.0,0.2641073895391831,1
12:05:15.198284,201,1.1745717973772538,2.5106647922513017,0.9284393180113336,-0.4872000130126253,38.6399991363287,1.0,0.08452080830171668,1
12:05:15.198284,201,1.153563314054443,2.488530866538221,1.032591678580589,-0.6263600167294499,43.75999902188778,1.0,0.1492740260078615,1
12:05:15.198284,201,1.1340865137172131,2.5130337549953587,1.2971789294671547,-0.6263600167294499,51.87999884039164,1.0,1.2260129286175367,1
12:05:15.198284,201,1.1084321981589398,2.4849812422088977,1.4205424750943232,-0.6263600167294499,66.11999852210283,1.0,1.5739370411635205,1
12:05:15.198284,201,1.2397451486316318,2.608733270943599,0.7150699632478144,-0.4872000130126253,7.879999823868275,0.7879999823868274,5.218610884176332,1
12:05:15.198284,201,1.2149404414269025,2.55653797497296,0.740778725548985,-0.4872000130126253,13.119999706745148,1.0,1.4111755112640925,1
12:05:15.198284,201,1.1923400919551426,2.5169652175123165,0.7939995547392946,-0.6263600167294499,21.359999522566795,1.0,0.37881435760394877,1
12:05:15.198284,201,1.1474889575258371,2.521879577724197,0.9254343253005828,-0.6958000185841229,47.51999893784523,1.0,0.2254227661116233,1
12:05:15.198284,201,1.1269648800014829,2.4995450634782554,1.0296404334052296,-0.6263600167294499,52.87999881803989,1.0,0.26563863788107467,1
12:05:15.198284,201,1.1066078655180949,2.49138404398648,1.1852160354613432,-0.6263600167294499,54.87999877333641,1.0,0.48684241045531274,1
12:05:15.198284,201,1.081769029856208,2.4463216597230355,1.5132882086096742,-0.6263600167294499,36.63999918103218,1.0,2.697472444807208,1
12:05:15.198284,201,1.0568260017184328,2.456650366429725,1.510520639988759,-0.6263600167294499,30.999999307096004,1.0,2.648024041101236,1
12:05:15.198284,201,1.109515797747325,2.550319049125528,0.7850624224940512,-0.4174800111504737,20.359999544918537,1.0,1.2280348550356153,1
12:05:15.198284,201,1.0814123905400204,2.513802784149884,1.499133212119072,-0.6263600167294499,54.239998787641525,1.0,2.5693741330304145,1
12:05:15.198284,201,1.1325469329229692,2.6032581265867827,0.759842960423911,-0.4872000130126253,9.119999796152117,0.9119999796152116,2.718169674744688,1
12:05:15.198284,201,1.1536279261832867,2.6434131841745216,0.7057775085040072,-0.4174800111504737,5.519999876618385,0.5519999876618386,5.812094958292517,1
12:05:15.198284,201,1.0557809382881556,2.5241247210958924,1.496367457450064,-0.6263600167294499,41.63999906927347,1.0,2.528009387555821,1
12:05:15.198284,201,1.031777291865896,2.4667376295756496,1.5078177659749683,-0.6263600167294499,25.11999943852425,1.0,2.6765606561215085,1
12:05:15.198284,201,1.100253750404695,2.51030179285689,1.0267581764550244,-0.6958000185841229,60.51999864727259,1.0,0.4654741619407545,1
12:05:15.198284,201,1.1202913697400356,2.5328322066837266,0.922499577215879,-0.6958000185841229,53.75999879837036,1.0,0.4479350466594886,1
12:05:15.198284,201,1.164847557372795,2.528349654267794,0.7909491041043812,-0.6263600167294499,22.11999950557947,1.0,0.5771339118097534,1
12:05:15.198284,201,1.1869267963882195,2.568138199363987,0.7376704547913895,-0.4872000130126253,10.99999975413084,1.0,1.591596690050999,1
12:05:15.198284,201,1.2111595658754872,2.6205703301289227,0.7118982327983474,-0.4872000130126253,6.519999854266644,0.6519999854266645,5.352022378322434,1
12:05:15.198284,201,1.0803792344105845,2.501946468378649,1.1823858423753464,-0.6263600167294499,52.63999882340431,1.0,0.6214976670168464,1
12:05:15.229161,202,1.2283914620698455,2.422771781444589,0.9604787810982488,-0.4872000130126253,33.99999924004078,1.0,2.1436761891530427,1
12:05:15.229161,202,1.237407569372175,2.4424205923061657,0.6905611764734165,-0.4872000130126253,11.239999748766422,1.0,4.759697512428113,1
12:05:15.229161,202,1.2534011880556464,2.464341996023797,0.910365708211024,-0.4872000130126253,9.63999978452921,0.963999978452921,2.0034731094439677,1
12:05:15.229161,202,1.1846193639101137,2.458184221382541,1.194111901116925,-0.4872000130126253,45.2399989888072,1.0,0.2466238308113689,1
12:05:15.229161,202,1.1576477071272784,2.4813588619201967,1.507826534879815,-0.6263600167294499,90.75999797135592,1.0,3.2933525346026613,1
12:05:15.229161,202,1.1313280746773142,2.4249440711162946,1.5190163162129753,-0.6263600167294499,75.51999831199646,1.0,1.9667368710915816,1
12:05:15.229161,202,1.226715065988951,2.4763201372839774,0.9071561749335328,-0.4872000130126253,12.11999972909689,1.0,1.452398693848442,1
12:05:15.229161,202,1.2175587221072746,2.492920143078788,0.7695018108619665,-0.4872000130126253,12.759999714791777,1.0,2.235107998697251,1
12:05:15.229161,202,1.158730536379568,2.469501826386712,1.1910793579958032,-0.4872000130126253,46.51999896019697,1.0,0.08924027221785799,1
12:05:15.229161,202,1.1323483217348045,2.4924187853710547,1.5048630373228074,-0.6263600167294499,83.3599981367588,1.0,3.272349192925423,1
12:05:15.229161,202,1.106603881997304,2.4357525423175965,1.5161201950831713,-0.6263600167294499,71.8799983933568,1.0,2.1236345017244487,1
12:05:15.229161,202,1.2607138968563332,2.5563341619064284,0.6327916637267001,-0.4872000130126253,8.119999818503857,0.8119999818503857,7.681146126272913,1
12:05:15.229161,202,1.1999062734433996,2.4880399157989106,0.9040158697449848,-0.4872000130126253,15.639999650418758,1.0,1.0319575390994904,1
12:05:15.229161,202,1.149572498585595,2.4572284170145235,0.9512461534233914,-0.4872000130126253,47.63999893516302,1.0,1.4143261936465448,1
12:05:15.229161,202,1.264326297574064,2.430338045125246,0.6937986852330549,-0.4872000130126253,9.759999781847,0.9759999781847,5.37554626045209,1
12:05:15.229161,202,1.1327258367661708,2.4805688028174817,1.1881139705985242,-0.4872000130126253,45.2399989888072,1.0,0.0589906490796194,1
12:05:15.229161,202,1.2022378212285327,2.4345109170028514,0.957333289205573,-0.4872000130126253,40.8799990862608,1.0,1.7562724137092838,1
12:05:15.229161,202,1.1559391354976842,2.413897326957196,1.521976282389399,-0.6263600167294499,69.87999843806028,1.0,1.9320432757045114,1
12:05:15.229161,202,1.278938429798483,2.3371681522671506,1.4581847312254554,-0.6263600167294499,27.87999937683344,1.0,3.9924697596471628,1
12:05:15.229161,202,1.2103897304967426,2.4466171195559885,1.1972112967101185,-0.4872000130126253,41.879999063909054,1.0,0.5286260663477165,1
12:05:15.229161,202,1.1069357024588395,2.503233786611305,1.5019651664743408,-0.6263600167294499,69.11999845504761,1.0,3.3570911124704246,1
12:05:15.229161,202,1.3574980344077148,2.3657866145870656,1.4524805793077216,-0.6263600167294499,21.359999522566795,1.0,5.474163953639804,1
12:05:15.229161,202,1.333161736653953,2.3787816114015508,1.4489985804056351,-0.6263600167294499,26.87999939918518,1.0,4.596268901121221,1
12:05:15.229161,202,1.3028517151430392,2.3246989597404624,1.4615258412932497,-0.6263600167294499,21.99999950826168,1.0,4.719396904515641,1
12:05:15.229161,202,1.30869212384345,2.3915408918095498,1.4455797415243097,-0.6263600167294499,34.35999923199415,1.0,3.8222731468169737,1
12:05:15.229161,202,1.2840916429169855,2.404063179893712,1.4422244045447687,-0.6263600167294499,44.63999900221825,1.0,3.152670525660235,1
12:05:15.229161,202,1.2548972516824426,2.349405740595266,1.4549056793156323,-0.6263600167294499,35.879999198019505,1.0,3.38882563275844,1
12:05:15.229161,202,1.2885103098324835,2.442811223385253,1.3159950001025515,-0.4872000130126253,32.119999282062054,1.0,3.8466316242072804,1
12:05:15.229161,202,1.2593627539020429,2.41634722343572,1.4389329049978987,-0.6263600167294499,57.87999870628119,1.0,2.5882282711583278,1
12:05:15.229161,202,1.230730584892588,2.3614105009762274,1.4516890134662248,-0.6263600167294499,46.23999896645546,1.0,2.909193681465254,1
12:05:15.229161,202,1.280327626342829,2.3985386086244267,0.9669720401854552,-0.5566400148672983,23.11999948322773,1.0,3.3397887246722306,1
12:05:15.229161,202,1.2630802284862246,2.455134561799845,1.3126929715263065,-0.4872000130126253,37.11999917030335,1.0,3.2377053927394432,1
12:05:15.229161,202,1.2345079296668051,2.428391794041512,1.435705572030897,-0.6263600167294499,73.23999836295843,1.0,2.1299866585698606,1
12:05:15.229161,202,1.206440846075351,2.373181232944054,1.4485350553411225,-0.6263600167294499,58.51999869197607,1.0,2.5545614729212396,1
12:05:15.229161,202,1.2739756032881135,2.41733935373936,0.8317724911140039,-0.4872000130126253,7.879999823868275,0.7879999823868274,3.983255365216614,1
12:05:15.229161,202,1.254422264794099,2.410780612282824,0.9636918051914488,-0.4872000130126253,27.99999937415123,1.0,2.6721893041349114,1
12:05:15.229161,202,1.1844304297267176,2.451757722724101,1.4294446903099942,-0.6263600167294499,86.5199980661273,1.0,1.5376285431310255,1
12:05:15.229161,202,1.081769029856208,2.4463216597230355,1.5132882086096742,-0.5566400148672983,61.63999862223864,1.0,2.405000169790052,1
12:05:15.229161,202,1.0697189974926773,2.489385892724436,0.9426295837762968,-0.6958000185841229,53.11999881267548,1.0,2.0268242189749657,1
12:05:15.229161,202,1.1902337765431403,2.5045489845199915,0.7663858721888863,-0.4872000130126253,13.879999689757824,1.0,1.8363625460072257,1
12:05:15.229161,202,1.064116497817623,2.5427232590659683,0.889363512077143,-0.6958000185841229,25.23999943584204,1.0,0.9949891048005728,1
12:05:15.229161,202,1.04288366169061,2.499589064868912,0.9398956520399488,-0.6958000185841229,47.9999989271164,1.0,2.5446259733542718,1
12:05:15.229161,202,1.0035504297508784,2.5495810922805413,1.5182868861576084,-0.6263600167294499,25.63999942690134,1.0,5.588659091865264,1
12:05:15.229161,202,0.9807342670327824,2.491615238906442,1.529238846779654,-0.5566400148672983,23.9999994635582,1.0,4.922830885309769,1
12:05:15.229161,202,1.0756136026412464,2.624588030010465,0.7541276300269018,-0.4174800111504737,8.999999798834324,0.8999999798834324,4.706130043311538,1
12:05:15.229161,202,1.0586917359767214,2.6072038048207222,0.8629485485157731,-0.6958000185841229,11.119999751448631,1.0,3.2234606337739535,1
12:05:15.229161,202,1.0366283909024128,2.552869162100818,0.8866449255524707,-0.6958000185841229,23.11999948322773,1.0,1.425949717610276,1
12:05:15.229161,202,1.0159440383961025,2.509532521745901,0.937231310799786,-0.6958000185841229,41.23999907821417,1.0,3.2257009996771644,1
12:05:15.229161,202,1.0305127106319112,2.617293971336935,0.8602448965462581,-0.6958000185841229,9.519999787211418,0.9519999787211418,3.482303756570478,1
12:05:15.229161,202,1.0090366220166005,2.562749047552072,0.8839976182244951,-0.6958000185841229,20.359999544918537,1.0,2.0128352415592747,1
12:05:15.229161,202,1.2149404414269025,2.55653797497296,0.740778725548985,-0.4872000130126253,12.879999712109566,1.0,4.861716359544896,1
12:05:15.229161,202,1.002230634879402,2.627111449408182,0.8576143112253574,-0.6958000185841229,8.999999798834324,0.8999999798834324,3.884627452866014,1
12:05:15.229161,202,0.981343950313958,2.5723619274394616,0.8814218548217316,-0.6958000185841229,17.519999608397484,1.0,2.760428829977627,1
12:05:15.229161,202,0.9617627152480746,2.5286363384187296,0.9321124585499492,-0.6958000185841229,28.759999357163903,1.0,5.095108019439958,1
12:05:15.229161,202,0.9751719874905546,2.6481716283725065,0.8831058704979811,-0.6958000185841229,8.359999813139439,0.8359999813139438,5.327547927336413,1
12:05:15.229161,202,0.9548492104860152,2.5929832081107067,0.9063821649595964,-0.6958000185841229,14.999999664723871,1.0,3.4178546283962032,1
12:05:15.229161,202,0.9269251479431108,2.6020715559041987,0.9039469495077972,-0.6958000185841229,12.879999712109566,1.0,4.431962688025941,1
12:05:15.229161,202,1.081682105833807,2.5609018103067034,0.7822267801818636,-0.4872000130126253,12.759999714791777,1.0,1.5380393185444,1
12:05:15.229161,202,1.1041354740932898,2.614060562876497,0.7569484563437934,-0.4174800111504737,10.119999773800371,1.0,4.735064058469597,1
12:05:15.229161,202,0.9889028215489142,2.519215269018045,0.9346368264877004,-0.6958000185841229,34.639999225735664,1.0,4.074339787468888,1
12:05:15.229161,202,1.029373648357081,2.5397627413306267,1.5209177053656433,-0.6263600167294499,32.51999927312136,1.0,5.0666109181794114,1
12:05:15.229161,202,1.005970383346806,2.48202011250634,1.531809853149836,-0.5566400148672983,30.23999932408333,1.0,4.130327093660586,1
12:05:15.229161,202,1.145931412341767,2.5106997226741603,0.8979441927921166,-0.4872000130126253,19.759999558329586,1.0,0.5941641275250344,1
12:05:15.229161,202,1.1230660832721118,2.468204509736965,0.948305118242364,-0.4872000130126253,52.999998815357685,1.0,1.4652674232176626,1
12:05:15.229161,202,1.1035082261084066,2.4549204172699395,1.077458038185504,-0.4872000130126253,41.879999063909054,1.0,1.6498244491765959,1
12:05:15.229161,202,1.0561383138573042,2.462101008504575,1.5371471609810603,-0.5566400148672983,49.359998896718025,1.0,2.94132200291988,1
12:05:15.229161,202,1.1869267963882195,2.568138199363987,0.7376704547913895,-0.4872000130126253,12.359999723732471,1.0,4.3634090812915005,1
12:05:15.229161,202,1.1627898085985302,2.5159133102226274,0.7633408102943409,-0.4872000130126253,14.359999679028988,1.0,1.578453064231953,1
12:05:15.229161,202,1.1187707412265755,2.5216374850727727,0.895013428190405,-0.4872000130126253,23.519999474287037,1.0,0.5831540943734705,1
12:05:15.229161,202,1.0807087040555476,2.519380231966796,1.5263791822894015,-0.6263600167294499,54.239998787641525,1.0,4.363727923145429,1
12:05:15.229161,202,1.0773530621261322,2.4654532560176112,1.0746357725490585,-0.4872000130126253,37.35999916493893,1.0,1.9780940253019967,1
12:05:15.229161,202,1.0550939304608582,2.5296954523192223,1.5236152273262198,-0.6263600167294499,41.879999063909054,1.0,4.659450490374847,1
12:05:15.229161,202,1.0311059034652976,2.4721817077616413,1.5344460457559883,-0.5566400148672983,38.75999913364649,1.0,3.4709133807864214,1
12:05:15.229161,202,1.130546244465266,2.5905240156813507,0.7316721933872405,-0.4872000130126253,11.359999746084211,1.0,3.749570789727171,1
12:05:15.229161,202,1.109515797747325,2.550319049125528,0.7850624224940512,-0.4872000130126253,13.879999689757824,1.0,1.4034439171909567,1
12:05:15.229161,202,1.091498193974569,2.532312353029326,0.8921531059421377,-0.4872000130126253,25.51999942958355,1.0,0.7154586159055316,1
12:05:15.229161,202,1.0964473622912068,2.4789240256211387,0.9454328326179472,-0.4872000130126253,55.11999876797199,1.0,1.6682826126250925,1
12:05:15.229161,202,1.0510901637402523,2.475732932860229,1.071881341440626,-0.4872000130126253,32.35999927669764,1.0,2.4600475598693334,1
12:05:15.262368,203,1.1690037506377529,2.3375135507270293,0.8753182838293085,-0.6263600167294499,18.35999958962202,1.0,6.320279422041038,1
12:05:15.262368,203,1.132971918885145,2.41460472050183,1.2090616901658289,-0.4872000130126253,34.11999923735857,1.0,0.2481458294755253,1
12:05:15.262368,203,1.2548972516824426,2.349405740595266,1.4549056793156323,-0.4872000130126253,21.7599995136261,1.0,3.1659862366572256,1
12:05:15.262368,203,1.1058838031428,2.4412167828277065,1.5427430723857265,-0.6263600167294499,45.2399989888072,1.0,2.3153876382472753,1
12:05:15.262368,203,1.0808594422598037,2.3790862992641397,1.5273773528435353,-0.6263600167294499,29.23999934643507,1.0,1.2743233903224245,1
12:05:15.262368,203,1.1075453045895745,2.425425677686753,1.206162223426797,-0.4872000130126253,39.87999910861254,1.0,0.10116843509111131,1
12:05:15.262368,203,1.143456188775411,2.348681967436378,0.872325715591304,-0.6263600167294499,22.63999949395657,1.0,5.585912343201354,1
12:05:15.262368,203,1.0810651113027587,2.451779022796623,1.5399129287157918,-0.6263600167294499,43.239999033510685,1.0,2.450918993963321,1
12:05:15.262368,203,1.056602357253576,2.389409532834766,1.524611250745008,-0.6263600167294499,27.119999393820763,1.0,1.177306279321089,1
12:05:15.262368,203,1.0801471177549786,2.295079327902235,1.4655341138253943,-0.6263600167294499,6.519999854266644,0.6519999854266645,7.789417427400471,1
12:05:15.262368,203,1.2175587221072746,2.492920143078788,0.7695018108619665,-0.4872000130126253,7.999999821186066,0.7999999821186066,6.363870516716984,1
12:05:15.262368,203,1.10500844222735,2.3685292803123943,1.5302060975461351,-0.6263600167294499,29.879999332129955,1.0,1.4886356066193738,1
12:05:15.262368,203,1.2020984158831327,2.3064737785167337,1.464445121934551,-0.6263600167294499,22.99999948590994,1.0,4.673807859321142,1
12:05:15.262368,203,1.158285236938032,2.403538706224841,1.2120268197547792,-0.4872000130126253,27.99999937415123,1.0,0.5143268088702663,1
12:05:15.262368,203,1.1290469422764506,2.3577395316725824,1.5330972019807076,-0.6263600167294499,28.759999357163903,1.0,1.8228165022600202,1
12:05:15.262368,203,1.1804346033729511,2.402613414505459,1.5249997976183054,-0.4872000130126253,38.519999139010906,1.0,2.138886172273827,1
12:05:15.262368,203,1.1849043756572797,2.4239321191557126,1.3217084421217735,-0.4872000130126253,22.75999949127436,1.0,1.6248158969969828,1
12:05:15.262368,203,1.178373762483897,2.317970671846597,1.4613645386513472,-0.6263600167294499,26.239999413490292,1.0,3.8250598311220525,1
12:05:15.262368,203,1.20481202877685,2.3910934621428765,1.5280865595507045,-0.4872000130126253,32.35999927669764,1.0,2.4695710080200834,1
12:05:15.262368,203,1.230730584892588,2.3614105009762274,1.4516890134662248,-0.4872000130126253,26.6399994045496,1.0,2.44936927125224,1
12:05:15.262368,203,1.2257028604478992,2.29474830129682,1.4675869540864963,-0.6263600167294499,19.759999558329586,1.0,5.661308742830516,1
12:05:15.262368,203,1.097151964655645,2.4038254852994543,0.9448559651860924,-0.6263600167294499,27.759999379515648,1.0,1.5101286454425389,1
12:05:15.262368,203,1.1313280746773142,2.4249440711162946,1.5190163162129753,-0.6263600167294499,43.35999903082848,1.0,1.8116997433434392,1
12:05:15.262368,203,1.082007936691447,2.436000495692957,1.2033287094819285,-0.4872000130126253,43.63999902456999,1.0,0.07077479739911784,1
12:05:15.262368,203,0.9825671183365308,2.4242774836820558,1.5427020009340282,-0.6263600167294499,17.359999611973763,1.0,1.6914531591760666,1
12:05:15.262368,203,1.0315679236590607,2.404821785042354,1.547915139672719,-0.6263600167294499,23.9999994635582,1.0,1.2644731506431839,1
12:05:15.262368,203,1.0561383138573042,2.462101008504575,1.5371471609810603,-0.6263600167294499,38.35999914258719,1.0,2.68537709142346,1
12:05:15.262368,203,0.8606441009730895,2.499750651550355,0.9483409568400654,-0.6958000185841229,16.239999637007713,1.0,4.365147109798777,1
12:05:15.262368,203,0.8874682517658403,2.49130784703842,0.9506031994908926,-0.6958000185841229,20.119999550282955,1.0,3.512601296215837,1
12:05:15.262368,203,0.8978391670396234,2.467205787280009,1.0800515402714286,-0.4872000130126253,14.6399996727705,1.0,2.754570423859371,1
12:05:15.262368,203,0.914203656476936,2.482606367587109,0.9529347538828272,-0.6958000185841229,24.879999443888664,1.0,2.775725177573725,1
12:05:15.262368,203,0.9240062177066438,2.458406876609144,1.0824092012799602,-0.4872000130126253,18.11999959498644,1.0,2.1135860191320663,1
12:05:15.262368,203,0.9408476415883046,2.473647083337078,0.9553353868623836,-0.6263600167294499,30.35999932140112,1.0,2.155259439096561,1
12:05:15.262368,203,0.9500808685260268,2.449355655797956,1.084834468586834,-0.4872000130126253,22.51999949663877,1.0,1.5895052721772982,1
12:05:15.262368,203,0.9660844447859784,2.453659199982344,0.9315030615809692,-0.6263600167294499,35.999999195337296,1.0,2.0158572046087557,1
12:05:15.262368,203,0.9554000781137154,2.5009661274573443,1.5267332837439265,-0.6263600167294499,17.11999961733818,1.0,4.568944715297966,1
12:05:15.262368,203,0.9760605120545356,2.440053029960942,1.0873270996673507,-0.4872000130126253,27.87999937683344,1.0,1.183467205910121,1
12:05:15.262368,203,0.9925017007537948,2.4441998766610085,0.9340376796258658,-0.6263600167294499,39.99999910593033,1.0,1.6639743225371721,1
12:05:15.262368,203,0.9807342670327824,2.491615238906442,1.529238846779654,-0.6263600167294499,21.119999527931213,1.0,3.960046776306066,1
12:05:15.262368,203,1.0145650458281037,2.498534519380913,0.9103413025891682,-0.6263600167294499,14.999999664723871,1.0,2.00641616587867,1
12:05:15.262368,203,1.056362368906158,2.4463281170475013,1.200561431680244,-0.4872000130126253,43.75999902188778,1.0,0.1545512258027885,1
12:05:15.262368,203,1.0311059034652976,2.4721817077616413,1.5344460457559883,-0.6263600167294499,32.119999282062054,1.0,3.016435936313772,1
12:05:15.262368,203,1.0071178764697373,2.41466796320406,1.5452768641857575,-0.6263600167294499,20.63999953866005,1.0,1.4236903958556584,1
12:05:15.262368,203,1.0863932691781255,2.4971698959600617,0.8103819617946282,-0.4174800111504737,5.999999865889549,0.5999999865889549,2.8582291912473385,1
12:05:15.262368,203,1.0711474556994751,2.414297654379845,0.9420499559379996,-0.6263600167294499,33.519999250769615,1.0,1.3569022485535114,1
12:05:15.262368,203,1.0306111657689994,2.4564075089969037,1.197860666747205,-0.4872000130126253,39.99999910593033,1.0,0.3502913754532323,1
12:05:15.262368,203,1.005970383346806,2.48202011250634,1.531809853149836,-0.6263600167294499,26.239999413490292,1.0,3.44196830128727,1
12:05:15.262368,203,1.0188197073830545,2.4344858594624195,0.93664054268949,-0.6263600167294499,40.99999908357859,1.0,1.4357497972468818,1
12:05:15.262368,203,1.0047569023787108,2.4662376636104115,1.1952266847570423,-0.4872000130126253,34.11999923735857,1.0,0.655997347039578,1
12:05:15.262368,203,1.0450358328951437,2.4245181197801595,0.9393113904877152,-0.6263600167294499,38.35999914258719,1.0,1.3327865256990432,1
12:05:15.291697,204,1.3558854879383289,2.3721601635456744,0.5398508248097795,-0.5566400148672983,10.639999762177467,1.0,1.6417739730868686,1
12:05:15.291697,204,1.4875976379812874,2.303481011629662,0.5582533481025296,-0.5566400148672983,8.759999804198742,0.8759999804198741,3.4027882074854565,1
12:05:15.291697,204,1.2728599377769372,2.2643082368511247,1.4482602903503003,-0.5566400148672983,19.63999956101179,1.0,2.910834868968277,1
12:05:15.291697,204,1.4615422594127274,2.317724381967408,0.5544368485230333,-0.5566400148672983,9.759999781847,0.9759999781847,2.711834433608547,1
12:05:15.291697,204,1.249184735753516,2.2827954127247514,1.4707897209266012,-0.5566400148672983,22.75999949127436,1.0,2.3480804630263936,1
12:05:15.291697,204,1.4353407278427073,2.3317153687120693,0.5506879749234865,-0.5566400148672983,10.519999764859676,1.0,2.1905285022755154,1
12:05:15.291697,204,1.2257028604478992,2.29474830129682,1.4675869540864963,-0.5566400148672983,25.87999942153692,1.0,1.7721252538270735,1
12:05:15.291697,204,1.3825097005762756,2.358934620452388,0.5433945984010888,-0.5566400148672983,10.759999759495258,1.0,1.6554154143085977,1
12:05:15.291697,204,1.2020984158831327,2.3064737785167337,1.464445121934551,-0.5566400148672983,28.359999366104603,1.0,1.334555447577959,1
12:05:15.291697,204,1.178373762483897,2.317970671846597,1.4613645386513472,-0.5566400148672983,29.23999934643507,1.0,1.0358976386004097,1
12:05:15.291697,204,1.3317797303555632,2.3381146729665803,0.596145163882003,-0.4872000130126253,6.359999857842922,0.6359999857842922,1.4924841170649876,1
12:05:15.291697,204,1.32912568788755,2.385127879513325,0.5363761357885712,-0.5566400148672983,9.879999779164793,0.9879999779164793,1.7981117437816767,1
12:05:15.291697,204,1.1305733307474115,2.3402741310905286,1.4553883447585152,-0.5566400148672983,28.519999362528324,1.0,0.8588159184216169,1
12:05:15.291697,204,1.302232976381525,2.397836471594609,0.5329708788034548,-0.5566400148672983,8.879999801516533,0.8879999801516533,2.1253992150699794,1
12:05:15.291697,204,1.1328575470715974,2.4070776054524834,1.4394525497011443,-0.5566400148672983,27.87999937683344,1.0,3.9909003391043654,1
12:05:15.291697,204,1.106502332413288,2.3510784666773588,1.4524933317632691,-0.5566400148672983,26.239999413490292,1.0,0.9828354083625244,1
12:05:15.291697,204,1.0823206847729516,2.361649757942692,1.4496607628057692,-0.5566400148672983,22.99999948590994,1.0,1.2506524832763812,1
12:05:15.291697,204,1.0580308059709076,2.3719869477662567,1.4468909211405376,-0.5566400148672983,19.63999956101179,1.0,1.6641803067447054,1
12:05:15.291697,204,1.048759347393549,2.371107663495963,0.9912993434220834,-0.5566400148672983,22.11999950557947,1.0,7.612690613650121,1
12:05:15.291697,204,1.0464562412295138,2.4352502015727016,0.965623800323022,-0.5566400148672983,22.359999500215054,1.0,5.263318471184483,1
12:05:15.291697,204,1.1503066788924428,2.26276011074914,1.474194021961572,-0.5566400148672983,11.9999997317791,1.0,4.146600348196564,1
12:05:15.353766,206,1.4257968487648438,2.54898484109456,-1.0331430383281228,-0.6263600167294499,5.119999885559082,0.5119999885559082,1.9821634816895788,1
12:05:15.353766,206,1.3687072676713183,2.56606246764327,-0.8678650255631286,-0.5566400148672983,10.239999771118164,1.0,0.3904804409934943,1
12:05:15.353766,206,1.5889659927516548,2.42527862978252,-0.8969038503755085,-0.6263600167294499,7.239999838173389,0.723999983817339,6.006899384015827,1
12:05:15.353766,206,1.196987248131589,2.299197745956661,-0.0259220686123416,-0.6263600167294499,17.759999603033066,1.0,6.757472741479731,1
12:05:15.353766,206,1.3731160899009596,2.5134722098141267,-0.7926591673446474,-0.6263600167294499,12.879999712109566,1.0,0.2271341393110809,1
12:05:15.353766,206,1.3900686178925674,2.5445036049790297,-0.8969038503755085,-0.6263600167294499,11.519999742507936,1.0,0.43014748526081625,1
12:05:15.353766,206,1.390163463148165,2.485280842974157,-0.8497785468590535,-0.6263600167294499,12.23999972641468,1.0,1.3305670202843318,1
12:05:15.353766,206,1.326169529595722,2.5473337313846542,-0.7639791496828389,-0.6263600167294499,12.519999720156193,1.0,0.09699437475229886,1
12:05:15.353766,206,1.4395877418427774,2.456982388268676,-0.8497785468590535,-0.6263600167294499,11.119999751448631,1.0,1.3840903752650329,1
12:05:15.353766,206,1.465766790648828,2.5016628617046037,-0.8969038503755085,-0.6263600167294499,11.639999739825726,1.0,1.5004164230959756,1
12:05:15.353766,206,1.4596430288951734,2.4350532780577723,-0.8782121968215543,-0.6263600167294499,9.759999781847,0.9759999781847,2.5448787139726736,1
12:05:15.353766,206,1.490709714039489,2.486880356323829,-0.8969038503755085,-0.6263600167294499,10.759999759495258,1.0,2.156808614723795,1
12:05:15.353766,206,1.483920173751318,2.4203353397238234,-0.8782121968215543,-0.6263600167294499,8.51999980956316,0.851999980956316,2.7338308491446988,1
12:05:15.353766,206,1.515503567707664,2.4718491649909327,-0.8969038503755085,-0.6263600167294499,9.519999787211418,0.9519999787211418,2.9453181192872506,1
12:05:15.353766,206,1.5080489278333171,2.4053753698836613,-0.8782121968215543,-0.6263600167294499,7.239999838173389,0.723999983817339,3.0717678488804996,1
12:05:15.353766,206,1.5401458722887584,2.4565707908124548,-0.8969038503755085,-0.6263600167294499,8.359999813139439,0.8359999813139438,3.856038031038142,1
12:05:15.353766,206,1.4154437264432371,2.5304759266733825,-0.8969038503755085,-0.6263600167294499,11.9999997317791,1.0,0.6259950821979876,1
12:05:15.353766,206,1.2011365768490794,2.364600881379741,-0.1327196873380892,-0.6263600167294499,27.239999391138557,1.0,5.303048028848643,1
12:05:15.353766,206,1.2749610274305443,2.573345903451663,-0.7639791496828389,-0.5566400148672983,9.359999790787697,0.9359999790787696,0.1927283384169646,1
12:05:15.353766,206,1.300630309483773,2.5604678397375644,-0.7639791496828389,-0.6263600167294499,11.239999748766422,1.0,0.04674689588757111,1
12:05:15.353766,206,1.3429786364533245,2.579621009848873,-0.8678650255631286,-0.5566400148672983,8.639999806880951,0.8639999806880951,0.25395724538878817,1
12:05:15.353766,206,1.0711474556994751,2.605850076884908,-0.3970350569832969,-0.5566400148672983,19.879999555647373,1.0,3.8928574405337173,1
12:05:15.353766,206,1.131411843384566,2.603153799756388,-0.6347208749208415,-0.5566400148672983,11.119999751448631,1.0,2.6471067709590876,1
12:05:15.353766,206,1.103391143097631,2.5386837371083204,-0.2777365721160654,-0.6263600167294499,36.51999918371439,1.0,4.853883977144761,1
12:05:15.353766,206,1.157386376825291,2.591709713543592,-0.6347208749208415,-0.5566400148672983,10.99999975413084,1.0,1.704524047878884,1
12:05:15.353766,206,1.197198542179199,2.610431077596611,-0.7639791496828389,-0.5566400148672983,5.239999882876873,0.5239999882876873,1.9437206421733473,1
12:05:15.353766,206,1.1077405821687076,2.620052925842145,-0.6063056341481673,-0.5566400148672983,10.87999975681305,1.0,2.7643300553362233,1
12:05:15.353766,206,1.2232425578764448,2.598328771514124,-0.7639791496828389,-0.5566400148672983,5.879999868571758,0.5879999868571758,1.1272274833552276,1
12:05:15.353766,206,1.128780483423686,2.461248949025751,-0.2443573117913849,-0.6263600167294499,36.23999918997288,1.0,3.114158652990163,1
12:05:15.353766,206,1.2257684804207414,2.5375337081602374,-0.7195744339224709,-0.5566400148672983,9.239999793469906,0.9239999793469906,2.8418758078666655,1
12:05:15.353766,206,1.2491642503427365,2.585966634731368,-0.7639791496828389,-0.5566400148672983,7.519999831914902,0.7519999831914902,0.5482953150231387,1
12:05:15.353766,206,1.2757511566552382,2.6410057159618745,-0.7802394950071224,-0.5566400148672983,5.519999876618385,0.5519999876618386,2.104006349704251,1
12:05:15.353766,206,1.2478250688253516,2.518575438778216,-0.7477188043585553,-0.5566400148672983,7.879999823868275,0.7879999823868274,3.891842502152787,1
12:05:15.353766,206,1.3020969860357372,2.6281163681251107,-0.7802394950071224,-0.5566400148672983,6.8799998462200165,0.6879999846220016,2.6304316234395433,1
12:05:15.353766,206,1.183245172597993,2.5800064585307783,-0.6347208749208415,-0.5566400148672983,10.239999771118164,1.0,1.013146290664209,1
12:05:15.353766,206,1.272948012159015,2.505971468621757,-0.7477188043585553,-0.5566400148672983,6.7599998489022255,0.6759999848902225,2.9236570711861267,1
12:05:15.383968,207,1.347543094554717,2.189087846965479,0.6393402114476956,-0.6958000185841229,18.879999577999115,1.0,1.707626682024862,1
12:05:15.383968,207,1.3768475816547985,2.236693075200159,0.6097504807872407,-0.6263600167294499,20.75999953597784,1.0,1.9814919432117206,1
12:05:15.383968,207,1.3900686178925674,2.225665949031919,0.475091413923596,-0.5566400148672983,9.239999793469906,0.9239999793469906,2.511872333828512,1
12:05:15.383968,207,1.314535396867777,2.202433149586162,0.922591234859768,-0.7655200204462744,61.23999863117933,1.0,0.7329058805448878,1
12:05:15.383968,207,1.244689019863348,2.192265295181237,1.16549233721359,-0.7655200204462744,48.119998924434185,1.0,1.6164234921694063,1
12:05:15.383968,207,1.2687174919052615,2.20633312146216,1.0439391507141655,-0.7655200204462744,68.99999845772982,1.0,0.9306622697789684,1
12:05:15.383968,207,1.3312076109618252,2.1930233283511504,0.7695597091482971,-0.7655200204462744,22.63999949395657,1.0,0.6466574797995952,1
12:05:15.383968,207,1.306773865291636,2.205763906423962,0.7661458815425815,-0.7655200204462744,26.239999413490292,1.0,0.42393540975246835,1
12:05:15.383968,207,1.2197360036527962,2.1954326655875103,1.358065273483828,-0.6263600167294499,32.99999926239252,1.0,4.6077039556861745,1
12:05:15.383968,207,1.290407662548168,2.215014163032417,0.919220162466879,-0.7655200204462744,74.1199983432889,1.0,0.48050677955002796,1
12:05:15.383968,207,1.2417675005105768,2.239473911682933,0.912666192568905,-0.7655200204462744,87.75999803841114,1.0,0.22922076591966814,1
12:05:15.383968,207,1.2212916539476724,2.2041751662639384,1.1623010968750214,-0.7655200204462744,59.8799986615777,1.0,1.3861318776943676,1
12:05:15.383968,207,1.195551102882065,2.1846576929533845,1.2804939014434693,-0.6958000185841229,35.759999200701714,1.0,2.4259419480420226,1
12:05:15.383968,207,1.1676060062294409,2.179431596501712,1.4683838433989789,-0.5566400148672983,14.6399996727705,1.0,5.200112229902835,1
12:05:15.383968,207,1.3687072676713183,2.2540060121735674,0.4975609205267024,-0.5566400148672983,8.51999980956316,0.851999980956316,2.531552845053092,1
12:05:15.383968,207,1.326169529595722,2.26280308532259,0.6027543246605669,-0.6263600167294499,18.519999586045746,1.0,1.7312447909703563,1
12:05:15.383968,207,1.2979436617579398,2.214642138019938,0.6324929597965032,-0.6958000185841229,18.759999580681324,1.0,1.4255641625199549,1
12:05:15.383968,207,1.2850125548166451,2.2306631212355543,0.7882520455765052,-0.7655200204462744,30.23999932408333,1.0,0.21002668054757628,1
12:05:15.383968,207,1.3721419178508447,2.175952667834798,0.6428597720881997,-0.6958000185841229,17.519999608397484,1.0,2.0114462625959266,1
12:05:15.383968,207,1.2208949113539822,2.2303817317278773,1.037495345014376,-0.7655200204462744,105.5199976414442,1.0,0.6108878454166742,1
12:05:15.383968,207,1.1966313748555952,2.206847256651847,1.134217430070852,-0.7655200204462744,72.75999837368727,1.0,0.9316113381501983,1
12:05:15.383968,207,1.1725273173929678,2.196094728530641,1.2774293569967374,-0.6958000185841229,36.23999918997288,1.0,2.2511351690350527,1
12:05:15.383968,207,1.4019813458391777,2.2232722505202207,0.6133465799219897,-0.6958000185841229,20.75999953597784,1.0,2.237043470755358,1
12:05:15.383968,207,1.465766790648828,2.184284968685731,0.4861794141893654,-0.5566400148672983,9.239999793469906,0.9239999793469906,3.5455571531521852,1
12:05:15.383968,207,1.242542336171066,2.1835406755534965,1.3612517226098406,-0.6263600167294499,28.999999351799488,1.0,4.954656409471814,1
12:05:15.383968,207,1.3283126068085305,2.3239206250358686,0.5695439810515435,-0.5566400148672983,7.519999831914902,0.7519999831914902,6.997917455804645,1
12:05:15.383968,207,1.4884362046606403,2.125040389863436,0.5508416554659026,-0.5566400148672983,13.35999970138073,1.0,5.271919108210385,1
12:05:15.383968,207,1.445105338889682,2.1351308287985367,0.6537979508915193,-0.6958000185841229,11.359999746084211,1.0,3.5838367406026883,1
12:05:15.383968,207,1.3861203001491542,2.163300719199651,0.9330767379797008,-0.7655200204462744,34.51999922841787,1.0,2.0023191140615144,1
12:05:15.383968,207,1.3628213174211206,2.1554889172145426,1.0575628141821178,-0.7655200204462744,36.11999919265509,1.0,2.5491097250818555,1
12:05:15.383968,207,1.3370105958596157,2.142384038593798,1.178857979633644,-0.6263600167294499,24.879999443888664,1.0,3.3477042364240033,1
12:05:15.383968,207,1.2877799734408335,2.159098824689144,1.3678008968104662,-0.6263600167294499,20.359999544918537,1.0,5.854339506998482,1
12:05:15.383968,207,1.4640851768972478,2.139300091651338,0.5470207798875255,-0.5566400148672983,15.999999642372131,1.0,4.526750133676716,1
12:05:15.383968,207,1.4154437264432371,2.21211625227362,0.4787220442276689,-0.5566400148672983,9.519999787211418,0.9519999787211418,2.7541911945856308,1
12:05:15.383968,207,1.420925479175958,2.148972809769725,0.6500890032686422,-0.6958000185841229,13.35999970138073,1.0,2.948294731492217,1
12:05:15.383968,207,1.362394108583808,2.1765751347798705,0.929519869044986,-0.7655200204462744,41.51999907195568,1.0,1.4929562952473763,1
12:05:15.383968,207,1.339493934045384,2.168540206144575,1.0540657318531303,-0.7655200204462744,44.359999008476734,1.0,2.020690308257143,1
12:05:15.383968,207,1.2911080208468366,2.1677705607136697,1.1720556815329894,-0.6263600167294499,30.759999312460423,1.0,2.31893642030823,1
12:05:15.383968,207,1.2652244154967214,2.1714289915346234,1.3644970385616788,-0.6263600167294499,24.51999945193529,1.0,5.370000899086532,1
12:05:15.383968,207,1.4231075676928835,2.1956620861187885,0.5910529620372333,-0.6958000185841229,18.759999580681324,1.0,2.201028514714851,1
12:05:15.383968,207,1.3966035281047688,2.162580543035788,0.6464428221291825,-0.6958000185841229,15.519999653100967,1.0,2.4246422473453233,1
12:05:15.383968,207,1.3555082369862053,2.180047379380934,0.773036604195894,-0.7655200204462744,19.519999563694,1.0,0.9680124533121641,1
12:05:15.383968,207,1.338531678749019,2.1896197130576738,0.9260245848298438,-0.7655200204462744,50.35999887436628,1.0,1.0701601742666058,1
12:05:15.383968,207,1.3160326023984716,2.1813655210554423,1.050629199080089,-0.7655200204462744,55.11999876797199,1.0,1.575412790351296,1
12:05:15.383968,207,1.2679619179198385,2.180130022158769,1.1687439738198917,-0.7655200204462744,38.35999914258719,1.0,1.9272529340932318,1
12:05:15.383968,207,1.403700423483419,2.153394582491523,0.7801781995984425,-0.7655200204462744,17.11999961733818,1.0,1.9097932711727754,1
12:05:15.383968,207,1.300630309483773,2.2754896597859444,0.5993549672783935,-0.6263600167294499,15.119999662041664,1.0,1.7361360993629253,1
12:05:15.383968,207,1.2448684445303724,2.2184729102188885,1.040686304120516,-0.7655200204462744,85.9999980777502,1.0,0.7301965570929859,1
12:05:15.383968,207,1.2602659309863684,2.242955974524075,0.7849581854651717,-0.5566400148672983,34.11999923735857,1.0,0.16802065230408814,1
12:05:15.383968,207,1.2003234355475123,2.3377746516761424,0.6124365854188052,-0.6263600167294499,5.239999882876873,0.5239999882876873,3.475021727959902,1
12:05:15.383968,207,1.157386376825291,2.33912149580235,0.7161228811868856,-0.6263600167294499,8.759999804198742,0.8759999804198741,3.032354520484021,1
12:05:15.383968,207,1.134692357463181,2.300801826544648,0.769458436130769,-0.3480400092958007,35.35999920964241,1.0,1.343349708302693,1
12:05:15.383968,207,1.1180371205248023,2.296470690943855,0.897393951594766,-0.3480400092958007,93.6399979069829,1.0,1.1030957827962045,1
12:05:15.383968,207,1.0977522271133986,2.276220584193922,0.9973225021853044,-0.3480400092958007,114.11999744921924,1.0,1.0723816769211876,1
12:05:15.383968,207,1.032003708059786,2.259996302294567,1.2603069819116155,-0.6958000185841229,18.23999959230423,1.0,2.970785202438795,1
12:05:15.383968,207,1.109227132388814,2.311639215550944,0.7665545664984701,-0.3480400092958007,32.51999927312136,1.0,1.8651369506691489,1
12:05:15.383968,207,1.0929456790178604,2.307149006629082,0.8945327055303847,-0.3480400092958007,80.99999818950891,1.0,1.5454456557123812,1
12:05:15.383968,207,1.06809707578354,2.2546949539082743,0.9196659932281572,-0.3480400092958007,95.3599978685379,1.0,3.4275849816029114,1
12:05:15.383968,207,1.0239827931264616,2.243514129237397,1.015223623777056,-0.3480400092958007,51.87999884039164,1.0,5.522106075800423,1
12:05:15.383968,207,1.0556960664018755,2.249913402847185,1.2630086866759058,-0.6958000185841229,21.87999951094389,1.0,2.634279234578896,1
12:05:15.383968,207,1.0900915001367275,2.358616917927819,0.8406574762734671,-0.3480400092958007,29.35999934375286,1.0,4.141360505527237,1
12:05:15.383968,207,1.04346929048016,2.2648931211006813,0.916933402564674,-0.3480400092958007,78.11999825388193,1.0,4.13643355389491,1
12:05:15.383968,207,0.9997125274088238,2.2532879083404547,1.0126047475593911,-0.3480400092958007,41.879999063909054,1.0,6.3487102974178296,1
12:05:15.383968,207,1.015229067818712,2.326287221312304,0.8610432672702721,-0.3480400092958007,57.87999870628119,1.0,3.663142124133277,1
12:05:15.383968,207,0.9939031549013309,2.284573283298197,0.9116601189969362,-0.3480400092958007,63.879998572170734,1.0,5.910569920695644,1
12:05:15.383968,207,0.975342291276005,2.26282676990641,1.010048817306081,-0.3480400092958007,33.87999924272299,1.0,7.2982461206744365,1
12:05:15.383968,207,0.9897606849865924,2.335970658709704,0.8584485980396814,-0.3480400092958007,48.75999891012907,1.0,4.581495670864553,1
12:05:15.383968,207,0.968969761197912,2.294053310303575,0.90911995341662,-0.3480400092958007,52.3599988296628,1.0,6.981894541438567,1
12:05:15.383968,207,1.2762706246257516,2.240661128936837,0.6546583885175639,-0.6958000185841229,17.23999961465597,1.0,0.7464851548477784,1
12:05:15.383968,207,1.0677449438586872,2.317584427734104,0.8917365428726156,-0.3480400092958007,68.63999846577644,1.0,2.0816935152576392,1
12:05:15.383968,207,1.0976594582335806,2.222741530033031,1.0480311327094376,-0.3480400092958007,75.99999830126762,1.0,2.6035637728134517,1
12:05:15.383968,207,1.049575303418961,2.243482916067412,1.042473495071623,-0.3480400092958007,63.63999857753515,1.0,3.5740606984226373,1
12:05:15.383968,207,1.143016759256385,2.2855505485010443,0.9003199949435501,-0.3480400092958007,104.23999767005444,1.0,0.7522910711311946,1
12:05:15.383968,207,1.217259936768048,2.251350200932822,0.9094839504553188,-0.7655200204462744,100.3599977567792,1.0,0.23065411209789863,1
12:05:15.383968,207,1.1951748131008466,2.231918729193964,1.0091931484557437,-0.7655200204462744,124.6399972140789,1.0,0.2480475269216182,1
12:05:15.383968,207,1.1730146191557356,2.218291863091807,1.1311508570175726,-0.6958000185841229,83.75999812781811,1.0,0.8814128186794763,1
12:05:15.383968,207,1.1493862801544756,2.207308803282177,1.274424554723201,-0.6958000185841229,34.23999923467636,1.0,2.1590327957894635,1
12:05:15.383968,207,1.1222786525304822,2.2654985692742704,1.0001954574242595,-0.6958000185841229,130.99999707192185,1.0,0.7295243476750901,1
12:05:15.383968,207,1.2749610274305443,2.287928914119989,0.596021879125141,-0.6263600167294499,11.759999737143517,1.0,1.828049062524149,1
12:05:15.383968,207,1.2510821061044728,2.2528674067569265,0.6513877262330805,-0.6263600167294499,14.6399996727705,1.0,0.8517303142896606,1
12:05:15.383968,207,1.2353932816188449,2.255009183133593,0.7817285379520473,-0.5566400148672983,36.87999917566776,1.0,0.2171127909519405,1
12:05:15.383968,207,1.192630648051664,2.2629891754363247,0.9063652966363788,-0.7655200204462744,108.63999757170676,1.0,0.3175830185565568,1
12:05:15.383968,207,1.170992381190233,2.2433465341818164,1.0061310773379883,-0.7655200204462744,137.99999691545963,1.0,0.3188160780915094,1
12:05:15.383968,207,1.149280562976713,2.229507780770688,1.1281455609331426,-0.6958000185841229,88.87999801337719,1.0,0.9182497805025145,1
12:05:15.383968,207,1.102761718260322,2.229063607123807,1.268595372602339,-0.6958000185841229,30.51999931782484,1.0,2.2256623946395195,1
12:05:15.383968,207,1.3020969860357372,2.3366246334160565,0.5661399522654338,-0.5566400148672983,6.359999857842922,0.6359999857842922,7.050044172171221,1
12:05:15.383968,207,1.2491642503427365,2.30011960440971,0.5927553935068324,-0.6263600167294499,8.999999798834324,0.8999999798834324,2.0077076421609994,1
12:05:15.383968,207,1.2757511566552382,2.34907478737561,0.5628039435663283,-0.5566400148672983,5.239999882876873,0.5239999882876873,7.167361143514787,1
12:05:15.383968,207,1.160044114252449,2.2897190083226096,0.772428068323225,-0.5566400148672983,37.51999916136265,1.0,0.9195524995648526,1
12:05:15.383968,207,1.183245172597993,2.327817019533826,0.7191519064738934,-0.6263600167294499,9.519999787211418,0.9519999787211418,2.684530766240655,1
12:05:15.383968,207,1.079282856021788,2.2396021607517413,1.265771575668342,-0.6958000185841229,26.119999416172504,1.0,2.3865067539390172,1
12:05:15.383968,207,1.1215380875112515,2.212023539840504,1.05090300952601,-0.3480400092958007,85.75999808311462,1.0,2.281077412756707,1
12:05:15.383968,207,1.2264354305890932,2.326054208952712,0.6155770685814836,-0.6263600167294499,6.8799998462200165,0.6879999846220016,3.167765239742406,1
12:05:15.383968,207,1.1678820972696615,2.274389671305744,0.9033105429748536,-0.7655200204462744,109.9999975413084,1.0,0.49101392848230085,1
12:05:15.383968,207,1.1852798676021763,2.278391869157367,0.7754631661151068,-0.5566400148672983,38.1199991479516,1.0,0.5916734191609363,1
12:05:15.383968,207,1.2089856448447585,2.316263335866153,0.7222477066822512,-0.6263600167294499,11.9999997317791,1.0,2.4181443927041464,1
12:05:15.383968,207,1.1466928510225587,2.2545401873272306,1.0031317470173204,-0.6958000185841229,140.35999686270952,1.0,0.4788761491162785,1
12:05:15.409763,208,1.2564466839468964,2.1810754075309062,0.8151892419976581,-0.7655200204462744,43.75999902188778,1.0,0.5306319100319994,1
12:05:15.409763,208,1.347543094554717,2.189087846965479,0.6393402114476956,-0.6958000185841229,16.99999962002039,1.0,1.1773964236162215,1
12:05:15.409763,208,1.2822094433297333,2.218267839552235,0.762795462758648,-0.7655200204462744,31.75999929010868,1.0,0.44185204121391397,1
12:05:15.409763,208,1.3013315171538282,2.228212163080325,0.6579940788654186,-0.6958000185841229,17.359999611973763,1.0,0.9750841726018293,1
12:05:15.409763,208,1.280517545909163,2.168822709348842,0.8184723425806446,-0.7655200204462744,38.519999139010906,1.0,0.9133292414014994,1
12:05:15.409763,208,1.297420576035611,2.167341678108222,0.6905045892632042,-0.7655200204462744,28.879999354481697,1.0,0.9288130579401224,1
12:05:15.409763,208,1.3768475816547985,2.236693075200159,0.6097504807872407,-0.6958000185841229,5.239999882876873,0.5239999882876873,2.7846967725510208,1
12:05:15.409763,208,1.3900251743597711,2.10223994739464,0.6794449842015142,-0.7655200204462744,18.879999577999115,1.0,4.429805664584886,1
12:05:15.409763,208,1.3721419178508447,2.175952667834798,0.6428597720881997,-0.7655200204462744,15.75999964773655,1.0,1.4866373554513264,1
12:05:15.409763,208,1.369798243181423,2.1286937472061487,0.7008602711375489,-0.7655200204462744,21.99999950826168,1.0,2.6028475738959664,1
12:05:15.409763,208,1.3966035281047688,2.162580543035788,0.6464428221291825,-0.7655200204462744,13.999999687075617,1.0,1.9343747561402194,1
12:05:15.409763,208,1.420925479175958,2.148972809769725,0.6500890032686422,-0.7655200204462744,12.11999972909689,1.0,2.525285737675489,1
12:05:15.409763,208,1.445105338889682,2.1351308287985367,0.6537979508915193,-0.7655200204462744,10.359999768435957,1.0,3.264184306771837,1
12:05:15.409763,208,1.2762706246257516,2.240661128936837,0.6546583885175639,-0.6958000185841229,16.759999625384808,1.0,1.1059097966921525,1
12:05:15.409763,208,1.3458061294018708,2.1418092181960757,0.697345991277444,-0.7655200204462744,25.359999433159828,1.0,1.9042288038976503,1
12:05:15.409763,208,1.2575168014977345,2.230533877353132,0.7595087878355682,-0.7655200204462744,33.639999248087406,1.0,0.42464982957346187,1
12:05:15.409763,208,1.009175978221764,2.1556052789350213,0.8224556712032833,-0.2088800055789761,31.5199992954731,1.0,6.456732283950579,1
12:05:15.409763,208,1.260101334747499,2.2924129925731025,0.7286383869068291,-0.6958000185841229,15.359999656677246,1.0,3.5866899688084612,1
12:05:15.409763,208,1.2322501783688873,2.1930949902911787,0.8119686045036842,-0.7655200204462744,48.87999890744686,1.0,0.272719177665,1
12:05:15.409763,208,0.9097837535861796,2.2538780871510986,0.7818336096266512,-0.2088800055789761,47.23999894410372,1.0,5.602708514445226,1
12:05:15.409763,208,0.9594457530220042,2.2358221151280038,0.7866716927487984,-0.2088800055789761,53.87999879568815,1.0,4.092923692957312,1
12:05:15.409763,208,0.9841340762856696,2.2264352673510417,0.7891868910301092,-0.2088800055789761,60.51999864727259,1.0,3.4907647494288185,1
12:05:15.409763,208,1.0354717922541423,2.218983590745716,0.8186819834982062,-0.2088800055789761,70.75999841839075,1.0,2.0208654898401472,1
12:05:15.409763,208,1.05991082196014,2.208863585723268,0.8213936306713698,-0.2088800055789761,72.63999837636948,1.0,1.7207690560593467,1
12:05:15.409763,208,1.1322171527117617,2.2882535451028487,0.7440428494746387,-0.2088800055789761,28.23999936878681,1.0,2.006730932126107,1
12:05:15.409763,208,1.010929216236439,2.228867030812165,0.8160337237139597,-0.2088800055789761,66.35999851673841,1.0,2.427737869219974,1
12:05:15.409763,208,1.1575136074727312,2.277194902811972,0.7470060037458639,-0.2088800055789761,30.879999309778214,1.0,1.4800102448025396,1
12:05:15.409763,208,1.183245172597993,2.327817019533826,0.7191519064738934,-0.5566400148672983,11.879999734461308,1.0,5.3530175598407865,1
12:05:15.409763,208,1.1826943118427191,2.2658924725367613,0.7500344808106156,-0.5566400148672983,32.99999926239252,1.0,1.0549581097704366,1
12:05:15.409763,208,1.2089856448447585,2.316263335866153,0.7222477066822512,-0.5566400148672983,13.639999695122242,1.0,4.666639962665112,1
12:05:15.409763,208,1.2079304488054217,2.2048802556814544,0.8088107521597734,-0.7655200204462744,53.51999880373478,1.0,0.13577596511601897,1
12:05:15.409763,208,1.1342562958792064,2.2388184803280904,0.7997170322731613,-0.2088800055789761,58.75999868661165,1.0,0.4146916861388245,1
12:05:15.409763,208,1.232698409039134,2.2425607932331504,0.75628618543808,-0.5566400148672983,34.11999923735857,1.0,0.5236448334268572,1
12:05:15.441180,209,1.2345385613494717,2.125311429402262,1.4043428199328092,-0.6263600167294499,52.51999882608652,1.0,0.4011813512797341,1
12:05:15.441180,209,1.2034823425638117,2.0909903858120447,1.490772057286299,-0.6263600167294499,32.35999927669764,1.0,0.5511254604807262,1
12:05:15.441180,209,1.2679619179198385,2.180130022158769,1.1687439738198917,-0.6263600167294499,30.999999307096004,1.0,0.276063813804014,1
12:05:15.441180,209,1.2412377211303467,2.161119336279144,1.2868009851054878,-0.6263600167294499,52.3599988296628,1.0,0.16260039739595222,1
12:05:15.441180,209,1.151589531353452,2.048578625130796,1.5008267172158152,-0.6263600167294499,7.239999838173389,0.723999983817339,0.553372393431048,1
12:05:15.441180,209,1.1819071329593234,2.102511028060878,1.4876851104994362,-0.6263600167294499,32.99999926239252,1.0,0.500372344980483,1
12:05:15.441180,209,1.244689019863348,2.192265295181237,1.16549233721359,-0.6263600167294499,35.35999920964241,1.0,0.10654925552481824,1
12:05:15.441180,209,1.263895985265983,2.1490203689981064,1.2900428936176924,-0.6263600167294499,45.639998979866505,1.0,0.38917035924480353,1
12:05:15.441180,209,1.2184553342625075,2.1729988402443845,1.2836178816115194,-0.6263600167294499,55.519998759031296,1.0,0.1004139888941104,1
12:05:15.441180,209,1.2124065970622382,2.137129365241185,1.4011762135685668,-0.6263600167294499,56.23999874293804,1.0,0.27942383425618084,1
12:05:15.441180,209,1.2911080208468366,2.1677705607136697,1.1720556815329894,-0.6263600167294499,26.6399994045496,1.0,0.6170196987995457,1
12:05:15.441180,209,1.353242689269713,2.09845439108403,1.303592006564259,-0.6263600167294499,24.35999945551157,1.0,2.939113373902242,1
12:05:15.441180,209,1.256547072814868,2.113280309663997,1.4075665487507194,-0.6263600167294499,44.99999899417162,1.0,0.6799566560512661,1
12:05:15.441180,209,1.2864278608619857,2.136703148287864,1.2933432829599978,-0.6263600167294499,37.75999915599823,1.0,0.7801603071061189,1
12:05:15.441180,209,1.2676674700942336,2.036348121956528,1.4288352676059892,-0.6263600167294499,26.75999940186739,1.0,1.6626019032862573,1
12:05:15.441180,209,1.3001849465145765,2.0885833520949237,1.4141840785868585,-0.6263600167294499,36.75999917834997,1.0,1.7084508036729849,1
12:05:15.441180,209,1.331103446624424,2.111418895128759,1.3001181781752038,-0.6263600167294499,30.35999932140112,1.0,2.0552455476906992,1
12:05:15.441180,209,1.2887516298453987,2.0240014631862526,1.432143544852707,-0.6263600167294499,23.11999948322773,1.0,2.383807387113249,1
12:05:15.441180,209,1.321809944998079,2.07591998393918,1.417577217857648,-0.6263600167294499,29.35999934375286,1.0,2.457971428625762,1
12:05:15.441180,209,1.3433027635944952,2.0630483709872607,1.4210261561534006,-0.6263600167294499,23.35999947786331,1.0,3.364113463499789,1
12:05:15.441180,209,1.376692075171932,2.1076183142852654,1.3815950579991272,-0.6263600167294499,19.63999956101179,1.0,3.6657832862814397,1
12:05:15.441180,209,1.3646612530399718,2.049969800389679,1.424530548583176,-0.6263600167294499,18.759999580681324,1.0,4.426634663605881,1
12:05:15.441180,209,1.1901533931310535,2.148732935397085,1.3980670463159757,-0.6263600167294499,54.51999878138304,1.0,0.31463990430569144,1
12:05:15.441180,209,1.2249372049423222,2.079261922546835,1.4939146895466702,-0.6263600167294499,29.999999329447743,1.0,0.7513459909758595,1
12:05:15.441180,209,1.1602137336317415,2.1138226972387613,1.4846541578781745,-0.6263600167294499,31.87999928742647,1.0,0.5990381441637377,1
12:05:15.441180,209,1.195551102882065,2.1846576929533845,1.2804939014434693,-0.4872000130126253,53.35999880731106,1.0,0.2025146603489176,1
12:05:15.441180,209,1.2201284684205078,2.195175105901864,1.1373449734382444,-0.6263600167294499,38.87999913096428,1.0,0.08778849111146489,1
12:05:15.441180,209,1.0910427764936483,2.1816245440490736,0.9503234171720334,-0.4872000130126253,31.239999301731583,1.0,1.9057734224059208,1
12:05:15.441180,209,1.1317820423474698,2.226572786090117,0.7748601010178344,-0.4872000130126253,8.239999815821648,0.8239999815821648,2.200473758069295,1
12:05:15.441180,209,1.0542135744516068,2.2137892125265246,1.380635269396567,-0.6958000185841229,20.75999953597784,1.0,3.81269499986494,1
12:05:15.441180,209,1.0762597547236965,2.20646560908576,1.1675727316294446,-0.4872000130126253,26.119999416172504,1.0,2.451821061843992,1
12:05:15.441180,209,1.1200157667642867,2.202089735153089,1.026323256718895,-0.4872000130126253,35.51999920606613,1.0,1.3415804715602964,1
12:05:15.441180,209,1.139313577731751,2.211614522248364,0.9034927992754866,-0.4872000130126253,21.239999525249004,1.0,1.3783177679633964,1
12:05:15.441180,209,1.077147076217563,2.203495445486987,1.383393475961885,-0.7655200204462744,25.75999942421913,1.0,2.839769587560321,1
12:05:15.441180,209,1.05991082196014,2.208863585723268,0.8213936306713698,-0.4872000130126253,20.63999953866005,1.0,3.6118417255298585,1
12:05:15.441180,209,1.143749983724382,2.191156495271656,1.0292528095157805,-0.4872000130126253,38.99999912828207,1.0,0.8010877754348995,1
12:05:15.441180,209,1.1229759829445625,2.1852219154616512,1.1732649621802786,-0.4872000130126253,32.239999279379845,1.0,0.9922260803693694,1
12:05:15.441180,209,1.1381196867442696,2.130775983401481,1.5056307783990883,-0.6263600167294499,29.23999934643507,1.0,0.999817667157805,1
12:05:15.441180,209,1.1677811748576674,2.1601209795226666,1.3950156290891562,-0.6263600167294499,48.239998921751976,1.0,0.5067280630679323,1
12:05:15.441180,209,1.1725273173929678,2.196094728530641,1.2774293569967374,-0.4872000130126253,47.23999894410372,1.0,0.46874594836779776,1
12:05:15.441180,209,1.1452921794451636,2.171292358823058,1.3920222670272744,-0.6263600167294499,39.99999910593033,1.0,0.8555295638362989,1
12:05:15.441180,209,1.192491563071448,2.178493310750668,1.059887407332662,-0.4872000130126253,40.99999908357859,1.0,0.19974764162694159,1
12:05:15.441180,209,1.1689565108314877,2.189898323947796,1.056831443256825,-0.4872000130126253,40.99999908357859,1.0,0.43033596398399987,1
12:05:15.441180,209,1.1487536484034166,2.19937636199529,1.2497537907998677,-0.4872000130126253,39.63999911397696,1.0,0.7748172379231939,1
12:05:15.441180,209,1.1226886557742417,2.1822459561696896,1.389087259464029,-0.6263600167294499,32.239999279379845,1.0,1.36082848324583,1
12:05:15.441180,209,1.0941725117095344,2.152338988554226,1.4998529885820222,-0.6263600167294499,22.239999502897263,1.0,1.9899258292501956,1
12:05:15.441180,209,1.1162019088547672,2.1416636111382554,1.5027134473395287,-0.6263600167294499,25.75999942421913,1.0,1.4204708331757139,1
12:05:15.478314,210,1.308331454476328,2.118090489164844,1.0760722945971448,-0.5566400148672983,76.63999828696251,1.0,0.7168404187220621,1
12:05:15.478314,210,1.2603557774581855,2.1161375394502016,1.1917760649421547,-0.5566400148672983,73.35999836027622,1.0,0.5920202925099873,1
12:05:15.478314,210,1.2323786770267595,2.088877425274478,1.2832884079626228,-0.5566400148672983,47.23999894410372,1.0,1.0096074662890167,1
12:05:15.478314,210,1.339347583702915,2.081372816001232,0.7297401895456148,-0.6263600167294499,13.35999970138073,1.0,2.7466189398484286,1
12:05:15.478314,210,1.3057887601737164,2.12891819130745,0.9256512143681211,-0.5566400148672983,39.35999912023544,1.0,0.7332034478113889,1
12:05:15.478314,210,1.285415935878305,2.130617431232267,1.0727157105865472,-0.5566400148672983,100.99999774247408,1.0,0.3887777296677181,1
12:05:15.478314,210,1.2377609797505935,2.1282026171873727,1.1885432371058609,-0.5566400148672983,102.51999770849945,1.0,0.3664970249047119,1
12:05:15.478314,210,1.2392015815188682,2.1550041761996384,1.0661813019665165,-0.6263600167294499,116.63999739289284,1.0,0.05662404026345135,1
12:05:15.478314,210,1.18208444709617,2.0836800048807644,1.4161527278001955,-0.5566400148672983,25.75999942421913,1.0,1.9851021623424845,1
12:05:15.478314,210,1.3158888153926735,2.0941967296446635,0.7263040322410508,-0.6263600167294499,14.879999667406082,1.0,2.469375501748871,1
12:05:15.478314,210,1.2823794709772367,2.1414181878811105,0.9223018503808174,-0.5566400148672983,45.51999898254872,1.0,0.5299956814147133,1
12:05:15.478314,210,1.2150424069820236,2.1400488463316,1.1853690495733114,-0.5566400148672983,128.63999712467194,1.0,0.24511897118329543,1
12:05:15.478314,210,1.1887254471404691,2.119978422983142,1.301097356580396,-0.5566400148672983,66.23999851942062,1.0,0.8574564006535234,1
12:05:15.478314,210,1.347543094554717,2.189087846965479,0.6393402114476956,-0.6263600167294499,5.239999882876873,0.5239999882876873,3.314322049608891,1
12:05:15.478314,210,1.3290674715881696,2.116192707131923,0.9290609975762488,-0.5566400148672983,32.35999927669764,1.0,1.0478793453840745,1
12:05:15.478314,210,1.2109519516785212,2.1083887747902232,1.3042027934542495,-0.5566400148672983,58.35999869555235,1.0,0.9852084367813806,1
12:05:15.478314,210,1.3626724183768928,2.0683229530280896,0.733236889790605,-0.6263600167294499,11.639999739825726,1.0,3.137435660026741,1
12:05:15.478314,210,1.3762839174871135,2.07919048266866,1.0864955199233628,-0.4872000130126253,30.23999932408333,1.0,2.345250263984684,1
12:05:15.478314,210,1.3051650224504194,2.0913556859517124,1.1984163425740213,-0.5566400148672983,51.63999884575605,1.0,1.3544301952200382,1
12:05:15.478314,210,1.2922984593033455,2.1067934115777653,0.7229287614897646,-0.6263600167294499,15.999999642372131,1.0,2.3060151781328497,1
12:05:15.478314,210,1.3986624906607017,2.0657884092731,1.0900865946666056,-0.4872000130126253,23.23999948054552,1.0,3.1015702919399875,1
12:05:15.478314,210,1.3700883579340608,2.043881103488228,1.1844212931296818,-0.5566400148672983,21.119999527931213,1.0,3.1190431226380873,1
12:05:15.478314,210,1.337932954994667,2.002490354299154,1.2281130934842883,-0.5566400148672983,17.759999603033066,1.0,3.075160358188655,1
12:05:15.478314,210,1.4233445770079178,2.0738646862070893,0.9681193174257934,-0.5566400148672983,17.11999961733818,1.0,3.3726379489781424,1
12:05:15.478314,210,1.3481669703390988,2.057009377717388,1.1809035826519638,-0.5566400148672983,27.639999382197857,1.0,2.3844096112136284,1
12:05:15.478314,210,1.319497375211125,2.0395723925100926,1.29649965167463,-0.5566400148672983,22.359999500215054,1.0,2.8894325311124067,1
12:05:15.478314,210,1.3776575489034717,2.1009211904208795,0.960869548971699,-0.5566400148672983,20.999999530613422,1.0,1.9501956944492629,1
12:05:15.478314,210,1.3537677170748288,2.092375729155811,1.0829625437751251,-0.5566400148672983,40.51999909430742,1.0,1.6954276251553138,1
12:05:15.478314,210,1.3273749888481032,2.078641388354982,1.201823128347394,-0.5566400148672983,37.11999917030335,1.0,1.890701920204274,1
12:05:15.478314,210,1.2979102106978728,2.0522136054969264,1.293112448863458,-0.5566400148672983,28.519999362528324,1.0,2.2710123571246545,1
12:05:15.478314,210,1.3958518556936423,2.092154345778471,0.810877413547191,-0.5566400148672983,10.119999773800371,1.0,2.8803038037798885,1
12:05:15.478314,210,1.3522132773689577,2.1032430078922872,0.9325308590297352,-0.5566400148672983,25.999999418854717,1.0,1.47371411251685,1
12:05:15.478314,210,1.3311161410250247,2.1053428302209536,1.0794880195165475,-0.5566400148672983,55.63999875634909,1.0,1.1525019425632377,1
12:05:15.478314,210,1.2543486835475808,2.0768673545562444,1.286506496712614,-0.5566400148672983,36.87999917566776,1.0,1.3307752111278068,1
12:05:15.478314,210,1.2514044133503006,2.119513566154624,0.845334896258493,-0.6263600167294499,48.51999891549349,1.0,0.9619873142986801,1
12:05:15.478314,210,1.1935158206930667,2.025925892291908,1.506896498686353,-0.5566400148672983,9.239999793469906,0.9239999793469906,3.5167016007774095,1
12:05:15.478314,210,1.194893061629306,2.176737719025677,1.2558197969013118,-0.5566400148672983,129.87999709695578,1.0,0.7032669754368028,1
12:05:15.478314,210,1.16940353140523,2.1532540555120088,0.6826097433283445,-0.6958000185841229,17.999999597668648,1.0,3.6156649383702764,1
12:05:15.478314,210,1.1301116458386409,2.1651507458779795,0.805608029067344,-0.6958000185841229,29.639999337494373,1.0,2.5828469230311013,1
12:05:15.478314,210,1.102520119073691,2.2603026038874474,1.147261795290574,-0.5566400148672983,33.99999924004078,1.0,1.852925710760195,1
12:05:15.478314,210,1.079282856021788,2.2396021607517413,1.265771575668342,-0.5566400148672983,37.63999915868044,1.0,2.2759400654290296,1
12:05:15.478314,210,1.054055441104649,2.206911389383647,1.35629909580712,-0.5566400148672983,28.639999359846115,1.0,2.830122040476353,1
12:05:15.478314,210,1.145136971822081,2.1644325206564767,0.679614482620265,-0.6958000185841229,16.99999962002039,1.0,4.146989196845608,1
12:05:15.478314,210,1.1191017764706266,2.115223190343205,0.7096340311372555,-0.6958000185841229,24.51999945193529,1.0,4.09665603758387,1
12:05:15.478314,210,1.078425499247925,2.27083584992155,1.1444394205220578,-0.5566400148672983,25.75999942421913,1.0,2.4761917638939863,1
12:05:15.478314,210,1.0556960664018755,2.249913402847185,1.2630086866759058,-0.5566400148672983,27.759999379515648,1.0,2.861906052715357,1
12:05:15.478314,210,1.0310199747314506,2.2169816140468197,1.353600787241023,-0.5566400148672983,22.359999500215054,1.0,3.386980649270783,1
12:05:15.478314,210,1.1207558995011466,2.17537603382804,0.6766821771035851,-0.6958000185841229,15.75999964773655,1.0,4.7930133006389815,1
12:05:15.478314,210,1.0952750186084623,2.12591789790438,0.7067683928829518,-0.6958000185841229,20.359999544918537,1.0,4.730700995528481,1
12:05:15.478314,210,1.0542230377757402,2.2811358370262376,1.141679547295306,-0.5566400148672983,19.999999552965164,1.0,3.208935121427134,1
12:05:15.478314,210,1.0080326133699435,2.2337096446299136,1.3752976057015849,-0.5566400148672983,17.639999605715275,1.0,4.297533089970487,1
12:05:15.478314,210,1.008208150211504,2.2698498508123897,1.2576667315436842,-0.5566400148672983,16.519999630749226,1.0,4.349191331794754,1
12:05:15.478314,210,1.0769855028168251,2.1966191664219643,1.359056888638024,-0.5566400148672983,37.11999917030335,1.0,2.3739264054727762,1
12:05:15.478314,210,1.2201284684205078,2.195175105901864,1.1373449734382444,-0.5566400148672983,110.1199975386262,1.0,0.2479115037548047,1
12:05:15.478314,210,1.032003708059786,2.259996302294567,1.2603069819116155,-0.5566400148672983,21.119999527931213,1.0,3.5529981585291703,1
12:05:15.478314,210,1.149280562976713,2.229507780770688,1.1281455609331426,-0.5566400148672983,46.23999896645546,1.0,0.8263118669429608,1
12:05:15.478314,210,1.102761718260322,2.229063607123807,1.268595372602339,-0.5566400148672983,52.63999882340431,1.0,1.7950928924654148,1
12:05:15.478314,210,1.1663800710536183,2.1313528037338645,1.298049600443836,-0.5566400148672983,66.51999851316214,1.0,0.8298368626587301,1
12:05:15.478314,210,1.2414919260823754,2.118320243414636,0.6919702300683761,-0.6263600167294499,16.99999962002039,1.0,2.7090673537183103,1
12:05:15.478314,210,1.225202328109204,2.119643507172529,0.81780165692824,-0.6263600167294499,46.879998952150345,1.0,1.2619081829467649,1
12:05:15.478314,210,1.1966313748555952,2.206847256651847,1.134217430070852,-0.5566400148672983,87.51999804377556,1.0,0.3316108438228391,1
12:05:15.478314,210,1.1718819486228906,2.1881684595635984,1.2527569392052862,-0.5566400148672983,104.75999765843152,1.0,0.7709199695592142,1
12:05:15.478314,210,1.1439180579368562,2.142510779613845,1.295059829817629,-0.5566400148672983,58.75999868661165,1.0,0.9025392304589275,1
12:05:15.478314,210,1.1166485533676993,2.116988585910619,1.4072277204122192,-0.5566400148672983,21.87999951094389,1.0,1.8786315142524868,1
12:05:15.478314,210,1.138575101583746,2.10609660152551,1.4101462188321814,-0.5566400148672983,23.9999994635582,1.0,1.8182807530992686,1
12:05:15.478314,210,1.2175834175094995,2.1301967640361728,0.6887879259589438,-0.6263600167294499,18.11999959498644,1.0,2.896821281882879,1
12:05:15.478314,210,1.2016075227385872,2.131364196135253,0.8146611077859416,-0.6263600167294499,41.879999063909054,1.0,1.4250204896878917,1
12:05:15.478314,210,1.1730146191557356,2.218291863091807,1.1311508570175726,-0.5566400148672983,64.11999856680632,1.0,0.5243642991246834,1
12:05:15.478314,210,1.1487536484034166,2.19937636199529,1.2497537907998677,-0.5566400148672983,74.99999832361937,1.0,0.9433586021910558,1
12:05:15.478314,210,1.1213416539726755,2.153451234834845,1.2921283436763331,-0.5566400148672983,47.63999893516302,1.0,1.0757223645595193,1
12:05:15.478314,210,1.1935531516149658,2.141841756231785,0.6856676597042626,-0.6263600167294499,18.519999586045746,1.0,3.1989755822398527,1
12:05:15.478314,210,1.2452657148342576,2.178627729286097,0.6589769397320935,-0.6263600167294499,10.639999762177467,1.0,3.1014582289263948,1
12:05:15.478314,210,1.1778925576224042,2.142856394553248,0.8115817825005816,-0.6263600167294499,35.63999920338392,1.0,1.6994645982167107,1
12:05:15.519305,211,1.3282245647273976,2.0087742226444703,0.7381569460672583,-0.6263600167294499,28.639999359846115,1.0,1.48060394067841,1
12:05:15.519305,211,1.2981475570767391,2.0669608216234745,0.9539757164372336,-0.6263600167294499,35.11999921500683,1.0,0.6551220860275995,1
12:05:15.519305,211,1.2591553863847849,2.1073856936488964,1.1674052894804614,-0.4174800111504737,46.35999896377325,1.0,1.7969515261279763,1
12:05:15.519305,211,1.2284324321215625,2.055966214384437,1.187720311349633,-0.4174800111504737,35.11999921500683,1.0,2.220333138640883,1
12:05:15.519305,211,1.3358607581871984,2.0685229742910645,0.7053133681153123,-0.6263600167294499,19.239999569952488,1.0,2.2607640146255,1
12:05:15.519305,211,1.3054893732284134,2.021494189918703,0.7347486411083772,-0.6263600167294499,33.359999254345894,1.0,1.1180755138271934,1
12:05:15.519305,211,1.2075600415813486,2.0762752122159776,1.2083425003918302,-0.4174800111504737,45.51999898254872,1.0,1.5635457184402228,1
12:05:15.519305,211,1.2365821084686346,2.1194392803357824,1.1641755406618115,-0.4174800111504737,60.87999863922596,1.0,1.6189664327547695,1
12:05:15.519305,211,1.301399765955479,2.041420300463417,0.6294210926611252,-0.6263600167294499,19.35999956727028,1.0,0.8493148691505206,1
12:05:15.519305,211,1.2826236338858463,2.033993919778531,0.7313993485868293,-0.6263600167294499,37.51999916136265,1.0,0.8878710768102085,1
12:05:15.519305,211,1.2525457232846169,2.091599447510175,0.9473738165282796,-0.6263600167294499,43.63999902456999,1.0,0.2937573338157506,1
12:05:15.519305,211,1.3591248695435845,2.0555070850195545,0.7088009651343863,-0.6263600167294499,18.759999580681324,1.0,2.4741746846052433,1
12:05:15.519305,211,1.2150424069820236,2.1400488463316,1.1853690495733114,-0.4174800111504737,74.87999832630157,1.0,2.2847987438314616,1
12:05:15.519305,211,1.2754104101669164,2.079390255454504,0.9506452596798332,-0.6263600167294499,40.23999910056591,1.0,0.4200564470331383,1
12:05:15.519305,211,1.2721067110766309,2.031812056399757,1.194192398475482,-0.4174800111504737,26.87999939918518,1.0,3.1298838494072934,1
12:05:15.519305,211,1.395624183797966,1.969305725548453,0.748732497990606,-0.6263600167294499,20.359999544918537,1.0,3.384276526113733,1
12:05:15.519305,211,1.3230921844162755,2.064933522586152,0.9815906821369862,-0.6263600167294499,29.639999337494373,1.0,1.4695667074291092,1
12:05:15.519305,211,1.350826934882697,1.9958352899419016,0.7416239226358321,-0.6263600167294499,24.23999945819378,1.0,1.9774555467493966,1
12:05:15.519305,211,1.3822530695516917,2.0422671362274465,0.7123485987210612,-0.6263600167294499,17.879999600350857,1.0,2.792013901048818,1
12:05:15.519305,211,1.4207533858386263,2.020724814116182,0.5880582966108441,-0.6263600167294499,10.359999768435957,1.0,3.8517969678493253,1
12:05:15.519305,211,1.29375412486821,2.0194197971672345,1.1975128943292337,-0.4174800111504737,20.75999953597784,1.0,3.7812824136361636,1
12:05:15.519305,211,1.32152301434277,2.042538498928319,1.1048049911885025,-0.4872000130126253,26.239999413490292,1.0,1.7791187016076866,1
12:05:15.519305,211,1.3456072169611657,2.052044587094306,0.9850442619933232,-0.6263600167294499,24.63999944925308,1.0,1.9038837184115742,1
12:05:15.519305,211,1.4280924981428749,2.015120378289948,0.7196225505875371,-1.1830000315967482,16.759999625384808,1.0,3.7516884583762824,1
12:05:15.519305,211,1.3107219082375865,1.9801441275349425,1.1300121144365225,-0.4174800111504737,16.239999637007713,1.0,7.074683259722339,1
12:05:15.519305,211,1.34350291286235,2.0296673051018006,1.1082538171799428,-0.5566400148672983,20.239999547600743,1.0,2.4266007344186074,1
12:05:15.519305,211,1.3902313652393656,2.025617535346363,0.9921253691675198,-0.6263600167294499,20.359999544918537,1.0,3.101919726545997,1
12:05:15.519305,211,1.3653484622162315,2.016584448856409,1.1117593579455878,-0.5566400148672983,15.999999642372131,1.0,3.1947538572683167,1
12:05:15.519305,211,1.1853957941006992,2.087832397481962,1.2052457619330328,-0.4174800111504737,56.23999874293804,1.0,1.4276311239457913,1
12:05:15.519305,211,1.303921954048397,2.082627442942772,1.1740392427631745,-0.4872000130126253,34.759999223053455,1.0,2.447148269970968,1
12:05:15.519305,211,1.2780691596501912,2.0538782822684083,0.6260829864971562,-0.6263600167294499,18.879999577999115,1.0,0.8077867575527938,1
12:05:15.519305,211,1.259629633254474,2.0462721622614395,0.7281094034290603,-0.6263600167294499,39.99999910593033,1.0,0.7884229956539448,1
12:05:15.519305,211,1.2295557828793728,2.1035871768815118,0.9441617141241472,-0.6263600167294499,43.99999901652336,1.0,0.27510499077766654,1
12:05:15.519305,211,0.9836082213848562,2.214466302518868,1.2757794055642693,-0.4174800111504737,14.51999967545271,1.0,4.890505122506427,1
12:05:15.519305,211,1.0068231758831898,2.204853177163838,1.2783552347398883,-0.4174800111504737,18.35999958962202,1.0,4.05682968237613,1
12:05:15.519305,211,1.0314356846509445,2.2520348613708,1.235643988417565,-0.4174800111504737,19.519999563694,1.0,7.415691961511831,1
12:05:15.519305,211,1.029937448907452,2.1950162969623035,1.2809910188459317,-0.4174800111504737,23.639999471604824,1.0,3.3385517442544606,1
12:05:15.519305,211,1.055115002522303,2.2419575116349844,1.2383442061411227,-0.4174800111504737,25.23999943584204,1.0,6.865763876634219,1
12:05:15.519305,211,1.1191017764706266,2.115223190343205,0.7096340311372555,-0.6263600167294499,24.879999443888664,1.0,2.9043597795792486,1
12:05:15.519305,211,1.0523691773274215,2.177200412280854,1.25962233492116,-0.4174800111504737,30.879999309778214,1.0,2.639936965887621,1
12:05:15.519305,211,1.0762597547236965,2.20646560908576,1.1675727316294446,-0.4174800111504737,33.2399992570281,1.0,3.7046598083009483,1
12:05:15.519305,211,1.1038203128366018,2.1147798825485884,0.8333948031957084,-0.6263600167294499,26.239999413490292,1.0,2.898244768944741,1
12:05:15.519305,211,1.142816625092728,2.1042988725461083,0.7125611932688485,-0.6263600167294499,29.23999934643507,1.0,2.2279509306134724,1
12:05:15.519305,211,1.075262555833984,2.166924654679617,1.2623757158720292,-0.4174800111504737,40.3599990978837,1.0,2.118827355869569,1
12:05:15.519305,211,1.1229759829445625,2.1852219154616512,1.1732649621802786,-0.4174800111504737,44.519999004900455,1.0,2.862215962558739,1
12:05:15.519305,211,1.1504896319140392,2.0930041952132963,0.8392295810318326,-0.6263600167294499,31.359999299049377,1.0,1.7537586414175976,1
12:05:15.519305,211,1.203656799257165,2.076036631075759,0.5925885636215136,-0.6263600167294499,15.75999964773655,1.0,1.8635486456664916,1
12:05:15.519305,211,1.1664171930097729,2.093146036935718,0.7155495865639698,-0.6263600167294499,33.7599992454052,1.0,1.6819841967496778,1
12:05:15.519305,211,1.1922023309907188,2.151675042269891,1.1822538197606,-0.4174800111504737,80.35999820381403,1.0,2.292478016782986,1
12:05:15.519305,211,1.1631130080337653,2.0991749182758435,1.2022065426461792,-0.4174800111504737,62.639998599886894,1.0,1.4141259809790991,1
12:05:15.519305,211,1.1365831099286186,2.070514429814857,1.2921352740705605,-0.4174800111504737,17.759999603033066,1.0,6.038783582199931,1
12:05:15.519305,211,1.254610747499706,2.066110288588753,0.6228054302818076,-0.6263600167294499,17.999999597668648,1.0,0.8887318801219893,1
12:05:15.519305,211,1.1966987704989394,2.070331340982676,0.8453047540130358,-0.6263600167294499,41.51999907195568,1.0,1.1377635971049544,1
12:05:15.519305,211,1.169243035765143,2.163080042392394,1.1791978591880987,-0.4174800111504737,73.23999836295843,1.0,2.3910859780802634,1
12:05:15.519305,211,1.213266058244593,2.070159296111985,0.7217088652043127,-0.6263600167294499,40.11999910324812,1.0,0.9776876787064375,1
12:05:15.519305,211,1.140713911640485,2.1103016403550447,1.1992251464506516,-0.4174800111504737,60.51999864727259,1.0,1.5227989529429116,1
12:05:15.519305,211,1.2272918442898109,2.064295953113118,0.5957344688001971,-0.6263600167294499,16.99999962002039,1.0,1.5268988810798287,1
12:05:15.519305,211,1.1899011201847425,2.08176579878625,0.7185989121857936,-0.6263600167294499,37.75999915599823,1.0,1.2654289818197992,1
12:05:15.519305,211,1.1736528833590136,2.0817793555263133,0.8422372677611287,-0.6263600167294499,36.75999917834997,1.0,1.380044588999636,1
12:05:15.519305,211,1.1461668172155837,2.174262706208652,1.1762014734493036,-0.4174800111504737,58.75999868661165,1.0,2.580799197633814,1
12:05:15.519305,211,1.1182007448117317,2.1212114510566806,1.1963018714835718,-0.4174800111504737,51.35999885201454,1.0,1.7538166165601963,1
12:05:15.575211,212,1.2835998876078791,1.9649078285569368,1.244068657965277,-0.4872000130126253,24.35999945551157,1.0,4.376294389098041,1
12:05:15.575211,212,1.417814582870575,1.955717746791786,0.7523733859252264,-0.4174800111504737,25.87999942153692,1.0,0.49139867004365934,1
12:05:15.575211,212,1.376566774847428,1.9708549375395368,0.8719593759815776,-1.2524400334514212,47.23999894410372,1.0,0.20675635369951972,1
12:05:15.575211,212,1.3416793079570573,2.0201461152134312,1.0842123561485866,-0.4872000130126253,34.51999922841787,1.0,0.4426310905568439,1
12:05:15.575211,212,1.3107219082375865,1.9801441275349425,1.1300121144365225,-0.4872000130126253,34.99999921768904,1.0,1.600317615285697,1
12:05:15.575211,212,1.4507991428214952,2.0012162837976084,0.7233481414782454,-0.3480400092958007,10.239999771118164,1.0,2.577200805733199,1
12:05:15.575211,212,1.4280924981428749,2.015120378289948,0.7196225505875371,-0.3480400092958007,7.879999823868275,0.7879999823868274,2.6793517346721947,1
12:05:15.575211,212,1.3352940324441478,2.00843061158635,0.8887496928074121,-0.4174800111504737,55.23999876528978,1.0,0.06755847866536413,1
12:05:15.575211,212,1.3575029739520788,1.9954252926320457,0.8922344575185273,-0.4174800111504737,52.11999883502722,1.0,0.08049294667105023,1
12:05:15.575211,212,1.3197292438727988,2.0329998383132586,1.0807682114242545,-0.4872000130126253,45.11999899148941,1.0,0.2985281388037066,1
12:05:15.575211,212,1.2892783116107107,1.992701268700827,1.12664743860188,-0.4872000130126253,45.2399989888072,1.0,1.3458088121585106,1
12:05:15.575211,212,1.262600011091604,1.97720513196501,1.2407736054480036,-0.4174800111504737,28.759999357163903,1.0,3.999340528842647,1
12:05:15.575211,212,1.3822530695516917,2.0422671362274465,0.7123485987210612,-0.3480400092958007,6.11999986320734,0.611999986320734,3.0639506306937454,1
12:05:15.575211,212,1.350826934882697,1.9958352899419016,0.7416239226358321,-0.4174800111504737,18.879999577999115,1.0,0.577910206351557,1
12:05:15.575211,212,1.3320344337717618,1.9673804884397168,1.1334321212245702,-0.4872000130126253,27.239999391138557,1.0,1.9345063588239233,1
12:05:15.575211,212,1.395624183797966,1.969305725548453,0.748732497990606,-0.4174800111504737,22.239999502897263,1.0,0.44689131707904733,1
12:05:15.575211,212,1.3786963073633949,1.964157305453525,1.019671854765429,-0.4872000130126253,26.87999939918518,1.0,0.8068909164910677,1
12:05:15.575211,212,1.6108865596965225,1.8239812862033613,0.7876720641536292,-1.2524400334514212,27.519999384880062,1.0,4.5742325515258715,1
12:05:15.575211,212,1.4398632016727435,1.941916108209918,0.756071523837464,-0.4174800111504737,29.759999334812164,1.0,0.6115733702552015,1
12:05:15.575211,212,1.6315617115443122,1.808321333425578,0.7918681358539457,-1.2524400334514212,24.35999945551157,1.0,5.487060649433975,1
12:05:15.575211,212,1.648362817131301,1.8664150577352647,0.7594680211403757,-1.2524400334514212,19.999999552965164,1.0,4.765233445219808,1
12:05:15.575211,212,1.2976472079698234,2.045640900932849,1.0773810489038642,-0.4872000130126253,59.35999867320061,1.0,0.2217176228747068,1
12:05:15.575211,212,1.605558152139345,1.8978465677658989,0.7510459734107764,-1.2524400334514212,21.119999527931213,1.0,3.7445817375974273,1
12:05:15.575211,212,1.6695189633163317,1.8503907860560769,0.7637617117961111,-1.2524400334514212,18.23999959230423,1.0,5.406433379658128,1
12:05:15.575211,212,1.5690550776882977,1.8546981869566992,0.7794414954027853,-1.2524400334514212,30.759999312460423,1.0,3.0457748183103055,1
12:05:15.575211,212,1.5839139137630571,1.9132506629926755,0.7469184585346298,-1.1830000315967482,21.639999516308308,1.0,3.358009416374486,1
12:05:15.575211,212,1.3984541614652433,1.9574525041975896,0.8755505471721641,-1.2524400334514212,41.51999907195568,1.0,0.3686972746247108,1
12:05:15.575211,212,1.547902930641018,1.8697520632679132,0.7754078214022373,-1.2524400334514212,33.359999254345894,1.0,2.4234001003407744,1
12:05:15.575211,212,1.5265959945975085,1.8846008762502575,0.7714290939550574,-1.2524400334514212,34.879999220371246,1.0,1.8913998479756233,1
12:05:15.575211,212,1.540152447061944,1.9434278320400995,0.738832510458515,-1.1830000315967482,18.999999575316902,1.0,2.816007197485277,1
12:05:15.575211,212,1.5051364002335226,1.899243141034874,0.7675057109306569,-1.2524400334514212,34.759999223053455,1.0,1.4468565624837078,1
12:05:15.575211,212,1.495774939944636,1.9727536156157104,0.7309746904320202,-1.1830000315967482,16.119999639689922,1.0,2.5626407894669665,1
12:05:15.575211,212,1.4617678353610637,1.9279021899551447,0.7598265419166264,-0.4174800111504737,32.87999926507473,1.0,0.8093961620200254,1
12:05:15.575211,212,1.4733607088013143,1.987093558819308,0.7271323142311081,-0.3480400092958007,13.119999706745148,1.0,2.5376003170259622,1
12:05:15.575211,212,1.5621112853223975,1.9284449242218733,0.7428471685086786,-1.1830000315967482,20.87999953329563,1.0,3.0495111294738417,1
12:05:15.575211,212,1.2721067110766309,2.031812056399757,1.194192398475482,-0.4872000130126253,58.51999869197607,1.0,0.7873073730890188,1
12:05:15.575211,212,1.0986254989600346,2.187128707001728,1.146038213450546,-0.4174800111504737,32.119999282062054,1.0,3.1372934158558055,1
12:05:15.575211,212,1.1936948764087467,2.007574513233592,1.437199934113722,-0.4872000130126253,10.359999768435957,1.0,6.630619463044018,1
12:05:15.575211,212,1.1153087984807444,2.0889268306970497,1.3126903026385208,-0.4174800111504737,28.11999937146902,1.0,2.436753123940705,1
12:05:15.575211,212,1.1619100510738862,2.1489793165266384,0.9590706795234004,-0.4174800111504737,32.63999927043915,1.0,3.0395272633930035,1
12:05:15.575211,212,1.1450751822656582,2.1654555006965683,1.1518455315774063,-0.4174800111504737,55.87999875098467,1.0,2.395849688536864,1
12:05:15.575211,212,1.0932970277908758,2.0995936663875123,1.3098321326294655,-0.4174800111504737,23.639999471604824,1.0,2.6352522149583484,1
12:05:15.575211,212,1.1219064354646526,2.176404272153198,1.1489118171074897,-0.4174800111504737,42.23999905586243,1.0,2.7386577992422314,1
12:05:15.575211,212,1.075262555833984,2.166924654679617,1.2623757158720292,-0.4174800111504737,36.51999918371439,1.0,2.0751291110374055,1
12:05:15.575211,212,1.0489477121421118,2.1202868509077164,1.304287410548449,-0.4174800111504737,19.63999956101179,1.0,3.2559829418266117,1
12:05:15.575211,212,1.0523691773274215,2.177200412280854,1.25962233492116,-0.4174800111504737,28.11999937146902,1.0,2.4739657472125502,1
12:05:15.575211,212,1.051736380122615,2.2079002996772035,1.140472481967644,-0.4174800111504737,24.99999944120645,1.0,4.104459013029627,1
12:05:15.575211,212,1.0293705627848024,2.187254526733485,1.2569283430729672,-0.4174800111504737,22.11999950557947,1.0,2.9369405571591463,1
12:05:15.575211,212,1.0291130369701231,2.226802626070896,1.1621234443518196,-0.4174800111504737,19.759999558329586,1.0,4.932716232691166,1
12:05:15.575211,212,1.222977566808006,2.024925140172819,1.304350887413653,-0.4174800111504737,32.99999926239252,1.0,2.6884642198615976,1
12:05:15.575211,212,1.140713911640485,2.1103016403550447,1.1992251464506516,-0.4174800111504737,61.99999861419201,1.0,1.0267030952847227,1
12:05:15.575211,212,1.164088214788914,2.1266048897734584,1.0822794696509483,-0.4174800111504737,72.87999837100506,1.0,1.2563535182061822,1
12:05:15.575211,212,1.1182007448117317,2.1212114510566806,1.1963018714835718,-0.4174800111504737,47.75999893248081,1.0,1.2980185541631024,1
12:05:15.575211,212,1.1372090392251717,2.078047914514344,1.3156052994442025,-0.4174800111504737,32.51999927312136,1.0,2.312549857889647,1
12:05:15.575211,212,1.2981475570767391,2.0669608216234745,0.9539757164372336,-0.4174800111504737,55.75999875366688,1.0,0.836230707629407,1
12:05:15.575211,212,1.1853032342220835,2.137643052650622,0.962108222274165,-0.4174800111504737,37.99999915063381,1.0,2.6004975866046083,1
12:05:15.575211,212,1.275435408433221,2.05806803897653,1.0740512073008297,-0.4872000130126253,76.51999828964472,1.0,0.21106603853265082,1
12:05:15.575211,212,1.2284324321215625,2.055966214384437,1.187720311349633,-0.4174800111504737,73.23999836295843,1.0,0.6054790541030062,1
12:05:15.575211,212,1.2015570276309735,2.0366348403995818,1.3012132826942815,-0.4174800111504737,36.11999919265509,1.0,2.5258647343909018,1
12:05:15.575211,212,1.2754104101669164,2.079390255454504,0.9506452596798332,-0.4174800111504737,53.51999880373478,1.0,1.0025946125139964,1
12:05:15.575211,212,1.2064099343493786,2.067725697741033,1.184569367280826,-0.4174800111504737,84.63999810814857,1.0,0.6201856742188024,1
12:05:15.575211,212,1.1800163337578438,2.048137052079247,1.2981312743635431,-0.4174800111504737,37.239999167621136,1.0,2.4400513242400597,1
12:05:15.575211,212,1.2547992693581382,2.079869341409092,1.094802222093006,-0.4174800111504737,92.11999794095756,1.0,0.4630299214163275,1
12:05:15.575211,212,1.2096856711324744,2.103675230937116,1.0884234532188677,-0.4174800111504737,97.87999781221151,1.0,0.736789093889934,1
12:05:15.575211,212,1.1853957941006992,2.087832397481962,1.2052457619330328,-0.4174800111504737,86.23999807238579,1.0,0.6860016918330178,1
12:05:15.575211,212,1.1583576392399566,2.0594306250002816,1.29510517061969,-0.4174800111504737,35.879999198019505,1.0,2.4305126627397255,1
12:05:15.575211,212,1.231731685081474,2.114295510399922,0.9683641773654914,-0.4174800111504737,43.63999902456999,1.0,1.8907767877221384,1
12:05:15.575211,212,1.1869462897779708,2.115250170672152,1.0853219574644255,-0.4174800111504737,89.51999799907207,1.0,0.9659709252299454,1
12:05:15.575211,212,1.1631130080337653,2.0991749182758435,1.2022065426461792,-0.4174800111504737,76.7599982842803,1.0,0.8226946183108748,1
12:05:15.575211,212,1.2525457232846169,2.091599447510175,0.9473738165282796,-0.4174800111504737,49.11999890208244,1.0,1.2287405284103312,1
12:05:15.630197,213,1.3251693030417158,1.947897275400271,0.918619759933121,-0.4872000130126253,128.11999713629484,1.0,0.6087319080998863,1
12:05:15.630197,213,1.3194008002137014,1.9494034436563568,0.770899246550603,-0.4174800111504737,68.63999846577644,1.0,0.987273902824526,1
12:05:15.630197,213,1.28752830851743,1.9833953480930584,1.1031971479185805,-0.4174800111504737,69.6399984434247,1.0,1.5422483225440233,1
12:05:15.630197,213,1.2613974825598218,1.9689143396066071,1.2175830048209997,-0.3480400092958007,33.87999924272299,1.0,2.211550496608667,1
12:05:15.630197,213,1.3617181564469136,1.944125030686032,0.6742157822151671,-0.6263600167294499,23.75999946892261,1.0,1.807677848697086,1
12:05:15.630197,213,1.2892965032679284,2.005381770007828,0.9821988484854552,-0.4174800111504737,159.23999644070864,1.0,1.4354158073620558,1
12:05:15.630197,213,1.2148440157691605,1.9667413382256504,1.1420919828291884,-0.3480400092958007,58.35999869555235,1.0,2.1663811550464778,1
12:05:15.630197,213,1.2360006118367368,1.954904569240187,1.1452636355198371,-0.3480400092958007,44.87999899685383,1.0,2.227510383194093,1
12:05:15.630197,213,1.1936948764087467,2.007574513233592,1.437199934113722,-0.4872000130126253,19.879999555647373,1.0,5.425563427973208,1
12:05:15.630197,213,1.297324259911211,1.9620413602693847,0.7675129270001304,-0.4174800111504737,71.75999839603901,1.0,0.9463258303850531,1
12:05:15.630197,213,1.2672276425653084,2.0177289361150264,0.9788904352982182,-0.4174800111504737,180.35999596863985,1.0,1.1310837356799512,1
12:05:15.630197,213,1.2443152272842573,2.007851893363543,1.096644036363699,-0.4174800111504737,148.7599966749549,1.0,0.8674930965889874,1
12:05:15.630197,213,1.3631558694530568,1.9234910728069583,0.7778424453936752,-0.4174800111504737,62.1199986115098,1.0,1.3878019876685046,1
12:05:15.630197,213,1.2659850666238532,1.9957279731735649,1.0998926309877028,-0.4174800111504737,102.63999770581722,1.0,1.1611908230913484,1
12:05:15.630197,213,1.3796611500115528,1.917663256156948,0.6543756052304868,-1.878800050180871,22.359999500215054,1.0,2.459981386306771,1
12:05:15.630197,213,1.3089427986588476,1.9708552513741988,1.106557256707407,-0.4174800111504737,48.75999891012907,1.0,2.0072429315352505,1
12:05:15.630197,213,1.3054893732284134,2.021494189918703,0.7347486411083772,-0.5566400148672983,23.35999947786331,1.0,2.7393599500428474,1
12:05:15.630197,213,1.4701203534051015,1.8550584500296488,0.7961789114027988,-1.8090800483187195,34.35999923199415,1.0,4.130340566588853,1
12:05:15.630197,213,1.4284157233884482,1.8703503182787655,0.9131794495252938,-1.8090800483187195,46.879998952150345,1.0,3.329508340502083,1
12:05:15.630197,213,1.4665578426561563,1.86267119627025,0.6691106832672513,-1.878800050180871,15.999999642372131,1.0,4.181194376108534,1
12:05:15.630197,213,1.4277607307774915,1.883050764294579,0.7886783934012327,-1.8090800483187195,39.99999910593033,1.0,2.744278292393139,1
12:05:15.630197,213,1.4074655563134353,1.884046686950989,0.9095095186003328,-1.8090800483187195,59.11999867856503,1.0,2.6334460009830525,1
12:05:15.630197,213,1.2823773583233224,1.9566287484257496,1.2208749190564492,-0.3480400092958007,25.75999942421913,1.0,2.6491927297552413,1
12:05:15.630197,213,1.3659737460281258,1.9031391691980053,1.0470998817302404,-1.8090800483187195,26.75999940186739,1.0,2.5225198409915937,1
12:05:15.630197,213,1.4063656945441732,1.8967386576005287,0.7850107334438201,-0.4174800111504737,46.63999895751476,1.0,2.1943005144305863,1
12:05:15.630197,213,1.3651450951076172,1.9108289414446256,0.902333235137278,-0.4174800111504737,76.11999829858541,1.0,1.5276297175995208,1
12:05:15.630197,213,1.3450565961315557,1.9162325491337515,1.0435915211502635,-0.4174800111504737,35.51999920606613,1.0,1.94406539723692,1
12:05:15.630197,213,1.3044714052107949,1.9524083001633603,1.247417896504106,-0.3480400092958007,19.999999552965164,1.0,3.697252545306193,1
12:05:15.630197,213,1.4015977371380504,1.9042306955755317,0.6579748489905595,-1.878800050180871,20.359999544918537,1.0,2.737012600069535,1
12:05:15.630197,213,1.384830022919655,1.9102192097859636,0.7813986303722074,-0.4174800111504737,54.35999878495932,1.0,1.741511711848007,1
12:05:15.630197,213,1.343779032987477,1.923912149063026,0.898827600221519,-0.4174800111504737,98.99999778717756,1.0,1.1211543644700537,1
12:05:15.630197,213,1.4450482559680924,1.876733290773461,0.665342756401226,-1.878800050180871,18.11999959498644,1.0,3.599331938468209,1
12:05:15.630197,213,1.2751179882696284,1.974465405546341,0.7641839141014422,-0.5566400148672983,70.35999842733145,1.0,1.016194493758284,1
12:05:15.630197,213,1.3282245647273976,2.0087742226444703,0.7381569460672583,-0.4174800111504737,23.9999994635582,1.0,2.9563368822171663,1
12:05:15.630197,213,1.2241826028379714,2.029121251585918,1.1168887335994646,-0.4174800111504737,188.7599957808852,1.0,1.2933088379530973,1
12:05:15.630197,213,1.117135745375581,2.112619138301329,1.17254020613724,-0.4174800111504737,62.759998597204685,1.0,3.4197488715577498,1
12:05:15.630197,213,1.085428174197982,2.0334181104403237,1.1242259955603529,-0.4174800111504737,44.519999004900455,1.0,4.36122796075442,1
12:05:15.630197,213,1.1664171930097729,2.093146036935718,0.7155495865639698,-0.5566400148672983,16.519999630749226,1.0,3.419716775786216,1
12:05:15.630197,213,1.13928123440458,2.0444503176396505,0.7454315134236769,-0.5566400148672983,36.63999918103218,1.0,4.013609214904143,1
12:05:15.630197,213,1.1112856928152142,2.10863899713329,0.9809581021587536,-0.5566400148672983,53.99999879300594,1.0,2.0136789090411704,1
12:05:15.630197,213,1.094532307952592,2.123300763535707,1.1696780732818366,-0.4174800111504737,43.99999901652336,1.0,3.4405218100499972,1
12:05:15.630197,213,1.0634662882640706,2.0437965599918773,1.1214450983843267,-0.4174800111504737,33.639999248087406,1.0,5.199779628444168,1
12:05:15.630197,213,1.1162297187802257,2.055343689580208,0.7425126432093525,-0.5566400148672983,31.359999299049377,1.0,4.993253634914013,1
12:05:15.630197,213,1.0718194182158076,2.1337635258973355,1.1668745845564397,-0.4174800111504737,31.999999284744263,1.0,3.568079985546584,1
12:05:15.630197,213,1.041398056592306,2.0539623586374405,1.1187211808468307,-0.4174800111504737,25.63999942690134,1.0,6.188665641773467,1
12:05:15.630197,213,1.0650557851122802,2.129661541823088,0.9753251282862752,-0.5566400148672983,33.639999248087406,1.0,2.9432521350860004,1
12:05:15.630197,213,1.0270525654671443,2.1626600882890603,1.1851957426097852,-0.4174800111504737,24.23999945819378,1.0,4.890196711555005,1
12:05:15.630197,213,1.019225685987366,2.0639144898056667,1.1160545153373358,-0.4174800111504737,19.759999558329586,1.0,7.334413976749979,1
12:05:15.630197,213,1.0040030361645065,2.172469415115555,1.1825673414083329,-0.4174800111504737,18.879999577999115,1.0,5.2590516221858365,1
12:05:15.630197,213,1.132231437541393,2.087280786204989,0.9602540732345224,-0.5566400148672983,70.23999843001366,1.0,1.2835595057174598,1
12:05:15.630197,213,1.1622188228599846,2.0333348335363257,0.7484098984126437,-0.5566400148672983,42.87999904155731,1.0,3.1811313492143656,1
12:05:15.630197,213,1.0882251497653774,2.119261907060502,0.9781117020224888,-0.5566400148672983,42.23999905586243,1.0,2.41541095719502,1
12:05:15.630197,213,1.1072815182238458,2.0228280478190395,1.127063594287521,-0.4174800111504737,58.11999870091677,1.0,3.6668368767607773,1
12:05:15.630197,213,1.1899011201847425,2.08176579878625,0.7185989121857936,-0.5566400148672983,18.11999959498644,1.0,3.042916823940905,1
12:05:15.630197,213,1.1935659363178048,1.9783731617627427,1.1389752451059232,-0.4174800111504737,71.23999840766191,1.0,2.219970196030114,1
12:05:15.630197,213,1.2826236338858463,2.033993919778531,0.7313993485868293,-0.5566400148672983,22.75999949127436,1.0,2.608346331225604,1
12:05:15.630197,213,1.2527842058975138,1.9866743370931084,0.760912540753039,-0.5566400148672983,65.23999854177237,1.0,1.200851322249679,1
12:05:15.630197,213,1.2450320601601164,2.0298623196015586,0.9756393049915448,-0.4174800111504737,178.23999601602554,1.0,0.9130082872695491,1
12:05:15.630197,213,1.1801697607460806,2.052346285674595,1.1106656044712182,-0.4174800111504737,181.999995931983,1.0,1.012213822528445,1
12:05:15.630197,213,1.1506538503596868,2.0010173404120724,1.1329077557235692,-0.4174800111504737,76.87999828159809,1.0,2.687631019983777,1
12:05:15.630197,213,1.259629633254474,2.0462721622614395,0.7281094034290603,-0.5566400148672983,21.51999951899052,1.0,2.5679223169505354,1
12:05:15.630197,213,1.222711975591997,2.04178070713924,0.972445782675742,-0.4174800111504737,153.87999656051397,1.0,0.785558012150992,1
12:05:15.630197,213,1.2002696208507078,2.053482906899303,0.9693101877003656,-0.5566400148672983,121.63999728113411,1.0,0.7535080698243745,1
12:05:15.630197,213,1.15798521240177,2.063638800898784,1.1076397841363803,-0.4174800111504737,136.5199969485402,1.0,1.01800401354746,1
12:05:15.630197,213,1.1290241350255692,2.012027431125416,1.1299576108083351,-0.4174800111504737,71.11999841034412,1.0,3.11078994891762,1
12:05:15.630197,213,1.213266058244593,2.070159296111985,0.7217088652043127,-0.5566400148672983,19.879999555647373,1.0,2.7795062040419802,1
12:05:15.630197,213,1.1850401904068109,2.021998348809334,0.751447500340249,-0.5566400148672983,50.1199988797307,1.0,2.48941888066065,1
12:05:15.630197,213,1.1550270897178012,2.0762340839815008,0.9632140281743328,-0.5566400148672983,92.63999792933464,1.0,0.9967283685374907,1
12:05:15.630197,213,1.230325146154393,1.998666934026759,0.7576991340895156,-0.5566400148672983,57.87999870628119,1.0,1.5046788911698394,1
12:05:15.630197,213,1.13568486650638,2.074716468796249,1.1046715319692346,-0.4174800111504737,92.51999793201684,1.0,1.128425591080028,1
12:05:15.682230,214,1.2556933146927185,1.9720829424333253,1.4467098718477656,-0.4872000130126253,41.11999908089638,1.0,0.9867212373151227,1
12:05:15.682230,214,1.2225822484472342,1.938244974032224,1.5290861688669946,-0.4872000130126253,26.87999939918518,1.0,1.3862293020398244,1
12:05:15.682230,214,1.28752830851743,1.9833953480930584,1.1031971479185805,-0.4174800111504737,50.87999886274338,1.0,1.090317421218509,1
12:05:15.682230,214,1.262600011091604,1.97720513196501,1.2407736054480036,-0.4174800111504737,51.99999883770943,1.0,0.4212002751860606,1
12:05:15.682230,214,1.2659850666238532,1.9957279731735649,1.0998926309877028,-0.4174800111504737,52.63999882340431,1.0,0.6366414353792736,1
12:05:15.682230,214,1.2025806291761163,1.949957708658976,1.5259477510825965,-0.4872000130126253,26.519999407231808,1.0,1.4020246081980177,1
12:05:15.682230,214,1.222977566808006,2.024925140172819,1.304350887413653,-0.4174800111504737,55.23999876528978,1.0,0.9955854824525248,1
12:05:15.682230,214,1.2835998876078791,1.9649078285569368,1.244068657965277,-0.4174800111504737,44.99999899417162,1.0,0.8834895135891631,1
12:05:15.682230,214,1.1936948764087467,2.007574513233592,1.437199934113722,-0.4174800111504737,44.11999901384115,1.0,0.5264762242608221,1
12:05:15.682230,214,1.2351499936738908,1.9841128918181308,1.4434864566251195,-0.4174800111504737,44.23999901115894,1.0,0.6486223681962611,1
12:05:15.682230,214,1.3089427986588476,1.9708552513741988,1.106557256707407,-0.4174800111504737,46.999998949468136,1.0,1.7369334633628124,1
12:05:15.682230,214,1.2820379310871262,1.8840750946589708,1.4709437167262187,-0.4872000130126253,20.999999530613422,1.0,3.0744903417552716,1
12:05:15.682230,214,1.2424616105177877,1.9263396274553968,1.5322761968678682,-0.4872000130126253,25.87999942153692,1.0,1.5562507215994228,1
12:05:15.682230,214,1.2761110674320977,1.95985516460929,1.449986295040943,-0.4872000130126253,35.999999195337296,1.0,1.502575742582498,1
12:05:15.682230,214,1.3044714052107949,1.9524083001633603,1.247417896504106,-0.4174800111504737,37.11999917030335,1.0,1.531288787305115,1
12:05:15.682230,214,1.3302263956170326,1.958108937016152,1.1099726213461187,-0.4174800111504737,41.999999061226845,1.0,2.5708737788602214,1
12:05:15.682230,214,1.2624060899513698,1.8963639177586613,1.4676509365007278,-0.4872000130126253,23.75999946892261,1.0,2.6138347461727696,1
12:05:15.682230,214,1.2964012101338602,1.947430781113564,1.4533153985650773,-0.4872000130126253,30.23999932408333,1.0,2.191260803488791,1
12:05:15.682230,214,1.3252124767660765,1.9397077967266485,1.2508209861434416,-0.4174800111504737,29.999999329447743,1.0,2.359440796926289,1
12:05:15.682230,214,1.3165617138007355,1.9348110343740876,1.4566968495126054,-0.4872000130126253,24.99999944120645,1.0,3.0480711656523445,1
12:05:15.682230,214,1.3662949986265265,1.9137089648529624,1.2577873521481484,-0.4174800111504737,24.119999460875988,1.0,4.537324907171995,1
12:05:15.682230,214,1.1622186316384722,1.972800676385814,1.5198269963274602,-0.4872000130126253,24.879999443888664,1.0,2.0106321566814414,1
12:05:15.682230,214,1.2088708018555734,1.8742597037808704,1.544921433263725,-0.4872000130126253,8.359999813139439,0.8359999813139438,7.216566308417728,1
12:05:15.682230,214,1.3043096031735957,1.8986660201167795,0.6788169229827596,-0.4872000130126253,25.87999942153692,1.0,4.909355586996369,1
12:05:15.682230,214,1.1709834588220425,2.0033786369170943,0.9944586612765838,-0.4174800111504737,38.239999145269394,1.0,2.0848237298385563,1
12:05:15.682230,214,1.2443152272842573,2.007851893363543,1.096644036363699,-0.4174800111504737,51.759998843073845,1.0,0.3817553017453421,1
12:05:15.682230,214,1.0932970277908758,2.0995936663875123,1.3098321326294655,-0.4174800111504737,19.879999555647373,1.0,4.014752237015299,1
12:05:15.682230,214,1.0880049272902357,2.0626848129981794,1.4224331737971636,-0.4174800111504737,19.999999552965164,1.0,3.7177770804816745,1
12:05:15.682230,214,1.2664239550950238,1.9153084978943,0.7968689079330025,-0.4872000130126253,53.51999880373478,1.0,4.061046371733387,1
12:05:15.682230,214,1.1268448297410818,2.0255746931774383,0.9885112459264688,-0.5566400148672983,32.87999926507473,1.0,4.238424232134519,1
12:05:15.682230,214,1.1093690283098243,2.052072223528353,1.4252768085752068,-0.4174800111504737,24.35999945551157,1.0,2.655760583492932,1
12:05:15.682230,214,1.1372090392251717,2.078047914514344,1.3156052994442025,-0.4174800111504737,30.999999307096004,1.0,2.339061402484277,1
12:05:15.682230,214,1.1153087984807444,2.0889268306970497,1.3126903026385208,-0.4174800111504737,24.759999446570877,1.0,3.0656109918854075,1
12:05:15.682230,214,1.2015570276309735,2.0366348403995818,1.3012132826942815,-0.4174800111504737,53.11999881267548,1.0,0.952315991874844,1
12:05:15.682230,214,1.158995560018431,2.0669580057218986,1.3185768315492732,-0.4174800111504737,38.6399991363287,1.0,1.8281436138436244,1
12:05:15.682230,214,1.1949892231051793,2.0021399839336462,1.0205726933718022,-0.4174800111504737,43.63999902456999,1.0,0.8402823044081019,1
12:05:15.682230,214,1.1517622971301018,2.030230644520343,1.4311292420318238,-0.4174800111504737,35.35999920964241,1.0,1.1798388012619825,1
12:05:15.682230,214,1.1800163337578438,2.048137052079247,1.2981312743635431,-0.4174800111504737,46.75999895483256,1.0,1.108075471236466,1
12:05:15.682230,214,1.2168032406744314,1.9904918239837737,1.023693808423679,-0.4174800111504737,48.51999891549349,1.0,0.44102064497143245,1
12:05:15.682230,214,1.3130324421998356,1.956680315853157,0.6439210155938508,-0.4872000130126253,12.11999972909689,1.0,2.2632553543528924,1
12:05:15.682230,214,1.141862289537884,1.9839286252082649,1.5168452714270697,-0.4872000130126253,22.359999500215054,1.0,2.6137300457467205,1
12:05:15.682230,214,1.1727872256394252,2.019003839121761,1.434137455471955,-0.4174800111504737,40.759999088943005,1.0,0.7533556866476554,1
12:05:15.682230,214,1.130622193356013,2.041253806758204,1.4281755946121517,-0.4174800111504737,29.639999337494373,1.0,1.8119108521059086,1
12:05:15.732954,215,1.2222765748765827,1.9438165503758729,1.5518058870035798,-0.4872000130126253,24.23999945819378,1.0,1.5944032330786608,1
12:05:15.732954,215,1.2551910541316478,1.996161257652505,1.5397365435033554,-0.4872000130126253,24.51999945193529,1.0,7.053330809161177,1
12:05:15.732954,215,1.354720751167687,1.9670700291723624,0.9924644485029486,-0.6263600167294499,20.119999550282955,1.0,2.2107031801902086,1
12:05:15.732954,215,1.2421509666511954,1.9319141804084332,1.5549951174243717,-0.4872000130126253,23.23999948054552,1.0,1.5601156387146944,1
12:05:15.732954,215,1.3302263956170326,1.958108937016152,1.1099726213461187,-0.4872000130126253,27.519999384880062,1.0,1.1559840823067549,1
12:05:15.732954,215,1.2619011443698185,1.9198204368753435,1.558235626237532,-0.4872000130126253,21.359999522566795,1.0,2.0904420844566474,1
12:05:15.732954,215,1.2815251330312258,1.9075365291408248,1.561527089394895,-0.4872000130126253,18.879999577999115,1.0,3.1974146376146977,1
12:05:15.732954,215,1.3932706106952562,1.9186455366556,1.120546807603315,-0.4872000130126253,25.75999942421913,1.0,5.459975321055848,1
12:05:15.732954,215,1.3044714052107949,1.9524083001633603,1.247417896504106,-0.4872000130126253,25.75999942421913,1.0,0.7679145553691492,1
12:05:15.732954,215,1.2022799564685065,1.9555263565506371,1.5486682538955263,-0.4872000130126253,23.9999994635582,1.0,2.181534239467532,1
12:05:15.732954,215,1.2452220938699894,1.993749357143502,0.6339883959159067,-0.4174800111504737,14.6399996727705,1.0,4.092640597145179,1
12:05:15.732954,215,1.3575865979259347,1.9308832574917387,0.6508333165488911,-0.4174800111504737,20.87999953329563,1.0,3.561595934576574,1
12:05:15.732954,215,1.2527842058975138,1.9866743370931084,0.760912540753039,-0.4174800111504737,17.999999597668648,1.0,2.3651993460293212,1
12:05:15.732954,215,1.2679530910271997,1.9816115521808573,0.6372407109535336,-0.4174800111504737,16.8799996227026,1.0,2.663904319995062,1
12:05:15.732954,215,1.2751179882696284,1.974465405546341,0.7641839141014422,-0.4174800111504737,20.51999954134226,1.0,1.2931078250197823,1
12:05:15.732954,215,1.3130324421998356,1.956680315853157,0.6439210155938508,-0.4174800111504737,18.999999575316902,1.0,1.7637630409752323,1
12:05:15.732954,215,1.3891699918822806,1.9758040358039608,0.6194458065798676,-0.4174800111504737,10.239999771118164,1.0,3.3951663343953187,1
12:05:15.732954,215,1.3353762883179112,1.9438893775908463,0.6473483371716731,-0.4174800111504737,20.359999544918537,1.0,2.318645609623216,1
12:05:15.732954,215,1.161928050354913,1.9783636130122264,1.5425490294693014,-0.4872000130126253,22.51999949663877,1.0,4.968586319024723,1
12:05:15.732954,215,1.3323812375249704,1.997022237676036,0.8649478690419001,-0.4174800111504737,23.9999994635582,1.0,3.187836776807899,1
12:05:15.732954,215,1.297324259911211,1.9620413602693847,0.7675129270001304,-0.4174800111504737,22.63999949395657,1.0,0.8601844118107159,1
12:05:15.786426,216,1.1372710167406732,1.8497883424007528,1.5730723854972433,-0.4872000130126253,5.239999882876873,0.5239999882876873,3.151529638074889,1
12:05:15.786426,216,1.400005497472288,1.7111032433710451,0.6465337099079891,-0.4174800111504737,13.759999692440031,1.0,3.874355651966658,1
12:05:15.786426,216,1.41273069429479,1.6975028084943884,0.5254298523214571,-0.4174800111504737,8.639999806880951,0.8639999806880951,4.369171578722726,1
12:05:15.786426,216,1.3320344337717618,1.9673804884397168,1.1334321212245702,-0.5566400148672983,23.23999948054552,1.0,1.835399618621197,1
12:05:15.786426,216,1.4084009702329907,1.5869003504049732,0.3000716928070672,-0.974120026017772,5.119999885559082,0.5119999885559082,4.741738797565407,1
12:05:15.786426,216,1.1892314826086008,1.8912641260068737,1.5639231247240428,-0.4872000130126253,13.639999695122242,1.0,2.0347937418338353,1
12:05:15.786426,216,1.2570336088786518,1.9428640384733349,1.148489886015257,-0.5566400148672983,52.87999881803989,1.0,0.2664840796095025,1
12:05:15.786426,216,1.201317972177776,1.905550971223352,1.3683581744974016,-0.5566400148672983,13.519999697804453,1.0,0.9125623247944921,1
12:05:15.786426,216,1.2360006118367368,1.954904569240187,1.1452636355198371,-0.5566400148672983,56.759998731315136,1.0,0.1063757437274395,1
12:05:15.786426,216,1.276206289360638,1.9215643875349664,1.1289021572662272,-0.5566400148672983,47.63999893516302,1.0,0.5038086919515494,1
12:05:15.786426,216,1.1762377602301228,2.0160121151462844,1.2049631938998406,-0.5566400148672983,57.51999871432781,1.0,0.4497172148732519,1
12:05:15.786426,216,1.1977094778583406,2.004546735119979,1.2080353332188052,-0.5566400148672983,58.51999869197607,1.0,0.22246265421199973,1
12:05:15.786426,216,1.1121847875158266,2.057523238317695,1.2192524337132045,-0.5566400148672983,43.35999903082848,1.0,2.003894234707359,1
12:05:15.786426,216,1.1340236850768115,2.046674794281795,1.2221592655317584,-0.5566400148672983,49.11999890208244,1.0,1.3270298890293648,1
12:05:15.786426,216,1.1557491812193748,2.0356159486323238,1.225122474292755,-0.5566400148672983,54.11999879032373,1.0,0.8082236822650153,1
12:05:15.786426,216,1.162949269797638,1.927625071939568,1.1610617566123818,-0.5566400148672983,43.35999903082848,1.0,0.8148614401279445,1
12:05:15.852478,217,1.1979530471251374,1.8759693424848995,1.2796471053211411,-0.5566400148672983,51.51999884843826,1.0,1.4636749540716953,1
12:05:15.852478,217,1.189707349664641,1.8684511124719487,1.4757849514228831,-0.5566400148672983,19.35999956727028,1.0,3.775353568713395,1
12:05:15.852478,217,1.3475642055561114,1.873050032818308,0.6856807060927106,-0.4174800111504737,12.11999972909689,1.0,2.146664780063567,1
12:05:15.852478,217,1.3306875551081478,1.8776764200654636,0.8069523927967444,-0.5566400148672983,22.99999948590994,1.0,1.2370192962070587,1
12:05:15.852478,217,1.2900154554742975,1.8895313629437311,0.9223298460745268,-0.4872000130126253,66.11999852210283,1.0,0.452146635376661,1
12:05:15.852478,217,1.2494562211342477,1.9054147771145864,1.057568401058195,-0.4872000130126253,117.99999736249448,1.0,0.31486530713003685,1
12:05:15.852478,217,1.2231264378066926,1.8841863676526585,1.1480550209072318,-0.4872000130126253,92.999997921288,1.0,0.5903880920715897,1
12:05:15.852478,217,1.217877699303917,1.8643016789654077,1.2827734463387472,-0.5566400148672983,45.11999899148941,1.0,1.5823680198318983,1
12:05:15.852478,217,1.3260032039695886,1.885962479179517,0.6822208265179146,-0.5566400148672983,14.119999684393406,1.0,1.733983256376241,1
12:05:15.852478,217,1.2026607839319128,1.8959021176549984,1.14491579515538,-0.4872000130126253,119.6399973258376,1.0,0.5188181490748669,1
12:05:15.852478,217,1.2689106193562982,1.901890129573599,0.919018324536609,-0.4872000130126253,75.51999831199646,1.0,0.22267435552981138,1
12:05:15.852478,217,1.1836815362001047,1.916291621245919,1.164098545573203,-0.4872000130126253,131.11999706923962,1.0,0.7025258621374372,1
12:05:15.852478,217,1.2285500108169578,1.917382727665902,1.0543615983729144,-0.4872000130126253,141.35999684035778,1.0,0.2224825517606681,1
12:05:15.852478,217,1.176786734109837,1.8795667481009215,1.254572208870459,-0.5566400148672983,55.11999876797199,1.0,1.2098472185198812,1
12:05:15.852478,217,1.3043096031735957,1.8986660201167795,0.6788169229827596,-0.5566400148672983,16.119999639689922,1.0,1.420163747580604,1
12:05:15.852478,217,1.2664239550950238,1.9153084978943,0.7968689079330025,-0.5566400148672983,34.639999225735664,1.0,0.4265621448536345,1
12:05:15.852478,217,1.2476788932394576,1.9140444246098105,0.9157615909970866,-0.4872000130126253,82.11999816447496,1.0,0.08625938630434163,1
12:05:15.852478,217,1.207520946527867,1.9291481447100889,1.0512090643773089,-0.4872000130126253,148.87999667227268,1.0,0.2199124422063558,1
12:05:15.852478,217,1.2434697800624284,1.8722735236957344,1.1512470578250475,-0.4872000130126253,67.63999848812819,1.0,0.7484597698353727,1
12:05:15.852478,217,1.2879746655447064,1.9029715973708123,0.8001745704653738,-0.5566400148672983,28.519999362528324,1.0,0.6006510430560743,1
12:05:15.852478,217,1.2908917299337097,1.8808760827641855,1.0641435243926989,-0.4872000130126253,91.75999794900416,1.0,0.7696509799842028,1
12:05:15.852478,217,1.4074655563134353,1.884046686950989,0.9095095186003328,-0.3480400092958007,14.239999681711195,1.0,2.5466972402536654,1
12:05:15.852478,217,1.351845462968735,1.86472067278014,0.8104238748191883,-0.4872000130126253,18.879999577999115,1.0,1.6995283731184339,1
12:05:15.852478,217,1.136385003933727,1.901911015639538,1.2485850804280216,-0.5566400148672983,54.87999877333641,1.0,1.3692244610264874,1
12:05:15.852478,217,1.38972642119179,1.8063880114887243,1.0589652151737516,-0.4872000130126253,32.51999927312136,1.0,3.4713993107832337,1
12:05:15.852478,217,1.3564742235766634,1.7694864220850228,1.1050685606483497,-0.4872000130126253,21.359999522566795,1.0,3.430807155420062,1
12:05:15.852478,217,1.3843045439798292,1.879864760515373,1.027554104712462,-0.3480400092958007,32.75999926775694,1.0,2.300860500691916,1
12:05:15.852478,217,1.3520717336780277,1.8425796113301856,1.0744050329864008,-0.4872000130126253,41.11999908089638,1.0,2.128427129417244,1
12:05:15.852478,217,1.3235795342804872,1.8226753269336016,1.1645368545935009,-0.5566400148672983,27.359999388456345,1.0,2.247889989439231,1
12:05:15.852478,217,1.2963386999033797,1.8157242718335211,1.295789723350134,-0.5566400148672983,25.999999418854717,1.0,2.8888724421420897,1
12:05:15.852478,217,1.4324393015810295,1.8193373284397796,0.7000729818542293,-0.4174800111504737,7.519999831914902,0.7519999831914902,4.787629312192078,1
12:05:15.852478,217,1.3635606999743517,1.8931360408444091,1.02399807586577,-0.4872000130126253,39.11999912559986,1.0,1.7367629703521974,1
12:05:15.852478,217,1.3138573242600369,1.887779793298592,0.9483783992927456,-0.4872000130126253,56.11999874562025,1.0,0.7539634221814839,1
12:05:15.852478,217,1.3318108992759394,1.855541876809008,1.0709318044192724,-0.4872000130126253,53.11999881267548,1.0,1.585191711180038,1
12:05:15.852478,217,1.2573596631427502,1.840391925556928,1.2891800454557767,-0.5566400148672983,31.5199992954731,1.0,2.0691079592848536,1
12:05:15.852478,217,1.4114301218292489,1.8330722772042023,0.6963927134247192,-0.4174800111504737,8.759999804198742,0.8759999804198741,3.9787570967755608,1
12:05:15.852478,217,1.3728681874156028,1.8515612069911391,0.8139499430501762,-0.3480400092958007,16.359999634325504,1.0,2.2583641509854484,1
12:05:15.852478,217,1.334747631757045,1.8749879073320173,0.95180597480716,-0.4872000130126253,46.879998952150345,1.0,1.1600747866317642,1
12:05:15.852478,217,1.3114168848997163,1.868307792813976,1.0675111875350978,-0.4872000130126253,69.6399984434247,1.0,1.1322844934431409,1
12:05:15.852478,217,1.4253748835826978,1.852724437211795,1.0348263324239757,-0.3480400092958007,27.759999379515648,1.0,3.711052568304544,1
12:05:15.852478,217,1.2376805647331053,1.852442144674919,1.2859511989744927,-0.5566400148672983,38.1199991479516,1.0,1.7841457851243536,1
12:05:15.852478,217,1.1749861462701845,1.8274529092728629,1.5790571467664605,-0.4872000130126253,7.1199998408555984,0.7119999840855599,5.250989892972795,1
12:05:15.852478,217,1.390279800247782,1.846603609520564,0.6927670038580329,-0.4174800111504737,10.239999771118164,1.0,3.2689907182864335,1
12:05:15.852478,217,1.3037456563181842,1.8353644386710453,1.1611368173507846,-0.5566400148672983,36.11999919265509,1.0,1.7428065756364723,1
12:05:15.852478,217,1.2824855725100373,1.9111593852866424,0.6754693358747477,-0.5566400148672983,17.519999608397484,1.0,1.205078908302564,1
12:05:15.852478,217,1.2636887763819382,1.8601647770586425,1.1544915867078094,-0.4872000130126253,48.87999890744686,1.0,0.9931569582579003,1
12:05:15.852478,217,1.217544945788883,1.8920890911815655,0.8452598631778792,-0.5566400148672983,84.11999811977148,1.0,0.19036144816450987,1
12:05:15.852478,217,1.0769793295853758,1.9854229331989397,1.0109929524845302,-0.4872000130126253,49.11999890208244,1.0,1.9172541525648115,1
12:05:15.852478,217,1.0575853953201466,1.9812580392711656,1.1466908463281953,-0.4872000130126253,34.23999923467636,1.0,2.6501541124381855,1
12:05:15.852478,217,1.0334278672622268,1.954318890492669,1.234542432684094,-0.5566400148672983,25.11999943852425,1.0,3.2071802423570874,1
12:05:15.852478,217,1.1489254602542782,1.981637409713041,0.6565848061455533,-0.5566400148672983,11.119999751448631,1.0,1.9775495361658737,1
12:05:15.852478,217,1.1215597907528347,1.934437799031681,0.6885829274075732,-0.5566400148672983,35.35999920964241,1.0,1.8325889800284052,1
12:05:15.852478,217,1.085009317194194,1.9470588790475143,0.8051953671430914,-0.5566400148672983,48.239998921751976,1.0,1.7236902756317358,1
12:05:15.852478,217,1.0551883923757248,1.9957205981258952,1.0082337014834262,-0.3480400092958007,38.35999914258719,1.0,2.526626831014783,1
12:05:15.852478,217,1.0397840529284703,2.0170937463007266,1.2112105856305309,-0.6263600167294499,25.87999942153692,1.0,4.139472808840016,1
12:05:15.852478,217,1.1034623757367732,2.003394530284933,0.6507550032586882,-0.5566400148672983,10.119999773800371,1.0,3.0148928313538526,1
12:05:15.852478,217,1.0771795682559406,1.9556766978464013,0.6828919816220427,-0.5566400148672983,30.999999307096004,1.0,2.811551029869346,1
12:05:15.852478,217,1.0630559061552218,1.957433323648408,0.8024155430903606,-0.5566400148672983,41.11999908089638,1.0,2.277456970818454,1
12:05:15.852478,217,1.0332919372108742,2.0058072673963783,1.0055309865980806,-0.3480400092958007,30.51999931782484,1.0,3.2236662351890906,1
12:05:15.852478,217,1.018207256727354,2.027033163688553,1.208547326768227,-0.6263600167294499,20.119999550282955,1.0,4.874352767560661,1
12:05:15.852478,217,1.0548267691811657,1.9659735833394805,0.6801329394696163,-0.5566400148672983,26.99999939650297,1.0,3.440359326199524,1
12:05:15.852478,217,1.244746603310843,1.9274366211739795,0.7936191870945071,-0.5566400148672983,40.51999909430742,1.0,0.3483406439925942,1
12:05:15.852478,217,1.1068542282104692,1.9364729030364785,0.8080318708663439,-0.5566400148672983,56.35999874025583,1.0,1.2603747796658764,1
12:05:15.852478,217,1.1435827761898858,1.9234979095821283,0.6915142619508665,-0.5566400148672983,39.87999910861254,1.0,1.4830984959678528,1
12:05:15.852478,217,1.0805641761252138,2.013942656209081,0.6479286414356509,-0.5566400148672983,9.239999793469906,0.9239999793469906,3.6783630460205448,1
12:05:15.852478,217,1.0542342690546656,1.9442361728250783,1.2372440887406355,-0.5566400148672983,30.63999931514263,1.0,2.676019772013899,1
12:05:15.852478,217,1.1714857988898608,1.970430590759125,0.6595876642339769,-0.5566400148672983,11.879999734461308,1.0,1.6043734896237372,1
12:05:15.852478,217,1.1863711311557847,1.940709851715298,1.048111114322138,-0.4872000130126253,135.23999697715044,1.0,0.30697927911391293,1
12:05:15.852478,217,1.162949269797638,1.927625071939568,1.1610617566123818,-0.4872000130126253,116.63999739289284,1.0,0.8128658603913335,1
12:05:15.852478,217,1.2384549639439923,1.935510612162305,0.6689444442987069,-0.5566400148672983,17.639999605715275,1.0,1.0704718550085013,1
12:05:15.852478,217,1.2089568368607848,1.889409672143753,0.7006481776438798,-0.5566400148672983,44.519999004900455,1.0,0.9980541689128268,1
12:05:15.852478,217,1.193105349920848,1.892035171722264,0.8199389250854587,-0.5566400148672983,81.1199981868267,1.0,0.31755271891653725,1
12:05:15.852478,217,1.16510267966453,1.952066692520517,1.0450680579998108,-0.4872000130126253,109.8799975439906,1.0,0.48348335243032337,1
12:05:15.852478,217,1.1211379399732937,1.94968839514955,1.15514990697592,-0.4872000130126253,89.23999800533056,1.0,1.2913847073758502,1
12:05:15.852478,217,1.0955287349279603,1.923470365031562,1.2428082701690883,-0.5566400148672983,44.11999901384115,1.0,1.8585359875229468,1
12:05:15.852478,217,1.2162527890654735,1.9473660387658192,0.6657677923143688,-0.5566400148672983,16.119999639689922,1.0,1.1505632141193045,1
12:05:15.852478,217,1.116012669596825,1.9127893514690184,1.2456702391275178,-0.5566400148672983,50.6399988681078,1.0,1.5727403578664862,1
12:05:15.852478,217,1.1717161719542306,1.9034564775573992,0.8168785954104254,-0.5566400148672983,74.1199983432889,1.0,0.4161593297972166,1
12:05:15.852478,217,1.078878169941312,1.97093962684183,1.1494556566058072,-0.4872000130126253,46.51999896019697,1.0,2.1121239841113657,1
12:05:15.852478,217,1.1872834842609583,1.9009827203881355,0.6975471887128311,-0.5566400148672983,45.639998979866505,1.0,1.065573178040687,1
12:05:15.852478,217,1.1285884547312464,1.925676454204031,0.8109247706121221,-0.5566400148672983,65.35999853909016,1.0,0.8878248043768229,1
12:05:15.852478,217,1.1654914043074127,1.9123458449685735,0.6945024486580085,-0.5566400148672983,43.63999902456999,1.0,1.2273364630780068,1
12:05:15.852478,217,1.0986625697643622,1.9749153023733763,1.0138084636786042,-0.4872000130126253,64.11999856680632,1.0,1.395887623237446,1
12:05:15.852478,217,1.1939289899270265,1.9590064196408703,0.662648761659308,-0.5566400148672983,13.759999692440031,1.0,1.3286165875933393,1
12:05:15.852478,217,1.1000630576493682,1.9604160613520476,1.1522754374802904,-0.4872000130126253,64.3599985614419,1.0,1.6591055553051595,1
12:05:15.852478,217,1.1437177188814325,1.96321753145118,1.04208019971341,-0.4872000130126253,84.51999811083078,1.0,0.749201037772403,1
12:05:15.852478,217,1.0749352483034371,1.933952988234762,1.2399994597472312,-0.5566400148672983,36.999999172985554,1.0,2.2263801276422397,1
12:05:15.905185,218,1.2462048056569028,1.7450670478363874,0.659270277615378,-0.4872000130126253,50.75999886542559,1.0,2.0946627979840367,1
12:05:15.905185,218,1.2472490078458964,1.8955737234248395,1.0350679756840748,-0.6263600167294499,41.63999906927347,1.0,1.4301650951887033,1
12:05:15.905185,218,1.2290408402514332,1.9184088820459797,1.2376531153127657,-0.6263600167294499,40.759999088943005,1.0,2.154010280693869,1
12:05:15.905185,218,1.1979530471251374,1.8759693424848995,1.2796471053211411,-0.6263600167294499,43.99999901652336,1.0,1.5931193263098693,1
12:05:15.905185,218,1.1688395102242628,1.8540330832430665,1.3854350479588418,-0.5566400148672983,27.99999937415123,1.0,3.791435709462957,1
12:05:15.905185,218,1.3298167264916678,1.8196125124737808,0.5956215971948533,-0.5566400148672983,14.879999667406082,1.0,3.159576452051394,1
12:05:15.905185,218,1.298142500187545,1.776272090175168,0.6290717700351567,-0.5566400148672983,37.35999916493893,1.0,1.2570545810583589,1
12:05:15.905185,218,1.2664682738834223,1.7329316678765552,0.6625219428754601,-0.5566400148672983,47.35999894142151,1.0,2.364281373749611,1
12:05:15.905185,218,1.2263797291668992,1.907520532123368,1.031866837941175,-0.6263600167294499,44.519999004900455,1.0,1.2767078691414138,1
12:05:15.905185,218,1.209628302222831,1.938270628025456,1.2570914313951531,-0.6263600167294499,44.75999899953604,1.0,2.3472519237763416,1
12:05:15.905185,218,1.1779086006452912,1.8874439684768176,1.2765724885531575,-0.6263600167294499,47.75999893248081,1.0,1.392639947795575,1
12:05:15.905185,218,1.286605096343601,1.720601167874262,0.6658258903933465,-0.5566400148672983,41.35999907553196,1.0,2.7725519993549788,1
12:05:15.905185,218,1.1296099597982814,1.8762351398554349,1.3794860248192475,-0.5566400148672983,27.639999382197857,1.0,3.494629277548089,1
12:05:15.905185,218,1.3085396842316748,1.8323549013560805,0.5922072843841977,-0.4872000130126253,15.999999642372131,1.0,2.893747214672045,1
12:05:15.905185,218,1.2773722449442888,1.7887109745962335,0.6257387809997881,-0.5566400148672983,39.87999910861254,1.0,0.9891249351608474,1
12:05:15.905185,218,1.2053878135424474,1.9192651650981296,1.0287198730201876,-0.6263600167294499,45.2399989888072,1.0,1.244165382251229,1
12:05:15.905185,218,1.3187829422683672,1.7636332057817534,0.6324583489016025,-0.5566400148672983,32.63999927043915,1.0,1.6573985055104892,1
12:05:15.905185,218,1.2654063768828223,1.868972567606335,1.1767776477825345,-0.6263600167294499,30.35999932140112,1.0,1.8604516650383807,1
12:05:15.905185,218,1.217877699303917,1.8643016789654077,1.2827734463387472,-0.6263600167294499,38.35999914258719,1.0,1.9181090162929486,1
12:05:15.905185,218,1.168099047292233,1.9612384756597967,1.2509372151696505,-0.6263600167294499,46.63999895751476,1.0,2.2539018596906493,1
12:05:15.905185,218,1.4186897024168637,1.7623982317409967,0.7346807905293118,-0.5566400148672983,15.359999656677246,1.0,5.542785472496584,1
12:05:15.905185,218,1.3840741662309763,1.71939632677133,0.7655541399358201,-0.5566400148672983,19.519999563694,1.0,4.3129122831695526,1
12:05:15.905185,218,1.398320760505902,1.776003460609308,0.7310352804412072,-0.5566400148672983,18.519999586045746,1.0,4.614228932693782,1
12:05:15.905185,218,1.364202219430775,1.7326695927788371,0.7619975790281852,-0.5566400148672983,23.519999474287037,1.0,3.3504116288759307,1
12:05:15.905185,218,1.3799048154101996,1.7245292907847645,0.6429362113459409,-0.5566400148672983,22.359999500215054,1.0,3.654614248182879,1
12:05:15.905185,218,1.346235617001599,1.6824513748267602,0.676048096631839,-0.5566400148672983,28.519999362528324,1.0,4.8308590753493625,1
12:05:15.905185,218,1.2376805647331053,1.852442144674919,1.2859511989744927,-0.5566400148672983,32.35999927669764,1.0,2.3674824872002853,1
12:05:15.905185,218,1.207601540451373,1.8310776607153136,1.3915859348870685,-0.5566400148672983,24.99999944120645,1.0,4.599083128016409,1
12:05:15.905185,218,1.3719697549476149,1.7935143897185053,0.6026145681110977,-0.5566400148672983,11.639999739825726,1.0,4.068464514367845,1
12:05:15.905185,218,1.33929150715984,1.750795585293841,0.6358981789440756,-0.5566400148672983,27.239999391138557,1.0,2.1902692150643923,1
12:05:15.905185,218,1.306613259372065,1.708076780869177,0.6691817897770538,-0.5566400148672983,34.639999225735664,1.0,3.3195790356222847,1
12:05:15.905185,218,1.288611319198273,1.871078377637864,1.041631483806016,-0.6263600167294499,37.63999915868044,1.0,2.0989643452363644,1
12:05:15.905185,218,1.2494825523154345,1.9064384337799305,1.2408605872586915,-0.6263600167294499,35.63999920338392,1.0,2.485986919978503,1
12:05:15.905185,218,1.350960788193133,1.8066652436892456,0.5990908074098582,-0.5566400148672983,13.35999970138073,1.0,3.551108577813605,1
12:05:15.905185,218,1.137468354272707,1.9098095374843271,1.270579652399333,-0.6263600167294499,48.119998924434185,1.0,1.3662374547488505,1
12:05:15.905185,218,1.2561621256357338,1.8325595186006365,1.2671677580534848,-0.5566400148672983,26.75999940186739,1.0,2.836793306928556,1
12:05:15.905185,218,1.2655951818668842,1.8572199631163595,0.585544711165781,-0.4872000130126253,16.519999630749226,1.0,2.7393224194384147,1
12:05:15.905185,218,1.1716469092513206,1.847862568288856,0.6098891592388362,-0.4872000130126253,22.63999949395657,1.0,1.6397841400333477,1
12:05:15.905185,218,1.1430591314481973,1.8027753631796768,0.6438073811225833,-0.4872000130126253,34.51999922841787,1.0,2.8302535493077374,1
12:05:15.905185,218,1.108616233068185,1.8190246956239795,0.758209822655409,-0.4174800111504737,31.63999929279089,1.0,3.424878314134337,1
12:05:15.905185,218,1.086699539024633,2.035342881780254,1.3303207754594124,-0.6263600167294499,32.239999279379845,1.0,5.08131796753919,1
12:05:15.905185,218,1.058203359645423,1.9819707271279523,1.3478815626169802,-0.6263600167294499,28.23999936878681,1.0,3.21530132568474,1
12:05:15.905185,218,1.1782048933193865,1.9044368499518305,0.5728929844691049,-0.4872000130126253,11.119999751448631,1.0,3.947095628713246,1
12:05:15.905185,218,1.1501418319364258,1.859076040025469,0.6068845185426612,-0.4872000130126253,17.879999600350857,1.0,2.1704004528441008,1
12:05:15.905185,218,1.0652524016090763,2.04573609794018,1.327535921582598,-0.6263600167294499,27.239999391138557,1.0,5.6272013792321705,1
12:05:15.905185,218,1.0373186237521057,1.9920914052574616,1.3451697350853231,-0.6263600167294499,23.35999947786331,1.0,3.8370919942726807,1
12:05:15.905185,218,1.133794062085347,1.9267697889026827,0.5669088915126104,-0.4872000130126253,9.359999790787697,0.9359999790787696,5.31805468820145,1
12:05:15.905185,218,1.106788799638765,1.8808770420948897,0.6010429576439709,-0.4872000130126253,14.239999681711195,1.0,3.6369425980398633,1
12:05:15.905185,218,1.0797835371921831,1.834984295287097,0.6351770237753311,-0.4872000130126253,24.51999945193529,1.0,4.952265673123399,1
12:05:15.905185,218,1.0849451799229075,1.8914623923457552,0.5982066215926509,-0.4872000130126253,12.359999723732471,1.0,4.574585944269375,1
12:05:15.905185,218,1.0584728942135335,1.845311366666956,0.6324098933389193,-0.4872000130126253,20.87999953329563,1.0,5.943606953775142,1
12:05:15.905185,218,1.1098247609072018,1.8870508689099972,1.3765879589535237,-0.5566400148672983,25.999999418854717,1.0,3.538406258394688,1
12:05:15.905185,218,1.2002346870544436,1.892949773398035,0.575970937355089,-0.4872000130126253,12.999999709427357,1.0,3.4544325098069164,1
12:05:15.905185,218,1.078388395286628,1.9645010680530703,1.3283789815220828,-0.6263600167294499,33.87999924272299,1.0,2.5535038673020116,1
12:05:15.905185,218,1.1220787705534656,1.8137152300991075,0.6408760526162178,-0.4872000130126253,29.11999934911728,1.0,3.39639833147549,1
12:05:15.905185,218,1.129344874651927,1.8082160836327688,0.7611059815097552,-0.4174800111504737,36.23999918997288,1.0,2.893431921645697,1
12:05:15.905185,218,1.2354506157764753,1.812983788133452,0.619234900214459,-0.4872000130126253,38.6399991363287,1.0,0.850632191179489,1
12:05:15.905185,218,1.1074281340782748,2.017402785209447,1.3102930126551846,-0.6263600167294499,37.51999916136265,1.0,4.205949891055489,1
12:05:15.905185,218,1.2053060496860668,1.7687476131505449,0.6529250892631371,-0.4872000130126253,50.23999887704849,1.0,1.9715041241356404,1
12:05:15.905185,218,1.1908449634406415,1.7745965935870975,0.770114296717439,-0.4872000130126253,43.87999901920557,1.0,2.13543773748658,1
12:05:15.905185,218,1.1471581652428589,1.9724204022731848,1.2479410269637694,-0.6263600167294499,45.759998977184296,1.0,2.3845797643811157,1
12:05:15.905185,218,1.0899285804698435,1.897674950026194,1.373741244998116,-0.6263600167294499,23.639999471604824,1.0,3.7108268589142344,1
12:05:15.905185,218,1.243932016176344,1.8693401495089956,0.5822971170097597,-0.4872000130126253,15.999999642372131,1.0,2.851093685552155,1
12:05:15.905185,218,1.2143034339797127,1.824815289988587,0.6160646588471286,-0.4872000130126253,34.11999923735857,1.0,0.9804177844587854,1
12:05:15.905185,218,1.119597774643202,1.94326944472854,1.3340679778458926,-0.6263600167294499,45.11999899148941,1.0,1.9041159351493913,1
12:05:15.905185,218,1.184674851783082,1.7802904304681788,0.6498322006844972,-0.4872000130126253,46.23999896645546,1.0,2.1182950433006686,1
12:05:15.905185,218,1.14996058269437,1.797207792106648,0.7640556443342259,-0.4174800111504737,40.639999091625214,1.0,2.5017134421881404,1
12:05:15.905185,218,1.1286441156946148,2.0066032957774214,1.3131867271271642,-0.6263600167294499,42.35999905318022,1.0,3.880029595298714,1
12:05:15.905185,218,1.0990480369063689,1.9539847702273787,1.331196815031842,-0.6263600167294499,39.87999910861254,1.0,2.1668604328222396,1
12:05:15.905185,218,1.2221444583263534,1.881250483277353,0.579105752694943,-0.4872000130126253,14.6399996727705,1.0,3.0893013107546228,1
12:05:15.905185,218,1.1930348228568968,1.836441937592061,0.6129493080110962,-0.4872000130126253,28.23999936878681,1.0,1.24331487021774,1
12:05:15.905185,218,1.16392518738744,1.7916333919067695,0.6467928633272493,-0.4872000130126253,40.51999909430742,1.0,2.4043998862234934,1
12:05:15.960894,219,1.194146047045258,1.7938248984825464,1.496435786482629,-0.6263600167294499,36.23999918997288,1.0,2.945958878150675,1
12:05:15.960894,219,1.3597465216103468,1.7933479129734478,0.8463820963704451,-0.6263600167294499,18.759999580681324,1.0,2.0979281378438985,1
12:05:15.960894,219,1.3294582032272664,1.8457889255484787,1.0484077720703924,-0.6263600167294499,28.759999357163903,1.0,1.1583583558237902,1
12:05:15.960894,219,1.3037456563181842,1.8353644386710453,1.1611368173507846,-0.5566400148672983,49.11999890208244,1.0,0.6580863568249692,1
12:05:15.960894,219,1.2573596631427502,1.840391925556928,1.2891800454557767,-0.6958000185841229,41.999999061226845,1.0,0.5951321337876458,1
12:05:15.960894,219,1.2268023829234411,1.8193202948938656,1.3947363115640423,-0.6263600167294499,47.35999894142151,1.0,1.09540810446695,1
12:05:15.960894,219,1.3937536261939192,1.8381993386340136,0.8175302448858388,-0.6263600167294499,14.239999681711195,1.0,2.8549064552201933,1
12:05:15.960894,219,1.3393706802870322,1.80638375638175,0.8428891526565321,-0.6263600167294499,18.759999580681324,1.0,1.839015854242814,1
12:05:15.960894,219,1.2985269623923643,1.817581815938696,0.9558986110675064,-0.6263600167294499,29.11999934911728,1.0,0.8703148331450259,1
12:05:15.960894,219,1.2636887763819382,1.8601647770586425,1.1544915867078094,-0.6263600167294499,54.51999878138304,1.0,0.37560503866694334,1
12:05:15.960894,219,1.2376805647331053,1.852442144674919,1.2859511989744927,-0.6958000185841229,50.87999886274338,1.0,0.44989320266265176,1
12:05:15.960894,219,1.207601540451373,1.8310776607153136,1.3915859348870685,-0.6958000185841229,54.51999878138304,1.0,0.884057443805117,1
12:05:15.960894,219,1.1754563131018656,1.805269294185373,1.4933692698961942,-0.6263600167294499,37.87999915331602,1.0,2.668817043519051,1
12:05:15.960894,219,1.351845462968735,1.86472067278014,0.8104238748191883,-0.6263600167294499,14.239999681711195,1.0,2.664216938366109,1
12:05:15.960894,219,1.2127163673844028,1.7822005490405224,1.4995505215281564,-0.6263600167294499,32.35999927669764,1.0,3.3452185462862376,1
12:05:15.960894,219,1.3728681874156028,1.8515612069911391,0.8139499430501762,-0.6263600167294499,14.51999967545271,1.0,2.695052000487664,1
12:05:15.960894,219,1.2458805461850335,1.8073780541347093,1.3979362253312766,-0.6263600167294499,39.11999912559986,1.0,1.4259071156038166,1
12:05:15.960894,219,1.4340207609050852,1.7974011494338484,0.9470160623830068,-0.6263600167294499,15.359999656677246,1.0,3.4620736192320334,1
12:05:15.960894,219,1.3235795342804872,1.8226753269336016,1.1645368545935009,-0.5566400148672983,42.11999905854464,1.0,0.9801572713494379,1
12:05:15.960894,219,1.3950167079126836,1.7429081752163869,1.112190180433036,-0.5566400148672983,24.119999460875988,1.0,3.552059552258324,1
12:05:15.960894,219,1.285573688797083,1.7279391820919627,1.491181821384966,-0.6263600167294499,18.999999575316902,1.0,6.441619714110608,1
12:05:15.960894,219,1.318860903017815,1.819222135774318,0.839449119266169,-0.6263600167294499,17.879999600350857,1.0,1.721364982108446,1
12:05:15.960894,219,1.409540549181162,1.792868477821138,1.0625877633020269,-0.5566400148672983,23.519999474287037,1.0,2.950241757598985,1
12:05:15.960894,219,1.375814255881138,1.7562903723768142,1.1086044315109451,-0.6263600167294499,29.11999934911728,1.0,2.666584914959315,1
12:05:15.960894,219,1.3347992184915125,1.7903085845273394,1.3025998362389073,-0.5566400148672983,21.99999950826168,1.0,2.3584600428054334,1
12:05:15.960894,219,1.302359945186044,1.7704541160900285,1.4078299647117256,-0.6263600167294499,25.63999942690134,1.0,3.1419083087186035,1
12:05:15.960894,219,1.2676923374308822,1.7462594918082013,1.5091808987886777,-0.6263600167294499,22.99999948590994,1.0,5.284722856632763,1
12:05:15.960894,219,1.45556541314773,1.796912780307027,0.8285929448478153,-0.6263600167294499,12.23999972641468,1.0,4.122676136784719,1
12:05:15.960894,219,1.4138625108196257,1.8111554837581332,0.9433305996083868,-0.6263600167294499,16.759999625384808,1.0,2.872488116491065,1
12:05:15.960894,219,1.38972642119179,1.8063880114887243,1.0589652151737516,-0.6263600167294499,25.63999942690134,1.0,2.3145091214572804,1
12:05:15.960894,219,1.3564742235766634,1.7694864220850228,1.1050685606483497,-0.6263600167294499,35.23999921232462,1.0,1.9178823415140043,1
12:05:15.960894,219,1.3156347403833453,1.8031093039728128,1.2991698938009557,-0.5566400148672983,27.239999391138557,1.0,1.7380590466559767,1
12:05:15.960894,219,1.283661216334016,1.7829437430274706,1.4044833792600722,-0.6263600167294499,31.75999929010868,1.0,2.448029336270661,1
12:05:15.960894,219,1.2494913513110062,1.758416656518687,1.505923396322251,-0.6263600167294499,27.639999382197857,1.0,4.513541895740395,1
12:05:15.960894,219,1.4351043065766802,1.810873759024424,0.8248521118749408,-0.6263600167294499,13.35999970138073,1.0,3.567106417720017,1
12:05:15.960894,219,1.3935628756676193,1.8247144198773264,0.9396974936250242,-0.6263600167294499,17.999999597668648,1.0,2.4119465688909743,1
12:05:15.960894,219,1.3496832460728605,1.8328495584186568,1.051874865043398,-0.6263600167294499,27.519999384880062,1.0,1.4200678603879973,1
12:05:15.960894,219,1.2963386999033797,1.8157242718335211,1.295789723350134,-0.5566400148672983,33.87999924272299,1.0,1.2381962357896186,1
12:05:15.960894,219,1.2782035492675752,1.830026572110003,0.9525640487014028,-0.6263600167294499,28.359999366104603,1.0,0.8388389208479433,1
12:05:15.960894,219,1.2982192407632387,1.831861767323968,0.8360623401998135,-0.6263600167294499,16.519999630749226,1.0,1.7439342460514977,1
12:05:15.960894,219,1.217877699303917,1.8643016789654077,1.2827734463387472,-0.6958000185841229,58.35999869555235,1.0,0.42111822135465404,1
12:05:15.960894,219,1.251938702820239,1.8656384547201272,0.7070176561556449,-0.6263600167294499,8.879999801516533,0.8879999801516533,4.366655870358671,1
12:05:15.960894,219,1.2213918331304403,1.820117524153612,0.738565976436542,-0.6263600167294499,10.639999762177467,1.0,7.709596771738237,1
12:05:15.960894,219,1.1840038333932728,1.833379052429257,0.8524897330806367,-0.6263600167294499,19.999999552965164,1.0,6.330764112221017,1
12:05:15.960894,219,1.162949269797638,1.927625071939568,1.1610617566123818,-0.6263600167294499,34.51999922841787,1.0,2.1571440725550515,1
12:05:15.960894,219,1.1170765983707256,1.920698243961755,1.2676620322920866,-0.6958000185841229,42.63999904692173,1.0,2.0101810966753155,1
12:05:15.960894,219,1.091074160559124,1.917363087174712,1.439116301896287,-0.6958000185841229,32.35999927669764,1.0,2.609467011680581,1
12:05:15.960894,219,1.0604913455122926,1.89225151187334,1.5616944135289974,-0.5566400148672983,18.519999586045746,1.0,3.371881431302774,1
12:05:15.960894,219,1.1632659219325154,1.8447155890368407,0.8494521172516687,-0.6263600167294499,17.879999600350857,1.0,7.032843977692011,1
12:05:15.960894,219,1.2451598989880588,1.8810977724012257,1.1735287089496815,-0.6263600167294499,56.63999873399735,1.0,0.8659759289251822,1
12:05:15.960894,219,1.0965731357447948,1.931389440058936,1.2647973349317243,-0.6263600167294499,34.11999923735857,1.0,2.674258357497763,1
12:05:15.960894,219,1.0710479615448654,1.927805421947563,1.436318286726806,-0.6958000185841229,25.75999942421913,1.0,3.164240953761418,1
12:05:15.960894,219,1.0410264809725214,1.90240114794196,1.558974826740941,-0.5566400148672983,14.999999664723871,1.0,3.869354986590829,1
12:05:15.960894,219,1.1038819978837393,1.9860320813139627,1.2195335336793005,-0.6958000185841229,23.23999948054552,1.0,6.374632519067556,1
12:05:15.960894,219,1.078388395286628,1.9645010680530703,1.3283789815220828,-0.6958000185841229,27.119999393820763,1.0,4.6884178314299785,1
12:05:15.960894,219,1.0509146586317772,1.938053799608025,1.4335722422089563,-0.6958000185841229,20.51999954134226,1.0,3.8295533136791695,1
12:05:15.960894,219,1.0576209157308334,1.9748172865846425,1.325614759097605,-0.6958000185841229,21.639999516308308,1.0,5.5063478393157,1
12:05:15.960894,219,1.080120216604974,1.8766548611181408,1.5429701156948514,-0.6263600167294499,22.75999949127436,1.0,2.8773131206316798,1
12:05:15.960894,219,1.1109912530714292,1.9067278395142004,1.441966007918226,-0.6958000185841229,40.3599990978837,1.0,2.1647603736769234,1
12:05:15.960894,219,1.125030043028179,1.975267173322645,1.2224179820821692,-0.6958000185841229,28.359999366104603,1.0,5.611052858900461,1
12:05:15.960894,219,1.1836815362001047,1.916291621245919,1.164098545573203,-0.6263600167294499,41.63999906927347,1.0,1.6625864579076022,1
12:05:15.960894,219,1.137468354272707,1.9098095374843271,1.270579652399333,-0.6958000185841229,51.63999884575605,1.0,1.461759420009994,1
12:05:15.960894,219,1.188279938836989,1.8426489758723208,1.3884854103353823,-0.6958000185841229,57.87999870628119,1.0,0.7911441640612931,1
12:05:15.960894,219,1.1566490345119609,1.8165325917190207,1.490351278417942,-0.6263600167294499,36.51999918371439,1.0,2.5131271090216885,1
12:05:15.960894,219,1.3306875551081478,1.8776764200654636,0.8069523927967444,-0.6263600167294499,13.23999970406294,1.0,2.761297980449008,1
12:05:15.960894,219,1.2247889061465924,1.8930268082458437,1.1703323334286342,-0.6263600167294499,54.35999878495932,1.0,1.016856390531232,1
12:05:15.960894,219,1.1979530471251374,1.8759693424848995,1.2796471053211411,-0.6958000185841229,61.75999861955643,1.0,0.5082294357198865,1
12:05:15.960894,219,1.1688395102242628,1.8540330832430665,1.3854350479588418,-0.6958000185841229,55.63999875634909,1.0,0.8161248038075528,1
12:05:15.960894,219,1.1375554316592202,1.8445207990007757,1.551580411688731,-0.6263600167294499,32.63999927043915,1.0,2.357505633860404,1
12:05:15.960894,219,1.2879746655447064,1.9029715973708123,0.8001745704653738,-0.6263600167294499,11.879999734461308,1.0,3.33581881497814,1
12:05:15.960894,219,1.2577523168587386,1.8422744002287483,0.9492822530479496,-0.6263600167294499,26.87999939918518,1.0,0.9426765596051278,1
12:05:15.960894,219,1.2371753102719625,1.854324075522381,0.9460535522839636,-0.6263600167294499,24.759999446570877,1.0,1.1811980906983282,1
12:05:15.960894,219,1.2042954354406408,1.904758482246598,1.167188840854267,-0.6263600167294499,48.87999890744686,1.0,1.2824728945407962,1
12:05:15.960894,219,1.1779086006452912,1.8874439684768176,1.2765724885531575,-0.6958000185841229,59.11999867856503,1.0,0.7108261329899275,1
12:05:15.960894,219,1.1307972473892167,1.895900742481884,1.4448671198244083,-0.6263600167294499,48.87999890744686,1.0,1.829818897258094,1
12:05:15.960894,219,1.099375863139961,1.8661286158759591,1.545790614606826,-0.6263600167294499,27.639999382197857,1.0,2.590343139300259,1
12:05:15.960894,219,1.27324291802928,1.853442662642712,0.7102855087938462,-0.6263600167294499,10.359999768435957,1.0,3.860708436658821,1
12:05:15.960894,219,1.2421762328849646,1.808219305168644,0.741754094604933,-0.6263600167294499,12.519999720156193,1.0,7.242260743196031,1
12:05:15.960894,219,1.2628364160568968,1.7961209225550745,0.7449958464559616,-0.6263600167294499,14.51999967545271,1.0,6.930221911322741,1
12:05:15.960894,219,1.2046233454626505,1.821842773144129,0.8555808697987466,-0.6263600167294499,22.359999500215054,1.0,5.778261491841569,1
12:05:16.012183,220,1.2084920879775354,1.7156987226024454,1.1183882253199708,-0.6958000185841229,31.359999299049377,1.0,3.0306657875804173,1
12:05:16.012183,220,1.2555566032135663,1.8230825518706144,1.06621500145755,-0.6958000185841229,53.99999879300594,1.0,1.8379981555707392,1
12:05:16.012183,220,1.2247961886565604,1.7845724812437649,1.1120607422961448,-0.6958000185841229,65.35999853909016,1.0,0.5600303695783535,1
12:05:16.012183,220,1.1916829768880084,1.7363253303830386,1.1360667940378713,-0.6958000185841229,37.239999167621136,1.0,2.1524883035514626,1
12:05:16.012183,220,1.1534319064612517,1.7589781552903083,1.1299969878976848,-0.6958000185841229,42.11999905854464,1.0,1.8039371039571868,1
12:05:16.012183,220,1.215255294068647,1.8469495571441457,1.0598198566687578,-0.6958000185841229,52.87999881803989,1.0,1.6943321642673848,1
12:05:16.012183,220,1.1854822384035577,1.8078547586168816,1.1058222748760609,-0.6958000185841229,70.35999842733145,1.0,0.33088161730061993,1
12:05:16.012183,220,1.2628364160568968,1.7961209225550745,0.7449958464559616,-0.6958000185841229,32.75999926775694,1.0,2.979525388672098,1
12:05:16.012183,220,1.2442704257215398,1.772647706088735,1.115255976168858,-0.6958000185841229,54.9999987706542,1.0,0.8670059641747088,1
12:05:16.012183,220,1.3154672611006704,1.8284368094796688,0.7169858069549349,-0.6958000185841229,10.359999768435957,1.0,6.322020264464292,1
12:05:16.012183,220,1.2755199303090736,1.8108582893146072,1.069490482737498,-0.6958000185841229,52.23999883234501,1.0,2.094408256343119,1
12:05:16.012183,220,1.3373700151310262,1.7010709941650826,1.110584638444729,-0.6958000185841229,21.119999527931213,1.0,4.412747281793984,1
12:05:16.012183,220,1.2636202367863978,1.7605354236214843,1.1185014524744552,-0.6958000185841229,43.75999902188778,1.0,1.3034756166838126,1
12:05:16.012183,220,1.2953557064801815,1.798441810252548,1.072817468275015,-0.6958000185841229,48.239998921751976,1.0,2.4751671559510724,1
12:05:16.012183,220,1.245956195426685,1.6919897829668324,1.1247410165487317,-0.6958000185841229,21.239999525249004,1.0,4.240986915926475,1
12:05:16.012183,220,1.2828436868862396,1.7482368450601118,1.1217968466680257,-0.6958000185841229,34.11999923735857,1.0,1.870498488403502,1
12:05:16.012183,220,1.3150619481658914,1.7858343563219397,1.076195625374334,-0.6958000185841229,42.75999904423952,1.0,2.9813956757415476,1
12:05:16.012183,220,1.3185703994233775,1.713898307970342,1.1071475700695497,-0.6958000185841229,26.75999940186739,1.0,3.414749404816057,1
12:05:16.012183,220,1.3460777506802724,1.7306949165114298,1.0177695823299822,-0.6958000185841229,36.999999172985554,1.0,3.4874762423357692,1
12:05:16.012183,220,1.3652695544978553,1.7176000057491343,1.0212783530936969,-0.6958000185841229,31.63999929279089,1.0,4.481347492549834,1
12:05:16.012183,220,1.231253022100551,1.7512001442428524,0.7763833564249851,-0.6263600167294499,59.99999865889549,1.0,3.0358218837402804,1
12:05:16.012183,220,1.227285505463273,1.7039347224088917,1.121540379671593,-0.6958000185841229,25.999999418854717,1.0,3.5662987020373915,1
12:05:16.012183,220,1.194921342116385,1.858589913181138,1.056700832669035,-0.5566400148672983,49.23999889940024,1.0,1.8054272006994951,1
12:05:16.012183,220,1.1430591314481973,1.8027753631796768,0.6438073811225833,-0.6958000185841229,23.23999948054552,1.0,6.014753632138287,1
12:05:16.012183,220,1.134132398711183,1.7700263343199878,1.1270366372488476,-0.6958000185841229,44.63999900221825,1.0,1.830797413925462,1
12:05:16.012183,220,1.171123789389681,1.8461864741951584,1.167338398653907,-0.6958000185841229,66.75999850779772,1.0,1.770660253984072,1
12:05:16.012183,220,1.1220787705534656,1.8137152300991075,0.6408760526162178,-0.6958000185841229,20.999999530613422,1.0,6.496613658451879,1
12:05:16.012183,220,1.0160220248156726,1.8323517223106676,1.1103365998687886,-0.6958000185841229,23.35999947786331,1.0,4.778345132372859,1
12:05:16.012183,220,1.050587087857523,1.919256298437653,1.1717592127489225,-0.6958000185841229,21.87999951094389,1.0,5.797765204941007,1
12:05:16.012183,220,1.0558197131111673,1.8123386012230556,1.1156990995022409,-0.6958000185841229,28.519999362528324,1.0,3.2669793774222553,1
12:05:16.012183,220,1.0697624343071157,1.9003109963282017,1.1528357766576376,-0.6958000185841229,27.759999379515648,1.0,4.187389273721462,1
12:05:16.012183,220,1.1583141794564424,1.8545994020104528,0.7293265851112929,-0.6958000185841229,25.63999942690134,1.0,3.567373777231115,1
12:05:16.012183,220,1.0755611779727816,1.8020447364290084,1.118457332260801,-0.6958000185841229,34.11999923735857,1.0,2.7093487276998887,1
12:05:16.012183,220,1.090256820752337,1.889878817707696,1.1556310704942991,-0.6958000185841229,35.51999920606613,1.0,3.4652988302706444,1
12:05:16.012183,220,1.1332107325141374,1.892324486026434,1.0476616811181292,-0.5566400148672983,32.75999926775694,1.0,2.863038194344584,1
12:05:16.012183,220,1.14996058269437,1.797207792106648,0.7640556443342259,-0.6263600167294499,50.6399988681078,1.0,3.0769955809959506,1
12:05:16.012183,220,1.129344874651927,1.8082160836327688,0.7611059815097552,-0.6263600167294499,45.759998977184296,1.0,3.4407793854754454,1
12:05:16.012183,220,1.06976626289789,1.7673949895097445,1.206725420143544,-0.6958000185841229,10.99999975413084,1.0,5.266306334880451,1
12:05:16.012183,220,1.0951950876177046,1.791560701598681,1.1212665209270063,-0.6958000185841229,39.759999111294746,1.0,2.283919103899125,1
12:05:16.012183,220,1.1309164808177197,1.8684232164293024,1.1613800815299689,-0.6958000185841229,45.51999898254872,1.0,2.378738130158734,1
12:05:16.012183,220,1.1538970101397164,1.8812785120427211,1.05062144092668,-0.5566400148672983,38.239999145269394,1.0,2.3902459613669675,1
12:05:16.012183,220,1.1908449634406415,1.7745965935870975,0.770114296717439,-0.6263600167294499,54.9999987706542,1.0,2.7726604812475415,1
12:05:16.012183,220,1.2213918331304403,1.820117524153612,0.738565976436542,-0.6958000185841229,30.119999326765537,1.0,2.80929239116468,1
12:05:16.012183,220,1.1147194786714212,1.7808875451267725,1.1241263845843454,-0.6958000185841229,43.75999902188778,1.0,1.99094765737947,1
12:05:16.012183,220,1.1510776885059388,1.8574019393135663,1.16433322383269,-0.6958000185841229,56.99999872595072,1.0,2.0147070929540467,1
12:05:16.012183,220,1.174467899031017,1.8700332795896808,1.0536345918811725,-0.5566400148672983,43.99999901652336,1.0,2.0375737201528485,1
12:05:16.012183,220,1.2421762328849646,1.808219305168644,0.741754094604933,-0.6958000185841229,31.75999929010868,1.0,2.826447514322821,1
12:05:16.012183,220,1.1794587097775773,1.8433087321252009,0.7323519109890526,-0.6958000185841229,27.99999937415123,1.0,3.1802301278417775,1
12:05:16.066613,221,1.2420723733436327,1.7633727233513108,1.093890940422217,-0.8349600223009475,52.23999883234501,1.0,0.6641165549040753,1
12:05:16.066613,221,1.1972826544180588,1.7624141826346449,1.1989225699245167,-0.8349600223009475,53.51999880373478,1.0,0.9687094608567638,1
12:05:16.066613,221,1.1640138448005115,1.7134421026558893,1.221182052605362,-0.8349600223009475,26.99999939650297,1.0,0.9621244762824656,1
12:05:16.066613,221,1.2454158074076245,1.7830837836334918,0.9794322729413444,-0.8349600223009475,38.75999913364649,1.0,0.8316369957575481,1
12:05:16.066613,221,1.1854822384035577,1.8078547586168816,1.1058222748760609,-0.8349600223009475,67.87999848276377,1.0,0.08714994489816091,1
12:05:16.066613,221,1.1453896454851835,1.72459575772681,1.2181934397364538,-0.8349600223009475,31.239999301731583,1.0,0.6690378472784997,1
12:05:16.066613,221,1.2254891782431794,1.795017437513766,0.9762346600213724,-0.8349600223009475,41.35999907553196,1.0,0.7471237282420706,1
12:05:16.066613,221,1.2652178960347382,1.7709582531857315,0.9826812990326208,-0.8349600223009475,34.879999220371246,1.0,1.0531257251873114,1
12:05:16.066613,221,1.2247961886565604,1.7845724812437649,1.1120607422961448,-0.8349600223009475,61.63999862223864,1.0,0.4230772052794711,1
12:05:16.066613,221,1.200911191438977,1.6905979199912688,1.2273031329020962,-0.8349600223009475,22.63999949395657,1.0,1.9076032322615357,1
12:05:16.066613,221,1.261388002210358,1.7512818377048225,1.0971306834669707,-0.8349600223009475,42.51999904960394,1.0,1.1306168881778773,1
12:05:16.066613,221,1.3044405435598525,1.7461364318255388,0.9893322860207538,-0.8349600223009475,30.51999931782484,1.0,1.9058494385495064,1
12:05:16.066613,221,1.398320760505902,1.776003460609308,0.7310352804412072,-0.2783200074336491,8.359999813139439,0.8359999813139438,7.3315820129068126,1
12:05:16.066613,221,1.2191806490583637,1.6789096767966956,1.230434988227021,-0.8349600223009475,18.879999577999115,1.0,2.559415217622136,1
12:05:16.066613,221,1.254026187265748,1.7268947816576945,1.2084399647319275,-0.8349600223009475,32.239999279379845,1.0,2.654792916013819,1
12:05:16.066613,221,1.2805774933336538,1.7390049850635494,1.1004202562177956,-0.8349600223009475,34.11999923735857,1.0,1.7282983315171687,1
12:05:16.066613,221,1.285192279465715,1.676500923317808,1.1520966955986705,-0.8349600223009475,25.23999943584204,1.0,3.3251624984346377,1
12:05:16.066613,221,1.3185703994233775,1.713898307970342,1.1071475700695497,-0.8349600223009475,27.519999384880062,1.0,3.31565288693049,1
12:05:16.066613,221,1.3035160041412863,1.6639983184693956,1.155446758471088,-0.8349600223009475,20.119999550282955,1.0,4.295368475885107,1
12:05:16.066613,221,1.1588518435202848,1.785173452390994,1.1928242419729806,-0.8349600223009475,75.51999831199646,1.0,0.47534373074101843,1
12:05:16.066613,221,1.2352345682390289,1.7389170878355742,1.205218597500405,-0.8349600223009475,41.75999906659126,1.0,1.967021500151009,1
12:05:16.066613,221,1.126650908164916,1.735568962170794,1.2152531784673064,-0.8349600223009475,34.639999225735664,1.0,0.49603706505257916,1
12:05:16.066613,221,1.1781261547833934,1.773886621566042,1.1958485391776337,-0.8349600223009475,66.11999852210283,1.0,0.6587824166593126,1
12:05:16.066613,221,1.1656464565776226,1.819209932626738,1.1027796651702049,-0.8349600223009475,68.11999847739935,1.0,0.1178743634270194,1
12:05:16.066613,221,1.205440001187626,1.8067580214711636,0.973088780031318,-0.8349600223009475,41.999999061226845,1.0,0.7998213539440145,1
12:05:16.066613,221,1.0020098880738746,1.8771440632220564,1.1915317539873276,-0.8349600223009475,21.119999527931213,1.0,3.633513318195373,1
12:05:16.066613,221,0.9924314825710864,1.8072389025077216,1.19604927583244,-0.8349600223009475,19.63999956101179,1.0,2.6577568380642065,1
12:05:16.066613,221,1.022183739574989,1.867367877460444,1.1941512750672083,-0.8349600223009475,26.519999407231808,1.0,2.8293581296802777,1
12:05:16.066613,221,1.0119189002443458,1.797558553055914,1.198643117650503,-0.8349600223009475,23.519999474287037,1.0,1.9873040511251605,1
12:05:16.066613,221,1.0422553735585325,1.8573973193142967,1.196822878070556,-0.8349600223009475,33.87999924272299,1.0,2.1522305349461135,1
12:05:16.066613,221,1.0697624343071157,1.9003109963282017,1.1528357766576376,-0.8349600223009475,34.759999223053455,1.0,2.243266983090742,1
12:05:16.066613,221,1.1131071977540683,1.8082460210880396,0.8760580567313352,-0.4872000130126253,28.999999351799488,1.0,4.605765090387146,1
12:05:16.066613,221,1.0313051268753672,1.7876904567587657,1.2012872660841565,-0.8349600223009475,27.87999937683344,1.0,1.4373562045769641,1
12:05:16.066613,221,1.0622227828779225,1.8472333858310777,1.1995462958393084,-0.8349600223009475,43.63999902456999,1.0,1.6022420072695136,1
12:05:16.066613,221,1.105447721413431,1.8521180278421372,1.093961967632792,-0.8349600223009475,43.239999033510685,1.0,1.0064654495317038,1
12:05:16.066613,221,1.0491610725147111,1.9105446960762835,1.1500936650745566,-0.8349600223009475,27.99999937415123,1.0,2.983673580074074,1
12:05:16.066613,221,1.06976626289789,1.7673949895097445,1.206725420143544,-0.8349600223009475,31.999999284744263,1.0,0.6991982043676788,1
12:05:16.066613,221,1.1394616480437112,1.796273546435875,1.1898499807377454,-0.8349600223009475,76.2399982959032,1.0,0.418590004989804,1
12:05:16.066613,221,1.1334264939441825,1.7973960063514194,0.8789653094178784,-0.4872000130126253,33.2399992570281,1.0,3.8847756032421867,1
12:05:16.066613,221,1.1077995066977409,1.7463606186765914,1.212361562821584,-0.8349600223009475,36.11999919265509,1.0,0.4433079188516794,1
12:05:16.066613,221,1.0823718804177025,1.7343589105505617,1.3352475773742896,-0.8349600223009475,7.519999831914902,0.7519999831914902,2.2498659658024938,1
12:05:16.066613,221,1.145694111082609,1.830372943140729,1.0997885455178809,-0.8349600223009475,62.23999860882759,1.0,0.2812734728317545,1
12:05:16.066613,221,1.1737230406464636,1.7751099107690438,0.8849368507316187,-0.8349600223009475,40.51999909430742,1.0,2.849976011532177,1
12:05:16.066613,221,1.088837326208011,1.7569696480875925,1.2095188819584284,-0.8349600223009475,35.11999921500683,1.0,0.5109943144621008,1
12:05:16.066613,221,1.1536324484344875,1.7863502680568957,0.8819250060737018,-0.4872000130126253,37.35999916493893,1.0,3.299522541728134,1
12:05:16.066613,221,1.1256271971363514,1.841342673867156,1.0968492150285478,-0.8349600223009475,52.87999881803989,1.0,0.5774513052244191,1
12:05:16.066613,221,1.101836951249479,1.8263294776284875,1.2051474811608467,-0.8349600223009475,55.63999875634909,1.0,0.8839052875003127,1
12:05:16.066613,221,1.1214797489179973,1.815591593282424,1.2080246885997932,-0.8349600223009475,68.11999847739935,1.0,0.7155572660706442,1
12:05:16.124721,222,1.2542892430756891,1.6423512053166325,1.045664855620388,-0.6958000185841229,39.99999910593033,1.0,0.8159929618047304,1
12:05:16.124721,222,1.211334897519716,1.6449745808701155,1.1490617768796674,-0.6958000185841229,37.35999916493893,1.0,0.4637173793686852,1
12:05:16.124721,222,1.2975265532557323,1.5858522681835991,0.7456060326179741,-0.6263600167294499,9.879999779164793,0.9879999779164793,2.43854872648385,1
12:05:16.124721,222,1.1433948036816792,1.6803260034220742,1.5281573263300945,-0.7655200204462744,25.23999943584204,1.0,3.618541013323921,1
12:05:16.124721,222,1.1087340218303177,1.62938873061285,1.542460728731063,-0.7655200204462744,9.239999793469906,0.9239999793469906,4.292604507799953,1
12:05:16.124721,222,1.3316862013279174,1.627602593246081,0.7125819250479792,-0.6958000185841229,7.639999829232693,0.7639999829232693,2.3373175420023236,1
12:05:16.124721,222,1.2619814520989712,1.6028392693974256,0.8547620941622931,-0.6958000185841229,22.359999500215054,1.0,1.4862338310980148,1
12:05:16.124721,222,1.3125664185929984,1.640373458868756,0.709159981917737,-0.6958000185841229,7.759999826550484,0.7759999826550483,1.8540888618580156,1
12:05:16.124721,222,1.193183008716188,1.656587607112961,1.1459500758762156,-0.6958000185841229,45.759998977184296,1.0,0.2905068978242059,1
12:05:16.124721,222,1.168173435918625,1.6501297751842676,1.269337252779213,-0.8349600223009475,30.999999307096004,1.0,0.8961407308020082,1
12:05:16.124721,222,1.1258860041391463,1.6912858792064311,1.5252206364645302,-0.7655200204462744,23.35999947786331,1.0,3.386593373984265,1
12:05:16.124721,222,1.2788972201843976,1.5982955429107517,0.742271867203635,-0.6263600167294499,11.239999748766422,1.0,2.250969631456509,1
12:05:16.124721,222,1.243472329135578,1.6149397825340732,0.8515197714393263,-0.6958000185841229,26.119999416172504,1.0,1.397955188240195,1
12:05:16.124721,222,1.201352035107542,1.6876003258459886,1.0565632068623163,-0.6958000185841229,63.11999858915806,1.0,0.375881441771701,1
12:05:16.124721,222,1.280364377974444,1.5905605798661633,0.8580521591063075,-0.6958000185841229,18.639999583363533,1.0,1.6942062154421726,1
12:05:16.124721,222,1.2385947958796426,1.6640314641506233,1.0628784643201103,-0.6958000185841229,50.87999886274338,1.0,0.9111245138889219,1
12:05:16.124721,222,1.3160261347588094,1.5732296730786683,0.7489882467827254,-0.6958000185841229,8.759999804198742,0.8759999804198741,2.746878498947416,1
12:05:16.124721,222,1.4068147384880036,1.5746917638017928,0.7267593390684373,-0.5566400148672983,6.11999986320734,0.611999986320734,5.293026429851076,1
12:05:16.124721,222,1.1607892647017817,1.6691975564327262,1.5311391847139024,-0.7655200204462744,25.87999942153692,1.0,3.940976520053694,1
12:05:16.124721,222,1.174911802611438,1.6680247218535802,1.1428855102177244,-0.6958000185841229,54.63999877870083,1.0,0.2259109634284588,1
12:05:16.124721,222,1.22918911007828,1.623020563638988,1.5435122726418824,-0.7655200204462744,20.75999953597784,1.0,6.068409287889429,1
12:05:16.124721,222,1.3886901447368636,1.5209716001750286,0.7629907552152624,-0.6958000185841229,5.759999871253967,0.5759999871253967,5.122428520250777,1
12:05:16.124721,222,1.2122692805234834,1.6348120002040238,1.5403527667366783,-0.7655200204462744,23.23999948054552,1.0,5.41715288597795,1
12:05:16.124721,222,1.3707279364158689,1.5342986768868727,0.759419775772856,-0.6958000185841229,6.6399998515844345,0.6639999851584435,4.363181360169694,1
12:05:16.124721,222,1.3347376545011658,1.5526678198403254,0.868205493554217,-0.6958000185841229,12.759999714791777,1.0,3.001811128347067,1
12:05:16.124721,222,1.29070373942673,1.6177676419133245,1.0522520015813837,-0.6958000185841229,24.879999443888664,1.0,1.8203570297933647,1
12:05:16.124721,222,1.2650565691322766,1.6090917333136685,1.1586765569045463,-0.6958000185841229,24.759999446570877,1.0,1.5981210392141285,1
12:05:16.124721,222,1.195228225056275,1.6464394169262593,1.537237209815895,-0.7655200204462744,25.11999943852425,1.0,4.843503472360896,1
12:05:16.124721,222,1.3882389634300414,1.5881909487761927,0.7231422433560684,-0.6958000185841229,6.7599998489022255,0.6759999848902225,4.407488685172466,1
12:05:16.124721,222,1.3526286564496297,1.5474515885368765,0.7558954637181197,-0.6958000185841229,7.639999829232693,0.7639999829232693,3.7122934401215115,1
12:05:16.124721,222,1.3167442981563109,1.5654736007491663,0.8647741949012433,-0.6958000185841229,15.359999656677246,1.0,2.45522916673733,1
12:05:16.124721,222,1.27256011872407,1.6301473586019974,1.0489348664921276,-0.6958000185841229,31.359999299049377,1.0,1.2696682388157385,1
12:05:16.124721,222,1.247273474641562,1.6212254565242008,1.1554253355691015,-0.6958000185841229,30.35999932140112,1.0,1.1210158096562592,1
12:05:16.124721,222,1.350672816558391,1.6146476863241317,0.7160531818957359,-0.6958000185841229,7.239999838173389,0.723999983817339,2.9263471048376988,1
12:05:16.124721,222,1.108264616939468,1.7020760878074022,1.522329408783737,-0.6958000185841229,20.75999953597784,1.0,3.248813861441267,1
12:05:16.124721,222,1.1037050083589657,1.7502634575896543,0.9083618486506252,-0.904680024163099,18.23999959230423,1.0,1.7250924691073877,1
12:05:16.124721,222,1.260139998462506,1.6105582529430782,0.7389860839534561,-0.6263600167294499,12.879999712109566,1.0,2.187788411599568,1
12:05:16.124721,222,1.1450169175052491,1.6802752631847309,0.720305467360493,-0.6263600167294499,11.519999742507936,1.0,4.652297655372062,1
12:05:16.124721,222,1.1233811084755396,1.7395073682077449,0.9112439341142248,-0.904680024163099,21.51999951899052,1.0,1.1508474807755076,1
12:05:16.124721,222,1.0932603826557874,1.782418402929134,1.100510740857172,-0.904680024163099,49.87999888509512,1.0,2.242308790599382,1
12:05:16.124721,222,1.0628820326489874,1.7328904670761884,1.1255047861688836,-0.904680024163099,45.87999897450209,1.0,2.3561904329096293,1
12:05:16.124721,222,1.1254176873898198,1.6912407114273624,0.7173672843592347,-0.6263600167294499,10.239999771118164,1.0,5.579933006483133,1
12:05:16.124721,222,1.073661157080252,1.7928839173018405,1.097706514732629,-0.904680024163099,38.99999912828207,1.0,2.587477687605676,1
12:05:16.124721,222,1.081830368597561,1.7225322154971758,1.1282802713144784,-0.904680024163099,54.87999877333641,1.0,1.678562282157238,1
12:05:16.124721,222,1.043827409387632,1.743065176930905,1.1227784808800914,-0.904680024163099,37.35999916493893,1.0,3.174385539205015,1
12:05:16.124721,222,1.2933153803158897,1.652959006116293,0.7057876946964556,-0.6958000185841229,7.35999983549118,0.735999983549118,1.4805313917257084,1
12:05:16.124721,222,1.02648172437782,1.7619792749068075,1.1402711069515468,-0.904680024163099,30.23999932408333,1.0,3.5698076248836403,1
12:05:16.124721,222,1.0160220248156726,1.8323517223106676,1.1103365998687886,-0.904680024163099,24.119999460875988,1.0,4.703115029882579,1
12:05:16.124721,222,0.987789891671426,1.7814362927945115,1.1350576147214186,-0.904680024163099,24.51999945193529,1.0,5.760252462721629,1
12:05:16.124721,222,1.0839185386662409,1.760828955810809,0.9055308319346342,-0.904680024163099,15.359999656677246,1.0,2.4434811527607785,1
12:05:16.124721,222,1.1127502831089915,1.7717641010056242,1.1033655524534938,-0.904680024163099,62.23999860882759,1.0,2.0238828598601324,1
12:05:16.124721,222,1.0539545662885228,1.8031595975810737,1.094953154500128,-0.904680024163099,30.51999931782484,1.0,3.0650598078991913,1
12:05:16.124721,222,1.183869927082131,1.6577791943166946,0.7263332708465582,-0.6263600167294499,12.639999717473984,1.0,3.2595145484519086,1
12:05:16.124721,222,1.1429448714224355,1.728561763265007,0.9141768001193014,-0.904680024163099,24.879999443888664,1.0,0.7152001665973853,1
12:05:16.124721,222,1.2248388599810531,1.6268609092349315,0.8483255151669622,-0.6263600167294499,28.759999357163903,1.0,1.4331349077098672,1
12:05:16.124721,222,1.1825495193147126,1.699113781928003,1.0534781856030493,-0.6958000185841229,73.87999834865332,1.0,0.26887203599325277,1
12:05:16.124721,222,1.1565231063107693,1.679284781390081,1.1398683863581929,-0.904680024163099,61.87999861687422,1.0,0.2739185225873847,1
12:05:16.124721,222,1.2544272504188356,1.6775691299667697,0.6991934318850905,-0.6958000185841229,6.7599998489022255,0.6759999848902225,1.0790590969955465,1
12:05:16.124721,222,1.2222494044940695,1.634537092059278,0.7325609733768346,-0.6263600167294499,13.639999695122242,1.0,2.450287831661079,1
12:05:16.124721,222,1.200942630986792,1.6945988946834414,0.9232771233283764,-0.904680024163099,29.35999934375286,1.0,0.1873885991981436,1
12:05:16.124721,222,1.1513943238808564,1.749893414963314,1.109225785116445,-0.904680024163099,78.11999825388193,1.0,1.9455526454684786,1
12:05:16.124721,222,1.0905324042066002,1.7126955502131669,1.5194839324080596,-0.8349600223009475,17.999999597668648,1.0,3.2090632319581776,1
12:05:16.124721,222,1.2347940475792996,1.689591245577942,0.6959721157157635,-0.6958000185841229,5.879999868571758,0.5879999868571758,1.0600264093364282,1
12:05:16.124721,222,1.203119821275177,1.646250823279329,0.7294222885560666,-0.6263600167294499,13.519999697804453,1.0,2.7843364106129966,1
12:05:16.124721,222,1.1623943408397497,1.7174277373127649,0.9171601533817118,-0.904680024163099,27.759999379515648,1.0,0.4128037389866364,1
12:05:16.124721,222,1.1321289094661482,1.7609220769525769,1.1062706640428266,-0.904680024163099,73.35999836027622,1.0,1.9267238443041126,1
12:05:16.124721,222,1.1006705224156337,1.7119914580103472,1.1311046587706866,-0.904680024163099,61.99999861419201,1.0,1.1363722498696913,1
12:05:16.124721,222,1.119400610103607,1.70126924868262,1.1339776661011285,-0.904680024163099,64.7599985525012,1.0,0.7246755765754148,1
12:05:16.124721,222,1.2150373663695169,1.7014231210765407,0.6928017742309684,-0.6263600167294499,5.519999876618385,0.5519999876618386,1.168424780682578,1
12:05:16.176940,223,1.1420229586447324,1.6567135903139243,1.4481247376842212,-0.974120026017772,70.75999841839075,1.0,0.4411241908646548,1
12:05:16.176940,223,1.2253693774421686,1.6379485816944888,1.3389252432108454,-0.7655200204462744,58.63999868929386,1.0,0.4417467432212415,1
12:05:16.176940,223,1.1937941902825615,1.6228676609431496,1.4571937271262012,-0.7655200204462744,61.11999863386154,1.0,0.6507104866201947,1
12:05:16.176940,223,1.1588223180025656,1.5910531670727,1.5317889298483127,-0.6958000185841229,35.11999921500683,1.0,1.0230993473163914,1
12:05:16.176940,223,1.2494807312279523,1.6299161090839358,1.1756573255836829,-0.904680024163099,44.519999004900455,1.0,1.202329622141621,1
12:05:16.176940,223,1.142355795996382,1.6076441483513029,1.5482871719877966,-0.6958000185841229,37.75999915599823,1.0,1.034445150081394,1
12:05:16.176940,223,1.1766542022541129,1.6343161427026107,1.4541261156841911,-0.974120026017772,68.75999846309423,1.0,0.4607567000967739,1
12:05:16.176940,223,1.1859448541814823,1.6387601624187336,1.2723837313379924,-0.974120026017772,76.63999828696251,1.0,0.124289385353188,1
12:05:16.176940,223,1.2672952958438954,1.617760913244491,1.1789143004927043,-0.904680024163099,36.87999917566776,1.0,1.6824087203179623,1
12:05:16.176940,223,1.2035976789525076,1.6272194622751772,1.2754760526215485,-0.974120026017772,69.2399984523654,1.0,0.2945205003542155,1
12:05:16.176940,223,1.1753443135375952,1.5797799142194144,1.5348095888464224,-0.6958000185841229,31.239999301731583,1.0,1.3090824925082685,1
12:05:16.176940,223,1.2611433984493987,1.5754355851803783,1.4699031135221676,-0.6958000185841229,32.99999926239252,1.0,2.618525482410541,1
12:05:16.176940,223,1.244025009919736,1.6331698932686485,1.362361092837877,-0.7655200204462744,47.8799989297986,1.0,0.8130875054892329,1
12:05:16.176940,223,1.29102122375823,1.6304098346997775,1.2434304817499269,-0.7655200204462744,30.119999326765537,1.0,1.7320164219117,1
12:05:16.176940,223,1.1917487756259757,1.568347637465549,1.5378728581702696,-0.6958000185841229,27.119999393820763,1.0,1.709209746134242,1
12:05:16.176940,223,1.2277143290361583,1.5994769055950586,1.463461261132076,-0.6958000185841229,41.23999907821417,1.0,1.3925137876943456,1
12:05:16.176940,223,1.2786249705184327,1.6088021538820052,1.3688904089279004,-0.7655200204462744,38.519999139010906,1.0,1.9079138542639165,1
12:05:16.176940,223,1.3086630734023703,1.6178542193359895,1.2467947487471296,-0.7655200204462744,24.63999944925308,1.0,2.426113097973416,1
12:05:16.176940,223,1.2957340205174035,1.5963688513709815,1.372221902294981,-0.7655200204462744,30.999999307096004,1.0,2.647049690321853,1
12:05:16.176940,223,1.2776695958396902,1.5631739580775426,1.473188606602264,-0.6958000185841229,26.519999407231808,1.0,3.4135845732463626,1
12:05:16.176940,223,1.3127134981998898,1.583770912545328,1.3755975098296114,-0.7655200204462744,25.11999943852425,1.0,3.514235180044642,1
12:05:16.176940,223,1.1087340218303177,1.62938873061285,1.542460728731063,-0.6958000185841229,38.519999139010906,1.0,1.059013184394662,1
12:05:16.176940,223,1.2108147998921437,1.611254194795004,1.460305546001923,-0.6958000185841229,50.99999886006117,1.0,0.961201825398208,1
12:05:16.176940,223,1.1952945432820254,1.6653408388434898,1.1661652978525194,-0.974120026017772,57.999998703598976,1.0,0.5563199975116534,1
12:05:16.176940,223,1.2134785548532798,1.6537072614310866,1.169282505525258,-0.974120026017772,52.23999883234501,1.0,0.6396488824147163,1
12:05:16.176940,223,1.1245351661591478,1.6676603164397803,1.4451915712590335,-0.904680024163099,66.11999852210283,1.0,0.6106745424178233,1
12:05:16.176940,223,1.0628820326489874,1.7328904670761884,1.1255047861688836,-0.974120026017772,29.519999340176582,1.0,3.6552925275204506,1
12:05:16.176940,223,1.0173088912170791,1.72974481624633,1.4285560796733785,-0.904680024163099,24.759999446570877,1.0,4.10846221809616,1
12:05:16.176940,223,1.081830368597561,1.7225322154971758,1.1282802713144784,-0.974120026017772,35.879999198019505,1.0,2.850455804258348,1
12:05:16.176940,223,1.0354447802829716,1.719830694918557,1.4312125604768196,-0.904680024163099,30.63999931514263,1.0,3.233033813703496,1
12:05:16.176940,223,1.0711042829783048,1.6716591377064882,1.1755505814061329,-0.974120026017772,40.8799990862608,1.0,1.8334964862657046,1
12:05:16.176940,223,1.1006705224156337,1.7119914580103472,1.1311046587706866,-0.974120026017772,43.239999033510685,1.0,2.1733080745707554,1
12:05:16.176940,223,1.071404124363723,1.699479419302211,1.4366656683431624,-0.904680024163099,37.99999915063381,1.0,1.831315244066865,1
12:05:16.176940,223,1.0893312425766395,1.6612249486371626,1.1783464139409323,-0.974120026017772,50.519998870790005,1.0,1.3285957037942047,1
12:05:16.176940,223,1.119400610103607,1.70126924868262,1.1339776661011285,-0.974120026017772,50.99999886006117,1.0,1.6245388210780025,1
12:05:16.176940,223,1.0527702138490445,1.6819167490988594,1.1728020627172748,-0.974120026017772,33.11999925971031,1.0,2.460480198311157,1
12:05:16.176940,223,1.0892239834743007,1.6890443001241504,1.4394617500998463,-0.904680024163099,47.11999894678593,1.0,1.3062768106454752,1
12:05:16.176940,223,1.0574740890539198,1.6607770294602393,1.5340502594031182,-0.6958000185841229,30.119999326765537,1.0,1.940333297688574,1
12:05:16.176940,223,1.0917559826860903,1.640016369568374,1.5396130614554808,-0.6958000185841229,37.11999917030335,1.0,1.2406136813870419,1
12:05:16.176940,223,1.0576259612330348,1.5887468599303165,1.5540054864464314,-0.6958000185841229,7.239999838173389,0.723999983817339,1.172931762287232,1
12:05:16.176940,223,1.168173435918625,1.6501297751842676,1.269337252779213,-0.974120026017772,77.35999827086926,1.0,0.08000677367891926,1
12:05:16.176940,223,1.176991003257862,1.6767981934491858,1.1630953089385263,-0.974120026017772,59.99999865889549,1.0,0.6044393244932688,1
12:05:16.176940,223,1.2084920879775354,1.7156987226024454,1.1183882253199708,-0.974120026017772,15.639999650418758,1.0,0.9625236764231362,1
12:05:16.176940,223,1.106934921099084,1.67843757894893,1.4423038124730887,-0.904680024163099,57.11999872326851,1.0,0.8992209809865286,1
12:05:16.176940,223,1.074668768858269,1.6504794846184168,1.536809478227508,-0.6958000185841229,34.11999923735857,1.0,1.534540696371523,1
12:05:16.176940,223,1.1565231063107693,1.679284781390081,1.1398683863581929,-0.974120026017772,57.2399987205863,1.0,0.9146784126324922,1
12:05:16.176940,223,1.1126531361869745,1.6753048938875776,1.240538340295274,-0.974120026017772,61.35999862849712,1.0,0.7101577183877146,1
12:05:16.176940,223,1.130745035182964,1.6644700226771345,1.2434415352862076,-0.974120026017772,71.3599984049797,1.0,0.39705679601750266,1
12:05:16.228707,224,1.178057634752428,1.5367464806161917,1.2227785855537072,-0.7655200204462744,39.99999910593033,1.0,1.6171387359090679,1
12:05:16.228707,224,1.1074037627979656,1.6064921023736631,1.4648542418018695,-0.6958000185841229,17.759999603033066,1.0,4.552407114358497,1
12:05:16.228707,224,1.1441134228203202,1.5591776778020612,1.21676816438249,-0.7655200204462744,42.9999990388751,1.0,1.054444739274715,1
12:05:16.228707,224,1.1787959888367998,1.606442469616574,1.193025334953874,-0.7655200204462744,50.23999887704849,1.0,0.7136277843059308,1
12:05:16.228707,224,1.2137691829901902,1.5833312948500635,1.199217955568695,-0.7655200204462744,44.519999004900455,1.0,2.0086787362550047,1
12:05:16.228707,224,1.2310745875465043,1.5715235080195862,1.2023818425143202,-0.7655200204462744,37.99999915063381,1.0,2.923665396844861,1
12:05:16.228707,224,1.2115306393589238,1.513664061431422,1.2289635011336228,-0.7655200204462744,31.119999304413795,1.0,2.9087672650391787,1
12:05:16.228707,224,1.2482568856754597,1.5595491569912292,1.2055903602022553,-0.7655200204462744,31.87999928742647,1.0,4.011925395107283,1
12:05:16.228707,224,1.1611316965298393,1.6177435464544927,1.1899972205415517,-0.904680024163099,53.63999880105257,1.0,0.34135705040155073,1
12:05:16.228707,224,1.1948538792491137,1.5252861027946816,1.2258493845359364,-0.7655200204462744,35.759999200701714,1.0,2.1735990602995092,1
12:05:16.228707,224,1.1269688497776529,1.5701462540654954,1.213829143230584,-0.7655200204462744,43.87999901920557,1.0,1.055487039877815,1
12:05:16.228707,224,1.1433512920260227,1.6288734371294114,1.1870149753233603,-0.904680024163099,53.51999880373478,1.0,0.15794292421101014,1
12:05:16.228707,224,1.0837448462602326,1.7314021471128158,1.1484642236508102,-0.904680024163099,25.359999433159828,1.0,3.5833184750415765,1
12:05:16.228707,224,1.034330868580411,1.6919967570617305,1.170101132723924,-0.904680024163099,25.23999943584204,1.0,3.2609165319963256,1
12:05:16.228707,224,1.0527702138490445,1.6819167490988594,1.1728020627172748,-0.904680024163099,30.759999312460423,1.0,2.2213842229393,1
12:05:16.228707,224,1.0395902251118656,1.6224755393997383,1.1998075534847756,-0.6958000185841229,29.35999934375286,1.0,4.03786030645887,1
12:05:16.228707,224,1.0711042829783048,1.6716591377064882,1.1755505814061329,-0.904680024163099,36.999999172985554,1.0,1.3967950513003178,1
12:05:16.228707,224,1.0572809106343333,1.6123483453105891,1.2025211269625564,-0.6958000185841229,34.11999923735857,1.0,3.031173981460709,1
12:05:16.228707,224,1.0893312425766395,1.6612249486371626,1.1783464139409323,-0.904680024163099,43.75999902188778,1.0,0.7825912093112545,1
12:05:16.228707,224,1.102618340844744,1.720842736013238,1.15129360932749,-0.904680024163099,28.999999351799488,1.0,3.1796096513728385,1
12:05:16.228707,224,1.0923433415823525,1.591583877800861,1.2080849492630503,-0.6958000185841229,38.75999913364649,1.0,1.6411945023468109,1
12:05:16.228707,224,1.1254565533509042,1.639831028661587,1.184078897521324,-0.904680024163099,49.75999888777733,1.0,0.16751581717734013,1
12:05:16.228707,224,1.1585697651194564,1.6880781795223128,1.1600728457795977,-0.904680024163099,34.35999923199415,1.0,3.1906859010189494,1
12:05:16.228707,224,1.1097115807941835,1.580948680809637,1.2109346417081948,-0.6958000185841229,42.23999905586243,1.0,1.2497855511478122,1
12:05:16.228707,224,1.1213815745189455,1.7101015519637357,1.1541717009193089,-0.904680024163099,32.119999282062054,1.0,2.9827792729558427,1
12:05:16.228707,224,1.176991003257862,1.6767981934491858,1.1630953089385263,-0.904680024163099,34.99999921768904,1.0,3.586116039966261,1
12:05:16.285507,225,1.1590805119691032,1.60924049181703,1.170359772080838,-0.6263600167294499,42.87999904155731,1.0,2.485864183618741,1
12:05:16.285507,225,1.1146440344362107,1.534954362213698,1.2964200587123,-0.4872000130126253,41.11999908089638,1.0,2.0295550594745717,1
12:05:16.285507,225,1.25896935142889,1.532304564248725,0.7589119030153086,-0.5566400148672983,5.359999880194664,0.5359999880194664,6.024757598678423,1
12:05:16.285507,225,1.1937443699487171,1.5161715337364832,0.916686691336249,-0.6263600167294499,26.87999939918518,1.0,1.2033043010019684,1
12:05:16.285507,225,1.2109690238706516,1.455070897320787,0.7360232353028495,-0.4872000130126253,15.119999662041664,1.0,4.698389994065101,1
12:05:16.285507,225,1.0979410610388205,1.5456404164583526,1.2935567391071696,-0.4872000130126253,44.519999004900455,1.0,1.8599611474572422,1
12:05:16.285507,225,1.0576259612330348,1.5887468599303165,1.5540054864464314,-0.4174800111504737,11.519999742507936,1.0,4.59458040836175,1
12:05:16.285507,225,1.1441134228203202,1.5591776778020612,1.21676816438249,-0.6263600167294499,50.75999886542559,1.0,0.3956691455851028,1
12:05:16.285507,225,1.1269688497776529,1.5701462540654954,1.213829143230584,-0.6263600167294499,59.35999867320061,1.0,0.17998403929182885,1
12:05:16.285507,225,1.1767135996127471,1.5979593787733983,1.1733825372106033,-0.5566400148672983,36.51999918371439,1.0,2.818113696553718,1
12:05:16.285507,225,1.228899846132902,1.5631021028879617,1.1827225161344548,-0.5566400148672983,24.35999945551157,1.0,4.56759250504903,1
12:05:16.285507,225,1.26239528559185,1.4192319131928102,0.7456262621574927,-0.4872000130126253,14.239999681711195,1.0,5.695550001514515,1
12:05:16.285507,225,1.1312355443640068,1.5241075066260408,1.29932646490743,-0.4872000130126253,35.999999195337296,1.0,2.343281550036367,1
12:05:16.285507,225,1.1759765498597463,1.528552605078059,1.2037031010686536,-0.4872000130126253,41.11999908089638,1.0,1.1111932900193933,1
12:05:16.285507,225,1.2116250122506544,1.5748890308011296,1.1795642183188777,-0.5566400148672983,29.999999329447743,1.0,3.860413913919338,1
12:05:16.285507,225,1.1477139316851166,1.5131009343718511,1.3022756670543747,-0.4872000130126253,30.51999931782484,1.0,2.7997829993148096,1
12:05:16.285507,225,1.192743123133527,1.517112472462255,1.2067684753643633,-0.4872000130126253,32.75999926775694,1.0,1.7053802846150967,1
12:05:16.285507,225,1.1803247586845182,1.4906130583173631,1.308301275282666,-0.4872000130126253,25.51999942958355,1.0,4.136454048253876,1
12:05:16.285507,225,1.2093904230942756,1.5055109618896707,1.2098770907532683,-0.4872000130126253,25.999999418854717,1.0,2.435590270250535,1
12:05:16.285507,225,1.2460517910601097,1.5511489050190843,1.18592536585039,-0.5566400148672983,19.759999558329586,1.0,5.397168918662829,1
12:05:16.285507,225,1.2259167850259427,1.4937492335016451,1.213028636376434,-0.4872000130126253,20.87999953329563,1.0,3.3008912420888885,1
12:05:16.285507,225,1.17623606085789,1.5276177553955566,0.9136196854863128,-0.6263600167294499,28.639999359846115,1.0,1.0941499629260096,1
12:05:16.285507,225,1.2111333056026692,1.5045567699268303,0.9197988579193236,-0.6263600167294499,24.23999945819378,1.0,1.4567126051806634,1
12:05:16.285507,225,1.1097115807941835,1.580948680809637,1.2109346417081948,-0.6263600167294499,63.879998572170734,1.0,0.10348433208383062,1
12:05:16.285507,225,1.1413315172453409,1.6203507211047146,1.1673827951154785,-0.6263600167294499,47.35999894142151,1.0,2.2817553254440357,1
12:05:16.285507,225,0.985901547650833,1.6518248621896214,1.191943426144826,-0.6263600167294499,22.63999949395657,1.0,3.6332247405682794,1
12:05:16.285507,225,1.0139936616950125,1.6932464365599695,1.1478504470275537,-0.6263600167294499,20.999999530613422,1.0,4.619966832956556,1
12:05:16.285507,225,1.003898759061764,1.6422147847932551,1.194518438622383,-0.6263600167294499,28.359999366104603,1.0,2.6771726170521983,1
12:05:16.285507,225,1.0325036826421874,1.6833625312232423,1.1504988314805955,-0.6263600167294499,25.999999418854717,1.0,3.8650183689669815,1
12:05:16.285507,225,1.0217955814378563,1.632431351084903,1.1971399017837394,-0.6263600167294499,35.759999200701714,1.0,1.8759845847214027,1
12:05:16.285507,225,1.0509104540861307,1.6733003299887272,1.1531949901754632,-0.6263600167294499,31.999999284744263,1.0,3.254921709435898,1
12:05:16.285507,225,1.0141896939668165,1.6040801661625097,1.2986534119701958,-0.6263600167294499,32.51999927312136,1.0,2.784746525672532,1
12:05:16.285507,225,1.0395902251118656,1.6224755393997383,1.1998075534847756,-0.6263600167294499,44.75999899953604,1.0,1.2269458172439458,1
12:05:16.285507,225,0.996829830641774,1.6137927253634985,1.2960509395758515,-0.6263600167294499,27.119999393820763,1.0,3.4727752944517514,1
12:05:16.285507,225,1.1050442818244022,1.571694583477414,0.9018093349968536,-0.6263600167294499,26.119999416172504,1.0,2.1324167624224293,1
12:05:16.285507,225,1.03004810209881,1.586755491510194,1.2825399879502837,-0.6263600167294499,37.87999915331602,1.0,2.655436249759304,1
12:05:16.285507,225,1.0572809106343333,1.6123483453105891,1.2025211269625564,-0.6263600167294499,54.35999878495932,1.0,0.7274977925158851,1
12:05:16.285507,225,1.0874068963263577,1.652645082401926,1.1587295470858114,-0.6263600167294499,44.75999899953604,1.0,2.4578691134600614,1
12:05:16.285507,225,1.1230124597611275,1.5609338062989704,0.9046926765517488,-0.6263600167294499,28.23999936878681,1.0,1.6479523764382962,1
12:05:16.285507,225,1.047180117590555,1.5767231662091132,1.2852281414129147,-0.6263600167294499,42.63999904692173,1.0,2.231856021934489,1
12:05:16.285507,225,1.0923433415823525,1.591583877800861,1.2080849492630503,-0.6263600167294499,61.87999861687422,1.0,0.16792915035787864,1
12:05:16.285507,225,1.1234683903260625,1.6312889556228318,1.1644519040097263,-0.6263600167294499,48.119998924434185,1.0,2.2076602438129616,1
12:05:16.285507,225,1.158610129146429,1.538894290291474,0.9105981470675304,-0.6263600167294499,29.11999934911728,1.0,1.1307373724797736,1
12:05:16.285507,225,1.069212135365119,1.6630608390681172,1.1559386534985463,-0.6263600167294499,38.6399991363287,1.0,2.786781372481302,1
12:05:16.285507,225,1.0642074159478692,1.5665258627196244,1.2879605006478982,-0.4872000130126253,45.11999899148941,1.0,1.9593706284951877,1
12:05:16.340621,226,1.1146440344362107,1.664751949194646,-0.2823306138446377,-0.4872000130126253,37.75999915599823,1.0,2.4031830438725663,1
12:05:16.340621,226,1.1951826274110031,1.7100449374362472,-0.7380069541059185,-0.6263600167294499,31.119999304413795,1.0,2.1942822507209745,1
12:05:16.340621,226,1.168173435918625,1.7830124011067268,-0.2786810051394498,-0.6263600167294499,51.99999883770943,1.0,2.0248113122180875,1
12:05:16.340621,226,1.1322644378388729,1.7282035971065164,-0.2911567160691148,-0.4872000130126253,52.51999882608652,1.0,0.967888408919467,1
12:05:16.340621,226,1.097476225565417,1.615497942698379,-0.7342989820329471,-0.4872000130126253,55.75999875366688,1.0,0.233132152320051,1
12:05:16.340621,226,1.2109690238706516,1.7326318180744475,-0.8443077406492442,-0.5566400148672983,10.359999768435957,1.0,5.227536453728013,1
12:05:16.340621,226,1.1322819391067005,1.8060177211918689,-0.2786810051394498,-0.6263600167294499,52.63999882340431,1.0,2.52267192100383,1
12:05:16.340621,226,1.149489572643595,1.7167947322350816,-0.2911567160691148,-0.4872000130126253,46.11999896913767,1.0,1.1768624550031594,1
12:05:16.340621,226,1.0979410610388205,1.6758149666167073,-0.2823306138446377,-0.4872000130126253,41.879999063909054,1.0,1.9511470660365935,1
12:05:16.340621,226,1.1859448541814823,1.771241711830083,-0.2786810051394498,-0.4174800111504737,47.63999893516302,1.0,2.0052919814778076,1
12:05:16.340621,226,1.2558269999919092,1.7223997634050063,-0.2786810051394498,-0.4174800111504737,28.519999362528324,1.0,3.5157527825299772,1
12:05:16.340621,226,1.1312355443640068,1.6535224579723966,-0.2823306138446377,-0.4872000130126253,32.63999927043915,1.0,3.0049857043412103,1
12:05:16.340621,226,1.1665997594540962,1.7052141893287558,-0.2911567160691148,-0.4872000130126253,38.75999913364649,1.0,1.538622433381727,1
12:05:16.340621,226,1.2035976789525076,1.7592938998662038,-0.2786810051394498,-0.4174800111504737,41.11999908089638,1.0,2.1420926294101466,1
12:05:16.340621,226,1.2459384877098982,1.6734253750196266,-0.7380069541059185,-0.6263600167294499,25.63999942690134,1.0,1.800503927612789,1
12:05:16.340621,226,1.1477139316851166,1.6421276158896718,-0.2823306138446377,-0.4872000130126253,27.759999379515648,1.0,3.7587459983337417,1
12:05:16.340621,226,1.1835932872660304,1.6934631264321267,-0.2911567160691148,-0.4872000130126253,31.87999928742647,1.0,2.055526246833741,1
12:05:16.340621,226,1.2211301449640128,1.747170159986276,-0.2786810051394498,-0.4174800111504737,34.51999922841787,1.0,2.437747915645411,1
12:05:16.340621,226,1.2626101657807776,1.660882527508627,-0.7380069541059185,-0.6263600167294499,22.239999502897263,1.0,1.979009812779488,1
12:05:16.340621,226,1.2172235803757556,1.6694541579880855,-0.2911567160691148,-0.4174800111504737,25.999999418854717,1.0,3.564186280774381,1
12:05:16.340621,226,1.0642074159478692,1.5665258627196244,-0.7120394993521018,-0.4872000130126253,43.87999901920557,1.0,1.9550727851409102,1
12:05:16.340621,226,1.272987919351867,1.7097555837225695,-0.2786810051394498,-0.4174800111504737,23.639999471604824,1.0,4.3031595830413725,1
12:05:16.340621,226,1.2122230327663872,1.698007809094843,-0.7380069541059185,-0.6263600167294499,28.879999354481697,1.0,1.9106309932036316,1
12:05:16.340621,226,1.0359236885141323,1.5453783249443251,-0.6166589894747126,-0.4872000130126253,18.23999959230423,1.0,4.664170059585343,1
12:05:16.340621,226,1.178022704794203,1.7219110627165846,-0.7380069541059185,-0.6263600167294499,31.999999284744263,1.0,2.6269979599006645,1
12:05:16.340621,226,1.1141654496772444,1.6832008059186407,-0.739524103198927,-0.4872000130126253,48.99999890476465,1.0,0.9050246715528957,1
12:05:16.340621,226,1.1607449808938717,1.483523585333208,-1.1615499672054117,-0.6263600167294499,31.119999304413795,1.0,1.9241977402192663,1
12:05:16.340621,226,0.9736750517187416,1.693246550043512,-0.7337272504036391,-0.4872000130126253,21.359999522566795,1.0,4.1715576083447345,1
12:05:16.340621,226,0.9780409360181456,1.6158526491304068,-0.7252565719360933,-0.4872000130126253,24.23999945819378,1.0,2.7374874421349613,1
12:05:16.340621,226,1.0099869516889788,1.6740852081589628,-0.7285929843197776,-0.4872000130126253,26.519999407231808,1.0,2.305004225688972,1
12:05:16.340621,226,1.0566188206843865,1.490193465106922,-1.2490995034637005,-1.1830000315967482,18.11999959498644,1.0,3.090220587342487,1
12:05:16.340621,226,0.9954767827611204,1.6063212112486314,-0.7227026308529643,-0.4872000130126253,29.23999934643507,1.0,2.290407991075319,1
12:05:16.340621,226,1.026596963910084,1.6565373568616184,-0.7452954599158333,-0.4872000130126253,32.99999926239252,1.0,1.591034232149355,1
12:05:16.340621,226,1.0591547897798856,1.714692159322961,-0.7479621859121777,-0.4872000130126253,28.759999357163903,1.0,3.0051993917184405,1
12:05:16.340621,226,1.091659294853542,1.4694420007121805,-1.2435391653373662,-0.5566400148672983,21.51999951899052,1.0,2.801912013026166,1
12:05:16.340621,226,1.0406036182091456,1.7248332979821377,-0.7506794958262362,-0.4872000130126253,23.23999948054552,1.0,4.003544755048497,1
12:05:16.340621,226,1.0444752240058004,1.6465347631580245,-0.7426152730107387,-0.4872000130126253,40.639999091625214,1.0,1.02740935139215,1
12:05:16.340621,226,1.0799166268887646,1.6260140300483457,-0.7371167591459057,-0.4872000130126253,54.11999879032373,1.0,0.34592034133932437,1
12:05:16.340621,226,1.0128130826598305,1.596621835398741,-0.7201036909269001,-0.4872000130126253,34.639999225735664,1.0,1.986268841098212,1
12:05:16.340621,226,1.047180117590555,1.5767231662091132,-0.7147718585870854,-0.4872000130126253,43.119999036192894,1.0,1.816238345608035,1
12:05:16.340621,226,1.0959375446362696,1.6938748724355888,-0.7423842107020993,-0.4872000130126253,42.63999904692173,1.0,1.4532185520733154,1
12:05:16.340621,226,1.0622490374541786,1.636359981730394,-0.739888948544042,-0.4872000130126253,48.35999891906977,1.0,0.6115262599908643,1
12:05:16.340621,226,1.12584305188153,1.5056110654431558,-1.1674682896637107,-0.6263600167294499,28.519999362528324,1.0,1.5135256044060048,1
12:05:16.340621,226,1.03004810209881,1.586755491510194,-0.7174600120497162,-0.4872000130126253,39.63999911397696,1.0,1.8274253666637832,1
12:05:16.340621,226,1.109016657734859,1.4588134636889674,-1.240691257425272,-0.6263600167294499,25.11999943852425,1.0,2.8929145835144756,1
12:05:16.340621,226,1.0776000467590086,1.7043723401496873,-0.7451969986986637,-0.4872000130126253,35.51999920606613,1.0,2.154184984729408,1
12:05:16.398862,227,1.0747482907873604,1.4646480941730364,1.2642538232397222,-0.4872000130126253,32.75999926775694,1.0,3.3947590744626304,1
12:05:16.398862,227,1.176517769416782,1.4615548649571637,0.950672207325832,-0.4872000130126253,64.99999854713678,1.0,1.515951588023931,1
12:05:16.398862,227,1.1419022332308946,1.418552959987497,0.9815455567323405,-0.4872000130126253,77.23999827355146,1.0,4.528660904895434,1
12:05:16.398862,227,1.1148778521923728,1.459807611710874,1.151737032019308,-0.4872000130126253,66.51999851316214,1.0,1.4387033860368112,1
12:05:16.398862,227,1.2122230327663872,1.4491393409045132,0.8476632633216115,-0.4872000130126253,31.999999284744263,1.0,2.155946461432308,1
12:05:16.398862,227,1.228234504949698,1.4432903509924075,0.7391798231779363,-0.4174800111504737,9.519999787211418,0.9519999787211418,3.833160057141064,1
12:05:16.398862,227,1.0985262558824025,1.4704976215155137,1.148872652525074,-0.4872000130126253,78.35999824851751,1.0,1.4775993395241653,1
12:05:16.398862,227,1.15962582887359,1.472837665906012,0.947648989923227,-0.4872000130126253,71.23999840766191,1.0,1.9306031533578494,1
12:05:16.398862,227,1.1255072877984629,1.429503798075541,0.978611288510205,-0.4872000130126253,90.75999797135592,1.0,3.3355944640946844,1
12:05:16.398862,227,1.0567730217278484,1.467199145929238,1.2435888606947052,-0.4872000130126253,35.879999198019505,1.0,2.7006556466158393,1
12:05:16.398862,227,1.178022704794203,1.4722281109100912,0.841476646044389,-0.4872000130126253,33.87999924272299,1.0,2.827532172001768,1
12:05:16.398862,227,1.1951826274110031,1.4607663140438314,0.8445478252585128,-0.4872000130126253,33.99999924004078,1.0,2.3672342785388087,1
12:05:16.398862,227,1.1311179616511695,1.4489601947463997,1.154643588634903,-0.4872000130126253,53.99999879300594,1.0,1.623448850454451,1
12:05:16.398862,227,1.2362721128484755,1.3998112933014486,1.0696010158552818,-0.4872000130126253,31.239999301731583,1.0,4.079727693080353,1
12:05:16.398862,227,1.2099470207144811,1.4385026173158884,0.956849038465034,-0.4872000130126253,55.75999875366688,1.0,1.4248770197656102,1
12:05:16.398862,227,1.2459384877098982,1.4253945329582134,0.8540256654352547,-0.4872000130126253,28.759999357163903,1.0,2.560599924146419,1
12:05:16.398862,227,1.1472449602614527,1.437956455354699,1.1575920317186312,-0.4872000130126253,43.35999903082848,1.0,2.0489221895861625,1
12:05:16.398862,227,1.1879354353222928,1.4349379972445064,1.0601888439009723,-0.4872000130126253,49.359998896718025,1.0,1.4546731204366687,1
12:05:16.398862,227,1.2264809885718664,1.426735475828912,0.960002034523692,-0.4872000130126253,46.11999896913767,1.0,1.7876524357610164,1
12:05:16.398862,227,1.2626101657807776,1.413279072612133,0.8572719932509181,-0.4872000130126253,24.99999944120645,1.0,3.2184230789409933,1
12:05:16.398862,227,1.2041686141045087,1.4233849258244242,1.0632844800580823,-0.4872000130126253,39.11999912559986,1.0,2.028153376657799,1
12:05:16.398862,227,1.2428923093579411,1.4148092194937567,0.9631976652774236,-0.4872000130126253,37.75999915599823,1.0,2.449917014660386,1
12:05:16.398862,227,1.2791555838928947,1.4010031846773523,0.8605613075094176,-0.4872000130126253,21.239999525249004,1.0,4.208999103511178,1
12:05:16.398862,227,1.2753404576715577,1.3904841485335666,0.969715548397036,-0.4872000130126253,30.759999312460423,1.0,4.758803776930922,1
12:05:16.398862,227,1.144353506385602,1.4301501949520867,0.874588531330287,-0.4872000130126253,72.11999838799238,1.0,3.994230302701875,1
12:05:16.398862,227,1.171583463991798,1.4463336931664048,1.057135376381509,-0.4872000130126253,62.35999860614538,1.0,1.1560267817857826,1
12:05:16.398862,227,1.1089997925802024,1.4402957282570392,0.9757195995332996,-0.8349600223009475,96.87999783456326,1.0,2.419410500377563,1
12:05:16.398862,227,1.1066345382769032,1.443576852148447,1.2698998455237316,-0.4872000130126253,28.999999351799488,1.0,4.0556978960095025,1
12:05:16.398862,227,1.0405906611470488,1.4773287188581188,1.2408746498087393,-0.4872000130126253,37.75999915599823,1.0,2.6523582320247407,1
12:05:16.398862,227,1.0654951542777458,1.4914011595246752,1.143271566396566,-0.4872000130126253,85.87999808043242,1.0,2.161267638357648,1
12:05:16.398862,227,0.9556435490058788,1.5300995066408891,0.9516567496380834,-0.8349600223009475,24.879999443888664,1.0,4.112564520463817,1
12:05:16.398862,227,0.9545078684173016,1.5136655441625426,1.0559278094816742,-0.8349600223009475,32.119999282062054,1.0,2.882135030872753,1
12:05:16.398862,227,0.9730884135828056,1.5207843691495573,0.9541527332062708,-0.8349600223009475,30.999999307096004,1.0,3.2034757182912608,1
12:05:16.398862,227,0.9715241836816138,1.5043634463459368,1.058420299079549,-0.8349600223009475,40.3599990978837,1.0,2.341383738179839,1
12:05:16.398862,227,1.0076844839172254,1.5016509348147538,0.9592795214847152,-0.8349600223009475,39.23999912291765,1.0,1.8521888793528065,1
12:05:16.398862,227,1.0245578016261851,1.5035054097945368,0.8549330607526411,-0.8349600223009475,32.119999282062054,1.0,3.14095207155479,1
12:05:16.398862,227,0.9581507105518392,1.525604673463382,1.2279391467584175,-0.4872000130126253,29.11999934911728,1.0,4.977360851794971,1
12:05:16.398862,227,0.9884433473415016,1.4948974513895812,1.0609567047836617,-0.8349600223009475,50.99999886006117,1.0,1.9667022443430864,1
12:05:16.398862,227,1.02483223009667,1.4918345512986857,0.9619098135204398,-0.8349600223009475,50.23999887704849,1.0,1.432815508819358,1
12:05:16.398862,227,1.059323361392221,1.483375992916676,0.8603267217491732,-0.8349600223009475,39.63999911397696,1.0,2.281177894334843,1
12:05:16.398862,227,0.9748369742135752,1.516268982241428,1.2304406376821264,-0.4872000130126253,32.87999926507473,1.0,4.212523503616929,1
12:05:16.398862,227,1.0052636674947737,1.4852685058850406,1.0635367729555667,-0.8349600223009475,63.51999858021736,1.0,1.7693991731087628,1
12:05:16.398862,227,0.9373961031658352,1.5228028146374095,1.053479485236909,-0.8349600223009475,25.87999942153692,1.0,3.578341878976465,1
12:05:16.398862,227,1.0765481106290578,1.473060440101868,0.8630907657953815,-0.8349600223009475,48.51999891549349,1.0,2.152878360509271,1
12:05:16.398862,227,0.9976697967127748,1.468581702762114,1.332479466009589,-0.4872000130126253,5.359999880194664,0.5359999880194664,5.868237364442512,1
12:05:16.398862,227,1.1935824469037688,1.4666840856692531,0.7329114908633276,-0.4174800111504737,8.239999815821648,0.8239999815821648,4.201157341986079,1
12:05:16.398862,227,1.1607449808938717,1.483523585333208,0.8384500327945883,-0.4872000130126253,31.87999928742647,1.0,3.517696719757935,1
12:05:16.398862,227,1.110672935680149,1.4519328033505392,0.8687518990008782,-0.8349600223009475,66.9999985024333,1.0,2.5713674661650403,1
12:05:16.398862,227,1.0418774939117104,1.4818530268529704,0.9645843549349008,-0.8349600223009475,63.999998569488525,1.0,1.2007038142122897,1
12:05:16.398862,227,1.0551147971652013,1.455413675842384,1.071536350555665,-0.4872000130126253,84.87999810278416,1.0,2.365141556860954,1
12:05:16.398862,227,1.0923813983118047,1.4509276713480164,0.9728707789680986,-0.8349600223009475,92.23999793827534,1.0,1.7634613315115752,1
12:05:16.398862,227,1.12584305188153,1.5056110654431558,0.8325317103362893,-0.3480400092958007,28.519999362528324,1.0,5.514744136689675,1
12:05:16.398862,227,1.0936652059567642,1.462579027535664,0.8658992518280333,-0.8349600223009475,58.23999869823456,1.0,2.2445733001333026,1
12:05:16.398862,227,1.058818570850245,1.4717073596216907,0.967302878276197,-0.8349600223009475,79.35999822616577,1.0,1.1690547676605398,1
12:05:16.398862,227,1.038601059262247,1.465525630975966,1.0688268603437217,-0.8349600223009475,76.11999829858541,1.0,1.9556005084923616,1
12:05:16.398862,227,0.9914257549946088,1.5067725835598442,1.2329851900398607,-0.4872000130126253,35.999999195337296,1.0,3.585558567326378,1
12:05:16.398862,227,1.1082223369331807,1.5164008624004808,0.8296405929550783,-0.3480400092958007,24.759999446570877,1.0,6.787059353880927,1
12:05:16.398862,227,1.024304242371942,1.4873014783210838,1.238202456964328,-0.4872000130126253,37.87999915331602,1.0,2.7927648552874134,1
12:05:16.456510,228,1.1543098779523333,1.3427805798213028,1.0211997285033425,-0.4174800111504737,54.51999878138304,1.0,0.844618614097678,1
12:05:16.456510,228,1.1159134690782144,1.347940797794983,1.1171675696361878,-0.4872000130126253,48.63999891281128,1.0,2.225407217341686,1
12:05:16.456510,228,1.1980604846918983,1.259138621409478,0.7348334067773186,-1.0438400278799236,36.63999918103218,1.0,2.2636966689040787,1
12:05:16.456510,228,1.167902533170022,1.2786409350240686,0.8361427510839423,-0.6958000185841229,51.63999884575605,1.0,1.3288917772944662,1
12:05:16.456510,228,1.139107566768663,1.3031764522402642,0.9522853265214092,-0.6958000185841229,68.35999847203493,1.0,1.2515448087774526,1
12:05:16.456510,228,1.0726711608591195,1.3325491500481643,1.043292255545357,-0.4872000130126253,63.23999858647585,1.0,2.1084177862513767,1
12:05:16.456510,228,1.2273171958329552,1.3797958150008516,0.7804814577285146,-0.2783200074336491,8.239999815821648,0.8239999815821648,7.750064076798677,1
12:05:16.456510,228,1.18256400256538,1.270636250340908,0.7317526263902692,-1.0438400278799236,39.11999912559986,1.0,1.837401162771011,1
12:05:16.456510,228,1.1524813876899087,1.289847621943113,0.8331399283741558,-0.6958000185841229,63.879998572170734,1.0,0.8882245814791326,1
12:05:16.456510,228,1.1082829873676423,1.3248853011681232,0.9464684579825804,-0.6958000185841229,82.35999815911055,1.0,0.49586902603554295,1
12:05:16.456510,228,1.1832068893752876,1.2672858540937035,0.8391853358492236,-0.6958000185841229,40.51999909430742,1.0,1.9043524060085204,1
12:05:16.456510,228,1.10055288254202,1.3586455972231744,1.114299227274267,-0.4872000130126253,56.87999872863293,1.0,1.8308835908960133,1
12:05:16.456510,228,1.2286924961559111,1.235697206765506,0.741114514900614,-1.0438400278799236,32.35999927669764,1.0,3.531883507080704,1
12:05:16.456510,228,1.1606262690683378,1.4399644059585952,1.3511166992029713,-0.4174800111504737,33.11999925971031,1.0,7.326684972422086,1
12:05:16.456510,228,1.1360676871626072,1.4142350756308435,1.257780540559025,-0.4174800111504737,40.3599990978837,1.0,4.170114178345968,1
12:05:16.456510,228,1.1791531856633364,1.415484426270577,1.1636133937640103,-0.4174800111504737,42.9999990388751,1.0,3.9307227473127484,1
12:05:16.456510,228,1.2134591241019537,1.2441350669190618,0.8453885705768136,-0.6958000185841229,31.63999929279089,1.0,3.474227979686678,1
12:05:16.456510,228,1.2438249623179225,1.2237557651747886,0.7443142145313102,-1.0438400278799236,27.639999382197857,1.0,4.3814988456037645,1
12:05:16.456510,228,1.228403977425227,1.232341675734106,0.8485486002208469,-0.3480400092958007,24.879999443888664,1.0,4.476143299692247,1
12:05:16.456510,228,1.2737152494835848,1.199437384007252,0.7508303051263838,-0.2783200074336491,23.11999948322773,1.0,6.531722507292727,1
12:05:16.456510,228,1.0463732537126302,1.445897587192805,1.358015509903634,-0.4872000130126253,17.519999608397484,1.0,6.405830311967249,1
12:05:16.456510,228,1.2600378427534644,1.3557690099298605,0.7869194207439869,-0.2783200074336491,8.879999801516533,0.8879999801516533,7.158546893657181,1
12:05:16.456510,228,1.0572702056482084,1.3428360624145987,1.040535885684161,-0.4872000130126253,65.51999853551388,1.0,1.8526099147035011,1
12:05:16.456510,228,1.1212949088362745,1.311811346061373,0.827254766233888,-0.6958000185841229,73.35999836027622,1.0,0.3972240225007048,1
12:05:16.456510,228,0.9477633032305736,1.4242675418919504,0.9198390668386356,-0.4872000130126253,26.6399994045496,1.0,3.7745344937111343,1
12:05:16.456510,228,1.1669492650293574,1.2819836223707564,0.7287121072186558,-1.0438400278799236,39.11999912559986,1.0,1.5446348733596909,1
12:05:16.456510,228,0.9465907445376286,1.4106090736817245,1.0223761620465095,-0.7655200204462744,26.239999413490292,1.0,3.3315784250228258,1
12:05:16.456510,228,0.9642686694453676,1.4150330598287229,0.922313438849997,-0.4872000130126253,33.359999254345894,1.0,2.9638215889675994,1
12:05:16.456510,228,0.996220139791221,1.4050106936039732,0.8223018011852639,-1.0438400278799236,27.119999393820763,1.0,3.307012395011636,1
12:05:16.456510,228,0.9626988598080388,1.4013878363505503,1.0248469851426132,-0.7655200204462744,31.999999284744263,1.0,2.7883679280573666,1
12:05:16.456510,228,0.9969884828174492,1.396088139396983,0.9273897149803534,-0.6958000185841229,42.35999905318022,1.0,1.6461332658488108,1
12:05:16.456510,228,1.0292576225539607,1.3854454290492386,0.8275442980224064,-1.0438400278799236,34.759999223053455,1.0,1.8848399123914281,1
12:05:16.456510,228,1.054467563921553,1.3571146377056824,0.7085808123331321,-1.0438400278799236,19.119999572634697,1.0,2.9402620008668623,1
12:05:16.456510,228,0.9787107059990188,1.3920114702285271,1.0273593748729477,-0.4872000130126253,39.11999912559986,1.0,2.35165810546698,1
12:05:16.456510,228,1.0131996580208122,1.3863795955046418,0.9299911114759885,-0.6958000185841229,53.99999879300594,1.0,1.1440469102906343,1
12:05:16.456510,228,1.0456227999836347,1.3754244428319162,0.8302294131867014,-1.0438400278799236,44.63999900221825,1.0,1.3299171408271167,1
12:05:16.456510,228,1.0708657260204968,1.3468499808250327,0.7113312188548848,-1.0438400278799236,22.99999948590994,1.0,2.394923367351016,1
12:05:16.456510,228,0.979551138178753,1.4145530154313215,0.819744943757708,-1.0438400278799236,21.51999951899052,1.0,4.168980127457202,1
12:05:16.456510,228,1.0293095141072326,1.37651495172068,0.9326343348115218,-0.6958000185841229,67.87999848276377,1.0,0.7498937007157355,1
12:05:16.456510,228,0.994624681939363,1.3824809129444111,1.0299130800006453,-0.4872000130126253,47.35999894142151,1.0,2.023838901184246,1
12:05:16.456510,228,1.1353712812407857,1.3042230719539605,0.7227530646627236,-1.0438400278799236,36.63999918103218,1.0,1.345225450816377,1
12:05:16.456510,228,1.1055326940845105,1.322566186906577,0.8243730153146904,-0.6958000185841229,75.23999831825495,1.0,0.3400934559983877,1
12:05:16.456510,228,1.0770151095684009,1.3459943630360784,0.9408123019020832,-0.6958000185841229,91.63999795168638,1.0,0.2424766858356702,1
12:05:16.456510,228,1.0417635243025145,1.3529737011185226,1.037819513580286,-0.4872000130126253,62.639998599886894,1.0,1.7190608463201378,1
12:05:16.456510,228,1.0927036831944474,1.3355153388563858,0.943620147968498,-0.6958000185841229,91.75999794900416,1.0,0.30798440782648057,1
12:05:16.456510,228,1.0896599269895535,1.333168241252074,0.8215322034147037,-1.0438400278799236,68.35999847203493,1.0,0.4041653338606991,1
12:05:16.456510,228,1.0612188353337215,1.3563213258135618,0.9380452005655902,-0.6958000185841229,81.99999816715717,1.0,0.296266728029131,1
12:05:16.456510,228,1.0261526674771806,1.362961052404559,1.0351434108686668,-0.4872000130126253,55.87999875098467,1.0,1.7049121734841344,1
12:05:16.456510,228,1.1033391640981003,1.3258480746761767,0.7169586626469848,-1.0438400278799236,27.519999384880062,1.0,1.6374745740899765,1
12:05:16.456510,228,1.057589095720126,1.3539097650422771,0.8159745288653277,-1.0438400278799236,56.63999873399735,1.0,0.8833528875461091,1
12:05:16.456510,228,1.1194111927601595,1.3151129255809897,0.7198351371776679,-1.0438400278799236,32.35999927669764,1.0,1.4315829840024459,1
12:05:16.506932,229,1.1015498523654268,1.211481426903295,0.9227344617252022,-0.8349600223009475,57.2399987205863,1.0,0.6836423202402667,1
12:05:16.506932,229,1.0678869528078396,1.2216977317616318,1.0177917672455123,-0.4174800111504737,40.3599990978837,1.0,3.9889402153727573,1
12:05:16.506932,229,1.1874176195477506,1.328947963226555,0.7977678222009783,-0.5566400148672983,14.759999670088291,1.0,1.9513243813915047,1
12:05:16.506932,229,1.157161016315165,1.300923618616935,0.8501918488705584,-0.3480400092958007,54.63999877870083,1.0,0.7957754887479602,1
12:05:16.506932,229,1.0389896237684797,1.2420492746771965,1.0123385877565596,-0.4174800111504737,47.51999893784523,1.0,1.1076859496716418,1
12:05:16.506932,229,1.0870048367973757,1.222051422233018,0.9199022400126022,-0.8349600223009475,70.23999843001366,1.0,0.835309594283539,1
12:05:16.506932,229,1.1268633312666327,1.3772656639188676,0.9105960403985028,-0.5566400148672983,58.63999868929386,1.0,1.612691389158536,1
12:05:16.506932,229,1.0927036831944474,1.3355153388563858,0.943620147968498,-0.4174800111504737,78.63999824225903,1.0,0.9218149157214348,1
12:05:16.506932,229,1.1324988258980335,1.2398803123831517,0.8714238299212012,-0.5566400148672983,57.51999871432781,1.0,1.2435922946300932,1
12:05:16.506932,229,1.058544035122262,1.293765013793904,0.9766442555384932,-0.4174800111504737,81.35999818146229,1.0,0.507879877339431,1
12:05:16.506932,229,1.1220829265562704,1.2614875204249765,0.8850470444415803,-0.5566400148672983,68.99999845772982,1.0,0.694736932078281,1
12:05:16.506932,229,1.167902533170022,1.2786409350240686,0.8361427510839423,-0.3480400092958007,48.239998921751976,1.0,1.2703320183734235,1
12:05:16.506932,229,1.1398897115934958,1.168705838083566,0.9153901741339828,-0.7655200204462744,36.11999919265509,1.0,1.928746487108535,1
12:05:16.506932,229,1.1114716046851494,1.1904530429061393,0.90956302816414,-0.7655200204462744,45.639998979866505,1.0,1.1427118917883192,1
12:05:16.506932,229,1.1473392470302186,1.2288694484999212,0.8743741820066817,-0.5566400148672983,46.75999895483256,1.0,1.078184454494969,1
12:05:16.506932,229,1.1832068893752876,1.2672858540937035,0.8391853358492236,-0.3480400092958007,41.23999907821417,1.0,1.2594025947833796,1
12:05:16.506932,229,1.1706332620117392,1.1517450177415471,0.8182038537273977,-0.8349600223009475,37.75999915599823,1.0,5.487925921465859,1
12:05:16.506932,229,1.2072291121648309,1.187750391458168,0.7812590341293539,-0.3480400092958007,34.759999223053455,1.0,5.309422852346408,1
12:05:16.506932,229,1.1212250486857598,1.1301268035520098,0.9688216922605696,-0.6958000185841229,22.239999502897263,1.0,4.150017980816259,1
12:05:16.506932,229,1.161289400622317,1.0935677509730035,0.8610896141633735,-0.8349600223009475,28.879999354481697,1.0,4.383995470971284,1
12:05:16.506932,229,1.1987646835760728,1.1288576286510863,0.8243365111510434,-0.6263600167294499,30.63999931514263,1.0,4.201274876763705,1
12:05:16.506932,229,1.1747418814782096,1.0822854924742056,0.8641126862169255,-0.7655200204462744,23.35999947786331,1.0,4.288430129409219,1
12:05:16.506932,229,1.024384387050077,1.252014688731422,1.0096683631084882,-0.4174800111504737,53.11999881267548,1.0,0.3708862740125538,1
12:05:16.506932,229,1.0821761554201037,1.2113136380375342,1.0205741767730134,-0.4174800111504737,33.2399992570281,1.0,6.118158535858802,1
12:05:16.506932,229,0.989033123497954,1.2561683267536567,1.1024604828581168,-0.4174800111504737,5.759999871253967,0.5759999871253967,6.162287666909766,1
12:05:16.506932,229,0.9471273120426728,1.3470906919163057,1.0587468848419712,-0.4174800111504737,40.3599990978837,1.0,1.0044319139688618,1
12:05:16.506932,229,1.0770151095684009,1.3459943630360784,0.9408123019020832,-0.4174800111504737,82.63999815285206,1.0,0.26373928491618537,1
12:05:16.506932,229,0.9140921594163904,1.4285824891124528,1.0175601998966166,-0.4174800111504737,29.639999337494373,1.0,4.982042346309662,1
12:05:16.506932,229,0.943590286499598,1.4746834291310051,0.9858564665514437,-0.4174800111504737,30.879999309778214,1.0,4.90412913373831,1
12:05:16.506932,229,0.91604387484783,1.365088143115209,1.0539244823274063,-0.4174800111504737,27.639999382197857,1.0,2.0811119970260537,1
12:05:16.506932,229,0.9771376142274272,1.456130004248239,0.9908278417656122,-0.4174800111504737,38.1199991479516,1.0,2.038731467229159,1
12:05:16.506932,229,1.0076844839172254,1.5016509348147538,0.9592795214847152,-0.4174800111504737,29.35999934375286,1.0,2.3997831275071912,1
12:05:16.506932,229,0.9316321746637234,1.356164478876483,1.0563155709536995,-0.4174800111504737,33.519999250769615,1.0,1.278616930922528,1
12:05:16.506932,229,0.9626988598080388,1.4013878363505503,1.0248469851426132,-0.4174800111504737,46.51999896019697,1.0,1.2656437914813266,1
12:05:16.506932,229,0.9937655449523546,1.446611193824618,0.9933783993315264,-0.4174800111504737,47.35999894142151,1.0,1.5179794829900803,1
12:05:16.506932,229,1.02483223009667,1.4918345512986857,0.9619098135204398,-0.4174800111504737,35.35999920964241,1.0,2.0356240054487897,1
12:05:16.506932,229,0.9787107059990188,1.3920114702285271,1.0273593748729477,-0.4174800111504737,58.11999870091677,1.0,1.1614052400078,1
12:05:16.506932,229,0.9465907445376286,1.4106090736817245,1.0223761620465095,-0.4174800111504737,36.999999172985554,1.0,1.932507757068781,1
12:05:16.506932,229,1.0418774939117104,1.4818530268529704,0.9645843549349008,-0.4174800111504737,42.23999905586243,1.0,2.3059541479872516,1
12:05:16.506932,229,1.0102940999553645,1.436932248540749,0.9959718649039242,-0.4174800111504737,58.35999869555235,1.0,1.5952459846805973,1
12:05:16.506932,229,1.0433459111598,1.3039164470780742,0.9739241871879812,-0.4174800111504737,86.119998075068,1.0,0.056003224494067055,1
12:05:16.506932,229,1.0096767127511994,1.2618385311200702,1.0070360724738792,-0.4174800111504737,55.23999876528978,1.0,0.11322811384717313,1
12:05:16.506932,229,1.0779946878923738,1.4092139989258752,0.9020355098338562,-0.5566400148672983,55.63999875634909,1.0,0.7430645419145763,1
12:05:16.506932,229,1.045316440104599,1.366495194501211,0.9353191206668344,-0.4174800111504737,79.23999822884798,1.0,0.6061670761145362,1
12:05:16.506932,229,1.0126381923168235,1.3237763900765471,0.9686027314998122,-0.4174800111504737,81.87999816983938,1.0,0.7132227460387149,1
12:05:16.506932,229,1.1106843079770017,1.3880722789940825,0.9077004166161852,-0.5566400148672983,59.11999867856503,1.0,0.7364362951135259,1
12:05:16.506932,229,1.058818570850245,1.4717073596216907,0.967302878276197,-0.4174800111504737,49.51999889314175,1.0,3.202558943023643,1
12:05:16.506932,229,1.0293095141072326,1.37651495172068,0.9326343348115218,-0.5566400148672983,69.87999843806028,1.0,1.622754500324327,1
12:05:16.506932,229,0.9971316681824668,1.3334829138131885,0.9660018763032658,-0.4174800111504737,70.99999841302633,1.0,1.8373794321468806,1
12:05:16.506932,229,0.962527737483922,1.3378676896057713,1.0612181808628691,-0.4174800111504737,47.51999893784523,1.0,1.2518182564116582,1
12:05:16.506932,229,0.9799599445290488,1.2810575856518829,1.0018863423327902,-0.4174800111504737,53.11999881267548,1.0,1.0642315516870413,1
12:05:16.559057,230,1.1477705739516988,1.2332515577794183,0.7690670333589007,-0.4174800111504737,30.759999312460423,1.0,3.416202517188141,1
12:05:16.559057,230,1.0570630186483818,1.1109529853045366,0.8837284634515079,-0.4174800111504737,47.8799989297986,1.0,1.978270617267443,1
12:05:16.559057,230,1.092312385159261,1.147999394330772,0.8465046992829603,-0.4174800111504737,60.75999864190817,1.0,0.10538985834040422,1
12:05:16.559057,230,1.1275617516701402,1.1850458033570077,0.8092809351144132,-0.4174800111504737,54.35999878495932,1.0,0.6899368185554606,1
12:05:16.559057,230,1.0840900067839168,1.090270346287928,0.8892703598733525,-0.4174800111504737,41.999999061226845,1.0,1.9111399054434277,1
12:05:16.559057,230,1.1202406291269151,1.1266270614073224,0.8522313986301677,-0.4174800111504737,52.87999881803989,1.0,0.413675563087144,1
12:05:16.559057,230,1.156391251469914,1.1629837765267168,0.8151924373869832,-0.4174800111504737,49.359998896718025,1.0,1.398013101332036,1
12:05:16.559057,230,1.1706332620117392,1.1517450177415471,0.8182038537273977,-0.4174800111504737,42.87999904155731,1.0,1.9936344098761063,1
12:05:16.559057,230,1.1340374118586476,1.1157396440249263,0.8551486733254414,-0.4174800111504737,44.11999901384115,1.0,0.8077360015920314,1
12:05:16.559057,230,1.123814117668561,1.0582778732949203,0.8978427171757035,-0.4174800111504737,29.23999934643507,1.0,2.9847583595944576,1
12:05:16.559057,230,1.161289400622317,1.0935677509730035,0.8610896141633735,-0.4174800111504737,35.999999195337296,1.0,2.059538074990078,1
12:05:16.559057,230,1.1987646835760728,1.1288576286510863,0.8243365111510434,-0.4174800111504737,36.23999918997288,1.0,3.650742115928545,1
12:05:16.559057,230,1.2126512814799937,1.1172112870655289,0.8274571389736707,-0.4174800111504737,30.23999932408333,1.0,4.705451374580972,1
12:05:16.559057,230,1.1747418814782096,1.0822854924742056,0.8641126862169255,-0.4174800111504737,29.11999934911728,1.0,2.9109500075061083,1
12:05:16.559057,230,1.097441561705556,1.0797342703083057,0.8920934929234852,-0.4174800111504737,35.35999920964241,1.0,2.115446622765792,1
12:05:16.559057,230,1.1368324814764257,1.0473596978828823,0.9007682334601804,-0.4174800111504737,23.9999994635582,1.0,3.643865909168568,1
12:05:16.559057,230,1.078183716724337,1.1584821726564392,0.8436958472961635,-0.4174800111504737,65.51999853551388,1.0,0.19775135214198508,1
12:05:16.559057,230,1.0433902881106565,1.1210974800949491,0.8810102542647951,-0.4174800111504737,51.63999884575605,1.0,2.2558409671556414,1
12:05:16.559057,230,1.1129771453380182,1.1958668652179285,0.806381440327532,-0.4174800111504737,56.63999873399735,1.0,0.5845385354861528,1
12:05:16.559057,230,0.9466880048253908,1.2399982992559897,0.9211826180389022,-0.4174800111504737,30.879999309778214,1.0,4.052058356785893,1
12:05:16.559057,230,0.9782567494175648,1.2813479196213209,0.8852078193521806,-0.4174800111504737,36.75999917834997,1.0,3.0034158070528134,1
12:05:16.559057,230,0.9934697472376932,1.2718251327499948,0.887759442404046,-0.4174800111504737,44.23999901115894,1.0,2.1719340617322516,1
12:05:16.559057,230,1.0255294214789097,1.3128674488961365,0.8518669856346868,-0.4174800111504737,39.11999912559986,1.0,3.8575791969108915,1
12:05:16.559057,230,0.9905643261526174,1.211927563668762,0.9287041489704476,-0.4174800111504737,42.9999990388751,1.0,1.4723964077581,1
12:05:16.559057,230,1.0235961930982629,1.252341122863199,0.8929801671185329,-0.4174800111504737,52.51999882608652,1.0,1.069680157605649,1
12:05:16.559057,230,0.961410072996477,1.2307828166038537,0.9236518991734052,-0.4174800111504737,36.75999917834997,1.0,3.008391232958341,1
12:05:16.559057,230,1.0049935957367817,1.202289678895303,0.93128661241224,-0.4174800111504737,48.51999891549349,1.0,0.973071678372985,1
12:05:16.559057,230,1.0385066285193578,1.2423818482323947,0.8956487467130567,-0.4174800111504737,60.11999865621328,1.0,0.7913827487231183,1
12:05:16.559057,230,1.0720196613019342,1.282474017569486,0.8600108810138736,-0.4174800111504737,51.35999885201454,1.0,3.1784358398768613,1
12:05:16.559057,230,1.0296132194182734,1.13110940143353,0.8783275680274383,-0.5566400148672983,51.87999884039164,1.0,2.7002300133560695,1
12:05:16.559057,230,1.0533132141476624,1.2322790502182075,0.8983557832822529,-0.4174800111504737,65.11999854445457,1.0,0.6900044941749248,1
12:05:16.559057,230,1.0982812422238153,1.2065465119021432,0.803519837623047,-0.4174800111504737,55.519998759031296,1.0,0.6496762095465471,1
12:05:16.559057,230,1.0566280600439084,1.2927546820576368,0.8572561852666183,-0.4174800111504737,45.35999898612499,1.0,3.220365992275814,1
12:05:16.559057,230,1.0127364602585418,1.1334462568093444,0.9746283530668656,-0.4174800111504737,11.759999737143517,1.0,2.626888009802921,1
12:05:16.615984,231,1.1706332620117392,1.1517450177415471,0.8182038537273977,-0.2088800055789761,69.99999843537807,1.0,0.9273670602969868,1
12:05:16.615984,231,1.1398897115934958,1.168705838083566,0.9153901741339828,-0.3480400092958007,69.75999844074249,1.0,0.6280504981832359,1
12:05:16.615984,231,1.1075841421086658,1.1408912148112749,0.965937376956653,-0.3480400092958007,52.51999882608652,1.0,0.7638870635066127,1
12:05:16.615984,231,1.2535779966952034,1.0814756893542148,0.8370324635214608,-0.2088800055789761,37.99999915063381,1.0,3.6273268291750203,1
12:05:16.615984,231,1.1114716046851494,1.1904530429061393,0.90956302816414,-0.3480400092958007,78.23999825119972,1.0,0.08256218754410585,1
12:05:16.615984,231,1.1473392470302186,1.2288694484999212,0.8743741820066817,-0.2088800055789761,73.75999835133553,1.0,1.4499985517995806,1
12:05:16.615984,231,1.0799714316505349,1.162022082957281,0.9602753779015624,-0.3480400092958007,61.75999861955643,1.0,0.33781093574045584,1
12:05:16.615984,231,1.043958149429949,1.123272697562765,0.9949465693330772,-0.2088800055789761,27.759999379515648,1.0,2.083845933437348,1
12:05:16.615984,231,1.2134591241019537,1.2441350669190618,0.8453885705768136,-0.2088800055789761,41.35999907553196,1.0,6.2289592271549274,1
12:05:16.615984,231,1.0663202990850382,1.0932766092480706,0.9853917776911516,-0.2088800055789761,24.759999446570877,1.0,2.759559064650118,1
12:05:16.615984,231,1.1166907472711711,1.1202703443319746,0.953263626872222,-0.3480400092958007,42.51999904960394,1.0,0.9740669330963871,1
12:05:16.615984,231,1.156772585949004,1.087327920119295,0.9620905228367332,-0.3480400092958007,26.87999939918518,1.0,2.448907934730591,1
12:05:16.615984,231,1.1987646835760728,1.1288576286510863,0.8243365111510434,-0.2088800055789761,62.87999859452248,1.0,1.318180510098378,1
12:05:16.615984,231,1.2362399665298287,1.164147506329169,0.7875834081387136,-0.2088800055789761,40.11999910324812,1.0,2.4697181691492602,1
12:05:16.615984,231,1.143525879321401,1.0984376009306884,0.9591136928351524,-0.3480400092958007,33.7599992454052,1.0,1.8380606447390555,1
12:05:16.615984,231,1.1747418814782096,1.0822854924742056,0.8641126862169255,-0.3480400092958007,47.8799989297986,1.0,2.1449815428257155,1
12:05:16.615984,231,1.2126512814799937,1.1172112870655289,0.8274571389736707,-0.2088800055789761,54.11999879032373,1.0,1.709562771395009,1
12:05:16.615984,231,1.2505606814817778,1.152137081656852,0.7908015917304159,-0.2088800055789761,37.239999167621136,1.0,3.062302553809838,1
12:05:16.615984,231,1.2012930900885572,1.0593339925001055,0.8702625221000684,-0.3480400092958007,38.75999913364649,1.0,2.9223939213760577,1
12:05:16.615984,231,1.240059308429425,1.0935191328193057,0.8338054325708997,-0.2088800055789761,45.639998979866505,1.0,2.867423132523923,1
12:05:16.615984,231,1.2143891627443957,1.047667046155572,0.8733886709512235,-0.3480400092958007,31.5199992954731,1.0,3.4920306489568205,1
12:05:16.615984,231,1.1324988258980335,1.2398803123831517,0.8714238299212012,-0.2088800055789761,72.51999837905169,1.0,1.1470169397090695,1
12:05:16.615984,231,1.1539284906558565,1.1576274547993517,0.9183586179884302,-0.3480400092958007,58.63999868929386,1.0,1.0952953359066366,1
12:05:16.615984,231,1.1015498523654268,1.211481426903295,0.9227344617252022,-0.3480400092958007,80.87999819219112,1.0,0.299397954590199,1
12:05:16.615984,231,1.023461305771923,1.2026627010411195,0.949385757106096,-0.3480400092958007,55.99999874830246,1.0,1.0975804170452,1
12:05:16.615984,231,1.030454925669393,1.1332914266465262,0.9922620589658973,-0.2088800055789761,29.999999329447743,1.0,2.281855309296464,1
12:05:16.615984,231,0.9498512054125668,1.299698750907416,0.996891457156595,-0.3480400092958007,22.359999500215054,1.0,2.8438668962250104,1
12:05:16.615984,231,0.9815254317166896,1.343039173206029,0.9634412843162918,-0.2088800055789761,28.639999359846115,1.0,3.5419953196114413,1
12:05:16.615984,231,0.9294298204531852,1.2379104475089255,1.0174215033153344,-0.2088800055789761,20.239999547600743,1.0,4.119549744901281,1
12:05:16.615984,231,0.964953822257701,1.290450875905696,0.99936941779501,-0.3480400092958007,28.23999936878681,1.0,2.2501693296845473,1
12:05:16.615984,231,0.9971316681824668,1.3334829138131885,0.9660018763032658,-0.2088800055789761,35.51999920606613,1.0,3.2109869197901615,1
12:05:16.615984,231,1.0293095141072326,1.37651495172068,0.9326343348115218,-0.2088800055789761,34.23999923467636,1.0,6.170045732820229,1
12:05:16.615984,231,0.947319620437611,1.1906201303877295,0.9769008790953186,-0.2088800055789761,23.75999946892261,1.0,6.395757923000466,1
12:05:16.615984,231,0.9948680716269548,1.271519819467131,1.004441979079591,-0.3480400092958007,35.999999195337296,1.0,1.5270722715327663,1
12:05:16.615984,231,1.028043453480338,1.313920572640347,0.9712435898225908,-0.2088800055789761,44.11999901384115,1.0,3.0213341906621403,1
12:05:16.615984,231,1.0609184780661396,1.3036654920726267,0.8737454910002098,-0.2088800055789761,41.23999907821417,1.0,1.9122107437068618,1
12:05:16.615984,231,1.06600238901741,1.172386426774911,0.9574982603455496,-0.3480400092958007,66.51999851316214,1.0,0.321137705154725,1
12:05:16.615984,231,1.0096767127511994,1.2618385311200702,1.0070360724738792,-0.3480400092958007,45.639998979866505,1.0,1.3899702220885832,1
12:05:16.615984,231,1.0427234648155856,1.252911129598569,0.9116334063453422,-0.3480400092958007,54.75999877601862,1.0,0.7194625027977095,1
12:05:16.615984,231,1.076372576626599,1.293343083143013,0.8765113721368436,-0.2088800055789761,49.51999889314175,1.0,1.6733230668764052,1
12:05:16.615984,231,0.9893324392422936,1.162558092715905,0.9844200794274558,-0.2088800055789761,29.639999337494373,1.0,3.6923397238899396,1
12:05:16.615984,231,1.0575901723015522,1.2427673093663345,0.914351434784736,-0.3480400092958007,66.23999851942062,1.0,0.39626770112341625,1
12:05:16.615984,231,1.0917190388311813,1.2828719176915488,0.8793171124633761,-0.2088800055789761,58.35999869555235,1.0,1.5884015761245542,1
12:05:16.615984,231,1.0168486572795856,1.1431792258491014,0.989612631154646,-0.2088800055789761,30.63999931514263,1.0,2.6138021428834097,1
12:05:16.615984,231,1.0519267470384803,1.18261532404106,0.954757435583624,-0.3480400092958007,64.23999856412411,1.0,0.4399036277764861,1
12:05:16.615984,231,1.0870048367973757,1.222051422233018,0.9199022400126022,-0.3480400092958007,76.11999829858541,1.0,0.1900015757010198,1
12:05:16.615984,231,1.117545155832067,1.250747280659671,0.8685120345473332,-0.2088800055789761,66.75999850779772,1.0,0.9845150630487004,1
12:05:16.615984,231,0.9754252411935596,1.172047222509682,0.9818774747623392,-0.2088800055789761,26.99999939650297,1.0,4.445432060354035,1
12:05:16.671471,232,1.0481162311360277,1.3331539507594268,1.3029523122839972,-0.2088800055789761,65.51999853551388,1.0,2.312020993740716,1
12:05:16.671471,232,1.010014240878222,1.3546885111175562,1.4722920966454054,-0.2783200074336491,5.359999880194664,0.5359999880194664,7.582076919076076,1
12:05:16.671471,232,1.1743479282338716,1.396178956171462,0.9875406529862978,-0.2088800055789761,30.23999932408333,1.0,2.815254586134468,1
12:05:16.671471,232,1.1360681732669091,1.4024896451947897,1.0857173018278878,-0.2088800055789761,93.2399979159236,1.0,1.1899348849491014,1
12:05:16.671471,232,1.107286697045007,1.3755510550178307,1.0124189061388489,-0.2088800055789761,91.87999794632196,1.0,0.959061932832518,1
12:05:16.671471,232,1.067550650792042,1.269207972738184,1.0796154965500888,-0.2088800055789761,131.7599970549345,1.0,2.976657496425436,1
12:05:16.671471,232,1.0295223010922414,1.270957501279944,1.1714630781670246,-0.2088800055789761,67.87999848276377,1.0,2.9211355335416833,1
12:05:16.671471,232,1.1419022332308946,1.418552959987497,0.9815455567323405,-0.2088800055789761,29.11999934911728,1.0,2.597466319371211,1
12:05:16.671471,232,1.0821387673328002,1.258825683813694,1.0823974224829924,-0.2088800055789761,127.51999714970589,1.0,3.6466133934818687,1
12:05:16.671471,232,1.103149743272652,1.31153163388261,1.0489238820288254,-0.2088800055789761,137.23999693244696,1.0,1.4808408894172933,1
12:05:16.671471,232,1.1182243226425668,1.3008031318174986,1.0517985754931676,-0.2088800055789761,132.87999702990055,1.0,2.04853543016105,1
12:05:16.671471,232,1.2063238997443164,1.3731826661117448,0.9937024903367108,-0.2088800055789761,28.759999357163903,1.0,3.6487147370207955,1
12:05:16.671471,232,1.071082127914951,1.3574445614434576,1.390205028542178,-0.2783200074336491,60.23999865353108,1.0,4.6715914471953575,1
12:05:16.671471,232,1.1065271153020435,1.3974152073957538,1.3515484709711587,-0.2783200074336491,118.11999735981226,1.0,4.283905075842205,1
12:05:16.671471,232,1.1676655396534614,1.3802365450152243,1.0916800020500912,-0.2088800055789761,82.75999815016985,1.0,1.7181682361065218,1
12:05:16.671471,232,1.0905262860544465,1.3721310613525552,1.461733022337158,-0.2783200074336491,53.35999880731106,1.0,7.8029266358676805,1
12:05:16.671471,232,1.1231723856404947,1.3934961668377372,1.3720564281700185,-0.2783200074336491,105.87999763339758,1.0,5.28544024171499,1
12:05:16.671471,232,1.1887544381997308,1.4484678344990194,1.2368848255684737,-0.2783200074336491,73.75999835133553,1.0,5.685618989824616,1
12:05:16.671471,232,1.2378173578005371,1.3495732880173446,1.0000286041309066,-0.2088800055789761,26.359999410808086,1.0,5.109383656436699,1
12:05:16.671471,232,1.0726711608591195,1.3325491500481643,1.043292255545357,-0.2088800055789761,135.63999696820974,1.0,0.7787286161269689,1
12:05:16.671471,232,1.1519244522002536,1.3914393975197448,1.0886782067685798,-0.2088800055789761,89.87999799102545,1.0,1.3794648182758322,1
12:05:16.671471,232,1.0380556246732324,1.2895472450784975,1.074165604951865,-0.2088800055789761,129.5199971050024,1.0,2.0564663692545757,1
12:05:16.671471,232,1.015050147982773,1.280832110009174,1.168817184732454,-0.2088800055789761,66.51999851316214,1.0,2.520247899937433,1
12:05:16.671471,232,1.1255072877984629,1.429503798075541,0.978611288510205,-0.2088800055789761,26.99999939650297,1.0,2.715800239233205,1
12:05:16.671471,232,0.9107814137640436,1.410305877601214,1.1172908450656789,-0.2088800055789761,48.35999891906977,1.0,3.995523705757998,1
12:05:16.671471,232,0.926642737709128,1.4014317266394103,1.119668666649406,-0.2088800055789761,57.35999871790409,1.0,3.0894533673210383,1
12:05:16.671471,232,0.9575430425253146,1.448164589014496,1.0903126857165335,-0.2088800055789761,64.11999856680632,1.0,3.736290729921504,1
12:05:16.671471,232,0.9424113981567832,1.3924048133139504,1.1220874207851088,-0.2088800055789761,68.11999847739935,1.0,2.3112257764184103,1
12:05:16.671471,232,0.9738375328257785,1.4388366595994952,1.092812096870338,-0.2088800055789761,75.63999830931425,1.0,2.8066912825150125,1
12:05:16.671471,232,1.0052636674947737,1.4852685058850406,1.0635367729555667,-0.2088800055789761,49.359998896718025,1.0,4.874123548253338,1
12:05:16.671471,232,0.94119611622752,1.328081672751481,1.1561567025529291,-0.2088800055789761,40.759999088943005,1.0,2.495305774717518,1
12:05:16.671471,232,0.9736644305724292,1.373896325492976,1.1270467551498602,-0.2088800055789761,80.75999819487333,1.0,1.143340380993188,1
12:05:16.671471,232,1.006132744917338,1.4197109782344712,1.097936807746791,-0.2088800055789761,88.51999802142382,1.0,1.3470234032672737,1
12:05:16.671471,232,1.038601059262247,1.465525630975966,1.0688268603437217,-0.2088800055789761,57.999998703598976,1.0,3.1063548415397446,1
12:05:16.671471,232,0.9561611173124412,1.3189180648249157,1.158612083896608,-0.2088800055789761,47.8799989297986,1.0,2.2401611349684183,1
12:05:16.671471,232,1.022130237214281,1.4099151388365612,1.100561595002646,-0.2088800055789761,102.51999770849945,1.0,0.8196571338608319,1
12:05:16.671471,232,1.0551147971652013,1.455413675842384,1.071536350555665,-0.2088800055789761,67.75999848544598,1.0,2.430552805033281,1
12:05:16.671471,232,0.9710305030867036,1.309610366676923,1.161106074098755,-0.2088800055789761,55.23999876528978,1.0,2.113936351123019,1
12:05:16.671471,232,1.0081453901636706,1.309312687549264,1.0688694706037791,-0.2088800055789761,108.75999756902456,1.0,1.6880812237008118,1
12:05:16.671471,232,1.0417635243025145,1.3529737011185226,1.037819513580286,-0.2088800055789761,116.35999739915133,1.0,0.6458741783535039,1
12:05:16.671471,232,1.0715230244724152,1.4451427185050911,1.074288445279687,-0.2088800055789761,77.63999826461077,1.0,1.895398775308944,1
12:05:16.671471,232,0.9858027866241876,1.3001595090695204,1.1636384237624402,-0.2088800055789761,61.87999861687422,1.0,2.117781305022973,1
12:05:16.671471,232,1.0231516645730814,1.2995021945841276,1.0714981842711389,-0.2088800055789761,121.11999729275703,1.0,1.8038888977025214,1
12:05:16.671471,232,1.0572702056482084,1.3428360624145987,1.040535885684161,-0.2088800055789761,128.11999713629484,1.0,0.6417817794131147,1
12:05:16.671471,232,1.0878241003749047,1.434713786051217,1.0770828693086214,-0.2088800055789761,86.23999807238579,1.0,1.5023310984943483,1
12:05:16.671471,232,0.9930383020598686,1.3189777429328302,1.0662797268189508,-0.2088800055789761,94.63999788463116,1.0,1.7078519759077782,1
12:05:16.780535,234,1.0850822416396153,1.369201492019624,1.11147078378817,-0.2783200074336491,66.9999985024333,1.0,0.5994095453204523,1
12:05:16.780535,234,1.107286697045007,1.3755510550178307,1.0124189061388489,-0.2783200074336491,38.35999914258719,1.0,4.541047971194722,1
12:05:16.780535,234,1.1762247189432098,1.3036541842810605,1.1290341319627526,-0.2783200074336491,32.63999927043915,1.0,3.6365233983857763,1
12:05:16.780535,234,1.0250363438464942,1.3130698218547006,1.233925130241984,-0.2783200074336491,36.63999918103218,1.0,2.388111020186916,1
12:05:16.780535,234,1.0603968831147197,1.3583666128186005,1.20749794970629,-0.2783200074336491,64.99999854713678,1.0,1.395453866751875,1
12:05:16.780535,234,1.10055288254202,1.3586455972231744,1.114299227274267,-0.2783200074336491,63.11999858915806,1.0,0.7883480961842295,1
12:05:16.780535,234,1.0396508758874945,1.3030980654357298,1.236597054321567,-0.2783200074336491,33.87999924272299,1.0,2.578312384717254,1
12:05:16.780535,234,1.075515570678814,1.3480508620753862,1.2102620467872551,-0.2783200074336491,55.99999874830246,1.0,1.8017851679538526,1
12:05:16.780535,234,1.1159134690782144,1.347940797794983,1.1171675696361878,-0.2783200074336491,55.87999875098467,1.0,1.106950845472932,1
12:05:16.780535,234,1.0685665962751647,1.2827335700319302,1.2420537044192823,-0.2783200074336491,29.999999329447743,1.0,3.3680442099158037,1
12:05:16.780535,234,1.1054287927378883,1.3269838554448123,1.2159069342008584,-0.2783200074336491,46.23999896645546,1.0,2.956217992139869,1
12:05:16.780535,234,1.131162465202414,1.337088164206025,1.1200755240421,-0.2783200074336491,47.51999893784523,1.0,1.5529225334931338,1
12:05:16.780535,234,1.0828648930740217,1.272342867479581,1.2448378847769763,-0.2783200074336491,25.87999942153692,1.0,3.9637303060607003,1
12:05:16.780535,234,1.1202203359357243,1.3162347062404662,1.2187871600494846,-0.2783200074336491,37.51999916136265,1.0,3.7001744114322532,1
12:05:16.780535,234,1.1613195979789182,1.3149437502376418,1.1260091018817886,-0.2783200074336491,39.51999911665917,1.0,2.8192656772183584,1
12:05:16.780535,234,1.1348998580384877,1.3053432215376597,1.2217055245799775,-0.2783200074336491,30.35999932140112,1.0,4.552998821736508,1
12:05:16.780535,234,1.0451721567507144,1.3685358149079945,1.204773120218768,-0.2783200074336491,70.23999843001366,1.0,1.1062787376275807,1
12:05:16.780535,234,1.0103193090298852,1.322899916506555,1.231291164318498,-0.2783200074336491,37.51999916136265,1.0,2.3373491798616692,1
12:05:16.780535,234,1.0715230244724152,1.4451427185050911,1.074288445279687,-0.2783200074336491,33.639999248087406,1.0,5.721422369388618,1
12:05:16.780535,234,1.0538169957913324,1.3898623603906517,1.1059347207932275,-0.2783200074336491,65.87999852746725,1.0,0.6211721244051052,1
12:05:16.780535,234,1.0913887467233356,1.38616993024507,1.009573587097183,-0.2783200074336491,36.63999918103218,1.0,4.770859519058895,1
12:05:16.780535,234,0.9036324570788452,1.4533010690943806,1.182060338813307,-0.2783200074336491,22.239999502897263,1.0,4.324737711107375,1
12:05:16.780535,234,0.9357591699295932,1.4355333184573575,1.186821193247815,-0.2783200074336491,27.519999384880062,1.0,2.6304076926689284,1
12:05:16.780535,234,0.9738375328257785,1.4388366595994952,1.092812096870338,-0.2783200074336491,35.759999200701714,1.0,3.161511088376938,1
12:05:16.780535,234,0.935248452990164,1.3698915594928156,1.2186997915293178,-0.2783200074336491,24.879999443888664,1.0,4.2740895962084915,1
12:05:16.780535,234,0.9675115916057234,1.4171485222077982,1.191747384555895,-0.2783200074336491,42.75999904423952,1.0,1.5245816583487874,1
12:05:16.780535,234,1.006132744917338,1.4197109782344712,1.097936807746791,-0.2783200074336491,43.5199990272522,1.0,1.7004802334029403,1
12:05:16.780535,234,0.9516829645172236,1.4264175971801991,1.1892637434024569,-0.2783200074336491,34.23999923467636,1.0,2.006308767057137,1
12:05:16.780535,234,0.9832434683456448,1.4077270204398855,1.1942718683460958,-0.2783200074336491,52.63999882340431,1.0,1.1808057451757954,1
12:05:16.780535,234,1.022130237214281,1.4099151388365612,1.100561595002646,-0.2783200074336491,51.99999883770943,1.0,1.1964457735333531,1
12:05:16.780535,234,0.9655679552048668,1.351530471265781,1.2236196302919085,-0.2783200074336491,33.2399992570281,1.0,3.048694956892053,1
12:05:16.780535,234,0.9988770215624933,1.3981540340187455,1.1968369423267942,-0.2783200074336491,62.35999860614538,1.0,0.9708299556662173,1
12:05:16.780535,234,1.0380255173438446,1.399965267895702,1.1032276548860431,-0.2783200074336491,60.11999865621328,1.0,0.8379258088205945,1
12:05:16.780535,234,0.9544655314865936,1.3251578000414457,1.3168179493085723,-0.2783200074336491,4.999999888241291,0.4999999888241291,5.265755733773234,1
12:05:16.780535,234,0.9955012431288198,1.3325873663900627,1.2286954199454954,-0.2783200074336491,36.23999918997288,1.0,2.428597764627176,1
12:05:16.780535,234,1.0298429140466807,1.3785574514318797,1.2020878308053549,-0.2783200074336491,69.2399984523654,1.0,0.9370346018277054,1
12:05:16.780535,234,0.9504557264856937,1.3607842319633745,1.2211400925860374,-0.2783200074336491,29.11999934911728,1.0,3.5839661231959123,1
12:05:17.074718,238,1.0821713667049773,1.3111887312250474,-0.1534226873481909,-0.4872000130126253,12.359999723732471,1.0,0.9467752110329789,1
12:05:17.074718,238,1.1745599427734823,1.5450581179644338,-0.2735045116201606,-0.2783200074336491,29.23999934643507,1.0,0.3641181817688776,1
12:05:17.074718,238,1.076211669952165,1.3866832755731993,-0.2294848467720018,-0.1391600037168245,46.11999896913767,1.0,0.14066197541786435,1
12:05:17.074718,238,1.1146640852180736,1.436228660225087,-0.2376842064999098,-0.2783200074336491,72.11999838799238,1.0,0.018208204304669212,1
12:05:17.074718,238,1.1531165004839818,1.4857740448769754,-0.2458835662278178,-0.2783200074336491,48.51999891549349,1.0,0.09732250179888123,1
12:05:17.074718,238,1.0938085517482836,1.3806283643463542,-0.1767301102762274,-0.4872000130126253,49.11999890208244,1.0,0.24567189829854752,1
12:05:17.074718,238,1.138201352653078,1.4972307293591116,-0.2458835662278178,-0.2783200074336491,52.7599988207221,1.0,0.13304476472820312,1
12:05:17.074718,238,1.132889693337369,1.42995741055164,-0.1830445740383917,-0.3480400092958007,70.11999843269587,1.0,0.19832326968334718,1
12:05:17.074718,238,1.1719708349264548,1.4792864567569255,-0.1893590378005561,-0.2783200074336491,42.51999904960394,1.0,0.3574656328819253,1
12:05:17.074718,238,1.1212005232085314,1.3584775357260357,-0.1767301102762274,-0.4872000130126253,48.99999890476465,1.0,0.6788444251989719,1
12:05:17.074718,238,1.2169744976196255,1.444843078085602,-0.1704771424883897,-0.2783200074336491,30.119999326765537,1.0,1.1778011846198708,1
12:05:17.074718,238,1.2024654597525868,1.456940378413069,-0.1704771424883897,-0.2783200074336491,35.999999195337296,1.0,0.8388809170670382,1
12:05:17.074718,238,1.134729012293884,1.347197794302646,-0.1767301102762274,-0.4872000130126253,45.639998979866505,1.0,1.0259645006705982,1
12:05:17.074718,238,1.1763926407726817,1.3966625984815877,-0.1647923241083234,-0.4872000130126253,55.87999875098467,1.0,1.0103112110252241,1
12:05:17.074718,238,1.149238590003818,1.3370567770519632,-0.1591075057282572,-0.4872000130126253,40.23999910056591,1.0,1.4785571841867762,1
12:05:17.074718,238,1.1903002145301511,1.3848290358563902,-0.1647923241083234,-0.4872000130126253,47.23999894410372,1.0,1.4448563603469164,1
12:05:17.074718,238,1.1888271573777176,1.3019831610645975,-0.1591075057282572,-0.4872000130126253,28.359999366104603,1.0,3.294000697376446,1
12:05:17.074718,238,1.175748102194313,1.3138061356231436,-0.1591075057282572,-0.4872000130126253,34.11999923735857,1.0,2.6015419450146804,1
12:05:17.074718,238,1.2177568961295142,1.3607476625702777,-0.1647923241083234,-0.4872000130126253,39.35999912023544,1.0,2.5929857301213395,1
12:05:17.074718,238,1.1002463055697476,1.4473033042203407,-0.2376842064999098,-0.1391600037168245,69.35999844968319,1.0,0.029148088114349397,1
12:05:17.074718,238,1.162367428736717,1.4083564960170616,-0.1647923241083234,-0.4872000130126253,64.11999856680632,1.0,0.6687007424374535,1
12:05:17.074718,238,1.062291258486417,1.3973758790815696,-0.2294848467720018,-0.1391600037168245,40.8799990862608,1.0,0.12844712260729635,1
12:05:17.074718,238,1.1590508919424518,1.5567262691119623,-0.2735045116201606,-0.2783200074336491,30.63999931514263,1.0,0.524263721493813,1
12:05:17.074718,238,1.2313032583262509,1.348502260026516,-0.1647923241083234,-0.4872000130126253,32.75999926775694,1.0,3.306608172351005,1
12:05:17.074718,238,1.0306933199575077,1.5731730535174713,-0.2458835662278178,-0.1391600037168245,27.119999393820763,1.0,3.09678201938784,1
12:05:17.074718,238,1.065063348947787,1.6256328904147852,-0.2540829259557258,-0.2783200074336491,19.519999563694,1.0,3.75473188478454,1
12:05:17.074718,238,1.0463732537126302,1.5627876343359506,-0.2458835662278178,-0.1391600037168245,32.63999927043915,1.0,2.38511304940139,1
12:05:17.074718,238,1.0812661538298434,1.6149011537094835,-0.2540829259557258,-0.2783200074336491,22.63999949395657,1.0,2.975339004687271,1
12:05:17.074718,238,1.0352114418013785,1.4811611586617914,-0.3101958448813522,-0.1391600037168245,38.99999912828207,1.0,0.9745139801489628,1
12:05:17.074718,238,1.0619485510190343,1.552245937700301,-0.2458835662278178,-0.2783200074336491,38.87999913096428,1.0,1.7688662821184373,1
12:05:17.074718,238,1.198795855413697,1.5446312374614262,-0.5201382399582077,-0.2783200074336491,8.639999806880951,0.8639999806880951,1.0366042248004375,1
12:05:17.074718,238,1.0973608330024025,1.6040079282417767,-0.2540829259557258,-0.2783200074336491,25.87999942153692,1.0,2.297186544154602,1
12:05:17.074718,238,1.0774176543600378,1.5415490177713544,-0.2458835662278178,-0.2783200074336491,45.35999898612499,1.0,1.2484764060544686,1
12:05:17.074718,238,1.113345777011031,1.5929543033250848,-0.2540829259557258,-0.2783200074336491,28.639999359846115,1.0,1.7207406778545915,1
12:05:17.074718,238,1.034133153499559,1.4183408215688855,-0.2294848467720018,-0.1391600037168245,29.519999340176582,1.0,0.3621429385856752,1
12:05:17.074718,238,1.0696282936108066,1.4670233398855284,-0.2558523071712063,-0.1391600037168245,54.75999877601862,1.0,0.30762484224238473,1
12:05:17.074718,238,1.1080311023303424,1.519693802180926,-0.2458835662278178,-0.2783200074336491,50.87999886274338,1.0,0.49684431288573255,1
12:05:17.074718,238,1.143425936993281,1.5682387489368068,-0.2735045116201606,-0.2783200074336491,30.35999932140112,1.0,0.7874799899627609,1
12:05:17.074718,238,1.0482646187848088,1.4079287461727543,-0.2294848467720018,-0.1391600037168245,35.11999921500683,1.0,0.2023515125413392,1
12:05:17.074718,238,1.0842448012124926,1.456253884906522,-0.2558523071712063,-0.1391600037168245,62.99999859184027,1.0,0.11834626202979627,1
12:05:17.074718,238,1.1231723856404947,1.5085376920226927,-0.2458835662278178,-0.2783200074336491,53.63999880105257,1.0,0.2663091753556471,1
12:05:17.074718,238,1.049971046059549,1.4707351595720572,-0.3101958448813522,-0.1391600037168245,46.51999896019697,1.0,0.619610930641759,1
12:05:17.074718,238,1.2017873308413851,1.2900299892807476,-0.1591075057282572,-0.4872000130126253,23.35999947786331,1.0,4.073741169331555,1
