{"timestamp": "15:10:25.935752", "frame": 7, "mu": [-2.4594273581259283, 0.7818220571299599, 0.6089346912979767], "Sigma": [[0.0008814891412536729, 0.001362212820865308, -0.000591411514337004], [0.0013622128208653078, 0.004105745408640188, -0.0011954226089296231], [-0.000591411514337004, -0.0011954226089296233, 0.0036463100966901275]], "chi2_level": 0.95, "chi2_df": 3, "chi2_threshold": 7.814727903251179, "N_raw": 30, "N_roi": 7, "N_inlier": 7, "refit": true}
{"timestamp": "15:10:26.046000", "frame": 9, "mu": [-2.438775355758467, 0.8605871856804111, 0.6142092486649368], "Sigma": [[0.0012305057136218287, 0.001383798810973678, -0.00016000055312152632], [0.001383798810973678, 0.004392344448985249, -0.0015089984465927473], [-0.00016000055312152632, -0.0015089984465927473, 0.0006451823366876413]], "chi2_level": 0.95, "chi2_df": 3, "chi2_threshold": 7.814727903251179, "N_raw": 29, "N_roi": 8, "N_inlier": 7, "refit": true}
{"timestamp": "15:10:26.160692", "frame": 11, "mu": [-2.415720076264176, 0.8087327918359529, 0.6794681922799602], "Sigma": [[0.00311234697572477, 0.0029637883003293857, -0.00014743673916578113], [0.0029637883003293857, 0.011273658596747919, -0.006618768639550241], [-0.00014743673916578124, -0.006618768639550241, 0.012302584821248052]], "chi2_level": 0.95, "chi2_df": 3, "chi2_threshold": 7.814727903251179, "N_raw": 60, "N_roi": 29, "N_inlier": 26, "refit": true}
{"timestamp": "15:10:26.214235", "frame": 12, "mu": [-2.4039142555432815, 0.7835108892558984, 0.7217167730925687], "Sigma": [[0.0033591349223974793, 0.0014935242515100582, -0.0008924043515111004], [0.0014935242515100582, 0.01687143236175232, -0.011569715378022635], [-0.0008924043515111002, -0.011569715378022635, 0.009435500828525605]], "chi2_level": 0.95, "chi2_df": 3, "chi2_threshold": 7.814727903251179, "N_raw": 53, "N_roi": 33, "N_inlier": 30, "refit": true}
{"timestamp": "15:10:26.265302", "frame": 13, "mu": [-2.379072922485425, 0.8005780696494059, 0.674390200199698], "Sigma": [[0.0036266878044362424, 0.000347127719497805, -0.0024204989316304795], [0.00034712771949780457, 0.014760868848202395, -0.0019342190707705793], [-0.0024204989316304795, -0.0019342190707705795, 0.0024373402451347568]], "chi2_level": 0.95, "chi2_df": 3, "chi2_threshold": 7.814727903251179, "N_raw": 24, "N_roi": 20, "N_inlier": 18, "refit": true}
{"timestamp": "15:10:26.322745", "frame": 14, "mu": [-1.1999554566107138, 0.6647719829643893, 0.7789626729658803], "Sigma": [[4.075025197107775, -0.06849139846444854, 0.04823250317096733], [-0.06849139846444854, 0.01922765641557017, -0.007584156618947992], [0.04823250317096733, -0.007584156618947992, 0.006374778709952727]], "chi2_level": 0.95, "chi2_df": 3, "chi2_threshold": 7.814727903251179, "N_raw": 43, "N_roi": 39, "N_inlier": 39, "refit": true}
{"timestamp": "15:10:26.377562", "frame": 15, "mu": [-1.7707666947718788, 0.7088736140615384, 0.9271960163699717], "Sigma": [[2.108842647202697, -0.06940346973131944, 0.028345048151732624], [-0.06940346973131943, 0.01830658378111643, -0.007859647430954853], [0.02834504815173263, -0.007859647430954853, 0.0076459112295009625]], "chi2_level": 0.95, "chi2_df": 3, "chi2_threshold": 7.814727903251179, "N_raw": 44, "N_roi": 43, "N_inlier": 41, "refit": true}
{"timestamp": "15:10:26.431775", "frame": 16, "mu": [-1.4400080499645747, 0.6459965609573264, 0.8829878394082844], "Sigma": [[3.112364111845808, -0.07506515851235615, 0.06477764463795561], [-0.07506515851235612, 0.011206101874560647, -0.0068692818608162235], [0.06477764463795561, -0.0068692818608162235, 0.008652142882506592]], "chi2_level": 0.95, "chi2_df": 3, "chi2_threshold": 7.814727903251179, "N_raw": 33, "N_roi": 33, "N_inlier": 33, "refit": true}
{"timestamp": "15:10:26.485252", "frame": 17, "mu": [-2.238761997005183, 0.7648869499098602, 0.8448547642861772], "Sigma": [[0.006587766792880748, 0.005463618817459697, 0.0013259296793326854], [0.005463618817459697, 0.008968544450182895, -0.0035367111705871188], [0.0013259296793326856, -0.0035367111705871188, 0.007154094053276467]], "chi2_level": 0.95, "chi2_df": 3, "chi2_threshold": 7.814727903251179, "N_raw": 19, "N_roi": 19, "N_inlier": 18, "refit": true}
{"timestamp": "15:10:26.542555", "frame": 18, "mu": [-2.223091104368668, 0.6687292270968722, 0.8033826558929983], "Sigma": [[0.008405640190879667, 0.007761266666454589, -0.0034425353392283932], [0.007761266666454587, 0.012040520948090203, -0.008390861952498798], [-0.0034425353392283932, -0.008390861952498798, 0.012676924102246615]], "chi2_level": 0.95, "chi2_df": 3, "chi2_threshold": 7.814727903251179, "N_raw": 45, "N_roi": 45, "N_inlier": 42, "refit": true}
{"timestamp": "15:10:26.601047", "frame": 19, "mu": [-1.0112538928246009, 0.633416609761845, 0.79540702967675], "Sigma": [[3.826185341582375, -0.06453777657454239, 0.06298581500422652], [-0.06453777657454238, 0.015880887488920564, -0.008439337024936237], [0.06298581500422654, -0.008439337024936237, 0.006374628608295602]], "chi2_level": 0.95, "chi2_df": 3, "chi2_threshold": 7.814727903251179, "N_raw": 60, "N_roi": 60, "N_inlier": 59, "refit": true}
{"timestamp": "15:10:26.656868", "frame": 20, "mu": [-2.0803786515158453, 0.6396895761417046, 0.948641375923015], "Sigma": [[0.007122222142899066, 0.007522353829530574, 0.0030704018747775026], [0.007522353829530573, 0.013227932759880516, -0.0014802584887253678], [0.0030704018747775026, -0.001480258488725368, 0.023069186881228054]], "chi2_level": 0.95, "chi2_df": 3, "chi2_threshold": 7.814727903251179, "N_raw": 59, "N_roi": 59, "N_inlier": 54, "refit": true}
{"timestamp": "15:10:26.717097", "frame": 21, "mu": [-2.0715364757359707, 0.6468735614404983, 0.916882263309036], "Sigma": [[0.01146999055141837, 0.007046869093177383, 0.008471871895796398], [0.007046869093177383, 0.013586647973931646, -0.006794137517273141], [0.008471871895796398, -0.006794137517273141, 0.034288625633443155]], "chi2_level": 0.95, "chi2_df": 3, "chi2_threshold": 7.814727903251179, "N_raw": 88, "N_roi": 88, "N_inlier": 79, "refit": true}
{"timestamp": "15:10:26.767254", "frame": 22, "mu": [-1.9714839953889616, 0.6667879242044514, 1.1038349842430493], "Sigma": [[0.006343857252455475, 0.006596397736917649, 0.0020563403645519115], [0.006596397736917649, 0.00977903056498677, -0.0038390083982661467], [0.0020563403645519115, -0.0038390083982661463, 0.02327095994751653]], "chi2_level": 0.95, "chi2_df": 3, "chi2_threshold": 7.814727903251179, "N_raw": 53, "N_roi": 53, "N_inlier": 50, "refit": true}
{"timestamp": "15:10:26.818886", "frame": 23, "mu": [-1.9363881998635826, 0.6480664141320149, 1.0438599963465172], "Sigma": [[0.005435018018266764, 0.004125663376940458, -0.0010804615129407738], [0.004125663376940458, 0.007556394264663438, -0.004182242557425639], [-0.0010804615129407736, -0.004182242557425639, 0.00615869740443625]], "chi2_level": 0.95, "chi2_df": 3, "chi2_threshold": 7.814727903251179, "N_raw": 34, "N_roi": 34, "N_inlier": 32, "refit": true}
{"timestamp": "15:10:26.876374", "frame": 24, "mu": [-1.3702649526471522, 0.5261802009237553, 0.9791411766544381], "Sigma": [[1.7659005402529757, -0.019718672259542463, 0.06392820143534066], [-0.019718672259542463, 0.00790498936493632, -0.005009627059703374], [0.06392820143534064, -0.005009627059703373, 0.014039592307555587]], "chi2_level": 0.95, "chi2_df": 3, "chi2_threshold": 7.814727903251179, "N_raw": 53, "N_roi": 53, "N_inlier": 48, "refit": true}
{"timestamp": "15:10:26.932846", "frame": 25, "mu": [-1.7799442337057518, 0.5733687101445051, 1.0839743266566204], "Sigma": [[0.007402346504689233, 0.01024483320810583, 0.005927974185460452], [0.01024483320810583, 0.018596724387650136, 0.011384674501623752], [0.005927974185460452, 0.01138467450162375, 0.034253527698475936]], "chi2_level": 0.95, "chi2_df": 3, "chi2_threshold": 7.814727903251179, "N_raw": 64, "N_roi": 64, "N_inlier": 59, "refit": true}
{"timestamp": "15:10:26.988123", "frame": 26, "mu": [-1.7566915467396647, 0.8211782135093909, -0.6526785277230767], "Sigma": [[0.011665117938903069, 0.007925205540124424, 0.006329195980988685], [0.007925205540124424, 0.013071352846629537, 0.00034211183450875667], [0.006329195980988686, 0.0003421118345087569, 0.01823180650529191]], "chi2_level": 0.95, "chi2_df": 3, "chi2_threshold": 7.814727903251179, "N_raw": 64, "N_roi": 64, "N_inlier": 60, "refit": true}
{"timestamp": "15:10:27.043067", "frame": 27, "mu": [-1.6764968092414618, 0.6725784169697924, 1.2416543050601316], "Sigma": [[0.007814868902612505, 0.004983101305103814, 0.003532949705600533], [0.004983101305103814, 0.01069848782736493, -0.0031619717896138716], [0.0035329497056005325, -0.003161971789613872, 0.017680704293200084]], "chi2_level": 0.95, "chi2_df": 3, "chi2_threshold": 7.814727903251179, "N_raw": 62, "N_roi": 62, "N_inlier": 58, "refit": true}
{"timestamp": "15:10:27.099048", "frame": 28, "mu": [-1.6822710845010231, 0.6080921228597888, 1.185834748213699], "Sigma": [[0.00911547277586809, 0.0070381434007400715, 0.000252962559172467], [0.0070381434007400715, 0.010453128929111632, -0.005663771233883048], [0.0002529625591724667, -0.005663771233883048, 0.011666305562367125]], "chi2_level": 0.95, "chi2_df": 3, "chi2_threshold": 7.814727903251179, "N_raw": 67, "N_roi": 67, "N_inlier": 58, "refit": true}
{"timestamp": "15:10:27.157935", "frame": 29, "mu": [-1.6116221845614573, 0.5898585219638639, 1.1431438721772242], "Sigma": [[0.009610108764103868, 0.011480702777513976, 0.010555287753925585], [0.011480702777513976, 0.017321802427075587, 0.015899390021116514], [0.010555287753925585, 0.015899390021116514, 0.061632149625811136]], "chi2_level": 0.95, "chi2_df": 3, "chi2_threshold": 7.814727903251179, "N_raw": 96, "N_roi": 96, "N_inlier": 91, "refit": true}
{"timestamp": "15:10:27.215031", "frame": 30, "mu": [-1.5140064012032315, 0.6792538793945322, 1.2214085575658056], "Sigma": [[0.008730120429646531, 0.007871588849974303, 0.008130094796776354], [0.007871588849974302, 0.013895487838530271, 0.00844517019568453], [0.008130094796776354, 0.00844517019568453, 0.06579220182116541]], "chi2_level": 0.95, "chi2_df": 3, "chi2_threshold": 7.814727903251179, "N_raw": 104, "N_roi": 104, "N_inlier": 101, "refit": true}
{"timestamp": "15:10:27.268599", "frame": 31, "mu": [-1.5144596633786032, 0.9040554803435514, -0.45953593346758426], "Sigma": [[0.011251274229775446, 0.0032435010730539875, 0.00028864553850141037], [0.003243501073053988, 0.01807815154027627, -0.010107449653441201], [0.00028864553850141005, -0.010107449653441201, 0.008122605216252363]], "chi2_level": 0.95, "chi2_df": 3, "chi2_threshold": 7.814727903251179, "N_raw": 98, "N_roi": 98, "N_inlier": 95, "refit": true}
{"timestamp": "15:10:27.318451", "frame": 32, "mu": [-1.4717510073440512, 0.7435209013976566, 1.272347835070621], "Sigma": [[0.00799295660809223, 0.004185069278081845, 0.0008548804892376301], [0.004185069278081845, 0.00726683671734677, -0.004581291874920131], [0.0008548804892376304, -0.004581291874920131, 0.012075232523360064]], "chi2_level": 0.95, "chi2_df": 3, "chi2_threshold": 7.814727903251179, "N_raw": 62, "N_roi": 62, "N_inlier": 61, "refit": true}
{"timestamp": "15:10:27.376743", "frame": 33, "mu": [-1.413632094924684, 0.7520347597374148, 1.2318726894682417], "Sigma": [[0.008530954898730703, 0.006389034932770616, 0.0037010577745719324], [0.006389034932770616, 0.006894645641269238, -0.0022187550015248772], [0.0037010577745719316, -0.0022187550015248772, 0.031190598311821083]], "chi2_level": 0.95, "chi2_df": 3, "chi2_threshold": 7.814727903251179, "N_raw": 84, "N_roi": 84, "N_inlier": 82, "refit": true}
{"timestamp": "15:10:27.434842", "frame": 34, "mu": [-1.297950076206907, 0.8368914596343454, 1.2717578636577165], "Sigma": [[0.010802667747943773, 0.005176839510693813, -0.0012386523909186996], [0.005176839510693813, 0.009689427256241355, -0.00835455525563173], [-0.0012386523909186996, -0.00835455525563173, 0.012291861888252284]], "chi2_level": 0.95, "chi2_df": 3, "chi2_threshold": 7.814727903251179, "N_raw": 103, "N_roi": 103, "N_inlier": 98, "refit": true}
{"timestamp": "15:10:27.486187", "frame": 35, "mu": [-1.2267240692723964, 0.8124751546407559, 1.4198402321385961], "Sigma": [[0.015765841254307106, 0.00857299110258423, 0.005003121785578814], [0.00857299110258423, 0.0090572682595525, -0.00018224380367231957], [0.005003121785578814, -0.00018224380367231957, 0.009841152339215531]], "chi2_level": 0.95, "chi2_df": 3, "chi2_threshold": 7.814727903251179, "N_raw": 83, "N_roi": 83, "N_inlier": 81, "refit": true}
{"timestamp": "15:10:27.537370", "frame": 36, "mu": [-1.2089677796264413, 0.7008352451471493, 1.3813565808116688], "Sigma": [[0.007351543903923263, 0.007028126276666881, 0.004527623150087864], [0.007028126276666881, 0.008356847044204656, 0.0012816144329158418], [0.004527623150087864, 0.001281614432915842, 0.029326608505541633]], "chi2_level": 0.95, "chi2_df": 3, "chi2_threshold": 7.814727903251179, "N_raw": 56, "N_roi": 56, "N_inlier": 51, "refit": true}
{"timestamp": "15:10:27.597775", "frame": 37, "mu": [-1.0746674469377242, 0.8352360976447306, 1.480578239982164], "Sigma": [[0.011853256342421936, 0.0069472074526970885, -0.00170595278821929], [0.0069472074526970885, 0.009196021657910941, -0.004052346712016165], [-0.0017059527882192901, -0.004052346712016165, 0.007503937763239512]], "chi2_level": 0.95, "chi2_df": 3, "chi2_threshold": 7.814727903251179, "N_raw": 93, "N_roi": 93, "N_inlier": 87, "refit": true}
{"timestamp": "15:10:27.654606", "frame": 38, "mu": [-1.0530284077929069, 0.783970569591747, 1.466704904050612], "Sigma": [[0.018065250601726316, 0.01044916529894628, 0.002656056863620401], [0.01044916529894628, 0.012085290519451876, 0.0013609927567687665], [0.0026560568636204013, 0.0013609927567687662, 0.005755502057899914]], "chi2_level": 0.95, "chi2_df": 3, "chi2_threshold": 7.814727903251179, "N_raw": 96, "N_roi": 96, "N_inlier": 91, "refit": true}
{"timestamp": "15:10:27.711398", "frame": 39, "mu": [-0.9570483773078468, 0.9073233667644337, 0.4060842968286885], "Sigma": [[0.018388128134752258, 0.0035024669018004608, 0.06434594110389033], [0.0035024669018004608, 0.006091849290238165, 0.012592340729966896], [0.06434594110389033, 0.012592340729966898, 0.6217344213693957]], "chi2_level": 0.95, "chi2_df": 3, "chi2_threshold": 7.814727903251179, "N_raw": 110, "N_roi": 110, "N_inlier": 109, "refit": true}
{"timestamp": "15:10:27.760856", "frame": 40, "mu": [-0.8329295602366372, 0.9030900893788187, 1.5476653947421184], "Sigma": [[0.008312256742018197, 0.001368702603740481, -0.0025110359318947307], [0.0013687026037404809, 0.005083395789008695, -0.005193431701834927], [-0.0025110359318947307, -0.005193431701834927, 0.005975457086349659]], "chi2_level": 0.95, "chi2_df": 3, "chi2_threshold": 7.814727903251179, "N_raw": 71, "N_roi": 71, "N_inlier": 60, "refit": true}
{"timestamp": "15:10:27.818090", "frame": 41, "mu": [-0.8300744525003925, 0.8493134297199458, 1.5088112167047387], "Sigma": [[0.027698204226189536, 0.013591001804773895, -0.022896015706314797], [0.013591001804773895, 0.010262373143764844, -0.01817826984162123], [-0.022896015706314797, -0.01817826984162123, 0.08140194297499656]], "chi2_level": 0.95, "chi2_df": 3, "chi2_threshold": 7.814727903251179, "N_raw": 93, "N_roi": 93, "N_inlier": 91, "refit": true}
{"timestamp": "15:10:27.874120", "frame": 42, "mu": [-0.7921528529358125, 0.8683153149764347, 1.5403412940929047], "Sigma": [[0.0406458140541451, 0.01852137396817944, -0.01958926514291172], [0.01852137396817944, 0.012115381853150737, -0.013836727390015905], [-0.01958926514291172, -0.013836727390015905, 0.041522961861351765]], "chi2_level": 0.95, "chi2_df": 3, "chi2_threshold": 7.814727903251179, "N_raw": 102, "N_roi": 101, "N_inlier": 95, "refit": true}
{"timestamp": "15:10:27.924461", "frame": 43, "mu": [-0.5847708297359868, 0.9267970134044516, 1.5132908999720498], "Sigma": [[0.002825253495973813, -0.001101847071482151, 0.0012003457630419515], [-0.001101847071482151, 0.0038837322354724653, -0.004578634386690466], [0.0012003457630419517, -0.004578634386690466, 0.017334747003444735]], "chi2_level": 0.95, "chi2_df": 3, "chi2_threshold": 7.814727903251179, "N_raw": 65, "N_roi": 65, "N_inlier": 60, "refit": true}
{"timestamp": "15:10:27.979974", "frame": 44, "mu": [-0.548729297330022, 0.9412709524262324, 1.4945369587248654], "Sigma": [[0.004040878926602808, -0.0010203493877144107, 0.0024528631730886463], [-0.001020349387714411, 0.003817593452448665, -0.0036978821738115368], [0.0024528631730886463, -0.0036978821738115368, 0.005715424530873696]], "chi2_level": 0.95, "chi2_df": 3, "chi2_threshold": 7.814727903251179, "N_raw": 76, "N_roi": 76, "N_inlier": 74, "refit": true}
{"timestamp": "15:10:28.036218", "frame": 45, "mu": [-0.49190995167064877, 0.9306628572129612, 1.4274673834967682], "Sigma": [[0.003086032035606803, -0.0003305884046832644, 0.0005775099659316677], [-0.0003305884046832645, 0.0017610279431930183, -0.0029573952026585785], [0.0005775099659316677, -0.0029573952026585785, 0.02434079440716881]], "chi2_level": 0.95, "chi2_df": 3, "chi2_threshold": 7.814727903251179, "N_raw": 80, "N_roi": 80, "N_inlier": 75, "refit": true}
{"timestamp": "15:10:28.089054", "frame": 46, "mu": [-0.36434125358352054, 1.040186513520357, -0.24484731525825493], "Sigma": [[0.0022251352864417887, 0.00031434256101741976, -0.0006229017454099875], [0.0003143425610174198, 0.00541407981348038, -0.0034198396280761476], [-0.0006229017454099876, -0.0034198396280761476, 0.0028124847596638844]], "chi2_level": 0.95, "chi2_df": 3, "chi2_threshold": 7.814727903251179, "N_raw": 65, "N_roi": 65, "N_inlier": 62, "refit": true}
{"timestamp": "15:10:28.143869", "frame": 47, "mu": [-0.30990541532106924, 1.0476345994664347, -0.21170793460517467], "Sigma": [[0.0027206353098180877, -0.00012105326230858797, -0.0003815461995705451], [-0.00012105326230858803, 0.0053265630021470745, -0.0022026465017179046], [-0.0003815461995705451, -0.002202646501717904, 0.002906665976532192]], "chi2_level": 0.95, "chi2_df": 3, "chi2_threshold": 7.814727903251179, "N_raw": 67, "N_roi": 67, "N_inlier": 65, "refit": true}
{"timestamp": "15:10:28.201004", "frame": 48, "mu": [-0.27793058280321165, 0.971426242575709, 1.4833188014436782], "Sigma": [[0.0039055678538431286, -0.0002952551111833282, 0.002426875501277733], [-0.00029525511118332786, 0.004834700343488781, -0.005043276999418731], [0.002426875501277733, -0.005043276999418731, 0.009657235400036995]], "chi2_level": 0.95, "chi2_df": 3, "chi2_threshold": 7.814727903251179, "N_raw": 77, "N_roi": 77, "N_inlier": 75, "refit": true}
{"timestamp": "15:10:28.264651", "frame": 49, "mu": [-0.21450753237963593, 1.0185890661231038, 0.3325284653045219], "Sigma": [[0.004666287164335253, -0.0024716677814069646, 0.037380781388427924], [-0.0024716677814069646, 0.010528987266719449, -0.015946219406419358], [0.037380781388427924, -0.015946219406419358, 0.5430767530825825]], "chi2_level": 0.95, "chi2_df": 3, "chi2_threshold": 7.814727903251179, "N_raw": 137, "N_roi": 136, "N_inlier": 129, "refit": true}
{"timestamp": "15:10:28.308453", "frame": 50, "mu": [-0.13639721796619186, 0.9847777065260653, 1.4853797992896445], "Sigma": [[0.002289840085741386, -0.0006404163012829842, -0.0068529066100951625], [-0.0006404163012829841, 0.0041282998084390815, 0.009403417736874416], [-0.0068529066100951625, 0.009403417736874415, 0.06905453817015526]], "chi2_level": 0.95, "chi2_df": 3, "chi2_threshold": 7.814727903251179, "N_raw": 54, "N_roi": 54, "N_inlier": 52, "refit": true}
{"timestamp": "15:10:28.359481", "frame": 51, "mu": [-0.12784911546153246, 1.0363369638141915, 1.4443552487560753], "Sigma": [[0.0013265729893111831, -0.00032854435751329024, -0.00013198065181476695], [-0.00032854435751329024, 0.000979174302656338, -0.0013526898445262025], [-0.000131980651814767, -0.0013526898445262025, 0.0024576859509965127]], "chi2_level": 0.95, "chi2_df": 3, "chi2_threshold": 7.814727903251179, "N_raw": 33, "N_roi": 31, "N_inlier": 29, "refit": true}
{"timestamp": "15:10:28.419535", "frame": 52, "mu": [-0.06040363235216563, 0.9904526306606382, 1.5164110348403244], "Sigma": [[0.0030281992634324548, 0.00028893539516417437, 0.0017877539640865137], [0.0002889353951641744, 0.00272024945571009, -0.0021906880218921275], [0.0017877539640865137, -0.0021906880218921275, 0.004368655420915977]], "chi2_level": 0.95, "chi2_df": 3, "chi2_threshold": 7.814727903251179, "N_raw": 71, "N_roi": 70, "N_inlier": 64, "refit": true}
{"timestamp": "15:10:28.474971", "frame": 53, "mu": [0.043493013627781164, 1.0302288799938757, -0.3259644061892342], "Sigma": [[0.002506787828796317, 0.002862383264495878, 0.0051293872259010696], [0.002862383264495877, 0.009797429062560883, 0.007267316238958306], [0.0051293872259010696, 0.007267316238958306, 0.03157772285201042]], "chi2_level": 0.95, "chi2_df": 3, "chi2_threshold": 7.814727903251179, "N_raw": 74, "N_roi": 74, "N_inlier": 70, "refit": true}
{"timestamp": "15:10:28.523415", "frame": 54, "mu": [0.13886624755819302, 0.9914607568915942, 1.515858088854097], "Sigma": [[0.0008630192215021686, 0.00014590559989691222, -0.0017911260420503928], [0.0001459055998969123, 0.0014043751094753518, -0.0018475393447741715], [-0.0017911260420503928, -0.0018475393447741715, 0.03662431808611112]], "chi2_level": 0.95, "chi2_df": 3, "chi2_threshold": 7.814727903251179, "N_raw": 25, "N_roi": 25, "N_inlier": 20, "refit": true}
{"timestamp": "15:10:28.637014", "frame": 56, "mu": [0.26724464680545595, 0.981961098121102, 1.5669759680671898], "Sigma": [[0.00241691798280373, 0.0008017424557125349, -0.0004696059376926066], [0.0008017424557125348, 0.003969823454562073, -0.0015356743333239243], [-0.00046960593769260656, -0.0015356743333239243, 0.0008745361526412839]], "chi2_level": 0.95, "chi2_df": 3, "chi2_threshold": 7.814727903251179, "N_raw": 54, "N_roi": 54, "N_inlier": 53, "refit": true}
{"timestamp": "15:10:28.690457", "frame": 57, "mu": [0.2957541727154788, 0.9793273303631288, 1.4684148265948869], "Sigma": [[0.001524351996233343, -9.351161342401753e-05, 0.00029899423115241895], [-9.351161342401752e-05, 0.0036691813121252775, -0.00662206805371872], [0.00029899423115241884, -0.00662206805371872, 0.015176567925370248]], "chi2_level": 0.95, "chi2_df": 3, "chi2_threshold": 7.814727903251179, "N_raw": 42, "N_roi": 42, "N_inlier": 39, "refit": true}
{"timestamp": "15:10:28.746102", "frame": 58, "mu": [0.3997979175585676, 0.9354132132085856, 1.5427858094235196], "Sigma": [[0.0024292010340885603, 0.0015203981279255552, -0.00036149267629593076], [0.0015203981279255552, 0.002381477215979192, -0.002015673555211037], [-0.0003614926762959307, -0.002015673555211037, 0.002735476769037704]], "chi2_level": 0.95, "chi2_df": 3, "chi2_threshold": 7.814727903251179, "N_raw": 47, "N_roi": 47, "N_inlier": 44, "refit": true}
{"timestamp": "15:10:28.796666", "frame": 59, "mu": [0.4377043681145385, 0.8863181365104844, 1.5284508955673195], "Sigma": [[0.001455729307149247, 0.002114060181029707, 0.00250945696148533], [0.002114060181029707, 0.005409780393947251, 0.004227033617199621], [0.0025094569614853303, 0.004227033617199621, 0.012484563968226626]], "chi2_level": 0.95, "chi2_df": 3, "chi2_threshold": 7.814727903251179, "N_raw": 18, "N_roi": 18, "N_inlier": 16, "refit": true}
{"timestamp": "15:10:28.857250", "frame": 60, "mu": [0.5009077758591103, 0.8971080691234815, 1.4312937810038473], "Sigma": [[0.0022965214486590528, 0.0031929031403725625, 0.0018176501628642734], [0.0031929031403725625, 0.006232272293488323, 0.0036866029158601835], [0.0018176501628642738, 0.0036866029158601835, 0.01923850468074199]], "chi2_level": 0.95, "chi2_df": 3, "chi2_threshold": 7.814727903251179, "N_raw": 49, "N_roi": 49, "N_inlier": 46, "refit": true}
{"timestamp": "15:10:28.910330", "frame": 61, "mu": [0.5691560624176488, 1.001917003448918, 1.6571898231635913], "Sigma": [[0.0020113716148779867, -7.360866226281682e-05, -0.0006158101982572145], [-7.360866226281682e-05, 0.002166112841193825, -0.0008513013723267668], [-0.0006158101982572146, -0.0008513013723267668, 0.00068269743818449]], "chi2_level": 0.95, "chi2_df": 3, "chi2_threshold": 7.814727903251179, "N_raw": 35, "N_roi": 35, "N_inlier": 33, "refit": true}
{"timestamp": "15:10:28.961446", "frame": 62, "mu": [0.6452735718717664, 1.0063283038881927, 1.5339446612179526], "Sigma": [[0.0010084125833993308, 0.0014413099548468262, 0.0033290871575195045], [0.0014413099548468262, 0.011545038142081807, 0.009166829662507366], [0.0033290871575195045, 0.009166829662507365, 0.05880291249006492]], "chi2_level": 0.95, "chi2_df": 3, "chi2_threshold": 7.814727903251179, "N_raw": 15, "N_roi": 15, "N_inlier": 15, "refit": true}
{"timestamp": "15:10:29.015951", "frame": 63, "mu": [0.6650616717017352, 1.0291554871744926, 1.4134015083562823], "Sigma": [[0.0010953263429862774, 0.0006047137572796146, 0.000189993936403108], [0.0006047137572796146, 0.0023289202162437507, 6.973588898833956e-05], [0.000189993936403108, 6.973588898833956e-05, 0.016276698821276272]], "chi2_level": 0.95, "chi2_df": 3, "chi2_threshold": 7.814727903251179, "N_raw": 19, "N_roi": 19, "N_inlier": 18, "refit": true}
{"timestamp": "15:10:29.068951", "frame": 64, "mu": [0.7283945180661989, 1.0926031252892476, 1.4153917221673908], "Sigma": [[0.0008750452448157607, 0.0005002616147207375, -0.0008982484252293072], [0.0005002616147207375, 0.0021752609962090606, -0.007136703929481687], [-0.0008982484252293072, -0.007136703929481687, 0.056414243223800314]], "chi2_level": 0.95, "chi2_df": 3, "chi2_threshold": 7.814727903251179, "N_raw": 7, "N_roi": 7, "N_inlier": 7, "refit": true}
{"timestamp": "15:10:29.126950", "frame": 65, "mu": [0.7748672277757493, 1.0754038119870306, 1.6157726603373992], "Sigma": [[0.0013566702598115622, 0.0001290621631345528, -2.6056952856010074e-05], [0.0001290621631345528, 0.004036905450025899, 0.0007640960365974621], [-2.6056952856010128e-05, 0.0007640960365974621, 0.01922309351262902]], "chi2_level": 0.95, "chi2_df": 3, "chi2_threshold": 7.814727903251179, "N_raw": 26, "N_roi": 26, "N_inlier": 24, "refit": true}
{"timestamp": "15:10:29.179950", "frame": 66, "mu": [0.8321772465550124, 1.1061664731409153, 1.446944166128671], "Sigma": [[0.001152327846586417, 0.002157935135828125, -0.004888190447843889], [0.002157935135828125, 0.006300133480043713, -0.011061070425745265], [-0.004888190447843889, -0.011061070425745265, 0.04953364507817409]], "chi2_level": 0.95, "chi2_df": 3, "chi2_threshold": 7.814727903251179, "N_raw": 12, "N_roi": 12, "N_inlier": 12, "refit": true}
{"timestamp": "15:10:29.235147", "frame": 67, "mu": [0.9464087639393435, 0.9462145323283399, 1.21371638352324], "Sigma": [[0.006023298380704296, 0.002423161557029346, 0.032275675057895414], [0.002423161557029346, 0.006919406231309468, 0.009695769143397728], [0.032275675057895414, 0.009695769143397728, 0.1948952695734425]], "chi2_level": 0.95, "chi2_df": 3, "chi2_threshold": 7.814727903251179, "N_raw": 14, "N_roi": 13, "N_inlier": 13, "refit": true}
{"timestamp": "15:10:29.292529", "frame": 68, "mu": [0.9856310367886952, 1.0587728227257154, 1.5697528302364434], "Sigma": [[0.001781621925774364, 0.0008855432544476893, -0.000980007561047866], [0.0008855432544476893, 0.0036704128470270965, 0.004080689206919052], [-0.0009800075610478657, 0.004080689206919052, 0.03158550353602691]], "chi2_level": 0.95, "chi2_df": 3, "chi2_threshold": 7.814727903251179, "N_raw": 21, "N_roi": 21, "N_inlier": 19, "refit": true}
{"timestamp": "15:10:29.346449", "frame": 69, "mu": [1.0686152514620388, 1.134138592448199, 1.599274379177955], "Sigma": [[0.0016104605188031877, 0.0004971076044517633, 0.0003412663986785537], [0.0004971076044517633, 0.003013318030938349, 0.0012394677080715477], [0.0003412663986785536, 0.0012394677080715477, 0.0015538880708715476]], "chi2_level": 0.95, "chi2_df": 3, "chi2_threshold": 7.814727903251179, "N_raw": 19, "N_roi": 19, "N_inlier": 15, "refit": true}
{"timestamp": "15:10:29.402423", "frame": 70, "mu": [1.1038747920087437, 1.0828406835494413, 1.5912825757726359], "Sigma": [[0.0023198355172865306, 0.001368059296408169, 0.0028141706615884424], [0.001368059296408169, 0.005264706932601, 0.007486107689583334], [0.002814170661588442, 0.007486107689583334, 0.03269721475441557]], "chi2_level": 0.95, "chi2_df": 3, "chi2_threshold": 7.814727903251179, "N_raw": 27, "N_roi": 27, "N_inlier": 24, "refit": true}
{"timestamp": "15:10:29.455870", "frame": 71, "mu": [1.2342185272449686, 1.0946930924426643, 1.4029308046115392], "Sigma": [[0.002719046532104438, 0.0033112035827331963, -0.008632589659223915], [0.0033112035827331963, 0.006540878453807004, -0.011294995852899267], [-0.008632589659223915, -0.011294995852899267, 0.22352909935228235]], "chi2_level": 0.95, "chi2_df": 3, "chi2_threshold": 7.814727903251179, "N_raw": 12, "N_roi": 12, "N_inlier": 12, "refit": true}
{"timestamp": "15:10:29.508992", "frame": 72, "mu": [1.3029555464965463, 1.0754267087545122, 1.6107855921020309], "Sigma": [[0.000714290173672321, 0.00042146403649985167, 0.0021939474963026694], [0.0004214640364998517, 0.005067676413412634, 0.004692903251395829], [0.00219394749630267, 0.0046929032513958295, 0.06167998025756389]], "chi2_level": 0.95, "chi2_df": 3, "chi2_threshold": 7.814727903251179, "N_raw": 7, "N_roi": 7, "N_inlier": 7, "refit": true}
{"timestamp": "15:10:29.620950", "frame": 74, "mu": [1.4215182196487337, 0.9810286491962432, 1.5234648193564775], "Sigma": [[0.0026362548360582038, -0.0005771055098063054, 0.00090183194741928], [-0.0005771055098063054, 0.0024342414806260144, 0.00015390788130110962], [0.00090183194741928, 0.00015390788130110962, 0.00047848125742941427]], "chi2_level": 0.95, "chi2_df": 3, "chi2_threshold": 7.814727903251179, "N_raw": 16, "N_roi": 16, "N_inlier": 14, "refit": true}
{"timestamp": "15:10:29.676281", "frame": 75, "mu": [1.4708575690316477, 1.048674648642832, 1.5928103121828685], "Sigma": [[0.002362455595027538, -0.0004696507570051151, 0.0005528370909601683], [-0.0004696507570051151, 0.00589653615009347, 0.0009026763781856014], [0.0005528370909601683, 0.0009026763781856012, 0.0007139187851418625]], "chi2_level": 0.95, "chi2_df": 3, "chi2_threshold": 7.814727903251179, "N_raw": 21, "N_roi": 21, "N_inlier": 19, "refit": true}
{"timestamp": "15:10:29.730446", "frame": 76, "mu": [1.5140037922939615, 0.9883915557072878, 1.467985120457753], "Sigma": [[0.004355034055869698, -0.001564347522188612, 0.009650553035197063], [-0.001564347522188612, 0.0060446767697422315, -0.013437158723228168], [0.009650553035197063, -0.01343715872322817, 0.05006257482172394]], "chi2_level": 0.95, "chi2_df": 3, "chi2_threshold": 7.814727903251179, "N_raw": 11, "N_roi": 11, "N_inlier": 10, "refit": true}
{"timestamp": "15:10:29.842084", "frame": 78, "mu": [1.61292320360328, 1.0875372188128793, 1.197164605507658], "Sigma": [[0.00879140702513747, -0.012121836177949067, 0.03485683454574259], [-0.012121836177949067, 0.029347522789651213, -0.06276936894438587], [0.03485683454574259, -0.06276936894438587, 0.16137595374468403]], "chi2_level": 0.95, "chi2_df": 3, "chi2_threshold": 7.814727903251179, "N_raw": 8, "N_roi": 8, "N_inlier": 8, "refit": true}
{"timestamp": "15:10:29.895085", "frame": 79, "mu": [1.7122062692180307, 1.0451106610203826, -0.27671235893028207], "Sigma": [[0.00341575757327562, -0.0010565896297726966, -0.00107631899444733], [-0.0010565896297726966, 0.003667969508112116, 2.026460128367317e-05], [-0.0010763189944473302, 2.026460128367317e-05, 0.0007062656854031806]], "chi2_level": 0.95, "chi2_df": 3, "chi2_threshold": 7.814727903251179, "N_raw": 13, "N_roi": 13, "N_inlier": 11, "refit": true}
{"timestamp": "15:10:29.951193", "frame": 80, "mu": [1.7741480925479909, 1.0794479238943138, 1.1516052293295835], "Sigma": [[0.001838378567237764, 0.00015552561251801797, 0.0020688195661860815], [0.00015552561251801753, 0.05937369571919661, -0.10534924374470213], [0.0020688195661860815, -0.10534924374470213, 0.19036000845928544]], "chi2_level": 0.95, "chi2_df": 3, "chi2_threshold": 7.814727903251179, "N_raw": 8, "N_roi": 8, "N_inlier": 7, "refit": true}
{"timestamp": "15:10:30.006508", "frame": 81, "mu": [1.8404712760234534, 0.8975210178227703, 1.4822935848931826], "Sigma": [[0.0023663670761010784, -0.0008414663808682989, 0.0006131178638531124], [-0.0008414663808682988, 0.005174934049007373, -0.0011458503607976755], [0.0006131178638531124, -0.0011458503607976755, 0.0006545013863629029]], "chi2_level": 0.95, "chi2_df": 3, "chi2_threshold": 7.814727903251179, "N_raw": 17, "N_roi": 17, "N_inlier": 14, "refit": true}
{"timestamp": "15:10:30.114824", "frame": 83, "mu": [1.9169826175291353, 1.0987806371353597, -0.30097707866357265], "Sigma": [[0.0007675695482146375, 0.0026271168970170193, -0.0017187695050809608], [0.0026271168970170193, 0.016661443959468364, -0.010423151613896354], [-0.0017187695050809608, -0.010423151613896354, 0.006765748151116534]], "chi2_level": 0.95, "chi2_df": 3, "chi2_threshold": 7.814727903251179, "N_raw": 7, "N_roi": 7, "N_inlier": 7, "refit": true}
