{"timestamp": "15:49:56.594539", "frame": 40, "mu": [-2.3742769772158687, 0.9473090349353346, 0.8158215724853667], "Sigma": [[0.0035817245676464902, 0.006405498028047437, 0.0010652550071728805], [0.006405498028047437, 0.011535493061451425, 0.0015723093856377503], [0.0010652550071728805, 0.0015723093856377503, 0.0024473999671695778]], "chi2_level": 0.95, "chi2_df": 3, "chi2_threshold": 7.814727903251179, "N_raw": 10, "N_roi": 10, "N_inlier": 10, "refit": true}
{"timestamp": "15:49:56.707082", "frame": 42, "mu": [-2.3808975689664678, 1.0043349911718964, 1.0592373300623619], "Sigma": [[0.005522268300923197, 0.007116687276517508, -0.0041451043262312436], [0.007116687276517508, 0.00986521738909806, -0.005843607679575455], [-0.0041451043262312436, -0.005843607679575455, 0.013402165415664228]], "chi2_level": 0.95, "chi2_df": 3, "chi2_threshold": 7.814727903251179, "N_raw": 25, "N_roi": 23, "N_inlier": 21, "refit": true}
{"timestamp": "15:49:56.872394", "frame": 45, "mu": [-2.306881629165812, 0.917800942545922, 1.0586840575872603], "Sigma": [[0.006217795900793597, 0.009310062820365117, -0.005473706496658033], [0.009310062820365117, 0.01964849739583006, -0.010989813384035289], [-0.0054737064966580325, -0.010989813384035289, 0.007477441887824143]], "chi2_level": 0.95, "chi2_df": 3, "chi2_threshold": 7.814727903251179, "N_raw": 23, "N_roi": 22, "N_inlier": 21, "refit": true}
{"timestamp": "15:49:56.927182", "frame": 46, "mu": [-2.2968948180955966, 1.2105159159898842, -0.6576943482550982], "Sigma": [[0.00631659297819201, 0.006483590394135945, -0.0022203007655564196], [0.006483590394135945, 0.01311201270330936, -0.0043516203094582364], [-0.0022203007655564196, -0.0043516203094582364, 0.002449142829274832]], "chi2_level": 0.95, "chi2_df": 3, "chi2_threshold": 7.814727903251179, "N_raw": 25, "N_roi": 25, "N_inlier": 25, "refit": true}
{"timestamp": "15:49:56.981322", "frame": 47, "mu": [-2.2684475220925493, 1.1010831918340207, -0.8428941001033772], "Sigma": [[0.004601515281747506, 0.005755457881414296, -0.0025294990521402697], [0.005755457881414296, 0.017971539954569873, -0.0025244000597884723], [-0.0025294990521402697, -0.0025244000597884723, 0.0020334784578617845]], "chi2_level": 0.95, "chi2_df": 3, "chi2_threshold": 7.814727903251179, "N_raw": 22, "N_roi": 22, "N_inlier": 22, "refit": true}
{"timestamp": "15:49:57.146332", "frame": 50, "mu": [-2.308012810025383, 1.07544856338302, 1.1455304700517124], "Sigma": [[0.006537601240335621, 0.008127663746802991, -0.004991765195833371], [0.00812766374680299, 0.01680528988019188, -0.007166253324344449], [-0.004991765195833371, -0.007166253324344449, 0.004406852953107488]], "chi2_level": 0.95, "chi2_df": 3, "chi2_threshold": 7.814727903251179, "N_raw": 24, "N_roi": 23, "N_inlier": 23, "refit": true}
{"timestamp": "15:49:57.584599", "frame": 58, "mu": [-2.206578623482759, 1.3720613121524319, -0.9197389377978453], "Sigma": [[0.003105625906243549, 0.0036176141915367182, 0.00025059354498294247], [0.003617614191536718, 0.0065321360893811934, -0.00014979110624683712], [0.00025059354498294247, -0.0001497911062468371, 0.00010585692831104488]], "chi2_level": 0.95, "chi2_df": 3, "chi2_threshold": 7.814727903251179, "N_raw": 10, "N_roi": 10, "N_inlier": 10, "refit": true}
{"timestamp": "15:49:57.858933", "frame": 63, "mu": [-2.0256414805841283, 1.499289604492883, 1.3422884173802792], "Sigma": [[0.03319825461023254, 0.021181172002781565, -0.09844772375574214], [0.021181172002781565, 0.014475043128234574, -0.05906347418168527], [-0.09844772375574214, -0.059063474181685276, 0.30688275659107195]], "chi2_level": 0.95, "chi2_df": 3, "chi2_threshold": 7.814727903251179, "N_raw": 8, "N_roi": 8, "N_inlier": 8, "refit": true}
{"timestamp": "15:49:57.915173", "frame": 64, "mu": [-2.0989649501154233, 1.4525625702359144, 1.3549167309082244], "Sigma": [[0.02346517267250167, 0.01772221246929718, -0.05832707300108941], [0.01772221246929718, 0.014695593618152763, -0.04333090771312824], [-0.05832707300108941, -0.04333090771312824, 0.16671586669374805]], "chi2_level": 0.95, "chi2_df": 3, "chi2_threshold": 7.814727903251179, "N_raw": 17, "N_roi": 17, "N_inlier": 16, "refit": true}
{"timestamp": "15:49:57.978379", "frame": 65, "mu": [-2.0785329874862106, 1.4664385703222487, 1.4307526236159858], "Sigma": [[0.017060303126006378, 0.011786263116599423, -0.010778142744369347], [0.011786263116599423, 0.01672842365872109, -0.011842894591658614], [-0.010778142744369347, -0.011842894591658612, 0.010464353340086578]], "chi2_level": 0.95, "chi2_df": 3, "chi2_threshold": 7.814727903251179, "N_raw": 67, "N_roi": 67, "N_inlier": 65, "refit": true}
{"timestamp": "15:49:58.086402", "frame": 67, "mu": [-1.9957933485242938, 1.5282282706668326, 1.4472467247550391], "Sigma": [[0.012708921597372243, 0.009891741107431549, -0.009182510086364244], [0.009891741107431549, 0.012825418511698565, -0.011207700545866141], [-0.009182510086364244, -0.011207700545866143, 0.012735617962158937]], "chi2_level": 0.95, "chi2_df": 3, "chi2_threshold": 7.814727903251179, "N_raw": 55, "N_roi": 53, "N_inlier": 50, "refit": true}
{"timestamp": "15:49:58.141043", "frame": 68, "mu": [-2.0363590805958793, 1.554257592610719, 1.6579457630737213], "Sigma": [[0.008423357523264495, 0.007081069632816269, -0.006623864468868377], [0.007081069632816269, 0.010359196090780643, -0.009569922185143617], [-0.0066238644688683766, -0.009569922185143617, 0.010024049818811486]], "chi2_level": 0.95, "chi2_df": 3, "chi2_threshold": 7.814727903251179, "N_raw": 39, "N_roi": 39, "N_inlier": 35, "refit": true}
{"timestamp": "15:49:58.191707", "frame": 69, "mu": [-1.9807555010460105, 1.5513189679289272, 1.4498666964528446], "Sigma": [[0.0115796701649494, 0.008814925068372451, -0.011197236161140729], [0.008814925068372451, 0.00832658724345522, -0.013295917423627427], [-0.011197236161140729, -0.013295917423627427, 0.03911504652571033]], "chi2_level": 0.95, "chi2_df": 3, "chi2_threshold": 7.814727903251179, "N_raw": 25, "N_roi": 25, "N_inlier": 23, "refit": true}
{"timestamp": "15:49:58.411018", "frame": 73, "mu": [-1.7731702822197541, 1.8809251342396136, 0.10084804564469849], "Sigma": [[0.01181238236599664, 0.01157000114895609, -0.004056285305512795], [0.01157000114895609, 0.012618866773919477, -0.005522274823551511], [-0.004056285305512795, -0.005522274823551511, 0.003725533590176952]], "chi2_level": 0.95, "chi2_df": 3, "chi2_threshold": 7.814727903251179, "N_raw": 18, "N_roi": 18, "N_inlier": 15, "refit": true}
{"timestamp": "15:49:58.470954", "frame": 74, "mu": [-1.6605128277817451, 1.9239671895164494, 1.3727801261176176], "Sigma": [[0.009630585795280278, 0.004708311420779959, -0.0022241522167701887], [0.004708311420779959, 0.0039704707212848064, -0.0064539969833877124], [-0.0022241522167701887, -0.0064539969833877124, 0.02343256872497664]], "chi2_level": 0.95, "chi2_df": 3, "chi2_threshold": 7.814727903251179, "N_raw": 51, "N_roi": 51, "N_inlier": 48, "refit": true}
{"timestamp": "15:49:58.523550", "frame": 75, "mu": [-1.774929469591015, 1.8164784395852087, 1.131252988859237], "Sigma": [[0.06688174614333951, 0.043551280126269507, -0.15362816380885574], [0.043551280126269507, 0.03877648505175039, -0.06285049764371194], [-0.15362816380885574, -0.06285049764371194, 0.6627521203590222]], "chi2_level": 0.95, "chi2_df": 3, "chi2_threshold": 7.814727903251179, "N_raw": 14, "N_roi": 14, "N_inlier": 13, "refit": true}
{"timestamp": "15:49:58.582182", "frame": 76, "mu": [-1.6105894759233337, 1.9632933493268043, 1.4658201337618904], "Sigma": [[0.00971467965876487, 0.005284060721790866, -0.0031321579812167645], [0.005284060721790867, 0.00503875437096474, -0.0067300068334426345], [-0.0031321579812167645, -0.006730006833442635, 0.015250759549602604]], "chi2_level": 0.95, "chi2_df": 3, "chi2_threshold": 7.814727903251179, "N_raw": 47, "N_roi": 47, "N_inlier": 43, "refit": true}
{"timestamp": "15:49:58.640900", "frame": 77, "mu": [-1.597149425154625, 2.024752948413428, 1.4819812207192649], "Sigma": [[0.010580295499248672, 0.004733439365403148, -0.005993382352879249], [0.004733439365403148, 0.006187399147140148, -0.009948912510463573], [-0.0059933823528792495, -0.009948912510463573, 0.04004855202411262]], "chi2_level": 0.95, "chi2_df": 3, "chi2_threshold": 7.814727903251179, "N_raw": 68, "N_roi": 68, "N_inlier": 63, "refit": true}
{"timestamp": "15:49:58.693622", "frame": 78, "mu": [-1.5788912532657973, 2.0493333168791925, -0.3785313511606503], "Sigma": [[0.009789392837857718, 0.0042656176076003955, -0.0003751538650028465], [0.004265617607600396, 0.007942051946971559, 4.5509434893958953e-05], [-0.0003751538650028465, 4.5509434893958953e-05, 0.02304397983622072]], "chi2_level": 0.95, "chi2_df": 3, "chi2_threshold": 7.814727903251179, "N_raw": 53, "N_roi": 53, "N_inlier": 50, "refit": true}
{"timestamp": "15:49:58.746815", "frame": 79, "mu": [-1.5267417666839675, 2.15615438494715, 0.1815369185003868], "Sigma": [[0.008599878767664632, 0.005535256541795866, -0.003811907909143903], [0.005535256541795864, 0.00810373210722607, -0.005068485215255491], [-0.003811907909143903, -0.005068485215255491, 0.0037611267691084614]], "chi2_level": 0.95, "chi2_df": 3, "chi2_threshold": 7.814727903251179, "N_raw": 38, "N_roi": 38, "N_inlier": 37, "refit": true}
{"timestamp": "15:49:58.799228", "frame": 80, "mu": [-1.5206883002676648, 2.082734378757191, 1.616236022889458], "Sigma": [[0.007793725360057132, 0.0031913244417592634, -0.006358243920647884], [0.0031913244417592634, 0.004414523981504153, -0.0016220270548986877], [-0.006358243920647884, -0.0016220270548986879, 0.005982628605432511]], "chi2_level": 0.95, "chi2_df": 3, "chi2_threshold": 7.814727903251179, "N_raw": 30, "N_roi": 30, "N_inlier": 28, "refit": true}
{"timestamp": "15:49:58.858015", "frame": 81, "mu": [-1.473980463013817, 2.1606592676069103, 1.458027719030275], "Sigma": [[0.010381383197525716, 0.0045307692619580685, -0.010700217352627673], [0.0045307692619580685, 0.004450505875908878, -0.009997012686522502], [-0.010700217352627673, -0.009997012686522502, 0.04081306247747147]], "chi2_level": 0.95, "chi2_df": 3, "chi2_threshold": 7.814727903251179, "N_raw": 55, "N_roi": 55, "N_inlier": 53, "refit": true}
{"timestamp": "15:49:58.908279", "frame": 82, "mu": [-1.3074987616409943, 2.157666331832468, 0.6407292344072665], "Sigma": [[0.004259701633002116, -0.0036268047831694615, -0.022666940807330338], [-0.0036268047831694615, 0.007610217381330322, 0.04106721975271495], [-0.022666940807330338, 0.04106721975271496, 0.2775538884459784]], "chi2_level": 0.95, "chi2_df": 3, "chi2_threshold": 7.814727903251179, "N_raw": 15, "N_roi": 15, "N_inlier": 14, "refit": true}
{"timestamp": "15:49:58.967835", "frame": 83, "mu": [-1.4194189512993582, 2.245328311389912, 1.3673802362654306], "Sigma": [[0.012277718696231243, 0.0029084305115624756, -0.025711118803993415], [0.0029084305115624756, 0.004521780988724614, 0.0036993634057283014], [-0.025711118803993415, 0.0036993634057283014, 0.18219270501439513]], "chi2_level": 0.95, "chi2_df": 3, "chi2_threshold": 7.814727903251179, "N_raw": 56, "N_roi": 54, "N_inlier": 53, "refit": true}
{"timestamp": "15:49:59.020512", "frame": 84, "mu": [-1.3932424152930425, 2.246299508917904, 1.4387294080079815], "Sigma": [[0.0065964978034036776, 0.0018612661936059482, -0.01603434686308857], [0.001861266193605948, 0.003349349740893582, 0.006348519699703484], [-0.016034346863088574, 0.006348519699703484, 0.2044152374665478]], "chi2_level": 0.95, "chi2_df": 3, "chi2_threshold": 7.814727903251179, "N_raw": 30, "N_roi": 30, "N_inlier": 28, "refit": true}
{"timestamp": "15:49:59.073907", "frame": 85, "mu": [-1.357058351688123, 2.2788638526694664, 1.2781851157547144], "Sigma": [[0.0019488257149005896, 0.00015609335661494964, -0.004637477296889476], [0.00015609335661494964, 0.01089123202929759, 0.04931813070624669], [-0.004637477296889476, 0.04931813070624669, 0.36189288832985184]], "chi2_level": 0.95, "chi2_df": 3, "chi2_threshold": 7.814727903251179, "N_raw": 18, "N_roi": 18, "N_inlier": 16, "refit": true}
{"timestamp": "15:49:59.130429", "frame": 86, "mu": [-1.3076072984226663, 2.3018283365920746, 1.5399929073439687], "Sigma": [[0.009470122403921916, 0.0029877811417135525, -0.00905717126337132], [0.0029877811417135533, 0.003337731342228414, -0.003323305741825002], [-0.00905717126337132, -0.003323305741825002, 0.014688543715815785]], "chi2_level": 0.95, "chi2_df": 3, "chi2_threshold": 7.814727903251179, "N_raw": 32, "N_roi": 32, "N_inlier": 28, "refit": true}
{"timestamp": "15:49:59.188440", "frame": 87, "mu": [-1.2664576235010632, 2.373899141437421, 1.2518442289952678], "Sigma": [[0.010002181386282824, 0.0027787918164788048, -0.006047880164657252], [0.0027787918164788048, 0.0012589412062806516, -0.00378754211574298], [-0.006047880164657253, -0.0037875421157429795, 0.05662012451247659]], "chi2_level": 0.95, "chi2_df": 3, "chi2_threshold": 7.814727903251179, "N_raw": 55, "N_roi": 53, "N_inlier": 49, "refit": true}
{"timestamp": "15:49:59.238432", "frame": 88, "mu": [-1.1843820997956565, 2.3531434613226185, 0.8723678484857087], "Sigma": [[0.0047095828464085035, 0.0015036581420501964, -0.020010659165312507], [0.0015036581420501964, 0.002501080617902291, -0.0026436599470549306], [-0.020010659165312507, -0.0026436599470549306, 0.25328938708237453]], "chi2_level": 0.95, "chi2_df": 3, "chi2_threshold": 7.814727903251179, "N_raw": 14, "N_roi": 13, "N_inlier": 13, "refit": true}
{"timestamp": "15:49:59.350959", "frame": 90, "mu": [-1.1872412306510163, 2.424630903064231, 1.1338136544525215], "Sigma": [[0.007819042368529348, 0.002453507377462803, -0.00164044948432442], [0.002453507377462803, 0.0011049404889863633, -0.0022752951507103215], [-0.0016404494843244193, -0.0022752951507103215, 0.017939700593603697]], "chi2_level": 0.95, "chi2_df": 3, "chi2_threshold": 7.814727903251179, "N_raw": 37, "N_roi": 37, "N_inlier": 33, "refit": true}
{"timestamp": "15:49:59.407165", "frame": 91, "mu": [-1.1079574493520377, 2.507087200879748, 1.2089849653686477], "Sigma": [[0.011450584113547414, 0.0003977818868289225, -0.017690940228190455], [0.0003977818868289225, 0.0006143043536395977, -0.0023058645016912054], [-0.017690940228190455, -0.0023058645016912054, 0.1168594246367495]], "chi2_level": 0.95, "chi2_df": 3, "chi2_threshold": 7.814727903251179, "N_raw": 44, "N_roi": 44, "N_inlier": 42, "refit": true}
{"timestamp": "15:49:59.518302", "frame": 93, "mu": [-1.1969499602310267, 2.503407166764173, 0.46622431395702085], "Sigma": [[0.015392396225279069, 0.0031058314915685965, 0.016290704378883802], [0.0031058314915685965, 0.001435872646016708, 0.008593533584134859], [0.016290704378883802, 0.008593533584134859, 0.16221878514094806]], "chi2_level": 0.95, "chi2_df": 3, "chi2_threshold": 7.814727903251179, "N_raw": 49, "N_roi": 49, "N_inlier": 45, "refit": true}
{"timestamp": "15:49:59.572903", "frame": 94, "mu": [-1.1242152992713423, 2.554803350718354, 0.33771619086630145], "Sigma": [[0.014677341530467531, 0.0036141857013203636, 0.0019826509260833956], [0.0036141857013203636, 0.0018841850465827327, -0.0011711777004808248], [0.0019826509260833956, -0.0011711777004808248, 0.017404138737306923]], "chi2_level": 0.95, "chi2_df": 3, "chi2_threshold": 7.814727903251179, "N_raw": 37, "N_roi": 34, "N_inlier": 31, "refit": true}
{"timestamp": "15:49:59.632862", "frame": 95, "mu": [-0.9854704823252253, 2.6327862582189483, 1.084368103213817], "Sigma": [[0.014917227405177211, 0.0021697158737515173, 0.012932530449506185], [0.0021697158737515173, 0.0033562703465788053, -0.0013906911461078043], [0.012932530449506185, -0.001390691146107804, 0.2502750011708804]], "chi2_level": 0.95, "chi2_df": 3, "chi2_threshold": 7.814727903251179, "N_raw": 81, "N_roi": 80, "N_inlier": 80, "refit": true}
{"timestamp": "15:49:59.690841", "frame": 96, "mu": [-0.917549167656326, 2.7810822841431615, -0.11352653803876551], "Sigma": [[0.017402994492793984, -0.012688551360822673, 0.06741846853582673], [-0.012688551360822673, 0.022724075221534218, -0.08482740017199863], [0.06741846853582673, -0.08482740017199863, 0.44510592010884836]], "chi2_level": 0.95, "chi2_df": 3, "chi2_threshold": 7.814727903251179, "N_raw": 90, "N_roi": 88, "N_inlier": 86, "refit": true}
{"timestamp": "15:49:59.739134", "frame": 97, "mu": [-0.8636345484048046, 2.645028728272808, 1.235384840385617], "Sigma": [[0.012058762810420834, -0.004796378173466801, -0.010760876910905489], [-0.004796378173466801, 0.006729526457928865, -0.003307778114863524], [-0.010760876910905486, -0.0033077781148635244, 0.027865899875488803]], "chi2_level": 0.95, "chi2_df": 3, "chi2_threshold": 7.814727903251179, "N_raw": 49, "N_roi": 49, "N_inlier": 45, "refit": true}
{"timestamp": "15:49:59.792538", "frame": 98, "mu": [-0.8367636046032131, 2.7015111088333823, 1.1228561129077703], "Sigma": [[0.011728475753715531, 0.001221882765398722, -0.0039535945020977604], [0.001221882765398722, 0.0007555856662734094, -0.00250996629654456], [-0.003953594502097761, -0.00250996629654456, 0.016055743544425093]], "chi2_level": 0.95, "chi2_df": 3, "chi2_threshold": 7.814727903251179, "N_raw": 46, "N_roi": 46, "N_inlier": 41, "refit": true}
{"timestamp": "15:49:59.855132", "frame": 99, "mu": [-0.7986957356128415, 2.692104095772417, 1.239247398276885], "Sigma": [[0.01296707036285055, -0.0006792940981793234, -0.008085449947781822], [-0.0006792940981793234, 0.0028203123550363087, -0.006378962999579322], [-0.008085449947781822, -0.006378962999579322, 0.027435504600286188]], "chi2_level": 0.95, "chi2_df": 3, "chi2_threshold": 7.814727903251179, "N_raw": 71, "N_roi": 71, "N_inlier": 68, "refit": true}
{"timestamp": "15:49:59.954620", "frame": 100, "mu": [-0.7373686761504608, 2.7609456614171197, 1.2945562844673], "Sigma": [[0.01055880523738261, -0.001936648538462008, -0.01591873344259745], [-0.001936648538462008, 0.0026139404601248917, -0.0014159175432111155], [-0.01591873344259745, -0.0014159175432111155, 0.060454976395138665]], "chi2_level": 0.95, "chi2_df": 3, "chi2_threshold": 7.814727903251179, "N_raw": 64, "N_roi": 64, "N_inlier": 60, "refit": true}
{"timestamp": "15:49:59.975069", "frame": 101, "mu": [-0.7412460597160799, 2.7845597504036887, 1.358714051559104], "Sigma": [[0.010974738239042782, 0.0009212023557856901, -0.0029436661764107976], [0.0009212023557856901, 0.0035843601713251537, -0.00460762428106937], [-0.002943666176410798, -0.00460762428106937, 0.0329197164596894]], "chi2_level": 0.95, "chi2_df": 3, "chi2_threshold": 7.814727903251179, "N_raw": 65, "N_roi": 65, "N_inlier": 62, "refit": true}
{"timestamp": "15:50:00.016899", "frame": 102, "mu": [-0.7328237821897334, 2.8289873116285515, 1.3617975029507725], "Sigma": [[0.012450772940446445, -0.0005392329591183206, -0.010822552637935889], [-0.0005392329591183202, 0.006471429174322455, -0.003924231790473378], [-0.010822552637935889, -0.003924231790473378, 0.018093261316635675]], "chi2_level": 0.95, "chi2_df": 3, "chi2_threshold": 7.814727903251179, "N_raw": 75, "N_roi": 75, "N_inlier": 71, "refit": true}
{"timestamp": "15:50:00.073739", "frame": 103, "mu": [-0.7119548117571372, 2.8681255198381432, 1.3265398274565978], "Sigma": [[0.014652793696745658, -0.00016776787387245848, -0.007902777152414301], [-0.0001677678738724587, 0.008713809148545327, 0.01321943438073473], [-0.007902777152414301, 0.01321943438073473, 0.12084951325181831]], "chi2_level": 0.95, "chi2_df": 3, "chi2_threshold": 7.814727903251179, "N_raw": 83, "N_roi": 81, "N_inlier": 77, "refit": true}
{"timestamp": "15:50:00.130861", "frame": 104, "mu": [-0.6920464548465229, 3.0120188426641907, -0.09702243003034572], "Sigma": [[0.0126659871013138, -0.0020338615668739637, 0.0008992466042541502], [-0.0020338615668739632, 0.011372119952764817, -0.03653781035019195], [0.0008992466042541498, -0.03653781035019195, 0.22749422884016857]], "chi2_level": 0.95, "chi2_df": 3, "chi2_threshold": 7.814727903251179, "N_raw": 102, "N_roi": 101, "N_inlier": 96, "refit": true}
{"timestamp": "15:50:00.184082", "frame": 105, "mu": [-0.6728574115286811, 2.9700229472539, 1.2269309580906365], "Sigma": [[0.015393750107765256, -0.0049103675976983575, -0.0011491200124726733], [-0.0049103675976983575, 0.0065817630420924155, -0.011267784175078122], [-0.0011491200124726735, -0.011267784175078123, 0.06745461483792009]], "chi2_level": 0.95, "chi2_df": 3, "chi2_threshold": 7.814727903251179, "N_raw": 82, "N_roi": 82, "N_inlier": 75, "refit": true}
{"timestamp": "15:50:00.236045", "frame": 106, "mu": [-0.6203945876024191, 3.0401112352223234, 1.2633912238516696], "Sigma": [[0.015644077424571218, -0.0010459070067668115, -0.009233246823650867], [-0.0010459070067668115, 0.0028299522690256474, -0.0026861082590122296], [-0.009233246823650867, -0.0026861082590122296, 0.041758186656705956]], "chi2_level": 0.95, "chi2_df": 3, "chi2_threshold": 7.814727903251179, "N_raw": 66, "N_roi": 66, "N_inlier": 62, "refit": true}
{"timestamp": "15:50:00.297749", "frame": 107, "mu": [-0.5713014758844454, 3.0199979030570607, 0.9334686013157103], "Sigma": [[0.0155546382343927, 0.0013742850731765254, -0.0028081912980751356], [0.0013742850731765254, 0.0075121928875777405, 0.035979108210092266], [-0.0028081912980751373, 0.03597910821009226, 0.48099726546078503]], "chi2_level": 0.95, "chi2_df": 3, "chi2_threshold": 7.814727903251179, "N_raw": 116, "N_roi": 114, "N_inlier": 113, "refit": true}
{"timestamp": "15:50:00.350286", "frame": 108, "mu": [-0.5345533463985224, 3.06791086778298, 1.3573468067438075], "Sigma": [[0.017974582843984642, 0.00019961092460639017, -0.0008176709543307786], [0.00019961092460638995, 0.007109771627917516, 0.0020731159152657837], [-0.0008176709543307788, 0.0020731159152657837, 0.1248210911695455]], "chi2_level": 0.95, "chi2_df": 3, "chi2_threshold": 7.814727903251179, "N_raw": 93, "N_roi": 91, "N_inlier": 88, "refit": true}
{"timestamp": "15:50:00.399572", "frame": 109, "mu": [-0.5005572886213729, 3.1439221720714903, 1.4614441088746473], "Sigma": [[0.018492321502308298, -0.0006053315604667478, -0.015685401290398915], [-0.0006053315604667478, 0.0030476332686654927, 0.002996635594275334], [-0.015685401290398915, 0.0029966355942753343, 0.10024995018014743]], "chi2_level": 0.95, "chi2_df": 3, "chi2_threshold": 7.814727903251179, "N_raw": 57, "N_roi": 53, "N_inlier": 48, "refit": true}
{"timestamp": "15:50:00.456996", "frame": 110, "mu": [-0.4371060820318479, 3.1415070455082827, 1.4828972405930196], "Sigma": [[0.017484422850898268, 0.00031580058032625394, -0.012946425062513527], [0.00031580058032625394, 0.0065158038957639055, -0.004130591417263447], [-0.012946425062513527, -0.004130591417263448, 0.04058162142234033]], "chi2_level": 0.95, "chi2_df": 3, "chi2_threshold": 7.814727903251179, "N_raw": 74, "N_roi": 70, "N_inlier": 66, "refit": true}
{"timestamp": "15:50:00.511121", "frame": 111, "mu": [-0.44422656779305686, 3.1481124954475534, 1.4566266146915983], "Sigma": [[0.01708908417346607, -0.0010579359211982783, -0.010995331181290209], [-0.0010579359211982783, 0.006837557891539211, -0.0012235600862191332], [-0.010995331181290209, -0.0012235600862191332, 0.01012126832900179]], "chi2_level": 0.95, "chi2_df": 3, "chi2_threshold": 7.814727903251179, "N_raw": 70, "N_roi": 66, "N_inlier": 63, "refit": true}
{"timestamp": "15:50:00.563728", "frame": 112, "mu": [-0.410941359551223, 3.185821045872448, 1.2311587285459475], "Sigma": [[0.01884258469552225, -0.0014384327071522457, -0.013393385769725482], [-0.0014384327071522457, 0.002822494090095403, -0.002877727266061402], [-0.013393385769725482, -0.002877727266061402, 0.019315587145534566]], "chi2_level": 0.95, "chi2_df": 3, "chi2_threshold": 7.814727903251179, "N_raw": 56, "N_roi": 56, "N_inlier": 52, "refit": true}
{"timestamp": "15:50:00.611966", "frame": 113, "mu": [-0.32525312708497395, 3.280029472697084, 1.606678079775713], "Sigma": [[0.005104597482960194, 0.0005130034884674951, -0.004949369202690196], [0.0005130034884674951, 0.00160661839592009, -0.0021438930868952866], [-0.004949369202690196, -0.0021438930868952866, 0.008090424666493191]], "chi2_level": 0.95, "chi2_df": 3, "chi2_threshold": 7.814727903251179, "N_raw": 15, "N_roi": 15, "N_inlier": 15, "refit": true}
{"timestamp": "15:50:00.671228", "frame": 114, "mu": [-0.2680025828554543, 3.3135330536379413, 0.3258064362032771], "Sigma": [[0.01236814857994825, 0.001913033075307214, -0.009113211720175042], [0.001913033075307214, 0.004499775810688073, -0.007105837342267582], [-0.009113211720175042, -0.007105837342267583, 0.016864578631868084]], "chi2_level": 0.95, "chi2_df": 3, "chi2_threshold": 7.814727903251179, "N_raw": 37, "N_roi": 37, "N_inlier": 33, "refit": true}
{"timestamp": "15:50:00.728826", "frame": 115, "mu": [-0.27335114876895833, 3.291879413308054, 1.3871596353493656], "Sigma": [[0.01785022822882934, 0.0004552870046636932, -0.013760284840609295], [0.0004552870046636932, 0.0027612934012529403, -0.003326972645977796], [-0.013760284840609295, -0.003326972645977796, 0.01833025691364775]], "chi2_level": 0.95, "chi2_df": 3, "chi2_threshold": 7.814727903251179, "N_raw": 52, "N_roi": 52, "N_inlier": 46, "refit": true}
{"timestamp": "15:50:00.782049", "frame": 116, "mu": [-0.3860357240000954, 3.2330084883102854, 0.4003707792455515], "Sigma": [[0.0209241164146642, 0.001541037714974445, 0.01652652386022831], [0.001541037714974445, 0.0016291058608925186, 0.003520455089041061], [0.016526523860228313, 0.0035204550890410606, 0.06627954678408499]], "chi2_level": 0.95, "chi2_df": 3, "chi2_threshold": 7.814727903251179, "N_raw": 48, "N_roi": 48, "N_inlier": 45, "refit": true}
{"timestamp": "15:50:00.839399", "frame": 117, "mu": [-0.2692511943174906, 3.332207390657687, -0.8391113014425696], "Sigma": [[0.027545459557442732, 0.005737270420512516, 0.06110382510076185], [0.005737270420512516, 0.004195283919401253, 0.024729201059714948], [0.06110382510076185, 0.024729201059714948, 0.3010053906886737]], "chi2_level": 0.95, "chi2_df": 3, "chi2_threshold": 7.814727903251179, "N_raw": 63, "N_roi": 63, "N_inlier": 62, "refit": true}
{"timestamp": "15:50:00.898106", "frame": 118, "mu": [-0.19692381627794636, 3.404635846849967, 1.1882468208529902], "Sigma": [[0.027268494727736334, -0.008384341228526302, 0.005987449668132562], [-0.008384341228526302, 0.007584195703280742, -0.01379350217027924], [0.005987449668132562, -0.01379350217027924, 0.034915633995081546]], "chi2_level": 0.95, "chi2_df": 3, "chi2_threshold": 7.814727903251179, "N_raw": 82, "N_roi": 82, "N_inlier": 81, "refit": true}
{"timestamp": "15:50:00.951835", "frame": 119, "mu": [-0.1458568364394611, 3.432676170666004, 1.3210285691631753], "Sigma": [[0.018841780057068144, -0.0010589577422602991, 0.01302848787649507], [-0.0010589577422602991, 0.0037655861453786566, -0.00839157467584419], [0.01302848787649507, -0.00839157467584419, 0.24117436717172339]], "chi2_level": 0.95, "chi2_df": 3, "chi2_threshold": 7.814727903251179, "N_raw": 73, "N_roi": 73, "N_inlier": 71, "refit": true}
{"timestamp": "15:50:00.998425", "frame": 120, "mu": [-0.09133307579826797, 3.4909191384263454, 0.9158310865395726], "Sigma": [[0.007284830852130095, -0.0034439191424893477, -0.0027080188193732996], [-0.0034439191424893477, 0.005705900841955625, -0.018401897328039006], [-0.0027080188193733005, -0.018401897328039006, 0.39061277717887416]], "chi2_level": 0.95, "chi2_df": 3, "chi2_threshold": 7.814727903251179, "N_raw": 12, "N_roi": 12, "N_inlier": 12, "refit": true}
{"timestamp": "15:50:01.058625", "frame": 121, "mu": [-0.05843331636005904, 3.468780075233577, 0.46106927858125224], "Sigma": [[0.016235207017803465, 0.002121144792154092, -0.01229472923759073], [0.0021211447921540925, 0.005817628545819726, -0.0034226635622712875], [-0.01229472923759073, -0.0034226635622712875, 0.013123435116200012]], "chi2_level": 0.95, "chi2_df": 3, "chi2_threshold": 7.814727903251179, "N_raw": 55, "N_roi": 55, "N_inlier": 50, "refit": true}
{"timestamp": "15:50:01.109576", "frame": 122, "mu": [-0.03103321035476619, 3.5271260873824253, 1.505163637464011], "Sigma": [[0.009883803438801643, -0.0011798298095531724, 0.0012934825256468716], [-0.0011798298095531724, 0.0026559814144878416, -0.001804663160929875], [0.001293482525646871, -0.0018046631609298757, 0.04399289465064423]], "chi2_level": 0.95, "chi2_df": 3, "chi2_threshold": 7.814727903251179, "N_raw": 26, "N_roi": 25, "N_inlier": 22, "refit": true}
{"timestamp": "15:50:01.170276", "frame": 123, "mu": [-0.006847548478888929, 3.469170827056073, 1.3399107613259615], "Sigma": [[0.018757282836749604, -0.004345289408188922, 0.003599624516083502], [-0.004345289408188923, 0.0045843465399117095, -0.007278918044045172], [0.0035996245160835024, -0.007278918044045172, 0.020489998475838662]], "chi2_level": 0.95, "chi2_df": 3, "chi2_threshold": 7.814727903251179, "N_raw": 64, "N_roi": 64, "N_inlier": 62, "refit": true}
{"timestamp": "15:50:01.226681", "frame": 124, "mu": [0.008117382896378382, 3.5199896130813704, -0.4657305701211044], "Sigma": [[0.021321440666827306, -0.006821840919285048, 0.026588946837377624], [-0.006821840919285048, 0.008213993147794104, -0.007754047964994527], [0.026588946837377624, -0.007754047964994529, 0.09834538003398893]], "chi2_level": 0.95, "chi2_df": 3, "chi2_threshold": 7.814727903251179, "N_raw": 73, "N_roi": 73, "N_inlier": 69, "refit": true}
{"timestamp": "15:50:01.280725", "frame": 125, "mu": [0.0620996796655493, 3.5565552559642066, 1.4464100485642888], "Sigma": [[0.01745091924491759, -0.004043823439556138, -0.01334199123394642], [-0.004043823439556138, 0.004149745823728749, -0.00396440591059001], [-0.013341991233946422, -0.00396440591059001, 0.051866458813441894]], "chi2_level": 0.95, "chi2_df": 3, "chi2_threshold": 7.814727903251179, "N_raw": 64, "N_roi": 64, "N_inlier": 61, "refit": true}
{"timestamp": "15:50:01.334722", "frame": 126, "mu": [0.05841675421549347, 3.602019231627951, 1.5411189492965434], "Sigma": [[0.018055294111721347, -0.00451508549866378, -0.009635421229174733], [-0.00451508549866378, 0.0057658999324946445, 0.0019280055698249789], [-0.009635421229174733, 0.0019280055698249793, 0.007726490449920501]], "chi2_level": 0.95, "chi2_df": 3, "chi2_threshold": 7.814727903251179, "N_raw": 56, "N_roi": 56, "N_inlier": 51, "refit": true}
{"timestamp": "15:50:01.387191", "frame": 127, "mu": [0.0011448537580243403, 3.7139692427066144, 1.3901573182564844], "Sigma": [[0.011330482107132377, -0.0017404960647007905, -0.009041017603427359], [-0.0017404960647007905, 0.0033799628937276134, -0.0037747373590771398], [-0.009041017603427359, -0.0037747373590771398, 0.019743364518699368]], "chi2_level": 0.95, "chi2_df": 3, "chi2_threshold": 7.814727903251179, "N_raw": 43, "N_roi": 41, "N_inlier": 39, "refit": true}
{"timestamp": "15:50:01.445341", "frame": 128, "mu": [0.12771171388190491, 3.743865874167151, 0.27638426455403187], "Sigma": [[0.018376152043596557, -0.004610191745795833, 0.0028050983146170405], [-0.004610191745795833, 0.011952044060187907, -0.029468062248072767], [0.002805098314617042, -0.029468062248072767, 0.1026729391326939]], "chi2_level": 0.95, "chi2_df": 3, "chi2_threshold": 7.814727903251179, "N_raw": 69, "N_roi": 67, "N_inlier": 65, "refit": true}
{"timestamp": "15:50:01.584331", "frame": 129, "mu": [0.22092831832044926, 3.6986759858263554, 0.4119509257672498], "Sigma": [[0.01177147644265521, -0.0010143085493690518, -0.005688779642277295], [-0.0010143085493690518, 0.0032675946170477397, 0.0011444158650431115], [-0.005688779642277296, 0.0011444158650431115, 0.005018024280028464]], "chi2_level": 0.95, "chi2_df": 3, "chi2_threshold": 7.814727903251179, "N_raw": 34, "N_roi": 34, "N_inlier": 33, "refit": true}
{"timestamp": "15:50:01.599616", "frame": 130, "mu": [0.16461769687602498, 3.8110644524727837, 1.3624985402876058], "Sigma": [[0.018492072866993264, -0.005485979723521588, -0.015637974950815287], [-0.00548597972352159, 0.004543606033758311, 0.0008568660294931926], [-0.015637974950815287, 0.0008568660294931926, 0.025464220596560443]], "chi2_level": 0.95, "chi2_df": 3, "chi2_threshold": 7.814727903251179, "N_raw": 48, "N_roi": 48, "N_inlier": 46, "refit": true}
{"timestamp": "15:50:01.631374", "frame": 131, "mu": [0.15586111717370305, 3.7132779205914415, 0.8067344849399081], "Sigma": [[0.012326975638449417, -0.0006979637451753782, -0.0005186112385796864], [-0.0006979637451753782, 0.0037496562089187895, 0.02448444586338698], [-0.0005186112385796877, 0.02448444586338698, 0.18105946806118475]], "chi2_level": 0.95, "chi2_df": 3, "chi2_threshold": 7.814727903251179, "N_raw": 33, "N_roi": 33, "N_inlier": 31, "refit": true}
{"timestamp": "15:50:01.676287", "frame": 132, "mu": [0.29772083793379434, 3.8293821645828943, 1.1701858429038732], "Sigma": [[0.006149147673299403, -0.002242820890187349, 0.0003995030143791457], [-0.0022428208901873496, 0.0010923832071924042, -0.0017565633042822978], [0.0003995030143791457, -0.0017565633042822978, 0.018126560493268305]], "chi2_level": 0.95, "chi2_df": 3, "chi2_threshold": 7.814727903251179, "N_raw": 9, "N_roi": 9, "N_inlier": 9, "refit": true}
{"timestamp": "15:50:01.712408", "frame": 133, "mu": [0.31955560589485876, 3.8855081815720487, 0.36886694978413226], "Sigma": [[0.00416276458813442, -0.002263302468560996, 0.0034323074677968758], [-0.002263302468560996, 0.004838024353984842, -0.006654737614525647], [0.003432307467796875, -0.006654737614525647, 0.019586336254298863]], "chi2_level": 0.95, "chi2_df": 3, "chi2_threshold": 7.814727903251179, "N_raw": 12, "N_roi": 12, "N_inlier": 10, "refit": true}
{"timestamp": "15:50:01.769391", "frame": 134, "mu": [0.26649733697814526, 4.083665712416441, -0.055569592908458955], "Sigma": [[0.009698823592706097, -0.005759510708530017, 0.008969262396216779], [-0.005759510708530017, 0.014920836722394257, -0.025770453716223773], [0.00896926239621678, -0.02577045371622377, 0.04781434717186758]], "chi2_level": 0.95, "chi2_df": 3, "chi2_threshold": 7.814727903251179, "N_raw": 22, "N_roi": 22, "N_inlier": 21, "refit": true}
{"timestamp": "15:50:01.821802", "frame": 135, "mu": [0.3795938673273541, 3.8770147940983417, 0.9842031277921967], "Sigma": [[0.00748354360475533, -0.009391493015526341, 0.037319995098796424], [-0.009391493015526341, 0.013134861822101848, -0.04874278417238227], [0.037319995098796424, -0.04874278417238226, 0.21236566553911143]], "chi2_level": 0.95, "chi2_df": 3, "chi2_threshold": 7.814727903251179, "N_raw": 8, "N_roi": 8, "N_inlier": 8, "refit": true}
{"timestamp": "15:50:01.876799", "frame": 136, "mu": [0.39243775775561857, 3.956652647867259, 0.8255816434062369], "Sigma": [[0.0011268932017305378, 0.0009405962600534529, -0.012611856813569931], [0.0009405962600534529, 0.00528717081769844, -0.032616666087573874], [-0.012611856813569931, -0.032616666087573874, 0.4126282004788973]], "chi2_level": 0.95, "chi2_df": 3, "chi2_threshold": 7.814727903251179, "N_raw": 10, "N_roi": 10, "N_inlier": 10, "refit": true}
{"timestamp": "15:50:01.933897", "frame": 137, "mu": [0.5333453861728288, 4.250844526179124, -0.294157154661864], "Sigma": [[0.008805303199737864, 0.004436031242356687, -0.014665576211594632], [0.004436031242356687, 0.008382100140034715, -0.019696952162415335], [-0.014665576211594632, -0.019696952162415335, 0.054056523724274094]], "chi2_level": 0.95, "chi2_df": 3, "chi2_threshold": 7.814727903251179, "N_raw": 21, "N_roi": 21, "N_inlier": 19, "refit": true}
{"timestamp": "15:50:01.987860", "frame": 138, "mu": [0.4646098580234141, 4.0385632920517995, 0.23582046599997858], "Sigma": [[0.010318633906050088, -0.0003108721654431661, -0.010462019303734641], [-0.000310872165443166, 0.00196404816341426, -0.0008006769890049255], [-0.010462019303734641, -0.0008006769890049254, 0.013364447379426686]], "chi2_level": 0.95, "chi2_df": 3, "chi2_threshold": 7.814727903251179, "N_raw": 22, "N_roi": 22, "N_inlier": 20, "refit": true}
{"timestamp": "15:50:02.047460", "frame": 139, "mu": [0.38100947131392926, 3.9860274294980904, 0.4459125361304247], "Sigma": [[0.025889211541012015, -0.005357366687963759, -0.009486601107708553], [-0.005357366687963759, 0.0026606268549132558, 0.0001892687645048568], [-0.009486601107708551, 0.0001892687645048568, 0.011221830837721946]], "chi2_level": 0.95, "chi2_df": 3, "chi2_threshold": 7.814727903251179, "N_raw": 48, "N_roi": 46, "N_inlier": 42, "refit": true}
{"timestamp": "15:50:02.100843", "frame": 140, "mu": [0.48574010070005197, 4.088210098956897, 0.24658809219439162], "Sigma": [[0.013237887828944122, -0.0024570298021471216, 0.002626707363558718], [-0.0024570298021471216, 0.005555991529804107, -0.013471066303663383], [0.0026267073635587177, -0.013471066303663383, 0.07135576868296216]], "chi2_level": 0.95, "chi2_df": 3, "chi2_threshold": 7.814727903251179, "N_raw": 37, "N_roi": 35, "N_inlier": 33, "refit": true}
{"timestamp": "15:50:02.152313", "frame": 141, "mu": [0.5082944849719184, 4.209609323582331, -0.625580963520921], "Sigma": [[0.011278129598739412, 0.02205852399174205, 0.030614662708641424], [0.02205852399174205, 0.05655762173769824, 0.003193458850956031], [0.030614662708641417, 0.0031934588509560345, 0.5759700440202047]], "chi2_level": 0.95, "chi2_df": 3, "chi2_threshold": 7.814727903251179, "N_raw": 8, "N_roi": 8, "N_inlier": 7, "refit": true}
{"timestamp": "15:50:02.209506", "frame": 142, "mu": [0.3996229354090691, 4.283955236939554, -0.35984473056723904], "Sigma": [[0.013849555309487688, -0.0061375492479657165, 0.01767152194722929], [-0.006137549247965718, 0.01148033334567492, -0.03936566091675369], [0.017671521947229287, -0.03936566091675369, 0.17367131023786117]], "chi2_level": 0.95, "chi2_df": 3, "chi2_threshold": 7.814727903251179, "N_raw": 28, "N_roi": 25, "N_inlier": 24, "refit": true}
{"timestamp": "15:50:02.265206", "frame": 143, "mu": [0.6267121371386393, 4.10608058930908, 1.0881891150169862], "Sigma": [[0.017031190182674155, -0.005766953501774267, 0.005836638667840695], [-0.005766953501774268, 0.003246690857172911, -0.006719729992011527], [0.005836638667840695, -0.006719729992011527, 0.026360721750943054]], "chi2_level": 0.95, "chi2_df": 3, "chi2_threshold": 7.814727903251179, "N_raw": 40, "N_roi": 40, "N_inlier": 39, "refit": true}
{"timestamp": "15:50:02.320848", "frame": 144, "mu": [0.6494894658453827, 4.1525860894072055, 0.4455058450225453], "Sigma": [[0.013023322450204131, -0.0017872838174646556, -0.0030380056010835092], [-0.0017872838174646556, 0.00442787591538799, -0.005908823556938008], [-0.0030380056010835092, -0.005908823556938008, 0.011544824857696782]], "chi2_level": 0.95, "chi2_df": 3, "chi2_threshold": 7.814727903251179, "N_raw": 31, "N_roi": 31, "N_inlier": 29, "refit": true}
{"timestamp": "15:50:02.375735", "frame": 145, "mu": [0.6977597192649602, 4.240003808600361, 0.2544835661734989], "Sigma": [[0.010995914946265733, -0.0008218829431609011, -0.0073076894710490245], [-0.0008218829431609011, 0.0031514246600881446, -0.0008155341784686445], [-0.007307689471049024, -0.0008155341784686444, 0.00788940290558899]], "chi2_level": 0.95, "chi2_df": 3, "chi2_threshold": 7.814727903251179, "N_raw": 30, "N_roi": 28, "N_inlier": 26, "refit": true}
{"timestamp": "15:50:02.427484", "frame": 146, "mu": [0.8126890505328745, 4.373589625650483, 0.009309853224857445], "Sigma": [[0.0017172129292272777, 0.005089545194485494, -0.014942411835821408], [0.005089545194485494, 0.03430948701435243, -0.0751952239509943], [-0.014942411835821408, -0.07519522395099429, 0.19595313662702232]], "chi2_level": 0.95, "chi2_df": 3, "chi2_threshold": 7.814727903251179, "N_raw": 11, "N_roi": 8, "N_inlier": 8, "refit": true}
{"timestamp": "15:50:02.484138", "frame": 147, "mu": [0.8285457235019626, 4.166519366501923, 1.1604000833189665], "Sigma": [[0.01275899927671599, -0.0027008345457922426, -0.0049680514651189], [-0.002700834545792243, 0.001592661066344607, -0.0003956655537864345], [-0.0049680514651189, -0.0003956655537864345, 0.0076989317581811515]], "chi2_level": 0.95, "chi2_df": 3, "chi2_threshold": 7.814727903251179, "N_raw": 26, "N_roi": 22, "N_inlier": 21, "refit": true}
