{"timestamp": "15:20:30.773617", "frame": 1, "mu": [1.6358741817212088, 1.0760825994312146, 1.3459475509159446], "Sigma": [[0.00489454870052644, -0.00272673302820035, -0.0022514858202812996], [-0.00272673302820035, 0.007482703492989514, -0.0025102938115663673], [-0.0022514858202812996, -0.0025102938115663673, 0.004304141576893055]], "chi2_level": 0.95, "chi2_df": 3, "chi2_threshold": 7.814727903251179, "N_raw": 37, "N_roi": 37, "N_inlier": 36, "refit": true}
{"timestamp": "15:20:30.828129", "frame": 2, "mu": [1.6380501661386766, 1.2433291357360756, -0.3351453087835918], "Sigma": [[0.004378445093090904, -0.00274677221324026, -0.0003966832134820664], [-0.00274677221324026, 0.010050225231629928, 0.0021077454226601194], [-0.0003966832134820665, 0.002107745422660119, 0.0011260831728375843]], "chi2_level": 0.95, "chi2_df": 3, "chi2_threshold": 7.814727903251179, "N_raw": 34, "N_roi": 34, "N_inlier": 30, "refit": true}
{"timestamp": "15:20:30.884040", "frame": 3, "mu": [1.6762428703830914, 1.0461336623924014, 1.3292195542195404], "Sigma": [[0.006852048190821225, -0.0027206465634168086, -0.0014112922002726467], [-0.0027206465634168086, 0.008413564291135501, -0.0024057237464395363], [-0.0014112922002726467, -0.0024057237464395363, 0.0032078585458378706]], "chi2_level": 0.95, "chi2_df": 3, "chi2_threshold": 7.814727903251179, "N_raw": 44, "N_roi": 44, "N_inlier": 41, "refit": true}
{"timestamp": "15:20:30.937652", "frame": 4, "mu": [1.6407213847470001, 1.0355896450023787, 1.3570606173040385], "Sigma": [[0.004341592009817291, -0.0021807468477895004, -0.004318168603792883], [-0.0021807468477895, 0.003846323789695373, -0.0006112944564705669], [-0.004318168603792882, -0.0006112944564705669, 0.00799585063730787]], "chi2_level": 0.95, "chi2_df": 3, "chi2_threshold": 7.814727903251179, "N_raw": 29, "N_roi": 29, "N_inlier": 27, "refit": true}
{"timestamp": "15:20:30.994580", "frame": 5, "mu": [1.6807742457611807, 1.0144703075571495, 1.3404954116412615], "Sigma": [[0.004789672335537074, -0.001547174255168905, 0.0005117634452391143], [-0.001547174255168905, 0.007134255880557169, -0.001825476212975252], [0.0005117634452391144, -0.001825476212975252, 0.002269030792527261]], "chi2_level": 0.95, "chi2_df": 3, "chi2_threshold": 7.814727903251179, "N_raw": 31, "N_roi": 31, "N_inlier": 29, "refit": true}
{"timestamp": "15:20:31.050761", "frame": 6, "mu": [1.6341276982826494, 1.0254980765692048, 1.3438788783994322], "Sigma": [[0.006598446859952575, -0.0038891410287272025, -0.0030235804148273124], [-0.0038891410287272025, 0.0060475732071257485, -0.0004010328903655095], [-0.0030235804148273124, -0.0004010328903655095, 0.003155893682512269]], "chi2_level": 0.95, "chi2_df": 3, "chi2_threshold": 7.814727903251179, "N_raw": 36, "N_roi": 36, "N_inlier": 33, "refit": true}
{"timestamp": "15:20:31.105854", "frame": 7, "mu": [1.6640921058112421, 0.9894552495195673, 1.361039923518454], "Sigma": [[0.004946150744642793, -0.0022478097676522945, -0.0010767585973115422], [-0.0022478097676522945, 0.00919722423747028, -0.002045761192535811], [-0.0010767585973115422, -0.002045761192535811, 0.001290294924007004]], "chi2_level": 0.95, "chi2_df": 3, "chi2_threshold": 7.814727903251179, "N_raw": 36, "N_roi": 36, "N_inlier": 35, "refit": true}
{"timestamp": "15:20:31.156648", "frame": 8, "mu": [1.6126344556564367, 0.9896208119286611, 1.4271589828466793], "Sigma": [[0.0037233919232414732, -0.0023070133971072144, -0.0037630783742518513], [-0.0023070133971072144, 0.0023763856915733315, 0.0009457741557426038], [-0.003763078374251851, 0.0009457741557426038, 0.005912275425300115]], "chi2_level": 0.95, "chi2_df": 3, "chi2_threshold": 7.814727903251179, "N_raw": 13, "N_roi": 13, "N_inlier": 12, "refit": true}
{"timestamp": "15:20:31.215923", "frame": 9, "mu": [1.5785817843554728, 1.0646654134935345, 1.3955762346939722], "Sigma": [[0.004180264955055171, -0.001925545651217021, -0.001600389454353157], [-0.0019255456512170214, 0.008188108867526883, -0.0033345762632857644], [-0.001600389454353157, -0.0033345762632857635, 0.004103375146984335]], "chi2_level": 0.95, "chi2_df": 3, "chi2_threshold": 7.814727903251179, "N_raw": 40, "N_roi": 40, "N_inlier": 36, "refit": true}
{"timestamp": "15:20:31.267450", "frame": 10, "mu": [1.5321533307454684, 1.0396605815757551, 1.235236365420578], "Sigma": [[0.00498853291030247, -0.0021928825569484107, 0.0011045166337388466], [-0.0021928825569484107, 0.008434794162288551, -0.021026549409510112], [0.0011045166337388466, -0.021026549409510112, 0.06895927379875541]], "chi2_level": 0.95, "chi2_df": 3, "chi2_threshold": 7.814727903251179, "N_raw": 14, "N_roi": 14, "N_inlier": 14, "refit": true}
{"timestamp": "15:20:31.321773", "frame": 11, "mu": [1.5498560693133596, 1.0399574609159423, 1.1330353774426114], "Sigma": [[0.003973766682711986, -0.010718942137266986, 0.009464577781528719], [-0.010718942137266986, 0.03188909055979567, -0.026489760207585165], [0.009464577781528717, -0.026489760207585165, 0.045688124020593565]], "chi2_level": 0.95, "chi2_df": 3, "chi2_threshold": 7.814727903251179, "N_raw": 8, "N_roi": 8, "N_inlier": 7, "refit": true}
{"timestamp": "15:20:31.380115", "frame": 12, "mu": [1.524736914413123, 0.9450992194548973, 1.291518994405592], "Sigma": [[0.004765649208323626, -0.002467763471453481, -0.0029244835070704666], [-0.002467763471453481, 0.0062448298687791, -0.002273978289349934], [-0.0029244835070704666, -0.002273978289349934, 0.005525692561058107]], "chi2_level": 0.95, "chi2_df": 3, "chi2_threshold": 7.814727903251179, "N_raw": 40, "N_roi": 40, "N_inlier": 37, "refit": true}
{"timestamp": "15:20:31.434698", "frame": 13, "mu": [1.4911986539576036, 0.9504639839039645, 1.374585015595086], "Sigma": [[0.004748994640916726, -0.002148918158207236, -0.0017918960581161237], [-0.0021489181582072356, 0.005940095340831806, -0.00036794273931010403], [-0.0017918960581161235, -0.000367942739310104, 0.0011946511259043264]], "chi2_level": 0.95, "chi2_df": 3, "chi2_threshold": 7.814727903251179, "N_raw": 32, "N_roi": 32, "N_inlier": 30, "refit": true}
{"timestamp": "15:20:31.492060", "frame": 14, "mu": [1.4754000130172782, 0.9043451599374664, 1.2974640058238334], "Sigma": [[0.004334118411505977, -0.0027996600250266785, -0.0033780071991184385], [-0.0027996600250266785, 0.005566099836175349, -0.0017258784612057408], [-0.0033780071991184385, -0.001725878461205741, 0.008477879052240544]], "chi2_level": 0.95, "chi2_df": 3, "chi2_threshold": 7.814727903251179, "N_raw": 40, "N_roi": 40, "N_inlier": 37, "refit": true}
{"timestamp": "15:20:31.548604", "frame": 15, "mu": [1.3887297368205318, 0.9958026630138996, 1.1391029920614746], "Sigma": [[0.005732187146322529, -0.007302362840515499, 0.006988464534497205], [-0.007302362840515499, 0.018022163994880058, -0.025515858907260262], [0.006988464534497205, -0.025515858907260262, 0.0718168177027183]], "chi2_level": 0.95, "chi2_df": 3, "chi2_threshold": 7.814727903251179, "N_raw": 49, "N_roi": 49, "N_inlier": 48, "refit": true}
{"timestamp": "15:20:31.603568", "frame": 16, "mu": [1.2698635256622444, 1.098219633549724, 0.9917486603663812], "Sigma": [[0.004517331668815179, -0.004358576768902462, -0.011373518066378615], [-0.004358576768902463, 0.008846335937280746, 0.012756113706307621], [-0.011373518066378615, 0.012756113706307625, 0.07855795368731996]], "chi2_level": 0.95, "chi2_df": 3, "chi2_threshold": 7.814727903251179, "N_raw": 50, "N_roi": 50, "N_inlier": 48, "refit": true}
{"timestamp": "15:20:31.657828", "frame": 17, "mu": [1.2538056649349805, 1.2002822351740932, -0.4176518499740371], "Sigma": [[0.005097281812031639, -0.0019477713439131896, -0.0029645210293616007], [-0.0019477713439131896, 0.006526508923321837, -0.0025538293300780466], [-0.0029645210293616007, -0.0025538293300780466, 0.00570022229400417]], "chi2_level": 0.95, "chi2_df": 3, "chi2_threshold": 7.814727903251179, "N_raw": 51, "N_roi": 51, "N_inlier": 46, "refit": true}
{"timestamp": "15:20:31.708222", "frame": 18, "mu": [1.2011025894116318, 0.9727361066216997, 1.4074752565708675], "Sigma": [[0.003506807281134735, -0.00011557126339995188, -0.0031583142028805632], [-0.0001155712633999521, 0.003291660933551474, -0.004551808036975327], [-0.0031583142028805632, -0.004551808036975328, 0.011150100124460176]], "chi2_level": 0.95, "chi2_df": 3, "chi2_threshold": 7.814727903251179, "N_raw": 15, "N_roi": 15, "N_inlier": 13, "refit": true}
{"timestamp": "15:20:31.771066", "frame": 19, "mu": [1.2249011351996546, 0.8787306291279768, 1.4115729814952052], "Sigma": [[0.017002026544799726, -0.010171444753833084, -0.01042500937047186], [-0.010171444753833084, 0.008432184548725965, 0.0038704551842507684], [-0.01042500937047186, 0.0038704551842507684, 0.011816175132735696]], "chi2_level": 0.95, "chi2_df": 3, "chi2_threshold": 7.814727903251179, "N_raw": 67, "N_roi": 67, "N_inlier": 63, "refit": true}
{"timestamp": "15:20:31.829092", "frame": 20, "mu": [1.174508351112812, 0.9073258645535075, 1.3808373356712205], "Sigma": [[0.014237291759626453, -0.007132300013250204, -0.009146634477440421], [-0.007132300013250204, 0.008032435806738934, 0.00017329434851661623], [-0.009146634477440421, 0.000173294348516616, 0.012716450200293944]], "chi2_level": 0.95, "chi2_df": 3, "chi2_threshold": 7.814727903251179, "N_raw": 88, "N_roi": 88, "N_inlier": 85, "refit": true}
{"timestamp": "15:20:31.881009", "frame": 21, "mu": [1.1755129587758941, 0.8152715933203908, 1.4285009186145217], "Sigma": [[0.020560557785835765, -0.013160431645157972, -0.013664297636882096], [-0.01316043164515797, 0.011771505153663405, 0.007094498531198754], [-0.013664297636882096, 0.007094498531198754, 0.010857203878392585]], "chi2_level": 0.95, "chi2_df": 3, "chi2_threshold": 7.814727903251179, "N_raw": 68, "N_roi": 68, "N_inlier": 66, "refit": true}
{"timestamp": "15:20:31.930950", "frame": 22, "mu": [0.9481973176941646, 0.9270894518866268, 1.5464306826529601], "Sigma": [[0.004415240380029548, -0.0006235501547159791, -0.0035449772545614678], [-0.0006235501547159792, 0.003725969138431828, 0.0017143567396659164], [-0.0035449772545614678, 0.0017143567396659166, 0.009311542715326027]], "chi2_level": 0.95, "chi2_df": 3, "chi2_threshold": 7.814727903251179, "N_raw": 38, "N_roi": 38, "N_inlier": 34, "refit": true}
{"timestamp": "15:20:31.988193", "frame": 23, "mu": [0.8927678326890672, 0.9343758468458838, 1.4640542708369122], "Sigma": [[0.0051836856482697586, -0.0011397789394340635, -0.007802626267074612], [-0.0011397789394340632, 0.0026493296458961974, -0.0008065421353042259], [-0.007802626267074612, -0.0008065421353042259, 0.018061597240317858]], "chi2_level": 0.95, "chi2_df": 3, "chi2_threshold": 7.814727903251179, "N_raw": 47, "N_roi": 47, "N_inlier": 46, "refit": true}
{"timestamp": "15:20:32.043763", "frame": 24, "mu": [0.9971051975936579, 0.8611420814814589, 1.4382484049337636], "Sigma": [[0.006781689394046789, -0.0027640267454958753, -0.006686761436561717], [-0.0027640267454958753, 0.00355835069491973, 0.0005835744113883671], [-0.006686761436561717, 0.0005835744113883671, 0.009822645326545363]], "chi2_level": 0.95, "chi2_df": 3, "chi2_threshold": 7.814727903251179, "N_raw": 47, "N_roi": 47, "N_inlier": 43, "refit": true}
{"timestamp": "15:20:32.104420", "frame": 25, "mu": [0.8810697471236504, 0.8979713054939921, -0.3007508981117948], "Sigma": [[0.00765870269251596, 0.0007804022536551578, 0.019010949401849], [0.0007804022536551577, 0.005954739360573035, -0.050601070477443], [0.019010949401848998, -0.050601070477442986, 0.8108717396212807]], "chi2_level": 0.95, "chi2_df": 3, "chi2_threshold": 7.814727903251179, "N_raw": 88, "N_roi": 88, "N_inlier": 87, "refit": true}
{"timestamp": "15:20:32.153875", "frame": 26, "mu": [0.8317523785476423, 0.8065970395484824, 1.4538700971013847], "Sigma": [[0.01646347809884604, -0.009695946693493373, -0.010931413180256026], [-0.009695946693493373, 0.007362641070477705, 0.005484735554546464], [-0.010931413180256025, 0.005484735554546462, 0.008452896733771276]], "chi2_level": 0.95, "chi2_df": 3, "chi2_threshold": 7.814727903251179, "N_raw": 49, "N_roi": 49, "N_inlier": 46, "refit": true}
{"timestamp": "15:20:32.210596", "frame": 27, "mu": [0.8245961372773266, 0.7763808922969215, 1.3872644462739574], "Sigma": [[0.0121341087425669, -0.003468369558428089, -0.012117381042440173], [-0.0034683695584280883, 0.003878677552582568, 0.0017827652087072335], [-0.012117381042440173, 0.0017827652087072333, 0.013585941010184998]], "chi2_level": 0.95, "chi2_df": 3, "chi2_threshold": 7.814727903251179, "N_raw": 69, "N_roi": 69, "N_inlier": 68, "refit": true}
{"timestamp": "15:20:32.261212", "frame": 28, "mu": [0.7145527997659306, 0.7555943921838606, 1.4862711011907792], "Sigma": [[0.01295741733648782, -0.0036551653859008522, -0.01172108600067619], [-0.0036551653859008522, 0.0027420218879400486, 0.0027316961735356273], [-0.011721086000676192, 0.0027316961735356277, 0.01137373568243326]], "chi2_level": 0.95, "chi2_df": 3, "chi2_threshold": 7.814727903251179, "N_raw": 37, "N_roi": 37, "N_inlier": 33, "refit": true}
{"timestamp": "15:20:32.316918", "frame": 29, "mu": [0.6358709910251374, 0.7485508681633025, 1.5284404568052914], "Sigma": [[0.004243245820433789, -0.0005340155551448002, -0.005100896852765951], [-0.0005340155551448002, 0.0021671892882007366, -0.000539283609540743], [-0.005100896852765951, -0.000539283609540743, 0.007955887141279337]], "chi2_level": 0.95, "chi2_df": 3, "chi2_threshold": 7.814727903251179, "N_raw": 40, "N_roi": 40, "N_inlier": 35, "refit": true}
{"timestamp": "15:20:32.373053", "frame": 30, "mu": [0.6130491678620573, 0.7491699484947864, 1.5097862898489869], "Sigma": [[0.0038610256361488633, -0.0008715516953699364, -0.00464766575939556], [-0.0008715516953699363, 0.002778479332616865, -0.0008582596304967118], [-0.004647665759395561, -0.0008582596304967119, 0.008904830157863522]], "chi2_level": 0.95, "chi2_df": 3, "chi2_threshold": 7.814727903251179, "N_raw": 49, "N_roi": 49, "N_inlier": 46, "refit": true}
{"timestamp": "15:20:32.431223", "frame": 31, "mu": [0.6043882463543406, 0.7134648869696233, 1.5125434872053962], "Sigma": [[0.007979991460468362, -0.0017936964270920995, -0.007611133030994321], [-0.0017936964270920993, 0.001833204046630493, 0.0011717298731813942], [-0.007611133030994321, 0.0011717298731813942, 0.008367224567842618]], "chi2_level": 0.95, "chi2_df": 3, "chi2_threshold": 7.814727903251179, "N_raw": 54, "N_roi": 54, "N_inlier": 51, "refit": true}
{"timestamp": "15:20:32.487338", "frame": 32, "mu": [0.5787677600456034, 0.6945817191785868, 1.4589610671610895], "Sigma": [[0.006486934628235185, -0.001955289835624914, -0.00812442694622535], [-0.001955289835624914, 0.0017862493232119077, 0.0013034769970271891], [-0.00812442694622535, 0.0013034769970271891, 0.01442269956978319]], "chi2_level": 0.95, "chi2_df": 3, "chi2_threshold": 7.814727903251179, "N_raw": 77, "N_roi": 77, "N_inlier": 72, "refit": true}
{"timestamp": "15:20:32.540285", "frame": 33, "mu": [0.5254272565648996, 0.6989362900167031, 1.4367056446234145], "Sigma": [[0.002569839044235455, -0.00012851591403300006, -0.0029508268032426314], [-0.00012851591403300003, 0.001144067932686482, -0.002581170295275977], [-0.0029508268032426314, -0.002581170295275977, 0.022348179539537407]], "chi2_level": 0.95, "chi2_df": 3, "chi2_threshold": 7.814727903251179, "N_raw": 65, "N_roi": 65, "N_inlier": 61, "refit": true}
{"timestamp": "15:20:32.593109", "frame": 34, "mu": [0.4557666688524216, 0.6634944413143743, 1.4986807204972592], "Sigma": [[0.0017642358330098183, -0.00014932592887127133, -0.00039326929714407694], [-0.00014932592887127136, 0.0010519819408107076, -0.0017858482663116165], [-0.00039326929714407694, -0.0017858482663116165, 0.011982105715259173]], "chi2_level": 0.95, "chi2_df": 3, "chi2_threshold": 7.814727903251179, "N_raw": 45, "N_roi": 45, "N_inlier": 41, "refit": true}
{"timestamp": "15:20:32.650325", "frame": 35, "mu": [0.4157085244697298, 0.6841802018316908, 1.4748247841339082], "Sigma": [[0.002295810674943853, -2.1905508263382202e-05, -5.1595434965210154e-05], [-2.190550826338216e-05, 0.0023895507223638613, -0.004564799757822393], [-5.1595434965210154e-05, -0.004564799757822393, 0.0196333430763802]], "chi2_level": 0.95, "chi2_df": 3, "chi2_threshold": 7.814727903251179, "N_raw": 65, "N_roi": 65, "N_inlier": 62, "refit": true}
{"timestamp": "15:20:32.703984", "frame": 36, "mu": [0.31146586933488163, 0.7121697859771382, 1.4077676241722603], "Sigma": [[0.0022815884933332247, -0.00012895969212505865, -0.0038161079733952203], [-0.00012895969212505865, 0.0019299334462170548, -0.0043680152006847755], [-0.0038161079733952203, -0.0043680152006847755, 0.0211356902835578]], "chi2_level": 0.95, "chi2_df": 3, "chi2_threshold": 7.814727903251179, "N_raw": 54, "N_roi": 54, "N_inlier": 53, "refit": true}
{"timestamp": "15:20:32.764837", "frame": 37, "mu": [0.3155139357376159, 0.6722818608214307, 1.371503969748317], "Sigma": [[0.0033459124508343225, -0.001601694618844001, -0.003982547185934778], [-0.001601694618844001, 0.0024677852072230045, 0.0007437803198622485], [-0.0039825471859347775, 0.0007437803198622482, 0.0443257461656809]], "chi2_level": 0.95, "chi2_df": 3, "chi2_threshold": 7.814727903251179, "N_raw": 100, "N_roi": 100, "N_inlier": 96, "refit": true}
{"timestamp": "15:20:32.815550", "frame": 38, "mu": [0.22711603648671363, 0.691670194084248, 1.3055185561291018], "Sigma": [[0.0021515846249547297, -0.00201763504747058, 0.005876299278931535], [-0.00201763504747058, 0.004158870054789509, -0.012425845654168873], [0.005876299278931535, -0.012425845654168873, 0.0598926259410329]], "chi2_level": 0.95, "chi2_df": 3, "chi2_threshold": 7.814727903251179, "N_raw": 66, "N_roi": 66, "N_inlier": 63, "refit": true}
{"timestamp": "15:20:32.866600", "frame": 39, "mu": [0.21392971893493473, 0.648377873216589, 1.4832998982617376], "Sigma": [[0.0012077379607120294, -0.0005739408187404388, -0.0021754720158825296], [-0.0005739408187404388, 0.0010734165940244629, -0.0001673821551553065], [-0.00217547201588253, -0.0001673821551553065, 0.019794482819698776]], "chi2_level": 0.95, "chi2_df": 3, "chi2_threshold": 7.814727903251179, "N_raw": 42, "N_roi": 42, "N_inlier": 40, "refit": true}
{"timestamp": "15:20:32.917634", "frame": 40, "mu": [0.17271399094401343, 0.6025378170255636, 1.2081123751832126], "Sigma": [[0.001338412442419922, -0.0017586037033004468, 0.003840673860642847], [-0.0017586037033004468, 0.0037731923723763995, -0.004769924082692874], [0.003840673860642847, -0.004769924082692874, 0.0141530142813418]], "chi2_level": 0.95, "chi2_df": 3, "chi2_threshold": 7.814727903251179, "N_raw": 14, "N_roi": 14, "N_inlier": 12, "refit": true}
{"timestamp": "15:20:32.987114", "frame": 41, "mu": [0.08799584912051751, 0.7876113839335026, -0.4807349911703446], "Sigma": [[0.0032022548634440375, -0.003534530015389226, 0.00142430652979858], [-0.003534530015389226, 0.007144529145573101, -0.006118121484794711], [0.00142430652979858, -0.006118121484794711, 0.012612516430240707]], "chi2_level": 0.95, "chi2_df": 3, "chi2_threshold": 7.814727903251179, "N_raw": 112, "N_roi": 112, "N_inlier": 109, "refit": true}
{"timestamp": "15:20:33.039004", "frame": 42, "mu": [0.09607698929324031, 0.5979556477733187, 1.442247212192711], "Sigma": [[0.0025996017761411435, -0.0008058628024597574, -0.003577534507188142], [-0.0008058628024597574, 0.002241885720277494, -0.0007498386918402414], [-0.0035775345071881416, -0.0007498386918402412, 0.009115088483038077]], "chi2_level": 0.95, "chi2_df": 3, "chi2_threshold": 7.814727903251179, "N_raw": 90, "N_roi": 90, "N_inlier": 84, "refit": true}
{"timestamp": "15:20:33.094826", "frame": 43, "mu": [0.013097108684079295, 0.6174215343322601, 1.4278348061907202], "Sigma": [[0.002054983147787204, -0.001683474256684932, -0.001898038433596865], [-0.001683474256684932, 0.0028181780407950845, 0.0004511545187829569], [-0.0018980384335968647, 0.00045115451878295686, 0.026856236514319683]], "chi2_level": 0.95, "chi2_df": 3, "chi2_threshold": 7.814727903251179, "N_raw": 92, "N_roi": 92, "N_inlier": 89, "refit": true}
{"timestamp": "15:20:33.149842", "frame": 44, "mu": [-0.08568028329525774, 0.6055478744642587, 1.4316314659515823], "Sigma": [[0.004381850789956854, -0.004741721819130542, -0.0026380786935645546], [-0.004741721819130543, 0.006632766670321072, 0.00016864335348583476], [-0.002638078693564554, 0.0001686433534858348, 0.023361312009571845]], "chi2_level": 0.95, "chi2_df": 3, "chi2_threshold": 7.814727903251179, "N_raw": 96, "N_roi": 96, "N_inlier": 94, "refit": true}
{"timestamp": "15:20:33.205298", "frame": 45, "mu": [-0.11731959823767585, 0.707462002754756, 0.12467444828135299], "Sigma": [[0.002673164604486979, -0.002788936366695225, 0.03157207443912849], [-0.0027889363666952255, 0.009427564487687936, -0.05720483421599161], [0.03157207443912849, -0.05720483421599161, 0.6446412893519569]], "chi2_level": 0.95, "chi2_df": 3, "chi2_threshold": 7.814727903251179, "N_raw": 99, "N_roi": 99, "N_inlier": 96, "refit": true}
{"timestamp": "15:20:33.255708", "frame": 46, "mu": [-0.1620054892040871, 0.5459734847634621, 1.507716321188171], "Sigma": [[0.00488063887581405, -0.0038783864529805404, -0.006674311420406818], [-0.0038783864529805404, 0.005099884658115692, 0.0048826191113349815], [-0.006674311420406818, 0.0048826191113349815, 0.015749445677563798]], "chi2_level": 0.95, "chi2_df": 3, "chi2_threshold": 7.814727903251179, "N_raw": 65, "N_roi": 64, "N_inlier": 61, "refit": true}
{"timestamp": "15:20:33.309132", "frame": 47, "mu": [-0.2362030855577671, 0.5635650642370443, 1.5650082235585465], "Sigma": [[0.00219996865660486, -0.0016437168931717019, -0.0014244023593679227], [-0.0016437168931717019, 0.002289237098169051, 0.0003974128705296906], [-0.0014244023593679227, 0.0003974128705296906, 0.005279625573557349]], "chi2_level": 0.95, "chi2_df": 3, "chi2_threshold": 7.814727903251179, "N_raw": 59, "N_roi": 59, "N_inlier": 55, "refit": true}
{"timestamp": "15:20:33.362853", "frame": 48, "mu": [-0.2938634147173195, 0.5702851966781867, 1.5706038763377979], "Sigma": [[0.0009886537700389568, -0.0007192336953433851, -0.00029723344735998867], [-0.0007192336953433851, 0.00155519407242777, -0.002145156117094454], [-0.0002972334473599888, -0.002145156117094454, 0.007625908890652537]], "chi2_level": 0.95, "chi2_df": 3, "chi2_threshold": 7.814727903251179, "N_raw": 42, "N_roi": 42, "N_inlier": 37, "refit": true}
{"timestamp": "15:20:33.420210", "frame": 49, "mu": [-0.32636642581704534, 0.555599958140288, 1.5441855445067572], "Sigma": [[0.0024500514362174666, -0.002826698371868855, -0.0012437908609238524], [-0.0028266983718688555, 0.004612974243443926, 0.0014397777823606838], [-0.0012437908609238524, 0.0014397777823606838, 0.0057922907478401625]], "chi2_level": 0.95, "chi2_df": 3, "chi2_threshold": 7.814727903251179, "N_raw": 65, "N_roi": 65, "N_inlier": 60, "refit": true}
{"timestamp": "15:20:33.481647", "frame": 50, "mu": [-0.3495060649913436, 0.5536900722451139, 1.4470816940106321], "Sigma": [[0.0033865943010829205, -0.0018579232227271597, -0.004790011804357314], [-0.0018579232227271599, 0.0031383816050571836, -0.00040515391173238447], [-0.004790011804357314, -0.00040515391173238436, 0.015210867552903342]], "chi2_level": 0.95, "chi2_df": 3, "chi2_threshold": 7.814727903251179, "N_raw": 109, "N_roi": 109, "N_inlier": 100, "refit": true}
{"timestamp": "15:20:33.542159", "frame": 51, "mu": [-0.4740285080549905, 0.5089982891165677, 1.5183627467300833], "Sigma": [[0.021174350960550092, 0.001965258053792486, -0.022519955056237266], [0.0019652580537924858, 0.0038563442443133576, -0.003828320986416557], [-0.022519955056237266, -0.0038283209864165575, 0.03159599148632843]], "chi2_level": 0.95, "chi2_df": 3, "chi2_threshold": 7.814727903251179, "N_raw": 138, "N_roi": 136, "N_inlier": 129, "refit": true}
{"timestamp": "15:20:33.588066", "frame": 52, "mu": [-0.4744559751081235, 0.5980216887778725, -0.4004695461328943], "Sigma": [[0.025857616884890914, 0.010274100768804471, -0.03051248368260407], [0.010274100768804471, 0.011673092629695589, -0.025096053950940618], [-0.03051248368260407, -0.025096053950940618, 0.0623150556679381]], "chi2_level": 0.95, "chi2_df": 3, "chi2_threshold": 7.814727903251179, "N_raw": 70, "N_roi": 66, "N_inlier": 62, "refit": true}
{"timestamp": "15:20:33.642846", "frame": 53, "mu": [-0.6141400427081333, 0.4752560534871601, 1.6269339798358877], "Sigma": [[0.02828592071950855, 0.0024606762777693893, -0.026805199712201227], [0.0024606762777693893, 0.002452796224008299, -0.004473982527219844], [-0.02680519971220123, -0.004473982527219844, 0.02965114255984984]], "chi2_level": 0.95, "chi2_df": 3, "chi2_threshold": 7.814727903251179, "N_raw": 80, "N_roi": 80, "N_inlier": 77, "refit": true}
{"timestamp": "15:20:33.701090", "frame": 54, "mu": [-0.7059934932912657, 0.4531565450162444, 1.655674406368202], "Sigma": [[0.017773452969000472, 0.0013801325289498764, -0.01425550018069366], [0.0013801325289498764, 0.00338760742642829, -0.00356687364759264], [-0.01425550018069366, -0.00356687364759264, 0.020043260152686038]], "chi2_level": 0.95, "chi2_df": 3, "chi2_threshold": 7.814727903251179, "N_raw": 101, "N_roi": 101, "N_inlier": 99, "refit": true}
{"timestamp": "15:20:33.753643", "frame": 55, "mu": [-0.7720278142497387, 0.5160575576300371, -0.1772551375433494], "Sigma": [[0.007844968140763221, 0.0014096729778088936, 0.00060520498023834], [0.0014096729778088932, 0.006086182788511897, -0.002267445535358856], [0.00060520498023834, -0.002267445535358856, 0.0012389006152464827]], "chi2_level": 0.95, "chi2_df": 3, "chi2_threshold": 7.814727903251179, "N_raw": 89, "N_roi": 89, "N_inlier": 86, "refit": true}
{"timestamp": "15:20:33.807717", "frame": 56, "mu": [-0.783754816731329, 0.4886072581813892, 1.6452046334476178], "Sigma": [[0.008719090527456912, 0.00010940476468752165, -0.0018169231871776976], [0.0001094047646875217, 0.003802943184722953, -0.002028529526108738], [-0.0018169231871776976, -0.002028529526108738, 0.00166921779445554]], "chi2_level": 0.95, "chi2_df": 3, "chi2_threshold": 7.814727903251179, "N_raw": 81, "N_roi": 81, "N_inlier": 79, "refit": true}
{"timestamp": "15:20:33.860563", "frame": 57, "mu": [-0.8668258099966382, 0.49776228304658204, 1.6937211050581777], "Sigma": [[0.005230991333768252, 0.0006638118532394182, 5.838462007297546e-05], [0.0006638118532394182, 0.0041406127317922875, -0.003079125867600944], [5.8384620072975525e-05, -0.003079125867600944, 0.002592966529836235]], "chi2_level": 0.95, "chi2_df": 3, "chi2_threshold": 7.814727903251179, "N_raw": 66, "N_roi": 66, "N_inlier": 62, "refit": true}
{"timestamp": "15:20:33.912097", "frame": 58, "mu": [-0.8583744884198992, 0.5726393879935927, -0.306150089599602], "Sigma": [[0.0044959363351566575, 0.0020616251869554035, -0.0009837706276565738], [0.0020616251869554035, 0.003968884194730329, -0.0031483413829344886], [-0.0009837706276565735, -0.0031483413829344886, 0.003994692998564953]], "chi2_level": 0.95, "chi2_df": 3, "chi2_threshold": 7.814727903251179, "N_raw": 42, "N_roi": 42, "N_inlier": 36, "refit": true}
{"timestamp": "15:20:33.964975", "frame": 59, "mu": [-0.9318584997339199, 0.5611714205409978, 1.6656305321201135], "Sigma": [[0.0032187740049708377, -0.0013811052822432968, 0.0012479125614386268], [-0.0013811052822432968, 0.002168445619597467, -0.001703622464941186], [0.0012479125614386268, -0.001703622464941186, 0.002135670808262373]], "chi2_level": 0.95, "chi2_df": 3, "chi2_threshold": 7.814727903251179, "N_raw": 34, "N_roi": 34, "N_inlier": 31, "refit": true}
{"timestamp": "15:20:34.024273", "frame": 60, "mu": [-0.9853356627384139, 0.5170684006221564, 1.607229798428358], "Sigma": [[0.0041715026605546575, 0.0006788660307639622, 0.0010767446552600451], [0.0006788660307639623, 0.0061152664038311355, -0.0039004743782644793], [0.0010767446552600451, -0.0039004743782644793, 0.0035448013924742642]], "chi2_level": 0.95, "chi2_df": 3, "chi2_threshold": 7.814727903251179, "N_raw": 56, "N_roi": 56, "N_inlier": 51, "refit": true}
{"timestamp": "15:20:34.081279", "frame": 61, "mu": [-0.9968718276306056, 0.49528648257700264, 1.5458156996033874], "Sigma": [[0.009941456905879888, 0.00242343675752814, -0.001662658404702396], [0.00242343675752814, 0.006406746131791984, -0.003937199687979991], [-0.0016626584047023962, -0.003937199687979991, 0.002733083938668379]], "chi2_level": 0.95, "chi2_df": 3, "chi2_threshold": 7.814727903251179, "N_raw": 80, "N_roi": 80, "N_inlier": 79, "refit": true}
{"timestamp": "15:20:34.136708", "frame": 62, "mu": [-1.0535371109844323, 0.5430234102794225, 1.5714259919095002], "Sigma": [[0.007842271030580552, 0.0013169878286026738, 9.574376650587737e-05], [0.0013169878286026738, 0.005146964565147098, -0.004324027354320484], [9.574376650587735e-05, -0.004324027354320484, 0.004929109580382934]], "chi2_level": 0.95, "chi2_df": 3, "chi2_threshold": 7.814727903251179, "N_raw": 77, "N_roi": 77, "N_inlier": 72, "refit": true}
{"timestamp": "15:20:34.190257", "frame": 63, "mu": [-1.0845668200371235, 0.6370210640069165, -0.19495729018841668], "Sigma": [[0.008363611270476372, 0.001976837093644084, -0.0017891580409187843], [0.001976837093644084, 0.00850273707684692, -0.00194102115700757], [-0.0017891580409187843, -0.00194102115700757, 0.0008121237672052502]], "chi2_level": 0.95, "chi2_df": 3, "chi2_threshold": 7.814727903251179, "N_raw": 68, "N_roi": 68, "N_inlier": 67, "refit": true}
{"timestamp": "15:20:34.245093", "frame": 64, "mu": [-1.1045695133640971, 0.5990565744847023, 1.5818627504937162], "Sigma": [[0.007894150520835292, -5.6803432733561324e-05, -0.003389845985726435], [-5.680343273356159e-05, 0.00890889683668549, -0.002357559672397736], [-0.003389845985726435, -0.002357559672397736, 0.003195576209521529]], "chi2_level": 0.95, "chi2_df": 3, "chi2_threshold": 7.814727903251179, "N_raw": 70, "N_roi": 70, "N_inlier": 68, "refit": true}
{"timestamp": "15:20:34.299922", "frame": 65, "mu": [-1.1803186357962614, 0.6021547524105465, 1.5981640284177854], "Sigma": [[0.007364734391015273, 0.002364084930681555, 0.0009296275126610665], [0.002364084930681556, 0.005935536187926659, -0.004286005832920632], [0.0009296275126610667, -0.004286005832920632, 0.005420739048103427]], "chi2_level": 0.95, "chi2_df": 3, "chi2_threshold": 7.814727903251179, "N_raw": 66, "N_roi": 66, "N_inlier": 61, "refit": true}
{"timestamp": "15:20:34.353700", "frame": 66, "mu": [-1.1844818099425412, 0.6876956743553627, -0.3285099140299196], "Sigma": [[0.007355063762784309, 0.0021557131964174514, 3.076062381389774e-05], [0.0021557131964174514, 0.008390717409275638, -0.00260345951973031], [3.076062381389774e-05, -0.00260345951973031, 0.0013546118621497027]], "chi2_level": 0.95, "chi2_df": 3, "chi2_threshold": 7.814727903251179, "N_raw": 62, "N_roi": 62, "N_inlier": 60, "refit": true}
{"timestamp": "15:20:34.413363", "frame": 67, "mu": [-1.1790883726921837, 0.7929320888347787, -0.28826152714238235], "Sigma": [[0.011788074976344267, 0.002777062839142177, -0.006606543511387812], [0.002777062839142177, 0.00949795766210363, -0.004516755520642889], [-0.006606543511387812, -0.004516755520642889, 0.005331668514185768]], "chi2_level": 0.95, "chi2_df": 3, "chi2_threshold": 7.814727903251179, "N_raw": 88, "N_roi": 88, "N_inlier": 84, "refit": true}
{"timestamp": "15:20:34.469415", "frame": 68, "mu": [-1.2514531597818248, 0.6131945569474614, 1.458559126567527], "Sigma": [[0.013634149502648407, 0.007162613067584136, -3.6862233541874045e-05], [0.007162613067584138, 0.011716141072203702, -0.005251248962288084], [-3.686223354187402e-05, -0.005251248962288084, 0.004081555440113868]], "chi2_level": 0.95, "chi2_df": 3, "chi2_threshold": 7.814727903251179, "N_raw": 93, "N_roi": 93, "N_inlier": 90, "refit": true}
{"timestamp": "15:20:34.521194", "frame": 69, "mu": [-1.2728957411352428, 0.6468749610377903, 1.4808531166578565], "Sigma": [[0.01059177193010129, 0.003860019070338355, -0.0030326619622330197], [0.003860019070338355, 0.010683427844791057, -0.005764168539421712], [-0.0030326619622330197, -0.005764168539421711, 0.0036523597143021656]], "chi2_level": 0.95, "chi2_df": 3, "chi2_threshold": 7.814727903251179, "N_raw": 78, "N_roi": 78, "N_inlier": 76, "refit": true}
{"timestamp": "15:20:34.571129", "frame": 70, "mu": [-1.3017418238184242, 0.679616693534781, 1.499000577705318], "Sigma": [[0.004929494934313202, -0.0007489855391795819, -0.0037133655300928986], [-0.0007489855391795819, 0.006277492849619889, -0.0012221804529686836], [-0.0037133655300928986, -0.0012221804529686836, 0.004337601018752384]], "chi2_level": 0.95, "chi2_df": 3, "chi2_threshold": 7.814727903251179, "N_raw": 41, "N_roi": 41, "N_inlier": 38, "refit": true}
{"timestamp": "15:20:34.633550", "frame": 71, "mu": [-1.3736882060737607, 0.797566015520429, 0.023841696734075997], "Sigma": [[0.011921674629179002, 0.0027446903430436743, 0.02861295441710468], [0.002744690343043674, 0.010087204479105945, 0.012945448422416642], [0.02861295441710468, 0.012945448422416642, 0.425578068509304]], "chi2_level": 0.95, "chi2_df": 3, "chi2_threshold": 7.814727903251179, "N_raw": 88, "N_roi": 88, "N_inlier": 87, "refit": true}
{"timestamp": "15:20:34.687505", "frame": 72, "mu": [-1.3884493466561052, 0.7327958444337996, 1.3986597998882941], "Sigma": [[0.009949998802112451, 0.0043018926705287435, -0.0024096591310508986], [0.004301892670528744, 0.011883767077266369, -0.006536556031589991], [-0.0024096591310508986, -0.006536556031589991, 0.005616045749916205]], "chi2_level": 0.95, "chi2_df": 3, "chi2_threshold": 7.814727903251179, "N_raw": 82, "N_roi": 82, "N_inlier": 78, "refit": true}
{"timestamp": "15:20:34.740209", "frame": 73, "mu": [-1.4631951959551461, 0.7772709002430845, 1.4636903115022357], "Sigma": [[0.007740250839962884, 0.005963821504799554, -0.0005834724554198546], [0.005963821504799554, 0.009794988181902985, -0.0061931404209493324], [-0.0005834724554198546, -0.0061931404209493324, 0.011584312033159292]], "chi2_level": 0.95, "chi2_df": 3, "chi2_threshold": 7.814727903251179, "N_raw": 64, "N_roi": 64, "N_inlier": 60, "refit": true}
{"timestamp": "15:20:34.796028", "frame": 74, "mu": [-1.4769751304471246, 0.8926057232139702, -0.46235189847007274], "Sigma": [[0.008421650205356472, 0.004538797582314189, 0.0029077525428472676], [0.004538797582314189, 0.02427584788722502, 0.0037928134078147363], [0.0029077525428472676, 0.0037928134078147368, 0.007314675667342576]], "chi2_level": 0.95, "chi2_df": 3, "chi2_threshold": 7.814727903251179, "N_raw": 75, "N_roi": 75, "N_inlier": 71, "refit": true}
{"timestamp": "15:20:34.856491", "frame": 75, "mu": [-1.4033713523763778, 1.0178197539623215, -0.005764180460485802], "Sigma": [[0.02575018709932586, 0.010803001138590328, 0.03200030806280789], [0.010803001138590328, 0.013079541799399312, 0.018336577780021415], [0.03200030806280789, 0.018336577780021412, 0.08237431877469409]], "chi2_level": 0.95, "chi2_df": 3, "chi2_threshold": 7.814727903251179, "N_raw": 107, "N_roi": 107, "N_inlier": 98, "refit": true}
{"timestamp": "15:20:34.905518", "frame": 76, "mu": [-1.5164850799803957, 0.8784247101104263, 1.4649233900681808], "Sigma": [[0.011602294178355805, 0.0038162823918683622, -0.0050251018604042935], [0.0038162823918683622, 0.009767998269677941, -0.005953387858419331], [-0.0050251018604042935, -0.0059533878584193305, 0.004683833024580616]], "chi2_level": 0.95, "chi2_df": 3, "chi2_threshold": 7.814727903251179, "N_raw": 71, "N_roi": 71, "N_inlier": 68, "refit": true}
{"timestamp": "15:20:34.961228", "frame": 77, "mu": [-1.5378190260883433, 0.9408140620115133, 1.5091422617412453], "Sigma": [[0.012832049217413929, 0.0014732856451310737, -0.008028310025654923], [0.0014732856451310733, 0.009315662968768419, -0.005907197688196409], [-0.008028310025654923, -0.005907197688196409, 0.00854947442219944]], "chi2_level": 0.95, "chi2_df": 3, "chi2_threshold": 7.814727903251179, "N_raw": 76, "N_roi": 76, "N_inlier": 72, "refit": true}
{"timestamp": "15:20:35.014276", "frame": 78, "mu": [-1.5637225399875043, 0.9910333803201944, 1.5041211814216413], "Sigma": [[0.00870351018822762, 0.0004963225468438247, -0.004740964035405029], [0.0004963225468438246, 0.008781571221241638, -0.00559230276868505], [-0.004740964035405029, -0.00559230276868505, 0.01138943873954343]], "chi2_level": 0.95, "chi2_df": 3, "chi2_threshold": 7.814727903251179, "N_raw": 63, "N_roi": 63, "N_inlier": 61, "refit": true}
{"timestamp": "15:20:35.072823", "frame": 79, "mu": [-1.6027826468556772, 0.9933193336319651, 1.480530893235422], "Sigma": [[0.014256171342021269, 0.004131622983014475, -0.010048845241193857], [0.004131622983014475, 0.00948234772764433, -0.00924559788965056], [-0.010048845241193857, -0.00924559788965056, 0.022093475932852533]], "chi2_level": 0.95, "chi2_df": 3, "chi2_threshold": 7.814727903251179, "N_raw": 84, "N_roi": 84, "N_inlier": 76, "refit": true}
{"timestamp": "15:20:35.130086", "frame": 80, "mu": [-1.6133871817378507, 1.1173976686582234, 0.1547888197981047], "Sigma": [[0.012886205608839732, 0.0025374916617256172, 0.023743284938642514], [0.002537491661725617, 0.01240755393217033, 0.02049578515435671], [0.023743284938642514, 0.02049578515435671, 0.4249280368753971]], "chi2_level": 0.95, "chi2_df": 3, "chi2_threshold": 7.814727903251179, "N_raw": 94, "N_roi": 94, "N_inlier": 93, "refit": true}
{"timestamp": "15:20:35.180227", "frame": 81, "mu": [-1.6045878275148728, 1.0953227808404342, 1.4995251833133172], "Sigma": [[0.012963208743127065, 0.0008195278963081268, -0.01075866600098849], [0.0008195278963081269, 0.00890149538878716, -0.0019883820698897536], [-0.01075866600098849, -0.0019883820698897536, 0.009824030837842288]], "chi2_level": 0.95, "chi2_df": 3, "chi2_threshold": 7.814727903251179, "N_raw": 60, "N_roi": 60, "N_inlier": 58, "refit": true}
{"timestamp": "15:20:35.236904", "frame": 82, "mu": [-1.6514741079075117, 1.132125555105119, -0.14802681343828206], "Sigma": [[0.014595786602546004, 0.007709258019475655, 0.034917606556972514], [0.0077092580194756555, 0.018302510940828576, 0.04092090238818519], [0.034917606556972514, 0.04092090238818519, 0.39202397869111666]], "chi2_level": 0.95, "chi2_df": 3, "chi2_threshold": 7.814727903251179, "N_raw": 83, "N_roi": 83, "N_inlier": 81, "refit": true}
{"timestamp": "15:20:35.291290", "frame": 83, "mu": [-1.6490870805899385, 1.16189945993114, 1.4950402217260492], "Sigma": [[0.01501929140299264, 0.007002361531239214, -0.00846392162935955], [0.007002361531239214, 0.0134695238557713, -0.007515312569625431], [-0.00846392162935955, -0.007515312569625431, 0.00652117734831923]], "chi2_level": 0.95, "chi2_df": 3, "chi2_threshold": 7.814727903251179, "N_raw": 79, "N_roi": 79, "N_inlier": 77, "refit": true}
{"timestamp": "15:20:35.341477", "frame": 84, "mu": [-1.6141119329027822, 1.163856323285015, 1.4113349565782272], "Sigma": [[0.008017617145707546, 0.006813953889939758, -0.007203399960946504], [0.006813953889939758, 0.008582624352723446, -0.01054975716501507], [-0.007203399960946504, -0.01054975716501507, 0.015924324925347826]], "chi2_level": 0.95, "chi2_df": 3, "chi2_threshold": 7.814727903251179, "N_raw": 38, "N_roi": 38, "N_inlier": 34, "refit": true}
{"timestamp": "15:20:35.400827", "frame": 85, "mu": [-1.731123521261239, 1.2301442839585999, 1.4998034864806946], "Sigma": [[0.021644255772360205, 0.008348069016192788, -0.010916923663927451], [0.008348069016192788, 0.009544412438522437, -0.007162804979867295], [-0.01091692366392745, -0.007162804979867295, 0.008152836250729403]], "chi2_level": 0.95, "chi2_df": 3, "chi2_threshold": 7.814727903251179, "N_raw": 72, "N_roi": 70, "N_inlier": 68, "refit": true}
{"timestamp": "15:20:35.457898", "frame": 86, "mu": [-1.7506391667890215, 1.2684560921661268, 1.5785800813792639], "Sigma": [[0.01478804966747582, 0.007058167797505503, -0.01130901261022538], [0.007058167797505503, 0.016533884497973744, -0.007322800170455803], [-0.01130901261022538, -0.007322800170455803, 0.00984855709480835]], "chi2_level": 0.95, "chi2_df": 3, "chi2_threshold": 7.814727903251179, "N_raw": 81, "N_roi": 81, "N_inlier": 79, "refit": true}
