{"timestamp": "15:07:57.184480", "frame": 40, "mu": [1.9029725145049707, 1.0599788879633265, 1.6656718384927074], "Sigma": [[0.0019496764888437253, -0.00034676104125913154, -0.0006392322467619278], [-0.0003467610412591315, 0.003151857837999372, 9.243459952518212e-05], [-0.0006392322467619278, 9.243459952518207e-05, 0.00044367484587835225]], "chi2_level": 0.95, "chi2_df": 3, "chi2_threshold": 7.814727903251179, "N_raw": 8, "N_roi": 8, "N_inlier": 8, "refit": true}
{"timestamp": "15:07:57.240966", "frame": 41, "mu": [1.8421644165375113, 1.119059030775356, 1.6007919592288866], "Sigma": [[0.0036553768681313156, -0.0023340785593966417, 0.00021382861284847086], [-0.0023340785593966417, 0.0038046447629830737, 0.0004231459943112771], [0.00021382861284847086, 0.0004231459943112771, 0.00039216808380462343]], "chi2_level": 0.95, "chi2_df": 3, "chi2_threshold": 7.814727903251179, "N_raw": 15, "N_roi": 15, "N_inlier": 13, "refit": true}
{"timestamp": "15:07:57.298503", "frame": 42, "mu": [1.842019006262512, 1.2274395697264913, -0.04515161152421508], "Sigma": [[0.005935823585310511, -0.0031765013069951042, 0.0014363384566770904], [-0.0031765013069951042, 0.005784496608829809, 0.0007274506532127306], [0.0014363384566770901, 0.0007274506532127304, 0.0012470554235461785]], "chi2_level": 0.95, "chi2_df": 3, "chi2_threshold": 7.814727903251179, "N_raw": 24, "N_roi": 24, "N_inlier": 23, "refit": true}
{"timestamp": "15:07:57.353264", "frame": 43, "mu": [1.7726808195522916, 1.2350693248889115, 1.449299244725484], "Sigma": [[0.004521155718220226, 0.0012078869106940029, -0.0001983189170763056], [0.0012078869106940027, 0.0022343177098446414, -0.00046359171429235683], [-0.0001983189170763056, -0.00046359171429235683, 0.00014072133632746098]], "chi2_level": 0.95, "chi2_df": 3, "chi2_threshold": 7.814727903251179, "N_raw": 10, "N_roi": 10, "N_inlier": 9, "refit": true}
{"timestamp": "15:07:57.627213", "frame": 48, "mu": [1.8091086642681302, 1.5790606760742347, 1.419088585136431], "Sigma": [[0.0022476674310612115, -0.0029554384418254013, -0.014585566647545381], [-0.0029554384418254013, 0.018156046461502654, 0.06258983367462269], [-0.014585566647545385, 0.06258983367462269, 0.3251808635513481]], "chi2_level": 0.95, "chi2_df": 3, "chi2_threshold": 7.814727903251179, "N_raw": 9, "N_roi": 8, "N_inlier": 7, "refit": true}
{"timestamp": "15:07:57.737247", "frame": 50, "mu": [1.765276202345746, 1.7337867584777633, 1.2525221009596794], "Sigma": [[0.0021601393776025843, 0.001641997622166021, -0.009429601970379061], [0.001641997622166021, 0.0015745140262400476, -0.015058521339750323], [-0.009429601970379061, -0.015058521339750323, 0.29562061715390525]], "chi2_level": 0.95, "chi2_df": 3, "chi2_threshold": 7.814727903251179, "N_raw": 8, "N_roi": 8, "N_inlier": 7, "refit": true}
{"timestamp": "15:07:57.902212", "frame": 53, "mu": [1.684180696754871, 2.0264098173886826, -0.32183110085510647], "Sigma": [[0.0037483862624010174, 0.0009388337530017395, 0.010983890721132445], [0.0009388337530017394, 0.001922618998304785, 0.0025507218914408887], [0.010983890721132445, 0.0025507218914408887, 0.056603245594040875]], "chi2_level": 0.95, "chi2_df": 3, "chi2_threshold": 7.814727903251179, "N_raw": 13, "N_roi": 11, "N_inlier": 10, "refit": true}
{"timestamp": "15:07:58.012212", "frame": 55, "mu": [1.6842775530312677, 2.0979962623493345, 1.7293763354340468], "Sigma": [[0.0033984384525743688, 3.021674757782496e-06, -0.0007693527018232214], [3.0216747577823874e-06, 0.0015256364908560489, -0.0005917454225272932], [-0.0007693527018232213, -0.0005917454225272932, 0.001304780746180229]], "chi2_level": 0.95, "chi2_df": 3, "chi2_threshold": 7.814727903251179, "N_raw": 12, "N_roi": 11, "N_inlier": 9, "refit": true}
{"timestamp": "15:07:58.067796", "frame": 56, "mu": [1.7115445489967511, 2.128312332879131, -0.38227943884497917], "Sigma": [[0.01802679414885197, 0.002988308897084348, -0.034969769629420125], [0.0029883088970843476, 0.0011029445237837037, -0.0028367051787127136], [-0.034969769629420125, -0.0028367051787127145, 0.3130036823597596]], "chi2_level": 0.95, "chi2_df": 3, "chi2_threshold": 7.814727903251179, "N_raw": 10, "N_roi": 8, "N_inlier": 8, "refit": true}
{"timestamp": "15:07:58.232372", "frame": 59, "mu": [1.7357760233363768, 2.4145786803257554, -0.165344031325869], "Sigma": [[0.008317858041422124, 0.0031525016375512156, -0.02699310040384593], [0.0031525016375512156, 0.013529426636721319, -0.054395664220617715], [-0.02699310040384593, -0.054395664220617715, 0.2608977952503362]], "chi2_level": 0.95, "chi2_df": 3, "chi2_threshold": 7.814727903251179, "N_raw": 7, "N_roi": 7, "N_inlier": 7, "refit": true}
{"timestamp": "15:07:58.617653", "frame": 66, "mu": [1.6301933855380648, 2.559740040457749, 1.030218067311144], "Sigma": [[0.010599196957239718, -0.01118183986866203, -0.04637174350614844], [-0.01118183986866203, 0.014375629707255684, 0.04814400123627659], [-0.04637174350614845, 0.048144001236276594, 0.21242197373881297]], "chi2_level": 0.95, "chi2_df": 3, "chi2_threshold": 7.814727903251179, "N_raw": 10, "N_roi": 7, "N_inlier": 7, "refit": true}
{"timestamp": "15:07:58.672212", "frame": 67, "mu": [1.781071313560682, 2.517204251666097, 0.679900718096228], "Sigma": [[0.018131306139766705, -0.018727011170335605, -0.054209650353109755], [-0.018727011170335605, 0.021127858294476123, 0.058608637226194596], [-0.054209650353109755, 0.058608637226194596, 0.17935080835874143]], "chi2_level": 0.95, "chi2_df": 3, "chi2_threshold": 7.814727903251179, "N_raw": 15, "N_roi": 13, "N_inlier": 12, "refit": true}
{"timestamp": "15:07:58.728489", "frame": 68, "mu": [1.7820959279117057, 2.8472215249266704, 1.101619334555931], "Sigma": [[0.1155365329726416, 0.04366171027282666, -0.03656737860573529], [0.04366171027282666, 0.026764403098456516, 0.0016172000148579682], [-0.03656737860573529, 0.0016172000148579665, 0.08125159008025692]], "chi2_level": 0.95, "chi2_df": 3, "chi2_threshold": 7.814727903251179, "N_raw": 14, "N_roi": 9, "N_inlier": 8, "refit": true}
{"timestamp": "15:07:58.837218", "frame": 70, "mu": [1.6308536386060557, 2.896170266864389, 1.1924547353697192], "Sigma": [[0.006174506054149682, 4.939252979364178e-05, -0.015950029415472564], [4.939252979364167e-05, 0.001548739598807871, -0.0008016141897040302], [-0.015950029415472564, -0.0008016141897040301, 0.054997823246748234]], "chi2_level": 0.95, "chi2_df": 3, "chi2_threshold": 7.814727903251179, "N_raw": 11, "N_roi": 11, "N_inlier": 10, "refit": true}
{"timestamp": "15:07:58.891998", "frame": 71, "mu": [1.6215355752147076, 2.941089746861091, 1.0720179102217928], "Sigma": [[0.00508118139251324, 0.0020869156044542292, -0.03835947182176538], [0.0020869156044542292, 0.0015225553002586004, -0.015982076401063392], [-0.03835947182176538, -0.015982076401063392, 0.3201835041533895]], "chi2_level": 0.95, "chi2_df": 3, "chi2_threshold": 7.814727903251179, "N_raw": 7, "N_roi": 7, "N_inlier": 7, "refit": true}
{"timestamp": "15:07:58.947389", "frame": 72, "mu": [1.6385704770580034, 3.037948025526984, 1.1959715680747909], "Sigma": [[0.0034668201920388005, 0.0010308285030111353, -0.01810110982220766], [0.0010308285030111353, 0.0014975534435845389, -0.011996779050712952], [-0.01810110982220766, -0.01199677905071295, 0.21381023709792354]], "chi2_level": 0.95, "chi2_df": 3, "chi2_threshold": 7.814727903251179, "N_raw": 8, "N_roi": 8, "N_inlier": 8, "refit": true}
{"timestamp": "15:07:59.004799", "frame": 73, "mu": [1.6104383929958153, 3.0516442996528723, 1.0986772660965107], "Sigma": [[0.011117257106008081, -0.006496959773227248, -0.005619183342612041], [-0.006496959773227247, 0.004709309941986481, 0.0010567120840143409], [-0.005619183342612041, 0.001056712084014341, 0.020180974666916027]], "chi2_level": 0.95, "chi2_df": 3, "chi2_threshold": 7.814727903251179, "N_raw": 25, "N_roi": 25, "N_inlier": 23, "refit": true}
{"timestamp": "15:07:59.057918", "frame": 74, "mu": [1.7030097924067396, 3.181098414601294, 1.1222630587156779], "Sigma": [[0.002031182892816378, 0.0012234211911230069, -0.013580392076600303], [0.0012234211911230069, 0.001223645199834767, -0.009304773232168134], [-0.013580392076600306, -0.009304773232168132, 0.21145594912876564]], "chi2_level": 0.95, "chi2_df": 3, "chi2_threshold": 7.814727903251179, "N_raw": 9, "N_roi": 7, "N_inlier": 7, "refit": true}
{"timestamp": "15:07:59.222210", "frame": 77, "mu": [1.6364621527340963, 3.1919568787731825, 1.2091195596292985], "Sigma": [[0.02212678993898566, -0.017072173468068705, -0.07603150494542468], [-0.017072173468068705, 0.01976509622224173, 0.06727129380743638], [-0.07603150494542467, 0.06727129380743639, 0.28115992869402]], "chi2_level": 0.95, "chi2_df": 3, "chi2_threshold": 7.814727903251179, "N_raw": 12, "N_roi": 7, "N_inlier": 7, "refit": true}
{"timestamp": "15:07:59.442770", "frame": 81, "mu": [1.7227327253842655, 3.527816377991969, 0.15854176304798484], "Sigma": [[0.015865225019966407, -0.0002905110934767047, -0.0170582800507893], [-0.0002905110934767047, 0.001480874851452502, -0.0005811360701433643], [-0.017058280050789302, -0.0005811360701433644, 0.02049622293530978]], "chi2_level": 0.95, "chi2_df": 3, "chi2_threshold": 7.814727903251179, "N_raw": 16, "N_roi": 16, "N_inlier": 15, "refit": true}
{"timestamp": "15:07:59.607706", "frame": 84, "mu": [1.5584875884901006, 3.5913655171298635, 1.478761967203065], "Sigma": [[0.011107114473134285, -0.00010937808786558518, -0.018353027971662047], [-0.00010937808786558507, 0.0006715813372858775, -0.0004437764096925042], [-0.018353027971662047, -0.0004437764096925042, 0.03830335583387225]], "chi2_level": 0.95, "chi2_df": 3, "chi2_threshold": 7.814727903251179, "N_raw": 11, "N_roi": 11, "N_inlier": 9, "refit": true}
{"timestamp": "15:07:59.667510", "frame": 85, "mu": [1.49832989135621, 3.6904817204039606, 1.6030863500926729], "Sigma": [[0.018862001623370053, -0.005964568254521315, -0.008975702153108391], [-0.005964568254521315, 0.0066150005661048845, 0.0015070522077143456], [-0.008975702153108391, 0.0015070522077143453, 0.008842064317634225]], "chi2_level": 0.95, "chi2_df": 3, "chi2_threshold": 7.814727903251179, "N_raw": 47, "N_roi": 47, "N_inlier": 44, "refit": true}
{"timestamp": "15:07:59.722239", "frame": 86, "mu": [1.4934479935741816, 3.721523208378937, 1.578522835525658], "Sigma": [[0.021418424994445132, -0.0077136342205933245, -0.007630971283549814], [-0.0077136342205933245, 0.006636709595376958, 0.0027202490506197012], [-0.007630971283549815, 0.0027202490506197004, 0.004562495956900827]], "chi2_level": 0.95, "chi2_df": 3, "chi2_threshold": 7.814727903251179, "N_raw": 42, "N_roi": 42, "N_inlier": 41, "refit": true}
{"timestamp": "15:07:59.776233", "frame": 87, "mu": [1.5079219644664947, 3.7560628210969633, 1.3653135326231014], "Sigma": [[0.04001412515411498, -0.019247286307161923, -0.08653415912916207], [-0.019247286307161923, 0.011094480470604283, 0.04596680124542907], [-0.08653415912916207, 0.04596680124542907, 0.26709031126693944]], "chi2_level": 0.95, "chi2_df": 3, "chi2_threshold": 7.814727903251179, "N_raw": 37, "N_roi": 35, "N_inlier": 35, "refit": true}
{"timestamp": "15:07:59.832512", "frame": 88, "mu": [1.5455474240269207, 3.84962599236611, 1.4540019550114156], "Sigma": [[0.02129651291029585, -0.006845335657287913, -0.030230860319600483], [-0.006845335657287913, 0.004889250529487137, 0.007271113648262814], [-0.030230860319600483, 0.007271113648262814, 0.053846392073489915]], "chi2_level": 0.95, "chi2_df": 3, "chi2_threshold": 7.814727903251179, "N_raw": 43, "N_roi": 42, "N_inlier": 41, "refit": true}
{"timestamp": "15:07:59.882016", "frame": 89, "mu": [1.704955263323186, 3.945371885871435, 1.2498868641371446], "Sigma": [[0.12677769080655135, 0.03625158707431029, -0.06921424545961083], [0.03625158707431029, 0.01515314931421178, -0.0008393807914687489], [-0.06921424545961083, -0.0008393807914687489, 0.13196096480067426]], "chi2_level": 0.95, "chi2_df": 3, "chi2_threshold": 7.814727903251179, "N_raw": 8, "N_roi": 8, "N_inlier": 8, "refit": true}
{"timestamp": "15:08:00.048071", "frame": 92, "mu": [1.4417952952946476, 4.096733268062768, 1.5970225778455585], "Sigma": [[0.0054782097625575765, -0.00206977163489371, -0.002111520271476623], [-0.0020697716348937103, 0.0017754076354002588, 0.0008062446999955624], [-0.0021115202714766224, 0.0008062446999955623, 0.0025939392451085085]], "chi2_level": 0.95, "chi2_df": 3, "chi2_threshold": 7.814727903251179, "N_raw": 11, "N_roi": 11, "N_inlier": 9, "refit": true}
{"timestamp": "15:08:00.104110", "frame": 93, "mu": [1.4777019277874526, 4.131732799383944, 1.6467280261385004], "Sigma": [[0.013346681959829573, -0.0030029494864392573, -0.008875102528877889], [-0.003002949486439258, 0.0032273479241941225, 0.002165779789437319], [-0.008875102528877889, 0.002165779789437319, 0.00862664342213194]], "chi2_level": 0.95, "chi2_df": 3, "chi2_threshold": 7.814727903251179, "N_raw": 22, "N_roi": 22, "N_inlier": 21, "refit": true}
{"timestamp": "15:08:00.159574", "frame": 94, "mu": [1.4846072772642278, 4.165990112972725, 1.578952459661742], "Sigma": [[0.015952829540746814, -0.004106367331156043, -0.00845639432072436], [-0.004106367331156044, 0.003992580074511518, 0.001376990623922269], [-0.00845639432072436, 0.001376990623922269, 0.008778784837462123]], "chi2_level": 0.95, "chi2_df": 3, "chi2_threshold": 7.814727903251179, "N_raw": 29, "N_roi": 29, "N_inlier": 27, "refit": true}
{"timestamp": "15:08:00.267073", "frame": 96, "mu": [1.678663237013901, 4.267833433608251, 1.343325459107787], "Sigma": [[0.013771862402593399, 0.0011192839542387392, -0.019402685589117126], [0.001119283954238739, 0.0015198130920865633, -0.0015945032702494937], [-0.019402685589117126, -0.001594503270249494, 0.029492217225037594]], "chi2_level": 0.95, "chi2_df": 3, "chi2_threshold": 7.814727903251179, "N_raw": 8, "N_roi": 7, "N_inlier": 7, "refit": true}
{"timestamp": "15:08:00.433136", "frame": 99, "mu": [1.71135820811882, 4.379275538819775, 0.727292137040718], "Sigma": [[0.003905270234246391, -0.0013002502091246473, -0.008829522881480412], [-0.0013002502091246473, 0.000890800561077648, 0.0014292523962349522], [-0.00882952288148041, 0.0014292523962349524, 0.039183597998138184]], "chi2_level": 0.95, "chi2_df": 3, "chi2_threshold": 7.814727903251179, "N_raw": 11, "N_roi": 11, "N_inlier": 10, "refit": true}
{"timestamp": "15:08:00.528969", "frame": 100, "mu": [1.759315095264262, 4.485125540840997, 1.0698175906797363], "Sigma": [[0.026115710010917816, -0.010809211791425036, -0.03477673464556383], [-0.010809211791425036, 0.005991528565806872, 0.01072999458846793], [-0.03477673464556383, 0.01072999458846793, 0.0649778658408436]], "chi2_level": 0.95, "chi2_df": 3, "chi2_threshold": 7.814727903251179, "N_raw": 41, "N_roi": 40, "N_inlier": 37, "refit": true}
