{"timestamp": "15:44:16.271997", "frame": 24, "mu": [0.7544760314078398, 4.961827606979231, 0.9160652239036465], "Sigma": [[0.019009181562826178, -0.0018717644312116841, -0.009997731118783486], [-0.0018717644312116841, 0.0005901535251978449, 0.0016008051573002963], [-0.009997731118783486, 0.0016008051573002963, 0.006685524030561115]], "chi2_level": 0.95, "chi2_df": 3, "chi2_threshold": 7.814727903251179, "N_raw": 55, "N_roi": 8, "N_inlier": 8, "refit": true}
{"timestamp": "15:44:16.381174", "frame": 26, "mu": [0.545294318577853, 4.951468548603907, -0.8618016111143855], "Sigma": [[0.032013945196558764, -0.0002718755799984697, 0.06076672790916354], [-0.0002718755799984699, 0.0009462332565309859, 0.007064490776098355], [0.06076672790916354, 0.007064490776098355, 0.23050465455269578]], "chi2_level": 0.95, "chi2_df": 3, "chi2_threshold": 7.814727903251179, "N_raw": 57, "N_roi": 23, "N_inlier": 23, "refit": true}
{"timestamp": "15:44:16.438605", "frame": 27, "mu": [0.7468044208016618, 4.932195674149165, 0.6248193091175192], "Sigma": [[0.03431048092334546, 0.000563182454899557, -0.00020780965351461427], [0.000563182454899557, 0.0013931196983671434, -0.000388821616700865], [-0.0002078096535146143, -0.00038882161670086493, 0.00010967457837341372]], "chi2_level": 0.95, "chi2_df": 3, "chi2_threshold": 7.814727903251179, "N_raw": 54, "N_roi": 29, "N_inlier": 28, "refit": true}
{"timestamp": "15:44:16.496335", "frame": 28, "mu": [0.6214601004459985, 4.8945822199321745, 0.8164321187128527], "Sigma": [[0.037437282539444866, -0.0037639040592126185, -0.013044831845022878], [-0.003763904059212618, 0.0035419383059554026, 0.0011723660285272628], [-0.01304483184502288, 0.0011723660285272628, 0.00675872909528986]], "chi2_level": 0.95, "chi2_df": 3, "chi2_threshold": 7.814727903251179, "N_raw": 66, "N_roi": 41, "N_inlier": 41, "refit": true}
{"timestamp": "15:44:16.543891", "frame": 29, "mu": [0.6956291261313446, 4.906416081805158, 0.8220015998412609], "Sigma": [[0.016679580653740284, -0.0025056195468470197, 0.00044927127100047185], [-0.0025056195468470197, 0.0016545180390307934, 0.0005426035345672785], [0.00044927127100047196, 0.0005426035345672785, 0.00030584459240169323]], "chi2_level": 0.95, "chi2_df": 3, "chi2_threshold": 7.814727903251179, "N_raw": 19, "N_roi": 19, "N_inlier": 17, "refit": true}
{"timestamp": "15:44:16.597475", "frame": 30, "mu": [0.6791808447273805, 4.8581630872791015, 0.9355867786967299], "Sigma": [[0.009491280501307011, -0.0014084588742087935, -0.00599163092673889], [-0.0014084588742087935, 0.0030813351061840947, -0.0020940983778786294], [-0.005991630926738888, -0.002094098377878629, 0.009296483285566847]], "chi2_level": 0.95, "chi2_df": 3, "chi2_threshold": 7.814727903251179, "N_raw": 14, "N_roi": 12, "N_inlier": 12, "refit": true}
{"timestamp": "15:44:16.656306", "frame": 31, "mu": [0.5744926233517237, 4.922715960444589, 1.1367770005202693], "Sigma": [[0.029835241546483815, -0.003593337765355575, -0.018647285246976585], [-0.0035933377653555756, 0.002452632304372049, -0.0002675255517382636], [-0.018647285246976585, -0.0002675255517382635, 0.017610303384057783]], "chi2_level": 0.95, "chi2_df": 3, "chi2_threshold": 7.814727903251179, "N_raw": 44, "N_roi": 37, "N_inlier": 36, "refit": true}
{"timestamp": "15:44:16.708051", "frame": 32, "mu": [0.8437757247592592, 4.837675260653473, 0.7311220074501981], "Sigma": [[0.01734714803692703, -0.0004142444019899997, -0.01731287619878587], [-0.0004142444019899997, 0.001214406353469992, -0.0005927537531174918], [-0.01731287619878587, -0.0005927537531174918, 0.02178030957478314]], "chi2_level": 0.95, "chi2_df": 3, "chi2_threshold": 7.814727903251179, "N_raw": 16, "N_roi": 13, "N_inlier": 12, "refit": true}
{"timestamp": "15:44:16.769736", "frame": 33, "mu": [0.6447451791108157, 4.83657225104211, 0.9302407562365176], "Sigma": [[0.044488405727373816, -0.005787883738066581, -0.04630438731386442], [-0.00578788373806658, 0.004001773780000415, 0.0032439649503479646], [-0.04630438731386442, 0.0032439649503479646, 0.0570045632196905]], "chi2_level": 0.95, "chi2_df": 3, "chi2_threshold": 7.814727903251179, "N_raw": 63, "N_roi": 58, "N_inlier": 56, "refit": true}
{"timestamp": "15:44:16.820752", "frame": 34, "mu": [0.5326080874406746, 4.786376290551399, 0.9245790044979068], "Sigma": [[0.024309009722689685, -0.002342480781200646, -0.010220679743213458], [-0.002342480781200646, 0.0022533822811289907, -0.0002344067006093115], [-0.010220679743213458, -0.0002344067006093114, 0.007364176631677506]], "chi2_level": 0.95, "chi2_df": 3, "chi2_threshold": 7.814727903251179, "N_raw": 35, "N_roi": 35, "N_inlier": 32, "refit": true}
{"timestamp": "15:44:16.879429", "frame": 35, "mu": [0.5961708984710686, 4.790665305698127, 0.8736373283633763], "Sigma": [[0.044459547463466045, -0.006851176593928091, -0.033283800739027314], [-0.006851176593928091, 0.00825487387801779, 0.010881250154457381], [-0.033283800739027314, 0.01088125015445738, 0.03179478961853054]], "chi2_level": 0.95, "chi2_df": 3, "chi2_threshold": 7.814727903251179, "N_raw": 56, "N_roi": 56, "N_inlier": 56, "refit": true}
{"timestamp": "15:44:16.935974", "frame": 36, "mu": [0.6532303689250937, 4.77386648661839, 0.9258667489536858], "Sigma": [[0.040167692275394046, -0.004925129978576725, -0.017396914464835125], [-0.004925129978576725, 0.007100058076474264, 0.0008658191255947884], [-0.017396914464835128, 0.0008658191255947884, 0.013864290169964951]], "chi2_level": 0.95, "chi2_df": 3, "chi2_threshold": 7.814727903251179, "N_raw": 71, "N_roi": 68, "N_inlier": 67, "refit": true}
{"timestamp": "15:44:16.989451", "frame": 37, "mu": [0.5831807810988388, 4.700824540259836, 1.0294665901196753], "Sigma": [[0.035260298519058285, -0.008615182397394843, -0.017740799591870096], [-0.008615182397394843, 0.006406029214703716, 0.002611257189713422], [-0.017740799591870096, 0.0026112571897134226, 0.012905568352384022]], "chi2_level": 0.95, "chi2_df": 3, "chi2_threshold": 7.814727903251179, "N_raw": 57, "N_roi": 57, "N_inlier": 54, "refit": true}
{"timestamp": "15:44:17.038166", "frame": 38, "mu": [0.7327894321152577, 4.623398297619744, 0.6343891475085855], "Sigma": [[0.011898943454511686, -0.003368743134844769, -0.012205423613998494], [-0.0033687431348447695, 0.0016382122695907944, 0.0033647978744997314], [-0.012205423613998496, 0.0033647978744997314, 0.01505291421812423]], "chi2_level": 0.95, "chi2_df": 3, "chi2_threshold": 7.814727903251179, "N_raw": 16, "N_roi": 13, "N_inlier": 12, "refit": true}
{"timestamp": "15:44:17.097459", "frame": 39, "mu": [0.7178602256093823, 4.62269234742268, 0.8244165912365017], "Sigma": [[0.026499719370246415, -0.005764761526617682, -0.02744191759422267], [-0.005764761526617681, 0.0018701608088065515, 0.0033116819612875993], [-0.02744191759422267, 0.0033116819612875993, 0.06760147071801423]], "chi2_level": 0.95, "chi2_df": 3, "chi2_threshold": 7.814727903251179, "N_raw": 49, "N_roi": 46, "N_inlier": 43, "refit": true}
{"timestamp": "15:44:17.152884", "frame": 40, "mu": [0.6966911057391261, 4.5771373313610475, 0.8618364494118517], "Sigma": [[0.03624212395294579, -0.005073394693009554, -0.024410600726459467], [-0.005073394693009554, 0.002955855401779011, -0.0003763387966479681], [-0.024410600726459467, -0.000376338796647968, 0.02854781755510695]], "chi2_level": 0.95, "chi2_df": 3, "chi2_threshold": 7.814727903251179, "N_raw": 53, "N_roi": 53, "N_inlier": 53, "refit": true}
{"timestamp": "15:44:17.203738", "frame": 41, "mu": [0.9281948679695973, 4.570883125101824, 0.7351609937693735], "Sigma": [[0.0191486218619902, -0.0020563716018523106, -0.006181860842128468], [-0.002056371601852311, 0.002356966072106644, -0.0005723825415462142], [-0.0061818608421284685, -0.0005723825415462142, 0.006527428478829252]], "chi2_level": 0.95, "chi2_df": 3, "chi2_threshold": 7.814727903251179, "N_raw": 20, "N_roi": 20, "N_inlier": 19, "refit": true}
{"timestamp": "15:44:17.260970", "frame": 42, "mu": [0.6221083797203207, 4.553156933674764, 0.8321449687704418], "Sigma": [[0.03282800159110047, -0.0012795015417910393, -0.007103223004710276], [-0.0012795015417910393, 0.0035856588753281422, 0.0029109453854568347], [-0.007103223004710276, 0.0029109453854568347, 0.004228223685807366]], "chi2_level": 0.95, "chi2_df": 3, "chi2_threshold": 7.814727903251179, "N_raw": 37, "N_roi": 37, "N_inlier": 36, "refit": true}
{"timestamp": "15:44:17.312632", "frame": 43, "mu": [0.6609905626795513, 4.505330208830476, 0.8114278472192302], "Sigma": [[0.012955467333235467, 0.000229051081719224, -0.0061734950641704305], [0.00022905108171922408, 0.0018021358171229393, 0.0011143419186704806], [-0.0061734950641704305, 0.0011143419186704806, 0.004580863175706791]], "chi2_level": 0.95, "chi2_df": 3, "chi2_threshold": 7.814727903251179, "N_raw": 14, "N_roi": 14, "N_inlier": 13, "refit": true}
{"timestamp": "15:44:17.374049", "frame": 44, "mu": [0.744347140501998, 4.445082327811517, 0.7741304291103884], "Sigma": [[0.037582701001209445, -0.0018269309104628757, -0.014995864293374224], [-0.0018269309104628757, 0.00497238631914322, -0.0017144988727330567], [-0.014995864293374224, -0.0017144988727330567, 0.009673571272395725]], "chi2_level": 0.95, "chi2_df": 3, "chi2_threshold": 7.814727903251179, "N_raw": 65, "N_roi": 65, "N_inlier": 63, "refit": true}
{"timestamp": "15:44:17.427024", "frame": 45, "mu": [0.7192745108905417, 4.419394582559942, 0.9023661501364342], "Sigma": [[0.020028773106380134, -0.0045611148721599395, -0.013026570860132133], [-0.0045611148721599395, 0.002121327325019907, 0.0007636703536934379], [-0.013026570860132133, 0.000763670353693438, 0.02013107892789158]], "chi2_level": 0.95, "chi2_df": 3, "chi2_threshold": 7.814727903251179, "N_raw": 38, "N_roi": 35, "N_inlier": 32, "refit": true}
{"timestamp": "15:44:17.482448", "frame": 46, "mu": [0.6412255183597776, 4.410166604012602, 1.0004349147803773], "Sigma": [[0.02677701815242406, -0.005584020295843831, -0.03362331030380794], [-0.005584020295843831, 0.002490918263039541, 0.004167306288861496], [-0.03362331030380794, 0.004167306288861496, 0.05341505628413948]], "chi2_level": 0.95, "chi2_df": 3, "chi2_threshold": 7.814727903251179, "N_raw": 41, "N_roi": 41, "N_inlier": 38, "refit": true}
{"timestamp": "15:44:17.536643", "frame": 47, "mu": [0.6817577096549182, 4.426479023402873, -0.7591995130599556], "Sigma": [[0.025097496204526722, 0.009172853300336984, 0.06602974131682035], [0.009172853300336984, 0.010457782625038225, 0.0409390787134913], [0.06602974131682035, 0.0409390787134913, 0.2864156673777927]], "chi2_level": 0.95, "chi2_df": 3, "chi2_threshold": 7.814727903251179, "N_raw": 45, "N_roi": 45, "N_inlier": 45, "refit": true}
{"timestamp": "15:44:17.594924", "frame": 48, "mu": [0.6759379332216783, 4.381087588189378, 0.9210106121859929], "Sigma": [[0.029680407117301067, -0.0034338034897972002, -0.015271046750320802], [-0.0034338034897972007, 0.005283689241367563, -0.0011178148840945929], [-0.015271046750320802, -0.0011178148840945926, 0.01372421836984466]], "chi2_level": 0.95, "chi2_df": 3, "chi2_threshold": 7.814727903251179, "N_raw": 60, "N_roi": 60, "N_inlier": 59, "refit": true}
{"timestamp": "15:44:17.649057", "frame": 49, "mu": [0.5669237817395588, 4.337345234455161, 0.881456052946102], "Sigma": [[0.03406822741416174, -0.0030884490401696016, -0.014377255268491387], [-0.0030884490401696016, 0.002716720986211803, -0.001551898921437839], [-0.014377255268491389, -0.0015518989214378387, 0.013322479343043111]], "chi2_level": 0.95, "chi2_df": 3, "chi2_threshold": 7.814727903251179, "N_raw": 54, "N_roi": 54, "N_inlier": 51, "refit": true}
{"timestamp": "15:44:17.701588", "frame": 50, "mu": [0.6282097840963901, 4.305802816592687, 0.6850172121285266], "Sigma": [[0.02132975585652143, -0.00600310436987989, -0.009895396486362056], [-0.00600310436987989, 0.004792215063488722, 0.002512828355106606], [-0.009895396486362056, 0.0025128283551066064, 0.006255159086573874]], "chi2_level": 0.95, "chi2_df": 3, "chi2_threshold": 7.814727903251179, "N_raw": 37, "N_roi": 37, "N_inlier": 36, "refit": true}
{"timestamp": "15:44:17.757660", "frame": 51, "mu": [0.6134361531252165, 4.163736387791895, 0.5388607381275252], "Sigma": [[0.02387559457573398, -0.004934671013213864, -0.006703292442211308], [-0.004934671013213864, 0.001634559126592967, 0.0006012281631229074], [-0.006703292442211307, 0.0006012281631229075, 0.0068694821418671505]], "chi2_level": 0.95, "chi2_df": 3, "chi2_threshold": 7.814727903251179, "N_raw": 27, "N_roi": 27, "N_inlier": 27, "refit": true}
{"timestamp": "15:44:17.812334", "frame": 52, "mu": [0.6628453999422398, 4.176121879913581, 0.580001589722242], "Sigma": [[0.02130495671076755, -0.004569626562012052, -0.002411488410088821], [-0.004569626562012051, 0.005218058478845314, 0.00012816608419543383], [-0.0024114884100888212, 0.00012816608419543386, 0.005411958760252023]], "chi2_level": 0.95, "chi2_df": 3, "chi2_threshold": 7.814727903251179, "N_raw": 45, "N_roi": 45, "N_inlier": 45, "refit": true}
{"timestamp": "15:44:17.868097", "frame": 53, "mu": [0.6891141829915923, 4.204732499719033, 0.7663843495205498], "Sigma": [[0.025878181723315657, -0.004296864808385415, -0.008296763276981374], [-0.004296864808385415, 0.004383273469200525, -0.00010136708882993098], [-0.008296763276981374, -0.00010136708882993103, 0.004909216479620265]], "chi2_level": 0.95, "chi2_df": 3, "chi2_threshold": 7.814727903251179, "N_raw": 47, "N_roi": 47, "N_inlier": 47, "refit": true}
{"timestamp": "15:44:17.923534", "frame": 54, "mu": [0.6535286740987903, 4.282448092915734, -0.20951351035340404], "Sigma": [[0.02388295694631505, -0.0033295699143785175, -0.000767119353550964], [-0.0033295699143785175, 0.004855637840155159, -0.003123670777930745], [-0.0007671193535509637, -0.0031236707779307453, 0.003566316147073]], "chi2_level": 0.95, "chi2_df": 3, "chi2_threshold": 7.814727903251179, "N_raw": 49, "N_roi": 49, "N_inlier": 48, "refit": true}
{"timestamp": "15:44:17.977826", "frame": 55, "mu": [0.6350933460065658, 4.125694311810438, 0.9251772234608892], "Sigma": [[0.023094848921073108, -0.0033609240517814567, -0.005898297961986134], [-0.0033609240517814562, 0.0027405612098443744, -0.002458212771812139], [-0.005898297961986134, -0.002458212771812139, 0.014309069795364901]], "chi2_level": 0.95, "chi2_df": 3, "chi2_threshold": 7.814727903251179, "N_raw": 46, "N_roi": 46, "N_inlier": 46, "refit": true}
{"timestamp": "15:44:18.033720", "frame": 56, "mu": [0.7213280791127549, 4.078056117744926, 0.7741275421762519], "Sigma": [[0.030715767620318482, 0.00019842157590229954, 0.00033680203968602745], [0.00019842157590229921, 0.006358999033134167, 0.0026472072923664574], [0.00033680203968602723, 0.0026472072923664574, 0.003620431357285412]], "chi2_level": 0.95, "chi2_df": 3, "chi2_threshold": 7.814727903251179, "N_raw": 57, "N_roi": 57, "N_inlier": 55, "refit": true}
{"timestamp": "15:44:18.084825", "frame": 57, "mu": [0.6195004502162085, 4.025546356057275, 0.742578712374858], "Sigma": [[0.01549397756139627, -0.0027634198771525247, -0.0069018338912090575], [-0.0027634198771525247, 0.0019480029757268605, 0.001003201372035184], [-0.0069018338912090575, 0.001003201372035184, 0.004594430446523396]], "chi2_level": 0.95, "chi2_df": 3, "chi2_threshold": 7.814727903251179, "N_raw": 25, "N_roi": 25, "N_inlier": 22, "refit": true}
{"timestamp": "15:44:18.142220", "frame": 58, "mu": [0.6623068442082053, 4.041904488253382, 0.9320927382399301], "Sigma": [[0.045631831236348175, 0.0007815982983177844, -0.035031398666217586], [0.0007815982983177847, 0.004145226971290743, -0.005065862439200965], [-0.035031398666217586, -0.005065862439200965, 0.03721103448641712]], "chi2_level": 0.95, "chi2_df": 3, "chi2_threshold": 7.814727903251179, "N_raw": 52, "N_roi": 52, "N_inlier": 50, "refit": true}
{"timestamp": "15:44:18.198737", "frame": 59, "mu": [0.6428001314377827, 4.024134650021052, 0.9147761159019093], "Sigma": [[0.022305016196191525, -0.004164166612606603, -0.011080803694344487], [-0.004164166612606603, 0.003317567899632805, -0.0030926057218892836], [-0.011080803694344487, -0.003092605721889284, 0.019959593518183907]], "chi2_level": 0.95, "chi2_df": 3, "chi2_threshold": 7.814727903251179, "N_raw": 56, "N_roi": 56, "N_inlier": 54, "refit": true}
{"timestamp": "15:44:18.248663", "frame": 60, "mu": [0.5637371590697251, 3.9318564092597175, 1.280367208907564], "Sigma": [[0.004109378227251693, 0.00044269390892859246, -0.011842898273504147], [0.00044269390892859236, 0.001555618673201152, -0.0026832707329577975], [-0.011842898273504147, -0.002683270732957798, 0.12645634765186559]], "chi2_level": 0.95, "chi2_df": 3, "chi2_threshold": 7.814727903251179, "N_raw": 17, "N_roi": 17, "N_inlier": 15, "refit": true}
{"timestamp": "15:44:18.313318", "frame": 61, "mu": [0.6386860359780483, 3.9142440342786258, 0.9096971257658553], "Sigma": [[0.03554708243351308, -0.0026638324301301287, -0.040633651874381095], [-0.0026638324301301287, 0.003963154047755406, -0.006236837497733367], [-0.04063365187438109, -0.006236837497733366, 0.10472667617780398]], "chi2_level": 0.95, "chi2_df": 3, "chi2_threshold": 7.814727903251179, "N_raw": 88, "N_roi": 88, "N_inlier": 88, "refit": true}
{"timestamp": "15:44:18.365605", "frame": 62, "mu": [0.6594760209104508, 3.9622022759825866, 0.7988840646091178], "Sigma": [[0.030537835189454694, -0.0026955130761289183, -0.013264795328330362], [-0.002695513076128919, 0.006866076582803822, 0.003208400986494064], [-0.013264795328330362, 0.003208400986494064, 0.011098745734331865]], "chi2_level": 0.95, "chi2_df": 3, "chi2_threshold": 7.814727903251179, "N_raw": 59, "N_roi": 59, "N_inlier": 57, "refit": true}
{"timestamp": "15:44:18.421585", "frame": 63, "mu": [0.6289376237736389, 3.89844549704183, 0.9108066790057562], "Sigma": [[0.029665127466888964, -0.008187726124944275, -0.03164415897359315], [-0.008187726124944275, 0.007381827562000743, 0.005788150525462221], [-0.031644158973593156, 0.005788150525462221, 0.04252649259987242]], "chi2_level": 0.95, "chi2_df": 3, "chi2_threshold": 7.814727903251179, "N_raw": 73, "N_roi": 73, "N_inlier": 70, "refit": true}
{"timestamp": "15:44:18.475083", "frame": 64, "mu": [0.644843015624261, 4.058606120409189, -0.20728920884373775], "Sigma": [[0.04020897474266234, 0.004226760575528121, -0.025075446686724404], [0.004226760575528122, 0.005103227978452126, -0.004178144490997619], [-0.025075446686724404, -0.00417814449099762, 0.019681672599327855]], "chi2_level": 0.95, "chi2_df": 3, "chi2_threshold": 7.814727903251179, "N_raw": 64, "N_roi": 64, "N_inlier": 63, "refit": true}
{"timestamp": "15:44:18.531206", "frame": 65, "mu": [0.6457132508141138, 3.8494688297991724, 0.9496640543155608], "Sigma": [[0.03072560546417578, -0.003232358528087886, -0.01864956788733471], [-0.003232358528087886, 0.0050309074470851105, -0.0018280870837605076], [-0.01864956788733471, -0.0018280870837605076, 0.016168627986551352]], "chi2_level": 0.95, "chi2_df": 3, "chi2_threshold": 7.814727903251179, "N_raw": 72, "N_roi": 72, "N_inlier": 70, "refit": true}
{"timestamp": "15:44:18.584501", "frame": 66, "mu": [0.5511662072821276, 3.86522663929001, -0.2949913929680992], "Sigma": [[0.02335673344493465, 0.0023155610538511894, 0.048599477842108746], [0.0023155610538511894, 0.005579098517827666, 0.0057538642644946215], [0.048599477842108746, 0.0057538642644946215, 0.21100403912323204]], "chi2_level": 0.95, "chi2_df": 3, "chi2_threshold": 7.814727903251179, "N_raw": 57, "N_roi": 57, "N_inlier": 55, "refit": true}
{"timestamp": "15:44:18.641299", "frame": 67, "mu": [0.6853056223429845, 3.715232159310464, 0.9973961860795104], "Sigma": [[0.02608112990755382, -0.0028715916381487523, -0.016624457475363896], [-0.0028715916381487523, 0.00198015457342883, -0.002871388101396755], [-0.016624457475363896, -0.0028713881013967546, 0.05409439417379568]], "chi2_level": 0.95, "chi2_df": 3, "chi2_threshold": 7.814727903251179, "N_raw": 72, "N_roi": 71, "N_inlier": 69, "refit": true}
{"timestamp": "15:44:18.698397", "frame": 68, "mu": [0.6521342277037283, 3.8276080905819008, -0.1011542952347347], "Sigma": [[0.024586466978484996, 4.66145242649812e-05, -0.013047691776460028], [4.661452426498055e-05, 0.010919268229369838, -0.02102586948940692], [-0.013047691776460027, -0.02102586948940692, 0.05287588921026107]], "chi2_level": 0.95, "chi2_df": 3, "chi2_threshold": 7.814727903251179, "N_raw": 85, "N_roi": 85, "N_inlier": 82, "refit": true}
{"timestamp": "15:44:18.751378", "frame": 69, "mu": [0.685073285162282, 3.637989526685134, 0.7985768198929497], "Sigma": [[0.030601395966410823, -0.004197896842016837, -0.007629270388162137], [-0.004197896842016836, 0.002913312147585146, -0.0032511649390191606], [-0.007629270388162136, -0.003251164939019161, 0.013156513274687044]], "chi2_level": 0.95, "chi2_df": 3, "chi2_threshold": 7.814727903251179, "N_raw": 68, "N_roi": 68, "N_inlier": 64, "refit": true}
{"timestamp": "15:44:18.803799", "frame": 70, "mu": [0.6493669546343301, 3.6119183857454007, 1.1710948508246777], "Sigma": [[0.017716640369246354, -0.0035788292850774976, -0.003952272303710872], [-0.0035788292850774976, 0.003949433071516857, -0.0033164900169818583], [-0.003952272303710871, -0.0033164900169818583, 0.009442284503235983]], "chi2_level": 0.95, "chi2_df": 3, "chi2_threshold": 7.814727903251179, "N_raw": 54, "N_roi": 53, "N_inlier": 50, "refit": true}
{"timestamp": "15:44:18.862461", "frame": 71, "mu": [0.5865362016923588, 3.5541737377472065, 1.1187177507271682], "Sigma": [[0.019386689923855192, -0.008094871938282542, -0.0028388956243178263], [-0.008094871938282542, 0.007553625918842492, -0.007411631496734813], [-0.0028388956243178267, -0.007411631496734813, 0.06626171042060755]], "chi2_level": 0.95, "chi2_df": 3, "chi2_threshold": 7.814727903251179, "N_raw": 73, "N_roi": 73, "N_inlier": 72, "refit": true}
{"timestamp": "15:44:18.919871", "frame": 72, "mu": [0.7434503625605535, 3.5164470977232964, 1.0474751724259603], "Sigma": [[0.02850155928196021, -0.002027730901957855, -0.03082929062137601], [-0.002027730901957855, 0.002225970033476571, -0.006863212437845329], [-0.03082929062137601, -0.006863212437845329, 0.08708096841959098]], "chi2_level": 0.95, "chi2_df": 3, "chi2_threshold": 7.814727903251179, "N_raw": 93, "N_roi": 93, "N_inlier": 88, "refit": true}
{"timestamp": "15:44:18.974374", "frame": 73, "mu": [0.6590166457016281, 3.5742694568098092, 0.21961114508978627], "Sigma": [[0.01981031563010921, -0.004412688982251422, 0.01735995466854339], [-0.004412688982251423, 0.01577579422061022, -0.033769932024993454], [0.017359954668543388, -0.033769932024993454, 0.10998468053289764]], "chi2_level": 0.95, "chi2_df": 3, "chi2_threshold": 7.814727903251179, "N_raw": 86, "N_roi": 86, "N_inlier": 84, "refit": true}
{"timestamp": "15:44:19.028178", "frame": 74, "mu": [0.6206826406777837, 3.5026667263966367, 1.0330894734889546], "Sigma": [[0.021520243066882074, -0.005594318018931911, -0.012227061868269115], [-0.005594318018931911, 0.007580695917190243, -0.01071936624585525], [-0.012227061868269117, -0.01071936624585525, 0.058455707790865355]], "chi2_level": 0.95, "chi2_df": 3, "chi2_threshold": 7.814727903251179, "N_raw": 83, "N_roi": 83, "N_inlier": 82, "refit": true}
{"timestamp": "15:44:19.079804", "frame": 75, "mu": [0.7209737095671125, 3.444335022270194, 0.979391057780974], "Sigma": [[0.02153248310029818, -0.0027685151163652126, -0.016976421111189854], [-0.0027685151163652126, 0.001776601218071225, -0.0031631509625482225], [-0.016976421111189854, -0.0031631509625482225, 0.040410591665748063]], "chi2_level": 0.95, "chi2_df": 3, "chi2_threshold": 7.814727903251179, "N_raw": 64, "N_roi": 64, "N_inlier": 61, "refit": true}
{"timestamp": "15:44:19.138088", "frame": 76, "mu": [0.6347106538790724, 3.4249971891398863, 0.9405675414768789], "Sigma": [[0.027793335521754774, -0.010945437537501178, -0.011666822000207033], [-0.010945437537501178, 0.008159601732843672, 0.0007847290373506453], [-0.011666822000207033, 0.0007847290373506455, 0.012698466472277526]], "chi2_level": 0.95, "chi2_df": 3, "chi2_threshold": 7.814727903251179, "N_raw": 76, "N_roi": 76, "N_inlier": 71, "refit": true}
{"timestamp": "15:44:19.193201", "frame": 77, "mu": [0.7025139646356792, 3.3439288372734244, 0.9556644614809063], "Sigma": [[0.01954594110666328, -0.002627401803792371, -0.01130218569232941], [-0.002627401803792371, 0.0033451280946492435, -0.006922434184647265], [-0.01130218569232941, -0.006922434184647265, 0.05674930617515051]], "chi2_level": 0.95, "chi2_df": 3, "chi2_threshold": 7.814727903251179, "N_raw": 79, "N_roi": 79, "N_inlier": 78, "refit": true}
{"timestamp": "15:44:19.250384", "frame": 78, "mu": [0.6523093217184583, 3.3065745407103546, 0.9519904128236499], "Sigma": [[0.018542631653296164, -0.0038792938686257805, -0.005797984811125869], [-0.0038792938686257805, 0.003188820616136065, -0.008546485393132118], [-0.0057979848111258695, -0.008546485393132118, 0.11982579405167303]], "chi2_level": 0.95, "chi2_df": 3, "chi2_threshold": 7.814727903251179, "N_raw": 94, "N_roi": 94, "N_inlier": 93, "refit": true}
{"timestamp": "15:44:19.307082", "frame": 79, "mu": [0.5748026762457125, 3.3971384286703525, 0.29015855282034697], "Sigma": [[0.024559925351328355, -0.013307367390686203, 0.0692532124832061], [-0.013307367390686204, 0.02061925832676505, -0.07436979459791324], [0.0692532124832061, -0.07436979459791324, 0.364527060249157]], "chi2_level": 0.95, "chi2_df": 3, "chi2_threshold": 7.814727903251179, "N_raw": 104, "N_roi": 104, "N_inlier": 103, "refit": true}
{"timestamp": "15:44:19.363128", "frame": 80, "mu": [0.6123306919343914, 3.2333917285665312, 0.9629961405511666], "Sigma": [[0.02223461866919358, -0.0027156489116844013, 0.007156518064214044], [-0.0027156489116844018, 0.0037268606748868498, -0.015732388878090885], [0.0071565180642140435, -0.015732388878090885, 0.09802876828140443]], "chi2_level": 0.95, "chi2_df": 3, "chi2_threshold": 7.814727903251179, "N_raw": 113, "N_roi": 113, "N_inlier": 112, "refit": true}
{"timestamp": "15:44:19.419188", "frame": 81, "mu": [0.6182803759864086, 3.182699381958754, 0.8997228304775218], "Sigma": [[0.03132394163163331, -0.0029303909679944088, 0.007434444351548797], [-0.0029303909679944088, 0.003412200549255628, -0.009582054822037491], [0.007434444351548795, -0.009582054822037493, 0.10282770243949207]], "chi2_level": 0.95, "chi2_df": 3, "chi2_threshold": 7.814727903251179, "N_raw": 114, "N_roi": 114, "N_inlier": 113, "refit": true}
{"timestamp": "15:44:19.468856", "frame": 82, "mu": [0.647604910606457, 3.149464503614432, 1.197703226914868], "Sigma": [[0.021777202861870477, -0.004830574361735188, -0.008179462085991213], [-0.004830574361735188, 0.005958505807392961, -0.009274463799103837], [-0.008179462085991213, -0.009274463799103835, 0.039284669000275524]], "chi2_level": 0.95, "chi2_df": 3, "chi2_threshold": 7.814727903251179, "N_raw": 82, "N_roi": 82, "N_inlier": 78, "refit": true}
{"timestamp": "15:44:19.527694", "frame": 83, "mu": [0.60376820839372, 3.106955043413716, 1.0053825209884217], "Sigma": [[0.025803447998211364, -0.0009427989006074071, 0.006441916708873818], [-0.0009427989006074069, 0.004493712445080635, -0.01490552423955337], [0.006441916708873818, -0.014905524239553372, 0.08433050890617216]], "chi2_level": 0.95, "chi2_df": 3, "chi2_threshold": 7.814727903251179, "N_raw": 113, "N_roi": 113, "N_inlier": 111, "refit": true}
{"timestamp": "15:44:19.577774", "frame": 84, "mu": [0.5963002228324571, 3.105311420551581, 0.9531117459504345], "Sigma": [[0.01963292468790362, -0.002036414352832374, 0.003699836459641205], [-0.002036414352832374, 0.0059777726666451906, -0.013760924462680565], [0.003699836459641205, -0.013760924462680565, 0.057042160807874026]], "chi2_level": 0.95, "chi2_df": 3, "chi2_threshold": 7.814727903251179, "N_raw": 78, "N_roi": 78, "N_inlier": 77, "refit": true}
{"timestamp": "15:44:19.628817", "frame": 85, "mu": [0.5811056202720214, 3.200911494313594, -0.15337192486305185], "Sigma": [[0.015430672299107022, -0.004296531873536029, 0.00919876618172322], [-0.00429653187353603, 0.0058257085573915745, -0.008355836216694975], [0.009198766181723219, -0.008355836216694975, 0.014256337727872588]], "chi2_level": 0.95, "chi2_df": 3, "chi2_threshold": 7.814727903251179, "N_raw": 57, "N_roi": 57, "N_inlier": 53, "refit": true}
{"timestamp": "15:44:19.687841", "frame": 86, "mu": [0.6434077194413214, 3.0166023024110893, 0.961454021901844], "Sigma": [[0.01860601765280312, -0.0022773573491291677, 0.0001742392526943911], [-0.0022773573491291677, 0.0017068203033779618, -0.007304550360473077], [0.00017423925269439066, -0.007304550360473077, 0.05399050396207837]], "chi2_level": 0.95, "chi2_df": 3, "chi2_threshold": 7.814727903251179, "N_raw": 81, "N_roi": 81, "N_inlier": 81, "refit": true}
{"timestamp": "15:44:19.745402", "frame": 87, "mu": [0.6698675436985969, 2.994494186141027, 0.7808276146943255], "Sigma": [[0.029910879944790508, 0.0008684033902585922, -0.00871736400927911], [0.0008684033902585922, 0.002148716071431698, -0.004504002095510022], [-0.00871736400927911, -0.004504002095510022, 0.021579161950696455]], "chi2_level": 0.95, "chi2_df": 3, "chi2_threshold": 7.814727903251179, "N_raw": 90, "N_roi": 90, "N_inlier": 88, "refit": true}
{"timestamp": "15:44:19.797197", "frame": 88, "mu": [0.7855431169757555, 3.000530924323588, 0.9988374402107368], "Sigma": [[0.039120981276482614, 0.004543258873614673, -0.03426202368719147], [0.004543258873614674, 0.0049454500921584, -0.01105733913986107], [-0.03426202368719147, -0.011057339139861068, 0.0671687485355921]], "chi2_level": 0.95, "chi2_df": 3, "chi2_threshold": 7.814727903251179, "N_raw": 78, "N_roi": 78, "N_inlier": 76, "refit": true}
{"timestamp": "15:44:19.853998", "frame": 89, "mu": [0.5757542249524438, 2.9481674933464155, 0.9121314753453643], "Sigma": [[0.020999141451224265, -0.001893287574871018, -0.009904881374349271], [-0.001893287574871018, 0.003070243835078197, -0.004900651543189081], [-0.009904881374349271, -0.004900651543189081, 0.021955148740986717]], "chi2_level": 0.95, "chi2_df": 3, "chi2_threshold": 7.814727903251179, "N_raw": 83, "N_roi": 83, "N_inlier": 79, "refit": true}
{"timestamp": "15:44:19.906266", "frame": 90, "mu": [0.6057934578185626, 2.9103615899687396, 1.0058560396299923], "Sigma": [[0.015609784881359844, -0.003033044651933465, -0.004399384691822728], [-0.003033044651933465, 0.002192694811060749, -0.0035583931356318135], [-0.004399384691822727, -0.0035583931356318135, 0.03616881819065715]], "chi2_level": 0.95, "chi2_df": 3, "chi2_threshold": 7.814727903251179, "N_raw": 67, "N_roi": 67, "N_inlier": 64, "refit": true}
{"timestamp": "15:44:19.962974", "frame": 91, "mu": [0.7003869432165192, 2.8602305652990245, 0.8870096341905468], "Sigma": [[0.029690293183551056, -0.005879782414789883, -0.039163651448140296], [-0.005879782414789883, 0.002272319410948026, 0.00175566996492331], [-0.039163651448140296, 0.0017556699649233097, 0.10416535983666324]], "chi2_level": 0.95, "chi2_df": 3, "chi2_threshold": 7.814727903251179, "N_raw": 81, "N_roi": 81, "N_inlier": 78, "refit": true}
{"timestamp": "15:44:20.020822", "frame": 92, "mu": [0.6331180258506555, 2.8539971338202497, 1.0316165542967326], "Sigma": [[0.019112882055976485, -0.003054981866204819, -0.0107023651443387], [-0.003054981866204819, 0.004356272186384927, -0.009057543612430398], [-0.0107023651443387, -0.009057543612430398, 0.04127983010884386]], "chi2_level": 0.95, "chi2_df": 3, "chi2_threshold": 7.814727903251179, "N_raw": 106, "N_roi": 106, "N_inlier": 104, "refit": true}
{"timestamp": "15:44:20.070686", "frame": 93, "mu": [0.6336690192854708, 2.8071254480433008, 0.9738452808796876], "Sigma": [[0.016472281460383067, -0.004220343720387615, -0.016644293029374056], [-0.004220343720387615, 0.0024222816410087553, 0.0005413716703602287], [-0.016644293029374056, 0.0005413716703602288, 0.04171238509393213]], "chi2_level": 0.95, "chi2_df": 3, "chi2_threshold": 7.814727903251179, "N_raw": 63, "N_roi": 63, "N_inlier": 60, "refit": true}
{"timestamp": "15:44:20.125562", "frame": 94, "mu": [0.6945705285832433, 2.737589740264199, 1.0450255126639076], "Sigma": [[0.011857640359322779, -0.002114134281390415, -0.002336162880717237], [-0.0021141342813904146, 0.003155375615379502, -0.0028107898761635334], [-0.0023361628807172376, -0.0028107898761635334, 0.03796222979076807]], "chi2_level": 0.95, "chi2_df": 3, "chi2_threshold": 7.814727903251179, "N_raw": 68, "N_roi": 68, "N_inlier": 67, "refit": true}
{"timestamp": "15:44:20.183164", "frame": 95, "mu": [0.64281521985652, 2.7474837443479947, -0.7338092091258119], "Sigma": [[0.012566252272084256, -0.00016168365307063715, 0.018396699661058304], [-0.00016168365307063715, 0.006375523257710933, 0.0004240509138908953], [0.0183966996610583, 0.00042405091389089507, 0.10866957515070658]], "chi2_level": 0.95, "chi2_df": 3, "chi2_threshold": 7.814727903251179, "N_raw": 84, "N_roi": 82, "N_inlier": 80, "refit": true}
{"timestamp": "15:44:20.236004", "frame": 96, "mu": [0.6112074913368813, 2.671348218736066, 0.9822918814274625], "Sigma": [[0.016411726924687918, -0.007411431233953085, 0.0006286541776714799], [-0.007411431233953085, 0.005496497856891905, -0.004118831280609045], [0.0006286541776714798, -0.004118831280609045, 0.014842625993606053]], "chi2_level": 0.95, "chi2_df": 3, "chi2_threshold": 7.814727903251179, "N_raw": 64, "N_roi": 64, "N_inlier": 60, "refit": true}
{"timestamp": "15:44:20.291351", "frame": 97, "mu": [0.6513874362472377, 2.6427045807416243, 1.1923553698467306], "Sigma": [[0.011604802881034331, -0.004754098655193727, -0.0056837844406724975], [-0.004754098655193727, 0.005713162576330209, -0.0037689577094427613], [-0.0056837844406724975, -0.0037689577094427618, 0.015909502411523967]], "chi2_level": 0.95, "chi2_df": 3, "chi2_threshold": 7.814727903251179, "N_raw": 71, "N_roi": 71, "N_inlier": 68, "refit": true}
{"timestamp": "15:44:20.346954", "frame": 98, "mu": [0.8424468408417609, 2.603018162996404, 1.039519991639988], "Sigma": [[0.03048468808751883, 0.0030503123267666653, -0.028583980836520795], [0.0030503123267666653, 0.0038740186361068164, -0.008987396618281518], [-0.028583980836520795, -0.008987396618281518, 0.046034860105809754]], "chi2_level": 0.95, "chi2_df": 3, "chi2_threshold": 7.814727903251179, "N_raw": 66, "N_roi": 66, "N_inlier": 64, "refit": true}
{"timestamp": "15:44:20.403569", "frame": 99, "mu": [0.7283268943662592, 2.57640646469806, 0.8983173694428453], "Sigma": [[0.04232378467756127, -0.005328472761316257, -0.015418046824418871], [-0.005328472761316257, 0.002098075487558931, -0.0016328496127428962], [-0.015418046824418871, -0.0016328496127428964, 0.0219901994112013]], "chi2_level": 0.95, "chi2_df": 3, "chi2_threshold": 7.814727903251179, "N_raw": 83, "N_roi": 83, "N_inlier": 79, "refit": true}
{"timestamp": "15:44:20.582403", "frame": 100, "mu": [0.7517553415135687, 2.5178154008020264, 1.0270590005156113], "Sigma": [[0.015297288033514536, -0.0026867003020154207, -0.011086232931688509], [-0.0026867003020154207, 0.0030299342607997292, -0.004773628258998911], [-0.011086232931688509, -0.004773628258998911, 0.030859729788535566]], "chi2_level": 0.95, "chi2_df": 3, "chi2_threshold": 7.814727903251179, "N_raw": 81, "N_roi": 81, "N_inlier": 78, "refit": true}
{"timestamp": "15:44:20.628671", "frame": 101, "mu": [0.6495614885080394, 2.4374511967907404, 0.4726967441356178], "Sigma": [[0.030492629172079858, -0.021001120344463338, -0.08221792107142988], [-0.021001120344463338, 0.01945671436757897, 0.06958409478499497], [-0.08221792107142988, 0.06958409478499497, 0.2904277766399384]], "chi2_level": 0.95, "chi2_df": 3, "chi2_threshold": 7.814727903251179, "N_raw": 50, "N_roi": 50, "N_inlier": 47, "refit": true}
{"timestamp": "15:44:20.675120", "frame": 102, "mu": [0.712259722473287, 2.4131979965684867, 0.8984006772082912], "Sigma": [[0.014669934131203844, -0.0022471542176902264, 0.0002147098849776285], [-0.0022471542176902264, 0.0015539471162192406, 0.003599123567203451], [0.0002147098849776285, 0.003599123567203451, 0.08099276289706772]], "chi2_level": 0.95, "chi2_df": 3, "chi2_threshold": 7.814727903251179, "N_raw": 92, "N_roi": 92, "N_inlier": 87, "refit": true}
{"timestamp": "15:44:20.706381", "frame": 103, "mu": [0.6089530739112217, 2.3622304991752356, 0.6665518248294392], "Sigma": [[0.01873138963477707, -0.0059722069082393196, -0.0031384876417845033], [-0.0059722069082393196, 0.005001515402915771, -0.00019464005976796244], [-0.003138487641784503, -0.00019464005976796233, 0.02013206014642066]], "chi2_level": 0.95, "chi2_df": 3, "chi2_threshold": 7.814727903251179, "N_raw": 86, "N_roi": 86, "N_inlier": 81, "refit": true}
{"timestamp": "15:44:20.721764", "frame": 104, "mu": [0.6606882656767212, 2.3667047555841676, 0.8329813163920857], "Sigma": [[0.01984869683996759, -0.004642392425256181, 0.0027818224945867546], [-0.004642392425256181, 0.002832165631308025, -0.0059296130238580425], [0.002781822494586754, -0.0059296130238580425, 0.0536158416406385]], "chi2_level": 0.95, "chi2_df": 3, "chi2_threshold": 7.814727903251179, "N_raw": 117, "N_roi": 117, "N_inlier": 116, "refit": true}
{"timestamp": "15:44:20.768709", "frame": 105, "mu": [0.6956754895442177, 2.3372181192198056, 0.8737889862688665], "Sigma": [[0.015633677075187334, -0.0013174348136248066, 0.005373423324304877], [-0.0013174348136248066, 0.0013935119614151743, -0.003924547637469062], [0.005373423324304877, -0.003924547637469062, 0.048138852970778384]], "chi2_level": 0.95, "chi2_df": 3, "chi2_threshold": 7.814727903251179, "N_raw": 99, "N_roi": 99, "N_inlier": 94, "refit": true}
{"timestamp": "15:44:20.786833", "frame": 106, "mu": [0.6447411775842176, 2.272480509590979, 0.8838586472680074], "Sigma": [[0.012446790179578901, -0.004035656380282186, 0.004362984568409725], [-0.004035656380282186, 0.0014917907222474498, -0.0030035851410854042], [0.004362984568409724, -0.0030035851410854042, 0.062099788836604525]], "chi2_level": 0.95, "chi2_df": 3, "chi2_threshold": 7.814727903251179, "N_raw": 76, "N_roi": 76, "N_inlier": 72, "refit": true}
{"timestamp": "15:44:20.838894", "frame": 107, "mu": [0.6915420286414794, 2.2256710740407266, 0.6861989589000819], "Sigma": [[0.011180698662555172, -0.0007087810058138587, -0.0010369436063844863], [-0.0007087810058138592, 0.003549748277245639, -0.0014170255570838115], [-0.0010369436063844863, -0.0014170255570838113, 0.0017358351631995678]], "chi2_level": 0.95, "chi2_df": 3, "chi2_threshold": 7.814727903251179, "N_raw": 53, "N_roi": 53, "N_inlier": 49, "refit": true}
{"timestamp": "15:44:20.898857", "frame": 108, "mu": [0.6860231588321705, 2.18869255905149, 0.8920065976079803], "Sigma": [[0.015153207316829889, -0.003358171733344472, -0.0003966122218068738], [-0.003358171733344472, 0.0026604098981008527, -0.004781654973256437], [-0.00039661222180687383, -0.004781654973256437, 0.027547700156682273]], "chi2_level": 0.95, "chi2_df": 3, "chi2_threshold": 7.814727903251179, "N_raw": 86, "N_roi": 86, "N_inlier": 82, "refit": true}
{"timestamp": "15:44:20.957024", "frame": 109, "mu": [0.6476900806452321, 2.137419240284055, 0.8899878689064026], "Sigma": [[0.016890048176926582, -0.0053004394031228455, 0.0032386202596666226], [-0.0053004394031228455, 0.0037530702080993284, -0.005477248810159654], [0.003238620259666622, -0.005477248810159654, 0.029916085317757503]], "chi2_level": 0.95, "chi2_df": 3, "chi2_threshold": 7.814727903251179, "N_raw": 103, "N_roi": 103, "N_inlier": 100, "refit": true}
{"timestamp": "15:44:21.007816", "frame": 110, "mu": [0.6592696148575743, 2.094085225424524, 0.9175626626240172], "Sigma": [[0.012308097878370729, -0.004438394227079901, 0.007629823889405373], [-0.004438394227079901, 0.0041043418032092474, -0.0007552738693590772], [0.007629823889405373, -0.0007552738693590776, 0.04314384942179181]], "chi2_level": 0.95, "chi2_df": 3, "chi2_threshold": 7.814727903251179, "N_raw": 75, "N_roi": 75, "N_inlier": 72, "refit": true}
