{"timestamp": "15:29:57.013979", "frame": 3, "mu": [0.7379759044454666, 4.974274776456983, 1.0379776516143546], "Sigma": [[0.013412745234397856, -0.0018915220346642373, 0.0005068318016539529], [-0.0018915220346642373, 0.00026907570844018837, -7.183066958694909e-05], [0.0005068318016539529, -7.183066958694909e-05, 2.0246969907609684e-05]], "chi2_level": 0.95, "chi2_df": 3, "chi2_threshold": 7.814727903251179, "N_raw": 24, "N_roi": 10, "N_inlier": 8, "refit": true}
{"timestamp": "15:29:57.070775", "frame": 4, "mu": [0.6832953250900164, 4.944769674982616, 1.0171491500598693], "Sigma": [[0.020907523083313482, -0.0026258438510837847, 0.0005959952573650863], [-0.0026258438510837847, 0.0010195991268388198, -0.0008920330848453362], [0.000595995257365086, -0.0008920330848453362, 0.0009902181318657947]], "chi2_level": 0.95, "chi2_df": 3, "chi2_threshold": 7.814727903251179, "N_raw": 42, "N_roi": 22, "N_inlier": 20, "refit": true}
{"timestamp": "15:29:57.126806", "frame": 5, "mu": [0.8256870137751524, 4.8405289163856695, 0.7843101150229306], "Sigma": [[0.021847354294255005, -0.0030214075091137427, -0.009668816303950556], [-0.0030214075091137423, 0.00497910959327511, 0.005050020158463221], [-0.009668816303950558, 0.005050020158463221, 0.012418407824410326]], "chi2_level": 0.95, "chi2_df": 3, "chi2_threshold": 7.814727903251179, "N_raw": 43, "N_roi": 33, "N_inlier": 31, "refit": true}
{"timestamp": "15:29:57.182882", "frame": 6, "mu": [0.6962000783286204, 4.749342821129209, 0.5583564221981243], "Sigma": [[0.03189452808891946, -0.0140275171407435, -0.028903065597839644], [-0.0140275171407435, 0.016926210655022825, 0.023356598442607377], [-0.028903065597839644, 0.023356598442607377, 0.04025118073808392]], "chi2_level": 0.95, "chi2_df": 3, "chi2_threshold": 7.814727903251179, "N_raw": 52, "N_roi": 50, "N_inlier": 49, "refit": true}
{"timestamp": "15:29:57.237869", "frame": 7, "mu": [0.8263375270992814, 4.664741778811341, 0.5377420503964314], "Sigma": [[0.024694137844291437, 0.000686944211091233, 0.008871909091357596], [0.000686944211091233, 0.01101208874444084, 0.010072573246752974], [0.008871909091357596, 0.010072573246752974, 0.014850954066970937]], "chi2_level": 0.95, "chi2_df": 3, "chi2_threshold": 7.814727903251179, "N_raw": 51, "N_roi": 49, "N_inlier": 46, "refit": true}
{"timestamp": "15:29:57.292633", "frame": 8, "mu": [0.7733851117023844, 4.572419719678202, 0.6066529154556729], "Sigma": [[0.024282973751316085, -0.004436858258253086, -0.0045008518337345226], [-0.004436858258253086, 0.0015910191749570369, -0.0017423085503445864], [-0.0045008518337345226, -0.0017423085503445864, 0.0240537519620125]], "chi2_level": 0.95, "chi2_df": 3, "chi2_threshold": 7.814727903251179, "N_raw": 46, "N_roi": 44, "N_inlier": 41, "refit": true}
{"timestamp": "15:29:57.348665", "frame": 9, "mu": [0.8682969833677362, 4.524263016796968, 0.5185343194509445], "Sigma": [[0.031030485129210444, -0.002361715924430261, 0.002100710825986081], [-0.002361715924430261, 0.004686833915491295, -0.001535884107284194], [0.002100710825986081, -0.0015358841072841938, 0.0010788216922971593]], "chi2_level": 0.95, "chi2_df": 3, "chi2_threshold": 7.814727903251179, "N_raw": 57, "N_roi": 54, "N_inlier": 51, "refit": true}
{"timestamp": "15:29:57.402905", "frame": 10, "mu": [0.8200745196323276, 4.427888121441703, 0.5862938178474815], "Sigma": [[0.02727181648095267, -0.003165619053073595, -0.000547934704435842], [-0.0031656190530735947, 0.0028917119545140172, -0.0020824148423339035], [-0.0005479347044358419, -0.002082414842333903, 0.006347909923737399]], "chi2_level": 0.95, "chi2_df": 3, "chi2_threshold": 7.814727903251179, "N_raw": 50, "N_roi": 48, "N_inlier": 44, "refit": true}
{"timestamp": "15:29:57.457632", "frame": 11, "mu": [0.7035882373085931, 4.3735572479375575, 0.5969041381623874], "Sigma": [[0.0346985495975341, -0.0008211967428672501, 0.002620505340285515], [-0.0008211967428672501, 0.0033490263336088946, -0.0023996078325500166], [0.002620505340285515, -0.0023996078325500166, 0.003670503517396275]], "chi2_level": 0.95, "chi2_df": 3, "chi2_threshold": 7.814727903251179, "N_raw": 57, "N_roi": 56, "N_inlier": 54, "refit": true}
{"timestamp": "15:29:57.517776", "frame": 12, "mu": [0.7625521434596744, 4.3283049854922675, 0.7243141733660255], "Sigma": [[0.04150285341942378, -0.001231829322040016, -0.012349885104968176], [-0.0012318293220400164, 0.003289678870981872, -0.004804670551132132], [-0.012349885104968178, -0.00480467055113213, 0.01989759585280504]], "chi2_level": 0.95, "chi2_df": 3, "chi2_threshold": 7.814727903251179, "N_raw": 76, "N_roi": 75, "N_inlier": 71, "refit": true}
{"timestamp": "15:29:57.572853", "frame": 13, "mu": [0.8046712668713342, 4.255753499644911, 0.7904088864577797], "Sigma": [[0.032944408408664014, -0.007651276403715249, -0.036884114534801615], [-0.007651276403715249, 0.005556057140692304, 0.002087422994889211], [-0.036884114534801615, 0.0020874229948892103, 0.06829826128384682]], "chi2_level": 0.95, "chi2_df": 3, "chi2_threshold": 7.814727903251179, "N_raw": 78, "N_roi": 78, "N_inlier": 76, "refit": true}
{"timestamp": "15:29:57.625786", "frame": 14, "mu": [0.7926307923843094, 4.158900764473726, 0.7817548536124883], "Sigma": [[0.02795940850600548, -0.009706577738559355, -0.04200518439103867], [-0.009706577738559354, 0.0065164630886470785, 0.01162729228150447], [-0.042005184391038675, 0.01162729228150447, 0.0827723151510746]], "chi2_level": 0.95, "chi2_df": 3, "chi2_threshold": 7.814727903251179, "N_raw": 63, "N_roi": 63, "N_inlier": 59, "refit": true}
{"timestamp": "15:29:57.678151", "frame": 15, "mu": [0.7883971422736625, 4.138219002107982, 0.799503369536808], "Sigma": [[0.02776965325018437, -0.004354949671097787, -0.01423885147562464], [-0.004354949671097787, 0.003946520773994592, 0.00046417950913128195], [-0.01423885147562464, 0.00046417950913128217, 0.010036291805520204]], "chi2_level": 0.95, "chi2_df": 3, "chi2_threshold": 7.814727903251179, "N_raw": 51, "N_roi": 50, "N_inlier": 49, "refit": true}
{"timestamp": "15:29:57.787903", "frame": 17, "mu": [0.8201550406203051, 3.852242184421359, 0.7637254624743148], "Sigma": [[0.02568247001957516, -0.011898771353073125, -0.025665848417004526], [-0.011898771353073125, 0.011974875930783056, 0.023715620699589813], [-0.025665848417004526, 0.02371562069958981, 0.09313421811486841]], "chi2_level": 0.95, "chi2_df": 3, "chi2_threshold": 7.814727903251179, "N_raw": 60, "N_roi": 59, "N_inlier": 57, "refit": true}
{"timestamp": "15:29:57.847971", "frame": 18, "mu": [0.87482093255983, 3.7429791146071527, 0.5413039601350393], "Sigma": [[0.029655017732938122, -0.01103329843797108, -0.0283311479230105], [-0.01103329843797108, 0.007712856891081113, 0.008910362409042161], [-0.028331147923010495, 0.008910362409042161, 0.05961453197748019]], "chi2_level": 0.95, "chi2_df": 3, "chi2_threshold": 7.814727903251179, "N_raw": 77, "N_roi": 77, "N_inlier": 74, "refit": true}
{"timestamp": "15:29:57.899193", "frame": 19, "mu": [0.8891211917375239, 3.6292142164539514, 0.6414725685958694], "Sigma": [[0.02063009353312663, -0.006962235677996817, -0.015088879090412592], [-0.006962235677996817, 0.0035260130576024217, 0.002861630767546632], [-0.015088879090412592, 0.002861630767546632, 0.04167801948000226]], "chi2_level": 0.95, "chi2_df": 3, "chi2_threshold": 7.814727903251179, "N_raw": 58, "N_roi": 58, "N_inlier": 57, "refit": true}
{"timestamp": "15:29:57.955200", "frame": 20, "mu": [0.9350175534535055, 3.4956894440514272, 0.4699906041071881], "Sigma": [[0.028951041803788567, -0.007955875937778027, -0.011579602716508838], [-0.007955875937778027, 0.004554181399874968, -0.00037636839569317416], [-0.01157960271650884, -0.00037636839569317416, 0.014330833242194028]], "chi2_level": 0.95, "chi2_df": 3, "chi2_threshold": 7.814727903251179, "N_raw": 65, "N_roi": 65, "N_inlier": 63, "refit": true}
{"timestamp": "15:29:58.006837", "frame": 21, "mu": [0.942258307718348, 3.511989292616084, -1.1497371295918175], "Sigma": [[0.015816501108498596, 0.005462356264940505, 0.036340211773788086], [0.005462356264940505, 0.008062304720622252, 0.025207055929658842], [0.036340211773788086, 0.025207055929658842, 0.15785539963924802]], "chi2_level": 0.95, "chi2_df": 3, "chi2_threshold": 7.814727903251179, "N_raw": 47, "N_roi": 45, "N_inlier": 45, "refit": true}
{"timestamp": "15:29:58.060389", "frame": 22, "mu": [0.7909477800615368, 3.367208534588306, 0.703539700978675], "Sigma": [[0.011623650959583214, -0.002252975264575909, -0.0011872912968031296], [-0.002252975264575909, 0.000997528141572095, -0.001776420118443957], [-0.0011872912968031296, -0.001776420118443957, 0.027337801801916785]], "chi2_level": 0.95, "chi2_df": 3, "chi2_threshold": 7.814727903251179, "N_raw": 36, "N_roi": 34, "N_inlier": 30, "refit": true}
{"timestamp": "15:29:58.122214", "frame": 23, "mu": [0.9487276369083009, 3.2439482014396845, 0.6237803097862907], "Sigma": [[0.04342733565493215, -0.0032701269113683865, -0.012085321158945762], [-0.003270126911368386, 0.0026614474858271103, -0.0002219542834327745], [-0.012085321158945762, -0.00022195428343277452, 0.023284531272742878]], "chi2_level": 0.95, "chi2_df": 3, "chi2_threshold": 7.814727903251179, "N_raw": 82, "N_roi": 80, "N_inlier": 75, "refit": true}
{"timestamp": "15:29:58.174168", "frame": 24, "mu": [0.7802267853723922, 3.3629855168966727, -0.3310337341180186], "Sigma": [[0.016781891002776043, -0.0027411617884785197, -0.006539274680423769], [-0.002741161788478519, 0.002616970888463978, -0.0064166867960754855], [-0.006539274680423769, -0.0064166867960754855, 0.11252113420982035]], "chi2_level": 0.95, "chi2_df": 3, "chi2_threshold": 7.814727903251179, "N_raw": 50, "N_roi": 50, "N_inlier": 46, "refit": true}
{"timestamp": "15:29:58.229813", "frame": 25, "mu": [0.6839741176951141, 3.18060064660503, 0.7244872068604941], "Sigma": [[0.018674580940578632, -0.0051514640335154505, -0.006095237430787942], [-0.0051514640335154505, 0.007057072363949753, 0.0005448577077360514], [-0.0060952374307879425, 0.0005448577077360516, 0.006684899538218435]], "chi2_level": 0.95, "chi2_df": 3, "chi2_threshold": 7.814727903251179, "N_raw": 63, "N_roi": 62, "N_inlier": 59, "refit": true}
{"timestamp": "15:29:58.289140", "frame": 26, "mu": [0.7992198704900907, 2.9582002579643873, 0.6392078937326378], "Sigma": [[0.029870710684438726, -0.008411020669960686, 0.0023518173257917442], [-0.008411020669960686, 0.0034972014154398515, -0.001983784947052101], [0.0023518173257917447, -0.001983784947052101, 0.038329352982222877]], "chi2_level": 0.95, "chi2_df": 3, "chi2_threshold": 7.814727903251179, "N_raw": 88, "N_roi": 87, "N_inlier": 85, "refit": true}
{"timestamp": "15:29:58.341788", "frame": 27, "mu": [0.8037203889380056, 2.813812667448943, 0.66358166334498], "Sigma": [[0.020476566483235564, -0.008330894876459567, -0.001006962316835436], [-0.008330894876459567, 0.004654181503826126, 0.004637438974161483], [-0.001006962316835436, 0.004637438974161483, 0.05665581332799657]], "chi2_level": 0.95, "chi2_df": 3, "chi2_threshold": 7.814727903251179, "N_raw": 74, "N_roi": 73, "N_inlier": 69, "refit": true}
{"timestamp": "15:29:58.399364", "frame": 28, "mu": [0.9069743523637055, 2.664814639173407, 0.5589086643865767], "Sigma": [[0.03051451415064701, -0.005516537591211233, -0.008123848995223492], [-0.005516537591211233, 0.0028083699754634993, 0.003968511027737453], [-0.008123848995223492, 0.003968511027737453, 0.041658091994360366]], "chi2_level": 0.95, "chi2_df": 3, "chi2_threshold": 7.814727903251179, "N_raw": 94, "N_roi": 94, "N_inlier": 89, "refit": true}
{"timestamp": "15:29:58.454473", "frame": 29, "mu": [0.9122210803219235, 2.594349652528924, 0.6447096373972185], "Sigma": [[0.02553658017846589, -0.0063673048335477125, -0.01394982095333935], [-0.0063673048335477125, 0.0029791025806947557, 0.0011943281406405306], [-0.01394982095333935, 0.0011943281406405306, 0.03849512092479966]], "chi2_level": 0.95, "chi2_df": 3, "chi2_threshold": 7.814727903251179, "N_raw": 92, "N_roi": 92, "N_inlier": 88, "refit": true}
{"timestamp": "15:29:58.512622", "frame": 30, "mu": [0.7998091130020409, 2.496792339379468, 0.6010933808183515], "Sigma": [[0.02626207230725671, -0.0010157622638866382, 0.0022149938503084], [-0.0010157622638866382, 0.00478024848163065, -0.004208040183217155], [0.0022149938503083994, -0.004208040183217155, 0.027742265209717794]], "chi2_level": 0.95, "chi2_df": 3, "chi2_threshold": 7.814727903251179, "N_raw": 116, "N_roi": 116, "N_inlier": 113, "refit": true}
{"timestamp": "15:29:58.555645", "frame": 31, "mu": [0.7972663728624416, 2.4320842758245647, 0.6060895499698291], "Sigma": [[0.022443845022977547, -0.0037186930448531883, -0.008450609783427909], [-0.0037186930448531875, 0.001121140839900096, 0.00034834468282288135], [-0.00845060978342791, 0.00034834468282288124, 0.025810121576382395]], "chi2_level": 0.95, "chi2_df": 3, "chi2_threshold": 7.814727903251179, "N_raw": 32, "N_roi": 32, "N_inlier": 30, "refit": true}
{"timestamp": "15:29:58.622790", "frame": 32, "mu": [0.8283064609733402, 2.3372954580683047, 0.7829300603947418], "Sigma": [[0.01806025884619183, -0.005479398650769298, -0.016634957123525692], [-0.005479398650769299, 0.0036635362683844694, 8.97223231002618e-05], [-0.016634957123525692, 8.97223231002618e-05, 0.10389139883715373]], "chi2_level": 0.95, "chi2_df": 3, "chi2_threshold": 7.814727903251179, "N_raw": 120, "N_roi": 120, "N_inlier": 119, "refit": true}
{"timestamp": "15:29:58.675635", "frame": 33, "mu": [0.8414697063084894, 2.234582430038274, 0.6857084142311889], "Sigma": [[0.021229588272199923, -0.004791845362571201, -0.011229921791961864], [-0.004791845362571201, 0.004477566811324287, -0.010198767846368114], [-0.011229921791961864, -0.010198767846368114, 0.23376895939039513]], "chi2_level": 0.95, "chi2_df": 3, "chi2_threshold": 7.814727903251179, "N_raw": 101, "N_roi": 101, "N_inlier": 99, "refit": true}
{"timestamp": "15:29:58.738035", "frame": 34, "mu": [0.7689953384367187, 2.1201033726515375, 0.8017938315848043], "Sigma": [[0.03157110084267943, -0.007562616635814989, 0.007390567196542178], [-0.007562616635814989, 0.0042912523047744, -0.0010167262032703852], [0.007390567196542177, -0.001016726203270385, 0.07054324431090236]], "chi2_level": 0.95, "chi2_df": 3, "chi2_threshold": 7.814727903251179, "N_raw": 147, "N_roi": 146, "N_inlier": 140, "refit": true}
{"timestamp": "15:29:58.790148", "frame": 35, "mu": [0.777493892120907, 2.023335821705343, 0.761513208851374], "Sigma": [[0.024735043256669774, -0.0019424433466745312, 0.0070769854497795635], [-0.0019424433466745312, 0.002899739404690761, -0.0023864007008966488], [0.0070769854497795635, -0.0023864007008966488, 0.03337679923596745]], "chi2_level": 0.95, "chi2_df": 3, "chi2_threshold": 7.814727903251179, "N_raw": 127, "N_roi": 127, "N_inlier": 123, "refit": true}
{"timestamp": "15:29:58.842579", "frame": 36, "mu": [0.8300977050415937, 1.8848336238864063, 0.7144914912830952], "Sigma": [[0.019262753158481145, -0.004917547741557567, -0.015095857694404453], [-0.004917547741557567, 0.002857941473947103, 0.005029066428429187], [-0.015095857694404451, 0.005029066428429187, 0.05877861606220308]], "chi2_level": 0.95, "chi2_df": 3, "chi2_threshold": 7.814727903251179, "N_raw": 110, "N_roi": 109, "N_inlier": 105, "refit": true}
{"timestamp": "15:29:58.902977", "frame": 37, "mu": [0.7678243704241177, 1.763874269856665, 0.7313652758166992], "Sigma": [[0.0337297367806046, -0.007916239818350749, -0.0038054089126490394], [-0.007916239818350749, 0.004418180410043086, 0.0011846221725939883], [-0.0038054089126490402, 0.001184622172593988, 0.056994809896597186]], "chi2_level": 0.95, "chi2_df": 3, "chi2_threshold": 7.814727903251179, "N_raw": 146, "N_roi": 146, "N_inlier": 142, "refit": true}
{"timestamp": "15:29:58.957993", "frame": 38, "mu": [0.8108250225647384, 1.6506502521766908, 0.8061497340282592], "Sigma": [[0.0195162319676812, -0.0043815284191376785, -0.004172801332311892], [-0.0043815284191376785, 0.0024024227741354506, 0.003541288890297081], [-0.004172801332311892, 0.003541288890297081, 0.07311824889520027]], "chi2_level": 0.95, "chi2_df": 3, "chi2_threshold": 7.814727903251179, "N_raw": 150, "N_roi": 150, "N_inlier": 145, "refit": true}
{"timestamp": "15:29:59.007926", "frame": 39, "mu": [0.8238527480701804, 1.5659310189788802, 0.9378888933926357], "Sigma": [[0.02001531546476374, -0.005664987303200808, 0.001284091819968542], [-0.005664987303200808, 0.0031842771229030325, -0.0031727885214326117], [0.0012840918199685416, -0.0031727885214326125, 0.09611584093882103]], "chi2_level": 0.95, "chi2_df": 3, "chi2_threshold": 7.814727903251179, "N_raw": 110, "N_roi": 110, "N_inlier": 105, "refit": true}
{"timestamp": "15:29:59.058575", "frame": 40, "mu": [0.7218629658333109, 1.570260259653496, 1.0079572701898203], "Sigma": [[0.010462260394401313, -0.0013847264059216467, 0.008515765060140068], [-0.0013847264059216467, 0.001540135488508955, -0.0016907108651305297], [0.008515765060140068, -0.0016907108651305295, 0.02363875797146476]], "chi2_level": 0.95, "chi2_df": 3, "chi2_threshold": 7.814727903251179, "N_raw": 82, "N_roi": 82, "N_inlier": 74, "refit": true}
{"timestamp": "15:29:59.118279", "frame": 41, "mu": [0.7796582352161752, 1.4675854506391144, 1.0666687975500264], "Sigma": [[0.018184588014686448, -0.0034615640783525834, 0.011893768837164666], [-0.0034615640783525834, 0.004342603337648056, -0.006343285906485582], [0.011893768837164666, -0.006343285906485582, 0.031083410887364438]], "chi2_level": 0.95, "chi2_df": 3, "chi2_threshold": 7.814727903251179, "N_raw": 120, "N_roi": 120, "N_inlier": 115, "refit": true}
{"timestamp": "15:29:59.177066", "frame": 42, "mu": [0.8055995218004959, 1.2717427709389908, 0.8982095000300372], "Sigma": [[0.006890113513040242, -0.0019544316146298574, -5.581340532336099e-05], [-0.001954431614629857, 0.009092805231025056, 0.024547250829445297], [-5.581340532336083e-05, 0.0245472508294453, 0.18550477361456655]], "chi2_level": 0.95, "chi2_df": 3, "chi2_threshold": 7.814727903251179, "N_raw": 143, "N_roi": 143, "N_inlier": 134, "refit": true}
{"timestamp": "15:29:59.224335", "frame": 43, "mu": [0.7660019836908954, 1.2242561416227258, 0.9213310548358709], "Sigma": [[0.010711690160702463, -0.00048074649223108455, 0.009261430720184347], [-0.00048074649223108455, 0.0025676796946652748, 0.006971597459122578], [0.009261430720184347, 0.006971597459122578, 0.07518004763427641]], "chi2_level": 0.95, "chi2_df": 3, "chi2_threshold": 7.814727903251179, "N_raw": 84, "N_roi": 84, "N_inlier": 81, "refit": true}
{"timestamp": "15:29:59.280037", "frame": 44, "mu": [0.7489806249742359, 1.1419825691285452, 1.1752601387583508], "Sigma": [[0.005388404978712726, -0.0014642233518881095, 0.010086649872164321], [-0.0014642233518881095, 0.004553768846101286, -0.006551063347479553], [0.010086649872164321, -0.006551063347479554, 0.07267399371231939]], "chi2_level": 0.95, "chi2_df": 3, "chi2_threshold": 7.814727903251179, "N_raw": 96, "N_roi": 96, "N_inlier": 94, "refit": true}
{"timestamp": "15:29:59.330929", "frame": 45, "mu": [0.8335350685069174, 1.0252697263338948, 1.251294574216085], "Sigma": [[0.006322341917516927, 0.0006556483921762438, -0.009359837381518847], [0.000655648392176244, 0.0058740614214999485, -0.008980668730092971], [-0.009359837381518847, -0.008980668730092971, 0.030246382226818778]], "chi2_level": 0.95, "chi2_df": 3, "chi2_threshold": 7.814727903251179, "N_raw": 73, "N_roi": 73, "N_inlier": 70, "refit": true}
{"timestamp": "15:29:59.383250", "frame": 46, "mu": [0.7363414229827833, 0.9892690143800213, 1.2504028104235272], "Sigma": [[0.003429522325379481, -0.002307726749546694, 0.0004496917358624828], [-0.002307726749546694, 0.006108375292143417, -0.0034189450028147177], [0.00044969173586248266, -0.0034189450028147177, 0.0037835433643720294]], "chi2_level": 0.95, "chi2_df": 3, "chi2_threshold": 7.814727903251179, "N_raw": 52, "N_roi": 52, "N_inlier": 46, "refit": true}
{"timestamp": "15:29:59.433030", "frame": 47, "mu": [0.8353319207059525, 0.7532501295626417, 1.2240923955004936], "Sigma": [[0.007592540283624253, 0.00043249717999288133, -0.010162566749612197], [0.00043249717999288144, 0.00404866688068704, 0.004951226157174442], [-0.010162566749612197, 0.004951226157174441, 0.04884116787811915]], "chi2_level": 0.95, "chi2_df": 3, "chi2_threshold": 7.814727903251179, "N_raw": 11, "N_roi": 11, "N_inlier": 9, "refit": true}
{"timestamp": "15:29:59.494706", "frame": 48, "mu": [0.7672260539720412, 0.7678536835789691, 1.1989655524525307], "Sigma": [[0.006120076341782501, -0.0017959092843795534, -0.0024729606003151402], [-0.0017959092843795534, 0.003424761246642846, -0.0015463787370521343], [-0.0024729606003151402, -0.0015463787370521343, 0.004268007977265254]], "chi2_level": 0.95, "chi2_df": 3, "chi2_threshold": 7.814727903251179, "N_raw": 65, "N_roi": 65, "N_inlier": 61, "refit": true}
{"timestamp": "15:29:59.549628", "frame": 49, "mu": [0.794397113044731, 0.6641919475922053, 1.3200191226909705], "Sigma": [[0.005039148016156933, -0.00019555731060154433, -0.004284747974416213], [-0.00019555731060154428, 0.0028585954809074586, -0.0031747210489852505], [-0.004284747974416213, -0.003174721048985251, 0.010395978038845897]], "chi2_level": 0.95, "chi2_df": 3, "chi2_threshold": 7.814727903251179, "N_raw": 56, "N_roi": 56, "N_inlier": 54, "refit": true}
{"timestamp": "15:29:59.600053", "frame": 50, "mu": [0.7870304660534708, 0.5489603037885986, 1.1986723172269091], "Sigma": [[0.0024744589880425676, 0.0010513311387827465, -0.0004204536801264982], [0.0010513311387827465, 0.005074929342521535, 0.009061488901183037], [-0.0004204536801264982, 0.009061488901183037, 0.15442338695508048]], "chi2_level": 0.95, "chi2_df": 3, "chi2_threshold": 7.814727903251179, "N_raw": 27, "N_roi": 27, "N_inlier": 26, "refit": true}
{"timestamp": "15:29:59.655127", "frame": 51, "mu": [0.8037727153804227, 0.42434902138986613, 1.5272276757422436], "Sigma": [[0.0018249482120553104, -0.00021820829857026352, -0.0015034356984597068], [-0.00021820829857026352, 0.003843761686663349, -0.00536512545416662], [-0.0015034356984597068, -0.00536512545416662, 0.013729473475711938]], "chi2_level": 0.95, "chi2_df": 3, "chi2_threshold": 7.814727903251179, "N_raw": 28, "N_roi": 28, "N_inlier": 25, "refit": true}
{"timestamp": "15:29:59.709264", "frame": 52, "mu": [0.77830047384205, 0.38443823934261667, 1.5906961500496528], "Sigma": [[0.0013937193591138702, 0.0008163988308515323, -0.0008697302688921058], [0.0008163988308515324, 0.004050882753719135, -0.0029362165289507822], [-0.0008697302688921059, -0.0029362165289507822, 0.0036926122223712]], "chi2_level": 0.95, "chi2_df": 3, "chi2_threshold": 7.814727903251179, "N_raw": 23, "N_roi": 23, "N_inlier": 21, "refit": true}
{"timestamp": "15:29:59.764624", "frame": 53, "mu": [0.7684016096109706, 0.3252452231937211, 1.6336462648216452], "Sigma": [[0.002973465258447186, 0.00023245587619880615, -0.0009835715884660026], [0.00023245587619880604, 0.002346002908728203, -0.001067529844595779], [-0.0009835715884660026, -0.001067529844595779, 0.0007484307314711336]], "chi2_level": 0.95, "chi2_df": 3, "chi2_threshold": 7.814727903251179, "N_raw": 31, "N_roi": 31, "N_inlier": 29, "refit": true}
{"timestamp": "15:29:59.819638", "frame": 54, "mu": [0.7563617859612682, 0.2756820383708644, 1.6149090649680293], "Sigma": [[0.0023184075779355364, -0.0003028132407235499, -0.0009977457214011025], [-0.00030281324072355, 0.0020695552491245134, -0.0008758192580386301], [-0.0009977457214011025, -0.0008758192580386301, 0.0013445361716077793]], "chi2_level": 0.95, "chi2_df": 3, "chi2_threshold": 7.814727903251179, "N_raw": 29, "N_roi": 26, "N_inlier": 25, "refit": true}
{"timestamp": "15:29:59.871767", "frame": 55, "mu": [0.7038938944208558, 0.3444513082206094, 1.3678145718752068], "Sigma": [[0.0032287303134332234, 0.00026232232493260323, 0.0007628841723076157], [0.00026232232493260334, 0.003059903265502738, -0.0021592974835982575], [0.0007628841723076157, -0.0021592974835982575, 0.005095662995010208]], "chi2_level": 0.95, "chi2_df": 3, "chi2_threshold": 7.814727903251179, "N_raw": 12, "N_roi": 12, "N_inlier": 10, "refit": true}
{"timestamp": "15:29:59.926295", "frame": 56, "mu": [0.621929357004387, 0.20160400908281087, 0.6272969529504321], "Sigma": [[0.31380826673034545, 0.002366520531792601, -0.22665063962901658], [0.0023665205317926004, 0.00038240734356921727, -0.011069580714427707], [-0.22665063962901655, -0.011069580714427707, 0.5893355917189236]], "chi2_level": 0.95, "chi2_df": 3, "chi2_threshold": 7.814727903251179, "N_raw": 8, "N_roi": 8, "N_inlier": 7, "refit": true}
