{"timestamp": "15:53:17.896763", "frame": 6, "mu": [1.2185869577383326, 1.2503734489704135, 1.5615851734179311], "Sigma": [[0.005937530217416936, 8.588559295250595e-05, -0.004153280294195527], [8.5885592952506e-05, 0.0011856174715195909, -0.0001832319595978813], [-0.004153280294195527, -0.00018323195959788128, 0.003194383635985255]], "chi2_level": 0.95, "chi2_df": 3, "chi2_threshold": 7.814727903251179, "N_raw": 15, "N_roi": 15, "N_inlier": 15, "refit": true}
{"timestamp": "15:53:17.955821", "frame": 7, "mu": [1.2331378207421357, 1.2637833253180193, 1.5225251276676735], "Sigma": [[0.0067099333702516405, -0.0014394060267605851, -0.0054275387132634596], [-0.0014394060267605853, 0.004025557654436735, -0.0014403842141123557], [-0.0054275387132634596, -0.0014403842141123557, 0.006566275609929625]], "chi2_level": 0.95, "chi2_df": 3, "chi2_threshold": 7.814727903251179, "N_raw": 46, "N_roi": 46, "N_inlier": 45, "refit": true}
{"timestamp": "15:53:18.010814", "frame": 8, "mu": [1.2223920954334735, 1.2491313319975776, 1.5040835140911726], "Sigma": [[0.008677865112968275, -0.0029959725920665923, -0.00820896793096748], [-0.0029959725920665923, 0.0030118248804651086, 0.00031270766437212704], [-0.00820896793096748, 0.0003127076643721271, 0.011671696533840285]], "chi2_level": 0.95, "chi2_df": 3, "chi2_threshold": 7.814727903251179, "N_raw": 50, "N_roi": 50, "N_inlier": 47, "refit": true}
{"timestamp": "15:53:18.065755", "frame": 9, "mu": [1.210578830368336, 1.2457676705627514, 1.5283790636016648], "Sigma": [[0.007821355385147053, -0.0035432147274843473, -0.006232412413041084], [-0.0035432147274843473, 0.0036773719469246208, 0.0008308324810369431], [-0.006232412413041084, 0.0008308324810369429, 0.007880415376816498]], "chi2_level": 0.95, "chi2_df": 3, "chi2_threshold": 7.814727903251179, "N_raw": 46, "N_roi": 46, "N_inlier": 43, "refit": true}
{"timestamp": "15:53:18.121236", "frame": 10, "mu": [1.1945047426850253, 1.231379676396152, 1.5892227776025125], "Sigma": [[0.008178980740139381, -0.0034471208797756197, -0.003751959427840135], [-0.0034471208797756192, 0.004298359686065557, 0.00037337730372462064], [-0.003751959427840135, 0.00037337730372462064, 0.0024749966952614098]], "chi2_level": 0.95, "chi2_df": 3, "chi2_threshold": 7.814727903251179, "N_raw": 43, "N_roi": 43, "N_inlier": 41, "refit": true}
{"timestamp": "15:53:18.175796", "frame": 11, "mu": [1.1814287407139714, 1.2244241610075195, 1.5986521440575583], "Sigma": [[0.006923958569926297, -0.0023808728852847067, -0.0030686858745559245], [-0.0023808728852847067, 0.004068213640772375, -0.00015151821568134372], [-0.0030686858745559245, -0.0001515182156813438, 0.0020082072426526962]], "chi2_level": 0.95, "chi2_df": 3, "chi2_threshold": 7.814727903251179, "N_raw": 43, "N_roi": 43, "N_inlier": 42, "refit": true}
{"timestamp": "15:53:18.229318", "frame": 12, "mu": [1.2127348981258952, 1.1905157903589343, 1.571592985843272], "Sigma": [[0.008254425270890183, -0.0039098786299411655, -0.004263265983271962], [-0.0039098786299411655, 0.004179894147360166, 0.0006286692244720708], [-0.004263265983271962, 0.0006286692244720708, 0.0033646879246381524]], "chi2_level": 0.95, "chi2_df": 3, "chi2_threshold": 7.814727903251179, "N_raw": 41, "N_roi": 41, "N_inlier": 40, "refit": true}
{"timestamp": "15:53:18.283200", "frame": 13, "mu": [1.1915532225476797, 1.2301433995391202, 1.5804591572691977], "Sigma": [[0.00501436993824332, -0.0020219045612521816, -0.0027151251157341476], [-0.0020219045612521816, 0.0019669462047440674, -0.0001560030302738784], [-0.0027151251157341476, -0.00015600303027387834, 0.002976648719865728]], "chi2_level": 0.95, "chi2_df": 3, "chi2_threshold": 7.814727903251179, "N_raw": 29, "N_roi": 29, "N_inlier": 26, "refit": true}
{"timestamp": "15:53:18.391147", "frame": 15, "mu": [1.2764483617305662, 1.1745702877505768, 1.274259216797638], "Sigma": [[0.010645887146281868, 0.0014343849943783712, -0.04432643324960665], [0.0014343849943783712, 0.0024799638456435595, -0.021837054461460385], [-0.04432643324960665, -0.021837054461460385, 0.33816651405400544]], "chi2_level": 0.95, "chi2_df": 3, "chi2_threshold": 7.814727903251179, "N_raw": 7, "N_roi": 7, "N_inlier": 7, "refit": true}
{"timestamp": "15:53:18.448806", "frame": 16, "mu": [1.1443612691646203, 1.2202956766278867, 1.6045369710917288], "Sigma": [[0.005040101929937388, -0.001455239679858616, -0.002288489380744908], [-0.001455239679858616, 0.002559586797954057, -0.0005582132382623043], [-0.002288489380744908, -0.0005582132382623043, 0.0019941825154211694]], "chi2_level": 0.95, "chi2_df": 3, "chi2_threshold": 7.814727903251179, "N_raw": 33, "N_roi": 33, "N_inlier": 32, "refit": true}
{"timestamp": "15:53:18.505224", "frame": 17, "mu": [1.1272575321298977, 1.2141771232401553, 1.6196251954868868], "Sigma": [[0.0026188016168499167, -0.00033024075499217466, -0.0015785865884009294], [-0.00033024075499217466, 0.0020988957596997358, -0.0006948694940876214], [-0.0015785865884009294, -0.0006948694940876214, 0.0014952969573553126]], "chi2_level": 0.95, "chi2_df": 3, "chi2_threshold": 7.814727903251179, "N_raw": 24, "N_roi": 24, "N_inlier": 23, "refit": true}
{"timestamp": "15:53:18.557899", "frame": 18, "mu": [1.2368062484005617, 1.2118420913936856, 1.104922615566829], "Sigma": [[0.008382743305543618, -0.006380260812348856, -0.06335251159385774], [-0.006380260812348857, 0.012370900402532475, 0.047303278037157094], [-0.06335251159385774, 0.04730327803715709, 0.5021097601719609]], "chi2_level": 0.95, "chi2_df": 3, "chi2_threshold": 7.814727903251179, "N_raw": 10, "N_roi": 10, "N_inlier": 9, "refit": true}
{"timestamp": "15:53:18.614999", "frame": 19, "mu": [1.1230162300717683, 1.1994777831398027, 1.5475568540311329], "Sigma": [[0.006754799361694669, -0.004087205367450659, -0.02669529483669329], [-0.004087205367450659, 0.004755735800591298, 0.020957839300841108], [-0.026695294836693285, 0.020957839300841108, 0.16507112337917904]], "chi2_level": 0.95, "chi2_df": 3, "chi2_threshold": 7.814727903251179, "N_raw": 24, "N_roi": 23, "N_inlier": 21, "refit": true}
{"timestamp": "15:53:18.672827", "frame": 20, "mu": [1.104484016614972, 1.2348826306823482, 1.4926304969910662], "Sigma": [[0.005005893724097723, -0.002834579919976701, -0.007085496839712721], [-0.0028345799199767006, 0.0030904477805778017, 0.0011409490062986207], [-0.007085496839712721, 0.0011409490062986207, 0.02518878323356795]], "chi2_level": 0.95, "chi2_df": 3, "chi2_threshold": 7.814727903251179, "N_raw": 49, "N_roi": 49, "N_inlier": 47, "refit": true}
{"timestamp": "15:53:18.731609", "frame": 21, "mu": [1.1328188448848031, 1.3398201617139174, -0.22725687991690077], "Sigma": [[0.008951225321413287, -0.0001280576480148859, -0.018571220052064793], [-0.00012805764801488578, 0.004031334012659537, -0.005408159844487187], [-0.018571220052064793, -0.005408159844487187, 0.05517138257913054]], "chi2_level": 0.95, "chi2_df": 3, "chi2_threshold": 7.814727903251179, "N_raw": 67, "N_roi": 67, "N_inlier": 62, "refit": true}
{"timestamp": "15:53:18.778271", "frame": 22, "mu": [1.0919403391817908, 1.207080204346624, 1.5996337107075504], "Sigma": [[0.002454017308571619, -0.00044064867684313224, 0.0007868116324627436], [-0.00044064867684313213, 0.0035213985661552106, -0.0075369098132952944], [0.0007868116324627436, -0.007536909813295295, 0.019936106407194773]], "chi2_level": 0.95, "chi2_df": 3, "chi2_threshold": 7.814727903251179, "N_raw": 13, "N_roi": 13, "N_inlier": 12, "refit": true}
{"timestamp": "15:53:18.838764", "frame": 23, "mu": [1.076211427415869, 1.2239480118737918, 1.5018010692802466], "Sigma": [[0.006025395566635234, -0.0013594772537198637, -0.005220426494868483], [-0.0013594772537198637, 0.003816382378657607, -0.0023560908187813014], [-0.005220426494868483, -0.0023560908187813014, 0.008685030383916726]], "chi2_level": 0.95, "chi2_df": 3, "chi2_threshold": 7.814727903251179, "N_raw": 56, "N_roi": 56, "N_inlier": 55, "refit": true}
{"timestamp": "15:53:18.895816", "frame": 24, "mu": [1.0719425563590415, 1.2065276740071214, 1.5038978432163372], "Sigma": [[0.006320372676794501, -0.00143164637087521, -0.005736683326111641], [-0.00143164637087521, 0.004041971138672603, -0.0025030892592592356], [-0.005736683326111641, -0.0025030892592592356, 0.009744776449615243]], "chi2_level": 0.95, "chi2_df": 3, "chi2_threshold": 7.814727903251179, "N_raw": 61, "N_roi": 60, "N_inlier": 58, "refit": true}
{"timestamp": "15:53:18.948415", "frame": 25, "mu": [1.0111068818908218, 1.2861842742316276, -0.05320601796508872], "Sigma": [[0.0058575510278789855, -0.001247872888822492, -0.0020719621926826247], [-0.001247872888822492, 0.0034059157780446762, 0.0009688125180432521], [-0.0020719621926826247, 0.0009688125180432521, 0.000978784848743265]], "chi2_level": 0.95, "chi2_df": 3, "chi2_threshold": 7.814727903251179, "N_raw": 43, "N_roi": 43, "N_inlier": 39, "refit": true}
{"timestamp": "15:53:19.005003", "frame": 26, "mu": [1.0386025716638831, 1.246393444491703, 1.4920169432733195], "Sigma": [[0.006674127847661983, -0.001991215334573901, -0.007343470996188544], [-0.001991215334573901, 0.0037880768483509837, -0.001214204045327048], [-0.007343470996188544, -0.001214204045327048, 0.0129005019815061]], "chi2_level": 0.95, "chi2_df": 3, "chi2_threshold": 7.814727903251179, "N_raw": 58, "N_roi": 58, "N_inlier": 56, "refit": true}
{"timestamp": "15:53:19.056549", "frame": 27, "mu": [0.9726470346783016, 1.2222220403965232, 1.5922286764163072], "Sigma": [[0.004229176684370372, -0.0018551367501435092, -0.0022221130492866797], [-0.0018551367501435092, 0.002728438218806389, 0.000654974961148705], [-0.0022221130492866793, 0.0006549749611487051, 0.003666136827038339]], "chi2_level": 0.95, "chi2_df": 3, "chi2_threshold": 7.814727903251179, "N_raw": 32, "N_roi": 32, "N_inlier": 27, "refit": true}
{"timestamp": "15:53:19.110911", "frame": 28, "mu": [1.0070110953390945, 1.1954276581601817, 1.3900076938524055], "Sigma": [[0.008687885082882535, -0.004029983207167719, -0.014536060889570272], [-0.00402998320716772, 0.003390805259003168, 0.007231596994519772], [-0.014536060889570272, 0.007231596994519772, 0.02962808779556011]], "chi2_level": 0.95, "chi2_df": 3, "chi2_threshold": 7.814727903251179, "N_raw": 29, "N_roi": 29, "N_inlier": 27, "refit": true}
{"timestamp": "15:53:19.164878", "frame": 29, "mu": [0.9378393720656807, 1.21374432173023, 1.4861165004554457], "Sigma": [[0.0032660635342520805, -0.0006432896556984663, -0.004853722392377654], [-0.0006432896556984663, 0.0011689800016622205, 0.00020915959397585217], [-0.004853722392377654, 0.00020915959397585217, 0.013023628696537658]], "chi2_level": 0.95, "chi2_df": 3, "chi2_threshold": 7.814727903251179, "N_raw": 24, "N_roi": 24, "N_inlier": 21, "refit": true}
{"timestamp": "15:53:19.222492", "frame": 30, "mu": [0.8892606600365532, 1.2136745283724788, 1.5258777003801556], "Sigma": [[0.005276579702283201, -0.0017863072069553888, -0.004842739895146307], [-0.0017863072069553886, 0.003082039364579271, 0.001677326139309167], [-0.004842739895146308, 0.0016773261393091667, 0.008589098469937205]], "chi2_level": 0.95, "chi2_df": 3, "chi2_threshold": 7.814727903251179, "N_raw": 39, "N_roi": 39, "N_inlier": 37, "refit": true}
{"timestamp": "15:53:19.275416", "frame": 31, "mu": [0.9673513240027787, 1.134305827074977, 1.248516207934879], "Sigma": [[0.0019506327528399142, -0.0021772512046040983, -0.0005424869846677425], [-0.0021772512046040983, 0.005972476319777312, 0.00048421675041926843], [-0.0005424869846677426, 0.00048421675041926843, 0.0004929648822153775]], "chi2_level": 0.95, "chi2_df": 3, "chi2_threshold": 7.814727903251179, "N_raw": 22, "N_roi": 22, "N_inlier": 20, "refit": true}
{"timestamp": "15:53:19.330281", "frame": 32, "mu": [0.8939749644286663, 1.1544279203939913, 1.3971963135877592], "Sigma": [[0.004864606041116547, -0.002654813742428377, -0.00493324451964821], [-0.0026548137424283772, 0.0023347625764047644, 0.0017250246444501392], [-0.004933244519648211, 0.0017250246444501392, 0.0071393088733971745]], "chi2_level": 0.95, "chi2_df": 3, "chi2_threshold": 7.814727903251179, "N_raw": 26, "N_roi": 26, "N_inlier": 24, "refit": true}
{"timestamp": "15:53:19.393871", "frame": 33, "mu": [0.8800456129409892, 1.1959896244190802, 1.3376904218287848], "Sigma": [[0.008980877752496622, -0.0033426131900325556, -0.015459143460224374], [-0.003342613190032555, 0.0030728431888582598, 0.0020264231573293955], [-0.015459143460224374, 0.0020264231573293955, 0.04325837188540285]], "chi2_level": 0.95, "chi2_df": 3, "chi2_threshold": 7.814727903251179, "N_raw": 87, "N_roi": 87, "N_inlier": 84, "refit": true}
{"timestamp": "15:53:19.441865", "frame": 34, "mu": [0.8074824528409352, 1.2158857550984439, 1.5884504616069368], "Sigma": [[0.0074000473781176785, -0.0013005050230263876, -0.00455157770277728], [-0.0013005050230263876, 0.0014071469915749573, 0.0005714919635672882], [-0.00455157770277728, 0.0005714919635672881, 0.003597513423594612]], "chi2_level": 0.95, "chi2_df": 3, "chi2_threshold": 7.814727903251179, "N_raw": 33, "N_roi": 33, "N_inlier": 32, "refit": true}
{"timestamp": "15:53:19.495241", "frame": 35, "mu": [0.7356432445898576, 1.2258290286979436, 1.5701298228793505], "Sigma": [[0.006640547446452159, -0.0008508271592539157, -0.006231657541397453], [-0.0008508271592539158, 0.0011517867531391798, 0.00020796512121597249], [-0.006231657541397452, 0.0002079651212159724, 0.007042989201959245]], "chi2_level": 0.95, "chi2_df": 3, "chi2_threshold": 7.814727903251179, "N_raw": 26, "N_roi": 26, "N_inlier": 24, "refit": true}
{"timestamp": "15:53:19.554490", "frame": 36, "mu": [0.7932427824211317, 1.1061804225484444, 1.0595014429347351], "Sigma": [[0.008911494845278043, -0.011466037461510994, -0.053587980220873806], [-0.011466037461510993, 0.025632496879955044, 0.11375204146317185], [-0.053587980220873806, 0.11375204146317185, 0.5780916472799246]], "chi2_level": 0.95, "chi2_df": 3, "chi2_threshold": 7.814727903251179, "N_raw": 63, "N_roi": 63, "N_inlier": 61, "refit": true}
{"timestamp": "15:53:19.607641", "frame": 37, "mu": [0.6804879803644277, 1.1766670610982488, 1.3705716969240445], "Sigma": [[0.005496955573528302, -0.0029636164709848055, -0.017367339867669987], [-0.0029636164709848055, 0.0040752404567806514, 0.0206115604897196], [-0.017367339867669987, 0.0206115604897196, 0.2803364227897242]], "chi2_level": 0.95, "chi2_df": 3, "chi2_threshold": 7.814727903251179, "N_raw": 36, "N_roi": 36, "N_inlier": 34, "refit": true}
{"timestamp": "15:53:19.669844", "frame": 38, "mu": [0.6834115018547816, 1.1985234219239314, 1.4250771822648265], "Sigma": [[0.00511959538949408, -6.798148047947573e-05, -0.008628900523844667], [-6.798148047947573e-05, 0.002683054336401359, -0.0023283454718731056], [-0.00862890052384467, -0.002328345471873105, 0.03880253341661292]], "chi2_level": 0.95, "chi2_df": 3, "chi2_threshold": 7.814727903251179, "N_raw": 84, "N_roi": 84, "N_inlier": 78, "refit": true}
{"timestamp": "15:53:19.721361", "frame": 39, "mu": [0.6949459380286227, 1.183341639010018, 1.3335375461793073], "Sigma": [[0.007677784904217695, -0.0034731170074708303, -0.022865831269194323], [-0.00347311700747083, 0.0030386120815077628, 0.009283935632258057], [-0.022865831269194323, 0.009283935632258057, 0.1010897198076641]], "chi2_level": 0.95, "chi2_df": 3, "chi2_threshold": 7.814727903251179, "N_raw": 67, "N_roi": 67, "N_inlier": 60, "refit": true}
{"timestamp": "15:53:19.778538", "frame": 40, "mu": [0.6768448805712247, 1.1681702711549238, 1.4341089019859596], "Sigma": [[0.00734341508023974, -0.0015958365761017256, -0.007285751414561691], [-0.0015958365761017256, 0.004159936116575644, -0.0007199402745456082], [-0.007285751414561691, -0.0007199402745456083, 0.009002729404875924]], "chi2_level": 0.95, "chi2_df": 3, "chi2_threshold": 7.814727903251179, "N_raw": 76, "N_roi": 76, "N_inlier": 71, "refit": true}
{"timestamp": "15:53:19.832981", "frame": 41, "mu": [0.645148354235761, 1.1662949630520023, 1.098990269450533], "Sigma": [[0.007230552783639223, -0.004552920361183415, -0.03663451875901091], [-0.004552920361183415, 0.00853086841581943, 0.025003006687252992], [-0.03663451875901091, 0.025003006687252992, 0.31168182722209387]], "chi2_level": 0.95, "chi2_df": 3, "chi2_threshold": 7.814727903251179, "N_raw": 71, "N_roi": 71, "N_inlier": 68, "refit": true}
{"timestamp": "15:53:19.882107", "frame": 42, "mu": [0.6278991222149898, 1.107706488208812, 1.4345839428283191], "Sigma": [[0.0037997465447515994, -0.0018149736465639164, -0.005954993826807945], [-0.0018149736465639162, 0.002358609360634396, 0.00297128570578589], [-0.0059549938268079455, 0.0029712857057858895, 0.012008299498123697]], "chi2_level": 0.95, "chi2_df": 3, "chi2_threshold": 7.814727903251179, "N_raw": 34, "N_roi": 34, "N_inlier": 28, "refit": true}
{"timestamp": "15:53:19.939274", "frame": 43, "mu": [0.5731533735950323, 1.2567868386214949, -0.32073266650011434], "Sigma": [[0.002379828101035715, 0.00018458516304457661, -0.00458150988021121], [0.00018458516304457661, 0.006258899483259428, -0.008174456364546459], [-0.00458150988021121, -0.008174456364546459, 0.02523487194657089]], "chi2_level": 0.95, "chi2_df": 3, "chi2_threshold": 7.814727903251179, "N_raw": 47, "N_roi": 47, "N_inlier": 41, "refit": true}
{"timestamp": "15:53:19.991873", "frame": 44, "mu": [0.518709297789665, 1.1162094110335121, 1.4668713878717408], "Sigma": [[0.004050224262319435, -0.0001926818979155757, -0.0036983943744008938], [-0.00019268189791557574, 0.002031185529160897, -0.000858105417532101], [-0.003698394374400894, -0.000858105417532101, 0.005320079560842892]], "chi2_level": 0.95, "chi2_df": 3, "chi2_threshold": 7.814727903251179, "N_raw": 41, "N_roi": 41, "N_inlier": 38, "refit": true}
{"timestamp": "15:53:20.048199", "frame": 45, "mu": [0.439328540315345, 1.1538089825377977, 1.5326680729894644], "Sigma": [[0.002416510069083887, -0.0005294289366177463, -0.0011999833994688516], [-0.0005294289366177462, 0.0027249229939569817, -0.0021811172946655643], [-0.0011999833994688518, -0.0021811172946655643, 0.006714528638591736]], "chi2_level": 0.95, "chi2_df": 3, "chi2_threshold": 7.814727903251179, "N_raw": 42, "N_roi": 42, "N_inlier": 37, "refit": true}
{"timestamp": "15:53:20.107157", "frame": 46, "mu": [0.4079690942339458, 1.1695504007995143, 1.4268812913808007], "Sigma": [[0.003127776948950553, -0.0006133566016505484, -0.0034246649626795012], [-0.0006133566016505484, 0.0018134518708112443, -0.002624721626176725], [-0.0034246649626795017, -0.002624721626176725, 0.016148574986918674]], "chi2_level": 0.95, "chi2_df": 3, "chi2_threshold": 7.814727903251179, "N_raw": 67, "N_roi": 65, "N_inlier": 60, "refit": true}
{"timestamp": "15:53:20.162501", "frame": 47, "mu": [0.34382295748503605, 1.1809705861765138, 1.5059913189467389], "Sigma": [[0.0029908299763539924, -0.00133773989335301, 0.001378729223694287], [-0.0013377398933530097, 0.00540423886242116, -0.006745954391895887], [0.001378729223694287, -0.006745954391895887, 0.01196538257167361]], "chi2_level": 0.95, "chi2_df": 3, "chi2_threshold": 7.814727903251179, "N_raw": 75, "N_roi": 75, "N_inlier": 71, "refit": true}
{"timestamp": "15:53:20.221961", "frame": 48, "mu": [0.34137268482015115, 1.2088674616710737, 1.4104896034776866], "Sigma": [[0.0038857969541267598, -0.000216345801415186, -0.0049770747415836146], [-0.000216345801415186, 0.003629006700640002, -0.007780686842851532], [-0.0049770747415836146, -0.007780686842851533, 0.032602382685387774]], "chi2_level": 0.95, "chi2_df": 3, "chi2_threshold": 7.814727903251179, "N_raw": 104, "N_roi": 101, "N_inlier": 100, "refit": true}
{"timestamp": "15:53:20.277378", "frame": 49, "mu": [0.3166026744149839, 1.1573498238678228, 1.4193834097438016], "Sigma": [[0.0035896539713311743, -0.0003574593065614124, 0.0016324420085828567], [-0.00035745930656141245, 0.0035706215173556314, -0.0007342575466369828], [0.0016324420085828564, -0.0007342575466369826, 0.06902191826377371]], "chi2_level": 0.95, "chi2_df": 3, "chi2_threshold": 7.814727903251179, "N_raw": 79, "N_roi": 79, "N_inlier": 76, "refit": true}
{"timestamp": "15:53:20.329320", "frame": 50, "mu": [0.2931761074777151, 1.1549480837747306, 1.3697382427691172], "Sigma": [[0.0036858280117959734, -0.00034271719286113194, -0.008410893977686563], [-0.000342717192861132, 0.002330091278051491, 0.0008423284154700108], [-0.008410893977686563, 0.0008423284154700107, 0.05878067045658203]], "chi2_level": 0.95, "chi2_df": 3, "chi2_threshold": 7.814727903251179, "N_raw": 85, "N_roi": 85, "N_inlier": 83, "refit": true}
{"timestamp": "15:53:20.383796", "frame": 51, "mu": [0.21207764067357907, 1.1975742923203303, 1.5616346199231976], "Sigma": [[0.004473511343830541, -0.0012577206189897676, -0.004194107206479381], [-0.0012577206189897676, 0.005006535498863957, 0.0005658667784100013], [-0.004194107206479381, 0.0005658667784100011, 0.007340558695660727]], "chi2_level": 0.95, "chi2_df": 3, "chi2_threshold": 7.814727903251179, "N_raw": 79, "N_roi": 79, "N_inlier": 73, "refit": true}
{"timestamp": "15:53:20.437784", "frame": 52, "mu": [0.16914698921613705, 1.2029614802706456, 1.5520209610123483], "Sigma": [[0.0033479720285719172, -0.00023837715176286498, -0.002914594649115317], [-0.00023837715176286498, 0.003495490677480022, -0.002360292577171803], [-0.0029145946491153174, -0.0023602925771718034, 0.004681214306290617]], "chi2_level": 0.95, "chi2_df": 3, "chi2_threshold": 7.814727903251179, "N_raw": 70, "N_roi": 66, "N_inlier": 63, "refit": true}
{"timestamp": "15:53:20.483617", "frame": 53, "mu": [0.18701504593704876, 1.0975515054950866, 0.9514304673160996], "Sigma": [[0.023244165617153163, -0.010499769382877, 0.08554721121577441], [-0.010499769382877002, 0.006779711824635008, -0.04615164406734071], [0.08554721121577441, -0.04615164406734071, 0.3491476066202494]], "chi2_level": 0.95, "chi2_df": 3, "chi2_threshold": 7.814727903251179, "N_raw": 12, "N_roi": 12, "N_inlier": 11, "refit": true}
{"timestamp": "15:53:20.542318", "frame": 54, "mu": [0.07634259743990253, 1.2790934138760182, -0.08934741092252277], "Sigma": [[0.002212368106499162, -0.0006138477449230931, -0.0009814942939892792], [-0.0006138477449230931, 0.002420095705774271, 0.00014677065599320502], [-0.0009814942939892792, 0.00014677065599320502, 0.0005478508005764621]], "chi2_level": 0.95, "chi2_df": 3, "chi2_threshold": 7.814727903251179, "N_raw": 41, "N_roi": 38, "N_inlier": 33, "refit": true}
{"timestamp": "15:53:20.603152", "frame": 55, "mu": [0.05717596949745658, 1.3067301535357605, -0.1825596643694367], "Sigma": [[0.002589158753602402, -5.0028829832124765e-05, -0.0008802559484019344], [-5.002882983212476e-05, 0.007516016017335509, -0.0086729315722956], [-0.0008802559484019344, -0.0086729315722956, 0.01909432594522232]], "chi2_level": 0.95, "chi2_df": 3, "chi2_threshold": 7.814727903251179, "N_raw": 77, "N_roi": 76, "N_inlier": 73, "refit": true}
{"timestamp": "15:53:20.657785", "frame": 56, "mu": [4.1236130162323787e-05, 1.2317078110437876, 1.6211928932205055], "Sigma": [[0.0032023768119998196, -0.0012256815522668741, -0.0016367077138835734], [-0.0012256815522668741, 0.00534133785583695, -9.146581854717513e-05], [-0.0016367077138835734, -9.146581854717513e-05, 0.0010835263204795195]], "chi2_level": 0.95, "chi2_df": 3, "chi2_threshold": 7.814727903251179, "N_raw": 66, "N_roi": 66, "N_inlier": 61, "refit": true}
{"timestamp": "15:53:20.711988", "frame": 57, "mu": [-0.04807434361798709, 1.2319917499180946, 1.6054342579213117], "Sigma": [[0.002865569637703545, -0.00048804788776410455, -0.0013830758135114753], [-0.00048804788776410455, 0.00447292760448422, -0.0020721983856517275], [-0.0013830758135114753, -0.0020721983856517275, 0.0023418507499152483]], "chi2_level": 0.95, "chi2_df": 3, "chi2_threshold": 7.814727903251179, "N_raw": 63, "N_roi": 63, "N_inlier": 60, "refit": true}
{"timestamp": "15:53:20.766390", "frame": 58, "mu": [-0.07641194578731404, 1.2314730142363297, 1.60491057377321], "Sigma": [[0.0024361695068862454, 0.0003285407311399989, -0.0019950730303748593], [0.0003285407311399988, 0.004067193649246753, -0.0024363220381342396], [-0.0019950730303748593, -0.002436322038134239, 0.0030738435615332996]], "chi2_level": 0.95, "chi2_df": 3, "chi2_threshold": 7.814727903251179, "N_raw": 58, "N_roi": 58, "N_inlier": 54, "refit": true}
{"timestamp": "15:53:20.815807", "frame": 59, "mu": [-0.12666244657950018, 1.2633804589732283, 1.5311025987137517], "Sigma": [[0.0021214386862732446, 0.0010516701867587163, -0.004735040950711914], [0.0010516701867587163, 0.0011889193906807923, -0.00366388681449804], [-0.004735040950711914, -0.00366388681449804, 0.027967566247705005]], "chi2_level": 0.95, "chi2_df": 3, "chi2_threshold": 7.814727903251179, "N_raw": 32, "N_roi": 32, "N_inlier": 29, "refit": true}
{"timestamp": "15:53:20.870158", "frame": 60, "mu": [-0.2151510529928861, 1.2300456179383739, 1.06360578046025], "Sigma": [[0.003695773636895088, 0.0005757586741857802, 0.008645287764613572], [0.0005757586741857803, 0.000828637394172015, 0.0017146837336855653], [0.008645287764613572, 0.0017146837336855653, 0.04445073575047756]], "chi2_level": 0.95, "chi2_df": 3, "chi2_threshold": 7.814727903251179, "N_raw": 27, "N_roi": 27, "N_inlier": 26, "refit": true}
{"timestamp": "15:53:20.922948", "frame": 61, "mu": [-0.10235610361848069, 1.2165281183126946, 1.2442181977115117], "Sigma": [[0.015867896693832644, -0.002172507075321517, -0.058855722643609595], [-0.002172507075321517, 0.0022912006778849038, 0.0032535769479840326], [-0.058855722643609595, 0.003253576947984033, 0.26716354375567397]], "chi2_level": 0.95, "chi2_df": 3, "chi2_threshold": 7.814727903251179, "N_raw": 8, "N_roi": 8, "N_inlier": 8, "refit": true}
{"timestamp": "15:53:20.984527", "frame": 62, "mu": [-0.20624021183226277, 1.3181127763649458, -0.42165084748915527], "Sigma": [[0.002222304011231942, 0.001729699925502026, 0.010220492396654741], [0.001729699925502026, 0.006307441059253335, 0.007605869646797496], [0.010220492396654741, 0.007605869646797497, 0.07994006753145491]], "chi2_level": 0.95, "chi2_df": 3, "chi2_threshold": 7.814727903251179, "N_raw": 51, "N_roi": 51, "N_inlier": 48, "refit": true}
{"timestamp": "15:53:21.040974", "frame": 63, "mu": [-0.21186015578774275, 1.2963910430580925, -0.16208502749370093], "Sigma": [[0.00282047564594054, -0.0007175932430148191, -0.0013274143107186035], [-0.0007175932430148191, 0.0066209051530858876, -0.0033844198126462585], [-0.0013274143107186037, -0.0033844198126462585, 0.004324954284137297]], "chi2_level": 0.95, "chi2_df": 3, "chi2_threshold": 7.814727903251179, "N_raw": 68, "N_roi": 68, "N_inlier": 67, "refit": true}
{"timestamp": "15:53:21.094383", "frame": 64, "mu": [-0.22100848283212424, 1.2104511613494686, 1.4324099986896457], "Sigma": [[0.002636203417613172, -0.0012079967228932063, -0.001050301957342745], [-0.0012079967228932063, 0.004791042544658947, -0.0011780598320899442], [-0.001050301957342745, -0.0011780598320899442, 0.0015457801526220494]], "chi2_level": 0.95, "chi2_df": 3, "chi2_threshold": 7.814727903251179, "N_raw": 55, "N_roi": 55, "N_inlier": 53, "refit": true}
{"timestamp": "15:53:21.146308", "frame": 65, "mu": [-0.28698070888444266, 1.2649968003938272, 1.439186674853504], "Sigma": [[0.0018297337119617236, -6.862743104149149e-05, -0.0017860564856569988], [-6.862743104149154e-05, 0.0010688908636997682, -0.0015951045699372844], [-0.0017860564856569988, -0.0015951045699372846, 0.004619461758099373]], "chi2_level": 0.95, "chi2_df": 3, "chi2_threshold": 7.814727903251179, "N_raw": 29, "N_roi": 29, "N_inlier": 25, "refit": true}
{"timestamp": "15:53:21.208539", "frame": 66, "mu": [-0.3117532701399817, 1.1879676595443294, 1.481442911237955], "Sigma": [[0.0041596736277858945, -0.00303337286530345, -0.002715351756216866], [-0.00303337286530345, 0.007765369970954281, -6.73573711174768e-05], [-0.002715351756216866, -6.735737111747701e-05, 0.0033749667192397976]], "chi2_level": 0.95, "chi2_df": 3, "chi2_threshold": 7.814727903251179, "N_raw": 76, "N_roi": 75, "N_inlier": 73, "refit": true}
{"timestamp": "15:53:21.264148", "frame": 67, "mu": [-0.3285072914366909, 1.1761817836596435, 1.4422209606155239], "Sigma": [[0.003661697691006551, -0.003089260599032568, -0.0018410663529492399], [-0.003089260599032568, 0.009711015818499424, -0.0010349371680240618], [-0.0018410663529492399, -0.001034937168024062, 0.0027259620356047164]], "chi2_level": 0.95, "chi2_df": 3, "chi2_threshold": 7.814727903251179, "N_raw": 85, "N_roi": 82, "N_inlier": 80, "refit": true}
{"timestamp": "15:53:21.309635", "frame": 68, "mu": [-0.41909702894646256, 1.1020585421966334, 0.8788722074667809], "Sigma": [[0.023532049826893532, -0.00696703407895973, 0.06852290439339045], [-0.00696703407895973, 0.01130169493864405, -0.005717355761595343], [0.06852290439339047, -0.005717355761595346, 0.23301062174722065]], "chi2_level": 0.95, "chi2_df": 3, "chi2_threshold": 7.814727903251179, "N_raw": 14, "N_roi": 13, "N_inlier": 13, "refit": true}
{"timestamp": "15:53:21.371602", "frame": 69, "mu": [-0.41788239831839946, 1.142111714720494, 1.4435956783849917], "Sigma": [[0.003890708533413962, -0.0013118632221760938, -0.0008349271975210749], [-0.0013118632221760938, 0.006649759955874558, -0.0023115817950406315], [-0.0008349271975210749, -0.0023115817950406315, 0.0016304700398243985]], "chi2_level": 0.95, "chi2_df": 3, "chi2_threshold": 7.814727903251179, "N_raw": 75, "N_roi": 74, "N_inlier": 71, "refit": true}
{"timestamp": "15:53:21.426508", "frame": 70, "mu": [-0.4866471450936379, 1.1921189193766446, 1.5299806212249738], "Sigma": [[0.003268039635785643, -0.00034517318682868625, -0.0011333222827281577], [-0.0003451731868286863, 0.003278990361682372, -0.0023873346931879797], [-0.0011333222827281577, -0.0023873346931879797, 0.0026344601424760543]], "chi2_level": 0.95, "chi2_df": 3, "chi2_threshold": 7.814727903251179, "N_raw": 56, "N_roi": 54, "N_inlier": 51, "refit": true}
{"timestamp": "15:53:21.478872", "frame": 71, "mu": [-0.5150408170238777, 1.1622389076877218, 1.505744264998892], "Sigma": [[0.0023875075748190176, -0.00011180084041145918, -0.0013065416495267243], [-0.00011180084041145918, 0.0026253767797244916, -0.003338641944324823], [-0.0013065416495267243, -0.003338641944324823, 0.0060026984238714205]], "chi2_level": 0.95, "chi2_df": 3, "chi2_threshold": 7.814727903251179, "N_raw": 52, "N_roi": 52, "N_inlier": 51, "refit": true}
{"timestamp": "15:53:21.536076", "frame": 72, "mu": [-0.5566524616597147, 1.1637566381102278, 1.4787759859559622], "Sigma": [[0.0030654762433030163, -0.00045853573955829507, -0.0008247380524417255], [-0.00045853573955829507, 0.0045134161052244335, -0.003448111824476387], [-0.0008247380524417254, -0.003448111824476387, 0.00370562732022793]], "chi2_level": 0.95, "chi2_df": 3, "chi2_threshold": 7.814727903251179, "N_raw": 62, "N_roi": 62, "N_inlier": 60, "refit": true}
{"timestamp": "15:53:21.589738", "frame": 73, "mu": [-0.6423670593366131, 1.1804663495792005, 1.5746383901067225], "Sigma": [[0.003499993742460592, -0.0002125853217040606, -0.000702054539599166], [-0.0002125853217040607, 0.002941311266218192, -0.003161415094104892], [-0.0007020545395991659, -0.003161415094104892, 0.004054590082285922]], "chi2_level": 0.95, "chi2_df": 3, "chi2_threshold": 7.814727903251179, "N_raw": 55, "N_roi": 55, "N_inlier": 52, "refit": true}
{"timestamp": "15:53:21.645698", "frame": 74, "mu": [-0.6377096034735042, 1.1807747088820046, 1.53426883503743], "Sigma": [[0.004010383811982346, -0.0008357056144343562, -0.00200007356288587], [-0.0008357056144343562, 0.002722423055069723, -0.0027903383556857728], [-0.00200007356288587, -0.0027903383556857728, 0.005888291497911118]], "chi2_level": 0.95, "chi2_df": 3, "chi2_threshold": 7.814727903251179, "N_raw": 56, "N_roi": 56, "N_inlier": 55, "refit": true}
{"timestamp": "15:53:21.700279", "frame": 75, "mu": [-0.6605929168138369, 1.1416487336333836, 1.5046410172394133], "Sigma": [[0.005019139173883019, -0.0027510013792460715, -0.003363957145633618], [-0.0027510013792460715, 0.003982121475258471, 0.00047241059674477245], [-0.003363957145633618, 0.00047241059674477256, 0.0046670489375113975]], "chi2_level": 0.95, "chi2_df": 3, "chi2_threshold": 7.814727903251179, "N_raw": 56, "N_roi": 53, "N_inlier": 51, "refit": true}
{"timestamp": "15:53:21.754715", "frame": 76, "mu": [-0.7078768307488503, 1.1361191286739332, 1.5268844980589211], "Sigma": [[0.003356592191267472, -0.0005388601475002334, -0.0018973552603814077], [-0.0005388601475002337, 0.0024001265554906693, -0.003305405003282343], [-0.0018973552603814077, -0.003305405003282343, 0.007099502391295357]], "chi2_level": 0.95, "chi2_df": 3, "chi2_threshold": 7.814727903251179, "N_raw": 52, "N_roi": 52, "N_inlier": 51, "refit": true}
{"timestamp": "15:53:21.807169", "frame": 77, "mu": [-0.836003220931137, 1.066080678234127, 1.6139954613519438], "Sigma": [[0.0315770533731288, 0.019827795668235303, -0.023506273042412613], [0.019827795668235303, 0.01590828815090336, -0.01682035986193476], [-0.02350627304241261, -0.01682035986193476, 0.020268696639796264]], "chi2_level": 0.95, "chi2_df": 3, "chi2_threshold": 7.814727903251179, "N_raw": 35, "N_roi": 35, "N_inlier": 32, "refit": true}
{"timestamp": "15:53:21.861148", "frame": 78, "mu": [-0.7661252721764076, 1.1046572678022282, 1.455062384153395], "Sigma": [[0.0019528142944348805, -0.0007042725042857583, -0.0008180593071806729], [-0.0007042725042857583, 0.003579764173715896, -0.0003784155138986024], [-0.0008180593071806729, -0.0003784155138986023, 0.0006430699677199458]], "chi2_level": 0.95, "chi2_df": 3, "chi2_threshold": 7.814727903251179, "N_raw": 30, "N_roi": 30, "N_inlier": 24, "refit": true}
{"timestamp": "15:53:21.914676", "frame": 79, "mu": [-1.1298785986500008, 0.8906299488594244, 1.7954799542833644], "Sigma": [[0.01567150427446316, 0.010677504403528427, -0.010497536480234292], [0.010677504403528429, 0.01043356075058837, -0.009012896102989236], [-0.010497536480234292, -0.009012896102989236, 0.008679606509202112]], "chi2_level": 0.95, "chi2_df": 3, "chi2_threshold": 7.814727903251179, "N_raw": 24, "N_roi": 24, "N_inlier": 22, "refit": true}
{"timestamp": "15:53:21.970365", "frame": 80, "mu": [-0.8874925911860494, 1.0682545514985111, 1.3346715495715913], "Sigma": [[0.04146975316095357, 0.029314559380786896, -0.0670137108316015], [0.029314559380786896, 0.025030485552846683, -0.04414686725316864], [-0.0670137108316015, -0.04414686725316864, 0.12480485843206593]], "chi2_level": 0.95, "chi2_df": 3, "chi2_threshold": 7.814727903251179, "N_raw": 25, "N_roi": 25, "N_inlier": 24, "refit": true}
{"timestamp": "15:53:22.024083", "frame": 81, "mu": [-0.952108381463725, 1.0974520407367734, 1.4153394526601961], "Sigma": [[0.026854297099571673, 0.017440477111289925, -0.039693341663790474], [0.017440477111289925, 0.023769491125671303, -0.019256015947910807], [-0.039693341663790474, -0.019256015947910807, 0.12300782857815944]], "chi2_level": 0.95, "chi2_df": 3, "chi2_threshold": 7.814727903251179, "N_raw": 13, "N_roi": 13, "N_inlier": 13, "refit": true}
{"timestamp": "15:53:22.079987", "frame": 82, "mu": [-1.0945620062837074, 1.0802682797387972, 1.6189165771498464], "Sigma": [[0.04452053765812361, 0.019733232542212095, -0.0797396220706785], [0.01973323254221209, 0.012067555335371552, -0.03643682956732609], [-0.0797396220706785, -0.0364368295673261, 0.17353997463304277]], "chi2_level": 0.95, "chi2_df": 3, "chi2_threshold": 7.814727903251179, "N_raw": 20, "N_roi": 20, "N_inlier": 18, "refit": true}
{"timestamp": "15:53:22.143424", "frame": 83, "mu": [-1.1020028859039868, 1.010455658759871, 1.5886876015720108], "Sigma": [[0.016694822604881112, 0.0056743392261922295, -0.019237467771892423], [0.0056743392261922295, 0.009943743089552192, -0.007364017781801254], [-0.019237467771892423, -0.007364017781801254, 0.026240182467425807]], "chi2_level": 0.95, "chi2_df": 3, "chi2_threshold": 7.814727903251179, "N_raw": 80, "N_roi": 80, "N_inlier": 76, "refit": true}
{"timestamp": "15:53:22.198219", "frame": 84, "mu": [-1.1337827428376999, 0.8963501630302103, 1.47518231805901], "Sigma": [[0.011895955875961631, 0.006460981953747751, -0.0008508458780204756], [0.006460981953747752, 0.006576378604135434, -0.003129218876193236], [-0.0008508458780204755, -0.003129218876193236, 0.004379272798811769]], "chi2_level": 0.95, "chi2_df": 3, "chi2_threshold": 7.814727903251179, "N_raw": 81, "N_roi": 81, "N_inlier": 75, "refit": true}
{"timestamp": "15:53:22.254871", "frame": 85, "mu": [-1.1841158964862857, 1.000246329432051, 1.6662406105103138], "Sigma": [[0.014313675777993118, 0.004480977505687659, -0.01174259542277696], [0.004480977505687659, 0.012019594326190894, -0.0017191676809517648], [-0.01174259542277696, -0.0017191676809517648, 0.011359195329776388]], "chi2_level": 0.95, "chi2_df": 3, "chi2_threshold": 7.814727903251179, "N_raw": 90, "N_roi": 90, "N_inlier": 89, "refit": true}
{"timestamp": "15:53:22.312246", "frame": 86, "mu": [-1.0845933291253846, 0.9668417480221588, 1.1008353526266175], "Sigma": [[0.026291141605778577, 0.020750330767880687, -0.05934611828981992], [0.020750330767880687, 0.018575903545084378, -0.05234537806748947], [-0.05934611828981992, -0.05234537806748948, 0.2120729377132658]], "chi2_level": 0.95, "chi2_df": 3, "chi2_threshold": 7.814727903251179, "N_raw": 108, "N_roi": 108, "N_inlier": 103, "refit": true}
{"timestamp": "15:53:22.366684", "frame": 87, "mu": [-1.2507260459839815, 1.0599203796202534, 1.6671811886314118], "Sigma": [[0.01433752794668214, 0.006440257312878915, -0.012404463406635615], [0.006440257312878915, 0.013628209675523978, -0.006326410084008814], [-0.012404463406635615, -0.006326410084008814, 0.0155284953878953]], "chi2_level": 0.95, "chi2_df": 3, "chi2_threshold": 7.814727903251179, "N_raw": 104, "N_roi": 104, "N_inlier": 95, "refit": true}
{"timestamp": "15:53:22.422285", "frame": 88, "mu": [-1.2744801292262138, 1.1036267422433166, -0.09481159224695455], "Sigma": [[0.016702256293862638, 0.011740664086268214, -0.005709121111230352], [0.011740664086268214, 0.022108714813104113, 0.009343029041270028], [-0.005709121111230352, 0.009343029041270028, 0.02058949637741325]], "chi2_level": 0.95, "chi2_df": 3, "chi2_threshold": 7.814727903251179, "N_raw": 101, "N_roi": 101, "N_inlier": 96, "refit": true}
{"timestamp": "15:53:22.481071", "frame": 89, "mu": [-1.3179728790632448, 1.0316558749121463, 1.6039406240058642], "Sigma": [[0.020977874947968263, 0.007121191742439139, -0.01654225358042089], [0.007121191742439139, 0.017055069650279413, -0.00543753252306722], [-0.01654225358042089, -0.005437532523067219, 0.013515175796996452]], "chi2_level": 0.95, "chi2_df": 3, "chi2_threshold": 7.814727903251179, "N_raw": 125, "N_roi": 125, "N_inlier": 121, "refit": true}
{"timestamp": "15:53:22.533977", "frame": 90, "mu": [-1.369862981611948, 1.1001987861976328, 0.02082449606098431], "Sigma": [[0.014172436771822998, 0.008568935980812327, -0.009133853523545538], [0.008568935980812327, 0.015305863873850469, -0.007244047254433566], [-0.009133853523545538, -0.007244047254433566, 0.009032995797228669]], "chi2_level": 0.95, "chi2_df": 3, "chi2_threshold": 7.814727903251179, "N_raw": 83, "N_roi": 83, "N_inlier": 79, "refit": true}
{"timestamp": "15:53:22.580436", "frame": 91, "mu": [-1.252119946552594, 1.1439639534095205, 0.9720638374720147], "Sigma": [[0.022702236460440423, 0.016265847867096755, -0.07471328682823086], [0.016265847867096755, 0.02215943663868694, -0.06966647041448924], [-0.07471328682823086, -0.06966647041448924, 0.3976726765159837]], "chi2_level": 0.95, "chi2_df": 3, "chi2_threshold": 7.814727903251179, "N_raw": 56, "N_roi": 56, "N_inlier": 54, "refit": true}
{"timestamp": "15:53:22.639244", "frame": 92, "mu": [-1.3636692665487893, 1.071234793094716, 1.5777773129096422], "Sigma": [[0.014594350546655558, 0.008008064246367262, -0.00648083315277174], [0.008008064246367262, 0.012974920026458748, -0.004759120025195792], [-0.006480833152771741, -0.004759120025195792, 0.0034100956610619]], "chi2_level": 0.95, "chi2_df": 3, "chi2_threshold": 7.814727903251179, "N_raw": 82, "N_roi": 82, "N_inlier": 81, "refit": true}
