{"timestamp": "15:38:58.054322", "frame": 9, "mu": [2.007007200237269, 0.7830402251201061, 1.374154853982823], "Sigma": [[0.00284025273280642, -0.0012825356223566341, -4.503064424904347e-05], [-0.0012825356223566341, 0.004447070502172582, -0.0013383332920210533], [-4.50306442490435e-05, -0.0013383332920210535, 0.0004791649325203417]], "chi2_level": 0.95, "chi2_df": 3, "chi2_threshold": 7.814727903251179, "N_raw": 13, "N_roi": 13, "N_inlier": 12, "refit": true}
{"timestamp": "15:38:58.605622", "frame": 19, "mu": [1.723655827002354, 0.49689830832979365, 1.304420258673138], "Sigma": [[0.0063120528341438775, -0.002599220129520875, -0.00455582625882526], [-0.0025992201295208747, 0.006252641160227441, -0.002633229794455927], [-0.00455582625882526, -0.002633229794455927, 0.01590030278726975]], "chi2_level": 0.95, "chi2_df": 3, "chi2_threshold": 7.814727903251179, "N_raw": 17, "N_roi": 17, "N_inlier": 15, "refit": true}
{"timestamp": "15:38:58.715150", "frame": 21, "mu": [1.5672965581020613, 0.6811774551880809, -0.4588003339728509], "Sigma": [[0.006830312497039806, 0.001062719587939635, -0.005463974950859251], [0.001062719587939635, 0.005702232013966181, 0.0010445478990035138], [-0.005463974950859251, 0.0010445478990035138, 0.008863939220562935]], "chi2_level": 0.95, "chi2_df": 3, "chi2_threshold": 7.814727903251179, "N_raw": 11, "N_roi": 11, "N_inlier": 9, "refit": true}
{"timestamp": "15:38:58.769619", "frame": 22, "mu": [1.4599420773454206, 0.6299433201550402, 1.2905446201322053], "Sigma": [[0.004467006022903545, 0.0033346726434338135, -0.010171336725991709], [0.0033346726434338135, 0.004852589495543514, -0.0160260097931492], [-0.010171336725991707, -0.016026009793149203, 0.05715813879882908]], "chi2_level": 0.95, "chi2_df": 3, "chi2_threshold": 7.814727903251179, "N_raw": 9, "N_roi": 9, "N_inlier": 8, "refit": true}
{"timestamp": "15:38:58.882536", "frame": 24, "mu": [1.3452960318225669, 0.610326218897962, 1.411349626749602], "Sigma": [[0.007517469720106915, -0.004258802261031227, -0.006184708647990215], [-0.004258802261031227, 0.004623092475054685, 0.002265531573702314], [-0.006184708647990215, 0.0022655315737023143, 0.006449240897938999]], "chi2_level": 0.95, "chi2_df": 3, "chi2_threshold": 7.814727903251179, "N_raw": 34, "N_roi": 34, "N_inlier": 29, "refit": true}
{"timestamp": "15:38:58.937270", "frame": 25, "mu": [1.2748596253852003, 0.6593668778037196, 1.2707689791616172], "Sigma": [[0.008756866162790316, -0.0015238831146831126, -0.011716938200127433], [-0.0015238831146831128, 0.009119405732947079, -0.023287760518409167], [-0.011716938200127433, -0.023287760518409164, 0.09737218321593015]], "chi2_level": 0.95, "chi2_df": 3, "chi2_threshold": 7.814727903251179, "N_raw": 10, "N_roi": 10, "N_inlier": 10, "refit": true}
{"timestamp": "15:38:58.997500", "frame": 26, "mu": [1.2007889553807993, 0.6588037418326078, 1.209272251758193], "Sigma": [[0.00578449004950919, -0.0037390117884656716, -0.0013271567721929085], [-0.0037390117884656716, 0.007439800860226368, -0.01600499986273817], [-0.0013271567721929091, -0.01600499986273817, 0.10225109752126055]], "chi2_level": 0.95, "chi2_df": 3, "chi2_threshold": 7.814727903251179, "N_raw": 50, "N_roi": 50, "N_inlier": 49, "refit": true}
{"timestamp": "15:38:59.052205", "frame": 27, "mu": [1.0573457583001606, 0.7385563084802145, 1.1555210996820775], "Sigma": [[0.004905362280994955, -0.002468212699113828, 0.0006884455410573169], [-0.002468212699113828, 0.009551437578108715, -0.02950239959140942], [0.000688445541057316, -0.02950239959140942, 0.1485861017488945]], "chi2_level": 0.95, "chi2_df": 3, "chi2_threshold": 7.814727903251179, "N_raw": 48, "N_roi": 48, "N_inlier": 48, "refit": true}
{"timestamp": "15:38:59.105738", "frame": 28, "mu": [0.9726185762318986, 0.6775293198475686, 1.5193104426436508], "Sigma": [[0.005644253595591022, -0.0017211612050307022, -0.0034640194337354838], [-0.0017211612050307022, 0.0027586725197714353, 6.804977142693832e-05], [-0.0034640194337354838, 6.804977142693832e-05, 0.005511912406061533]], "chi2_level": 0.95, "chi2_df": 3, "chi2_threshold": 7.814727903251179, "N_raw": 35, "N_roi": 35, "N_inlier": 31, "refit": true}
{"timestamp": "15:38:59.162422", "frame": 29, "mu": [0.9600994699877949, 0.5943277875428269, 1.408456325701779], "Sigma": [[0.014344974625560473, -0.013187323744471374, -0.01168307594467944], [-0.013187323744471374, 0.015529732179719992, 0.009731373675639376], [-0.011683075944679443, 0.009731373675639374, 0.010543948705379627]], "chi2_level": 0.95, "chi2_df": 3, "chi2_threshold": 7.814727903251179, "N_raw": 56, "N_roi": 56, "N_inlier": 52, "refit": true}
{"timestamp": "15:38:59.214371", "frame": 30, "mu": [0.8109440521641688, 0.6925362685200208, 1.4326372151071347], "Sigma": [[0.004749471187608167, -0.0011697866332176451, -0.008477340889199585], [-0.0011697866332176451, 0.0017796673480228976, 0.0017416046907214788], [-0.008477340889199585, 0.001741604690721479, 0.02372895339991999]], "chi2_level": 0.95, "chi2_df": 3, "chi2_threshold": 7.814727903251179, "N_raw": 25, "N_roi": 25, "N_inlier": 22, "refit": true}
{"timestamp": "15:38:59.273568", "frame": 31, "mu": [0.7641311025604366, 0.6555208537562613, 1.4088366506838386], "Sigma": [[0.007127476371274162, -0.0017074825159374934, -0.009554165692778348], [-0.0017074825159374934, 0.0018816028569917655, 0.0012059031176973427], [-0.009554165692778348, 0.001205903117697343, 0.01673913835657454]], "chi2_level": 0.95, "chi2_df": 3, "chi2_threshold": 7.814727903251179, "N_raw": 61, "N_roi": 61, "N_inlier": 57, "refit": true}
{"timestamp": "15:38:59.328362", "frame": 32, "mu": [0.6527231121523505, 0.7050534191698877, 1.3207727537434413], "Sigma": [[0.005175880279107671, -0.0009499762468292271, -0.008072420429840703], [-0.0009499762468292274, 0.004370706602750283, -0.013592957453366326], [-0.008072420429840703, -0.013592957453366326, 0.09518710301233019]], "chi2_level": 0.95, "chi2_df": 3, "chi2_threshold": 7.814727903251179, "N_raw": 49, "N_roi": 49, "N_inlier": 48, "refit": true}
{"timestamp": "15:38:59.381423", "frame": 33, "mu": [0.5804883122256594, 0.6767237142187597, 1.492292442782694], "Sigma": [[0.003258635218517711, -0.0007091363470733331, -0.003043065791368247], [-0.0007091363470733334, 0.0014862314937355906, -0.0002743504132686863], [-0.0030430657913682467, -0.0002743504132686863, 0.005799595787999699]], "chi2_level": 0.95, "chi2_df": 3, "chi2_threshold": 7.814727903251179, "N_raw": 43, "N_roi": 43, "N_inlier": 41, "refit": true}
{"timestamp": "15:38:59.437337", "frame": 34, "mu": [0.5152417949275547, 0.6714920794489623, 1.4953164926033398], "Sigma": [[0.0032175333869006676, -0.0007444344134978137, -0.0030435662490369665], [-0.0007444344134978138, 0.0016931955117470319, -0.000807797938040168], [-0.003043566249036967, -0.000807797938040168, 0.009397152012647686]], "chi2_level": 0.95, "chi2_df": 3, "chi2_threshold": 7.814727903251179, "N_raw": 50, "N_roi": 50, "N_inlier": 45, "refit": true}
{"timestamp": "15:38:59.492238", "frame": 35, "mu": [0.41844612372695794, 0.6890221809620809, 1.5106547457735735], "Sigma": [[0.0032968356816766562, -0.0005745229443101007, -0.0021414959638350255], [-0.0005745229443101009, 0.001551008324269167, -0.0015187292251360792], [-0.002141495963835026, -0.0015187292251360792, 0.02787013569774361]], "chi2_level": 0.95, "chi2_df": 3, "chi2_threshold": 7.814727903251179, "N_raw": 47, "N_roi": 47, "N_inlier": 43, "refit": true}
{"timestamp": "15:38:59.550513", "frame": 36, "mu": [0.3503008146136984, 0.7129368731891972, 1.3845157336254084], "Sigma": [[0.00305416472277004, -0.0009619318008386646, -0.0026227872008714116], [-0.0009619318008386646, 0.0012507927571709123, -0.0029241398463645354], [-0.0026227872008714116, -0.002924139846364536, 0.03253248781061478]], "chi2_level": 0.95, "chi2_df": 3, "chi2_threshold": 7.814727903251179, "N_raw": 79, "N_roi": 79, "N_inlier": 75, "refit": true}
{"timestamp": "15:38:59.608357", "frame": 37, "mu": [0.27981184290074845, 0.719872451636573, 1.4429665435273284], "Sigma": [[0.005212772978167845, -0.0014200616418596742, -0.002735026739239998], [-0.0014200616418596742, 0.0028583371386289606, -0.005126997845677292], [-0.0027350267392399984, -0.005126997845677292, 0.018574210294537992]], "chi2_level": 0.95, "chi2_df": 3, "chi2_threshold": 7.814727903251179, "N_raw": 91, "N_roi": 91, "N_inlier": 87, "refit": true}
{"timestamp": "15:38:59.660613", "frame": 38, "mu": [0.19041784600314815, 0.721513111944942, 1.3566471918152396], "Sigma": [[0.0012720444646086007, -0.0006657111745977463, 0.0012401317708760783], [-0.0006657111745977462, 0.0023502360807045874, 0.0023920080381919662], [0.001240131770876078, 0.0023920080381919662, 0.055084547372291584]], "chi2_level": 0.95, "chi2_df": 3, "chi2_threshold": 7.814727903251179, "N_raw": 63, "N_roi": 63, "N_inlier": 58, "refit": true}
{"timestamp": "15:38:59.711760", "frame": 39, "mu": [0.07092484952669514, 0.7236127034912805, 1.415594244831802], "Sigma": [[0.000774119519340243, -0.0009776804809748262, -0.0021628333781176295], [-0.0009776804809748262, 0.002442240240749167, 0.00452657701717756], [-0.0021628333781176295, 0.00452657701717756, 0.023039306502351392]], "chi2_level": 0.95, "chi2_df": 3, "chi2_threshold": 7.814727903251179, "N_raw": 41, "N_roi": 41, "N_inlier": 41, "refit": true}
{"timestamp": "15:38:59.772754", "frame": 40, "mu": [0.07403616132432375, 0.6925766397520331, 1.4288891844103357], "Sigma": [[0.004451548889433662, -0.002955647791387712, -0.006810391783779674], [-0.002955647791387712, 0.004258383476397404, 0.003196960077575167], [-0.006810391783779673, 0.003196960077575167, 0.012901289555467477]], "chi2_level": 0.95, "chi2_df": 3, "chi2_threshold": 7.814727903251179, "N_raw": 84, "N_roi": 84, "N_inlier": 82, "refit": true}
{"timestamp": "15:38:59.826121", "frame": 41, "mu": [-0.021811690466419984, 0.8275638726516978, -0.3242049271159896], "Sigma": [[0.0023865259978838108, -0.0009220792226764032, -0.0037239513214727387], [-0.0009220792226764033, 0.004168660363879979, -0.0005435957721541934], [-0.003723951321472739, -0.0005435957721541934, 0.008406033472997525]], "chi2_level": 0.95, "chi2_df": 3, "chi2_threshold": 7.814727903251179, "N_raw": 76, "N_roi": 76, "N_inlier": 73, "refit": true}
{"timestamp": "15:38:59.879387", "frame": 42, "mu": [-0.15699729830307055, 0.7416596941853504, 1.5454916114493968], "Sigma": [[0.0033816390464414814, -0.0009524661691522247, -0.0010650015114499986], [-0.0009524661691522247, 0.0015851557705306174, -0.0009294777874634811], [-0.0010650015114499986, -0.0009294777874634811, 0.0017997800954536582]], "chi2_level": 0.95, "chi2_df": 3, "chi2_threshold": 7.814727903251179, "N_raw": 66, "N_roi": 66, "N_inlier": 63, "refit": true}
{"timestamp": "15:38:59.939956", "frame": 43, "mu": [-0.19123582027895236, 0.7576929972891119, 1.5004636582990931], "Sigma": [[0.003861128075686682, -0.0009967087541375473, -0.0046163083050110125], [-0.0009967087541375473, 0.002370037392901088, -0.002025105373890685], [-0.004616308305011013, -0.002025105373890685, 0.011526270699354359]], "chi2_level": 0.95, "chi2_df": 3, "chi2_threshold": 7.814727903251179, "N_raw": 101, "N_roi": 101, "N_inlier": 99, "refit": true}
{"timestamp": "15:38:59.996956", "frame": 44, "mu": [-0.2593440463275111, 0.7367600473428425, 1.5052818983516154], "Sigma": [[0.005127506098902875, -0.0019193535936581482, -0.005981667140638039], [-0.0019193535936581482, 0.0026934728922098214, 0.0011462613991041846], [-0.005981667140638039, 0.0011462613991041846, 0.016673325611502907]], "chi2_level": 0.95, "chi2_df": 3, "chi2_threshold": 7.814727903251179, "N_raw": 111, "N_roi": 109, "N_inlier": 107, "refit": true}
{"timestamp": "15:39:00.046659", "frame": 45, "mu": [-0.3600212176900348, 0.7391358766304101, 1.5106621947826533], "Sigma": [[0.00270843656234094, -0.001626417276764238, -0.0027033899160896213], [-0.001626417276764238, 0.002719860577759424, -0.0009219656614049633], [-0.0027033899160896213, -0.0009219656614049633, 0.00972969565202294]], "chi2_level": 0.95, "chi2_df": 3, "chi2_threshold": 7.814727903251179, "N_raw": 77, "N_roi": 77, "N_inlier": 75, "refit": true}
{"timestamp": "15:39:00.148111", "frame": 47, "mu": [-0.7368718373844542, 0.7028146356935835, -0.16102125288133173], "Sigma": [[0.020149201774848517, 0.017867811278790995, -0.007829294687687945], [0.017867811278790995, 0.0203444912056121, -0.009651408372333359], [-0.007829294687687945, -0.009651408372333357, 0.005770973745986829]], "chi2_level": 0.95, "chi2_df": 3, "chi2_threshold": 7.814727903251179, "N_raw": 19, "N_roi": 19, "N_inlier": 17, "refit": true}
{"timestamp": "15:39:00.204094", "frame": 48, "mu": [-0.8698782802801207, 0.6187370549051524, 1.7524088626036867], "Sigma": [[0.011948372690297448, 0.0036132824904963265, -0.010336019162312953], [0.003613282490496327, 0.004545804789070306, -0.006348184103980208], [-0.010336019162312953, -0.006348184103980208, 0.012845147383624569]], "chi2_level": 0.95, "chi2_df": 3, "chi2_threshold": 7.814727903251179, "N_raw": 35, "N_roi": 35, "N_inlier": 33, "refit": true}
{"timestamp": "15:39:00.260453", "frame": 49, "mu": [-0.8610646516723138, 0.691736412695426, 1.5531568009205605], "Sigma": [[0.02480869684079112, 0.010130690872723034, -0.05592073227190676], [0.010130690872723034, 0.009122431775667364, -0.03135904751635139], [-0.05592073227190676, -0.03135904751635139, 0.17499550493324]], "chi2_level": 0.95, "chi2_df": 3, "chi2_threshold": 7.814727903251179, "N_raw": 34, "N_roi": 34, "N_inlier": 28, "refit": true}
{"timestamp": "15:39:00.325502", "frame": 50, "mu": [-0.9157642765281071, 0.6481937261497102, 1.6354191384088805], "Sigma": [[0.012549536487013182, 0.004223599346292204, -0.0013722244669473116], [0.004223599346292204, 0.005935852946286961, -0.005181888133352144], [-0.0013722244669473111, -0.005181888133352144, 0.005787748837980602]], "chi2_level": 0.95, "chi2_df": 3, "chi2_threshold": 7.814727903251179, "N_raw": 114, "N_roi": 114, "N_inlier": 110, "refit": true}
{"timestamp": "15:39:00.377289", "frame": 51, "mu": [-0.9721056598404424, 0.6704334482892124, 1.6511149517669406], "Sigma": [[0.009833556334419692, -0.0012422140781286465, -0.0039050179240484872], [-0.001242214078128647, 0.005977268173082243, -0.0020576690899097774], [-0.0039050179240484872, -0.0020576690899097774, 0.005277720197364769]], "chi2_level": 0.95, "chi2_df": 3, "chi2_threshold": 7.814727903251179, "N_raw": 85, "N_roi": 85, "N_inlier": 79, "refit": true}
{"timestamp": "15:39:00.430995", "frame": 52, "mu": [-1.0148904462354735, 0.6738855093342494, 1.6616042853162805], "Sigma": [[0.009332746259196218, -0.0016203729773477745, -0.004173874656138193], [-0.0016203729773477742, 0.009902442045840178, -0.00029920607172909613], [-0.004173874656138193, -0.000299206071729096, 0.007024871386169663]], "chi2_level": 0.95, "chi2_df": 3, "chi2_threshold": 7.814727903251179, "N_raw": 80, "N_roi": 80, "N_inlier": 77, "refit": true}
{"timestamp": "15:39:00.484733", "frame": 53, "mu": [-1.1309286962239897, 0.7186849911466909, 1.666851103377024], "Sigma": [[0.006587121469575475, 0.0010044304583545789, -0.0015601715340610987], [0.0010044304583545793, 0.008296480131378178, -0.00452285684002829], [-0.0015601715340610987, -0.0045228568400282896, 0.0032938702713388255]], "chi2_level": 0.95, "chi2_df": 3, "chi2_threshold": 7.814727903251179, "N_raw": 63, "N_roi": 63, "N_inlier": 61, "refit": true}
{"timestamp": "15:39:00.543295", "frame": 54, "mu": [-1.1535560114345533, 0.6679467409569421, 1.5276007556948625], "Sigma": [[0.009952301481546194, 0.0003477816002209073, -0.0030656747686804747], [0.0003477816002209073, 0.013393451391124874, -0.004012136049322076], [-0.0030656747686804747, -0.004012136049322076, 0.0025735191500859283]], "chi2_level": 0.95, "chi2_df": 3, "chi2_threshold": 7.814727903251179, "N_raw": 95, "N_roi": 95, "N_inlier": 94, "refit": true}
{"timestamp": "15:39:00.596833", "frame": 55, "mu": [-1.2489821800428382, 0.808212696973685, -0.2563739265326185], "Sigma": [[0.009053681131268738, 0.0014512095036286032, -0.004046806465751414], [0.0014512095036286034, 0.012237461060876814, -0.000464021631443822], [-0.004046806465751413, -0.0004640216314438221, 0.002719422997153183]], "chi2_level": 0.95, "chi2_df": 3, "chi2_threshold": 7.814727903251179, "N_raw": 77, "N_roi": 77, "N_inlier": 71, "refit": true}
{"timestamp": "15:39:00.650595", "frame": 56, "mu": [-1.3026358269086693, 0.7929448429755356, 1.60720996765611], "Sigma": [[0.009319594188873572, 0.0023415435039879895, -0.0028801728251270724], [0.00234154350398799, 0.01068116680979067, -0.005771121985195453], [-0.0028801728251270724, -0.005771121985195453, 0.00366961743837049]], "chi2_level": 0.95, "chi2_df": 3, "chi2_threshold": 7.814727903251179, "N_raw": 76, "N_roi": 76, "N_inlier": 75, "refit": true}
{"timestamp": "15:39:00.702727", "frame": 57, "mu": [-1.363573943120535, 0.7920778769629375, 1.6132735086189895], "Sigma": [[0.005395223888080792, 0.001969070160751287, -0.003083989634685064], [0.001969070160751287, 0.009825157008019156, -0.006523132960847982], [-0.003083989634685064, -0.006523132960847982, 0.011133718673826053]], "chi2_level": 0.95, "chi2_df": 3, "chi2_threshold": 7.814727903251179, "N_raw": 53, "N_roi": 53, "N_inlier": 49, "refit": true}
{"timestamp": "15:39:00.761807", "frame": 58, "mu": [-1.4068151694230169, 0.8095145306875591, 1.4610648486636362], "Sigma": [[0.008332917715896723, 0.004602208908349422, -0.0006076973885600277], [0.004602208908349422, 0.013342486803717803, -0.00686718649523366], [-0.0006076973885600276, -0.0068671864952336605, 0.00828777389636481]], "chi2_level": 0.95, "chi2_df": 3, "chi2_threshold": 7.814727903251179, "N_raw": 81, "N_roi": 81, "N_inlier": 76, "refit": true}
{"timestamp": "15:39:00.817524", "frame": 59, "mu": [-1.4360528805688766, 0.8850148941769221, 1.4471371217841689], "Sigma": [[0.011920762335040153, 0.0019906927343770336, -0.013418623790513791], [0.0019906927343770336, 0.007101836127300836, -0.00768930544552874], [-0.013418623790513791, -0.00768930544552874, 0.025274104191612978]], "chi2_level": 0.95, "chi2_df": 3, "chi2_threshold": 7.814727903251179, "N_raw": 83, "N_roi": 83, "N_inlier": 79, "refit": true}
{"timestamp": "15:39:00.871490", "frame": 60, "mu": [-1.4917863936032911, 0.9771322685503843, 1.5194511220293565], "Sigma": [[0.010101183266913182, 0.00036140266149472383, -0.007798174001218088], [0.00036140266149472405, 0.01257444435212123, -0.0038527149322890152], [-0.007798174001218088, -0.0038527149322890152, 0.007796189614953069]], "chi2_level": 0.95, "chi2_df": 3, "chi2_threshold": 7.814727903251179, "N_raw": 77, "N_roi": 77, "N_inlier": 73, "refit": true}
{"timestamp": "15:39:00.927035", "frame": 61, "mu": [-1.5471281091555644, 1.0107916775119206, 1.5532742703441655], "Sigma": [[0.011570197395222847, 0.002213537527943037, -0.008760354087680345], [0.002213537527943037, 0.012114855690238456, -0.006973209368082652], [-0.008760354087680345, -0.006973209368082652, 0.011440858731270485]], "chi2_level": 0.95, "chi2_df": 3, "chi2_threshold": 7.814727903251179, "N_raw": 85, "N_roi": 85, "N_inlier": 78, "refit": true}
{"timestamp": "15:39:00.980426", "frame": 62, "mu": [-1.6376843522930735, 0.9751480328717952, 1.5783378063005915], "Sigma": [[0.011696361803791468, 0.004529668049754663, -0.006126999792121864], [0.004529668049754664, 0.014062631537454046, -0.006841940007831438], [-0.006126999792121864, -0.006841940007831438, 0.0052420962919413425]], "chi2_level": 0.95, "chi2_df": 3, "chi2_threshold": 7.814727903251179, "N_raw": 71, "N_roi": 71, "N_inlier": 68, "refit": true}
{"timestamp": "15:39:01.035042", "frame": 63, "mu": [-1.6840964232006745, 1.01415350491476, 1.5389684072592569], "Sigma": [[0.011887442127459406, 0.002986396734335116, -0.008178484349996488], [0.002986396734335116, 0.012995912996523215, -0.004639163970009038], [-0.008178484349996488, -0.0046391639700090375, 0.007463173398884294]], "chi2_level": 0.95, "chi2_df": 3, "chi2_threshold": 7.814727903251179, "N_raw": 67, "N_roi": 67, "N_inlier": 63, "refit": true}
{"timestamp": "15:39:01.089778", "frame": 64, "mu": [-1.6737665021775174, 1.1075940343476431, 1.4314887813406707], "Sigma": [[0.009040081351563476, 0.003842893322997749, -0.0016488182432434118], [0.003842893322997749, 0.01096318909054231, -0.005369091827697403], [-0.0016488182432434118, -0.005369091827697403, 0.011187878856234793]], "chi2_level": 0.95, "chi2_df": 3, "chi2_threshold": 7.814727903251179, "N_raw": 69, "N_roi": 69, "N_inlier": 64, "refit": true}
{"timestamp": "15:39:01.148312", "frame": 65, "mu": [-1.7004793483577507, 1.185034028167857, 1.363250030949437], "Sigma": [[0.013026103225397915, 0.008975164277287225, 0.0017493509553020842], [0.008975164277287225, 0.014788408249765342, -0.009458042761297313], [0.001749350955302084, -0.009458042761297313, 0.015937585533855728]], "chi2_level": 0.95, "chi2_df": 3, "chi2_threshold": 7.814727903251179, "N_raw": 93, "N_roi": 93, "N_inlier": 90, "refit": true}
{"timestamp": "15:39:01.202380", "frame": 66, "mu": [-1.786088899050607, 1.2241567606557962, 1.4654283303655777], "Sigma": [[0.01079954408452157, 0.006131968152801294, -0.003867081082335754], [0.006131968152801294, 0.014806136631055877, -0.012103956232617834], [-0.003867081082335754, -0.012103956232617834, 0.024892423938170177]], "chi2_level": 0.95, "chi2_df": 3, "chi2_threshold": 7.814727903251179, "N_raw": 85, "N_roi": 85, "N_inlier": 81, "refit": true}
{"timestamp": "15:39:01.258687", "frame": 67, "mu": [-1.8346690679402862, 1.3029572027547778, 1.4040602722126205], "Sigma": [[0.012304556492310869, 0.0061949199909993105, -0.0034441195721621166], [0.00619491999099931, 0.013841107989073129, -0.012719186162574612], [-0.0034441195721621166, -0.01271918616257461, 0.038205551282834954]], "chi2_level": 0.95, "chi2_df": 3, "chi2_threshold": 7.814727903251179, "N_raw": 94, "N_roi": 94, "N_inlier": 91, "refit": true}
{"timestamp": "15:39:01.310909", "frame": 68, "mu": [-1.8947764320178462, 1.2955730286967297, 1.3927823148393372], "Sigma": [[0.012900625668587597, 0.008004518450647063, 0.004060590084270924], [0.008004518450647063, 0.009951310082953128, -0.0008654451378444207], [0.004060590084270923, -0.0008654451378444209, 0.046290573818378186]], "chi2_level": 0.95, "chi2_df": 3, "chi2_threshold": 7.814727903251179, "N_raw": 69, "N_roi": 69, "N_inlier": 66, "refit": true}
{"timestamp": "15:39:01.364379", "frame": 69, "mu": [-1.9096465165400416, 1.3625803737716862, 1.5830918559065383], "Sigma": [[0.014014191700351527, 0.007712120579756297, -0.009517301190775563], [0.007712120579756297, 0.015334118365801558, -0.0071930976714097376], [-0.009517301190775564, -0.0071930976714097376, 0.007677567567760626]], "chi2_level": 0.95, "chi2_df": 3, "chi2_threshold": 7.814727903251179, "N_raw": 66, "N_roi": 66, "N_inlier": 65, "refit": true}
{"timestamp": "15:39:01.420054", "frame": 70, "mu": [-1.9239196619498926, 1.4445847088420745, 1.5255300407739536], "Sigma": [[0.01458037251836633, 0.007277065210879679, -0.009257804907570746], [0.007277065210879679, 0.012913107586778631, -0.009580205975767066], [-0.009257804907570746, -0.009580205975767066, 0.010645704601683412]], "chi2_level": 0.95, "chi2_df": 3, "chi2_threshold": 7.814727903251179, "N_raw": 68, "N_roi": 68, "N_inlier": 67, "refit": true}
{"timestamp": "15:39:01.472779", "frame": 71, "mu": [-1.9745129078600663, 1.4656400405027068, 1.6095382455150251], "Sigma": [[0.013325873970094044, 0.009235855044496507, -0.009979429545337967], [0.009235855044496507, 0.014326621458218945, -0.010346388746914383], [-0.009979429545337969, -0.010346388746914383, 0.010829196590709762]], "chi2_level": 0.95, "chi2_df": 3, "chi2_threshold": 7.814727903251179, "N_raw": 58, "N_roi": 58, "N_inlier": 55, "refit": true}
{"timestamp": "15:39:01.525157", "frame": 72, "mu": [-2.048742211092319, 1.4890117970224426, 1.619239334432336], "Sigma": [[0.008498562117138122, 0.005847589122454111, -0.0064048660407210875], [0.0058475891224541105, 0.009258692851353315, -0.006836593620724416], [-0.0064048660407210875, -0.006836593620724416, 0.007586651817590107]], "chi2_level": 0.95, "chi2_df": 3, "chi2_threshold": 7.814727903251179, "N_raw": 35, "N_roi": 35, "N_inlier": 32, "refit": true}
{"timestamp": "15:39:01.585213", "frame": 73, "mu": [-2.050093448260483, 1.5595531390016328, 1.5509220908590997], "Sigma": [[0.01742342432292701, 0.011695540750441304, -0.01230826678578157], [0.011695540750441304, 0.017577702177166504, -0.013452948659315659], [-0.01230826678578157, -0.013452948659315659, 0.02132623949542752]], "chi2_level": 0.95, "chi2_df": 3, "chi2_threshold": 7.814727903251179, "N_raw": 74, "N_roi": 74, "N_inlier": 71, "refit": true}
{"timestamp": "15:39:01.638695", "frame": 74, "mu": [-2.1655589599725613, 1.57337402260719, 1.5892052048992913], "Sigma": [[0.01367979205238193, 0.007584055604177518, -0.005044120666321251], [0.007584055604177517, 0.013241249343175688, -0.00868340016245546], [-0.005044120666321251, -0.008683400162455461, 0.009978996457511033]], "chi2_level": 0.95, "chi2_df": 3, "chi2_threshold": 7.814727903251179, "N_raw": 61, "N_roi": 61, "N_inlier": 59, "refit": true}
{"timestamp": "15:39:01.694634", "frame": 75, "mu": [-2.1458507617203253, 1.6674507544115067, 1.6136980156144063], "Sigma": [[0.01664286868613182, 0.012865114132040454, -0.010488976178950764], [0.012865114132040454, 0.018641328270451146, -0.014761351914279788], [-0.010488976178950764, -0.014761351914279788, 0.015192712455749796]], "chi2_level": 0.95, "chi2_df": 3, "chi2_threshold": 7.814727903251179, "N_raw": 65, "N_roi": 65, "N_inlier": 64, "refit": true}
{"timestamp": "15:39:01.745865", "frame": 76, "mu": [-2.1569720898305778, 1.7800396474728835, 1.6696622423650553], "Sigma": [[0.010837963603874784, 0.007807828537089938, -0.00933742116348076], [0.007807828537089938, 0.015176094744297491, -0.0069837918046701634], [-0.00933742116348076, -0.0069837918046701634, 0.011647269090492329]], "chi2_level": 0.95, "chi2_df": 3, "chi2_threshold": 7.814727903251179, "N_raw": 36, "N_roi": 36, "N_inlier": 35, "refit": true}
{"timestamp": "15:39:01.803296", "frame": 77, "mu": [-2.2617978864918946, 1.7748001786372392, 1.666685965330252], "Sigma": [[0.01756843419150338, 0.01014201672429324, -0.011876068234024251], [0.01014201672429324, 0.01664879931207404, -0.01621128281944905], [-0.011876068234024253, -0.01621128281944905, 0.06611866520966622]], "chi2_level": 0.95, "chi2_df": 3, "chi2_threshold": 7.814727903251179, "N_raw": 57, "N_roi": 51, "N_inlier": 48, "refit": true}
{"timestamp": "15:39:01.862942", "frame": 78, "mu": [-2.2015715819583472, 1.89655241811038, 1.6056367016485447], "Sigma": [[0.02730881414858561, 0.016896346491995253, -0.01744264824569893], [0.016896346491995253, 0.020252743278225425, -0.011920521934222095], [-0.01744264824569893, -0.011920521934222095, 0.019525237072410398]], "chi2_level": 0.95, "chi2_df": 3, "chi2_threshold": 7.814727903251179, "N_raw": 85, "N_roi": 78, "N_inlier": 73, "refit": true}
{"timestamp": "15:39:01.913687", "frame": 79, "mu": [-2.186553663790116, 1.9833959960151375, 1.6773931293974496], "Sigma": [[0.02938905979327206, 0.01907398350842691, -0.008378873310909347], [0.01907398350842691, 0.016633041757957316, -0.008879882992876533], [-0.008378873310909347, -0.008879882992876533, 0.017470171601295693]], "chi2_level": 0.95, "chi2_df": 3, "chi2_threshold": 7.814727903251179, "N_raw": 59, "N_roi": 52, "N_inlier": 49, "refit": true}
{"timestamp": "15:39:01.964516", "frame": 80, "mu": [-2.2520178562868436, 2.0178823237806953, 1.8173112573213397], "Sigma": [[0.01912599987161677, 0.01711402627838141, -0.01616496766887749], [0.017114026278381413, 0.01967644175385738, -0.013451778050783573], [-0.01616496766887749, -0.013451778050783573, 0.014974841287376405]], "chi2_level": 0.95, "chi2_df": 3, "chi2_threshold": 7.814727903251179, "N_raw": 36, "N_roi": 33, "N_inlier": 31, "refit": true}
{"timestamp": "15:39:02.020865", "frame": 81, "mu": [-2.291202709781393, 2.091416532841266, 1.8563627090553303], "Sigma": [[0.015150197155681432, 0.012329419482531637, -0.01381010055283539], [0.012329419482531637, 0.016305718654404576, -0.013474872408972167], [-0.01381010055283539, -0.013474872408972167, 0.01612287062419989]], "chi2_level": 0.95, "chi2_df": 3, "chi2_threshold": 7.814727903251179, "N_raw": 41, "N_roi": 35, "N_inlier": 32, "refit": true}
{"timestamp": "15:39:02.074766", "frame": 82, "mu": [-2.0747582528244672, 2.366857818409254, 1.6785019672555017], "Sigma": [[0.009693977175489822, 0.0009992578022198079, 0.005315726164367204], [0.0009992578022198079, 0.005897719076438963, -0.0029213340354684626], [0.005315726164367203, -0.002921334035468463, 0.03200653596213129]], "chi2_level": 0.95, "chi2_df": 3, "chi2_threshold": 7.814727903251179, "N_raw": 33, "N_roi": 32, "N_inlier": 26, "refit": true}
{"timestamp": "15:39:02.131684", "frame": 83, "mu": [-2.057011986284701, 2.3920744817455595, 1.608412239702479], "Sigma": [[0.014785521073712513, 0.005596558672242061, -0.011222650429122866], [0.005596558672242061, 0.00848964268266506, -0.004279515757778471], [-0.011222650429122866, -0.004279515757778471, 0.009935648990457917]], "chi2_level": 0.95, "chi2_df": 3, "chi2_threshold": 7.814727903251179, "N_raw": 55, "N_roi": 49, "N_inlier": 46, "refit": true}
{"timestamp": "15:39:02.184192", "frame": 84, "mu": [-2.0376032193173965, 2.416845584840392, 1.5409040786567811], "Sigma": [[0.009433936187977903, 0.004334123878054706, -0.005759538548378414], [0.004334123878054706, 0.0044920171485954615, -0.003542052325162199], [-0.005759538548378414, -0.0035420523251621988, 0.005175242450835727]], "chi2_level": 0.95, "chi2_df": 3, "chi2_threshold": 7.814727903251179, "N_raw": 29, "N_roi": 26, "N_inlier": 23, "refit": true}
{"timestamp": "15:39:02.237872", "frame": 85, "mu": [-2.0835361806892494, 2.5811302112960988, 0.7862842297745332], "Sigma": [[0.009397624399281568, 0.0037635654912993003, 0.0036505435824356726], [0.0037635654912993003, 0.00506984040215021, 0.014206453324723249], [0.003650543582435674, 0.01420645332472325, 0.10608785887930389]], "chi2_level": 0.95, "chi2_df": 3, "chi2_threshold": 7.814727903251179, "N_raw": 23, "N_roi": 23, "N_inlier": 22, "refit": true}
{"timestamp": "15:39:02.291591", "frame": 86, "mu": [-2.076447152196598, 2.7179788133360123, 1.1587874977961317], "Sigma": [[0.005108652882932882, 0.001396300583501744, -0.01196697684686793], [0.0013963005835017437, 0.004821614225318159, -0.017952340313802433], [-0.011966976846867932, -0.01795234031380243, 0.12372122837707825]], "chi2_level": 0.95, "chi2_df": 3, "chi2_threshold": 7.814727903251179, "N_raw": 16, "N_roi": 16, "N_inlier": 14, "refit": true}
{"timestamp": "15:39:02.345467", "frame": 87, "mu": [-2.110560094733578, 2.769757220150205, 1.4415573423595212], "Sigma": [[0.005684435115136653, -0.004210832213958835, 0.01303593215988989], [-0.004210832213958835, 0.005252075815540713, -0.005576303063812854], [0.01303593215988989, -0.005576303063812854, 0.0402930400414033]], "chi2_level": 0.95, "chi2_df": 3, "chi2_threshold": 7.814727903251179, "N_raw": 8, "N_roi": 8, "N_inlier": 7, "refit": true}
{"timestamp": "15:39:02.511470", "frame": 90, "mu": [-2.124306448957417, 2.9512296883668356, 1.591988309793714], "Sigma": [[0.006741063434627068, 0.0038118324018422247, -0.009798560432342228], [0.0038118324018422247, 0.004788349071079313, -0.007873587529049472], [-0.009798560432342228, -0.007873587529049472, 0.019389481215861447]], "chi2_level": 0.95, "chi2_df": 3, "chi2_threshold": 7.814727903251179, "N_raw": 19, "N_roi": 17, "N_inlier": 15, "refit": true}
{"timestamp": "15:39:02.568030", "frame": 91, "mu": [-2.151727135517083, 3.0743519533229664, 1.1039355612248332], "Sigma": [[0.007972325637105404, -0.004759859650897949, 0.017577145715701594], [-0.004759859650897948, 0.00636952569645897, -0.023472545436010867], [0.017577145715701594, -0.023472545436010867, 0.12430180426780159]], "chi2_level": 0.95, "chi2_df": 3, "chi2_threshold": 7.814727903251179, "N_raw": 17, "N_roi": 15, "N_inlier": 14, "refit": true}
{"timestamp": "15:39:02.626431", "frame": 92, "mu": [-2.0589267853726243, 3.0631524206666123, 1.6600963933659223], "Sigma": [[0.012692775947068946, 0.0052476271559194765, -0.008124873412339164], [0.0052476271559194765, 0.00939433334831829, -0.007079261819929631], [-0.008124873412339164, -0.007079261819929631, 0.03063603925883627]], "chi2_level": 0.95, "chi2_df": 3, "chi2_threshold": 7.814727903251179, "N_raw": 46, "N_roi": 44, "N_inlier": 41, "refit": true}
{"timestamp": "15:39:02.676384", "frame": 93, "mu": [-2.0269824028170165, 3.1131983660820004, 1.2122113918983584], "Sigma": [[0.0017977357799465845, -0.0032661420974552206, 0.011682869445949328], [-0.0032661420974552206, 0.010512273476217903, -0.04478074931820896], [0.011682869445949328, -0.04478074931820896, 0.22964814356326393]], "chi2_level": 0.95, "chi2_df": 3, "chi2_threshold": 7.814727903251179, "N_raw": 9, "N_roi": 7, "N_inlier": 7, "refit": true}
{"timestamp": "15:39:02.735873", "frame": 94, "mu": [-2.043225107697057, 3.1693143508642723, 1.4075249863361148], "Sigma": [[0.01667441991146392, 0.007916849265528247, -0.009003399109139453], [0.007916849265528247, 0.008124581792283665, -0.01040097987013743], [-0.009003399109139455, -0.010400979870137432, 0.015654103368439795]], "chi2_level": 0.95, "chi2_df": 3, "chi2_threshold": 7.814727903251179, "N_raw": 47, "N_roi": 47, "N_inlier": 47, "refit": true}
{"timestamp": "15:39:02.842808", "frame": 96, "mu": [-2.1194201148572915, 3.362475460381027, 0.8594298259232166], "Sigma": [[0.011000717690074853, 0.004106822148390268, 0.006764061093511428], [0.004106822148390268, 0.004327674445614005, -0.005981036797291688], [0.006764061093511428, -0.005981036797291687, 0.09538052186583065]], "chi2_level": 0.95, "chi2_df": 3, "chi2_threshold": 7.814727903251179, "N_raw": 27, "N_roi": 26, "N_inlier": 25, "refit": true}
{"timestamp": "15:39:02.902161", "frame": 97, "mu": [-2.0601829546782064, 3.3928823470107154, 1.169342693641234], "Sigma": [[0.020751380260883696, 0.005249795555154075, 0.03488358498664137], [0.005249795555154075, 0.004566230144363953, 0.0009318859323917297], [0.03488358498664137, 0.0009318859323917297, 0.1683522835381868]], "chi2_level": 0.95, "chi2_df": 3, "chi2_threshold": 7.814727903251179, "N_raw": 45, "N_roi": 41, "N_inlier": 40, "refit": true}
{"timestamp": "15:39:02.951838", "frame": 98, "mu": [-1.9416782750376544, 3.4550126665254157, 1.6238248571173548], "Sigma": [[0.00923590888467888, 0.0033422601994173608, -0.007420790326370431], [0.0033422601994173608, 0.0021395157774169405, -0.0023162100062187494], [-0.007420790326370429, -0.00231621000621875, 0.006902232393025883]], "chi2_level": 0.95, "chi2_df": 3, "chi2_threshold": 7.814727903251179, "N_raw": 14, "N_roi": 14, "N_inlier": 11, "refit": true}
{"timestamp": "15:39:03.164575", "frame": 101, "mu": [-1.9599007694104689, 3.928208117855353, -0.4120126009289147], "Sigma": [[0.019829825580878792, -0.0019075313887197427, 0.011065124290101824], [-0.0019075313887197427, 0.009793458970188768, -0.020357289757504254], [0.011065124290101822, -0.020357289757504254, 0.04866695212658448]], "chi2_level": 0.95, "chi2_df": 3, "chi2_threshold": 7.814727903251179, "N_raw": 24, "N_roi": 24, "N_inlier": 23, "refit": true}
{"timestamp": "15:39:03.232992", "frame": 103, "mu": [-1.5810253597960922, 3.702858273480837, 1.6089500836747113], "Sigma": [[0.0068271798578015104, 0.0019625731072794306, -0.0033451906761924515], [0.0019625731072794306, 0.0014264764334942905, -0.001102864829585188], [-0.0033451906761924515, -0.001102864829585188, 0.0029926428817140427]], "chi2_level": 0.95, "chi2_df": 3, "chi2_threshold": 7.814727903251179, "N_raw": 16, "N_roi": 13, "N_inlier": 10, "refit": true}
{"timestamp": "15:39:03.340126", "frame": 105, "mu": [-1.4752930302580278, 3.7749977975025972, 1.3150506300911071], "Sigma": [[0.014644040881444413, 0.00386933616839008, -0.008410758974428252], [0.00386933616839008, 0.0029558151823843738, -0.005511663541533767], [-0.00841075897442825, -0.005511663541533767, 0.013788916358507755]], "chi2_level": 0.95, "chi2_df": 3, "chi2_threshold": 7.814727903251179, "N_raw": 34, "N_roi": 31, "N_inlier": 30, "refit": true}
{"timestamp": "15:39:03.450097", "frame": 107, "mu": [-1.3126569832083594, 3.8727056769417794, 1.1652739648025947], "Sigma": [[0.012843561885046801, 0.0025664136710077863, -0.0038000215877701453], [0.0025664136710077863, 0.001950485776449612, -0.003770998799687848], [-0.0038000215877701453, -0.003770998799687848, 0.009982648958982323]], "chi2_level": 0.95, "chi2_df": 3, "chi2_threshold": 7.814727903251179, "N_raw": 34, "N_roi": 33, "N_inlier": 30, "refit": true}
{"timestamp": "15:39:03.500724", "frame": 108, "mu": [-1.3875839401501233, 3.8436857506536652, 0.6956821068550616], "Sigma": [[0.02046934293756282, 0.013113875908068224, 0.08456862601034446], [0.013113875908068224, 0.01206554467815278, 0.059325159405016176], [0.08456862601034446, 0.059325159405016176, 0.3629596294222523]], "chi2_level": 0.95, "chi2_df": 3, "chi2_threshold": 7.814727903251179, "N_raw": 9, "N_roi": 9, "N_inlier": 9, "refit": true}
{"timestamp": "15:39:03.720303", "frame": 112, "mu": [-1.0832452411339426, 4.118734223594808, 0.653899288505359], "Sigma": [[0.008687184723491052, 0.003136077070269954, -0.004214786505766519], [0.0031360770702699545, 0.009637576066456563, -0.04918978455536173], [-0.004214786505766517, -0.04918978455536172, 0.3568257101955283]], "chi2_level": 0.95, "chi2_df": 3, "chi2_threshold": 7.814727903251179, "N_raw": 8, "N_roi": 8, "N_inlier": 8, "refit": true}
{"timestamp": "15:39:03.775736", "frame": 113, "mu": [-0.9527655563925539, 4.127146510403162, 0.5915703481319847], "Sigma": [[0.002795993329076334, -0.0002392926754868251, 0.01630633832473207], [-0.00023929267548682522, 0.007693548580790536, -0.04664619194434402], [0.016306338324732068, -0.04664619194434403, 0.40856743214031904]], "chi2_level": 0.95, "chi2_df": 3, "chi2_threshold": 7.814727903251179, "N_raw": 10, "N_roi": 8, "N_inlier": 8, "refit": true}
{"timestamp": "15:39:03.831312", "frame": 114, "mu": [-0.8479053076729317, 4.121659628365852, 0.7060285743374264], "Sigma": [[0.0026254765441183223, 0.00023376517792851278, -0.004881514881064763], [0.000233765177928513, 0.0030758859318459533, -0.0327443134794929], [-0.0048815148810647645, -0.0327443134794929, 0.4807003379223676]], "chi2_level": 0.95, "chi2_df": 3, "chi2_threshold": 7.814727903251179, "N_raw": 12, "N_roi": 10, "N_inlier": 9, "refit": true}
{"timestamp": "15:39:03.886063", "frame": 115, "mu": [-0.8043098219380328, 4.1538887599965655, 1.3415223945333083], "Sigma": [[0.007820786582889911, 0.0011116997362283138, -0.0014450010985838833], [0.0011116997362283138, 0.002215165283790379, -0.001685395265747751], [-0.0014450010985838833, -0.001685395265747751, 0.0046957383604657]], "chi2_level": 0.95, "chi2_df": 3, "chi2_threshold": 7.814727903251179, "N_raw": 18, "N_roi": 17, "N_inlier": 16, "refit": true}
{"timestamp": "15:39:04.166075", "frame": 120, "mu": [-0.42895404384834496, 4.1589612278038635, 1.0028843126474787], "Sigma": [[0.009973002929689613, 0.0005479604429283165, -0.0016794604802228064], [0.0005479604429283165, 0.0006222694676741547, -0.00043810724292101476], [-0.0016794604802228064, -0.00043810724292101476, 0.0006373486419144824]], "chi2_level": 0.95, "chi2_df": 3, "chi2_threshold": 7.814727903251179, "N_raw": 49, "N_roi": 12, "N_inlier": 11, "refit": true}
{"timestamp": "15:39:04.551122", "frame": 127, "mu": [0.05280513660075347, 4.182930041602865, 1.1769877910858715], "Sigma": [[0.01840353310335977, -0.0020614643826802736, -0.007842990627274615], [-0.0020614643826802736, 0.0011508213540565664, -0.0005471587793263644], [-0.007842990627274615, -0.0005471587793263644, 0.009008686063577789]], "chi2_level": 0.95, "chi2_df": 3, "chi2_threshold": 7.814727903251179, "N_raw": 52, "N_roi": 29, "N_inlier": 25, "refit": true}
