{"timestamp": "15:17:03.177244", "frame": 21, "mu": [1.6111864877518989, 0.7394545990634421, -0.4294011270421238], "Sigma": [[0.00549662233062804, 0.0034404499572844704, -0.006878142617377715], [0.0034404499572844704, 0.0072253917080369375, -0.004975298674327127], [-0.006878142617377715, -0.0049752986743271275, 0.009796225640011336]], "chi2_level": 0.95, "chi2_df": 3, "chi2_threshold": 7.814727903251179, "N_raw": 12, "N_roi": 12, "N_inlier": 11, "refit": true}
{"timestamp": "15:17:03.286266", "frame": 23, "mu": [1.4685579714181443, 0.6452252544986324, 1.3739475070457443], "Sigma": [[0.011771787365544956, -0.0034394002328524105, -0.019544719693279505], [-0.0034394002328524105, 0.005167398108303402, 0.004802420950542034], [-0.019544719693279505, 0.004802420950542034, 0.03434217371101406]], "chi2_level": 0.95, "chi2_df": 3, "chi2_threshold": 7.814727903251179, "N_raw": 8, "N_roi": 8, "N_inlier": 8, "refit": true}
{"timestamp": "15:17:03.341261", "frame": 24, "mu": [1.4559426459505844, 0.608676612709979, 1.286870074593995], "Sigma": [[0.0062082486555900835, 0.00021423531448688256, -0.006719568132132511], [0.00021423531448688246, 0.003554225264915322, -0.010665137118680524], [-0.00671956813213251, -0.010665137118680524, 0.07641731064494371]], "chi2_level": 0.95, "chi2_df": 3, "chi2_threshold": 7.814727903251179, "N_raw": 8, "N_roi": 8, "N_inlier": 7, "refit": true}
{"timestamp": "15:17:03.401324", "frame": 25, "mu": [1.3605543221949907, 0.6426490673487679, 1.3486290384386401], "Sigma": [[0.004210995510011034, -0.0022927899715847796, -0.007247896386721839], [-0.00229278997158478, 0.005477046982997818, 2.406538778463468e-05], [-0.007247896386721839, 2.4065387784634625e-05, 0.01956360254179139]], "chi2_level": 0.95, "chi2_df": 3, "chi2_threshold": 7.814727903251179, "N_raw": 39, "N_roi": 39, "N_inlier": 39, "refit": true}
{"timestamp": "15:17:03.454858", "frame": 26, "mu": [1.2178668360624236, 0.710363957997439, 1.5357064122703825], "Sigma": [[0.002083895379607239, -0.0005427744237031466, -4.188055959764834e-05], [-0.0005427744237031466, 0.004192401973024118, 3.461180032125443e-05], [-4.1880559597648356e-05, 3.4611800321254456e-05, 0.00016659063497991678]], "chi2_level": 0.95, "chi2_df": 3, "chi2_threshold": 7.814727903251179, "N_raw": 19, "N_roi": 19, "N_inlier": 16, "refit": true}
{"timestamp": "15:17:03.509477", "frame": 27, "mu": [1.2225125418475058, 0.6859763206356985, 1.3772609778236828], "Sigma": [[0.0027589687116240345, -0.0002928825780072439, -0.006016233623187848], [-0.0002928825780072439, 0.0028694346996375637, -0.0017952200111787738], [-0.006016233623187848, -0.0017952200111787738, 0.01692300900660172]], "chi2_level": 0.95, "chi2_df": 3, "chi2_threshold": 7.814727903251179, "N_raw": 17, "N_roi": 17, "N_inlier": 15, "refit": true}
{"timestamp": "15:17:03.569553", "frame": 28, "mu": [1.2583903487128365, 0.562724879238866, 1.3552035080446116], "Sigma": [[0.007184496786204648, -0.00428768961765025, -0.004429784243900205], [-0.00428768961765025, 0.008517818109579805, -0.00027845407326845877], [-0.004429784243900205, -0.0002784540732684589, 0.0047442587495452075]], "chi2_level": 0.95, "chi2_df": 3, "chi2_threshold": 7.814727903251179, "N_raw": 47, "N_roi": 47, "N_inlier": 44, "refit": true}
{"timestamp": "15:17:03.624332", "frame": 29, "mu": [1.1206754349567485, 0.6365383248091837, 1.456876651981917], "Sigma": [[0.008076103588802877, -0.005381852632855205, -0.0069058792251484955], [-0.005381852632855205, 0.00635974463065636, 0.0031894148640351245], [-0.006905879225148496, 0.0031894148640351245, 0.007727695949261459]], "chi2_level": 0.95, "chi2_df": 3, "chi2_threshold": 7.814727903251179, "N_raw": 47, "N_roi": 47, "N_inlier": 44, "refit": true}
{"timestamp": "15:17:03.683820", "frame": 30, "mu": [1.0315484267178987, 0.7998199533311489, 1.163922580675009], "Sigma": [[0.00691323495091506, -0.003189223484747453, -0.012649930696640332], [-0.0031892234847474537, 0.012381503116202985, -0.024565377258201144], [-0.012649930696640332, -0.024565377258201144, 0.12862177281231255]], "chi2_level": 0.95, "chi2_df": 3, "chi2_threshold": 7.814727903251179, "N_raw": 81, "N_roi": 81, "N_inlier": 79, "refit": true}
{"timestamp": "15:17:03.730516", "frame": 31, "mu": [0.9496945172917929, 0.7554441349480908, 1.5385928525072123], "Sigma": [[0.007446509352726891, -0.0015141273087599335, -0.007906595627076629], [-0.0015141273087599335, 0.004178877298098618, -0.000535846612336808], [-0.007906595627076629, -0.0005358466123368078, 0.013778786970017668]], "chi2_level": 0.95, "chi2_df": 3, "chi2_threshold": 7.814727903251179, "N_raw": 20, "N_roi": 20, "N_inlier": 19, "refit": true}
{"timestamp": "15:17:03.791112", "frame": 32, "mu": [0.9701969107354665, 0.6472937316167898, 1.4648620606225786], "Sigma": [[0.013711064165191819, -0.008168841806256405, -0.010051924927919172], [-0.008168841806256405, 0.0072637630717859065, 0.003835940396850599], [-0.010051924927919172, 0.0038359403968505987, 0.010573567511510696]], "chi2_level": 0.95, "chi2_df": 3, "chi2_threshold": 7.814727903251179, "N_raw": 57, "N_roi": 57, "N_inlier": 52, "refit": true}
{"timestamp": "15:17:03.843041", "frame": 33, "mu": [0.7970603256839823, 0.7389628331277693, 1.5815420765691772], "Sigma": [[0.002935903827061606, -0.00017426723714475818, -0.002140261629233204], [-0.0001742672371447582, 0.0019214475823940947, -0.001687606938170859], [-0.002140261629233204, -0.001687606938170859, 0.015561295565508426]], "chi2_level": 0.95, "chi2_df": 3, "chi2_threshold": 7.814727903251179, "N_raw": 38, "N_roi": 38, "N_inlier": 31, "refit": true}
{"timestamp": "15:17:03.904810", "frame": 34, "mu": [0.8090455766989824, 0.7529955128867146, 1.4003001291153983], "Sigma": [[0.008453293463611832, -0.0008506923527736479, -0.014297373126959115], [-0.0008506923527736478, 0.002260961125572245, -0.0016906370701706731], [-0.014297373126959117, -0.0016906370701706731, 0.039103975512689904]], "chi2_level": 0.95, "chi2_df": 3, "chi2_threshold": 7.814727903251179, "N_raw": 90, "N_roi": 90, "N_inlier": 85, "refit": true}
{"timestamp": "15:17:03.954439", "frame": 35, "mu": [0.6600728978364665, 0.7436799300110322, 1.5570426752058992], "Sigma": [[0.0032219744062173122, -0.00026681819392740825, -0.002657162027215794], [-0.0002668181939274082, 0.002268762374937852, -0.0013032633427276542], [-0.0026571620272157945, -0.0013032633427276542, 0.003961477271607631]], "chi2_level": 0.95, "chi2_df": 3, "chi2_threshold": 7.814727903251179, "N_raw": 46, "N_roi": 44, "N_inlier": 40, "refit": true}
{"timestamp": "15:17:04.015603", "frame": 36, "mu": [0.7085772788473548, 0.7328278532529173, 1.3273571378107214], "Sigma": [[0.005480251998416599, -0.0008428506247130338, -0.010932199387766954], [-0.0008428506247130338, 0.0020023628275407128, -0.00231582160362266], [-0.010932199387766954, -0.0023158216036226597, 0.04009269247420384]], "chi2_level": 0.95, "chi2_df": 3, "chi2_threshold": 7.814727903251179, "N_raw": 93, "N_roi": 93, "N_inlier": 88, "refit": true}
{"timestamp": "15:17:04.066993", "frame": 37, "mu": [0.65023300667555, 0.6958731833724363, 1.3262352972876088], "Sigma": [[0.005177083844519588, -0.0021618458268828945, -0.00923361529772257], [-0.0021618458268828945, 0.001718180734144024, 0.0041696267889983155], [-0.00923361529772257, 0.0041696267889983155, 0.04936521691191758]], "chi2_level": 0.95, "chi2_df": 3, "chi2_threshold": 7.814727903251179, "N_raw": 65, "N_roi": 65, "N_inlier": 64, "refit": true}
{"timestamp": "15:17:04.122143", "frame": 38, "mu": [0.5379626878859511, 0.7575189942927332, 1.4478515157970095], "Sigma": [[0.0024319765066004705, -0.000504791611139556, 0.0004685995704154022], [-0.000504791611139556, 0.0023885036853943937, -0.004942872087193226], [0.00046859957041540235, -0.004942872087193226, 0.04015673873009112]], "chi2_level": 0.95, "chi2_df": 3, "chi2_threshold": 7.814727903251179, "N_raw": 66, "N_roi": 66, "N_inlier": 60, "refit": true}
{"timestamp": "15:17:04.180359", "frame": 39, "mu": [0.5112521313723584, 0.8045012371733216, 1.4072844968786162], "Sigma": [[0.00245122217226256, 2.090780105738305e-06, -0.0028102834321448067], [2.090780105738366e-06, 0.0037792958654750022, -0.007492443918981077], [-0.0028102834321448067, -0.0074924439189810775, 0.024169102883545606]], "chi2_level": 0.95, "chi2_df": 3, "chi2_threshold": 7.814727903251179, "N_raw": 92, "N_roi": 92, "N_inlier": 89, "refit": true}
{"timestamp": "15:17:04.232766", "frame": 40, "mu": [0.47918729767891416, 0.8054732189764406, 1.2945486743444827], "Sigma": [[0.0018000575172533468, -0.0005725335015672602, -0.0009458603732630371], [-0.0005725335015672603, 0.0038275779644341003, -0.010274178519463986], [-0.0009458603732630368, -0.010274178519463984, 0.042878864538128336]], "chi2_level": 0.95, "chi2_df": 3, "chi2_threshold": 7.814727903251179, "N_raw": 73, "N_roi": 73, "N_inlier": 72, "refit": true}
{"timestamp": "15:17:04.288314", "frame": 41, "mu": [0.39562579317920477, 0.7770880577677074, 1.5059910950979096], "Sigma": [[0.004485666524937621, -0.0027725597233831207, -1.2269574394034425e-05], [-0.0027725597233831207, 0.003934896818675495, -0.002803914649216947], [-1.2269574394034398e-05, -0.002803914649216948, 0.004618826256858474]], "chi2_level": 0.95, "chi2_df": 3, "chi2_threshold": 7.814727903251179, "N_raw": 73, "N_roi": 73, "N_inlier": 67, "refit": true}
{"timestamp": "15:17:04.346239", "frame": 42, "mu": [0.33793364553368216, 0.834945450207452, 1.3914936719614885], "Sigma": [[0.003359799424613622, 0.0001927042450332034, -0.004657791609548193], [0.0001927042450332034, 0.001830692131021536, -0.003877689532121424], [-0.004657791609548193, -0.003877689532121424, 0.020279150575622375]], "chi2_level": 0.95, "chi2_df": 3, "chi2_threshold": 7.814727903251179, "N_raw": 89, "N_roi": 89, "N_inlier": 81, "refit": true}
{"timestamp": "15:17:04.399933", "frame": 43, "mu": [0.28178359129544023, 0.8300452393321646, 1.4040598370518838], "Sigma": [[0.0034122948056100845, 0.0009880784500593467, -0.007717200040048644], [0.0009880784500593467, 0.0030825619811249423, -0.008382687748840873], [-0.0077172000400486445, -0.008382687748840871, 0.03668123249937197]], "chi2_level": 0.95, "chi2_df": 3, "chi2_threshold": 7.814727903251179, "N_raw": 68, "N_roi": 68, "N_inlier": 63, "refit": true}
{"timestamp": "15:17:04.446901", "frame": 44, "mu": [0.27611264702234173, 0.7917878837851647, 1.2930925121363235], "Sigma": [[0.007800289052732167, -0.003702723057998799, -0.0016346811550602713], [-0.0037027230579988, 0.004037843459677037, -0.006915980378049835], [-0.0016346811550602713, -0.006915980378049835, 0.0320925144812792]], "chi2_level": 0.95, "chi2_df": 3, "chi2_threshold": 7.814727903251179, "N_raw": 39, "N_roi": 39, "N_inlier": 38, "refit": true}
{"timestamp": "15:17:04.505137", "frame": 45, "mu": [0.21875983890423595, 0.9390294313234322, -0.49851269717892055], "Sigma": [[0.0023250352055203807, -0.0031399291477868666, 0.003233368735999151], [-0.0031399291477868666, 0.008983100671659293, -0.013434344852585687], [0.003233368735999151, -0.013434344852585687, 0.02373513991686722]], "chi2_level": 0.95, "chi2_df": 3, "chi2_threshold": 7.814727903251179, "N_raw": 56, "N_roi": 56, "N_inlier": 56, "refit": true}
{"timestamp": "15:17:04.557900", "frame": 46, "mu": [0.13051164147298758, 0.8107523743135241, 1.4423359041070263], "Sigma": [[0.0013292903958941856, 0.00032369772997154064, -0.0012780081153214902], [0.00032369772997154064, 0.0009087199068219569, -0.001492702411810477], [-0.00127800811532149, -0.001492702411810477, 0.016241079635430915]], "chi2_level": 0.95, "chi2_df": 3, "chi2_threshold": 7.814727903251179, "N_raw": 44, "N_roi": 44, "N_inlier": 41, "refit": true}
{"timestamp": "15:17:04.622511", "frame": 47, "mu": [0.08973918777472056, 0.7641999465467056, 1.2798582792243476], "Sigma": [[0.004866984562009418, -0.003660337089636022, 0.006807724316743646], [-0.0036603370896360217, 0.0073000940167796255, -0.008452745355479657], [0.006807724316743646, -0.008452745355479657, 0.02394110257131781]], "chi2_level": 0.95, "chi2_df": 3, "chi2_threshold": 7.814727903251179, "N_raw": 112, "N_roi": 112, "N_inlier": 110, "refit": true}
{"timestamp": "15:17:04.679698", "frame": 48, "mu": [0.03928945253562316, 0.7184799077173231, 1.4170503570806767], "Sigma": [[0.0053279185843406246, -0.0029995115300910802, -0.005582201311514591], [-0.0029995115300910802, 0.004244935945487967, 0.0015533666436043014], [-0.005582201311514591, 0.0015533666436043014, 0.019965807015715938]], "chi2_level": 0.95, "chi2_df": 3, "chi2_threshold": 7.814727903251179, "N_raw": 115, "N_roi": 115, "N_inlier": 108, "refit": true}
{"timestamp": "15:17:04.728816", "frame": 49, "mu": [-0.030076072058799263, 0.7248849586906821, 1.4194180306024131], "Sigma": [[0.0019360157875958058, -0.003678515684229321, -0.0030518314327461172], [-0.0036785156842293206, 0.011953875075780693, 0.00525823847861483], [-0.0030518314327461172, 0.00525823847861483, 0.016953670389659226]], "chi2_level": 0.95, "chi2_df": 3, "chi2_threshold": 7.814727903251179, "N_raw": 74, "N_roi": 74, "N_inlier": 70, "refit": true}
{"timestamp": "15:17:04.784671", "frame": 50, "mu": [-0.066419926204853, 0.6736075314253613, 1.333713515490406], "Sigma": [[0.002896310201218837, -0.002954119118883181, -0.0002799321164633019], [-0.002954119118883181, 0.0041073420388110585, -0.00013285789212501438], [-0.0002799321164633018, -0.0001328578921250145, 0.008128818308188304]], "chi2_level": 0.95, "chi2_df": 3, "chi2_threshold": 7.814727903251179, "N_raw": 82, "N_roi": 82, "N_inlier": 76, "refit": true}
{"timestamp": "15:17:04.843860", "frame": 51, "mu": [-0.14474618100224632, 0.6834909116483434, 1.4384569717316844], "Sigma": [[0.0037579317919431447, -0.0029729273232549924, -0.007034638801946471], [-0.002972927323254992, 0.004373270921794951, 0.0038569505668490686], [-0.007034638801946471, 0.0038569505668490686, 0.027520926125912205]], "chi2_level": 0.95, "chi2_df": 3, "chi2_threshold": 7.814727903251179, "N_raw": 110, "N_roi": 110, "N_inlier": 106, "refit": true}
{"timestamp": "15:17:04.899696", "frame": 52, "mu": [-0.22405350692413778, 0.7499987871179394, 1.5177865878288705], "Sigma": [[0.005566052491554753, -0.0003232953131636325, -0.007478463473260279], [-0.0003232953131636324, 0.003661428074217379, -0.003560474723124059], [-0.007478463473260279, -0.003560474723124059, 0.016079742922120544]], "chi2_level": 0.95, "chi2_df": 3, "chi2_threshold": 7.814727903251179, "N_raw": 123, "N_roi": 123, "N_inlier": 120, "refit": true}
{"timestamp": "15:17:04.946161", "frame": 53, "mu": [-0.32474417192324034, 0.7402566351800752, -0.34080194461333285], "Sigma": [[0.0021938113542016116, -0.00012199749909638184, 0.0014749283343790352], [-0.00012199749909638189, 0.0043703685391933795, 0.00010989260955357553], [0.0014749283343790352, 0.00010989260955357553, 0.005411073572919191]], "chi2_level": 0.95, "chi2_df": 3, "chi2_threshold": 7.814727903251179, "N_raw": 54, "N_roi": 53, "N_inlier": 51, "refit": true}
{"timestamp": "15:17:05.009721", "frame": 54, "mu": [-0.32652548451323204, 0.6930381115785698, 1.5257731546100441], "Sigma": [[0.008589032099239235, -0.003676113795575561, -0.010939814803556068], [-0.003676113795575561, 0.003775969446424902, 0.0030678977836772954], [-0.010939814803556066, 0.0030678977836772954, 0.019303850540214433]], "chi2_level": 0.95, "chi2_df": 3, "chi2_threshold": 7.814727903251179, "N_raw": 122, "N_roi": 122, "N_inlier": 119, "refit": true}
{"timestamp": "15:17:05.056374", "frame": 55, "mu": [-0.4547942187579028, 0.696904022591763, 1.5998673654159659], "Sigma": [[0.0027290126150777204, -0.0008385363708223533, -0.00012629208765255746], [-0.0008385363708223533, 0.0017491757323556424, -0.0020974123154816242], [-0.00012629208765255746, -0.0020974123154816242, 0.0033641033457038868]], "chi2_level": 0.95, "chi2_df": 3, "chi2_threshold": 7.814727903251179, "N_raw": 65, "N_roi": 65, "N_inlier": 60, "refit": true}
{"timestamp": "15:17:05.104134", "frame": 56, "mu": [-0.5380301567304252, 0.785990849904493, 1.0205731133711722], "Sigma": [[0.030431141071118162, -0.004653953397017606, 0.04681403858601052], [-0.004653953397017606, 0.016050722199093356, -0.06900173822357393], [0.04681403858601053, -0.06900173822357393, 0.5359607717677805]], "chi2_level": 0.95, "chi2_df": 3, "chi2_threshold": 7.814727903251179, "N_raw": 11, "N_roi": 11, "N_inlier": 11, "refit": true}
{"timestamp": "15:17:05.169961", "frame": 57, "mu": [-0.7225674194933908, 0.6411038840138162, 1.7345433064351499], "Sigma": [[0.00986308156373474, 0.004666746785178005, -0.007622618965113114], [0.004666746785178005, 0.00524583242134828, -0.006214346799279051], [-0.007622618965113114, -0.006214346799279051, 0.00989659090007721]], "chi2_level": 0.95, "chi2_df": 3, "chi2_threshold": 7.814727903251179, "N_raw": 87, "N_roi": 85, "N_inlier": 81, "refit": true}
{"timestamp": "15:17:05.221609", "frame": 58, "mu": [-0.6932457443607604, 0.6754298333155871, 1.6602577659676023], "Sigma": [[0.017320897194457296, 0.005491664991935094, -0.01173260182167809], [0.005491664991935093, 0.006249174099809011, -0.005821582215361642], [-0.011732601821678089, -0.005821582215361642, 0.00990305297929516]], "chi2_level": 0.95, "chi2_df": 3, "chi2_threshold": 7.814727903251179, "N_raw": 57, "N_roi": 57, "N_inlier": 55, "refit": true}
{"timestamp": "15:17:05.276748", "frame": 59, "mu": [-0.8465401490416927, 0.6125111280980836, 1.718532066387721], "Sigma": [[0.006371510117224894, 0.0020986331815928887, -0.0036546316947606316], [0.0020986331815928887, 0.005629884302976103, -0.0036574773313012418], [-0.0036546316947606316, -0.0036574773313012413, 0.004300409720949275]], "chi2_level": 0.95, "chi2_df": 3, "chi2_threshold": 7.814727903251179, "N_raw": 74, "N_roi": 74, "N_inlier": 70, "refit": true}
{"timestamp": "15:17:05.328258", "frame": 60, "mu": [-0.9037047904030039, 0.5844517980717691, 1.7535813414268808], "Sigma": [[0.006399501827067038, 0.001880282606823935, -0.002489998122515102], [0.0018802826068239353, 0.004056340161010177, -0.003421602972794157], [-0.002489998122515102, -0.003421602972794157, 0.003427542319215257]], "chi2_level": 0.95, "chi2_df": 3, "chi2_threshold": 7.814727903251179, "N_raw": 45, "N_roi": 45, "N_inlier": 42, "refit": true}
{"timestamp": "15:17:05.384381", "frame": 61, "mu": [-0.9070536836727864, 0.5991052774856909, 1.7354592077829543], "Sigma": [[0.006714937214697391, 0.0011900440131739519, -0.0028427203922261474], [0.0011900440131739519, 0.003926213186680225, -0.003556984025056669], [-0.0028427203922261474, -0.0035569840250566694, 0.004442525517875819]], "chi2_level": 0.95, "chi2_df": 3, "chi2_threshold": 7.814727903251179, "N_raw": 47, "N_roi": 45, "N_inlier": 42, "refit": true}
{"timestamp": "15:17:05.440662", "frame": 62, "mu": [-0.9351778664928297, 0.6469132278388167, 1.7061216035847866], "Sigma": [[0.007032926834000005, -0.00019212801251970298, -0.0025250982234678006], [-0.00019212801251970298, 0.00360385895253141, -0.003051703041547456], [-0.0025250982234678006, -0.003051703041547456, 0.004799775927487011]], "chi2_level": 0.95, "chi2_df": 3, "chi2_threshold": 7.814727903251179, "N_raw": 56, "N_roi": 56, "N_inlier": 54, "refit": true}
{"timestamp": "15:17:05.496966", "frame": 63, "mu": [-0.9358818842149286, 0.6366733310609285, 1.643951220743945], "Sigma": [[0.0057768669712605905, 0.0002876526444066109, -0.0012433314326835666], [0.00028765264440661103, 0.004762352981649586, -0.0031996335654374377], [-0.0012433314326835668, -0.0031996335654374377, 0.002562139422462243]], "chi2_level": 0.95, "chi2_df": 3, "chi2_threshold": 7.814727903251179, "N_raw": 67, "N_roi": 67, "N_inlier": 65, "refit": true}
{"timestamp": "15:17:05.552367", "frame": 64, "mu": [-0.9720442538475855, 0.6267066556281291, 1.639844459663962], "Sigma": [[0.008730340872117234, 0.00027146647238306283, -0.002643510519434315], [0.0002714664723830629, 0.0051517235350829775, -0.0022342325528838278], [-0.002643510519434315, -0.0022342325528838278, 0.0026703971508536192]], "chi2_level": 0.95, "chi2_df": 3, "chi2_threshold": 7.814727903251179, "N_raw": 72, "N_roi": 72, "N_inlier": 69, "refit": true}
{"timestamp": "15:17:05.605526", "frame": 65, "mu": [-1.0463750656555764, 0.6119345507774341, 1.645894942523398], "Sigma": [[0.0068314087254239654, -0.0005363283029517556, -0.0001444160395496206], [-0.0005363283029517555, 0.004008451125137004, -0.0032369218112212514], [-0.0001444160395496207, -0.0032369218112212514, 0.0029362839568726987]], "chi2_level": 0.95, "chi2_df": 3, "chi2_threshold": 7.814727903251179, "N_raw": 60, "N_roi": 60, "N_inlier": 59, "refit": true}
{"timestamp": "15:17:05.658601", "frame": 66, "mu": [-1.0831935982219778, 0.6639967582657598, -0.18842627917077676], "Sigma": [[0.0061848345004013126, 0.0001062617841414222, -0.003102705870406278], [0.00010626178414142214, 0.003635231217795823, -0.0008324289262968349], [-0.003102705870406278, -0.0008324289262968349, 0.002463168358655057]], "chi2_level": 0.95, "chi2_df": 3, "chi2_threshold": 7.814727903251179, "N_raw": 44, "N_roi": 44, "N_inlier": 40, "refit": true}
{"timestamp": "15:17:05.714690", "frame": 67, "mu": [-1.1167572893393467, 0.584213033248655, 1.5386040425547929], "Sigma": [[0.00612711062089073, -0.0006364551851848846, -0.001868082642117815], [-0.0006364551851848846, 0.005679567857633624, -0.002878360549918627], [-0.0018680826421178147, -0.002878360549918627, 0.0025871916493780964]], "chi2_level": 0.95, "chi2_df": 3, "chi2_threshold": 7.814727903251179, "N_raw": 59, "N_roi": 59, "N_inlier": 56, "refit": true}
{"timestamp": "15:17:05.770128", "frame": 68, "mu": [-1.1852686722764136, 0.5989297161885223, -0.38198088670588487], "Sigma": [[0.00749018915946523, 0.0007557707799897126, -0.000844481073164337], [0.000755770779989712, 0.018850633572781546, 0.0073420698832128385], [-0.0008444810731643369, 0.0073420698832128385, 0.004458664290213832]], "chi2_level": 0.95, "chi2_df": 3, "chi2_threshold": 7.814727903251179, "N_raw": 58, "N_roi": 58, "N_inlier": 55, "refit": true}
{"timestamp": "15:17:05.825149", "frame": 69, "mu": [-1.2038315815805574, 0.5324913723971347, 1.5331088072876993], "Sigma": [[0.009076090545015372, -0.0008419443483440373, -0.003851818021469869], [-0.0008419443483440373, 0.008426288855278252, -0.002106532646747536], [-0.003851818021469869, -0.002106532646747536, 0.002849397135504168]], "chi2_level": 0.95, "chi2_df": 3, "chi2_threshold": 7.814727903251179, "N_raw": 58, "N_roi": 58, "N_inlier": 57, "refit": true}
{"timestamp": "15:17:05.880679", "frame": 70, "mu": [-1.2559119548312052, 0.5269836755607993, 1.504017637319887], "Sigma": [[0.008532821474898354, 0.0003194570692116095, -0.0011156256502129849], [0.0003194570692116098, 0.012073348123338004, -0.0029462393424426183], [-0.0011156256502129849, -0.0029462393424426183, 0.001216082875852055]], "chi2_level": 0.95, "chi2_df": 3, "chi2_threshold": 7.814727903251179, "N_raw": 64, "N_roi": 64, "N_inlier": 60, "refit": true}
{"timestamp": "15:17:05.936576", "frame": 71, "mu": [-1.2492927483702039, 0.49985399059573654, 1.4413650040159967], "Sigma": [[0.00938806076027573, 0.0003263996754494061, -0.002923474181413122], [0.00032639967544940615, 0.010002067100666269, -0.003694964361747521], [-0.0029234741814131225, -0.003694964361747521, 0.002643197627909999]], "chi2_level": 0.95, "chi2_df": 3, "chi2_threshold": 7.814727903251179, "N_raw": 66, "N_roi": 66, "N_inlier": 62, "refit": true}
{"timestamp": "15:17:05.990252", "frame": 72, "mu": [-1.3146797757590345, 0.6251734855051451, -0.4046569618403914], "Sigma": [[0.009132175545192717, 0.000270320954334891, -0.002075137607407426], [0.00027032095433489106, 0.009729240571845913, -0.0015685143427571877], [-0.0020751376074074255, -0.0015685143427571877, 0.0010972586529970562]], "chi2_level": 0.95, "chi2_df": 3, "chi2_threshold": 7.814727903251179, "N_raw": 59, "N_roi": 59, "N_inlier": 55, "refit": true}
{"timestamp": "15:17:06.043010", "frame": 73, "mu": [-1.3403920326573184, 0.6380778444555048, -0.40667952842932703], "Sigma": [[0.005844916666789308, 0.0006244380616793714, -0.002326112171418992], [0.0006244380616793711, 0.009389819609432058, -0.001880267759247858], [-0.002326112171418992, -0.001880267759247858, 0.00161422474300352]], "chi2_level": 0.95, "chi2_df": 3, "chi2_threshold": 7.814727903251179, "N_raw": 47, "N_roi": 47, "N_inlier": 44, "refit": true}
{"timestamp": "15:17:06.099455", "frame": 74, "mu": [-1.3491374531979656, 0.4949251784674785, 1.4256218055784995], "Sigma": [[0.007006583994930511, 0.0005107426234623191, -0.0030729171332172425], [0.0005107426234623189, 0.008611220141284575, -0.003075598534592031], [-0.003072917133217243, -0.003075598534592031, 0.0027650732657132997]], "chi2_level": 0.95, "chi2_df": 3, "chi2_threshold": 7.814727903251179, "N_raw": 48, "N_roi": 48, "N_inlier": 44, "refit": true}
{"timestamp": "15:17:06.154362", "frame": 75, "mu": [-1.3841663696936697, 0.496200548844873, 1.3888045175069226], "Sigma": [[0.00843506550514543, 0.000536617651226991, -0.002258591073600053], [0.000536617651226991, 0.008472447315100665, -0.003638416018169095], [-0.002258591073600053, -0.003638416018169095, 0.0030465938367743315]], "chi2_level": 0.95, "chi2_df": 3, "chi2_threshold": 7.814727903251179, "N_raw": 51, "N_roi": 51, "N_inlier": 50, "refit": true}
{"timestamp": "15:17:06.209881", "frame": 76, "mu": [-1.4294402388819416, 0.6727985347118353, -0.4514475338233216], "Sigma": [[0.00905326787011133, 0.0014713303661715187, -0.0013012721455742992], [0.001471330366171519, 0.010074360132979484, -0.002390484769033021], [-0.0013012721455742992, -0.0023904847690330213, 0.0011433863316255182]], "chi2_level": 0.95, "chi2_df": 3, "chi2_threshold": 7.814727903251179, "N_raw": 55, "N_roi": 55, "N_inlier": 53, "refit": true}
{"timestamp": "15:17:06.264928", "frame": 77, "mu": [-1.4501105094478055, 0.5389932966377049, 1.3767089295576584], "Sigma": [[0.009408366752445831, 0.0009986910876340317, -0.0007788772054067016], [0.0009986910876340314, 0.007604586580957287, -0.004333102912309882], [-0.0007788772054067017, -0.004333102912309882, 0.004394140500685015]], "chi2_level": 0.95, "chi2_df": 3, "chi2_threshold": 7.814727903251179, "N_raw": 60, "N_roi": 60, "N_inlier": 57, "refit": true}
{"timestamp": "15:17:06.311864", "frame": 78, "mu": [-1.4252288523191665, 0.639998498910912, 1.3922088374261297], "Sigma": [[0.002235701443538358, 0.0038687467457882096, -0.0020022593209807755], [0.0038687467457882096, 0.009894083567230455, -0.00549911506852137], [-0.002002259320980775, -0.00549911506852137, 0.0031269620297400815]], "chi2_level": 0.95, "chi2_df": 3, "chi2_threshold": 7.814727903251179, "N_raw": 7, "N_roi": 7, "N_inlier": 7, "refit": true}
{"timestamp": "15:17:06.373816", "frame": 79, "mu": [-1.5432051287353512, 0.670799065301942, 1.3900885324959584], "Sigma": [[0.005802679423013635, 0.0021374410802107195, -0.0009700232516895912], [0.00213744108021072, 0.009095545825358332, -0.0038365571377749234], [-0.0009700232516895912, -0.003836557137774923, 0.012770782375718579]], "chi2_level": 0.95, "chi2_df": 3, "chi2_threshold": 7.814727903251179, "N_raw": 52, "N_roi": 52, "N_inlier": 47, "refit": true}
{"timestamp": "15:17:06.424924", "frame": 80, "mu": [-1.5719673521561397, 0.5398314158868822, 1.1945664113545564], "Sigma": [[0.0059937202015320845, 0.008578737207310679, 0.008524683402540287], [0.008578737207310679, 0.014108194215863191, 0.014931837952100086], [0.008524683402540287, 0.014931837952100086, 0.04895926124428223]], "chi2_level": 0.95, "chi2_df": 3, "chi2_threshold": 7.814727903251179, "N_raw": 28, "N_roi": 28, "N_inlier": 28, "refit": true}
{"timestamp": "15:17:06.484716", "frame": 81, "mu": [-1.5896736658425519, 0.5394079281568758, 1.219371321641532], "Sigma": [[0.0065053307836140635, 0.005663624372865829, 0.003484507467566716], [0.005663624372865829, 0.01052159450510757, 0.00043226594240144544], [0.003484507467566716, 0.0004322659424014452, 0.019697346610865495]], "chi2_level": 0.95, "chi2_df": 3, "chi2_threshold": 7.814727903251179, "N_raw": 56, "N_roi": 56, "N_inlier": 55, "refit": true}
{"timestamp": "15:17:06.539472", "frame": 82, "mu": [-1.6377966161713242, 0.7874995943890521, -0.539267598580514], "Sigma": [[0.008897990126050694, 0.004586361115127941, 0.013516854976388524], [0.004586361115127942, 0.010270668892469841, -0.0006778384274822133], [0.013516854976388524, -0.0006778384274822137, 0.06341223508191321]], "chi2_level": 0.95, "chi2_df": 3, "chi2_threshold": 7.814727903251179, "N_raw": 55, "N_roi": 55, "N_inlier": 51, "refit": true}
{"timestamp": "15:17:06.593030", "frame": 83, "mu": [-1.5728297244767067, 0.604669674956132, 1.3486313776408068], "Sigma": [[0.007389851925375185, 0.002089313128751749, -0.0022810929962103696], [0.002089313128751749, 0.013535802344340517, -0.005080868387487077], [-0.0022810929962103696, -0.005080868387487077, 0.002681978346314898]], "chi2_level": 0.95, "chi2_df": 3, "chi2_threshold": 7.814727903251179, "N_raw": 49, "N_roi": 49, "N_inlier": 48, "refit": true}
{"timestamp": "15:17:06.648392", "frame": 84, "mu": [-1.6238085158991782, 0.6353791647064907, 1.2969765013629921], "Sigma": [[0.0062568311463016045, 0.005605962225876607, 0.0012572439201556083], [0.005605962225876607, 0.009577915615877295, -0.002124532055655986], [0.0012572439201556083, -0.002124532055655986, 0.013032296602260044]], "chi2_level": 0.95, "chi2_df": 3, "chi2_threshold": 7.814727903251179, "N_raw": 43, "N_roi": 43, "N_inlier": 41, "refit": true}
{"timestamp": "15:17:06.702731", "frame": 85, "mu": [-1.6283347043592393, 0.6032237228791602, 1.3262177518600922], "Sigma": [[0.006793526961631894, 0.0031281803064069818, -0.0024042567311456345], [0.0031281803064069826, 0.011128300490579153, -0.0055321749694750705], [-0.002404256731145634, -0.0055321749694750705, 0.0034821473378648955]], "chi2_level": 0.95, "chi2_df": 3, "chi2_threshold": 7.814727903251179, "N_raw": 44, "N_roi": 44, "N_inlier": 44, "refit": true}
{"timestamp": "15:17:06.762069", "frame": 86, "mu": [-1.659740552296715, 0.6406616503911597, 1.2613074782547724], "Sigma": [[0.008027856666111034, 0.0027032115195289672, 0.000485034127419586], [0.0027032115195289672, 0.008085131459177474, -0.005287665093276981], [0.000485034127419586, -0.005287665093276981, 0.012655921484336736]], "chi2_level": 0.95, "chi2_df": 3, "chi2_threshold": 7.814727903251179, "N_raw": 71, "N_roi": 71, "N_inlier": 58, "refit": true}
{"timestamp": "15:17:06.814328", "frame": 87, "mu": [-1.633719513620764, 0.7939231221890384, -0.49805689556764077], "Sigma": [[0.00839845658913056, 0.00204624409191035, -0.0016475844280527696], [0.00204624409191035, 0.013608061985682143, -0.0044288372666177675], [-0.0016475844280527696, -0.0044288372666177675, 0.002304787008584235]], "chi2_level": 0.95, "chi2_df": 3, "chi2_threshold": 7.814727903251179, "N_raw": 54, "N_roi": 54, "N_inlier": 54, "refit": true}
{"timestamp": "15:17:06.866548", "frame": 88, "mu": [-1.646834559117449, 0.6175684154433296, 1.308178288278871], "Sigma": [[0.005565059372316278, 0.004014853556588364, -0.0032648236336109767], [0.004014853556588364, 0.009182066318191908, -0.006052261286156348], [-0.003264823633610977, -0.006052261286156348, 0.004853549114859903]], "chi2_level": 0.95, "chi2_df": 3, "chi2_threshold": 7.814727903251179, "N_raw": 35, "N_roi": 35, "N_inlier": 34, "refit": true}
{"timestamp": "15:17:06.923095", "frame": 89, "mu": [-1.6559171306990697, 0.6506235995328815, 1.3106349852698254], "Sigma": [[0.005562550948265484, 0.002729656219627787, -0.00291252013392232], [0.002729656219627787, 0.011167001772659122, -0.006044815870899313], [-0.00291252013392232, -0.006044815870899313, 0.004355287371935228]], "chi2_level": 0.95, "chi2_df": 3, "chi2_threshold": 7.814727903251179, "N_raw": 44, "N_roi": 44, "N_inlier": 39, "refit": true}
{"timestamp": "15:17:06.978487", "frame": 90, "mu": [-1.7351163417676114, 0.6907397157579418, 1.1500080090355072], "Sigma": [[0.007232952963012736, 0.010436504764476244, 0.006352127059088839], [0.010436504764476244, 0.019633592047237563, 0.014144923426425655], [0.006352127059088839, 0.014144923426425655, 0.018651695953399106]], "chi2_level": 0.95, "chi2_df": 3, "chi2_threshold": 7.814727903251179, "N_raw": 28, "N_roi": 28, "N_inlier": 26, "refit": true}
{"timestamp": "15:17:07.034393", "frame": 91, "mu": [-1.7063343436509948, 0.6929793954252336, 1.2659047725668946], "Sigma": [[0.006259136745032408, 0.002776604407338487, 0.00017993611160351864], [0.002776604407338487, 0.005468395925592836, -0.00245863554080952], [0.00017993611160351843, -0.0024586355408095202, 0.02078066868989643]], "chi2_level": 0.95, "chi2_df": 3, "chi2_threshold": 7.814727903251179, "N_raw": 52, "N_roi": 52, "N_inlier": 49, "refit": true}
{"timestamp": "15:17:07.086460", "frame": 92, "mu": [-1.7633563571916566, 0.7450738329472573, 1.198082629210226], "Sigma": [[0.005856843737143143, 0.007468557343592464, 0.0025994403669099826], [0.007468557343592464, 0.011507400506911928, 0.00832958899636603], [0.002599440366909982, 0.00832958899636603, 0.02059048614554406]], "chi2_level": 0.95, "chi2_df": 3, "chi2_threshold": 7.814727903251179, "N_raw": 29, "N_roi": 29, "N_inlier": 26, "refit": true}
{"timestamp": "15:17:07.139495", "frame": 93, "mu": [-1.7865829516380545, 0.8563488275893371, -0.6300618749898989], "Sigma": [[0.004196335243237871, 0.006952674989735216, 0.002474954631925862], [0.006952674989735217, 0.015332527932564255, 0.0036827017075967555], [0.002474954631925862, 0.0036827017075967555, 0.010411595757560599]], "chi2_level": 0.95, "chi2_df": 3, "chi2_threshold": 7.814727903251179, "N_raw": 27, "N_roi": 27, "N_inlier": 25, "refit": true}
{"timestamp": "15:17:07.193745", "frame": 94, "mu": [-1.7372548801642127, 0.7574680589369288, 1.1507704308706685], "Sigma": [[0.0061478153985363914, 0.008345150886151904, 0.007507431048566923], [0.008345150886151904, 0.012828291568698835, 0.011816438793021633], [0.007507431048566923, 0.011816438793021633, 0.016662059310255502]], "chi2_level": 0.95, "chi2_df": 3, "chi2_threshold": 7.814727903251179, "N_raw": 16, "N_roi": 16, "N_inlier": 16, "refit": true}
{"timestamp": "15:17:07.252630", "frame": 95, "mu": [-1.8072708942228286, 0.7181061743292226, 1.2452036495325922], "Sigma": [[0.007479108062277315, 0.008044362664860149, -0.00027325124706550734], [0.008044362664860149, 0.011557358879596098, -0.00507254159382059], [-0.00027325124706550734, -0.00507254159382059, 0.011258104200454193]], "chi2_level": 0.95, "chi2_df": 3, "chi2_threshold": 7.814727903251179, "N_raw": 44, "N_roi": 44, "N_inlier": 43, "refit": true}
{"timestamp": "15:17:07.308917", "frame": 96, "mu": [-1.800835820269648, 0.7008931487833766, 1.2740947209304643], "Sigma": [[0.007935271079756124, 0.006692195920851834, 0.0006262878653340219], [0.006692195920851834, 0.010714140732395796, -0.0055345080390181555], [0.0006262878653340218, -0.0055345080390181555, 0.010202608240898242]], "chi2_level": 0.95, "chi2_df": 3, "chi2_threshold": 7.814727903251179, "N_raw": 52, "N_roi": 52, "N_inlier": 50, "refit": true}
{"timestamp": "15:17:07.471627", "frame": 99, "mu": [-1.8007124624617015, 0.6904931859237193, 1.2473102208483857], "Sigma": [[0.008165561595517061, 0.006755605993283693, -0.003031147032606274], [0.006755605993283693, 0.01089011376342149, -0.005934580636858448], [-0.003031147032606274, -0.005934580636858448, 0.005149961128988643]], "chi2_level": 0.95, "chi2_df": 3, "chi2_threshold": 7.814727903251179, "N_raw": 39, "N_roi": 39, "N_inlier": 38, "refit": true}
{"timestamp": "15:17:07.637041", "frame": 100, "mu": [-1.8159798002633387, 0.723099430115889, 1.2264724919129222], "Sigma": [[0.013134442597343787, 0.008323106623928383, -0.00025551189775960867], [0.008323106623928383, 0.012042306189826121, -0.0037123742743851123], [-0.0002555118977596088, -0.0037123742743851128, 0.008633640819354789]], "chi2_level": 0.95, "chi2_df": 3, "chi2_threshold": 7.814727903251179, "N_raw": 44, "N_roi": 44, "N_inlier": 43, "refit": true}
{"timestamp": "15:17:07.663817", "frame": 101, "mu": [-1.8028844773414316, 0.734616330066122, 1.304143430663165], "Sigma": [[0.00442640819070746, 0.004605028701412252, -0.002847618930349239], [0.004605028701412252, 0.010495640240267978, -0.006202459737073396], [-0.002847618930349239, -0.006202459737073396, 0.004477598309126301]], "chi2_level": 0.95, "chi2_df": 3, "chi2_threshold": 7.814727903251179, "N_raw": 28, "N_roi": 28, "N_inlier": 28, "refit": true}
{"timestamp": "15:17:07.694100", "frame": 102, "mu": [-1.797655916699482, 0.7679107015318923, 1.3861457922667397], "Sigma": [[0.007604101114274225, 0.003946586931473549, -0.0028301699958765544], [0.003946586931473549, 0.010427188278457665, -0.005657344068377311], [-0.0028301699958765553, -0.00565734406837731, 0.003673799900414089]], "chi2_level": 0.95, "chi2_df": 3, "chi2_threshold": 7.814727903251179, "N_raw": 43, "N_roi": 43, "N_inlier": 42, "refit": true}
{"timestamp": "15:17:07.728544", "frame": 103, "mu": [-1.826954294190438, 0.7412234322950696, 1.2740655761681943], "Sigma": [[0.006640180421748039, 0.0070500382053687175, -0.0006036301263800117], [0.0070500382053687175, 0.009200620520764181, -0.002831610010415185], [-0.0006036301263800117, -0.0028316100104151844, 0.012843021393248747]], "chi2_level": 0.95, "chi2_df": 3, "chi2_threshold": 7.814727903251179, "N_raw": 41, "N_roi": 41, "N_inlier": 38, "refit": true}
{"timestamp": "15:17:07.757860", "frame": 104, "mu": [-1.8283994535654589, 0.7528543755314123, -0.7180059961082063], "Sigma": [[0.007821360158540864, 0.006708976961796155, -0.0004939975106254363], [0.006708976961796156, 0.010133082935271803, -0.003701345104549219], [-0.0004939975106254363, -0.003701345104549219, 0.012326104129575311]], "chi2_level": 0.95, "chi2_df": 3, "chi2_threshold": 7.814727903251179, "N_raw": 47, "N_roi": 47, "N_inlier": 44, "refit": true}
{"timestamp": "15:17:07.804154", "frame": 105, "mu": [-1.813786617482145, 0.7818748265831191, 1.3434346906218815], "Sigma": [[0.01142721991744018, 0.004907701295160068, -0.0024104139729493497], [0.004907701295160069, 0.009564964285249099, -0.005944491769958258], [-0.0024104139729493497, -0.005944491769958258, 0.004551602866744407]], "chi2_level": 0.95, "chi2_df": 3, "chi2_threshold": 7.814727903251179, "N_raw": 54, "N_roi": 54, "N_inlier": 51, "refit": true}
{"timestamp": "15:17:07.860524", "frame": 106, "mu": [-1.8168674977454697, 0.7851991598305332, 1.3541737973438768], "Sigma": [[0.010317042388262943, 0.004060321699387377, -0.0023728416055203904], [0.004060321699387377, 0.012452631351005635, -0.00683718412572592], [-0.00237284160552039, -0.006837184125725919, 0.005318155382611693]], "chi2_level": 0.95, "chi2_df": 3, "chi2_threshold": 7.814727903251179, "N_raw": 56, "N_roi": 56, "N_inlier": 55, "refit": true}
{"timestamp": "15:17:07.913380", "frame": 107, "mu": [-1.8597634768899387, 0.8401124568671355, 1.3930827550084999], "Sigma": [[0.007484814952447679, 0.0035829326677051638, -0.0033003890977778066], [0.0035829326677051633, 0.011864333642188822, -0.004965545731466247], [-0.0033003890977778066, -0.004965545731466247, 0.009391213336540262]], "chi2_level": 0.95, "chi2_df": 3, "chi2_threshold": 7.814727903251179, "N_raw": 49, "N_roi": 49, "N_inlier": 45, "refit": true}
{"timestamp": "15:17:07.967806", "frame": 108, "mu": [-1.925571468034813, 0.7966814095385841, 1.2012849748352612], "Sigma": [[0.005747703351747513, 0.007888706974603863, -0.0005634012825804212], [0.007888706974603865, 0.011376296014662042, -0.0003710786193899477], [-0.0005634012825804211, -0.0003710786193899477, 0.030630020605228736]], "chi2_level": 0.95, "chi2_df": 3, "chi2_threshold": 7.814727903251179, "N_raw": 44, "N_roi": 44, "N_inlier": 43, "refit": true}
{"timestamp": "15:17:08.017542", "frame": 109, "mu": [-1.8859764231799323, 0.6909466002457241, 0.9341677185318552], "Sigma": [[0.0023933837157398717, 0.004237142182291933, -0.0015305382465923196], [0.004237142182291933, 0.007620076486561127, -0.002681087603108916], [-0.0015305382465923194, -0.002681087603108916, 0.0009913690935133212]], "chi2_level": 0.95, "chi2_df": 3, "chi2_threshold": 7.814727903251179, "N_raw": 7, "N_roi": 7, "N_inlier": 7, "refit": true}
