{"timestamp": "15:12:09.886391", "frame": 36, "mu": [1.4516708617278984, 0.8693741082391725, 1.4443603140278187], "Sigma": [[0.002680329816106819, -0.0009546970352057995, -0.0010978557221149395], [-0.0009546970352057995, 0.005190750580547537, -0.0007744557832968708], [-0.0010978557221149395, -0.0007744557832968708, 0.0010547311412589056]], "chi2_level": 0.95, "chi2_df": 3, "chi2_threshold": 7.814727903251179, "N_raw": 24, "N_roi": 24, "N_inlier": 21, "refit": true}
{"timestamp": "15:12:09.944908", "frame": 37, "mu": [1.447548428710567, 0.965717267722583, 1.4924155314534677], "Sigma": [[0.004154392267029292, -0.0020023428514936575, -0.0026142275848710407], [-0.002002342851493657, 0.006523325037195444, -0.0020085452268667624], [-0.002614227584871041, -0.002008545226866763, 0.003832597521795826]], "chi2_level": 0.95, "chi2_df": 3, "chi2_threshold": 7.814727903251179, "N_raw": 38, "N_roi": 38, "N_inlier": 35, "refit": true}
{"timestamp": "15:12:09.997145", "frame": 38, "mu": [1.3999100506871596, 1.0042605218575722, 1.2997763764830346], "Sigma": [[0.00867107224104856, -0.004975577019001936, 0.02992816348333837], [-0.004975577019001935, 0.014118621607608026, -0.05416773530296215], [0.02992816348333837, -0.05416773530296216, 0.2538556712887825]], "chi2_level": 0.95, "chi2_df": 3, "chi2_threshold": 7.814727903251179, "N_raw": 15, "N_roi": 15, "N_inlier": 14, "refit": true}
{"timestamp": "15:12:10.328634", "frame": 44, "mu": [1.01491731316049, 1.421064137269249, 1.7065045225473099], "Sigma": [[0.0034073263012085117, -0.0010285219786928296, -0.0012145202632516251], [-0.0010285219786928294, 0.003342226526633148, -0.001270044983529405], [-0.0012145202632516251, -0.0012700449835294047, 0.0016372137492922023]], "chi2_level": 0.95, "chi2_df": 3, "chi2_threshold": 7.814727903251179, "N_raw": 33, "N_roi": 33, "N_inlier": 31, "refit": true}
{"timestamp": "15:12:10.385171", "frame": 45, "mu": [0.9464908786816333, 1.4667293428876802, 1.737909510330616], "Sigma": [[0.004227815516292154, -0.0005665785616242985, -0.0006678789640855102], [-0.0005665785616242984, 0.0035286400268561948, -2.6969884503696094e-05], [-0.0006678789640855102, -2.6969884503696074e-05, 0.0011162403664112433]], "chi2_level": 0.95, "chi2_df": 3, "chi2_threshold": 7.814727903251179, "N_raw": 38, "N_roi": 38, "N_inlier": 36, "refit": true}
{"timestamp": "15:12:10.442045", "frame": 46, "mu": [0.9135647267542414, 1.5018735282625495, 1.6498256211160502], "Sigma": [[0.006290406868150769, -0.0005124649949170899, -0.003181539415938596], [-0.0005124649949170899, 0.0037672516148855115, -0.001890219198081409], [-0.003181539415938596, -0.001890219198081409, 0.004343244256311736]], "chi2_level": 0.95, "chi2_df": 3, "chi2_threshold": 7.814727903251179, "N_raw": 54, "N_roi": 54, "N_inlier": 51, "refit": true}
{"timestamp": "15:12:10.495958", "frame": 47, "mu": [0.899084136859836, 1.5669459296806072, 1.7238758890589625], "Sigma": [[0.0045135902954157965, -0.000856518093347894, -0.0030578087871594136], [-0.000856518093347894, 0.002203649162791828, -0.0013146948578453698], [-0.0030578087871594136, -0.0013146948578453702, 0.004421588068595754]], "chi2_level": 0.95, "chi2_df": 3, "chi2_threshold": 7.814727903251179, "N_raw": 38, "N_roi": 38, "N_inlier": 33, "refit": true}
{"timestamp": "15:12:10.552620", "frame": 48, "mu": [0.8439876353094947, 1.5441306161896688, 1.5964218014581406], "Sigma": [[0.004753999163109005, -7.463091284824871e-05, -0.0009307761713949826], [-7.463091284824866e-05, 0.007633633134971091, 0.003831851772551711], [-0.0009307761713949828, 0.003831851772551711, 0.004391698996505621]], "chi2_level": 0.95, "chi2_df": 3, "chi2_threshold": 7.814727903251179, "N_raw": 50, "N_roi": 50, "N_inlier": 46, "refit": true}
{"timestamp": "15:12:10.607267", "frame": 49, "mu": [0.8443363938685233, 1.5108955634891337, 1.3257992219595691], "Sigma": [[0.004201966720100354, -0.0003698028766324144, -0.0017011057794119949], [-0.00036980287663241436, 0.0029304781395890133, -0.0015062467378814844], [-0.0017011057794119949, -0.0015062467378814841, 0.013780082302088346]], "chi2_level": 0.95, "chi2_df": 3, "chi2_threshold": 7.814727903251179, "N_raw": 51, "N_roi": 51, "N_inlier": 46, "refit": true}
{"timestamp": "15:12:10.661925", "frame": 50, "mu": [0.8109103007875111, 1.5850638168231774, 1.5672326074910434], "Sigma": [[0.005806581203798604, -0.0010589573895568606, -0.002166201893300632], [-0.0010589573895568606, 0.004868989012004392, 0.0029369692616098625], [-0.0021662018933006314, 0.002936969261609862, 0.0028584724630540993]], "chi2_level": 0.95, "chi2_df": 3, "chi2_threshold": 7.814727903251179, "N_raw": 48, "N_roi": 43, "N_inlier": 40, "refit": true}
{"timestamp": "15:12:10.715152", "frame": 51, "mu": [0.7198673723213479, 1.6415084593635367, 1.5692673100250472], "Sigma": [[0.004393711063575821, -0.0018149938403787759, -0.001904374522149864], [-0.0018149938403787759, 0.004263543728245791, 0.0010604888026120815], [-0.001904374522149864, 0.0010604888026120815, 0.0015780571490378755]], "chi2_level": 0.95, "chi2_df": 3, "chi2_threshold": 7.814727903251179, "N_raw": 42, "N_roi": 42, "N_inlier": 37, "refit": true}
{"timestamp": "15:12:10.774749", "frame": 52, "mu": [0.7706953662094257, 1.6612998293422059, 1.207225281457867], "Sigma": [[0.010983512096802048, -0.004305817093718115, -0.05013357961419605], [-0.004305817093718115, 0.005406039986509725, 0.030010226620154925], [-0.05013357961419605, 0.030010226620154925, 0.3585652619257091]], "chi2_level": 0.95, "chi2_df": 3, "chi2_threshold": 7.814727903251179, "N_raw": 59, "N_roi": 55, "N_inlier": 51, "refit": true}
{"timestamp": "15:12:10.823132", "frame": 53, "mu": [0.6574425141344602, 1.683518992145596, 1.1148162036196576], "Sigma": [[0.004882375021911731, 0.0029243610559911053, -0.009015767642652583], [0.0029243610559911053, 0.0064466244814839705, 0.005805816128696856], [-0.009015767642652581, 0.005805816128696856, 0.22367916606251512]], "chi2_level": 0.95, "chi2_df": 3, "chi2_threshold": 7.814727903251179, "N_raw": 24, "N_roi": 22, "N_inlier": 20, "refit": true}
{"timestamp": "15:12:10.885051", "frame": 54, "mu": [0.6082372443799872, 1.749980614568624, 1.4403391515695607], "Sigma": [[0.006643373657032113, -0.0006311445806220083, -0.003826559852335588], [-0.0006311445806220083, 0.004303405543592859, 0.001421909954454258], [-0.0038265598523355877, 0.0014219099544542577, 0.02855202533487891]], "chi2_level": 0.95, "chi2_df": 3, "chi2_threshold": 7.814727903251179, "N_raw": 69, "N_roi": 65, "N_inlier": 62, "refit": true}
{"timestamp": "15:12:10.939362", "frame": 55, "mu": [0.5214862287924292, 1.8100729090369376, 1.5391349518816768], "Sigma": [[0.005716778346233042, 0.0002582337689203411, -0.0023981621052049824], [0.00025823376892034105, 0.006078373562431629, -0.0008360999052996797], [-0.002398162105204982, -0.00083609990529968, 0.002101119083309912]], "chi2_level": 0.95, "chi2_df": 3, "chi2_threshold": 7.814727903251179, "N_raw": 64, "N_roi": 61, "N_inlier": 57, "refit": true}
{"timestamp": "15:12:10.994670", "frame": 56, "mu": [0.5105596416788789, 1.8664746847110716, 1.521237367644624], "Sigma": [[0.005839652929717381, -0.00030411858141992737, -0.003023872474158476], [-0.0003041185814199272, 0.003809003142578507, -0.0027611219540206048], [-0.003023872474158476, -0.0027611219540206048, 0.005048929646256924]], "chi2_level": 0.95, "chi2_df": 3, "chi2_threshold": 7.814727903251179, "N_raw": 62, "N_roi": 58, "N_inlier": 53, "refit": true}
{"timestamp": "15:12:11.046773", "frame": 57, "mu": [0.4175393194243905, 1.926120620379844, 1.2988917011964047], "Sigma": [[0.0037625564252974316, -0.0015183127523878503, -0.004671101200330719], [-0.0015183127523878503, 0.003094094421478311, 0.006916757072793687], [-0.0046711012003307194, 0.006916757072793686, 0.3767611438907967]], "chi2_level": 0.95, "chi2_df": 3, "chi2_threshold": 7.814727903251179, "N_raw": 50, "N_roi": 48, "N_inlier": 45, "refit": true}
{"timestamp": "15:12:11.098801", "frame": 58, "mu": [0.31404901996064283, 1.9241371229645694, 0.8023113574581426], "Sigma": [[0.003035808846767087, -0.002419338050530092, 0.0061530067421366325], [-0.0024193380505300914, 0.006488288494292397, -0.009373410914668319], [0.006153006742136632, -0.009373410914668319, 0.4135221005217669]], "chi2_level": 0.95, "chi2_df": 3, "chi2_threshold": 7.814727903251179, "N_raw": 28, "N_roi": 22, "N_inlier": 20, "refit": true}
{"timestamp": "15:12:11.152774", "frame": 59, "mu": [0.29545994827075406, 1.9154665269046227, 0.4991866139979154], "Sigma": [[0.007353974601590618, -0.010334270791150468, -0.04416998614529062], [-0.010334270791150468, 0.033356523471163455, 0.06022185170523646], [-0.04416998614529061, 0.06022185170523646, 0.8361156797083954]], "chi2_level": 0.95, "chi2_df": 3, "chi2_threshold": 7.814727903251179, "N_raw": 18, "N_roi": 11, "N_inlier": 11, "refit": true}
{"timestamp": "15:12:11.213775", "frame": 60, "mu": [0.2662070794185224, 2.0461444332683167, 1.4757225139893058], "Sigma": [[0.0064240778985676485, -0.0013211881581519712, -0.013063152375653978], [-0.0013211881581519716, 0.0076705349755735305, 0.02142482917481415], [-0.013063152375653978, 0.02142482917481415, 0.15534471668441868]], "chi2_level": 0.95, "chi2_df": 3, "chi2_threshold": 7.814727903251179, "N_raw": 63, "N_roi": 57, "N_inlier": 51, "refit": true}
{"timestamp": "15:12:11.268782", "frame": 61, "mu": [0.18497857628075767, 1.978273331522638, 0.38939914743179055], "Sigma": [[0.01026415364549309, -0.003731285931245336, 0.0018118393900542315], [-0.003731285931245336, 0.0038141082885264194, 0.0193692148976766], [0.0018118393900542307, 0.019369214897676595, 0.5127222357665544]], "chi2_level": 0.95, "chi2_df": 3, "chi2_threshold": 7.814727903251179, "N_raw": 59, "N_roi": 51, "N_inlier": 49, "refit": true}
{"timestamp": "15:12:11.326301", "frame": 62, "mu": [0.12779868651888845, 2.1462681010793814, 1.178390350246441], "Sigma": [[0.007369813221953718, 0.0005217119637909093, 0.00689614753166463], [0.0005217119637909092, 0.005087537160155243, -0.007933193179237498], [0.006896147531664629, -0.007933193179237498, 0.5627277099700538]], "chi2_level": 0.95, "chi2_df": 3, "chi2_threshold": 7.814727903251179, "N_raw": 82, "N_roi": 79, "N_inlier": 75, "refit": true}
{"timestamp": "15:12:11.386472", "frame": 63, "mu": [0.11492982048277645, 2.1844778034671726, 1.3404682531648007], "Sigma": [[0.009759773014530756, -0.00042667725395159763, -0.02082794414397346], [-0.0004266772539515975, 0.011432706532808262, 0.03107892930349323], [-0.02082794414397346, 0.031078929303493236, 0.33328185856304343]], "chi2_level": 0.95, "chi2_df": 3, "chi2_threshold": 7.814727903251179, "N_raw": 106, "N_roi": 103, "N_inlier": 100, "refit": true}
{"timestamp": "15:12:11.435351", "frame": 64, "mu": [0.04454876246133256, 2.2531251657091635, 1.5315078558232855], "Sigma": [[0.006702717675629925, -0.000271400219331245, 0.0008172614055822766], [-0.000271400219331245, 0.00474989855417791, 0.00020134070660514342], [0.0008172614055822765, 0.00020134070660514353, 0.01851318034682034]], "chi2_level": 0.95, "chi2_df": 3, "chi2_threshold": 7.814727903251179, "N_raw": 65, "N_roi": 60, "N_inlier": 55, "refit": true}
{"timestamp": "15:12:11.488175", "frame": 65, "mu": [-0.02741206467265431, 2.2746508967588057, 1.505263663376093], "Sigma": [[0.007022318620884629, 0.0006540030058409932, 0.009046285163873003], [0.0006540030058409933, 0.004456884568059153, -0.011149404798305954], [0.009046285163873003, -0.011149404798305954, 0.13969407430151445]], "chi2_level": 0.95, "chi2_df": 3, "chi2_threshold": 7.814727903251179, "N_raw": 55, "N_roi": 51, "N_inlier": 47, "refit": true}
{"timestamp": "15:12:11.543032", "frame": 66, "mu": [-0.1186039574052765, 2.3368791361565204, 1.0012289764709918], "Sigma": [[0.01046167512082908, -0.004441748074889568, 0.04179556235109298], [-0.004441748074889568, 0.004892966709023899, -0.026716309123630023], [0.04179556235109298, -0.026716309123630023, 0.31007478126457216]], "chi2_level": 0.95, "chi2_df": 3, "chi2_threshold": 7.814727903251179, "N_raw": 50, "N_roi": 50, "N_inlier": 48, "refit": true}
{"timestamp": "15:12:11.596141", "frame": 67, "mu": [-0.10598038456633453, 2.3780252954560304, 1.703273803576684], "Sigma": [[0.006245134161361587, 0.0008198521101278541, -0.002780306251690127], [0.0008198521101278544, 0.003371394272986805, -5.894670052090435e-05], [-0.002780306251690127, -5.894670052090424e-05, 0.0031422485191488717]], "chi2_level": 0.95, "chi2_df": 3, "chi2_threshold": 7.814727903251179, "N_raw": 44, "N_roi": 39, "N_inlier": 35, "refit": true}
{"timestamp": "15:12:11.650077", "frame": 68, "mu": [-0.18727289874726383, 2.4312676009115664, -0.03439575639243088], "Sigma": [[0.005730234243974625, -0.001635464394448297, 0.01466276793209097], [-0.0016354643944482973, 0.016698689733796946, -0.045003668728336735], [0.014662767932090967, -0.045003668728336735, 0.18342453685454302]], "chi2_level": 0.95, "chi2_df": 3, "chi2_threshold": 7.814727903251179, "N_raw": 40, "N_roi": 39, "N_inlier": 36, "refit": true}
{"timestamp": "15:12:11.704014", "frame": 69, "mu": [-0.2545018040192612, 2.3328976173588183, 0.7155728492787907], "Sigma": [[0.010768513561183335, 0.0013078284240155616, 0.053653653667974976], [0.0013078284240155618, 0.026538482938445834, 0.11309237152532105], [0.05365365366797496, 0.11309237152532105, 0.8422647835434081]], "chi2_level": 0.95, "chi2_df": 3, "chi2_threshold": 7.814727903251179, "N_raw": 31, "N_roi": 28, "N_inlier": 27, "refit": true}
{"timestamp": "15:12:11.763773", "frame": 70, "mu": [-0.10347835372866973, 2.465188090221393, 0.9033394700191878], "Sigma": [[0.02640927807710495, -0.007953940534517737, -0.09229189754339198], [-0.007953940534517737, 0.0038973818216309413, 0.029027312110746856], [-0.09229189754339198, 0.029027312110746856, 0.4042612514401238]], "chi2_level": 0.95, "chi2_df": 3, "chi2_threshold": 7.814727903251179, "N_raw": 63, "N_roi": 62, "N_inlier": 57, "refit": true}
{"timestamp": "15:12:11.821615", "frame": 71, "mu": [-0.23268071169639604, 2.476865759566208, 1.176854050761401], "Sigma": [[0.029936349628752662, -0.005403737742286821, -0.08683639805031994], [-0.005403737742286821, 0.008063906856741054, 0.027214651028562825], [-0.08683639805031992, 0.027214651028562825, 0.3660083356272165]], "chi2_level": 0.95, "chi2_df": 3, "chi2_threshold": 7.814727903251179, "N_raw": 85, "N_roi": 85, "N_inlier": 81, "refit": true}
{"timestamp": "15:12:11.871778", "frame": 72, "mu": [-0.3708956643581625, 2.563279894552886, 1.6443981719972485], "Sigma": [[0.009552128429409784, 0.004313984418623712, -0.005283784416624755], [0.004313984418623711, 0.006005993505588059, -0.001635164726932586], [-0.005283784416624755, -0.0016351647269325857, 0.013386925507210467]], "chi2_level": 0.95, "chi2_df": 3, "chi2_threshold": 7.814727903251179, "N_raw": 48, "N_roi": 48, "N_inlier": 44, "refit": true}
{"timestamp": "15:12:11.923605", "frame": 73, "mu": [-0.3730165392620517, 2.610063312531852, 1.0379822171893838], "Sigma": [[0.01014520773062575, 0.0027171503186408036, -0.008111524891581384], [0.002717150318640804, 0.002519160881358984, -0.006440584308808197], [-0.008111524891581384, -0.006440584308808197, 0.029848546866191056]], "chi2_level": 0.95, "chi2_df": 3, "chi2_threshold": 7.814727903251179, "N_raw": 32, "N_roi": 32, "N_inlier": 28, "refit": true}
{"timestamp": "15:12:11.990243", "frame": 74, "mu": [-0.49330079557224765, 2.6334389263597493, 0.7737538771861514], "Sigma": [[0.01585780377097313, 0.004275440600689771, -0.0019075865252630307], [0.004275440600689771, 0.007729085118919958, -0.003811837100210321], [-0.0019075865252630316, -0.0038118371002103207, 0.6879627962241116]], "chi2_level": 0.95, "chi2_df": 3, "chi2_threshold": 7.814727903251179, "N_raw": 115, "N_roi": 115, "N_inlier": 115, "refit": true}
{"timestamp": "15:12:12.041361", "frame": 75, "mu": [-0.5562105361141599, 2.9060865059675023, -1.0212468339444551], "Sigma": [[0.009767100004575186, 0.010936847900761246, 0.03632827665624849], [0.010936847900761245, 0.051426188659774746, -0.0290672335000541], [0.03632827665624849, -0.0290672335000541, 0.48631675813355235]], "chi2_level": 0.95, "chi2_df": 3, "chi2_threshold": 7.814727903251179, "N_raw": 69, "N_roi": 69, "N_inlier": 68, "refit": true}
{"timestamp": "15:12:12.094252", "frame": 76, "mu": [-0.5683544611602354, 2.6731206094000246, 0.6949819602618088], "Sigma": [[0.009911809296160116, -0.0008870518764131038, 0.013468815255603964], [-0.0008870518764131036, 0.0013397671800243801, -0.013818919277174036], [0.013468815255603964, -0.013818919277174036, 0.28256124216254846]], "chi2_level": 0.95, "chi2_df": 3, "chi2_threshold": 7.814727903251179, "N_raw": 65, "N_roi": 64, "N_inlier": 63, "refit": true}
{"timestamp": "15:12:12.149282", "frame": 77, "mu": [-0.6314882437090135, 2.8174389781593403, -0.14598618572579447], "Sigma": [[0.009067540704435863, 0.004189629744860528, -0.007678705868315425], [0.004189629744860529, 0.044631651663187555, -0.09782725217996513], [-0.007678705868315424, -0.09782725217996513, 0.22818757753448304]], "chi2_level": 0.95, "chi2_df": 3, "chi2_threshold": 7.814727903251179, "N_raw": 64, "N_roi": 60, "N_inlier": 56, "refit": true}
{"timestamp": "15:12:12.200771", "frame": 78, "mu": [-0.7227234870062723, 2.7150003230802224, 1.182397758810521], "Sigma": [[0.004034852949322451, -0.0005818301353006695, -0.00011383994234630615], [-0.0005818301353006697, 0.011201439497929986, -0.03648620021818014], [-0.00011383994234630442, -0.03648620021818014, 0.2358277695122084]], "chi2_level": 0.95, "chi2_df": 3, "chi2_threshold": 7.814727903251179, "N_raw": 41, "N_roi": 36, "N_inlier": 33, "refit": true}
{"timestamp": "15:12:12.255043", "frame": 79, "mu": [-0.727126818923697, 2.8076480264110995, 1.1242915448288846], "Sigma": [[0.009973161398519751, 0.0026406448165809462, -0.005056670496169176], [0.0026406448165809462, 0.002840110316870971, -0.002630360725187177], [-0.005056670496169176, -0.002630360725187177, 0.00655196149062563]], "chi2_level": 0.95, "chi2_df": 3, "chi2_threshold": 7.814727903251179, "N_raw": 38, "N_roi": 38, "N_inlier": 36, "refit": true}
{"timestamp": "15:12:12.317133", "frame": 80, "mu": [-0.7058166668189654, 2.821172706412468, 0.9874644644411157], "Sigma": [[0.02006284349677852, 0.0006077656784266586, -0.043382410631975135], [0.0006077656784266586, 0.006817327084911981, -0.0008897080031803003], [-0.043382410631975135, -0.000889708003180301, 0.13431428487063599]], "chi2_level": 0.95, "chi2_df": 3, "chi2_threshold": 7.814727903251179, "N_raw": 87, "N_roi": 84, "N_inlier": 80, "refit": true}
{"timestamp": "15:12:12.369897", "frame": 81, "mu": [-0.6816003967396829, 2.848222165975695, 0.7057400079369376], "Sigma": [[0.016852915840056812, -0.0067369002222175955, -0.036603892327083686], [-0.006736900222217596, 0.008761372121405478, 0.03167148483681947], [-0.036603892327083686, 0.03167148483681947, 0.18566025401251743]], "chi2_level": 0.95, "chi2_df": 3, "chi2_threshold": 7.814727903251179, "N_raw": 62, "N_roi": 60, "N_inlier": 56, "refit": true}
{"timestamp": "15:12:12.424894", "frame": 82, "mu": [-0.9039234988074777, 2.9664422674644406, 0.9048287952123445], "Sigma": [[0.009320472485087005, 0.00109526853625783, 0.022354285432847988], [0.00109526853625783, 0.005928893875565471, -0.015247959883975976], [0.022354285432847988, -0.015247959883975978, 0.5529121767972182]], "chi2_level": 0.95, "chi2_df": 3, "chi2_threshold": 7.814727903251179, "N_raw": 64, "N_roi": 64, "N_inlier": 63, "refit": true}
{"timestamp": "15:12:12.475921", "frame": 83, "mu": [-0.8149943798992021, 3.216657087008498, -0.39189853163552363], "Sigma": [[0.01491313750623548, 0.00027025051921528804, -0.020452814421172034], [0.00027025051921528804, 0.011086543351619363, -0.029117005053856435], [-0.020452814421172034, -0.02911700505385643, 0.12652186647183183]], "chi2_level": 0.95, "chi2_df": 3, "chi2_threshold": 7.814727903251179, "N_raw": 45, "N_roi": 45, "N_inlier": 43, "refit": true}
{"timestamp": "15:12:12.527361", "frame": 84, "mu": [-0.8431547872397793, 3.146192051859243, 1.030179640770722], "Sigma": [[0.005990282287247342, 0.00017629596317749027, 0.01745964828661864], [0.00017629596317749038, 0.002061275094091543, -0.003744114030193633], [0.01745964828661864, -0.003744114030193632, 0.09307249348756572]], "chi2_level": 0.95, "chi2_df": 3, "chi2_threshold": 7.814727903251179, "N_raw": 19, "N_roi": 16, "N_inlier": 14, "refit": true}
{"timestamp": "15:12:12.582997", "frame": 85, "mu": [-1.0000386936933425, 3.128397469763857, 0.38358698663802254], "Sigma": [[0.005608580779168522, 0.0031798831686800583, -0.0030941715169948937], [0.0031798831686800583, 0.004676801984554135, -0.0002052624533040512], [-0.0030941715169948937, -0.0002052624533040513, 0.00412924946901104]], "chi2_level": 0.95, "chi2_df": 3, "chi2_threshold": 7.814727903251179, "N_raw": 22, "N_roi": 21, "N_inlier": 18, "refit": true}
{"timestamp": "15:12:12.637037", "frame": 86, "mu": [-1.0639211350243754, 3.123145028448829, 0.8889817287477466], "Sigma": [[0.004934540187054064, 0.003009846925296262, 0.0020591247129996444], [0.0030098469252962615, 0.009960753047742079, -0.034754907611383876], [0.002059124712999648, -0.034754907611383876, 0.2772921459367858]], "chi2_level": 0.95, "chi2_df": 3, "chi2_threshold": 7.814727903251179, "N_raw": 14, "N_roi": 12, "N_inlier": 11, "refit": true}
{"timestamp": "15:12:12.694002", "frame": 87, "mu": [-1.1512473658771676, 3.222447781872878, 0.2554016122480546], "Sigma": [[0.007608790836416285, 0.004467026348696846, -0.0066134192829481395], [0.004467026348696846, 0.03351060859759532, -0.09512711543034007], [-0.0066134192829481395, -0.09512711543034005, 0.29490757669686424]], "chi2_level": 0.95, "chi2_df": 3, "chi2_threshold": 7.814727903251179, "N_raw": 28, "N_roi": 28, "N_inlier": 27, "refit": true}
{"timestamp": "15:12:12.752075", "frame": 88, "mu": [-1.2365059140760712, 3.250344204990942, 1.1098346232289213], "Sigma": [[0.009417494391514613, -0.0023755512610153734, 0.018985947649229815], [-0.002375551261015373, 0.014863477170185635, -0.06702216925939551], [0.01898594764922982, -0.06702216925939551, 0.3941683134534472]], "chi2_level": 0.95, "chi2_df": 3, "chi2_threshold": 7.814727903251179, "N_raw": 49, "N_roi": 49, "N_inlier": 49, "refit": true}
{"timestamp": "15:12:12.806192", "frame": 89, "mu": [-0.9779803769973514, 3.3858868846991435, -1.2654281452010574], "Sigma": [[0.020530205592299094, 0.014409016069343604, 0.030076367744944085], [0.014409016069343604, 0.017755647270258926, 0.03753017971573458], [0.03007636774494409, 0.03753017971573458, 0.10903602688919059]], "chi2_level": 0.95, "chi2_df": 3, "chi2_threshold": 7.814727903251179, "N_raw": 43, "N_roi": 43, "N_inlier": 38, "refit": true}
{"timestamp": "15:12:12.857714", "frame": 90, "mu": [-1.0692653249118595, 3.27546523665596, 0.7088798592961817], "Sigma": [[0.029156737914753768, 0.004512974494732397, -0.06402067876739628], [0.004512974494732397, 0.006015331051612769, -0.029533719522984937], [-0.06402067876739628, -0.029533719522984937, 0.2630386768177431]], "chi2_level": 0.95, "chi2_df": 3, "chi2_threshold": 7.814727903251179, "N_raw": 20, "N_roi": 19, "N_inlier": 17, "refit": true}
{"timestamp": "15:12:12.911665", "frame": 91, "mu": [-1.2523168200062094, 2.7913753279520335, 0.5061910550312118], "Sigma": [[0.026645797144630397, 0.08460574008458059, 0.008214689869492026], [0.08460574008458059, 1.3539650256815083, 1.20552787230986], [0.00821468986949203, 1.20552787230986, 1.2954800849564643]], "chi2_level": 0.95, "chi2_df": 3, "chi2_threshold": 7.814727903251179, "N_raw": 15, "N_roi": 15, "N_inlier": 15, "refit": true}
{"timestamp": "15:12:12.970741", "frame": 92, "mu": [-1.3268567608066033, 3.329333792388135, 1.2604010355734643], "Sigma": [[0.034938630073962196, 0.01758533611250604, -0.07011794048314496], [0.01758533611250604, 0.01437214213086403, -0.039911061446436594], [-0.07011794048314496, -0.039911061446436594, 0.1637682074116808]], "chi2_level": 0.95, "chi2_df": 3, "chi2_threshold": 7.814727903251179, "N_raw": 48, "N_roi": 48, "N_inlier": 46, "refit": true}
{"timestamp": "15:12:13.023193", "frame": 93, "mu": [-1.5150612446613818, 3.2794187340154233, 1.3154298744399413], "Sigma": [[0.01298491024388908, 0.008611842312100413, -0.00888882150726974], [0.008611842312100413, 0.023040411820985977, -0.05884366569593355], [-0.00888882150726974, -0.05884366569593355, 0.1887756692591984]], "chi2_level": 0.95, "chi2_df": 3, "chi2_threshold": 7.814727903251179, "N_raw": 26, "N_roi": 26, "N_inlier": 23, "refit": true}
{"timestamp": "15:12:13.078680", "frame": 94, "mu": [-1.5170837793121694, 3.292214807482589, 1.5197187542547221], "Sigma": [[0.009281750214354258, 0.002904216080663027, -0.004739789990160089], [0.002904216080663027, 0.004394336229038922, -0.0017281102367097453], [-0.004739789990160089, -0.001728110236709745, 0.003915296731602889]], "chi2_level": 0.95, "chi2_df": 3, "chi2_threshold": 7.814727903251179, "N_raw": 31, "N_roi": 31, "N_inlier": 28, "refit": true}
{"timestamp": "15:12:13.134754", "frame": 95, "mu": [-1.5818416430769353, 3.3528020487284245, 0.37949963461485425], "Sigma": [[0.013255584902087217, 0.008480568374707766, -0.007357442175327277], [0.008480568374707766, 0.013723870688914754, -0.013625200264001923], [-0.007357442175327277, -0.013625200264001923, 0.0201659052072843]], "chi2_level": 0.95, "chi2_df": 3, "chi2_threshold": 7.814727903251179, "N_raw": 39, "N_roi": 39, "N_inlier": 35, "refit": true}
{"timestamp": "15:12:13.185412", "frame": 96, "mu": [-1.6361457076471062, 3.421329388395936, 1.302169486160434], "Sigma": [[0.006708333349303301, 0.00908962855567113, -0.00011226049435955014], [0.00908962855567113, 0.019235709581240074, -0.022771278621339153], [-0.00011226049435955014, -0.022771278621339153, 0.35449907271580533]], "chi2_level": 0.95, "chi2_df": 3, "chi2_threshold": 7.814727903251179, "N_raw": 7, "N_roi": 7, "N_inlier": 7, "refit": true}
{"timestamp": "15:12:13.240799", "frame": 97, "mu": [-1.651689087207357, 3.565198508595033, 1.159690469715724], "Sigma": [[0.0006908630764670034, -0.00019212840306115142, -0.0011191000131053467], [-0.00019212840306115142, 0.015021096710898631, -0.05499713844485048], [-0.0011191000131053463, -0.05499713844485048, 0.2997656222676958]], "chi2_level": 0.95, "chi2_df": 3, "chi2_threshold": 7.814727903251179, "N_raw": 11, "N_roi": 11, "N_inlier": 10, "refit": true}
{"timestamp": "15:12:13.296999", "frame": 98, "mu": [-1.7574649921782939, 3.500425969881074, 1.275012800758656], "Sigma": [[0.008458036840228023, 0.009978018137007294, -0.02668777200104322], [0.009978018137007296, 0.03026788346421093, -0.0875880901993682], [-0.02668777200104322, -0.0875880901993682, 0.2715314232798946]], "chi2_level": 0.95, "chi2_df": 3, "chi2_threshold": 7.814727903251179, "N_raw": 17, "N_roi": 17, "N_inlier": 17, "refit": true}
{"timestamp": "15:12:13.352766", "frame": 99, "mu": [-1.6254130754116274, 3.6262231114624477, 0.8133816628506945], "Sigma": [[0.006589858700054038, 0.0029176135633365097, -0.008766529432654232], [0.0029176135633365097, 0.004676429500240658, -0.01121835176609115], [-0.008766529432654232, -0.01121835176609115, 0.21310126894666595]], "chi2_level": 0.95, "chi2_df": 3, "chi2_threshold": 7.814727903251179, "N_raw": 24, "N_roi": 24, "N_inlier": 23, "refit": true}
{"timestamp": "15:12:13.513467", "frame": 101, "mu": [-1.78064840134441, 3.607178296375565, 1.2615209637867344], "Sigma": [[0.00964510587440865, 0.009241936117411498, -0.03321820065522846], [0.009241936117411498, 0.010593147765957633, -0.03322109502375475], [-0.03321820065522846, -0.03322109502375475, 0.13049635766430365]], "chi2_level": 0.95, "chi2_df": 3, "chi2_threshold": 7.814727903251179, "N_raw": 8, "N_roi": 8, "N_inlier": 7, "refit": true}
{"timestamp": "15:12:13.545382", "frame": 102, "mu": [-1.8634423974719176, 3.6164648328774587, 1.5086283000726255], "Sigma": [[0.01651777496526552, 0.005311865515327401, -0.007274434091898004], [0.005311865515327401, 0.007908813852411874, -0.019319771490060665], [-0.007274434091898003, -0.01931977149006067, 0.062351972247874865]], "chi2_level": 0.95, "chi2_df": 3, "chi2_threshold": 7.814727903251179, "N_raw": 29, "N_roi": 29, "N_inlier": 26, "refit": true}
{"timestamp": "15:12:13.685333", "frame": 103, "mu": [-1.7425804281492965, 3.866933318095356, -0.19530019119398542], "Sigma": [[0.026063981216018477, 0.02308881178371026, -0.06508118961731561], [0.023088811783710257, 0.024399792807214764, -0.0596369543857254], [-0.06508118961731561, -0.0596369543857254, 0.1692109914739469]], "chi2_level": 0.95, "chi2_df": 3, "chi2_threshold": 7.814727903251179, "N_raw": 11, "N_roi": 11, "N_inlier": 11, "refit": true}
{"timestamp": "15:12:13.694208", "frame": 104, "mu": [-1.9614836684714385, 3.6739184372477904, 0.48647892516554686], "Sigma": [[0.007799765642351989, 0.005824792819501522, -0.005324042644762514], [0.005824792819501523, 0.009231285548649559, -0.006058577130041459], [-0.005324042644762514, -0.006058577130041459, 0.005695494279285322]], "chi2_level": 0.95, "chi2_df": 3, "chi2_threshold": 7.814727903251179, "N_raw": 14, "N_roi": 13, "N_inlier": 12, "refit": true}
{"timestamp": "15:12:13.731377", "frame": 105, "mu": [-1.8753282146319412, 3.9359688098041374, 1.2988490431141182], "Sigma": [[0.01622205425010944, 0.010848075365121253, -0.008067452649896906], [0.010848075365121253, 0.01112793700548757, -0.008361741152236084], [-0.008067452649896906, -0.008361741152236084, 0.03453161803888712]], "chi2_level": 0.95, "chi2_df": 3, "chi2_threshold": 7.814727903251179, "N_raw": 27, "N_roi": 27, "N_inlier": 24, "refit": true}
{"timestamp": "15:12:13.846235", "frame": 108, "mu": [-2.1017207238673783, 4.040536652862063, 0.14494664376699562], "Sigma": [[0.007682047414215316, 0.018257783504091768, -0.03329813764320881], [0.018257783504091765, 0.0628340816509468, -0.11692293973751039], [-0.03329813764320881, -0.11692293973751038, 0.2292609507867447]], "chi2_level": 0.95, "chi2_df": 3, "chi2_threshold": 7.814727903251179, "N_raw": 10, "N_roi": 7, "N_inlier": 7, "refit": true}
{"timestamp": "15:12:13.901215", "frame": 109, "mu": [-2.1296960701298357, 3.982088043564066, 1.076427411558667], "Sigma": [[0.025419199848805585, 0.012579082874578044, -0.044993889653598816], [0.012579082874578047, 0.0208377221251924, -0.07075821968124028], [-0.044993889653598816, -0.07075821968124028, 0.27035536134197563]], "chi2_level": 0.95, "chi2_df": 3, "chi2_threshold": 7.814727903251179, "N_raw": 13, "N_roi": 10, "N_inlier": 9, "refit": true}
{"timestamp": "15:12:13.955654", "frame": 110, "mu": [-2.237359386653876, 3.9454719669090825, 1.524589056676627], "Sigma": [[0.004225211929202946, 0.0018995550290291094, -0.004608697014034477], [0.0018995550290291094, 0.006294136524442328, -0.017163419808821266], [-0.004608697014034477, -0.017163419808821266, 0.06816319367138375]], "chi2_level": 0.95, "chi2_df": 3, "chi2_threshold": 7.814727903251179, "N_raw": 13, "N_roi": 12, "N_inlier": 10, "refit": true}
