{"timestamp": "15:35:56.152015", "frame": 16, "mu": [1.4157794099565437, 0.4957224688707208, 1.3882694024579612], "Sigma": [[0.00828535242849695, -0.004157735457908931, -0.0118231833959823], [-0.004157735457908932, 0.004154350108950697, 0.0055076781058800775], [-0.0118231833959823, 0.0055076781058800775, 0.021282803072860967]], "chi2_level": 0.95, "chi2_df": 3, "chi2_threshold": 7.814727903251179, "N_raw": 7, "N_roi": 7, "N_inlier": 7, "refit": true}
{"timestamp": "15:35:56.264158", "frame": 18, "mu": [1.221990156436324, 0.6346442055958833, 1.484527478139823], "Sigma": [[0.006430074532462124, -0.002928589303542277, -0.0028350103833384155], [-0.002928589303542277, 0.004216212871897167, 5.5699196787149384e-05], [-0.0028350103833384155, 5.5699196787149384e-05, 0.0019740308793748966]], "chi2_level": 0.95, "chi2_df": 3, "chi2_threshold": 7.814727903251179, "N_raw": 35, "N_roi": 35, "N_inlier": 34, "refit": true}
{"timestamp": "15:35:56.322875", "frame": 19, "mu": [1.1474221523025394, 0.6285879441610139, 1.4763715447041221], "Sigma": [[0.005629172987040947, -0.0027654056064261774, -0.00349649257554489], [-0.0027654056064261774, 0.004211284169800969, 0.0003566781514082808], [-0.00349649257554489, 0.00035667815140828085, 0.003366744550760925]], "chi2_level": 0.95, "chi2_df": 3, "chi2_threshold": 7.814727903251179, "N_raw": 37, "N_roi": 37, "N_inlier": 36, "refit": true}
{"timestamp": "15:35:56.378252", "frame": 20, "mu": [1.0793049145645688, 0.6762184114024395, 1.3915076663392865], "Sigma": [[0.00642101124977026, 0.001263810002971249, -0.01632298867822253], [0.0012638100029712493, 0.0026400930165964625, -0.006081371870532868], [-0.01632298867822253, -0.006081371870532868, 0.0709507080333512]], "chi2_level": 0.95, "chi2_df": 3, "chi2_threshold": 7.814727903251179, "N_raw": 35, "N_roi": 35, "N_inlier": 34, "refit": true}
{"timestamp": "15:35:56.433611", "frame": 21, "mu": [1.0311742154545886, 0.6522251064785309, 1.4619870461121232], "Sigma": [[0.005973913454362318, -0.0014250563961619085, -0.00923367943000203], [-0.0014250563961619087, 0.002221242947491188, -0.0017236965863966932], [-0.00923367943000203, -0.0017236965863966932, 0.0372238761499595]], "chi2_level": 0.95, "chi2_df": 3, "chi2_threshold": 7.814727903251179, "N_raw": 40, "N_roi": 38, "N_inlier": 36, "refit": true}
{"timestamp": "15:35:56.490714", "frame": 22, "mu": [0.9437576695801471, 0.6533278301477179, 1.4779007074003423], "Sigma": [[0.011469049402329491, -0.006040056155939015, -0.007032652250750386], [-0.006040056155939016, 0.004495949735893866, 0.0022879333726650254], [-0.007032652250750386, 0.0022879333726650254, 0.0062763401560602785]], "chi2_level": 0.95, "chi2_df": 3, "chi2_threshold": 7.814727903251179, "N_raw": 57, "N_roi": 57, "N_inlier": 55, "refit": true}
{"timestamp": "15:35:56.543369", "frame": 23, "mu": [0.7780198448819683, 0.7157400411965367, 1.516923206045979], "Sigma": [[0.00396687060127157, -0.00011392343263321803, -0.003741017022138327], [-0.00011392343263321792, 0.0013935779207727061, -0.001053042770515102], [-0.003741017022138327, -0.0010530427705151017, 0.00896601504583333]], "chi2_level": 0.95, "chi2_df": 3, "chi2_threshold": 7.814727903251179, "N_raw": 39, "N_roi": 39, "N_inlier": 34, "refit": true}
{"timestamp": "15:35:56.601254", "frame": 24, "mu": [0.757077368449951, 0.6634388621073863, 1.435489814208583], "Sigma": [[0.007199548285074727, -0.002349818939601213, -0.008990064212040804], [-0.0023498189396012137, 0.0028244522311340605, 0.0016814724398313058], [-0.008990064212040804, 0.0016814724398313058, 0.013046216168387173]], "chi2_level": 0.95, "chi2_df": 3, "chi2_threshold": 7.814727903251179, "N_raw": 60, "N_roi": 60, "N_inlier": 57, "refit": true}
{"timestamp": "15:35:56.660145", "frame": 25, "mu": [0.7155471873050206, 0.7003444781450346, 1.3680310499615755], "Sigma": [[0.005864602408492281, 0.001370850906943217, -0.00985192595013444], [0.001370850906943217, 0.003382069940340672, -0.00501794569019869], [-0.00985192595013444, -0.00501794569019869, 0.021953690939639295]], "chi2_level": 0.95, "chi2_df": 3, "chi2_threshold": 7.814727903251179, "N_raw": 65, "N_roi": 65, "N_inlier": 62, "refit": true}
{"timestamp": "15:35:56.709980", "frame": 26, "mu": [0.5933095825339494, 0.7811384673089564, -0.3243736058704805], "Sigma": [[0.004236024745643254, 0.00025839976253625135, -0.004446982630020663], [0.0002583997625362513, 0.003647360932194637, -0.0031703569932782882], [-0.004446982630020663, -0.003170356993278288, 0.007888679492173676]], "chi2_level": 0.95, "chi2_df": 3, "chi2_threshold": 7.814727903251179, "N_raw": 52, "N_roi": 52, "N_inlier": 50, "refit": true}
{"timestamp": "15:35:56.766915", "frame": 27, "mu": [0.5397173522278572, 0.6695528649329026, 1.5050927930394993], "Sigma": [[0.004153122497963318, -0.0012378083084628746, -0.002663377973664561], [-0.0012378083084628746, 0.0026613020721799755, -0.000836396570150232], [-0.002663377973664561, -0.000836396570150232, 0.003293486395899714]], "chi2_level": 0.95, "chi2_df": 3, "chi2_threshold": 7.814727903251179, "N_raw": 68, "N_roi": 68, "N_inlier": 65, "refit": true}
{"timestamp": "15:35:56.820331", "frame": 28, "mu": [0.47892030420297665, 0.6712143755375508, 1.5191530576661911], "Sigma": [[0.0024399179815452633, -0.0004915502735115273, -0.0011070932963256732], [-0.0004915502735115273, 0.001483264822002541, -0.0011235372784404877], [-0.0011070932963256732, -0.0011235372784404877, 0.005385793051829796]], "chi2_level": 0.95, "chi2_df": 3, "chi2_threshold": 7.814727903251179, "N_raw": 50, "N_roi": 50, "N_inlier": 47, "refit": true}
{"timestamp": "15:35:56.878654", "frame": 29, "mu": [0.3997844642868208, 0.6901479524036973, 1.4997034799136337], "Sigma": [[0.005368132470257755, -0.0012661608580242128, -0.0001550625199128224], [-0.0012661608580242126, 0.0018721878408612593, -0.0029075813524489557], [-0.0001550625199128224, -0.0029075813524489557, 0.011276171822498187]], "chi2_level": 0.95, "chi2_df": 3, "chi2_threshold": 7.814727903251179, "N_raw": 78, "N_roi": 78, "N_inlier": 75, "refit": true}
{"timestamp": "15:35:56.932761", "frame": 30, "mu": [0.300882090780886, 0.7415152201830709, 1.4786097078271365], "Sigma": [[0.00209831182764121, 0.00011845803239237221, -0.0016965577043416362], [0.00011845803239237219, 0.002910827917471692, -0.005086879749411919], [-0.0016965577043416362, -0.005086879749411919, 0.011758272431011766]], "chi2_level": 0.95, "chi2_df": 3, "chi2_threshold": 7.814727903251179, "N_raw": 73, "N_roi": 73, "N_inlier": 70, "refit": true}
{"timestamp": "15:35:56.982799", "frame": 31, "mu": [0.20564516451113268, 0.7668381338712603, 1.4267540232360456], "Sigma": [[0.0006299534241046484, 0.00013592083879988902, -0.0016823575069438348], [0.00013592083879988904, 0.0027259848741714417, -0.007664401580962036], [-0.0016823575069438348, -0.007664401580962036, 0.030418618271499512]], "chi2_level": 0.95, "chi2_df": 3, "chi2_threshold": 7.814727903251179, "N_raw": 38, "N_roi": 38, "N_inlier": 36, "refit": true}
{"timestamp": "15:35:57.035520", "frame": 32, "mu": [0.08136855328622833, 0.8428922496434134, 1.12047598955567], "Sigma": [[0.005087315917714182, 0.0013798551667088205, 0.025209773054484404], [0.0013798551667088203, 0.0030971296026660483, 0.010533580089405026], [0.025209773054484404, 0.010533580089405026, 0.14729632957382235]], "chi2_level": 0.95, "chi2_df": 3, "chi2_threshold": 7.814727903251179, "N_raw": 25, "N_roi": 25, "N_inlier": 22, "refit": true}
{"timestamp": "15:35:57.099889", "frame": 33, "mu": [0.04598485898394144, 0.7138083305493731, 1.4527344642528697], "Sigma": [[0.003407133585001035, -0.0024843142500258894, -0.004435943432191999], [-0.0024843142500258894, 0.004181285765782121, 0.0012604159515364405], [-0.004435943432191999, 0.0012604159515364405, 0.013440744666547834]], "chi2_level": 0.95, "chi2_df": 3, "chi2_threshold": 7.814727903251179, "N_raw": 90, "N_roi": 90, "N_inlier": 87, "refit": true}
{"timestamp": "15:35:57.153799", "frame": 34, "mu": [-0.03431343814707575, 0.7921015962475848, -0.4476332082018391], "Sigma": [[0.001940408701450756, 0.0011040300907845112, 0.0021811442103271787], [0.0011040300907845112, 0.004179867483436348, 0.0003528334783229401], [0.0021811442103271787, 0.00035283347832293995, 0.008688416125350507]], "chi2_level": 0.95, "chi2_df": 3, "chi2_threshold": 7.814727903251179, "N_raw": 71, "N_roi": 71, "N_inlier": 66, "refit": true}
{"timestamp": "15:35:57.212327", "frame": 35, "mu": [-0.13031050716664447, 0.7226907789432403, 1.4277421609738374], "Sigma": [[0.0026158072030815884, -0.0025670203006157985, -0.003697474150002718], [-0.0025670203006157985, 0.004583277337710632, 0.001502905276428241], [-0.003697474150002718, 0.0015029052764282413, 0.016374015185269514]], "chi2_level": 0.95, "chi2_df": 3, "chi2_threshold": 7.814727903251179, "N_raw": 95, "N_roi": 95, "N_inlier": 93, "refit": true}
{"timestamp": "15:35:57.268373", "frame": 36, "mu": [-0.1962538173557627, 0.7282221893019447, 1.4394133530978408], "Sigma": [[0.0037422897615388123, -0.0019255634295088585, -0.004390582507612136], [-0.0019255634295088585, 0.002720102031355245, -0.0003723646325170226], [-0.004390582507612136, -0.0003723646325170228, 0.013446224189022913]], "chi2_level": 0.95, "chi2_df": 3, "chi2_threshold": 7.814727903251179, "N_raw": 102, "N_roi": 101, "N_inlier": 98, "refit": true}
{"timestamp": "15:35:57.319174", "frame": 37, "mu": [-0.3062101675825694, 0.7518024828272957, 1.5582369339495572], "Sigma": [[0.0033868792123273976, -0.0016595899409999407, -0.001991196846052484], [-0.0016595899409999407, 0.0032379454485546642, -0.0009520146832955147], [-0.001991196846052484, -0.000952014683295515, 0.004020528796158262]], "chi2_level": 0.95, "chi2_df": 3, "chi2_threshold": 7.814727903251179, "N_raw": 77, "N_roi": 77, "N_inlier": 75, "refit": true}
{"timestamp": "15:35:57.368431", "frame": 38, "mu": [-0.462506727514886, 0.7814405361810292, 1.6283106755711634], "Sigma": [[0.0014501243014529025, 6.541645241901811e-05, -0.001099658218935606], [6.541645241901811e-05, 0.0012776671239907997, -0.0006666888150368248], [-0.001099658218935606, -0.0006666888150368248, 0.0012614681784118857]], "chi2_level": 0.95, "chi2_df": 3, "chi2_threshold": 7.814727903251179, "N_raw": 31, "N_roi": 28, "N_inlier": 26, "refit": true}
{"timestamp": "15:35:57.424269", "frame": 39, "mu": [-0.5658024744041199, 0.7075965595037972, 1.6284053495512245], "Sigma": [[0.02298722800904916, 0.011430940014661125, -0.011442596347090363], [0.011430940014661125, 0.00790463867013003, -0.007274115079917985], [-0.011442596347090363, -0.007274115079917985, 0.007442805097758961]], "chi2_level": 0.95, "chi2_df": 3, "chi2_threshold": 7.814727903251179, "N_raw": 53, "N_roi": 52, "N_inlier": 48, "refit": true}
{"timestamp": "15:35:57.475867", "frame": 40, "mu": [-0.8279339997664654, 0.6250431968601349, 1.8058768484983543], "Sigma": [[0.008792287827274339, 0.00602928031297676, -0.004822077933636317], [0.006029280312976759, 0.0076535083233284585, -0.004844887650857307], [-0.004822077933636317, -0.004844887650857307, 0.003450994914226865]], "chi2_level": 0.95, "chi2_df": 3, "chi2_threshold": 7.814727903251179, "N_raw": 26, "N_roi": 25, "N_inlier": 23, "refit": true}
{"timestamp": "15:35:57.535558", "frame": 41, "mu": [-0.8750428556467549, 0.6341341085150771, 1.7556874729383902], "Sigma": [[0.006110065970692537, 0.0026784046366497517, -0.0037057435485537598], [0.0026784046366497517, 0.006408736363505244, -0.004196064833617534], [-0.0037057435485537598, -0.004196064833617534, 0.003913328193764712]], "chi2_level": 0.95, "chi2_df": 3, "chi2_threshold": 7.814727903251179, "N_raw": 63, "N_roi": 63, "N_inlier": 58, "refit": true}
{"timestamp": "15:35:57.590652", "frame": 42, "mu": [-0.9126170628489542, 0.6359344618660838, 1.6732056753361806], "Sigma": [[0.00574765273659728, 0.0014448679547047613, -0.0007023033723042257], [0.0014448679547047613, 0.005709806743321093, -0.002824775770637919], [-0.0007023033723042257, -0.0028247757706379184, 0.0017653809727935191]], "chi2_level": 0.95, "chi2_df": 3, "chi2_threshold": 7.814727903251179, "N_raw": 63, "N_roi": 63, "N_inlier": 59, "refit": true}
{"timestamp": "15:35:57.646379", "frame": 43, "mu": [-0.9760394192717237, 0.6758699007243628, 1.7341586337343784], "Sigma": [[0.0065962632563909, 0.0008405807304685365, -0.0019416935654604625], [0.0008405807304685364, 0.005859187374583646, -0.002659938184295286], [-0.0019416935654604625, -0.0026599381842952866, 0.0019424492039764839]], "chi2_level": 0.95, "chi2_df": 3, "chi2_threshold": 7.814727903251179, "N_raw": 67, "N_roi": 67, "N_inlier": 63, "refit": true}
{"timestamp": "15:35:57.702927", "frame": 44, "mu": [-1.0112990866861775, 0.625583937514341, 1.5721707651326708], "Sigma": [[0.008503309470406999, -0.0014020933633636869, -0.0035697086569098694], [-0.0014020933633636869, 0.006877962610856716, -0.0009031946952433754], [-0.0035697086569098694, -0.0009031946952433754, 0.003920037194257916]], "chi2_level": 0.95, "chi2_df": 3, "chi2_threshold": 7.814727903251179, "N_raw": 73, "N_roi": 73, "N_inlier": 68, "refit": true}
{"timestamp": "15:35:57.761841", "frame": 45, "mu": [-1.0325353787206797, 0.7048294948699593, 1.605274725519077], "Sigma": [[0.009556759421871596, 0.001270061513025084, -0.004291310871663803], [0.001270061513025084, 0.0066481901271397996, -0.004194444863144275], [-0.004291310871663803, -0.004194444863144274, 0.004543201295489577]], "chi2_level": 0.95, "chi2_df": 3, "chi2_threshold": 7.814727903251179, "N_raw": 93, "N_roi": 93, "N_inlier": 85, "refit": true}
{"timestamp": "15:35:57.815839", "frame": 46, "mu": [-1.1239914519020355, 0.6563382955185197, 1.5073476468354978], "Sigma": [[0.008316459504264366, 0.0015690119301275752, -0.002862677828825444], [0.0015690119301275747, 0.013834128817224223, -0.0035234553182339643], [-0.002862677828825444, -0.0035234553182339643, 0.0030390097711185454]], "chi2_level": 0.95, "chi2_df": 3, "chi2_threshold": 7.814727903251179, "N_raw": 91, "N_roi": 91, "N_inlier": 83, "refit": true}
{"timestamp": "15:35:57.868174", "frame": 47, "mu": [-1.1921120179110594, 0.6987357947867572, 1.5916856344478294], "Sigma": [[0.009852339353895902, 0.0005748888383728879, -0.00535646119973959], [0.0005748888383728877, 0.010189039351180148, -0.0033768533854758396], [-0.005356461199739589, -0.0033768533854758396, 0.0063166309736527836]], "chi2_level": 0.95, "chi2_df": 3, "chi2_threshold": 7.814727903251179, "N_raw": 76, "N_roi": 76, "N_inlier": 72, "refit": true}
{"timestamp": "15:35:57.925090", "frame": 48, "mu": [-1.264960688353571, 0.7706229994659939, 1.3828733201999421], "Sigma": [[0.010540340481029345, 0.007389505249283683, -0.028254507579001137], [0.007389505249283683, 0.016944237747306058, -0.0578668942894925], [-0.028254507579001137, -0.0578668942894925, 0.2527687216438812]], "chi2_level": 0.95, "chi2_df": 3, "chi2_threshold": 7.814727903251179, "N_raw": 80, "N_roi": 80, "N_inlier": 80, "refit": true}
{"timestamp": "15:35:57.978239", "frame": 49, "mu": [-1.3200314393344745, 0.6793583212450711, 1.538244970000595], "Sigma": [[0.00922804957440868, 0.0019476908110430818, -0.0021692348651141976], [0.0019476908110430818, 0.009881575727420036, -0.006733072322716537], [-0.0021692348651141976, -0.006733072322716536, 0.005213831612225461]], "chi2_level": 0.95, "chi2_df": 3, "chi2_threshold": 7.814727903251179, "N_raw": 74, "N_roi": 74, "N_inlier": 72, "refit": true}
{"timestamp": "15:35:58.035102", "frame": 50, "mu": [-1.3338413605296326, 0.6868605710822399, 1.4777465687598088], "Sigma": [[0.011505704647796192, 0.004607642220849696, -0.0031774623782534813], [0.004607642220849696, 0.016247473553864657, -0.006129963974797922], [-0.0031774623782534813, -0.006129963974797922, 0.002969353698974328]], "chi2_level": 0.95, "chi2_df": 3, "chi2_threshold": 7.814727903251179, "N_raw": 89, "N_roi": 89, "N_inlier": 85, "refit": true}
{"timestamp": "15:35:58.088379", "frame": 51, "mu": [-1.4139223213728713, 0.7295275652026743, 1.4996009596770221], "Sigma": [[0.012423160610314225, 0.0026347396822805147, -0.004754505491568171], [0.0026347396822805147, 0.008934610202112959, -0.00567387485271114], [-0.004754505491568171, -0.00567387485271114, 0.005133751948602609]], "chi2_level": 0.95, "chi2_df": 3, "chi2_threshold": 7.814727903251179, "N_raw": 78, "N_roi": 78, "N_inlier": 74, "refit": true}
{"timestamp": "15:35:58.145311", "frame": 52, "mu": [-1.4769257426366773, 0.788837232614772, 1.5060478530572412], "Sigma": [[0.013213606219681946, 0.0024717099801458767, -0.006370956833647967], [0.0024717099801458767, 0.010734514510125782, -0.0071834860854589795], [-0.006370956833647966, -0.0071834860854589795, 0.008643708461774976]], "chi2_level": 0.95, "chi2_df": 3, "chi2_threshold": 7.814727903251179, "N_raw": 89, "N_roi": 89, "N_inlier": 81, "refit": true}
{"timestamp": "15:35:58.201462", "frame": 53, "mu": [-1.525546165275394, 0.8519494687252626, 1.343933008039208], "Sigma": [[0.0161655832032966, 0.0064450979072838335, -0.028632588353091674], [0.0064450979072838335, 0.010744380516109618, -0.011699878214530503], [-0.028632588353091674, -0.011699878214530503, 0.13649368889455324]], "chi2_level": 0.95, "chi2_df": 3, "chi2_threshold": 7.814727903251179, "N_raw": 98, "N_roi": 98, "N_inlier": 98, "refit": true}
{"timestamp": "15:35:58.251625", "frame": 54, "mu": [-1.6096995250122896, 0.8255927267017223, 1.42892311598605], "Sigma": [[0.007786680134852507, 0.0025704795875934284, 0.0012787569250680615], [0.0025704795875934284, 0.007368383899149268, -0.005251026501456063], [0.001278756925068062, -0.005251026501456063, 0.020326634889496844]], "chi2_level": 0.95, "chi2_df": 3, "chi2_threshold": 7.814727903251179, "N_raw": 64, "N_roi": 64, "N_inlier": 62, "refit": true}
{"timestamp": "15:35:58.306612", "frame": 55, "mu": [-1.622695130373586, 0.9056479131194166, 1.3489079299814655], "Sigma": [[0.008244181401199034, 0.005217273531863486, 0.0025800871604205328], [0.005217273531863487, 0.009157104873765821, -0.0037000958067111966], [0.0025800871604205328, -0.0037000958067111966, 0.019912957915122785]], "chi2_level": 0.95, "chi2_df": 3, "chi2_threshold": 7.814727903251179, "N_raw": 70, "N_roi": 70, "N_inlier": 68, "refit": true}
{"timestamp": "15:35:58.361079", "frame": 56, "mu": [-1.7293587986365822, 0.9547800326194956, 1.4564393126053372], "Sigma": [[0.008113716791954434, 0.00470284321887127, -0.0012335479191203412], [0.00470284321887127, 0.007522458952723931, -0.007748982729790592], [-0.001233547919120341, -0.007748982729790592, 0.02371830117577734]], "chi2_level": 0.95, "chi2_df": 3, "chi2_threshold": 7.814727903251179, "N_raw": 60, "N_roi": 60, "N_inlier": 57, "refit": true}
{"timestamp": "15:35:58.415632", "frame": 57, "mu": [-1.7738848312841051, 1.0671892807366703, -0.3061611205512632], "Sigma": [[0.009262502414865523, 0.0054279659357968245, 0.0006585415673294548], [0.005427965935796824, 0.012842671542059507, -0.012070068523139774], [0.0006585415673294548, -0.012070068523139774, 0.03017439902241799]], "chi2_level": 0.95, "chi2_df": 3, "chi2_threshold": 7.814727903251179, "N_raw": 64, "N_roi": 64, "N_inlier": 63, "refit": true}
{"timestamp": "15:35:58.476801", "frame": 58, "mu": [-1.815777186226179, 1.0048933961431719, 1.3596504871934194], "Sigma": [[0.02768567784451299, 0.003043721284290095, 0.02722825912458633], [0.0030437212842900955, 0.013068292360791298, -0.014006323250320678], [0.027228259124586325, -0.014006323250320678, 0.08878110663027658]], "chi2_level": 0.95, "chi2_df": 3, "chi2_threshold": 7.814727903251179, "N_raw": 97, "N_roi": 97, "N_inlier": 95, "refit": true}
{"timestamp": "15:35:58.526979", "frame": 59, "mu": [-1.8147172090464765, 1.0520806585410096, 1.372400657939391], "Sigma": [[0.011793840391019711, 0.00430566586669502, 0.000321440809864442], [0.004305665866695021, 0.007606231472342619, -0.005127816117362504], [0.00032144080986444204, -0.005127816117362505, 0.006714779487696994]], "chi2_level": 0.95, "chi2_df": 3, "chi2_threshold": 7.814727903251179, "N_raw": 63, "N_roi": 63, "N_inlier": 58, "refit": true}
{"timestamp": "15:35:58.581882", "frame": 60, "mu": [-1.813751394819347, 1.1146740513613749, 1.3705941229706289], "Sigma": [[0.009715646942025475, 0.005253494343475117, -0.0006235265171027728], [0.005253494343475117, 0.009064630547801024, -0.008549014126703103], [-0.0006235265171027729, -0.008549014126703103, 0.015730434320473306]], "chi2_level": 0.95, "chi2_df": 3, "chi2_threshold": 7.814727903251179, "N_raw": 66, "N_roi": 66, "N_inlier": 64, "refit": true}
{"timestamp": "15:35:58.637425", "frame": 61, "mu": [-1.9082403882378836, 1.1550387690006956, 1.5243088545010963], "Sigma": [[0.012774652269095582, 0.004774257190797408, -0.005927430391230937], [0.004774257190797409, 0.011764561345671895, -0.008580053715945581], [-0.005927430391230937, -0.008580053715945581, 0.008874082573984808]], "chi2_level": 0.95, "chi2_df": 3, "chi2_threshold": 7.814727903251179, "N_raw": 67, "N_roi": 67, "N_inlier": 61, "refit": true}
{"timestamp": "15:35:58.692500", "frame": 62, "mu": [-1.935881635950669, 1.256461446266262, 1.488353054809208], "Sigma": [[0.012726938934013787, 0.0031992217866431976, -0.0011340344057799209], [0.0031992217866431976, 0.009180654941447859, -0.003789527013453997], [-0.0011340344057799206, -0.003789527013453997, 0.027784502568018513]], "chi2_level": 0.95, "chi2_df": 3, "chi2_threshold": 7.814727903251179, "N_raw": 69, "N_roi": 69, "N_inlier": 66, "refit": true}
{"timestamp": "15:35:58.747592", "frame": 63, "mu": [-1.9844262177117649, 1.311981587124986, 1.5246139421799554], "Sigma": [[0.013761981209096384, 0.0030620715508405064, -0.002672326161334655], [0.003062071550840507, 0.008387898063945983, -0.007174884951710483], [-0.002672326161334655, -0.007174884951710483, 0.01710079973643191]], "chi2_level": 0.95, "chi2_df": 3, "chi2_threshold": 7.814727903251179, "N_raw": 67, "N_roi": 67, "N_inlier": 64, "refit": true}
{"timestamp": "15:35:58.804527", "frame": 64, "mu": [-1.9832538752280708, 1.3765247958145777, 1.4304923024511862], "Sigma": [[0.01367795790850143, 0.007593121590443416, -0.0016374721792620237], [0.007593121590443416, 0.012072214733181404, -0.008932906408080216], [-0.001637472179262024, -0.008932906408080216, 0.037015294354061395]], "chi2_level": 0.95, "chi2_df": 3, "chi2_threshold": 7.814727903251179, "N_raw": 84, "N_roi": 84, "N_inlier": 80, "refit": true}
{"timestamp": "15:35:58.857184", "frame": 65, "mu": [-2.047258187322317, 1.4301946972507924, 1.5813523821663895], "Sigma": [[0.01394514602960299, 0.004126177641760301, -0.008312723437140098], [0.004126177641760301, 0.010728767978569085, -0.006530855212645199], [-0.008312723437140096, -0.006530855212645199, 0.014215990558657939]], "chi2_level": 0.95, "chi2_df": 3, "chi2_threshold": 7.814727903251179, "N_raw": 62, "N_roi": 62, "N_inlier": 59, "refit": true}
{"timestamp": "15:35:58.911884", "frame": 66, "mu": [-2.1062722507378484, 1.4626352977405654, 1.6845912197669732], "Sigma": [[0.014598466079093287, 0.008483372854734172, -0.014375271712937596], [0.008483372854734172, 0.020428196056093653, -0.013045102534927643], [-0.014375271712937596, -0.013045102534927643, 0.017613940249195312]], "chi2_level": 0.95, "chi2_df": 3, "chi2_threshold": 7.814727903251179, "N_raw": 70, "N_roi": 70, "N_inlier": 67, "refit": true}
{"timestamp": "15:35:58.964128", "frame": 67, "mu": [-2.198178604429423, 1.490412867979453, 1.699054530539969], "Sigma": [[0.011669470889022909, 0.008771787870855741, -0.006680015651894077], [0.008771787870855741, 0.013242884278044029, -0.009865443995453943], [-0.006680015651894076, -0.009865443995453943, 0.009495020220358077]], "chi2_level": 0.95, "chi2_df": 3, "chi2_threshold": 7.814727903251179, "N_raw": 45, "N_roi": 45, "N_inlier": 43, "refit": true}
{"timestamp": "15:35:59.023182", "frame": 68, "mu": [-2.1803969109727355, 1.6267129869770656, 1.4920602737535338], "Sigma": [[0.012274039174662297, 0.0094865789902631, -0.022097435297018898], [0.0094865789902631, 0.02072348395140047, -0.04465728649424068], [-0.022097435297018898, -0.04465728649424068, 0.2310093338031086]], "chi2_level": 0.95, "chi2_df": 3, "chi2_threshold": 7.814727903251179, "N_raw": 75, "N_roi": 75, "N_inlier": 74, "refit": true}
{"timestamp": "15:35:59.072268", "frame": 69, "mu": [-2.2075453771628397, 1.6112595163140147, 1.7091340033785696], "Sigma": [[0.01448849025096612, 0.007792183745925338, -0.007954286408224036], [0.007792183745925338, 0.010500346159162581, -0.006347154385048431], [-0.007954286408224036, -0.006347154385048431, 0.007040161726772428]], "chi2_level": 0.95, "chi2_df": 3, "chi2_threshold": 7.814727903251179, "N_raw": 36, "N_roi": 36, "N_inlier": 34, "refit": true}
{"timestamp": "15:35:59.128930", "frame": 70, "mu": [-2.3057424983543813, 1.697338364583494, 1.5189354787828215], "Sigma": [[0.008938393383049992, 0.009841892536943984, -0.014926124155628247], [0.009841892536943985, 0.012472638015710032, -0.022351662209852203], [-0.014926124155628249, -0.022351662209852203, 0.10702896373842274]], "chi2_level": 0.95, "chi2_df": 3, "chi2_threshold": 7.814727903251179, "N_raw": 38, "N_roi": 37, "N_inlier": 33, "refit": true}
{"timestamp": "15:35:59.186668", "frame": 71, "mu": [-2.2344729933853027, 1.8203346755896754, 1.5136153793664078], "Sigma": [[0.017978690348089493, 0.016652759555924754, -0.013430011487088656], [0.016652759555924754, 0.02433733351997398, -0.02153526378293592], [-0.013430011487088656, -0.02153526378293592, 0.02276916322630534]], "chi2_level": 0.95, "chi2_df": 3, "chi2_threshold": 7.814727903251179, "N_raw": 73, "N_roi": 69, "N_inlier": 68, "refit": true}
{"timestamp": "15:35:59.238882", "frame": 72, "mu": [-2.271393101186908, 1.8800655670984463, 1.425941216318039], "Sigma": [[0.017036763617516323, 0.013028233114654324, -0.01488963163234323], [0.013028233114654324, 0.014841194606561638, -0.014772779057942689], [-0.01488963163234323, -0.014772779057942689, 0.023245288899587276]], "chi2_level": 0.95, "chi2_df": 3, "chi2_threshold": 7.814727903251179, "N_raw": 50, "N_roi": 45, "N_inlier": 42, "refit": true}
{"timestamp": "15:35:59.293558", "frame": 73, "mu": [-2.2088640750462103, 1.9874223560759068, -0.40401763837064764], "Sigma": [[0.01775411758743292, 0.016802032342742967, 0.01975839823406489], [0.016802032342742967, 0.021908851547776595, 0.019795396350063194], [0.019758398234064892, 0.019795396350063194, 0.0922852101988372]], "chi2_level": 0.95, "chi2_df": 3, "chi2_threshold": 7.814727903251179, "N_raw": 49, "N_roi": 45, "N_inlier": 42, "refit": true}
{"timestamp": "15:35:59.351075", "frame": 74, "mu": [-2.2876294369452257, 2.056090145142747, 1.4690637999825578], "Sigma": [[0.015604115971913857, 0.011501004854410619, -0.020336631544141042], [0.011501004854410619, 0.01572866257249724, -0.004630067095686299], [-0.020336631544141042, -0.004630067095686299, 0.16259442942860225]], "chi2_level": 0.95, "chi2_df": 3, "chi2_threshold": 7.814727903251179, "N_raw": 63, "N_roi": 49, "N_inlier": 47, "refit": true}
{"timestamp": "15:35:59.403820", "frame": 75, "mu": [-2.3463255312407583, 1.98592631643115, 1.711179997002469], "Sigma": [[0.010799878518317317, 0.009795619804416376, -0.007503115847381927], [0.009795619804416376, 0.017947145217903478, -0.016345311926858376], [-0.007503115847381927, -0.016345311926858376, 0.02471210959890354]], "chi2_level": 0.95, "chi2_df": 3, "chi2_threshold": 7.814727903251179, "N_raw": 48, "N_roi": 31, "N_inlier": 28, "refit": true}
{"timestamp": "15:35:59.453804", "frame": 76, "mu": [-2.222740286597012, 2.1889374232844756, 1.5414048279739554], "Sigma": [[0.02526617362400992, 0.022844408817502885, -0.025967405317592493], [0.022844408817502885, 0.02686428391851801, -0.0395495663368987], [-0.025967405317592493, -0.0395495663368987, 0.09618408702399403]], "chi2_level": 0.95, "chi2_df": 3, "chi2_threshold": 7.814727903251179, "N_raw": 14, "N_roi": 10, "N_inlier": 10, "refit": true}
{"timestamp": "15:35:59.513199", "frame": 77, "mu": [-2.241934885773517, 2.225964397141549, 1.7367165067799084], "Sigma": [[0.022241514989452843, 0.019618913941682227, -0.01686332167598122], [0.019618913941682227, 0.02264382508718072, -0.013341531957977364], [-0.01686332167598122, -0.013341531957977368, 0.014613644425451615]], "chi2_level": 0.95, "chi2_df": 3, "chi2_threshold": 7.814727903251179, "N_raw": 52, "N_roi": 41, "N_inlier": 39, "refit": true}
{"timestamp": "15:35:59.569890", "frame": 78, "mu": [-2.148985385886668, 2.3801963127582506, 1.6032254947515034], "Sigma": [[0.012556783545121129, 0.010167282063427766, -0.010305706080929532], [0.010167282063427766, 0.014501932833241452, -0.015287802548000058], [-0.010305706080929532, -0.01528780254800006, 0.04034464341748697]], "chi2_level": 0.95, "chi2_df": 3, "chi2_threshold": 7.814727903251179, "N_raw": 51, "N_roi": 44, "N_inlier": 41, "refit": true}
{"timestamp": "15:35:59.618602", "frame": 79, "mu": [-2.1499949082806444, 2.5323480546460555, 1.43354655484281], "Sigma": [[0.01942149382433038, -0.0013068530126110975, 0.04166698921574548], [-0.0013068530126110975, 0.0019819036921279592, -0.0068825515358664725], [0.04166698921574548, -0.006882551535866472, 0.11331660350887465]], "chi2_level": 0.95, "chi2_df": 3, "chi2_threshold": 7.814727903251179, "N_raw": 13, "N_roi": 13, "N_inlier": 12, "refit": true}
{"timestamp": "15:35:59.676911", "frame": 80, "mu": [-2.15313175293308, 2.6409135902088865, 1.747019761452312], "Sigma": [[0.013094299770645355, 0.006611201059313424, -0.011058492522984766], [0.006611201059313424, 0.006733904089174083, -0.007026929315357551], [-0.011058492522984768, -0.007026929315357551, 0.013923491126737278]], "chi2_level": 0.95, "chi2_df": 3, "chi2_threshold": 7.814727903251179, "N_raw": 34, "N_roi": 30, "N_inlier": 28, "refit": true}
{"timestamp": "15:35:59.729804", "frame": 81, "mu": [-2.12378511153438, 2.736293963140432, -0.367633854069068], "Sigma": [[0.0028527092047876588, 0.000395272949096428, 0.009788232939228002], [0.0003952729490964281, 0.023375654461547817, -0.0336180863945848], [0.009788232939228, -0.0336180863945848, 0.16460363544199744]], "chi2_level": 0.95, "chi2_df": 3, "chi2_threshold": 7.814727903251179, "N_raw": 20, "N_roi": 12, "N_inlier": 12, "refit": true}
{"timestamp": "15:35:59.837551", "frame": 83, "mu": [-2.1648750116112065, 2.795019316911148, 1.4580084579394097], "Sigma": [[0.0013124750322250883, 0.00014587603097489439, -0.0006894789261961231], [0.00014587603097489439, 0.008073690948663781, -0.015331979349054038], [-0.0006894789261961229, -0.015331979349054038, 0.15539155814003797]], "chi2_level": 0.95, "chi2_df": 3, "chi2_threshold": 7.814727903251179, "N_raw": 7, "N_roi": 7, "N_inlier": 7, "refit": true}
{"timestamp": "15:35:59.950405", "frame": 85, "mu": [-2.2159962138675833, 3.03681772708301, 1.3952772122919466], "Sigma": [[0.009808061942806041, 0.004813568100470855, -0.006961984515236984], [0.004813568100470855, 0.0033910325256979812, -0.007524381095988193], [-0.006961984515236984, -0.007524381095988193, 0.04284033282887384]], "chi2_level": 0.95, "chi2_df": 3, "chi2_threshold": 7.814727903251179, "N_raw": 24, "N_roi": 24, "N_inlier": 22, "refit": true}
{"timestamp": "15:36:00.062660", "frame": 87, "mu": [-2.1600141613750314, 3.09308719748567, 1.6074806691044552], "Sigma": [[0.014558541498200276, 0.006476449435947752, -0.012901121485261591], [0.006476449435947752, 0.007168492992425719, -0.006564200582968055], [-0.012901121485261591, -0.006564200582968055, 0.013575183961112099]], "chi2_level": 0.95, "chi2_df": 3, "chi2_threshold": 7.814727903251179, "N_raw": 49, "N_roi": 35, "N_inlier": 34, "refit": true}
{"timestamp": "15:36:00.170328", "frame": 89, "mu": [-2.181073379177933, 3.2628371704813977, 1.5517605254555717], "Sigma": [[0.013386838179453095, 0.00519069891852038, -0.014272438211233689], [0.00519069891852038, 0.0038568953758986975, -0.008988724676067553], [-0.014272438211233689, -0.008988724676067553, 0.027541089117020724]], "chi2_level": 0.95, "chi2_df": 3, "chi2_threshold": 7.814727903251179, "N_raw": 27, "N_roi": 27, "N_inlier": 23, "refit": true}
{"timestamp": "15:36:00.333311", "frame": 92, "mu": [-2.1256829588065895, 3.397777258693162, 1.4118257031361832], "Sigma": [[0.005075447779127981, -0.0020010089444246664, 0.004943915175696414], [-0.002001008944424666, 0.0034690663622717528, -0.011230680724131824], [0.004943915175696414, -0.011230680724131824, 0.12525088865012005]], "chi2_level": 0.95, "chi2_df": 3, "chi2_threshold": 7.814727903251179, "N_raw": 12, "N_roi": 10, "N_inlier": 9, "refit": true}
{"timestamp": "15:36:00.443652", "frame": 94, "mu": [-2.0824741935930042, 3.634280398982683, 0.08744214764183042], "Sigma": [[0.007379498161980209, -0.01020241435821048, 0.026365951769985862], [-0.010202414358210482, 0.014879407775092167, -0.03756644154134867], [0.026365951769985862, -0.03756644154134867, 0.10693387575703153]], "chi2_level": 0.95, "chi2_df": 3, "chi2_threshold": 7.814727903251179, "N_raw": 10, "N_roi": 8, "N_inlier": 8, "refit": true}
{"timestamp": "15:36:00.498844", "frame": 95, "mu": [-2.0952125288949457, 3.636620307658671, 1.1844365438650084], "Sigma": [[0.011762631977433878, -0.0014256533438653201, 0.02693877859067926], [-0.0014256533438653204, 0.001555266807488843, -0.00019859572026119376], [0.02693877859067926, -0.00019859572026119398, 0.07588413528237731]], "chi2_level": 0.95, "chi2_df": 3, "chi2_threshold": 7.814727903251179, "N_raw": 11, "N_roi": 8, "N_inlier": 7, "refit": true}
{"timestamp": "15:36:00.920922", "frame": 101, "mu": [-1.6782019186637136, 3.9495904745461767, 1.4251243806644056], "Sigma": [[0.010557357506014923, 0.0033393965745108344, -0.0019361320361651162], [0.003339396574510834, 0.0031738219479849313, -0.0005523550611378804], [-0.0019361320361651162, -0.0005523550611378804, 0.0004984004163824439]], "chi2_level": 0.95, "chi2_df": 3, "chi2_threshold": 7.814727903251179, "N_raw": 20, "N_roi": 20, "N_inlier": 20, "refit": true}
{"timestamp": "15:36:00.949577", "frame": 102, "mu": [-1.6379280313896558, 3.92256833482308, 1.2773754288481676], "Sigma": [[0.007684005500009328, 0.0029176016297376363, -0.0036891729922969275], [0.0029176016297376363, 0.005909375164254245, 0.00716089356649794], [-0.003689172992296928, 0.007160893566497939, 0.018695727799925805]], "chi2_level": 0.95, "chi2_df": 3, "chi2_threshold": 7.814727903251179, "N_raw": 15, "N_roi": 14, "N_inlier": 12, "refit": true}
{"timestamp": "15:36:01.053246", "frame": 105, "mu": [-1.4537247779910216, 4.076774910558561, 1.2873054363771779], "Sigma": [[0.01957916196130085, 0.004782935466125215, -0.0075968421257778165], [0.004782935466125215, 0.007459155422249447, 0.001322484727318306], [-0.0075968421257778165, 0.001322484727318306, 0.005613143267147524]], "chi2_level": 0.95, "chi2_df": 3, "chi2_threshold": 7.814727903251179, "N_raw": 45, "N_roi": 43, "N_inlier": 42, "refit": true}
{"timestamp": "15:36:01.108356", "frame": 106, "mu": [-1.3289961444374525, 4.186233038041019, 1.1037460079943053], "Sigma": [[0.018700672474982485, 0.003625244779176092, -0.009358413726924562], [0.003625244779176092, 0.003588036690903037, -0.0047769479329587685], [-0.009358413726924562, -0.0047769479329587685, 0.009527152117975246]], "chi2_level": 0.95, "chi2_df": 3, "chi2_threshold": 7.814727903251179, "N_raw": 44, "N_roi": 42, "N_inlier": 37, "refit": true}
{"timestamp": "15:36:01.159533", "frame": 107, "mu": [-1.3028714388615392, 4.088835283604613, 1.1364644392958196], "Sigma": [[0.011178526654747374, 0.00258665453550543, -0.004611084673662365], [0.00258665453550543, 0.0017515457291127734, -0.0027157898387722445], [-0.004611084673662365, -0.002715789838772244, 0.0076321934159917035]], "chi2_level": 0.95, "chi2_df": 3, "chi2_threshold": 7.814727903251179, "N_raw": 18, "N_roi": 16, "N_inlier": 15, "refit": true}
{"timestamp": "15:36:01.213849", "frame": 108, "mu": [-1.2632463026393295, 4.202681718541705, 0.7022509227991063], "Sigma": [[0.006909799100686912, -0.0024244028543310573, 0.026116497181926775], [-0.002424402854331057, 0.004444223410973749, -0.009809801680244444], [0.026116497181926775, -0.00980980168024444, 0.12059557243750574]], "chi2_level": 0.95, "chi2_df": 3, "chi2_threshold": 7.814727903251179, "N_raw": 11, "N_roi": 9, "N_inlier": 8, "refit": true}
{"timestamp": "15:36:01.384299", "frame": 111, "mu": [-0.9946030362118088, 4.283196158758698, 1.258102686734948], "Sigma": [[0.017331406376397105, 0.0027446750208682366, -0.008030695772779142], [0.0027446750208682366, 0.004307548465154644, -0.003961339380790969], [-0.00803069577277914, -0.003961339380790969, 0.008574038549451778]], "chi2_level": 0.95, "chi2_df": 3, "chi2_threshold": 7.814727903251179, "N_raw": 49, "N_roi": 46, "N_inlier": 42, "refit": true}
{"timestamp": "15:36:01.437627", "frame": 112, "mu": [-0.8724324035209097, 4.344700068741966, 1.26281270552746], "Sigma": [[0.01668158683093878, 0.0018645720501628935, -0.007557430906296343], [0.0018645720501628935, 0.0025076026305009998, -0.003143308542458562], [-0.007557430906296343, -0.003143308542458562, 0.007084244135792689]], "chi2_level": 0.95, "chi2_df": 3, "chi2_threshold": 7.814727903251179, "N_raw": 37, "N_roi": 34, "N_inlier": 31, "refit": true}
{"timestamp": "15:36:01.546968", "frame": 114, "mu": [-0.7248059969248554, 4.424020076260055, 1.1888131828806103], "Sigma": [[0.01361111524447578, 0.001490425622341443, -0.008240727167460141], [0.0014904256223414432, 0.005057081914022006, -0.0224179522473663], [-0.00824072716746014, -0.0224179522473663, 0.10819921737730634]], "chi2_level": 0.95, "chi2_df": 3, "chi2_threshold": 7.814727903251179, "N_raw": 28, "N_roi": 25, "N_inlier": 23, "refit": true}
{"timestamp": "15:36:01.605876", "frame": 115, "mu": [-0.6519451409564341, 4.37999451410208, 1.099389017546342], "Sigma": [[0.027309648484747838, 0.0017220553635116358, -0.014274552746299785], [0.0017220553635116363, 0.003248483201292285, -0.0050422476709487555], [-0.014274552746299785, -0.0050422476709487555, 0.015160507380697833]], "chi2_level": 0.95, "chi2_df": 3, "chi2_threshold": 7.814727903251179, "N_raw": 57, "N_roi": 46, "N_inlier": 46, "refit": true}
{"timestamp": "15:36:01.654924", "frame": 116, "mu": [-0.5807931447430504, 4.3181671702366975, 1.0500956143331066], "Sigma": [[0.01366226594632139, -0.002887840159105682, 0.02341345549886599], [-0.002887840159105683, 0.0064144325837924236, -0.037959992121338076], [0.023413455498865983, -0.037959992121338076, 0.2758161960508365]], "chi2_level": 0.95, "chi2_df": 3, "chi2_threshold": 7.814727903251179, "N_raw": 18, "N_roi": 16, "N_inlier": 14, "refit": true}
{"timestamp": "15:36:01.714797", "frame": 117, "mu": [-0.5062450662186951, 4.35629021526792, 1.2431181402125457], "Sigma": [[0.025127912596556647, 0.0010249293395793765, -0.010635630755993178], [0.0010249293395793767, 0.0032528931341096203, -0.00310249671896888], [-0.010635630755993178, -0.00310249671896888, 0.011253051132952554]], "chi2_level": 0.95, "chi2_df": 3, "chi2_threshold": 7.814727903251179, "N_raw": 45, "N_roi": 44, "N_inlier": 42, "refit": true}
{"timestamp": "15:36:01.827322", "frame": 119, "mu": [-0.3222490933020694, 4.408239385143493, 1.4176138185063338], "Sigma": [[0.023645348106178937, 0.0005418545133542426, -0.010538395586188609], [0.0005418545133542426, 0.001519298834641609, 0.0002694639041579901], [-0.010538395586188607, 0.0002694639041579901, 0.005560874796822248]], "chi2_level": 0.95, "chi2_df": 3, "chi2_threshold": 7.814727903251179, "N_raw": 74, "N_roi": 24, "N_inlier": 23, "refit": true}
{"timestamp": "15:36:01.883294", "frame": 120, "mu": [-0.2542389807847173, 4.365977844583763, 1.3259945157267528], "Sigma": [[0.021850417487324067, 0.0013236628666031141, -0.008515905009134312], [0.0013236628666031141, 0.0037830548529420365, 0.0011699053557511145], [-0.008515905009134312, 0.0011699053557511145, 0.005709119057889637]], "chi2_level": 0.95, "chi2_df": 3, "chi2_threshold": 7.814727903251179, "N_raw": 75, "N_roi": 36, "N_inlier": 35, "refit": true}
