{"timestamp": "15:32:46.183721", "frame": 30, "mu": [1.5531135646260354, 0.8601654264637699, 1.5114416599953544], "Sigma": [[0.002110014380428734, -0.0007177326802688689, -0.0005703556466336912], [-0.0007177326802688689, 0.0033984913671129733, -0.0010407813701418986], [-0.0005703556466336912, -0.0010407813701418986, 0.0009650113787610559]], "chi2_level": 0.95, "chi2_df": 3, "chi2_threshold": 7.814727903251179, "N_raw": 15, "N_roi": 15, "N_inlier": 13, "refit": true}
{"timestamp": "15:32:46.237651", "frame": 31, "mu": [1.4445319579514677, 0.992479044046874, 1.4946566708900135], "Sigma": [[0.001999712502644844, -0.0008468055969664001, -0.0009351345772591479], [-0.0008468055969664001, 0.0025775696167569004, -0.0005382614898924475], [-0.0009351345772591479, -0.0005382614898924475, 0.0009411022167972292]], "chi2_level": 0.95, "chi2_df": 3, "chi2_threshold": 7.814727903251179, "N_raw": 9, "N_roi": 9, "N_inlier": 9, "refit": true}
{"timestamp": "15:32:46.292492", "frame": 32, "mu": [1.3133336835349736, 1.1378966057714157, 1.2914116217069092], "Sigma": [[0.001744437919590995, -0.0022374558659474424, -0.019236960077895125], [-0.0022374558659474424, 0.008904476674303463, 0.03812499541073776], [-0.019236960077895125, 0.038124995410737765, 0.2682613709500633]], "chi2_level": 0.95, "chi2_df": 3, "chi2_threshold": 7.814727903251179, "N_raw": 9, "N_roi": 9, "N_inlier": 7, "refit": true}
{"timestamp": "15:32:46.403889", "frame": 34, "mu": [1.1437429571541717, 1.3284330541177944, 1.6993098810241387], "Sigma": [[0.0037703826566225698, -0.00023204853238491515, 0.0001313308702112213], [-0.00023204853238491501, 0.0026329784595035283, -0.000645303881504499], [0.00013133087021122128, -0.0006453038815044989, 0.00016069372918746432]], "chi2_level": 0.95, "chi2_df": 3, "chi2_threshold": 7.814727903251179, "N_raw": 26, "N_roi": 26, "N_inlier": 26, "refit": true}
{"timestamp": "15:32:46.460295", "frame": 35, "mu": [1.044553228277877, 1.4150884095361658, 1.7244786265240715], "Sigma": [[0.0030359680760985103, -0.0005366294142753942, -0.0007097816207146175], [-0.0005366294142753942, 0.0037140678832928587, 0.0006799316050502012], [-0.0007097816207146175, 0.0006799316050502012, 0.0005487524771041937]], "chi2_level": 0.95, "chi2_df": 3, "chi2_threshold": 7.814727903251179, "N_raw": 30, "N_roi": 30, "N_inlier": 28, "refit": true}
{"timestamp": "15:32:46.516557", "frame": 36, "mu": [0.976873875550246, 1.4620514417240207, 1.2046928346114048], "Sigma": [[0.011406125746242182, -0.0032622089792565365, -0.07032585041055309], [-0.003262208979256537, 0.006696107233427959, 0.013028698801236298], [-0.07032585041055309, 0.013028698801236296, 0.45756419368647777]], "chi2_level": 0.95, "chi2_df": 3, "chi2_threshold": 7.814727903251179, "N_raw": 17, "N_roi": 17, "N_inlier": 16, "refit": true}
{"timestamp": "15:32:46.572945", "frame": 37, "mu": [0.8735830060969524, 1.4126923107674771, 1.4348550083510587], "Sigma": [[0.0020412958034931473, 0.00018052310833632877, 0.000249026711346268], [0.00018052310833632887, 0.0070188879410267154, 0.004433931328108071], [0.00024902671134626803, 0.004433931328108071, 0.0033737533657156914]], "chi2_level": 0.95, "chi2_df": 3, "chi2_threshold": 7.814727903251179, "N_raw": 27, "N_roi": 27, "N_inlier": 24, "refit": true}
{"timestamp": "15:32:46.631075", "frame": 38, "mu": [0.8421289405646912, 1.6096147981377003, 1.549888828427019], "Sigma": [[0.005360686766519092, -0.001499633637205396, -0.004099676177480721], [-0.0014996336372053965, 0.0062245162056398014, 0.006625125808339343], [-0.004099676177480721, 0.006625125808339343, 0.02484454708679968]], "chi2_level": 0.95, "chi2_df": 3, "chi2_threshold": 7.814727903251179, "N_raw": 51, "N_roi": 51, "N_inlier": 46, "refit": true}
{"timestamp": "15:32:46.682260", "frame": 39, "mu": [0.7763356067246199, 1.6381555052513097, 1.1313393919201236], "Sigma": [[0.0023671565236298353, -0.0003543289413227025, 0.008314221572528698], [-0.00035432894132270246, 0.003262736356242937, 0.0006427818279871482], [0.008314221572528698, 0.0006427818279871486, 0.22581081117855598]], "chi2_level": 0.95, "chi2_df": 3, "chi2_threshold": 7.814727903251179, "N_raw": 22, "N_roi": 22, "N_inlier": 19, "refit": true}
{"timestamp": "15:32:46.744574", "frame": 40, "mu": [0.7295978544425549, 1.6822718652413875, 1.3488512913473518], "Sigma": [[0.004793345433106857, -0.00038848014688604735, -0.002164712941558923], [-0.00038848014688604735, 0.01198491289106113, 0.02708203705335837], [-0.002164712941558923, 0.02708203705335837, 0.10340132515438588]], "chi2_level": 0.95, "chi2_df": 3, "chi2_threshold": 7.814727903251179, "N_raw": 73, "N_roi": 70, "N_inlier": 65, "refit": true}
{"timestamp": "15:32:46.798383", "frame": 41, "mu": [0.6471134563969291, 1.837841340486278, 1.4879658363926505], "Sigma": [[0.006383926598707104, 0.00022392264081460086, -0.002426627618638542], [0.00022392264081460092, 0.005766216408882003, -0.0027592234183030726], [-0.0024266276186385425, -0.0027592234183030726, 0.003908809215395283]], "chi2_level": 0.95, "chi2_df": 3, "chi2_threshold": 7.814727903251179, "N_raw": 63, "N_roi": 61, "N_inlier": 58, "refit": true}
{"timestamp": "15:32:46.852381", "frame": 42, "mu": [0.5433880336496466, 1.896344381563205, 1.5202748067338523], "Sigma": [[0.005103433277217142, 0.0003572323394482093, -0.0025520647939090897], [0.00035723233944820937, 0.006849808534734205, 0.0016844501682145095], [-0.0025520647939090897, 0.0016844501682145097, 0.0029115000411314255]], "chi2_level": 0.95, "chi2_df": 3, "chi2_threshold": 7.814727903251179, "N_raw": 55, "N_roi": 52, "N_inlier": 49, "refit": true}
{"timestamp": "15:32:46.908460", "frame": 43, "mu": [0.4287554956107223, 1.9841763897494284, 1.346839681506456], "Sigma": [[0.004833439859731211, -0.0006031886152799946, 0.0034554492666319745], [-0.0006031886152799945, 0.004106103296756262, 0.0006714448779783417], [0.0034554492666319745, 0.0006714448779783415, 0.24094713564851009]], "chi2_level": 0.95, "chi2_df": 3, "chi2_threshold": 7.814727903251179, "N_raw": 62, "N_roi": 62, "N_inlier": 61, "refit": true}
{"timestamp": "15:32:46.958932", "frame": 44, "mu": [0.328248679395182, 2.0911312913904925, 1.586434926915609], "Sigma": [[0.003350509312324137, 0.0006526065202432755, -0.00040719906646513463], [0.0006526065202432753, 0.003324903950495414, 0.008326321616815326], [-0.00040719906646513463, 0.008326321616815326, 0.13936500181747058]], "chi2_level": 0.95, "chi2_df": 3, "chi2_threshold": 7.814727903251179, "N_raw": 35, "N_roi": 34, "N_inlier": 30, "refit": true}
{"timestamp": "15:32:47.015467", "frame": 45, "mu": [0.26882535159455584, 2.163047336699279, 1.6188374333446292], "Sigma": [[0.003835878575081131, 0.0001677939107819832, -0.0006768929772105164], [0.00016779391078198326, 0.0031636033701206096, 0.000931685733861114], [-0.0006768929772105161, 0.0009316857338611143, 0.016642207087820805]], "chi2_level": 0.95, "chi2_df": 3, "chi2_threshold": 7.814727903251179, "N_raw": 38, "N_roi": 36, "N_inlier": 32, "refit": true}
{"timestamp": "15:32:47.070178", "frame": 46, "mu": [0.13097234780059827, 2.2061641364952775, -0.10662249224158085], "Sigma": [[0.0025483767377941645, -0.000840536933007469, 0.00848609946036994], [-0.0008405369330074692, 0.004343457312854754, -0.001092207600933915], [0.008486099460369939, -0.001092207600933915, 0.06861962189590197]], "chi2_level": 0.95, "chi2_df": 3, "chi2_threshold": 7.814727903251179, "N_raw": 36, "N_roi": 30, "N_inlier": 24, "refit": true}
{"timestamp": "15:32:47.123373", "frame": 47, "mu": [0.11703367442535659, 2.2296798678058263, 1.06790127393156], "Sigma": [[0.04150797113582898, -0.014021567836582687, -0.04198968222378195], [-0.014021567836582685, 0.009675733981846747, 0.004909996470444655], [-0.04198968222378195, 0.004909996470444656, 0.4925611990586082]], "chi2_level": 0.95, "chi2_df": 3, "chi2_threshold": 7.814727903251179, "N_raw": 27, "N_roi": 21, "N_inlier": 20, "refit": true}
{"timestamp": "15:32:47.175369", "frame": 48, "mu": [0.11148281380989046, 2.25756204019879, 0.8658593757554255], "Sigma": [[0.0513360031250555, -0.009330552067643116, -0.08965597154002417], [-0.009330552067643112, 0.008767803664977427, 0.0015402500052479366], [-0.08965597154002418, 0.0015402500052479366, 0.3020334417964853]], "chi2_level": 0.95, "chi2_df": 3, "chi2_threshold": 7.814727903251179, "N_raw": 13, "N_roi": 13, "N_inlier": 12, "refit": true}
{"timestamp": "15:32:47.241415", "frame": 49, "mu": [-0.1009922285329904, 2.411781022058862, 1.07768595779775], "Sigma": [[0.014964390046717367, 0.004205581575879225, 0.009152550967877485], [0.004205581575879225, 0.007748424586174781, 0.00965221781004156], [0.009152550967877487, 0.00965221781004156, 0.53713435093328]], "chi2_level": 0.95, "chi2_df": 3, "chi2_threshold": 7.814727903251179, "N_raw": 90, "N_roi": 90, "N_inlier": 89, "refit": true}
{"timestamp": "15:32:47.295284", "frame": 50, "mu": [-0.18539850459235077, 2.5135559538901835, 0.18040763525828613], "Sigma": [[0.011272664873154608, 0.005017111313018635, 0.0011991585788576806], [0.005017111313018636, 0.01051371057159751, -0.01313120069838377], [0.0011991585788576804, -0.01313120069838377, 0.09202130573137982]], "chi2_level": 0.95, "chi2_df": 3, "chi2_threshold": 7.814727903251179, "N_raw": 76, "N_roi": 76, "N_inlier": 71, "refit": true}
{"timestamp": "15:32:47.353926", "frame": 51, "mu": [-0.29191453554894053, 2.548324081516037, 1.234040289424396], "Sigma": [[0.015535179130180652, 0.0065768002401232085, -0.02648635598008861], [0.0065768002401232085, 0.0092640522746685, -0.028538966002890742], [-0.02648635598008861, -0.028538966002890742, 0.19029863671359556]], "chi2_level": 0.95, "chi2_df": 3, "chi2_threshold": 7.814727903251179, "N_raw": 98, "N_roi": 98, "N_inlier": 95, "refit": true}
{"timestamp": "15:32:47.403416", "frame": 52, "mu": [-0.3670512917341915, 2.5732881444269124, 0.8523752753694823], "Sigma": [[0.00971607278044882, 0.002338477327466276, 0.007431832001477231], [0.0023384773274662757, 0.0035008703907078442, 0.003061493391497397], [0.007431832001477231, 0.0030614933914973976, 0.36386325349736987]], "chi2_level": 0.95, "chi2_df": 3, "chi2_threshold": 7.814727903251179, "N_raw": 57, "N_roi": 54, "N_inlier": 53, "refit": true}
{"timestamp": "15:32:47.458781", "frame": 53, "mu": [-0.4469442627183119, 2.700350560206139, 1.3949788874102031], "Sigma": [[0.011064632787592944, -0.0005414667782224667, -0.03372564637710117], [-0.0005414667782224669, 0.015402295980604582, 0.038498805607379866], [-0.03372564637710117, 0.03849880560737986, 0.37119074345109426]], "chi2_level": 0.95, "chi2_df": 3, "chi2_threshold": 7.814727903251179, "N_raw": 59, "N_roi": 56, "N_inlier": 52, "refit": true}
{"timestamp": "15:32:47.514526", "frame": 54, "mu": [-0.4822816869595844, 2.751168034169837, 1.258927040178028], "Sigma": [[0.02337753085494161, -0.0051018235917159715, -0.06887554835375892], [-0.005101823591715972, 0.011850705950074689, 0.035810103771243836], [-0.06887554835375892, 0.035810103771243836, 0.29015857759606023]], "chi2_level": 0.95, "chi2_df": 3, "chi2_threshold": 7.814727903251179, "N_raw": 76, "N_roi": 71, "N_inlier": 70, "refit": true}
{"timestamp": "15:32:47.568839", "frame": 55, "mu": [-0.4963255767585844, 2.7929131767625353, 0.8808775120062823], "Sigma": [[0.015722660963114175, -0.011956553849304248, -0.043289839351828036], [-0.011956553849304248, 0.012959804033821657, 0.040006626381708085], [-0.043289839351828036, 0.040006626381708085, 0.1668969604158929]], "chi2_level": 0.95, "chi2_df": 3, "chi2_threshold": 7.814727903251179, "N_raw": 64, "N_roi": 59, "N_inlier": 57, "refit": true}
{"timestamp": "15:32:47.618953", "frame": 56, "mu": [-0.659922026953165, 3.0068097668819256, 1.4972059867119132], "Sigma": [[0.0063842162979737506, 0.003021241459887763, -0.0029496673738524932], [0.003021241459887763, 0.006350689187795481, -0.004467546126378561], [-0.0029496673738524932, -0.00446754612637856, 0.005330966751134143]], "chi2_level": 0.95, "chi2_df": 3, "chi2_threshold": 7.814727903251179, "N_raw": 38, "N_roi": 35, "N_inlier": 33, "refit": true}
{"timestamp": "15:32:47.675856", "frame": 57, "mu": [-0.7892319485536967, 3.0460670937523617, 1.417380786541349], "Sigma": [[0.011123492506701712, 0.005417027036149337, -0.0018466349761010257], [0.005417027036149337, 0.007385128443893849, -0.0025501522598078926], [-0.0018466349761010257, -0.002550152259807892, 0.0014990690607541608]], "chi2_level": 0.95, "chi2_df": 3, "chi2_threshold": 7.814727903251179, "N_raw": 49, "N_roi": 48, "N_inlier": 44, "refit": true}
{"timestamp": "15:32:47.735378", "frame": 58, "mu": [-0.9767560677514999, 3.0622471058315477, 0.820715578239147], "Sigma": [[0.012314590372568069, 0.0024757722155493637, 0.01054386476499775], [0.0024757722155493633, 0.015118778524489123, -0.06840026900882577], [0.010543864764997751, -0.06840026900882579, 0.5829136167327159]], "chi2_level": 0.95, "chi2_df": 3, "chi2_threshold": 7.814727903251179, "N_raw": 73, "N_roi": 70, "N_inlier": 69, "refit": true}
{"timestamp": "15:32:47.787649", "frame": 59, "mu": [-1.0551774189961058, 3.045308594253893, 0.09279636679837361], "Sigma": [[0.013526389794790518, 0.0026028577226939807, 0.030628115099839034], [0.0026028577226939807, 0.008730883677278293, 0.0080230811804635], [0.030628115099839034, 0.0080230811804635, 0.12606986140455742]], "chi2_level": 0.95, "chi2_df": 3, "chi2_threshold": 7.814727903251179, "N_raw": 52, "N_roi": 49, "N_inlier": 45, "refit": true}
{"timestamp": "15:32:47.840436", "frame": 60, "mu": [-1.0730243026518387, 3.1666958952357698, 1.4386399506984955], "Sigma": [[0.006814889884538726, 0.0030492213436657165, -0.006134786897465249], [0.003049221343665717, 0.007884481107719225, -0.016891855522084748], [-0.006134786897465249, -0.016891855522084744, 0.06343432742674066]], "chi2_level": 0.95, "chi2_df": 3, "chi2_threshold": 7.814727903251179, "N_raw": 39, "N_roi": 39, "N_inlier": 37, "refit": true}
{"timestamp": "15:32:47.893465", "frame": 61, "mu": [-0.9174557652626427, 3.3409205177917944, 0.6007203638003342], "Sigma": [[0.022882087976787133, -0.0031004315323405877, -0.03438145633268155], [-0.003100431532340588, 0.0020715814742787546, -0.0018017895248845276], [-0.03438145633268155, -0.0018017895248845265, 0.08661371971445675]], "chi2_level": 0.95, "chi2_df": 3, "chi2_threshold": 7.814727903251179, "N_raw": 31, "N_roi": 30, "N_inlier": 25, "refit": true}
{"timestamp": "15:32:47.948155", "frame": 62, "mu": [-1.0008382263708107, 3.413764827067131, 0.7855123773622041], "Sigma": [[0.026783605176460668, 0.0016326049548542499, -0.05040350467223972], [0.0016326049548542499, 0.004976427137928798, -0.004492024566767963], [-0.05040350467223972, -0.004492024566767964, 0.0981742512999207]], "chi2_level": 0.95, "chi2_df": 3, "chi2_threshold": 7.814727903251179, "N_raw": 36, "N_roi": 35, "N_inlier": 33, "refit": true}
{"timestamp": "15:32:48.001926", "frame": 63, "mu": [-1.0625260207603422, 3.48310343160601, 0.7358889612622831], "Sigma": [[0.015265098933919887, 0.00045893079727793505, -0.027501523128354546], [0.00045893079727793516, 0.0035067603238086893, -0.002247543553182138], [-0.027501523128354546, -0.0022475435531821384, 0.0560055484124751]], "chi2_level": 0.95, "chi2_df": 3, "chi2_threshold": 7.814727903251179, "N_raw": 20, "N_roi": 20, "N_inlier": 18, "refit": true}
{"timestamp": "15:32:48.056203", "frame": 64, "mu": [-1.3160314438150256, 3.6668606937330717, 0.12122695711114961], "Sigma": [[0.022438530902749925, 0.02020388910308614, -0.025263352186290198], [0.02020388910308614, 0.03850432542133986, -0.06405101682356339], [-0.025263352186290198, -0.06405101682356339, 0.1299426650574437]], "chi2_level": 0.95, "chi2_df": 3, "chi2_threshold": 7.814727903251179, "N_raw": 16, "N_roi": 13, "N_inlier": 12, "refit": true}
{"timestamp": "15:32:48.112058", "frame": 65, "mu": [-1.5301376775852509, 3.6516196799138156, 0.329012704034351], "Sigma": [[0.00653263326959881, 0.0031020712319163304, -0.00543681488370184], [0.0031020712319163304, 0.007218067859213388, -0.0043568824777051145], [-0.005436814883701839, -0.0043568824777051145, 0.007337146477781847]], "chi2_level": 0.95, "chi2_df": 3, "chi2_threshold": 7.814727903251179, "N_raw": 27, "N_roi": 27, "N_inlier": 24, "refit": true}
{"timestamp": "15:32:48.220518", "frame": 67, "mu": [-1.7356007151169248, 3.6946201024603105, 1.3561641304626328], "Sigma": [[0.0012772129694441187, 0.0010761456497268567, -0.012415201313748651], [0.0010761456497268567, 0.011440302030220431, -0.025588803221317576], [-0.012415201313748651, -0.025588803221317576, 0.3852677742168968]], "chi2_level": 0.95, "chi2_df": 3, "chi2_threshold": 7.814727903251179, "N_raw": 10, "N_roi": 9, "N_inlier": 8, "refit": true}
{"timestamp": "15:32:48.275631", "frame": 68, "mu": [-1.7394304242042469, 3.8353807005751306, 0.9157327982064709], "Sigma": [[0.005221288962903285, -0.0009223850056982898, -0.017699196149463844], [-0.0009223850056982896, 0.008707431503709754, -0.02438169262392266], [-0.017699196149463844, -0.024381692623922657, 0.2549303774915111]], "chi2_level": 0.95, "chi2_df": 3, "chi2_threshold": 7.814727903251179, "N_raw": 12, "N_roi": 10, "N_inlier": 10, "refit": true}
{"timestamp": "15:32:48.330534", "frame": 69, "mu": [-1.9022152433751423, 3.887586921672471, 1.0611547311110623], "Sigma": [[0.005862142347440295, -0.0027303123966333463, -0.009983026538846106], [-0.0027303123966333463, 0.023098653592140084, -0.05898091816751581], [-0.009983026538846106, -0.05898091816751581, 0.2321709490712984]], "chi2_level": 0.95, "chi2_df": 3, "chi2_threshold": 7.814727903251179, "N_raw": 17, "N_roi": 12, "N_inlier": 12, "refit": true}
{"timestamp": "15:32:48.384675", "frame": 70, "mu": [-1.9206883926168519, 3.882926688714922, 1.3173479415807678], "Sigma": [[0.011596899726353466, 0.00925180686386303, -0.052931804486450025], [0.009251806863863028, 0.010669686305172645, -0.041381304070079485], [-0.052931804486450025, -0.0413813040700795, 0.27050405588762855]], "chi2_level": 0.95, "chi2_df": 3, "chi2_threshold": 7.814727903251179, "N_raw": 7, "N_roi": 7, "N_inlier": 7, "refit": true}
{"timestamp": "15:32:48.438864", "frame": 71, "mu": [-2.0278177484478226, 3.528675582684842, 0.6446010370541291], "Sigma": [[0.005937566580717388, 0.05821849341772735, 0.08174630789539986], [0.05821849341772735, 0.7246271049710391, 1.144583848115912], [0.08174630789539986, 1.144583848115912, 1.9069642650334289]], "chi2_level": 0.95, "chi2_df": 3, "chi2_threshold": 7.814727903251179, "N_raw": 9, "N_roi": 7, "N_inlier": 7, "refit": true}
