{"timestamp": "15:44:46.240637", "frame": 52, "mu": [1.8295342991639256, 0.7362940337984312, 1.52534214966326], "Sigma": [[0.003791950543909071, -0.00019196622132240356, -0.0024106781579032372], [-0.0001919662213224036, 0.0015704848280782742, -0.0006805818538883329], [-0.002410678157903237, -0.000680581853888333, 0.0024339424165474763]], "chi2_level": 0.95, "chi2_df": 3, "chi2_threshold": 7.814727903251179, "N_raw": 8, "N_roi": 8, "N_inlier": 8, "refit": true}
{"timestamp": "15:44:46.625271", "frame": 59, "mu": [1.7859050441664974, 1.060613871337835, 0.8291107087198795], "Sigma": [[0.0038364812394120606, -0.0011863831960387636, -0.017120767864505643], [-0.0011863831960387636, 0.0015851726017104763, 0.004777711091786589], [-0.01712076786450565, 0.004777711091786591, 0.3241319216599645]], "chi2_level": 0.95, "chi2_df": 3, "chi2_threshold": 7.814727903251179, "N_raw": 7, "N_roi": 7, "N_inlier": 7, "refit": true}
{"timestamp": "15:44:46.680369", "frame": 60, "mu": [1.7794478647992649, 1.1348322648225058, 1.0895413502721372], "Sigma": [[0.002533417953532226, 0.001292020187997546, -0.0007787363226172917], [0.0012920201879975455, 0.006149231991947708, -0.03387826896606043], [-0.0007787363226172917, -0.03387826896606043, 0.31637817419419617]], "chi2_level": 0.95, "chi2_df": 3, "chi2_threshold": 7.814727903251179, "N_raw": 8, "N_roi": 8, "N_inlier": 8, "refit": true}
{"timestamp": "15:44:47.065245", "frame": 67, "mu": [1.8756409973135728, 1.264267656182048, 1.573837060197006], "Sigma": [[0.0022093937410998373, -0.0014579737927530748, -0.0022623139035653473], [-0.0014579737927530748, 0.002522363772594613, 0.00016705314695571286], [-0.002262313903565347, 0.0001670531469557128, 0.0038409670590549036]], "chi2_level": 0.95, "chi2_df": 3, "chi2_threshold": 7.814727903251179, "N_raw": 11, "N_roi": 11, "N_inlier": 10, "refit": true}
{"timestamp": "15:44:47.121190", "frame": 68, "mu": [1.8521002893882739, 1.3010591655399393, 1.6137448525120028], "Sigma": [[0.004123746995052824, -0.0021704539361501606, 0.0002782547451798392], [-0.00217045393615016, 0.0028593075435836756, -0.0002997647507859218], [0.0002782547451798392, -0.0002997647507859218, 9.319256826706842e-05]], "chi2_level": 0.95, "chi2_df": 3, "chi2_threshold": 7.814727903251179, "N_raw": 16, "N_roi": 14, "N_inlier": 12, "refit": true}
{"timestamp": "15:44:47.835458", "frame": 81, "mu": [1.661963924185268, 1.9208422161873775, 0.0779467056526935], "Sigma": [[0.002073546980131082, -0.00011858935930720627, -0.0021301452754404968], [-0.00011858935930720606, 0.0029504708378495087, -0.002090226740066562], [-0.0021301452754404963, -0.0020902267400665616, 0.006746044723348928]], "chi2_level": 0.95, "chi2_df": 3, "chi2_threshold": 7.814727903251179, "N_raw": 11, "N_roi": 11, "N_inlier": 9, "refit": true}
{"timestamp": "15:44:48.330274", "frame": 90, "mu": [1.7151467128294882, 2.159183727034807, 1.055595451163006], "Sigma": [[0.005614712251968731, 0.0002446272470995451, -0.03077170341666461], [0.0002446272470995451, 0.0011734589293861699, 0.0020621829050660907], [-0.030771703416664607, 0.0020621829050660903, 0.19500389857754977]], "chi2_level": 0.95, "chi2_df": 3, "chi2_threshold": 7.814727903251179, "N_raw": 7, "N_roi": 7, "N_inlier": 7, "refit": true}
{"timestamp": "15:44:48.660283", "frame": 96, "mu": [1.7250431530216277, 2.2703385447983697, 0.9901212277126833], "Sigma": [[0.022026881610070038, -0.019346104034333806, -0.0613375683991947], [-0.019346104034333806, 0.018849843367325633, 0.05248854789231254], [-0.061337568399194714, 0.05248854789231254, 0.18104839135325473]], "chi2_level": 0.95, "chi2_df": 3, "chi2_threshold": 7.814727903251179, "N_raw": 7, "N_roi": 7, "N_inlier": 7, "refit": true}
{"timestamp": "15:44:48.716042", "frame": 97, "mu": [1.79425893947761, 2.2874521634199163, 0.7679437132336302], "Sigma": [[0.0296837005721137, -0.028636039023450216, -0.06791178490001114], [-0.028636039023450216, 0.028642941184248864, 0.06445661352667391], [-0.06791178490001115, 0.06445661352667391, 0.16428695332983972]], "chi2_level": 0.95, "chi2_df": 3, "chi2_threshold": 7.814727903251179, "N_raw": 11, "N_roi": 11, "N_inlier": 10, "refit": true}
{"timestamp": "15:44:48.825016", "frame": 99, "mu": [1.6184004691551028, 2.6324077522288927, -0.20453075512956492], "Sigma": [[0.002960489537737974, 0.006332647113637165, -0.030491277603956285], [0.006332647113637165, 0.014654449988687715, -0.07631500481281975], [-0.030491277603956285, -0.07631500481281975, 0.5423674005466748]], "chi2_level": 0.95, "chi2_df": 3, "chi2_threshold": 7.814727903251179, "N_raw": 8, "N_roi": 7, "N_inlier": 7, "refit": true}
{"timestamp": "15:44:49.157193", "frame": 105, "mu": [1.4955969124770216, 2.7046177216402048, 1.5038177384247853], "Sigma": [[0.0057063468393081735, -0.0019307963252860856, -0.00014176998289791204], [-0.0019307963252860852, 0.0028419298651582896, 0.00012812940748011114], [-0.000141769982897912, 0.00012812940748011117, 0.0003849003502344003]], "chi2_level": 0.95, "chi2_df": 3, "chi2_threshold": 7.814727903251179, "N_raw": 23, "N_roi": 21, "N_inlier": 19, "refit": true}
{"timestamp": "15:44:49.432996", "frame": 110, "mu": [1.716363061139958, 2.696484665164728, 0.5512037342742337], "Sigma": [[0.00785286130163204, -0.00516188166109739, -0.0035977951223618515], [-0.00516188166109739, 0.005560600446809771, 0.002642397559133273], [-0.003597795122361852, 0.002642397559133273, 0.004398595611803244]], "chi2_level": 0.95, "chi2_df": 3, "chi2_threshold": 7.814727903251179, "N_raw": 22, "N_roi": 20, "N_inlier": 19, "refit": true}
{"timestamp": "15:44:49.489965", "frame": 111, "mu": [1.6972480445771427, 2.738348973013548, 0.46779656467209596], "Sigma": [[0.008004245325844088, -0.0026905210566402554, -0.00012871047615397967], [-0.002690521056640256, 0.002103390148528731, -0.0006999137786242656], [-0.00012871047615397967, -0.0006999137786242656, 0.0016896220751409063]], "chi2_level": 0.95, "chi2_df": 3, "chi2_threshold": 7.814727903251179, "N_raw": 25, "N_roi": 22, "N_inlier": 18, "refit": true}
{"timestamp": "15:44:49.651183", "frame": 114, "mu": [1.6435191446579251, 2.9803674680485233, 0.9108288523116251], "Sigma": [[0.009946089039716624, -0.0053196690015249876, -0.04273141988206708], [-0.0053196690015249876, 0.008183224547157437, 0.03892083463303863], [-0.04273141988206708, 0.03892083463303863, 0.24776494093190646]], "chi2_level": 0.95, "chi2_df": 3, "chi2_threshold": 7.814727903251179, "N_raw": 7, "N_roi": 7, "N_inlier": 7, "refit": true}
{"timestamp": "15:44:49.817047", "frame": 117, "mu": [1.4614847311763768, 2.9128674159498713, -0.37314713248035397], "Sigma": [[0.2540339124618057, 0.5175082415978841, -0.04543759227268534], [0.5175082415978841, 1.060204162840911, -0.08775053421454602], [-0.04543759227268534, -0.08775053421454604, 0.3092251197448374]], "chi2_level": 0.95, "chi2_df": 3, "chi2_threshold": 7.814727903251179, "N_raw": 7, "N_roi": 7, "N_inlier": 7, "refit": true}
{"timestamp": "15:44:49.926829", "frame": 119, "mu": [1.6001450155107677, 3.2154982330447908, 1.3571039888774612], "Sigma": [[0.0030887444348712775, 0.002212397433987888, -0.013744222462623055], [0.002212397433987888, 0.0036439871518604934, -0.011706545951261839], [-0.013744222462623055, -0.011706545951261839, 0.07485246402455771]], "chi2_level": 0.95, "chi2_df": 3, "chi2_threshold": 7.814727903251179, "N_raw": 11, "N_roi": 8, "N_inlier": 7, "refit": true}
{"timestamp": "15:44:50.092496", "frame": 122, "mu": [1.7013052989968471, 2.945142004028522, 0.8284512228981523], "Sigma": [[0.02879493616606705, -0.004854607639895785, -0.06602610547309956], [-0.004854607639895789, 0.6521179421600256, 0.8785572239075381], [-0.06602610547309956, 0.8785572239075381, 1.3154478431717502]], "chi2_level": 0.95, "chi2_df": 3, "chi2_threshold": 7.814727903251179, "N_raw": 8, "N_roi": 8, "N_inlier": 8, "refit": true}
{"timestamp": "15:44:50.148608", "frame": 123, "mu": [1.5573662223649116, 3.353596673820995, 1.5282361510917943], "Sigma": [[0.013253383372337961, -0.007111605993674648, -0.004827129154020454], [-0.007111605993674648, 0.00452118644821291, 0.002527142897056941], [-0.004827129154020454, 0.002527142897056941, 0.0031899986410952904]], "chi2_level": 0.95, "chi2_df": 3, "chi2_threshold": 7.814727903251179, "N_raw": 14, "N_roi": 14, "N_inlier": 13, "refit": true}
{"timestamp": "15:44:50.203644", "frame": 124, "mu": [1.546208639420981, 3.3938086208493914, 1.5090453411275992], "Sigma": [[0.011615364099087718, -0.004045111802661309, 2.307148110564093e-05], [-0.004045111802661308, 0.0032908563396411177, -0.0004612688179908657], [2.307148110564093e-05, -0.0004612688179908657, 0.0002469263924752167]], "chi2_level": 0.95, "chi2_df": 3, "chi2_threshold": 7.814727903251179, "N_raw": 23, "N_roi": 23, "N_inlier": 21, "refit": true}
{"timestamp": "15:44:50.258195", "frame": 125, "mu": [1.719447297514363, 3.3643417312232917, 0.822355010897096], "Sigma": [[0.03625413106267245, -0.019411356625449794, -0.06920820052033017], [-0.019411356625449794, 0.016080654288617328, 0.03369725570781207], [-0.06920820052033017, 0.03369725570781207, 0.4254779392834292]], "chi2_level": 0.95, "chi2_df": 3, "chi2_threshold": 7.814727903251179, "N_raw": 11, "N_roi": 11, "N_inlier": 11, "refit": true}
{"timestamp": "15:44:50.312345", "frame": 126, "mu": [1.6620845392377506, 3.484769778932479, 1.4539243294319475], "Sigma": [[0.004137506671522749, -0.00011575571831079498, -0.0035545764051601483], [-0.00011575571831079506, 0.001712102329080783, -9.990885722560163e-05], [-0.0035545764051601483, -9.990885722560153e-05, 0.03657471634963116]], "chi2_level": 0.95, "chi2_df": 3, "chi2_threshold": 7.814727903251179, "N_raw": 14, "N_roi": 13, "N_inlier": 12, "refit": true}
{"timestamp": "15:44:50.368830", "frame": 127, "mu": [1.622812190692759, 3.515853056251558, 1.4897092852195275], "Sigma": [[0.012124000297917747, -0.00294699934758502, -0.0002939533346106466], [-0.00294699934758502, 0.003016172325471689, 2.0385904911042016e-05], [-0.00029395333461064665, 2.038590491104199e-05, 0.00014778653250202727]], "chi2_level": 0.95, "chi2_df": 3, "chi2_threshold": 7.814727903251179, "N_raw": 20, "N_roi": 20, "N_inlier": 17, "refit": true}
{"timestamp": "15:44:50.477198", "frame": 129, "mu": [1.5290683999830845, 2.987856198494476, 0.4956912964866106], "Sigma": [[0.0067519508622267245, -0.032889680780466286, -0.05587200154393843], [-0.032889680780466286, 1.232506810251521, 1.6340190100940815], [-0.05587200154393843, 1.6340190100940815, 2.204398541697004]], "chi2_level": 0.95, "chi2_df": 3, "chi2_threshold": 7.814727903251179, "N_raw": 10, "N_roi": 7, "N_inlier": 7, "refit": true}
{"timestamp": "15:44:50.534980", "frame": 130, "mu": [1.5559343056241004, 3.663657875710332, 1.5175509128982054], "Sigma": [[0.012373390348621519, -0.004112384053953356, -0.004622786448619619], [-0.004112384053953355, 0.0034957329465748646, 0.0024490374738429114], [-0.004622786448619619, 0.002449037473842911, 0.003685124763240088]], "chi2_level": 0.95, "chi2_df": 3, "chi2_threshold": 7.814727903251179, "N_raw": 23, "N_roi": 23, "N_inlier": 20, "refit": true}
{"timestamp": "15:44:50.586642", "frame": 131, "mu": [1.726050625063777, 3.71681080375575, 1.1486704188208359], "Sigma": [[0.014595136467365497, 0.0022209354614427437, -0.015047365173430072], [0.0022209354614427437, 0.00910960452802599, -0.043205126775780395], [-0.015047365173430076, -0.043205126775780395, 0.213968983315019]], "chi2_level": 0.95, "chi2_df": 3, "chi2_threshold": 7.814727903251179, "N_raw": 7, "N_roi": 7, "N_inlier": 7, "refit": true}
{"timestamp": "15:44:50.753955", "frame": 134, "mu": [1.5297027209055805, 3.755175816434701, 1.5237188591954751], "Sigma": [[0.014984845077216794, -0.005643482128817006, -0.008011395540171544], [-0.005643482128817006, 0.0033951211695774234, 0.002908009352255422], [-0.008011395540171544, 0.002908009352255422, 0.007344350557158198]], "chi2_level": 0.95, "chi2_df": 3, "chi2_threshold": 7.814727903251179, "N_raw": 25, "N_roi": 23, "N_inlier": 21, "refit": true}
{"timestamp": "15:44:50.974845", "frame": 138, "mu": [1.6943523360202593, 3.8364967488669515, 0.8611477458403476], "Sigma": [[0.009824350595021463, -0.00599856818413691, -0.011122426084464728], [-0.00599856818413691, 0.004105113522374084, 0.010724762239920416], [-0.011122426084464728, 0.010724762239920416, 0.08007215039039328]], "chi2_level": 0.95, "chi2_df": 3, "chi2_threshold": 7.814727903251179, "N_raw": 30, "N_roi": 28, "N_inlier": 27, "refit": true}
{"timestamp": "15:44:51.466506", "frame": 147, "mu": [1.6303954769763418, 4.290036425142623, 1.2779506436289505], "Sigma": [[0.005607976945465616, 0.0028656420248478094, -0.0212170846760463], [0.0028656420248478094, 0.0018978609448608316, -0.0096275014131933], [-0.0212170846760463, -0.0096275014131933, 0.12491339410220692]], "chi2_level": 0.95, "chi2_df": 3, "chi2_threshold": 7.814727903251179, "N_raw": 7, "N_roi": 7, "N_inlier": 7, "refit": true}
{"timestamp": "15:44:51.579539", "frame": 149, "mu": [1.7683184045379843, 4.272513482955418, 1.0482128220361546], "Sigma": [[0.014039509879337476, -0.005489259678512354, -0.009824507930147936], [-0.005489259678512354, 0.004495629878791681, 0.003373102285848283], [-0.009824507930147938, 0.0033731022858482836, 0.008687396102251159]], "chi2_level": 0.95, "chi2_df": 3, "chi2_threshold": 7.814727903251179, "N_raw": 26, "N_roi": 25, "N_inlier": 24, "refit": true}
{"timestamp": "15:44:51.634104", "frame": 150, "mu": [1.6473673881650268, 4.38362048781053, 0.4459317313763605], "Sigma": [[0.009481688080083208, -0.0004930130302525375, -0.009774785585595538], [-0.0004930130302525375, 0.0018383815867501665, 0.0006444773188509919], [-0.009774785585595537, 0.0006444773188509919, 0.012273552435761349]], "chi2_level": 0.95, "chi2_df": 3, "chi2_threshold": 7.814727903251179, "N_raw": 19, "N_roi": 17, "N_inlier": 16, "refit": true}
{"timestamp": "15:44:51.689190", "frame": 151, "mu": [1.595788897348812, 4.356137872023225, 1.3216867112619002], "Sigma": [[0.009963528078755867, -0.0019977036864861075, -0.003446267858835635], [-0.0019977036864861075, 0.0023443905462905063, 0.0012091893552270984], [-0.003446267858835635, 0.0012091893552270984, 0.004413507909100801]], "chi2_level": 0.95, "chi2_df": 3, "chi2_threshold": 7.814727903251179, "N_raw": 15, "N_roi": 13, "N_inlier": 11, "refit": true}
{"timestamp": "15:44:51.796165", "frame": 153, "mu": [1.7408991619979193, 4.3866913367861295, 1.0026800114186711], "Sigma": [[0.011768650653313222, -0.0009624622454257562, -0.030581085640527264], [-0.0009624622454257562, 0.0004943603888390326, 0.003859031495510073], [-0.030581085640527264, 0.003859031495510073, 0.09754137040167501]], "chi2_level": 0.95, "chi2_df": 3, "chi2_threshold": 7.814727903251179, "N_raw": 7, "N_roi": 7, "N_inlier": 7, "refit": true}
{"timestamp": "15:44:51.853059", "frame": 154, "mu": [1.7828383010876447, 4.43627149430162, 0.733670677851777], "Sigma": [[0.011511929376436312, -0.0045466607291258085, -0.01748977009675786], [-0.0045466607291258085, 0.0032984275626379905, 0.005918761972434888], [-0.017489770096757864, 0.005918761972434888, 0.03675639316494254]], "chi2_level": 0.95, "chi2_df": 3, "chi2_threshold": 7.814727903251179, "N_raw": 18, "N_roi": 17, "N_inlier": 16, "refit": true}
{"timestamp": "15:44:51.963129", "frame": 156, "mu": [1.598142293979262, 4.574967241065301, 1.4212822362648654], "Sigma": [[0.012665848099474328, -0.0017717558879166016, -0.019292222843088895], [-0.0017717558879166014, 0.00226783079813001, 0.0008947158427887661], [-0.0192922228430889, 0.0008947158427887662, 0.05199283037048316]], "chi2_level": 0.95, "chi2_df": 3, "chi2_threshold": 7.814727903251179, "N_raw": 17, "N_roi": 13, "N_inlier": 12, "refit": true}
{"timestamp": "15:44:52.347188", "frame": 163, "mu": [1.5492152975201523, 4.8354311440917535, 0.6521977536757152], "Sigma": [[0.010327341425230865, -0.001393429321685596, -0.008406301239501049], [-0.0013934293216855958, 0.0013987814984332979, -7.288537810625309e-05], [-0.00840630123950105, -7.288537810625298e-05, 0.009826654742926407]], "chi2_level": 0.95, "chi2_df": 3, "chi2_threshold": 7.814727903251179, "N_raw": 11, "N_roi": 11, "N_inlier": 9, "refit": true}
