{"timestamp": "15:34:04.131054", "frame": 11, "mu": [2.4022428240112363, 4.945387428673116, 1.2925708714640196], "Sigma": [[0.004536249958659223, -0.0011577362858666074, -0.006120273880538913], [-0.0011577362858666074, 0.0016674321809094894, -0.0007389503203076853], [-0.006120273880538913, -0.0007389503203076853, 0.015461455580684453]], "chi2_level": 0.95, "chi2_df": 3, "chi2_threshold": 7.814727903251179, "N_raw": 39, "N_roi": 11, "N_inlier": 10, "refit": true}
{"timestamp": "15:34:04.402824", "frame": 16, "mu": [2.431930853824137, 4.821452201983559, 1.1451231311982895], "Sigma": [[0.0018957479207740028, -0.0008937213747840183, -0.0021190604791608216], [-0.0008937213747840183, 0.0020473152664111298, -0.003416741078632024], [-0.002119060479160822, -0.0034167410786320237, 0.018887991408461972]], "chi2_level": 0.95, "chi2_df": 3, "chi2_threshold": 7.814727903251179, "N_raw": 20, "N_roi": 9, "N_inlier": 8, "refit": true}
{"timestamp": "15:34:04.625122", "frame": 20, "mu": [2.3453504726805536, 4.60595367921581, 0.8217704649007124], "Sigma": [[0.010622608393174715, -0.006518441639979791, -0.0065487148104224815], [-0.006518441639979791, 0.0043153812060247616, 0.004991948367114356], [-0.006548714810422481, 0.004991948367114357, 0.05320597483114406]], "chi2_level": 0.95, "chi2_df": 3, "chi2_threshold": 7.814727903251179, "N_raw": 35, "N_roi": 19, "N_inlier": 18, "refit": true}
{"timestamp": "15:34:04.790081", "frame": 23, "mu": [2.316556232467806, 4.396770779213265, 0.8466255094196211], "Sigma": [[0.017552804073642164, -0.009361649332919365, -0.01115673195572836], [-0.009361649332919365, 0.006766814302498919, 0.0035985991521264313], [-0.01115673195572836, 0.0035985991521264313, 0.014244181952437467]], "chi2_level": 0.95, "chi2_df": 3, "chi2_threshold": 7.814727903251179, "N_raw": 31, "N_roi": 24, "N_inlier": 24, "refit": true}
{"timestamp": "15:34:04.898868", "frame": 25, "mu": [2.2494179433937305, 4.253803534318664, 0.49397092594603953], "Sigma": [[0.008150593272283756, -0.0028666460463965568, -9.918985867739217e-05], [-0.0028666460463965568, 0.0016640601342783857, -0.000276721920612796], [-9.918985867739217e-05, -0.000276721920612796, 0.05470266155625132]], "chi2_level": 0.95, "chi2_df": 3, "chi2_threshold": 7.814727903251179, "N_raw": 15, "N_roi": 15, "N_inlier": 13, "refit": true}
{"timestamp": "15:34:04.954130", "frame": 26, "mu": [2.1835389518772734, 4.283855544996823, 0.5514363879563703], "Sigma": [[0.015849396358420528, -0.010869056986257208, 0.0006907387743905185], [-0.010869056986257208, 0.00789005056106307, -0.0024240635204986994], [0.0006907387743905181, -0.0024240635204986994, 0.029294803671965085]], "chi2_level": 0.95, "chi2_df": 3, "chi2_threshold": 7.814727903251179, "N_raw": 14, "N_roi": 14, "N_inlier": 12, "refit": true}
{"timestamp": "15:34:05.013115", "frame": 27, "mu": [2.1884940168496385, 4.216635046250259, 0.6374812127304725], "Sigma": [[0.02226239281030385, -0.01595290443868541, -0.0022507660135195826], [-0.01595290443868541, 0.01287636084886957, -0.00193280340853465], [-0.002250766013519583, -0.00193280340853465, 0.02634983482125209]], "chi2_level": 0.95, "chi2_df": 3, "chi2_threshold": 7.814727903251179, "N_raw": 42, "N_roi": 40, "N_inlier": 39, "refit": true}
{"timestamp": "15:34:05.066222", "frame": 28, "mu": [2.1857038839665552, 4.025255218711939, 0.4596952195889967], "Sigma": [[0.026094533541500743, -0.019209360062621743, -0.01642105083000263], [-0.019209360062621743, 0.017830597151380065, 0.014381404225684628], [-0.01642105083000263, 0.014381404225684626, 0.012797522352598513]], "chi2_level": 0.95, "chi2_df": 3, "chi2_threshold": 7.814727903251179, "N_raw": 29, "N_roi": 27, "N_inlier": 25, "refit": true}
{"timestamp": "15:34:05.118277", "frame": 29, "mu": [2.069798883536986, 4.099998270018549, 0.7839153813744326], "Sigma": [[0.0062191261794743045, -0.00323572400130218, -0.0041947228864883885], [-0.0032357240013021794, 0.0022677006151128045, 0.0004640851126306892], [-0.0041947228864883885, 0.00046408511263068954, 0.015003674735270924]], "chi2_level": 0.95, "chi2_df": 3, "chi2_threshold": 7.814727903251179, "N_raw": 8, "N_roi": 8, "N_inlier": 8, "refit": true}
{"timestamp": "15:34:05.175507", "frame": 30, "mu": [2.0556654000834373, 3.963055306582947, 0.5811976394699908], "Sigma": [[0.017438418160562172, -0.0077047253270306005, -0.013846166444687105], [-0.0077047253270306005, 0.006128887620454579, 0.0029356217346047245], [-0.013846166444687105, 0.0029356217346047245, 0.03466161398402212]], "chi2_level": 0.95, "chi2_df": 3, "chi2_threshold": 7.814727903251179, "N_raw": 24, "N_roi": 24, "N_inlier": 22, "refit": true}
{"timestamp": "15:34:05.234723", "frame": 31, "mu": [1.921068821510419, 3.8671124286675003, 0.5928236286780362], "Sigma": [[0.02895242060856538, -0.01492063391125013, -0.024545180747470977], [-0.01492063391125013, 0.009755324631886055, 0.012598852096967563], [-0.024545180747470974, 0.012598852096967561, 0.07919160354468768]], "chi2_level": 0.95, "chi2_df": 3, "chi2_threshold": 7.814727903251179, "N_raw": 57, "N_roi": 57, "N_inlier": 56, "refit": true}
{"timestamp": "15:34:05.284940", "frame": 32, "mu": [1.9245066267863984, 3.757731215328187, 0.418573261020614], "Sigma": [[0.009878987325393185, -0.004886834924759914, -0.0016939330424270594], [-0.004886834924759914, 0.0037872843658206365, 0.0007542144562855029], [-0.0016939330424270596, 0.0007542144562855027, 0.0034325825966356398]], "chi2_level": 0.95, "chi2_df": 3, "chi2_threshold": 7.814727903251179, "N_raw": 18, "N_roi": 18, "N_inlier": 15, "refit": true}
{"timestamp": "15:34:05.346195", "frame": 33, "mu": [1.8864184851873338, 3.6815247963509017, 0.47281222737563167], "Sigma": [[0.029007801482681367, -0.02106619065187532, -0.015508829515786533], [-0.02106619065187532, 0.02053356669448453, 0.01001921874639369], [-0.015508829515786533, 0.010019218746393692, 0.03213161174226849]], "chi2_level": 0.95, "chi2_df": 3, "chi2_threshold": 7.814727903251179, "N_raw": 64, "N_roi": 64, "N_inlier": 62, "refit": true}
{"timestamp": "15:34:05.399891", "frame": 34, "mu": [1.8249765509997455, 3.6078738547420968, 0.6577083547292083], "Sigma": [[0.028998124868354326, -0.015818435795359888, -0.02413675796700867], [-0.015818435795359888, 0.0097924992005626, 0.010148017328664159], [-0.024136757967008662, 0.010148017328664159, 0.03805377971034653]], "chi2_level": 0.95, "chi2_df": 3, "chi2_threshold": 7.814727903251179, "N_raw": 49, "N_roi": 49, "N_inlier": 47, "refit": true}
{"timestamp": "15:34:05.455613", "frame": 35, "mu": [1.8152721362442077, 3.5824097743600913, 0.5791949959502598], "Sigma": [[0.020851776663461878, -0.015666770536476103, -0.007400736190494616], [-0.015666770536476103, 0.01562087745016473, 0.00202816209503502], [-0.007400736190494616, 0.00202816209503502, 0.007885748748583015]], "chi2_level": 0.95, "chi2_df": 3, "chi2_threshold": 7.814727903251179, "N_raw": 49, "N_roi": 49, "N_inlier": 47, "refit": true}
{"timestamp": "15:34:05.510253", "frame": 36, "mu": [1.675444170111049, 3.577878259494507, 0.6102813890552985], "Sigma": [[0.02308494547354408, -0.018124711006369705, -0.0073330515278548745], [-0.018124711006369705, 0.017550857010512948, 0.0022659509558278948], [-0.007333051527854874, 0.0022659509558278956, 0.008657938845739817]], "chi2_level": 0.95, "chi2_df": 3, "chi2_threshold": 7.814727903251179, "N_raw": 51, "N_roi": 51, "N_inlier": 50, "refit": true}
{"timestamp": "15:34:05.564144", "frame": 37, "mu": [1.7416216592607805, 3.3415865250578616, 0.5345832722025405], "Sigma": [[0.02380543059251728, -0.01735585250129728, -0.014576540373476261], [-0.01735585250129728, 0.01485265502160234, 0.009408273226180344], [-0.01457654037347626, 0.009408273226180342, 0.017410590519368184]], "chi2_level": 0.95, "chi2_df": 3, "chi2_threshold": 7.814727903251179, "N_raw": 44, "N_roi": 44, "N_inlier": 40, "refit": true}
{"timestamp": "15:34:05.620310", "frame": 38, "mu": [1.6446425820263484, 3.2833545591805158, 0.5611744140217453], "Sigma": [[0.02606246022037408, -0.02077295151007018, -0.02715814768859187], [-0.020772951510070182, 0.019554865202105105, 0.019869856553608085], [-0.027158147688591868, 0.019869856553608085, 0.047719709702988916]], "chi2_level": 0.95, "chi2_df": 3, "chi2_threshold": 7.814727903251179, "N_raw": 56, "N_roi": 54, "N_inlier": 52, "refit": true}
{"timestamp": "15:34:05.676265", "frame": 39, "mu": [1.5635889371842846, 3.3018439125371466, 0.672751509190466], "Sigma": [[0.0313098561813979, -0.02761909340246848, -0.009566233312089995], [-0.02761909340246848, 0.02937458279933462, 0.002169436530688873], [-0.009566233312089993, 0.0021694365306888725, 0.01759150400622679]], "chi2_level": 0.95, "chi2_df": 3, "chi2_threshold": 7.814727903251179, "N_raw": 58, "N_roi": 58, "N_inlier": 54, "refit": true}
{"timestamp": "15:34:05.730437", "frame": 40, "mu": [1.4589363370152322, 3.2664517316631825, 0.5643106559345551], "Sigma": [[0.028268920975868278, -0.022494181319700608, 0.009795655834185932], [-0.022494181319700608, 0.024129011019333402, -0.007376649551355408], [0.009795655834185934, -0.007376649551355408, 0.028216081829522604]], "chi2_level": 0.95, "chi2_df": 3, "chi2_threshold": 7.814727903251179, "N_raw": 53, "N_roi": 52, "N_inlier": 50, "refit": true}
{"timestamp": "15:34:05.789268", "frame": 41, "mu": [1.2410215504368538, 3.356944453656559, -0.7706231250970484], "Sigma": [[0.035888595132667525, -0.005545130787286698, 0.14004426320443886], [-0.005545130787286697, 0.023666075680500928, -0.017391065539376423], [0.14004426320443886, -0.017391065539376423, 0.7292761415994903]], "chi2_level": 0.95, "chi2_df": 3, "chi2_threshold": 7.814727903251179, "N_raw": 79, "N_roi": 76, "N_inlier": 75, "refit": true}
{"timestamp": "15:34:05.845444", "frame": 42, "mu": [1.1834781921685027, 3.1350790697651862, 0.48274918699681857], "Sigma": [[0.02570404987776751, -0.0050892600015352155, 0.022826422836428613], [-0.005089260001535216, 0.0026851526974748445, -0.005248384111903753], [0.02282642283642861, -0.005248384111903753, 0.07646508799171799]], "chi2_level": 0.95, "chi2_df": 3, "chi2_threshold": 7.814727903251179, "N_raw": 89, "N_roi": 87, "N_inlier": 84, "refit": true}
{"timestamp": "15:34:05.898939", "frame": 43, "mu": [1.141835010499938, 3.076294610134092, 0.5319554772135985], "Sigma": [[0.026412200364200614, -0.01400508389418132, 0.0076975998629439], [-0.01400508389418132, 0.011469739159820866, -0.006844775560291752], [0.0076975998629439, -0.006844775560291751, 0.00902603896336224]], "chi2_level": 0.95, "chi2_df": 3, "chi2_threshold": 7.814727903251179, "N_raw": 71, "N_roi": 71, "N_inlier": 68, "refit": true}
{"timestamp": "15:34:05.955422", "frame": 44, "mu": [0.99031904612368, 3.1495416495896924, 0.6494174666640649], "Sigma": [[0.015655221504806686, -0.008509361676793916, -0.001475896110942745], [-0.008509361676793916, 0.00845387089438121, -0.0066904909053048835], [-0.0014758961109427459, -0.006690490905304883, 0.041888617768884376]], "chi2_level": 0.95, "chi2_df": 3, "chi2_threshold": 7.814727903251179, "N_raw": 82, "N_roi": 82, "N_inlier": 76, "refit": true}
{"timestamp": "15:34:06.009876", "frame": 45, "mu": [0.969577679789373, 3.0562548946978723, 0.6654687172019758], "Sigma": [[0.026555157872169943, -0.016488738697911173, 0.0061577376422605], [-0.016488738697911173, 0.013154978213222994, -0.009538666736227993], [0.0061577376422605, -0.009538666736227993, 0.03190346923934354]], "chi2_level": 0.95, "chi2_df": 3, "chi2_threshold": 7.814727903251179, "N_raw": 79, "N_roi": 79, "N_inlier": 74, "refit": true}
{"timestamp": "15:34:06.062937", "frame": 46, "mu": [0.975894257106131, 2.8995850240733185, 0.6283031292028856], "Sigma": [[0.01948196849569315, -0.007202068954927166, -0.01292725293671882], [-0.007202068954927166, 0.004034080692398066, 0.007518074196652387], [-0.01292725293671882, 0.007518074196652386, 0.0552186897719794]], "chi2_level": 0.95, "chi2_df": 3, "chi2_threshold": 7.814727903251179, "N_raw": 67, "N_roi": 67, "N_inlier": 61, "refit": true}
{"timestamp": "15:34:06.121267", "frame": 47, "mu": [0.7790704913368107, 2.969184164107917, 0.6826360315969947], "Sigma": [[0.020635755263964623, -0.011583543626566242, -0.0020329852786513778], [-0.011583543626566242, 0.02036075960958315, 0.004096504446527172], [-0.0020329852786513778, 0.004096504446527172, 0.023289478606741975]], "chi2_level": 0.95, "chi2_df": 3, "chi2_threshold": 7.814727903251179, "N_raw": 95, "N_roi": 94, "N_inlier": 90, "refit": true}
{"timestamp": "15:34:06.178348", "frame": 48, "mu": [0.6778157994938022, 2.8673293201077596, 0.8419111918589284], "Sigma": [[0.015533963322420947, -0.003330959537011503, -0.021368950996091166], [-0.0033309595370115035, 0.008814417142307707, 0.012614354206194616], [-0.021368950996091166, 0.012614354206194616, 0.11061865543203142]], "chi2_level": 0.95, "chi2_df": 3, "chi2_threshold": 7.814727903251179, "N_raw": 76, "N_roi": 73, "N_inlier": 72, "refit": true}
{"timestamp": "15:34:06.230496", "frame": 49, "mu": [0.6642833888644213, 2.8575044250890937, 0.7142338157863658], "Sigma": [[0.017195796007186556, -0.01162970540062853, -0.0053873775425826494], [-0.01162970540062853, 0.013666281435320188, 0.0030157570943797284], [-0.0053873775425826494, 0.0030157570943797275, 0.013054997056456732]], "chi2_level": 0.95, "chi2_df": 3, "chi2_threshold": 7.814727903251179, "N_raw": 79, "N_roi": 70, "N_inlier": 65, "refit": true}
{"timestamp": "15:34:06.284614", "frame": 50, "mu": [0.665719970137717, 2.73324515203032, 0.6621606242148604], "Sigma": [[0.029422279260772857, -0.01816358407668018, 0.006080870504469578], [-0.01816358407668018, 0.0158596917683075, -0.0017711516512446408], [0.006080870504469578, -0.0017711516512446401, 0.021217476793418854]], "chi2_level": 0.95, "chi2_df": 3, "chi2_threshold": 7.814727903251179, "N_raw": 80, "N_roi": 78, "N_inlier": 75, "refit": true}
{"timestamp": "15:34:06.339599", "frame": 51, "mu": [0.5205863954983686, 2.7077534574720397, 0.6434828287662145], "Sigma": [[0.023019041411304952, -0.016820195770280145, -0.005387652861701904], [-0.016820195770280145, 0.016487723647951223, 0.0023918869186738715], [-0.005387652861701903, 0.0023918869186738715, 0.005461074045201453]], "chi2_level": 0.95, "chi2_df": 3, "chi2_threshold": 7.814727903251179, "N_raw": 80, "N_roi": 76, "N_inlier": 70, "refit": true}
{"timestamp": "15:34:06.397948", "frame": 52, "mu": [0.4075877528799371, 2.6865925334399767, 0.923196664316685], "Sigma": [[0.021044317404751402, -0.01361259096871148, -0.002164215122721517], [-0.01361259096871148, 0.014416224847139676, -0.011565898518852431], [-0.0021642151227215167, -0.011565898518852431, 0.062233299623454696]], "chi2_level": 0.95, "chi2_df": 3, "chi2_threshold": 7.814727903251179, "N_raw": 104, "N_roi": 104, "N_inlier": 102, "refit": true}
{"timestamp": "15:34:06.450602", "frame": 53, "mu": [0.3943952970581272, 2.5629600992016983, 0.9282252744180378], "Sigma": [[0.015630659183896424, -0.010790187017666597, -0.005521535131592759], [-0.010790187017666595, 0.011767625170330377, -0.005556689928815317], [-0.005521535131592759, -0.005556689928815316, 0.029540190942004385]], "chi2_level": 0.95, "chi2_df": 3, "chi2_threshold": 7.814727903251179, "N_raw": 81, "N_roi": 75, "N_inlier": 73, "refit": true}
{"timestamp": "15:34:06.507000", "frame": 54, "mu": [0.2637756067579807, 2.5686798365112784, 1.034540095234176], "Sigma": [[0.01116546591174022, -0.005621815857020476, -0.004371333734307757], [-0.005621815857020474, 0.008041357094829312, -0.0056067803115849605], [-0.004371333734307757, -0.0056067803115849605, 0.02093416537014888]], "chi2_level": 0.95, "chi2_df": 3, "chi2_threshold": 7.814727903251179, "N_raw": 92, "N_roi": 89, "N_inlier": 84, "refit": true}
{"timestamp": "15:34:06.564756", "frame": 55, "mu": [0.22874076452755207, 2.4601453719647868, 0.9710759293800943], "Sigma": [[0.012522347031822789, -0.007056618381595036, 0.0013290254855745558], [-0.007056618381595035, 0.0064728881207655005, -0.009419496246591648], [0.0013290254855745553, -0.00941949624659165, 0.07128962936804446]], "chi2_level": 0.95, "chi2_df": 3, "chi2_threshold": 7.814727903251179, "N_raw": 115, "N_roi": 110, "N_inlier": 108, "refit": true}
{"timestamp": "15:34:06.616629", "frame": 56, "mu": [0.1300267733347482, 2.3719348953364374, 1.2882541309304627], "Sigma": [[0.013856492340962869, -0.0026547759658016863, -0.015085057365597444], [-0.0026547759658016863, 0.004353819851865094, -0.0033218213763142714], [-0.015085057365597444, -0.003321821376314271, 0.03355459549780628]], "chi2_level": 0.95, "chi2_df": 3, "chi2_threshold": 7.814727903251179, "N_raw": 96, "N_roi": 95, "N_inlier": 89, "refit": true}
{"timestamp": "15:34:06.668497", "frame": 57, "mu": [0.0799512532707822, 2.3105669040671337, 1.2670470578698763], "Sigma": [[0.014647105574422949, -0.0004049152720809324, -0.02524359571366558], [-0.0004049152720809322, 0.002979068938262199, -0.005139115334572831], [-0.025243595713665575, -0.005139115334572831, 0.06552619856096065]], "chi2_level": 0.95, "chi2_df": 3, "chi2_threshold": 7.814727903251179, "N_raw": 74, "N_roi": 74, "N_inlier": 69, "refit": true}
{"timestamp": "15:34:06.736906", "frame": 58, "mu": [-0.005400875329054415, 2.2762645357524436, 1.042324284214724], "Sigma": [[0.013704923380000135, -0.003500521782279297, 0.005142517215641622], [-0.003500521782279297, 0.006961277270657161, -0.018930107457758312], [0.005142517215641622, -0.018930107457758312, 0.1132505149670896]], "chi2_level": 0.95, "chi2_df": 3, "chi2_threshold": 7.814727903251179, "N_raw": 150, "N_roi": 148, "N_inlier": 144, "refit": true}
{"timestamp": "15:34:06.783163", "frame": 59, "mu": [-0.12076431144278328, 2.2051410829290763, 1.1001597065414073], "Sigma": [[0.009862500578136495, -0.00018663658908388509, -0.0015768165482598277], [-0.00018663658908388509, 0.0020648926628651174, -0.007215289707623168], [-0.0015768165482598275, -0.007215289707623168, 0.145468869290322]], "chi2_level": 0.95, "chi2_df": 3, "chi2_threshold": 7.814727903251179, "N_raw": 96, "N_roi": 95, "N_inlier": 90, "refit": true}
{"timestamp": "15:34:06.831520", "frame": 60, "mu": [-0.09768259932956475, 2.1634551760666336, 1.0024102728567859], "Sigma": [[0.009362751034668597, -0.003437006132910989, -0.013233303059977218], [-0.003437006132910988, 0.005580064479226457, 0.000918941526400683], [-0.013233303059977218, 0.0009189415264006828, 0.029038068256363455]], "chi2_level": 0.95, "chi2_df": 3, "chi2_threshold": 7.814727903251179, "N_raw": 50, "N_roi": 46, "N_inlier": 40, "refit": true}
{"timestamp": "15:34:06.888506", "frame": 61, "mu": [-0.18757265026451456, 2.0809531969876445, 0.9948336055271493], "Sigma": [[0.01100869033766381, -0.0018154425500544183, -0.00820471993356716], [-0.0018154425500544183, 0.0017273122483914573, -0.005295483419768478], [-0.00820471993356716, -0.005295483419768479, 0.05340538642273099]], "chi2_level": 0.95, "chi2_df": 3, "chi2_threshold": 7.814727903251179, "N_raw": 71, "N_roi": 64, "N_inlier": 58, "refit": true}
{"timestamp": "15:34:06.943386", "frame": 62, "mu": [-0.3249285354926566, 1.9904584458799142, 0.9534044407340443], "Sigma": [[0.00809314376906904, 0.0030196161260504476, 0.00822673877892959], [0.003019616126050448, 0.00625128887958284, 0.011326785936339772], [0.00822673877892959, 0.011326785936339772, 0.18108180442704525]], "chi2_level": 0.95, "chi2_df": 3, "chi2_threshold": 7.814727903251179, "N_raw": 60, "N_roi": 58, "N_inlier": 54, "refit": true}
{"timestamp": "15:34:07.002498", "frame": 63, "mu": [-0.38259798384068916, 1.9285875760950608, 1.030361910230236], "Sigma": [[0.007195541188576181, -0.0006542917784407683, 0.0003405623386380182], [-0.0006542917784407683, 0.0018391858047048422, -0.008869863208713987], [0.0003405623386380182, -0.008869863208713986, 0.1219059357423895]], "chi2_level": 0.95, "chi2_df": 3, "chi2_threshold": 7.814727903251179, "N_raw": 82, "N_roi": 80, "N_inlier": 74, "refit": true}
{"timestamp": "15:34:07.056926", "frame": 64, "mu": [-0.4491454315728159, 1.8644088581876967, 1.2705645202309477], "Sigma": [[0.008845180041572866, 0.002033149257187258, -0.01075497872404122], [0.0020331492571872586, 0.002815692945342765, -0.006945621914443957], [-0.01075497872404122, -0.006945621914443957, 0.033838455479674207]], "chi2_level": 0.95, "chi2_df": 3, "chi2_threshold": 7.814727903251179, "N_raw": 87, "N_roi": 87, "N_inlier": 82, "refit": true}
{"timestamp": "15:34:07.102971", "frame": 65, "mu": [-0.3884663707492185, 1.7557447745124661, 0.626279618876381], "Sigma": [[0.012082476612344087, -0.007028389561327202, -0.05765622808414514], [-0.007028389561327202, 0.00824419570611667, 0.04125406379572914], [-0.05765622808414514, 0.04125406379572914, 0.37369330676318613]], "chi2_level": 0.95, "chi2_df": 3, "chi2_threshold": 7.814727903251179, "N_raw": 26, "N_roi": 25, "N_inlier": 23, "refit": true}
{"timestamp": "15:34:07.164062", "frame": 66, "mu": [-0.6066811876879051, 1.8055806106035694, -0.43460943625820747], "Sigma": [[0.008647457151076053, 0.0028529554306221828, 0.02217455761617383], [0.0028529554306221828, 0.010939259675285353, 0.004133753679783884], [0.02217455761617383, 0.004133753679783884, 0.09437691811092244]], "chi2_level": 0.95, "chi2_df": 3, "chi2_threshold": 7.814727903251179, "N_raw": 78, "N_roi": 78, "N_inlier": 72, "refit": true}
{"timestamp": "15:34:07.224087", "frame": 67, "mu": [-0.6634523430568607, 1.6906941849234354, 1.1873715477720612], "Sigma": [[0.01023402035912615, 0.0007468308386792135, -0.02583819642804693], [0.0007468308386792135, 0.002567363204281819, -0.004546196788673768], [-0.025838196428046925, -0.004546196788673769, 0.10844361656721072]], "chi2_level": 0.95, "chi2_df": 3, "chi2_threshold": 7.814727903251179, "N_raw": 105, "N_roi": 105, "N_inlier": 91, "refit": true}
{"timestamp": "15:34:07.275032", "frame": 68, "mu": [-0.7134571198728181, 1.6240350323275274, 1.3579549990550193], "Sigma": [[0.006344040469521622, -0.0004553658159140193, -0.0034132763036377784], [-0.0004553658159140194, 0.004045769002295785, -0.004850429545603455], [-0.0034132763036377784, -0.004850429545603455, 0.013798760056902245]], "chi2_level": 0.95, "chi2_df": 3, "chi2_threshold": 7.814727903251179, "N_raw": 81, "N_roi": 81, "N_inlier": 72, "refit": true}
{"timestamp": "15:34:07.324195", "frame": 69, "mu": [-0.772895627153986, 1.6180200105630864, 1.273055048136654], "Sigma": [[0.004280090604859334, 0.0005951513821384211, -0.004070948029586515], [0.0005951513821384212, 0.0018092707205179458, -0.002883031954392981], [-0.004070948029586515, -0.002883031954392981, 0.010604832884657035]], "chi2_level": 0.95, "chi2_df": 3, "chi2_threshold": 7.814727903251179, "N_raw": 38, "N_roi": 38, "N_inlier": 32, "refit": true}
{"timestamp": "15:34:07.383096", "frame": 70, "mu": [-0.8011325824613265, 1.5122553841284885, 1.2278071947175886], "Sigma": [[0.0060621444309564435, -0.0012668228406565619, -0.00344087637366063], [-0.001266822840656562, 0.0024027918611547938, 0.0008132069955706373], [-0.0034408763736606296, 0.0008132069955706373, 0.02491175475286822]], "chi2_level": 0.95, "chi2_df": 3, "chi2_threshold": 7.814727903251179, "N_raw": 70, "N_roi": 70, "N_inlier": 59, "refit": true}
{"timestamp": "15:34:07.439682", "frame": 71, "mu": [-0.9386815309493283, 1.402801543275952, 1.3666281631620767], "Sigma": [[0.013430801582055877, 0.005419907072895637, -0.01320617160138182], [0.005419907072895637, 0.006306965299783131, -0.00984292171978575], [-0.01320617160138182, -0.00984292171978575, 0.020142863466490663]], "chi2_level": 0.95, "chi2_df": 3, "chi2_threshold": 7.814727903251179, "N_raw": 71, "N_roi": 71, "N_inlier": 59, "refit": true}
{"timestamp": "15:34:07.490897", "frame": 72, "mu": [-1.2344554648942738, 1.1919691356120623, 1.5827789986718985], "Sigma": [[0.057301604491396915, 0.039226605974533535, -0.04877126834310317], [0.039226605974533535, 0.030630289132947075, -0.03852903921338678], [-0.04877126834310317, -0.03852903921338678, 0.052843347760877624]], "chi2_level": 0.95, "chi2_df": 3, "chi2_threshold": 7.814727903251179, "N_raw": 51, "N_roi": 51, "N_inlier": 48, "refit": true}
{"timestamp": "15:34:07.544970", "frame": 73, "mu": [-1.3240144963360931, 1.0909853375966674, 1.7832447570034835], "Sigma": [[0.011050289999642577, 0.008770823753244382, -0.008690062810640857], [0.00877082375324438, 0.013257413601317889, -0.00814477496113202], [-0.008690062810640857, -0.00814477496113202, 0.007553413573814165]], "chi2_level": 0.95, "chi2_df": 3, "chi2_threshold": 7.814727903251179, "N_raw": 57, "N_roi": 57, "N_inlier": 55, "refit": true}
{"timestamp": "15:34:07.602760", "frame": 74, "mu": [-1.3322189257629997, 1.1089412358567543, -0.027437930397418805], "Sigma": [[0.012921771892435924, 0.009824700166449638, -0.006873499071490939], [0.009824700166449638, 0.014339326227586977, -0.008812024586384517], [-0.006873499071490939, -0.008812024586384515, 0.005961092066104836]], "chi2_level": 0.95, "chi2_df": 3, "chi2_threshold": 7.814727903251179, "N_raw": 68, "N_roi": 68, "N_inlier": 64, "refit": true}
{"timestamp": "15:34:07.655245", "frame": 75, "mu": [-1.3709731083089824, 1.001558705797764, 1.6787484092344351], "Sigma": [[0.008703312415813392, 0.0035911238539097423, -0.004151147475685588], [0.003591123853909743, 0.006057692162072488, -0.0053447014014339055], [-0.004151147475685589, -0.0053447014014339055, 0.005425865797130965]], "chi2_level": 0.95, "chi2_df": 3, "chi2_threshold": 7.814727903251179, "N_raw": 55, "N_roi": 55, "N_inlier": 53, "refit": true}
{"timestamp": "15:34:07.710890", "frame": 76, "mu": [-1.4256202914054097, 0.9125739311713242, 1.6225582240991399], "Sigma": [[0.006765587348094264, 0.0031086179056251245, -0.002517282401775647], [0.0031086179056251245, 0.008463275253707884, -0.005326051726198305], [-0.002517282401775647, -0.0053260517261983055, 0.0036758974167227162]], "chi2_level": 0.95, "chi2_df": 3, "chi2_threshold": 7.814727903251179, "N_raw": 53, "N_roi": 53, "N_inlier": 51, "refit": true}
{"timestamp": "15:34:07.762156", "frame": 77, "mu": [-1.4758108393011944, 0.8917861315791089, 1.558622939961883], "Sigma": [[0.00489933398418949, 0.002645955904738376, -0.004116717493746508], [0.002645955904738376, 0.006607750946409075, -0.0071550959546017095], [-0.004116717493746508, -0.0071550959546017095, 0.013058623952943034]], "chi2_level": 0.95, "chi2_df": 3, "chi2_threshold": 7.814727903251179, "N_raw": 35, "N_roi": 35, "N_inlier": 33, "refit": true}
{"timestamp": "15:34:07.816250", "frame": 78, "mu": [-1.4742854461739634, 0.8234688493042877, 1.4720800923617077], "Sigma": [[0.004826371806370206, 0.0029608375675652552, -0.005720612140621246], [0.0029608375675652552, 0.005054715185982644, -0.006432322245443844], [-0.005720612140621246, -0.006432322245443843, 0.013878675832358613]], "chi2_level": 0.95, "chi2_df": 3, "chi2_threshold": 7.814727903251179, "N_raw": 27, "N_roi": 27, "N_inlier": 26, "refit": true}
{"timestamp": "15:34:07.874555", "frame": 79, "mu": [-1.558943974402342, 0.7679544173328771, 1.4274241132230987], "Sigma": [[0.005984113905169994, 0.004963623838847217, -0.0027428926760890166], [0.004963623838847217, 0.011662137027219546, -0.00800331521495247], [-0.0027428926760890166, -0.00800331521495247, 0.00891065444719967]], "chi2_level": 0.95, "chi2_df": 3, "chi2_threshold": 7.814727903251179, "N_raw": 49, "N_roi": 49, "N_inlier": 47, "refit": true}
{"timestamp": "15:34:07.927980", "frame": 80, "mu": [-1.5881601638503864, 0.7650664489278451, 1.4482470323557435], "Sigma": [[0.0044387263420280635, 0.0027721515560197563, -0.002842843009441428], [0.0027721515560197563, 0.00808840178460929, -0.005856321722301712], [-0.002842843009441428, -0.005856321722301712, 0.012515982708204306]], "chi2_level": 0.95, "chi2_df": 3, "chi2_threshold": 7.814727903251179, "N_raw": 44, "N_roi": 44, "N_inlier": 39, "refit": true}
{"timestamp": "15:34:07.983430", "frame": 81, "mu": [-1.6065047813635238, 0.7113673551550934, 1.4203282025058757], "Sigma": [[0.005067730787802155, 0.002703530487900169, -0.0019274140884924145], [0.002703530487900169, 0.007862591639343533, -0.0054374957587354986], [-0.0019274140884924145, -0.0054374957587354986, 0.004310153306425433]], "chi2_level": 0.95, "chi2_df": 3, "chi2_threshold": 7.814727903251179, "N_raw": 39, "N_roi": 39, "N_inlier": 36, "refit": true}
{"timestamp": "15:34:08.036020", "frame": 82, "mu": [-1.6393213921203826, 0.6629800864053592, 0.9082942750418621], "Sigma": [[0.024389086534706693, 0.024795028280635636, -0.04630137165697347], [0.024795028280635636, 0.029969057325417568, -0.03533862887239824], [-0.04630137165697347, -0.03533862887239825, 0.1216819455589919]], "chi2_level": 0.95, "chi2_df": 3, "chi2_threshold": 7.814727903251179, "N_raw": 29, "N_roi": 29, "N_inlier": 27, "refit": true}
{"timestamp": "15:34:08.088685", "frame": 83, "mu": [-1.4705923068155342, 0.9214006871067074, 0.4562126840590252], "Sigma": [[0.0027492075644644782, 0.005269345421838883, -0.015685923295566333], [0.005269345421838882, 0.012986120738414857, -0.039586575561017044], [-0.01568592329556633, -0.039586575561017044, 0.13178076083091939]], "chi2_level": 0.95, "chi2_df": 3, "chi2_threshold": 7.814727903251179, "N_raw": 8, "N_roi": 8, "N_inlier": 7, "refit": true}
{"timestamp": "15:34:08.144952", "frame": 84, "mu": [-1.8668870914352225, 0.5369001776985638, 0.5277859084949867], "Sigma": [[0.012353658709698567, 0.0195387825737669, -0.011970231699994916], [0.0195387825737669, 0.03460313073675707, -0.018858252529546336], [-0.011970231699994918, -0.018858252529546336, 0.015123117355852481]], "chi2_level": 0.95, "chi2_df": 3, "chi2_threshold": 7.814727903251179, "N_raw": 17, "N_roi": 17, "N_inlier": 16, "refit": true}
{"timestamp": "15:34:08.472425", "frame": 90, "mu": [1.986229824278062, 0.4863614877952914, 0.35781774809263434], "Sigma": [[0.0018446602959767823, -0.001703328972810491, 0.0005105508808481018], [-0.001703328972810491, 0.008350413899505625, 0.00018519683018876227], [0.0005105508808481017, 0.00018519683018876227, 0.001685117384773088]], "chi2_level": 0.95, "chi2_df": 3, "chi2_threshold": 7.814727903251179, "N_raw": 8, "N_roi": 8, "N_inlier": 8, "refit": true}
{"timestamp": "15:34:08.529709", "frame": 91, "mu": [0.9377838421935709, 0.4199452791249118, 0.445803105311795], "Sigma": [[3.696653839563668, 0.1691104594900342, -0.033251507791505354], [0.1691104594900342, 0.018059669361674257, -0.0027190766197793203], [-0.033251507791505354, -0.0027190766197793203, 0.0048849006883199585]], "chi2_level": 0.95, "chi2_df": 3, "chi2_threshold": 7.814727903251179, "N_raw": 11, "N_roi": 11, "N_inlier": 11, "refit": true}
{"timestamp": "15:34:08.585066", "frame": 92, "mu": [0.8785298474783796, 0.4488275655771976, 0.38116619023589254], "Sigma": [[3.7767428661597684, 0.19864263458248071, -0.01964787995166904], [0.19864263458248071, 0.01996747640166998, -0.002882966118489064], [-0.01964787995166904, -0.0028829661184890634, 0.0039829881983675505]], "chi2_level": 0.95, "chi2_df": 3, "chi2_threshold": 7.814727903251179, "N_raw": 18, "N_roi": 18, "N_inlier": 18, "refit": true}
{"timestamp": "15:34:08.691828", "frame": 94, "mu": [1.6427362087035446, 0.5741348353035015, 0.4362083701554189], "Sigma": [[2.469205980559178, 0.13823092658805342, -0.01432585920714832], [0.13823092658805342, 0.038746292191625314, -0.0030965280658840537], [-0.014325859207148323, -0.0030965280658840537, 0.001664188087935366]], "chi2_level": 0.95, "chi2_df": 3, "chi2_threshold": 7.814727903251179, "N_raw": 11, "N_roi": 11, "N_inlier": 11, "refit": true}
