{"timestamp": "15:48:15.581862", "frame": 61, "mu": [1.5981432260336041, 0.795825378721186, 0.9614376057365408], "Sigma": [[0.0036044937486055173, -0.004922322497938067, -0.024414390759635266], [-0.0049223224979380665, 0.03074275508052105, 0.1321223033959621], [-0.024414390759635266, 0.1321223033959621, 0.5905733093370343]], "chi2_level": 0.95, "chi2_df": 3, "chi2_threshold": 7.814727903251179, "N_raw": 7, "N_roi": 7, "N_inlier": 7, "refit": true}
{"timestamp": "15:48:15.637057", "frame": 62, "mu": [1.4838038196758891, 0.9157648842707258, 1.5791671573430286], "Sigma": [[0.0020976573659972275, -0.000755432041983482, -5.062504635403369e-05], [-0.000755432041983482, 0.002496812525874623, -0.00033412995936435967], [-5.062504635403367e-05, -0.00033412995936435967, 7.813887329747881e-05]], "chi2_level": 0.95, "chi2_df": 3, "chi2_threshold": 7.814727903251179, "N_raw": 14, "N_roi": 14, "N_inlier": 13, "refit": true}
{"timestamp": "15:48:15.692551", "frame": 63, "mu": [1.4578661647085265, 0.9785855006357755, 1.6301177867363124], "Sigma": [[0.00242377491400888, -0.0012318455199193305, -9.988313441789663e-05], [-0.0012318455199193303, 0.003141114001536521, -5.098881174347165e-05], [-9.98831344178966e-05, -5.0988811743471655e-05, 0.00011557537752699738]], "chi2_level": 0.95, "chi2_df": 3, "chi2_threshold": 7.814727903251179, "N_raw": 17, "N_roi": 17, "N_inlier": 15, "refit": true}
{"timestamp": "15:48:15.802265", "frame": 65, "mu": [1.3995762886396683, 1.0176451408387543, 1.3398446913864868], "Sigma": [[0.007412914789690562, 0.0002523016030713738, 0.038621343810937764], [0.0002523016030713738, 0.002721778321051718, -0.0041334932600950785], [0.038621343810937764, -0.0041334932600950785, 0.2685213768340913]], "chi2_level": 0.95, "chi2_df": 3, "chi2_threshold": 7.814727903251179, "N_raw": 13, "N_roi": 13, "N_inlier": 13, "refit": true}
{"timestamp": "15:48:15.911300", "frame": 67, "mu": [1.258264009319811, 1.107864748238728, 1.0690290678607057], "Sigma": [[0.01291983491914227, -0.006973128205289141, 0.06602748152688899], [-0.006973128205289141, 0.0058382397781506215, -0.04459735275613914], [0.06602748152688899, -0.04459735275613914, 0.3892002339349376]], "chi2_level": 0.95, "chi2_df": 3, "chi2_threshold": 7.814727903251179, "N_raw": 7, "N_roi": 7, "N_inlier": 7, "refit": true}
{"timestamp": "15:48:15.967237", "frame": 68, "mu": [1.2293215886519993, 1.1739578368982022, 1.2316491778688439], "Sigma": [[0.005234384141394881, -0.0011702399004694252, 0.017790774635718293], [-0.001170239900469425, 0.0017865130689403996, -0.007190768959062181], [0.017790774635718293, -0.007190768959062181, 0.1533890051288336]], "chi2_level": 0.95, "chi2_df": 3, "chi2_threshold": 7.814727903251179, "N_raw": 19, "N_roi": 19, "N_inlier": 17, "refit": true}
{"timestamp": "15:48:16.022188", "frame": 69, "mu": [1.2502303305909073, 1.1437685587873079, 1.1957317728285335], "Sigma": [[0.0031498896856350074, 0.0012699239632239549, 0.014137963093006951], [0.0012699239632239549, 0.0014552815751278595, 0.004925989510709254], [0.014137963093006951, 0.004925989510709254, 0.26608236512211986]], "chi2_level": 0.95, "chi2_df": 3, "chi2_threshold": 7.814727903251179, "N_raw": 13, "N_roi": 13, "N_inlier": 12, "refit": true}
{"timestamp": "15:48:16.078181", "frame": 70, "mu": [1.1914776849723963, 1.1981684397110883, 1.5927184182533427], "Sigma": [[0.0030697507057777015, -0.002193830205438178, -0.001274123319106227], [-0.0021938302054381777, 0.004304037452429533, 0.0005711711236544826], [-0.001274123319106227, 0.0005711711236544827, 0.0008542654885912981]], "chi2_level": 0.95, "chi2_df": 3, "chi2_threshold": 7.814727903251179, "N_raw": 25, "N_roi": 25, "N_inlier": 23, "refit": true}
{"timestamp": "15:48:16.138570", "frame": 71, "mu": [1.166605406820767, 1.2202694898228172, 1.5814921663067973], "Sigma": [[0.006208864708355952, -0.0008503767526020546, -0.0005775931263983215], [-0.0008503767526020546, 0.005540580627373628, 0.0004642526400071861], [-0.0005775931263983215, 0.000464252640007186, 0.00040047390287172827]], "chi2_level": 0.95, "chi2_df": 3, "chi2_threshold": 7.814727903251179, "N_raw": 47, "N_roi": 47, "N_inlier": 46, "refit": true}
{"timestamp": "15:48:16.191566", "frame": 72, "mu": [1.1061389097260232, 1.2763768165068516, 1.6847417247380254], "Sigma": [[0.0034195783748408558, -0.0012622724600940783, -0.00122289858611414], [-0.0012622724600940783, 0.0036819874066560546, -0.000639265066367168], [-0.00122289858611414, -0.000639265066367168, 0.000994501221424192]], "chi2_level": 0.95, "chi2_df": 3, "chi2_threshold": 7.814727903251179, "N_raw": 31, "N_roi": 31, "N_inlier": 30, "refit": true}
{"timestamp": "15:48:16.245620", "frame": 73, "mu": [1.1019380933891931, 1.2955587905725987, 1.7064902707558305], "Sigma": [[0.0036595712299664833, -0.0009345999080150313, 0.00029913261811180227], [-0.0009345999080150312, 0.0023023203900141035, -0.0005786014333507422], [0.00029913261811180227, -0.0005786014333507422, 0.00014772962684482164]], "chi2_level": 0.95, "chi2_df": 3, "chi2_threshold": 7.814727903251179, "N_raw": 23, "N_roi": 23, "N_inlier": 22, "refit": true}
{"timestamp": "15:48:16.302415", "frame": 74, "mu": [1.0770219646384893, 1.2743535376939934, 1.649139519730608], "Sigma": [[0.005336010272468429, -0.0014015299741607667, -0.00032097980583211197], [-0.0014015299741607667, 0.004647078084705508, 0.0007463425847962731], [-0.00032097980583211197, 0.0007463425847962731, 0.0003685419092199785]], "chi2_level": 0.95, "chi2_df": 3, "chi2_threshold": 7.814727903251179, "N_raw": 41, "N_roi": 41, "N_inlier": 39, "refit": true}
{"timestamp": "15:48:16.466460", "frame": 77, "mu": [0.9559617738103028, 1.3822650428512109, 1.6514273527136871], "Sigma": [[0.003488452988401324, -0.0011870756436141243, -0.0014775271467866431], [-0.0011870756436141243, 0.003519726442786493, -0.0007681769011423586], [-0.001477527146786643, -0.0007681769011423587, 0.0016526228165042113]], "chi2_level": 0.95, "chi2_df": 3, "chi2_threshold": 7.814727903251179, "N_raw": 34, "N_roi": 34, "N_inlier": 33, "refit": true}
{"timestamp": "15:48:16.522773", "frame": 78, "mu": [0.9227617399520146, 1.3946728147994647, 1.6738329564422016], "Sigma": [[0.004212957190009059, -0.000726955023194289, -0.000799209428403398], [-0.000726955023194289, 0.003559715010691654, -0.00013045063976825072], [-0.000799209428403398, -0.00013045063976825075, 0.0005907427074313596]], "chi2_level": 0.95, "chi2_df": 3, "chi2_threshold": 7.814727903251179, "N_raw": 37, "N_roi": 37, "N_inlier": 36, "refit": true}
{"timestamp": "15:48:16.579895", "frame": 79, "mu": [0.9272901259899087, 1.3968668922744454, 1.6048543978752932], "Sigma": [[0.0060993523455422135, -0.0014962444259617692, -0.006097364034880619], [-0.0014962444259617694, 0.003720500930365732, 0.0014164204463001189], [-0.006097364034880619, 0.0014164204463001189, 0.017974125644085334]], "chi2_level": 0.95, "chi2_df": 3, "chi2_threshold": 7.814727903251179, "N_raw": 52, "N_roi": 52, "N_inlier": 49, "refit": true}
{"timestamp": "15:48:16.634938", "frame": 80, "mu": [0.913601889485299, 1.4260097866851151, 1.617941458721263], "Sigma": [[0.004952320505903065, -0.0006836476902304033, -0.0018058801260763984], [-0.0006836476902304033, 0.005891900234093501, 1.2013864337164607e-05], [-0.0018058801260763984, 1.2013864337164634e-05, 0.0010369395798270609]], "chi2_level": 0.95, "chi2_df": 3, "chi2_threshold": 7.814727903251179, "N_raw": 52, "N_roi": 52, "N_inlier": 49, "refit": true}
{"timestamp": "15:48:16.688036", "frame": 81, "mu": [0.8815324707910314, 1.4827003078923513, 1.622678150151228], "Sigma": [[0.002827503329990934, -0.0010183447738793367, -0.0028267053822739006], [-0.001018344773879337, 0.0019094544525341797, -0.001491049881753026], [-0.0028267053822739006, -0.001491049881753026, 0.021190255069469872]], "chi2_level": 0.95, "chi2_df": 3, "chi2_threshold": 7.814727903251179, "N_raw": 34, "N_roi": 34, "N_inlier": 33, "refit": true}
{"timestamp": "15:48:16.742387", "frame": 82, "mu": [0.8707784362437521, 1.5057501686691341, 1.6983180501606723], "Sigma": [[0.004842966570900917, -0.0005173849230169002, -0.0014328907210195098], [-0.0005173849230169002, 0.003104337780542861, 0.0002858743167734419], [-0.0014328907210195098, 0.00028587431677344193, 0.0006869551130266627]], "chi2_level": 0.95, "chi2_df": 3, "chi2_threshold": 7.814727903251179, "N_raw": 40, "N_roi": 40, "N_inlier": 37, "refit": true}
{"timestamp": "15:48:16.798721", "frame": 83, "mu": [0.8419670061933604, 1.5092024686386274, 1.6255275801961435], "Sigma": [[0.0058202816371852, -0.0013745546244677029, -0.0016016162771896574], [-0.0013745546244677029, 0.0036681079964394577, -4.1916024078579594e-06], [-0.0016016162771896574, -4.191602407857932e-06, 0.0007279673482012845]], "chi2_level": 0.95, "chi2_df": 3, "chi2_threshold": 7.814727903251179, "N_raw": 43, "N_roi": 43, "N_inlier": 42, "refit": true}
{"timestamp": "15:48:16.852841", "frame": 84, "mu": [0.8244392597075857, 1.5066485561546052, 1.6419061096911503], "Sigma": [[0.00409561634724953, -0.0009973432172205744, -0.0007986559617528892], [-0.0009973432172205741, 0.004959856736757278, 0.00730625848455216], [-0.0007986559617528892, 0.00730625848455216, 0.02741888623900708]], "chi2_level": 0.95, "chi2_df": 3, "chi2_threshold": 7.814727903251179, "N_raw": 40, "N_roi": 40, "N_inlier": 36, "refit": true}
{"timestamp": "15:48:16.908529", "frame": 85, "mu": [0.8220496061541684, 1.5797908579922817, 1.588767118312668], "Sigma": [[0.004527734288896262, -0.001658210289158629, -0.003745957722795089], [-0.0016582102891586291, 0.0016868000033454231, -0.0012548962536906938], [-0.003745957722795088, -0.0012548962536906936, 0.018137541731486205]], "chi2_level": 0.95, "chi2_df": 3, "chi2_threshold": 7.814727903251179, "N_raw": 41, "N_roi": 41, "N_inlier": 37, "refit": true}
{"timestamp": "15:48:17.012911", "frame": 87, "mu": [0.8233259511302585, 1.4485560673989883, 0.776155974065466], "Sigma": [[0.0009281625238621386, -0.0026178557594519064, -0.008612017472939219], [-0.0026178557594519064, 0.0202998961855443, 0.07244300424668013], [-0.008612017472939219, 0.07244300424668013, 0.3156967501830969]], "chi2_level": 0.95, "chi2_df": 3, "chi2_threshold": 7.814727903251179, "N_raw": 8, "N_roi": 8, "N_inlier": 8, "refit": true}
{"timestamp": "15:48:17.068462", "frame": 88, "mu": [0.8009629715342093, 1.4649279678010294, 0.7956437065605059], "Sigma": [[0.003236581744920178, -0.0016117759070360656, -0.027597602288361438], [-0.0016117759070360656, 0.005915045923076677, 0.03937839177022916], [-0.027597602288361438, 0.03937839177022916, 0.43415526980096236]], "chi2_level": 0.95, "chi2_df": 3, "chi2_threshold": 7.814727903251179, "N_raw": 11, "N_roi": 11, "N_inlier": 10, "refit": true}
{"timestamp": "15:48:17.126592", "frame": 89, "mu": [0.7614610438407182, 1.6506148044826348, 1.5664122122459658], "Sigma": [[0.0031433851145285154, -0.00041688113081710224, 0.0009278455544766131], [-0.0004168811308171023, 0.0027417168963927816, 0.003966958003737888], [0.0009278455544766131, 0.003966958003737888, 0.03425898421909776]], "chi2_level": 0.95, "chi2_df": 3, "chi2_threshold": 7.814727903251179, "N_raw": 28, "N_roi": 28, "N_inlier": 24, "refit": true}
{"timestamp": "15:48:17.187242", "frame": 90, "mu": [0.7212300145992142, 1.626765371350237, 1.4136494568721676], "Sigma": [[0.005332217343203375, -0.0006669780540591744, -0.0025275167683654837], [-0.0006669780540591744, 0.005976264840877048, 0.01036823692629272], [-0.0025275167683654837, 0.01036823692629272, 0.06863941826445658]], "chi2_level": 0.95, "chi2_df": 3, "chi2_threshold": 7.814727903251179, "N_raw": 72, "N_roi": 72, "N_inlier": 67, "refit": true}
{"timestamp": "15:48:17.235411", "frame": 91, "mu": [0.6988116475131732, 1.6555244826783082, 1.3380475787887975], "Sigma": [[0.0029930028627615213, 0.0016091847809796898, 0.01697996968900008], [0.0016091847809796898, 0.00354595198089002, 0.02906887530995403], [0.016979969689000077, 0.02906887530995403, 0.3750051083370686]], "chi2_level": 0.95, "chi2_df": 3, "chi2_threshold": 7.814727903251179, "N_raw": 24, "N_roi": 24, "N_inlier": 22, "refit": true}
{"timestamp": "15:48:17.292623", "frame": 92, "mu": [0.6896111419112423, 1.710186473056101, 1.588423224493734], "Sigma": [[0.005008136143802863, 0.00028506522830379095, -0.0003454358571245928], [0.00028506522830379095, 0.002906392232439497, 0.00013389550748482094], [-0.0003454358571245928, 0.0001338955074848209, 0.00020783544021251997]], "chi2_level": 0.95, "chi2_df": 3, "chi2_threshold": 7.814727903251179, "N_raw": 40, "N_roi": 39, "N_inlier": 35, "refit": true}
{"timestamp": "15:48:17.351705", "frame": 93, "mu": [0.6737451961075656, 1.6754584704658175, 1.2562556641097369], "Sigma": [[0.004710607624399792, -0.0010814998141063519, 0.003956005444975959], [-0.0010814998141063519, 0.0021977536761257363, 0.00496064742326598], [0.003956005444975961, 0.004960647423265982, 0.08206442839085402]], "chi2_level": 0.95, "chi2_df": 3, "chi2_threshold": 7.814727903251179, "N_raw": 66, "N_roi": 66, "N_inlier": 62, "refit": true}
{"timestamp": "15:48:17.402730", "frame": 94, "mu": [0.6417310773968209, 1.748305215451417, 1.4166327008810782], "Sigma": [[0.004008564464469226, -0.0007980795092760956, -0.002962681102566144], [-0.0007980795092760954, 0.001422669143297342, 4.5524475937804704e-05], [-0.002962681102566144, 4.5524475937804704e-05, 0.014824003822472046]], "chi2_level": 0.95, "chi2_df": 3, "chi2_threshold": 7.814727903251179, "N_raw": 35, "N_roi": 34, "N_inlier": 31, "refit": true}
{"timestamp": "15:48:17.455239", "frame": 95, "mu": [0.6205374365663398, 1.7538284867631835, 1.3443230457755688], "Sigma": [[0.01714957380047915, -0.0012533864362731528, 0.06393869156398338], [-0.0012533864362731528, 0.0020021527063971154, -0.00386947759163166], [0.0639386915639834, -0.00386947759163166, 0.2967484637891574]], "chi2_level": 0.95, "chi2_df": 3, "chi2_threshold": 7.814727903251179, "N_raw": 25, "N_roi": 24, "N_inlier": 23, "refit": true}
{"timestamp": "15:48:17.511692", "frame": 96, "mu": [0.5603475216193398, 1.8038861578434708, 1.3598486583810416], "Sigma": [[0.008678907658848855, 0.00028807187944533447, 0.03235823543644911], [0.0002880718794453344, 0.0034090192890935695, 0.0034952926357836077], [0.032358235436449105, 0.0034952926357836077, 0.1874153191536241]], "chi2_level": 0.95, "chi2_df": 3, "chi2_threshold": 7.814727903251179, "N_raw": 32, "N_roi": 32, "N_inlier": 29, "refit": true}
{"timestamp": "15:48:17.568931", "frame": 97, "mu": [0.5257884133572225, 1.8051958182207564, 1.4343032039338117], "Sigma": [[0.004532585831192499, 5.91995929077105e-05, -3.701133077789725e-05], [5.919959290771051e-05, 0.004039843294848273, 0.0019967048339294517], [-3.701133077789725e-05, 0.0019967048339294517, 0.008181666043483178]], "chi2_level": 0.95, "chi2_df": 3, "chi2_threshold": 7.814727903251179, "N_raw": 42, "N_roi": 42, "N_inlier": 37, "refit": true}
{"timestamp": "15:48:17.628032", "frame": 98, "mu": [0.49175712606269784, 1.8013992646130559, 1.3946151416120303], "Sigma": [[0.007274136227767214, 0.0015243169338456362, -0.0012452565655557643], [0.0015243169338456366, 0.0071931397898107, -0.0008047526583860019], [-0.0012452565655557643, -0.0008047526583860019, 0.0006670320375209074]], "chi2_level": 0.95, "chi2_df": 3, "chi2_threshold": 7.814727903251179, "N_raw": 71, "N_roi": 71, "N_inlier": 67, "refit": true}
{"timestamp": "15:48:17.685029", "frame": 99, "mu": [0.4489110527152147, 1.8434518625485723, 1.3752832659602072], "Sigma": [[0.006353928542434983, -9.257640178474458e-05, -0.0025800121621391316], [-9.257640178474458e-05, 0.0082352101782765, -0.0017085650723346621], [-0.0025800121621391316, -0.0017085650723346621, 0.008468978922329147]], "chi2_level": 0.95, "chi2_df": 3, "chi2_threshold": 7.814727903251179, "N_raw": 85, "N_roi": 82, "N_inlier": 77, "refit": true}
{"timestamp": "15:48:17.777915", "frame": 100, "mu": [0.4564172640079238, 1.8557715104401313, 1.1372708894041952], "Sigma": [[0.01463373226932396, -0.0017309036852255898, -0.042622931920812304], [-0.0017309036852255898, 0.005442744492794657, 0.003939724638401193], [-0.042622931920812304, 0.003939724638401193, 0.20700204331923522]], "chi2_level": 0.95, "chi2_df": 3, "chi2_threshold": 7.814727903251179, "N_raw": 97, "N_roi": 95, "N_inlier": 92, "refit": true}
{"timestamp": "15:48:17.813983", "frame": 101, "mu": [0.39204410970639786, 1.8975747095984359, 1.332971172142928], "Sigma": [[0.010034740909409872, -0.00035713794340521424, -0.027122932522220686], [-0.00035713794340521424, 0.006001623869445367, 0.0011034260383963857], [-0.027122932522220686, 0.0011034260383963861, 0.1446344760599819]], "chi2_level": 0.95, "chi2_df": 3, "chi2_threshold": 7.814727903251179, "N_raw": 84, "N_roi": 82, "N_inlier": 78, "refit": true}
{"timestamp": "15:48:17.853132", "frame": 102, "mu": [0.3880558877759812, 2.0596090117042287, -0.6369025830901048], "Sigma": [[0.014852026437551081, 0.012913021997820393, -0.019700249493824512], [0.01291302199782039, 0.021751686057920615, -0.03651422599150262], [-0.019700249493824512, -0.03651422599150262, 0.25785219206428117]], "chi2_level": 0.95, "chi2_df": 3, "chi2_threshold": 7.814727903251179, "N_raw": 104, "N_roi": 104, "N_inlier": 101, "refit": true}
{"timestamp": "15:48:17.905542", "frame": 103, "mu": [0.3281524594508739, 1.95875478374965, 1.1227143617745012], "Sigma": [[0.008711882780125472, -0.0004485700894512366, -0.027158628538175827], [-0.0004485700894512367, 0.0020731952974076292, -0.006447021722772143], [-0.027158628538175824, -0.006447021722772143, 0.21097934472357394]], "chi2_level": 0.95, "chi2_df": 3, "chi2_threshold": 7.814727903251179, "N_raw": 84, "N_roi": 83, "N_inlier": 80, "refit": true}
{"timestamp": "15:48:17.954863", "frame": 104, "mu": [0.20996357484414013, 1.99836618013931, 1.590304911020941], "Sigma": [[0.004731650236941062, -0.0005605309268515352, -0.002996882752717297], [-0.0005605309268515352, 0.00409068813675234, -0.0010048162703009404], [-0.002996882752717297, -0.0010048162703009407, 0.013624253588797831]], "chi2_level": 0.95, "chi2_df": 3, "chi2_threshold": 7.814727903251179, "N_raw": 52, "N_roi": 52, "N_inlier": 48, "refit": true}
{"timestamp": "15:48:18.003866", "frame": 105, "mu": [0.2429528154983103, 1.9448088622729123, 0.9765416372600693], "Sigma": [[0.0010524910558718434, -0.00015769834385426484, -0.016491696373342545], [-0.00015769834385426487, 0.0034165438926472293, 0.031738469712365595], [-0.016491696373342545, 0.031738469712365595, 0.5907720328306911]], "chi2_level": 0.95, "chi2_df": 3, "chi2_threshold": 7.814727903251179, "N_raw": 9, "N_roi": 9, "N_inlier": 9, "refit": true}
{"timestamp": "15:48:18.064959", "frame": 106, "mu": [0.20421615807143842, 1.9995315546388661, 1.5253008580590284], "Sigma": [[0.0061158776585993275, 0.0010995629191557796, -0.0016006772821293485], [0.0010995629191557798, 0.006384311116895704, 0.0008967407963091983], [-0.0016006772821293485, 0.0008967407963091984, 0.0012368959292393838]], "chi2_level": 0.95, "chi2_df": 3, "chi2_threshold": 7.814727903251179, "N_raw": 58, "N_roi": 58, "N_inlier": 54, "refit": true}
{"timestamp": "15:48:18.123875", "frame": 107, "mu": [0.15382254697245015, 2.027628928612228, 1.347393294266289], "Sigma": [[0.0064802409440697034, 0.00038276318610894807, 0.006032638448622472], [0.0003827631861089483, 0.009027109774795808, 0.030399323881265514], [0.006032638448622472, 0.030399323881265514, 0.3830732686811155]], "chi2_level": 0.95, "chi2_df": 3, "chi2_threshold": 7.814727903251179, "N_raw": 80, "N_roi": 78, "N_inlier": 77, "refit": true}
{"timestamp": "15:48:18.176637", "frame": 108, "mu": [0.12786626289444575, 2.0820372273541987, 1.4722484207473103], "Sigma": [[0.005905513826521015, -0.0012443334041285293, -0.006241210154840688], [-0.0012443334041285293, 0.0042373591431355915, 0.013390689716308192], [-0.0062412101548406885, 0.013390689716308192, 0.09255886996811792]], "chi2_level": 0.95, "chi2_df": 3, "chi2_threshold": 7.814727903251179, "N_raw": 58, "N_roi": 54, "N_inlier": 50, "refit": true}
{"timestamp": "15:48:18.228048", "frame": 109, "mu": [0.10799596009982598, 2.1326896423478514, 1.5593655935547648], "Sigma": [[0.004523038985202507, 0.000975616669267607, 0.009970537038807976], [0.000975616669267607, 0.002764269661956506, 0.008013811637655174], [0.009970537038807976, 0.008013811637655174, 0.134168516756694]], "chi2_level": 0.95, "chi2_df": 3, "chi2_threshold": 7.814727903251179, "N_raw": 32, "N_roi": 29, "N_inlier": 26, "refit": true}
{"timestamp": "15:48:18.286254", "frame": 110, "mu": [0.09817504356334078, 2.132078598123891, 1.5622971255218623], "Sigma": [[0.007111431735793911, -0.00019866883176948493, -0.0038981627395002234], [-0.00019866883176948485, 0.005475970317296759, -0.0002058560544254471], [-0.003898162739500223, -0.00020585605442544693, 0.0028298000260685817]], "chi2_level": 0.95, "chi2_df": 3, "chi2_threshold": 7.814727903251179, "N_raw": 62, "N_roi": 61, "N_inlier": 56, "refit": true}
{"timestamp": "15:48:18.337915", "frame": 111, "mu": [-0.038325257472942006, 2.08466399688559, 1.3027502201777625], "Sigma": [[0.003595050128437553, -0.0018126940848614804, -0.007099395047117137], [-0.0018126940848614806, 0.006994019958603282, 0.009731575871498793], [-0.007099395047117137, 0.009731575871498793, 0.13720315095422356]], "chi2_level": 0.95, "chi2_df": 3, "chi2_threshold": 7.814727903251179, "N_raw": 32, "N_roi": 28, "N_inlier": 23, "refit": true}
{"timestamp": "15:48:18.398606", "frame": 112, "mu": [-0.002605107489750861, 2.173249073949419, 1.3641320879867094], "Sigma": [[0.007995060071675624, -0.00030713921012057475, -0.004396745972739766], [-0.0003071392101205747, 0.0035541178248508502, -0.0034130690376339237], [-0.004396745972739766, -0.0034130690376339232, 0.025911430483949435]], "chi2_level": 0.95, "chi2_df": 3, "chi2_threshold": 7.814727903251179, "N_raw": 76, "N_roi": 73, "N_inlier": 69, "refit": true}
{"timestamp": "15:48:18.448724", "frame": 113, "mu": [-0.019298622720385322, 2.2523349766951957, 1.469790181518679], "Sigma": [[0.004746671289667922, -0.00011477998186484414, -0.0038069613857875605], [-0.00011477998186484412, 0.0019567028964141077, -0.0029668222458365044], [-0.00380696138578756, -0.0029668222458365044, 0.021476420018689817]], "chi2_level": 0.95, "chi2_df": 3, "chi2_threshold": 7.814727903251179, "N_raw": 45, "N_roi": 44, "N_inlier": 38, "refit": true}
{"timestamp": "15:48:18.505469", "frame": 114, "mu": [0.03274325228632831, 2.3658014881675857, -0.6336943916662933], "Sigma": [[0.014150208265817778, 0.0015069754669562068, -0.049117879493914565], [0.0015069754669562066, 0.0051989840871182694, -0.029015053961522656], [-0.049117879493914565, -0.029015053961522656, 0.34516605536589234]], "chi2_level": 0.95, "chi2_df": 3, "chi2_threshold": 7.814727903251179, "N_raw": 59, "N_roi": 58, "N_inlier": 55, "refit": true}
{"timestamp": "15:48:18.558839", "frame": 115, "mu": [-0.08208617798307612, 2.201624712887047, 1.1011315187835706], "Sigma": [[0.004057832653314137, -0.0005121069811530691, -0.013367002761417439], [-0.0005121069811530691, 0.004987455560233104, 0.016526109220660393], [-0.013367002761417439, 0.016526109220660393, 0.455744111996703]], "chi2_level": 0.95, "chi2_df": 3, "chi2_threshold": 7.814727903251179, "N_raw": 41, "N_roi": 41, "N_inlier": 39, "refit": true}
{"timestamp": "15:48:18.613429", "frame": 116, "mu": [-0.09345420040933382, 2.3311814687509127, 0.19365081664612396], "Sigma": [[0.006354086412753686, 0.0019587986822342737, -0.009108821616573514], [0.001958798682234274, 0.004575665579144356, -0.008953431084030693], [-0.009108821616573514, -0.008953431084030693, 0.09039577455898537]], "chi2_level": 0.95, "chi2_df": 3, "chi2_threshold": 7.814727903251179, "N_raw": 44, "N_roi": 44, "N_inlier": 39, "refit": true}
{"timestamp": "15:48:18.668360", "frame": 117, "mu": [-0.1201585725113974, 2.264952657094813, 0.9126658356987157], "Sigma": [[0.005710368542462753, -0.00276527125829246, -0.0251636904987472], [-0.0027652712582924605, 0.005414797636117655, 0.03404511747493692], [-0.0251636904987472, 0.03404511747493692, 0.4291600899835079]], "chi2_level": 0.95, "chi2_df": 3, "chi2_threshold": 7.814727903251179, "N_raw": 44, "N_roi": 44, "N_inlier": 43, "refit": true}
{"timestamp": "15:48:18.723528", "frame": 118, "mu": [-0.16600447930173895, 2.2784502881327766, 0.5454701814792862], "Sigma": [[0.006262191480455063, -0.0011206164563971094, -0.015883621103560175], [-0.0011206164563971094, 0.0034795479963417413, -0.01450551307113154], [-0.01588362110356017, -0.014505513071131538, 0.27167785297063773]], "chi2_level": 0.95, "chi2_df": 3, "chi2_threshold": 7.814727903251179, "N_raw": 46, "N_roi": 46, "N_inlier": 43, "refit": true}
{"timestamp": "15:48:18.786519", "frame": 119, "mu": [-0.2358888459033679, 2.338048312365083, 1.0252796069470205], "Sigma": [[0.00909878518920654, -0.0021239233129368602, 0.013020261663429209], [-0.0021239233129368602, 0.008364264428618104, -0.008015399389998751], [0.013020261663429209, -0.008015399389998753, 0.4184117153053407]], "chi2_level": 0.95, "chi2_df": 3, "chi2_threshold": 7.814727903251179, "N_raw": 96, "N_roi": 96, "N_inlier": 95, "refit": true}
{"timestamp": "15:48:18.841018", "frame": 120, "mu": [-0.22116379726424407, 2.3778256806179487, 0.7707011496108084], "Sigma": [[0.01701437518361662, -0.0024064088441896163, 0.02124071197030407], [-0.0024064088441896167, 0.004859888389785817, -0.01810280524209658], [0.02124071197030407, -0.018102805242096582, 0.13657225609930904]], "chi2_level": 0.95, "chi2_df": 3, "chi2_threshold": 7.814727903251179, "N_raw": 91, "N_roi": 91, "N_inlier": 90, "refit": true}
{"timestamp": "15:48:18.893021", "frame": 121, "mu": [-0.2765343453953114, 2.3997783185235484, 0.7900934651492034], "Sigma": [[0.015302333529713505, 0.0007212721229474925, 0.04226482313938387], [0.0007212721229474925, 0.001352873613260078, 0.005857313168698449], [0.042264823139383886, 0.005857313168698449, 0.5591237295271606]], "chi2_level": 0.95, "chi2_df": 3, "chi2_threshold": 7.814727903251179, "N_raw": 71, "N_roi": 71, "N_inlier": 70, "refit": true}
{"timestamp": "15:48:18.940223", "frame": 122, "mu": [-0.2835597872694418, 2.444934615894909, 1.0459354330965898], "Sigma": [[0.007293014392135918, 0.0017105936874633612, 0.029323889065843562], [0.0017105936874633612, 0.0036329598647929476, 0.0068396419215550315], [0.029323889065843562, 0.006839641921555038, 0.5549796232992571]], "chi2_level": 0.95, "chi2_df": 3, "chi2_threshold": 7.814727903251179, "N_raw": 16, "N_roi": 16, "N_inlier": 16, "refit": true}
{"timestamp": "15:48:18.997022", "frame": 123, "mu": [-0.30178676672698923, 2.3942704882910673, 1.4405094830645944], "Sigma": [[0.008666643299227339, 0.0017734451059562054, -0.0043764096838303495], [0.0017734451059562054, 0.003148377391523593, -0.001864314819823964], [-0.0043764096838303495, -0.001864314819823964, 0.0054974042790461005]], "chi2_level": 0.95, "chi2_df": 3, "chi2_threshold": 7.814727903251179, "N_raw": 40, "N_roi": 40, "N_inlier": 36, "refit": true}
{"timestamp": "15:48:19.057507", "frame": 124, "mu": [-0.35924337127259426, 2.450763650821859, 0.8274549874479377], "Sigma": [[0.0178276293959339, 0.00407430546332005, 0.062054064741561346], [0.00407430546332005, 0.0038298145418394396, 0.03340131208333111], [0.062054064741561346, 0.03340131208333111, 0.5798058691534572]], "chi2_level": 0.95, "chi2_df": 3, "chi2_threshold": 7.814727903251179, "N_raw": 71, "N_roi": 69, "N_inlier": 68, "refit": true}
{"timestamp": "15:48:19.112970", "frame": 125, "mu": [-0.39670309216354344, 2.4988114424886025, 0.9770243488878425], "Sigma": [[0.014939354671549944, -0.00046276640967447857, 0.03608536139770504], [-0.00046276640967447846, 0.002031340822955457, 0.0011030565103953842], [0.03608536139770504, 0.001103056510395385, 0.4891598821435985]], "chi2_level": 0.95, "chi2_df": 3, "chi2_threshold": 7.814727903251179, "N_raw": 72, "N_roi": 72, "N_inlier": 71, "refit": true}
{"timestamp": "15:48:19.164663", "frame": 126, "mu": [-0.37001972229614655, 2.518042658548696, 1.401691686924044], "Sigma": [[0.010441499495014184, 0.0009164619480428252, -0.007021033099498601], [0.0009164619480428252, 0.002540548739444184, 7.702472088760371e-05], [-0.0070210330994986015, 7.702472088760371e-05, 0.05162751859792861]], "chi2_level": 0.95, "chi2_df": 3, "chi2_threshold": 7.814727903251179, "N_raw": 54, "N_roi": 54, "N_inlier": 51, "refit": true}
{"timestamp": "15:48:19.228507", "frame": 127, "mu": [-0.35291605319149427, 2.540360085488809, 1.0148520377040968], "Sigma": [[0.024311359879770053, 0.0007149505158069034, -0.06429061806917], [0.0007149505158069032, 0.0030706472128310463, -0.005692380168665413], [-0.06429061806917, -0.005692380168665412, 0.2326435191113063]], "chi2_level": 0.95, "chi2_df": 3, "chi2_threshold": 7.814727903251179, "N_raw": 111, "N_roi": 110, "N_inlier": 102, "refit": true}
{"timestamp": "15:48:19.286276", "frame": 128, "mu": [-0.42804233870327607, 2.5270427171373457, 0.8704957613626135], "Sigma": [[0.02252482473396549, 0.005086566808307561, -0.024489736672591262], [0.005086566808307561, 0.004860947480885806, 0.0038257581932891567], [-0.024489736672591262, 0.0038257581932891567, 0.42095174255324935]], "chi2_level": 0.95, "chi2_df": 3, "chi2_threshold": 7.814727903251179, "N_raw": 127, "N_roi": 127, "N_inlier": 124, "refit": true}
{"timestamp": "15:48:19.341021", "frame": 129, "mu": [-0.44223166286448684, 2.5395460756068844, 0.8233956367499586], "Sigma": [[0.02279042426000208, 0.0025321784650089046, -0.052045705706756054], [0.002532178465008905, 0.0036042309464437475, -0.01474453512500462], [-0.05204570570675605, -0.014744535125004619, 0.32915998520131623]], "chi2_level": 0.95, "chi2_df": 3, "chi2_threshold": 7.814727903251179, "N_raw": 129, "N_roi": 129, "N_inlier": 122, "refit": true}
{"timestamp": "15:48:19.389554", "frame": 130, "mu": [-0.555213398891125, 2.574172547429352, 1.4279243280592944], "Sigma": [[0.011460937666397096, 0.0009238570474049232, -0.009460136443104814], [0.0009238570474049232, 0.004597776802402258, -0.0025243480972438658], [-0.009460136443104814, -0.0025243480972438658, 0.03905685451239939]], "chi2_level": 0.95, "chi2_df": 3, "chi2_threshold": 7.814727903251179, "N_raw": 79, "N_roi": 72, "N_inlier": 67, "refit": true}
{"timestamp": "15:48:19.443645", "frame": 131, "mu": [-0.5715517257864589, 2.6321455510183585, 1.1916929661679394], "Sigma": [[0.01663915779059049, 0.0033090970998810674, 0.01268253677669734], [0.0033090970998810674, 0.005398764629929407, -0.008980152969924535], [0.012682536776697338, -0.008980152969924535, 0.3205444720441119]], "chi2_level": 0.95, "chi2_df": 3, "chi2_threshold": 7.814727903251179, "N_raw": 81, "N_roi": 80, "N_inlier": 78, "refit": true}
{"timestamp": "15:48:19.495290", "frame": 132, "mu": [-0.5315916900170368, 2.699173216374107, -1.7916971019441104], "Sigma": [[0.01204814608284508, 0.00029260196213896927, 0.013540312868898615], [0.00029260196213896927, 0.0012443851052889286, -0.0012130743494782677], [0.013540312868898615, -0.0012130743494782688, 0.07240688867839971]], "chi2_level": 0.95, "chi2_df": 3, "chi2_threshold": 7.814727903251179, "N_raw": 49, "N_roi": 49, "N_inlier": 47, "refit": true}
{"timestamp": "15:48:19.551945", "frame": 133, "mu": [-0.5662925653767251, 2.7049560474391967, 0.10815789817937305], "Sigma": [[0.011036312948319707, 0.0017387214668931714, 0.002007583813303917], [0.0017387214668931714, 0.003504152869130411, 0.010188842309366855], [0.002007583813303917, 0.010188842309366857, 0.10878407719390269]], "chi2_level": 0.95, "chi2_df": 3, "chi2_threshold": 7.814727903251179, "N_raw": 62, "N_roi": 62, "N_inlier": 59, "refit": true}
{"timestamp": "15:48:19.601372", "frame": 134, "mu": [-0.6021793832608483, 3.068077507758835, -0.8162220015057116], "Sigma": [[0.010220547225821311, 0.005949138177393792, -0.014383153878234918], [0.005949138177393792, 0.02195417512774262, -0.05245452619699238], [-0.014383153878234918, -0.05245452619699238, 0.14572484498290497]], "chi2_level": 0.95, "chi2_df": 3, "chi2_threshold": 7.814727903251179, "N_raw": 30, "N_roi": 30, "N_inlier": 28, "refit": true}
{"timestamp": "15:48:19.653286", "frame": 135, "mu": [-0.6705140498767402, 2.701313979944916, 0.6286269915305593], "Sigma": [[0.002759398373210001, 0.0032418011185080756, -0.022916668352697407], [0.003241801118508075, 0.005300993553315722, -0.03720326788578547], [-0.022916668352697407, -0.03720326788578548, 0.38549526485813995]], "chi2_level": 0.95, "chi2_df": 3, "chi2_threshold": 7.814727903251179, "N_raw": 11, "N_roi": 11, "N_inlier": 11, "refit": true}
{"timestamp": "15:48:19.713533", "frame": 136, "mu": [-0.6958511882590025, 2.695613702084597, 1.2917041985132403], "Sigma": [[0.008072730360905883, 0.0013238045152565382, -0.008783475303015757], [0.0013238045152565384, 0.002728166063840685, -0.004531958973481477], [-0.008783475303015757, -0.004531958973481478, 0.031158954399427112]], "chi2_level": 0.95, "chi2_df": 3, "chi2_threshold": 7.814727903251179, "N_raw": 50, "N_roi": 48, "N_inlier": 46, "refit": true}
{"timestamp": "15:48:19.765658", "frame": 137, "mu": [-0.7352192283493693, 2.7306509543298128, -0.047475640819824666], "Sigma": [[0.009008440229185679, 0.002315341993860496, 0.011622832959916531], [0.002315341993860496, 0.0032385516465698923, -0.005733580591618003], [0.011622832959916531, -0.005733580591618003, 0.10531967495214029]], "chi2_level": 0.95, "chi2_df": 3, "chi2_threshold": 7.814727903251179, "N_raw": 26, "N_roi": 25, "N_inlier": 22, "refit": true}
{"timestamp": "15:48:19.822188", "frame": 138, "mu": [-0.7499933651292952, 2.7627741325493083, 1.2084290520180376], "Sigma": [[0.00792472631769054, 0.0006002161144822067, -0.0006613412044096062], [0.0006002161144822067, 0.0007500801270024782, -0.002091592245200893], [-0.0006613412044096064, -0.002091592245200893, 0.023720308906141185]], "chi2_level": 0.95, "chi2_df": 3, "chi2_threshold": 7.814727903251179, "N_raw": 40, "N_roi": 40, "N_inlier": 35, "refit": true}
{"timestamp": "15:48:19.877806", "frame": 139, "mu": [-0.7748653228945656, 2.9016250500717544, -0.13750598498874372], "Sigma": [[0.0043319960685179685, -0.0002142280025613813, -0.0006694059326387014], [-0.00021422800256138118, 0.006100014104793011, -0.02036001193923093], [-0.0006694059326387012, -0.02036001193923093, 0.09177135345413193]], "chi2_level": 0.95, "chi2_df": 3, "chi2_threshold": 7.814727903251179, "N_raw": 35, "N_roi": 35, "N_inlier": 31, "refit": true}
{"timestamp": "15:48:19.935136", "frame": 140, "mu": [-0.7197107507062772, 2.8068410538669575, 0.7498341734625841], "Sigma": [[0.016274229627232743, -0.001284939183742575, -0.026045241214168832], [-0.0012849391837425749, 0.0055017413746852786, -0.017076725770199044], [-0.026045241214168836, -0.017076725770199044, 0.21741914754078126]], "chi2_level": 0.95, "chi2_df": 3, "chi2_threshold": 7.814727903251179, "N_raw": 49, "N_roi": 49, "N_inlier": 46, "refit": true}
{"timestamp": "15:48:19.993212", "frame": 141, "mu": [-0.7970434002320161, 2.7917654157512115, 0.9022487153601347], "Sigma": [[0.014786510386184254, -4.44035468249323e-05, -0.02299258791034801], [-4.4403546824932355e-05, 0.002144281719206582, -0.0006551492771299008], [-0.022992587910348014, -0.0006551492771299008, 0.09311547057783057]], "chi2_level": 0.95, "chi2_df": 3, "chi2_threshold": 7.814727903251179, "N_raw": 76, "N_roi": 76, "N_inlier": 75, "refit": true}
{"timestamp": "15:48:20.048178", "frame": 142, "mu": [-0.830413406003695, 2.85517094685842, 0.9322107426155136], "Sigma": [[0.013133760891197084, -7.345965081319663e-05, -0.02182023426555423], [-7.345965081319666e-05, 0.0007211266519657909, -0.002248755998321859], [-0.02182023426555423, -0.0022487559983218595, 0.1076577048274221]], "chi2_level": 0.95, "chi2_df": 3, "chi2_threshold": 7.814727903251179, "N_raw": 76, "N_roi": 76, "N_inlier": 73, "refit": true}
{"timestamp": "15:48:20.094514", "frame": 143, "mu": [-0.8920513561629504, 2.9170334001318987, 0.5316854040394404], "Sigma": [[0.003867047778244829, -0.0024522261775075343, 0.007696919213979632], [-0.0024522261775075343, 0.003934482978409883, -0.013575673924212224], [0.007696919213979633, -0.013575673924212222, 0.07710466712915104]], "chi2_level": 0.95, "chi2_df": 3, "chi2_threshold": 7.814727903251179, "N_raw": 17, "N_roi": 16, "N_inlier": 15, "refit": true}
{"timestamp": "15:48:20.152697", "frame": 144, "mu": [-0.7876870189590044, 2.9378210379609944, 0.6963707892032661], "Sigma": [[0.01055795611046186, -0.0032027458116766034, -0.01428454400745673], [-0.003202745811676604, 0.004645203331161117, 0.01589024348049685], [-0.01428454400745673, 0.01589024348049685, 0.16268391833619475]], "chi2_level": 0.95, "chi2_df": 3, "chi2_threshold": 7.814727903251179, "N_raw": 38, "N_roi": 38, "N_inlier": 35, "refit": true}
{"timestamp": "15:48:20.208390", "frame": 145, "mu": [-0.8973067681433015, 2.9490104297969393, 0.6207789461716481], "Sigma": [[0.00957875813683534, 0.0004093318841578962, -0.010224495877808014], [0.0004093318841578963, 0.0006456858337201956, -0.002024997833678585], [-0.010224495877808014, -0.002024997833678585, 0.025770059579666202]], "chi2_level": 0.95, "chi2_df": 3, "chi2_threshold": 7.814727903251179, "N_raw": 40, "N_roi": 38, "N_inlier": 33, "refit": true}
{"timestamp": "15:48:20.262321", "frame": 146, "mu": [-0.9118034591450583, 3.043544382886827, 1.0923156903532052], "Sigma": [[0.007238537751901273, 0.0026426250364528555, -0.002443085754697926], [0.0026426250364528555, 0.002154196318170726, -0.004395195978583706], [-0.0024430857546979263, -0.004395195978583706, 0.06625312415864908]], "chi2_level": 0.95, "chi2_df": 3, "chi2_threshold": 7.814727903251179, "N_raw": 27, "N_roi": 27, "N_inlier": 24, "refit": true}
{"timestamp": "15:48:20.320818", "frame": 147, "mu": [-0.963099012250553, 3.0628861185351646, 0.7474235586791864], "Sigma": [[0.01614231026450536, 0.002663541816078115, 0.021489558858959576], [0.002663541816078115, 0.0009355412941674095, 0.007542968879394113], [0.021489558858959576, 0.007542968879394113, 0.1503953609266511]], "chi2_level": 0.95, "chi2_df": 3, "chi2_threshold": 7.814727903251179, "N_raw": 59, "N_roi": 59, "N_inlier": 58, "refit": true}
{"timestamp": "15:48:20.373456", "frame": 148, "mu": [-1.0078953004449476, 3.0628413856144108, 0.8778445578843362], "Sigma": [[0.006147271958334783, 0.0010511379758765104, 0.0033895002796568113], [0.0010511379758765106, 0.00531840459801169, -0.025689509506476044], [0.003389500279656811, -0.025689509506476048, 0.18987926720244494]], "chi2_level": 0.95, "chi2_df": 3, "chi2_threshold": 7.814727903251179, "N_raw": 32, "N_roi": 32, "N_inlier": 30, "refit": true}
{"timestamp": "15:48:20.425976", "frame": 149, "mu": [-1.104825809131293, 2.989907676100856, 1.2232528046073], "Sigma": [[0.005621594314702281, 0.001940455060051166, 3.473503008106691e-05], [0.001940455060051166, 0.008755073659252386, -0.029964398430257035], [3.473503008106626e-05, -0.029964398430257035, 0.15210813564470393]], "chi2_level": 0.95, "chi2_df": 3, "chi2_threshold": 7.814727903251179, "N_raw": 25, "N_roi": 25, "N_inlier": 23, "refit": true}
{"timestamp": "15:48:20.507726", "frame": 150, "mu": [-1.0626282819053459, 3.1788788735316973, 0.7304775559048735], "Sigma": [[0.0032335244555403582, 0.00019101050553912519, -0.01121337734867896], [0.00019101050553912519, 0.002521884423792249, -0.018741046845583857], [-0.01121337734867896, -0.018741046845583857, 0.23433514707779105]], "chi2_level": 0.95, "chi2_df": 3, "chi2_threshold": 7.814727903251179, "N_raw": 13, "N_roi": 13, "N_inlier": 11, "refit": true}
{"timestamp": "15:48:20.535587", "frame": 151, "mu": [-1.1275620675747782, 3.1108183675494288, 0.3246427150360114], "Sigma": [[0.009299291539987278, 0.000801232176111302, 0.0025164056323689625], [0.0008012321761113019, 0.0024875526373400194, -0.020784205905047645], [0.002516405632368964, -0.020784205905047645, 0.3907787988136349]], "chi2_level": 0.95, "chi2_df": 3, "chi2_threshold": 7.814727903251179, "N_raw": 18, "N_roi": 18, "N_inlier": 17, "refit": true}
