{"timestamp": "16:21:16.356077", "frame": 28, "mu": [1.5822665252233366, 0.6191457725864405, 1.3712189390968512], "Sigma": [[0.00379437773694036, 0.0002482484270176183, -0.005778650008196039], [0.00024824842701761827, 0.004532938484086445, -0.0016838433918757246], [-0.005778650008196039, -0.0016838433918757248, 0.01486918687206945]], "chi2_level": 0.99, "chi2_df": 3, "chi2_threshold": 11.344866730144373, "N_raw": 14, "N_roi": 14, "N_inlier": 13, "refit": true}
{"timestamp": "16:21:16.466212", "frame": 30, "mu": [1.5235875427899805, 0.5634848256047347, 1.364223770418613], "Sigma": [[0.0040724115112997505, 0.0015272088394015413, -0.0060425071633230095], [0.0015272088394015413, 0.004513304401864835, -0.0063224505113378075], [-0.0060425071633230095, -0.0063224505113378075, 0.015521916174378439]], "chi2_level": 0.99, "chi2_df": 3, "chi2_threshold": 11.344866730144373, "N_raw": 13, "N_roi": 13, "N_inlier": 13, "refit": true}
{"timestamp": "16:21:16.522155", "frame": 31, "mu": [1.5040974048969111, 0.5109470236025165, 1.3674402998175808], "Sigma": [[0.002206861705039689, -0.0013691612135429462, -0.0024267994446081223], [-0.0013691612135429462, 0.006971784527710395, -0.0028928481121344297], [-0.0024267994446081223, -0.0028928481121344297, 0.007762541328663605]], "chi2_level": 0.99, "chi2_df": 3, "chi2_threshold": 11.344866730144373, "N_raw": 21, "N_roi": 21, "N_inlier": 20, "refit": true}
{"timestamp": "16:21:16.579028", "frame": 32, "mu": [1.4058901042161835, 0.5408834999780529, 1.47229343553103], "Sigma": [[0.0020815652744991184, 0.0009731716422448928, -0.0019265193016283371], [0.0009731716422448927, 0.006957820848058101, -0.006845106168857532], [-0.0019265193016283371, -0.006845106168857531, 0.008912975480077715]], "chi2_level": 0.99, "chi2_df": 3, "chi2_threshold": 11.344866730144373, "N_raw": 10, "N_roi": 10, "N_inlier": 10, "refit": true}
{"timestamp": "16:21:16.633336", "frame": 33, "mu": [1.343552356463571, 0.5977594387328862, -0.3589090923925117], "Sigma": [[0.003766850217468978, -0.000890065049077759, -0.00454279084876953], [-0.000890065049077759, 0.0023770185114222863, 0.0029415143228289317], [-0.00454279084876953, 0.002941514322828932, 0.01881723211621731]], "chi2_level": 0.99, "chi2_df": 3, "chi2_threshold": 11.344866730144373, "N_raw": 14, "N_roi": 14, "N_inlier": 14, "refit": true}
{"timestamp": "16:21:16.690682", "frame": 34, "mu": [1.3269558036458404, 0.6210694231961741, 1.1147454429363906], "Sigma": [[0.05252321247304197, 0.005789547838699542, -0.021707852779253783], [0.005789547838699542, 0.03328500547042502, -0.057236303709820927], [-0.021707852779253776, -0.057236303709820927, 0.1230244341015019]], "chi2_level": 0.99, "chi2_df": 3, "chi2_threshold": 11.344866730144373, "N_raw": 24, "N_roi": 24, "N_inlier": 23, "refit": true}
{"timestamp": "16:21:16.743223", "frame": 35, "mu": [1.368421057036522, 0.5427881284696238, 1.1266892376543416], "Sigma": [[0.00879269950989824, -0.007789890750173485, -0.02016415307935763], [-0.007789890750173485, 0.016537799161295347, -0.0035485725698504895], [-0.020164153079357636, -0.0035485725698504913, 0.12732959611687336]], "chi2_level": 0.99, "chi2_df": 3, "chi2_threshold": 11.344866730144373, "N_raw": 11, "N_roi": 11, "N_inlier": 10, "refit": true}
{"timestamp": "16:21:16.800284", "frame": 36, "mu": [1.2986531765386895, 0.6092175258147599, 1.3153824367799156], "Sigma": [[0.003855785817749598, -0.0006942435485728364, -0.0022973481500424674], [-0.0006942435485728366, 0.005193735826605195, -0.01374945371541612], [-0.002297348150042467, -0.013749453715416122, 0.049892968475608646]], "chi2_level": 0.99, "chi2_df": 3, "chi2_threshold": 11.344866730144373, "N_raw": 17, "N_roi": 17, "N_inlier": 15, "refit": true}
{"timestamp": "16:21:16.856068", "frame": 37, "mu": [1.3046067566899449, 0.5884061133244053, 1.305861710986952], "Sigma": [[0.004173099008736451, -0.0026545956996680505, 0.00276327175992971], [-0.002654595699668051, 0.009479440620452135, -0.013219792760490937], [0.00276327175992971, -0.013219792760490937, 0.039567460942684596]], "chi2_level": 0.99, "chi2_df": 3, "chi2_threshold": 11.344866730144373, "N_raw": 33, "N_roi": 33, "N_inlier": 32, "refit": true}
{"timestamp": "16:21:16.911854", "frame": 38, "mu": [1.258189975145022, 0.7019960279044388, -0.6199146670220509], "Sigma": [[0.005602923734304063, -0.002283467101269559, -0.005330884587389148], [-0.002283467101269559, 0.032540343217254596, -0.05074639926700282], [-0.0053308845873891435, -0.05074639926700281, 0.15138403073625814]], "chi2_level": 0.99, "chi2_df": 3, "chi2_threshold": 11.344866730144373, "N_raw": 33, "N_roi": 33, "N_inlier": 31, "refit": true}
{"timestamp": "16:21:16.963330", "frame": 39, "mu": [1.1747486590682508, 0.5542432475254458, 1.1145069527120277], "Sigma": [[0.00634125303796124, 0.001493331352555426, 0.009749026033410161], [0.001493331352555426, 0.009829879745025362, -0.00937163523532512], [0.00974902603341016, -0.009371635235325117, 0.27220090256795043]], "chi2_level": 0.99, "chi2_df": 3, "chi2_threshold": 11.344866730144373, "N_raw": 11, "N_roi": 11, "N_inlier": 10, "refit": true}
{"timestamp": "16:21:17.020031", "frame": 40, "mu": [1.1891774001044548, 0.5208499753136692, 1.3494945745545728], "Sigma": [[0.006591663618226946, -0.004827307757990092, -0.019401419977629158], [-0.004827307757990092, 0.005634950827731553, 0.014337275215931169], [-0.01940141997762916, 0.014337275215931167, 0.08391948917511842]], "chi2_level": 0.99, "chi2_df": 3, "chi2_threshold": 11.344866730144373, "N_raw": 20, "N_roi": 20, "N_inlier": 18, "refit": true}
{"timestamp": "16:21:17.130975", "frame": 42, "mu": [1.0613404621042999, 0.566091778399944, 1.3657510794566443], "Sigma": [[0.005794667318507806, -0.004635076361271666, 0.007253618408783197], [-0.004635076361271666, 0.005683457383472077, -0.005497826496819586], [0.007253618408783197, -0.005497826496819585, 0.10324432398414496]], "chi2_level": 0.99, "chi2_df": 3, "chi2_threshold": 11.344866730144373, "N_raw": 33, "N_roi": 33, "N_inlier": 31, "refit": true}
{"timestamp": "16:21:17.185144", "frame": 43, "mu": [1.0446934732205817, 0.5676487060082317, 1.4328252227232336], "Sigma": [[0.00695810595692023, -0.004407109573653884, -0.005390280118232183], [-0.004407109573653884, 0.004477625177913142, 0.003377754787415839], [-0.005390280118232183, 0.0033777547874158393, 0.004331927715521307]], "chi2_level": 0.99, "chi2_df": 3, "chi2_threshold": 11.344866730144373, "N_raw": 18, "N_roi": 18, "N_inlier": 18, "refit": true}
{"timestamp": "16:21:17.243483", "frame": 44, "mu": [0.9446574023132245, 0.6632865812861167, 1.4849180622857951], "Sigma": [[0.00764880047214056, -0.004045067600670881, -0.0058138446697612485], [-0.004045067600670881, 0.004392179273078532, 0.0014809932566761759], [-0.0058138446697612485, 0.0014809932566761759, 0.006241105789637024]], "chi2_level": 0.99, "chi2_df": 3, "chi2_threshold": 11.344866730144373, "N_raw": 48, "N_roi": 48, "N_inlier": 46, "refit": true}
{"timestamp": "16:21:17.299736", "frame": 45, "mu": [0.9134871572211738, 0.6380089184712557, 1.4683885667577674], "Sigma": [[0.011655597454418454, -0.008271562468293955, -0.009494785499414045], [-0.008271562468293955, 0.007998631126042178, 0.005557851032047003], [-0.009494785499414045, 0.005557851032047003, 0.00910542954591824]], "chi2_level": 0.99, "chi2_df": 3, "chi2_threshold": 11.344866730144373, "N_raw": 55, "N_roi": 55, "N_inlier": 55, "refit": true}
{"timestamp": "16:21:17.353337", "frame": 46, "mu": [0.7768893408889622, 0.760733297713197, 1.5530566927951939], "Sigma": [[0.002543349390807267, 0.0002949146261760712, -0.0008543318513481275], [0.0002949146261760712, 0.003918785236038754, -0.0009580132725224133], [-0.0008543318513481275, -0.0009580132725224133, 0.0006826427072932172]], "chi2_level": 0.99, "chi2_df": 3, "chi2_threshold": 11.344866730144373, "N_raw": 41, "N_roi": 41, "N_inlier": 39, "refit": true}
{"timestamp": "16:21:17.410388", "frame": 47, "mu": [0.785961117495146, 0.7079086808992575, 1.4714457372428755], "Sigma": [[0.005990196808406535, -9.505792473054937e-05, -0.004488029508955387], [-9.505792473054943e-05, 0.0012125696683188017, -0.0014828365540737977], [-0.004488029508955387, -0.0014828365540737977, 0.005932532539416834]], "chi2_level": 0.99, "chi2_df": 3, "chi2_threshold": 11.344866730144373, "N_raw": 58, "N_roi": 58, "N_inlier": 54, "refit": true}
{"timestamp": "16:21:17.466775", "frame": 48, "mu": [0.7113616136914189, 0.6929613965893893, 1.5187439233188802], "Sigma": [[0.005252819185770839, 0.00029441067786752936, -0.005452965239106512], [0.0002944106778675292, 0.0018812705225021897, -0.0014585198250883535], [-0.005452965239106512, -0.0014585198250883532, 0.007189378270070184]], "chi2_level": 0.99, "chi2_df": 3, "chi2_threshold": 11.344866730144373, "N_raw": 41, "N_roi": 41, "N_inlier": 39, "refit": true}
{"timestamp": "16:21:17.516785", "frame": 49, "mu": [0.683566754970592, 0.683778023473075, 1.5375996191273593], "Sigma": [[0.002951384068222102, -0.00026513441205729056, -0.0012014959773474975], [-0.0002651344120572906, 0.001886133721125465, -0.0007465878703070307], [-0.0012014959773474975, -0.0007465878703070308, 0.0010296725703174564]], "chi2_level": 0.99, "chi2_df": 3, "chi2_threshold": 11.344866730144373, "N_raw": 38, "N_roi": 38, "N_inlier": 36, "refit": true}
{"timestamp": "16:21:17.570990", "frame": 50, "mu": [0.7380588959133852, 0.8030293484290253, -0.4706461729626359], "Sigma": [[0.010451582648626459, 0.0027687253964226487, -0.016998482269018893], [0.0027687253964226487, 0.0026522507719285975, -0.006286405435519992], [-0.016998482269018893, -0.006286405435519992, 0.04657419209689767]], "chi2_level": 0.99, "chi2_df": 3, "chi2_threshold": 11.344866730144373, "N_raw": 32, "N_roi": 32, "N_inlier": 31, "refit": true}
{"timestamp": "16:21:17.627385", "frame": 51, "mu": [0.6434513340905585, 0.6344543508680696, 1.4250665391325255], "Sigma": [[0.005300158540341526, -0.0032256708286920845, -0.009477444776078106], [-0.0032256708286920845, 0.00558525673461113, 0.011010328746709626], [-0.009477444776078106, 0.011010328746709628, 0.034562367968574516]], "chi2_level": 0.99, "chi2_df": 3, "chi2_threshold": 11.344866730144373, "N_raw": 41, "N_roi": 41, "N_inlier": 38, "refit": true}
{"timestamp": "16:21:17.678650", "frame": 52, "mu": [0.5641002334885029, 0.6383617006964323, 1.508144928646172], "Sigma": [[0.003265565073528058, -8.963989964686593e-05, -0.0033804988133460303], [-8.96398996468659e-05, 0.0007629225160023294, -0.0006635213251200386], [-0.0033804988133460303, -0.0006635213251200386, 0.004872462864514297]], "chi2_level": 0.99, "chi2_df": 3, "chi2_threshold": 11.344866730144373, "N_raw": 15, "N_roi": 15, "N_inlier": 15, "refit": true}
{"timestamp": "16:21:17.739537", "frame": 53, "mu": [0.5641040653389315, 0.6110197413772828, 1.466360023070643], "Sigma": [[0.003682752102287519, -0.0003614405449574048, -0.003205610745363377], [-0.0003614405449574048, 0.0005946054175953208, -0.00047533428994500735], [-0.003205610745363377, -0.00047533428994500735, 0.0051175231153129785]], "chi2_level": 0.99, "chi2_df": 3, "chi2_threshold": 11.344866730144373, "N_raw": 52, "N_roi": 52, "N_inlier": 47, "refit": true}
{"timestamp": "16:21:17.794584", "frame": 54, "mu": [0.5263442080880018, 0.6283350841068194, 1.4610374649487052], "Sigma": [[0.003475420205369943, -0.00031786030433589594, -0.002797060546390748], [-0.00031786030433589605, 0.0008181438601765444, -0.0008798679352749837], [-0.0027970605463907483, -0.0008798679352749837, 0.0044439820197869516]], "chi2_level": 0.99, "chi2_df": 3, "chi2_threshold": 11.344866730144373, "N_raw": 53, "N_roi": 53, "N_inlier": 50, "refit": true}
{"timestamp": "16:21:17.851518", "frame": 55, "mu": [0.48575842974441874, 0.6065660157006377, 1.4726897488718511], "Sigma": [[0.004921689821291364, -0.0015117847592853592, -0.004878401684305779], [-0.0015117847592853594, 0.002801411478309637, 0.0012753198956459546], [-0.004878401684305779, 0.0012753198956459543, 0.006217456289891305]], "chi2_level": 0.99, "chi2_df": 3, "chi2_threshold": 11.344866730144373, "N_raw": 62, "N_roi": 62, "N_inlier": 60, "refit": true}
{"timestamp": "16:21:17.907015", "frame": 56, "mu": [0.42837600412650806, 0.6130844882455178, 1.4997840949430181], "Sigma": [[0.002665543755744979, -0.0004112229582346689, -0.0027840929074299113], [-0.0004112229582346689, 0.0023461034412239823, 0.0005158697229354254], [-0.002784092907429911, 0.0005158697229354254, 0.004322295256262469]], "chi2_level": 0.99, "chi2_df": 3, "chi2_threshold": 11.344866730144373, "N_raw": 44, "N_roi": 44, "N_inlier": 40, "refit": true}
{"timestamp": "16:21:17.960107", "frame": 57, "mu": [0.3705578888424034, 0.617946383000036, 1.5144895044233257], "Sigma": [[0.002714739411565695, 0.0008576924358642281, -0.0012879158312398176], [0.0008576924358642282, 0.0023028449651281207, -0.00153435205779237], [-0.001287915831239818, -0.00153435205779237, 0.0017305513140301139]], "chi2_level": 0.99, "chi2_df": 3, "chi2_threshold": 11.344866730144373, "N_raw": 60, "N_roi": 60, "N_inlier": 57, "refit": true}
{"timestamp": "16:21:18.018850", "frame": 58, "mu": [0.3671839875632791, 0.5858129069584128, 1.4688366196032199], "Sigma": [[0.0028039078081258636, -0.0005135353766204556, -0.0035400361046758477], [-0.0005135353766204556, 0.0010731135340591085, -0.00022741979108325676], [-0.0035400361046758477, -0.0002274197910832567, 0.0061033900533577394]], "chi2_level": 0.99, "chi2_df": 3, "chi2_threshold": 11.344866730144373, "N_raw": 52, "N_roi": 52, "N_inlier": 49, "refit": true}
{"timestamp": "16:21:18.072394", "frame": 59, "mu": [0.3243629755050658, 0.7379170770768494, -0.4120917720178984], "Sigma": [[0.004769072523583784, 0.000468002873945038, -0.00610699483401805], [0.000468002873945038, 0.002290385023393734, -0.0022001788997732504], [-0.00610699483401805, -0.0022001788997732504, 0.009339068387342617]], "chi2_level": 0.99, "chi2_df": 3, "chi2_threshold": 11.344866730144373, "N_raw": 77, "N_roi": 77, "N_inlier": 73, "refit": true}
{"timestamp": "16:21:18.128880", "frame": 60, "mu": [0.2624795004556832, 0.6284221568221017, 1.5063446617432508], "Sigma": [[0.002965926124974019, 0.0008735614845891354, -0.0030259444243244684], [0.0008735614845891354, 0.0027390571208722207, -0.001747357358122662], [-0.0030259444243244684, -0.001747357358122662, 0.005243440652539041]], "chi2_level": 0.99, "chi2_df": 3, "chi2_threshold": 11.344866730144373, "N_raw": 74, "N_roi": 74, "N_inlier": 70, "refit": true}
{"timestamp": "16:21:18.183887", "frame": 61, "mu": [0.23729041534791764, 0.6709803116431607, -0.16033039259108908], "Sigma": [[0.0031104622496386323, 0.0009879284626572009, 0.020521990401003977], [0.0009879284626572006, 0.010008026671887207, -0.031744874105526816], [0.020521990401003977, -0.031744874105526816, 0.434571855056798]], "chi2_level": 0.99, "chi2_df": 3, "chi2_threshold": 11.344866730144373, "N_raw": 82, "N_roi": 80, "N_inlier": 78, "refit": true}
{"timestamp": "16:21:18.239946", "frame": 62, "mu": [0.20357789061484616, 0.5862184136603875, 1.4217210318242428], "Sigma": [[0.002743693832591889, -0.00191613468942663, -0.006045858657870318], [-0.00191613468942663, 0.005382139551528873, 0.007818231300836073], [-0.006045858657870318, 0.007818231300836077, 0.026347876950858076]], "chi2_level": 0.99, "chi2_df": 3, "chi2_threshold": 11.344866730144373, "N_raw": 87, "N_roi": 85, "N_inlier": 85, "refit": true}
{"timestamp": "16:21:18.291705", "frame": 63, "mu": [0.16198303141492737, 0.5985190291901197, 1.4495925538467302], "Sigma": [[0.0012657931465488404, -0.0002492168875345887, -0.0012553697982281716], [-0.0002492168875345887, 0.0013325777568883072, -0.002516744126726818], [-0.0012553697982281716, -0.002516744126726818, 0.008515720703951037]], "chi2_level": 0.99, "chi2_df": 3, "chi2_threshold": 11.344866730144373, "N_raw": 70, "N_roi": 70, "N_inlier": 67, "refit": true}
{"timestamp": "16:21:18.339260", "frame": 64, "mu": [0.11902771902664554, 0.5449288667419337, 0.565205521613074], "Sigma": [[0.0010356768115776858, 0.0006920566995604328, 0.0036616791518303193], [0.0006920566995604327, 0.005066835857352069, 0.026127167112810407], [0.00366167915183032, 0.026127167112810403, 0.5120946155915025]], "chi2_level": 0.99, "chi2_df": 3, "chi2_threshold": 11.344866730144373, "N_raw": 11, "N_roi": 11, "N_inlier": 11, "refit": true}
{"timestamp": "16:21:18.400265", "frame": 65, "mu": [0.041825261344713816, 0.6575889912134364, 1.5111649190667853], "Sigma": [[0.0012906279218710124, 1.6442243105785776e-05, -0.001824441852207687], [1.6442243105785763e-05, 0.0025072405848209386, -0.002321391135846894], [-0.001824441852207687, -0.0023213911358468944, 0.0063853510984779585]], "chi2_level": 0.99, "chi2_df": 3, "chi2_threshold": 11.344866730144373, "N_raw": 67, "N_roi": 67, "N_inlier": 66, "refit": true}
{"timestamp": "16:21:18.460456", "frame": 66, "mu": [0.003749529199111319, 0.6521335446945798, 1.409337649242603], "Sigma": [[0.0024266003251207286, -0.0007813682066178198, -0.004746044071067331], [-0.0007813682066178198, 0.0022459486225190513, -0.0015994106961484953], [-0.004746044071067332, -0.0015994106961484953, 0.01823339909620858]], "chi2_level": 0.99, "chi2_df": 3, "chi2_threshold": 11.344866730144373, "N_raw": 96, "N_roi": 96, "N_inlier": 92, "refit": true}
{"timestamp": "16:21:18.514272", "frame": 67, "mu": [-0.0419894510856569, 0.6558138426727045, 1.4435824874481935], "Sigma": [[0.0027208581698353195, 0.0004324976248078443, -0.0047029811442842705], [0.0004324976248078442, 0.0024005796907541717, -0.0035525991336927683], [-0.0047029811442842705, -0.0035525991336927683, 0.012188663091610472]], "chi2_level": 0.99, "chi2_df": 3, "chi2_threshold": 11.344866730144373, "N_raw": 81, "N_roi": 81, "N_inlier": 80, "refit": true}
{"timestamp": "16:21:18.569294", "frame": 68, "mu": [-0.11232061027185102, 0.5991915380008562, 1.4749777509466622], "Sigma": [[0.002463543808027268, -0.002744882357297785, -0.0030282453307758366], [-0.002744882357297785, 0.003999169010354019, 0.0028121696373689933], [-0.003028245330775837, 0.002812169637368994, 0.010673350022582026]], "chi2_level": 0.99, "chi2_df": 3, "chi2_threshold": 11.344866730144373, "N_raw": 79, "N_roi": 79, "N_inlier": 75, "refit": true}
{"timestamp": "16:21:18.630065", "frame": 69, "mu": [-0.11621930361664969, 0.6111750493386319, 1.3708727691121698], "Sigma": [[0.0038403109810624305, -0.00317581445248324, -0.006518710102545148], [-0.00317581445248324, 0.006034001490857726, 0.0021197107607157043], [-0.006518710102545148, 0.0021197107607157047, 0.01838824496589585]], "chi2_level": 0.99, "chi2_df": 3, "chi2_threshold": 11.344866730144373, "N_raw": 120, "N_roi": 120, "N_inlier": 117, "refit": true}
{"timestamp": "16:21:18.684357", "frame": 70, "mu": [-0.19369372832023973, 0.7781420549551993, -0.37627104339343215], "Sigma": [[0.004857078277168864, -0.0008089983025444641, -0.006578471712315432], [-0.0008089983025444641, 0.003088711459037344, -0.001954997773222063], [-0.006578471712315432, -0.001954997773222063, 0.013283651401152893]], "chi2_level": 0.99, "chi2_df": 3, "chi2_threshold": 11.344866730144373, "N_raw": 115, "N_roi": 115, "N_inlier": 111, "refit": true}
{"timestamp": "16:21:18.730364", "frame": 71, "mu": [-0.24170272471074175, 0.6751015357484413, 1.4994021676560552], "Sigma": [[0.004084317428550809, -0.0004814509693668327, -0.006868658686851203], [-0.0004814509693668326, 0.0014064680230282507, -0.0009200321518537046], [-0.006868658686851202, -0.0009200321518537044, 0.015326804291081783]], "chi2_level": 0.99, "chi2_df": 3, "chi2_threshold": 11.344866730144373, "N_raw": 55, "N_roi": 55, "N_inlier": 55, "refit": true}
{"timestamp": "16:21:18.785012", "frame": 72, "mu": [-0.289512515873418, 0.6906728845564354, 1.468774771894675], "Sigma": [[0.008448737582408708, 0.0015058571144277706, -0.00940880647267324], [0.0015058571144277702, 0.0021398032827321637, -0.00396995559454357], [-0.00940880647267324, -0.00396995559454357, 0.013971568780116175]], "chi2_level": 0.99, "chi2_df": 3, "chi2_threshold": 11.344866730144373, "N_raw": 49, "N_roi": 49, "N_inlier": 46, "refit": true}
{"timestamp": "16:21:18.845177", "frame": 73, "mu": [-0.2633454029419095, 0.658334144807697, 1.3878788490172267], "Sigma": [[0.003283437198022799, -0.0013046608303205445, -0.004611181249331354], [-0.0013046608303205445, 0.0032500700710006154, -0.001553450979864582], [-0.004611181249331354, -0.001553450979864582, 0.012308161148940011]], "chi2_level": 0.99, "chi2_df": 3, "chi2_threshold": 11.344866730144373, "N_raw": 88, "N_roi": 88, "N_inlier": 84, "refit": true}
{"timestamp": "16:21:18.905283", "frame": 74, "mu": [-0.3217451377677557, 0.6358951355045371, 1.4035130554736797], "Sigma": [[0.007899575203680367, -0.0033125685865033902, -0.011034037848274603], [-0.0033125685865033902, 0.003190687798645714, 0.0019895374486206072], [-0.011034037848274603, 0.0019895374486206072, 0.021731154453660622]], "chi2_level": 0.99, "chi2_df": 3, "chi2_threshold": 11.344866730144373, "N_raw": 118, "N_roi": 118, "N_inlier": 110, "refit": true}
{"timestamp": "16:21:18.966569", "frame": 75, "mu": [-0.4034303018157079, 0.6367537471831703, 1.1239201952737348], "Sigma": [[0.01366255765307439, -0.001002556586701203, -0.03045929450583723], [-0.0010025565867012027, 0.00329880611914151, -0.005096831577796248], [-0.03045929450583723, -0.005096831577796248, 0.40371147253347234]], "chi2_level": 0.99, "chi2_df": 3, "chi2_threshold": 11.344866730144373, "N_raw": 137, "N_roi": 137, "N_inlier": 130, "refit": true}
{"timestamp": "16:21:19.002065", "frame": 76, "mu": [-0.6470599108573749, 0.6116221451133709, 1.3546441702308685], "Sigma": [[0.026839129565013713, 0.010618208817347461, -0.06733022059474028], [0.010618208817347461, 0.008538545550635164, -0.041597429659567066], [-0.06733022059474028, -0.041597429659567066, 0.46660222138852386]], "chi2_level": 0.99, "chi2_df": 3, "chi2_threshold": 11.344866730144373, "N_raw": 24, "N_roi": 24, "N_inlier": 23, "refit": true}
{"timestamp": "16:21:19.056628", "frame": 77, "mu": [-0.5242869654713804, 0.6122549633380964, 1.2000033540567718], "Sigma": [[0.03732535734708986, -0.0019330293996905924, -0.011136101804339256], [-0.0019330293996905937, 0.015257802861395272, -0.06381378936714688], [-0.011136101804339256, -0.06381378936714688, 0.29567069518942396]], "chi2_level": 0.99, "chi2_df": 3, "chi2_threshold": 11.344866730144373, "N_raw": 36, "N_roi": 36, "N_inlier": 35, "refit": true}
{"timestamp": "16:21:19.116536", "frame": 78, "mu": [-0.6025287341936807, 0.5758944862605033, 1.4841840666878299], "Sigma": [[0.054000414356636016, 0.006621107002160672, -0.03978248393396591], [0.006621107002160672, 0.004701447658118187, -0.0050664353473219665], [-0.03978248393396591, -0.005066435347321967, 0.034600905385689565]], "chi2_level": 0.99, "chi2_df": 3, "chi2_threshold": 11.344866730144373, "N_raw": 72, "N_roi": 72, "N_inlier": 70, "refit": true}
{"timestamp": "16:21:19.167490", "frame": 79, "mu": [-0.7819317087675549, 0.6627599943009832, -0.25885741235102], "Sigma": [[0.024445582999165497, 0.012410973179935995, -0.02555277959191639], [0.012410973179935995, 0.010961631328273153, -0.01611689593434904], [-0.02555277959191639, -0.01611689593434904, 0.03745399986626108]], "chi2_level": 0.99, "chi2_df": 3, "chi2_threshold": 11.344866730144373, "N_raw": 31, "N_roi": 31, "N_inlier": 28, "refit": true}
{"timestamp": "16:21:19.223940", "frame": 80, "mu": [-0.6777097813807286, 0.6256621040296972, -0.3610541762010465], "Sigma": [[0.036851065369580285, 0.017349904587469073, -0.030456185677719856], [0.01734990458746907, 0.013870846122933982, -0.015312215902108017], [-0.030456185677719853, -0.015312215902108017, 0.030492957971668448]], "chi2_level": 0.99, "chi2_df": 3, "chi2_threshold": 11.344866730144373, "N_raw": 46, "N_roi": 46, "N_inlier": 46, "refit": true}
{"timestamp": "16:21:19.286283", "frame": 81, "mu": [-0.6505617401323462, 0.5500564285124646, 1.442363724646997], "Sigma": [[0.03062689866571355, 0.004693797473377901, -0.034308058253029475], [0.004693797473377901, 0.004619971837273155, -0.0093939448966514], [-0.03430805825302948, -0.0093939448966514, 0.044480263997453175]], "chi2_level": 0.99, "chi2_df": 3, "chi2_threshold": 11.344866730144373, "N_raw": 95, "N_roi": 95, "N_inlier": 94, "refit": true}
{"timestamp": "16:21:19.334222", "frame": 82, "mu": [-0.8931681011501701, 0.6078373920555077, -0.18714900159499115], "Sigma": [[0.008417637954097642, 0.004088649292298839, -0.0041404280762033785], [0.004088649292298839, 0.008249651757696898, -0.0062262057565339755], [-0.0041404280762033785, -0.0062262057565339755, 0.005813154365662805]], "chi2_level": 0.99, "chi2_df": 3, "chi2_threshold": 11.344866730144373, "N_raw": 51, "N_roi": 51, "N_inlier": 49, "refit": true}
{"timestamp": "16:21:19.388534", "frame": 83, "mu": [-0.9194778607452481, 0.5682811160461566, -0.2128256716536297], "Sigma": [[0.007657637180139496, 0.004475205161667006, -0.004868159819751608], [0.004475205161667006, 0.009633781769188917, -0.006692271587302059], [-0.004868159819751607, -0.006692271587302059, 0.006576780412644325]], "chi2_level": 0.99, "chi2_df": 3, "chi2_threshold": 11.344866730144373, "N_raw": 46, "N_roi": 46, "N_inlier": 44, "refit": true}
{"timestamp": "16:21:19.448744", "frame": 84, "mu": [-0.9172017764066558, 0.562537321029533, -0.28424921540127734], "Sigma": [[0.007298661242816273, 0.002287755553355005, 0.0014702105653240133], [0.002287755553355005, 0.00880819410393408, -0.0020605604608590366], [0.0014702105653240133, -0.0020605604608590366, 0.0024119456601058966]], "chi2_level": 0.99, "chi2_df": 3, "chi2_threshold": 11.344866730144373, "N_raw": 78, "N_roi": 78, "N_inlier": 77, "refit": true}
{"timestamp": "16:21:19.502667", "frame": 85, "mu": [-0.9530033297138828, 0.4682166305710509, 1.6167914411169317], "Sigma": [[0.007803211713700182, 0.0008636379662482034, 1.0899744595805591e-05], [0.0008636379662482034, 0.0040742691966368485, -0.0034145050870742514], [1.0899744595805713e-05, -0.0034145050870742514, 0.0033773693624536173]], "chi2_level": 0.99, "chi2_df": 3, "chi2_threshold": 11.344866730144373, "N_raw": 70, "N_roi": 70, "N_inlier": 67, "refit": true}
{"timestamp": "16:21:19.555245", "frame": 86, "mu": [-0.9769599458145094, 0.4974639259833751, 1.5903833961042027], "Sigma": [[0.005448591340953208, 0.0012301750915551211, -0.0005190702840399159], [0.0012301750915551211, 0.00422710565928746, -0.0034518857509657167], [-0.0005190702840399158, -0.0034518857509657167, 0.0033181648869941923]], "chi2_level": 0.99, "chi2_df": 3, "chi2_threshold": 11.344866730144373, "N_raw": 55, "N_roi": 55, "N_inlier": 51, "refit": true}
{"timestamp": "16:21:19.612931", "frame": 87, "mu": [-0.8726977291298684, 0.5701345154421614, 1.3587493337583123], "Sigma": [[0.01505582735941976, 0.0055312427098706506, -0.03236602082110286], [0.0055312427098706506, 0.005606386010075967, -0.019797510922040844], [-0.03236602082110286, -0.019797510922040844, 0.10037924577780795]], "chi2_level": 0.99, "chi2_df": 3, "chi2_threshold": 11.344866730144373, "N_raw": 73, "N_roi": 73, "N_inlier": 69, "refit": true}
{"timestamp": "16:21:19.673010", "frame": 88, "mu": [-1.0025090159619392, 0.6175271320317438, -0.3677304148937128], "Sigma": [[0.010970569491169058, 0.0010208514661134462, -0.0005678094595507267], [0.0010208514661134464, 0.008451058827736389, -0.002196672699497461], [-0.0005678094595507267, -0.002196672699497461, 0.004283394499770015]], "chi2_level": 0.99, "chi2_df": 3, "chi2_threshold": 11.344866730144373, "N_raw": 97, "N_roi": 97, "N_inlier": 94, "refit": true}
{"timestamp": "16:21:19.725958", "frame": 89, "mu": [-1.0199937668894692, 0.5075390930129915, 1.5094695774027722], "Sigma": [[0.011768748143044601, 0.00018577011201995568, -0.002671272301519277], [0.00018577011201995568, 0.005979949778020803, -0.004312005515478274], [-0.002671272301519277, -0.004312005515478274, 0.004535718987457811]], "chi2_level": 0.99, "chi2_df": 3, "chi2_threshold": 11.344866730144373, "N_raw": 98, "N_roi": 98, "N_inlier": 94, "refit": true}
{"timestamp": "16:21:19.780044", "frame": 90, "mu": [-1.039384132979752, 0.516119742154728, 1.4988173417692323], "Sigma": [[0.008103618435232753, -0.00026424436270754083, -0.0035499879614771766], [-0.0002642443627075407, 0.00873865151452733, -0.00530597792440753], [-0.0035499879614771766, -0.00530597792440753, 0.006071049672519961]], "chi2_level": 0.99, "chi2_df": 3, "chi2_threshold": 11.344866730144373, "N_raw": 83, "N_roi": 83, "N_inlier": 81, "refit": true}
{"timestamp": "16:21:19.834240", "frame": 91, "mu": [-1.1151639716301573, 0.495258709799996, 1.507186091465256], "Sigma": [[0.008955037553426241, 0.00316771420707581, -7.404073462379722e-05], [0.0031677142070758104, 0.006441206743666551, -0.004664766126392633], [-7.404073462379738e-05, -0.004664766126392633, 0.004616840307224607]], "chi2_level": 0.99, "chi2_df": 3, "chi2_threshold": 11.344866730144373, "N_raw": 79, "N_roi": 78, "N_inlier": 73, "refit": true}
{"timestamp": "16:21:19.887006", "frame": 92, "mu": [-1.1157477777957936, 0.5128859013344118, 1.4991763822413453], "Sigma": [[0.0088140105633328, -0.002564650176746717, -0.003267864114593626], [-0.002564650176746718, 0.013069975088714101, 0.0023595358862303142], [-0.003267864114593626, 0.0023595358862303142, 0.005530588981535781]], "chi2_level": 0.99, "chi2_df": 3, "chi2_threshold": 11.344866730144373, "N_raw": 62, "N_roi": 62, "N_inlier": 59, "refit": true}
{"timestamp": "16:21:19.943710", "frame": 93, "mu": [-1.1478118217746205, 0.5049454074628457, 1.4966286457586127], "Sigma": [[0.009992020915626993, -0.0005914822989566261, -0.0017290545216229324], [-0.0005914822989566263, 0.008751269001351545, -0.005120145700181126], [-0.0017290545216229322, -0.005120145700181126, 0.0042157810742682236]], "chi2_level": 0.99, "chi2_df": 3, "chi2_threshold": 11.344866730144373, "N_raw": 85, "N_roi": 85, "N_inlier": 81, "refit": true}
{"timestamp": "16:21:19.994262", "frame": 94, "mu": [-1.1687739896744143, 0.44131394225829135, 1.4648748869151624], "Sigma": [[0.0067985763378145695, 0.00032712957873910477, -0.003074803231595997], [0.0003271295787391048, 0.004205700492774703, -0.002725575155056385], [-0.003074803231595997, -0.002725575155056385, 0.005164651085188578]], "chi2_level": 0.99, "chi2_df": 3, "chi2_threshold": 11.344866730144373, "N_raw": 50, "N_roi": 50, "N_inlier": 48, "refit": true}
{"timestamp": "16:21:20.051254", "frame": 95, "mu": [-1.2218712338218218, 0.4640501799256694, 1.419005722034521], "Sigma": [[0.00740223512602509, 0.0031981160140802578, -0.0030370920891767787], [0.0031981160140802578, 0.00834117590625239, -0.007390401192726827], [-0.0030370920891767787, -0.007390401192726828, 0.011035235611609453]], "chi2_level": 0.99, "chi2_df": 3, "chi2_threshold": 11.344866730144373, "N_raw": 60, "N_roi": 60, "N_inlier": 56, "refit": true}
{"timestamp": "16:21:20.105503", "frame": 96, "mu": [-1.2509410876677594, 0.48056760540458454, 1.4382791636684538], "Sigma": [[0.008166391041313411, -0.0007968297286938195, -0.0030642651134255004], [-0.0007968297286938195, 0.008249324992356453, -0.003712647526544366], [-0.003064265113425501, -0.003712647526544366, 0.010771104862719698]], "chi2_level": 0.99, "chi2_df": 3, "chi2_threshold": 11.344866730144373, "N_raw": 64, "N_roi": 64, "N_inlier": 60, "refit": true}
{"timestamp": "16:21:20.162190", "frame": 97, "mu": [-1.2698455857762712, 0.5124913998017676, -0.5381814110881755], "Sigma": [[0.009512037288821624, 0.00051381258041502, -0.00021859464703351456], [0.0005138125804150199, 0.019278656561941877, 0.0023060807957177003], [-0.00021859464703351456, 0.0023060807957177003, 0.0030833609312980563]], "chi2_level": 0.99, "chi2_df": 3, "chi2_threshold": 11.344866730144373, "N_raw": 68, "N_roi": 68, "N_inlier": 64, "refit": true}
{"timestamp": "16:21:20.219056", "frame": 98, "mu": [-1.322888359459727, 0.5427094235277548, 1.466414287355246], "Sigma": [[0.009976143192532927, -0.0011648244377167952, -0.0013898364781917197], [-0.0011648244377167954, 0.009500939663714408, -0.004733536320827695], [-0.0013898364781917195, -0.004733536320827694, 0.003276794871394411]], "chi2_level": 0.99, "chi2_df": 3, "chi2_threshold": 11.344866730144373, "N_raw": 68, "N_roi": 68, "N_inlier": 67, "refit": true}
{"timestamp": "16:21:20.271601", "frame": 99, "mu": [-1.3269046529556345, 0.5387795014278017, 1.4263893816805027], "Sigma": [[0.008488271409226063, -0.0031701832572533445, -0.004943072629999542], [-0.0031701832572533445, 0.011430569306665158, -0.003067523036051182], [-0.004943072629999543, -0.003067523036051182, 0.007259558030302954]], "chi2_level": 0.99, "chi2_df": 3, "chi2_threshold": 11.344866730144373, "N_raw": 64, "N_roi": 64, "N_inlier": 61, "refit": true}
{"timestamp": "16:21:20.435478", "frame": 100, "mu": [-1.3710227571973908, 0.535466153231994, 1.4044139851354573], "Sigma": [[0.009007819972898545, -0.00020108093547650932, -0.002633388036946998], [-0.00020108093547650932, 0.011510272995001307, -0.0018569536293184868], [-0.002633388036946998, -0.0018569536293184868, 0.01067237573896046]], "chi2_level": 0.99, "chi2_df": 3, "chi2_threshold": 11.344866730144373, "N_raw": 65, "N_roi": 65, "N_inlier": 62, "refit": true}
{"timestamp": "16:21:20.465407", "frame": 101, "mu": [-1.3782730539577286, 0.48945975949974, 1.3040086354511398], "Sigma": [[0.005646103016943925, 0.0013761052525483755, 0.0014674206229650447], [0.0013761052525483755, 0.009099853750334636, -0.0019691524876760255], [0.0014674206229650449, -0.001969152487676026, 0.018061909332803133]], "chi2_level": 0.99, "chi2_df": 3, "chi2_threshold": 11.344866730144373, "N_raw": 58, "N_roi": 58, "N_inlier": 55, "refit": true}
{"timestamp": "16:21:20.499476", "frame": 102, "mu": [-1.4429882618508814, 0.5226801841476786, 1.323237096592868], "Sigma": [[0.00821570125378356, 0.0031961812819285527, 0.002300109843622776], [0.0031961812819285527, 0.008710216839532913, -0.0011779608717126762], [0.0023001098436227765, -0.0011779608717126765, 0.01956996455656347]], "chi2_level": 0.99, "chi2_df": 3, "chi2_threshold": 11.344866730144373, "N_raw": 69, "N_roi": 69, "N_inlier": 69, "refit": true}
{"timestamp": "16:21:20.528551", "frame": 103, "mu": [-1.4489470459017935, 0.5907765454359304, 1.3836472046160382], "Sigma": [[0.006003429658872637, 0.0016612408180834318, -0.0005961411127576255], [0.0016612408180834315, 0.01016200624553187, -0.005901708755443078], [-0.0005961411127576254, -0.005901708755443077, 0.005419285473586419]], "chi2_level": 0.99, "chi2_df": 3, "chi2_threshold": 11.344866730144373, "N_raw": 53, "N_roi": 53, "N_inlier": 52, "refit": true}
{"timestamp": "16:21:20.558783", "frame": 104, "mu": [-1.48554323037118, 0.5376507760862979, 1.3006535591003205], "Sigma": [[0.00638079689888856, 0.00502959827096016, 0.002665791056380596], [0.00502959827096016, 0.008966399479365972, 0.0038212563885420847], [0.002665791056380596, 0.003821256388542085, 0.023979070319859817]], "chi2_level": 0.99, "chi2_df": 3, "chi2_threshold": 11.344866730144373, "N_raw": 58, "N_roi": 58, "N_inlier": 57, "refit": true}
{"timestamp": "16:21:20.600684", "frame": 105, "mu": [-1.5116851227090904, 0.5260034552315989, 1.2379520843330936], "Sigma": [[0.005116121246795048, 0.004696884546106355, 0.0030602722499663186], [0.004696884546106355, 0.010571840745010252, 0.004757264650675599], [0.0030602722499663186, 0.004757264650675599, 0.030629663240983415]], "chi2_level": 0.99, "chi2_df": 3, "chi2_threshold": 11.344866730144373, "N_raw": 63, "N_roi": 63, "N_inlier": 60, "refit": true}
{"timestamp": "16:21:20.655377", "frame": 106, "mu": [-1.5032841242494814, 0.550299478607288, 1.2856015129461833], "Sigma": [[0.006946483632877245, 0.00474883309790264, 0.0019745921925253596], [0.00474883309790264, 0.01143584568977841, -0.0012077581413408181], [0.0019745921925253596, -0.0012077581413408181, 0.01736853256681585]], "chi2_level": 0.99, "chi2_df": 3, "chi2_threshold": 11.344866730144373, "N_raw": 63, "N_roi": 63, "N_inlier": 62, "refit": true}
{"timestamp": "16:21:20.711778", "frame": 107, "mu": [-1.5311243019302, 0.5384523287165092, 1.266916386334735], "Sigma": [[0.008825275491697492, 0.0042082023664358915, 0.003635052165958051], [0.0042082023664358915, 0.01019463041609933, -0.003799026293116948], [0.003635052165958051, -0.003799026293116948, 0.011907439400770438]], "chi2_level": 0.99, "chi2_df": 3, "chi2_threshold": 11.344866730144373, "N_raw": 70, "N_roi": 70, "N_inlier": 64, "refit": true}
{"timestamp": "16:21:20.766666", "frame": 108, "mu": [-1.5291374162734184, 0.6024481615495797, 1.3625280296528601], "Sigma": [[0.009947623801834142, 0.002080030811764895, -0.002632312447099542], [0.0020800308117648954, 0.01359369531688706, -0.00531018004791816], [-0.002632312447099542, -0.00531018004791816, 0.003113117343481786]], "chi2_level": 0.99, "chi2_df": 3, "chi2_threshold": 11.344866730144373, "N_raw": 65, "N_roi": 65, "N_inlier": 59, "refit": true}
{"timestamp": "16:21:20.821341", "frame": 109, "mu": [-1.5891805418707656, 0.5889131006792255, 1.2740663235933702], "Sigma": [[0.0073013993848349895, 0.004584475808703343, 0.0026875922214031193], [0.004584475808703343, 0.01219479810399158, 0.0014962308908660444], [0.0026875922214031193, 0.0014962308908660442, 0.025847894078051346]], "chi2_level": 0.99, "chi2_df": 3, "chi2_threshold": 11.344866730144373, "N_raw": 62, "N_roi": 62, "N_inlier": 62, "refit": true}
{"timestamp": "16:21:20.874828", "frame": 110, "mu": [-1.6305099456588, 0.6718981980699904, 1.3386225390191213], "Sigma": [[0.007259630955304721, 0.0037704224370246845, -0.0003125875711258309], [0.0037704224370246845, 0.009417530221086436, -0.007011515798950398], [-0.0003125875711258311, -0.007011515798950397, 0.010123916335210512]], "chi2_level": 0.99, "chi2_df": 3, "chi2_threshold": 11.344866730144373, "N_raw": 57, "N_roi": 57, "N_inlier": 54, "refit": true}
{"timestamp": "16:21:20.928937", "frame": 111, "mu": [-1.3533050780215008, 0.5777937801065902, 1.1725100166644948], "Sigma": [[0.9431132649587013, -0.0421078451776861, -0.046450738958615276], [-0.0421078451776861, 0.021633157965428612, 0.016230434233528344], [-0.046450738958615276, 0.016230434233528344, 0.0417874353185906]], "chi2_level": 0.99, "chi2_df": 3, "chi2_threshold": 11.344866730144373, "N_raw": 54, "N_roi": 54, "N_inlier": 53, "refit": true}
{"timestamp": "16:21:20.985539", "frame": 112, "mu": [-1.6818022448564536, 0.6385050828958344, 1.2366594306434977], "Sigma": [[0.00843685224703564, 0.009121705243513628, 0.002438409365312177], [0.009121705243513628, 0.014270564372014205, -0.00023858335159953053], [0.002438409365312177, -0.00023858335159953074, 0.023946677054171514]], "chi2_level": 0.99, "chi2_df": 3, "chi2_threshold": 11.344866730144373, "N_raw": 64, "N_roi": 64, "N_inlier": 63, "refit": true}
{"timestamp": "16:21:21.040781", "frame": 113, "mu": [-1.6794099157636055, 0.6639787870170455, 1.2746727926816148], "Sigma": [[0.008557383307277374, 0.005337936589237946, -0.0005703169735520222], [0.005337936589237946, 0.011231205442487157, -0.004753272149418912], [-0.0005703169735520218, -0.004753272149418912, 0.013254851969134765]], "chi2_level": 0.99, "chi2_df": 3, "chi2_threshold": 11.344866730144373, "N_raw": 63, "N_roi": 63, "N_inlier": 58, "refit": true}
{"timestamp": "16:21:21.093096", "frame": 114, "mu": [-1.6974949653008733, 0.8525435182698147, -0.4610745150710874], "Sigma": [[0.007167656365115049, 0.006083836753802515, -0.0017746501043418301], [0.006083836753802515, 0.01421893532526122, -0.003730336470990541], [-0.00177465010434183, -0.0037303364709905407, 0.0016130168621556287]], "chi2_level": 0.99, "chi2_df": 3, "chi2_threshold": 11.344866730144373, "N_raw": 42, "N_roi": 42, "N_inlier": 40, "refit": true}
{"timestamp": "16:21:21.149429", "frame": 115, "mu": [-1.682880176794482, 0.8717603152682177, -0.4734496579976688], "Sigma": [[0.008566303523422298, 0.004069326237778865, -0.0008172180073455795], [0.004069326237778866, 0.01467152172380241, -0.004517179116463725], [-0.0008172180073455794, -0.004517179116463725, 0.002028433299146281]], "chi2_level": 0.99, "chi2_df": 3, "chi2_threshold": 11.344866730144373, "N_raw": 59, "N_roi": 59, "N_inlier": 54, "refit": true}
