{"timestamp": "15:41:43.755240", "frame": 51, "mu": [1.5576827342898643, 1.4747166150883415, 1.4855355014947629], "Sigma": [[0.004974427336992142, -0.002051755588679787, 0.0043592634886740235], [-0.002051755588679787, 0.004152166445004266, 0.004627790103636342], [0.004359263488674024, 0.004627790103636341, 0.14218669432500108]], "chi2_level": 0.99, "chi2_df": 3, "chi2_threshold": 11.344866730144373, "N_raw": 22, "N_roi": 22, "N_inlier": 21, "refit": true}
{"timestamp": "15:41:43.811251", "frame": 52, "mu": [1.4482027906045507, 1.5743092525410773, 1.420421375782263], "Sigma": [[0.004872420961243102, 0.00016395595908253542, -0.0019133645458949597], [0.00016395595908253553, 0.003984923078436428, -0.004085399915351472], [-0.0019133645458949597, -0.004085399915351472, 0.04385800067074772]], "chi2_level": 0.99, "chi2_df": 3, "chi2_threshold": 11.344866730144373, "N_raw": 27, "N_roi": 27, "N_inlier": 25, "refit": true}
{"timestamp": "15:41:43.867242", "frame": 53, "mu": [1.4954305863104662, 1.7110975504687027, -0.16495053169359242], "Sigma": [[0.004343727871121316, 0.0003896039507091638, 0.011956381241660713], [0.0003896039507091639, 0.0036047040836990254, -0.0025541024765239843], [0.011956381241660714, -0.002554102476523985, 0.14990074239894363]], "chi2_level": 0.99, "chi2_df": 3, "chi2_threshold": 11.344866730144373, "N_raw": 25, "N_roi": 25, "N_inlier": 24, "refit": true}
{"timestamp": "15:41:43.977077", "frame": 55, "mu": [1.5327765765534336, 1.9138002024613434, -0.21725666863510543], "Sigma": [[0.007252525578899248, 0.0004321560173234752, 0.01610423016900736], [0.00043215601732347507, 0.002830856594893915, -0.003494496380684362], [0.01610423016900736, -0.003494496380684362, 0.07253841485361656]], "chi2_level": 0.99, "chi2_df": 3, "chi2_threshold": 11.344866730144373, "N_raw": 24, "N_roi": 22, "N_inlier": 22, "refit": true}
{"timestamp": "15:41:44.470124", "frame": 64, "mu": [1.4525326912781593, 2.5730760378297592, -0.26598754125362595], "Sigma": [[0.008207033545287113, -0.00013670594082606483, -0.03674064336213636], [-0.00013670594082606477, 0.00359907581770457, 0.005206065352814324], [-0.036740643362136366, 0.005206065352814322, 0.23344309493978493]], "chi2_level": 0.99, "chi2_df": 3, "chi2_threshold": 11.344866730144373, "N_raw": 13, "N_roi": 13, "N_inlier": 13, "refit": true}
{"timestamp": "15:41:44.526155", "frame": 65, "mu": [1.3907429262570843, 2.5502610107900017, 1.3597289338918097], "Sigma": [[0.013687116208123979, -0.017505205579063373, -0.059771338231355955], [-0.017505205579063376, 0.03123820390717475, 0.10195422604687716], [-0.05977133823135595, 0.10195422604687716, 0.345374888402414]], "chi2_level": 0.99, "chi2_df": 3, "chi2_threshold": 11.344866730144373, "N_raw": 14, "N_roi": 14, "N_inlier": 14, "refit": true}
{"timestamp": "15:41:44.636794", "frame": 67, "mu": [1.4231771941495506, 2.7890766551373303, 1.485529194713939], "Sigma": [[0.00763187285897079, -0.0020147925738144747, -0.0015748998746022912], [-0.0020147925738144743, 0.0043791242717228064, 0.0019875143489224223], [-0.0015748998746022912, 0.0019875143489224223, 0.0023924142686679774]], "chi2_level": 0.99, "chi2_df": 3, "chi2_threshold": 11.344866730144373, "N_raw": 26, "N_roi": 26, "N_inlier": 25, "refit": true}
{"timestamp": "15:41:44.856198", "frame": 71, "mu": [1.4880127759659076, 3.0317985145682167, 1.2821139584988805], "Sigma": [[0.00779258068201731, -0.002825178990994301, -0.008339646521613418], [-0.0028251789909943016, 0.0022981653700835953, 0.0012345007060566883], [-0.008339646521613418, 0.0012345007060566883, 0.014370348429687261]], "chi2_level": 0.99, "chi2_df": 3, "chi2_threshold": 11.344866730144373, "N_raw": 19, "N_roi": 19, "N_inlier": 17, "refit": true}
{"timestamp": "15:41:44.915194", "frame": 72, "mu": [1.4203651902080967, 3.082940634956407, 1.4052402544533695], "Sigma": [[0.014467135871497682, -0.003889462710394433, -0.0062159723664104195], [-0.003889462710394433, 0.004934340756932647, 0.0003862160426250658], [-0.006215972366410419, 0.00038621604262506536, 0.0072773824387326585]], "chi2_level": 0.99, "chi2_df": 3, "chi2_threshold": 11.344866730144373, "N_raw": 43, "N_roi": 43, "N_inlier": 41, "refit": true}
{"timestamp": "15:41:44.966209", "frame": 73, "mu": [1.460266514650537, 3.1499085609100703, 1.306214389657955], "Sigma": [[0.006449981955197428, -0.0012865579232335417, -0.005277720636364378], [-0.0012865579232335417, 0.0036130286120517555, 0.0023700035606721076], [-0.005277720636364378, 0.0023700035606721076, 0.00689636081637299]], "chi2_level": 0.99, "chi2_df": 3, "chi2_threshold": 11.344866730144373, "N_raw": 13, "N_roi": 12, "N_inlier": 11, "refit": true}
{"timestamp": "15:41:45.022842", "frame": 74, "mu": [1.4425697850260322, 3.2395562017785715, 1.3796755329034152], "Sigma": [[0.01129720639119768, -0.0024666963285190687, -0.0017674112834559887], [-0.0024666963285190687, 0.006827015974684645, 0.009580057610938799], [-0.0017674112834559887, 0.009580057610938799, 0.015396605122366394]], "chi2_level": 0.99, "chi2_df": 3, "chi2_threshold": 11.344866730144373, "N_raw": 33, "N_roi": 30, "N_inlier": 29, "refit": true}
{"timestamp": "15:41:45.082418", "frame": 75, "mu": [1.4756078416379625, 3.2795472747091847, 1.2685930404679773], "Sigma": [[0.019104773327960244, -0.00517465703170795, -0.014712844000123222], [-0.00517465703170795, 0.006644728797946523, 0.0060717347556575145], [-0.014712844000123222, 0.0060717347556575145, 0.026610022639834245]], "chi2_level": 0.99, "chi2_df": 3, "chi2_threshold": 11.344866730144373, "N_raw": 52, "N_roi": 49, "N_inlier": 49, "refit": true}
{"timestamp": "15:41:45.131585", "frame": 76, "mu": [1.4319436781984989, 3.3346771249314506, 1.2217730882252305], "Sigma": [[0.008426963681010384, -0.0019359041422711515, 0.000561649858120164], [-0.001935904142271152, 0.002548489222663325, -0.0006304508372114044], [0.000561649858120164, -0.0006304508372114044, 0.00015800473391490376]], "chi2_level": 0.99, "chi2_df": 3, "chi2_threshold": 11.344866730144373, "N_raw": 21, "N_roi": 21, "N_inlier": 20, "refit": true}
{"timestamp": "15:41:45.243200", "frame": 78, "mu": [1.4159543699927968, 3.5306610384827133, 1.381069663732833], "Sigma": [[0.011721942427006046, -0.0034937734957096213, -0.007974555816160944], [-0.0034937734957096213, 0.0037548698839387214, 0.0008639193149135929], [-0.007974555816160944, 0.0008639193149135926, 0.008834566281134578]], "chi2_level": 0.99, "chi2_df": 3, "chi2_threshold": 11.344866730144373, "N_raw": 31, "N_roi": 31, "N_inlier": 31, "refit": true}
{"timestamp": "15:41:45.352077", "frame": 80, "mu": [1.5754352726150185, 3.563401017487625, 0.5933895456250693], "Sigma": [[0.012515586176491742, -0.006724698194206763, -0.03157787621756068], [-0.006724698194206763, 0.00814522334308468, 0.014760784940564424], [-0.03157787621756068, 0.014760784940564424, 0.16118645756374086]], "chi2_level": 0.99, "chi2_df": 3, "chi2_threshold": 11.344866730144373, "N_raw": 24, "N_roi": 24, "N_inlier": 23, "refit": true}
{"timestamp": "15:41:45.464636", "frame": 82, "mu": [1.394906193699428, 3.7067461051194086, 1.337873351403143], "Sigma": [[0.015870304390951682, -0.0038558234105164914, -0.018151123376316542], [-0.003855823410516492, 0.003356236922548379, 0.0016940160503502342], [-0.018151123376316542, 0.001694016050350234, 0.028793026907417]], "chi2_level": 0.99, "chi2_df": 3, "chi2_threshold": 11.344866730144373, "N_raw": 38, "N_roi": 38, "N_inlier": 37, "refit": true}
{"timestamp": "15:41:45.519420", "frame": 83, "mu": [1.4111797454927295, 3.7989899176892012, 1.3897914940631733], "Sigma": [[0.015750907179575422, -0.004752889786979214, -0.012572669423725268], [-0.004752889786979214, 0.00395499244589336, 0.001564987041162319], [-0.012572669423725268, 0.001564987041162319, 0.016704965994077378]], "chi2_level": 0.99, "chi2_df": 3, "chi2_threshold": 11.344866730144373, "N_raw": 35, "N_roi": 35, "N_inlier": 33, "refit": true}
{"timestamp": "15:41:45.574220", "frame": 84, "mu": [1.3635200847461886, 3.900430395002642, 1.5233265561798384], "Sigma": [[0.012205999351564863, -0.0034091567255617574, -0.009516120617369242], [-0.0034091567255617574, 0.004966553627553536, 0.004101968122467013], [-0.009516120617369242, 0.004101968122467012, 0.01086961154221504]], "chi2_level": 0.99, "chi2_df": 3, "chi2_threshold": 11.344866730144373, "N_raw": 30, "N_roi": 30, "N_inlier": 29, "refit": true}
{"timestamp": "15:41:45.627276", "frame": 85, "mu": [1.51248120218406, 3.859437158271297, 0.9022339083308051], "Sigma": [[0.01301229026823798, -0.007542387891551284, -0.02750841098952514], [-0.007542387891551284, 0.0052714291281754895, 0.022357700266227826], [-0.02750841098952514, 0.022357700266227826, 0.1415154688103422]], "chi2_level": 0.99, "chi2_df": 3, "chi2_threshold": 11.344866730144373, "N_raw": 26, "N_roi": 26, "N_inlier": 25, "refit": true}
{"timestamp": "15:41:45.684051", "frame": 86, "mu": [1.4070298766961848, 3.9576516997993374, 1.194397974269864], "Sigma": [[0.014072661661954063, -0.00762643190617723, -0.03346940319454836], [-0.00762643190617723, 0.008354005616831755, 0.04398128412535075], [-0.03346940319454836, 0.04398128412535075, 0.31136889527391104]], "chi2_level": 0.99, "chi2_df": 3, "chi2_threshold": 11.344866730144373, "N_raw": 34, "N_roi": 34, "N_inlier": 33, "refit": true}
{"timestamp": "15:41:45.736338", "frame": 87, "mu": [1.3980737146195392, 3.945371566994066, 1.264161654591204], "Sigma": [[0.008210761121535, -0.003704374610521568, -0.00791757645652209], [-0.003704374610521568, 0.00606982616530124, 0.00627268775776987], [-0.007917576456522088, 0.006272687757769869, 0.025871840937927576]], "chi2_level": 0.99, "chi2_df": 3, "chi2_threshold": 11.344866730144373, "N_raw": 17, "N_roi": 17, "N_inlier": 16, "refit": true}
{"timestamp": "15:41:45.791886", "frame": 88, "mu": [1.4276031073850692, 3.905932730967545, 1.107514317787235], "Sigma": [[0.013014921050548264, -0.004743753014257133, -0.005462916790652991], [-0.004743753014257133, 0.003629353353736608, 0.0017034131678159382], [-0.005462916790652991, 0.0017034131678159382, 0.003615665107192787]], "chi2_level": 0.99, "chi2_df": 3, "chi2_threshold": 11.344866730144373, "N_raw": 16, "N_roi": 16, "N_inlier": 16, "refit": true}
{"timestamp": "15:41:45.846095", "frame": 89, "mu": [1.4391520343537332, 3.944581928421841, 1.2602776994459561], "Sigma": [[0.01414393614626685, -0.0043476038517748046, -0.0019628518235763758], [-0.004347603851774805, 0.003076281943745102, 0.00026275443806025113], [-0.0019628518235763753, 0.0002627544380602512, 0.001360664456889893]], "chi2_level": 0.99, "chi2_df": 3, "chi2_threshold": 11.344866730144373, "N_raw": 21, "N_roi": 21, "N_inlier": 21, "refit": true}
{"timestamp": "15:41:45.957751", "frame": 91, "mu": [1.405382569909709, 4.021763514178406, 1.160432365298754], "Sigma": [[0.014456618159474474, -0.0053636585812750735, -0.0077552551959444785], [-0.0053636585812750735, 0.0045811348410443944, -0.002190326323355251], [-0.0077552551959444785, -0.0021903263233552512, 0.017739818805715173]], "chi2_level": 0.99, "chi2_df": 3, "chi2_threshold": 11.344866730144373, "N_raw": 34, "N_roi": 34, "N_inlier": 32, "refit": true}
{"timestamp": "15:41:46.011271", "frame": 92, "mu": [1.3221749166150876, 4.0396243834837335, 1.1426963780366943], "Sigma": [[0.012882386048129253, -0.004725026118704979, -0.007195227085013139], [-0.004725026118704979, 0.003828935088614292, 0.0011884716469381944], [-0.007195227085013139, 0.0011884716469381944, 0.006536431325690771]], "chi2_level": 0.99, "chi2_df": 3, "chi2_threshold": 11.344866730144373, "N_raw": 20, "N_roi": 20, "N_inlier": 20, "refit": true}
{"timestamp": "15:41:46.560826", "frame": 102, "mu": [1.005076208067595, 4.058255638746705, 1.243724563831811], "Sigma": [[0.0071338293777092445, -0.00040127851875707747, -0.0035789428557921514], [-0.00040127851875707736, 0.002015634877267473, -0.0022606592477907336], [-0.0035789428557921514, -0.0022606592477907336, 0.007741515860077679]], "chi2_level": 0.99, "chi2_df": 3, "chi2_threshold": 11.344866730144373, "N_raw": 18, "N_roi": 18, "N_inlier": 18, "refit": true}
{"timestamp": "15:41:46.672264", "frame": 104, "mu": [1.1199383023672367, 3.95756049849492, 0.8784055955036327], "Sigma": [[0.012249230634360037, -0.004202712800360226, -0.004668960962155183], [-0.004202712800360226, 0.002493713432250622, -0.004974164567619675], [-0.004668960962155183, -0.004974164567619675, 0.06706086766582825]], "chi2_level": 0.99, "chi2_df": 3, "chi2_threshold": 11.344866730144373, "N_raw": 22, "N_roi": 22, "N_inlier": 18, "refit": true}
{"timestamp": "15:41:46.729882", "frame": 105, "mu": [0.9927052274697116, 3.9901680305715557, 0.6016290288183902], "Sigma": [[0.018192374686096982, -0.0075700602171672226, -0.005304494628167487], [-0.0075700602171672226, 0.00485764678877808, 0.00021091165282371543], [-0.005304494628167487, 0.0002109116528237157, 0.01151384691662951]], "chi2_level": 0.99, "chi2_df": 3, "chi2_threshold": 11.344866730144373, "N_raw": 38, "N_roi": 37, "N_inlier": 35, "refit": true}
{"timestamp": "15:41:46.786184", "frame": 106, "mu": [0.9609035309571284, 3.9123563659983573, 0.698923979811259], "Sigma": [[0.015720866541852643, -0.00554340300797517, -0.023401765013181294], [-0.00554340300797517, 0.0038913219967927435, 0.004744663781829355], [-0.023401765013181298, 0.004744663781829356, 0.10589191448306809]], "chi2_level": 0.99, "chi2_df": 3, "chi2_threshold": 11.344866730144373, "N_raw": 46, "N_roi": 43, "N_inlier": 42, "refit": true}
{"timestamp": "15:41:46.844566", "frame": 107, "mu": [0.9292960959445684, 3.8752346857891258, 0.8850497660637873], "Sigma": [[0.022545212235278084, -0.005284732169601842, -0.008622155793406359], [-0.005284732169601842, 0.002707600603170679, -0.0007732205973251124], [-0.008622155793406357, -0.0007732205973251124, 0.045438464937230416]], "chi2_level": 0.99, "chi2_df": 3, "chi2_threshold": 11.344866730144373, "N_raw": 62, "N_roi": 61, "N_inlier": 57, "refit": true}
{"timestamp": "15:41:46.899526", "frame": 108, "mu": [0.880764598714947, 3.8503741728362795, 0.9221535401604939], "Sigma": [[0.023774148259405214, -0.004919877562177079, -0.008254112248123118], [-0.00491987756217708, 0.0027286314414351758, -0.005388278344078526], [-0.008254112248123117, -0.005388278344078526, 0.044518433029531436]], "chi2_level": 0.99, "chi2_df": 3, "chi2_threshold": 11.344866730144373, "N_raw": 68, "N_roi": 68, "N_inlier": 68, "refit": true}
{"timestamp": "15:41:46.952787", "frame": 109, "mu": [0.8864979605022086, 3.765903838340456, 0.8025902634060511], "Sigma": [[0.022807097974267714, -0.004171490857338528, -0.010562432385730958], [-0.004171490857338528, 0.001812125676575386, -0.0019691250141783286], [-0.010562432385730958, -0.0019691250141783286, 0.04501794670131695]], "chi2_level": 0.99, "chi2_df": 3, "chi2_threshold": 11.344866730144373, "N_raw": 61, "N_roi": 61, "N_inlier": 60, "refit": true}
{"timestamp": "15:41:47.007899", "frame": 110, "mu": [0.8910267045256741, 3.739978213093237, 0.8711445091981631], "Sigma": [[0.02626082894477219, -0.005767299659209484, -0.014685597611085963], [-0.005767299659209484, 0.003188225112707872, -0.0010857321137024473], [-0.014685597611085963, -0.0010857321137024468, 0.025263782472683512]], "chi2_level": 0.99, "chi2_df": 3, "chi2_threshold": 11.344866730144373, "N_raw": 59, "N_roi": 59, "N_inlier": 59, "refit": true}
{"timestamp": "15:41:47.064710", "frame": 111, "mu": [0.9612246707184157, 3.631516662680417, 0.7287631145486254], "Sigma": [[0.03333624314410187, -0.010085729812184138, -0.03148473373781738], [-0.010085729812184138, 0.004171505440175995, 0.007349637863579729], [-0.03148473373781738, 0.007349637863579728, 0.06641933460966562]], "chi2_level": 0.99, "chi2_df": 3, "chi2_threshold": 11.344866730144373, "N_raw": 72, "N_roi": 72, "N_inlier": 69, "refit": true}
{"timestamp": "15:41:47.114058", "frame": 112, "mu": [1.049407449039182, 3.525221500913918, 0.567548589857804], "Sigma": [[0.03234577525263188, -0.01351644478985091, -0.04241806534654803], [-0.01351644478985091, 0.00693052004727285, 0.020683190530357005], [-0.04241806534654803, 0.020683190530357005, 0.09501368971037245]], "chi2_level": 0.99, "chi2_df": 3, "chi2_threshold": 11.344866730144373, "N_raw": 35, "N_roi": 35, "N_inlier": 34, "refit": true}
{"timestamp": "15:41:47.173697", "frame": 113, "mu": [0.9980084742486408, 3.480000327354154, 0.7217796560599163], "Sigma": [[0.023549876407812614, -0.006875664348717933, -0.01953942505592928], [-0.006875664348717933, 0.0029277534867657466, 0.0028059180699767233], [-0.01953942505592928, 0.002805918069976723, 0.05289112131917634]], "chi2_level": 0.99, "chi2_df": 3, "chi2_threshold": 11.344866730144373, "N_raw": 65, "N_roi": 65, "N_inlier": 63, "refit": true}
{"timestamp": "15:41:47.228947", "frame": 114, "mu": [0.8667577460860644, 3.440418665848769, 0.7302469660279551], "Sigma": [[0.027254769747674632, -0.003381147165040708, -0.010170272221280793], [-0.003381147165040708, 0.0018936916209173055, -0.0018155519045354848], [-0.010170272221280795, -0.0018155519045354846, 0.034392354116341464]], "chi2_level": 0.99, "chi2_df": 3, "chi2_threshold": 11.344866730144373, "N_raw": 63, "N_roi": 63, "N_inlier": 62, "refit": true}
{"timestamp": "15:41:47.282444", "frame": 115, "mu": [0.9131086651187381, 3.387313602336338, 0.7042558025559862], "Sigma": [[0.024747555379324503, -0.004119779967515056, -0.012966230966906122], [-0.004119779967515056, 0.0015615298043185231, -0.0013412773590504648], [-0.012966230966906123, -0.0013412773590504648, 0.030645440093169666]], "chi2_level": 0.99, "chi2_df": 3, "chi2_threshold": 11.344866730144373, "N_raw": 59, "N_roi": 59, "N_inlier": 56, "refit": true}
{"timestamp": "15:41:47.341325", "frame": 116, "mu": [0.9221328013202621, 3.3404887720353935, 0.7844380446247837], "Sigma": [[0.019682491770335826, -0.003939451073486981, -0.008280542693281929], [-0.003939451073486981, 0.0025527032472870397, -0.004760833865886469], [-0.008280542693281929, -0.004760833865886469, 0.0501257799900936]], "chi2_level": 0.99, "chi2_df": 3, "chi2_threshold": 11.344866730144373, "N_raw": 76, "N_roi": 76, "N_inlier": 76, "refit": true}
{"timestamp": "15:41:47.393073", "frame": 117, "mu": [0.8570754655581723, 3.258125611037245, 1.0127159446402718], "Sigma": [[0.01173436459001605, -0.0035888452474197707, -0.0023160631684570896], [-0.003588845247419771, 0.0044846821754814525, -0.003622501376046273], [-0.0023160631684570896, -0.0036225013760462724, 0.010616480253740347]], "chi2_level": 0.99, "chi2_df": 3, "chi2_threshold": 11.344866730144373, "N_raw": 51, "N_roi": 51, "N_inlier": 47, "refit": true}
{"timestamp": "15:41:47.450197", "frame": 118, "mu": [0.9413729944120516, 3.1886263139495297, 0.9735394236251986], "Sigma": [[0.019726876070164302, -0.004377813024596324, -0.00986249668848747], [-0.004377813024596324, 0.004450279856009764, -0.0025877715410547487], [-0.00986249668848747, -0.0025877715410547487, 0.018797193472413074]], "chi2_level": 0.99, "chi2_df": 3, "chi2_threshold": 11.344866730144373, "N_raw": 69, "N_roi": 69, "N_inlier": 65, "refit": true}
{"timestamp": "15:41:47.505069", "frame": 119, "mu": [0.87157329446675, 3.1123386093409455, 0.703057302931673], "Sigma": [[0.01782300889560101, -0.003752062177050883, -0.009157070996938896], [-0.003752062177050883, 0.0026275188848239196, -0.004204507961456256], [-0.009157070996938896, -0.004204507961456257, 0.04460670944886139]], "chi2_level": 0.99, "chi2_df": 3, "chi2_threshold": 11.344866730144373, "N_raw": 63, "N_roi": 63, "N_inlier": 60, "refit": true}
{"timestamp": "15:41:47.562772", "frame": 120, "mu": [0.9914824615905947, 3.0189395966299832, 0.900850418582023], "Sigma": [[0.03147487353002499, -0.009789268685157271, -0.030857888395424596], [-0.009789268685157271, 0.006597161559910223, 0.007252801472456291], [-0.030857888395424596, 0.007252801472456291, 0.047835696894508374]], "chi2_level": 0.99, "chi2_df": 3, "chi2_threshold": 11.344866730144373, "N_raw": 84, "N_roi": 84, "N_inlier": 80, "refit": true}
{"timestamp": "15:41:47.619100", "frame": 121, "mu": [0.9830847095426819, 2.9468049157482787, 0.8866259944112873], "Sigma": [[0.03824597628696112, -0.012439428797421777, -0.032786636035665166], [-0.012439428797421777, 0.006606083892042053, 0.007203917236777395], [-0.032786636035665166, 0.0072039172367773935, 0.04897500571861782]], "chi2_level": 0.99, "chi2_df": 3, "chi2_threshold": 11.344866730144373, "N_raw": 91, "N_roi": 91, "N_inlier": 86, "refit": true}
{"timestamp": "15:41:47.671329", "frame": 122, "mu": [1.0511040510579273, 2.9202170844451385, -0.8367885294889974], "Sigma": [[0.024569714515055678, 0.005689723684076003, 0.07198073270806725], [0.005689723684076003, 0.010497847625206043, 0.012115638132083158], [0.07198073270806725, 0.012115638132083155, 0.38090919621000846]], "chi2_level": 0.99, "chi2_df": 3, "chi2_threshold": 11.344866730144373, "N_raw": 77, "N_roi": 77, "N_inlier": 77, "refit": true}
{"timestamp": "15:41:47.725058", "frame": 123, "mu": [1.0855770001834684, 2.745693178941154, 0.5380711386046125], "Sigma": [[0.01399999190428445, -0.002519217065128057, 0.009611284593391596], [-0.0025192170651280564, 0.0031823391265965346, -0.010961222350216548], [0.009611284593391596, -0.010961222350216548, 0.13662863927688385]], "chi2_level": 0.99, "chi2_df": 3, "chi2_threshold": 11.344866730144373, "N_raw": 63, "N_roi": 63, "N_inlier": 62, "refit": true}
{"timestamp": "15:41:47.785462", "frame": 124, "mu": [0.9372126104533121, 2.9405051908134854, -0.5832019077150464], "Sigma": [[0.016595469198310286, 0.00257790652640647, -0.01493052686984622], [0.00257790652640647, 0.015910894120314212, -0.058693374076206596], [-0.014930526869846222, -0.058693374076206596, 0.2828007582249993]], "chi2_level": 0.99, "chi2_df": 3, "chi2_threshold": 11.344866730144373, "N_raw": 103, "N_roi": 103, "N_inlier": 98, "refit": true}
{"timestamp": "15:41:47.843429", "frame": 125, "mu": [0.9119983180113724, 2.6374055341347895, 0.5370459067217432], "Sigma": [[0.01690968720924364, -0.003726161286957607, 0.005161079873922253], [-0.003726161286957607, 0.0030604981422894043, 0.0007600342183807314], [0.005161079873922253, 0.0007600342183807332, 0.3575992134203054]], "chi2_level": 0.99, "chi2_df": 3, "chi2_threshold": 11.344866730144373, "N_raw": 117, "N_roi": 117, "N_inlier": 117, "refit": true}
{"timestamp": "15:41:47.896196", "frame": 126, "mu": [0.9259763694963077, 2.5498741842419923, 0.4523578179755295], "Sigma": [[0.018218671288266194, -0.00637032771534842, -0.029003946649813296], [-0.00637032771534842, 0.00483671771880324, 0.02290831212734623], [-0.029003946649813296, 0.02290831212734623, 0.3700658390222798]], "chi2_level": 0.99, "chi2_df": 3, "chi2_threshold": 11.344866730144373, "N_raw": 103, "N_roi": 103, "N_inlier": 101, "refit": true}
{"timestamp": "15:41:47.946890", "frame": 127, "mu": [0.944706049559029, 2.4580715012396586, 0.6760929373453379], "Sigma": [[0.02438130812604843, -0.005266008469035433, -0.011904196209250885], [-0.005266008469035433, 0.0027132875898355294, 0.0032533315690879525], [-0.011904196209250885, 0.003253331569087952, 0.04057711709694792]], "chi2_level": 0.99, "chi2_df": 3, "chi2_threshold": 11.344866730144373, "N_raw": 77, "N_roi": 77, "N_inlier": 73, "refit": true}
{"timestamp": "15:41:48.005758", "frame": 128, "mu": [0.856793433909946, 2.4008569935369257, 0.5040662323976389], "Sigma": [[0.01946921733520692, -0.0013751937854123413, -0.020114496692718493], [-0.0013751937854123415, 0.006686680701659702, -0.010041819163543488], [-0.020114496692718496, -0.010041819163543488, 0.16264500206006324]], "chi2_level": 0.99, "chi2_df": 3, "chi2_threshold": 11.344866730144373, "N_raw": 104, "N_roi": 104, "N_inlier": 102, "refit": true}
{"timestamp": "15:41:48.049955", "frame": 129, "mu": [0.9550670584304376, 2.384778025194005, 0.48400561185249424], "Sigma": [[0.006960253269510352, 0.0011966613501741838, -0.008172879555604012], [0.0011966613501741843, 0.00948973986932462, -0.03185467914426603], [-0.008172879555604012, -0.03185467914426603, 0.1960763701969988]], "chi2_level": 0.99, "chi2_df": 3, "chi2_threshold": 11.344866730144373, "N_raw": 30, "N_roi": 30, "N_inlier": 30, "refit": true}
{"timestamp": "15:41:48.112417", "frame": 130, "mu": [0.871249527755359, 2.2580562251877723, 0.6934345003267803], "Sigma": [[0.016714027920832934, -0.004982615758069118, -0.021067984177169922], [-0.004982615758069119, 0.006251605341989202, 0.010923704593901792], [-0.021067984177169922, 0.01092370459390179, 0.08007129174813418]], "chi2_level": 0.99, "chi2_df": 3, "chi2_threshold": 11.344866730144373, "N_raw": 82, "N_roi": 82, "N_inlier": 75, "refit": true}
{"timestamp": "15:41:48.159655", "frame": 131, "mu": [0.9751735865389289, 2.0160550909087704, 1.4995714035718755], "Sigma": [[0.011240663344301854, -0.004129755112421551, 0.029382670120622734], [-0.004129755112421549, 0.035458712888278406, -0.29294940112665385], [0.029382670120622734, -0.2929494011266538, 4.828586397808553]], "chi2_level": 0.99, "chi2_df": 3, "chi2_threshold": 11.344866730144373, "N_raw": 37, "N_roi": 37, "N_inlier": 36, "refit": true}
{"timestamp": "15:41:48.217266", "frame": 132, "mu": [0.9106138117194658, 2.047969772239713, 1.658145564295885], "Sigma": [[0.007445220668856971, -0.002443720121872826, 0.025638724374190944], [-0.002443720121872826, 0.015510030427144156, -0.18282767686488793], [0.025638724374190944, -0.18282767686488793, 2.4985960601645223]], "chi2_level": 0.99, "chi2_df": 3, "chi2_threshold": 11.344866730144373, "N_raw": 57, "N_roi": 57, "N_inlier": 56, "refit": true}
{"timestamp": "15:41:48.280479", "frame": 133, "mu": [0.8284830179375882, 2.032672647840305, 0.5267929480042343], "Sigma": [[0.020142272493580877, -0.002571082130743993, -0.024761349303505587], [-0.0025710821307439935, 0.0030345488981575975, -0.0029721104537875874], [-0.02476134930350559, -0.0029721104537875874, 0.18506778695109644]], "chi2_level": 0.99, "chi2_df": 3, "chi2_threshold": 11.344866730144373, "N_raw": 103, "N_roi": 103, "N_inlier": 103, "refit": true}
{"timestamp": "15:41:48.333049", "frame": 134, "mu": [0.8277435813403149, 1.982327242471767, 0.83414444523788], "Sigma": [[0.013838704101038119, -0.0030434492498966643, -0.0039058832680894506], [-0.0030434492498966643, 0.001269564083593864, -0.0007886735543115404], [-0.003905883268089451, -0.0007886735543115405, 0.047860795715485835]], "chi2_level": 0.99, "chi2_df": 3, "chi2_threshold": 11.344866730144373, "N_raw": 87, "N_roi": 87, "N_inlier": 83, "refit": true}
{"timestamp": "15:41:48.390766", "frame": 135, "mu": [0.8191411915570178, 1.910130913981413, 0.8111236866446481], "Sigma": [[0.014082271722139916, -0.005099902952579351, -0.003566023842253769], [-0.005099902952579351, 0.0034832835212870745, 0.011965788422213446], [-0.003566023842253769, 0.011965788422213446, 0.17903983849203817]], "chi2_level": 0.99, "chi2_df": 3, "chi2_threshold": 11.344866730144373, "N_raw": 104, "N_roi": 104, "N_inlier": 102, "refit": true}
{"timestamp": "15:41:48.447054", "frame": 136, "mu": [0.8443307559456271, 2.1198687147180038, -0.7222302014773622], "Sigma": [[0.01149462769979733, -0.0016606148888465577, -0.012293229658257264], [-0.0016606148888465575, 0.015092274448619939, -0.04212925678562811], [-0.012293229658257264, -0.04212925678562811, 0.15995482647918888]], "chi2_level": 0.99, "chi2_df": 3, "chi2_threshold": 11.344866730144373, "N_raw": 108, "N_roi": 108, "N_inlier": 106, "refit": true}
{"timestamp": "15:41:48.502379", "frame": 137, "mu": [0.8307372825592608, 1.7761843257335022, 0.9312438541956662], "Sigma": [[0.010959358523188524, -0.003995045606197977, 0.01003482789970289], [-0.003995045606197977, 0.002857543054646316, -0.0037354839107934506], [0.01003482789970289, -0.0037354839107934506, 0.19433863806592558]], "chi2_level": 0.99, "chi2_df": 3, "chi2_threshold": 11.344866730144373, "N_raw": 109, "N_roi": 109, "N_inlier": 99, "refit": true}
{"timestamp": "15:41:48.559221", "frame": 138, "mu": [0.9887137680494462, 1.667884870536342, 0.9898836023527396], "Sigma": [[0.0446265160341554, -0.014447203230765426, -0.031438694422600014], [-0.014447203230765426, 0.007103554578873398, 0.0018964092838954724], [-0.031438694422600014, 0.0018964092838954726, 0.1079921734397873]], "chi2_level": 0.99, "chi2_df": 3, "chi2_threshold": 11.344866730144373, "N_raw": 129, "N_roi": 129, "N_inlier": 127, "refit": true}
{"timestamp": "15:41:48.613502", "frame": 139, "mu": [0.9203206961369231, 1.6028107439935162, 1.0441558544810128], "Sigma": [[0.03372718871807841, -0.015808633098988827, -0.02057166222204991], [-0.015808633098988827, 0.00969381949939749, 0.0040101810989612505], [-0.020571662222049907, 0.0040101810989612505, 0.087570106615935]], "chi2_level": 0.99, "chi2_df": 3, "chi2_threshold": 11.344866730144373, "N_raw": 121, "N_roi": 121, "N_inlier": 119, "refit": true}
{"timestamp": "15:41:48.659302", "frame": 140, "mu": [0.855602493132409, 1.570058948837701, 1.1465825455480108], "Sigma": [[0.008395853790572767, -0.004391401314968513, -0.005716245766138047], [-0.004391401314968513, 0.0043639060916498456, -0.0015669471526958178], [-0.005716245766138047, -0.0015669471526958178, 0.040686745644163]], "chi2_level": 0.99, "chi2_df": 3, "chi2_threshold": 11.344866730144373, "N_raw": 63, "N_roi": 63, "N_inlier": 60, "refit": true}
{"timestamp": "15:41:48.715501", "frame": 141, "mu": [1.0658279728495974, 1.4068320716169609, 0.8952417225900544], "Sigma": [[0.039935315123496254, -0.017447485641704168, -0.02353826271141978], [-0.017447485641704168, 0.009007801566590378, 0.008857995635729188], [-0.02353826271141979, 0.008857995635729188, 0.02011770181449965]], "chi2_level": 0.99, "chi2_df": 3, "chi2_threshold": 11.344866730144373, "N_raw": 67, "N_roi": 67, "N_inlier": 63, "refit": true}
{"timestamp": "15:41:48.768765", "frame": 142, "mu": [0.8900127795594329, 1.4068148855259144, 0.9966684289552363], "Sigma": [[0.011441375059152806, -0.005655513820023428, -0.049372122590023326], [-0.005655513820023427, 0.005998954327864805, 0.036691678747733686], [-0.049372122590023326, 0.036691678747733686, 0.48101972820731376]], "chi2_level": 0.99, "chi2_df": 3, "chi2_threshold": 11.344866730144373, "N_raw": 56, "N_roi": 56, "N_inlier": 54, "refit": true}
{"timestamp": "15:41:48.823659", "frame": 143, "mu": [0.8694181661237311, 1.5867622628910758, -0.47907974083210064], "Sigma": [[0.004263817286872195, -0.00010824985562585176, -0.0035144836151026343], [-0.00010824985562585165, 0.007541696780623012, -0.017119105939599144], [-0.0035144836151026356, -0.017119105939599144, 0.09497527426779737]], "chi2_level": 0.99, "chi2_df": 3, "chi2_threshold": 11.344866730144373, "N_raw": 56, "N_roi": 56, "N_inlier": 54, "refit": true}
{"timestamp": "15:41:48.877478", "frame": 144, "mu": [0.8028777324562214, 1.3087550160229444, 1.071181998374925], "Sigma": [[0.004680859543170366, -0.0016158647388270894, -0.004138272578251961], [-0.0016158647388270896, 0.004049401551942985, -3.710535378285615e-05], [-0.004138272578251961, -3.710535378285626e-05, 0.01701926378858447]], "chi2_level": 0.99, "chi2_df": 3, "chi2_threshold": 11.344866730144373, "N_raw": 51, "N_roi": 51, "N_inlier": 50, "refit": true}
{"timestamp": "15:41:48.936836", "frame": 145, "mu": [0.8002597412759693, 1.2912661551703286, 1.0967290363195175], "Sigma": [[0.004208115420941167, -0.0015998488945031418, 0.00019014478472842309], [-0.0015998488945031418, 0.003646457043836434, -0.00012226910051204272], [0.00019014478472842303, -0.00012226910051204283, 0.04469296186315848]], "chi2_level": 0.99, "chi2_df": 3, "chi2_threshold": 11.344866730144373, "N_raw": 87, "N_roi": 87, "N_inlier": 83, "refit": true}
{"timestamp": "15:41:48.995600", "frame": 146, "mu": [0.8031159857467238, 1.228588413664155, 1.1658494482660062], "Sigma": [[0.005688835954563889, 0.0007990671846228965, 0.0018881194834122986], [0.0007990671846228966, 0.005821852292587159, 0.008695059854376345], [0.0018881194834122984, 0.008695059854376344, 0.06594322036670616]], "chi2_level": 0.99, "chi2_df": 3, "chi2_threshold": 11.344866730144373, "N_raw": 101, "N_roi": 101, "N_inlier": 97, "refit": true}
{"timestamp": "15:41:49.056918", "frame": 147, "mu": [0.7723686295946585, 1.1916252595272503, 1.1904866522260469], "Sigma": [[0.00931945109936055, -0.0014626321482656421, -0.009317389611395803], [-0.0014626321482656423, 0.004212213736601839, -0.007348219117073975], [-0.009317389611395804, -0.007348219117073975, 0.04797317638663548]], "chi2_level": 0.99, "chi2_df": 3, "chi2_threshold": 11.344866730144373, "N_raw": 150, "N_roi": 150, "N_inlier": 145, "refit": true}
{"timestamp": "15:41:49.115656", "frame": 148, "mu": [0.7308117267365476, 1.1407494319609692, -0.7929571690787103], "Sigma": [[0.009770644552861703, -0.0018270779246793386, 0.004517714538543102], [-0.0018270779246793386, 0.003739454297536632, -0.010255860116157662], [0.004517714538543102, -0.010255860116157662, 0.05863320165912985]], "chi2_level": 0.99, "chi2_df": 3, "chi2_threshold": 11.344866730144373, "N_raw": 150, "N_roi": 150, "N_inlier": 139, "refit": true}
{"timestamp": "15:41:49.167554", "frame": 149, "mu": [0.7194891991444383, 1.085558547297278, 1.225757892966718], "Sigma": [[0.009578418757212982, -0.003369658266870167, 0.0017512723705383796], [-0.0033696582668701672, 0.005000373316635541, -0.010632632354462268], [0.0017512723705383805, -0.010632632354462268, 0.051891286781195145]], "chi2_level": 0.99, "chi2_df": 3, "chi2_threshold": 11.344866730144373, "N_raw": 150, "N_roi": 150, "N_inlier": 148, "refit": true}
{"timestamp": "15:41:49.215912", "frame": 150, "mu": [0.7311110353152502, 1.0223716520411672, 1.2671216177147815], "Sigma": [[0.010258494621594356, -0.0029456762436849034, -0.0031703790009012314], [-0.0029456762436849034, 0.004855483531110804, -0.007087608520357395], [-0.0031703790009012314, -0.007087608520357395, 0.03744776631178953]], "chi2_level": 0.99, "chi2_df": 3, "chi2_threshold": 11.344866730144373, "N_raw": 102, "N_roi": 102, "N_inlier": 100, "refit": true}
{"timestamp": "15:41:49.265372", "frame": 151, "mu": [0.7849182293360172, 0.9289736620371949, 1.3290970272204368], "Sigma": [[0.014282487941883365, -0.007777053398378159, -0.011614217741814165], [-0.00777705339837816, 0.0070516248866512865, 0.003004558703611649], [-0.011614217741814167, 0.003004558703611649, 0.015862500248181453]], "chi2_level": 0.99, "chi2_df": 3, "chi2_threshold": 11.344866730144373, "N_raw": 69, "N_roi": 69, "N_inlier": 66, "refit": true}
{"timestamp": "15:41:49.317718", "frame": 152, "mu": [0.8826510570871218, 0.7834374993806312, 1.2587323594365991], "Sigma": [[0.009244307298178305, -0.003708916774348855, -0.007078007266627407], [-0.003708916774348855, 0.004694955773366454, 0.0017912840380223739], [-0.007078007266627406, 0.0017912840380223736, 0.00661664385566746]], "chi2_level": 0.99, "chi2_df": 3, "chi2_threshold": 11.344866730144373, "N_raw": 54, "N_roi": 53, "N_inlier": 52, "refit": true}
{"timestamp": "15:41:49.373555", "frame": 153, "mu": [0.7231738728307919, 0.8527457789582864, 1.3781570252681843], "Sigma": [[0.01316375487797712, -0.006439248513018433, -0.015782304878153124], [-0.006439248513018433, 0.00518172482694747, 0.007027292608324964], [-0.015782304878153124, 0.007027292608324966, 0.02913012374250078]], "chi2_level": 0.99, "chi2_df": 3, "chi2_threshold": 11.344866730144373, "N_raw": 61, "N_roi": 61, "N_inlier": 58, "refit": true}
{"timestamp": "15:41:49.424485", "frame": 154, "mu": [0.6399801057665437, 0.8645008963604603, 1.3554302896042083], "Sigma": [[0.007327368291988942, -0.003779536880449675, -0.02110606441486164], [-0.003779536880449675, 0.003944217822730208, 0.010081483830358642], [-0.02110606441486164, 0.01008148383035864, 0.15482716635110724]], "chi2_level": 0.99, "chi2_df": 3, "chi2_threshold": 11.344866730144373, "N_raw": 34, "N_roi": 34, "N_inlier": 31, "refit": true}
{"timestamp": "15:41:49.479236", "frame": 155, "mu": [0.7071587033497676, 0.8305957463668618, 1.168469560832202], "Sigma": [[0.004101526877027304, -0.0017747869713161644, -0.008485212895230656], [-0.0017747869713161646, 0.002978739836996548, 0.008440409452917371], [-0.008485212895230656, 0.008440409452917371, 0.19700720455397228]], "chi2_level": 0.99, "chi2_df": 3, "chi2_threshold": 11.344866730144373, "N_raw": 32, "N_roi": 32, "N_inlier": 30, "refit": true}
{"timestamp": "15:41:49.536919", "frame": 156, "mu": [0.615644916406988, 0.8316081632131037, 1.4313818839982346], "Sigma": [[0.008492824089786907, -0.0019713653608700683, -0.009171863570825702], [-0.0019713653608700683, 0.002164305314522934, 0.0015428563180164127], [-0.009171863570825702, 0.0015428563180164127, 0.016470805210819204]], "chi2_level": 0.99, "chi2_df": 3, "chi2_threshold": 11.344866730144373, "N_raw": 56, "N_roi": 56, "N_inlier": 52, "refit": true}
{"timestamp": "15:41:49.590380", "frame": 157, "mu": [0.5323306493046335, 0.8027272416542979, 1.5006048131569802], "Sigma": [[0.003153552762243125, -0.0005733966114913557, -0.00253840867655606], [-0.0005733966114913555, 0.0028997476016654235, 0.00010502644135197356], [-0.00253840867655606, 0.0001050264413519735, 0.0022663972407435716]], "chi2_level": 0.99, "chi2_df": 3, "chi2_threshold": 11.344866730144373, "N_raw": 43, "N_roi": 43, "N_inlier": 41, "refit": true}
{"timestamp": "15:41:49.646910", "frame": 158, "mu": [0.5394989631137307, 0.8070084767312632, -0.5433483911616006], "Sigma": [[0.0047376914538223396, -0.0005430381205063419, -0.003913848667479412], [-0.0005430381205063419, 0.0022009338281558776, 0.0006267337741051793], [-0.003913848667479412, 0.0006267337741051793, 0.0077454143679482465]], "chi2_level": 0.99, "chi2_df": 3, "chi2_threshold": 11.344866730144373, "N_raw": 58, "N_roi": 58, "N_inlier": 56, "refit": true}
{"timestamp": "15:41:49.697546", "frame": 159, "mu": [0.42591206006070526, 0.8351130539833563, 1.5057970113594374], "Sigma": [[0.0011585847238683106, 0.00013264319078843813, -0.0009210919739891316], [0.0001326431907884381, 0.0017898962910871414, -0.0007421011806083219], [-0.0009210919739891317, -0.000742101180608322, 0.0011262157816102631]], "chi2_level": 0.99, "chi2_df": 3, "chi2_threshold": 11.344866730144373, "N_raw": 23, "N_roi": 23, "N_inlier": 22, "refit": true}
{"timestamp": "15:41:49.752918", "frame": 160, "mu": [0.40466072023038613, 0.8519921679671109, 1.4997223959041432], "Sigma": [[0.0017631951289955353, 7.829929586294015e-05, -0.0013859043861442666], [7.829929586294015e-05, 0.001671222209439057, -0.0009038083371835648], [-0.0013859043861442666, -0.0009038083371835647, 0.001744557505136123]], "chi2_level": 0.99, "chi2_df": 3, "chi2_threshold": 11.344866730144373, "N_raw": 34, "N_roi": 33, "N_inlier": 31, "refit": true}
{"timestamp": "15:41:49.812917", "frame": 161, "mu": [0.3688282516810746, 0.8738972466382945, 1.4877719270738858], "Sigma": [[0.0032528045962323757, 0.0007944491242807992, -0.0027951457398473238], [0.0007944491242807994, 0.002978385419944085, -0.0017801890035976813], [-0.0027951457398473238, -0.0017801890035976816, 0.0030526888825328363]], "chi2_level": 0.99, "chi2_df": 3, "chi2_threshold": 11.344866730144373, "N_raw": 63, "N_roi": 60, "N_inlier": 58, "refit": true}
{"timestamp": "15:41:49.868484", "frame": 162, "mu": [0.32568696142472614, 0.8759807416155697, 1.4629555012518285], "Sigma": [[0.004229768482524169, -4.713113090680294e-05, -0.004847953548516878], [-4.713113090680291e-05, 0.002846895360331398, -0.001064071227615529], [-0.004847953548516878, -0.001064071227615529, 0.006266757725753702]], "chi2_level": 0.99, "chi2_df": 3, "chi2_threshold": 11.344866730144373, "N_raw": 66, "N_roi": 66, "N_inlier": 65, "refit": true}
{"timestamp": "15:41:49.922478", "frame": 163, "mu": [0.2997181110303985, 0.8853664091801127, 1.4557873166853903], "Sigma": [[0.0033042977862924663, 0.0005443387095205929, -0.0033422600822354664], [0.0005443387095205929, 0.0027248347632848717, -0.0020368161946196046], [-0.0033422600822354664, -0.0020368161946196046, 0.004487365608876144]], "chi2_level": 0.99, "chi2_df": 3, "chi2_threshold": 11.344866730144373, "N_raw": 62, "N_roi": 62, "N_inlier": 61, "refit": true}
