{"timestamp": "15:31:12.828820", "frame": 3, "mu": [-0.24492459988255905, 3.5894448272339163, 1.3154466008006798], "Sigma": [[0.0026670515932560204, 0.0005090801166597993, -0.0010956385115044476], [0.0005090801166597993, 0.0032821591857584743, -0.0004546456481446884], [-0.0010956385115044474, -0.0004546456481446884, 0.0012522237735684944]], "chi2_level": 0.99, "chi2_df": 3, "chi2_threshold": 11.344866730144373, "N_raw": 10, "N_roi": 10, "N_inlier": 10, "refit": true}
{"timestamp": "15:31:12.886421", "frame": 4, "mu": [-0.25579091060439596, 3.5640307558627278, 1.34321856483788], "Sigma": [[0.015811689912955357, 0.0012237011693678385, -0.0036010187475109603], [0.0012237011693678385, 0.002136839536726113, 0.0009754745880189683], [-0.0036010187475109603, 0.0009754745880189683, 0.0022626684829794774]], "chi2_level": 0.99, "chi2_df": 3, "chi2_threshold": 11.344866730144373, "N_raw": 26, "N_roi": 26, "N_inlier": 26, "refit": true}
{"timestamp": "15:31:13.104419", "frame": 8, "mu": [-0.2772620932601277, 3.536635526445561, 1.299414162076706], "Sigma": [[0.00400255052112185, 0.0010225783020219288, -0.0008808426107282647], [0.0010225783020219288, 0.0024647837390879006, -6.724239533997098e-05], [-0.0008808426107282648, -6.724239533997098e-05, 0.0002622956563075424]], "chi2_level": 0.99, "chi2_df": 3, "chi2_threshold": 11.344866730144373, "N_raw": 10, "N_roi": 10, "N_inlier": 10, "refit": true}
{"timestamp": "15:31:13.160245", "frame": 9, "mu": [-0.2510848283109216, 3.5633309894317478, 1.350200058820596], "Sigma": [[0.006406068186727075, -0.0004030391712336025, -0.0030737942144847606], [-0.0004030391712336025, 0.0023023036451918265, 0.0012090434910928673], [-0.00307379421448476, 0.0012090434910928675, 0.002688895748404487]], "chi2_level": 0.99, "chi2_df": 3, "chi2_threshold": 11.344866730144373, "N_raw": 20, "N_roi": 20, "N_inlier": 18, "refit": true}
{"timestamp": "15:31:13.323454", "frame": 12, "mu": [-0.22524219155794295, 3.605498536637409, 1.1506114823550533], "Sigma": [[0.004860946838373836, 0.001508822637711277, -0.008931246154802588], [0.0015088226377112776, 0.011787813229417863, -0.06034196629632967], [-0.008931246154802588, -0.06034196629632967, 0.33870205438685663]], "chi2_level": 0.99, "chi2_df": 3, "chi2_threshold": 11.344866730144373, "N_raw": 13, "N_roi": 13, "N_inlier": 13, "refit": true}
{"timestamp": "15:31:13.710212", "frame": 19, "mu": [-0.0637074679466872, 3.599805000873558, 0.4007062192269609], "Sigma": [[0.00499400860566586, 7.559994447215438e-06, -0.0010608239511252166], [7.5599944472154245e-06, 0.001933367993568044, 0.0007093837533465124], [-0.0010608239511252166, 0.0007093837533465124, 0.001269888787082566]], "chi2_level": 0.99, "chi2_df": 3, "chi2_threshold": 11.344866730144373, "N_raw": 15, "N_roi": 14, "N_inlier": 13, "refit": true}
{"timestamp": "15:31:13.770022", "frame": 20, "mu": [-0.01990117155826646, 3.6132955078140947, 1.1254153775357982], "Sigma": [[0.012300893777339462, -0.001141148007307101, -0.004082586047249903], [-0.001141148007307101, 0.002362502706567465, -0.0052830374513963664], [-0.004082586047249903, -0.005283037451396367, 0.026457599561665913]], "chi2_level": 0.99, "chi2_df": 3, "chi2_threshold": 11.344866730144373, "N_raw": 49, "N_roi": 49, "N_inlier": 45, "refit": true}
{"timestamp": "15:31:13.824410", "frame": 21, "mu": [0.08513854739439754, 3.673026750583068, 1.2622586955180848], "Sigma": [[0.007246959026014698, 0.0002922106016337387, -0.0011229852722294486], [0.00029221060163373886, 0.0017207047280145416, -0.008866824752359432], [-0.0011229852722294475, -0.008866824752359432, 0.2886349497303377]], "chi2_level": 0.99, "chi2_df": 3, "chi2_threshold": 11.344866730144373, "N_raw": 31, "N_roi": 29, "N_inlier": 28, "refit": true}
{"timestamp": "15:31:13.875874", "frame": 22, "mu": [0.08870720438369796, 3.6110892558189867, 1.4246584158688265], "Sigma": [[0.005275784754839145, -0.0002478845493542709, 0.00011739705279034581], [-0.0002478845493542708, 0.002397613828725877, 0.0019413673847279455], [0.0001173970527903457, 0.0019413673847279455, 0.002167850677949921]], "chi2_level": 0.99, "chi2_df": 3, "chi2_threshold": 11.344866730144373, "N_raw": 12, "N_roi": 12, "N_inlier": 11, "refit": true}
{"timestamp": "15:31:14.042155", "frame": 25, "mu": [0.14762906605624146, 3.667024805219604, 0.8531269804591818], "Sigma": [[0.006849387204089362, -0.001158401745093986, 0.03383192560997224], [-0.001158401745093986, 0.0031707379414165028, -0.003941093517366996], [0.03383192560997224, -0.003941093517366998, 0.2967400932632945]], "chi2_level": 0.99, "chi2_df": 3, "chi2_threshold": 11.344866730144373, "N_raw": 14, "N_roi": 10, "N_inlier": 10, "refit": true}
{"timestamp": "15:31:14.646893", "frame": 36, "mu": [0.5902672940693434, 3.5898975163886204, 1.2854836099004916], "Sigma": [[0.006849160815711266, -0.00039397685669639675, -0.0023487091491985294], [-0.00039397685669639653, 0.003330403021332401, -0.0005249764636870586], [-0.0023487091491985294, -0.0005249764636870587, 0.0017341172950748097]], "chi2_level": 0.99, "chi2_df": 3, "chi2_threshold": 11.344866730144373, "N_raw": 17, "N_roi": 13, "N_inlier": 13, "refit": true}
{"timestamp": "15:31:14.921715", "frame": 41, "mu": [0.8535208808982917, 3.4639573703875346, 1.1815504188806232], "Sigma": [[0.014823813115295162, -0.0015304478413543385, -0.07673531202548578], [-0.0015304478413543385, 0.0028803126634999337, 0.00901738774520294], [-0.07673531202548577, 0.009017387745202941, 0.4619042664486755]], "chi2_level": 0.99, "chi2_df": 3, "chi2_threshold": 11.344866730144373, "N_raw": 14, "N_roi": 14, "N_inlier": 14, "refit": true}
{"timestamp": "15:31:15.030009", "frame": 43, "mu": [1.0542200197177063, 3.634062850387531, -0.2602027255011986], "Sigma": [[0.010588787096384259, 0.00785148032412556, -0.016399575864620715], [0.00785148032412556, 0.046874640327483515, -0.12324701375056717], [-0.016399575864620715, -0.12324701375056717, 0.36086776585287395]], "chi2_level": 0.99, "chi2_df": 3, "chi2_threshold": 11.344866730144373, "N_raw": 10, "N_roi": 10, "N_inlier": 10, "refit": true}
{"timestamp": "15:31:15.310908", "frame": 48, "mu": [1.0852929875902362, 3.1847377290187064, 0.8094867275607651], "Sigma": [[0.014268973879262755, -0.004407556374057509, -0.006980838544015352], [-0.004407556374057509, 0.002255770846799815, -3.179040123079275e-05], [-0.006980838544015353, -3.179040123079275e-05, 0.029236890445853255]], "chi2_level": 0.99, "chi2_df": 3, "chi2_threshold": 11.344866730144373, "N_raw": 44, "N_roi": 44, "N_inlier": 41, "refit": true}
{"timestamp": "15:31:15.421091", "frame": 50, "mu": [1.2256625829200491, 3.1477621298306695, 0.8544055749822992], "Sigma": [[0.016716815344324114, 0.0010453636396738435, -0.004400063643000936], [0.001045363639673843, 0.0033591462267668617, -0.001188137027341508], [-0.004400063643000936, -0.001188137027341508, 0.018766274240928686]], "chi2_level": 0.99, "chi2_df": 3, "chi2_threshold": 11.344866730144373, "N_raw": 43, "N_roi": 43, "N_inlier": 40, "refit": true}
{"timestamp": "15:31:15.525918", "frame": 52, "mu": [1.1869832217730794, 3.0949892697421433, 0.6956962522812001], "Sigma": [[0.00828814665934203, 0.002698534840915822, -0.02631753043303649], [0.002698534840915822, 0.002804773021629183, -0.01661384169412286], [-0.026317530433036487, -0.01661384169412286, 0.12182842776519337]], "chi2_level": 0.99, "chi2_df": 3, "chi2_threshold": 11.344866730144373, "N_raw": 12, "N_roi": 12, "N_inlier": 11, "refit": true}
{"timestamp": "15:31:15.585402", "frame": 53, "mu": [1.2463502326205886, 3.356844665562034, -0.7087934390011438], "Sigma": [[0.013584086504221231, 0.007879946636921844, -0.027980119682740556], [0.007879946636921842, 0.02649568233025086, -0.05658324558754289], [-0.027980119682740553, -0.05658324558754289, 0.1402881574606368]], "chi2_level": 0.99, "chi2_df": 3, "chi2_threshold": 11.344866730144373, "N_raw": 35, "N_roi": 35, "N_inlier": 34, "refit": true}
{"timestamp": "15:31:15.636621", "frame": 54, "mu": [1.2973989447096153, 2.985880191988351, -0.8209142367895398], "Sigma": [[0.011280150183029152, -0.01804710818993059, -0.07241260444752881], [-0.01804710818993059, 0.7614697570092082, 0.7744288721330811], [-0.07241260444752881, 0.7744288721330811, 1.1059437767354368]], "chi2_level": 0.99, "chi2_df": 3, "chi2_threshold": 11.344866730144373, "N_raw": 10, "N_roi": 10, "N_inlier": 10, "refit": true}
{"timestamp": "15:31:15.695738", "frame": 55, "mu": [1.3130523011002921, 3.081454053118652, -0.6458930975705536], "Sigma": [[0.014486511276576677, 0.0005304838623085134, 0.019866595951199106], [0.0005304838623085134, 0.005702821557881053, 0.014367625636404143], [0.019866595951199106, 0.014367625636404147, 0.1672339802935122]], "chi2_level": 0.99, "chi2_df": 3, "chi2_threshold": 11.344866730144373, "N_raw": 42, "N_roi": 42, "N_inlier": 39, "refit": true}
{"timestamp": "15:31:15.745980", "frame": 56, "mu": [1.289321494945222, 2.8736101470669118, 0.9745185881964374], "Sigma": [[0.0041592791619094955, -0.0018757301767366097, -0.010245541126065478], [-0.0018757301767366099, 0.0016984940651735814, 0.005359960020686217], [-0.010245541126065478, 0.005359960020686217, 0.040640453491243574]], "chi2_level": 0.99, "chi2_df": 3, "chi2_threshold": 11.344866730144373, "N_raw": 10, "N_roi": 10, "N_inlier": 10, "refit": true}
{"timestamp": "15:31:15.803118", "frame": 57, "mu": [1.3369016605780353, 2.8123996674507796, 1.0058812799027155], "Sigma": [[0.012425359735614315, -0.0030650932186280333, -0.01333190112088058], [-0.003065093218628034, 0.0037952852763438356, -0.00327000566087615], [-0.01333190112088058, -0.0032700056608761497, 0.03626486604949284]], "chi2_level": 0.99, "chi2_df": 3, "chi2_threshold": 11.344866730144373, "N_raw": 34, "N_roi": 34, "N_inlier": 34, "refit": true}
{"timestamp": "15:31:15.862086", "frame": 58, "mu": [1.3430747091667399, 2.7871076933411536, -0.9537859964401313], "Sigma": [[0.01696157630147329, -0.0017102905366708423, 0.009112033029718237], [-0.0017102905366708427, 0.0034975887407321556, 0.007765687912777326], [0.009112033029718237, 0.007765687912777326, 0.0786963082929402]], "chi2_level": 0.99, "chi2_df": 3, "chi2_threshold": 11.344866730144373, "N_raw": 55, "N_roi": 55, "N_inlier": 53, "refit": true}
{"timestamp": "15:31:15.919572", "frame": 59, "mu": [1.335513468952728, 2.7233427152876364, 0.9336240094279357], "Sigma": [[0.015395603564756891, -0.004696770716980532, -0.0035826483887470375], [-0.004696770716980532, 0.003636300130192242, -0.00341241479213806], [-0.0035826483887470366, -0.00341241479213806, 0.03465701997430316]], "chi2_level": 0.99, "chi2_df": 3, "chi2_threshold": 11.344866730144373, "N_raw": 67, "N_roi": 67, "N_inlier": 66, "refit": true}
{"timestamp": "15:31:15.973293", "frame": 60, "mu": [1.295445498549838, 2.8386684531562913, -0.10139802107855843], "Sigma": [[0.015292068977227498, -0.004636423616926592, -0.006144868412574218], [-0.004636423616926591, 0.006542658125265017, -0.0005978781335982216], [-0.006144868412574218, -0.0005978781335982215, 0.004585693749053624]], "chi2_level": 0.99, "chi2_df": 3, "chi2_threshold": 11.344866730144373, "N_raw": 57, "N_roi": 57, "N_inlier": 53, "refit": true}
{"timestamp": "15:31:16.031718", "frame": 61, "mu": [1.37502448900574, 2.625719308969679, 0.8529347352004082], "Sigma": [[0.02805332414777105, -0.01309520089351638, -0.029299202507609083], [-0.01309520089351638, 0.007974028977987676, 0.01085874388020476], [-0.029299202507609083, 0.010858743880204757, 0.05643324106200243]], "chi2_level": 0.99, "chi2_df": 3, "chi2_threshold": 11.344866730144373, "N_raw": 79, "N_roi": 79, "N_inlier": 77, "refit": true}
{"timestamp": "15:31:16.084081", "frame": 62, "mu": [1.3664939847704207, 2.5927472283001243, 0.7153397397296996], "Sigma": [[0.019601165161218244, -0.0024025600886059127, -0.001143140758144061], [-0.0024025600886059127, 0.003126315378029313, -0.0018477538308859323], [-0.0011431407581440614, -0.0018477538308859323, 0.008245512250713285]], "chi2_level": 0.99, "chi2_df": 3, "chi2_threshold": 11.344866730144373, "N_raw": 62, "N_roi": 62, "N_inlier": 59, "refit": true}
{"timestamp": "15:31:16.140772", "frame": 63, "mu": [1.3676086162683563, 2.536318808848371, 0.8753066453068672], "Sigma": [[0.022507150299203825, -0.005933039239768179, -0.022498292605974413], [-0.005933039239768179, 0.0033232546004279767, 0.0018159549193617567], [-0.022498292605974413, 0.0018159549193617567, 0.060265305652350366]], "chi2_level": 0.99, "chi2_df": 3, "chi2_threshold": 11.344866730144373, "N_raw": 81, "N_roi": 81, "N_inlier": 79, "refit": true}
{"timestamp": "15:31:16.191554", "frame": 64, "mu": [1.3114430699457236, 2.469808029161843, 0.6978180255490636], "Sigma": [[0.009738391098787675, -0.0009404803555628124, -0.0018781340504505123], [-0.0009404803555628125, 0.0037406945365919524, -0.001390801356443731], [-0.0018781340504505125, -0.001390801356443731, 0.01468869433937534]], "chi2_level": 0.99, "chi2_df": 3, "chi2_threshold": 11.344866730144373, "N_raw": 46, "N_roi": 44, "N_inlier": 42, "refit": true}
{"timestamp": "15:31:16.250299", "frame": 65, "mu": [1.3485043133333374, 2.4261636915444686, 1.0410084229318144], "Sigma": [[0.013362897452926738, -0.005036798308623071, -0.020710636557572715], [-0.005036798308623071, 0.0027216199000951015, 0.004956977571723034], [-0.020710636557572715, 0.004956977571723035, 0.10851622083476206]], "chi2_level": 0.99, "chi2_df": 3, "chi2_threshold": 11.344866730144373, "N_raw": 74, "N_roi": 74, "N_inlier": 72, "refit": true}
{"timestamp": "15:31:16.307580", "frame": 66, "mu": [1.329983283602195, 2.4704642417329277, -0.5651909343167121], "Sigma": [[0.014812564101421611, 0.003293577689693592, 0.015583806868876882], [0.003293577689693592, 0.0054336021706639604, 1.6048751425321766e-05], [0.015583806868876882, 1.60487514253222e-05, 0.17836797306984656]], "chi2_level": 0.99, "chi2_df": 3, "chi2_threshold": 11.344866730144373, "N_raw": 89, "N_roi": 89, "N_inlier": 86, "refit": true}
{"timestamp": "15:31:16.358667", "frame": 67, "mu": [1.354499281242887, 2.338646676732253, 1.2076432734005353], "Sigma": [[0.01030437875257498, -0.004135752465130161, -0.006465765057477356], [-0.004135752465130161, 0.0021468292814041364, -0.00023312688124974175], [-0.006465765057477356, -0.00023312688124974186, 0.05143132609316714]], "chi2_level": 0.99, "chi2_df": 3, "chi2_threshold": 11.344866730144373, "N_raw": 56, "N_roi": 56, "N_inlier": 54, "refit": true}
{"timestamp": "15:31:16.418441", "frame": 68, "mu": [1.3229942185288806, 2.3029373718079915, 1.1069132518612073], "Sigma": [[0.014076672803900002, -0.00844157061120153, -0.013329681620398805], [-0.00844157061120153, 0.006352399549156372, 0.002040221050799442], [-0.013329681620398805, 0.002040221050799443, 0.06858421140554183]], "chi2_level": 0.99, "chi2_df": 3, "chi2_threshold": 11.344866730144373, "N_raw": 87, "N_roi": 87, "N_inlier": 83, "refit": true}
{"timestamp": "15:31:16.471615", "frame": 69, "mu": [1.3380459123587771, 2.238805666377648, 1.0251969169651145], "Sigma": [[0.01129406871862364, -0.004610779391383241, -0.003901856120371828], [-0.004610779391383241, 0.002700021869732918, 0.003108725298308329], [-0.003901856120371828, 0.003108725298308329, 0.08584448984429982]], "chi2_level": 0.99, "chi2_df": 3, "chi2_threshold": 11.344866730144373, "N_raw": 80, "N_roi": 80, "N_inlier": 76, "refit": true}
{"timestamp": "15:31:16.523782", "frame": 70, "mu": [1.3527548026934884, 2.1509603649629745, 0.7002586965591389], "Sigma": [[0.01136672039487239, -0.0018151058295541589, -0.0006311683975247941], [-0.0018151058295541587, 0.0017754592949169804, 0.004021040114083966], [-0.0006311683975247934, 0.004021040114083966, 0.11873880677804585]], "chi2_level": 0.99, "chi2_df": 3, "chi2_threshold": 11.344866730144373, "N_raw": 56, "N_roi": 56, "N_inlier": 55, "refit": true}
{"timestamp": "15:31:16.583147", "frame": 71, "mu": [1.3172504143107475, 2.3656718187830714, -0.4353114671499374], "Sigma": [[0.014873683773981955, -0.0033031066047162676, 0.0009051177012216423], [-0.003303106604716267, 0.006567439926255674, -0.02222990924426698], [0.0009051177012216426, -0.02222990924426698, 0.09921852360541247]], "chi2_level": 0.99, "chi2_df": 3, "chi2_threshold": 11.344866730144373, "N_raw": 84, "N_roi": 84, "N_inlier": 80, "refit": true}
{"timestamp": "15:31:16.635916", "frame": 72, "mu": [1.2986299424389076, 2.1546768968560794, 0.9969027737604587], "Sigma": [[0.013092487930452926, -0.005018073343885666, 0.008247989912734515], [-0.005018073343885666, 0.0036753966846063716, -0.007408291994991883], [0.008247989912734515, -0.007408291994991883, 0.03789769020480324]], "chi2_level": 0.99, "chi2_df": 3, "chi2_threshold": 11.344866730144373, "N_raw": 74, "N_roi": 74, "N_inlier": 72, "refit": true}
{"timestamp": "15:31:16.688655", "frame": 73, "mu": [1.3027478383757638, 2.107855878773431, 0.988669569855245], "Sigma": [[0.012632964960878968, -0.003079142271575392, 0.004314026997952669], [-0.0030791422715753915, 0.001685219954032237, 0.00245233348637453], [0.004314026997952669, 0.00245233348637453, 0.04874324655723648]], "chi2_level": 0.99, "chi2_df": 3, "chi2_threshold": 11.344866730144373, "N_raw": 60, "N_roi": 60, "N_inlier": 58, "refit": true}
{"timestamp": "15:31:16.741250", "frame": 74, "mu": [1.279455138012294, 2.061721869591428, 1.0145249927420832], "Sigma": [[0.008146951499735886, -0.0034642090325303796, -0.005063545394250639], [-0.003464209032530379, 0.0019658788729922383, -0.000622350180178549], [-0.005063545394250638, -0.0006223501801785492, 0.029355192265434787]], "chi2_level": 0.99, "chi2_df": 3, "chi2_threshold": 11.344866730144373, "N_raw": 47, "N_roi": 47, "N_inlier": 46, "refit": true}
{"timestamp": "15:31:16.799324", "frame": 75, "mu": [1.3223396300248669, 2.078769371917868, -0.8847443919120843], "Sigma": [[0.010878453307059813, 0.004292096737513448, 0.026333439373469703], [0.004292096737513448, 0.00638198262204566, 0.01757970362836485], [0.026333439373469703, 0.01757970362836485, 0.1322626212695468]], "chi2_level": 0.99, "chi2_df": 3, "chi2_threshold": 11.344866730144373, "N_raw": 67, "N_roi": 67, "N_inlier": 65, "refit": true}
{"timestamp": "15:31:16.852412", "frame": 76, "mu": [1.3505993777836414, 1.962370800502475, 0.983293381596916], "Sigma": [[0.009370287473875928, -0.005937111527844662, -0.008560853283400598], [-0.005937111527844662, 0.006026065225944317, 0.010280193942178963], [-0.008560853283400598, 0.010280193942178963, 0.057169375126671876]], "chi2_level": 0.99, "chi2_df": 3, "chi2_threshold": 11.344866730144373, "N_raw": 52, "N_roi": 52, "N_inlier": 49, "refit": true}
{"timestamp": "15:31:16.910024", "frame": 77, "mu": [1.3408419191005638, 1.8847795082926762, 1.0007306540225767], "Sigma": [[0.010983103352182435, -0.007245157756543649, -0.007125305735994934], [-0.007245157756543649, 0.0055865974166010015, 0.004780539964938932], [-0.0071253057359949344, 0.004780539964938933, 0.042926630732432476]], "chi2_level": 0.99, "chi2_df": 3, "chi2_threshold": 11.344866730144373, "N_raw": 69, "N_roi": 69, "N_inlier": 66, "refit": true}
{"timestamp": "15:31:16.963925", "frame": 78, "mu": [1.2984043453293117, 1.8136308056808217, 0.9713477198191255], "Sigma": [[0.01087694069492747, -0.007941872236029993, -0.01176082436891304], [-0.007941872236029993, 0.006952167942984285, 0.011582771451670706], [-0.011760824368913039, 0.011582771451670706, 0.05203373406679099]], "chi2_level": 0.99, "chi2_df": 3, "chi2_threshold": 11.344866730144373, "N_raw": 63, "N_roi": 63, "N_inlier": 62, "refit": true}
{"timestamp": "15:31:17.020347", "frame": 79, "mu": [1.250117497800102, 1.7993984970986991, 1.0605516405369766], "Sigma": [[0.008685064974293222, -0.005360482145828778, -0.009506299482091241], [-0.005360482145828778, 0.005503148177246356, 0.011662822710897284], [-0.009506299482091241, 0.011662822710897284, 0.06684670437421843]], "chi2_level": 0.99, "chi2_df": 3, "chi2_threshold": 11.344866730144373, "N_raw": 65, "N_roi": 65, "N_inlier": 61, "refit": true}
{"timestamp": "15:31:17.076445", "frame": 80, "mu": [1.1935949356834643, 1.840492541236148, -0.5093205006332153], "Sigma": [[0.010174027837099158, 0.001868454815117734, 0.006257045351665842], [0.001868454815117734, 0.004792108991595031, 0.008315280392121482], [0.006257045351665843, 0.008315280392121482, 0.1465687199243055]], "chi2_level": 0.99, "chi2_df": 3, "chi2_threshold": 11.344866730144373, "N_raw": 71, "N_roi": 71, "N_inlier": 70, "refit": true}
{"timestamp": "15:31:17.132535", "frame": 81, "mu": [1.1831991932670651, 1.868250036518383, -0.07714141333828307], "Sigma": [[0.01014511632607992, -0.003458235837847026, 0.017184925063820224], [-0.0034582358378470266, 0.012149059887388501, -0.047890502638545634], [0.017184925063820224, -0.047890502638545634, 0.291489241834512]], "chi2_level": 0.99, "chi2_df": 3, "chi2_threshold": 11.344866730144373, "N_raw": 82, "N_roi": 82, "N_inlier": 81, "refit": true}
{"timestamp": "15:31:17.186991", "frame": 82, "mu": [1.2299885602938838, 1.677094871531919, 1.1720396326947875], "Sigma": [[0.025629918794439925, -0.017851305950156684, -0.035042361681413975], [-0.017851305950156684, 0.01597901908447423, 0.02214332969072191], [-0.035042361681413975, 0.02214332969072191, 0.07074934769201585]], "chi2_level": 0.99, "chi2_df": 3, "chi2_threshold": 11.344866730144373, "N_raw": 75, "N_roi": 75, "N_inlier": 73, "refit": true}
{"timestamp": "15:31:17.238432", "frame": 83, "mu": [1.1512268465846929, 1.6668210620938366, 1.313690393672702], "Sigma": [[0.007917557144453828, -0.003648460233775041, -0.00971502808329929], [-0.003648460233775042, 0.003742205654692543, -0.0001772764071481988], [-0.00971502808329929, -0.00017727640714819886, 0.04245798225707122]], "chi2_level": 0.99, "chi2_df": 3, "chi2_threshold": 11.344866730144373, "N_raw": 62, "N_roi": 62, "N_inlier": 60, "refit": true}
{"timestamp": "15:31:17.295700", "frame": 84, "mu": [1.1859850112474868, 1.618738311532274, 1.1540653170362813], "Sigma": [[0.0102743267915759, -0.004101157378042624, 0.0006226880540438162], [-0.004101157378042624, 0.007849322374718989, 0.0023898098072850206], [0.0006226880540438162, 0.002389809807285021, 0.02546319053996643]], "chi2_level": 0.99, "chi2_df": 3, "chi2_threshold": 11.344866730144373, "N_raw": 69, "N_roi": 69, "N_inlier": 67, "refit": true}
{"timestamp": "15:31:17.351699", "frame": 85, "mu": [1.1549891908705958, 1.730152311199301, -0.32827747145064806], "Sigma": [[0.009867156259737291, -0.0026508378628542816, -0.0035773422587551465], [-0.0026508378628542816, 0.00757216966493589, -0.002698386341564896], [-0.0035773422587551465, -0.002698386341564895, 0.00581754644359694]], "chi2_level": 0.99, "chi2_df": 3, "chi2_threshold": 11.344866730144373, "N_raw": 68, "N_roi": 68, "N_inlier": 65, "refit": true}
{"timestamp": "15:31:17.411608", "frame": 86, "mu": [1.1599731969485028, 1.532875618880356, 1.1581487040267242], "Sigma": [[0.018499077380101203, -0.009665990399109793, -0.02064197729584486], [-0.009665990399109791, 0.009067892289461853, 0.009642525360500259], [-0.02064197729584486, 0.009642525360500259, 0.05398974034343081]], "chi2_level": 0.99, "chi2_df": 3, "chi2_threshold": 11.344866730144373, "N_raw": 107, "N_roi": 107, "N_inlier": 105, "refit": true}
{"timestamp": "15:31:17.466173", "frame": 87, "mu": [1.1010839136225, 1.509794734428624, 1.1993850226698362], "Sigma": [[0.011256793077925684, -0.004176109784590086, -0.010583685006033171], [-0.004176109784590086, 0.007554146588654226, -0.002875600851576847], [-0.010583685006033171, -0.002875600851576847, 0.024065474822826817]], "chi2_level": 0.99, "chi2_df": 3, "chi2_threshold": 11.344866730144373, "N_raw": 97, "N_roi": 97, "N_inlier": 95, "refit": true}
{"timestamp": "15:31:17.519404", "frame": 88, "mu": [1.1024229598264856, 1.452545628640651, 1.2047697798256891], "Sigma": [[0.009803812311145814, -0.003207219121785859, -0.008393712630942612], [-0.003207219121785859, 0.0049902843648817466, -0.001942254857753952], [-0.008393712630942612, -0.001942254857753952, 0.02254339997390916]], "chi2_level": 0.99, "chi2_df": 3, "chi2_threshold": 11.344866730144373, "N_raw": 84, "N_roi": 84, "N_inlier": 81, "refit": true}
{"timestamp": "15:31:17.573547", "frame": 89, "mu": [1.0763968583649701, 1.4069383331912353, 1.2392966892640147], "Sigma": [[0.011259820058964755, -0.0037568065468139983, -0.009177427232339483], [-0.003756806546813999, 0.00614883621973515, -0.0013964024527620804], [-0.009177427232339483, -0.0013964024527620804, 0.015267186066876486]], "chi2_level": 0.99, "chi2_df": 3, "chi2_threshold": 11.344866730144373, "N_raw": 86, "N_roi": 86, "N_inlier": 82, "refit": true}
{"timestamp": "15:31:17.629162", "frame": 90, "mu": [1.06451551699631, 1.3439003945506498, 1.1332580934364076], "Sigma": [[0.011401462176453782, -0.0057662605660997995, -0.013280909688428115], [-0.0057662605660997995, 0.004624644767054076, 0.0032824281098909293], [-0.013280909688428117, 0.0032824281098909293, 0.036499900596859966]], "chi2_level": 0.99, "chi2_df": 3, "chi2_threshold": 11.344866730144373, "N_raw": 85, "N_roi": 85, "N_inlier": 84, "refit": true}
{"timestamp": "15:31:17.682821", "frame": 91, "mu": [1.017471231025117, 1.292888626147956, 1.1852643698710719], "Sigma": [[0.012225402341275433, -0.005706545846604617, -0.01894272524509437], [-0.005706545846604617, 0.005735728970030077, 0.005972990703578117], [-0.01894272524509437, 0.005972990703578117, 0.049248584469972496]], "chi2_level": 0.99, "chi2_df": 3, "chi2_threshold": 11.344866730144373, "N_raw": 80, "N_roi": 80, "N_inlier": 76, "refit": true}
{"timestamp": "15:31:17.735974", "frame": 92, "mu": [1.0026176334613361, 1.264008985788372, 1.2959208712731651], "Sigma": [[0.010201596000060036, -0.004713234200063321, -0.01117266185816665], [-0.004713234200063321, 0.005840149343378372, 0.0028480104101124993], [-0.01117266185816665, 0.0028480104101124997, 0.015445422566080481]], "chi2_level": 0.99, "chi2_df": 3, "chi2_threshold": 11.344866730144373, "N_raw": 67, "N_roi": 67, "N_inlier": 63, "refit": true}
{"timestamp": "15:31:17.793699", "frame": 93, "mu": [0.9106360539870032, 1.4375527520028666, -0.3542003619205189], "Sigma": [[0.00988690940459687, -0.00304300174128548, -0.007081092870677884], [-0.00304300174128548, 0.01340625422261311, -0.025998486284785273], [-0.007081092870677884, -0.025998486284785273, 0.08348127913133156]], "chi2_level": 0.99, "chi2_df": 3, "chi2_threshold": 11.344866730144373, "N_raw": 82, "N_roi": 82, "N_inlier": 79, "refit": true}
{"timestamp": "15:31:17.846104", "frame": 94, "mu": [0.8743818548909635, 1.2855904782295007, -0.5220040473205293], "Sigma": [[0.009152224639819524, 0.0011227625431007228, -0.0019323048751457802], [0.001122762543100723, 0.0037883347195955836, 0.0014379776232208848], [-0.00193230487514578, 0.001437977623220885, 0.0368863249266095]], "chi2_level": 0.99, "chi2_df": 3, "chi2_threshold": 11.344866730144373, "N_raw": 72, "N_roi": 72, "N_inlier": 69, "refit": true}
{"timestamp": "15:31:17.902613", "frame": 95, "mu": [0.9004588355238639, 1.2173589224834878, 1.3160802151017412], "Sigma": [[0.008353233350896506, -0.0023354234601932074, -0.006605147499256234], [-0.0023354234601932074, 0.0035841477573738253, -0.0022771319728686745], [-0.006605147499256234, -0.0022771319728686745, 0.021917733406010657]], "chi2_level": 0.99, "chi2_df": 3, "chi2_threshold": 11.344866730144373, "N_raw": 78, "N_roi": 78, "N_inlier": 72, "refit": true}
{"timestamp": "15:31:17.950983", "frame": 96, "mu": [0.7644683153901901, 1.1639683003752157, 1.283552871665501], "Sigma": [[0.008072414409804605, -0.004324664384941867, -0.02035209776764516], [-0.004324664384941867, 0.010005749715997945, 0.05105445414344227], [-0.02035209776764516, 0.05105445414344227, 0.34022209324406055]], "chi2_level": 0.99, "chi2_df": 3, "chi2_threshold": 11.344866730144373, "N_raw": 35, "N_roi": 35, "N_inlier": 34, "refit": true}
{"timestamp": "15:31:18.012628", "frame": 97, "mu": [0.7256094718349155, 1.1631788656840942, 1.2393730961676763], "Sigma": [[0.006825969524991055, 0.0007356590670197261, 0.022007006991208534], [0.000735659067019726, 0.005651809013175707, 0.02285470846209883], [0.02200700699120853, 0.02285470846209883, 0.3067751283290406]], "chi2_level": 0.99, "chi2_df": 3, "chi2_threshold": 11.344866730144373, "N_raw": 64, "N_roi": 64, "N_inlier": 62, "refit": true}
{"timestamp": "15:31:18.064442", "frame": 98, "mu": [0.7568106302468713, 1.1541456411300972, 1.4052400864070733], "Sigma": [[0.006400542637597197, -0.0011829438058316784, -0.008511717346594234], [-0.0011829438058316784, 0.003914559055365102, 0.0004568133782747476], [-0.008511717346594234, 0.0004568133782747474, 0.014964370741657254]], "chi2_level": 0.99, "chi2_df": 3, "chi2_threshold": 11.344866730144373, "N_raw": 63, "N_roi": 63, "N_inlier": 61, "refit": true}
{"timestamp": "15:31:18.119550", "frame": 99, "mu": [0.7302437951701516, 1.1444744818885133, 1.3654708672403388], "Sigma": [[0.010414973833589131, -0.0036187638261265488, -0.014260281448719828], [-0.0036187638261265483, 0.0033057644905087934, 0.003971835525818097], [-0.01426028144871983, 0.003971835525818097, 0.02375393935323042]], "chi2_level": 0.99, "chi2_df": 3, "chi2_threshold": 11.344866730144373, "N_raw": 62, "N_roi": 62, "N_inlier": 59, "refit": true}
{"timestamp": "15:31:18.268691", "frame": 100, "mu": [0.6654569390098277, 1.147132657294532, 1.413730942071696], "Sigma": [[0.00771077265233447, -0.0020820356898982695, -0.008879506385642957], [-0.0020820356898982695, 0.00501329571173676, 0.0017009587301299875], [-0.008879506385642957, 0.0017009587301299875, 0.010995711538199806]], "chi2_level": 0.99, "chi2_df": 3, "chi2_threshold": 11.344866730144373, "N_raw": 71, "N_roi": 71, "N_inlier": 68, "refit": true}
{"timestamp": "15:31:18.289099", "frame": 101, "mu": [0.5496104981114871, 1.1729385509602779, 1.4794825180509965], "Sigma": [[0.005009040709269867, -0.0015548943452288308, -0.006111433483059453], [-0.0015548943452288308, 0.0034999059759058117, 0.00101361774547396], [-0.006111433483059453, 0.00101361774547396, 0.013268394644472069]], "chi2_level": 0.99, "chi2_df": 3, "chi2_threshold": 11.344866730144373, "N_raw": 49, "N_roi": 48, "N_inlier": 44, "refit": true}
{"timestamp": "15:31:18.322987", "frame": 102, "mu": [0.4889942493782082, 1.181508527168569, 1.4797684048888968], "Sigma": [[0.00298513771702658, -0.00033708290545506617, -0.0021160563968479562], [-0.00033708290545506617, 0.004467206903611726, -0.0025978416134904547], [-0.0021160563968479562, -0.0025978416134904547, 0.0037883173350079288]], "chi2_level": 0.99, "chi2_df": 3, "chi2_threshold": 11.344866730144373, "N_raw": 58, "N_roi": 58, "N_inlier": 58, "refit": true}
{"timestamp": "15:31:18.352128", "frame": 103, "mu": [0.4806570674193192, 1.1398442426040563, 1.4494890341114446], "Sigma": [[0.004843531597650761, 9.940344122081257e-06, -0.0042360708841458015], [9.940344122081257e-06, 0.0016192723311041289, -0.0016288330311357404], [-0.0042360708841458015, -0.0016288330311357406, 0.005906156068633058]], "chi2_level": 0.99, "chi2_df": 3, "chi2_threshold": 11.344866730144373, "N_raw": 56, "N_roi": 56, "N_inlier": 52, "refit": true}
{"timestamp": "15:31:18.391633", "frame": 104, "mu": [0.38271255492190415, 1.173854448860111, 1.474728517841199], "Sigma": [[0.002337667881380723, -0.0005278542215857126, -0.001139999184625046], [-0.0005278542215857126, 0.0029143038592834816, -0.0023176929619372504], [-0.001139999184625046, -0.00231769296193725, 0.003126719969361061]], "chi2_level": 0.99, "chi2_df": 3, "chi2_threshold": 11.344866730144373, "N_raw": 46, "N_roi": 46, "N_inlier": 45, "refit": true}
{"timestamp": "15:31:18.451499", "frame": 105, "mu": [0.35988886339853143, 1.172609310955578, 1.4746136428445877], "Sigma": [[0.0040867802917197845, -0.0003619483937481292, -0.004365387285182805], [-0.0003619483937481292, 0.0042315348961145215, -0.0017796583521238478], [-0.004365387285182806, -0.0017796583521238474, 0.006157649241733737]], "chi2_level": 0.99, "chi2_df": 3, "chi2_threshold": 11.344866730144373, "N_raw": 70, "N_roi": 70, "N_inlier": 66, "refit": true}
{"timestamp": "15:31:18.501577", "frame": 106, "mu": [0.3064722177829249, 1.1321944297857534, 1.4573730068248212], "Sigma": [[0.0025632227377070534, -0.0013529944089805865, -0.00919831137445564], [-0.0013529944089805863, 0.004665427015117741, 0.010184293269069278], [-0.00919831137445564, 0.010184293269069278, 0.0905670917662393]], "chi2_level": 0.99, "chi2_df": 3, "chi2_threshold": 11.344866730144373, "N_raw": 45, "N_roi": 45, "N_inlier": 41, "refit": true}
{"timestamp": "15:31:18.559338", "frame": 107, "mu": [0.253865796364697, 1.166037330769542, 1.5197304840611503], "Sigma": [[0.0030639059418781215, 0.0004962185004712264, -0.0024030271734296295], [0.0004962185004712263, 0.0033527755403229336, -0.0015795447215082785], [-0.0024030271734296295, -0.0015795447215082787, 0.0029590916526577174]], "chi2_level": 0.99, "chi2_df": 3, "chi2_threshold": 11.344866730144373, "N_raw": 57, "N_roi": 57, "N_inlier": 51, "refit": true}
{"timestamp": "15:31:18.612626", "frame": 108, "mu": [0.252334183307252, 1.0832370301845375, 1.3957635738909335], "Sigma": [[0.0029226851218840527, -0.0018891290221086077, -0.004621010860497277], [-0.0018891290221086077, 0.004098459294318533, 0.001943382524759274], [-0.004621010860497277, 0.0019433825247592742, 0.008052602379059637]], "chi2_level": 0.99, "chi2_df": 3, "chi2_threshold": 11.344866730144373, "N_raw": 48, "N_roi": 48, "N_inlier": 44, "refit": true}
{"timestamp": "15:31:18.668971", "frame": 109, "mu": [0.21794716068908013, 1.0443605783145298, 1.2747163492796496], "Sigma": [[0.0027192903949778374, 1.786915258100366e-05, 0.0013858023980599244], [1.7869152581003714e-05, 0.0027903126206604715, 0.00589704071373122], [0.0013858023980599244, 0.005897040713731221, 0.048014842954535404]], "chi2_level": 0.99, "chi2_df": 3, "chi2_threshold": 11.344866730144373, "N_raw": 55, "N_roi": 55, "N_inlier": 48, "refit": true}
{"timestamp": "15:31:18.779282", "frame": 111, "mu": [0.12326384429175326, 1.0980522688387342, 1.3828279662673817], "Sigma": [[0.002462570564553586, -0.00042836411722601604, -0.0026916975615085886], [-0.000428364117226016, 0.007037053384627447, -0.0006100664765599998], [-0.0026916975615085886, -0.0006100664765599999, 0.004063850179354196]], "chi2_level": 0.99, "chi2_df": 3, "chi2_threshold": 11.344866730144373, "N_raw": 67, "N_roi": 67, "N_inlier": 63, "refit": true}
{"timestamp": "15:31:18.836455", "frame": 112, "mu": [0.009833643635770361, 1.1022972249704441, 1.4679017130213472], "Sigma": [[0.0031945755434863487, -0.002794952742922399, -0.005037796202493193], [-0.002794952742922399, 0.00943074753891446, 0.005904482412177324], [-0.005037796202493193, 0.005904482412177324, 0.010830510584311817]], "chi2_level": 0.99, "chi2_df": 3, "chi2_threshold": 11.344866730144373, "N_raw": 71, "N_roi": 68, "N_inlier": 65, "refit": true}
{"timestamp": "15:31:18.891004", "frame": 113, "mu": [0.01565262205893243, 1.0979681457785093, 1.4272420576562126], "Sigma": [[0.002651178944836581, -0.0008697433267021003, -0.0027096007274466996], [-0.0008697433267021005, 0.00340430958912473, -0.0015155103942716898], [-0.0027096007274466996, -0.0015155103942716898, 0.0049914757613890815]], "chi2_level": 0.99, "chi2_df": 3, "chi2_threshold": 11.344866730144373, "N_raw": 63, "N_roi": 62, "N_inlier": 59, "refit": true}
{"timestamp": "15:31:18.948596", "frame": 114, "mu": [-0.07210614079419238, 1.098073936921993, 1.4721152270296134], "Sigma": [[0.0033730101939828706, -0.001624775788685012, -0.005373786756430868], [-0.001624775788685012, 0.008864961031731634, -0.0001093845768068999], [-0.005373786756430868, -0.00010938457680689968, 0.010984018395656938]], "chi2_level": 0.99, "chi2_df": 3, "chi2_threshold": 11.344866730144373, "N_raw": 89, "N_roi": 89, "N_inlier": 86, "refit": true}
{"timestamp": "15:31:19.000425", "frame": 115, "mu": [-0.12914031224210762, 1.1270576610278362, 1.5199202643322605], "Sigma": [[0.003549149658320365, -0.0010336649897062704, -0.0033457893536675922], [-0.0010336649897062704, 0.004257527502547244, -0.001390461800300234], [-0.003345789353667592, -0.001390461800300234, 0.00501395454560752]], "chi2_level": 0.99, "chi2_df": 3, "chi2_threshold": 11.344866730144373, "N_raw": 68, "N_roi": 68, "N_inlier": 64, "refit": true}
{"timestamp": "15:31:19.058701", "frame": 116, "mu": [-0.18325136205597503, 1.164264559884138, -0.09255156787386581], "Sigma": [[0.0038938376564700734, -0.00212852610761537, 0.015830397679474823], [-0.00212852610761537, 0.010623407974184186, -0.03232085518035049], [0.015830397679474823, -0.03232085518035049, 0.20925587509245744]], "chi2_level": 0.99, "chi2_df": 3, "chi2_threshold": 11.344866730144373, "N_raw": 88, "N_roi": 88, "N_inlier": 85, "refit": true}
{"timestamp": "15:31:19.112586", "frame": 117, "mu": [-0.23820466370184945, 1.225836870795909, -0.21245012937478905], "Sigma": [[0.003084255482863022, 0.00018088715582926124, -0.0027060022534794188], [0.00018088715582926127, 0.0054680332830378915, -0.004369090243616144], [-0.0027060022534794188, -0.004369090243616144, 0.008266607549112301]], "chi2_level": 0.99, "chi2_df": 3, "chi2_threshold": 11.344866730144373, "N_raw": 78, "N_roi": 78, "N_inlier": 73, "refit": true}
{"timestamp": "15:31:19.168033", "frame": 118, "mu": [-0.30525113409375954, 1.1857642573040863, -0.013855573864760554], "Sigma": [[0.003536420709350217, -0.0011856220553030986, 0.011516754347042912], [-0.0011856220553030988, 0.008043476848485309, -0.010274578494949008], [0.011516754347042912, -0.010274578494949008, 0.2127804499912798]], "chi2_level": 0.99, "chi2_df": 3, "chi2_threshold": 11.344866730144373, "N_raw": 78, "N_roi": 78, "N_inlier": 76, "refit": true}
{"timestamp": "15:31:19.221949", "frame": 119, "mu": [-0.33618341719686506, 1.0950154520407438, 1.3789945203370524], "Sigma": [[0.00697928777671795, -0.004436543196260181, -0.022451935380962296], [-0.004436543196260181, 0.006564088775946251, 0.020982464723493396], [-0.022451935380962296, 0.020982464723493396, 0.11523709789767111]], "chi2_level": 0.99, "chi2_df": 3, "chi2_threshold": 11.344866730144373, "N_raw": 75, "N_roi": 75, "N_inlier": 70, "refit": true}
{"timestamp": "15:31:19.275638", "frame": 120, "mu": [-0.4150641704831345, 1.1694346920593437, 1.5807460095065133], "Sigma": [[0.00386861503836118, -0.0008261239151467689, -0.002013136913343802], [-0.0008261239151467691, 0.006142217277780794, -0.0021812211529806673], [-0.002013136913343802, -0.0021812211529806673, 0.002580375727715272]], "chi2_level": 0.99, "chi2_df": 3, "chi2_threshold": 11.344866730144373, "N_raw": 72, "N_roi": 72, "N_inlier": 69, "refit": true}
{"timestamp": "15:31:19.333193", "frame": 121, "mu": [-0.4370789190819472, 1.1793373272456673, 1.4898444248308178], "Sigma": [[0.0041925369269830365, -0.001678279560080982, -0.002372252117950448], [-0.001678279560080982, 0.009779305082249973, -0.0035060801578756934], [-0.0023722521179504476, -0.0035060801578756934, 0.00409067522121313]], "chi2_level": 0.99, "chi2_df": 3, "chi2_threshold": 11.344866730144373, "N_raw": 94, "N_roi": 94, "N_inlier": 90, "refit": true}
{"timestamp": "15:31:19.389099", "frame": 122, "mu": [-0.4726630433784419, 1.1847843514973992, 1.4507854024894684], "Sigma": [[0.004130625193778058, -0.00022905649367159416, -0.0021174987321188376], [-0.00022905649367159403, 0.005470599856179651, -0.004486094089079939], [-0.0021174987321188376, -0.004486094089079939, 0.007313991578761296]], "chi2_level": 0.99, "chi2_df": 3, "chi2_threshold": 11.344866730144373, "N_raw": 83, "N_roi": 83, "N_inlier": 80, "refit": true}
{"timestamp": "15:31:19.443092", "frame": 123, "mu": [-0.5469389287970527, 1.1604689811216982, 1.4440228214315944], "Sigma": [[0.005498622021532335, -0.0015125828746347827, -0.00389247591437316], [-0.001512582874634783, 0.010757458792503194, 0.0016260741738946052], [-0.00389247591437316, 0.0016260741738946048, 0.008013803052983355]], "chi2_level": 0.99, "chi2_df": 3, "chi2_threshold": 11.344866730144373, "N_raw": 88, "N_roi": 88, "N_inlier": 84, "refit": true}
