{"timestamp": "18:18:23.278353", "frame": 22, "mu": [-0.7545759284584223, 0.18958219563622775, 1.2270971736304574], "Sigma": [[0.7691851429241444, 0.0029663726315426664, -0.010104696800998843], [0.0029663726315426672, 0.0004600966247991102, -0.0003104915231067837], [-0.010104696800998845, -0.0003104915231067837, 0.000834642693353889]], "chi2_level": 0.99, "chi2_df": 3, "chi2_threshold": 11.344866730144373, "N_raw": 7, "N_roi": 7, "N_inlier": 7, "refit": true}
{"timestamp": "18:18:23.335004", "frame": 23, "mu": [0.7214725869969503, 0.24869959461366728, 0.918729821166539], "Sigma": [[1.2201228027628972, 0.054561207841505546, -0.0651146775182023], [0.05456120784150555, 0.00865789746204591, -0.0024480552768531227], [-0.0651146775182023, -0.0024480552768531227, 0.010970964890243457]], "chi2_level": 0.99, "chi2_df": 3, "chi2_threshold": 11.344866730144373, "N_raw": 15, "N_roi": 15, "N_inlier": 15, "refit": true}
{"timestamp": "18:18:23.389283", "frame": 24, "mu": [0.4298218175544998, 0.22521895330784067, 1.1735932370677846], "Sigma": [[1.2108486110670444, 0.027225526493226057, -0.03894448232245451], [0.027225526493226057, 0.002397796771746257, -0.0010405244741555127], [-0.03894448232245451, -0.0010405244741555127, 0.002324265967180763]], "chi2_level": 0.99, "chi2_df": 3, "chi2_threshold": 11.344866730144373, "N_raw": 12, "N_roi": 12, "N_inlier": 12, "refit": true}
{"timestamp": "18:18:23.443912", "frame": 25, "mu": [-1.2340223253096512, 0.4871130077021065, -0.802101827794102], "Sigma": [[0.013523632028255085, -0.004901077002406772, 0.019666800714684473], [-0.004901077002406773, 0.00366108961777256, -0.008377442272036803], [0.019666800714684473, -0.008377442272036803, 0.0328409735130642]], "chi2_level": 0.99, "chi2_df": 3, "chi2_threshold": 11.344866730144373, "N_raw": 12, "N_roi": 12, "N_inlier": 12, "refit": true}
{"timestamp": "18:18:23.499377", "frame": 26, "mu": [0.2602182511525946, 0.28409480482598026, 1.249821061246003], "Sigma": [[1.0823344945433073, 0.014519217514935831, 0.06411268273334683], [0.014519217514935836, 0.010453349525555862, -0.009043469774713962], [0.06411268273334683, -0.009043469774713962, 0.021155682185577437]], "chi2_level": 0.99, "chi2_df": 3, "chi2_threshold": 11.344866730144373, "N_raw": 18, "N_roi": 18, "N_inlier": 18, "refit": true}
{"timestamp": "18:18:23.557491", "frame": 27, "mu": [0.36560956209540785, 0.24725695488303975, 1.2620094719285817], "Sigma": [[1.021341378027188, 0.030605053439354633, -0.02326652366917087], [0.03060505343935463, 0.004943852263700162, -0.0006965263767727565], [-0.02326652366917087, -0.0006965263767727565, 0.008579712996766431]], "chi2_level": 0.99, "chi2_df": 3, "chi2_threshold": 11.344866730144373, "N_raw": 28, "N_roi": 28, "N_inlier": 25, "refit": true}
{"timestamp": "18:18:23.722864", "frame": 30, "mu": [0.21587498831906962, 0.22341164029863944, 1.2969300801017427], "Sigma": [[1.0462032916670123, 0.025620151794184757, -0.02322360698978123], [0.02562015179418476, 0.003240358499273289, -5.701157292153068e-05], [-0.023223606989781233, -5.701157292153041e-05, 0.00668755575050913]], "chi2_level": 0.99, "chi2_df": 3, "chi2_threshold": 11.344866730144373, "N_raw": 32, "N_roi": 32, "N_inlier": 30, "refit": true}
{"timestamp": "18:18:23.775916", "frame": 31, "mu": [-0.14944368836559946, 0.24768703017836732, 1.214031498225127], "Sigma": [[1.0796648266568238, -0.0331814069325814, 0.09995418759701119], [-0.0331814069325814, 0.008286890259128309, -0.02232752255924568], [0.0999541875970112, -0.02232752255924568, 0.12448023624655752]], "chi2_level": 0.99, "chi2_df": 3, "chi2_threshold": 11.344866730144373, "N_raw": 24, "N_roi": 24, "N_inlier": 24, "refit": true}
{"timestamp": "18:18:23.835299", "frame": 32, "mu": [-0.8772655116110696, 0.4718379823210377, -0.5840391923876832], "Sigma": [[0.4584606636902157, -0.016683151123979147, 0.00999451970678553], [-0.016683151123979147, 0.005023895210156373, -0.0027843699089098845], [0.00999451970678553, -0.0027843699089098845, 0.002612458427652606]], "chi2_level": 0.99, "chi2_df": 3, "chi2_threshold": 11.344866730144373, "N_raw": 52, "N_roi": 52, "N_inlier": 50, "refit": true}
{"timestamp": "18:18:23.888609", "frame": 33, "mu": [-0.44551415008926826, 0.24823186043191314, 1.3076135199668364], "Sigma": [[0.9783241442981055, -0.01338132615346116, 0.012224519555835988], [-0.013381326153461158, 0.0034931728661441236, -0.0006039120065588114], [0.012224519555835988, -0.0006039120065588115, 0.0015756245534421975]], "chi2_level": 0.99, "chi2_df": 3, "chi2_threshold": 11.344866730144373, "N_raw": 41, "N_roi": 41, "N_inlier": 38, "refit": true}
{"timestamp": "18:18:23.947249", "frame": 34, "mu": [-1.0887984122676193, 0.3441909802434366, 1.2947193081247395], "Sigma": [[0.0064021291457228005, 0.0035300653760067025, -0.00017451560265932113], [0.0035300653760067025, 0.005190962110777012, -0.0037922489587933765], [-0.00017451560265932113, -0.0037922489587933765, 0.005710974478598435]], "chi2_level": 0.99, "chi2_df": 3, "chi2_threshold": 11.344866730144373, "N_raw": 67, "N_roi": 67, "N_inlier": 62, "refit": true}
{"timestamp": "18:18:23.999428", "frame": 35, "mu": [-1.0535644735627254, 0.3829495072589572, 1.3589612117516485], "Sigma": [[0.005391180776794906, 0.0031023431680275862, 0.0016627521020556252], [0.0031023431680275867, 0.0036099914848768903, 0.0002250661517012128], [0.0016627521020556252, 0.0002250661517012128, 0.005962566477661303]], "chi2_level": 0.99, "chi2_df": 3, "chi2_threshold": 11.344866730144373, "N_raw": 48, "N_roi": 48, "N_inlier": 47, "refit": true}
{"timestamp": "18:18:24.055278", "frame": 36, "mu": [-1.0428386817402586, 0.4797670284373403, 1.375282535818374], "Sigma": [[0.004554698592259797, 0.0019175734399212076, 0.0012478009180675585], [0.0019175734399212076, 0.0029697104449629783, -0.0020469705837103153], [0.0012478009180675585, -0.0020469705837103153, 0.008653103134314178]], "chi2_level": 0.99, "chi2_df": 3, "chi2_threshold": 11.344866730144373, "N_raw": 49, "N_roi": 48, "N_inlier": 45, "refit": true}
{"timestamp": "18:18:24.113426", "frame": 37, "mu": [-1.088100019884302, 0.46071925193938745, 1.4017822324324607], "Sigma": [[0.00904438741414349, 0.005336773169685228, 0.002219448083019995], [0.005336773169685228, 0.005472003945039509, -0.0018360820848008319], [0.002219448083019995, -0.0018360820848008319, 0.007270127770492853]], "chi2_level": 0.99, "chi2_df": 3, "chi2_threshold": 11.344866730144373, "N_raw": 74, "N_roi": 74, "N_inlier": 72, "refit": true}
{"timestamp": "18:18:24.164720", "frame": 38, "mu": [-1.0508886666319226, 0.5279998175668528, 1.4597901666070416], "Sigma": [[0.004876402188228812, 0.0017101426093384011, -1.3302570132575132e-05], [0.0017101426093384011, 0.004160071240872239, -0.0032756819253897283], [-1.3302570132575078e-05, -0.0032756819253897283, 0.0035488880098961165]], "chi2_level": 0.99, "chi2_df": 3, "chi2_threshold": 11.344866730144373, "N_raw": 53, "N_roi": 53, "N_inlier": 52, "refit": true}
{"timestamp": "18:18:24.225187", "frame": 39, "mu": [-1.014101453374868, 0.5037738880015148, 1.4116407022481454], "Sigma": [[0.009566925930271995, 0.002262813196533663, -0.0007535724967062426], [0.0022628131965336633, 0.0050543570175138235, -0.004644332661345178], [-0.0007535724967062427, -0.004644332661345178, 0.005454783904547212]], "chi2_level": 0.99, "chi2_df": 3, "chi2_threshold": 11.344866730144373, "N_raw": 86, "N_roi": 86, "N_inlier": 85, "refit": true}
{"timestamp": "18:18:24.280023", "frame": 40, "mu": [-1.0385836403146824, 0.5476996256968696, 1.476965868533693], "Sigma": [[0.011970877417148983, 0.004711393481499708, 0.004052255970657885], [0.004711393481499708, 0.004803629886925198, -0.0012301154426796082], [0.004052255970657885, -0.0012301154426796084, 0.008364577506554689]], "chi2_level": 0.99, "chi2_df": 3, "chi2_threshold": 11.344866730144373, "N_raw": 61, "N_roi": 61, "N_inlier": 59, "refit": true}
{"timestamp": "18:18:24.334669", "frame": 41, "mu": [-0.982692787551011, 0.5916027497741224, 1.542425545124359], "Sigma": [[0.006532034421766857, 0.002280753274875011, 0.0016939279264725938], [0.002280753274875011, 0.003716267407777013, -0.0027049824722759344], [0.0016939279264725942, -0.0027049824722759344, 0.008273556480865507]], "chi2_level": 0.99, "chi2_df": 3, "chi2_threshold": 11.344866730144373, "N_raw": 64, "N_roi": 64, "N_inlier": 60, "refit": true}
{"timestamp": "18:18:24.391434", "frame": 42, "mu": [-0.9076895586550182, 0.654235068900863, 1.5193473588847348], "Sigma": [[0.010165831814314975, 0.004813779951768531, -0.005923257707288888], [0.004813779951768531, 0.00715707560619118, -0.006470292343252111], [-0.005923257707288888, -0.006470292343252111, 0.009517457827858245]], "chi2_level": 0.99, "chi2_df": 3, "chi2_threshold": 11.344866730144373, "N_raw": 82, "N_roi": 82, "N_inlier": 78, "refit": true}
{"timestamp": "18:18:24.449822", "frame": 43, "mu": [-0.9041496129279948, 0.6816716802819395, 1.5028259020916956], "Sigma": [[0.016283086418192733, 0.007880199160529986, -0.014557461690984859], [0.007880199160529984, 0.008423902102261335, -0.013013742124509092], [-0.014557461690984857, -0.013013742124509092, 0.027350101662483747]], "chi2_level": 0.99, "chi2_df": 3, "chi2_threshold": 11.344866730144373, "N_raw": 96, "N_roi": 96, "N_inlier": 93, "refit": true}
{"timestamp": "18:18:24.497971", "frame": 44, "mu": [-0.75200000858267, 0.8017704123833492, 1.2545624458845483], "Sigma": [[0.039455792668943085, 0.027866347600171842, -0.07031477731469007], [0.027866347600171842, 0.02298535210791608, -0.05404719024682888], [-0.07031477731469007, -0.05404719024682888, 0.13484953061519311]], "chi2_level": 0.99, "chi2_df": 3, "chi2_threshold": 11.344866730144373, "N_raw": 47, "N_roi": 47, "N_inlier": 45, "refit": true}
{"timestamp": "18:18:24.552477", "frame": 45, "mu": [-0.537988691857901, 0.9957563844796897, 1.0051783820578113], "Sigma": [[0.0038191016741554373, 0.001875846618230973, -0.0015077070311217146], [0.0018758466182309727, 0.005275107810728212, -0.005653522681839787], [-0.001507707031121715, -0.005653522681839787, 0.00790370566979573]], "chi2_level": 0.99, "chi2_df": 3, "chi2_threshold": 11.344866730144373, "N_raw": 46, "N_roi": 46, "N_inlier": 41, "refit": true}
{"timestamp": "18:18:24.604320", "frame": 46, "mu": [-0.8337973753414669, 0.7542384871772703, 1.347015775293317], "Sigma": [[0.05125970501673757, 0.02730261294770695, -0.08391582218642099], [0.02730261294770695, 0.02198957196310377, -0.05931637474063804], [-0.08391582218642099, -0.05931637474063804, 0.193733550733283]], "chi2_level": 0.99, "chi2_df": 3, "chi2_threshold": 11.344866730144373, "N_raw": 28, "N_roi": 28, "N_inlier": 27, "refit": true}
{"timestamp": "18:18:24.657873", "frame": 47, "mu": [-0.7746136033737976, 0.7440572616412806, 1.3175617138818463], "Sigma": [[0.04039394377042135, 0.024647270550729204, -0.05177426322625381], [0.024647270550729204, 0.018161442332488276, -0.034562464316791164], [-0.05177426322625381, -0.034562464316791164, 0.08319198174364817]], "chi2_level": 0.99, "chi2_df": 3, "chi2_threshold": 11.344866730144373, "N_raw": 20, "N_roi": 20, "N_inlier": 19, "refit": true}
{"timestamp": "18:18:24.721943", "frame": 48, "mu": [-0.5522121449387181, 0.9975881852100204, 1.2225669335634883], "Sigma": [[0.020432357533506553, 0.021743144458177894, -0.029721139985055427], [0.021743144458177897, 0.029213714543393717, -0.03831250508531991], [-0.029721139985055427, -0.03831250508531991, 0.05179971472029376]], "chi2_level": 0.99, "chi2_df": 3, "chi2_threshold": 11.344866730144373, "N_raw": 85, "N_roi": 84, "N_inlier": 81, "refit": true}
{"timestamp": "18:18:24.777320", "frame": 49, "mu": [-0.5191414047326836, 1.041730672120528, 1.1002082373637763], "Sigma": [[0.009469675346096015, 0.009283221815407208, -0.018318845834423975], [0.009283221815407208, 0.016735388838244023, -0.031102766375513576], [-0.018318845834423975, -0.031102766375513576, 0.06132872369638132]], "chi2_level": 0.99, "chi2_df": 3, "chi2_threshold": 11.344866730144373, "N_raw": 75, "N_roi": 71, "N_inlier": 68, "refit": true}
{"timestamp": "18:18:24.822714", "frame": 50, "mu": [-0.4067980633388121, 1.1162850594206648, 1.0214377810009174], "Sigma": [[0.0063209664444126516, 0.009405846646249121, -0.003711653216393922], [0.009405846646249121, 0.023805817989752703, -0.007507123083603391], [-0.0037116532163939215, -0.007507123083603391, 0.0034410567859792934]], "chi2_level": 0.99, "chi2_df": 3, "chi2_threshold": 11.344866730144373, "N_raw": 21, "N_roi": 18, "N_inlier": 16, "refit": true}
{"timestamp": "18:18:24.881075", "frame": 51, "mu": [-0.41208233995985594, 1.0258696277451527, 1.0271063354328824], "Sigma": [[0.003913770056702347, 0.004540348893378832, -0.0060722878164013675], [0.004540348893378832, 0.013998490333371846, 0.001008059431110615], [-0.0060722878164013675, 0.001008059431110616, 0.030232355325263208]], "chi2_level": 0.99, "chi2_df": 3, "chi2_threshold": 11.344866730144373, "N_raw": 39, "N_roi": 37, "N_inlier": 35, "refit": true}
{"timestamp": "18:18:24.942242", "frame": 52, "mu": [-0.32753144035361964, 1.1210888522546183, 0.9643131432430866], "Sigma": [[0.0050603091839628404, 0.004925818376904241, 0.0005063215968806253], [0.004925818376904241, 0.019196738671580844, 0.0008963461040593912], [0.0005063215968806256, 0.000896346104059391, 0.007693164625366312]], "chi2_level": 0.99, "chi2_df": 3, "chi2_threshold": 11.344866730144373, "N_raw": 81, "N_roi": 81, "N_inlier": 75, "refit": true}
{"timestamp": "18:18:24.990935", "frame": 53, "mu": [-0.40039621684583043, 0.9565522797950439, 1.2276527512297317], "Sigma": [[0.0018737866818766514, -0.0010263559125593678, -0.0010198705718679692], [-0.001026355912559368, 0.0021332312493577135, -0.004460950510942885], [-0.0010198705718679696, -0.004460950510942885, 0.025980385775376022]], "chi2_level": 0.99, "chi2_df": 3, "chi2_threshold": 11.344866730144373, "N_raw": 41, "N_roi": 41, "N_inlier": 38, "refit": true}
{"timestamp": "18:18:25.058254", "frame": 54, "mu": [-0.359563101868462, 1.0977614688008803, 0.09802291628692437], "Sigma": [[0.005147315209394884, 0.00104861785679735, 0.03938386301703001], [0.00104861785679735, 0.013104879813028858, -0.0005154722690008337], [0.03938386301703001, -0.000515472269000835, 0.567406702602125]], "chi2_level": 0.99, "chi2_df": 3, "chi2_threshold": 11.344866730144373, "N_raw": 129, "N_roi": 129, "N_inlier": 127, "refit": true}
{"timestamp": "18:18:25.107374", "frame": 55, "mu": [-0.3196133217737538, 1.0941466833499054, 1.1349769016217974], "Sigma": [[0.00676320197805851, 0.005735850086639025, -0.008746446512524157], [0.005735850086639025, 0.0140357290536626, -0.016020469083795813], [-0.008746446512524157, -0.016020469083795813, 0.021987584834175854]], "chi2_level": 0.99, "chi2_df": 3, "chi2_threshold": 11.344866730144373, "N_raw": 80, "N_roi": 80, "N_inlier": 77, "refit": true}
{"timestamp": "18:18:25.163093", "frame": 56, "mu": [-0.31117066657701703, 1.023169199963428, 1.158354286546792], "Sigma": [[0.0029997373562674406, -0.0015120547137155906, -0.004118569274259626], [-0.0015120547137155906, 0.0038495427024972224, 0.005114228049221706], [-0.004118569274259626, 0.005114228049221706, 0.04482221980541089]], "chi2_level": 0.99, "chi2_df": 3, "chi2_threshold": 11.344866730144373, "N_raw": 89, "N_roi": 89, "N_inlier": 84, "refit": true}
{"timestamp": "18:18:25.223549", "frame": 57, "mu": [-0.29033542541868995, 1.1337772887188582, 1.1941662182485442], "Sigma": [[0.008090739575978839, 0.005749385139731921, -0.007266783362015478], [0.005749385139731921, 0.020448311044111274, -0.010110348709702704], [-0.007266783362015478, -0.010110348709702704, 0.01791317563510897]], "chi2_level": 0.99, "chi2_df": 3, "chi2_threshold": 11.344866730144373, "N_raw": 124, "N_roi": 124, "N_inlier": 121, "refit": true}
{"timestamp": "18:18:25.277749", "frame": 58, "mu": [-0.20480878288171112, 1.266469674160235, 0.11280497679790634], "Sigma": [[0.007465519696006634, 0.0035365254096201043, 0.04971237783948655], [0.003536525409620104, 0.00836382861906448, 0.02572703157490668], [0.04971237783948655, 0.02572703157490668, 0.5780664347596532]], "chi2_level": 0.99, "chi2_df": 3, "chi2_threshold": 11.344866730144373, "N_raw": 110, "N_roi": 110, "N_inlier": 106, "refit": true}
{"timestamp": "18:18:25.331615", "frame": 59, "mu": [-0.29740895839888504, 1.2688159980509965, -0.5744047336558965], "Sigma": [[0.005231659815519687, 0.002095838535741432, 0.0056158459522035725], [0.002095838535741432, 0.00712358682198286, 0.0022556478194256653], [0.0056158459522035725, 0.0022556478194256644, 0.05300928518125196]], "chi2_level": 0.99, "chi2_df": 3, "chi2_threshold": 11.344866730144373, "N_raw": 109, "N_roi": 108, "N_inlier": 107, "refit": true}
{"timestamp": "18:18:25.387113", "frame": 60, "mu": [-0.291742626059396, 1.1911731343884668, 1.1508314250491938], "Sigma": [[0.005519389774900973, -0.005348816907404752, -0.0013575453435329253], [-0.005348816907404751, 0.0111702562467148, -0.009612481694040767], [-0.0013575453435329253, -0.009612481694040767, 0.08894487696473367]], "chi2_level": 0.99, "chi2_df": 3, "chi2_threshold": 11.344866730144373, "N_raw": 113, "N_roi": 113, "N_inlier": 107, "refit": true}
{"timestamp": "18:18:25.440204", "frame": 61, "mu": [-0.24008681255303552, 1.2680150691553573, -0.18155216128816914], "Sigma": [[0.004389806424671798, -0.0013279810927812343, 0.04211881259401902], [-0.0013279810927812345, 0.012605047722722135, -0.03359509896903812], [0.04211881259401902, -0.03359509896903812, 0.6228209123299943]], "chi2_level": 0.99, "chi2_df": 3, "chi2_threshold": 11.344866730144373, "N_raw": 97, "N_roi": 97, "N_inlier": 96, "refit": true}
{"timestamp": "18:18:25.492137", "frame": 62, "mu": [-0.21051185734038258, 1.1905624536535788, 1.198005645509074], "Sigma": [[0.004206139824549753, -0.0013879389978691148, -0.00018318560767348438], [-0.0013879389978691148, 0.004382372129304397, -0.0034433899436951457], [-0.00018318560767348438, -0.0034433899436951457, 0.003866280797568811]], "chi2_level": 0.99, "chi2_df": 3, "chi2_threshold": 11.344866730144373, "N_raw": 78, "N_roi": 77, "N_inlier": 72, "refit": true}
{"timestamp": "18:18:25.552573", "frame": 63, "mu": [-0.20258607773392803, 1.2246896500379973, 0.8051080305590289], "Sigma": [[0.005276633502731459, 0.0008569171656770501, 0.006228707325572902], [0.0008569171656770502, 0.009623415898609515, -0.01607258640869042], [0.006228707325572904, -0.01607258640869042, 0.26123143078277306]], "chi2_level": 0.99, "chi2_df": 3, "chi2_threshold": 11.344866730144373, "N_raw": 117, "N_roi": 117, "N_inlier": 116, "refit": true}
{"timestamp": "18:18:25.606298", "frame": 64, "mu": [-0.19533259255870147, 1.3248252822677298, 0.9104896324544647], "Sigma": [[0.004781600741641597, 0.0007251788038807015, -0.007511705571418734], [0.0007251788038807017, 0.005214767732423801, 0.005940023511750736], [-0.007511705571418733, 0.005940023511750738, 0.35917480524004947]], "chi2_level": 0.99, "chi2_df": 3, "chi2_threshold": 11.344866730144373, "N_raw": 107, "N_roi": 107, "N_inlier": 106, "refit": true}
{"timestamp": "18:18:25.657031", "frame": 65, "mu": [-0.12568900601849348, 1.3158721146548522, 0.9061047709568435], "Sigma": [[0.007247214786115046, -0.0033411311360416036, -0.0011416862927001322], [-0.003341131136041603, 0.006247476881997034, 0.010936471718714357], [-0.0011416862927001326, 0.010936471718714357, 0.29857312622324284]], "chi2_level": 0.99, "chi2_df": 3, "chi2_threshold": 11.344866730144373, "N_raw": 76, "N_roi": 76, "N_inlier": 75, "refit": true}
{"timestamp": "18:18:25.714598", "frame": 66, "mu": [-0.10829856182556796, 1.4228741176022028, 1.0383884649115092], "Sigma": [[0.0066472394893999035, 0.0002119005273787984, 0.015193564811558709], [0.0002119005273787984, 0.005442490964934728, 0.001700907977853478], [0.015193564811558709, 0.0017009079778534785, 0.34827224553994063]], "chi2_level": 0.99, "chi2_df": 3, "chi2_threshold": 11.344866730144373, "N_raw": 101, "N_roi": 99, "N_inlier": 98, "refit": true}
{"timestamp": "18:18:25.767140", "frame": 67, "mu": [-0.06678206651221248, 1.6125616044445483, -0.47010548121148826], "Sigma": [[0.004196215442194583, -0.002415233403122191, 0.015165384052396893], [-0.002415233403122191, 0.008438333705275138, -0.035920113486017244], [0.015165384052396893, -0.035920113486017244, 0.23931794782396884]], "chi2_level": 0.99, "chi2_df": 3, "chi2_threshold": 11.344866730144373, "N_raw": 77, "N_roi": 77, "N_inlier": 73, "refit": true}
{"timestamp": "18:18:25.821965", "frame": 68, "mu": [-0.05765939245571501, 1.6699480541989808, -0.5420670833050643], "Sigma": [[0.005855381495365097, -0.004166364785434688, 0.038252821411729095], [-0.004166364785434688, 0.014752479117041516, -0.05650844897615523], [0.038252821411729095, -0.05650844897615523, 0.5096869719471048]], "chi2_level": 0.99, "chi2_df": 3, "chi2_threshold": 11.344866730144373, "N_raw": 82, "N_roi": 82, "N_inlier": 80, "refit": true}
{"timestamp": "18:18:25.876866", "frame": 69, "mu": [0.004755052126729263, 1.4793508636874013, 1.2187330706806327], "Sigma": [[0.004966994731707713, -0.0014974868414051952, -0.010548254335287558], [-0.0014974868414051954, 0.002814278730963678, 0.0060216289036316316], [-0.010548254335287558, 0.006021628903631632, 0.06338174748860936]], "chi2_level": 0.99, "chi2_df": 3, "chi2_threshold": 11.344866730144373, "N_raw": 88, "N_roi": 88, "N_inlier": 85, "refit": true}
{"timestamp": "18:18:25.927096", "frame": 70, "mu": [-0.02184900292089566, 1.552853410357173, 1.133447689730212], "Sigma": [[0.00713691965280218, -0.007261511967206002, -0.022609719751283362], [-0.007261511967206002, 0.012809570964639345, 0.035157281426007526], [-0.022609719751283366, 0.035157281426007526, 0.12433876663127984]], "chi2_level": 0.99, "chi2_df": 3, "chi2_threshold": 11.344866730144373, "N_raw": 43, "N_roi": 43, "N_inlier": 40, "refit": true}
{"timestamp": "18:18:25.986584", "frame": 71, "mu": [0.020179365352565357, 1.5715312388851213, 1.0182185861151525], "Sigma": [[0.0046416327963149885, -0.0016116975773121708, -0.01026457755856858], [-0.0016116975773121708, 0.004296366082875944, 0.0015287777054983688], [-0.010264577558568582, 0.0015287777054983692, 0.2091571090674391]], "chi2_level": 0.99, "chi2_df": 3, "chi2_threshold": 11.344866730144373, "N_raw": 73, "N_roi": 73, "N_inlier": 72, "refit": true}
{"timestamp": "18:18:26.043702", "frame": 72, "mu": [0.0309897021410825, 1.5966164344218283, 1.1122706920120649], "Sigma": [[0.005231787646588112, -0.0015340483157740457, -0.009920329514830194], [-0.001534048315774046, 0.005147281551263123, 0.018719351849554505], [-0.009920329514830196, 0.018719351849554505, 0.29367926102876135]], "chi2_level": 0.99, "chi2_df": 3, "chi2_threshold": 11.344866730144373, "N_raw": 88, "N_roi": 88, "N_inlier": 87, "refit": true}
{"timestamp": "18:18:26.097082", "frame": 73, "mu": [0.10066142703429887, 1.5767932948077432, 0.8735400251828424], "Sigma": [[0.009701981506020571, -0.004629187739456305, -0.05244379644947161], [-0.004629187739456305, 0.005916223444461251, 0.03315074993508362], [-0.052443796449471614, 0.03315074993508362, 0.5083101616494138]], "chi2_level": 0.99, "chi2_df": 3, "chi2_threshold": 11.344866730144373, "N_raw": 81, "N_roi": 81, "N_inlier": 80, "refit": true}
{"timestamp": "18:18:26.148703", "frame": 74, "mu": [0.06624992916685449, 1.7790350179158974, -0.25791660909587816], "Sigma": [[0.004222004062817167, 0.0002653946238932693, 0.0036905204429886285], [0.0002653946238932693, 0.005689645130926797, 0.0015583380820997838], [0.0036905204429886285, 0.0015583380820997843, 0.019751754432239952]], "chi2_level": 0.99, "chi2_df": 3, "chi2_threshold": 11.344866730144373, "N_raw": 56, "N_roi": 56, "N_inlier": 52, "refit": true}
{"timestamp": "18:18:26.201928", "frame": 75, "mu": [0.13165682318442817, 1.7370872957135983, 1.261672723625634], "Sigma": [[0.002967556014873353, 2.4981061266291502e-05, -0.012789057339010049], [2.498106126629153e-05, 0.002168415029848115, -0.003465471850973509], [-0.012789057339010049, -0.003465471850973508, 0.18998219805980368]], "chi2_level": 0.99, "chi2_df": 3, "chi2_threshold": 11.344866730144373, "N_raw": 42, "N_roi": 42, "N_inlier": 40, "refit": true}
{"timestamp": "18:18:26.255748", "frame": 76, "mu": [0.14079900197387094, 1.7551185070384536, 1.318063665115001], "Sigma": [[0.0047006554426363015, -0.0009110234182921492, -0.023063839824743068], [-0.0009110234182921491, 0.0032617322229809426, 0.008499185645699958], [-0.023063839824743065, 0.008499185645699958, 0.23664541476865011]], "chi2_level": 0.99, "chi2_df": 3, "chi2_threshold": 11.344866730144373, "N_raw": 37, "N_roi": 37, "N_inlier": 35, "refit": true}
{"timestamp": "18:18:26.318150", "frame": 77, "mu": [0.11349269699866055, 1.7683279047562297, -0.40631012383779747], "Sigma": [[0.015891170155279022, 0.006652560508463954, 0.13079419146617083], [0.006652560508463954, 0.00891741545348766, 0.0500867709592244], [0.13079419146617083, 0.0500867709592244, 1.328087480273983]], "chi2_level": 0.99, "chi2_df": 3, "chi2_threshold": 11.344866730144373, "N_raw": 90, "N_roi": 90, "N_inlier": 85, "refit": true}
{"timestamp": "18:18:26.373294", "frame": 78, "mu": [0.1929108919391643, 1.7727380898348004, 1.1065068595950283], "Sigma": [[0.015620966454169848, 0.0011320183727539298, 0.035715758605122674], [0.00113201837275393, 0.003285256792018785, 0.004584590465289807], [0.035715758605122674, 0.004584590465289806, 0.14454906191557507]], "chi2_level": 0.99, "chi2_df": 3, "chi2_threshold": 11.344866730144373, "N_raw": 84, "N_roi": 84, "N_inlier": 79, "refit": true}
{"timestamp": "18:18:26.429064", "frame": 79, "mu": [0.14407924908515635, 1.8277140640169363, 0.9146374903383147], "Sigma": [[0.018648433077190697, 0.00532423068777431, 0.053572882617614885], [0.00532423068777431, 0.005726218991041092, 0.024645939905455338], [0.053572882617614885, 0.024645939905455338, 0.31930952705952514]], "chi2_level": 0.99, "chi2_df": 3, "chi2_threshold": 11.344866730144373, "N_raw": 88, "N_roi": 88, "N_inlier": 85, "refit": true}
{"timestamp": "18:18:26.488227", "frame": 80, "mu": [0.21992383257505943, 1.8478572536647633, 1.0077224374414242], "Sigma": [[0.02354297483964431, 0.003986400758536504, 0.05165857450084784], [0.003986400758536504, 0.0038049728634310907, 0.019985645770181856], [0.05165857450084784, 0.019985645770181856, 0.2633817425305644]], "chi2_level": 0.99, "chi2_df": 3, "chi2_threshold": 11.344866730144373, "N_raw": 118, "N_roi": 118, "N_inlier": 115, "refit": true}
{"timestamp": "18:18:26.542193", "frame": 81, "mu": [0.3189326801394378, 1.8740839088935501, 0.998071256435859], "Sigma": [[0.020640779950127947, -0.006321724347060967, 0.019775638662372023], [-0.0063217243470609676, 0.0041006618553155435, -0.0034028383865661637], [0.019775638662372023, -0.0034028383865661637, 0.2018851682570406]], "chi2_level": 0.99, "chi2_df": 3, "chi2_threshold": 11.344866730144373, "N_raw": 117, "N_roi": 117, "N_inlier": 116, "refit": true}
{"timestamp": "18:18:26.591719", "frame": 82, "mu": [0.38206400014078334, 1.9701220448651942, -0.43391087152091096], "Sigma": [[0.007425588536104102, 0.003147093905747523, 0.022818678606725533], [0.003147093905747523, 0.0051391814130029795, 0.008506044934915153], [0.022818678606725536, 0.008506044934915153, 0.16022911973393014]], "chi2_level": 0.99, "chi2_df": 3, "chi2_threshold": 11.344866730144373, "N_raw": 68, "N_roi": 68, "N_inlier": 64, "refit": true}
{"timestamp": "18:18:26.649702", "frame": 83, "mu": [0.39083200388689676, 2.120853404293184, -0.49756698288186824], "Sigma": [[0.011634209830624445, -0.011966375121481155, 0.022565538030463586], [-0.011966375121481153, 0.0305213099447735, -0.06619430958700268], [0.022565538030463586, -0.06619430958700268, 0.16266073355293867]], "chi2_level": 0.99, "chi2_df": 3, "chi2_threshold": 11.344866730144373, "N_raw": 100, "N_roi": 100, "N_inlier": 98, "refit": true}
{"timestamp": "18:18:26.706226", "frame": 84, "mu": [0.4340049314446873, 2.0813793040112154, -0.028016137598607587], "Sigma": [[0.009346991939194386, -0.01509290201275022, 0.06185067256064605], [-0.01509290201275022, 0.05416608936758673, -0.17533596503319795], [0.06185067256064606, -0.17533596503319793, 0.7375700416543992]], "chi2_level": 0.99, "chi2_df": 3, "chi2_threshold": 11.344866730144373, "N_raw": 104, "N_roi": 104, "N_inlier": 103, "refit": true}
{"timestamp": "18:18:26.756415", "frame": 85, "mu": [0.46827818085964235, 1.9206595511795508, 1.1829947378505845], "Sigma": [[0.006789430162950587, -0.0009644898829157084, -0.0022407148303423764], [-0.0009644898829157083, 0.003440487982450544, -0.0021566379982142234], [-0.002240714830342377, -0.0021566379982142234, 0.019980923432515486]], "chi2_level": 0.99, "chi2_df": 3, "chi2_threshold": 11.344866730144373, "N_raw": 71, "N_roi": 71, "N_inlier": 67, "refit": true}
{"timestamp": "18:18:26.811953", "frame": 86, "mu": [0.492590982618777, 1.9405287567352556, 1.130457468830669], "Sigma": [[0.007105305719973255, -0.0014552569608312534, -0.0018935790765834087], [-0.0014552569608312534, 0.003394303753660544, -0.002114114840620394], [-0.0018935790765834087, -0.002114114840620394, 0.03950913143510874]], "chi2_level": 0.99, "chi2_df": 3, "chi2_threshold": 11.344866730144373, "N_raw": 77, "N_roi": 77, "N_inlier": 74, "refit": true}
{"timestamp": "18:18:26.867848", "frame": 87, "mu": [0.5421307876762809, 1.963510891081634, 0.7680122726019483], "Sigma": [[0.01038223890297974, -0.003229661171237073, -0.041724981729230365], [-0.003229661171237073, 0.00772725557718671, 0.023208984794229955], [-0.041724981729230365, 0.023208984794229955, 0.4545574636739114]], "chi2_level": 0.99, "chi2_df": 3, "chi2_threshold": 11.344866730144373, "N_raw": 84, "N_roi": 84, "N_inlier": 83, "refit": true}
{"timestamp": "18:18:26.920581", "frame": 88, "mu": [0.5082772859426732, 2.0489044226105944, 1.1904149056063693], "Sigma": [[0.007274471368399485, -0.003075937377272845, -0.004026125851763058], [-0.003075937377272845, 0.0026565440969959393, -0.0010897658398968631], [-0.004026125851763058, -0.0010897658398968631, 0.03281305134510651]], "chi2_level": 0.99, "chi2_df": 3, "chi2_threshold": 11.344866730144373, "N_raw": 66, "N_roi": 66, "N_inlier": 64, "refit": true}
{"timestamp": "18:18:26.971493", "frame": 89, "mu": [0.529190016133776, 2.051698970765948, 1.0461297961150164], "Sigma": [[0.0040524392150412146, -0.0012784809634003003, -0.0019746620977730287], [-0.0012784809634003, 0.003034866601870947, 0.013887033612086598], [-0.0019746620977730282, 0.013887033612086598, 0.11696311907238922]], "chi2_level": 0.99, "chi2_df": 3, "chi2_threshold": 11.344866730144373, "N_raw": 46, "N_roi": 46, "N_inlier": 43, "refit": true}
{"timestamp": "18:18:27.028438", "frame": 90, "mu": [0.539748727083386, 2.0837239709300093, 1.1601205376708816], "Sigma": [[0.006958934380067392, -0.0012877138400864485, -0.0012229935591460714], [-0.0012877138400864485, 0.0023500012625539608, 0.0024318227606655004], [-0.0012229935591460703, 0.0024318227606655004, 0.048755100773485424]], "chi2_level": 0.99, "chi2_df": 3, "chi2_threshold": 11.344866730144373, "N_raw": 62, "N_roi": 62, "N_inlier": 60, "refit": true}
{"timestamp": "18:18:27.086845", "frame": 91, "mu": [0.5821351265995086, 2.0867017326034665, 0.9471086579733667], "Sigma": [[0.007509466392804791, -0.002454717861550434, -0.018061407448053242], [-0.0024547178615504347, 0.005114391046092333, 0.024035282181028267], [-0.018061407448053242, 0.024035282181028267, 0.227934151198336]], "chi2_level": 0.99, "chi2_df": 3, "chi2_threshold": 11.344866730144373, "N_raw": 79, "N_roi": 79, "N_inlier": 79, "refit": true}
{"timestamp": "18:18:27.139693", "frame": 92, "mu": [0.6032658151421414, 2.160762395902991, 1.1689483973134627], "Sigma": [[0.007521684088241177, -0.0025739345503533223, -0.00351930586852209], [-0.002573934550353322, 0.0028542099801035416, -0.0029382618748998958], [-0.00351930586852209, -0.0029382618748998958, 0.025076954366278607]], "chi2_level": 0.99, "chi2_df": 3, "chi2_threshold": 11.344866730144373, "N_raw": 64, "N_roi": 64, "N_inlier": 62, "refit": true}
{"timestamp": "18:18:27.194109", "frame": 93, "mu": [0.6120163831043215, 2.2187087286266687, 1.1398352505877734], "Sigma": [[0.005690737772402329, -0.0023504982689940266, -0.003156762073531748], [-0.0023504982689940266, 0.0027330905673144026, -0.002145223727883293], [-0.003156762073531748, -0.002145223727883293, 0.028138750436148982]], "chi2_level": 0.99, "chi2_df": 3, "chi2_threshold": 11.344866730144373, "N_raw": 57, "N_roi": 57, "N_inlier": 52, "refit": true}
{"timestamp": "18:18:27.251503", "frame": 94, "mu": [0.6787143871759477, 2.230454755117935, 0.7429475468096624], "Sigma": [[0.013517555293785106, -0.00638307771900317, -0.0474969308014198], [-0.00638307771900317, 0.0046370704291005035, 0.030410377799781334], [-0.0474969308014198, 0.030410377799781334, 0.37346236589308207]], "chi2_level": 0.99, "chi2_df": 3, "chi2_threshold": 11.344866730144373, "N_raw": 78, "N_roi": 78, "N_inlier": 76, "refit": true}
{"timestamp": "18:18:27.298764", "frame": 95, "mu": [0.7045120487556749, 2.0879252644865605, 0.5722961405977435], "Sigma": [[0.0037724979899656248, -0.005348021815841791, -0.026661322073805407], [-0.005348021815841791, 0.12956558054478204, 0.23371989749083494], [-0.026661322073805407, 0.23371989749083494, 0.7639578559466587]], "chi2_level": 0.99, "chi2_df": 3, "chi2_threshold": 11.344866730144373, "N_raw": 22, "N_roi": 22, "N_inlier": 21, "refit": true}
{"timestamp": "18:18:27.355103", "frame": 96, "mu": [0.7308481509696766, 2.3095396701940523, 1.0762778236635786], "Sigma": [[0.008028988565260202, -0.0024618350147894382, 0.003129125229363569], [-0.0024618350147894382, 0.0027192254533254644, -0.0011320576607123365], [0.003129125229363569, -0.0011320576607123365, 0.015119714550197987]], "chi2_level": 0.99, "chi2_df": 3, "chi2_threshold": 11.344866730144373, "N_raw": 41, "N_roi": 41, "N_inlier": 37, "refit": true}
{"timestamp": "18:18:27.414331", "frame": 97, "mu": [0.7573679434191665, 2.3057850718913793, 0.8623927855693747], "Sigma": [[0.005492631465077732, -0.0022767658966510486, -0.0003246044941206357], [-0.0022767658966510486, 0.0022016389083783982, -0.0027435208546159576], [-0.00032460449412063637, -0.002743520854615958, 0.11056715059058979]], "chi2_level": 0.99, "chi2_df": 3, "chi2_threshold": 11.344866730144373, "N_raw": 63, "N_roi": 63, "N_inlier": 62, "refit": true}
{"timestamp": "18:18:27.470060", "frame": 98, "mu": [0.778537331044947, 2.3675353214911445, 1.1059436281840394], "Sigma": [[0.009535213269818451, -0.004033574426921951, -0.006336394000338369], [-0.004033574426921951, 0.00424169973188955, -0.0030852359308850916], [-0.006336394000338369, -0.0030852359308850925, 0.021317538198905087]], "chi2_level": 0.99, "chi2_df": 3, "chi2_threshold": 11.344866730144373, "N_raw": 64, "N_roi": 64, "N_inlier": 60, "refit": true}
{"timestamp": "18:18:27.522030", "frame": 99, "mu": [0.8110744048928807, 2.554582160886422, -0.3665823610843341], "Sigma": [[0.005783027309999724, -0.0001510650965086532, -0.006261939791156771], [-0.0001510650965086531, 0.009749900714810914, -0.02554498977388183], [-0.006261939791156771, -0.02554498977388183, 0.08303513905703251]], "chi2_level": 0.99, "chi2_df": 3, "chi2_threshold": 11.344866730144373, "N_raw": 44, "N_roi": 44, "N_inlier": 41, "refit": true}
{"timestamp": "18:18:27.707469", "frame": 100, "mu": [0.8473996929893097, 2.6483178721737364, -0.573109513134056], "Sigma": [[0.010973690674727246, 0.0019909441001088103, -0.025042955475546833], [0.0019909441001088103, 0.013539029461934525, -0.03994659702508545], [-0.025042955475546833, -0.03994659702508545, 0.1970549302031283]], "chi2_level": 0.99, "chi2_df": 3, "chi2_threshold": 11.344866730144373, "N_raw": 68, "N_roi": 68, "N_inlier": 68, "refit": true}
{"timestamp": "18:18:27.745440", "frame": 101, "mu": [0.8385272449370209, 2.489541980591508, 1.07047058728553], "Sigma": [[0.011667289897182189, -0.004098179135070066, -0.004631990852652291], [-0.004098179135070067, 0.0019390318064453822, -0.0009745891806471922], [-0.00463199085265229, -0.0009745891806471923, 0.07229725247841667]], "chi2_level": 0.99, "chi2_df": 3, "chi2_threshold": 11.344866730144373, "N_raw": 72, "N_roi": 72, "N_inlier": 67, "refit": true}
{"timestamp": "18:18:27.775414", "frame": 102, "mu": [0.827626981628933, 2.548749118315193, 1.1613451077947905], "Sigma": [[0.008667687406881867, -0.00253617174148663, 0.004858481018666561], [-0.00253617174148663, 0.003563478667392827, 0.0077567970427193916], [0.004858481018666559, 0.0077567970427193916, 0.11880527796211539]], "chi2_level": 0.99, "chi2_df": 3, "chi2_threshold": 11.344866730144373, "N_raw": 45, "N_roi": 45, "N_inlier": 42, "refit": true}
{"timestamp": "18:18:27.808279", "frame": 103, "mu": [0.847250952285346, 2.4918418493681527, 0.4924633422370367], "Sigma": [[0.00891839707872665, -0.006410177387674345, -0.021513585068069295], [-0.006410177387674345, 0.008932513724526374, 0.027691280476382783], [-0.0215135850680693, 0.027691280476382786, 0.2576910121249663]], "chi2_level": 0.99, "chi2_df": 3, "chi2_threshold": 11.344866730144373, "N_raw": 43, "N_roi": 43, "N_inlier": 41, "refit": true}
{"timestamp": "18:18:27.839316", "frame": 104, "mu": [0.8980432245563257, 2.518394382025226, 0.9100514522543223], "Sigma": [[0.01872137882031832, -0.0048346945476669765, 0.03150898415418034], [-0.0048346945476669765, 0.004003533475733176, -0.017995025046682017], [0.03150898415418034, -0.017995025046682017, 0.15233706537151212]], "chi2_level": 0.99, "chi2_df": 3, "chi2_threshold": 11.344866730144373, "N_raw": 60, "N_roi": 60, "N_inlier": 57, "refit": true}
{"timestamp": "18:18:27.871450", "frame": 105, "mu": [0.8679510827568893, 2.589881943609918, 0.6101964812112317], "Sigma": [[0.007038668263204166, -0.0024684698322545344, 0.016141464853390304], [-0.0024684698322545344, 0.0018045519175709835, -0.0026948515554946454], [0.016141464853390304, -0.0026948515554946454, 0.0958117177065276]], "chi2_level": 0.99, "chi2_df": 3, "chi2_threshold": 11.344866730144373, "N_raw": 18, "N_roi": 18, "N_inlier": 18, "refit": true}
{"timestamp": "18:18:27.907417", "frame": 106, "mu": [0.8342317514778836, 2.5903425868049346, 0.4098686404694877], "Sigma": [[0.013389268089699058, -0.003455518083114539, -0.003363621379036421], [-0.003455518083114539, 0.0019861350197261677, 0.001975033605798813], [-0.00336362137903642, 0.001975033605798813, 0.028109010062476885]], "chi2_level": 0.99, "chi2_df": 3, "chi2_threshold": 11.344866730144373, "N_raw": 53, "N_roi": 53, "N_inlier": 49, "refit": true}
{"timestamp": "18:18:27.963601", "frame": 107, "mu": [0.9505455900497637, 2.8995150326908434, -0.5266957311417585], "Sigma": [[0.015274628576131854, -0.007942736977728454, 0.021986290718746467], [-0.007942736977728454, 0.00999338389145762, -0.023943788704860428], [0.02198629071874647, -0.02394378870486042, 0.08099476149461428]], "chi2_level": 0.99, "chi2_df": 3, "chi2_threshold": 11.344866730144373, "N_raw": 61, "N_roi": 61, "N_inlier": 59, "refit": true}
{"timestamp": "18:18:28.014492", "frame": 108, "mu": [0.8995381645011539, 2.731778375544111, 0.526836372889084], "Sigma": [[0.01284906259886844, -0.003586803470860811, 0.01480524343729469], [-0.003586803470860811, 0.0013106990925241112, -0.004970844026949116], [0.01480524343729469, -0.004970844026949116, 0.04706863407022945]], "chi2_level": 0.99, "chi2_df": 3, "chi2_threshold": 11.344866730144373, "N_raw": 31, "N_roi": 31, "N_inlier": 28, "refit": true}
{"timestamp": "18:18:28.072214", "frame": 109, "mu": [1.0657503235174588, 2.914997917682551, -0.33793963640244823], "Sigma": [[0.027695321237676755, -0.017528687207914354, 0.06244831144416778], [-0.017528687207914354, 0.024561950261121866, -0.036746812390423225], [0.06244831144416778, -0.036746812390423225, 0.19205759665421498]], "chi2_level": 0.99, "chi2_df": 3, "chi2_threshold": 11.344866730144373, "N_raw": 51, "N_roi": 51, "N_inlier": 50, "refit": true}
