{"timestamp": "17:23:30.856746", "frame": 29, "mu": [-2.42144138454686, 3.0884847087872855, 1.0848175354443854], "Sigma": [[0.0023371189100933943, 0.0015534831667853243, -0.00046345739409494626], [0.0015534831667853243, 0.004630484604539275, -0.0033806818210656607], [-0.00046345739409494626, -0.0033806818210656607, 0.0049911517268418]], "chi2_level": 0.99, "chi2_df": 3, "chi2_threshold": 11.344866730144373, "N_raw": 39, "N_roi": 13, "N_inlier": 12, "refit": true}
{"timestamp": "17:23:30.912227", "frame": 30, "mu": [-2.42523528341206, 3.063185704279932, 1.1553378026661616], "Sigma": [[0.0022556872390747454, 0.002042750979399461, 0.001541906638513], [0.002042750979399461, 0.007618640322174645, 0.001501842355678728], [0.0015419066385129999, 0.001501842355678728, 0.019000094717843988]], "chi2_level": 0.99, "chi2_df": 3, "chi2_threshold": 11.344866730144373, "N_raw": 46, "N_roi": 10, "N_inlier": 10, "refit": true}
{"timestamp": "17:23:30.971603", "frame": 31, "mu": [-2.366560139126025, 3.137914489519747, 0.03678458414977514], "Sigma": [[0.0061496904775197965, 0.0045953770593413785, -0.0005155453346999154], [0.0045953770593413785, 0.01178140455771939, 0.00790966279977566], [-0.0005155453346999154, 0.00790966279977566, 0.01169536885547247]], "chi2_level": 0.99, "chi2_df": 3, "chi2_threshold": 11.344866730144373, "N_raw": 71, "N_roi": 28, "N_inlier": 28, "refit": true}
{"timestamp": "17:23:31.078095", "frame": 33, "mu": [-2.3662219145421575, 3.037463819570057, 1.3451141667847557], "Sigma": [[0.008351311019288111, 0.005606286684481012, 0.0012313241283232897], [0.005606286684481012, 0.008741172044953175, 0.001573154328444702], [0.0012313241283232897, 0.001573154328444702, 0.004011085082160782]], "chi2_level": 0.99, "chi2_df": 3, "chi2_threshold": 11.344866730144373, "N_raw": 30, "N_roi": 23, "N_inlier": 22, "refit": true}
{"timestamp": "17:23:31.132812", "frame": 34, "mu": [-2.2614328017442746, 3.109816861505189, 1.3832000107195475], "Sigma": [[0.01720671924186208, 0.009366813112925896, -0.012754055092528208], [0.009366813112925896, 0.007407835008526605, -0.004617562563226402], [-0.01275405509252821, -0.0046175625632264026, 0.054076304698158995]], "chi2_level": 0.99, "chi2_df": 3, "chi2_threshold": 11.344866730144373, "N_raw": 29, "N_roi": 29, "N_inlier": 26, "refit": true}
{"timestamp": "17:23:31.188733", "frame": 35, "mu": [-2.2551159031441204, 3.0583719187402867, 1.3449257744744885], "Sigma": [[0.016277901804396915, 0.007837194784751655, -0.010856092344861259], [0.007837194784751655, 0.009773592126668954, -0.00236190151133881], [-0.010856092344861259, -0.00236190151133881, 0.00942601949865029]], "chi2_level": 0.99, "chi2_df": 3, "chi2_threshold": 11.344866730144373, "N_raw": 40, "N_roi": 37, "N_inlier": 37, "refit": true}
{"timestamp": "17:23:31.299539", "frame": 37, "mu": [-2.106098455705034, 3.129766992814561, 1.2087610245963074], "Sigma": [[0.018171478615791804, 0.008496976568903114, -0.008880155469308239], [0.008496976568903114, 0.008278854580353047, -0.004792016940287915], [-0.008880155469308239, -0.004792016940287916, 0.007025927743438096]], "chi2_level": 0.99, "chi2_df": 3, "chi2_threshold": 11.344866730144373, "N_raw": 44, "N_roi": 41, "N_inlier": 38, "refit": true}
{"timestamp": "17:23:31.353859", "frame": 38, "mu": [-2.049062507974503, 3.19002581426591, 1.3638351589895714], "Sigma": [[0.018102918230172016, 0.008719417295955354, -0.010296413142456572], [0.008719417295955354, 0.007892554421751094, -0.006157017678211776], [-0.010296413142456572, -0.006157017678211776, 0.008969933711761014]], "chi2_level": 0.99, "chi2_df": 3, "chi2_threshold": 11.344866730144373, "N_raw": 39, "N_roi": 39, "N_inlier": 38, "refit": true}
{"timestamp": "17:23:31.410782", "frame": 39, "mu": [-1.9543728083527656, 3.1805008622590285, 1.1422071498489308], "Sigma": [[0.021736838985379887, 0.006947220277919525, -0.014613161367248731], [0.006947220277919525, 0.005623958217712174, -0.009389443650899311], [-0.014613161367248731, -0.009389443650899313, 0.018555682145262188]], "chi2_level": 0.99, "chi2_df": 3, "chi2_threshold": 11.344866730144373, "N_raw": 51, "N_roi": 51, "N_inlier": 51, "refit": true}
{"timestamp": "17:23:31.517994", "frame": 41, "mu": [-1.8957698393423137, 3.1531771038746887, -0.4061337735682653], "Sigma": [[0.01649959110078772, 0.008385809243659033, 0.026097927055610468], [0.008385809243659033, 0.009797673852433417, 0.028636154497464525], [0.026097927055610474, 0.028636154497464525, 0.11496991653096875]], "chi2_level": 0.99, "chi2_df": 3, "chi2_threshold": 11.344866730144373, "N_raw": 34, "N_roi": 31, "N_inlier": 31, "refit": true}
{"timestamp": "17:23:31.575456", "frame": 42, "mu": [-1.8056466137356681, 3.120675916701001, 1.0629391840537825], "Sigma": [[0.016457914205300524, 0.006659708304405201, -0.008558182408339951], [0.006659708304405201, 0.00593002511475372, -0.005457316928002201], [-0.008558182408339953, -0.005457316928002201, 0.006792850646492509]], "chi2_level": 0.99, "chi2_df": 3, "chi2_threshold": 11.344866730144373, "N_raw": 46, "N_roi": 41, "N_inlier": 38, "refit": true}
{"timestamp": "17:23:31.630562", "frame": 43, "mu": [-1.780619631743847, 3.141805056715439, 1.121410483668725], "Sigma": [[0.01911102717966963, 0.006840784672273923, -0.013224750203342907], [0.006840784672273925, 0.005334225293523056, -0.008242432592025253], [-0.013224750203342907, -0.008242432592025253, 0.015646267051348358]], "chi2_level": 0.99, "chi2_df": 3, "chi2_threshold": 11.344866730144373, "N_raw": 49, "N_roi": 45, "N_inlier": 43, "refit": true}
{"timestamp": "17:23:31.689811", "frame": 44, "mu": [-1.6245311491591001, 3.137128039606073, 0.8510594488008085], "Sigma": [[0.023124257745672165, 0.007347993595173892, -0.012799745470626074], [0.007347993595173892, 0.00644756992087625, -0.010887787914394537], [-0.012799745470626078, -0.010887787914394537, 0.021072446178789846]], "chi2_level": 0.99, "chi2_df": 3, "chi2_threshold": 11.344866730144373, "N_raw": 75, "N_roi": 75, "N_inlier": 72, "refit": true}
{"timestamp": "17:23:31.741247", "frame": 45, "mu": [-1.502252780838356, 3.121371059943893, 0.7024827477645618], "Sigma": [[0.017207802986385252, 0.0038169670133180074, -0.00967942779408811], [0.0038169670133180074, 0.004751797640139768, -0.00490615060567714], [-0.00967942779408811, -0.00490615060567714, 0.008470527653136696]], "chi2_level": 0.99, "chi2_df": 3, "chi2_threshold": 11.344866730144373, "N_raw": 53, "N_roi": 52, "N_inlier": 49, "refit": true}
{"timestamp": "17:23:31.850202", "frame": 47, "mu": [-1.4440733596905795, 3.283666854630958, -0.46021201639747683], "Sigma": [[0.01734864947812316, 0.012291762816262675, 0.03582021257370864], [0.012291762816262675, 0.01604345761720808, 0.032572394135208495], [0.03582021257370864, 0.03257239413520849, 0.1310902823723779]], "chi2_level": 0.99, "chi2_df": 3, "chi2_threshold": 11.344866730144373, "N_raw": 52, "N_roi": 52, "N_inlier": 51, "refit": true}
{"timestamp": "17:23:31.907468", "frame": 48, "mu": [-1.3197844578064708, 3.367961348716688, -0.28481105225334424], "Sigma": [[0.022063725478164473, 0.006148693481848022, -0.02421485727459745], [0.006148693481848022, 0.0066125606931857145, -0.015305778361758523], [-0.02421485727459745, -0.015305778361758527, 0.04484175321352504]], "chi2_level": 0.99, "chi2_df": 3, "chi2_threshold": 11.344866730144373, "N_raw": 58, "N_roi": 58, "N_inlier": 56, "refit": true}
{"timestamp": "17:23:31.961819", "frame": 49, "mu": [-1.2989129027508053, 3.2170336363470504, 1.17233053126254], "Sigma": [[0.01808292322800897, 0.0023393457346743466, -0.011365858808834894], [0.0023393457346743466, 0.005776282655901457, -0.002066948594145323], [-0.011365858808834894, -0.0020669485941453227, 0.010653169639213598]], "chi2_level": 0.99, "chi2_df": 3, "chi2_threshold": 11.344866730144373, "N_raw": 54, "N_roi": 54, "N_inlier": 51, "refit": true}
{"timestamp": "17:23:32.013580", "frame": 50, "mu": [-1.180298306759665, 3.208637188283222, 1.0952059966139058], "Sigma": [[0.010892235491341792, 3.935400066155835e-05, -0.01781644122656182], [3.9354000661558376e-05, 0.0024796549013621078, -0.00018300194149883947], [-0.01781644122656182, -0.00018300194149883936, 0.04028866607924248]], "chi2_level": 0.99, "chi2_df": 3, "chi2_threshold": 11.344866730144373, "N_raw": 33, "N_roi": 33, "N_inlier": 31, "refit": true}
{"timestamp": "17:23:32.070469", "frame": 51, "mu": [-1.0942582184009644, 3.207330207398812, 1.0792518466731238], "Sigma": [[0.01468491642280722, 0.0034332385923162875, -0.007949696144535254], [0.0034332385923162875, 0.004412667702292397, -0.0049763501658944605], [-0.007949696144535254, -0.0049763501658944605, 0.009736249712416963]], "chi2_level": 0.99, "chi2_df": 3, "chi2_threshold": 11.344866730144373, "N_raw": 52, "N_roi": 52, "N_inlier": 50, "refit": true}
{"timestamp": "17:23:32.127965", "frame": 52, "mu": [-1.067998417387837, 3.142433920891734, 1.0246091905853418], "Sigma": [[0.01665085169356678, 0.005044195554732365, -0.009836396513195933], [0.005044195554732365, 0.00894411961256345, -0.004156315184482418], [-0.009836396513195933, -0.004156315184482418, 0.009816630666667275]], "chi2_level": 0.99, "chi2_df": 3, "chi2_threshold": 11.344866730144373, "N_raw": 65, "N_roi": 65, "N_inlier": 63, "refit": true}
{"timestamp": "17:23:32.182780", "frame": 53, "mu": [-1.0157701033998143, 3.181105236312715, -0.7696695201123347], "Sigma": [[0.01736521456608706, 0.007620948173239947, 0.02157768873479121], [0.007620948173239947, 0.0146137481573604, 0.027778324022419452], [0.02157768873479121, 0.027778324022419452, 0.09623167706214132]], "chi2_level": 0.99, "chi2_df": 3, "chi2_threshold": 11.344866730144373, "N_raw": 63, "N_roi": 60, "N_inlier": 59, "refit": true}
{"timestamp": "17:23:32.237819", "frame": 54, "mu": [-0.9608338492727057, 3.2525416741672233, -0.34754840777343426], "Sigma": [[0.013868696818642673, 0.005689905945345757, 0.006549097541761846], [0.005689905945345757, 0.011282907783600514, 0.005657326923443307], [0.006549097541761846, 0.005657326923443306, 0.04479781357081336]], "chi2_level": 0.99, "chi2_df": 3, "chi2_threshold": 11.344866730144373, "N_raw": 62, "N_roi": 61, "N_inlier": 60, "refit": true}
{"timestamp": "17:23:32.292817", "frame": 55, "mu": [-0.9205742267405606, 3.2779572921913034, -0.10156437208448381], "Sigma": [[0.013797648533441504, 0.004456964833404124, -0.008344279822174488], [0.004456964833404124, 0.008925534385127833, -0.00595926301209497], [-0.008344279822174488, -0.00595926301209497, 0.01014860311189319]], "chi2_level": 0.99, "chi2_df": 3, "chi2_threshold": 11.344866730144373, "N_raw": 66, "N_roi": 64, "N_inlier": 60, "refit": true}
{"timestamp": "17:23:32.344798", "frame": 56, "mu": [-0.8486915757591302, 3.170942773480161, 0.7925525179531494], "Sigma": [[0.013409193943833537, 0.0007202564312491263, -0.007709150291143438], [0.0007202564312491263, 0.00428851217982723, -0.010865668922914115], [-0.007709150291143438, -0.010865668922914115, 0.05217983035033173]], "chi2_level": 0.99, "chi2_df": 3, "chi2_threshold": 11.344866730144373, "N_raw": 45, "N_roi": 45, "N_inlier": 42, "refit": true}
{"timestamp": "17:23:32.403817", "frame": 57, "mu": [-0.793459238613839, 3.1968852958902096, 1.1077835231080373], "Sigma": [[0.01688936593705171, 0.0007676166247172263, -0.00723103377007819], [0.0007676166247172262, 0.0064923466708269525, -0.00249585441708329], [-0.00723103377007819, -0.0024958544170832903, 0.008383767466615797]], "chi2_level": 0.99, "chi2_df": 3, "chi2_threshold": 11.344866730144373, "N_raw": 70, "N_roi": 70, "N_inlier": 66, "refit": true}
{"timestamp": "17:23:32.456202", "frame": 58, "mu": [-0.7393176385323885, 3.230359822052102, 0.8839143415135872], "Sigma": [[0.01675749402875667, 0.0003664683164161407, -0.016045802318502632], [0.0003664683164161407, 0.0014203921543194085, -0.0023583348662351653], [-0.016045802318502632, -0.0023583348662351653, 0.06727489583775412]], "chi2_level": 0.99, "chi2_df": 3, "chi2_threshold": 11.344866730144373, "N_raw": 47, "N_roi": 47, "N_inlier": 45, "refit": true}
{"timestamp": "17:23:32.507731", "frame": 59, "mu": [-0.6932563081244344, 3.1925072701473574, 0.6598719159708989], "Sigma": [[0.007557334383167709, 0.0018506190416245458, 0.007322775224991609], [0.0018506190416245458, 0.0015625431945866348, 0.004039544537376331], [0.007322775224991609, 0.004039544537376332, 0.14239687019403122]], "chi2_level": 0.99, "chi2_df": 3, "chi2_threshold": 11.344866730144373, "N_raw": 24, "N_roi": 20, "N_inlier": 19, "refit": true}
{"timestamp": "17:23:32.615505", "frame": 61, "mu": [-0.5767007170829774, 3.1856305964537572, 0.5188929204468979], "Sigma": [[0.0063790145151846325, 0.0023855880349947503, 0.03917269087405317], [0.0023855880349947503, 0.0025956079933987432, 0.004237662860448028], [0.03917269087405317, 0.004237662860448027, 0.3448125996435966]], "chi2_level": 0.99, "chi2_df": 3, "chi2_threshold": 11.344866730144373, "N_raw": 11, "N_roi": 8, "N_inlier": 8, "refit": true}
{"timestamp": "17:23:32.670266", "frame": 62, "mu": [-0.48215254749685926, 3.2537348026676587, 0.646388611894843], "Sigma": [[0.0041639113574061075, 0.0044100638295108165, 0.04056403208187734], [0.0044100638295108165, 0.009828491293076176, 0.043492457299827356], [0.04056403208187733, 0.04349245729982736, 0.4912173885425995]], "chi2_level": 0.99, "chi2_df": 3, "chi2_threshold": 11.344866730144373, "N_raw": 10, "N_roi": 9, "N_inlier": 9, "refit": true}
{"timestamp": "17:23:32.727204", "frame": 63, "mu": [-0.4220297847815172, 3.235122746203391, 0.9912944203122552], "Sigma": [[0.01329588444179492, 0.0010888939599481289, 0.007277300085099777], [0.0010888939599481289, 0.002525012120226999, 0.008675331543852286], [0.0072773000850997775, 0.008675331543852286, 0.1532585574340006]], "chi2_level": 0.99, "chi2_df": 3, "chi2_threshold": 11.344866730144373, "N_raw": 29, "N_roi": 29, "N_inlier": 29, "refit": true}
{"timestamp": "17:23:32.781730", "frame": 64, "mu": [-0.35261555934379385, 3.310168352818868, 0.9955838640102261], "Sigma": [[0.007923872283839404, 0.0014006850867419682, 0.0071865407426345215], [0.0014006850867419682, 0.001364747268743326, 0.00829282833873179], [0.0071865407426345215, 0.00829282833873179, 0.16028855844732723]], "chi2_level": 0.99, "chi2_df": 3, "chi2_threshold": 11.344866730144373, "N_raw": 24, "N_roi": 24, "N_inlier": 24, "refit": true}
{"timestamp": "17:23:32.834388", "frame": 65, "mu": [-0.29036016354270233, 3.264580356917151, 0.972004870832906], "Sigma": [[0.0019423898390170849, -4.427846771733833e-05, 0.001595481835202992], [-4.427846771733833e-05, 0.0019356229052616624, -0.011005234169392818], [0.0015954818352029916, -0.011005234169392818, 0.25855167620070874]], "chi2_level": 0.99, "chi2_df": 3, "chi2_threshold": 11.344866730144373, "N_raw": 11, "N_roi": 11, "N_inlier": 11, "refit": true}
{"timestamp": "17:23:32.890379", "frame": 66, "mu": [-0.16749901712148904, 3.335140028146189, 1.1992541884509753], "Sigma": [[0.005574976308629321, 0.001733114969725052, -0.0010779571729659715], [0.0017331149697250524, 0.003261924566283527, -0.00035475299736226266], [-0.0010779571729659715, -0.00035475299736226266, 0.00028012102747802304]], "chi2_level": 0.99, "chi2_df": 3, "chi2_threshold": 11.344866730144373, "N_raw": 19, "N_roi": 19, "N_inlier": 18, "refit": true}
{"timestamp": "17:23:32.944545", "frame": 67, "mu": [-0.04115464462413061, 3.313310298720827, 0.7569808890525641], "Sigma": [[0.0071682368996543585, 0.0015929162201362764, -0.04478763386185397], [0.001592916220136276, 0.0055040941422659926, -0.010436180410435189], [-0.04478763386185397, -0.010436180410435186, 0.3397294140483279]], "chi2_level": 0.99, "chi2_df": 3, "chi2_threshold": 11.344866730144373, "N_raw": 8, "N_roi": 8, "N_inlier": 8, "refit": true}
{"timestamp": "17:23:33.054234", "frame": 69, "mu": [0.047468341923109544, 3.318690670658353, 0.6878315003185334], "Sigma": [[0.014302558097950285, 0.00812784825374948, -0.05796874525176329], [0.00812784825374948, 0.005991932553587399, -0.031383866839645176], [-0.05796874525176329, -0.031383866839645176, 0.2383821482790727]], "chi2_level": 0.99, "chi2_df": 3, "chi2_threshold": 11.344866730144373, "N_raw": 8, "N_roi": 8, "N_inlier": 8, "refit": true}
{"timestamp": "17:23:33.110297", "frame": 70, "mu": [0.02154377284227204, 3.338745197072715, 0.4316472915109343], "Sigma": [[0.002501382313233114, -0.003780518499005467, -0.0028049802510567816], [-0.003780518499005466, 0.025331755205483815, -0.0689306219624809], [-0.0028049802510567816, -0.0689306219624809, 0.3376718581356944]], "chi2_level": 0.99, "chi2_df": 3, "chi2_threshold": 11.344866730144373, "N_raw": 12, "N_roi": 7, "N_inlier": 7, "refit": true}
{"timestamp": "17:23:33.164242", "frame": 71, "mu": [0.12837346885601958, 3.2955813958764697, 0.7184928922926019], "Sigma": [[0.006845200709715453, -0.003967570489722303, 0.027090303655053882], [-0.003967570489722303, 0.00657631470457318, -0.03208106340141797], [0.02709030365505389, -0.03208106340141797, 0.21258631451378082]], "chi2_level": 0.99, "chi2_df": 3, "chi2_threshold": 11.344866730144373, "N_raw": 8, "N_roi": 8, "N_inlier": 8, "refit": true}
{"timestamp": "17:23:33.223310", "frame": 72, "mu": [0.21862569140857113, 3.185324386352094, 1.0647363688288694], "Sigma": [[0.0165733678387852, -0.0033541471234452835, 0.0014178315477712021], [-0.0033541471234452835, 0.002479441204786416, -0.0044037782106502955], [0.0014178315477712021, -0.004403778210650296, 0.017175979688631438]], "chi2_level": 0.99, "chi2_df": 3, "chi2_threshold": 11.344866730144373, "N_raw": 37, "N_roi": 33, "N_inlier": 30, "refit": true}
{"timestamp": "17:23:33.279876", "frame": 73, "mu": [0.18157900411257566, 3.439611445084958, 0.9938646986800884], "Sigma": [[0.012933937522782624, -0.006574213394972196, 0.02853706969206899], [-0.0065742133949721945, 0.0072683704183956884, -0.035528544331989306], [0.02853706969206899, -0.035528544331989306, 0.22391322415876688]], "chi2_level": 0.99, "chi2_df": 3, "chi2_threshold": 11.344866730144373, "N_raw": 39, "N_roi": 37, "N_inlier": 36, "refit": true}
{"timestamp": "17:23:33.336347", "frame": 74, "mu": [0.3390106663186858, 3.2293202975218396, 1.1841280160755874], "Sigma": [[0.014417222129188586, -0.0033357282106443106, -0.005424486708203986], [-0.0033357282106443106, 0.005208347125831692, 0.0034950043499244157], [-0.005424486708203986, 0.0034950043499244157, 0.00369503774826593]], "chi2_level": 0.99, "chi2_df": 3, "chi2_threshold": 11.344866730144373, "N_raw": 48, "N_roi": 43, "N_inlier": 40, "refit": true}
{"timestamp": "17:23:33.392818", "frame": 75, "mu": [0.3761780884874555, 3.2796824034406957, 1.0637288343597961], "Sigma": [[0.016244626493894312, -0.0035465122942617494, -0.002401209365265093], [-0.0035465122942617494, 0.006814712909377466, -0.002229718809503677], [-0.002401209365265093, -0.0022297188095036775, 0.002363725150689281]], "chi2_level": 0.99, "chi2_df": 3, "chi2_threshold": 11.344866730144373, "N_raw": 62, "N_roi": 62, "N_inlier": 61, "refit": true}
{"timestamp": "17:23:33.448878", "frame": 76, "mu": [0.42003816631132007, 3.268494165687658, 1.0945396252763557], "Sigma": [[0.01621665433062212, -0.004227384604601275, -0.0004538040836449225], [-0.004227384604601275, 0.00615755300770147, -0.006447916127103138], [-0.00045380408364492316, -0.006447916127103138, 0.02347069066132686]], "chi2_level": 0.99, "chi2_df": 3, "chi2_threshold": 11.344866730144373, "N_raw": 70, "N_roi": 68, "N_inlier": 65, "refit": true}
{"timestamp": "17:23:33.498784", "frame": 77, "mu": [0.4741345896123075, 3.349673799645895, 1.0999535633892201], "Sigma": [[0.013083468964287063, -0.0037738073599383228, -0.008559549900634894], [-0.0037738073599383228, 0.0026301627008965037, 0.0011152022515769913], [-0.008559549900634894, 0.001115202251576991, 0.009722726157495632]], "chi2_level": 0.99, "chi2_df": 3, "chi2_threshold": 11.344866730144373, "N_raw": 30, "N_roi": 30, "N_inlier": 27, "refit": true}
{"timestamp": "17:23:33.554630", "frame": 78, "mu": [0.48137279248888176, 3.3986225206953753, 1.2062666479531536], "Sigma": [[0.015521340818725785, -0.002499415704714585, -0.002735393587630569], [-0.002499415704714585, 0.0054319392821558865, 0.0022722955973304673], [-0.0027353935876305692, 0.002272295597330467, 0.014584223581762186]], "chi2_level": 0.99, "chi2_df": 3, "chi2_threshold": 11.344866730144373, "N_raw": 44, "N_roi": 42, "N_inlier": 39, "refit": true}
{"timestamp": "17:23:33.609485", "frame": 79, "mu": [0.5316498470392588, 3.329341497846449, 0.9422070596621304], "Sigma": [[0.012633275632589777, -0.0022904211072146564, -0.0006213018993380681], [-0.0022904211072146564, 0.004887020937606657, 0.00186422633310445], [-0.0006213018993380681, 0.00186422633310445, 0.00688254928877466]], "chi2_level": 0.99, "chi2_df": 3, "chi2_threshold": 11.344866730144373, "N_raw": 39, "N_roi": 37, "N_inlier": 35, "refit": true}
{"timestamp": "17:23:33.668553", "frame": 80, "mu": [0.6197555321634244, 3.366062915630055, 1.1080191388700364], "Sigma": [[0.01746553657830957, -0.003911284901851657, -0.005926859397042366], [-0.003911284901851657, 0.007704897236858223, -0.0015410932173251716], [-0.005926859397042366, -0.0015410932173251716, 0.0046567878728321676]], "chi2_level": 0.99, "chi2_df": 3, "chi2_threshold": 11.344866730144373, "N_raw": 69, "N_roi": 69, "N_inlier": 66, "refit": true}
{"timestamp": "17:23:33.718120", "frame": 81, "mu": [0.752570691918508, 3.416855986487301, 1.026167474790882], "Sigma": [[0.006512293527372483, 0.00044321446337266103, 0.0008640358239275731], [0.00044321446337266087, 0.004010338385791747, -0.0035017436297504504], [0.0008640358239275728, -0.0035017436297504504, 0.18497659937542385]], "chi2_level": 0.99, "chi2_df": 3, "chi2_threshold": 11.344866730144373, "N_raw": 22, "N_roi": 18, "N_inlier": 17, "refit": true}
{"timestamp": "17:23:33.778761", "frame": 82, "mu": [0.8147935888400479, 3.4248946914672245, -0.2014826504528879], "Sigma": [[0.015561660733738034, -0.0004890299215078043, 0.029189768980503197], [-0.0004890299215078043, 0.008599296849153499, 0.0043445537815596505], [0.029189768980503197, 0.00434455378155965, 0.11723457366277024]], "chi2_level": 0.99, "chi2_df": 3, "chi2_threshold": 11.344866730144373, "N_raw": 67, "N_roi": 67, "N_inlier": 64, "refit": true}
{"timestamp": "17:23:33.830852", "frame": 83, "mu": [0.8664006400237979, 3.3816911924194364, -0.637121173609171], "Sigma": [[0.011898240348264958, 0.0018305522486754158, 0.03769191353674339], [0.0018305522486754158, 0.006522536685624065, 0.012640259847962135], [0.03769191353674339, 0.012640259847962135, 0.18530877824195977]], "chi2_level": 0.99, "chi2_df": 3, "chi2_threshold": 11.344866730144373, "N_raw": 49, "N_roi": 46, "N_inlier": 46, "refit": true}
{"timestamp": "17:23:33.885628", "frame": 84, "mu": [0.9201740088585675, 3.489878081546193, -0.11398775730610147], "Sigma": [[0.013568375291273957, -0.001220335387594304, 0.018496039455230963], [-0.001220335387594304, 0.005830343858138177, 0.0011912900558093246], [0.018496039455230963, 0.0011912900558093244, 0.0785269397042998]], "chi2_level": 0.99, "chi2_df": 3, "chi2_threshold": 11.344866730144373, "N_raw": 49, "N_roi": 47, "N_inlier": 44, "refit": true}
{"timestamp": "17:23:33.939816", "frame": 85, "mu": [1.0104880021673033, 3.417298890498356, -0.01726962846827653], "Sigma": [[0.00967028538662531, -0.0023100849890425814, 0.003652602891902241], [-0.002310084989042581, 0.006287921521720595, 0.0044603281397723625], [0.00365260289190224, 0.0044603281397723625, 0.04846209133140418]], "chi2_level": 0.99, "chi2_df": 3, "chi2_threshold": 11.344866730144373, "N_raw": 42, "N_roi": 42, "N_inlier": 39, "refit": true}
{"timestamp": "17:23:33.993809", "frame": 86, "mu": [1.0593892047656746, 3.352707317551221, 1.0389705383634886], "Sigma": [[0.017246170795438158, -0.010944452605312857, -0.010519442078986467], [-0.010944452605312857, 0.012415607557535178, 0.004717205800102535], [-0.010519442078986467, 0.004717205800102535, 0.009496110799476513]], "chi2_level": 0.99, "chi2_df": 3, "chi2_threshold": 11.344866730144373, "N_raw": 39, "N_roi": 39, "N_inlier": 36, "refit": true}
{"timestamp": "17:23:34.051048", "frame": 87, "mu": [1.0676758185375397, 3.379663456985382, 1.2346757315916375], "Sigma": [[0.0170777209001051, -0.008528061203152406, -0.005987241632277374], [-0.008528061203152405, 0.009863470825275474, 0.0024480425559440253], [-0.005987241632277374, 0.0024480425559440253, 0.006371338084604136]], "chi2_level": 0.99, "chi2_df": 3, "chi2_threshold": 11.344866730144373, "N_raw": 52, "N_roi": 52, "N_inlier": 49, "refit": true}
{"timestamp": "17:23:34.101823", "frame": 88, "mu": [1.174685847924417, 3.4734450767539755, -0.19287308578567444], "Sigma": [[0.00735354369933336, -0.0045891241227700875, 0.0034914625375418243], [-0.0045891241227700875, 0.03738738397006325, -0.06734079375434283], [0.0034914625375418234, -0.06734079375434283, 0.13267346575900713]], "chi2_level": 0.99, "chi2_df": 3, "chi2_threshold": 11.344866730144373, "N_raw": 20, "N_roi": 20, "N_inlier": 20, "refit": true}
{"timestamp": "17:23:34.163636", "frame": 89, "mu": [1.2205983114680943, 3.3406041761921657, 1.1087197552877976], "Sigma": [[0.022464386704692196, -0.010603356901461983, -0.012118549342715335], [-0.010603356901461983, 0.012572588018460491, 0.0027081908555465373], [-0.012118549342715335, 0.0027081908555465373, 0.009376999446532827]], "chi2_level": 0.99, "chi2_df": 3, "chi2_threshold": 11.344866730144373, "N_raw": 70, "N_roi": 68, "N_inlier": 68, "refit": true}
{"timestamp": "17:23:34.215633", "frame": 90, "mu": [1.2878557551875502, 3.354024485025451, 1.1025765356318518], "Sigma": [[0.015918768684797524, -0.00647933912002711, -0.003456387356255016], [-0.006479339120027111, 0.008399991961841253, -0.0005804262801150276], [-0.003456387356255016, -0.0005804262801150277, 0.00416886103224932]], "chi2_level": 0.99, "chi2_df": 3, "chi2_threshold": 11.344866730144373, "N_raw": 52, "N_roi": 50, "N_inlier": 48, "refit": true}
{"timestamp": "17:23:34.270273", "frame": 91, "mu": [1.3683993470469216, 3.2809429664553593, 1.0295023973704835], "Sigma": [[0.017404493321835343, -0.007050012309909711, -0.005552163313512269], [-0.00705001230990971, 0.0061780598357256645, -0.0016645169657040085], [-0.005552163313512269, -0.001664516965704008, 0.00859737474039682]], "chi2_level": 0.99, "chi2_df": 3, "chi2_threshold": 11.344866730144373, "N_raw": 50, "N_roi": 50, "N_inlier": 50, "refit": true}
{"timestamp": "17:23:34.321523", "frame": 92, "mu": [1.4547871873322882, 3.2174658687433904, 1.0200449180915003], "Sigma": [[0.006207709471599747, -0.005782577896112085, -0.00606183008865719], [-0.005782577896112085, 0.019424016866878904, 0.020852208052264013], [-0.00606183008865719, 0.02085220805226401, 0.029473549154503554]], "chi2_level": 0.99, "chi2_df": 3, "chi2_threshold": 11.344866730144373, "N_raw": 24, "N_roi": 24, "N_inlier": 22, "refit": true}
{"timestamp": "17:23:34.430647", "frame": 94, "mu": [1.4747692610777439, 3.4428248609991954, 0.7945536860165117], "Sigma": [[0.007901303251449955, -0.008062954247943333, 0.02321836790415601], [-0.008062954247943333, 0.015076349872289545, -0.03896219970103672], [0.02321836790415601, -0.03896219970103672, 0.12400896592192015]], "chi2_level": 0.99, "chi2_df": 3, "chi2_threshold": 11.344866730144373, "N_raw": 12, "N_roi": 9, "N_inlier": 9, "refit": true}
{"timestamp": "17:23:34.484147", "frame": 95, "mu": [1.5542077678552761, 3.3817419952785652, 0.8256892250405732], "Sigma": [[0.0130430084413955, -0.013853985253410993, 0.040042286959767144], [-0.013853985253410993, 0.019484924810146544, -0.04027435784576805], [0.04004228695976715, -0.04027435784576805, 0.1304906198913075]], "chi2_level": 0.99, "chi2_df": 3, "chi2_threshold": 11.344866730144373, "N_raw": 9, "N_roi": 8, "N_inlier": 8, "refit": true}
{"timestamp": "17:23:34.541789", "frame": 96, "mu": [1.604417958663892, 3.3751748880679178, 1.0985557207409848], "Sigma": [[0.010408213294081542, -0.006492897273087941, 0.006429685447787272], [-0.006492897273087941, 0.0062025243219718884, -0.009578985037739738], [0.00642968544778727, -0.009578985037739738, 0.051318548155461295]], "chi2_level": 0.99, "chi2_df": 3, "chi2_threshold": 11.344866730144373, "N_raw": 23, "N_roi": 23, "N_inlier": 21, "refit": true}
{"timestamp": "17:23:34.598383", "frame": 97, "mu": [1.6380402135220695, 3.317690546585909, 1.165980943777692], "Sigma": [[0.013670714529793447, -0.005825635601467891, -0.005684679725664855], [-0.005825635601467892, 0.006043493700132274, 0.0017816855208051124], [-0.005684679725664855, 0.0017816855208051127, 0.003527273519743507]], "chi2_level": 0.99, "chi2_df": 3, "chi2_threshold": 11.344866730144373, "N_raw": 35, "N_roi": 35, "N_inlier": 32, "refit": true}
{"timestamp": "17:23:34.653881", "frame": 98, "mu": [1.705346921037197, 3.286561485756615, 1.1914607173225675], "Sigma": [[0.015244423700556429, -0.008348979730644919, -0.005591378149276087], [-0.008348979730644919, 0.0070935715145881385, 0.0006298272087288846], [-0.005591378149276087, 0.0006298272087288841, 0.008131167248504144]], "chi2_level": 0.99, "chi2_df": 3, "chi2_threshold": 11.344866730144373, "N_raw": 37, "N_roi": 37, "N_inlier": 35, "refit": true}
{"timestamp": "17:23:35.094656", "frame": 106, "mu": [1.9780541591507743, 3.412221371897281, 1.2436549408875563], "Sigma": [[0.01059237875732363, -0.00456698214345644, -0.002946449157882722], [-0.00456698214345644, 0.007683828911654172, -0.0019978543578318153], [-0.002946449157882722, -0.0019978543578318153, 0.004449717974655087]], "chi2_level": 0.99, "chi2_df": 3, "chi2_threshold": 11.344866730144373, "N_raw": 40, "N_roi": 37, "N_inlier": 36, "refit": true}
{"timestamp": "17:23:35.200690", "frame": 108, "mu": [2.0075336024850023, 3.393661861886388, 0.7439581181938546], "Sigma": [[0.0004884412547593057, 0.0003028851642619954, -0.0005933324803374294], [0.0003028851642619955, 0.0028347486558309037, 0.014363285053224801], [-0.0005933324803374285, 0.014363285053224801, 0.19696614584038855]], "chi2_level": 0.99, "chi2_df": 3, "chi2_threshold": 11.344866730144373, "N_raw": 11, "N_roi": 7, "N_inlier": 7, "refit": true}
{"timestamp": "17:23:35.312618", "frame": 110, "mu": [2.252877876144658, 3.5086005588382507, 1.1932531693719128], "Sigma": [[0.03463097759323694, 0.011477591427661603, -0.03524899818296898], [0.011477591427661603, 0.008644929460018783, -0.009705543674883804], [-0.03524899818296898, -0.009705543674883804, 0.0389313431012048]], "chi2_level": 0.99, "chi2_df": 3, "chi2_threshold": 11.344866730144373, "N_raw": 31, "N_roi": 8, "N_inlier": 8, "refit": true}
{"timestamp": "17:23:35.424257", "frame": 112, "mu": [2.223568005495045, 3.550308780225016, 1.2531630882840732], "Sigma": [[0.03117774846830321, 0.004858432925534378, -0.030339399391044724], [0.004858432925534377, 0.004415653325033418, -0.005989286749255735], [-0.030339399391044724, -0.005989286749255735, 0.031970284090173315]], "chi2_level": 0.99, "chi2_df": 3, "chi2_threshold": 11.344866730144373, "N_raw": 44, "N_roi": 14, "N_inlier": 14, "refit": true}
{"timestamp": "17:23:35.644796", "frame": 116, "mu": [2.361398971537735, 3.5007665779214, 1.023441518371823], "Sigma": [[0.014176813256047338, 0.008950412876859094, -0.02983246775000839], [0.008950412876859094, 0.0072498815874345686, -0.021996541649784127], [-0.02983246775000839, -0.021996541649784127, 0.08003895573947789]], "chi2_level": 0.99, "chi2_df": 3, "chi2_threshold": 11.344866730144373, "N_raw": 42, "N_roi": 8, "N_inlier": 8, "refit": true}
{"timestamp": "17:23:35.705205", "frame": 117, "mu": [2.316740134434896, 3.421354513248314, 0.30243926380932706], "Sigma": [[0.0085616363084001, -0.003450465630699423, 0.002992573165593583], [-0.003450465630699423, 0.005105951399880825, 0.006321600173798799], [0.0029925731655935832, 0.006321600173798799, 0.02791585281820931]], "chi2_level": 0.99, "chi2_df": 3, "chi2_threshold": 11.344866730144373, "N_raw": 48, "N_roi": 21, "N_inlier": 21, "refit": true}
