{"timestamp": "17:37:48.299354", "frame": 1, "mu": [0.9036463270574644, 1.57842957747145, 0.9749630521240631], "Sigma": [[0.007438022529932995, -0.005425779114113773, 0.001541192538677941], [-0.005425779114113772, 0.010062695901473353, -0.006492159209895229], [0.001541192538677941, -0.006492159209895229, 0.03121538237740714]], "chi2_level": 0.99, "chi2_df": 3, "chi2_threshold": 11.344866730144373, "N_raw": 94, "N_roi": 94, "N_inlier": 93, "refit": true}
{"timestamp": "17:37:48.355628", "frame": 2, "mu": [0.850338627339662, 1.6132470411251978, 0.9658628770897711], "Sigma": [[0.01980678220478853, -0.015041654650489322, 0.012220939006264368], [-0.015041654650489322, 0.019611045125381178, -0.01719610107206298], [0.012220939006264366, -0.01719610107206298, 0.019704560960342087]], "chi2_level": 0.99, "chi2_df": 3, "chi2_threshold": 11.344866730144373, "N_raw": 65, "N_roi": 65, "N_inlier": 63, "refit": true}
{"timestamp": "17:37:48.412518", "frame": 3, "mu": [0.8977505727899924, 1.5749075874305605, 1.0240662279013817], "Sigma": [[0.011295272647989367, -0.008629470635473603, 0.0031686545827838324], [-0.008629470635473603, 0.012932209750295973, -0.016195335844016036], [0.0031686545827838315, -0.016195335844016036, 0.06732674899308896]], "chi2_level": 0.99, "chi2_df": 3, "chi2_threshold": 11.344866730144373, "N_raw": 93, "N_roi": 93, "N_inlier": 89, "refit": true}
{"timestamp": "17:37:48.463485", "frame": 4, "mu": [0.8570889560291457, 1.6695749937063644, -0.9007441631220248], "Sigma": [[0.015703649056764253, 0.00011184376006423093, 0.02774874783349831], [0.00011184376006423119, 0.012490127670196296, -0.003516549298313476], [0.027748747833498306, -0.0035165492983134745, 0.07935641450442443]], "chi2_level": 0.99, "chi2_df": 3, "chi2_threshold": 11.344866730144373, "N_raw": 73, "N_roi": 73, "N_inlier": 71, "refit": true}
{"timestamp": "17:37:48.520239", "frame": 5, "mu": [0.9414563177296531, 1.4690634529493682, 1.0429305193792948], "Sigma": [[0.006409560027775932, -0.0014631337687455795, 0.0005415895243932509], [-0.0014631337687455795, 0.00419529389315247, -0.005746130919651165], [0.000541589524393251, -0.005746130919651164, 0.015445075891036306]], "chi2_level": 0.99, "chi2_df": 3, "chi2_threshold": 11.344866730144373, "N_raw": 80, "N_roi": 80, "N_inlier": 76, "refit": true}
{"timestamp": "17:37:48.568692", "frame": 6, "mu": [1.0032558095272033, 1.5930886442488954, -0.6839356044905143], "Sigma": [[0.0062049610081609426, 0.00045445766422441735, -0.013883697479063473], [0.00045445766422441713, 0.013651200240847405, -0.031057045701222658], [-0.013883697479063473, -0.031057045701222658, 0.141163772877166]], "chi2_level": 0.99, "chi2_df": 3, "chi2_threshold": 11.344866730144373, "N_raw": 32, "N_roi": 32, "N_inlier": 31, "refit": true}
{"timestamp": "17:37:48.625427", "frame": 7, "mu": [0.882297193749664, 1.5136688742313942, 1.0137151142584004], "Sigma": [[0.005082236493768581, -0.003454320975165543, -0.019816343459479545], [-0.003454320975165543, 0.004756652851484474, 0.021985486005928957], [-0.019816343459479545, 0.021985486005928957, 0.22320117975676385]], "chi2_level": 0.99, "chi2_df": 3, "chi2_threshold": 11.344866730144373, "N_raw": 44, "N_roi": 44, "N_inlier": 44, "refit": true}
{"timestamp": "17:37:48.687497", "frame": 8, "mu": [0.9096852958358456, 1.4869115644112199, 1.095410976025354], "Sigma": [[0.01122134121959698, -0.008695988366339547, 0.0067177318868131405], [-0.008695988366339547, 0.013650587196046055, -0.0024694682838072466], [0.006717731886813141, -0.0024694682838072475, 0.13020605528459278]], "chi2_level": 0.99, "chi2_df": 3, "chi2_threshold": 11.344866730144373, "N_raw": 95, "N_roi": 95, "N_inlier": 91, "refit": true}
{"timestamp": "17:37:48.740757", "frame": 9, "mu": [0.9119267428023476, 1.4451924621630443, 1.0465863625525904], "Sigma": [[0.013731314745185906, -0.010763519482896281, 0.011794035500924428], [-0.010763519482896281, 0.01059403370515122, -0.013784623525399912], [0.011794035500924428, -0.013784623525399912, 0.022439243189571172]], "chi2_level": 0.99, "chi2_df": 3, "chi2_threshold": 11.344866730144373, "N_raw": 64, "N_roi": 64, "N_inlier": 61, "refit": true}
{"timestamp": "17:37:48.796625", "frame": 10, "mu": [0.8141416483214305, 1.5025012808719358, 0.9198891048756995], "Sigma": [[0.008794761339133688, -0.006020322543241419, 0.004708675906290063], [-0.006020322543241418, 0.009926543544062088, -0.008710093319849425], [0.004708675906290063, -0.008710093319849425, 0.05591145423538185]], "chi2_level": 0.99, "chi2_df": 3, "chi2_threshold": 11.344866730144373, "N_raw": 85, "N_roi": 85, "N_inlier": 81, "refit": true}
{"timestamp": "17:37:48.858555", "frame": 11, "mu": [0.822085380926284, 1.6153151790222653, -0.008931782082866602], "Sigma": [[0.018228544325507728, -0.023152629103845315, 0.1166708150889977], [-0.023152629103845315, 0.046846622456192574, -0.2220940710071861], [0.1166708150889977, -0.2220940710071861, 1.5253183731926196]], "chi2_level": 0.99, "chi2_df": 3, "chi2_threshold": 11.344866730144373, "N_raw": 130, "N_roi": 130, "N_inlier": 129, "refit": true}
{"timestamp": "17:37:48.908090", "frame": 12, "mu": [0.8354709578543513, 1.4487885689735631, 1.130252415663912], "Sigma": [[0.009464039439957809, -0.007671147331663911, -0.0015002533988463587], [-0.007671147331663911, 0.010937087888172973, -0.008020121666108725], [-0.0015002533988463583, -0.008020121666108725, 0.04612927251101385]], "chi2_level": 0.99, "chi2_df": 3, "chi2_threshold": 11.344866730144373, "N_raw": 96, "N_roi": 96, "N_inlier": 90, "refit": true}
{"timestamp": "17:37:48.961715", "frame": 13, "mu": [0.7894871741319094, 1.6169776253429025, -0.11906464794975653], "Sigma": [[0.011339898620341814, -0.011937795352921627, 0.05253131361848669], [-0.011937795352921627, 0.02384077103867989, -0.09617807525524248], [0.05253131361848669, -0.09617807525524248, 0.5271313778454852]], "chi2_level": 0.99, "chi2_df": 3, "chi2_threshold": 11.344866730144373, "N_raw": 89, "N_roi": 89, "N_inlier": 87, "refit": true}
{"timestamp": "17:37:49.019597", "frame": 14, "mu": [0.7406644531488225, 1.479168313789647, 1.0203574906585746], "Sigma": [[0.007030893974330435, -0.005170139144897511, 0.0026691648308881993], [-0.005170139144897511, 0.007234794097144983, -0.010755671534217791], [0.0026691648308881993, -0.010755671534217793, 0.0465356104408827]], "chi2_level": 0.99, "chi2_df": 3, "chi2_threshold": 11.344866730144373, "N_raw": 108, "N_roi": 108, "N_inlier": 107, "refit": true}
{"timestamp": "17:37:49.074644", "frame": 15, "mu": [0.7513945799960564, 1.438692626010139, 0.9801779473324416], "Sigma": [[0.01365440267229146, -0.009966832583941444, 0.011687337531611193], [-0.009966832583941444, 0.012994309465045975, -0.01661708446513906], [0.011687337531611195, -0.01661708446513906, 0.02807714301732946]], "chi2_level": 0.99, "chi2_df": 3, "chi2_threshold": 11.344866730144373, "N_raw": 112, "N_roi": 112, "N_inlier": 112, "refit": true}
{"timestamp": "17:37:49.125286", "frame": 16, "mu": [0.6999070681925854, 1.399129642210938, 1.0939302669720172], "Sigma": [[0.008152916908018564, -0.005548864929917591, 0.0075070022510216276], [-0.005548864929917592, 0.0053964239820244635, -0.009333712074024156], [0.0075070022510216276, -0.009333712074024156, 0.04837913875522648]], "chi2_level": 0.99, "chi2_df": 3, "chi2_threshold": 11.344866730144373, "N_raw": 84, "N_roi": 84, "N_inlier": 79, "refit": true}
{"timestamp": "17:37:49.190629", "frame": 17, "mu": [0.643053351055664, 1.4072826017956674, 1.0308552854777449], "Sigma": [[0.009830803758639558, -0.004823460261360251, 0.007549583635695179], [-0.004823460261360251, 0.005596728404790702, -0.013188775052209733], [0.007549583635695179, -0.013188775052209731, 0.06072266641249794]], "chi2_level": 0.99, "chi2_df": 3, "chi2_threshold": 11.344866730144373, "N_raw": 150, "N_roi": 150, "N_inlier": 145, "refit": true}
{"timestamp": "17:37:49.245953", "frame": 18, "mu": [0.5926550143672489, 1.6103643836611659, -0.5846837703991684], "Sigma": [[0.009273276045466525, 0.0019616430542374304, -0.015479597881677154], [0.0019616430542374304, 0.01690254396374047, -0.05034891480357545], [-0.015479597881677154, -0.05034891480357545, 0.1984158930873118]], "chi2_level": 0.99, "chi2_df": 3, "chi2_threshold": 11.344866730144373, "N_raw": 150, "N_roi": 150, "N_inlier": 138, "refit": true}
{"timestamp": "17:37:49.294920", "frame": 19, "mu": [0.5201614135472481, 1.3957222803185803, 1.0678857670104527], "Sigma": [[0.00674201779202022, -0.002544366835761341, 0.002493847734073762], [-0.002544366835761341, 0.0034454306755319613, -0.005959240164833417], [0.0024938477340737623, -0.005959240164833415, 0.08370385413011605]], "chi2_level": 0.99, "chi2_df": 3, "chi2_threshold": 11.344866730144373, "N_raw": 109, "N_roi": 109, "N_inlier": 106, "refit": true}
{"timestamp": "17:37:49.348584", "frame": 20, "mu": [0.5293892696063185, 1.3396160845897387, 1.023634910816145], "Sigma": [[0.006144219378106082, -0.004456585776228924, 0.003172961930263347], [-0.004456585776228924, 0.006207425583859249, -0.0030473634786773946], [0.0031729619302633474, -0.0030473634786773946, 0.03327652859167746]], "chi2_level": 0.99, "chi2_df": 3, "chi2_threshold": 11.344866730144373, "N_raw": 99, "N_roi": 99, "N_inlier": 94, "refit": true}
{"timestamp": "17:37:49.403168", "frame": 21, "mu": [0.4558910768410555, 1.3902017096846324, 1.0820339714044251], "Sigma": [[0.007559679437335454, -0.00484109658518323, 0.010011146313882642], [-0.00484109658518323, 0.005492899748110773, -0.011320543049516199], [0.010011146313882644, -0.011320543049516199, 0.05967303012417339]], "chi2_level": 0.99, "chi2_df": 3, "chi2_threshold": 11.344866730144373, "N_raw": 102, "N_roi": 102, "N_inlier": 97, "refit": true}
{"timestamp": "17:37:49.454467", "frame": 22, "mu": [0.3873103853982487, 1.393952425227571, 1.0317347734550115], "Sigma": [[0.004578561982617146, -0.003498882706348353, 0.005033434320811029], [-0.003498882706348353, 0.004864246554147329, -0.007311653038062731], [0.005033434320811029, -0.007311653038062731, 0.04253848489526468]], "chi2_level": 0.99, "chi2_df": 3, "chi2_threshold": 11.344866730144373, "N_raw": 75, "N_roi": 75, "N_inlier": 74, "refit": true}
{"timestamp": "17:37:49.508177", "frame": 23, "mu": [0.4508062946167823, 1.3350436314340737, 1.2555773541060808], "Sigma": [[0.005634994303472014, -0.000506805672703089, -0.003320952946128498], [-0.0005068056727030891, 0.0034981668396107148, -0.002266721538213407], [-0.003320952946128498, -0.0022667215382134076, 0.006051254363448615]], "chi2_level": 0.99, "chi2_df": 3, "chi2_threshold": 11.344866730144373, "N_raw": 63, "N_roi": 63, "N_inlier": 60, "refit": true}
{"timestamp": "17:37:49.555423", "frame": 24, "mu": [0.3786194504826001, 1.3096528999343007, 0.7713537289300431], "Sigma": [[0.0013905796720533926, -0.0005849203261622405, -0.0007981369424803503], [-0.0005849203261622405, 0.007850179812263762, 0.03924802496403655], [-0.0007981369424803512, 0.03924802496403655, 0.3445019178481607]], "chi2_level": 0.99, "chi2_df": 3, "chi2_threshold": 11.344866730144373, "N_raw": 12, "N_roi": 12, "N_inlier": 12, "refit": true}
{"timestamp": "17:37:49.622045", "frame": 25, "mu": [0.292132484857233, 1.3504530593908683, -0.36081111085071527], "Sigma": [[0.006632084740192405, -0.0005808348877564763, 0.057602256770758385], [-0.0005808348877564764, 0.006987496644931449, 0.029995501332799462], [0.05760225677075838, 0.029995501332799462, 0.9966909645706657]], "chi2_level": 0.99, "chi2_df": 3, "chi2_threshold": 11.344866730144373, "N_raw": 92, "N_roi": 92, "N_inlier": 90, "refit": true}
{"timestamp": "17:37:49.675449", "frame": 26, "mu": [0.281494091470011, 1.3166755497690765, 1.1838902786287293], "Sigma": [[0.005336082931827325, -0.0005937985314439304, 0.0028947530464475176], [-0.0005937985314439303, 0.003593872201987465, 0.011281058688337134], [0.0028947530464475176, 0.011281058688337134, 0.09287129256796661]], "chi2_level": 0.99, "chi2_df": 3, "chi2_threshold": 11.344866730144373, "N_raw": 78, "N_roi": 78, "N_inlier": 74, "refit": true}
{"timestamp": "17:37:49.728720", "frame": 27, "mu": [0.22133161293722778, 1.3389492126054958, 1.3582018115770058], "Sigma": [[0.0037080798538199505, -0.00042536133532181114, -0.0037614153042263726], [-0.0004253613353218111, 0.003436429949897404, -0.0022100793877014896], [-0.0037614153042263726, -0.002210079387701489, 0.007569773007782219]], "chi2_level": 0.99, "chi2_df": 3, "chi2_threshold": 11.344866730144373, "N_raw": 66, "N_roi": 66, "N_inlier": 61, "refit": true}
{"timestamp": "17:37:49.777714", "frame": 28, "mu": [0.15996468568002303, 1.4237703011231166, 1.2038908333221863], "Sigma": [[0.0019151956874610407, -0.00021289282869847947, 0.0016471715471433918], [-0.00021289282869847947, 0.004792063623341095, 0.01888483962164375], [0.0016471715471433911, 0.01888483962164375, 0.14130578029438365]], "chi2_level": 0.99, "chi2_df": 3, "chi2_threshold": 11.344866730144373, "N_raw": 28, "N_roi": 28, "N_inlier": 26, "refit": true}
{"timestamp": "17:37:49.839075", "frame": 29, "mu": [0.09714606896881056, 1.3372689302512852, 1.233733751706978], "Sigma": [[0.00293439865595494, -0.0001132092471682007, 0.0006064108763280693], [-0.0001132092471682007, 0.0025355122692843927, -0.0015204290906752488], [0.0006064108763280693, -0.001520429090675249, 0.02703176431233608]], "chi2_level": 0.99, "chi2_df": 3, "chi2_threshold": 11.344866730144373, "N_raw": 76, "N_roi": 76, "N_inlier": 72, "refit": true}
{"timestamp": "17:37:49.901045", "frame": 30, "mu": [0.08007054404602355, 1.4498221996208216, -0.5875791518411535], "Sigma": [[0.005103599720189937, 0.0022945700145245527, 0.002394884294898393], [0.0022945700145245527, 0.007849055580523335, -0.000997467144533431], [0.002394884294898393, -0.000997467144533431, 0.056165324622157856]], "chi2_level": 0.99, "chi2_df": 3, "chi2_threshold": 11.344866730144373, "N_raw": 113, "N_roi": 113, "N_inlier": 109, "refit": true}
{"timestamp": "17:37:49.955924", "frame": 31, "mu": [0.029054071499568696, 1.2927980728410584, 1.1589242228878622], "Sigma": [[0.005024399126815278, -0.0032327374034663665, -0.009920046568296027], [-0.0032327374034663665, 0.004778777871759867, 0.007706570963428499], [-0.009920046568296027, 0.007706570963428499, 0.059923284851768586]], "chi2_level": 0.99, "chi2_df": 3, "chi2_threshold": 11.344866730144373, "N_raw": 109, "N_roi": 108, "N_inlier": 104, "refit": true}
{"timestamp": "17:37:50.007916", "frame": 32, "mu": [-0.06608744574489314, 1.2962807475796077, 1.2063535053064947], "Sigma": [[0.004245924755639505, -0.001603624204815924, -0.006319822175163349], [-0.001603624204815924, 0.0053063428001082266, 0.014313168422523403], [-0.006319822175163348, 0.014313168422523403, 0.07552484538616372]], "chi2_level": 0.99, "chi2_df": 3, "chi2_threshold": 11.344866730144373, "N_raw": 94, "N_roi": 94, "N_inlier": 92, "refit": true}
{"timestamp": "17:37:50.057038", "frame": 33, "mu": [-0.09143425570879786, 1.2610832381989856, 1.2355220938922], "Sigma": [[0.0025049589213482952, 0.0024533871526533895, 0.002630738141896333], [0.0024533871526533904, 0.018550275469535672, 0.015421793355051753], [0.0026307381418963333, 0.015421793355051752, 0.022267100093425512]], "chi2_level": 0.99, "chi2_df": 3, "chi2_threshold": 11.344866730144373, "N_raw": 51, "N_roi": 51, "N_inlier": 48, "refit": true}
{"timestamp": "17:37:50.117428", "frame": 34, "mu": [-0.17123210426517652, 1.3532978737624957, 1.2686059789463542], "Sigma": [[0.004869802214174264, 0.0006387734654883969, -0.007129477728457333], [0.0006387734654883967, 0.0021132715923292515, -0.002203725862230418], [-0.007129477728457332, -0.0022037258622304174, 0.09031855974301747]], "chi2_level": 0.99, "chi2_df": 3, "chi2_threshold": 11.344866730144373, "N_raw": 92, "N_roi": 92, "N_inlier": 88, "refit": true}
{"timestamp": "17:37:50.170560", "frame": 35, "mu": [-0.2441178503932984, 1.3366959419277622, 1.3053949356284757], "Sigma": [[0.003884762112970173, -0.0010478517771806322, -0.004942622801544548], [-0.0010478517771806322, 0.0043614050918926745, 0.010728887925365242], [-0.004942622801544548, 0.010728887925365242, 0.1184858429159237]], "chi2_level": 0.99, "chi2_df": 3, "chi2_threshold": 11.344866730144373, "N_raw": 81, "N_roi": 81, "N_inlier": 77, "refit": true}
{"timestamp": "17:37:50.229709", "frame": 36, "mu": [-0.2686796542555195, 1.337847756109134, 1.1780957621186194], "Sigma": [[0.005333421212085098, -0.0008237779342597126, -0.01602995658578369], [-0.0008237779342597126, 0.005896763678998853, 0.00906227987387553], [-0.01602995658578369, 0.00906227987387553, 0.21249376105348108]], "chi2_level": 0.99, "chi2_df": 3, "chi2_threshold": 11.344866730144373, "N_raw": 107, "N_roi": 107, "N_inlier": 104, "refit": true}
{"timestamp": "17:37:50.283683", "frame": 37, "mu": [-0.338538996448655, 1.3450800699385315, 1.3664905573268482], "Sigma": [[0.005816689878632803, -0.0018670723884021156, -0.005191734649957235], [-0.0018670723884021154, 0.006467332073557285, -0.0010800963124803513], [-0.005191734649957234, -0.0010800963124803513, 0.01849674082114578]], "chi2_level": 0.99, "chi2_df": 3, "chi2_threshold": 11.344866730144373, "N_raw": 102, "N_roi": 102, "N_inlier": 97, "refit": true}
{"timestamp": "17:37:50.334010", "frame": 38, "mu": [-0.40233325206934917, 1.3195337077525204, -0.5971551540403823], "Sigma": [[0.0048886491821088195, -0.003157651704527204, -0.00441265619878977], [-0.0031576517045272044, 0.01036007087158366, 0.004250408393419848], [-0.00441265619878977, 0.004250408393419848, 0.010663484469708061]], "chi2_level": 0.99, "chi2_df": 3, "chi2_threshold": 11.344866730144373, "N_raw": 74, "N_roi": 74, "N_inlier": 70, "refit": true}
{"timestamp": "17:37:50.390156", "frame": 39, "mu": [-0.44634332994345227, 1.3902541058732376, -0.30074739467141726], "Sigma": [[0.0052615221204202174, 0.0009485532791230289, 0.020585716483418892], [0.0009485532791230293, 0.015439522351119107, 0.0013531297242348047], [0.020585716483418892, 0.0013531297242348056, 0.2834086192572081]], "chi2_level": 0.99, "chi2_df": 3, "chi2_threshold": 11.344866730144373, "N_raw": 85, "N_roi": 85, "N_inlier": 85, "refit": true}
{"timestamp": "17:37:50.447393", "frame": 40, "mu": [-0.48551668875724086, 1.246800181590318, 1.1321329242423281], "Sigma": [[0.005844454119076621, 0.0015434081678319272, -0.0018385738769413993], [0.0015434081678319272, 0.0030437646759117944, -0.005455170385785776], [-0.0018385738769413993, -0.005455170385785775, 0.013433084156013875]], "chi2_level": 0.99, "chi2_df": 3, "chi2_threshold": 11.344866730144373, "N_raw": 95, "N_roi": 94, "N_inlier": 90, "refit": true}
{"timestamp": "17:37:50.502724", "frame": 41, "mu": [-0.5391486272953592, 1.381944843887701, 1.255396427930166], "Sigma": [[0.005962802132817971, -0.0013598226396481852, -0.004432011560469552], [-0.0013598226396481852, 0.006309923221948525, -0.0027690657397420773], [-0.004432011560469552, -0.0027690657397420777, 0.01771625853459085]], "chi2_level": 0.99, "chi2_df": 3, "chi2_threshold": 11.344866730144373, "N_raw": 95, "N_roi": 95, "N_inlier": 92, "refit": true}
{"timestamp": "17:37:50.559985", "frame": 42, "mu": [-0.5680882613320384, 1.344366415176808, 1.11303364025338], "Sigma": [[0.006892151639156772, -0.0021285378480754365, -0.009770913040547169], [-0.0021285378480754365, 0.006581102866192468, -0.0017844928364654225], [-0.009770913040547169, -0.001784492836465423, 0.0274084732231233]], "chi2_level": 0.99, "chi2_df": 3, "chi2_threshold": 11.344866730144373, "N_raw": 106, "N_roi": 106, "N_inlier": 103, "refit": true}
{"timestamp": "17:37:50.616225", "frame": 43, "mu": [-0.6490480038805789, 1.434082441262003, 1.2492887584481323], "Sigma": [[0.009651978095342583, 0.0017573876754425797, -0.0032252573788189003], [0.0017573876754425797, 0.01131144746126697, -0.0060818543351986235], [-0.0032252573788189, -0.0060818543351986235, 0.02237932030533652]], "chi2_level": 0.99, "chi2_df": 3, "chi2_threshold": 11.344866730144373, "N_raw": 109, "N_roi": 109, "N_inlier": 106, "refit": true}
{"timestamp": "17:37:50.664355", "frame": 44, "mu": [-0.7548976082290236, 1.4713658947661754, 1.2021142888442762], "Sigma": [[0.01200226061885498, -0.0035662321688622553, 0.030704120839890506], [-0.003566232168862255, 0.010103626762186875, -0.019401301242418456], [0.030704120839890506, -0.019401301242418456, 0.20974870051097153]], "chi2_level": 0.99, "chi2_df": 3, "chi2_threshold": 11.344866730144373, "N_raw": 76, "N_roi": 76, "N_inlier": 75, "refit": true}
{"timestamp": "17:37:50.725234", "frame": 45, "mu": [-0.739481403694568, 1.4559303672928348, 1.0622545322697552], "Sigma": [[0.008315044478071446, -0.0020063699584889675, -0.018419759497905492], [-0.0020063699584889675, 0.009480596495758319, 0.013931468260822524], [-0.018419759497905492, 0.013931468260822524, 0.10516610594057073]], "chi2_level": 0.99, "chi2_df": 3, "chi2_threshold": 11.344866730144373, "N_raw": 117, "N_roi": 117, "N_inlier": 114, "refit": true}
{"timestamp": "17:37:50.776796", "frame": 46, "mu": [-0.8207244184581807, 1.567152103191025, 1.3099609117847468], "Sigma": [[0.008202753864828854, 0.003966864981706867, -0.007562441859762362], [0.003966864981706867, 0.012450546694410466, -0.0015736362940832922], [-0.007562441859762362, -0.0015736362940832922, 0.02734823758710191]], "chi2_level": 0.99, "chi2_df": 3, "chi2_threshold": 11.344866730144373, "N_raw": 89, "N_roi": 89, "N_inlier": 85, "refit": true}
{"timestamp": "17:37:50.833115", "frame": 47, "mu": [-0.8637017980085461, 1.7097017397734064, -0.29608241194488166], "Sigma": [[0.006951495395868782, 0.0012549201905216975, -0.005673875441233321], [0.0012549201905216975, 0.010416020180939073, -0.01654179116881705], [-0.005673875441233321, -0.01654179116881705, 0.1216035740235772]], "chi2_level": 0.99, "chi2_df": 3, "chi2_threshold": 11.344866730144373, "N_raw": 107, "N_roi": 107, "N_inlier": 105, "refit": true}
{"timestamp": "17:37:50.884435", "frame": 48, "mu": [-0.9152241272605237, 1.6193922687640456, 1.3526894214463807], "Sigma": [[0.005895233172946359, 0.0003598486791860445, -0.003517768859072424], [0.00035984867918604466, 0.007973325149257257, 0.0033954667377699473], [-0.0035177688590724244, 0.0033954667377699473, 0.04752063183071657]], "chi2_level": 0.99, "chi2_df": 3, "chi2_threshold": 11.344866730144373, "N_raw": 78, "N_roi": 78, "N_inlier": 76, "refit": true}
{"timestamp": "17:37:50.940679", "frame": 49, "mu": [-0.9740747425708061, 1.6162989657874314, 1.1509522290520633], "Sigma": [[0.007182044268047204, 0.00047119595703174014, 0.0061503576815866105], [0.00047119595703174014, 0.004637825134061757, -0.008685605921629886], [0.0061503576815866105, -0.008685605921629884, 0.14736866342306307]], "chi2_level": 0.99, "chi2_df": 3, "chi2_threshold": 11.344866730144373, "N_raw": 89, "N_roi": 89, "N_inlier": 88, "refit": true}
{"timestamp": "17:37:50.993857", "frame": 50, "mu": [-1.0247355006076782, 1.6582787023328538, 1.1189611456328317], "Sigma": [[0.010661499676545977, 0.00013852929643707275, 0.023531952726289766], [0.0001385292964370728, 0.004005699153764281, -0.004373529813213732], [0.02353195272628977, -0.004373529813213732, 0.18868821201566746]], "chi2_level": 0.99, "chi2_df": 3, "chi2_threshold": 11.344866730144373, "N_raw": 69, "N_roi": 69, "N_inlier": 68, "refit": true}
{"timestamp": "17:37:51.046755", "frame": 51, "mu": [-1.0083044476330707, 1.6835941236997303, 1.220521222036307], "Sigma": [[0.005595008976069952, 0.0015409335175779846, 0.0008902753575357068], [0.0015409335175779848, 0.005724311527955018, 0.0018495726759419045], [0.0008902753575357064, 0.0018495726759419045, 0.1482552298391257]], "chi2_level": 0.99, "chi2_df": 3, "chi2_threshold": 11.344866730144373, "N_raw": 51, "N_roi": 51, "N_inlier": 49, "refit": true}
{"timestamp": "17:37:51.104993", "frame": 52, "mu": [-1.017261054151186, 1.7466047380391494, 1.2237600313875399], "Sigma": [[0.006907239604557685, 0.0024976601128210334, -0.008085391931029555], [0.0024976601128210334, 0.006098618354603603, -0.00722960220414727], [-0.008085391931029555, -0.00722960220414727, 0.04075168718575093]], "chi2_level": 0.99, "chi2_df": 3, "chi2_threshold": 11.344866730144373, "N_raw": 82, "N_roi": 82, "N_inlier": 77, "refit": true}
{"timestamp": "17:37:51.162343", "frame": 53, "mu": [-1.1060907566090128, 1.743767894866113, 1.1220061717223044], "Sigma": [[0.011388111534527507, 0.0022598444219937355, -0.001531437598081233], [0.0022598444219937355, 0.0024966823157080197, -0.003118414730230082], [-0.0015314375980812326, -0.003118414730230083, 0.05211689499015107]], "chi2_level": 0.99, "chi2_df": 3, "chi2_threshold": 11.344866730144373, "N_raw": 99, "N_roi": 99, "N_inlier": 93, "refit": true}
{"timestamp": "17:37:51.219310", "frame": 54, "mu": [-1.1169368330515939, 1.844715896061761, 0.045547020495036616], "Sigma": [[0.009906928938467582, 0.002045223462226543, 0.054137695031289734], [0.002045223462226543, 0.011965700776614888, 0.021560398027162222], [0.054137695031289734, 0.021560398027162225, 0.539035319826789]], "chi2_level": 0.99, "chi2_df": 3, "chi2_threshold": 11.344866730144373, "N_raw": 108, "N_roi": 108, "N_inlier": 99, "refit": true}
{"timestamp": "17:37:51.274411", "frame": 55, "mu": [-1.1017928207984555, 1.9002739998820297, -0.1067146523712369], "Sigma": [[0.01439459114104986, -0.004323978639255925, 0.04079519892325241], [-0.004323978639255925, 0.022462532488643494, 0.010166157383698079], [0.04079519892325241, 0.010166157383698079, 0.31434762296891716]], "chi2_level": 0.99, "chi2_df": 3, "chi2_threshold": 11.344866730144373, "N_raw": 106, "N_roi": 106, "N_inlier": 105, "refit": true}
{"timestamp": "17:37:51.325236", "frame": 56, "mu": [-1.1661404339090156, 1.9148159347365281, 1.3154420313374593], "Sigma": [[0.009469068535113888, -0.00023677367022581806, -0.010869529944359642], [-0.00023677367022581828, 0.008571523424868985, 0.00303446448457233], [-0.010869529944359642, 0.00303446448457233, 0.054378666801534456]], "chi2_level": 0.99, "chi2_df": 3, "chi2_threshold": 11.344866730144373, "N_raw": 75, "N_roi": 75, "N_inlier": 72, "refit": true}
{"timestamp": "17:37:51.383131", "frame": 57, "mu": [-1.1687658666794483, 2.0122481712398232, 1.1262074929225465], "Sigma": [[0.01215320821580476, -0.0015144721880474932, 0.0024576270148415407], [-0.0015144721880474927, 0.014014502815561589, -0.021629681884629635], [0.0024576270148415407, -0.021629681884629638, 0.17890452572934223]], "chi2_level": 0.99, "chi2_df": 3, "chi2_threshold": 11.344866730144373, "N_raw": 100, "N_roi": 100, "N_inlier": 98, "refit": true}
{"timestamp": "17:37:51.443163", "frame": 58, "mu": [-1.1661857619910037, 2.0212356661506634, 0.9430667713185192], "Sigma": [[0.017214586576754634, -0.0019987884041723237, -0.007683081074833355], [-0.0019987884041723237, 0.006121655788859582, 0.008878053394887283], [-0.007683081074833353, 0.008878053394887285, 0.23422177833819688]], "chi2_level": 0.99, "chi2_df": 3, "chi2_threshold": 11.344866730144373, "N_raw": 127, "N_roi": 127, "N_inlier": 126, "refit": true}
{"timestamp": "17:37:51.492694", "frame": 59, "mu": [-1.1882899177758042, 2.1055727331077314, 1.1975467911473803], "Sigma": [[0.014239393358102743, 0.0004460309015913903, -0.009028525671466463], [0.00044603090159139034, 0.003382474439221898, -0.005428407026333898], [-0.009028525671466465, -0.005428407026333898, 0.046637274050249804]], "chi2_level": 0.99, "chi2_df": 3, "chi2_threshold": 11.344866730144373, "N_raw": 94, "N_roi": 94, "N_inlier": 89, "refit": true}
{"timestamp": "17:37:51.546131", "frame": 60, "mu": [-1.2516526963831776, 2.1528796348406307, -0.6967427584387639], "Sigma": [[0.010256213638726952, 0.0023529326416056847, 0.03643145266900522], [0.002352932641605685, 0.0022244422395207445, 0.005945100384966773], [0.03643145266900522, 0.005945100384966772, 0.457971288565191]], "chi2_level": 0.99, "chi2_df": 3, "chi2_threshold": 11.344866730144373, "N_raw": 86, "N_roi": 86, "N_inlier": 85, "refit": true}
{"timestamp": "17:37:51.603310", "frame": 61, "mu": [-1.2662467778485418, 2.166199634805843, 1.0622691962834783], "Sigma": [[0.011814881109772702, -0.0001785542153278433, 0.0006241292582343407], [-0.00017855421532784335, 0.005824432074282672, -0.018996164764043623], [0.00062412925823434, -0.018996164764043623, 0.1037107225003501]], "chi2_level": 0.99, "chi2_df": 3, "chi2_threshold": 11.344866730144373, "N_raw": 93, "N_roi": 93, "N_inlier": 90, "refit": true}
{"timestamp": "17:37:51.658154", "frame": 62, "mu": [-1.2782409724602761, 2.247042319934279, 0.9801093717053303], "Sigma": [[0.01637694804509901, -0.0026600108775534977, 0.016475734340819483], [-0.0026600108775534977, 0.00603854178466093, -0.019574597402633044], [0.016475734340819483, -0.019574597402633044, 0.15014633284453305]], "chi2_level": 0.99, "chi2_df": 3, "chi2_threshold": 11.344866730144373, "N_raw": 101, "N_roi": 101, "N_inlier": 100, "refit": true}
{"timestamp": "17:37:51.705903", "frame": 63, "mu": [-1.2615748733051677, 2.470314567409065, -0.552259095398198], "Sigma": [[0.010835734902978728, -0.0032076028517334094, 0.014311610943812718], [-0.0032076028517334094, 0.015562929036588754, -0.035536260419103856], [0.014311610943812718, -0.03553626041910386, 0.120505540179606]], "chi2_level": 0.99, "chi2_df": 3, "chi2_threshold": 11.344866730144373, "N_raw": 46, "N_roi": 46, "N_inlier": 45, "refit": true}
{"timestamp": "17:37:51.762805", "frame": 64, "mu": [-1.3992450359125739, 2.22708922950124, 0.9117224628394649], "Sigma": [[0.01445963392673932, 0.004696694090645182, 0.0009196750422065178], [0.004696694090645182, 0.004563444175751362, -0.012234609347500805], [0.0009196750422065182, -0.012234609347500806, 0.10283029238000521]], "chi2_level": 0.99, "chi2_df": 3, "chi2_threshold": 11.344866730144373, "N_raw": 72, "N_roi": 72, "N_inlier": 69, "refit": true}
{"timestamp": "17:37:51.816230", "frame": 65, "mu": [-1.3287860858602547, 2.3630967486495122, 0.9882653121916065], "Sigma": [[0.01537070408030723, 0.004621552767935906, 0.013650496963840677], [0.004621552767935906, 0.0021433162901161804, 0.008348601434786877], [0.013650496963840677, 0.008348601434786879, 0.22889745023961117]], "chi2_level": 0.99, "chi2_df": 3, "chi2_threshold": 11.344866730144373, "N_raw": 57, "N_roi": 57, "N_inlier": 54, "refit": true}
{"timestamp": "17:37:51.874161", "frame": 66, "mu": [-1.3859918813120957, 2.386292751380062, 0.9708752884818997], "Sigma": [[0.01888436687779517, 0.008879876884332942, 0.01527619944640809], [0.008879876884332942, 0.007452806766920992, 0.011756676230289032], [0.015276199446408088, 0.011756676230289032, 0.25087631981965636]], "chi2_level": 0.99, "chi2_df": 3, "chi2_threshold": 11.344866730144373, "N_raw": 80, "N_roi": 80, "N_inlier": 79, "refit": true}
{"timestamp": "17:37:51.929698", "frame": 67, "mu": [-1.4096978303073018, 2.3836116009999775, 1.0068307849335052], "Sigma": [[0.016481572449107057, 0.005879136939962119, -0.00015719530890495858], [0.005879136939962119, 0.006493593033420189, 0.011218118174734254], [-0.0001571953089049581, 0.011218118174734254, 0.0903023724193359]], "chi2_level": 0.99, "chi2_df": 3, "chi2_threshold": 11.344866730144373, "N_raw": 78, "N_roi": 77, "N_inlier": 74, "refit": true}
{"timestamp": "17:37:51.983130", "frame": 68, "mu": [-1.470847570519923, 2.651354027394567, -0.8826919397804747], "Sigma": [[0.011097128208925553, 0.007670912040963275, 0.01407224424574885], [0.007670912040963276, 0.02410539610059103, -0.03362338223370293], [0.014072244245748853, -0.03362338223370293, 0.33240829157244284]], "chi2_level": 0.99, "chi2_df": 3, "chi2_threshold": 11.344866730144373, "N_raw": 68, "N_roi": 68, "N_inlier": 68, "refit": true}
{"timestamp": "17:37:52.040000", "frame": 69, "mu": [-1.3549766691031555, 2.711293916350308, -0.3211337821339274], "Sigma": [[0.016340322471883, 0.0031272218005701843, 0.005871268553623797], [0.0031272218005701843, 0.006767414956873043, -0.009005143333839432], [0.005871268553623797, -0.00900514333383943, 0.04245677248758625]], "chi2_level": 0.99, "chi2_df": 3, "chi2_threshold": 11.344866730144373, "N_raw": 77, "N_roi": 77, "N_inlier": 74, "refit": true}
{"timestamp": "17:37:52.095456", "frame": 70, "mu": [-1.4671222374972621, 2.574469909417662, 0.9714662739016952], "Sigma": [[0.02628094665459179, 0.007898781497593472, 0.025621957276444077], [0.007898781497593474, 0.0038075474924103648, 0.009898826889233115], [0.025621957276444077, 0.009898826889233114, 0.08218172122865294]], "chi2_level": 0.99, "chi2_df": 3, "chi2_threshold": 11.344866730144373, "N_raw": 83, "N_roi": 83, "N_inlier": 78, "refit": true}
{"timestamp": "17:37:52.140152", "frame": 71, "mu": [-1.4050284376733417, 2.6348117552352273, 0.7490516173462987], "Sigma": [[0.01114428649279923, 0.0022553761530727393, 0.04325981268046667], [0.0022553761530727393, 0.007432879856727788, -0.010337899533071447], [0.04325981268046667, -0.01033789953307145, 0.33285482043620623]], "chi2_level": 0.99, "chi2_df": 3, "chi2_threshold": 11.344866730144373, "N_raw": 12, "N_roi": 12, "N_inlier": 12, "refit": true}
{"timestamp": "17:37:52.199128", "frame": 72, "mu": [-1.292108610421682, 2.6794168727896794, 1.2201092131624658], "Sigma": [[0.009530100700731176, 6.373792487486158e-06, -0.009266174306532043], [6.373792487486158e-06, 0.0033492705634622236, -0.0031011786023737997], [-0.009266174306532045, -0.0031011786023737993, 0.014981308601364002]], "chi2_level": 0.99, "chi2_df": 3, "chi2_threshold": 11.344866730144373, "N_raw": 47, "N_roi": 47, "N_inlier": 43, "refit": true}
{"timestamp": "17:37:52.255052", "frame": 73, "mu": [-1.5349856839258542, 2.9491124771551553, -0.4630437523692135], "Sigma": [[0.04454548747448128, -0.011745965122523919, 0.07382754361129977], [-0.011745965122523919, 0.011213572270177314, -0.04128816154412468], [0.07382754361129977, -0.04128816154412468, 0.1938917952226901]], "chi2_level": 0.99, "chi2_df": 3, "chi2_threshold": 11.344866730144373, "N_raw": 50, "N_roi": 50, "N_inlier": 48, "refit": true}
{"timestamp": "17:37:52.311021", "frame": 74, "mu": [-1.3481108545366935, 2.9021020712195837, -0.266702496348609], "Sigma": [[0.026615169740066724, -0.00715962465649897, 0.060301830878293494], [-0.00715962465649897, 0.020405943090869107, -0.02170337655579977], [0.060301830878293494, -0.02170337655579977, 0.2166053911764261]], "chi2_level": 0.99, "chi2_df": 3, "chi2_threshold": 11.344866730144373, "N_raw": 55, "N_roi": 55, "N_inlier": 54, "refit": true}
{"timestamp": "17:37:52.366529", "frame": 75, "mu": [-1.2671620695574666, 2.836438571273177, 1.3185239100280366], "Sigma": [[0.016698535110505626, 0.0003441617199436194, -0.021802377351304292], [0.00034416171994361937, 0.004266529039281018, -0.003549330375093961], [-0.02180237735130429, -0.003549330375093961, 0.033255078715225324]], "chi2_level": 0.99, "chi2_df": 3, "chi2_threshold": 11.344866730144373, "N_raw": 58, "N_roi": 58, "N_inlier": 54, "refit": true}
{"timestamp": "17:37:52.418574", "frame": 76, "mu": [-1.2890044826005056, 2.879572909405706, 1.3486311426942719], "Sigma": [[0.008573014853421572, -0.0007127076452017858, -0.011307596067305154], [-0.0007127076452017858, 0.002264886206067086, -0.0008440169190356793], [-0.011307596067305154, -0.0008440169190356793, 0.02545465441538984]], "chi2_level": 0.99, "chi2_df": 3, "chi2_threshold": 11.344866730144373, "N_raw": 33, "N_roi": 33, "N_inlier": 31, "refit": true}
{"timestamp": "17:37:52.473720", "frame": 77, "mu": [-1.2450297352810562, 2.928962234192221, 1.3148602886084761], "Sigma": [[0.011527746673167654, -0.0016931128224806067, -0.01903460262677553], [-0.0016931128224806067, 0.0032903637896915805, -0.00020097251598034596], [-0.019034602626775525, -0.00020097251598034596, 0.039915677783704834]], "chi2_level": 0.99, "chi2_df": 3, "chi2_threshold": 11.344866730144373, "N_raw": 40, "N_roi": 40, "N_inlier": 38, "refit": true}
{"timestamp": "17:37:52.528208", "frame": 78, "mu": [-1.2581593389610881, 2.936954671015172, 1.0192775263382325], "Sigma": [[0.012114362121599647, 0.004004879388903957, 0.021896360792498737], [0.004004879388903957, 0.007007823915153671, 0.036707397145480936], [0.021896360792498733, 0.036707397145480936, 0.4038416831228023]], "chi2_level": 0.99, "chi2_df": 3, "chi2_threshold": 11.344866730144373, "N_raw": 42, "N_roi": 42, "N_inlier": 41, "refit": true}
{"timestamp": "17:37:52.582728", "frame": 79, "mu": [-1.1940271186056286, 3.027493775185109, 1.238018879269159], "Sigma": [[0.011088065747111445, -0.0010308919142977772, -0.016917282428870323], [-0.0010308919142977772, 0.004275253862899022, 0.0006797954303911297], [-0.01691728242887032, 0.0006797954303911297, 0.02933699867448221]], "chi2_level": 0.99, "chi2_df": 3, "chi2_threshold": 11.344866730144373, "N_raw": 37, "N_roi": 37, "N_inlier": 35, "refit": true}
{"timestamp": "17:37:52.637164", "frame": 80, "mu": [-1.2120448395150056, 2.996327963580783, 1.2599065326412446], "Sigma": [[0.015553406030300155, 0.0033651268914620808, -0.009434669444246046], [0.0033651268914620816, 0.0026472014821026556, -0.0018420108964289912], [-0.009434669444246046, -0.0018420108964289912, 0.00685318073421089]], "chi2_level": 0.99, "chi2_df": 3, "chi2_threshold": 11.344866730144373, "N_raw": 31, "N_roi": 29, "N_inlier": 28, "refit": true}
{"timestamp": "17:37:52.752789", "frame": 82, "mu": [-1.1517799604725139, 3.2109053732715824, -0.5587108037621941], "Sigma": [[0.016858044358484772, 0.008812235891722822, 0.03711198974607623], [0.008812235891722822, 0.01508272677276082, 0.02302979704694075], [0.03711198974607621, 0.023029797046940748, 0.14375911261921145]], "chi2_level": 0.99, "chi2_df": 3, "chi2_threshold": 11.344866730144373, "N_raw": 67, "N_roi": 67, "N_inlier": 67, "refit": true}
{"timestamp": "17:37:52.811281", "frame": 83, "mu": [-1.1434167665076083, 3.118399164823889, 0.8266623340334732], "Sigma": [[0.019262304634902958, 0.003236539287286522, 0.014036117583049493], [0.003236539287286522, 0.0036170640251050445, 0.010980397231561693], [0.014036117583049493, 0.010980397231561693, 0.1820791777839633]], "chi2_level": 0.99, "chi2_df": 3, "chi2_threshold": 11.344866730144373, "N_raw": 87, "N_roi": 87, "N_inlier": 87, "refit": true}
{"timestamp": "17:37:52.861612", "frame": 84, "mu": [-1.0555863936588095, 3.1936743371651786, 1.0112530318580573], "Sigma": [[0.014159380263905076, 0.001527666664091151, -0.00750838008475382], [0.001527666664091151, 0.0027983110485597642, -0.005319585152667989], [-0.007508380084753819, -0.005319585152667989, 0.013897126340700212]], "chi2_level": 0.99, "chi2_df": 3, "chi2_threshold": 11.344866730144373, "N_raw": 54, "N_roi": 54, "N_inlier": 51, "refit": true}
{"timestamp": "17:37:52.915866", "frame": 85, "mu": [-1.1275108082087015, 3.28807479927231, 1.068842865994716], "Sigma": [[0.01480027986977985, 0.0013033594923057112, 0.009160494181765197], [0.001303359492305711, 0.0038378152087136684, 0.014684764323895573], [0.009160494181765195, 0.014684764323895573, 0.19396812664453789]], "chi2_level": 0.99, "chi2_df": 3, "chi2_threshold": 11.344866730144373, "N_raw": 56, "N_roi": 56, "N_inlier": 56, "refit": true}
{"timestamp": "17:37:52.967626", "frame": 86, "mu": [-1.0401623654128966, 3.3428236401934965, 1.1387706673296951], "Sigma": [[0.01076267990078387, -0.001074273427981962, -0.016614379062302828], [-0.001074273427981962, 0.0011208408189986511, -0.0013870056499628055], [-0.016614379062302828, -0.001387005649962806, 0.047505815860689436]], "chi2_level": 0.99, "chi2_df": 3, "chi2_threshold": 11.344866730144373, "N_raw": 35, "N_roi": 35, "N_inlier": 32, "refit": true}
{"timestamp": "17:37:53.024191", "frame": 87, "mu": [-0.9885500064522345, 3.3642697910740984, 1.0145545176743727], "Sigma": [[0.014592522265348342, 0.0007171200902500188, -0.008650671504259863], [0.0007171200902500188, 0.004431820105501792, 0.0006985722243994434], [-0.008650671504259862, 0.0006985722243994439, 0.04720031943955893]], "chi2_level": 0.99, "chi2_df": 3, "chi2_threshold": 11.344866730144373, "N_raw": 47, "N_roi": 47, "N_inlier": 44, "refit": true}
