{"timestamp": "18:45:51.430103", "frame": 20, "mu": [-1.787508031271681, 4.974907506475949, 0.6717640592390406], "Sigma": [[0.00958313118883468, 0.0006707758022869294, 0.003476483231065217], [0.0006707758022869296, 0.00022174272616011143, 0.00041611130437403795], [0.003476483231065217, 0.00041611130437403806, 0.03406576974586645]], "chi2_level": 0.99, "chi2_df": 3, "chi2_threshold": 11.344866730144373, "N_raw": 26, "N_roi": 9, "N_inlier": 9, "refit": true}
{"timestamp": "18:45:51.598894", "frame": 23, "mu": [-1.7031214412480313, 4.874924736689907, 0.6453159975655655], "Sigma": [[0.035207918910817364, 0.004897212293904911, -0.02536333752344441], [0.004897212293904911, 0.0033124731520946943, -0.008004902560435326], [-0.02536333752344441, -0.008004902560435324, 0.03053543615979397]], "chi2_level": 0.99, "chi2_df": 3, "chi2_threshold": 11.344866730144373, "N_raw": 51, "N_roi": 51, "N_inlier": 50, "refit": true}
{"timestamp": "18:45:51.657719", "frame": 24, "mu": [-1.702444916484656, 4.849231007709763, 0.5673620743821183], "Sigma": [[0.04182022514009749, 0.0047083368197574586, -0.013473297727045017], [0.0047083368197574586, 0.003292783311174989, -0.005001628156583863], [-0.013473297727045017, -0.005001628156583864, 0.019275545063278658]], "chi2_level": 0.99, "chi2_df": 3, "chi2_threshold": 11.344866730144373, "N_raw": 58, "N_roi": 53, "N_inlier": 53, "refit": true}
{"timestamp": "18:45:51.710379", "frame": 25, "mu": [-1.755993689141819, 4.911298012442298, -0.03527465604582987], "Sigma": [[0.0327394607695282, 0.007640931535089548, 0.021484233328375107], [0.007640931535089548, 0.006277771733916473, 0.015599818263959179], [0.021484233328375103, 0.015599818263959179, 0.10162208551741622]], "chi2_level": 0.99, "chi2_df": 3, "chi2_threshold": 11.344866730144373, "N_raw": 50, "N_roi": 29, "N_inlier": 27, "refit": true}
{"timestamp": "18:45:51.763521", "frame": 26, "mu": [-1.6521501817326143, 4.764338950887466, 0.584588967895892], "Sigma": [[0.026795769581863842, 0.006291790654524057, -0.003875890470536743], [0.006291790654524057, 0.0035173006615549576, -0.0032566016994300014], [-0.003875890470536743, -0.0032566016994300014, 0.010230865393389533]], "chi2_level": 0.99, "chi2_df": 3, "chi2_threshold": 11.344866730144373, "N_raw": 37, "N_roi": 37, "N_inlier": 36, "refit": true}
{"timestamp": "18:45:51.815375", "frame": 27, "mu": [-1.6659970339935022, 4.736392409052428, 0.6352008150742285], "Sigma": [[0.01875651397510695, -0.0023677220072355217, 0.00048120011453260984], [-0.0023677220072355213, 0.0018123141518055328, -0.0011184491025284379], [0.00048120011453260984, -0.0011184491025284379, 0.0009958620701518617]], "chi2_level": 0.99, "chi2_df": 3, "chi2_threshold": 11.344866730144373, "N_raw": 12, "N_roi": 12, "N_inlier": 12, "refit": true}
{"timestamp": "18:45:51.872452", "frame": 28, "mu": [-1.7325074233777442, 4.6785255550262415, 0.5823988514583663], "Sigma": [[0.015301639800814563, 0.0023073118649120095, -0.006604490904866334], [0.00230731186491201, 0.0017636471399147032, -0.0038972222469224695], [-0.006604490904866334, -0.00389722224692247, 0.014434573674045654]], "chi2_level": 0.99, "chi2_df": 3, "chi2_threshold": 11.344866730144373, "N_raw": 28, "N_roi": 28, "N_inlier": 27, "refit": true}
{"timestamp": "18:45:51.930282", "frame": 29, "mu": [-1.7458355829389343, 4.596076371877762, 0.3263139883458079], "Sigma": [[0.04421399434868012, -0.002152412172049755, -0.027278064556460736], [-0.002152412172049755, 0.00312018441574712, 0.00822695677720746], [-0.027278064556460743, 0.008226956777207459, 0.07406098605740218]], "chi2_level": 0.99, "chi2_df": 3, "chi2_threshold": 11.344866730144373, "N_raw": 50, "N_roi": 50, "N_inlier": 50, "refit": true}
{"timestamp": "18:45:51.983596", "frame": 30, "mu": [-1.82425724894928, 4.54078041358873, 0.2974170257088926], "Sigma": [[0.03562138917164913, 0.005404253350010719, -0.014593644085902196], [0.005404253350010718, 0.0040549006132770925, -0.0019954604778787896], [-0.014593644085902196, -0.0019954604778787896, 0.012316782294187771]], "chi2_level": 0.99, "chi2_df": 3, "chi2_threshold": 11.344866730144373, "N_raw": 38, "N_roi": 38, "N_inlier": 37, "refit": true}
{"timestamp": "18:45:52.043430", "frame": 31, "mu": [-1.7480184806344328, 4.485619379040934, 0.34195223163967564], "Sigma": [[0.04566301863140447, 0.0032840478850113893, -0.006951738989157368], [0.003284047885011389, 0.003510276909530173, 0.0012179560595568665], [-0.006951738989157368, 0.0012179560595568665, 0.05783344069663902]], "chi2_level": 0.99, "chi2_df": 3, "chi2_threshold": 11.344866730144373, "N_raw": 69, "N_roi": 69, "N_inlier": 69, "refit": true}
{"timestamp": "18:45:52.097811", "frame": 32, "mu": [-1.6839497227346856, 4.462020765574431, 0.36801752506823515], "Sigma": [[0.0395088587996329, 0.01058142064918856, 0.0011943252944196549], [0.010581420649188562, 0.0034497545664163637, -0.0019070628569979075], [0.0011943252944196549, -0.001907062856997908, 0.05146785927097718]], "chi2_level": 0.99, "chi2_df": 3, "chi2_threshold": 11.344866730144373, "N_raw": 65, "N_roi": 65, "N_inlier": 64, "refit": true}
{"timestamp": "18:45:52.151325", "frame": 33, "mu": [-1.6544866785246581, 4.41761829650573, 0.7040147324146999], "Sigma": [[0.03284658336087069, 0.0063638635582704516, -0.020450862955885538], [0.006363863558270451, 0.002078741764168319, -0.005479904531748485], [-0.020450862955885534, -0.005479904531748485, 0.06666933048496691]], "chi2_level": 0.99, "chi2_df": 3, "chi2_threshold": 11.344866730144373, "N_raw": 53, "N_roi": 52, "N_inlier": 52, "refit": true}
{"timestamp": "18:45:52.205613", "frame": 34, "mu": [-1.6956084416327248, 4.395505486070665, 0.6670693858425216], "Sigma": [[0.03182560032820642, 0.005152344900880717, -0.013915831539889494], [0.005152344900880717, 0.00233511212132543, -0.0074766441255932885], [-0.013915831539889494, -0.0074766441255932885, 0.032175966081880364]], "chi2_level": 0.99, "chi2_df": 3, "chi2_threshold": 11.344866730144373, "N_raw": 51, "N_roi": 51, "N_inlier": 51, "refit": true}
{"timestamp": "18:45:52.257323", "frame": 35, "mu": [-1.7092186654627093, 4.336930083700669, 0.5055136477858457], "Sigma": [[0.0254359757168759, 0.003696876703632402, -0.012523193020452215], [0.0036968767036324028, 0.002670232859272841, -0.0014245677763890553], [-0.012523193020452215, -0.0014245677763890555, 0.007464179518691136]], "chi2_level": 0.99, "chi2_df": 3, "chi2_threshold": 11.344866730144373, "N_raw": 24, "N_roi": 24, "N_inlier": 23, "refit": true}
{"timestamp": "18:45:52.315326", "frame": 36, "mu": [-1.6757826098197792, 4.261722720376655, 0.5979415769708252], "Sigma": [[0.031185146905926442, 0.005101611376166761, -0.0215062678371565], [0.00510161137616676, 0.003743369856638826, -0.006765028321258703], [-0.0215062678371565, -0.006765028321258703, 0.0231512650812296]], "chi2_level": 0.99, "chi2_df": 3, "chi2_threshold": 11.344866730144373, "N_raw": 47, "N_roi": 47, "N_inlier": 45, "refit": true}
{"timestamp": "18:45:52.369235", "frame": 37, "mu": [-1.5885036764484126, 4.1982776586870525, 0.4606074651281834], "Sigma": [[0.025325734269079334, 0.0008540242493376088, -0.025900114873508913], [0.0008540242493376088, 0.0016199380518595202, -0.0035040754999346706], [-0.025900114873508913, -0.0035040754999346706, 0.03631590963112944]], "chi2_level": 0.99, "chi2_df": 3, "chi2_threshold": 11.344866730144373, "N_raw": 36, "N_roi": 36, "N_inlier": 34, "refit": true}
{"timestamp": "18:45:52.421691", "frame": 38, "mu": [-1.7398637620603163, 4.168618657546617, 0.49814672977862823], "Sigma": [[0.019614975909435284, 0.0016108186868029847, -0.008133881772194127], [0.0016108186868029847, 0.0013655938599281376, -0.0021698815291055916], [-0.008133881772194127, -0.0021698815291055916, 0.008710801717574948]], "chi2_level": 0.99, "chi2_df": 3, "chi2_threshold": 11.344866730144373, "N_raw": 21, "N_roi": 21, "N_inlier": 21, "refit": true}
{"timestamp": "18:45:52.477219", "frame": 39, "mu": [-1.8212726243077697, 4.135392569730369, 0.5121693681957151], "Sigma": [[0.017626071280044408, -0.0006946278360242472, -0.008292236186592973], [-0.0006946278360242474, 0.0012841010385743095, -0.0007172086839074558], [-0.008292236186592972, -0.0007172086839074556, 0.007941628374092615]], "chi2_level": 0.99, "chi2_df": 3, "chi2_threshold": 11.344866730144373, "N_raw": 17, "N_roi": 17, "N_inlier": 16, "refit": true}
{"timestamp": "18:45:52.536541", "frame": 40, "mu": [-1.699785842910405, 4.041726801187615, 0.5741503357695124], "Sigma": [[0.03399751356083759, 0.0006936106601827984, -0.017349699215966227], [0.0006936106601827985, 0.0014466656266799228, -0.005497304260485217], [-0.017349699215966227, -0.005497304260485217, 0.040607267821101356]], "chi2_level": 0.99, "chi2_df": 3, "chi2_threshold": 11.344866730144373, "N_raw": 56, "N_roi": 56, "N_inlier": 56, "refit": true}
{"timestamp": "18:45:52.587201", "frame": 41, "mu": [-1.8525500565162971, 4.028803566523266, 0.6192368339559889], "Sigma": [[0.009541351037747905, -0.0013680538258226565, -0.0069152809734097116], [-0.0013680538258226565, 0.002634830894237494, -0.0005474863817620223], [-0.0069152809734097116, -0.0005474863817620222, 0.011992431044728757]], "chi2_level": 0.99, "chi2_df": 3, "chi2_threshold": 11.344866730144373, "N_raw": 20, "N_roi": 20, "N_inlier": 19, "refit": true}
{"timestamp": "18:45:52.646482", "frame": 42, "mu": [-1.5772081687006438, 3.9479853930964666, 0.47039923618110263], "Sigma": [[0.03633624049328556, 0.0014586657645833333, -0.01876339096634082], [0.0014586657645833335, 0.001953830688216321, -0.0046594644576120215], [-0.01876339096634082, -0.0046594644576120215, 0.02525877144195326]], "chi2_level": 0.99, "chi2_df": 3, "chi2_threshold": 11.344866730144373, "N_raw": 58, "N_roi": 58, "N_inlier": 57, "refit": true}
{"timestamp": "18:45:52.700462", "frame": 43, "mu": [-1.6201782309441328, 3.8610691788201494, 0.4577621755172975], "Sigma": [[0.024926769369732354, 0.0035780057614755965, -0.015040426709433587], [0.0035780057614755974, 0.0022859744743979043, -0.005527905225689589], [-0.01504042670943359, -0.005527905225689589, 0.02066442494802659]], "chi2_level": 0.99, "chi2_df": 3, "chi2_threshold": 11.344866730144373, "N_raw": 48, "N_roi": 48, "N_inlier": 46, "refit": true}
{"timestamp": "18:45:52.754605", "frame": 44, "mu": [-1.5672306314836235, 3.8369340401926304, -1.3466186679874435], "Sigma": [[0.026009400379692453, 0.00010947832167318682, -0.024853646197140325], [0.00010947832167318677, 0.0007771407637619086, -0.0022725550133984155], [-0.024853646197140325, -0.0022725550133984155, 0.04681431924333972]], "chi2_level": 0.99, "chi2_df": 3, "chi2_threshold": 11.344866730144373, "N_raw": 43, "N_roi": 43, "N_inlier": 39, "refit": true}
{"timestamp": "18:45:52.811328", "frame": 45, "mu": [-1.6134837011176468, 3.8126653664017875, 0.5545318681618365], "Sigma": [[0.041795706440667366, 0.0014855833137788774, -0.016428272886716666], [0.0014855833137788774, 0.0011774221771509016, -0.0028181324922072746], [-0.016428272886716666, -0.0028181324922072746, 0.021448538164572713]], "chi2_level": 0.99, "chi2_df": 3, "chi2_threshold": 11.344866730144373, "N_raw": 54, "N_roi": 54, "N_inlier": 52, "refit": true}
{"timestamp": "18:45:52.868622", "frame": 46, "mu": [-1.5450852848958903, 3.7103852711433056, 0.5164673030517126], "Sigma": [[0.04939367739886529, -0.006219148707708727, -0.02758184375321248], [-0.006219148707708727, 0.0036541972819699765, 0.00033527187879937056], [-0.02758184375321248, 0.0003352718787993708, 0.022353723327229208]], "chi2_level": 0.99, "chi2_df": 3, "chi2_threshold": 11.344866730144373, "N_raw": 66, "N_roi": 65, "N_inlier": 65, "refit": true}
{"timestamp": "18:45:52.920714", "frame": 47, "mu": [-1.5613388598297149, 3.6636441675914133, 0.6016566789894369], "Sigma": [[0.061107230887069874, -0.007168118531818217, -0.025184461606661414], [-0.007168118531818217, 0.003438733126020909, 1.624828452531906e-05], [-0.025184461606661414, 1.6248284525318925e-05, 0.017443923507424297]], "chi2_level": 0.99, "chi2_df": 3, "chi2_threshold": 11.344866730144373, "N_raw": 46, "N_roi": 46, "N_inlier": 46, "refit": true}
{"timestamp": "18:45:52.977028", "frame": 48, "mu": [-1.602607743881829, 3.666310476225975, 0.6319857146458915], "Sigma": [[0.04287526959645449, 0.004389363631773551, 0.004970990590693681], [0.004389363631773551, 0.0020191824393086255, -0.001111904563495561], [0.004970990590693681, -0.001111904563495561, 0.01831231100854594]], "chi2_level": 0.99, "chi2_df": 3, "chi2_threshold": 11.344866730144373, "N_raw": 56, "N_roi": 56, "N_inlier": 56, "refit": true}
{"timestamp": "18:45:53.030707", "frame": 49, "mu": [-1.7641880012495732, 3.5599921197317, 0.4606162515143974], "Sigma": [[0.03163089566804379, 0.0030493331998595, -0.0097257958911909], [0.003049333199859499, 0.004021859915784616, -0.0016135441401044863], [-0.009725795891190898, -0.0016135441401044863, 0.00814819289009948]], "chi2_level": 0.99, "chi2_df": 3, "chi2_threshold": 11.344866730144373, "N_raw": 50, "N_roi": 50, "N_inlier": 49, "refit": true}
{"timestamp": "18:45:53.090368", "frame": 50, "mu": [-1.6347672787153558, 3.5353626820323383, 0.7553982762413706], "Sigma": [[0.05356669287071843, 0.0018987211876024326, 0.0007377970079999664], [0.0018987211876024329, 0.0044218523386629505, -0.00516581883680263], [0.0007377970079999666, -0.00516581883680263, 0.02988829613280171]], "chi2_level": 0.99, "chi2_df": 3, "chi2_threshold": 11.344866730144373, "N_raw": 81, "N_roi": 79, "N_inlier": 77, "refit": true}
{"timestamp": "18:45:53.145236", "frame": 51, "mu": [-1.5892217309900882, 3.4594628639770444, 0.6095720503715407], "Sigma": [[0.028766871248239782, 0.0023737456337003787, 5.179829046291005e-05], [0.0023737456337003795, 0.0023384355119289418, -0.004188974467638251], [5.1798290462909836e-05, -0.004188974467638251, 0.028338878286841916]], "chi2_level": 0.99, "chi2_df": 3, "chi2_threshold": 11.344866730144373, "N_raw": 67, "N_roi": 67, "N_inlier": 67, "refit": true}
{"timestamp": "18:45:53.197909", "frame": 52, "mu": [-1.6595518473014952, 3.4127016367441074, 0.7126040309431516], "Sigma": [[0.03820659736855606, 0.002412468622417407, 0.0005793405203130997], [0.002412468622417407, 0.002304288231022227, -0.004743817197990047], [0.0005793405203130997, -0.004743817197990047, 0.039642724836677565]], "chi2_level": 0.99, "chi2_df": 3, "chi2_threshold": 11.344866730144373, "N_raw": 63, "N_roi": 63, "N_inlier": 63, "refit": true}
{"timestamp": "18:45:53.256736", "frame": 53, "mu": [-1.7064656495843402, 3.352255169571307, 0.5363444772949791], "Sigma": [[0.04106743208393307, 0.005808574078503694, 0.01591764052971415], [0.005808574078503695, 0.002654689311742473, -0.0006948016919996047], [0.01591764052971415, -0.0006948016919996051, 0.04796793356010125]], "chi2_level": 0.99, "chi2_df": 3, "chi2_threshold": 11.344866730144373, "N_raw": 82, "N_roi": 82, "N_inlier": 82, "refit": true}
{"timestamp": "18:45:53.310868", "frame": 54, "mu": [-1.6351004125018507, 3.3212848326428706, 0.6451885888965745], "Sigma": [[0.02799339467409724, 0.005930147690574787, 0.010424515352689005], [0.005930147690574787, 0.0031959426900001974, -0.0018599771880002617], [0.010424515352689005, -0.001859977188000262, 0.06057314389548213]], "chi2_level": 0.99, "chi2_df": 3, "chi2_threshold": 11.344866730144373, "N_raw": 80, "N_roi": 80, "N_inlier": 79, "refit": true}
{"timestamp": "18:45:53.363423", "frame": 55, "mu": [-1.7139613743905437, 3.4092227695316284, -1.0031125475935596], "Sigma": [[0.023971278390026586, 0.023363648780576687, 0.05244172867848596], [0.023363648780576687, 0.03825013885403811, 0.06945613723405566], [0.05244172867848596, 0.06945613723405566, 0.1823066261242297]], "chi2_level": 0.99, "chi2_df": 3, "chi2_threshold": 11.344866730144373, "N_raw": 62, "N_roi": 62, "N_inlier": 62, "refit": true}
{"timestamp": "18:45:53.419915", "frame": 56, "mu": [-1.6401999252002284, 3.22973023564975, 0.6201907855574507], "Sigma": [[0.019196623032295176, 0.0061536218329450235, 0.0034247288950163737], [0.0061536218329450235, 0.003180273832549567, -0.0004987622836990582], [0.0034247288950163737, -0.0004987622836990582, 0.020633718116183628]], "chi2_level": 0.99, "chi2_df": 3, "chi2_threshold": 11.344866730144373, "N_raw": 50, "N_roi": 49, "N_inlier": 47, "refit": true}
{"timestamp": "18:45:53.469657", "frame": 57, "mu": [-1.6962351119714447, 3.140785409968271, 0.7787306815440391], "Sigma": [[0.011325708617472686, 0.0021929029246671727, -0.004356915897796558], [0.002192902924667173, 0.004012894937592806, -0.00924964461748887], [-0.004356915897796558, -0.00924964461748887, 0.02464241858712019]], "chi2_level": 0.99, "chi2_df": 3, "chi2_threshold": 11.344866730144373, "N_raw": 42, "N_roi": 42, "N_inlier": 38, "refit": true}
{"timestamp": "18:45:53.519539", "frame": 58, "mu": [-1.7147982387679468, 3.080302182944514, 0.49376406622565655], "Sigma": [[0.008464545469507359, 0.002031105227306581, 0.038701564540505544], [0.0020311052273065816, 0.0021767977928647997, 0.004368264181162691], [0.03870156454050555, 0.0043682641811626875, 0.22200751616339334]], "chi2_level": 0.99, "chi2_df": 3, "chi2_threshold": 11.344866730144373, "N_raw": 8, "N_roi": 8, "N_inlier": 8, "refit": true}
{"timestamp": "18:45:53.582473", "frame": 59, "mu": [-1.7237431676489545, 3.279248167227219, -0.425611484087849], "Sigma": [[0.02356997630143256, 0.01373878383691509, -0.02125784838899269], [0.01373878383691509, 0.013787519762605154, -0.02124264424206989], [-0.02125784838899269, -0.02124264424206989, 0.03468806101667278]], "chi2_level": 0.99, "chi2_df": 3, "chi2_threshold": 11.344866730144373, "N_raw": 59, "N_roi": 59, "N_inlier": 59, "refit": true}
{"timestamp": "18:45:53.634837", "frame": 60, "mu": [-1.5483898833569856, 3.017362168239148, 0.6258241757529062], "Sigma": [[0.015528892014224568, 0.000457639741986267, -0.0172923641929736], [0.0004576397419862669, 0.0010062093709814733, -0.0030028171331053753], [-0.0172923641929736, -0.0030028171331053753, 0.034181062140780684]], "chi2_level": 0.99, "chi2_df": 3, "chi2_threshold": 11.344866730144373, "N_raw": 38, "N_roi": 38, "N_inlier": 37, "refit": true}
{"timestamp": "18:45:53.694577", "frame": 61, "mu": [-1.6059093514201415, 2.951436185517124, 0.7204838419170104], "Sigma": [[0.0221791124867314, 0.0034499302494847197, -0.009597406817976314], [0.0034499302494847197, 0.0019842448093724116, -0.005773871964641447], [-0.009597406817976314, -0.0057738719646414464, 0.03732443615479999]], "chi2_level": 0.99, "chi2_df": 3, "chi2_threshold": 11.344866730144373, "N_raw": 68, "N_roi": 68, "N_inlier": 68, "refit": true}
{"timestamp": "18:45:53.750205", "frame": 62, "mu": [-1.648744711536461, 2.87758972153118, 0.7791543642364072], "Sigma": [[0.01904750153929383, 0.0016522727415054438, -0.015099750894830809], [0.0016522727415054438, 0.002617348632837047, -0.007578460124567782], [-0.015099750894830807, -0.007578460124567782, 0.031973493894509875]], "chi2_level": 0.99, "chi2_df": 3, "chi2_threshold": 11.344866730144373, "N_raw": 71, "N_roi": 65, "N_inlier": 64, "refit": true}
{"timestamp": "18:45:53.803760", "frame": 63, "mu": [-1.6797525490917709, 2.8581712822083665, 0.7793690705818673], "Sigma": [[0.04135652285168026, 0.005094244985508797, -0.005201825088165244], [0.0050942449855087965, 0.0018652435125448442, -0.003614749910527967], [-0.005201825088165244, -0.0036147499105279673, 0.014782260680909279]], "chi2_level": 0.99, "chi2_df": 3, "chi2_threshold": 11.344866730144373, "N_raw": 62, "N_roi": 60, "N_inlier": 60, "refit": true}
{"timestamp": "18:45:53.861139", "frame": 64, "mu": [-1.5760754239205992, 2.7887759461953943, 0.6993118831836194], "Sigma": [[0.019606620229105597, 0.0037593165362622607, -0.008235463622033092], [0.0037593165362622607, 0.002184077097577064, -0.005087447115524119], [-0.008235463622033094, -0.005087447115524119, 0.01612865323748287]], "chi2_level": 0.99, "chi2_df": 3, "chi2_threshold": 11.344866730144373, "N_raw": 53, "N_roi": 50, "N_inlier": 49, "refit": true}
{"timestamp": "18:45:53.912476", "frame": 65, "mu": [-1.6482818054475479, 2.7202106093175304, 0.8680915197377456], "Sigma": [[0.014787104019622169, 0.003365413950114214, -0.01031981179452117], [0.003365413950114214, 0.002934394030544597, -0.007706407762489805], [-0.01031981179452117, -0.007706407762489805, 0.024995629846663484]], "chi2_level": 0.99, "chi2_df": 3, "chi2_threshold": 11.344866730144373, "N_raw": 53, "N_roi": 53, "N_inlier": 52, "refit": true}
{"timestamp": "18:45:53.959645", "frame": 66, "mu": [-1.6575703369529642, 2.664674791695229, 0.7308967781239311], "Sigma": [[0.006785597137840344, 0.002736728002052955, 0.016145164514831754], [0.0027367280020529554, 0.0029001715750948246, 0.005400514271472113], [0.016145164514831754, 0.005400514271472113, 0.06522286307924625]], "chi2_level": 0.99, "chi2_df": 3, "chi2_threshold": 11.344866730144373, "N_raw": 7, "N_roi": 7, "N_inlier": 7, "refit": true}
{"timestamp": "18:45:54.021322", "frame": 67, "mu": [-1.7089973097799331, 2.6252263509396068, 0.7656567488069115], "Sigma": [[0.011796660309409476, 0.0031632483179272076, -0.0052249703667156], [0.0031632483179272076, 0.0019545483435592635, -0.005873254913729177], [-0.0052249703667156, -0.005873254913729177, 0.02770173766711312]], "chi2_level": 0.99, "chi2_df": 3, "chi2_threshold": 11.344866730144373, "N_raw": 51, "N_roi": 51, "N_inlier": 50, "refit": true}
{"timestamp": "18:45:54.075230", "frame": 68, "mu": [-1.623402784250333, 2.598096584489729, 0.6929602245933428], "Sigma": [[0.01570450829881299, 0.002243595763824543, -0.009010722471018336], [0.002243595763824543, 0.0009576977982374797, -0.002924703715051025], [-0.009010722471018336, -0.002924703715051025, 0.019320554324018774]], "chi2_level": 0.99, "chi2_df": 3, "chi2_threshold": 11.344866730144373, "N_raw": 40, "N_roi": 40, "N_inlier": 37, "refit": true}
{"timestamp": "18:45:54.130834", "frame": 69, "mu": [-1.6802108954309476, 2.529557533080074, 0.9493984593334361], "Sigma": [[0.008705134627034901, 0.0021764200856580675, -0.01091123497039023], [0.002176420085658067, 0.0019532954438407774, -0.006591061067321102], [-0.010911234970390232, -0.006591061067321102, 0.030979176933028825]], "chi2_level": 0.99, "chi2_df": 3, "chi2_threshold": 11.344866730144373, "N_raw": 35, "N_roi": 35, "N_inlier": 35, "refit": true}
{"timestamp": "18:45:54.185399", "frame": 70, "mu": [-1.678761038448017, 2.486418647630016, 1.0080202317713685], "Sigma": [[0.01005088941511677, 0.001010389166388537, -0.007333761736914066], [0.0010103891663885375, 0.004672519636588595, -0.006222367120836057], [-0.007333761736914066, -0.006222367120836057, 0.013439502259534974]], "chi2_level": 0.99, "chi2_df": 3, "chi2_threshold": 11.344866730144373, "N_raw": 49, "N_roi": 49, "N_inlier": 49, "refit": true}
{"timestamp": "18:45:54.241494", "frame": 71, "mu": [-1.6789740811579605, 2.4494968667540595, 1.035817158294619], "Sigma": [[0.0114859651784191, 0.0005057870869796693, -0.012680138334891143], [0.0005057870869796694, 0.0039447605403760645, -0.0043629482977068056], [-0.012680138334891141, -0.0043629482977068056, 0.01953878860024484]], "chi2_level": 0.99, "chi2_df": 3, "chi2_threshold": 11.344866730144373, "N_raw": 52, "N_roi": 52, "N_inlier": 48, "refit": true}
{"timestamp": "18:45:54.294488", "frame": 72, "mu": [-1.969321197535516, 2.228977424634193, 0.846313384440989], "Sigma": [[0.039477713879357834, 0.024879536366896465, -0.024674550673577808], [0.024879536366896465, 0.018596673612978447, -0.021749584445933532], [-0.024674550673577808, -0.02174958444593353, 0.08875392649503128]], "chi2_level": 0.99, "chi2_df": 3, "chi2_threshold": 11.344866730144373, "N_raw": 40, "N_roi": 33, "N_inlier": 32, "refit": true}
{"timestamp": "18:45:54.353391", "frame": 73, "mu": [-1.8914828910106252, 2.2297645108770183, 0.8120047780964904], "Sigma": [[0.01902768716812491, 0.010331556314153757, 0.010272737829785819], [0.010331556314153757, 0.006829579810716953, 0.005370006525189642], [0.01027273782978582, 0.005370006525189644, 0.03046522206181259]], "chi2_level": 0.99, "chi2_df": 3, "chi2_threshold": 11.344866730144373, "N_raw": 65, "N_roi": 60, "N_inlier": 55, "refit": true}
{"timestamp": "18:45:54.408637", "frame": 74, "mu": [-1.6551839138527829, 2.2355196129930506, 0.932805692080534], "Sigma": [[0.02035921365423902, 0.00041817305829618476, -0.011735590313916362], [0.0004181730582961844, 0.007413736764503167, -0.0015995852532198524], [-0.011735590313916362, -0.0015995852532198524, 0.007924478565637215]], "chi2_level": 0.99, "chi2_df": 3, "chi2_threshold": 11.344866730144373, "N_raw": 67, "N_roi": 67, "N_inlier": 65, "refit": true}
{"timestamp": "18:45:54.457936", "frame": 75, "mu": [-1.7119890632093233, 2.2020038848107237, 1.0617651097087484], "Sigma": [[0.009408711736385415, 0.0023260395568540392, -0.0018837645559407429], [0.0023260395568540392, 0.0016482885835272683, -0.0005623504676913766], [-0.0018837645559407429, -0.0005623504676913767, 0.01679505262804467]], "chi2_level": 0.99, "chi2_df": 3, "chi2_threshold": 11.344866730144373, "N_raw": 24, "N_roi": 24, "N_inlier": 23, "refit": true}
{"timestamp": "18:45:54.516673", "frame": 76, "mu": [-1.7546771233805645, 2.1554581709613356, 1.0554540855671468], "Sigma": [[0.014238734470308002, 0.005647305951765633, -0.007395912886178418], [0.005647305951765633, 0.0038254836578193886, -0.007135248644598757], [-0.007395912886178416, -0.007135248644598757, 0.021104119414145757]], "chi2_level": 0.99, "chi2_df": 3, "chi2_threshold": 11.344866730144373, "N_raw": 58, "N_roi": 58, "N_inlier": 54, "refit": true}
{"timestamp": "18:45:54.568585", "frame": 77, "mu": [-1.9916193002667675, 1.9050367178002787, 1.1106240404439929], "Sigma": [[0.05253004574153608, 0.0446142725031967, -0.0766801915440484], [0.0446142725031967, 0.045019986872860275, -0.08634952797186482], [-0.0766801915440484, -0.08634952797186482, 0.2111109760716465]], "chi2_level": 0.99, "chi2_df": 3, "chi2_threshold": 11.344866730144373, "N_raw": 23, "N_roi": 23, "N_inlier": 22, "refit": true}
{"timestamp": "18:45:54.621356", "frame": 78, "mu": [-1.7096652244258543, 1.9737858028588902, 0.9223616521075749], "Sigma": [[0.004772003507418252, 0.0010692935762902, 0.002933275639148525], [0.0010692935762902003, 0.004481701086408983, 0.0009047667397789399], [0.002933275639148525, 0.0009047667397789396, 0.008431653915661485]], "chi2_level": 0.99, "chi2_df": 3, "chi2_threshold": 11.344866730144373, "N_raw": 18, "N_roi": 18, "N_inlier": 15, "refit": true}
{"timestamp": "18:45:54.684272", "frame": 79, "mu": [-1.8542489791365635, 1.9698507943572034, -0.4651219592760622], "Sigma": [[0.024905740113423322, 0.023078236182225924, 0.017935471405787724], [0.023078236182225924, 0.04295645267563482, 0.03259311092205746], [0.017935471405787728, 0.03259311092205746, 0.09871575150332035]], "chi2_level": 0.99, "chi2_df": 3, "chi2_threshold": 11.344866730144373, "N_raw": 76, "N_roi": 76, "N_inlier": 72, "refit": true}
{"timestamp": "18:45:54.737909", "frame": 80, "mu": [-1.9356726679765024, 1.8134741196875483, -0.724601053871781], "Sigma": [[0.052625041241462805, 0.0305985383785725, -0.018497223006453737], [0.0305985383785725, 0.028860430679291116, 0.0026807739424944584], [-0.018497223006453737, 0.002680773942494457, 0.040579579781491765]], "chi2_level": 0.99, "chi2_df": 3, "chi2_threshold": 11.344866730144373, "N_raw": 68, "N_roi": 68, "N_inlier": 68, "refit": true}
{"timestamp": "18:45:54.794979", "frame": 81, "mu": [-2.0071079060796424, 1.6747771023292823, 1.1580211297344436], "Sigma": [[0.024794692642228777, 0.020026551959925323, -0.018206252677648648], [0.020026551959925323, 0.020218009101155194, -0.020977537993840924], [-0.018206252677648648, -0.020977537993840924, 0.025118651329012993]], "chi2_level": 0.99, "chi2_df": 3, "chi2_threshold": 11.344866730144373, "N_raw": 80, "N_roi": 80, "N_inlier": 79, "refit": true}
{"timestamp": "18:45:54.849251", "frame": 82, "mu": [-1.9133600234088046, 1.6668242757813025, 1.1105892637413177], "Sigma": [[0.022241898693169983, 0.017483294345951753, -0.025152438557863924], [0.017483294345951757, 0.017940724841551715, -0.027266563250545793], [-0.025152438557863924, -0.027266563250545793, 0.05592714094803432]], "chi2_level": 0.99, "chi2_df": 3, "chi2_threshold": 11.344866730144373, "N_raw": 67, "N_roi": 67, "N_inlier": 65, "refit": true}
{"timestamp": "18:45:54.905213", "frame": 83, "mu": [-1.9142691781351626, 1.6486449170655815, 1.0285531327392834], "Sigma": [[0.029051854416954678, 0.015962466170686234, -0.026720002746555865], [0.015962466170686234, 0.01039743934655962, -0.018548423578339263], [-0.026720002746555865, -0.018548423578339263, 0.045524688143033315]], "chi2_level": 0.99, "chi2_df": 3, "chi2_threshold": 11.344866730144373, "N_raw": 75, "N_roi": 75, "N_inlier": 73, "refit": true}
{"timestamp": "18:45:54.953734", "frame": 84, "mu": [-1.9861076031845166, 1.4808554647791392, 1.3342729988263575], "Sigma": [[0.018570567900133186, 0.01381486184184404, -0.020954579119566382], [0.01381486184184404, 0.016338854510358533, -0.023718003708777496], [-0.020954579119566382, -0.023718003708777496, 0.04663267897843358]], "chi2_level": 0.99, "chi2_df": 3, "chi2_threshold": 11.344866730144373, "N_raw": 33, "N_roi": 33, "N_inlier": 33, "refit": true}
{"timestamp": "18:45:55.007601", "frame": 85, "mu": [-1.9653838618219495, 1.6317597135098336, -0.48631160572971893], "Sigma": [[0.018726632747655517, 0.01658825291340632, -0.005620554125089976], [0.01658825291340632, 0.025790858231521045, -0.015618051413147507], [-0.005620554125089976, -0.015618051413147507, 0.015568882116983563]], "chi2_level": 0.99, "chi2_df": 3, "chi2_threshold": 11.344866730144373, "N_raw": 28, "N_roi": 28, "N_inlier": 28, "refit": true}
{"timestamp": "18:45:55.069502", "frame": 86, "mu": [-1.9062784649701516, 1.4899169794633058, 1.0563536712536625], "Sigma": [[0.017976518623701115, 0.012180900338606275, -0.01806888980767378], [0.012180900338606275, 0.012637761867578368, -0.019641859328280026], [-0.01806888980767378, -0.019641859328280026, 0.050238532396569974]], "chi2_level": 0.99, "chi2_df": 3, "chi2_threshold": 11.344866730144373, "N_raw": 78, "N_roi": 78, "N_inlier": 78, "refit": true}
{"timestamp": "18:45:55.120612", "frame": 87, "mu": [-1.9423263649940576, 1.4988170958729305, -0.5732055839357573], "Sigma": [[0.020344416233501708, 0.01959846682157553, -0.006470754732035899], [0.01959846682157553, 0.02190379303393397, -0.01543056518569664], [-0.006470754732035899, -0.01543056518569664, 0.04562445951695526]], "chi2_level": 0.99, "chi2_df": 3, "chi2_threshold": 11.344866730144373, "N_raw": 40, "N_roi": 40, "N_inlier": 39, "refit": true}
{"timestamp": "18:45:55.176639", "frame": 88, "mu": [-1.8598432302665753, 1.2938225481656098, 0.8615977442312196], "Sigma": [[0.019671438554394457, 0.017328053714811366, -0.011204956775409477], [0.01732805371481137, 0.023942061299855148, -0.006926494536885443], [-0.011204956775409477, -0.006926494536885442, 0.03066795929304689]], "chi2_level": 0.99, "chi2_df": 3, "chi2_threshold": 11.344866730144373, "N_raw": 55, "N_roi": 55, "N_inlier": 54, "refit": true}
{"timestamp": "18:45:55.232627", "frame": 89, "mu": [-1.7984416343659897, 1.5043714954048504, -0.5288554108321014], "Sigma": [[0.013507518639672504, 0.013829718373134655, -0.0049970279731412146], [0.013829718373134655, 0.01908161432072399, -0.008535544007249964], [-0.0049970279731412146, -0.008535544007249964, 0.005457287080854704]], "chi2_level": 0.99, "chi2_df": 3, "chi2_threshold": 11.344866730144373, "N_raw": 53, "N_roi": 53, "N_inlier": 50, "refit": true}
{"timestamp": "18:45:55.283132", "frame": 90, "mu": [-1.8059791623868693, 1.4243649740976196, -0.41654015415076284], "Sigma": [[0.011274994893560424, 0.01094842147731637, -0.005378751050217624], [0.01094842147731637, 0.017529274866708616, -0.01094010118071411], [-0.005378751050217624, -0.01094010118071411, 0.009507977761030977]], "chi2_level": 0.99, "chi2_df": 3, "chi2_threshold": 11.344866730144373, "N_raw": 36, "N_roi": 36, "N_inlier": 35, "refit": true}
{"timestamp": "18:45:55.342787", "frame": 91, "mu": [-1.71843101876083, 1.464571611505224, -0.49807755882698296], "Sigma": [[0.014711140590546614, 0.011351518624514941, -0.007064312262510106], [0.011351518624514941, 0.014847447512087412, -0.00942615308276501], [-0.007064312262510106, -0.009426153082765011, 0.008107174029149315]], "chi2_level": 0.99, "chi2_df": 3, "chi2_threshold": 11.344866730144373, "N_raw": 63, "N_roi": 63, "N_inlier": 61, "refit": true}
{"timestamp": "18:45:55.398792", "frame": 92, "mu": [-1.8386553197327085, 1.2447681328705238, -0.8995079486071101], "Sigma": [[0.013917655421706893, 0.016564190626944593, 0.006896878028085897], [0.016564190626944593, 0.032186075957289687, 0.009954125013532645], [0.006896878028085897, 0.009954125013532645, 0.020057470210601537]], "chi2_level": 0.99, "chi2_df": 3, "chi2_threshold": 11.344866730144373, "N_raw": 71, "N_roi": 71, "N_inlier": 71, "refit": true}
{"timestamp": "18:45:55.458930", "frame": 93, "mu": [-1.7826448003306736, 1.1326801096530321, 1.12347749689499], "Sigma": [[0.013037394405372082, 0.00956918221132459, -0.002962412181833037], [0.00956918221132459, 0.01634429737312412, -0.0157149834262627], [-0.0029624121818330367, -0.0157149834262627, 0.028260027388550074]], "chi2_level": 0.99, "chi2_df": 3, "chi2_threshold": 11.344866730144373, "N_raw": 104, "N_roi": 104, "N_inlier": 104, "refit": true}
{"timestamp": "18:45:55.519346", "frame": 94, "mu": [-1.8021462707569165, 1.2242100470600612, -0.5587659394332587], "Sigma": [[0.017330835482883295, 0.010947362695228132, 0.005913203423957246], [0.010947362695228132, 0.02155149620117546, -0.010878532449108625], [0.005913203423957247, -0.010878532449108625, 0.020973274362410612]], "chi2_level": 0.99, "chi2_df": 3, "chi2_threshold": 11.344866730144373, "N_raw": 110, "N_roi": 110, "N_inlier": 110, "refit": true}
{"timestamp": "18:45:55.573551", "frame": 95, "mu": [-1.760210519377775, 1.195387558236247, -0.6495745333220162], "Sigma": [[0.015680278625736396, 0.01578278390882018, 0.01032583133131133], [0.01578278390882018, 0.047588834002355807, 0.0016420160365600764], [0.01032583133131133, 0.0016420160365600762, 0.02226191670139506]], "chi2_level": 0.99, "chi2_df": 3, "chi2_threshold": 11.344866730144373, "N_raw": 124, "N_roi": 124, "N_inlier": 123, "refit": true}
{"timestamp": "18:45:55.621296", "frame": 96, "mu": [-1.69757392770091, 1.0921328120241214, -0.8420749775582681], "Sigma": [[0.012780564650584516, 0.00924803617816963, -0.005803363668927846], [0.00924803617816963, 0.018220033856178867, -0.008297511168481826], [-0.005803363668927847, -0.008297511168481826, 0.015404624614186168]], "chi2_level": 0.99, "chi2_df": 3, "chi2_threshold": 11.344866730144373, "N_raw": 87, "N_roi": 87, "N_inlier": 82, "refit": true}
{"timestamp": "18:45:55.681517", "frame": 97, "mu": [-1.7578589105961984, 0.979072070388358, -0.07667190938461595], "Sigma": [[0.01709529063341951, 0.015983531191126006, 0.06426098103419961], [0.015983531191126006, 0.025251894010562152, 0.10076804426754385], [0.06426098103419961, 0.10076804426754385, 0.8373945309686126]], "chi2_level": 0.99, "chi2_df": 3, "chi2_threshold": 11.344866730144373, "N_raw": 113, "N_roi": 113, "N_inlier": 113, "refit": true}
{"timestamp": "18:45:55.736460", "frame": 98, "mu": [-1.7490866390331703, 1.111703649940886, -0.5948672420455977], "Sigma": [[0.015084036802461629, 0.011112742592413752, 0.00890179196457468], [0.011112742592413752, 0.0223555773533866, -0.0071553071614854115], [0.00890179196457468, -0.0071553071614854115, 0.029917737713327265]], "chi2_level": 0.99, "chi2_df": 3, "chi2_threshold": 11.344866730144373, "N_raw": 108, "N_roi": 108, "N_inlier": 108, "refit": true}
{"timestamp": "18:45:55.789771", "frame": 99, "mu": [-1.7326739806198206, 0.9207366954554844, 1.0643065157238483], "Sigma": [[0.015550041017060576, 0.013850788090229368, 0.002718580184860547], [0.013850788090229367, 0.019147852717261986, 0.0037582922038659483], [0.002718580184860547, 0.003758292203865948, 0.033943555418165294]], "chi2_level": 0.99, "chi2_df": 3, "chi2_threshold": 11.344866730144373, "N_raw": 102, "N_roi": 102, "N_inlier": 101, "refit": true}
{"timestamp": "18:45:55.965171", "frame": 100, "mu": [-1.6810831257213343, 0.8678317145300317, 1.1467279077247547], "Sigma": [[0.014233701823415679, 0.009789641249695148, 0.0006756513484805649], [0.009789641249695148, 0.014178224176323268, -0.008639826330455755], [0.0006756513484805647, -0.008639826330455756, 0.01739548302005417]], "chi2_level": 0.99, "chi2_df": 3, "chi2_threshold": 11.344866730144373, "N_raw": 97, "N_roi": 97, "N_inlier": 95, "refit": true}
{"timestamp": "18:45:55.995733", "frame": 101, "mu": [-1.6523623260156506, 0.8702737222964192, 1.1898304960720705], "Sigma": [[0.016451958182565913, 0.011011756478201096, 0.0027466563843284286], [0.011011756478201096, 0.017778684499920913, -0.00809047684990123], [0.002746656384328429, -0.00809047684990123, 0.01508768677332342]], "chi2_level": 0.99, "chi2_df": 3, "chi2_threshold": 11.344866730144373, "N_raw": 117, "N_roi": 117, "N_inlier": 112, "refit": true}
{"timestamp": "18:45:56.027034", "frame": 102, "mu": [-1.6314748032573996, 0.7847408671629166, 1.1881019020245296], "Sigma": [[0.007346699660981569, 0.004357164478501256, 0.0059491378901319605], [0.004357164478501256, 0.007264403222952028, 0.003014523788129775], [0.0059491378901319605, 0.0030145237881297744, 0.02860913242398146]], "chi2_level": 0.99, "chi2_df": 3, "chi2_threshold": 11.344866730144373, "N_raw": 62, "N_roi": 62, "N_inlier": 58, "refit": true}
{"timestamp": "18:45:56.059475", "frame": 103, "mu": [-1.608816962380977, 0.8356872348072387, -0.202669672139682], "Sigma": [[0.013462506582523083, 0.009048123433729327, 0.04509158473300589], [0.009048123433729327, 0.023820974135013846, 0.02542585520990903], [0.045091584733005896, 0.02542585520990903, 0.5752705441488973]], "chi2_level": 0.99, "chi2_df": 3, "chi2_threshold": 11.344866730144373, "N_raw": 94, "N_roi": 94, "N_inlier": 94, "refit": true}
{"timestamp": "18:45:56.090253", "frame": 104, "mu": [-1.5803262444031712, 0.8285210652610673, -0.23313115565822817], "Sigma": [[0.013381159826537503, 0.008466734687877276, 0.046896842339474124], [0.008466734687877274, 0.023469689761774958, 0.018754069015483512], [0.04689684233947411, 0.01875406901548351, 0.5057123569832177]], "chi2_level": 0.99, "chi2_df": 3, "chi2_threshold": 11.344866730144373, "N_raw": 89, "N_roi": 89, "N_inlier": 89, "refit": true}
{"timestamp": "18:45:56.121991", "frame": 105, "mu": [-1.564558653439363, 0.7482755314403331, -0.1256861588277226], "Sigma": [[0.013397108526576251, 0.010145318162350234, 0.04724234376043682], [0.010145318162350234, 0.021694423362814436, 0.045761874294053734], [0.04724234376043681, 0.045761874294053734, 0.7045111695933454]], "chi2_level": 0.99, "chi2_df": 3, "chi2_threshold": 11.344866730144373, "N_raw": 104, "N_roi": 104, "N_inlier": 104, "refit": true}
{"timestamp": "18:45:56.172681", "frame": 106, "mu": [-1.5340507165899195, 0.823897937371633, -0.2366276489076428], "Sigma": [[0.012199860213388867, 0.009163227790867015, 0.033406234337156594], [0.009163227790867015, 0.023219248201439155, 0.020874621174504684], [0.033406234337156594, 0.020874621174504684, 0.48408116478690005]], "chi2_level": 0.99, "chi2_df": 3, "chi2_threshold": 11.344866730144373, "N_raw": 92, "N_roi": 92, "N_inlier": 92, "refit": true}
{"timestamp": "18:45:56.227534", "frame": 107, "mu": [-1.5402323404571998, 0.6824618930622015, 1.2069957450952686], "Sigma": [[0.012351467268212407, 0.008919048778112735, 0.0006862899927715997], [0.008919048778112735, 0.016472434440357557, -0.007263313380389193], [0.0006862899927715994, -0.007263313380389193, 0.011070767039130106]], "chi2_level": 0.99, "chi2_df": 3, "chi2_threshold": 11.344866730144373, "N_raw": 92, "N_roi": 92, "N_inlier": 88, "refit": true}
