{"timestamp": "17:54:22.381361", "frame": 12, "mu": [0.123893994089986, 0.25946015516892207, 1.125701714508516], "Sigma": [[1.04819931487349, 0.002421651412536638, 0.17051978809407808], [0.0024216514125366346, 0.010154879898887201, -0.02537588953212877], [0.1705197880940781, -0.02537588953212877, 0.17663138486186455]], "chi2_level": 0.99, "chi2_df": 3, "chi2_threshold": 11.344866730144373, "N_raw": 17, "N_roi": 17, "N_inlier": 17, "refit": true}
{"timestamp": "17:54:22.437767", "frame": 13, "mu": [0.4608531785297045, 0.2627097644021307, 1.3334859060796196], "Sigma": [[0.7923307408232889, 0.03248641968457652, -0.011896252658874458], [0.03248641968457652, 0.005889858809937152, -0.0010389674297079537], [-0.011896252658874455, -0.001038967429707954, 0.0027343460501608563]], "chi2_level": 0.99, "chi2_df": 3, "chi2_threshold": 11.344866730144373, "N_raw": 21, "N_roi": 20, "N_inlier": 18, "refit": true}
{"timestamp": "17:54:22.493122", "frame": 14, "mu": [0.07757515663358025, 0.23212109834935005, 1.1732239799702093], "Sigma": [[1.1463747809790412, 0.03470564187079321, 0.027820035486646823], [0.03470564187079321, 0.003488030847740443, 0.0018485919338529565], [0.02782003548664682, 0.0018485919338529565, 0.02795469679376636]], "chi2_level": 0.99, "chi2_df": 3, "chi2_threshold": 11.344866730144373, "N_raw": 24, "N_roi": 24, "N_inlier": 23, "refit": true}
{"timestamp": "17:54:22.548203", "frame": 15, "mu": [0.5997146436709939, 0.2074228739465346, 1.2784903404007688], "Sigma": [[0.5697079223486067, 0.03328167418190631, -0.002916364635685888], [0.03328167418190631, 0.004519770947834925, -0.0010532321609511462], [-0.002916364635685887, -0.001053232160951146, 0.002715213618091918]], "chi2_level": 0.99, "chi2_df": 3, "chi2_threshold": 11.344866730144373, "N_raw": 23, "N_roi": 23, "N_inlier": 21, "refit": true}
{"timestamp": "17:54:22.605077", "frame": 16, "mu": [0.4530202763669725, 0.20890800151160785, 1.3227604293154587], "Sigma": [[0.6540474102116577, 0.011587078647447367, -0.048572732334408314], [0.011587078647447367, 0.0035087464589972943, 0.00017416219793316417], [-0.048572732334408314, 0.00017416219793316417, 0.010658520957325257]], "chi2_level": 0.99, "chi2_df": 3, "chi2_threshold": 11.344866730144373, "N_raw": 31, "N_roi": 31, "N_inlier": 29, "refit": true}
{"timestamp": "17:54:22.662134", "frame": 17, "mu": [-0.47489098165854443, 0.38096392297065546, -0.4578207354632391], "Sigma": [[0.6960980065226982, -0.010102336928172594, 0.01689356033477847], [-0.010102336928172594, 0.0026408994447773004, -0.0019676218356784745], [0.016893560334778474, -0.0019676218356784745, 0.005049021987427353]], "chi2_level": 0.99, "chi2_df": 3, "chi2_threshold": 11.344866730144373, "N_raw": 59, "N_roi": 59, "N_inlier": 59, "refit": true}
{"timestamp": "17:54:22.718021", "frame": 18, "mu": [-0.6703619594729088, 0.2932639458009007, 1.44840081474239], "Sigma": [[0.4434495325824267, -0.017071016902856846, -0.021123594047613832], [-0.017071016902856846, 0.004004482016680824, 0.0021564981464724598], [-0.021123594047613832, 0.0021564981464724598, 0.010117664015758988]], "chi2_level": 0.99, "chi2_df": 3, "chi2_threshold": 11.344866730144373, "N_raw": 63, "N_roi": 63, "N_inlier": 58, "refit": true}
{"timestamp": "17:54:22.772867", "frame": 19, "mu": [-0.5643659917475186, 0.29606190934683846, 1.4084677189191912], "Sigma": [[0.580525823891631, -0.009224062624617103, -0.00673194015592395], [-0.009224062624617101, 0.009065677089074346, -0.007033716321389698], [-0.0067319401559239505, -0.0070337163213896985, 0.024853933449914017]], "chi2_level": 0.99, "chi2_df": 3, "chi2_threshold": 11.344866730144373, "N_raw": 59, "N_roi": 59, "N_inlier": 55, "refit": true}
{"timestamp": "17:54:22.826217", "frame": 20, "mu": [-0.8742407433046225, 0.400985289669157, 1.4888743682297103], "Sigma": [[0.005249460823616021, 0.005132704654580454, -0.005835104025075214], [0.005132704654580454, 0.009321794738977934, -0.014882787469554197], [-0.005835104025075214, -0.014882787469554199, 0.03131036376182971]], "chi2_level": 0.99, "chi2_df": 3, "chi2_threshold": 11.344866730144373, "N_raw": 47, "N_roi": 47, "N_inlier": 43, "refit": true}
{"timestamp": "17:54:22.885886", "frame": 21, "mu": [-0.8313945720121014, 0.6034186815644849, -0.31747060213767503], "Sigma": [[0.008685581963085226, 0.0038062082225209983, 0.005518753746533472], [0.0038062082225209983, 0.006064362260247835, 0.004356950351243087], [0.005518753746533472, 0.004356950351243087, 0.037063358415245995]], "chi2_level": 0.99, "chi2_df": 3, "chi2_threshold": 11.344866730144373, "N_raw": 80, "N_roi": 80, "N_inlier": 76, "refit": true}
{"timestamp": "17:54:22.939630", "frame": 22, "mu": [-0.7732989708239932, 0.5800999164776691, 1.5254858839945218], "Sigma": [[0.007340449587773404, 0.003868422771281784, -0.0048879125550639595], [0.003868422771281783, 0.0045860884990445725, -0.005710004514303974], [-0.0048879125550639595, -0.005710004514303974, 0.010949373771237527]], "chi2_level": 0.99, "chi2_df": 3, "chi2_threshold": 11.344866730144373, "N_raw": 77, "N_roi": 77, "N_inlier": 73, "refit": true}
{"timestamp": "17:54:22.992925", "frame": 23, "mu": [-0.8065610666977107, 0.6232006879504678, 1.5441476985473042], "Sigma": [[0.01727758707142455, 0.006902406455338678, -0.017246291858912206], [0.006902406455338678, 0.004148302785084087, -0.007546703095677812], [-0.017246291858912206, -0.007546703095677812, 0.02998826239844548]], "chi2_level": 0.99, "chi2_df": 3, "chi2_threshold": 11.344866730144373, "N_raw": 39, "N_roi": 39, "N_inlier": 36, "refit": true}
{"timestamp": "17:54:23.047881", "frame": 24, "mu": [-0.7493832482913411, 0.6434389596366374, 1.5130305427972452], "Sigma": [[0.036116027503785834, 0.015527817435778118, -0.03832356045400956], [0.015527817435778118, 0.007694510872633485, -0.01852517205241226], [-0.03832356045400956, -0.01852517205241226, 0.04929761953280074]], "chi2_level": 0.99, "chi2_df": 3, "chi2_threshold": 11.344866730144373, "N_raw": 36, "N_roi": 36, "N_inlier": 34, "refit": true}
{"timestamp": "17:54:23.108265", "frame": 25, "mu": [-0.5118556149879658, 0.9214434111200538, -0.4327238566479662], "Sigma": [[0.002524330681626454, -0.0007532848395755612, -0.0004545543559735997], [-0.0007532848395755613, 0.0036281135371434995, -0.004924368545091792], [-0.0004545543559735997, -0.004924368545091792, 0.01232397534406741]], "chi2_level": 0.99, "chi2_df": 3, "chi2_threshold": 11.344866730144373, "N_raw": 79, "N_roi": 77, "N_inlier": 73, "refit": true}
{"timestamp": "17:54:23.162765", "frame": 26, "mu": [-0.5212591005180728, 0.8691641884557716, 1.478417918114198], "Sigma": [[0.004554162021288776, -0.0007944195418549177, -0.0016612064800946712], [-0.0007944195418549177, 0.0024865525702358433, -0.002148510875528949], [-0.0016612064800946712, -0.002148510875528949, 0.0038497792624225804]], "chi2_level": 0.99, "chi2_df": 3, "chi2_threshold": 11.344866730144373, "N_raw": 73, "N_roi": 73, "N_inlier": 69, "refit": true}
{"timestamp": "17:54:23.213205", "frame": 27, "mu": [-0.3969422274462852, 0.9113914907576152, 1.4438513279403442], "Sigma": [[0.0019518549073556121, 2.4116596159545162e-05, -0.001550203330435633], [2.4116596159545162e-05, 0.0017374870500261343, -0.0017086022784311209], [-0.001550203330435633, -0.0017086022784311209, 0.009533488363617932]], "chi2_level": 0.99, "chi2_df": 3, "chi2_threshold": 11.344866730144373, "N_raw": 45, "N_roi": 44, "N_inlier": 40, "refit": true}
{"timestamp": "17:54:23.270092", "frame": 28, "mu": [-0.33837169756153535, 0.9904833361456125, 1.4432868606949143], "Sigma": [[0.0032940997867951564, -0.0013195644326538154, -0.003823654853893345], [-0.0013195644326538156, 0.002865881910488896, 0.0008061242978806651], [-0.003823654853893344, 0.0008061242978806651, 0.013791951441619611]], "chi2_level": 0.99, "chi2_df": 3, "chi2_threshold": 11.344866730144373, "N_raw": 64, "N_roi": 64, "N_inlier": 61, "refit": true}
{"timestamp": "17:54:23.327487", "frame": 29, "mu": [-0.3465948066856646, 1.029795615328557, 1.2114734799862663], "Sigma": [[0.00489052223594386, -0.003259755913880815, -0.003897812821779917], [-0.003259755913880815, 0.0031071574104546106, 0.0031066493508980207], [-0.003897812821779917, 0.0031066493508980207, 0.026516706139369454]], "chi2_level": 0.99, "chi2_df": 3, "chi2_threshold": 11.344866730144373, "N_raw": 76, "N_roi": 76, "N_inlier": 73, "refit": true}
{"timestamp": "17:54:23.382066", "frame": 30, "mu": [-0.19060461531519332, 0.9548433410344499, 1.1688151960970532], "Sigma": [[0.0026516218067055347, -0.0016092773450857656, 0.0001269790601860265], [-0.0016092773450857656, 0.006750403592658897, -0.008886397423047797], [0.00012697906018602635, -0.008886397423047797, 0.022795560581148892]], "chi2_level": 0.99, "chi2_df": 3, "chi2_threshold": 11.344866730144373, "N_raw": 70, "N_roi": 70, "N_inlier": 65, "refit": true}
{"timestamp": "17:54:23.438104", "frame": 31, "mu": [-0.17773564081855334, 1.1238186665474597, 1.1791948060453312], "Sigma": [[0.005000940459574389, -0.003011670961648184, 0.0008871897281901738], [-0.0030116709616481835, 0.004414322066945359, 0.0016218305116917284], [0.0008871897281901739, 0.0016218305116917284, 0.01872638737427121]], "chi2_level": 0.99, "chi2_df": 3, "chi2_threshold": 11.344866730144373, "N_raw": 82, "N_roi": 82, "N_inlier": 78, "refit": true}
{"timestamp": "17:54:23.495485", "frame": 32, "mu": [-0.1332261581467157, 1.239142549881237, 1.3862759253595627], "Sigma": [[0.004706151415349199, -0.001615075340934637, -0.00525879378779382], [-0.001615075340934637, 0.0034010752266715617, -0.0025398517722666544], [-0.005258793787793821, -0.002539851772266655, 0.020477399032658012]], "chi2_level": 0.99, "chi2_df": 3, "chi2_threshold": 11.344866730144373, "N_raw": 90, "N_roi": 89, "N_inlier": 87, "refit": true}
{"timestamp": "17:54:23.555400", "frame": 33, "mu": [-0.11112208970118678, 1.195455158613574, 0.8563442264705222], "Sigma": [[0.020353467164495515, -0.009288235509315294, 0.0319117656119567], [-0.00928823550931529, 0.007803547654368108, -0.012960805845492876], [0.0319117656119567, -0.012960805845492876, 0.08049104408670951]], "chi2_level": 0.99, "chi2_df": 3, "chi2_threshold": 11.344866730144373, "N_raw": 122, "N_roi": 122, "N_inlier": 119, "refit": true}
{"timestamp": "17:54:23.609350", "frame": 34, "mu": [-0.09372215279207492, 1.2879105493558116, 0.8163459754800065], "Sigma": [[0.02781341681691127, -0.006597644130903628, 0.05673415826385364], [-0.006597644130903628, 0.004496353969412834, -0.013403147959089761], [0.05673415826385364, -0.013403147959089761, 0.15877467201215764]], "chi2_level": 0.99, "chi2_df": 3, "chi2_threshold": 11.344866730144373, "N_raw": 120, "N_roi": 120, "N_inlier": 117, "refit": true}
{"timestamp": "17:54:23.667605", "frame": 35, "mu": [-0.007647925251163812, 1.3938527291320142, 0.9651872682772926], "Sigma": [[0.018552287321311037, -0.010806116064593889, 0.03617172814990753], [-0.010806116064593887, 0.013849913977290212, -0.011985915966176566], [0.03617172814990753, -0.011985915966176566, 0.24682379456276585]], "chi2_level": 0.99, "chi2_df": 3, "chi2_threshold": 11.344866730144373, "N_raw": 136, "N_roi": 136, "N_inlier": 134, "refit": true}
{"timestamp": "17:54:23.706193", "frame": 36, "mu": [0.04003222398811942, 1.454394557617041, 0.7369784640746948], "Sigma": [[0.013629841282015612, -0.01137624195921454, 0.03375559785958962], [-0.01137624195921454, 0.012668704378758089, -0.020612628992335555], [0.03375559785958962, -0.020612628992335555, 0.26569238104132564]], "chi2_level": 0.99, "chi2_df": 3, "chi2_threshold": 11.344866730144373, "N_raw": 23, "N_roi": 23, "N_inlier": 23, "refit": true}
{"timestamp": "17:54:23.766520", "frame": 37, "mu": [0.14833062229537325, 1.4204301482191493, 1.1394384902410837], "Sigma": [[0.003541521486273374, -0.00017755411422561867, 0.0005396706679510889], [-0.0001775541142256187, 0.0024396131694986133, 0.00357739120579073], [0.0005396706679510889, 0.00357739120579073, 0.054936406888096846]], "chi2_level": 0.99, "chi2_df": 3, "chi2_threshold": 11.344866730144373, "N_raw": 74, "N_roi": 74, "N_inlier": 70, "refit": true}
{"timestamp": "17:54:23.820605", "frame": 38, "mu": [0.19945705655567164, 1.6887083018010884, -0.3233569910090572], "Sigma": [[0.0034409220531364413, -0.0006290151119847807, -0.009622134108789142], [-0.0006290151119847807, 0.003626570689463541, -0.0091466084384223], [-0.009622134108789142, -0.0091466084384223, 0.1257640353473465]], "chi2_level": 0.99, "chi2_df": 3, "chi2_threshold": 11.344866730144373, "N_raw": 61, "N_roi": 61, "N_inlier": 57, "refit": true}
{"timestamp": "17:54:23.874889", "frame": 39, "mu": [0.24254789927907097, 1.600865848532087, 1.2894451000095133], "Sigma": [[0.003056231586937492, -0.0019320334407388273, -0.00407711664002704], [-0.0019320334407388275, 0.0072419695280623204, 0.01555716613990855], [-0.00407711664002704, 0.015557166139908549, 0.08430476572877077]], "chi2_level": 0.99, "chi2_df": 3, "chi2_threshold": 11.344866730144373, "N_raw": 63, "N_roi": 63, "N_inlier": 59, "refit": true}
{"timestamp": "17:54:23.932292", "frame": 40, "mu": [0.23226711438012673, 1.630243532637893, 0.9782126902543126], "Sigma": [[0.010872370638046304, 0.005733575705358186, 0.03205372044555921], [0.005733575705358186, 0.008418667715012082, 0.03197107114661937], [0.03205372044555921, 0.03197107114661937, 0.18738740813087454]], "chi2_level": 0.99, "chi2_df": 3, "chi2_threshold": 11.344866730144373, "N_raw": 76, "N_roi": 76, "N_inlier": 73, "refit": true}
{"timestamp": "17:54:23.990394", "frame": 41, "mu": [0.295907234938336, 1.705248291491789, 1.0065818706534224], "Sigma": [[0.01169373800643812, 0.00597029616005083, 0.032253962901780474], [0.00597029616005083, 0.00886695861880781, 0.030164285082085476], [0.032253962901780474, 0.030164285082085476, 0.18679537906927937]], "chi2_level": 0.99, "chi2_df": 3, "chi2_threshold": 11.344866730144373, "N_raw": 97, "N_roi": 97, "N_inlier": 94, "refit": true}
{"timestamp": "17:54:24.043103", "frame": 42, "mu": [0.431338195378822, 1.8156162476093294, 1.2183270186986401], "Sigma": [[0.005270286012713082, -0.0008659586110845972, -0.005650271747410167], [-0.0008659586110845971, 0.003405035182540068, -0.0018919333553745188], [-0.005650271747410167, -0.001891933355374519, 0.0312077253983066]], "chi2_level": 0.99, "chi2_df": 3, "chi2_threshold": 11.344866730144373, "N_raw": 74, "N_roi": 74, "N_inlier": 71, "refit": true}
{"timestamp": "17:54:24.096056", "frame": 43, "mu": [0.4657876622229853, 1.9079702739642983, 1.2710684682769964], "Sigma": [[0.004727427920912537, -0.0012618228804188018, -0.006880073796258521], [-0.001261822880418802, 0.0033999704940061255, 0.0021762804054290177], [-0.006880073796258521, 0.0021762804054290177, 0.05154100513311345]], "chi2_level": 0.99, "chi2_df": 3, "chi2_threshold": 11.344866730144373, "N_raw": 66, "N_roi": 65, "N_inlier": 61, "refit": true}
{"timestamp": "17:54:24.151028", "frame": 44, "mu": [0.5010913041486825, 1.9316657689424046, 1.2038397934528662], "Sigma": [[0.005746535236440549, -0.00221090026934601, -0.003992861985742782], [-0.00221090026934601, 0.0025767864733624584, 0.0012735852226949068], [-0.003992861985742783, 0.0012735852226949068, 0.0561507769159765]], "chi2_level": 0.99, "chi2_df": 3, "chi2_threshold": 11.344866730144373, "N_raw": 70, "N_roi": 70, "N_inlier": 67, "refit": true}
{"timestamp": "17:54:24.203561", "frame": 45, "mu": [0.6066801366250142, 2.227110369858461, -0.8930661926892199], "Sigma": [[0.009108023449439579, 0.0019593382860640385, -0.036051147997346544], [0.0019593382860640385, 0.007041272979642543, -0.03856557041692881], [-0.036051147997346544, -0.03856557041692881, 0.3606130747901393]], "chi2_level": 0.99, "chi2_df": 3, "chi2_threshold": 11.344866730144373, "N_raw": 48, "N_roi": 48, "N_inlier": 46, "refit": true}
{"timestamp": "17:54:24.258109", "frame": 46, "mu": [0.6677337373463658, 2.000881843632099, 1.0630298395429953], "Sigma": [[0.004927055493638641, -0.0022481229718305865, -0.006396039022019555], [-0.0022481229718305865, 0.007287962481741009, 0.03206413745416169], [-0.006396039022019554, 0.03206413745416169, 0.2490242513813667]], "chi2_level": 0.99, "chi2_df": 3, "chi2_threshold": 11.344866730144373, "N_raw": 43, "N_roi": 43, "N_inlier": 42, "refit": true}
{"timestamp": "17:54:24.312115", "frame": 47, "mu": [0.6833557470628854, 2.184130302470356, -0.6476500588455117], "Sigma": [[0.005908984579714718, 0.0038067994801206304, 0.013701134314545062], [0.0038067994801206304, 0.012354256959625587, -0.012820359841533392], [0.013701134314545064, -0.012820359841533388, 0.22701679074243267]], "chi2_level": 0.99, "chi2_df": 3, "chi2_threshold": 11.344866730144373, "N_raw": 37, "N_roi": 37, "N_inlier": 34, "refit": true}
{"timestamp": "17:54:24.366151", "frame": 48, "mu": [0.7128560440944959, 2.0982772248926356, 0.7965540152075554], "Sigma": [[0.00793352672871364, -0.0001302370401597269, 0.022646497174929628], [-0.00013023704015972681, 0.0021058566651755775, 0.0015337681059720675], [0.022646497174929624, 0.0015337681059720673, 0.10700226688298312]], "chi2_level": 0.99, "chi2_df": 3, "chi2_threshold": 11.344866730144373, "N_raw": 40, "N_roi": 40, "N_inlier": 37, "refit": true}
{"timestamp": "17:54:24.425813", "frame": 49, "mu": [0.6941439279420255, 2.1966281036443043, 0.9332730123683126], "Sigma": [[0.014161542585221525, -0.005487847215158038, 0.03224880810264383], [-0.005487847215158037, 0.0036160267520800845, -0.013823967684691503], [0.03224880810264383, -0.013823967684691503, 0.1320873920727937]], "chi2_level": 0.99, "chi2_df": 3, "chi2_threshold": 11.344866730144373, "N_raw": 64, "N_roi": 64, "N_inlier": 61, "refit": true}
{"timestamp": "17:54:24.477057", "frame": 50, "mu": [0.7411782245744124, 2.072016734662308, 0.6166956065571343], "Sigma": [[0.02167222365147693, 0.007186838508371234, 0.06371977418627155], [0.007186838508371233, 0.21837137506039345, 0.23759913372191224], [0.06371977418627155, 0.23759913372191224, 0.44004848734236857]], "chi2_level": 0.99, "chi2_df": 3, "chi2_threshold": 11.344866730144373, "N_raw": 38, "N_roi": 38, "N_inlier": 36, "refit": true}
{"timestamp": "17:54:24.531142", "frame": 51, "mu": [0.9637200517883465, 2.3192892351421404, 1.29058960260967], "Sigma": [[0.011187378019236303, -0.008332727370246495, 0.019600324289781354], [-0.008332727370246495, 0.03319607175544786, -0.007394185583486299], [0.019600324289781354, -0.007394185583486299, 0.0776061558024345]], "chi2_level": 0.99, "chi2_df": 3, "chi2_threshold": 11.344866730144373, "N_raw": 29, "N_roi": 29, "N_inlier": 27, "refit": true}
{"timestamp": "17:54:24.587411", "frame": 52, "mu": [0.9080005471089765, 2.381103115233951, 1.0157140952366694], "Sigma": [[0.02842750286095006, -0.010418275099573692, 0.052813107708390025], [-0.010418275099573694, 0.005565148366092184, -0.01861551390895072], [0.052813107708390025, -0.01861551390895072, 0.2467788492196519]], "chi2_level": 0.99, "chi2_df": 3, "chi2_threshold": 11.344866730144373, "N_raw": 44, "N_roi": 44, "N_inlier": 42, "refit": true}
{"timestamp": "17:54:24.642437", "frame": 53, "mu": [1.0771169408987227, 2.4998839569795455, -0.0051867566061970585], "Sigma": [[0.010451039860339777, -0.002398384170673698, -0.004529419088229273], [-0.002398384170673698, 0.004101402436456489, -0.00015428451974890882], [-0.0045294190882292735, -0.0001542845197489087, 0.006498193403006644]], "chi2_level": 0.99, "chi2_df": 3, "chi2_threshold": 11.344866730144373, "N_raw": 45, "N_roi": 45, "N_inlier": 41, "refit": true}
{"timestamp": "17:54:24.700450", "frame": 54, "mu": [1.1233663626002257, 2.48357892098971, 1.2391504961947881], "Sigma": [[0.019475884789463296, -0.008905832360757142, 0.011491836473779498], [-0.008905832360757142, 0.009441696851020209, -0.014192235426326794], [0.011491836473779497, -0.014192235426326794, 0.05080982144194356]], "chi2_level": 0.99, "chi2_df": 3, "chi2_threshold": 11.344866730144373, "N_raw": 64, "N_roi": 64, "N_inlier": 61, "refit": true}
{"timestamp": "17:54:24.753813", "frame": 55, "mu": [1.166134808178178, 2.5708380086412963, 1.1527145670973102], "Sigma": [[0.011049435142695683, -0.006135515962832093, 0.005948105576859088], [-0.006135515962832094, 0.006937627320401394, -0.013298903751752907], [0.005948105576859088, -0.013298903751752907, 0.041791743422286864]], "chi2_level": 0.99, "chi2_df": 3, "chi2_threshold": 11.344866730144373, "N_raw": 52, "N_roi": 52, "N_inlier": 49, "refit": true}
{"timestamp": "17:54:24.805762", "frame": 56, "mu": [1.230318778395117, 2.7276812674367363, -0.01216302526583429], "Sigma": [[0.009715418580417507, -0.006298726537363814, 0.005077543508212793], [-0.006298726537363813, 0.017204664398293212, -0.026848141554721254], [0.005077543508212793, -0.02684814155472125, 0.05399652694199119]], "chi2_level": 0.99, "chi2_df": 3, "chi2_threshold": 11.344866730144373, "N_raw": 37, "N_roi": 37, "N_inlier": 35, "refit": true}
{"timestamp": "17:54:24.864703", "frame": 57, "mu": [1.2737331927028344, 2.779489065362669, -0.46141615204836933], "Sigma": [[0.01022374018388864, -0.002822157331389381, -0.009851352973893012], [-0.002822157331389381, 0.00568890628515008, -0.01992613285068013], [-0.009851352973893012, -0.01992613285068013, 0.168999139420648]], "chi2_level": 0.99, "chi2_df": 3, "chi2_threshold": 11.344866730144373, "N_raw": 62, "N_roi": 61, "N_inlier": 61, "refit": true}
{"timestamp": "17:54:24.913390", "frame": 58, "mu": [1.2879892407636246, 2.830531926363549, -0.30963825001485695], "Sigma": [[0.004796851643318601, -0.0018917134941156424, -0.004059237958517795], [-0.0018917134941156424, 0.0021949913991722286, -0.0012809527256938554], [-0.004059237958517795, -0.0012809527256938554, 0.011248275264332015]], "chi2_level": 0.99, "chi2_df": 3, "chi2_threshold": 11.344866730144373, "N_raw": 19, "N_roi": 19, "N_inlier": 17, "refit": true}
{"timestamp": "17:54:24.968456", "frame": 59, "mu": [1.2655483537369923, 2.5917501055719177, 0.4710733790592339], "Sigma": [[0.004541603673254694, -0.0019749224953419732, 0.002462718759826052], [-0.001974922495341973, 0.007430278113558803, 0.023729058817585552], [0.002462718759826051, 0.023729058817585552, 0.12987426902818988]], "chi2_level": 0.99, "chi2_df": 3, "chi2_threshold": 11.344866730144373, "N_raw": 21, "N_roi": 20, "N_inlier": 20, "refit": true}
{"timestamp": "17:54:25.024680", "frame": 60, "mu": [1.2904508667240335, 2.783616525976666, 0.9314775936055728], "Sigma": [[0.007549434561354917, 0.001263741762990573, 0.013290632213172355], [0.001263741762990573, 0.009385814416009533, 0.032928236208014494], [0.013290632213172355, 0.032928236208014494, 0.14054870011664586]], "chi2_level": 0.99, "chi2_df": 3, "chi2_threshold": 11.344866730144373, "N_raw": 26, "N_roi": 26, "N_inlier": 25, "refit": true}
{"timestamp": "17:54:25.077655", "frame": 61, "mu": [1.3348170653835763, 2.692674254371034, 0.4092512576205142], "Sigma": [[0.0029972053016943715, 0.0015641141843502494, 0.009728194220260663], [0.0015641141843502492, 0.007218705495685758, 0.0318104668316784], [0.009728194220260661, 0.0318104668316784, 0.16974110453156258]], "chi2_level": 0.99, "chi2_df": 3, "chi2_threshold": 11.344866730144373, "N_raw": 14, "N_roi": 14, "N_inlier": 14, "refit": true}
{"timestamp": "17:54:25.132956", "frame": 62, "mu": [1.45233715328867, 2.978382681458856, 1.3296396049110466], "Sigma": [[0.006239977251257438, -0.0034028012616817505, -0.0011053930193222106], [-0.0034028012616817505, 0.0032099562013466637, -0.001237717021977023], [-0.0011053930193222106, -0.0012377170219770232, 0.00516553547025605]], "chi2_level": 0.99, "chi2_df": 3, "chi2_threshold": 11.344866730144373, "N_raw": 22, "N_roi": 19, "N_inlier": 18, "refit": true}
{"timestamp": "17:54:25.242411", "frame": 64, "mu": [1.533569175676345, 3.089093400806073, 1.425081597670939], "Sigma": [[0.004437157985803803, -0.0006443390071172373, -0.002288768989111294], [-0.0006443390071172372, 0.002832281219098424, -0.0004139079292398314], [-0.0022887689891112934, -0.0004139079292398315, 0.0032352110319717907]], "chi2_level": 0.99, "chi2_df": 3, "chi2_threshold": 11.344866730144373, "N_raw": 16, "N_roi": 14, "N_inlier": 13, "refit": true}
{"timestamp": "17:54:25.300406", "frame": 65, "mu": [1.5795005716630057, 3.1730072325177634, 1.3583612537769485], "Sigma": [[0.011657216854796022, -0.006285407702524741, -0.009245677373799329], [-0.006285407702524741, 0.006033575514157611, 0.0021448261531987305], [-0.009245677373799329, 0.0021448261531987305, 0.014196459021684616]], "chi2_level": 0.99, "chi2_df": 3, "chi2_threshold": 11.344866730144373, "N_raw": 32, "N_roi": 32, "N_inlier": 32, "refit": true}
{"timestamp": "17:54:25.408385", "frame": 67, "mu": [1.700318433813737, 3.233510102509765, 0.8095915231619889], "Sigma": [[0.006667406133504804, -0.003053701536712035, -0.002217130101567745], [-0.003053701536712035, 0.0015270789117617686, -0.0009374583645623169], [-0.002217130101567745, -0.0009374583645623169, 0.04273329289030019]], "chi2_level": 0.99, "chi2_df": 3, "chi2_threshold": 11.344866730144373, "N_raw": 22, "N_roi": 22, "N_inlier": 21, "refit": true}
{"timestamp": "17:54:25.465604", "frame": 68, "mu": [1.705895702034346, 3.2450267052165582, 0.8557574841372328], "Sigma": [[0.008554585289896112, -0.00509808113798421, -0.0031046552008728158], [-0.00509808113798421, 0.004061908134569724, 0.008325201634688813], [-0.003104655200872817, 0.008325201634688813, 0.06638092388931201]], "chi2_level": 0.99, "chi2_df": 3, "chi2_threshold": 11.344866730144373, "N_raw": 31, "N_roi": 28, "N_inlier": 27, "refit": true}
{"timestamp": "17:54:25.522295", "frame": 69, "mu": [1.7283353364206522, 3.3845446295397106, -0.8488580637007844], "Sigma": [[0.010861498020114721, 0.0051508521759978335, 0.037460087426139876], [0.0051508521759978335, 0.007596717998671949, 0.037345422856371574], [0.037460087426139876, 0.037345422856371574, 0.34027638685802836]], "chi2_level": 0.99, "chi2_df": 3, "chi2_threshold": 11.344866730144373, "N_raw": 38, "N_roi": 36, "N_inlier": 35, "refit": true}
{"timestamp": "17:54:25.575811", "frame": 70, "mu": [1.7674255511579007, 3.336778209046936, 0.7789436331700984], "Sigma": [[0.009048171370990126, -0.003997382902106148, -0.0016338770390366473], [-0.003997382902106148, 0.001997856423379447, 0.00010040222765792667], [-0.0016338770390366473, 0.00010040222765792667, 0.0495932727939495]], "chi2_level": 0.99, "chi2_df": 3, "chi2_threshold": 11.344866730144373, "N_raw": 32, "N_roi": 27, "N_inlier": 25, "refit": true}
{"timestamp": "17:54:25.629040", "frame": 71, "mu": [1.7875640129497519, 3.410737214661998, 0.9479558519472601], "Sigma": [[0.010299193288246375, -5.7629324143392696e-05, 0.012188315712543595], [-5.762932414339226e-05, 0.009067214634950305, 0.0381582829454835], [0.012188315712543595, 0.0381582829454835, 0.19174339170230756]], "chi2_level": 0.99, "chi2_df": 3, "chi2_threshold": 11.344866730144373, "N_raw": 23, "N_roi": 21, "N_inlier": 20, "refit": true}
{"timestamp": "17:54:25.737631", "frame": 73, "mu": [2.1144822251262325, 3.630108716467731, 1.1249759571381253], "Sigma": [[0.07821154497373733, 0.021207935894446556, -0.08662110166443293], [0.021207935894446556, 0.007031892171333346, -0.022243649369613816], [-0.08662110166443292, -0.022243649369613816, 0.13027188287385602]], "chi2_level": 0.99, "chi2_df": 3, "chi2_threshold": 11.344866730144373, "N_raw": 10, "N_roi": 9, "N_inlier": 9, "refit": true}
{"timestamp": "17:54:25.851626", "frame": 75, "mu": [1.9708226642119036, 3.610058555397028, 1.3051500175124406], "Sigma": [[0.01496231888896983, -0.006937802493084708, -0.006227027613626864], [-0.006937802493084708, 0.00539929419006568, -0.0010731995030638106], [-0.006227027613626864, -0.0010731995030638106, 0.013962662947048487]], "chi2_level": 0.99, "chi2_df": 3, "chi2_threshold": 11.344866730144373, "N_raw": 35, "N_roi": 32, "N_inlier": 32, "refit": true}
{"timestamp": "17:54:25.908787", "frame": 76, "mu": [1.9657523467272937, 3.6648824084969363, 1.4128436347886637], "Sigma": [[0.015893571547289164, -0.00689495183290181, -0.006839501294447535], [-0.00689495183290181, 0.009342806793045316, 0.002362192911319034], [-0.006839501294447535, 0.0023621929113190345, 0.00474223209315934]], "chi2_level": 0.99, "chi2_df": 3, "chi2_threshold": 11.344866730144373, "N_raw": 48, "N_roi": 44, "N_inlier": 42, "refit": true}
{"timestamp": "17:54:25.962923", "frame": 77, "mu": [2.021258589076898, 3.7127550022649545, 1.5089176785933591], "Sigma": [[0.016582786571839817, -0.009200423472890629, -0.003117773274873961], [-0.009200423472890629, 0.011300485667777747, 0.0009005379040238947], [-0.003117773274873961, 0.000900537904023895, 0.003554734594092561]], "chi2_level": 0.99, "chi2_df": 3, "chi2_threshold": 11.344866730144373, "N_raw": 45, "N_roi": 44, "N_inlier": 42, "refit": true}
{"timestamp": "17:54:26.018070", "frame": 78, "mu": [2.057601489905366, 3.757854141805111, 1.4147024678004296], "Sigma": [[0.01799887489381587, -0.00921584815027452, -0.005674612465774425], [-0.00921584815027452, 0.009956535016180447, -0.00017359668927860114], [-0.005674612465774425, -0.00017359668927860135, 0.005518871849727921]], "chi2_level": 0.99, "chi2_df": 3, "chi2_threshold": 11.344866730144373, "N_raw": 46, "N_roi": 44, "N_inlier": 43, "refit": true}
{"timestamp": "17:54:26.070797", "frame": 79, "mu": [2.0327951118112555, 3.8164457059687735, 1.4491538330631986], "Sigma": [[0.0193752624555846, -0.010629080699472892, -0.0074227394698587745], [-0.010629080699472892, 0.009739987533278002, 0.003023412073667722], [-0.007422739469858776, 0.003023412073667722, 0.006127105788107805]], "chi2_level": 0.99, "chi2_df": 3, "chi2_threshold": 11.344866730144373, "N_raw": 38, "N_roi": 38, "N_inlier": 36, "refit": true}
{"timestamp": "17:54:26.126881", "frame": 80, "mu": [2.039529198340757, 3.8541708285795444, 1.4847690505404587], "Sigma": [[0.01786897076835607, -0.005832046756673306, -0.0017489189812424366], [-0.005832046756673306, 0.006780936442547484, -0.0008396209824387856], [-0.0017489189812424368, -0.0008396209824387856, 0.0025923063169610216]], "chi2_level": 0.99, "chi2_df": 3, "chi2_threshold": 11.344866730144373, "N_raw": 42, "N_roi": 41, "N_inlier": 39, "refit": true}
{"timestamp": "17:54:26.181397", "frame": 81, "mu": [2.0680543901050448, 3.909278536787505, 0.5588017313288378], "Sigma": [[0.017756487909133367, -0.004244341139809669, -0.01131400334969053], [-0.004244341139809669, 0.00727129063092401, -0.002571108652713085], [-0.01131400334969053, -0.002571108652713085, 0.014573266591330994]], "chi2_level": 0.99, "chi2_df": 3, "chi2_threshold": 11.344866730144373, "N_raw": 38, "N_roi": 38, "N_inlier": 37, "refit": true}
{"timestamp": "17:54:26.234985", "frame": 82, "mu": [2.1290881117747147, 3.9142788625965714, 1.3799537780482134], "Sigma": [[0.013858804503011172, -0.004978384321996999, -0.0033925613225100535], [-0.004978384321996999, 0.0034580933502420855, -0.0020720722773679865], [-0.0033925613225100535, -0.0020720722773679865, 0.011368635749197964]], "chi2_level": 0.99, "chi2_df": 3, "chi2_threshold": 11.344866730144373, "N_raw": 27, "N_roi": 27, "N_inlier": 25, "refit": true}
{"timestamp": "17:54:26.344457", "frame": 84, "mu": [2.1193880050041534, 4.065767667585858, 1.2718592027679663], "Sigma": [[0.017361726435299013, -0.007910134505330712, -0.00915044292059007], [-0.007910134505330712, 0.0057022054124803686, 0.0015127729354555179], [-0.00915044292059007, 0.0015127729354555179, 0.013586065529119958]], "chi2_level": 0.99, "chi2_df": 3, "chi2_threshold": 11.344866730144373, "N_raw": 25, "N_roi": 25, "N_inlier": 24, "refit": true}
{"timestamp": "17:54:26.567739", "frame": 88, "mu": [2.3515937925198704, 4.368076787235999, 0.16566588401123247], "Sigma": [[0.011878347474835236, 0.020200398125491965, -0.01788002090151235], [0.020200398125491965, 0.04806574667390677, -0.04991571747151075], [-0.017880020901512347, -0.04991571747151076, 0.06731637982022849]], "chi2_level": 0.99, "chi2_df": 3, "chi2_threshold": 11.344866730144373, "N_raw": 12, "N_roi": 8, "N_inlier": 8, "refit": true}
