{"timestamp": "17:36:13.944393", "frame": 1, "mu": [1.8428467004610358, 1.1003287393686356, 1.30077562825483], "Sigma": [[0.007069438502638187, -0.0043688513240565455, -0.0067576840067838685], [-0.004368851324056546, 0.0064869454584316364, 0.003884312240455427], [-0.0067576840067838685, 0.0038843122404554255, 0.009567495418828344]], "chi2_level": 0.99, "chi2_df": 3, "chi2_threshold": 11.344866730144373, "N_raw": 23, "N_roi": 23, "N_inlier": 23, "refit": true}
{"timestamp": "17:36:13.999018", "frame": 2, "mu": [1.771432353924448, 1.2291753838421409, 1.2095837622231491], "Sigma": [[0.002791247263265583, -0.0012494686046451043, -0.0025183659349390895], [-0.0012494686046451043, 0.0072845031700882615, -0.011575686701397574], [-0.0025183659349390895, -0.011575686701397574, 0.03948872552416423]], "chi2_level": 0.99, "chi2_df": 3, "chi2_threshold": 11.344866730144373, "N_raw": 10, "N_roi": 10, "N_inlier": 10, "refit": true}
{"timestamp": "17:36:14.056383", "frame": 3, "mu": [1.8445499238829783, 1.1918338197073495, 1.2881098016760455], "Sigma": [[0.006051472627614245, -0.00358354312331112, -0.002708479108602153], [-0.00358354312331112, 0.00971783212617395, -0.0016881807249799143], [-0.002708479108602153, -0.0016881807249799143, 0.0034199491384537925]], "chi2_level": 0.99, "chi2_df": 3, "chi2_threshold": 11.344866730144373, "N_raw": 36, "N_roi": 36, "N_inlier": 35, "refit": true}
{"timestamp": "17:36:14.109572", "frame": 4, "mu": [1.8827528835887624, 1.044572327115536, 1.3478212300650747], "Sigma": [[0.008116492621905202, -0.004365039326069794, -0.002810838626500607], [-0.004365039326069794, 0.004602292856026115, 0.001486375516044091], [-0.002810838626500607, 0.0014863755160440914, 0.002570901287890892]], "chi2_level": 0.99, "chi2_df": 3, "chi2_threshold": 11.344866730144373, "N_raw": 10, "N_roi": 10, "N_inlier": 10, "refit": true}
{"timestamp": "17:36:14.169009", "frame": 5, "mu": [1.8362698098721828, 1.1482905737496536, 1.2280209885140394], "Sigma": [[0.007179456924073467, -0.0044365012355060945, -0.00376874455622738], [-0.0044365012355060945, 0.008036474314266656, -0.0015258032044706078], [-0.00376874455622738, -0.0015258032044706078, 0.0054885219927524225]], "chi2_level": 0.99, "chi2_df": 3, "chi2_threshold": 11.344866730144373, "N_raw": 38, "N_roi": 38, "N_inlier": 37, "refit": true}
{"timestamp": "17:36:14.221295", "frame": 6, "mu": [1.9134531507847286, 0.9561051963147059, 1.15533765335591], "Sigma": [[0.005530038739287109, -0.006040011875633431, -0.0026832858070602998], [-0.006040011875633432, 0.009994921362956424, 0.001007782034434815], [-0.0026832858070602993, 0.001007782034434815, 0.004615489610171829]], "chi2_level": 0.99, "chi2_df": 3, "chi2_threshold": 11.344866730144373, "N_raw": 21, "N_roi": 21, "N_inlier": 19, "refit": true}
{"timestamp": "17:36:14.278504", "frame": 7, "mu": [1.8304901643369733, 1.1386535197000933, 1.2844611781765773], "Sigma": [[0.006569737538237496, -0.0041987113187978466, 0.00024147478904125073], [-0.0041987113187978466, 0.009884612600863254, -0.0016567099481948236], [0.0002414747890412507, -0.001656709948194824, 0.0004810219976379721]], "chi2_level": 0.99, "chi2_df": 3, "chi2_threshold": 11.344866730144373, "N_raw": 33, "N_roi": 33, "N_inlier": 32, "refit": true}
{"timestamp": "17:36:14.334463", "frame": 8, "mu": [1.8567817180517165, 1.0382948971969985, 1.2399031918649035], "Sigma": [[0.008239867562348017, -0.00522667000755603, -0.005126030229583368], [-0.00522667000755603, 0.01041262124117488, -0.0012690263130993651], [-0.005126030229583368, -0.001269026313099365, 0.007488215604916658]], "chi2_level": 0.99, "chi2_df": 3, "chi2_threshold": 11.344866730144373, "N_raw": 43, "N_roi": 43, "N_inlier": 42, "refit": true}
{"timestamp": "17:36:14.388382", "frame": 9, "mu": [1.8459431963126207, 1.0810184120646362, 1.2325904133987904], "Sigma": [[0.006222099044202036, -0.005519344964850546, -0.0008701838284195782], [-0.005519344964850546, 0.012651550598015765, -0.0002998378401201486], [-0.0008701838284195782, -0.0002998378401201486, 0.000735898995739633]], "chi2_level": 0.99, "chi2_df": 3, "chi2_threshold": 11.344866730144373, "N_raw": 33, "N_roi": 33, "N_inlier": 31, "refit": true}
{"timestamp": "17:36:14.445798", "frame": 10, "mu": [1.7107857086158247, 1.2177414037973684, 1.133137888514782], "Sigma": [[0.007689332784633762, -0.006108390952674191, -0.002898346565697518], [-0.006108390952674191, 0.009196061673357297, -0.003924046588559868], [-0.002898346565697518, -0.003924046588559868, 0.01613698193272895]], "chi2_level": 0.99, "chi2_df": 3, "chi2_threshold": 11.344866730144373, "N_raw": 52, "N_roi": 52, "N_inlier": 52, "refit": true}
{"timestamp": "17:36:14.499572", "frame": 11, "mu": [1.7616369997798182, 1.120711012382605, 1.2477571093158093], "Sigma": [[0.007231905243335025, -0.002677552891943189, -0.0035262390026978476], [-0.002677552891943189, 0.009307569479404277, -0.0008669398792374275], [-0.0035262390026978476, -0.0008669398792374274, 0.003027223653228375]], "chi2_level": 0.99, "chi2_df": 3, "chi2_threshold": 11.344866730144373, "N_raw": 44, "N_roi": 44, "N_inlier": 42, "refit": true}
{"timestamp": "17:36:14.555458", "frame": 12, "mu": [1.7640535562326072, 1.1339712887930176, 1.2336822707750583], "Sigma": [[0.007940002709124603, -0.003332253877019707, -0.00040092105578147486], [-0.003332253877019707, 0.009143152110180852, -0.0007193319180755602], [-0.00040092105578147497, -0.0007193319180755602, 0.0015079201811378953]], "chi2_level": 0.99, "chi2_df": 3, "chi2_threshold": 11.344866730144373, "N_raw": 40, "N_roi": 40, "N_inlier": 39, "refit": true}
{"timestamp": "17:36:14.610075", "frame": 13, "mu": [1.7719716660043854, 1.2020174718322298, -0.6491701077518964], "Sigma": [[0.005124564754052491, -0.001304749041297581, 0.0019219674538105426], [-0.001304749041297581, 0.006662121646810117, 0.0003096900764154875], [0.0019219674538105433, 0.00030969007641548765, 0.025802008620468886]], "chi2_level": 0.99, "chi2_df": 3, "chi2_threshold": 11.344866730144373, "N_raw": 38, "N_roi": 38, "N_inlier": 37, "refit": true}
{"timestamp": "17:36:14.667072", "frame": 14, "mu": [1.746682969448744, 1.090031882024991, 1.209281293353798], "Sigma": [[0.009542170618484948, -0.0031715314007772586, -0.0020684334128912175], [-0.0031715314007772586, 0.007791676724028111, -0.003060316467357024], [-0.0020684334128912175, -0.003060316467357024, 0.005705477659435481]], "chi2_level": 0.99, "chi2_df": 3, "chi2_threshold": 11.344866730144373, "N_raw": 54, "N_roi": 54, "N_inlier": 52, "refit": true}
{"timestamp": "17:36:14.720108", "frame": 15, "mu": [1.796974056031258, 0.9720850280204966, 1.1750830497802893], "Sigma": [[0.008394437316945266, -0.005174501995124839, 0.0025383121493066357], [-0.00517450199512484, 0.008218109122960095, -0.0036094312175216922], [0.0025383121493066357, -0.0036094312175216922, 0.005121334570407288]], "chi2_level": 0.99, "chi2_df": 3, "chi2_threshold": 11.344866730144373, "N_raw": 40, "N_roi": 40, "N_inlier": 37, "refit": true}
{"timestamp": "17:36:14.772887", "frame": 16, "mu": [1.6666180805116304, 1.2692448667217455, -0.5324534672161378], "Sigma": [[0.004256597868429542, 0.0003252382972951343, -0.006728386739720182], [0.00032523829729513474, 0.011959503066810116, -0.01465454238712642], [-0.006728386739720182, -0.014654542387126419, 0.031571830648329656]], "chi2_level": 0.99, "chi2_df": 3, "chi2_threshold": 11.344866730144373, "N_raw": 24, "N_roi": 24, "N_inlier": 24, "refit": true}
{"timestamp": "17:36:14.831876", "frame": 17, "mu": [1.6601607094826856, 1.0592622706343873, 1.1290538056067883], "Sigma": [[0.00954961000510242, -0.008296399610064007, -0.004493303201518624], [-0.00829639961006401, 0.01635672719748378, -0.004106689818005856], [-0.004493303201518624, -0.004106689818005856, 0.015950219650457495]], "chi2_level": 0.99, "chi2_df": 3, "chi2_threshold": 11.344866730144373, "N_raw": 53, "N_roi": 53, "N_inlier": 52, "refit": true}
{"timestamp": "17:36:14.886506", "frame": 18, "mu": [1.6235975927187472, 1.0784322930897858, 1.1993398801874124], "Sigma": [[0.006998362430763562, -0.0022842158556107945, -0.007701194807681208], [-0.0022842158556107945, 0.010874549324388685, -0.009835621672339857], [-0.007701194807681208, -0.009835621672339857, 0.03391374887881689]], "chi2_level": 0.99, "chi2_df": 3, "chi2_threshold": 11.344866730144373, "N_raw": 50, "N_roi": 50, "N_inlier": 49, "refit": true}
{"timestamp": "17:36:14.940920", "frame": 19, "mu": [1.598433304533761, 0.9904760342997004, 1.1584279108252984], "Sigma": [[0.010103199615112246, -0.007043683696346116, -0.011616663279374682], [-0.007043683696346116, 0.008092667115683171, 0.002514625559600172], [-0.011616663279374682, 0.002514625559600172, 0.03520963446167806]], "chi2_level": 0.99, "chi2_df": 3, "chi2_threshold": 11.344866730144373, "N_raw": 46, "N_roi": 46, "N_inlier": 45, "refit": true}
{"timestamp": "17:36:14.995722", "frame": 20, "mu": [1.5923698095000425, 0.9364356908871259, 1.2173104912631068], "Sigma": [[0.009499166924995918, -0.003127928923781925, -0.010659182486058408], [-0.003127928923781925, 0.005612331767078178, -0.0014692049150140964], [-0.010659182486058408, -0.0014692049150140962, 0.02201629424253155]], "chi2_level": 0.99, "chi2_df": 3, "chi2_threshold": 11.344866730144373, "N_raw": 45, "N_roi": 45, "N_inlier": 44, "refit": true}
{"timestamp": "17:36:15.048480", "frame": 21, "mu": [1.5732928869556653, 1.1223397466299891, -0.558877803954513], "Sigma": [[0.00526835701266524, -0.0010783282515818794, -0.00512551098225175], [-0.0010783282515818794, 0.007121953084137627, -0.003186356999114212], [-0.00512551098225175, -0.003186356999114212, 0.008505747095519508]], "chi2_level": 0.99, "chi2_df": 3, "chi2_threshold": 11.344866730144373, "N_raw": 26, "N_roi": 26, "N_inlier": 26, "refit": true}
{"timestamp": "17:36:15.104602", "frame": 22, "mu": [1.5198906515187223, 0.9742628735980225, 1.150409058988972], "Sigma": [[0.00760873961301592, -0.006749967933333828, -0.0032104800586025615], [-0.006749967933333828, 0.01327438541781517, -0.0012772303358150985], [-0.0032104800586025615, -0.0012772303358150985, 0.005041440110030863]], "chi2_level": 0.99, "chi2_df": 3, "chi2_threshold": 11.344866730144373, "N_raw": 41, "N_roi": 41, "N_inlier": 41, "refit": true}
{"timestamp": "17:36:15.158916", "frame": 23, "mu": [1.5338947178850912, 0.821029637460825, 1.101814203260996], "Sigma": [[0.00520338797426309, -0.0051634462212839325, -0.0004906500106506876], [-0.0051634462212839325, 0.01106197204689193, -0.0020550079159220315], [-0.0004906500106506876, -0.0020550079159220315, 0.0023822067459869367]], "chi2_level": 0.99, "chi2_df": 3, "chi2_threshold": 11.344866730144373, "N_raw": 35, "N_roi": 35, "N_inlier": 34, "refit": true}
{"timestamp": "17:36:15.215114", "frame": 24, "mu": [1.5124777671163205, 0.9767622825250626, -0.5898632170142163], "Sigma": [[0.005922454307947824, -0.004256011750685145, -0.0009132023754371204], [-0.004256011750685145, 0.016686052755622467, 0.00024141775324753798], [-0.0009132023754371203, 0.00024141775324753808, 0.0028268991569630683]], "chi2_level": 0.99, "chi2_df": 3, "chi2_threshold": 11.344866730144373, "N_raw": 42, "N_roi": 42, "N_inlier": 41, "refit": true}
{"timestamp": "17:36:15.268906", "frame": 25, "mu": [1.4280504595973083, 0.8122295800932301, 1.1770474105916748], "Sigma": [[0.006846962274951291, -0.006393414773848033, -0.001433722927622445], [-0.006393414773848033, 0.01187421988579108, 0.0003169919260840023], [-0.001433722927622445, 0.00031699192608400237, 0.0008339034123318903]], "chi2_level": 0.99, "chi2_df": 3, "chi2_threshold": 11.344866730144373, "N_raw": 31, "N_roi": 31, "N_inlier": 30, "refit": true}
{"timestamp": "17:36:15.322436", "frame": 26, "mu": [1.270792145950381, 0.9507770827700707, 1.1369814392860658], "Sigma": [[0.003030581080023919, -0.0005273787809941247, -0.0029291521273368875], [-0.0005273787809941246, 0.0030266626800088984, -0.002509429724542909], [-0.0029291521273368875, -0.002509429724542909, 0.008768702541298452]], "chi2_level": 0.99, "chi2_df": 3, "chi2_threshold": 11.344866730144373, "N_raw": 23, "N_roi": 23, "N_inlier": 23, "refit": true}
{"timestamp": "17:36:15.377979", "frame": 27, "mu": [1.3846995437243645, 0.6971361288058782, 1.1318443923858652], "Sigma": [[0.003459428903090038, -0.003508840030554056, 0.00030410738339876995], [-0.003508840030554056, 0.00898938542055556, -0.00475463304367736], [0.00030410738339876984, -0.00475463304367736, 0.006611503739006766]], "chi2_level": 0.99, "chi2_df": 3, "chi2_threshold": 11.344866730144373, "N_raw": 27, "N_roi": 27, "N_inlier": 24, "refit": true}
{"timestamp": "17:36:15.432503", "frame": 28, "mu": [1.0969202976087224, 0.9554604366558581, 1.3470367460073427], "Sigma": [[0.0031191016099222945, -0.002288896587597351, -0.007714560160780265], [-0.002288896587597351, 0.0039779987271931945, 0.007561937295931336], [-0.007714560160780265, 0.007561937295931338, 0.029455119835267933]], "chi2_level": 0.99, "chi2_df": 3, "chi2_threshold": 11.344866730144373, "N_raw": 17, "N_roi": 17, "N_inlier": 16, "refit": true}
{"timestamp": "17:36:15.486436", "frame": 29, "mu": [1.0812642517853652, 0.9298350891172437, 1.2749513512536346], "Sigma": [[0.006526966512840948, -0.004105252178104657, -0.011466443239162929], [-0.004105252178104657, 0.0031025752924424468, 0.007174095210772579], [-0.011466443239162929, 0.007174095210772578, 0.02291203556808553]], "chi2_level": 0.99, "chi2_df": 3, "chi2_threshold": 11.344866730144373, "N_raw": 20, "N_roi": 20, "N_inlier": 19, "refit": true}
{"timestamp": "17:36:15.545308", "frame": 30, "mu": [1.0491966938753376, 0.897983969398225, 1.2516118482673582], "Sigma": [[0.006163408601273407, -0.0034343294643729236, -0.009595633300224192], [-0.0034343294643729236, 0.003165967234579537, 0.004075757008683408], [-0.009595633300224194, 0.004075757008683408, 0.019503519183716497]], "chi2_level": 0.99, "chi2_df": 3, "chi2_threshold": 11.344866730144373, "N_raw": 43, "N_roi": 43, "N_inlier": 43, "refit": true}
{"timestamp": "17:36:15.599946", "frame": 31, "mu": [1.0249742830435236, 0.8610266674974631, 1.2280076285478425], "Sigma": [[0.0044016860708792375, -0.003495546031382083, -0.008962547331914244], [-0.003495546031382083, 0.0035069886196098026, 0.006325735066958136], [-0.008962547331914247, 0.006325735066958134, 0.026211736668168246]], "chi2_level": 0.99, "chi2_df": 3, "chi2_threshold": 11.344866730144373, "N_raw": 38, "N_roi": 38, "N_inlier": 37, "refit": true}
{"timestamp": "17:36:15.657459", "frame": 32, "mu": [0.9402844171396197, 1.0721071483830897, -0.483374432879598], "Sigma": [[0.008339821826508343, 0.0020528185978841563, -0.01622070660522139], [0.0020528185978841568, 0.004823141409155711, -0.00681296411781513], [-0.016220706605221392, -0.00681296411781513, 0.04279501784322419]], "chi2_level": 0.99, "chi2_df": 3, "chi2_threshold": 11.344866730144373, "N_raw": 60, "N_roi": 60, "N_inlier": 60, "refit": true}
{"timestamp": "17:36:15.712730", "frame": 33, "mu": [0.8995663058761567, 0.868870298439872, 1.3244034212474403], "Sigma": [[0.0058078691910754205, -0.002755085290366206, -0.005526643790279354], [-0.0027550852903662063, 0.0029552066750428273, 0.0010575284862657723], [-0.005526643790279354, 0.0010575284862657723, 0.009828915561875201]], "chi2_level": 0.99, "chi2_df": 3, "chi2_threshold": 11.344866730144373, "N_raw": 53, "N_roi": 53, "N_inlier": 51, "refit": true}
{"timestamp": "17:36:15.760935", "frame": 34, "mu": [0.9090640896653406, 0.7702861008612707, 1.1970497866410146], "Sigma": [[0.0043349204294798075, -0.0030314989870738503, -0.009219414206386299], [-0.00303149898707385, 0.005125795214574135, 0.004288949212314877], [-0.009219414206386299, 0.004288949212314876, 0.031226347805842925]], "chi2_level": 0.99, "chi2_df": 3, "chi2_threshold": 11.344866730144373, "N_raw": 7, "N_roi": 7, "N_inlier": 7, "refit": true}
{"timestamp": "17:36:15.825886", "frame": 35, "mu": [0.8350414993859601, 0.808008010159885, 1.276392013794071], "Sigma": [[0.00891252740548438, -0.0010680276653806278, -0.010966604377209387], [-0.0010680276653806278, 0.002819143882526946, -0.000807203397560071], [-0.010966604377209383, -0.0008072033975600711, 0.018281695536654135]], "chi2_level": 0.99, "chi2_df": 3, "chi2_threshold": 11.344866730144373, "N_raw": 79, "N_roi": 79, "N_inlier": 77, "refit": true}
{"timestamp": "17:36:15.879279", "frame": 36, "mu": [0.7448690786005231, 0.7765162092581633, 1.3562216394959903], "Sigma": [[0.006679135963297797, -0.001034379187905356, -0.005845699818791877], [-0.001034379187905356, 0.0028356258944879018, -0.0006324156149884729], [-0.005845699818791877, -0.0006324156149884729, 0.006507169286827217]], "chi2_level": 0.99, "chi2_df": 3, "chi2_threshold": 11.344866730144373, "N_raw": 59, "N_roi": 59, "N_inlier": 58, "refit": true}
{"timestamp": "17:36:15.925862", "frame": 37, "mu": [0.7214990124586754, 0.7637371955258196, 1.3401203302098446], "Sigma": [[0.002973336765301028, 0.0005936472926722971, -0.0036449658795425126], [0.0005936472926722971, 0.0010558464176039892, -0.0018831429839680437], [-0.003644965879542513, -0.0018831429839680437, 0.006224773569596196]], "chi2_level": 0.99, "chi2_df": 3, "chi2_threshold": 11.344866730144373, "N_raw": 15, "N_roi": 15, "N_inlier": 14, "refit": true}
{"timestamp": "17:36:15.987358", "frame": 38, "mu": [0.6721156076378559, 0.7394929651268471, 1.340668276742552], "Sigma": [[0.007509206475728018, -0.0011599513177607207, -0.006713379120104102], [-0.001159951317760721, 0.002160607988025, -0.00048429525078723195], [-0.006713379120104102, -0.00048429525078723184, 0.00764705351392127]], "chi2_level": 0.99, "chi2_df": 3, "chi2_threshold": 11.344866730144373, "N_raw": 65, "N_roi": 65, "N_inlier": 63, "refit": true}
{"timestamp": "17:36:16.043900", "frame": 39, "mu": [0.614412547821868, 0.732064374152992, 1.3772686679803585], "Sigma": [[0.0061662820615214905, -0.0005674106560820914, -0.006219639112539358], [-0.0005674106560820914, 0.002591903054422601, 0.0004234456651338144], [-0.006219639112539358, 0.00042344566513381456, 0.013663777745470129]], "chi2_level": 0.99, "chi2_df": 3, "chi2_threshold": 11.344866730144373, "N_raw": 70, "N_roi": 70, "N_inlier": 68, "refit": true}
{"timestamp": "17:36:16.097942", "frame": 40, "mu": [0.5331336189678795, 0.863200145531304, -0.44108954954161145], "Sigma": [[0.003431811864471127, 0.0028658171854574685, 0.0013621743928427976], [0.0028658171854574685, 0.0049071001754980815, 0.00115648643435436], [0.0013621743928427976, 0.0011564864343543602, 0.012629160029873665]], "chi2_level": 0.99, "chi2_df": 3, "chi2_threshold": 11.344866730144373, "N_raw": 60, "N_roi": 60, "N_inlier": 57, "refit": true}
{"timestamp": "17:36:16.149692", "frame": 41, "mu": [0.45954150752497624, 0.7453677095201473, 1.3998041221309516], "Sigma": [[0.002742069618778071, -0.0003064830563669569, -0.0038765847212045177], [-0.00030648305636695697, 0.0013612043658255597, -0.0013505673166217588], [-0.0038765847212045177, -0.0013505673166217588, 0.01175845197180745]], "chi2_level": 0.99, "chi2_df": 3, "chi2_threshold": 11.344866730144373, "N_raw": 40, "N_roi": 40, "N_inlier": 37, "refit": true}
{"timestamp": "17:36:16.204985", "frame": 42, "mu": [0.41168057832133903, 0.9210526266379073, -0.4806408425192301], "Sigma": [[0.007293098553305715, 0.0023718926822330934, -0.011410422921896273], [0.0023718926822330934, 0.007121631807095851, -0.030383454259238454], [-0.011410422921896273, -0.030383454259238454, 0.15864107494004653]], "chi2_level": 0.99, "chi2_df": 3, "chi2_threshold": 11.344866730144373, "N_raw": 43, "N_roi": 43, "N_inlier": 40, "refit": true}
{"timestamp": "17:36:16.262511", "frame": 43, "mu": [0.3782279854996244, 0.7482918827743384, 1.3101829042417117], "Sigma": [[0.0030241029780247236, -0.00110717173440771, -0.0022477238815509387], [-0.00110717173440771, 0.002736153795626623, -0.0008962420504951875], [-0.0022477238815509382, -0.0008962420504951875, 0.04489541641142246]], "chi2_level": 0.99, "chi2_df": 3, "chi2_threshold": 11.344866730144373, "N_raw": 61, "N_roi": 61, "N_inlier": 57, "refit": true}
{"timestamp": "17:36:16.316848", "frame": 44, "mu": [0.3208233041246734, 0.7184627809581692, 1.194298258528671], "Sigma": [[0.007218275093331934, 0.002590820101801369, 0.0012907209699428582], [0.0025908201018013683, 0.005972903533721632, -0.0038782642132792313], [0.001290720969942856, -0.0038782642132792313, 0.18927585144645362]], "chi2_level": 0.99, "chi2_df": 3, "chi2_threshold": 11.344866730144373, "N_raw": 53, "N_roi": 53, "N_inlier": 49, "refit": true}
{"timestamp": "17:36:16.373738", "frame": 45, "mu": [0.2931260613735596, 0.7610160804689643, 1.2878976522488204], "Sigma": [[0.004599090655653501, 0.0005446498487738491, -0.00011093778371311716], [0.0005446498487738491, 0.0018889165289486041, 0.0024293778805587482], [-0.00011093778371311694, 0.0024293778805587482, 0.03669586576742371]], "chi2_level": 0.99, "chi2_df": 3, "chi2_threshold": 11.344866730144373, "N_raw": 70, "N_roi": 70, "N_inlier": 65, "refit": true}
{"timestamp": "17:36:16.428644", "frame": 46, "mu": [0.18814614979040142, 0.732213639705243, 1.2403414626095715], "Sigma": [[0.002635858592856624, -0.001462886477468446, -0.004366533427963491], [-0.001462886477468446, 0.0015365287032128893, 0.0009192133556864697], [-0.004366533427963491, 0.0009192133556864696, 0.013248554943794216]], "chi2_level": 0.99, "chi2_df": 3, "chi2_threshold": 11.344866730144373, "N_raw": 69, "N_roi": 69, "N_inlier": 66, "refit": true}
{"timestamp": "17:36:16.484709", "frame": 47, "mu": [0.10816981712502437, 0.7337141972653706, 1.1916596485386501], "Sigma": [[0.0021715378776120463, -0.00047980399667203885, 0.003158642820464527], [-0.00047980399667203885, 0.009614686314759629, -0.0021514497943903926], [0.0031586428204645276, -0.0021514497943903926, 0.011093288010253407]], "chi2_level": 0.99, "chi2_df": 3, "chi2_threshold": 11.344866730144373, "N_raw": 79, "N_roi": 79, "N_inlier": 75, "refit": true}
{"timestamp": "17:36:16.541737", "frame": 48, "mu": [0.08388347621018426, 0.7859504130892021, 1.3580815897162124], "Sigma": [[0.003974533101306626, -0.0011188213570169907, -0.00536595759626527], [-0.0011188213570169907, 0.0020680409726453073, -0.0002611335380880678], [-0.00536595759626527, -0.0002611335380880677, 0.010978717015411785]], "chi2_level": 0.99, "chi2_df": 3, "chi2_threshold": 11.344866730144373, "N_raw": 85, "N_roi": 85, "N_inlier": 79, "refit": true}
{"timestamp": "17:36:16.594004", "frame": 49, "mu": [0.007906065177873725, 0.7102504221023462, 1.2266441615022823], "Sigma": [[0.002833211577654758, -0.0017447485513452353, -0.012039032038166558], [-0.0017447485513452355, 0.007725748582422052, 0.0036655379584296056], [-0.012039032038166558, 0.003665537958429606, 0.12031290127876805]], "chi2_level": 0.99, "chi2_df": 3, "chi2_threshold": 11.344866730144373, "N_raw": 68, "N_roi": 68, "N_inlier": 65, "refit": true}
{"timestamp": "17:36:16.644630", "frame": 50, "mu": [-0.057618035905742125, 0.7327234680706126, 1.2953081289937527], "Sigma": [[0.0017247390127888374, 0.00038323838255187797, 0.0007482292152996529], [0.00038323838255187797, 0.001948982923195582, -0.0010335256700655033], [0.0007482292152996528, -0.0010335256700655033, 0.0014136536054871354]], "chi2_level": 0.99, "chi2_df": 3, "chi2_threshold": 11.344866730144373, "N_raw": 43, "N_roi": 43, "N_inlier": 41, "refit": true}
{"timestamp": "17:36:16.702511", "frame": 51, "mu": [-0.13112693880092124, 0.777679715145641, 1.421225818731312], "Sigma": [[0.0018864885987686303, -0.00030539965688708925, 0.0006926828636453832], [-0.0003053996568870892, 0.0010636222728724243, -0.001966124583006933], [0.0006926828636453832, -0.001966124583006933, 0.005943040712810367]], "chi2_level": 0.99, "chi2_df": 3, "chi2_threshold": 11.344866730144373, "N_raw": 61, "N_roi": 61, "N_inlier": 59, "refit": true}
{"timestamp": "17:36:16.760799", "frame": 52, "mu": [-0.16319152203600595, 0.7494014326421792, 1.2964262559304667], "Sigma": [[0.002288867484966506, -0.0004683472139513372, -0.00011417289238573103], [-0.0004683472139513372, 0.0027263239112148975, -0.0028392647518076884], [-0.00011417289238573103, -0.0028392647518076884, 0.007450856794102355]], "chi2_level": 0.99, "chi2_df": 3, "chi2_threshold": 11.344866730144373, "N_raw": 83, "N_roi": 83, "N_inlier": 81, "refit": true}
{"timestamp": "17:36:16.816764", "frame": 53, "mu": [-0.19737769501231417, 0.7767026467932321, 1.3650421405657487], "Sigma": [[0.002979697838320321, -0.0004129812277720588, -0.002693640632830939], [-0.0004129812277720588, 0.0016100091363019427, -0.002764656594846444], [-0.002693640632830939, -0.0027646565948464446, 0.015545622895839568]], "chi2_level": 0.99, "chi2_df": 3, "chi2_threshold": 11.344866730144373, "N_raw": 93, "N_roi": 93, "N_inlier": 90, "refit": true}
{"timestamp": "17:36:16.874159", "frame": 54, "mu": [-0.2579047109796678, 0.7737941846083624, 1.3788932990497396], "Sigma": [[0.0032439068904070987, -0.0005345887655610913, -0.003195981582635146], [-0.0005345887655610912, 0.0017799416427603683, -0.0031829239152406357], [-0.003195981582635146, -0.0031829239152406357, 0.014456730299378799]], "chi2_level": 0.99, "chi2_df": 3, "chi2_threshold": 11.344866730144373, "N_raw": 105, "N_roi": 105, "N_inlier": 101, "refit": true}
{"timestamp": "17:36:16.927494", "frame": 55, "mu": [-0.29975299662899385, 0.7642866357923006, 1.34420030974961], "Sigma": [[0.0026234774451340498, -0.0001317088563333814, -0.00358748127140818], [-0.0001317088563333814, 0.0016794215637736907, -0.0033372984621910656], [-0.00358748127140818, -0.0033372984621910656, 0.014862938112949744]], "chi2_level": 0.99, "chi2_df": 3, "chi2_threshold": 11.344866730144373, "N_raw": 88, "N_roi": 88, "N_inlier": 85, "refit": true}
{"timestamp": "17:36:16.980307", "frame": 56, "mu": [-0.374024043122697, 0.7817332202410321, 1.3644316427579684], "Sigma": [[0.0023272695506631486, -0.0006401348374385017, -0.002110905941256555], [-0.0006401348374385017, 0.001995309689175581, -0.0031883506800197015], [-0.002110905941256555, -0.0031883506800197015, 0.01248841803136331]], "chi2_level": 0.99, "chi2_df": 3, "chi2_threshold": 11.344866730144373, "N_raw": 78, "N_roi": 78, "N_inlier": 75, "refit": true}
{"timestamp": "17:36:17.035862", "frame": 57, "mu": [-0.38897213300185995, 0.6965017498090816, 1.2411980488693515], "Sigma": [[0.003909671639068952, -0.001635270608581444, -0.0015032857693335808], [-0.0016352706085814438, 0.002064049172633746, 0.0009497656213502371], [-0.0015032857693335808, 0.0009497656213502371, 0.011916168545865793]], "chi2_level": 0.99, "chi2_df": 3, "chi2_threshold": 11.344866730144373, "N_raw": 80, "N_roi": 80, "N_inlier": 76, "refit": true}
{"timestamp": "17:36:17.085934", "frame": 58, "mu": [-0.4234849162613565, 0.7380854328883338, 1.2327018999278738], "Sigma": [[0.002602581152713262, 0.001497637136672068, 0.0017318752854099857], [0.0014976371366720682, 0.0020354980771557147, 0.0009871673745236748], [0.001731875285409986, 0.0009871673745236748, 0.008604910766877203]], "chi2_level": 0.99, "chi2_df": 3, "chi2_threshold": 11.344866730144373, "N_raw": 47, "N_roi": 47, "N_inlier": 41, "refit": true}
{"timestamp": "17:36:17.142242", "frame": 59, "mu": [-0.6550125202918772, 0.7194006535920049, 1.4873192468011927], "Sigma": [[0.016976239282188665, 0.006149074216703268, -0.013495984330437787], [0.006149074216703267, 0.004166847001660315, -0.00812737156084502], [-0.01349598433043779, -0.00812737156084502, 0.019255901521961924]], "chi2_level": 0.99, "chi2_df": 3, "chi2_threshold": 11.344866730144373, "N_raw": 64, "N_roi": 64, "N_inlier": 63, "refit": true}
{"timestamp": "17:36:17.196526", "frame": 60, "mu": [-0.6495553833009552, 0.613732433535754, 1.3122383157082056], "Sigma": [[0.04615968812560358, 0.002014040400579284, -0.063916483640405], [0.002014040400579284, 0.0018041531448727713, -0.0050217921703294005], [-0.063916483640405, -0.0050217921703294005, 0.0952364958128897]], "chi2_level": 0.99, "chi2_df": 3, "chi2_threshold": 11.344866730144373, "N_raw": 59, "N_roi": 59, "N_inlier": 57, "refit": true}
{"timestamp": "17:36:17.251762", "frame": 61, "mu": [-0.8130444632431687, 0.656745637604096, 1.4311497607937862], "Sigma": [[0.02585179469946304, 0.009752141464921142, -0.050342935651442364], [0.009752141464921142, 0.005774869476777126, -0.02165613628549835], [-0.050342935651442364, -0.02165613628549835, 0.1209064955995784]], "chi2_level": 0.99, "chi2_df": 3, "chi2_threshold": 11.344866730144373, "N_raw": 57, "N_roi": 57, "N_inlier": 55, "refit": true}
{"timestamp": "17:36:17.309627", "frame": 62, "mu": [-0.861613661534912, 0.6780752630507455, 1.4910522197142348], "Sigma": [[0.019249328031530642, 0.004799794012093849, -0.023128784059043207], [0.004799794012093849, 0.004389094207019957, -0.0002494998545796807], [-0.023128784059043207, -0.0002494998545796805, 0.0689728328643922]], "chi2_level": 0.99, "chi2_df": 3, "chi2_threshold": 11.344866730144373, "N_raw": 75, "N_roi": 74, "N_inlier": 73, "refit": true}
{"timestamp": "17:36:17.363779", "frame": 63, "mu": [-0.9175578475597925, 0.6402035841991419, 1.3872516042507093], "Sigma": [[0.021311832910643543, 0.003271899408034885, -0.04165377955858762], [0.003271899408034885, 0.004339146294165847, -0.004319161356857393], [-0.04165377955858762, -0.004319161356857393, 0.11560275713066592]], "chi2_level": 0.99, "chi2_df": 3, "chi2_threshold": 11.344866730144373, "N_raw": 74, "N_roi": 74, "N_inlier": 71, "refit": true}
{"timestamp": "17:36:17.426580", "frame": 64, "mu": [-0.9139901768139329, 0.6982719062047837, 1.4199916374945787], "Sigma": [[0.021828227024125253, 0.006449696773165328, -0.03356550521126592], [0.006449696773165328, 0.005960845322480335, -0.005252123400886001], [-0.03356550521126592, -0.005252123400886002, 0.10588444770474124]], "chi2_level": 0.99, "chi2_df": 3, "chi2_threshold": 11.344866730144373, "N_raw": 118, "N_roi": 118, "N_inlier": 118, "refit": true}
{"timestamp": "17:36:17.477373", "frame": 65, "mu": [-0.9753976278984996, 0.7109214817939016, 1.4064142173290546], "Sigma": [[0.0225766781075574, 0.0052775511912727295, -0.03452800117672755], [0.0052775511912727295, 0.0034597523642642116, -0.010288645176438786], [-0.03452800117672755, -0.010288645176438786, 0.08080626504982014]], "chi2_level": 0.99, "chi2_df": 3, "chi2_threshold": 11.344866730144373, "N_raw": 86, "N_roi": 86, "N_inlier": 83, "refit": true}
{"timestamp": "17:36:17.531601", "frame": 66, "mu": [-0.9491345498809879, 0.6423194627466985, 1.2100235303864728], "Sigma": [[0.017733644850756004, 0.011246880440043142, -0.02341253349180106], [0.011246880440043142, 0.009648177419196914, -0.014117245109605759], [-0.023412533491801057, -0.014117245109605759, 0.06218515480694025]], "chi2_level": 0.99, "chi2_df": 3, "chi2_threshold": 11.344866730144373, "N_raw": 88, "N_roi": 88, "N_inlier": 87, "refit": true}
{"timestamp": "17:36:17.586314", "frame": 67, "mu": [-1.072411837833264, 0.6404865099713885, -0.4528409651467797], "Sigma": [[0.0248622266833849, 0.014714414105579153, 0.050006347161126126], [0.014714414105579155, 0.011227536008515329, 0.028617074975905828], [0.05000634716112612, 0.02861707497590583, 0.3160307622697966]], "chi2_level": 0.99, "chi2_df": 3, "chi2_threshold": 11.344866730144373, "N_raw": 85, "N_roi": 85, "N_inlier": 84, "refit": true}
{"timestamp": "17:36:17.639139", "frame": 68, "mu": [-1.13614282608132, 0.731497413445571, 1.3941105087018668], "Sigma": [[0.00997638448773497, 0.0033722985769989782, -0.0054112945183556254], [0.0033722985769989782, 0.00729691737379595, -0.004338155901322881], [-0.0054112945183556254, -0.004338155901322881, 0.0050391956408519555]], "chi2_level": 0.99, "chi2_df": 3, "chi2_threshold": 11.344866730144373, "N_raw": 74, "N_roi": 74, "N_inlier": 71, "refit": true}
{"timestamp": "17:36:17.696862", "frame": 69, "mu": [-1.195946820887068, 0.7485846052670395, 1.381991066264447], "Sigma": [[0.014234760713373191, 0.003209435731837554, -0.009025598606832268], [0.003209435731837554, 0.007470577657591217, -0.005122970714243702], [-0.009025598606832268, -0.0051229707142437025, 0.009269363736311405]], "chi2_level": 0.99, "chi2_df": 3, "chi2_threshold": 11.344866730144373, "N_raw": 88, "N_roi": 88, "N_inlier": 82, "refit": true}
{"timestamp": "17:36:17.750963", "frame": 70, "mu": [-1.2505442085971556, 0.7282329728278668, 1.3451576944713937], "Sigma": [[0.011426994885749277, 0.0052305661888421735, -0.004607653875848622], [0.0052305661888421735, 0.00936370175630793, -0.006537898266039416], [-0.0046076538758486225, -0.006537898266039416, 0.008380771365683392]], "chi2_level": 0.99, "chi2_df": 3, "chi2_threshold": 11.344866730144373, "N_raw": 88, "N_roi": 88, "N_inlier": 84, "refit": true}
{"timestamp": "17:36:17.808092", "frame": 71, "mu": [-1.3026467241448734, 0.7926301098368833, -0.30711803187318937], "Sigma": [[0.01598805962412821, 0.006454303938737819, 0.03997804708649792], [0.006454303938737819, 0.011614603263819166, 0.03288299163801049], [0.03997804708649792, 0.032882991638010506, 0.425172190664095]], "chi2_level": 0.99, "chi2_df": 3, "chi2_threshold": 11.344866730144373, "N_raw": 88, "N_roi": 88, "N_inlier": 88, "refit": true}
{"timestamp": "17:36:17.861417", "frame": 72, "mu": [-1.369645603700029, 0.9174936642405507, -0.44630708356369037], "Sigma": [[0.012438566844163463, 0.007642798459101009, -0.0016706332791037704], [0.007642798459101009, 0.014039656321560014, -0.0067185215097439], [-0.0016706332791037704, -0.0067185215097439, 0.005832822542528092]], "chi2_level": 0.99, "chi2_df": 3, "chi2_threshold": 11.344866730144373, "N_raw": 86, "N_roi": 86, "N_inlier": 83, "refit": true}
{"timestamp": "17:36:17.917282", "frame": 73, "mu": [-1.3980583626572298, 0.8705388015219647, 1.3800511165325706], "Sigma": [[0.013394857744798995, 0.005474718587448008, -0.006559607914663607], [0.005474718587448007, 0.013915769285879122, -0.007022281981958423], [-0.006559607914663608, -0.007022281981958423, 0.005302291127535891]], "chi2_level": 0.99, "chi2_df": 3, "chi2_threshold": 11.344866730144373, "N_raw": 92, "N_roi": 92, "N_inlier": 88, "refit": true}
{"timestamp": "17:36:17.977224", "frame": 74, "mu": [-1.393193683972341, 0.9391881556943796, 1.0979198824284278], "Sigma": [[0.014348791201305056, 0.007988959367880678, -0.026326848204699584], [0.007988959367880678, 0.014717589886979332, -0.032405996526348804], [-0.026326848204699584, -0.032405996526348804, 0.17696925497707894]], "chi2_level": 0.99, "chi2_df": 3, "chi2_threshold": 11.344866730144373, "N_raw": 130, "N_roi": 130, "N_inlier": 130, "refit": true}
{"timestamp": "17:36:18.029918", "frame": 75, "mu": [-1.4586295157083689, 0.9869387052516929, 1.3586057783328434], "Sigma": [[0.015690140513100963, 0.00942281792006612, -0.010916215486489203], [0.009422817920066117, 0.016315621845628337, -0.012136424025804286], [-0.010916215486489201, -0.012136424025804286, 0.03244809818741713]], "chi2_level": 0.99, "chi2_df": 3, "chi2_threshold": 11.344866730144373, "N_raw": 108, "N_roi": 108, "N_inlier": 104, "refit": true}
{"timestamp": "17:36:18.082963", "frame": 76, "mu": [-1.4875249198719724, 1.0308011365005108, 1.435893947184522], "Sigma": [[0.015532171306235557, 0.0066311856683863675, -0.011035355969970798], [0.0066311856683863675, 0.013409511407090362, -0.00891488685934913], [-0.011035355969970798, -0.00891488685934913, 0.010916532972463141]], "chi2_level": 0.99, "chi2_df": 3, "chi2_threshold": 11.344866730144373, "N_raw": 91, "N_roi": 91, "N_inlier": 89, "refit": true}
{"timestamp": "17:36:18.141440", "frame": 77, "mu": [-1.500478263803053, 1.0908174366191903, 1.405552485062117], "Sigma": [[0.023136164767637662, 0.009233891372786174, -0.021319499750018525], [0.009233891372786174, 0.013950816674263034, -0.015294249383187125], [-0.021319499750018525, -0.015294249383187125, 0.03439934815781057]], "chi2_level": 0.99, "chi2_df": 3, "chi2_threshold": 11.344866730144373, "N_raw": 122, "N_roi": 121, "N_inlier": 118, "refit": true}
{"timestamp": "17:36:18.194530", "frame": 78, "mu": [-1.5232850635661042, 1.1416261661903397, 1.3899003075172338], "Sigma": [[0.02100394304515959, 0.008609718716246467, -0.024053460323122895], [0.008609718716246467, 0.010523565924784916, -0.014736263241766846], [-0.024053460323122895, -0.014736263241766846, 0.04928438444076626]], "chi2_level": 0.99, "chi2_df": 3, "chi2_threshold": 11.344866730144373, "N_raw": 111, "N_roi": 111, "N_inlier": 110, "refit": true}
{"timestamp": "17:36:18.244431", "frame": 79, "mu": [-1.6349713047527403, 1.1678920788776548, 1.5850844089666192], "Sigma": [[0.014084291601278541, 0.006943181958814621, -0.0124916179908547], [0.006943181958814621, 0.013699591101313075, -0.008435794227098871], [-0.0124916179908547, -0.008435794227098871, 0.012997086530919258]], "chi2_level": 0.99, "chi2_df": 3, "chi2_threshold": 11.344866730144373, "N_raw": 71, "N_roi": 71, "N_inlier": 70, "refit": true}
{"timestamp": "17:36:18.297855", "frame": 80, "mu": [-1.6333580848441132, 1.1551128609870114, 1.4143025833031957], "Sigma": [[0.014040270737183343, 0.004491415537148717, -0.013650365623805647], [0.004491415537148717, 0.01113619769241522, -0.0035202663765078043], [-0.013650365623805647, -0.003520266376507804, 0.01472627553442812]], "chi2_level": 0.99, "chi2_df": 3, "chi2_threshold": 11.344866730144373, "N_raw": 65, "N_roi": 65, "N_inlier": 63, "refit": true}
{"timestamp": "17:36:18.356734", "frame": 81, "mu": [-1.6825739964259288, 1.249838540485235, 1.5024790939045543], "Sigma": [[0.017558414494895685, 0.010000934381498919, -0.013741028033526208], [0.010000934381498919, 0.017753272327403306, -0.011970001330386764], [-0.013741028033526208, -0.011970001330386764, 0.015186178379495797]], "chi2_level": 0.99, "chi2_df": 3, "chi2_threshold": 11.344866730144373, "N_raw": 93, "N_roi": 93, "N_inlier": 90, "refit": true}
{"timestamp": "17:36:18.413672", "frame": 82, "mu": [-1.7218141703526286, 1.3342224582484694, 0.25678479108339014], "Sigma": [[0.01621176722888673, 0.007122949713327324, 0.05762160833159119], [0.007122949713327324, 0.014262495354009844, 0.0338088840747576], [0.05762160833159118, 0.0338088840747576, 0.5024515542968169]], "chi2_level": 0.99, "chi2_df": 3, "chi2_threshold": 11.344866730144373, "N_raw": 107, "N_roi": 107, "N_inlier": 107, "refit": true}
{"timestamp": "17:36:18.468197", "frame": 83, "mu": [-1.7646071937152834, 1.3767462841103641, 1.4252706117688787], "Sigma": [[0.01678536883679665, 0.01143195009522113, -0.009566662122317115], [0.01143195009522113, 0.019347966725977155, -0.010508353991680788], [-0.009566662122317115, -0.010508353991680786, 0.02700005631289386]], "chi2_level": 0.99, "chi2_df": 3, "chi2_threshold": 11.344866730144373, "N_raw": 100, "N_roi": 100, "N_inlier": 95, "refit": true}
{"timestamp": "17:36:18.521829", "frame": 84, "mu": [-1.7896663926230048, 1.4639303027082071, -0.2653737814695417], "Sigma": [[0.01572129038257364, 0.012049750825416747, 0.0020474236735265367], [0.012049750825416747, 0.02553644558586239, 0.008230763466233342], [0.0020474236735265367, 0.008230763466233342, 0.01524637111714896]], "chi2_level": 0.99, "chi2_df": 3, "chi2_threshold": 11.344866730144373, "N_raw": 84, "N_roi": 84, "N_inlier": 80, "refit": true}
{"timestamp": "17:36:18.578952", "frame": 85, "mu": [-1.8175425218603825, 1.464356107274385, 1.3806586617107803], "Sigma": [[0.01970946691985996, 0.013293962193843809, -0.015925353430637564], [0.013293962193843809, 0.01844449810084607, -0.018413521338074588], [-0.015925353430637564, -0.018413521338074588, 0.03652097207602872]], "chi2_level": 0.99, "chi2_df": 3, "chi2_threshold": 11.344866730144373, "N_raw": 104, "N_roi": 104, "N_inlier": 101, "refit": true}
{"timestamp": "17:36:18.633244", "frame": 86, "mu": [-1.8746775069879404, 1.4695674893742057, 1.3421384352214105], "Sigma": [[0.018118073537514615, 0.01469476045764587, -0.019223145305133128], [0.01469476045764587, 0.018656006421029096, -0.023708314077136187], [-0.01922314530513313, -0.02370831407713619, 0.06906333508596449]], "chi2_level": 0.99, "chi2_df": 3, "chi2_threshold": 11.344866730144373, "N_raw": 95, "N_roi": 95, "N_inlier": 93, "refit": true}
