{"timestamp": "18:10:05.415390", "frame": 42, "mu": [1.7400193320409323, 0.9558914389001135, 1.293269533669527], "Sigma": [[0.0017595562804639813, -0.001723998441925256, -0.0022427598115613086], [-0.001723998441925256, 0.0035660816294535973, 0.001047523963707469], [-0.0022427598115613086, 0.001047523963707469, 0.006184864163676997]], "chi2_level": 0.99, "chi2_df": 3, "chi2_threshold": 11.344866730144373, "N_raw": 12, "N_roi": 12, "N_inlier": 11, "refit": true}
{"timestamp": "18:10:05.469785", "frame": 43, "mu": [1.7152983999897948, 0.9539745226665906, 1.2629652332296466], "Sigma": [[0.0014272826668826814, -0.00022454920213477208, -0.000700223116099525], [-0.00022454920213477186, 0.0022593963893777743, -0.0012708197453233996], [-0.000700223116099525, -0.0012708197453233996, 0.0016510516067988175]], "chi2_level": 0.99, "chi2_df": 3, "chi2_threshold": 11.344866730144373, "N_raw": 8, "N_roi": 8, "N_inlier": 8, "refit": true}
{"timestamp": "18:10:05.581542", "frame": 45, "mu": [1.7020215766228795, 1.0025439979949835, 1.2577738500446896], "Sigma": [[0.002309892712958942, -0.0010985730287928338, -2.722869989731753e-05], [-0.0010985730287928338, 0.0027676473691142347, -0.0006202349674858894], [-2.722869989731753e-05, -0.0006202349674858895, 0.00021668211273302997]], "chi2_level": 0.99, "chi2_df": 3, "chi2_threshold": 11.344866730144373, "N_raw": 14, "N_roi": 14, "N_inlier": 13, "refit": true}
{"timestamp": "18:10:05.966010", "frame": 52, "mu": [1.582410607143934, 1.2419056224289677, 0.8461850873794202], "Sigma": [[0.0053825087006191185, 0.0016028128637129145, 0.0009774633724208336], [0.0016028128637129147, 0.0011305983174900594, 5.0658907294514985e-05], [0.0009774633724208336, 5.065890729451497e-05, 0.002169407061878824]], "chi2_level": 0.99, "chi2_df": 3, "chi2_threshold": 11.344866730144373, "N_raw": 13, "N_roi": 13, "N_inlier": 13, "refit": true}
{"timestamp": "18:10:06.186935", "frame": 56, "mu": [1.4505485466179102, 1.6340725570835852, 1.031034364327669], "Sigma": [[0.00623622008772119, 0.000827327371130767, -0.0005949100697075286], [0.000827327371130767, 0.001455994620796304, -6.64109116989772e-05], [-0.0005949100697075286, -6.641091169897709e-05, 0.0006681836937006048]], "chi2_level": 0.99, "chi2_df": 3, "chi2_threshold": 11.344866730144373, "N_raw": 12, "N_roi": 12, "N_inlier": 11, "refit": true}
{"timestamp": "18:10:06.240301", "frame": 57, "mu": [1.6044776663881692, 1.6908317994924609, 0.9819447897930538], "Sigma": [[0.009594015365925704, 0.00380185973618049, -0.018424967908159805], [0.00380185973618049, 0.003028151076159178, -0.006415674421075271], [-0.018424967908159805, -0.006415674421075271, 0.04967318646663945]], "chi2_level": 0.99, "chi2_df": 3, "chi2_threshold": 11.344866730144373, "N_raw": 7, "N_roi": 7, "N_inlier": 7, "refit": true}
{"timestamp": "18:10:06.406185", "frame": 60, "mu": [1.673093206711804, 1.7517989235319207, 1.2743325792117144], "Sigma": [[0.002628369336597657, -0.0004580864772793544, -0.0010761366435770782], [-0.00045808647727935446, 0.0021917784131153745, -0.0012004547950152209], [-0.0010761366435770782, -0.0012004547950152209, 0.005675942062456811]], "chi2_level": 0.99, "chi2_df": 3, "chi2_threshold": 11.344866730144373, "N_raw": 14, "N_roi": 11, "N_inlier": 11, "refit": true}
{"timestamp": "18:10:06.459627", "frame": 61, "mu": [1.7271432793991335, 1.7683778118568085, 1.2337139824265193], "Sigma": [[0.002204148882810336, 0.0006296174685434629, -0.0010284850091624707], [0.0006296174685434629, 0.001803905076363242, -0.0036974288809858567], [-0.0010284850091624707, -0.0036974288809858563, 0.01089417093916144]], "chi2_level": 0.99, "chi2_df": 3, "chi2_threshold": 11.344866730144373, "N_raw": 9, "N_roi": 7, "N_inlier": 7, "refit": true}
{"timestamp": "18:10:06.516192", "frame": 62, "mu": [1.6468751634218382, 1.814165606214849, 1.1565341245114804], "Sigma": [[0.0020018604136761028, -0.0005507235782789765, -0.0018471636186643276], [-0.0005507235782789765, 0.0017114990089909803, -0.001997400214407708], [-0.0018471636186643279, -0.001997400214407708, 0.006388186042992343]], "chi2_level": 0.99, "chi2_df": 3, "chi2_threshold": 11.344866730144373, "N_raw": 13, "N_roi": 10, "N_inlier": 10, "refit": true}
{"timestamp": "18:10:06.625753", "frame": 64, "mu": [1.590838528043411, 1.9602441375635185, 1.2504466498734834], "Sigma": [[0.0029661378621966715, -0.0015962340583445572, -0.0036036791388492206], [-0.0015962340583445572, 0.003442263522819733, 0.000941945157542549], [-0.0036036791388492197, 0.0009419451575425491, 0.008896275995565023]], "chi2_level": 0.99, "chi2_df": 3, "chi2_threshold": 11.344866730144373, "N_raw": 17, "N_roi": 17, "N_inlier": 16, "refit": true}
{"timestamp": "18:10:06.683173", "frame": 65, "mu": [1.6084197624771324, 1.9822457375525318, 1.2969021742171178], "Sigma": [[0.0073552693592064036, -0.0027124529377235496, -0.0022643902314973775], [-0.00271245293772355, 0.0024786207600764653, -0.0003784859897891427], [-0.002264390231497378, -0.00037848598978914276, 0.002591964904868257]], "chi2_level": 0.99, "chi2_df": 3, "chi2_threshold": 11.344866730144373, "N_raw": 29, "N_roi": 27, "N_inlier": 26, "refit": true}
{"timestamp": "18:10:06.740341", "frame": 66, "mu": [1.5791679968269838, 2.0745916506844746, 1.2395377958425677], "Sigma": [[0.006210596570755883, -0.0030186787309280892, -0.003484398881250808], [-0.003018678730928089, 0.003671789503200183, -0.00011841139763760802], [-0.003484398881250808, -0.00011841139763760797, 0.00429189947273477]], "chi2_level": 0.99, "chi2_df": 3, "chi2_threshold": 11.344866730144373, "N_raw": 27, "N_roi": 27, "N_inlier": 25, "refit": true}
{"timestamp": "18:10:06.848247", "frame": 68, "mu": [1.528410647736641, 2.1607535341259765, 1.2679203618338104], "Sigma": [[0.004194512682750683, -0.0017435256313564833, -0.0014266115966819668], [-0.0017435256313564835, 0.002027156001040705, 0.0008582216181610707], [-0.0014266115966819668, 0.0008582216181610707, 0.009217586358452691]], "chi2_level": 0.99, "chi2_df": 3, "chi2_threshold": 11.344866730144373, "N_raw": 18, "N_roi": 18, "N_inlier": 17, "refit": true}
{"timestamp": "18:10:06.905786", "frame": 69, "mu": [1.4605343096831218, 2.3271495613144597, -0.471381319315894], "Sigma": [[0.006248351909309699, -0.001823459538161226, -0.0005962857711416223], [-0.0018234595381612256, 0.0030678153698496568, -0.0016603108846235158], [-0.0005962857711416223, -0.0016603108846235163, 0.0027556613638600553]], "chi2_level": 0.99, "chi2_df": 3, "chi2_threshold": 11.344866730144373, "N_raw": 32, "N_roi": 27, "N_inlier": 26, "refit": true}
{"timestamp": "18:10:06.959860", "frame": 70, "mu": [1.4560479071095362, 2.047855754733866, 0.8458427029187162], "Sigma": [[0.006889155899180772, -0.002027841772730589, -0.0005130127691351572], [-0.002027841772730589, 0.001866250496346314, -0.0009201942449167532], [-0.0005130127691351571, -0.0009201942449167532, 0.0033234396689552715]], "chi2_level": 0.99, "chi2_df": 3, "chi2_threshold": 11.344866730144373, "N_raw": 28, "N_roi": 27, "N_inlier": 25, "refit": true}
{"timestamp": "18:10:07.017265", "frame": 71, "mu": [1.4149897047586473, 2.065358948929904, 0.7767195378843735], "Sigma": [[0.012287292942461584, 5.677059060886784e-05, 0.0022165698787020354], [5.6770590608868005e-05, 0.004933970600299592, -0.0013557265645915344], [0.0022165698787020346, -0.0013557265645915348, 0.005315157772295308]], "chi2_level": 0.99, "chi2_df": 3, "chi2_threshold": 11.344866730144373, "N_raw": 41, "N_roi": 39, "N_inlier": 37, "refit": true}
{"timestamp": "18:10:07.073100", "frame": 72, "mu": [1.30842715962877, 2.10989333119691, 0.7580940396039366], "Sigma": [[0.010678548228291833, -0.002863441530432411, 0.0020918632145519368], [-0.0028634415304324115, 0.0021166698669281636, -0.0021090593397428675], [0.0020918632145519368, -0.002109059339742867, 0.006005779653780012]], "chi2_level": 0.99, "chi2_df": 3, "chi2_threshold": 11.344866730144373, "N_raw": 44, "N_roi": 40, "N_inlier": 39, "refit": true}
{"timestamp": "18:10:07.124671", "frame": 73, "mu": [1.3364371421826018, 2.237343796436812, 0.992189217183792], "Sigma": [[0.005826196903344066, 0.0026944544514125378, 0.004856828707140178], [0.0026944544514125378, 0.005088330530391391, 0.00013165059362958405], [0.004856828707140178, 0.00013165059362958416, 0.008600991661965717]], "chi2_level": 0.99, "chi2_df": 3, "chi2_threshold": 11.344866730144373, "N_raw": 24, "N_roi": 24, "N_inlier": 24, "refit": true}
{"timestamp": "18:10:07.287107", "frame": 76, "mu": [1.5318378553493381, 2.3696946821417693, 0.8194625548697682], "Sigma": [[0.016486130213176978, -0.013947605747038728, -0.048404333578069426], [-0.013947605747038728, 0.01411502987239359, 0.04080417860220388], [-0.048404333578069426, 0.04080417860220388, 0.14753428838005717]], "chi2_level": 0.99, "chi2_df": 3, "chi2_threshold": 11.344866730144373, "N_raw": 11, "N_roi": 11, "N_inlier": 10, "refit": true}
{"timestamp": "18:10:07.342039", "frame": 77, "mu": [1.331411312234564, 2.1993167538958587, 1.2549350452909238], "Sigma": [[0.2382696701589529, 0.3734269456466953, -0.12746675310786024], [0.37342694564669526, 0.6438858851913962, -0.1423888754470446], [-0.12746675310786024, -0.1423888754470446, 0.14139254867074855]], "chi2_level": 0.99, "chi2_df": 3, "chi2_threshold": 11.344866730144373, "N_raw": 10, "N_roi": 7, "N_inlier": 7, "refit": true}
{"timestamp": "18:10:07.399154", "frame": 78, "mu": [1.477062880813863, 2.61941487549689, 1.4528184431647042], "Sigma": [[0.007513360099975481, -0.0009335520568555151, 0.0028435220413404894], [-0.0009335520568555147, 0.0034173733907028408, 0.0016612898235747592], [0.0028435220413404894, 0.0016612898235747592, 0.0031394703385686767]], "chi2_level": 0.99, "chi2_df": 3, "chi2_threshold": 11.344866730144373, "N_raw": 23, "N_roi": 23, "N_inlier": 22, "refit": true}
{"timestamp": "18:10:07.453216", "frame": 79, "mu": [1.4776346477899327, 2.615354110608601, 1.329443252713034], "Sigma": [[0.003542110308397999, -0.0005146759913214782, -0.004114861977499443], [-0.0005146759913214783, 0.0017109629028445937, -0.0008389278567815174], [-0.004114861977499443, -0.0008389278567815174, 0.01190526325737845]], "chi2_level": 0.99, "chi2_df": 3, "chi2_threshold": 11.344866730144373, "N_raw": 15, "N_roi": 15, "N_inlier": 14, "refit": true}
{"timestamp": "18:10:07.507391", "frame": 80, "mu": [1.5579287796979444, 2.630589292274977, 1.2201619649862492], "Sigma": [[0.0031791235350282477, -0.001819995895900164, -0.006542481535310053], [-0.0018199958959001638, 0.0066426597620402586, 0.022115715874765032], [-0.006542481535310053, 0.022115715874765032, 0.10792854126412946]], "chi2_level": 0.99, "chi2_df": 3, "chi2_threshold": 11.344866730144373, "N_raw": 11, "N_roi": 11, "N_inlier": 11, "refit": true}
{"timestamp": "18:10:07.564520", "frame": 81, "mu": [1.4769346118568738, 2.7547672895314665, 1.3468723878576099], "Sigma": [[0.005463779640526604, -0.00205415585804229, 0.0012031127033664017], [-0.0020541558580422906, 0.0025312153298454004, -0.0014889545021062114], [0.0012031127033664017, -0.0014889545021062114, 0.0022766724812683754]], "chi2_level": 0.99, "chi2_df": 3, "chi2_threshold": 11.344866730144373, "N_raw": 23, "N_roi": 20, "N_inlier": 19, "refit": true}
{"timestamp": "18:10:07.619346", "frame": 82, "mu": [1.5271117331982704, 2.7499034433485186, 1.1900066519772297], "Sigma": [[0.004916677795827307, -0.0024164178599200736, -0.0024578990433249126], [-0.0024164178599200736, 0.0025762365037834242, -0.0011830061775102057], [-0.0024578990433249126, -0.0011830061775102054, 0.009562500475132732]], "chi2_level": 0.99, "chi2_df": 3, "chi2_threshold": 11.344866730144373, "N_raw": 23, "N_roi": 21, "N_inlier": 19, "refit": true}
{"timestamp": "18:10:07.674841", "frame": 83, "mu": [1.5555280239796714, 2.8139102601929125, 1.3524025405878266], "Sigma": [[0.007106044999718752, -0.004746856371553886, -5.1433907666286784e-05], [-0.004746856371553886, 0.00488243712072215, -0.003539813127789599], [-5.1433907666286784e-05, -0.003539813127789599, 0.013610878906021768]], "chi2_level": 0.99, "chi2_df": 3, "chi2_threshold": 11.344866730144373, "N_raw": 30, "N_roi": 29, "N_inlier": 28, "refit": true}
{"timestamp": "18:10:07.730475", "frame": 84, "mu": [1.5519659172713927, 2.84590067982655, 1.1198968879644435], "Sigma": [[0.008573245495934178, -0.003511145747526747, -0.00923248286240372], [-0.003511145747526747, 0.0028309514637811627, 0.0006767127504552256], [-0.009232482862403722, 0.0006767127504552257, 0.040107946459358834]], "chi2_level": 0.99, "chi2_df": 3, "chi2_threshold": 11.344866730144373, "N_raw": 32, "N_roi": 32, "N_inlier": 30, "refit": true}
{"timestamp": "18:10:07.782227", "frame": 85, "mu": [1.5774151694178347, 2.8825323639426106, 1.1173034575328975], "Sigma": [[0.005961052791449703, 0.0015366165188437052, -0.022175174363604368], [0.0015366165188437052, 0.001508092756146987, -0.00869642217096964], [-0.022175174363604364, -0.00869642217096964, 0.12221558672590861]], "chi2_level": 0.99, "chi2_df": 3, "chi2_threshold": 11.344866730144373, "N_raw": 10, "N_roi": 7, "N_inlier": 7, "refit": true}
{"timestamp": "18:10:07.839871", "frame": 86, "mu": [1.5959576662145742, 2.8731784295551073, 1.079772768781838], "Sigma": [[0.00904056451291423, -0.003358104422678134, -0.004937350346991265], [-0.0033581044226781336, 0.003045416589596015, 6.617988618042286e-05], [-0.004937350346991265, 6.617988618042297e-05, 0.009726798417092996]], "chi2_level": 0.99, "chi2_df": 3, "chi2_threshold": 11.344866730144373, "N_raw": 28, "N_roi": 28, "N_inlier": 27, "refit": true}
{"timestamp": "18:10:07.894043", "frame": 87, "mu": [1.5516442450119106, 2.9140862786288624, 1.0542469432347117], "Sigma": [[0.006890585334873504, -0.002317002540727163, -0.0004482649696904772], [-0.002317002540727163, 0.0025162458923188753, -0.0019783627810698217], [-0.0004482649696904772, -0.0019783627810698217, 0.005293743611645179]], "chi2_level": 0.99, "chi2_df": 3, "chi2_threshold": 11.344866730144373, "N_raw": 22, "N_roi": 22, "N_inlier": 19, "refit": true}
{"timestamp": "18:10:08.004060", "frame": 89, "mu": [1.6323893000086298, 2.980915870258137, 1.1208178945451253], "Sigma": [[0.009052259369834732, -0.00410900311087821, -0.004955219544338268], [-0.00410900311087821, 0.0030419836284685114, 0.0008984110113438222], [-0.0049552195443382675, 0.000898411011343822, 0.009078822846720902]], "chi2_level": 0.99, "chi2_df": 3, "chi2_threshold": 11.344866730144373, "N_raw": 22, "N_roi": 22, "N_inlier": 21, "refit": true}
{"timestamp": "18:10:08.058273", "frame": 90, "mu": [1.6825602246121159, 3.0324713215005334, 1.023770611547146], "Sigma": [[0.0056677546988716755, -0.00297541317360086, -0.007193793729896772], [-0.00297541317360086, 0.002468494607278043, 0.0016030051433706173], [-0.007193793729896772, 0.0016030051433706173, 0.018112427755203532]], "chi2_level": 0.99, "chi2_df": 3, "chi2_threshold": 11.344866730144373, "N_raw": 15, "N_roi": 13, "N_inlier": 13, "refit": true}
{"timestamp": "18:10:08.115778", "frame": 91, "mu": [1.6926907683285874, 3.0279129872051844, 0.9063403554507291], "Sigma": [[0.020527767108828587, -0.009045289071392872, -0.0136206699895545], [-0.009045289071392874, 0.006005478088055187, 0.003911559542251022], [-0.0136206699895545, 0.003911559542251022, 0.014238696107809918]], "chi2_level": 0.99, "chi2_df": 3, "chi2_threshold": 11.344866730144373, "N_raw": 39, "N_roi": 39, "N_inlier": 38, "refit": true}
{"timestamp": "18:10:08.226285", "frame": 93, "mu": [1.5919312946827897, 3.2946857061230403, -0.0016005733459861175], "Sigma": [[0.015270229597135502, -0.004457044618162242, -0.010335517893438492], [-0.004457044618162242, 0.004668312072044562, -0.001440774840089489], [-0.010335517893438492, -0.0014407748400894894, 0.01504299686640614]], "chi2_level": 0.99, "chi2_df": 3, "chi2_threshold": 11.344866730144373, "N_raw": 35, "N_roi": 35, "N_inlier": 34, "refit": true}
{"timestamp": "18:10:08.281682", "frame": 94, "mu": [1.5937158037393404, 3.2077976695181056, 0.967136160273788], "Sigma": [[0.01759330100080684, -0.006759703948058495, -0.007427769091352941], [-0.006759703948058495, 0.003776463584667655, 0.00019868763175342335], [-0.007427769091352941, 0.00019868763175342357, 0.014843060335027948]], "chi2_level": 0.99, "chi2_df": 3, "chi2_threshold": 11.344866730144373, "N_raw": 36, "N_roi": 36, "N_inlier": 36, "refit": true}
{"timestamp": "18:10:08.338916", "frame": 95, "mu": [1.563510896984247, 3.1736260692287637, 0.686869825720093], "Sigma": [[0.031068657963553646, -0.010402920558210888, -0.020665317573770506], [-0.01040292055821089, 0.006919385432184399, 0.007849626348958534], [-0.020665317573770506, 0.007849626348958534, 0.024160096177668296]], "chi2_level": 0.99, "chi2_df": 3, "chi2_threshold": 11.344866730144373, "N_raw": 55, "N_roi": 52, "N_inlier": 51, "refit": true}
{"timestamp": "18:10:08.393811", "frame": 96, "mu": [1.4635653306053242, 3.290048538161647, 0.9334607668838442], "Sigma": [[0.020608432192631986, -0.0005764544833977753, 0.0044040399101154225], [-0.0005764544833977753, 0.0036423093481120607, -0.0008712539841383613], [0.0044040399101154225, -0.0008712539841383613, 0.005341324057129786]], "chi2_level": 0.99, "chi2_df": 3, "chi2_threshold": 11.344866730144373, "N_raw": 51, "N_roi": 48, "N_inlier": 46, "refit": true}
{"timestamp": "18:10:08.445205", "frame": 97, "mu": [1.4921900024444321, 3.360579304673212, 1.0424343793969781], "Sigma": [[0.03880618715002288, -0.008876918379633968, -0.024222535454759334], [-0.008876918379633968, 0.0048361386674034565, 0.0069992449688323416], [-0.02422253545475933, 0.0069992449688323416, 0.019688778580293675]], "chi2_level": 0.99, "chi2_df": 3, "chi2_threshold": 11.344866730144373, "N_raw": 31, "N_roi": 29, "N_inlier": 28, "refit": true}
{"timestamp": "18:10:08.500778", "frame": 98, "mu": [1.5332077858629332, 3.4189656989448403, 1.093632197688355], "Sigma": [[0.0189034388244371, -0.006136920297323537, -0.009947484022790373], [-0.006136920297323536, 0.0037001940156181704, 0.0016663382793271212], [-0.009947484022790373, 0.0016663382793271212, 0.008423581952173747]], "chi2_level": 0.99, "chi2_df": 3, "chi2_threshold": 11.344866730144373, "N_raw": 35, "N_roi": 33, "N_inlier": 33, "refit": true}
{"timestamp": "18:10:08.650394", "frame": 100, "mu": [1.6405432144428147, 3.492711642235386, 1.1093975754209737], "Sigma": [[0.01729433904697532, -0.005479057322020944, -0.007135572099748142], [-0.005479057322020942, 0.004336295720041039, 0.0017887191069952627], [-0.00713557209974814, 0.0017887191069952625, 0.003944066902422186]], "chi2_level": 0.99, "chi2_df": 3, "chi2_threshold": 11.344866730144373, "N_raw": 30, "N_roi": 28, "N_inlier": 28, "refit": true}
{"timestamp": "18:10:08.674255", "frame": 101, "mu": [1.5190841517203004, 3.5390584505402733, 1.1307831884220878], "Sigma": [[0.010498859995172975, -0.005807878540809581, -0.009060120336630345], [-0.005807878540809581, 0.004185486862437194, 0.003536180630081781], [-0.009060120336630345, 0.003536180630081781, 0.01429855105501372]], "chi2_level": 0.99, "chi2_df": 3, "chi2_threshold": 11.344866730144373, "N_raw": 24, "N_roi": 24, "N_inlier": 22, "refit": true}
{"timestamp": "18:10:08.718180", "frame": 102, "mu": [1.6763092617474389, 3.4823517157863657, 0.9412945547866887], "Sigma": [[0.012692129667885441, -0.004992826978453233, -0.006257757957904369], [-0.004992826978453233, 0.003458522240446585, 0.002451994842550447], [-0.006257757957904369, 0.0024519948425504477, 0.0039420274628545115]], "chi2_level": 0.99, "chi2_df": 3, "chi2_threshold": 11.344866730144373, "N_raw": 18, "N_roi": 18, "N_inlier": 18, "refit": true}
{"timestamp": "18:10:08.773133", "frame": 103, "mu": [1.6225560087523205, 3.5627588449777816, 1.1347947982240139], "Sigma": [[0.009825532254122683, -0.0036953379836398162, -0.005579035840637059], [-0.0036953379836398162, 0.002789297945080539, 0.0014034084689552454], [-0.0055790358406370595, 0.0014034084689552454, 0.005765839189639514]], "chi2_level": 0.99, "chi2_df": 3, "chi2_threshold": 11.344866730144373, "N_raw": 19, "N_roi": 19, "N_inlier": 18, "refit": true}
{"timestamp": "18:10:08.829933", "frame": 104, "mu": [1.6017840469492601, 3.6169974136754113, 1.2133291269855957], "Sigma": [[0.015531048884381156, -0.005983323995055592, -0.00814729207887273], [-0.005983323995055592, 0.004646874142878391, 0.001652099708838007], [-0.008147292078872732, 0.0016520997088380071, 0.007161894876179111]], "chi2_level": 0.99, "chi2_df": 3, "chi2_threshold": 11.344866730144373, "N_raw": 32, "N_roi": 32, "N_inlier": 31, "refit": true}
{"timestamp": "18:10:08.882528", "frame": 105, "mu": [1.557252894406308, 3.656523328574171, 1.2502769001163248], "Sigma": [[0.010501114871831628, -0.004862071353387557, -0.005411981196919793], [-0.004862071353387557, 0.0028249254399936, 0.0022087552917614984], [-0.005411981196919793, 0.002208755291761499, 0.004223369584545296]], "chi2_level": 0.99, "chi2_df": 3, "chi2_threshold": 11.344866730144373, "N_raw": 13, "N_roi": 13, "N_inlier": 12, "refit": true}
{"timestamp": "18:10:08.938650", "frame": 106, "mu": [1.558642463742943, 3.6985372376175865, 1.2465277161877444], "Sigma": [[0.015028506083304588, -0.006094941537090339, -0.004980896703255877], [-0.00609494153709034, 0.0043055517225016, 0.0007652791944970986], [-0.004980896703255877, 0.0007652791944970986, 0.004568724342103017]], "chi2_level": 0.99, "chi2_df": 3, "chi2_threshold": 11.344866730144373, "N_raw": 28, "N_roi": 28, "N_inlier": 27, "refit": true}
{"timestamp": "18:10:09.050615", "frame": 108, "mu": [1.5875356699056855, 3.789961910863397, 1.0498783139288674], "Sigma": [[0.0158818824866945, -0.0081589742308763, -0.012672048405447164], [-0.008158974230876302, 0.0052113930909083875, 0.004002729223726472], [-0.012672048405447164, 0.004002729223726472, 0.023563897286916463]], "chi2_level": 0.99, "chi2_df": 3, "chi2_threshold": 11.344866730144373, "N_raw": 36, "N_roi": 33, "N_inlier": 32, "refit": true}
{"timestamp": "18:10:09.103611", "frame": 109, "mu": [1.6060144947806738, 3.8013105488201933, 0.9009056207225827], "Sigma": [[0.0060909755239609625, -0.002627739814255132, -0.002850699151448678], [-0.002627739814255132, 0.002642715063602406, 0.0002434341660285562], [-0.002850699151448678, 0.00024343416602855636, 0.004518326132197811]], "chi2_level": 0.99, "chi2_df": 3, "chi2_threshold": 11.344866730144373, "N_raw": 16, "N_roi": 16, "N_inlier": 16, "refit": true}
{"timestamp": "18:10:09.157777", "frame": 110, "mu": [1.5922815094188105, 3.898861863876827, 1.1045549494241216], "Sigma": [[0.00533936581335531, -0.002934813648241916, -0.008770594837772486], [-0.002934813648241916, 0.0018328063986011451, 0.005524986880717394], [-0.008770594837772486, 0.005524986880717394, 0.05118315847717333]], "chi2_level": 0.99, "chi2_df": 3, "chi2_threshold": 11.344866730144373, "N_raw": 15, "N_roi": 10, "N_inlier": 10, "refit": true}
{"timestamp": "18:10:09.211777", "frame": 111, "mu": [1.5685765721732763, 3.9423752018754987, 0.9095604542860308], "Sigma": [[0.0026719387285330997, -0.0023901035135743885, -0.01614771036716253], [-0.0023901035135743885, 0.00418469066995648, 0.018537798570754112], [-0.01614771036716253, 0.018537798570754112, 0.14024984805790536]], "chi2_level": 0.99, "chi2_df": 3, "chi2_threshold": 11.344866730144373, "N_raw": 9, "N_roi": 7, "N_inlier": 7, "refit": true}
{"timestamp": "18:10:09.272777", "frame": 112, "mu": [1.5933187112632579, 3.9991684786633654, 0.9809905251015986], "Sigma": [[0.023260093397378112, -0.010072399497911827, -0.01183882500847803], [-0.010072399497911827, 0.0052116085728972465, 0.0026615390447406826], [-0.01183882500847803, 0.0026615390447406826, 0.027984931482944852]], "chi2_level": 0.99, "chi2_df": 3, "chi2_threshold": 11.344866730144373, "N_raw": 49, "N_roi": 38, "N_inlier": 37, "refit": true}
{"timestamp": "18:10:09.326576", "frame": 113, "mu": [1.5631855195060183, 4.055188530769227, 0.9982802145362061], "Sigma": [[0.012421041932052054, -0.005261376342366193, -0.005420329114885991], [-0.0052613763423661935, 0.003116307126979061, -5.666500066447619e-05], [-0.005420329114885991, -5.666500066447619e-05, 0.019716328016406503]], "chi2_level": 0.99, "chi2_df": 3, "chi2_threshold": 11.344866730144373, "N_raw": 35, "N_roi": 21, "N_inlier": 21, "refit": true}
{"timestamp": "18:10:09.379791", "frame": 114, "mu": [1.6018470128380082, 4.101553617806758, 0.9904082395225475], "Sigma": [[0.021042560632859416, -0.008180163121858897, -0.005534537614357311], [-0.008180163121858897, 0.004689946731485368, 0.0016453888131293536], [-0.005534537614357311, 0.0016453888131293538, 0.004058270674085156]], "chi2_level": 0.99, "chi2_df": 3, "chi2_threshold": 11.344866730144373, "N_raw": 24, "N_roi": 24, "N_inlier": 24, "refit": true}
{"timestamp": "18:10:09.490003", "frame": 116, "mu": [1.6043824723047089, 4.193726361660117, 1.2737801778193119], "Sigma": [[0.015661762439276077, -0.0047943784891868214, -0.007572215840008125], [-0.0047943784891868214, 0.0036466999664260522, 0.0006188547475092982], [-0.007572215840008125, 0.0006188547475092982, 0.007116218860077719]], "chi2_level": 0.99, "chi2_df": 3, "chi2_threshold": 11.344866730144373, "N_raw": 31, "N_roi": 31, "N_inlier": 29, "refit": true}
{"timestamp": "18:10:09.544462", "frame": 117, "mu": [1.661699446837472, 4.208394532124548, 1.2544334811138442], "Sigma": [[0.01669248542712857, -0.00630074005415653, -0.014038289880274439], [-0.00630074005415653, 0.0039771371596522605, 0.003964204662462383], [-0.014038289880274439, 0.0039642046624623825, 0.017703145572583973]], "chi2_level": 0.99, "chi2_df": 3, "chi2_threshold": 11.344866730144373, "N_raw": 24, "N_roi": 24, "N_inlier": 23, "refit": true}
{"timestamp": "18:10:09.653128", "frame": 119, "mu": [1.6501105124937396, 4.257663721289974, 1.0815387345567316], "Sigma": [[0.012412004536701967, -0.004475679299532026, -0.005463805945050554], [-0.004475679299532026, 0.0028300165541805646, -0.0009742264568652518], [-0.005463805945050554, -0.0009742264568652515, 0.013167606386110036]], "chi2_level": 0.99, "chi2_df": 3, "chi2_threshold": 11.344866730144373, "N_raw": 20, "N_roi": 20, "N_inlier": 20, "refit": true}
{"timestamp": "18:10:09.709094", "frame": 120, "mu": [1.5648706315003291, 4.3498031060966085, 1.119919768268201], "Sigma": [[0.02204670054307129, -0.007648794394510777, -0.004890193557003928], [-0.007648794394510777, 0.0037980671512586254, 0.0003890158303320972], [-0.004890193557003928, 0.00038901583033209723, 0.00638696952149151]], "chi2_level": 0.99, "chi2_df": 3, "chi2_threshold": 11.344866730144373, "N_raw": 24, "N_roi": 24, "N_inlier": 23, "refit": true}
{"timestamp": "18:10:09.820669", "frame": 122, "mu": [1.6591968753636748, 4.504210439155118, 0.04989786185718027], "Sigma": [[0.03201605075115354, -0.004081671200295052, -0.017525447992056766], [-0.004081671200295052, 0.002698962148252138, -0.0003681206466586922], [-0.017525447992056766, -0.0003681206466586921, 0.01584914953961616]], "chi2_level": 0.99, "chi2_df": 3, "chi2_threshold": 11.344866730144373, "N_raw": 32, "N_roi": 30, "N_inlier": 30, "refit": true}
{"timestamp": "18:10:09.930578", "frame": 124, "mu": [1.7251698867671266, 4.467628237758433, 0.8936608237268706], "Sigma": [[0.02700181618887347, -0.01187903224379707, -0.024852462524441458], [-0.01187903224379707, 0.006688796918609305, 0.007920417987121252], [-0.024852462524441458, 0.007920417987121252, 0.0371529548670019]], "chi2_level": 0.99, "chi2_df": 3, "chi2_threshold": 11.344866730144373, "N_raw": 37, "N_roi": 37, "N_inlier": 36, "refit": true}
{"timestamp": "18:10:09.982380", "frame": 125, "mu": [1.5051892067112695, 4.564930037472252, 1.068536546850736], "Sigma": [[0.02159500305581715, -0.0015240618035604878, -0.016563816365068252], [-0.0015240618035604878, 0.0011886985478304186, 0.00110615217491925], [-0.016563816365068252, 0.00110615217491925, 0.016669788818517967]], "chi2_level": 0.99, "chi2_df": 3, "chi2_threshold": 11.344866730144373, "N_raw": 8, "N_roi": 8, "N_inlier": 8, "refit": true}
{"timestamp": "18:10:10.256830", "frame": 130, "mu": [1.688430639817956, 4.757677873024025, 1.1052973428869333], "Sigma": [[0.011648893230276824, -0.0027216546465079457, -0.0029088874485557765], [-0.0027216546465079457, 0.0014759971057956378, -0.0009931566306469887], [-0.0029088874485557756, -0.0009931566306469884, 0.007290154496651084]], "chi2_level": 0.99, "chi2_df": 3, "chi2_threshold": 11.344866730144373, "N_raw": 10, "N_roi": 10, "N_inlier": 10, "refit": true}
{"timestamp": "18:10:10.312242", "frame": 131, "mu": [1.6105391346083753, 4.79108832045096, 1.1436065353077902], "Sigma": [[0.006148275910532563, -0.0008159951478891103, -0.007252970471067911], [-0.0008159951478891099, 0.002344911287499251, -0.002212362395933364], [-0.007252970471067911, -0.002212362395933364, 0.018668159870755076]], "chi2_level": 0.99, "chi2_df": 3, "chi2_threshold": 11.344866730144373, "N_raw": 8, "N_roi": 8, "N_inlier": 8, "refit": true}
{"timestamp": "18:10:10.752938", "frame": 139, "mu": [1.5810350030298472, 4.951532807662127, 0.8375304428469779], "Sigma": [[0.0056379882153490156, -0.0013787022159785138, -0.011115804120207143], [-0.0013787022159785138, 0.0010553296158539365, 0.0032367854795640185], [-0.011115804120207143, 0.0032367854795640185, 0.025589832640496524]], "chi2_level": 0.99, "chi2_df": 3, "chi2_threshold": 11.344866730144373, "N_raw": 17, "N_roi": 7, "N_inlier": 7, "refit": true}
{"timestamp": "18:10:10.809325", "frame": 140, "mu": [1.6466901936417024, 4.920160636991977, 0.8230734698978074], "Sigma": [[0.010814476484300898, -0.002180815622518574, -0.003263992526245401], [-0.002180815622518574, 0.003168608649599226, 0.001675323159785056], [-0.0032639925262454013, 0.0016753231597850557, 0.0027799149860885217]], "chi2_level": 0.99, "chi2_df": 3, "chi2_threshold": 11.344866730144373, "N_raw": 22, "N_roi": 12, "N_inlier": 12, "refit": true}
