{"timestamp": "17:35:36.490258", "frame": 3, "mu": [2.1344719787116406, 0.9527083904064975, -0.6140673722149423], "Sigma": [[0.0015671230137856431, -0.00032823005703214067, 0.00023961798677129013], [-0.00032823005703214056, 0.010162404900530811, -0.01398281346257788], [0.00023961798677129035, -0.01398281346257788, 0.025093163501068425]], "chi2_level": 0.99, "chi2_df": 3, "chi2_threshold": 11.344866730144373, "N_raw": 9, "N_roi": 9, "N_inlier": 9, "refit": true}
{"timestamp": "17:35:36.548206", "frame": 4, "mu": [2.102404787782999, 0.8032521637498586, 1.1520918970764633], "Sigma": [[0.004925067768922066, -0.0056148882061553, -0.0014543797030588173], [-0.0056148882061553, 0.013987901481797354, -0.005156524013736619], [-0.0014543797030588171, -0.005156524013736618, 0.009753291091644368]], "chi2_level": 0.99, "chi2_df": 3, "chi2_threshold": 11.344866730144373, "N_raw": 30, "N_roi": 30, "N_inlier": 30, "refit": true}
{"timestamp": "17:35:36.655412", "frame": 6, "mu": [2.0859949694324182, 1.056038841070723, -0.7516670852105927], "Sigma": [[0.0013274342188718204, 0.0006432430083311866, -0.0014906251039511168], [0.0006432430083311866, 0.012938532309504482, -0.01410450930142928], [-0.0014906251039511168, -0.01410450930142928, 0.017717112255153114]], "chi2_level": 0.99, "chi2_df": 3, "chi2_threshold": 11.344866730144373, "N_raw": 8, "N_roi": 8, "N_inlier": 8, "refit": true}
{"timestamp": "17:35:36.710975", "frame": 7, "mu": [2.0944399527941338, 0.7143656160930537, 1.1594621148418935], "Sigma": [[0.0038867681499773535, -0.005968661250578223, -0.0005734809100544407], [-0.005968661250578223, 0.014813667839724345, -0.0007987174563165627], [-0.0005734809100544407, -0.0007987174563165627, 0.0014336265862742793]], "chi2_level": 0.99, "chi2_df": 3, "chi2_threshold": 11.344866730144373, "N_raw": 17, "N_roi": 17, "N_inlier": 16, "refit": true}
{"timestamp": "17:35:37.040423", "frame": 13, "mu": [2.1116563602108522, 0.7721472493462127, 1.236161145695295], "Sigma": [[0.0029309173341133758, -0.003619696175717702, -0.0017454008540822299], [-0.003619696175717702, 0.009945651368435192, -7.255501262875348e-06], [-0.00174540085408223, -7.25550126287524e-06, 0.0025571606115095307]], "chi2_level": 0.99, "chi2_df": 3, "chi2_threshold": 11.344866730144373, "N_raw": 15, "N_roi": 15, "N_inlier": 15, "refit": true}
{"timestamp": "17:35:37.095606", "frame": 14, "mu": [2.1310303827615837, 0.7564037002227416, 1.2280870342751904], "Sigma": [[0.002114085116120196, -0.002607036623109421, -0.003443660468576976], [-0.002607036623109421, 0.005999968149277908, 0.0009191670046735219], [-0.003443660468576976, 0.0009191670046735219, 0.02597640187889645]], "chi2_level": 0.99, "chi2_df": 3, "chi2_threshold": 11.344866730144373, "N_raw": 12, "N_roi": 12, "N_inlier": 12, "refit": true}
{"timestamp": "17:35:37.150682", "frame": 15, "mu": [2.1111143802514434, 0.8053972549882834, 1.3071951143417646], "Sigma": [[0.003569330826935393, -0.003814948384827504, -0.0014286331339627538], [-0.0038149483848275044, 0.008850329648198938, 0.00040907668409633825], [-0.0014286331339627535, 0.00040907668409633825, 0.0012052323848068963]], "chi2_level": 0.99, "chi2_df": 3, "chi2_threshold": 11.344866730144373, "N_raw": 13, "N_roi": 13, "N_inlier": 12, "refit": true}
{"timestamp": "17:35:37.262333", "frame": 17, "mu": [2.0665282436693877, 0.9566442239925, 1.2862156665340123], "Sigma": [[0.0055336924467803295, -0.005213284527861052, 0.00035622924823368177], [-0.005213284527861052, 0.013130851993448605, -0.0017519835770272824], [0.00035622924823368177, -0.0017519835770272827, 0.0008738080466846248]], "chi2_level": 0.99, "chi2_df": 3, "chi2_threshold": 11.344866730144373, "N_raw": 26, "N_roi": 26, "N_inlier": 25, "refit": true}
{"timestamp": "17:35:37.370204", "frame": 19, "mu": [1.9804554847109093, 1.230266025313071, -0.7214382169705509], "Sigma": [[0.002044292541919498, -0.0002954548274715533, -0.0004950568046368156], [-0.0002954548274715534, 0.0036981486110437673, -0.000526919765309244], [-0.0004950568046368156, -0.0005269197653092439, 0.0002189981089586813]], "chi2_level": 0.99, "chi2_df": 3, "chi2_threshold": 11.344866730144373, "N_raw": 11, "N_roi": 11, "N_inlier": 10, "refit": true}
{"timestamp": "17:35:37.425836", "frame": 20, "mu": [2.080885062633828, 0.8494965303370735, 1.0459471718915319], "Sigma": [[0.0018917857812460186, -0.0019186596843329849, -0.005028728671618299], [-0.0019186596843329849, 0.004863341024099505, 0.0037988471019612955], [-0.005028728671618299, 0.0037988471019612955, 0.019012155746119266]], "chi2_level": 0.99, "chi2_df": 3, "chi2_threshold": 11.344866730144373, "N_raw": 9, "N_roi": 9, "N_inlier": 9, "refit": true}
{"timestamp": "17:35:37.537945", "frame": 22, "mu": [2.102145945936895, 0.8881336170164502, 1.239492617119395], "Sigma": [[0.0049032555469306245, -0.005622638946538973, -0.00270281033749556], [-0.005622638946538973, 0.0175893469915989, -0.0038599449279140383], [-0.0027028103374955605, -0.0038599449279140383, 0.007449723196134306]], "chi2_level": 0.99, "chi2_df": 3, "chi2_threshold": 11.344866730144373, "N_raw": 33, "N_roi": 33, "N_inlier": 32, "refit": true}
{"timestamp": "17:35:37.704910", "frame": 25, "mu": [2.0402925455428984, 0.8863494277535237, 1.2227654182261356], "Sigma": [[0.00760904897639621, -0.007004199751315556, -0.00048002084339236013], [-0.007004199751315555, 0.015081401120681766, -0.0038301900903923436], [-0.00048002084339236013, -0.0038301900903923436, 0.004141617170730231]], "chi2_level": 0.99, "chi2_df": 3, "chi2_threshold": 11.344866730144373, "N_raw": 40, "N_roi": 40, "N_inlier": 38, "refit": true}
{"timestamp": "17:35:37.757724", "frame": 26, "mu": [2.0711085857882936, 0.7961620870488353, 1.260061855435447], "Sigma": [[0.006423830912017388, -0.005505669174110629, -0.002548833933594239], [-0.005505669174110629, 0.005823966545203274, 0.0013317032788592654], [-0.002548833933594239, 0.001331703278859265, 0.002301698604112467]], "chi2_level": 0.99, "chi2_df": 3, "chi2_threshold": 11.344866730144373, "N_raw": 9, "N_roi": 9, "N_inlier": 9, "refit": true}
{"timestamp": "17:35:37.814678", "frame": 27, "mu": [2.026964997005972, 0.8584666864389645, 1.0305072097721313], "Sigma": [[0.004798754222547427, -0.006618035714405733, -0.0027856061239813074], [-0.006618035714405733, 0.012196427188038204, 0.0005833432575339215], [-0.0027856061239813074, 0.0005833432575339215, 0.007400200511852581]], "chi2_level": 0.99, "chi2_df": 3, "chi2_threshold": 11.344866730144373, "N_raw": 27, "N_roi": 27, "N_inlier": 27, "refit": true}
{"timestamp": "17:35:37.869006", "frame": 28, "mu": [1.9743897744578431, 0.8512024355749078, 1.175937135317858], "Sigma": [[0.008097392739747434, -0.010213444597144704, -0.00266361074643776], [-0.010213444597144702, 0.016190102007171355, 0.0014044239104064203], [-0.002663610746437761, 0.0014044239104064203, 0.0029534656302427262]], "chi2_level": 0.99, "chi2_df": 3, "chi2_threshold": 11.344866730144373, "N_raw": 24, "N_roi": 24, "N_inlier": 24, "refit": true}
{"timestamp": "17:35:37.921925", "frame": 29, "mu": [2.002328879755557, 0.7264697534356169, 1.246928462105893], "Sigma": [[0.004292406477766824, -0.002940368171894315, -0.0038679107770277247], [-0.002940368171894315, 0.010423789991322143, 6.470792576368642e-05], [-0.0038679107770277243, 6.47079257636862e-05, 0.0053708187206674505]], "chi2_level": 0.99, "chi2_df": 3, "chi2_threshold": 11.344866730144373, "N_raw": 11, "N_roi": 11, "N_inlier": 11, "refit": true}
{"timestamp": "17:35:37.977603", "frame": 30, "mu": [1.971173517533082, 0.7498075619789166, 1.2204489325984345], "Sigma": [[0.0012422314579494912, 0.0008774921213128603, -0.004582586614720459], [0.0008774921213128603, 0.002877712701714421, -0.006467135422730384], [-0.004582586614720459, -0.006467135422730385, 0.02422833111515182]], "chi2_level": 0.99, "chi2_df": 3, "chi2_threshold": 11.344866730144373, "N_raw": 8, "N_roi": 8, "N_inlier": 8, "refit": true}
{"timestamp": "17:35:38.034358", "frame": 31, "mu": [1.9143088104421921, 0.8907564595263384, 1.2353497491803536], "Sigma": [[0.004383541494318699, -0.005304222253696936, -0.00016508226224743968], [-0.005304222253696936, 0.009815358202304093, -0.0013124616592832166], [-0.00016508226224743952, -0.0013124616592832166, 0.0038556223327268872]], "chi2_level": 0.99, "chi2_df": 3, "chi2_threshold": 11.344866730144373, "N_raw": 23, "N_roi": 23, "N_inlier": 21, "refit": true}
{"timestamp": "17:35:38.088306", "frame": 32, "mu": [1.9865018485329813, 0.60822759231487, 1.0261062596924204], "Sigma": [[0.00208264194109951, -0.003546791199045876, 0.00195796624793569], [-0.0035467911990458754, 0.01000849526170446, -0.00567776106012114], [0.0019579662479356904, -0.00567776106012114, 0.03966535482072309]], "chi2_level": 0.99, "chi2_df": 3, "chi2_threshold": 11.344866730144373, "N_raw": 19, "N_roi": 19, "N_inlier": 19, "refit": true}
{"timestamp": "17:35:38.143881", "frame": 33, "mu": [1.9318170190714996, 0.7139674548110077, 1.222158278764566], "Sigma": [[0.005871106192377448, -0.006347715901652612, -6.025934054899179e-05], [-0.006347715901652612, 0.013351186468295638, -0.002612266910500145], [-6.0259340548991805e-05, -0.002612266910500145, 0.0023758399007168867]], "chi2_level": 0.99, "chi2_df": 3, "chi2_threshold": 11.344866730144373, "N_raw": 28, "N_roi": 28, "N_inlier": 26, "refit": true}
{"timestamp": "17:35:38.198480", "frame": 34, "mu": [1.9246031396294536, 0.596828393580519, 1.1726117693892855], "Sigma": [[0.0025565439484371835, -0.00294648463489412, 0.0008993285009469974], [-0.00294648463489412, 0.010083915821977036, -0.004142624468505386], [0.0008993285009469973, -0.004142624468505386, 0.00288750370909474]], "chi2_level": 0.99, "chi2_df": 3, "chi2_threshold": 11.344866730144373, "N_raw": 17, "N_roi": 17, "N_inlier": 16, "refit": true}
{"timestamp": "17:35:38.256105", "frame": 35, "mu": [1.88509090622492, 0.5964396335216127, 1.1502151460578482], "Sigma": [[0.004641146662835881, -0.002363060259039412, -0.002902855907495827], [-0.0023630602590394116, 0.010615466923262339, -0.006628798616815722], [-0.002902855907495827, -0.006628798616815722, 0.015744035679921213]], "chi2_level": 0.99, "chi2_df": 3, "chi2_threshold": 11.344866730144373, "N_raw": 36, "N_roi": 36, "N_inlier": 36, "refit": true}
{"timestamp": "17:35:38.309426", "frame": 36, "mu": [1.4677661149942298, 0.523883069880877, 1.2305954778147163], "Sigma": [[1.2467925109051372, 0.039777774130050514, 0.028064990871331796], [0.039777774130050514, 0.00689125682316872, -0.0009397284196418472], [0.028064990871331793, -0.0009397284196418472, 0.004862774607430464]], "chi2_level": 0.99, "chi2_df": 3, "chi2_threshold": 11.344866730144373, "N_raw": 22, "N_roi": 22, "N_inlier": 21, "refit": true}
{"timestamp": "17:35:38.418741", "frame": 38, "mu": [1.73905682502674, 0.5961340190137527, 1.2251498796557456], "Sigma": [[0.003683227749274492, -0.003645994342751895, 0.0005864183596781427], [-0.0036459943427518955, 0.01764225001039448, -0.0004994138999231231], [0.0005864183596781429, -0.0004994138999231231, 0.000574474902527515]], "chi2_level": 0.99, "chi2_df": 3, "chi2_threshold": 11.344866730144373, "N_raw": 21, "N_roi": 21, "N_inlier": 19, "refit": true}
{"timestamp": "17:35:38.475836", "frame": 39, "mu": [0.583482739249273, 0.48034250620423363, 1.1698600607267964], "Sigma": [[2.451391388179297, 0.08076014803547185, 0.006523206903218708], [0.08076014803547185, 0.011117945009509874, -0.0008802179223269213], [0.006523206903218708, -0.0008802179223269213, 0.0005761880139484665]], "chi2_level": 0.99, "chi2_df": 3, "chi2_threshold": 11.344866730144373, "N_raw": 35, "N_roi": 35, "N_inlier": 34, "refit": true}
{"timestamp": "17:35:38.529753", "frame": 40, "mu": [0.7484320182378614, 0.5349022148162639, -0.8648688356244386], "Sigma": [[2.0132404084549447, -0.03619171166945, -0.056492977722539806], [-0.03619171166945, 0.006385455136476829, 0.0030587360498740297], [-0.056492977722539806, 0.0030587360498740297, 0.007337009751342252]], "chi2_level": 0.99, "chi2_df": 3, "chi2_threshold": 11.344866730144373, "N_raw": 28, "N_roi": 28, "N_inlier": 27, "refit": true}
{"timestamp": "17:35:38.583197", "frame": 41, "mu": [1.5773974159223894, 0.48297417266236364, 1.1370413801160948], "Sigma": [[0.0029717802310054997, -0.004241451273461384, -0.00021711826792402585], [-0.004241451273461384, 0.009015267034391594, -0.001057343226291501], [-0.0002171182679240258, -0.0010573432262915015, 0.0024524642129418995]], "chi2_level": 0.99, "chi2_df": 3, "chi2_threshold": 11.344866730144373, "N_raw": 20, "N_roi": 20, "N_inlier": 18, "refit": true}
{"timestamp": "17:35:38.640528", "frame": 42, "mu": [1.175364195521013, 0.507262662903444, 1.2755355571943232], "Sigma": [[0.9584437275053331, 0.05722844811284716, 0.008278356934907473], [0.05722844811284716, 0.013247799400989678, 4.9362371677483014e-05], [0.008278356934907473, 4.936237167748312e-05, 0.0032528244649304462]], "chi2_level": 0.99, "chi2_df": 3, "chi2_threshold": 11.344866730144373, "N_raw": 29, "N_roi": 29, "N_inlier": 27, "refit": true}
{"timestamp": "17:35:38.695785", "frame": 43, "mu": [0.9403195776756733, 0.4383717452781536, 1.1607777490478948], "Sigma": [[1.285021701033145, 0.06824983060449641, -8.26747006724398e-06], [0.06824983060449641, 0.011278895833352924, 0.0007532315565534173], [-8.267470067243113e-06, 0.0007532315565534171, 0.008933065989752348]], "chi2_level": 0.99, "chi2_df": 3, "chi2_threshold": 11.344866730144373, "N_raw": 30, "N_roi": 30, "N_inlier": 29, "refit": true}
{"timestamp": "17:35:38.748333", "frame": 44, "mu": [1.3712094382721083, 0.4943101311960477, 1.22227676838067], "Sigma": [[0.004706026364753856, -0.0036814543879933334, -0.006616763152551436], [-0.0036814543879933326, 0.0074361455951657265, 0.008406251086819312], [-0.006616763152551437, 0.008406251086819312, 0.05217601149648343]], "chi2_level": 0.99, "chi2_df": 3, "chi2_threshold": 11.344866730144373, "N_raw": 18, "N_roi": 18, "N_inlier": 17, "refit": true}
{"timestamp": "17:35:38.805326", "frame": 45, "mu": [1.2748807703862715, 0.7627240798060271, -0.5349260369334572], "Sigma": [[0.0032868941740257984, 0.0012379707451791542, -0.0052134411944247516], [0.0012379707451791542, 0.014991687632631473, -0.024756710415879252], [-0.005213441194424752, -0.02475671041587925, 0.056490206440179255]], "chi2_level": 0.99, "chi2_df": 3, "chi2_threshold": 11.344866730144373, "N_raw": 25, "N_roi": 25, "N_inlier": 25, "refit": true}
{"timestamp": "17:35:38.862269", "frame": 46, "mu": [1.2247208332748822, 0.586518229716477, 1.253521126337977], "Sigma": [[0.003231475724535841, -0.0028558300770207606, -0.002982384180658961], [-0.0028558300770207606, 0.016964646792742892, -0.02082172577203458], [-0.0029823841806589624, -0.02082172577203458, 0.05703664589438134]], "chi2_level": 0.99, "chi2_df": 3, "chi2_threshold": 11.344866730144373, "N_raw": 42, "N_roi": 42, "N_inlier": 42, "refit": true}
{"timestamp": "17:35:38.918662", "frame": 47, "mu": [1.1961960509500678, 0.658845765019876, -0.4887147897730797], "Sigma": [[0.0065349466502384055, -0.0019391946295802681, -0.007654962477062563], [-0.0019391946295802685, 0.005718531849122214, -0.0004795913590273814], [-0.007654962477062563, -0.00047959135902738147, 0.014397636780885325]], "chi2_level": 0.99, "chi2_df": 3, "chi2_threshold": 11.344866730144373, "N_raw": 50, "N_roi": 50, "N_inlier": 48, "refit": true}
{"timestamp": "17:35:38.971405", "frame": 48, "mu": [1.1457501787982598, 0.48319549821917335, 1.2963741295169422], "Sigma": [[0.004419763583926428, -0.0043009442935857374, -0.0076587474937904925], [-0.004300944293585737, 0.013421887772217188, 0.00038651610694791856], [-0.0076587474937904925, 0.0003865161069479192, 0.04078001702353955]], "chi2_level": 0.99, "chi2_df": 3, "chi2_threshold": 11.344866730144373, "N_raw": 37, "N_roi": 37, "N_inlier": 36, "refit": true}
{"timestamp": "17:35:39.026389", "frame": 49, "mu": [1.1758313851920847, 0.3664239798139642, 1.1386908179663806], "Sigma": [[0.0029714774495255593, -0.00248835272452012, -0.000993509607377143], [-0.00248835272452012, 0.00919233032106099, -0.005074499501211368], [-0.000993509607377143, -0.005074499501211368, 0.006458013788795816]], "chi2_level": 0.99, "chi2_df": 3, "chi2_threshold": 11.344866730144373, "N_raw": 33, "N_roi": 33, "N_inlier": 30, "refit": true}
{"timestamp": "17:35:39.080477", "frame": 50, "mu": [1.0394628629671214, 0.49395876717995574, 1.2685131266580387], "Sigma": [[0.0038132445310658874, -0.0008525353749951933, -0.007189330051923846], [-0.000852535374995193, 0.002787879739107346, -0.0010232638044190968], [-0.007189330051923847, -0.0010232638044190966, 0.029625042966347246]], "chi2_level": 0.99, "chi2_df": 3, "chi2_threshold": 11.344866730144373, "N_raw": 28, "N_roi": 28, "N_inlier": 28, "refit": true}
{"timestamp": "17:35:39.141404", "frame": 51, "mu": [0.9490866399640855, 0.5779929528712366, -0.7077256396057621], "Sigma": [[0.0032563078221014684, -0.0007021699478769708, -0.0030039175406917644], [-0.0007021699478769708, 0.003494578582880409, 0.0034692903459870982], [-0.003003917540691764, 0.0034692903459870982, 0.040882772974852453]], "chi2_level": 0.99, "chi2_df": 3, "chi2_threshold": 11.344866730144373, "N_raw": 73, "N_roi": 73, "N_inlier": 70, "refit": true}
{"timestamp": "17:35:39.191616", "frame": 52, "mu": [0.9049566032314075, 0.7041636729945342, -0.6198178384636666], "Sigma": [[0.002582503852334741, 0.0006947132650771097, -0.005064715298482887], [0.0006947132650771097, 0.006592340915990552, -0.011419507083723808], [-0.005064715298482886, -0.01141950708372381, 0.02950036583809098]], "chi2_level": 0.99, "chi2_df": 3, "chi2_threshold": 11.344866730144373, "N_raw": 35, "N_roi": 35, "N_inlier": 34, "refit": true}
{"timestamp": "17:35:39.246503", "frame": 53, "mu": [0.7985096321401548, 0.525833349313273, 1.381556133714735], "Sigma": [[0.0029055588520689513, -0.0010887153930599178, -0.00465725886600158], [-0.0010887153930599178, 0.003133100351623567, 0.0006456808931758532], [-0.004657258866001581, 0.0006456808931758532, 0.014374478469077752]], "chi2_level": 0.99, "chi2_df": 3, "chi2_threshold": 11.344866730144373, "N_raw": 33, "N_roi": 33, "N_inlier": 32, "refit": true}
{"timestamp": "17:35:39.301999", "frame": 54, "mu": [0.7778799173719966, 0.5125520906210574, 1.2229540743225427], "Sigma": [[0.004202983799656041, -0.003366809933948913, -0.005335633403182037], [-0.003366809933948913, 0.004733936798808018, -0.001548307830470496], [-0.005335633403182037, -0.0015483078304704963, 0.03497275011181978]], "chi2_level": 0.99, "chi2_df": 3, "chi2_threshold": 11.344866730144373, "N_raw": 45, "N_roi": 45, "N_inlier": 44, "refit": true}
{"timestamp": "17:35:39.356413", "frame": 55, "mu": [0.6807365985348165, 0.5152030335188571, 1.40396252638189], "Sigma": [[0.0033606193755843844, -0.0015369121578643987, -0.004417284588623243], [-0.0015369121578643987, 0.0019534831028625815, 0.0011675860924126227], [-0.004417284588623243, 0.0011675860924126227, 0.007644290348637352]], "chi2_level": 0.99, "chi2_df": 3, "chi2_threshold": 11.344866730144373, "N_raw": 40, "N_roi": 39, "N_inlier": 36, "refit": true}
{"timestamp": "17:35:39.414268", "frame": 56, "mu": [0.641407769036812, 0.5066493962261798, 1.403749590779518], "Sigma": [[0.002708315298086228, -0.0008056854323074431, -0.003320581079476092], [-0.0008056854323074432, 0.0021560162896346142, -0.0013257723011863096], [-0.003320581079476092, -0.0013257723011863094, 0.008472032834722672]], "chi2_level": 0.99, "chi2_df": 3, "chi2_threshold": 11.344866730144373, "N_raw": 50, "N_roi": 50, "N_inlier": 46, "refit": true}
{"timestamp": "17:35:39.465882", "frame": 57, "mu": [0.5941969688442363, 0.4975649466318103, 1.248726795402192], "Sigma": [[0.0030147171098014102, -0.0010399977075867491, -0.00954883565114323], [-0.001039997707586749, 0.002816774046897617, 0.008372227813562482], [-0.009548835651143228, 0.008372227813562484, 0.2384378981203922]], "chi2_level": 0.99, "chi2_df": 3, "chi2_threshold": 11.344866730144373, "N_raw": 32, "N_roi": 32, "N_inlier": 31, "refit": true}
{"timestamp": "17:35:39.519090", "frame": 58, "mu": [0.5306318956507285, 0.5173875884732665, 1.102594709236283], "Sigma": [[0.0016075504245051078, -0.000986831160537242, -0.0019498788714141812], [-0.000986831160537242, 0.0016324348917867008, 0.003189514537693939], [-0.0019498788714141812, 0.003189514537693939, 0.17020878369831624]], "chi2_level": 0.99, "chi2_df": 3, "chi2_threshold": 11.344866730144373, "N_raw": 23, "N_roi": 23, "N_inlier": 21, "refit": true}
{"timestamp": "17:35:39.573112", "frame": 59, "mu": [0.4157471145680481, 0.4957693020332688, 0.6805842996768913], "Sigma": [[0.020573815957934054, 0.006274793530319602, 0.06596715486348818], [0.006274793530319602, 0.00331856148779554, 0.01762917123804131], [0.06596715486348818, 0.01762917123804131, 0.40385854406715666]], "chi2_level": 0.99, "chi2_df": 3, "chi2_threshold": 11.344866730144373, "N_raw": 12, "N_roi": 12, "N_inlier": 11, "refit": true}
{"timestamp": "17:35:39.631059", "frame": 60, "mu": [0.4369444285792792, 0.49229989396756696, 1.1118536350761], "Sigma": [[0.01320343916899811, -0.007202670084140051, 0.031025441480050115], [-0.007202670084140051, 0.0050159224879778195, -0.020797281134767878], [0.031025441480050115, -0.020797281134767878, 0.10623982328219687]], "chi2_level": 0.99, "chi2_df": 3, "chi2_threshold": 11.344866730144373, "N_raw": 38, "N_roi": 38, "N_inlier": 34, "refit": true}
{"timestamp": "17:35:39.688350", "frame": 61, "mu": [0.37545144987146034, 0.6473824952510719, -0.6139728401937454], "Sigma": [[0.0019197230144536107, -0.000579420742273664, -0.001715248724380549], [-0.0005794207422736638, 0.001640105002729017, -0.001764695740339772], [-0.001715248724380549, -0.001764695740339772, 0.005757097494637468]], "chi2_level": 0.99, "chi2_df": 3, "chi2_threshold": 11.344866730144373, "N_raw": 52, "N_roi": 51, "N_inlier": 45, "refit": true}
{"timestamp": "17:35:39.741694", "frame": 62, "mu": [0.30945485395402417, 0.5560134869943463, 1.3533500102345701], "Sigma": [[0.0016558409049866327, -0.0008000333702643371, -0.0023148196487198123], [-0.0008000333702643371, 0.0009077990069681416, 0.0003050222519931417], [-0.0023148196487198123, 0.0003050222519931417, 0.01031058836099785]], "chi2_level": 0.99, "chi2_df": 3, "chi2_threshold": 11.344866730144373, "N_raw": 42, "N_roi": 42, "N_inlier": 38, "refit": true}
{"timestamp": "17:35:39.795302", "frame": 63, "mu": [0.1970189227211703, 0.7115674234496854, -0.5696148804240045], "Sigma": [[0.0009704480227652811, 0.00021195491503123376, -0.004093594688136633], [0.00021195491503123376, 0.006974130867341518, -0.021193379073692363], [-0.004093594688136634, -0.021193379073692363, 0.07968617161444944]], "chi2_level": 0.99, "chi2_df": 3, "chi2_threshold": 11.344866730144373, "N_raw": 29, "N_roi": 29, "N_inlier": 27, "refit": true}
{"timestamp": "17:35:39.857580", "frame": 64, "mu": [0.16227356541214663, 0.5276623124002908, 1.3153711112569098], "Sigma": [[0.003087241673365441, -0.0027199822666645382, -0.005681747335385425], [-0.002719982266664538, 0.003908188806730551, 0.00396777688385215], [-0.005681747335385425, 0.00396777688385215, 0.014619294182316455]], "chi2_level": 0.99, "chi2_df": 3, "chi2_threshold": 11.344866730144373, "N_raw": 80, "N_roi": 80, "N_inlier": 78, "refit": true}
{"timestamp": "17:35:39.912248", "frame": 65, "mu": [0.09700908343664931, 0.723215542800424, -0.4958995708420858], "Sigma": [[0.004037401576491643, 0.0004478038531731718, -0.007149575542364976], [0.00044780385317317185, 0.0015890323811187945, -0.001857648335476273], [-0.007149575542364976, -0.0018576483354762732, 0.016302957902764616]], "chi2_level": 0.99, "chi2_df": 3, "chi2_threshold": 11.344866730144373, "N_raw": 72, "N_roi": 72, "N_inlier": 67, "refit": true}
{"timestamp": "17:35:39.969863", "frame": 66, "mu": [0.03347673787189721, 0.5444658433086822, 1.3497758389266183], "Sigma": [[0.0040101183932951525, -0.0019154773100746032, -0.00770153929479929], [-0.0019154773100746032, 0.0035263070313927146, 0.0027522837539434046], [-0.00770153929479929, 0.0027522837539434054, 0.019157544224363603]], "chi2_level": 0.99, "chi2_df": 3, "chi2_threshold": 11.344866730144373, "N_raw": 97, "N_roi": 97, "N_inlier": 93, "refit": true}
{"timestamp": "17:35:40.020663", "frame": 67, "mu": [-0.08892671133984294, 0.5734771260714528, 1.471694853351199], "Sigma": [[0.0018817805826768753, -0.0005399216652140252, 0.00038598948617922025], [-0.0005399216652140252, 0.0022935957462554375, -0.0018650611612594289], [0.00038598948617922025, -0.0018650611612594289, 0.0015693510294938597]], "chi2_level": 0.99, "chi2_df": 3, "chi2_threshold": 11.344866730144373, "N_raw": 70, "N_roi": 70, "N_inlier": 65, "refit": true}
{"timestamp": "17:35:40.078646", "frame": 68, "mu": [-0.09487030943095144, 0.5484272746028961, 1.3527493295461388], "Sigma": [[0.0018563359730128487, 8.240249421643462e-05, -0.002511651567388589], [8.24024942164346e-05, 0.001313760361018933, -0.0028272536507930944], [-0.0025116515673885894, -0.0028272536507930944, 0.010736654502506186]], "chi2_level": 0.99, "chi2_df": 3, "chi2_threshold": 11.344866730144373, "N_raw": 88, "N_roi": 88, "N_inlier": 86, "refit": true}
{"timestamp": "17:35:40.134186", "frame": 69, "mu": [-0.10764685960836506, 0.4914989857972467, 1.2798532045956814], "Sigma": [[0.0024763554914623382, -0.000312047085950661, -0.0024035705682353007], [-0.00031204708595066095, 0.0008503582086387935, -0.00047590657783080925], [-0.0024035705682353007, -0.00047590657783080925, 0.010077189270964725]], "chi2_level": 0.99, "chi2_df": 3, "chi2_threshold": 11.344866730144373, "N_raw": 86, "N_roi": 86, "N_inlier": 81, "refit": true}
{"timestamp": "17:35:40.183474", "frame": 70, "mu": [-0.2111036226737551, 0.502226910183752, 1.2960544393699784], "Sigma": [[0.003517179757527248, -0.0014308500615857044, 0.009988805262806443], [-0.0014308500615857044, 0.0009046246662595246, -0.005466099480047328], [0.009988805262806441, -0.005466099480047328, 0.052389343724251095]], "chi2_level": 0.99, "chi2_df": 3, "chi2_threshold": 11.344866730144373, "N_raw": 42, "N_roi": 42, "N_inlier": 38, "refit": true}
{"timestamp": "17:35:40.238475", "frame": 71, "mu": [-0.27642438751875237, 0.5018685311663769, 1.3767619822254626], "Sigma": [[0.0010232331627990003, -0.0006833995236363907, -0.001389299306464798], [-0.0006833995236363907, 0.0013837147497468328, 0.002263237090116722], [-0.001389299306464798, 0.002263237090116722, 0.012811189139177004]], "chi2_level": 0.99, "chi2_df": 3, "chi2_threshold": 11.344866730144373, "N_raw": 52, "N_roi": 52, "N_inlier": 47, "refit": true}
{"timestamp": "17:35:40.297003", "frame": 72, "mu": [-0.2829294194520792, 0.5050650599375642, 1.3112990141868976], "Sigma": [[0.0017537053443814966, -0.0002072316677086663, -0.002344540496609863], [-0.00020723166770866624, 0.0015279657681859747, -0.0027630401728661854], [-0.002344540496609863, -0.0027630401728661854, 0.011382329130081466]], "chi2_level": 0.99, "chi2_df": 3, "chi2_threshold": 11.344866730144373, "N_raw": 77, "N_roi": 77, "N_inlier": 74, "refit": true}
{"timestamp": "17:35:40.351363", "frame": 73, "mu": [-0.36378001432854457, 0.49434802845065734, 1.3325857291108965], "Sigma": [[0.0017159650214836413, -0.0006639038399261995, -8.644331633418999e-05], [-0.0006639038399261993, 0.000833657787707628, -0.0014172766374177968], [-8.644331633419e-05, -0.0014172766374177968, 0.0050442919439183]], "chi2_level": 0.99, "chi2_df": 3, "chi2_threshold": 11.344866730144373, "N_raw": 60, "N_roi": 60, "N_inlier": 55, "refit": true}
{"timestamp": "17:35:40.405648", "frame": 74, "mu": [-0.4144264098625985, 0.7016175262100705, -0.5440182434163767], "Sigma": [[0.002305681614163971, -0.0004771848950759338, -0.000596928009937908], [-0.0004771848950759337, 0.002313456082010212, -0.0027074406095364697], [-0.000596928009937908, -0.0027074406095364697, 0.004349054677726299]], "chi2_level": 0.99, "chi2_df": 3, "chi2_threshold": 11.344866730144373, "N_raw": 70, "N_roi": 70, "N_inlier": 65, "refit": true}
{"timestamp": "17:35:40.463631", "frame": 75, "mu": [-0.537648942118449, 0.6056700030762705, -0.5051854788862647], "Sigma": [[0.020291640299167336, 0.00970247376756893, -0.0163860604841359], [0.00970247376756893, 0.0075471991545587366, -0.011405623865335775], [-0.0163860604841359, -0.011405623865335775, 0.018787929370556296]], "chi2_level": 0.99, "chi2_df": 3, "chi2_threshold": 11.344866730144373, "N_raw": 86, "N_roi": 86, "N_inlier": 79, "refit": true}
{"timestamp": "17:35:40.517370", "frame": 76, "mu": [-0.6761342089999087, 0.5139632221780681, -0.4354525530990349], "Sigma": [[0.027162308567112783, 0.018637810511989157, -0.010334651574354146], [0.01863781051198916, 0.01690932820067629, -0.008859966591624687], [-0.010334651574354146, -0.008859966591624687, 0.013121741111328765]], "chi2_level": 0.99, "chi2_df": 3, "chi2_threshold": 11.344866730144373, "N_raw": 75, "N_roi": 75, "N_inlier": 71, "refit": true}
{"timestamp": "17:35:40.576942", "frame": 77, "mu": [-0.7245792057010478, 0.40445394046174105, 1.4793899591331923], "Sigma": [[0.022419896646921025, 0.008238075353972129, -0.01813080625191906], [0.008238075353972129, 0.006258554624918815, -0.009751736373644546], [-0.01813080625191906, -0.009751736373644546, 0.02244609675677224]], "chi2_level": 0.99, "chi2_df": 3, "chi2_threshold": 11.344866730144373, "N_raw": 107, "N_roi": 107, "N_inlier": 103, "refit": true}
{"timestamp": "17:35:40.627768", "frame": 78, "mu": [-0.7819413228730193, 0.40634186815256357, 1.4900758001153938], "Sigma": [[0.019203395850063226, 0.0044651009914163445, -0.01964695465978924], [0.0044651009914163445, 0.005052154490307, -0.007605952138852814], [-0.019646954659789242, -0.007605952138852813, 0.02535345344794002]], "chi2_level": 0.99, "chi2_df": 3, "chi2_threshold": 11.344866730144373, "N_raw": 80, "N_roi": 80, "N_inlier": 77, "refit": true}
{"timestamp": "17:35:40.679916", "frame": 79, "mu": [-0.8732700362119125, 0.3838020416683662, 1.5427302537553857], "Sigma": [[0.007666677364636078, 0.002564802480994952, -0.005642166512049581], [0.0025648024809949515, 0.003578997512719351, -0.006126527896955234], [-0.005642166512049581, -0.006126527896955233, 0.016162834619021287]], "chi2_level": 0.99, "chi2_df": 3, "chi2_threshold": 11.344866730144373, "N_raw": 62, "N_roi": 62, "N_inlier": 59, "refit": true}
{"timestamp": "17:35:40.738592", "frame": 80, "mu": [-0.881945275158508, 0.35989995250880746, 1.4189368406952287], "Sigma": [[0.011771809591770401, 0.004044713045032472, -0.000473809833199139], [0.004044713045032472, 0.0032226203809019548, -0.0027953661086852224], [-0.000473809833199139, -0.0027953661086852224, 0.006167138161495215]], "chi2_level": 0.99, "chi2_df": 3, "chi2_threshold": 11.344866730144373, "N_raw": 90, "N_roi": 90, "N_inlier": 87, "refit": true}
{"timestamp": "17:35:40.791468", "frame": 81, "mu": [-0.9605493533246133, 0.5045355505465751, -0.5036974106858763], "Sigma": [[0.009072510658848638, 0.0025925702222235965, -0.0018286678917516612], [0.0025925702222235965, 0.005525066013873384, -0.005811865237794081], [-0.0018286678917516608, -0.005811865237794081, 0.00932458055450384]], "chi2_level": 0.99, "chi2_df": 3, "chi2_threshold": 11.344866730144373, "N_raw": 70, "N_roi": 70, "N_inlier": 68, "refit": true}
{"timestamp": "17:35:40.846430", "frame": 82, "mu": [-0.8808890540134588, 0.3304810720593588, 1.1953249837781814], "Sigma": [[0.1097229439255262, 0.0008699094480149317, -0.003266379275068204], [0.0008699094480149317, 0.010768886592730101, -0.01915022483323544], [-0.0032663792750682024, -0.01915022483323544, 0.040948285668009406]], "chi2_level": 0.99, "chi2_df": 3, "chi2_threshold": 11.344866730144373, "N_raw": 71, "N_roi": 71, "N_inlier": 67, "refit": true}
{"timestamp": "17:35:40.901380", "frame": 83, "mu": [-1.009083658445173, 0.5945139881263274, -0.6182109109522576], "Sigma": [[0.008899924417125867, 0.008590223532414756, -0.015298313138233528], [0.008590223532414756, 0.0172435995818572, -0.02521729591432107], [-0.01529831313823353, -0.02521729591432107, 0.04455308356495876]], "chi2_level": 0.99, "chi2_df": 3, "chi2_threshold": 11.344866730144373, "N_raw": 67, "N_roi": 67, "N_inlier": 67, "refit": true}
{"timestamp": "17:35:40.956463", "frame": 84, "mu": [-1.1025558691757187, 0.38418967795995784, 1.359554155486503], "Sigma": [[0.008528786623820566, 0.0015396684160466966, -0.0017665706080903366], [0.0015396684160466968, 0.007313457659656277, -0.004428654144837553], [-0.0017665706080903368, -0.004428654144837553, 0.008456579653268771]], "chi2_level": 0.99, "chi2_df": 3, "chi2_threshold": 11.344866730144373, "N_raw": 76, "N_roi": 76, "N_inlier": 71, "refit": true}
{"timestamp": "17:35:41.010589", "frame": 85, "mu": [-0.799212998214287, 0.3487919050338858, 1.3554415178656118], "Sigma": [[0.7389233187952238, -0.01785005650828701, 0.030115564511653068], [-0.017850056508287013, 0.005271850667824156, -0.004271510755019019], [0.03011556451165307, -0.004271510755019019, 0.0087893855856681]], "chi2_level": 0.99, "chi2_df": 3, "chi2_threshold": 11.344866730144373, "N_raw": 70, "N_roi": 70, "N_inlier": 66, "refit": true}
{"timestamp": "17:35:41.066550", "frame": 86, "mu": [-0.8860838410231824, 0.3380236462075345, 1.2777506801263392], "Sigma": [[0.7271192397602138, -0.013482432150542907, 0.03440339940182634], [-0.013482432150542909, 0.004452341269633602, -0.0024558814224236577], [0.03440339940182634, -0.0024558814224236577, 0.016472192647321915]], "chi2_level": 0.99, "chi2_df": 3, "chi2_threshold": 11.344866730144373, "N_raw": 76, "N_roi": 76, "N_inlier": 74, "refit": true}
{"timestamp": "17:35:41.118493", "frame": 87, "mu": [-1.3144086576131708, 0.5337315331636319, 1.381790247633246], "Sigma": [[0.004691105465509181, 0.002210940954807416, 0.0016918311327501273], [0.002210940954807415, 0.008293882732195905, 0.0036917735873832017], [0.001691831132750127, 0.0036917735873832017, 0.024429217878827895]], "chi2_level": 0.99, "chi2_df": 3, "chi2_threshold": 11.344866730144373, "N_raw": 57, "N_roi": 57, "N_inlier": 54, "refit": true}
{"timestamp": "17:35:41.174943", "frame": 88, "mu": [-1.3213134243250129, 0.45473222606823427, 1.3818792988266364], "Sigma": [[0.008957031998558662, -0.0008466593060560028, -0.0008418198688522841], [-0.0008466593060560032, 0.008514769448734047, -0.00456592319385273], [-0.0008418198688522839, -0.00456592319385273, 0.003739880601952254]], "chi2_level": 0.99, "chi2_df": 3, "chi2_threshold": 11.344866730144373, "N_raw": 61, "N_roi": 61, "N_inlier": 57, "refit": true}
{"timestamp": "17:35:41.233481", "frame": 89, "mu": [-1.4324773764839445, 0.6375055054932608, -0.7598458528294051], "Sigma": [[0.035572013219564304, -0.012819695509662339, 0.040470561575514166], [-0.012819695509662339, 0.031596378048531035, -0.0357014668878968], [0.040470561575514166, -0.0357014668878968, 0.09704894406997477]], "chi2_level": 0.99, "chi2_df": 3, "chi2_threshold": 11.344866730144373, "N_raw": 89, "N_roi": 89, "N_inlier": 85, "refit": true}
{"timestamp": "17:35:41.283945", "frame": 90, "mu": [-1.2025939696135923, 0.4368976117628907, 1.2938017562923474], "Sigma": [[0.5649071453668594, -0.018584498839546583, 0.029054112068148986], [-0.018584498839546583, 0.006473379445570449, -0.0010212064744557566], [0.029054112068148986, -0.0010212064744557566, 0.016210748362666012]], "chi2_level": 0.99, "chi2_df": 3, "chi2_threshold": 11.344866730144373, "N_raw": 59, "N_roi": 59, "N_inlier": 57, "refit": true}
{"timestamp": "17:35:41.344624", "frame": 91, "mu": [-1.464190120789405, 0.5117889437480639, 1.1847908455661949], "Sigma": [[0.008453408915871983, 0.00440428100830295, 0.0003228249694662628], [0.00440428100830295, 0.008249462924684212, -0.004870939275188996], [0.0003228249694662631, -0.004870939275188996, 0.04195446105353978]], "chi2_level": 0.99, "chi2_df": 3, "chi2_threshold": 11.344866730144373, "N_raw": 95, "N_roi": 95, "N_inlier": 92, "refit": true}
{"timestamp": "17:35:41.397191", "frame": 92, "mu": [-1.5091227212968776, 0.685585030866659, -0.6736794442109855], "Sigma": [[0.007014713618457341, 0.004622609861375435, 0.004714939603850717], [0.004622609861375435, 0.01021328067200713, -0.005715385628874761], [0.004714939603850717, -0.005715385628874761, 0.024789107053441797]], "chi2_level": 0.99, "chi2_df": 3, "chi2_threshold": 11.344866730144373, "N_raw": 76, "N_roi": 76, "N_inlier": 71, "refit": true}
{"timestamp": "17:35:41.453227", "frame": 93, "mu": [-1.5571849864862997, 0.5509502191614088, 1.247987064054978], "Sigma": [[0.008452888187917217, 0.0043881896310217295, 0.0034714862990736523], [0.004388189631021729, 0.011108475851609375, -0.0005075148871773639], [0.003471486299073652, -0.0005075148871773639, 0.02572756170613063]], "chi2_level": 0.99, "chi2_df": 3, "chi2_threshold": 11.344866730144373, "N_raw": 78, "N_roi": 78, "N_inlier": 74, "refit": true}
{"timestamp": "17:35:41.507513", "frame": 94, "mu": [-1.6182445836691102, 0.6052569538002981, 1.2095115336706677], "Sigma": [[0.007537822859443537, 0.007254512440746888, 0.001548391109758197], [0.007254512440746888, 0.013802159450149816, 0.0024567085070160964], [0.001548391109758197, 0.002456708507016097, 0.031500564953848426]], "chi2_level": 0.99, "chi2_df": 3, "chi2_threshold": 11.344866730144373, "N_raw": 75, "N_roi": 75, "N_inlier": 72, "refit": true}
{"timestamp": "17:35:41.560190", "frame": 95, "mu": [-1.6402176780153936, 0.8302488753298017, -0.5177016331701964], "Sigma": [[0.008121757094486181, 0.0032791891536082876, 0.0013228408649176458], [0.0032791891536082876, 0.009875447907277752, -0.006071505335574399], [0.0013228408649176456, -0.006071505335574399, 0.019058980908420085]], "chi2_level": 0.99, "chi2_df": 3, "chi2_threshold": 11.344866730144373, "N_raw": 61, "N_roi": 61, "N_inlier": 59, "refit": true}
{"timestamp": "17:35:41.620728", "frame": 96, "mu": [-1.7171079209761864, 0.5931935717409292, 1.0754570427114376], "Sigma": [[0.00893753974945777, 0.007187073315599072, 0.006203022724620748], [0.007187073315599072, 0.014486994166689473, 0.018713856982420694], [0.006203022724620749, 0.01871385698242069, 0.09563085775484062]], "chi2_level": 0.99, "chi2_df": 3, "chi2_threshold": 11.344866730144373, "N_raw": 98, "N_roi": 98, "N_inlier": 95, "refit": true}
{"timestamp": "17:35:41.672101", "frame": 97, "mu": [-1.775164568451826, 0.6966002060322373, 1.2486169295933345], "Sigma": [[0.011182496688287705, 0.006351043183534157, 0.0016066812373991457], [0.006351043183534157, 0.014008418066836508, -0.0029422786293582964], [0.0016066812373991455, -0.002942278629358296, 0.020077636620262004]], "chi2_level": 0.99, "chi2_df": 3, "chi2_threshold": 11.344866730144373, "N_raw": 74, "N_roi": 74, "N_inlier": 69, "refit": true}
{"timestamp": "17:35:41.726397", "frame": 98, "mu": [-1.815767181669868, 0.7093689914507981, 1.1812949689303807], "Sigma": [[0.011062895064356927, 0.009579908467465672, 0.0004064142897201283], [0.009579908467465672, 0.014177071022057003, -0.0018172625220088752], [0.0004064142897201286, -0.0018172625220088745, 0.033758852668716526]], "chi2_level": 0.99, "chi2_df": 3, "chi2_threshold": 11.344866730144373, "N_raw": 78, "N_roi": 78, "N_inlier": 77, "refit": true}
{"timestamp": "17:35:41.781087", "frame": 99, "mu": [-1.8210740452091083, 0.7949640311316782, 1.2893598481093085], "Sigma": [[0.011547822208406526, 0.005300255209359651, -0.0022375445784134146], [0.005300255209359651, 0.008841265515939983, -0.006233559346413621], [-0.0022375445784134137, -0.006233559346413621, 0.014487990030456305]], "chi2_level": 0.99, "chi2_df": 3, "chi2_threshold": 11.344866730144373, "N_raw": 66, "N_roi": 66, "N_inlier": 63, "refit": true}
{"timestamp": "17:35:41.931889", "frame": 100, "mu": [-1.9431723028766976, 0.7543892420791305, 1.0881015753702308], "Sigma": [[0.028686102617362163, 0.018867711087357186, 0.039105971976556284], [0.018867711087357186, 0.022411076293371846, 0.019652811551771426], [0.039105971976556284, 0.019652811551771423, 0.10244479018205462]], "chi2_level": 0.99, "chi2_df": 3, "chi2_threshold": 11.344866730144373, "N_raw": 98, "N_roi": 98, "N_inlier": 93, "refit": true}
