{"timestamp": "15:25:23.085627", "frame": 27, "mu": [2.32005767207014, 4.921194105813104, 0.8288090020736256], "Sigma": [[0.014616662622714337, -0.004553761028477975, -0.018387179544712605], [-0.004553761028477976, 0.0015981045747655769, 0.003987349037668004], [-0.018387179544712605, 0.0039873490376680035, 0.043364904491457995]], "chi2_level": 0.95, "chi2_df": 3, "chi2_threshold": 7.814727903251179, "N_raw": 26, "N_roi": 10, "N_inlier": 10, "refit": true}
{"timestamp": "15:25:23.306326", "frame": 31, "mu": [2.098842879932047, 4.883356079520623, 0.9471776968823614], "Sigma": [[0.02124934642666345, -0.008275373124976714, 0.0018967797070728208], [-0.008275373124976714, 0.004884726373747514, -0.0038463105601439463], [0.0018967797070728212, -0.0038463105601439463, 0.01057461820580955]], "chi2_level": 0.95, "chi2_df": 3, "chi2_threshold": 7.814727903251179, "N_raw": 31, "N_roi": 30, "N_inlier": 28, "refit": true}
{"timestamp": "15:25:23.362249", "frame": 32, "mu": [2.1267577894677054, 4.832382467264066, 0.7749241227973381], "Sigma": [[0.00809168725271353, -0.0054944726480447344, -0.0019840840007693795], [-0.005494472648044735, 0.0041142908317582435, 0.0001305206930522644], [-0.0019840840007693795, 0.0001305206930522644, 0.008082118047018126]], "chi2_level": 0.95, "chi2_df": 3, "chi2_threshold": 7.814727903251179, "N_raw": 17, "N_roi": 13, "N_inlier": 12, "refit": true}
{"timestamp": "15:25:23.473928", "frame": 34, "mu": [2.0036524024665163, 4.775817391963186, 0.6232766678021305], "Sigma": [[0.018401261483019793, -0.010516324721345484, -0.0013751144956576891], [-0.010516324721345484, 0.007772571404650143, -0.0023777908309254273], [-0.0013751144956576896, -0.0023777908309254273, 0.01321920882123608]], "chi2_level": 0.95, "chi2_df": 3, "chi2_threshold": 7.814727903251179, "N_raw": 36, "N_roi": 32, "N_inlier": 31, "refit": true}
{"timestamp": "15:25:23.527974", "frame": 35, "mu": [2.0034950245394896, 4.71058998902327, 0.6588232586748787], "Sigma": [[0.016188049675956113, -0.007906220169649794, -0.0021739773399450787], [-0.007906220169649793, 0.004816167385463191, -0.0018022507424551692], [-0.0021739773399450787, -0.0018022507424551692, 0.014733262739932982]], "chi2_level": 0.95, "chi2_df": 3, "chi2_threshold": 7.814727903251179, "N_raw": 30, "N_roi": 27, "N_inlier": 26, "refit": true}
{"timestamp": "15:25:23.585644", "frame": 36, "mu": [1.9070530546659283, 4.673090332946551, 0.4670966419162931], "Sigma": [[0.030791296479873775, -0.012892215647081543, -0.0064784621338642365], [-0.012892215647081541, 0.007193569701230714, -0.00044400901205836796], [-0.0064784621338642365, -0.00044400901205836774, 0.02155830868240715]], "chi2_level": 0.95, "chi2_df": 3, "chi2_threshold": 7.814727903251179, "N_raw": 46, "N_roi": 46, "N_inlier": 45, "refit": true}
{"timestamp": "15:25:23.637786", "frame": 37, "mu": [1.8805361665710665, 4.625829431065799, 0.7141319199873815], "Sigma": [[0.009229341497716653, -0.004564358833939891, -0.003647367546793229], [-0.004564358833939891, 0.003488295650180784, -0.0010675244482657022], [-0.003647367546793229, -0.0010675244482657022, 0.012510452243024073]], "chi2_level": 0.95, "chi2_df": 3, "chi2_threshold": 7.814727903251179, "N_raw": 22, "N_roi": 19, "N_inlier": 18, "refit": true}
{"timestamp": "15:25:23.690937", "frame": 38, "mu": [1.9923117291597017, 4.526950079881888, 0.6366875476576092], "Sigma": [[0.010807429395932374, -0.006985797435061465, -0.0010099351843783479], [-0.006985797435061465, 0.005033146879402497, -0.0005237678998542107], [-0.0010099351843783479, -0.0005237678998542107, 0.010363384260307402]], "chi2_level": 0.95, "chi2_df": 3, "chi2_threshold": 7.814727903251179, "N_raw": 14, "N_roi": 13, "N_inlier": 11, "refit": true}
{"timestamp": "15:25:23.747028", "frame": 39, "mu": [1.8240301704677484, 4.569196773813985, 0.7582632359949406], "Sigma": [[0.018236637870552786, -0.007695684195813173, -0.009451500090862139], [-0.007695684195813173, 0.004427796914575537, 0.0027224962652499115], [-0.009451500090862139, 0.002722496265249911, 0.009092262921712878]], "chi2_level": 0.95, "chi2_df": 3, "chi2_threshold": 7.814727903251179, "N_raw": 22, "N_roi": 22, "N_inlier": 20, "refit": true}
{"timestamp": "15:25:23.805992", "frame": 40, "mu": [1.7548884674281295, 4.624423442069115, -0.698393133534861], "Sigma": [[0.032581269649529204, -0.0005812758638509538, 0.07120918286767], [-0.0005812758638509541, 0.005382502137393485, 0.005896504760953771], [0.07120918286767, 0.005896504760953771, 0.28350258794552646]], "chi2_level": 0.95, "chi2_df": 3, "chi2_threshold": 7.814727903251179, "N_raw": 50, "N_roi": 50, "N_inlier": 50, "refit": true}
{"timestamp": "15:25:23.860051", "frame": 41, "mu": [1.7259616607543133, 4.50982916083324, 0.7596215460464526], "Sigma": [[0.03030137894669116, -0.01508094014864316, -0.017858287425821122], [-0.015080940148643158, 0.008817347015978945, 0.005920109199084928], [-0.017858287425821122, 0.005920109199084928, 0.023889709444605563]], "chi2_level": 0.95, "chi2_df": 3, "chi2_threshold": 7.814727903251179, "N_raw": 39, "N_roi": 37, "N_inlier": 37, "refit": true}
{"timestamp": "15:25:23.968834", "frame": 43, "mu": [1.612424698111449, 4.436692817771727, 0.7311923891739837], "Sigma": [[0.024367904707475636, -0.008195303896977053, -0.014331410282515712], [-0.008195303896977054, 0.0038387909248171473, 0.002272871863526563], [-0.01433141028251571, 0.002272871863526563, 0.023062759877201418]], "chi2_level": 0.95, "chi2_df": 3, "chi2_threshold": 7.814727903251179, "N_raw": 35, "N_roi": 32, "N_inlier": 31, "refit": true}
{"timestamp": "15:25:24.023970", "frame": 44, "mu": [1.6839915823614484, 4.299868491276026, 0.44859671121712036], "Sigma": [[0.028301099599969647, -0.013122156003402746, -0.008921727629678931], [-0.013122156003402746, 0.008912131676480743, 0.0034079226466957446], [-0.008921727629678931, 0.0034079226466957446, 0.004854188276511241]], "chi2_level": 0.95, "chi2_df": 3, "chi2_threshold": 7.814727903251179, "N_raw": 37, "N_roi": 37, "N_inlier": 36, "refit": true}
{"timestamp": "15:25:24.080071", "frame": 45, "mu": [1.6353159987776427, 4.4977517373480405, -0.4017621372374042], "Sigma": [[0.03196559643195668, -0.010386386603208847, -0.00610715481184659], [-0.010386386603208847, 0.006398550938742565, -5.903648312964333e-05], [-0.00610715481184659, -5.903648312964333e-05, 0.005187725630266156]], "chi2_level": 0.95, "chi2_df": 3, "chi2_threshold": 7.814727903251179, "N_raw": 40, "N_roi": 40, "N_inlier": 39, "refit": true}
{"timestamp": "15:25:24.136270", "frame": 46, "mu": [1.531675383232024, 4.287070066322147, 0.5846074718616816], "Sigma": [[0.02809704648233503, -0.014713005308556296, -0.016747342994471386], [-0.014713005308556296, 0.009599575635321956, 0.00517520064003414], [-0.016747342994471386, 0.00517520064003414, 0.03314908107821598]], "chi2_level": 0.95, "chi2_df": 3, "chi2_threshold": 7.814727903251179, "N_raw": 48, "N_roi": 48, "N_inlier": 47, "refit": true}
{"timestamp": "15:25:24.188120", "frame": 47, "mu": [1.5050190205166039, 4.210229969602901, 0.62536236533973], "Sigma": [[0.015618054939718682, -0.008851412989339672, -0.010526442049358516], [-0.008851412989339672, 0.006710624062106828, 0.003936068861988927], [-0.010526442049358516, 0.003936068861988927, 0.013318096008405543]], "chi2_level": 0.95, "chi2_df": 3, "chi2_threshold": 7.814727903251179, "N_raw": 27, "N_roi": 27, "N_inlier": 26, "refit": true}
{"timestamp": "15:25:24.246939", "frame": 48, "mu": [1.4623269413477948, 4.183914556111124, 0.6904831199082596], "Sigma": [[0.022185751952948276, -0.011083312104202582, -0.009485572570862917], [-0.011083312104202582, 0.00907154314551189, -0.0030423753348059043], [-0.009485572570862917, -0.0030423753348059043, 0.025284270956023598]], "chi2_level": 0.95, "chi2_df": 3, "chi2_threshold": 7.814727903251179, "N_raw": 54, "N_roi": 54, "N_inlier": 53, "refit": true}
{"timestamp": "15:25:24.299562", "frame": 49, "mu": [1.3377271944855533, 4.216133836918978, 0.8316588756946144], "Sigma": [[0.011438658266466827, -0.005551642260083676, -0.00421958437384756], [-0.005551642260083676, 0.006013493596062626, -0.004169590993622531], [-0.00421958437384756, -0.004169590993622531, 0.015961286878741335]], "chi2_level": 0.95, "chi2_df": 3, "chi2_threshold": 7.814727903251179, "N_raw": 32, "N_roi": 32, "N_inlier": 32, "refit": true}
{"timestamp": "15:25:24.351777", "frame": 50, "mu": [1.3544606553213394, 4.185386446399366, 0.5748348237425283], "Sigma": [[0.017171378355358036, -0.010413643356459393, -0.006516045037448161], [-0.010413643356459393, 0.008510773194118424, 0.0010606566810064258], [-0.006516045037448161, 0.0010606566810064258, 0.009827623832030312]], "chi2_level": 0.95, "chi2_df": 3, "chi2_threshold": 7.814727903251179, "N_raw": 23, "N_roi": 23, "N_inlier": 21, "refit": true}
{"timestamp": "15:25:24.406670", "frame": 51, "mu": [1.2985483766727641, 4.147793820955113, 0.5803069221059408], "Sigma": [[0.014015436261219165, -0.010323139372771094, -0.004526651213851276], [-0.010323139372771094, 0.010351182780206478, 0.0038525791116632035], [-0.004526651213851276, 0.0038525791116632035, 0.002511854201961186]], "chi2_level": 0.95, "chi2_df": 3, "chi2_threshold": 7.814727903251179, "N_raw": 20, "N_roi": 19, "N_inlier": 18, "refit": true}
{"timestamp": "15:25:24.459776", "frame": 52, "mu": [1.2690375197511397, 4.044420328329308, 0.7308775070904767], "Sigma": [[0.00587907027780096, -0.009602988798038666, 0.004908382791137659], [-0.009602988798038666, 0.018230582874966834, -0.006604755673676976], [0.004908382791137659, -0.006604755673676976, 0.009241762002160096]], "chi2_level": 0.95, "chi2_df": 3, "chi2_threshold": 7.814727903251179, "N_raw": 7, "N_roi": 7, "N_inlier": 7, "refit": true}
{"timestamp": "15:25:24.519679", "frame": 53, "mu": [1.2352492873645284, 3.997883110666574, 0.6547775170510011], "Sigma": [[0.020801462047756687, -0.011185838935484676, 0.007569440854871882], [-0.011185838935484674, 0.008777409153308055, -0.005916890063803377], [0.007569440854871882, -0.005916890063803377, 0.02551146239839395]], "chi2_level": 0.95, "chi2_df": 3, "chi2_threshold": 7.814727903251179, "N_raw": 44, "N_roi": 44, "N_inlier": 43, "refit": true}
{"timestamp": "15:25:24.569784", "frame": 54, "mu": [1.1773829444391184, 3.999871241746807, 0.7293076652264995], "Sigma": [[0.0004092381773656378, -0.0008707467947664871, 0.004204220772604589], [-0.0008707467947664871, 0.003839683383769141, -0.011835472476538001], [0.004204220772604589, -0.011835472476538003, 0.055634505086181285]], "chi2_level": 0.95, "chi2_df": 3, "chi2_threshold": 7.814727903251179, "N_raw": 7, "N_roi": 7, "N_inlier": 7, "refit": true}
{"timestamp": "15:25:24.628042", "frame": 55, "mu": [1.029869205422734, 3.9101447838585948, 0.21837592631761124], "Sigma": [[0.02150957995719533, -0.00586604324521082, 0.003607363390254711], [-0.00586604324521082, 0.00334715978109853, -0.001351868514513898], [0.0036073633902547106, -0.0013518685145138983, 0.008068925467122356]], "chi2_level": 0.95, "chi2_df": 3, "chi2_threshold": 7.814727903251179, "N_raw": 36, "N_roi": 36, "N_inlier": 33, "refit": true}
{"timestamp": "15:25:24.685773", "frame": 56, "mu": [1.146059728315, 4.0309058501590185, -0.17408199927169185], "Sigma": [[0.021565204166741576, -0.008020551381694982, 0.0011390494339153156], [-0.008020551381694982, 0.007014696710094152, -0.010567604039209793], [0.0011390494339153156, -0.010567604039209793, 0.028475359506344937]], "chi2_level": 0.95, "chi2_df": 3, "chi2_threshold": 7.814727903251179, "N_raw": 48, "N_roi": 48, "N_inlier": 46, "refit": true}
{"timestamp": "15:25:24.742096", "frame": 57, "mu": [1.0732102602789524, 3.8145818956341566, 0.5972458795496212], "Sigma": [[0.02446498467010268, -0.008034864459922457, 0.0015174988672689042], [-0.008034864459922457, 0.0035745075688907828, -0.0035428307438287133], [0.0015174988672689042, -0.0035428307438287125, 0.02078781313355038]], "chi2_level": 0.95, "chi2_df": 3, "chi2_threshold": 7.814727903251179, "N_raw": 54, "N_roi": 54, "N_inlier": 51, "refit": true}
{"timestamp": "15:25:24.797189", "frame": 58, "mu": [0.9800502918039924, 3.820141780939211, 0.6592006418690844], "Sigma": [[0.018045557270965115, -0.006630008141391705, 0.005834611863890859], [-0.006630008141391705, 0.004217333962905882, -0.007185496063076667], [0.005834611863890858, -0.007185496063076667, 0.025771022251118162]], "chi2_level": 0.95, "chi2_df": 3, "chi2_threshold": 7.814727903251179, "N_raw": 53, "N_roi": 53, "N_inlier": 53, "refit": true}
{"timestamp": "15:25:24.850523", "frame": 59, "mu": [0.9091540645600306, 4.0196443722114505, -0.3305310021023713], "Sigma": [[0.01629581484192464, -0.006604169628032105, -0.0005127722873831319], [-0.006604169628032105, 0.006419614949490673, -0.004200721006939303], [-0.0005127722873831321, -0.004200721006939303, 0.006723644320526268]], "chi2_level": 0.95, "chi2_df": 3, "chi2_threshold": 7.814727903251179, "N_raw": 46, "N_roi": 42, "N_inlier": 41, "refit": true}
{"timestamp": "15:25:24.902028", "frame": 60, "mu": [0.9786245395296665, 3.6693119789549575, 0.7426181476258664], "Sigma": [[0.009871250418049766, -0.0028945253596048773, -0.0008205273467765115], [-0.0028945253596048773, 0.0009060431305436318, -0.0004909099722790192], [-0.0008205273467765117, -0.0004909099722790192, 0.01563206191888719]], "chi2_level": 0.95, "chi2_df": 3, "chi2_threshold": 7.814727903251179, "N_raw": 24, "N_roi": 24, "N_inlier": 22, "refit": true}
{"timestamp": "15:25:24.961358", "frame": 61, "mu": [0.8548525979386038, 3.664184989546057, 0.8280410550859174], "Sigma": [[0.020893355705943258, -0.00777937848541318, -0.01854168344077296], [-0.00777937848541318, 0.0037334460799453573, 0.0036147757178379247], [-0.01854168344077296, 0.003614775717837925, 0.03916130394365052]], "chi2_level": 0.95, "chi2_df": 3, "chi2_threshold": 7.814727903251179, "N_raw": 52, "N_roi": 52, "N_inlier": 50, "refit": true}
{"timestamp": "15:25:25.017240", "frame": 62, "mu": [0.8115584722959966, 3.693463145685423, 0.6483852047382939], "Sigma": [[0.018747838587996172, -0.00795212053882247, -0.0002345860852858763], [-0.00795212053882247, 0.0075430338697628245, -0.001671654504684232], [-0.00023458608528587627, -0.001671654504684232, 0.0031852793710184643]], "chi2_level": 0.95, "chi2_df": 3, "chi2_threshold": 7.814727903251179, "N_raw": 51, "N_roi": 51, "N_inlier": 48, "refit": true}
{"timestamp": "15:25:25.073983", "frame": 63, "mu": [0.7562511782038417, 3.833371897705195, -0.20266986767254724], "Sigma": [[0.020420539701053682, -0.003219158861686861, -0.0027501917622222176], [-0.0032191588616868605, 0.007496541238184496, -0.005443871873534846], [-0.002750191762222218, -0.005443871873534846, 0.007402497926731114]], "chi2_level": 0.95, "chi2_df": 3, "chi2_threshold": 7.814727903251179, "N_raw": 68, "N_roi": 65, "N_inlier": 63, "refit": true}
{"timestamp": "15:25:25.126196", "frame": 64, "mu": [0.6517537889264899, 3.5718317484937305, 0.642310344527357], "Sigma": [[0.015789832409131087, -0.005475790018628942, -0.007735162770563032], [-0.005475790018628942, 0.003967947333139641, -0.0007381681462049512], [-0.007735162770563032, -0.0007381681462049514, 0.012039390283451808]], "chi2_level": 0.95, "chi2_df": 3, "chi2_threshold": 7.814727903251179, "N_raw": 49, "N_roi": 46, "N_inlier": 45, "refit": true}
{"timestamp": "15:25:25.179339", "frame": 65, "mu": [0.6694515491431825, 3.520797251472797, 0.5787210199859654], "Sigma": [[0.008779955488626754, -0.0036846612230839043, -0.00021530157864363018], [-0.0036846612230839043, 0.0024881341469290908, 0.0001051486811334494], [-0.00021530157864362996, 0.00010514868113344923, 0.018216366225854874]], "chi2_level": 0.95, "chi2_df": 3, "chi2_threshold": 7.814727903251179, "N_raw": 31, "N_roi": 31, "N_inlier": 27, "refit": true}
{"timestamp": "15:25:25.238727", "frame": 66, "mu": [0.6713431522519856, 3.6957031668309215, -0.5867200443630266], "Sigma": [[0.029445217500056107, -0.013263057151220049, -0.009270898516217364], [-0.013263057151220047, 0.010126151098717411, 0.005118803818474802], [-0.009270898516217364, 0.005118803818474802, 0.007151356017413562]], "chi2_level": 0.95, "chi2_df": 3, "chi2_threshold": 7.814727903251179, "N_raw": 60, "N_roi": 57, "N_inlier": 53, "refit": true}
{"timestamp": "15:25:25.297218", "frame": 67, "mu": [0.5359537202352165, 3.4658801797195125, 0.8927448090867619], "Sigma": [[0.02392765335714481, -0.009508693078284447, 0.012027238631701593], [-0.009508693078284447, 0.005048482001016346, -0.009010667080200149], [0.012027238631701593, -0.009010667080200149, 0.05766366576660862]], "chi2_level": 0.95, "chi2_df": 3, "chi2_threshold": 7.814727903251179, "N_raw": 78, "N_roi": 73, "N_inlier": 71, "refit": true}
{"timestamp": "15:25:25.346964", "frame": 68, "mu": [0.5344641902775152, 3.4117999603248137, 0.8251105377729128], "Sigma": [[0.016480588206462185, -0.01132243751678641, -0.007329839479442473], [-0.01132243751678641, 0.011591115788991146, 0.0015863757359625998], [-0.007329839479442473, 0.0015863757359626, 0.021826098739821713]], "chi2_level": 0.95, "chi2_df": 3, "chi2_threshold": 7.814727903251179, "N_raw": 51, "N_roi": 51, "N_inlier": 49, "refit": true}
{"timestamp": "15:25:25.401107", "frame": 69, "mu": [0.5406094454789923, 3.5295388596264337, -0.4318693927008395], "Sigma": [[0.016259532780625335, -0.005257194184878381, -0.012260854204971524], [-0.0052571941848783815, 0.005367117001908744, 0.005705333737338303], [-0.012260854204971526, 0.005705333737338303, 0.011137796028859427]], "chi2_level": 0.95, "chi2_df": 3, "chi2_threshold": 7.814727903251179, "N_raw": 44, "N_roi": 42, "N_inlier": 40, "refit": true}
{"timestamp": "15:25:25.455789", "frame": 70, "mu": [0.41010874810097997, 3.522357960896634, -0.22997610031114188], "Sigma": [[0.022565863625529932, -0.01398019412203208, -0.00769749397071281], [-0.01398019412203208, 0.017356785580245906, -0.006648790569096726], [-0.00769749397071281, -0.006648790569096726, 0.02014438675438946]], "chi2_level": 0.95, "chi2_df": 3, "chi2_threshold": 7.814727903251179, "N_raw": 51, "N_roi": 51, "N_inlier": 50, "refit": true}
{"timestamp": "15:25:25.517171", "frame": 71, "mu": [0.4473148084798918, 3.248926111503159, 0.8228721685126411], "Sigma": [[0.019676164259337943, -0.012048065349444434, -0.009646904367679315], [-0.012048065349444434, 0.01084687726869698, 0.0001686774893064286], [-0.009646904367679315, 0.0001686774893064286, 0.025953119150781495]], "chi2_level": 0.95, "chi2_df": 3, "chi2_threshold": 7.814727903251179, "N_raw": 78, "N_roi": 78, "N_inlier": 75, "refit": true}
{"timestamp": "15:25:25.573478", "frame": 72, "mu": [0.350474606143617, 3.219317289932458, 0.8003402649101444], "Sigma": [[0.027245648671803673, -0.02043692091648982, -0.00978308582749665], [-0.02043692091648982, 0.019493545746856796, 0.0026027001928418565], [-0.00978308582749665, 0.0026027001928418565, 0.018436290099930405]], "chi2_level": 0.95, "chi2_df": 3, "chi2_threshold": 7.814727903251179, "N_raw": 95, "N_roi": 93, "N_inlier": 89, "refit": true}
{"timestamp": "15:25:25.628770", "frame": 73, "mu": [0.29627020208379085, 3.2577295815303593, -0.38428765277137944], "Sigma": [[0.028067391786232732, -0.00924494679849341, 0.12162397460185687], [-0.00924494679849341, 0.02061661234135543, -0.05045367779531479], [0.12162397460185687, -0.05045367779531478, 0.641616094421476]], "chi2_level": 0.95, "chi2_df": 3, "chi2_threshold": 7.814727903251179, "N_raw": 93, "N_roi": 86, "N_inlier": 82, "refit": true}
{"timestamp": "15:25:25.680034", "frame": 74, "mu": [0.27675250652422134, 3.112212200940981, 0.7383333478533703], "Sigma": [[0.018663709650299988, -0.0059421301856201515, 0.015056804614532175], [-0.005942130185620153, 0.003822532076873015, -0.005537166055590763], [0.015056804614532175, -0.005537166055590763, 0.054055559068946116]], "chi2_level": 0.95, "chi2_df": 3, "chi2_threshold": 7.814727903251179, "N_raw": 67, "N_roi": 66, "N_inlier": 62, "refit": true}
{"timestamp": "15:25:25.736257", "frame": 75, "mu": [0.2158325049763508, 3.088237593444908, -1.0589346297363567], "Sigma": [[0.02330396656625086, -0.005617931361391358, 0.0801040595374195], [-0.005617931361391359, 0.006719246884838412, -0.03123749833691674], [0.0801040595374195, -0.031237498336916733, 0.5810671046675703]], "chi2_level": 0.95, "chi2_df": 3, "chi2_threshold": 7.814727903251179, "N_raw": 79, "N_roi": 75, "N_inlier": 71, "refit": true}
{"timestamp": "15:25:25.790933", "frame": 76, "mu": [0.22072206714082185, 3.11796968534872, -0.7324624997594219], "Sigma": [[0.01492055636153473, 0.004431830853882551, 0.04139671856180213], [0.004431830853882551, 0.010214267953371412, 0.019985877432565212], [0.04139671856180214, 0.019985877432565212, 0.17466945459775587]], "chi2_level": 0.95, "chi2_df": 3, "chi2_threshold": 7.814727903251179, "N_raw": 79, "N_roi": 75, "N_inlier": 73, "refit": true}
{"timestamp": "15:25:25.846924", "frame": 77, "mu": [0.1949825890261054, 3.1401105987883375, -0.28412636581778866], "Sigma": [[0.01816404918828729, -0.005124354613602719, 0.011634815501981456], [-0.00512435461360272, 0.007639610908489716, -0.012700523035507044], [0.011634815501981456, -0.012700523035507044, 0.030783601628380397]], "chi2_level": 0.95, "chi2_df": 3, "chi2_threshold": 7.814727903251179, "N_raw": 82, "N_roi": 80, "N_inlier": 77, "refit": true}
{"timestamp": "15:25:25.899854", "frame": 78, "mu": [0.1406349449328526, 3.052049754876662, -0.22138091967214926], "Sigma": [[0.017050058789713447, -0.00044410359283146567, -0.002213309098243239], [-0.00044410359283146556, 0.0043789426463261725, -0.0030101113354126753], [-0.00221330909824324, -0.0030101113354126753, 0.004516260494914406]], "chi2_level": 0.95, "chi2_df": 3, "chi2_threshold": 7.814727903251179, "N_raw": 66, "N_roi": 65, "N_inlier": 60, "refit": true}
{"timestamp": "15:25:25.957207", "frame": 79, "mu": [0.023240641606898392, 2.8742615214477967, 0.9131893910909871], "Sigma": [[0.016058023653312485, -0.0040367039072294825, 0.0009716451855347537], [-0.0040367039072294825, 0.007513669202040835, -0.003556277751920649], [0.0009716451855347539, -0.003556277751920649, 0.00745194907548941]], "chi2_level": 0.95, "chi2_df": 3, "chi2_threshold": 7.814727903251179, "N_raw": 85, "N_roi": 80, "N_inlier": 79, "refit": true}
{"timestamp": "15:25:26.007396", "frame": 80, "mu": [0.03712897188520799, 2.989627276245546, -0.23093537034388728], "Sigma": [[0.010206011187731122, -0.0014220427543074582, -0.0030657315508264868], [-0.0014220427543074584, 0.004292341763241321, -0.003766815426391425], [-0.0030657315508264868, -0.0037668154263914254, 0.0063132130789826475]], "chi2_level": 0.95, "chi2_df": 3, "chi2_threshold": 7.814727903251179, "N_raw": 50, "N_roi": 50, "N_inlier": 46, "refit": true}
{"timestamp": "15:25:26.060676", "frame": 81, "mu": [-0.002728066031731168, 2.968997324595854, -0.29029305914632175], "Sigma": [[0.007090573157504244, 0.000516370523563772, -0.0025101484611611494], [0.0005163705235637719, 0.0041947397768908375, -0.008550250289475737], [-0.0025101484611611494, -0.008550250289475737, 0.01931901031789568]], "chi2_level": 0.95, "chi2_df": 3, "chi2_threshold": 7.814727903251179, "N_raw": 45, "N_roi": 45, "N_inlier": 40, "refit": true}
{"timestamp": "15:25:26.116063", "frame": 82, "mu": [-0.0019069491765130967, 2.9442845130427857, -0.3726278840586028], "Sigma": [[0.011926162939705281, -0.0014215439790591369, -0.013543490971260412], [-0.0014215439790591369, 0.002497908794873215, -0.0014325583587187704], [-0.013543490971260412, -0.0014325583587187706, 0.021562479592295455]], "chi2_level": 0.95, "chi2_df": 3, "chi2_threshold": 7.814727903251179, "N_raw": 47, "N_roi": 47, "N_inlier": 41, "refit": true}
{"timestamp": "15:25:26.174091", "frame": 83, "mu": [-0.11511888147895934, 2.7063513906384977, 0.6177396332685448], "Sigma": [[0.01507350663490982, -0.0031352225938173772, 0.0055937743619149894], [-0.0031352225938173772, 0.00507151858203713, -0.02243483046107729], [0.005593774361914988, -0.02243483046107729, 0.12672114624892003]], "chi2_level": 0.95, "chi2_df": 3, "chi2_threshold": 7.814727903251179, "N_raw": 64, "N_roi": 64, "N_inlier": 61, "refit": true}
{"timestamp": "15:25:26.232095", "frame": 84, "mu": [-0.12388983540641063, 2.629114295554492, 0.7345047559355892], "Sigma": [[0.014240578115738691, -0.0029147718081187187, -0.0033801913924638603], [-0.0029147718081187187, 0.0020487632980280245, -0.006866594960201323], [-0.0033801913924638607, -0.006866594960201323, 0.18484414515064793]], "chi2_level": 0.95, "chi2_df": 3, "chi2_threshold": 7.814727903251179, "N_raw": 97, "N_roi": 97, "N_inlier": 94, "refit": true}
{"timestamp": "15:25:26.278586", "frame": 85, "mu": [-0.2623626890886194, 2.615527541359957, 0.6989638487978005], "Sigma": [[0.02135116533484662, -0.005353300895714458, -0.009230580108010568], [-0.005353300895714458, 0.003481977400611852, -0.007140108348144264], [-0.009230580108010568, -0.0071401083481442635, 0.1375651301070029]], "chi2_level": 0.95, "chi2_df": 3, "chi2_threshold": 7.814727903251179, "N_raw": 17, "N_roi": 17, "N_inlier": 16, "refit": true}
{"timestamp": "15:25:26.336932", "frame": 86, "mu": [-0.36099166925133674, 2.7922876197895334, -0.5467401212735189], "Sigma": [[0.017033566401745193, -0.0065766114113478685, 0.004825315283670938], [-0.0065766114113478685, 0.0048510589906508, -0.007834729668318255], [0.004825315283670938, -0.007834729668318255, 0.019935203205875357]], "chi2_level": 0.95, "chi2_df": 3, "chi2_threshold": 7.814727903251179, "N_raw": 54, "N_roi": 52, "N_inlier": 48, "refit": true}
{"timestamp": "15:25:26.392771", "frame": 87, "mu": [-0.33582312706672857, 2.5146939013871594, -1.1681115592971296], "Sigma": [[0.009836174473083855, -0.004798541442670626, -0.005150823643404936], [-0.004798541442670626, 0.0031221168636711405, -0.001384051855253132], [-0.005150823643404936, -0.0013840518552531323, 0.043148042862087774]], "chi2_level": 0.95, "chi2_df": 3, "chi2_threshold": 7.814727903251179, "N_raw": 64, "N_roi": 64, "N_inlier": 59, "refit": true}
{"timestamp": "15:25:26.442223", "frame": 88, "mu": [-0.33113692523194843, 2.4248905937874916, 0.6521235444352605], "Sigma": [[0.008388825548166322, -0.0052922823877226315, 0.004714956684171725], [-0.005292282387722632, 0.013159681289294015, -0.032697274834283516], [0.0047149566841717255, -0.032697274834283516, 0.09527795140666234]], "chi2_level": 0.95, "chi2_df": 3, "chi2_threshold": 7.814727903251179, "N_raw": 18, "N_roi": 15, "N_inlier": 14, "refit": true}
{"timestamp": "15:25:26.503833", "frame": 89, "mu": [-0.3472028850253675, 2.5431753278747715, -0.4838489821917425], "Sigma": [[0.00978032503187739, 0.0007287087701783892, -0.008569890718874543], [0.000728708770178389, 0.003773817485463407, -0.010165522194150525], [-0.008569890718874543, -0.010165522194150525, 0.0360825127410139]], "chi2_level": 0.95, "chi2_df": 3, "chi2_threshold": 7.814727903251179, "N_raw": 66, "N_roi": 66, "N_inlier": 61, "refit": true}
{"timestamp": "15:25:26.559477", "frame": 90, "mu": [-0.4087639051008244, 2.464059625750137, -0.2724870765827859], "Sigma": [[0.009743959888467811, 0.0039042681797772398, -0.016349294867575758], [0.0039042681797772406, 0.006880317189461401, -0.01584941462659208], [-0.016349294867575758, -0.015849414626592083, 0.04819826325545215]], "chi2_level": 0.95, "chi2_df": 3, "chi2_threshold": 7.814727903251179, "N_raw": 68, "N_roi": 65, "N_inlier": 61, "refit": true}
{"timestamp": "15:25:26.620498", "frame": 91, "mu": [-0.5267915474399459, 2.4498598053182663, -0.3606744017994587], "Sigma": [[0.017780359587329854, -0.005067601621374318, 0.0034687173834628024], [-0.005067601621374318, 0.014186966565958995, -0.03405448027178013], [0.0034687173834628015, -0.03405448027178013, 0.09991142361347201]], "chi2_level": 0.95, "chi2_df": 3, "chi2_threshold": 7.814727903251179, "N_raw": 109, "N_roi": 109, "N_inlier": 106, "refit": true}
{"timestamp": "15:25:26.673424", "frame": 92, "mu": [-0.5447025780223705, 2.3657880071052415, -0.30383912407163055], "Sigma": [[0.009878151417988772, 0.004322852584004109, -0.01694655134893193], [0.004322852584004109, 0.02163248935199568, -0.06502386014785447], [-0.01694655134893193, -0.06502386014785447, 0.23124929544356568]], "chi2_level": 0.95, "chi2_df": 3, "chi2_threshold": 7.814727903251179, "N_raw": 90, "N_roi": 88, "N_inlier": 85, "refit": true}
{"timestamp": "15:25:26.729406", "frame": 93, "mu": [-0.5543767973437426, 2.280861465515943, -0.3960234347154378], "Sigma": [[0.019076275488224576, -0.0009902600753491843, -0.036621965220494435], [-0.0009902600753491841, 0.008784594610345012, -0.01165060246076718], [-0.03662196522049443, -0.01165060246076718, 0.1258545696446924]], "chi2_level": 0.95, "chi2_df": 3, "chi2_threshold": 7.814727903251179, "N_raw": 92, "N_roi": 90, "N_inlier": 87, "refit": true}
{"timestamp": "15:25:26.780110", "frame": 94, "mu": [-0.5546526424692168, 2.106927834349707, -0.9019862106406088], "Sigma": [[0.01023464047264326, 0.003707224656854015, -0.0006128327982651788], [0.003707224656854015, 0.009005390662817279, 0.009751996489000877], [-0.0006128327982651789, 0.009751996489000877, 0.03932994799254836]], "chi2_level": 0.95, "chi2_df": 3, "chi2_threshold": 7.814727903251179, "N_raw": 67, "N_roi": 66, "N_inlier": 61, "refit": true}
{"timestamp": "15:25:26.833779", "frame": 95, "mu": [-0.6093226746808871, 1.9587503819847012, -1.016241954113906], "Sigma": [[0.0089993665411329, 0.011003922073926423, 0.019503808628668767], [0.01100392207392642, 0.02305784557913118, 0.031274690310887754], [0.019503808628668764, 0.031274690310887754, 0.0606555275772887]], "chi2_level": 0.95, "chi2_df": 3, "chi2_threshold": 7.814727903251179, "N_raw": 62, "N_roi": 61, "N_inlier": 56, "refit": true}
{"timestamp": "15:25:26.890086", "frame": 96, "mu": [-0.6777711325467088, 1.9595700174866124, -0.8984241940772145], "Sigma": [[0.007492448334960708, 0.004402571116301272, -0.00390065847489044], [0.004402571116301272, 0.017169115767636665, 0.0090509830504083], [-0.00390065847489044, 0.0090509830504083, 0.07396634701431944]], "chi2_level": 0.95, "chi2_df": 3, "chi2_threshold": 7.814727903251179, "N_raw": 65, "N_roi": 63, "N_inlier": 57, "refit": true}
{"timestamp": "15:25:26.941798", "frame": 97, "mu": [-0.7749619755701126, 1.9521271174939543, 1.3021504696759787], "Sigma": [[0.010172782987713605, -0.001317702255556808, -0.0105078220168167], [-0.0013177022555568077, 0.002827109345784024, 0.0004941078973516778], [-0.0105078220168167, 0.0004941078973516777, 0.017157615329165404]], "chi2_level": 0.95, "chi2_df": 3, "chi2_threshold": 7.814727903251179, "N_raw": 52, "N_roi": 52, "N_inlier": 47, "refit": true}
{"timestamp": "15:25:27.000033", "frame": 98, "mu": [-0.8324679614695726, 1.9253856460866268, 1.2755882070235725], "Sigma": [[0.008594172220130083, 0.0010549655626734674, -0.008666194061001723], [0.0010549655626734674, 0.005015325725877665, -0.007061199340756791], [-0.008666194061001723, -0.0070611993407567915, 0.02074950628291842]], "chi2_level": 0.95, "chi2_df": 3, "chi2_threshold": 7.814727903251179, "N_raw": 77, "N_roi": 77, "N_inlier": 74, "refit": true}
{"timestamp": "15:25:27.055780", "frame": 99, "mu": [-0.904093897301232, 1.8669143473060226, 1.265669842096501], "Sigma": [[0.007181600831234476, 0.00042371273866276054, -0.00323825641935213], [0.0004237127386627605, 0.0026086097237732796, -0.005392427426614639], [-0.0032382564193521304, -0.005392427426614639, 0.048069448652569215]], "chi2_level": 0.95, "chi2_df": 3, "chi2_threshold": 7.814727903251179, "N_raw": 67, "N_roi": 67, "N_inlier": 65, "refit": true}
{"timestamp": "15:25:27.402926", "frame": 100, "mu": [-0.9184158369695233, 1.9254047128888496, -0.3327668959393632], "Sigma": [[0.00805510167068007, 0.004284369887552028, 0.009111635284165772], [0.004284369887552028, 0.012438629435040116, 0.010728811261563472], [0.009111635284165772, 0.010728811261563472, 0.029905148966665518]], "chi2_level": 0.95, "chi2_df": 3, "chi2_threshold": 7.814727903251179, "N_raw": 68, "N_roi": 68, "N_inlier": 65, "refit": true}
{"timestamp": "15:25:27.457224", "frame": 101, "mu": [-1.0264171265325044, 1.7564477086978687, 1.3221809583045856], "Sigma": [[0.0049549786739116605, 0.0003722439037297234, -0.003922158311273435], [0.0003722439037297234, 0.003038547476410306, -0.008974586972443101], [-0.003922158311273435, -0.008974586972443101, 0.04490032989414126]], "chi2_level": 0.95, "chi2_df": 3, "chi2_threshold": 7.814727903251179, "N_raw": 43, "N_roi": 43, "N_inlier": 40, "refit": true}
{"timestamp": "15:25:27.490320", "frame": 102, "mu": [-1.0384566830974797, 1.7624463388698157, 1.269291290589761], "Sigma": [[0.006531359176304268, 0.0012768008649054472, -0.005187543932120032], [0.0012768008649054472, 0.004875237201175559, -0.01045303230146629], [-0.005187543932120032, -0.010453032301466292, 0.04094279517100412]], "chi2_level": 0.95, "chi2_df": 3, "chi2_threshold": 7.814727903251179, "N_raw": 77, "N_roi": 77, "N_inlier": 74, "refit": true}
{"timestamp": "15:25:27.520871", "frame": 103, "mu": [-1.087725671393534, 1.6527796962810961, 1.4349750115091768], "Sigma": [[0.0033280071757573193, 0.0003605135408296067, -0.002064860833829023], [0.0003605135408296067, 0.002363279560634463, -0.0020642497683825583], [-0.002064860833829023, -0.0020642497683825583, 0.0042147175583014595]], "chi2_level": 0.95, "chi2_df": 3, "chi2_threshold": 7.814727903251179, "N_raw": 23, "N_roi": 23, "N_inlier": 21, "refit": true}
{"timestamp": "15:25:27.551254", "frame": 104, "mu": [-1.0660938128431532, 1.6612780893497503, 0.6773182325841685], "Sigma": [[0.0025198125284985884, 0.0028194190731249806, -0.02687632331047931], [0.0028194190731249806, 0.007617969031784461, -0.04705647710256468], [-0.02687632331047931, -0.04705647710256468, 0.4026237799417366]], "chi2_level": 0.95, "chi2_df": 3, "chi2_threshold": 7.814727903251179, "N_raw": 12, "N_roi": 12, "N_inlier": 11, "refit": true}
{"timestamp": "15:25:27.581439", "frame": 105, "mu": [-1.1472936177034962, 1.5614156917761597, 1.1366881434987315], "Sigma": [[0.008074998597505328, 0.0031590543037948544, -0.01974700770608766], [0.0031590543037948544, 0.002648008275254341, -0.012902228592478707], [-0.01974700770608766, -0.012902228592478707, 0.14982806030727816]], "chi2_level": 0.95, "chi2_df": 3, "chi2_threshold": 7.814727903251179, "N_raw": 51, "N_roi": 51, "N_inlier": 43, "refit": true}
{"timestamp": "15:25:27.612929", "frame": 106, "mu": [-1.276418187935142, 1.4403517787760387, 1.450092444947598], "Sigma": [[0.034319018441341116, 0.022222715400026485, -0.028210848061135975], [0.022222715400026488, 0.017846260347117355, -0.020144289488725958], [-0.028210848061135975, -0.020144289488725958, 0.03769970707359417]], "chi2_level": 0.95, "chi2_df": 3, "chi2_threshold": 7.814727903251179, "N_raw": 40, "N_roi": 39, "N_inlier": 35, "refit": true}
{"timestamp": "15:25:27.646433", "frame": 107, "mu": [-1.2309055538610996, 1.422635108962472, 0.9537094818287833], "Sigma": [[0.004805564790973451, 0.0013041923137116053, 0.0014900846329056277], [0.0013041923137116051, 0.006121807666357812, -0.012045679191512039], [0.0014900846329056277, -0.012045679191512039, 0.032925740075134095]], "chi2_level": 0.95, "chi2_df": 3, "chi2_threshold": 7.814727903251179, "N_raw": 20, "N_roi": 20, "N_inlier": 18, "refit": true}
{"timestamp": "15:25:27.676862", "frame": 108, "mu": [-1.4456884183769498, 1.2708673046993375, 1.4757872449966825], "Sigma": [[0.020903207388341616, 0.018385111631977827, -0.02387106734169026], [0.018385111631977827, 0.019777594933328896, -0.021871997725563017], [-0.02387106734169026, -0.021871997725563017, 0.05075679358908773]], "chi2_level": 0.95, "chi2_df": 3, "chi2_threshold": 7.814727903251179, "N_raw": 36, "N_roi": 36, "N_inlier": 34, "refit": true}
{"timestamp": "15:25:27.707893", "frame": 109, "mu": [-1.5071565706532462, 1.213744668175646, 1.5027376893058284], "Sigma": [[0.010349984744896802, 0.006921152825380725, -0.00740065593435733], [0.006921152825380725, 0.010471401150958728, -0.007950029783319077], [-0.00740065593435733, -0.007950029783319077, 0.009301563982398139]], "chi2_level": 0.95, "chi2_df": 3, "chi2_threshold": 7.814727903251179, "N_raw": 51, "N_roi": 51, "N_inlier": 47, "refit": true}
{"timestamp": "15:25:27.736118", "frame": 110, "mu": [-1.5616305425037962, 1.1547371575557808, 1.5007773579436556], "Sigma": [[0.013155015767899328, 0.0058566804656772975, -0.008283362159911222], [0.005856680465677297, 0.0072712778729144625, -0.006869971252426763], [-0.008283362159911222, -0.006869971252426763, 0.014767952368045198]], "chi2_level": 0.95, "chi2_df": 3, "chi2_threshold": 7.814727903251179, "N_raw": 54, "N_roi": 54, "N_inlier": 51, "refit": true}
{"timestamp": "15:25:27.771961", "frame": 111, "mu": [-1.489447701555093, 1.1227441724411917, 1.4864562781658446], "Sigma": [[0.008906333109651953, 0.005935315629422264, -0.00478679745985461], [0.0059353156294222635, 0.010153651920526264, -0.008310198001908683], [-0.00478679745985461, -0.008310198001908683, 0.0077612833211238045]], "chi2_level": 0.95, "chi2_df": 3, "chi2_threshold": 7.814727903251179, "N_raw": 60, "N_roi": 60, "N_inlier": 58, "refit": true}
{"timestamp": "15:25:27.800789", "frame": 112, "mu": [-1.492150935349998, 1.0593640370270365, 1.387991849818973], "Sigma": [[0.008361566423200475, 0.005644306614471031, -0.0060527559764030105], [0.005644306614471031, 0.007675538011599565, -0.009605536442038008], [-0.0060527559764030105, -0.009605536442038008, 0.019467549490170398]], "chi2_level": 0.95, "chi2_df": 3, "chi2_threshold": 7.814727903251179, "N_raw": 29, "N_roi": 29, "N_inlier": 28, "refit": true}
{"timestamp": "15:25:27.831948", "frame": 113, "mu": [-1.6436104631202955, 1.0438971943407374, 1.3817646064768405], "Sigma": [[0.004793171206576128, 0.004227851049102288, -0.0034888090208212708], [0.004227851049102287, 0.0047641865006549725, -0.004299680822925879], [-0.0034888090208212708, -0.004299680822925879, 0.004874262501419665]], "chi2_level": 0.95, "chi2_df": 3, "chi2_threshold": 7.814727903251179, "N_raw": 18, "N_roi": 18, "N_inlier": 17, "refit": true}
{"timestamp": "15:25:27.870403", "frame": 114, "mu": [-1.5614199562428805, 0.9759203036227633, 0.9725889123916834], "Sigma": [[0.010588465349475098, 0.008690923409141167, -0.006360814417638475], [0.008690923409141167, 0.01063923152130455, -0.0074804367529925095], [-0.006360814417638474, -0.0074804367529925095, 0.005406752992793113]], "chi2_level": 0.95, "chi2_df": 3, "chi2_threshold": 7.814727903251179, "N_raw": 12, "N_roi": 12, "N_inlier": 11, "refit": true}
{"timestamp": "15:25:27.931778", "frame": 115, "mu": [-1.641378653318862, 0.911743191629979, 1.267221738921221], "Sigma": [[0.005034258359655933, 0.004854877623045543, 0.0006778427966019558], [0.004854877623045543, 0.006943663070306677, -0.003488554547992769], [0.000677842796601956, -0.003488554547992769, 0.028130510045368814]], "chi2_level": 0.95, "chi2_df": 3, "chi2_threshold": 7.814727903251179, "N_raw": 55, "N_roi": 55, "N_inlier": 51, "refit": true}
{"timestamp": "15:25:27.982851", "frame": 116, "mu": [-1.6201173541138694, 1.027864609391734, -0.3462219038075563], "Sigma": [[0.0028628263026752717, 0.0010752439307173851, 0.0008786730790572786], [0.0010752439307173851, 0.002843914172679843, -0.0010049331811464485], [0.0008786730790572786, -0.0010049331811464485, 0.0034059265110065722]], "chi2_level": 0.95, "chi2_df": 3, "chi2_threshold": 7.814727903251179, "N_raw": 18, "N_roi": 18, "N_inlier": 18, "refit": true}
{"timestamp": "15:25:28.041779", "frame": 117, "mu": [-1.6855170339644356, 0.7984558215174924, 1.2494425453982594], "Sigma": [[0.006093047776941738, 0.004390718247269995, -0.0006327367910901377], [0.004390718247269995, 0.0074630430975589105, -0.0054714673413365725], [-0.0006327367910901378, -0.005471467341336573, 0.02137681226261645]], "chi2_level": 0.95, "chi2_df": 3, "chi2_threshold": 7.814727903251179, "N_raw": 55, "N_roi": 55, "N_inlier": 54, "refit": true}
