{"timestamp": "15:39:57.255042", "frame": 69, "mu": [1.6229507517604067, 0.872847923522889, 1.4898214877107483], "Sigma": [[0.0009678140261279777, 0.00034113176713998765, -0.00024102714603081566], [0.00034113176713998787, 0.002248757597956774, -0.0008237334149677303], [-0.00024102714603081566, -0.0008237334149677303, 0.00031758388337597976]], "chi2_level": 0.95, "chi2_df": 3, "chi2_threshold": 7.814727903251179, "N_raw": 9, "N_roi": 9, "N_inlier": 8, "refit": true}
{"timestamp": "15:39:57.420193", "frame": 72, "mu": [1.5588963307536516, 0.9672097709124726, 1.4305230763183054], "Sigma": [[0.0024778873596363084, -0.0008723908947462201, -0.002215336330206265], [-0.0008723908947462198, 0.0009627621578175112, 7.817983008090039e-05], [-0.002215336330206265, 7.817983008090034e-05, 0.0034427865709505006]], "chi2_level": 0.95, "chi2_df": 3, "chi2_threshold": 7.814727903251179, "N_raw": 12, "N_roi": 12, "N_inlier": 10, "refit": true}
{"timestamp": "15:39:57.585057", "frame": 75, "mu": [1.407242572276203, 1.155896631281872, 1.4489758165310036], "Sigma": [[0.0024682823495953002, -0.0028268608013264475, -0.0004670251954138674], [-0.0028268608013264475, 0.0052754792579558915, -0.0009474177523571837], [-0.00046702519541386736, -0.0009474177523571839, 0.0013563857523764265]], "chi2_level": 0.95, "chi2_df": 3, "chi2_threshold": 7.814727903251179, "N_raw": 10, "N_roi": 10, "N_inlier": 8, "refit": true}
{"timestamp": "15:39:57.861130", "frame": 80, "mu": [1.2235841353576424, 1.307911376685782, 1.4758248577152493], "Sigma": [[0.0018707682192205387, -0.0006648423112316394, 0.00011138747587503307], [-0.0006648423112316394, 0.0028419772704115225, -0.0009310930831696247], [0.00011138747587503306, -0.0009310930831696247, 0.0003127776652961078]], "chi2_level": 0.95, "chi2_df": 3, "chi2_threshold": 7.814727903251179, "N_raw": 19, "N_roi": 19, "N_inlier": 17, "refit": true}
{"timestamp": "15:39:58.412104", "frame": 90, "mu": [0.9254792010906797, 1.4664719211082624, 1.3018297779449193], "Sigma": [[0.002628689042177614, -0.0013263767308051247, -0.0009067474528823551], [-0.0013263767308051247, 0.0017173097530925386, -0.000757600680704279], [-0.0009067474528823551, -0.000757600680704279, 0.012537183889535217]], "chi2_level": 0.95, "chi2_df": 3, "chi2_threshold": 7.814727903251179, "N_raw": 24, "N_roi": 24, "N_inlier": 23, "refit": true}
{"timestamp": "15:39:58.469002", "frame": 91, "mu": [0.8559271482265106, 1.4991910441229654, 1.3353257182590639], "Sigma": [[0.0036568289725157294, -0.0015106534286223132, -0.002183787308022361], [-0.0015106534286223128, 0.0028410109214230712, -0.001500351258635923], [-0.002183787308022361, -0.001500351258635923, 0.05036911971915514]], "chi2_level": 0.95, "chi2_df": 3, "chi2_threshold": 7.814727903251179, "N_raw": 38, "N_roi": 38, "N_inlier": 38, "refit": true}
{"timestamp": "15:39:58.526298", "frame": 92, "mu": [0.8641400948680282, 1.5525436738080363, 1.4344592119250696], "Sigma": [[0.007000400532536429, -0.0011653157466894042, -0.00253001879694698], [-0.001165315746689404, 0.004771920165128591, -0.0010699337121504817], [-0.00253001879694698, -0.0010699337121504817, 0.002698595429201241]], "chi2_level": 0.95, "chi2_df": 3, "chi2_threshold": 7.814727903251179, "N_raw": 56, "N_roi": 56, "N_inlier": 55, "refit": true}
{"timestamp": "15:39:58.581603", "frame": 93, "mu": [0.8430007823033725, 1.541792364359959, 1.4043459515775578], "Sigma": [[0.005809774907193696, 0.0001839752017185614, -0.0005937888090803902], [0.0001839752017185613, 0.004846275733697032, 0.0017053245653375283], [-0.0005937888090803902, 0.0017053245653375283, 0.0010640919877561732]], "chi2_level": 0.95, "chi2_df": 3, "chi2_threshold": 7.814727903251179, "N_raw": 41, "N_roi": 41, "N_inlier": 40, "refit": true}
{"timestamp": "15:39:58.644179", "frame": 94, "mu": [0.8357682318246699, 1.5772666677418907, 1.347503273224006], "Sigma": [[0.005685070632427582, -0.0009693771129246586, -0.00220109233413563], [-0.0009693771129246588, 0.0043733826008656605, -0.003184727955255579], [-0.00220109233413563, -0.0031847279552555787, 0.006891587304895152]], "chi2_level": 0.95, "chi2_df": 3, "chi2_threshold": 7.814727903251179, "N_raw": 60, "N_roi": 60, "N_inlier": 59, "refit": true}
{"timestamp": "15:39:58.694657", "frame": 95, "mu": [0.812384284907357, 1.6301766648503981, 1.373589950609152], "Sigma": [[0.006426144009081018, -0.002183001530648731, -0.002928449898126112], [-0.002183001530648731, 0.004051834673830946, -0.002271515419960577], [-0.002928449898126112, -0.002271515419960577, 0.005758327809301025]], "chi2_level": 0.95, "chi2_df": 3, "chi2_threshold": 7.814727903251179, "N_raw": 60, "N_roi": 60, "N_inlier": 55, "refit": true}
{"timestamp": "15:39:58.745363", "frame": 96, "mu": [0.8251213958647032, 1.6124849154746044, 0.751816086106644], "Sigma": [[0.0033274021512938153, -0.0017103486019809566, -0.01492648978974108], [-0.0017103486019809564, 0.006161399761953397, 0.029832663401745965], [-0.014926489789741077, 0.029832663401745965, 0.6227409978498977]], "chi2_level": 0.95, "chi2_df": 3, "chi2_threshold": 7.814727903251179, "N_raw": 36, "N_roi": 36, "N_inlier": 36, "refit": true}
{"timestamp": "15:39:58.802621", "frame": 97, "mu": [0.7479140905110628, 1.6278711267782309, 1.2962569170834957], "Sigma": [[0.006062735850999913, -0.001248230053995398, -0.003486879166512576], [-0.001248230053995398, 0.003381681535556952, -0.0012312407114744267], [-0.003486879166512576, -0.0012312407114744267, 0.007822621715982586]], "chi2_level": 0.95, "chi2_df": 3, "chi2_threshold": 7.814727903251179, "N_raw": 57, "N_roi": 57, "N_inlier": 53, "refit": true}
{"timestamp": "15:39:58.852532", "frame": 98, "mu": [0.6704197698041087, 1.6817074395609923, 0.6409845426769214], "Sigma": [[0.0017334829927395832, -0.001607075253232362, 0.005937697261422581], [-0.0016070752532323619, 0.008975490589324375, -0.04096155811257094], [0.005937697261422581, -0.04096155811257095, 0.48094609908839464]], "chi2_level": 0.95, "chi2_df": 3, "chi2_threshold": 7.814727903251179, "N_raw": 12, "N_roi": 12, "N_inlier": 10, "refit": true}
{"timestamp": "15:39:58.910564", "frame": 99, "mu": [0.6791837395505874, 1.6805530128971873, 1.2714278280107323], "Sigma": [[0.004430730090666428, -0.0007072600742177602, 0.0002282291023426091], [-0.0007072600742177601, 0.0022889938269581396, -0.0018556398645338838], [0.0002282291023426091, -0.0018556398645338836, 0.0022066546903613416]], "chi2_level": 0.95, "chi2_df": 3, "chi2_threshold": 7.814727903251179, "N_raw": 42, "N_roi": 42, "N_inlier": 38, "refit": true}
{"timestamp": "15:39:58.989080", "frame": 100, "mu": [0.65486968972513, 1.7371617523910723, 0.9951426453433422], "Sigma": [[0.00486064431015281, -0.0020122888276414633, -0.005675608075540213], [-0.0020122888276414633, 0.0017165403573919198, 0.0001626403307316857], [-0.005675608075540213, 0.00016264033073168558, 0.01655363284967569]], "chi2_level": 0.95, "chi2_df": 3, "chi2_threshold": 7.814727903251179, "N_raw": 44, "N_roi": 44, "N_inlier": 38, "refit": true}
{"timestamp": "15:39:59.017140", "frame": 101, "mu": [0.5690659962498464, 1.7323021695972667, 0.626615061348167], "Sigma": [[0.0029124556945147847, -0.0014713093799733157, 0.0013845625976334364], [-0.0014713093799733157, 0.00528079149145385, -0.013080674741037572], [0.0013845625976334364, -0.013080674741037572, 0.49862493719528517]], "chi2_level": 0.95, "chi2_df": 3, "chi2_threshold": 7.814727903251179, "N_raw": 10, "N_roi": 10, "N_inlier": 10, "refit": true}
{"timestamp": "15:39:59.079899", "frame": 102, "mu": [0.6269730192889597, 1.818010181839015, 1.0863766285719423], "Sigma": [[0.006187379692135825, -0.0006016541228674162, 0.008050549109169658], [-0.0006016541228674162, 0.002437817212395243, 0.009014322206264897], [0.008050549109169657, 0.009014322206264897, 0.35241646389264886]], "chi2_level": 0.95, "chi2_df": 3, "chi2_threshold": 7.814727903251179, "N_raw": 64, "N_roi": 64, "N_inlier": 61, "refit": true}
{"timestamp": "15:39:59.135031", "frame": 103, "mu": [0.5298162296213034, 1.8441773761610551, 1.2356379932107338], "Sigma": [[0.004518079463084078, 0.00020152512807505065, 0.003989953566062933], [0.00020152512807505068, 0.0020522999991446243, -0.001988993131618379], [0.003989953566062933, -0.001988993131618379, 0.03508859524236342]], "chi2_level": 0.95, "chi2_df": 3, "chi2_threshold": 7.814727903251179, "N_raw": 59, "N_roi": 59, "N_inlier": 55, "refit": true}
{"timestamp": "15:39:59.193445", "frame": 104, "mu": [0.5133381919388958, 2.016989827948017, -0.5235009628438699], "Sigma": [[0.005847285544497563, -0.00030640991403416216, -0.002214689363639195], [-0.0003064099140341623, 0.010579942854066179, -0.03159662867859544], [-0.002214689363639195, -0.03159662867859544, 0.10594253581110755]], "chi2_level": 0.95, "chi2_df": 3, "chi2_threshold": 7.814727903251179, "N_raw": 87, "N_roi": 87, "N_inlier": 84, "refit": true}
{"timestamp": "15:39:59.240826", "frame": 105, "mu": [0.5076355864808144, 1.9029315875498176, 1.3265622844288822], "Sigma": [[0.0031908121361937216, -0.0005461899970409034, 0.00042793373336649527], [-0.0005461899970409034, 0.003323606113795773, 0.004645096881256632], [0.00042793373336649527, 0.004645096881256632, 0.06922189464547415]], "chi2_level": 0.95, "chi2_df": 3, "chi2_threshold": 7.814727903251179, "N_raw": 33, "N_roi": 33, "N_inlier": 30, "refit": true}
{"timestamp": "15:39:59.295448", "frame": 106, "mu": [0.43098836816523867, 1.922253846336376, 0.9065701701388736], "Sigma": [[0.004082080316670257, -0.0016001190472701868, 0.0013562489470611212], [-0.0016001190472701868, 0.0016269304220642034, -0.00274043422392885], [0.0013562489470611212, -0.00274043422392885, 0.05009353288098671]], "chi2_level": 0.95, "chi2_df": 3, "chi2_threshold": 7.814727903251179, "N_raw": 28, "N_roi": 28, "N_inlier": 24, "refit": true}
{"timestamp": "15:39:59.352862", "frame": 107, "mu": [0.4555825916036527, 1.920225628331356, 1.1517403670356166], "Sigma": [[0.0046623139196865174, 0.0003869499696383894, -0.004352185360727065], [0.0003869499696383894, 0.0026287887621144045, 0.003152729118302746], [-0.004352185360727065, 0.003152729118302746, 0.04371594815579965]], "chi2_level": 0.95, "chi2_df": 3, "chi2_threshold": 7.814727903251179, "N_raw": 54, "N_roi": 54, "N_inlier": 49, "refit": true}
{"timestamp": "15:39:59.406443", "frame": 108, "mu": [0.4196219070881747, 2.010886355638452, 1.3809341812007272], "Sigma": [[0.004794170215263145, -0.0004018183608645243, -0.0008347126363934314], [-0.00040181836086452443, 0.0022256409166026584, -0.0009728673729598712], [-0.0008347126363934313, -0.0009728673729598712, 0.007310667963169077]], "chi2_level": 0.95, "chi2_df": 3, "chi2_threshold": 7.814727903251179, "N_raw": 39, "N_roi": 39, "N_inlier": 36, "refit": true}
{"timestamp": "15:39:59.460876", "frame": 109, "mu": [0.3609232592638194, 2.0050427873045478, 1.0096400994271169], "Sigma": [[0.0028192040245172637, -0.0014936916856955293, -0.0014395296145800634], [-0.0014936916856955291, 0.005053835173659853, 0.00012479588947700564], [-0.0014395296145800632, 0.00012479588947700597, 0.0034146466922221927]], "chi2_level": 0.95, "chi2_df": 3, "chi2_threshold": 7.814727903251179, "N_raw": 32, "N_roi": 32, "N_inlier": 28, "refit": true}
{"timestamp": "15:39:59.517508", "frame": 110, "mu": [0.3637063621563674, 2.1340351555379526, 1.4478957326991064], "Sigma": [[0.006981649300622664, -0.0004709956468755103, -0.0017896691576675908], [-0.0004709956468755102, 0.0035669912252268487, -0.0027413973409811552], [-0.0017896691576675908, -0.0027413973409811552, 0.0033660699699330355]], "chi2_level": 0.95, "chi2_df": 3, "chi2_threshold": 7.814727903251179, "N_raw": 55, "N_roi": 55, "N_inlier": 52, "refit": true}
{"timestamp": "15:39:59.576444", "frame": 111, "mu": [0.26885568008243077, 2.0900297774770733, -0.5761860290502937], "Sigma": [[0.007697702403344384, 0.004038392059235303, 0.024524524025230674], [0.004038392059235303, 0.00737884183841606, 0.008329747246768262], [0.024524524025230674, 0.008329747246768262, 0.17742025270756398]], "chi2_level": 0.95, "chi2_df": 3, "chi2_threshold": 7.814727903251179, "N_raw": 75, "N_roi": 74, "N_inlier": 67, "refit": true}
{"timestamp": "15:39:59.629480", "frame": 112, "mu": [0.27004226601898706, 2.1272616341114925, 1.4130716700262993], "Sigma": [[0.004620472892909463, 0.0001434112689709566, 0.00030186806568919654], [0.00014341126897095648, 0.0052210110054313865, 0.015643137478288077], [0.0003018680656891961, 0.015643137478288077, 0.09322613818757457]], "chi2_level": 0.95, "chi2_df": 3, "chi2_threshold": 7.814727903251179, "N_raw": 54, "N_roi": 50, "N_inlier": 44, "refit": true}
{"timestamp": "15:39:59.688338", "frame": 113, "mu": [0.21979132113880845, 2.18904686905724, 1.3343535573430472], "Sigma": [[0.008287786295792243, 0.0006283707197102553, -0.0077762163448563855], [0.0006283707197102556, 0.004167821246299284, -0.004302223564928019], [-0.0077762163448563855, -0.004302223564928019, 0.036855365323257165]], "chi2_level": 0.95, "chi2_df": 3, "chi2_threshold": 7.814727903251179, "N_raw": 83, "N_roi": 82, "N_inlier": 76, "refit": true}
{"timestamp": "15:39:59.739249", "frame": 114, "mu": [0.14011648131208404, 2.1853049336608192, 1.2462125958302994], "Sigma": [[0.005884962145877508, -0.001047901395530005, -0.009549960398779488], [-0.0010479013955300052, 0.0009525975894647273, -0.001177063677704316], [-0.009549960398779488, -0.001177063677704316, 0.05504339619349746]], "chi2_level": 0.95, "chi2_df": 3, "chi2_threshold": 7.814727903251179, "N_raw": 57, "N_roi": 57, "N_inlier": 52, "refit": true}
{"timestamp": "15:39:59.801249", "frame": 115, "mu": [0.18033538396671425, 2.157105850614141, 0.7374361587430347], "Sigma": [[0.01642464641355061, 0.00116953631976681, -0.01725341941715094], [0.00116953631976681, 0.004164416163529504, 0.025268245693317905], [-0.01725341941715094, 0.025268245693317905, 0.42293727929271174]], "chi2_level": 0.95, "chi2_df": 3, "chi2_threshold": 7.814727903251179, "N_raw": 107, "N_roi": 107, "N_inlier": 105, "refit": true}
{"timestamp": "15:39:59.854412", "frame": 116, "mu": [0.13873643930245033, 2.1953442867410184, 0.9110041037088106], "Sigma": [[0.01850148163342906, 0.0001197532507646182, -0.047037506235511804], [0.00011975325076461817, 0.002766028376045835, -0.0034912780252689683], [-0.047037506235511804, -0.0034912780252689683, 0.2283434516067486]], "chi2_level": 0.95, "chi2_df": 3, "chi2_threshold": 7.814727903251179, "N_raw": 84, "N_roi": 84, "N_inlier": 81, "refit": true}
{"timestamp": "15:39:59.908532", "frame": 117, "mu": [0.03167538122829489, 2.2141014906707794, 1.0743194053838863], "Sigma": [[0.009437831917122724, 0.0007329011846540189, -0.009697632279026005], [0.0007329011846540191, 0.008574116205119475, 0.019199683022001854], [-0.009697632279026005, 0.019199683022001854, 0.2621698846564585]], "chi2_level": 0.95, "chi2_df": 3, "chi2_threshold": 7.814727903251179, "N_raw": 85, "N_roi": 85, "N_inlier": 82, "refit": true}
{"timestamp": "15:39:59.963957", "frame": 118, "mu": [0.0246131058089888, 2.3891865947258775, -0.3948760862303205], "Sigma": [[0.008610778018831445, 0.0032956247596876874, 0.024693361561659927], [0.003295624759687687, 0.024528820167996075, -0.03782708966759068], [0.024693361561659927, -0.037827089667590685, 0.2943774761516868]], "chi2_level": 0.95, "chi2_df": 3, "chi2_threshold": 7.814727903251179, "N_raw": 86, "N_roi": 86, "N_inlier": 82, "refit": true}
{"timestamp": "15:40:00.015058", "frame": 119, "mu": [-0.034587194985716434, 2.289430223726819, 0.9244692236383405], "Sigma": [[0.007582092045772019, 0.0020130705646995276, 0.034785320943284626], [0.0020130705646995276, 0.006301701880335404, 0.05097238839866413], [0.034785320943284626, 0.05097238839866414, 0.6144635332991063]], "chi2_level": 0.95, "chi2_df": 3, "chi2_threshold": 7.814727903251179, "N_raw": 59, "N_roi": 55, "N_inlier": 54, "refit": true}
{"timestamp": "15:40:00.068437", "frame": 120, "mu": [-0.08419440226562801, 1.8059952947942706, -0.011192895028721818], "Sigma": [[0.008973124523364085, 0.004213064215504048, -0.0024404959699539128], [0.004213064215504047, 0.5534189431076522, 0.5207618289701901], [-0.002440495969953915, 0.5207618289701901, 0.8922113161436827]], "chi2_level": 0.95, "chi2_df": 3, "chi2_threshold": 7.814727903251179, "N_raw": 51, "N_roi": 51, "N_inlier": 51, "refit": true}
{"timestamp": "15:40:00.127393", "frame": 121, "mu": [-0.11741304434337836, 2.3221960006715276, 0.8273956521708825], "Sigma": [[0.008487496993312504, 6.873495502117584e-05, 0.01411723412389493], [6.873495502117579e-05, 0.006662529017311015, 0.038981762870072344], [0.014117234123894928, 0.03898176287007235, 0.6938381654712473]], "chi2_level": 0.95, "chi2_df": 3, "chi2_threshold": 7.814727903251179, "N_raw": 78, "N_roi": 76, "N_inlier": 75, "refit": true}
{"timestamp": "15:40:00.184236", "frame": 122, "mu": [-0.13487265985482036, 2.3131718168215, 0.6975778623935259], "Sigma": [[0.010039944993905144, -0.0037673407971314504, -0.0010964394995158708], [-0.0037673407971314504, 0.013202792401139465, 0.057796973669659704], [-0.0010964394995158712, 0.0577969736696597, 0.7059593890130943]], "chi2_level": 0.95, "chi2_df": 3, "chi2_threshold": 7.814727903251179, "N_raw": 91, "N_roi": 91, "N_inlier": 90, "refit": true}
{"timestamp": "15:40:00.242062", "frame": 123, "mu": [-0.13977003695629997, 2.414379832736247, 0.8021609527760779], "Sigma": [[0.011031874180736702, 0.003939090055363086, 0.0059625540784265], [0.003939090055363086, 0.008575225322246973, 0.006699994549144494], [0.005962554078426498, 0.006699994549144494, 0.43038500462331264]], "chi2_level": 0.95, "chi2_df": 3, "chi2_threshold": 7.814727903251179, "N_raw": 105, "N_roi": 102, "N_inlier": 99, "refit": true}
{"timestamp": "15:40:00.296418", "frame": 124, "mu": [-0.18375880807078407, 2.4215831383421706, 0.9090115063848316], "Sigma": [[0.013036294365826503, 0.00412925330913512, 0.015282794315276623], [0.00412925330913512, 0.008860031244164589, 0.03924208548060569], [0.015282794315276627, 0.03924208548060569, 0.508654953634469]], "chi2_level": 0.95, "chi2_df": 3, "chi2_threshold": 7.814727903251179, "N_raw": 101, "N_roi": 101, "N_inlier": 100, "refit": true}
{"timestamp": "15:40:00.347158", "frame": 125, "mu": [-0.17119613233115238, 2.4677416955941522, 1.2974135169089438], "Sigma": [[0.012544254616549217, -0.004564369440381589, -0.038447252850204464], [-0.00456436944038159, 0.00895874000708047, 0.034028886035765316], [-0.038447252850204464, 0.034028886035765316, 0.25570997451035204]], "chi2_level": 0.95, "chi2_df": 3, "chi2_threshold": 7.814727903251179, "N_raw": 72, "N_roi": 72, "N_inlier": 68, "refit": true}
{"timestamp": "15:40:00.403048", "frame": 126, "mu": [-0.21283212652030514, 2.508923306510494, 0.7335892183791535], "Sigma": [[0.014106693152368795, -0.00028750162554186615, 0.010962604335089622], [-0.0002875016255418661, 0.006979698609913084, 0.016323695116549325], [0.010962604335089622, 0.016323695116549325, 0.20698966262718785]], "chi2_level": 0.95, "chi2_df": 3, "chi2_threshold": 7.814727903251179, "N_raw": 77, "N_roi": 77, "N_inlier": 76, "refit": true}
{"timestamp": "15:40:00.456552", "frame": 127, "mu": [-0.32215147600603095, 2.4903553536897363, 0.6866112329801582], "Sigma": [[0.010946740322696031, 0.0009248401833070734, 0.0012075792840282144], [0.0009248401833070735, 0.0027538300334770957, 0.010434494739693646], [0.0012075792840282127, 0.010434494739693647, 0.6729078646573147]], "chi2_level": 0.95, "chi2_df": 3, "chi2_threshold": 7.814727903251179, "N_raw": 75, "N_roi": 75, "N_inlier": 73, "refit": true}
{"timestamp": "15:40:00.518477", "frame": 128, "mu": [-0.3125819113946845, 2.6035879957007415, 1.220173954261507], "Sigma": [[0.01502732210078197, 0.0057331869420908215, -0.006444857610606365], [0.0057331869420908215, 0.01446035287485833, -0.005616045540829407], [-0.006444857610606365, -0.005616045540829407, 0.09457515438869563]], "chi2_level": 0.95, "chi2_df": 3, "chi2_threshold": 7.814727903251179, "N_raw": 122, "N_roi": 122, "N_inlier": 117, "refit": true}
{"timestamp": "15:40:00.569492", "frame": 129, "mu": [-0.37168714186437596, 2.5709426627796663, 0.8613414635053167], "Sigma": [[0.013376459501168352, 0.004552319345357001, 0.0013465144043396456], [0.004552319345357001, 0.009375467875085173, 0.007524592873648965], [0.0013465144043396447, 0.007524592873648965, 0.22374300310535508]], "chi2_level": 0.95, "chi2_df": 3, "chi2_threshold": 7.814727903251179, "N_raw": 86, "N_roi": 86, "N_inlier": 86, "refit": true}
{"timestamp": "15:40:00.627993", "frame": 130, "mu": [-0.4015194942122713, 2.614866466679755, 1.0664452327980432], "Sigma": [[0.013825655890113241, -0.00011320362956095047, -0.0017180264424497254], [-0.00011320362956095043, 0.006594876104268438, -0.007663279065816021], [-0.0017180264424497254, -0.007663279065816021, 0.21236766442408955]], "chi2_level": 0.95, "chi2_df": 3, "chi2_threshold": 7.814727903251179, "N_raw": 114, "N_roi": 114, "N_inlier": 111, "refit": true}
{"timestamp": "15:40:00.682262", "frame": 131, "mu": [-0.47798902614525696, 2.628232249842233, 1.0106237610847693], "Sigma": [[0.011918347565138142, 0.0007766121909751173, 0.001442296143454307], [0.0007766121909751175, 0.009187957271684448, -0.023319916366864056], [0.0014422961434543066, -0.023319916366864056, 0.15225461820474032]], "chi2_level": 0.95, "chi2_df": 3, "chi2_threshold": 7.814727903251179, "N_raw": 106, "N_roi": 106, "N_inlier": 104, "refit": true}
{"timestamp": "15:40:00.732497", "frame": 132, "mu": [-0.46949998613302746, 2.6532754364024775, 1.0131874527956946], "Sigma": [[0.012254977699389182, 0.004020452998652514, 0.01836149230197848], [0.004020452998652514, 0.008798234387763832, -0.018618997452467548], [0.01836149230197848, -0.018618997452467548, 0.20708855004596236]], "chi2_level": 0.95, "chi2_df": 3, "chi2_threshold": 7.814727903251179, "N_raw": 72, "N_roi": 72, "N_inlier": 70, "refit": true}
{"timestamp": "15:40:00.783702", "frame": 133, "mu": [-0.3994114243251031, 2.7339122206275417, 1.4306292959717886], "Sigma": [[0.013036991201479381, 0.0024649156617498323, -0.0012580041112319844], [0.002464915661749832, 0.004654959740945096, -0.0012027898183573677], [-0.0012580041112319842, -0.0012027898183573677, 0.00777321413851172]], "chi2_level": 0.95, "chi2_df": 3, "chi2_threshold": 7.814727903251179, "N_raw": 55, "N_roi": 55, "N_inlier": 50, "refit": true}
{"timestamp": "15:40:00.842359", "frame": 134, "mu": [-0.39375287545620163, 2.726956223530187, 1.0738776336058888], "Sigma": [[0.013178768616563903, 0.0020909865057426383, -0.008467829812254331], [0.0020909865057426383, 0.003210419914965152, -0.008489365872757237], [-0.008467829812254331, -0.008489365872757237, 0.02768311947522436]], "chi2_level": 0.95, "chi2_df": 3, "chi2_threshold": 7.814727903251179, "N_raw": 76, "N_roi": 73, "N_inlier": 68, "refit": true}
{"timestamp": "15:40:00.889499", "frame": 135, "mu": [-0.48122083768586404, 2.786659061016657, 1.2890468694381454], "Sigma": [[0.006653817642328585, 0.001379925148556055, -0.0008514601264247344], [0.0013799251485560552, 0.002199397193315164, -0.0028529209176828985], [-0.0008514601264247341, -0.0028529209176828985, 0.006089773451807422]], "chi2_level": 0.95, "chi2_df": 3, "chi2_threshold": 7.814727903251179, "N_raw": 29, "N_roi": 29, "N_inlier": 27, "refit": true}
{"timestamp": "15:40:00.945060", "frame": 136, "mu": [-0.5877338123437397, 2.7639792655133233, 1.2921827819949434], "Sigma": [[0.007748391944901027, 0.0028106676192538003, -0.007653334709854922], [0.0028106676192538003, 0.0043108104232664765, -0.006018030686935372], [-0.007653334709854923, -0.006018030686935373, 0.026543788561141795]], "chi2_level": 0.95, "chi2_df": 3, "chi2_threshold": 7.814727903251179, "N_raw": 31, "N_roi": 30, "N_inlier": 30, "refit": true}
{"timestamp": "15:40:01.001359", "frame": 137, "mu": [-0.6094798738025506, 2.7866972252553937, 1.3909191186485845], "Sigma": [[0.007785350048698207, 0.002226506604074964, -0.0027478557710554274], [0.0022265066040749646, 0.004217441793000915, -0.0009253915740627275], [-0.0027478557710554274, -0.0009253915740627273, 0.006135424514774966]], "chi2_level": 0.95, "chi2_df": 3, "chi2_threshold": 7.814727903251179, "N_raw": 40, "N_roi": 37, "N_inlier": 34, "refit": true}
{"timestamp": "15:40:01.066339", "frame": 138, "mu": [-0.590860246849484, 2.8066360249670916, 1.0646149260618847], "Sigma": [[0.0212464791335292, 0.0033765528020871798, -0.033933634489461885], [0.00337655280208718, 0.005255539250396246, -0.005830074414997303], [-0.033933634489461885, -0.005830074414997303, 0.17922090271998484]], "chi2_level": 0.95, "chi2_df": 3, "chi2_threshold": 7.814727903251179, "N_raw": 109, "N_roi": 106, "N_inlier": 99, "refit": true}
{"timestamp": "15:40:01.121325", "frame": 139, "mu": [-0.6223916991498373, 2.8199813911410896, 0.9980261854893306], "Sigma": [[0.023251383640723648, 0.003936341582068744, -0.04627063346072724], [0.003936341582068745, 0.006040240175876254, -0.016404115488013356], [-0.04627063346072724, -0.016404115488013356, 0.15204827181505035]], "chi2_level": 0.95, "chi2_df": 3, "chi2_threshold": 7.814727903251179, "N_raw": 103, "N_roi": 103, "N_inlier": 103, "refit": true}
{"timestamp": "15:40:01.181094", "frame": 140, "mu": [-0.6656718230493124, 2.850761944739592, 0.6089887366772772], "Sigma": [[0.028641162913659795, 0.002071448082360144, -0.011586526961295475], [0.002071448082360144, 0.003141662614597924, -0.0062222136190801785], [-0.011586526961295475, -0.0062222136190801785, 0.43720637392996936]], "chi2_level": 0.95, "chi2_df": 3, "chi2_threshold": 7.814727903251179, "N_raw": 133, "N_roi": 133, "N_inlier": 132, "refit": true}
{"timestamp": "15:40:01.227442", "frame": 141, "mu": [-0.7507069959938897, 2.866721299420131, 0.829740544720068], "Sigma": [[0.012062326290023755, 0.0011744095762297898, 0.0017340295840841688], [0.00117440957622979, 0.0031566142693182694, -0.01271145902070427], [0.0017340295840841693, -0.012711459020704271, 0.38752584160629255]], "chi2_level": 0.95, "chi2_df": 3, "chi2_threshold": 7.814727903251179, "N_raw": 74, "N_roi": 74, "N_inlier": 73, "refit": true}
{"timestamp": "15:40:01.275548", "frame": 142, "mu": [-0.7635552640885909, 2.8900222436241156, 0.9332284884003199], "Sigma": [[0.007004153096808304, 0.000576971398935803, 0.00021690109418627768], [0.0005769713989358031, 0.0041130382172890724, -0.02491481504854697], [0.00021690109418627784, -0.024914815048546972, 0.2536198549869641]], "chi2_level": 0.95, "chi2_df": 3, "chi2_threshold": 7.814727903251179, "N_raw": 34, "N_roi": 34, "N_inlier": 33, "refit": true}
{"timestamp": "15:40:01.332853", "frame": 143, "mu": [-0.8129500029682704, 3.075671961966285, -0.45630322914478405], "Sigma": [[0.010271604505406961, -0.0011668702010531676, 0.03223538302796507], [-0.0011668702010531671, 0.037092392158766196, -0.08410055299342864], [0.03223538302796507, -0.08410055299342864, 0.3680561257172267]], "chi2_level": 0.95, "chi2_df": 3, "chi2_threshold": 7.814727903251179, "N_raw": 49, "N_roi": 49, "N_inlier": 48, "refit": true}
{"timestamp": "15:40:01.478481", "frame": 144, "mu": [-0.8419564032518726, 3.1900715844745267, -0.4035992183631402], "Sigma": [[0.012197729387576019, 0.0015822560344447775, -0.0017539310400200158], [0.0015822560344447773, 0.045266545646706985, -0.1091167030329416], [-0.0017539310400200158, -0.1091167030329416, 0.29197220872424345]], "chi2_level": 0.95, "chi2_df": 3, "chi2_threshold": 7.814727903251179, "N_raw": 109, "N_roi": 109, "N_inlier": 108, "refit": true}
{"timestamp": "15:40:01.511005", "frame": 145, "mu": [-0.8854160678285209, 2.9818503323699197, 0.8479311372732209], "Sigma": [[0.009999413436458755, 0.0006221471263671625, -0.00198920697024323], [0.0006221471263671631, 0.013450727181024259, -0.061041399727148116], [-0.001989206970243229, -0.061041399727148116, 0.3411390573955369]], "chi2_level": 0.95, "chi2_df": 3, "chi2_threshold": 7.814727903251179, "N_raw": 63, "N_roi": 63, "N_inlier": 62, "refit": true}
{"timestamp": "15:40:01.539889", "frame": 146, "mu": [-0.9190561095360852, 3.182968358033271, -0.6178724771215336], "Sigma": [[0.012907960150572403, -0.002007581045431926, 0.03172698548765676], [-0.002007581045431926, 0.056052715216384136, -0.10029952827240418], [0.03172698548765676, -0.10029952827240418, 0.33726892163126027]], "chi2_level": 0.95, "chi2_df": 3, "chi2_threshold": 7.814727903251179, "N_raw": 73, "N_roi": 73, "N_inlier": 70, "refit": true}
{"timestamp": "15:40:01.571638", "frame": 147, "mu": [-0.9236652069451684, 3.2185528389711076, -0.45647579801144467], "Sigma": [[0.01648985147155689, -0.001316589848560075, 0.018000831813292553], [-0.001316589848560076, 0.029983961001908175, -0.12342241878443695], [0.018000831813292553, -0.12342241878443695, 0.5553814377629852]], "chi2_level": 0.95, "chi2_df": 3, "chi2_threshold": 7.814727903251179, "N_raw": 68, "N_roi": 68, "N_inlier": 67, "refit": true}
{"timestamp": "15:40:01.610018", "frame": 148, "mu": [-0.9202883962443306, 3.0130375548416013, 0.9623833285955089], "Sigma": [[0.011630276571040878, 0.002134078691370951, 0.014664773532843046], [0.002134078691370951, 0.0026457637748794525, -0.008538188751182861], [0.014664773532843046, -0.008538188751182861, 0.22368676567732684]], "chi2_level": 0.95, "chi2_df": 3, "chi2_threshold": 7.814727903251179, "N_raw": 57, "N_roi": 57, "N_inlier": 55, "refit": true}
{"timestamp": "15:40:01.657111", "frame": 149, "mu": [-0.9656153339871857, 3.026079010099693, 0.3110479765327868], "Sigma": [[0.008679205448530352, -0.0010006865516609797, 0.038304075106197474], [-0.0010006865516609797, 0.002025963641339912, -0.0015564676007863223], [0.038304075106197474, -0.0015564676007863232, 0.20465388620411049]], "chi2_level": 0.95, "chi2_df": 3, "chi2_threshold": 7.814727903251179, "N_raw": 10, "N_roi": 10, "N_inlier": 9, "refit": true}
{"timestamp": "15:40:01.714840", "frame": 150, "mu": [-0.9729556102066247, 2.475381674365782, -0.48465657920683936], "Sigma": [[0.014650685456055858, 0.0171756264167985, 0.01326598618728687], [0.017175626416798505, 0.40374858619186804, 0.4609374911747541], [0.01326598618728687, 0.4609374911747541, 0.6703662831562259]], "chi2_level": 0.95, "chi2_df": 3, "chi2_threshold": 7.814727903251179, "N_raw": 34, "N_roi": 34, "N_inlier": 33, "refit": true}
{"timestamp": "15:40:01.776074", "frame": 151, "mu": [-1.0223207210316059, 3.03016321465739, 0.7136458805805592], "Sigma": [[0.009768446263601415, -0.0015950996452392353, -0.024556850380456526], [-0.0015950996452392349, 0.0464563495742079, 0.12341753052753954], [-0.02455685038045652, 0.12341753052753954, 0.5565380401140659]], "chi2_level": 0.95, "chi2_df": 3, "chi2_threshold": 7.814727903251179, "N_raw": 75, "N_roi": 75, "N_inlier": 70, "refit": true}
{"timestamp": "15:40:01.827586", "frame": 152, "mu": [-1.0540477097241618, 3.1111037618408464, 1.0184745068415564], "Sigma": [[0.011648889569555376, 0.0017542960756696184, -0.004991172811945551], [0.0017542960756696184, 0.003387978499062234, -0.003977429442154989], [-0.004991172811945551, -0.003977429442154989, 0.00812065756603208]], "chi2_level": 0.95, "chi2_df": 3, "chi2_threshold": 7.814727903251179, "N_raw": 45, "N_roi": 45, "N_inlier": 43, "refit": true}
{"timestamp": "15:40:01.882882", "frame": 153, "mu": [-1.0176025010399032, 3.1776827278119226, 0.5559400419591076], "Sigma": [[0.015968436679659515, -0.0029091281683047794, -0.01631703491334604], [-0.0029091281683047794, 0.0013123913012932462, 0.002039759191419422], [-0.01631703491334604, 0.002039759191419422, 0.0341852875084295]], "chi2_level": 0.95, "chi2_df": 3, "chi2_threshold": 7.814727903251179, "N_raw": 44, "N_roi": 42, "N_inlier": 39, "refit": true}
{"timestamp": "15:40:01.938270", "frame": 154, "mu": [-1.059848345406375, 3.162542950083832, 0.85375100234798], "Sigma": [[0.014318932369369953, 0.0013518273480795373, -0.033852268164492695], [0.0013518273480795373, 0.0017619109446484398, -0.002769873744319524], [-0.03385226816449269, -0.0027698737443195244, 0.1305011499560701]], "chi2_level": 0.95, "chi2_df": 3, "chi2_threshold": 7.814727903251179, "N_raw": 50, "N_roi": 49, "N_inlier": 44, "refit": true}
{"timestamp": "15:40:01.988549", "frame": 155, "mu": [-1.1101342178231597, 3.2295676179145607, 0.8583373237511365], "Sigma": [[0.0025661120339932767, 0.0001407645636409418, 0.008452995186186925], [0.0001407645636409418, 0.001520842723247471, -0.009187632366351301], [0.008452995186186923, -0.009187632366351301, 0.12103980723004694]], "chi2_level": 0.95, "chi2_df": 3, "chi2_threshold": 7.814727903251179, "N_raw": 14, "N_roi": 14, "N_inlier": 12, "refit": true}
{"timestamp": "15:40:02.043159", "frame": 156, "mu": [-1.1696318644155432, 3.514322265417999, -0.6690713348358855], "Sigma": [[0.004202408439748903, -0.004915031463313358, 0.01970550991663847], [-0.004915031463313358, 0.03713762014701711, -0.12379894488325863], [0.01970550991663847, -0.12379894488325863, 0.47252249703493315]], "chi2_level": 0.95, "chi2_df": 3, "chi2_threshold": 7.814727903251179, "N_raw": 15, "N_roi": 13, "N_inlier": 13, "refit": true}
{"timestamp": "15:40:02.105597", "frame": 157, "mu": [-1.1868801929693462, 3.2571684622524524, 1.0356706198128263], "Sigma": [[0.012903692353468445, 0.002637031467554734, -0.002802389861281781], [0.0026370314675547343, 0.00573572696513991, -0.023328229797413627], [-0.002802389861281781, -0.02332822979741363, 0.20989814485002883]], "chi2_level": 0.95, "chi2_df": 3, "chi2_threshold": 7.814727903251179, "N_raw": 62, "N_roi": 59, "N_inlier": 57, "refit": true}
{"timestamp": "15:40:02.159392", "frame": 158, "mu": [-1.256517220774704, 3.2406829938255473, 1.0587553180918523], "Sigma": [[0.014029589046155803, 0.0014718769220343657, 0.005463110074522271], [0.0014718769220343662, 0.0067238366994945885, -0.02303852881199945], [0.005463110074522271, -0.023038528811999453, 0.20665333893227117]], "chi2_level": 0.95, "chi2_df": 3, "chi2_threshold": 7.814727903251179, "N_raw": 59, "N_roi": 59, "N_inlier": 58, "refit": true}
{"timestamp": "15:40:02.206723", "frame": 159, "mu": [-1.2849334489040973, 3.2933590431920114, 0.5779388865188546], "Sigma": [[0.005740175428072211, -0.0012156705290896899, 0.034795577956515646], [-0.00121567052908969, 0.007068647836751316, -0.023626419069937964], [0.034795577956515646, -0.023626419069937964, 0.2840434328709553]], "chi2_level": 0.95, "chi2_df": 3, "chi2_threshold": 7.814727903251179, "N_raw": 11, "N_roi": 11, "N_inlier": 10, "refit": true}
{"timestamp": "15:40:02.266005", "frame": 160, "mu": [-1.2827750215759437, 3.275180969980485, 1.375366217585486], "Sigma": [[0.01411733533536823, 0.004145094048841495, -0.006832972861828509], [0.004145094048841494, 0.0066318587352289194, -0.001962759868291063], [-0.0068329728618285075, -0.001962759868291063, 0.004723251603794639]], "chi2_level": 0.95, "chi2_df": 3, "chi2_threshold": 7.814727903251179, "N_raw": 44, "N_roi": 44, "N_inlier": 42, "refit": true}
{"timestamp": "15:40:02.321576", "frame": 161, "mu": [-1.285691853266373, 3.298767973434066, 1.3468233165114956], "Sigma": [[0.011944943770565987, 0.0029951290097495454, -0.0038194726530582056], [0.0029951290097495454, 0.004496791811612794, -0.0012377560040785947], [-0.0038194726530582056, -0.0012377560040785951, 0.0027090772140138534]], "chi2_level": 0.95, "chi2_df": 3, "chi2_threshold": 7.814727903251179, "N_raw": 37, "N_roi": 35, "N_inlier": 32, "refit": true}
{"timestamp": "15:40:02.377701", "frame": 162, "mu": [-1.301823808285083, 3.322587904571624, 1.3438704624627122], "Sigma": [[0.019513338183344588, 0.0055374124993158216, -0.005873453543896668], [0.0055374124993158216, 0.00719114936105625, -0.0009615818194957461], [-0.005873453543896668, -0.000961581819495746, 0.0027805293960929513]], "chi2_level": 0.95, "chi2_df": 3, "chi2_threshold": 7.814727903251179, "N_raw": 51, "N_roi": 51, "N_inlier": 50, "refit": true}
{"timestamp": "15:40:02.432816", "frame": 163, "mu": [-1.359449115059495, 3.323619192561616, 1.2719871175780368], "Sigma": [[0.018781340089571878, 0.004143406868416424, -0.010275279669621204], [0.004143406868416424, 0.00347377066659225, -0.004424601775061229], [-0.010275279669621204, -0.00442460177506123, 0.015015070210193203]], "chi2_level": 0.95, "chi2_df": 3, "chi2_threshold": 7.814727903251179, "N_raw": 45, "N_roi": 42, "N_inlier": 40, "refit": true}
{"timestamp": "15:40:02.486097", "frame": 164, "mu": [-1.3642814234822338, 3.3710921945965513, 1.1223020218171376], "Sigma": [[0.011579251044328985, 0.004124029836599883, -0.011992239167114938], [0.004124029836599883, 0.003594818785031372, -0.008859147707610157], [-0.011992239167114938, -0.008859147707610157, 0.027466688006052325]], "chi2_level": 0.95, "chi2_df": 3, "chi2_threshold": 7.814727903251179, "N_raw": 38, "N_roi": 38, "N_inlier": 36, "refit": true}
{"timestamp": "15:40:02.542750", "frame": 165, "mu": [-1.3862883024507222, 3.373618499615197, 1.0499993246577795], "Sigma": [[0.022012623965066903, 0.007092251880436954, -0.03751318553707959], [0.007092251880436954, 0.005042807783302304, -0.01759977188797436], [-0.03751318553707959, -0.01759977188797436, 0.12104698360321617]], "chi2_level": 0.95, "chi2_df": 3, "chi2_threshold": 7.814727903251179, "N_raw": 49, "N_roi": 49, "N_inlier": 47, "refit": true}
{"timestamp": "15:40:02.594599", "frame": 166, "mu": [-1.415544978277435, 3.5512671035251095, 0.01730266382553865], "Sigma": [[0.012182579449258954, 0.005811757257947508, -0.008947914330802513], [0.005811757257947508, 0.006346817753332837, -0.01145326129861466], [-0.008947914330802513, -0.01145326129861466, 0.02492329960518691]], "chi2_level": 0.95, "chi2_df": 3, "chi2_threshold": 7.814727903251179, "N_raw": 28, "N_roi": 28, "N_inlier": 23, "refit": true}
{"timestamp": "15:40:02.656243", "frame": 167, "mu": [-1.3379636539932929, 3.4646450274833005, 0.8063843156862985], "Sigma": [[0.04118389798957051, 0.012182680722374635, -0.07780684500235643], [0.012182680722374634, 0.006192020739796417, -0.03010651194234132], [-0.07780684500235645, -0.03010651194234132, 0.2033441446418365]], "chi2_level": 0.95, "chi2_df": 3, "chi2_threshold": 7.814727903251179, "N_raw": 71, "N_roi": 71, "N_inlier": 69, "refit": true}
{"timestamp": "15:40:02.702584", "frame": 168, "mu": [-1.4149913195112633, 3.5041408113631043, 0.4578846320946774], "Sigma": [[0.004932278801064651, 0.004436634729491733, 0.023391769827083783], [0.004436634729491733, 0.005803786601192507, 0.018733749019748273], [0.02339176982708378, 0.018733749019748277, 0.30276324601633914]], "chi2_level": 0.95, "chi2_df": 3, "chi2_threshold": 7.814727903251179, "N_raw": 9, "N_roi": 9, "N_inlier": 9, "refit": true}
{"timestamp": "15:40:02.756346", "frame": 169, "mu": [-1.4868806175038642, 3.5233803560154593, 0.6801279570673094], "Sigma": [[0.0006475354117100261, -0.00023935237738336834, 0.0006890965081088789], [-0.00023935237738336812, 0.007481550656175198, -0.04117347221384973], [0.0006890965081088798, -0.04117347221384973, 0.24353539641267677]], "chi2_level": 0.95, "chi2_df": 3, "chi2_threshold": 7.814727903251179, "N_raw": 7, "N_roi": 7, "N_inlier": 7, "refit": true}
{"timestamp": "15:40:02.811787", "frame": 170, "mu": [-1.5051970331719002, 3.5570312478540917, 0.8495469937728587], "Sigma": [[0.0014876725875858016, 0.0018926112599548831, -0.013414299797062438], [0.001892611259954883, 0.006694634586944657, -0.033126277285782324], [-0.01341429979706244, -0.033126277285782324, 0.23365389720082363]], "chi2_level": 0.95, "chi2_df": 3, "chi2_threshold": 7.814727903251179, "N_raw": 12, "N_roi": 9, "N_inlier": 8, "refit": true}
{"timestamp": "15:40:02.870561", "frame": 171, "mu": [-1.5277315965706755, 3.4998003768138166, 0.9069748822568692], "Sigma": [[0.009532961360824769, 0.002997379804533686, -0.009064589921305983], [0.002997379804533686, 0.0055597064460665155, -0.016282185852973335], [-0.009064589921305983, -0.016282185852973335, 0.056143869217554904]], "chi2_level": 0.95, "chi2_df": 3, "chi2_threshold": 7.814727903251179, "N_raw": 27, "N_roi": 24, "N_inlier": 22, "refit": true}
