{"timestamp": "15:33:56.147956", "frame": 19, "mu": [-0.12430425292451107, 0.09519206179053478, 0.9112175636364224], "Sigma": [[0.2108818065891201, -0.0002793737536568436, 0.172450644076558], [-0.0002793737536568436, 0.0015580522605030138, -0.013162389890677258], [0.17245064407655802, -0.013162389890677256, 0.47432096942931135]], "chi2_level": 0.95, "chi2_df": 3, "chi2_threshold": 7.814727903251179, "N_raw": 7, "N_roi": 7, "N_inlier": 7, "refit": true}
{"timestamp": "15:33:56.203586", "frame": 20, "mu": [0.16272050581754652, 0.21982931908751582, -0.48368386617075454], "Sigma": [[0.2261975724305205, -0.005704168189319637, 0.034320538572368886], [-0.005704168189319637, 0.0016367520080739601, -0.002540500695295508], [0.034320538572368886, -0.002540500695295508, 0.00799355375856215]], "chi2_level": 0.95, "chi2_df": 3, "chi2_threshold": 7.814727903251179, "N_raw": 11, "N_roi": 11, "N_inlier": 9, "refit": true}
{"timestamp": "15:33:56.258697", "frame": 21, "mu": [0.1425518586268272, 0.11111863093258469, 1.511411080918509], "Sigma": [[0.26086628660210703, -0.004036981327228507, 0.014759859322734159], [-0.004036981327228507, 0.0030329774515908655, -0.004460351700931044], [0.014759859322734159, -0.004460351700931044, 0.008065197000642208]], "chi2_level": 0.95, "chi2_df": 3, "chi2_threshold": 7.814727903251179, "N_raw": 18, "N_roi": 18, "N_inlier": 17, "refit": true}
{"timestamp": "15:33:56.314460", "frame": 22, "mu": [0.12643009934645677, 0.3001641407361082, -0.4840626980672956], "Sigma": [[0.2243947288813414, -0.05088004371110062, 0.053866597873383555], [-0.05088004371110062, 0.013134147220003172, -0.01385692894750776], [0.053866597873383555, -0.01385692894750776, 0.01550498999647341]], "chi2_level": 0.95, "chi2_df": 3, "chi2_threshold": 7.814727903251179, "N_raw": 13, "N_roi": 13, "N_inlier": 13, "refit": true}
{"timestamp": "15:33:56.369198", "frame": 23, "mu": [-0.529997529454516, 0.25902390125612906, 1.0053317940691275], "Sigma": [[0.005592791258303603, 0.0044023286221766015, -0.009137856839548337], [0.004402328622176602, 0.013615190641960309, -0.05909777424182012], [-0.009137856839548337, -0.059097774241820125, 0.43779441685957526]], "chi2_level": 0.95, "chi2_df": 3, "chi2_threshold": 7.814727903251179, "N_raw": 17, "N_roi": 17, "N_inlier": 16, "refit": true}
{"timestamp": "15:33:56.426074", "frame": 24, "mu": [0.01467539717191221, 0.13996109980942406, 1.519509303304853], "Sigma": [[0.32694829475122067, 0.0011955504413598708, 0.002838593980433718], [0.0011955504413598713, 0.0033717847850045753, -0.003799260534817885], [0.0028385939804337177, -0.003799260534817885, 0.005677570721355796]], "chi2_level": 0.95, "chi2_df": 3, "chi2_threshold": 7.814727903251179, "N_raw": 27, "N_roi": 27, "N_inlier": 23, "refit": true}
{"timestamp": "15:33:56.482400", "frame": 25, "mu": [-0.58338986547015, 0.2952889083940697, -0.409237959889394], "Sigma": [[0.003661116095164046, 0.0030095133034190044, -0.001478388399703471], [0.0030095133034190044, 0.007340993634710098, -0.006309884815829949], [-0.0014783883997034708, -0.00630988481582995, 0.006721062763240355]], "chi2_level": 0.95, "chi2_df": 3, "chi2_threshold": 7.814727903251179, "N_raw": 38, "N_roi": 38, "N_inlier": 30, "refit": true}
{"timestamp": "15:33:56.544206", "frame": 26, "mu": [-0.5191300373344255, 0.2576819034862994, 1.4357866968001494], "Sigma": [[0.0027053525639614403, 0.0015557421451633936, -0.0026119089147804515], [0.0015557421451633936, 0.002556734256247778, -0.004503844461246192], [-0.0026119089147804515, -0.004503844461246192, 0.009013559384516829]], "chi2_level": 0.95, "chi2_df": 3, "chi2_threshold": 7.814727903251179, "N_raw": 68, "N_roi": 68, "N_inlier": 63, "refit": true}
{"timestamp": "15:33:56.596522", "frame": 27, "mu": [-0.4821859613354495, 0.3266409556129717, 1.2870042950452938], "Sigma": [[0.002765022510476954, -0.0005813481058382136, 0.0015932291967890072], [-0.0005813481058382137, 0.0012051764301319555, -0.0014222220097367046], [0.0015932291967890072, -0.0014222220097367046, 0.002514662989069949]], "chi2_level": 0.95, "chi2_df": 3, "chi2_threshold": 7.814727903251179, "N_raw": 47, "N_roi": 47, "N_inlier": 47, "refit": true}
{"timestamp": "15:33:56.644857", "frame": 28, "mu": [-0.5047213198741252, 0.3365402162705251, 0.9976075199949686], "Sigma": [[0.0029030924949737017, -0.0005678023874858856, 0.011457879304952298], [-0.0005678023874858857, 0.0042351058691115825, 0.028075503640650232], [0.011457879304952298, 0.028075503640650236, 0.2903346890349441]], "chi2_level": 0.95, "chi2_df": 3, "chi2_threshold": 7.814727903251179, "N_raw": 7, "N_roi": 7, "N_inlier": 7, "refit": true}
{"timestamp": "15:33:56.701580", "frame": 29, "mu": [-0.09612209951717168, 0.3408619194005628, 0.998344637593289], "Sigma": [[0.36875585536246086, -0.08852797201855428, 0.22017105821539978], [-0.08852797201855428, 0.02548635698669801, -0.08289599295460096], [0.22017105821539978, -0.08289599295460096, 0.37562316771118764]], "chi2_level": 0.95, "chi2_df": 3, "chi2_threshold": 7.814727903251179, "N_raw": 11, "N_roi": 11, "N_inlier": 11, "refit": true}
{"timestamp": "15:33:56.814455", "frame": 31, "mu": [-0.5390585069706384, 0.45191189442344265, 1.2671530667131599], "Sigma": [[0.0018503909318915714, 1.9263324013112952e-05, 0.0005076245105755618], [1.9263324013112966e-05, 0.00033591976889488586, -0.0006468065212027385], [0.0005076245105755619, -0.0006468065212027384, 0.0025870629179387647]], "chi2_level": 0.95, "chi2_df": 3, "chi2_threshold": 7.814727903251179, "N_raw": 38, "N_roi": 38, "N_inlier": 36, "refit": true}
{"timestamp": "15:33:56.867201", "frame": 32, "mu": [-0.6148891433470799, 0.3849760976723405, 1.4655264955134903], "Sigma": [[0.004736107569926478, 0.002622485620373991, -0.006058208737310299], [0.002622485620373991, 0.00230004648734122, -0.0064785249259836615], [-0.006058208737310299, -0.0064785249259836615, 0.022734573854543527]], "chi2_level": 0.95, "chi2_df": 3, "chi2_threshold": 7.814727903251179, "N_raw": 20, "N_roi": 18, "N_inlier": 17, "refit": true}
{"timestamp": "15:33:56.921980", "frame": 33, "mu": [-0.5821594636073977, 0.4826531905222394, 1.3588606239775998], "Sigma": [[0.00950099360908207, 0.007153248550557696, -0.011627362463883618], [0.007153248550557696, 0.00581705234302502, -0.009258233915299428], [-0.011627362463883618, -0.009258233915299428, 0.020337989954498516]], "chi2_level": 0.95, "chi2_df": 3, "chi2_threshold": 7.814727903251179, "N_raw": 26, "N_roi": 26, "N_inlier": 24, "refit": true}
{"timestamp": "15:33:56.982660", "frame": 34, "mu": [-0.473112400507603, 0.5454503522568759, 1.2678031434116275], "Sigma": [[0.004153290396797873, -0.0001661798007046928, -0.0005020190710450556], [-0.00016617980070469292, 0.000768793687544946, -0.0015762088221225974], [-0.0005020190710450552, -0.0015762088221225972, 0.004652009495847925]], "chi2_level": 0.95, "chi2_df": 3, "chi2_threshold": 7.814727903251179, "N_raw": 60, "N_roi": 60, "N_inlier": 50, "refit": true}
{"timestamp": "15:33:57.032234", "frame": 35, "mu": [-0.5148434129014046, 0.5366568098860021, 1.3009638230816203], "Sigma": [[0.001428167531319516, -0.0004295268195862413, -0.0004075482223326608], [-0.00042952681958624117, 0.0011824382257814839, 0.00024645706875442745], [-0.0004075482223326607, 0.00024645706875442745, 0.00508229296221268]], "chi2_level": 0.95, "chi2_df": 3, "chi2_threshold": 7.814727903251179, "N_raw": 21, "N_roi": 21, "N_inlier": 19, "refit": true}
{"timestamp": "15:33:57.094320", "frame": 36, "mu": [-0.46790916260448184, 0.617938117262324, 1.26417193573146], "Sigma": [[0.0036911397796868138, -0.0005888843715154858, -0.0018554083106466332], [-0.0005888843715154858, 0.0012934408300553635, -0.003105312802388574], [-0.0018554083106466328, -0.003105312802388574, 0.013142029967220683]], "chi2_level": 0.95, "chi2_df": 3, "chi2_threshold": 7.814727903251179, "N_raw": 73, "N_roi": 71, "N_inlier": 62, "refit": true}
{"timestamp": "15:33:57.145886", "frame": 37, "mu": [-0.4470692612524189, 0.6275986336906255, 1.2432800802603519], "Sigma": [[0.0022601099126196263, -0.0012531678077981993, -4.9967558281007135e-05], [-0.0012531678077981993, 0.0012938838678923494, -0.0009117428896607343], [-4.9967558281007135e-05, -0.0009117428896607342, 0.0034579427190731806]], "chi2_level": 0.95, "chi2_df": 3, "chi2_threshold": 7.814727903251179, "N_raw": 49, "N_roi": 49, "N_inlier": 43, "refit": true}
{"timestamp": "15:33:57.203448", "frame": 38, "mu": [-0.6045134162421875, 0.7177135331297505, -0.38781157804743266], "Sigma": [[0.03582026131589934, 0.022261318998995146, -0.04011098186191347], [0.022261318998995142, 0.01701927139972949, -0.028633435833429963], [-0.04011098186191347, -0.028633435833429963, 0.05036450784991482]], "chi2_level": 0.95, "chi2_df": 3, "chi2_threshold": 7.814727903251179, "N_raw": 68, "N_roi": 68, "N_inlier": 65, "refit": true}
{"timestamp": "15:33:57.262733", "frame": 39, "mu": [-0.6388889857310664, 0.6331305198392156, 1.514458960943051], "Sigma": [[0.024196296954225174, 0.007593264184765703, -0.028879460219609583], [0.007593264184765703, 0.004165244185250198, -0.01184960220707634], [-0.028879460219609583, -0.01184960220707634, 0.04959452425567615]], "chi2_level": 0.95, "chi2_df": 3, "chi2_threshold": 7.814727903251179, "N_raw": 88, "N_roi": 88, "N_inlier": 85, "refit": true}
{"timestamp": "15:33:57.312876", "frame": 40, "mu": [-0.7130253857998687, 0.6295345302201995, 1.6236333593854007], "Sigma": [[0.0189515735733458, 0.006817767616214778, -0.013196611195104443], [0.006817767616214778, 0.00411187252711111, -0.006877484837440329], [-0.013196611195104443, -0.006877484837440329, 0.016665381834969368]], "chi2_level": 0.95, "chi2_df": 3, "chi2_threshold": 7.814727903251179, "N_raw": 60, "N_roi": 60, "N_inlier": 57, "refit": true}
{"timestamp": "15:33:57.364452", "frame": 41, "mu": [-0.7217045865991748, 0.6438803143506043, 1.5700141431469083], "Sigma": [[0.030343514881973933, 0.011884252158418918, -0.04095410372180012], [0.011884252158418918, 0.0062282405067172674, -0.018203002828485554], [-0.04095410372180012, -0.01820300282848555, 0.06185737348780865]], "chi2_level": 0.95, "chi2_df": 3, "chi2_threshold": 7.814727903251179, "N_raw": 40, "N_roi": 40, "N_inlier": 38, "refit": true}
{"timestamp": "15:33:57.418276", "frame": 42, "mu": [-0.6421583433300874, 0.6644103710479975, 1.4733001364262972], "Sigma": [[0.03382003825875765, 0.014324837212727327, -0.044274552681226445], [0.014324837212727327, 0.00788244072641486, -0.02063150570405281], [-0.044274552681226445, -0.02063150570405281, 0.0604256495869434]], "chi2_level": 0.95, "chi2_df": 3, "chi2_threshold": 7.814727903251179, "N_raw": 27, "N_roi": 27, "N_inlier": 25, "refit": true}
{"timestamp": "15:33:57.473941", "frame": 43, "mu": [-0.8649458948180184, 0.6429900595272275, 1.652383665220301], "Sigma": [[0.022545766748199008, 0.01015614687034292, -0.018063769839063964], [0.01015614687034292, 0.006808319672274619, -0.012651906625017384], [-0.018063769839063964, -0.012651906625017386, 0.026846526591524575]], "chi2_level": 0.95, "chi2_df": 3, "chi2_threshold": 7.814727903251179, "N_raw": 34, "N_roi": 34, "N_inlier": 31, "refit": true}
{"timestamp": "15:33:57.529876", "frame": 44, "mu": [-0.6090263734094439, 0.8009132940785649, 1.5207228159336421], "Sigma": [[0.018070955805466447, 0.006719626304243216, -0.017095370005140526], [0.006719626304243215, 0.0037808428918235312, -0.0077125791303003805], [-0.017095370005140526, -0.007712579130300381, 0.026375101814819633]], "chi2_level": 0.95, "chi2_df": 3, "chi2_threshold": 7.814727903251179, "N_raw": 47, "N_roi": 47, "N_inlier": 43, "refit": true}
{"timestamp": "15:33:57.589959", "frame": 45, "mu": [-0.5963498474466159, 0.8764647339274942, 1.45547601647905], "Sigma": [[0.0025656059262129747, -0.0008644777390706869, 5.590250049522001e-05], [-0.0008644777390706869, 0.002476215357807161, -0.004339157601209336], [5.590250049522001e-05, -0.004339157601209336, 0.009904412253172287]], "chi2_level": 0.95, "chi2_df": 3, "chi2_threshold": 7.814727903251179, "N_raw": 73, "N_roi": 73, "N_inlier": 66, "refit": true}
{"timestamp": "15:33:57.643211", "frame": 46, "mu": [-0.5628087773877494, 0.9161640884204031, 1.3390004951308088], "Sigma": [[0.0021250704278848232, -0.00021187667934862814, -0.0028034096056074485], [-0.00021187667934862814, 0.0010188597517558743, -0.00207893603336702], [-0.002803409605607449, -0.00207893603336702, 0.038270491512861785]], "chi2_level": 0.95, "chi2_df": 3, "chi2_threshold": 7.814727903251179, "N_raw": 63, "N_roi": 63, "N_inlier": 60, "refit": true}
{"timestamp": "15:33:57.690590", "frame": 47, "mu": [-0.7898156689572202, 0.8827771689203217, 1.5968252909221552], "Sigma": [[0.01837593029153806, 0.011090350392079146, -0.010565688550465371], [0.011090350392079146, 0.013204334684419334, -0.015266191712623613], [-0.010565688550465371, -0.015266191712623611, 0.022738509770857552]], "chi2_level": 0.95, "chi2_df": 3, "chi2_threshold": 7.814727903251179, "N_raw": 11, "N_roi": 11, "N_inlier": 10, "refit": true}
{"timestamp": "15:33:57.756504", "frame": 48, "mu": [-0.6870972424079484, 0.9862855363359065, 1.4245999722465936], "Sigma": [[0.01270265143060719, 0.004120064296563747, -0.007175358792230911], [0.004120064296563746, 0.003951297386701219, -0.007247114925055468], [-0.007175358792230912, -0.007247114925055468, 0.024655396597511075]], "chi2_level": 0.95, "chi2_df": 3, "chi2_threshold": 7.814727903251179, "N_raw": 92, "N_roi": 92, "N_inlier": 80, "refit": true}
{"timestamp": "15:33:57.811088", "frame": 49, "mu": [-0.5702570154370394, 1.0147216219105974, 1.2630662525636913], "Sigma": [[0.003923261450751655, 0.0002322272984241995, -0.014500869921253504], [0.00023222729842419957, 0.001937554563406484, -0.0018979316304856314], [-0.014500869921253504, -0.0018979316304856319, 0.1001251297969608]], "chi2_level": 0.95, "chi2_df": 3, "chi2_threshold": 7.814727903251179, "N_raw": 81, "N_roi": 81, "N_inlier": 71, "refit": true}
{"timestamp": "15:33:57.866124", "frame": 50, "mu": [-0.634192509818034, 1.0898207705859533, 1.454445513710069], "Sigma": [[0.00356949831897775, -0.0006241788877613433, -0.0045094298736278945], [-0.0006241788877613431, 0.0024516782591751402, -0.0030557772066493586], [-0.0045094298736278945, -0.0030557772066493586, 0.028247147558927068]], "chi2_level": 0.95, "chi2_df": 3, "chi2_threshold": 7.814727903251179, "N_raw": 78, "N_roi": 78, "N_inlier": 74, "refit": true}
{"timestamp": "15:33:57.922875", "frame": 51, "mu": [-0.6315262359487658, 1.0945237419744163, 1.3423245341478904], "Sigma": [[0.006666115949843572, -0.0017179324107721942, -0.018657727541094953], [-0.0017179324107721946, 0.004631668263171466, 0.0030921231516493745], [-0.018657727541094953, 0.003092123151649375, 0.09969756757997766]], "chi2_level": 0.95, "chi2_df": 3, "chi2_threshold": 7.814727903251179, "N_raw": 94, "N_roi": 94, "N_inlier": 89, "refit": true}
{"timestamp": "15:33:57.978001", "frame": 52, "mu": [-0.6233914338460171, 1.2806004014878958, -0.43769203575537524], "Sigma": [[0.00497237260363816, 0.0025750400198958035, -0.016473222138567827], [0.0025750400198958035, 0.007351161816998985, -0.024902383506103274], [-0.01647322213856783, -0.02490238350610327, 0.12477245897547211]], "chi2_level": 0.95, "chi2_df": 3, "chi2_threshold": 7.814727903251179, "N_raw": 95, "N_roi": 95, "N_inlier": 93, "refit": true}
{"timestamp": "15:33:58.029123", "frame": 53, "mu": [-0.686015040337997, 1.2955862411318328, -0.18438560328212297], "Sigma": [[0.00400988997183139, 2.5308673227161717e-05, -0.0016576899283791571], [2.5308673227161663e-05, 0.004895613211280879, -0.0036322767199070257], [-0.001657689928379157, -0.0036322767199070257, 0.004410733983706768]], "chi2_level": 0.95, "chi2_df": 3, "chi2_threshold": 7.814727903251179, "N_raw": 60, "N_roi": 60, "N_inlier": 56, "refit": true}
{"timestamp": "15:33:58.084381", "frame": 54, "mu": [-0.6632492797017076, 1.215337841975767, 1.413015275883615], "Sigma": [[0.004668505964889894, 0.00015077390590231073, -0.001418404217338414], [0.0001507739059023107, 0.004222523682474653, -0.005331486251701349], [-0.0014184042173384138, -0.00533148625170135, 0.0077921622342837045]], "chi2_level": 0.95, "chi2_df": 3, "chi2_threshold": 7.814727903251179, "N_raw": 77, "N_roi": 77, "N_inlier": 74, "refit": true}
{"timestamp": "15:33:58.130875", "frame": 55, "mu": [-0.6754636591085724, 1.3045454535380148, -0.30238555189140537], "Sigma": [[0.0006225915904281449, -0.0001224129338384241, 0.0022531664891235073], [-0.0001224129338384241, 0.008113300481869472, -2.6689137029079803e-06], [0.0022531664891235073, -2.6689137029088476e-06, 0.0329718376787021]], "chi2_level": 0.95, "chi2_df": 3, "chi2_threshold": 7.814727903251179, "N_raw": 11, "N_roi": 11, "N_inlier": 10, "refit": true}
{"timestamp": "15:33:58.185636", "frame": 56, "mu": [-0.6478591683317584, 1.3255932679351072, 0.8704393418741656], "Sigma": [[0.0016765250344879712, -0.002426497895624746, 0.008417966064074717], [-0.0024264978956247455, 0.014756144308533751, -0.05504212491302021], [0.008417966064074717, -0.05504212491302022, 0.38755940342621675]], "chi2_level": 0.95, "chi2_df": 3, "chi2_threshold": 7.814727903251179, "N_raw": 13, "N_roi": 13, "N_inlier": 12, "refit": true}
{"timestamp": "15:33:58.251229", "frame": 57, "mu": [-0.595885142492904, 1.3133532957733218, 1.165824061605701], "Sigma": [[0.0050500438346972425, -5.618734496265346e-05, -0.006769174947538639], [-5.618734496265346e-05, 0.002804657492813699, -0.003219470119194937], [-0.006769174947538639, -0.003219470119194937, 0.034973444322430734]], "chi2_level": 0.95, "chi2_df": 3, "chi2_threshold": 7.814727903251179, "N_raw": 89, "N_roi": 89, "N_inlier": 86, "refit": true}
{"timestamp": "15:33:58.298895", "frame": 58, "mu": [-0.5802475248633941, 1.3253272424427014, 0.9441083739708711], "Sigma": [[0.0038248207398016588, -0.0009423828815773983, -0.0029275578776421507], [-0.0009423828815773983, 0.0052792240476642075, -0.017000619875733057], [-0.0029275578776421524, -0.017000619875733057, 0.13659117054859266]], "chi2_level": 0.95, "chi2_df": 3, "chi2_threshold": 7.814727903251179, "N_raw": 28, "N_roi": 28, "N_inlier": 26, "refit": true}
{"timestamp": "15:33:58.358831", "frame": 59, "mu": [-0.657936725892657, 1.3455731649019846, 1.152691836896305], "Sigma": [[0.0034608844930792467, -0.00010502137222835863, -0.0075940867196284045], [-0.00010502137222835858, 0.003079310823699696, 0.01222117928499784], [-0.0075940867196284045, 0.01222117928499784, 0.09249471352451621]], "chi2_level": 0.95, "chi2_df": 3, "chi2_threshold": 7.814727903251179, "N_raw": 66, "N_roi": 66, "N_inlier": 63, "refit": true}
{"timestamp": "15:33:58.412731", "frame": 60, "mu": [-0.6961696969652434, 1.3873640017642475, 1.2875552642560049], "Sigma": [[0.0045236850529537164, 8.710850046067867e-08, -0.001490109682087187], [8.710850046061091e-08, 0.0015583540013031168, 0.0011847530349909127], [-0.001490109682087187, 0.0011847530349909127, 0.0848632805574967]], "chi2_level": 0.95, "chi2_df": 3, "chi2_threshold": 7.814727903251179, "N_raw": 63, "N_roi": 63, "N_inlier": 61, "refit": true}
{"timestamp": "15:33:58.471606", "frame": 61, "mu": [-0.5923068697484108, 1.4399991470752573, 1.0646325471699636], "Sigma": [[0.0057741657626978445, 0.000542058253110119, -0.0010566319378338181], [0.000542058253110119, 0.0005711098703871359, 0.0017002388098343634], [-0.001056631937833818, 0.0017002388098343634, 0.03869840047997639]], "chi2_level": 0.95, "chi2_df": 3, "chi2_threshold": 7.814727903251179, "N_raw": 77, "N_roi": 77, "N_inlier": 73, "refit": true}
{"timestamp": "15:33:58.530997", "frame": 62, "mu": [-0.6397232929477807, 1.4956717926833463, 1.0263327989351003], "Sigma": [[0.009882375186113542, 0.0012906575855226423, -0.013028936425813648], [0.0012906575855226418, 0.0015226526441906045, -0.003985686374680882], [-0.013028936425813646, -0.003985686374680882, 0.04509300818524017]], "chi2_level": 0.95, "chi2_df": 3, "chi2_threshold": 7.814727903251179, "N_raw": 104, "N_roi": 104, "N_inlier": 90, "refit": true}
{"timestamp": "15:33:58.584227", "frame": 63, "mu": [-0.6358080840866968, 1.5169483870979414, 0.9944995602125604], "Sigma": [[0.006249811749544025, 0.0010452908564180243, 0.00317295852122646], [0.0010452908564180243, 0.00178623809505874, 0.007328518316353745], [0.00317295852122646, 0.007328518316353745, 0.08116072938437058]], "chi2_level": 0.95, "chi2_df": 3, "chi2_threshold": 7.814727903251179, "N_raw": 89, "N_roi": 89, "N_inlier": 82, "refit": true}
{"timestamp": "15:33:58.644194", "frame": 64, "mu": [-0.6403617583480754, 1.7102155893133193, -0.4163149420154557], "Sigma": [[0.008398741076223829, 0.003042969390587932, -0.0023592628008809874], [0.003042969390587932, 0.010717312226868428, -0.0257266441355616], [-0.0023592628008809874, -0.0257266441355616, 0.14614743580619124]], "chi2_level": 0.95, "chi2_df": 3, "chi2_threshold": 7.814727903251179, "N_raw": 138, "N_roi": 138, "N_inlier": 128, "refit": true}
{"timestamp": "15:33:58.693593", "frame": 65, "mu": [-0.6578521378885509, 1.613448480378501, 1.309763233978225], "Sigma": [[0.007244845169980217, 7.107437778639452e-05, -0.009866690079412961], [7.10743777863945e-05, 0.003219756989320504, -0.007362814248832491], [-0.009866690079412961, -0.007362814248832491, 0.04817568163391918]], "chi2_level": 0.95, "chi2_df": 3, "chi2_threshold": 7.814727903251179, "N_raw": 96, "N_roi": 96, "N_inlier": 92, "refit": true}
{"timestamp": "15:33:58.753175", "frame": 66, "mu": [-0.6953533756832407, 1.6315337515356347, 0.921413696167827], "Sigma": [[0.007257726750964585, 0.0008168919204948833, -7.358489497544924e-05], [0.0008168919204948832, 0.0009367873686500367, -0.002152988665322227], [-7.358489497544967e-05, -0.002152988665322227, 0.18480095102790628]], "chi2_level": 0.95, "chi2_df": 3, "chi2_threshold": 7.814727903251179, "N_raw": 130, "N_roi": 130, "N_inlier": 123, "refit": true}
{"timestamp": "15:33:58.799361", "frame": 67, "mu": [-0.6916385572623882, 1.6876416290209884, 0.5583001995856626], "Sigma": [[0.015280751601227913, -0.0024139276724833244, 0.027448566003648377], [-0.0024139276724833244, 0.002564485194219047, -0.006968867389381156], [0.02744856600364838, -0.006968867389381156, 0.10514180159779049]], "chi2_level": 0.95, "chi2_df": 3, "chi2_threshold": 7.814727903251179, "N_raw": 62, "N_roi": 62, "N_inlier": 58, "refit": true}
{"timestamp": "15:33:58.857824", "frame": 68, "mu": [-0.6749304888697644, 1.8659844139388957, -0.3485509456404005], "Sigma": [[0.01729693870972039, 0.01029467746289987, -0.024391228022292405], [0.01029467746289987, 0.009273041809940095, -0.019998817831696068], [-0.024391228022292405, -0.019998817831696068, 0.054461897180065]], "chi2_level": 0.95, "chi2_df": 3, "chi2_threshold": 7.814727903251179, "N_raw": 96, "N_roi": 96, "N_inlier": 89, "refit": true}
{"timestamp": "15:33:58.911873", "frame": 69, "mu": [-0.7136779512440349, 1.7439069443380693, -0.5770103539532111], "Sigma": [[0.007061603640685018, 0.003967097379560195, 0.007607394262175883], [0.003967097379560195, 0.009095009992716554, 0.005803723435931189], [0.007607394262175885, 0.005803723435931189, 0.05918740334436329]], "chi2_level": 0.95, "chi2_df": 3, "chi2_threshold": 7.814727903251179, "N_raw": 87, "N_roi": 87, "N_inlier": 82, "refit": true}
{"timestamp": "15:33:58.966182", "frame": 70, "mu": [-0.713666641890456, 1.694532396286945, 1.115531887905663], "Sigma": [[0.007476487243961596, 0.0010914065093565847, -0.011376238187502172], [0.0010914065093565847, 0.0017783323372092643, -0.006098223915600495], [-0.011376238187502172, -0.006098223915600495, 0.05919523834677562]], "chi2_level": 0.95, "chi2_df": 3, "chi2_threshold": 7.814727903251179, "N_raw": 78, "N_roi": 78, "N_inlier": 75, "refit": true}
{"timestamp": "15:33:59.020097", "frame": 71, "mu": [-0.7655673919906596, 1.7867635553097487, 1.2876556382065951], "Sigma": [[0.00896571346258095, 0.002244443744521068, -0.007398542571874313], [0.0022444437445210677, 0.004391310936841155, -0.005894211334575839], [-0.007398542571874313, -0.005894211334575838, 0.019397287912082745]], "chi2_level": 0.95, "chi2_df": 3, "chi2_threshold": 7.814727903251179, "N_raw": 74, "N_roi": 74, "N_inlier": 71, "refit": true}
{"timestamp": "15:33:59.080112", "frame": 72, "mu": [-0.7213180398716694, 1.8095832052384384, 1.1503488240838724], "Sigma": [[0.010944288915222656, 0.002801311809994245, -0.016809711599322423], [0.002801311809994245, 0.004304346052315586, -0.011388586766354746], [-0.016809711599322423, -0.011388586766354746, 0.05134866843221498]], "chi2_level": 0.95, "chi2_df": 3, "chi2_threshold": 7.814727903251179, "N_raw": 107, "N_roi": 107, "N_inlier": 104, "refit": true}
{"timestamp": "15:33:59.131378", "frame": 73, "mu": [-0.7018600924943879, 1.8691997376392764, 1.065607334864406], "Sigma": [[0.007567506083840269, 0.0012096459563742314, -0.003518398361213766], [0.0012096459563742314, 0.001943810864940131, -0.005069432823215394], [-0.0035183983612137658, -0.005069432823215394, 0.022257038465833056]], "chi2_level": 0.95, "chi2_df": 3, "chi2_threshold": 7.814727903251179, "N_raw": 71, "N_roi": 71, "N_inlier": 67, "refit": true}
{"timestamp": "15:33:59.190353", "frame": 74, "mu": [-0.6519806557296869, 2.100379441293068, -0.4539275220483681], "Sigma": [[0.008420700152848433, 0.0031494616436482346, -0.016832451815492824], [0.0031494616436482355, 0.007130441272211784, -0.02308801304928875], [-0.016832451815492824, -0.023088013049288755, 0.10298975445985858]], "chi2_level": 0.95, "chi2_df": 3, "chi2_threshold": 7.814727903251179, "N_raw": 99, "N_roi": 99, "N_inlier": 97, "refit": true}
{"timestamp": "15:33:59.240876", "frame": 75, "mu": [-0.6963656917730358, 1.9473079825822481, 0.9361899116823912], "Sigma": [[0.009828038794346733, 0.001166068440958551, 0.0003154101447711107], [0.001166068440958551, 0.0017388768718195244, 0.005231652041904965], [0.00031541014477111086, 0.005231652041904965, 0.052715596955795446]], "chi2_level": 0.95, "chi2_df": 3, "chi2_threshold": 7.814727903251179, "N_raw": 75, "N_roi": 75, "N_inlier": 71, "refit": true}
{"timestamp": "15:33:59.289107", "frame": 76, "mu": [-0.7156645800024646, 1.843738976313331, 0.475505469299519], "Sigma": [[0.01209217214946261, -0.007216532996404909, 0.019642834480529763], [-0.007216532996404909, 0.017850952629059575, 0.04349742023149859], [0.019642834480529763, 0.04349742023149859, 0.3325057573641134]], "chi2_level": 0.95, "chi2_df": 3, "chi2_threshold": 7.814727903251179, "N_raw": 23, "N_roi": 23, "N_inlier": 22, "refit": true}
{"timestamp": "15:33:59.354186", "frame": 77, "mu": [-0.6892580947935173, 1.9231168017191478, 0.775991470711899], "Sigma": [[0.00971966388510538, -0.00431677361807601, -0.02264086497770825], [-0.00431677361807601, 0.012737381185664153, 0.05073600218082405], [-0.02264086497770825, 0.05073600218082405, 0.2912758328643962]], "chi2_level": 0.95, "chi2_df": 3, "chi2_threshold": 7.814727903251179, "N_raw": 108, "N_roi": 108, "N_inlier": 106, "refit": true}
{"timestamp": "15:33:59.413061", "frame": 78, "mu": [-0.7210835494446899, 1.9968100224192775, 0.7389908480178391], "Sigma": [[0.009182184552377601, -0.00011698618687377418, -0.0010034181504352314], [-0.00011698618687377445, 0.007316520034578684, 0.025535477510888825], [-0.0010034181504352318, 0.025535477510888825, 0.23862469975796333]], "chi2_level": 0.95, "chi2_df": 3, "chi2_threshold": 7.814727903251179, "N_raw": 123, "N_roi": 123, "N_inlier": 123, "refit": true}
{"timestamp": "15:33:59.459956", "frame": 79, "mu": [-0.7576294863605032, 2.045510280110904, 0.8999807158276509], "Sigma": [[0.004961021222919018, 0.0005681976062840992, -0.002430157423071253], [0.0005681976062840992, 0.0024229466710434973, 0.0063650435406787595], [-0.002430157423071253, 0.006365043540678759, 0.32384681859346404]], "chi2_level": 0.95, "chi2_df": 3, "chi2_threshold": 7.814727903251179, "N_raw": 75, "N_roi": 75, "N_inlier": 74, "refit": true}
{"timestamp": "15:33:59.516042", "frame": 80, "mu": [-0.7734781645853123, 2.1094719797267847, 0.6812698394453179], "Sigma": [[0.007514149563357087, 0.0004951078438330497, -0.009201368500338527], [0.0004951078438330498, 0.0012785592171417463, -0.007075488306545512], [-0.009201368500338527, -0.007075488306545511, 0.2516087128349624]], "chi2_level": 0.95, "chi2_df": 3, "chi2_threshold": 7.814727903251179, "N_raw": 80, "N_roi": 80, "N_inlier": 77, "refit": true}
{"timestamp": "15:33:59.571422", "frame": 81, "mu": [-0.7520086998085542, 2.1599017623933667, 0.873583489160243], "Sigma": [[0.0074559050700101935, -0.0010168624372338634, 0.006595383504904618], [-0.0010168624372338636, 0.005082688395985576, -0.03108634904004803], [0.00659538350490462, -0.031086349040048034, 0.2582317725808146]], "chi2_level": 0.95, "chi2_df": 3, "chi2_threshold": 7.814727903251179, "N_raw": 64, "N_roi": 62, "N_inlier": 60, "refit": true}
{"timestamp": "15:33:59.621463", "frame": 82, "mu": [-0.7339080328096353, 2.1380272177549813, 1.1513460448872348], "Sigma": [[0.0066378295250132694, 0.00032782155580233347, 0.003367043335392457], [0.00032782155580233325, 0.00675487886974705, -0.022476828106328933], [0.003367043335392458, -0.022476828106328936, 0.14114232805412893]], "chi2_level": 0.95, "chi2_df": 3, "chi2_threshold": 7.814727903251179, "N_raw": 54, "N_roi": 54, "N_inlier": 51, "refit": true}
{"timestamp": "15:33:59.679990", "frame": 83, "mu": [-0.6929874182803248, 2.165877467666551, 1.2541845613479896], "Sigma": [[0.008575946505853317, 1.789999201582351e-05, -0.002946944225553966], [1.789999201582351e-05, 0.0057380768004076784, -0.004367609166054833], [-0.002946944225553966, -0.004367609166054833, 0.010855122148387958]], "chi2_level": 0.95, "chi2_df": 3, "chi2_threshold": 7.814727903251179, "N_raw": 73, "N_roi": 73, "N_inlier": 68, "refit": true}
{"timestamp": "15:33:59.733872", "frame": 84, "mu": [-0.7706715925646686, 2.252208801150276, 1.3744950030355274], "Sigma": [[0.0077927203009868756, -0.0013383862560748731, -0.0070376350830727245], [-0.0013383862560748733, 0.0050645736574312815, -0.002004992115708315], [-0.0070376350830727245, -0.002004992115708315, 0.026028675135055933]], "chi2_level": 0.95, "chi2_df": 3, "chi2_threshold": 7.814727903251179, "N_raw": 64, "N_roi": 64, "N_inlier": 61, "refit": true}
{"timestamp": "15:33:59.788711", "frame": 85, "mu": [-0.7553607244642088, 2.2764927406865705, 1.2187140090993234], "Sigma": [[0.007844859118479638, -0.0008693286501200526, -0.005103690107665851], [-0.0008693286501200526, 0.0033146704306153724, 0.0005960729887766475], [-0.005103690107665851, 0.0005960729887766475, 0.04391804664586457]], "chi2_level": 0.95, "chi2_df": 3, "chi2_threshold": 7.814727903251179, "N_raw": 66, "N_roi": 65, "N_inlier": 60, "refit": true}
{"timestamp": "15:33:59.841255", "frame": 86, "mu": [-0.6793397689334557, 2.240660458949617, 1.2458417271893805], "Sigma": [[0.009296303257344669, 0.002460886279819417, -0.005399557721301883], [0.0024608862798194174, 0.0019885361647710683, -0.003423465339724176], [-0.005399557721301883, -0.003423465339724176, 0.007447565123340403]], "chi2_level": 0.95, "chi2_df": 3, "chi2_threshold": 7.814727903251179, "N_raw": 45, "N_roi": 45, "N_inlier": 42, "refit": true}
{"timestamp": "15:33:59.903711", "frame": 87, "mu": [-0.7461456688187021, 2.292033599196135, 1.1143470586565278], "Sigma": [[0.0111442903668243, 0.0010086388084198017, 0.002592761461529439], [0.0010086388084198017, 0.0028640818516943475, -0.005722856384523597], [0.0025927614615294395, -0.005722856384523597, 0.05906894021630908]], "chi2_level": 0.95, "chi2_df": 3, "chi2_threshold": 7.814727903251179, "N_raw": 98, "N_roi": 98, "N_inlier": 89, "refit": true}
{"timestamp": "15:33:59.954022", "frame": 88, "mu": [-0.9061926459517837, 2.320541998438255, 0.9210334811370576], "Sigma": [[0.012346088743573626, -0.0037204558963825195, -0.0396103666370264], [-0.0037204558963825195, 0.005895647972054572, 0.03176908687840846], [-0.0396103666370264, 0.03176908687840846, 0.2762428987606286]], "chi2_level": 0.95, "chi2_df": 3, "chi2_threshold": 7.814727903251179, "N_raw": 65, "N_roi": 65, "N_inlier": 63, "refit": true}
{"timestamp": "15:34:00.006959", "frame": 89, "mu": [-0.8506284993815783, 2.338344665676573, 0.566405587498092], "Sigma": [[0.0055287649966438155, -0.0005810784518510122, 0.005442064127766667], [-0.000581078451851012, 0.005253098738529043, 0.017257752139247292], [0.005442064127766665, 0.017257752139247292, 0.2250444403397066]], "chi2_level": 0.95, "chi2_df": 3, "chi2_threshold": 7.814727903251179, "N_raw": 50, "N_roi": 50, "N_inlier": 49, "refit": true}
{"timestamp": "15:34:00.069814", "frame": 90, "mu": [-0.8229240389807899, 2.549166604953688, 0.09319128550962248], "Sigma": [[0.011996357435918844, -0.005047071591348726, 0.061358432283029014], [-0.005047071591348726, 0.013465274614152369, -0.046790412300415196], [0.061358432283029014, -0.046790412300415196, 0.4893323967284205]], "chi2_level": 0.95, "chi2_df": 3, "chi2_threshold": 7.814727903251179, "N_raw": 112, "N_roi": 112, "N_inlier": 107, "refit": true}
{"timestamp": "15:34:00.124127", "frame": 91, "mu": [-0.7896493077959013, 2.4812165738217593, 1.0297817142406007], "Sigma": [[0.012073684674995052, 0.0015537827452981835, -0.01009403976511981], [0.0015537827452981835, 0.004853779780447696, 0.0028252445240930664], [-0.01009403976511981, 0.002825244524093067, 0.25994782556430995]], "chi2_level": 0.95, "chi2_df": 3, "chi2_threshold": 7.814727903251179, "N_raw": 99, "N_roi": 99, "N_inlier": 97, "refit": true}
{"timestamp": "15:34:00.172013", "frame": 92, "mu": [-0.7728289864762309, 2.5323457659621615, 0.8275246829329312], "Sigma": [[0.011726318301388044, -0.0002747119717106721, -0.005572544043196274], [-0.0002747119717106721, 0.005429031788858258, 0.035908951176271645], [-0.005572544043196275, 0.035908951176271645, 0.32271542493025146]], "chi2_level": 0.95, "chi2_df": 3, "chi2_threshold": 7.814727903251179, "N_raw": 56, "N_roi": 56, "N_inlier": 54, "refit": true}
{"timestamp": "15:34:00.228902", "frame": 93, "mu": [-0.7381374602899042, 2.670700398421984, -0.14224093916391156], "Sigma": [[0.00972924674760583, 0.00029884199764010756, -0.001981384429275654], [0.0002988419976401075, 0.00847072497628346, -0.014924994715357971], [-0.001981384429275654, -0.014924994715357971, 0.03705230333596867]], "chi2_level": 0.95, "chi2_df": 3, "chi2_threshold": 7.814727903251179, "N_raw": 69, "N_roi": 69, "N_inlier": 65, "refit": true}
{"timestamp": "15:34:00.278125", "frame": 94, "mu": [-0.8756582491018937, 2.593671387441068, 1.355984234040655], "Sigma": [[0.0077774766734696466, 0.0018667326321270086, -0.007085864785823788], [0.0018667326321270086, 0.0022352223980080495, -0.0013381694141992098], [-0.007085864785823788, -0.0013381694141992098, 0.015017529910405008]], "chi2_level": 0.95, "chi2_df": 3, "chi2_threshold": 7.814727903251179, "N_raw": 28, "N_roi": 28, "N_inlier": 25, "refit": true}
{"timestamp": "15:34:00.344834", "frame": 95, "mu": [-0.8597803207130906, 2.6163433863159407, 0.7180500157931038], "Sigma": [[0.014630609295508948, -0.0008124669548769405, -0.0015979025104871213], [-0.0008124669548769407, 0.003215338975556495, -0.014238205342434867], [-0.001597902510487121, -0.014238205342434867, 0.3497573489098286]], "chi2_level": 0.95, "chi2_df": 3, "chi2_threshold": 7.814727903251179, "N_raw": 111, "N_roi": 111, "N_inlier": 106, "refit": true}
{"timestamp": "15:34:00.395311", "frame": 96, "mu": [-0.7950722248190878, 2.618818990205804, 0.8959218203245812], "Sigma": [[0.009426926251581385, -0.0006836693780285929, -0.005703552726273365], [-0.000683669378028593, 0.003395486636249238, -0.008774872992355576], [-0.005703552726273367, -0.008774872992355576, 0.4423612976905506]], "chi2_level": 0.95, "chi2_df": 3, "chi2_threshold": 7.814727903251179, "N_raw": 71, "N_roi": 71, "N_inlier": 70, "refit": true}
{"timestamp": "15:34:00.440871", "frame": 97, "mu": [-0.8204929323511849, 2.6685919908469167, 0.6668823271855974], "Sigma": [[0.0022896746542143817, 0.0021761693546509127, -0.019179278612105537], [0.002176169354650913, 0.006658273222598998, -0.0020559755077964223], [-0.019179278612105537, -0.0020559755077964245, 0.4542926896693556]], "chi2_level": 0.95, "chi2_df": 3, "chi2_threshold": 7.814727903251179, "N_raw": 9, "N_roi": 9, "N_inlier": 9, "refit": true}
{"timestamp": "15:34:00.497869", "frame": 98, "mu": [-0.8129102320057553, 2.6971313813315616, 0.8399428793614274], "Sigma": [[0.006019668538847555, -0.000418728025942684, -0.011781428788657924], [-0.0004187280259426841, 0.0038996078765389753, 0.028194791157675703], [-0.011781428788657924, 0.028194791157675703, 0.45541357838217916]], "chi2_level": 0.95, "chi2_df": 3, "chi2_threshold": 7.814727903251179, "N_raw": 34, "N_roi": 34, "N_inlier": 32, "refit": true}
{"timestamp": "15:34:00.556274", "frame": 99, "mu": [-0.8340458531453705, 2.733087254797116, 0.7217466373330865], "Sigma": [[0.009691113664448263, -0.00014911244423174345, 0.002644065462498538], [-0.0001491124442317435, 0.005742077993505579, -0.026058426077786048], [0.0026440654624985374, -0.026058426077786048, 0.31278626548506167]], "chi2_level": 0.95, "chi2_df": 3, "chi2_threshold": 7.814727903251179, "N_raw": 54, "N_roi": 54, "N_inlier": 52, "refit": true}
{"timestamp": "15:34:00.723142", "frame": 100, "mu": [-0.8250371751666792, 1.5115969880142537, -0.21142015870991687], "Sigma": [[0.004371115791001552, -0.018964441228185365, -0.025286499656362666], [-0.018964441228185365, 1.562362710640041, 1.5995382529377993], [-0.025286499656362663, 1.599538252937799, 1.658074141382707]], "chi2_level": 0.95, "chi2_df": 3, "chi2_threshold": 7.814727903251179, "N_raw": 17, "N_roi": 17, "N_inlier": 16, "refit": true}
{"timestamp": "15:34:00.759002", "frame": 101, "mu": [-0.8237598053666836, 2.7789022131127776, 1.125366362738858], "Sigma": [[0.013720959806107026, 0.0013583277993210045, -0.020740161623407975], [0.0013583277993210045, 0.004107940526721207, -0.001680046825670651], [-0.02074016162340797, -0.0016800468256706507, 0.06079791979853644]], "chi2_level": 0.95, "chi2_df": 3, "chi2_threshold": 7.814727903251179, "N_raw": 59, "N_roi": 59, "N_inlier": 55, "refit": true}
{"timestamp": "15:34:00.783955", "frame": 102, "mu": [-0.7082114997886646, 2.82583270670402, 0.793764572600579], "Sigma": [[0.0054744245243897646, -0.0004870303408625597, 0.0036228325213985835], [-0.0004870303408625596, 0.002358547217591922, 0.005362487406908492], [0.003622832521398584, 0.005362487406908492, 0.15507910331981323]], "chi2_level": 0.95, "chi2_df": 3, "chi2_threshold": 7.814727903251179, "N_raw": 22, "N_roi": 22, "N_inlier": 21, "refit": true}
{"timestamp": "15:34:00.816094", "frame": 103, "mu": [-0.7885128939366505, 2.9025162052247393, 1.0042912423679284], "Sigma": [[0.009315060677835192, -0.0005200699394134325, -0.02049176991473873], [-0.0005200699394134325, 0.005854406185403819, 0.0172504585788166], [-0.02049176991473873, 0.0172504585788166, 0.14885599113912384]], "chi2_level": 0.95, "chi2_df": 3, "chi2_threshold": 7.814727903251179, "N_raw": 56, "N_roi": 56, "N_inlier": 53, "refit": true}
{"timestamp": "15:34:00.846877", "frame": 104, "mu": [-0.8090327860471354, 2.9419574274350184, 0.8386328907235562], "Sigma": [[0.013322278774962048, -0.0004906156697152892, -0.01687620085702764], [-0.0004906156697152895, 0.003383872182044376, 0.01132178357331361], [-0.016876200857027637, 0.01132178357331361, 0.11265991840667178]], "chi2_level": 0.95, "chi2_df": 3, "chi2_threshold": 7.814727903251179, "N_raw": 65, "N_roi": 65, "N_inlier": 62, "refit": true}
{"timestamp": "15:34:00.888888", "frame": 105, "mu": [-0.7884375477598274, 2.972199238907927, 1.081943981177644], "Sigma": [[0.009288380938247423, 0.0012410458952019793, -0.006923005207591722], [0.0012410458952019793, 0.003990651061856523, -0.007453843647132107], [-0.006923005207591721, -0.0074538436471321065, 0.1336817078475964]], "chi2_level": 0.95, "chi2_df": 3, "chi2_threshold": 7.814727903251179, "N_raw": 75, "N_roi": 75, "N_inlier": 73, "refit": true}
