{"timestamp": "15:45:51.390610", "frame": 1, "mu": [0.7953577485932868, 1.49343155318724, 0.863327701409199], "Sigma": [[0.004535893671316254, -0.0035578233404576125, 0.0033492355933555998], [-0.0035578233404576125, 0.004915505154072968, -0.0031680682468395124], [0.0033492355933555998, -0.003168068246839512, 0.008358584755147079]], "chi2_level": 0.95, "chi2_df": 3, "chi2_threshold": 7.814727903251179, "N_raw": 22, "N_roi": 22, "N_inlier": 19, "refit": true}
{"timestamp": "15:45:51.447950", "frame": 2, "mu": [0.8192304772733037, 1.462070613465114, 0.7492250249442657], "Sigma": [[0.0038783192150175097, -0.0017172944568801933, -0.0003903894751497224], [-0.0017172944568801933, 0.0026761742469613254, 0.0025447837543862246], [-0.00039038947514972235, 0.0025447837543862246, 0.02469097377615449]], "chi2_level": 0.95, "chi2_df": 3, "chi2_threshold": 7.814727903251179, "N_raw": 27, "N_roi": 27, "N_inlier": 24, "refit": true}
{"timestamp": "15:45:51.498715", "frame": 3, "mu": [0.7757517772432628, 1.5289921728924318, 1.206384160118907], "Sigma": [[0.007038433045982337, -0.008805180754629894, -0.03308693468286439], [-0.008805180754629894, 0.01707233300221429, 0.047703910097010714], [-0.03308693468286439, 0.047703910097010714, 0.16674880286487662]], "chi2_level": 0.95, "chi2_df": 3, "chi2_threshold": 7.814727903251179, "N_raw": 11, "N_roi": 11, "N_inlier": 10, "refit": true}
{"timestamp": "15:45:51.554799", "frame": 4, "mu": [0.8645905261193718, 1.5199253087800075, 1.098101029309087], "Sigma": [[0.0030217277486627044, 0.00017214974094199948, -0.002846494812522595], [0.00017214974094199948, 0.0007139305379094577, -0.0010946937921436624], [-0.002846494812522595, -0.0010946937921436622, 0.012080453533265487]], "chi2_level": 0.95, "chi2_df": 3, "chi2_threshold": 7.814727903251179, "N_raw": 16, "N_roi": 16, "N_inlier": 15, "refit": true}
{"timestamp": "15:45:51.663918", "frame": 6, "mu": [0.7838441581549659, 1.5808630603769773, 1.2108709153091277], "Sigma": [[0.0010191050561287895, -0.00030981386879345117, -0.003735432928330992], [-0.0003098138687934513, 0.001975402588123706, 0.005232819160625618], [-0.0037354329283309923, 0.0052328191606256175, 0.08630927769614899]], "chi2_level": 0.95, "chi2_df": 3, "chi2_threshold": 7.814727903251179, "N_raw": 7, "N_roi": 7, "N_inlier": 7, "refit": true}
{"timestamp": "15:45:51.775921", "frame": 8, "mu": [0.7871428228365253, 1.605087277850578, 1.465989754126607], "Sigma": [[0.0029428913236714616, -0.0006139648215641476, -0.0002769038255031674], [-0.0006139648215641477, 0.0019108212746468149, -0.0003715681370565704], [-0.0002769038255031674, -0.00037156813705657043, 0.00015467982565125878]], "chi2_level": 0.95, "chi2_df": 3, "chi2_threshold": 7.814727903251179, "N_raw": 23, "N_roi": 23, "N_inlier": 21, "refit": true}
{"timestamp": "15:45:51.830649", "frame": 9, "mu": [0.809342127517997, 1.5663914816414188, 1.3953510149973232], "Sigma": [[0.003500185110084998, -0.0010549643866670563, -0.0009869628776939506], [-0.0010549643866670563, 0.0021461324829520788, 1.3498095294198935e-05], [-0.0009869628776939506, 1.3498095294198935e-05, 0.0005584460798848681]], "chi2_level": 0.95, "chi2_df": 3, "chi2_threshold": 7.814727903251179, "N_raw": 24, "N_roi": 24, "N_inlier": 22, "refit": true}
{"timestamp": "15:45:51.883324", "frame": 10, "mu": [0.8160837086221193, 1.4940205962578066, 0.7770824057274635], "Sigma": [[0.004866023034892421, 0.0028317107024143752, 0.033990386705395635], [0.002831710702414375, 0.0024677287143077225, 0.024100168660685026], [0.033990386705395635, 0.024100168660685026, 0.4972880981143996]], "chi2_level": 0.95, "chi2_df": 3, "chi2_threshold": 7.814727903251179, "N_raw": 7, "N_roi": 7, "N_inlier": 7, "refit": true}
{"timestamp": "15:45:51.996321", "frame": 12, "mu": [0.8495118051040398, 1.5425885727193378, 1.3983606442729526], "Sigma": [[0.004109718816631841, -0.0009482425033017006, -0.001007371325636541], [-0.0009482425033017006, 0.0015418665611456716, -0.00025187119718047684], [-0.001007371325636541, -0.00025187119718047673, 0.0006233619194863377]], "chi2_level": 0.95, "chi2_df": 3, "chi2_threshold": 7.814727903251179, "N_raw": 24, "N_roi": 24, "N_inlier": 22, "refit": true}
{"timestamp": "15:45:52.049422", "frame": 13, "mu": [0.8143644611998557, 1.5128250438123423, 0.7890436870659661], "Sigma": [[0.004511501423843688, 0.002388916002940199, 0.016926718334238984], [0.002388916002940199, 0.0036840271300408677, 0.0386701593511132], [0.016926718334238984, 0.038670159351113204, 0.5488758479185378]], "chi2_level": 0.95, "chi2_df": 3, "chi2_threshold": 7.814727903251179, "N_raw": 7, "N_roi": 7, "N_inlier": 7, "refit": true}
{"timestamp": "15:45:52.103361", "frame": 14, "mu": [0.8078626565412192, 1.565821593552864, 1.2258508434044497], "Sigma": [[0.0013182103867457652, 0.001621792744564168, -0.0012312941337830681], [0.001621792744564168, 0.005370889267526874, 0.01631372576112958], [-0.0012312941337830684, 0.016313725761129584, 0.10411281070322642]], "chi2_level": 0.95, "chi2_df": 3, "chi2_threshold": 7.814727903251179, "N_raw": 8, "N_roi": 8, "N_inlier": 7, "refit": true}
{"timestamp": "15:45:52.163734", "frame": 15, "mu": [0.8064713218552865, 1.4840247433324303, 1.053547734730267], "Sigma": [[0.003617434382100603, -0.002908440130002107, -0.008402381435828173], [-0.0029084401300021067, 0.004401907770631646, 0.01901731267719826], [-0.008402381435828173, 0.01901731267719826, 0.13422737850787742]], "chi2_level": 0.95, "chi2_df": 3, "chi2_threshold": 7.814727903251179, "N_raw": 45, "N_roi": 45, "N_inlier": 42, "refit": true}
{"timestamp": "15:45:52.224322", "frame": 16, "mu": [0.8051072678353682, 1.6974475923702643, -0.41682916165725276], "Sigma": [[0.007162593631948814, -0.00043991674080260594, -0.006843138471538195], [-0.000439916740802606, 0.006076963347173351, -0.017813102635697547], [-0.006843138471538195, -0.017813102635697547, 0.09590282095974201]], "chi2_level": 0.95, "chi2_df": 3, "chi2_threshold": 7.814727903251179, "N_raw": 82, "N_roi": 82, "N_inlier": 80, "refit": true}
{"timestamp": "15:45:52.276034", "frame": 17, "mu": [0.7912975685556681, 1.5491803302605829, 1.3469214868851362], "Sigma": [[0.008372960268168984, -0.0026553381352624524, -0.006421618987438772], [-0.0026553381352624524, 0.0027228170441246247, -0.0006061757246913372], [-0.006421618987438772, -0.0006061757246913374, 0.009698453139679227]], "chi2_level": 0.95, "chi2_df": 3, "chi2_threshold": 7.814727903251179, "N_raw": 59, "N_roi": 59, "N_inlier": 57, "refit": true}
{"timestamp": "15:45:52.327185", "frame": 18, "mu": [0.7268925122405916, 1.5608031487271996, 1.4725738185415327], "Sigma": [[0.004510503704006889, -0.0028645418603874314, -0.0022621082353100432], [-0.0028645418603874314, 0.0036367426208199706, 0.0011357276377074541], [-0.0022621082353100432, 0.0011357276377074541, 0.0014339017875342238]], "chi2_level": 0.95, "chi2_df": 3, "chi2_threshold": 7.814727903251179, "N_raw": 34, "N_roi": 34, "N_inlier": 29, "refit": true}
{"timestamp": "15:45:52.384012", "frame": 19, "mu": [0.708623185131346, 1.5910144070930332, 1.404810068753827], "Sigma": [[0.005031987786932657, -0.0001215315073029139, 0.0038800690721299907], [-0.00012153150730291379, 0.0043991512843252695, 0.0073209912466373275], [0.0038800690721299907, 0.0073209912466373275, 0.05787803176638988]], "chi2_level": 0.95, "chi2_df": 3, "chi2_threshold": 7.814727903251179, "N_raw": 46, "N_roi": 46, "N_inlier": 42, "refit": true}
{"timestamp": "15:45:52.442668", "frame": 20, "mu": [0.7112457208520714, 1.5892610193386743, 1.244056807313019], "Sigma": [[0.004751895921828542, -0.0013207680168811444, 0.002739453190318499], [-0.0013207680168811444, 0.0027715623704040763, 0.0008268928186088407], [0.0027394531903185003, 0.000826892818608841, 0.06950022395248728]], "chi2_level": 0.95, "chi2_df": 3, "chi2_threshold": 7.814727903251179, "N_raw": 67, "N_roi": 66, "N_inlier": 63, "refit": true}
{"timestamp": "15:45:52.495436", "frame": 21, "mu": [0.7286085723574618, 1.6810288825021242, -0.33212098407216556], "Sigma": [[0.0032772947853941777, -0.0005927812859486344, -0.0021926874132227082], [-0.0005927812859486344, 0.0020425997415277953, -0.0061882225768886984], [-0.0021926874132227082, -0.0061882225768886984, 0.07041103310716174]], "chi2_level": 0.95, "chi2_df": 3, "chi2_threshold": 7.814727903251179, "N_raw": 51, "N_roi": 51, "N_inlier": 46, "refit": true}
{"timestamp": "15:45:52.548987", "frame": 22, "mu": [0.7334401756132265, 1.6747221419207874, -0.4125349475039534], "Sigma": [[0.00418411996431232, 0.0004248814248116923, -0.009119251676254526], [0.0004248814248116922, 0.005084861812407583, -0.017899808828465112], [-0.009119251676254526, -0.017899808828465112, 0.09354444161907696]], "chi2_level": 0.95, "chi2_df": 3, "chi2_threshold": 7.814727903251179, "N_raw": 29, "N_roi": 29, "N_inlier": 29, "refit": true}
{"timestamp": "15:45:52.604487", "frame": 23, "mu": [0.7953059647668179, 1.6311718670711957, -0.49896951771212034], "Sigma": [[0.003658699896804068, -0.0012741792160278582, -0.010268299753029394], [-0.0012741792160278582, 0.0019013548324050922, 0.007340480587292407], [-0.010268299753029394, 0.007340480587292409, 0.08570741364217219]], "chi2_level": 0.95, "chi2_df": 3, "chi2_threshold": 7.814727903251179, "N_raw": 37, "N_roi": 37, "N_inlier": 33, "refit": true}
{"timestamp": "15:45:52.656438", "frame": 24, "mu": [0.7190334680517293, 1.4642634338258396, 0.6733105180674248], "Sigma": [[0.009949978270364033, -0.002011329250957289, -0.03856957348823734], [-0.002011329250957289, 0.002895113183442417, 0.011091766935461765], [-0.03856957348823735, 0.011091766935461767, 0.3800105864474292]], "chi2_level": 0.95, "chi2_df": 3, "chi2_threshold": 7.814727903251179, "N_raw": 12, "N_roi": 12, "N_inlier": 11, "refit": true}
{"timestamp": "15:45:52.721447", "frame": 25, "mu": [0.6458762915806119, 1.6213836149200063, -0.04743616539720805], "Sigma": [[0.004992545819775795, -0.0024940551300900657, 0.026565336161681653], [-0.002494055130090065, 0.009559669400596174, -0.04743524405127021], [0.02656533616168165, -0.04743524405127021, 0.46903594282690464]], "chi2_level": 0.95, "chi2_df": 3, "chi2_threshold": 7.814727903251179, "N_raw": 85, "N_roi": 85, "N_inlier": 81, "refit": true}
{"timestamp": "15:45:52.773324", "frame": 26, "mu": [0.6061705878869836, 1.6759285900682002, -0.5291166960955634], "Sigma": [[0.003351530057375312, -0.0016767637212933696, -0.00020651059283285586], [-0.0016767637212933698, 0.0036223134604935455, -0.010694470154375014], [-0.00020651059283285597, -0.010694470154375014, 0.052352729411482245]], "chi2_level": 0.95, "chi2_df": 3, "chi2_threshold": 7.814727903251179, "N_raw": 60, "N_roi": 60, "N_inlier": 57, "refit": true}
{"timestamp": "15:45:52.828653", "frame": 27, "mu": [0.5893053314329354, 1.6215388093098781, -0.5167027608993091], "Sigma": [[0.0032593781819766354, -0.0010752295288428497, -0.006508080974934806], [-0.0010752295288428497, 0.0010981463430803414, 9.978321206258818e-05], [-0.006508080974934806, 9.978321206258818e-05, 0.08727223038678035]], "chi2_level": 0.95, "chi2_df": 3, "chi2_threshold": 7.814727903251179, "N_raw": 55, "N_roi": 55, "N_inlier": 52, "refit": true}
{"timestamp": "15:45:52.886950", "frame": 28, "mu": [0.5850620141657951, 1.614836898803575, -0.4044874799559411], "Sigma": [[0.006534304347873022, -0.00017232011112612705, -0.011831981012720597], [-0.00017232011112612702, 0.004202174594382361, -0.003116973431624309], [-0.011831981012720597, -0.0031169734316243095, 0.09989016551023241]], "chi2_level": 0.95, "chi2_df": 3, "chi2_threshold": 7.814727903251179, "N_raw": 79, "N_roi": 79, "N_inlier": 76, "refit": true}
{"timestamp": "15:45:52.934601", "frame": 29, "mu": [0.530388243727503, 1.467184922677817, 1.1966063304440666], "Sigma": [[0.0032106715689783367, -0.0016346912028923956, -0.009325118099520288], [-0.0016346912028923956, 0.004639955665797558, 0.00490340410008504], [-0.009325118099520288, 0.004903404100085039, 0.04578977007541595]], "chi2_level": 0.95, "chi2_df": 3, "chi2_threshold": 7.814727903251179, "N_raw": 31, "N_roi": 31, "N_inlier": 28, "refit": true}
{"timestamp": "15:45:52.992726", "frame": 30, "mu": [0.5226209442494013, 1.4475953039661096, 1.296316523331745], "Sigma": [[0.003003828671435368, -0.0008609622597770313, -0.0024357658079343127], [-0.0008609622597770313, 0.0012272451803845839, 1.588247760561201e-05], [-0.0024357658079343127, 1.58824776056119e-05, 0.02494411926567556]], "chi2_level": 0.95, "chi2_df": 3, "chi2_threshold": 7.814727903251179, "N_raw": 52, "N_roi": 52, "N_inlier": 46, "refit": true}
{"timestamp": "15:45:53.046124", "frame": 31, "mu": [0.4858802794941219, 1.4604396113984226, 1.448026364230062], "Sigma": [[0.004152616930726923, -0.00029643028745196976, -0.001702588330554078], [-0.00029643028745196976, 0.004031401641329022, 0.00500281679470831], [-0.0017025883305540781, 0.005002816794708309, 0.01888282238401103]], "chi2_level": 0.95, "chi2_df": 3, "chi2_threshold": 7.814727903251179, "N_raw": 42, "N_roi": 42, "N_inlier": 38, "refit": true}
{"timestamp": "15:45:53.103855", "frame": 32, "mu": [0.43028813458763226, 1.4630757544147341, 1.300024777547928], "Sigma": [[0.004616474187084537, -0.0011014301443912449, -0.005391345722849447], [-0.001101430144391245, 0.002565953102258353, 0.00679372082929605], [-0.005391345722849447, 0.00679372082929605, 0.048541534385231205]], "chi2_level": 0.95, "chi2_df": 3, "chi2_threshold": 7.814727903251179, "N_raw": 65, "N_roi": 65, "N_inlier": 62, "refit": true}
{"timestamp": "15:45:53.154223", "frame": 33, "mu": [0.40424709800170977, 1.451837230040834, 1.4185070189746245], "Sigma": [[0.0035583967620281295, -0.0014385263686020676, -0.004329882191928763], [-0.0014385263686020676, 0.0022581360554036686, 0.002450915222968446], [-0.004329882191928763, 0.002450915222968446, 0.011783636072622963]], "chi2_level": 0.95, "chi2_df": 3, "chi2_threshold": 7.814727903251179, "N_raw": 29, "N_roi": 29, "N_inlier": 25, "refit": true}
{"timestamp": "15:45:53.212395", "frame": 34, "mu": [0.37249763449454654, 1.4842780190151768, 1.3514674172220853], "Sigma": [[0.005239430704439717, -0.00016167803865259158, -0.005200459286787598], [-0.00016167803865259158, 0.001450746484308535, -0.001992968533959467], [-0.005200459286787598, -0.001992968533959467, 0.009500022340107503]], "chi2_level": 0.95, "chi2_df": 3, "chi2_threshold": 7.814727903251179, "N_raw": 53, "N_roi": 53, "N_inlier": 50, "refit": true}
{"timestamp": "15:45:53.271389", "frame": 35, "mu": [0.35903796716582936, 1.464420390003017, 1.3452393487551149], "Sigma": [[0.004750233613111674, -0.00021034595020973367, -0.005181331665892594], [-0.00021034595020973367, 0.0026404958985172837, 0.00012157966016848891], [-0.005181331665892594, 0.0001215796601684888, 0.03396957164860982]], "chi2_level": 0.95, "chi2_df": 3, "chi2_threshold": 7.814727903251179, "N_raw": 79, "N_roi": 79, "N_inlier": 77, "refit": true}
{"timestamp": "15:45:53.321443", "frame": 36, "mu": [0.3036240636320254, 1.5436596769303434, -0.17469974196309748], "Sigma": [[0.0033952193349627954, -0.00027353364471635686, -0.0025831434900351518], [-0.00027353364471635676, 0.0031130790996071953, -0.0005944011684624698], [-0.0025831434900351513, -0.0005944011684624697, 0.004541903476339501]], "chi2_level": 0.95, "chi2_df": 3, "chi2_threshold": 7.814727903251179, "N_raw": 45, "N_roi": 45, "N_inlier": 42, "refit": true}
{"timestamp": "15:45:53.379232", "frame": 37, "mu": [0.27804072918569844, 1.4648332966177406, 1.3480491680476787], "Sigma": [[0.008268169210107089, -0.0022855462569202566, -0.0208646321358947], [-0.0022855462569202566, 0.0030034958767481746, 0.007296059047830098], [-0.0208646321358947, 0.007296059047830098, 0.0813898638240501]], "chi2_level": 0.95, "chi2_df": 3, "chi2_threshold": 7.814727903251179, "N_raw": 63, "N_roi": 63, "N_inlier": 58, "refit": true}
{"timestamp": "15:45:53.437586", "frame": 38, "mu": [0.2648860822727883, 1.461961636362096, 1.3058284084317586], "Sigma": [[0.00611707695683322, -0.0013441228474310167, -0.009047722480001272], [-0.0013441228474310165, 0.002794577417013807, 0.0009708503858856163], [-0.009047722480001274, 0.0009708503858856163, 0.031792179360290954]], "chi2_level": 0.95, "chi2_df": 3, "chi2_threshold": 7.814727903251179, "N_raw": 85, "N_roi": 85, "N_inlier": 80, "refit": true}
{"timestamp": "15:45:53.486726", "frame": 39, "mu": [0.2430383994388797, 1.4736602655859146, 1.254909754550885], "Sigma": [[0.0051982147912337595, 0.0008233580019261071, -0.011595323239201226], [0.0008233580019261071, 0.002104741573497031, -0.0043070974949820035], [-0.011595323239201226, -0.004307097494982004, 0.04221007718520568]], "chi2_level": 0.95, "chi2_df": 3, "chi2_threshold": 7.814727903251179, "N_raw": 41, "N_roi": 41, "N_inlier": 36, "refit": true}
{"timestamp": "15:45:53.541460", "frame": 40, "mu": [0.23621656563562043, 1.442908903682916, 1.2529887363968792], "Sigma": [[0.0028199968694927174, -0.0003879331382147151, -0.0027420020356211917], [-0.0003879331382147151, 0.0011349253311358134, -0.0011089866815043072], [-0.002742002035621192, -0.001108986681504307, 0.006083074182727679]], "chi2_level": 0.95, "chi2_df": 3, "chi2_threshold": 7.814727903251179, "N_raw": 38, "N_roi": 38, "N_inlier": 33, "refit": true}
{"timestamp": "15:45:53.592608", "frame": 41, "mu": [0.21779836168878652, 1.3909946697929432, 0.8955063290007632], "Sigma": [[0.002959055251860461, -0.0007070299993208856, -0.0025728022259880164], [-0.0007070299993208856, 0.0009233125813501625, 0.0015992924307334064], [-0.0025728022259880173, 0.0015992924307334064, 0.01399468412990563]], "chi2_level": 0.95, "chi2_df": 3, "chi2_threshold": 7.814727903251179, "N_raw": 25, "N_roi": 25, "N_inlier": 23, "refit": true}
{"timestamp": "15:45:53.647132", "frame": 42, "mu": [0.08427836099203011, 1.7126776944205893, -0.809398045149037], "Sigma": [[0.0009593068323417473, -0.0022038458156121233, 0.00974076495631059], [-0.0022038458156121233, 0.02835497639252965, -0.08771532686990008], [0.009740764956310592, -0.08771532686990008, 0.3784340077805367]], "chi2_level": 0.95, "chi2_df": 3, "chi2_threshold": 7.814727903251179, "N_raw": 11, "N_roi": 11, "N_inlier": 10, "refit": true}
{"timestamp": "15:45:53.703822", "frame": 43, "mu": [0.10066713169030203, 1.4908260258775468, 1.1704920133384522], "Sigma": [[0.0019610612975920635, 4.7579883989796605e-05, -0.0007081938726023228], [4.7579883989796605e-05, 0.004598210504466825, 0.01207896642800232], [-0.0007081938726023228, 0.01207896642800232, 0.13574344590285012]], "chi2_level": 0.95, "chi2_df": 3, "chi2_threshold": 7.814727903251179, "N_raw": 27, "N_roi": 27, "N_inlier": 25, "refit": true}
{"timestamp": "15:45:53.812742", "frame": 45, "mu": [-0.059672355724244196, 1.4769423528778238, 1.4610486058949776], "Sigma": [[0.0019158667077700798, -0.0002470977326636552, -0.0014787761665237308], [-0.0002470977326636552, 0.0016490034217856988, -0.0006613933060568317], [-0.0014787761665237308, -0.0006613933060568317, 0.0017686985405905532]], "chi2_level": 0.95, "chi2_df": 3, "chi2_threshold": 7.814727903251179, "N_raw": 24, "N_roi": 24, "N_inlier": 22, "refit": true}
{"timestamp": "15:45:53.865212", "frame": 46, "mu": [-0.017912612699161813, 2.1320937890249434, 1.1015515318529996], "Sigma": [[0.0037917075268394254, -0.048325008282398774, 0.007694563300399836], [-0.048325008282398774, 1.1777496524605264, -0.12187818114490923], [0.007694563300399837, -0.12187818114490923, 0.025369684439109398]], "chi2_level": 0.95, "chi2_df": 3, "chi2_threshold": 7.814727903251179, "N_raw": 9, "N_roi": 9, "N_inlier": 9, "refit": true}
{"timestamp": "15:45:53.924429", "frame": 47, "mu": [-0.06560319750780243, 1.4404107259660845, 1.1705319763212432], "Sigma": [[0.0021198062283629554, -0.0004123310882876005, 0.001932519703881506], [-0.0004123310882876006, 0.002033280043550854, 0.0019371598899576596], [0.001932519703881506, 0.0019371598899576596, 0.0261323313766988]], "chi2_level": 0.95, "chi2_df": 3, "chi2_threshold": 7.814727903251179, "N_raw": 34, "N_roi": 34, "N_inlier": 32, "refit": true}
{"timestamp": "15:45:53.980155", "frame": 48, "mu": [-0.15621743980535124, 1.3907545601458007, 0.7739368843369745], "Sigma": [[0.003553381053901532, -0.0009482998795964427, 0.0008943736061317832], [-0.0009482998795964428, 0.0012483767451429146, 0.0020615820723089806], [0.0008943736061317835, 0.0020615820723089806, 0.02051732184024376]], "chi2_level": 0.95, "chi2_df": 3, "chi2_threshold": 7.814727903251179, "N_raw": 37, "N_roi": 37, "N_inlier": 32, "refit": true}
{"timestamp": "15:45:54.031413", "frame": 49, "mu": [-0.18627258410204625, 1.442938709224276, 0.840569215747211], "Sigma": [[0.0021967551671542383, 0.0010627221151475413, 0.020209933915885426], [0.0010627221151475411, 0.0031689402625929655, 0.01350721655991235], [0.02020993391588543, 0.013507216559912352, 0.391803374761271]], "chi2_level": 0.95, "chi2_df": 3, "chi2_threshold": 7.814727903251179, "N_raw": 9, "N_roi": 9, "N_inlier": 9, "refit": true}
{"timestamp": "15:45:54.090847", "frame": 50, "mu": [-0.2352818317892848, 1.4789983664783892, 1.4100801628602588], "Sigma": [[0.0027854235278452918, 0.0001863826448432012, -0.0009868091291865915], [0.0001863826448432012, 0.0021908663165114747, -0.0025178330057771155], [-0.0009868091291865915, -0.0025178330057771155, 0.010984151203211277]], "chi2_level": 0.95, "chi2_df": 3, "chi2_threshold": 7.814727903251179, "N_raw": 47, "N_roi": 47, "N_inlier": 44, "refit": true}
{"timestamp": "15:45:54.147385", "frame": 51, "mu": [-0.30424172998239335, 1.4774019281804445, 1.4556835159947012], "Sigma": [[0.004332271118380331, -0.000516824893518025, -0.002396309796980781], [-0.0005168248935180252, 0.0033222810574417665, -0.0025069462717729335], [-0.0023963097969807814, -0.002506946271772933, 0.004266142594688729]], "chi2_level": 0.95, "chi2_df": 3, "chi2_threshold": 7.814727903251179, "N_raw": 61, "N_roi": 61, "N_inlier": 58, "refit": true}
{"timestamp": "15:45:54.202053", "frame": 52, "mu": [-0.29244033173586303, 1.44160581319181, 1.3750080910821172], "Sigma": [[0.003018866424057881, -3.940793184845217e-06, -0.0033481750176884467], [-3.940793184845217e-06, 0.0016311469259705578, -0.0010056377076016329], [-0.0033481750176884467, -0.0010056377076016329, 0.033463849077148396]], "chi2_level": 0.95, "chi2_df": 3, "chi2_threshold": 7.814727903251179, "N_raw": 51, "N_roi": 51, "N_inlier": 48, "refit": true}
{"timestamp": "15:45:54.255677", "frame": 53, "mu": [-0.3382016957164956, 1.447639312239961, 1.4106951602525823], "Sigma": [[0.002784027948567051, 0.0005739050825940179, -0.0020904363428768153], [0.0005739050825940178, 0.0023185555162651902, -0.0030754178032784975], [-0.0020904363428768153, -0.0030754178032784975, 0.00938900644153275]], "chi2_level": 0.95, "chi2_df": 3, "chi2_threshold": 7.814727903251179, "N_raw": 45, "N_roi": 45, "N_inlier": 42, "refit": true}
{"timestamp": "15:45:54.312229", "frame": 54, "mu": [-0.3796670100338103, 1.5695810947904758, -0.4716593710919123], "Sigma": [[0.0039901987610923536, -0.0030065969140869943, 0.004456562067413185], [-0.0030065969140869943, 0.007075304410677269, -0.016645753105265372], [0.004456562067413185, -0.016645753105265372, 0.06498715525900271]], "chi2_level": 0.95, "chi2_df": 3, "chi2_threshold": 7.814727903251179, "N_raw": 51, "N_roi": 51, "N_inlier": 51, "refit": true}
{"timestamp": "15:45:54.361900", "frame": 55, "mu": [-0.3548827230679656, 1.4102591604073729, 1.1515901984298627], "Sigma": [[0.0016427041082078774, -0.00011165887466858456, 6.937950423077817e-05], [-0.0001116588746685846, 0.00223582022347416, 0.0026780219938956854], [6.937950423077817e-05, 0.0026780219938956854, 0.02344898387031795]], "chi2_level": 0.95, "chi2_df": 3, "chi2_threshold": 7.814727903251179, "N_raw": 16, "N_roi": 16, "N_inlier": 13, "refit": true}
{"timestamp": "15:45:54.426108", "frame": 56, "mu": [-0.4217091717453584, 1.3702849449608785, 1.3365426890904486], "Sigma": [[0.004718356174913189, -0.000937222370967295, -0.0027241315709371186], [-0.0009372223709672951, 0.007589193815032756, -0.001433289681764426], [-0.002724131570937119, -0.0014332896817644263, 0.00410429968207621]], "chi2_level": 0.95, "chi2_df": 3, "chi2_threshold": 7.814727903251179, "N_raw": 77, "N_roi": 77, "N_inlier": 73, "refit": true}
{"timestamp": "15:45:54.482059", "frame": 57, "mu": [-0.4762258903192954, 1.4031006956411591, 1.316808436265014], "Sigma": [[0.0068800135500242995, -0.0013219625347115703, -0.016735049919335002], [-0.0013219625347115705, 0.005175500857970978, -0.004131240472200337], [-0.016735049919335002, -0.004131240472200337, 0.13851777691709075]], "chi2_level": 0.95, "chi2_df": 3, "chi2_threshold": 7.814727903251179, "N_raw": 83, "N_roi": 83, "N_inlier": 79, "refit": true}
{"timestamp": "15:45:54.535130", "frame": 58, "mu": [-0.5101679476352845, 1.3341052046537825, 1.319473144063896], "Sigma": [[0.00532419101437861, -0.003660836582102822, -0.0059540289239132325], [-0.0036608365821028215, 0.008661117931991534, 0.0023259102957011593], [-0.0059540289239132325, 0.0023259102957011593, 0.008820573027827114]], "chi2_level": 0.95, "chi2_df": 3, "chi2_threshold": 7.814727903251179, "N_raw": 72, "N_roi": 72, "N_inlier": 69, "refit": true}
{"timestamp": "15:45:54.595251", "frame": 59, "mu": [-0.5412497436977679, 1.3521338175612472, 1.244144537960761], "Sigma": [[0.006438667965454232, -0.0020452313796140236, -0.011567614533843522], [-0.0020452313796140236, 0.00833036283902486, 0.0016097567871073849], [-0.011567614533843522, 0.0016097567871073844, 0.05394838853108633]], "chi2_level": 0.95, "chi2_df": 3, "chi2_threshold": 7.814727903251179, "N_raw": 105, "N_roi": 105, "N_inlier": 102, "refit": true}
{"timestamp": "15:45:54.646771", "frame": 60, "mu": [-0.5764362777400144, 1.4055983636571179, 1.3877137102044228], "Sigma": [[0.005531359717868325, -0.0025197485550410826, -0.005898598153922456], [-0.002519748555041082, 0.014893742517009213, 0.006527345262553614], [-0.005898598153922456, 0.006527345262553615, 0.018264834365710296]], "chi2_level": 0.95, "chi2_df": 3, "chi2_threshold": 7.814727903251179, "N_raw": 81, "N_roi": 81, "N_inlier": 79, "refit": true}
{"timestamp": "15:45:54.706394", "frame": 61, "mu": [-0.62712573729119, 1.3793226637750466, 1.312047201037688], "Sigma": [[0.006844085317571717, 0.0010337367224636394, -0.006639726787910147], [0.0010337367224636392, 0.00782292480835556, -0.003989554484231323], [-0.006639726787910145, -0.003989554484231323, 0.018377168940481827]], "chi2_level": 0.95, "chi2_df": 3, "chi2_threshold": 7.814727903251179, "N_raw": 101, "N_roi": 101, "N_inlier": 95, "refit": true}
{"timestamp": "15:45:54.756856", "frame": 62, "mu": [-0.6896295347966086, 1.3725085351575443, 1.3719929560067414], "Sigma": [[0.00487870777381697, 0.0001299943604466395, -0.002738215170761402], [0.00012999436044663955, 0.006904733776761616, -0.0035586526954117332], [-0.002738215170761402, -0.0035586526954117332, 0.014501102953590554]], "chi2_level": 0.95, "chi2_df": 3, "chi2_threshold": 7.814727903251179, "N_raw": 80, "N_roi": 80, "N_inlier": 77, "refit": true}
{"timestamp": "15:45:54.813253", "frame": 63, "mu": [-0.7108514772266477, 1.3989419722891072, 1.3114177121622947], "Sigma": [[0.008685466225149967, 0.0004938851848959484, -0.013265110305958103], [0.0004938851848959485, 0.006129176049341856, 0.003079449065373193], [-0.013265110305958103, 0.0030794490653731927, 0.06216207774352578]], "chi2_level": 0.95, "chi2_df": 3, "chi2_threshold": 7.814727903251179, "N_raw": 93, "N_roi": 93, "N_inlier": 90, "refit": true}
{"timestamp": "15:45:54.866512", "frame": 64, "mu": [-0.7780552293908213, 1.3117110100549805, 1.2004558121768854], "Sigma": [[0.010495523634185724, 0.003407254892550154, -0.0089614296850139], [0.003407254892550154, 0.0061726882455920605, -0.0064827863813382534], [-0.0089614296850139, -0.0064827863813382534, 0.02247990784392473]], "chi2_level": 0.95, "chi2_df": 3, "chi2_threshold": 7.814727903251179, "N_raw": 81, "N_roi": 81, "N_inlier": 79, "refit": true}
{"timestamp": "15:45:54.921670", "frame": 65, "mu": [-0.8510538790940871, 1.359190179656527, 1.2931231014930034], "Sigma": [[0.010882382868930831, 0.0017676699948091447, -0.010683599460359232], [0.001767669994809145, 0.003295705269173007, -0.0052760799791738006], [-0.010683599460359232, -0.0052760799791738006, 0.026618190257218538]], "chi2_level": 0.95, "chi2_df": 3, "chi2_threshold": 7.814727903251179, "N_raw": 78, "N_roi": 78, "N_inlier": 73, "refit": true}
{"timestamp": "15:45:54.977759", "frame": 66, "mu": [-0.9187495325070274, 1.3505708406220411, 1.3720252151735677], "Sigma": [[0.019267372220510923, 0.006862860289831966, -0.007694082147174164], [0.006862860289831966, 0.00891631877814632, -0.0028661668882925184], [-0.007694082147174164, -0.0028661668882925184, 0.003837962820122298]], "chi2_level": 0.95, "chi2_df": 3, "chi2_threshold": 7.814727903251179, "N_raw": 90, "N_roi": 90, "N_inlier": 73, "refit": true}
{"timestamp": "15:45:55.031448", "frame": 67, "mu": [-0.8018491613905299, 1.5447620025815592, -0.5791359165909647], "Sigma": [[0.007259807696348677, 0.009311118452549194, 0.0024838907033978563], [0.009311118452549194, 0.023721895136757876, 0.005014561513174458], [0.0024838907033978563, 0.005014561513174458, 0.019296208128554666]], "chi2_level": 0.95, "chi2_df": 3, "chi2_threshold": 7.814727903251179, "N_raw": 75, "N_roi": 75, "N_inlier": 69, "refit": true}
{"timestamp": "15:45:55.090910", "frame": 68, "mu": [-0.783689016191217, 1.660211270562503, -0.4394632004067985], "Sigma": [[0.00710564187484254, 0.006508831631394294, -0.01849924687762356], [0.006508831631394294, 0.01396789952782835, -0.030450288551182612], [-0.01849924687762356, -0.03045028855118261, 0.14571662911194067]], "chi2_level": 0.95, "chi2_df": 3, "chi2_threshold": 7.814727903251179, "N_raw": 106, "N_roi": 106, "N_inlier": 100, "refit": true}
{"timestamp": "15:45:55.141043", "frame": 69, "mu": [-0.8999392011516261, 1.5013896956908868, -0.5949383279688704], "Sigma": [[0.005742959672328763, 0.004965057833817902, 0.0066547398227238975], [0.004965057833817902, 0.0152589516736343, 0.009083715970595398], [0.006654739822723898, 0.009083715970595398, 0.020410124329815475]], "chi2_level": 0.95, "chi2_df": 3, "chi2_threshold": 7.814727903251179, "N_raw": 71, "N_roi": 71, "N_inlier": 64, "refit": true}
{"timestamp": "15:45:55.187172", "frame": 70, "mu": [-0.8604123385904205, 1.4300411381221612, 0.7819450931308003], "Sigma": [[0.006000364775852944, -0.0017774732672831586, -0.032178677159073084], [-0.0017774732672831584, 0.010183206983471632, 0.036903265374640205], [-0.03217867715907308, 0.036903265374640205, 0.28285594962016575]], "chi2_level": 0.95, "chi2_df": 3, "chi2_threshold": 7.814727903251179, "N_raw": 14, "N_roi": 14, "N_inlier": 14, "refit": true}
{"timestamp": "15:45:55.245409", "frame": 71, "mu": [-0.9078017965525825, 1.453989275162609, 1.0728731689861606], "Sigma": [[0.006506293441274873, 0.004701801887235469, -0.008557461766870323], [0.004701801887235469, 0.004429114447920441, -0.008463956917616026], [-0.008557461766870323, -0.008463956917616026, 0.025540482765632096]], "chi2_level": 0.95, "chi2_df": 3, "chi2_threshold": 7.814727903251179, "N_raw": 44, "N_roi": 44, "N_inlier": 42, "refit": true}
{"timestamp": "15:45:55.308029", "frame": 72, "mu": [-0.9450814444317828, 1.5117033244828328, 1.415125477838136], "Sigma": [[0.047830684839428775, 0.025784997011465846, -0.03185794699730428], [0.025784997011465853, 0.01909733405843652, -0.020575332037767558], [-0.03185794699730428, -0.020575332037767558, 0.02639928807053655]], "chi2_level": 0.95, "chi2_df": 3, "chi2_threshold": 7.814727903251179, "N_raw": 95, "N_roi": 95, "N_inlier": 87, "refit": true}
{"timestamp": "15:45:55.361230", "frame": 73, "mu": [-0.9476066670776105, 1.5279442875427658, 0.9824893418997287], "Sigma": [[0.004969070090272172, 0.0013303463146984767, 0.007996671576294198], [0.001330346314698477, 0.00303503306637861, -0.0041367065990257695], [0.007996671576294198, -0.0041367065990257695, 0.2527508443039376]], "chi2_level": 0.95, "chi2_df": 3, "chi2_threshold": 7.814727903251179, "N_raw": 72, "N_roi": 72, "N_inlier": 64, "refit": true}
{"timestamp": "15:45:55.415043", "frame": 74, "mu": [-0.8711276300354561, 1.6151387740866996, 1.3105569938993922], "Sigma": [[0.009904668924096883, 0.0017704781858208654, -0.005471535904387484], [0.0017704781858208654, 0.004783254978498901, -0.002949702298124693], [-0.005471535904387485, -0.002949702298124693, 0.004234468583587816]], "chi2_level": 0.95, "chi2_df": 3, "chi2_threshold": 7.814727903251179, "N_raw": 68, "N_roi": 68, "N_inlier": 63, "refit": true}
{"timestamp": "15:45:55.471020", "frame": 75, "mu": [-0.8895789408656158, 1.6344267549263798, 1.2370949083011833], "Sigma": [[0.007769472225911739, 0.0018969095603259553, -0.0069125529484144995], [0.0018969095603259553, 0.002102195236378862, -0.006415788334638481], [-0.0069125529484144995, -0.006415788334638481, 0.033476086111707486]], "chi2_level": 0.95, "chi2_df": 3, "chi2_threshold": 7.814727903251179, "N_raw": 78, "N_roi": 78, "N_inlier": 74, "refit": true}
{"timestamp": "15:45:55.525703", "frame": 76, "mu": [-0.885123071495617, 1.6641794493256978, 1.2342289760911624], "Sigma": [[0.008150305302812787, 0.001986722130431415, -0.004787153542095734], [0.0019867221304314146, 0.005490707133561955, -0.004342732077843544], [-0.004787153542095735, -0.004342732077843544, 0.00972168228771044]], "chi2_level": 0.95, "chi2_df": 3, "chi2_threshold": 7.814727903251179, "N_raw": 70, "N_roi": 70, "N_inlier": 69, "refit": true}
{"timestamp": "15:45:55.580150", "frame": 77, "mu": [-1.0003326782981339, 1.631711896016406, 1.2105547841178745], "Sigma": [[0.007564714584938566, 0.0017029680369753052, -0.0023019904098849873], [0.0017029680369753052, 0.004309324263040732, -0.0003608666018995758], [-0.002301990409884987, -0.0003608666018995757, 0.027553944005226122]], "chi2_level": 0.95, "chi2_df": 3, "chi2_threshold": 7.814727903251179, "N_raw": 70, "N_roi": 70, "N_inlier": 68, "refit": true}
{"timestamp": "15:45:55.636676", "frame": 78, "mu": [-0.9910492362987443, 1.702260797551027, 1.3261878318894278], "Sigma": [[0.009818751373763588, 0.0006352321725277597, -0.003844778425188221], [0.0006352321725277594, 0.008875116036243658, -0.0013108301738964988], [-0.003844778425188221, -0.0013108301738964988, 0.005419895251086136]], "chi2_level": 0.95, "chi2_df": 3, "chi2_threshold": 7.814727903251179, "N_raw": 79, "N_roi": 79, "N_inlier": 77, "refit": true}
{"timestamp": "15:45:55.692685", "frame": 79, "mu": [-1.0266028517098835, 1.7305333233571816, 1.3724663777634059], "Sigma": [[0.01020980304709517, -0.0007540448572489941, -0.0027557769990508257], [-0.000754044857248994, 0.0073700630725488095, -0.004639821278963301], [-0.0027557769990508253, -0.004639821278963302, 0.004690647580351952]], "chi2_level": 0.95, "chi2_df": 3, "chi2_threshold": 7.814727903251179, "N_raw": 87, "N_roi": 87, "N_inlier": 82, "refit": true}
{"timestamp": "15:45:55.748253", "frame": 80, "mu": [-1.0055760359459716, 1.7720073146794975, 1.3458663321403854], "Sigma": [[0.012693237093276818, 0.0028406909102078734, -0.00940796847992933], [0.0028406909102078734, 0.008144118889054022, -0.005323016839504773], [-0.00940796847992933, -0.005323016839504773, 0.00955927662050391]], "chi2_level": 0.95, "chi2_df": 3, "chi2_threshold": 7.814727903251179, "N_raw": 91, "N_roi": 91, "N_inlier": 85, "refit": true}
{"timestamp": "15:45:55.801685", "frame": 81, "mu": [-1.062800100700444, 1.7644278477238813, 1.2494949463615845], "Sigma": [[0.008438341594565234, 0.003004420824188204, -0.004102606309409751], [0.003004420824188204, 0.007742404470483666, -0.007497804873089153], [-0.004102606309409751, -0.007497804873089153, 0.008736000959929819]], "chi2_level": 0.95, "chi2_df": 3, "chi2_threshold": 7.814727903251179, "N_raw": 78, "N_roi": 78, "N_inlier": 75, "refit": true}
{"timestamp": "15:45:55.854795", "frame": 82, "mu": [-1.0287388550560257, 1.7869116120281694, 1.2724570721445068], "Sigma": [[0.0087582866484214, 0.0007596134826586148, -0.009956441792244801], [0.0007596134826586148, 0.004748008794880297, 0.0034935198289120987], [-0.009956441792244801, 0.0034935198289120987, 0.08709018041538055]], "chi2_level": 0.95, "chi2_df": 3, "chi2_threshold": 7.814727903251179, "N_raw": 66, "N_roi": 66, "N_inlier": 57, "refit": true}
{"timestamp": "15:45:55.918467", "frame": 83, "mu": [-0.9997577033735563, 1.8322449026430543, 0.9104665408210643], "Sigma": [[0.010553271059825998, -0.003094350155959643, -0.025811802731998686], [-0.003094350155959642, 0.011269859684432344, 0.03583907941569191], [-0.025811802731998686, 0.03583907941569191, 0.25836016616559004]], "chi2_level": 0.95, "chi2_df": 3, "chi2_threshold": 7.814727903251179, "N_raw": 121, "N_roi": 121, "N_inlier": 121, "refit": true}
{"timestamp": "15:45:55.959217", "frame": 84, "mu": [-1.2750558818059037, 1.8678215362461752, -0.1316651909029395], "Sigma": [[0.13414797838427048, 0.09111806335199366, -0.022803607023065713], [0.09111806335199366, 0.06913249894861456, -0.0221387206539262], [-0.022803607023065713, -0.0221387206539262, 0.018569795065728485]], "chi2_level": 0.95, "chi2_df": 3, "chi2_threshold": 7.814727903251179, "N_raw": 23, "N_roi": 23, "N_inlier": 20, "refit": true}
{"timestamp": "15:45:56.014063", "frame": 85, "mu": [-1.0453921007528562, 1.9101161352070828, 0.502229565535877], "Sigma": [[0.003819477679195081, -0.0010486345339011122, -0.015218274625440707], [-0.0010486345339011122, 0.004075733556663105, 0.01674380954447669], [-0.015218274625440707, 0.01674380954447669, 0.25639498146255374]], "chi2_level": 0.95, "chi2_df": 3, "chi2_threshold": 7.814727903251179, "N_raw": 26, "N_roi": 26, "N_inlier": 25, "refit": true}
{"timestamp": "15:45:56.073528", "frame": 86, "mu": [-1.0460316903799491, 1.9802159406925643, 0.6405494327439794], "Sigma": [[0.00818021624809639, -0.001155246108457797, 0.012768648414328596], [-0.001155246108457797, 0.0027540082945812, -0.013608228521901649], [0.012768648414328596, -0.013608228521901647, 0.18508225974605838]], "chi2_level": 0.95, "chi2_df": 3, "chi2_threshold": 7.814727903251179, "N_raw": 53, "N_roi": 53, "N_inlier": 49, "refit": true}
{"timestamp": "15:45:56.131148", "frame": 87, "mu": [-1.067514315135293, 2.004239633273172, 1.1344658144683604], "Sigma": [[0.008920585242449338, -4.605534803853094e-05, -0.0006090602048348651], [-4.605534803853089e-05, 0.0024267570998998426, -0.008686919108466412], [-0.0006090602048348654, -0.008686919108466412, 0.1016039159585459]], "chi2_level": 0.95, "chi2_df": 3, "chi2_threshold": 7.814727903251179, "N_raw": 78, "N_roi": 78, "N_inlier": 74, "refit": true}
{"timestamp": "15:45:56.183565", "frame": 88, "mu": [-1.076322154631708, 2.009964984101344, 1.3153835505426068], "Sigma": [[0.008953265927426419, 0.0011602730893306398, -0.007539157318799448], [0.00116027308933064, 0.005842041225327753, -0.004873716232503893], [-0.007539157318799448, -0.004873716232503893, 0.012671662150829056]], "chi2_level": 0.95, "chi2_df": 3, "chi2_threshold": 7.814727903251179, "N_raw": 62, "N_roi": 62, "N_inlier": 61, "refit": true}
{"timestamp": "15:45:56.237349", "frame": 89, "mu": [-1.0869430129425988, 2.0573082843643036, 1.2913346629715892], "Sigma": [[0.008253229648891651, -0.0002250720200823367, -0.0056252119115695245], [-0.00022507202008233674, 0.0032270385470911118, -0.003081072817355633], [-0.0056252119115695245, -0.003081072817355633, 0.009979140428940237]], "chi2_level": 0.95, "chi2_df": 3, "chi2_threshold": 7.814727903251179, "N_raw": 52, "N_roi": 52, "N_inlier": 48, "refit": true}
{"timestamp": "15:45:56.293504", "frame": 90, "mu": [-1.0837649236566602, 2.0717848967106725, 1.0287175362576024], "Sigma": [[0.01119069560752616, 0.0007449989231630467, -0.012914113611697416], [0.0007449989231630468, 0.0017910771275534776, -0.0049427874687742865], [-0.012914113611697418, -0.004942787468774286, 0.033760942175367556]], "chi2_level": 0.95, "chi2_df": 3, "chi2_threshold": 7.814727903251179, "N_raw": 63, "N_roi": 63, "N_inlier": 61, "refit": true}
