{"timestamp": "15:17:52.785674", "frame": 37, "mu": [-0.5726010568465318, 0.13681389038569397, 0.7595746662112818], "Sigma": [[0.0011488108890625288, 0.0007134007220348275, -0.0021239780045827295], [0.0007134007220348275, 0.005169479073110926, -0.04412182009809192], [-0.0021239780045827286, -0.04412182009809192, 0.4689739975639961]], "chi2_level": 0.95, "chi2_df": 3, "chi2_threshold": 7.814727903251179, "N_raw": 9, "N_roi": 9, "N_inlier": 7, "refit": true}
{"timestamp": "15:17:52.841181", "frame": 38, "mu": [-0.2179555731912913, 0.1411839227378457, 1.1267504836494706], "Sigma": [[0.2930478862847176, -0.006187782050243798, 0.1498760078996424], [-0.006187782050243798, 0.001658697666834307, -0.011923116803817309], [0.1498760078996424, -0.011923116803817309, 0.3782353231744709]], "chi2_level": 0.95, "chi2_df": 3, "chi2_threshold": 7.814727903251179, "N_raw": 16, "N_roi": 16, "N_inlier": 16, "refit": true}
{"timestamp": "15:17:52.897569", "frame": 39, "mu": [-0.14296854247308852, 0.13960526135421225, 1.2995108554718524], "Sigma": [[0.3028183382897585, -0.01896956201476657, 0.11498998287444126], [-0.018969562014766565, 0.008601348194883594, -0.04297259729635489], [0.11498998287444126, -0.04297259729635489, 0.23931043186111392]], "chi2_level": 0.95, "chi2_df": 3, "chi2_threshold": 7.814727903251179, "N_raw": 15, "N_roi": 15, "N_inlier": 15, "refit": true}
{"timestamp": "15:17:52.956007", "frame": 40, "mu": [-0.13343756105866242, 0.11593974518095278, 1.5597132979105737], "Sigma": [[0.32235059665002325, 0.0026846635389051634, 0.008903850118664004], [0.002684663538905163, 0.000904634313581065, -0.0007006685708204033], [0.008903850118664005, -0.0007006685708204032, 0.0026773169394796485]], "chi2_level": 0.95, "chi2_df": 3, "chi2_threshold": 7.814727903251179, "N_raw": 49, "N_roi": 49, "N_inlier": 46, "refit": true}
{"timestamp": "15:17:53.012265", "frame": 41, "mu": [-0.2849918233036593, 0.15753491287281912, 1.526271364348353], "Sigma": [[0.24956381731542138, -0.00540770244911643, 0.01568766318337888], [-0.00540770244911643, 0.003598593861008757, -0.006841695110119761], [0.01568766318337888, -0.006841695110119761, 0.01596290443023962]], "chi2_level": 0.95, "chi2_df": 3, "chi2_threshold": 7.814727903251179, "N_raw": 39, "N_roi": 39, "N_inlier": 39, "refit": true}
{"timestamp": "15:17:53.066760", "frame": 42, "mu": [-0.22593980005013875, 0.15068365500816766, 1.5884740748559492], "Sigma": [[0.33582984875553473, 0.000547785596048802, 0.006719954262654704], [0.000547785596048802, 0.001379261931001036, -0.0006724803346983292], [0.006719954262654704, -0.0006724803346983292, 0.0008634401366824995]], "chi2_level": 0.95, "chi2_df": 3, "chi2_threshold": 7.814727903251179, "N_raw": 42, "N_roi": 42, "N_inlier": 38, "refit": true}
{"timestamp": "15:17:53.172521", "frame": 44, "mu": [-0.5362731410532969, 0.435678264836742, 1.1374980127061167], "Sigma": [[0.007290855742139039, -0.003692993568337719, 0.027654496488910458], [-0.003692993568337719, 0.018151113589787257, -0.056147925737267776], [0.02765449648891046, -0.056147925737267776, 0.2695855398615053]], "chi2_level": 0.95, "chi2_df": 3, "chi2_threshold": 7.814727903251179, "N_raw": 9, "N_roi": 9, "N_inlier": 9, "refit": true}
{"timestamp": "15:17:53.229283", "frame": 45, "mu": [-0.6340225974006123, 0.32057891604089545, 1.5040318605083096], "Sigma": [[0.011073948085244424, 0.005407777865564232, -0.012976918172430678], [0.005407777865564232, 0.004272250343994308, -0.009574981103796263], [-0.012976918172430678, -0.009574981103796263, 0.02631276622090956]], "chi2_level": 0.95, "chi2_df": 3, "chi2_threshold": 7.814727903251179, "N_raw": 24, "N_roi": 24, "N_inlier": 22, "refit": true}
{"timestamp": "15:17:53.285591", "frame": 46, "mu": [-0.6757489118361707, 0.35451919203841803, 1.5915891548861103], "Sigma": [[0.006161898025619383, 0.0012199745935451175, -0.003356634939522873], [0.001219974593545117, 0.0026073324348621463, -0.002491179523350721], [-0.003356634939522873, -0.002491179523350721, 0.003720781614747694]], "chi2_level": 0.95, "chi2_df": 3, "chi2_threshold": 7.814727903251179, "N_raw": 31, "N_roi": 31, "N_inlier": 28, "refit": true}
{"timestamp": "15:17:53.343565", "frame": 47, "mu": [-0.5389311419752449, 0.46885471877722124, 1.355343331625925], "Sigma": [[0.010404818665258964, 0.0030388882897190005, -0.012756163573935473], [0.0030388882897190005, 0.0027465749188271466, -0.007306964001232263], [-0.012756163573935473, -0.007306964001232263, 0.02379748554144051]], "chi2_level": 0.95, "chi2_df": 3, "chi2_threshold": 7.814727903251179, "N_raw": 54, "N_roi": 54, "N_inlier": 52, "refit": true}
{"timestamp": "15:17:53.397145", "frame": 48, "mu": [-0.5254225640580783, 0.4686529999835294, 1.4318252399040408], "Sigma": [[0.002028414557721168, 0.0011450097029997175, -0.0036303225283247096], [0.0011450097029997177, 0.0015169926772879794, -0.004587367322332357], [-0.0036303225283247104, -0.004587367322332357, 0.016133503858950363]], "chi2_level": 0.95, "chi2_df": 3, "chi2_threshold": 7.814727903251179, "N_raw": 38, "N_roi": 38, "N_inlier": 33, "refit": true}
{"timestamp": "15:17:53.453218", "frame": 49, "mu": [-0.5067212690313376, 0.5224726630810616, 1.3454724993378604], "Sigma": [[0.0014730449302883793, 3.153466820411317e-05, -0.0008874760940417951], [3.153466820411317e-05, 0.0004800277854813378, -0.0015513620183212028], [-0.0008874760940417953, -0.0015513620183212028, 0.008053461261078922]], "chi2_level": 0.95, "chi2_df": 3, "chi2_threshold": 7.814727903251179, "N_raw": 49, "N_roi": 49, "N_inlier": 46, "refit": true}
{"timestamp": "15:17:53.512818", "frame": 50, "mu": [-0.47173851799992816, 0.551203235928002, 1.2894522792751104], "Sigma": [[0.009906015731749715, 0.0015409332243420263, -0.010075200492988334], [0.0015409332243420263, 0.00287419463710154, -0.005712051851323196], [-0.010075200492988334, -0.005712051851323196, 0.018060920391629796]], "chi2_level": 0.95, "chi2_df": 3, "chi2_threshold": 7.814727903251179, "N_raw": 74, "N_roi": 74, "N_inlier": 68, "refit": true}
{"timestamp": "15:17:53.568359", "frame": 51, "mu": [-0.49234051896136594, 0.5479169587279544, 1.297053538239087], "Sigma": [[0.01944073227336938, 0.004014088902338494, -0.020101394209550073], [0.004014088902338494, 0.004262231662506094, -0.009422076094720224], [-0.020101394209550073, -0.009422076094720224, 0.03095316255263426]], "chi2_level": 0.95, "chi2_df": 3, "chi2_threshold": 7.814727903251179, "N_raw": 84, "N_roi": 84, "N_inlier": 80, "refit": true}
{"timestamp": "15:17:53.621232", "frame": 52, "mu": [-0.5224257669874278, 0.6039025997838148, 1.3486148992419045], "Sigma": [[0.023877445152516927, 0.0054629527905368964, -0.02921547788555292], [0.005462952790536897, 0.0025520824803614067, -0.009283340708851463], [-0.02921547788555292, -0.009283340708851463, 0.04211821014583199]], "chi2_level": 0.95, "chi2_df": 3, "chi2_threshold": 7.814727903251179, "N_raw": 58, "N_roi": 57, "N_inlier": 53, "refit": true}
{"timestamp": "15:17:53.671921", "frame": 53, "mu": [-0.7348215780536755, 0.632321487406822, -0.1760773195614449], "Sigma": [[0.011540305927332519, 0.0077889171099039915, -0.009903845415672153], [0.0077889171099039915, 0.008108087132527043, -0.010203813116783655], [-0.009903845415672151, -0.010203813116783655, 0.014361955178035901]], "chi2_level": 0.95, "chi2_df": 3, "chi2_threshold": 7.814727903251179, "N_raw": 42, "N_roi": 41, "N_inlier": 38, "refit": true}
{"timestamp": "15:17:53.725014", "frame": 54, "mu": [-0.5691843406333295, 0.6625526131360928, 1.5359097289477808], "Sigma": [[0.0008896553208026078, 0.0002455351974346605, -6.94250746341724e-05], [0.0002455351974346605, 0.0009227134916723363, -0.0013836063370274904], [-6.942507463417241e-05, -0.0013836063370274904, 0.0035917092139945194]], "chi2_level": 0.95, "chi2_df": 3, "chi2_threshold": 7.814727903251179, "N_raw": 25, "N_roi": 25, "N_inlier": 23, "refit": true}
{"timestamp": "15:17:53.781395", "frame": 55, "mu": [-0.6747613812964378, 0.6657497935627578, 1.6600644313333555], "Sigma": [[0.02256918354795583, 0.006716944006761657, -0.01700573127698124], [0.006716944006761656, 0.003641161373912972, -0.007369559606335764], [-0.01700573127698124, -0.007369559606335764, 0.018823508363309933]], "chi2_level": 0.95, "chi2_df": 3, "chi2_threshold": 7.814727903251179, "N_raw": 35, "N_roi": 35, "N_inlier": 33, "refit": true}
{"timestamp": "15:17:53.838426", "frame": 56, "mu": [-0.519064483296306, 0.749627588880208, 1.300753395678821], "Sigma": [[0.002716789423799837, 0.0009410235584249788, -0.011812406094577118], [0.0009410235584249789, 0.0018955290990242712, -0.00906454111584155], [-0.01181240609457712, -0.009064541115841549, 0.08856351027637119]], "chi2_level": 0.95, "chi2_df": 3, "chi2_threshold": 7.814727903251179, "N_raw": 44, "N_roi": 44, "N_inlier": 44, "refit": true}
{"timestamp": "15:17:53.890168", "frame": 57, "mu": [-0.5673486951155138, 0.7847064938470851, 1.5968647152839193], "Sigma": [[0.0017486018169697527, 8.380273923068362e-05, -0.001051990025962399], [8.380273923068359e-05, 0.0009297568138798036, -0.0012834136874160203], [-0.001051990025962399, -0.0012834136874160203, 0.0043486128242614455]], "chi2_level": 0.95, "chi2_df": 3, "chi2_threshold": 7.814727903251179, "N_raw": 26, "N_roi": 26, "N_inlier": 24, "refit": true}
{"timestamp": "15:17:53.943705", "frame": 58, "mu": [-0.5580028909852226, 0.8314325847580821, 1.524588457563157], "Sigma": [[0.001977552415177961, 0.0006173507742152227, -0.0035547795010230664], [0.0006173507742152228, 0.0011265364986623675, -0.004323808158256539], [-0.0035547795010230664, -0.004323808158256539, 0.025475223297995713]], "chi2_level": 0.95, "chi2_df": 3, "chi2_threshold": 7.814727903251179, "N_raw": 21, "N_roi": 21, "N_inlier": 19, "refit": true}
{"timestamp": "15:17:54.007361", "frame": 59, "mu": [-0.5683905391646085, 0.9174998147114661, 1.4071152745537536], "Sigma": [[0.0025961061677186622, -0.0008181394662545708, -0.0010053804097504616], [-0.0008181394662545708, 0.0029791433578114715, -0.00590219373015578], [-0.0010053804097504616, -0.00590219373015578, 0.020484595451829103]], "chi2_level": 0.95, "chi2_df": 3, "chi2_threshold": 7.814727903251179, "N_raw": 84, "N_roi": 84, "N_inlier": 82, "refit": true}
{"timestamp": "15:17:54.059652", "frame": 60, "mu": [-0.5732599399591224, 0.9481673569414756, 1.482022322102734], "Sigma": [[0.002748242300089871, -0.0008654251402339175, -0.0014076511153833556], [-0.0008654251402339174, 0.0014517460261358384, -0.0012979739103175115], [-0.0014076511153833556, -0.0012979739103175115, 0.015809049500234956]], "chi2_level": 0.95, "chi2_df": 3, "chi2_threshold": 7.814727903251179, "N_raw": 55, "N_roi": 55, "N_inlier": 52, "refit": true}
{"timestamp": "15:17:54.119899", "frame": 61, "mu": [-0.6080678106389035, 1.0036095018960425, 1.386585770078178], "Sigma": [[0.004208951974907538, -0.0012809398962554317, -0.003497881196881515], [-0.0012809398962554315, 0.0034852871768254047, -0.00033576130868563696], [-0.0034978811968815154, -0.0003357613086856373, 0.11165744605624715]], "chi2_level": 0.95, "chi2_df": 3, "chi2_threshold": 7.814727903251179, "N_raw": 97, "N_roi": 97, "N_inlier": 91, "refit": true}
{"timestamp": "15:17:54.172564", "frame": 62, "mu": [-0.6171116506730305, 1.04652514620822, 1.5387820255363687], "Sigma": [[0.003921342380719848, -0.0006344603579963363, -0.001014788176212361], [-0.0006344603579963363, 0.00430010990281308, -0.0011300471175442123], [-0.001014788176212361, -0.0011300471175442126, 0.012017742650037464]], "chi2_level": 0.95, "chi2_df": 3, "chi2_threshold": 7.814727903251179, "N_raw": 72, "N_roi": 72, "N_inlier": 64, "refit": true}
{"timestamp": "15:17:54.227886", "frame": 63, "mu": [-0.6055988124219666, 1.134037974998502, 1.3275333157083706], "Sigma": [[0.0034151830563850594, 0.0007827294424250749, -0.01013919217416513], [0.0007827294424250749, 0.011048562172261129, -0.042995164387154367], [-0.01013919217416513, -0.042995164387154367, 0.22735864928560592]], "chi2_level": 0.95, "chi2_df": 3, "chi2_threshold": 7.814727903251179, "N_raw": 77, "N_roi": 77, "N_inlier": 70, "refit": true}
{"timestamp": "15:17:54.279663", "frame": 64, "mu": [-0.6054850722607374, 1.1161686651976823, 1.5141975378067987], "Sigma": [[0.0029875033948366728, -0.00011879621449849541, -0.0028948642835724264], [-0.00011879621449849544, 0.0030263293666899244, -0.003473546637383065], [-0.0028948642835724264, -0.003473546637383065, 0.007995129156050012]], "chi2_level": 0.95, "chi2_df": 3, "chi2_threshold": 7.814727903251179, "N_raw": 59, "N_roi": 59, "N_inlier": 54, "refit": true}
{"timestamp": "15:17:54.334075", "frame": 65, "mu": [-0.6366273801619038, 1.1678303685685696, 1.3578170949546142], "Sigma": [[0.0044595860412382565, -0.0012162303013958154, -0.0011126975964665816], [-0.0012162303013958154, 0.0026997620616442033, -0.0014894779203409845], [-0.0011126975964665816, -0.0014894779203409845, 0.004454782524615976]], "chi2_level": 0.95, "chi2_df": 3, "chi2_threshold": 7.814727903251179, "N_raw": 55, "N_roi": 55, "N_inlier": 50, "refit": true}
{"timestamp": "15:17:54.386914", "frame": 66, "mu": [-0.6077268577565261, 1.3290737937177741, -0.2944330193617436], "Sigma": [[0.0032892424912486177, 0.0017885668003979082, -0.009925430747942922], [0.0017885668003979082, 0.0035016434097288997, -0.00942686992395139], [-0.009925430747942922, -0.00942686992395139, 0.06777114938146417]], "chi2_level": 0.95, "chi2_df": 3, "chi2_threshold": 7.814727903251179, "N_raw": 41, "N_roi": 41, "N_inlier": 38, "refit": true}
{"timestamp": "15:17:54.450850", "frame": 67, "mu": [-0.5992727766608232, 1.2398663609471707, 1.2470001351575302], "Sigma": [[0.004381769956901777, -0.0023473880557691616, -0.007659348008499785], [-0.0023473880557691616, 0.006539979234083458, 0.009207419206972278], [-0.007659348008499785, 0.009207419206972278, 0.12194398078664065]], "chi2_level": 0.95, "chi2_df": 3, "chi2_threshold": 7.814727903251179, "N_raw": 101, "N_roi": 101, "N_inlier": 93, "refit": true}
{"timestamp": "15:17:54.508621", "frame": 68, "mu": [-0.5382596564446662, 1.3043175264091067, 1.2067487743368766], "Sigma": [[0.008854743922460646, 0.002210255662076382, 0.005823739131974452], [0.002210255662076382, 0.004268206149769083, 0.006006268109196424], [0.005823739131974452, 0.006006268109196424, 0.05298874387668463]], "chi2_level": 0.95, "chi2_df": 3, "chi2_threshold": 7.814727903251179, "N_raw": 115, "N_roi": 115, "N_inlier": 108, "refit": true}
{"timestamp": "15:17:54.558380", "frame": 69, "mu": [-0.5963359940967714, 1.357264986955629, 1.2586106528652505], "Sigma": [[0.004868588683965174, 0.0004757917293658714, -0.010561800945327809], [0.00047579172936587134, 0.0016226022556970027, -0.0007731066692712758], [-0.010561800945327809, -0.0007731066692712761, 0.05496176532069286]], "chi2_level": 0.95, "chi2_df": 3, "chi2_threshold": 7.814727903251179, "N_raw": 74, "N_roi": 74, "N_inlier": 72, "refit": true}
{"timestamp": "15:17:54.617820", "frame": 70, "mu": [-0.5673194921313762, 1.3985591192307365, 1.123693837552092], "Sigma": [[0.00668551005735316, -0.0013567326622724856, -0.0058317988348156515], [-0.0013567326622724856, 0.0031893862810734013, -0.00027369460145151674], [-0.0058317988348156515, -0.00027369460145151663, 0.04474608849587699]], "chi2_level": 0.95, "chi2_df": 3, "chi2_threshold": 7.814727903251179, "N_raw": 115, "N_roi": 115, "N_inlier": 112, "refit": true}
{"timestamp": "15:17:54.674633", "frame": 71, "mu": [-0.6121947645306905, 1.45138058945885, 1.1099476169559392], "Sigma": [[0.008819554015432876, -0.0008525452576417431, -0.014983915807152307], [-0.0008525452576417431, 0.0019231732628097094, 0.0037852591919208993], [-0.014983915807152307, 0.0037852591919208993, 0.1057172316428853]], "chi2_level": 0.95, "chi2_df": 3, "chi2_threshold": 7.814727903251179, "N_raw": 123, "N_roi": 123, "N_inlier": 113, "refit": true}
{"timestamp": "15:17:54.728691", "frame": 72, "mu": [-0.6028386463994916, 1.5207479361078278, 0.9896097552289016], "Sigma": [[0.007505411520211784, -0.002241267431625076, 0.012814425350203012], [-0.002241267431625076, 0.006339148390876056, -0.00442017088855073], [0.012814425350203013, -0.0044201708885507306, 0.32708183287307907]], "chi2_level": 0.95, "chi2_df": 3, "chi2_threshold": 7.814727903251179, "N_raw": 115, "N_roi": 115, "N_inlier": 115, "refit": true}
{"timestamp": "15:17:54.774924", "frame": 73, "mu": [-0.5621224343145224, 1.5502814951676462, 1.320024975245535], "Sigma": [[0.005840829401545945, 0.0006188659693378111, -0.0037260768303708255], [0.0006188659693378111, 0.002544921605120079, -0.003460356865748698], [-0.0037260768303708255, -0.003460356865748698, 0.00783264712869209]], "chi2_level": 0.95, "chi2_df": 3, "chi2_threshold": 7.814727903251179, "N_raw": 56, "N_roi": 56, "N_inlier": 53, "refit": true}
{"timestamp": "15:17:54.832760", "frame": 74, "mu": [-0.6423895496569363, 1.6123847897158616, 1.2520669798118549], "Sigma": [[0.0056691109862256955, 0.0011112704464734321, -0.009946840636929456], [0.0011112704464734324, 0.0016657824684004412, -0.0028813522108582902], [-0.009946840636929457, -0.0028813522108582902, 0.14079111914002948]], "chi2_level": 0.95, "chi2_df": 3, "chi2_threshold": 7.814727903251179, "N_raw": 76, "N_roi": 76, "N_inlier": 68, "refit": true}
{"timestamp": "15:17:54.893013", "frame": 75, "mu": [-0.6693782398259893, 1.6397480220547327, -0.13521539625003134], "Sigma": [[0.008991920342032443, 0.0013420742075167464, 0.05634842506391223], [0.001342074207516746, 0.003594603470691815, 0.013314040399871017], [0.05634842506391223, 0.013314040399871017, 0.6999008437757467]], "chi2_level": 0.95, "chi2_df": 3, "chi2_threshold": 7.814727903251179, "N_raw": 112, "N_roi": 112, "N_inlier": 111, "refit": true}
{"timestamp": "15:17:54.948590", "frame": 76, "mu": [-0.698467668204799, 1.761513822299789, -0.7862395512690306], "Sigma": [[0.008562835279628632, 0.0022803446320954204, 0.012592240837931399], [0.0022803446320954213, 0.035810253167464695, -0.03031259693765447], [0.012592240837931399, -0.03031259693765447, 0.0978266231661786]], "chi2_level": 0.95, "chi2_df": 3, "chi2_threshold": 7.814727903251179, "N_raw": 114, "N_roi": 114, "N_inlier": 112, "refit": true}
{"timestamp": "15:17:54.999505", "frame": 77, "mu": [-0.5984495263938675, 1.7317718120825227, 1.240635839649163], "Sigma": [[0.006394359700996146, -0.00017298628266417847, -0.003860302336685374], [-0.00017298628266417833, 0.003202683417858253, -9.737735624529157e-05], [-0.0038603023366853735, -9.737735624529157e-05, 0.05008335329863599]], "chi2_level": 0.95, "chi2_df": 3, "chi2_threshold": 7.814727903251179, "N_raw": 88, "N_roi": 88, "N_inlier": 83, "refit": true}
{"timestamp": "15:17:55.055018", "frame": 78, "mu": [-0.5990091330213916, 1.795539766382651, 1.269408898574195], "Sigma": [[0.008364905216298407, 0.0004202207113428013, -0.002982218316667723], [0.0004202207113428013, 0.003922299174642385, -0.004017245675370184], [-0.002982218316667723, -0.004017245675370184, 0.027820642620879972]], "chi2_level": 0.95, "chi2_df": 3, "chi2_threshold": 7.814727903251179, "N_raw": 92, "N_roi": 92, "N_inlier": 88, "refit": true}
{"timestamp": "15:17:55.110887", "frame": 79, "mu": [-0.6441333342070829, 1.8363577784159086, 1.2741651294509033], "Sigma": [[0.007395324706307601, 0.0002969284984206479, -0.008135653068861966], [0.00029692849842064787, 0.005574136708544313, -0.006894030341155587], [-0.008135653068861964, -0.006894030341155587, 0.03429012119041216]], "chi2_level": 0.95, "chi2_df": 3, "chi2_threshold": 7.814727903251179, "N_raw": 94, "N_roi": 94, "N_inlier": 90, "refit": true}
{"timestamp": "15:17:55.163834", "frame": 80, "mu": [-0.6910841040014983, 1.850275254124642, 1.2662117010482425], "Sigma": [[0.010631345378036903, -0.000583412090618238, -0.011439039501482414], [-0.0005834120906182378, 0.003495846978710099, -0.003374768636279815], [-0.011439039501482416, -0.003374768636279815, 0.04295879462484935]], "chi2_level": 0.95, "chi2_df": 3, "chi2_threshold": 7.814727903251179, "N_raw": 86, "N_roi": 86, "N_inlier": 84, "refit": true}
{"timestamp": "15:17:55.219283", "frame": 81, "mu": [-0.7312961992482357, 1.91253197379661, 1.249246669254059], "Sigma": [[0.012118296441708297, 0.0021211376116065136, -0.009961373172075122], [0.002121137611606513, 0.0028453919108522305, -0.007335156293777158], [-0.009961373172075122, -0.007335156293777158, 0.029184852218949155]], "chi2_level": 0.95, "chi2_df": 3, "chi2_threshold": 7.814727903251179, "N_raw": 87, "N_roi": 85, "N_inlier": 82, "refit": true}
{"timestamp": "15:17:55.272491", "frame": 82, "mu": [-0.6589893975417666, 1.926484377310489, 0.8873990492070004], "Sigma": [[0.009599516559786447, -0.0028478898566417473, -0.03380625839467123], [-0.002847889856641747, 0.0027838951886738177, 0.014975930826142934], [-0.03380625839467123, 0.014975930826142934, 0.1995539597702706]], "chi2_level": 0.95, "chi2_df": 3, "chi2_threshold": 7.814727903251179, "N_raw": 69, "N_roi": 67, "N_inlier": 64, "refit": true}
{"timestamp": "15:17:55.334958", "frame": 83, "mu": [-0.6995915307573375, 2.0109827149809547, -0.19025484618116523], "Sigma": [[0.010483941750222861, 0.0004279881348959614, 0.06079389587752987], [0.0004279881348959613, 0.005818155078859299, 0.005001142010707289], [0.06079389587752987, 0.005001142010707288, 0.6634557553027797]], "chi2_level": 0.95, "chi2_df": 3, "chi2_threshold": 7.814727903251179, "N_raw": 133, "N_roi": 133, "N_inlier": 123, "refit": true}
{"timestamp": "15:17:55.385861", "frame": 84, "mu": [-0.6917168757697425, 2.070587076830439, 1.2053765330576465], "Sigma": [[0.0070559102530190106, -0.002253029369389891, -0.016754443522438045], [-0.002253029369389891, 0.008019764947768309, 0.022744793887042574], [-0.01675444352243804, 0.022744793887042574, 0.1992761478101823]], "chi2_level": 0.95, "chi2_df": 3, "chi2_threshold": 7.814727903251179, "N_raw": 93, "N_roi": 93, "N_inlier": 89, "refit": true}
{"timestamp": "15:17:55.437205", "frame": 85, "mu": [-0.7017807505117962, 2.146127463420887, 1.2374372904550701], "Sigma": [[0.013433568804584349, -0.0031396591726684884, 0.0027205960052406096], [-0.003139659172668489, 0.0025574759362117496, -0.0037632084936164902], [0.0027205960052406105, -0.0037632084936164902, 0.03321016456729252]], "chi2_level": 0.95, "chi2_df": 3, "chi2_threshold": 7.814727903251179, "N_raw": 71, "N_roi": 71, "N_inlier": 67, "refit": true}
{"timestamp": "15:17:55.491898", "frame": 86, "mu": [-0.7484412962337369, 2.1810468197103052, 1.419985926826915], "Sigma": [[0.008014000336256115, 0.0008018088040679674, -0.005929075221027242], [0.0008018088040679676, 0.0038368088336142585, -0.005540176503277153], [-0.005929075221027242, -0.005540176503277154, 0.038255280420364426]], "chi2_level": 0.95, "chi2_df": 3, "chi2_threshold": 7.814727903251179, "N_raw": 72, "N_roi": 72, "N_inlier": 68, "refit": true}
{"timestamp": "15:17:55.550805", "frame": 87, "mu": [-0.7272729495493053, 2.2025418894265725, 0.8261981606940169], "Sigma": [[0.009748193364091736, 0.00021134883653490402, 0.01514687287697175], [0.0002113488365349038, 0.006060629580820553, 0.0024702809249484443], [0.01514687287697175, 0.0024702809249484443, 0.23355560569449657]], "chi2_level": 0.95, "chi2_df": 3, "chi2_threshold": 7.814727903251179, "N_raw": 100, "N_roi": 100, "N_inlier": 99, "refit": true}
{"timestamp": "15:17:55.604384", "frame": 88, "mu": [-0.7123419170490842, 2.3067295807153707, 0.8471220816646033], "Sigma": [[0.009448404418495067, -0.0012204133256337821, 0.011367502345312995], [-0.0012204133256337821, 0.0021136576703081828, -0.01487549962353333], [0.011367502345312998, -0.014875499623533328, 0.17495646885503097]], "chi2_level": 0.95, "chi2_df": 3, "chi2_threshold": 7.814727903251179, "N_raw": 88, "N_roi": 88, "N_inlier": 85, "refit": true}
{"timestamp": "15:17:55.653797", "frame": 89, "mu": [-0.6943829548556065, 2.445901692337813, -0.2568054079788501], "Sigma": [[0.00900554680174616, -0.0010973262590908322, 0.00406858922759905], [-0.0010973262590908322, 0.00495200216435166, -0.010799030603336252], [0.00406858922759905, -0.010799030603336252, 0.030391231201421155]], "chi2_level": 0.95, "chi2_df": 3, "chi2_threshold": 7.814727903251179, "N_raw": 50, "N_roi": 50, "N_inlier": 46, "refit": true}
{"timestamp": "15:17:55.713715", "frame": 90, "mu": [-0.7633956514696919, 2.5153409475530957, -0.2744479711224577], "Sigma": [[0.009452780730204237, -0.0015937959569938453, 0.006005119348981301], [-0.0015937959569938456, 0.02818881511452206, -0.08264073699988313], [0.0060051193489813, -0.08264073699988313, 0.26802594350557846]], "chi2_level": 0.95, "chi2_df": 3, "chi2_threshold": 7.814727903251179, "N_raw": 89, "N_roi": 89, "N_inlier": 87, "refit": true}
{"timestamp": "15:17:55.770882", "frame": 91, "mu": [-0.7482204336396997, 2.3791643438763934, 1.2267592322862548], "Sigma": [[0.010654226357422943, 0.0012286951184305183, -0.003926668603007032], [0.0012286951184305183, 0.00421501053144916, -0.005998160089172473], [-0.003926668603007031, -0.005998160089172473, 0.03663082990999663]], "chi2_level": 0.95, "chi2_df": 3, "chi2_threshold": 7.814727903251179, "N_raw": 87, "N_roi": 87, "N_inlier": 83, "refit": true}
{"timestamp": "15:17:55.826599", "frame": 92, "mu": [-0.7824344897634871, 2.4240945050818032, 1.230462443710336], "Sigma": [[0.01266029358873353, 0.0015920255965584098, -0.014137650918528265], [0.0015920255965584103, 0.0059115569082601, -0.0019834723306620104], [-0.014137650918528267, -0.0019834723306620104, 0.06742517627605635]], "chi2_level": 0.95, "chi2_df": 3, "chi2_threshold": 7.814727903251179, "N_raw": 100, "N_roi": 100, "N_inlier": 89, "refit": true}
{"timestamp": "15:17:55.880123", "frame": 93, "mu": [-0.7670263747113626, 2.5037370593433774, 1.051105417091948], "Sigma": [[0.009901792008759331, 0.0017015153295190583, 0.0020020112116077185], [0.0017015153295190583, 0.006333408815989672, 0.015427755828048789], [0.002002011211607719, 0.015427755828048789, 0.1096335319243753]], "chi2_level": 0.95, "chi2_df": 3, "chi2_threshold": 7.814727903251179, "N_raw": 82, "N_roi": 82, "N_inlier": 75, "refit": true}
{"timestamp": "15:17:55.937338", "frame": 94, "mu": [-0.7824722533815711, 2.5160832799151556, 1.1041835755453855], "Sigma": [[0.011170104120359266, 0.0002870359902886656, -0.012408108298542674], [0.0002870359902886656, 0.01135412945299588, 0.015249790542759779], [-0.012408108298542673, 0.015249790542759779, 0.13555675162389488]], "chi2_level": 0.95, "chi2_df": 3, "chi2_threshold": 7.814727903251179, "N_raw": 110, "N_roi": 110, "N_inlier": 99, "refit": true}
{"timestamp": "15:17:55.986748", "frame": 95, "mu": [-0.7446734243829716, 2.6673752177600454, 0.06899265959032977], "Sigma": [[0.010180266427740437, 0.0035724211167537916, -0.0044329635606787645], [0.0035724211167537916, 0.00889631387881721, -0.00828998589403845], [-0.0044329635606787645, -0.00828998589403845, 0.011597844910734212]], "chi2_level": 0.95, "chi2_df": 3, "chi2_threshold": 7.814727903251179, "N_raw": 71, "N_roi": 71, "N_inlier": 64, "refit": true}
{"timestamp": "15:17:56.039234", "frame": 96, "mu": [-0.7975879226354244, 2.639322756416365, 1.2562750450375946], "Sigma": [[0.008381460624379508, -0.000542263906463142, -0.002151813122680182], [-0.000542263906463142, 0.0028540540240997647, -0.004529043051446484], [-0.002151813122680182, -0.004529043051446484, 0.014742150775385387]], "chi2_level": 0.95, "chi2_df": 3, "chi2_threshold": 7.814727903251179, "N_raw": 54, "N_roi": 54, "N_inlier": 50, "refit": true}
{"timestamp": "15:17:56.095905", "frame": 97, "mu": [-0.7932414620499827, 2.6666920881726037, 1.1555394296552293], "Sigma": [[0.011670507823638262, 0.00017509976756294827, -0.018758361279740347], [0.00017509976756294835, 0.004984679773805278, 0.009295274229862273], [-0.018758361279740347, 0.009295274229862274, 0.25887679343593367]], "chi2_level": 0.95, "chi2_df": 3, "chi2_threshold": 7.814727903251179, "N_raw": 66, "N_roi": 66, "N_inlier": 64, "refit": true}
{"timestamp": "15:17:56.146354", "frame": 98, "mu": [-0.7958159906269426, 2.696706069891, 1.2136728432135606], "Sigma": [[0.0064815344184319225, 0.000508160072088845, -0.007585747234973233], [0.000508160072088845, 0.002081908505071565, -0.0025439498267353393], [-0.007585747234973232, -0.0025439498267353393, 0.049956814216181276]], "chi2_level": 0.95, "chi2_df": 3, "chi2_threshold": 7.814727903251179, "N_raw": 37, "N_roi": 37, "N_inlier": 33, "refit": true}
{"timestamp": "15:17:56.209433", "frame": 99, "mu": [-0.84650533314147, 2.778495496032673, 0.9770351112336869], "Sigma": [[0.017598820013330504, -0.0014755019720278323, 0.01949510311797084], [-0.001475501972027832, 0.005236096864475576, -0.023194502709272445], [0.019495103117970845, -0.023194502709272445, 0.20038146811812327]], "chi2_level": 0.95, "chi2_df": 3, "chi2_threshold": 7.814727903251179, "N_raw": 93, "N_roi": 93, "N_inlier": 91, "refit": true}
{"timestamp": "15:17:56.362168", "frame": 100, "mu": [-0.8204529372941067, 2.8632872572713257, 0.09539167465755985], "Sigma": [[0.012007366686620054, 0.0017063663023968686, -0.0015367905442844273], [0.0017063663023968686, 0.009574493270315124, -0.009991342739907701], [-0.0015367905442844282, -0.009991342739907701, 0.05377577065596816]], "chi2_level": 0.95, "chi2_df": 3, "chi2_threshold": 7.814727903251179, "N_raw": 76, "N_roi": 76, "N_inlier": 69, "refit": true}
{"timestamp": "15:17:56.380289", "frame": 101, "mu": [-0.7973836584042947, 2.8548455161310966, 0.9947946517493328], "Sigma": [[0.013487273799254266, -0.0004469242071579306, -0.007797858073990969], [-0.0004469242071579308, 0.00636553655676684, -0.029152250528802374], [-0.007797858073990969, -0.029152250528802374, 0.34485445828223765]], "chi2_level": 0.95, "chi2_df": 3, "chi2_threshold": 7.814727903251179, "N_raw": 93, "N_roi": 93, "N_inlier": 93, "refit": true}
{"timestamp": "15:17:56.411283", "frame": 102, "mu": [-0.7793883948962271, 2.8605913828129768, 1.3426309788714266], "Sigma": [[0.009296070857597361, 0.0009405709368011789, -0.003354654528156052], [0.0009405709368011789, 0.003464197764102045, -0.00044445969504963516], [-0.003354654528156052, -0.00044445969504963527, 0.010301289612509068]], "chi2_level": 0.95, "chi2_df": 3, "chi2_threshold": 7.814727903251179, "N_raw": 42, "N_roi": 42, "N_inlier": 38, "refit": true}
{"timestamp": "15:17:56.449470", "frame": 103, "mu": [-0.7678270082359149, 2.9287875676641195, 1.2735406019304925], "Sigma": [[0.014029810424369241, 0.0005440564732591707, -0.02625522912398772], [0.0005440564732591707, 0.006343320056194461, -0.0004990415214731075], [-0.02625522912398772, -0.0004990415214731069, 0.10998588644368609]], "chi2_level": 0.95, "chi2_df": 3, "chi2_threshold": 7.814727903251179, "N_raw": 85, "N_roi": 85, "N_inlier": 79, "refit": true}
{"timestamp": "15:17:56.480702", "frame": 104, "mu": [-0.821051149251254, 2.961447455600826, 1.3129843542687534], "Sigma": [[0.013906151002495036, 4.914837206989719e-05, -0.02592414079866029], [4.914837206989719e-05, 0.004694933692680632, 0.003451633239351117], [-0.02592414079866029, 0.003451633239351116, 0.11822738721530825]], "chi2_level": 0.95, "chi2_df": 3, "chi2_threshold": 7.814727903251179, "N_raw": 61, "N_roi": 61, "N_inlier": 58, "refit": true}
{"timestamp": "15:17:56.538170", "frame": 105, "mu": [-0.873228776686658, 3.096407695444521, 0.11815917007603527], "Sigma": [[0.014005179467190208, 0.0021902522995917613, -0.0030854931624840548], [0.0021902522995917613, 0.009994537365302097, -0.0114426501796384], [-0.0030854931624840548, -0.0114426501796384, 0.03899551524686021]], "chi2_level": 0.95, "chi2_df": 3, "chi2_threshold": 7.814727903251179, "N_raw": 81, "N_roi": 81, "N_inlier": 78, "refit": true}
{"timestamp": "15:17:56.597238", "frame": 106, "mu": [-0.839256944192392, 3.151569487903913, 0.0791809948550828], "Sigma": [[0.016490998638385962, 0.00595884561873854, -0.016337341091163377], [0.00595884561873854, 0.01589672256100305, -0.020681523465122163], [-0.016337341091163377, -0.020681523465122163, 0.06394861953102406]], "chi2_level": 0.95, "chi2_df": 3, "chi2_threshold": 7.814727903251179, "N_raw": 103, "N_roi": 103, "N_inlier": 98, "refit": true}
{"timestamp": "15:17:56.651121", "frame": 107, "mu": [-0.8863665312701314, 3.1159650284621843, 1.0097651114728647], "Sigma": [[0.015081806234417369, -2.4223581214597692e-05, 0.005930630565710889], [-2.4223581214598668e-05, 0.006158015352193114, -0.018385523206062123], [0.005930630565710889, -0.018385523206062123, 0.3269474766247495]], "chi2_level": 0.95, "chi2_df": 3, "chi2_threshold": 7.814727903251179, "N_raw": 96, "N_roi": 96, "N_inlier": 96, "refit": true}
{"timestamp": "15:17:56.699354", "frame": 108, "mu": [-0.9057511820683047, 3.1509531228088448, 1.2273821647912375], "Sigma": [[0.014585209632589339, 0.0024427218608200863, -0.0013096707845182925], [0.0024427218608200863, 0.0040041656481727686, -0.0038350643374081557], [-0.0013096707845182928, -0.0038350643374081557, 0.012816363466712959]], "chi2_level": 0.95, "chi2_df": 3, "chi2_threshold": 7.814727903251179, "N_raw": 54, "N_roi": 54, "N_inlier": 50, "refit": true}
{"timestamp": "15:17:56.759333", "frame": 109, "mu": [-0.8627489217062899, 3.19312417758474, 0.7596631584690366], "Sigma": [[0.015245802433381531, 0.0018297457058635354, 7.145840205766661e-05], [0.0018297457058635354, 0.005316422399859399, -0.01238278447267094], [7.145840205766661e-05, -0.012382784472670938, 0.4899458745165688]], "chi2_level": 0.95, "chi2_df": 3, "chi2_threshold": 7.814727903251179, "N_raw": 91, "N_roi": 89, "N_inlier": 89, "refit": true}
{"timestamp": "15:17:56.810204", "frame": 110, "mu": [-0.8514420448532904, 3.232423462306635, 1.2297176551880011], "Sigma": [[0.01732900297025844, 0.0006713401675536524, -0.011597499448174151], [0.0006713401675536525, 0.0031721834696221913, -0.0060713846629082], [-0.011597499448174151, -0.0060713846629082, 0.020124553232640587]], "chi2_level": 0.95, "chi2_df": 3, "chi2_threshold": 7.814727903251179, "N_raw": 64, "N_roi": 64, "N_inlier": 60, "refit": true}
{"timestamp": "15:17:56.859263", "frame": 111, "mu": [-0.867109910488058, 3.264978232779964, 1.3072692159205774], "Sigma": [[0.012199025326482102, 0.0012395508952133733, -0.004855436609232814], [0.0012395508952133736, 0.001705463991320665, -0.0023141392205821517], [-0.004855436609232813, -0.0023141392205821517, 0.018500539073871905]], "chi2_level": 0.95, "chi2_df": 3, "chi2_threshold": 7.814727903251179, "N_raw": 30, "N_roi": 30, "N_inlier": 27, "refit": true}
{"timestamp": "15:17:56.922021", "frame": 112, "mu": [-0.9094561872508711, 3.3607886113718757, 1.1307916942745946], "Sigma": [[0.014035663151142906, 0.0011083396348699418, -0.0069862612715647435], [0.0011083396348699418, 0.009763039201956434, -0.03227102559212064], [-0.0069862612715647435, -0.03227102559212064, 0.14681275511251282]], "chi2_level": 0.95, "chi2_df": 3, "chi2_threshold": 7.814727903251179, "N_raw": 75, "N_roi": 75, "N_inlier": 73, "refit": true}
{"timestamp": "15:17:56.968796", "frame": 113, "mu": [-0.8435760617062174, 3.5209713717574305, 0.4479405522982023], "Sigma": [[0.0020704564790244373, 0.0009638436782282236, -0.006387085510687531], [0.0009638436782282236, 0.011343041741597762, -0.04732194594026913], [-0.006387085510687531, -0.04732194594026913, 0.21908331330648229]], "chi2_level": 0.95, "chi2_df": 3, "chi2_threshold": 7.814727903251179, "N_raw": 17, "N_roi": 17, "N_inlier": 14, "refit": true}
{"timestamp": "15:17:57.028817", "frame": 114, "mu": [-0.8502824557377375, 3.3893886201747727, 1.1447733519051513], "Sigma": [[0.017728302111990925, 8.55379588675701e-05, -0.002893695219253248], [8.553795886757004e-05, 0.00211478594125414, -0.006379965496593968], [-0.002893695219253248, -0.006379965496593968, 0.025618473837861058]], "chi2_level": 0.95, "chi2_df": 3, "chi2_threshold": 7.814727903251179, "N_raw": 64, "N_roi": 64, "N_inlier": 60, "refit": true}
{"timestamp": "15:17:57.081775", "frame": 115, "mu": [-0.8884214622416873, 3.4411284984092663, 1.1082886762717838], "Sigma": [[0.0127567831393366, 0.0022833386835867525, -0.004965386474643783], [0.0022833386835867525, 0.0019114155235582825, -0.004111220348050485], [-0.004965386474643783, -0.004111220348050485, 0.010962714097377525]], "chi2_level": 0.95, "chi2_df": 3, "chi2_threshold": 7.814727903251179, "N_raw": 39, "N_roi": 39, "N_inlier": 36, "refit": true}
{"timestamp": "15:17:57.140829", "frame": 116, "mu": [-0.8982611315505554, 3.470331053418828, 1.22392094686283], "Sigma": [[0.018435635414555132, 0.0029852896490023895, -0.009398486683925296], [0.0029852896490023895, 0.004691474369757104, -0.008171166270617248], [-0.009398486683925296, -0.00817116627061725, 0.021391354974248347]], "chi2_level": 0.95, "chi2_df": 3, "chi2_threshold": 7.814727903251179, "N_raw": 71, "N_roi": 71, "N_inlier": 66, "refit": true}
{"timestamp": "15:17:57.197434", "frame": 117, "mu": [-0.9285362802860212, 3.52661362547993, 1.2881170870821466], "Sigma": [[0.020866780020422408, 0.00363639767626124, -0.017336846419725715], [0.00363639767626124, 0.005981493836179533, -0.008936719694285871], [-0.017336846419725715, -0.008936719694285871, 0.025782826477169875]], "chi2_level": 0.95, "chi2_df": 3, "chi2_threshold": 7.814727903251179, "N_raw": 74, "N_roi": 74, "N_inlier": 70, "refit": true}
{"timestamp": "15:17:57.252200", "frame": 118, "mu": [-0.9299119749116754, 3.6721033417196427, 0.06026441591926209], "Sigma": [[0.016783575909674574, 0.0046894461900986485, -0.019744559002366647], [0.0046894461900986485, 0.010642409802464453, -0.03422361262445352], [-0.019744559002366647, -0.03422361262445352, 0.19065993808832696]], "chi2_level": 0.95, "chi2_df": 3, "chi2_threshold": 7.814727903251179, "N_raw": 76, "N_roi": 76, "N_inlier": 74, "refit": true}
{"timestamp": "15:17:57.305554", "frame": 119, "mu": [-0.9493107866969849, 3.6159629963199835, 1.2632141091442273], "Sigma": [[0.018542608602596496, 0.002570367456170612, -0.011161058072246603], [0.002570367456170613, 0.005450893306620518, -0.004960342467632193], [-0.0111610580722466, -0.004960342467632193, 0.011124578151066121]], "chi2_level": 0.95, "chi2_df": 3, "chi2_threshold": 7.814727903251179, "N_raw": 60, "N_roi": 60, "N_inlier": 57, "refit": true}
{"timestamp": "15:17:57.358405", "frame": 120, "mu": [-0.937726847011263, 3.633037996083709, 1.3566044102253572], "Sigma": [[0.017451360465285913, 0.00365100363821342, -0.013532582344236505], [0.00365100363821342, 0.005907609219074305, -0.004531498942982503], [-0.013532582344236505, -0.004531498942982504, 0.028671833216939134]], "chi2_level": 0.95, "chi2_df": 3, "chi2_threshold": 7.814727903251179, "N_raw": 47, "N_roi": 47, "N_inlier": 44, "refit": true}
{"timestamp": "15:17:57.416223", "frame": 121, "mu": [-0.8803871763596904, 3.7242142502672038, 1.218168131746127], "Sigma": [[0.020675493765162326, 0.0008546222827823156, -0.016485678842720994], [0.0008546222827823156, 0.004177968097855887, -0.008049172033218246], [-0.016485678842720994, -0.008049172033218246, 0.031994732515875236]], "chi2_level": 0.95, "chi2_df": 3, "chi2_threshold": 7.814727903251179, "N_raw": 69, "N_roi": 69, "N_inlier": 66, "refit": true}
{"timestamp": "15:17:57.469924", "frame": 122, "mu": [-0.838892818475012, 3.758010752467129, 1.1534110220311384], "Sigma": [[0.01969849431237184, 0.0012402757674811918, -0.01620470768325397], [0.001240275767481192, 0.0031718995674677813, -0.005929699268175949], [-0.01620470768325397, -0.00592969926817595, 0.02401086490168106]], "chi2_level": 0.95, "chi2_df": 3, "chi2_threshold": 7.814727903251179, "N_raw": 55, "N_roi": 55, "N_inlier": 52, "refit": true}
{"timestamp": "15:17:57.522366", "frame": 123, "mu": [-0.8684423374067505, 3.792089687634897, 1.1444257980914176], "Sigma": [[0.018356466005641666, 0.001513321163090216, -0.009856518838336206], [0.001513321163090216, 0.0028721659772276147, -0.0022532821256860524], [-0.009856518838336206, -0.0022532821256860524, 0.008035503572592704]], "chi2_level": 0.95, "chi2_df": 3, "chi2_threshold": 7.814727903251179, "N_raw": 40, "N_roi": 40, "N_inlier": 39, "refit": true}
