{"timestamp": "15:19:01.775693", "frame": 49, "mu": [1.662629543289792, 1.6461937024360562, 1.3293989440547789], "Sigma": [[0.003455231105124059, -0.0020256151142876394, -0.006427216102669209], [-0.0020256151142876394, 0.0038487593403205133, -0.0008138523748277664], [-0.006427216102669209, -0.0008138523748277664, 0.05780094658823831]], "chi2_level": 0.95, "chi2_df": 3, "chi2_threshold": 7.814727903251179, "N_raw": 13, "N_roi": 10, "N_inlier": 9, "refit": true}
{"timestamp": "15:19:01.829111", "frame": 50, "mu": [1.5954026013889875, 1.6996028617314238, 1.420280425752922], "Sigma": [[0.0016092785184570336, -0.0005517193993885165, 0.00011390836931666199], [-0.0005517193993885166, 0.0013896812605936235, -0.00040883323500363867], [0.00011390836931666202, -0.00040883323500363867, 0.00012305731277042605]], "chi2_level": 0.95, "chi2_df": 3, "chi2_threshold": 7.814727903251179, "N_raw": 10, "N_roi": 9, "N_inlier": 8, "refit": true}
{"timestamp": "15:19:02.160158", "frame": 56, "mu": [1.6102629259005488, 1.9693243897970254, 0.9193541455491895], "Sigma": [[0.01229623215375585, -0.0009678979449632823, -0.020673926445008744], [-0.0009678979449632825, 0.003775589035957613, 0.004663900371713272], [-0.020673926445008744, 0.004663900371713271, 0.03935092758579163]], "chi2_level": 0.95, "chi2_df": 3, "chi2_threshold": 7.814727903251179, "N_raw": 7, "N_roi": 7, "N_inlier": 7, "refit": true}
{"timestamp": "15:19:02.215159", "frame": 57, "mu": [1.4887098043744305, 2.1392786337872964, 1.326074099557078], "Sigma": [[0.003556611674105303, 0.00042977514831311415, -0.00626969203163907], [0.00042977514831311415, 0.0008871934684924476, -0.001456754996894905], [-0.00626969203163907, -0.001456754996894905, 0.01774558491670484]], "chi2_level": 0.95, "chi2_df": 3, "chi2_threshold": 7.814727903251179, "N_raw": 8, "N_roi": 8, "N_inlier": 8, "refit": true}
{"timestamp": "15:19:02.269967", "frame": 58, "mu": [1.7103465293949478, 2.0531830624648, 0.9151249078346658], "Sigma": [[0.019840583224599483, -0.012587102706450973, -0.06836110017012413], [-0.012587102706450973, 0.011152653314781092, 0.0476156754076756], [-0.06836110017012413, 0.0476156754076756, 0.2572888040659532]], "chi2_level": 0.95, "chi2_df": 3, "chi2_threshold": 7.814727903251179, "N_raw": 8, "N_roi": 8, "N_inlier": 8, "refit": true}
{"timestamp": "15:19:02.435035", "frame": 61, "mu": [1.550239011458042, 2.2953499644203363, 1.0668791564326974], "Sigma": [[0.015212187676361668, -0.0004120451662588551, -0.04508487249463351], [-0.0004120451662588552, 0.000595641225167997, 0.0019333517294050477], [-0.04508487249463351, 0.0019333517294050477, 0.1385556926044771]], "chi2_level": 0.95, "chi2_df": 3, "chi2_threshold": 7.814727903251179, "N_raw": 7, "N_roi": 7, "N_inlier": 7, "refit": true}
{"timestamp": "15:19:02.655147", "frame": 65, "mu": [1.5485118666696556, 2.4164734622125525, 0.9078556436013023], "Sigma": [[0.007143027553378238, -0.008280585749091861, -0.035651027846196094], [-0.008280585749091861, 0.014299794726544053, 0.04877454870698162], [-0.035651027846196094, 0.04877454870698162, 0.19126264353185782]], "chi2_level": 0.95, "chi2_df": 3, "chi2_threshold": 7.814727903251179, "N_raw": 7, "N_roi": 7, "N_inlier": 7, "refit": true}
{"timestamp": "15:19:02.710550", "frame": 66, "mu": [1.547478154847409, 2.4707136535447, 0.8010006934422499], "Sigma": [[0.006906471949920167, -0.005485943021673249, -0.028237445395816352], [-0.005485943021673249, 0.0073358966313564, 0.02778915533365892], [-0.028237445395816352, 0.027789155333658923, 0.12869006273168684]], "chi2_level": 0.95, "chi2_df": 3, "chi2_threshold": 7.814727903251179, "N_raw": 7, "N_roi": 7, "N_inlier": 7, "refit": true}
{"timestamp": "15:19:02.821724", "frame": 68, "mu": [1.5486249004742267, 2.6370594870244055, 0.7750617026968901], "Sigma": [[0.005273834657353644, -0.0038899792708271376, -0.005045822224896569], [-0.0038899792708271376, 0.004969567653394615, 0.015594076922673375], [-0.005045822224896569, 0.015594076922673375, 0.08001745912211969]], "chi2_level": 0.95, "chi2_df": 3, "chi2_threshold": 7.814727903251179, "N_raw": 19, "N_roi": 18, "N_inlier": 17, "refit": true}
{"timestamp": "15:19:02.930755", "frame": 70, "mu": [1.492732421710691, 2.8305469801976915, 1.4622456488826443], "Sigma": [[0.0026929186116368487, -0.000686060984245531, -0.0009414453182975206], [-0.000686060984245531, 0.002282669991350403, -0.0008720145121888723], [-0.0009414453182975206, -0.0008720145121888724, 0.001636088520107635]], "chi2_level": 0.95, "chi2_df": 3, "chi2_threshold": 7.814727903251179, "N_raw": 13, "N_roi": 13, "N_inlier": 12, "refit": true}
{"timestamp": "15:19:02.987699", "frame": 71, "mu": [1.494033549318752, 2.8694502886880087, 1.448849032894666], "Sigma": [[0.007434449069329437, -0.0035068338114488014, -0.0013663390518092358], [-0.0035068338114488014, 0.005151347364813204, -0.00016494815319244586], [-0.0013663390518092358, -0.00016494815319244576, 0.0014218211743776195]], "chi2_level": 0.95, "chi2_df": 3, "chi2_threshold": 7.814727903251179, "N_raw": 30, "N_roi": 30, "N_inlier": 29, "refit": true}
{"timestamp": "15:19:03.041968", "frame": 72, "mu": [1.5438548181427505, 3.108959431604978, -0.3355742068944439], "Sigma": [[0.0036870980107147917, 0.005913222468809008, -0.0194574639345658], [0.005913222468809008, 0.022786278921386096, -0.038557775794849744], [-0.0194574639345658, -0.038557775794849744, 0.11292593385045542]], "chi2_level": 0.95, "chi2_df": 3, "chi2_threshold": 7.814727903251179, "N_raw": 7, "N_roi": 7, "N_inlier": 7, "refit": true}
{"timestamp": "15:19:03.209540", "frame": 75, "mu": [1.493876229086132, 3.0391559701588813, 1.103252296891228], "Sigma": [[0.006727330799765059, -0.0027401692066667304, -0.0035119937570558995], [-0.0027401692066667304, 0.0022930309785709254, 0.000306479528200473], [-0.0035119937570558995, 0.00030647952820047296, 0.00690669107004208]], "chi2_level": 0.95, "chi2_df": 3, "chi2_threshold": 7.814727903251179, "N_raw": 19, "N_roi": 17, "N_inlier": 16, "refit": true}
{"timestamp": "15:19:03.321762", "frame": 77, "mu": [1.5006603152826787, 3.201741993416955, 1.3346359647203085], "Sigma": [[0.01631902573191444, -0.007170597057153139, -0.009008057423298082], [-0.007170597057153139, 0.006276381838019853, 0.002910363693583101], [-0.00900805742329808, 0.002910363693583101, 0.009132966853647133]], "chi2_level": 0.95, "chi2_df": 3, "chi2_threshold": 7.814727903251179, "N_raw": 41, "N_roi": 38, "N_inlier": 37, "refit": true}
{"timestamp": "15:19:03.373267", "frame": 78, "mu": [1.500142263326831, 3.3376077800849986, 0.1891558529145957], "Sigma": [[0.007633756226835664, 0.001052852278759401, -0.009851119307377634], [0.001052852278759401, 0.0029564483480513755, -0.003549747219422239], [-0.009851119307377634, -0.003549747219422239, 0.020009335825773102]], "chi2_level": 0.95, "chi2_df": 3, "chi2_threshold": 7.814727903251179, "N_raw": 13, "N_roi": 10, "N_inlier": 9, "refit": true}
{"timestamp": "15:19:03.427867", "frame": 79, "mu": [1.5558318520330114, 3.391408561459028, 0.11356064769353709], "Sigma": [[0.007837018649360096, -0.0003756737967457528, -0.005694309594519287], [-0.00037567379674575285, 0.0030798556769310263, -0.0029462382833314793], [-0.005694309594519287, -0.0029462382833314793, 0.008654657672370843]], "chi2_level": 0.95, "chi2_df": 3, "chi2_threshold": 7.814727903251179, "N_raw": 13, "N_roi": 13, "N_inlier": 13, "refit": true}
{"timestamp": "15:19:03.485469", "frame": 80, "mu": [1.5816940774203283, 3.3376236759714044, 1.1654888493273428], "Sigma": [[0.013691613096925329, -0.005918094700076958, -0.0036810297326164776], [-0.005918094700076959, 0.004383709222085651, -0.0009926411724608245], [-0.003681029732616477, -0.0009926411724608245, 0.006612875713412306]], "chi2_level": 0.95, "chi2_df": 3, "chi2_threshold": 7.814727903251179, "N_raw": 32, "N_roi": 32, "N_inlier": 31, "refit": true}
{"timestamp": "15:19:03.539088", "frame": 81, "mu": [1.6139958070812277, 3.3676889515788737, 1.1798791377041782], "Sigma": [[0.011152240910097764, -0.005019854444790787, -0.008040014840721386], [-0.005019854444790788, 0.0030605786778206768, 0.0021408866631546777], [-0.008040014840721386, 0.0021408866631546777, 0.013039272822836071]], "chi2_level": 0.95, "chi2_df": 3, "chi2_threshold": 7.814727903251179, "N_raw": 21, "N_roi": 21, "N_inlier": 19, "refit": true}
{"timestamp": "15:19:03.595205", "frame": 82, "mu": [1.597196891402702, 3.449299842284709, 1.285518168603182], "Sigma": [[0.014714426181317769, -0.007211350499733624, -0.005591669142359881], [-0.007211350499733624, 0.005044641149780129, -0.0002066711186380787], [-0.005591669142359883, -0.0002066711186380787, 0.012213117880502214]], "chi2_level": 0.95, "chi2_df": 3, "chi2_threshold": 7.814727903251179, "N_raw": 31, "N_roi": 31, "N_inlier": 30, "refit": true}
{"timestamp": "15:19:03.651755", "frame": 83, "mu": [1.6024857553057859, 3.4996967354730484, 1.2917976195020366], "Sigma": [[0.016904663186212504, -0.007094785936710276, -0.012696135157020307], [-0.007094785936710277, 0.005285022114777255, 0.0029328916701115157], [-0.012696135157020307, 0.002932891670111516, 0.015072846163037279]], "chi2_level": 0.95, "chi2_df": 3, "chi2_threshold": 7.814727903251179, "N_raw": 34, "N_roi": 33, "N_inlier": 33, "refit": true}
{"timestamp": "15:19:03.703943", "frame": 84, "mu": [1.6077787899180473, 3.5398133315272706, 1.2767319374928774], "Sigma": [[0.006688104734785789, -0.0022824144196288186, -0.008990616646163829], [-0.0022824144196288186, 0.0017444042849928695, 0.0018622781155501426], [-0.008990616646163827, 0.0018622781155501424, 0.04383356480125523]], "chi2_level": 0.95, "chi2_df": 3, "chi2_threshold": 7.814727903251179, "N_raw": 17, "N_roi": 17, "N_inlier": 14, "refit": true}
{"timestamp": "15:19:03.868706", "frame": 87, "mu": [1.5425926188483872, 3.6742751182787394, 1.1878492824522804], "Sigma": [[0.00690809442414684, -0.0031909113063054604, -0.008027392797320223], [-0.003190911306305461, 0.002296660771668847, 0.0044567892458225655], [-0.008027392797320223, 0.004456789245822566, 0.03290359109364229]], "chi2_level": 0.95, "chi2_df": 3, "chi2_threshold": 7.814727903251179, "N_raw": 17, "N_roi": 17, "N_inlier": 15, "refit": true}
{"timestamp": "15:19:03.924266", "frame": 88, "mu": [1.514956977737437, 3.798159060883689, 1.3440647156322985], "Sigma": [[0.01146019961645337, -0.005346039386492738, -0.013666752246814491], [-0.005346039386492738, 0.003012083934914153, 0.005073539649257042], [-0.013666752246814491, 0.0050735396492570415, 0.02794175763629953]], "chi2_level": 0.95, "chi2_df": 3, "chi2_threshold": 7.814727903251179, "N_raw": 21, "N_roi": 21, "N_inlier": 19, "refit": true}
{"timestamp": "15:19:03.977157", "frame": 89, "mu": [1.6032351372126235, 3.741568948874006, 0.7129326937573772], "Sigma": [[0.0034117947089707104, -0.0009699668761382766, -0.0032446071678374436], [-0.0009699668761382766, 0.0006797318810737718, 0.0005386644205077261], [-0.0032446071678374428, 0.000538664420507726, 0.04830374129693521]], "chi2_level": 0.95, "chi2_df": 3, "chi2_threshold": 7.814727903251179, "N_raw": 11, "N_roi": 11, "N_inlier": 10, "refit": true}
{"timestamp": "15:19:04.252690", "frame": 94, "mu": [1.5833676058657076, 4.108457863940888, 1.3068474817895848], "Sigma": [[0.006980042845839025, -0.0022646381714081336, -0.0009194175979578941], [-0.0022646381714081336, 0.001209286911569998, -0.002198840786536417], [-0.0009194175979578941, -0.0021988407865364164, 0.013396855130851]], "chi2_level": 0.95, "chi2_df": 3, "chi2_threshold": 7.814727903251179, "N_raw": 17, "N_roi": 17, "N_inlier": 15, "refit": true}
{"timestamp": "15:19:04.309055", "frame": 95, "mu": [1.493162502924742, 4.147949361638175, 1.3690529562037412], "Sigma": [[0.01590018382948226, -0.005495474064727871, -0.009104417393776373], [-0.005495474064727871, 0.002713554565627995, 0.0020148323466029736], [-0.009104417393776373, 0.0020148323466029736, 0.012028127232778756]], "chi2_level": 0.95, "chi2_df": 3, "chi2_threshold": 7.814727903251179, "N_raw": 22, "N_roi": 22, "N_inlier": 20, "refit": true}
{"timestamp": "15:19:04.419534", "frame": 97, "mu": [1.5850067004259132, 4.214612194735028, 0.9913190731279102], "Sigma": [[0.024278218689947385, -0.008546638030421615, -0.008348085673166241], [-0.008546638030421615, 0.005780960701954473, 0.0027766075668523367], [-0.008348085673166241, 0.0027766075668523367, 0.00583018113687805]], "chi2_level": 0.95, "chi2_df": 3, "chi2_threshold": 7.814727903251179, "N_raw": 33, "N_roi": 33, "N_inlier": 32, "refit": true}
{"timestamp": "15:19:04.618152", "frame": 100, "mu": [1.694805791822085, 4.371518294663651, 1.0558088147344875], "Sigma": [[0.01547017990033502, -0.004315490892539762, -0.018370599832406843], [-0.004315490892539762, 0.0020748670758269504, 0.0024381737023205655], [-0.01837059983240684, 0.0024381737023205655, 0.03806117152161135]], "chi2_level": 0.95, "chi2_df": 3, "chi2_threshold": 7.814727903251179, "N_raw": 26, "N_roi": 26, "N_inlier": 25, "refit": true}
{"timestamp": "15:19:04.691788", "frame": 102, "mu": [1.5388282262023942, 4.569987159186223, 1.1788561211839037], "Sigma": [[0.009971343224288482, 0.002608726183250094, -0.026238027515501465], [0.002608726183250094, 0.0012215546862965761, -0.010371478237286364], [-0.026238027515501465, -0.010371478237286364, 0.11498511812617118]], "chi2_level": 0.95, "chi2_df": 3, "chi2_threshold": 7.814727903251179, "N_raw": 9, "N_roi": 7, "N_inlier": 7, "refit": true}
{"timestamp": "15:19:04.804930", "frame": 104, "mu": [1.5689816248424253, 4.592167305426953, 0.6551129541218625], "Sigma": [[0.022426483449455144, -0.005418296725543899, -0.011277818732091022], [-0.005418296725543899, 0.0034024533686803095, 0.0017606436377583777], [-0.011277818732091022, 0.001760643637758378, 0.00819137816523548]], "chi2_level": 0.95, "chi2_df": 3, "chi2_threshold": 7.814727903251179, "N_raw": 25, "N_roi": 25, "N_inlier": 24, "refit": true}
{"timestamp": "15:19:04.861638", "frame": 105, "mu": [1.54866424771011, 4.641190869313457, 1.339673030122781], "Sigma": [[0.028444329195215248, -0.008938074952761584, -0.007184934801626028], [-0.008938074952761584, 0.0051867954616555715, 0.0001297496110855132], [-0.007184934801626028, 0.00012974961108551332, 0.008173557856845365]], "chi2_level": 0.95, "chi2_df": 3, "chi2_threshold": 7.814727903251179, "N_raw": 35, "N_roi": 35, "N_inlier": 34, "refit": true}
{"timestamp": "15:19:04.912750", "frame": 106, "mu": [1.5095418677309222, 4.714767967195051, 1.2279710529193784], "Sigma": [[0.016993875352788408, -0.006643702950096873, -0.0036706480401412713], [-0.006643702950096872, 0.0034784234024638813, 0.0007517118544952408], [-0.0036706480401412717, 0.0007517118544952412, 0.025324627459146824]], "chi2_level": 0.95, "chi2_df": 3, "chi2_threshold": 7.814727903251179, "N_raw": 18, "N_roi": 18, "N_inlier": 16, "refit": true}
{"timestamp": "15:19:05.022101", "frame": 108, "mu": [1.5038415624437103, 4.739327702611396, 0.9463930532812348], "Sigma": [[0.00881944560235019, -0.0023981555372825465, -0.01762804647135422], [-0.0023981555372825465, 0.0013655938463977078, 0.0034385514134323007], [-0.01762804647135422, 0.0034385514134323007, 0.0604448868027794]], "chi2_level": 0.95, "chi2_df": 3, "chi2_threshold": 7.814727903251179, "N_raw": 10, "N_roi": 10, "N_inlier": 9, "refit": true}
