{"timestamp": "15:33:27.452564", "frame": 4, "mu": [-2.3571154744928102, 4.9539363038400275, 0.929349800428762], "Sigma": [[0.008027257323936377, -0.00039298006560966995, -0.007486395029317317], [-0.00039298006560966995, 0.0008291540098463859, 0.0015424111489875099], [-0.007486395029317317, 0.0015424111489875099, 0.008838258397619796]], "chi2_level": 0.95, "chi2_df": 3, "chi2_threshold": 7.814727903251179, "N_raw": 29, "N_roi": 7, "N_inlier": 7, "refit": true}
{"timestamp": "15:33:27.838577", "frame": 11, "mu": [-2.281710311226454, 4.9731791135148935, 0.9560468820135368], "Sigma": [[0.012652148851212868, 2.839834135220671e-08, -0.00775532585535656], [2.839834135209829e-08, 0.000328543826828139, -0.00019932316210045898], [-0.00775532585535656, -0.0001993231621004591, 0.006051665602277001]], "chi2_level": 0.95, "chi2_df": 3, "chi2_threshold": 7.814727903251179, "N_raw": 36, "N_roi": 8, "N_inlier": 8, "refit": true}
{"timestamp": "15:33:27.946621", "frame": 13, "mu": [-2.2738653330321856, 4.963640226515848, 0.947415038748341], "Sigma": [[0.018547245818576797, 0.002746799299380472, -0.019408100729420605], [0.002746799299380472, 0.0009179375718196989, -0.003125087369186849], [-0.019408100729420605, -0.003125087369186849, 0.023241180829812733]], "chi2_level": 0.95, "chi2_df": 3, "chi2_threshold": 7.814727903251179, "N_raw": 30, "N_roi": 12, "N_inlier": 11, "refit": true}
{"timestamp": "15:33:28.000790", "frame": 14, "mu": [-2.290878666660637, 4.968024693236372, 0.957104583357295], "Sigma": [[0.00873350843078109, 8.888214264660176e-05, -0.007172663979453164], [8.888214264660165e-05, 0.0005393205790382008, -0.0005508202108310879], [-0.007172663979453163, -0.0005508202108310879, 0.011342483323819928]], "chi2_level": 0.95, "chi2_df": 3, "chi2_threshold": 7.814727903251179, "N_raw": 22, "N_roi": 10, "N_inlier": 9, "refit": true}
{"timestamp": "15:33:28.168555", "frame": 17, "mu": [-2.3145760460780456, 4.938863320965205, 0.9099355841352635], "Sigma": [[0.014152756678321792, 0.0005134726725082269, -0.0036491618852061264], [0.0005134726725082269, 0.0010546776775520676, -0.0014860877801682612], [-0.003649161885206127, -0.0014860877801682612, 0.00813244842074892]], "chi2_level": 0.95, "chi2_df": 3, "chi2_threshold": 7.814727903251179, "N_raw": 35, "N_roi": 19, "N_inlier": 18, "refit": true}
{"timestamp": "15:33:28.220765", "frame": 18, "mu": [-2.316202096821742, 4.95005509143696, 0.702924363446334], "Sigma": [[0.014889328018556571, 0.0018863220878203432, -0.012456045661384918], [0.0018863220878203432, 0.0006001484324262016, -0.001486270958176507], [-0.012456045661384918, -0.001486270958176507, 0.011735496903738882]], "chi2_level": 0.95, "chi2_df": 3, "chi2_threshold": 7.814727903251179, "N_raw": 16, "N_roi": 10, "N_inlier": 8, "refit": true}
{"timestamp": "15:33:28.330224", "frame": 20, "mu": [-2.185060111286514, 4.906557733660473, 0.6432194821924138], "Sigma": [[0.007727714962786069, 0.0018208217394839281, -0.001602124364655626], [0.0018208217394839283, 0.002103960059269011, -0.0019161786605277808], [-0.001602124364655626, -0.0019161786605277808, 0.0055858846161921435]], "chi2_level": 0.95, "chi2_df": 3, "chi2_threshold": 7.814727903251179, "N_raw": 17, "N_roi": 13, "N_inlier": 11, "refit": true}
{"timestamp": "15:33:28.385225", "frame": 21, "mu": [-2.119327419945735, 4.835695476793857, 0.5871501055366121], "Sigma": [[0.017047819613959778, 0.003859190913729197, -0.014469639636889804], [0.0038591909137291975, 0.0014975553020917342, -0.004891223215904341], [-0.014469639636889802, -0.004891223215904341, 0.02303360531944277]], "chi2_level": 0.95, "chi2_df": 3, "chi2_threshold": 7.814727903251179, "N_raw": 18, "N_roi": 18, "N_inlier": 18, "refit": true}
{"timestamp": "15:33:28.439586", "frame": 22, "mu": [-2.0115842273086963, 4.835849760360998, 0.47173936057604293], "Sigma": [[0.02289211974265372, 0.006563563757945442, -0.009779622759622679], [0.006563563757945442, 0.003020047746675472, -0.0040620202220947935], [-0.009779622759622677, -0.0040620202220947935, 0.008057424967124334]], "chi2_level": 0.95, "chi2_df": 3, "chi2_threshold": 7.814727903251179, "N_raw": 18, "N_roi": 18, "N_inlier": 17, "refit": true}
{"timestamp": "15:33:28.494777", "frame": 23, "mu": [-2.0783070641312578, 4.838775524465013, 0.6523405759251719], "Sigma": [[0.022998585958174722, 0.003694966523085914, -0.005085536949469699], [0.003694966523085914, 0.0023041024882169796, -0.0026695720696798455], [-0.005085536949469699, -0.0026695720696798455, 0.005123984096752275]], "chi2_level": 0.95, "chi2_df": 3, "chi2_threshold": 7.814727903251179, "N_raw": 18, "N_roi": 18, "N_inlier": 17, "refit": true}
{"timestamp": "15:33:28.552050", "frame": 24, "mu": [-2.0947911095845835, 4.782245913250403, 0.6670781821339797], "Sigma": [[0.02797754847513756, 0.005037044723450242, -0.011112886561965105], [0.005037044723450241, 0.002208034707847209, -0.003232538075610375], [-0.011112886561965105, -0.003232538075610375, 0.010753218714457944]], "chi2_level": 0.95, "chi2_df": 3, "chi2_threshold": 7.814727903251179, "N_raw": 27, "N_roi": 27, "N_inlier": 25, "refit": true}
{"timestamp": "15:33:28.608209", "frame": 25, "mu": [-2.059711670251657, 4.758983021427591, 0.7614516692735414], "Sigma": [[0.025535966742603458, 0.006709753038497113, -0.014494752677265625], [0.006709753038497113, 0.00274544865904858, -0.00464436864364467], [-0.014494752677265629, -0.00464436864364467, 0.01195640704185761]], "chi2_level": 0.95, "chi2_df": 3, "chi2_threshold": 7.814727903251179, "N_raw": 22, "N_roi": 22, "N_inlier": 21, "refit": true}
{"timestamp": "15:33:28.667040", "frame": 26, "mu": [-2.1621939518582494, 4.693215298936663, 0.9572742344318651], "Sigma": [[0.033364729928934876, 0.007000174931266443, -0.022700599212940462], [0.007000174931266443, 0.0037516993548125143, -0.010670242758833194], [-0.022700599212940466, -0.010670242758833194, 0.03962188188800975]], "chi2_level": 0.95, "chi2_df": 3, "chi2_threshold": 7.814727903251179, "N_raw": 52, "N_roi": 48, "N_inlier": 47, "refit": true}
{"timestamp": "15:33:28.723567", "frame": 27, "mu": [-2.1582428982593704, 4.6664147552070325, 0.8851802483143267], "Sigma": [[0.035143726760790146, 0.010012835084622595, -0.020107269925782364], [0.010012835084622595, 0.0065933342124404985, -0.009867453372453736], [-0.020107269925782364, -0.009867453372453736, 0.0196739848175414]], "chi2_level": 0.95, "chi2_df": 3, "chi2_threshold": 7.814727903251179, "N_raw": 51, "N_roi": 49, "N_inlier": 48, "refit": true}
{"timestamp": "15:33:28.829349", "frame": 29, "mu": [-2.035487744446467, 4.623054382243941, 0.7094768941450735], "Sigma": [[0.03452100004298999, 0.006446182993256094, -0.01736387333404871], [0.006446182993256094, 0.0028436344703197483, -0.003978723440300012], [-0.017363873334048714, -0.003978723440300012, 0.011591851340627322]], "chi2_level": 0.95, "chi2_df": 3, "chi2_threshold": 7.814727903251179, "N_raw": 27, "N_roi": 27, "N_inlier": 26, "refit": true}
{"timestamp": "15:33:28.882112", "frame": 30, "mu": [-2.150019007091448, 4.566391749609301, 0.9289163649793559], "Sigma": [[0.001811745701816381, -0.000683715617702184, -0.00033898171666676773], [-0.0006837156177021842, 0.002747149200988579, -0.00046275672068482815], [-0.00033898171666676773, -0.00046275672068482804, 0.00042421109082298056]], "chi2_level": 0.95, "chi2_df": 3, "chi2_threshold": 7.814727903251179, "N_raw": 8, "N_roi": 8, "N_inlier": 7, "refit": true}
{"timestamp": "15:33:28.938978", "frame": 31, "mu": [-2.1023086017757606, 4.590157341852405, 0.9119480138349612], "Sigma": [[0.027375452701602097, 0.0028231360272575334, -0.02758603493668948], [0.0028231360272575334, 0.0031493616562800354, -0.0035996941649369535], [-0.02758603493668948, -0.0035996941649369535, 0.03037497863900441]], "chi2_level": 0.95, "chi2_df": 3, "chi2_threshold": 7.814727903251179, "N_raw": 32, "N_roi": 32, "N_inlier": 31, "refit": true}
{"timestamp": "15:33:29.050458", "frame": 33, "mu": [-2.1767328350950983, 4.689570669727646, -0.21655848812100242], "Sigma": [[0.02915834178929632, 0.011178069138464992, -0.020141636091172012], [0.011178069138464992, 0.00781555225047412, -0.009665481661389433], [-0.020141636091172012, -0.009665481661389433, 0.01748442807821414]], "chi2_level": 0.95, "chi2_df": 3, "chi2_threshold": 7.814727903251179, "N_raw": 42, "N_roi": 39, "N_inlier": 37, "refit": true}
{"timestamp": "15:33:29.105310", "frame": 34, "mu": [-2.1524517400033316, 4.447470917641037, 0.6821747280532657], "Sigma": [[0.03236321077447526, 0.005712110108593854, -0.012518921063590703], [0.005712110108593854, 0.0030774492785399475, -0.00360967081835619], [-0.012518921063590701, -0.00360967081835619, 0.008135023015458718]], "chi2_level": 0.95, "chi2_df": 3, "chi2_threshold": 7.814727903251179, "N_raw": 35, "N_roi": 35, "N_inlier": 34, "refit": true}
{"timestamp": "15:33:29.162240", "frame": 35, "mu": [-2.1291341564354105, 4.394690615468187, 0.5699474337707602], "Sigma": [[0.03691066032186116, 0.010514602371942723, -0.008847157306786488], [0.010514602371942723, 0.004628990467378325, -0.006281801397107798], [-0.00884715730678649, -0.006281801397107799, 0.0171705009774235]], "chi2_level": 0.95, "chi2_df": 3, "chi2_threshold": 7.814727903251179, "N_raw": 50, "N_roi": 50, "N_inlier": 50, "refit": true}
{"timestamp": "15:33:29.268391", "frame": 37, "mu": [-2.084307774053541, 4.560031377702166, -0.22445254538332035], "Sigma": [[0.01033462072396297, 0.0022982102905501622, -0.0016110457379896418], [0.0022982102905501627, 0.0022609418908220887, -0.002348025170885107], [-0.001611045737989642, -0.0023480251708851074, 0.0040741531831991465]], "chi2_level": 0.95, "chi2_df": 3, "chi2_threshold": 7.814727903251179, "N_raw": 19, "N_roi": 16, "N_inlier": 15, "refit": true}
{"timestamp": "15:33:29.322146", "frame": 38, "mu": [-2.309579212524819, 4.228537827909167, 0.6404431066035219], "Sigma": [[0.008740723392462813, 0.0025197527902679198, -0.0027170236932067436], [0.0025197527902679198, 0.002766344786906745, -0.0021295506732347093], [-0.0027170236932067436, -0.0021295506732347093, 0.013983545414759895]], "chi2_level": 0.95, "chi2_df": 3, "chi2_threshold": 7.814727903251179, "N_raw": 15, "N_roi": 15, "N_inlier": 14, "refit": true}
{"timestamp": "15:33:29.381110", "frame": 39, "mu": [-2.1728087461723042, 4.267023059803705, 0.8378895243650756], "Sigma": [[0.029976561001104005, 0.009815759893910595, -0.013056605681575052], [0.009815759893910595, 0.005645495043955072, -0.007021292352774199], [-0.013056605681575052, -0.007021292352774199, 0.010739432147373251]], "chi2_level": 0.95, "chi2_df": 3, "chi2_threshold": 7.814727903251179, "N_raw": 40, "N_roi": 40, "N_inlier": 39, "refit": true}
{"timestamp": "15:33:29.436045", "frame": 40, "mu": [-2.150511860297833, 4.2107210436563, 0.8857086963344437], "Sigma": [[0.02797756950350766, 0.00857337937826812, -0.01886025564762369], [0.00857337937826812, 0.003874836410010736, -0.008679586782618657], [-0.01886025564762369, -0.008679586782618657, 0.026911322141356313]], "chi2_level": 0.95, "chi2_df": 3, "chi2_threshold": 7.814727903251179, "N_raw": 39, "N_roi": 39, "N_inlier": 37, "refit": true}
{"timestamp": "15:33:29.492334", "frame": 41, "mu": [-2.1163482121913866, 4.1935919525716026, 0.9001302078297548], "Sigma": [[0.02975251286238062, 0.006522548045911611, -0.03134766422438255], [0.006522548045911611, 0.0038950698535634622, -0.011703854088774966], [-0.03134766422438255, -0.011703854088774966, 0.050859113332823495]], "chi2_level": 0.95, "chi2_df": 3, "chi2_threshold": 7.814727903251179, "N_raw": 52, "N_roi": 52, "N_inlier": 50, "refit": true}
{"timestamp": "15:33:29.549826", "frame": 42, "mu": [-2.1544526349562076, 4.179897424051194, 0.9603989414574761], "Sigma": [[0.03763544369789165, 0.00789765541876379, -0.01907280588845952], [0.007897655418763791, 0.004954200326663211, -0.010343394123967248], [-0.01907280588845952, -0.01034339412396725, 0.025582100060177186]], "chi2_level": 0.95, "chi2_df": 3, "chi2_threshold": 7.814727903251179, "N_raw": 61, "N_roi": 61, "N_inlier": 59, "refit": true}
{"timestamp": "15:33:29.600467", "frame": 43, "mu": [-2.1199709972826954, 4.11431905303873, 0.6895006066874388], "Sigma": [[0.020788260543745968, 0.00040237310237792973, -0.01482421456984002], [0.0004023731023779299, 0.0019313032204715732, -0.0053246352596853265], [-0.014824214569840021, -0.0053246352596853265, 0.03478386112151109]], "chi2_level": 0.95, "chi2_df": 3, "chi2_threshold": 7.814727903251179, "N_raw": 35, "N_roi": 35, "N_inlier": 34, "refit": true}
{"timestamp": "15:33:29.709639", "frame": 45, "mu": [-2.0589709712805297, 4.0608175697531825, 0.8140721593791517], "Sigma": [[0.024422337527441336, 0.005932662051424836, -0.023170163772792945], [0.005932662051424836, 0.0026474292310636567, -0.006693510125825001], [-0.02317016377279294, -0.006693510125825, 0.0261579549576915]], "chi2_level": 0.95, "chi2_df": 3, "chi2_threshold": 7.814727903251179, "N_raw": 28, "N_roi": 28, "N_inlier": 26, "refit": true}
{"timestamp": "15:33:29.769055", "frame": 46, "mu": [-2.1266466960359693, 4.043382036309177, 0.8961163146601536], "Sigma": [[0.03593195793621393, 0.005307023036342858, -0.0318709086937609], [0.005307023036342858, 0.0026453262803667384, -0.010117356813416217], [-0.031870908693760906, -0.010117356813416217, 0.05307409262795441]], "chi2_level": 0.95, "chi2_df": 3, "chi2_threshold": 7.814727903251179, "N_raw": 57, "N_roi": 57, "N_inlier": 56, "refit": true}
{"timestamp": "15:33:29.822414", "frame": 47, "mu": [-2.066525012202966, 4.0028305091064365, 1.0065535856964596], "Sigma": [[0.031150260194881575, 0.008883762688979138, -0.038028196024096274], [0.008883762688979138, 0.004531708550689261, -0.013498781294218887], [-0.038028196024096274, -0.013498781294218887, 0.06720613624298345]], "chi2_level": 0.95, "chi2_df": 3, "chi2_threshold": 7.814727903251179, "N_raw": 47, "N_roi": 47, "N_inlier": 46, "refit": true}
{"timestamp": "15:33:29.875418", "frame": 48, "mu": [-2.08551286223323, 3.9509848442288145, 0.8926382136922606], "Sigma": [[0.01928176070199759, 0.005267906846259159, -0.016322223636369336], [0.005267906846259159, 0.0030652504268932155, -0.007845202957893229], [-0.016322223636369336, -0.007845202957893229, 0.024870855547556515]], "chi2_level": 0.95, "chi2_df": 3, "chi2_threshold": 7.814727903251179, "N_raw": 34, "N_roi": 34, "N_inlier": 32, "refit": true}
{"timestamp": "15:33:29.931314", "frame": 49, "mu": [-2.0139363219383513, 3.9041674087163862, 0.7521409047890284], "Sigma": [[0.021422973955692183, 0.004353092095421298, -0.028753967126313958], [0.004353092095421298, 0.002285495910901354, -0.00952961928326057], [-0.028753967126313958, -0.00952961928326057, 0.058547084147365376]], "chi2_level": 0.95, "chi2_df": 3, "chi2_threshold": 7.814727903251179, "N_raw": 42, "N_roi": 42, "N_inlier": 41, "refit": true}
{"timestamp": "15:33:29.989267", "frame": 50, "mu": [-2.0707653076615893, 3.870500634117753, 0.834586769202617], "Sigma": [[0.02933047311895348, 0.00638355498215552, -0.017931438414487702], [0.00638355498215552, 0.004373321896202659, -0.011719833160788966], [-0.017931438414487702, -0.011719833160788964, 0.040677506998330136]], "chi2_level": 0.95, "chi2_df": 3, "chi2_threshold": 7.814727903251179, "N_raw": 65, "N_roi": 65, "N_inlier": 64, "refit": true}
{"timestamp": "15:33:30.040480", "frame": 51, "mu": [-2.0940680161955996, 3.797825403541114, 0.8584056070343761], "Sigma": [[0.01898930267056822, 0.004295996255318457, -0.019428266367111008], [0.004295996255318457, 0.0020084105950681505, -0.007481359829607684], [-0.019428266367111008, -0.007481359829607685, 0.03883891386494459]], "chi2_level": 0.95, "chi2_df": 3, "chi2_threshold": 7.814727903251179, "N_raw": 34, "N_roi": 34, "N_inlier": 33, "refit": true}
{"timestamp": "15:33:30.097171", "frame": 52, "mu": [-2.0818207272758213, 3.7972875602301377, 0.8714380256308685], "Sigma": [[0.024869575935712315, 0.007360888030601244, -0.014182919247873616], [0.007360888030601245, 0.005449124089889251, -0.009734309246753971], [-0.014182919247873616, -0.009734309246753971, 0.023601727984389333]], "chi2_level": 0.95, "chi2_df": 3, "chi2_threshold": 7.814727903251179, "N_raw": 53, "N_roi": 53, "N_inlier": 52, "refit": true}
{"timestamp": "15:33:30.152237", "frame": 53, "mu": [-2.017513528284213, 3.765105927558553, 0.6989652350545064], "Sigma": [[0.03495786072596352, 0.0014214485991217562, -0.013745970854409423], [0.0014214485991217566, 0.0023819040912939522, -0.004024914605206149], [-0.013745970854409423, -0.004024914605206149, 0.013732350245196116]], "chi2_level": 0.95, "chi2_df": 3, "chi2_threshold": 7.814727903251179, "N_raw": 48, "N_roi": 48, "N_inlier": 47, "refit": true}
{"timestamp": "15:33:30.206206", "frame": 54, "mu": [-2.0674038871196174, 3.6785248545221503, 0.8034228207920143], "Sigma": [[0.02223713098553349, 0.004633266930073555, -0.010988618914463524], [0.004633266930073555, 0.003181841282603278, -0.0070064959862459995], [-0.010988618914463524, -0.0070064959862459995, 0.020121984524921224]], "chi2_level": 0.95, "chi2_df": 3, "chi2_threshold": 7.814727903251179, "N_raw": 46, "N_roi": 46, "N_inlier": 46, "refit": true}
{"timestamp": "15:33:30.261469", "frame": 55, "mu": [-2.102935336097427, 3.6345168294392263, 0.8387555697383436], "Sigma": [[0.022928409718019842, 0.006208209342796872, -0.013483413582713811], [0.006208209342796872, 0.00367893733087857, -0.005807299257871174], [-0.013483413582713811, -0.005807299257871174, 0.012440427497888614]], "chi2_level": 0.95, "chi2_df": 3, "chi2_threshold": 7.814727903251179, "N_raw": 35, "N_roi": 35, "N_inlier": 34, "refit": true}
{"timestamp": "15:33:30.315915", "frame": 56, "mu": [-2.0709519075099747, 3.6231682742321394, 0.7691060592545691], "Sigma": [[0.02170905959969443, 0.0027094240389472445, -0.012714056277740618], [0.002709424038947244, 0.0015344532105396069, -0.004094617659875196], [-0.012714056277740618, -0.004094617659875196, 0.017244267807600293]], "chi2_level": 0.95, "chi2_df": 3, "chi2_threshold": 7.814727903251179, "N_raw": 35, "N_roi": 35, "N_inlier": 34, "refit": true}
{"timestamp": "15:33:30.371769", "frame": 57, "mu": [-2.0356621496700713, 3.5990064667639436, 0.8539804903390201], "Sigma": [[0.02950483829468932, 0.0036116573176332937, -0.006013939119877935], [0.0036116573176332937, 0.002923050988241535, -0.004475908398548719], [-0.006013939119877935, -0.004475908398548719, 0.009701378040478293]], "chi2_level": 0.95, "chi2_df": 3, "chi2_threshold": 7.814727903251179, "N_raw": 50, "N_roi": 50, "N_inlier": 49, "refit": true}
{"timestamp": "15:33:30.422062", "frame": 58, "mu": [-2.1172492344299734, 3.577833627896498, 0.8581721188388668], "Sigma": [[0.011734963339710717, 0.00039464491384001054, 0.006472070705182804], [0.0003946449138400106, 0.0015464241229117273, -0.003085677842687574], [0.006472070705182804, -0.0030856778426875744, 0.013878036257286905]], "chi2_level": 0.95, "chi2_df": 3, "chi2_threshold": 7.814727903251179, "N_raw": 15, "N_roi": 15, "N_inlier": 15, "refit": true}
{"timestamp": "15:33:30.483005", "frame": 59, "mu": [-2.0479303125587114, 3.522740161623465, 0.8794991336336888], "Sigma": [[0.02662222446633196, 0.004394930940326358, -0.0030987341278009813], [0.004394930940326358, 0.00249187130080927, -0.00650410748979381], [-0.00309873412780098, -0.00650410748979381, 0.03764781845692647]], "chi2_level": 0.95, "chi2_df": 3, "chi2_threshold": 7.814727903251179, "N_raw": 57, "N_roi": 57, "N_inlier": 56, "refit": true}
{"timestamp": "15:33:30.533570", "frame": 60, "mu": [-2.0772687826613434, 3.5926222109993295, -0.8378945130776655], "Sigma": [[0.014688358260973611, 0.015066247080149826, 0.046599373003364045], [0.015066247080149822, 0.022110446853089334, 0.06117542980420179], [0.046599373003364045, 0.06117542980420179, 0.20292757766892325]], "chi2_level": 0.95, "chi2_df": 3, "chi2_threshold": 7.814727903251179, "N_raw": 22, "N_roi": 22, "N_inlier": 20, "refit": true}
{"timestamp": "15:33:30.586227", "frame": 61, "mu": [-2.0015242662391906, 3.489396703129175, 0.7006835744445433], "Sigma": [[0.013637662352805273, -0.0016046775011876813, 0.008648121964664728], [-0.0016046775011876813, 0.0013798163747121045, -0.0019753072489727317], [0.008648121964664727, -0.0019753072489727317, 0.008566213461402952]], "chi2_level": 0.95, "chi2_df": 3, "chi2_threshold": 7.814727903251179, "N_raw": 9, "N_roi": 9, "N_inlier": 9, "refit": true}
{"timestamp": "15:33:30.645429", "frame": 62, "mu": [-1.96715807662771, 3.4031324848594577, 0.7835858796686377], "Sigma": [[0.016740742496956222, 0.0021713486009249383, -0.007442575557980977], [0.0021713486009249387, 0.0029521090277480175, -0.0030040418092561905], [-0.007442575557980977, -0.0030040418092561905, 0.006809860064880217]], "chi2_level": 0.95, "chi2_df": 3, "chi2_threshold": 7.814727903251179, "N_raw": 34, "N_roi": 34, "N_inlier": 33, "refit": true}
{"timestamp": "15:33:30.701041", "frame": 63, "mu": [-1.9616873844373697, 3.392575159860547, 0.7159730538784118], "Sigma": [[0.020044061689589776, 0.00287314312414245, -0.005000673234605408], [0.0028731431241424505, 0.0027685036512880975, -0.003747053511320036], [-0.005000673234605408, -0.003747053511320036, 0.0099882244596622]], "chi2_level": 0.95, "chi2_df": 3, "chi2_threshold": 7.814727903251179, "N_raw": 43, "N_roi": 43, "N_inlier": 41, "refit": true}
{"timestamp": "15:33:30.754744", "frame": 64, "mu": [-2.0112847976761166, 3.3288345790206018, 0.841708658828968], "Sigma": [[0.016201718428722103, 0.005185676613937876, -0.00730109303731083], [0.005185676613937876, 0.0025874625085732395, -0.004910176013309023], [-0.00730109303731083, -0.004910176013309023, 0.015002927352799336]], "chi2_level": 0.95, "chi2_df": 3, "chi2_threshold": 7.814727903251179, "N_raw": 29, "N_roi": 29, "N_inlier": 29, "refit": true}
{"timestamp": "15:33:30.810047", "frame": 65, "mu": [-2.072223646740949, 3.4121338499772804, -0.1507881870346262], "Sigma": [[0.013796091119037011, 0.004120488930825867, -0.004375863811555579], [0.004120488930825867, 0.007194222240424536, -0.009698726235883366], [-0.004375863811555579, -0.009698726235883366, 0.01718944708272904]], "chi2_level": 0.95, "chi2_df": 3, "chi2_threshold": 7.814727903251179, "N_raw": 38, "N_roi": 38, "N_inlier": 37, "refit": true}
{"timestamp": "15:33:30.864505", "frame": 66, "mu": [-2.051415784042282, 3.196399988642603, 1.05398158605797], "Sigma": [[0.016321891013288695, 0.003588998952202485, -0.01093015641225332], [0.0035889989522024856, 0.004037257749375827, -0.004850768287171342], [-0.01093015641225332, -0.0048507682871713415, 0.01303615797970399]], "chi2_level": 0.95, "chi2_df": 3, "chi2_threshold": 7.814727903251179, "N_raw": 34, "N_roi": 34, "N_inlier": 32, "refit": true}
{"timestamp": "15:33:30.977197", "frame": 68, "mu": [-2.0104313679630406, 3.1768108466197122, 0.9838335456866689], "Sigma": [[0.01957062387867283, 0.006700161654799822, -0.008644092317305318], [0.006700161654799823, 0.004036941033632888, -0.009669787608694882], [-0.00864409231730532, -0.009669787608694882, 0.044595791449107094]], "chi2_level": 0.95, "chi2_df": 3, "chi2_threshold": 7.814727903251179, "N_raw": 53, "N_roi": 53, "N_inlier": 50, "refit": true}
{"timestamp": "15:33:31.032661", "frame": 69, "mu": [-2.0304989088143364, 3.1113188033267285, 0.8758395285898405], "Sigma": [[0.020208642159537757, 0.005972593402429935, -0.0076723912835078515], [0.005972593402429935, 0.004687958073291899, -0.007202306129420056], [-0.0076723912835078515, -0.007202306129420055, 0.013566310843350545]], "chi2_level": 0.95, "chi2_df": 3, "chi2_threshold": 7.814727903251179, "N_raw": 51, "N_roi": 51, "N_inlier": 50, "refit": true}
{"timestamp": "15:33:31.082737", "frame": 70, "mu": [-2.057530930627529, 3.0921134262080248, 1.0384904551866911], "Sigma": [[0.0074745578904618646, -0.0028725633506089102, 0.0036172084668362058], [-0.0028725633506089102, 0.0027101188952329456, -0.00471351155550708], [0.003617208466836206, -0.00471351155550708, 0.009860728092820263]], "chi2_level": 0.95, "chi2_df": 3, "chi2_threshold": 7.814727903251179, "N_raw": 10, "N_roi": 10, "N_inlier": 10, "refit": true}
{"timestamp": "15:33:31.138059", "frame": 71, "mu": [-2.217025959468773, 3.03438415320164, 0.8577215868662688], "Sigma": [[0.011641514341737607, 0.0019817946977439826, -0.00047293690299893146], [0.0019817946977439826, 0.002430084943609503, -0.002114970936411849], [-0.0004729369029989319, -0.002114970936411849, 0.009651747280743377]], "chi2_level": 0.95, "chi2_df": 3, "chi2_threshold": 7.814727903251179, "N_raw": 21, "N_roi": 21, "N_inlier": 20, "refit": true}
{"timestamp": "15:33:31.254091", "frame": 73, "mu": [-2.0315054156811323, 2.976227665960504, 0.980548021445742], "Sigma": [[0.017463103294269193, 0.0025484958989083943, -0.008422932901723499], [0.002548495898908395, 0.00715200268477104, -0.009746036907283678], [-0.008422932901723499, -0.009746036907283678, 0.016449410371433368]], "chi2_level": 0.95, "chi2_df": 3, "chi2_threshold": 7.814727903251179, "N_raw": 63, "N_roi": 63, "N_inlier": 61, "refit": true}
{"timestamp": "15:33:31.306444", "frame": 74, "mu": [-2.011428974657906, 2.908690815056225, 1.0543844726408569], "Sigma": [[0.019462188779770108, 0.005614763999304009, -0.014351667938354936], [0.005614763999304009, 0.003930239152499072, -0.007061837095599242], [-0.014351667938354936, -0.0070618370955992426, 0.015912717387908837]], "chi2_level": 0.95, "chi2_df": 3, "chi2_threshold": 7.814727903251179, "N_raw": 41, "N_roi": 41, "N_inlier": 40, "refit": true}
{"timestamp": "15:33:31.360190", "frame": 75, "mu": [-2.0617465900653773, 2.8332657943388972, 1.209422759240129], "Sigma": [[0.015062633365064505, 0.003902890165550201, -0.011739629340378968], [0.003902890165550201, 0.0035306831874087692, -0.005510167770956165], [-0.011739629340378966, -0.005510167770956165, 0.013224395505154293]], "chi2_level": 0.95, "chi2_df": 3, "chi2_threshold": 7.814727903251179, "N_raw": 33, "N_roi": 33, "N_inlier": 32, "refit": true}
{"timestamp": "15:33:31.411860", "frame": 76, "mu": [-1.8669305564525025, 3.0402439983164395, -0.24481427364310762], "Sigma": [[0.011388994597841361, 0.004209099171637572, -0.006503746694115617], [0.004209099171637571, 0.004794133901011505, -0.00806840719451105], [-0.006503746694115617, -0.00806840719451105, 0.0171090272857359]], "chi2_level": 0.95, "chi2_df": 3, "chi2_threshold": 7.814727903251179, "N_raw": 17, "N_roi": 17, "N_inlier": 16, "refit": true}
{"timestamp": "15:33:31.466704", "frame": 77, "mu": [-2.126464147893729, 2.961215273791508, -0.2502006162282094], "Sigma": [[0.022694819743947686, -0.000840929773990727, 0.016690206378799165], [-0.0008409297739907261, 0.0037554108480533747, -0.004909378852829355], [0.016690206378799165, -0.004909378852829355, 0.025517258556745807]], "chi2_level": 0.95, "chi2_df": 3, "chi2_threshold": 7.814727903251179, "N_raw": 12, "N_roi": 12, "N_inlier": 12, "refit": true}
{"timestamp": "15:33:31.524225", "frame": 78, "mu": [-2.004109640503197, 2.8058639830344183, 0.011521672607408724], "Sigma": [[0.010611016050098789, 0.007957883128850214, -0.007505606898700712], [0.007957883128850214, 0.00956783063740191, -0.009088283463228135], [-0.007505606898700711, -0.009088283463228135, 0.010609594286810577]], "chi2_level": 0.95, "chi2_df": 3, "chi2_threshold": 7.814727903251179, "N_raw": 28, "N_roi": 28, "N_inlier": 25, "refit": true}
{"timestamp": "15:33:31.576967", "frame": 79, "mu": [-2.018933727363214, 2.6813487700433987, 1.1053526880127496], "Sigma": [[0.012459843697175796, 0.0012893729195488112, 0.013174238775904644], [0.0012893729195488114, 0.0018707469777785879, -0.0019836150970641573], [0.013174238775904644, -0.0019836150970641573, 0.029440380462227682]], "chi2_level": 0.95, "chi2_df": 3, "chi2_threshold": 7.814727903251179, "N_raw": 15, "N_roi": 13, "N_inlier": 13, "refit": true}
{"timestamp": "15:33:31.641012", "frame": 80, "mu": [-2.0184372359601266, 2.8490402885621795, -0.18348151362041965], "Sigma": [[0.02093028593252476, 0.004584699093971046, -0.004462776450637529], [0.0045846990939710465, 0.012957188410230778, -0.016132720102765695], [-0.004462776450637529, -0.016132720102765695, 0.024128647858799347]], "chi2_level": 0.95, "chi2_df": 3, "chi2_threshold": 7.814727903251179, "N_raw": 77, "N_roi": 75, "N_inlier": 74, "refit": true}
{"timestamp": "15:33:31.686400", "frame": 81, "mu": [-1.9243748373178864, 2.6589010396233936, 0.8620654503032579], "Sigma": [[0.04588585736063423, 0.0033701450964437585, -0.008400349992358313], [0.0033701450964437585, 0.0032432636158735905, -0.001455467417078948], [-0.008400349992358312, -0.0014554674170789478, 0.0030226952714459054]], "chi2_level": 0.95, "chi2_df": 3, "chi2_threshold": 7.814727903251179, "N_raw": 10, "N_roi": 9, "N_inlier": 9, "refit": true}
{"timestamp": "15:33:31.742644", "frame": 82, "mu": [-2.0822398212422355, 2.618958477002563, 0.9560178754119522], "Sigma": [[0.028177109587683824, 0.0057957781692573275, 0.006776239561502126], [0.005795778169257327, 0.00260179277025169, 0.0015634380373147469], [0.006776239561502126, 0.0015634380373147469, 0.007219888072971663]], "chi2_level": 0.95, "chi2_df": 3, "chi2_threshold": 7.814727903251179, "N_raw": 21, "N_roi": 21, "N_inlier": 20, "refit": true}
{"timestamp": "15:33:31.801575", "frame": 83, "mu": [-2.1046206689579603, 2.5193669508886534, 0.7231115918925535], "Sigma": [[0.015404027377365789, 0.003933239406001005, -0.005525057305763491], [0.003933239406001005, 0.004618784870665215, -0.0029348686028558744], [-0.00552505730576349, -0.002934868602855874, 0.008409633208072732]], "chi2_level": 0.95, "chi2_df": 3, "chi2_threshold": 7.814727903251179, "N_raw": 40, "N_roi": 40, "N_inlier": 37, "refit": true}
{"timestamp": "15:33:31.857007", "frame": 84, "mu": [-2.1796805061538502, 2.6572773558677953, -0.43269093393195024], "Sigma": [[0.013817204320012239, 0.008060743190239856, -0.0009403318883899085], [0.008060743190239857, 0.00771353250030712, -0.008857511666644871], [-0.0009403318883899085, -0.008857511666644871, 0.03819408272194308]], "chi2_level": 0.95, "chi2_df": 3, "chi2_threshold": 7.814727903251179, "N_raw": 43, "N_roi": 37, "N_inlier": 35, "refit": true}
{"timestamp": "15:33:31.908485", "frame": 85, "mu": [-1.963016257071228, 2.507980241294025, 1.0512643348247936], "Sigma": [[0.011126593044259614, 0.0010264372252729952, -0.00783727747384069], [0.0010264372252729952, 0.001074320445530673, -0.0012557107621146218], [-0.00783727747384069, -0.0012557107621146218, 0.006613500415889246]], "chi2_level": 0.95, "chi2_df": 3, "chi2_threshold": 7.814727903251179, "N_raw": 24, "N_roi": 17, "N_inlier": 15, "refit": true}
{"timestamp": "15:33:31.969830", "frame": 86, "mu": [-1.9671398343305084, 2.4182593959767575, 1.0693555139102022], "Sigma": [[0.018947853228619756, 0.0034509027000259726, -0.015746447398929324], [0.0034509027000259726, 0.004618576412603837, -0.006492330259770055], [-0.015746447398929324, -0.006492330259770054, 0.017806488769423374]], "chi2_level": 0.95, "chi2_df": 3, "chi2_threshold": 7.814727903251179, "N_raw": 71, "N_roi": 55, "N_inlier": 52, "refit": true}
{"timestamp": "15:33:32.020187", "frame": 87, "mu": [-1.9608682790512075, 2.3856764704423608, 1.0515449064627715], "Sigma": [[0.013616739229841093, 0.00276029367837262, -0.010148131403632438], [0.00276029367837262, 0.0028546135960944383, -0.003545773772178131], [-0.010148131403632436, -0.0035457737721781317, 0.010614962579632422]], "chi2_level": 0.95, "chi2_df": 3, "chi2_threshold": 7.814727903251179, "N_raw": 33, "N_roi": 33, "N_inlier": 32, "refit": true}
{"timestamp": "15:33:32.077838", "frame": 88, "mu": [-1.9436285060891507, 2.344630726100278, 1.062309225346602], "Sigma": [[0.013489926212745728, 0.0035476343503917937, -0.008852040981206849], [0.0035476343503917937, 0.002247633695438323, -0.00557336837821582], [-0.008852040981206847, -0.00557336837821582, 0.026717452221878615]], "chi2_level": 0.95, "chi2_df": 3, "chi2_threshold": 7.814727903251179, "N_raw": 48, "N_roi": 48, "N_inlier": 46, "refit": true}
{"timestamp": "15:33:32.130805", "frame": 89, "mu": [-2.1673983366778224, 2.1742048045653917, 1.1475210768020456], "Sigma": [[0.024486244546473687, 0.022011011836658177, -0.028001147877286692], [0.022011011836658177, 0.025647523260485756, -0.03435404393997388], [-0.028001147877286692, -0.034354043939973884, 0.056155195645482915]], "chi2_level": 0.95, "chi2_df": 3, "chi2_threshold": 7.814727903251179, "N_raw": 35, "N_roi": 24, "N_inlier": 23, "refit": true}
{"timestamp": "15:33:32.192129", "frame": 90, "mu": [-2.088730008843745, 2.155110796678652, 1.2668552953718561], "Sigma": [[0.037076354488915345, 0.02503588621264858, -0.04963015501556007], [0.02503588621264858, 0.019978645683344044, -0.038752112955532936], [-0.04963015501556006, -0.038752112955532936, 0.08504101249691914]], "chi2_level": 0.95, "chi2_df": 3, "chi2_threshold": 7.814727903251179, "N_raw": 87, "N_roi": 80, "N_inlier": 74, "refit": true}
{"timestamp": "15:33:32.240278", "frame": 91, "mu": [-2.2401042230798374, 1.9729118253463862, 1.3853585956886536], "Sigma": [[0.028305661934245406, 0.023529473972864416, -0.0399895676404334], [0.023529473972864416, 0.024423770896582618, -0.04588530821508542], [-0.039989567640433404, -0.04588530821508543, 0.10787737536893552]], "chi2_level": 0.95, "chi2_df": 3, "chi2_threshold": 7.814727903251179, "N_raw": 26, "N_roi": 25, "N_inlier": 24, "refit": true}
{"timestamp": "15:33:32.299068", "frame": 92, "mu": [-2.0452186255833107, 2.1594968574797693, 0.9962888750484074], "Sigma": [[0.01810423915195947, 0.006542148232296642, -0.005668575799125727], [0.006542148232296643, 0.004349605467049897, -0.00612345877755976], [-0.005668575799125727, -0.00612345877755976, 0.03734031863905872]], "chi2_level": 0.95, "chi2_df": 3, "chi2_threshold": 7.814727903251179, "N_raw": 62, "N_roi": 62, "N_inlier": 56, "refit": true}
{"timestamp": "15:33:32.352338", "frame": 93, "mu": [-2.1770887508867656, 1.8842661953013358, 1.3972845504565674], "Sigma": [[0.020228211701665097, 0.01775846548986209, -0.013748163782169604], [0.01775846548986209, 0.017757367203467808, -0.0174507195568692], [-0.013748163782169604, -0.0174507195568692, 0.04006358044174766]], "chi2_level": 0.95, "chi2_df": 3, "chi2_threshold": 7.814727903251179, "N_raw": 41, "N_roi": 41, "N_inlier": 36, "refit": true}
{"timestamp": "15:33:32.411965", "frame": 94, "mu": [-2.0788528142551526, 1.9384001529245363, 1.2774802952543491], "Sigma": [[0.02922542759897081, 0.023269344995731002, -0.03402057785335996], [0.02326934499573101, 0.02247305340464043, -0.029724478696275834], [-0.03402057785335996, -0.029724478696275834, 0.07902885141481404]], "chi2_level": 0.95, "chi2_df": 3, "chi2_threshold": 7.814727903251179, "N_raw": 77, "N_roi": 76, "N_inlier": 75, "refit": true}
{"timestamp": "15:33:32.470041", "frame": 95, "mu": [-2.132092458770151, 1.9302586586804125, 1.163683567216604], "Sigma": [[0.02893836342576226, 0.01883687357835499, -0.02471806493203709], [0.018836873578354993, 0.021520527223264842, -0.03884034725738611], [-0.02471806493203709, -0.03884034725738611, 0.10444953804524837]], "chi2_level": 0.95, "chi2_df": 3, "chi2_threshold": 7.814727903251179, "N_raw": 102, "N_roi": 102, "N_inlier": 98, "refit": true}
{"timestamp": "15:33:32.523844", "frame": 96, "mu": [-2.0826652879231986, 1.8946330430760798, 1.300324309446765], "Sigma": [[0.02855611024711792, 0.022182046366337683, -0.03412861082889396], [0.022182046366337683, 0.02268608206646875, -0.03168701873155427], [-0.03412861082889396, -0.03168701873155427, 0.053298495540491514]], "chi2_level": 0.95, "chi2_df": 3, "chi2_threshold": 7.814727903251179, "N_raw": 84, "N_roi": 84, "N_inlier": 80, "refit": true}
{"timestamp": "15:33:32.581704", "frame": 97, "mu": [-2.0819564676976814, 1.8408011856299462, 1.2664618216008043], "Sigma": [[0.027337049083929237, 0.02225378480987561, -0.03420428745603189], [0.02225378480987561, 0.026424639238199255, -0.033819751956053724], [-0.03420428745603189, -0.033819751956053724, 0.0749298173772164]], "chi2_level": 0.95, "chi2_df": 3, "chi2_threshold": 7.814727903251179, "N_raw": 112, "N_roi": 110, "N_inlier": 102, "refit": true}
{"timestamp": "15:33:32.634192", "frame": 98, "mu": [-2.0877876621194345, 1.849066175880654, 1.0545177507833108], "Sigma": [[0.02366119727723187, 0.012706143062462524, -0.010606184599764028], [0.012706143062462524, 0.011585362769123335, -0.013172296695934824], [-0.010606184599764028, -0.013172296695934824, 0.0306597731203297]], "chi2_level": 0.95, "chi2_df": 3, "chi2_threshold": 7.814727903251179, "N_raw": 89, "N_roi": 89, "N_inlier": 85, "refit": true}
{"timestamp": "15:33:32.684704", "frame": 99, "mu": [-2.0670722777160213, 1.7443319272966904, 1.3231930073030884], "Sigma": [[0.019274024969006785, 0.013414627736921574, -0.026474288161408153], [0.013414627736921576, 0.015015531127511089, -0.025748762388640586], [-0.026474288161408153, -0.025748762388640586, 0.07824340955730667]], "chi2_level": 0.95, "chi2_df": 3, "chi2_threshold": 7.814727903251179, "N_raw": 64, "N_roi": 64, "N_inlier": 62, "refit": true}
{"timestamp": "15:33:32.815107", "frame": 100, "mu": [-2.1436056019154237, 1.5875563224659672, 1.4382996979028184], "Sigma": [[0.013197112333223042, 0.010859950127040252, -0.01261049336698447], [0.010859950127040252, 0.016007048358507914, -0.01613126486200798], [-0.01261049336698447, -0.01613126486200798, 0.023362265937210948]], "chi2_level": 0.95, "chi2_df": 3, "chi2_threshold": 7.814727903251179, "N_raw": 44, "N_roi": 44, "N_inlier": 42, "refit": true}
{"timestamp": "15:33:32.820432", "frame": 101, "mu": [-2.090653597034124, 1.7183734814782068, -0.25138393555943783], "Sigma": [[0.012205550431857212, 0.008224458805397067, -0.0035939328232976694], [0.008224458805397067, 0.02067140401472637, -0.013950003696287011], [-0.0035939328232976694, -0.013950003696287013, 0.017170778651432666]], "chi2_level": 0.95, "chi2_df": 3, "chi2_threshold": 7.814727903251179, "N_raw": 63, "N_roi": 63, "N_inlier": 63, "refit": true}
{"timestamp": "15:33:32.846565", "frame": 102, "mu": [-2.095703778762276, 1.5372425254053521, 1.4074132925925693], "Sigma": [[0.011235488548031239, 0.007531114074658559, -0.007138514002547387], [0.007531114074658559, 0.012731116008280969, -0.014272894058901121], [-0.007138514002547387, -0.014272894058901125, 0.02208253951174608]], "chi2_level": 0.95, "chi2_df": 3, "chi2_threshold": 7.814727903251179, "N_raw": 42, "N_roi": 42, "N_inlier": 39, "refit": true}
{"timestamp": "15:33:32.903927", "frame": 103, "mu": [-2.0396350307409583, 1.8049357470696799, -0.4257561393390583], "Sigma": [[0.01539124303408358, 0.017406130830980263, -0.01481315607479331], [0.017406130830980263, 0.02723391867029111, -0.02749615002358899], [-0.01481315607479331, -0.02749615002358899, 0.03320591305101677]], "chi2_level": 0.95, "chi2_df": 3, "chi2_threshold": 7.814727903251179, "N_raw": 59, "N_roi": 59, "N_inlier": 55, "refit": true}
{"timestamp": "15:33:32.960148", "frame": 104, "mu": [-2.0590238104095526, 1.59429661712777, -0.3141599230625214], "Sigma": [[0.014987752896595758, 0.01032396023040211, -0.00015441403545524905], [0.01032396023040211, 0.024883376618775894, -0.030224900854586567], [-0.0001544140354552484, -0.030224900854586567, 0.07676402496116254]], "chi2_level": 0.95, "chi2_df": 3, "chi2_threshold": 7.814727903251179, "N_raw": 63, "N_roi": 63, "N_inlier": 61, "refit": true}
{"timestamp": "15:33:33.012584", "frame": 105, "mu": [-2.017367705915225, 1.4509298019069448, 1.2846334402767083], "Sigma": [[0.013481475133908979, 0.009724833497895664, -0.011137930679502701], [0.009724833497895664, 0.01439383405092509, -0.018420011803398893], [-0.011137930679502701, -0.018420011803398893, 0.0634967145326793]], "chi2_level": 0.95, "chi2_df": 3, "chi2_threshold": 7.814727903251179, "N_raw": 49, "N_roi": 49, "N_inlier": 46, "refit": true}
