{"timestamp": "15:46:26.097962", "frame": 17, "mu": [1.8796474115342623, 1.3652519618973362, 1.2543432515564783], "Sigma": [[0.0028402096180962216, -0.005299935570034344, 0.0004081869881108152], [-0.005299935570034344, 0.013959488135786421, -0.002843712120343927], [0.0004081869881108151, -0.002843712120343927, 0.001963420094325736]], "chi2_level": 0.95, "chi2_df": 3, "chi2_threshold": 7.814727903251179, "N_raw": 16, "N_roi": 16, "N_inlier": 14, "refit": true}
{"timestamp": "15:46:26.264141", "frame": 20, "mu": [1.855256768553253, 1.3796307271972943, 1.2507223039177584], "Sigma": [[0.005062048646854428, -0.005807867381987244, 0.0006417061756571072], [-0.005807867381987244, 0.00918780104196933, -0.0014245703817800963], [0.0006417061756571072, -0.0014245703817800965, 0.005801279917841158]], "chi2_level": 0.95, "chi2_df": 3, "chi2_threshold": 7.814727903251179, "N_raw": 21, "N_roi": 21, "N_inlier": 20, "refit": true}
{"timestamp": "15:46:26.377729", "frame": 22, "mu": [1.9101441978155274, 1.2521422855148807, 1.221689372201184], "Sigma": [[0.004479319420107679, -0.0036742301406186687, 0.00028343152466585964], [-0.0036742301406186687, 0.008429218383226477, -0.002372023040299235], [0.0002834315246658597, -0.0023720230402992353, 0.0009270761297604022]], "chi2_level": 0.95, "chi2_df": 3, "chi2_threshold": 7.814727903251179, "N_raw": 27, "N_roi": 27, "N_inlier": 25, "refit": true}
{"timestamp": "15:46:26.488112", "frame": 24, "mu": [1.8617776039094622, 1.4253755125844432, -0.33912213230290567], "Sigma": [[0.005160420752179022, -0.0008626904433996548, -0.001101496196766955], [-0.0008626904433996551, 0.00689485961123567, 0.0010302350889277315], [-0.001101496196766955, 0.0010302350889277315, 0.0016173669175451042]], "chi2_level": 0.95, "chi2_df": 3, "chi2_threshold": 7.814727903251179, "N_raw": 31, "N_roi": 31, "N_inlier": 28, "refit": true}
{"timestamp": "15:46:26.597319", "frame": 26, "mu": [1.8557111643915523, 1.372220399960009, -0.3997637272252778], "Sigma": [[0.005482456818773462, -0.002906747616133136, -0.0014746577651021976], [-0.002906747616133136, 0.006488550056366985, -0.00012672029952518962], [-0.0014746577651021976, -0.00012672029952518954, 0.0015914737796548246]], "chi2_level": 0.95, "chi2_df": 3, "chi2_threshold": 7.814727903251179, "N_raw": 27, "N_roi": 27, "N_inlier": 25, "refit": true}
{"timestamp": "15:46:26.655306", "frame": 27, "mu": [1.7564044658497484, 1.5338623259962532, -0.5548505395408273], "Sigma": [[0.006793574496129442, -0.006699361963829462, 0.002361647749939827], [-0.006699361963829462, 0.011958918691946928, -0.011659219343394573], [0.0023616477499398274, -0.011659219343394575, 0.02678759261537448]], "chi2_level": 0.95, "chi2_df": 3, "chi2_threshold": 7.814727903251179, "N_raw": 45, "N_roi": 45, "N_inlier": 44, "refit": true}
{"timestamp": "15:46:26.707397", "frame": 28, "mu": [1.8838473961091846, 1.1145104682498261, 1.1515960485702341], "Sigma": [[0.002786456981331933, -0.0017424304947483492, 0.0009422339950534301], [-0.0017424304947483492, 0.005206523413624645, -0.0019185444873782301], [0.0009422339950534301, -0.00191854448737823, 0.006278493018625173]], "chi2_level": 0.95, "chi2_df": 3, "chi2_threshold": 7.814727903251179, "N_raw": 21, "N_roi": 21, "N_inlier": 18, "refit": true}
{"timestamp": "15:46:26.760966", "frame": 29, "mu": [1.8086874351704945, 1.1891865546575302, 1.2481672628799796], "Sigma": [[0.003883803015715703, -0.0016323252136319093, -0.0002743818576499506], [-0.0016323252136319093, 0.002655308851247642, -0.001555210924496696], [-0.0002743818576499504, -0.001555210924496696, 0.007546818273803404]], "chi2_level": 0.95, "chi2_df": 3, "chi2_threshold": 7.814727903251179, "N_raw": 17, "N_roi": 17, "N_inlier": 14, "refit": true}
{"timestamp": "15:46:26.870280", "frame": 31, "mu": [1.6216479521376255, 1.4649188386614047, -0.5734929968259567], "Sigma": [[0.0036342155138530657, -0.0024823209656816983, -0.005738949652692385], [-0.002482320965681698, 0.018229211090678692, -0.018645426254791778], [-0.005738949652692385, -0.018645426254791778, 0.04269792650492433]], "chi2_level": 0.95, "chi2_df": 3, "chi2_threshold": 7.814727903251179, "N_raw": 12, "N_roi": 12, "N_inlier": 11, "refit": true}
{"timestamp": "15:46:26.982756", "frame": 33, "mu": [1.685642936066181, 1.043916534631133, 1.1496073846938801], "Sigma": [[0.004275537473179754, -0.0029611399615318452, -9.212243517254487e-05], [-0.0029611399615318452, 0.006751718653291781, -0.002043666219899214], [-9.212243517254482e-05, -0.0020436662198992143, 0.000994608375464572]], "chi2_level": 0.95, "chi2_df": 3, "chi2_threshold": 7.814727903251179, "N_raw": 28, "N_roi": 28, "N_inlier": 26, "refit": true}
{"timestamp": "15:46:27.036562", "frame": 34, "mu": [1.6407779342457955, 1.1037176457698321, 1.2460472385361985], "Sigma": [[0.0031786786489409113, -0.002414713455815885, -0.0004447552727786452], [-0.002414713455815885, 0.005772959469346838, -6.485035506985829e-05], [-0.0004447552727786453, -6.485035506985829e-05, 0.0006048207794629777]], "chi2_level": 0.95, "chi2_df": 3, "chi2_threshold": 7.814727903251179, "N_raw": 21, "N_roi": 21, "N_inlier": 18, "refit": true}
{"timestamp": "15:46:27.093165", "frame": 35, "mu": [1.6970523855547557, 0.94116469675997, 1.2418432063242448], "Sigma": [[0.004778865425911859, -0.0017826002722193548, 0.0010898264015722875], [-0.0017826002722193548, 0.006822708588721135, -0.0005528265171146605], [0.001089826401572288, -0.0005528265171146605, 0.002278311218576181]], "chi2_level": 0.95, "chi2_df": 3, "chi2_threshold": 7.814727903251179, "N_raw": 26, "N_roi": 26, "N_inlier": 25, "refit": true}
{"timestamp": "15:46:27.150792", "frame": 36, "mu": [1.5936091563903343, 0.9784228123120043, 1.2305410158415149], "Sigma": [[0.00638396013661036, -0.0036417610291955083, -0.005394707841975002], [-0.0036417610291955083, 0.005946213057730768, -0.00189580975877342], [-0.005394707841975002, -0.0018958097587734202, 0.011799397631616616]], "chi2_level": 0.95, "chi2_df": 3, "chi2_threshold": 7.814727903251179, "N_raw": 48, "N_roi": 48, "N_inlier": 45, "refit": true}
{"timestamp": "15:46:27.201532", "frame": 37, "mu": [1.5147471628191325, 1.0336306136639404, 0.9912844167740539], "Sigma": [[0.0017632821994119044, -0.0005072188485749507, 0.0036133441679036347], [-0.0005072188485749508, 0.003128113083022149, -0.009343350396839208], [0.0036133441679036347, -0.00934335039683921, 0.08260087105017971]], "chi2_level": 0.95, "chi2_df": 3, "chi2_threshold": 7.814727903251179, "N_raw": 12, "N_roi": 12, "N_inlier": 12, "refit": true}
{"timestamp": "15:46:27.255501", "frame": 38, "mu": [1.5631480967633253, 0.9419285559549933, 1.1536643104472657], "Sigma": [[0.006957247392393081, -0.004852261916890546, 0.000285758269533858], [-0.004852261916890545, 0.00885675381559685, -0.015110087590335546], [0.0002857582695338576, -0.015110087590335544, 0.04667978186342834]], "chi2_level": 0.95, "chi2_df": 3, "chi2_threshold": 7.814727903251179, "N_raw": 14, "N_roi": 14, "N_inlier": 13, "refit": true}
{"timestamp": "15:46:27.319466", "frame": 39, "mu": [1.481313243965069, 1.2569930811268928, -0.6538291762500641], "Sigma": [[0.01275445139852825, -0.023207753681890937, 0.005310833853498097], [-0.023207753681890937, 0.0647170161370226, -0.03020113353402546], [0.005310833853498097, -0.030201133534025464, 0.027942540882764]], "chi2_level": 0.95, "chi2_df": 3, "chi2_threshold": 7.814727903251179, "N_raw": 67, "N_roi": 67, "N_inlier": 66, "refit": true}
{"timestamp": "15:46:27.364936", "frame": 40, "mu": [1.4775161951900573, 0.9664595331119036, 1.1354379087495676], "Sigma": [[0.0024844563719631967, -0.0021728802309133573, -0.0031660765081879738], [-0.0021728802309133564, 0.014010817879118233, -0.015027006096948506], [-0.0031660765081879738, -0.015027006096948504, 0.03438876675160972]], "chi2_level": 0.95, "chi2_df": 3, "chi2_threshold": 7.814727903251179, "N_raw": 9, "N_roi": 9, "N_inlier": 9, "refit": true}
{"timestamp": "15:46:27.422917", "frame": 41, "mu": [1.4490934511217615, 0.9705564462542496, 1.0401560107065797], "Sigma": [[0.006389000415599477, -0.007497919533209921, 0.014850882071657509], [-0.007497919533209921, 0.012550933629410729, -0.023064251279171225], [0.014850882071657509, -0.023064251279171225, 0.05310216949914349]], "chi2_level": 0.95, "chi2_df": 3, "chi2_threshold": 7.814727903251179, "N_raw": 38, "N_roi": 38, "N_inlier": 37, "refit": true}
{"timestamp": "15:46:27.476325", "frame": 42, "mu": [1.3890502522455004, 0.9414860770503808, 1.1746635338081837], "Sigma": [[0.0024019805404013692, -0.0017996649955315254, -0.0021877850307533008], [-0.0017996649955315254, 0.0038264508547174014, -0.0030904650426994192], [-0.002187785030753301, -0.0030904650426994197, 0.017347747269933354]], "chi2_level": 0.95, "chi2_df": 3, "chi2_threshold": 7.814727903251179, "N_raw": 17, "N_roi": 17, "N_inlier": 15, "refit": true}
{"timestamp": "15:46:27.531414", "frame": 43, "mu": [1.3693386560104195, 0.9486211316332623, 0.9692565377053669], "Sigma": [[0.004013221666100073, -0.005876139543768547, 0.003354528992312141], [-0.005876139543768547, 0.018053402734280476, -0.026306848332388034], [0.003354528992312141, -0.026306848332388034, 0.0628391114898551]], "chi2_level": 0.95, "chi2_df": 3, "chi2_threshold": 7.814727903251179, "N_raw": 19, "N_roi": 19, "N_inlier": 18, "refit": true}
{"timestamp": "15:46:27.586864", "frame": 44, "mu": [1.3021542266989117, 0.9617418984943321, 1.0694502225879536], "Sigma": [[0.0023274717231301137, -0.0017959064756849932, -0.006405097743156607], [-0.0017959064756849932, 0.00889856464575915, -0.015303955114348393], [-0.006405097743156606, -0.015303955114348393, 0.08411084766132859]], "chi2_level": 0.95, "chi2_df": 3, "chi2_threshold": 7.814727903251179, "N_raw": 28, "N_roi": 28, "N_inlier": 27, "refit": true}
{"timestamp": "15:46:27.644363", "frame": 45, "mu": [1.3029585635009455, 1.0214343322119477, -0.5184546509041493], "Sigma": [[0.0064629751380849655, -0.003988581285031087, -0.005924835378086281], [-0.003988581285031087, 0.006795730337097016, 0.0008244630804594597], [-0.005924835378086281, 0.0008244630804594598, 0.008259290694927673]], "chi2_level": 0.95, "chi2_df": 3, "chi2_threshold": 7.814727903251179, "N_raw": 43, "N_roi": 43, "N_inlier": 39, "refit": true}
{"timestamp": "15:46:27.697461", "frame": 46, "mu": [1.2401294834163628, 0.8891491391460488, 1.2233263547607685], "Sigma": [[0.004062408232532866, -0.002553612745381669, -0.0038616114947224826], [-0.002553612745381669, 0.005345343045932008, -0.0010433103905998639], [-0.0038616114947224826, -0.0010433103905998639, 0.007886894168929277]], "chi2_level": 0.95, "chi2_df": 3, "chi2_threshold": 7.814727903251179, "N_raw": 25, "N_roi": 25, "N_inlier": 23, "refit": true}
{"timestamp": "15:46:27.751135", "frame": 47, "mu": [1.226783678084613, 0.8064056382135535, 0.9479318188148862], "Sigma": [[0.002842780510708165, -0.0018934297569730648, -0.0041002289073668215], [-0.001893429756973065, 0.001875329313251048, 0.00047110736886930816], [-0.0041002289073668215, 0.00047110736886930816, 0.037405709022489186]], "chi2_level": 0.95, "chi2_df": 3, "chi2_threshold": 7.814727903251179, "N_raw": 20, "N_roi": 20, "N_inlier": 19, "refit": true}
{"timestamp": "15:46:27.809007", "frame": 48, "mu": [1.153306087961813, 0.9914588242368115, -0.4509131309350146], "Sigma": [[0.011670201466870065, -0.007194718959916399, -0.013155757959835474], [-0.007194718959916399, 0.006355985960125112, 0.006302116941531148], [-0.013155757959835474, 0.006302116941531148, 0.017548043628482342]], "chi2_level": 0.95, "chi2_df": 3, "chi2_threshold": 7.814727903251179, "N_raw": 45, "N_roi": 45, "N_inlier": 43, "refit": true}
{"timestamp": "15:46:27.862743", "frame": 49, "mu": [1.0617524095925504, 0.9072196970224498, 1.351759473933691], "Sigma": [[0.003042385632362394, -0.0014166077676777047, -0.005728077056469246], [-0.0014166077676777049, 0.002765501115754458, 0.000773680906647587], [-0.005728077056469246, 0.000773680906647587, 0.04200289180360249]], "chi2_level": 0.95, "chi2_df": 3, "chi2_threshold": 7.814727903251179, "N_raw": 31, "N_roi": 31, "N_inlier": 30, "refit": true}
{"timestamp": "15:46:27.922462", "frame": 50, "mu": [1.0270890539971038, 0.8856345069321379, 1.3544816990980426], "Sigma": [[0.005989134306130898, -0.003017878010626817, -0.005956712394935395], [-0.003017878010626817, 0.003986236937881715, -0.00016095148001984738], [-0.005956712394935395, -0.00016095148001984733, 0.011706107301125424]], "chi2_level": 0.95, "chi2_df": 3, "chi2_threshold": 7.814727903251179, "N_raw": 61, "N_roi": 61, "N_inlier": 58, "refit": true}
{"timestamp": "15:46:27.975777", "frame": 51, "mu": [0.9900098280113094, 0.8716159486540699, 1.258516816946619], "Sigma": [[0.004759597859210004, -0.0029801170562347382, -0.009770631569069335], [-0.0029801170562347382, 0.0027478487464091743, 0.006630952773144549], [-0.009770631569069335, 0.006630952773144549, 0.03681517096854223]], "chi2_level": 0.95, "chi2_df": 3, "chi2_threshold": 7.814727903251179, "N_raw": 46, "N_roi": 46, "N_inlier": 43, "refit": true}
{"timestamp": "15:46:28.032777", "frame": 52, "mu": [0.9517516507529744, 1.0294768777618117, -0.4507725845877249], "Sigma": [[0.007482757920231964, -0.001742980244047715, -0.014301446304162477], [-0.001742980244047715, 0.00368504662914232, 0.0011072077107019622], [-0.014301446304162477, 0.0011072077107019624, 0.036477884484599626]], "chi2_level": 0.95, "chi2_df": 3, "chi2_threshold": 7.814727903251179, "N_raw": 62, "N_roi": 62, "N_inlier": 61, "refit": true}
{"timestamp": "15:46:28.083783", "frame": 53, "mu": [1.0390484056005977, 0.8065549948408629, 1.266413862868911], "Sigma": [[0.002888019472825941, -0.0017575475090758261, -0.0016740468953678003], [-0.0017575475090758261, 0.0022897074953757658, -0.0015547274646914835], [-0.0016740468953678003, -0.0015547274646914837, 0.007267225388309823]], "chi2_level": 0.95, "chi2_df": 3, "chi2_threshold": 7.814727903251179, "N_raw": 33, "N_roi": 33, "N_inlier": 29, "refit": true}
{"timestamp": "15:46:28.140448", "frame": 54, "mu": [0.8521786104050548, 0.8729451376469572, -0.586231637664288], "Sigma": [[0.005393398844185648, -0.0014856248425151983, -0.003898861873575232], [-0.0014856248425151983, 0.002673765952912398, -0.00037826042025057176], [-0.003898861873575232, -0.0003782604202505717, 0.004185282363289367]], "chi2_level": 0.95, "chi2_df": 3, "chi2_threshold": 7.814727903251179, "N_raw": 49, "N_roi": 49, "N_inlier": 48, "refit": true}
{"timestamp": "15:46:28.192735", "frame": 55, "mu": [0.8490246634079394, 0.8402626360905389, 1.2769618495026336], "Sigma": [[0.00600240034739514, -0.0016441448164720763, -0.01586714190258839], [-0.0016441448164720763, 0.0011506689664227525, 0.002192858274261045], [-0.01586714190258839, 0.0021928582742610447, 0.059775439588509074]], "chi2_level": 0.95, "chi2_df": 3, "chi2_threshold": 7.814727903251179, "N_raw": 27, "N_roi": 26, "N_inlier": 25, "refit": true}
{"timestamp": "15:46:28.247140", "frame": 56, "mu": [0.759483559857547, 0.8391374336786742, 1.4481716261380315], "Sigma": [[0.0034903878370512948, -0.0008508548437597114, -0.0032307752339950932], [-0.0008508548437597114, 0.0027537505737500164, 0.0010816827458835954], [-0.0032307752339950932, 0.0010816827458835954, 0.004652135703533238]], "chi2_level": 0.95, "chi2_df": 3, "chi2_threshold": 7.814727903251179, "N_raw": 32, "N_roi": 32, "N_inlier": 29, "refit": true}
{"timestamp": "15:46:28.300807", "frame": 57, "mu": [0.8227402408162044, 0.6938484884495387, 1.0609573886995418], "Sigma": [[0.004364918777756201, -0.0033752897529994953, -0.013469662051379934], [-0.0033752897529994953, 0.011982451527033304, 0.03376988492082194], [-0.013469662051379934, 0.03376988492082194, 0.10410266034675465]], "chi2_level": 0.95, "chi2_df": 3, "chi2_threshold": 7.814727903251179, "N_raw": 14, "N_roi": 14, "N_inlier": 12, "refit": true}
{"timestamp": "15:46:28.358399", "frame": 58, "mu": [0.6731817532331009, 0.8226026858233746, 1.43848500734522], "Sigma": [[0.0021812645436024188, -0.00044889542264639265, -0.001005993767181655], [-0.00044889542264639265, 0.003465655592568009, -0.0007477926034916203], [-0.0010059937671816552, -0.0007477926034916203, 0.000872837192071283]], "chi2_level": 0.95, "chi2_df": 3, "chi2_threshold": 7.814727903251179, "N_raw": 37, "N_roi": 37, "N_inlier": 36, "refit": true}
{"timestamp": "15:46:28.416621", "frame": 59, "mu": [0.6509430471852976, 0.780226468303412, 1.4291958908243307], "Sigma": [[0.0027228254492850336, 0.0002152723953907996, -0.0014369339364471178], [0.00021527239539079955, 0.0031975100007035438, -0.002209307862129501], [-0.0014369339364471178, -0.002209307862129501, 0.002468327307930566]], "chi2_level": 0.95, "chi2_df": 3, "chi2_threshold": 7.814727903251179, "N_raw": 56, "N_roi": 56, "N_inlier": 50, "refit": true}
{"timestamp": "15:46:28.473740", "frame": 60, "mu": [0.631843820642137, 0.7411448883551656, 1.3111520321493904], "Sigma": [[0.003759097978723968, -0.0011251761237551206, -0.010339376880782212], [-0.0011251761237551206, 0.004337187507402133, 0.006410289093506636], [-0.010339376880782212, 0.006410289093506636, 0.08488899618629722]], "chi2_level": 0.95, "chi2_df": 3, "chi2_threshold": 7.814727903251179, "N_raw": 71, "N_roi": 71, "N_inlier": 71, "refit": true}
{"timestamp": "15:46:28.529725", "frame": 61, "mu": [0.6143823114884599, 0.7123559199700414, 1.2929503139438847], "Sigma": [[0.003801625626477757, -0.00017920240651355608, -0.002840406245758117], [-0.00017920240651355608, 0.0029022818241740732, 0.00552446927983309], [-0.0028404062457581176, 0.00552446927983309, 0.07315696816923403]], "chi2_level": 0.95, "chi2_df": 3, "chi2_threshold": 7.814727903251179, "N_raw": 78, "N_roi": 78, "N_inlier": 77, "refit": true}
{"timestamp": "15:46:28.583156", "frame": 62, "mu": [0.5751754677065987, 0.7115134830338685, 1.3882498566090251], "Sigma": [[0.004387676876397666, -0.002059520850259049, -0.005431934316211077], [-0.0020595208502590494, 0.0018212238632042282, 0.0019241567943278728], [-0.005431934316211076, 0.0019241567943278728, 0.012221897585747661]], "chi2_level": 0.95, "chi2_df": 3, "chi2_threshold": 7.814727903251179, "N_raw": 52, "N_roi": 52, "N_inlier": 48, "refit": true}
{"timestamp": "15:46:28.636251", "frame": 63, "mu": [0.5498355574546352, 0.6981057395499358, 1.3996151229698812], "Sigma": [[0.0025944347745128094, -0.00042739770087875313, -0.0026058200142265995], [-0.0004273977008787532, 0.001344885420190586, -0.00036486985595299406], [-0.0026058200142266, -0.00036486985595299417, 0.023933367227049057]], "chi2_level": 0.95, "chi2_df": 3, "chi2_threshold": 7.814727903251179, "N_raw": 46, "N_roi": 45, "N_inlier": 41, "refit": true}
{"timestamp": "15:46:28.689652", "frame": 64, "mu": [0.49139300402999286, 0.733365261963354, 1.4578469942196148], "Sigma": [[0.0025513677874931117, 8.232500626143623e-05, -0.0026343947871459413], [8.232500626143623e-05, 0.0012617570054853007, -0.0005326160807603144], [-0.0026343947871459413, -0.0005326160807603144, 0.009370157684466704]], "chi2_level": 0.95, "chi2_df": 3, "chi2_threshold": 7.814727903251179, "N_raw": 42, "N_roi": 42, "N_inlier": 38, "refit": true}
{"timestamp": "15:46:28.744540", "frame": 65, "mu": [0.5276513584047459, 0.686713461220262, 1.2639379269132847], "Sigma": [[0.001288562030010945, -0.00028964498011258867, -0.0018835805910670145], [-0.0002896449801125888, 0.0007604855658758687, -0.0001545458425532635], [-0.001883580591067015, -0.00015454584255326342, 0.011848181254752075]], "chi2_level": 0.95, "chi2_df": 3, "chi2_threshold": 7.814727903251179, "N_raw": 42, "N_roi": 42, "N_inlier": 39, "refit": true}
{"timestamp": "15:46:28.797429", "frame": 66, "mu": [0.41971219814096383, 0.71463051788667, 1.3354466149207382], "Sigma": [[0.0008996105248429133, 0.000316225752863149, 0.000938640065071382], [0.000316225752863149, 0.0005235705967800752, 0.00010063011646207977], [0.0009386400650713816, 0.00010063011646207966, 0.04000188188643655]], "chi2_level": 0.95, "chi2_df": 3, "chi2_threshold": 7.814727903251179, "N_raw": 28, "N_roi": 28, "N_inlier": 25, "refit": true}
{"timestamp": "15:46:28.853209", "frame": 67, "mu": [0.305253308703541, 0.7674917313313548, 1.4570614718834805], "Sigma": [[0.0025668022353203925, -0.0007918260828881406, -0.0032009623649180688], [-0.0007918260828881406, 0.0016235247088739323, -0.0004546298106930887], [-0.0032009623649180688, -0.0004546298106930887, 0.007465406911303372]], "chi2_level": 0.95, "chi2_df": 3, "chi2_threshold": 7.814727903251179, "N_raw": 38, "N_roi": 38, "N_inlier": 34, "refit": true}
{"timestamp": "15:46:28.913788", "frame": 68, "mu": [0.34030544498186444, 0.7117753263763792, 1.3932894469041288], "Sigma": [[0.0041767491500636295, -0.0005702261709224102, -0.004804749296587491], [-0.0005702261709224102, 0.0015169057646280584, -0.0009021749677706613], [-0.004804749296587492, -0.0009021749677706613, 0.007844199166086852]], "chi2_level": 0.95, "chi2_df": 3, "chi2_threshold": 7.814727903251179, "N_raw": 72, "N_roi": 72, "N_inlier": 70, "refit": true}
{"timestamp": "15:46:28.961495", "frame": 69, "mu": [0.37400832627577474, 0.7122161642158498, 1.1329753274286372], "Sigma": [[0.0031452016640251936, 0.0017751711341435483, 0.01470631979291267], [0.0017751711341435483, 0.002708157865777024, 0.012331807937699227], [0.01470631979291267, 0.012331807937699227, 0.10623901611865304]], "chi2_level": 0.95, "chi2_df": 3, "chi2_threshold": 7.814727903251179, "N_raw": 16, "N_roi": 16, "N_inlier": 14, "refit": true}
{"timestamp": "15:46:29.022294", "frame": 70, "mu": [0.26020784308977096, 0.7427297792195159, 1.4308579474160101], "Sigma": [[0.002629524223367005, 0.0004736145143766155, -0.002596735477342909], [0.00047361451437661543, 0.0017135506642929903, -0.0023455180233072008], [-0.002596735477342909, -0.0023455180233072008, 0.005165050158296416]], "chi2_level": 0.95, "chi2_df": 3, "chi2_threshold": 7.814727903251179, "N_raw": 67, "N_roi": 67, "N_inlier": 63, "refit": true}
{"timestamp": "15:46:29.076212", "frame": 71, "mu": [0.2093166636496622, 0.6952508907661248, 1.4111505411587335], "Sigma": [[0.0012741264652377446, -0.0008472470269176819, -0.002518697365697662], [-0.000847247026917682, 0.005931674850743765, 0.009214209608955541], [-0.002518697365697662, 0.009214209608955543, 0.02583214514214871]], "chi2_level": 0.95, "chi2_df": 3, "chi2_threshold": 7.814727903251179, "N_raw": 50, "N_roi": 50, "N_inlier": 48, "refit": true}
{"timestamp": "15:46:29.132881", "frame": 72, "mu": [0.1609601258043881, 0.7180554372080787, 1.2181782774381396], "Sigma": [[0.0015085224782281647, 0.0008265238341038086, 0.006183559257440697], [0.0008265238341038086, 0.0030505838089479333, 0.01111518807014078], [0.006183559257440697, 0.01111518807014078, 0.08980108574314491]], "chi2_level": 0.95, "chi2_df": 3, "chi2_threshold": 7.814727903251179, "N_raw": 62, "N_roi": 61, "N_inlier": 60, "refit": true}
{"timestamp": "15:46:29.187902", "frame": 73, "mu": [0.1550624183466254, 0.7030742738439807, 1.3528255934781022], "Sigma": [[0.0024213333463805296, -0.0011701135211694027, -0.0038166866755826377], [-0.0011701135211694027, 0.0031570565138215835, 0.00025812647592387986], [-0.003816686675582638, 0.00025812647592387975, 0.009795084031880466]], "chi2_level": 0.95, "chi2_df": 3, "chi2_threshold": 7.814727903251179, "N_raw": 68, "N_roi": 68, "N_inlier": 66, "refit": true}
{"timestamp": "15:46:29.242811", "frame": 74, "mu": [0.07536720424689013, 0.7553150294264037, 1.3506441338425215], "Sigma": [[0.0022177489375051554, -0.00010415449282705276, -0.00322841446153825], [-0.00010415449282705276, 0.0026629997345991095, -0.0019322129031364957], [-0.0032284144615382505, -0.001932212903136496, 0.0072695404925594825]], "chi2_level": 0.95, "chi2_df": 3, "chi2_threshold": 7.814727903251179, "N_raw": 65, "N_roi": 65, "N_inlier": 64, "refit": true}
{"timestamp": "15:46:29.289811", "frame": 75, "mu": [0.10776351826133346, 0.6859255846250072, 0.8281937926032864], "Sigma": [[0.0016607994895679902, -0.0016817265921411548, -0.022437746507916512], [-0.0016817265921411548, 0.0072688117406048015, 0.04873141535523111], [-0.022437746507916512, 0.04873141535523111, 0.43260115811040684]], "chi2_level": 0.95, "chi2_df": 3, "chi2_threshold": 7.814727903251179, "N_raw": 9, "N_roi": 9, "N_inlier": 8, "refit": true}
{"timestamp": "15:46:29.351126", "frame": 76, "mu": [0.031804612208007184, 0.7060471823932236, 1.3229727570130914], "Sigma": [[0.001820756459060334, -0.0005445564563259768, -0.0021152136673138373], [-0.0005445564563259768, 0.0002966144210221095, 8.726137126955597e-05], [-0.0021152136673138373, 8.726137126955597e-05, 0.010501103610427706]], "chi2_level": 0.95, "chi2_df": 3, "chi2_threshold": 7.814727903251179, "N_raw": 57, "N_roi": 57, "N_inlier": 57, "refit": true}
{"timestamp": "15:46:29.403603", "frame": 77, "mu": [-0.004219875910578211, 0.7751873898867561, 1.4673442616198231], "Sigma": [[0.0011665446688707423, -0.00013732538586403955, 9.794398539370567e-05], [-0.00013732538586403955, 0.0015664091259651428, -0.0010739022040701296], [9.794398539370567e-05, -0.0010739022040701298, 0.0007377973551897314]], "chi2_level": 0.95, "chi2_df": 3, "chi2_threshold": 7.814727903251179, "N_raw": 36, "N_roi": 36, "N_inlier": 34, "refit": true}
{"timestamp": "15:46:29.461469", "frame": 78, "mu": [-0.10582334322041573, 0.7284381804573742, 1.439606298917163], "Sigma": [[0.001551237756590217, -0.0003344265499541871, -0.00023721980169246116], [-0.0003344265499541871, 0.0015878690749082985, -0.0020324702832093394], [-0.0002372198016924611, -0.0020324702832093394, 0.0032347942300699362]], "chi2_level": 0.95, "chi2_df": 3, "chi2_threshold": 7.814727903251179, "N_raw": 57, "N_roi": 57, "N_inlier": 55, "refit": true}
{"timestamp": "15:46:29.517146", "frame": 79, "mu": [-0.14424682602657132, 0.8388544167111155, -0.33434934213569606], "Sigma": [[0.0013523157653184362, 3.759418824546046e-05, -0.0008815689066867614], [3.759418824546046e-05, 0.002526866709245929, -0.0031833282463297964], [-0.0008815689066867614, -0.0031833282463297964, 0.004955632007052699]], "chi2_level": 0.95, "chi2_df": 3, "chi2_threshold": 7.814727903251179, "N_raw": 58, "N_roi": 58, "N_inlier": 55, "refit": true}
{"timestamp": "15:46:29.565810", "frame": 80, "mu": [-0.20589603492363065, 0.9590157332893946, -0.7119125203730217], "Sigma": [[0.00953200735970396, -0.008846367807365653, 0.04165064983245257], [-0.008846367807365653, 0.013285040540490857, -0.058016385101481646], [0.04165064983245258, -0.05801638510148165, 0.26220697006813615]], "chi2_level": 0.95, "chi2_df": 3, "chi2_threshold": 7.814727903251179, "N_raw": 13, "N_roi": 13, "N_inlier": 13, "refit": true}
{"timestamp": "15:46:29.628701", "frame": 81, "mu": [-0.22678845687738172, 0.703839437561262, 1.3321315227174604], "Sigma": [[0.001944987314972469, -0.0012030093460664742, 1.3271772366889008e-05], [-0.0012030093460664742, 0.0036777840082864, -0.002985530528355895], [1.327177236688909e-05, -0.002985530528355895, 0.003795613116186781]], "chi2_level": 0.95, "chi2_df": 3, "chi2_threshold": 7.814727903251179, "N_raw": 71, "N_roi": 71, "N_inlier": 68, "refit": true}
{"timestamp": "15:46:29.680364", "frame": 82, "mu": [-0.2653785738284841, 0.68838900064626, 1.479032077360529], "Sigma": [[0.0012325251063417051, -0.0001560415837494774, -0.0008349635622905036], [-0.00015604158374947738, 0.0012709229793584729, -0.0017531231209064516], [-0.0008349635622905035, -0.0017531231209064516, 0.006250936678270374]], "chi2_level": 0.95, "chi2_df": 3, "chi2_threshold": 7.814727903251179, "N_raw": 48, "N_roi": 48, "N_inlier": 43, "refit": true}
{"timestamp": "15:46:29.740206", "frame": 83, "mu": [-0.2657381260866073, 0.6365434776574497, 1.2633728082348896], "Sigma": [[0.0022569544325523674, -0.0016029731100789886, -0.0015502346751631963], [-0.0016029731100789886, 0.0038512108005260334, -0.0009022917541911346], [-0.0015502346751631963, -0.0009022917541911346, 0.009992835925328339]], "chi2_level": 0.95, "chi2_df": 3, "chi2_threshold": 7.814727903251179, "N_raw": 84, "N_roi": 80, "N_inlier": 77, "refit": true}
{"timestamp": "15:46:29.795578", "frame": 84, "mu": [-0.34367770415372967, 0.6667453355789825, 1.4122100713824193], "Sigma": [[0.0016358435721128052, -0.0005318876274048312, -0.0009696235419248366], [-0.0005318876274048312, 0.0009201848601062668, 6.767572826622478e-06], [-0.0009696235419248366, 6.76757282662237e-06, 0.015201370775066982]], "chi2_level": 0.95, "chi2_df": 3, "chi2_threshold": 7.814727903251179, "N_raw": 74, "N_roi": 69, "N_inlier": 66, "refit": true}
{"timestamp": "15:46:29.849022", "frame": 85, "mu": [-0.3668144780770191, 0.681350225727085, 1.3445929642641945], "Sigma": [[0.0019355433984834666, -0.00037968787161245395, 0.0008228973118136043], [-0.00037968787161245395, 0.0012592395016984205, -0.0028784968686888027], [0.0008228973118136043, -0.0028784968686888027, 0.0082411115710276]], "chi2_level": 0.95, "chi2_df": 3, "chi2_threshold": 7.814727903251179, "N_raw": 71, "N_roi": 69, "N_inlier": 67, "refit": true}
{"timestamp": "15:46:29.900293", "frame": 86, "mu": [-0.41033149041060824, 0.5314427224188737, 1.2461665076888728], "Sigma": [[0.001615133046591943, 0.0003542665846984347, -0.00039287756263662487], [0.0003542665846984348, 0.006389991826576568, 0.005252328970631438], [-0.00039287756263662487, 0.005252328970631439, 0.012974697889701544]], "chi2_level": 0.95, "chi2_df": 3, "chi2_threshold": 7.814727903251179, "N_raw": 46, "N_roi": 45, "N_inlier": 43, "refit": true}
{"timestamp": "15:46:29.956733", "frame": 87, "mu": [-0.5209969163393644, 0.7529332294644592, -0.4128672519431228], "Sigma": [[0.02523051979526221, 0.015049352501106127, -0.03212821134324042], [0.015049352501106127, 0.011942088037592438, -0.02288750643105173], [-0.03212821134324042, -0.022887506431051734, 0.04836781166555352]], "chi2_level": 0.95, "chi2_df": 3, "chi2_threshold": 7.814727903251179, "N_raw": 52, "N_roi": 52, "N_inlier": 50, "refit": true}
{"timestamp": "15:46:30.010612", "frame": 88, "mu": [-0.6193110025754726, 0.6030277023080464, 1.557708005668438], "Sigma": [[0.02457206149187021, 0.004579554183272711, -0.028326889970422167], [0.004579554183272711, 0.003304130381494595, -0.0043886478748099466], [-0.028326889970422167, -0.004388647874809947, 0.04414984532742709]], "chi2_level": 0.95, "chi2_df": 3, "chi2_threshold": 7.814727903251179, "N_raw": 48, "N_roi": 48, "N_inlier": 46, "refit": true}
{"timestamp": "15:46:30.063830", "frame": 89, "mu": [-0.6446346876986735, 0.5420972814051553, 1.404295374349927], "Sigma": [[0.028524975364594734, 0.008587270571313534, -0.029444495839158636], [0.008587270571313534, 0.0035443784687262483, -0.008543810572073865], [-0.029444495839158636, -0.008543810572073865, 0.04102903150830911]], "chi2_level": 0.95, "chi2_df": 3, "chi2_threshold": 7.814727903251179, "N_raw": 38, "N_roi": 38, "N_inlier": 37, "refit": true}
{"timestamp": "15:46:30.116960", "frame": 90, "mu": [-0.7411482563891675, 0.6677214319776956, -0.26100377024793503], "Sigma": [[0.022652849624731103, 0.013285807494848829, -0.036058396669497554], [0.013285807494848829, 0.010773854140186964, -0.024198937592382827], [-0.03605839666949755, -0.024198937592382827, 0.06159412775378595]], "chi2_level": 0.95, "chi2_df": 3, "chi2_threshold": 7.814727903251179, "N_raw": 19, "N_roi": 19, "N_inlier": 17, "refit": true}
{"timestamp": "15:46:30.173168", "frame": 91, "mu": [-0.8385100834760394, 0.5830882128062308, 1.7220617382256524], "Sigma": [[0.009436944839548324, 0.002901517658602473, -0.009924462949674707], [0.002901517658602473, 0.003373520042561407, -0.004475836023093021], [-0.009924462949674705, -0.00447583602309302, 0.016598529500778142]], "chi2_level": 0.95, "chi2_df": 3, "chi2_threshold": 7.814727903251179, "N_raw": 36, "N_roi": 36, "N_inlier": 33, "refit": true}
{"timestamp": "15:46:30.231300", "frame": 92, "mu": [-0.8768996355759651, 0.5759104531457406, 1.6832962416849704], "Sigma": [[0.00714737118230951, 0.0014844600365872618, -0.004447063678790608], [0.0014844600365872616, 0.0031693073741789193, -0.003304716260578645], [-0.004447063678790608, -0.0033047162605786455, 0.006454095343118838]], "chi2_level": 0.95, "chi2_df": 3, "chi2_threshold": 7.814727903251179, "N_raw": 55, "N_roi": 55, "N_inlier": 50, "refit": true}
{"timestamp": "15:46:30.284810", "frame": 93, "mu": [-0.8942535146498644, 0.574370988439253, 1.6519815674278053], "Sigma": [[0.007114931075259265, 0.0017926052128981423, -0.0027222541216516674], [0.0017926052128981423, 0.002140568053921812, -0.00309812050096848], [-0.0027222541216516674, -0.00309812050096848, 0.006190559513140145]], "chi2_level": 0.95, "chi2_df": 3, "chi2_threshold": 7.814727903251179, "N_raw": 45, "N_roi": 45, "N_inlier": 42, "refit": true}
{"timestamp": "15:46:30.341352", "frame": 94, "mu": [-0.9046004055500421, 0.5727283245305456, 1.4831874420139273], "Sigma": [[0.01339893493527056, 0.009953006399413478, -0.014532678434863354], [0.009953006399413478, 0.011329447813532859, -0.016823283300783743], [-0.014532678434863354, -0.016823283300783743, 0.028049479768248307]], "chi2_level": 0.95, "chi2_df": 3, "chi2_threshold": 7.814727903251179, "N_raw": 55, "N_roi": 55, "N_inlier": 54, "refit": true}
{"timestamp": "15:46:30.392610", "frame": 95, "mu": [-0.9550649790787309, 0.6086834738242625, 1.5643259379684833], "Sigma": [[0.009777229110020429, 0.0034284701291214872, -0.010641066304315331], [0.0034284701291214872, 0.0029926806966057294, -0.00699640532466167], [-0.010641066304315331, -0.006996405324661671, 0.02332458519465993]], "chi2_level": 0.95, "chi2_df": 3, "chi2_threshold": 7.814727903251179, "N_raw": 32, "N_roi": 32, "N_inlier": 30, "refit": true}
{"timestamp": "15:46:30.451789", "frame": 96, "mu": [-0.901020329640932, 0.6369037031718238, 1.3378563140855915], "Sigma": [[0.013521011856533193, 0.008736764122095198, -0.027826383938669253], [0.008736764122095198, 0.006559097609812913, -0.01664337436679453], [-0.027826383938669253, -0.01664337436679453, 0.08515505797461032]], "chi2_level": 0.95, "chi2_df": 3, "chi2_threshold": 7.814727903251179, "N_raw": 57, "N_roi": 57, "N_inlier": 52, "refit": true}
{"timestamp": "15:46:30.501612", "frame": 97, "mu": [-0.9411984689143567, 0.6360727780353281, 1.4178771940944455], "Sigma": [[0.007170312378244329, 0.0018580858431744556, -0.02353447216311056], [0.0018580858431744556, 0.002558267366638325, -0.007100777380722463], [-0.02353447216311056, -0.007100777380722463, 0.10532183962056893]], "chi2_level": 0.95, "chi2_df": 3, "chi2_threshold": 7.814727903251179, "N_raw": 20, "N_roi": 20, "N_inlier": 19, "refit": true}
{"timestamp": "15:46:30.559082", "frame": 98, "mu": [-1.026673986105781, 0.6523041657957876, 1.5767986785102217], "Sigma": [[0.0053043650023781915, 0.0023674757924316203, -0.0025446903253354305], [0.0023674757924316203, 0.004724902747132263, -0.0049049637519658846], [-0.0025446903253354305, -0.0049049637519658846, 0.007801700414046235]], "chi2_level": 0.95, "chi2_df": 3, "chi2_threshold": 7.814727903251179, "N_raw": 45, "N_roi": 45, "N_inlier": 42, "refit": true}
{"timestamp": "15:46:30.615032", "frame": 99, "mu": [-1.0931259409919443, 0.6453041106463516, 1.5253985198996522], "Sigma": [[0.004800263325779284, 0.0017509849789645387, -0.003111505592348156], [0.0017509849789645383, 0.004000387828496229, -0.005940003161289311], [-0.0031115055923481567, -0.005940003161289311, 0.011406525024142111]], "chi2_level": 0.95, "chi2_df": 3, "chi2_threshold": 7.814727903251179, "N_raw": 42, "N_roi": 42, "N_inlier": 39, "refit": true}
{"timestamp": "15:46:30.751109", "frame": 100, "mu": [-1.1688113606559758, 0.5777541062765572, 1.4408349916799057], "Sigma": [[0.004454726701386406, 0.0021715436766298534, 0.0011347617712839791], [0.0021715436766298534, 0.0033873454517536843, -0.0021910014374282123], [0.0011347617712839791, -0.0021910014374282123, 0.004765104833118861]], "chi2_level": 0.95, "chi2_df": 3, "chi2_threshold": 7.814727903251179, "N_raw": 46, "N_roi": 46, "N_inlier": 42, "refit": true}
{"timestamp": "15:46:30.755925", "frame": 101, "mu": [-1.1456227809063153, 0.6763462131398581, -0.5033669014512455], "Sigma": [[0.005732873146487576, 0.00766510885894783, -0.002585933593333546], [0.00766510885894783, 0.020031491617682962, -0.010978384139980611], [-0.002585933593333546, -0.010978384139980611, 0.008758668919255084]], "chi2_level": 0.95, "chi2_df": 3, "chi2_threshold": 7.814727903251179, "N_raw": 40, "N_roi": 40, "N_inlier": 38, "refit": true}
{"timestamp": "15:46:30.799340", "frame": 102, "mu": [-1.172398797130527, 0.5961300977156426, 1.329379072016704], "Sigma": [[0.006513512354903839, 0.006939749293325886, -0.0069191215305566215], [0.006939749293325886, 0.019455379292985315, -0.013240332322289123], [-0.0069191215305566215, -0.013240332322289123, 0.014433303425643062]], "chi2_level": 0.95, "chi2_df": 3, "chi2_threshold": 7.814727903251179, "N_raw": 41, "N_roi": 41, "N_inlier": 39, "refit": true}
{"timestamp": "15:46:30.836539", "frame": 103, "mu": [-1.2466735080469769, 0.6885612418735112, -0.4633731613857049], "Sigma": [[0.006908415289700599, 0.003871677464875595, 0.0005477537555832388], [0.003871677464875595, 0.011903658256820883, -0.0037759883355346175], [0.0005477537555832388, -0.0037759883355346175, 0.003436698067351955]], "chi2_level": 0.95, "chi2_df": 3, "chi2_threshold": 7.814727903251179, "N_raw": 61, "N_roi": 61, "N_inlier": 59, "refit": true}
{"timestamp": "15:46:30.890974", "frame": 104, "mu": [-1.243885933583392, 0.6602818275138659, 1.3914480909883393], "Sigma": [[0.006790160542318585, 0.0007519107095607018, -0.0012375931579633194], [0.0007519107095607018, 0.005105131282901372, -0.0029255824610338677], [-0.0012375931579633199, -0.0029255824610338677, 0.0027130299570273784]], "chi2_level": 0.95, "chi2_df": 3, "chi2_threshold": 7.814727903251179, "N_raw": 53, "N_roi": 53, "N_inlier": 52, "refit": true}
{"timestamp": "15:46:30.948354", "frame": 105, "mu": [-1.3039321103623505, 0.6295147871469149, 1.4082148458018175], "Sigma": [[0.008549238783857547, 0.0026559129479955873, -0.00261035536750977], [0.002655912947995587, 0.00983792973974921, -0.005669723791235138], [-0.002610355367509769, -0.005669723791235138, 0.005359072247630193]], "chi2_level": 0.95, "chi2_df": 3, "chi2_threshold": 7.814727903251179, "N_raw": 72, "N_roi": 72, "N_inlier": 69, "refit": true}
{"timestamp": "15:46:31.000771", "frame": 106, "mu": [-1.3656778866968349, 0.6629199021281713, 1.421083217682911], "Sigma": [[0.005809397227306849, 0.0017089794156758147, -0.0010629078199670093], [0.0017089794156758147, 0.009921370908005598, -0.0045394658764827], [-0.0010629078199670089, -0.004539465876482699, 0.004155619235242994]], "chi2_level": 0.95, "chi2_df": 3, "chi2_threshold": 7.814727903251179, "N_raw": 54, "N_roi": 54, "N_inlier": 52, "refit": true}
{"timestamp": "15:46:31.056294", "frame": 107, "mu": [-1.4245452374943044, 0.5465094547422102, 1.2837427467773053], "Sigma": [[0.005128476718043027, 0.004673511228411654, -0.0004966184439078752], [0.004673511228411654, 0.007158318929925876, -0.004821526805730737], [-0.0004966184439078752, -0.004821526805730737, 0.020522026667285823]], "chi2_level": 0.95, "chi2_df": 3, "chi2_threshold": 7.814727903251179, "N_raw": 59, "N_roi": 55, "N_inlier": 53, "refit": true}
{"timestamp": "15:46:31.116807", "frame": 108, "mu": [-1.419681941222331, 0.810390046280419, -0.4400977121537337], "Sigma": [[0.0060686348328011066, 0.004508301194721242, 0.0008879319124418632], [0.004508301194721242, 0.013413030132302693, 0.0030911255165938685], [0.0008879319124418633, 0.0030911255165938676, 0.0337313890435796]], "chi2_level": 0.95, "chi2_df": 3, "chi2_threshold": 7.814727903251179, "N_raw": 93, "N_roi": 67, "N_inlier": 64, "refit": true}
{"timestamp": "15:46:31.168497", "frame": 109, "mu": [-1.456198685687702, 0.7005704150450626, 1.27968087338895], "Sigma": [[0.00522790136174696, 0.00452087128997998, 0.0008717029634085472], [0.00452087128997998, 0.007361100949079436, -0.006265070563066102], [0.0008717029634085472, -0.006265070563066102, 0.0231605695594505]], "chi2_level": 0.95, "chi2_df": 3, "chi2_threshold": 7.814727903251179, "N_raw": 65, "N_roi": 65, "N_inlier": 63, "refit": true}
