{"timestamp": "15:22:44.702974", "frame": 28, "mu": [2.354736066883395, 0.9293985940190559, -0.9415428607322025], "Sigma": [[0.0036018143579518045, -0.001506859557871676, -0.006407216776285536], [-0.001506859557871676, 0.007077116423566191, -0.0020678011791427317], [-0.006407216776285537, -0.0020678011791427317, 0.025263871318399373]], "chi2_level": 0.95, "chi2_df": 3, "chi2_threshold": 7.814727903251179, "N_raw": 14, "N_roi": 14, "N_inlier": 14, "refit": true}
{"timestamp": "15:22:45.143241", "frame": 36, "mu": [1.919030460167576, 0.7623626472967504, 1.0719479578104785], "Sigma": [[0.004686296627775049, -0.0024787260268236263, -0.011379591499434662], [-0.0024787260268236268, 0.006759332544529007, -0.0009945203554854974], [-0.011379591499434662, -0.000994520355485497, 0.04634161320267174]], "chi2_level": 0.95, "chi2_df": 3, "chi2_threshold": 7.814727903251179, "N_raw": 7, "N_roi": 7, "N_inlier": 7, "refit": true}
{"timestamp": "15:22:45.197970", "frame": 37, "mu": [1.8680456317525498, 0.8060964153656333, 1.2158833270947746], "Sigma": [[0.0021629894530019907, 0.002341771485562546, -0.006715388825644906], [0.002341771485562546, 0.005485788020123862, -0.00942981376588561], [-0.006715388825644906, -0.00942981376588561, 0.031676449479947556]], "chi2_level": 0.95, "chi2_df": 3, "chi2_threshold": 7.814727903251179, "N_raw": 10, "N_roi": 10, "N_inlier": 10, "refit": true}
{"timestamp": "15:22:45.254624", "frame": 38, "mu": [1.8246780600969443, 0.7403736075918689, 1.3330807512279061], "Sigma": [[0.002698454816579269, -0.002026883660188307, -0.0027447007043955953], [-0.0020268836601883074, 0.00606244627608138, -0.0033117355262371156], [-0.0027447007043955953, -0.0033117355262371156, 0.010472610452796283]], "chi2_level": 0.95, "chi2_df": 3, "chi2_threshold": 7.814727903251179, "N_raw": 24, "N_roi": 24, "N_inlier": 21, "refit": true}
{"timestamp": "15:22:45.313415", "frame": 39, "mu": [1.7973865527312336, 0.7552999921444222, 1.1973580632110132], "Sigma": [[0.004263085684080749, -0.005382750899566425, -0.0035633275192938378], [-0.005382750899566424, 0.008870610012404488, 3.142832457133076e-05], [-0.003563327519293837, 3.14283245713306e-05, 0.012835902287043862]], "chi2_level": 0.95, "chi2_df": 3, "chi2_threshold": 7.814727903251179, "N_raw": 35, "N_roi": 35, "N_inlier": 33, "refit": true}
{"timestamp": "15:22:45.367458", "frame": 40, "mu": [1.67763816944279, 0.8092822678779353, 1.35630313140917], "Sigma": [[0.0034445836677674613, -0.0037225857605703372, -0.0031695942123846103], [-0.003722585760570337, 0.008264431166070568, -0.0003929599974419538], [-0.0031695942123846103, -0.0003929599974419541, 0.00966885528218559]], "chi2_level": 0.95, "chi2_df": 3, "chi2_threshold": 7.814727903251179, "N_raw": 29, "N_roi": 29, "N_inlier": 28, "refit": true}
{"timestamp": "15:22:45.424479", "frame": 41, "mu": [1.6510152764753339, 0.753666260038271, 1.320221550754425], "Sigma": [[0.0061661022833595465, -0.005846410593660569, -0.007091930729235085], [-0.005846410593660569, 0.009602945889338188, 0.0025274923581027594], [-0.007091930729235085, 0.0025274923581027594, 0.019070288800729345]], "chi2_level": 0.95, "chi2_df": 3, "chi2_threshold": 7.814727903251179, "N_raw": 45, "N_roi": 45, "N_inlier": 43, "refit": true}
{"timestamp": "15:22:45.477723", "frame": 42, "mu": [1.5634427280313732, 0.7666357651585382, 1.395929963088689], "Sigma": [[0.004572110338529682, -0.0028966573923600884, -0.003781661223473105], [-0.0028966573923600884, 0.007477360843381855, -0.00030183288181826574], [-0.0037816612234731046, -0.0003018328818182657, 0.00955057781043916]], "chi2_level": 0.95, "chi2_df": 3, "chi2_threshold": 7.814727903251179, "N_raw": 31, "N_roi": 31, "N_inlier": 29, "refit": true}
{"timestamp": "15:22:45.530464", "frame": 43, "mu": [1.547041267422282, 0.7585823972802714, 1.300323023906548], "Sigma": [[0.006567529795127568, -0.005445183618570387, -0.01874344141466773], [-0.005445183618570387, 0.009607388589158215, 0.01818305530257094], [-0.01874344141466773, 0.01818305530257094, 0.06520927611336619]], "chi2_level": 0.95, "chi2_df": 3, "chi2_threshold": 7.814727903251179, "N_raw": 17, "N_roi": 17, "N_inlier": 16, "refit": true}
{"timestamp": "15:22:45.586504", "frame": 44, "mu": [1.5710714035096396, 0.6834788108905095, 1.0074372560761926], "Sigma": [[0.005863695769871863, -0.006958540261312157, -0.012994449754117888], [-0.006958540261312158, 0.010232002128911588, 0.012341635576338494], [-0.012994449754117888, 0.012341635576338494, 0.03733146599382644]], "chi2_level": 0.95, "chi2_df": 3, "chi2_threshold": 7.814727903251179, "N_raw": 21, "N_roi": 21, "N_inlier": 19, "refit": true}
{"timestamp": "15:22:45.643592", "frame": 45, "mu": [1.4507394318131945, 0.7515428798567096, 1.2337178244029143], "Sigma": [[0.004724018060453527, -0.004033338679029368, -0.006086262602738691], [-0.004033338679029368, 0.005978550979741507, 0.0026488913922239283], [-0.006086262602738691, 0.0026488913922239283, 0.013169726040670278]], "chi2_level": 0.95, "chi2_df": 3, "chi2_threshold": 7.814727903251179, "N_raw": 34, "N_roi": 34, "N_inlier": 32, "refit": true}
{"timestamp": "15:22:45.696827", "frame": 46, "mu": [1.43869960911616, 0.674607208327475, 1.2040750996508816], "Sigma": [[0.0033175074121564764, -0.0016826755076433315, -0.0008989025022404772], [-0.0016826755076433315, 0.004150292146053969, -0.000893197762875288], [-0.0008989025022404772, -0.000893197762875288, 0.001500822285630077]], "chi2_level": 0.95, "chi2_df": 3, "chi2_threshold": 7.814727903251179, "N_raw": 26, "N_roi": 26, "N_inlier": 22, "refit": true}
{"timestamp": "15:22:45.750981", "frame": 47, "mu": [1.3194428528167526, 0.7698078013505819, 1.4094613903258821], "Sigma": [[0.00296027656008802, -0.0011798456520146303, -0.003481075291378042], [-0.0011798456520146303, 0.0028068494978243726, -0.0006986993093090414], [-0.003481075291378042, -0.0006986993093090418, 0.026793919649141067]], "chi2_level": 0.95, "chi2_df": 3, "chi2_threshold": 7.814727903251179, "N_raw": 20, "N_roi": 19, "N_inlier": 17, "refit": true}
{"timestamp": "15:22:45.806850", "frame": 48, "mu": [1.242648396039711, 0.7981099690483844, 1.3607253632646357], "Sigma": [[0.0022819456435016904, -4.041253994000121e-05, -0.007883848393936702], [-4.041253994000118e-05, 0.0019115612186992503, -0.002000900409312061], [-0.007883848393936702, -0.002000900409312061, 0.05304951084154072]], "chi2_level": 0.95, "chi2_df": 3, "chi2_threshold": 7.814727903251179, "N_raw": 18, "N_roi": 18, "N_inlier": 18, "refit": true}
{"timestamp": "15:22:45.862283", "frame": 49, "mu": [1.1824394904764535, 0.8176816958233888, 1.486518615516372], "Sigma": [[0.0039080054247841115, -0.00014663219786195745, -0.0025786778939315765], [-0.0001466321978619574, 0.002914864869613689, 0.00018639878395626595], [-0.002578677893931577, 0.00018639878395626584, 0.013698476932000402]], "chi2_level": 0.95, "chi2_df": 3, "chi2_threshold": 7.814727903251179, "N_raw": 32, "N_roi": 32, "N_inlier": 28, "refit": true}
{"timestamp": "15:22:45.919374", "frame": 50, "mu": [1.1036528578775782, 0.8230253583425476, 1.381396576280173], "Sigma": [[0.005837853381704649, -0.0022422136027418276, -0.00891008712503277], [-0.0022422136027418276, 0.004429182465177538, -0.0005121889198391451], [-0.00891008712503277, -0.000512188919839145, 0.056634743767967025]], "chi2_level": 0.95, "chi2_df": 3, "chi2_threshold": 7.814727903251179, "N_raw": 45, "N_roi": 45, "N_inlier": 44, "refit": true}
{"timestamp": "15:22:45.972673", "frame": 51, "mu": [1.0719116084627975, 0.8384269866273985, 1.2382501253573424], "Sigma": [[0.004840070953177859, -0.0029680914870337674, -0.01358066784479973], [-0.002968091487033767, 0.0036030407803673567, 0.010237947317314887], [-0.01358066784479973, 0.010237947317314887, 0.07092730784197335]], "chi2_level": 0.95, "chi2_df": 3, "chi2_threshold": 7.814727903251179, "N_raw": 28, "N_roi": 28, "N_inlier": 25, "refit": true}
{"timestamp": "15:22:46.029402", "frame": 52, "mu": [0.9722917412137464, 0.8595695303907223, 1.4274817850859018], "Sigma": [[0.005028270524185034, -0.00226674094054139, -0.00400808177146348], [-0.00226674094054139, 0.0036924872927992696, 0.00015464186959647153], [-0.004008081771463479, 0.00015464186959647145, 0.004791513309415059]], "chi2_level": 0.95, "chi2_df": 3, "chi2_threshold": 7.814727903251179, "N_raw": 46, "N_roi": 46, "N_inlier": 41, "refit": true}
{"timestamp": "15:22:46.083901", "frame": 53, "mu": [0.8808185354095484, 0.8928984271994035, 1.4670990687790244], "Sigma": [[0.00545216859460462, -0.0020968437307478187, -0.0045735290612026035], [-0.0020968437307478187, 0.0033415981099315564, 0.0020950228160602708], [-0.0045735290612026035, 0.0020950228160602708, 0.006073785628176989]], "chi2_level": 0.95, "chi2_df": 3, "chi2_threshold": 7.814727903251179, "N_raw": 38, "N_roi": 38, "N_inlier": 35, "refit": true}
{"timestamp": "15:22:46.139368", "frame": 54, "mu": [0.8640509877688095, 0.8551693017904384, 1.4204942554921238], "Sigma": [[0.004597810901549729, -0.0008717353099871013, -0.0031381412368824495], [-0.0008717353099871014, 0.002635848171353851, -0.0009111836769117502], [-0.0031381412368824495, -0.0009111836769117502, 0.003551603806034716]], "chi2_level": 0.95, "chi2_df": 3, "chi2_threshold": 7.814727903251179, "N_raw": 46, "N_roi": 46, "N_inlier": 45, "refit": true}
{"timestamp": "15:22:46.198567", "frame": 55, "mu": [0.8365289299104393, 0.8329742553128496, 1.3425751312540608], "Sigma": [[0.008430884242186944, -0.0009421412113538347, -0.007044329009489305], [-0.0009421412113538347, 0.003204990475993572, -0.0015302232608647968], [-0.007044329009489307, -0.0015302232608647968, 0.00820524815808348]], "chi2_level": 0.95, "chi2_df": 3, "chi2_threshold": 7.814727903251179, "N_raw": 76, "N_roi": 76, "N_inlier": 75, "refit": true}
{"timestamp": "15:22:46.251805", "frame": 56, "mu": [0.7592940711534755, 0.8375120984751178, 1.3731554982992062], "Sigma": [[0.0053671208319731835, -0.0007787144206299122, -0.003347817069326989], [-0.0007787144206299122, 0.0018020127650144543, -0.0006550805151621371], [-0.003347817069326989, -0.0006550805151621371, 0.0073303916742873615]], "chi2_level": 0.95, "chi2_df": 3, "chi2_threshold": 7.814727903251179, "N_raw": 58, "N_roi": 58, "N_inlier": 54, "refit": true}
{"timestamp": "15:22:46.308819", "frame": 57, "mu": [0.7224614795661388, 0.8132296029124483, 1.266390550372787], "Sigma": [[0.008040194510153682, -0.0031729948320163735, -0.013000096549501208], [-0.0031729948320163735, 0.0033168430208916147, 0.002518643251512002], [-0.013000096549501208, 0.002518643251512002, 0.030686059772489775]], "chi2_level": 0.95, "chi2_df": 3, "chi2_threshold": 7.814727903251179, "N_raw": 70, "N_roi": 70, "N_inlier": 65, "refit": true}
{"timestamp": "15:22:46.365533", "frame": 58, "mu": [0.676544757648042, 0.7887109498423958, 1.3357759147286419], "Sigma": [[0.0075960991179210725, -0.0012798864715973094, -0.00848561828882002], [-0.0012798864715973096, 0.0021536939620243043, 0.002583803479297331], [-0.00848561828882002, 0.002583803479297331, 0.03165107258910159]], "chi2_level": 0.95, "chi2_df": 3, "chi2_threshold": 7.814727903251179, "N_raw": 85, "N_roi": 84, "N_inlier": 79, "refit": true}
{"timestamp": "15:22:46.421207", "frame": 59, "mu": [0.6006331677097976, 0.785619394947032, 1.2119483354182705], "Sigma": [[0.003775460413521246, -0.001116319715558593, -0.004330915532738547], [-0.001116319715558593, 0.0028750790974915595, 0.008477681363831365], [-0.004330915532738547, 0.008477681363831365, 0.09179157857917043]], "chi2_level": 0.95, "chi2_df": 3, "chi2_threshold": 7.814727903251179, "N_raw": 82, "N_roi": 80, "N_inlier": 80, "refit": true}
{"timestamp": "15:22:46.474545", "frame": 60, "mu": [0.5186799891082605, 0.7946645759689936, 1.0807271472101179], "Sigma": [[0.0023107931390240937, -0.0012192594639227035, -0.006642072219279217], [-0.0012192594639227035, 0.0024726166669612488, 0.005031542084843787], [-0.006642072219279217, 0.005031542084843787, 0.12341471045607397]], "chi2_level": 0.95, "chi2_df": 3, "chi2_threshold": 7.814727903251179, "N_raw": 73, "N_roi": 72, "N_inlier": 71, "refit": true}
{"timestamp": "15:22:46.530740", "frame": 61, "mu": [0.4500907835390945, 0.8220750670063623, 1.1734139258008458], "Sigma": [[0.003120480330475968, -0.003805020495917135, -0.013647581626592228], [-0.0038050204959171347, 0.008410380423690801, 0.019508409708447222], [-0.013647581626592228, 0.01950840970844722, 0.12169327422500312]], "chi2_level": 0.95, "chi2_df": 3, "chi2_threshold": 7.814727903251179, "N_raw": 83, "N_roi": 83, "N_inlier": 80, "refit": true}
{"timestamp": "15:22:46.581251", "frame": 62, "mu": [0.43643974589446666, 0.8646668167516269, 1.3766467122516073], "Sigma": [[0.0038251671346872613, 0.0013274050033912608, -0.004304315105951519], [0.0013274050033912608, 0.0016312854586670894, -0.0014953576290579517], [-0.004304315105951519, -0.0014953576290579517, 0.02154217752104839]], "chi2_level": 0.95, "chi2_df": 3, "chi2_threshold": 7.814727903251179, "N_raw": 54, "N_roi": 54, "N_inlier": 51, "refit": true}
{"timestamp": "15:22:46.636116", "frame": 63, "mu": [0.32211568918092326, 0.8809129260780494, 1.3746785453214014], "Sigma": [[0.0022243251742435663, -4.718541891439086e-05, -0.002472677886520872], [-4.7185418914390904e-05, 0.0017010501523851919, -0.00178425758656175], [-0.002472677886520872, -0.00178425758656175, 0.006951624436329249]], "chi2_level": 0.95, "chi2_df": 3, "chi2_threshold": 7.814727903251179, "N_raw": 58, "N_roi": 58, "N_inlier": 52, "refit": true}
{"timestamp": "15:22:46.700524", "frame": 64, "mu": [0.36668868468424465, 0.8136142640278514, 1.132561552779908], "Sigma": [[0.00494543621726794, -0.0013145688094206055, -0.007512851907019674], [-0.0013145688094206055, 0.0028961111541765013, 0.008658936476446333], [-0.007512851907019673, 0.008658936476446331, 0.10286266150639006]], "chi2_level": 0.95, "chi2_df": 3, "chi2_threshold": 7.814727903251179, "N_raw": 111, "N_roi": 111, "N_inlier": 105, "refit": true}
{"timestamp": "15:22:46.755617", "frame": 65, "mu": [0.2608879600202675, 0.8258787555879878, 1.1778861034140449], "Sigma": [[0.005080344056465304, -0.0024878655226222234, -0.016000524620698366], [-0.0024878655226222234, 0.004081235445973693, 0.012421275290438832], [-0.016000524620698366, 0.012421275290438832, 0.0964657121589395]], "chi2_level": 0.95, "chi2_df": 3, "chi2_threshold": 7.814727903251179, "N_raw": 114, "N_roi": 114, "N_inlier": 110, "refit": true}
{"timestamp": "15:22:46.806791", "frame": 66, "mu": [0.19060594870543118, 0.861797944539182, 1.2836839679482979], "Sigma": [[0.006629080262948061, -0.001505905999586936, -0.011573850870104775], [-0.001505905999586936, 0.002511969956849611, 0.004333830219693207], [-0.011573850870104775, 0.004333830219693207, 0.10668515252204942]], "chi2_level": 0.95, "chi2_df": 3, "chi2_threshold": 7.814727903251179, "N_raw": 83, "N_roi": 81, "N_inlier": 77, "refit": true}
{"timestamp": "15:22:46.856448", "frame": 67, "mu": [0.11197497943043586, 0.8215491688452146, 1.1972001583430116], "Sigma": [[0.002601868120607818, -0.0008394325592373615, -0.01141735777808556], [-0.0008394325592373615, 0.000828102956139585, 0.0022219229499676457], [-0.01141735777808556, 0.0022219229499676457, 0.08408129656301802]], "chi2_level": 0.95, "chi2_df": 3, "chi2_threshold": 7.814727903251179, "N_raw": 51, "N_roi": 51, "N_inlier": 48, "refit": true}
{"timestamp": "15:22:46.905727", "frame": 68, "mu": [0.014094306782713053, 0.8065036964167389, 1.4352773258435156], "Sigma": [[0.0006149514054874419, -0.00037877761219011263, -0.001056633716526964], [-0.0003787776121901127, 0.0005289814407658265, 0.0003215974311373288], [-0.001056633716526964, 0.0003215974311373287, 0.0038419158728943705]], "chi2_level": 0.95, "chi2_df": 3, "chi2_threshold": 7.814727903251179, "N_raw": 19, "N_roi": 19, "N_inlier": 15, "refit": true}
{"timestamp": "15:22:46.969361", "frame": 69, "mu": [-0.006393561326588343, 0.8332170384300942, 1.3241850934252137], "Sigma": [[0.0023508762971380026, -0.0009251608037197049, -0.0025202391334426064], [-0.0009251608037197049, 0.002854802730560563, -0.0014113858590174794], [-0.0025202391334426064, -0.0014113858590174791, 0.013775084725425839]], "chi2_level": 0.95, "chi2_df": 3, "chi2_threshold": 7.814727903251179, "N_raw": 80, "N_roi": 80, "N_inlier": 77, "refit": true}
{"timestamp": "15:22:47.031052", "frame": 70, "mu": [-0.056009804099654455, 0.7924907701778194, 1.2855738877268332], "Sigma": [[0.004582366396936264, -0.004674817122968965, -0.0058549261838715975], [-0.004674817122968966, 0.00812702452234085, 0.00400010234171709], [-0.005854926183871597, 0.00400010234171709, 0.02477662998403332]], "chi2_level": 0.95, "chi2_df": 3, "chi2_threshold": 7.814727903251179, "N_raw": 120, "N_roi": 120, "N_inlier": 116, "refit": true}
{"timestamp": "15:22:47.087637", "frame": 71, "mu": [-0.11468755828815552, 0.8028590423599589, 1.3398316318657533], "Sigma": [[0.0058304656659161885, -0.005897985626520745, -0.008544045793154466], [-0.005897985626520745, 0.010246034110685425, 0.0054724019895294705], [-0.008544045793154466, 0.0054724019895294705, 0.018674560159884956]], "chi2_level": 0.95, "chi2_df": 3, "chi2_threshold": 7.814727903251179, "N_raw": 125, "N_roi": 124, "N_inlier": 120, "refit": true}
{"timestamp": "15:22:47.141883", "frame": 72, "mu": [-0.16610679498967879, 0.7471473118785779, 1.3336891500185761], "Sigma": [[0.008434093939758483, -0.009441526055651229, -0.012295826282345525], [-0.009441526055651229, 0.013924596978128803, 0.012526395187813157], [-0.012295826282345525, 0.012526395187813157, 0.022761388625110908]], "chi2_level": 0.95, "chi2_df": 3, "chi2_threshold": 7.814727903251179, "N_raw": 120, "N_roi": 120, "N_inlier": 118, "refit": true}
{"timestamp": "15:22:47.194991", "frame": 73, "mu": [-0.287778083750375, 0.8413817890410002, 1.435272704105033], "Sigma": [[0.00760825695621356, -0.002885004642283717, -0.008082159700794095], [-0.002885004642283717, 0.00398550804570372, 0.0013815088560967558], [-0.008082159700794095, 0.001381508856096756, 0.012065839525608758]], "chi2_level": 0.95, "chi2_df": 3, "chi2_threshold": 7.814727903251179, "N_raw": 105, "N_roi": 105, "N_inlier": 100, "refit": true}
{"timestamp": "15:22:47.241991", "frame": 74, "mu": [-0.41460540308033145, 0.8239651328405738, 1.5053258027658896], "Sigma": [[0.0042336999113347235, -0.0020838243792909404, -0.0027987638330142627], [-0.0020838243792909404, 0.002421934199576488, -0.0019077061302763274], [-0.0027987638330142627, -0.0019077061302763274, 0.030653952343040518]], "chi2_level": 0.95, "chi2_df": 3, "chi2_threshold": 7.814727903251179, "N_raw": 60, "N_roi": 60, "N_inlier": 55, "refit": true}
{"timestamp": "15:22:47.299593", "frame": 75, "mu": [-0.269436753493669, 0.739136222387764, 1.1972360834550608], "Sigma": [[0.0020504595708473405, -0.0019587915007910073, -0.001160703245186728], [-0.0019587915007910073, 0.005653363338152982, -0.002177296817193832], [-0.001160703245186728, -0.002177296817193832, 0.00410666317794305]], "chi2_level": 0.95, "chi2_df": 3, "chi2_threshold": 7.814727903251179, "N_raw": 72, "N_roi": 69, "N_inlier": 64, "refit": true}
{"timestamp": "15:22:47.365267", "frame": 76, "mu": [-0.44553853929019005, 0.7621653243503934, 0.4523202590431868], "Sigma": [[0.017152305654266415, -0.0120399085423719, 0.08942234574381422], [-0.0120399085423719, 0.012914910896317048, -0.05202754596438267], [0.0894223457438142, -0.05202754596438268, 0.7160357022586726]], "chi2_level": 0.95, "chi2_df": 3, "chi2_threshold": 7.814727903251179, "N_raw": 148, "N_roi": 146, "N_inlier": 136, "refit": true}
{"timestamp": "15:22:47.420944", "frame": 77, "mu": [-0.58720034925413, 0.7659079558597398, 0.5939173624797913], "Sigma": [[0.048772749635238775, -0.003906851519013661, 0.12322108295752214], [-0.00390685151901366, 0.012674690770903387, -0.026660759404919313], [0.12322108295752214, -0.026660759404919313, 0.5152118906658397]], "chi2_level": 0.95, "chi2_df": 3, "chi2_threshold": 7.814727903251179, "N_raw": 149, "N_roi": 149, "N_inlier": 148, "refit": true}
{"timestamp": "15:22:47.473220", "frame": 78, "mu": [-0.6584491731033413, 0.7538205642725677, 1.4893333704595884], "Sigma": [[0.03816663425246562, -0.001632580192694676, -0.03772082346669346], [-0.001632580192694676, 0.009317442889551216, 0.0001619902304401885], [-0.03772082346669346, 0.00016199023044018764, 0.04304961423050514]], "chi2_level": 0.95, "chi2_df": 3, "chi2_threshold": 7.814727903251179, "N_raw": 134, "N_roi": 134, "N_inlier": 133, "refit": true}
{"timestamp": "15:22:47.530536", "frame": 79, "mu": [-0.7629553614723525, 0.7227811101146359, 1.5302802015288606], "Sigma": [[0.0445013885459313, -0.0011793994122269234, -0.04415909817304024], [-0.0011793994122269234, 0.0072033165753521925, -0.0016012633423886907], [-0.04415909817304024, -0.0016012633423886902, 0.05149001093002866]], "chi2_level": 0.95, "chi2_df": 3, "chi2_threshold": 7.814727903251179, "N_raw": 150, "N_roi": 150, "N_inlier": 149, "refit": true}
{"timestamp": "15:22:47.573955", "frame": 80, "mu": [-0.8026753083176397, 0.6605398694549678, 1.538220217370313], "Sigma": [[0.05874109172262313, -0.004356397379760757, -0.07676975172410437], [-0.004356397379760758, 0.00500727310340316, 0.0036062987725319507], [-0.07676975172410437, 0.0036062987725319507, 0.1037877635501382]], "chi2_level": 0.95, "chi2_df": 3, "chi2_threshold": 7.814727903251179, "N_raw": 70, "N_roi": 70, "N_inlier": 67, "refit": true}
{"timestamp": "15:22:47.632829", "frame": 81, "mu": [-0.7885536177957246, 0.6713770238045698, 1.4485112486418856], "Sigma": [[0.06517169433250469, 0.00443014747503349, -0.061621059844174694], [0.004430147475033491, 0.004513651580919571, -0.006687869544406673], [-0.061621059844174694, -0.006687869544406673, 0.0643792157566137]], "chi2_level": 0.95, "chi2_df": 3, "chi2_threshold": 7.814727903251179, "N_raw": 102, "N_roi": 102, "N_inlier": 99, "refit": true}
{"timestamp": "15:22:47.692444", "frame": 82, "mu": [-0.8649987243364737, 0.6868504749442955, 1.4819985290927076], "Sigma": [[0.045559300407119696, -0.00312545082885841, -0.04257236624441535], [-0.0031254508288584087, 0.007666264865905224, 0.0001261510628593896], [-0.042572366244415356, 0.00012615106285938953, 0.04667501091919427]], "chi2_level": 0.95, "chi2_df": 3, "chi2_threshold": 7.814727903251179, "N_raw": 129, "N_roi": 129, "N_inlier": 128, "refit": true}
{"timestamp": "15:22:47.742606", "frame": 83, "mu": [-0.970845324037482, 0.689010488625841, 1.494149701109971], "Sigma": [[0.03471062934544193, 0.003787341043856968, -0.02459264808847332], [0.003787341043856968, 0.007056709811733079, -0.006983546693062109], [-0.02459264808847332, -0.006983546693062109, 0.02415613649850974]], "chi2_level": 0.95, "chi2_df": 3, "chi2_threshold": 7.814727903251179, "N_raw": 91, "N_roi": 91, "N_inlier": 89, "refit": true}
{"timestamp": "15:22:47.790417", "frame": 84, "mu": [-1.115460199589632, 0.676934719745044, 1.5323365047819686], "Sigma": [[0.010726601376140945, 0.005012541830523236, -0.00201953199696261], [0.005012541830523236, 0.004285727618393208, -0.0033458561769881346], [-0.00201953199696261, -0.0033458561769881346, 0.009355176215524957]], "chi2_level": 0.95, "chi2_df": 3, "chi2_threshold": 7.814727903251179, "N_raw": 49, "N_roi": 49, "N_inlier": 45, "refit": true}
{"timestamp": "15:22:47.848268", "frame": 85, "mu": [-1.1146211508064205, 0.7259522776312053, 1.544635962813748], "Sigma": [[0.010037452921988666, 0.003705088642700364, -0.004886599149300771], [0.003705088642700364, 0.00659795453825781, -0.005439048552530138], [-0.004886599149300771, -0.005439048552530138, 0.0052236210344737055]], "chi2_level": 0.95, "chi2_df": 3, "chi2_threshold": 7.814727903251179, "N_raw": 76, "N_roi": 76, "N_inlier": 73, "refit": true}
{"timestamp": "15:22:47.905829", "frame": 86, "mu": [-1.0991355238986495, 0.7427923110297898, 1.4617746225059067], "Sigma": [[0.01715212644631687, 0.007246070562214326, -0.018781636446709323], [0.007246070562214326, 0.008462590643410709, -0.011975884782130124], [-0.018781636446709327, -0.011975884782130124, 0.033533370631066935]], "chi2_level": 0.95, "chi2_df": 3, "chi2_threshold": 7.814727903251179, "N_raw": 86, "N_roi": 86, "N_inlier": 82, "refit": true}
{"timestamp": "15:22:47.956373", "frame": 87, "mu": [-1.2199110480182276, 0.635491483479162, 1.4683552672504252], "Sigma": [[0.007429140979810472, 0.0027268515446506646, -0.0011693421390472148], [0.002726851544650664, 0.00441267788925009, -0.002967892097174708], [-0.0011693421390472148, -0.002967892097174708, 0.0027770891363744425]], "chi2_level": 0.95, "chi2_df": 3, "chi2_threshold": 7.814727903251179, "N_raw": 53, "N_roi": 53, "N_inlier": 48, "refit": true}
{"timestamp": "15:22:48.012589", "frame": 88, "mu": [-1.2322541062768482, 0.562258321971536, 1.4217805478238774], "Sigma": [[0.008316126415582223, 0.0014148749411437992, -0.0029140961799954215], [0.0014148749411437992, 0.006115528411622033, -0.0036470549619223498], [-0.0029140961799954215, -0.0036470549619223498, 0.004490293577879805]], "chi2_level": 0.95, "chi2_df": 3, "chi2_threshold": 7.814727903251179, "N_raw": 64, "N_roi": 64, "N_inlier": 57, "refit": true}
{"timestamp": "15:22:48.064894", "frame": 89, "mu": [-1.1842996391921352, 0.8021899848320139, -0.5418183108340785], "Sigma": [[0.006396813515550585, 0.012051350550622248, -0.007306681221548056], [0.012051350550622248, 0.05236301595101646, -0.04378459321720731], [-0.007306681221548057, -0.04378459321720731, 0.06253843436061554]], "chi2_level": 0.95, "chi2_df": 3, "chi2_threshold": 7.814727903251179, "N_raw": 50, "N_roi": 50, "N_inlier": 49, "refit": true}
{"timestamp": "15:22:48.127813", "frame": 90, "mu": [-1.2598213576346085, 0.6936333643251847, 1.2671781869025447], "Sigma": [[0.01490706210890184, 0.009293072175117024, -0.033526813027224475], [0.009293072175117023, 0.0164717834473096, -0.042847769052746086], [-0.033526813027224475, -0.042847769052746086, 0.1514351801770443]], "chi2_level": 0.95, "chi2_df": 3, "chi2_threshold": 7.814727903251179, "N_raw": 103, "N_roi": 96, "N_inlier": 93, "refit": true}
{"timestamp": "15:22:48.178213", "frame": 91, "mu": [-1.3115081061163436, 0.6041078308397523, 1.2359085229272253], "Sigma": [[0.0071561322397689885, 0.0018144919621082237, -0.016813066520486874], [0.001814491962108223, 0.038480023560054685, -0.05300914140313431], [-0.016813066520486877, -0.05300914140313431, 0.14095959195746227]], "chi2_level": 0.95, "chi2_df": 3, "chi2_threshold": 7.814727903251179, "N_raw": 67, "N_roi": 67, "N_inlier": 64, "refit": true}
{"timestamp": "15:22:48.232749", "frame": 92, "mu": [-1.388560492647334, 0.6092648841193447, 1.4186643749905388], "Sigma": [[0.008115393158708344, -0.000562225937203836, -0.003420316481994934], [-0.0005622259372038359, 0.01131028378061326, -0.005376882070545385], [-0.003420316481994934, -0.005376882070545385, 0.010862392093134964]], "chi2_level": 0.95, "chi2_df": 3, "chi2_threshold": 7.814727903251179, "N_raw": 67, "N_roi": 67, "N_inlier": 64, "refit": true}
{"timestamp": "15:22:48.288604", "frame": 93, "mu": [-1.4141159160223677, 0.5347467070852071, 1.3338188200720889], "Sigma": [[0.00744427949749923, 0.0009524238930691191, 0.0005710093548519472], [0.0009524238930691191, 0.009956057420630762, -0.0036410667752955063], [0.0005710093548519474, -0.0036410667752955063, 0.013488652703053295]], "chi2_level": 0.95, "chi2_df": 3, "chi2_threshold": 7.814727903251179, "N_raw": 68, "N_roi": 68, "N_inlier": 63, "refit": true}
{"timestamp": "15:22:48.342085", "frame": 94, "mu": [-1.4750987955327384, 0.5848271531090493, 1.3800774248717413], "Sigma": [[0.007479313417830195, 0.00016549428645384922, -0.0016864213525560052], [0.00016549428645384944, 0.012100993413184402, -0.006029477438119215], [-0.001686421352556005, -0.006029477438119215, 0.004314241957673471]], "chi2_level": 0.95, "chi2_df": 3, "chi2_threshold": 7.814727903251179, "N_raw": 60, "N_roi": 60, "N_inlier": 56, "refit": true}
{"timestamp": "15:22:48.396933", "frame": 95, "mu": [-1.52628000497924, 0.631222383102717, 1.3719938987270426], "Sigma": [[0.007127635422859543, 0.0015653082155331539, -0.0010076682531087499], [0.0015653082155331539, 0.008470438611556672, -0.007385731620749404], [-0.0010076682531087499, -0.007385731620749404, 0.008899694735483903]], "chi2_level": 0.95, "chi2_df": 3, "chi2_threshold": 7.814727903251179, "N_raw": 61, "N_roi": 61, "N_inlier": 56, "refit": true}
{"timestamp": "15:22:48.450835", "frame": 96, "mu": [-1.536152274648279, 0.6125064738133845, 1.2852356914426504], "Sigma": [[0.005214780134063599, 0.0021410042972355983, -0.000389254704214491], [0.0021410042972355983, 0.008847624882086435, -0.008637984189397829], [-0.0003892547042144911, -0.008637984189397829, 0.014610056750738613]], "chi2_level": 0.95, "chi2_df": 3, "chi2_threshold": 7.814727903251179, "N_raw": 54, "N_roi": 54, "N_inlier": 53, "refit": true}
{"timestamp": "15:22:48.507606", "frame": 97, "mu": [-1.60586397780329, 0.6228857321775095, 1.3136350373144876], "Sigma": [[0.00906065536758917, 0.00031572501427887213, -0.0014320860720747246], [0.0003157250142788719, 0.01367843637906197, -0.00724298474128679], [-0.0014320860720747244, -0.00724298474128679, 0.008260514326744874]], "chi2_level": 0.95, "chi2_df": 3, "chi2_threshold": 7.814727903251179, "N_raw": 68, "N_roi": 68, "N_inlier": 65, "refit": true}
{"timestamp": "15:22:48.563196", "frame": 98, "mu": [-1.6640659641367266, 0.5598841777647173, 1.2001991737809588], "Sigma": [[0.010032511079982969, 0.0026571874277148176, 0.0004645713558906276], [0.002657187427714817, 0.00955304894751685, -0.007568230581512363], [0.00046457135589062746, -0.007568230581512363, 0.009994490311947093]], "chi2_level": 0.95, "chi2_df": 3, "chi2_threshold": 7.814727903251179, "N_raw": 72, "N_roi": 72, "N_inlier": 65, "refit": true}
{"timestamp": "15:22:48.616082", "frame": 99, "mu": [-1.7008459621685252, 0.5715905128432586, 1.2269002734148708], "Sigma": [[0.008744893243460564, 0.005707425515267703, 0.0007224725574703679], [0.005707425515267704, 0.011137131650285879, -0.004355461188203886], [0.0007224725574703679, -0.004355461188203886, 0.00823124688912207]], "chi2_level": 0.95, "chi2_df": 3, "chi2_threshold": 7.814727903251179, "N_raw": 57, "N_roi": 57, "N_inlier": 52, "refit": true}
{"timestamp": "15:22:48.780497", "frame": 100, "mu": [-1.7584049216027846, 0.8434308119484893, -0.7550962967960541], "Sigma": [[0.0117912977847439, -0.001660855521143582, 0.017542595838057076], [-0.0016608555211435822, 0.02360203114481673, -0.030967039802784563], [0.017542595838057076, -0.030967039802784563, 0.06844767669316912]], "chi2_level": 0.95, "chi2_df": 3, "chi2_threshold": 7.814727903251179, "N_raw": 68, "N_roi": 68, "N_inlier": 66, "refit": true}
{"timestamp": "15:22:48.801464", "frame": 101, "mu": [-1.7155794247182514, 0.6394242764279064, 1.2904748490557982], "Sigma": [[0.005708016772956749, 0.006182998601739085, -0.002416159021781134], [0.006182998601739084, 0.013590491358791064, -0.005572054331873003], [-0.0024161590217811344, -0.005572054331873003, 0.003053756396415107]], "chi2_level": 0.95, "chi2_df": 3, "chi2_threshold": 7.814727903251179, "N_raw": 33, "N_roi": 33, "N_inlier": 30, "refit": true}
{"timestamp": "15:22:48.832657", "frame": 102, "mu": [-1.8222356269105853, 0.6215874595296593, 1.1254009695074156], "Sigma": [[0.017278752925213567, 0.01386474980276077, 0.027321819574057972], [0.01386474980276077, 0.01953776651197716, 0.01751682084761124], [0.027321819574057972, 0.01751682084761124, 0.07481066296446949]], "chi2_level": 0.95, "chi2_df": 3, "chi2_threshold": 7.814727903251179, "N_raw": 56, "N_roi": 56, "N_inlier": 51, "refit": true}
{"timestamp": "15:22:48.863646", "frame": 103, "mu": [-1.8466131516510271, 0.6799704427016857, 1.11503491053241], "Sigma": [[0.01259369310793427, 0.011484920120342228, 0.017419729087958927], [0.011484920120342228, 0.013336939228111034, 0.014288300324831402], [0.017419729087958923, 0.014288300324831398, 0.04778659069630958]], "chi2_level": 0.95, "chi2_df": 3, "chi2_threshold": 7.814727903251179, "N_raw": 24, "N_roi": 24, "N_inlier": 20, "refit": true}
{"timestamp": "15:22:48.894723", "frame": 104, "mu": [-1.8745736015750412, 0.7494690598586766, 1.099064047760119], "Sigma": [[0.004289256860577033, 0.004136302895385573, -0.0017250506293963628], [0.004136302895385573, 0.0045403915919159064, -0.0015574645148531494], [-0.0017250506293963624, -0.0015574645148531492, 0.002072295796571377]], "chi2_level": 0.95, "chi2_df": 3, "chi2_threshold": 7.814727903251179, "N_raw": 7, "N_roi": 7, "N_inlier": 7, "refit": true}
{"timestamp": "15:22:48.941901", "frame": 105, "mu": [-1.9520453122351198, 0.7246103749312373, 1.107936709428047], "Sigma": [[0.00699338552023191, 0.00816234981851221, -0.0031026655084862333], [0.00816234981851221, 0.011094648416871142, -0.005509943971391518], [-0.0031026655084862333, -0.005509943971391517, 0.009015509736686115]], "chi2_level": 0.95, "chi2_df": 3, "chi2_threshold": 7.814727903251179, "N_raw": 34, "N_roi": 34, "N_inlier": 33, "refit": true}
{"timestamp": "15:22:48.994428", "frame": 106, "mu": [-1.9877787751391205, 0.7503990541067921, 1.0808029234715617], "Sigma": [[0.005846958653068286, 0.007024836635203114, -0.0033311991762673392], [0.007024836635203114, 0.009167740264816914, -0.004361503083561868], [-0.0033311991762673392, -0.004361503083561868, 0.004100531050136976]], "chi2_level": 0.95, "chi2_df": 3, "chi2_threshold": 7.814727903251179, "N_raw": 14, "N_roi": 14, "N_inlier": 14, "refit": true}
{"timestamp": "15:22:49.111288", "frame": 108, "mu": [-1.5916600599068267, 0.6115690729080672, 0.9246450591088794], "Sigma": [[1.9103424902402684, -0.03939457341877709, -0.09639002157968421], [-0.039394573418777085, 0.013705097760708695, 0.003920670705164588], [-0.09639002157968424, 0.003920670705164589, 0.057864255046270664]], "chi2_level": 0.95, "chi2_df": 3, "chi2_threshold": 7.814727903251179, "N_raw": 64, "N_roi": 64, "N_inlier": 60, "refit": true}
{"timestamp": "15:22:49.268387", "frame": 111, "mu": [-2.10944248061747, 0.725205544821077, 0.9070673390614394], "Sigma": [[0.002178121908913782, 0.0007661800392518383, -0.001817400667780117], [0.0007661800392518383, 0.0037784084016081227, -0.0011990369777168809], [-0.0018174006677801166, -0.001199036977716881, 0.002153743184929814]], "chi2_level": 0.95, "chi2_df": 3, "chi2_threshold": 7.814727903251179, "N_raw": 10, "N_roi": 10, "N_inlier": 9, "refit": true}
{"timestamp": "15:22:49.385490", "frame": 113, "mu": [-1.204348994653828, 0.6478447047502331, 0.6883937838329761], "Sigma": [[4.056623794291837, 0.012254809471370894, -0.22419150373884217], [0.012254809471370896, 0.019409094269604157, 0.004192951015660749], [-0.22419150373884217, 0.00419295101566075, 0.08291967542386494]], "chi2_level": 0.95, "chi2_df": 3, "chi2_threshold": 7.814727903251179, "N_raw": 39, "N_roi": 28, "N_inlier": 28, "refit": true}
