{"timestamp": "14:44:37.058303", "frame": 30, "mu": [0.22654980110202502, 4.982269950238338, 1.1681984902815845], "Sigma": [[0.01335114595017396, -0.001964734659800938, -0.007864042540203595], [-0.001964734659800938, 0.0003460744285986177, 0.0014282244535723878], [-0.007864042540203595, 0.0014282244535723878, 0.005968851647599654]], "chi2_level": 0.95, "chi2_df": 3, "chi2_threshold": 7.814727903251179, "N_raw": 54, "N_roi": 8, "N_inlier": 8, "refit": true}
{"timestamp": "14:44:37.113534", "frame": 31, "mu": [0.29244931173835864, 4.9616054921601185, 0.9364383606001153], "Sigma": [[0.024662380606654356, -0.000386725476691121, -0.010702544249203099], [-0.000386725476691121, 0.0001845899789821667, -0.0004544559433846164], [-0.010702544249203099, -0.0004544559433846164, 0.007404997271182041]], "chi2_level": 0.95, "chi2_df": 3, "chi2_threshold": 7.814727903251179, "N_raw": 66, "N_roi": 18, "N_inlier": 16, "refit": true}
{"timestamp": "14:44:37.220595", "frame": 33, "mu": [0.2862627920520916, 4.971827086629583, 0.8423342653717633], "Sigma": [[0.01947504582734702, -0.0005544911868865662, -0.0027229822665437112], [-0.0005544911868865662, 8.845811330138309e-05, -0.00028994811433309664], [-0.0027229822665437112, -0.00028994811433309664, 0.00231177532360256]], "chi2_level": 0.95, "chi2_df": 3, "chi2_threshold": 7.814727903251179, "N_raw": 43, "N_roi": 12, "N_inlier": 10, "refit": true}
{"timestamp": "14:44:37.276656", "frame": 34, "mu": [0.2383459839820995, 4.973264500768638, 1.064045621804809], "Sigma": [[0.038277264300261474, -0.0014391569675927464, -0.019430237077108475], [-0.0014391569675927464, 0.0003016964452236743, -0.0007746760675925969], [-0.019430237077108475, -0.0007746760675925969, 0.07594602816467869]], "chi2_level": 0.95, "chi2_df": 3, "chi2_threshold": 7.814727903251179, "N_raw": 52, "N_roi": 41, "N_inlier": 40, "refit": true}
{"timestamp": "14:44:37.337926", "frame": 35, "mu": [0.19291701438808187, 4.9443006279210495, 0.42640119836925094], "Sigma": [[0.023306188512982894, -0.0008559889170897756, -0.008269603605782414], [-0.0008559889170897756, 0.0013426296040962588, -0.0022936959574781333], [-0.008269603605782414, -0.0022936959574781333, 0.009091097476416543]], "chi2_level": 0.95, "chi2_df": 3, "chi2_threshold": 7.814727903251179, "N_raw": 66, "N_roi": 22, "N_inlier": 20, "refit": true}
{"timestamp": "14:44:37.390146", "frame": 36, "mu": [0.3711460140783224, 4.90797561705863, 0.867834518079524], "Sigma": [[0.044649395775694545, -0.0003996624252820581, -0.02564137383790045], [-0.00039966242528205833, 0.0023888462611487402, 0.0006144502668194733], [-0.02564137383790045, 0.0006144502668194733, 0.017030516011760345]], "chi2_level": 0.95, "chi2_df": 3, "chi2_threshold": 7.814727903251179, "N_raw": 56, "N_roi": 38, "N_inlier": 37, "refit": true}
{"timestamp": "14:44:37.445643", "frame": 37, "mu": [0.2219557479274995, 4.9085140353448855, 1.0409828741833431], "Sigma": [[0.0422684670709131, -0.004440263068833088, -0.02706257272654923], [-0.004440263068833088, 0.002574160390799617, -0.000656188175802613], [-0.027062572726549227, -0.0006561881758026127, 0.027165036115544598]], "chi2_level": 0.95, "chi2_df": 3, "chi2_threshold": 7.814727903251179, "N_raw": 58, "N_roi": 50, "N_inlier": 49, "refit": true}
{"timestamp": "14:44:37.500092", "frame": 38, "mu": [0.31369796629009344, 4.880854214793014, 0.9014289527065376], "Sigma": [[0.04282972565073423, -0.0030676696078234507, -0.019295732711298565], [-0.0030676696078234516, 0.004026701518708192, 0.00035813919655899537], [-0.019295732711298565, 0.0003581391965589955, 0.010603509924137756]], "chi2_level": 0.95, "chi2_df": 3, "chi2_threshold": 7.814727903251179, "N_raw": 60, "N_roi": 54, "N_inlier": 52, "refit": true}
{"timestamp": "14:44:37.551890", "frame": 39, "mu": [0.33718120603121815, 4.8601608643381695, 0.9148903937771267], "Sigma": [[0.029627857906594446, -0.0036376137175361378, -0.01003656365072601], [-0.0036376137175361378, 0.0027870696398281797, -0.0005007448320895696], [-0.01003656365072601, -0.0005007448320895696, 0.008388744711709252]], "chi2_level": 0.95, "chi2_df": 3, "chi2_threshold": 7.814727903251179, "N_raw": 40, "N_roi": 40, "N_inlier": 38, "refit": true}
{"timestamp": "14:44:37.607607", "frame": 40, "mu": [0.29091035849381613, 4.838085207917517, 0.795833973657275], "Sigma": [[0.022022819050044093, -0.002309789793894109, -0.00044267839801588604], [-0.0023097897938941085, 0.00510486997809237, 0.0044715260974950224], [-0.00044267839801588604, 0.0044715260974950224, 0.005052193312540118]], "chi2_level": 0.95, "chi2_df": 3, "chi2_threshold": 7.814727903251179, "N_raw": 37, "N_roi": 31, "N_inlier": 30, "refit": true}
{"timestamp": "14:44:37.664697", "frame": 41, "mu": [0.28637764664943316, 4.7686943529251895, 0.929710587254879], "Sigma": [[0.029728750734462815, -0.001926886428003939, -0.007822480251057456], [-0.001926886428003939, 0.003246100405540601, -0.002167520341067589], [-0.007822480251057454, -0.002167520341067589, 0.008088587578056793]], "chi2_level": 0.95, "chi2_df": 3, "chi2_threshold": 7.814727903251179, "N_raw": 48, "N_roi": 48, "N_inlier": 47, "refit": true}
{"timestamp": "14:44:37.718633", "frame": 42, "mu": [0.3242789911411154, 4.755592970941499, 0.7528955915780411], "Sigma": [[0.031696176256472225, -0.004420058123628862, -0.009979680133581317], [-0.004420058123628861, 0.0028305671433511686, -0.0002345636118867443], [-0.009979680133581317, -0.00023456361188674442, 0.00726501028327967]], "chi2_level": 0.95, "chi2_df": 3, "chi2_threshold": 7.814727903251179, "N_raw": 41, "N_roi": 41, "N_inlier": 40, "refit": true}
{"timestamp": "14:44:37.777286", "frame": 43, "mu": [0.2221531678511382, 4.6886319939973395, 0.8258561769153343], "Sigma": [[0.04096886708285814, -0.0012910794819641163, 0.010397494550976522], [-0.0012910794819641165, 0.0032684616535377377, -0.003409209425189137], [0.010397494550976522, -0.003409209425189137, 0.008188993513838153]], "chi2_level": 0.95, "chi2_df": 3, "chi2_threshold": 7.814727903251179, "N_raw": 64, "N_roi": 61, "N_inlier": 58, "refit": true}
{"timestamp": "14:44:37.829193", "frame": 44, "mu": [0.3848737774029396, 4.712864750013568, 1.0109694319463682], "Sigma": [[0.0281473999389742, 0.001999291278843152, 0.005434574215667317], [0.001999291278843152, 0.002510071774184732, -0.0026005094289163234], [0.005434574215667317, -0.0026005094289163234, 0.010123332805702231]], "chi2_level": 0.95, "chi2_df": 3, "chi2_threshold": 7.814727903251179, "N_raw": 50, "N_roi": 48, "N_inlier": 43, "refit": true}
{"timestamp": "14:44:37.886747", "frame": 45, "mu": [0.29238902989175386, 4.65510298776165, 0.8861606060968398], "Sigma": [[0.03829422776129511, -0.0024964729796165637, 0.0030589925438544107], [-0.0024964729796165637, 0.004543573910909079, -0.002014838840376504], [0.0030589925438544107, -0.002014838840376504, 0.0012400951482745427]], "chi2_level": 0.95, "chi2_df": 3, "chi2_threshold": 7.814727903251179, "N_raw": 61, "N_roi": 58, "N_inlier": 55, "refit": true}
{"timestamp": "14:44:37.940829", "frame": 46, "mu": [0.2744764700428558, 4.620024815007869, 0.8855832015762386], "Sigma": [[0.030105036021149577, -0.0019594818455310192, -0.016747275872552078], [-0.0019594818455310192, 0.0029666583249259287, -0.0025746240426292592], [-0.016747275872552078, -0.002574624042629259, 0.016890240764755184]], "chi2_level": 0.95, "chi2_df": 3, "chi2_threshold": 7.814727903251179, "N_raw": 54, "N_roi": 49, "N_inlier": 49, "refit": true}
{"timestamp": "14:44:37.993827", "frame": 47, "mu": [0.19952705368479035, 4.626791656706365, 0.9137911210460821], "Sigma": [[0.023045488384004255, -0.0010356617387133487, -0.012695646198162625], [-0.0010356617387133485, 0.0030350819201044954, -0.0010301854937681135], [-0.012695646198162625, -0.0010301854937681135, 0.011587723284269725]], "chi2_level": 0.95, "chi2_df": 3, "chi2_threshold": 7.814727903251179, "N_raw": 43, "N_roi": 40, "N_inlier": 38, "refit": true}
{"timestamp": "14:44:38.048604", "frame": 48, "mu": [0.2833701039045308, 4.598905077033603, 0.9080983946988787], "Sigma": [[0.02568373174055495, -0.0019390687586242803, -4.224485580252529e-05], [-0.0019390687586242803, 0.0028221456350862265, -0.0010991145956463228], [-4.224485580252529e-05, -0.0010991145956463228, 0.0006486994891729051]], "chi2_level": 0.95, "chi2_df": 3, "chi2_threshold": 7.814727903251179, "N_raw": 44, "N_roi": 41, "N_inlier": 36, "refit": true}
{"timestamp": "14:44:38.105626", "frame": 49, "mu": [0.27082487762243096, 4.566027510502961, 0.9076077677443046], "Sigma": [[0.03454915893701583, 0.002074722770962831, -0.0035387902851836362], [0.002074722770962831, 0.005002243236851101, -0.001028112888758231], [-0.003538790285183637, -0.001028112888758231, 0.0012320373952490267]], "chi2_level": 0.95, "chi2_df": 3, "chi2_threshold": 7.814727903251179, "N_raw": 57, "N_roi": 57, "N_inlier": 52, "refit": true}
{"timestamp": "14:44:38.160801", "frame": 50, "mu": [0.3500551703933622, 4.527440770385972, 0.8797877348045394], "Sigma": [[0.029242117860941302, -0.0037214602098015427, -0.01558322028173047], [-0.003721460209801542, 0.004558429366339206, -0.0030819048811257035], [-0.01558322028173047, -0.0030819048811257035, 0.018232753515829807]], "chi2_level": 0.95, "chi2_df": 3, "chi2_threshold": 7.814727903251179, "N_raw": 63, "N_roi": 61, "N_inlier": 60, "refit": true}
{"timestamp": "14:44:38.212760", "frame": 51, "mu": [0.3618454489246392, 4.597443547756017, 0.29658832127099904], "Sigma": [[0.021773713962933483, -0.00025830488052929135, -0.015419708940006084], [-0.0002583048805292912, 0.0027482689150975814, -0.0006687725529096539], [-0.015419708940006084, -0.0006687725529096538, 0.01419138425852129]], "chi2_level": 0.95, "chi2_df": 3, "chi2_threshold": 7.814727903251179, "N_raw": 37, "N_roi": 35, "N_inlier": 33, "refit": true}
{"timestamp": "14:44:38.269659", "frame": 52, "mu": [0.1971907166786808, 4.45221201003447, 0.9022390431673055], "Sigma": [[0.02407559952350457, -0.0030732619580346927, -0.011095618903322522], [-0.0030732619580346927, 0.003331058673545614, -0.0022441495103593216], [-0.011095618903322524, -0.0022441495103593216, 0.013739679945911179]], "chi2_level": 0.95, "chi2_df": 3, "chi2_threshold": 7.814727903251179, "N_raw": 52, "N_roi": 49, "N_inlier": 47, "refit": true}
{"timestamp": "14:44:38.327921", "frame": 53, "mu": [0.27348018994422146, 4.436842149066759, 1.0396936428102874], "Sigma": [[0.03379598528835569, -0.00558097597685857, -0.02738038221814077], [-0.005580975976858569, 0.00573560707405908, -0.001050854355579494], [-0.027380382218140778, -0.001050854355579494, 0.03477250700424127]], "chi2_level": 0.95, "chi2_df": 3, "chi2_threshold": 7.814727903251179, "N_raw": 74, "N_roi": 72, "N_inlier": 71, "refit": true}
{"timestamp": "14:44:38.381717", "frame": 54, "mu": [0.3730315004217442, 4.359969196174065, 0.7741497669767359], "Sigma": [[0.03658012269862794, -0.006071328331417202, -0.023419717697085937], [-0.006071328331417202, 0.0031170623003005634, -0.0013486055619763384], [-0.02341971769708594, -0.0013486055619763388, 0.03903731361425289]], "chi2_level": 0.95, "chi2_df": 3, "chi2_threshold": 7.814727903251179, "N_raw": 70, "N_roi": 70, "N_inlier": 68, "refit": true}
{"timestamp": "14:44:38.436425", "frame": 55, "mu": [0.3376871955203063, 4.335537772174451, 0.8036233090720788], "Sigma": [[0.0356684047384835, -0.007781055221080046, -0.029626873615848606], [-0.007781055221080046, 0.003432890697832594, 0.0026252807362214933], [-0.029626873615848606, 0.0026252807362214933, 0.03915072041105673]], "chi2_level": 0.95, "chi2_df": 3, "chi2_threshold": 7.814727903251179, "N_raw": 59, "N_roi": 59, "N_inlier": 56, "refit": true}
{"timestamp": "14:44:38.487684", "frame": 56, "mu": [0.3495847707146852, 4.30494661962538, 1.0675288363850932], "Sigma": [[0.018761998233209384, -0.0022610163885747533, -0.0105955109711693], [-0.0022610163885747533, 0.002240295480711205, 8.819411066502509e-05], [-0.0105955109711693, 8.819411066502509e-05, 0.009021221657195516]], "chi2_level": 0.95, "chi2_df": 3, "chi2_threshold": 7.814727903251179, "N_raw": 36, "N_roi": 35, "N_inlier": 32, "refit": true}
{"timestamp": "14:44:38.544588", "frame": 57, "mu": [0.3346105831133723, 4.278845968051317, 0.7951322088455789], "Sigma": [[0.025052366916855216, -0.00281213644328387, -0.007360824928514852], [-0.0028121364432838695, 0.002630348933294188, -0.0024955872291914554], [-0.007360824928514852, -0.0024955872291914554, 0.014130248984935164]], "chi2_level": 0.95, "chi2_df": 3, "chi2_threshold": 7.814727903251179, "N_raw": 50, "N_roi": 50, "N_inlier": 49, "refit": true}
{"timestamp": "14:44:38.652655", "frame": 59, "mu": [0.3100066224201925, 4.213711083978487, 1.0227026784055133], "Sigma": [[0.023649463108618464, -0.0009390417265159539, -0.00685921280774248], [-0.0009390417265159539, 0.0012333547450886246, -0.0030181610015607846], [-0.00685921280774248, -0.0030181610015607846, 0.017297127331576206]], "chi2_level": 0.95, "chi2_df": 3, "chi2_threshold": 7.814727903251179, "N_raw": 42, "N_roi": 42, "N_inlier": 41, "refit": true}
{"timestamp": "14:44:38.709099", "frame": 60, "mu": [0.36929344801483316, 4.167498162192708, 0.7277851573168366], "Sigma": [[0.028938132951363563, 0.002096475675775951, 0.0074996816319338536], [0.0020964756757759504, 0.0033510122566758694, -0.0010902922275428122], [0.0074996816319338536, -0.001090292227542812, 0.005830560404698155]], "chi2_level": 0.95, "chi2_df": 3, "chi2_threshold": 7.814727903251179, "N_raw": 50, "N_roi": 50, "N_inlier": 49, "refit": true}
{"timestamp": "14:44:38.764741", "frame": 61, "mu": [0.28977086618415276, 4.160907297920096, 1.109962351790673], "Sigma": [[0.029068152834482615, -0.003702192268663536, -0.013779940665676471], [-0.003702192268663536, 0.004311823642460643, -0.0007734702846234607], [-0.013779940665676471, -0.0007734702846234607, 0.011855433477331952]], "chi2_level": 0.95, "chi2_df": 3, "chi2_threshold": 7.814727903251179, "N_raw": 57, "N_roi": 57, "N_inlier": 55, "refit": true}
{"timestamp": "14:44:38.820924", "frame": 62, "mu": [0.5138186638012047, 4.1672840224069025, -0.7150893757747581], "Sigma": [[0.021900109637862132, 0.008679204592506443, 0.05161357505047981], [0.008679204592506443, 0.010714864961046412, 0.019848894003425186], [0.05161357505047981, 0.019848894003425186, 0.2670805030377366]], "chi2_level": 0.95, "chi2_df": 3, "chi2_threshold": 7.814727903251179, "N_raw": 54, "N_roi": 54, "N_inlier": 53, "refit": true}
{"timestamp": "14:44:38.874861", "frame": 63, "mu": [0.3623922213731107, 4.05935693820241, 0.9777601754924528], "Sigma": [[0.023569622872189736, -0.0016352399555327737, -0.0031839132422821627], [-0.0016352399555327737, 0.002180916938508179, -0.005018288991135758], [-0.0031839132422821627, -0.005018288991135758, 0.020057711396743616]], "chi2_level": 0.95, "chi2_df": 3, "chi2_threshold": 7.814727903251179, "N_raw": 55, "N_roi": 55, "N_inlier": 53, "refit": true}
{"timestamp": "14:44:38.930795", "frame": 64, "mu": [0.40221148533920004, 4.037756326177996, 0.9166722439748474], "Sigma": [[0.032288991264662004, -0.0042578776030925795, -0.01123255577186062], [-0.0042578776030925795, 0.00516868318020766, -0.0002357604554556511], [-0.01123255577186062, -0.00023576045545565093, 0.0062758737499524955]], "chi2_level": 0.95, "chi2_df": 3, "chi2_threshold": 7.814727903251179, "N_raw": 63, "N_roi": 63, "N_inlier": 61, "refit": true}
{"timestamp": "14:44:38.981848", "frame": 65, "mu": [0.3748730490961808, 3.98662446198996, 0.8753247659763127], "Sigma": [[0.02015239243182589, -0.004498640883265853, -0.009724737480339356], [-0.004498640883265853, 0.0033648987332903363, 0.0011335938967023736], [-0.009724737480339356, 0.0011335938967023736, 0.006726114222564417]], "chi2_level": 0.95, "chi2_df": 3, "chi2_threshold": 7.814727903251179, "N_raw": 38, "N_roi": 38, "N_inlier": 36, "refit": true}
{"timestamp": "14:44:39.041435", "frame": 66, "mu": [0.32487403659912556, 3.940057372269062, 0.7772289048918104], "Sigma": [[0.03080124682397518, 0.0005464937199214379, 0.008215039582374304], [0.0005464937199214379, 0.004372524503549886, -0.0007158381161430648], [0.008215039582374305, -0.000715838116143065, 0.0048106463440922365]], "chi2_level": 0.95, "chi2_df": 3, "chi2_threshold": 7.814727903251179, "N_raw": 61, "N_roi": 61, "N_inlier": 58, "refit": true}
{"timestamp": "14:44:39.096717", "frame": 67, "mu": [0.3164299229344222, 3.9153375375602457, 0.7824500543933784], "Sigma": [[0.027067286459518253, -0.0010125939738296359, -0.005076208383874244], [-0.0010125939738296356, 0.0036865287635626694, -0.004202179369489045], [-0.005076208383874244, -0.004202179369489045, 0.01716197588525541]], "chi2_level": 0.95, "chi2_df": 3, "chi2_threshold": 7.814727903251179, "N_raw": 67, "N_roi": 67, "N_inlier": 66, "refit": true}
{"timestamp": "14:44:39.146455", "frame": 68, "mu": [0.3184374346077546, 3.870519286721373, 0.7733174448544422], "Sigma": [[0.015965387690284362, -0.0017790841314221802, 7.372238598129827e-05], [-0.0017790841314221802, 0.0019430767700581552, -0.001579689936939362], [7.372238598129835e-05, -0.001579689936939362, 0.003972363886661269]], "chi2_level": 0.95, "chi2_df": 3, "chi2_threshold": 7.814727903251179, "N_raw": 34, "N_roi": 34, "N_inlier": 31, "refit": true}
{"timestamp": "14:44:39.204768", "frame": 69, "mu": [0.4518353361052437, 3.8269732038299415, 0.9107053101481867], "Sigma": [[0.021790884768727703, -2.823700820612389e-05, -0.004784779026743208], [-2.8237008206124068e-05, 0.0013137035918294583, -0.0044397461243708405], [-0.004784779026743208, -0.004439746124370841, 0.021751553003665935]], "chi2_level": 0.95, "chi2_df": 3, "chi2_threshold": 7.814727903251179, "N_raw": 52, "N_roi": 52, "N_inlier": 51, "refit": true}
{"timestamp": "14:44:39.260532", "frame": 70, "mu": [0.34916724890325596, 3.7933769893614095, 0.9397162538901123], "Sigma": [[0.029291753750347736, -0.0036268433272570594, -0.012415320439940617], [-0.00362684332725706, 0.003225026308111125, -0.001569200933567219], [-0.012415320439940617, -0.001569200933567219, 0.015612125643481736]], "chi2_level": 0.95, "chi2_df": 3, "chi2_threshold": 7.814727903251179, "N_raw": 60, "N_roi": 60, "N_inlier": 59, "refit": true}
{"timestamp": "14:44:39.316827", "frame": 71, "mu": [0.46139484369070755, 3.8020680161331075, 1.0222324020012927], "Sigma": [[0.02991876953945296, -0.0002329468188321509, -0.025675398669213832], [-0.0002329468188321509, 0.002737962695586978, -0.007347018839160885], [-0.025675398669213832, -0.007347018839160885, 0.054293343262170654]], "chi2_level": 0.95, "chi2_df": 3, "chi2_threshold": 7.814727903251179, "N_raw": 74, "N_roi": 74, "N_inlier": 73, "refit": true}
{"timestamp": "14:44:39.373927", "frame": 72, "mu": [0.3761082015774481, 3.735938338363851, 0.8870004960617887], "Sigma": [[0.02691345261772348, -0.004984772329117052, -0.019204993238480662], [-0.0049847723291170515, 0.0049414343160089766, -0.0018313611394802187], [-0.019204993238480662, -0.0018313611394802191, 0.02436615529814087]], "chi2_level": 0.95, "chi2_df": 3, "chi2_threshold": 7.814727903251179, "N_raw": 74, "N_roi": 74, "N_inlier": 72, "refit": true}
{"timestamp": "14:44:39.427493", "frame": 73, "mu": [0.33825676428069723, 3.8116356777318163, -0.2679924785746248], "Sigma": [[0.022874651933627532, 0.0076800235186985566, 0.034562201736615665], [0.0076800235186985566, 0.009418137758159929, 0.008823205451532597], [0.034562201736615665, 0.008823205451532597, 0.18620257502808926]], "chi2_level": 0.95, "chi2_df": 3, "chi2_threshold": 7.814727903251179, "N_raw": 63, "N_roi": 61, "N_inlier": 61, "refit": true}
{"timestamp": "14:44:39.483076", "frame": 74, "mu": [0.38701557927530394, 3.8225012408620054, -0.09520607957748427], "Sigma": [[0.02683336698142597, 0.0007290444882747648, -0.01381877287522269], [0.0007290444882747651, 0.005828854629715116, -0.007743418865279829], [-0.013818772875222691, -0.007743418865279829, 0.019861764810966517]], "chi2_level": 0.95, "chi2_df": 3, "chi2_threshold": 7.814727903251179, "N_raw": 70, "N_roi": 70, "N_inlier": 67, "refit": true}
{"timestamp": "14:44:39.540450", "frame": 75, "mu": [0.3997288816916222, 3.633955931473582, 0.8996329906075338], "Sigma": [[0.03041452806256379, 0.0014949061681586464, -0.0073586609514477075], [0.0014949061681586461, 0.003654301865942429, -0.0066147281640307025], [-0.007358660951447707, -0.0066147281640307025, 0.01685429645882159]], "chi2_level": 0.95, "chi2_df": 3, "chi2_threshold": 7.814727903251179, "N_raw": 83, "N_roi": 83, "N_inlier": 81, "refit": true}
{"timestamp": "14:44:39.591101", "frame": 76, "mu": [0.340443966781695, 3.62668286075149, 1.013326251258811], "Sigma": [[0.022276947297024913, -0.0048899219642850895, -0.015268855238622172], [-0.0048899219642850895, 0.005080433592194047, 0.0005508157498282441], [-0.01526885523862217, 0.0005508157498282438, 0.0157809753583658]], "chi2_level": 0.95, "chi2_df": 3, "chi2_threshold": 7.814727903251179, "N_raw": 59, "N_roi": 59, "N_inlier": 58, "refit": true}
{"timestamp": "14:44:39.649059", "frame": 77, "mu": [0.3937537988249445, 3.582330027705986, 1.0492689640772768], "Sigma": [[0.027381978165586292, -0.0014891421909975153, -0.006169961772439633], [-0.0014891421909975153, 0.0031179319405943125, -0.006072132499865553], [-0.006169961772439633, -0.006072132499865553, 0.01967740375168136]], "chi2_level": 0.95, "chi2_df": 3, "chi2_threshold": 7.814727903251179, "N_raw": 75, "N_roi": 75, "N_inlier": 74, "refit": true}
{"timestamp": "14:44:39.699114", "frame": 78, "mu": [0.41248694992019586, 3.517780971307959, 0.8361217208435577], "Sigma": [[0.026913057542963796, -0.002697875272465765, -0.0036980788379597515], [-0.0026978752724657645, 0.0021488019265383457, -0.0012140192120184425], [-0.003698078837959751, -0.0012140192120184427, 0.008890315955921433]], "chi2_level": 0.95, "chi2_df": 3, "chi2_threshold": 7.814727903251179, "N_raw": 53, "N_roi": 53, "N_inlier": 51, "refit": true}
{"timestamp": "14:44:39.760039", "frame": 79, "mu": [0.3673027299906469, 3.505520451072522, 0.8888603234088707], "Sigma": [[0.025109540576507883, -0.0019667034512232625, -0.005968012869825863], [-0.0019667034512232625, 0.0035804553251030592, -0.005460002935521709], [-0.005968012869825862, -0.005460002935521708, 0.030429944151978777]], "chi2_level": 0.95, "chi2_df": 3, "chi2_threshold": 7.814727903251179, "N_raw": 81, "N_roi": 81, "N_inlier": 79, "refit": true}
{"timestamp": "14:44:39.812765", "frame": 80, "mu": [0.4121991397484233, 3.4413316251176145, 0.7955486574756927], "Sigma": [[0.019666812380956716, -0.0025107638197759846, -0.0042855498568390256], [-0.0025107638197759846, 0.00184030925676718, -0.0039315111738711375], [-0.0042855498568390256, -0.003931511173871138, 0.04142977735628255]], "chi2_level": 0.95, "chi2_df": 3, "chi2_threshold": 7.814727903251179, "N_raw": 68, "N_roi": 67, "N_inlier": 66, "refit": true}
{"timestamp": "14:44:39.869572", "frame": 81, "mu": [0.4022252501420954, 3.5366188925591775, 0.016003938176288094], "Sigma": [[0.021722492408834847, -1.9627146964106175e-05, -0.012993670654732567], [-1.962714696410623e-05, 0.00941379439140138, -0.01444170757639722], [-0.01299367065473257, -0.01444170757639722, 0.032334080109580485]], "chi2_level": 0.95, "chi2_df": 3, "chi2_threshold": 7.814727903251179, "N_raw": 85, "N_roi": 85, "N_inlier": 81, "refit": true}
{"timestamp": "14:44:39.925845", "frame": 82, "mu": [0.4435406049908006, 3.493288592749392, 0.10765830382721375], "Sigma": [[0.023430334418529, -0.005163733486613651, 0.025818177495486157], [-0.005163733486613652, 0.012074584206755364, -0.035990312214821615], [0.025818177495486157, -0.035990312214821615, 0.14941605341109365]], "chi2_level": 0.95, "chi2_df": 3, "chi2_threshold": 7.814727903251179, "N_raw": 88, "N_roi": 87, "N_inlier": 84, "refit": true}
{"timestamp": "14:44:39.979385", "frame": 83, "mu": [0.4363570041855656, 3.3238139780377787, 1.0588167553020997], "Sigma": [[0.02018550996148006, -0.004761668202889373, -0.012942363022285117], [-0.004761668202889373, 0.0053275902268919975, -0.002021963877884627], [-0.012942363022285117, -0.002021963877884627, 0.027854195071576424]], "chi2_level": 0.95, "chi2_df": 3, "chi2_threshold": 7.814727903251179, "N_raw": 73, "N_roi": 73, "N_inlier": 70, "refit": true}
{"timestamp": "14:44:40.033173", "frame": 84, "mu": [0.44593392692639583, 3.434303826831481, -0.29545825193417297], "Sigma": [[0.02228564829249547, 0.00412020294699879, 0.01798639306099472], [0.00412020294699879, 0.007791538721288851, 0.007724206353593851], [0.01798639306099472, 0.007724206353593851, 0.08020136274702683]], "chi2_level": 0.95, "chi2_df": 3, "chi2_threshold": 7.814727903251179, "N_raw": 69, "N_roi": 69, "N_inlier": 68, "refit": true}
{"timestamp": "14:44:40.087107", "frame": 85, "mu": [0.4886705475291461, 3.3801166774836013, -0.39092156714565396], "Sigma": [[0.018206715942127853, 0.008587877333141264, 0.01959933858915847], [0.008587877333141262, 0.010974113925860472, 0.008222342830609915], [0.019599338589158473, 0.008222342830609915, 0.11652369121876707]], "chi2_level": 0.95, "chi2_df": 3, "chi2_threshold": 7.814727903251179, "N_raw": 69, "N_roi": 69, "N_inlier": 67, "refit": true}
{"timestamp": "14:44:40.144744", "frame": 86, "mu": [0.4896185596330955, 3.212576168286059, 0.9703403543494598], "Sigma": [[0.022983185202892588, -0.003148569027299419, -0.01613557597514272], [-0.0031485690272994196, 0.003023079563550253, -0.004969965788601991], [-0.01613557597514272, -0.004969965788601991, 0.04900677421217689]], "chi2_level": 0.95, "chi2_df": 3, "chi2_threshold": 7.814727903251179, "N_raw": 83, "N_roi": 83, "N_inlier": 83, "refit": true}
{"timestamp": "14:44:40.198145", "frame": 87, "mu": [0.5106711193603506, 3.173560545204629, 0.9112489583522865], "Sigma": [[0.024807968035781922, -0.0026048128333827224, -0.01330707731238407], [-0.002604812833382722, 0.0041823321325669205, -0.000566072644416101], [-0.01330707731238407, -0.0005660726444161011, 0.012309211788420552]], "chi2_level": 0.95, "chi2_df": 3, "chi2_threshold": 7.814727903251179, "N_raw": 69, "N_roi": 69, "N_inlier": 66, "refit": true}
{"timestamp": "14:44:40.255758", "frame": 88, "mu": [0.5447996508664248, 3.241538680798019, -0.08813600061531672], "Sigma": [[0.041854659101559825, -0.018290386348340355, 0.07617129639098698], [-0.018290386348340355, 0.022616739934232154, -0.06434156272981097], [0.07617129639098698, -0.06434156272981097, 0.3001891087164549]], "chi2_level": 0.95, "chi2_df": 3, "chi2_threshold": 7.814727903251179, "N_raw": 92, "N_roi": 92, "N_inlier": 90, "refit": true}
{"timestamp": "14:44:40.309020", "frame": 89, "mu": [0.521151973143395, 3.119484163723043, 0.9468886601563308], "Sigma": [[0.01922684568089244, -0.002032861178548599, -0.00015926696111987155], [-0.002032861178548599, 0.0037092965074255997, -0.007072594541416932], [-0.00015926696111987176, -0.007072594541416932, 0.02231101260395655]], "chi2_level": 0.95, "chi2_df": 3, "chi2_threshold": 7.814727903251179, "N_raw": 79, "N_roi": 79, "N_inlier": 78, "refit": true}
{"timestamp": "14:44:40.361031", "frame": 90, "mu": [0.5912250307718521, 3.027293932874809, 0.7129422421543953], "Sigma": [[0.021922490465533184, -0.004259776539728646, -0.0009270928870866637], [-0.004259776539728646, 0.0031533681690651474, -0.0011806885956434853], [-0.0009270928870866637, -0.0011806885956434853, 0.002054212986251781]], "chi2_level": 0.95, "chi2_df": 3, "chi2_threshold": 7.814727903251179, "N_raw": 53, "N_roi": 53, "N_inlier": 49, "refit": true}
{"timestamp": "14:44:40.424590", "frame": 91, "mu": [0.45492312435643045, 3.0708447717385314, 1.0791940468354129], "Sigma": [[0.029931637584402586, -0.00756587435284771, -0.01335587888820065], [-0.00756587435284771, 0.006365386461368349, -0.007124782118135199], [-0.013355878888200652, -0.007124782118135199, 0.03651225371802787]], "chi2_level": 0.95, "chi2_df": 3, "chi2_threshold": 7.814727903251179, "N_raw": 117, "N_roi": 117, "N_inlier": 115, "refit": true}
{"timestamp": "14:44:40.485076", "frame": 92, "mu": [0.4508217141494081, 3.085766104676707, 0.32679856472545876], "Sigma": [[0.04775002616149529, -0.02381987081699949, 0.11046283331142515], [-0.02381987081699949, 0.021776593049801812, -0.09047539294042345], [0.11046283331142515, -0.09047539294042345, 0.43952908300490967]], "chi2_level": 0.95, "chi2_df": 3, "chi2_threshold": 7.814727903251179, "N_raw": 145, "N_roi": 145, "N_inlier": 143, "refit": true}
{"timestamp": "14:44:40.534151", "frame": 93, "mu": [0.4629936818366466, 2.987054218774548, 1.0997671682610157], "Sigma": [[0.021282495568654226, -0.003772413872847859, -0.010391574592289954], [-0.0037724138728478587, 0.004442248057428369, -0.010226255958677944], [-0.010391574592289954, -0.010226255958677944, 0.04916729539790356]], "chi2_level": 0.95, "chi2_df": 3, "chi2_threshold": 7.814727903251179, "N_raw": 110, "N_roi": 110, "N_inlier": 106, "refit": true}
{"timestamp": "14:44:40.587994", "frame": 94, "mu": [0.48998232866200064, 2.9289098716883437, 1.058500992317174], "Sigma": [[0.019837122714548933, -0.0024763179741825333, -0.018741604245083338], [-0.002476317974182533, 0.004076379416356087, -0.009844872651387823], [-0.018741604245083338, -0.009844872651387823, 0.0708289635223252]], "chi2_level": 0.95, "chi2_df": 3, "chi2_threshold": 7.814727903251179, "N_raw": 112, "N_roi": 112, "N_inlier": 110, "refit": true}
{"timestamp": "14:44:40.642053", "frame": 95, "mu": [0.48684021145195494, 2.864220270765148, 1.02504377849705], "Sigma": [[0.01636176442490768, -0.0005167591362400263, -0.005595612585153201], [-0.0005167591362400264, 0.0020536764801220146, -0.008515401478261197], [-0.005595612585153202, -0.008515401478261197, 0.08450494132701858]], "chi2_level": 0.95, "chi2_df": 3, "chi2_threshold": 7.814727903251179, "N_raw": 99, "N_roi": 99, "N_inlier": 97, "refit": true}
{"timestamp": "14:44:40.692385", "frame": 96, "mu": [0.45245879780155973, 2.823241560150433, 1.2223898818280512], "Sigma": [[0.01124044100069435, -0.0015618391815509557, -0.0015250511359571016], [-0.0015618391815509557, 0.002922980181394596, -0.006309727870233839], [-0.001525051135957101, -0.006309727870233839, 0.05340715122556679]], "chi2_level": 0.95, "chi2_df": 3, "chi2_threshold": 7.814727903251179, "N_raw": 63, "N_roi": 62, "N_inlier": 60, "refit": true}
{"timestamp": "14:44:40.751367", "frame": 97, "mu": [0.5338635949539361, 2.7899680344678366, 0.8718561241017109], "Sigma": [[0.017299118725195656, -0.0026332159051047424, -0.007994184071958744], [-0.0026332159051047424, 0.002683680129762581, -0.0050520510358681514], [-0.007994184071958742, -0.0050520510358681514, 0.02962419991239338]], "chi2_level": 0.95, "chi2_df": 3, "chi2_threshold": 7.814727903251179, "N_raw": 90, "N_roi": 90, "N_inlier": 87, "refit": true}
{"timestamp": "14:44:40.806348", "frame": 98, "mu": [0.555151794481281, 2.7384406231737093, 0.9431267793814818], "Sigma": [[0.019609627380417903, 0.00011813907606403452, -0.005286582642976023], [0.00011813907606403462, 0.0014999844846757219, -0.002621988534259145], [-0.005286582642976023, -0.002621988534259145, 0.045779819033988506]], "chi2_level": 0.95, "chi2_df": 3, "chi2_threshold": 7.814727903251179, "N_raw": 88, "N_roi": 88, "N_inlier": 85, "refit": true}
{"timestamp": "14:44:40.863994", "frame": 99, "mu": [0.5058363268221537, 2.6996341156942205, 1.0122640507619722], "Sigma": [[0.019115789590288607, -0.002860071726145408, -0.018101925295781456], [-0.002860071726145408, 0.0023637830439113892, -0.004286908095450765], [-0.018101925295781456, -0.004286908095450765, 0.0963156156115742]], "chi2_level": 0.95, "chi2_df": 3, "chi2_threshold": 7.814727903251179, "N_raw": 120, "N_roi": 120, "N_inlier": 113, "refit": true}
{"timestamp": "14:44:41.037915", "frame": 100, "mu": [0.4515983288430037, 2.673332414115043, 0.9637858728362261], "Sigma": [[0.024089962406814658, -0.0049549102711442744, -0.0276966376974233], [-0.0049549102711442744, 0.0026961129128038556, 0.0004018760067808262], [-0.0276966376974233, 0.000401876006780826, 0.09934861907367584]], "chi2_level": 0.95, "chi2_df": 3, "chi2_threshold": 7.814727903251179, "N_raw": 109, "N_roi": 109, "N_inlier": 104, "refit": true}
{"timestamp": "14:44:41.050081", "frame": 101, "mu": [0.4526469242883146, 2.6327938043301575, 0.9393487268596181], "Sigma": [[0.02285217377345035, 0.0018231411242796798, -0.004651351230917741], [0.0018231411242796798, 0.0015456772303780767, -0.006685665442912071], [-0.004651351230917741, -0.006685665442912071, 0.06859359510116998]], "chi2_level": 0.95, "chi2_df": 3, "chi2_threshold": 7.814727903251179, "N_raw": 113, "N_roi": 113, "N_inlier": 109, "refit": true}
{"timestamp": "14:44:41.095441", "frame": 102, "mu": [0.5476620001265066, 2.565665713787747, 0.8372227699904337], "Sigma": [[0.014288521026474245, -0.0006425458321165966, -0.01787948189706239], [-0.0006425458321165966, 0.00293616862752617, -0.001498795300713067], [-0.01787948189706239, -0.0014987953007130665, 0.1355508214447161]], "chi2_level": 0.95, "chi2_df": 3, "chi2_threshold": 7.814727903251179, "N_raw": 72, "N_roi": 72, "N_inlier": 70, "refit": true}
{"timestamp": "14:44:41.128755", "frame": 103, "mu": [0.5055861054109311, 2.680925860624251, -0.41574002392497694], "Sigma": [[0.014876784089254467, 0.005625577176604122, 0.01568498131746926], [0.005625577176604122, 0.014008289303585721, -0.012494163836811645], [0.01568498131746926, -0.012494163836811643, 0.12776195368796314]], "chi2_level": 0.95, "chi2_df": 3, "chi2_threshold": 7.814727903251179, "N_raw": 97, "N_roi": 97, "N_inlier": 95, "refit": true}
{"timestamp": "14:44:41.159013", "frame": 104, "mu": [0.563101823216416, 2.5385051636819878, 0.9915537383331254], "Sigma": [[0.016114494770730216, -0.001984513147836351, -0.019152735468531426], [-0.001984513147836351, 0.002644120318387247, -0.006214849738624215], [-0.019152735468531426, -0.006214849738624215, 0.09353017476350622]], "chi2_level": 0.95, "chi2_df": 3, "chi2_threshold": 7.814727903251179, "N_raw": 112, "N_roi": 112, "N_inlier": 111, "refit": true}
{"timestamp": "14:44:41.191311", "frame": 105, "mu": [0.5726708479333085, 2.4931185662555295, 0.8473992021437246], "Sigma": [[0.015511634806512922, -0.002446674101806043, -0.015752367695139612], [-0.002446674101806043, 0.0019085450078078154, -0.0046625621682184135], [-0.015752367695139616, -0.0046625621682184135, 0.08076920056022113]], "chi2_level": 0.95, "chi2_df": 3, "chi2_threshold": 7.814727903251179, "N_raw": 100, "N_roi": 100, "N_inlier": 98, "refit": true}
{"timestamp": "14:44:41.241356", "frame": 106, "mu": [0.4699123018280824, 2.4558150297696075, 0.9784130681138853], "Sigma": [[0.010436646869133231, -0.0014679100264476325, -0.001930536150654187], [-0.0014679100264476327, 0.002003117089949204, -0.003857765080507863], [-0.001930536150654187, -0.003857765080507863, 0.015325727432712002]], "chi2_level": 0.95, "chi2_df": 3, "chi2_threshold": 7.814727903251179, "N_raw": 64, "N_roi": 64, "N_inlier": 61, "refit": true}
{"timestamp": "14:44:41.296913", "frame": 107, "mu": [0.548240261131845, 2.399089727682923, 0.9422101856138326], "Sigma": [[0.012423334187471987, -0.002451332291181247, -0.007864173176374304], [-0.002451332291181247, 0.0028524484038027764, -0.0067569301551815685], [-0.007864173176374306, -0.0067569301551815685, 0.17443535080773898]], "chi2_level": 0.95, "chi2_df": 3, "chi2_threshold": 7.814727903251179, "N_raw": 70, "N_roi": 70, "N_inlier": 67, "refit": true}
{"timestamp": "14:44:41.355220", "frame": 108, "mu": [0.6255699722807498, 2.3316129746923027, 0.9451035213740023], "Sigma": [[0.012968650955051718, -0.003319119220973071, -0.014388257152768927], [-0.0033191192209730716, 0.0022923377003858597, -0.0064549559619093404], [-0.014388257152768927, -0.006454955961909341, 0.11379816627874216]], "chi2_level": 0.95, "chi2_df": 3, "chi2_threshold": 7.814727903251179, "N_raw": 92, "N_roi": 92, "N_inlier": 87, "refit": true}
{"timestamp": "14:44:41.412260", "frame": 109, "mu": [0.5530904927121516, 2.3264971148271707, 1.0179237027577652], "Sigma": [[0.012603848201847768, -0.003139140484200876, -0.009265337510039428], [-0.0031391404842008763, 0.004994202689982492, -0.017469896374022187], [-0.009265337510039428, -0.017469896374022187, 0.1258781721598377]], "chi2_level": 0.95, "chi2_df": 3, "chi2_threshold": 7.814727903251179, "N_raw": 103, "N_roi": 103, "N_inlier": 97, "refit": true}
{"timestamp": "14:44:41.471296", "frame": 110, "mu": [0.5710085929614199, 2.2705647007955925, -0.19351833804116653], "Sigma": [[0.014031521455848763, -0.002247566740291293, 0.08456393206495394], [-0.002247566740291293, 0.0024887730052970125, -0.031247241238934107], [0.08456393206495394, -0.031247241238934107, 1.2711157734646499]], "chi2_level": 0.95, "chi2_df": 3, "chi2_threshold": 7.814727903251179, "N_raw": 124, "N_roi": 124, "N_inlier": 117, "refit": true}
{"timestamp": "14:44:41.525730", "frame": 111, "mu": [0.5653314907585414, 2.2334291539347473, 0.824748565284191], "Sigma": [[0.013801834135508706, -0.0029451247193746947, -0.014875851017072492], [-0.0029451247193746947, 0.004372006271959582, 0.012661710761629192], [-0.014875851017072492, 0.012661710761629192, 0.28798827464512594]], "chi2_level": 0.95, "chi2_df": 3, "chi2_threshold": 7.814727903251179, "N_raw": 113, "N_roi": 113, "N_inlier": 113, "refit": true}
{"timestamp": "14:44:41.573361", "frame": 112, "mu": [0.6132631918531358, 2.3899471453255137, -0.5407363321884541], "Sigma": [[0.009640774509905239, -0.00040095900677040346, 0.003309320364591874], [-0.00040095900677040357, 0.01015961152486171, -0.03857643266509841], [0.003309320364591874, -0.038576432665098415, 0.16876244188202663]], "chi2_level": 0.95, "chi2_df": 3, "chi2_threshold": 7.814727903251179, "N_raw": 71, "N_roi": 71, "N_inlier": 66, "refit": true}
{"timestamp": "14:44:41.632183", "frame": 113, "mu": [0.5282259918858951, 2.1743886560448136, 1.0442173887758532], "Sigma": [[0.01214080014861774, -0.0027625855335044877, 0.0027005011244697784], [-0.0027625855335044877, 0.0025355160504910057, -0.006099880301150549], [0.0027005011244697784, -0.006099880301150549, 0.05050433306687283]], "chi2_level": 0.95, "chi2_df": 3, "chi2_threshold": 7.814727903251179, "N_raw": 96, "N_roi": 96, "N_inlier": 91, "refit": true}
{"timestamp": "14:44:41.685533", "frame": 114, "mu": [0.5645243194118349, 2.1391496794206697, 0.9537003707999038], "Sigma": [[0.013306032822463948, -0.0019945160496197918, 0.0007440707156382263], [-0.0019945160496197918, 0.003233088643937895, -0.004753437408056239], [0.0007440707156382261, -0.004753437408056238, 0.011257238698900825]], "chi2_level": 0.95, "chi2_df": 3, "chi2_threshold": 7.814727903251179, "N_raw": 81, "N_roi": 81, "N_inlier": 76, "refit": true}
{"timestamp": "14:44:41.736476", "frame": 115, "mu": [0.4364274730233662, 2.328141240633632, -0.4438632644555055], "Sigma": [[0.009750412358229292, -0.0031561814024766727, -0.0023380840448565207], [-0.003156181402476673, 0.0032319255210960314, -0.0031769518925208228], [-0.0023380840448565207, -0.0031769518925208236, 0.012877687730448534]], "chi2_level": 0.95, "chi2_df": 3, "chi2_threshold": 7.814727903251179, "N_raw": 54, "N_roi": 54, "N_inlier": 48, "refit": true}
{"timestamp": "14:44:41.790088", "frame": 116, "mu": [0.5567776755413234, 2.0385306900609566, 1.0766361614108788], "Sigma": [[0.006436318880991423, -0.0020969149283263256, -0.00013083749313832983], [-0.002096914928326325, 0.005055435533629824, 0.00622729011460083], [-0.00013083749313832962, 0.006227290114600828, 0.05987978738002638]], "chi2_level": 0.95, "chi2_df": 3, "chi2_threshold": 7.814727903251179, "N_raw": 56, "N_roi": 56, "N_inlier": 51, "refit": true}
{"timestamp": "14:44:41.843191", "frame": 117, "mu": [0.5365272029586051, 1.9834106590256284, 1.135515622566224], "Sigma": [[0.006873716853434079, -0.0010118073463848446, -0.0003911513937774507], [-0.0010118073463848446, 0.0014093069079869206, -0.0014129815695459133], [-0.0003911513937774509, -0.0014129815695459133, 0.015278451797998032]], "chi2_level": 0.95, "chi2_df": 3, "chi2_threshold": 7.814727903251179, "N_raw": 39, "N_roi": 39, "N_inlier": 37, "refit": true}
