{"timestamp": "15:31:22.892741", "frame": 37, "mu": [-2.4169213592381724, 4.319676300149548, 0.9896855855390394], "Sigma": [[0.0034563423653363717, 0.001097077942839485, -6.551506414640046e-05], [0.001097077942839485, 0.0026991997961210326, -0.0017320255216471203], [-6.551506414640051e-05, -0.0017320255216471203, 0.0015731028122439289]], "chi2_level": 0.95, "chi2_df": 3, "chi2_threshold": 7.814727903251179, "N_raw": 48, "N_roi": 11, "N_inlier": 11, "refit": true}
{"timestamp": "15:31:22.945335", "frame": 38, "mu": [-2.3973802984159924, 4.318551627320799, 1.0403299122675498], "Sigma": [[0.005671167301623369, 0.0014887625226916393, -0.001593216539432889], [0.0014887625226916393, 0.001385185670007523, -0.0022353033249917563], [-0.0015932165394328887, -0.0022353033249917563, 0.006751804336468911]], "chi2_level": 0.95, "chi2_df": 3, "chi2_threshold": 7.814727903251179, "N_raw": 36, "N_roi": 10, "N_inlier": 10, "refit": true}
{"timestamp": "15:31:23.052973", "frame": 40, "mu": [-2.393074138679255, 4.1876299923583895, 0.8224865546034335], "Sigma": [[0.006897438094102036, 0.004371195603267489, -0.0008723725412225524], [0.004371195603267489, 0.0051811826692012035, -0.0016151849921740014], [-0.0008723725412225524, -0.0016151849921740014, 0.0006974393816799913]], "chi2_level": 0.95, "chi2_df": 3, "chi2_threshold": 7.814727903251179, "N_raw": 19, "N_roi": 14, "N_inlier": 13, "refit": true}
{"timestamp": "15:31:23.105385", "frame": 41, "mu": [-2.414413640077223, 4.156516506997969, 0.8350574200637053], "Sigma": [[0.002974038707289877, 0.0001767038571760858, -3.39669236225517e-05], [0.0001767038571760858, 0.00255764930223861, -0.0007080877457777235], [-3.396692362255175e-05, -0.0007080877457777235, 0.00019718720532674682]], "chi2_level": 0.95, "chi2_df": 3, "chi2_threshold": 7.814727903251179, "N_raw": 9, "N_roi": 8, "N_inlier": 8, "refit": true}
{"timestamp": "15:31:23.161084", "frame": 42, "mu": [-2.2415046402765197, 4.3792949121436004, 0.08198373738687453], "Sigma": [[0.008753209881228094, 0.003414538829833362, -0.004817673783579137], [0.003414538829833362, 0.003694977184048497, -0.003166943135410014], [-0.004817673783579137, -0.003166943135410014, 0.004867568604564921]], "chi2_level": 0.95, "chi2_df": 3, "chi2_threshold": 7.814727903251179, "N_raw": 10, "N_roi": 10, "N_inlier": 10, "refit": true}
{"timestamp": "15:31:23.220287", "frame": 43, "mu": [-2.193582897725095, 4.339129432888142, 0.21472921730161101], "Sigma": [[0.028002162466601442, 0.014243765977192029, -0.016263470009684033], [0.014243765977192027, 0.011158781335490088, -0.0089011947431446], [-0.01626347000968403, -0.008901194743144599, 0.011384432050919454]], "chi2_level": 0.95, "chi2_df": 3, "chi2_threshold": 7.814727903251179, "N_raw": 40, "N_roi": 39, "N_inlier": 38, "refit": true}
{"timestamp": "15:31:23.329397", "frame": 45, "mu": [-2.0296416277918614, 4.2393088795138905, 1.0173964702075542], "Sigma": [[0.015337671795777096, 0.003712815369005737, -0.015787844604365733], [0.003712815369005737, 0.0017269433846444227, -0.003796880878674906], [-0.015787844604365733, -0.0037968808786749066, 0.017340291317551226]], "chi2_level": 0.95, "chi2_df": 3, "chi2_threshold": 7.814727903251179, "N_raw": 20, "N_roi": 14, "N_inlier": 12, "refit": true}
{"timestamp": "15:31:23.384381", "frame": 46, "mu": [-1.7716402532732791, 4.210859575820192, 0.674660902284729], "Sigma": [[0.013182229590014668, 0.0037062114372519587, -0.007487087960525213], [0.0037062114372519587, 0.0025517761517510748, -0.0021375848448498243], [-0.007487087960525213, -0.002137584844849824, 0.00582755915143141]], "chi2_level": 0.95, "chi2_df": 3, "chi2_threshold": 7.814727903251179, "N_raw": 18, "N_roi": 16, "N_inlier": 15, "refit": true}
{"timestamp": "15:31:23.438728", "frame": 47, "mu": [-1.7930469075490647, 4.290815097770425, 1.0183140212902053], "Sigma": [[0.010655659020866126, 0.0006329118335477921, -0.0052514277299338065], [0.0006329118335477921, 0.0031548839198914796, 0.0023529925178898395], [-0.0052514277299338065, 0.0023529925178898386, 0.005312765567635267]], "chi2_level": 0.95, "chi2_df": 3, "chi2_threshold": 7.814727903251179, "N_raw": 14, "N_roi": 10, "N_inlier": 10, "refit": true}
{"timestamp": "15:31:23.495188", "frame": 48, "mu": [-1.6831876429165866, 4.235681232451471, 0.8057837842815252], "Sigma": [[0.014527359523816596, 0.00474249546838135, -0.0028599268077402554], [0.00474249546838135, 0.003303814447338531, -0.0015077596969331722], [-0.0028599268077402554, -0.0015077596969331722, 0.0009775064203873815]], "chi2_level": 0.95, "chi2_df": 3, "chi2_threshold": 7.814727903251179, "N_raw": 25, "N_roi": 20, "N_inlier": 19, "refit": true}
{"timestamp": "15:31:23.551630", "frame": 49, "mu": [-1.7184819075573472, 4.3808915896845315, 1.0509442429191198], "Sigma": [[0.023770733088621876, 0.003971941292069029, -0.011537436093222202], [0.003971941292069029, 0.003793724767252997, -0.003655162490570144], [-0.011537436093222202, -0.003655162490570144, 0.008885309705079242]], "chi2_level": 0.95, "chi2_df": 3, "chi2_threshold": 7.814727903251179, "N_raw": 35, "N_roi": 35, "N_inlier": 33, "refit": true}
{"timestamp": "15:31:23.605374", "frame": 50, "mu": [-1.6595994248494537, 4.45542615655839, 1.3209291341712912], "Sigma": [[0.020952800152120928, 0.004150601647436861, -0.004781135128200295], [0.004150601647436861, 0.0020683642872401714, -0.0018318558147574053], [-0.004781135128200294, -0.0018318558147574053, 0.002866310737106086]], "chi2_level": 0.95, "chi2_df": 3, "chi2_threshold": 7.814727903251179, "N_raw": 26, "N_roi": 22, "N_inlier": 19, "refit": true}
{"timestamp": "15:31:23.658423", "frame": 51, "mu": [-1.5499471111115186, 4.415662867462893, 0.9457559577382424], "Sigma": [[0.01160670152589449, 0.003737341864643165, -0.03690774747098534], [0.003737341864643165, 0.002638953900242294, -0.01792575607378852], [-0.03690774747098534, -0.01792575607378852, 0.22436755267765077]], "chi2_level": 0.95, "chi2_df": 3, "chi2_threshold": 7.814727903251179, "N_raw": 14, "N_roi": 14, "N_inlier": 13, "refit": true}
{"timestamp": "15:31:23.879776", "frame": 55, "mu": [-1.2946858985202978, 4.398601883710704, 0.904286199509828], "Sigma": [[0.009802017131749226, 0.000816614412718883, -0.004722273034556042], [0.000816614412718883, 0.0010824730428146345, -0.0019236294302900176], [-0.004722273034556041, -0.0019236294302900174, 0.00677197041874486]], "chi2_level": 0.95, "chi2_df": 3, "chi2_threshold": 7.814727903251179, "N_raw": 19, "N_roi": 17, "N_inlier": 17, "refit": true}
{"timestamp": "15:31:23.991815", "frame": 57, "mu": [-1.1099402677374017, 4.459666683852803, 1.133164023089872], "Sigma": [[0.02059779078644873, 0.004993009778383619, -0.001881315437147781], [0.004993009778383619, 0.004657306500679608, -0.00032454799080161773], [-0.001881315437147781, -0.00032454799080161773, 0.000359896336633078]], "chi2_level": 0.95, "chi2_df": 3, "chi2_threshold": 7.814727903251179, "N_raw": 37, "N_roi": 35, "N_inlier": 35, "refit": true}
{"timestamp": "15:31:24.047716", "frame": 58, "mu": [-1.0693859856389503, 4.477501207082572, 1.2006510733473343], "Sigma": [[0.023553699021110486, 0.0039645866607011995, -0.010830966618268892], [0.0039645866607011995, 0.004318326726109787, -0.0009372145285654136], [-0.01083096661826889, -0.0009372145285654135, 0.006675686926011031]], "chi2_level": 0.95, "chi2_df": 3, "chi2_threshold": 7.814727903251179, "N_raw": 44, "N_roi": 40, "N_inlier": 38, "refit": true}
{"timestamp": "15:31:24.102917", "frame": 59, "mu": [-0.9521394971082051, 4.483561887983879, 1.127346122865868], "Sigma": [[0.028683688992018196, 0.0030412452393456454, -0.014763953446946483], [0.0030412452393456463, 0.004688721614165051, 0.0022433425581322866], [-0.01476395344694648, 0.002243342558132287, 0.01187855209195924]], "chi2_level": 0.95, "chi2_df": 3, "chi2_threshold": 7.814727903251179, "N_raw": 43, "N_roi": 39, "N_inlier": 38, "refit": true}
{"timestamp": "15:31:24.208982", "frame": 61, "mu": [-0.7970063729555351, 4.45390428809969, 0.9508766251688272], "Sigma": [[0.018107524517843497, 0.0029356076914002073, -0.0007883464399231475], [0.0029356076914002077, 0.0017290497710631472, -0.00042343098754670563], [-0.0007883464399231473, -0.00042343098754670563, 0.00010512129277562659]], "chi2_level": 0.95, "chi2_df": 3, "chi2_threshold": 7.814727903251179, "N_raw": 20, "N_roi": 20, "N_inlier": 19, "refit": true}
{"timestamp": "15:31:24.267062", "frame": 62, "mu": [-0.7893507066474491, 4.39866928723313, 0.8780157736504965], "Sigma": [[0.0266394577768663, 0.0009018715677466072, -0.012373509432820305], [0.0009018715677466072, 0.003365154150873156, -0.000779596686835575], [-0.012373509432820305, -0.0007795966868355749, 0.0067475428430968905]], "chi2_level": 0.95, "chi2_df": 3, "chi2_threshold": 7.814727903251179, "N_raw": 41, "N_roi": 40, "N_inlier": 36, "refit": true}
{"timestamp": "15:31:24.324796", "frame": 63, "mu": [-0.670794035353957, 4.419197780227432, 0.9585261050573837], "Sigma": [[0.03625346719197467, 0.004325669639915472, -0.0011879889455055428], [0.004325669639915472, 0.004633692690572595, -0.0011141370053143508], [-0.0011879889455055428, -0.001114137005314351, 0.0002696326656235344]], "chi2_level": 0.95, "chi2_df": 3, "chi2_threshold": 7.814727903251179, "N_raw": 53, "N_roi": 50, "N_inlier": 49, "refit": true}
{"timestamp": "15:31:24.432864", "frame": 65, "mu": [-0.534920656709307, 4.396876436294867, 0.9162209495338892], "Sigma": [[0.02726433432102007, 0.001594000050521461, -0.008879306582159692], [0.001594000050521461, 0.0025964461963598733, -0.0010916177118611022], [-0.00887930658215969, -0.001091617711861102, 0.004330938467613205]], "chi2_level": 0.95, "chi2_df": 3, "chi2_threshold": 7.814727903251179, "N_raw": 40, "N_roi": 34, "N_inlier": 34, "refit": true}
{"timestamp": "15:31:24.484522", "frame": 66, "mu": [-0.4646497797486903, 4.444427088441932, 1.0255236320046122], "Sigma": [[0.01946409239709968, 0.00021658488841323412, -0.008869483877520635], [0.00021658488841323396, 0.0012072577461552602, -0.0004696563619847707], [-0.008869483877520637, -0.0004696563619847706, 0.005158072874530051]], "chi2_level": 0.95, "chi2_df": 3, "chi2_threshold": 7.814727903251179, "N_raw": 23, "N_roi": 22, "N_inlier": 21, "refit": true}
{"timestamp": "15:31:24.541079", "frame": 67, "mu": [-0.4488044592580348, 4.46099582919669, 0.9219897655340803], "Sigma": [[0.022081249780815243, -0.0011299083532765686, -0.007939280998170116], [-0.0011299083532765686, 0.002345467499433503, -0.0008531751588232602], [-0.007939280998170116, -0.0008531751588232602, 0.005072764243944363]], "chi2_level": 0.95, "chi2_df": 3, "chi2_threshold": 7.814727903251179, "N_raw": 36, "N_roi": 33, "N_inlier": 33, "refit": true}
{"timestamp": "15:31:24.758697", "frame": 71, "mu": [-0.08569038461985827, 4.511124067421988, 1.189662063061729], "Sigma": [[0.009244165509430535, -4.0292655378556044e-05, -0.005660340913235735], [-4.029265537855588e-05, 0.001419848729028184, -0.0012266119487224238], [-0.005660340913235735, -0.0012266119487224238, 0.006016394327207485]], "chi2_level": 0.95, "chi2_df": 3, "chi2_threshold": 7.814727903251179, "N_raw": 20, "N_roi": 17, "N_inlier": 17, "refit": true}
{"timestamp": "15:31:24.814222", "frame": 72, "mu": [-0.056160790729007336, 4.54130690428252, 1.0436592563758], "Sigma": [[0.007137979231754265, -0.0007688480747462423, -0.005155505058403167], [-0.0007688480747462423, 0.0012269318530124867, -0.0002833924892343593], [-0.005155505058403167, -0.00028339248923435934, 0.005782406774571742]], "chi2_level": 0.95, "chi2_df": 3, "chi2_threshold": 7.814727903251179, "N_raw": 19, "N_roi": 16, "N_inlier": 14, "refit": true}
{"timestamp": "15:31:24.868186", "frame": 73, "mu": [0.05566219425496153, 4.590539810211464, 1.2837065671366206], "Sigma": [[0.002907039993483112, -0.00015639398374231548, -0.0009246440756725746], [-0.00015639398374231537, 0.0025776564916991183, -0.0001690205786873422], [-0.0009246440756725745, -0.00016902057868734208, 0.0004521263983801058]], "chi2_level": 0.95, "chi2_df": 3, "chi2_threshold": 7.814727903251179, "N_raw": 12, "N_roi": 12, "N_inlier": 10, "refit": true}
{"timestamp": "15:31:25.087959", "frame": 77, "mu": [0.1914573628933599, 4.611639118949201, 1.2421856269313767], "Sigma": [[0.0070156279963890485, -0.0006467737811406279, -0.004345426901615647], [-0.0006467737811406279, 0.0006276140732163059, -0.00026833604208515344], [-0.004345426901615648, -0.0002683360420851535, 0.0057985046462927636]], "chi2_level": 0.95, "chi2_df": 3, "chi2_threshold": 7.814727903251179, "N_raw": 12, "N_roi": 12, "N_inlier": 9, "refit": true}
{"timestamp": "15:31:25.418293", "frame": 83, "mu": [0.6409312569186322, 4.6312542749470635, 1.1508373703557386], "Sigma": [[0.0006572552108740412, 0.00032940743790589306, -0.008870553366569016], [0.00032940743790589296, 0.009961970177911358, -0.021200628652998196], [-0.008870553366569016, -0.021200628652998196, 0.19982314070973345]], "chi2_level": 0.95, "chi2_df": 3, "chi2_threshold": 7.814727903251179, "N_raw": 12, "N_roi": 7, "N_inlier": 7, "refit": true}
{"timestamp": "15:31:25.477761", "frame": 84, "mu": [0.6877837038202066, 4.562303301083446, 1.2518152941052172], "Sigma": [[0.017334780145192873, -0.004886369148139294, -0.0072152150648755594], [-0.004886369148139294, 0.004654379176200065, 0.001673720412187605], [-0.0072152150648755594, 0.001673720412187605, 0.0061590838093091415]], "chi2_level": 0.95, "chi2_df": 3, "chi2_threshold": 7.814727903251179, "N_raw": 38, "N_roi": 35, "N_inlier": 32, "refit": true}
{"timestamp": "15:31:25.750043", "frame": 89, "mu": [1.0441147458922608, 4.575643447375137, 1.1510731392709321], "Sigma": [[0.018930440123307905, -0.0051137363750895885, -0.008394212924798968], [-0.0051137363750895885, 0.0027617211018305205, 0.0014123134698732554], [-0.008394212924798966, 0.0014123134698732554, 0.00793651240135367]], "chi2_level": 0.95, "chi2_df": 3, "chi2_threshold": 7.814727903251179, "N_raw": 25, "N_roi": 23, "N_inlier": 23, "refit": true}
{"timestamp": "15:31:26.132928", "frame": 96, "mu": [1.4656386528800165, 4.542576381402182, 1.3307382400285577], "Sigma": [[0.011826933667665051, -0.001240939686188271, 0.0005934152984067294], [-0.001240939686188271, 0.0011737062676859993, -0.00022730693300609852], [0.0005934152984067294, -0.00022730693300609852, 5.691787101097203e-05]], "chi2_level": 0.95, "chi2_df": 3, "chi2_threshold": 7.814727903251179, "N_raw": 15, "N_roi": 13, "N_inlier": 12, "refit": true}
{"timestamp": "15:31:26.461744", "frame": 102, "mu": [1.8678761036256786, 4.358241021064095, 0.8738690880015546], "Sigma": [[0.010532056713347396, -0.003632903741365424, -0.00827209223029467], [-0.003632903741365424, 0.00235906563592866, 0.002857961078483047], [-0.00827209223029467, 0.0028579610784830473, 0.0074986015055538155]], "chi2_level": 0.95, "chi2_df": 3, "chi2_threshold": 7.814727903251179, "N_raw": 11, "N_roi": 11, "N_inlier": 10, "refit": true}
{"timestamp": "15:31:26.960873", "frame": 111, "mu": [2.1207630063399994, 4.041499319317779, 0.8439167155637342], "Sigma": [[0.026297819533410635, -0.015639173181465155, -0.01025286156556778], [-0.015639173181465155, 0.011602304690047697, 0.006792147185983571], [-0.01025286156556778, 0.006792147185983571, 0.0063899866198635]], "chi2_level": 0.95, "chi2_df": 3, "chi2_threshold": 7.814727903251179, "N_raw": 29, "N_roi": 26, "N_inlier": 26, "refit": true}
{"timestamp": "15:31:27.014268", "frame": 112, "mu": [2.1995535909520196, 3.9146235018326414, 0.7208859724206502], "Sigma": [[0.01567084052748872, -0.008690340480219574, -0.0011716686502637244], [-0.008690340480219574, 0.006969651540417682, 0.0012965699470927701], [-0.0011716686502637247, 0.0012965699470927701, 0.0014014417456243012]], "chi2_level": 0.95, "chi2_df": 3, "chi2_threshold": 7.814727903251179, "N_raw": 22, "N_roi": 19, "N_inlier": 17, "refit": true}
{"timestamp": "15:31:27.123535", "frame": 114, "mu": [2.166251147445585, 3.950478711366374, 0.8386501691745594], "Sigma": [[0.013300819969707353, -0.006834165058714715, -0.005941331157805747], [-0.006834165058714715, 0.005094717415749148, 0.002281092399715993], [-0.005941331157805747, 0.002281092399715993, 0.005203719881789582]], "chi2_level": 0.95, "chi2_df": 3, "chi2_threshold": 7.814727903251179, "N_raw": 17, "N_roi": 16, "N_inlier": 16, "refit": true}
{"timestamp": "15:31:27.240480", "frame": 116, "mu": [2.147422656800233, 3.896286198430252, 0.8264980647643904], "Sigma": [[0.026435195324242253, -0.011933092601917751, 0.0033517472541812654], [-0.011933092601917751, 0.007943941407987936, -0.006940154419470635], [0.0033517472541812654, -0.006940154419470635, 0.021054606647230287]], "chi2_level": 0.95, "chi2_df": 3, "chi2_threshold": 7.814727903251179, "N_raw": 52, "N_roi": 52, "N_inlier": 50, "refit": true}
{"timestamp": "15:31:27.291559", "frame": 117, "mu": [2.147933326393444, 3.890216324332705, 1.0189440761144966], "Sigma": [[0.018727811429309245, -0.009457038054945436, -0.0011004244928194647], [-0.009457038054945436, 0.006385298708921105, -0.002783178623849375], [-0.001100424492819465, -0.0027831786238493744, 0.00954484866724729]], "chi2_level": 0.95, "chi2_df": 3, "chi2_threshold": 7.814727903251179, "N_raw": 33, "N_roi": 33, "N_inlier": 31, "refit": true}
{"timestamp": "15:31:27.349457", "frame": 118, "mu": [2.1453726028686373, 3.8404934424950974, 0.8736526075260332], "Sigma": [[0.02258699114292951, -0.013844584728139592, -0.006570146852788235], [-0.013844584728139594, 0.010120804749919195, -0.00273571376353402], [-0.006570146852788235, -0.00273571376353402, 0.05251991271768842]], "chi2_level": 0.95, "chi2_df": 3, "chi2_threshold": 7.814727903251179, "N_raw": 54, "N_roi": 54, "N_inlier": 54, "refit": true}
{"timestamp": "15:31:27.509522", "frame": 121, "mu": [2.1555857563393706, 3.72979415797779, 0.898675242911082], "Sigma": [[0.013788228910290875, -0.007522009433810894, -0.009560431686347848], [-0.007522009433810893, 0.006123363751427187, 0.0035762760601221097], [-0.009560431686347848, 0.0035762760601221097, 0.013440008403825763]], "chi2_level": 0.95, "chi2_df": 3, "chi2_threshold": 7.814727903251179, "N_raw": 22, "N_roi": 22, "N_inlier": 21, "refit": true}
{"timestamp": "15:31:27.565519", "frame": 122, "mu": [2.090698680780686, 3.7037600990777966, 0.8818239620226216], "Sigma": [[0.014726913342736528, -0.00881529132956195, -0.006279965874860105], [-0.00881529132956195, 0.006657261845572343, 0.0015195038236962156], [-0.006279965874860105, 0.001519503823696216, 0.011978279269720072]], "chi2_level": 0.95, "chi2_df": 3, "chi2_threshold": 7.814727903251179, "N_raw": 27, "N_roi": 25, "N_inlier": 23, "refit": true}
{"timestamp": "15:31:27.620522", "frame": 123, "mu": [2.1093682841810493, 3.651253510310971, 0.7804614929998533], "Sigma": [[0.018163881096594774, -0.013169495087893442, -0.01085538017243988], [-0.013169495087893442, 0.010634377084426503, 0.007023792477896815], [-0.01085538017243988, 0.007023792477896817, 0.01393640655790386]], "chi2_level": 0.95, "chi2_df": 3, "chi2_threshold": 7.814727903251179, "N_raw": 29, "N_roi": 26, "N_inlier": 24, "refit": true}
{"timestamp": "15:31:27.674550", "frame": 124, "mu": [2.083371405214135, 3.6518011743137793, 0.7915318196879598], "Sigma": [[0.008623530819324411, -0.005368190024265496, 9.286111175149333e-05], [-0.005368190024265496, 0.004142669826702256, -0.0010507967816477614], [9.286111175149333e-05, -0.0010507967816477614, 0.0034008016095245083]], "chi2_level": 0.95, "chi2_df": 3, "chi2_threshold": 7.814727903251179, "N_raw": 22, "N_roi": 16, "N_inlier": 14, "refit": true}
{"timestamp": "15:31:27.728112", "frame": 125, "mu": [2.00929110236563, 3.7407467230991633, 0.9573251903299844], "Sigma": [[0.010332819240565805, -0.009107326469533732, -0.0008401454420452308], [-0.00910732646953373, 0.01681568324536817, -0.019254719147043572], [-0.0008401454420452312, -0.019254719147043572, 0.06159529228163139]], "chi2_level": 0.95, "chi2_df": 3, "chi2_threshold": 7.814727903251179, "N_raw": 12, "N_roi": 12, "N_inlier": 12, "refit": true}
{"timestamp": "15:31:27.784495", "frame": 126, "mu": [1.9137280086417339, 3.701615955894059, 1.3140788662969407], "Sigma": [[0.008073181847133267, -0.0026625906929901937, -0.007048063134600954], [-0.0026625906929901937, 0.005880728387997942, -0.006234084678238513], [-0.007048063134600954, -0.006234084678238514, 0.03736015999195162]], "chi2_level": 0.95, "chi2_df": 3, "chi2_threshold": 7.814727903251179, "N_raw": 21, "N_roi": 21, "N_inlier": 19, "refit": true}
{"timestamp": "15:31:27.843407", "frame": 127, "mu": [2.0241806614416804, 3.5721783712252737, 0.8506510132151945], "Sigma": [[0.0237857219115255, -0.01560600397703044, -0.016901931173652428], [-0.015606003977030441, 0.012454577726746912, 0.007552910608981776], [-0.016901931173652428, 0.007552910608981775, 0.03849628039198411]], "chi2_level": 0.95, "chi2_df": 3, "chi2_threshold": 7.814727903251179, "N_raw": 48, "N_roi": 48, "N_inlier": 48, "refit": true}
{"timestamp": "15:31:27.893793", "frame": 128, "mu": [1.9859661498953742, 3.592147042222825, 0.8686804248905676], "Sigma": [[0.008030493628069627, -0.0045922067218172324, -0.005790968911229129], [-0.0045922067218172324, 0.0032675379740032635, 0.0023361189264630533], [-0.005790968911229129, 0.002336118926463053, 0.010012243055529208]], "chi2_level": 0.95, "chi2_df": 3, "chi2_threshold": 7.814727903251179, "N_raw": 18, "N_roi": 18, "N_inlier": 16, "refit": true}
{"timestamp": "15:31:27.950452", "frame": 129, "mu": [1.8460514163031947, 3.6588652960274413, 1.0629601035092853], "Sigma": [[0.017761362917853924, -0.009175066202206168, -0.02576767328166874], [-0.009175066202206168, 0.005268567806342255, 0.011079684779489339], [-0.025767673281668742, 0.011079684779489339, 0.06094574739523506]], "chi2_level": 0.95, "chi2_df": 3, "chi2_threshold": 7.814727903251179, "N_raw": 27, "N_roi": 27, "N_inlier": 25, "refit": true}
{"timestamp": "15:31:28.118214", "frame": 132, "mu": [1.8496915951039434, 3.511967437559057, 0.8146337639034791], "Sigma": [[0.018994809477825433, -0.010301338921008155, -0.0074859254243749545], [-0.010301338921008155, 0.009711206487275552, 0.0004388656126152864], [-0.0074859254243749545, 0.0004388656126152865, 0.008910402959025373]], "chi2_level": 0.95, "chi2_df": 3, "chi2_threshold": 7.814727903251179, "N_raw": 47, "N_roi": 47, "N_inlier": 44, "refit": true}
{"timestamp": "15:31:28.280488", "frame": 135, "mu": [1.5206541200335235, 3.625542688267461, 1.289146705345083], "Sigma": [[0.012165190685137243, -0.0052775049810654465, -0.008829630379292172], [-0.0052775049810654465, 0.0037708863384866655, 0.0025143745465669646], [-0.008829630379292172, 0.0025143745465669646, 0.011259645645391989]], "chi2_level": 0.95, "chi2_df": 3, "chi2_threshold": 7.814727903251179, "N_raw": 28, "N_roi": 27, "N_inlier": 25, "refit": true}
{"timestamp": "15:31:28.335496", "frame": 136, "mu": [1.414245851886221, 3.6432681319604323, 1.4487619023592961], "Sigma": [[0.017138278137824734, -0.00802740338892974, -0.009686744833412262], [-0.00802740338892974, 0.005924836321934194, 0.005448843229301104], [-0.009686744833412262, 0.005448843229301104, 0.00725982668469734]], "chi2_level": 0.95, "chi2_df": 3, "chi2_threshold": 7.814727903251179, "N_raw": 28, "N_roi": 28, "N_inlier": 27, "refit": true}
{"timestamp": "15:31:28.389333", "frame": 137, "mu": [1.3387535356037619, 3.674402671953333, 1.4618378063003004], "Sigma": [[0.01036739815478578, -0.003429199765442637, -0.0056986008234603674], [-0.003429199765442637, 0.002625423765275586, 0.0013315975413901197], [-0.005698600823460368, 0.0013315975413901197, 0.009097464016040538]], "chi2_level": 0.95, "chi2_df": 3, "chi2_threshold": 7.814727903251179, "N_raw": 24, "N_roi": 24, "N_inlier": 21, "refit": true}
{"timestamp": "15:31:28.498465", "frame": 139, "mu": [1.2730355245939844, 3.649650306710815, 1.3562503781943749], "Sigma": [[0.007810891145326828, -0.0016742616887537912, -0.009628774740088827], [-0.0016742616887537912, 0.0020649607772514835, 0.0006597470777359474], [-0.009628774740088827, 0.0006597470777359474, 0.02036059785186411]], "chi2_level": 0.95, "chi2_df": 3, "chi2_threshold": 7.814727903251179, "N_raw": 12, "N_roi": 12, "N_inlier": 10, "refit": true}
{"timestamp": "15:31:28.553479", "frame": 140, "mu": [1.2735379451629245, 3.6243486593176524, 0.6216156831097911], "Sigma": [[0.006031632063063772, -0.002714669271601736, 0.020913424051064444], [-0.002714669271601736, 0.006855224511322006, -0.02589509663592027], [0.020913424051064444, -0.025895096635920267, 0.3350291464135657]], "chi2_level": 0.95, "chi2_df": 3, "chi2_threshold": 7.814727903251179, "N_raw": 12, "N_roi": 9, "N_inlier": 9, "refit": true}
{"timestamp": "15:31:28.664044", "frame": 142, "mu": [1.2281875866249743, 3.554167845575751, 0.830278605597437], "Sigma": [[0.010045386643760569, -0.002229911955292009, -0.00875806905432677], [-0.002229911955292009, 0.0013547529457757735, 0.0007446953302811859], [-0.00875806905432677, 0.0007446953302811859, 0.01249181513180475]], "chi2_level": 0.95, "chi2_df": 3, "chi2_threshold": 7.814727903251179, "N_raw": 18, "N_roi": 16, "N_inlier": 14, "refit": true}
{"timestamp": "15:31:28.774651", "frame": 144, "mu": [1.0027593092212974, 3.640704941942357, 1.146219766582937], "Sigma": [[0.008175576349523945, -0.002680655373010563, -0.005924038015845228], [-0.0026806553730105635, 0.002620911662795303, 0.000608156187330894], [-0.005924038015845229, 0.0006081561873308937, 0.0084184046728037]], "chi2_level": 0.95, "chi2_df": 3, "chi2_threshold": 7.814727903251179, "N_raw": 23, "N_roi": 21, "N_inlier": 19, "refit": true}
{"timestamp": "15:31:28.828624", "frame": 145, "mu": [1.0017070567526487, 3.5664165716093015, 0.6332299352809734], "Sigma": [[0.0035412770645652687, -0.004441568627481848, 0.028489388697660906], [-0.004441568627481848, 0.01062288909115662, -0.04402222379938382], [0.02848938869766091, -0.04402222379938382, 0.30026483889586364]], "chi2_level": 0.95, "chi2_df": 3, "chi2_threshold": 7.814727903251179, "N_raw": 9, "N_roi": 8, "N_inlier": 8, "refit": true}
{"timestamp": "15:31:28.887277", "frame": 146, "mu": [0.9028507633231053, 3.6150435475264464, 1.0128295303982235], "Sigma": [[0.015125268548233673, -0.005075655514559013, -0.005779889681894702], [-0.005075655514559013, 0.0032918334473231964, -0.0008653068697134201], [-0.005779889681894702, -0.0008653068697134199, 0.010075533539989889]], "chi2_level": 0.95, "chi2_df": 3, "chi2_threshold": 7.814727903251179, "N_raw": 41, "N_roi": 41, "N_inlier": 37, "refit": true}
{"timestamp": "15:31:28.940298", "frame": 147, "mu": [0.8681168788518989, 3.5594203082954037, 0.25328804527008275], "Sigma": [[0.009630450055167562, -0.0027919100111809775, -0.030517642990106536], [-0.0027919100111809783, 0.00382319340605548, 0.010487347094016513], [-0.030517642990106536, 0.010487347094016513, 0.2640847497403594]], "chi2_level": 0.95, "chi2_df": 3, "chi2_threshold": 7.814727903251179, "N_raw": 25, "N_roi": 20, "N_inlier": 19, "refit": true}
{"timestamp": "15:31:28.996145", "frame": 148, "mu": [0.7083646539173674, 3.625339301916771, 1.0030074903837938], "Sigma": [[0.009357755636525291, -0.0032650223706252256, -0.005323722405901952], [-0.0032650223706252256, 0.001539743529529551, -8.193711940059751e-05], [-0.005323722405901952, -8.193711940059751e-05, 0.06447009298818633]], "chi2_level": 0.95, "chi2_df": 3, "chi2_threshold": 7.814727903251179, "N_raw": 31, "N_roi": 26, "N_inlier": 23, "refit": true}
{"timestamp": "15:31:29.048263", "frame": 149, "mu": [0.6652949570729311, 3.607742186159801, 0.5699526966215505], "Sigma": [[0.011225829086185997, -0.0026245757134958016, 0.010307254454326299], [-0.002624575713495801, 0.0026895996780891248, -0.008422820101473447], [0.010307254454326299, -0.008422820101473445, 0.35302044397661053]], "chi2_level": 0.95, "chi2_df": 3, "chi2_threshold": 7.814727903251179, "N_raw": 11, "N_roi": 10, "N_inlier": 10, "refit": true}
{"timestamp": "15:31:29.164006", "frame": 151, "mu": [0.5710243467094874, 3.526469816331728, 1.1805629214457893], "Sigma": [[0.014737293833384858, -0.00859585744216771, -0.020421996024350592], [-0.00859585744216771, 0.009635258574288376, 0.015371019318127274], [-0.020421996024350592, 0.015371019318127274, 0.03759682105318828]], "chi2_level": 0.95, "chi2_df": 3, "chi2_threshold": 7.814727903251179, "N_raw": 44, "N_roi": 42, "N_inlier": 37, "refit": true}
{"timestamp": "15:31:29.218385", "frame": 152, "mu": [0.45854104603672047, 3.5841153844467684, 0.899178379361343], "Sigma": [[0.010944983488087938, -0.0034886500739456346, -0.007035534503783088], [-0.0034886500739456346, 0.003625482155590297, 0.0006344207076201953], [-0.007035534503783088, 0.000634420707620195, 0.010257463369060114]], "chi2_level": 0.95, "chi2_df": 3, "chi2_threshold": 7.814727903251179, "N_raw": 43, "N_roi": 38, "N_inlier": 33, "refit": true}
{"timestamp": "15:31:29.272342", "frame": 153, "mu": [0.32330415885937364, 3.6371995631948835, 0.2821747585670794], "Sigma": [[0.01896120443707073, -0.0002842532421247185, -0.015378467850099645], [-0.00028425324212471865, 0.002907430805008587, 0.0025197614378558043], [-0.015378467850099645, 0.0025197614378558047, 0.016105437505088204]], "chi2_level": 0.95, "chi2_df": 3, "chi2_threshold": 7.814727903251179, "N_raw": 44, "N_roi": 44, "N_inlier": 42, "refit": true}
{"timestamp": "15:31:29.323590", "frame": 154, "mu": [0.27550836948470614, 3.6442003590729906, 1.4437798506312436], "Sigma": [[0.007158368989884683, -0.001423363763942368, -0.00626962512644986], [-0.0014233637639423679, 0.0013571551622552599, 0.0015013931838221298], [-0.00626962512644986, 0.00150139318382213, 0.007750614754611637]], "chi2_level": 0.95, "chi2_df": 3, "chi2_threshold": 7.814727903251179, "N_raw": 18, "N_roi": 18, "N_inlier": 16, "refit": true}
{"timestamp": "15:31:29.382177", "frame": 155, "mu": [0.19054579119910356, 3.532156854230504, 1.094263666823287], "Sigma": [[0.013817699212237392, -0.002656714043115016, -0.005407567921223676], [-0.002656714043115016, 0.0036374374168197435, -6.204697213871272e-05], [-0.005407567921223676, -6.204697213871266e-05, 0.003431372233410083]], "chi2_level": 0.95, "chi2_df": 3, "chi2_threshold": 7.814727903251179, "N_raw": 41, "N_roi": 39, "N_inlier": 38, "refit": true}
{"timestamp": "15:31:29.439451", "frame": 156, "mu": [0.12396818324579514, 3.535426605931343, 1.1595989650163805], "Sigma": [[0.019446364507341645, -0.0002010613970536069, -0.0007399132540690026], [-0.00020106139705360656, 0.005247079411901651, -0.0007586830379786307], [-0.0007399132540690027, -0.0007586830379786309, 0.0002500767233066067]], "chi2_level": 0.95, "chi2_df": 3, "chi2_threshold": 7.814727903251179, "N_raw": 57, "N_roi": 57, "N_inlier": 55, "refit": true}
{"timestamp": "15:31:29.488719", "frame": 157, "mu": [0.028594591793969414, 3.544705900156643, 0.6999810434978082], "Sigma": [[0.006408856188949461, 0.003631096839872431, -0.03445633582478455], [0.003631096839872431, 0.00727069288664042, -0.02935673900678902], [-0.03445633582478456, -0.02935673900678902, 0.21601350620453533]], "chi2_level": 0.95, "chi2_df": 3, "chi2_threshold": 7.814727903251179, "N_raw": 12, "N_roi": 9, "N_inlier": 9, "refit": true}
{"timestamp": "15:31:29.601656", "frame": 159, "mu": [-0.07573124093319467, 3.612804988340763, 1.42422484232609], "Sigma": [[0.014378478386264252, 0.0007590853682565539, -0.0033191336055658507], [0.0007590853682565538, 0.0027448640029663334, 0.00042377433318668085], [-0.0033191336055658502, 0.00042377433318668085, 0.0018551070298092143]], "chi2_level": 0.95, "chi2_df": 3, "chi2_threshold": 7.814727903251179, "N_raw": 38, "N_roi": 35, "N_inlier": 33, "refit": true}
{"timestamp": "15:31:29.656350", "frame": 160, "mu": [-0.1370552395126979, 3.569214990477798, 1.3384115903048295], "Sigma": [[0.0070544078176947465, -0.0001095388741707466, -0.003200056422345725], [-0.00010953887417074654, 0.0019407231890018245, 0.0002671168765160761], [-0.003200056422345725, 0.0002671168765160761, 0.0026406457512090915]], "chi2_level": 0.95, "chi2_df": 3, "chi2_threshold": 7.814727903251179, "N_raw": 25, "N_roi": 21, "N_inlier": 19, "refit": true}
{"timestamp": "15:31:29.709502", "frame": 161, "mu": [-0.21868100371331775, 3.6328014989638446, 1.0016334173995636], "Sigma": [[0.005479517826947823, -0.0008884973170697896, 0.015014193760640514], [-0.0008884973170697897, 0.001682470428394989, -0.011541788093236947], [0.015014193760640514, -0.011541788093236947, 0.2636186308814275]], "chi2_level": 0.95, "chi2_df": 3, "chi2_threshold": 7.814727903251179, "N_raw": 19, "N_roi": 19, "N_inlier": 19, "refit": true}
{"timestamp": "15:31:29.764567", "frame": 162, "mu": [-0.25961625649921594, 3.5396899373811137, 1.2016052616876562], "Sigma": [[0.005497372268502509, 0.0004343154781638295, -0.004014168101800835], [0.0004343154781638295, 0.00212365983451276, -0.0013430366842586308], [-0.004014168101800835, -0.0013430366842586306, 0.005380419385680389]], "chi2_level": 0.95, "chi2_df": 3, "chi2_threshold": 7.814727903251179, "N_raw": 20, "N_roi": 20, "N_inlier": 18, "refit": true}
{"timestamp": "15:31:29.822197", "frame": 163, "mu": [-0.33810796955133177, 3.6022917045660763, 1.1426784700592574], "Sigma": [[0.010654705438045224, -0.00025507433688276343, -0.006090574025633864], [-0.0002550743368827634, 0.0004213299132514775, -0.0012867996494723573], [-0.006090574025633863, -0.0012867996494723573, 0.03977256942337172]], "chi2_level": 0.95, "chi2_df": 3, "chi2_threshold": 7.814727903251179, "N_raw": 33, "N_roi": 33, "N_inlier": 29, "refit": true}
{"timestamp": "15:31:29.880069", "frame": 164, "mu": [-0.4583333989977392, 3.5967186927972703, 1.253600036338707], "Sigma": [[0.019742661963735537, 0.0012577114348063167, -0.009033467137871606], [0.0012577114348063167, 0.004210739076996223, -0.003418129141006232], [-0.009033467137871606, -0.0034181291410062325, 0.0073868876860338556]], "chi2_level": 0.95, "chi2_df": 3, "chi2_threshold": 7.814727903251179, "N_raw": 54, "N_roi": 52, "N_inlier": 49, "refit": true}
{"timestamp": "15:31:29.933051", "frame": 165, "mu": [-0.4232486696047812, 3.6338217886435764, 0.7805496098209523], "Sigma": [[0.017687091954082565, -0.0006634501333809747, -0.06689889586633198], [-0.0006634501333809747, 0.0008834969177060372, 0.007912734628500655], [-0.06689889586633199, 0.007912734628500655, 0.44501525676874515]], "chi2_level": 0.95, "chi2_df": 3, "chi2_threshold": 7.814727903251179, "N_raw": 29, "N_roi": 23, "N_inlier": 21, "refit": true}
{"timestamp": "15:31:29.986758", "frame": 166, "mu": [-0.5713721789471662, 3.7717175686840982, 0.03365939335792224], "Sigma": [[0.013007756157288542, 0.009116959242747302, -0.030984164795006125], [0.009116959242747302, 0.014715914686944482, -0.05585854140500153], [-0.030984164795006125, -0.05585854140500153, 0.22443107032538262]], "chi2_level": 0.95, "chi2_df": 3, "chi2_threshold": 7.814727903251179, "N_raw": 24, "N_roi": 21, "N_inlier": 20, "refit": true}
{"timestamp": "15:31:30.044118", "frame": 167, "mu": [-0.6747337160676486, 3.547594737944699, 1.3061336100303664], "Sigma": [[0.018254023345339404, 0.0004043967699665802, -0.010979271157802985], [0.0004043967699665803, 0.0031886924783186953, -0.00012684351306012386], [-0.010979271157802985, -0.00012684351306012384, 0.02837061743872584]], "chi2_level": 0.95, "chi2_df": 3, "chi2_threshold": 7.814727903251179, "N_raw": 45, "N_roi": 43, "N_inlier": 38, "refit": true}
{"timestamp": "15:31:30.098832", "frame": 168, "mu": [-0.6832177415560583, 3.527497642643169, 1.0497946765277666], "Sigma": [[0.01731355753880065, 0.00036835373133533157, -0.008293116696125393], [0.0003683537313353317, 0.0016793285023662889, -0.002661994540562914], [-0.008293116696125393, -0.0026619945405629134, 0.028341315351785683]], "chi2_level": 0.95, "chi2_df": 3, "chi2_threshold": 7.814727903251179, "N_raw": 42, "N_roi": 38, "N_inlier": 34, "refit": true}
{"timestamp": "15:31:30.154266", "frame": 169, "mu": [-0.7767500647321941, 3.5721536022520572, 1.1703133378240438], "Sigma": [[0.019574083347457562, -0.00033583344633218666, -0.012073589440184346], [-0.0003358334463321867, 0.00384427912333045, -0.00260181623613465], [-0.012073589440184346, -0.0026018162361346494, 0.011887429812316884]], "chi2_level": 0.95, "chi2_df": 3, "chi2_threshold": 7.814727903251179, "N_raw": 53, "N_roi": 53, "N_inlier": 51, "refit": true}
{"timestamp": "15:31:30.206464", "frame": 170, "mu": [-0.7334649213605146, 3.477626156449931, 0.9388079639852934], "Sigma": [[0.014475790021326223, -3.470038555781429e-05, -0.008425314722666888], [-3.47003855578144e-05, 0.0017914832920287065, -0.0032846622598505662], [-0.008425314722666888, -0.0032846622598505662, 0.01974040361018227]], "chi2_level": 0.95, "chi2_df": 3, "chi2_threshold": 7.814727903251179, "N_raw": 32, "N_roi": 32, "N_inlier": 29, "refit": true}
{"timestamp": "15:31:30.262895", "frame": 171, "mu": [-0.8900563213263184, 3.6342723959515943, 0.05304232756481259], "Sigma": [[0.013443270511024554, 0.002643224728458289, -0.00783422710163971], [0.0026432247284582885, 0.009372401611886648, -0.0140332691675197], [-0.00783422710163971, -0.014033269167519702, 0.03350363119804978]], "chi2_level": 0.95, "chi2_df": 3, "chi2_threshold": 7.814727903251179, "N_raw": 41, "N_roi": 41, "N_inlier": 38, "refit": true}
{"timestamp": "15:31:30.315502", "frame": 172, "mu": [-1.0249624245713838, 3.6055633236673055, 1.1840300989078132], "Sigma": [[0.011528679963457496, 0.0014540141200047496, -0.017365237888658777], [0.00145401412000475, 0.0016229069879126073, -0.0054245975714380884], [-0.017365237888658777, -0.0054245975714380884, 0.06461985806560239]], "chi2_level": 0.95, "chi2_df": 3, "chi2_threshold": 7.814727903251179, "N_raw": 29, "N_roi": 27, "N_inlier": 24, "refit": true}
{"timestamp": "15:31:30.367534", "frame": 173, "mu": [-1.0616630653540682, 3.466880394096428, 1.1032456968714284], "Sigma": [[0.004123719767779337, 0.000660434621507664, -0.005220194386954232], [0.000660434621507664, 0.0006598580220821898, -0.0017610477466145904], [-0.005220194386954233, -0.0017610477466145904, 0.01440670990811922]], "chi2_level": 0.95, "chi2_df": 3, "chi2_threshold": 7.814727903251179, "N_raw": 14, "N_roi": 12, "N_inlier": 10, "refit": true}
{"timestamp": "15:31:30.426587", "frame": 174, "mu": [-1.1684042311646476, 3.534980896619093, 1.2776160959529554], "Sigma": [[0.01193451024262931, 0.001993544940639649, -0.007163578990578802], [0.0019935449406396485, 0.0038420585762698103, -0.00045153365528705373], [-0.007163578990578802, -0.0004515336552870536, 0.006280364390315623]], "chi2_level": 0.95, "chi2_df": 3, "chi2_threshold": 7.814727903251179, "N_raw": 37, "N_roi": 36, "N_inlier": 32, "refit": true}
{"timestamp": "15:31:30.485611", "frame": 175, "mu": [-1.24388228589136, 3.5151606686818235, 1.3309113223723301], "Sigma": [[0.015242813050915084, 0.001953048908079581, -0.011035365828201128], [0.001953048908079581, 0.004238552088482628, -0.0005871298237275431], [-0.011035365828201126, -0.0005871298237275435, 0.009544271012027676]], "chi2_level": 0.95, "chi2_df": 3, "chi2_threshold": 7.814727903251179, "N_raw": 40, "N_roi": 37, "N_inlier": 35, "refit": true}
{"timestamp": "15:31:30.535067", "frame": 176, "mu": [-1.3064752348455153, 3.4492103333214454, 1.2818653627325496], "Sigma": [[0.013590073520177175, 0.003016814629754041, -0.007295029665707577], [0.003016814629754041, 0.002036387506814672, -0.002529261612443361], [-0.007295029665707577, -0.002529261612443361, 0.007865032606932337]], "chi2_level": 0.95, "chi2_df": 3, "chi2_threshold": 7.814727903251179, "N_raw": 26, "N_roi": 24, "N_inlier": 23, "refit": true}
{"timestamp": "15:31:30.592210", "frame": 177, "mu": [-1.3582191314814147, 3.5110362190862823, 1.1909762487426283], "Sigma": [[0.017271999830098753, 0.005018895385101741, -0.009107056191858871], [0.005018895385101741, 0.0031895327724967403, -0.006309851381974264], [-0.009107056191858871, -0.006309851381974264, 0.01518752838032765]], "chi2_level": 0.95, "chi2_df": 3, "chi2_threshold": 7.814727903251179, "N_raw": 42, "N_roi": 40, "N_inlier": 37, "refit": true}
