{"timestamp": "15:17:08.184787", "frame": 40, "mu": [-2.0902797796566235, 4.971246255479596, 0.8311116450531922], "Sigma": [[0.009454456904616422, -7.895876217817605e-05, 0.00011116313991916648], [-7.895876217817611e-05, 0.0005082009555710464, -0.00034400042665776555], [0.00011116313991916637, -0.0003440004266577656, 0.0005337790661390027]], "chi2_level": 0.95, "chi2_df": 3, "chi2_threshold": 7.814727903251179, "N_raw": 23, "N_roi": 7, "N_inlier": 7, "refit": true}
{"timestamp": "15:17:08.350018", "frame": 43, "mu": [-2.014023098052421, 4.806597558110502, 0.35977080558429814], "Sigma": [[0.029205627725611454, 0.007164174238571835, -0.010573556798669895], [0.007164174238571835, 0.002059475110910619, -0.0030862583614382853], [-0.010573556798669895, -0.0030862583614382853, 0.016703864481217117]], "chi2_level": 0.95, "chi2_df": 3, "chi2_threshold": 7.814727903251179, "N_raw": 24, "N_roi": 24, "N_inlier": 23, "refit": true}
{"timestamp": "15:17:08.517960", "frame": 46, "mu": [-2.030959149889348, 4.707310548409209, 0.7307134448811723], "Sigma": [[0.032194970756457345, 0.009654006073121599, -0.00640913043671776], [0.009654006073121599, 0.004073488626409584, -0.004260057899790633], [-0.006409130436717759, -0.004260057899790633, 0.010266018196342076]], "chi2_level": 0.95, "chi2_df": 3, "chi2_threshold": 7.814727903251179, "N_raw": 32, "N_roi": 32, "N_inlier": 30, "refit": true}
{"timestamp": "15:17:08.570351", "frame": 47, "mu": [-1.8911818487255228, 4.436728055942165, -0.000900717802110651], "Sigma": [[0.3534588835424893, -0.7850759874944406, 0.034981408939818145], [-0.7850759874944407, 1.7473551933267228, -0.07433011797945145], [0.034981408939818145, -0.07433011797945144, 0.04230221549932192]], "chi2_level": 0.95, "chi2_df": 3, "chi2_threshold": 7.814727903251179, "N_raw": 8, "N_roi": 8, "N_inlier": 7, "refit": true}
{"timestamp": "15:17:08.682558", "frame": 49, "mu": [-1.9672026438158525, 4.60532718736831, 0.6985069684559461], "Sigma": [[0.028178610053534413, 0.006103948497122195, -0.012958186410088356], [0.006103948497122194, 0.002509613785407795, -0.005865883841097375], [-0.012958186410088357, -0.005865883841097375, 0.019276794235958405]], "chi2_level": 0.95, "chi2_df": 3, "chi2_threshold": 7.814727903251179, "N_raw": 33, "N_roi": 33, "N_inlier": 33, "refit": true}
{"timestamp": "15:17:08.737966", "frame": 50, "mu": [-2.0778973522621413, 4.521107326375006, 0.5780142701003229], "Sigma": [[0.027480343092944413, 0.0045734789320708, -0.015190752385740925], [0.0045734789320708, 0.002860670631002209, -0.00438635487601301], [-0.015190752385740924, -0.00438635487601301, 0.013536348956297416]], "chi2_level": 0.95, "chi2_df": 3, "chi2_threshold": 7.814727903251179, "N_raw": 36, "N_roi": 35, "N_inlier": 34, "refit": true}
{"timestamp": "15:17:08.794228", "frame": 51, "mu": [-2.1073706857235406, 4.4975458858368444, 0.7931564766915863], "Sigma": [[0.02636200717040074, 0.003846943974601969, -0.025613762446329832], [0.003846943974601969, 0.0024978364874945185, -0.006905983214077021], [-0.02561376244632983, -0.006905983214077021, 0.0336957449571051]], "chi2_level": 0.95, "chi2_df": 3, "chi2_threshold": 7.814727903251179, "N_raw": 39, "N_roi": 37, "N_inlier": 36, "refit": true}
{"timestamp": "15:17:08.958280", "frame": 54, "mu": [-1.9878681869581942, 4.316628569963304, 0.5961656480272272], "Sigma": [[0.01911229001517301, 0.0030393257603151995, -0.017941125102126046], [0.0030393257603151995, 0.0013382294822200207, -0.0063231558867055445], [-0.017941125102126046, -0.0063231558867055445, 0.0537573931707562]], "chi2_level": 0.95, "chi2_df": 3, "chi2_threshold": 7.814727903251179, "N_raw": 43, "N_roi": 43, "N_inlier": 41, "refit": true}
{"timestamp": "15:17:09.012243", "frame": 55, "mu": [-1.9389403474110638, 4.255125248050618, 0.5005537133453697], "Sigma": [[0.012308068501992295, 0.00029508687419569333, -0.006439478433382852], [0.0002950868741956933, 0.00131927929930534, -0.001825154564803755], [-0.006439478433382852, -0.001825154564803755, 0.008458857032208906]], "chi2_level": 0.95, "chi2_df": 3, "chi2_threshold": 7.814727903251179, "N_raw": 23, "N_roi": 20, "N_inlier": 19, "refit": true}
{"timestamp": "15:17:09.122436", "frame": 57, "mu": [-2.185827306254013, 4.162320860650351, 0.7517004728070449], "Sigma": [[0.029034735591322823, 0.006911409787040629, -0.008249476160433745], [0.006911409787040629, 0.0030377357182017448, -0.004296985420812474], [-0.008249476160433745, -0.004296985420812475, 0.009739412828875154]], "chi2_level": 0.95, "chi2_df": 3, "chi2_threshold": 7.814727903251179, "N_raw": 34, "N_roi": 34, "N_inlier": 33, "refit": true}
{"timestamp": "15:17:09.175824", "frame": 58, "mu": [-2.131299794128566, 4.152121054815744, 0.7401375352692737], "Sigma": [[0.01699777176551626, 0.0021333204779384225, -0.00988142945456395], [0.0021333204779384225, 0.0012898529934015014, -0.0020347965070392727], [-0.00988142945456395, -0.0020347965070392727, 0.009165021663033065]], "chi2_level": 0.95, "chi2_df": 3, "chi2_threshold": 7.814727903251179, "N_raw": 19, "N_roi": 19, "N_inlier": 18, "refit": true}
{"timestamp": "15:17:09.231833", "frame": 59, "mu": [-2.0401458696209525, 4.073709421079654, 0.8024944187438724], "Sigma": [[0.020496229687168514, 0.00620464048006387, -0.00845213268791589], [0.00620464048006387, 0.0033542936458007284, -0.004692086134330248], [-0.008452132687915892, -0.004692086134330248, 0.010816106656620743]], "chi2_level": 0.95, "chi2_df": 3, "chi2_threshold": 7.814727903251179, "N_raw": 26, "N_roi": 26, "N_inlier": 25, "refit": true}
{"timestamp": "15:17:09.286976", "frame": 60, "mu": [-2.0518185434153304, 4.046215499830401, 0.5841468621383269], "Sigma": [[0.018972024637699515, 0.0018908355844058035, -0.00866105001861251], [0.0018908355844058037, 0.0017280220650597287, -0.002261872936105185], [-0.00866105001861251, -0.002261872936105185, 0.008963802010181314]], "chi2_level": 0.95, "chi2_df": 3, "chi2_threshold": 7.814727903251179, "N_raw": 24, "N_roi": 24, "N_inlier": 23, "refit": true}
{"timestamp": "15:17:09.341840", "frame": 61, "mu": [-1.9337678445825135, 3.9920668970828954, 0.8589502568478988], "Sigma": [[0.015087944052600558, 0.0020663279649398027, -0.015006893447125181], [0.0020663279649398027, 0.0013665632117291079, -0.003444146909631541], [-0.015006893447125181, -0.003444146909631541, 0.01913731629863654]], "chi2_level": 0.95, "chi2_df": 3, "chi2_threshold": 7.814727903251179, "N_raw": 23, "N_roi": 23, "N_inlier": 22, "refit": true}
{"timestamp": "15:17:09.397367", "frame": 62, "mu": [-1.9874481042785963, 3.979579944457551, 0.6088990785589395], "Sigma": [[0.022179852140229366, 0.002064874071433494, -0.009085207028839117], [0.002064874071433494, 0.0014565735964798955, -0.002238728061073182], [-0.009085207028839117, -0.002238728061073182, 0.007795845737986284]], "chi2_level": 0.95, "chi2_df": 3, "chi2_threshold": 7.814727903251179, "N_raw": 28, "N_roi": 28, "N_inlier": 26, "refit": true}
{"timestamp": "15:17:09.453852", "frame": 63, "mu": [-1.8941128611602436, 3.901181127171847, 0.707642373194279], "Sigma": [[0.024735716258434612, 0.004921356745335965, -0.002918416779610761], [0.004921356745335965, 0.0031505287619637504, -0.003293776467091185], [-0.0029184167796107623, -0.003293776467091185, 0.009155571557583389]], "chi2_level": 0.95, "chi2_df": 3, "chi2_threshold": 7.814727903251179, "N_raw": 44, "N_roi": 44, "N_inlier": 43, "refit": true}
{"timestamp": "15:17:09.511042", "frame": 64, "mu": [-1.936149592994619, 3.8775487459474003, 0.7763809001396783], "Sigma": [[0.03096968164511161, 0.005747027122528149, -0.012203353422153427], [0.005747027122528149, 0.0026084077392167105, -0.005890511471564188], [-0.012203353422153423, -0.00589051147156419, 0.01882989045645073]], "chi2_level": 0.95, "chi2_df": 3, "chi2_threshold": 7.814727903251179, "N_raw": 52, "N_roi": 50, "N_inlier": 48, "refit": true}
{"timestamp": "15:17:09.567323", "frame": 65, "mu": [-1.9633327897152022, 3.7898747716907866, 0.6655123972965343], "Sigma": [[0.027815201700157176, 0.006421481766423152, -0.0087295797118942], [0.00642148176642315, 0.0030429593905436335, 0.0013540734544090682], [-0.0087295797118942, 0.0013540734544090684, 0.10056870955434828]], "chi2_level": 0.95, "chi2_df": 3, "chi2_threshold": 7.814727903251179, "N_raw": 64, "N_roi": 64, "N_inlier": 64, "refit": true}
{"timestamp": "15:17:09.615462", "frame": 66, "mu": [-1.9087396469559383, 3.7266797868426433, 0.6045764029475075], "Sigma": [[0.00886377616424723, -0.0014778114216691116, 0.009698744305207143], [-0.0014778114216691116, 0.0021546212061515626, -0.003032157618442271], [0.009698744305207143, -0.0030321576184422715, 0.03954327946969078]], "chi2_level": 0.95, "chi2_df": 3, "chi2_threshold": 7.814727903251179, "N_raw": 8, "N_roi": 7, "N_inlier": 7, "refit": true}
{"timestamp": "15:17:09.669655", "frame": 67, "mu": [-2.0168491424033825, 3.6910523926961756, 0.8085003583567747], "Sigma": [[0.009331644615083233, 0.0023845758296854778, -0.003940407401046662], [0.0023845758296854778, 0.00090688615954325, -0.002424631421090735], [-0.003940407401046663, -0.002424631421090735, 0.014254372366976036]], "chi2_level": 0.95, "chi2_df": 3, "chi2_threshold": 7.814727903251179, "N_raw": 14, "N_roi": 12, "N_inlier": 11, "refit": true}
{"timestamp": "15:17:09.782769", "frame": 69, "mu": [-1.9240623221189428, 3.5984811136803567, 0.7040442093025576], "Sigma": [[0.015178798475398674, 0.004472259592518412, -0.009071432945028445], [0.004472259592518412, 0.0025092878208710766, -0.005382782674300474], [-0.009071432945028445, -0.005382782674300474, 0.01784968796338382]], "chi2_level": 0.95, "chi2_df": 3, "chi2_threshold": 7.814727903251179, "N_raw": 32, "N_roi": 32, "N_inlier": 30, "refit": true}
{"timestamp": "15:17:09.836926", "frame": 70, "mu": [-1.9147477628812548, 3.5724764397109667, 0.8350787911408564], "Sigma": [[0.013697817258687503, 0.0027696666684579726, -0.01056285376640903], [0.0027696666684579726, 0.0009248692994105779, -0.0037983239629422595], [-0.01056285376640903, -0.003798323962942259, 0.026243207542313483]], "chi2_level": 0.95, "chi2_df": 3, "chi2_threshold": 7.814727903251179, "N_raw": 25, "N_roi": 24, "N_inlier": 22, "refit": true}
{"timestamp": "15:17:09.892579", "frame": 71, "mu": [-1.9491458485307704, 3.515263896016182, 0.9185479688826536], "Sigma": [[0.015066157740314999, 0.0040786659987749226, -0.018486308719151513], [0.0040786659987749226, 0.002206418413121875, -0.007885900166199684], [-0.018486308719151513, -0.007885900166199684, 0.04017102804390583]], "chi2_level": 0.95, "chi2_df": 3, "chi2_threshold": 7.814727903251179, "N_raw": 34, "N_roi": 34, "N_inlier": 31, "refit": true}
{"timestamp": "15:17:09.949634", "frame": 72, "mu": [-2.003945814037319, 3.433439597408449, 0.8883530725007528], "Sigma": [[0.01951247161753045, 0.0037339956210029777, -0.014576857096378706], [0.0037339956210029777, 0.0027105459023330017, -0.007603477508056919], [-0.014576857096378706, -0.007603477508056919, 0.02820104455369704]], "chi2_level": 0.95, "chi2_df": 3, "chi2_threshold": 7.814727903251179, "N_raw": 46, "N_roi": 46, "N_inlier": 45, "refit": true}
{"timestamp": "15:17:10.001894", "frame": 73, "mu": [-1.9446727649808417, 3.3563396317297975, 0.6630986240943267], "Sigma": [[0.01228975825130176, 0.0012530052412802267, -0.015127170878823492], [0.0012530052412802264, 0.0016590830322779024, -0.0038637093319419205], [-0.015127170878823492, -0.0038637093319419205, 0.025587919678410894]], "chi2_level": 0.95, "chi2_df": 3, "chi2_threshold": 7.814727903251179, "N_raw": 28, "N_roi": 28, "N_inlier": 27, "refit": true}
{"timestamp": "15:17:10.058939", "frame": 74, "mu": [-1.9798832160663806, 3.350801041141583, 0.9726398848270748], "Sigma": [[0.014635540191508646, 0.0029200715975667237, -0.01532093254842492], [0.002920071597566724, 0.0019160547055811026, -0.008322464689334414], [-0.01532093254842492, -0.008322464689334414, 0.04671182525002687]], "chi2_level": 0.95, "chi2_df": 3, "chi2_threshold": 7.814727903251179, "N_raw": 42, "N_roi": 42, "N_inlier": 41, "refit": true}
{"timestamp": "15:17:10.113356", "frame": 75, "mu": [-1.9499856965623352, 3.307285815534302, 1.0308228233492889], "Sigma": [[0.01304044647166094, 0.004925909209326796, -0.004607675730177467], [0.004925909209326796, 0.002707900668503545, -0.0037604819543961415], [-0.004607675730177467, -0.0037604819543961415, 0.01305046918064837]], "chi2_level": 0.95, "chi2_df": 3, "chi2_threshold": 7.814727903251179, "N_raw": 24, "N_roi": 24, "N_inlier": 22, "refit": true}
{"timestamp": "15:17:10.164948", "frame": 76, "mu": [-2.0084972443857145, 3.2162702076584053, 0.7586421923497705], "Sigma": [[0.008967962335757482, 0.0030754531633079406, -0.007173299938198341], [0.0030754531633079406, 0.0011644876279355014, -0.002284407395155518], [-0.007173299938198341, -0.002284407395155518, 0.022708660677348728]], "chi2_level": 0.95, "chi2_df": 3, "chi2_threshold": 7.814727903251179, "N_raw": 13, "N_roi": 13, "N_inlier": 12, "refit": true}
{"timestamp": "15:17:10.221229", "frame": 77, "mu": [-1.9367156988876189, 3.175356004654237, 0.9159639620767344], "Sigma": [[0.008857082071833847, 0.0022528290251242625, -0.008893469201887523], [0.0022528290251242625, 0.0020028722414978787, -0.006828650258330264], [-0.008893469201887523, -0.006828650258330265, 0.026372522103108663]], "chi2_level": 0.95, "chi2_df": 3, "chi2_threshold": 7.814727903251179, "N_raw": 18, "N_roi": 18, "N_inlier": 17, "refit": true}
{"timestamp": "15:17:10.274767", "frame": 78, "mu": [-1.9390020192445652, 3.1359621972309983, 1.0138794142258176], "Sigma": [[0.0062012149472126625, 0.0024954067312217276, -0.0019377149466870088], [0.0024954067312217276, 0.0017167796914626745, -0.0025558963019887914], [-0.0019377149466870088, -0.002555896301988791, 0.010925239767747777]], "chi2_level": 0.95, "chi2_df": 3, "chi2_threshold": 7.814727903251179, "N_raw": 16, "N_roi": 16, "N_inlier": 15, "refit": true}
{"timestamp": "15:17:10.333361", "frame": 79, "mu": [-1.999832069257132, 3.0297582876808953, 0.9487598325828969], "Sigma": [[0.014690668635301359, 0.003551044780352713, -0.00461099266996352], [0.003551044780352713, 0.0022001621646929852, -0.0032018387505352137], [-0.004610992669963521, -0.003201838750535214, 0.007545507180543369]], "chi2_level": 0.95, "chi2_df": 3, "chi2_threshold": 7.814727903251179, "N_raw": 30, "N_roi": 30, "N_inlier": 28, "refit": true}
{"timestamp": "15:17:10.387999", "frame": 80, "mu": [-1.9591522789747033, 2.9896218356141344, 0.9435693244673257], "Sigma": [[0.011906875106449355, 0.003282144031949947, -0.00684214254343177], [0.003282144031949947, 0.002580493728615303, -0.004046530737429104], [-0.006842142543431769, -0.004046530737429104, 0.008473049069567515]], "chi2_level": 0.95, "chi2_df": 3, "chi2_threshold": 7.814727903251179, "N_raw": 31, "N_roi": 31, "N_inlier": 29, "refit": true}
{"timestamp": "15:17:10.442092", "frame": 81, "mu": [-2.0199027127401545, 2.9234201004003633, 0.8794117688122093], "Sigma": [[0.01005122355240541, 0.0013715126831377814, -0.006199224798626982], [0.0013715126831377817, 0.002837289763214479, -0.003009821628272809], [-0.006199224798626981, -0.003009821628272809, 0.007143742061476969]], "chi2_level": 0.95, "chi2_df": 3, "chi2_threshold": 7.814727903251179, "N_raw": 29, "N_roi": 29, "N_inlier": 28, "refit": true}
{"timestamp": "15:17:10.494620", "frame": 82, "mu": [-2.0067150640390747, 2.9496929181926097, 0.8846080105464146], "Sigma": [[0.003595653764656953, -0.0019807399891824565, 0.007229805651413797], [-0.0019807399891824565, 0.001550990415968515, -0.005823290453703474], [0.007229805651413797, -0.005823290453703474, 0.033302057156772626]], "chi2_level": 0.95, "chi2_df": 3, "chi2_threshold": 7.814727903251179, "N_raw": 10, "N_roi": 10, "N_inlier": 10, "refit": true}
{"timestamp": "15:17:10.554408", "frame": 83, "mu": [-2.0051756822340594, 2.8666907358806144, 0.7418854905632581], "Sigma": [[0.016512011167960382, 0.0029541104702096154, -0.013360838347256909], [0.0029541104702096145, 0.0016423519607641963, -0.005396922112793516], [-0.01336083834725691, -0.005396922112793516, 0.023765569301382898]], "chi2_level": 0.95, "chi2_df": 3, "chi2_threshold": 7.814727903251179, "N_raw": 40, "N_roi": 40, "N_inlier": 39, "refit": true}
{"timestamp": "15:17:10.608611", "frame": 84, "mu": [-1.9307469275567337, 2.86042367145312, 0.9063348959761355], "Sigma": [[0.01939257499583062, 0.0009514522473649078, 0.0027402599176242354], [0.000951452247364908, 0.0015920172649230094, -0.003562055903229116], [0.0027402599176242354, -0.003562055903229116, 0.016644036660866744]], "chi2_level": 0.95, "chi2_df": 3, "chi2_threshold": 7.814727903251179, "N_raw": 31, "N_roi": 31, "N_inlier": 31, "refit": true}
{"timestamp": "15:17:10.664547", "frame": 85, "mu": [-2.063763970080002, 2.7077362841902057, 0.779737418169108], "Sigma": [[0.025523190510177023, 0.009216766220151572, 0.009440542282758795], [0.009216766220151572, 0.004668584185545597, 0.007275710423399474], [0.009440542282758793, 0.007275710423399473, 0.061741103556733505]], "chi2_level": 0.95, "chi2_df": 3, "chi2_threshold": 7.814727903251179, "N_raw": 46, "N_roi": 46, "N_inlier": 44, "refit": true}
{"timestamp": "15:17:10.769655", "frame": 87, "mu": [-2.0021121889333915, 2.6281700710882427, 0.7221935222674742], "Sigma": [[0.017179062974322177, 0.005179070342856414, 0.013776479809175558], [0.005179070342856414, 0.00533527893102565, 0.00333687470034941], [0.013776479809175558, 0.00333687470034941, 0.027404202836954585]], "chi2_level": 0.95, "chi2_df": 3, "chi2_threshold": 7.814727903251179, "N_raw": 17, "N_roi": 17, "N_inlier": 16, "refit": true}
{"timestamp": "15:17:10.831619", "frame": 88, "mu": [-1.9259990853872668, 2.596836064020437, 0.903725435889985], "Sigma": [[0.01552890134988959, 0.0029670800282542587, 0.002150615017329934], [0.0029670800282542587, 0.0034557854653243054, -0.0010097347265730892], [0.002150615017329935, -0.0010097347265730896, 0.033616671077521344]], "chi2_level": 0.95, "chi2_df": 3, "chi2_threshold": 7.814727903251179, "N_raw": 59, "N_roi": 59, "N_inlier": 55, "refit": true}
{"timestamp": "15:17:10.885376", "frame": 89, "mu": [-1.9758280020289412, 2.5339418763984263, 0.8873089828496209], "Sigma": [[0.01689830491751516, 0.0071190017667038825, 0.0037820931859363725], [0.0071190017667038825, 0.0044378125344770696, -0.0016342501082098704], [0.0037820931859363716, -0.0016342501082098702, 0.013034614258648146]], "chi2_level": 0.95, "chi2_df": 3, "chi2_threshold": 7.814727903251179, "N_raw": 49, "N_roi": 49, "N_inlier": 46, "refit": true}
{"timestamp": "15:17:10.939291", "frame": 90, "mu": [-1.8658772243909163, 2.70006122002999, -0.3699008180659944], "Sigma": [[0.01417501649251028, 0.0033112188513879154, -0.00494229199395586], [0.0033112188513879145, 0.004770224873752868, -0.00584211921632698], [-0.004942291993955861, -0.00584211921632698, 0.008723935856743172]], "chi2_level": 0.95, "chi2_df": 3, "chi2_threshold": 7.814727903251179, "N_raw": 42, "N_roi": 42, "N_inlier": 41, "refit": true}
{"timestamp": "15:17:10.992632", "frame": 91, "mu": [-1.9681189807366175, 2.407471204699633, 1.158936059037429], "Sigma": [[0.008156517341553376, 0.0033110913895103974, -0.0060043175248713524], [0.003311091389510397, 0.003411893198409364, -0.006321256383078917], [-0.0060043175248713524, -0.006321256383078917, 0.013014938525149707]], "chi2_level": 0.95, "chi2_df": 3, "chi2_threshold": 7.814727903251179, "N_raw": 32, "N_roi": 32, "N_inlier": 31, "refit": true}
{"timestamp": "15:17:11.047617", "frame": 92, "mu": [-1.9402640042910992, 2.3662134407179227, 1.141267994801043], "Sigma": [[0.009264283275058441, 0.003408528503970312, -0.0035039600875599467], [0.003408528503970312, 0.0034361691771078234, -0.004776415545258301], [-0.0035039600875599467, -0.004776415545258301, 0.00849518626211714]], "chi2_level": 0.95, "chi2_df": 3, "chi2_threshold": 7.814727903251179, "N_raw": 31, "N_roi": 30, "N_inlier": 28, "refit": true}
{"timestamp": "15:17:11.102262", "frame": 93, "mu": [-2.0818522280145446, 2.282615462423132, 1.0269885137749215], "Sigma": [[0.006694180486053552, 0.0023623944441711893, 0.01011154945525174], [0.0023623944441711897, 0.0017647598809618326, 0.00031412181115283793], [0.010111549455251738, 0.0003141218111528377, 0.03526702619898521]], "chi2_level": 0.95, "chi2_df": 3, "chi2_threshold": 7.814727903251179, "N_raw": 26, "N_roi": 26, "N_inlier": 24, "refit": true}
{"timestamp": "15:17:11.158879", "frame": 94, "mu": [-1.9715325528834813, 2.2662639725108993, 1.1408462578599468], "Sigma": [[0.006919510858589439, 0.0029449405513079854, -0.004697164002895718], [0.0029449405513079854, 0.003067396163198376, -0.007910349814501744], [-0.004697164002895718, -0.007910349814501744, 0.029313051701739482]], "chi2_level": 0.95, "chi2_df": 3, "chi2_threshold": 7.814727903251179, "N_raw": 43, "N_roi": 43, "N_inlier": 36, "refit": true}
{"timestamp": "15:17:11.216704", "frame": 95, "mu": [-2.0055413326610405, 2.1562372468210262, 1.2483279913606073], "Sigma": [[0.017662450598404066, 0.014409428938368884, -0.022556038675774923], [0.014409428938368886, 0.01550216179817101, -0.024428220539987403], [-0.022556038675774923, -0.024428220539987403, 0.08419801138148172]], "chi2_level": 0.95, "chi2_df": 3, "chi2_threshold": 7.814727903251179, "N_raw": 51, "N_roi": 51, "N_inlier": 47, "refit": true}
{"timestamp": "15:17:11.276210", "frame": 96, "mu": [-1.9887077281024732, 2.1159146633806105, 1.228592271629209], "Sigma": [[0.023045399902166627, 0.017499940308098434, -0.02082116306522218], [0.017499940308098438, 0.02094272239890478, -0.023434620623413886], [-0.020821163065222182, -0.023434620623413886, 0.0320881553061908]], "chi2_level": 0.95, "chi2_df": 3, "chi2_threshold": 7.814727903251179, "N_raw": 87, "N_roi": 87, "N_inlier": 79, "refit": true}
{"timestamp": "15:17:11.328470", "frame": 97, "mu": [-2.036981864203584, 1.985021561841727, 1.3662328699228108], "Sigma": [[0.023235080439451647, 0.015447533818367793, -0.017323603979270553], [0.015447533818367793, 0.01695011057373471, -0.013732281338017452], [-0.01732360397927056, -0.013732281338017452, 0.015257594156063455]], "chi2_level": 0.95, "chi2_df": 3, "chi2_threshold": 7.814727903251179, "N_raw": 68, "N_roi": 68, "N_inlier": 63, "refit": true}
{"timestamp": "15:17:11.380909", "frame": 98, "mu": [-2.085087537343277, 1.8577462106146008, 1.3707314783095106], "Sigma": [[0.022462259230548905, 0.01947048456112124, -0.01298534054611292], [0.01947048456112124, 0.020410570246775336, -0.014709017242216037], [-0.012985340546112922, -0.014709017242216037, 0.011903439091042823]], "chi2_level": 0.95, "chi2_df": 3, "chi2_threshold": 7.814727903251179, "N_raw": 52, "N_roi": 52, "N_inlier": 49, "refit": true}
{"timestamp": "15:17:11.439333", "frame": 99, "mu": [-1.9561926845590296, 2.114161319855508, -0.3678538652484872], "Sigma": [[0.024259070412653364, 0.028616772400626246, -0.03317447201490796], [0.028616772400626246, 0.04301957090781301, -0.05851416826995065], [-0.03317447201490796, -0.05851416826995065, 0.10321073686831998]], "chi2_level": 0.95, "chi2_df": 3, "chi2_threshold": 7.814727903251179, "N_raw": 74, "N_roi": 74, "N_inlier": 72, "refit": true}
{"timestamp": "15:17:11.546305", "frame": 100, "mu": [-2.027130283329514, 1.7877114172885011, 1.3999958562412136], "Sigma": [[0.021082876093506987, 0.012545575443517304, -0.020193034547361283], [0.012545575443517304, 0.010968955042513077, -0.013924569025764881], [-0.020193034547361283, -0.013924569025764881, 0.021495828468244133]], "chi2_level": 0.95, "chi2_df": 3, "chi2_threshold": 7.814727903251179, "N_raw": 48, "N_roi": 48, "N_inlier": 45, "refit": true}
{"timestamp": "15:17:11.568369", "frame": 101, "mu": [-2.1062342745653106, 1.6716996513358748, 1.4417758382738612], "Sigma": [[0.01937894479067262, 0.014469395447448206, -0.02556903328373954], [0.014469395447448206, 0.016216537132153878, -0.02153121700860254], [-0.02556903328373954, -0.021531217008602537, 0.05488427336245231]], "chi2_level": 0.95, "chi2_df": 3, "chi2_threshold": 7.814727903251179, "N_raw": 51, "N_roi": 51, "N_inlier": 48, "refit": true}
{"timestamp": "15:17:11.602845", "frame": 102, "mu": [-2.045430288055656, 1.6795173538768746, 1.2908551088472076], "Sigma": [[0.024565781725375685, 0.016223072060647586, -0.013765900292110052], [0.016223072060647586, 0.015781012430769424, -0.01255044017180609], [-0.013765900292110052, -0.01255044017180609, 0.011397385918697073]], "chi2_level": 0.95, "chi2_df": 3, "chi2_threshold": 7.814727903251179, "N_raw": 63, "N_roi": 63, "N_inlier": 60, "refit": true}
{"timestamp": "15:17:11.654408", "frame": 103, "mu": [-2.143391111822549, 1.6465479119765771, 1.1470003335191845], "Sigma": [[0.03117228303566615, 0.020837349342910733, -0.01962170521320186], [0.020837349342910733, 0.016334665691464776, -0.019059402389935552], [-0.01962170521320186, -0.019059402389935552, 0.06121816436939653]], "chi2_level": 0.95, "chi2_df": 3, "chi2_threshold": 7.814727903251179, "N_raw": 40, "N_roi": 40, "N_inlier": 39, "refit": true}
{"timestamp": "15:17:11.709023", "frame": 104, "mu": [-2.0997964854710296, 1.5720387390994468, 1.2544743201854807], "Sigma": [[0.02121943142823532, 0.011698550368155255, -0.014831592689323306], [0.011698550368155253, 0.010519595919524496, -0.012579614147026921], [-0.014831592689323306, -0.012579614147026921, 0.05886528007306976]], "chi2_level": 0.95, "chi2_df": 3, "chi2_threshold": 7.814727903251179, "N_raw": 42, "N_roi": 42, "N_inlier": 42, "refit": true}
{"timestamp": "15:17:11.770990", "frame": 105, "mu": [-1.9770122309490012, 1.7260786900129579, -0.19344762576349223], "Sigma": [[0.02210426599973596, 0.01491387286723152, 0.0755313098956916], [0.01491387286723152, 0.022946940953824616, 0.02115738143168388], [0.0755313098956916, 0.02115738143168388, 0.4306156460212879]], "chi2_level": 0.95, "chi2_df": 3, "chi2_threshold": 7.814727903251179, "N_raw": 93, "N_roi": 93, "N_inlier": 92, "refit": true}
{"timestamp": "15:17:11.826737", "frame": 106, "mu": [-1.9585312412732185, 1.603033610997113, 1.272504811845807], "Sigma": [[0.02788820499084816, 0.015919253048625202, -0.024667388966567186], [0.015919253048625202, 0.014569437713674109, -0.019236963596023778], [-0.024667388966567186, -0.01923696359602378, 0.031502204576130434]], "chi2_level": 0.95, "chi2_df": 3, "chi2_threshold": 7.814727903251179, "N_raw": 86, "N_roi": 86, "N_inlier": 81, "refit": true}
{"timestamp": "15:17:11.881382", "frame": 107, "mu": [-2.043831735161671, 1.4803059156859106, 1.0304697257352622], "Sigma": [[0.020267748789662657, 0.009991650579177603, 0.011527539875650578], [0.009991650579177605, 0.008034701566169117, -0.005710497526403457], [0.011527539875650576, -0.005710497526403457, 0.09985509885255808]], "chi2_level": 0.95, "chi2_df": 3, "chi2_threshold": 7.814727903251179, "N_raw": 60, "N_roi": 60, "N_inlier": 59, "refit": true}
{"timestamp": "15:17:11.931219", "frame": 108, "mu": [-1.9611034425760756, 1.464384815270039, 1.276320193946981], "Sigma": [[0.009164893073399046, 0.006473948029405702, -0.006838100354912391], [0.006473948029405701, 0.010906847553225832, -0.01240838060508706], [-0.006838100354912391, -0.01240838060508706, 0.015459348492821988]], "chi2_level": 0.95, "chi2_df": 3, "chi2_threshold": 7.814727903251179, "N_raw": 53, "N_roi": 53, "N_inlier": 50, "refit": true}
{"timestamp": "15:17:11.990925", "frame": 109, "mu": [-1.9179776294473418, 1.415079396998541, 1.2344961125679217], "Sigma": [[0.013157402050188227, 0.00929728334515405, -0.011934602727476406], [0.009297283345154048, 0.013321263844929536, -0.017844349224815138], [-0.011934602727476406, -0.017844349224815138, 0.029053103447144797]], "chi2_level": 0.95, "chi2_df": 3, "chi2_threshold": 7.814727903251179, "N_raw": 81, "N_roi": 81, "N_inlier": 75, "refit": true}
{"timestamp": "15:17:12.041402", "frame": 110, "mu": [-1.9239070140108148, 1.3354366251004017, 1.2704342586914266], "Sigma": [[0.009562895058553149, 0.008123126297259585, -0.010069235264741447], [0.008123126297259585, 0.011839103272976671, -0.01641502579489955], [-0.010069235264741447, -0.01641502579489955, 0.0270170161196754]], "chi2_level": 0.95, "chi2_df": 3, "chi2_threshold": 7.814727903251179, "N_raw": 53, "N_roi": 53, "N_inlier": 50, "refit": true}
{"timestamp": "15:17:12.100940", "frame": 111, "mu": [-1.903993091841037, 1.3227866597747386, 1.2867657716500498], "Sigma": [[0.012949752941577497, 0.00998424767427924, -0.010579846791343288], [0.009984247674279238, 0.019959686571106482, -0.019142036894937098], [-0.01057984679134329, -0.019142036894937098, 0.020255499773701034]], "chi2_level": 0.95, "chi2_df": 3, "chi2_threshold": 7.814727903251179, "N_raw": 88, "N_roi": 88, "N_inlier": 86, "refit": true}
{"timestamp": "15:17:12.151504", "frame": 112, "mu": [-1.9690322940035336, 1.158062831619806, 1.1968111040947198], "Sigma": [[0.009784201439802978, 0.008507231788167384, 0.013332580480356352], [0.008507231788167384, 0.013947219757657399, 0.01026476475419095], [0.013332580480356352, 0.010264764754190952, 0.06117676997714407]], "chi2_level": 0.95, "chi2_df": 3, "chi2_threshold": 7.814727903251179, "N_raw": 52, "N_roi": 52, "N_inlier": 52, "refit": true}
{"timestamp": "15:17:12.207084", "frame": 113, "mu": [-1.9287305694017052, 1.144144016264462, 1.1505535672545357], "Sigma": [[0.007585107216328672, 0.004553737267463982, 0.0020846542384093058], [0.004553737267463982, 0.009096812967013656, -0.00947922082217324], [0.002084654238409306, -0.00947922082217324, 0.03348777943809836]], "chi2_level": 0.95, "chi2_df": 3, "chi2_threshold": 7.814727903251179, "N_raw": 61, "N_roi": 61, "N_inlier": 60, "refit": true}
{"timestamp": "15:17:12.258798", "frame": 114, "mu": [-1.9142828271303902, 1.0312133101240957, 1.282776565894861], "Sigma": [[0.005085377030643398, 0.004377010066954797, 0.00025953269507408686], [0.004377010066954797, 0.008649156256527674, -0.002397305007441713], [0.00025953269507408676, -0.002397305007441713, 0.012652468916755052]], "chi2_level": 0.95, "chi2_df": 3, "chi2_threshold": 7.814727903251179, "N_raw": 32, "N_roi": 32, "N_inlier": 29, "refit": true}
{"timestamp": "15:17:12.313841", "frame": 115, "mu": [-1.98391712073353, 0.9359266741341657, 0.9657688098669714], "Sigma": [[0.008705632678497326, 0.010482654180532767, 0.005929989813148579], [0.010482654180532767, 0.014696214540238948, 0.0076360337239999], [0.005929989813148579, 0.0076360337239998995, 0.02433947728965686]], "chi2_level": 0.95, "chi2_df": 3, "chi2_threshold": 7.814727903251179, "N_raw": 43, "N_roi": 43, "N_inlier": 43, "refit": true}
{"timestamp": "15:17:12.372969", "frame": 116, "mu": [-1.9037020936183562, 0.9985608189591701, 1.1449335465202635], "Sigma": [[0.007144447791312478, 0.005503580144327214, 0.001942978585616552], [0.005503580144327214, 0.009009984309983059, -0.007370943128224218], [0.0019429785856165515, -0.007370943128224218, 0.04184479873293391]], "chi2_level": 0.95, "chi2_df": 3, "chi2_threshold": 7.814727903251179, "N_raw": 71, "N_roi": 71, "N_inlier": 71, "refit": true}
{"timestamp": "15:17:12.429636", "frame": 117, "mu": [-1.9012991792413698, 0.9671591434863148, 1.1665748015921384], "Sigma": [[0.007622710892778273, 0.005001081768606495, -6.17822905476979e-05], [0.005001081768606495, 0.012231956991328117, -0.012044303723599584], [-6.178229054769801e-05, -0.012044303723599584, 0.01807706390451147]], "chi2_level": 0.95, "chi2_df": 3, "chi2_threshold": 7.814727903251179, "N_raw": 68, "N_roi": 68, "N_inlier": 65, "refit": true}
{"timestamp": "15:17:12.478191", "frame": 118, "mu": [-1.875948262253432, 0.9568820384651426, 1.2101635870688647], "Sigma": [[0.006032085418891935, 0.0007626488574897779, 0.0014942686042820122], [0.0007626488574897776, 0.013681548194286696, -0.008256485055012001], [0.0014942686042820124, -0.008256485055012001, 0.006953608568742139]], "chi2_level": 0.95, "chi2_df": 3, "chi2_threshold": 7.814727903251179, "N_raw": 35, "N_roi": 35, "N_inlier": 33, "refit": true}
{"timestamp": "15:17:12.536065", "frame": 119, "mu": [-1.872687620002453, 0.9148278303510222, 1.1618234275173664], "Sigma": [[0.008521582419944725, 0.005248517647658086, 0.0018154051604178012], [0.005248517647658086, 0.00824008323698465, -0.005970010818425036], [0.001815405160417801, -0.005970010818425036, 0.013836052858765427]], "chi2_level": 0.95, "chi2_df": 3, "chi2_threshold": 7.814727903251179, "N_raw": 56, "N_roi": 56, "N_inlier": 55, "refit": true}
{"timestamp": "15:17:12.589392", "frame": 120, "mu": [-1.8095652322584879, 0.858206276957281, 1.3084808004627164], "Sigma": [[0.007453915082008743, 0.00506376936696149, -0.0009588551416356879], [0.00506376936696149, 0.010352251890406698, -0.004919421629703654], [-0.0009588551416356879, -0.004919421629703653, 0.005433764155430241]], "chi2_level": 0.95, "chi2_df": 3, "chi2_threshold": 7.814727903251179, "N_raw": 41, "N_roi": 41, "N_inlier": 36, "refit": true}
{"timestamp": "15:17:12.643034", "frame": 121, "mu": [-1.7979169135846558, 0.8333743875232826, 1.3319311121130102], "Sigma": [[0.006919298922334006, 0.00598197299690259, -0.004126095499659175], [0.00598197299690259, 0.011158568316845299, -0.005467825140171178], [-0.004126095499659175, -0.0054678251401711776, 0.003441770488871479]], "chi2_level": 0.95, "chi2_df": 3, "chi2_threshold": 7.814727903251179, "N_raw": 33, "N_roi": 33, "N_inlier": 31, "refit": true}
{"timestamp": "15:17:12.699029", "frame": 122, "mu": [-1.8138052553940984, 0.7511982546118341, -0.8353004802936096], "Sigma": [[0.006161345363920187, 0.0066058380292020775, 0.008038603767541109], [0.0066058380292020775, 0.012285761727743065, 0.007520566577652757], [0.008038603767541109, 0.007520566577652757, 0.03997974530248996]], "chi2_level": 0.95, "chi2_df": 3, "chi2_threshold": 7.814727903251179, "N_raw": 42, "N_roi": 42, "N_inlier": 40, "refit": true}
{"timestamp": "15:17:12.806421", "frame": 124, "mu": [-1.7264436222540873, 0.7426243022565037, 1.228327030358851], "Sigma": [[0.003662544394268031, 0.004565659680869767, -0.0005121397696207573], [0.004565659680869767, 0.007766284987155285, -0.0032334552234676733], [-0.0005121397696207573, -0.0032334552234676733, 0.005615959478139662]], "chi2_level": 0.95, "chi2_df": 3, "chi2_threshold": 7.814727903251179, "N_raw": 18, "N_roi": 18, "N_inlier": 18, "refit": true}
{"timestamp": "15:17:12.864815", "frame": 125, "mu": [-1.7890992245620851, 0.5696987336834903, 0.9843224536637788], "Sigma": [[0.0070134322564642205, 0.0060888533893758735, 0.0008314221201405135], [0.0060888533893758735, 0.009822220208937306, -0.003919012227824892], [0.0008314221201405135, -0.003919012227824892, 0.008496480232622535]], "chi2_level": 0.95, "chi2_df": 3, "chi2_threshold": 7.814727903251179, "N_raw": 52, "N_roi": 52, "N_inlier": 47, "refit": true}
{"timestamp": "15:17:12.921091", "frame": 126, "mu": [-1.7447709866718952, 0.829808760205493, -0.6261914309302258], "Sigma": [[0.008425805524716353, 0.00658026725788057, 0.001223386490927137], [0.00658026725788057, 0.01083880130005621, -0.004758792881025107], [0.0012233864909271368, -0.004758792881025107, 0.008045724455691329]], "chi2_level": 0.95, "chi2_df": 3, "chi2_threshold": 7.814727903251179, "N_raw": 50, "N_roi": 50, "N_inlier": 49, "refit": true}
{"timestamp": "15:17:13.045415", "frame": 127, "mu": [-1.722194417504754, 0.7751350247543446, -0.7092493217059489], "Sigma": [[0.004531062426358615, 0.0041761400911074645, 0.002947346402380456], [0.0041761400911074645, 0.01062520747288928, -0.007365938263289381], [0.002947346402380456, -0.007365938263289381, 0.027288514513247295]], "chi2_level": 0.95, "chi2_df": 3, "chi2_threshold": 7.814727903251179, "N_raw": 47, "N_roi": 47, "N_inlier": 46, "refit": true}
{"timestamp": "15:17:13.073638", "frame": 128, "mu": [-1.6828820225368784, 0.5940823782480272, 1.2339769408234011], "Sigma": [[0.005186533955037305, 0.00482141178362752, -0.0025850401944469007], [0.00482141178362752, 0.011937898445397775, -0.0062151795869008954], [-0.0025850401944469007, -0.0062151795869008954, 0.004217014488066994]], "chi2_level": 0.95, "chi2_df": 3, "chi2_threshold": 7.814727903251179, "N_raw": 36, "N_roi": 36, "N_inlier": 33, "refit": true}
{"timestamp": "15:17:13.103909", "frame": 129, "mu": [-1.7522374071501288, 0.5986781323084446, 1.15937648083693], "Sigma": [[0.005034777552976209, 0.0066814569179795575, -0.0014441004350110535], [0.0066814569179795575, 0.010551395487021649, -0.003279839007398446], [-0.0014441004350110535, -0.003279839007398446, 0.00572245272960441]], "chi2_level": 0.95, "chi2_df": 3, "chi2_threshold": 7.814727903251179, "N_raw": 27, "N_roi": 27, "N_inlier": 26, "refit": true}
{"timestamp": "15:17:13.681395", "frame": 140, "mu": [0.7040143047886616, 0.3437438070229172, 0.8708644306773708], "Sigma": [[2.001542219143797, 0.06651120879520452, -0.042045898664497254], [0.0665112087952045, 0.006604907684155634, -0.0035675894027029508], [-0.042045898664497254, -0.003567589402702951, 0.004124679249774574]], "chi2_level": 0.95, "chi2_df": 3, "chi2_threshold": 7.814727903251179, "N_raw": 7, "N_roi": 7, "N_inlier": 7, "refit": true}
{"timestamp": "15:17:13.794032", "frame": 142, "mu": [0.88779894255459, 0.3787642697490889, 0.9262921822669933], "Sigma": [[1.633061288402909, 0.07429891718754968, -0.008034733116598634], [0.07429891718754968, 0.01352554860719506, -0.0006261020787379484], [-0.008034733116598634, -0.0006261020787379481, 0.0019315825497105258]], "chi2_level": 0.95, "chi2_df": 3, "chi2_threshold": 7.814727903251179, "N_raw": 16, "N_roi": 16, "N_inlier": 15, "refit": true}
