{"timestamp": "14:43:24.215904", "frame": 5, "mu": [-2.3811997341778324, 4.958106757597064, 1.1075467775303796], "Sigma": [[0.006253023061664941, 0.000772088107396434, 0.00019732685253416544], [0.000772088107396434, 0.0007605854421944209, -0.00131019192854767], [0.00019732685253416512, -0.0013101919285476702, 0.003944749346205374]], "chi2_level": 0.95, "chi2_df": 3, "chi2_threshold": 7.814727903251179, "N_raw": 15, "N_roi": 7, "N_inlier": 7, "refit": true}
{"timestamp": "14:43:24.658844", "frame": 13, "mu": [-2.3298578294747476, 4.933692742065336, 1.0588532561256858], "Sigma": [[0.012613675366388745, 0.0018825622360847697, -0.0029563116730623837], [0.0018825622360847697, 0.0025913195828048885, -0.001302436761860687], [-0.002956311673062384, -0.0013024367618606869, 0.0012891134463892465]], "chi2_level": 0.95, "chi2_df": 3, "chi2_threshold": 7.814727903251179, "N_raw": 36, "N_roi": 19, "N_inlier": 17, "refit": true}
{"timestamp": "14:43:24.709212", "frame": 14, "mu": [-2.169798346602426, 4.956848066181261, 0.6713447715754683], "Sigma": [[0.0066656475423122665, 0.0010512873455503044, -0.0021570651779643543], [0.0010512873455503044, 0.0007377849402131291, -0.001616737937901008], [-0.002157065177964355, -0.001616737937901008, 0.009270141299066998]], "chi2_level": 0.95, "chi2_df": 3, "chi2_threshold": 7.814727903251179, "N_raw": 9, "N_roi": 7, "N_inlier": 7, "refit": true}
{"timestamp": "14:43:24.767710", "frame": 15, "mu": [-2.244142357070222, 4.937411367192287, 0.8021214477762376], "Sigma": [[0.016861297472467462, 0.002452383106878708, -0.006310189981279161], [0.002452383106878708, 0.0018914657064674509, -0.003401765373972346], [-0.006310189981279161, -0.003401765373972346, 0.012518363469703128]], "chi2_level": 0.95, "chi2_df": 3, "chi2_threshold": 7.814727903251179, "N_raw": 26, "N_roi": 23, "N_inlier": 22, "refit": true}
{"timestamp": "14:43:24.932622", "frame": 18, "mu": [-2.1727020426390182, 4.89430465031384, 0.8433916766694793], "Sigma": [[0.014556305415329603, 0.0025554167081585435, -0.012719742351070653], [0.0025554167081585435, 0.0020646074185015125, -0.003187586259451052], [-0.012719742351070651, -0.003187586259451052, 0.013100262064060736]], "chi2_level": 0.95, "chi2_df": 3, "chi2_threshold": 7.814727903251179, "N_raw": 16, "N_roi": 16, "N_inlier": 15, "refit": true}
{"timestamp": "14:43:24.989666", "frame": 19, "mu": [-2.2987212745505783, 4.938135263653225, 0.26373692833871215], "Sigma": [[0.010086315993340967, 0.0021926237857787497, -0.009001292958738642], [0.00219262378577875, 0.0015510868205917997, -0.0023426162590665213], [-0.009001292958738642, -0.0023426162590665218, 0.009157585545388659]], "chi2_level": 0.95, "chi2_df": 3, "chi2_threshold": 7.814727903251179, "N_raw": 27, "N_roi": 11, "N_inlier": 11, "refit": true}
{"timestamp": "14:43:25.153106", "frame": 22, "mu": [-2.3592419527423996, 4.788909714688504, 0.8888377448464521], "Sigma": [[0.007315844816091155, 0.00016675648061228548, 0.003219935364053959], [0.00016675648061228538, 0.001151262437059387, -0.0035412947662728602], [0.003219935364053959, -0.0035412947662728602, 0.022958256182278043]], "chi2_level": 0.95, "chi2_df": 3, "chi2_threshold": 7.814727903251179, "N_raw": 15, "N_roi": 14, "N_inlier": 13, "refit": true}
{"timestamp": "14:43:25.206386", "frame": 23, "mu": [-2.2588857227553696, 4.74428674269636, 0.8438598579539853], "Sigma": [[0.005399023224414293, 0.0004267068944483355, 0.0010717371675304128], [0.0004267068944483353, 0.001391969890016098, -0.004143182411577101], [0.0010717371675304133, -0.004143182411577101, 0.01633706662519631]], "chi2_level": 0.95, "chi2_df": 3, "chi2_threshold": 7.814727903251179, "N_raw": 10, "N_roi": 8, "N_inlier": 8, "refit": true}
{"timestamp": "14:43:25.374594", "frame": 26, "mu": [-2.2173648411311917, 4.685477202189486, 1.0147203694929965], "Sigma": [[0.023794457014072436, 0.008494466682024568, -0.015489075648948851], [0.008494466682024568, 0.004030038029185531, -0.007110004640353572], [-0.015489075648948851, -0.007110004640353572, 0.01901631545958954]], "chi2_level": 0.95, "chi2_df": 3, "chi2_threshold": 7.814727903251179, "N_raw": 28, "N_roi": 25, "N_inlier": 23, "refit": true}
{"timestamp": "14:43:25.432809", "frame": 27, "mu": [-2.270150135552586, 4.665503530208602, 0.7911482079738609], "Sigma": [[0.015351924430534316, 0.0034837930606234583, -0.007859890076217041], [0.0034837930606234583, 0.0027618002007047926, -0.007206724172683128], [-0.007859890076217041, -0.007206724172683128, 0.026209469120712307]], "chi2_level": 0.95, "chi2_df": 3, "chi2_threshold": 7.814727903251179, "N_raw": 47, "N_roi": 34, "N_inlier": 33, "refit": true}
{"timestamp": "14:43:25.487003", "frame": 28, "mu": [-2.2704547022387165, 4.640818380846967, 0.7912273813837122], "Sigma": [[0.01761320581066163, 0.003276089209081628, -0.008085567662499283], [0.003276089209081628, 0.0027676131813904534, -0.004814547187263196], [-0.008085567662499283, -0.004814547187263196, 0.012918162128724325]], "chi2_level": 0.95, "chi2_df": 3, "chi2_threshold": 7.814727903251179, "N_raw": 35, "N_roi": 29, "N_inlier": 28, "refit": true}
{"timestamp": "14:43:25.541865", "frame": 29, "mu": [-2.244715998419873, 4.56806563998703, 0.7116142099229338], "Sigma": [[0.018921940640857265, 0.002222921399211491, -0.019189627741932166], [0.002222921399211491, 0.0022520445770897314, -0.0045303882074100976], [-0.019189627741932162, -0.0045303882074100976, 0.025926327849702644]], "chi2_level": 0.95, "chi2_df": 3, "chi2_threshold": 7.814727903251179, "N_raw": 32, "N_roi": 28, "N_inlier": 28, "refit": true}
{"timestamp": "14:43:25.646600", "frame": 31, "mu": [-2.3135601941540838, 4.543611184044094, 0.728884600096669], "Sigma": [[0.01442916045223219, -0.0037991038573562466, -0.008745557443924433], [-0.0037991038573562466, 0.002059591059139111, 0.0018499750840410413], [-0.008745557443924433, 0.0018499750840410413, 0.009677132558741277]], "chi2_level": 0.95, "chi2_df": 3, "chi2_threshold": 7.814727903251179, "N_raw": 9, "N_roi": 7, "N_inlier": 7, "refit": true}
{"timestamp": "14:43:25.703582", "frame": 32, "mu": [-2.277174247810312, 4.490765060222648, 0.6934031553727417], "Sigma": [[0.01615659498236719, 0.001791428255445089, -0.007226486679822888], [0.0017914282554450888, 0.0018712757424435415, -0.0005572087279176164], [-0.007226486679822888, -0.0005572087279176162, 0.005587833573002426]], "chi2_level": 0.95, "chi2_df": 3, "chi2_threshold": 7.814727903251179, "N_raw": 18, "N_roi": 14, "N_inlier": 13, "refit": true}
{"timestamp": "14:43:25.760321", "frame": 33, "mu": [-2.254124031277369, 4.6290387577051515, -0.03571008096250785], "Sigma": [[0.02048013923776275, 0.009857810659764862, -0.013766266469866853], [0.009857810659764862, 0.006868504157914576, -0.009935336119768157], [-0.01376626646986685, -0.009935336119768157, 0.016269939128560208]], "chi2_level": 0.95, "chi2_df": 3, "chi2_threshold": 7.814727903251179, "N_raw": 28, "N_roi": 24, "N_inlier": 22, "refit": true}
{"timestamp": "14:43:25.815577", "frame": 34, "mu": [-2.2659742377666197, 4.424704370655308, 0.9240046378694096], "Sigma": [[0.018451914090633667, 0.004831285855769878, -0.019475533050798167], [0.004831285855769878, 0.002044965978619786, -0.00698250195691496], [-0.019475533050798164, -0.006982501956914959, 0.03167161764887603]], "chi2_level": 0.95, "chi2_df": 3, "chi2_threshold": 7.814727903251179, "N_raw": 29, "N_roi": 22, "N_inlier": 21, "refit": true}
{"timestamp": "14:43:25.875319", "frame": 35, "mu": [-2.1903088825827224, 4.411320147650038, 0.777210472998836], "Sigma": [[0.02998580208504839, 0.007022925678046722, -0.028073604209478742], [0.007022925678046721, 0.004476405548269845, -0.011448951828574075], [-0.028073604209478745, -0.011448951828574075, 0.03928157936652861]], "chi2_level": 0.95, "chi2_df": 3, "chi2_threshold": 7.814727903251179, "N_raw": 61, "N_roi": 50, "N_inlier": 48, "refit": true}
{"timestamp": "14:43:25.928098", "frame": 36, "mu": [-2.1685909755488253, 4.391514892686538, 0.7986995319909398], "Sigma": [[0.029544253028867266, 0.006865005334748619, -0.030543336270392053], [0.006865005334748619, 0.0038329663428246746, -0.00940257251047044], [-0.030543336270392053, -0.009402572510470442, 0.03696709787685597]], "chi2_level": 0.95, "chi2_df": 3, "chi2_threshold": 7.814727903251179, "N_raw": 42, "N_roi": 40, "N_inlier": 37, "refit": true}
{"timestamp": "14:43:25.978830", "frame": 37, "mu": [-2.1637274876386394, 4.337357777374225, 0.6882491067108327], "Sigma": [[0.021904728383523912, 0.005299079315981922, -0.014646101668731756], [0.005299079315981922, 0.0021932984330973234, -0.004867941786992826], [-0.014646101668731756, -0.004867941786992826, 0.015548064755401722]], "chi2_level": 0.95, "chi2_df": 3, "chi2_threshold": 7.814727903251179, "N_raw": 24, "N_roi": 24, "N_inlier": 23, "refit": true}
{"timestamp": "14:43:26.091324", "frame": 39, "mu": [-2.1369529529722318, 4.283193364842818, 0.816329627293689], "Sigma": [[0.022505490965891863, 0.006746142832553216, -0.017297086047495854], [0.006746142832553217, 0.004132163280489169, -0.007201770069913989], [-0.017297086047495854, -0.007201770069913989, 0.017815876209292005]], "chi2_level": 0.95, "chi2_df": 3, "chi2_threshold": 7.814727903251179, "N_raw": 34, "N_roi": 34, "N_inlier": 32, "refit": true}
{"timestamp": "14:43:26.143220", "frame": 40, "mu": [-2.1647964089824603, 4.245889084522053, 0.9008302544957325], "Sigma": [[0.009142266800980316, 0.001068561450651846, -0.003972747305215268], [0.001068561450651846, 0.000864739082838506, -0.0021973637169279527], [-0.003972747305215268, -0.0021973637169279527, 0.009839648828010833]], "chi2_level": 0.95, "chi2_df": 3, "chi2_threshold": 7.814727903251179, "N_raw": 16, "N_roi": 15, "N_inlier": 13, "refit": true}
{"timestamp": "14:43:26.198022", "frame": 41, "mu": [-2.348402155233224, 4.22171729047225, 0.8675461461948861], "Sigma": [[0.006980718987127136, 0.0013032505290680731, 0.002763444198185439], [0.0013032505290680731, 0.002703270137370325, -0.0037517871046251795], [0.002763444198185439, -0.0037517871046251795, 0.010072150929780877]], "chi2_level": 0.95, "chi2_df": 3, "chi2_threshold": 7.814727903251179, "N_raw": 12, "N_roi": 11, "N_inlier": 10, "refit": true}
{"timestamp": "14:43:26.253176", "frame": 42, "mu": [-2.1826409696424407, 4.154313506850019, 0.6183962878267997], "Sigma": [[0.017680970411774303, 0.004740045458711045, -0.013032369657243654], [0.004740045458711045, 0.0013863004721449707, -0.0037252139009430977], [-0.013032369657243654, -0.003725213900943098, 0.035007374531338]], "chi2_level": 0.95, "chi2_df": 3, "chi2_threshold": 7.814727903251179, "N_raw": 23, "N_roi": 23, "N_inlier": 22, "refit": true}
{"timestamp": "14:43:26.307693", "frame": 43, "mu": [-2.1325023034797765, 4.14732624432313, 0.7496462830571815], "Sigma": [[0.007761930217879974, 0.0024925655279782995, -0.003918089910063348], [0.0024925655279782995, 0.0021752379067519244, -0.0027148788678155833], [-0.003918089910063347, -0.0027148788678155833, 0.008908273231225311]], "chi2_level": 0.95, "chi2_df": 3, "chi2_threshold": 7.814727903251179, "N_raw": 14, "N_roi": 14, "N_inlier": 13, "refit": true}
{"timestamp": "14:43:26.365420", "frame": 44, "mu": [-2.219678625956346, 4.1139954245757835, 0.9315650003231465], "Sigma": [[0.022456421151607894, 0.005530833131663895, -0.016444384916065195], [0.005530833131663896, 0.003506918497444207, -0.00633880412542215], [-0.016444384916065195, -0.00633880412542215, 0.016872649267976873]], "chi2_level": 0.95, "chi2_df": 3, "chi2_threshold": 7.814727903251179, "N_raw": 36, "N_roi": 34, "N_inlier": 32, "refit": true}
{"timestamp": "14:43:26.418766", "frame": 45, "mu": [-2.342213344889721, 4.014169086533618, 0.9502814587113847], "Sigma": [[0.00843872301985812, 0.0018926428840092516, 6.7113381534111534e-06], [0.0018926428840092518, 0.0009946472001847175, -0.001563485843307313], [6.711338153410828e-06, -0.001563485843307313, 0.009196122532899675]], "chi2_level": 0.95, "chi2_df": 3, "chi2_threshold": 7.814727903251179, "N_raw": 13, "N_roi": 13, "N_inlier": 13, "refit": true}
{"timestamp": "14:43:26.534544", "frame": 47, "mu": [-2.18771893425212, 4.013966170701294, 0.9240202603426828], "Sigma": [[0.028647231286281497, 0.007746833396961229, -0.020515796647795487], [0.007746833396961229, 0.0047885423889150085, -0.011469415312163994], [-0.020515796647795487, -0.011469415312163994, 0.03224826902636444]], "chi2_level": 0.95, "chi2_df": 3, "chi2_threshold": 7.814727903251179, "N_raw": 56, "N_roi": 52, "N_inlier": 50, "refit": true}
{"timestamp": "14:43:26.584843", "frame": 48, "mu": [-2.236409139897036, 3.9424581249587685, 0.5167399694265692], "Sigma": [[0.02073631333444361, 0.006168075219557064, -0.0088410809421509], [0.006168075219557064, 0.0034825168808797708, -0.0027914257980041356], [-0.0088410809421509, -0.0027914257980041356, 0.007288169527892801]], "chi2_level": 0.95, "chi2_df": 3, "chi2_threshold": 7.814727903251179, "N_raw": 28, "N_roi": 26, "N_inlier": 23, "refit": true}
{"timestamp": "14:43:26.641755", "frame": 49, "mu": [-2.1763797912984506, 3.947694215795174, 0.7773455121233871], "Sigma": [[0.019469613716484063, 0.00448863166010206, -0.01393224079638154], [0.00448863166010206, 0.0032827629418015706, -0.005730768427050167], [-0.013932240796381543, -0.005730768427050167, 0.015894639448178656]], "chi2_level": 0.95, "chi2_df": 3, "chi2_threshold": 7.814727903251179, "N_raw": 33, "N_roi": 32, "N_inlier": 30, "refit": true}
{"timestamp": "14:43:26.693141", "frame": 50, "mu": [-2.193800505406581, 3.8726907779284487, 0.7893633935196774], "Sigma": [[0.01113112646826402, 0.0009343508838920948, -0.0020829545188077317], [0.0009343508838920948, 0.0020890055893090878, -0.004784590346937718], [-0.0020829545188077317, -0.004784590346937718, 0.015070703955992104]], "chi2_level": 0.95, "chi2_df": 3, "chi2_threshold": 7.814727903251179, "N_raw": 16, "N_roi": 16, "N_inlier": 15, "refit": true}
{"timestamp": "14:43:26.749708", "frame": 51, "mu": [-2.1689898920052735, 3.874003732875615, 0.9119700747662863], "Sigma": [[0.018434688419517443, 0.0061937734467853965, -0.010002035872742907], [0.0061937734467853965, 0.0029630774952193305, -0.005650924812762185], [-0.010002035872742907, -0.005650924812762185, 0.015385940453728498]], "chi2_level": 0.95, "chi2_df": 3, "chi2_threshold": 7.814727903251179, "N_raw": 27, "N_roi": 27, "N_inlier": 25, "refit": true}
{"timestamp": "14:43:26.805651", "frame": 52, "mu": [-2.288122628321509, 3.7847835637988005, 1.159426724577624], "Sigma": [[0.01642415949236474, 0.008860798887615718, -0.007835038278916092], [0.008860798887615718, 0.00654686011400817, -0.00735923587905841], [-0.007835038278916092, -0.007359235879058411, 0.011537475228336985]], "chi2_level": 0.95, "chi2_df": 3, "chi2_threshold": 7.814727903251179, "N_raw": 33, "N_roi": 30, "N_inlier": 27, "refit": true}
{"timestamp": "14:43:26.911264", "frame": 54, "mu": [-2.245520276839559, 3.7311843063199523, 0.9551387868482807], "Sigma": [[0.005696283061104914, -0.0006379569258676479, -0.003902666652874946], [-0.0006379569258676479, 0.004228351996175406, -0.015951553284042585], [-0.0039026666528749468, -0.01595155328404258, 0.07530691369100055]], "chi2_level": 0.95, "chi2_df": 3, "chi2_threshold": 7.814727903251179, "N_raw": 8, "N_roi": 8, "N_inlier": 7, "refit": true}
{"timestamp": "14:43:26.968988", "frame": 55, "mu": [-2.1640606937981586, 3.7208803841997478, 0.8156449193077053], "Sigma": [[0.008770399648584556, 0.001829499511963176, -0.00620882032871342], [0.0018294995119631761, 0.0025419086647677823, -0.0034864999685833725], [-0.00620882032871342, -0.003486499968583372, 0.009283107423771593]], "chi2_level": 0.95, "chi2_df": 3, "chi2_threshold": 7.814727903251179, "N_raw": 19, "N_roi": 19, "N_inlier": 18, "refit": true}
{"timestamp": "14:43:27.026014", "frame": 56, "mu": [-2.290960823048168, 3.6667742892435444, 1.063156843576647], "Sigma": [[0.01529034466827115, 0.0048695880406524755, -0.014178588175178152], [0.004869588040652476, 0.0031465754389812363, -0.009635367212748162], [-0.014178588175178152, -0.009635367212748162, 0.03649385719358961]], "chi2_level": 0.95, "chi2_df": 3, "chi2_threshold": 7.814727903251179, "N_raw": 39, "N_roi": 35, "N_inlier": 34, "refit": true}
{"timestamp": "14:43:27.080459", "frame": 57, "mu": [-2.1577004289744184, 3.5994766147913837, 0.8878783814996264], "Sigma": [[0.018693909479591236, 0.005805244812871492, -0.011402144347156223], [0.005805244812871492, 0.003914939207017721, -0.005135923152535767], [-0.011402144347156223, -0.005135923152535767, 0.010190931497229027]], "chi2_level": 0.95, "chi2_df": 3, "chi2_threshold": 7.814727903251179, "N_raw": 27, "N_roi": 26, "N_inlier": 25, "refit": true}
{"timestamp": "14:43:27.136239", "frame": 58, "mu": [-2.1943592996551953, 3.601333876632409, 0.9278720696346944], "Sigma": [[0.024982438515483638, 0.0069138412845102335, -0.022724989064569642], [0.0069138412845102335, 0.0036662577931658026, -0.009657229496476101], [-0.022724989064569642, -0.009657229496476101, 0.030768992538303612]], "chi2_level": 0.95, "chi2_df": 3, "chi2_threshold": 7.814727903251179, "N_raw": 41, "N_roi": 41, "N_inlier": 39, "refit": true}
{"timestamp": "14:43:27.300277", "frame": 61, "mu": [-2.157822010163061, 3.4650626451124755, 0.9931912475828517], "Sigma": [[0.015122216871729799, 0.007937987177041101, -0.006688965495666393], [0.007937987177041101, 0.005704421376001249, -0.004441401627571805], [-0.006688965495666393, -0.004441401627571805, 0.00538945940318061]], "chi2_level": 0.95, "chi2_df": 3, "chi2_threshold": 7.814727903251179, "N_raw": 26, "N_roi": 26, "N_inlier": 23, "refit": true}
{"timestamp": "14:43:27.354808", "frame": 62, "mu": [-2.120208489081419, 3.4614432619976605, 0.9343762560651317], "Sigma": [[0.011222868078948588, 0.0039019009428813345, -0.013119267109663418], [0.003901900942881335, 0.0017878347236676294, -0.006014354596069885], [-0.013119267109663418, -0.006014354596069885, 0.028643908028555577]], "chi2_level": 0.95, "chi2_df": 3, "chi2_threshold": 7.814727903251179, "N_raw": 22, "N_roi": 22, "N_inlier": 20, "refit": true}
{"timestamp": "14:43:27.410757", "frame": 63, "mu": [-2.2192189800105586, 3.3954084966260645, 1.045923544896704], "Sigma": [[0.009887313869696527, 0.00393529336520829, -0.010416736799981414], [0.00393529336520829, 0.0032316663746309975, -0.010305694538458338], [-0.010416736799981414, -0.010305694538458338, 0.04185879745594391]], "chi2_level": 0.95, "chi2_df": 3, "chi2_threshold": 7.814727903251179, "N_raw": 29, "N_roi": 28, "N_inlier": 27, "refit": true}
{"timestamp": "14:43:27.466373", "frame": 64, "mu": [-2.260200729994135, 3.379525931139229, 0.8307897846742603], "Sigma": [[0.01676338777636608, 0.0029798118370303714, -0.007934171762738616], [0.0029798118370303714, 0.002613820365283339, -0.005707099608698566], [-0.007934171762738616, -0.005707099608698566, 0.0158338563395423]], "chi2_level": 0.95, "chi2_df": 3, "chi2_threshold": 7.814727903251179, "N_raw": 32, "N_roi": 30, "N_inlier": 28, "refit": true}
{"timestamp": "14:43:27.517300", "frame": 65, "mu": [-2.2232417617095734, 3.3297234433345935, 0.873237150939325], "Sigma": [[0.041831385709612146, 4.184146010025947e-05, -0.0019502819286169293], [4.1841460100259034e-05, 0.0036766090252346242, -0.0017846279206336585], [-0.0019502819286169293, -0.0017846279206336583, 0.0010758117664140562]], "chi2_level": 0.95, "chi2_df": 3, "chi2_threshold": 7.814727903251179, "N_raw": 7, "N_roi": 7, "N_inlier": 7, "refit": true}
{"timestamp": "14:43:27.630753", "frame": 67, "mu": [-2.29702216341, 3.2183626346983623, 1.0673539640502308], "Sigma": [[0.015696328556714136, 0.004015933471726513, -0.0010126034084913867], [0.004015933471726514, 0.0025094991397562705, -0.004827272751430216], [-0.001012603408491387, -0.004827272751430216, 0.018670167251658133]], "chi2_level": 0.95, "chi2_df": 3, "chi2_threshold": 7.814727903251179, "N_raw": 38, "N_roi": 36, "N_inlier": 35, "refit": true}
{"timestamp": "14:43:27.683002", "frame": 68, "mu": [-2.2114539500743566, 3.1971369471980466, 1.061028275821872], "Sigma": [[0.007765595434650102, 0.0005636742426594022, -0.004084345738711057], [0.0005636742426594023, 0.0022490336581005134, -0.00547611276633116], [-0.004084345738711057, -0.00547611276633116, 0.016603847513769372]], "chi2_level": 0.95, "chi2_df": 3, "chi2_threshold": 7.814727903251179, "N_raw": 15, "N_roi": 14, "N_inlier": 13, "refit": true}
{"timestamp": "14:43:27.742668", "frame": 69, "mu": [-2.1525846795443604, 3.2227362410110687, 0.779213144451497], "Sigma": [[0.025004014684671977, 0.004481163590480309, -0.010942536790950062], [0.004481163590480309, 0.003440037167962184, -0.004106259180812719], [-0.010942536790950062, -0.004106259180812719, 0.009709460580604538]], "chi2_level": 0.95, "chi2_df": 3, "chi2_threshold": 7.814727903251179, "N_raw": 43, "N_roi": 43, "N_inlier": 42, "refit": true}
{"timestamp": "14:43:27.848776", "frame": 71, "mu": [-2.2527892171682327, 3.2527112014572745, -0.1611129142153489], "Sigma": [[0.006191755041010951, -0.0012800210970818422, 0.007567771658736424], [-0.0012800210970818422, 0.0033987607797219856, -0.007865751263051897], [0.007567771658736422, -0.007865751263051897, 0.023954328882659]], "chi2_level": 0.95, "chi2_df": 3, "chi2_threshold": 7.814727903251179, "N_raw": 19, "N_roi": 17, "N_inlier": 16, "refit": true}
{"timestamp": "14:43:27.905613", "frame": 72, "mu": [-2.0358614852472874, 3.0865807632519746, 0.9001074741427795], "Sigma": [[0.015110521330821849, 0.004339720598484413, -0.006255806033536774], [0.004339720598484413, 0.002873384121040993, -0.005106920038795416], [-0.006255806033536775, -0.005106920038795416, 0.016413079474213613]], "chi2_level": 0.95, "chi2_df": 3, "chi2_threshold": 7.814727903251179, "N_raw": 36, "N_roi": 35, "N_inlier": 33, "refit": true}
{"timestamp": "14:43:27.956666", "frame": 73, "mu": [-2.1926993075341805, 3.0569004929903296, 0.9128389439672449], "Sigma": [[0.01766314710471026, -0.002151775385221131, 0.015032114199555704], [-0.002151775385221131, 0.003189129118505103, -0.00042216068699343706], [0.015032114199555704, -0.0004221606869934372, 0.015342606198979819]], "chi2_level": 0.95, "chi2_df": 3, "chi2_threshold": 7.814727903251179, "N_raw": 7, "N_roi": 7, "N_inlier": 7, "refit": true}
{"timestamp": "14:43:28.018596", "frame": 74, "mu": [-2.180612462341426, 2.9966654344635186, 1.0712341628360071], "Sigma": [[0.02034793625933135, 0.005602711926624494, -0.00744626462838271], [0.005602711926624494, 0.0034883228176978438, -0.006486559048947481], [-0.00744626462838271, -0.00648655904894748, 0.021759915410055116]], "chi2_level": 0.95, "chi2_df": 3, "chi2_threshold": 7.814727903251179, "N_raw": 48, "N_roi": 48, "N_inlier": 46, "refit": true}
{"timestamp": "14:43:28.069880", "frame": 75, "mu": [-2.116898639820999, 3.008730533424637, 0.9663299152454933], "Sigma": [[0.00754821488537346, 0.00318751506607915, -0.009267598014021572], [0.00318751506607915, 0.002144743924943358, -0.005181726591429757], [-0.009267598014021572, -0.005181726591429757, 0.02158873327822769]], "chi2_level": 0.95, "chi2_df": 3, "chi2_threshold": 7.814727903251179, "N_raw": 20, "N_roi": 20, "N_inlier": 18, "refit": true}
{"timestamp": "14:43:28.123164", "frame": 76, "mu": [-2.299010447686979, 2.8540563268429358, 0.9236835891704798], "Sigma": [[0.007246547287035996, 0.0020110154202551923, -0.0016968324649748142], [0.0020110154202551923, 0.0017867812225772005, -0.0020029993333783636], [-0.0016968324649748142, -0.0020029993333783636, 0.005266709848388442]], "chi2_level": 0.95, "chi2_df": 3, "chi2_threshold": 7.814727903251179, "N_raw": 17, "N_roi": 17, "N_inlier": 16, "refit": true}
{"timestamp": "14:43:28.178617", "frame": 77, "mu": [-2.2207199526983508, 2.847928287503962, 1.191065720368356], "Sigma": [[0.012111337699862888, 0.006370233141709707, -0.00865055456669686], [0.006370233141709707, 0.004151081212603685, -0.006259592733565125], [-0.00865055456669686, -0.006259592733565125, 0.011632920758567923]], "chi2_level": 0.95, "chi2_df": 3, "chi2_threshold": 7.814727903251179, "N_raw": 24, "N_roi": 24, "N_inlier": 22, "refit": true}
{"timestamp": "14:43:28.233808", "frame": 78, "mu": [-2.2035354684578845, 2.8104668700715707, 1.1552976778160986], "Sigma": [[0.005600945872014295, 0.0020691394116003183, -0.004947921828121396], [0.002069139411600319, 0.0025522493463788773, -0.0046845740513061325], [-0.004947921828121396, -0.0046845740513061325, 0.013566592054837524]], "chi2_level": 0.95, "chi2_df": 3, "chi2_threshold": 7.814727903251179, "N_raw": 22, "N_roi": 14, "N_inlier": 12, "refit": true}
{"timestamp": "14:43:28.293227", "frame": 79, "mu": [-2.186781826894133, 2.8009775818218015, 1.0187493152839135], "Sigma": [[0.016248108450308756, 0.005680243814427107, -0.01273988478056249], [0.005680243814427107, 0.006013309984239888, -0.009419679186068435], [-0.01273988478056249, -0.009419679186068435, 0.018697171580423763]], "chi2_level": 0.95, "chi2_df": 3, "chi2_threshold": 7.814727903251179, "N_raw": 48, "N_roi": 48, "N_inlier": 47, "refit": true}
{"timestamp": "14:43:28.403456", "frame": 81, "mu": [-2.129355244114206, 2.7417340468135403, 1.1907863441012845], "Sigma": [[0.018557524086639667, 0.009328552592351132, -0.01813254963935195], [0.009328552592351134, 0.008963634378475537, -0.014751909899258626], [-0.01813254963935195, -0.014751909899258626, 0.02782162209623867]], "chi2_level": 0.95, "chi2_df": 3, "chi2_threshold": 7.814727903251179, "N_raw": 58, "N_roi": 56, "N_inlier": 54, "refit": true}
{"timestamp": "14:43:28.453774", "frame": 82, "mu": [-2.1957855181387083, 2.6705962361284064, 0.9625235022018794], "Sigma": [[0.024764234722106634, 0.007730874198592537, 0.01807457639645205], [0.007730874198592537, 0.0040507992375403735, 0.00018996776844905448], [0.01807457639645205, 0.00018996776844905534, 0.04650983480987344]], "chi2_level": 0.95, "chi2_df": 3, "chi2_threshold": 7.814727903251179, "N_raw": 22, "N_roi": 7, "N_inlier": 7, "refit": true}
{"timestamp": "14:43:28.512608", "frame": 83, "mu": [-2.140731289072253, 2.67047884433224, 1.0080203694492171], "Sigma": [[0.02011156243626559, 0.006711038424422871, -0.009395664093836326], [0.00671103842442287, 0.004887760984168832, -0.006114010324144137], [-0.009395664093836324, -0.006114010324144138, 0.013663526550170545]], "chi2_level": 0.95, "chi2_df": 3, "chi2_threshold": 7.814727903251179, "N_raw": 48, "N_roi": 48, "N_inlier": 46, "refit": true}
{"timestamp": "14:43:28.568505", "frame": 84, "mu": [-2.1535993373189033, 2.645423382180711, 0.9579727982212869], "Sigma": [[0.02123716633421505, 0.007057704183558271, -0.005005470340607872], [0.007057704183558271, 0.0046429839417280174, -0.00550520644773446], [-0.005005470340607872, -0.00550520644773446, 0.010773505242538669]], "chi2_level": 0.95, "chi2_df": 3, "chi2_threshold": 7.814727903251179, "N_raw": 51, "N_roi": 51, "N_inlier": 48, "refit": true}
{"timestamp": "14:43:28.618500", "frame": 85, "mu": [-2.1872281633065342, 2.503874014040372, 1.3214117092488047], "Sigma": [[0.00887526959099018, 0.00426825309011666, -0.007000223763124705], [0.00426825309011666, 0.003723745480327811, -0.005596366519887909], [-0.007000223763124705, -0.00559636651988791, 0.018126424978259215]], "chi2_level": 0.95, "chi2_df": 3, "chi2_threshold": 7.814727903251179, "N_raw": 23, "N_roi": 21, "N_inlier": 20, "refit": true}
{"timestamp": "14:43:28.674792", "frame": 86, "mu": [-2.039757134460222, 2.5938816615853506, 0.9387824373092017], "Sigma": [[0.007949387147209268, 0.00288373067382181, -0.008937736791122872], [0.00288373067382181, 0.002705038912434671, -0.006250255689588531], [-0.00893773679112287, -0.006250255689588531, 0.020790768309837643]], "chi2_level": 0.95, "chi2_df": 3, "chi2_threshold": 7.814727903251179, "N_raw": 26, "N_roi": 26, "N_inlier": 25, "refit": true}
{"timestamp": "14:43:28.731021", "frame": 87, "mu": [-2.079389408720139, 2.538711939371222, 1.03587211562805], "Sigma": [[0.013878176293506355, 0.004558730962860295, -0.013609991277631274], [0.004558730962860295, 0.0030303517895721695, -0.00721044317092571], [-0.013609991277631274, -0.00721044317092571, 0.020779484428024728]], "chi2_level": 0.95, "chi2_df": 3, "chi2_threshold": 7.814727903251179, "N_raw": 36, "N_roi": 36, "N_inlier": 34, "refit": true}
{"timestamp": "14:43:28.787399", "frame": 88, "mu": [-2.133202033422417, 2.4547207639369457, 1.0219883494798117], "Sigma": [[0.014365129924394628, 0.006965272400896054, -0.003350361539471725], [0.006965272400896054, 0.003808502435384476, -0.000811445038609722], [-0.0033503615394717247, -0.000811445038609722, 0.04202720973722089]], "chi2_level": 0.95, "chi2_df": 3, "chi2_threshold": 7.814727903251179, "N_raw": 40, "N_roi": 40, "N_inlier": 38, "refit": true}
{"timestamp": "14:43:28.840091", "frame": 89, "mu": [-2.016648630678253, 2.4670088712148575, 0.8622120768253041], "Sigma": [[0.012994586475322275, 0.004859075683341848, -0.011125259109139647], [0.004859075683341848, 0.002211465342854437, -0.004894515811422341], [-0.011125259109139647, -0.004894515811422341, 0.016376126916445195]], "chi2_level": 0.95, "chi2_df": 3, "chi2_threshold": 7.814727903251179, "N_raw": 26, "N_roi": 26, "N_inlier": 24, "refit": true}
{"timestamp": "14:43:28.894591", "frame": 90, "mu": [-2.155428895256269, 2.3521472787558384, 1.036157283058154], "Sigma": [[0.009682218744491732, 0.002929014098243807, -0.003695512685302004], [0.002929014098243807, 0.001970652144799332, -0.002933793975124629], [-0.003695512685302004, -0.002933793975124629, 0.0071139064537387685]], "chi2_level": 0.95, "chi2_df": 3, "chi2_threshold": 7.814727903251179, "N_raw": 28, "N_roi": 26, "N_inlier": 24, "refit": true}
{"timestamp": "14:43:28.949011", "frame": 91, "mu": [-2.0584104183281835, 2.3754542429893926, 1.1456017617975314], "Sigma": [[0.006012101720962262, 0.0023741448160992523, 0.0049315818207495464], [0.0023741448160992523, 0.0020299714699250583, 0.001071015325161054], [0.0049315818207495464, 0.0010710153251610535, 0.045507878547854784]], "chi2_level": 0.95, "chi2_df": 3, "chi2_threshold": 7.814727903251179, "N_raw": 18, "N_roi": 14, "N_inlier": 13, "refit": true}
{"timestamp": "14:43:29.008627", "frame": 92, "mu": [-2.2355849399448067, 2.268607984302941, 0.9096210008211733], "Sigma": [[0.007916116081788258, 0.003876634028871398, 0.002638823463919581], [0.0038766340288713982, 0.0022213823007393905, 0.00019930573208203653], [0.0026388234639195813, 0.00019930573208203675, 0.03256841515897828]], "chi2_level": 0.95, "chi2_df": 3, "chi2_threshold": 7.814727903251179, "N_raw": 53, "N_roi": 30, "N_inlier": 29, "refit": true}
{"timestamp": "14:43:29.065978", "frame": 93, "mu": [-2.1088527373207104, 2.2996141861220054, 0.9457553438584776], "Sigma": [[0.02439907211160097, 0.00872634922278344, 0.0021983389327924928], [0.00872634922278344, 0.0041134040558781235, 0.0019591413947758927], [0.0021983389327924928, 0.0019591413947758927, 0.03479650231314041]], "chi2_level": 0.95, "chi2_df": 3, "chi2_threshold": 7.814727903251179, "N_raw": 71, "N_roi": 56, "N_inlier": 53, "refit": true}
{"timestamp": "14:43:29.120188", "frame": 94, "mu": [-2.044305010495034, 2.2872887011201257, 0.9898443957555578], "Sigma": [[0.024280470257978734, 0.009963155668742438, 0.008401336934667948], [0.009963155668742438, 0.006542878598146513, 0.008012424873120955], [0.00840133693466795, 0.008012424873120955, 0.049424656877848736]], "chi2_level": 0.95, "chi2_df": 3, "chi2_threshold": 7.814727903251179, "N_raw": 66, "N_roi": 59, "N_inlier": 58, "refit": true}
{"timestamp": "14:43:29.232793", "frame": 96, "mu": [-2.1431615815260714, 2.138324905273559, 1.133792030411194], "Sigma": [[0.03569694083489861, 0.01968560640913, -0.019408754761766882], [0.019685606409130002, 0.01797324727118236, -0.025058834326796196], [-0.019408754761766882, -0.025058834326796196, 0.07424924415372425]], "chi2_level": 0.95, "chi2_df": 3, "chi2_threshold": 7.814727903251179, "N_raw": 85, "N_roi": 67, "N_inlier": 66, "refit": true}
{"timestamp": "14:43:29.284796", "frame": 97, "mu": [-2.0885668422423436, 2.070713731130664, 0.7952056360147148], "Sigma": [[0.02383183840968387, 4.1790842661270776e-05, -0.004697015058385337], [4.179084266127094e-05, 0.005588656214712785, -0.004069228682116991], [-0.004697015058385337, -0.004069228682116991, 0.011673955056193154]], "chi2_level": 0.95, "chi2_df": 3, "chi2_threshold": 7.814727903251179, "N_raw": 59, "N_roi": 59, "N_inlier": 55, "refit": true}
{"timestamp": "14:43:29.340898", "frame": 98, "mu": [-2.1211542259166443, 2.0606806950681595, 1.3436043238704283], "Sigma": [[0.04024565777361249, 0.02098866763375474, -0.04308934281477987], [0.020988667633754746, 0.015682836225312934, -0.024686039121807328], [-0.04308934281477988, -0.024686039121807328, 0.04912617646612335]], "chi2_level": 0.95, "chi2_df": 3, "chi2_threshold": 7.814727903251179, "N_raw": 75, "N_roi": 67, "N_inlier": 63, "refit": true}
{"timestamp": "14:43:29.394210", "frame": 99, "mu": [-2.182037393059174, 1.9523623050029681, 1.1409191490256685], "Sigma": [[0.03139126909893834, 0.021388070123376984, -0.02257538274100125], [0.021388070123376984, 0.01639791970707632, -0.01787659317652176], [-0.02257538274100125, -0.01787659317652176, 0.02422721935577222]], "chi2_level": 0.95, "chi2_df": 3, "chi2_threshold": 7.814727903251179, "N_raw": 59, "N_roi": 53, "N_inlier": 48, "refit": true}
{"timestamp": "14:43:29.507853", "frame": 100, "mu": [-2.1569795065585153, 1.8812190917433969, 1.1977696798839603], "Sigma": [[0.027756750982957695, 0.018558750710099915, -0.025215554777667567], [0.018558750710099915, 0.014632589970504926, -0.018052799392351708], [-0.025215554777667567, -0.018052799392351708, 0.026121883745252886]], "chi2_level": 0.95, "chi2_df": 3, "chi2_threshold": 7.814727903251179, "N_raw": 35, "N_roi": 35, "N_inlier": 32, "refit": true}
{"timestamp": "14:43:29.530046", "frame": 101, "mu": [-2.1367431090497826, 1.8881831349483695, 1.14475949482318], "Sigma": [[0.03653074483086733, 0.023685033267856405, -0.026208313482821897], [0.023685033267856405, 0.018386709710779835, -0.020599865732967692], [-0.026208313482821897, -0.020599865732967695, 0.0350358088496641]], "chi2_level": 0.95, "chi2_df": 3, "chi2_threshold": 7.814727903251179, "N_raw": 12, "N_roi": 12, "N_inlier": 11, "refit": true}
{"timestamp": "14:43:29.560497", "frame": 102, "mu": [-2.191913197476083, 1.827572373325514, 1.1493712993720653], "Sigma": [[0.01806653452084235, 0.01296708069319525, -0.012527525027940951], [0.01296708069319525, 0.01123377235081621, -0.012191857599821016], [-0.012527525027940951, -0.012191857599821016, 0.01588004694895547]], "chi2_level": 0.95, "chi2_df": 3, "chi2_threshold": 7.814727903251179, "N_raw": 41, "N_roi": 41, "N_inlier": 39, "refit": true}
{"timestamp": "14:43:29.611003", "frame": 103, "mu": [-2.1852838970046307, 1.7842052263761272, 1.1931859342263984], "Sigma": [[0.01325090675016011, 0.007792196424638707, -0.012597978900891994], [0.007792196424638707, 0.008331979414096623, -0.013760932565517246], [-0.012597978900891994, -0.013760932565517248, 0.03727352597714449]], "chi2_level": 0.95, "chi2_df": 3, "chi2_threshold": 7.814727903251179, "N_raw": 33, "N_roi": 33, "N_inlier": 32, "refit": true}
{"timestamp": "14:43:29.668053", "frame": 104, "mu": [-2.212384407505264, 1.7217734253755363, 1.2969016194970722], "Sigma": [[0.014816166290930898, 0.008583436769400425, -0.009643734785636996], [0.008583436769400425, 0.010590597159261554, -0.009684358844638141], [-0.009643734785636996, -0.009684358844638141, 0.013909300812627359]], "chi2_level": 0.95, "chi2_df": 3, "chi2_threshold": 7.814727903251179, "N_raw": 48, "N_roi": 48, "N_inlier": 46, "refit": true}
{"timestamp": "14:43:29.725649", "frame": 105, "mu": [-2.262839052668218, 1.6427803926589795, 1.1524014545419012], "Sigma": [[0.013778420711173174, 0.010830676632837648, -0.013874020657142732], [0.01083067663283765, 0.012524477454565816, -0.021589252176826397], [-0.013874020657142733, -0.021589252176826397, 0.08947895432081628]], "chi2_level": 0.95, "chi2_df": 3, "chi2_threshold": 7.814727903251179, "N_raw": 72, "N_roi": 71, "N_inlier": 68, "refit": true}
{"timestamp": "14:43:29.781504", "frame": 106, "mu": [-2.1849972892102487, 1.614307394630691, 0.8927078826370183], "Sigma": [[0.02050194778552443, 0.014833099667872607, -0.007567802343022031], [0.014833099667872603, 0.012849935466255773, -0.008804748757382845], [-0.007567802343022031, -0.008804748757382845, 0.019698154267294675]], "chi2_level": 0.95, "chi2_df": 3, "chi2_threshold": 7.814727903251179, "N_raw": 64, "N_roi": 64, "N_inlier": 60, "refit": true}
{"timestamp": "14:43:29.836233", "frame": 107, "mu": [-2.138419083966394, 1.849363281235277, -0.3240728718814653], "Sigma": [[0.01848229382416028, 0.008873955450267475, 0.035798216383399736], [0.008873955450267475, 0.015499816595676478, -0.01895542452062489], [0.035798216383399736, -0.01895542452062489, 0.2416502305599749]], "chi2_level": 0.95, "chi2_df": 3, "chi2_threshold": 7.814727903251179, "N_raw": 79, "N_roi": 79, "N_inlier": 77, "refit": true}
{"timestamp": "14:43:29.894641", "frame": 108, "mu": [-2.082946879432939, 1.6516013642431315, 1.0913890339351235], "Sigma": [[0.018958604651682014, 0.013721177024745953, -0.015702867358240263], [0.013721177024745953, 0.012783841633045375, -0.012346645772577011], [-0.015702867358240263, -0.012346645772577013, 0.0740620771610169]], "chi2_level": 0.95, "chi2_df": 3, "chi2_threshold": 7.814727903251179, "N_raw": 86, "N_roi": 86, "N_inlier": 83, "refit": true}
{"timestamp": "14:43:29.944689", "frame": 109, "mu": [-2.1628975570106386, 1.5498160748089145, 1.1093912635014274], "Sigma": [[0.012755420010407819, 0.007765275535418389, 0.004344306552280845], [0.007765275535418389, 0.007610404136937042, -0.0023764114818464804], [0.004344306552280845, -0.0023764114818464795, 0.06735042850904124]], "chi2_level": 0.95, "chi2_df": 3, "chi2_threshold": 7.814727903251179, "N_raw": 52, "N_roi": 52, "N_inlier": 52, "refit": true}
{"timestamp": "14:43:30.000049", "frame": 110, "mu": [-2.1360816261061313, 1.5040703648598013, 1.094380448099885], "Sigma": [[0.012760883713648571, 0.008413990924450006, -0.0006420851858500211], [0.008413990924450006, 0.010372232453421348, -0.008073361623107502], [-0.000642085185850021, -0.008073361623107502, 0.01749335695778066]], "chi2_level": 0.95, "chi2_df": 3, "chi2_threshold": 7.814727903251179, "N_raw": 59, "N_roi": 59, "N_inlier": 58, "refit": true}
{"timestamp": "14:43:30.049712", "frame": 111, "mu": [-2.1204245137876483, 1.4533838925026832, 0.8716951986318489], "Sigma": [[0.02634726834744156, 0.014074949906940833, -0.011702714720199443], [0.014074949906940831, 0.009881433572394167, -0.009248323812470134], [-0.011702714720199443, -0.009248323812470132, 0.013244357539711357]], "chi2_level": 0.95, "chi2_df": 3, "chi2_threshold": 7.814727903251179, "N_raw": 20, "N_roi": 20, "N_inlier": 20, "refit": true}
{"timestamp": "14:43:30.104409", "frame": 112, "mu": [-2.0631193929549614, 1.4245107198428224, 1.1546761680614899], "Sigma": [[0.012550131420619228, 0.009543527489277715, 0.0020203837041985776], [0.009543527489277715, 0.01473344362573305, -0.012531831276334556], [0.002020383704198576, -0.012531831276334556, 0.03668482500540563]], "chi2_level": 0.95, "chi2_df": 3, "chi2_threshold": 7.814727903251179, "N_raw": 28, "N_roi": 28, "N_inlier": 28, "refit": true}
{"timestamp": "14:43:30.162089", "frame": 113, "mu": [-2.0802029534268303, 1.382446464201235, 1.055842683960678], "Sigma": [[0.01271913343579287, 0.00954359857209997, 0.0016307727015747464], [0.00954359857209997, 0.01014105278270109, -0.0005298975852411226], [0.0016307727015747464, -0.000529897585241123, 0.046584754630174696]], "chi2_level": 0.95, "chi2_df": 3, "chi2_threshold": 7.814727903251179, "N_raw": 46, "N_roi": 46, "N_inlier": 46, "refit": true}
