{"timestamp": "19:54:23.928713", "frame": 10, "mu": [-1.4342343333028236, 4.951326124617907, 0.664330259609775], "Sigma": [[0.020241611854771593, 0.0020925156302711427, -0.004407031200275241], [0.0020925156302711427, 0.0005525601188722829, -0.001027905687147551], [-0.00440703120027524, -0.001027905687147551, 0.0073921614594255215]], "chi2_level": 0.997, "chi2_df": 3, "chi2_threshold": 13.931422665512084, "N_raw": 40, "N_roi": 16, "N_inlier": 16, "refit": true}
{"timestamp": "19:54:23.984318", "frame": 11, "mu": [-1.3942085699795843, 4.920353578282883, 0.4690000192278668], "Sigma": [[0.04526263746943357, -0.0011530604974688465, -0.042911604358947336], [-0.001153060497468846, 0.0015184966586385938, 0.0005461958254363762], [-0.04291160435894734, 0.0005461958254363761, 0.04319903412477756]], "chi2_level": 0.997, "chi2_df": 3, "chi2_threshold": 13.931422665512084, "N_raw": 45, "N_roi": 32, "N_inlier": 32, "refit": true}
{"timestamp": "19:54:24.039817", "frame": 12, "mu": [-1.38755133622468, 4.934733613334303, 0.5331236688607295], "Sigma": [[0.02483026129787552, 0.0018679134625631728, -0.014292938842690908], [0.001867913462563173, 0.0013317615532660615, -0.0013676226922093439], [-0.014292938842690908, -0.0013676226922093443, 0.009788613857729675]], "chi2_level": 0.997, "chi2_df": 3, "chi2_threshold": 13.931422665512084, "N_raw": 28, "N_roi": 21, "N_inlier": 21, "refit": true}
{"timestamp": "19:54:24.098136", "frame": 13, "mu": [-1.383523130414194, 4.886822473646179, 0.5486968234382075], "Sigma": [[0.032702307459266514, 0.003633073291046767, -0.014288172549629623], [0.003633073291046767, 0.003718608907686798, -0.004008741868502234], [-0.014288172549629623, -0.004008741868502234, 0.010602126664633496]], "chi2_level": 0.997, "chi2_df": 3, "chi2_threshold": 13.931422665512084, "N_raw": 50, "N_roi": 47, "N_inlier": 47, "refit": true}
{"timestamp": "19:54:24.153172", "frame": 14, "mu": [-1.3224190401260159, 4.810751144197013, 0.49010609220048246], "Sigma": [[0.029697803011987767, 0.00393626855412897, -0.010916310686518105], [0.00393626855412897, 0.0021395976312471475, -0.004892315951021366], [-0.010916310686518107, -0.004892315951021366, 0.031103553908810234]], "chi2_level": 0.997, "chi2_df": 3, "chi2_threshold": 13.931422665512084, "N_raw": 52, "N_roi": 49, "N_inlier": 49, "refit": true}
{"timestamp": "19:54:24.205966", "frame": 15, "mu": [-1.3470373145604002, 4.760849363197894, 0.4845150801676235], "Sigma": [[0.02672134030257849, 0.0019351230555064462, -0.016753564182562207], [0.0019351230555064464, 0.0010318412946581483, -0.003987767597226487], [-0.016753564182562207, -0.003987767597226487, 0.029869777214784315]], "chi2_level": 0.997, "chi2_df": 3, "chi2_threshold": 13.931422665512084, "N_raw": 39, "N_roi": 38, "N_inlier": 38, "refit": true}
{"timestamp": "19:54:24.257453", "frame": 16, "mu": [-1.3201537662506602, 4.701533052765143, 0.42996773668953586], "Sigma": [[0.014194205302223423, -0.0022144876174245605, -0.009678818589690233], [-0.00221448761742456, 0.002127754198808462, 0.002026157832729771], [-0.009678818589690233, 0.002026157832729771, 0.007934583586991657]], "chi2_level": 0.997, "chi2_df": 3, "chi2_threshold": 13.931422665512084, "N_raw": 14, "N_roi": 11, "N_inlier": 11, "refit": true}
{"timestamp": "19:54:24.372393", "frame": 18, "mu": [-1.3236390570478065, 4.704516448913275, -0.7160271394473042], "Sigma": [[0.030755169062845304, 0.017814445386331753, 0.08261661690304382], [0.017814445386331753, 0.01770985225660615, 0.06386580879474497], [0.08261661690304381, 0.06386580879474497, 0.326599123167899]], "chi2_level": 0.997, "chi2_df": 3, "chi2_threshold": 13.931422665512084, "N_raw": 47, "N_roi": 47, "N_inlier": 47, "refit": true}
{"timestamp": "19:54:24.425279", "frame": 19, "mu": [-1.2759032561040042, 4.566589672865225, 0.6646998918429619], "Sigma": [[0.028946547653657402, 0.005032990537035297, -0.012332194838034062], [0.005032990537035297, 0.0017467392807653935, -0.004854808595332161], [-0.012332194838034063, -0.00485480859533216, 0.027362017810740522]], "chi2_level": 0.997, "chi2_df": 3, "chi2_threshold": 13.931422665512084, "N_raw": 40, "N_roi": 40, "N_inlier": 40, "refit": true}
{"timestamp": "19:54:24.478525", "frame": 20, "mu": [-1.2729494970614275, 4.513014203371861, 0.6490436408865798], "Sigma": [[0.0276052715746984, 0.00018680744122557595, 0.0005622070293705658], [0.000186807441225576, 0.0008169450354622571, -0.0011131868371080235], [0.0005622070293705649, -0.0011131868371080235, 0.007402834216680987]], "chi2_level": 0.997, "chi2_df": 3, "chi2_threshold": 13.931422665512084, "N_raw": 15, "N_roi": 15, "N_inlier": 15, "refit": true}
{"timestamp": "19:54:24.534422", "frame": 21, "mu": [-1.4241388857805868, 4.428307364530994, 0.5589358647592245], "Sigma": [[0.01894998930039425, 0.002168098125676486, -0.0037962935031219318], [0.002168098125676486, 0.0014019901739763863, -0.0027344283245811733], [-0.0037962935031219313, -0.0027344283245811724, 0.01029055600477904]], "chi2_level": 0.997, "chi2_df": 3, "chi2_threshold": 13.931422665512084, "N_raw": 31, "N_roi": 31, "N_inlier": 31, "refit": true}
{"timestamp": "19:54:24.588751", "frame": 22, "mu": [-1.2932231107948082, 4.370866245665768, 0.5830023130640265], "Sigma": [[0.019546319952609206, 0.0013945190457996517, -0.014880902259726016], [0.0013945190457996515, 0.0006982601780208506, -0.002590643901387756], [-0.014880902259726016, -0.002590643901387756, 0.020803147488470015]], "chi2_level": 0.997, "chi2_df": 3, "chi2_threshold": 13.931422665512084, "N_raw": 25, "N_roi": 25, "N_inlier": 25, "refit": true}
{"timestamp": "19:54:24.648140", "frame": 23, "mu": [-1.3388497697345496, 4.145366570175401, 0.09159905215472991], "Sigma": [[0.03676069489092178, -0.009007812184966695, -0.03989273817073648], [-0.009007812184966693, 0.006934413463902291, 0.025343522370702563], [-0.03989273817073648, 0.025343522370702563, 0.11944623685663036]], "chi2_level": 0.997, "chi2_df": 3, "chi2_threshold": 13.931422665512084, "N_raw": 56, "N_roi": 56, "N_inlier": 56, "refit": true}
{"timestamp": "19:54:24.706197", "frame": 24, "mu": [-1.3402373673660513, 4.157417710136252, 0.387957232598084], "Sigma": [[0.04076530634441924, 0.0024481693132208065, -0.012583950552145081], [0.0024481693132208065, 0.0029263869517090904, 0.013261629165379514], [-0.01258395055214508, 0.013261629165379514, 0.10976902930754887]], "chi2_level": 0.997, "chi2_df": 3, "chi2_threshold": 13.931422665512084, "N_raw": 75, "N_roi": 73, "N_inlier": 72, "refit": true}
{"timestamp": "19:54:24.756967", "frame": 25, "mu": [-1.3591840273570805, 4.086438407090933, 0.42375498872375705], "Sigma": [[0.02263740278239565, 0.0025894196580955675, -0.009203039335870938], [0.0025894196580955675, 0.000716909802894595, -0.0024612933712726374], [-0.009203039335870938, -0.0024612933712726374, 0.031764182780258714]], "chi2_level": 0.997, "chi2_df": 3, "chi2_threshold": 13.931422665512084, "N_raw": 45, "N_roi": 45, "N_inlier": 45, "refit": true}
{"timestamp": "19:54:24.863810", "frame": 27, "mu": [-1.4144836483830399, 4.184407338989693, -0.13858073508412502], "Sigma": [[0.010917185558765141, 0.0033752414816925038, -0.006393176588039508], [0.0033752414816925038, 0.004483036950608663, -0.006017068131579642], [-0.006393176588039509, -0.006017068131579642, 0.011131700784286021]], "chi2_level": 0.997, "chi2_df": 3, "chi2_threshold": 13.931422665512084, "N_raw": 30, "N_roi": 29, "N_inlier": 28, "refit": true}
{"timestamp": "19:54:24.922665", "frame": 28, "mu": [-1.2849417637030953, 3.9159791841593674, 0.49206939987941645], "Sigma": [[0.02189007730578972, 0.00039438779984622224, -0.00977494631280267], [0.0003943877998462224, 0.0009565537399554971, -0.001988549323737455], [-0.009774946312802669, -0.0019885493237374553, 0.026067289362077455]], "chi2_level": 0.997, "chi2_df": 3, "chi2_threshold": 13.931422665512084, "N_raw": 44, "N_roi": 44, "N_inlier": 44, "refit": true}
{"timestamp": "19:54:24.977810", "frame": 29, "mu": [-1.3390096425670814, 3.8780041917049775, 0.6629035292560886], "Sigma": [[0.02444098657468475, -0.0041747067759230145, -0.03321298222320036], [-0.004174706775923014, 0.0026006361416399913, 0.0015003708594445988], [-0.03321298222320036, 0.0015003708594445984, 0.06422871907601997]], "chi2_level": 0.997, "chi2_df": 3, "chi2_threshold": 13.931422665512084, "N_raw": 52, "N_roi": 52, "N_inlier": 52, "refit": true}
{"timestamp": "19:54:25.030618", "frame": 30, "mu": [-1.4354409569391953, 3.7840116346456574, 0.5628859414230565], "Sigma": [[0.02387921775409665, -0.0029310238089423337, -0.025648995419897673], [-0.0029310238089423337, 0.0027085896599303716, 0.0019091443438021614], [-0.02564899541989767, 0.0019091443438021616, 0.0328547611551024]], "chi2_level": 0.997, "chi2_df": 3, "chi2_threshold": 13.931422665512084, "N_raw": 36, "N_roi": 36, "N_inlier": 36, "refit": true}
{"timestamp": "19:54:25.083622", "frame": 31, "mu": [-1.3456086039150559, 3.6992646468710335, 0.5086690989240404], "Sigma": [[0.01830166900664165, 0.00020312492871212744, -0.011177599196196014], [0.000203124928712127, 0.0023409720382593564, -0.0008351735614943341], [-0.011177599196196014, -0.0008351735614943341, 0.008096811005767571]], "chi2_level": 0.997, "chi2_df": 3, "chi2_threshold": 13.931422665512084, "N_raw": 24, "N_roi": 24, "N_inlier": 24, "refit": true}
{"timestamp": "19:54:25.139911", "frame": 32, "mu": [-1.3839363539612568, 3.598709767423291, 0.4326930555795363], "Sigma": [[0.020793198390273625, 0.0011845935276594789, -0.011496813257420748], [0.0011845935276594789, 0.002356161754584221, -0.0022362872934357696], [-0.01149681325742075, -0.0022362872934357696, 0.009531930569071246]], "chi2_level": 0.997, "chi2_df": 3, "chi2_threshold": 13.931422665512084, "N_raw": 34, "N_roi": 34, "N_inlier": 34, "refit": true}
{"timestamp": "19:54:25.200198", "frame": 33, "mu": [-1.423872904920537, 3.812214111762541, -0.4326132583238635], "Sigma": [[0.02955035226519332, 0.005902216949512195, -0.02844273438149292], [0.005902216949512195, 0.007322448255072179, -0.015873157183747592], [-0.02844273438149292, -0.015873157183747592, 0.04747649787742748]], "chi2_level": 0.997, "chi2_df": 3, "chi2_threshold": 13.931422665512084, "N_raw": 64, "N_roi": 64, "N_inlier": 64, "refit": true}
{"timestamp": "19:54:25.253413", "frame": 34, "mu": [-1.3575552089996652, 3.4286706622570806, 0.4451847824200351], "Sigma": [[0.01929353189736458, -0.004518289735482118, -0.02541678899412848], [-0.004518289735482118, 0.0019213788315391312, 0.0032191576736832128], [-0.02541678899412848, 0.0032191576736832123, 0.05541334497259165]], "chi2_level": 0.997, "chi2_df": 3, "chi2_threshold": 13.931422665512084, "N_raw": 51, "N_roi": 48, "N_inlier": 48, "refit": true}
{"timestamp": "19:54:25.309455", "frame": 35, "mu": [-1.4446988066064461, 3.3951052943216524, 0.5211931824600143], "Sigma": [[0.023413715557662328, -0.00498438207813666, -0.011322271312123513], [-0.00498438207813666, 0.005752150533978269, 0.0011837333334383496], [-0.011322271312123513, 0.0011837333334383496, 0.017526334391331295]], "chi2_level": 0.997, "chi2_df": 3, "chi2_threshold": 13.931422665512084, "N_raw": 55, "N_roi": 55, "N_inlier": 55, "refit": true}
{"timestamp": "19:54:25.365898", "frame": 36, "mu": [-1.482916554574808, 3.578570188684456, -0.4381136189806036], "Sigma": [[0.031784662957174754, 0.0020667623534525153, -0.005202609187371001], [0.0020667623534525153, 0.005555542122240213, -0.00712275048321934], [-0.005202609187371001, -0.007122750483219338, 0.016613575720976406]], "chi2_level": 0.997, "chi2_df": 3, "chi2_threshold": 13.931422665512084, "N_raw": 66, "N_roi": 66, "N_inlier": 65, "refit": true}
{"timestamp": "19:54:25.416325", "frame": 37, "mu": [-1.2908331939272613, 3.242508311655757, 0.5473760836021895], "Sigma": [[0.01696527293233222, 0.00012847827607482797, -0.014688948741079344], [0.000128478276074828, 0.0015149812620816419, -0.0021117343860048397], [-0.014688948741079344, -0.0021117343860048397, 0.018563548769096987]], "chi2_level": 0.997, "chi2_df": 3, "chi2_threshold": 13.931422665512084, "N_raw": 36, "N_roi": 36, "N_inlier": 36, "refit": true}
{"timestamp": "19:54:25.469629", "frame": 38, "mu": [-1.3961515420461688, 3.1843224874674343, 0.8327980106313672], "Sigma": [[0.010929632740438951, 0.0014975470379037566, -0.008112699417294058], [0.0014975470379037566, 0.0018288306965907456, -0.004284648003470446], [-0.008112699417294058, -0.004284648003470446, 0.01641149634163991]], "chi2_level": 0.997, "chi2_df": 3, "chi2_threshold": 13.931422665512084, "N_raw": 32, "N_roi": 32, "N_inlier": 31, "refit": true}
{"timestamp": "19:54:25.530074", "frame": 39, "mu": [-1.43693591465869, 3.103491748573697, 0.553666648902366], "Sigma": [[0.02148727244615907, -0.00030372777620318235, -0.010877529429245036], [-0.00030372777620318246, 0.0006487663970954005, -0.00019843893522372667], [-0.010877529429245036, -0.0001984389352237267, 0.05130738416262831]], "chi2_level": 0.997, "chi2_df": 3, "chi2_threshold": 13.931422665512084, "N_raw": 66, "N_roi": 66, "N_inlier": 66, "refit": true}
{"timestamp": "19:54:25.581149", "frame": 40, "mu": [-1.356718052369544, 3.040947718251234, 0.7936785003784144], "Sigma": [[0.011101279264764253, -0.0009294436932797223, -0.011084459200349507], [-0.0009294436932797223, 0.0011366095415948024, -0.0019362180055192933], [-0.011084459200349507, -0.0019362180055192933, 0.023442569660141847]], "chi2_level": 0.997, "chi2_df": 3, "chi2_threshold": 13.931422665512084, "N_raw": 37, "N_roi": 35, "N_inlier": 34, "refit": true}
{"timestamp": "19:54:25.638449", "frame": 41, "mu": [-1.4079008427247202, 2.997443468880362, 0.737082001926159], "Sigma": [[0.03241491424080588, -0.005947901722050546, -0.014359519445009426], [-0.005947901722050546, 0.0020245448677945945, 0.0012406511684050349], [-0.014359519445009426, 0.0012406511684050349, 0.016604451003890918]], "chi2_level": 0.997, "chi2_df": 3, "chi2_threshold": 13.931422665512084, "N_raw": 51, "N_roi": 46, "N_inlier": 46, "refit": true}
{"timestamp": "19:54:25.700718", "frame": 42, "mu": [-1.4657143939419368, 2.913241746320704, 0.6585715438147605], "Sigma": [[0.04192501059732157, 0.0016772146818459822, 0.0011316396995733771], [0.001677214681845982, 0.001854979680805876, -0.003815150893728001], [0.0011316396995733778, -0.003815150893728001, 0.021400823848409765]], "chi2_level": 0.997, "chi2_df": 3, "chi2_threshold": 13.931422665512084, "N_raw": 96, "N_roi": 93, "N_inlier": 93, "refit": true}
{"timestamp": "19:54:25.745639", "frame": 43, "mu": [-1.3205728680023934, 2.771366669343088, 0.6692344704074343], "Sigma": [[0.015245982239143504, -0.003502115719090023, -0.008309998231531272], [-0.003502115719090023, 0.0025359672579706918, 0.00048133288993041105], [-0.008309998231531274, 0.0004813328899304112, 0.014134614267247067]], "chi2_level": 0.997, "chi2_df": 3, "chi2_threshold": 13.931422665512084, "N_raw": 29, "N_roi": 29, "N_inlier": 29, "refit": true}
{"timestamp": "19:54:25.805091", "frame": 44, "mu": [-1.5021317941324468, 2.732823352295117, 0.5445037241564796], "Sigma": [[0.025208868677685424, 0.0030097094940009636, 0.007008775653120023], [0.0030097094940009644, 0.0033067233161528284, -0.003355657504865408], [0.0070087756531200225, -0.003355657504865408, 0.04232758399482431]], "chi2_level": 0.997, "chi2_df": 3, "chi2_threshold": 13.931422665512084, "N_raw": 65, "N_roi": 65, "N_inlier": 64, "refit": true}
{"timestamp": "19:54:25.856885", "frame": 45, "mu": [-1.4560258357335094, 2.724483589567707, 0.8321217811457352], "Sigma": [[0.01954069355670079, 0.0016310900655001433, -0.004298351238632824], [0.0016310900655001435, 0.0014007302563527246, -0.000889884372608713], [-0.0042983512386328224, -0.000889884372608713, 0.020799025961698706]], "chi2_level": 0.997, "chi2_df": 3, "chi2_threshold": 13.931422665512084, "N_raw": 45, "N_roi": 45, "N_inlier": 45, "refit": true}
{"timestamp": "19:54:25.908871", "frame": 46, "mu": [-1.4417365702985636, 2.6329456637694864, 0.9434885140577657], "Sigma": [[0.008476480701916993, 0.0005302938990636101, -0.009554957393991412], [0.0005302938990636101, 0.0011749266210838195, -0.0017593208251622638], [-0.009554957393991412, -0.0017593208251622636, 0.01572133069418731]], "chi2_level": 0.997, "chi2_df": 3, "chi2_threshold": 13.931422665512084, "N_raw": 24, "N_roi": 24, "N_inlier": 23, "refit": true}
{"timestamp": "19:54:25.966705", "frame": 47, "mu": [-1.5040119778380225, 2.544450492226177, 0.8166798339488333], "Sigma": [[0.0110855795388136, 0.0009705621549233192, -0.004722095183342762], [0.0009705621549233193, 0.0008754722030281801, -0.0033025138030268143], [-0.004722095183342762, -0.003302513803026814, 0.018220281556713278]], "chi2_level": 0.997, "chi2_df": 3, "chi2_threshold": 13.931422665512084, "N_raw": 43, "N_roi": 43, "N_inlier": 43, "refit": true}
{"timestamp": "19:54:26.026055", "frame": 48, "mu": [-1.5090865285173871, 2.514274130785778, 0.8819288980417703], "Sigma": [[0.025283676037149906, 8.19326015898637e-05, -0.01228669863210411], [8.193260158986348e-05, 0.0016377664136442954, -0.003042357301790628], [-0.01228669863210411, -0.003042357301790628, 0.016226276020049543]], "chi2_level": 0.997, "chi2_df": 3, "chi2_threshold": 13.931422665512084, "N_raw": 62, "N_roi": 62, "N_inlier": 59, "refit": true}
{"timestamp": "19:54:26.081384", "frame": 49, "mu": [-1.5538344632892391, 2.432062324331714, 0.914570320810963], "Sigma": [[0.017061777049221856, 0.0036062931219639554, -0.008358594084827073], [0.0036062931219639554, 0.0018506465550512474, -0.0059343419057101875], [-0.008358594084827071, -0.005934341905710188, 0.04428319016865216]], "chi2_level": 0.997, "chi2_df": 3, "chi2_threshold": 13.931422665512084, "N_raw": 68, "N_roi": 68, "N_inlier": 67, "refit": true}
{"timestamp": "19:54:26.129774", "frame": 50, "mu": [-1.4719479880413466, 2.4026159341908326, 0.7887807330595142], "Sigma": [[0.030336122442816086, 0.00561069507460175, -0.01172763435942004], [0.005610695074601751, 0.0017475167816775373, -0.0031108715688823027], [-0.01172763435942004, -0.0031108715688823027, 0.01986674983047271]], "chi2_level": 0.997, "chi2_df": 3, "chi2_threshold": 13.931422665512084, "N_raw": 31, "N_roi": 31, "N_inlier": 30, "refit": true}
{"timestamp": "19:54:26.190132", "frame": 51, "mu": [-1.4750701474388634, 2.5355683375106386, -0.5209474102343408], "Sigma": [[0.0129194374902894, 0.005470404450705366, -0.012801063486106374], [0.005470404450705367, 0.008117876875780394, -0.012676113657963197], [-0.012801063486106374, -0.012676113657963197, 0.02564173868598197]], "chi2_level": 0.997, "chi2_df": 3, "chi2_threshold": 13.931422665512084, "N_raw": 62, "N_roi": 62, "N_inlier": 60, "refit": true}
{"timestamp": "19:54:26.239681", "frame": 52, "mu": [-1.705720103447191, 2.123708201180587, 0.9049077001612882], "Sigma": [[0.1295033761225625, 0.07278815036436065, -0.05359608279185546], [0.07278815036436065, 0.04450202353556233, -0.03509302599271617], [-0.05359608279185546, -0.03509302599271617, 0.05948107674869256]], "chi2_level": 0.997, "chi2_df": 3, "chi2_threshold": 13.931422665512084, "N_raw": 21, "N_roi": 20, "N_inlier": 19, "refit": true}
{"timestamp": "19:54:26.294209", "frame": 53, "mu": [-1.9550262339149076, 1.9070671221418727, 1.1677880214475314], "Sigma": [[0.14422738411486527, 0.08536100166780451, -0.03988229769819971], [0.08536100166780451, 0.054930237961439234, -0.027789220595859948], [-0.03988229769819971, -0.027789220595859948, 0.017946555071245505]], "chi2_level": 0.997, "chi2_df": 3, "chi2_threshold": 13.931422665512084, "N_raw": 27, "N_roi": 27, "N_inlier": 26, "refit": true}
{"timestamp": "19:54:26.355073", "frame": 54, "mu": [-1.6193739893937709, 1.9808243668986623, 0.9169804392564539], "Sigma": [[0.05996668380216701, 0.019444159296974274, -0.04557813073292616], [0.019444159296974274, 0.009496945311754025, -0.01820229400782321], [-0.04557813073292616, -0.01820229400782321, 0.06619673336067008]], "chi2_level": 0.997, "chi2_df": 3, "chi2_threshold": 13.931422665512084, "N_raw": 62, "N_roi": 62, "N_inlier": 60, "refit": true}
{"timestamp": "19:54:26.402817", "frame": 55, "mu": [-1.9321636311762869, 1.7784349078540225, 1.236264098814654], "Sigma": [[0.09436616230211045, 0.05808748286765232, -0.05573879255674128], [0.05808748286765232, 0.03989235994330062, -0.04171200245041244], [-0.05573879255674128, -0.04171200245041244, 0.054476722276997826]], "chi2_level": 0.997, "chi2_df": 3, "chi2_threshold": 13.931422665512084, "N_raw": 19, "N_roi": 19, "N_inlier": 19, "refit": true}
{"timestamp": "19:54:26.464124", "frame": 56, "mu": [-1.749267895952357, 1.8041602106788521, 1.1106081010043711], "Sigma": [[0.06099303508900944, 0.031400692678466256, -0.04675556884828656], [0.031400692678466256, 0.019197149525482765, -0.029791875831403452], [-0.046755568848286556, -0.02979187583140345, 0.053750446291640594]], "chi2_level": 0.997, "chi2_df": 3, "chi2_threshold": 13.931422665512084, "N_raw": 68, "N_roi": 68, "N_inlier": 67, "refit": true}
{"timestamp": "19:54:26.520244", "frame": 57, "mu": [-1.7759458396146384, 1.728736314501011, 1.1036446889681117], "Sigma": [[0.05451901758142173, 0.02884296317677456, -0.03124184027273302], [0.02884296317677456, 0.018390286878037888, -0.02242242728116916], [-0.03124184027273302, -0.02242242728116916, 0.0343088727436334]], "chi2_level": 0.997, "chi2_df": 3, "chi2_threshold": 13.931422665512084, "N_raw": 65, "N_roi": 65, "N_inlier": 65, "refit": true}
{"timestamp": "19:54:26.575027", "frame": 58, "mu": [-1.696993012730059, 1.680554592954673, 1.1217965740708007], "Sigma": [[0.04947958350560258, 0.02613230511230858, -0.03425900303734139], [0.02613230511230858, 0.015888459378059452, -0.02194043755089573], [-0.03425900303734139, -0.021940437550895725, 0.04136739461422897]], "chi2_level": 0.997, "chi2_df": 3, "chi2_threshold": 13.931422665512084, "N_raw": 68, "N_roi": 68, "N_inlier": 67, "refit": true}
{"timestamp": "19:54:26.626404", "frame": 59, "mu": [-1.7974082397999187, 1.6574431002610184, -0.2948876535375861], "Sigma": [[0.06467058592862214, 0.0492716792026367, -0.0315633960535242], [0.0492716792026367, 0.04779573093429389, -0.03983671874598868], [-0.0315633960535242, -0.039836718745988674, 0.04412894574424078]], "chi2_level": 0.997, "chi2_df": 3, "chi2_threshold": 13.931422665512084, "N_raw": 46, "N_roi": 46, "N_inlier": 45, "refit": true}
{"timestamp": "19:54:26.679798", "frame": 60, "mu": [-1.5818032400467834, 1.5899915792956145, 1.1707492814546578], "Sigma": [[0.0230136946737166, 0.014508513808147088, -0.023992080458001087], [0.014508513808147088, 0.013343869571979614, -0.018449229781243512], [-0.023992080458001087, -0.018449229781243512, 0.029407194918012032]], "chi2_level": 0.997, "chi2_df": 3, "chi2_threshold": 13.931422665512084, "N_raw": 30, "N_roi": 30, "N_inlier": 29, "refit": true}
{"timestamp": "19:54:26.739125", "frame": 61, "mu": [-1.6656071142239826, 1.445351248717562, 1.25562191243421], "Sigma": [[0.028721115088995042, 0.017559290728486242, -0.025106341493939855], [0.017559290728486242, 0.015796341407107558, -0.018037820814192324], [-0.025106341493939855, -0.018037820814192324, 0.024163845185334903]], "chi2_level": 0.997, "chi2_df": 3, "chi2_threshold": 13.931422665512084, "N_raw": 63, "N_roi": 63, "N_inlier": 62, "refit": true}
{"timestamp": "19:54:26.790449", "frame": 62, "mu": [-1.620047993198045, 1.4188280410344722, 1.2267096105555855], "Sigma": [[0.03681012318700648, 0.01824860031511843, -0.041053864756099206], [0.018248600315118428, 0.013672460119801314, -0.022291934507998424], [-0.041053864756099206, -0.022291934507998424, 0.048190577461712195]], "chi2_level": 0.997, "chi2_df": 3, "chi2_threshold": 13.931422665512084, "N_raw": 40, "N_roi": 40, "N_inlier": 39, "refit": true}
{"timestamp": "19:54:26.852995", "frame": 63, "mu": [-1.6834839139318643, 1.4358836075733925, -0.21913396393568682], "Sigma": [[0.01882363489936157, 0.004488203051024791, 0.052119131374762255], [0.004488203051024791, 0.007948698432513663, -0.021638406232445673], [0.052119131374762255, -0.021638406232445673, 0.371031820862389]], "chi2_level": 0.997, "chi2_df": 3, "chi2_threshold": 13.931422665512084, "N_raw": 88, "N_roi": 88, "N_inlier": 87, "refit": true}
{"timestamp": "19:54:26.907124", "frame": 64, "mu": [-1.7156792654878528, 1.2266300403868953, 1.204098919054095], "Sigma": [[0.01863217406710432, 0.011665245829168665, -0.014824581454028256], [0.011665245829168665, 0.012112944782130873, -0.014069458116043362], [-0.014824581454028256, -0.014069458116043362, 0.03329279396105443]], "chi2_level": 0.997, "chi2_df": 3, "chi2_threshold": 13.931422665512084, "N_raw": 81, "N_roi": 81, "N_inlier": 79, "refit": true}
{"timestamp": "19:54:26.957509", "frame": 65, "mu": [-1.7053613265445235, 1.1281276594448417, -0.7060746602246596], "Sigma": [[0.00804140956658301, 0.006824721023455301, -0.0014659643244485084], [0.0068247210234553025, 0.012301229813446564, -0.0038763745585787377], [-0.0014659643244485081, -0.0038763745585787372, 0.010957033173164354]], "chi2_level": 0.997, "chi2_df": 3, "chi2_threshold": 13.931422665512084, "N_raw": 46, "N_roi": 46, "N_inlier": 45, "refit": true}
{"timestamp": "19:54:27.014722", "frame": 66, "mu": [-1.7534805811896286, 0.9736238636539739, 1.2403225919779712], "Sigma": [[0.008503083837959337, 0.005840774526317746, -0.0018661780495139875], [0.005840774526317746, 0.0093047643454715, -0.008096818330835646], [-0.0018661780495139875, -0.008096818330835646, 0.015250314756923908]], "chi2_level": 0.997, "chi2_df": 3, "chi2_threshold": 13.931422665512084, "N_raw": 61, "N_roi": 61, "N_inlier": 61, "refit": true}
{"timestamp": "19:54:27.069530", "frame": 67, "mu": [-1.7229172329595686, 0.9741063134282277, 1.233068639211755], "Sigma": [[0.007069950778834645, 0.004759281121354864, -0.000616558885427234], [0.004759281121354864, 0.007909533493351021, -0.005263173011035219], [-0.0006165588854272342, -0.005263173011035219, 0.018769751582367978]], "chi2_level": 0.997, "chi2_df": 3, "chi2_threshold": 13.931422665512084, "N_raw": 59, "N_roi": 59, "N_inlier": 59, "refit": true}
{"timestamp": "19:54:27.125006", "frame": 68, "mu": [-1.7153814770749478, 0.9196190765815222, 1.27166999894061], "Sigma": [[0.01043425965675258, 0.005041660644966592, -0.003085861098632164], [0.005041660644966592, 0.010540644120167983, -0.007150258472981078], [-0.0030858610986321646, -0.007150258472981078, 0.008732549328362406]], "chi2_level": 0.997, "chi2_df": 3, "chi2_threshold": 13.931422665512084, "N_raw": 66, "N_roi": 66, "N_inlier": 64, "refit": true}
{"timestamp": "19:54:27.180910", "frame": 69, "mu": [-1.74299422350136, 0.9909388571296216, -0.6519097155802098], "Sigma": [[0.008378337719413233, 0.007548389169799514, 0.005408374618863664], [0.007548389169799514, 0.011579527401777751, -0.0031933460646779476], [0.005408374618863664, -0.003193346064677949, 0.022895883355549485]], "chi2_level": 0.997, "chi2_df": 3, "chi2_threshold": 13.931422665512084, "N_raw": 66, "N_roi": 66, "N_inlier": 65, "refit": true}
{"timestamp": "19:54:27.231739", "frame": 70, "mu": [-1.753308162290576, 0.8545636699848203, 1.18965263779575], "Sigma": [[0.008536985585124052, 0.007692832280607318, 0.00041990921338782585], [0.007692832280607319, 0.011287623576560142, 0.0009786825031354155], [0.00041990921338782607, 0.000978682503135416, 0.010898577186691986]], "chi2_level": 0.997, "chi2_df": 3, "chi2_threshold": 13.931422665512084, "N_raw": 43, "N_roi": 43, "N_inlier": 43, "refit": true}
{"timestamp": "19:54:27.286705", "frame": 71, "mu": [-1.6658269882691534, 0.9015283691309223, -0.4900433689553661], "Sigma": [[0.004762287484562206, 0.002863889315277583, -0.0005550896545944698], [0.0028638893152775824, 0.01312986879169338, -0.004028994716142987], [-0.0005550896545944699, -0.004028994716142987, 0.005712673664103927]], "chi2_level": 0.997, "chi2_df": 3, "chi2_threshold": 13.931422665512084, "N_raw": 43, "N_roi": 43, "N_inlier": 41, "refit": true}
{"timestamp": "19:54:27.339316", "frame": 72, "mu": [-1.6743150427217806, 0.7059248524963415, 1.160763039880405], "Sigma": [[0.0041001848245656855, 0.0028828666970748917, 0.004153342886003174], [0.0028828666970748917, 0.013236751535669817, 0.020239127735226275], [0.004153342886003174, 0.020239127735226275, 0.07093127434046181]], "chi2_level": 0.997, "chi2_df": 3, "chi2_threshold": 13.931422665512084, "N_raw": 33, "N_roi": 33, "N_inlier": 32, "refit": true}
{"timestamp": "19:54:27.397305", "frame": 73, "mu": [-1.632033600215521, 0.5808142651233074, 1.140478217590038], "Sigma": [[0.005331945400793954, 0.00595440743146997, 0.0019555108069969625], [0.00595440743146997, 0.014669537144030818, 0.006804257992586013], [0.0019555108069969625, 0.006804257992586014, 0.015408072193659876]], "chi2_level": 0.997, "chi2_df": 3, "chi2_threshold": 13.931422665512084, "N_raw": 45, "N_roi": 45, "N_inlier": 41, "refit": true}
{"timestamp": "19:54:27.456418", "frame": 74, "mu": [-0.6167238096438727, 0.4254221840486139, 1.0697212049649807], "Sigma": [[2.3214824166420858, -0.05372000977377337, -0.06877199824019374], [-0.05372000977377338, 0.01439503213035549, 0.011706896187299164], [-0.06877199824019374, 0.011706896187299164, 0.029291545519554242]], "chi2_level": 0.997, "chi2_df": 3, "chi2_threshold": 13.931422665512084, "N_raw": 45, "N_roi": 45, "N_inlier": 45, "refit": true}
{"timestamp": "19:54:27.506808", "frame": 75, "mu": [-1.3113451407659364, 0.45817473137237674, 1.1925483355015774], "Sigma": [[0.8267561720787714, -0.020913191443845715, 0.037583843607261636], [-0.020913191443845715, 0.005730079668257416, -0.0035695612666440417], [0.037583843607261636, -0.0035695612666440425, 0.010401521902081575]], "chi2_level": 0.997, "chi2_df": 3, "chi2_threshold": 13.931422665512084, "N_raw": 46, "N_roi": 46, "N_inlier": 46, "refit": true}
{"timestamp": "19:54:27.563839", "frame": 76, "mu": [-0.39680191329698933, 0.40194214368469217, 1.0902855024390248], "Sigma": [[2.3085592708657567, 0.032195365457640054, -0.020814627433527792], [0.032195365457640054, 0.008818834241456684, 0.0015027307366060657], [-0.020814627433527792, 0.001502730736606066, 0.01614265200985992]], "chi2_level": 0.997, "chi2_df": 3, "chi2_threshold": 13.931422665512084, "N_raw": 57, "N_roi": 57, "N_inlier": 57, "refit": true}
{"timestamp": "19:54:27.618758", "frame": 77, "mu": [0.013189100443624188, 0.37556980882415, 1.0930769530959146], "Sigma": [[2.42759902641781, 0.042964703484806584, -0.0001679900852781524], [0.04296470348480659, 0.008289302429963145, 0.00029082397124435854], [-0.0001679900852781524, 0.00029082397124435854, 0.014979704759725883]], "chi2_level": 0.997, "chi2_df": 3, "chi2_threshold": 13.931422665512084, "N_raw": 59, "N_roi": 59, "N_inlier": 59, "refit": true}
{"timestamp": "19:54:27.670525", "frame": 78, "mu": [-0.23619199229258978, 0.35689077756685, 1.1096868455018631], "Sigma": [[2.1555327438858045, 0.054672719653340016, 0.021410827933111106], [0.05467271965334, 0.009138134665888765, -0.0008190608942604944], [0.0214108279331111, -0.0008190608942604944, 0.0024220637161669178]], "chi2_level": 0.997, "chi2_df": 3, "chi2_threshold": 13.931422665512084, "N_raw": 39, "N_roi": 39, "N_inlier": 39, "refit": true}
{"timestamp": "19:54:27.725180", "frame": 79, "mu": [0.4452475535644693, 0.33350334416694594, 1.0655319436531305], "Sigma": [[1.7984112983771283, 0.06128923705193204, -0.021161702762578265], [0.061289237051932025, 0.010064375057018685, -0.00022336521579555937], [-0.021161702762578272, -0.0002233652157955596, 0.004807400889707135]], "chi2_level": 0.997, "chi2_df": 3, "chi2_threshold": 13.931422665512084, "N_raw": 32, "N_roi": 32, "N_inlier": 30, "refit": true}
{"timestamp": "19:54:27.777504", "frame": 80, "mu": [0.7136306065639876, 0.33801664336078874, 1.063415521012911], "Sigma": [[1.5070279096804937, 0.06792438150373256, 0.006699331697488958], [0.06792438150373258, 0.014147785779217579, -0.0010761876078266284], [0.006699331697488958, -0.0010761876078266286, 0.0008937548719580845]], "chi2_level": 0.997, "chi2_df": 3, "chi2_threshold": 13.931422665512084, "N_raw": 17, "N_roi": 17, "N_inlier": 16, "refit": true}
