{"timestamp": "19:33:10.581670", "frame": 26, "mu": [-0.6628739095411238, 0.35868435354507233, 1.239374198361643], "Sigma": [[1.725935922887807, -0.03804048836564517, 0.01557355469168284], [-0.03804048836564517, 0.0034607293940948705, -0.0015777813696551998], [0.01557355469168284, -0.0015777813696551998, 0.0010677368421681997]], "chi2_level": 0.997, "chi2_df": 3, "chi2_threshold": 13.931422665512084, "N_raw": 11, "N_roi": 11, "N_inlier": 11, "refit": true}
{"timestamp": "19:33:10.636947", "frame": 27, "mu": [0.10814689583005613, 0.5215449960965182, -0.5831935540187276], "Sigma": [[2.0671696111961513, 0.006980532866755486, 0.011496811652210667], [0.006980532866755485, 0.0025202320672524777, 0.00025690989053916497], [0.011496811652210667, 0.0002569098905391649, 0.000744117490586727]], "chi2_level": 0.997, "chi2_df": 3, "chi2_threshold": 13.931422665512084, "N_raw": 17, "N_roi": 17, "N_inlier": 17, "refit": true}
{"timestamp": "19:33:10.802232", "frame": 30, "mu": [1.0490449222853937, 0.3865425378092505, 1.048559723792537], "Sigma": [[0.5879197315261253, 0.03499450940366061, -0.07027719439550702], [0.03499450940366061, 0.01941784602941268, 0.004870570695726235], [-0.07027719439550703, 0.004870570695726235, 0.20430971019822755]], "chi2_level": 0.997, "chi2_df": 3, "chi2_threshold": 13.931422665512084, "N_raw": 12, "N_roi": 12, "N_inlier": 12, "refit": true}
{"timestamp": "19:33:10.858295", "frame": 31, "mu": [1.216422576290374, 0.40908377416126035, 1.280690962167778], "Sigma": [[0.0027112197112266726, -0.001945877865496947, -0.004422342320474438], [-0.001945877865496947, 0.0037397414652967807, 0.008997476686226932], [-0.004422342320474438, 0.008997476686226932, 0.1296981173716754]], "chi2_level": 0.997, "chi2_df": 3, "chi2_threshold": 13.931422665512084, "N_raw": 16, "N_roi": 16, "N_inlier": 16, "refit": true}
{"timestamp": "19:33:10.911332", "frame": 32, "mu": [0.6530799313934987, 0.44679699437035303, 1.3066065674792882], "Sigma": [[0.8906791979095123, 0.07780982295868547, 0.06237506944149885], [0.07780982295868547, 0.008481848851424337, 0.003635378020206927], [0.062375069441498836, 0.0036353780202069263, 0.057565479837922984]], "chi2_level": 0.997, "chi2_df": 3, "chi2_threshold": 13.931422665512084, "N_raw": 11, "N_roi": 10, "N_inlier": 10, "refit": true}
{"timestamp": "19:33:11.080392", "frame": 35, "mu": [1.0070973001451473, 0.5811945959651073, -0.4320461964663746], "Sigma": [[0.004587379875139116, 2.2191522579895987e-05, -0.0030415567470188053], [2.2191522579895987e-05, 0.004352697494714937, -0.002000021201266221], [-0.0030415567470188053, -0.0020000212012662214, 0.00505441973841164]], "chi2_level": 0.997, "chi2_df": 3, "chi2_threshold": 13.931422665512084, "N_raw": 38, "N_roi": 38, "N_inlier": 36, "refit": true}
{"timestamp": "19:33:11.133764", "frame": 36, "mu": [0.9426904497237923, 0.4647525795834004, 1.5139905128378812], "Sigma": [[0.0025486126607992643, -0.0006068495036513023, -0.0006772926979511918], [-0.0006068495036513021, 0.0014225075409383784, -0.0007042472030185272], [-0.0006772926979511918, -0.0007042472030185272, 0.0010537531187221696]], "chi2_level": 0.997, "chi2_df": 3, "chi2_threshold": 13.931422665512084, "N_raw": 23, "N_roi": 23, "N_inlier": 21, "refit": true}
{"timestamp": "19:33:11.190552", "frame": 37, "mu": [0.8505051764820415, 0.552436090385941, 1.488593308274227], "Sigma": [[0.0039767068998310985, -0.0019433696973815394, -0.001703703927298223], [-0.0019433696973815394, 0.003685310646646802, -0.0009586389978506874], [-0.001703703927298223, -0.0009586389978506874, 0.0027046935970740094]], "chi2_level": 0.997, "chi2_df": 3, "chi2_threshold": 13.931422665512084, "N_raw": 38, "N_roi": 38, "N_inlier": 36, "refit": true}
{"timestamp": "19:33:11.244333", "frame": 38, "mu": [0.8020574607983708, 0.5264613368824406, 1.1543794424534497], "Sigma": [[0.0028250334822346344, -0.0021523764875939913, -0.020347850892940063], [-0.0021523764875939918, 0.0032993021515034322, 0.02312008373045538], [-0.020347850892940066, 0.02312008373045538, 0.21293655342039727]], "chi2_level": 0.997, "chi2_df": 3, "chi2_threshold": 13.931422665512084, "N_raw": 11, "N_roi": 11, "N_inlier": 11, "refit": true}
{"timestamp": "19:33:11.302333", "frame": 39, "mu": [0.7520724135061905, 0.568589968193946, 1.3937700327571227], "Sigma": [[0.003751470174642762, -0.000674428412742453, -0.005393239540692131], [-0.000674428412742453, 0.0009117748334700105, 4.021011646808929e-05], [-0.005393239540692131, 4.021011646808929e-05, 0.01446183792584895]], "chi2_level": 0.997, "chi2_df": 3, "chi2_threshold": 13.931422665512084, "N_raw": 45, "N_roi": 45, "N_inlier": 43, "refit": true}
{"timestamp": "19:33:11.355995", "frame": 40, "mu": [0.713931935396961, 0.5935155189594565, -0.5595861882075169], "Sigma": [[0.0027002013834733617, -1.9505936403360353e-05, -0.0037129143729711864], [-1.95059364033603e-05, 0.004461320929252534, 0.008448794595426166], [-0.0037129143729711864, 0.008448794595426166, 0.02476556252837958]], "chi2_level": 0.997, "chi2_df": 3, "chi2_threshold": 13.931422665512084, "N_raw": 31, "N_roi": 31, "N_inlier": 30, "refit": true}
{"timestamp": "19:33:11.411332", "frame": 41, "mu": [0.6987233543487429, 0.6987950732056166, -0.428792672444293], "Sigma": [[0.002660952983896426, 0.0001824136010185041, -0.0023142198261992607], [0.00018241360101850415, 0.0009007084734910032, -0.001081372293530175], [-0.002314219826199261, -0.001081372293530175, 0.0035322186200438064]], "chi2_level": 0.997, "chi2_df": 3, "chi2_threshold": 13.931422665512084, "N_raw": 30, "N_roi": 30, "N_inlier": 29, "refit": true}
{"timestamp": "19:33:11.467105", "frame": 42, "mu": [0.608152731963153, 0.5712869215984848, 1.4434912291405826], "Sigma": [[0.0019162078195980323, -0.00028614992984685915, -0.0031311129194992312], [-0.0002861499298468591, 0.002092083213533083, -0.0009616560187847335], [-0.0031311129194992317, -0.0009616560187847335, 0.00907227003528075]], "chi2_level": 0.997, "chi2_df": 3, "chi2_threshold": 13.931422665512084, "N_raw": 39, "N_roi": 39, "N_inlier": 35, "refit": true}
{"timestamp": "19:33:11.519264", "frame": 43, "mu": [0.5372990970941043, 0.5142918587918734, 1.1858435447799205], "Sigma": [[0.0052814500248022315, 0.003845076429140215, 0.02462335521210271], [0.003845076429140215, 0.005543286909532759, 0.03317365574269639], [0.02462335521210271, 0.03317365574269639, 0.32993737099441006]], "chi2_level": 0.997, "chi2_df": 3, "chi2_threshold": 13.931422665512084, "N_raw": 18, "N_roi": 18, "N_inlier": 18, "refit": true}
{"timestamp": "19:33:11.583513", "frame": 44, "mu": [0.5295014216953482, 0.5263951028736654, 1.3181659307326365], "Sigma": [[0.003495241619676074, -0.0010545500689372032, -0.003128457473857086], [-0.0010545500689372034, 0.0007323243146142513, 0.0012747655492486984], [-0.003128457473857086, 0.0012747655492486981, 0.01256447094588501]], "chi2_level": 0.997, "chi2_df": 3, "chi2_threshold": 13.931422665512084, "N_raw": 63, "N_roi": 63, "N_inlier": 59, "refit": true}
{"timestamp": "19:33:11.630703", "frame": 45, "mu": [0.43692920970338256, 0.5678624394154259, 1.13301876211935], "Sigma": [[0.004692451074386375, -0.0041286843347025075, -0.0033909588355410833], [-0.0041286843347025075, 0.007984704954505846, 0.003733595556481441], [-0.003390958835541084, 0.003733595556481439, 0.2639608802464974]], "chi2_level": 0.997, "chi2_df": 3, "chi2_threshold": 13.931422665512084, "N_raw": 24, "N_roi": 24, "N_inlier": 23, "refit": true}
{"timestamp": "19:33:11.687234", "frame": 46, "mu": [0.36275104858120377, 0.5797236516680403, 1.4363067214502545], "Sigma": [[0.0010745953827494379, -0.00010308195902475621, -0.0009706493460233899], [-0.00010308195902475621, 0.000941130764898471, -0.0018299246094154666], [-0.0009706493460233901, -0.0018299246094154666, 0.01124449631257758]], "chi2_level": 0.997, "chi2_df": 3, "chi2_threshold": 13.931422665512084, "N_raw": 31, "N_roi": 31, "N_inlier": 29, "refit": true}
{"timestamp": "19:33:11.746332", "frame": 47, "mu": [0.31916001650631887, 0.5891250941775876, 1.4232426832106309], "Sigma": [[0.0019178172006969983, 0.00016428691174732134, -0.0025642067644574334], [0.0001642869117473213, 0.0016756261153898265, -0.0019811775349089333], [-0.0025642067644574334, -0.0019811775349089333, 0.006900613290367428]], "chi2_level": 0.997, "chi2_df": 3, "chi2_threshold": 13.931422665512084, "N_raw": 65, "N_roi": 65, "N_inlier": 63, "refit": true}
{"timestamp": "19:33:11.800332", "frame": 48, "mu": [0.24892109656547218, 0.5363368044501045, -0.6269467529094688], "Sigma": [[0.0012336642478117303, 0.0010834917285461655, 0.0030616755014094385], [0.0010834917285461657, 0.008993055623466683, 0.017987527657138156], [0.003061675501409438, 0.017987527657138156, 0.05549220151186095]], "chi2_level": 0.997, "chi2_df": 3, "chi2_threshold": 13.931422665512084, "N_raw": 61, "N_roi": 61, "N_inlier": 58, "refit": true}
{"timestamp": "19:33:11.854948", "frame": 49, "mu": [0.18115436415049718, 0.6121466855370534, 1.440573943506338], "Sigma": [[0.0010777639675547438, -0.00014898894640618282, -0.000574527942056282], [-0.00014898894640618285, 0.0015169903400681986, -0.00035101310076334386], [-0.000574527942056282, -0.00035101310076334397, 0.008315792154747668]], "chi2_level": 0.997, "chi2_df": 3, "chi2_threshold": 13.931422665512084, "N_raw": 55, "N_roi": 55, "N_inlier": 52, "refit": true}
{"timestamp": "19:33:11.915354", "frame": 50, "mu": [0.1145589413868931, 0.6300532447793178, 1.3842140884570158], "Sigma": [[0.0019092056350012688, -0.00101791705139857, 0.0013167160876432435], [-0.00101791705139857, 0.002457281034663871, -0.004352356712891062], [0.0013167160876432437, -0.004352356712891062, 0.013428208634399325]], "chi2_level": 0.997, "chi2_df": 3, "chi2_threshold": 13.931422665512084, "N_raw": 97, "N_roi": 97, "N_inlier": 96, "refit": true}
{"timestamp": "19:33:11.967446", "frame": 51, "mu": [0.057120585916299184, 0.6099020488337491, 1.3908959227844109], "Sigma": [[0.0015084187328986028, -0.0007955610896664521, -0.0001616055160944542], [-0.0007955610896664521, 0.0013772369902539058, -0.0021535164339842898], [-0.0001616055160944542, -0.0021535164339842898, 0.007180703741629875]], "chi2_level": 0.997, "chi2_df": 3, "chi2_threshold": 13.931422665512084, "N_raw": 63, "N_roi": 63, "N_inlier": 62, "refit": true}
{"timestamp": "19:33:12.024634", "frame": 52, "mu": [-0.03438686031741105, 0.6163963376857369, 1.4617858232629928], "Sigma": [[0.0016469727448987623, -0.0003758758763122471, -1.2308794794018947e-05], [-0.0003758758763122471, 0.0015188399516001528, -0.0022508536916563313], [-1.2308794794018947e-05, -0.0022508536916563313, 0.00853948973536513]], "chi2_level": 0.997, "chi2_df": 3, "chi2_threshold": 13.931422665512084, "N_raw": 86, "N_roi": 86, "N_inlier": 82, "refit": true}
{"timestamp": "19:33:12.082269", "frame": 53, "mu": [-0.0797004718966303, 0.5459293917240808, 1.3548150812915545], "Sigma": [[0.001945499987670318, -0.0013983968537850553, -0.002577363097511199], [-0.0013983968537850551, 0.004996190078755078, 0.0026831779530891104], [-0.002577363097511199, 0.0026831779530891104, 0.01688605253737788]], "chi2_level": 0.997, "chi2_df": 3, "chi2_threshold": 13.931422665512084, "N_raw": 98, "N_roi": 98, "N_inlier": 92, "refit": true}
{"timestamp": "19:33:12.138813", "frame": 54, "mu": [-0.10369753966717835, 0.6089431215749093, 1.340499228224389], "Sigma": [[0.0027021399090391123, -0.0005735484611130738, -0.003109166639812921], [-0.0005735484611130738, 0.0023965177483854716, -0.0032680043639345293], [-0.003109166639812921, -0.003268004363934529, 0.011712544110895418]], "chi2_level": 0.997, "chi2_df": 3, "chi2_threshold": 13.931422665512084, "N_raw": 109, "N_roi": 109, "N_inlier": 104, "refit": true}
{"timestamp": "19:33:12.183666", "frame": 55, "mu": [-0.18281796589096924, 0.604512041609484, 1.3191666023695092], "Sigma": [[0.0013562429383844868, 0.0006312351447055918, -0.002844316700883719], [0.0006312351447055916, 0.0021984647108846747, -0.004003095064040825], [-0.0028443167008837195, -0.004003095064040824, 0.011097167931852286]], "chi2_level": 0.997, "chi2_df": 3, "chi2_threshold": 13.931422665512084, "N_raw": 38, "N_roi": 36, "N_inlier": 34, "refit": true}
{"timestamp": "19:33:12.243798", "frame": 56, "mu": [-0.26347415834678656, 0.7401199781936628, -0.2091152716541253], "Sigma": [[0.004253511454849283, -0.0032674778575470928, 0.017901360371813727], [-0.003267477857547092, 0.005159773143663269, -0.029995417487559968], [0.017901360371813727, -0.029995417487559968, 0.29166609113183956]], "chi2_level": 0.997, "chi2_df": 3, "chi2_threshold": 13.931422665512084, "N_raw": 80, "N_roi": 77, "N_inlier": 77, "refit": true}
{"timestamp": "19:33:12.297247", "frame": 57, "mu": [-0.34636189491139713, 0.6306802357902737, 1.3691422852937105], "Sigma": [[0.0022138300372734543, -0.0021679818647932893, -0.0015701829087982641], [-0.0021679818647932893, 0.0029293299637501518, 0.000979375089227593], [-0.0015701829087982643, 0.000979375089227593, 0.009537863315706276]], "chi2_level": 0.997, "chi2_df": 3, "chi2_threshold": 13.931422665512084, "N_raw": 66, "N_roi": 66, "N_inlier": 64, "refit": true}
{"timestamp": "19:33:12.350693", "frame": 58, "mu": [-0.3521568188977059, 0.7715778981199014, -0.5015397859816748], "Sigma": [[0.025339070029033496, 0.008915440805917486, -0.017796323568596856], [0.008915440805917486, 0.005956771804494881, -0.008353176991072617], [-0.017796323568596856, -0.008353176991072617, 0.015206553241740563]], "chi2_level": 0.997, "chi2_df": 3, "chi2_threshold": 13.931422665512084, "N_raw": 58, "N_roi": 55, "N_inlier": 52, "refit": true}
{"timestamp": "19:33:12.459843", "frame": 60, "mu": [-0.47926108040825655, 0.686957696766255, -0.5649050386416901], "Sigma": [[0.014669040121949894, 0.007387908331036403, -0.011660523237410918], [0.007387908331036403, 0.009706223655270055, -0.003741206383149609], [-0.011660523237410916, -0.0037412063831496092, 0.024922531157271173]], "chi2_level": 0.997, "chi2_df": 3, "chi2_threshold": 13.931422665512084, "N_raw": 62, "N_roi": 62, "N_inlier": 61, "refit": true}
{"timestamp": "19:33:12.512014", "frame": 61, "mu": [-0.5875834669549456, 0.6788652321773763, -0.501283287451667], "Sigma": [[0.04554920171755846, 0.013145857381993156, -0.03134579833938959], [0.013145857381993156, 0.005155034380608903, -0.009981163921503486], [-0.031345798339389594, -0.009981163921503486, 0.023282426850132456]], "chi2_level": 0.997, "chi2_df": 3, "chi2_threshold": 13.931422665512084, "N_raw": 30, "N_roi": 30, "N_inlier": 28, "refit": true}
{"timestamp": "19:33:12.566612", "frame": 62, "mu": [-0.5179086890167266, 0.630409162723512, 1.3017204064948438], "Sigma": [[0.0013756940588707574, -0.00044421961331973266, -0.0002334663717286692], [-0.0004442196133197327, 0.0017988607603783493, -0.0014715713703769859], [-0.0002334663717286692, -0.0014715713703769859, 0.0017547085567595057]], "chi2_level": 0.997, "chi2_df": 3, "chi2_threshold": 13.931422665512084, "N_raw": 34, "N_roi": 34, "N_inlier": 33, "refit": true}
{"timestamp": "19:33:12.675223", "frame": 64, "mu": [-0.9010334103726607, 0.5152123332726659, 1.5010638673833994], "Sigma": [[0.018213973049242143, 0.0037969033613587336, -0.012821308141331752], [0.0037969033613587336, 0.002317425376313886, -0.00513845039746081], [-0.012821308141331752, -0.00513845039746081, 0.01482439091602466]], "chi2_level": 0.997, "chi2_df": 3, "chi2_threshold": 13.931422665512084, "N_raw": 28, "N_roi": 28, "N_inlier": 28, "refit": true}
{"timestamp": "19:33:12.732995", "frame": 65, "mu": [-0.8319874104532946, 0.5616860322997669, 1.4135570652335396], "Sigma": [[0.01627418635865647, 0.007545345776179459, -0.014061051754472777], [0.007545345776179459, 0.007193733236599423, -0.013887068336157955], [-0.014061051754472777, -0.013887068336157955, 0.029771576123157624]], "chi2_level": 0.997, "chi2_df": 3, "chi2_threshold": 13.931422665512084, "N_raw": 44, "N_roi": 44, "N_inlier": 43, "refit": true}
{"timestamp": "19:33:12.787624", "frame": 66, "mu": [-0.9705366981915452, 0.5404732139792179, 1.4225191208918837], "Sigma": [[0.010621036953509534, 0.006393114566502694, -0.015287999585232524], [0.006393114566502694, 0.011021474828757132, -0.015765865419845457], [-0.015287999585232524, -0.015765865419845457, 0.030947262141998288]], "chi2_level": 0.997, "chi2_df": 3, "chi2_threshold": 13.931422665512084, "N_raw": 29, "N_roi": 29, "N_inlier": 29, "refit": true}
{"timestamp": "19:33:12.844341", "frame": 67, "mu": [-0.9519801016700634, 0.5423937343514648, 1.4207483247515842], "Sigma": [[0.005423818636427609, 0.0036517115256031506, -0.01024210165594968], [0.0036517115256031506, 0.011521070307655987, -0.017900601661379918], [-0.010242101655949678, -0.017900601661379918, 0.04093891239782825]], "chi2_level": 0.997, "chi2_df": 3, "chi2_threshold": 13.931422665512084, "N_raw": 50, "N_roi": 50, "N_inlier": 49, "refit": true}
{"timestamp": "19:33:12.900565", "frame": 68, "mu": [-1.063243238773856, 0.5041177752346174, 1.4138675448920521], "Sigma": [[0.012651161358793182, 0.011884781847799283, -0.017344322043503814], [0.011884781847799283, 0.015008961173243174, -0.02646598451012605], [-0.017344322043503814, -0.02646598451012605, 0.06375753251410929]], "chi2_level": 0.997, "chi2_df": 3, "chi2_threshold": 13.931422665512084, "N_raw": 56, "N_roi": 56, "N_inlier": 56, "refit": true}
{"timestamp": "19:33:12.954692", "frame": 69, "mu": [-1.100258442066992, 0.6165038313421916, -0.4929088341740321], "Sigma": [[0.0060537920363876105, 0.007955281015206414, -0.004171412611297516], [0.007955281015206414, 0.029029374954436152, -0.019553971570599935], [-0.004171412611297517, -0.01955397157059994, 0.028618213076558697]], "chi2_level": 0.997, "chi2_df": 3, "chi2_threshold": 13.931422665512084, "N_raw": 51, "N_roi": 51, "N_inlier": 49, "refit": true}
{"timestamp": "19:33:13.012387", "frame": 70, "mu": [-1.1197136588543541, 0.4176313937516448, 1.4158297524776116], "Sigma": [[0.008911221207561618, 0.0016057377943056832, -0.0009900314350048238], [0.0016057377943056832, 0.007219531905526737, -0.004141374993857827], [-0.0009900314350048236, -0.004141374993857827, 0.002909094075665886]], "chi2_level": 0.997, "chi2_df": 3, "chi2_threshold": 13.931422665512084, "N_raw": 74, "N_roi": 74, "N_inlier": 66, "refit": true}
{"timestamp": "19:33:13.064728", "frame": 71, "mu": [-1.1642005499791401, 0.520375182961675, 1.447405628571563], "Sigma": [[0.004933047478978879, 0.0008124836004238314, -0.003058330458928613], [0.0008124836004238314, 0.005859617967266378, -0.004266094726388659], [-0.003058330458928613, -0.004266094726388659, 0.02041747425788664]], "chi2_level": 0.997, "chi2_df": 3, "chi2_threshold": 13.931422665512084, "N_raw": 52, "N_roi": 52, "N_inlier": 48, "refit": true}
{"timestamp": "19:33:13.121931", "frame": 72, "mu": [-1.2234644540767254, 0.39440189682363, 1.3134034570407747], "Sigma": [[0.004974177396036143, 0.0031620279877747374, -0.0003583274081573006], [0.0031620279877747374, 0.004409751998832982, -0.0033169183401058917], [-0.0003583274081573006, -0.0033169183401058917, 0.02826118122340375]], "chi2_level": 0.997, "chi2_df": 3, "chi2_threshold": 13.931422665512084, "N_raw": 69, "N_roi": 69, "N_inlier": 65, "refit": true}
{"timestamp": "19:33:13.175671", "frame": 73, "mu": [-1.2464231790985867, 0.6412505712622579, -0.3537937505444344], "Sigma": [[0.00729897851570102, 0.0016823749155940053, 0.0011873136379743476], [0.001682374915594005, 0.005641620706650501, -0.0038025847025761656], [0.0011873136379743476, -0.0038025847025761656, 0.005357130797385171]], "chi2_level": 0.997, "chi2_df": 3, "chi2_threshold": 13.931422665512084, "N_raw": 57, "N_roi": 57, "N_inlier": 55, "refit": true}
{"timestamp": "19:33:13.230646", "frame": 74, "mu": [-1.3120206447480447, 0.4785576116087297, 1.3822613268894002], "Sigma": [[0.007072670054458807, 0.004564116535412612, 0.0030378724568453155], [0.004564116535412612, 0.008107573838595668, -0.00014364665137711613], [0.0030378724568453155, -0.00014364665137711608, 0.012660670513498418]], "chi2_level": 0.997, "chi2_df": 3, "chi2_threshold": 13.931422665512084, "N_raw": 60, "N_roi": 60, "N_inlier": 57, "refit": true}
{"timestamp": "19:33:13.287331", "frame": 75, "mu": [-0.9536240062784697, 0.6120405209504612, -0.6259883686205551], "Sigma": [[1.0196600867250625, -0.012545319819514263, -0.05705815631944197], [-0.012545319819514268, 0.008418326632931178, 0.0070220516332416116], [-0.05705815631944197, 0.0070220516332416116, 0.03583714408221257]], "chi2_level": 0.997, "chi2_df": 3, "chi2_threshold": 13.931422665512084, "N_raw": 69, "N_roi": 69, "N_inlier": 69, "refit": true}
{"timestamp": "19:33:13.337773", "frame": 76, "mu": [-1.3969276000149191, 0.5240704411695565, 1.3857091053956572], "Sigma": [[0.004781238186025134, 0.005091480718941223, 0.0010941482973097093], [0.005091480718941223, 0.01320030043949347, 0.005450106009311874], [0.0010941482973097095, 0.005450106009311874, 0.015035933995467266]], "chi2_level": 0.997, "chi2_df": 3, "chi2_threshold": 13.931422665512084, "N_raw": 41, "N_roi": 41, "N_inlier": 38, "refit": true}
{"timestamp": "19:33:13.395214", "frame": 77, "mu": [-0.9390086890826963, 0.6712796280563434, -0.6652700601506528], "Sigma": [[1.3033504922216494, -0.011454214201610708, -0.07904514009322552], [-0.011454214201610708, 0.009155400502372147, 0.008341905107094738], [-0.07904514009322552, 0.00834190510709474, 0.038445653312106934]], "chi2_level": 0.997, "chi2_df": 3, "chi2_threshold": 13.931422665512084, "N_raw": 51, "N_roi": 51, "N_inlier": 50, "refit": true}
{"timestamp": "19:33:13.454452", "frame": 78, "mu": [-1.3468814918249523, 0.540263062813275, 1.275004472937219], "Sigma": [[0.5235162693801511, -0.008614057968076228, -0.018107729475599414], [-0.008614057968076228, 0.009863890271789634, 0.0017128478363266624], [-0.01810772947559941, 0.0017128478363266624, 0.021004386881271264]], "chi2_level": 0.997, "chi2_df": 3, "chi2_threshold": 13.931422665512084, "N_raw": 82, "N_roi": 82, "N_inlier": 78, "refit": true}
{"timestamp": "19:33:13.506361", "frame": 79, "mu": [-1.0616596825445213, 0.5521512570602262, 1.200427650673619], "Sigma": [[1.3591278637983206, -0.041074202690617026, -0.11471976467822911], [-0.041074202690617026, 0.01992322912546319, 0.01365808408020357], [-0.11471976467822911, 0.01365808408020357, 0.034029457448823276]], "chi2_level": 0.997, "chi2_df": 3, "chi2_threshold": 13.931422665512084, "N_raw": 62, "N_roi": 62, "N_inlier": 60, "refit": true}
{"timestamp": "19:33:13.560362", "frame": 80, "mu": [-1.0398981772506712, 0.5308436617280684, 1.1239337042835218], "Sigma": [[1.6294055040164945, -0.03844983021629093, -0.033121432210063896], [-0.03844983021629093, 0.014856128788207931, 0.00754808725708788], [-0.0331214322100639, 0.007548087257087879, 0.019889417061433108]], "chi2_level": 0.997, "chi2_df": 3, "chi2_threshold": 13.931422665512084, "N_raw": 62, "N_roi": 62, "N_inlier": 62, "refit": true}
{"timestamp": "19:33:13.615072", "frame": 81, "mu": [-0.7842787037580286, 0.7175904365632592, -0.7658652051206504], "Sigma": [[2.2059325338182907, -0.02059207412839622, -0.037027861428921935], [-0.02059207412839622, 0.012506270935285854, 0.005047662126287905], [-0.037027861428921935, 0.005047662126287906, 0.02172840904418675]], "chi2_level": 0.997, "chi2_df": 3, "chi2_threshold": 13.931422665512084, "N_raw": 50, "N_roi": 50, "N_inlier": 50, "refit": true}
{"timestamp": "19:33:13.672649", "frame": 82, "mu": [-1.1229677271769312, 0.5336078137800166, 1.0997363599213], "Sigma": [[1.6743587422695108, -0.043491107266337814, -0.08475363238447642], [-0.043491107266337814, 0.01949672108029306, 0.017838277440877737], [-0.08475363238447642, 0.017838277440877737, 0.057227464925610524]], "chi2_level": 0.997, "chi2_df": 3, "chi2_threshold": 13.931422665512084, "N_raw": 74, "N_roi": 74, "N_inlier": 74, "refit": true}
{"timestamp": "19:33:13.724740", "frame": 83, "mu": [-1.6512793783324566, 0.7104603323840086, -0.6226855389338032], "Sigma": [[0.009730428616309792, 0.011549843665211473, 0.005559215367348106], [0.011549843665211473, 0.03330372594328029, 0.006945517653260243], [0.005559215367348106, 0.006945517653260242, 0.00515176033678047]], "chi2_level": 0.997, "chi2_df": 3, "chi2_threshold": 13.931422665512084, "N_raw": 51, "N_roi": 51, "N_inlier": 51, "refit": true}
{"timestamp": "19:33:13.781504", "frame": 84, "mu": [-1.6508077415070699, 0.6037725947698371, 1.220526089476694], "Sigma": [[0.20633820923319654, 0.0015233517623965917, 0.00032002529396792274], [0.0015233517623965917, 0.012794884561827289, 0.0013827127561016196], [0.00032002529396792144, 0.0013827127561016192, 0.021256381136793782]], "chi2_level": 0.997, "chi2_df": 3, "chi2_threshold": 13.931422665512084, "N_raw": 69, "N_roi": 69, "N_inlier": 64, "refit": true}
{"timestamp": "19:33:13.838868", "frame": 85, "mu": [-1.7384885079225216, 0.6093290058600891, 1.1752396787390087], "Sigma": [[0.01211058051856895, 0.009079436739744259, 0.006365070168343146], [0.009079436739744259, 0.012178529792515942, -0.0019795876900040844], [0.006365070168343146, -0.001979587690004085, 0.021222895482428693]], "chi2_level": 0.997, "chi2_df": 3, "chi2_threshold": 13.931422665512084, "N_raw": 83, "N_roi": 83, "N_inlier": 77, "refit": true}
{"timestamp": "19:33:13.893965", "frame": 86, "mu": [-1.4098537748620306, 0.6193599229453653, 1.161633396875409], "Sigma": [[1.2311672215647227, -0.04000378673010144, -0.019579008077944077], [-0.04000378673010143, 0.015408133788066119, 0.0011980073954365605], [-0.019579008077944077, 0.0011980073954365603, 0.023159870183766137]], "chi2_level": 0.997, "chi2_df": 3, "chi2_threshold": 13.931422665512084, "N_raw": 85, "N_roi": 85, "N_inlier": 85, "refit": true}
{"timestamp": "19:33:13.946182", "frame": 87, "mu": [-1.7518097914506785, 0.7397458469850868, 1.317712012108611], "Sigma": [[0.00995577848836131, 0.0023976673460161177, -0.0032270346408110576], [0.002397667346016118, 0.015869314954921235, -0.005413018575487637], [-0.003227034640811058, -0.005413018575487637, 0.006919553986368614]], "chi2_level": 0.997, "chi2_df": 3, "chi2_threshold": 13.931422665512084, "N_raw": 63, "N_roi": 63, "N_inlier": 59, "refit": true}
{"timestamp": "19:33:14.002816", "frame": 88, "mu": [-1.817831635618512, 0.7467401883627279, -0.7288677895066683], "Sigma": [[0.012351848624750713, 0.011132172378287664, 0.0052832943428786396], [0.011132172378287664, 0.02329599995778764, 0.0010723554183514313], [0.0052832943428786396, 0.001072355418351431, 0.015119192594330779]], "chi2_level": 0.997, "chi2_df": 3, "chi2_threshold": 13.931422665512084, "N_raw": 73, "N_roi": 73, "N_inlier": 70, "refit": true}
{"timestamp": "19:33:14.052850", "frame": 89, "mu": [-1.8423804463541664, 0.938326755529857, -0.43658930358261727], "Sigma": [[0.008178300455828591, 0.005542807616514283, -0.0024985986808626357], [0.005542807616514283, 0.016559227802700454, -0.0031404274623097845], [-0.0024985986808626357, -0.0031404274623097845, 0.0013421327230363493]], "chi2_level": 0.997, "chi2_df": 3, "chi2_threshold": 13.931422665512084, "N_raw": 44, "N_roi": 44, "N_inlier": 44, "refit": true}
{"timestamp": "19:33:14.105678", "frame": 90, "mu": [-1.872175384736436, 0.9548962226748059, -0.4479783459991861], "Sigma": [[0.007037889518954946, 0.00690691034570313, -0.00224247041878822], [0.006906910345703129, 0.016147220770917937, -0.003598839790883143], [-0.00224247041878822, -0.003598839790883143, 0.0013055214777993984]], "chi2_level": 0.997, "chi2_df": 3, "chi2_threshold": 13.931422665512084, "N_raw": 35, "N_roi": 35, "N_inlier": 35, "refit": true}
{"timestamp": "19:33:14.187983", "frame": 91, "mu": [-1.9117723763716656, 1.1080175163008745, -0.609656055009214], "Sigma": [[0.006926068145348659, 0.001328958500306124, 0.0058399511145498855], [0.001328958500306124, 0.005078142211167221, -0.0037301965474953397], [0.0058399511145498855, -0.0037301965474953393, 0.01618889758205897]], "chi2_level": 0.997, "chi2_df": 3, "chi2_threshold": 13.931422665512084, "N_raw": 37, "N_roi": 37, "N_inlier": 36, "refit": true}
{"timestamp": "19:33:14.219580", "frame": 92, "mu": [-1.956883571688432, 0.8707413768481257, 1.25522544417102], "Sigma": [[0.011007188128506462, 0.007781016040706464, -0.0011054485865696069], [0.007781016040706464, 0.01177647196745548, -0.007635816658687039], [-0.0011054485865696069, -0.007635816658687039, 0.01270253097344619]], "chi2_level": 0.997, "chi2_df": 3, "chi2_threshold": 13.931422665512084, "N_raw": 57, "N_roi": 57, "N_inlier": 57, "refit": true}
{"timestamp": "19:33:14.279998", "frame": 93, "mu": [-2.041791114756304, 0.8698167933381636, 1.0784285134970628], "Sigma": [[0.027194073522790997, 0.01651040591103508, 0.038849946420949334], [0.01651040591103508, 0.017335122185368958, 0.013820938221425752], [0.03884994642094933, 0.013820938221425752, 0.10988729212413456]], "chi2_level": 0.997, "chi2_df": 3, "chi2_threshold": 13.931422665512084, "N_raw": 90, "N_roi": 90, "N_inlier": 90, "refit": true}
{"timestamp": "19:33:14.335026", "frame": 94, "mu": [-2.0818053000012364, 0.8972440561220207, 1.0974173746953269], "Sigma": [[0.03105619119866894, 0.017670285611872498, 0.038264100114283384], [0.017670285611872494, 0.016931780659388516, 0.009417204127553272], [0.038264100114283384, 0.009417204127553274, 0.09372225051712094]], "chi2_level": 0.997, "chi2_df": 3, "chi2_threshold": 13.931422665512084, "N_raw": 87, "N_roi": 86, "N_inlier": 86, "refit": true}
{"timestamp": "19:33:14.387566", "frame": 95, "mu": [-2.0269734583000583, 0.9829671925228021, 1.2093338752072775], "Sigma": [[0.01906903745109676, 0.0038504717858241326, 0.01657331448140726], [0.0038504717858241326, 0.014525791399843698, -0.013411919301399], [0.01657331448140726, -0.013411919301399, 0.06154140296478787]], "chi2_level": 0.997, "chi2_df": 3, "chi2_threshold": 13.931422665512084, "N_raw": 74, "N_roi": 74, "N_inlier": 74, "refit": true}
{"timestamp": "19:33:14.442943", "frame": 96, "mu": [-2.0048908477773875, 1.166685697454651, -0.4448859912069766], "Sigma": [[0.012448275933382179, 0.0068035724199214664, -0.002014111946314289], [0.0068035724199214664, 0.01883186932789578, -0.007180261729089218], [-0.0020141119463142894, -0.007180261729089216, 0.0058867077468590994]], "chi2_level": 0.997, "chi2_df": 3, "chi2_threshold": 13.931422665512084, "N_raw": 69, "N_roi": 69, "N_inlier": 68, "refit": true}
{"timestamp": "19:33:14.495340", "frame": 97, "mu": [-2.0199939693259075, 1.1526482016540376, -0.594365758662195], "Sigma": [[0.009203431875439637, 0.0094020551476094, 0.00655957419293178], [0.0094020551476094, 0.030470541052163708, 0.00951620978267079], [0.00655957419293178, 0.00951620978267079, 0.012358122796343216]], "chi2_level": 0.997, "chi2_df": 3, "chi2_threshold": 13.931422665512084, "N_raw": 53, "N_roi": 53, "N_inlier": 53, "refit": true}
{"timestamp": "19:33:14.548757", "frame": 98, "mu": [-2.031587375268971, 1.0169904046120863, 1.098264545000671], "Sigma": [[0.00783548550107161, 0.005882584528713909, 0.0009316965269047723], [0.005882584528713909, 0.008871896915803463, -0.004383012364898065], [0.0009316965269047723, -0.004383012364898064, 0.01618975622247045]], "chi2_level": 0.997, "chi2_df": 3, "chi2_threshold": 13.931422665512084, "N_raw": 49, "N_roi": 49, "N_inlier": 49, "refit": true}
{"timestamp": "19:33:14.604644", "frame": 99, "mu": [-2.072150857796415, 1.1401531488833483, 1.21610609787257], "Sigma": [[0.011045023391208234, 0.004700619415167607, 0.0018776052582100715], [0.004700619415167607, 0.00855238156253536, -0.0014203870661998479], [0.0018776052582100712, -0.001420387066199848, 0.014716711199679943]], "chi2_level": 0.997, "chi2_df": 3, "chi2_threshold": 13.931422665512084, "N_raw": 52, "N_roi": 52, "N_inlier": 52, "refit": true}
{"timestamp": "19:33:14.898335", "frame": 100, "mu": [-2.097652572913507, 1.3979668663781368, -0.4655298629472483], "Sigma": [[0.014356872171171915, 0.009922229702024603, -0.0026234273664826266], [0.009922229702024603, 0.02127530090891097, -0.014594468288522289], [-0.0026234273664826266, -0.014594468288522289, 0.017829760241793037]], "chi2_level": 0.997, "chi2_df": 3, "chi2_threshold": 13.931422665512084, "N_raw": 81, "N_roi": 81, "N_inlier": 81, "refit": true}
{"timestamp": "19:33:14.918365", "frame": 101, "mu": [-2.100119045820429, 1.3985691844465244, -0.4472614349205293], "Sigma": [[0.014304861451220096, 0.004956737281047799, 0.004908427064914227], [0.004956737281047799, 0.00943271341236637, -0.003612963568400085], [0.004908427064914227, -0.0036129635684000855, 0.009772096767733243]], "chi2_level": 0.997, "chi2_df": 3, "chi2_threshold": 13.931422665512084, "N_raw": 40, "N_roi": 40, "N_inlier": 40, "refit": true}
{"timestamp": "19:33:14.952005", "frame": 102, "mu": [-2.1244254430411513, 1.2540404265728882, 1.1933393776949694], "Sigma": [[0.01562089218856973, 0.008563860831969245, -0.0008499757637010564], [0.008563860831969245, 0.008959168358932573, -0.005478129303196173], [-0.0008499757637010566, -0.005478129303196173, 0.007378719210761254]], "chi2_level": 0.997, "chi2_df": 3, "chi2_threshold": 13.931422665512084, "N_raw": 54, "N_roi": 54, "N_inlier": 51, "refit": true}
{"timestamp": "19:33:14.971246", "frame": 103, "mu": [-2.0991791112570493, 1.3662343197127496, 1.261993697000286], "Sigma": [[0.012096707162837, 0.005418549514075549, -0.003197849362283466], [0.005418549514075551, 0.009656009552230697, -0.00831908094375776], [-0.003197849362283466, -0.00831908094375776, 0.024807069277924625]], "chi2_level": 0.997, "chi2_df": 3, "chi2_threshold": 13.931422665512084, "N_raw": 63, "N_roi": 63, "N_inlier": 63, "refit": true}
{"timestamp": "19:33:15.018167", "frame": 104, "mu": [-2.0075671970898514, 1.5915374711122152, -0.38597966810375106], "Sigma": [[0.005123289593032237, 0.00698756999472599, -0.003473859809459124], [0.006987569994725992, 0.016835004798993698, -0.010147264225321098], [-0.003473859809459124, -0.010147264225321098, 0.007222691128749348]], "chi2_level": 0.997, "chi2_df": 3, "chi2_threshold": 13.931422665512084, "N_raw": 18, "N_roi": 18, "N_inlier": 18, "refit": true}
{"timestamp": "19:33:15.037711", "frame": 105, "mu": [-2.184077080631077, 1.5955638970546464, -0.29924243472183853], "Sigma": [[0.013656788034471642, 0.006053754043466622, 0.006182521238513376], [0.006053754043466623, 0.017156498624899028, -0.01112460165058588], [0.006182521238513377, -0.01112460165058588, 0.022292881971418554]], "chi2_level": 0.997, "chi2_df": 3, "chi2_threshold": 13.931422665512084, "N_raw": 57, "N_roi": 55, "N_inlier": 53, "refit": true}
{"timestamp": "19:33:15.066205", "frame": 106, "mu": [-2.1503890468153113, 1.5277840484914937, 1.3265273822377688], "Sigma": [[0.012853764195490516, 0.00782233348629514, -0.005286447296746232], [0.007822333486295139, 0.010700061913147532, -0.010248640323622908], [-0.005286447296746232, -0.010248640323622908, 0.020691046857559563]], "chi2_level": 0.997, "chi2_df": 3, "chi2_threshold": 13.931422665512084, "N_raw": 61, "N_roi": 61, "N_inlier": 61, "refit": true}
{"timestamp": "19:33:15.100338", "frame": 107, "mu": [-2.121657359720966, 1.6094508677382953, 1.282751162739528], "Sigma": [[0.017370093402826303, 0.013764338623301519, -0.012207775642856257], [0.013764338623301517, 0.019616346470265115, -0.02066073505631528], [-0.012207775642856257, -0.02066073505631527, 0.03021644049605297]], "chi2_level": 0.997, "chi2_df": 3, "chi2_threshold": 13.931422665512084, "N_raw": 88, "N_roi": 88, "N_inlier": 88, "refit": true}
{"timestamp": "19:33:15.141632", "frame": 108, "mu": [-2.159146161688409, 1.6987394794119275, -0.23747442932757473], "Sigma": [[0.01258827649787428, 0.008750564533305635, 0.0013664178177419384], [0.008750564533305635, 0.015905150630043444, -0.005123342144125439], [0.0013664178177419386, -0.00512334214412544, 0.0093883435998701]], "chi2_level": 0.997, "chi2_df": 3, "chi2_threshold": 13.931422665512084, "N_raw": 54, "N_roi": 54, "N_inlier": 51, "refit": true}
{"timestamp": "19:33:15.159330", "frame": 109, "mu": [-2.1990854086536844, 1.7668143589075234, -0.11470307533759662], "Sigma": [[0.013308032587613122, 0.009458828800855783, -0.0046469338299487285], [0.009458828800855783, 0.020844642232767066, -0.006420008816904375], [-0.0046469338299487285, -0.006420008816904375, 0.016559480087482266]], "chi2_level": 0.997, "chi2_df": 3, "chi2_threshold": 13.931422665512084, "N_raw": 66, "N_roi": 66, "N_inlier": 65, "refit": true}
{"timestamp": "19:33:15.209553", "frame": 110, "mu": [-2.2286081170158125, 1.7549750100487838, -0.21575075191221524], "Sigma": [[0.010158574335205764, 0.010439337060829414, 0.007072021015784524], [0.010439337060829414, 0.03268054180349147, 0.02028633001931101], [0.007072021015784524, 0.02028633001931101, 0.03124777924194682]], "chi2_level": 0.997, "chi2_df": 3, "chi2_threshold": 13.931422665512084, "N_raw": 52, "N_roi": 52, "N_inlier": 52, "refit": true}
{"timestamp": "19:33:15.264629", "frame": 111, "mu": [-2.240871332465594, 1.6836659289925622, 1.3543427375812431], "Sigma": [[0.013295703258677809, 0.011451745904014047, -0.005400061882528763], [0.011451745904014047, 0.014498795967684186, -0.011913657983721883], [-0.005400061882528763, -0.011913657983721883, 0.018565531919164047]], "chi2_level": 0.997, "chi2_df": 3, "chi2_threshold": 13.931422665512084, "N_raw": 52, "N_roi": 52, "N_inlier": 52, "refit": true}
{"timestamp": "19:33:15.318403", "frame": 112, "mu": [-2.2628087761507065, 1.8611730832211486, -0.21739039193482307], "Sigma": [[0.017080765192935048, 0.009467271232498211, 0.01161995581038608], [0.009467271232498211, 0.019966202165149764, 0.013839368382053954], [0.01161995581038608, 0.013839368382053954, 0.0352394693203879]], "chi2_level": 0.997, "chi2_df": 3, "chi2_threshold": 13.931422665512084, "N_raw": 49, "N_roi": 47, "N_inlier": 46, "refit": true}
{"timestamp": "19:33:15.373212", "frame": 113, "mu": [-2.2478095104953675, 1.8368412867993382, 1.4449227619384941], "Sigma": [[0.01634970708141356, 0.010202738354427126, -0.011949721658534897], [0.010202738354427126, 0.012146546978378756, -0.0124523756199836], [-0.011949721658534897, -0.012452375619983599, 0.02074240800777377]], "chi2_level": 0.997, "chi2_df": 3, "chi2_threshold": 13.931422665512084, "N_raw": 48, "N_roi": 48, "N_inlier": 44, "refit": true}
{"timestamp": "19:33:15.424572", "frame": 114, "mu": [-2.2847450290646685, 2.1408689524441833, -0.2518519178679482], "Sigma": [[0.027449404284026386, 0.03162069256079425, -0.05075925451892549], [0.03162069256079425, 0.038554276168835555, -0.06330813583728417], [-0.0507592545189255, -0.06330813583728417, 0.13513463631134]], "chi2_level": 0.997, "chi2_df": 3, "chi2_threshold": 13.931422665512084, "N_raw": 21, "N_roi": 14, "N_inlier": 14, "refit": true}
{"timestamp": "19:33:15.485929", "frame": 115, "mu": [-2.284663249849119, 2.008593523719372, 0.10048326473308476], "Sigma": [[0.016973165152231504, 0.017845372107308168, -0.011253659482048442], [0.017845372107308168, 0.02778241896848541, -0.009042155822454278], [-0.011253659482048442, -0.009042155822454278, 0.013257043887274401]], "chi2_level": 0.997, "chi2_df": 3, "chi2_threshold": 13.931422665512084, "N_raw": 65, "N_roi": 51, "N_inlier": 48, "refit": true}
{"timestamp": "19:33:15.537501", "frame": 116, "mu": [-2.2939591240495183, 1.9907626163498362, 1.5755976982139748], "Sigma": [[0.016379327119758782, 0.014030094625814298, -0.015829118763315636], [0.014030094625814296, 0.018646060598746628, -0.011769409928788869], [-0.015829118763315636, -0.01176940992878887, 0.01845497618014828]], "chi2_level": 0.997, "chi2_df": 3, "chi2_threshold": 13.931422665512084, "N_raw": 40, "N_roi": 30, "N_inlier": 29, "refit": true}
{"timestamp": "19:33:15.594573", "frame": 117, "mu": [-2.3164013208244074, 2.141265228306837, 1.5095833651041786], "Sigma": [[0.01730742227948108, 0.017386403311306142, -0.03578109269368835], [0.017386403311306142, 0.026427080414625236, -0.05865264975310529], [-0.03578109269368836, -0.05865264975310529, 0.18551224453883156]], "chi2_level": 0.997, "chi2_df": 3, "chi2_threshold": 13.931422665512084, "N_raw": 48, "N_roi": 22, "N_inlier": 22, "refit": true}
