{"timestamp": "20:35:42.242388", "frame": 16, "mu": [-2.4300427032005816, 4.638932963695937, 0.058973052853994276], "Sigma": [[0.002958422976809494, 0.003341415457186421, -0.005377520165975421], [0.003341415457186421, 0.01109706528716189, -0.02069703019669377], [-0.005377520165975421, -0.020697030196693774, 0.0423793456327203]], "chi2_level": 0.997, "chi2_df": 3, "chi2_threshold": 13.931422665512084, "N_raw": 67, "N_roi": 11, "N_inlier": 11, "refit": true}
{"timestamp": "20:35:42.675231", "frame": 24, "mu": [-2.3256414850660008, 4.2678683777494095, 1.034486137683086], "Sigma": [[0.013333909788270704, 0.0032948664370819874, -0.00928101118568056], [0.0032948664370819874, 0.0026408641919141787, -0.00314965883723048], [-0.00928101118568056, -0.00314965883723048, 0.010137552144002809]], "chi2_level": 0.997, "chi2_df": 3, "chi2_threshold": 13.931422665512084, "N_raw": 18, "N_roi": 18, "N_inlier": 17, "refit": true}
{"timestamp": "20:35:42.732313", "frame": 25, "mu": [-2.239472122862348, 4.241811880072702, 0.9733032788238087], "Sigma": [[0.02197034306127119, 0.005170050013186399, -0.019971532438728477], [0.005170050013186399, 0.005099177659866164, -0.003978240926378404], [-0.019971532438728477, -0.003978240926378404, 0.020061738138650434]], "chi2_level": 0.997, "chi2_df": 3, "chi2_threshold": 13.931422665512084, "N_raw": 30, "N_roi": 27, "N_inlier": 26, "refit": true}
{"timestamp": "20:35:43.174301", "frame": 33, "mu": [-1.8656858608529017, 4.421552410663965, 0.9951972091765402], "Sigma": [[0.02046502261212551, 0.01082258020691806, -0.01689725999569382], [0.010822580206918063, 0.017614591813521905, -0.020819078061136385], [-0.016897259995693817, -0.020819078061136385, 0.028016775184553665]], "chi2_level": 0.997, "chi2_df": 3, "chi2_threshold": 13.931422665512084, "N_raw": 35, "N_roi": 33, "N_inlier": 33, "refit": true}
{"timestamp": "20:35:43.231619", "frame": 34, "mu": [-1.790578120126337, 4.457116092909615, -0.12388740169505086], "Sigma": [[0.03144563417389693, 0.017383070001268687, 0.03966845164295509], [0.017383070001268687, 0.017595453577909384, 0.039174663786493084], [0.03966845164295509, 0.039174663786493084, 0.17018823433670668]], "chi2_level": 0.997, "chi2_df": 3, "chi2_threshold": 13.931422665512084, "N_raw": 50, "N_roi": 50, "N_inlier": 49, "refit": true}
{"timestamp": "20:35:43.281361", "frame": 35, "mu": [-1.807465665957652, 4.301112780752439, 1.1529958608111304], "Sigma": [[0.005683268093281441, 0.0012308860457479946, -0.0020589853951657874], [0.0012308860457479946, 0.0029051235034745415, -0.0021776823253241056], [-0.0020589853951657874, -0.0021776823253241056, 0.003277824552747347]], "chi2_level": 0.997, "chi2_df": 3, "chi2_threshold": 13.931422665512084, "N_raw": 11, "N_roi": 11, "N_inlier": 10, "refit": true}
{"timestamp": "20:35:43.336972", "frame": 36, "mu": [-1.6248933091729738, 4.489855698070381, -0.06211415310326295], "Sigma": [[0.015676006293365467, 0.005528271222732115, -0.008884075874012215], [0.005528271222732115, 0.0038736968687824195, -0.002458653355794663], [-0.008884075874012215, -0.002458653355794663, 0.006954538736723925]], "chi2_level": 0.997, "chi2_df": 3, "chi2_threshold": 13.931422665512084, "N_raw": 20, "N_roi": 20, "N_inlier": 20, "refit": true}
{"timestamp": "20:35:43.397343", "frame": 37, "mu": [-1.6267264912749553, 4.382889056790767, 1.1073301026413744], "Sigma": [[0.03584207519355914, 0.005983326574505619, -0.024176935867882637], [0.005983326574505618, 0.007110362390535806, -0.0034417638178732193], [-0.024176935867882637, -0.0034417638178732193, 0.01860351573968993]], "chi2_level": 0.997, "chi2_df": 3, "chi2_threshold": 13.931422665512084, "N_raw": 54, "N_roi": 54, "N_inlier": 54, "refit": true}
{"timestamp": "20:35:43.452527", "frame": 38, "mu": [-1.5183690028342114, 4.26978526494564, 0.7463043617765448], "Sigma": [[0.03029065838700936, -0.0023057271862866194, -0.03187345888814208], [-0.0023057271862866194, 0.00893830153004587, 0.0075025513660566395], [-0.03187345888814208, 0.0075025513660566395, 0.039232953213302696]], "chi2_level": 0.997, "chi2_df": 3, "chi2_threshold": 13.931422665512084, "N_raw": 53, "N_roi": 52, "N_inlier": 52, "refit": true}
{"timestamp": "20:35:43.504616", "frame": 39, "mu": [-1.5077013051404404, 4.293356629541722, 1.0712950467575264], "Sigma": [[0.013591963065073499, 0.0012358962689857503, -0.01149790849823926], [0.0012358962689857497, 0.00286870010036928, 0.0008767231709820777], [-0.01149790849823926, 0.0008767231709820774, 0.012548143112641649]], "chi2_level": 0.997, "chi2_df": 3, "chi2_threshold": 13.931422665512084, "N_raw": 31, "N_roi": 21, "N_inlier": 20, "refit": true}
{"timestamp": "20:35:43.560468", "frame": 40, "mu": [-1.4382760116432793, 4.257191262100694, 0.9652107697833981], "Sigma": [[0.018082040692163154, 0.0018714315479182544, -0.01021124998128047], [0.0018714315479182544, 0.0036955708995254537, -0.0011956171522940979], [-0.01021124998128047, -0.0011956171522940979, 0.007417091688991632]], "chi2_level": 0.997, "chi2_df": 3, "chi2_threshold": 13.931422665512084, "N_raw": 36, "N_roi": 33, "N_inlier": 33, "refit": true}
{"timestamp": "20:35:43.613941", "frame": 41, "mu": [-1.4688309204169403, 4.396729840003467, -0.506360936896957], "Sigma": [[0.019937539603504452, 0.009994774095522343, 0.058817736879541144], [0.009994774095522341, 0.010376016816721404, 0.044238189665795215], [0.058817736879541144, 0.044238189665795215, 0.29481202427840514]], "chi2_level": 0.997, "chi2_df": 3, "chi2_threshold": 13.931422665512084, "N_raw": 29, "N_roi": 26, "N_inlier": 26, "refit": true}
{"timestamp": "20:35:43.667046", "frame": 42, "mu": [-1.3641199525286616, 4.488211494614431, 0.13006095871596748], "Sigma": [[0.005004726238712364, -0.001072690841672984, -0.00011986483006412834], [-0.0010726908416729838, 0.00555523338570772, -0.00011473366645526003], [-0.00011986483006412832, -0.00011473366645525996, 0.0003820566146381462]], "chi2_level": 0.997, "chi2_df": 3, "chi2_threshold": 13.931422665512084, "N_raw": 14, "N_roi": 13, "N_inlier": 13, "refit": true}
{"timestamp": "20:35:43.730287", "frame": 43, "mu": [-1.3102822104848506, 4.323340999029995, 1.0812642269771384], "Sigma": [[0.018847474278149753, 0.00028351274049356694, -0.013496546338531864], [0.0002835127404935676, 0.00477718767997199, 0.003043600957141899], [-0.013496546338531864, 0.003043600957141899, 0.013268194241518231]], "chi2_level": 0.997, "chi2_df": 3, "chi2_threshold": 13.931422665512084, "N_raw": 49, "N_roi": 34, "N_inlier": 34, "refit": true}
{"timestamp": "20:35:43.839229", "frame": 45, "mu": [-1.1551503473224018, 4.403527351230103, 0.9654116842949125], "Sigma": [[0.006845452910927683, 0.00026341515016566086, -0.022687159821521648], [0.00026341515016566086, 0.0067232962982601025, -0.010259004316473364], [-0.022687159821521648, -0.010259004316473364, 0.1503957085481207]], "chi2_level": 0.997, "chi2_df": 3, "chi2_threshold": 13.931422665512084, "N_raw": 59, "N_roi": 12, "N_inlier": 12, "refit": true}
{"timestamp": "20:35:43.891685", "frame": 46, "mu": [-1.1209363605760685, 4.387977730808866, 0.984609650132532], "Sigma": [[0.006705051317315032, 0.0030567720182541613, -0.0027990191525471197], [0.0030567720182541613, 0.004332307439667816, -0.002865394001588525], [-0.0027990191525471197, -0.0028653940015885256, 0.003852772980502888]], "chi2_level": 0.997, "chi2_df": 3, "chi2_threshold": 13.931422665512084, "N_raw": 43, "N_roi": 18, "N_inlier": 17, "refit": true}
{"timestamp": "20:35:44.053331", "frame": 49, "mu": [-1.0136814119448745, 4.477102356599552, 0.6478644216986638], "Sigma": [[0.013166478013845696, 0.0034860867964630424, -0.0033981887475053943], [0.0034860867964630416, 0.002731438979076386, 0.001904883653367815], [-0.0033981887475053943, 0.001904883653367815, 0.008716460668979138]], "chi2_level": 0.997, "chi2_df": 3, "chi2_threshold": 13.931422665512084, "N_raw": 26, "N_roi": 24, "N_inlier": 22, "refit": true}
{"timestamp": "20:35:44.112143", "frame": 50, "mu": [-0.9878667870735366, 4.505701465584997, 0.12697396845693826], "Sigma": [[0.018983376646150026, 0.002525196880838192, 0.0031292510323815267], [0.002525196880838191, 0.005310143999442531, -0.01188010172917849], [0.0031292510323815263, -0.01188010172917849, 0.03324143288790819]], "chi2_level": 0.997, "chi2_df": 3, "chi2_threshold": 13.931422665512084, "N_raw": 48, "N_roi": 37, "N_inlier": 35, "refit": true}
{"timestamp": "20:35:44.164338", "frame": 51, "mu": [-0.8528712947538637, 4.368763957874551, 0.8711904898576746], "Sigma": [[0.014574131349316252, -0.0009804063885198594, -0.011117442589591419], [-0.0009804063885198596, 0.003585106949857498, -0.00018290130608593802], [-0.011117442589591419, -0.00018290130608593808, 0.010820015212507457]], "chi2_level": 0.997, "chi2_df": 3, "chi2_threshold": 13.931422665512084, "N_raw": 27, "N_roi": 27, "N_inlier": 26, "refit": true}
{"timestamp": "20:35:44.219828", "frame": 52, "mu": [-0.8384969805596784, 4.337259309671546, 0.9413900248910665], "Sigma": [[0.031022931821055737, 0.00011268733382198206, -0.020723675565432313], [0.00011268733382198212, 0.0024716308758183578, -0.0016290581007203683], [-0.020723675565432313, -0.0016290581007203685, 0.017023754384222444]], "chi2_level": 0.997, "chi2_df": 3, "chi2_threshold": 13.931422665512084, "N_raw": 40, "N_roi": 40, "N_inlier": 40, "refit": true}
{"timestamp": "20:35:44.278265", "frame": 53, "mu": [-0.8274911245904822, 4.3866218331337805, 1.0545754999257009], "Sigma": [[0.03124761607447192, 0.0015199284439470972, -0.0138454915734737], [0.0015199284439470968, 0.007470628061222154, 1.763789339988465e-05], [-0.0138454915734737, 1.763789339988457e-05, 0.009127828050593175]], "chi2_level": 0.997, "chi2_df": 3, "chi2_threshold": 13.931422665512084, "N_raw": 59, "N_roi": 58, "N_inlier": 58, "refit": true}
{"timestamp": "20:35:44.385871", "frame": 55, "mu": [-0.8070091885365608, 4.393434146081452, -0.8321630873625859], "Sigma": [[0.020805408692689705, 0.0027926548179165135, -0.005761181022939453], [0.0027926548179165135, 0.004035960611789357, -0.0002253963338559094], [-0.005761181022939453, -0.00022539633385590947, 0.003043139303938665]], "chi2_level": 0.997, "chi2_df": 3, "chi2_threshold": 13.931422665512084, "N_raw": 36, "N_roi": 35, "N_inlier": 33, "refit": true}
{"timestamp": "20:35:44.438836", "frame": 56, "mu": [-0.7291792233258354, 4.418434022222787, 1.1030710847747907], "Sigma": [[0.013024957377290822, 0.007657059025684571, -0.009211503129910115], [0.007657059025684571, 0.014782245280104727, 0.001087331949031675], [-0.009211503129910117, 0.0010873319490316755, 0.047277900286721464]], "chi2_level": 0.997, "chi2_df": 3, "chi2_threshold": 13.931422665512084, "N_raw": 27, "N_roi": 23, "N_inlier": 22, "refit": true}
{"timestamp": "20:35:44.497457", "frame": 57, "mu": [-0.6503568368798458, 4.4463018449096605, 0.3990265857831158], "Sigma": [[0.03786031907527798, 0.005300379200047228, -0.005033012161831496], [0.005300379200047228, 0.004681674523461717, 0.005264109695507032], [-0.005033012161831498, 0.005264109695507032, 0.012984434786705084]], "chi2_level": 0.997, "chi2_df": 3, "chi2_threshold": 13.931422665512084, "N_raw": 59, "N_roi": 56, "N_inlier": 56, "refit": true}
{"timestamp": "20:35:44.553346", "frame": 58, "mu": [-0.5962270960615275, 4.377573433057422, 1.0328167601384892], "Sigma": [[0.036842114986990165, 0.0024237653181971267, -0.015949657724079313], [0.0024237653181971267, 0.0042907072367333, -0.0036595806659004576], [-0.015949657724079313, -0.003659580665900458, 0.010822123046574436]], "chi2_level": 0.997, "chi2_df": 3, "chi2_threshold": 13.931422665512084, "N_raw": 61, "N_roi": 58, "N_inlier": 55, "refit": true}
{"timestamp": "20:35:44.606967", "frame": 59, "mu": [-0.502567868065535, 4.40032365896553, 1.0766770221041388], "Sigma": [[0.037693029517487944, 0.0014948410982559162, -0.013863033414591785], [0.0014948410982559166, 0.0038784698179932797, -0.0030366640424954877], [-0.013863033414591785, -0.0030366640424954877, 0.009497146744791091]], "chi2_level": 0.997, "chi2_df": 3, "chi2_threshold": 13.931422665512084, "N_raw": 57, "N_roi": 57, "N_inlier": 55, "refit": true}
{"timestamp": "20:35:44.661835", "frame": 60, "mu": [-0.44638488460101744, 4.384932304706267, 1.169455321907079], "Sigma": [[0.03239702585897973, 0.00025481980121008654, -0.01288352610476481], [0.0002548198012100866, 0.001747626907507049, -0.0029907056377274383], [-0.01288352610476481, -0.0029907056377274383, 0.017409393747713685]], "chi2_level": 0.997, "chi2_df": 3, "chi2_threshold": 13.931422665512084, "N_raw": 48, "N_roi": 43, "N_inlier": 41, "refit": true}
{"timestamp": "20:35:44.719363", "frame": 61, "mu": [-0.41717035485361986, 4.419894393723076, -0.08102984230866277], "Sigma": [[0.03624671299756239, 0.007154557115994916, 0.07291004185678936], [0.007154557115994916, 0.01007013489477973, 0.03475143970938275], [0.07291004185678934, 0.034751439709382756, 0.2679725590844852]], "chi2_level": 0.997, "chi2_df": 3, "chi2_threshold": 13.931422665512084, "N_raw": 66, "N_roi": 66, "N_inlier": 66, "refit": true}
{"timestamp": "20:35:44.770554", "frame": 62, "mu": [-0.3820406060632673, 4.317389942005437, 1.1266095217386398], "Sigma": [[0.0283741958897008, -0.0009914637156200102, -0.01620678315584423], [-0.0009914637156200105, 0.005102365585652272, 0.005568462410905754], [-0.01620678315584423, 0.005568462410905754, 0.0156390766933227]], "chi2_level": 0.997, "chi2_df": 3, "chi2_threshold": 13.931422665512084, "N_raw": 40, "N_roi": 40, "N_inlier": 40, "refit": true}
{"timestamp": "20:35:44.827878", "frame": 63, "mu": [-0.3124132560256854, 4.38316426963459, 0.26011521077637495], "Sigma": [[0.02579507735388137, 0.0023309938056500674, -0.026766004115533194], [0.0023309938056500674, 0.0030368427735782727, 0.004958061858093627], [-0.026766004115533194, 0.004958061858093627, 0.05286853765227302]], "chi2_level": 0.997, "chi2_df": 3, "chi2_threshold": 13.931422665512084, "N_raw": 45, "N_roi": 43, "N_inlier": 42, "refit": true}
{"timestamp": "20:35:44.881508", "frame": 64, "mu": [-0.19033084090890487, 4.366767537725341, 0.121957919712284], "Sigma": [[0.026113557671057802, 0.0008221701247352218, -0.015015213398992148], [0.000822170124735222, 0.004040790646519306, 0.004371980399038503], [-0.015015213398992148, 0.004371980399038503, 0.016966421317118438]], "chi2_level": 0.997, "chi2_df": 3, "chi2_threshold": 13.931422665512084, "N_raw": 49, "N_roi": 49, "N_inlier": 48, "refit": true}
{"timestamp": "20:35:44.936491", "frame": 65, "mu": [-0.12224647403127108, 4.208786233806272, 1.0228754159677995], "Sigma": [[0.017605047704760807, -0.0008806790046263689, -0.010735547914169625], [-0.0008806790046263689, 0.001173413686182446, 0.00016876619786293862], [-0.010735547914169625, 0.00016876619786293867, 0.011518176613759977]], "chi2_level": 0.997, "chi2_df": 3, "chi2_threshold": 13.931422665512084, "N_raw": 33, "N_roi": 25, "N_inlier": 23, "refit": true}
{"timestamp": "20:35:44.991835", "frame": 66, "mu": [-0.16189194908516202, 4.307023689576487, 1.1904290618842628], "Sigma": [[0.025054849161798717, -0.005055852653507079, -0.013406231978648753], [-0.005055852653507078, 0.0056581615614291975, 0.0016940902971890263], [-0.013406231978648753, 0.0016940902971890263, 0.010113407220555886]], "chi2_level": 0.997, "chi2_df": 3, "chi2_threshold": 13.931422665512084, "N_raw": 54, "N_roi": 50, "N_inlier": 50, "refit": true}
{"timestamp": "20:35:45.043355", "frame": 67, "mu": [-0.06477524697383522, 4.295699070650906, -0.22382492174826546], "Sigma": [[0.014079397569768316, 0.005016856702963841, 0.049005428056631786], [0.005016856702963841, 0.013893964456281676, 0.01568789768879795], [0.049005428056631786, 0.015687897688797945, 0.28244413558747894]], "chi2_level": 0.997, "chi2_df": 3, "chi2_threshold": 13.931422665512084, "N_raw": 22, "N_roi": 19, "N_inlier": 18, "refit": true}
{"timestamp": "20:35:45.155878", "frame": 69, "mu": [-0.05495102532380568, 4.296531235951626, 1.1002710668805418], "Sigma": [[0.02220790864160589, -0.0021933611490592155, -0.00546561497930836], [-0.0021933611490592155, 0.0031720582087311835, -0.003771912501273263], [-0.00546561497930836, -0.0037719125012732626, 0.01047325633335052]], "chi2_level": 0.997, "chi2_df": 3, "chi2_threshold": 13.931422665512084, "N_raw": 48, "N_roi": 48, "N_inlier": 48, "refit": true}
{"timestamp": "20:35:45.211253", "frame": 70, "mu": [-0.016568419449335677, 4.424464207264394, 0.29058066259194115], "Sigma": [[0.024376590596109665, -0.0020933726595198073, -0.0031225617915691664], [-0.0020933726595198077, 0.00534500340209905, -0.008174900303800043], [-0.0031225617915691655, -0.008174900303800043, 0.016566398262948694]], "chi2_level": 0.997, "chi2_df": 3, "chi2_threshold": 13.931422665512084, "N_raw": 47, "N_roi": 47, "N_inlier": 44, "refit": true}
{"timestamp": "20:35:45.266974", "frame": 71, "mu": [0.05870790600112659, 4.368867635962218, 1.3059817025320855], "Sigma": [[0.021013703789996428, -0.001321123879689644, -0.011465354489435302], [-0.001321123879689644, 0.002704070407138438, -0.0012394873858945655], [-0.011465354489435302, -0.0012394873858945655, 0.010627415823103682]], "chi2_level": 0.997, "chi2_df": 3, "chi2_threshold": 13.931422665512084, "N_raw": 42, "N_roi": 41, "N_inlier": 37, "refit": true}
{"timestamp": "20:35:45.320482", "frame": 72, "mu": [0.05415631073142738, 4.39133781792109, 1.1011175159784896], "Sigma": [[0.023343721582490845, -0.0022734481102499415, -0.00623417286055912], [-0.002273448110249941, 0.0020005690819810055, -0.002159846954762139], [-0.00623417286055912, -0.002159846954762139, 0.01050429893928063]], "chi2_level": 0.997, "chi2_df": 3, "chi2_threshold": 13.931422665512084, "N_raw": 39, "N_roi": 39, "N_inlier": 38, "refit": true}
{"timestamp": "20:35:45.593087", "frame": 77, "mu": [0.4421314360748088, 4.249409664141652, 0.9679005093875922], "Sigma": [[0.019644375863232554, -0.0061088038510521935, -0.016934555779923248], [-0.0061088038510521935, 0.0074813630091713785, 0.014221807124922166], [-0.016934555779923248, 0.014221807124922166, 0.031114350275098256]], "chi2_level": 0.997, "chi2_df": 3, "chi2_threshold": 13.931422665512084, "N_raw": 27, "N_roi": 26, "N_inlier": 26, "refit": true}
{"timestamp": "20:35:45.760665", "frame": 80, "mu": [0.46854470491167394, 4.329000965120883, 1.2456192805580022], "Sigma": [[0.026188751648830264, -0.006251508087365005, -0.018282140609982473], [-0.006251508087365005, 0.00585168245659714, 0.007588665727699441], [-0.018282140609982473, 0.007588665727699441, 0.016662695864517723]], "chi2_level": 0.997, "chi2_df": 3, "chi2_threshold": 13.931422665512084, "N_raw": 46, "N_roi": 43, "N_inlier": 41, "refit": true}
{"timestamp": "20:35:45.816353", "frame": 81, "mu": [0.5259433168316859, 4.397779767012559, 0.14455630853806936], "Sigma": [[0.02334766793446091, -0.00017883617578093466, -0.011075753669076102], [-0.00017883617578093498, 0.007274794039207458, -0.004882028445777918], [-0.011075753669076102, -0.004882028445777918, 0.015753353619430484]], "chi2_level": 0.997, "chi2_df": 3, "chi2_threshold": 13.931422665512084, "N_raw": 43, "N_roi": 41, "N_inlier": 38, "refit": true}
{"timestamp": "20:35:45.869940", "frame": 82, "mu": [0.5889591498840454, 4.272439789489561, 0.9845827531708823], "Sigma": [[0.017678068681094995, -0.0037517210553237182, -0.006109778480462378], [-0.0037517210553237182, 0.004143360882304565, 0.0017168474159496966], [-0.006109778480462378, 0.0017168474159496966, 0.0035733510871852722]], "chi2_level": 0.997, "chi2_df": 3, "chi2_threshold": 13.931422665512084, "N_raw": 37, "N_roi": 34, "N_inlier": 33, "refit": true}
{"timestamp": "20:35:46.144123", "frame": 87, "mu": [0.8322309104960351, 4.367350099125751, 1.127060977231812], "Sigma": [[0.012592619490361218, -0.0032307565322282792, -0.001152979813178386], [-0.003230756532228279, 0.008725035979753078, -0.02962551075962857], [-0.001152979813178386, -0.02962551075962857, 0.1391149768719933]], "chi2_level": 0.997, "chi2_df": 3, "chi2_threshold": 13.931422665512084, "N_raw": 30, "N_roi": 28, "N_inlier": 28, "refit": true}
{"timestamp": "20:35:46.363421", "frame": 91, "mu": [0.9554554000707655, 4.340942977872012, 1.281240886765874], "Sigma": [[0.01820080813006317, -0.006112121790347055, -0.011245926097982955], [-0.006112121790347055, 0.004637426905070788, 0.0007195088828680816], [-0.011245926097982955, 0.0007195088828680815, 0.01470983969941609]], "chi2_level": 0.997, "chi2_df": 3, "chi2_threshold": 13.931422665512084, "N_raw": 35, "N_roi": 35, "N_inlier": 35, "refit": true}
{"timestamp": "20:35:46.581664", "frame": 95, "mu": [1.1062085223576703, 4.487990012943761, 0.04688881008548033], "Sigma": [[0.00604589827435513, -0.0002444128244545718, 0.00048348931736695014], [-0.0002444128244545714, 0.02338053172655518, -0.06520382511727858], [0.00048348931736695014, -0.06520382511727858, 0.1884436401939336]], "chi2_level": 0.997, "chi2_df": 3, "chi2_threshold": 13.931422665512084, "N_raw": 14, "N_roi": 13, "N_inlier": 13, "refit": true}
{"timestamp": "20:35:46.691213", "frame": 97, "mu": [1.2101384476547006, 4.388599442986657, 0.380614441052507], "Sigma": [[0.0026761447915591876, 0.000115701008899815, -0.0021047630486688007], [0.00011570100889981498, 0.00542152601020431, -0.004635942211567006], [-0.0021047630486688007, -0.004635942211567006, 0.0075604498835952294]], "chi2_level": 0.997, "chi2_df": 3, "chi2_threshold": 13.931422665512084, "N_raw": 14, "N_roi": 11, "N_inlier": 11, "refit": true}
{"timestamp": "20:35:47.056428", "frame": 101, "mu": [1.44077076420981, 4.11732218779171, 1.0357887332569338], "Sigma": [[0.014847051222423047, -0.005054659475351823, -0.00463236044526556], [-0.005054659475351823, 0.004103798118238622, 0.003423902951931062], [-0.004632360445265559, 0.003423902951931062, 0.004236723110913544]], "chi2_level": 0.997, "chi2_df": 3, "chi2_threshold": 13.931422665512084, "N_raw": 19, "N_roi": 19, "N_inlier": 17, "refit": true}
{"timestamp": "20:35:47.086459", "frame": 102, "mu": [1.4969455182053322, 4.183329136744918, 1.2068445693071905], "Sigma": [[0.011836576263869263, -0.004307808435878666, -0.006409922912436542], [-0.004307808435878667, 0.005769211322313763, 0.00927706409246119], [-0.006409922912436543, 0.00927706409246119, 0.018384660064582465]], "chi2_level": 0.997, "chi2_df": 3, "chi2_threshold": 13.931422665512084, "N_raw": 18, "N_roi": 18, "N_inlier": 18, "refit": true}
{"timestamp": "20:35:47.116166", "frame": 103, "mu": [1.516459454287171, 4.123492141516656, 0.9386094988100305], "Sigma": [[0.01015750256877791, -0.0039043203742361752, -0.0066928988594058825], [-0.003904320374236175, 0.004025168996107226, 0.0017200711065224706], [-0.0066928988594058825, 0.0017200711065224706, 0.005944307924131279]], "chi2_level": 0.997, "chi2_df": 3, "chi2_threshold": 13.931422665512084, "N_raw": 17, "N_roi": 17, "N_inlier": 17, "refit": true}
{"timestamp": "20:35:47.146328", "frame": 104, "mu": [1.5315890437793225, 4.122229288776992, 1.0603393079464791], "Sigma": [[0.018805967427609937, -0.005023756855069279, -0.0024317668171855026], [-0.005023756855069278, 0.006185516001168847, 0.005074918643109253], [-0.0024317668171855017, 0.005074918643109253, 0.006356893830032208]], "chi2_level": 0.997, "chi2_df": 3, "chi2_threshold": 13.931422665512084, "N_raw": 30, "N_roi": 30, "N_inlier": 29, "refit": true}
{"timestamp": "20:35:47.177870", "frame": 105, "mu": [1.6023178756357932, 4.1957772974644545, -0.10639840855318569], "Sigma": [[0.025140011042843698, -0.005010246070666399, -0.015396400173786405], [-0.005010246070666399, 0.0040728322663036816, 0.0016575963503295018], [-0.015396400173786405, 0.0016575963503295018, 0.011658566867073481]], "chi2_level": 0.997, "chi2_df": 3, "chi2_threshold": 13.931422665512084, "N_raw": 36, "N_roi": 36, "N_inlier": 35, "refit": true}
{"timestamp": "20:35:47.208960", "frame": 106, "mu": [1.6900524955773915, 4.081567892053002, -0.9090543842935134], "Sigma": [[0.029973950019569328, -0.0008637038023807221, 0.043102938886176806], [-0.0008637038023807224, 0.005040883247629377, 0.009456228825352226], [0.043102938886176806, 0.009456228825352225, 0.16177992045941716]], "chi2_level": 0.997, "chi2_df": 3, "chi2_threshold": 13.931422665512084, "N_raw": 50, "N_roi": 48, "N_inlier": 48, "refit": true}
{"timestamp": "20:35:47.243365", "frame": 107, "mu": [1.766537314236992, 3.995144474396839, 0.9390941944097502], "Sigma": [[0.020039714894862375, -0.010326326799960317, -0.022056907620148093], [-0.010326326799960319, 0.006345826539324371, 0.00911300059940232], [-0.022056907620148093, 0.00911300059940232, 0.03539110145787704]], "chi2_level": 0.997, "chi2_df": 3, "chi2_threshold": 13.931422665512084, "N_raw": 28, "N_roi": 28, "N_inlier": 28, "refit": true}
{"timestamp": "20:35:47.353692", "frame": 109, "mu": [1.7724126828284363, 4.12040931990307, 0.03221648274861287], "Sigma": [[0.018014717940638345, -0.004792683636410418, -0.00986420976635954], [-0.004792683636410418, 0.004600723953975427, 0.0024224288742859612], [-0.00986420976635954, 0.0024224288742859612, 0.0066699768147708595]], "chi2_level": 0.997, "chi2_df": 3, "chi2_threshold": 13.931422665512084, "N_raw": 33, "N_roi": 33, "N_inlier": 32, "refit": true}
{"timestamp": "20:35:47.412098", "frame": 110, "mu": [1.8829912428545335, 3.9639743643296788, 0.9576714588639362], "Sigma": [[0.048193133288187, -0.00840269461106141, -0.042598945018084804], [-0.008402694611061412, 0.008097403590144735, 0.0032827053082618955], [-0.042598945018084804, 0.003282705308261896, 0.045125771442244694]], "chi2_level": 0.997, "chi2_df": 3, "chi2_threshold": 13.931422665512084, "N_raw": 55, "N_roi": 55, "N_inlier": 55, "refit": true}
{"timestamp": "20:35:47.465392", "frame": 111, "mu": [1.8044923329504112, 3.9621481561707905, -0.6923055022768759], "Sigma": [[0.022601773998505256, 0.0006061446654596959, 0.04920733020848293], [0.000606144665459696, 0.003984019798213418, 0.009482769853474128], [0.04920733020848293, 0.009482769853474127, 0.1830090988430163]], "chi2_level": 0.997, "chi2_df": 3, "chi2_threshold": 13.931422665512084, "N_raw": 37, "N_roi": 36, "N_inlier": 35, "refit": true}
{"timestamp": "20:35:47.519575", "frame": 112, "mu": [1.8007390985529612, 4.038786962694479, 0.01371337281396382], "Sigma": [[0.021860046613955658, -0.009339942717028982, -0.013129245681100467], [-0.009339942717028982, 0.0077332583834483675, 0.005534626706737267], [-0.013129245681100469, 0.005534626706737265, 0.010265876628315131]], "chi2_level": 0.997, "chi2_df": 3, "chi2_threshold": 13.931422665512084, "N_raw": 37, "N_roi": 37, "N_inlier": 37, "refit": true}
{"timestamp": "20:35:47.574635", "frame": 113, "mu": [1.724436325625751, 3.8878455271347807, 0.9737361323114306], "Sigma": [[0.02811957290386722, -0.007804658023545583, -0.007061066465936645], [-0.007804658023545583, 0.004922296626842046, 0.002185300936658985], [-0.007061066465936643, 0.002185300936658985, 0.0044614462780437755]], "chi2_level": 0.997, "chi2_df": 3, "chi2_threshold": 13.931422665512084, "N_raw": 35, "N_roi": 35, "N_inlier": 34, "refit": true}
{"timestamp": "20:35:47.633123", "frame": 114, "mu": [1.8451667176314586, 3.8340874211771467, 0.8563084712390717], "Sigma": [[0.049114973844878826, -0.019032629393741583, -0.03263721409814422], [-0.019032629393741583, 0.009463386688084023, 0.00981581496711634], [-0.03263721409814422, 0.00981581496711634, 0.03913175256588633]], "chi2_level": 0.997, "chi2_df": 3, "chi2_threshold": 13.931422665512084, "N_raw": 62, "N_roi": 62, "N_inlier": 62, "refit": true}
{"timestamp": "20:35:47.688898", "frame": 115, "mu": [1.941787280014468, 3.973071173682438, -0.15687860339867224], "Sigma": [[0.04085550787758038, -0.009964879641785652, -0.037938974137349535], [-0.009964879641785655, 0.007955442164242958, 0.00532428112989393], [-0.03793897413734954, 0.005324281129893929, 0.04188611984528592]], "chi2_level": 0.997, "chi2_df": 3, "chi2_threshold": 13.931422665512084, "N_raw": 61, "N_roi": 61, "N_inlier": 59, "refit": true}
{"timestamp": "20:35:47.799914", "frame": 117, "mu": [1.8096939265910907, 3.928939405482386, -0.06385790225464157], "Sigma": [[0.027899139922250196, -0.007048682363464133, -0.02055585289789998], [-0.0070486823634641335, 0.0063265050118898785, -0.000956185724529515], [-0.020555852897899983, -0.0009561857245295154, 0.025985103869284626]], "chi2_level": 0.997, "chi2_df": 3, "chi2_threshold": 13.931422665512084, "N_raw": 51, "N_roi": 48, "N_inlier": 48, "refit": true}
{"timestamp": "20:35:47.852809", "frame": 118, "mu": [1.7973317285418884, 3.771404281323096, 0.8897577087479209], "Sigma": [[0.032273301297567794, -0.01643400816434402, -0.023596193470874514], [-0.01643400816434402, 0.010772188758929404, 0.008107263311501689], [-0.023596193470874514, 0.008107263311501689, 0.027949172862979002]], "chi2_level": 0.997, "chi2_df": 3, "chi2_threshold": 13.931422665512084, "N_raw": 54, "N_roi": 54, "N_inlier": 54, "refit": true}
{"timestamp": "20:35:47.909862", "frame": 119, "mu": [1.9170156979568471, 3.835450899185782, -0.14498875034122238], "Sigma": [[0.027589780444466926, -0.009146404561345352, -0.024458846992049907], [-0.009146404561345352, 0.008848097438444792, -0.0066882420368489705], [-0.024458846992049907, -0.0066882420368489705, 0.06759059805848994]], "chi2_level": 0.997, "chi2_df": 3, "chi2_threshold": 13.931422665512084, "N_raw": 62, "N_roi": 59, "N_inlier": 59, "refit": true}
{"timestamp": "20:35:47.961659", "frame": 120, "mu": [1.8846481429541126, 3.668295718550522, 0.8759945421969407], "Sigma": [[0.024059950798726276, -0.015327266902865068, -0.021173249827815377], [-0.015327266902865068, 0.011438399787042497, 0.00931378651640397], [-0.021173249827815377, 0.009313786516403967, 0.03419158349582359]], "chi2_level": 0.997, "chi2_df": 3, "chi2_threshold": 13.931422665512084, "N_raw": 45, "N_roi": 45, "N_inlier": 44, "refit": true}
{"timestamp": "20:35:48.016377", "frame": 121, "mu": [1.8582685020948222, 3.646005557876585, 1.0482667851898955], "Sigma": [[0.022734604344129813, -0.010019333752116333, -0.016382322793759223], [-0.010019333752116333, 0.006361972571358737, 0.002793444002770332], [-0.016382322793759223, 0.0027934440027703317, 0.030269843178808528]], "chi2_level": 0.997, "chi2_df": 3, "chi2_threshold": 13.931422665512084, "N_raw": 47, "N_roi": 45, "N_inlier": 45, "refit": true}
{"timestamp": "20:35:48.070933", "frame": 122, "mu": [1.8964447711834689, 3.7105614070295894, -0.08579994599474206], "Sigma": [[0.023941922418392797, -0.01092525490910427, -0.01572911172099344], [-0.01092525490910427, 0.008898085832010993, 0.006792049306819765], [-0.01572911172099344, 0.006792049306819765, 0.01216374006805311]], "chi2_level": 0.997, "chi2_df": 3, "chi2_threshold": 13.931422665512084, "N_raw": 40, "N_roi": 40, "N_inlier": 40, "refit": true}
{"timestamp": "20:35:48.129372", "frame": 123, "mu": [1.8675464700890942, 3.5385768783014795, 0.9011637760317737], "Sigma": [[0.02526635019948424, -0.015339644178265685, -0.015699667589509587], [-0.015339644178265685, 0.01267195613968647, 0.002757812412095428], [-0.015699667589509587, 0.002757812412095428, 0.03378034913251915]], "chi2_level": 0.997, "chi2_df": 3, "chi2_threshold": 13.931422665512084, "N_raw": 63, "N_roi": 62, "N_inlier": 60, "refit": true}
{"timestamp": "20:35:48.182270", "frame": 124, "mu": [1.9306470595396283, 3.643623637215852, -0.19279131367092678], "Sigma": [[0.01835527836787032, -0.009560322753527042, -0.016020501577061537], [-0.009560322753527042, 0.011180603451093082, 0.0014768345992240898], [-0.016020501577061537, 0.0014768345992240898, 0.02605090153457759]], "chi2_level": 0.997, "chi2_df": 3, "chi2_threshold": 13.931422665512084, "N_raw": 43, "N_roi": 43, "N_inlier": 43, "refit": true}
{"timestamp": "20:35:48.237166", "frame": 125, "mu": [1.8815578934558639, 3.437867315805055, 0.9233012391144892], "Sigma": [[0.025837769111480446, -0.0164466541373483, -0.01670780926788098], [-0.0164466541373483, 0.012805004869973826, 0.00577741630570704], [-0.01670780926788098, 0.00577741630570704, 0.025534484302619884]], "chi2_level": 0.997, "chi2_df": 3, "chi2_threshold": 13.931422665512084, "N_raw": 53, "N_roi": 53, "N_inlier": 53, "refit": true}
{"timestamp": "20:35:48.296941", "frame": 126, "mu": [1.8931775590158335, 3.5541110059139895, -0.24595731216777134], "Sigma": [[0.023811652511364866, -0.013417416794571679, -0.011510483833115804], [-0.013417416794571679, 0.015399450134929231, -0.006835834704057558], [-0.011510483833115806, -0.006835834704057558, 0.031914724470968485]], "chi2_level": 0.997, "chi2_df": 3, "chi2_threshold": 13.931422665512084, "N_raw": 64, "N_roi": 64, "N_inlier": 64, "refit": true}
{"timestamp": "20:35:48.349571", "frame": 127, "mu": [1.8612613081744451, 3.3387996999707275, 0.811454784925161], "Sigma": [[0.02120193774132125, -0.015513034078945269, -0.003921212257194845], [-0.015513034078945269, 0.01571706741999681, -0.0014829412004456798], [-0.003921212257194845, -0.0014829412004456804, 0.03886079049017905]], "chi2_level": 0.997, "chi2_df": 3, "chi2_threshold": 13.931422665512084, "N_raw": 66, "N_roi": 66, "N_inlier": 65, "refit": true}
{"timestamp": "20:35:48.402407", "frame": 128, "mu": [1.8559551793408342, 3.4070992598599728, -0.13128564594408065], "Sigma": [[0.018026440801981826, -0.008664340214154104, -0.014109955868461005], [-0.008664340214154104, 0.009483702818873728, 0.009023537307167307], [-0.014109955868461005, 0.009023537307167307, 0.014735923760449384]], "chi2_level": 0.997, "chi2_df": 3, "chi2_threshold": 13.931422665512084, "N_raw": 47, "N_roi": 47, "N_inlier": 44, "refit": true}
{"timestamp": "20:35:48.459571", "frame": 129, "mu": [1.7957372832229266, 3.460440115655164, -0.1485757328927798], "Sigma": [[0.01822168196087455, -0.01092024720203889, -0.003971019292419994], [-0.01092024720203889, 0.01517010054098567, -0.010699904488792673], [-0.003971019292419994, -0.010699904488792673, 0.02700047443482748]], "chi2_level": 0.997, "chi2_df": 3, "chi2_threshold": 13.931422665512084, "N_raw": 60, "N_roi": 60, "N_inlier": 59, "refit": true}
{"timestamp": "20:35:48.520338", "frame": 130, "mu": [1.7214788511385484, 3.500997360604815, -0.20297331126857637], "Sigma": [[0.024499943298082503, -0.00794925822065032, -0.010892570239056057], [-0.007949258220650318, 0.016849290500895762, -0.021337089485609848], [-0.010892570239056057, -0.021337089485609848, 0.0674703278038659]], "chi2_level": 0.997, "chi2_df": 3, "chi2_threshold": 13.931422665512084, "N_raw": 92, "N_roi": 92, "N_inlier": 90, "refit": true}
{"timestamp": "20:35:48.574852", "frame": 131, "mu": [1.7083206139222367, 3.4852393561032535, -0.3153347448190874], "Sigma": [[0.02186917891518144, -0.008917153422527375, -0.008067734268068307], [-0.008917153422527375, 0.01563641355896124, -0.020991899990842337], [-0.008067734268068309, -0.020991899990842337, 0.07334490628891313]], "chi2_level": 0.997, "chi2_df": 3, "chi2_threshold": 13.931422665512084, "N_raw": 93, "N_roi": 91, "N_inlier": 89, "refit": true}
{"timestamp": "20:35:48.624361", "frame": 132, "mu": [1.6977530502428384, 3.227844809710563, 0.9769720387234037], "Sigma": [[0.016690364857938657, -0.008962862082756332, -0.015512985565105214], [-0.008962862082756332, 0.011844536883284696, 0.005662983082987684], [-0.015512985565105214, 0.005662983082987684, 0.035306367447309334]], "chi2_level": 0.997, "chi2_df": 3, "chi2_threshold": 13.931422665512084, "N_raw": 61, "N_roi": 60, "N_inlier": 60, "refit": true}
{"timestamp": "20:35:48.676487", "frame": 133, "mu": [1.6519490921885935, 3.3569720220678176, -0.08387382464763274], "Sigma": [[0.020213506902399238, -0.005929516736074611, -0.019698970342294536], [-0.005929516736074611, 0.00639882944142587, 0.006490905131322984], [-0.01969897034229454, 0.006490905131322984, 0.021756432042286097]], "chi2_level": 0.997, "chi2_df": 3, "chi2_threshold": 13.931422665512084, "N_raw": 48, "N_roi": 48, "N_inlier": 46, "refit": true}
{"timestamp": "20:35:48.734350", "frame": 134, "mu": [1.5921155060600105, 3.210615318603177, 0.9886531807572164], "Sigma": [[0.01695794858348991, -0.009117006704667857, -0.010675831759358023], [-0.009117006704667857, 0.010552284934842228, 0.0024795240979246947], [-0.010675831759358023, 0.002479524097924694, 0.011156973411538722]], "chi2_level": 0.997, "chi2_df": 3, "chi2_threshold": 13.931422665512084, "N_raw": 57, "N_roi": 57, "N_inlier": 54, "refit": true}
{"timestamp": "20:35:48.785263", "frame": 135, "mu": [1.482371325799344, 3.262280838267817, 1.2631443292924522], "Sigma": [[0.015009189575599434, -0.011825065835079923, -0.016371341981553718], [-0.011825065835079923, 0.012549069142225805, 0.012705338357940658], [-0.016371341981553718, 0.012705338357940656, 0.020214143009377118]], "chi2_level": 0.997, "chi2_df": 3, "chi2_threshold": 13.931422665512084, "N_raw": 36, "N_roi": 36, "N_inlier": 35, "refit": true}
{"timestamp": "20:35:48.841386", "frame": 136, "mu": [1.520698855233551, 3.2342536904213484, 1.0281528816007939], "Sigma": [[0.015759276051815152, -0.011629496926321982, -0.014507923524472242], [-0.011629496926321982, 0.011831676708705751, 0.006920609696141885], [-0.014507923524472242, 0.006920609696141887, 0.02343106511402385]], "chi2_level": 0.997, "chi2_df": 3, "chi2_threshold": 13.931422665512084, "N_raw": 49, "N_roi": 49, "N_inlier": 46, "refit": true}
{"timestamp": "20:35:48.900022", "frame": 137, "mu": [1.399486545510343, 3.3281058519166105, -0.4669848796761312], "Sigma": [[0.016787777768616546, -0.001123521745590971, 0.026269747804178657], [-0.0011235217455909706, 0.00715958424977998, -0.0023192427977236844], [0.026269747804178657, -0.002319242797723685, 0.12724073101968034]], "chi2_level": 0.997, "chi2_df": 3, "chi2_threshold": 13.931422665512084, "N_raw": 64, "N_roi": 64, "N_inlier": 61, "refit": true}
{"timestamp": "20:35:48.946258", "frame": 138, "mu": [1.5290730547797347, 3.119862531273067, 0.43547563224042996], "Sigma": [[0.010358582193218455, -0.007054879762167716, -0.037650257462720264], [-0.007054879762167716, 0.01583470092041356, -0.0017491714341972223], [-0.03765025746272026, -0.001749171434197218, 0.2480717003712231]], "chi2_level": 0.997, "chi2_df": 3, "chi2_threshold": 13.931422665512084, "N_raw": 11, "N_roi": 11, "N_inlier": 11, "refit": true}
{"timestamp": "20:35:49.005776", "frame": 139, "mu": [1.4004576012630254, 3.3809093221072626, -0.26579586877851663], "Sigma": [[0.013812698462547976, -0.006007089386825324, -0.00882607254669043], [-0.006007089386825324, 0.01027500026468182, -0.007051472710619383], [-0.00882607254669043, -0.007051472710619383, 0.03517963513519365]], "chi2_level": 0.997, "chi2_df": 3, "chi2_threshold": 13.931422665512084, "N_raw": 42, "N_roi": 42, "N_inlier": 40, "refit": true}
{"timestamp": "20:35:49.063453", "frame": 140, "mu": [1.3366011364469719, 3.1790726532928324, 1.0398047098606953], "Sigma": [[0.020127165369844373, -0.007979489870446664, 0.0015101196329983025], [-0.007979489870446664, 0.008639102508301591, -0.007180152189242698], [0.0015101196329983032, -0.0071801521892427, 0.011703406361584802]], "chi2_level": 0.997, "chi2_df": 3, "chi2_threshold": 13.931422665512084, "N_raw": 61, "N_roi": 60, "N_inlier": 59, "refit": true}
{"timestamp": "20:35:49.121397", "frame": 141, "mu": [1.263512206957593, 3.213942922963515, 0.9446344016002359], "Sigma": [[0.022384888490542404, -0.013007973391663073, 0.0019448940431938994], [-0.013007973391663074, 0.020406215926763782, -0.007766317975901943], [0.0019448940431938992, -0.007766317975901943, 0.008325520908750474]], "chi2_level": 0.997, "chi2_df": 3, "chi2_threshold": 13.931422665512084, "N_raw": 70, "N_roi": 69, "N_inlier": 68, "refit": true}
{"timestamp": "20:35:49.173588", "frame": 142, "mu": [1.148208557684963, 3.463773323916631, -0.31212051469454716], "Sigma": [[0.020972224846984085, -0.021164542293736113, 0.0060733611647794915], [-0.021164542293736113, 0.040967171824608906, -0.001571787830428462], [0.0060733611647794915, -0.0015717878304284617, 0.02339084746950388]], "chi2_level": 0.997, "chi2_df": 3, "chi2_threshold": 13.931422665512084, "N_raw": 60, "N_roi": 60, "N_inlier": 59, "refit": true}
