{"timestamp": "19:27:21.437396", "frame": 44, "mu": [1.5469545213842768, 0.9543318291132189, -0.41193809745573823], "Sigma": [[0.0013989000979217668, -0.000363940251080537, 5.8703576268011266e-05], [-0.00036394025108053705, 0.0057149533410848575, 6.963101289367784e-06], [5.870357626801127e-05, 6.963101289367729e-06, 0.00021337390388229005]], "chi2_level": 0.997, "chi2_df": 3, "chi2_threshold": 13.931422665512084, "N_raw": 15, "N_roi": 15, "N_inlier": 14, "refit": true}
{"timestamp": "19:27:21.932917", "frame": 53, "mu": [1.1802346579934864, 1.1998065238701923, 1.320212537543801], "Sigma": [[0.003921542868373256, -0.0019802822072323327, -0.0025650850970888777], [-0.001980282207232333, 0.003715758039676694, 0.002971627673822039], [-0.0025650850970888777, 0.002971627673822039, 0.009348722104530013]], "chi2_level": 0.997, "chi2_df": 3, "chi2_threshold": 13.931422665512084, "N_raw": 28, "N_roi": 28, "N_inlier": 26, "refit": true}
{"timestamp": "19:27:21.985792", "frame": 54, "mu": [1.098089572049602, 1.3500735173765717, -0.4707146552617732], "Sigma": [[0.002883941287234793, -0.0006861377513021854, -0.006068175882238064], [-0.0006861377513021854, 0.0016259660466085184, -0.0011551163553413174], [-0.006068175882238064, -0.0011551163553413174, 0.028318816331733575]], "chi2_level": 0.997, "chi2_df": 3, "chi2_threshold": 13.931422665512084, "N_raw": 14, "N_roi": 14, "N_inlier": 14, "refit": true}
{"timestamp": "19:27:22.098667", "frame": 56, "mu": [1.0212243057044945, 1.3882000312492913, 1.4050701719531735], "Sigma": [[0.0028160333688959874, -0.0012919554917671043, -0.0009063717117300108], [-0.001291955491767104, 0.00437639662591447, -0.00031538606161643555], [-0.0009063717117300108, -0.00031538606161643555, 0.001636722668476434]], "chi2_level": 0.997, "chi2_df": 3, "chi2_threshold": 13.931422665512084, "N_raw": 31, "N_roi": 31, "N_inlier": 29, "refit": true}
{"timestamp": "19:27:22.153739", "frame": 57, "mu": [0.9696379808838422, 1.2385999093003246, 1.2322322574807765], "Sigma": [[0.0019096581438995716, 0.0011576125182374292, 0.00013776966549289835], [0.001157612518237429, 0.016096887983220214, 0.008215977326476085], [0.00013776966549289835, 0.008215977326476087, 0.005619697712442323]], "chi2_level": 0.997, "chi2_df": 3, "chi2_threshold": 13.931422665512084, "N_raw": 16, "N_roi": 16, "N_inlier": 15, "refit": true}
{"timestamp": "19:27:22.211265", "frame": 58, "mu": [0.9383211097201164, 1.3446283666867052, 1.2851445207517922], "Sigma": [[0.004171615729691971, 0.0016834489549112813, 0.0016966508631673538], [0.0016834489549112813, 0.009369266779989687, 0.006872227570278732], [0.0016966508631673538, 0.006872227570278732, 0.007280305246948107]], "chi2_level": 0.997, "chi2_df": 3, "chi2_threshold": 13.931422665512084, "N_raw": 34, "N_roi": 34, "N_inlier": 33, "refit": true}
{"timestamp": "19:27:22.268613", "frame": 59, "mu": [0.8926564914313789, 1.4011942150499748, 1.2837755737890653], "Sigma": [[0.005248954882792444, 0.002019835719312086, 0.0045847469084164295], [0.002019835719312086, 0.006561885266977284, 0.005523199069237718], [0.0045847469084164295, 0.0055231990692377175, 0.016166048505578148]], "chi2_level": 0.997, "chi2_df": 3, "chi2_threshold": 13.931422665512084, "N_raw": 47, "N_roi": 47, "N_inlier": 46, "refit": true}
{"timestamp": "19:27:22.322781", "frame": 60, "mu": [0.8595027161494113, 1.6040696020570797, -0.3559652608884434], "Sigma": [[0.005176815913927781, 0.0016806148335021297, 0.00485402527521933], [0.0016806148335021297, 0.00616570493142136, 0.005089926001892083], [0.00485402527521933, 0.005089926001892083, 0.013862740166954681]], "chi2_level": 0.997, "chi2_df": 3, "chi2_threshold": 13.931422665512084, "N_raw": 47, "N_roi": 47, "N_inlier": 46, "refit": true}
{"timestamp": "19:27:22.376711", "frame": 61, "mu": [0.7814145142311995, 1.440563224602326, 1.1689083720606506], "Sigma": [[0.004920497936948802, -0.0014528047159239478, -0.0018887220886133116], [-0.0014528047159239475, 0.0044155723985138525, -0.0004048495941073941], [-0.0018887220886133116, -0.0004048495941073941, 0.0013644204627479813]], "chi2_level": 0.997, "chi2_df": 3, "chi2_threshold": 13.931422665512084, "N_raw": 40, "N_roi": 40, "N_inlier": 39, "refit": true}
{"timestamp": "19:27:22.436253", "frame": 62, "mu": [0.8097083025842305, 1.608439206880607, 1.244630036143521], "Sigma": [[0.006645956999748443, 0.0030513489339362935, 0.004116399283524228], [0.0030513489339362935, 0.005020765955541598, 6.672767176883851e-05], [0.004116399283524227, 6.672767176883851e-05, 0.016520586835936747]], "chi2_level": 0.997, "chi2_df": 3, "chi2_threshold": 13.931422665512084, "N_raw": 65, "N_roi": 65, "N_inlier": 61, "refit": true}
{"timestamp": "19:27:22.492188", "frame": 63, "mu": [0.7446797952556351, 1.6179700979936156, 1.1997712118369899], "Sigma": [[0.004846022997383961, 0.0007366552983456025, 0.0019392887551311292], [0.0007366552983456029, 0.007426442363045515, 0.011401220510423856], [0.001939288755131129, 0.011401220510423856, 0.05279742598058525]], "chi2_level": 0.997, "chi2_df": 3, "chi2_threshold": 13.931422665512084, "N_raw": 64, "N_roi": 64, "N_inlier": 62, "refit": true}
{"timestamp": "19:27:22.542739", "frame": 64, "mu": [0.6983540992297259, 1.6362924458420391, 0.9517781107616832], "Sigma": [[0.009627800167712143, 0.0002820045515410366, -0.022139263444322592], [0.0002820045515410366, 0.004523939100531542, 0.0028068988663445624], [-0.022139263444322592, 0.0028068988663445607, 0.1715189226713249]], "chi2_level": 0.997, "chi2_df": 3, "chi2_threshold": 13.931422665512084, "N_raw": 37, "N_roi": 37, "N_inlier": 36, "refit": true}
{"timestamp": "19:27:22.597640", "frame": 65, "mu": [0.7699356527570326, 1.7916215141231198, 1.4428223363472181], "Sigma": [[0.006568805738825761, 0.00029300973323764177, 0.004091118952768797], [0.00029300973323764166, 0.002352224715451228, -0.0006894727689950765], [0.004091118952768797, -0.0006894727689950766, 0.012030996992761325]], "chi2_level": 0.997, "chi2_df": 3, "chi2_threshold": 13.931422665512084, "N_raw": 45, "N_roi": 45, "N_inlier": 42, "refit": true}
{"timestamp": "19:27:22.655302", "frame": 66, "mu": [0.6500593698226328, 1.9620638116852713, -0.3791840538244181], "Sigma": [[0.008909073423083511, 0.005900060208485266, -0.01005451184434942], [0.005900060208485266, 0.012423996241986876, -0.029872559153054302], [-0.01005451184434942, -0.029872559153054302, 0.1307305025530556]], "chi2_level": 0.997, "chi2_df": 3, "chi2_threshold": 13.931422665512084, "N_raw": 63, "N_roi": 63, "N_inlier": 62, "refit": true}
{"timestamp": "19:27:22.710097", "frame": 67, "mu": [0.6021807421656418, 1.8163662411623818, 1.1780086645576577], "Sigma": [[0.006367545906655785, -0.0013684292406339264, -0.006838251801944419], [-0.0013684292406339266, 0.0041859082870148775, 0.0055260324476652965], [-0.00683825180194442, 0.0055260324476652965, 0.08036001399826243]], "chi2_level": 0.997, "chi2_df": 3, "chi2_threshold": 13.931422665512084, "N_raw": 61, "N_roi": 61, "N_inlier": 59, "refit": true}
{"timestamp": "19:27:22.768090", "frame": 68, "mu": [0.5682212254526385, 1.8949723621875783, 1.2357511473510103], "Sigma": [[0.006766742896730081, 0.000585835646636304, -0.004113559956353304], [0.000585835646636304, 0.007357324088429412, -0.002764303838074928], [-0.004113559956353304, -0.002764303838074928, 0.03889585848885867]], "chi2_level": 0.997, "chi2_df": 3, "chi2_threshold": 13.931422665512084, "N_raw": 78, "N_roi": 78, "N_inlier": 75, "refit": true}
{"timestamp": "19:27:22.818817", "frame": 69, "mu": [0.5256938251986217, 1.8944661338782907, 0.9389470996788966], "Sigma": [[0.005965598781027886, -0.001388813602156678, -0.011220989538109571], [-0.0013888136021566778, 0.006401798331187412, -0.007253215515817472], [-0.011220989538109571, -0.007253215515817472, 0.1242527147417034]], "chi2_level": 0.997, "chi2_df": 3, "chi2_threshold": 13.931422665512084, "N_raw": 54, "N_roi": 54, "N_inlier": 53, "refit": true}
{"timestamp": "19:27:22.869563", "frame": 70, "mu": [0.530979422936674, 1.9552410114331609, 0.7162341453196989], "Sigma": [[0.005490959187817015, 0.0026721343572662917, -0.0005421563331154036], [0.0026721343572662917, 0.004108423468604266, 0.02064433048746671], [-0.0005421563331154001, 0.02064433048746671, 0.4461865405860781]], "chi2_level": 0.997, "chi2_df": 3, "chi2_threshold": 13.931422665512084, "N_raw": 13, "N_roi": 13, "N_inlier": 13, "refit": true}
{"timestamp": "19:27:22.926857", "frame": 71, "mu": [0.44004219193078126, 1.9644943746853474, 1.1263075871705834], "Sigma": [[0.003763145891601884, 0.0003308512957419924, -0.0028481339546300916], [0.0003308512957419927, 0.003574576830958744, -0.008362199888977724], [-0.002848133954630092, -0.008362199888977725, 0.15911884993263978]], "chi2_level": 0.997, "chi2_df": 3, "chi2_threshold": 13.931422665512084, "N_raw": 34, "N_roi": 33, "N_inlier": 32, "refit": true}
{"timestamp": "19:27:22.978786", "frame": 72, "mu": [0.40043471002911674, 2.074934721617947, 0.6617520353445241], "Sigma": [[0.009188729980088814, -0.009022495692133143, 0.023616824264392648], [-0.009022495692133144, 0.021238898400178965, -0.021060660905488034], [0.023616824264392648, -0.021060660905488034, 0.4556090263066093]], "chi2_level": 0.997, "chi2_df": 3, "chi2_threshold": 13.931422665512084, "N_raw": 12, "N_roi": 10, "N_inlier": 10, "refit": true}
{"timestamp": "19:27:23.033428", "frame": 73, "mu": [0.5845597528889095, 2.8736575846476646, 0.7026118459958046], "Sigma": [[0.08481526999205824, 0.2930026780161161, 0.023280902558777565], [0.2930026780161161, 1.176932619902394, -0.051704856007816824], [0.023280902558777565, -0.051704856007816824, 0.30664577023872935]], "chi2_level": 0.997, "chi2_df": 3, "chi2_threshold": 13.931422665512084, "N_raw": 14, "N_roi": 14, "N_inlier": 14, "refit": true}
{"timestamp": "19:27:23.089527", "frame": 74, "mu": [0.4904882846084103, 2.722671530270822, -1.1104603564491906], "Sigma": [[0.03832898862870226, 0.18044484342897427, -0.01308491045407386], [0.1804448434289743, 0.8966402329873493, -0.13620036713939354], [-0.013084910454073857, -0.1362003671393935, 0.31558850563785457]], "chi2_level": 0.997, "chi2_df": 3, "chi2_threshold": 13.931422665512084, "N_raw": 20, "N_roi": 19, "N_inlier": 18, "refit": true}
{"timestamp": "19:27:23.151359", "frame": 75, "mu": [0.38679686681333775, 2.1628694239082336, 0.9308328253153783], "Sigma": [[0.03328798721473185, 0.00039744828365220053, -0.07464112525547922], [0.00039744828365220064, 0.0028345963750206916, -0.00116420634869538], [-0.07464112525547922, -0.00116420634869538, 0.19619494131711865]], "chi2_level": 0.997, "chi2_df": 3, "chi2_threshold": 13.931422665512084, "N_raw": 69, "N_roi": 66, "N_inlier": 66, "refit": true}
{"timestamp": "19:27:23.210893", "frame": 76, "mu": [0.36157918772167685, 2.2608737534674446, 1.0301694123375402], "Sigma": [[0.016513122422771316, 0.0006946353145548887, -0.037770440492257244], [0.000694635314554889, 0.005447789998320205, 0.0006770983237984335], [-0.037770440492257244, 0.0006770983237984348, 0.15758446441774904]], "chi2_level": 0.997, "chi2_df": 3, "chi2_threshold": 13.931422665512084, "N_raw": 93, "N_roi": 90, "N_inlier": 90, "refit": true}
{"timestamp": "19:27:23.259439", "frame": 77, "mu": [0.16930414041965977, 2.3015612476998326, 1.210383761025701], "Sigma": [[0.008278346086435618, -0.0003673246240851048, -0.006229102522665108], [-0.00036732462408510476, 0.003692182100626652, 0.0009969543543838731], [-0.006229102522665106, 0.0009969543543838727, 0.11911089360885804]], "chi2_level": 0.997, "chi2_df": 3, "chi2_threshold": 13.931422665512084, "N_raw": 49, "N_roi": 49, "N_inlier": 47, "refit": true}
{"timestamp": "19:27:23.318892", "frame": 78, "mu": [0.24495549061535818, 2.3688322819094356, 0.9241411660750911], "Sigma": [[0.014780512055522731, -0.002655337999888579, -0.040183731757032395], [-0.0026553379998885793, 0.0024601883022596013, 0.002034455614373124], [-0.040183731757032395, 0.0020344556143731237, 0.1920457807890541]], "chi2_level": 0.997, "chi2_df": 3, "chi2_threshold": 13.931422665512084, "N_raw": 88, "N_roi": 88, "N_inlier": 86, "refit": true}
{"timestamp": "19:27:23.372471", "frame": 79, "mu": [0.1405936612727099, 2.427966828993328, 1.2703154701715234], "Sigma": [[0.007600725335444108, 0.00022106161702273148, -0.01102022099813129], [0.00022106161702273154, 0.005408623320809556, -0.0024742285989051544], [-0.01102022099813129, -0.0024742285989051535, 0.11566604939850023]], "chi2_level": 0.997, "chi2_df": 3, "chi2_threshold": 13.931422665512084, "N_raw": 67, "N_roi": 67, "N_inlier": 65, "refit": true}
{"timestamp": "19:27:23.428013", "frame": 80, "mu": [0.08281211235862868, 2.480124125819228, 1.340407422853082], "Sigma": [[0.010049399980724254, 0.0013911061908520094, -0.005372461219687615], [0.0013911061908520096, 0.007441533236517952, -0.0020814244779005907], [-0.005372461219687615, -0.0020814244779005907, 0.01988132348541099]], "chi2_level": 0.997, "chi2_df": 3, "chi2_threshold": 13.931422665512084, "N_raw": 76, "N_roi": 76, "N_inlier": 73, "refit": true}
{"timestamp": "19:27:23.478425", "frame": 81, "mu": [0.02126192463112765, 2.532611335409701, 1.4389910664627452], "Sigma": [[0.008452950427991381, 0.0015983116845950402, 0.0032990216236618037], [0.0015983116845950402, 0.005263770543294869, 0.0030048954854886966], [0.0032990216236618037, 0.0030048954854886966, 0.004071854643158659]], "chi2_level": 0.997, "chi2_df": 3, "chi2_threshold": 13.931422665512084, "N_raw": 46, "N_roi": 46, "N_inlier": 42, "refit": true}
{"timestamp": "19:27:23.535774", "frame": 82, "mu": [-0.04157159088102567, 2.5331721337545026, 1.1634107638227547], "Sigma": [[0.007624500339547455, 0.0013149971678452122, 0.005419364998755801], [0.0013149971678452122, 0.006291674714562607, 0.024480833181583905], [0.005419364998755801, 0.024480833181583905, 0.20552913548177013]], "chi2_level": 0.997, "chi2_df": 3, "chi2_threshold": 13.931422665512084, "N_raw": 56, "N_roi": 56, "N_inlier": 54, "refit": true}
{"timestamp": "19:27:23.589986", "frame": 83, "mu": [-0.08533860297545424, 2.544379710073181, 1.3160380731202312], "Sigma": [[0.010139226611039153, 0.0005747085886179363, -0.007957999139974904], [0.0005747085886179363, 0.0060479491677001744, -0.006948335893023825], [-0.007957999139974904, -0.006948335893023825, 0.06755974720051303]], "chi2_level": 0.997, "chi2_df": 3, "chi2_threshold": 13.931422665512084, "N_raw": 61, "N_roi": 61, "N_inlier": 57, "refit": true}
{"timestamp": "19:27:23.646666", "frame": 84, "mu": [-0.09809354987924776, 2.619683873913296, 1.3316908840504484], "Sigma": [[0.009109971501546575, -0.00019971998488659706, -0.0013592487656467478], [-0.00019971998488659706, 0.0037705787695204857, -0.000875320706048538], [-0.0013592487656467478, -0.0008753207060485382, 0.05325780643152804]], "chi2_level": 0.997, "chi2_df": 3, "chi2_threshold": 13.931422665512084, "N_raw": 66, "N_roi": 66, "N_inlier": 62, "refit": true}
{"timestamp": "19:27:23.706979", "frame": 85, "mu": [-0.10736361115435436, 2.6514368035299323, 1.1794132504686692], "Sigma": [[0.017999351400342332, -0.0005688641413839603, -0.03073943934317587], [-0.0005688641413839602, 0.008798598738523384, 0.0037321108017895647], [-0.03073943934317587, 0.0037321108017895643, 0.0923370341332383]], "chi2_level": 0.997, "chi2_df": 3, "chi2_threshold": 13.931422665512084, "N_raw": 102, "N_roi": 102, "N_inlier": 98, "refit": true}
{"timestamp": "19:27:23.761389", "frame": 86, "mu": [-0.14454325392621253, 2.7002951165025264, 1.23640014893626], "Sigma": [[0.01912114601162984, -0.006225304410420731, -0.043491864514455615], [-0.006225304410420732, 0.013644805992327308, 0.03077954697032462], [-0.04349186451445561, 0.030779546970324617, 0.1856467486379044]], "chi2_level": 0.997, "chi2_df": 3, "chi2_threshold": 13.931422665512084, "N_raw": 96, "N_roi": 95, "N_inlier": 92, "refit": true}
{"timestamp": "19:27:23.820093", "frame": 87, "mu": [-0.1944025203570219, 2.658657340641539, 0.7447368416664883], "Sigma": [[0.0179409860268811, 0.006289184873106432, 0.008157107081940479], [0.006289184873106432, 0.19861752472242622, 0.24946620159871744], [0.008157107081940479, 0.24946620159871744, 0.7199818519137623]], "chi2_level": 0.997, "chi2_df": 3, "chi2_threshold": 13.931422665512084, "N_raw": 120, "N_roi": 120, "N_inlier": 119, "refit": true}
{"timestamp": "19:27:23.871841", "frame": 88, "mu": [-0.2890980955949006, 2.781931869601174, 0.7652175766699713], "Sigma": [[0.014865344780790919, 0.0017455869708167308, 0.020850326603236075], [0.0017455869708167312, 0.0050444492335546915, 0.024021418661008584], [0.020850326603236075, 0.024021418661008584, 0.6315851015045568]], "chi2_level": 0.997, "chi2_df": 3, "chi2_threshold": 13.931422665512084, "N_raw": 97, "N_roi": 97, "N_inlier": 92, "refit": true}
{"timestamp": "19:27:23.926446", "frame": 89, "mu": [-0.3126328372518271, 2.8671533471743498, 0.7579368069491842], "Sigma": [[0.015955066670989927, 0.00010222877926977073, -0.0026560418002971905], [0.00010222877926977083, 0.003920539699787575, -0.01585342967987162], [-0.002656041800297193, -0.01585342967987162, 0.6036834555081404]], "chi2_level": 0.997, "chi2_df": 3, "chi2_threshold": 13.931422665512084, "N_raw": 94, "N_roi": 93, "N_inlier": 91, "refit": true}
{"timestamp": "19:27:23.982447", "frame": 90, "mu": [-0.2722540706672426, 2.9371323624343315, 1.1381643803838837], "Sigma": [[0.014038751898249513, 0.0003727085338034808, -0.002684802148151203], [0.0003727085338034808, 0.007762723015026008, -0.022479536813152935], [-0.0026848021481512027, -0.022479536813152935, 0.17746006157606767]], "chi2_level": 0.997, "chi2_df": 3, "chi2_threshold": 13.931422665512084, "N_raw": 102, "N_roi": 102, "N_inlier": 102, "refit": true}
{"timestamp": "19:27:24.033420", "frame": 91, "mu": [-0.36817593332326914, 2.9419190444260614, 1.1991301719214125], "Sigma": [[0.01616056472367529, 0.002330864012477778, -0.00038678625630182055], [0.002330864012477778, 0.010629626701294739, -0.02321240112620624], [-0.00038678625630182055, -0.023212401126206244, 0.08026128654757154]], "chi2_level": 0.997, "chi2_df": 3, "chi2_threshold": 13.931422665512084, "N_raw": 75, "N_roi": 75, "N_inlier": 73, "refit": true}
{"timestamp": "19:27:24.084063", "frame": 92, "mu": [-0.3462976311642852, 3.0067592289765006, 1.2971107101829613], "Sigma": [[0.010992867746735939, 0.00044200379068398856, 0.0035725094301555195], [0.00044200379068398845, 0.006322515030560839, -0.013881355061013833], [0.0035725094301555186, -0.013881355061013833, 0.1716518350751525]], "chi2_level": 0.997, "chi2_df": 3, "chi2_threshold": 13.931422665512084, "N_raw": 50, "N_roi": 50, "N_inlier": 50, "refit": true}
{"timestamp": "19:27:24.142322", "frame": 93, "mu": [-0.4436774935242318, 2.994267020645131, 1.2580846624938484], "Sigma": [[0.017020749916980125, 0.003327954019560549, -0.010898212767690863], [0.003327954019560549, 0.007077040901851984, -0.013510453790231643], [-0.01089821276769086, -0.013510453790231643, 0.08421391800132108]], "chi2_level": 0.997, "chi2_df": 3, "chi2_threshold": 13.931422665512084, "N_raw": 76, "N_roi": 76, "N_inlier": 74, "refit": true}
{"timestamp": "19:27:24.193052", "frame": 94, "mu": [-0.4877030108751205, 3.0218918249152154, -0.4882363418671547], "Sigma": [[0.016384094388044064, 0.005423393668135171, 0.03206419037302492], [0.005423393668135171, 0.006708085450898655, 0.012447768683394641], [0.03206419037302492, 0.012447768683394641, 0.24388829777808538]], "chi2_level": 0.997, "chi2_df": 3, "chi2_threshold": 13.931422665512084, "N_raw": 48, "N_roi": 48, "N_inlier": 47, "refit": true}
{"timestamp": "19:27:24.257082", "frame": 95, "mu": [-0.4263406222646107, 3.089870023440424, 1.0079291508016381], "Sigma": [[0.02964248872777244, 0.004871415460561981, -0.050447378032603844], [0.004871415460561981, 0.0041521182840669486, -0.01552431929679356], [-0.050447378032603844, -0.01552431929679356, 0.14240974423265015]], "chi2_level": 0.997, "chi2_df": 3, "chi2_threshold": 13.931422665512084, "N_raw": 98, "N_roi": 98, "N_inlier": 96, "refit": true}
{"timestamp": "19:27:24.305450", "frame": 96, "mu": [-0.37942536142215244, 3.1633318691123717, 0.862607667084704], "Sigma": [[0.02846796811872787, 0.0011719139836749311, -0.0637768197294566], [0.0011719139836749311, 0.002325909897957825, -0.006571968675575725], [-0.0637768197294566, -0.006571968675575724, 0.20132728433372374]], "chi2_level": 0.997, "chi2_df": 3, "chi2_threshold": 13.931422665512084, "N_raw": 56, "N_roi": 56, "N_inlier": 56, "refit": true}
{"timestamp": "19:27:24.366544", "frame": 97, "mu": [-0.5294694990179998, 3.1710819705782387, 1.115839682861565], "Sigma": [[0.03355411402598571, 0.004935845451831965, -0.0560391502413005], [0.0049358454518319645, 0.005704161987215724, -0.010825827007617648], [-0.05603915024130051, -0.010825827007617648, 0.14425018392782846]], "chi2_level": 0.997, "chi2_df": 3, "chi2_threshold": 13.931422665512084, "N_raw": 87, "N_roi": 87, "N_inlier": 87, "refit": true}
{"timestamp": "19:27:24.412257", "frame": 98, "mu": [-0.5722688825179895, 3.289656629453283, 1.2688949758470944], "Sigma": [[0.012807621517157683, 0.0005621092654014519, -0.010426237083031233], [0.0005621092654014519, 0.0006551681672173146, -0.0034646023885119247], [-0.010426237083031233, -0.0034646023885119242, 0.045412672742888696]], "chi2_level": 0.997, "chi2_df": 3, "chi2_threshold": 13.931422665512084, "N_raw": 35, "N_roi": 35, "N_inlier": 34, "refit": true}
{"timestamp": "19:27:24.466678", "frame": 99, "mu": [-0.44869550701677874, 3.318950449980356, 0.5773232344899148], "Sigma": [[0.016428719076829707, -0.003107492862888208, -0.020131349164482414], [-0.003107492862888207, 0.002097802029241036, -0.0008313047762488256], [-0.020131349164482414, -0.000831304776248826, 0.050566843505441245]], "chi2_level": 0.997, "chi2_df": 3, "chi2_threshold": 13.931422665512084, "N_raw": 41, "N_roi": 41, "N_inlier": 40, "refit": true}
{"timestamp": "19:27:24.593007", "frame": 100, "mu": [-0.7026770826529074, 3.452307150219096, 0.03222894444704213], "Sigma": [[0.016297388194559302, 0.003218035360460301, -0.003084808535582109], [0.0032180353604603015, 0.0037160201344000553, -0.004198606678271384], [-0.0030848085355821087, -0.004198606678271384, 0.006130453811711366]], "chi2_level": 0.997, "chi2_df": 3, "chi2_threshold": 13.931422665512084, "N_raw": 39, "N_roi": 38, "N_inlier": 36, "refit": true}
{"timestamp": "19:27:24.627974", "frame": 101, "mu": [-0.7401714622247848, 3.325815139354579, 1.1474644150007633], "Sigma": [[0.015144564512455652, 0.00042484206521248275, -0.013974209636180374], [0.00042484206521248275, 0.0047019989059956585, -0.009231169325111265], [-0.013974209636180372, -0.009231169325111265, 0.10209442078297123]], "chi2_level": 0.997, "chi2_df": 3, "chi2_threshold": 13.931422665512084, "N_raw": 64, "N_roi": 62, "N_inlier": 60, "refit": true}
{"timestamp": "19:27:24.674964", "frame": 102, "mu": [-0.8216794172833695, 3.43074978635488, 0.23353769657879575], "Sigma": [[0.016513501393601752, 0.0031474778332594, -0.0021175332676837528], [0.0031474778332594, 0.008834275496523663, -0.0034382225925000346], [-0.0021175332676837528, -0.0034382225925000346, 0.004850202647305418]], "chi2_level": 0.997, "chi2_df": 3, "chi2_threshold": 13.931422665512084, "N_raw": 67, "N_roi": 67, "N_inlier": 65, "refit": true}
{"timestamp": "19:27:24.706218", "frame": 103, "mu": [-0.8980152498280173, 3.453606509887587, -0.014989717077362756], "Sigma": [[0.00949113830815114, 0.004726688607038783, -0.00654276350740239], [0.004726688607038782, 0.02416810753711568, -0.05639666049448003], [-0.006542763507402391, -0.05639666049448003, 0.1536176769406899]], "chi2_level": 0.997, "chi2_df": 3, "chi2_threshold": 13.931422665512084, "N_raw": 33, "N_roi": 33, "N_inlier": 33, "refit": true}
{"timestamp": "19:27:24.745901", "frame": 104, "mu": [-0.89568709631933, 3.5123376194537173, 0.1716961261581833], "Sigma": [[0.01656391964143527, 0.004966799012443034, -0.01139851295283928], [0.0049667990124430345, 0.008274980569789665, -0.014274920397164863], [-0.01139851295283928, -0.014274920397164863, 0.04416366645101845]], "chi2_level": 0.997, "chi2_df": 3, "chi2_threshold": 13.931422665512084, "N_raw": 59, "N_roi": 58, "N_inlier": 55, "refit": true}
{"timestamp": "19:27:24.798992", "frame": 105, "mu": [-0.8876701845086558, 3.4623425032703965, 0.9369028599746603], "Sigma": [[0.015106710947247326, 0.0031670323603629627, -0.0063154645186152165], [0.0031670323603629627, 0.003211946149675732, -0.005077352052503011], [-0.0063154645186152165, -0.00507735205250301, 0.014519466609724597]], "chi2_level": 0.997, "chi2_df": 3, "chi2_threshold": 13.931422665512084, "N_raw": 43, "N_roi": 43, "N_inlier": 40, "refit": true}
{"timestamp": "19:27:24.852270", "frame": 106, "mu": [-0.8515042319534419, 3.5310633632072608, 0.5839823091870581], "Sigma": [[0.009676801962219221, -0.001958260847217387, -0.011213421563525538], [-0.001958260847217387, 0.0019381866602660562, 0.00834951641829363], [-0.011213421563525538, 0.00834951641829363, 0.07965431536410938]], "chi2_level": 0.997, "chi2_df": 3, "chi2_threshold": 13.931422665512084, "N_raw": 31, "N_roi": 31, "N_inlier": 29, "refit": true}
{"timestamp": "19:27:24.910947", "frame": 107, "mu": [-0.9483841698665197, 3.5760643378868693, 1.0893033386257789], "Sigma": [[0.014968952213565553, 0.004788522384165337, -0.026414089407114195], [0.004788522384165337, 0.005551338643901379, -0.013503302088708353], [-0.02641408940711419, -0.013503302088708353, 0.06969227844201933]], "chi2_level": 0.997, "chi2_df": 3, "chi2_threshold": 13.931422665512084, "N_raw": 59, "N_roi": 58, "N_inlier": 55, "refit": true}
{"timestamp": "19:27:24.960912", "frame": 108, "mu": [-0.9360309292082022, 3.5747869358505877, 0.8360256810398784], "Sigma": [[0.016347571411998427, -0.0020878381785193463, -0.032766065539737606], [-0.0020878381785193463, 0.0011428371531684107, 0.005844632335381216], [-0.032766065539737606, 0.005844632335381215, 0.10761422234718546]], "chi2_level": 0.997, "chi2_df": 3, "chi2_threshold": 13.931422665512084, "N_raw": 35, "N_roi": 35, "N_inlier": 33, "refit": true}
{"timestamp": "19:27:25.022692", "frame": 109, "mu": [-1.043996768717287, 3.6608002252003926, -0.9164525444904055], "Sigma": [[0.02001183560949284, 0.0020742669543750976, -0.02348316799250503], [0.002074266954375098, 0.003366090655452092, -0.009588356132283819], [-0.02348316799250503, -0.009588356132283819, 0.056331026032001796]], "chi2_level": 0.997, "chi2_df": 3, "chi2_threshold": 13.931422665512084, "N_raw": 70, "N_roi": 67, "N_inlier": 64, "refit": true}
{"timestamp": "19:27:25.073049", "frame": 110, "mu": [-1.1598500109269039, 3.7228855022190617, -0.2364747416251185], "Sigma": [[0.012258411645616038, 0.005335637284265019, 0.03293388999912869], [0.005335637284265019, 0.0077131694373660615, 0.024696313889086864], [0.032933889999128683, 0.024696313889086864, 0.1670675913286965]], "chi2_level": 0.997, "chi2_df": 3, "chi2_threshold": 13.931422665512084, "N_raw": 36, "N_roi": 35, "N_inlier": 33, "refit": true}
{"timestamp": "19:27:25.126231", "frame": 111, "mu": [-1.12054312811555, 3.769730773130786, 1.1199974631565057], "Sigma": [[0.0100791344530526, 0.0016638986304143748, -0.014754110965868131], [0.0016638986304143748, 0.0015859666039984997, -0.005479494197117658], [-0.014754110965868131, -0.005479494197117657, 0.050487302784199245]], "chi2_level": 0.997, "chi2_df": 3, "chi2_threshold": 13.931422665512084, "N_raw": 32, "N_roi": 32, "N_inlier": 30, "refit": true}
{"timestamp": "19:27:25.184361", "frame": 112, "mu": [-1.1370254710888446, 3.883958788414524, 0.21291922966711788], "Sigma": [[0.013631653546793984, 0.004535192796956121, -0.006181505790981114], [0.004535192796956121, 0.0073074514732526675, -0.007384873917522301], [-0.006181505790981114, -0.0073848739175223005, 0.010507735150572989]], "chi2_level": 0.997, "chi2_df": 3, "chi2_threshold": 13.931422665512084, "N_raw": 41, "N_roi": 37, "N_inlier": 35, "refit": true}
{"timestamp": "19:27:25.235913", "frame": 113, "mu": [-1.2261165683340831, 3.797068956801024, 1.2599129253177783], "Sigma": [[0.010025525232050301, 0.0026722572498057238, -0.011986511831381897], [0.0026722572498057238, 0.005737540671828446, -0.01218348712131018], [-0.011986511831381897, -0.012183487121310182, 0.06230736073226084]], "chi2_level": 0.997, "chi2_df": 3, "chi2_threshold": 13.931422665512084, "N_raw": 31, "N_roi": 31, "N_inlier": 29, "refit": true}
{"timestamp": "19:27:25.293448", "frame": 114, "mu": [-1.2867462902361868, 3.882525646391946, 0.9097577907438731], "Sigma": [[0.011283481651362916, 0.00016395560923533983, 0.006063404474322718], [0.0001639556092353395, 0.007487222270739846, -0.028437950291401986], [0.006063404474322717, -0.028437950291401986, 0.14638454068284953]], "chi2_level": 0.997, "chi2_df": 3, "chi2_threshold": 13.931422665512084, "N_raw": 51, "N_roi": 47, "N_inlier": 47, "refit": true}
{"timestamp": "19:27:25.346933", "frame": 115, "mu": [-1.2589614623206924, 3.913460465869605, 1.1237433195335902], "Sigma": [[0.014870910020629081, 0.0020860680078830843, 0.0024087262943259745], [0.0020860680078830848, 0.004212491492708957, -0.011515026266454086], [0.0024087262943259745, -0.011515026266454086, 0.06434726156822151]], "chi2_level": 0.997, "chi2_df": 3, "chi2_threshold": 13.931422665512084, "N_raw": 38, "N_roi": 38, "N_inlier": 38, "refit": true}
{"timestamp": "19:27:25.405519", "frame": 116, "mu": [-1.2651200259338853, 4.102130667980028, 0.0460835505585886], "Sigma": [[0.019856899223723686, 0.009465111640751128, -0.01890697840481581], [0.009465111640751131, 0.020350622144000158, -0.0494506108487556], [-0.01890697840481581, -0.0494506108487556, 0.1529141268770461]], "chi2_level": 0.997, "chi2_df": 3, "chi2_threshold": 13.931422665512084, "N_raw": 59, "N_roi": 56, "N_inlier": 55, "refit": true}
{"timestamp": "19:27:25.457054", "frame": 117, "mu": [-1.3073215590729879, 3.998901851623119, 1.1158530502125998], "Sigma": [[0.013644328484074373, 0.002623759956306451, -0.010860357790791761], [0.002623759956306451, 0.002499517662249131, -0.00567790019916767], [-0.010860357790791761, -0.00567790019916767, 0.02423128336134956]], "chi2_level": 0.997, "chi2_df": 3, "chi2_threshold": 13.931422665512084, "N_raw": 39, "N_roi": 35, "N_inlier": 34, "refit": true}
{"timestamp": "19:27:25.509670", "frame": 118, "mu": [-1.3879479233443466, 4.027168503927561, -0.8552075301574364], "Sigma": [[0.016501584389053265, 0.009517476322976856, -0.00558500973899922], [0.009517476322976856, 0.009661920744389636, 0.0033751754349493693], [-0.00558500973899922, 0.00337517543494937, 0.06450995391130226]], "chi2_level": 0.997, "chi2_df": 3, "chi2_threshold": 13.931422665512084, "N_raw": 25, "N_roi": 25, "N_inlier": 25, "refit": true}
{"timestamp": "19:27:25.563534", "frame": 119, "mu": [-1.3566282922173314, 4.031913774317134, 1.0564044233597867], "Sigma": [[0.010197715552291443, 0.006394629262688335, -0.019421127052106385], [0.006394629262688335, 0.005277386375536405, -0.010718285135191692], [-0.01942112705210638, -0.010718285135191692, 0.05112428348637696]], "chi2_level": 0.997, "chi2_df": 3, "chi2_threshold": 13.931422665512084, "N_raw": 15, "N_roi": 11, "N_inlier": 11, "refit": true}
{"timestamp": "19:27:25.621973", "frame": 120, "mu": [-1.4284193992666918, 4.131762947471208, 1.0807408624084731], "Sigma": [[0.02599669893982353, 0.006569444474037582, -0.030676070327449536], [0.006569444474037582, 0.00434855299726807, -0.0109494105050676], [-0.030676070327449536, -0.0109494105050676, 0.04833980333479658]], "chi2_level": 0.997, "chi2_df": 3, "chi2_threshold": 13.931422665512084, "N_raw": 45, "N_roi": 44, "N_inlier": 43, "refit": true}
{"timestamp": "19:27:25.675046", "frame": 121, "mu": [-1.576969426852494, 4.04580082988707, 1.1935213349733909], "Sigma": [[0.01831779075351793, 0.010684001113765232, -0.020669956820408977], [0.010684001113765232, 0.008811881315862852, -0.013831281337674532], [-0.02066995682040898, -0.013831281337674532, 0.03692530140504071]], "chi2_level": 0.997, "chi2_df": 3, "chi2_threshold": 13.931422665512084, "N_raw": 23, "N_roi": 20, "N_inlier": 20, "refit": true}
{"timestamp": "19:27:25.729633", "frame": 122, "mu": [-1.5934199856921811, 4.091312300396841, 1.1525933856597816], "Sigma": [[0.015556576333940494, 0.004804500526260972, -0.008444839055871272], [0.004804500526260972, 0.004362246992961218, -0.004478168978724934], [-0.008444839055871272, -0.004478168978724934, 0.007710237347201165]], "chi2_level": 0.997, "chi2_df": 3, "chi2_threshold": 13.931422665512084, "N_raw": 28, "N_roi": 26, "N_inlier": 26, "refit": true}
{"timestamp": "19:27:25.785540", "frame": 123, "mu": [-1.6790431812482323, 4.146770442181733, 1.1756566572594291], "Sigma": [[0.017733360657601893, 0.007974058451413718, -0.007692745542606627], [0.007974058451413718, 0.006131005570898008, -0.005536891377900028], [-0.007692745542606628, -0.005536891377900028, 0.007998424138076879]], "chi2_level": 0.997, "chi2_df": 3, "chi2_threshold": 13.931422665512084, "N_raw": 31, "N_roi": 29, "N_inlier": 29, "refit": true}
{"timestamp": "19:27:25.839683", "frame": 124, "mu": [-1.760586911025924, 4.1666214135124235, 1.3851745713262398], "Sigma": [[0.014036210093063344, 0.005160122054082243, -0.00447432047088739], [0.005160122054082243, 0.00438128399231221, -0.0014317843368188397], [-0.00447432047088739, -0.0014317843368188397, 0.0023106831417018417]], "chi2_level": 0.997, "chi2_df": 3, "chi2_threshold": 13.931422665512084, "N_raw": 25, "N_roi": 23, "N_inlier": 22, "refit": true}
{"timestamp": "19:27:26.005683", "frame": 127, "mu": [-1.7558692718065223, 4.427676906400738, 0.22291446316873065], "Sigma": [[0.02495228753383196, 0.010471045156860627, -0.012395883390533801], [0.010471045156860625, 0.006486026911021978, -0.006863460591779191], [-0.0123958833905338, -0.006863460591779191, 0.008534904219258599]], "chi2_level": 0.997, "chi2_df": 3, "chi2_threshold": 13.931422665512084, "N_raw": 25, "N_roi": 25, "N_inlier": 25, "refit": true}
{"timestamp": "19:27:26.059505", "frame": 128, "mu": [-1.7379708268097414, 4.369208314466038, 0.9426983883411166], "Sigma": [[0.013946836048757927, 0.00448261262370644, -0.011344734325537786], [0.004482612623706441, 0.0033228421732160117, -0.00742015819298554], [-0.011344734325537786, -0.00742015819298554, 0.04139738658783054]], "chi2_level": 0.997, "chi2_df": 3, "chi2_threshold": 13.931422665512084, "N_raw": 23, "N_roi": 23, "N_inlier": 23, "refit": true}
{"timestamp": "19:27:26.169186", "frame": 130, "mu": [-1.8748143968759028, 4.4040713758858505, 1.2479602764744804], "Sigma": [[0.010713026568855293, 0.0031597763642404308, -0.004444742727682597], [0.0031597763642404308, 0.0021018811389476918, -0.004799444417411327], [-0.004444742727682597, -0.004799444417411327, 0.02614516961294087]], "chi2_level": 0.997, "chi2_df": 3, "chi2_threshold": 13.931422665512084, "N_raw": 19, "N_roi": 19, "N_inlier": 19, "refit": true}
{"timestamp": "19:27:26.498431", "frame": 136, "mu": [-2.2200977327992204, 4.631831593842847, 0.43937261406515893], "Sigma": [[0.01316151530520193, 0.005770534330324322, -0.005098696548863654], [0.005770534330324322, 0.006510311322100385, -0.0073625214346889605], [-0.005098696548863656, -0.0073625214346889605, 0.009980470849100453]], "chi2_level": 0.997, "chi2_df": 3, "chi2_threshold": 13.931422665512084, "N_raw": 19, "N_roi": 19, "N_inlier": 19, "refit": true}
{"timestamp": "19:27:26.779782", "frame": 141, "mu": [-2.2525800457555403, 4.771652458356996, 1.254652745375868], "Sigma": [[0.018451543753929996, 0.01077967675030623, -0.01280190953758768], [0.01077967675030623, 0.009928793674942675, -0.011934760669269316], [-0.01280190953758768, -0.011934760669269314, 0.019622134073673074]], "chi2_level": 0.997, "chi2_df": 3, "chi2_threshold": 13.931422665512084, "N_raw": 59, "N_roi": 34, "N_inlier": 32, "refit": true}
{"timestamp": "19:27:26.883504", "frame": 143, "mu": [-2.3329576796213796, 4.860518580027443, 1.0929915658623184], "Sigma": [[0.008726278060846514, 0.004960632928189412, -0.006848616562582029], [0.004960632928189412, 0.004226714511528943, -0.005708362675400179], [-0.006848616562582029, -0.005708362675400179, 0.010527571864879553]], "chi2_level": 0.997, "chi2_df": 3, "chi2_threshold": 13.931422665512084, "N_raw": 18, "N_roi": 14, "N_inlier": 14, "refit": true}
{"timestamp": "19:27:26.939583", "frame": 144, "mu": [-2.337374737770021, 4.949658943097594, 0.8605868911134134], "Sigma": [[0.01043615001425585, 0.0020540808356462664, -0.008987330212872822], [0.0020540808356462664, 0.0009972170182318977, -0.0025017305250082723], [-0.008987330212872822, -0.0025017305250082723, 0.012660467866603931]], "chi2_level": 0.997, "chi2_df": 3, "chi2_threshold": 13.931422665512084, "N_raw": 26, "N_roi": 13, "N_inlier": 13, "refit": true}
