{"timestamp": "20:25:16.583187", "frame": 1, "mu": [1.2681518979358692, 1.0681982835192212, 1.3901754328262392], "Sigma": [[0.007782791976407204, -0.004804232051762564, -0.004259067650212809], [-0.004804232051762564, 0.00505096986204272, 0.0014537987932718463], [-0.004259067650212809, 0.0014537987932718463, 0.0033982845004848342]], "chi2_level": 0.997, "chi2_df": 3, "chi2_threshold": 13.931422665512084, "N_raw": 29, "N_roi": 29, "N_inlier": 27, "refit": true}
{"timestamp": "20:25:16.800488", "frame": 5, "mu": [1.2447179120136322, 1.2360439304378872, 1.335742478391678], "Sigma": [[0.0024119307242638243, -0.00014829922139710032, -0.001822418809889058], [-0.00014829922139710015, 0.0058021314997716835, -0.020267481459568887], [-0.001822418809889059, -0.020267481459568887, 0.09675547121494502]], "chi2_level": 0.997, "chi2_df": 3, "chi2_threshold": 13.931422665512084, "N_raw": 14, "N_roi": 14, "N_inlier": 14, "refit": true}
{"timestamp": "20:25:16.855282", "frame": 6, "mu": [1.166552580985254, 1.180135476236963, 1.333115215723498], "Sigma": [[0.09682888962445331, 0.0912413817185527, -0.07341492622970729], [0.09124138171855269, 0.10123991194467274, -0.1089653038974436], [-0.07341492622970729, -0.1089653038974436, 0.18532471736926345]], "chi2_level": 0.997, "chi2_df": 3, "chi2_threshold": 13.931422665512084, "N_raw": 10, "N_roi": 10, "N_inlier": 10, "refit": true}
{"timestamp": "20:25:17.130526", "frame": 11, "mu": [1.2731745952030677, 1.0160877036890312, 0.7638590322418888], "Sigma": [[0.001174393595161918, -0.0008581177523743024, 0.0015408618575088002], [-0.0008581177523743024, 0.0031172308970637153, 0.0038465781267102276], [0.0015408618575088002, 0.003846578126710228, 0.19078614664172253]], "chi2_level": 0.997, "chi2_df": 3, "chi2_threshold": 13.931422665512084, "N_raw": 13, "N_roi": 13, "N_inlier": 13, "refit": true}
{"timestamp": "20:25:17.299495", "frame": 14, "mu": [1.1484825656882618, 1.1762654709029383, 1.283290952208517], "Sigma": [[0.004314740723723944, -0.0033013541153574977, -0.009100338545118762], [-0.0033013541153574973, 0.011452227917060909, 0.03534895804758478], [-0.009100338545118762, 0.03534895804758478, 0.14999006404389778]], "chi2_level": 0.997, "chi2_df": 3, "chi2_threshold": 13.931422665512084, "N_raw": 36, "N_roi": 36, "N_inlier": 35, "refit": true}
{"timestamp": "20:25:17.354162", "frame": 15, "mu": [1.1384947880393155, 1.1391542898971045, 1.1238952027653428], "Sigma": [[0.002898140566820635, -0.00031240562573538725, 0.002495703409567474], [-0.00031240562573538725, 0.007726122931850043, 0.0399561949327484], [0.002495703409567473, 0.03995619493274839, 0.22525621362664375]], "chi2_level": 0.997, "chi2_df": 3, "chi2_threshold": 13.931422665512084, "N_raw": 18, "N_roi": 18, "N_inlier": 18, "refit": true}
{"timestamp": "20:25:17.411735", "frame": 16, "mu": [1.1662647112405173, 1.299455961761027, -0.494652232996452], "Sigma": [[0.005735145328112251, -0.0020424166468991506, -0.005242202704547704], [-0.0020424166468991506, 0.0023261980789349088, -0.000884211260987889], [-0.005242202704547704, -0.000884211260987889, 0.012255131412043917]], "chi2_level": 0.997, "chi2_df": 3, "chi2_threshold": 13.931422665512084, "N_raw": 38, "N_roi": 38, "N_inlier": 38, "refit": true}
{"timestamp": "20:25:17.630817", "frame": 20, "mu": [1.0227980356216229, 1.1075016648866534, 1.2962162820860095], "Sigma": [[0.0030337039583996465, -0.0020475755013272534, -0.001887650762734336], [-0.0020475755013272534, 0.0033834109198810853, 9.566593212474852e-05], [-0.001887650762734336, 9.566593212474858e-05, 0.004448115456277]], "chi2_level": 0.997, "chi2_df": 3, "chi2_threshold": 13.931422665512084, "N_raw": 30, "N_roi": 30, "N_inlier": 28, "refit": true}
{"timestamp": "20:25:17.685186", "frame": 21, "mu": [0.9047691075879595, 1.1874406490089717, 1.2602544215355054], "Sigma": [[0.006643306487354075, 0.0015296168333931482, 0.024989620686300795], [0.001529616833393148, 0.005582769164275642, 0.02949767564290522], [0.02498962068630079, 0.02949767564290522, 0.26328687957640945]], "chi2_level": 0.997, "chi2_df": 3, "chi2_threshold": 13.931422665512084, "N_raw": 27, "N_roi": 27, "N_inlier": 27, "refit": true}
{"timestamp": "20:25:17.742376", "frame": 22, "mu": [0.9795847036578667, 1.112037701196501, 1.2358616542059129], "Sigma": [[0.005317858346002712, -0.004586379802609881, -0.010999503035080993], [-0.004586379802609881, 0.005562241742613776, 0.009052305679676274], [-0.010999503035080993, 0.009052305679676274, 0.030024372320701615]], "chi2_level": 0.997, "chi2_df": 3, "chi2_threshold": 13.931422665512084, "N_raw": 39, "N_roi": 39, "N_inlier": 37, "refit": true}
{"timestamp": "20:25:17.849543", "frame": 24, "mu": [0.927061660809142, 1.1785721386301782, -0.43800933935138586], "Sigma": [[0.002943353308064744, -0.00014963116021356293, -0.0026978211141234945], [-0.00014963116021356283, 0.002536504630500526, -0.0010675483543355518], [-0.0026978211141234945, -0.0010675483543355518, 0.005024069783866045]], "chi2_level": 0.997, "chi2_df": 3, "chi2_threshold": 13.931422665512084, "N_raw": 24, "N_roi": 24, "N_inlier": 22, "refit": true}
{"timestamp": "20:25:17.903450", "frame": 25, "mu": [0.8918069877637644, 0.9269841660429048, 1.0155122636401435], "Sigma": [[0.0020694497350360382, -0.0026475066024529907, -0.0053800797690862455], [-0.0026475066024529907, 0.012513407360351057, 0.014059441307812002], [-0.0053800797690862455, 0.014059441307812002, 0.03216807289360317]], "chi2_level": 0.997, "chi2_df": 3, "chi2_threshold": 13.931422665512084, "N_raw": 21, "N_roi": 21, "N_inlier": 20, "refit": true}
{"timestamp": "20:25:17.958127", "frame": 26, "mu": [0.7549969420179159, 1.2172757139785033, 1.3583293711681461], "Sigma": [[0.004671718824647837, -0.0025216099751380625, -0.00924795861471073], [-0.002521609975138063, 0.0026482574562781795, 0.004691728729482182], [-0.00924795861471073, 0.004691728729482182, 0.021436940753991923]], "chi2_level": 0.997, "chi2_df": 3, "chi2_threshold": 13.931422665512084, "N_raw": 13, "N_roi": 13, "N_inlier": 13, "refit": true}
{"timestamp": "20:25:18.018657", "frame": 27, "mu": [0.771814106399443, 1.0663260989534826, 1.3094684484790624], "Sigma": [[0.00285467868351725, -0.0033499877677835906, -0.003945060819709254], [-0.0033499877677835915, 0.00844659491725584, 0.0037126306562001777], [-0.003945060819709254, 0.0037126306562001786, 0.012933137775573658]], "chi2_level": 0.997, "chi2_df": 3, "chi2_threshold": 13.931422665512084, "N_raw": 52, "N_roi": 52, "N_inlier": 49, "refit": true}
{"timestamp": "20:25:18.073614", "frame": 28, "mu": [0.7295929625072612, 1.1823292843800275, 1.0916663221308263], "Sigma": [[0.002223096725795887, -0.0009303981156465622, -0.002464109472464732], [-0.0009303981156465622, 0.018193595157076463, -0.03690214428283482], [-0.0024641094724647326, -0.03690214428283482, 0.09488699897321638]], "chi2_level": 0.997, "chi2_df": 3, "chi2_threshold": 13.931422665512084, "N_raw": 54, "N_roi": 54, "N_inlier": 53, "refit": true}
{"timestamp": "20:25:18.129068", "frame": 29, "mu": [0.6807771826847523, 1.1771479040343333, 1.3770160444798882], "Sigma": [[0.0022750893090786053, -0.00019671745973994935, -0.0041373558796042615], [-0.00019671745973994946, 0.004991156139253795, -0.008688251825746764], [-0.0041373558796042615, -0.008688251825746764, 0.03582397246155061]], "chi2_level": 0.997, "chi2_df": 3, "chi2_threshold": 13.931422665512084, "N_raw": 45, "N_roi": 45, "N_inlier": 43, "refit": true}
{"timestamp": "20:25:18.186254", "frame": 30, "mu": [0.700015922414622, 1.1434631214296427, 1.4305040288595718], "Sigma": [[0.004506152619591677, -0.0001964986917938572, -0.002895949322655584], [-0.00019649869179385715, 0.004674858453952635, -0.0025542825095020484], [-0.0028959493226555838, -0.002554282509502048, 0.005407563644047016]], "chi2_level": 0.997, "chi2_df": 3, "chi2_threshold": 13.931422665512084, "N_raw": 66, "N_roi": 66, "N_inlier": 65, "refit": true}
{"timestamp": "20:25:18.240217", "frame": 31, "mu": [0.6451118494454959, 1.2345843727057457, -0.3010314666911559], "Sigma": [[0.00495680068853404, -4.913785549161875e-05, -0.004050028272176778], [-4.913785549161875e-05, 0.0036315839163685356, -0.00252983340526057], [-0.004050028272176779, -0.00252983340526057, 0.00838901661913526]], "chi2_level": 0.997, "chi2_df": 3, "chi2_threshold": 13.931422665512084, "N_raw": 62, "N_roi": 62, "N_inlier": 59, "refit": true}
{"timestamp": "20:25:18.293498", "frame": 32, "mu": [0.6167057622812651, 1.1201396371119994, 1.3148593988394586], "Sigma": [[0.0073524059125363835, -0.0019150723444970996, 0.018925073275386874], [-0.0019150723444970996, 0.004252413318924207, 0.012136831070569067], [0.018925073275386874, 0.012136831070569067, 0.224724004835041]], "chi2_level": 0.997, "chi2_df": 3, "chi2_threshold": 13.931422665512084, "N_raw": 42, "N_roi": 42, "N_inlier": 41, "refit": true}
{"timestamp": "20:25:18.350348", "frame": 33, "mu": [0.5814194874351313, 1.0455328361181062, 1.200273562131617], "Sigma": [[0.0033737957463659675, -0.0007478068581476901, 0.001217558046984163], [-0.00074780685814769, 0.006779098892536872, -0.0013063160776573973], [0.0012175580469841632, -0.001306316077657397, 0.011505088116242847]], "chi2_level": 0.997, "chi2_df": 3, "chi2_threshold": 13.931422665512084, "N_raw": 55, "N_roi": 55, "N_inlier": 51, "refit": true}
{"timestamp": "20:25:18.402687", "frame": 34, "mu": [0.5135160437428191, 1.1038200188569212, 1.3120874390032724], "Sigma": [[0.0029055199354313123, -0.0022239991753587878, -0.004879897545834977], [-0.0022239991753587878, 0.006604038893189902, 0.005148257848135546], [-0.004879897545834977, 0.005148257848135546, 0.010890757328261688]], "chi2_level": 0.997, "chi2_df": 3, "chi2_threshold": 13.931422665512084, "N_raw": 37, "N_roi": 37, "N_inlier": 35, "refit": true}
{"timestamp": "20:25:18.462738", "frame": 35, "mu": [0.4833023717713861, 1.1122178243154333, 1.1732362795271145], "Sigma": [[0.00360264691648977, -0.0043411463881879876, -0.0014856605086328867], [-0.0043411463881879876, 0.013857768418253915, 0.0024784487751090484], [-0.0014856605086328867, 0.0024784487751090484, 0.013852353166037246]], "chi2_level": 0.997, "chi2_df": 3, "chi2_threshold": 13.931422665512084, "N_raw": 81, "N_roi": 81, "N_inlier": 77, "refit": true}
{"timestamp": "20:25:18.517874", "frame": 36, "mu": [0.404633894905173, 1.1962187690300614, 1.2547722936894765], "Sigma": [[0.0032935587698032817, -0.0016162184844637885, 0.004799546508386319], [-0.0016162184844637887, 0.0043625248327965995, 0.00044213929581910205], [0.004799546508386318, 0.00044213929581910205, 0.07892265982096795]], "chi2_level": 0.997, "chi2_df": 3, "chi2_threshold": 13.931422665512084, "N_raw": 73, "N_roi": 73, "N_inlier": 71, "refit": true}
{"timestamp": "20:25:18.571128", "frame": 37, "mu": [0.3780965301222828, 1.1740865238473446, 1.2708880744392752], "Sigma": [[0.0024141909026794044, -0.0010986085170863235, -4.922835729876703e-05], [-0.0010986085170863237, 0.013670073039759546, 0.015522185487349283], [-4.922835729876719e-05, 0.015522185487349283, 0.03797634389403475]], "chi2_level": 0.997, "chi2_df": 3, "chi2_threshold": 13.931422665512084, "N_raw": 58, "N_roi": 58, "N_inlier": 55, "refit": true}
{"timestamp": "20:25:18.678599", "frame": 39, "mu": [0.2732715480319823, 1.212164958676468, 1.4413213631983706], "Sigma": [[0.0033678846917157665, -0.0003351652856575394, -0.0018834799252302175], [-0.0003351652856575393, 0.0032130650808075176, -0.0018278325626450201], [-0.0018834799252302175, -0.0018278325626450201, 0.002621785209304592]], "chi2_level": 0.997, "chi2_df": 3, "chi2_threshold": 13.931422665512084, "N_raw": 55, "N_roi": 55, "N_inlier": 54, "refit": true}
{"timestamp": "20:25:18.734072", "frame": 40, "mu": [0.21910204296815394, 1.2405683934400094, 1.5118632241202878], "Sigma": [[0.002815423176476299, -0.0017150793500177214, -0.0022023184697516347], [-0.0017150793500177214, 0.006139922323359849, 0.0007586291326480455], [-0.0022023184697516347, 0.0007586291326480455, 0.004532749162564726]], "chi2_level": 0.997, "chi2_df": 3, "chi2_threshold": 13.931422665512084, "N_raw": 54, "N_roi": 54, "N_inlier": 52, "refit": true}
{"timestamp": "20:25:18.789159", "frame": 41, "mu": [0.1963289307935442, 1.2223218591656546, 1.5058481443365768], "Sigma": [[0.002578316671374405, 1.5266174040423565e-05, -0.001454297725502597], [1.5266174040423565e-05, 0.0026430889854013873, -0.0003477766829718144], [-0.001454297725502597, -0.00034777668297181436, 0.0009988971507311744]], "chi2_level": 0.997, "chi2_df": 3, "chi2_threshold": 13.931422665512084, "N_raw": 41, "N_roi": 41, "N_inlier": 39, "refit": true}
{"timestamp": "20:25:18.846966", "frame": 42, "mu": [0.13616045402950525, 1.3408665758370466, -0.4842689322181355], "Sigma": [[0.005557146149453186, 0.0002516330577906139, 0.011559714302102746], [0.0002516330577906138, 0.003183441780531161, -0.0011207143354874446], [0.011559714302102746, -0.0011207143354874448, 0.04252330099845279]], "chi2_level": 0.997, "chi2_df": 3, "chi2_threshold": 13.931422665512084, "N_raw": 76, "N_roi": 76, "N_inlier": 74, "refit": true}
{"timestamp": "20:25:18.895400", "frame": 43, "mu": [0.07789100279914829, 1.2316929968206767, 1.0104097621416908], "Sigma": [[0.004603853653618498, 0.005232814349608447, 0.028074599540763735], [0.005232814349608447, 0.012422504150326865, 0.03370078851326775], [0.02807459954076373, 0.03370078851326775, 0.21827310989862933]], "chi2_level": 0.997, "chi2_df": 3, "chi2_threshold": 13.931422665512084, "N_raw": 22, "N_roi": 22, "N_inlier": 20, "refit": true}
{"timestamp": "20:25:18.954787", "frame": 44, "mu": [0.04452623909210758, 1.396761798865432, -0.3952732420636127], "Sigma": [[0.0028743168912062295, -2.549729490418121e-05, -0.0008565858812205978], [-2.5497294904181102e-05, 0.0028964811586979886, -0.006105551193212538], [-0.0008565858812205977, -0.006105551193212537, 0.022219119128845985]], "chi2_level": 0.997, "chi2_df": 3, "chi2_threshold": 13.931422665512084, "N_raw": 67, "N_roi": 67, "N_inlier": 64, "refit": true}
{"timestamp": "20:25:19.003771", "frame": 45, "mu": [-0.018276420661334388, 1.209630001822245, 1.1295023429603666], "Sigma": [[0.004598284079597408, -0.0005375745537182555, 0.006444673717351572], [-0.0005375745537182554, 0.0005834175491013601, -0.0009619502055163795], [0.006444673717351572, -0.0009619502055163796, 0.011746682537899268]], "chi2_level": 0.997, "chi2_df": 3, "chi2_threshold": 13.931422665512084, "N_raw": 15, "N_roi": 15, "N_inlier": 14, "refit": true}
{"timestamp": "20:25:19.061170", "frame": 46, "mu": [0.039222899238917835, 1.2869161785658874, 1.441991697223073], "Sigma": [[0.002821413710602778, 0.0009350519253949444, 0.0006751252928702499], [0.0009350519253949444, 0.0019627099872105247, 0.00020157209150319626], [0.0006751252928702494, 0.00020157209150319626, 0.008883172471821838]], "chi2_level": 0.997, "chi2_df": 3, "chi2_threshold": 13.931422665512084, "N_raw": 30, "N_roi": 30, "N_inlier": 28, "refit": true}
{"timestamp": "20:25:19.117511", "frame": 47, "mu": [-0.11776176869876395, 1.2845131791605138, 1.345387666260303], "Sigma": [[0.0038137926550777636, -0.0017135713842444278, -0.0005992501082586769], [-0.0017135713842444276, 0.0017874231531442174, -0.0009198964978614767], [-0.0005992501082586772, -0.0009198964978614766, 0.003387539990460869]], "chi2_level": 0.997, "chi2_df": 3, "chi2_threshold": 13.931422665512084, "N_raw": 42, "N_roi": 42, "N_inlier": 39, "refit": true}
{"timestamp": "20:25:19.179568", "frame": 48, "mu": [-0.14156661157226041, 1.3656766449747122, -0.2816314408877897], "Sigma": [[0.004715098986777502, -0.004194827804602292, 0.028899119792761975], [-0.004194827804602292, 0.009912372138771022, -0.05009683988024195], [0.028899119792761975, -0.05009683988024195, 0.4254159086307348]], "chi2_level": 0.997, "chi2_df": 3, "chi2_threshold": 13.931422665512084, "N_raw": 86, "N_roi": 86, "N_inlier": 85, "refit": true}
{"timestamp": "20:25:19.233154", "frame": 49, "mu": [-0.14007095749522847, 1.1669313636211207, 1.2708152637751755], "Sigma": [[0.0034467734279006934, 0.0011047034187368966, 0.002243833510861793], [0.0011047034187368966, 0.0059914400100849205, 0.00035062427137073226], [0.0022438335108617927, 0.0003506242713707322, 0.017611624324280574]], "chi2_level": 0.997, "chi2_df": 3, "chi2_threshold": 13.931422665512084, "N_raw": 73, "N_roi": 73, "N_inlier": 72, "refit": true}
{"timestamp": "20:25:19.289007", "frame": 50, "mu": [-0.2323733566806154, 1.2378652445957892, 1.372960585766324], "Sigma": [[0.003622814449196756, -0.00020313368727464505, 0.002918044880367575], [-0.000203133687274645, 0.0028622269716244543, -0.00151899494319936], [0.0029180448803675756, -0.0015189949431993598, 0.0264406361712249]], "chi2_level": 0.997, "chi2_df": 3, "chi2_threshold": 13.931422665512084, "N_raw": 84, "N_roi": 84, "N_inlier": 81, "refit": true}
{"timestamp": "20:25:19.339069", "frame": 51, "mu": [-0.2590895200751274, 1.2056330931203978, 1.4657022499127845], "Sigma": [[0.004035443066316578, -0.0005956210816717941, -0.002959670267798747], [-0.0005956210816717941, 0.003530581627624853, -0.0010289458800928398], [-0.002959670267798747, -0.0010289458800928398, 0.0042481082710593395]], "chi2_level": 0.997, "chi2_df": 3, "chi2_threshold": 13.931422665512084, "N_raw": 56, "N_roi": 56, "N_inlier": 55, "refit": true}
{"timestamp": "20:25:19.397832", "frame": 52, "mu": [-0.31253405371227266, 1.1921803115633405, 1.3827963207037288], "Sigma": [[0.004917133919919387, -0.0034288805727292152, -0.0037937429677492437], [-0.0034288805727292152, 0.011565215095133282, 0.0034103803230634043], [-0.0037937429677492437, 0.0034103803230634043, 0.0038958747814539403]], "chi2_level": 0.997, "chi2_df": 3, "chi2_threshold": 13.931422665512084, "N_raw": 80, "N_roi": 80, "N_inlier": 80, "refit": true}
{"timestamp": "20:25:19.453677", "frame": 53, "mu": [-0.3705090812755419, 1.3276345160747896, -0.20939363686258436], "Sigma": [[0.005096952173317278, -0.0007632210434189093, 0.0016376095715909885], [-0.0007632210434189092, 0.006488047292073684, 0.0002889884278369469], [0.0016376095715909885, 0.00028898842783694687, 0.007296356700691417]], "chi2_level": 0.997, "chi2_df": 3, "chi2_threshold": 13.931422665512084, "N_raw": 80, "N_roi": 80, "N_inlier": 76, "refit": true}
{"timestamp": "20:25:19.514564", "frame": 54, "mu": [-0.395253428242768, 1.390951752713706, -0.6049464186368919], "Sigma": [[0.004871328261944373, 0.002235910388320059, -0.0030236713085932546], [0.002235910388320059, 0.054624701951765914, -0.07090195970416921], [-0.0030236713085932537, -0.07090195970416921, 0.15935140031535427]], "chi2_level": 0.997, "chi2_df": 3, "chi2_threshold": 13.931422665512084, "N_raw": 130, "N_roi": 130, "N_inlier": 130, "refit": true}
{"timestamp": "20:25:19.561917", "frame": 55, "mu": [-0.4503101581624826, 1.1744768785616524, 1.3165254609372796], "Sigma": [[0.006240879981783405, -0.003301624907144282, -0.01050396498143092], [-0.003301624907144282, 0.007773192789520875, 0.012829568122040773], [-0.01050396498143092, 0.012829568122040773, 0.052477806056342544]], "chi2_level": 0.997, "chi2_df": 3, "chi2_threshold": 13.931422665512084, "N_raw": 75, "N_roi": 75, "N_inlier": 74, "refit": true}
{"timestamp": "20:25:19.615271", "frame": 56, "mu": [-0.5013931895103061, 1.2039927598993057, 1.4197157859323173], "Sigma": [[0.004534847710506198, -0.0020184544762780303, -0.0012681164635855449], [-0.0020184544762780303, 0.010104000273197267, 0.00485213507158044], [-0.0012681164635855449, 0.00485213507158044, 0.003905366831203434]], "chi2_level": 0.997, "chi2_df": 3, "chi2_threshold": 13.931422665512084, "N_raw": 57, "N_roi": 57, "N_inlier": 54, "refit": true}
{"timestamp": "20:25:19.674126", "frame": 57, "mu": [-0.5377174854159147, 1.3261783711691484, -0.4414232645084081], "Sigma": [[0.004712836371029392, -0.0011888911704838207, -0.006052576144619188], [-0.0011888911704838207, 0.013926588939696288, -0.011904360611355894], [-0.006052576144619187, -0.011904360611355894, 0.07763729660225333]], "chi2_level": 0.997, "chi2_df": 3, "chi2_threshold": 13.931422665512084, "N_raw": 89, "N_roi": 89, "N_inlier": 86, "refit": true}
{"timestamp": "20:25:19.731795", "frame": 58, "mu": [-0.5176596441515848, 1.3163727375803251, 0.13841055439645544], "Sigma": [[0.005177499876729917, -0.00456830269288771, 0.033855795600268634], [-0.004568302692887709, 0.011888351349968051, -0.050449097914490953], [0.033855795600268634, -0.050449097914490953, 0.4400748701772373]], "chi2_level": 0.997, "chi2_df": 3, "chi2_threshold": 13.931422665512084, "N_raw": 111, "N_roi": 111, "N_inlier": 109, "refit": true}
{"timestamp": "20:25:19.785933", "frame": 59, "mu": [-0.5970852024355902, 1.302939422412783, -0.10769237900092803], "Sigma": [[0.008505423371277783, -0.006946630183118583, 0.03297114247696349], [-0.006946630183118583, 0.013393437583033813, -0.05312820540905207], [0.03297114247696349, -0.05312820540905207, 0.3341125394486046]], "chi2_level": 0.997, "chi2_df": 3, "chi2_threshold": 13.931422665512084, "N_raw": 97, "N_roi": 97, "N_inlier": 97, "refit": true}
{"timestamp": "20:25:19.839067", "frame": 60, "mu": [-0.6213540588452333, 1.3028495167344696, 1.2752473427655184], "Sigma": [[0.006027208196937716, 0.003408786440197974, 0.006359131825797465], [0.003408786440197974, 0.010487768622241005, 0.02558611126394567], [0.006359131825797465, 0.025586111263945666, 0.0907013695030103]], "chi2_level": 0.997, "chi2_df": 3, "chi2_threshold": 13.931422665512084, "N_raw": 80, "N_roi": 80, "N_inlier": 77, "refit": true}
{"timestamp": "20:25:19.896250", "frame": 61, "mu": [-0.659107265369316, 1.3034488049380397, -0.19625801371022922], "Sigma": [[0.0055733679508563365, 0.002281603022617597, 0.04550692364767474], [0.002281603022617597, 0.007658953121958757, 0.025306257569466823], [0.04550692364767474, 0.025306257569466823, 0.7408799770620914]], "chi2_level": 0.997, "chi2_df": 3, "chi2_threshold": 13.931422665512084, "N_raw": 104, "N_roi": 104, "N_inlier": 102, "refit": true}
{"timestamp": "20:25:19.952387", "frame": 62, "mu": [-0.7013688982938427, 1.282963768389809, -0.31050907504780123], "Sigma": [[0.007241651119771869, -0.0015500257103751632, 0.03579067581412169], [-0.0015500257103751628, 0.007947681276478729, -0.0014962001300706006], [0.035790675814121695, -0.0014962001300706006, 0.46879170437775913]], "chi2_level": 0.997, "chi2_df": 3, "chi2_threshold": 13.931422665512084, "N_raw": 110, "N_roi": 110, "N_inlier": 110, "refit": true}
{"timestamp": "20:25:20.010249", "frame": 63, "mu": [-0.7259365748304847, 1.3773381203418138, 1.1597462663699667], "Sigma": [[0.007017805190821442, 0.0015853404062019243, -0.012575210640558322], [0.0015853404062019247, 0.00772439643776012, 0.020795598947735437], [-0.012575210640558323, 0.020795598947735437, 0.18527167432102823]], "chi2_level": 0.997, "chi2_df": 3, "chi2_threshold": 13.931422665512084, "N_raw": 122, "N_roi": 122, "N_inlier": 121, "refit": true}
{"timestamp": "20:25:20.052350", "frame": 64, "mu": [-0.7564567532070077, 1.390079052280827, 1.049720630702796], "Sigma": [[0.004642211586440869, 0.0011766887834928018, -0.01556080554391348], [0.0011766887834928018, 0.0044755703412205855, -0.00036304642502313247], [-0.015560805543913482, -0.00036304642502313204, 0.14688936461895588]], "chi2_level": 0.997, "chi2_df": 3, "chi2_threshold": 13.931422665512084, "N_raw": 33, "N_roi": 33, "N_inlier": 33, "refit": true}
{"timestamp": "20:25:20.112989", "frame": 65, "mu": [-0.8224210981215339, 1.4324232049508816, 1.3587984240199775], "Sigma": [[0.006545709696909577, -0.0002098940386545725, -0.009100759079486544], [-0.0002098940386545725, 0.004828092164084342, -0.0019496882656462038], [-0.009100759079486546, -0.0019496882656462038, 0.06683484382892464]], "chi2_level": 0.997, "chi2_df": 3, "chi2_threshold": 13.931422665512084, "N_raw": 76, "N_roi": 76, "N_inlier": 73, "refit": true}
{"timestamp": "20:25:20.168544", "frame": 66, "mu": [-0.8836471833358394, 1.4718806273196987, 0.9936146830797771], "Sigma": [[0.006410335145135337, -0.0005832380388183575, 0.020893421370004817], [-0.0005832380388183575, 0.001793556080358169, 0.0032050730368721235], [0.020893421370004814, 0.003205073036872123, 0.29345224486625937]], "chi2_level": 0.997, "chi2_df": 3, "chi2_threshold": 13.931422665512084, "N_raw": 74, "N_roi": 74, "N_inlier": 73, "refit": true}
{"timestamp": "20:25:20.218504", "frame": 67, "mu": [-0.8731667607716105, 1.631198863368153, -0.6291607190182207], "Sigma": [[0.0050955560504727495, -0.006318028065948856, 0.014220330615498296], [-0.006318028065948856, 0.02557998976999152, -0.06062761223953289], [0.014220330615498294, -0.06062761223953289, 0.15680971650534578]], "chi2_level": 0.997, "chi2_df": 3, "chi2_threshold": 13.931422665512084, "N_raw": 47, "N_roi": 47, "N_inlier": 45, "refit": true}
{"timestamp": "20:25:20.278556", "frame": 68, "mu": [-0.862051520002541, 1.525968205729329, 1.2555430808957058], "Sigma": [[0.006886747900558724, 0.0005371588944854111, -0.01031143288917998], [0.0005371588944854111, 0.0023531921636576777, 0.002862642558628241], [-0.01031143288917998, 0.002862642558628241, 0.12413157240597056]], "chi2_level": 0.997, "chi2_df": 3, "chi2_threshold": 13.931422665512084, "N_raw": 85, "N_roi": 85, "N_inlier": 82, "refit": true}
{"timestamp": "20:25:20.333350", "frame": 69, "mu": [-0.8820264283237105, 1.5325946992407435, 1.244562612224191], "Sigma": [[0.00672078828153085, 0.0009401418749712181, -0.012073402489250274], [0.0009401418749712181, 0.0025782039908972343, -0.005641675230688592], [-0.012073402489250273, -0.005641675230688592, 0.06642580623953251]], "chi2_level": 0.997, "chi2_df": 3, "chi2_threshold": 13.931422665512084, "N_raw": 82, "N_roi": 82, "N_inlier": 77, "refit": true}
{"timestamp": "20:25:20.389967", "frame": 70, "mu": [-0.9319894618322514, 1.601263876158121, 1.331331666605502], "Sigma": [[0.011365225579955217, 0.0004931348670928208, -0.01671867369972806], [0.0004931348670928207, 0.00442774126247392, 0.0014421868588362545], [-0.01671867369972806, 0.0014421868588362552, 0.12607703138998327]], "chi2_level": 0.997, "chi2_df": 3, "chi2_threshold": 13.931422665512084, "N_raw": 97, "N_roi": 97, "N_inlier": 94, "refit": true}
{"timestamp": "20:25:20.451802", "frame": 71, "mu": [-0.9390442103135043, 1.865577747254573, -0.501224919658782], "Sigma": [[0.010272396733612995, -0.006482752127706699, 0.018452886913601845], [-0.006482752127706701, 0.05418664473729813, -0.11651381418168917], [0.01845288691360184, -0.11651381418168917, 0.30745612707463305]], "chi2_level": 0.997, "chi2_df": 3, "chi2_threshold": 13.931422665512084, "N_raw": 135, "N_roi": 135, "N_inlier": 127, "refit": true}
{"timestamp": "20:25:20.571667", "frame": 72, "mu": [-0.9038339837661401, 1.6766263532718368, 1.355567610309398], "Sigma": [[0.012375585625229224, 0.005055019213923279, -0.006030671023899943], [0.005055019213923279, 0.008406602634307972, -0.007629782666699189], [-0.006030671023899943, -0.007629782666699189, 0.009780683615828472]], "chi2_level": 0.997, "chi2_df": 3, "chi2_threshold": 13.931422665512084, "N_raw": 94, "N_roi": 94, "N_inlier": 85, "refit": true}
{"timestamp": "20:25:20.606646", "frame": 73, "mu": [-0.9679516650092751, 1.9655948234078358, -0.6427246667763469], "Sigma": [[0.011973913607710994, -0.00954248591947013, 0.018433658617334564], [-0.00954248591947013, 0.04591558840187513, -0.10849905699946566], [0.018433658617334564, -0.10849905699946566, 0.2915576539831197]], "chi2_level": 0.997, "chi2_df": 3, "chi2_threshold": 13.931422665512084, "N_raw": 107, "N_roi": 107, "N_inlier": 107, "refit": true}
{"timestamp": "20:25:20.637132", "frame": 74, "mu": [-1.002364054469349, 1.8881806264029544, -0.44523010373358807], "Sigma": [[0.015892953806073952, 0.0006431026935994277, 0.020294576113716836], [0.0006431026935994277, 0.020372560801545286, -0.060132056149047396], [0.020294576113716836, -0.0601320561490474, 0.2990467517968819]], "chi2_level": 0.997, "chi2_df": 3, "chi2_threshold": 13.931422665512084, "N_raw": 84, "N_roi": 84, "N_inlier": 84, "refit": true}
{"timestamp": "20:25:20.669576", "frame": 75, "mu": [-1.0097118425411868, 1.7860099799717797, 0.6510830335336805], "Sigma": [[0.018014809772917, -0.004622650269584064, 0.017817779204730818], [-0.004622650269584063, 0.009015420467799093, -0.009159358448029389], [0.017817779204730815, -0.009159358448029387, 0.33272435354607655]], "chi2_level": 0.997, "chi2_df": 3, "chi2_threshold": 13.931422665512084, "N_raw": 124, "N_roi": 124, "N_inlier": 122, "refit": true}
{"timestamp": "20:25:20.720598", "frame": 76, "mu": [-1.0441968489273332, 2.0281964867513342, -0.4710814835884187], "Sigma": [[0.01429974108369877, -0.009128426044048052, 0.03682404440461418], [-0.009128426044048052, 0.027946733576386544, -0.0795943985370991], [0.03682404440461419, -0.0795943985370991, 0.28525962506739316]], "chi2_level": 0.997, "chi2_df": 3, "chi2_threshold": 13.931422665512084, "N_raw": 91, "N_roi": 90, "N_inlier": 90, "refit": true}
{"timestamp": "20:25:20.772624", "frame": 77, "mu": [-0.9961002594551087, 1.8940433707390518, 1.331151674407795], "Sigma": [[0.01085430560907999, 0.0006419222232625066, -0.006182053331615547], [0.0006419222232625064, 0.0039357628997386184, -0.0034477143694948355], [-0.006182053331615547, -0.0034477143694948355, 0.012257633511102243]], "chi2_level": 0.997, "chi2_df": 3, "chi2_threshold": 13.931422665512084, "N_raw": 70, "N_roi": 70, "N_inlier": 65, "refit": true}
{"timestamp": "20:25:20.825190", "frame": 78, "mu": [-0.9711671942335028, 1.9348452226600137, 1.311586396697526], "Sigma": [[0.006526930444999465, 6.507611277321569e-05, -0.004365423479860309], [6.507611277321553e-05, 0.004250083619640002, -0.004428429983561583], [-0.004365423479860308, -0.004428429983561583, 0.010792209669952858]], "chi2_level": 0.997, "chi2_df": 3, "chi2_threshold": 13.931422665512084, "N_raw": 57, "N_roi": 57, "N_inlier": 54, "refit": true}
{"timestamp": "20:25:20.878937", "frame": 79, "mu": [-1.005639680811622, 2.064915702329652, -0.19242915292599216], "Sigma": [[0.011314326606470896, -0.0009960376075385101, 0.0014966064531350522], [-0.0009960376075385101, 0.008431746690723099, -0.01668790756064648], [0.0014966064531350526, -0.01668790756064648, 0.051325917686596334]], "chi2_level": 0.997, "chi2_df": 3, "chi2_threshold": 13.931422665512084, "N_raw": 51, "N_roi": 51, "N_inlier": 50, "refit": true}
{"timestamp": "20:25:20.940914", "frame": 80, "mu": [-1.0723916324667224, 2.119757729564772, -0.18568982138712709], "Sigma": [[0.011806754572600416, -0.005548477112723233, 0.03950166742834584], [-0.005548477112723233, 0.02113542849215982, -0.05718485908504739], [0.03950166742834584, -0.05718485908504739, 0.3191641799513009]], "chi2_level": 0.997, "chi2_df": 3, "chi2_threshold": 13.931422665512084, "N_raw": 99, "N_roi": 99, "N_inlier": 99, "refit": true}
{"timestamp": "20:25:20.994285", "frame": 81, "mu": [-0.9953832970575018, 2.1510301783502044, -0.23481885546144934], "Sigma": [[0.013762182481376476, -0.0037165375602754964, 0.0012708440976387353], [-0.003716537560275497, 0.021560163402429083, -0.033342937800391534], [0.0012708440976387351, -0.033342937800391534, 0.06797590911558804]], "chi2_level": 0.997, "chi2_df": 3, "chi2_threshold": 13.931422665512084, "N_raw": 86, "N_roi": 86, "N_inlier": 83, "refit": true}
{"timestamp": "20:25:21.049074", "frame": 82, "mu": [-1.0099191486990409, 2.158681721343306, -0.11157828499460519], "Sigma": [[0.010544178643672358, 0.00042142854917565515, 0.00035408922588293554], [0.00042142854917565504, 0.00826594979611567, -0.012620227457650509], [0.0003540892258829361, -0.012620227457650509, 0.09134576130123509]], "chi2_level": 0.997, "chi2_df": 3, "chi2_threshold": 13.931422665512084, "N_raw": 79, "N_roi": 79, "N_inlier": 76, "refit": true}
{"timestamp": "20:25:21.105371", "frame": 83, "mu": [-1.060850923572465, 2.1008045897777388, 1.2381503466480375], "Sigma": [[0.010698558450426063, 0.0013482154973722654, -0.006195153580819582], [0.001348215497372265, 0.004919800944559875, -0.0008442665272694564], [-0.006195153580819582, -0.0008442665272694564, 0.08543381146850414]], "chi2_level": 0.997, "chi2_df": 3, "chi2_threshold": 13.931422665512084, "N_raw": 91, "N_roi": 91, "N_inlier": 87, "refit": true}
{"timestamp": "20:25:21.151431", "frame": 84, "mu": [-1.084065168749394, 2.1018868298066438, 1.3189280742609015], "Sigma": [[0.005888206664614391, 0.0012092812171844262, -0.001033048812649114], [0.0012092812171844262, 0.010558499304210201, 0.029210279824500612], [-0.0010330488126491138, 0.029210279824500612, 0.2208530901523155]], "chi2_level": 0.997, "chi2_df": 3, "chi2_threshold": 13.931422665512084, "N_raw": 33, "N_roi": 33, "N_inlier": 30, "refit": true}
{"timestamp": "20:25:21.206934", "frame": 85, "mu": [-1.1024146753407456, 2.242908138880922, -0.6346368530090264], "Sigma": [[0.006274061733360464, -0.0031073827715901213, 0.003912380241949122], [-0.003107382771590122, 0.015670071396299695, -0.035356129121289076], [0.003912380241949122, -0.035356129121289076, 0.12355791380069939]], "chi2_level": 0.997, "chi2_df": 3, "chi2_threshold": 13.931422665512084, "N_raw": 36, "N_roi": 36, "N_inlier": 35, "refit": true}
{"timestamp": "20:25:21.262076", "frame": 86, "mu": [-1.1053345710050613, 2.2088746447505243, 0.741082223739301], "Sigma": [[0.010730015713312552, 0.00332166871714145, 0.0077094676825039555], [0.00332166871714145, 0.0018322998755239803, 0.0059335861940213105], [0.0077094676825039555, 0.0059335861940213105, 0.11485502631747364]], "chi2_level": 0.997, "chi2_df": 3, "chi2_threshold": 13.931422665512084, "N_raw": 37, "N_roi": 37, "N_inlier": 35, "refit": true}
{"timestamp": "20:25:21.320601", "frame": 87, "mu": [-1.1828049840966761, 2.2482063944883866, 1.0597928167354862], "Sigma": [[0.006722242562531648, 0.0019732864231392653, 0.0062583336091842235], [0.0019732864231392653, 0.004483384380561547, 0.01797311633616205], [0.006258333609184223, 0.01797311633616205, 0.20076584803390105]], "chi2_level": 0.997, "chi2_df": 3, "chi2_threshold": 13.931422665512084, "N_raw": 68, "N_roi": 68, "N_inlier": 66, "refit": true}
{"timestamp": "20:25:21.380217", "frame": 88, "mu": [-1.1274266746490453, 2.4738651249110877, -0.2605077105261376], "Sigma": [[0.011474125494087823, 0.004040873828758766, -0.004467833476689876], [0.004040873828758767, 0.013030830788380023, -0.03429882681061834], [-0.004467833476689875, -0.03429882681061834, 0.15346098515277687]], "chi2_level": 0.997, "chi2_df": 3, "chi2_threshold": 13.931422665512084, "N_raw": 97, "N_roi": 97, "N_inlier": 96, "refit": true}
{"timestamp": "20:25:21.436796", "frame": 89, "mu": [-1.0436518540390876, 2.458945534291045, -0.7702864267710423], "Sigma": [[0.022951720352280672, 0.0134731623700174, 0.05945258391313687], [0.013473162370017402, 0.016645112360185184, 0.03310658673985592], [0.059452583913136875, 0.03310658673985592, 0.22006789994673512]], "chi2_level": 0.997, "chi2_df": 3, "chi2_threshold": 13.931422665512084, "N_raw": 99, "N_roi": 99, "N_inlier": 96, "refit": true}
{"timestamp": "20:25:21.489448", "frame": 90, "mu": [-1.0278970524209161, 2.527158901284007, -0.07704393125696248], "Sigma": [[0.012933005734118473, 0.0035663818420226005, -0.009005002529661948], [0.0035663818420226005, 0.011338984441989036, -0.017636213797077332], [-0.009005002529661948, -0.017636213797077332, 0.04053430088212546]], "chi2_level": 0.997, "chi2_df": 3, "chi2_threshold": 13.931422665512084, "N_raw": 85, "N_roi": 85, "N_inlier": 82, "refit": true}
{"timestamp": "20:25:21.542010", "frame": 91, "mu": [-0.9639446857988639, 2.4346385406858966, 1.257834935986482], "Sigma": [[0.012301466615422267, 0.0011544396670811839, -0.008405639904066644], [0.001154439667081184, 0.006438055748988213, -0.005413189055501035], [-0.008405639904066644, -0.005413189055501035, 0.017052908997836028]], "chi2_level": 0.997, "chi2_df": 3, "chi2_threshold": 13.931422665512084, "N_raw": 76, "N_roi": 75, "N_inlier": 72, "refit": true}
{"timestamp": "20:25:21.602504", "frame": 92, "mu": [-1.062123188747778, 2.499575384856046, 0.9050349163521434], "Sigma": [[0.019932825203050633, -0.002158170060553643, 0.018791107170107315], [-0.002158170060553643, 0.0036569303445483973, -0.01679081838849535], [0.01879110717010732, -0.01679081838849535, 0.24938473151861337]], "chi2_level": 0.997, "chi2_df": 3, "chi2_threshold": 13.931422665512084, "N_raw": 104, "N_roi": 102, "N_inlier": 101, "refit": true}
{"timestamp": "20:25:21.654437", "frame": 93, "mu": [-0.9538820950126701, 2.5182645653137827, 1.1077837379379725], "Sigma": [[0.014371762503039018, 0.002337339785742649, -0.005259752789925588], [0.002337339785742649, 0.0032371373595078932, -0.00784299145299151], [-0.005259752789925589, -0.007842991452991508, 0.03414215219016828]], "chi2_level": 0.997, "chi2_df": 3, "chi2_threshold": 13.931422665512084, "N_raw": 78, "N_roi": 74, "N_inlier": 71, "refit": true}
{"timestamp": "20:25:21.703627", "frame": 94, "mu": [-0.9920861958092745, 2.5679067819292456, 1.0347750129221271], "Sigma": [[0.00941134847387126, -0.0011476803920005487, 0.007699295802216096], [-0.0011476803920005484, 0.0038092629281546104, -0.014797843914990855], [0.007699295802216096, -0.014797843914990855, 0.09070976838847533]], "chi2_level": 0.997, "chi2_df": 3, "chi2_threshold": 13.931422665512084, "N_raw": 46, "N_roi": 45, "N_inlier": 44, "refit": true}
{"timestamp": "20:25:21.753104", "frame": 95, "mu": [-1.0158369972236407, 2.7985872735513446, -0.6943092900067562], "Sigma": [[0.022289680312238373, -0.008508525602677577, 0.09159070388693254], [-0.00850852560267758, 0.07054466976525679, 0.04181159209636209], [0.09159070388693252, 0.04181159209636207, 0.5838667286464331]], "chi2_level": 0.997, "chi2_df": 3, "chi2_threshold": 13.931422665512084, "N_raw": 12, "N_roi": 12, "N_inlier": 12, "refit": true}
{"timestamp": "20:25:21.812084", "frame": 96, "mu": [-0.9622537331991741, 2.6374905570091887, 0.9826182357883094], "Sigma": [[0.011133183175614826, -0.00029276478858557004, -0.0019682194540069924], [-0.00029276478858557004, 0.0017690762824939378, -0.0015259087784582964], [-0.0019682194540069924, -0.0015259087784582966, 0.03743673770581131]], "chi2_level": 0.997, "chi2_df": 3, "chi2_threshold": 13.931422665512084, "N_raw": 45, "N_roi": 45, "N_inlier": 43, "refit": true}
{"timestamp": "20:25:21.871254", "frame": 97, "mu": [-0.9337393352099899, 2.96020296221908, -0.3297372312332986], "Sigma": [[0.01078374084479644, -0.00850794729941062, 0.014719583356882893], [-0.00850794729941062, 0.06047966123762258, -0.08790471288092434], [0.014719583356882893, -0.08790471288092433, 0.1799019863030702]], "chi2_level": 0.997, "chi2_df": 3, "chi2_threshold": 13.931422665512084, "N_raw": 70, "N_roi": 70, "N_inlier": 70, "refit": true}
{"timestamp": "20:25:21.930575", "frame": 98, "mu": [-0.9654244398803937, 2.2369904757200416, -1.3490932163560643], "Sigma": [[0.012049113292957636, 0.027009792962689988, 0.03632482911908957], [0.027009792962689988, 0.6810768819601803, 1.2182778286435085], [0.036324829119089574, 1.2182778286435085, 2.2876939814611297]], "chi2_level": 0.997, "chi2_df": 3, "chi2_threshold": 13.931422665512084, "N_raw": 94, "N_roi": 94, "N_inlier": 93, "refit": true}
{"timestamp": "20:25:21.984462", "frame": 99, "mu": [-0.9367224836277636, 2.979096093093542, -0.30920916234050283], "Sigma": [[0.012154887022013998, -0.0006756629299649313, 0.0011583860690121046], [-0.0006756629299649313, 0.00893563897652446, -0.02870853373111309], [0.0011583860690121042, -0.02870853373111309, 0.11291771249922222]], "chi2_level": 0.997, "chi2_df": 3, "chi2_threshold": 13.931422665512084, "N_raw": 87, "N_roi": 87, "N_inlier": 86, "refit": true}
{"timestamp": "20:25:22.455716", "frame": 100, "mu": [-0.9813004637548567, 2.862719289437293, 1.041749506234391], "Sigma": [[0.013142136273945856, -0.000620674194740026, -0.002365634183013804], [-0.0006206741947400258, 0.00581338217739873, -0.015026824780374318], [-0.002365634183013804, -0.015026824780374318, 0.05512161028168673]], "chi2_level": 0.997, "chi2_df": 3, "chi2_threshold": 13.931422665512084, "N_raw": 102, "N_roi": 102, "N_inlier": 99, "refit": true}
