{"timestamp": "19:37:41.868923", "frame": 1, "mu": [1.0757576438519016, 1.4878879181880054, 1.1212735269590128], "Sigma": [[0.0050416494904271456, 0.0006164156001105869, -0.0074869432844405425], [0.0006164156001105868, 0.008804613051324085, -7.439089086321444e-05], [-0.0074869432844405425, -7.439089086321441e-05, 0.018042969158089322]], "chi2_level": 0.997, "chi2_df": 3, "chi2_threshold": 13.931422665512084, "N_raw": 21, "N_roi": 21, "N_inlier": 21, "refit": true}
{"timestamp": "19:37:41.924471", "frame": 2, "mu": [1.00989968891951, 1.3262402663089226, 1.2519812671133932], "Sigma": [[0.004520616395826692, -0.004709643944246656, -0.009617045917209239], [-0.004709643944246656, 0.007647867155080325, 0.013134592341683012], [-0.009617045917209239, 0.013134592341683012, 0.032013912390768264]], "chi2_level": 0.997, "chi2_df": 3, "chi2_threshold": 13.931422665512084, "N_raw": 30, "N_roi": 30, "N_inlier": 28, "refit": true}
{"timestamp": "19:37:41.979955", "frame": 3, "mu": [1.006577161677557, 1.4325545125375752, 1.3474956353857077], "Sigma": [[0.005282484080652986, 0.0017545183649452499, -0.007852498748802509], [0.0017545183649452499, 0.0049941036000282725, -0.0066306745144844425], [-0.007852498748802509, -0.0066306745144844425, 0.016235154729503466]], "chi2_level": 0.997, "chi2_df": 3, "chi2_threshold": 13.931422665512084, "N_raw": 27, "N_roi": 27, "N_inlier": 27, "refit": true}
{"timestamp": "19:37:42.036484", "frame": 4, "mu": [1.0142826674198546, 1.4111942741744858, 1.3714194071870789], "Sigma": [[0.00532205656960287, -0.0019366554758736584, -0.005827604833549322], [-0.0019366554758736584, 0.0027931495987743903, -0.0005554797661163002], [-0.005827604833549322, -0.0005554797661163003, 0.010933003464368117]], "chi2_level": 0.997, "chi2_df": 3, "chi2_threshold": 13.931422665512084, "N_raw": 39, "N_roi": 39, "N_inlier": 37, "refit": true}
{"timestamp": "19:37:42.092242", "frame": 5, "mu": [1.0459013904732202, 1.3646567158078187, 1.3351644133919471], "Sigma": [[0.007091511314562518, -0.002173036961749749, -0.003045792143329149], [-0.0021730369617497486, 0.0035096170809644873, -0.0008747289140681058], [-0.003045792143329149, -0.0008747289140681058, 0.0034468920979390948]], "chi2_level": 0.997, "chi2_df": 3, "chi2_threshold": 13.931422665512084, "N_raw": 48, "N_roi": 48, "N_inlier": 44, "refit": true}
{"timestamp": "19:37:42.143415", "frame": 6, "mu": [1.1144697846252376, 1.310628522844932, 0.8681813549415687], "Sigma": [[0.0073832967574208605, -0.009443730559038988, -0.04044683666771849], [-0.009443730559038988, 0.03096235394989118, 0.08343627068572107], [-0.040446836667718485, 0.08343627068572107, 0.36490177623997994]], "chi2_level": 0.997, "chi2_df": 3, "chi2_threshold": 13.931422665512084, "N_raw": 19, "N_roi": 19, "N_inlier": 18, "refit": true}
{"timestamp": "19:37:42.201158", "frame": 7, "mu": [1.1021670797188061, 1.362852346082152, 1.1744940057990152], "Sigma": [[0.0060880444278613955, 0.0016129783576345742, -0.0128445227588364], [0.0016129783576345742, 0.007837623743876912, -0.008634570928226396], [-0.0128445227588364, -0.008634570928226396, 0.040805008068992996]], "chi2_level": 0.997, "chi2_df": 3, "chi2_threshold": 13.931422665512084, "N_raw": 31, "N_roi": 31, "N_inlier": 31, "refit": true}
{"timestamp": "19:37:42.251442", "frame": 8, "mu": [1.0341397690415899, 1.356126107848584, 0.8448011013722367], "Sigma": [[0.024426881770126987, -0.02011559404580963, -0.08623947606623462], [-0.02011559404580963, 0.019979464372033337, 0.08358892956141546], [-0.08623947606623464, 0.08358892956141546, 0.5529701310901449]], "chi2_level": 0.997, "chi2_df": 3, "chi2_threshold": 13.931422665512084, "N_raw": 10, "N_roi": 10, "N_inlier": 10, "refit": true}
{"timestamp": "19:37:42.471904", "frame": 12, "mu": [1.0856519530610036, 1.358922443135294, -0.9795023213756884], "Sigma": [[0.03325373199962459, -0.023894758899826184, -0.1462070063229303], [-0.023894758899826184, 0.08651960385433778, 0.23112541354044588], [-0.14620700632293032, 0.23112541354044588, 1.0895148962002563]], "chi2_level": 0.997, "chi2_df": 3, "chi2_threshold": 13.931422665512084, "N_raw": 10, "N_roi": 10, "N_inlier": 10, "refit": true}
{"timestamp": "19:37:42.531576", "frame": 13, "mu": [0.9697565136059637, 1.4108227769897421, 1.4997882756182959], "Sigma": [[0.009510376547092853, -0.0061968575002122085, -0.011717555274938913], [-0.00619685750021221, 0.008698718422714816, 0.011927617423403543], [-0.011717555274938913, 0.011927617423403543, 0.026436969023840313]], "chi2_level": 0.997, "chi2_df": 3, "chi2_threshold": 13.931422665512084, "N_raw": 43, "N_roi": 43, "N_inlier": 39, "refit": true}
{"timestamp": "19:37:42.592556", "frame": 14, "mu": [1.0131917121985348, 1.3939832996058403, 1.3214517407016682], "Sigma": [[0.014264033794234259, -0.00938887993712267, -0.02904128617082634], [-0.00938887993712267, 0.009419078751630108, 0.01969998927170893], [-0.02904128617082634, 0.01969998927170893, 0.07105610496040135]], "chi2_level": 0.997, "chi2_df": 3, "chi2_threshold": 13.931422665512084, "N_raw": 70, "N_roi": 70, "N_inlier": 70, "refit": true}
{"timestamp": "19:37:42.645653", "frame": 15, "mu": [0.972366039103001, 1.4271035587103857, 1.444559736716047], "Sigma": [[0.008520843415119765, -0.003787475732185204, -0.012222200621479122], [-0.003787475732185204, 0.006321717439236431, 0.008572331079584682], [-0.012222200621479122, 0.008572331079584682, 0.03299649731770483]], "chi2_level": 0.997, "chi2_df": 3, "chi2_threshold": 13.931422665512084, "N_raw": 58, "N_roi": 58, "N_inlier": 58, "refit": true}
{"timestamp": "19:37:42.702648", "frame": 16, "mu": [0.9531715625257005, 1.4921323746039745, 1.5461092741784883], "Sigma": [[0.005402127160383171, -0.0004360888237227506, -0.0033252912362347316], [-0.0004360888237227507, 0.006678885887276022, -0.0012958176186832532], [-0.0033252912362347316, -0.0012958176186832534, 0.003665714600703598]], "chi2_level": 0.997, "chi2_df": 3, "chi2_threshold": 13.931422665512084, "N_raw": 61, "N_roi": 60, "N_inlier": 57, "refit": true}
{"timestamp": "19:37:42.750732", "frame": 17, "mu": [1.0093066533877388, 1.3723919218059057, 1.1352317580895275], "Sigma": [[0.014795464352721522, -0.01343809740108081, -0.056444957015844975], [-0.01343809740108081, 0.015139043598654605, 0.056228855960363096], [-0.05644495701584498, 0.0562288559603631, 0.39099526311054944]], "chi2_level": 0.997, "chi2_df": 3, "chi2_threshold": 13.931422665512084, "N_raw": 18, "N_roi": 18, "N_inlier": 18, "refit": true}
{"timestamp": "19:37:42.809524", "frame": 18, "mu": [1.059381774435881, 1.3708832181956079, 1.1644353671533023], "Sigma": [[0.006468798541839322, -0.004299569467766868, -0.010423273555264762], [-0.004299569467766868, 0.0049956862165094545, 0.007788051129252991], [-0.010423273555264762, 0.007788051129252992, 0.03558596089331351]], "chi2_level": 0.997, "chi2_df": 3, "chi2_threshold": 13.931422665512084, "N_raw": 47, "N_roi": 47, "N_inlier": 44, "refit": true}
{"timestamp": "19:37:42.862375", "frame": 19, "mu": [0.9650299885616249, 1.4867658004656046, 1.5111167073744847], "Sigma": [[0.0047290554988535585, -0.000978130406986574, -0.0017252778555785391], [-0.000978130406986574, 0.002804854782560303, -0.00034591616631916486], [-0.0017252778555785391, -0.00034591616631916486, 0.0017706869467599973]], "chi2_level": 0.997, "chi2_df": 3, "chi2_threshold": 13.931422665512084, "N_raw": 34, "N_roi": 34, "N_inlier": 33, "refit": true}
{"timestamp": "19:37:42.916458", "frame": 20, "mu": [0.9873166248100753, 1.427812766837311, 1.3638476221258915], "Sigma": [[0.004476249799006129, -0.0038579342188379707, -0.021010444223920066], [-0.0038579342188379715, 0.01098926108229839, 0.04349140064084258], [-0.021010444223920066, 0.04349140064084257, 0.23933989484886456]], "chi2_level": 0.997, "chi2_df": 3, "chi2_threshold": 13.931422665512084, "N_raw": 28, "N_roi": 28, "N_inlier": 28, "refit": true}
{"timestamp": "19:37:42.975345", "frame": 21, "mu": [1.0440196352238498, 1.2458203284593627, 0.5976666607098898], "Sigma": [[0.0031971819114379927, -0.0018374873883737284, -0.004178926352000988], [-0.0018374873883737284, 0.007149085211825417, 0.03820275139694391], [-0.004178926352000988, 0.03820275139694391, 0.31263822729691837]], "chi2_level": 0.997, "chi2_df": 3, "chi2_threshold": 13.931422665512084, "N_raw": 56, "N_roi": 56, "N_inlier": 55, "refit": true}
{"timestamp": "19:37:43.029868", "frame": 22, "mu": [1.029611829605949, 1.315329167189689, 1.1819516243589097], "Sigma": [[0.004077581395462303, -0.0038197324002857275, -0.006061238740069776], [-0.0038197324002857275, 0.004501783349325256, 0.00523435646009905], [-0.006061238740069776, 0.00523435646009905, 0.025741309186287767]], "chi2_level": 0.997, "chi2_df": 3, "chi2_threshold": 13.931422665512084, "N_raw": 46, "N_roi": 46, "N_inlier": 43, "refit": true}
{"timestamp": "19:37:43.083181", "frame": 23, "mu": [1.0080550579674732, 1.3139127005213793, 1.1056831777112128], "Sigma": [[0.003712575718655946, -0.0017159476541127878, 0.0033782635041168835], [-0.0017159476541127878, 0.0035203348647959245, 0.011834178306199133], [0.003378263504116883, 0.011834178306199131, 0.15853237543274065]], "chi2_level": 0.997, "chi2_df": 3, "chi2_threshold": 13.931422665512084, "N_raw": 40, "N_roi": 40, "N_inlier": 40, "refit": true}
{"timestamp": "19:37:43.136573", "frame": 24, "mu": [1.0688892546264377, 1.28723292664819, 0.8766371276710596], "Sigma": [[0.01146847245114401, -0.0006991877036210919, 0.025360775624398514], [-0.0006991877036210919, 0.0034767993638934666, 0.009698740969616076], [0.025360775624398518, 0.009698740969616076, 0.13391977786799336]], "chi2_level": 0.997, "chi2_df": 3, "chi2_threshold": 13.931422665512084, "N_raw": 28, "N_roi": 28, "N_inlier": 28, "refit": true}
{"timestamp": "19:37:43.201841", "frame": 25, "mu": [0.8864661056357309, 1.3289894644803146, 0.7513780129112668], "Sigma": [[0.022514943617980038, 0.0012606393288991224, 0.0662258397751509], [0.0012606393288991222, 0.009702945492007477, 0.04696738732564357], [0.0662258397751509, 0.04696738732564357, 0.4559803194202138]], "chi2_level": 0.997, "chi2_df": 3, "chi2_threshold": 13.931422665512084, "N_raw": 100, "N_roi": 100, "N_inlier": 98, "refit": true}
{"timestamp": "19:37:43.247233", "frame": 26, "mu": [0.9297230715663435, 1.3760906075047803, 1.1294289046454073], "Sigma": [[0.00826907785650915, -0.007277037949150017, -0.03639227326200971], [-0.007277037949150017, 0.010078513941037088, 0.052624917889554965], [-0.03639227326200971, 0.052624917889554965, 0.42629238327486335]], "chi2_level": 0.997, "chi2_df": 3, "chi2_threshold": 13.931422665512084, "N_raw": 21, "N_roi": 21, "N_inlier": 21, "refit": true}
{"timestamp": "19:37:43.308005", "frame": 27, "mu": [1.0004488410350783, 1.345791881017488, 1.1793153588167142], "Sigma": [[0.007954070341920019, -0.00385524633949925, -0.014690591913331694], [-0.0038552463394992496, 0.005429957956212309, 0.006923562430607088], [-0.014690591913331694, 0.006923562430607088, 0.04435219312815866]], "chi2_level": 0.997, "chi2_df": 3, "chi2_threshold": 13.931422665512084, "N_raw": 66, "N_roi": 66, "N_inlier": 62, "refit": true}
{"timestamp": "19:37:43.365802", "frame": 28, "mu": [0.9366818494586696, 1.3301486736597776, 1.1066705898872846], "Sigma": [[0.0060602375993524865, -0.0037284127165645407, -0.010142903594555969], [-0.0037284127165645407, 0.005845028355343568, 0.010070555755936086], [-0.01014290359455597, 0.010070555755936086, 0.06445048899853166]], "chi2_level": 0.997, "chi2_df": 3, "chi2_threshold": 13.931422665512084, "N_raw": 84, "N_roi": 84, "N_inlier": 81, "refit": true}
{"timestamp": "19:37:43.415949", "frame": 29, "mu": [0.8307233869462379, 1.4049079638576316, 1.0275903182727915], "Sigma": [[0.022582589425982222, -0.0034169624294997083, 0.054232444411814226], [-0.0034169624294997083, 0.0034489672546858226, -0.002604591790155263], [0.054232444411814226, -0.0026045917901552627, 0.18652450879775379]], "chi2_level": 0.997, "chi2_df": 3, "chi2_threshold": 13.931422665512084, "N_raw": 52, "N_roi": 52, "N_inlier": 51, "refit": true}
{"timestamp": "19:37:43.469403", "frame": 30, "mu": [0.8568878516071398, 1.2937371974206744, 0.7213451033562182], "Sigma": [[0.011835118995313676, -0.001619109276081772, 0.009864750491188975], [-0.001619109276081772, 0.00799934404257724, 0.011581699442132089], [0.009864750491188975, 0.011581699442132085, 0.1299906864875454]], "chi2_level": 0.997, "chi2_df": 3, "chi2_threshold": 13.931422665512084, "N_raw": 45, "N_roi": 45, "N_inlier": 44, "refit": true}
{"timestamp": "19:37:43.532493", "frame": 31, "mu": [0.8313755984836507, 1.317420970209797, 1.1135469212397189], "Sigma": [[0.006415078075829037, -0.002463438871172028, -0.00649946944531495], [-0.0024634388711720274, 0.0037474437228452984, 0.0067808541117988985], [-0.006499469445314949, 0.006780854111798898, 0.05761296124089063]], "chi2_level": 0.997, "chi2_df": 3, "chi2_threshold": 13.931422665512084, "N_raw": 96, "N_roi": 96, "N_inlier": 93, "refit": true}
{"timestamp": "19:37:43.583995", "frame": 32, "mu": [0.7682140219785993, 1.3183149366267306, 1.1496228211203616], "Sigma": [[0.005186272908045631, -0.004583635846460582, -0.009068574344712269], [-0.004583635846460582, 0.008940187662702626, 0.018891819265098943], [-0.009068574344712269, 0.01889181926509894, 0.06162291895324729]], "chi2_level": 0.997, "chi2_df": 3, "chi2_threshold": 13.931422665512084, "N_raw": 68, "N_roi": 68, "N_inlier": 65, "refit": true}
{"timestamp": "19:37:43.631146", "frame": 33, "mu": [0.7668114834178281, 1.2855873474456039, 0.8121901576531118], "Sigma": [[0.004741422880197503, -0.0034273706753357165, -0.01768540756475543], [-0.0034273706753357165, 0.007203157118342704, 0.02992868618137414], [-0.01768540756475543, 0.02992868618137414, 0.15401910389992682]], "chi2_level": 0.997, "chi2_df": 3, "chi2_threshold": 13.931422665512084, "N_raw": 20, "N_roi": 20, "N_inlier": 19, "refit": true}
{"timestamp": "19:37:43.694202", "frame": 34, "mu": [0.714682945110015, 1.312654457473608, 1.250368631528124], "Sigma": [[0.005820943488872812, -0.00040888318900972136, -0.0015000510829012849], [-0.00040888318900972136, 0.005812770968676326, -0.0032746219642796563], [-0.0015000510829012849, -0.0032746219642796563, 0.012718072618093977]], "chi2_level": 0.997, "chi2_df": 3, "chi2_threshold": 13.931422665512084, "N_raw": 85, "N_roi": 85, "N_inlier": 80, "refit": true}
{"timestamp": "19:37:43.741407", "frame": 35, "mu": [0.6905122683808029, 1.2260606939952412, 0.7042698210933593], "Sigma": [[0.004237581987951181, -0.0053547856806510094, -0.026175173537024976], [-0.0053547856806510094, 0.017381509654716524, 0.05538652358277969], [-0.026175173537024976, 0.05538652358277969, 0.32681766499960874]], "chi2_level": 0.997, "chi2_df": 3, "chi2_threshold": 13.931422665512084, "N_raw": 20, "N_roi": 20, "N_inlier": 19, "refit": true}
{"timestamp": "19:37:43.794780", "frame": 36, "mu": [0.5695315837764351, 1.3000349754652158, 1.1712119897267708], "Sigma": [[0.0018363967823011647, -0.0012001508317594522, -0.0039160689660131115], [-0.001200150831759452, 0.008515732902105094, -0.00196943448202235], [-0.0039160689660131115, -0.00196943448202235, 0.014281717700414526]], "chi2_level": 0.997, "chi2_df": 3, "chi2_threshold": 13.931422665512084, "N_raw": 15, "N_roi": 14, "N_inlier": 13, "refit": true}
{"timestamp": "19:37:43.860388", "frame": 37, "mu": [0.5566090671325565, 1.3140957434163973, 1.1377051059879375], "Sigma": [[0.006039271126784669, -0.001229844041514516, 0.0031889619180069675], [-0.001229844041514516, 0.0029768309804554687, 0.0006730128525474257], [0.0031889619180069675, 0.0006730128525474257, 0.08225948313163822]], "chi2_level": 0.997, "chi2_df": 3, "chi2_threshold": 13.931422665512084, "N_raw": 87, "N_roi": 87, "N_inlier": 84, "refit": true}
{"timestamp": "19:37:43.911510", "frame": 38, "mu": [0.534660344386391, 1.2452434029179809, 1.0540499235852812], "Sigma": [[0.005598342874536786, -0.001741403282780221, 0.010681998932417862], [-0.001741403282780221, 0.004384918328183844, -0.00741884306232969], [0.010681998932417862, -0.00741884306232969, 0.14566144609609952]], "chi2_level": 0.997, "chi2_df": 3, "chi2_threshold": 13.931422665512084, "N_raw": 54, "N_roi": 54, "N_inlier": 53, "refit": true}
{"timestamp": "19:37:43.965062", "frame": 39, "mu": [0.538094332735984, 1.3093906750079047, 1.177310140003541], "Sigma": [[0.003921762098808177, 0.0010591930874279355, 0.00683888741803792], [0.0010591930874279355, 0.012228676941690029, 0.005474316150646088], [0.0068388874180379195, 0.005474316150646089, 0.048194556904537424]], "chi2_level": 0.997, "chi2_df": 3, "chi2_threshold": 13.931422665512084, "N_raw": 47, "N_roi": 47, "N_inlier": 44, "refit": true}
{"timestamp": "19:37:44.022639", "frame": 40, "mu": [0.38954706638492076, 1.4156326202356702, 1.2839771222511331], "Sigma": [[0.005480016547472361, 0.0007320123029113419, -0.003506021981684559], [0.0007320123029113418, 0.003044712817824323, -0.0035888227590724726], [-0.0035060219816845594, -0.0035888227590724726, 0.0069122358925634364]], "chi2_level": 0.997, "chi2_df": 3, "chi2_threshold": 13.931422665512084, "N_raw": 67, "N_roi": 67, "N_inlier": 63, "refit": true}
{"timestamp": "19:37:44.072246", "frame": 41, "mu": [0.3968776718541678, 1.4419009042827513, 1.1972627079785185], "Sigma": [[0.021733787918838093, -0.000800972455449144, 0.05507561050445657], [-0.000800972455449144, 0.004594416925526625, -0.002367822083714925], [0.05507561050445657, -0.002367822083714925, 0.15698318987555276]], "chi2_level": 0.997, "chi2_df": 3, "chi2_threshold": 13.931422665512084, "N_raw": 30, "N_roi": 30, "N_inlier": 30, "refit": true}
{"timestamp": "19:37:44.126264", "frame": 42, "mu": [0.2657640574759264, 1.415653024932333, 1.206883243060263], "Sigma": [[0.008906432149217337, -0.002541949563478629, 0.03606149341672268], [-0.002541949563478629, 0.0029660704173815845, -0.00509929627266258], [0.03606149341672268, -0.005099296272662578, 0.2166806277841624]], "chi2_level": 0.997, "chi2_df": 3, "chi2_threshold": 13.931422665512084, "N_raw": 24, "N_roi": 24, "N_inlier": 24, "refit": true}
{"timestamp": "19:37:44.181847", "frame": 43, "mu": [0.2762586592257888, 1.4364625530591066, 1.271546425872636], "Sigma": [[0.0020099024713942605, -0.0005939764952281761, 0.00639022096698228], [-0.000593976495228176, 0.0031356273359181216, 0.003761096004126238], [0.00639022096698228, 0.003761096004126239, 0.1538263130162126]], "chi2_level": 0.997, "chi2_df": 3, "chi2_threshold": 13.931422665512084, "N_raw": 36, "N_roi": 36, "N_inlier": 35, "refit": true}
{"timestamp": "19:37:44.238645", "frame": 44, "mu": [0.22544837472607054, 1.4713664239644408, 1.395731793094087], "Sigma": [[0.0029388878378026665, -0.0007590199851401347, 0.002316164355286192], [-0.0007590199851401347, 0.003526597625622076, 0.0055161058818247385], [0.002316164355286192, 0.0055161058818247385, 0.12769562994930486]], "chi2_level": 0.997, "chi2_df": 3, "chi2_threshold": 13.931422665512084, "N_raw": 43, "N_roi": 43, "N_inlier": 41, "refit": true}
{"timestamp": "19:37:44.294658", "frame": 45, "mu": [0.21490422636134576, 1.4209988192690322, 1.2935936163730681], "Sigma": [[0.0030593260261774116, -0.0019329280118110606, -0.007715505304006146], [-0.0019329280118110606, 0.00685326784007029, 0.016123373254889446], [-0.007715505304006146, 0.016123373254889446, 0.11602672252182616]], "chi2_level": 0.997, "chi2_df": 3, "chi2_threshold": 13.931422665512084, "N_raw": 43, "N_roi": 43, "N_inlier": 42, "refit": true}
{"timestamp": "19:37:44.350838", "frame": 46, "mu": [0.1411710874732972, 1.512299836296483, -0.46605722064281496], "Sigma": [[0.003322198357666543, 0.00037853917876755756, 0.006608094812828663], [0.0003785391787675575, 0.010417554532284509, 0.009815767158825013], [0.006608094812828663, 0.009815767158825013, 0.028926991872886984]], "chi2_level": 0.997, "chi2_df": 3, "chi2_threshold": 13.931422665512084, "N_raw": 57, "N_roi": 57, "N_inlier": 56, "refit": true}
{"timestamp": "19:37:44.406832", "frame": 47, "mu": [0.11644928593442853, 1.3849206203300295, 1.2502374578020365], "Sigma": [[0.003280874339050562, -0.0016922115015875513, -0.0009326978234692931], [-0.0016922115015875513, 0.007561009073419486, -0.0012616925310436032], [-0.0009326978234692931, -0.0012616925310436032, 0.0010535370170047782]], "chi2_level": 0.997, "chi2_df": 3, "chi2_threshold": 13.931422665512084, "N_raw": 65, "N_roi": 65, "N_inlier": 62, "refit": true}
{"timestamp": "19:37:44.458589", "frame": 48, "mu": [0.08660847404271149, 1.5573630032749943, -0.44832394310493606], "Sigma": [[0.003977199228895503, -0.004235023642953418, 0.006540262407414569], [-0.004235023642953418, 0.01814429182636449, -0.04294974770394791], [0.006540262407414569, -0.04294974770394791, 0.14715085246309012]], "chi2_level": 0.997, "chi2_df": 3, "chi2_threshold": 13.931422665512084, "N_raw": 34, "N_roi": 34, "N_inlier": 33, "refit": true}
{"timestamp": "19:37:44.517425", "frame": 49, "mu": [0.029728630514257486, 1.4722850204137428, 1.43019851534661], "Sigma": [[0.004196452854566521, -0.0009730514227346751, -0.0024388123896579685], [-0.0009730514227346751, 0.00901386303825668, 0.002182891179627674], [-0.002438812389657969, 0.002182891179627674, 0.0018677307181767789]], "chi2_level": 0.997, "chi2_df": 3, "chi2_threshold": 13.931422665512084, "N_raw": 71, "N_roi": 71, "N_inlier": 67, "refit": true}
{"timestamp": "19:37:44.571017", "frame": 50, "mu": [-0.018197599742696878, 1.6476286251692815, -0.1489080890125912], "Sigma": [[0.004830249887884386, -0.0029838330667905574, -0.004919959443521877], [-0.0029838330667905574, 0.012725694210346505, 0.012680853767765704], [-0.004919959443521877, 0.012680853767765704, 0.03815708315211702]], "chi2_level": 0.997, "chi2_df": 3, "chi2_threshold": 13.931422665512084, "N_raw": 51, "N_roi": 51, "N_inlier": 49, "refit": true}
{"timestamp": "19:37:44.630553", "frame": 51, "mu": [-0.08413347157392725, 1.4555647186249652, 1.1951820575856522], "Sigma": [[0.006284661918097703, -0.0022198618566488856, 0.006131216211491694], [-0.0022198618566488856, 0.003518963286638359, -0.005076085290806162], [0.006131216211491694, -0.005076085290806162, 0.019434243080698112]], "chi2_level": 0.997, "chi2_df": 3, "chi2_threshold": 13.931422665512084, "N_raw": 84, "N_roi": 84, "N_inlier": 81, "refit": true}
{"timestamp": "19:37:44.683267", "frame": 52, "mu": [-0.12487268858051208, 1.5157682244012611, 1.4149145748985448], "Sigma": [[0.006755183697686288, -0.005375190619322845, -0.004150561797971157], [-0.005375190619322844, 0.008561782645200546, 0.001298674536818061], [-0.004150561797971157, 0.001298674536818061, 0.005710333867360094]], "chi2_level": 0.997, "chi2_df": 3, "chi2_threshold": 13.931422665512084, "N_raw": 71, "N_roi": 71, "N_inlier": 68, "refit": true}
{"timestamp": "19:37:44.748001", "frame": 53, "mu": [-0.16048183259702997, 1.5127321859606992, 1.3679154669875007], "Sigma": [[0.007392080471179367, -0.0024021172923676007, -0.0032306657500715836], [-0.002402117292367601, 0.008215903282789568, 0.006152338755418391], [-0.0032306657500715836, 0.00615233875541839, 0.0370928147516042]], "chi2_level": 0.997, "chi2_df": 3, "chi2_threshold": 13.931422665512084, "N_raw": 100, "N_roi": 100, "N_inlier": 97, "refit": true}
{"timestamp": "19:37:44.795295", "frame": 54, "mu": [-0.2193481653218006, 1.5308639327260538, 1.437904043134468], "Sigma": [[0.006009836499880953, -0.002406420243279618, -0.0007374350900380367], [-0.0024064202432796176, 0.008454955337442211, 0.004601660033423303], [-0.0007374350900380365, 0.0046016600334233045, 0.029541997923310324]], "chi2_level": 0.997, "chi2_df": 3, "chi2_threshold": 13.931422665512084, "N_raw": 83, "N_roi": 83, "N_inlier": 79, "refit": true}
{"timestamp": "19:37:44.856539", "frame": 55, "mu": [-0.2967667436054252, 1.490274964117024, 1.2966613378631202], "Sigma": [[0.009150687162594, -0.00451297862783309, 0.004365924279915395], [-0.00451297862783309, 0.00499102742944236, -0.0036362691178148917], [0.004365924279915395, -0.0036362691178148917, 0.018321712516379037]], "chi2_level": 0.997, "chi2_df": 3, "chi2_threshold": 13.931422665512084, "N_raw": 87, "N_roi": 87, "N_inlier": 85, "refit": true}
{"timestamp": "19:37:44.901081", "frame": 56, "mu": [-0.3599706880393689, 1.600728479292477, -0.6495084062666944], "Sigma": [[0.005857823127096546, 0.0017454873555162757, 0.009562479989547002], [0.001745487355516275, 0.007047039838808079, 0.014741046423597491], [0.009562479989547002, 0.014741046423597491, 0.06886388015484496]], "chi2_level": 0.997, "chi2_df": 3, "chi2_threshold": 13.931422665512084, "N_raw": 59, "N_roi": 59, "N_inlier": 58, "refit": true}
{"timestamp": "19:37:44.959389", "frame": 57, "mu": [-0.3444391679302255, 1.4497425332792218, 1.3365857222620545], "Sigma": [[0.005719717610616385, -0.003634667342840944, -0.004335509202265914], [-0.003634667342840944, 0.012028768135762829, 0.00450110399031233], [-0.004335509202265914, 0.00450110399031233, 0.004121838756471188]], "chi2_level": 0.997, "chi2_df": 3, "chi2_threshold": 13.931422665512084, "N_raw": 77, "N_roi": 77, "N_inlier": 74, "refit": true}
{"timestamp": "19:37:45.022021", "frame": 58, "mu": [-0.37486270060257504, 1.4319313336696107, 1.0263837685014223], "Sigma": [[0.006318912835618999, -0.0008422092110107438, -0.011361412040999469], [-0.000842209211010744, 0.011978789514730004, -0.014033852777974256], [-0.011361412040999469, -0.014033852777974257, 0.19370254851465737]], "chi2_level": 0.997, "chi2_df": 3, "chi2_threshold": 13.931422665512084, "N_raw": 106, "N_roi": 106, "N_inlier": 106, "refit": true}
{"timestamp": "19:37:45.071376", "frame": 59, "mu": [-0.4420914392586115, 1.400823442119904, 1.2531218809326439], "Sigma": [[0.005795021486133437, -0.0010597693737148535, -0.0017173170226204915], [-0.0010597693737148532, 0.013547733544505542, 0.003584199829956847], [-0.0017173170226204913, 0.003584199829956847, 0.0036410603809629823]], "chi2_level": 0.997, "chi2_df": 3, "chi2_threshold": 13.931422665512084, "N_raw": 85, "N_roi": 85, "N_inlier": 81, "refit": true}
{"timestamp": "19:37:45.133897", "frame": 60, "mu": [-0.48325848338346405, 1.4326606380028908, 0.9942431488988743], "Sigma": [[0.0072430056127923475, 0.002546870744340314, -0.012603813169404388], [0.002546870744340314, 0.010307076348716011, -0.012033379719812345], [-0.012603813169404388, -0.012033379719812345, 0.16882139576546754]], "chi2_level": 0.997, "chi2_df": 3, "chi2_threshold": 13.931422665512084, "N_raw": 144, "N_roi": 144, "N_inlier": 143, "refit": true}
{"timestamp": "19:37:45.190604", "frame": 61, "mu": [-0.5107148101498913, 1.5116344131190393, 0.04411796361912135], "Sigma": [[0.0070221287899547985, 0.00045003427747916593, 0.03894278674776672], [0.0004500342774791656, 0.006181300611874051, 0.01565005241623694], [0.03894278674776671, 0.01565005241623694, 0.5761733205105697]], "chi2_level": 0.997, "chi2_df": 3, "chi2_threshold": 13.931422665512084, "N_raw": 147, "N_roi": 147, "N_inlier": 147, "refit": true}
{"timestamp": "19:37:45.240047", "frame": 62, "mu": [-0.5582444746764335, 1.4704145883721174, -0.03842666805812291], "Sigma": [[0.007327560850203083, 0.000446046137111984, 0.05506358538946917], [0.00044604613711198417, 0.009520357449352874, 0.025630059612294726], [0.055063585389469163, 0.025630059612294726, 0.7898595708049633]], "chi2_level": 0.997, "chi2_df": 3, "chi2_threshold": 13.931422665512084, "N_raw": 114, "N_roi": 114, "N_inlier": 114, "refit": true}
{"timestamp": "19:37:45.294410", "frame": 63, "mu": [-0.5719880746140422, 1.62647056249953, -0.48453717213607334], "Sigma": [[0.007682069319640011, 0.004507686194357015, -0.0017972609379465552], [0.004507686194357015, 0.010299107416722133, -0.0015892289907996206], [-0.0017972609379465557, -0.0015892289907996203, 0.06591108647138218]], "chi2_level": 0.997, "chi2_df": 3, "chi2_threshold": 13.931422665512084, "N_raw": 103, "N_roi": 103, "N_inlier": 102, "refit": true}
{"timestamp": "19:37:45.344601", "frame": 64, "mu": [-0.5817023120917812, 1.4915284097471966, -0.7698055744195641], "Sigma": [[0.0053730909380916075, 0.0045795268118856355, 0.0033202981274356187], [0.0045795268118856355, 0.013481031591999721, 0.005862072455942337], [0.0033202981274356195, 0.005862072455942337, 0.020037135254800376]], "chi2_level": 0.997, "chi2_df": 3, "chi2_threshold": 13.931422665512084, "N_raw": 74, "N_roi": 74, "N_inlier": 72, "refit": true}
{"timestamp": "19:37:45.403514", "frame": 65, "mu": [-0.6012025123893037, 1.7129834887503508, -0.4402433385455434], "Sigma": [[0.008147262716223848, 0.0036555838450907678, -0.010370816535233137], [0.0036555838450907678, 0.006837892163970571, -0.01481359988071747], [-0.010370816535233139, -0.01481359988071747, 0.0517213423463884]], "chi2_level": 0.997, "chi2_df": 3, "chi2_threshold": 13.931422665512084, "N_raw": 103, "N_roi": 103, "N_inlier": 100, "refit": true}
{"timestamp": "19:37:45.459526", "frame": 66, "mu": [-0.6293564968151243, 1.6309620614806775, 0.022772040765768067], "Sigma": [[0.008614773664564044, -0.004359757750460141, 0.041071276878195145], [-0.004359757750460141, 0.008915990360144893, -0.04094218957835379], [0.04107127687819515, -0.0409421895783538, 0.3672626350459644]], "chi2_level": 0.997, "chi2_df": 3, "chi2_threshold": 13.931422665512084, "N_raw": 110, "N_roi": 110, "N_inlier": 107, "refit": true}
{"timestamp": "19:37:45.518148", "frame": 67, "mu": [-0.6447710889213198, 1.6328917858170258, 1.2070020988609589], "Sigma": [[0.00874203533390986, 0.0034332218345688678, -0.0025055888326545065], [0.003433221834568868, 0.004914350105490551, -0.0032328134357554805], [-0.002505588832654506, -0.0032328134357554805, 0.0424614720862889]], "chi2_level": 0.997, "chi2_df": 3, "chi2_threshold": 13.931422665512084, "N_raw": 105, "N_roi": 105, "N_inlier": 101, "refit": true}
{"timestamp": "19:37:45.566082", "frame": 68, "mu": [-0.7284216406257911, 1.7392302142705296, -0.2877209731790383], "Sigma": [[0.007876920096760765, -0.0018029363406014463, -0.010659209994951875], [-0.0018029363406014466, 0.00800127541276893, 0.0005930529804974135], [-0.010659209994951875, 0.000593052980497413, 0.06846701903278934]], "chi2_level": 0.997, "chi2_df": 3, "chi2_threshold": 13.931422665512084, "N_raw": 91, "N_roi": 91, "N_inlier": 87, "refit": true}
{"timestamp": "19:37:45.618320", "frame": 69, "mu": [-0.7541876689230942, 1.6358919198123254, 1.318931019586359], "Sigma": [[0.009327225659728043, 0.0008139126930963522, -0.0011331867627464198], [0.0008139126930963521, 0.006162962663341869, -0.0003647003194743359], [-0.0011331867627464196, -0.00036470031947433585, 0.0004993242209111744]], "chi2_level": 0.997, "chi2_df": 3, "chi2_threshold": 13.931422665512084, "N_raw": 70, "N_roi": 70, "N_inlier": 66, "refit": true}
{"timestamp": "19:37:45.685703", "frame": 70, "mu": [-0.7229205220592523, 1.694093486303361, 0.7935855307600669], "Sigma": [[0.010461340646744808, -0.0033795442315912054, 0.0057323041622313504], [-0.0033795442315912054, 0.010498931384868451, 0.0009380847710142], [0.005732304162231351, 0.0009380847710142006, 0.3151912918683724]], "chi2_level": 0.997, "chi2_df": 3, "chi2_threshold": 13.931422665512084, "N_raw": 150, "N_roi": 150, "N_inlier": 150, "refit": true}
{"timestamp": "19:37:45.731158", "frame": 71, "mu": [-0.7898138022935541, 1.7009095401631165, 1.2055803659240505], "Sigma": [[0.009374335547815858, -0.003018399997882102, -0.009609074807076087], [-0.003018399997882102, 0.007240845560973119, 0.0130648588942767], [-0.009609074807076089, 0.013064858894276696, 0.13882288512805133]], "chi2_level": 0.997, "chi2_df": 3, "chi2_threshold": 13.931422665512084, "N_raw": 83, "N_roi": 83, "N_inlier": 81, "refit": true}
{"timestamp": "19:37:45.788995", "frame": 72, "mu": [-0.7639245750027934, 1.7844475199182506, 0.9438811988838153], "Sigma": [[0.011346715928270608, 0.0021774925832026507, 0.015266861733733136], [0.0021774925832026507, 0.0029549399458831103, -0.0028496110885015183], [0.015266861733733138, -0.0028496110885015183, 0.2480426010488264]], "chi2_level": 0.997, "chi2_df": 3, "chi2_threshold": 13.931422665512084, "N_raw": 112, "N_roi": 112, "N_inlier": 111, "refit": true}
{"timestamp": "19:37:45.842568", "frame": 73, "mu": [-0.7482339937735663, 2.014211862847139, -0.6022247751238096], "Sigma": [[0.005732296431845147, 5.33286945922962e-05, -0.004776180169775407], [5.3328694592296117e-05, 0.010489271127177046, -0.027589710832138657], [-0.004776180169775406, -0.027589710832138653, 0.24223800300238907]], "chi2_level": 0.997, "chi2_df": 3, "chi2_threshold": 13.931422665512084, "N_raw": 91, "N_roi": 91, "N_inlier": 90, "refit": true}
{"timestamp": "19:37:45.896377", "frame": 74, "mu": [-0.7334611040461749, 2.0784760762889896, -0.5153629335590971], "Sigma": [[0.01001979080201936, 0.00453864354439691, 0.003973238805765356], [0.00453864354439691, 0.011023652639091037, -0.02343972747833392], [0.003973238805765356, -0.02343972747833392, 0.09970353056238683]], "chi2_level": 0.997, "chi2_df": 3, "chi2_threshold": 13.931422665512084, "N_raw": 89, "N_roi": 89, "N_inlier": 87, "refit": true}
{"timestamp": "19:37:45.954015", "frame": 75, "mu": [-0.7840978701561857, 2.118321879720193, -0.7822088447786039], "Sigma": [[0.017547891459343826, -0.00414892177554479, 0.05258038359976004], [-0.004148921775544789, 0.012526883456488362, -0.06373662123230239], [0.05258038359976004, -0.06373662123230239, 0.4741978454207694]], "chi2_level": 0.997, "chi2_df": 3, "chi2_threshold": 13.931422665512084, "N_raw": 112, "N_roi": 112, "N_inlier": 111, "refit": true}
{"timestamp": "19:37:46.013048", "frame": 76, "mu": [-0.7873934049531284, 1.8968586991577387, 0.629213645078396], "Sigma": [[0.013554227816044342, -0.0006727319801345412, 0.012795138731788473], [-0.0006727319801345412, 0.005984051875038638, 0.02552075312054322], [0.012795138731788473, 0.02552075312054322, 0.3519038485827147]], "chi2_level": 0.997, "chi2_df": 3, "chi2_threshold": 13.931422665512084, "N_raw": 130, "N_roi": 130, "N_inlier": 130, "refit": true}
{"timestamp": "19:37:46.066698", "frame": 77, "mu": [-0.7259774248704135, 1.9789206271488806, 1.0540681063663802], "Sigma": [[0.017166142054107547, -0.0025511570862389145, 0.02044864281876014], [-0.002551157086238915, 0.005371918766427028, -0.013541111807139714], [0.02044864281876014, -0.013541111807139714, 0.12364083228834653]], "chi2_level": 0.997, "chi2_df": 3, "chi2_threshold": 13.931422665512084, "N_raw": 116, "N_roi": 116, "N_inlier": 114, "refit": true}
{"timestamp": "19:37:46.116461", "frame": 78, "mu": [-0.7032236647860276, 2.0211005947767196, 1.0344774430226913], "Sigma": [[0.010940325288046714, 0.0022724412269173504, 0.002484219202801283], [0.0022724412269173504, 0.0016889019108472362, -0.004553738002425768], [0.002484219202801283, -0.004553738002425768, 0.05667846004132761]], "chi2_level": 0.997, "chi2_df": 3, "chi2_threshold": 13.931422665512084, "N_raw": 86, "N_roi": 86, "N_inlier": 83, "refit": true}
{"timestamp": "19:37:46.170906", "frame": 79, "mu": [-0.7047900789120768, 2.0444559521250687, 1.0701220497939519], "Sigma": [[0.00814105614613135, 0.000990927463456479, -0.005051565362633507], [0.0009909274634564793, 0.0020338408666653986, -0.005886149627837399], [-0.005051565362633506, -0.005886149627837398, 0.03461091583080658]], "chi2_level": 0.997, "chi2_df": 3, "chi2_threshold": 13.931422665512084, "N_raw": 80, "N_roi": 79, "N_inlier": 75, "refit": true}
{"timestamp": "19:37:46.221895", "frame": 80, "mu": [-0.6930361609264104, 2.083131355011575, 0.025300984627480774], "Sigma": [[0.00675710464658055, 0.00010828883942555007, 0.058677862841225836], [0.00010828883942555018, 0.004651596134990506, -0.0005729143465070278], [0.058677862841225836, -0.0005729143465070285, 0.8397830679562092]], "chi2_level": 0.997, "chi2_df": 3, "chi2_threshold": 13.931422665512084, "N_raw": 51, "N_roi": 51, "N_inlier": 50, "refit": true}
{"timestamp": "19:37:46.287872", "frame": 81, "mu": [-0.8156734722713119, 2.3090946243230785, -0.48188097799692975], "Sigma": [[0.014988264427434214, 0.004396406533406635, -0.02881571603396422], [0.004396406533406635, 0.007541613000093761, -0.02384783244792958], [-0.02881571603396422, -0.02384783244792958, 0.13933332006311633]], "chi2_level": 0.997, "chi2_df": 3, "chi2_threshold": 13.931422665512084, "N_raw": 102, "N_roi": 102, "N_inlier": 100, "refit": true}
{"timestamp": "19:37:46.335720", "frame": 82, "mu": [-0.754531997947522, 2.144072789918854, 0.7632304836004231], "Sigma": [[0.012010205065386272, -0.0006062273593653105, -0.004220968371479964], [-0.0006062273593653105, 0.0045531755962732795, 0.010614639875169564], [-0.004220968371479963, 0.010614639875169564, 0.07168823874109316]], "chi2_level": 0.997, "chi2_df": 3, "chi2_threshold": 13.931422665512084, "N_raw": 83, "N_roi": 83, "N_inlier": 80, "refit": true}
{"timestamp": "19:37:46.387976", "frame": 83, "mu": [-0.7966239087484446, 2.2847730884699646, 0.8521724625001139], "Sigma": [[0.010655229364483322, -0.0032036156479567186, 0.005898311194745889], [-0.0032036156479567186, 0.009879434797586581, -0.005294430238846069], [0.005898311194745889, -0.005294430238846069, 0.18611850499661775]], "chi2_level": 0.997, "chi2_df": 3, "chi2_threshold": 13.931422665512084, "N_raw": 66, "N_roi": 58, "N_inlier": 56, "refit": true}
{"timestamp": "19:37:46.443064", "frame": 84, "mu": [-0.7453701163746342, 2.3287314025389207, 0.8974561626053383], "Sigma": [[0.01123826498121958, -0.000585502270290162, 0.01321098098573243], [-0.0005855022702901619, 0.0025441602429832543, -0.012215679558277601], [0.01321098098573243, -0.012215679558277601, 0.12286072736805745]], "chi2_level": 0.997, "chi2_df": 3, "chi2_threshold": 13.931422665512084, "N_raw": 64, "N_roi": 64, "N_inlier": 62, "refit": true}
{"timestamp": "19:37:46.496007", "frame": 85, "mu": [-0.9033351476500325, 2.5023094847168625, -0.9630424911318254], "Sigma": [[0.015020358373918278, 0.01125932469418488, 0.0180933147125815], [0.011259324694184883, 0.024985607268749935, 0.0034298695250271323], [0.0180933147125815, 0.003429869525027133, 0.12012740432701582]], "chi2_level": 0.997, "chi2_df": 3, "chi2_threshold": 13.931422665512084, "N_raw": 44, "N_roi": 44, "N_inlier": 43, "refit": true}
{"timestamp": "19:37:46.556080", "frame": 86, "mu": [-0.844107097121906, 2.3679888895629917, 0.9367883194227986], "Sigma": [[0.009249941482811427, 0.0005452718778671511, 0.003328052198465708], [0.0005452718778671511, 0.0016694458021734471, -0.0002796867604554399], [0.003328052198465707, -0.00027968676045544007, 0.16037616051606415]], "chi2_level": 0.997, "chi2_df": 3, "chi2_threshold": 13.931422665512084, "N_raw": 73, "N_roi": 73, "N_inlier": 72, "refit": true}
{"timestamp": "19:37:46.608111", "frame": 87, "mu": [-0.8287039442174576, 2.4227168764842966, 1.0870128718411494], "Sigma": [[0.011668135839035346, -0.0003083802682641479, -0.002500567137397985], [-0.000308380268264148, 0.0017858900760327372, -0.004940447239840176], [-0.0025005671373979858, -0.004940447239840177, 0.04732560126099217]], "chi2_level": 0.997, "chi2_df": 3, "chi2_threshold": 13.931422665512084, "N_raw": 72, "N_roi": 72, "N_inlier": 70, "refit": true}
{"timestamp": "19:37:46.667779", "frame": 88, "mu": [-0.8072533534389328, 2.4712500449071286, 0.9314915669359211], "Sigma": [[0.01478415220648374, -0.0019206582228145095, 0.013610699186404757], [-0.0019206582228145095, 0.0028374119550793426, -0.011170485908635976], [0.013610699186404757, -0.011170485908635976, 0.1741290776234714]], "chi2_level": 0.997, "chi2_df": 3, "chi2_threshold": 13.931422665512084, "N_raw": 102, "N_roi": 102, "N_inlier": 101, "refit": true}
{"timestamp": "19:37:46.723397", "frame": 89, "mu": [-0.8553446683219886, 2.5471496762481256, 0.846346982561608], "Sigma": [[0.0157937826651877, -0.0053908266087798525, 0.012840598331096392], [-0.0053908266087798525, 0.008946903809336212, -0.023458959756212393], [0.012840598331096392, -0.023458959756212393, 0.11376039685561962]], "chi2_level": 0.997, "chi2_df": 3, "chi2_threshold": 13.931422665512084, "N_raw": 99, "N_roi": 99, "N_inlier": 98, "refit": true}
