{"timestamp": "20:02:27.186620", "frame": 1, "mu": [-2.2939568717109147, 3.5286800856888156, 1.220889508876458], "Sigma": [[0.0116520978832697, 0.0068477546122811365, -0.01000588509807791], [0.0068477546122811365, 0.007639632477733135, -0.01122317299565382], [-0.01000588509807791, -0.01122317299565382, 0.021917640832085583]], "chi2_level": 0.997, "chi2_df": 3, "chi2_threshold": 13.931422665512084, "N_raw": 33, "N_roi": 28, "N_inlier": 27, "refit": true}
{"timestamp": "20:02:27.240482", "frame": 2, "mu": [-2.3281849641868253, 3.5365389659401862, 1.1132123240654448], "Sigma": [[0.01108288673909873, 0.003489293339282544, -0.00799022097218121], [0.003489293339282544, 0.0037431407485959637, -0.002108026947107173], [-0.00799022097218121, -0.002108026947107173, 0.006644528253635782]], "chi2_level": 0.997, "chi2_df": 3, "chi2_threshold": 13.931422665512084, "N_raw": 23, "N_roi": 18, "N_inlier": 18, "refit": true}
{"timestamp": "20:02:27.300611", "frame": 3, "mu": [-2.258258355461747, 3.5333907786412824, 1.215445635970219], "Sigma": [[0.01876403826246011, 0.008197229526464853, -0.009992983811174434], [0.008197229526464855, 0.009632861474759327, -0.012230540805167724], [-0.009992983811174434, -0.012230540805167724, 0.018565289306962923]], "chi2_level": 0.997, "chi2_df": 3, "chi2_threshold": 13.931422665512084, "N_raw": 60, "N_roi": 52, "N_inlier": 51, "refit": true}
{"timestamp": "20:02:27.355810", "frame": 4, "mu": [-2.2803835126577687, 3.509606092195246, 1.1201629891967697], "Sigma": [[0.010561306718294241, 0.006379530054782749, -0.004431850191418698], [0.006379530054782749, 0.007493950435401897, -0.01063099195879212], [-0.004431850191418696, -0.01063099195879212, 0.025595309239288377]], "chi2_level": 0.997, "chi2_df": 3, "chi2_threshold": 13.931422665512084, "N_raw": 33, "N_roi": 33, "N_inlier": 33, "refit": true}
{"timestamp": "20:02:27.411493", "frame": 5, "mu": [-2.2312168919950572, 3.507979979830421, 1.1980087349998316], "Sigma": [[0.023106664546276717, 0.011840657641007408, -0.01243752486424651], [0.011840657641007408, 0.00912962819533862, -0.012485818820696448], [-0.012437524864246513, -0.012485818820696448, 0.020993888088679392]], "chi2_level": 0.997, "chi2_df": 3, "chi2_threshold": 13.931422665512084, "N_raw": 44, "N_roi": 43, "N_inlier": 43, "refit": true}
{"timestamp": "20:02:27.518059", "frame": 7, "mu": [-2.108342631016716, 3.5996878818449707, 0.9012906919661225], "Sigma": [[0.018219975739186593, 0.0130274520939654, -0.026524857113554453], [0.013027452093965398, 0.012149799433532886, -0.026291998493393302], [-0.026524857113554453, -0.026291998493393302, 0.06219911308811361]], "chi2_level": 0.997, "chi2_df": 3, "chi2_threshold": 13.931422665512084, "N_raw": 25, "N_roi": 25, "N_inlier": 23, "refit": true}
{"timestamp": "20:02:27.579116", "frame": 8, "mu": [-2.144814618570935, 3.511110016180388, 1.012605770108776], "Sigma": [[0.0338800727701275, 0.021586977288253935, -0.03538452187993815], [0.021586977288253935, 0.01879750424696172, -0.030652048279012613], [-0.03538452187993815, -0.03065204827901261, 0.05427473250793039]], "chi2_level": 0.997, "chi2_df": 3, "chi2_threshold": 13.931422665512084, "N_raw": 68, "N_roi": 68, "N_inlier": 66, "refit": true}
{"timestamp": "20:02:27.628965", "frame": 9, "mu": [-2.2306559048488754, 3.5081693261549214, -0.062312567978907205], "Sigma": [[0.021911451965140265, 0.018386904207286187, -0.01463422535908147], [0.018386904207286187, 0.021309429256679856, -0.018571395049717887], [-0.014634225359081468, -0.018571395049717887, 0.018513091464805863]], "chi2_level": 0.997, "chi2_df": 3, "chi2_threshold": 13.931422665512084, "N_raw": 28, "N_roi": 28, "N_inlier": 28, "refit": true}
{"timestamp": "20:02:27.689766", "frame": 10, "mu": [-1.9613708433673311, 3.520472477797644, 0.7215360379547224], "Sigma": [[0.030988706245351917, 0.014692363997207665, -0.029776229340165463], [0.014692363997207667, 0.012728941947299238, -0.018583175492770807], [-0.029776229340165463, -0.018583175492770807, 0.04913112476751368]], "chi2_level": 0.997, "chi2_df": 3, "chi2_threshold": 13.931422665512084, "N_raw": 71, "N_roi": 70, "N_inlier": 68, "refit": true}
{"timestamp": "20:02:27.740228", "frame": 11, "mu": [-2.167495853107052, 3.4834173522874496, -0.004155171031512479], "Sigma": [[0.02557081557527134, 0.01821334567349495, -0.01895498724185365], [0.01821334567349495, 0.018411245650214902, -0.017106663683686813], [-0.01895498724185365, -0.017106663683686813, 0.018774060301658964]], "chi2_level": 0.997, "chi2_df": 3, "chi2_threshold": 13.931422665512084, "N_raw": 36, "N_roi": 36, "N_inlier": 36, "refit": true}
{"timestamp": "20:02:27.797252", "frame": 12, "mu": [-1.8422781655688305, 3.46159320041294, 0.48968112923536655], "Sigma": [[0.02663420234291563, 0.0033998927124745835, -0.021207417944822324], [0.0033998927124745835, 0.0049196680532514565, -0.00532259532870551], [-0.021207417944822324, -0.00532259532870551, 0.02028736406422077]], "chi2_level": 0.997, "chi2_df": 3, "chi2_threshold": 13.931422665512084, "N_raw": 53, "N_roi": 53, "N_inlier": 52, "refit": true}
{"timestamp": "20:02:27.853065", "frame": 13, "mu": [-1.8253347089396634, 3.7065380500204204, -0.5838592897270757], "Sigma": [[0.023566066046812467, 0.010511917055616951, -0.033802828443964913], [0.010511917055616951, 0.013105308257621873, -0.020026178538138064], [-0.033802828443964913, -0.02002617853813806, 0.0569147457825868]], "chi2_level": 0.997, "chi2_df": 3, "chi2_threshold": 13.931422665512084, "N_raw": 49, "N_roi": 49, "N_inlier": 47, "refit": true}
{"timestamp": "20:02:27.909169", "frame": 14, "mu": [-1.8576529708745526, 3.583241216815901, -0.45888864668183327], "Sigma": [[0.02319942320975475, 0.014660500263598986, -0.022951574901600637], [0.014660500263598986, 0.016900710537716027, -0.026618066953820366], [-0.022951574901600637, -0.026618066953820366, 0.04508235838900255]], "chi2_level": 0.997, "chi2_df": 3, "chi2_threshold": 13.931422665512084, "N_raw": 68, "N_roi": 68, "N_inlier": 67, "refit": true}
{"timestamp": "20:02:27.962352", "frame": 15, "mu": [-1.835576991323338, 3.307267462408096, 0.6752301237609108], "Sigma": [[0.019582556572639388, 0.006695560065109145, -0.016622728870521228], [0.006695560065109145, 0.0036913292002021926, -0.010132008654756839], [-0.016622728870521228, -0.010132008654756837, 0.03227272358475576]], "chi2_level": 0.997, "chi2_df": 3, "chi2_threshold": 13.931422665512084, "N_raw": 50, "N_roi": 49, "N_inlier": 49, "refit": true}
{"timestamp": "20:02:28.072438", "frame": 17, "mu": [-1.7985850675204398, 3.195762355498927, 0.8788071634963315], "Sigma": [[0.021230020804498553, 0.008392149760698782, -0.02162784786909889], [0.008392149760698782, 0.006662338716693506, -0.01505437861030412], [-0.021627847869098892, -0.01505437861030412, 0.04320608513858457]], "chi2_level": 0.997, "chi2_df": 3, "chi2_threshold": 13.931422665512084, "N_raw": 60, "N_roi": 60, "N_inlier": 60, "refit": true}
{"timestamp": "20:02:28.122036", "frame": 18, "mu": [-1.6639922524778548, 3.229571802700269, 0.67934367137406], "Sigma": [[0.006922113393098232, 0.005020828409281301, -0.0076384186437766476], [0.005020828409281301, 0.005513490727186753, -0.008257565069727333], [-0.007638418643776649, -0.008257565069727335, 0.019603731486935755]], "chi2_level": 0.997, "chi2_df": 3, "chi2_threshold": 13.931422665512084, "N_raw": 16, "N_roi": 15, "N_inlier": 15, "refit": true}
{"timestamp": "20:02:28.176951", "frame": 19, "mu": [-1.7105885147698363, 3.1390395730122194, 0.9180599118741598], "Sigma": [[0.009579755955418575, 0.0031147519717533894, -0.01436644917486437], [0.0031147519717533894, 0.0021883781876644833, -0.00550279829532237], [-0.014366449174864368, -0.00550279829532237, 0.04224412967155966]], "chi2_level": 0.997, "chi2_df": 3, "chi2_threshold": 13.931422665512084, "N_raw": 14, "N_roi": 14, "N_inlier": 14, "refit": true}
{"timestamp": "20:02:28.237665", "frame": 20, "mu": [-1.6256571882693207, 3.1013031524738444, 0.8413874750800701], "Sigma": [[0.01716685387328401, 0.0022495679993720435, -0.022066430892536685], [0.0022495679993720435, 0.0020450098802825417, -0.006343926887814384], [-0.022066430892536685, -0.006343926887814384, 0.04940709335530265]], "chi2_level": 0.997, "chi2_df": 3, "chi2_threshold": 13.931422665512084, "N_raw": 51, "N_roi": 51, "N_inlier": 49, "refit": true}
{"timestamp": "20:02:28.293712", "frame": 21, "mu": [-1.621118097362618, 3.046213866805046, 0.974302966324082], "Sigma": [[0.01770092622896981, 0.0011952071232997708, -0.02573322736984461], [0.0011952071232997706, 0.0033222193483584315, -0.00437341823016486], [-0.02573322736984461, -0.00437341823016486, 0.0817666869045896]], "chi2_level": 0.997, "chi2_df": 3, "chi2_threshold": 13.931422665512084, "N_raw": 62, "N_roi": 62, "N_inlier": 62, "refit": true}
{"timestamp": "20:02:28.346735", "frame": 22, "mu": [-1.5422607230126097, 2.985352765012866, 0.7103182879182598], "Sigma": [[0.018830507122739218, 0.0005798118135390205, -0.02478285923640868], [0.0005798118135390204, 0.001269095109573466, -0.0029408745018716332], [-0.02478285923640868, -0.002940874501871633, 0.04115692874309231]], "chi2_level": 0.997, "chi2_df": 3, "chi2_threshold": 13.931422665512084, "N_raw": 44, "N_roi": 41, "N_inlier": 39, "refit": true}
{"timestamp": "20:02:28.406435", "frame": 23, "mu": [-1.5030844622065702, 2.9648137305421147, 0.8197290144964435], "Sigma": [[0.02387923465588341, 0.003246460089976891, -0.01501141600687802], [0.003246460089976892, 0.004221235944033367, -0.00793281696060863], [-0.015011416006878022, -0.00793281696060863, 0.02172018255600133]], "chi2_level": 0.997, "chi2_df": 3, "chi2_threshold": 13.931422665512084, "N_raw": 76, "N_roi": 72, "N_inlier": 72, "refit": true}
{"timestamp": "20:02:28.453784", "frame": 24, "mu": [-1.5723192430956787, 2.9025245396098915, 0.8021816552594607], "Sigma": [[0.006267391389536133, 0.0013020560912401732, -0.007251790086067747], [0.0013020560912401734, 0.0008879248075934404, -0.004446555053059985], [-0.007251790086067748, -0.004446555053059985, 0.03328973250414279]], "chi2_level": 0.997, "chi2_df": 3, "chi2_threshold": 13.931422665512084, "N_raw": 24, "N_roi": 24, "N_inlier": 24, "refit": true}
{"timestamp": "20:02:28.513662", "frame": 25, "mu": [-1.33130680665208, 3.086995984085492, -0.45533704435992334], "Sigma": [[0.016726523051070967, 0.008418532673664407, -0.014271680643879682], [0.008418532673664405, 0.00918847460354714, -0.01573215878021666], [-0.014271680643879682, -0.01573215878021666, 0.0336358277478177]], "chi2_level": 0.997, "chi2_df": 3, "chi2_threshold": 13.931422665512084, "N_raw": 58, "N_roi": 58, "N_inlier": 58, "refit": true}
{"timestamp": "20:02:28.564834", "frame": 26, "mu": [-1.3288072079676736, 2.778541547048584, 0.8108451642425133], "Sigma": [[0.012025212097909773, 0.002181377638276501, -0.009573847508875995], [0.002181377638276501, 0.0033100278901931884, -0.004982327042017889], [-0.009573847508875995, -0.004982327042017888, 0.013356127497643795]], "chi2_level": 0.997, "chi2_df": 3, "chi2_threshold": 13.931422665512084, "N_raw": 39, "N_roi": 39, "N_inlier": 38, "refit": true}
{"timestamp": "20:02:28.620975", "frame": 27, "mu": [-1.3641761850621408, 2.769036449741947, 0.975150090517718], "Sigma": [[0.009725731053096777, 0.0012185412257001832, -0.0037765473523518577], [0.001218541225700183, 0.0013304082570755854, -0.005060996563602023], [-0.0037765473523518577, -0.005060996563602023, 0.02306858650057199]], "chi2_level": 0.997, "chi2_df": 3, "chi2_threshold": 13.931422665512084, "N_raw": 45, "N_roi": 45, "N_inlier": 43, "refit": true}
{"timestamp": "20:02:28.680007", "frame": 28, "mu": [-1.1986608595056312, 2.757012213327922, 0.800451313375757], "Sigma": [[0.014641610111205199, 0.005012538670143196, -0.014962591677774698], [0.005012538670143196, 0.003628917580188125, -0.010983107148137852], [-0.014962591677774698, -0.01098310714813785, 0.048567453469960636]], "chi2_level": 0.997, "chi2_df": 3, "chi2_threshold": 13.931422665512084, "N_raw": 73, "N_roi": 70, "N_inlier": 68, "refit": true}
{"timestamp": "20:02:28.737989", "frame": 29, "mu": [-1.1148480473423068, 2.719357447446711, 0.8827733857521947], "Sigma": [[0.018466262294301317, 0.005143967262077236, -0.028592164587269618], [0.005143967262077236, 0.003748643886166923, -0.016044295725986174], [-0.028592164587269618, -0.016044295725986174, 0.08461416576113784]], "chi2_level": 0.997, "chi2_df": 3, "chi2_threshold": 13.931422665512084, "N_raw": 89, "N_roi": 89, "N_inlier": 89, "refit": true}
{"timestamp": "20:02:28.789205", "frame": 30, "mu": [-1.0225128385443136, 2.681853758944986, 0.6482986928662942], "Sigma": [[0.01992248447130031, 0.007161395033120117, -0.014547308370532207], [0.007161395033120118, 0.008340166608219292, -0.005472965216932135], [-0.014547308370532207, -0.005472965216932135, 0.026676614195897883]], "chi2_level": 0.997, "chi2_df": 3, "chi2_threshold": 13.931422665512084, "N_raw": 60, "N_roi": 60, "N_inlier": 58, "refit": true}
{"timestamp": "20:02:28.842798", "frame": 31, "mu": [-0.9120142865676294, 2.6385725180333424, 0.4868003868883833], "Sigma": [[0.013989438406874057, 0.0010902941448912204, -0.00961554189166856], [0.0010902941448912202, 0.010685375251758389, 0.0006382928588320816], [-0.009615541891668558, 0.0006382928588320813, 0.015122354215639315]], "chi2_level": 0.997, "chi2_df": 3, "chi2_threshold": 13.931422665512084, "N_raw": 51, "N_roi": 51, "N_inlier": 49, "refit": true}
{"timestamp": "20:02:28.905207", "frame": 32, "mu": [-0.9782928001856442, 2.5430118578900722, 0.7964302281914226], "Sigma": [[0.016890669091356482, 0.004632167161510332, -0.015404353997241762], [0.004632167161510332, 0.006936094790834718, -0.0068668486927728235], [-0.015404353997241762, -0.0068668486927728235, 0.09501654124614048]], "chi2_level": 0.997, "chi2_df": 3, "chi2_threshold": 13.931422665512084, "N_raw": 103, "N_roi": 103, "N_inlier": 103, "refit": true}
{"timestamp": "20:02:28.962735", "frame": 33, "mu": [-0.9159068532245078, 2.7359862471412635, -0.46869614316351743], "Sigma": [[0.019163636832389513, 0.010142763578777327, -0.019844203330403692], [0.010142763578777327, 0.018511661831519435, -0.02804904102945622], [-0.019844203330403692, -0.02804904102945622, 0.048565922479881576]], "chi2_level": 0.997, "chi2_df": 3, "chi2_threshold": 13.931422665512084, "N_raw": 115, "N_roi": 115, "N_inlier": 114, "refit": true}
{"timestamp": "20:02:29.012704", "frame": 34, "mu": [-0.9459355795329736, 2.397452297972797, 0.7860277631512366], "Sigma": [[0.014424090633804043, 0.004805036780282592, -0.012082080333907532], [0.004805036780282592, 0.002882580845282013, -0.00658889636111522], [-0.012082080333907532, -0.00658889636111522, 0.07727666635559338]], "chi2_level": 0.997, "chi2_df": 3, "chi2_threshold": 13.931422665512084, "N_raw": 82, "N_roi": 82, "N_inlier": 81, "refit": true}
{"timestamp": "20:02:29.060150", "frame": 35, "mu": [-0.9253467281680685, 2.3533976054265695, 0.8677342505208335], "Sigma": [[0.012536018605028908, -0.003027219191197622, 0.015232859948832828], [-0.0030272191911976214, 0.003055982016636335, -0.016876039811515507], [0.015232859948832826, -0.016876039811515507, 0.17524821191739637]], "chi2_level": 0.997, "chi2_df": 3, "chi2_threshold": 13.931422665512084, "N_raw": 33, "N_roi": 31, "N_inlier": 31, "refit": true}
{"timestamp": "20:02:29.116838", "frame": 36, "mu": [-0.8614397413752376, 2.297859795570488, 1.0575739185475288], "Sigma": [[0.013252596443308019, 0.003986934527775933, 0.010197510077890859], [0.003986934527775933, 0.0025302602980565407, 0.003916532153775382], [0.010197510077890859, 0.003916532153775382, 0.06471551263385339]], "chi2_level": 0.997, "chi2_df": 3, "chi2_threshold": 13.931422665512084, "N_raw": 52, "N_roi": 52, "N_inlier": 49, "refit": true}
{"timestamp": "20:02:29.175307", "frame": 37, "mu": [-0.7534946344153787, 2.3003151849879306, 0.956200311574788], "Sigma": [[0.011063972824353644, 0.0015854446526883696, -0.009746359149487776], [0.0015854446526883696, 0.002005212475094495, -0.006047632694837951], [-0.009746359149487776, -0.006047632694837951, 0.02495531617058381]], "chi2_level": 0.997, "chi2_df": 3, "chi2_threshold": 13.931422665512084, "N_raw": 67, "N_roi": 64, "N_inlier": 63, "refit": true}
{"timestamp": "20:02:29.229593", "frame": 38, "mu": [-0.6887873970530822, 2.2699286556331564, 0.8264360544452465], "Sigma": [[0.008027949998636793, 0.001639995781780867, 0.0007434799078951261], [0.001639995781780867, 0.0015799132935544078, -0.00286664039564982], [0.0007434799078951267, -0.00286664039564982, 0.024381843336128074]], "chi2_level": 0.997, "chi2_df": 3, "chi2_threshold": 13.931422665512084, "N_raw": 61, "N_roi": 59, "N_inlier": 57, "refit": true}
{"timestamp": "20:02:29.289313", "frame": 39, "mu": [-0.6639027942201715, 2.190643201225804, 1.0117907670346071], "Sigma": [[0.01103064174405384, -0.00037784492303036103, -0.003909646980390124], [-0.00037784492303036103, 0.0015420631377485174, -0.006173812791839307], [-0.003909646980390124, -0.006173812791839306, 0.03407515717198391]], "chi2_level": 0.997, "chi2_df": 3, "chi2_threshold": 13.931422665512084, "N_raw": 88, "N_roi": 88, "N_inlier": 84, "refit": true}
{"timestamp": "20:02:29.346288", "frame": 40, "mu": [-0.6099629198285617, 2.3301098650663956, -0.5229665343457568], "Sigma": [[0.010770174168991816, -4.725118092864148e-06, -0.0006033727733391748], [-4.725118092864148e-06, 0.007602442360124548, -0.02454593909159999], [-0.000603372773339175, -0.024545939091599994, 0.09365724858375582]], "chi2_level": 0.997, "chi2_df": 3, "chi2_threshold": 13.931422665512084, "N_raw": 108, "N_roi": 108, "N_inlier": 104, "refit": true}
{"timestamp": "20:02:29.402288", "frame": 41, "mu": [-0.5606965000573858, 2.0783326943478713, -1.0951071342471366], "Sigma": [[0.010636558609487113, 0.002142649520527223, 0.0040840207661929], [0.002142649520527223, 0.005975702749297893, 0.005180143880955427], [0.0040840207661929, 0.005180143880955428, 0.08652326873779724]], "chi2_level": 0.997, "chi2_df": 3, "chi2_threshold": 13.931422665512084, "N_raw": 117, "N_roi": 117, "N_inlier": 114, "refit": true}
{"timestamp": "20:02:29.455175", "frame": 42, "mu": [-0.5542941806728864, 2.1804902713331993, -0.1277023223165918], "Sigma": [[0.010872932118554305, -0.006996544378544684, 0.04933248301357442], [-0.006996544378544684, 0.010128092950999742, -0.05786161637943086], [0.04933248301357443, -0.05786161637943086, 0.4050237408914402]], "chi2_level": 0.997, "chi2_df": 3, "chi2_threshold": 13.931422665512084, "N_raw": 100, "N_roi": 100, "N_inlier": 96, "refit": true}
{"timestamp": "20:02:29.507740", "frame": 43, "mu": [-0.4796465056179231, 1.9896132914511226, 0.9984977351060829], "Sigma": [[0.012396564003666089, 0.0021209704060279576, 0.013009001518451692], [0.0021209704060279576, 0.0018589999303290998, -0.0023748646757474207], [0.013009001518451694, -0.0023748646757474207, 0.07334238521325485]], "chi2_level": 0.997, "chi2_df": 3, "chi2_threshold": 13.931422665512084, "N_raw": 75, "N_roi": 75, "N_inlier": 73, "refit": true}
{"timestamp": "20:02:29.560755", "frame": 44, "mu": [-0.40236312629773413, 1.9022635500831564, 1.0653516409007702], "Sigma": [[0.009022663463364196, 0.003065375688307706, 0.013042268658324278], [0.0030653756883077064, 0.0032814382725029415, 0.007702370607148621], [0.01304226865832428, 0.007702370607148623, 0.0933903597682741]], "chi2_level": 0.997, "chi2_df": 3, "chi2_threshold": 13.931422665512084, "N_raw": 59, "N_roi": 59, "N_inlier": 57, "refit": true}
{"timestamp": "20:02:29.619338", "frame": 45, "mu": [-0.3432802841946102, 1.8550745622996232, 0.9666156982874603], "Sigma": [[0.014816571475534916, 0.006461858133467332, 0.0037649571896203535], [0.006461858133467332, 0.003831933147217724, 0.0004302443102370708], [0.0037649571896203526, 0.00043024431023707066, 0.06312474805398716]], "chi2_level": 0.997, "chi2_df": 3, "chi2_threshold": 13.931422665512084, "N_raw": 100, "N_roi": 100, "N_inlier": 96, "refit": true}
{"timestamp": "20:02:29.676531", "frame": 46, "mu": [-0.3340344031453552, 2.0028164103239803, -0.6248080942754144], "Sigma": [[0.011364547262827216, 0.000614237738695154, 0.002276720740804996], [0.000614237738695154, 0.004166660625999246, -0.009296400201477477], [0.002276720740804996, -0.009296400201477477, 0.034888440547078466]], "chi2_level": 0.997, "chi2_df": 3, "chi2_threshold": 13.931422665512084, "N_raw": 101, "N_roi": 99, "N_inlier": 94, "refit": true}
{"timestamp": "20:02:29.722654", "frame": 47, "mu": [-0.2692715499706424, 1.764389107889281, 0.7614145856864115], "Sigma": [[0.01332526950583692, 0.006153750314015516, -0.00020638124207072864], [0.0061537503140155145, 0.00386564126091657, 0.004150811136833908], [-0.0002063812420707294, 0.004150811136833906, 0.09024549597680943]], "chi2_level": 0.997, "chi2_df": 3, "chi2_threshold": 13.931422665512084, "N_raw": 50, "N_roi": 50, "N_inlier": 48, "refit": true}
{"timestamp": "20:02:29.791270", "frame": 48, "mu": [-0.3240655401037102, 1.5593940286906016, 0.6628301286515338], "Sigma": [[0.01022806060379493, 0.005736131372279441, 0.010020633560593227], [0.005736131372279442, 0.013305882144789461, 0.03163981333394498], [0.010020633560593229, 0.03163981333394498, 0.13055353619952745]], "chi2_level": 0.997, "chi2_df": 3, "chi2_threshold": 13.931422665512084, "N_raw": 141, "N_roi": 141, "N_inlier": 139, "refit": true}
{"timestamp": "20:02:29.843596", "frame": 49, "mu": [-0.2026546644242103, 1.6868153752342279, 1.1060941786347793], "Sigma": [[0.008139712105859778, 0.002156375695920462, 0.00340852612939019], [0.002156375695920462, 0.004725649876125153, 0.004443242750577807], [0.00340852612939019, 0.004443242750577807, 0.11759493706652584]], "chi2_level": 0.997, "chi2_df": 3, "chi2_threshold": 13.931422665512084, "N_raw": 117, "N_roi": 117, "N_inlier": 115, "refit": true}
{"timestamp": "20:02:29.893947", "frame": 50, "mu": [-0.16620290934276571, 1.6146082853107333, 1.1283037750170695], "Sigma": [[0.007055038434066533, 0.002324595878312136, 0.009076929831472767], [0.002324595878312136, 0.002182820973458016, 0.002351519530190818], [0.009076929831472765, 0.002351519530190818, 0.04288218598616636]], "chi2_level": 0.997, "chi2_df": 3, "chi2_threshold": 13.931422665512084, "N_raw": 87, "N_roi": 87, "N_inlier": 83, "refit": true}
{"timestamp": "20:02:29.947780", "frame": 51, "mu": [-0.10576817814590013, 1.7334986948836117, -0.4237653853770051], "Sigma": [[0.014168757546183101, -0.003316773510829072, 0.029123571362163904], [-0.003316773510829072, 0.00743207808400352, -0.015180253035040933], [0.029123571362163907, -0.015180253035040933, 0.10329032500705931]], "chi2_level": 0.997, "chi2_df": 3, "chi2_threshold": 13.931422665512084, "N_raw": 81, "N_roi": 81, "N_inlier": 79, "refit": true}
{"timestamp": "20:02:29.997779", "frame": 52, "mu": [-0.02636522536156716, 1.5081685998928454, 1.1927616068911693], "Sigma": [[0.010131546621155006, 0.00034705534484426423, 0.02768082895953721], [0.00034705534484426396, 0.00277194987230191, -0.008571066164087348], [0.027680828959537208, -0.008571066164087348, 0.20310854559103395]], "chi2_level": 0.997, "chi2_df": 3, "chi2_threshold": 13.931422665512084, "N_raw": 49, "N_roi": 49, "N_inlier": 48, "refit": true}
{"timestamp": "20:02:30.061198", "frame": 53, "mu": [0.033145335378826635, 1.3706264530483232, 0.8390576689577331], "Sigma": [[0.00919961715391964, 0.0021603969461679905, -0.0117582358130897], [0.0021603969461679905, 0.004429395204562604, 0.0014169638803628113], [-0.011758235813089702, 0.0014169638803628111, 0.061317058137500345]], "chi2_level": 0.997, "chi2_df": 3, "chi2_threshold": 13.931422665512084, "N_raw": 110, "N_roi": 110, "N_inlier": 106, "refit": true}
{"timestamp": "20:02:30.118887", "frame": 54, "mu": [0.082601325005303, 1.398049967869296, 1.1073305352591014], "Sigma": [[0.005487033062917979, 0.001120463242246373, -0.0009693678930929327], [0.001120463242246373, 0.0039991916849526875, 0.0057333919084908425], [-0.0009693678930929327, 0.0057333919084908425, 0.08293945418686541]], "chi2_level": 0.997, "chi2_df": 3, "chi2_threshold": 13.931422665512084, "N_raw": 123, "N_roi": 123, "N_inlier": 121, "refit": true}
{"timestamp": "20:02:30.168922", "frame": 55, "mu": [0.12737451709788966, 1.3516009619973712, 1.177819456405944], "Sigma": [[0.004484183136456478, 0.003512366770723355, 0.007610101498951041], [0.003512366770723355, 0.008969517076526367, 0.018194712492315926], [0.007610101498951042, 0.018194712492315926, 0.0881204900784286]], "chi2_level": 0.997, "chi2_df": 3, "chi2_threshold": 13.931422665512084, "N_raw": 91, "N_roi": 91, "N_inlier": 87, "refit": true}
{"timestamp": "20:02:30.227596", "frame": 56, "mu": [0.0953270833716263, 1.3308374594507901, 1.1782061662786225], "Sigma": [[0.009197734465947955, 0.0020252130274743003, -0.0017344257450271424], [0.0020252130274743, 0.005852390701681715, -0.00016285913145339755], [-0.0017344257450271428, -0.00016285913145339733, 0.02827994038367536]], "chi2_level": 0.997, "chi2_df": 3, "chi2_threshold": 13.931422665512084, "N_raw": 110, "N_roi": 110, "N_inlier": 105, "refit": true}
{"timestamp": "20:02:30.278924", "frame": 57, "mu": [0.13986127892645767, 1.2225583093271095, 1.0429769507599678], "Sigma": [[0.0040855274273525945, 0.0017370344959695384, -0.0008312761358197967], [0.0017370344959695386, 0.0012410723619272772, 0.0008301974043395234], [-0.0008312761358197965, 0.0008301974043395232, 0.0305711345934624]], "chi2_level": 0.997, "chi2_df": 3, "chi2_threshold": 13.931422665512084, "N_raw": 81, "N_roi": 81, "N_inlier": 77, "refit": true}
{"timestamp": "20:02:30.330730", "frame": 58, "mu": [0.21391803384560865, 1.2247455571398083, 1.3362871523126019], "Sigma": [[0.005400548893927777, -0.00036949772235628014, 0.002967132719408547], [-0.00036949772235628003, 0.0016694407986688412, -0.0017960300507307196], [0.002967132719408547, -0.0017960300507307196, 0.012855625897889373]], "chi2_level": 0.997, "chi2_df": 3, "chi2_threshold": 13.931422665512084, "N_raw": 64, "N_roi": 64, "N_inlier": 59, "refit": true}
{"timestamp": "20:02:30.387694", "frame": 59, "mu": [0.29679693317369527, 1.1344059840748297, 1.153823080250825], "Sigma": [[0.008233855437710802, 0.0028314783005216645, 0.01780821770205797], [0.0028314783005216645, 0.003594551592737032, 0.013108281090795313], [0.01780821770205796, 0.013108281090795313, 0.17172423789865424]], "chi2_level": 0.997, "chi2_df": 3, "chi2_threshold": 13.931422665512084, "N_raw": 83, "N_roi": 83, "N_inlier": 81, "refit": true}
{"timestamp": "20:02:30.448185", "frame": 60, "mu": [0.30805072576092074, 1.0922435604144154, 1.0586255179513773], "Sigma": [[0.005991696193430118, 0.0012558621221838225, 0.003835057093263458], [0.0012558621221838225, 0.004481750635041286, 0.017032339518067756], [0.003835057093263457, 0.017032339518067756, 0.12963964772100459]], "chi2_level": 0.997, "chi2_df": 3, "chi2_threshold": 13.931422665512084, "N_raw": 115, "N_roi": 115, "N_inlier": 109, "refit": true}
{"timestamp": "20:02:30.497120", "frame": 61, "mu": [0.3558230470842494, 1.0350043137158156, 1.2970140019341885], "Sigma": [[0.00360270802418619, 0.0008708705363481962, 0.003098479220238098], [0.0008708705363481962, 0.0016704955205112096, -0.00156615808274009], [0.003098479220238098, -0.00156615808274009, 0.014764042769043329]], "chi2_level": 0.997, "chi2_df": 3, "chi2_threshold": 13.931422665512084, "N_raw": 71, "N_roi": 71, "N_inlier": 64, "refit": true}
{"timestamp": "20:02:30.558595", "frame": 62, "mu": [0.407063418582238, 0.9916035347350091, 1.1981333020470637], "Sigma": [[0.00409594234353521, -0.0006986394872315723, 0.006173136951105266], [-0.0006986394872315722, 0.0019865727709087646, -0.000497811621414949], [0.006173136951105266, -0.0004978116214149487, 0.04932094098132439]], "chi2_level": 0.997, "chi2_df": 3, "chi2_threshold": 13.931422665512084, "N_raw": 120, "N_roi": 120, "N_inlier": 115, "refit": true}
{"timestamp": "20:02:30.610813", "frame": 63, "mu": [0.49946459335843346, 0.918905592204525, 1.2895128991391251], "Sigma": [[0.003927432778546893, 0.0003526549710017894, 0.0040760237867476035], [0.0003526549710017893, 0.004097117536558033, 0.003296688447172745], [0.0040760237867476035, 0.0032966884471727453, 0.04746466823981694]], "chi2_level": 0.997, "chi2_df": 3, "chi2_threshold": 13.931422665512084, "N_raw": 99, "N_roi": 99, "N_inlier": 97, "refit": true}
{"timestamp": "20:02:30.661669", "frame": 64, "mu": [0.49099742761809406, 1.045606720144559, -0.4859595361441175], "Sigma": [[0.00505039687921788, -0.0006893165450272376, 0.00522972325501863], [-0.0006893165450272376, 0.00568528520683305, -0.005845826318270235], [0.00522972325501863, -0.005845826318270234, 0.016919264200317398]], "chi2_level": 0.997, "chi2_df": 3, "chi2_threshold": 13.931422665512084, "N_raw": 71, "N_roi": 71, "N_inlier": 69, "refit": true}
{"timestamp": "20:02:30.710221", "frame": 65, "mu": [0.5435618800828591, 0.8152996517390636, 1.4183959589306394], "Sigma": [[0.002265064130684467, 0.00022681482914788147, -0.0024633561993164066], [0.00022681482914788147, 0.0012192001909680685, 0.0016462921204542453], [-0.0024633561993164066, 0.0016462921204542455, 0.020656878158172777]], "chi2_level": 0.997, "chi2_df": 3, "chi2_threshold": 13.931422665512084, "N_raw": 30, "N_roi": 30, "N_inlier": 25, "refit": true}
{"timestamp": "20:02:30.762155", "frame": 66, "mu": [0.5718799088202965, 0.7580776153432938, 1.1942115277848222], "Sigma": [[0.009549956949909169, 0.004609369947104253, 0.0208337945006635], [0.004609369947104253, 0.004733480703917319, 0.012270927694831207], [0.0208337945006635, 0.012270927694831209, 0.09863668725562036]], "chi2_level": 0.997, "chi2_df": 3, "chi2_threshold": 13.931422665512084, "N_raw": 10, "N_roi": 10, "N_inlier": 10, "refit": true}
{"timestamp": "20:02:30.819497", "frame": 67, "mu": [0.6202791995315751, 0.7375834730606633, 1.4120966367536911], "Sigma": [[0.002398416145940516, 0.000994432377136792, 0.005983114401601892], [0.0009944323771367918, 0.0014375955107389373, 0.004762073569314908], [0.005983114401601892, 0.004762073569314909, 0.045343785991054944]], "chi2_level": 0.997, "chi2_df": 3, "chi2_threshold": 13.931422665512084, "N_raw": 22, "N_roi": 22, "N_inlier": 20, "refit": true}
{"timestamp": "20:02:30.874759", "frame": 68, "mu": [0.6673131812600471, 0.7283091645940251, 1.365847061571481], "Sigma": [[0.001938836377980763, 0.0011311997956769992, -0.0014376613432137357], [0.0011311997956769992, 0.001878169363405604, -0.0024368154561637736], [-0.0014376613432137357, -0.0024368154561637736, 0.006634524740333239]], "chi2_level": 0.997, "chi2_df": 3, "chi2_threshold": 13.931422665512084, "N_raw": 39, "N_roi": 39, "N_inlier": 38, "refit": true}
{"timestamp": "20:02:30.983977", "frame": 70, "mu": [0.7143847841703277, 0.6831563185043804, 1.4338749717831387], "Sigma": [[0.002340568150456264, -6.0239492413769574e-05, -0.001446226403407326], [-6.0239492413769574e-05, 0.0011083012722670222, -0.0010092179695652876], [-0.0014462264034073259, -0.0010092179695652876, 0.0022017606005631544]], "chi2_level": 0.997, "chi2_df": 3, "chi2_threshold": 13.931422665512084, "N_raw": 32, "N_roi": 32, "N_inlier": 30, "refit": true}
{"timestamp": "20:02:31.039393", "frame": 71, "mu": [0.7721765075949805, 0.7662663060837247, -0.6731717438200465], "Sigma": [[0.011801538525618044, 0.0016405621241706158, -0.04478918341363773], [0.001640562124170616, 0.0019407680549051066, -0.008518186124890826], [-0.04478918341363773, -0.008518186124890826, 0.20934533272581213]], "chi2_level": 0.997, "chi2_df": 3, "chi2_threshold": 13.931422665512084, "N_raw": 33, "N_roi": 33, "N_inlier": 32, "refit": true}
