{"timestamp": "19:30:31.605547", "frame": 1, "mu": [-2.194923281908898, 1.0743547947023389, 1.1680022394081402], "Sigma": [[0.006361524964901892, 0.007594172207749879, -0.004202055083396239], [0.007594172207749879, 0.013117877718756684, -0.008844764043099957], [-0.004202055083396239, -0.008844764043099957, 0.008370877919678036]], "chi2_level": 0.997, "chi2_df": 3, "chi2_threshold": 13.931422665512084, "N_raw": 31, "N_roi": 31, "N_inlier": 31, "refit": true}
{"timestamp": "19:30:31.660388", "frame": 2, "mu": [-2.2274778462268183, 1.0813575031575753, 1.3009293878563346], "Sigma": [[0.007319750792235066, 0.008287930495942205, -0.0048104767338308235], [0.008287930495942205, 0.01411767005031982, -0.008802687489681578], [-0.0048104767338308235, -0.008802687489681578, 0.006138884471591541]], "chi2_level": 0.997, "chi2_df": 3, "chi2_threshold": 13.931422665512084, "N_raw": 30, "N_roi": 30, "N_inlier": 29, "refit": true}
{"timestamp": "19:30:31.718778", "frame": 3, "mu": [-2.2179212414545786, 1.1664348401420601, -0.55834719857374], "Sigma": [[0.012713889408894369, 0.017522730329941526, 0.006195629804703546], [0.017522730329941526, 0.04022286929134315, 0.015980298856303185], [0.006195629804703546, 0.015980298856303185, 0.010447043369260956]], "chi2_level": 0.997, "chi2_df": 3, "chi2_threshold": 13.931422665512084, "N_raw": 41, "N_roi": 41, "N_inlier": 41, "refit": true}
{"timestamp": "19:30:31.773726", "frame": 4, "mu": [-2.2096755583526626, 1.081237874651909, 1.2267948598295535], "Sigma": [[0.009693321345406498, 0.009555966120540084, -0.004202904893593529], [0.009555966120540084, 0.014851168513616085, -0.009147241413551891], [-0.004202904893593529, -0.009147241413551891, 0.017671868460208802]], "chi2_level": 0.997, "chi2_df": 3, "chi2_threshold": 13.931422665512084, "N_raw": 48, "N_roi": 48, "N_inlier": 47, "refit": true}
{"timestamp": "19:30:31.828488", "frame": 5, "mu": [-2.208213622536111, 1.070132197018207, 1.2087463595243624], "Sigma": [[0.009278943373135694, 0.01014288953908944, -0.0018837510254731177], [0.010142889539089438, 0.015619537631745827, -0.006660142309821199], [-0.0018837510254731172, -0.006660142309821197, 0.02389944134352634]], "chi2_level": 0.997, "chi2_df": 3, "chi2_threshold": 13.931422665512084, "N_raw": 50, "N_roi": 50, "N_inlier": 50, "refit": true}
{"timestamp": "19:30:31.880525", "frame": 6, "mu": [-2.1882205856236796, 1.059761020923197, 1.276754620781663], "Sigma": [[0.010281943754680443, 0.011310440933681092, -0.005931598756267549], [0.011310440933681092, 0.017859663967677252, -0.008634022209093551], [-0.005931598756267549, -0.008634022209093553, 0.00466530141560479]], "chi2_level": 0.997, "chi2_df": 3, "chi2_threshold": 13.931422665512084, "N_raw": 32, "N_roi": 32, "N_inlier": 32, "refit": true}
{"timestamp": "19:30:31.937403", "frame": 7, "mu": [-2.216091803514518, 1.0853356870884903, 1.3025975113569388], "Sigma": [[0.011974733127727418, 0.009425832268507253, -0.007496764022166832], [0.009425832268507251, 0.019830299033314444, -0.008052862466798667], [-0.007496764022166832, -0.008052862466798667, 0.005813041840239752]], "chi2_level": 0.997, "chi2_df": 3, "chi2_threshold": 13.931422665512084, "N_raw": 45, "N_roi": 45, "N_inlier": 45, "refit": true}
{"timestamp": "19:30:31.990329", "frame": 8, "mu": [-2.1791320763500326, 1.1155888545826165, 1.3406680559916526], "Sigma": [[0.007457433715950572, 0.007320473486587514, -0.0063046507846379], [0.007320473486587513, 0.017031419309496122, -0.004758994802602182], [-0.0063046507846379, -0.004758994802602182, 0.0058651008629917595]], "chi2_level": 0.997, "chi2_df": 3, "chi2_threshold": 13.931422665512084, "N_raw": 29, "N_roi": 29, "N_inlier": 29, "refit": true}
{"timestamp": "19:30:32.047905", "frame": 9, "mu": [-2.2888141594127926, 1.0839550979887231, 1.185216364871644], "Sigma": [[0.008855932614739563, 0.012703038163366109, -0.0023574259290469147], [0.012703038163366109, 0.019716146909735922, -0.007442037365233193], [-0.0023574259290469147, -0.007442037365233191, 0.026958617217233114]], "chi2_level": 0.997, "chi2_df": 3, "chi2_threshold": 13.931422665512084, "N_raw": 44, "N_roi": 44, "N_inlier": 44, "refit": true}
{"timestamp": "19:30:32.154428", "frame": 11, "mu": [-2.120940567617435, 1.074361375484031, 1.1774262271738531], "Sigma": [[0.008197350429532324, 0.004169632141046098, -0.0026278944642411216], [0.004169632141046098, 0.008411866218496626, -0.0047313681433639905], [-0.0026278944642411216, -0.0047313681433639905, 0.004003875470801257]], "chi2_level": 0.997, "chi2_df": 3, "chi2_threshold": 13.931422665512084, "N_raw": 24, "N_roi": 24, "N_inlier": 24, "refit": true}
{"timestamp": "19:30:32.208505", "frame": 12, "mu": [-2.0905662205920015, 0.9974548841354706, 1.0929177504128882], "Sigma": [[0.0028568177642465742, 0.003222554629440887, -0.0019741343782670217], [0.003222554629440887, 0.0052942712683097986, -0.0034627171455459023], [-0.0019741343782670217, -0.0034627171455459023, 0.003578699263138046]], "chi2_level": 0.997, "chi2_df": 3, "chi2_threshold": 13.931422665512084, "N_raw": 14, "N_roi": 14, "N_inlier": 14, "refit": true}
{"timestamp": "19:30:32.271450", "frame": 13, "mu": [-2.194106257827213, 1.0832428373511673, 1.2801831183264258], "Sigma": [[0.014021481316532568, 0.010558118581382381, -0.007651883189214481], [0.010558118581382381, 0.02070662842474877, -0.011763414861579133], [-0.007651883189214481, -0.011763414861579133, 0.00768053535558811]], "chi2_level": 0.997, "chi2_df": 3, "chi2_threshold": 13.931422665512084, "N_raw": 59, "N_roi": 59, "N_inlier": 58, "refit": true}
{"timestamp": "19:30:32.321553", "frame": 14, "mu": [-2.1277666757331035, 1.1286523702328868, 1.239829416499125], "Sigma": [[0.005844265160080283, 0.0058455709223077315, -0.0020410168371389117], [0.0058455709223077315, 0.011246790614415808, -0.004270373590600385], [-0.0020410168371389117, -0.004270373590600385, 0.0016858069394403018]], "chi2_level": 0.997, "chi2_df": 3, "chi2_threshold": 13.931422665512084, "N_raw": 28, "N_roi": 28, "N_inlier": 27, "refit": true}
{"timestamp": "19:30:32.373862", "frame": 15, "mu": [-2.2388067481278076, 1.346652968193461, -0.595642283546559], "Sigma": [[0.004702262277762853, 0.005519385033196309, -0.0023691797587190398], [0.005519385033196309, 0.008263943118545872, -0.0042101340786086985], [-0.0023691797587190398, -0.0042101340786086985, 0.004091796583071752]], "chi2_level": 0.997, "chi2_df": 3, "chi2_threshold": 13.931422665512084, "N_raw": 17, "N_roi": 17, "N_inlier": 17, "refit": true}
{"timestamp": "19:30:32.485006", "frame": 17, "mu": [-2.082622093461859, 1.037118773873299, 1.0956387579977893], "Sigma": [[0.0051461065764750605, 0.006107648027143293, -0.0031373041975685193], [0.006107648027143293, 0.008605541624581587, -0.004729844584591033], [-0.0031373041975685193, -0.004729844584591034, 0.004738798586468852]], "chi2_level": 0.997, "chi2_df": 3, "chi2_threshold": 13.931422665512084, "N_raw": 19, "N_roi": 19, "N_inlier": 19, "refit": true}
{"timestamp": "19:30:32.541756", "frame": 18, "mu": [-2.095729664562694, 1.3267444649442486, -0.4639203279404677], "Sigma": [[0.008447695320447124, 0.007862899695762567, -0.0028801940610715246], [0.007862899695762567, 0.01330094585374928, -0.0037293704965250998], [-0.0028801940610715246, -0.0037293704965250998, 0.0016748857374699437]], "chi2_level": 0.997, "chi2_df": 3, "chi2_threshold": 13.931422665512084, "N_raw": 34, "N_roi": 34, "N_inlier": 33, "refit": true}
{"timestamp": "19:30:32.598741", "frame": 19, "mu": [-2.0739654063784605, 1.35438724010754, -0.39538891094448025], "Sigma": [[0.010587869305526973, 0.008812878599598103, -0.0044996587782761555], [0.008812878599598103, 0.017704564061576996, -0.0030804691865587213], [-0.0044996587782761555, -0.0030804691865587218, 0.002359456768976209]], "chi2_level": 0.997, "chi2_df": 3, "chi2_threshold": 13.931422665512084, "N_raw": 48, "N_roi": 48, "N_inlier": 47, "refit": true}
{"timestamp": "19:30:32.652521", "frame": 20, "mu": [-2.105809651201117, 1.2712363372081357, 1.285076745456927], "Sigma": [[0.010320486086596798, 0.005198187944435667, -0.006771993217092919], [0.005198187944435667, 0.01346918857123332, -0.003907861145578587], [-0.006771993217092919, -0.003907861145578587, 0.004969757577908059]], "chi2_level": 0.997, "chi2_df": 3, "chi2_threshold": 13.931422665512084, "N_raw": 43, "N_roi": 43, "N_inlier": 43, "refit": true}
{"timestamp": "19:30:32.708172", "frame": 21, "mu": [-2.0842018608419424, 1.3505473257271305, 1.3626307528377413], "Sigma": [[0.010594408651142985, 0.006316092943105039, -0.006953525441048066], [0.006316092943105039, 0.012578865896842662, -0.006703497233379669], [-0.006953525441048066, -0.006703497233379669, 0.006103105454579754]], "chi2_level": 0.997, "chi2_df": 3, "chi2_threshold": 13.931422665512084, "N_raw": 47, "N_roi": 47, "N_inlier": 47, "refit": true}
{"timestamp": "19:30:32.762668", "frame": 22, "mu": [-2.028667342970955, 1.4076874464507982, 1.3468401826907224], "Sigma": [[0.011184040400253467, 0.005077750120194813, -0.00935043956081985], [0.005077750120194813, 0.012747811487618698, -0.0051858783253290255], [-0.00935043956081985, -0.005185878325329025, 0.010135290301097614]], "chi2_level": 0.997, "chi2_df": 3, "chi2_threshold": 13.931422665512084, "N_raw": 42, "N_roi": 42, "N_inlier": 41, "refit": true}
{"timestamp": "19:30:32.815307", "frame": 23, "mu": [-1.9338106085350004, 1.4207987535399886, 1.2950372491597124], "Sigma": [[0.01173921440250922, 0.007450485236500744, -0.009125677519363726], [0.007450485236500742, 0.020517429804500557, 0.0002509158845753693], [-0.009125677519363728, 0.00025091588457536954, 0.011575740269805145]], "chi2_level": 0.997, "chi2_df": 3, "chi2_threshold": 13.931422665512084, "N_raw": 25, "N_roi": 25, "N_inlier": 24, "refit": true}
{"timestamp": "19:30:32.873948", "frame": 24, "mu": [-1.982132217850485, 1.4360235804452146, 1.3436251184694894], "Sigma": [[0.012244666758086348, 0.008782841265743916, -0.005529519057264204], [0.008782841265743916, 0.012697699671115465, -0.007252858322224884], [-0.005529519057264204, -0.007252858322224884, 0.0071307759977654265]], "chi2_level": 0.997, "chi2_df": 3, "chi2_threshold": 13.931422665512084, "N_raw": 51, "N_roi": 51, "N_inlier": 50, "refit": true}
{"timestamp": "19:30:32.931379", "frame": 25, "mu": [-1.950583206689299, 1.503173505834501, 1.3740519409261787], "Sigma": [[0.018466829014631835, 0.011552446998216552, -0.01333281548961891], [0.011552446998216552, 0.017388871502030945, -0.008824052588482411], [-0.01333281548961891, -0.008824052588482411, 0.01017811677608142]], "chi2_level": 0.997, "chi2_df": 3, "chi2_threshold": 13.931422665512084, "N_raw": 70, "N_roi": 70, "N_inlier": 67, "refit": true}
{"timestamp": "19:30:32.988693", "frame": 26, "mu": [-1.937448181575035, 1.5011037497590358, 1.3508865854988363], "Sigma": [[0.020674400339229508, 0.012655938693772545, -0.014004964558080434], [0.012655938693772545, 0.019703509930022144, -0.011291324346255929], [-0.014004964558080434, -0.011291324346255929, 0.010750932189498954]], "chi2_level": 0.997, "chi2_df": 3, "chi2_threshold": 13.931422665512084, "N_raw": 84, "N_roi": 84, "N_inlier": 81, "refit": true}
{"timestamp": "19:30:33.047135", "frame": 27, "mu": [-1.904609339370219, 1.5787754922718835, 1.3786957480704156], "Sigma": [[0.022048277993502376, 0.013235456461398206, -0.018726497871558716], [0.013235456461398204, 0.020960008169242213, -0.011074423755180507], [-0.018726497871558712, -0.011074423755180507, 0.017813301763361742]], "chi2_level": 0.997, "chi2_df": 3, "chi2_threshold": 13.931422665512084, "N_raw": 86, "N_roi": 86, "N_inlier": 82, "refit": true}
{"timestamp": "19:30:33.099605", "frame": 28, "mu": [-1.8746649594922464, 1.565003308655449, 1.3363389770603453], "Sigma": [[0.024085789664181123, 0.01253428129188968, -0.016926820870136094], [0.01253428129188968, 0.013191072418377062, -0.010566347286889426], [-0.016926820870136094, -0.010566347286889426, 0.013125413260225585]], "chi2_level": 0.997, "chi2_df": 3, "chi2_threshold": 13.931422665512084, "N_raw": 72, "N_roi": 72, "N_inlier": 69, "refit": true}
{"timestamp": "19:30:33.154952", "frame": 29, "mu": [-1.8676084352476732, 1.6315404736986034, 1.3962598521828813], "Sigma": [[0.02318108288271093, 0.012032079979371158, -0.018618427818444368], [0.012032079979371156, 0.0153700618932171, -0.010182121221478355], [-0.018618427818444368, -0.010182121221478355, 0.01565021151106308]], "chi2_level": 0.997, "chi2_df": 3, "chi2_threshold": 13.931422665512084, "N_raw": 77, "N_roi": 77, "N_inlier": 74, "refit": true}
{"timestamp": "19:30:33.204998", "frame": 30, "mu": [-1.8985896256039474, 1.6763629137120408, 1.4237743443322435], "Sigma": [[0.01495483129169223, 0.011016895984987608, -0.010734165703819895], [0.011016895984987608, 0.013652806106411569, -0.010088748990798167], [-0.010734165703819897, -0.010088748990798167, 0.011438662668973155]], "chi2_level": 0.997, "chi2_df": 3, "chi2_threshold": 13.931422665512084, "N_raw": 41, "N_roi": 41, "N_inlier": 39, "refit": true}
{"timestamp": "19:30:33.532250", "frame": 36, "mu": [-1.4055734957281367, 2.0240961401184174, 1.2417278474186246], "Sigma": [[0.006008997363135604, 0.0018589668535774703, -4.590488549701625e-06], [0.00185896685357747, 0.0035730305730080217, -0.007685660131449749], [-4.590488549701625e-06, -0.007685660131449751, 0.05505009796996225]], "chi2_level": 0.997, "chi2_df": 3, "chi2_threshold": 13.931422665512084, "N_raw": 26, "N_roi": 26, "N_inlier": 24, "refit": true}
{"timestamp": "19:30:33.643329", "frame": 38, "mu": [-1.432524561271269, 2.153567403667322, 1.4338922375442307], "Sigma": [[0.006432764438045105, 0.002014437387907843, -0.004044219713746211], [0.002014437387907843, 0.004862046613863844, -0.015010222749695459], [-0.004044219713746212, -0.015010222749695459, 0.06705485417945241]], "chi2_level": 0.997, "chi2_df": 3, "chi2_threshold": 13.931422665512084, "N_raw": 29, "N_roi": 29, "N_inlier": 27, "refit": true}
{"timestamp": "19:30:33.696362", "frame": 39, "mu": [-1.312713593541532, 2.346888563505154, -0.400210570903709], "Sigma": [[0.0022833278945771844, -0.000596022967220234, 0.006192032799788527], [-0.0005960229672202341, 0.025910026817743344, -0.08573011354516424], [0.006192032799788526, -0.08573011354516422, 0.4315862918953808]], "chi2_level": 0.997, "chi2_df": 3, "chi2_threshold": 13.931422665512084, "N_raw": 13, "N_roi": 13, "N_inlier": 13, "refit": true}
{"timestamp": "19:30:33.759199", "frame": 40, "mu": [-1.2962681072157196, 2.359516046109816, -0.1722220295892393], "Sigma": [[0.009940596839564478, 0.005794486562498827, -0.015756239397671772], [0.005794486562498827, 0.010921401429712966, -0.02645201109140794], [-0.015756239397671772, -0.026452011091407938, 0.07422509889175773]], "chi2_level": 0.997, "chi2_df": 3, "chi2_threshold": 13.931422665512084, "N_raw": 68, "N_roi": 67, "N_inlier": 63, "refit": true}
{"timestamp": "19:30:33.808924", "frame": 41, "mu": [-1.3364515911639665, 2.2374981765288267, 1.505669517508687], "Sigma": [[0.009534584650296505, -0.0005382539046925462, -0.01012459905109297], [-0.0005382539046925464, 0.003049161701428461, -0.0008501222309587029], [-0.01012459905109297, -0.0008501222309587028, 0.014477682238271157]], "chi2_level": 0.997, "chi2_df": 3, "chi2_threshold": 13.931422665512084, "N_raw": 29, "N_roi": 29, "N_inlier": 27, "refit": true}
{"timestamp": "19:30:33.862900", "frame": 42, "mu": [-1.2109341583874582, 2.2994241191938287, 0.9462505458579613], "Sigma": [[0.01010176067958373, 0.0005813610136657526, -0.010939560944873687], [0.0005813610136657526, 0.0004197680714597943, -0.0005615170116112693], [-0.010939560944873687, -0.0005615170116112693, 0.030331125416858416]], "chi2_level": 0.997, "chi2_df": 3, "chi2_threshold": 13.931422665512084, "N_raw": 30, "N_roi": 30, "N_inlier": 28, "refit": true}
{"timestamp": "19:30:33.920605", "frame": 43, "mu": [-1.1271223963765615, 2.443273897173567, -0.17731918671516111], "Sigma": [[0.010267244956602552, -0.002345251667244256, 0.013596861064508201], [-0.002345251667244256, 0.010392488972140707, -0.03137337414541321], [0.013596861064508201, -0.03137337414541321, 0.17775463903729255]], "chi2_level": 0.997, "chi2_df": 3, "chi2_threshold": 13.931422665512084, "N_raw": 42, "N_roi": 42, "N_inlier": 40, "refit": true}
{"timestamp": "19:30:33.981603", "frame": 44, "mu": [-1.106840901142377, 2.404792768538531, 0.8412366475312324], "Sigma": [[0.01146295246802436, -0.0015794290246281617, 0.009255622650138903], [-0.0015794290246281617, 0.005121526685805246, -0.028369356719368626], [0.0092556226501389, -0.028369356719368622, 0.2337335009476669]], "chi2_level": 0.997, "chi2_df": 3, "chi2_threshold": 13.931422665512084, "N_raw": 86, "N_roi": 84, "N_inlier": 83, "refit": true}
{"timestamp": "19:30:34.029679", "frame": 45, "mu": [-1.04158290412312, 2.6570173358469384, -0.4026945569878209], "Sigma": [[0.009809202164044168, -0.0015130723250289793, 0.015113352296567188], [-0.0015130723250289795, 0.007264859918147376, -0.03501886606223501], [0.015113352296567186, -0.03501886606223501, 0.2184003224901189]], "chi2_level": 0.997, "chi2_df": 3, "chi2_threshold": 13.931422665512084, "N_raw": 35, "N_roi": 35, "N_inlier": 35, "refit": true}
{"timestamp": "19:30:34.085535", "frame": 46, "mu": [-1.12012536176585, 2.4679630446941285, -1.0754685000903637], "Sigma": [[0.005989020175721046, 0.0006155444031789225, -0.01429771009526026], [0.0006155444031789224, 0.004285169091554033, 0.02384653002527088], [-0.014297710095260258, 0.02384653002527088, 0.3421684816999665]], "chi2_level": 0.997, "chi2_df": 3, "chi2_threshold": 13.931422665512084, "N_raw": 43, "N_roi": 43, "N_inlier": 41, "refit": true}
{"timestamp": "19:30:34.142612", "frame": 47, "mu": [-1.132031289220016, 2.7897940670599692, -0.8628370624522178], "Sigma": [[0.011791534981492434, 0.0019530571702256585, 0.005369047247630597], [0.0019530571702256587, 0.010311928788140185, -0.043641520909964225], [0.0053690472476305975, -0.043641520909964225, 0.23734937264243827]], "chi2_level": 0.997, "chi2_df": 3, "chi2_threshold": 13.931422665512084, "N_raw": 56, "N_roi": 52, "N_inlier": 51, "refit": true}
{"timestamp": "19:30:34.196914", "frame": 48, "mu": [-0.972469611169958, 2.852941030611832, -0.802785333701767], "Sigma": [[0.01564967785419335, -0.012101119968434191, 0.04235260287802193], [-0.012101119968434191, 0.02486459572756123, -0.06304447241007072], [0.042352602878021936, -0.06304447241007072, 0.21616952696567818]], "chi2_level": 0.997, "chi2_df": 3, "chi2_threshold": 13.931422665512084, "N_raw": 52, "N_roi": 50, "N_inlier": 49, "refit": true}
{"timestamp": "19:30:34.252884", "frame": 49, "mu": [-0.9401284571099952, 2.8242939479120492, -0.47416173053349986], "Sigma": [[0.007387898305860108, 0.0028964723736375243, -0.0052051382831340455], [0.0028964723736375243, 0.0304761872418201, -0.10019616253009922], [-0.0052051382831340455, -0.10019616253009922, 0.3729445680196337]], "chi2_level": 0.997, "chi2_df": 3, "chi2_threshold": 13.931422665512084, "N_raw": 60, "N_roi": 60, "N_inlier": 60, "refit": true}
{"timestamp": "19:30:34.307093", "frame": 50, "mu": [-0.9593068155257627, 3.007846951353844, -1.1060727158850092], "Sigma": [[0.01132784598178495, -0.002620508420099691, 0.013509436604444262], [-0.0026205084200996904, 0.01689078620895633, -0.07117138683815874], [0.013509436604444262, -0.07117138683815874, 0.3184676013886781]], "chi2_level": 0.997, "chi2_df": 3, "chi2_threshold": 13.931422665512084, "N_raw": 52, "N_roi": 49, "N_inlier": 48, "refit": true}
{"timestamp": "19:30:34.361512", "frame": 51, "mu": [-0.8948498198830149, 2.664213769177378, -0.04648470944321557], "Sigma": [[0.016614967016665014, -0.00027502651437276264, -0.013508651966545165], [-0.0002750265143727627, 0.0016134787816445724, 0.008050221542808085], [-0.013508651966545165, 0.008050221542808085, 0.17364245325641844]], "chi2_level": 0.997, "chi2_df": 3, "chi2_threshold": 13.931422665512084, "N_raw": 46, "N_roi": 44, "N_inlier": 43, "refit": true}
{"timestamp": "19:30:34.416211", "frame": 52, "mu": [-0.9144009650827377, 2.756589505118789, 1.03638326923382], "Sigma": [[0.015762838197275475, 0.0035794583019702264, -0.06527269095995186], [0.0035794583019702264, 0.002639094061384528, -0.015436080868927202], [-0.06527269095995186, -0.015436080868927199, 0.4939499600336677]], "chi2_level": 0.997, "chi2_df": 3, "chi2_threshold": 13.931422665512084, "N_raw": 47, "N_roi": 47, "N_inlier": 47, "refit": true}
{"timestamp": "19:30:34.467604", "frame": 53, "mu": [-0.8176081157960452, 2.9197015638544013, -0.1625623731221037], "Sigma": [[0.005899435666065202, 0.005640068476608361, -0.02874557477113833], [0.005640068476608362, 0.03309149166052529, -0.10800400558889178], [-0.02874557477113833, -0.10800400558889178, 0.3971476258165931]], "chi2_level": 0.997, "chi2_df": 3, "chi2_threshold": 13.931422665512084, "N_raw": 20, "N_roi": 15, "N_inlier": 15, "refit": true}
{"timestamp": "19:30:34.520638", "frame": 54, "mu": [-0.7335602940639885, 2.8057167447378655, 1.0082989323969014], "Sigma": [[0.0032508338592426122, -0.00012221940660535487, 0.0010775157927282973], [-0.00012221940660535498, 0.012865152555781044, -0.04706380676558263], [0.001077515792728299, -0.04706380676558264, 0.32151857091918035]], "chi2_level": 0.997, "chi2_df": 3, "chi2_threshold": 13.931422665512084, "N_raw": 10, "N_roi": 10, "N_inlier": 10, "refit": true}
{"timestamp": "19:30:34.580721", "frame": 55, "mu": [-0.7438904887779598, 2.864341860025096, 1.3152182665269179], "Sigma": [[0.007816655069480169, 0.0012250383365504116, 0.001212605873676343], [0.0012250383365504118, 0.013669242181511982, 0.046606256198042574], [0.0012126058736763434, 0.046606256198042574, 0.23093776271949815]], "chi2_level": 0.997, "chi2_df": 3, "chi2_threshold": 13.931422665512084, "N_raw": 43, "N_roi": 42, "N_inlier": 40, "refit": true}
{"timestamp": "19:30:34.635877", "frame": 56, "mu": [-0.6927208946900986, 2.9032617094888162, 1.3164942880754487], "Sigma": [[0.009728026934404428, 0.0011230128723644832, -0.006790415267968036], [0.0011230128723644832, 0.004086378808707116, 0.010116848154025073], [-0.006790415267968036, 0.010116848154025075, 0.2933581003704275]], "chi2_level": 0.997, "chi2_df": 3, "chi2_threshold": 13.931422665512084, "N_raw": 45, "N_roi": 45, "N_inlier": 45, "refit": true}
{"timestamp": "19:30:34.691129", "frame": 57, "mu": [-0.6358929890746599, 3.06013768676784, -0.004494992063215035], "Sigma": [[0.01203510650355252, -0.0005781808600287113, 0.00535681155959922], [-0.0005781808600287111, 0.01750004565634862, -0.05643582767785339], [0.005356811559599221, -0.05643582767785339, 0.210189361641555]], "chi2_level": 0.997, "chi2_df": 3, "chi2_threshold": 13.931422665512084, "N_raw": 47, "N_roi": 44, "N_inlier": 44, "refit": true}
{"timestamp": "19:30:34.750796", "frame": 58, "mu": [-0.5865231517170262, 2.9263393435068465, 1.0420346840010324], "Sigma": [[0.017632777511581564, 0.0017537200514582828, 0.021548294204969606], [0.0017537200514582828, 0.0028187802203627063, 0.004352165949850989], [0.021548294204969606, 0.004352165949850989, 0.30349466569829464]], "chi2_level": 0.997, "chi2_df": 3, "chi2_threshold": 13.931422665512084, "N_raw": 79, "N_roi": 74, "N_inlier": 74, "refit": true}
{"timestamp": "19:30:34.797085", "frame": 59, "mu": [-0.5175597327288436, 2.984147216469317, 0.5188671738619964], "Sigma": [[0.008279048663374358, -0.004770318421472015, 0.013545210323028273], [-0.004770318421472016, 0.004000315448066429, -0.0007261390755032566], [0.013545210323028273, -0.0007261390755032553, 0.31296057115535386]], "chi2_level": 0.997, "chi2_df": 3, "chi2_threshold": 13.931422665512084, "N_raw": 15, "N_roi": 15, "N_inlier": 15, "refit": true}
{"timestamp": "19:30:34.859623", "frame": 60, "mu": [-0.45025967792404054, 2.9721963517461014, 0.6903243478503672], "Sigma": [[0.014224109872119564, 0.0020009118721526983, 0.01867798464408755], [0.002000911872152698, 0.003958583839513085, 0.029966696351887576], [0.01867798464408755, 0.02996669635188758, 0.5954888125450656]], "chi2_level": 0.997, "chi2_df": 3, "chi2_threshold": 13.931422665512084, "N_raw": 71, "N_roi": 71, "N_inlier": 71, "refit": true}
{"timestamp": "19:30:34.911990", "frame": 61, "mu": [-0.41580444094824853, 3.0150281636621923, 1.3271281860849156], "Sigma": [[0.015181702698748056, 0.00048066284408900906, -0.007570614201070534], [0.0004806628440890091, 0.004868059781082331, -0.001582122542094354], [-0.007570614201070534, -0.001582122542094354, 0.0049391505903222215]], "chi2_level": 0.997, "chi2_df": 3, "chi2_threshold": 13.931422665512084, "N_raw": 53, "N_roi": 53, "N_inlier": 50, "refit": true}
{"timestamp": "19:30:34.966011", "frame": 62, "mu": [-0.36446672655252166, 3.158217645034722, -0.02037221075056997], "Sigma": [[0.013398492695728265, 0.0008093306149672631, -0.01494973539031862], [0.0008093306149672633, 0.009163789603492201, -0.027977620857717024], [-0.014949735390318616, -0.027977620857717024, 0.146670285698981]], "chi2_level": 0.997, "chi2_df": 3, "chi2_threshold": 13.931422665512084, "N_raw": 44, "N_roi": 41, "N_inlier": 40, "refit": true}
{"timestamp": "19:30:35.021872", "frame": 63, "mu": [-0.34580478982494367, 3.1185776118640844, 0.693023034274419], "Sigma": [[0.013707426183048366, -0.003062430571741099, -0.013960328672750304], [-0.0030624305717410994, 0.007024262081569039, 0.04891264613956156], [-0.013960328672750303, 0.04891264613956156, 0.5273732008298683]], "chi2_level": 0.997, "chi2_df": 3, "chi2_threshold": 13.931422665512084, "N_raw": 56, "N_roi": 56, "N_inlier": 55, "refit": true}
{"timestamp": "19:30:35.077910", "frame": 64, "mu": [-0.3233686211712976, 3.177397101527012, 1.243618952442842], "Sigma": [[0.011929600322857064, -0.002209921222606773, -0.007734011497477153], [-0.0022099212226067725, 0.00822785815835434, 0.02117477828543036], [-0.007734011497477154, 0.021174778285430365, 0.35772677000750935]], "chi2_level": 0.997, "chi2_df": 3, "chi2_threshold": 13.931422665512084, "N_raw": 55, "N_roi": 54, "N_inlier": 53, "refit": true}
{"timestamp": "19:30:35.138920", "frame": 65, "mu": [-0.26856274202058816, 3.2073089329676465, 0.8774395357917575], "Sigma": [[0.016349593566790804, -0.0019272305518274857, 0.0033107677506049246], [-0.0019272305518274859, 0.00542063252796311, -0.0039649583521350965], [0.0033107677506049246, -0.003964958352135097, 0.3769143667866148]], "chi2_level": 0.997, "chi2_df": 3, "chi2_threshold": 13.931422665512084, "N_raw": 100, "N_roi": 98, "N_inlier": 97, "refit": true}
{"timestamp": "19:30:35.186455", "frame": 66, "mu": [-0.21629801306338864, 3.359642525737749, 0.135844168524698], "Sigma": [[0.011707053314685306, 0.00045690439731831426, -0.00769592150872089], [0.00045690439731831437, 0.005441799972802357, -0.007279664253812967], [-0.00769592150872089, -0.007279664253812967, 0.02445735933370624]], "chi2_level": 0.997, "chi2_df": 3, "chi2_threshold": 13.931422665512084, "N_raw": 48, "N_roi": 48, "N_inlier": 45, "refit": true}
{"timestamp": "19:30:35.243254", "frame": 67, "mu": [-0.21071801083936617, 3.3128804624247112, 0.7468144584934198], "Sigma": [[0.012731883218676134, 0.0010102778125586536, 0.00852189868739971], [0.0010102778125586536, 0.005182825665044906, 0.0043396743642559465], [0.008521898687399707, 0.004339674364255946, 0.44611182336989813]], "chi2_level": 0.997, "chi2_df": 3, "chi2_threshold": 13.931422665512084, "N_raw": 68, "N_roi": 68, "N_inlier": 68, "refit": true}
{"timestamp": "19:30:35.299907", "frame": 68, "mu": [-0.19320470766833558, 3.2253565822911816, 0.591416934657419], "Sigma": [[0.020317105757134045, 0.012122813359493077, 0.04758023588691223], [0.012122813359493077, 0.015864435842238303, 0.04929025841480967], [0.04758023588691223, 0.04929025841480967, 0.2535802276529246]], "chi2_level": 0.997, "chi2_df": 3, "chi2_threshold": 13.931422665512084, "N_raw": 75, "N_roi": 75, "N_inlier": 74, "refit": true}
{"timestamp": "19:30:35.354880", "frame": 69, "mu": [-0.08735805981570839, 3.4045761763881917, 0.6762976577840583], "Sigma": [[0.014114656254152967, -0.001897019111497089, 0.00564525760236747], [-0.0018970191114970887, 0.0033291019929086877, 0.017858905102252777], [0.005645257602367468, 0.017858905102252777, 0.4047232933511146]], "chi2_level": 0.997, "chi2_df": 3, "chi2_threshold": 13.931422665512084, "N_raw": 75, "N_roi": 75, "N_inlier": 74, "refit": true}
{"timestamp": "19:30:35.410151", "frame": 70, "mu": [-0.12851008489224888, 3.500264444720539, 1.0794147234033498], "Sigma": [[0.015694879800696764, -0.0014949814792729744, 0.0025390258405326217], [-0.0014949814792729744, 0.002944758179192216, -0.006470933851307368], [0.002539025840532622, -0.0064709338513073665, 0.2753299516394021]], "chi2_level": 0.997, "chi2_df": 3, "chi2_threshold": 13.931422665512084, "N_raw": 76, "N_roi": 76, "N_inlier": 75, "refit": true}
{"timestamp": "19:30:35.463134", "frame": 71, "mu": [0.07677427635771099, 3.5977150545259873, -0.03300507776912878], "Sigma": [[0.012258644106301739, -0.003926890287355112, 0.002965958871510118], [-0.003926890287355112, 0.015037358096537978, -0.03368930549030742], [0.002965958871510117, -0.03368930549030742, 0.09703660347247042]], "chi2_level": 0.997, "chi2_df": 3, "chi2_threshold": 13.931422665512084, "N_raw": 29, "N_roi": 29, "N_inlier": 28, "refit": true}
{"timestamp": "19:30:35.516664", "frame": 72, "mu": [0.02777757907839058, 3.549956810934655, -0.10967636566827754], "Sigma": [[0.01475832002131522, -0.0008153906251017257, 0.03794287482784736], [-0.0008153906251017258, 0.005399974638411536, -0.0067196801467573185], [0.03794287482784736, -0.006719680146757318, 0.19658526322223438]], "chi2_level": 0.997, "chi2_df": 3, "chi2_threshold": 13.931422665512084, "N_raw": 54, "N_roi": 54, "N_inlier": 51, "refit": true}
{"timestamp": "19:30:35.570024", "frame": 73, "mu": [0.11420994411876018, 3.475646789512445, 1.1705568455430742], "Sigma": [[0.01373131510049443, -0.003681364992987695, 0.008204146361090885], [-0.003681364992987695, 0.006153161347962914, -0.017042883754776042], [0.008204146361090884, -0.017042883754776042, 0.20253710741113734]], "chi2_level": 0.997, "chi2_df": 3, "chi2_threshold": 13.931422665512084, "N_raw": 34, "N_roi": 34, "N_inlier": 33, "refit": true}
{"timestamp": "19:30:35.623866", "frame": 74, "mu": [0.15808207631821186, 3.5677910942434266, 0.5731966031969012], "Sigma": [[0.007276467067930959, -0.0029578932488545967, 0.0173862098689924], [-0.002957893248854597, 0.008885173134649139, -0.051368795095729516], [0.0173862098689924, -0.051368795095729516, 0.4222876791639342]], "chi2_level": 0.997, "chi2_df": 3, "chi2_threshold": 13.931422665512084, "N_raw": 34, "N_roi": 34, "N_inlier": 34, "refit": true}
{"timestamp": "19:30:35.681960", "frame": 75, "mu": [0.15774269550782205, 3.5795146555480284, 1.4082387744772709], "Sigma": [[0.014023657255851222, -0.0043594281621012095, -0.005208910324858965], [-0.0043594281621012095, 0.005839866683140232, 0.0004752761577969221], [-0.005208910324858965, 0.0004752761577969222, 0.007708692161660448]], "chi2_level": 0.997, "chi2_df": 3, "chi2_threshold": 13.931422665512084, "N_raw": 48, "N_roi": 48, "N_inlier": 45, "refit": true}
{"timestamp": "19:30:35.735331", "frame": 76, "mu": [0.2312001177379902, 3.5939603271100005, 1.3538794887561043], "Sigma": [[0.013149198795688167, -0.002311922211638601, -0.0074277585802260395], [-0.0023119222116386013, 0.003613736978112689, 0.0011662429412857263], [-0.0074277585802260395, 0.0011662429412857263, 0.007505328082579991]], "chi2_level": 0.997, "chi2_df": 3, "chi2_threshold": 13.931422665512084, "N_raw": 38, "N_roi": 38, "N_inlier": 35, "refit": true}
{"timestamp": "19:30:35.795347", "frame": 77, "mu": [0.19402673644124488, 3.662560748499229, 1.2540072274948022], "Sigma": [[0.019914363474384078, -0.006716122198696639, 0.0034589007407116318], [-0.006716122198696639, 0.006292751920065975, -0.009639709636738356], [0.0034589007407116318, -0.009639709636738356, 0.045529703845037926]], "chi2_level": 0.997, "chi2_df": 3, "chi2_threshold": 13.931422665512084, "N_raw": 73, "N_roi": 73, "N_inlier": 70, "refit": true}
{"timestamp": "19:30:35.843068", "frame": 78, "mu": [0.2878045113834956, 3.657103299762702, 1.526796627452354], "Sigma": [[0.010476153461542603, -0.00340407385097594, -0.011977085590804955], [-0.0034040738509759395, 0.004350547718124957, 0.007759293712565938], [-0.011977085590804955, 0.007759293712565937, 0.02080112977841808]], "chi2_level": 0.997, "chi2_df": 3, "chi2_threshold": 13.931422665512084, "N_raw": 25, "N_roi": 25, "N_inlier": 23, "refit": true}
{"timestamp": "19:30:35.899475", "frame": 79, "mu": [0.3006950576962929, 3.7842938305947835, 0.2645012883598486], "Sigma": [[0.01327551941715308, -0.003983004807840069, -0.0016651847093542532], [-0.003983004807840069, 0.006119602020330474, -0.006229635739555824], [-0.0016651847093542532, -0.006229635739555825, 0.013745987857510475]], "chi2_level": 0.997, "chi2_df": 3, "chi2_threshold": 13.931422665512084, "N_raw": 40, "N_roi": 40, "N_inlier": 37, "refit": true}
{"timestamp": "19:30:35.953204", "frame": 80, "mu": [0.11107411516281371, 4.060073740443442, -0.40316783888501645], "Sigma": [[0.02607631628737546, -0.005471411750623662, 0.009647810890547861], [-0.005471411750623663, 0.013593894455024048, -0.04192843957439453], [0.009647810890547861, -0.04192843957439453, 0.1418315413352191]], "chi2_level": 0.997, "chi2_df": 3, "chi2_threshold": 13.931422665512084, "N_raw": 24, "N_roi": 24, "N_inlier": 23, "refit": true}
{"timestamp": "19:30:36.006701", "frame": 81, "mu": [0.4428052330067944, 3.947881008822323, -0.028191223501723647], "Sigma": [[0.007210297673280829, 0.005604109671689147, -0.021628998961060155], [0.005604109671689147, 0.016393160249539993, -0.04641953379208415], [-0.02162899896106015, -0.04641953379208415, 0.15058478538041978]], "chi2_level": 0.997, "chi2_df": 3, "chi2_threshold": 13.931422665512084, "N_raw": 20, "N_roi": 20, "N_inlier": 20, "refit": true}
{"timestamp": "19:30:36.061751", "frame": 82, "mu": [0.512319606148589, 3.8206016873069872, 1.1159871223901285], "Sigma": [[0.007429465201235562, -0.0025149229273639102, -0.007153368418290658], [-0.0025149229273639102, 0.002530926117815747, -0.0017199263902366619], [-0.007153368418290658, -0.0017199263902366617, 0.026192861707281696]], "chi2_level": 0.997, "chi2_df": 3, "chi2_threshold": 13.931422665512084, "N_raw": 15, "N_roi": 14, "N_inlier": 13, "refit": true}
{"timestamp": "19:30:36.120935", "frame": 83, "mu": [0.5012882786745332, 3.836026221981797, 1.2296315036159393], "Sigma": [[0.016778146205667394, -0.0033575847202079114, -0.008569460639284428], [-0.0033575847202079114, 0.004042479881943437, -0.0026295928839880282], [-0.008569460639284428, -0.0026295928839880282, 0.01333592815438544]], "chi2_level": 0.997, "chi2_df": 3, "chi2_threshold": 13.931422665512084, "N_raw": 49, "N_roi": 49, "N_inlier": 47, "refit": true}
{"timestamp": "19:30:36.175001", "frame": 84, "mu": [0.5554619266743049, 3.833336036546158, 1.1436114527924326], "Sigma": [[0.014858051880750109, -0.004886640794430592, -0.003739567930942119], [-0.004886640794430592, 0.007363519621807648, -0.017792558359451472], [-0.0037395679309421203, -0.017792558359451472, 0.08420564972822919]], "chi2_level": 0.997, "chi2_df": 3, "chi2_threshold": 13.931422665512084, "N_raw": 42, "N_roi": 42, "N_inlier": 42, "refit": true}
{"timestamp": "19:30:36.229824", "frame": 85, "mu": [0.6309633376118451, 3.892782419560242, 1.1392288689821615], "Sigma": [[0.015956316636761118, -0.005135037031836195, -0.018160410843387525], [-0.005135037031836195, 0.0035684363988459514, 0.003043042355987424], [-0.018160410843387525, 0.0030430423559874246, 0.035941963023545874]], "chi2_level": 0.997, "chi2_df": 3, "chi2_threshold": 13.931422665512084, "N_raw": 39, "N_roi": 39, "N_inlier": 36, "refit": true}
{"timestamp": "19:30:36.285981", "frame": 86, "mu": [0.6342448490959847, 3.8889943915496854, 1.0509857204024273], "Sigma": [[0.021279281430003863, -0.004781195996062922, -0.01208431039421933], [-0.00478119599606292, 0.0035144325159546155, 0.002338206075559216], [-0.012084310394219332, 0.002338206075559216, 0.04781730726266598]], "chi2_level": 0.997, "chi2_df": 3, "chi2_threshold": 13.931422665512084, "N_raw": 46, "N_roi": 46, "N_inlier": 44, "refit": true}
{"timestamp": "19:30:36.336733", "frame": 87, "mu": [0.6236738295927422, 3.9178923208246026, 1.404498184646328], "Sigma": [[0.008932709163859668, -0.0017162283804840345, -0.006208841137644164], [-0.0017162283804840345, 0.0017138805667393166, 0.0016023658522731222], [-0.006208841137644164, 0.001602365852273122, 0.04350202069934998]], "chi2_level": 0.997, "chi2_df": 3, "chi2_threshold": 13.931422665512084, "N_raw": 20, "N_roi": 20, "N_inlier": 20, "refit": true}
{"timestamp": "19:30:36.392990", "frame": 88, "mu": [0.6252421538521062, 4.102102627413059, -0.055945403942411404], "Sigma": [[0.012481760465859925, -0.0014571856818006886, -0.0006130581275265723], [-0.0014571856818006886, 0.002333992458250952, -0.002380913866234004], [-0.0006130581275265723, -0.0023809138662340035, 0.004519821508537518]], "chi2_level": 0.997, "chi2_df": 3, "chi2_threshold": 13.931422665512084, "N_raw": 26, "N_roi": 26, "N_inlier": 24, "refit": true}
{"timestamp": "19:30:36.447745", "frame": 89, "mu": [0.6793591100438632, 3.9915208019527686, 0.8310783977497729], "Sigma": [[0.009348772648582531, -0.002121740805865354, 0.004316984495734432], [-0.0021217408058653545, 0.003635277292800154, 0.0015071453178507573], [0.004316984495734431, 0.001507145317850757, 0.07914130002121898]], "chi2_level": 0.997, "chi2_df": 3, "chi2_threshold": 13.931422665512084, "N_raw": 23, "N_roi": 23, "N_inlier": 22, "refit": true}
{"timestamp": "19:30:36.559405", "frame": 91, "mu": [0.7656481478347925, 4.074194998340464, 1.0417791853920608], "Sigma": [[0.014357362983794022, -0.0023123456481304967, 0.012053263624420954], [-0.0023123456481304967, 0.0030286780588813346, 0.0038912614303018914], [0.012053263624420952, 0.0038912614303018914, 0.09034866046943266]], "chi2_level": 0.997, "chi2_df": 3, "chi2_threshold": 13.931422665512084, "N_raw": 37, "N_roi": 34, "N_inlier": 32, "refit": true}
{"timestamp": "19:30:36.613030", "frame": 92, "mu": [0.8122214536212344, 4.216052326557003, -0.05588920564957658], "Sigma": [[0.011062576533381463, 0.00022474437709274687, 0.0336635971974769], [0.00022474437709274665, 0.005322045109288674, -0.0003430466308993558], [0.0336635971974769, -0.0003430466308993558, 0.20319024800230098]], "chi2_level": 0.997, "chi2_df": 3, "chi2_threshold": 13.931422665512084, "N_raw": 28, "N_roi": 26, "N_inlier": 26, "refit": true}
{"timestamp": "19:30:36.667055", "frame": 93, "mu": [0.8752020356350417, 4.174991299499643, 0.8879494753226083], "Sigma": [[0.007820218202089634, -0.0022395113246686995, 0.0008447389154495968], [-0.0022395113246686995, 0.0016022624394183334, -0.002837918619010756], [0.0008447389154495968, -0.002837918619010756, 0.011501304013448593]], "chi2_level": 0.997, "chi2_df": 3, "chi2_threshold": 13.931422665512084, "N_raw": 15, "N_roi": 15, "N_inlier": 15, "refit": true}
{"timestamp": "19:30:36.720531", "frame": 94, "mu": [0.9403202154511717, 4.307173610981868, 0.12958807109773696], "Sigma": [[0.01085155967977324, -0.006627215642899595, 0.0111564543148206], [-0.006627215642899595, 0.013095898180079299, -0.02223608404233579], [0.0111564543148206, -0.02223608404233579, 0.0389670428028865]], "chi2_level": 0.997, "chi2_df": 3, "chi2_threshold": 13.931422665512084, "N_raw": 12, "N_roi": 10, "N_inlier": 10, "refit": true}
{"timestamp": "19:30:36.776439", "frame": 95, "mu": [1.0027643365609333, 4.1996765757445935, 1.2163680494514324], "Sigma": [[0.01505733791494881, -0.004880007739108237, 0.003841537380087406], [-0.004880007739108237, 0.0040275398177459535, -0.008693003503069207], [0.0038415373800874046, -0.008693003503069206, 0.042946535175582744]], "chi2_level": 0.997, "chi2_df": 3, "chi2_threshold": 13.931422665512084, "N_raw": 18, "N_roi": 18, "N_inlier": 18, "refit": true}
