{"timestamp": "20:01:50.975271", "frame": 35, "mu": [1.1365602858065984, 1.1741289306802893, 1.1588267017515939], "Sigma": [[0.0024933729711947164, -0.0020987292930197054, -0.0031368844953180847], [-0.0020987292930197054, 0.002740338648267404, 0.001091594203743996], [-0.0031368844953180847, 0.0010915942037439965, 0.010084361401148066]], "chi2_level": 0.997, "chi2_df": 3, "chi2_threshold": 13.931422665512084, "N_raw": 27, "N_roi": 27, "N_inlier": 25, "refit": true}
{"timestamp": "20:01:51.030346", "frame": 36, "mu": [1.0522915931150507, 1.5535264048686626, -1.023519419490014], "Sigma": [[0.017013501680135323, -0.03555660844012727, 0.051314592708414916], [-0.03555660844012727, 0.09945584515992208, -0.14492832772815356], [0.05131459270841491, -0.14492832772815356, 0.21857059592734665]], "chi2_level": 0.997, "chi2_df": 3, "chi2_threshold": 13.931422665512084, "N_raw": 10, "N_roi": 10, "N_inlier": 10, "refit": true}
{"timestamp": "20:01:51.084952", "frame": 37, "mu": [1.0918784452923236, 1.2418339876017288, 0.8805840785316765], "Sigma": [[0.008495547273096402, -0.011834892812679404, 0.039771305685195955], [-0.011834892812679403, 0.027813354935753633, -0.06456838356864399], [0.039771305685195955, -0.06456838356864399, 0.22921403237407417]], "chi2_level": 0.997, "chi2_df": 3, "chi2_threshold": 13.931422665512084, "N_raw": 13, "N_roi": 13, "N_inlier": 13, "refit": true}
{"timestamp": "20:01:51.141546", "frame": 38, "mu": [1.0122933862642238, 1.4035982331174353, 1.307978898826653], "Sigma": [[0.002102823714308496, -0.0004520570464816676, -0.0009131311948542602], [-0.00045205704648166754, 0.004173061115645516, -0.00016041708950048834], [-0.0009131311948542603, -0.00016041708950048834, 0.0038716021750714066]], "chi2_level": 0.997, "chi2_df": 3, "chi2_threshold": 13.931422665512084, "N_raw": 21, "N_roi": 21, "N_inlier": 20, "refit": true}
{"timestamp": "20:01:51.201546", "frame": 39, "mu": [0.9661273613482935, 1.4229939191938141, 1.2643811302359207], "Sigma": [[0.004288383802929758, -0.000697689826974201, -0.0032793671088835407], [-0.0006976898269742005, 0.012274458525258538, 0.009596934429967282], [-0.0032793671088835407, 0.009596934429967282, 0.021825142876748586]], "chi2_level": 0.997, "chi2_df": 3, "chi2_threshold": 13.931422665512084, "N_raw": 54, "N_roi": 52, "N_inlier": 50, "refit": true}
{"timestamp": "20:01:51.255593", "frame": 40, "mu": [0.9096249697924419, 1.449365898941835, 1.2842584974171656], "Sigma": [[0.0052806093161376, -0.00015089920378790183, -1.0688212280580582e-05], [-0.0001508992037879015, 0.010335028423139192, 0.003818111566359649], [-1.0688212280580609e-05, 0.003818111566359649, 0.0020664182190336406]], "chi2_level": 0.997, "chi2_df": 3, "chi2_threshold": 13.931422665512084, "N_raw": 53, "N_roi": 51, "N_inlier": 50, "refit": true}
{"timestamp": "20:01:51.309644", "frame": 41, "mu": [0.8496758836246474, 1.6439368975860553, -0.23007267092643433], "Sigma": [[0.004259916882928084, 0.0006975127385789445, -0.003322893997595738], [0.0006975127385789444, 0.005263022895872517, -0.011237655955427053], [-0.003322893997595738, -0.011237655955427053, 0.07622489683721931]], "chi2_level": 0.997, "chi2_df": 3, "chi2_threshold": 13.931422665512084, "N_raw": 39, "N_roi": 39, "N_inlier": 37, "refit": true}
{"timestamp": "20:01:51.362654", "frame": 42, "mu": [0.8152342916700445, 1.4665135900547535, 1.0591732041603659], "Sigma": [[0.006219184912598939, -0.0025457594935294637, -0.01845475547549343], [-0.0025457594935294637, 0.005018314492898608, 0.023087995704791708], [-0.01845475547549343, 0.023087995704791708, 0.16795172289374424]], "chi2_level": 0.997, "chi2_df": 3, "chi2_threshold": 13.931422665512084, "N_raw": 31, "N_roi": 31, "N_inlier": 30, "refit": true}
{"timestamp": "20:01:51.420812", "frame": 43, "mu": [0.774323567670001, 1.7558055270329662, -0.2455509943070385], "Sigma": [[0.0055246081736562355, 0.002019991705269137, -0.006830409682340978], [0.002019991705269137, 0.008341050810773331, -0.014630437751248962], [-0.006830409682340978, -0.014630437751248964, 0.112483660092778]], "chi2_level": 0.997, "chi2_df": 3, "chi2_threshold": 13.931422665512084, "N_raw": 46, "N_roi": 46, "N_inlier": 44, "refit": true}
{"timestamp": "20:01:51.475789", "frame": 44, "mu": [0.6851386914673621, 1.8159009727622561, -0.33452873321760296], "Sigma": [[0.008741684563526564, 0.005950544215224365, -0.011617040981086034], [0.005950544215224365, 0.010815169549641446, -0.025179501606305412], [-0.01161704098108603, -0.025179501606305412, 0.14230860204179382]], "chi2_level": 0.997, "chi2_df": 3, "chi2_threshold": 13.931422665512084, "N_raw": 50, "N_roi": 50, "N_inlier": 48, "refit": true}
{"timestamp": "20:01:51.526623", "frame": 45, "mu": [0.7335204078193008, 1.9153853554567597, -0.350927265536982], "Sigma": [[0.005773974401902324, 0.0029523877001430823, -0.007684155845960165], [0.0029523877001430823, 0.006765088987609808, -0.02379469697477016], [-0.007684155845960165, -0.02379469697477016, 0.30316810187973664]], "chi2_level": 0.997, "chi2_df": 3, "chi2_threshold": 13.931422665512084, "N_raw": 22, "N_roi": 22, "N_inlier": 21, "refit": true}
{"timestamp": "20:01:51.581735", "frame": 46, "mu": [0.5826775929994886, 1.9867734867404059, -0.533670941135028], "Sigma": [[0.0046322329608485405, 0.004940311594877766, -0.024657151971207658], [0.004940311594877766, 0.009208911352811365, -0.04543733654005415], [-0.024657151971207658, -0.04543733654005415, 0.30980134055317415]], "chi2_level": 0.997, "chi2_df": 3, "chi2_threshold": 13.931422665512084, "N_raw": 24, "N_roi": 24, "N_inlier": 23, "refit": true}
{"timestamp": "20:01:51.635920", "frame": 47, "mu": [0.5338114977895058, 1.8002494536880347, 0.6164708189134946], "Sigma": [[0.006375060489336975, -0.0021391873741007537, -0.019892226216560872], [-0.002139187374100754, 0.009310791731861058, 0.02694870248999814], [-0.019892226216560876, 0.026948702489998144, 0.2912305400690402]], "chi2_level": 0.997, "chi2_df": 3, "chi2_threshold": 13.931422665512084, "N_raw": 20, "N_roi": 20, "N_inlier": 19, "refit": true}
{"timestamp": "20:01:51.695333", "frame": 48, "mu": [0.4674159799555406, 1.9009207418349392, 1.2708398862645067], "Sigma": [[0.006775392886310544, 0.001238266750648441, 0.0036238514522782496], [0.001238266750648441, 0.002937095104599992, -0.0003325941785344988], [0.0036238514522782496, -0.0003325941785344989, 0.006075510560097038]], "chi2_level": 0.997, "chi2_df": 3, "chi2_threshold": 13.931422665512084, "N_raw": 47, "N_roi": 47, "N_inlier": 44, "refit": true}
{"timestamp": "20:01:51.746471", "frame": 49, "mu": [0.4670953182234649, 1.9544527977220405, 1.100352587712209], "Sigma": [[0.0022557975934094335, 0.0003899034952680072, -0.011420914412202669], [0.0003899034952680072, 0.0036206659503360836, 0.015241228382218724], [-0.011420914412202669, 0.015241228382218726, 0.33665053820907426]], "chi2_level": 0.997, "chi2_df": 3, "chi2_threshold": 13.931422665512084, "N_raw": 20, "N_roi": 20, "N_inlier": 19, "refit": true}
{"timestamp": "20:01:51.803947", "frame": 50, "mu": [0.4309772900381392, 2.1251773204175826, 0.9581299151153834], "Sigma": [[0.004605449650197057, -2.4068116781121202e-05, 0.01648960762928587], [-2.406811678112113e-05, 0.0032723382463263548, 0.01887212329391533], [0.016489607629285877, 0.01887212329391533, 0.33160084874018714]], "chi2_level": 0.997, "chi2_df": 3, "chi2_threshold": 13.931422665512084, "N_raw": 40, "N_roi": 40, "N_inlier": 39, "refit": true}
{"timestamp": "20:01:51.865962", "frame": 51, "mu": [0.2906651144613719, 2.0726448963275685, 1.075789656048792], "Sigma": [[0.006158739682500866, 0.0004665129763384595, -0.0015506250575721705], [0.00046651297633845955, 0.009312584030693863, -0.0270900974467605], [-0.00155062505757217, -0.0270900974467605, 0.11659618505956287]], "chi2_level": 0.997, "chi2_df": 3, "chi2_threshold": 13.931422665512084, "N_raw": 81, "N_roi": 79, "N_inlier": 77, "refit": true}
{"timestamp": "20:01:51.911688", "frame": 52, "mu": [0.2825036255628045, 2.1213098334088913, 0.7791791883181161], "Sigma": [[0.002667490968426501, -0.0007978895028565376, -0.01982564032668015], [-0.0007978895028565376, 0.005163016645724824, 0.02586485994921724], [-0.01982564032668015, 0.02586485994921724, 0.43191440213641796]], "chi2_level": 0.997, "chi2_df": 3, "chi2_threshold": 13.931422665512084, "N_raw": 20, "N_roi": 19, "N_inlier": 19, "refit": true}
{"timestamp": "20:01:51.969605", "frame": 53, "mu": [0.20247104094125443, 2.366792451465426, -0.18915540121102895], "Sigma": [[0.004483438966960541, 0.0012385283675127126, 0.0037208885646295947], [0.0012385283675127128, 0.006905553986306435, -0.018828353539065864], [0.0037208885646295947, -0.018828353539065864, 0.07800640579807791]], "chi2_level": 0.997, "chi2_df": 3, "chi2_threshold": 13.931422665512084, "N_raw": 36, "N_roi": 36, "N_inlier": 34, "refit": true}
{"timestamp": "20:01:52.022197", "frame": 54, "mu": [0.15130708123559827, 2.4511396090558213, -0.32567602573762316], "Sigma": [[0.005537481194929728, -0.0037800017540097564, 0.01786288490605469], [-0.0037800017540097564, 0.014056949609854241, -0.022709844498565057], [0.017862884906054692, -0.022709844498565057, 0.07921048454211983]], "chi2_level": 0.997, "chi2_df": 3, "chi2_threshold": 13.931422665512084, "N_raw": 26, "N_roi": 23, "N_inlier": 21, "refit": true}
{"timestamp": "20:01:52.080219", "frame": 55, "mu": [0.05799736829127072, 2.3118923631580266, 1.2713255423610208], "Sigma": [[0.011184155999924323, -0.00029984785138785654, -0.013590846304550286], [-0.0002998478513878565, 0.0030527229390584533, -0.0029989185047777363], [-0.013590846304550284, -0.0029989185047777363, 0.09005123438991465]], "chi2_level": 0.997, "chi2_df": 3, "chi2_threshold": 13.931422665512084, "N_raw": 46, "N_roi": 45, "N_inlier": 42, "refit": true}
{"timestamp": "20:01:52.135309", "frame": 56, "mu": [-0.011040851489647995, 2.357644176133154, 1.2444955603663734], "Sigma": [[0.008156565835377924, -0.0004228146370946381, -0.003050519211223475], [-0.0004228146370946381, 0.0036633829428730324, -0.00029260474184948426], [-0.0030505192112234756, -0.00029260474184948437, 0.012902543441296772]], "chi2_level": 0.997, "chi2_df": 3, "chi2_threshold": 13.931422665512084, "N_raw": 49, "N_roi": 48, "N_inlier": 44, "refit": true}
{"timestamp": "20:01:52.187030", "frame": 57, "mu": [-0.05656070122742458, 2.4274337348876602, -0.6658286418350156], "Sigma": [[0.006146727885730902, 0.0023778825043717093, -0.008185949137338258], [0.0023778825043717093, 0.004843557190330636, -0.002090955869217257], [-0.008185949137338258, -0.002090955869217257, 0.029582417850325442]], "chi2_level": 0.997, "chi2_df": 3, "chi2_threshold": 13.931422665512084, "N_raw": 22, "N_roi": 22, "N_inlier": 19, "refit": true}
{"timestamp": "20:01:52.250478", "frame": 58, "mu": [-0.08394518780502934, 2.5066479059696776, 1.1624191713331546], "Sigma": [[0.009225859288756471, 0.0016207146954499855, -0.004314255955178819], [0.0016207146954499857, 0.005120890641748167, 0.015410621890041467], [-0.004314255955178818, 0.01541062189004147, 0.19179653220162549]], "chi2_level": 0.997, "chi2_df": 3, "chi2_threshold": 13.931422665512084, "N_raw": 51, "N_roi": 51, "N_inlier": 50, "refit": true}
{"timestamp": "20:01:52.308488", "frame": 59, "mu": [-0.13525461322079638, 2.690042236406093, 0.043400384775804095], "Sigma": [[0.010731288436788864, -0.002879685785797908, 0.03452803174447466], [-0.0028796857857979075, 0.023135552622469725, -0.09410062416239201], [0.03452803174447467, -0.09410062416239201, 0.6131089272196831]], "chi2_level": 0.997, "chi2_df": 3, "chi2_threshold": 13.931422665512084, "N_raw": 96, "N_roi": 96, "N_inlier": 95, "refit": true}
{"timestamp": "20:01:52.352965", "frame": 60, "mu": [-0.21566744768736726, 2.5403435282752476, 0.0901817410092342], "Sigma": [[0.004954795665417195, 0.0005049056981845304, 0.007980777188061405], [0.0005049056981845304, 0.0043281102951921386, 0.024885069980282226], [0.007980777188061405, 0.024885069980282226, 0.3303131135925841]], "chi2_level": 0.997, "chi2_df": 3, "chi2_threshold": 13.931422665512084, "N_raw": 27, "N_roi": 27, "N_inlier": 27, "refit": true}
{"timestamp": "20:01:52.411178", "frame": 61, "mu": [-0.3144354546562805, 2.655116435184794, 1.3337879043115861], "Sigma": [[0.010719386957740286, 0.001343731450888717, 0.0001452996849341914], [0.001343731450888717, 0.007873894919909325, 0.01898296564429961], [0.0001452996849341916, 0.01898296564429961, 0.18627277056171687]], "chi2_level": 0.997, "chi2_df": 3, "chi2_threshold": 13.931422665512084, "N_raw": 58, "N_roi": 57, "N_inlier": 55, "refit": true}
{"timestamp": "20:01:52.465658", "frame": 62, "mu": [-0.34712939587131925, 2.689398261868674, 1.2770602297702398], "Sigma": [[0.01245995823281373, 0.0016695620250126882, -0.008708125770788524], [0.0016695620250126882, 0.0024964773286551612, -0.0034996154310719127], [-0.008708125770788524, -0.0034996154310719123, 0.023625783678361885]], "chi2_level": 0.997, "chi2_df": 3, "chi2_threshold": 13.931422665512084, "N_raw": 53, "N_roi": 53, "N_inlier": 49, "refit": true}
{"timestamp": "20:01:52.522604", "frame": 63, "mu": [-0.38083604369880636, 2.7407847777765033, 1.1433509872370948], "Sigma": [[0.013693114207163784, -0.0007946024772570955, -0.01803253412952035], [-0.0007946024772570957, 0.0038857714333449997, 0.008570491695699112], [-0.01803253412952035, 0.008570491695699112, 0.19229234546579832]], "chi2_level": 0.997, "chi2_df": 3, "chi2_threshold": 13.931422665512084, "N_raw": 63, "N_roi": 63, "N_inlier": 60, "refit": true}
{"timestamp": "20:01:52.580681", "frame": 64, "mu": [-0.42070426370378816, 2.823918671519105, 1.1882061468885508], "Sigma": [[0.020655351061107174, -0.0025073649065258316, -0.056850016432114785], [-0.002507364906525831, 0.0035215015719736514, 0.012100745798392685], [-0.05685001643211478, 0.012100745798392685, 0.23602404182036163]], "chi2_level": 0.997, "chi2_df": 3, "chi2_threshold": 13.931422665512084, "N_raw": 77, "N_roi": 77, "N_inlier": 72, "refit": true}
{"timestamp": "20:01:52.636033", "frame": 65, "mu": [-0.43123034587277753, 2.979605178705799, 1.3501169226092418], "Sigma": [[0.019040959587941074, 0.004918943533816056, -0.025137595921188527], [0.004918943533816056, 0.005091153319473108, -0.014829100316202713], [-0.025137595921188523, -0.014829100316202715, 0.07142033264494355]], "chi2_level": 0.997, "chi2_df": 3, "chi2_threshold": 13.931422665512084, "N_raw": 82, "N_roi": 82, "N_inlier": 78, "refit": true}
{"timestamp": "20:01:52.691865", "frame": 66, "mu": [-0.5318797479423409, 3.060791691310633, 0.03361608271561289], "Sigma": [[0.01862912309552703, 0.007270987260959642, -0.03100843924696252], [0.007270987260959642, 0.01447842589912235, -0.031847710971892915], [-0.03100843924696252, -0.031847710971892915, 0.17839155955423924]], "chi2_level": 0.997, "chi2_df": 3, "chi2_threshold": 13.931422665512084, "N_raw": 83, "N_roi": 82, "N_inlier": 79, "refit": true}
{"timestamp": "20:01:52.742766", "frame": 67, "mu": [-0.6026702584070488, 3.0076848478480276, 1.3807883816259967], "Sigma": [[0.01570908495124417, 0.0014897495808308928, -0.0013393409658884225], [0.0014897495808308926, 0.004136396519967994, -0.004445281783835129], [-0.0013393409658884225, -0.004445281783835129, 0.008810726891149855]], "chi2_level": 0.997, "chi2_df": 3, "chi2_threshold": 13.931422665512084, "N_raw": 59, "N_roi": 59, "N_inlier": 56, "refit": true}
{"timestamp": "20:01:52.793609", "frame": 68, "mu": [-0.7136413645560651, 2.97178794020337, 1.1974596918226859], "Sigma": [[0.010073574328740518, 0.0010162245755175581, -0.00413499901479158], [0.0010162245755175581, 0.0017193234536454973, -0.005134391311275232], [-0.004134999014791579, -0.005134391311275232, 0.02526441677992982]], "chi2_level": 0.997, "chi2_df": 3, "chi2_threshold": 13.931422665512084, "N_raw": 39, "N_roi": 39, "N_inlier": 36, "refit": true}
{"timestamp": "20:01:52.854435", "frame": 69, "mu": [-0.6793997634691105, 3.081082900363371, 0.9771389168008691], "Sigma": [[0.012879366781580614, 0.0031393011982495983, 0.0043566949941690105], [0.003139301198249598, 0.0056343150512419195, -0.01200252756347947], [0.00435669499416901, -0.01200252756347947, 0.41575395470439674]], "chi2_level": 0.997, "chi2_df": 3, "chi2_threshold": 13.931422665512084, "N_raw": 75, "N_roi": 75, "N_inlier": 74, "refit": true}
{"timestamp": "20:01:52.918012", "frame": 70, "mu": [-0.7365346275795842, 3.143721694701118, 1.125888231987037], "Sigma": [[0.011844191272806693, 0.0012060385359795108, 0.001957921681375251], [0.0012060385359795108, 0.006168235797039757, 0.010801071269028323], [0.0019579216813752514, 0.010801071269028325, 0.37406974484182337]], "chi2_level": 0.997, "chi2_df": 3, "chi2_threshold": 13.931422665512084, "N_raw": 78, "N_roi": 75, "N_inlier": 75, "refit": true}
{"timestamp": "20:01:52.961727", "frame": 71, "mu": [-0.8249770373733649, 3.1724281031489094, 1.3235894775227446], "Sigma": [[0.011827360401812459, 0.0008872038827801275, 0.0043247337808100614], [0.0008872038827801277, 0.009666599546204519, -0.018850976456531728], [0.0043247337808100614, -0.018850976456531728, 0.1411332943107357]], "chi2_level": 0.997, "chi2_df": 3, "chi2_threshold": 13.931422665512084, "N_raw": 56, "N_roi": 54, "N_inlier": 54, "refit": true}
{"timestamp": "20:01:53.015648", "frame": 72, "mu": [-0.7306737407607252, 3.2882088305586104, 0.9398241563443023], "Sigma": [[0.01859348482676635, 0.004813625140020499, -0.03204354458395295], [0.004813625140020499, 0.004824408174601175, -0.016225694368556528], [-0.032043544583952956, -0.016225694368556528, 0.08914117151434992]], "chi2_level": 0.997, "chi2_df": 3, "chi2_threshold": 13.931422665512084, "N_raw": 46, "N_roi": 44, "N_inlier": 42, "refit": true}
{"timestamp": "20:01:53.071604", "frame": 73, "mu": [-0.7836650926745818, 3.353573461774355, 0.9349759085244844], "Sigma": [[0.01629548245144488, 0.0025221702942486617, -0.022198159534970216], [0.0025221702942486617, 0.003036114172325989, -0.008310169084232146], [-0.022198159534970216, -0.008310169084232146, 0.05160855115349852]], "chi2_level": 0.997, "chi2_df": 3, "chi2_threshold": 13.931422665512084, "N_raw": 59, "N_roi": 57, "N_inlier": 54, "refit": true}
{"timestamp": "20:01:53.125352", "frame": 74, "mu": [-0.9233990443064518, 3.3887450430609647, -1.155466703049806], "Sigma": [[0.018378342835953285, 0.007930823400292348, 0.07276719468793753], [0.007930823400292348, 0.010714688065478302, 0.0439931071855096], [0.07276719468793753, 0.0439931071855096, 0.509595567940296]], "chi2_level": 0.997, "chi2_df": 3, "chi2_threshold": 13.931422665512084, "N_raw": 52, "N_roi": 52, "N_inlier": 51, "refit": true}
{"timestamp": "20:01:53.183551", "frame": 75, "mu": [-0.9421290656255009, 3.4228900970777607, 1.0053867689501046], "Sigma": [[0.01770450114543109, 0.0029475271342926787, -0.030637512614243103], [0.0029475271342926787, 0.0032907668177911413, -0.011928615950446388], [-0.030637512614243103, -0.011928615950446388, 0.096257996615259]], "chi2_level": 0.997, "chi2_df": 3, "chi2_threshold": 13.931422665512084, "N_raw": 70, "N_roi": 66, "N_inlier": 66, "refit": true}
{"timestamp": "20:01:53.232683", "frame": 76, "mu": [-1.0713136147945646, 3.426847497401926, 1.2567034154796788], "Sigma": [[0.006349483520313539, 0.0017079270989411015, -0.00641461574422326], [0.001707927098941102, 0.0036722977391144837, -0.0039129444908997165], [-0.00641461574422326, -0.0039129444908997165, 0.011564654530406991]], "chi2_level": 0.997, "chi2_df": 3, "chi2_threshold": 13.931422665512084, "N_raw": 28, "N_roi": 28, "N_inlier": 27, "refit": true}
{"timestamp": "20:01:53.342034", "frame": 78, "mu": [-1.1379437581183527, 3.545267966276602, 1.27346858625863], "Sigma": [[0.00975209379728538, 0.001952308043839851, -0.008989845456604091], [0.0019523080438398508, 0.0020299502877284235, -0.005656620358926872], [-0.008989845456604091, -0.005656620358926872, 0.022695854742124988]], "chi2_level": 0.997, "chi2_df": 3, "chi2_threshold": 13.931422665512084, "N_raw": 31, "N_roi": 30, "N_inlier": 30, "refit": true}
{"timestamp": "20:01:53.396127", "frame": 79, "mu": [-1.136262407118589, 3.6169742920814665, 1.1296715568646125], "Sigma": [[0.008421452068351954, 0.00130830102071174, -0.005881412599345304], [0.00130830102071174, 0.0012172765596522993, -0.0034922618937977216], [-0.005881412599345303, -0.0034922618937977224, 0.013260590570746597]], "chi2_level": 0.997, "chi2_df": 3, "chi2_threshold": 13.931422665512084, "N_raw": 22, "N_roi": 22, "N_inlier": 21, "refit": true}
{"timestamp": "20:01:53.454372", "frame": 80, "mu": [-1.2106912378015875, 3.7471097173256402, 0.16456479409258953], "Sigma": [[0.01673159338137035, 0.0051294739028812115, -0.010412005935670297], [0.0051294739028812115, 0.007573420584408817, -0.011075976153675643], [-0.010412005935670297, -0.011075976153675643, 0.018712418570073462]], "chi2_level": 0.997, "chi2_df": 3, "chi2_threshold": 13.931422665512084, "N_raw": 49, "N_roi": 49, "N_inlier": 46, "refit": true}
{"timestamp": "20:01:53.505351", "frame": 81, "mu": [-1.2449778234398696, 3.6821003626375024, 1.203315825081619], "Sigma": [[0.0030611244329857073, 0.0005571665852398581, -0.005441944693451432], [0.0005571665852398579, 0.0037106596060637867, -0.01128376493795656], [-0.0054419446934514315, -0.011283764937956556, 0.08114708946405952]], "chi2_level": 0.997, "chi2_df": 3, "chi2_threshold": 13.931422665512084, "N_raw": 15, "N_roi": 14, "N_inlier": 13, "refit": true}
{"timestamp": "20:01:53.617618", "frame": 83, "mu": [-1.3091434524594054, 3.9149887012181077, 0.0739712897922451], "Sigma": [[0.01005373383502216, 0.00753948198637586, -0.017400538077594625], [0.00753948198637586, 0.010225421551890218, -0.022096474815069815], [-0.017400538077594625, -0.022096474815069815, 0.05989214924919073]], "chi2_level": 0.997, "chi2_df": 3, "chi2_threshold": 13.931422665512084, "N_raw": 31, "N_roi": 31, "N_inlier": 31, "refit": true}
{"timestamp": "20:01:53.728034", "frame": 85, "mu": [-1.4546041472870903, 3.910336468044851, 1.2763611219474154], "Sigma": [[0.021021402793417594, 0.006363110786456447, -0.0196123851000845], [0.006363110786456445, 0.004633638239866274, -0.007895828840688242], [-0.0196123851000845, -0.007895828840688242, 0.023011210610489517]], "chi2_level": 0.997, "chi2_df": 3, "chi2_threshold": 13.931422665512084, "N_raw": 36, "N_roi": 36, "N_inlier": 36, "refit": true}
{"timestamp": "20:01:53.839165", "frame": 87, "mu": [-1.5470187132280686, 4.262392343225923, -0.08514192972551349], "Sigma": [[0.008807883196529254, 0.00682519922879698, 0.0012796933582957847], [0.00682519922879698, 0.050682902708538306, -0.11204878236704913], [0.0012796933582957869, -0.11204878236704913, 0.29523507706092106]], "chi2_level": 0.997, "chi2_df": 3, "chi2_threshold": 13.931422665512084, "N_raw": 11, "N_roi": 11, "N_inlier": 11, "refit": true}
{"timestamp": "20:01:54.002065", "frame": 90, "mu": [-1.6389093327647168, 4.150088776061463, 1.0029458324482223], "Sigma": [[0.03221507660707977, 0.010870388760442391, -0.07483065857430872], [0.010870388760442391, 0.005714276569417379, -0.029381582270142072], [-0.07483065857430872, -0.029381582270142072, 0.22651391705438903]], "chi2_level": 0.997, "chi2_df": 3, "chi2_threshold": 13.931422665512084, "N_raw": 28, "N_roi": 28, "N_inlier": 27, "refit": true}
{"timestamp": "20:01:54.111937", "frame": 92, "mu": [-1.5706708369949176, 4.334501449907234, 0.7367503305179779], "Sigma": [[0.020025619091976036, 0.0008002764817598529, -0.03243842358233913], [0.0008002764817598529, 0.0003361322360820348, -0.0004870223371824113], [-0.03243842358233913, -0.0004870223371824113, 0.09196251408910616]], "chi2_level": 0.997, "chi2_df": 3, "chi2_threshold": 13.931422665512084, "N_raw": 29, "N_roi": 29, "N_inlier": 28, "refit": true}
{"timestamp": "20:01:54.274893", "frame": 95, "mu": [-1.9494111948330208, 4.453200452708424, 1.1991188863748163], "Sigma": [[0.00883662041180644, 0.004618347327218962, -0.012620402342102302], [0.004618347327218962, 0.00548930533160165, -0.01502779520718308], [-0.012620402342102302, -0.01502779520718308, 0.047291177439052354]], "chi2_level": 0.997, "chi2_df": 3, "chi2_threshold": 13.931422665512084, "N_raw": 11, "N_roi": 11, "N_inlier": 11, "refit": true}
{"timestamp": "20:01:54.497010", "frame": 99, "mu": [-2.172295741432921, 4.546863205868409, 1.2505501501535696], "Sigma": [[0.016656915823644255, 0.006055485045313896, -0.009250674667953063], [0.006055485045313896, 0.003982831952986474, -0.006141465788430349], [-0.009250674667953063, -0.006141465788430349, 0.012275416124545456]], "chi2_level": 0.997, "chi2_df": 3, "chi2_threshold": 13.931422665512084, "N_raw": 22, "N_roi": 22, "N_inlier": 21, "refit": true}
{"timestamp": "20:01:54.662029", "frame": 102, "mu": [-2.2236964696743087, 4.692368585751537, 1.316971700999303], "Sigma": [[0.022533156676350218, 0.008368499121153094, -0.011517240230624722], [0.008368499121153094, 0.005509885115421441, -0.008692728432248272], [-0.011517240230624722, -0.008692728432248272, 0.022306478616349965]], "chi2_level": 0.997, "chi2_df": 3, "chi2_threshold": 13.931422665512084, "N_raw": 32, "N_roi": 32, "N_inlier": 32, "refit": true}
