{"timestamp": "20:20:37.406656", "frame": 24, "mu": [-2.3575468320066255, 1.003294132508739, 1.1035590969298181], "Sigma": [[0.005834749363392298, 0.008631981878551433, -0.003546687292622533], [0.008631981878551433, 0.014273738799851757, -0.006627389055265474], [-0.003546687292622533, -0.006627389055265474, 0.005048745815804051]], "chi2_level": 0.997, "chi2_df": 3, "chi2_threshold": 13.931422665512084, "N_raw": 14, "N_roi": 13, "N_inlier": 13, "refit": true}
{"timestamp": "20:20:37.573845", "frame": 27, "mu": [-2.268652708463893, 0.8925923693097525, 1.0344942306416625], "Sigma": [[0.007138622590505034, 0.008571629457938155, -0.0063248782700033946], [0.008571629457938155, 0.013106058057566492, -0.008698444680984642], [-0.0063248782700033946, -0.008698444680984642, 0.007613257173469484]], "chi2_level": 0.997, "chi2_df": 3, "chi2_threshold": 13.931422665512084, "N_raw": 17, "N_roi": 17, "N_inlier": 17, "refit": true}
{"timestamp": "20:20:37.628473", "frame": 28, "mu": [-2.281954283260343, 0.9422027611973991, 1.0340488101341565], "Sigma": [[0.005569103031883934, 0.006997858301595806, -0.005350791848982413], [0.006997858301595806, 0.01346871324547557, -0.009687252061274453], [-0.005350791848982413, -0.009687252061274455, 0.008879410970211662]], "chi2_level": 0.997, "chi2_df": 3, "chi2_threshold": 13.931422665512084, "N_raw": 18, "N_roi": 16, "N_inlier": 16, "refit": true}
{"timestamp": "20:20:37.740451", "frame": 30, "mu": [-2.2577773571918676, 0.9464616930075352, 1.1393852690266857], "Sigma": [[0.008672479777107178, 0.009260745516098456, -0.005334333204921795], [0.009260745516098456, 0.017392138671848932, -0.008690773960580333], [-0.005334333204921795, -0.008690773960580333, 0.005397271088534533]], "chi2_level": 0.997, "chi2_df": 3, "chi2_threshold": 13.931422665512084, "N_raw": 32, "N_roi": 32, "N_inlier": 32, "refit": true}
{"timestamp": "20:20:37.792370", "frame": 31, "mu": [-2.260745562690109, 0.9529815133701498, 1.1568382045996919], "Sigma": [[0.005937406961178798, 0.010920974280691189, -0.0063203130592518935], [0.01092097428069119, 0.02420964447853073, -0.01231364924609506], [-0.0063203130592518935, -0.01231364924609506, 0.00765097002018317]], "chi2_level": 0.997, "chi2_df": 3, "chi2_threshold": 13.931422665512084, "N_raw": 16, "N_roi": 16, "N_inlier": 16, "refit": true}
{"timestamp": "20:20:37.850424", "frame": 32, "mu": [-2.2947617268920832, 1.0689904614185606, 1.22763209152629], "Sigma": [[0.009313502708123712, 0.008907817025689144, -0.005614048069051477], [0.008907817025689142, 0.015342727888752116, -0.007736447041075527], [-0.005614048069051476, -0.007736447041075527, 0.005517316568094381]], "chi2_level": 0.997, "chi2_df": 3, "chi2_threshold": 13.931422665512084, "N_raw": 32, "N_roi": 32, "N_inlier": 32, "refit": true}
{"timestamp": "20:20:37.903556", "frame": 33, "mu": [-2.204261347297433, 1.1339389762636838, 1.120162124920441], "Sigma": [[0.0028669795136395827, 0.0028355727846568384, -0.0011720849814862036], [0.002835572784656839, 0.0072040986609701934, -0.004289680909411045], [-0.0011720849814862036, -0.004289680909411045, 0.008553247668629279]], "chi2_level": 0.997, "chi2_df": 3, "chi2_threshold": 13.931422665512084, "N_raw": 18, "N_roi": 18, "N_inlier": 18, "refit": true}
{"timestamp": "20:20:37.957534", "frame": 34, "mu": [-2.160716957985259, 1.0835471866723254, 1.128753582259178], "Sigma": [[0.002594529662794768, 0.003394009085283203, -0.0007959707160092997], [0.003394009085283203, 0.006995116742970891, -0.0020458333874697684], [-0.0007959707160092996, -0.0020458333874697684, 0.0006405227050027777]], "chi2_level": 0.997, "chi2_df": 3, "chi2_threshold": 13.931422665512084, "N_raw": 11, "N_roi": 11, "N_inlier": 11, "refit": true}
{"timestamp": "20:20:38.015257", "frame": 35, "mu": [-2.199320699920854, 1.062572487428316, 1.0901423902650649], "Sigma": [[0.005911901984956049, 0.006299029481563292, -0.001174554677807537], [0.006299029481563292, 0.012306104339801272, -0.006065779582441913], [-0.001174554677807537, -0.006065779582441913, 0.005981743316703913]], "chi2_level": 0.997, "chi2_df": 3, "chi2_threshold": 13.931422665512084, "N_raw": 34, "N_roi": 34, "N_inlier": 34, "refit": true}
{"timestamp": "20:20:38.123512", "frame": 37, "mu": [-2.132197601989737, 1.1394574958456807, 1.1475670075544608], "Sigma": [[0.003973946682628892, 0.002932386244092573, -0.0029912624815518407], [0.002932386244092573, 0.0050519739143731895, -0.002454470222957695], [-0.0029912624815518407, -0.002454470222957695, 0.002821148731957301]], "chi2_level": 0.997, "chi2_df": 3, "chi2_threshold": 13.931422665512084, "N_raw": 16, "N_roi": 16, "N_inlier": 15, "refit": true}
{"timestamp": "20:20:38.179982", "frame": 38, "mu": [-2.0170114800084686, 1.506404893933125, -0.8229206316273955], "Sigma": [[0.01904800197876222, 0.03862056439667084, -0.042806089791767754], [0.03862056439667084, 0.08906891922955924, -0.09768486051898409], [-0.04280608979176776, -0.09768486051898409, 0.11643384363227446]], "chi2_level": 0.997, "chi2_df": 3, "chi2_threshold": 13.931422665512084, "N_raw": 23, "N_roi": 23, "N_inlier": 23, "refit": true}
{"timestamp": "20:20:38.238379", "frame": 39, "mu": [-2.0772967971249345, 1.3371714950364995, -0.46288501941015275], "Sigma": [[0.011123483066042028, 0.0043383567285956645, -0.00741646422371749], [0.0043383567285956645, 0.01210240018065596, -0.0031141338290975778], [-0.00741646422371749, -0.0031141338290975778, 0.008806430018666989]], "chi2_level": 0.997, "chi2_df": 3, "chi2_threshold": 13.931422665512084, "N_raw": 52, "N_roi": 52, "N_inlier": 50, "refit": true}
{"timestamp": "20:20:38.294224", "frame": 40, "mu": [-2.0601207933850363, 1.1974267645950203, 1.2406238952823718], "Sigma": [[0.011867442407509336, 0.0031490967700676413, -0.0088699594387193], [0.0031490967700676413, 0.012139984601249284, -0.0047519191518608055], [-0.0088699594387193, -0.004751919151860806, 0.008431409235685946]], "chi2_level": 0.997, "chi2_df": 3, "chi2_threshold": 13.931422665512084, "N_raw": 51, "N_roi": 51, "N_inlier": 50, "refit": true}
{"timestamp": "20:20:38.348659", "frame": 41, "mu": [-2.056373455984495, 1.3888472489952997, -0.4907758581474878], "Sigma": [[0.01033794655529074, 0.0069341660882778905, 0.0015712248077544796], [0.0069341660882778905, 0.018177456273011216, 0.004156410056446963], [0.0015712248077544798, 0.004156410056446964, 0.007883393572830005]], "chi2_level": 0.997, "chi2_df": 3, "chi2_threshold": 13.931422665512084, "N_raw": 48, "N_roi": 48, "N_inlier": 48, "refit": true}
{"timestamp": "20:20:38.399363", "frame": 42, "mu": [-2.034689864443129, 1.2409553736828365, 1.2876594715650436], "Sigma": [[0.007703738458557944, 0.0038515000595266908, -0.007056923342758998], [0.0038515000595266908, 0.0048870291797422, -0.003937121540721958], [-0.007056923342758998, -0.003937121540721957, 0.007091682086391501]], "chi2_level": 0.997, "chi2_df": 3, "chi2_threshold": 13.931422665512084, "N_raw": 20, "N_roi": 20, "N_inlier": 20, "refit": true}
{"timestamp": "20:20:38.459342", "frame": 43, "mu": [-2.028271226542303, 1.2819434134465177, 1.2503357643898634], "Sigma": [[0.01362703459175083, 0.00555566789639519, -0.004274957556931719], [0.00555566789639519, 0.008986055668471432, -0.005202351549532778], [-0.004274957556931719, -0.005202351549532778, 0.004928875894788369]], "chi2_level": 0.997, "chi2_df": 3, "chi2_threshold": 13.931422665512084, "N_raw": 51, "N_roi": 51, "N_inlier": 51, "refit": true}
{"timestamp": "20:20:38.507836", "frame": 44, "mu": [-1.8799487716892371, 1.391362388706756, 1.2823912842932117], "Sigma": [[0.01003324867115293, 0.006189805027418095, -0.011128840969857372], [0.006189805027418095, 0.008023737370497745, -0.007335444509785164], [-0.011128840969857372, -0.007335444509785164, 0.012931654795376613]], "chi2_level": 0.997, "chi2_df": 3, "chi2_threshold": 13.931422665512084, "N_raw": 14, "N_roi": 14, "N_inlier": 14, "refit": true}
{"timestamp": "20:20:38.568586", "frame": 45, "mu": [-1.9517014609507102, 1.4954713670468316, 1.4018360020717078], "Sigma": [[0.015129461440839877, 0.010204736466429776, -0.013122907885176154], [0.010204736466429776, 0.012254131175668382, -0.010960691914027184], [-0.013122907885176154, -0.010960691914027182, 0.013868707804297569]], "chi2_level": 0.997, "chi2_df": 3, "chi2_threshold": 13.931422665512084, "N_raw": 51, "N_roi": 51, "N_inlier": 50, "refit": true}
{"timestamp": "20:20:38.624018", "frame": 46, "mu": [-1.8376416985918729, 1.504715142736044, 1.3199683908917514], "Sigma": [[0.017647417287587775, 0.012069636325205026, -0.012196067820107358], [0.012069636325205026, 0.014427692956520109, -0.010274959739998873], [-0.012196067820107358, -0.010274959739998875, 0.009753219957232271]], "chi2_level": 0.997, "chi2_df": 3, "chi2_threshold": 13.931422665512084, "N_raw": 61, "N_roi": 61, "N_inlier": 60, "refit": true}
{"timestamp": "20:20:38.675166", "frame": 47, "mu": [-1.9531633413951264, 1.4394519855191434, 1.5385846529459355], "Sigma": [[0.011536823284677441, 0.006835110441168606, -0.012287989260220707], [0.006835110441168606, 0.00982720274437769, -0.005492079791440241], [-0.012287989260220705, -0.005492079791440241, 0.014208135483995033]], "chi2_level": 0.997, "chi2_df": 3, "chi2_threshold": 13.931422665512084, "N_raw": 30, "N_roi": 30, "N_inlier": 29, "refit": true}
{"timestamp": "20:20:38.782752", "frame": 49, "mu": [-1.7854927793760331, 1.6173964043993068, 0.9544128172620582], "Sigma": [[0.022769640143721674, 0.02129365537727228, -0.09043207284763322], [0.02129365537727228, 0.025244197423740095, -0.07539952987780323], [-0.09043207284763322, -0.07539952987780321, 0.5167945075899631]], "chi2_level": 0.997, "chi2_df": 3, "chi2_threshold": 13.931422665512084, "N_raw": 10, "N_roi": 10, "N_inlier": 10, "refit": true}
{"timestamp": "20:20:38.837509", "frame": 50, "mu": [-1.8839941560373787, 1.5973392395317874, 1.3985010985018664], "Sigma": [[0.01964151007389408, 0.014750748821606634, -0.026434477874404068], [0.014750748821606634, 0.014140278875042567, -0.022810860281472334], [-0.026434477874404068, -0.022810860281472334, 0.05018694732061599]], "chi2_level": 0.997, "chi2_df": 3, "chi2_threshold": 13.931422665512084, "N_raw": 18, "N_roi": 18, "N_inlier": 18, "refit": true}
{"timestamp": "20:20:38.893727", "frame": 51, "mu": [-1.7902661767741208, 1.7199081972174006, 1.4825920985220433], "Sigma": [[0.027324499418967068, 0.016221406161842724, -0.028713347952765852], [0.016221406161842727, 0.014017415659844754, -0.01697669053047207], [-0.028713347952765852, -0.01697669053047207, 0.031425134125085304]], "chi2_level": 0.997, "chi2_df": 3, "chi2_threshold": 13.931422665512084, "N_raw": 20, "N_roi": 20, "N_inlier": 19, "refit": true}
{"timestamp": "20:20:39.009763", "frame": 53, "mu": [-1.675506757233135, 2.0056402247888605, -0.061419957547983996], "Sigma": [[0.01627566276919201, 0.011432799933184194, -0.011981588409739768], [0.011432799933184195, 0.016016673026133056, -0.0173194477374463], [-0.011981588409739768, -0.017319447737446304, 0.02277975877048699]], "chi2_level": 0.997, "chi2_df": 3, "chi2_threshold": 13.931422665512084, "N_raw": 59, "N_roi": 59, "N_inlier": 58, "refit": true}
{"timestamp": "20:20:39.063683", "frame": 54, "mu": [-1.4928361488325002, 1.9420196909855962, 1.3524839592670845], "Sigma": [[0.008126640578609276, 0.00022382801084819227, -0.0058374343219226655], [0.00022382801084819227, 0.0032616811792871596, -0.001981249655752174], [-0.005837434321922665, -0.001981249655752174, 0.007058965630847155]], "chi2_level": 0.997, "chi2_df": 3, "chi2_threshold": 13.931422665512084, "N_raw": 36, "N_roi": 36, "N_inlier": 33, "refit": true}
{"timestamp": "20:20:39.122307", "frame": 55, "mu": [-1.500328774483822, 2.0038839683080187, 1.0979367940506206], "Sigma": [[0.008725720168380234, 0.0025704843865252446, -0.00561603243169441], [0.0025704843865252437, 0.003048587407279739, -0.007058801576770057], [-0.005616032431694409, -0.007058801576770058, 0.034463331835055594]], "chi2_level": 0.997, "chi2_df": 3, "chi2_threshold": 13.931422665512084, "N_raw": 59, "N_roi": 59, "N_inlier": 56, "refit": true}
{"timestamp": "20:20:39.172077", "frame": 56, "mu": [-1.4568369629596936, 2.0533481045325814, 0.7964111309058033], "Sigma": [[0.0052801176046362456, 4.885496047215068e-05, -0.019881122506690815], [4.885496047215068e-05, 0.001780470423584347, 0.0029564385398086314], [-0.019881122506690815, 0.0029564385398086314, 0.24515395554255615]], "chi2_level": 0.997, "chi2_df": 3, "chi2_threshold": 13.931422665512084, "N_raw": 25, "N_roi": 25, "N_inlier": 25, "refit": true}
{"timestamp": "20:20:39.231171", "frame": 57, "mu": [-1.4029399007291241, 2.1195353167424456, 0.9098438534391264], "Sigma": [[0.01910721134855233, 0.002623651693152286, -0.07149643994921712], [0.0026236516931522863, 0.0029345835698021314, -0.013822216813314275], [-0.07149643994921712, -0.013822216813314274, 0.5051026047290225]], "chi2_level": 0.997, "chi2_df": 3, "chi2_threshold": 13.931422665512084, "N_raw": 60, "N_roi": 60, "N_inlier": 60, "refit": true}
{"timestamp": "20:20:39.339973", "frame": 59, "mu": [-1.307879437169431, 2.2674605261984873, -0.17538258512144478], "Sigma": [[0.011439041070582039, 0.009972888544717737, -0.03223450844947044], [0.009972888544717737, 0.02021037011398747, -0.051067962548825535], [-0.032234508449470435, -0.051067962548825535, 0.17286714427237013]], "chi2_level": 0.997, "chi2_df": 3, "chi2_threshold": 13.931422665512084, "N_raw": 43, "N_roi": 43, "N_inlier": 42, "refit": true}
{"timestamp": "20:20:39.392882", "frame": 60, "mu": [-1.1871220446976187, 2.1868547431435648, 1.0955252044877415], "Sigma": [[0.011286097995942377, 0.00795075338653678, -0.033856589756461455], [0.00795075338653678, 0.01181912417389223, -0.037276288392230496], [-0.03385658975646146, -0.037276288392230496, 0.1564129488794395]], "chi2_level": 0.997, "chi2_df": 3, "chi2_threshold": 13.931422665512084, "N_raw": 30, "N_roi": 30, "N_inlier": 30, "refit": true}
{"timestamp": "20:20:39.447396", "frame": 61, "mu": [-1.2917110658639759, 2.438427896071769, -0.27355627296595575], "Sigma": [[0.03067054808189163, 0.01700479480367213, -0.08021763425408557], [0.017004794803672126, 0.0348549699642305, -0.09407576907224949], [-0.08021763425408558, -0.09407576907224949, 0.32495709528913735]], "chi2_level": 0.997, "chi2_df": 3, "chi2_threshold": 13.931422665512084, "N_raw": 21, "N_roi": 21, "N_inlier": 21, "refit": true}
{"timestamp": "20:20:39.503317", "frame": 62, "mu": [-1.1607428487978373, 2.3723815392443464, -0.17914880276307138], "Sigma": [[0.00880148064386351, 0.0013685501309270366, -0.00695143589643921], [0.0013685501309270366, 0.003708031664049577, -0.000770270403729766], [-0.00695143589643921, -0.000770270403729766, 0.006083527473779107]], "chi2_level": 0.997, "chi2_df": 3, "chi2_threshold": 13.931422665512084, "N_raw": 36, "N_roi": 36, "N_inlier": 35, "refit": true}
{"timestamp": "20:20:39.561490", "frame": 63, "mu": [-1.079386998540187, 2.321964205019619, 0.8050051965404874], "Sigma": [[0.0036155359039688984, 0.0026198038201274234, 0.0022022151455758214], [0.002619803820127424, 0.007803249446376682, 0.020250822201549865], [0.0022022151455758222, 0.02025082220154987, 0.2584049995122671]], "chi2_level": 0.997, "chi2_df": 3, "chi2_threshold": 13.931422665512084, "N_raw": 20, "N_roi": 20, "N_inlier": 20, "refit": true}
{"timestamp": "20:20:39.611549", "frame": 64, "mu": [-1.1831381834234456, 2.668727832403183, -0.8809981963685317], "Sigma": [[0.016652750890464713, -0.008368103383680258, 0.028989280353380643], [-0.008368103383680258, 0.018786938756895986, -0.048662060340166007], [0.02898928035338064, -0.048662060340166007, 0.15502035188508742]], "chi2_level": 0.997, "chi2_df": 3, "chi2_threshold": 13.931422665512084, "N_raw": 18, "N_roi": 18, "N_inlier": 18, "refit": true}
{"timestamp": "20:20:39.665328", "frame": 65, "mu": [-0.9932778376060099, 2.366773305706041, 0.8384764391927092], "Sigma": [[0.011641699800530475, -0.002422571893740412, 0.03770047306117316], [-0.002422571893740412, 0.0019123625304626655, -0.01681861425074767], [0.03770047306117316, -0.01681861425074767, 0.2139217580881439]], "chi2_level": 0.997, "chi2_df": 3, "chi2_threshold": 13.931422665512084, "N_raw": 16, "N_roi": 16, "N_inlier": 16, "refit": true}
{"timestamp": "20:20:39.725912", "frame": 66, "mu": [-1.0452723200486917, 2.682185978531231, -0.6935930744517131], "Sigma": [[0.016249225949476066, -0.011646921445206813, 0.04365647478684191], [-0.011646921445206813, 0.02435791534824419, -0.07662505270332327], [0.04365647478684191, -0.07662505270332327, 0.26325019439901665]], "chi2_level": 0.997, "chi2_df": 3, "chi2_threshold": 13.931422665512084, "N_raw": 52, "N_roi": 52, "N_inlier": 52, "refit": true}
{"timestamp": "20:20:39.778872", "frame": 67, "mu": [-0.9572819833294686, 2.4276220313717736, 1.0880401157049924], "Sigma": [[0.009739372418726796, 0.001219240393045691, 0.022462665216720763], [0.001219240393045691, 0.003129709872194901, 0.0013155491549835456], [0.022462665216720766, 0.0013155491549835456, 0.27589977989584313]], "chi2_level": 0.997, "chi2_df": 3, "chi2_threshold": 13.931422665512084, "N_raw": 32, "N_roi": 32, "N_inlier": 31, "refit": true}
{"timestamp": "20:20:39.835782", "frame": 68, "mu": [-0.9164709200126818, 2.5163392656504366, 1.1742726918193027], "Sigma": [[0.008846473116553673, -0.0012558735349414202, -0.008008609823834952], [-0.00125587353494142, 0.003244409284597987, -0.0022739648055303523], [-0.008008609823834952, -0.0022739648055303523, 0.012278507805890243]], "chi2_level": 0.997, "chi2_df": 3, "chi2_threshold": 13.931422665512084, "N_raw": 48, "N_roi": 48, "N_inlier": 45, "refit": true}
{"timestamp": "20:20:39.893713", "frame": 69, "mu": [-0.8550667027726311, 2.7120284715467142, -0.29109167072295794], "Sigma": [[0.011247863996658414, 0.0010774337493307314, -0.003660657383788048], [0.0010774337493307307, 0.010786646512434623, -0.018589832212724554], [-0.0036606573837880477, -0.018589832212724554, 0.037739117986559406]], "chi2_level": 0.997, "chi2_df": 3, "chi2_threshold": 13.931422665512084, "N_raw": 68, "N_roi": 68, "N_inlier": 65, "refit": true}
{"timestamp": "20:20:39.949392", "frame": 70, "mu": [-0.8294185413879099, 2.5602178384940766, 0.9527207168604395], "Sigma": [[0.012906916623305485, -0.0008396926610278673, 0.017917178724185745], [-0.0008396926610278672, 0.004688586293819302, -0.0038418595532770045], [0.017917178724185745, -0.003841859553277004, 0.16236798701573538]], "chi2_level": 0.997, "chi2_df": 3, "chi2_threshold": 13.931422665512084, "N_raw": 71, "N_roi": 71, "N_inlier": 70, "refit": true}
{"timestamp": "20:20:40.001927", "frame": 71, "mu": [-0.8056854368282943, 2.6235784065772076, 1.1329623706736829], "Sigma": [[0.010013536722003289, -0.0006632557036861675, -0.0026304176498006585], [-0.0006632557036861674, 0.0014958867643832532, -0.0035153662863498867], [-0.0026304176498006585, -0.0035153662863498867, 0.02108037588201691]], "chi2_level": 0.997, "chi2_df": 3, "chi2_threshold": 13.931422665512084, "N_raw": 54, "N_roi": 53, "N_inlier": 51, "refit": true}
{"timestamp": "20:20:40.052246", "frame": 72, "mu": [-0.688233546209744, 2.7547855579901745, -0.18040230520106698], "Sigma": [[0.008086985241920228, 0.004043661694850166, -0.015210987360527211], [0.004043661694850166, 0.0056822226403228674, -0.01651056489429363], [-0.015210987360527211, -0.01651056489429363, 0.07200955284618289]], "chi2_level": 0.997, "chi2_df": 3, "chi2_threshold": 13.931422665512084, "N_raw": 33, "N_roi": 33, "N_inlier": 33, "refit": true}
{"timestamp": "20:20:40.118632", "frame": 73, "mu": [-0.7844990039705868, 2.871142249260199, -0.24497650341479224], "Sigma": [[0.012733454650718947, -0.001965653764871405, 0.008675871947878559], [-0.001965653764871405, 0.010487853540768135, -0.03157675222367437], [0.008675871947878559, -0.03157675222367437, 0.1775572576777522]], "chi2_level": 0.997, "chi2_df": 3, "chi2_threshold": 13.931422665512084, "N_raw": 104, "N_roi": 104, "N_inlier": 104, "refit": true}
{"timestamp": "20:20:40.174673", "frame": 74, "mu": [-0.7181324552459142, 2.761379065741429, 1.0139786663639831], "Sigma": [[0.013054034423362238, 0.0006805754203169754, 0.008719091745015391], [0.0006805754203169756, 0.008218265946256036, 0.019227015808404392], [0.008719091745015388, 0.019227015808404392, 0.2137095171451353]], "chi2_level": 0.997, "chi2_df": 3, "chi2_threshold": 13.931422665512084, "N_raw": 102, "N_roi": 102, "N_inlier": 102, "refit": true}
{"timestamp": "20:20:40.224329", "frame": 75, "mu": [-0.680334711754964, 2.732236736115644, 0.6047467943843747], "Sigma": [[0.01122174044899695, 0.004844384029750586, 0.02660278307476279], [0.004844384029750584, 0.012419632596583277, 0.012035610455488448], [0.02660278307476279, 0.012035610455488451, 0.49974710620205015]], "chi2_level": 0.997, "chi2_df": 3, "chi2_threshold": 13.931422665512084, "N_raw": 74, "N_roi": 74, "N_inlier": 74, "refit": true}
{"timestamp": "20:20:40.277272", "frame": 76, "mu": [-0.6311191898925418, 2.785507462730447, 1.0214285813644117], "Sigma": [[0.01433768911071055, 0.003868502668743369, 0.02523880185975698], [0.003868502668743369, 0.007410124561559481, 0.025347888554502058], [0.02523880185975698, 0.025347888554502058, 0.23257435358725204]], "chi2_level": 0.997, "chi2_df": 3, "chi2_threshold": 13.931422665512084, "N_raw": 58, "N_roi": 57, "N_inlier": 56, "refit": true}
{"timestamp": "20:20:40.335251", "frame": 77, "mu": [-0.6069939332695367, 2.998691676742386, -0.037062763273432026], "Sigma": [[0.014152686285340629, -0.001254336399881666, -0.002304888906390886], [-0.0012543363998816664, 0.016106069871830858, -0.03879238525041831], [-0.0023048889063908857, -0.03879238525041831, 0.1439336932596154]], "chi2_level": 0.997, "chi2_df": 3, "chi2_threshold": 13.931422665512084, "N_raw": 77, "N_roi": 77, "N_inlier": 76, "refit": true}
{"timestamp": "20:20:40.394341", "frame": 78, "mu": [-0.5481563563845001, 2.9430545193681312, 0.8508124670694184], "Sigma": [[0.01901962862739268, -0.003827842860955839, 0.005943686028643517], [-0.003827842860955838, 0.007056513326639554, -0.005838105914573459], [0.0059436860286435165, -0.005838105914573459, 0.32876783575029184]], "chi2_level": 0.997, "chi2_df": 3, "chi2_threshold": 13.931422665512084, "N_raw": 107, "N_roi": 107, "N_inlier": 106, "refit": true}
{"timestamp": "20:20:40.446386", "frame": 79, "mu": [-0.576228471133801, 3.2081568204963964, -0.5999025162094829], "Sigma": [[0.01861296252280354, -0.020545594739884362, 0.0647678777677137], [-0.020545594739884362, 0.04438764513372054, -0.12573383127110377], [0.0647678777677137, -0.12573383127110377, 0.5465951212953711]], "chi2_level": 0.997, "chi2_df": 3, "chi2_threshold": 13.931422665512084, "N_raw": 86, "N_roi": 84, "N_inlier": 84, "refit": true}
{"timestamp": "20:20:40.498467", "frame": 80, "mu": [-0.46478047458459415, 3.0111614227553614, 1.1984111549252414], "Sigma": [[0.015983645006828, -0.001674756353366393, -0.010735866445482217], [-0.0016747563533663931, 0.004242167623723347, -0.007566664346509091], [-0.010735866445482217, -0.00756666434650909, 0.10609853471642988]], "chi2_level": 0.997, "chi2_df": 3, "chi2_threshold": 13.931422665512084, "N_raw": 64, "N_roi": 61, "N_inlier": 59, "refit": true}
{"timestamp": "20:20:40.550750", "frame": 81, "mu": [-0.4192485825058325, 3.0257265703812712, 0.9639309912749813], "Sigma": [[0.012374980001323517, -0.0005168797573584837, 0.013353431073502054], [-0.0005168797573584837, 0.004527087666327407, -0.02577689825381992], [0.013353431073502058, -0.02577689825381992, 0.4045878564999948]], "chi2_level": 0.997, "chi2_df": 3, "chi2_threshold": 13.931422665512084, "N_raw": 51, "N_roi": 51, "N_inlier": 51, "refit": true}
{"timestamp": "20:20:40.608445", "frame": 82, "mu": [-0.3820719163353922, 3.244077221139549, -0.8196605855124045], "Sigma": [[0.013273612302149495, 0.012579619346465933, 0.044969757493586796], [0.012579619346465933, 0.055709333462734, -0.02851103064677472], [0.044969757493586796, -0.02851103064677472, 0.5495073837356391]], "chi2_level": 0.997, "chi2_df": 3, "chi2_threshold": 13.931422665512084, "N_raw": 64, "N_roi": 60, "N_inlier": 60, "refit": true}
{"timestamp": "20:20:40.669869", "frame": 83, "mu": [-0.330243297602694, 3.196483412335405, 0.09803485494028023], "Sigma": [[0.018201093815090857, 0.0001427239016743919, -0.0170561060305867], [0.0001427239016743919, 0.007478585831481898, -0.002821065092421953], [-0.0170561060305867, -0.0028210650924219527, 0.020452630346763]], "chi2_level": 0.997, "chi2_df": 3, "chi2_threshold": 13.931422665512084, "N_raw": 74, "N_roi": 71, "N_inlier": 67, "refit": true}
{"timestamp": "20:20:40.718685", "frame": 84, "mu": [-0.31104388213552336, 3.27412850464835, -0.1059224947443144], "Sigma": [[0.018916648356941103, -0.0030410696235329175, 0.015532090579827077], [-0.0030410696235329175, 0.007633684640070312, -0.006759138419477551], [0.015532090579827075, -0.006759138419477551, 0.10852449823970449]], "chi2_level": 0.997, "chi2_df": 3, "chi2_threshold": 13.931422665512084, "N_raw": 60, "N_roi": 57, "N_inlier": 55, "refit": true}
{"timestamp": "20:20:40.770401", "frame": 85, "mu": [-0.25615837016629706, 3.245578654140551, 1.2613106032419283], "Sigma": [[0.011279761786472822, -0.001084958593765162, 0.0009904036736615531], [-0.001084958593765162, 0.0035368538187517083, -0.003968405853372043], [0.0009904036736615523, -0.0039684058533720435, 0.18058875224366322]], "chi2_level": 0.997, "chi2_df": 3, "chi2_threshold": 13.931422665512084, "N_raw": 48, "N_roi": 48, "N_inlier": 47, "refit": true}
{"timestamp": "20:20:40.823579", "frame": 86, "mu": [-0.24241451686229148, 3.253500431999045, 1.1405098534139122], "Sigma": [[0.012099449962038144, 0.0006983017442209875, 0.022451752996207754], [0.0006983017442209875, 0.0029178350994942077, 0.011280856094921955], [0.022451752996207754, 0.011280856094921955, 0.1555825875090671]], "chi2_level": 0.997, "chi2_df": 3, "chi2_threshold": 13.931422665512084, "N_raw": 34, "N_roi": 34, "N_inlier": 34, "refit": true}
{"timestamp": "20:20:40.882838", "frame": 87, "mu": [-0.2925335476184959, 3.52944370964768, -0.5288055921768375], "Sigma": [[0.02803075685572765, -0.011503218159066266, 0.05452945787187741], [-0.011503218159066266, 0.013880294944716784, -0.05600650603992696], [0.05452945787187741, -0.056006506039926955, 0.24405972806261286]], "chi2_level": 0.997, "chi2_df": 3, "chi2_threshold": 13.931422665512084, "N_raw": 57, "N_roi": 55, "N_inlier": 54, "refit": true}
{"timestamp": "20:20:40.936294", "frame": 88, "mu": [-0.08656731184310264, 3.2908303098267586, 1.152428223264082], "Sigma": [[0.011697230327314808, -0.0014017465797161416, 0.0009063294481090995], [-0.0014017465797161416, 0.0030917579272868624, -0.005470357350340062], [0.0009063294481090998, -0.005470357350340062, 0.07597760406168938]], "chi2_level": 0.997, "chi2_df": 3, "chi2_threshold": 13.931422665512084, "N_raw": 48, "N_roi": 48, "N_inlier": 47, "refit": true}
{"timestamp": "20:20:40.991583", "frame": 89, "mu": [-0.05603097400680035, 3.431336919550425, -0.1614380292168486], "Sigma": [[0.013151118582942161, 0.00044150769718021997, 0.04010511412949992], [0.00044150769718021975, 0.009656110117285031, -0.005511914898352836], [0.04010511412949992, -0.005511914898352837, 0.21309028480535333]], "chi2_level": 0.997, "chi2_df": 3, "chi2_threshold": 13.931422665512084, "N_raw": 54, "N_roi": 51, "N_inlier": 50, "refit": true}
{"timestamp": "20:20:41.042737", "frame": 90, "mu": [-0.10090601059110249, 3.4157529745890813, 1.192351516263442], "Sigma": [[0.008214010972891409, -0.0018531815942167105, -0.01256928723766115], [-0.0018531815942167105, 0.0015162754819079067, 0.00447051916004854], [-0.01256928723766115, 0.00447051916004854, 0.18964216975294382]], "chi2_level": 0.997, "chi2_df": 3, "chi2_threshold": 13.931422665512084, "N_raw": 29, "N_roi": 29, "N_inlier": 27, "refit": true}
{"timestamp": "20:20:41.101834", "frame": 91, "mu": [0.02384403451382818, 3.3979312417425422, 1.313129519040734], "Sigma": [[0.016158651577288005, -0.0038623845322581923, -0.005235507373572092], [-0.003862384532258192, 0.005527968640658599, -0.002622623897235687], [-0.005235507373572092, -0.002622623897235687, 0.007789759595011197]], "chi2_level": 0.997, "chi2_df": 3, "chi2_threshold": 13.931422665512084, "N_raw": 61, "N_roi": 61, "N_inlier": 58, "refit": true}
{"timestamp": "20:20:41.158792", "frame": 92, "mu": [0.05179551941082251, 3.4438051803171765, 1.2413723649331767], "Sigma": [[0.02100106221130773, -0.0023857268482725146, -0.0008186222433222855], [-0.0023857268482725146, 0.004944613372889762, -0.005833720827815207], [-0.0008186222433222849, -0.005833720827815207, 0.011307899100429042]], "chi2_level": 0.997, "chi2_df": 3, "chi2_threshold": 13.931422665512084, "N_raw": 74, "N_roi": 74, "N_inlier": 71, "refit": true}
{"timestamp": "20:20:41.212270", "frame": 93, "mu": [0.09427603382176616, 3.480928469557712, 1.2434514162255146], "Sigma": [[0.018394963183210336, -0.003681971558106176, -0.012854449756168403], [-0.003681971558106175, 0.005319333550526761, 0.0012276896395854832], [-0.012854449756168403, 0.0012276896395854834, 0.01171070842492358]], "chi2_level": 0.997, "chi2_df": 3, "chi2_threshold": 13.931422665512084, "N_raw": 59, "N_roi": 59, "N_inlier": 54, "refit": true}
{"timestamp": "20:20:41.261395", "frame": 94, "mu": [0.110560275470139, 3.5127725346135987, 1.236457228762128], "Sigma": [[0.006480528513142548, -0.0007197401791259408, 0.010599858440564916], [-0.0007197401791259408, 0.003160243395589796, 0.008942401907711568], [0.010599858440564916, 0.008942401907711568, 0.24765641153497495]], "chi2_level": 0.997, "chi2_df": 3, "chi2_threshold": 13.931422665512084, "N_raw": 26, "N_roi": 26, "N_inlier": 26, "refit": true}
{"timestamp": "20:20:41.323482", "frame": 95, "mu": [0.17653506394479782, 3.579362266601797, -0.7855461196482404], "Sigma": [[0.012112492184451115, 0.001250136167034057, 0.016642258973390882], [0.001250136167034057, 0.005597024442766118, 0.020431128757112765], [0.016642258973390882, 0.020431128757112765, 0.4194388970921452]], "chi2_level": 0.997, "chi2_df": 3, "chi2_threshold": 13.931422665512084, "N_raw": 63, "N_roi": 63, "N_inlier": 62, "refit": true}
{"timestamp": "20:20:41.377398", "frame": 96, "mu": [0.16865103253295094, 3.677073578733775, -0.14069174556794806], "Sigma": [[0.015460753682213222, -1.2169601597260992e-05, 0.0490836489907613], [-1.216960159726091e-05, 0.008455951225966166, -0.005336948141245235], [0.0490836489907613, -0.005336948141245235, 0.30617708080114586]], "chi2_level": 0.997, "chi2_df": 3, "chi2_threshold": 13.931422665512084, "N_raw": 61, "N_roi": 61, "N_inlier": 58, "refit": true}
{"timestamp": "20:20:41.427611", "frame": 97, "mu": [0.2466003610552895, 3.6683009704256806, 1.2739246998336873], "Sigma": [[0.010053391935181141, -0.0018897813677735333, -0.0076968964178210685], [-0.0018897813677735333, 0.0056765729930695966, -0.023152733933067153], [-0.007696896417821069, -0.023152733933067153, 0.1806846962765361]], "chi2_level": 0.997, "chi2_df": 3, "chi2_threshold": 13.931422665512084, "N_raw": 29, "N_roi": 29, "N_inlier": 28, "refit": true}
{"timestamp": "20:20:41.485893", "frame": 98, "mu": [0.29072536113742203, 3.7018682347237126, 1.2936249189814555], "Sigma": [[0.015593494932294366, -0.003568997573340094, 0.00783103531806551], [-0.003568997573340094, 0.0039737724185282255, -0.009158099988992831], [0.00783103531806551, -0.009158099988992831, 0.05923121185141811]], "chi2_level": 0.997, "chi2_df": 3, "chi2_threshold": 13.931422665512084, "N_raw": 50, "N_roi": 50, "N_inlier": 49, "refit": true}
{"timestamp": "20:20:41.534425", "frame": 99, "mu": [0.316279829837146, 3.73755307044845, 0.8122565627174153], "Sigma": [[0.011932808561204551, -0.0042621585941493715, 0.012885801950597787], [-0.0042621585941493715, 0.005417525727459183, -0.023292183853921854], [0.012885801950597787, -0.02329218385392185, 0.2644085102307688]], "chi2_level": 0.997, "chi2_df": 3, "chi2_threshold": 13.931422665512084, "N_raw": 10, "N_roi": 10, "N_inlier": 10, "refit": true}
{"timestamp": "20:20:41.674707", "frame": 100, "mu": [0.3319810317006885, 3.840792599352667, 0.3679324049312626], "Sigma": [[0.014182651066498509, -0.002430572832975831, -0.009610853649055038], [-0.0024305728329758313, 0.010313330517655055, -0.009149926943004219], [-0.009610853649055038, -0.009149926943004219, 0.020468070357192045]], "chi2_level": 0.997, "chi2_df": 3, "chi2_threshold": 13.931422665512084, "N_raw": 40, "N_roi": 40, "N_inlier": 38, "refit": true}
{"timestamp": "20:20:41.678117", "frame": 101, "mu": [0.3980579116041725, 3.9954620792740188, 0.02769672937847961], "Sigma": [[0.004706255212802599, -0.006382636853760412, 0.006301637690485572], [-0.006382636853760412, 0.04154737309701617, -0.05758278987947093], [0.006301637690485572, -0.05758278987947093, 0.08621255070845074]], "chi2_level": 0.997, "chi2_df": 3, "chi2_threshold": 13.931422665512084, "N_raw": 10, "N_roi": 10, "N_inlier": 10, "refit": true}
{"timestamp": "20:20:41.707468", "frame": 102, "mu": [0.43269144687993794, 3.8801859132284644, 0.7615981047265012], "Sigma": [[0.004534424191209844, -0.00448305842687202, 0.021396331082336753], [-0.004483058426872019, 0.009403217740208322, -0.0400064547383996], [0.021396331082336753, -0.0400064547383996, 0.2856794136778217]], "chi2_level": 0.997, "chi2_df": 3, "chi2_threshold": 13.931422665512084, "N_raw": 10, "N_roi": 10, "N_inlier": 10, "refit": true}
{"timestamp": "20:20:41.758250", "frame": 103, "mu": [0.48914754097679247, 3.912147053048446, 0.28694089094513786], "Sigma": [[0.01235324603449694, 0.00016371622148448006, -0.009406651100570602], [0.00016371622148447987, 0.01702269636671783, -0.026103359688523564], [-0.0094066511005706, -0.026103359688523564, 0.05238872974332345]], "chi2_level": 0.997, "chi2_df": 3, "chi2_threshold": 13.931422665512084, "N_raw": 36, "N_roi": 36, "N_inlier": 35, "refit": true}
{"timestamp": "20:20:41.866916", "frame": 105, "mu": [0.49830912816892714, 3.9449298790729, 0.5353176540969755], "Sigma": [[0.011476464060336335, -0.002991986683023123, 0.010947631588802586], [-0.0029919866830231236, 0.002269390787420685, -0.00992597440938579], [0.010947631588802588, -0.00992597440938579, 0.1006635952026889]], "chi2_level": 0.997, "chi2_df": 3, "chi2_threshold": 13.931422665512084, "N_raw": 25, "N_roi": 25, "N_inlier": 24, "refit": true}
{"timestamp": "20:20:41.920886", "frame": 106, "mu": [0.5712417574140489, 3.55251565574358, 0.47258082623754066], "Sigma": [[0.005805083462045398, -0.009810909550705675, -0.00407686486721779], [-0.009810909550705675, 0.8972435428713635, 1.141975654612386], [-0.00407686486721779, 1.141975654612386, 1.5214048360713053]], "chi2_level": 0.997, "chi2_df": 3, "chi2_threshold": 13.931422665512084, "N_raw": 15, "N_roi": 15, "N_inlier": 15, "refit": true}
{"timestamp": "20:20:42.031667", "frame": 108, "mu": [0.7252784259140223, 3.990310893085128, 1.0601784198165778], "Sigma": [[0.012708878604007092, -0.004178846478116646, 0.009273442577206538], [-0.004178846478116646, 0.0024845373485276752, -0.005308546233344363], [0.009273442577206538, -0.005308546233344363, 0.03706286292152935]], "chi2_level": 0.997, "chi2_df": 3, "chi2_threshold": 13.931422665512084, "N_raw": 22, "N_roi": 21, "N_inlier": 20, "refit": true}
{"timestamp": "20:20:42.141833", "frame": 110, "mu": [0.8773694635847452, 4.16748160038902, 0.18761443628243119], "Sigma": [[0.014814085005476752, -0.0018067614957789648, -0.008417686222217625], [-0.0018067614957789648, 0.0025991295451508823, -0.00017489155826926392], [-0.008417686222217625, -0.00017489155826926414, 0.006539073605913809]], "chi2_level": 0.997, "chi2_df": 3, "chi2_threshold": 13.931422665512084, "N_raw": 24, "N_roi": 24, "N_inlier": 24, "refit": true}
{"timestamp": "20:20:42.195155", "frame": 111, "mu": [0.8565215271340764, 4.10742657916731, 1.1909133266532574], "Sigma": [[0.006005827262684004, -0.0011991699336504889, -0.004577473030716053], [-0.0011991699336504889, 0.004734223924013393, -0.017432497404502426], [-0.004577473030716053, -0.017432497404502426, 0.12233148736725782]], "chi2_level": 0.997, "chi2_df": 3, "chi2_threshold": 13.931422665512084, "N_raw": 14, "N_roi": 14, "N_inlier": 14, "refit": true}
{"timestamp": "20:20:42.308656", "frame": 113, "mu": [0.9002826711121129, 4.174281441599002, 1.133614708275912], "Sigma": [[0.020575598727300692, -0.0043076043607484195, -0.010593195312921402], [-0.0043076043607484195, 0.0028976443989153847, -0.00029641650707932], [-0.010593195312921402, -0.00029641650707932013, 0.011576613731522621]], "chi2_level": 0.997, "chi2_df": 3, "chi2_threshold": 13.931422665512084, "N_raw": 38, "N_roi": 38, "N_inlier": 36, "refit": true}
{"timestamp": "20:20:42.360342", "frame": 114, "mu": [0.9209396885606973, 4.206482363501088, 1.1760558047862277], "Sigma": [[0.006639946668311086, -0.0022646539386433425, -0.005101462778784124], [-0.0022646539386433425, 0.002237500062012872, -0.0016723498508885034], [-0.005101462778784124, -0.0016723498508885036, 0.016943668669277673]], "chi2_level": 0.997, "chi2_df": 3, "chi2_threshold": 13.931422665512084, "N_raw": 17, "N_roi": 17, "N_inlier": 17, "refit": true}
{"timestamp": "20:20:42.580042", "frame": 118, "mu": [1.0524302349757175, 4.3778055895789905, 0.9737761430178028], "Sigma": [[0.0056675046549823326, -0.0016480834950583936, -0.00045312632347349526], [-0.0016480834950583936, 0.005622065567068175, -0.006404049549665271], [-0.00045312632347349526, -0.006404049549665272, 0.08153587334541817]], "chi2_level": 0.997, "chi2_df": 3, "chi2_threshold": 13.931422665512084, "N_raw": 18, "N_roi": 17, "N_inlier": 17, "refit": true}
{"timestamp": "20:20:43.350528", "frame": 132, "mu": [1.4480619665203083, 4.76317320549326, 0.4413545956391982], "Sigma": [[0.013114378544277211, -0.0011147696661818315, 0.007752092012447411], [-0.0011147696661818315, 0.002017800074653916, 0.000543156839982522], [0.00775209201244741, 0.0005431568399825218, 0.017302406211073824]], "chi2_level": 0.997, "chi2_df": 3, "chi2_threshold": 13.931422665512084, "N_raw": 19, "N_roi": 19, "N_inlier": 18, "refit": true}
