{"timestamp": "20:15:03.187993", "frame": 11, "mu": [1.2320800782128392, 4.949623877257112, 0.6181016762374949], "Sigma": [[0.00818894958208964, -0.001977575546267003, -0.011068944986244427], [-0.0019775755462670026, 0.0012547808288245657, 0.0023626795041821738], [-0.011068944986244427, 0.0023626795041821738, 0.01756952612176349]], "chi2_level": 0.997, "chi2_df": 3, "chi2_threshold": 13.931422665512084, "N_raw": 45, "N_roi": 11, "N_inlier": 11, "refit": true}
{"timestamp": "20:15:03.241986", "frame": 12, "mu": [1.2587897453151726, 4.912750307638943, 0.4933794964091518], "Sigma": [[0.00947015663514206, -0.0019525175732104088, -0.008868432554281934], [-0.0019525175732104088, 0.0022301232174458795, 0.0015370299157864455], [-0.008868432554281934, 0.0015370299157864455, 0.010362866048076852]], "chi2_level": 0.997, "chi2_df": 3, "chi2_threshold": 13.931422665512084, "N_raw": 38, "N_roi": 16, "N_inlier": 16, "refit": true}
{"timestamp": "20:15:03.300076", "frame": 13, "mu": [1.150200232233109, 4.959506605284961, 0.8386429665284629], "Sigma": [[0.01478103223349162, -0.002778213272076378, -0.021387148135010463], [-0.002778213272076378, 0.0012117450731613272, 0.0030606320105640143], [-0.021387148135010463, 0.0030606320105640143, 0.036663408430795574]], "chi2_level": 0.997, "chi2_df": 3, "chi2_threshold": 13.931422665512084, "N_raw": 59, "N_roi": 15, "N_inlier": 15, "refit": true}
{"timestamp": "20:15:03.519112", "frame": 17, "mu": [1.0751161514387728, 4.91473656770937, 0.855749897237014], "Sigma": [[0.028647461813136578, -0.005506093466119405, -0.023170161768772433], [-0.005506093466119405, 0.002312729874732928, 0.0027358600569578704], [-0.023170161768772433, 0.0027358600569578704, 0.02789143203752682]], "chi2_level": 0.997, "chi2_df": 3, "chi2_threshold": 13.931422665512084, "N_raw": 48, "N_roi": 28, "N_inlier": 28, "refit": true}
{"timestamp": "20:15:03.577273", "frame": 18, "mu": [1.1648394042957688, 4.8908232306633845, 0.6649620002323942], "Sigma": [[0.029837743961039803, -0.005584822318594014, -0.023138613180792085], [-0.005584822318594014, 0.0029427257105804922, 0.002680302936651282], [-0.023138613180792085, 0.0026803029366512824, 0.025314909817109855]], "chi2_level": 0.997, "chi2_df": 3, "chi2_threshold": 13.931422665512084, "N_raw": 59, "N_roi": 37, "N_inlier": 37, "refit": true}
{"timestamp": "20:15:03.633712", "frame": 19, "mu": [1.1459118191867899, 4.832132799416792, 0.4454408568513477], "Sigma": [[0.03910476343064, -0.013515160278886832, -0.022447261434394267], [-0.013515160278886832, 0.005805469459525685, 0.004297328405217982], [-0.022447261434394267, 0.004297328405217982, 0.04252801685807707]], "chi2_level": 0.997, "chi2_df": 3, "chi2_threshold": 13.931422665512084, "N_raw": 62, "N_roi": 56, "N_inlier": 56, "refit": true}
{"timestamp": "20:15:03.739693", "frame": 21, "mu": [0.9143662243447495, 4.84759184185408, 0.9369990140846787], "Sigma": [[0.025266385199592796, -0.0071899252382268105, -0.01513804968081011], [-0.00718992523822681, 0.004179531154714905, 0.0026545102466674236], [-0.01513804968081011, 0.0026545102466674236, 0.018606376208017292]], "chi2_level": 0.997, "chi2_df": 3, "chi2_threshold": 13.931422665512084, "N_raw": 38, "N_roi": 35, "N_inlier": 34, "refit": true}
{"timestamp": "20:15:03.798632", "frame": 22, "mu": [1.1296170757054378, 4.922695818019917, -0.12638279688509216], "Sigma": [[0.04162693157426924, -0.0012260158431670548, -0.02571058521436332], [-0.0012260158431670548, 0.0022074290661420804, -0.001158471310166324], [-0.02571058521436332, -0.0011584713101663237, 0.020338161660173843]], "chi2_level": 0.997, "chi2_df": 3, "chi2_threshold": 13.931422665512084, "N_raw": 64, "N_roi": 36, "N_inlier": 36, "refit": true}
{"timestamp": "20:15:03.845786", "frame": 23, "mu": [1.0539761717996152, 4.694220759965029, 0.6505863156305638], "Sigma": [[0.014303991770503151, -0.000503843800325529, -0.009632596928139534], [-0.0005038438003255293, 0.0007456414810778671, -0.0008541152777129889], [-0.009632596928139534, -0.0008541152777129888, 0.01153719239404488]], "chi2_level": 0.997, "chi2_df": 3, "chi2_threshold": 13.931422665512084, "N_raw": 11, "N_roi": 10, "N_inlier": 10, "refit": true}
{"timestamp": "20:15:03.904576", "frame": 24, "mu": [1.0729877414065963, 4.662028677329416, 0.7069931349155809], "Sigma": [[0.023309728609253087, -0.0043524180068394615, -0.01521446651836231], [-0.0043524180068394615, 0.0025534993383119348, -0.0003007814475393007], [-0.015214466518362313, -0.0003007814475393007, 0.023273081611068232]], "chi2_level": 0.997, "chi2_df": 3, "chi2_threshold": 13.931422665512084, "N_raw": 39, "N_roi": 39, "N_inlier": 39, "refit": true}
{"timestamp": "20:15:03.959512", "frame": 25, "mu": [1.0081365436103364, 4.815511341760097, 0.09492513698698742], "Sigma": [[0.031507148724506884, -0.0035047268265951666, -0.023686653013974206], [-0.0035047268265951666, 0.0035111245028890134, 0.0014201477633556826], [-0.023686653013974202, 0.001420147763355683, 0.020276591378035856]], "chi2_level": 0.997, "chi2_df": 3, "chi2_threshold": 13.931422665512084, "N_raw": 39, "N_roi": 39, "N_inlier": 39, "refit": true}
{"timestamp": "20:15:04.014542", "frame": 26, "mu": [1.118442441091693, 4.57015777935402, 0.7546969053516053], "Sigma": [[0.026411339958606228, -0.006698029427418843, -0.006451002165362513], [-0.006698029427418843, 0.0040558120570186795, -0.00011297846889265299], [-0.0064510021653625136, -0.00011297846889265302, 0.00574087800328905]], "chi2_level": 0.997, "chi2_df": 3, "chi2_threshold": 13.931422665512084, "N_raw": 39, "N_roi": 39, "N_inlier": 38, "refit": true}
{"timestamp": "20:15:04.068861", "frame": 27, "mu": [1.1323481497608727, 4.720238412225944, -0.36554973472850166], "Sigma": [[0.023596200898307586, -0.002622951595369503, 0.0030221396545118324], [-0.002622951595369503, 0.003543034150371955, 0.004421606585180517], [0.003022139654511833, 0.004421606585180517, 0.010205684337188868]], "chi2_level": 0.997, "chi2_df": 3, "chi2_threshold": 13.931422665512084, "N_raw": 34, "N_roi": 34, "N_inlier": 33, "refit": true}
{"timestamp": "20:15:04.178538", "frame": 29, "mu": [1.037072242439587, 4.456479119910613, 0.7331013214642695], "Sigma": [[0.028883880681839967, -0.0027541547618358804, 0.0002488491375084934], [-0.002754154761835881, 0.0037692514124771995, 0.0002444994011678462], [0.00024884913750849346, 0.00024449940116784614, 0.00017112558810198868]], "chi2_level": 0.997, "chi2_df": 3, "chi2_threshold": 13.931422665512084, "N_raw": 40, "N_roi": 40, "N_inlier": 39, "refit": true}
{"timestamp": "20:15:04.234475", "frame": 30, "mu": [1.1070872479195566, 4.407022651818841, 0.6725412107769694], "Sigma": [[0.02706162468701151, -0.00789545190379166, -0.010544639356391713], [-0.00789545190379166, 0.006145620379431238, 0.0038062343204955883], [-0.010544639356391713, 0.003806234320495588, 0.005440735964348498]], "chi2_level": 0.997, "chi2_df": 3, "chi2_threshold": 13.931422665512084, "N_raw": 40, "N_roi": 40, "N_inlier": 39, "refit": true}
{"timestamp": "20:15:04.289956", "frame": 31, "mu": [1.0250420008540546, 4.316547409931125, 0.533215459024525], "Sigma": [[0.03350566142629943, -0.008774465729779673, -0.0056278538930458555], [-0.008774465729779673, 0.003571154290043313, -0.000318597610209844], [-0.0056278538930458555, -0.0003185976102098441, 0.008000186714029706]], "chi2_level": 0.997, "chi2_df": 3, "chi2_threshold": 13.931422665512084, "N_raw": 44, "N_roi": 44, "N_inlier": 43, "refit": true}
{"timestamp": "20:15:04.347506", "frame": 32, "mu": [0.9702919786968697, 4.297186996456034, 0.5465848999390323], "Sigma": [[0.026262620984833493, -0.005205101498125289, 0.0035369202605245926], [-0.0052051014981252895, 0.0019870105469862952, -0.0034558368196390015], [0.003536920260524593, -0.0034558368196390015, 0.029314374927362677]], "chi2_level": 0.997, "chi2_df": 3, "chi2_threshold": 13.931422665512084, "N_raw": 56, "N_roi": 51, "N_inlier": 50, "refit": true}
{"timestamp": "20:15:04.402779", "frame": 33, "mu": [0.9881495071166253, 4.233567274800358, 0.5525778929913927], "Sigma": [[0.026043482814586644, -0.009686942762712147, -0.015023140220045821], [-0.009686942762712147, 0.004823160050220951, 0.003925259878274296], [-0.01502314022004582, 0.003925259878274296, 0.04737814038283745]], "chi2_level": 0.997, "chi2_df": 3, "chi2_threshold": 13.931422665512084, "N_raw": 55, "N_roi": 53, "N_inlier": 52, "refit": true}
{"timestamp": "20:15:04.456728", "frame": 34, "mu": [1.011580018683571, 4.145801156577968, 0.49294282394009353], "Sigma": [[0.027056775959682686, -0.0007184180087513117, 0.004703743845880814], [-0.0007184180087513116, 0.0018658077325161215, -0.0021819925830029083], [0.004703743845880814, -0.0021819925830029088, 0.011518475248720945]], "chi2_level": 0.997, "chi2_df": 3, "chi2_threshold": 13.931422665512084, "N_raw": 49, "N_roi": 48, "N_inlier": 47, "refit": true}
{"timestamp": "20:15:04.507934", "frame": 35, "mu": [0.9996562652527088, 4.131902691090092, 0.7529905579736675], "Sigma": [[0.015749919608774234, -0.005618962911273426, -0.004194039788079562], [-0.0056189629112734256, 0.002822989908738033, -0.000994734771431553], [-0.004194039788079562, -0.0009947347714315531, 0.01464730664772833]], "chi2_level": 0.997, "chi2_df": 3, "chi2_threshold": 13.931422665512084, "N_raw": 32, "N_roi": 32, "N_inlier": 32, "refit": true}
{"timestamp": "20:15:04.562049", "frame": 36, "mu": [1.0375812621865372, 4.011945176641353, 0.5851556947653705], "Sigma": [[0.017662302558231494, -0.0035199195532113555, -0.011562670034587219], [-0.0035199195532113555, 0.002384455446429354, 0.00278308935984077], [-0.011562670034587219, 0.00278308935984077, 0.01618739765080178]], "chi2_level": 0.997, "chi2_df": 3, "chi2_threshold": 13.931422665512084, "N_raw": 16, "N_roi": 16, "N_inlier": 14, "refit": true}
{"timestamp": "20:15:04.619405", "frame": 37, "mu": [1.1003801317956798, 3.98257100819943, 0.6095539284224202], "Sigma": [[0.022288726742717205, -0.006060713113190841, -0.012384043610389894], [-0.006060713113190842, 0.004649303392821975, 0.002338727246413847], [-0.012384043610389896, 0.002338727246413847, 0.009291655372123243]], "chi2_level": 0.997, "chi2_df": 3, "chi2_threshold": 13.931422665512084, "N_raw": 37, "N_roi": 37, "N_inlier": 37, "refit": true}
{"timestamp": "20:15:04.677442", "frame": 38, "mu": [1.0658756665716547, 3.9849087887868415, 0.6917275803214272], "Sigma": [[0.04339249130271283, -0.00949495460764969, -0.020259930144455846], [-0.009494954607649687, 0.005748893850035914, 0.0043676411071575496], [-0.020259930144455842, 0.0043676411071575496, 0.011649751020032434]], "chi2_level": 0.997, "chi2_df": 3, "chi2_threshold": 13.931422665512084, "N_raw": 56, "N_roi": 56, "N_inlier": 55, "refit": true}
{"timestamp": "20:15:04.731412", "frame": 39, "mu": [0.9982779971208688, 3.9553201049663316, 0.7070116734557794], "Sigma": [[0.023473504611289425, -0.005613090019729379, -0.012668075133187327], [-0.005613090019729379, 0.004676732334253098, 0.0003289230962841505], [-0.012668075133187327, 0.00032892309628415026, 0.017160721230850738]], "chi2_level": 0.997, "chi2_df": 3, "chi2_threshold": 13.931422665512084, "N_raw": 54, "N_roi": 54, "N_inlier": 53, "refit": true}
{"timestamp": "20:15:04.787734", "frame": 40, "mu": [1.0543820539496205, 3.8875040596585335, 0.6129551580590871], "Sigma": [[0.028829875896878746, -0.010424875478221112, -0.013715762046620837], [-0.010424875478221112, 0.009849472583088891, 0.005790015875451335], [-0.013715762046620835, 0.005790015875451335, 0.008167356858022702]], "chi2_level": 0.997, "chi2_df": 3, "chi2_threshold": 13.931422665512084, "N_raw": 57, "N_roi": 57, "N_inlier": 55, "refit": true}
{"timestamp": "20:15:04.843167", "frame": 41, "mu": [0.9811731179818576, 3.8341512453713116, 0.6698349578706724], "Sigma": [[0.030297815922612666, -0.008194577894054176, -0.016887199456361048], [-0.008194577894054176, 0.004968244934677751, 0.0005013921248410869], [-0.016887199456361048, 0.0005013921248410869, 0.030559999835890996]], "chi2_level": 0.997, "chi2_df": 3, "chi2_threshold": 13.931422665512084, "N_raw": 68, "N_roi": 68, "N_inlier": 68, "refit": true}
{"timestamp": "20:15:04.897822", "frame": 42, "mu": [1.026612568915198, 3.7464841141789167, 0.5883966482092648], "Sigma": [[0.03257014804142872, -0.011666111934083168, -0.01679904829119952], [-0.011666111934083168, 0.007037626673453825, 0.002935662594077981], [-0.01679904829119952, 0.002935662594077981, 0.01662109824202718]], "chi2_level": 0.997, "chi2_df": 3, "chi2_threshold": 13.931422665512084, "N_raw": 61, "N_roi": 61, "N_inlier": 60, "refit": true}
{"timestamp": "20:15:04.953250", "frame": 43, "mu": [1.0284124878080696, 3.7467578422226056, 0.771926391061205], "Sigma": [[0.026173759723145396, -0.010624944032480784, -0.02121948304697463], [-0.010624944032480783, 0.006659022169065055, 0.005438811486811797], [-0.02121948304697463, 0.005438811486811796, 0.03276820182504282]], "chi2_level": 0.997, "chi2_df": 3, "chi2_threshold": 13.931422665512084, "N_raw": 57, "N_roi": 57, "N_inlier": 55, "refit": true}
{"timestamp": "20:15:05.011374", "frame": 44, "mu": [1.009834218206054, 3.6854321425316123, 0.6192730033727689], "Sigma": [[0.03199272721214109, -0.012988480427739235, -0.02744909667452325], [-0.012988480427739233, 0.009889069439217918, 0.00019943544800085793], [-0.02744909667452325, 0.0001994354480008575, 0.061533010184041295]], "chi2_level": 0.997, "chi2_df": 3, "chi2_threshold": 13.931422665512084, "N_raw": 85, "N_roi": 85, "N_inlier": 83, "refit": true}
{"timestamp": "20:15:05.063913", "frame": 45, "mu": [1.0340426253226298, 3.596907658951297, 0.6740223710670974], "Sigma": [[0.026990094878003072, -0.008444086093218027, -0.016525168234541806], [-0.008444086093218027, 0.005205716371182885, 0.000535789622181045], [-0.01652516823454181, 0.0005357896221810451, 0.026919114614687642]], "chi2_level": 0.997, "chi2_df": 3, "chi2_threshold": 13.931422665512084, "N_raw": 67, "N_roi": 67, "N_inlier": 66, "refit": true}
{"timestamp": "20:15:05.121230", "frame": 46, "mu": [1.037551378660114, 3.5363144024216986, 0.6170032364131413], "Sigma": [[0.03993872484637898, -0.0052390185544683495, -0.015599404719041372], [-0.0052390185544683495, 0.0034257280041667367, -0.002719626247674663], [-0.015599404719041372, -0.002719626247674663, 0.021458082060787455]], "chi2_level": 0.997, "chi2_df": 3, "chi2_threshold": 13.931422665512084, "N_raw": 81, "N_roi": 81, "N_inlier": 80, "refit": true}
{"timestamp": "20:15:05.167805", "frame": 47, "mu": [1.0446337755245183, 3.4984517799514463, 0.5764780070064104], "Sigma": [[0.013680483979270595, -0.0014239501960694738, -0.006498378923863961], [-0.0014239501960694738, 0.0007795467104688686, -0.0011313723912516997], [-0.006498378923863961, -0.0011313723912516995, 0.01897137458535821]], "chi2_level": 0.997, "chi2_df": 3, "chi2_threshold": 13.931422665512084, "N_raw": 24, "N_roi": 24, "N_inlier": 23, "refit": true}
{"timestamp": "20:15:05.226448", "frame": 48, "mu": [1.0254800896857699, 3.641171092358887, -0.3341873478031582], "Sigma": [[0.022508922547727756, -0.0039080068625448605, -0.014686064306768491], [-0.0039080068625448605, 0.0038094476117253844, -0.0004878899727070749], [-0.014686064306768491, -0.0004878899727070747, 0.014006657899752415]], "chi2_level": 0.997, "chi2_df": 3, "chi2_threshold": 13.931422665512084, "N_raw": 43, "N_roi": 43, "N_inlier": 43, "refit": true}
{"timestamp": "20:15:05.281576", "frame": 49, "mu": [0.9605846586953231, 3.3833828465766684, 0.6861285701751488], "Sigma": [[0.02259474354819402, 0.0012046566695113514, 0.00790185919842685], [0.0012046566695113514, 0.0020655167256271893, -0.0027722362195557446], [0.00790185919842685, -0.0027722362195557446, 0.012126458891429732]], "chi2_level": 0.997, "chi2_df": 3, "chi2_threshold": 13.931422665512084, "N_raw": 53, "N_roi": 53, "N_inlier": 53, "refit": true}
{"timestamp": "20:15:05.338173", "frame": 50, "mu": [0.9728538388406989, 3.3399287598531227, 0.720176216048987], "Sigma": [[0.022861394141416025, -0.006956212029372918, -0.0053015350020578856], [-0.006956212029372918, 0.003861598342236218, -0.0021263428061967194], [-0.005301535002057886, -0.002126342806196719, 0.025172394839635435]], "chi2_level": 0.997, "chi2_df": 3, "chi2_threshold": 13.931422665512084, "N_raw": 63, "N_roi": 63, "N_inlier": 62, "refit": true}
{"timestamp": "20:15:05.393063", "frame": 51, "mu": [0.9095999689918532, 3.3010198057659736, 0.68504273423301], "Sigma": [[0.02348959408230327, -0.006872842456048928, -0.007515013631511575], [-0.006872842456048929, 0.005278210891106332, -0.0005046282537914232], [-0.007515013631511575, -0.0005046282537914232, 0.013932293621218473]], "chi2_level": 0.997, "chi2_df": 3, "chi2_threshold": 13.931422665512084, "N_raw": 61, "N_roi": 61, "N_inlier": 59, "refit": true}
{"timestamp": "20:15:05.447118", "frame": 52, "mu": [1.0301407332987143, 3.198919542774677, 0.6900910032925395], "Sigma": [[0.022500688079729596, -0.012211641100713643, -0.009171482246691114], [-0.012211641100713641, 0.008824120457711646, 0.0031292983911520686], [-0.009171482246691115, 0.003129298391152068, 0.009184598887568627]], "chi2_level": 0.997, "chi2_df": 3, "chi2_threshold": 13.931422665512084, "N_raw": 49, "N_roi": 49, "N_inlier": 47, "refit": true}
{"timestamp": "20:15:05.504120", "frame": 53, "mu": [1.0431501697549284, 3.1376656834085255, 0.6011683403794421], "Sigma": [[0.03955048617232433, -0.0034354449174328464, -0.004709876167320524], [-0.003435444917432846, 0.00242175884735555, -0.0017771666213631698], [-0.004709876167320524, -0.0017771666213631698, 0.014403822615154398]], "chi2_level": 0.997, "chi2_df": 3, "chi2_threshold": 13.931422665512084, "N_raw": 75, "N_roi": 75, "N_inlier": 75, "refit": true}
{"timestamp": "20:15:05.559905", "frame": 54, "mu": [1.0482062251150657, 3.3238958200627593, -0.5174876130142795], "Sigma": [[0.03503239674425637, 0.0006938794787675945, 0.002671050278143053], [0.0006938794787675943, 0.005832681452012556, 0.000831313304476454], [0.0026710502781430545, 0.0008313133044764551, 0.04534865858962596]], "chi2_level": 0.997, "chi2_df": 3, "chi2_threshold": 13.931422665512084, "N_raw": 75, "N_roi": 75, "N_inlier": 73, "refit": true}
{"timestamp": "20:15:05.617950", "frame": 55, "mu": [1.0165136058073125, 3.3059983325639606, -0.4961659620173621], "Sigma": [[0.031889987794892154, -0.004749889587929965, -0.01938786506886961], [-0.004749889587929965, 0.006664300558730994, -0.006908090481218154], [-0.01938786506886961, -0.006908090481218154, 0.030223755445782225]], "chi2_level": 0.997, "chi2_df": 3, "chi2_threshold": 13.931422665512084, "N_raw": 92, "N_roi": 92, "N_inlier": 90, "refit": true}
{"timestamp": "20:15:05.669777", "frame": 56, "mu": [1.053008507183463, 2.9790973835289547, 0.7176321857798186], "Sigma": [[0.022712563237680547, -0.003743923796728341, 0.0010848386191266509], [-0.003743923796728341, 0.001239719648907368, -0.0013552473017579866], [0.0010848386191266513, -0.0013552473017579866, 0.04447075031758736]], "chi2_level": 0.997, "chi2_df": 3, "chi2_threshold": 13.931422665512084, "N_raw": 74, "N_roi": 74, "N_inlier": 73, "refit": true}
{"timestamp": "20:15:05.719617", "frame": 57, "mu": [0.919708253674161, 2.902463984574658, 0.6178082292249896], "Sigma": [[0.011496849231159468, -0.0029327178373190132, -0.008326573861996131], [-0.002932717837319013, 0.0011729350303534734, 0.001289522060163255], [-0.008326573861996131, 0.001289522060163255, 0.019492078933828885]], "chi2_level": 0.997, "chi2_df": 3, "chi2_threshold": 13.931422665512084, "N_raw": 23, "N_roi": 23, "N_inlier": 23, "refit": true}
{"timestamp": "20:15:05.776132", "frame": 58, "mu": [0.957607195120506, 2.872037697400777, 0.7358365215082541], "Sigma": [[0.008722605712697102, -0.00609650391696929, -0.010969219814983243], [-0.006096503916969291, 0.03632973411786726, 0.027169613790475364], [-0.010969219814983241, 0.027169613790475364, 0.06978489745563221]], "chi2_level": 0.997, "chi2_df": 3, "chi2_threshold": 13.931422665512084, "N_raw": 47, "N_roi": 47, "N_inlier": 45, "refit": true}
{"timestamp": "20:15:05.834709", "frame": 59, "mu": [1.0257685838863269, 2.8260794364088198, 0.7447277878620505], "Sigma": [[0.01939108407781878, -0.00754712699903678, -0.007836038021716219], [-0.00754712699903678, 0.005509496859133867, -0.0016100235738921776], [-0.007836038021716219, -0.0016100235738921776, 0.016013621895048815]], "chi2_level": 0.997, "chi2_df": 3, "chi2_threshold": 13.931422665512084, "N_raw": 71, "N_roi": 71, "N_inlier": 70, "refit": true}
{"timestamp": "20:15:05.882342", "frame": 60, "mu": [0.9480299427542732, 2.9766593285410403, -0.4852477742206321], "Sigma": [[0.010744320705564815, -0.00020843401703423076, 0.00312985925375243], [-0.00020843401703423054, 0.011455014736465768, -0.039586084602479726], [0.003129859253752431, -0.039586084602479726, 0.15502801669685634]], "chi2_level": 0.997, "chi2_df": 3, "chi2_threshold": 13.931422665512084, "N_raw": 21, "N_roi": 21, "N_inlier": 19, "refit": true}
{"timestamp": "20:15:05.945179", "frame": 61, "mu": [0.9805230379564183, 2.7016612863789247, 0.7072895556938518], "Sigma": [[0.01871049846067636, -0.0047882822880861865, -0.0029988356918729956], [-0.0047882822880861865, 0.002498086689964248, -0.0033156063832987703], [-0.0029988356918729956, -0.00331560638329877, 0.02104472079464229]], "chi2_level": 0.997, "chi2_df": 3, "chi2_threshold": 13.931422665512084, "N_raw": 75, "N_roi": 75, "N_inlier": 72, "refit": true}
{"timestamp": "20:15:06.002913", "frame": 62, "mu": [0.9049911601588883, 2.6630229699719616, 0.7743372720350772], "Sigma": [[0.03094968279792578, -0.004312475394453813, 0.00916243841031069], [-0.004312475394453813, 0.0012414144315401803, -0.003502122124962346], [0.00916243841031069, -0.003502122124962346, 0.024618716533608496]], "chi2_level": 0.997, "chi2_df": 3, "chi2_threshold": 13.931422665512084, "N_raw": 81, "N_roi": 81, "N_inlier": 77, "refit": true}
{"timestamp": "20:15:06.055352", "frame": 63, "mu": [0.8728530426788107, 2.859174525298249, -0.5180797912314624], "Sigma": [[0.02182512452429991, -0.002720897275051844, -0.005298189541754954], [-0.002720897275051844, 0.005843793808640355, -0.005976917174581757], [-0.005298189541754954, -0.005976917174581757, 0.015269764753931181]], "chi2_level": 0.997, "chi2_df": 3, "chi2_threshold": 13.931422665512084, "N_raw": 81, "N_roi": 81, "N_inlier": 79, "refit": true}
{"timestamp": "20:15:06.111993", "frame": 64, "mu": [0.875532549335421, 2.83134633243312, -0.5301264956214129], "Sigma": [[0.022424919659693968, -0.0017462958340647866, -0.015947503270985028], [-0.0017462958340647863, 0.008202391126599283, -0.014485993731308752], [-0.015947503270985028, -0.014485993731308752, 0.05582633548854279]], "chi2_level": 0.997, "chi2_df": 3, "chi2_threshold": 13.931422665512084, "N_raw": 92, "N_roi": 92, "N_inlier": 90, "refit": true}
{"timestamp": "20:15:06.164693", "frame": 65, "mu": [0.874398864122529, 2.5394847604101027, 0.8464655074542854], "Sigma": [[0.017085542614566, -0.0049910015529845125, -0.01160895394004565], [-0.0049910015529845125, 0.004184091165782627, -0.00029091790670776526], [-0.01160895394004565, -0.00029091790670776537, 0.016900317809032825]], "chi2_level": 0.997, "chi2_df": 3, "chi2_threshold": 13.931422665512084, "N_raw": 71, "N_roi": 71, "N_inlier": 67, "refit": true}
{"timestamp": "20:15:06.225560", "frame": 66, "mu": [0.970151016801723, 2.6163871267191254, -0.12401645085852074], "Sigma": [[0.021845557978259655, -0.013401537262002005, 0.05556336753586947], [-0.013401537262002005, 0.024081721150133496, -0.09390301022259565], [0.05556336753586947, -0.09390301022259565, 0.4049915249201315]], "chi2_level": 0.997, "chi2_df": 3, "chi2_threshold": 13.931422665512084, "N_raw": 103, "N_roi": 103, "N_inlier": 101, "refit": true}
{"timestamp": "20:15:06.270709", "frame": 67, "mu": [0.9141294912349354, 2.3730375752242843, 0.845871898137531], "Sigma": [[0.013420691859440682, -0.0005523250637412096, -0.001240761850570455], [-0.0005523250637412095, 0.0017381887675436327, -0.0020158416703301334], [-0.0012407618505704552, -0.0020158416703301334, 0.005463300709745597]], "chi2_level": 0.997, "chi2_df": 3, "chi2_threshold": 13.931422665512084, "N_raw": 45, "N_roi": 45, "N_inlier": 42, "refit": true}
{"timestamp": "20:15:06.329387", "frame": 68, "mu": [0.8776136735757971, 2.326281845728622, 0.9366952799823739], "Sigma": [[0.013723911069659934, -0.0031307748154530846, 0.005838870853265781], [-0.003130774815453085, 0.002209636964101693, -0.005551199479305432], [0.005838870853265781, -0.005551199479305432, 0.019966113586168992]], "chi2_level": 0.997, "chi2_df": 3, "chi2_threshold": 13.931422665512084, "N_raw": 72, "N_roi": 72, "N_inlier": 68, "refit": true}
{"timestamp": "20:15:06.385734", "frame": 69, "mu": [0.9267400149091652, 2.2819965542867626, 1.0361118204671835], "Sigma": [[0.011701010893038866, -0.002268093213819051, 0.009533289073178955], [-0.002268093213819051, 0.0024013554083731625, -0.0040839842016828515], [0.009533289073178956, -0.0040839842016828515, 0.04211415635027304]], "chi2_level": 0.997, "chi2_df": 3, "chi2_threshold": 13.931422665512084, "N_raw": 76, "N_roi": 76, "N_inlier": 71, "refit": true}
{"timestamp": "20:15:06.441362", "frame": 70, "mu": [0.9617042393716838, 2.218668194994451, 1.087868356575026], "Sigma": [[0.01700742630412288, -0.004483439114675458, -0.005793103874273185], [-0.004483439114675459, 0.0044659860816733165, -0.003631809619297752], [-0.005793103874273186, -0.003631809619297752, 0.012008629289114768]], "chi2_level": 0.997, "chi2_df": 3, "chi2_threshold": 13.931422665512084, "N_raw": 82, "N_roi": 82, "N_inlier": 81, "refit": true}
{"timestamp": "20:15:06.499294", "frame": 71, "mu": [0.90994785405325, 2.179887841455761, 1.022037010434306], "Sigma": [[0.013616856893446327, -0.0032146494661868096, 0.008230739559366672], [-0.0032146494661868096, 0.0026362954728718037, -0.007757621297886787], [0.008230739559366672, -0.007757621297886787, 0.04157060151256767]], "chi2_level": 0.997, "chi2_df": 3, "chi2_threshold": 13.931422665512084, "N_raw": 98, "N_roi": 98, "N_inlier": 94, "refit": true}
{"timestamp": "20:15:06.552154", "frame": 72, "mu": [0.8566316911405301, 2.1495476335826966, 0.9854850175711575], "Sigma": [[0.01706552812108987, -0.006418090508392142, 0.0006130684559008044], [-0.006418090508392142, 0.0058831446821060816, -0.005063435575633903], [0.0006130684559008046, -0.005063435575633903, 0.010228598690077792]], "chi2_level": 0.997, "chi2_df": 3, "chi2_threshold": 13.931422665512084, "N_raw": 87, "N_roi": 87, "N_inlier": 85, "refit": true}
{"timestamp": "20:15:06.611068", "frame": 73, "mu": [0.8895106493711343, 2.2615121690756026, -0.43052526295705457], "Sigma": [[0.021789064128237758, -0.011012202615777468, 0.014419884555311908], [-0.01101220261577747, 0.014111112005909606, -0.0255089131809687], [0.014419884555311908, -0.0255089131809687, 0.056102699042716336]], "chi2_level": 0.997, "chi2_df": 3, "chi2_threshold": 13.931422665512084, "N_raw": 112, "N_roi": 112, "N_inlier": 108, "refit": true}
{"timestamp": "20:15:06.665305", "frame": 74, "mu": [0.8229444966569697, 2.2632363833013516, -0.5932879922409716], "Sigma": [[0.01965770625654541, -0.007053659308386605, 5.086806077912688e-05], [-0.007053659308386603, 0.00635210105871422, -0.008664170036522669], [5.086806077912677e-05, -0.008664170036522667, 0.030006064800264107]], "chi2_level": 0.997, "chi2_df": 3, "chi2_threshold": 13.931422665512084, "N_raw": 107, "N_roi": 107, "N_inlier": 102, "refit": true}
{"timestamp": "20:15:06.718031", "frame": 75, "mu": [0.812369150975928, 2.0041500847361466, 1.0282429952515642], "Sigma": [[0.026393889754845665, -0.011502340627553785, 0.03231281704329986], [-0.011502340627553785, 0.007175710434500109, -0.016744860309205162], [0.03231281704329986, -0.016744860309205162, 0.07583741600773009]], "chi2_level": 0.997, "chi2_df": 3, "chi2_threshold": 13.931422665512084, "N_raw": 87, "N_roi": 86, "N_inlier": 83, "refit": true}
{"timestamp": "20:15:06.774641", "frame": 76, "mu": [0.8321182804171314, 1.9377192108194607, 0.9204676894341893], "Sigma": [[0.015417953044277921, -0.0060872809959690135, 0.01689496983460201], [-0.006087280995969014, 0.003692993555158245, -0.008536142344103367], [0.01689496983460201, -0.008536142344103367, 0.062073372843844656]], "chi2_level": 0.997, "chi2_df": 3, "chi2_threshold": 13.931422665512084, "N_raw": 102, "N_roi": 102, "N_inlier": 100, "refit": true}
{"timestamp": "20:15:06.823619", "frame": 77, "mu": [0.8495432703306516, 1.8662345454455895, 1.10206359752095], "Sigma": [[0.024217456888830736, -0.010875365688396742, 0.03244604803826283], [-0.010875365688396742, 0.007075422739476111, -0.018881665936189784], [0.03244604803826283, -0.018881665936189784, 0.08393466899255982]], "chi2_level": 0.997, "chi2_df": 3, "chi2_threshold": 13.931422665512084, "N_raw": 66, "N_roi": 66, "N_inlier": 65, "refit": true}
{"timestamp": "20:15:06.879218", "frame": 78, "mu": [0.9006867707394057, 1.7963780051036418, 1.1116435030251564], "Sigma": [[0.00812204768366261, -0.0036974532182080613, -0.0010573036562590288], [-0.003697453218208061, 0.0032350376259965346, -0.005041395874671638], [-0.0010573036562590281, -0.005041395874671638, 0.024523730743787855]], "chi2_level": 0.997, "chi2_df": 3, "chi2_threshold": 13.931422665512084, "N_raw": 71, "N_roi": 71, "N_inlier": 68, "refit": true}
{"timestamp": "20:15:06.943120", "frame": 79, "mu": [0.9769334921251253, 1.7051136182560618, 0.9717219477182134], "Sigma": [[0.02981301024342098, -0.011484502599626824, -0.015936151364018325], [-0.011484502599626824, 0.005477129157261409, 0.003305077286388911], [-0.015936151364018325, 0.003305077286388911, 0.041575376963726415]], "chi2_level": 0.997, "chi2_df": 3, "chi2_threshold": 13.931422665512084, "N_raw": 128, "N_roi": 128, "N_inlier": 121, "refit": true}
{"timestamp": "20:15:06.993440", "frame": 80, "mu": [1.0261571270650114, 1.7957373936412968, -0.2647112806317722], "Sigma": [[0.01948149937551763, -0.010267635221820746, 0.04102259985174496], [-0.010267635221820746, 0.018394839107842505, -0.08113752153183412], [0.04102259985174496, -0.08113752153183412, 0.3912510551377519]], "chi2_level": 0.997, "chi2_df": 3, "chi2_threshold": 13.931422665512084, "N_raw": 89, "N_roi": 89, "N_inlier": 88, "refit": true}
{"timestamp": "20:15:07.055891", "frame": 81, "mu": [0.8931676168431647, 1.8161356037020937, -0.5292358818606393], "Sigma": [[0.024964141659900723, -0.008580353674669222, 0.002971345880744598], [-0.008580353674669222, 0.009111699024702402, -0.014091474510455206], [0.0029713458807445973, -0.014091474510455206, 0.03258885195321852]], "chi2_level": 0.997, "chi2_df": 3, "chi2_threshold": 13.931422665512084, "N_raw": 142, "N_roi": 142, "N_inlier": 139, "refit": true}
{"timestamp": "20:15:07.103172", "frame": 82, "mu": [0.9200139192190423, 1.5435930951672898, 1.0121998018064093], "Sigma": [[0.030840261846633646, -0.0075803067368582465, -0.01554521666482807], [-0.0075803067368582465, 0.004538208401707788, 0.005022920351836917], [-0.015545216664828072, 0.005022920351836917, 0.0430173705911589]], "chi2_level": 0.997, "chi2_df": 3, "chi2_threshold": 13.931422665512084, "N_raw": 88, "N_roi": 88, "N_inlier": 83, "refit": true}
{"timestamp": "20:15:07.164108", "frame": 83, "mu": [0.8618975598656138, 1.5307235621107647, 1.0392983056673137], "Sigma": [[0.026276858238575597, -0.002988484747593945, -0.00972265620105298], [-0.002988484747593945, 0.0026239397861277094, -0.0062958846613360995], [-0.00972265620105298, -0.0062958846613360995, 0.04038936213149936]], "chi2_level": 0.997, "chi2_df": 3, "chi2_threshold": 13.931422665512084, "N_raw": 131, "N_roi": 131, "N_inlier": 126, "refit": true}
{"timestamp": "20:15:07.211398", "frame": 84, "mu": [0.8537545573486001, 1.4727707474532876, 1.092139391677997], "Sigma": [[0.01193716468155027, -0.003609175765007029, -0.015293570746956118], [-0.0036091757650070296, 0.003098060346356239, 0.003983885268155991], [-0.015293570746956118, 0.00398388526815599, 0.0818788548604684]], "chi2_level": 0.997, "chi2_df": 3, "chi2_threshold": 13.931422665512084, "N_raw": 78, "N_roi": 78, "N_inlier": 75, "refit": true}
{"timestamp": "20:15:07.268310", "frame": 85, "mu": [0.8617272482489841, 1.4286402903657587, 1.0379592534542645], "Sigma": [[0.017504134034833807, -0.0015618205262893994, -0.008773812130481166], [-0.0015618205262893994, 0.0013713718093031956, -0.005615042794790741], [-0.008773812130481166, -0.005615042794790741, 0.06856552702694904]], "chi2_level": 0.997, "chi2_df": 3, "chi2_threshold": 13.931422665512084, "N_raw": 90, "N_roi": 90, "N_inlier": 87, "refit": true}
{"timestamp": "20:15:07.326203", "frame": 86, "mu": [0.776228895349153, 1.3917182454120862, 1.0900658969645707], "Sigma": [[0.007683676133373673, -0.0018052176739879872, 0.0038470318258335334], [-0.0018052176739879874, 0.002311204007952557, -0.004590362617989683], [0.0038470318258335325, -0.004590362617989683, 0.04576987592997245]], "chi2_level": 0.997, "chi2_df": 3, "chi2_threshold": 13.931422665512084, "N_raw": 114, "N_roi": 114, "N_inlier": 109, "refit": true}
{"timestamp": "20:15:07.376039", "frame": 87, "mu": [0.7412156643528967, 1.3609957417605243, 0.9015335074994889], "Sigma": [[0.012676077342025053, -0.002502983678295008, -0.008826313120744127], [-0.002502983678295008, 0.0009611312580773124, 0.0009218834929499918], [-0.008826313120744125, 0.0009218834929499918, 0.019385993324597235]], "chi2_level": 0.997, "chi2_df": 3, "chi2_threshold": 13.931422665512084, "N_raw": 76, "N_roi": 76, "N_inlier": 76, "refit": true}
{"timestamp": "20:15:07.431098", "frame": 88, "mu": [0.7901851585835336, 1.5247602154972344, -0.6193486516024233], "Sigma": [[0.012042393837342463, -0.0016993904407831464, -0.017472365121005834], [-0.0016993904407831464, 0.002049766435257671, 0.00030619437862875826], [-0.017472365121005834, 0.0003061943786287583, 0.03744150627962807]], "chi2_level": 0.997, "chi2_df": 3, "chi2_threshold": 13.931422665512084, "N_raw": 75, "N_roi": 75, "N_inlier": 72, "refit": true}
{"timestamp": "20:15:07.480381", "frame": 89, "mu": [0.7172597611475461, 1.2044644546234973, 0.9617485398591092], "Sigma": [[0.004707003552431419, 0.0016919376191293026, 0.009605561802118755], [0.0016919376191293026, 0.0034745676909345097, 0.013675606524125174], [0.009605561802118755, 0.013675606524125174, 0.16560342663489225]], "chi2_level": 0.997, "chi2_df": 3, "chi2_threshold": 13.931422665512084, "N_raw": 38, "N_roi": 38, "N_inlier": 36, "refit": true}
{"timestamp": "20:15:07.537962", "frame": 90, "mu": [0.7437190403289075, 1.1561766380956227, 0.9844608034563335], "Sigma": [[0.017385093760093374, 0.0010807488671226012, 0.010416472628354139], [0.0010807488671226015, 0.0011809449751917828, 0.0002603573415140217], [0.010416472628354139, 0.00026035734151402167, 0.02481693400078436]], "chi2_level": 0.997, "chi2_df": 3, "chi2_threshold": 13.931422665512084, "N_raw": 66, "N_roi": 66, "N_inlier": 62, "refit": true}
{"timestamp": "20:15:07.591985", "frame": 91, "mu": [0.7871792531203621, 1.2780909205328075, -0.3574572745088707], "Sigma": [[0.003702785379285867, -0.0012589142002580973, 9.622020476458011e-05], [-0.0012589142002580973, 0.005196637124409656, -0.0055262965400141965], [9.622020476458018e-05, -0.0055262965400141965, 0.013607362195630133]], "chi2_level": 0.997, "chi2_df": 3, "chi2_threshold": 13.931422665512084, "N_raw": 56, "N_roi": 56, "N_inlier": 52, "refit": true}
{"timestamp": "20:15:07.655313", "frame": 92, "mu": [0.7702164896483256, 1.080116649744945, 1.1960760004997433], "Sigma": [[0.007343879807766324, 3.187069041498737e-05, 0.0011178914630952683], [3.187069041498741e-05, 0.0013458844821353114, -0.0037113942153483583], [0.0011178914630952683, -0.0037113942153483583, 0.02478660985324654]], "chi2_level": 0.997, "chi2_df": 3, "chi2_threshold": 13.931422665512084, "N_raw": 107, "N_roi": 107, "N_inlier": 102, "refit": true}
{"timestamp": "20:15:07.700977", "frame": 93, "mu": [0.8189215263121624, 0.984746072404945, 1.2268371291701392], "Sigma": [[0.005227012434040415, -0.0011129120753813327, -0.010345912751738722], [-0.0011129120753813327, 0.0017940585243883115, 0.003737087477296069], [-0.01034591275173872, 0.003737087477296069, 0.05892460855350978]], "chi2_level": 0.997, "chi2_df": 3, "chi2_threshold": 13.931422665512084, "N_raw": 44, "N_roi": 44, "N_inlier": 44, "refit": true}
{"timestamp": "20:15:07.754977", "frame": 94, "mu": [0.7283193171893956, 1.0005771198813722, 1.2497867844378947], "Sigma": [[0.003995230380211638, -0.0013153815136569677, 0.007393462428124359], [-0.0013153815136569677, 0.0013048015747909602, -0.003480774337071734], [0.007393462428124359, -0.0034807743370717345, 0.054014501824549935]], "chi2_level": 0.997, "chi2_df": 3, "chi2_threshold": 13.931422665512084, "N_raw": 45, "N_roi": 45, "N_inlier": 45, "refit": true}
{"timestamp": "20:15:07.812972", "frame": 95, "mu": [0.7408271458594355, 0.9474997199816283, 1.3284574776312836], "Sigma": [[0.010340357870310278, -0.007598440303822988, 0.007707023728823982], [-0.007598440303822988, 0.00941803182859518, -0.009782771584081397], [0.007707023728823982, -0.009782771584081393, 0.021168850033292046]], "chi2_level": 0.997, "chi2_df": 3, "chi2_threshold": 13.931422665512084, "N_raw": 64, "N_roi": 64, "N_inlier": 62, "refit": true}
{"timestamp": "20:15:07.863100", "frame": 96, "mu": [0.795254767124964, 0.8540522260872023, 1.3716333691571005], "Sigma": [[0.002257576131275472, -0.00028702043213427, -0.0017126066650246417], [-0.00028702043213427, 0.002082519944545656, -0.005150995837780246], [-0.0017126066650246417, -0.005150995837780246, 0.019937572184455833]], "chi2_level": 0.997, "chi2_df": 3, "chi2_threshold": 13.931422665512084, "N_raw": 26, "N_roi": 26, "N_inlier": 24, "refit": true}
{"timestamp": "20:15:07.918571", "frame": 97, "mu": [0.7616018685218695, 0.8273858779991636, 1.4108455180960444], "Sigma": [[0.002300830509471303, -0.0012440265509380216, -0.0007340358221812574], [-0.0012440265509380214, 0.0033403672836534917, -0.004516885573252653], [-0.0007340358221812574, -0.004516885573252652, 0.02471920577832841]], "chi2_level": 0.997, "chi2_df": 3, "chi2_threshold": 13.931422665512084, "N_raw": 34, "N_roi": 33, "N_inlier": 32, "refit": true}
{"timestamp": "20:15:07.975873", "frame": 98, "mu": [0.7361772472440175, 0.8194352702673352, 1.297265469062582], "Sigma": [[0.0024323517840553655, -0.0012072007703549873, 0.0016608781847165261], [-0.0012072007703549876, 0.0017877129473724213, -0.0039878802723938706], [0.001660878184716526, -0.0039878802723938706, 0.03290110198637911]], "chi2_level": 0.997, "chi2_df": 3, "chi2_threshold": 13.931422665512084, "N_raw": 49, "N_roi": 48, "N_inlier": 47, "refit": true}
{"timestamp": "20:15:08.025588", "frame": 99, "mu": [0.7211606523349564, 0.7972235440750215, 1.1784066243368907], "Sigma": [[0.0021128595453172496, -0.0004867377258532549, -0.00021416614666543079], [-0.0004867377258532549, 0.0018802615126362417, -0.0021758012872403936], [-0.00021416614666543079, -0.0021758012872403927, 0.034169051164058994]], "chi2_level": 0.997, "chi2_df": 3, "chi2_threshold": 13.931422665512084, "N_raw": 16, "N_roi": 16, "N_inlier": 16, "refit": true}
{"timestamp": "20:15:08.216901", "frame": 100, "mu": [0.7082880671134478, 0.7544027068589602, 1.275182342566925], "Sigma": [[0.0020243774350300796, -0.0007772780675106431, -0.000766572584950322], [-0.0007772780675106431, 0.0020420535007111126, -0.0022610756132964756], [-0.000766572584950322, -0.0022610756132964756, 0.005407665900039767]], "chi2_level": 0.997, "chi2_df": 3, "chi2_threshold": 13.931422665512084, "N_raw": 40, "N_roi": 40, "N_inlier": 38, "refit": true}
{"timestamp": "20:15:08.240616", "frame": 101, "mu": [0.7135086220636551, 0.6961989315178236, 1.136455807948195], "Sigma": [[0.0015860379504629369, -0.00018408521203279037, 0.002564332686001699], [-0.00018408521203279042, 0.0010136415244389346, -0.002869311644654758], [0.002564332686001699, -0.002869311644654758, 0.028155433657632144]], "chi2_level": 0.997, "chi2_df": 3, "chi2_threshold": 13.931422665512084, "N_raw": 22, "N_roi": 22, "N_inlier": 22, "refit": true}
