{"timestamp": "20:05:17.731308", "frame": 14, "mu": [-2.2823570167896543, 1.0977421130535014, -0.8418127384522107], "Sigma": [[0.005779369345218777, 0.008823206016985458, 0.0029798195754794235], [0.008823206016985458, 0.016625597529339238, -0.0002993085922900489], [0.002979819575479423, -0.00029930859229004847, 0.015585071903689513]], "chi2_level": 0.997, "chi2_df": 3, "chi2_threshold": 13.931422665512084, "N_raw": 28, "N_roi": 28, "N_inlier": 28, "refit": true}
{"timestamp": "20:05:17.897661", "frame": 17, "mu": [-2.2589800982221213, 1.081742075097804, 1.2273500483292623], "Sigma": [[0.010725525026889064, 0.008107443432499872, -0.007241675533206795], [0.008107443432499872, 0.018079370450525482, -0.008143214918004498], [-0.007241675533206794, -0.008143214918004498, 0.006898870985491896]], "chi2_level": 0.997, "chi2_df": 3, "chi2_threshold": 13.931422665512084, "N_raw": 43, "N_roi": 43, "N_inlier": 43, "refit": true}
{"timestamp": "20:05:17.950562", "frame": 18, "mu": [-2.194674610642668, 1.1481628573172893, 1.1558341593072645], "Sigma": [[0.004887195285646949, 0.004818206249207048, -2.9531503154271894e-06], [0.004818206249207048, 0.005618793638971568, -0.0014063729581077567], [-2.9531503154271894e-06, -0.0014063729581077567, 0.020244109007824612]], "chi2_level": 0.997, "chi2_df": 3, "chi2_threshold": 13.931422665512084, "N_raw": 29, "N_roi": 29, "N_inlier": 29, "refit": true}
{"timestamp": "20:05:18.007625", "frame": 19, "mu": [-2.2318296984326818, 1.239409855729827, -0.42225808793726305], "Sigma": [[0.009768520494934438, 0.009130323473861484, -0.0015469926967681957], [0.009130323473861486, 0.01987565305291874, -0.007043541840384778], [-0.001546992696768196, -0.007043541840384778, 0.007049963458175468]], "chi2_level": 0.997, "chi2_df": 3, "chi2_threshold": 13.931422665512084, "N_raw": 47, "N_roi": 47, "N_inlier": 47, "refit": true}
{"timestamp": "20:05:18.062301", "frame": 20, "mu": [-2.220931617163473, 1.1063907818878937, 1.2025865354996101], "Sigma": [[0.010061688287064649, 0.010657903565656863, -0.0030865634116745166], [0.010657903565656863, 0.0161898889041891, -0.008718020279651123], [-0.0030865634116745166, -0.008718020279651122, 0.010588335344225269]], "chi2_level": 0.997, "chi2_df": 3, "chi2_threshold": 13.931422665512084, "N_raw": 45, "N_roi": 45, "N_inlier": 44, "refit": true}
{"timestamp": "20:05:18.120825", "frame": 21, "mu": [-2.2026417203516098, 1.0813308765112062, 1.101955054593819], "Sigma": [[0.009610080807458858, 0.007210726298113429, -0.00557203012545204], [0.007210726298113429, 0.01262693705760288, -0.008832140639895689], [-0.00557203012545204, -0.008832140639895689, 0.008440443716423666]], "chi2_level": 0.997, "chi2_df": 3, "chi2_threshold": 13.931422665512084, "N_raw": 44, "N_roi": 44, "N_inlier": 43, "refit": true}
{"timestamp": "20:05:18.173120", "frame": 22, "mu": [-2.2030383348574785, 1.213842150878848, 1.3642958669672305], "Sigma": [[0.006683064575906019, 0.007982919099117896, -0.0024163664415343096], [0.007982919099117898, 0.012896396047766804, -0.007666953841582019], [-0.0024163664415343096, -0.007666953841582019, 0.01388562369208692]], "chi2_level": 0.997, "chi2_df": 3, "chi2_threshold": 13.931422665512084, "N_raw": 33, "N_roi": 33, "N_inlier": 33, "refit": true}
{"timestamp": "20:05:18.227215", "frame": 23, "mu": [-2.1272154726704504, 1.2142159591281663, 1.0612627678442121], "Sigma": [[0.010646530795387198, 0.0014886871225893048, -0.001680830911242145], [0.0014886871225893048, 0.006832175400798828, -0.003298439442809601], [-0.0016808309112421448, -0.0032984394428096004, 0.004616984573688597]], "chi2_level": 0.997, "chi2_df": 3, "chi2_threshold": 13.931422665512084, "N_raw": 28, "N_roi": 28, "N_inlier": 28, "refit": true}
{"timestamp": "20:05:18.283966", "frame": 24, "mu": [-2.129323164712088, 1.2743360796844772, 1.1759773528431372], "Sigma": [[0.010169504440109684, 0.006329854511266383, -0.006458095192504751], [0.006329854511266381, 0.007027670227768519, -0.008562523674393018], [-0.006458095192504751, -0.008562523674393018, 0.014622213443950764]], "chi2_level": 0.997, "chi2_df": 3, "chi2_threshold": 13.931422665512084, "N_raw": 47, "N_roi": 47, "N_inlier": 45, "refit": true}
{"timestamp": "20:05:18.342789", "frame": 25, "mu": [-1.969587946414403, 1.3517402903902789, 1.1367121377023461], "Sigma": [[0.011142413825536131, 0.009397532620604377, -0.007490012585395949], [0.009397532620604377, 0.0158747447346138, -0.015928349062850244], [-0.007490012585395948, -0.015928349062850244, 0.027005495010880287]], "chi2_level": 0.997, "chi2_df": 3, "chi2_threshold": 13.931422665512084, "N_raw": 67, "N_roi": 67, "N_inlier": 65, "refit": true}
{"timestamp": "20:05:18.397211", "frame": 26, "mu": [-1.9044269963073055, 1.5201930374215318, -0.4871012501804318], "Sigma": [[0.01599086692733056, 0.016528021376794308, 0.002545443440903028], [0.016528021376794308, 0.03516249387717342, 0.017383722334957087], [0.002545443440903028, 0.017383722334957087, 0.018234918632569635]], "chi2_level": 0.997, "chi2_df": 3, "chi2_threshold": 13.931422665512084, "N_raw": 61, "N_roi": 61, "N_inlier": 61, "refit": true}
{"timestamp": "20:05:18.451460", "frame": 27, "mu": [-1.8450481106859724, 1.4718376479797595, 1.2871356467338597], "Sigma": [[0.012424063768950258, 0.008830887459760213, -0.009550869275258049], [0.008830887459760213, 0.012726222696766267, -0.008186897106713838], [-0.009550869275258049, -0.008186897106713838, 0.008118650011237585]], "chi2_level": 0.997, "chi2_df": 3, "chi2_threshold": 13.931422665512084, "N_raw": 49, "N_roi": 49, "N_inlier": 47, "refit": true}
{"timestamp": "20:05:18.618674", "frame": 30, "mu": [-1.80522613514231, 1.6067116165222788, 1.2082745837805606], "Sigma": [[0.03129476377668273, 0.019740917237803923, -0.018640220235391462], [0.01974091723780392, 0.016761742339836735, -0.015433402972288452], [-0.018640220235391462, -0.015433402972288453, 0.015476241634030935]], "chi2_level": 0.997, "chi2_df": 3, "chi2_threshold": 13.931422665512084, "N_raw": 72, "N_roi": 72, "N_inlier": 72, "refit": true}
{"timestamp": "20:05:18.675438", "frame": 31, "mu": [-1.8897957622384267, 1.6472928596854062, 0.21356635387082729], "Sigma": [[0.023134182227724783, 0.01600304712241477, 0.03764646957582567], [0.01600304712241477, 0.022717420537971475, 0.0066448276927517326], [0.03764646957582567, 0.006644827692751733, 0.23197804429060137]], "chi2_level": 0.997, "chi2_df": 3, "chi2_threshold": 13.931422665512084, "N_raw": 82, "N_roi": 82, "N_inlier": 81, "refit": true}
{"timestamp": "20:05:18.730778", "frame": 32, "mu": [-1.6903619560688221, 1.7281050019623263, 1.3725332084722326], "Sigma": [[0.029535329044919095, 0.014433127631282988, -0.03219999102651315], [0.014433127631282988, 0.014234174641015614, -0.021172553640329404], [-0.03219999102651315, -0.021172553640329404, 0.05435747689466992]], "chi2_level": 0.997, "chi2_df": 3, "chi2_threshold": 13.931422665512084, "N_raw": 79, "N_roi": 79, "N_inlier": 79, "refit": true}
{"timestamp": "20:05:18.781448", "frame": 33, "mu": [-1.5621511243297739, 1.8225944713898188, 1.3640378259011028], "Sigma": [[0.02624265642902406, 0.01156350008067131, -0.03671029760249843], [0.01156350008067131, 0.01232227341816852, -0.021850635156252112], [-0.03671029760249843, -0.021850635156252112, 0.16219449224232277]], "chi2_level": 0.997, "chi2_df": 3, "chi2_threshold": 13.931422665512084, "N_raw": 51, "N_roi": 51, "N_inlier": 49, "refit": true}
{"timestamp": "20:05:18.833903", "frame": 34, "mu": [-1.4453608163811396, 1.9418303575184341, 1.165663457958425], "Sigma": [[0.0062661045246705975, 0.0046133560724680445, -0.022882536108836875], [0.0046133560724680445, 0.009728069395714701, -0.03383038661676997], [-0.02288253610883688, -0.03383038661676997, 0.19135811411336695]], "chi2_level": 0.997, "chi2_df": 3, "chi2_threshold": 13.931422665512084, "N_raw": 25, "N_roi": 25, "N_inlier": 24, "refit": true}
{"timestamp": "20:05:18.888522", "frame": 35, "mu": [-1.450906662055365, 2.033888993302128, 1.0064454001172318], "Sigma": [[0.007164507965453011, -0.00013535008362722768, -0.010786805706140348], [-0.0001353500836272276, 0.0027144494130619053, 0.002632164652023738], [-0.010786805706140348, 0.0026321646520237373, 0.19904868386907804]], "chi2_level": 0.997, "chi2_df": 3, "chi2_threshold": 13.931422665512084, "N_raw": 34, "N_roi": 34, "N_inlier": 33, "refit": true}
{"timestamp": "20:05:18.943271", "frame": 36, "mu": [-1.3048402276130155, 2.0127814485872983, 1.1162076199998423], "Sigma": [[0.00679763931517532, -0.0022701819050347074, 0.02035600323872365], [-0.002270181905034707, 0.007936699197895433, -0.01577761935829556], [0.02035600323872365, -0.01577761935829556, 0.2010064651420975]], "chi2_level": 0.997, "chi2_df": 3, "chi2_threshold": 13.931422665512084, "N_raw": 28, "N_roi": 28, "N_inlier": 25, "refit": true}
{"timestamp": "20:05:19.003792", "frame": 37, "mu": [-1.2287517005333988, 2.10596039816604, 1.1145240289559517], "Sigma": [[0.009166933020859401, 0.00017619986805783903, -0.005294371597803274], [0.00017619986805783922, 0.004552819311334757, -0.0079036599678738], [-0.005294371597803274, -0.0079036599678738, 0.0548828720237728]], "chi2_level": 0.997, "chi2_df": 3, "chi2_threshold": 13.931422665512084, "N_raw": 71, "N_roi": 71, "N_inlier": 67, "refit": true}
{"timestamp": "20:05:19.060492", "frame": 38, "mu": [-1.2210366356408484, 2.2717010881633515, -0.42971326566939544], "Sigma": [[0.014709135915092824, -0.002278966492060972, 0.02790431318863753], [-0.002278966492060973, 0.010760479794079377, -0.033190198760416526], [0.02790431318863753, -0.033190198760416526, 0.19044742780778498]], "chi2_level": 0.997, "chi2_df": 3, "chi2_threshold": 13.931422665512084, "N_raw": 67, "N_roi": 64, "N_inlier": 63, "refit": true}
{"timestamp": "20:05:19.105897", "frame": 39, "mu": [-1.232826473373144, 2.201547546683929, 0.7702566327732082], "Sigma": [[0.0023901001249746687, 5.019443176006752e-05, 0.011456910728090379], [5.019443176006752e-05, 0.0035486885940988313, 0.005812876565176671], [0.011456910728090379, 0.005812876565176669, 0.3711007754383569]], "chi2_level": 0.997, "chi2_df": 3, "chi2_threshold": 13.931422665512084, "N_raw": 11, "N_roi": 11, "N_inlier": 11, "refit": true}
{"timestamp": "20:05:19.162501", "frame": 40, "mu": [-1.180159085157454, 2.223916258464382, 0.1372791887632547], "Sigma": [[0.007924872928349713, 0.0015601439372960007, 0.018915218421417558], [0.0015601439372960007, 0.0022403383635514426, -0.0005368028840266126], [0.018915218421417558, -0.0005368028840266135, 0.2973136323883023]], "chi2_level": 0.997, "chi2_df": 3, "chi2_threshold": 13.931422665512084, "N_raw": 27, "N_roi": 27, "N_inlier": 27, "refit": true}
{"timestamp": "20:05:19.222596", "frame": 41, "mu": [-1.0448750832833331, 2.3353384273596727, 0.9471378070992759], "Sigma": [[0.008261554598775343, -0.003143442756048603, -0.027703228467199005], [-0.003143442756048603, 0.007014867664934944, -0.017402731366615718], [-0.027703228467199005, -0.017402731366615718, 0.3386335941212027]], "chi2_level": 0.997, "chi2_df": 3, "chi2_threshold": 13.931422665512084, "N_raw": 63, "N_roi": 60, "N_inlier": 59, "refit": true}
{"timestamp": "20:05:19.277885", "frame": 42, "mu": [-0.9887431628169326, 2.3607984204729737, 0.9238864499278578], "Sigma": [[0.01855135394951256, 0.0021502607809298253, -0.05157299324259798], [0.002150260780929826, 0.007198569937868119, -0.029549074218518327], [-0.05157299324259798, -0.029549074218518327, 0.2670707857028572]], "chi2_level": 0.997, "chi2_df": 3, "chi2_threshold": 13.931422665512084, "N_raw": 58, "N_roi": 58, "N_inlier": 57, "refit": true}
{"timestamp": "20:05:19.328762", "frame": 43, "mu": [-0.970942706499826, 2.3585736414842966, 1.005915872554708], "Sigma": [[0.00647671428517044, 9.981953137231303e-05, -0.013429618520891072], [9.981953137231292e-05, 0.0065195946834689265, -0.02508173437633766], [-0.013429618520891074, -0.025081734376337664, 0.22805557309351318]], "chi2_level": 0.997, "chi2_df": 3, "chi2_threshold": 13.931422665512084, "N_raw": 34, "N_roi": 34, "N_inlier": 34, "refit": true}
{"timestamp": "20:05:19.384471", "frame": 44, "mu": [-0.9057463586896918, 2.466492465637548, 1.1065848449347186], "Sigma": [[0.007939644575630124, -0.002546836114069446, -0.0075123037203016765], [-0.002546836114069446, 0.004024274671511169, -0.0020431658817485717], [-0.007512303720301676, -0.0020431658817485717, 0.09784450300308745]], "chi2_level": 0.997, "chi2_df": 3, "chi2_threshold": 13.931422665512084, "N_raw": 43, "N_roi": 43, "N_inlier": 41, "refit": true}
{"timestamp": "20:05:19.443880", "frame": 45, "mu": [-0.9868295284493669, 2.511607239600265, 0.6999956867331465], "Sigma": [[0.023286840369540093, 0.0046799350244562995, 0.046391610156328686], [0.0046799350244562995, 0.0032709836969677508, 0.019195358564405098], [0.046391610156328686, 0.019195358564405095, 0.27679313482183393]], "chi2_level": 0.997, "chi2_df": 3, "chi2_threshold": 13.931422665512084, "N_raw": 67, "N_roi": 66, "N_inlier": 65, "refit": true}
{"timestamp": "20:05:19.499577", "frame": 46, "mu": [-0.8624473498883746, 2.5443188708260007, 0.8319024036408399], "Sigma": [[0.02181283091564689, -0.0009016967757378733, 0.03990784398236168], [-0.0009016967757378733, 0.0032984804142973303, 0.0022741801633427987], [0.03990784398236168, 0.0022741801633427983, 0.18061160939582083]], "chi2_level": 0.997, "chi2_df": 3, "chi2_threshold": 13.931422665512084, "N_raw": 72, "N_roi": 71, "N_inlier": 70, "refit": true}
{"timestamp": "20:05:19.550135", "frame": 47, "mu": [-0.8319335403726807, 2.59575609230636, 0.4158981338337273], "Sigma": [[0.014697342954718756, 0.0010430587985440656, 0.02755572120049461], [0.0010430587985440654, 0.0011880627832766195, 0.0005982784349999065], [0.027555721200494605, 0.0005982784349999069, 0.18445986047133592]], "chi2_level": 0.997, "chi2_df": 3, "chi2_threshold": 13.931422665512084, "N_raw": 45, "N_roi": 45, "N_inlier": 44, "refit": true}
{"timestamp": "20:05:19.609175", "frame": 48, "mu": [-0.6969030913626545, 2.6429045495216927, 1.3348221200737682], "Sigma": [[0.009746445825671041, -0.0008601668382953822, 0.0009525533042630324], [-0.0008601668382953822, 0.00514704936762696, 0.00401969649655404], [0.0009525533042630315, 0.00401969649655404, 0.07928463368436939]], "chi2_level": 0.997, "chi2_df": 3, "chi2_threshold": 13.931422665512084, "N_raw": 52, "N_roi": 52, "N_inlier": 50, "refit": true}
{"timestamp": "20:05:19.659757", "frame": 49, "mu": [-0.6934637433229521, 2.6987525056949626, 0.8238769656065524], "Sigma": [[0.010529732968584145, -0.0005093155965093803, 0.00838669978369206], [-0.0005093155965093803, 0.00374455593749321, 0.023075928382601155], [0.008386699783692062, 0.023075928382601155, 0.38618039382891944]], "chi2_level": 0.997, "chi2_df": 3, "chi2_threshold": 13.931422665512084, "N_raw": 39, "N_roi": 39, "N_inlier": 38, "refit": true}
{"timestamp": "20:05:19.714337", "frame": 50, "mu": [-0.5524013997100047, 2.692377539526532, 0.8811400875254902], "Sigma": [[0.008569062969684753, -0.0017001271555785237, 0.00026844504347238235], [-0.0017001271555785237, 0.0052499683400397835, -0.017311634902341173], [0.0002684450434723806, -0.017311634902341173, 0.4554058214646343]], "chi2_level": 0.997, "chi2_df": 3, "chi2_threshold": 13.931422665512084, "N_raw": 42, "N_roi": 42, "N_inlier": 41, "refit": true}
{"timestamp": "20:05:19.776179", "frame": 51, "mu": [-0.5096573175322139, 2.789152715546466, 1.2855522368324417], "Sigma": [[0.014092702659168723, -0.0012973483386381928, -0.009640490510650345], [-0.001297348338638193, 0.006768534799384207, -0.004795213445062575], [-0.009640490510650345, -0.004795213445062575, 0.02542617530415245]], "chi2_level": 0.997, "chi2_df": 3, "chi2_threshold": 13.931422665512084, "N_raw": 82, "N_roi": 82, "N_inlier": 78, "refit": true}
{"timestamp": "20:05:19.829322", "frame": 52, "mu": [-0.4528168374743393, 2.829639376363159, 1.253190320711251], "Sigma": [[0.01737297211600388, -0.0010889994692944588, -0.012779960656032222], [-0.001088999469294459, 0.004118257884082998, -0.005782953701446433], [-0.012779960656032222, -0.005782953701446433, 0.027332384562689632]], "chi2_level": 0.997, "chi2_df": 3, "chi2_threshold": 13.931422665512084, "N_raw": 77, "N_roi": 77, "N_inlier": 72, "refit": true}
{"timestamp": "20:05:19.891000", "frame": 53, "mu": [-0.42679565733979896, 2.9545929174862, 0.12075672250751268], "Sigma": [[0.017867800832942763, -0.0058822241633662885, 0.09324288773997111], [-0.005882224163366289, 0.01667716096897375, -0.04924803186593771], [0.09324288773997111, -0.04924803186593771, 0.6200742220853334]], "chi2_level": 0.997, "chi2_df": 3, "chi2_threshold": 13.931422665512084, "N_raw": 109, "N_roi": 107, "N_inlier": 106, "refit": true}
{"timestamp": "20:05:19.939194", "frame": 54, "mu": [-0.3777172767862963, 3.142041514343051, -0.2950250668401014], "Sigma": [[0.017357411746778004, -0.0035188774276270537, 0.007761138225594409], [-0.0035188774276270545, 0.011853167921811797, -0.029398399813920638], [0.00776113822559441, -0.029398399813920638, 0.0991382633873375]], "chi2_level": 0.997, "chi2_df": 3, "chi2_threshold": 13.931422665512084, "N_raw": 65, "N_roi": 65, "N_inlier": 64, "refit": true}
{"timestamp": "20:05:20.003576", "frame": 55, "mu": [-0.3557935938263627, 3.205135397609669, -0.5141616878600939], "Sigma": [[0.026767419959115964, 0.0046952204212857215, 0.03557782737202039], [0.0046952204212857215, 0.03740483922961859, -0.08572453707812085], [0.03557782737202039, -0.08572453707812085, 0.44575027843321613]], "chi2_level": 0.997, "chi2_df": 3, "chi2_threshold": 13.931422665512084, "N_raw": 124, "N_roi": 120, "N_inlier": 120, "refit": true}
{"timestamp": "20:05:20.051183", "frame": 56, "mu": [-0.2520260439616796, 3.0567974381615404, 1.1150488839843649], "Sigma": [[0.01842283940349583, -0.003480505264820557, 0.01869104986738082], [-0.003480505264820556, 0.004745061376394979, -0.01093340605141563], [0.01869104986738082, -0.01093340605141563, 0.11528031191361987]], "chi2_level": 0.997, "chi2_df": 3, "chi2_threshold": 13.931422665512084, "N_raw": 78, "N_roi": 76, "N_inlier": 74, "refit": true}
{"timestamp": "20:05:20.104415", "frame": 57, "mu": [-0.15626665340308915, 3.0575596088981443, 1.3411985889650169], "Sigma": [[0.01495204084695252, -0.002598436004030583, -0.0030822440827983914], [-0.002598436004030583, 0.006834612395300036, 0.0006509147525219326], [-0.003082244082798392, 0.0006509147525219327, 0.04658813810622214]], "chi2_level": 0.997, "chi2_df": 3, "chi2_threshold": 13.931422665512084, "N_raw": 64, "N_roi": 61, "N_inlier": 58, "refit": true}
{"timestamp": "20:05:20.160418", "frame": 58, "mu": [-0.11779394967403749, 3.3331675925900366, -0.4106934335738481], "Sigma": [[0.01494198027262879, -0.007080174246928033, 0.023920379481823725], [-0.007080174246928033, 0.04318795964294652, -0.15733906912022316], [0.023920379481823725, -0.15733906912022316, 0.6226443441624299]], "chi2_level": 0.997, "chi2_df": 3, "chi2_threshold": 13.931422665512084, "N_raw": 74, "N_roi": 74, "N_inlier": 74, "refit": true}
{"timestamp": "20:05:20.206181", "frame": 59, "mu": [-0.10914021941443351, 3.2400118481883937, 0.7702034239682598], "Sigma": [[0.0023256297867266947, -3.784988407265293e-05, 0.018763412524382753], [-3.784988407265304e-05, 0.007117653496028377, -0.030181349059827056], [0.01876341252438276, -0.030181349059827056, 0.445857599490374]], "chi2_level": 0.997, "chi2_df": 3, "chi2_threshold": 13.931422665512084, "N_raw": 12, "N_roi": 11, "N_inlier": 11, "refit": true}
{"timestamp": "20:05:20.317121", "frame": 61, "mu": [0.07154696160500884, 3.2489465407930878, 1.0379415683526034], "Sigma": [[0.006556828638736095, 0.0014565587697774125, -0.004447874106383417], [0.001456558769777413, 0.018287856627773266, -0.03941475002504941], [-0.004447874106383417, -0.03941475002504942, 0.107811673066224]], "chi2_level": 0.997, "chi2_df": 3, "chi2_threshold": 13.931422665512084, "N_raw": 26, "N_roi": 26, "N_inlier": 25, "refit": true}
{"timestamp": "20:05:20.377611", "frame": 62, "mu": [0.019162481394101993, 3.384000670332872, 1.2525788273548941], "Sigma": [[0.011820253071106993, -5.2826748453015126e-05, 0.01600733829392172], [-5.2826748453015126e-05, 0.0019908792393598775, 0.004293208551133164], [0.01600733829392172, 0.004293208551133163, 0.26949049850333356]], "chi2_level": 0.997, "chi2_df": 3, "chi2_threshold": 13.931422665512084, "N_raw": 53, "N_roi": 53, "N_inlier": 51, "refit": true}
{"timestamp": "20:05:20.427646", "frame": 63, "mu": [0.15405994884295826, 3.326415464515433, 1.083075938059387], "Sigma": [[0.010961171085710686, -0.004271556106260636, 0.013806378118840652], [-0.004271556106260636, 0.005108830219865038, 0.005496773721997281], [0.013806378118840654, 0.005496773721997283, 0.1637303403004103]], "chi2_level": 0.997, "chi2_df": 3, "chi2_threshold": 13.931422665512084, "N_raw": 28, "N_roi": 28, "N_inlier": 26, "refit": true}
{"timestamp": "20:05:20.486568", "frame": 64, "mu": [0.24448224987554476, 3.4154525466579053, 1.259021880867329], "Sigma": [[0.01371355169057766, -0.004249702743544634, -0.006571963416144562], [-0.004249702743544634, 0.004124500316391936, -0.002594914418103146], [-0.006571963416144562, -0.0025949144181031465, 0.017018083508056857]], "chi2_level": 0.997, "chi2_df": 3, "chi2_threshold": 13.931422665512084, "N_raw": 50, "N_roi": 50, "N_inlier": 48, "refit": true}
{"timestamp": "20:05:20.539799", "frame": 65, "mu": [0.332228894812918, 3.413708116164689, 1.2908737972529065], "Sigma": [[0.010410986819673467, -0.003367422706188044, -0.003289986824668308], [-0.003367422706188044, 0.004467505525058749, -0.0034559392323480174], [-0.003289986824668308, -0.0034559392323480174, 0.01123432220209841]], "chi2_level": 0.997, "chi2_df": 3, "chi2_threshold": 13.931422665512084, "N_raw": 44, "N_roi": 44, "N_inlier": 42, "refit": true}
{"timestamp": "20:05:20.650420", "frame": 67, "mu": [0.4249249050977057, 3.486864245688133, 1.2533581704381178], "Sigma": [[0.01261969027828251, -0.0043473448147758435, 0.007309232485943372], [-0.0043473448147758435, 0.005589285913721181, -0.015272560793324601], [0.00730923248594337, -0.015272560793324601, 0.06992339562007757]], "chi2_level": 0.997, "chi2_df": 3, "chi2_threshold": 13.931422665512084, "N_raw": 48, "N_roi": 48, "N_inlier": 47, "refit": true}
{"timestamp": "20:05:20.705191", "frame": 68, "mu": [0.49220453721642593, 3.580139335561498, -0.15179761642318718], "Sigma": [[0.0098986169879798, 0.001536783866870508, 0.03139773264431483], [0.0015367838668705076, 0.0058973803270968485, -0.0012539204846120137], [0.03139773264431483, -0.0012539204846120137, 0.25249636981404094]], "chi2_level": 0.997, "chi2_df": 3, "chi2_threshold": 13.931422665512084, "N_raw": 44, "N_roi": 44, "N_inlier": 42, "refit": true}
{"timestamp": "20:05:20.759502", "frame": 69, "mu": [0.47467570947333243, 3.586622320706906, 1.3952893675538942], "Sigma": [[0.01354868714201051, -0.0024693832921139436, -0.007372362082449105], [-0.0024693832921139436, 0.0033239985320313607, 0.0004234130805881953], [-0.007372362082449105, 0.0004234130805881955, 0.006071539739272834]], "chi2_level": 0.997, "chi2_df": 3, "chi2_threshold": 13.931422665512084, "N_raw": 35, "N_roi": 35, "N_inlier": 35, "refit": true}
{"timestamp": "20:05:20.812489", "frame": 70, "mu": [0.5843361817735535, 3.6182105530700848, 1.3662288565763507], "Sigma": [[0.010086368651779377, -0.002043936127794176, -0.0054617220010515204], [-0.002043936127794176, 0.003138506049586362, -0.0008254302585993285], [-0.0054617220010515204, -0.0008254302585993284, 0.006632734882485612]], "chi2_level": 0.997, "chi2_df": 3, "chi2_threshold": 13.931422665512084, "N_raw": 31, "N_roi": 31, "N_inlier": 30, "refit": true}
{"timestamp": "20:05:20.871593", "frame": 71, "mu": [0.6208599132645262, 3.6362236326332216, 1.2415515095129668], "Sigma": [[0.015077603932308793, -0.0014334773190861662, -0.002382592550820072], [-0.0014334773190861662, 0.0031467768161494735, -0.002230799966636861], [-0.002382592550820073, -0.002230799966636861, 0.04717990375590139]], "chi2_level": 0.997, "chi2_df": 3, "chi2_threshold": 13.931422665512084, "N_raw": 49, "N_roi": 49, "N_inlier": 48, "refit": true}
{"timestamp": "20:05:20.921873", "frame": 72, "mu": [0.6864498268617281, 3.7811779927237614, 0.46892916927021905], "Sigma": [[0.005863987521023194, 0.0020038848709112767, -0.011024621266745456], [0.0020038848709112767, 0.01276294397616136, -0.03660223951185569], [-0.011024621266745456, -0.03660223951185569, 0.3269815335584997]], "chi2_level": 0.997, "chi2_df": 3, "chi2_threshold": 13.931422665512084, "N_raw": 18, "N_roi": 18, "N_inlier": 17, "refit": true}
{"timestamp": "20:05:20.978496", "frame": 73, "mu": [0.7546294234829637, 3.7386195215744342, 1.302084926151323], "Sigma": [[0.007798072267726857, -0.0012476784278480405, 0.005083911640956186], [-0.0012476784278480403, 0.0060872551937836954, -0.004247377526669968], [0.005083911640956187, -0.004247377526669968, 0.07570674803019256]], "chi2_level": 0.997, "chi2_df": 3, "chi2_threshold": 13.931422665512084, "N_raw": 31, "N_roi": 29, "N_inlier": 26, "refit": true}
{"timestamp": "20:05:21.086010", "frame": 75, "mu": [0.7564536059240303, 3.91982234386447, 1.2032373199647102], "Sigma": [[0.0037717969127243293, 0.0006329832214832786, -0.009653949196598238], [0.0006329832214832787, 0.00937735623529747, -0.021653572889568835], [-0.009653949196598238, -0.02165357288956883, 0.09421444476611701]], "chi2_level": 0.997, "chi2_df": 3, "chi2_threshold": 13.931422665512084, "N_raw": 15, "N_roi": 14, "N_inlier": 13, "refit": true}
{"timestamp": "20:05:21.139633", "frame": 76, "mu": [0.7623941642645976, 3.7074007624988097, 1.1790727368092293], "Sigma": [[0.04411288306887, 0.19122211665724015, -0.03647703423583311], [0.19122211665724015, 0.915694340587956, -0.2755130884098041], [-0.03647703423583311, -0.2755130884098041, 0.27411948141184367]], "chi2_level": 0.997, "chi2_df": 3, "chi2_threshold": 13.931422665512084, "N_raw": 10, "N_roi": 10, "N_inlier": 10, "refit": true}
{"timestamp": "20:05:21.195932", "frame": 77, "mu": [0.9656472933475222, 4.052185620952753, 0.12206310660425983], "Sigma": [[0.004482934617904087, -0.00466201330634834, 0.004340160051742212], [-0.00466201330634834, 0.025457165587440114, -0.05217716536560129], [0.004340160051742212, -0.05217716536560129, 0.13114802748460044]], "chi2_level": 0.997, "chi2_df": 3, "chi2_threshold": 13.931422665512084, "N_raw": 16, "N_roi": 16, "N_inlier": 16, "refit": true}
{"timestamp": "20:05:21.470015", "frame": 82, "mu": [1.1841201603063254, 4.086177683808528, 0.8977436253687754], "Sigma": [[0.011487594534868929, -0.0031100906555517095, 0.030428118363410066], [-0.0031100906555517095, 0.0021620265023376242, -0.009283346895707912], [0.030428118363410066, -0.009283346895707912, 0.10296987607574641]], "chi2_level": 0.997, "chi2_df": 3, "chi2_threshold": 13.931422665512084, "N_raw": 10, "N_roi": 10, "N_inlier": 10, "refit": true}
{"timestamp": "20:05:21.526467", "frame": 83, "mu": [1.3368630179697267, 4.12512435219297, 1.3276900624244337], "Sigma": [[0.015086873385642944, -0.005909059857569643, -0.00883761981432607], [-0.005909059857569643, 0.0038897732755314935, 0.00232219736162369], [-0.00883761981432607, 0.00232219736162369, 0.008713951891633548]], "chi2_level": 0.997, "chi2_df": 3, "chi2_threshold": 13.931422665512084, "N_raw": 21, "N_roi": 21, "N_inlier": 20, "refit": true}
{"timestamp": "20:05:21.799782", "frame": 88, "mu": [1.6165321253495262, 4.303325204874613, 0.48355692096278424], "Sigma": [[0.009587228215459256, -0.0031475219420381874, -0.0013037779569152542], [-0.0031475219420381865, 0.003251659214338707, -0.0012303902529688378], [-0.0013037779569152542, -0.0012303902529688378, 0.0019509342784902134]], "chi2_level": 0.997, "chi2_df": 3, "chi2_threshold": 13.931422665512084, "N_raw": 12, "N_roi": 12, "N_inlier": 12, "refit": true}
{"timestamp": "20:05:21.856945", "frame": 89, "mu": [1.642302400594652, 4.327417705726451, 1.1385588338468402], "Sigma": [[0.01933503942971011, -0.00820408401797838, -0.011181948245818137], [-0.00820408401797838, 0.0045290961063095886, 0.0032305197763255436], [-0.01118194824581814, 0.003230519776325543, 0.012640978488822657]], "chi2_level": 0.997, "chi2_df": 3, "chi2_threshold": 13.931422665512084, "N_raw": 24, "N_roi": 24, "N_inlier": 23, "refit": true}
{"timestamp": "20:05:22.074675", "frame": 93, "mu": [1.7500503536167666, 4.522229109097034, 1.3733284385411575], "Sigma": [[0.00675126622012806, -0.002066400951723379, -0.007969982677060502], [-0.0020664009517233784, 0.0025473804938677463, -0.002397057992618862], [-0.007969982677060502, -0.0023970579926188623, 0.027175939333480385]], "chi2_level": 0.997, "chi2_df": 3, "chi2_threshold": 13.931422665512084, "N_raw": 11, "N_roi": 11, "N_inlier": 11, "refit": true}
{"timestamp": "20:05:22.549158", "frame": 101, "mu": [2.0964242377582556, 4.866910475425136, 1.0716608463937372], "Sigma": [[0.018974480543637873, -0.00834451954418323, -0.024891881566266365], [-0.008344519544183231, 0.004841211815364518, 0.005690460527464513], [-0.024891881566266365, 0.005690460527464511, 0.10777031704639431]], "chi2_level": 0.997, "chi2_df": 3, "chi2_threshold": 13.931422665512084, "N_raw": 36, "N_roi": 36, "N_inlier": 35, "refit": true}
