{"timestamp": "20:01:18.265906", "frame": 4, "mu": [-1.0396984190138747, 4.945729372860092, -0.9017950978595701], "Sigma": [[0.013247976932851081, -0.0011057490729433344, 0.0033708410755987437], [-0.0011057490729433346, 0.0010139863065523104, -0.0018197951150530694], [0.0033708410755987437, -0.0018197951150530696, 0.007342616526420458]], "chi2_level": 0.997, "chi2_df": 3, "chi2_threshold": 13.931422665512084, "N_raw": 58, "N_roi": 14, "N_inlier": 14, "refit": true}
{"timestamp": "20:01:18.371833", "frame": 6, "mu": [-1.0003888048069303, 4.944864518585594, 0.9585780469683371], "Sigma": [[0.027869798028971313, 0.0005983884170637269, -0.006900967806158902], [0.0005983884170637269, 0.0014843083461845374, -0.0024466624309943917], [-0.006900967806158902, -0.0024466624309943917, 0.00854385024570291]], "chi2_level": 0.997, "chi2_df": 3, "chi2_threshold": 13.931422665512084, "N_raw": 41, "N_roi": 27, "N_inlier": 27, "refit": true}
{"timestamp": "20:01:18.427928", "frame": 7, "mu": [-0.9034157840936006, 4.943240861053905, 1.0546620913579199], "Sigma": [[0.018277501689860157, 0.0004490203990645561, -0.004832381621574503], [0.000449020399064556, 0.001656452617541122, -0.004020757271651769], [-0.004832381621574504, -0.0040207572716517695, 0.015794360073568152]], "chi2_level": 0.997, "chi2_df": 3, "chi2_threshold": 13.931422665512084, "N_raw": 33, "N_roi": 24, "N_inlier": 24, "refit": true}
{"timestamp": "20:01:18.480698", "frame": 8, "mu": [-0.8459379437417741, 4.938431692724157, 1.0620688821160147], "Sigma": [[0.009727823642729354, 0.0017938860935802598, -0.0018059229352653482], [0.0017938860935802598, 0.0010101251775228373, -0.0038145734097203366], [-0.0018059229352653486, -0.0038145734097203366, 0.021323492534240557]], "chi2_level": 0.997, "chi2_df": 3, "chi2_threshold": 13.931422665512084, "N_raw": 20, "N_roi": 19, "N_inlier": 18, "refit": true}
{"timestamp": "20:01:18.537656", "frame": 9, "mu": [-0.9784328484092735, 4.9023534188406535, 0.8876890849465772], "Sigma": [[0.028361070216337145, 0.00472376362342841, -0.002040470206991915], [0.00472376362342841, 0.002251612496461726, -0.0025699442607496153], [-0.0020404702069919145, -0.0025699442607496153, 0.0064501201585830704]], "chi2_level": 0.997, "chi2_df": 3, "chi2_threshold": 13.931422665512084, "N_raw": 36, "N_roi": 31, "N_inlier": 31, "refit": true}
{"timestamp": "20:01:18.596544", "frame": 10, "mu": [-0.9854865819283485, 4.957357418727479, 0.3466995216223274], "Sigma": [[0.016958238710820916, 0.0010413596456897262, -0.0017630698391477727], [0.0010413596456897262, 0.000895967760681059, -0.00019498444869747538], [-0.0017630698391477727, -0.00019498444869747538, 0.0003486988460556747]], "chi2_level": 0.997, "chi2_df": 3, "chi2_threshold": 13.931422665512084, "N_raw": 53, "N_roi": 14, "N_inlier": 13, "refit": true}
{"timestamp": "20:01:18.651816", "frame": 11, "mu": [-0.8718525209421251, 4.906009688915385, 0.7346499232109003], "Sigma": [[0.028085935049494384, 0.005548917799888795, -0.002393936775814059], [0.005548917799888795, 0.0034036302304471027, -0.004947469722980589], [-0.0023939367758140594, -0.004947469722980589, 0.01488360951995876]], "chi2_level": 0.997, "chi2_df": 3, "chi2_threshold": 13.931422665512084, "N_raw": 49, "N_roi": 41, "N_inlier": 40, "refit": true}
{"timestamp": "20:01:18.707878", "frame": 12, "mu": [-0.9346904303914085, 4.933648413357324, 0.13813388899898582], "Sigma": [[0.03302547228204405, 0.0018637921576234026, 0.0017025755024989509], [0.0018637921576234026, 0.0016536425554937626, -4.22374405810736e-05], [0.0017025755024989507, -4.2237440581073586e-05, 0.00045822823396958386]], "chi2_level": 0.997, "chi2_df": 3, "chi2_threshold": 13.931422665512084, "N_raw": 62, "N_roi": 24, "N_inlier": 24, "refit": true}
{"timestamp": "20:01:18.759275", "frame": 13, "mu": [-0.7055318377850194, 4.880583801015485, 0.7497160843584614], "Sigma": [[0.031031210187862358, 0.010162416826446734, -0.006171036849070751], [0.010162416826446734, 0.00505450577382122, -0.005029094929999544], [-0.006171036849070751, -0.005029094929999544, 0.011412811766883236]], "chi2_level": 0.997, "chi2_df": 3, "chi2_threshold": 13.931422665512084, "N_raw": 41, "N_roi": 37, "N_inlier": 36, "refit": true}
{"timestamp": "20:01:18.868283", "frame": 15, "mu": [-0.6092959039488356, 4.866062099956573, 0.6713274146623714], "Sigma": [[0.025647487822001575, 0.0036889251997727157, -0.01326324750911358], [0.0036889251997727157, 0.004854712014427001, -0.0013667393496853185], [-0.01326324750911358, -0.0013667393496853185, 0.015247897529102869]], "chi2_level": 0.997, "chi2_df": 3, "chi2_threshold": 13.931422665512084, "N_raw": 29, "N_roi": 27, "N_inlier": 26, "refit": true}
{"timestamp": "20:01:18.925382", "frame": 16, "mu": [-0.6626069672080536, 4.770577389871182, 0.6939205629853318], "Sigma": [[0.028539447938605016, 0.0017710764593218417, -0.02749409750634605], [0.0017710764593218417, 0.0032928425603257665, -0.006764109078125018], [-0.02749409750634605, -0.006764109078125017, 0.051471935951197686]], "chi2_level": 0.997, "chi2_df": 3, "chi2_threshold": 13.931422665512084, "N_raw": 50, "N_roi": 50, "N_inlier": 50, "refit": true}
{"timestamp": "20:01:18.984164", "frame": 17, "mu": [-0.578895679381194, 4.693482755794093, 0.5205245991378575], "Sigma": [[0.0354047331048304, 0.0034915328537526396, -0.023458795020247045], [0.003491532853752639, 0.005113851084454814, -0.009274915693532488], [-0.023458795020247045, -0.009274915693532488, 0.04223062885839042]], "chi2_level": 0.997, "chi2_df": 3, "chi2_threshold": 13.931422665512084, "N_raw": 72, "N_roi": 69, "N_inlier": 68, "refit": true}
{"timestamp": "20:01:19.038408", "frame": 18, "mu": [-0.5689142447713531, 4.664662613819202, 0.5196245411228626], "Sigma": [[0.03973342641007582, 0.005889819890098021, -0.02211117875130753], [0.005889819890098021, 0.0060079375563970834, -0.006639167149019659], [-0.02211117875130753, -0.006639167149019659, 0.01684616515387083]], "chi2_level": 0.997, "chi2_df": 3, "chi2_threshold": 13.931422665512084, "N_raw": 64, "N_roi": 61, "N_inlier": 61, "refit": true}
{"timestamp": "20:01:19.096331", "frame": 19, "mu": [-0.4985433068697079, 4.832462834559224, -0.15393173074512817], "Sigma": [[0.04821208815233281, 0.009233206215870565, -0.016741234672627257], [0.009233206215870565, 0.009242991575940772, -0.007986588180634413], [-0.016741234672627257, -0.007986588180634413, 0.011252280451343941]], "chi2_level": 0.997, "chi2_df": 3, "chi2_threshold": 13.931422665512084, "N_raw": 88, "N_roi": 73, "N_inlier": 73, "refit": true}
{"timestamp": "20:01:19.141728", "frame": 20, "mu": [-0.43290389211781855, 4.6099266959968475, 0.5935166689459868], "Sigma": [[0.014062220187232063, 0.002076069199525706, -0.005492731222815909], [0.0020760691995257057, 0.002942010923478949, -0.004650096841939201], [-0.005492731222815909, -0.004650096841939201, 0.03400725248709632]], "chi2_level": 0.997, "chi2_df": 3, "chi2_threshold": 13.931422665512084, "N_raw": 18, "N_roi": 16, "N_inlier": 16, "refit": true}
{"timestamp": "20:01:19.196292", "frame": 21, "mu": [-0.45526330287328864, 4.565292053386715, 0.700307169304468], "Sigma": [[0.008666802931055118, 0.0003076216803035831, -0.00552878632185445], [0.0003076216803035831, 0.0017349578416676456, -0.0021035970180426386], [-0.00552878632185445, -0.0021035970180426386, 0.009010490430208731]], "chi2_level": 0.997, "chi2_df": 3, "chi2_threshold": 13.931422665512084, "N_raw": 20, "N_roi": 17, "N_inlier": 17, "refit": true}
{"timestamp": "20:01:19.253852", "frame": 22, "mu": [-0.3961675452462349, 4.437223126170521, 0.5912020902094179], "Sigma": [[0.022127107530461855, -0.0014877369519864581, -0.013573592723311075], [-0.0014877369519864583, 0.0005710232526302254, 0.0005982396168449415], [-0.013573592723311075, 0.0005982396168449416, 0.04073296766176504]], "chi2_level": 0.997, "chi2_df": 3, "chi2_threshold": 13.931422665512084, "N_raw": 41, "N_roi": 38, "N_inlier": 36, "refit": true}
{"timestamp": "20:01:19.313991", "frame": 23, "mu": [-0.3476293434011781, 4.431090825156833, 0.5624786870518773], "Sigma": [[0.022447001866542436, 0.000980243400002143, -0.0019556199080658972], [0.0009802434000021425, 0.002464027160273416, -0.0015449557104857408], [-0.0019556199080658972, -0.0015449557104857408, 0.0023696426305625075]], "chi2_level": 0.997, "chi2_df": 3, "chi2_threshold": 13.931422665512084, "N_raw": 37, "N_roi": 37, "N_inlier": 36, "refit": true}
{"timestamp": "20:01:19.366053", "frame": 24, "mu": [-0.2911931242066252, 4.4444531422147575, 0.7955897819973684], "Sigma": [[0.027867428835836948, 0.0025772942960370854, -0.005491255995669757], [0.002577294296037085, 0.0059804752570283325, -0.006072304389431349], [-0.005491255995669756, -0.006072304389431349, 0.01054150527058407]], "chi2_level": 0.997, "chi2_df": 3, "chi2_threshold": 13.931422665512084, "N_raw": 56, "N_roi": 56, "N_inlier": 55, "refit": true}
{"timestamp": "20:01:19.423690", "frame": 25, "mu": [-0.1621038743987771, 4.581983862039634, -0.44805712618908594], "Sigma": [[0.024183786683750874, 0.016201506289377735, 0.0553783166639412], [0.016201506289377735, 0.024492626953591723, 0.053416829890956134], [0.0553783166639412, 0.05341682989095614, 0.23135296803988345]], "chi2_level": 0.997, "chi2_df": 3, "chi2_threshold": 13.931422665512084, "N_raw": 64, "N_roi": 59, "N_inlier": 59, "refit": true}
{"timestamp": "20:01:19.479714", "frame": 26, "mu": [-0.15742000756220267, 4.324573023489486, 0.6028776691040685], "Sigma": [[0.03186425519982071, -0.0032812456374892484, -0.023915890882104614], [-0.0032812456374892484, 0.004807771819638141, -0.0019486356772009442], [-0.023915890882104614, -0.0019486356772009444, 0.047808106164047584]], "chi2_level": 0.997, "chi2_df": 3, "chi2_threshold": 13.931422665512084, "N_raw": 75, "N_roi": 74, "N_inlier": 73, "refit": true}
{"timestamp": "20:01:19.530246", "frame": 27, "mu": [-0.18345841785361724, 4.262138998621244, 0.6816252701536234], "Sigma": [[0.022973968429970692, -0.0026480740512528625, -0.02012380332448021], [-0.0026480740512528625, 0.0019114375520989503, -0.00016917769965506138], [-0.02012380332448021, -0.00016917769965506138, 0.027194691877461367]], "chi2_level": 0.997, "chi2_df": 3, "chi2_threshold": 13.931422665512084, "N_raw": 45, "N_roi": 41, "N_inlier": 41, "refit": true}
{"timestamp": "20:01:19.583906", "frame": 28, "mu": [-0.09588206714340874, 4.172638344389545, 0.5276588883762598], "Sigma": [[0.025036952948878834, 0.002297492158878479, -0.00579033698773729], [0.0022974921588784793, 0.004306568813222966, -0.0008328289325560466], [-0.00579033698773729, -0.0008328289325560466, 0.006033717473100627]], "chi2_level": 0.997, "chi2_df": 3, "chi2_threshold": 13.931422665512084, "N_raw": 40, "N_roi": 38, "N_inlier": 37, "refit": true}
{"timestamp": "20:01:19.642979", "frame": 29, "mu": [0.008558907054141272, 4.340773946664104, -0.18957271505642076], "Sigma": [[0.027100906527134185, 0.00039302401677621395, 0.0057723736999993735], [0.00039302401677621416, 0.004692684205377787, -0.0023876693245132637], [0.005772373699999373, -0.0023876693245132637, 0.006620692600739841]], "chi2_level": 0.997, "chi2_df": 3, "chi2_threshold": 13.931422665512084, "N_raw": 58, "N_roi": 53, "N_inlier": 51, "refit": true}
{"timestamp": "20:01:19.693779", "frame": 30, "mu": [0.05870434678610801, 4.129897069162446, 0.8222385494251762], "Sigma": [[0.023525975292907987, 0.0011673914501651153, -0.00035802623682535875], [0.0011673914501651155, 0.002096507070289639, -0.0019377150014653754], [-0.00035802623682535875, -0.0019377150014653754, 0.0026418641920808094]], "chi2_level": 0.997, "chi2_df": 3, "chi2_threshold": 13.931422665512084, "N_raw": 40, "N_roi": 40, "N_inlier": 39, "refit": true}
{"timestamp": "20:01:19.752138", "frame": 31, "mu": [0.08621149603075765, 4.213256248385284, 0.09392882981246756], "Sigma": [[0.02332481563445952, 0.0006042339546121259, 0.01311202796076484], [0.000604233954612126, 0.005223343690312348, -0.01109657242621221], [0.013112027960764841, -0.01109657242621221, 0.03741593405904477]], "chi2_level": 0.997, "chi2_df": 3, "chi2_threshold": 13.931422665512084, "N_raw": 51, "N_roi": 51, "N_inlier": 49, "refit": true}
{"timestamp": "20:01:19.808114", "frame": 32, "mu": [0.0798343573707651, 4.027012463969052, 0.954348043756824], "Sigma": [[0.028505669922060252, 0.0015297730628808842, 0.0008927641839332626], [0.0015297730628808842, 0.005537283244596026, -0.0034671875833603124], [0.0008927641839332626, -0.0034671875833603124, 0.007852755825413301]], "chi2_level": 0.997, "chi2_df": 3, "chi2_threshold": 13.931422665512084, "N_raw": 68, "N_roi": 68, "N_inlier": 68, "refit": true}
{"timestamp": "20:01:19.866053", "frame": 33, "mu": [0.17850347943723197, 4.132989756985983, -0.18154571333202976], "Sigma": [[0.037234043033271255, 0.006389680338511745, -0.040268727227762646], [0.006389680338511745, 0.008312109222384685, -0.01135748776925136], [-0.040268727227762646, -0.011357487769251358, 0.050168129512082334]], "chi2_level": 0.997, "chi2_df": 3, "chi2_threshold": 13.931422665512084, "N_raw": 79, "N_roi": 79, "N_inlier": 79, "refit": true}
{"timestamp": "20:01:19.923159", "frame": 34, "mu": [0.23344963952522088, 3.8994007494188745, 0.7650509955203835], "Sigma": [[0.03437563544702726, 0.0018276814902840053, -0.01955503239863316], [0.001827681490284005, 0.011037271719497975, -0.0013630043954133454], [-0.01955503239863316, -0.0013630043954133456, 0.02469441933237204]], "chi2_level": 0.997, "chi2_df": 3, "chi2_threshold": 13.931422665512084, "N_raw": 97, "N_roi": 97, "N_inlier": 97, "refit": true}
{"timestamp": "20:01:19.972975", "frame": 35, "mu": [0.27233228594087894, 3.8585022211018845, 0.7236054294233544], "Sigma": [[0.035749563974278344, 0.002033441253273075, -0.03471081344501924], [0.002033441253273075, 0.003940259351376086, -0.0057636504898412036], [-0.03471081344501924, -0.005763650489841204, 0.04786560466470795]], "chi2_level": 0.997, "chi2_df": 3, "chi2_threshold": 13.931422665512084, "N_raw": 63, "N_roi": 63, "N_inlier": 63, "refit": true}
{"timestamp": "20:01:20.033656", "frame": 36, "mu": [0.31992537462542747, 4.005613256927808, -0.21404499658509005], "Sigma": [[0.028787266400359904, 0.004511840335973623, -0.027946746314021168], [0.004511840335973623, 0.013576498127231341, -0.015185333657416132], [-0.027946746314021168, -0.015185333657416132, 0.049926912567951]], "chi2_level": 0.997, "chi2_df": 3, "chi2_threshold": 13.931422665512084, "N_raw": 99, "N_roi": 99, "N_inlier": 97, "refit": true}
{"timestamp": "20:01:20.087529", "frame": 37, "mu": [0.3874121597333734, 3.736103715389903, 0.682986939621946], "Sigma": [[0.026086051650033984, -0.001979059535804814, -0.02759134389039208], [-0.001979059535804814, 0.004769816863807301, -0.003833764513557416], [-0.02759134389039208, -0.003833764513557416, 0.05771502578423496]], "chi2_level": 0.997, "chi2_df": 3, "chi2_threshold": 13.931422665512084, "N_raw": 86, "N_roi": 86, "N_inlier": 86, "refit": true}
{"timestamp": "20:01:20.139407", "frame": 38, "mu": [0.4347763984310302, 3.6590334634728943, 0.6959181111431186], "Sigma": [[0.03459206083442441, 0.000832494640270337, -0.035694645708823046], [0.000832494640270337, 0.005499382021502504, -0.006366967814865059], [-0.035694645708823046, -0.006366967814865059, 0.04682809925519733]], "chi2_level": 0.997, "chi2_df": 3, "chi2_threshold": 13.931422665512084, "N_raw": 76, "N_roi": 76, "N_inlier": 73, "refit": true}
{"timestamp": "20:01:20.191768", "frame": 39, "mu": [0.39204109766058004, 3.6762015684133873, -0.8054360529371125], "Sigma": [[0.021110141582945892, 0.005932447899998999, 0.03992300376760881], [0.005932447899998999, 0.009562192257651715, 0.02744629970042213], [0.03992300376760881, 0.02744629970042213, 0.15534836973136892]], "chi2_level": 0.997, "chi2_df": 3, "chi2_threshold": 13.931422665512084, "N_raw": 54, "N_roi": 51, "N_inlier": 49, "refit": true}
{"timestamp": "20:01:20.246822", "frame": 40, "mu": [0.5004250439669775, 3.5699425199109656, 0.8293583439517791], "Sigma": [[0.023522673696260266, 0.00029882674273561246, -0.0049764006045970605], [0.0002988267427356128, 0.004792139349311469, -0.002244927049973121], [-0.0049764006045970605, -0.002244927049973121, 0.0048296358135289045]], "chi2_level": 0.997, "chi2_df": 3, "chi2_threshold": 13.931422665512084, "N_raw": 63, "N_roi": 63, "N_inlier": 63, "refit": true}
{"timestamp": "20:01:20.301841", "frame": 41, "mu": [0.5239510199635522, 3.5106960255511144, 0.7417931437380892], "Sigma": [[0.02183489324882827, -0.0013522604026601505, -0.004542140246566535], [-0.0013522604026601503, 0.006327004681174653, 0.001265510852390385], [-0.004542140246566535, 0.001265510852390385, 0.0026805455766991597]], "chi2_level": 0.997, "chi2_df": 3, "chi2_threshold": 13.931422665512084, "N_raw": 56, "N_roi": 56, "N_inlier": 56, "refit": true}
{"timestamp": "20:01:20.361272", "frame": 42, "mu": [0.5686854674656869, 3.5769206640336124, -0.7100019036351088], "Sigma": [[0.028933481798125174, 0.009695030203564527, 0.06708416197028413], [0.009695030203564527, 0.019277526423702993, 0.007047237572539136], [0.06708416197028413, 0.0070472375725391355, 0.29047062574138455]], "chi2_level": 0.997, "chi2_df": 3, "chi2_threshold": 13.931422665512084, "N_raw": 78, "N_roi": 78, "N_inlier": 77, "refit": true}
{"timestamp": "20:01:20.414354", "frame": 43, "mu": [0.6194779480690259, 3.4370353696295544, 0.8223835951768778], "Sigma": [[0.03081727941017889, 7.844768110251742e-06, -0.01623542755062626], [7.844768110251525e-06, 0.006475176297261405, -0.002577363816549595], [-0.01623542755062626, -0.002577363816549595, 0.01595914361358365]], "chi2_level": 0.997, "chi2_df": 3, "chi2_threshold": 13.931422665512084, "N_raw": 73, "N_roi": 72, "N_inlier": 71, "refit": true}
{"timestamp": "20:01:20.465239", "frame": 44, "mu": [0.6706137204530166, 3.3705831305883898, 0.7197218057852501], "Sigma": [[0.020634596256490844, -0.00356239871488588, -0.011204032066080791], [-0.00356239871488588, 0.0022595750655105247, 0.0007586686161375339], [-0.01120403206608079, 0.0007586686161375339, 0.02269636014121265]], "chi2_level": 0.997, "chi2_df": 3, "chi2_threshold": 13.931422665512084, "N_raw": 45, "N_roi": 45, "N_inlier": 42, "refit": true}
{"timestamp": "20:01:20.518799", "frame": 45, "mu": [0.7417757003150606, 3.313727601843724, 0.5879540958766206], "Sigma": [[0.03970163776845363, 0.006393414514395877, -0.0038678612844641447], [0.006393414514395876, 0.0028815484420138837, -0.0018766003366996685], [-0.0038678612844641443, -0.0018766003366996685, 0.0013731438610616103]], "chi2_level": 0.997, "chi2_df": 3, "chi2_threshold": 13.931422665512084, "N_raw": 30, "N_roi": 30, "N_inlier": 29, "refit": true}
{"timestamp": "20:01:20.574945", "frame": 46, "mu": [0.8214877937416368, 3.2683763368880685, 0.7875556063254685], "Sigma": [[0.017779033050689484, -0.003786227083634355, -0.004119915153063112], [-0.003786227083634355, 0.003124420983004021, -0.001541739993712442], [-0.004119915153063112, -0.001541739993712442, 0.005942268296679111]], "chi2_level": 0.997, "chi2_df": 3, "chi2_threshold": 13.931422665512084, "N_raw": 47, "N_roi": 47, "N_inlier": 46, "refit": true}
{"timestamp": "20:01:20.631301", "frame": 47, "mu": [0.8675476854266303, 3.3144686634628617, -0.666965024150828], "Sigma": [[0.020092801260601607, 0.008378082899462472, 0.029121695894709552], [0.008378082899462472, 0.011583594916733015, 0.025610224131152933], [0.02912169589470956, 0.025610224131152933, 0.13977876431169656]], "chi2_level": 0.997, "chi2_df": 3, "chi2_threshold": 13.931422665512084, "N_raw": 50, "N_roi": 48, "N_inlier": 48, "refit": true}
{"timestamp": "20:01:20.685233", "frame": 48, "mu": [0.9260366079264453, 3.3281592476403654, -0.3443235395185623], "Sigma": [[0.016615343779706217, -0.005308461202488067, -0.009581339341805032], [-0.005308461202488067, 0.0047578153756227684, 0.00013364113224392755], [-0.009581339341805032, 0.00013364113224392755, 0.011193632458766844]], "chi2_level": 0.997, "chi2_df": 3, "chi2_threshold": 13.931422665512084, "N_raw": 45, "N_roi": 41, "N_inlier": 40, "refit": true}
{"timestamp": "20:01:20.741286", "frame": 49, "mu": [0.9624799080592598, 3.223988609803094, -0.32136655757015764], "Sigma": [[0.015433884697821467, -0.004007543506005259, 0.0073627926589139745], [-0.004007543506005259, 0.004770236115057191, -0.012823202467399299], [0.007362792658913974, -0.012823202467399299, 0.040405597258090974]], "chi2_level": 0.997, "chi2_df": 3, "chi2_threshold": 13.931422665512084, "N_raw": 54, "N_roi": 52, "N_inlier": 50, "refit": true}
{"timestamp": "20:01:20.794809", "frame": 50, "mu": [0.9833592894289992, 3.1484298494118796, -0.32666087841023494], "Sigma": [[0.013222805872403475, -0.001299553369243742, 0.009136186377735748], [-0.001299553369243742, 0.0038121925377495374, -0.012413240365016972], [0.009136186377735748, -0.012413240365016974, 0.0609316536261357]], "chi2_level": 0.997, "chi2_df": 3, "chi2_threshold": 13.931422665512084, "N_raw": 47, "N_roi": 47, "N_inlier": 45, "refit": true}
{"timestamp": "20:01:20.851443", "frame": 51, "mu": [1.003848192736297, 3.146792280152018, -0.32157134727764297], "Sigma": [[0.01649034447443891, -0.0032474247507599517, -0.0003736163311184377], [-0.0032474247507599512, 0.0048949790638688866, -0.0058997623424051765], [-0.0003736163311184381, -0.0058997623424051765, 0.009680782104887329]], "chi2_level": 0.997, "chi2_df": 3, "chi2_threshold": 13.931422665512084, "N_raw": 54, "N_roi": 52, "N_inlier": 51, "refit": true}
{"timestamp": "20:01:20.906932", "frame": 52, "mu": [1.0202126947044565, 2.7353272414335223, 0.5607220788173267], "Sigma": [[0.017726625352833536, 0.0010594763699565673, 0.012361501407759216], [0.0010594763699565675, 0.002876255332798582, -0.00044673066308882446], [0.012361501407759216, -0.00044673066308882435, 0.021529747513652702]], "chi2_level": 0.997, "chi2_df": 3, "chi2_threshold": 13.931422665512084, "N_raw": 60, "N_roi": 60, "N_inlier": 57, "refit": true}
{"timestamp": "20:01:20.963447", "frame": 53, "mu": [1.1212229203912116, 2.6713642859611775, 0.5978306448771001], "Sigma": [[0.02293801229117507, 0.004819327396612762, 0.007393247531465176], [0.004819327396612761, 0.007985839837139606, 0.0005114667972333038], [0.007393247531465175, 0.0005114667972333039, 0.017127696019189655]], "chi2_level": 0.997, "chi2_df": 3, "chi2_threshold": 13.931422665512084, "N_raw": 69, "N_roi": 69, "N_inlier": 67, "refit": true}
{"timestamp": "20:01:21.016245", "frame": 54, "mu": [1.1403137549298357, 2.6330413116894245, 0.7056624495818978], "Sigma": [[0.01265145292460998, -0.006436105317569176, -0.0033267805397179068], [-0.006436105317569176, 0.006408339351427814, -5.632464937392541e-05], [-0.0033267805397179068, -5.632464937392552e-05, 0.003278022342325627]], "chi2_level": 0.997, "chi2_df": 3, "chi2_threshold": 13.931422665512084, "N_raw": 49, "N_roi": 45, "N_inlier": 42, "refit": true}
{"timestamp": "20:01:21.070935", "frame": 55, "mu": [1.1810853338116036, 2.643995538469331, 0.7991353350184237], "Sigma": [[0.011550848067062159, 0.004768648315236932, 0.008788370880397285], [0.004768648315236932, 0.020995079819917724, 0.022440484310462434], [0.008788370880397283, 0.022440484310462434, 0.03116070639516758]], "chi2_level": 0.997, "chi2_df": 3, "chi2_threshold": 13.931422665512084, "N_raw": 52, "N_roi": 51, "N_inlier": 50, "refit": true}
{"timestamp": "20:01:21.125931", "frame": 56, "mu": [1.3010548171106333, 2.7379316630333266, 1.2167293389681004], "Sigma": [[0.014290061912876904, -0.004572054920289166, -0.0015869849984824303], [-0.004572054920289166, 0.005608394162894437, -0.000952136472709044], [-0.0015869849984824303, -0.000952136472709044, 0.0014938206659875423]], "chi2_level": 0.997, "chi2_df": 3, "chi2_threshold": 13.931422665512084, "N_raw": 52, "N_roi": 52, "N_inlier": 48, "refit": true}
{"timestamp": "20:01:21.181421", "frame": 57, "mu": [1.3310918473992246, 2.469181121698835, 0.748554499929314], "Sigma": [[0.01640363437273417, -0.009520852222737318, -0.011885566666383462], [-0.009520852222737318, 0.010282774323277144, 0.0028469064815416735], [-0.011885566666383462, 0.0028469064815416735, 0.01737037181954513]], "chi2_level": 0.997, "chi2_df": 3, "chi2_threshold": 13.931422665512084, "N_raw": 59, "N_roi": 59, "N_inlier": 56, "refit": true}
{"timestamp": "20:01:21.236845", "frame": 58, "mu": [1.3825817201544188, 2.5104248666516735, 0.9506445223899881], "Sigma": [[0.01614221617201815, -0.005470889166861968, -0.0011558600029903854], [-0.005470889166861968, 0.004680641727049704, -0.0025214983868435204], [-0.0011558600029903856, -0.00252149838684352, 0.005472581780589692]], "chi2_level": 0.997, "chi2_df": 3, "chi2_threshold": 13.931422665512084, "N_raw": 54, "N_roi": 54, "N_inlier": 52, "refit": true}
{"timestamp": "20:01:21.294242", "frame": 59, "mu": [1.419407007079125, 2.4692781959907264, 0.8625271582245662], "Sigma": [[0.014704429640275416, -0.004016500728008896, -0.0009154606508024438], [-0.0040165007280088955, 0.0046663744376379945, -0.0021757873482132636], [-0.0009154606508024436, -0.0021757873482132636, 0.008837499859629156]], "chi2_level": 0.997, "chi2_df": 3, "chi2_threshold": 13.931422665512084, "N_raw": 56, "N_roi": 56, "N_inlier": 55, "refit": true}
{"timestamp": "20:01:21.342032", "frame": 60, "mu": [1.406771600296737, 2.539754705560893, 1.2360047708000383], "Sigma": [[0.01026797341217653, -0.00473656798987249, -0.001856853415322663], [-0.00473656798987249, 0.005649371848226813, 0.00452591351014362], [-0.0018568534153226633, 0.0045259135101436195, 0.012839832784599693]], "chi2_level": 0.997, "chi2_df": 3, "chi2_threshold": 13.931422665512084, "N_raw": 28, "N_roi": 28, "N_inlier": 26, "refit": true}
{"timestamp": "20:01:21.397360", "frame": 61, "mu": [1.4224597186243206, 2.618497326374436, -0.2996292001487834], "Sigma": [[0.009421377395339825, -0.0017974462979425598, -0.0008541595124268867], [-0.0017974462979425594, 0.002844731921439546, -0.0019147526531830298], [-0.0008541595124268867, -0.0019147526531830298, 0.0038829593813944157]], "chi2_level": 0.997, "chi2_df": 3, "chi2_threshold": 13.931422665512084, "N_raw": 25, "N_roi": 25, "N_inlier": 25, "refit": true}
{"timestamp": "20:01:21.449630", "frame": 62, "mu": [1.4690532728989172, 2.5514775534296987, -0.6346667495504662], "Sigma": [[0.0071910542433940355, -0.002095989037973657, -0.01236598694950211], [-0.0020959890379736567, 0.002162039094508132, -0.0012985213065150674], [-0.01236598694950211, -0.0012985213065150674, 0.05285664952659139]], "chi2_level": 0.997, "chi2_df": 3, "chi2_threshold": 13.931422665512084, "N_raw": 14, "N_roi": 13, "N_inlier": 12, "refit": true}
{"timestamp": "20:01:21.506109", "frame": 63, "mu": [1.4939119761354227, 2.357866718383561, 0.8909301262141374], "Sigma": [[0.005772746398636698, -0.002562618785876559, -0.00141156774010446], [-0.0025626187858765596, 0.0016516430224183599, -0.0005192935938268449], [-0.00141156774010446, -0.0005192935938268449, 0.004342410007658212]], "chi2_level": 0.997, "chi2_df": 3, "chi2_threshold": 13.931422665512084, "N_raw": 20, "N_roi": 20, "N_inlier": 19, "refit": true}
{"timestamp": "20:01:21.564841", "frame": 64, "mu": [1.5080666931079252, 2.4132240556218396, 1.2228403437317414], "Sigma": [[0.012153628265106966, -0.005692436558991664, -0.003236533005332696], [-0.005692436558991666, 0.005646121873338011, -0.0024834875897405254], [-0.003236533005332696, -0.0024834875897405254, 0.009998570335101308]], "chi2_level": 0.997, "chi2_df": 3, "chi2_threshold": 13.931422665512084, "N_raw": 48, "N_roi": 48, "N_inlier": 48, "refit": true}
{"timestamp": "20:01:21.619305", "frame": 65, "mu": [1.5518770274911946, 2.471662916016843, -0.5005689979732113], "Sigma": [[0.00948269026129204, -0.00410787452439014, -0.003240884854045452], [-0.00410787452439014, 0.003384080557746078, -0.0028759019340094047], [-0.0032408848540454523, -0.0028759019340094047, 0.014322172984068609]], "chi2_level": 0.997, "chi2_df": 3, "chi2_threshold": 13.931422665512084, "N_raw": 34, "N_roi": 34, "N_inlier": 33, "refit": true}
{"timestamp": "20:01:21.674368", "frame": 66, "mu": [1.58124029513594, 2.2808312822662864, 1.2441771279119733], "Sigma": [[0.008588618743451371, -0.0054431651459457475, -0.0054420220442199], [-0.0054431651459457475, 0.008532804457168731, 0.015027268393134436], [-0.0054420220442199, 0.015027268393134436, 0.06038653557269233]], "chi2_level": 0.997, "chi2_df": 3, "chi2_threshold": 13.931422665512084, "N_raw": 37, "N_roi": 37, "N_inlier": 36, "refit": true}
{"timestamp": "20:01:21.779637", "frame": 68, "mu": [1.5597702323175415, 2.1776230856450756, 1.1812631162080172], "Sigma": [[0.004958589293809675, -0.0036866916415247437, -0.010073243773733677], [-0.0036866916415247437, 0.006782555965822304, 0.014562714456109419], [-0.01007324377373368, 0.014562714456109417, 0.04795135252896229]], "chi2_level": 0.997, "chi2_df": 3, "chi2_threshold": 13.931422665512084, "N_raw": 13, "N_roi": 11, "N_inlier": 11, "refit": true}
{"timestamp": "20:01:22.054487", "frame": 73, "mu": [1.797346720128845, 1.9401206251997054, 1.3649612329453118], "Sigma": [[0.006486213918648702, -0.0012481207130239902, 0.0013356280332768077], [-0.00124812071302399, 0.003778380300413624, 0.0018483123275577747], [0.0013356280332768077, 0.0018483123275577747, 0.0018953959729741396]], "chi2_level": 0.997, "chi2_df": 3, "chi2_threshold": 13.931422665512084, "N_raw": 12, "N_roi": 12, "N_inlier": 12, "refit": true}
