{"timestamp": "15:58:30.526434", "frame": 1, "mu": [0.6136085029262979, 1.1341705225496255, 1.4628951879601746], "Sigma": [[0.0029642018868077636, 0.0028249313144686258, -0.0026411143434457588], [0.0028249313144686258, 0.002988131956478346, -0.002743485918760539], [-0.0026411143434457588, -0.002743485918760539, 0.0026305021577334936]], "chi2_level": 0.95, "chi2_df": 3, "chi2_threshold": 7.814727903251179, "N_raw": 5, "N_roi": 5, "N_inlier": 5, "refit": true}
{"timestamp": "15:58:30.584714", "frame": 2, "mu": [0.5778155435254748, 1.140411087099372, 1.5074345033895595], "Sigma": [[0.0022523188415655886, 0.00036174764000656136, -0.0008506001064876324], [0.00036174764000656136, 0.0015923007083930268, -0.0006561456550813303], [-0.0008506001064876324, -0.0006561456550813304, 0.0005832658085873915]], "chi2_level": 0.95, "chi2_df": 3, "chi2_threshold": 7.814727903251179, "N_raw": 27, "N_roi": 27, "N_inlier": 25, "refit": true}
{"timestamp": "15:58:30.637595", "frame": 3, "mu": [0.5805816322684301, 1.1255180766777395, 1.5065755763368132], "Sigma": [[0.0008010606056452138, 0.000543310206257584, -0.0004247577818847951], [0.000543310206257584, 0.001673515727855498, -0.0007810920191101517], [-0.0004247577818847951, -0.0007810920191101516, 0.0004290169893160366]], "chi2_level": 0.95, "chi2_df": 3, "chi2_threshold": 7.814727903251179, "N_raw": 13, "N_roi": 13, "N_inlier": 12, "refit": true}
{"timestamp": "15:58:30.747097", "frame": 5, "mu": [0.48020064130351015, 1.0650942983287903, -0.1163971796715728], "Sigma": [[0.04029062419194079, 0.07388736955241852, -0.019854727509595143], [0.07388736955241852, 0.13646981730905994, -0.03284336197249834], [-0.019854727509595143, -0.03284336197249835, 0.023421765417519145]], "chi2_level": 0.95, "chi2_df": 3, "chi2_threshold": 7.814727903251179, "N_raw": 5, "N_roi": 5, "N_inlier": 5, "refit": true}
{"timestamp": "15:58:30.801649", "frame": 6, "mu": [0.5150962781944967, 1.2020731611915965, 0.2657708747425182], "Sigma": [[8.902440499171224e-05, -0.0006817034135686683, 0.008854465494726743], [-0.0006817034135686683, 0.005902034540611239, -0.06760654688284087], [0.008854465494726745, -0.06760654688284089, 1.0249500937475269]], "chi2_level": 0.95, "chi2_df": 3, "chi2_threshold": 7.814727903251179, "N_raw": 5, "N_roi": 5, "N_inlier": 5, "refit": true}
{"timestamp": "15:58:30.965687", "frame": 9, "mu": [0.4901697534210754, 1.0591872549119765, 1.533720967275458], "Sigma": [[0.020341751944390047, 0.05360999812891926, -0.015055253835269573], [0.05360999812891926, 0.14720044397734852, -0.03772377029000109], [-0.015055253835269573, -0.03772377029000109, 0.012050702416012566]], "chi2_level": 0.95, "chi2_df": 3, "chi2_threshold": 7.814727903251179, "N_raw": 5, "N_roi": 5, "N_inlier": 5, "refit": true}
{"timestamp": "15:58:31.296907", "frame": 15, "mu": [0.5732552436944457, 0.9702959755797316, 1.4377404265430536], "Sigma": [[0.03573461353562835, 0.054530213509425024, -0.02899724966248351], [0.054530213509425024, 0.08351146402740751, -0.04395908260556223], [-0.02899724966248351, -0.04395908260556223, 0.028028885030214733]], "chi2_level": 0.95, "chi2_df": 3, "chi2_threshold": 7.814727903251179, "N_raw": 6, "N_roi": 6, "N_inlier": 6, "refit": true}
{"timestamp": "15:58:31.461687", "frame": 18, "mu": [0.5261165229365686, 1.1374544968921452, 1.4207735650239512], "Sigma": [[0.003187315079199589, 0.0020892951055842897, -0.004427007948488308], [0.0020892951055842897, 0.0015280918050689424, -0.002758070187442984], [-0.004427007948488308, -0.002758070187442984, 0.008631239013925889]], "chi2_level": 0.95, "chi2_df": 3, "chi2_threshold": 7.814727903251179, "N_raw": 5, "N_roi": 5, "N_inlier": 5, "refit": true}
{"timestamp": "15:58:31.516900", "frame": 19, "mu": [0.47906332334263363, 1.164292391790831, 1.5082119937059346], "Sigma": [[6.391120117933231e-05, -7.890213582064231e-06, -0.00012969788630057925], [-7.890213582064224e-06, 0.002579449087616238, -0.0027121241739286664], [-0.00012969788630057925, -0.002712124173928667, 0.00330064351278307]], "chi2_level": 0.95, "chi2_df": 3, "chi2_threshold": 7.814727903251179, "N_raw": 6, "N_roi": 6, "N_inlier": 5, "refit": true}
{"timestamp": "15:58:31.573059", "frame": 20, "mu": [0.5251887469237515, 1.1706575905066245, 1.1933219599323812], "Sigma": [[0.007604342298486636, -0.0010049758761567634, -0.03766955601731209], [-0.0010049758761567634, 0.0027224355330837647, 0.015093367078645493], [-0.03766955601731209, 0.015093367078645493, 0.3914192974495638]], "chi2_level": 0.95, "chi2_df": 3, "chi2_threshold": 7.814727903251179, "N_raw": 12, "N_roi": 12, "N_inlier": 12, "refit": true}
{"timestamp": "15:58:31.630988", "frame": 21, "mu": [0.5417267468774082, 1.1598992126224643, 1.4603350845391838], "Sigma": [[0.003435957419598512, -4.927808680232818e-05, -0.002994846254487188], [-4.9278086802328195e-05, 0.001232668832909532, -0.0009187385801544764], [-0.002994846254487188, -0.0009187385801544764, 0.003537701836473829]], "chi2_level": 0.95, "chi2_df": 3, "chi2_threshold": 7.814727903251179, "N_raw": 37, "N_roi": 37, "N_inlier": 33, "refit": true}
{"timestamp": "15:58:31.690776", "frame": 22, "mu": [0.5276641391430875, 1.1088435553319236, 0.8778198980252326], "Sigma": [[0.007369112919461737, -0.009412835638514977, -0.050311018895087906], [-0.009412835638514977, 0.01708739862753638, 0.08946082103411707], [-0.050311018895087906, 0.08946082103411707, 0.6005004392998126]], "chi2_level": 0.95, "chi2_df": 3, "chi2_threshold": 7.814727903251179, "N_raw": 63, "N_roi": 63, "N_inlier": 61, "refit": true}
{"timestamp": "15:58:31.738461", "frame": 23, "mu": [0.5712496692166824, 1.0969878230537584, 0.8804789560929411], "Sigma": [[0.00963953866120604, -0.012568777552259401, -0.054368331520881816], [-0.012568777552259401, 0.01756540671050387, 0.07124602334360297], [-0.05436833152088182, 0.07124602334360297, 0.36206662279599816]], "chi2_level": 0.95, "chi2_df": 3, "chi2_threshold": 7.814727903251179, "N_raw": 11, "N_roi": 11, "N_inlier": 10, "refit": true}
{"timestamp": "15:58:31.791455", "frame": 24, "mu": [0.5146181475804853, 1.0983136782074003, 0.8611089903025695], "Sigma": [[0.016625603806183296, -0.016907452428743794, -0.06484152424952255], [-0.016907452428743794, 0.021353910802675725, 0.08805510964751484], [-0.06484152424952255, 0.08805510964751484, 0.5235980155465775]], "chi2_level": 0.95, "chi2_df": 3, "chi2_threshold": 7.814727903251179, "N_raw": 10, "N_roi": 10, "N_inlier": 10, "refit": true}
{"timestamp": "15:58:31.852965", "frame": 25, "mu": [0.47650998242371617, 1.1073357742774792, 0.8470437880934084], "Sigma": [[0.003195467477375766, -0.003033910094900147, -0.024181004931604723], [-0.003033910094900147, 0.008147790489982395, 0.061721052942719554], [-0.024181004931604723, 0.061721052942719554, 0.5817255706404065]], "chi2_level": 0.95, "chi2_df": 3, "chi2_threshold": 7.814727903251179, "N_raw": 43, "N_roi": 43, "N_inlier": 40, "refit": true}
{"timestamp": "15:58:31.908843", "frame": 26, "mu": [0.502158442192857, 1.2076827181558842, 1.3680846996529463], "Sigma": [[0.00446085306880063, 0.001104273911658599, -0.007827246531268798], [0.001104273911658599, 0.002103231669820403, -0.004995773039237992], [-0.007827246531268798, -0.004995773039237992, 0.021182879793768636]], "chi2_level": 0.95, "chi2_df": 3, "chi2_threshold": 7.814727903251179, "N_raw": 37, "N_roi": 37, "N_inlier": 33, "refit": true}
{"timestamp": "15:58:31.968094", "frame": 27, "mu": [0.4527598655091994, 1.2076682222158779, 1.3435739660358645], "Sigma": [[0.006346918914389949, -0.0020231260054979477, -0.011498498574630296], [-0.0020231260054979477, 0.0031237825369732517, 0.0052386437846843525], [-0.011498498574630298, 0.0052386437846843525, 0.03497460967219757]], "chi2_level": 0.95, "chi2_df": 3, "chi2_threshold": 7.814727903251179, "N_raw": 72, "N_roi": 72, "N_inlier": 66, "refit": true}
{"timestamp": "15:58:32.016242", "frame": 28, "mu": [0.44268037488922274, 1.3946729802517717, -0.7584164722363743], "Sigma": [[0.0053801285411522164, 0.0032088921693226645, -0.020288138995061177], [0.003208892169322665, 0.017437857530975903, -0.06954640030625647], [-0.020288138995061177, -0.06954640030625647, 0.4209148158922707]], "chi2_level": 0.95, "chi2_df": 3, "chi2_threshold": 7.814727903251179, "N_raw": 11, "N_roi": 11, "N_inlier": 10, "refit": true}
{"timestamp": "15:58:32.077420", "frame": 29, "mu": [0.37328884299521436, 1.1652057551418689, 1.4233552150782525], "Sigma": [[0.004274218002053788, -0.0003077756284178411, -0.003615819048206976], [-0.000307775628417841, 0.0026221832674337506, -0.0015283013376437965], [-0.003615819048206976, -0.0015283013376437967, 0.004957084335692668]], "chi2_level": 0.95, "chi2_df": 3, "chi2_threshold": 7.814727903251179, "N_raw": 62, "N_roi": 62, "N_inlier": 56, "refit": true}
{"timestamp": "15:58:32.132429", "frame": 30, "mu": [0.2979214175859907, 1.2034464996192273, 1.447370882271889], "Sigma": [[0.003947937740460935, -0.0004963433076771768, -0.004622232416597498], [-0.0004963433076771767, 0.004442248053401327, 0.001930374733507509], [-0.004622232416597498, 0.0019303747335075092, 0.015661707183242852]], "chi2_level": 0.95, "chi2_df": 3, "chi2_threshold": 7.814727903251179, "N_raw": 65, "N_roi": 65, "N_inlier": 58, "refit": true}
{"timestamp": "15:58:32.181612", "frame": 31, "mu": [0.22701560524364708, 1.0981969381339571, 0.7058867571413275], "Sigma": [[0.012887549974081317, -0.00597175158494553, 0.015959529041606295], [-0.005971751584945532, 0.03228315856109322, 0.07730309407335802], [0.015959529041606295, 0.07730309407335802, 0.5697701806427341]], "chi2_level": 0.95, "chi2_df": 3, "chi2_threshold": 7.814727903251179, "N_raw": 16, "N_roi": 14, "N_inlier": 13, "refit": true}
{"timestamp": "15:58:32.240811", "frame": 32, "mu": [0.17806744990169918, 1.1948798714889757, 1.4518037210706196], "Sigma": [[0.0031910519321525885, -0.00011940756072551125, -0.003363149107323956], [-0.00011940756072551125, 0.0016535663078201283, -0.0012568459669126358], [-0.003363149107323956, -0.0012568459669126358, 0.005023988276500726]], "chi2_level": 0.95, "chi2_df": 3, "chi2_threshold": 7.814727903251179, "N_raw": 49, "N_roi": 49, "N_inlier": 43, "refit": true}
{"timestamp": "15:58:32.294510", "frame": 33, "mu": [0.15609598622720128, 1.121000806166402, 1.4272199892226602], "Sigma": [[0.0025758779428336842, -0.00017632791425740204, -0.007186558924799642], [-0.00017632791425740204, 0.003170738638087466, 0.007705162613973132], [-0.007186558924799642, 0.007705162613973132, 0.08169888728663127]], "chi2_level": 0.95, "chi2_df": 3, "chi2_threshold": 7.814727903251179, "N_raw": 40, "N_roi": 40, "N_inlier": 34, "refit": true}
{"timestamp": "15:58:32.344992", "frame": 34, "mu": [0.19110415551725962, 1.1144619549252281, 0.880015224887983], "Sigma": [[0.007492943154792581, 0.0014425490770959386, -0.05987494771516207], [0.0014425490770959386, 0.008057873713478483, 0.010250989931994789], [-0.05987494771516208, 0.01025098993199479, 0.569728294489621]], "chi2_level": 0.95, "chi2_df": 3, "chi2_threshold": 7.814727903251179, "N_raw": 10, "N_roi": 10, "N_inlier": 8, "refit": true}
{"timestamp": "15:58:32.399604", "frame": 35, "mu": [0.16071785163272265, 1.3019569890716354, -0.6230966764801383], "Sigma": [[0.026324903951137978, 0.027387763315841307, -0.10764688678963452], [0.027387763315841307, 0.029701184514135053, -0.11067373142890924], [-0.10764688678963452, -0.11067373142890924, 0.446587553634642]], "chi2_level": 0.95, "chi2_df": 3, "chi2_threshold": 7.814727903251179, "N_raw": 9, "N_roi": 9, "N_inlier": 8, "refit": true}
{"timestamp": "15:58:32.453865", "frame": 36, "mu": [0.002561341170977987, 1.1459409177908075, 1.4701429440194493], "Sigma": [[0.0017152896529498405, 0.0023499024207874826, -0.003594440552780876], [0.0023499024207874826, 0.0033400667725942256, -0.00509129727326515], [-0.003594440552780876, -0.005091297273265149, 0.007973523919173381]], "chi2_level": 0.95, "chi2_df": 3, "chi2_threshold": 7.814727903251179, "N_raw": 5, "N_roi": 5, "N_inlier": 5, "refit": true}
{"timestamp": "15:58:32.512447", "frame": 37, "mu": [-0.006368395318062335, 1.0642354724410301, 1.3865294881800652], "Sigma": [[0.0017060210609521477, -0.00147058194408033, -0.0035246898737588735], [-0.0014705819440803299, 0.0033008227435702394, 0.0031064865166228273], [-0.0035246898737588735, 0.003106486516622828, 0.007608912009882426]], "chi2_level": 0.95, "chi2_df": 3, "chi2_threshold": 7.814727903251179, "N_raw": 27, "N_roi": 27, "N_inlier": 26, "refit": true}
{"timestamp": "15:58:32.572334", "frame": 38, "mu": [-0.09858894925145367, 1.1309262628734489, 1.4465402897167767], "Sigma": [[0.002707695830659658, -0.0004710462305156857, -0.0029620929235957554], [-0.00047104623051568567, 0.006120374132400863, -0.001775686587065515], [-0.0029620929235957554, -0.0017756865870655154, 0.004716923844040812]], "chi2_level": 0.95, "chi2_df": 3, "chi2_threshold": 7.814727903251179, "N_raw": 64, "N_roi": 64, "N_inlier": 62, "refit": true}
{"timestamp": "15:58:32.627842", "frame": 39, "mu": [-0.1777335215148167, 1.1151497355161393, 1.5048206255917376], "Sigma": [[0.0033526556236460523, -0.0014167948575968836, -0.0035501144147067434], [-0.0014167948575968833, 0.003505106484221062, -0.000857157883598783], [-0.0035501144147067434, -0.0008571578835987828, 0.005995966740633102]], "chi2_level": 0.95, "chi2_df": 3, "chi2_threshold": 7.814727903251179, "N_raw": 65, "N_roi": 65, "N_inlier": 63, "refit": true}
{"timestamp": "15:58:32.678615", "frame": 40, "mu": [-0.232506834595251, 1.1906000672650672, 1.4407240275302833], "Sigma": [[0.0018766660956812161, 0.0004895914822364194, -0.0026969323615783215], [0.0004895914822364194, 0.0011154144758997518, -0.0021814105552707777], [-0.0026969323615783215, -0.0021814105552707772, 0.008753565882241469]], "chi2_level": 0.95, "chi2_df": 3, "chi2_threshold": 7.814727903251179, "N_raw": 36, "N_roi": 36, "N_inlier": 32, "refit": true}
{"timestamp": "15:58:32.742696", "frame": 41, "mu": [-0.2744300129385554, 1.1753321624969195, 0.04988574435222094], "Sigma": [[0.005957563918644408, -0.00514488195353436, 0.024199187933221268], [-0.005144881953534361, 0.012992779598563401, -0.050132063466891974], [0.024199187933221268, -0.05013206346689197, 0.286436813848392]], "chi2_level": 0.95, "chi2_df": 3, "chi2_threshold": 7.814727903251179, "N_raw": 102, "N_roi": 102, "N_inlier": 98, "refit": true}
{"timestamp": "15:58:32.800352", "frame": 42, "mu": [-0.36422454911090285, 1.1399366674210498, 1.4422396007860538], "Sigma": [[0.006828830033136046, -0.0022066545813131545, -0.00768894222657831], [-0.0022066545813131545, 0.00428895150494103, -0.0016403993660884105], [-0.00768894222657831, -0.0016403993660884105, 0.015419154868023659]], "chi2_level": 0.95, "chi2_df": 3, "chi2_threshold": 7.814727903251179, "N_raw": 103, "N_roi": 103, "N_inlier": 100, "refit": true}
{"timestamp": "15:58:32.847143", "frame": 43, "mu": [-0.4598984845192947, 1.1543807988279795, 1.4696333553871246], "Sigma": [[0.003187685047895613, -0.0008381529019431815, -0.005084316568053884], [-0.0008381529019431816, 0.004174822685244596, 0.000741315140568305], [-0.005084316568053884, 0.000741315140568305, 0.021434509065184845]], "chi2_level": 0.95, "chi2_df": 3, "chi2_threshold": 7.814727903251179, "N_raw": 57, "N_roi": 57, "N_inlier": 53, "refit": true}
{"timestamp": "15:58:32.905589", "frame": 44, "mu": [-0.4562455737374181, 1.1286788368852223, 1.3363863209039049], "Sigma": [[0.0038961283088973743, -0.0019453667569473585, -0.0029851345626097413], [-0.0019453667569473585, 0.006977568329052026, -0.0017335605811587315], [-0.0029851345626097413, -0.0017335605811587313, 0.0061501215642585745]], "chi2_level": 0.95, "chi2_df": 3, "chi2_threshold": 7.814727903251179, "N_raw": 79, "N_roi": 79, "N_inlier": 76, "refit": true}
{"timestamp": "15:58:32.959633", "frame": 45, "mu": [-0.5656483916560548, 1.1718701882693396, 1.4857589826239614], "Sigma": [[0.003958726158736859, -0.0017992610931152789, -0.002524263917260118], [-0.0017992610931152789, 0.005824750660753866, -0.0022734452895036626], [-0.002524263917260118, -0.002273445289503662, 0.005075640442549143]], "chi2_level": 0.95, "chi2_df": 3, "chi2_threshold": 7.814727903251179, "N_raw": 72, "N_roi": 72, "N_inlier": 67, "refit": true}
{"timestamp": "15:58:33.014946", "frame": 46, "mu": [-0.6087539502410806, 1.1495490933824177, 1.4052196639796033], "Sigma": [[0.0067048872565108174, -0.0046663931953178465, -0.014944904491542337], [-0.0046663931953178465, 0.007942368096666977, 0.015816195592483533], [-0.014944904491542335, 0.015816195592483533, 0.06800238500803847]], "chi2_level": 0.95, "chi2_df": 3, "chi2_threshold": 7.814727903251179, "N_raw": 71, "N_roi": 71, "N_inlier": 69, "refit": true}
{"timestamp": "15:58:33.068536", "frame": 47, "mu": [-0.6919266192395692, 1.197883567257133, 1.4916283481551895], "Sigma": [[0.0043423004406594745, -0.0007297219782034234, -0.002700825264193331], [-0.0007297219782034234, 0.004096029629077657, -0.0032946429991520007], [-0.002700825264193331, -0.0032946429991520007, 0.006342724871857347]], "chi2_level": 0.95, "chi2_df": 3, "chi2_threshold": 7.814727903251179, "N_raw": 65, "N_roi": 65, "N_inlier": 63, "refit": true}
{"timestamp": "15:58:33.121680", "frame": 48, "mu": [-0.7470049541755834, 1.1890592881259685, 1.5116378403179704], "Sigma": [[0.004145715945037035, 9.393375795975721e-05, -0.002390216782298585], [9.393375795975721e-05, 0.004776623919522149, -0.002632438472507943], [-0.002390216782298585, -0.0026324384725079433, 0.0032523326014916093]], "chi2_level": 0.95, "chi2_df": 3, "chi2_threshold": 7.814727903251179, "N_raw": 60, "N_roi": 60, "N_inlier": 58, "refit": true}
{"timestamp": "15:58:33.180395", "frame": 49, "mu": [-0.8404526791262631, 1.143509897590723, 1.5728910447714162], "Sigma": [[0.012477295491078781, 0.005260104733043705, -0.010020088893064851], [0.005260104733043705, 0.00924288991988344, -0.007126420556932642], [-0.010020088893064851, -0.007126420556932642, 0.011667556640065246]], "chi2_level": 0.95, "chi2_df": 3, "chi2_threshold": 7.814727903251179, "N_raw": 84, "N_roi": 84, "N_inlier": 75, "refit": true}
{"timestamp": "15:58:33.235512", "frame": 50, "mu": [-0.9552532020049096, 1.0630033331921, 1.5959119709012026], "Sigma": [[0.01832445374469518, 0.004210407691885675, -0.017566545445397305], [0.004210407691885676, 0.012124812926246792, -0.0016279514593634439], [-0.017566545445397305, -0.0016279514593634436, 0.019197508363964694]], "chi2_level": 0.95, "chi2_df": 3, "chi2_threshold": 7.814727903251179, "N_raw": 76, "N_roi": 76, "N_inlier": 65, "refit": true}
{"timestamp": "15:58:33.289471", "frame": 51, "mu": [-0.9598399122872497, 1.1343390713437613, 1.5099104868345516], "Sigma": [[0.0060643777974049694, -0.0008854323405724582, -0.005069707535070368], [-0.0008854323405724581, 0.011536869646730102, -6.858197806019382e-05], [-0.005069707535070368, -6.858197806019376e-05, 0.005963907043969219]], "chi2_level": 0.95, "chi2_df": 3, "chi2_threshold": 7.814727903251179, "N_raw": 74, "N_roi": 74, "N_inlier": 69, "refit": true}
{"timestamp": "15:58:33.346058", "frame": 52, "mu": [-1.1941601964345228, 1.0655739261378423, 1.698598655398232], "Sigma": [[0.01631158581847257, 0.010192282186468477, -0.00868738209006198], [0.010192282186468478, 0.01150395850217546, -0.007451607207655895], [-0.00868738209006198, -0.007451607207655895, 0.006503453607264498]], "chi2_level": 0.95, "chi2_df": 3, "chi2_threshold": 7.814727903251179, "N_raw": 85, "N_roi": 85, "N_inlier": 78, "refit": true}
{"timestamp": "15:58:33.405300", "frame": 53, "mu": [-1.2082000686223344, 1.0686725647169248, 1.7600337254867398], "Sigma": [[0.020361730821020108, 0.009755706243097313, -0.014834623197376742], [0.009755706243097313, 0.0118774570163953, -0.009304659315856658], [-0.014834623197376742, -0.009304659315856658, 0.01579916640976231]], "chi2_level": 0.95, "chi2_df": 3, "chi2_threshold": 7.814727903251179, "N_raw": 105, "N_roi": 105, "N_inlier": 99, "refit": true}
{"timestamp": "15:58:33.457330", "frame": 54, "mu": [-1.2819453812014643, 1.0647844349736257, 1.7431316368086625], "Sigma": [[0.01445270792229857, 0.008217089098530101, -0.006480021042997423], [0.008217089098530101, 0.011867833998345048, -0.006759565215728593], [-0.006480021042997423, -0.006759565215728593, 0.006131662422743179]], "chi2_level": 0.95, "chi2_df": 3, "chi2_threshold": 7.814727903251179, "N_raw": 87, "N_roi": 87, "N_inlier": 82, "refit": true}
{"timestamp": "15:58:33.517873", "frame": 55, "mu": [-1.2430869574362555, 1.071857253180868, 1.4531789296311397], "Sigma": [[0.03866808376711364, 0.01773975056578435, -0.09107305606711794], [0.01773975056578435, 0.016268330871319975, -0.04441902300865776], [-0.09107305606711794, -0.04441902300865776, 0.29537398741069265]], "chi2_level": 0.95, "chi2_df": 3, "chi2_threshold": 7.814727903251179, "N_raw": 127, "N_roi": 127, "N_inlier": 127, "refit": true}
{"timestamp": "15:58:33.573530", "frame": 56, "mu": [-1.3105429431447946, 1.0588782644249028, 1.4485942878263556], "Sigma": [[0.03629500253255982, 0.02028348373531768, -0.0728726340838741], [0.02028348373531768, 0.021003889911845666, -0.052525850931709236], [-0.07287263408387411, -0.05252585093170924, 0.23045935238900098]], "chi2_level": 0.95, "chi2_df": 3, "chi2_threshold": 7.814727903251179, "N_raw": 127, "N_roi": 127, "N_inlier": 124, "refit": true}
{"timestamp": "15:58:33.625668", "frame": 57, "mu": [-1.3299539528591948, 1.1171331755815979, 1.438391278749493], "Sigma": [[0.04079231166623472, 0.026802458147873687, -0.08726290343575843], [0.026802458147873687, 0.022533134403938313, -0.06612626196459984], [-0.08726290343575843, -0.06612626196459984, 0.2975511368888189]], "chi2_level": 0.95, "chi2_df": 3, "chi2_threshold": 7.814727903251179, "N_raw": 104, "N_roi": 104, "N_inlier": 102, "refit": true}
{"timestamp": "15:58:33.679354", "frame": 58, "mu": [-1.365736658763335, 1.108429728455869, 1.6464178673193506], "Sigma": [[0.027785360675764682, 0.011563650576245078, -0.02087505419191324], [0.011563650576245078, 0.011790847700862474, -0.009674171261231851], [-0.02087505419191324, -0.00967417126123185, 0.019034619991610994]], "chi2_level": 0.95, "chi2_df": 3, "chi2_threshold": 7.814727903251179, "N_raw": 99, "N_roi": 99, "N_inlier": 96, "refit": true}
{"timestamp": "15:58:33.732152", "frame": 59, "mu": [-1.4376064097657082, 1.1250019141260295, 1.7185131350078515], "Sigma": [[0.02419287823169361, 0.010011986596673215, -0.017825528511288463], [0.010011986596673215, 0.010672335432723596, -0.010125229885223139], [-0.017825528511288463, -0.01012522988522314, 0.018218948698471377]], "chi2_level": 0.95, "chi2_df": 3, "chi2_threshold": 7.814727903251179, "N_raw": 85, "N_roi": 85, "N_inlier": 81, "refit": true}
{"timestamp": "15:58:33.786150", "frame": 60, "mu": [-1.3658311071845106, 1.222903271353377, 1.4205942087881775], "Sigma": [[0.01733101074690962, 0.007618905112327977, -0.01503526523376248], [0.0076189051123279755, 0.00644478635963701, -0.008536396643532158], [-0.01503526523376248, -0.00853639664353216, 0.038755477399459545]], "chi2_level": 0.95, "chi2_df": 3, "chi2_threshold": 7.814727903251179, "N_raw": 81, "N_roi": 81, "N_inlier": 78, "refit": true}
{"timestamp": "15:58:33.832968", "frame": 61, "mu": [-1.4394441945869707, 1.2099084886175127, 1.3164887136371815], "Sigma": [[0.04738886726399766, 0.009539350284982633, -0.11405687688885918], [0.009539350284982633, 0.005600647664325899, -0.014488838794584742], [-0.11405687688885918, -0.014488838794584742, 0.33660135270709574]], "chi2_level": 0.95, "chi2_df": 3, "chi2_threshold": 7.814727903251179, "N_raw": 32, "N_roi": 32, "N_inlier": 30, "refit": true}
{"timestamp": "15:58:33.903136", "frame": 62, "mu": [-1.4344303204901125, 1.2914951126171568, 1.4611333011149035], "Sigma": [[0.03402971707771517, 0.010848515991088391, -0.05247049128260152], [0.010848515991088391, 0.014535226496899843, -0.0005109793816712015], [-0.05247049128260152, -0.0005109793816712015, 0.19494315450483832]], "chi2_level": 0.95, "chi2_df": 3, "chi2_threshold": 7.814727903251179, "N_raw": 134, "N_roi": 134, "N_inlier": 134, "refit": true}
{"timestamp": "15:58:33.958727", "frame": 63, "mu": [-1.4173007252546768, 1.3875408966373175, 1.4807567151406937], "Sigma": [[0.02615292376272736, 0.009188410460717658, -0.041755945307819384], [0.00918841046071766, 0.011809472703771043, -0.012250760175742979], [-0.041755945307819384, -0.012250760175742979, 0.15723327731682443]], "chi2_level": 0.95, "chi2_df": 3, "chi2_threshold": 7.814727903251179, "N_raw": 127, "N_roi": 127, "N_inlier": 123, "refit": true}
{"timestamp": "15:58:34.015774", "frame": 64, "mu": [-1.454793212721897, 1.4087115483015218, 1.4404258636470983], "Sigma": [[0.03272745081947465, 0.01148686479670643, -0.057979979932634644], [0.011486864796706428, 0.015646699413821276, -0.004458844438385996], [-0.057979979932634644, -0.004458844438385996, 0.2558111737329232]], "chi2_level": 0.95, "chi2_df": 3, "chi2_threshold": 7.814727903251179, "N_raw": 143, "N_roi": 143, "N_inlier": 142, "refit": true}
{"timestamp": "15:58:34.063205", "frame": 65, "mu": [-1.514107572127073, 1.460315201169464, 1.7137680332665883], "Sigma": [[0.04340854345312451, 0.024918743284725743, -0.0402841066054799], [0.024918743284725743, 0.020751896580110424, -0.02548490426949338], [-0.0402841066054799, -0.02548490426949338, 0.04067997678783133]], "chi2_level": 0.95, "chi2_df": 3, "chi2_threshold": 7.814727903251179, "N_raw": 93, "N_roi": 93, "N_inlier": 90, "refit": true}
{"timestamp": "15:58:34.113128", "frame": 66, "mu": [-1.4697897228925654, 1.6371301448592914, 1.7336714334029986], "Sigma": [[0.032449163793039845, 0.028167643769911054, -0.02875916611413641], [0.028167643769911054, 0.030575913434460082, -0.03029355360526057], [-0.02875916611413641, -0.03029355360526057, 0.032824964654345486]], "chi2_level": 0.95, "chi2_df": 3, "chi2_threshold": 7.814727903251179, "N_raw": 57, "N_roi": 57, "N_inlier": 53, "refit": true}
{"timestamp": "15:58:34.161156", "frame": 67, "mu": [-1.5323670550257522, 1.6619872016336896, 1.3564910136631676], "Sigma": [[0.03789633456640713, 0.027222950726171913, -0.04526513661894879], [0.027222950726171913, 0.028795105855022207, -0.05957133048652616], [-0.0452651366189488, -0.05957133048652616, 0.29059757389053564]], "chi2_level": 0.95, "chi2_df": 3, "chi2_threshold": 7.814727903251179, "N_raw": 13, "N_roi": 13, "N_inlier": 13, "refit": true}
{"timestamp": "15:58:34.218069", "frame": 68, "mu": [-1.6144638296832226, 1.6003779169224719, 1.475603250567859], "Sigma": [[0.06981536611829653, 0.0432889678540852, -0.09453843053869623], [0.0432889678540852, 0.03065458002437619, -0.05868650544797614], [-0.09453843053869622, -0.05868650544797614, 0.38342049806069484]], "chi2_level": 0.95, "chi2_df": 3, "chi2_threshold": 7.814727903251179, "N_raw": 35, "N_roi": 35, "N_inlier": 33, "refit": true}
{"timestamp": "15:58:34.278182", "frame": 69, "mu": [-1.4561540226326202, 1.8373141512716302, 1.4857166127764359], "Sigma": [[0.011754291090555565, 0.004044886085721051, 0.004504026794594216], [0.004044886085721051, 0.0057610824050571855, 0.0006947927335591811], [0.004504026794594216, 0.0006947927335591809, 0.03267611646492903]], "chi2_level": 0.95, "chi2_df": 3, "chi2_threshold": 7.814727903251179, "N_raw": 62, "N_roi": 62, "N_inlier": 59, "refit": true}
{"timestamp": "15:58:34.334579", "frame": 70, "mu": [-1.590089892441586, 1.7607531335223936, 1.5175833935174237], "Sigma": [[0.07903656751327509, 0.05041370106798351, 0.00985337242760881], [0.05041370106798353, 0.0445778051697933, 0.01758423785858442], [0.00985337242760881, 0.01758423785858442, 0.03449513840345233]], "chi2_level": 0.95, "chi2_df": 3, "chi2_threshold": 7.814727903251179, "N_raw": 73, "N_roi": 73, "N_inlier": 69, "refit": true}
{"timestamp": "15:58:34.386578", "frame": 71, "mu": [-1.4846713117466965, 1.9749908909096585, -0.03831488820462725], "Sigma": [[0.030953790514368563, 0.017618555908803152, 0.00597317170340395], [0.017618555908803152, 0.014444512215589888, 0.0028199064232942586], [0.00597317170340395, 0.0028199064232942586, 0.020448462416775445]], "chi2_level": 0.95, "chi2_df": 3, "chi2_threshold": 7.814727903251179, "N_raw": 49, "N_roi": 49, "N_inlier": 42, "refit": true}
{"timestamp": "15:58:34.441322", "frame": 72, "mu": [-1.8106805501875296, 1.764824678507316, 1.5578578546824344], "Sigma": [[0.1622264607273841, 0.09241680795584303, -0.054657275189577484], [0.09241680795584303, 0.05811489915893693, -0.03198270360938088], [-0.054657275189577484, -0.03198270360938088, 0.02415541467163535]], "chi2_level": 0.95, "chi2_df": 3, "chi2_threshold": 7.814727903251179, "N_raw": 57, "N_roi": 57, "N_inlier": 54, "refit": true}
{"timestamp": "15:58:34.495550", "frame": 73, "mu": [-1.5529751998451582, 2.043558463467437, 1.59781765761993], "Sigma": [[0.04097910942293131, 0.019960225061824398, -0.030741673773424245], [0.019960225061824398, 0.01625869563653951, -0.012200350416515208], [-0.030741673773424245, -0.01220035041651521, 0.0258676850270179]], "chi2_level": 0.95, "chi2_df": 3, "chi2_threshold": 7.814727903251179, "N_raw": 53, "N_roi": 53, "N_inlier": 45, "refit": true}
{"timestamp": "15:58:34.547828", "frame": 74, "mu": [-1.445601116746231, 2.132994494490249, 1.4022867619466042], "Sigma": [[0.0059253058987087754, 0.0016206374585838786, -0.003251790438769454], [0.0016206374585838786, 0.004871518339199709, -0.001553822271924411], [-0.003251790438769454, -0.0015538222719244108, 0.0028755953353876013]], "chi2_level": 0.95, "chi2_df": 3, "chi2_threshold": 7.814727903251179, "N_raw": 31, "N_roi": 31, "N_inlier": 30, "refit": true}
{"timestamp": "15:58:34.600309", "frame": 75, "mu": [-1.5314142536634632, 2.2972702221980805, 1.1701936225432232], "Sigma": [[0.006885655239985915, -0.009844283717411204, 0.028956250495163018], [-0.009844283717411204, 0.018420046343871257, -0.05226614297316713], [0.028956250495163018, -0.05226614297316713, 0.2611279817948491]], "chi2_level": 0.95, "chi2_df": 3, "chi2_threshold": 7.814727903251179, "N_raw": 10, "N_roi": 10, "N_inlier": 8, "refit": true}
{"timestamp": "15:58:34.660518", "frame": 76, "mu": [-1.4835042977908934, 2.285667391474309, 1.4071255874825352], "Sigma": [[0.009553100025756234, -0.0013821843480379817, -0.003954689054608754], [-0.0013821843480379815, 0.004549745244238267, -0.0027447272628958693], [-0.003954689054608754, -0.0027447272628958698, 0.007976153578169231]], "chi2_level": 0.95, "chi2_df": 3, "chi2_threshold": 7.814727903251179, "N_raw": 46, "N_roi": 46, "N_inlier": 41, "refit": true}
{"timestamp": "15:58:34.721322", "frame": 77, "mu": [-1.5183202812028305, 2.347094639372861, 0.9986159807320676], "Sigma": [[0.015278135375389548, 0.0012237354092981517, 0.029190000793812045], [0.001223735409298152, 0.0055113487785922385, -0.011098061317804872], [0.029190000793812045, -0.011098061317804872, 0.2638534818030441]], "chi2_level": 0.95, "chi2_df": 3, "chi2_threshold": 7.814727903251179, "N_raw": 81, "N_roi": 81, "N_inlier": 80, "refit": true}
{"timestamp": "15:58:34.772567", "frame": 78, "mu": [-1.44749548178396, 2.393956194128167, 1.2467126519709288], "Sigma": [[0.013110000165390065, 0.001796825970823784, 0.007854013241967696], [0.0017968259708237842, 0.00837089607175647, -0.02249389744628473], [0.007854013241967696, -0.02249389744628473, 0.08384154611909918]], "chi2_level": 0.95, "chi2_df": 3, "chi2_threshold": 7.814727903251179, "N_raw": 54, "N_roi": 54, "N_inlier": 50, "refit": true}
{"timestamp": "15:58:34.826494", "frame": 79, "mu": [-1.4377730099989996, 2.4360266877367165, 1.33844753649276], "Sigma": [[0.010594478071094196, 0.0042925844717945335, -0.007737620483330211], [0.004292584471794534, 0.005593059581192913, -0.007716628237010322], [-0.0077376204833302115, -0.007716628237010322, 0.01760748817278157]], "chi2_level": 0.95, "chi2_df": 3, "chi2_threshold": 7.814727903251179, "N_raw": 51, "N_roi": 51, "N_inlier": 48, "refit": true}
{"timestamp": "15:58:34.887140", "frame": 80, "mu": [-1.5400511520935924, 2.547590236113098, 1.3934112330290391], "Sigma": [[0.018111216875683445, -0.0002498888709879329, -0.012083902849250405], [-0.00024988887098793307, 0.006606754840457102, -0.004449543970641036], [-0.012083902849250405, -0.004449543970641036, 0.05747461578928861]], "chi2_level": 0.95, "chi2_df": 3, "chi2_threshold": 7.814727903251179, "N_raw": 89, "N_roi": 89, "N_inlier": 84, "refit": true}
{"timestamp": "15:58:34.938683", "frame": 81, "mu": [-1.4933082011636511, 2.604298939187988, 1.2866207471913433], "Sigma": [[0.017651915280628726, 0.002480480361538363, 0.009056453696874564], [0.002480480361538363, 0.004032446747046278, -0.0030882798269510642], [0.009056453696874562, -0.0030882798269510642, 0.05235733110395886]], "chi2_level": 0.95, "chi2_df": 3, "chi2_threshold": 7.814727903251179, "N_raw": 60, "N_roi": 60, "N_inlier": 58, "refit": true}
{"timestamp": "15:58:34.995360", "frame": 82, "mu": [-1.559895603866976, 2.679497660773196, 1.2321119067442363], "Sigma": [[0.021183979529141826, 0.003641367039556682, 0.016206723501117428], [0.003641367039556682, 0.005256245634686585, -0.002774292847231648], [0.016206723501117425, -0.002774292847231648, 0.048284196159894474]], "chi2_level": 0.95, "chi2_df": 3, "chi2_threshold": 7.814727903251179, "N_raw": 80, "N_roi": 80, "N_inlier": 74, "refit": true}
{"timestamp": "15:58:35.047580", "frame": 83, "mu": [-1.4431973467883568, 2.715220179946518, 1.3930878587409394], "Sigma": [[0.015797759340897315, 0.0039002423281134157, -0.008181600223888372], [0.003900242328113415, 0.006631932895628822, -0.003103959745379356], [-0.008181600223888372, -0.003103959745379356, 0.0053233637844782794]], "chi2_level": 0.95, "chi2_df": 3, "chi2_threshold": 7.814727903251179, "N_raw": 57, "N_roi": 57, "N_inlier": 54, "refit": true}
{"timestamp": "15:58:35.101387", "frame": 84, "mu": [-1.4041482085523753, 2.87841511389975, 0.08457488767211578], "Sigma": [[0.010806219415304047, 0.004786820944242086, -0.00571633148026697], [0.004786820944242086, 0.010257975681810624, -0.006161941808894376], [-0.00571633148026697, -0.006161941808894376, 0.007055064905834191]], "chi2_level": 0.95, "chi2_df": 3, "chi2_threshold": 7.814727903251179, "N_raw": 56, "N_roi": 56, "N_inlier": 51, "refit": true}
{"timestamp": "15:58:35.159692", "frame": 85, "mu": [-1.4709712421363412, 2.918819631706023, 0.9898063014265669], "Sigma": [[0.014718620853212454, -0.0009047987612671559, 0.006043323704600543], [-0.0009047987612671557, 0.01258893782258856, -0.05477544857616232], [0.006043323704600543, -0.05477544857616232, 0.38430610544461274]], "chi2_level": 0.95, "chi2_df": 3, "chi2_threshold": 7.814727903251179, "N_raw": 75, "N_roi": 75, "N_inlier": 74, "refit": true}
{"timestamp": "15:58:35.211513", "frame": 86, "mu": [-1.4284783802491376, 2.9199035779985683, 1.3839916595432948], "Sigma": [[0.013219864395579048, 0.0026307354661471577, -0.00903372505447277], [0.0026307354661471577, 0.005285906087448081, -0.004778657607636651], [-0.00903372505447277, -0.004778657607636651, 0.014182464344608155]], "chi2_level": 0.95, "chi2_df": 3, "chi2_threshold": 7.814727903251179, "N_raw": 54, "N_roi": 54, "N_inlier": 49, "refit": true}
{"timestamp": "15:58:35.262826", "frame": 87, "mu": [-1.4613277412060963, 2.96333647932473, 1.2536046299664954], "Sigma": [[0.018090197273839863, -0.0034872557604421236, 0.023045706546801544], [-0.0034872557604421236, 0.004901890782612686, -0.01724936155900312], [0.023045706546801544, -0.01724936155900312, 0.1092256954967928]], "chi2_level": 0.95, "chi2_df": 3, "chi2_threshold": 7.814727903251179, "N_raw": 29, "N_roi": 29, "N_inlier": 27, "refit": true}
{"timestamp": "15:58:35.320444", "frame": 88, "mu": [-1.4227994364296255, 3.2711084235578034, -0.5830774275681169], "Sigma": [[0.0104166756197562, 0.002895375287196355, -0.008847077958449263], [0.0028953752871963556, 0.0077845595960762135, -0.021172219919351747], [-0.008847077958449263, -0.02117221991935175, 0.08786506166955113]], "chi2_level": 0.95, "chi2_df": 3, "chi2_threshold": 7.814727903251179, "N_raw": 52, "N_roi": 52, "N_inlier": 50, "refit": true}
{"timestamp": "15:58:35.376327", "frame": 89, "mu": [-1.48156109821775, 3.1166072293402673, 1.0459076634218245], "Sigma": [[0.012565404748706988, -0.0024179782034160833, -0.03112374469646893], [-0.0024179782034160838, 0.00880638182510471, 0.034898450465304945], [-0.031123744696468933, 0.034898450465304945, 0.2687568745392112]], "chi2_level": 0.95, "chi2_df": 3, "chi2_threshold": 7.814727903251179, "N_raw": 49, "N_roi": 49, "N_inlier": 46, "refit": true}
{"timestamp": "15:58:35.427499", "frame": 90, "mu": [-1.4179148558735397, 3.139059126326183, 1.1543058391229561], "Sigma": [[0.0052353748363744975, 0.0006024134267465682, -0.0016232162364361083], [0.0006024134267465682, 0.0027142287256660368, -0.010728249183659212], [-0.0016232162364361083, -0.010728249183659212, 0.057196075895302435]], "chi2_level": 0.95, "chi2_df": 3, "chi2_threshold": 7.814727903251179, "N_raw": 23, "N_roi": 23, "N_inlier": 21, "refit": true}
{"timestamp": "15:58:35.484309", "frame": 91, "mu": [-1.391081894690369, 3.1785068051960517, 1.3671721421698533], "Sigma": [[0.016163083131468865, 0.0034840136697502477, -0.010399186301678479], [0.0034840136697502472, 0.005765580801171103, -0.0016446215933357843], [-0.010399186301678479, -0.0016446215933357843, 0.007772525003191285]], "chi2_level": 0.95, "chi2_df": 3, "chi2_threshold": 7.814727903251179, "N_raw": 45, "N_roi": 45, "N_inlier": 43, "refit": true}
{"timestamp": "15:58:35.547410", "frame": 92, "mu": [-1.422566020329818, 3.267464400180231, 1.2467564953312895], "Sigma": [[0.021371192354627165, 0.0008963408854754822, -0.010119966172239675], [0.0008963408854754827, 0.006992903730561166, -0.0083000315615603], [-0.010119966172239675, -0.0083000315615603, 0.09625579039064987]], "chi2_level": 0.95, "chi2_df": 3, "chi2_threshold": 7.814727903251179, "N_raw": 93, "N_roi": 93, "N_inlier": 92, "refit": true}
{"timestamp": "15:58:35.595958", "frame": 93, "mu": [-1.3890828340362549, 3.2764022145300795, 1.3226235357917042], "Sigma": [[0.013335026797263031, 0.0023970165664895654, -0.009001293515579697], [0.0023970165664895654, 0.0054052100666981, -0.004337816725698195], [-0.009001293515579696, -0.0043378167256981955, 0.024691420065589206]], "chi2_level": 0.95, "chi2_df": 3, "chi2_threshold": 7.814727903251179, "N_raw": 45, "N_roi": 45, "N_inlier": 41, "refit": true}
{"timestamp": "15:58:35.649612", "frame": 94, "mu": [-1.4054010617743238, 3.321369451517417, 1.2788327468525755], "Sigma": [[0.011696651725562049, 0.0005155646371192707, -0.006605945764565597], [0.0005155646371192707, 0.0031822439859465488, -0.001963308669967505], [-0.006605945764565597, -0.0019633086699675046, 0.018563610700250675]], "chi2_level": 0.95, "chi2_df": 3, "chi2_threshold": 7.814727903251179, "N_raw": 35, "N_roi": 35, "N_inlier": 31, "refit": true}
{"timestamp": "15:58:35.699173", "frame": 95, "mu": [-1.429897459236908, 3.357519656189279, 0.799732341514583], "Sigma": [[0.006672870312596735, -0.002533795610595737, 0.025220741593665406], [-0.002533795610595737, 0.0030165808729927085, -0.0035671872821801537], [0.02522074159366541, -0.0035671872821801546, 0.19878155792929778]], "chi2_level": 0.95, "chi2_df": 3, "chi2_threshold": 7.814727903251179, "N_raw": 10, "N_roi": 10, "N_inlier": 8, "refit": true}
{"timestamp": "15:58:35.753881", "frame": 96, "mu": [-1.3916961300546924, 3.6381040472038553, -0.2749183729690413], "Sigma": [[0.011546236585600314, -0.007710669495205684, 0.036613785053517894], [-0.007710669495205684, 0.01226699513025255, -0.04912312706855588], [0.03661378505351789, -0.04912312706855588, 0.22880509257044832]], "chi2_level": 0.95, "chi2_df": 3, "chi2_threshold": 7.814727903251179, "N_raw": 9, "N_roi": 9, "N_inlier": 9, "refit": true}
