{"timestamp": "16:00:45.962388", "frame": 6, "mu": [-0.3288402374587397, 3.6672543475772708, 1.2934024561347803], "Sigma": [[0.01754805799118911, 0.0016645529802899255, -0.005676373704312044], [0.001664552980289925, 0.004588970756542794, -0.001016104156665189], [-0.005676373704312044, -0.001016104156665189, 0.002787337040869235]], "chi2_level": 0.99, "chi2_df": 3, "chi2_threshold": 11.344866730144373, "N_raw": 45, "N_roi": 45, "N_inlier": 44, "refit": true}
{"timestamp": "16:00:46.288389", "frame": 12, "mu": [-0.3582418411198218, 3.6172777231423052, 1.3571581851526877], "Sigma": [[0.008393221227289926, 0.0020782253540818424, 0.00039824971324509996], [0.0020782253540818424, 0.003213273249753219, 0.00298495752971791], [0.00039824971324509996, 0.00298495752971791, 0.003678723384276262]], "chi2_level": 0.99, "chi2_df": 3, "chi2_threshold": 11.344866730144373, "N_raw": 17, "N_roi": 17, "N_inlier": 17, "refit": true}
{"timestamp": "16:00:46.398643", "frame": 14, "mu": [-0.2228029142417068, 3.6921519746516775, 0.9635546394761773], "Sigma": [[0.00476929448032547, -0.0001722929564529353, -0.00016903361525454986], [-0.0001722929564529353, 0.006361373981488081, -0.02891220638616626], [-0.00016903361525454986, -0.02891220638616626, 0.17788457161207846]], "chi2_level": 0.99, "chi2_df": 3, "chi2_threshold": 11.344866730144373, "N_raw": 16, "N_roi": 16, "N_inlier": 16, "refit": true}
{"timestamp": "16:00:46.509360", "frame": 16, "mu": [-0.14347141630755544, 3.6313249257594906, 0.3583268097673565], "Sigma": [[0.00940662147336111, 0.0016000148506604916, -0.0013452000246716286], [0.0016000148506604916, 0.002384431219177333, 0.001824328299732921], [-0.0013452000246716286, 0.0018243282997329213, 0.0032494358328561228]], "chi2_level": 0.99, "chi2_df": 3, "chi2_threshold": 11.344866730144373, "N_raw": 25, "N_roi": 25, "N_inlier": 24, "refit": true}
{"timestamp": "16:00:46.565125", "frame": 17, "mu": [-0.08498452039358387, 3.6717006745854186, 1.2051615803372433], "Sigma": [[0.005412874058865417, 0.004485602376156956, -0.028660154938993106], [0.004485602376156955, 0.01192981855352638, -0.049280060625346886], [-0.028660154938993106, -0.04928006062534688, 0.3377211106987786]], "chi2_level": 0.99, "chi2_df": 3, "chi2_threshold": 11.344866730144373, "N_raw": 14, "N_roi": 14, "N_inlier": 14, "refit": true}
{"timestamp": "16:00:47.227222", "frame": 29, "mu": [0.48603965698588075, 3.504147980708168, 0.9571522783112054], "Sigma": [[0.010857730591955292, -0.0008057837505094558, -0.0022328756577917343], [-0.0008057837505094557, 0.0008605597982501624, -0.003700609860098314], [-0.0022328756577917343, -0.003700609860098314, 0.03784348637865002]], "chi2_level": 0.99, "chi2_df": 3, "chi2_threshold": 11.344866730144373, "N_raw": 30, "N_roi": 29, "N_inlier": 26, "refit": true}
{"timestamp": "16:00:47.286161", "frame": 30, "mu": [0.589839221690865, 3.4978518123435007, 0.5222752171093414], "Sigma": [[0.012805231165793027, -0.003537905598367674, 0.007024668450122667], [-0.003537905598367674, 0.006426015652338292, -0.037497822169470875], [0.007024668450122669, -0.037497822169470875, 0.3600812047018494]], "chi2_level": 0.99, "chi2_df": 3, "chi2_threshold": 11.344866730144373, "N_raw": 47, "N_roi": 47, "N_inlier": 46, "refit": true}
{"timestamp": "16:00:47.335677", "frame": 31, "mu": [0.6720542182959716, 3.387102121581935, 0.7093751529035838], "Sigma": [[0.005190490897308753, -0.003552877028194526, -0.002087089479967737], [-0.003552877028194526, 0.005963539644713244, -0.01663754080531364], [-0.002087089479967737, -0.01663754080531364, 0.23901861111369058]], "chi2_level": 0.99, "chi2_df": 3, "chi2_threshold": 11.344866730144373, "N_raw": 17, "N_roi": 16, "N_inlier": 16, "refit": true}
{"timestamp": "16:00:47.391031", "frame": 32, "mu": [0.7036883921909816, 3.383665100378494, 1.0972024092015669], "Sigma": [[0.0059449767721597895, -0.005267780594089226, 0.011792080889217928], [-0.005267780594089226, 0.014191600174449827, -0.04691713330621938], [0.01179208088921793, -0.04691713330621938, 0.1883413556034663]], "chi2_level": 0.99, "chi2_df": 3, "chi2_threshold": 11.344866730144373, "N_raw": 21, "N_roi": 18, "N_inlier": 18, "refit": true}
{"timestamp": "16:00:47.445373", "frame": 33, "mu": [0.7417076221981442, 3.3125509678206666, 0.9122979690471946], "Sigma": [[0.003877596550579269, -0.001189625804304059, -0.003831427103136501], [-0.001189625804304059, 0.0014288261598688437, -0.0066768361979746525], [-0.0038314271031365003, -0.0066768361979746525, 0.09403247833180668]], "chi2_level": 0.99, "chi2_df": 3, "chi2_threshold": 11.344866730144373, "N_raw": 18, "N_roi": 18, "N_inlier": 17, "refit": true}
{"timestamp": "16:00:47.501535", "frame": 34, "mu": [0.7809333979349156, 3.33001712024252, -0.9948784166829698], "Sigma": [[0.0029123344130789373, 0.0019375754358484129, 0.014683690918910969], [0.0019375754358484127, 0.006592762368047816, -0.003020304114748031], [0.014683690918910969, -0.003020304114748032, 0.3853693771811774]], "chi2_level": 0.99, "chi2_df": 3, "chi2_threshold": 11.344866730144373, "N_raw": 19, "N_roi": 19, "N_inlier": 19, "refit": true}
{"timestamp": "16:00:47.555196", "frame": 35, "mu": [0.8725188970872879, 3.240228200671792, 1.178367789949068], "Sigma": [[0.003083335878236539, 0.0007781590845940559, -0.014839479086019286], [0.0007781590845940559, 0.002211326408584975, -0.014991734510458963], [-0.014839479086019286, -0.014991734510458963, 0.22034900973426483]], "chi2_level": 0.99, "chi2_df": 3, "chi2_threshold": 11.344866730144373, "N_raw": 17, "N_roi": 12, "N_inlier": 12, "refit": true}
{"timestamp": "16:00:47.611489", "frame": 36, "mu": [0.9117034129705079, 3.1896501713299754, 1.1624312518948854], "Sigma": [[0.008650259615209042, -0.0010573005059139602, -0.03032738336252642], [-0.0010573005059139602, 0.0023231164633290904, -0.001094946468094653], [-0.030327383362526425, -0.001094946468094653, 0.2899228039475705]], "chi2_level": 0.99, "chi2_df": 3, "chi2_threshold": 11.344866730144373, "N_raw": 23, "N_roi": 23, "N_inlier": 23, "refit": true}
{"timestamp": "16:00:47.886337", "frame": 41, "mu": [1.1583430470905844, 2.9027292740407304, -0.01942467674507015], "Sigma": [[0.007986335877536372, -0.004026182726240685, -0.009070664355594997], [-0.004026182726240685, 0.00586631944075433, 0.006949441781991526], [-0.009070664355594997, 0.006949441781991528, 0.36102556979390826]], "chi2_level": 0.99, "chi2_df": 3, "chi2_threshold": 11.344866730144373, "N_raw": 25, "N_roi": 25, "N_inlier": 25, "refit": true}
{"timestamp": "16:00:47.941559", "frame": 42, "mu": [1.2469999980768365, 2.86386630133955, 1.081159501494161], "Sigma": [[0.005623180280717766, -0.002354252508477009, -0.0047730840574359895], [-0.002354252508477009, 0.0016377017179042559, 0.0011128058216323261], [-0.0047730840574359895, 0.0011128058216323261, 0.01512121489307204]], "chi2_level": 0.99, "chi2_df": 3, "chi2_threshold": 11.344866730144373, "N_raw": 24, "N_roi": 24, "N_inlier": 20, "refit": true}
{"timestamp": "16:00:47.998565", "frame": 43, "mu": [1.214142661587986, 2.7067796162177595, 0.7618351026426566], "Sigma": [[0.009567799613511611, -0.0037766664321182983, 0.0008843948923431455], [-0.0037766664321182983, 0.00239483945448174, 0.0008297241785575202], [0.0008843948923431446, 0.0008297241785575203, 0.031697152958080864]], "chi2_level": 0.99, "chi2_df": 3, "chi2_threshold": 11.344866730144373, "N_raw": 37, "N_roi": 37, "N_inlier": 35, "refit": true}
{"timestamp": "16:00:48.056169", "frame": 44, "mu": [1.199841779301588, 2.7102281486825666, 0.8467352082990013], "Sigma": [[0.012041257764011994, -0.0017501895114802606, 0.002348830566269331], [-0.0017501895114802606, 0.001211092112316311, -0.0029403344511860227], [0.002348830566269331, -0.0029403344511860227, 0.03188127640223903]], "chi2_level": 0.99, "chi2_df": 3, "chi2_threshold": 11.344866730144373, "N_raw": 48, "N_roi": 48, "N_inlier": 45, "refit": true}
{"timestamp": "16:00:48.114660", "frame": 45, "mu": [1.2283638480305812, 2.621053953106016, 0.757433604212658], "Sigma": [[0.01753045026651076, -0.005310928424118471, -0.0015375563551793107], [-0.005310928424118471, 0.0056540193910567926, -0.001848924413194], [-0.0015375563551793107, -0.0018489244131939997, 0.02883297187797386]], "chi2_level": 0.99, "chi2_df": 3, "chi2_threshold": 11.344866730144373, "N_raw": 68, "N_roi": 68, "N_inlier": 66, "refit": true}
{"timestamp": "16:00:48.170082", "frame": 46, "mu": [1.2688545608326947, 2.5814572527495154, 1.0217686003791187], "Sigma": [[0.013017215713695246, -0.0053224451244256055, -0.008274450244104135], [-0.0053224451244256055, 0.0024972512710351633, -3.885245485014759e-05], [-0.008274450244104137, -3.885245485014716e-05, 0.0763976143151513]], "chi2_level": 0.99, "chi2_df": 3, "chi2_threshold": 11.344866730144373, "N_raw": 73, "N_roi": 73, "N_inlier": 70, "refit": true}
{"timestamp": "16:00:48.219159", "frame": 47, "mu": [1.2898984019024122, 2.5142909026383813, 1.068826455782298], "Sigma": [[0.006120422257837643, -0.003185943344444604, 0.00038016803822244936], [-0.003185943344444604, 0.0027012283367507687, -0.0028012714053536193], [0.00038016803822244936, -0.0028012714053536193, 0.018376991433724902]], "chi2_level": 0.99, "chi2_df": 3, "chi2_threshold": 11.344866730144373, "N_raw": 34, "N_roi": 32, "N_inlier": 29, "refit": true}
{"timestamp": "16:00:48.279682", "frame": 48, "mu": [1.307171452779598, 2.4234938242059547, 1.0257261371490016], "Sigma": [[0.010263272625149054, -0.0051378641535946975, -0.003214030888816356], [-0.0051378641535946975, 0.003895609545156995, -0.0036370105505465545], [-0.003214030888816356, -0.0036370105505465545, 0.05506206977196803]], "chi2_level": 0.99, "chi2_df": 3, "chi2_threshold": 11.344866730144373, "N_raw": 72, "N_roi": 72, "N_inlier": 68, "refit": true}
{"timestamp": "16:00:48.336019", "frame": 49, "mu": [1.3617659652246024, 2.3113285610639656, 0.8134615731959461], "Sigma": [[0.014131465063320331, -0.008229716426599176, -0.011783483692537487], [-0.008229716426599174, 0.0060090352256295795, 0.004146277239285795], [-0.011783483692537485, 0.004146277239285795, 0.04610027748593798]], "chi2_level": 0.99, "chi2_df": 3, "chi2_threshold": 11.344866730144373, "N_raw": 75, "N_roi": 75, "N_inlier": 73, "refit": true}
{"timestamp": "16:00:48.385129", "frame": 50, "mu": [1.3298325159876252, 2.254927510935374, 1.0587430818418866], "Sigma": [[0.0062723647610607785, -0.0034980170160087472, -0.0025075632314878167], [-0.0034980170160087472, 0.003258975534861812, 0.0016274443364971253], [-0.0025075632314878167, 0.001627444336497125, 0.024302592177128542]], "chi2_level": 0.99, "chi2_df": 3, "chi2_threshold": 11.344866730144373, "N_raw": 37, "N_roi": 37, "N_inlier": 33, "refit": true}
{"timestamp": "16:00:48.444605", "frame": 51, "mu": [1.331114082281835, 2.4020049017722243, -0.40848682498071975], "Sigma": [[0.01239210110571326, -0.004954151338735948, -0.005946432985841422], [-0.004954151338735947, 0.007185759111093318, -0.005904990656665473], [-0.005946432985841423, -0.005904990656665473, 0.018597125668723784]], "chi2_level": 0.99, "chi2_df": 3, "chi2_threshold": 11.344866730144373, "N_raw": 68, "N_roi": 68, "N_inlier": 64, "refit": true}
{"timestamp": "16:00:48.497112", "frame": 52, "mu": [1.3289043595700303, 2.18971043691772, 1.0212698092507024], "Sigma": [[0.011168812362760565, -0.004598280595787154, -0.0027034313787395424], [-0.004598280595787154, 0.0025975089254229485, -0.00022218609394581578], [-0.0027034313787395424, -0.00022218609394581595, 0.024863382713433146]], "chi2_level": 0.99, "chi2_df": 3, "chi2_threshold": 11.344866730144373, "N_raw": 53, "N_roi": 53, "N_inlier": 51, "refit": true}
{"timestamp": "16:00:48.553679", "frame": 53, "mu": [1.308890662111952, 2.1497882035326352, 1.0753470384448578], "Sigma": [[0.013844099100536446, -0.007147779228687017, -0.004763186362925426], [-0.007147779228687017, 0.006553025240965779, -0.0004782905973752709], [-0.004763186362925426, -0.00047829059737527124, 0.012406347432165753]], "chi2_level": 0.99, "chi2_df": 3, "chi2_threshold": 11.344866730144373, "N_raw": 64, "N_roi": 64, "N_inlier": 60, "refit": true}
{"timestamp": "16:00:48.605265", "frame": 54, "mu": [1.377857466790278, 2.021787014595136, 0.8790982837871634], "Sigma": [[0.017072108946171515, -0.010641608742588187, -0.02673476985272867], [-0.010641608742588187, 0.00755948558867145, 0.015500936726989052], [-0.02673476985272867, 0.015500936726989052, 0.055636557783507644]], "chi2_level": 0.99, "chi2_df": 3, "chi2_threshold": 11.344866730144373, "N_raw": 41, "N_roi": 41, "N_inlier": 37, "refit": true}
{"timestamp": "16:00:48.663557", "frame": 55, "mu": [1.3167013842156796, 2.166968511496133, -0.43778161069075866], "Sigma": [[0.022436671405705485, -0.0035880462954158273, -0.028314276002139236], [-0.0035880462954158278, 0.00495595952307285, -0.001613739126948485], [-0.02831427600213924, -0.0016137391269484857, 0.05616564135790278]], "chi2_level": 0.99, "chi2_df": 3, "chi2_threshold": 11.344866730144373, "N_raw": 61, "N_roi": 61, "N_inlier": 58, "refit": true}
{"timestamp": "16:00:48.717145", "frame": 56, "mu": [1.315164617820496, 1.834092128474361, 0.6684939655933769], "Sigma": [[0.015945114147333933, -0.005959771446629434, -0.007115045235676231], [-0.005959771446629434, 0.003147384004024119, 0.0036809729522958357], [-0.00711504523567623, 0.0036809729522958353, 0.015628693249450747]], "chi2_level": 0.99, "chi2_df": 3, "chi2_threshold": 11.344866730144373, "N_raw": 48, "N_roi": 48, "N_inlier": 44, "refit": true}
{"timestamp": "16:00:48.773588", "frame": 57, "mu": [1.298881414340265, 1.7880750096907152, 0.7143790980490489], "Sigma": [[0.028945547619415, -0.01563941243148566, -0.015328944118259838], [-0.01563941243148566, 0.010067836019022076, 0.007168506520055689], [-0.015328944118259838, 0.007168506520055688, 0.02091879137496215]], "chi2_level": 0.99, "chi2_df": 3, "chi2_threshold": 11.344866730144373, "N_raw": 69, "N_roi": 69, "N_inlier": 63, "refit": true}
{"timestamp": "16:00:48.832361", "frame": 58, "mu": [1.3092956794000574, 1.696892004673672, -0.8868290686937075], "Sigma": [[0.02782864121810471, -0.019887805023831497, 0.0483963133648354], [-0.019887805023831494, 0.016962363798252916, -0.049923976979494356], [0.0483963133648354, -0.049923976979494356, 0.32301371910526794]], "chi2_level": 0.99, "chi2_df": 3, "chi2_threshold": 11.344866730144373, "N_raw": 81, "N_roi": 81, "N_inlier": 78, "refit": true}
{"timestamp": "16:00:48.885740", "frame": 59, "mu": [1.2814809539980831, 1.890484441314387, -0.5294409140049816], "Sigma": [[0.022617063455714535, -0.007811403942132348, -0.029355521829720132], [-0.007811403942132348, 0.005678851342471481, 0.006002893228895638], [-0.029355521829720132, 0.006002893228895637, 0.05641671237974977]], "chi2_level": 0.99, "chi2_df": 3, "chi2_threshold": 11.344866730144373, "N_raw": 75, "N_roi": 73, "N_inlier": 72, "refit": true}
{"timestamp": "16:00:48.937375", "frame": 60, "mu": [1.1946571082023874, 1.6850133922824369, 1.1435767165323927], "Sigma": [[0.008036559790378177, -0.0039129496583799, -0.003005814671152206], [-0.0039129496583799, 0.004644303188599744, -0.0023115413403481362], [-0.003005814671152206, -0.0023115413403481362, 0.010144977778842674]], "chi2_level": 0.99, "chi2_df": 3, "chi2_threshold": 11.344866730144373, "N_raw": 55, "N_roi": 55, "N_inlier": 52, "refit": true}
{"timestamp": "16:00:48.995626", "frame": 61, "mu": [1.2088382608234245, 1.6173493115643287, 1.13288781359522], "Sigma": [[0.010780687208440267, -0.005021274281852766, -0.007405676736728943], [-0.005021274281852765, 0.00817981644557226, -0.0006014388503017795], [-0.007405676736728944, -0.0006014388503017794, 0.029100509236766436]], "chi2_level": 0.99, "chi2_df": 3, "chi2_threshold": 11.344866730144373, "N_raw": 84, "N_roi": 84, "N_inlier": 81, "refit": true}
{"timestamp": "16:00:49.056156", "frame": 62, "mu": [1.1657446806617944, 1.5499846168004927, 0.9860007717810887], "Sigma": [[0.010139171218792575, -0.0041633009485925795, -0.0004779754194078759], [-0.0041633009485925795, 0.0037715540359926324, -0.0030217133594403105], [-0.00047797541940787524, -0.00302171335944031, 0.0502984699303909]], "chi2_level": 0.99, "chi2_df": 3, "chi2_threshold": 11.344866730144373, "N_raw": 111, "N_roi": 111, "N_inlier": 107, "refit": true}
{"timestamp": "16:00:49.112476", "frame": 63, "mu": [1.115335797695154, 1.5168212625737438, 1.131605303739237], "Sigma": [[0.010244201593863033, -0.004611732651176659, -0.004410604043574049], [-0.004611732651176659, 0.00566691784218844, -0.0012730895029707755], [-0.004410604043574049, -0.0012730895029707753, 0.05955269598781347]], "chi2_level": 0.99, "chi2_df": 3, "chi2_threshold": 11.344866730144373, "N_raw": 116, "N_roi": 115, "N_inlier": 111, "refit": true}
{"timestamp": "16:00:49.169154", "frame": 64, "mu": [1.0549224660027225, 1.4714762017624008, 1.2894644126972243], "Sigma": [[0.01266659388942276, -0.003971167533178607, -0.016079002263835306], [-0.003971167533178607, 0.005048949031723455, 0.0018738934698320038], [-0.016079002263835306, 0.0018738934698320038, 0.049532794387282225]], "chi2_level": 0.99, "chi2_df": 3, "chi2_threshold": 11.344866730144373, "N_raw": 93, "N_roi": 93, "N_inlier": 88, "refit": true}
{"timestamp": "16:00:49.216438", "frame": 65, "mu": [0.9954992104184702, 1.4378423128448088, 1.334878505847235], "Sigma": [[0.012241471060329683, -0.0032694519169982495, -0.020734135750964715], [-0.0032694519169982495, 0.004700560568157884, 0.004046393919152489], [-0.020734135750964715, 0.004046393919152489, 0.07287519030833416]], "chi2_level": 0.99, "chi2_df": 3, "chi2_threshold": 11.344866730144373, "N_raw": 78, "N_roi": 78, "N_inlier": 75, "refit": true}
{"timestamp": "16:00:49.271246", "frame": 66, "mu": [0.9955795362511463, 1.3722656505017314, 1.3097077987420145], "Sigma": [[0.013525163927597372, -0.0058809022564182585, -0.014175834352401029], [-0.0058809022564182585, 0.0067382852271243255, 0.005983946478228821], [-0.014175834352401029, 0.005983946478228821, 0.028736891130460823]], "chi2_level": 0.99, "chi2_df": 3, "chi2_threshold": 11.344866730144373, "N_raw": 80, "N_roi": 80, "N_inlier": 77, "refit": true}
{"timestamp": "16:00:49.323516", "frame": 67, "mu": [0.988389602637117, 1.3129466268875192, 0.8488773681940136], "Sigma": [[0.013981593277383804, -0.002082156600347009, -0.05445104880190385], [-0.002082156600347009, 0.00635675888282547, 0.0052545068426285615], [-0.05445104880190385, 0.005254506842628562, 0.25693947106735443]], "chi2_level": 0.99, "chi2_df": 3, "chi2_threshold": 11.344866730144373, "N_raw": 31, "N_roi": 31, "N_inlier": 30, "refit": true}
{"timestamp": "16:00:49.376430", "frame": 68, "mu": [0.8766241262365789, 1.3020623196592327, 1.3129599277031823], "Sigma": [[0.00773338876784454, -0.006224841027957317, -0.015174157758288887], [-0.006224841027957317, 0.008909786245165084, 0.01793900502631188], [-0.015174157758288887, 0.017939005026311884, 0.05951349928558281]], "chi2_level": 0.99, "chi2_df": 3, "chi2_threshold": 11.344866730144373, "N_raw": 46, "N_roi": 46, "N_inlier": 43, "refit": true}
{"timestamp": "16:00:49.439293", "frame": 69, "mu": [0.8629209917692243, 1.255922312516989, 1.2147064931396152], "Sigma": [[0.012708253255341051, -0.004797090897759629, -0.01913336367101382], [-0.004797090897759629, 0.009427633798425927, 0.02322871181805576], [-0.01913336367101382, 0.02322871181805576, 0.1124785600476842]], "chi2_level": 0.99, "chi2_df": 3, "chi2_threshold": 11.344866730144373, "N_raw": 104, "N_roi": 104, "N_inlier": 98, "refit": true}
{"timestamp": "16:00:49.490370", "frame": 70, "mu": [0.815654866672034, 1.2372181610449837, 1.311712151568549], "Sigma": [[0.008889429170191176, -0.0022923683941349373, -0.009372910442303858], [-0.0022923683941349377, 0.0034745038031394507, 0.0018849380072181888], [-0.009372910442303858, 0.0018849380072181886, 0.01956362888820682]], "chi2_level": 0.99, "chi2_df": 3, "chi2_threshold": 11.344866730144373, "N_raw": 74, "N_roi": 74, "N_inlier": 69, "refit": true}
{"timestamp": "16:00:49.547943", "frame": 71, "mu": [0.7746074632665516, 1.1906777280912288, 1.2654436608593491], "Sigma": [[0.0103240318641826, -0.004015899020603403, -0.012606720905734949], [-0.004015899020603403, 0.004867468301181105, 0.002806944843881271], [-0.01260672090573495, 0.002806944843881271, 0.02230040913867]], "chi2_level": 0.99, "chi2_df": 3, "chi2_threshold": 11.344866730144373, "N_raw": 93, "N_roi": 92, "N_inlier": 87, "refit": true}
{"timestamp": "16:00:49.599426", "frame": 72, "mu": [0.6585652127681326, 1.188394511766392, 1.3557447772413314], "Sigma": [[0.007131459712708905, -0.003181259957616103, -0.011494333898712393], [-0.0031812599576161033, 0.006176385703838004, 0.005561556014636969], [-0.011494333898712393, 0.0055615560146369675, 0.028237980361261357]], "chi2_level": 0.99, "chi2_df": 3, "chi2_threshold": 11.344866730144373, "N_raw": 71, "N_roi": 71, "N_inlier": 70, "refit": true}
{"timestamp": "16:00:49.657191", "frame": 73, "mu": [0.5973880876607393, 1.1173144250362843, 1.149727998175444], "Sigma": [[0.010336883681770407, -0.002786971617684369, -0.024831668853563454], [-0.0027869716176843686, 0.021951662438433953, 0.06261746472874802], [-0.024831668853563454, 0.06261746472874802, 0.2701264440130869]], "chi2_level": 0.99, "chi2_df": 3, "chi2_threshold": 11.344866730144373, "N_raw": 84, "N_roi": 84, "N_inlier": 83, "refit": true}
{"timestamp": "16:00:49.705721", "frame": 74, "mu": [0.46099737716168365, 1.1361410765435898, 1.3466004723932803], "Sigma": [[0.006656071640126095, -0.005887163844709021, -0.02111079042641377], [-0.005887163844709021, 0.008590689623856536, 0.029544939381055853], [-0.021110790426413777, 0.029544939381055853, 0.13630605362416096]], "chi2_level": 0.99, "chi2_df": 3, "chi2_threshold": 11.344866730144373, "N_raw": 38, "N_roi": 38, "N_inlier": 33, "refit": true}
{"timestamp": "16:00:49.769682", "frame": 75, "mu": [0.4545447807874282, 1.1507573598174083, 1.2195655598010593], "Sigma": [[0.0124005731402023, -0.005062542698224111, -0.029304981427154993], [-0.00506254269822411, 0.006371906679710492, 0.014813705439294588], [-0.029304981427154993, 0.01481370543929459, 0.09741933691909996]], "chi2_level": 0.99, "chi2_df": 3, "chi2_threshold": 11.344866730144373, "N_raw": 82, "N_roi": 82, "N_inlier": 75, "refit": true}
{"timestamp": "16:00:49.822424", "frame": 76, "mu": [0.3527012907734688, 1.2485209989054844, -0.10446866347956212], "Sigma": [[0.00806713278180549, -0.007253159624969101, 0.04846698809375863], [-0.0072531596249691, 0.01831008226527469, -0.07386726737382801], [0.048466988093758635, -0.07386726737382801, 0.5177487386123412]], "chi2_level": 0.99, "chi2_df": 3, "chi2_threshold": 11.344866730144373, "N_raw": 85, "N_roi": 85, "N_inlier": 82, "refit": true}
{"timestamp": "16:00:49.881351", "frame": 77, "mu": [0.32569963192874907, 1.2403340543869437, -0.384720866616302], "Sigma": [[0.008102850464883246, 0.000555335702725259, -0.01658148518255441], [0.000555335702725259, 0.003761002998433597, -0.003017260972788717], [-0.01658148518255441, -0.0030172609727887167, 0.046079949127315334]], "chi2_level": 0.99, "chi2_df": 3, "chi2_threshold": 11.344866730144373, "N_raw": 107, "N_roi": 107, "N_inlier": 101, "refit": true}
{"timestamp": "16:00:49.927453", "frame": 78, "mu": [0.22989227090654168, 1.0423531576881384, 1.1691458178847953], "Sigma": [[0.006194546250490581, -0.005970723052530631, -0.028922064894540953], [-0.005970723052530631, 0.009072486970499198, 0.029507821207417097], [-0.028922064894540953, 0.029507821207417097, 0.1808814223782055]], "chi2_level": 0.99, "chi2_df": 3, "chi2_threshold": 11.344866730144373, "N_raw": 51, "N_roi": 51, "N_inlier": 48, "refit": true}
{"timestamp": "16:00:50.039506", "frame": 80, "mu": [0.07341519288553432, 1.0880089219428901, 1.4508599090717889], "Sigma": [[0.004003456342597402, -0.0024658459887306017, -0.006643871488463304], [-0.0024658459887306017, 0.006526953706138904, 0.0036709469190349476], [-0.006643871488463304, 0.003670946919034948, 0.012329342023991751]], "chi2_level": 0.99, "chi2_df": 3, "chi2_threshold": 11.344866730144373, "N_raw": 73, "N_roi": 71, "N_inlier": 68, "refit": true}
{"timestamp": "16:00:50.093695", "frame": 81, "mu": [0.0393883530417558, 1.07348586453972, 1.377140065578251], "Sigma": [[0.0020537947396665726, -0.00017464252613975695, -0.002357627331022669], [-0.0001746425261397569, 0.016546391419638852, 0.0072661886325059806], [-0.002357627331022669, 0.007266188632505981, 0.008266052983670365]], "chi2_level": 0.99, "chi2_df": 3, "chi2_threshold": 11.344866730144373, "N_raw": 64, "N_roi": 63, "N_inlier": 62, "refit": true}
{"timestamp": "16:00:50.150840", "frame": 82, "mu": [-0.06051447369917716, 1.0827302812064548, 1.4879465415431208], "Sigma": [[0.0032511945905491107, -0.0015341035023641962, -0.003341158828292332], [-0.0015341035023641962, 0.008050840471018133, 7.430840319004302e-05], [-0.003341158828292332, 7.430840319004296e-05, 0.004716495392059588]], "chi2_level": 0.99, "chi2_df": 3, "chi2_threshold": 11.344866730144373, "N_raw": 79, "N_roi": 79, "N_inlier": 78, "refit": true}
{"timestamp": "16:00:50.205230", "frame": 83, "mu": [-0.1202914235323879, 1.1420607425517038, 1.493254806289066], "Sigma": [[0.003756815644510519, -0.0005387322785491744, -0.002998320309321399], [-0.0005387322785491743, 0.005059765805911364, -0.002910873132826833], [-0.0029983203093213993, -0.0029108731328268325, 0.005719476800959066]], "chi2_level": 0.99, "chi2_df": 3, "chi2_threshold": 11.344866730144373, "N_raw": 78, "N_roi": 78, "N_inlier": 76, "refit": true}
{"timestamp": "16:00:50.262449", "frame": 84, "mu": [-0.23005872489139118, 1.1428955815861672, 1.5299023648167083], "Sigma": [[0.003391384612595692, -0.000731615642495992, -0.0029210616711751085], [-0.0007316156424959923, 0.006328166209446929, -0.0010336333760669174], [-0.002921061671175108, -0.0010336333760669174, 0.006304631287032579]], "chi2_level": 0.99, "chi2_df": 3, "chi2_threshold": 11.344866730144373, "N_raw": 82, "N_roi": 82, "N_inlier": 77, "refit": true}
{"timestamp": "16:00:50.317180", "frame": 85, "mu": [-0.2496167226793434, 1.0712649681619524, 1.224334899751939], "Sigma": [[0.004736014697786596, -0.003764104839942482, -0.01628173355996365], [-0.003764104839942482, 0.007091506800648689, 0.023854957339791105], [-0.01628173355996365, 0.023854957339791108, 0.12574192470957365]], "chi2_level": 0.99, "chi2_df": 3, "chi2_threshold": 11.344866730144373, "N_raw": 84, "N_roi": 84, "N_inlier": 81, "refit": true}
{"timestamp": "16:00:50.371001", "frame": 86, "mu": [-0.3599696008541568, 1.1868629353187643, 1.5350204760603325], "Sigma": [[0.0034429835068668056, 0.00016163316768881984, -0.002748378240939893], [0.00016163316768881986, 0.006914766983021607, -0.0025744543899000154], [-0.002748378240939893, -0.0025744543899000154, 0.003422964191069337]], "chi2_level": 0.99, "chi2_df": 3, "chi2_threshold": 11.344866730144373, "N_raw": 76, "N_roi": 76, "N_inlier": 75, "refit": true}
{"timestamp": "16:00:50.426417", "frame": 87, "mu": [-0.41748684767058586, 1.1786621946790419, 1.520615661175005], "Sigma": [[0.003828124915129794, -0.00095070118557407, -0.002505561830874452], [-0.0009507011855740698, 0.0070752135969983105, -0.0036203180533265437], [-0.002505561830874452, -0.0036203180533265437, 0.004697582031781641]], "chi2_level": 0.99, "chi2_df": 3, "chi2_threshold": 11.344866730144373, "N_raw": 83, "N_roi": 83, "N_inlier": 81, "refit": true}
{"timestamp": "16:00:50.481384", "frame": 88, "mu": [-0.4659375561100659, 1.2793637836129153, -0.21761643011188428], "Sigma": [[0.00427338469805853, -0.000424101017925586, -0.0017914410782016287], [-0.000424101017925586, 0.00823220691987468, 0.0002859381128215179], [-0.0017914410782016287, 0.0002859381128215179, 0.014148863121948728]], "chi2_level": 0.99, "chi2_df": 3, "chi2_threshold": 11.344866730144373, "N_raw": 78, "N_roi": 78, "N_inlier": 76, "refit": true}
{"timestamp": "16:00:50.544275", "frame": 89, "mu": [-0.5427596158895811, 1.1555926227048183, 1.3510106218774398], "Sigma": [[0.004105390597862599, -0.0013341109467529914, -0.001455420680164676], [-0.0013341109467529914, 0.010771619273818285, 0.009384804277371884], [-0.001455420680164676, 0.009384804277371884, 0.09294121078368482]], "chi2_level": 0.99, "chi2_df": 3, "chi2_threshold": 11.344866730144373, "N_raw": 97, "N_roi": 97, "N_inlier": 96, "refit": true}
{"timestamp": "16:00:50.593221", "frame": 90, "mu": [-0.6122198547579889, 1.1751727026652183, 1.4702620264087178], "Sigma": [[0.005570158504323666, 0.0003296864580380864, -0.001291665412395544], [0.0003296864580380866, 0.01420370961661495, 0.0011189749639441448], [-0.001291665412395544, 0.0011189749639441448, 0.005328619283516468]], "chi2_level": 0.99, "chi2_df": 3, "chi2_threshold": 11.344866730144373, "N_raw": 99, "N_roi": 99, "N_inlier": 96, "refit": true}
{"timestamp": "16:00:50.651443", "frame": 91, "mu": [-0.6836037003024319, 1.2407880060089302, 1.5501645478257478], "Sigma": [[0.008804985071316291, 0.000512982743841344, -0.0035351681295495044], [0.000512982743841344, 0.00983627738535592, -0.0030651092387064946], [-0.0035351681295495044, -0.0030651092387064946, 0.0034928967716256303]], "chi2_level": 0.99, "chi2_df": 3, "chi2_threshold": 11.344866730144373, "N_raw": 110, "N_roi": 110, "N_inlier": 99, "refit": true}
{"timestamp": "16:00:50.702651", "frame": 92, "mu": [-0.7822957072002483, 1.1473046091600985, 1.3961972511165957], "Sigma": [[0.007726840582090724, -0.002904888758236564, -0.009958010592614593], [-0.0029048887582365642, 0.009858472467063293, 0.005473949216695955], [-0.009958010592614593, 0.005473949216695956, 0.033292733554249686]], "chi2_level": 0.99, "chi2_df": 3, "chi2_threshold": 11.344866730144373, "N_raw": 82, "N_roi": 82, "N_inlier": 78, "refit": true}
{"timestamp": "16:00:50.757000", "frame": 93, "mu": [-0.8297385728376964, 1.1992760975087862, 1.3772363784474702], "Sigma": [[0.011359628815039722, -0.0002817868683863599, -0.020751366152173843], [-0.0002817868683863598, 0.005964235044398161, -0.0038626649372722303], [-0.020751366152173843, -0.0038626649372722295, 0.06432745025646834]], "chi2_level": 0.99, "chi2_df": 3, "chi2_threshold": 11.344866730144373, "N_raw": 86, "N_roi": 86, "N_inlier": 84, "refit": true}
{"timestamp": "16:00:50.808429", "frame": 94, "mu": [-0.9045094332005703, 1.285773227240997, 1.5427137222795075], "Sigma": [[0.007692039648356881, -0.0008245915194794925, -0.01653050521041667], [-0.0008245915194794926, 0.0031527871814376884, 0.004436835803090201], [-0.01653050521041667, 0.004436835803090202, 0.10702481769724903]], "chi2_level": 0.99, "chi2_df": 3, "chi2_threshold": 11.344866730144373, "N_raw": 58, "N_roi": 58, "N_inlier": 56, "refit": true}
{"timestamp": "16:00:50.868281", "frame": 95, "mu": [-0.9664907376270558, 1.2629260813271252, 1.3904071996859075], "Sigma": [[0.025803068220914802, 0.009224678128894413, -0.052482918421139155], [0.009224678128894414, 0.013916191831447896, -0.007784255573453313], [-0.052482918421139155, -0.007784255573453315, 0.17040070267940063]], "chi2_level": 0.99, "chi2_df": 3, "chi2_threshold": 11.344866730144373, "N_raw": 89, "N_roi": 89, "N_inlier": 84, "refit": true}
{"timestamp": "16:00:50.920451", "frame": 96, "mu": [-1.0801512588037356, 1.2064512047969107, 1.369844666666427], "Sigma": [[0.05632352607410313, 0.017411803557982018, -0.09526201431930201], [0.017411803557982018, 0.015530023785567835, -0.009426243984830994], [-0.09526201431930201, -0.009426243984830995, 0.2481912994351955]], "chi2_level": 0.99, "chi2_df": 3, "chi2_threshold": 11.344866730144373, "N_raw": 70, "N_roi": 70, "N_inlier": 69, "refit": true}
{"timestamp": "16:00:50.974158", "frame": 97, "mu": [-1.186126540252716, 1.2876969710190258, 1.7304772814436467], "Sigma": [[0.03173194644339376, 0.02147059965573389, -0.01646078753621658], [0.02147059965573389, 0.01930334395132218, -0.011937209449954194], [-0.01646078753621658, -0.011937209449954194, 0.023411236712225413]], "chi2_level": 0.99, "chi2_df": 3, "chi2_threshold": 11.344866730144373, "N_raw": 68, "N_roi": 68, "N_inlier": 63, "refit": true}
{"timestamp": "16:00:51.040914", "frame": 98, "mu": [-1.1057276641253795, 1.3654865381135015, 0.2722818612292945], "Sigma": [[0.05690877271381117, 0.03607633838132858, 0.0622137021044277], [0.03607633838132858, 0.03026844364216387, 0.03991784528275672], [0.06221370210442769, 0.03991784528275672, 0.3963082465290074]], "chi2_level": 0.99, "chi2_df": 3, "chi2_threshold": 11.344866730144373, "N_raw": 146, "N_roi": 146, "N_inlier": 145, "refit": true}
{"timestamp": "16:00:51.094202", "frame": 99, "mu": [-1.3160755702619769, 1.2524720698593041, 1.3230329241313874], "Sigma": [[0.04716696437665455, 0.037614733078088505, -0.0881013949271092], [0.037614733078088505, 0.03980208111000222, -0.08505415560629698], [-0.08810139492710917, -0.08505415560629698, 0.25818648559105434]], "chi2_level": 0.99, "chi2_df": 3, "chi2_threshold": 11.344866730144373, "N_raw": 126, "N_roi": 126, "N_inlier": 126, "refit": true}
{"timestamp": "16:00:51.251818", "frame": 100, "mu": [-1.2416458509592014, 1.406987958754503, 1.602444283013086], "Sigma": [[0.07081316475042121, 0.045126891408033554, -0.09008166695636538], [0.045126891408033554, 0.03984496597602849, -0.07309132141718754], [-0.09008166695636538, -0.07309132141718755, 0.2183088445339685]], "chi2_level": 0.99, "chi2_df": 3, "chi2_threshold": 11.344866730144373, "N_raw": 87, "N_roi": 87, "N_inlier": 85, "refit": true}
{"timestamp": "16:00:51.259475", "frame": 101, "mu": [-1.2368737249257455, 1.542852160640566, -0.05453601052097789], "Sigma": [[0.087044663740083, 0.0673615542404785, -0.05752995526792359], [0.06736155424047852, 0.06369459969190377, -0.05643503680631874], [-0.05752995526792358, -0.05643503680631874, 0.06542374071330936]], "chi2_level": 0.99, "chi2_df": 3, "chi2_threshold": 11.344866730144373, "N_raw": 99, "N_roi": 99, "N_inlier": 96, "refit": true}
{"timestamp": "16:00:51.293210", "frame": 102, "mu": [-1.0995381247555402, 1.5733622633523447, 1.2925908961887893], "Sigma": [[0.008527467488205117, 0.001464276421629966, 0.0020000023557813574], [0.0014642764216299662, 0.0038430758993207945, -0.003356972995926323], [0.002000002355781358, -0.003356972995926323, 0.0229524730455238]], "chi2_level": 0.99, "chi2_df": 3, "chi2_threshold": 11.344866730144373, "N_raw": 78, "N_roi": 78, "N_inlier": 75, "refit": true}
{"timestamp": "16:00:51.323534", "frame": 103, "mu": [-1.32919241958169, 1.613769426123997, 1.10906957844126], "Sigma": [[0.07857376298317886, 0.03842340481416237, -0.04367237801606173], [0.03842340481416238, 0.03876042153797367, -0.0384422103710247], [-0.04367237801606174, -0.03844221037102469, 0.3971829849480279]], "chi2_level": 0.99, "chi2_df": 3, "chi2_threshold": 11.344866730144373, "N_raw": 15, "N_roi": 15, "N_inlier": 15, "refit": true}
{"timestamp": "16:00:51.357148", "frame": 104, "mu": [-1.0771808935054474, 1.7467250875715115, 1.2429959550576464], "Sigma": [[0.005301139910688298, 0.001457232508204355, 0.0015697179025382108], [0.001457232508204355, 0.0038257751260996186, -0.0014983723144384017], [0.0015697179025382108, -0.0014983723144384017, 0.030170144071064896]], "chi2_level": 0.99, "chi2_df": 3, "chi2_threshold": 11.344866730144373, "N_raw": 54, "N_roi": 54, "N_inlier": 51, "refit": true}
{"timestamp": "16:00:51.418507", "frame": 105, "mu": [-1.1388665110110923, 1.7242823267306224, 0.9166331563070599], "Sigma": [[0.008935175619878012, 0.00275246682691672, 0.012850351477441319], [0.00275246682691672, 0.023756529567824935, 0.0688576595083395], [0.012850351477441319, 0.0688576595083395, 0.2641730717724328]], "chi2_level": 0.99, "chi2_df": 3, "chi2_threshold": 11.344866730144373, "N_raw": 103, "N_roi": 103, "N_inlier": 98, "refit": true}
{"timestamp": "16:00:51.465838", "frame": 106, "mu": [-1.1416699791054195, 1.9072272195604192, 1.4788160907355483], "Sigma": [[0.008874915159129207, -0.0015671509843174886, -0.011595825632391232], [-0.0015671509843174886, 0.004483816740040552, 0.0008557316627926028], [-0.011595825632391234, 0.0008557316627926028, 0.016189991390115243]], "chi2_level": 0.99, "chi2_df": 3, "chi2_threshold": 11.344866730144373, "N_raw": 47, "N_roi": 47, "N_inlier": 46, "refit": true}
{"timestamp": "16:00:51.525594", "frame": 107, "mu": [-1.1902818849257277, 2.015710457432924, 0.0779665665811926], "Sigma": [[0.014361946963214021, -0.00024073922775780194, -0.00154490199198406], [-0.0002407392277578019, 0.008541381627938245, -0.00696931511648196], [-0.0015449019919840596, -0.00696931511648196, 0.07224500403200562]], "chi2_level": 0.99, "chi2_df": 3, "chi2_threshold": 11.344866730144373, "N_raw": 80, "N_roi": 80, "N_inlier": 75, "refit": true}
{"timestamp": "16:00:51.581589", "frame": 108, "mu": [-1.2506194665741854, 1.9742660625419421, 1.2433168763685005], "Sigma": [[0.01837668364630115, 0.002042266397059084, 0.029554759218286552], [0.002042266397059084, 0.00456351216007969, 0.00032330441375739256], [0.029554759218286552, 0.00032330441375739245, 0.13684307028568324]], "chi2_level": 0.99, "chi2_df": 3, "chi2_threshold": 11.344866730144373, "N_raw": 82, "N_roi": 82, "N_inlier": 79, "refit": true}
{"timestamp": "16:00:51.633642", "frame": 109, "mu": [-1.1738939396895824, 2.0651747717893674, 1.395632778752415], "Sigma": [[0.015904512074739714, -0.0007648822012495787, 0.00889493318081419], [-0.0007648822012495789, 0.006101229511081597, -0.001858604916531715], [0.00889493318081419, -0.0018586049165317147, 0.04574730052104566]], "chi2_level": 0.99, "chi2_df": 3, "chi2_threshold": 11.344866730144373, "N_raw": 59, "N_roi": 59, "N_inlier": 56, "refit": true}
{"timestamp": "16:00:51.690749", "frame": 110, "mu": [-1.2151488579134384, 2.0484544006184833, 1.1559925437537277], "Sigma": [[0.01205718958655423, 0.002484309142165273, 0.0037654483626650193], [0.002484309142165273, 0.04236471629525537, 0.11860107216002425], [0.0037654483626650206, 0.11860107216002425, 0.41113533317997164]], "chi2_level": 0.99, "chi2_df": 3, "chi2_threshold": 11.344866730144373, "N_raw": 75, "N_roi": 75, "N_inlier": 73, "refit": true}
{"timestamp": "16:00:51.744171", "frame": 111, "mu": [-1.2088297738155869, 2.137093841896949, 1.2511747251658925], "Sigma": [[0.01465038361726846, 0.0018799507093861618, 0.005940330456531559], [0.0018799507093861618, 0.0020988194476331554, -0.002480936222877328], [0.005940330456531559, -0.002480936222877328, 0.016576950796516512]], "chi2_level": 0.99, "chi2_df": 3, "chi2_threshold": 11.344866730144373, "N_raw": 60, "N_roi": 60, "N_inlier": 56, "refit": true}
{"timestamp": "16:00:51.802835", "frame": 112, "mu": [-1.2673221914674802, 2.2487699852905805, 1.326307788332632], "Sigma": [[0.015055287158120297, -0.0010385906269942836, -0.003072295486052915], [-0.0010385906269942836, 0.005750307957852962, 0.0065511107573194005], [-0.003072295486052915, 0.0065511107573194005, 0.09098156869094234]], "chi2_level": 0.99, "chi2_df": 3, "chi2_threshold": 11.344866730144373, "N_raw": 88, "N_roi": 88, "N_inlier": 83, "refit": true}
{"timestamp": "16:00:51.851198", "frame": 113, "mu": [-1.1987017826497761, 2.370828296886366, 0.07136336825524149], "Sigma": [[0.008106378776023838, 0.0020429646258135785, -0.006263158958518464], [0.0020429646258135785, 0.00508897102048491, -0.0006794139218939282], [-0.006263158958518464, -0.0006794139218939282, 0.00680826727634437]], "chi2_level": 0.99, "chi2_df": 3, "chi2_threshold": 11.344866730144373, "N_raw": 40, "N_roi": 40, "N_inlier": 37, "refit": true}
{"timestamp": "16:00:51.911592", "frame": 114, "mu": [-1.2155565533084225, 2.445273289870639, -0.28480668995605496], "Sigma": [[0.01339875325852855, 0.0006732062923089712, 0.06531041443975412], [0.0006732062923089713, 0.011725630637666958, 0.0008400332839977537], [0.06531041443975413, 0.000840033283997755, 0.5115401561520526]], "chi2_level": 0.99, "chi2_df": 3, "chi2_threshold": 11.344866730144373, "N_raw": 85, "N_roi": 85, "N_inlier": 85, "refit": true}
