{"timestamp": "15:18:43.167653", "frame": 27, "mu": [2.086840436462655, 3.2290376083556542, 1.5220334986049182], "Sigma": [[0.0070117979183552765, -0.004046030109451513, 0.00019866255283485597], [-0.004046030109451513, 0.003277083287605534, -0.002895052477430829], [0.00019866255283485564, -0.0028950524774308296, 0.008409643589887704]], "chi2_level": 0.99, "chi2_df": 3, "chi2_threshold": 11.344866730144373, "N_raw": 20, "N_roi": 17, "N_inlier": 16, "refit": true}
{"timestamp": "15:18:43.826001", "frame": 39, "mu": [1.7522897621878437, 2.9074427401646923, 1.004222626876017], "Sigma": [[0.006945158588070801, -0.003715627814793278, -0.0075044755123875075], [-0.003715627814793278, 0.0031587934844181788, 0.0026316019593421837], [-0.0075044755123875075, 0.0026316019593421837, 0.014106182757978132]], "chi2_level": 0.99, "chi2_df": 3, "chi2_threshold": 11.344866730144373, "N_raw": 12, "N_roi": 12, "N_inlier": 12, "refit": true}
{"timestamp": "15:18:43.991727", "frame": 42, "mu": [1.5184949592210695, 3.014506595135055, 1.3237536650648654], "Sigma": [[0.006606992358370104, -0.0050423091742620215, -0.00727517563721445], [-0.0050423091742620215, 0.0075189170128085936, 0.008563323082312214], [-0.00727517563721445, 0.00856332308231221, 0.011435830114942204]], "chi2_level": 0.99, "chi2_df": 3, "chi2_threshold": 11.344866730144373, "N_raw": 19, "N_roi": 19, "N_inlier": 18, "refit": true}
{"timestamp": "15:18:44.048220", "frame": 43, "mu": [1.5169590696859347, 2.9901618259278973, 1.217741356756138], "Sigma": [[0.011955968923547318, -0.006431761540754931, -0.0053130644059398695], [-0.00643176154075493, 0.004984077046248433, 0.002109782247317369], [-0.0053130644059398695, 0.002109782247317369, 0.0046243495604389555]], "chi2_level": 0.99, "chi2_df": 3, "chi2_threshold": 11.344866730144373, "N_raw": 25, "N_roi": 25, "N_inlier": 24, "refit": true}
{"timestamp": "15:18:44.161164", "frame": 45, "mu": [1.355372642012533, 3.0720516523188413, 1.426111965343941], "Sigma": [[0.01125521659847803, -0.006565142994214132, -0.010064518658961264], [-0.006565142994214132, 0.007742880019117635, 0.0069593976882351615], [-0.010064518658961264, 0.006959397688235161, 0.010958824817960544]], "chi2_level": 0.99, "chi2_df": 3, "chi2_threshold": 11.344866730144373, "N_raw": 37, "N_roi": 34, "N_inlier": 33, "refit": true}
{"timestamp": "15:18:44.219642", "frame": 46, "mu": [1.3383551953576562, 3.0642737257756414, 1.4006388448771665], "Sigma": [[0.01891593767580188, -0.006855990512555676, -0.009011843678518892], [-0.006855990512555676, 0.006943882477068836, 0.003096991822530851], [-0.009011843678518892, 0.003096991822530851, 0.005399681052911483]], "chi2_level": 0.99, "chi2_df": 3, "chi2_threshold": 11.344866730144373, "N_raw": 49, "N_roi": 48, "N_inlier": 48, "refit": true}
{"timestamp": "15:18:44.275755", "frame": 47, "mu": [1.2941501596026237, 3.060562406753978, 1.3469341621061266], "Sigma": [[0.01865487172538271, -0.007181658505571717, -0.008838230247560312], [-0.007181658505571717, 0.008174982545712726, 0.003065131217255782], [-0.008838230247560313, 0.0030651312172557815, 0.005452719934051328]], "chi2_level": 0.99, "chi2_df": 3, "chi2_threshold": 11.344866730144373, "N_raw": 58, "N_roi": 56, "N_inlier": 56, "refit": true}
{"timestamp": "15:18:44.325754", "frame": 48, "mu": [1.3102206869979969, 2.9496057436357175, 1.072547405688289], "Sigma": [[0.008669630854775167, -0.005195408813262668, -0.018204540625108456], [-0.005195408813262668, 0.007900343761090728, 0.0008400027104950285], [-0.018204540625108456, 0.000840002710495029, 0.1274325834843015]], "chi2_level": 0.99, "chi2_df": 3, "chi2_threshold": 11.344866730144373, "N_raw": 30, "N_roi": 28, "N_inlier": 28, "refit": true}
{"timestamp": "15:18:44.377589", "frame": 49, "mu": [1.3097457933064256, 2.867871532903304, 0.4871206935799275], "Sigma": [[0.003892917345402437, -0.002630178911269253, 0.014678322815568485], [-0.0026301789112692536, 0.004852928156150761, -0.027482630897551402], [0.014678322815568485, -0.027482630897551402, 0.18946213785019708]], "chi2_level": 0.99, "chi2_df": 3, "chi2_threshold": 11.344866730144373, "N_raw": 10, "N_roi": 10, "N_inlier": 10, "refit": true}
{"timestamp": "15:18:44.435694", "frame": 50, "mu": [1.158150782911294, 2.991977746140691, 1.1995422348901381], "Sigma": [[0.012008327731229384, -0.006302207780983815, -0.005512959971655131], [-0.006302207780983815, 0.005778068840587517, 0.002572484223875648], [-0.005512959971655131, 0.0025724842238756475, 0.0037139345922923596]], "chi2_level": 0.99, "chi2_df": 3, "chi2_threshold": 11.344866730144373, "N_raw": 30, "N_roi": 30, "N_inlier": 29, "refit": true}
{"timestamp": "15:18:44.543810", "frame": 52, "mu": [1.1044109173697738, 2.9112110066698476, 0.9401443748480138], "Sigma": [[0.004278408485443093, -0.0025595803132642658, 0.0017985153992678613], [-0.0025595803132642666, 0.004583812405488611, -0.014566079006728455], [0.0017985153992678613, -0.014566079006728457, 0.13224878811073867]], "chi2_level": 0.99, "chi2_df": 3, "chi2_threshold": 11.344866730144373, "N_raw": 16, "N_roi": 14, "N_inlier": 14, "refit": true}
{"timestamp": "15:18:44.821165", "frame": 57, "mu": [0.6605296682652376, 3.0308655562683775, 1.3991598020722273], "Sigma": [[0.007705077592591525, -0.0025236548708243195, -0.00918599212283844], [-0.00252365487082432, 0.005131824381746205, 0.004907701248473869], [-0.009185992122838438, 0.004907701248473869, 0.013647455139409969]], "chi2_level": 0.99, "chi2_df": 3, "chi2_threshold": 11.344866730144373, "N_raw": 31, "N_roi": 31, "N_inlier": 31, "refit": true}
{"timestamp": "15:18:44.878634", "frame": 58, "mu": [0.5684124377693072, 3.072227080611747, -0.30013451824638454], "Sigma": [[0.011823889057007054, -0.00037217935016775074, 0.020811799538966294], [-0.00037217935016775063, 0.0033714418915548015, 0.002153903739616101], [0.020811799538966294, 0.002153903739616101, 0.09498989083713681]], "chi2_level": 0.99, "chi2_df": 3, "chi2_threshold": 11.344866730144373, "N_raw": 42, "N_roi": 41, "N_inlier": 38, "refit": true}
{"timestamp": "15:18:44.929734", "frame": 59, "mu": [0.5646134354450771, 2.9945664824258955, 1.175826113679739], "Sigma": [[0.00877854256197149, -0.0014262720597523616, -0.034411063090631244], [-0.0014262720597523616, 0.004660826090440111, -0.008889950520163906], [-0.034411063090631244, -0.008889950520163906, 0.2755218785059135]], "chi2_level": 0.99, "chi2_df": 3, "chi2_threshold": 11.344866730144373, "N_raw": 22, "N_roi": 18, "N_inlier": 18, "refit": true}
{"timestamp": "15:18:44.984906", "frame": 60, "mu": [0.5042395062234274, 3.05273561575106, 1.2485519892106642], "Sigma": [[0.007557684612137413, -0.002714310400576937, -0.005713012295714282], [-0.002714310400576937, 0.004308546609632994, 0.0005179554519874236], [-0.005713012295714283, 0.0005179554519874235, 0.010376871305570795]], "chi2_level": 0.99, "chi2_df": 3, "chi2_threshold": 11.344866730144373, "N_raw": 24, "N_roi": 24, "N_inlier": 21, "refit": true}
{"timestamp": "15:18:45.041234", "frame": 61, "mu": [0.436495035228617, 2.978264722333244, 1.2485743968732192], "Sigma": [[0.015483705168999771, -0.0014217821109224454, -0.03563577662131412], [-0.0014217821109224454, 0.0026328110643899626, -0.0016810199781604493], [-0.03563577662131412, -0.0016810199781604495, 0.20371153657395866]], "chi2_level": 0.99, "chi2_df": 3, "chi2_threshold": 11.344866730144373, "N_raw": 31, "N_roi": 30, "N_inlier": 29, "refit": true}
{"timestamp": "15:18:45.095920", "frame": 62, "mu": [0.43198627766830744, 3.011563749200917, -0.07125908693752145], "Sigma": [[0.008267353629689266, -0.0028073075811168658, 0.07230119509497748], [-0.0028073075811168666, 0.001239376214483289, -0.0253896940565651], [0.07230119509497748, -0.025389694056565097, 0.9496222829581851]], "chi2_level": 0.99, "chi2_df": 3, "chi2_threshold": 11.344866730144373, "N_raw": 30, "N_roi": 26, "N_inlier": 25, "refit": true}
{"timestamp": "15:18:45.206474", "frame": 64, "mu": [0.152310705352407, 3.077412784871122, 1.4783887897348782], "Sigma": [[0.007926155626909421, -0.0014592411003347201, -0.006884283336493602], [-0.0014592411003347201, 0.00307715815951053, 0.001938693802136177], [-0.006884283336493602, 0.001938693802136177, 0.012771822887683875]], "chi2_level": 0.99, "chi2_df": 3, "chi2_threshold": 11.344866730144373, "N_raw": 31, "N_roi": 27, "N_inlier": 25, "refit": true}
{"timestamp": "15:18:45.375480", "frame": 67, "mu": [0.031912741905905165, 3.1050340806170724, 1.4099347680160284], "Sigma": [[0.015181523364754406, -0.00217677550503632, -0.014051661553372568], [-0.00217677550503632, 0.006139662284098303, -0.0014083518002897923], [-0.014051661553372568, -0.0014083518002897927, 0.017897957940652215]], "chi2_level": 0.99, "chi2_df": 3, "chi2_threshold": 11.344866730144373, "N_raw": 67, "N_roi": 66, "N_inlier": 66, "refit": true}
{"timestamp": "15:18:45.430771", "frame": 68, "mu": [0.023375375766316722, 3.024686819524593, 1.3690522941237495], "Sigma": [[0.012392018871870691, -0.0003631646770123761, -0.005665486066850521], [-0.0003631646770123762, 0.0065832659727081, -0.0002632052670319433], [-0.005665486066850521, -0.0002632052670319434, 0.005373953106569744]], "chi2_level": 0.99, "chi2_df": 3, "chi2_threshold": 11.344866730144373, "N_raw": 59, "N_roi": 59, "N_inlier": 59, "refit": true}
{"timestamp": "15:18:45.485747", "frame": 69, "mu": [-0.014586399959333845, 3.0605121945982283, 0.10322987497456845], "Sigma": [[0.011574967752907199, 0.0004524975273423962, -0.004643611316836599], [0.0004524975273423962, 0.004962254465821085, -0.0004057696197765062], [-0.004643611316836599, -0.0004057696197765063, 0.0033920519198059104]], "chi2_level": 0.99, "chi2_df": 3, "chi2_threshold": 11.344866730144373, "N_raw": 55, "N_roi": 55, "N_inlier": 50, "refit": true}
{"timestamp": "15:18:45.533914", "frame": 70, "mu": [-0.09533528264056637, 3.013097215857812, 1.0994681614940314], "Sigma": [[0.0027248315727156323, -0.002124234585038066, 0.005491385894425252], [-0.0021242345850380666, 0.009552792896153179, -0.036518146328065874], [0.005491385894425252, -0.036518146328065874, 0.16076814466568576]], "chi2_level": 0.99, "chi2_df": 3, "chi2_threshold": 11.344866730144373, "N_raw": 14, "N_roi": 14, "N_inlier": 14, "refit": true}
{"timestamp": "15:18:45.593285", "frame": 71, "mu": [-0.16487458647830408, 2.9847144059327526, 1.2686584597831154], "Sigma": [[0.01168105309564188, -0.0023048078281546055, -0.0071214855457833355], [-0.0023048078281546055, 0.0053206070642278095, 0.0028745563237450944], [-0.0071214855457833355, 0.0028745563237450944, 0.007023804983199755]], "chi2_level": 0.99, "chi2_df": 3, "chi2_threshold": 11.344866730144373, "N_raw": 48, "N_roi": 48, "N_inlier": 45, "refit": true}
{"timestamp": "15:18:45.703961", "frame": 73, "mu": [-0.2821702273247286, 2.9410906046105416, 1.1828015568009627], "Sigma": [[0.014513820460164183, -0.003311481567477291, 0.0055183438445588], [-0.0033114815674772915, 0.004808236205876165, -0.0018155356978829026], [0.005518343844558801, -0.0018155356978829026, 0.12847158717348747]], "chi2_level": 0.99, "chi2_df": 3, "chi2_threshold": 11.344866730144373, "N_raw": 50, "N_roi": 46, "N_inlier": 43, "refit": true}
{"timestamp": "15:18:45.760428", "frame": 74, "mu": [-0.3683940384879284, 2.967106245708191, 1.3467188025556327], "Sigma": [[0.016018966934708452, -0.00202609748501784, -0.011469075710562222], [-0.00202609748501784, 0.0069419427576278715, 0.004701794746654349], [-0.011469075710562222, 0.00470179474665435, 0.010893020357428241]], "chi2_level": 0.99, "chi2_df": 3, "chi2_threshold": 11.344866730144373, "N_raw": 57, "N_roi": 56, "N_inlier": 54, "refit": true}
{"timestamp": "15:18:45.816635", "frame": 75, "mu": [-0.42119570909096565, 2.9786594250771894, -0.6734947165889207], "Sigma": [[0.016751007201082045, 0.0010949250730480449, 8.828896164276255e-06], [0.0010949250730480447, 0.0067799275221497755, 0.0039011558340482214], [8.828896164276255e-06, 0.0039011558340482227, 0.042453377238423975]], "chi2_level": 0.99, "chi2_df": 3, "chi2_threshold": 11.344866730144373, "N_raw": 68, "N_roi": 68, "N_inlier": 64, "refit": true}
{"timestamp": "15:18:45.922910", "frame": 77, "mu": [-0.5740364672148899, 3.0092957793029944, 1.4462867191939401], "Sigma": [[0.016435159817315283, 0.0016101211341886521, -0.027273556847866174], [0.0016101211341886528, 0.0026297535709492955, -0.006397734549899948], [-0.027273556847866174, -0.006397734549899948, 0.09101575637598606]], "chi2_level": 0.99, "chi2_df": 3, "chi2_threshold": 11.344866730144373, "N_raw": 42, "N_roi": 41, "N_inlier": 39, "refit": true}
{"timestamp": "15:18:45.977820", "frame": 78, "mu": [-0.6393701340126964, 2.9923481642145706, 1.4372673402426797], "Sigma": [[0.007499136734769714, 0.0008733388334866436, -0.015944446344306536], [0.0008733388334866436, 0.003360869144493176, -0.008519996351978056], [-0.015944446344306536, -0.008519996351978056, 0.0869458850338315]], "chi2_level": 0.99, "chi2_df": 3, "chi2_threshold": 11.344866730144373, "N_raw": 36, "N_roi": 32, "N_inlier": 30, "refit": true}
{"timestamp": "15:18:46.037213", "frame": 79, "mu": [-0.7084482875568455, 2.956709380526133, 1.3937982330187804], "Sigma": [[0.013051564864588172, -0.00023826194018226345, -0.014318676562913033], [-0.00023826194018226334, 0.006438142016270063, -0.0023471226126174586], [-0.014318676562913033, -0.0023471226126174586, 0.025064575657968373]], "chi2_level": 0.99, "chi2_df": 3, "chi2_threshold": 11.344866730144373, "N_raw": 68, "N_roi": 68, "N_inlier": 65, "refit": true}
{"timestamp": "15:18:46.090755", "frame": 80, "mu": [-0.7551923002422, 2.99219325489474, 1.3265556578547675], "Sigma": [[0.012861840454387019, 0.00116515367057998, -0.013350803076507002], [0.0011651536705799804, 0.002324943594628221, -0.0067330048636579515], [-0.013350803076507002, -0.006733004863657951, 0.04068912899317127]], "chi2_level": 0.99, "chi2_df": 3, "chi2_threshold": 11.344866730144373, "N_raw": 59, "N_roi": 57, "N_inlier": 53, "refit": true}
{"timestamp": "15:18:46.145681", "frame": 81, "mu": [-0.8483066737184484, 2.9699619258657557, 1.5579825188283263], "Sigma": [[0.015017873034097705, 0.0006763005280954816, -0.009054998774828588], [0.0006763005280954815, 0.00576389494280554, 0.0016746169608528657], [-0.009054998774828588, 0.0016746169608528655, 0.0068336381677486955]], "chi2_level": 0.99, "chi2_df": 3, "chi2_threshold": 11.344866730144373, "N_raw": 58, "N_roi": 58, "N_inlier": 54, "refit": true}
{"timestamp": "15:18:46.201820", "frame": 82, "mu": [-0.822207394627425, 2.994102055124152, 1.3444462375792383], "Sigma": [[0.01498229466345631, 0.0009094598773637433, -0.025074120650212625], [0.0009094598773637433, 0.002908758305939921, -0.005093866894937636], [-0.025074120650212625, -0.005093866894937636, 0.053939201478235305]], "chi2_level": 0.99, "chi2_df": 3, "chi2_threshold": 11.344866730144373, "N_raw": 61, "N_roi": 58, "N_inlier": 53, "refit": true}
{"timestamp": "15:18:46.256775", "frame": 83, "mu": [-0.9663548534580757, 2.9251943458507523, 1.4653707881003462], "Sigma": [[0.014284891330892566, 0.0014140817731020812, -0.011861248262441148], [0.0014140817731020812, 0.006921088387242757, 0.0010184937469109843], [-0.011861248262441147, 0.0010184937469109843, 0.012202621712288595]], "chi2_level": 0.99, "chi2_df": 3, "chi2_threshold": 11.344866730144373, "N_raw": 62, "N_roi": 59, "N_inlier": 55, "refit": true}
{"timestamp": "15:18:46.310781", "frame": 84, "mu": [-0.986528141684102, 3.027379492199906, 0.10365321279351206], "Sigma": [[0.013766483800648452, 0.00455031592010002, -0.015691726366765975], [0.00455031592010002, 0.006977881279551536, -0.009679928364070271], [-0.015691726366765975, -0.009679928364070271, 0.024535697381298155]], "chi2_level": 0.99, "chi2_df": 3, "chi2_threshold": 11.344866730144373, "N_raw": 58, "N_roi": 54, "N_inlier": 52, "refit": true}
{"timestamp": "15:18:46.364246", "frame": 85, "mu": [-1.0871973580767231, 2.948944427324175, 1.4523164172277834], "Sigma": [[0.012064185210593282, 0.0011138499881376174, -0.01260801463202263], [0.0011138499881376174, 0.006296824490608516, -0.00028301015171669405], [-0.01260801463202263, -0.0002830101517166946, 0.01757893433571663]], "chi2_level": 0.99, "chi2_df": 3, "chi2_threshold": 11.344866730144373, "N_raw": 52, "N_roi": 52, "N_inlier": 48, "refit": true}
{"timestamp": "15:18:46.421570", "frame": 86, "mu": [-1.1159392491565365, 2.934810511915564, 1.2700615970695834], "Sigma": [[0.016720607778057756, -0.0008547644413444849, -0.024090050688451395], [-0.0008547644413444848, 0.005419500617530979, -0.0028082597386351648], [-0.024090050688451395, -0.0028082597386351648, 0.04750005452306492]], "chi2_level": 0.99, "chi2_df": 3, "chi2_threshold": 11.344866730144373, "N_raw": 69, "N_roi": 67, "N_inlier": 66, "refit": true}
{"timestamp": "15:18:46.474900", "frame": 87, "mu": [-1.1917372884169144, 2.959555962635834, 1.373181621811381], "Sigma": [[0.01470473120300069, 0.002286862902494239, -0.015440275672219712], [0.002286862902494239, 0.0055961237838726575, -0.004521246586882084], [-0.015440275672219712, -0.004521246586882084, 0.023113887536188458]], "chi2_level": 0.99, "chi2_df": 3, "chi2_threshold": 11.344866730144373, "N_raw": 58, "N_roi": 58, "N_inlier": 53, "refit": true}
{"timestamp": "15:18:46.538780", "frame": 88, "mu": [-1.1387976791979533, 2.950717458781898, 0.8612764146714285], "Sigma": [[0.028215630442883475, 0.0011569521840687832, -0.07000770562271338], [0.0011569521840687832, 0.004007652559578742, -0.0032867124070091454], [-0.07000770562271338, -0.003286712407009145, 0.2773799557408776]], "chi2_level": 0.99, "chi2_df": 3, "chi2_threshold": 11.344866730144373, "N_raw": 114, "N_roi": 112, "N_inlier": 111, "refit": true}
{"timestamp": "15:18:46.585993", "frame": 89, "mu": [-1.2874280536944827, 2.9142580284175423, 1.2713693549160274], "Sigma": [[0.014573629804009093, 0.0003002440268950621, -0.021851143209410735], [0.000300244026895062, 0.0061659904853507445, -0.0018664224156828813], [-0.021851143209410735, -0.0018664224156828813, 0.09984148377573272]], "chi2_level": 0.99, "chi2_df": 3, "chi2_threshold": 11.344866730144373, "N_raw": 58, "N_roi": 58, "N_inlier": 55, "refit": true}
{"timestamp": "15:18:46.638314", "frame": 90, "mu": [-1.342553588414456, 2.8711750255919517, 1.2749796312299364], "Sigma": [[0.0090849707415899, 0.0001627979932171209, -0.013172521941797966], [0.00016279799321712083, 0.006609485514020953, 0.0003569916474102502], [-0.013172521941797966, 0.0003569916474102503, 0.02264907665761086]], "chi2_level": 0.99, "chi2_df": 3, "chi2_threshold": 11.344866730144373, "N_raw": 46, "N_roi": 45, "N_inlier": 43, "refit": true}
{"timestamp": "15:18:46.692782", "frame": 91, "mu": [-1.3519190045333866, 2.8744061186131753, 1.2562711060824603], "Sigma": [[0.011617900198758855, 0.0010045088335090425, -0.01589681598670548], [0.0010045088335090425, 0.0030438193990369095, -0.00226919869813163], [-0.01589681598670548, -0.00226919869813163, 0.02428087500965062]], "chi2_level": 0.99, "chi2_df": 3, "chi2_threshold": 11.344866730144373, "N_raw": 34, "N_roi": 32, "N_inlier": 31, "refit": true}
{"timestamp": "15:18:46.747717", "frame": 92, "mu": [-1.4247002698864897, 2.8807033331556795, 1.2562786065596954], "Sigma": [[0.01257484576756036, 0.00025840030186215115, -0.019264589140325746], [0.00025840030186215126, 0.005857193054592228, -0.0002356942116958614], [-0.019264589140325746, -0.00023569421169586076, 0.03202227966253711]], "chi2_level": 0.99, "chi2_df": 3, "chi2_threshold": 11.344866730144373, "N_raw": 47, "N_roi": 47, "N_inlier": 46, "refit": true}
{"timestamp": "15:18:46.800904", "frame": 93, "mu": [-1.5497322208900066, 2.95644664659162, 1.3309415657622623], "Sigma": [[0.0088971065446587, 0.003124742412260174, -0.007979743854898372], [0.0031247424122601737, 0.0033320608664443316, -0.005366381236821828], [-0.007979743854898372, -0.005366381236821828, 0.01320945660746724]], "chi2_level": 0.99, "chi2_df": 3, "chi2_threshold": 11.344866730144373, "N_raw": 30, "N_roi": 30, "N_inlier": 29, "refit": true}
{"timestamp": "15:18:46.854521", "frame": 94, "mu": [-1.5552391429751864, 2.9490333959842374, 0.19314062630899498], "Sigma": [[0.01785695931865143, 0.006269659204942738, 0.07567154871764162], [0.006269659204942738, 0.009417091755075836, 0.06399803988338831], [0.07567154871764162, 0.06399803988338831, 0.8526740740445927]], "chi2_level": 0.99, "chi2_df": 3, "chi2_threshold": 11.344866730144373, "N_raw": 16, "N_roi": 15, "N_inlier": 14, "refit": true}
{"timestamp": "15:18:46.912469", "frame": 95, "mu": [-1.761322573598174, 2.866801591042886, 1.523360903616172], "Sigma": [[0.014321037452294537, 0.0023100300625967666, -0.017786928206863676], [0.002310030062596767, 0.004125630382996821, -0.0037380879005854332], [-0.017786928206863676, -0.0037380879005854337, 0.023427571328862112]], "chi2_level": 0.99, "chi2_df": 3, "chi2_threshold": 11.344866730144373, "N_raw": 39, "N_roi": 37, "N_inlier": 36, "refit": true}
{"timestamp": "15:18:46.967953", "frame": 96, "mu": [-1.6690775326234835, 2.894554663841759, 1.1928782498171842], "Sigma": [[0.03184308190152037, 0.015338280876215969, -0.07276536869448472], [0.015338280876215969, 0.012390887052468118, -0.038848266484137875], [-0.07276536869448472, -0.038848266484137875, 0.18905120498827618]], "chi2_level": 0.99, "chi2_df": 3, "chi2_threshold": 11.344866730144373, "N_raw": 42, "N_roi": 41, "N_inlier": 41, "refit": true}
{"timestamp": "15:18:47.024743", "frame": 97, "mu": [-1.6174626382294772, 2.9654028040575406, 0.6315088112053819], "Sigma": [[0.02809993035878503, 0.016041578160363952, -0.0719213858118642], [0.016041578160363952, 0.016392333223894846, -0.05950507976230344], [-0.07192138581186419, -0.05950507976230344, 0.2473919644290236]], "chi2_level": 0.99, "chi2_df": 3, "chi2_threshold": 11.344866730144373, "N_raw": 51, "N_roi": 48, "N_inlier": 48, "refit": true}
{"timestamp": "15:18:47.082284", "frame": 98, "mu": [-1.8107970946087426, 2.8837367661900193, 1.0383269616826674], "Sigma": [[0.023548794026585683, 0.01298931534701948, -0.06029254379519286], [0.01298931534701948, 0.014409229498514295, -0.05246632230689993], [-0.06029254379519286, -0.05246632230689993, 0.3026948007396804]], "chi2_level": 0.99, "chi2_df": 3, "chi2_threshold": 11.344866730144373, "N_raw": 73, "N_roi": 72, "N_inlier": 72, "refit": true}
{"timestamp": "15:18:47.133078", "frame": 99, "mu": [-1.945795170219901, 2.8445492595052517, 1.4098291774021479], "Sigma": [[0.011297538773508973, 0.006836270629316445, -0.022665799658836645], [0.006836270629316445, 0.009262105517547999, -0.028340415469664187], [-0.022665799658836645, -0.028340415469664183, 0.14419695327390755]], "chi2_level": 0.99, "chi2_df": 3, "chi2_threshold": 11.344866730144373, "N_raw": 39, "N_roi": 39, "N_inlier": 38, "refit": true}
{"timestamp": "15:18:47.276028", "frame": 101, "mu": [-2.0986851470130223, 2.727858430881418, 1.5354361469605542], "Sigma": [[0.016040974312218993, 0.008128020310079614, -0.011258093622760744], [0.008128020310079614, 0.009562412466016872, -0.0042314762936151405], [-0.011258093622760743, -0.0042314762936151405, 0.009178986352742802]], "chi2_level": 0.99, "chi2_df": 3, "chi2_threshold": 11.344866730144373, "N_raw": 39, "N_roi": 39, "N_inlier": 39, "refit": true}
{"timestamp": "15:18:47.308490", "frame": 102, "mu": [-2.1511838252861857, 2.6987671027205007, -0.25121274183601533], "Sigma": [[0.01494989568967057, 0.010948728712071008, 0.021455744435461888], [0.010948728712071008, 0.014187177354334468, 0.025850381585474157], [0.021455744435461888, 0.025850381585474154, 0.08631648519446983]], "chi2_level": 0.99, "chi2_df": 3, "chi2_threshold": 11.344866730144373, "N_raw": 39, "N_roi": 39, "N_inlier": 38, "refit": true}
{"timestamp": "15:18:47.350739", "frame": 103, "mu": [-2.1896587620644583, 2.681594396704715, 1.4009998208923942], "Sigma": [[0.007427664787054534, 0.004250083610876862, -0.0023333497943617745], [0.004250083610876862, 0.006138337198486524, -0.0027904598258554907], [-0.0023333497943617745, -0.0027904598258554902, 0.0020451437810576774]], "chi2_level": 0.99, "chi2_df": 3, "chi2_threshold": 11.344866730144373, "N_raw": 23, "N_roi": 21, "N_inlier": 21, "refit": true}
{"timestamp": "15:18:47.572716", "frame": 107, "mu": [-2.41627263663739, 2.722981808425179, 1.3423853326647952], "Sigma": [[0.00298495672740731, 0.0028204795512164916, -0.0034261639362519053], [0.002820479551216492, 0.0053560099786325735, -0.008069094427701408], [-0.0034261639362519044, -0.008069094427701408, 0.015226325375854234]], "chi2_level": 0.99, "chi2_df": 3, "chi2_threshold": 11.344866730144373, "N_raw": 48, "N_roi": 12, "N_inlier": 12, "refit": true}
