{"timestamp": "15:47:00.193567", "frame": 17, "mu": [0.7118773194863997, 4.972210494620338, 1.0494452318567893], "Sigma": [[0.01747149925427646, -0.0021187392926842632, -0.006286732371420566], [-0.0021187392926842632, 0.00035781828421359036, 0.0003432307559357758], [-0.006286732371420565, 0.0003432307559357759, 0.004920341586079246]], "chi2_level": 0.95, "chi2_df": 3, "chi2_threshold": 7.814727903251179, "N_raw": 44, "N_roi": 11, "N_inlier": 9, "refit": true}
{"timestamp": "15:47:00.246395", "frame": 18, "mu": [0.6971064812460068, 4.937105952865549, 0.7508559008320091], "Sigma": [[0.021491250338699083, -0.002814178799051324, -0.005325922498315905], [-0.002814178799051324, 0.0004838930205424164, -0.0002901055057398324], [-0.005325922498315906, -0.00029010550573983237, 0.012568365809541666]], "chi2_level": 0.95, "chi2_df": 3, "chi2_threshold": 7.814727903251179, "N_raw": 23, "N_roi": 22, "N_inlier": 20, "refit": true}
{"timestamp": "15:47:00.303495", "frame": 19, "mu": [0.7935943748027003, 4.97838313173381, 0.1812838381532793], "Sigma": [[0.00790783723370216, 0.0008537096529814812, -0.004352192741500615], [0.0008537096529814812, 0.0003666026865394292, -0.0010181244469229362], [-0.004352192741500615, -0.0010181244469229362, 0.003495960492402811]], "chi2_level": 0.95, "chi2_df": 3, "chi2_threshold": 7.814727903251179, "N_raw": 25, "N_roi": 5, "N_inlier": 5, "refit": true}
{"timestamp": "15:47:00.358247", "frame": 20, "mu": [0.6511435962118226, 4.836646620891962, 0.8077349371996982], "Sigma": [[0.022797178747231486, -0.004273807232234127, -0.005615246502575473], [-0.004273807232234127, 0.0018060106283779404, -1.5164274260156055e-05], [-0.005615246502575473, -1.5164274260156136e-05, 0.005286809109719023]], "chi2_level": 0.95, "chi2_df": 3, "chi2_threshold": 7.814727903251179, "N_raw": 25, "N_roi": 25, "N_inlier": 24, "refit": true}
{"timestamp": "15:47:00.416835", "frame": 21, "mu": [0.6386872501591089, 4.81525244008134, 0.7593850466542336], "Sigma": [[0.033213646580315254, -0.005006438487317119, -0.02677864539065567], [-0.005006438487317119, 0.0024748190332185317, 0.0005502029329257703], [-0.02677864539065567, 0.0005502029329257706, 0.03731092284411765]], "chi2_level": 0.95, "chi2_df": 3, "chi2_threshold": 7.814727903251179, "N_raw": 49, "N_roi": 49, "N_inlier": 47, "refit": true}
{"timestamp": "15:47:00.472390", "frame": 22, "mu": [0.6155574287440139, 4.750042061960965, 1.002553319173831], "Sigma": [[0.025686366020497835, -0.0036177534374289017, -0.01450473809204172], [-0.0036177534374289017, 0.0033957629726955067, -0.0028395107480873785], [-0.01450473809204172, -0.0028395107480873785, 0.02063355207287855]], "chi2_level": 0.95, "chi2_df": 3, "chi2_threshold": 7.814727903251179, "N_raw": 47, "N_roi": 47, "N_inlier": 47, "refit": true}
{"timestamp": "15:47:00.530807", "frame": 23, "mu": [0.6749246995425283, 4.648350281408721, 0.8764190750534586], "Sigma": [[0.02563876206009593, -0.005655221898219959, -0.013781888744880197], [-0.005655221898219959, 0.0029878757009839845, -0.001569830944823214], [-0.013781888744880195, -0.001569830944823214, 0.03410315107198907]], "chi2_level": 0.95, "chi2_df": 3, "chi2_threshold": 7.814727903251179, "N_raw": 52, "N_roi": 52, "N_inlier": 48, "refit": true}
{"timestamp": "15:47:00.579728", "frame": 24, "mu": [0.7010441389482309, 4.572504088815931, 0.6771257031634299], "Sigma": [[0.012310853651753337, -0.002697776744512705, -0.00504984444213194], [-0.002697776744512705, 0.0032768781566360006, 0.0008314673214210647], [-0.005049844442131938, 0.0008314673214210645, 0.004408846822982217]], "chi2_level": 0.95, "chi2_df": 3, "chi2_threshold": 7.814727903251179, "N_raw": 26, "N_roi": 26, "N_inlier": 24, "refit": true}
{"timestamp": "15:47:00.638647", "frame": 25, "mu": [0.73348492644064, 4.520162058622603, 0.8874758018442899], "Sigma": [[0.030249505663390297, -0.005187961915947233, -0.0072662356735043575], [-0.005187961915947233, 0.0033109249392750985, -0.003380055144552212], [-0.0072662356735043575, -0.003380055144552212, 0.015435409493642147]], "chi2_level": 0.95, "chi2_df": 3, "chi2_threshold": 7.814727903251179, "N_raw": 54, "N_roi": 54, "N_inlier": 53, "refit": true}
{"timestamp": "15:47:00.692483", "frame": 26, "mu": [0.7318943134463645, 4.464250499127217, 0.9330850449927686], "Sigma": [[0.025191936913555903, -0.005086731860323106, -0.0028563023318963635], [-0.005086731860323107, 0.0030275028746726096, -0.0029097590469387446], [-0.0028563023318963635, -0.0029097590469387446, 0.013970192988501206]], "chi2_level": 0.95, "chi2_df": 3, "chi2_threshold": 7.814727903251179, "N_raw": 47, "N_roi": 47, "N_inlier": 45, "refit": true}
{"timestamp": "15:47:00.747063", "frame": 27, "mu": [0.7754433572693684, 4.355296574404127, 0.6930907679196076], "Sigma": [[0.026424156980218067, -0.0040592688850546125, -0.005547748749632804], [-0.0040592688850546125, 0.0068440858051825775, -0.003267606489629804], [-0.005547748749632804, -0.003267606489629804, 0.05944615637999439]], "chi2_level": 0.95, "chi2_df": 3, "chi2_threshold": 7.814727903251179, "N_raw": 51, "N_roi": 51, "N_inlier": 50, "refit": true}
{"timestamp": "15:47:00.802564", "frame": 28, "mu": [0.7356598314620877, 4.298250116823882, 0.854924705344889], "Sigma": [[0.030598854945000586, -0.011523649436407222, -0.024549800082811067], [-0.011523649436407222, 0.006548804205316279, 0.004976373654288076], [-0.024549800082811067, 0.004976373654288077, 0.03603911829284646]], "chi2_level": 0.95, "chi2_df": 3, "chi2_threshold": 7.814727903251179, "N_raw": 57, "N_roi": 57, "N_inlier": 56, "refit": true}
{"timestamp": "15:47:00.857161", "frame": 29, "mu": [0.8099895108257136, 4.184722187687538, 0.7312237589402298], "Sigma": [[0.024995490475165714, -0.00603159645439144, -0.017458269576659677], [-0.00603159645439144, 0.003788634939857146, 0.0010187067488989824], [-0.017458269576659677, 0.0010187067488989826, 0.020193913937084397]], "chi2_level": 0.95, "chi2_df": 3, "chi2_threshold": 7.814727903251179, "N_raw": 50, "N_roi": 50, "N_inlier": 48, "refit": true}
{"timestamp": "15:47:00.915666", "frame": 30, "mu": [0.6987386156475447, 4.137316209204206, 0.8221268415678797], "Sigma": [[0.028261078298169897, -0.003986346333835952, -0.009133867120239416], [-0.003986346333835952, 0.0025404561984078873, -0.003503958707295939], [-0.009133867120239414, -0.003503958707295939, 0.03316220923266604]], "chi2_level": 0.95, "chi2_df": 3, "chi2_threshold": 7.814727903251179, "N_raw": 68, "N_roi": 68, "N_inlier": 64, "refit": true}
{"timestamp": "15:47:00.970194", "frame": 31, "mu": [0.664914897309614, 4.083195623377954, 0.8012741379304694], "Sigma": [[0.02247406892212165, -0.004327585225756103, -0.012686071059967736], [-0.004327585225756103, 0.0024098570195047863, -0.0037667544659836624], [-0.012686071059967738, -0.0037667544659836624, 0.0739713420781714]], "chi2_level": 0.95, "chi2_df": 3, "chi2_threshold": 7.814727903251179, "N_raw": 69, "N_roi": 69, "N_inlier": 69, "refit": true}
{"timestamp": "15:47:01.026230", "frame": 32, "mu": [0.6928808172631007, 3.9826654578468808, 0.7900321269218646], "Sigma": [[0.02778610601769358, -0.005826793950947271, -0.024838988722981802], [-0.005826793950947271, 0.004243275978452505, 0.0001792001340121923], [-0.024838988722981806, 0.00017920013401219155, 0.043220859595839635]], "chi2_level": 0.95, "chi2_df": 3, "chi2_threshold": 7.814727903251179, "N_raw": 68, "N_roi": 68, "N_inlier": 66, "refit": true}
{"timestamp": "15:47:01.080081", "frame": 33, "mu": [0.7244598243023358, 3.9018086164142067, 0.8437663600737685], "Sigma": [[0.028350017762130527, -0.007626601659000294, -0.031004169075044396], [-0.007626601659000294, 0.00333630866360036, 0.00386746665208628], [-0.031004169075044396, 0.00386746665208628, 0.07583236148080343]], "chi2_level": 0.95, "chi2_df": 3, "chi2_threshold": 7.814727903251179, "N_raw": 71, "N_roi": 71, "N_inlier": 67, "refit": true}
{"timestamp": "15:47:01.132350", "frame": 34, "mu": [0.7015305899350449, 3.952487396473683, -0.6291872751186508], "Sigma": [[0.018965695280850514, 0.008382398355136043, 0.04731306113175711], [0.008382398355136043, 0.010693650838690347, 0.033967667351199896], [0.04731306113175711, 0.033967667351199896, 0.21282804930822832]], "chi2_level": 0.95, "chi2_df": 3, "chi2_threshold": 7.814727903251179, "N_raw": 45, "N_roi": 45, "N_inlier": 44, "refit": true}
{"timestamp": "15:47:01.189938", "frame": 35, "mu": [0.7391285147036244, 3.7383027643582944, 0.7239036433821023], "Sigma": [[0.028671927217621674, -0.0062492436395598094, -0.030304003696301977], [-0.0062492436395598094, 0.003180008758054387, 0.0021341761007498358], [-0.03030400369630198, 0.002134176100749836, 0.05766330861407187]], "chi2_level": 0.95, "chi2_df": 3, "chi2_threshold": 7.814727903251179, "N_raw": 68, "N_roi": 67, "N_inlier": 66, "refit": true}
{"timestamp": "15:47:01.242189", "frame": 36, "mu": [0.7985812628774432, 3.8443902184684737, -0.3154287956522326], "Sigma": [[0.015185348387621554, -0.0012808020073487027, -0.01277721605474601], [-0.001280802007348703, 0.006087692292491978, -0.011150631421561336], [-0.01277721605474601, -0.011150631421561336, 0.046665217896395855]], "chi2_level": 0.95, "chi2_df": 3, "chi2_threshold": 7.814727903251179, "N_raw": 50, "N_roi": 50, "N_inlier": 47, "refit": true}
{"timestamp": "15:47:01.298948", "frame": 37, "mu": [0.7637986514001697, 3.50522988414684, 0.6975629481089878], "Sigma": [[0.021461977148291025, -0.006329395088121949, -0.029601134547685565], [-0.006329395088121949, 0.002955108844758066, 0.005567195519386536], [-0.029601134547685565, 0.005567195519386536, 0.07747983516533072]], "chi2_level": 0.95, "chi2_df": 3, "chi2_threshold": 7.814727903251179, "N_raw": 64, "N_roi": 64, "N_inlier": 63, "refit": true}
{"timestamp": "15:47:01.354414", "frame": 38, "mu": [0.719303663645366, 3.4255738871706836, 0.7203987187091624], "Sigma": [[0.023745280705463435, -0.005049966435315622, -0.01713614627190755], [-0.005049966435315622, 0.0018459400128543603, 0.002107583182767398], [-0.01713614627190755, 0.002107583182767398, 0.057969023739837824]], "chi2_level": 0.95, "chi2_df": 3, "chi2_threshold": 7.814727903251179, "N_raw": 65, "N_roi": 65, "N_inlier": 64, "refit": true}
{"timestamp": "15:47:01.412303", "frame": 39, "mu": [0.718703207484289, 3.586258710028795, -0.24778352732923772], "Sigma": [[0.016257698211126177, -0.0010010079876966518, -0.004064879573152423], [-0.0010010079876966518, 0.00786687380436613, -0.020499134314723756], [-0.004064879573152423, -0.020499134314723756, 0.05885166832997744]], "chi2_level": 0.95, "chi2_df": 3, "chi2_threshold": 7.814727903251179, "N_raw": 74, "N_roi": 74, "N_inlier": 72, "refit": true}
{"timestamp": "15:47:01.468452", "frame": 40, "mu": [0.7623025403372317, 3.3140111726959627, 0.7687503918569308], "Sigma": [[0.023376159457566686, -0.004536509202548623, -0.006800845773697198], [-0.004536509202548623, 0.0018878685408063249, -0.004468586591077772], [-0.006800845773697197, -0.004468586591077772, 0.05332757619933026]], "chi2_level": 0.95, "chi2_df": 3, "chi2_threshold": 7.814727903251179, "N_raw": 90, "N_roi": 90, "N_inlier": 86, "refit": true}
{"timestamp": "15:47:01.524201", "frame": 41, "mu": [0.6866142614266689, 3.2598959960131064, 0.9393412937417693], "Sigma": [[0.020059363737716836, -0.0027250545467038378, 0.0005894756653788639], [-0.0027250545467038378, 0.0016875681004589278, -0.004001974150791192], [0.0005894756653788626, -0.004001974150791192, 0.04556409513935416]], "chi2_level": 0.95, "chi2_df": 3, "chi2_threshold": 7.814727903251179, "N_raw": 77, "N_roi": 77, "N_inlier": 72, "refit": true}
{"timestamp": "15:47:01.583053", "frame": 42, "mu": [0.8131458868617188, 3.357308511060549, -0.32077930274896355], "Sigma": [[0.03305101291080872, 0.000627458957849476, -0.019438165391574797], [0.0006274589578494762, 0.008660431624722078, -0.016558301749392268], [-0.019438165391574797, -0.016558301749392268, 0.04761555779652228]], "chi2_level": 0.95, "chi2_df": 3, "chi2_threshold": 7.814727903251179, "N_raw": 107, "N_roi": 107, "N_inlier": 103, "refit": true}
{"timestamp": "15:47:01.631201", "frame": 43, "mu": [0.6009043819807722, 3.1094069490205642, 0.9574922220648764], "Sigma": [[0.014759595782608773, -0.00477038320307325, -0.00485497388455158], [-0.004770383203073249, 0.003038657957703268, -0.0028681612839620476], [-0.00485497388455158, -0.0028681612839620476, 0.03306037353752546]], "chi2_level": 0.95, "chi2_df": 3, "chi2_threshold": 7.814727903251179, "N_raw": 65, "N_roi": 65, "N_inlier": 62, "refit": true}
{"timestamp": "15:47:01.688629", "frame": 44, "mu": [0.6644183259251631, 3.0301332341953624, 0.8850508097296591], "Sigma": [[0.019207332385524644, -0.005132067881743632, -0.003538814839093284], [-0.005132067881743633, 0.004219692317822144, -0.006374030499426895], [-0.003538814839093284, -0.006374030499426895, 0.030420213358340668]], "chi2_level": 0.95, "chi2_df": 3, "chi2_threshold": 7.814727903251179, "N_raw": 88, "N_roi": 88, "N_inlier": 84, "refit": true}
{"timestamp": "15:47:01.748535", "frame": 45, "mu": [0.7257665513495943, 2.9427303032906584, 0.7927348471609783], "Sigma": [[0.019707268571368237, -0.001295832401703333, -0.018349563866329875], [-0.0012958324017033334, 0.02917614094125537, -0.013907858347221955], [-0.01834956386632987, -0.013907858347221955, 0.10128742708906865]], "chi2_level": 0.95, "chi2_df": 3, "chi2_threshold": 7.814727903251179, "N_raw": 115, "N_roi": 115, "N_inlier": 106, "refit": true}
{"timestamp": "15:47:01.799726", "frame": 46, "mu": [0.7462803804607583, 2.8154522244591447, 0.813908837487227], "Sigma": [[0.0197629286092217, -0.00745772350541124, -0.014896191874510042], [-0.00745772350541124, 0.009041487594048147, 0.015901536723268286], [-0.01489619187451004, 0.015901536723268283, 0.07887149058110461]], "chi2_level": 0.95, "chi2_df": 3, "chi2_threshold": 7.814727903251179, "N_raw": 89, "N_roi": 89, "N_inlier": 86, "refit": true}
{"timestamp": "15:47:01.857084", "frame": 47, "mu": [0.7746193823759463, 2.7292121179825255, 0.9394096499754659], "Sigma": [[0.02002072870300229, -0.004487551620049596, -0.010178379309960576], [-0.004487551620049595, 0.004322554624229357, -0.006305295364228157], [-0.010178379309960576, -0.006305295364228157, 0.04328942490781845]], "chi2_level": 0.95, "chi2_df": 3, "chi2_threshold": 7.814727903251179, "N_raw": 108, "N_roi": 108, "N_inlier": 105, "refit": true}
{"timestamp": "15:47:01.912193", "frame": 48, "mu": [0.7250058399724403, 2.6605733201416673, 0.9538244290343706], "Sigma": [[0.022063618103029488, -0.004264218054699319, -0.008787260957275363], [-0.004264218054699319, 0.004192210123627332, -0.005971456597711634], [-0.008787260957275365, -0.005971456597711634, 0.02786114407700524]], "chi2_level": 0.95, "chi2_df": 3, "chi2_threshold": 7.814727903251179, "N_raw": 107, "N_roi": 107, "N_inlier": 103, "refit": true}
{"timestamp": "15:47:01.969823", "frame": 49, "mu": [0.7028185776818359, 2.576071552657362, 0.7165297813354928], "Sigma": [[0.017807556804652368, -0.0040417978440148465, -0.012195830433843192], [-0.004041797844014846, 0.0037478024517068557, 0.009433448230384132], [-0.012195830433843192, 0.009433448230384132, 0.28057268169479554]], "chi2_level": 0.95, "chi2_df": 3, "chi2_threshold": 7.814727903251179, "N_raw": 128, "N_roi": 128, "N_inlier": 127, "refit": true}
{"timestamp": "15:47:02.021989", "frame": 50, "mu": [0.7503936127051275, 2.7344539675634194, -0.48195445130114417], "Sigma": [[0.019838206706863152, -0.0011109350407842449, -0.018622591663645004], [-0.001110935040784245, 0.006626378556470604, -0.013243709993725086], [-0.018622591663645008, -0.013243709993725088, 0.0563227807482516]], "chi2_level": 0.95, "chi2_df": 3, "chi2_threshold": 7.814727903251179, "N_raw": 108, "N_roi": 107, "N_inlier": 103, "refit": true}
{"timestamp": "15:47:02.077412", "frame": 51, "mu": [0.680125547457033, 2.446922957122459, 0.7734399896508355], "Sigma": [[0.014299452405712948, -0.002316810304098784, -0.012728836590755703], [-0.0023168103040987842, 0.0024585360574193825, -0.002530501043411162], [-0.012728836590755705, -0.002530501043411162, 0.24221179801968365]], "chi2_level": 0.95, "chi2_df": 3, "chi2_threshold": 7.814727903251179, "N_raw": 107, "N_roi": 107, "N_inlier": 104, "refit": true}
{"timestamp": "15:47:02.130934", "frame": 52, "mu": [0.6686573939065622, 2.3395598807572466, 0.8374602384299104], "Sigma": [[0.01860822013367788, -0.0045503313319461905, -0.014075599377059253], [-0.0045503313319461905, 0.0035376356610359308, 0.00299116818467201], [-0.014075599377059253, 0.00299116818467201, 0.06443483609228175]], "chi2_level": 0.95, "chi2_df": 3, "chi2_threshold": 7.814727903251179, "N_raw": 103, "N_roi": 103, "N_inlier": 97, "refit": true}
{"timestamp": "15:47:02.180693", "frame": 53, "mu": [0.670286769708381, 2.291042638783086, 0.827777177438377], "Sigma": [[0.024717436036777413, -0.005111234854936836, -0.025968493668515134], [-0.005111234854936836, 0.002313284062217834, 0.0036928123443907266], [-0.025968493668515134, 0.003692812344390726, 0.04210183560017472]], "chi2_level": 0.95, "chi2_df": 3, "chi2_threshold": 7.814727903251179, "N_raw": 66, "N_roi": 66, "N_inlier": 62, "refit": true}
{"timestamp": "15:47:02.242031", "frame": 54, "mu": [0.7303286388880019, 2.1791812644408632, 0.7055682836186327], "Sigma": [[0.010448504866036929, -0.002477419288749132, -0.005888198652402816], [-0.002477419288749132, 0.006469744329073444, -0.019959437257202013], [-0.005888198652402817, -0.019959437257202013, 0.19989720909677308]], "chi2_level": 0.95, "chi2_df": 3, "chi2_threshold": 7.814727903251179, "N_raw": 118, "N_roi": 118, "N_inlier": 113, "refit": true}
{"timestamp": "15:47:02.300426", "frame": 55, "mu": [0.758192799379173, 2.1125695980412993, 0.5850235792617565], "Sigma": [[0.014556912273854196, 0.0019290744099663285, -0.016727691904613144], [0.0019290744099663285, 0.015030931017688992, -0.032266086413190675], [-0.016727691904613144, -0.032266086413190675, 0.22107948936275235]], "chi2_level": 0.95, "chi2_df": 3, "chi2_threshold": 7.814727903251179, "N_raw": 127, "N_roi": 125, "N_inlier": 122, "refit": true}
{"timestamp": "15:47:02.348430", "frame": 56, "mu": [0.6354674682995591, 2.0048138029667166, 0.7499243111613206], "Sigma": [[0.03334221397780278, -0.005883071492555469, -0.014478945939562017], [-0.005883071492555469, 0.004661491176714336, 0.005301684720993212], [-0.014478945939562017, 0.005301684720993212, 0.028111181584190396]], "chi2_level": 0.95, "chi2_df": 3, "chi2_threshold": 7.814727903251179, "N_raw": 87, "N_roi": 87, "N_inlier": 81, "refit": true}
{"timestamp": "15:47:02.413079", "frame": 57, "mu": [0.7009772661836051, 1.9513634484883489, 0.6682698917115898], "Sigma": [[0.018589436868578925, -0.005475321335675742, -0.026249325927465504], [-0.0054753213356757416, 0.005794278964653591, 0.016421877957685026], [-0.026249325927465504, 0.016421877957685026, 0.3187975785280595]], "chi2_level": 0.95, "chi2_df": 3, "chi2_threshold": 7.814727903251179, "N_raw": 150, "N_roi": 149, "N_inlier": 148, "refit": true}
{"timestamp": "15:47:02.456243", "frame": 58, "mu": [0.6764949210245695, 1.913505189983589, 1.0106520480219192], "Sigma": [[0.00781630194650337, -0.001013991414185427, 0.002381315157344672], [-0.001013991414185427, 0.002058919110271086, -0.000937329597412271], [0.002381315157344672, -0.000937329597412271, 0.022569598646410255]], "chi2_level": 0.95, "chi2_df": 3, "chi2_threshold": 7.814727903251179, "N_raw": 63, "N_roi": 63, "N_inlier": 57, "refit": true}
{"timestamp": "15:47:02.512432", "frame": 59, "mu": [0.6940132537774989, 1.8124413151645622, 0.8792304993425475], "Sigma": [[0.01068912910336838, -0.0034458469806969132, 0.009791786786138889], [-0.0034458469806969137, 0.0024672339555552062, 0.00092065138655773], [0.009791786786138887, 0.0009206513865577307, 0.09127455996650033]], "chi2_level": 0.95, "chi2_df": 3, "chi2_threshold": 7.814727903251179, "N_raw": 83, "N_roi": 83, "N_inlier": 78, "refit": true}
{"timestamp": "15:47:02.571369", "frame": 60, "mu": [0.7347338992647692, 1.7550375946742443, 1.1185374989231995], "Sigma": [[0.00995281939968208, -0.00490919701398651, 0.013846652357583438], [-0.00490919701398651, 0.004680678815141637, -0.012280511445740895], [0.013846652357583438, -0.012280511445740893, 0.06851539667318872]], "chi2_level": 0.95, "chi2_df": 3, "chi2_threshold": 7.814727903251179, "N_raw": 105, "N_roi": 105, "N_inlier": 99, "refit": true}
{"timestamp": "15:47:02.627659", "frame": 61, "mu": [0.8213127652828043, 1.6555168527686053, 0.9898090698317022], "Sigma": [[0.045015169299792546, -0.012569264474491009, -0.030449960239562604], [-0.012569264474491009, 0.005643374176438767, 0.005835191866006462], [-0.030449960239562604, 0.005835191866006463, 0.04450083569895164]], "chi2_level": 0.95, "chi2_df": 3, "chi2_threshold": 7.814727903251179, "N_raw": 113, "N_roi": 113, "N_inlier": 109, "refit": true}
{"timestamp": "15:47:02.687915", "frame": 62, "mu": [0.8092678182478305, 1.6105201505276812, 1.0060455527850318], "Sigma": [[0.029121787116247695, -0.008671110567786421, -0.028522513625888903], [-0.008671110567786421, 0.0063877407548650145, 0.0039099202399597195], [-0.028522513625888903, 0.0039099202399597195, 0.047077635494609]], "chi2_level": 0.95, "chi2_df": 3, "chi2_threshold": 7.814727903251179, "N_raw": 150, "N_roi": 150, "N_inlier": 145, "refit": true}
{"timestamp": "15:47:02.730163", "frame": 63, "mu": [0.6420492689138898, 1.5958491206684815, 1.1217683806896672], "Sigma": [[0.006921261099863222, -0.0013990877729881846, 0.0013341821642789777], [-0.0013990877729881846, 0.003174463152694541, -0.003618902116282417], [0.0013341821642789777, -0.003618902116282417, 0.007392031845575971]], "chi2_level": 0.95, "chi2_df": 3, "chi2_threshold": 7.814727903251179, "N_raw": 61, "N_roi": 61, "N_inlier": 55, "refit": true}
{"timestamp": "15:47:02.793850", "frame": 64, "mu": [0.8201481180293959, 1.4173673436006344, 0.8551062156743282], "Sigma": [[0.03827136698579457, -0.012205149986130665, -0.00422692763119438], [-0.012205149986130665, 0.005571607573127204, 0.0020422293354688246], [-0.00422692763119438, 0.0020422293354688246, 0.05959439258085481]], "chi2_level": 0.95, "chi2_df": 3, "chi2_threshold": 7.814727903251179, "N_raw": 119, "N_roi": 119, "N_inlier": 112, "refit": true}
{"timestamp": "15:47:02.850080", "frame": 65, "mu": [0.7595745654979276, 1.3657493554067444, 1.1000355202841967], "Sigma": [[0.03346028163595097, -0.012784183563612706, -0.02409908666894992], [-0.012784183563612706, 0.010103331389867161, 0.002676549429411421], [-0.02409908666894992, 0.0026765494294114216, 0.038588522944451954]], "chi2_level": 0.95, "chi2_df": 3, "chi2_threshold": 7.814727903251179, "N_raw": 121, "N_roi": 121, "N_inlier": 117, "refit": true}
{"timestamp": "15:47:02.900914", "frame": 66, "mu": [0.6417822246722358, 1.339101899206047, 0.8314737141726751], "Sigma": [[0.011080772831401584, -0.003977458414526893, -0.030639632419847244], [-0.003977458414526893, 0.0034330497008884537, 0.003439926699995373], [-0.030639632419847247, 0.0034399266999953736, 0.2310050403398711]], "chi2_level": 0.95, "chi2_df": 3, "chi2_threshold": 7.814727903251179, "N_raw": 95, "N_roi": 95, "N_inlier": 92, "refit": true}
{"timestamp": "15:47:02.953610", "frame": 67, "mu": [0.7028384644525048, 1.218790853107496, 1.2250068392721831], "Sigma": [[0.004410555088577436, -0.0007390749326063193, 0.004090755838159534], [-0.0007390749326063193, 0.003068319092210209, -0.005883449494687431], [0.004090755838159534, -0.00588344949468743, 0.052406039076685215]], "chi2_level": 0.95, "chi2_df": 3, "chi2_threshold": 7.814727903251179, "N_raw": 85, "N_roi": 85, "N_inlier": 81, "refit": true}
{"timestamp": "15:47:03.012182", "frame": 68, "mu": [0.7018578331175506, 1.1823045222445636, -0.600356637231832], "Sigma": [[0.005496742691579915, 0.001155746356291579, 0.0016873278568154508], [0.0011557463562915792, 0.0035145806429984204, -0.004629393342550928], [0.0016873278568154508, -0.004629393342550928, 0.04889571436902707]], "chi2_level": 0.95, "chi2_df": 3, "chi2_threshold": 7.814727903251179, "N_raw": 101, "N_roi": 101, "N_inlier": 99, "refit": true}
{"timestamp": "15:47:03.060369", "frame": 69, "mu": [0.6992804854885342, 1.062846418175389, 1.4845353730869162], "Sigma": [[0.005995982909944931, -0.0003639195367254217, -0.001717043111580884], [-0.00036391953672542174, 0.0037339400379222793, -0.0023261317291015933], [-0.001717043111580884, -0.0023261317291015933, 0.004771521721323739]], "chi2_level": 0.95, "chi2_df": 3, "chi2_threshold": 7.814727903251179, "N_raw": 60, "N_roi": 60, "N_inlier": 56, "refit": true}
{"timestamp": "15:47:03.120447", "frame": 70, "mu": [0.6570784977905498, 1.0728645344682717, 1.3771834540098096], "Sigma": [[0.0049978811494543795, -0.0020707165272755984, 0.003290518388335731], [-0.0020707165272755984, 0.005650584862010114, -0.008297772419830863], [0.003290518388335731, -0.008297772419830863, 0.015577520425761344]], "chi2_level": 0.95, "chi2_df": 3, "chi2_threshold": 7.814727903251179, "N_raw": 97, "N_roi": 97, "N_inlier": 93, "refit": true}
{"timestamp": "15:47:03.173849", "frame": 71, "mu": [0.6552020427522239, 0.9081144676553241, 1.2582398196866436], "Sigma": [[0.0059537351278821345, 0.0041877742394002895, 0.013663753158720825], [0.0041877742394002895, 0.009839697758504493, 0.026844607952315], [0.013663753158720825, 0.026844607952315, 0.1324112295235038]], "chi2_level": 0.95, "chi2_df": 3, "chi2_threshold": 7.814727903251179, "N_raw": 81, "N_roi": 81, "N_inlier": 75, "refit": true}
{"timestamp": "15:47:03.230588", "frame": 72, "mu": [0.6100819656116018, 0.955172384875292, 1.2837642905664515], "Sigma": [[0.005638214180903609, -0.002266936221945777, 0.01142174207536382], [-0.0022669362219457766, 0.005057327800385016, -0.010268527157795762], [0.011421742075363818, -0.010268527157795762, 0.049347822052905874]], "chi2_level": 0.95, "chi2_df": 3, "chi2_threshold": 7.814727903251179, "N_raw": 104, "N_roi": 104, "N_inlier": 101, "refit": true}
{"timestamp": "15:47:03.287718", "frame": 73, "mu": [0.6032627159305647, 0.8838966924874576, 1.2488227596914265], "Sigma": [[0.004502722781072599, -0.00022333363228418907, 0.011262541548860963], [-0.00022333363228418902, 0.014868335932399081, 0.004929938187610485], [0.011262541548860965, 0.004929938187610486, 0.06911938277606063]], "chi2_level": 0.95, "chi2_df": 3, "chi2_threshold": 7.814727903251179, "N_raw": 113, "N_roi": 113, "N_inlier": 111, "refit": true}
{"timestamp": "15:47:03.338892", "frame": 74, "mu": [0.6130775811954962, 0.9747426357634091, -0.5616644022235293], "Sigma": [[0.0033664405548758814, -0.001272544912873913, 0.009886123458619143], [-0.0012725449128739128, 0.015008904025147745, -0.0036157950321658522], [0.009886123458619145, -0.0036157950321658514, 0.08211281755728997]], "chi2_level": 0.95, "chi2_df": 3, "chi2_threshold": 7.814727903251179, "N_raw": 80, "N_roi": 80, "N_inlier": 79, "refit": true}
{"timestamp": "15:47:03.386321", "frame": 75, "mu": [0.6167801579563674, 0.7021478714678411, 1.3102223052434778], "Sigma": [[0.0032951714487402237, 0.0012967629037030372, 0.01151992678297145], [0.0012967629037030372, 0.006848802276404205, 0.0028999775744196054], [0.01151992678297145, 0.0028999775744196054, 0.07056582383423171]], "chi2_level": 0.95, "chi2_df": 3, "chi2_threshold": 7.814727903251179, "N_raw": 41, "N_roi": 41, "N_inlier": 40, "refit": true}
{"timestamp": "15:47:03.446210", "frame": 76, "mu": [0.6813312074671978, 0.8279133535412135, -0.44335920953129354], "Sigma": [[0.004489018805385018, 0.0010152328257154912, -0.004209082195026275], [0.0010152328257154912, 0.00835139590331969, -0.010595834443288005], [-0.004209082195026275, -0.010595834443288004, 0.020413308660798508]], "chi2_level": 0.95, "chi2_df": 3, "chi2_threshold": 7.814727903251179, "N_raw": 71, "N_roi": 71, "N_inlier": 69, "refit": true}
{"timestamp": "15:47:03.501341", "frame": 77, "mu": [0.6840109307150287, 0.6338697870087169, 1.4406865139599316], "Sigma": [[0.0023062268317920005, -0.0005756260715134846, -0.002456113580143946], [-0.0005756260715134846, 0.0032429167576388885, -0.0032435527712166476], [-0.002456113580143946, -0.0032435527712166476, 0.00955754186919862]], "chi2_level": 0.95, "chi2_df": 3, "chi2_threshold": 7.814727903251179, "N_raw": 66, "N_roi": 66, "N_inlier": 62, "refit": true}
{"timestamp": "15:47:03.549705", "frame": 78, "mu": [0.65845936418924, 0.5590951296086558, 1.5087570412647655], "Sigma": [[0.0015984369254857446, 7.404999746111232e-05, -0.001650150072439851], [7.404999746111232e-05, 0.0018099958250903756, -0.0017775271642771308], [-0.001650150072439851, -0.0017775271642771308, 0.003951152744735968]], "chi2_level": 0.95, "chi2_df": 3, "chi2_threshold": 7.814727903251179, "N_raw": 31, "N_roi": 31, "N_inlier": 27, "refit": true}
{"timestamp": "15:47:03.606917", "frame": 79, "mu": [0.6759974477227928, 0.49538169379462016, 1.5101914061915742], "Sigma": [[0.00527641533413593, -0.0033465829689955286, 0.0014279864952470673], [-0.0033465829689955286, 0.004451805830969526, -0.004989134512592997], [0.0014279864952470673, -0.004989134512592997, 0.012650000557741204]], "chi2_level": 0.95, "chi2_df": 3, "chi2_threshold": 7.814727903251179, "N_raw": 45, "N_roi": 45, "N_inlier": 45, "refit": true}
{"timestamp": "15:47:03.660148", "frame": 80, "mu": [0.6140737921846618, 0.47191881700007166, 1.4411457068739013], "Sigma": [[0.0019270894256010116, -0.0014759884508206418, 0.0033798814906478613], [-0.0014759884508206418, 0.00555865059103177, -0.01208207998965503], [0.0033798814906478613, -0.01208207998965503, 0.03516056835171079]], "chi2_level": 0.95, "chi2_df": 3, "chi2_threshold": 7.814727903251179, "N_raw": 30, "N_roi": 30, "N_inlier": 27, "refit": true}
{"timestamp": "15:47:03.712580", "frame": 81, "mu": [0.6580946995715609, 0.4265610979192021, 1.5133146568716584], "Sigma": [[0.0006924025174462402, 1.8437117959853582e-05, 0.00017991972867348034], [1.8437117959853582e-05, 0.0030085855308648905, -0.006474832831701216], [0.00017991972867348034, -0.006474832831701216, 0.01533833707259892]], "chi2_level": 0.95, "chi2_df": 3, "chi2_threshold": 7.814727903251179, "N_raw": 12, "N_roi": 11, "N_inlier": 11, "refit": true}
{"timestamp": "15:47:03.767761", "frame": 82, "mu": [0.5858760965283255, 0.39706141540917766, 1.331551386416124], "Sigma": [[0.0005390435221233539, -0.00057380036628367, 0.00014958809073855624], [-0.00057380036628367, 0.0010309193790414477, -0.0020146064956186095], [0.00014958809073855613, -0.0020146064956186095, 0.008521442752794156]], "chi2_level": 0.95, "chi2_df": 3, "chi2_threshold": 7.814727903251179, "N_raw": 13, "N_roi": 12, "N_inlier": 10, "refit": true}
{"timestamp": "15:47:03.822377", "frame": 83, "mu": [0.6224997417606942, 0.2757814156141897, 1.182290875066058], "Sigma": [[0.011440397109989738, -0.0034871113124635344, -0.043579067198732696], [-0.0034871113124635344, 0.0014096208802213928, 0.012068945748933416], [-0.04357906719873269, 0.012068945748933416, 0.23228450906335613]], "chi2_level": 0.95, "chi2_df": 3, "chi2_threshold": 7.814727903251179, "N_raw": 9, "N_roi": 7, "N_inlier": 7, "refit": true}
{"timestamp": "15:47:03.876857", "frame": 84, "mu": [0.7199816126216326, 0.17567283528965547, 1.175934783584734], "Sigma": [[0.010976109635882058, -0.0007230213550224694, -0.06787471659282965], [-0.0007230213550224694, 0.000353070331192649, 0.007370421937001958], [-0.06787471659282965, 0.007370421937001958, 0.4580304111153338]], "chi2_level": 0.95, "chi2_df": 3, "chi2_threshold": 7.814727903251179, "N_raw": 9, "N_roi": 8, "N_inlier": 7, "refit": true}
{"timestamp": "15:47:03.930845", "frame": 85, "mu": [0.19054465761159767, 0.14865044334473543, 1.6568037717421462], "Sigma": [[0.33566483509442, 0.011047381054413304, -0.011817098689400962], [0.011047381054413304, 0.001292986038009436, 0.0038977784026896327], [-0.011817098689400958, 0.0038977784026896323, 0.0365772155597413]], "chi2_level": 0.95, "chi2_df": 3, "chi2_threshold": 7.814727903251179, "N_raw": 7, "N_roi": 5, "N_inlier": 5, "refit": true}
{"timestamp": "15:47:03.987368", "frame": 86, "mu": [0.7049512857905276, 0.056623106928669245, 0.48987527147877874], "Sigma": [[0.0032546090265594776, -0.0017611689289054244, -0.03435915179547186], [-0.0017611689289054244, 0.001581451493533138, 0.023270634910139296], [-0.03435915179547185, 0.023270634910139296, 0.4747310847822261]], "chi2_level": 0.95, "chi2_df": 3, "chi2_threshold": 7.814727903251179, "N_raw": 14, "N_roi": 10, "N_inlier": 9, "refit": true}
{"timestamp": "15:47:04.124042", "frame": 87, "mu": [0.3270042864359012, 0.2868759072961831, -1.0869421302229054], "Sigma": [[0.4026598269279851, 0.02465293694428407, -0.04491188634031189], [0.02465293694428407, 0.005800770394208425, -0.0396529363048286], [-0.044911886340311874, -0.0396529363048286, 0.5666305589455205]], "chi2_level": 0.95, "chi2_df": 3, "chi2_threshold": 7.814727903251179, "N_raw": 7, "N_roi": 7, "N_inlier": 7, "refit": true}
