{"timestamp": "15:19:12.581830", "frame": 18, "mu": [2.4677097771478613, 1.778480097093524, 1.1041896900870642], "Sigma": [[0.0004638249269145793, 0.0006844568912130753, -0.0037323596976466507], [0.0006844568912130753, 0.010385891384258073, -0.01579013869563399], [-0.0037323596976466507, -0.01579013869563399, 0.12695688528225899]], "chi2_level": 0.95, "chi2_df": 3, "chi2_threshold": 7.814727903251179, "N_raw": 12, "N_roi": 6, "N_inlier": 6, "refit": true}
{"timestamp": "15:19:13.240631", "frame": 30, "mu": [1.7573213179699863, 1.690749956259294, 1.651713206700909], "Sigma": [[0.41394647690735403, 0.39296271276389694, -0.1335579263261991], [0.39296271276389694, 0.37385261162506295, -0.12692356284147424], [-0.1335579263261991, -0.12692356284147424, 0.043126813774058234]], "chi2_level": 0.95, "chi2_df": 3, "chi2_threshold": 7.814727903251179, "N_raw": 5, "N_roi": 5, "N_inlier": 5, "refit": true}
{"timestamp": "15:19:13.295756", "frame": 31, "mu": [2.00568495409994, 1.8808659496015105, 1.341111899331547], "Sigma": [[0.0022353405218121323, -0.0014706142012384977, -0.014042145745258701], [-0.0014706142012384977, 0.003591331603779325, 0.019029260869789497], [-0.0140421457452587, 0.019029260869789497, 0.12477679670598278]], "chi2_level": 0.95, "chi2_df": 3, "chi2_threshold": 7.814727903251179, "N_raw": 5, "N_roi": 5, "N_inlier": 5, "refit": true}
{"timestamp": "15:19:13.350725", "frame": 32, "mu": [1.9295530049472678, 1.8886900003616143, 1.3967912072740032], "Sigma": [[0.007631571447033961, -0.007296997169511776, -0.02687817040103414], [-0.007296997169511776, 0.01008720497465186, 0.026151881858164763], [-0.02687817040103414, 0.02615188185816477, 0.09508071418950939]], "chi2_level": 0.95, "chi2_df": 3, "chi2_threshold": 7.814727903251179, "N_raw": 5, "N_roi": 5, "N_inlier": 5, "refit": true}
{"timestamp": "15:19:13.405478", "frame": 33, "mu": [1.8966866233641517, 1.9115446174895474, 1.3986484504964691], "Sigma": [[0.00807490015074434, -0.00794490053029062, -0.02850253980074205], [-0.007944900530290622, 0.014138568450653614, 0.036549347807120734], [-0.028502539800742056, 0.03654934780712073, 0.1122687343793578]], "chi2_level": 0.95, "chi2_df": 3, "chi2_threshold": 7.814727903251179, "N_raw": 6, "N_roi": 6, "N_inlier": 5, "refit": true}
{"timestamp": "15:19:13.461097", "frame": 34, "mu": [1.9122068280033755, 1.7924351278051462, 0.9354154821386562], "Sigma": [[0.02588486209704287, -0.03545905835492717, -0.08689091111332586], [-0.03545905835492717, 0.051174281525881035, 0.120713481444614], [-0.08689091111332586, 0.12071348144461398, 0.3202736722846296]], "chi2_level": 0.95, "chi2_df": 3, "chi2_threshold": 7.814727903251179, "N_raw": 7, "N_roi": 7, "N_inlier": 7, "refit": true}
{"timestamp": "15:19:13.515932", "frame": 35, "mu": [1.7666110272281201, 1.8899542336444457, 1.2760912201252452], "Sigma": [[0.005430982523729978, -0.0067912750392436876, -0.026396023819318885], [-0.006791275039243688, 0.014783876345049832, 0.04759176691806501], [-0.026396023819318885, 0.04759176691806501, 0.16250608317911594]], "chi2_level": 0.95, "chi2_df": 3, "chi2_threshold": 7.814727903251179, "N_raw": 5, "N_roi": 5, "N_inlier": 5, "refit": true}
{"timestamp": "15:19:13.575063", "frame": 36, "mu": [1.7693165745298707, 1.8693900198291675, 1.3401168520910989], "Sigma": [[0.007132518944749753, -0.007014018561938028, -0.016612558393248305], [-0.007014018561938028, 0.015097257101324339, 0.033567382815687344], [-0.01661255839324831, 0.033567382815687344, 0.0977822253473723]], "chi2_level": 0.95, "chi2_df": 3, "chi2_threshold": 7.814727903251179, "N_raw": 32, "N_roi": 32, "N_inlier": 30, "refit": true}
{"timestamp": "15:19:13.627673", "frame": 37, "mu": [1.7610387341042657, 1.7922143502584733, 1.0396351309380876], "Sigma": [[0.0025320961636766705, -0.001599340214769257, -0.014301072252025506], [-0.001599340214769257, 0.003955140804042393, 0.01900524245366566], [-0.014301072252025506, 0.019005242453665663, 0.1369486205413579]], "chi2_level": 0.95, "chi2_df": 3, "chi2_threshold": 7.814727903251179, "N_raw": 7, "N_roi": 7, "N_inlier": 7, "refit": true}
{"timestamp": "15:19:13.682289", "frame": 38, "mu": [1.687068253373254, 1.8543111223761417, 1.2854672927047903], "Sigma": [[0.004823272364032748, -0.004374890172445795, -0.021730033669682902], [-0.004374890172445794, 0.009886697588148944, 0.02937841548992645], [-0.021730033669682902, 0.02937841548992645, 0.12244596622303358]], "chi2_level": 0.95, "chi2_df": 3, "chi2_threshold": 7.814727903251179, "N_raw": 6, "N_roi": 6, "N_inlier": 6, "refit": true}
{"timestamp": "15:19:13.740669", "frame": 39, "mu": [1.7016941191355501, 1.736914546430165, 0.9538449621819701], "Sigma": [[0.006824924501460693, -0.006336394985767725, -0.012597305461424898], [-0.006336394985767725, 0.00777854981546919, 0.012788860934202197], [-0.012597305461424898, 0.012788860934202197, 0.06250194167825575]], "chi2_level": 0.95, "chi2_df": 3, "chi2_threshold": 7.814727903251179, "N_raw": 26, "N_roi": 26, "N_inlier": 23, "refit": true}
{"timestamp": "15:19:13.792176", "frame": 40, "mu": [1.5567468185098696, 1.7775320921643907, 1.2016830919346806], "Sigma": [[0.0072124946284198915, -0.009298377997795527, -0.03710035327124255], [-0.00929837799779553, 0.02090200007938583, 0.06524118793965211], [-0.03710035327124255, 0.06524118793965213, 0.22492490852405897]], "chi2_level": 0.95, "chi2_df": 3, "chi2_threshold": 7.814727903251179, "N_raw": 8, "N_roi": 8, "N_inlier": 7, "refit": true}
{"timestamp": "15:19:13.849889", "frame": 41, "mu": [1.4476589564194149, 1.890876467404331, 1.5015075527945458], "Sigma": [[0.007307849871101777, -0.004350552087768567, -0.001675244697288115], [-0.004350552087768567, 0.005071912726037075, 0.0014034925775513012], [-0.001675244697288115, 0.0014034925775513012, 0.0008086819834636165]], "chi2_level": 0.95, "chi2_df": 3, "chi2_threshold": 7.814727903251179, "N_raw": 28, "N_roi": 28, "N_inlier": 25, "refit": true}
{"timestamp": "15:19:13.902926", "frame": 42, "mu": [1.4265245320961526, 2.0282457345459464, -0.22145402603863573], "Sigma": [[0.005050629829331237, 0.009902730774221892, -0.022732822259340157], [0.009902730774221892, 0.019599265168094314, -0.04416161415125446], [-0.02273282225934016, -0.04416161415125446, 0.11178385782673395]], "chi2_level": 0.95, "chi2_df": 3, "chi2_threshold": 7.814727903251179, "N_raw": 8, "N_roi": 8, "N_inlier": 7, "refit": true}
{"timestamp": "15:19:13.957015", "frame": 43, "mu": [1.3688668748002981, 1.8709362478693938, 1.4310279315623138], "Sigma": [[0.004187178629757488, 0.00044848954256120814, -0.01027003123359065], [0.00044848954256120814, 0.0010313058449257426, 0.0012921406583376676], [-0.010270031233590651, 0.0012921406583376678, 0.03129195145603234]], "chi2_level": 0.95, "chi2_df": 3, "chi2_threshold": 7.814727903251179, "N_raw": 6, "N_roi": 6, "N_inlier": 5, "refit": true}
{"timestamp": "15:19:14.016162", "frame": 44, "mu": [1.4051532003872311, 1.9308782988512463, 0.7795824143922454], "Sigma": [[0.007942655079995404, -0.002306379658052274, -0.020147983860754125], [-0.002306379658052274, 0.004381116539024176, -0.004087210875685298], [-0.020147983860754122, -0.004087210875685297, 0.11602173695574136]], "chi2_level": 0.95, "chi2_df": 3, "chi2_threshold": 7.814727903251179, "N_raw": 25, "N_roi": 25, "N_inlier": 24, "refit": true}
{"timestamp": "15:19:14.069547", "frame": 45, "mu": [1.3567196909486898, 1.9370872260072336, 0.8721429157473181], "Sigma": [[0.007363917822696849, -2.872349572182034e-05, -0.0236575525895443], [-2.8723495721820122e-05, 0.001524973444163151, -0.006830386809532917], [-0.0236575525895443, -0.006830386809532917, 0.13332427352615403]], "chi2_level": 0.95, "chi2_df": 3, "chi2_threshold": 7.814727903251179, "N_raw": 18, "N_roi": 18, "N_inlier": 17, "refit": true}
{"timestamp": "15:19:14.122871", "frame": 46, "mu": [1.2810633667047375, 2.051485718401228, -0.666448669460312], "Sigma": [[0.01591745867999627, 0.012352301086388831, -0.08675002604266514], [0.012352301086388831, 0.011286140291769773, -0.08111677472536112], [-0.08675002604266514, -0.08111677472536112, 0.6198942906700434]], "chi2_level": 0.95, "chi2_df": 3, "chi2_threshold": 7.814727903251179, "N_raw": 7, "N_roi": 7, "N_inlier": 7, "refit": true}
{"timestamp": "15:19:14.178236", "frame": 47, "mu": [1.22151642386557, 1.8663115582672467, 1.2166134191479652], "Sigma": [[0.0034602023776720125, -0.003397310133175164, -0.01266702346227983], [-0.003397310133175164, 0.015456109762394607, 0.06680072964150445], [-0.012667023462279828, 0.06680072964150445, 0.3418622547220535]], "chi2_level": 0.95, "chi2_df": 3, "chi2_threshold": 7.814727903251179, "N_raw": 16, "N_roi": 16, "N_inlier": 14, "refit": true}
{"timestamp": "15:19:14.237396", "frame": 48, "mu": [1.1151294950325656, 1.8325167562840188, 1.4058677759565827], "Sigma": [[0.006070519832044577, -0.0014646899980521896, -0.0030454158605197094], [-0.0014646899980521899, 0.0030606604520903745, -0.0012015042767336793], [-0.00304541586051971, -0.0012015042767336797, 0.004416766785465174]], "chi2_level": 0.95, "chi2_df": 3, "chi2_threshold": 7.814727903251179, "N_raw": 39, "N_roi": 39, "N_inlier": 35, "refit": true}
{"timestamp": "15:19:14.287532", "frame": 49, "mu": [1.2162419354790428, 1.7420629954603883, 0.5683673719336639], "Sigma": [[0.030107587059660698, -0.012722750710148141, -0.09016771685278743], [-0.012722750710148141, 0.009923777147829724, 0.07684190701889348], [-0.09016771685278743, 0.0768419070188935, 0.6299283609049215]], "chi2_level": 0.95, "chi2_df": 3, "chi2_threshold": 7.814727903251179, "N_raw": 9, "N_roi": 9, "N_inlier": 8, "refit": true}
{"timestamp": "15:19:14.342904", "frame": 50, "mu": [1.068971758357117, 2.035685034189556, -0.7755540564926375], "Sigma": [[0.011036461217183711, 0.0012262357326154978, -0.008395676080350807], [0.0012262357326154978, 0.027955514880967536, -0.11193644152101917], [-0.008395676080350814, -0.11193644152101917, 0.4582267145236267]], "chi2_level": 0.95, "chi2_df": 3, "chi2_threshold": 7.814727903251179, "N_raw": 9, "N_roi": 9, "N_inlier": 9, "refit": true}
{"timestamp": "15:19:14.397858", "frame": 51, "mu": [1.098931298801359, 1.8012013505829843, 0.8459099982620518], "Sigma": [[0.0242714279075847, -0.005007743337569753, -0.10207324452849591], [-0.005007743337569753, 0.003477557303002063, 0.025978814445811488], [-0.10207324452849591, 0.025978814445811488, 0.4495473090811724]], "chi2_level": 0.95, "chi2_df": 3, "chi2_threshold": 7.814727903251179, "N_raw": 8, "N_roi": 8, "N_inlier": 8, "refit": true}
{"timestamp": "15:19:14.454274", "frame": 52, "mu": [0.9256814090833857, 1.8700224115581479, 1.4155297719130433], "Sigma": [[0.004814633339549942, -0.0025323596981942044, -0.005248969097951894], [-0.0025323596981942044, 0.0024159493579550516, 0.002533235270223864], [-0.005248969097951894, 0.002533235270223864, 0.00628389139104149]], "chi2_level": 0.95, "chi2_df": 3, "chi2_threshold": 7.814727903251179, "N_raw": 21, "N_roi": 21, "N_inlier": 19, "refit": true}
{"timestamp": "15:19:14.510423", "frame": 53, "mu": [0.8372989939140656, 1.8724734838828572, 1.4273581268805038], "Sigma": [[0.00414775564389127, -0.0008631081039734602, -0.0030884065182759384], [-0.0008631081039734602, 0.0018651651810380583, -0.0005246147316604677], [-0.0030884065182759384, -0.000524614731660468, 0.00412059981990592]], "chi2_level": 0.95, "chi2_df": 3, "chi2_threshold": 7.814727903251179, "N_raw": 27, "N_roi": 27, "N_inlier": 24, "refit": true}
{"timestamp": "15:19:14.564202", "frame": 54, "mu": [0.9096864095519431, 1.6839785382581973, 0.43819403827519265], "Sigma": [[0.009788690657580203, -0.008550888877528457, -0.06717119614551043], [-0.008550888877528457, 0.012781120312194248, 0.07835368788841136], [-0.06717119614551043, 0.07835368788841136, 0.5904874842809971]], "chi2_level": 0.95, "chi2_df": 3, "chi2_threshold": 7.814727903251179, "N_raw": 8, "N_roi": 8, "N_inlier": 8, "refit": true}
{"timestamp": "15:19:14.625183", "frame": 55, "mu": [0.8062896477314431, 1.8679183932297567, 1.4056941719504528], "Sigma": [[0.0073006746669316055, -0.0006545022502367822, -0.005527945731623797], [-0.0006545022502367822, 0.0022258360364360696, -0.0021120763889764024], [-0.005527945731623797, -0.0021120763889764024, 0.009146295111994501]], "chi2_level": 0.95, "chi2_df": 3, "chi2_threshold": 7.814727903251179, "N_raw": 50, "N_roi": 50, "N_inlier": 47, "refit": true}
{"timestamp": "15:19:14.677672", "frame": 56, "mu": [0.7122241767942342, 1.8645583514151551, 1.3941751972663545], "Sigma": [[0.007032995845691813, -0.0016236354107152676, -0.003122940785050043], [-0.0016236354107152676, 0.00271096433829278, -0.0008343316124971786], [-0.003122940785050043, -0.0008343316124971786, 0.0027759091778603064]], "chi2_level": 0.95, "chi2_df": 3, "chi2_threshold": 7.814727903251179, "N_raw": 43, "N_roi": 43, "N_inlier": 40, "refit": true}
{"timestamp": "15:19:14.733573", "frame": 57, "mu": [0.6592631950028554, 1.895304624121476, 1.3804494749867329], "Sigma": [[0.004660636813322838, 0.00019539322438187384, -0.0012026514597565808], [0.0001953932243818738, 0.004471933606345707, 0.016808817303450123], [-0.0012026514597565806, 0.016808817303450116, 0.12677289295684163]], "chi2_level": 0.95, "chi2_df": 3, "chi2_threshold": 7.814727903251179, "N_raw": 38, "N_roi": 36, "N_inlier": 31, "refit": true}
{"timestamp": "15:19:14.790705", "frame": 58, "mu": [0.6142090994168832, 1.8306797039479255, 0.9996993565584313], "Sigma": [[0.010326601703398533, 0.0028489533562680303, 0.0249238370415057], [0.0028489533562680303, 0.00722789278965807, 0.041112741806697835], [0.024923837041505695, 0.041112741806697835, 0.36695191966269397]], "chi2_level": 0.95, "chi2_df": 3, "chi2_threshold": 7.814727903251179, "N_raw": 55, "N_roi": 55, "N_inlier": 52, "refit": true}
{"timestamp": "15:19:14.842782", "frame": 59, "mu": [0.6144794501095331, 1.857140816469713, 1.2964453020764848], "Sigma": [[0.006555371818949692, -0.0011443009915710065, -0.0020991621772328732], [-0.0011443009915710065, 0.0033541726175050886, -7.933580661849285e-06], [-0.0020991621772328732, -7.933580661849326e-06, 0.0011266795962182666]], "chi2_level": 0.95, "chi2_df": 3, "chi2_threshold": 7.814727903251179, "N_raw": 44, "N_roi": 44, "N_inlier": 38, "refit": true}
{"timestamp": "15:19:14.901940", "frame": 60, "mu": [0.4873823548326966, 1.8497284023685372, 1.3867619414929437], "Sigma": [[0.006483003804770285, -2.1168378222642968e-05, -0.004814759168541408], [-2.1168378222643185e-05, 0.0063769144538544575, -0.001243205460256578], [-0.004814759168541408, -0.001243205460256578, 0.004566275356708102]], "chi2_level": 0.95, "chi2_df": 3, "chi2_threshold": 7.814727903251179, "N_raw": 69, "N_roi": 69, "N_inlier": 64, "refit": true}
{"timestamp": "15:19:14.955452", "frame": 61, "mu": [0.3112927610550349, 1.8461268397257715, 1.1620728402637381], "Sigma": [[0.019711292798731343, -0.0005369267148575309, 0.06945760389776323], [-0.0005369267148575309, 0.003679491972557779, 0.0050819503219], [0.06945760389776323, 0.0050819503219, 0.37509316253816904]], "chi2_level": 0.95, "chi2_df": 3, "chi2_threshold": 7.814727903251179, "N_raw": 53, "N_roi": 53, "N_inlier": 51, "refit": true}
{"timestamp": "15:19:15.009802", "frame": 62, "mu": [0.30700167116452254, 1.8626819809694866, 1.4754987397131205], "Sigma": [[0.005644802762515042, -0.0008381572051561605, -0.002966880203501189], [-0.0008381572051561605, 0.002700184606202724, -0.0013535885506802828], [-0.002966880203501189, -0.0013535885506802828, 0.003503571191980034]], "chi2_level": 0.95, "chi2_df": 3, "chi2_threshold": 7.814727903251179, "N_raw": 49, "N_roi": 49, "N_inlier": 44, "refit": true}
{"timestamp": "15:19:15.066602", "frame": 63, "mu": [0.24336909363792317, 1.8522008690618617, 1.5340096590510062], "Sigma": [[0.006353346489758271, 0.000216696800136206, -0.003271670318346906], [0.0002166968001362059, 0.004302196711784453, -0.0016766070960734813], [-0.003271670318346906, -0.0016766070960734813, 0.002766673916344076]], "chi2_level": 0.95, "chi2_df": 3, "chi2_threshold": 7.814727903251179, "N_raw": 60, "N_roi": 60, "N_inlier": 57, "refit": true}
{"timestamp": "15:19:15.122611", "frame": 64, "mu": [0.17071964538811854, 1.8580076397984668, 1.549428646445835], "Sigma": [[0.006008913973663041, -0.0014508895733838093, -0.006255311811748929], [-0.0014508895733838093, 0.00537498624890943, 0.0017675689446922803], [-0.00625531181174893, 0.0017675689446922803, 0.01058674606593864]], "chi2_level": 0.95, "chi2_df": 3, "chi2_threshold": 7.814727903251179, "N_raw": 64, "N_roi": 63, "N_inlier": 57, "refit": true}
{"timestamp": "15:19:15.172876", "frame": 65, "mu": [0.08440122198763267, 1.8470116846818347, 1.5769175340038726], "Sigma": [[0.005363370747216839, -0.0021921518856173605, -0.004820701475984364], [-0.0021921518856173605, 0.004176701488806022, 0.001959707885486343], [-0.004820701475984364, 0.001959707885486343, 0.005213542068218908]], "chi2_level": 0.95, "chi2_df": 3, "chi2_threshold": 7.814727903251179, "N_raw": 44, "N_roi": 44, "N_inlier": 42, "refit": true}
{"timestamp": "15:19:15.227570", "frame": 66, "mu": [0.11124080555223358, 1.7558421479798934, 1.3883366803889805], "Sigma": [[0.004442612853486472, -0.001419342676538193, -0.0035832988327471056], [-0.0014193426765381932, 0.0027786943013619926, 0.002086261892651782], [-0.003583298832747106, 0.002086261892651782, 0.0035567566306791394]], "chi2_level": 0.95, "chi2_df": 3, "chi2_threshold": 7.814727903251179, "N_raw": 34, "N_roi": 31, "N_inlier": 28, "refit": true}
{"timestamp": "15:19:15.282173", "frame": 67, "mu": [0.08279047968206277, 1.7393621274745765, 1.390272605786912], "Sigma": [[0.0031447129110425743, -0.001985342512051776, -0.004331989447654929], [-0.0019853425120517766, 0.005412008246041068, 0.0045263495745178645], [-0.00433198944765493, 0.0045263495745178645, 0.007186031229884726]], "chi2_level": 0.95, "chi2_df": 3, "chi2_threshold": 7.814727903251179, "N_raw": 35, "N_roi": 32, "N_inlier": 30, "refit": true}
{"timestamp": "15:19:15.340702", "frame": 68, "mu": [-0.12405030186710338, 1.875596887013119, 1.6899211243363568], "Sigma": [[0.005223613060538872, 0.00014763488511708727, -0.0029019032361675494], [0.0001476348851170873, 0.002493896743552014, -0.0008708566719124658], [-0.0029019032361675494, -0.0008708566719124659, 0.0022655421567644354]], "chi2_level": 0.95, "chi2_df": 3, "chi2_threshold": 7.814727903251179, "N_raw": 56, "N_roi": 40, "N_inlier": 37, "refit": true}
{"timestamp": "15:19:15.404765", "frame": 69, "mu": [-0.09796517694580952, 1.8215859911939698, -0.07684354233668043], "Sigma": [[0.01412151110299802, -0.004425505623188245, 0.08541605124809423], [-0.004425505623188244, 0.006838856576720927, -0.026675266257257232], [0.08541605124809423, -0.026675266257257232, 0.9579318428996156]], "chi2_level": 0.95, "chi2_df": 3, "chi2_threshold": 7.814727903251179, "N_raw": 116, "N_roi": 112, "N_inlier": 111, "refit": true}
{"timestamp": "15:19:15.458223", "frame": 70, "mu": [-0.1633292983836856, 1.8408121365440961, 1.0045752195576836], "Sigma": [[0.020935659634855358, -7.020516389314748e-05, 0.059273377017587864], [-7.020516389314764e-05, 0.0028867641921425337, 0.007858690012998612], [0.059273377017587864, 0.00785869001299861, 0.42919505712661465]], "chi2_level": 0.95, "chi2_df": 3, "chi2_threshold": 7.814727903251179, "N_raw": 100, "N_roi": 97, "N_inlier": 96, "refit": true}
{"timestamp": "15:19:15.509484", "frame": 71, "mu": [-0.2640717491575048, 1.8739378867176697, 1.4146561613739406], "Sigma": [[0.008709617753424437, 0.0002683326474513096, 0.006895297270248747], [0.0002683326474513097, 0.0066517271460222955, 0.0072364412035016284], [0.006895297270248747, 0.007236441203501629, 0.15052799319794402]], "chi2_level": 0.95, "chi2_df": 3, "chi2_threshold": 7.814727903251179, "N_raw": 72, "N_roi": 72, "N_inlier": 69, "refit": true}
{"timestamp": "15:19:15.564012", "frame": 72, "mu": [-0.2585683274796003, 1.8392859530761794, 1.2505378167765628], "Sigma": [[0.00884688854628996, -0.0035655203528506896, -0.023007043332082422], [-0.0035655203528506896, 0.0034374942827014882, 0.01505756267270406], [-0.023007043332082422, 0.01505756267270406, 0.1251981191206567]], "chi2_level": 0.95, "chi2_df": 3, "chi2_threshold": 7.814727903251179, "N_raw": 73, "N_roi": 72, "N_inlier": 67, "refit": true}
{"timestamp": "15:19:15.619738", "frame": 73, "mu": [-0.3697267069952911, 1.8566730466822394, -0.44275953609741997], "Sigma": [[0.007957703826389198, -0.0019945428047472894, -0.0007008658448085686], [-0.00199454280474729, 0.009914819919918534, 0.0036644421988775333], [-0.0007008658448085686, 0.0036644421988775333, 0.018539255322167804]], "chi2_level": 0.95, "chi2_df": 3, "chi2_threshold": 7.814727903251179, "N_raw": 82, "N_roi": 78, "N_inlier": 72, "refit": true}
{"timestamp": "15:19:15.673014", "frame": 74, "mu": [-0.4054314681309973, 1.8237369607080334, 1.4558324183244307], "Sigma": [[0.006479856319238932, -0.0038894137158938394, -0.009159679291200287], [-0.00388941371589384, 0.00982525488674777, 0.005411404497949777], [-0.009159679291200287, 0.005411404497949777, 0.014114113578255363]], "chi2_level": 0.95, "chi2_df": 3, "chi2_threshold": 7.814727903251179, "N_raw": 71, "N_roi": 71, "N_inlier": 68, "refit": true}
{"timestamp": "15:19:15.729243", "frame": 75, "mu": [-0.4865351417683097, 1.860441511480711, 1.433537576232961], "Sigma": [[0.00818221130918915, -0.003201922469655315, -0.017910937583407283], [-0.003201922469655315, 0.0068279763544421045, 0.007870103959691347], [-0.017910937583407283, 0.007870103959691347, 0.06761896819773405]], "chi2_level": 0.95, "chi2_df": 3, "chi2_threshold": 7.814727903251179, "N_raw": 79, "N_roi": 79, "N_inlier": 75, "refit": true}
{"timestamp": "15:19:15.781432", "frame": 76, "mu": [-0.5546912763741673, 1.8431563677002005, 1.5023352291988634], "Sigma": [[0.006104982122177744, -0.0009718816175611415, -0.0051608336049069874], [-0.0009718816175611415, 0.006212700586804642, 0.0007160217489985948], [-0.0051608336049069874, 0.0007160217489985948, 0.0049597983956035365]], "chi2_level": 0.95, "chi2_df": 3, "chi2_threshold": 7.814727903251179, "N_raw": 58, "N_roi": 58, "N_inlier": 57, "refit": true}
{"timestamp": "15:19:15.838693", "frame": 77, "mu": [-0.596785326400669, 1.9254304725557845, -0.049881613981500275], "Sigma": [[0.006629122557469182, 0.0008267659957035443, -0.006502592062485393], [0.0008267659957035443, 0.008521692705666979, -0.0006533739700188734], [-0.006502592062485393, -0.000653373970018873, 0.016719070086064016]], "chi2_level": 0.95, "chi2_df": 3, "chi2_threshold": 7.814727903251179, "N_raw": 75, "N_roi": 75, "N_inlier": 72, "refit": true}
{"timestamp": "15:19:15.885209", "frame": 78, "mu": [-0.6986547810944045, 1.8773832143827285, 1.5312897368028329], "Sigma": [[0.005651321807699353, -0.0032085766066306653, -0.007541563122744277], [-0.003208576606630666, 0.0065055713959906855, 0.005949359020933793], [-0.007541563122744277, 0.005949359020933793, 0.01205299718479963]], "chi2_level": 0.95, "chi2_df": 3, "chi2_threshold": 7.814727903251179, "N_raw": 19, "N_roi": 16, "N_inlier": 13, "refit": true}
{"timestamp": "15:19:15.946040", "frame": 79, "mu": [-0.6585711043382654, 1.7878365119304351, 1.3271407477867254], "Sigma": [[0.006107534950427211, -0.0007486017969042466, -0.0057602515826504054], [-0.0007486017969042465, 0.007330920466376534, -0.0014539803935868646], [-0.0057602515826504054, -0.0014539803935868644, 0.011713642146120659]], "chi2_level": 0.95, "chi2_df": 3, "chi2_threshold": 7.814727903251179, "N_raw": 68, "N_roi": 68, "N_inlier": 64, "refit": true}
{"timestamp": "15:19:16.000721", "frame": 80, "mu": [-0.6656858824016656, 1.7538499754763155, 1.281914568890151], "Sigma": [[0.005993925429684708, -0.0007954023507212536, -0.0035928925674204477], [-0.0007954023507212538, 0.007854381058900852, 0.0005250757288844636], [-0.0035928925674204477, 0.0005250757288844633, 0.003023669680391688]], "chi2_level": 0.95, "chi2_df": 3, "chi2_threshold": 7.814727903251179, "N_raw": 58, "N_roi": 58, "N_inlier": 56, "refit": true}
{"timestamp": "15:19:16.056618", "frame": 81, "mu": [-0.7731384003362531, 1.780703821770789, 1.339932047948903], "Sigma": [[0.00747194946802101, -0.0013477141022605827, -0.006410257764435811], [-0.0013477141022605827, 0.007264517882751803, 0.0018777102412830212], [-0.006410257764435811, 0.0018777102412830208, 0.006226755656741439]], "chi2_level": 0.95, "chi2_df": 3, "chi2_threshold": 7.814727903251179, "N_raw": 60, "N_roi": 60, "N_inlier": 57, "refit": true}
{"timestamp": "15:19:16.106469", "frame": 82, "mu": [-0.9138564930918011, 1.8125110119844847, 1.445769114688063], "Sigma": [[0.003595882328190203, 0.0002569509875457951, -0.003132363940781021], [0.000256950987545795, 0.002603417568794708, -0.0009393683517860635], [-0.0031323639407810216, -0.0009393683517860635, 0.003767259066900973]], "chi2_level": 0.95, "chi2_df": 3, "chi2_threshold": 7.814727903251179, "N_raw": 30, "N_roi": 30, "N_inlier": 26, "refit": true}
{"timestamp": "15:19:16.164331", "frame": 83, "mu": [-0.9571851138417021, 1.793459026056322, 1.4772329291010688], "Sigma": [[0.0057822088036055255, 0.0006704315575206307, -0.007692584350207185], [0.0006704315575206307, 0.004706577629917586, -0.0022639348925565577], [-0.007692584350207184, -0.0022639348925565577, 0.016367910904829645]], "chi2_level": 0.95, "chi2_df": 3, "chi2_threshold": 7.814727903251179, "N_raw": 48, "N_roi": 48, "N_inlier": 44, "refit": true}
{"timestamp": "15:19:16.220681", "frame": 84, "mu": [-1.0249022506728354, 1.7431984710490436, 1.4604444707625857], "Sigma": [[0.010523971182640467, 0.0008355129911153187, -0.020268774801852754], [0.0008355129911153183, 0.004146115664079005, -0.0069008220748651], [-0.020268774801852754, -0.0069008220748651, 0.05902690654948691]], "chi2_level": 0.95, "chi2_df": 3, "chi2_threshold": 7.814727903251179, "N_raw": 49, "N_roi": 49, "N_inlier": 43, "refit": true}
{"timestamp": "15:19:16.278714", "frame": 85, "mu": [-0.9839245341203242, 1.823083888650069, 0.9955768908163131], "Sigma": [[0.02631168237672743, 0.007771592053816676, -0.08579252765266103], [0.007771592053816676, 0.004842470700232251, -0.031887723941491176], [-0.08579252765266103, -0.031887723941491176, 0.34388184467482796]], "chi2_level": 0.95, "chi2_df": 3, "chi2_threshold": 7.814727903251179, "N_raw": 78, "N_roi": 78, "N_inlier": 76, "refit": true}
{"timestamp": "15:19:16.325100", "frame": 86, "mu": [-1.1210185595914108, 1.8285846011726243, 1.236215616342873], "Sigma": [[0.006150564071925653, 0.0029981562061248803, -0.03785133251995052], [0.0029981562061248807, 0.003715430451697119, -0.015810565803537218], [-0.03785133251995052, -0.015810565803537218, 0.2703466192852685]], "chi2_level": 0.95, "chi2_df": 3, "chi2_threshold": 7.814727903251179, "N_raw": 19, "N_roi": 19, "N_inlier": 19, "refit": true}
{"timestamp": "15:19:16.379161", "frame": 87, "mu": [-1.161325490879739, 1.8638675931059074, 0.6818658938336914], "Sigma": [[0.007260472714318772, 0.002986509303734816, -0.03323467929877844], [0.002986509303734816, 0.005160009197446342, -0.034880703911545394], [-0.03323467929877844, -0.034880703911545394, 0.29477321689281805]], "chi2_level": 0.95, "chi2_df": 3, "chi2_threshold": 7.814727903251179, "N_raw": 17, "N_roi": 17, "N_inlier": 17, "refit": true}
{"timestamp": "15:19:16.432366", "frame": 88, "mu": [-1.2724765970100829, 1.925479286456891, -0.2906184151002854], "Sigma": [[0.010636196312148195, 0.020400056594845298, -0.05318790466531066], [0.020400056594845298, 0.059329694394909094, -0.12632008678532566], [-0.05318790466531067, -0.12632008678532566, 0.3051287852404333]], "chi2_level": 0.95, "chi2_df": 3, "chi2_threshold": 7.814727903251179, "N_raw": 8, "N_roi": 8, "N_inlier": 8, "refit": true}
{"timestamp": "15:19:16.487501", "frame": 89, "mu": [-1.3435577572925215, 1.7057545661502291, 1.42314919799525], "Sigma": [[0.0013458382402309263, 0.0004673392278501576, -0.0023921283384542836], [0.0004673392278501575, 0.013730153670474395, -0.00647528032617965], [-0.0023921283384542836, -0.006475280326179649, 0.017263843413835765]], "chi2_level": 0.95, "chi2_df": 3, "chi2_threshold": 7.814727903251179, "N_raw": 6, "N_roi": 6, "N_inlier": 6, "refit": true}
{"timestamp": "15:19:16.548674", "frame": 90, "mu": [-1.4520705066119814, 1.7458749161214369, 1.6402893231944788], "Sigma": [[0.014223455953908075, 0.010460047975072266, -0.01103277128396539], [0.010460047975072266, 0.013383008559585408, -0.012388718023195326], [-0.011032771283965388, -0.012388718023195324, 0.013286190341426305]], "chi2_level": 0.95, "chi2_df": 3, "chi2_threshold": 7.814727903251179, "N_raw": 49, "N_roi": 49, "N_inlier": 43, "refit": true}
{"timestamp": "15:19:16.604258", "frame": 91, "mu": [-1.6386640404706299, 1.5677248769520356, 1.5837279513358429], "Sigma": [[0.02180761463270101, 0.014419108731817015, -0.016784152896474377], [0.014419108731817017, 0.013112550826969644, -0.011586288373545714], [-0.016784152896474377, -0.011586288373545715, 0.013620306901217778]], "chi2_level": 0.95, "chi2_df": 3, "chi2_threshold": 7.814727903251179, "N_raw": 47, "N_roi": 47, "N_inlier": 44, "refit": true}
{"timestamp": "15:19:16.665725", "frame": 92, "mu": [-1.7038275238209368, 1.5756438263782542, 1.6607190657990811], "Sigma": [[0.019277914202598116, 0.013259892420182877, -0.01415817716927828], [0.013259892420182877, 0.020279906680740395, -0.011866539100969863], [-0.01415817716927828, -0.011866539100969865, 0.011931354782267575]], "chi2_level": 0.95, "chi2_df": 3, "chi2_threshold": 7.814727903251179, "N_raw": 90, "N_roi": 90, "N_inlier": 87, "refit": true}
{"timestamp": "15:19:16.717435", "frame": 93, "mu": [-1.7748072488609832, 1.4394497812194798, 1.6213908394269845], "Sigma": [[0.019050522560884582, 0.0137604086720301, -0.015551830998285063], [0.0137604086720301, 0.01665045800646186, -0.011465449013268389], [-0.015551830998285063, -0.011465449013268389, 0.013822446508111938]], "chi2_level": 0.95, "chi2_df": 3, "chi2_threshold": 7.814727903251179, "N_raw": 61, "N_roi": 61, "N_inlier": 58, "refit": true}
{"timestamp": "15:19:16.772732", "frame": 94, "mu": [-1.8548699719519595, 1.544521655695982, 1.7623145457273373], "Sigma": [[0.017274275693728976, 0.011662752008927657, -0.013108560512972711], [0.011662752008927656, 0.016104030260214362, -0.0107462353129342], [-0.01310856051297271, -0.0107462353129342, 0.012967590667373156]], "chi2_level": 0.95, "chi2_df": 3, "chi2_threshold": 7.814727903251179, "N_raw": 70, "N_roi": 70, "N_inlier": 63, "refit": true}
{"timestamp": "15:19:16.831730", "frame": 95, "mu": [-1.825474479882197, 1.516916175122609, 1.658610713070373], "Sigma": [[0.022008310525255058, 0.013386741728844357, -0.026319418806295215], [0.013386741728844357, 0.02711233684568687, -0.00819646253340298], [-0.026319418806295215, -0.008196462533402981, 0.0386391741600183]], "chi2_level": 0.95, "chi2_df": 3, "chi2_threshold": 7.814727903251179, "N_raw": 98, "N_roi": 98, "N_inlier": 94, "refit": true}
{"timestamp": "15:19:16.887172", "frame": 96, "mu": [-1.8397025045108344, 1.5437958485408925, 1.5073911301130127], "Sigma": [[0.0185123462555538, 0.009733079448838805, -0.019991613610983183], [0.009733079448838803, 0.022244102246805363, -0.010751048828323714], [-0.019991613610983183, -0.010751048828323714, 0.025483319387287325]], "chi2_level": 0.95, "chi2_df": 3, "chi2_threshold": 7.814727903251179, "N_raw": 99, "N_roi": 99, "N_inlier": 94, "refit": true}
{"timestamp": "15:19:16.937176", "frame": 97, "mu": [-1.9404516493328667, 1.443738882237623, 1.5290224986640235], "Sigma": [[0.014651414191231343, 0.004899259349399431, -0.01637238383938401], [0.004899259349399431, 0.01497935060235185, -0.00271668488075906], [-0.01637238383938401, -0.00271668488075906, 0.0209772752093744]], "chi2_level": 0.95, "chi2_df": 3, "chi2_threshold": 7.814727903251179, "N_raw": 66, "N_roi": 66, "N_inlier": 63, "refit": true}
{"timestamp": "15:19:16.992090", "frame": 98, "mu": [-1.9646008391450192, 1.4773902695134118, 1.4810723264842391], "Sigma": [[0.01621176479158321, 0.0035871764046877964, -0.018201402379838038], [0.0035871764046877964, 0.01127560875943833, -0.0025307600089231465], [-0.018201402379838034, -0.0025307600089231465, 0.02217073853402879]], "chi2_level": 0.95, "chi2_df": 3, "chi2_threshold": 7.814727903251179, "N_raw": 60, "N_roi": 60, "N_inlier": 57, "refit": true}
{"timestamp": "15:19:17.047692", "frame": 99, "mu": [-2.0007536763939617, 1.4931408981255214, 1.4691034994304606], "Sigma": [[0.011676220119895973, 0.005253908781632866, -0.010076039397488214], [0.005253908781632866, 0.018961592006335008, -0.006082709472048859], [-0.010076039397488214, -0.006082709472048859, 0.010735428519194458]], "chi2_level": 0.95, "chi2_df": 3, "chi2_threshold": 7.814727903251179, "N_raw": 71, "N_roi": 71, "N_inlier": 68, "refit": true}
{"timestamp": "15:19:17.176715", "frame": 100, "mu": [-2.0580170593881206, 1.5140824800475272, 1.502336086770824], "Sigma": [[0.011314970361342906, 0.005084249178293622, -0.010357827867365478], [0.005084249178293622, 0.014273461542001856, -0.005439722274815017], [-0.01035782786736548, -0.005439722274815017, 0.0108950901632412]], "chi2_level": 0.95, "chi2_df": 3, "chi2_threshold": 7.814727903251179, "N_raw": 56, "N_roi": 56, "N_inlier": 54, "refit": true}
{"timestamp": "15:19:17.182269", "frame": 101, "mu": [-2.1302982963074215, 1.5505070139985517, -0.14080742637210883], "Sigma": [[0.01036718583502575, 0.006170663634617892, -0.008442725595827937], [0.006170663634617892, 0.014863081109033477, -0.004921773541750962], [-0.008442725595827937, -0.004921773541750962, 0.011557755196794757]], "chi2_level": 0.95, "chi2_df": 3, "chi2_threshold": 7.814727903251179, "N_raw": 48, "N_roi": 48, "N_inlier": 47, "refit": true}
{"timestamp": "15:19:17.210571", "frame": 102, "mu": [-2.1229517188424567, 1.471292464188947, 1.4029700784759633], "Sigma": [[0.012218082753691182, 0.00412557582562466, -0.01051446425902618], [0.00412557582562466, 0.014543658093707132, -0.006117505318773772], [-0.01051446425902618, -0.006117505318773772, 0.01088883337494686]], "chi2_level": 0.95, "chi2_df": 3, "chi2_threshold": 7.814727903251179, "N_raw": 63, "N_roi": 63, "N_inlier": 60, "refit": true}
{"timestamp": "15:19:17.262748", "frame": 103, "mu": [-2.163394882795341, 1.3867643963452292, 1.3553598056268266], "Sigma": [[0.010613221902500712, 0.0027098127752536423, -0.009621794666238135], [0.0027098127752536423, 0.012566070293114805, -0.0004647441866485562], [-0.009621794666238134, -0.000464744186648556, 0.01038043294517556]], "chi2_level": 0.95, "chi2_df": 3, "chi2_threshold": 7.814727903251179, "N_raw": 44, "N_roi": 44, "N_inlier": 43, "refit": true}
{"timestamp": "15:19:17.318834", "frame": 104, "mu": [-2.180310880334801, 1.393911623857051, 1.2670060070184004], "Sigma": [[0.009588699284349248, 0.0040080488063435225, -0.0062290232727508065], [0.0040080488063435225, 0.014921598141164274, -0.004565480819145722], [-0.0062290232727508065, -0.004565480819145722, 0.005281601381290015]], "chi2_level": 0.95, "chi2_df": 3, "chi2_threshold": 7.814727903251179, "N_raw": 50, "N_roi": 50, "N_inlier": 48, "refit": true}
{"timestamp": "15:19:17.373880", "frame": 105, "mu": [-2.284815258173839, 1.4153874472790058, 1.291406102598327], "Sigma": [[0.009709775325096292, 0.00854615803465568, -0.010263806077094222], [0.00854615803465568, 0.016216754769362556, -0.016118110169701494], [-0.010263806077094222, -0.016118110169701494, 0.03481817005888253]], "chi2_level": 0.95, "chi2_df": 3, "chi2_threshold": 7.814727903251179, "N_raw": 48, "N_roi": 48, "N_inlier": 44, "refit": true}
{"timestamp": "15:19:17.431610", "frame": 106, "mu": [-2.2912032583269886, 1.2888398606229647, 1.2852287298621217], "Sigma": [[0.011937186609010214, 0.00716127533724806, -0.0064354326986217885], [0.00716127533724806, 0.017783699347721997, -0.0077107965291039705], [-0.0064354326986217885, -0.007710796529103971, 0.005229630994323379]], "chi2_level": 0.95, "chi2_df": 3, "chi2_threshold": 7.814727903251179, "N_raw": 60, "N_roi": 57, "N_inlier": 53, "refit": true}
{"timestamp": "15:19:17.485092", "frame": 107, "mu": [-2.3484506872878925, 1.3091194597083688, 1.2478460952724997], "Sigma": [[0.007878431256711721, 0.005338713620283328, -0.0029742995648793327], [0.005338713620283328, 0.014592277248957173, -0.008865600179734884], [-0.0029742995648793322, -0.008865600179734884, 0.006990587987657976]], "chi2_level": 0.95, "chi2_df": 3, "chi2_threshold": 7.814727903251179, "N_raw": 53, "N_roi": 44, "N_inlier": 43, "refit": true}
{"timestamp": "15:19:17.532370", "frame": 108, "mu": [-2.4240152414055363, 1.440331492520295, 1.334266106277335], "Sigma": [[0.0022758107015037232, 0.004482050221129172, -0.001795004366063099], [0.004482050221129172, 0.010162372349859275, -0.003776051141945923], [-0.001795004366063099, -0.003776051141945922, 0.001515798622252771]], "chi2_level": 0.95, "chi2_df": 3, "chi2_threshold": 7.814727903251179, "N_raw": 6, "N_roi": 6, "N_inlier": 6, "refit": true}
{"timestamp": "15:19:17.591168", "frame": 109, "mu": [-2.40141090580983, 1.379097458404337, 1.0295483822559754], "Sigma": [[0.003217883623583692, 0.0034394529142917035, -0.0004849057954721437], [0.003439452914291704, 0.0054488338240109326, -0.004330402991958181], [-0.0004849057954721438, -0.004330402991958181, 0.018042813738829797]], "chi2_level": 0.95, "chi2_df": 3, "chi2_threshold": 7.814727903251179, "N_raw": 36, "N_roi": 24, "N_inlier": 24, "refit": true}
{"timestamp": "15:19:17.649259", "frame": 110, "mu": [-2.3910563669603877, 1.360290475000984, 1.17984887808964], "Sigma": [[0.0041600774504537376, 0.0019314554881019884, -0.001447149422724288], [0.0019314554881019884, 0.007291542062406911, -0.005546681088521941], [-0.001447149422724288, -0.005546681088521941, 0.00513838027805989]], "chi2_level": 0.95, "chi2_df": 3, "chi2_threshold": 7.814727903251179, "N_raw": 55, "N_roi": 26, "N_inlier": 26, "refit": true}
{"timestamp": "15:19:17.702580", "frame": 111, "mu": [-2.417212519742171, 1.321420127476351, 1.08205824034411], "Sigma": [[0.003189592792678438, 0.0032059089039760584, 0.00016371666422809885], [0.0032059089039760584, 0.009126634665031995, -0.005895922448550443], [0.000163716664228099, -0.005895922448550443, 0.0072487284351670745]], "chi2_level": 0.95, "chi2_df": 3, "chi2_threshold": 7.814727903251179, "N_raw": 43, "N_roi": 20, "N_inlier": 20, "refit": true}
{"timestamp": "15:19:17.758317", "frame": 112, "mu": [-2.4232764397485624, 1.3419038196946589, 1.0740956327537032], "Sigma": [[0.0029834814980701898, 0.002043341663654192, 0.00020559789255950977], [0.002043341663654192, 0.010190413778362075, -0.007606757729397982], [0.00020559789255951, -0.007606757729397982, 0.00814586531618097]], "chi2_level": 0.95, "chi2_df": 3, "chi2_threshold": 7.814727903251179, "N_raw": 53, "N_roi": 21, "N_inlier": 21, "refit": true}
{"timestamp": "15:19:17.812541", "frame": 113, "mu": [-2.447303572513652, 1.4339209003433575, 1.1166751228083145], "Sigma": [[0.0019375202342594114, 0.00013369150178124, -0.00030420791606432435], [0.0001336915017812399, 0.006517878559060426, -0.005376146224299101], [-0.00030420791606432435, -0.005376146224299101, 0.005204540200806915]], "chi2_level": 0.95, "chi2_df": 3, "chi2_threshold": 7.814727903251179, "N_raw": 47, "N_roi": 14, "N_inlier": 14, "refit": true}
{"timestamp": "15:19:17.867580", "frame": 114, "mu": [-2.4610434378092214, 1.438212114446536, 1.0366176176482975], "Sigma": [[0.0009041326437468246, 0.0006318181564871088, 0.00022125672037020495], [0.0006318181564871089, 0.0023248931191555654, -0.002533419503912877], [0.0002212567203702048, -0.002533419503912877, 0.005874672980380182]], "chi2_level": 0.95, "chi2_df": 3, "chi2_threshold": 7.814727903251179, "N_raw": 47, "N_roi": 7, "N_inlier": 7, "refit": true}
