{"timestamp": "15:22:04.115146", "frame": 30, "mu": [-2.4197015031800553, 4.6815322229819385, 0.4825718313671504], "Sigma": [[0.0024813962509187162, 0.00024721020683062184, -0.0012691280679495592], [0.00024721020683062184, 0.0005871342384092424, -0.0014481934919284337], [-0.0012691280679495594, -0.0014481934919284337, 0.00893938627766137]], "chi2_level": 0.95, "chi2_df": 3, "chi2_threshold": 7.814727903251179, "N_raw": 34, "N_roi": 8, "N_inlier": 8, "refit": true}
{"timestamp": "15:22:04.442845", "frame": 36, "mu": [-2.4001329300238132, 4.610886515196093, -0.06574203666520093], "Sigma": [[0.004370097533172784, 0.002959127558352242, -0.003016339502190383], [0.0029591275583522422, 0.004076442762532945, -0.005861151311172798], [-0.0030163395021903824, -0.005861151311172797, 0.011324819398024882]], "chi2_level": 0.95, "chi2_df": 3, "chi2_threshold": 7.814727903251179, "N_raw": 23, "N_roi": 8, "N_inlier": 8, "refit": true}
{"timestamp": "15:22:04.550081", "frame": 38, "mu": [-2.4414054738064745, 4.298325840629922, 0.9438446695979139], "Sigma": [[0.0029922114550177785, -0.0005207679024111736, 0.012013402793056936], [-0.0005207679024111736, 0.00045581289543666193, -0.0024387815702021673], [0.012013402793056932, -0.002438781570202167, 0.06400398223558033]], "chi2_level": 0.95, "chi2_df": 3, "chi2_threshold": 7.814727903251179, "N_raw": 5, "N_roi": 5, "N_inlier": 5, "refit": true}
{"timestamp": "15:22:04.606051", "frame": 39, "mu": [-2.3219252205969836, 4.312806016861448, 0.7190106428741757], "Sigma": [[0.002703430134074433, 0.00358654578969624, -0.006808681573005555], [0.00358654578969624, 0.005999845784317707, -0.011455311954085624], [-0.006808681573005553, -0.011455311954085624, 0.025919474598074324]], "chi2_level": 0.95, "chi2_df": 3, "chi2_threshold": 7.814727903251179, "N_raw": 7, "N_roi": 5, "N_inlier": 5, "refit": true}
{"timestamp": "15:22:04.663767", "frame": 40, "mu": [-2.313852771029719, 4.26995440839309, 0.9713877406638949], "Sigma": [[0.015202352029477607, 0.005188565518394998, -0.006230743897310436], [0.005188565518394998, 0.003835597489693153, -0.003353260073611499], [-0.006230743897310436, -0.0033532600736114982, 0.005183964938946167]], "chi2_level": 0.95, "chi2_df": 3, "chi2_threshold": 7.814727903251179, "N_raw": 25, "N_roi": 21, "N_inlier": 20, "refit": true}
{"timestamp": "15:22:04.721627", "frame": 41, "mu": [-2.3167981165387648, 4.220220084872859, 0.8704231021871184], "Sigma": [[0.01448025883444195, 0.00606820764735237, -0.013629573347757372], [0.006068207647352369, 0.0037813793159211747, -0.008208798682863611], [-0.01362957334775737, -0.008208798682863611, 0.02320158063362721]], "chi2_level": 0.95, "chi2_df": 3, "chi2_threshold": 7.814727903251179, "N_raw": 30, "N_roi": 24, "N_inlier": 22, "refit": true}
{"timestamp": "15:22:04.775584", "frame": 42, "mu": [-1.779722968864942, 4.233196936914455, -0.07708658452579391], "Sigma": [[0.024721065145299297, -0.0003314101282676815, -0.027613058158112942], [-0.0003314101282676817, 0.0012884599957127235, -0.0003360835581135545], [-0.027613058158112942, -0.0003360835581135545, 0.03827060938554785]], "chi2_level": 0.95, "chi2_df": 3, "chi2_threshold": 7.814727903251179, "N_raw": 24, "N_roi": 23, "N_inlier": 21, "refit": true}
{"timestamp": "15:22:04.830445", "frame": 43, "mu": [-2.1612553366663128, 4.156025937608642, 0.8305196950802521], "Sigma": [[0.015882769231782924, 0.005418808358460984, -0.013133770242516217], [0.005418808358460984, 0.0029888045388366917, -0.00525374431398632], [-0.013133770242516217, -0.00525374431398632, 0.01877025934014449]], "chi2_level": 0.95, "chi2_df": 3, "chi2_threshold": 7.814727903251179, "N_raw": 23, "N_roi": 21, "N_inlier": 19, "refit": true}
{"timestamp": "15:22:04.884063", "frame": 44, "mu": [-2.050178242910273, 4.131736765391669, 0.5715587133493646], "Sigma": [[0.006629634376313487, 0.005165380911299387, -0.017354448918917], [0.0051653809112993864, 0.004939289747852296, -0.01599377639275866], [-0.017354448918917, -0.015993776392758664, 0.05667585760472227]], "chi2_level": 0.95, "chi2_df": 3, "chi2_threshold": 7.814727903251179, "N_raw": 9, "N_roi": 6, "N_inlier": 6, "refit": true}
{"timestamp": "15:22:04.938447", "frame": 45, "mu": [-2.0371699262924925, 4.096585499219355, 0.5813575297600175], "Sigma": [[0.016119288777388684, 0.01206294535077082, -0.024046246363865043], [0.012062945350770822, 0.01026062407892317, -0.01790664204653052], [-0.024046246363865036, -0.017906642046530516, 0.03589048257238455]], "chi2_level": 0.95, "chi2_df": 3, "chi2_threshold": 7.814727903251179, "N_raw": 6, "N_roi": 5, "N_inlier": 5, "refit": true}
{"timestamp": "15:22:04.996979", "frame": 46, "mu": [-1.9236515138468475, 4.0944067753396185, 0.5485247429776346], "Sigma": [[0.020479737776972443, 0.006495069880445363, -0.016024655517825864], [0.006495069880445363, 0.004547912904584112, -0.008040270615047102], [-0.016024655517825864, -0.008040270615047102, 0.02086770913321363]], "chi2_level": 0.95, "chi2_df": 3, "chi2_threshold": 7.814727903251179, "N_raw": 40, "N_roi": 40, "N_inlier": 38, "refit": true}
{"timestamp": "15:22:05.050192", "frame": 47, "mu": [-1.9948779163229737, 4.02928082404347, 0.7233778884654574], "Sigma": [[0.00964151895637715, 0.0029983491063503794, -0.012148104443855091], [0.00299834910635038, 0.0019346151124812999, -0.006010868628615154], [-0.012148104443855091, -0.006010868628615154, 0.03251593284247932]], "chi2_level": 0.95, "chi2_df": 3, "chi2_threshold": 7.814727903251179, "N_raw": 18, "N_roi": 17, "N_inlier": 16, "refit": true}
{"timestamp": "15:22:05.103571", "frame": 48, "mu": [-1.8054757832218096, 4.060791261434684, 0.5924783561077278], "Sigma": [[0.004278894977146846, 0.002459207678036743, -0.002679721917014802], [0.002459207678036743, 0.005438806214415149, 9.74168702640517e-05], [-0.002679721917014802, 9.741687026405181e-05, 0.004025316643638457]], "chi2_level": 0.95, "chi2_df": 3, "chi2_threshold": 7.814727903251179, "N_raw": 9, "N_roi": 9, "N_inlier": 8, "refit": true}
{"timestamp": "15:22:05.158398", "frame": 49, "mu": [-1.7879810969397694, 3.941802483398457, 0.10307972218009553], "Sigma": [[0.015103592249862319, -0.006565084743216802, -0.04275900534022265], [-0.006565084743216803, 0.0033881986441968368, 0.01268248714613342], [-0.04275900534022265, 0.012682487146133424, 0.33276148912109527]], "chi2_level": 0.95, "chi2_df": 3, "chi2_threshold": 7.814727903251179, "N_raw": 12, "N_roi": 9, "N_inlier": 8, "refit": true}
{"timestamp": "15:22:05.215574", "frame": 50, "mu": [-1.7048086939722569, 3.8758075724929513, 0.4250470363249258], "Sigma": [[0.016344422436908528, 0.00024484057907269005, -0.012134810810794192], [0.0002448405790726902, 0.0023356210454679813, 0.0004006490352465387], [-0.012134810810794192, 0.0004006490352465387, 0.01036894442483524]], "chi2_level": 0.95, "chi2_df": 3, "chi2_threshold": 7.814727903251179, "N_raw": 27, "N_roi": 23, "N_inlier": 22, "refit": true}
{"timestamp": "15:22:05.271646", "frame": 51, "mu": [-1.7704375197217253, 3.898471928241098, 0.7317065532399062], "Sigma": [[0.01594524823944881, 0.0035619191366188085, -0.004612366694010076], [0.0035619191366188085, 0.002141905768705791, -0.002911891410310197], [-0.0046123666940100765, -0.0029118914103101966, 0.01843733428663588]], "chi2_level": 0.95, "chi2_df": 3, "chi2_threshold": 7.814727903251179, "N_raw": 35, "N_roi": 34, "N_inlier": 32, "refit": true}
{"timestamp": "15:22:05.328469", "frame": 52, "mu": [-1.6312988818662306, 3.8857410239888237, 0.7586628663148848], "Sigma": [[0.023373008073823424, 0.0043758518587790046, -0.016939432606933508], [0.0043758518587790046, 0.0017373006705066688, -0.006982051294001037], [-0.016939432606933508, -0.006982051294001037, 0.04176017425294876]], "chi2_level": 0.95, "chi2_df": 3, "chi2_threshold": 7.814727903251179, "N_raw": 47, "N_roi": 47, "N_inlier": 44, "refit": true}
{"timestamp": "15:22:05.382222", "frame": 53, "mu": [-1.6257483315690902, 3.801383449939595, 0.8637677159529576], "Sigma": [[0.01679780195939913, 0.001763573839478962, -0.017002687005497077], [0.0017635738394789623, 0.0008978284943457243, -0.0014320824389482064], [-0.017002687005497077, -0.0014320824389482064, 0.05377257848686215]], "chi2_level": 0.95, "chi2_df": 3, "chi2_threshold": 7.814727903251179, "N_raw": 35, "N_roi": 35, "N_inlier": 32, "refit": true}
{"timestamp": "15:22:05.493444", "frame": 55, "mu": [-1.4022500194867316, 3.769865577037779, 0.6681474772688557], "Sigma": [[0.019433193149750977, 0.0036473830592540935, -0.021414332937298115], [0.0036473830592540935, 0.004633230980180849, -0.006980033919066851], [-0.021414332937298112, -0.006980033919066851, 0.03326387727411785]], "chi2_level": 0.95, "chi2_df": 3, "chi2_threshold": 7.814727903251179, "N_raw": 48, "N_roi": 46, "N_inlier": 45, "refit": true}
{"timestamp": "15:22:05.550730", "frame": 56, "mu": [-1.45256794575523, 3.697166664799726, 0.8767987209002622], "Sigma": [[0.024388827081422933, 0.005211512673276731, -0.012278220560993845], [0.005211512673276731, 0.003298934781864861, -0.005935320608846475], [-0.012278220560993845, -0.005935320608846476, 0.0248622854323862]], "chi2_level": 0.95, "chi2_df": 3, "chi2_threshold": 7.814727903251179, "N_raw": 52, "N_roi": 52, "N_inlier": 50, "refit": true}
{"timestamp": "15:22:05.602449", "frame": 57, "mu": [-1.4400931078458084, 3.6290707977379273, 0.7453162720374036], "Sigma": [[0.020139238682671354, 0.004374752788457173, -0.014854427477738172], [0.004374752788457173, 0.0017545610828237353, -0.0057259462392557515], [-0.01485442747773817, -0.0057259462392557515, 0.02435298566274614]], "chi2_level": 0.95, "chi2_df": 3, "chi2_threshold": 7.814727903251179, "N_raw": 37, "N_roi": 37, "N_inlier": 36, "refit": true}
{"timestamp": "15:22:05.659216", "frame": 58, "mu": [-1.3447151155162247, 3.609889738175576, 0.8696080738616632], "Sigma": [[0.01748902091282003, 0.00344901252639586, -0.015966720111410877], [0.0034490125263958596, 0.0010921388930697686, -0.004385428251404499], [-0.015966720111410877, -0.004385428251404499, 0.091514099054807]], "chi2_level": 0.95, "chi2_df": 3, "chi2_threshold": 7.814727903251179, "N_raw": 54, "N_roi": 54, "N_inlier": 52, "refit": true}
{"timestamp": "15:22:05.714809", "frame": 59, "mu": [-1.2329547596131394, 3.5377584589281637, 0.4773652092805519], "Sigma": [[0.02097980057462725, 0.005620362309148022, -0.02135089463414602], [0.005620362309148022, 0.005752583851300276, -0.007852557431387904], [-0.02135089463414602, -0.007852557431387904, 0.027361047571805856]], "chi2_level": 0.95, "chi2_df": 3, "chi2_threshold": 7.814727903251179, "N_raw": 51, "N_roi": 51, "N_inlier": 49, "refit": true}
{"timestamp": "15:22:05.769506", "frame": 60, "mu": [-1.2038178780967452, 3.5191036098871784, 0.5151491890720978], "Sigma": [[0.02372666405347771, 0.004848604023869241, -0.019219916320830456], [0.004848604023869241, 0.004990726670973522, -0.005705148639407057], [-0.019219916320830456, -0.005705148639407057, 0.018217152923149155]], "chi2_level": 0.95, "chi2_df": 3, "chi2_threshold": 7.814727903251179, "N_raw": 52, "N_roi": 52, "N_inlier": 50, "refit": true}
{"timestamp": "15:22:05.818251", "frame": 61, "mu": [-1.1761783262981274, 3.4405130412162954, 0.7501907270082891], "Sigma": [[0.0030528048069689085, 0.0022130533664851807, -0.002386578971124547], [0.0022130533664851807, 0.001995717610571645, -0.00544412145149426], [-0.002386578971124547, -0.005444121451494259, 0.04009099887325784]], "chi2_level": 0.95, "chi2_df": 3, "chi2_threshold": 7.814727903251179, "N_raw": 6, "N_roi": 5, "N_inlier": 5, "refit": true}
{"timestamp": "15:22:05.882632", "frame": 62, "mu": [-1.1364828024307763, 3.485799094349803, 0.8100811562561738], "Sigma": [[0.02182685378538124, 0.00506588391687799, -0.03430253382756848], [0.00506588391687799, 0.002644918352169049, -0.01296039271657623], [-0.03430253382756848, -0.01296039271657623, 0.09125193284757047]], "chi2_level": 0.95, "chi2_df": 3, "chi2_threshold": 7.814727903251179, "N_raw": 71, "N_roi": 71, "N_inlier": 66, "refit": true}
{"timestamp": "15:22:05.933146", "frame": 63, "mu": [-1.1380349130272451, 3.3960334879999294, 0.7497641924773797], "Sigma": [[0.03112295903208153, 0.0031391826990744597, -0.05193168684867455], [0.003139182699074459, 0.0021554667252625817, -0.004538088167978465], [-0.05193168684867455, -0.004538088167978465, 0.10998274586277632]], "chi2_level": 0.95, "chi2_df": 3, "chi2_threshold": 7.814727903251179, "N_raw": 36, "N_roi": 36, "N_inlier": 35, "refit": true}
{"timestamp": "15:22:05.990757", "frame": 64, "mu": [-1.0419390739664902, 3.554891200854606, -0.4197637574726767], "Sigma": [[0.026720121480989352, 0.014064065585287258, -0.042155611827446864], [0.014064065585287258, 0.012617684858152341, -0.03185150386930327], [-0.042155611827446864, -0.03185150386930327, 0.09039390576344063]], "chi2_level": 0.95, "chi2_df": 3, "chi2_threshold": 7.814727903251179, "N_raw": 56, "N_roi": 53, "N_inlier": 49, "refit": true}
{"timestamp": "15:22:06.041510", "frame": 65, "mu": [-0.8429174755200687, 3.3298498568988886, 0.37732642400515587], "Sigma": [[0.012263998288226675, -7.107299816233126e-05, -0.010603250764081766], [-7.107299816233115e-05, 0.002200587262870783, -0.007909319184433819], [-0.010603250764081768, -0.007909319184433819, 0.04592751399866535]], "chi2_level": 0.95, "chi2_df": 3, "chi2_threshold": 7.814727903251179, "N_raw": 26, "N_roi": 26, "N_inlier": 23, "refit": true}
{"timestamp": "15:22:06.104290", "frame": 66, "mu": [-0.9047835635346456, 3.27176408324051, 0.6879086263475866], "Sigma": [[0.019737510305061007, 0.006286315581154635, -0.015486092299639842], [0.0062863155811546355, 0.005266586506829862, -0.012428564078989322], [-0.015486092299639844, -0.012428564078989322, 0.04075544523502497]], "chi2_level": 0.95, "chi2_df": 3, "chi2_threshold": 7.814727903251179, "N_raw": 90, "N_roi": 86, "N_inlier": 82, "refit": true}
{"timestamp": "15:22:06.156141", "frame": 67, "mu": [-0.9456270944398906, 3.192855031918318, 0.9356709422226547], "Sigma": [[0.01865474062088189, 0.003134594038457758, 0.002309519742135343], [0.003134594038457758, 0.0013232054620071609, 0.00045073201079332475], [0.0023095197421353422, 0.0004507320107933246, 0.0482360040527835]], "chi2_level": 0.95, "chi2_df": 3, "chi2_threshold": 7.814727903251179, "N_raw": 60, "N_roi": 60, "N_inlier": 56, "refit": true}
{"timestamp": "15:22:06.213483", "frame": 68, "mu": [-0.8634707339631716, 3.169462975663838, 0.8944545723310628], "Sigma": [[0.01617710600239658, 0.0016666237760639701, 0.005163776242636611], [0.0016666237760639701, 0.0014962441328442014, 0.002794800872884868], [0.00516377624263661, 0.0027948008728848673, 0.07804143467186317]], "chi2_level": 0.95, "chi2_df": 3, "chi2_threshold": 7.814727903251179, "N_raw": 69, "N_roi": 65, "N_inlier": 62, "refit": true}
{"timestamp": "15:22:06.270461", "frame": 69, "mu": [-0.8344661138468884, 3.2740730351363982, -0.38514949608751764], "Sigma": [[0.015361429899272803, 0.007240297080152093, 0.02265331720969547], [0.007240297080152094, 0.013601915047187859, 0.004594783336229364], [0.02265331720969547, 0.004594783336229365, 0.16239905534304905]], "chi2_level": 0.95, "chi2_df": 3, "chi2_threshold": 7.814727903251179, "N_raw": 79, "N_roi": 79, "N_inlier": 72, "refit": true}
{"timestamp": "15:22:06.322645", "frame": 70, "mu": [-0.7837088619222101, 3.1245994520743436, 1.0883900268887456], "Sigma": [[0.014395527501055822, 0.0023863832661631247, 0.007561031500213819], [0.0023863832661631247, 0.0016843125642386672, 0.002056946993742379], [0.0075610315002138185, 0.002056946993742379, 0.0688191536600368]], "chi2_level": 0.95, "chi2_df": 3, "chi2_threshold": 7.814727903251179, "N_raw": 63, "N_roi": 63, "N_inlier": 58, "refit": true}
{"timestamp": "15:22:06.375978", "frame": 71, "mu": [-0.7556619333627941, 3.2117054283889943, -0.07580666909670161], "Sigma": [[0.016044227821775066, 0.0018331875249951823, 0.0043485850888707964], [0.0018331875249951823, 0.005797525125382276, -0.011652551956861575], [0.004348585088870797, -0.011652551956861575, 0.03285212136615534]], "chi2_level": 0.95, "chi2_df": 3, "chi2_threshold": 7.814727903251179, "N_raw": 63, "N_roi": 63, "N_inlier": 60, "refit": true}
{"timestamp": "15:22:06.434158", "frame": 72, "mu": [-0.6804764776256345, 3.055104342207713, 0.961325770542674], "Sigma": [[0.0233486819057193, 0.006144010404769279, -0.008420080126935764], [0.006144010404769279, 0.004687705470745453, -0.010263089086047627], [-0.008420080126935766, -0.010263089086047627, 0.05218287195837466]], "chi2_level": 0.95, "chi2_df": 3, "chi2_threshold": 7.814727903251179, "N_raw": 80, "N_roi": 78, "N_inlier": 72, "refit": true}
{"timestamp": "15:22:06.485954", "frame": 73, "mu": [-0.5656523606011724, 3.004028095659632, 1.0212145492280915], "Sigma": [[0.02415540215198718, 0.0067662208911655475, -0.02284758652584557], [0.0067662208911655475, 0.005460164296654115, -0.014609715358928188], [-0.02284758652584557, -0.014609715358928188, 0.05278856549214145]], "chi2_level": 0.95, "chi2_df": 3, "chi2_threshold": 7.814727903251179, "N_raw": 57, "N_roi": 54, "N_inlier": 51, "refit": true}
{"timestamp": "15:22:06.539778", "frame": 74, "mu": [-0.5949018407610304, 2.906040871999047, 0.7390290650852911], "Sigma": [[0.014843511837928822, -0.00031994917720883347, -0.009611166286256446], [-0.00031994917720883336, 0.0013310572572369408, -0.0009199272029209539], [-0.009611166286256446, -0.0009199272029209539, 0.015332792104589795]], "chi2_level": 0.95, "chi2_df": 3, "chi2_threshold": 7.814727903251179, "N_raw": 50, "N_roi": 48, "N_inlier": 42, "refit": true}
{"timestamp": "15:22:06.595005", "frame": 75, "mu": [-0.4514994885124437, 2.871971837621067, 0.9865044890485551], "Sigma": [[0.010492551401113668, 0.0011989555303924151, 0.01152971911895742], [0.001198955530392415, 0.0010504232001925598, -0.00044118339029680203], [0.011529719118957418, -0.000441183390296802, 0.061579946157918786]], "chi2_level": 0.95, "chi2_df": 3, "chi2_threshold": 7.814727903251179, "N_raw": 50, "N_roi": 47, "N_inlier": 42, "refit": true}
{"timestamp": "15:22:06.653581", "frame": 76, "mu": [-0.352939422390372, 2.885924226685511, 0.8327214979301131], "Sigma": [[0.028698454201109568, 0.011217306519713638, -0.01939467749962035], [0.011217306519713638, 0.007985012865287152, -0.009940238589787], [-0.01939467749962035, -0.009940238589787, 0.03312601775704267]], "chi2_level": 0.95, "chi2_df": 3, "chi2_threshold": 7.814727903251179, "N_raw": 81, "N_roi": 81, "N_inlier": 77, "refit": true}
{"timestamp": "15:22:06.712746", "frame": 77, "mu": [-0.38797717507181717, 3.0013967667390133, -0.2646265093183504], "Sigma": [[0.02085530470870163, 0.009160162701244264, -0.008713119130676055], [0.009160162701244264, 0.016360808957944277, -0.022907570694933155], [-0.008713119130676057, -0.022907570694933155, 0.047665743622430125]], "chi2_level": 0.95, "chi2_df": 3, "chi2_threshold": 7.814727903251179, "N_raw": 102, "N_roi": 99, "N_inlier": 95, "refit": true}
{"timestamp": "15:22:06.764486", "frame": 78, "mu": [-0.26483079767335327, 3.054280887272889, -0.3849592462658486], "Sigma": [[0.027167268366072965, 0.014199159835264928, 0.004761893991883332], [0.014199159835264926, 0.013800395276608616, -0.001881725252296389], [0.004761893991883333, -0.001881725252296389, 0.013441028494721313]], "chi2_level": 0.95, "chi2_df": 3, "chi2_threshold": 7.814727903251179, "N_raw": 78, "N_roi": 76, "N_inlier": 72, "refit": true}
{"timestamp": "15:22:06.823395", "frame": 79, "mu": [-0.2590410957021075, 2.787050757804435, 1.0844162931656207], "Sigma": [[0.014375467883024998, 0.0070279266676062605, -0.0012008953798333644], [0.00702792666760626, 0.013280565579418603, -0.015460037265857285], [-0.0012008953798333653, -0.015460037265857285, 0.07227398370871238]], "chi2_level": 0.95, "chi2_df": 3, "chi2_threshold": 7.814727903251179, "N_raw": 105, "N_roi": 101, "N_inlier": 97, "refit": true}
{"timestamp": "15:22:06.874062", "frame": 80, "mu": [-0.25947574732779843, 2.6799694386728574, 1.2861275206304963], "Sigma": [[0.013269789589287454, 0.00178149032730631, 0.0151480737445337], [0.0017814903273063102, 0.0040200471283225936, 0.006857406538372163], [0.0151480737445337, 0.006857406538372164, 0.09442394240578206]], "chi2_level": 0.95, "chi2_df": 3, "chi2_threshold": 7.814727903251179, "N_raw": 72, "N_roi": 72, "N_inlier": 69, "refit": true}
{"timestamp": "15:22:06.922176", "frame": 81, "mu": [-0.15501827548204777, 2.7033018413691035, 0.6349614221537836], "Sigma": [[0.009552422124564905, 0.003566554971948072, -0.001526730811547792], [0.003566554971948072, 0.007470327287997074, 0.01176681398729162], [-0.0015267308115477919, 0.011766813987291617, 0.1859955346610441]], "chi2_level": 0.95, "chi2_df": 3, "chi2_threshold": 7.814727903251179, "N_raw": 28, "N_roi": 28, "N_inlier": 26, "refit": true}
{"timestamp": "15:22:06.983509", "frame": 82, "mu": [-0.26096334980416414, 2.5428361843789675, 0.9877650568587646], "Sigma": [[0.01583292173774969, 0.0032456084605135124, -0.0008996762563455433], [0.0032456084605135124, 0.004196716705960072, -0.00747562279143749], [-0.0008996762563455433, -0.00747562279143749, 0.11600952945789776]], "chi2_level": 0.95, "chi2_df": 3, "chi2_threshold": 7.814727903251179, "N_raw": 80, "N_roi": 78, "N_inlier": 73, "refit": true}
{"timestamp": "15:22:07.037079", "frame": 83, "mu": [-0.19491106479357417, 2.5408081333551564, 0.7222273447679167], "Sigma": [[0.01117714508667981, -0.001814143898560069, 0.014470872896326682], [-0.0018141438985600686, 0.007739555032155386, -0.037426559696445705], [0.014470872896326682, -0.037426559696445705, 0.3858085645425217]], "chi2_level": 0.95, "chi2_df": 3, "chi2_threshold": 7.814727903251179, "N_raw": 65, "N_roi": 65, "N_inlier": 63, "refit": true}
{"timestamp": "15:22:07.093175", "frame": 84, "mu": [-0.1061467368975545, 2.4865418926742793, 1.1891032024958093], "Sigma": [[0.011842757134152946, -0.00034560168735592057, 0.0015111815496621885], [-0.00034560168735592046, 0.0034326434693871645, 0.007240536043906258], [0.0015111815496621885, 0.007240536043906258, 0.06560286352277338]], "chi2_level": 0.95, "chi2_df": 3, "chi2_threshold": 7.814727903251179, "N_raw": 70, "N_roi": 70, "N_inlier": 64, "refit": true}
{"timestamp": "15:22:07.149175", "frame": 85, "mu": [-0.028736237335572738, 2.470673201438829, 1.2530008593913966], "Sigma": [[0.01104136875031176, -0.0026174111348223356, -0.007164558143877967], [-0.0026174111348223356, 0.003143044634618573, -0.0030193993237580246], [-0.007164558143877967, -0.0030193993237580246, 0.031692794190314386]], "chi2_level": 0.95, "chi2_df": 3, "chi2_threshold": 7.814727903251179, "N_raw": 77, "N_roi": 77, "N_inlier": 71, "refit": true}
{"timestamp": "15:22:07.210467", "frame": 86, "mu": [0.04888829091778933, 2.4557823101070624, 1.0790831646142625], "Sigma": [[0.01396306726721402, 9.45229437178914e-05, -0.01608517611751944], [9.452294371789131e-05, 0.00163878984071014, -0.005579118728260762], [-0.01608517611751944, -0.0055791187282607626, 0.10697835134508872]], "chi2_level": 0.95, "chi2_df": 3, "chi2_threshold": 7.814727903251179, "N_raw": 115, "N_roi": 115, "N_inlier": 109, "refit": true}
{"timestamp": "15:22:07.260499", "frame": 87, "mu": [0.034677409780630886, 2.3876826686680266, 1.2108701177445962], "Sigma": [[0.010824272157162593, 0.00029350905575542297, 0.0028990034417224675], [0.0002935090557554229, 0.0021469309785522124, -0.0019119736950791624], [0.002899003441722467, -0.0019119736950791622, 0.04091308994619901]], "chi2_level": 0.95, "chi2_df": 3, "chi2_threshold": 7.814727903251179, "N_raw": 77, "N_roi": 76, "N_inlier": 72, "refit": true}
{"timestamp": "15:22:07.313076", "frame": 88, "mu": [0.08988888889077117, 2.3707147646376883, 1.3346434428917107], "Sigma": [[0.01007794677629305, -0.001230083572685337, 0.0022425087251968746], [-0.001230083572685337, 0.0037919973006471696, -0.005283877203810668], [0.0022425087251968746, -0.005283877203810668, 0.011529576226773834]], "chi2_level": 0.95, "chi2_df": 3, "chi2_threshold": 7.814727903251179, "N_raw": 76, "N_roi": 76, "N_inlier": 68, "refit": true}
{"timestamp": "15:22:07.370089", "frame": 89, "mu": [0.09963752290859519, 2.2874122783149486, 1.0817953487678442], "Sigma": [[0.009089112924360689, -0.0023339475366103007, -0.004082707638589496], [-0.002333947536610301, 0.0019315407609239302, 0.004913025319088211], [-0.004082707638589496, 0.00491302531908821, 0.08944062977531198]], "chi2_level": 0.95, "chi2_df": 3, "chi2_threshold": 7.814727903251179, "N_raw": 87, "N_roi": 86, "N_inlier": 82, "refit": true}
{"timestamp": "15:22:07.421332", "frame": 90, "mu": [0.1666461150899332, 2.227875774443357, 0.8937544919503231], "Sigma": [[0.009408417637047294, -8.710407575702077e-05, 0.017238285482721383], [-8.710407575702073e-05, 0.0032652457405896907, 0.009624905053640364], [0.017238285482721383, 0.009624905053640364, 0.125128584965191]], "chi2_level": 0.95, "chi2_df": 3, "chi2_threshold": 7.814727903251179, "N_raw": 59, "N_roi": 57, "N_inlier": 51, "refit": true}
{"timestamp": "15:22:07.483426", "frame": 91, "mu": [0.19601641128612424, 2.413572357345531, -0.8390288976492628], "Sigma": [[0.012455673503847572, 0.0018761764245429947, -0.03366265572908798], [0.0018761764245429947, 0.00768731944322758, -0.03893143793647188], [-0.03366265572908798, -0.03893143793647188, 0.3628287151441074]], "chi2_level": 0.95, "chi2_df": 3, "chi2_threshold": 7.814727903251179, "N_raw": 105, "N_roi": 100, "N_inlier": 98, "refit": true}
{"timestamp": "15:22:07.540170", "frame": 92, "mu": [0.35922487785821255, 2.2565401785498653, 1.1182631306311468], "Sigma": [[0.021484916544292167, 0.00651784136974975, -0.02173336228204116], [0.00651784136974975, 0.007971460811562114, -0.014700940576220066], [-0.021733362282041157, -0.014700940576220066, 0.08671758480468172]], "chi2_level": 0.95, "chi2_df": 3, "chi2_threshold": 7.814727903251179, "N_raw": 113, "N_roi": 112, "N_inlier": 107, "refit": true}
{"timestamp": "15:22:07.589897", "frame": 93, "mu": [0.45873236466585765, 2.2053785266399966, 0.7572505824489618], "Sigma": [[0.02709046185554862, 0.004989746929606298, 0.01245983311471813], [0.004989746929606298, 0.010919586991833324, 0.019318221473837424], [0.012459833114718133, 0.019318221473837428, 0.20164684818598136]], "chi2_level": 0.95, "chi2_df": 3, "chi2_threshold": 7.814727903251179, "N_raw": 81, "N_roi": 81, "N_inlier": 79, "refit": true}
{"timestamp": "15:22:07.641323", "frame": 94, "mu": [0.4838421784672844, 2.177756844644175, 1.142555119174891], "Sigma": [[0.020412064916200394, 0.006816181789324992, -0.03550514975397907], [0.006816181789324992, 0.006294891106197238, -0.012967973042530615], [-0.03550514975397907, -0.012967973042530615, 0.10733720552007575]], "chi2_level": 0.95, "chi2_df": 3, "chi2_threshold": 7.814727903251179, "N_raw": 52, "N_roi": 51, "N_inlier": 46, "refit": true}
{"timestamp": "15:22:07.703329", "frame": 95, "mu": [0.518292964742505, 2.1159128676995778, -0.35083507997918734], "Sigma": [[0.026819372608298586, 0.0025597734625511736, 0.10011707108134321], [0.002559773462551173, 0.005028261174218695, -0.0009920303881982644], [0.10011707108134321, -0.0009920303881982644, 0.7059873180489336]], "chi2_level": 0.95, "chi2_df": 3, "chi2_threshold": 7.814727903251179, "N_raw": 103, "N_roi": 103, "N_inlier": 99, "refit": true}
{"timestamp": "15:22:07.753121", "frame": 96, "mu": [0.4897591187315982, 2.0483921878839717, -0.8306791444701462], "Sigma": [[0.014034914723960314, 0.0023809087769496367, -0.011273585191288673], [0.0023809087769496376, 0.003982372568220627, -0.007250648193123437], [-0.011273585191288673, -0.007250648193123436, 0.04617352376405401]], "chi2_level": 0.95, "chi2_df": 3, "chi2_threshold": 7.814727903251179, "N_raw": 71, "N_roi": 71, "N_inlier": 61, "refit": true}
{"timestamp": "15:22:07.804935", "frame": 97, "mu": [0.4656720064318043, 1.9246636886665152, 1.0075296121166581], "Sigma": [[0.0052065736764051445, -0.0003423676311571286, 0.009155720744494424], [-0.0003423676311571286, 0.0015094868481097157, 0.005812667012941995], [0.009155720744494422, 0.005812667012941995, 0.12041288086317462]], "chi2_level": 0.95, "chi2_df": 3, "chi2_threshold": 7.814727903251179, "N_raw": 52, "N_roi": 52, "N_inlier": 48, "refit": true}
{"timestamp": "15:22:07.858098", "frame": 98, "mu": [0.5219005820745469, 1.7926522402527953, 0.03550732791685163], "Sigma": [[0.005571643759013444, -0.003299100017546093, -0.011705289631338265], [-0.0032991000175460927, 0.0046581943801008675, 0.030922703629414655], [-0.011705289631338267, 0.030922703629414655, 0.3571768413111339]], "chi2_level": 0.95, "chi2_df": 3, "chi2_threshold": 7.814727903251179, "N_raw": 31, "N_roi": 31, "N_inlier": 29, "refit": true}
{"timestamp": "15:22:07.910618", "frame": 99, "mu": [0.592108824214926, 1.7524767544413056, 0.09450948448986231], "Sigma": [[0.005496910037519745, -0.00435273827785825, -0.013916499430411133], [-0.00435273827785825, 0.006444327276378803, 0.04157249946267036], [-0.013916499430411133, 0.04157249946267036, 0.44092693431570074]], "chi2_level": 0.95, "chi2_df": 3, "chi2_threshold": 7.814727903251179, "N_raw": 25, "N_roi": 25, "N_inlier": 23, "refit": true}
{"timestamp": "15:22:08.058085", "frame": 100, "mu": [0.6555383826860993, 1.7141565122516624, 0.2330499639530895], "Sigma": [[0.00867900052787603, -0.005268605919848178, -0.03191570396166475], [-0.005268605919848178, 0.005714150374991425, 0.044005797905919776], [-0.03191570396166475, 0.044005797905919776, 0.4480042849109762]], "chi2_level": 0.95, "chi2_df": 3, "chi2_threshold": 7.814727903251179, "N_raw": 40, "N_roi": 40, "N_inlier": 39, "refit": true}
{"timestamp": "15:22:08.084957", "frame": 101, "mu": [0.7307492249718817, 1.6879384787332705, 0.11906504383582818], "Sigma": [[0.008040641752328596, -0.004505923522760343, -0.023383199135562797], [-0.004505923522760343, 0.0071461835807347255, 0.036946793526443006], [-0.023383199135562797, 0.036946793526443006, 0.4560898522199909]], "chi2_level": 0.95, "chi2_df": 3, "chi2_threshold": 7.814727903251179, "N_raw": 21, "N_roi": 21, "N_inlier": 20, "refit": true}
{"timestamp": "15:22:08.116687", "frame": 102, "mu": [0.7838032387920905, 1.7388453977486218, 1.5480090403899633], "Sigma": [[0.0041017468423049, -0.000960782753163281, -0.0015484140264257686], [-0.000960782753163281, 0.0027023524240628004, -0.0017883382742701647], [-0.0015484140264257686, -0.0017883382742701647, 0.00297135645769791]], "chi2_level": 0.95, "chi2_df": 3, "chi2_threshold": 7.814727903251179, "N_raw": 38, "N_roi": 38, "N_inlier": 35, "refit": true}
{"timestamp": "15:22:08.148490", "frame": 103, "mu": [0.7816898215564645, 1.6624090640357547, 0.7541780345398702], "Sigma": [[0.0023662656536144293, -0.0008790258017563637, -0.02535829210840049], [-0.0008790258017563636, 0.004214348332490777, 0.04978878752053966], [-0.025358292108400494, 0.04978878752053966, 0.7571443207856733]], "chi2_level": 0.95, "chi2_df": 3, "chi2_threshold": 7.814727903251179, "N_raw": 9, "N_roi": 9, "N_inlier": 8, "refit": true}
{"timestamp": "15:22:08.184962", "frame": 104, "mu": [0.7574681943709236, 1.6555270251319802, 1.1216360142288675], "Sigma": [[0.003023813988474195, 0.00010847512671291839, -0.0010312700586848989], [0.00010847512671291861, 0.0018901467125757223, -0.005713249940503073], [-0.0010312700586848998, -0.005713249940503074, 0.3242670975760327]], "chi2_level": 0.95, "chi2_df": 3, "chi2_threshold": 7.814727903251179, "N_raw": 25, "N_roi": 25, "N_inlier": 24, "refit": true}
{"timestamp": "15:22:08.241584", "frame": 105, "mu": [0.8194514360686439, 1.608314762390467, 1.3254743218912601], "Sigma": [[0.004389054766481965, 0.0009694843645502449, 0.004895955437379916], [0.0009694843645502451, 0.0009564579722922786, 0.00030989683078337183], [0.004895955437379916, 0.0003098968307833717, 0.01777831390797909]], "chi2_level": 0.95, "chi2_df": 3, "chi2_threshold": 7.814727903251179, "N_raw": 32, "N_roi": 32, "N_inlier": 28, "refit": true}
{"timestamp": "15:22:08.297537", "frame": 106, "mu": [0.8369734024861454, 1.5906506563906793, 1.3813247501396453], "Sigma": [[0.003959297716904678, 0.0010773836911679925, 0.003760725273911853], [0.0010773836911679925, 0.00413374362367223, 0.001223612391817629], [0.003760725273911853, 0.001223612391817629, 0.004185097835716243]], "chi2_level": 0.95, "chi2_df": 3, "chi2_threshold": 7.814727903251179, "N_raw": 37, "N_roi": 37, "N_inlier": 33, "refit": true}
{"timestamp": "15:22:08.354765", "frame": 107, "mu": [0.9114349426337609, 1.54305074698747, 1.3191197031161317], "Sigma": [[0.006054673758741356, 0.0014909429644015507, 0.004386997091178992], [0.0014909429644015507, 0.0034104419281146187, -0.0015811717060233762], [0.004386997091178992, -0.0015811717060233762, 0.009025549424811187]], "chi2_level": 0.95, "chi2_df": 3, "chi2_threshold": 7.814727903251179, "N_raw": 55, "N_roi": 55, "N_inlier": 50, "refit": true}
{"timestamp": "15:22:08.410086", "frame": 108, "mu": [0.9385392626002566, 1.5571282472755308, 1.384442536559279], "Sigma": [[0.005086604474340708, -0.0003678859065138158, -0.0003170221189999432], [-0.0003678859065138158, 0.0036123626458507297, -0.002512665517941575], [-0.00031702211899994323, -0.002512665517941575, 0.0030559068003102336]], "chi2_level": 0.95, "chi2_df": 3, "chi2_threshold": 7.814727903251179, "N_raw": 49, "N_roi": 49, "N_inlier": 47, "refit": true}
{"timestamp": "15:22:08.461864", "frame": 109, "mu": [0.9835659751520679, 1.5371721740067894, 1.4867311660541829], "Sigma": [[0.003898843078621969, -9.088707245201983e-06, 0.0001178137896901107], [-9.088707245201997e-06, 0.0029694439186794446, -0.0007447141831539611], [0.00011781378969011067, -0.0007447141831539611, 0.00036121200358583944]], "chi2_level": 0.95, "chi2_df": 3, "chi2_threshold": 7.814727903251179, "N_raw": 30, "N_roi": 30, "N_inlier": 29, "refit": true}
{"timestamp": "15:22:08.516472", "frame": 110, "mu": [0.948405685243535, 1.4885510327694447, 1.4577847380604279], "Sigma": [[0.005885316405177829, -0.001331726657966055, -0.000653703912975348], [-0.001331726657966055, 0.0035913225893038827, 0.000949070400877307], [-0.0006537039129753482, 0.000949070400877307, 0.0003915392687815125]], "chi2_level": 0.95, "chi2_df": 3, "chi2_threshold": 7.814727903251179, "N_raw": 35, "N_roi": 35, "N_inlier": 34, "refit": true}
{"timestamp": "15:22:08.622278", "frame": 112, "mu": [1.0138574316129554, 1.471860399983802, 1.5328951480586561], "Sigma": [[0.004010548432027721, 0.002606778712633433, 0.0045377091444098955], [0.002606778712633433, 0.0031148097261531906, 0.0041916229133879095], [0.004537709144409895, 0.004191622913387909, 0.006608117995640972]], "chi2_level": 0.95, "chi2_df": 3, "chi2_threshold": 7.814727903251179, "N_raw": 7, "N_roi": 7, "N_inlier": 7, "refit": true}
{"timestamp": "15:22:08.791439", "frame": 115, "mu": [1.176672095486924, 1.3510025096329759, 1.531274268386872], "Sigma": [[0.0044376231072766415, -0.0020173457522178733, 0.00016639895886381197], [-0.0020173457522178733, 0.005809590306383482, 0.001073776196976745], [0.00016639895886381203, 0.001073776196976745, 0.0004503092475969942]], "chi2_level": 0.95, "chi2_df": 3, "chi2_threshold": 7.814727903251179, "N_raw": 33, "N_roi": 33, "N_inlier": 31, "refit": true}
{"timestamp": "15:22:08.846491", "frame": 116, "mu": [1.2260332950493469, 1.2539310055844075, 1.5130253299335013], "Sigma": [[0.005182022963104619, -0.0009899780492343283, 0.0009525341860526429], [-0.000989978049234328, 0.003483797809944263, 0.0008518429619599069], [0.0009525341860526429, 0.0008518429619599068, 0.0005997099002310991]], "chi2_level": 0.95, "chi2_df": 3, "chi2_threshold": 7.814727903251179, "N_raw": 27, "N_roi": 27, "N_inlier": 25, "refit": true}
{"timestamp": "15:22:08.900429", "frame": 117, "mu": [1.306815683367604, 1.1935061434049137, 1.4910440488661711], "Sigma": [[0.006656833695327514, -0.001091768815186312, 0.0021507136959813553], [-0.0010917688151863118, 0.0032544074050402274, -0.000451141843878729], [0.0021507136959813553, -0.000451141843878729, 0.0008507881985295624]], "chi2_level": 0.95, "chi2_df": 3, "chi2_threshold": 7.814727903251179, "N_raw": 28, "N_roi": 28, "N_inlier": 27, "refit": true}
{"timestamp": "15:22:08.956228", "frame": 118, "mu": [1.3596042153721766, 1.1184875474162825, 1.486377842606583], "Sigma": [[0.00565201090029624, -0.002307621936419869, -0.00017097662023094604], [-0.0023076219364198693, 0.005207945057315851, 0.0005918676230538193], [-0.00017097662023094607, 0.0005918676230538193, 0.00021432772661391424]], "chi2_level": 0.95, "chi2_df": 3, "chi2_threshold": 7.814727903251179, "N_raw": 27, "N_roi": 27, "N_inlier": 26, "refit": true}
{"timestamp": "15:22:09.064205", "frame": 120, "mu": [1.5014897415730644, 1.0827821008738854, -0.09266701596406737], "Sigma": [[0.002886458678213558, -0.0002557921990299904, -0.0001094344382872683], [-0.0002557921990299905, 0.001551333094005981, -3.4873478786871426e-05], [-0.00010943443828726832, -3.4873478786871426e-05, 6.45201743963557e-06]], "chi2_level": 0.95, "chi2_df": 3, "chi2_threshold": 7.814727903251179, "N_raw": 11, "N_roi": 11, "N_inlier": 11, "refit": true}
{"timestamp": "15:22:09.120548", "frame": 121, "mu": [1.5085100990386588, 1.009295891060558, 1.576410006296534], "Sigma": [[0.0025768664513800645, -0.0008073236699953761, 0.0009096258112545864], [-0.0008073236699953761, 0.0027384172776353244, -0.0018400731238308325], [0.0009096258112545864, -0.0018400731238308325, 0.001670196414566366]], "chi2_level": 0.95, "chi2_df": 3, "chi2_threshold": 7.814727903251179, "N_raw": 17, "N_roi": 17, "N_inlier": 16, "refit": true}
{"timestamp": "15:22:09.173316", "frame": 122, "mu": [1.5215403902462152, 0.9964644469926895, 1.4930841742684902], "Sigma": [[0.002344799901054737, 0.00115634434273346, -0.0030067647766663444], [0.00115634434273346, 0.0007827940960905328, -0.001657479084701289], [-0.0030067647766663444, -0.001657479084701289, 0.016183494873358933]], "chi2_level": 0.95, "chi2_df": 3, "chi2_threshold": 7.814727903251179, "N_raw": 6, "N_roi": 6, "N_inlier": 6, "refit": true}
{"timestamp": "15:22:09.227541", "frame": 123, "mu": [1.5624958184863162, 0.9601309341287521, 1.4283018543271004], "Sigma": [[0.001024530801892076, 0.0013178553166553727, 0.009493919159833322], [0.0013178553166553727, 0.006009990481008371, 0.01263207896936569], [0.009493919159833322, 0.01263207896936569, 0.1203239763447099]], "chi2_level": 0.95, "chi2_df": 3, "chi2_threshold": 7.814727903251179, "N_raw": 5, "N_roi": 5, "N_inlier": 5, "refit": true}
{"timestamp": "15:22:09.285521", "frame": 124, "mu": [1.613474134157546, 0.9101740551367337, 1.627755988953588], "Sigma": [[0.004920345420336984, -0.0022398515359508967, 0.00015765509536890378], [-0.0022398515359508967, 0.007220032367745732, -0.00012037863775873466], [0.00015765509536890378, -0.00012037863775873469, 0.00017058384766589798]], "chi2_level": 0.95, "chi2_df": 3, "chi2_threshold": 7.814727903251179, "N_raw": 26, "N_roi": 26, "N_inlier": 26, "refit": true}
{"timestamp": "15:22:09.337555", "frame": 125, "mu": [1.655961040279801, 0.7986390594888311, 1.3003898545278056], "Sigma": [[0.0013459000084002461, -0.0008059728742000338, -0.0007717793331992557], [-0.000805972874200034, 0.0016827522025079425, -0.00224850669209022], [-0.0007717793331992557, -0.00224850669209022, 0.06757236014073292]], "chi2_level": 0.95, "chi2_df": 3, "chi2_threshold": 7.814727903251179, "N_raw": 6, "N_roi": 6, "N_inlier": 6, "refit": true}
{"timestamp": "15:22:09.394559", "frame": 126, "mu": [1.7142694999115644, 0.7890054343973579, 1.6091530275773056], "Sigma": [[0.0026332713504106844, -0.0010133381515066552, 9.39154319262189e-05], [-0.0010133381515066552, 0.0037969759825205803, -0.0010982279588441694], [9.39154319262189e-05, -0.0010982279588441694, 0.0003355555407030849]], "chi2_level": 0.95, "chi2_df": 3, "chi2_threshold": 7.814727903251179, "N_raw": 16, "N_roi": 16, "N_inlier": 14, "refit": true}
