{"timestamp": "16:13:56.076635", "frame": 19, "mu": [2.2378234983843552, 3.149206975526904, 1.081257892082329], "Sigma": [[0.004837375124868881, -0.003242007621508265, -0.0016645732124384504], [-0.0032420076215082657, 0.004368875074583058, 7.06975161170883e-05], [-0.0016645732124384509, 7.069751611708873e-05, 0.004153070727032094]], "chi2_level": 0.95, "chi2_df": 3, "chi2_threshold": 7.814727903251179, "N_raw": 10, "N_roi": 10, "N_inlier": 10, "refit": true}
{"timestamp": "16:13:56.189242", "frame": 21, "mu": [2.3013471382300805, 3.1128448731610217, 1.2365604514192348], "Sigma": [[0.011218477506644434, -0.008127913367860288, -0.0029640061029445157], [-0.008127913367860288, 0.0064104560388354185, -0.0001992865873852417], [-0.002964006102944516, -0.0001992865873852416, 0.018734124525864124]], "chi2_level": 0.95, "chi2_df": 3, "chi2_threshold": 7.814727903251179, "N_raw": 24, "N_roi": 22, "N_inlier": 21, "refit": true}
{"timestamp": "16:13:56.244867", "frame": 22, "mu": [1.8670904320462038, 2.7498251796127087, 0.229637002507312], "Sigma": [[0.5637190223609689, 0.8585929196578032, 0.01396712729684252], [0.8585929196578033, 1.32740214782747, -0.01368628008462014], [0.013967127296842529, -0.01368628008462014, 0.10566638629746433]], "chi2_level": 0.95, "chi2_df": 3, "chi2_threshold": 7.814727903251179, "N_raw": 12, "N_roi": 5, "N_inlier": 5, "refit": true}
{"timestamp": "16:13:56.301653", "frame": 23, "mu": [2.1952464812409955, 3.232920950350595, 0.15370121670431897], "Sigma": [[0.012558989592073879, -0.007208068002248069, -0.007394159479284744], [-0.0072080680022480696, 0.008201148979447629, -0.0025704886271695217], [-0.007394159479284744, -0.0025704886271695213, 0.01941975658012839]], "chi2_level": 0.95, "chi2_df": 3, "chi2_threshold": 7.814727903251179, "N_raw": 31, "N_roi": 31, "N_inlier": 29, "refit": true}
{"timestamp": "16:13:56.354439", "frame": 24, "mu": [2.1556284905438963, 3.154975403971998, 1.362460584908629], "Sigma": [[0.004728096997189407, -0.003159372695532143, 0.0014685106707775673], [-0.003159372695532143, 0.0023676845555068906, -0.002902999578631991], [0.0014685106707775677, -0.002902999578631992, 0.02521754128872702]], "chi2_level": 0.95, "chi2_df": 3, "chi2_threshold": 7.814727903251179, "N_raw": 13, "N_roi": 11, "N_inlier": 9, "refit": true}
{"timestamp": "16:13:56.848888", "frame": 33, "mu": [1.892357727384687, 3.0502908096499093, 1.0997210978384382], "Sigma": [[0.0021021882255651205, 0.002052724894544205, -0.007576988119943001], [0.002052724894544205, 0.010698702003651365, -0.02126165970593981], [-0.0075769881199430015, -0.021261659705939805, 0.05299960375106312]], "chi2_level": 0.95, "chi2_df": 3, "chi2_threshold": 7.814727903251179, "N_raw": 6, "N_roi": 6, "N_inlier": 6, "refit": true}
{"timestamp": "16:13:57.014287", "frame": 36, "mu": [1.703907864595231, 2.9454996588981524, 0.7819349888278891], "Sigma": [[0.004035271451482092, 0.003010038191605859, -0.0008800528661160698], [0.003010038191605859, 0.0028919958269107322, 0.0023148436910687404], [-0.0008800528661160694, 0.00231484369106874, 0.17768660781102813]], "chi2_level": 0.95, "chi2_df": 3, "chi2_threshold": 7.814727903251179, "N_raw": 9, "N_roi": 9, "N_inlier": 9, "refit": true}
{"timestamp": "16:13:57.069870", "frame": 37, "mu": [1.683060554486771, 3.0350559001726305, 1.2967659433910863], "Sigma": [[0.008545349968459792, -0.0032017645022756965, 0.0008935808879886811], [-0.003201764502275697, 0.0039030761840798496, -0.0009832486711931771], [0.000893580887988681, -0.0009832486711931771, 0.000250036478172013]], "chi2_level": 0.95, "chi2_df": 3, "chi2_threshold": 7.814727903251179, "N_raw": 16, "N_roi": 14, "N_inlier": 14, "refit": true}
{"timestamp": "16:13:57.178838", "frame": 39, "mu": [1.5763533313961857, 3.029761740774651, 1.3364946462125569], "Sigma": [[0.00011381759683472446, 0.0001360757506253818, -0.00043152998092241176], [0.00013607575062538174, 0.014051830821683145, 0.014928049147970442], [-0.00043152998092241187, 0.01492804914797044, 0.02011557062758146]], "chi2_level": 0.95, "chi2_df": 3, "chi2_threshold": 7.814727903251179, "N_raw": 5, "N_roi": 5, "N_inlier": 5, "refit": true}
{"timestamp": "16:13:57.236724", "frame": 40, "mu": [1.5406849905040612, 3.076162953177367, -0.06256500901795374], "Sigma": [[0.009428510100232166, -0.003372474065013408, -0.010161472617183667], [-0.003372474065013408, 0.00317302638539745, 0.004142789175995386], [-0.010161472617183667, 0.004142789175995386, 0.012437476683919995]], "chi2_level": 0.95, "chi2_df": 3, "chi2_threshold": 7.814727903251179, "N_raw": 22, "N_roi": 22, "N_inlier": 21, "refit": true}
{"timestamp": "16:13:57.289953", "frame": 41, "mu": [1.5852743046487747, 2.9709376555352343, 1.1209518496841149], "Sigma": [[0.004813277937661633, -0.002288295760170438, -0.002603080186460722], [-0.002288295760170438, 0.003808787086157525, -0.00019669444426096766], [-0.002603080186460722, -0.00019669444426096777, 0.0034805481868585785]], "chi2_level": 0.95, "chi2_df": 3, "chi2_threshold": 7.814727903251179, "N_raw": 13, "N_roi": 13, "N_inlier": 12, "refit": true}
{"timestamp": "16:13:57.345358", "frame": 42, "mu": [1.501895249312645, 2.8796028721111564, 0.9523786821294921], "Sigma": [[0.006888595599709976, -0.004447128344791973, -0.002992920935021676], [-0.004447128344791973, 0.003785738470651151, 0.0018843390914216854], [-0.002992920935021676, 0.0018843390914216854, 0.001847744226940978]], "chi2_level": 0.95, "chi2_df": 3, "chi2_threshold": 7.814727903251179, "N_raw": 14, "N_roi": 11, "N_inlier": 11, "refit": true}
{"timestamp": "16:13:57.405283", "frame": 43, "mu": [1.4183175762551838, 3.1189830918182104, -0.20845307561355858], "Sigma": [[0.013107571365490669, -0.002978163726529817, 0.01945290052921417], [-0.002978163726529818, 0.005569399881838097, -0.004681064184515116], [0.01945290052921417, -0.004681064184515115, 0.09595991033218362]], "chi2_level": 0.95, "chi2_df": 3, "chi2_threshold": 7.814727903251179, "N_raw": 49, "N_roi": 46, "N_inlier": 46, "refit": true}
{"timestamp": "16:13:57.454818", "frame": 44, "mu": [1.445629996367813, 2.9069155950051653, 0.9525293050533801], "Sigma": [[0.0055824982246526905, -0.00463020717778073, -0.006860726231964737], [-0.00463020717778073, 0.004588347868830632, 0.005646267228808021], [-0.006860726231964738, 0.005646267228808021, 0.010537216691415512]], "chi2_level": 0.95, "chi2_df": 3, "chi2_threshold": 7.814727903251179, "N_raw": 15, "N_roi": 12, "N_inlier": 10, "refit": true}
{"timestamp": "16:13:57.509803", "frame": 45, "mu": [1.4007587496381202, 2.928294406702182, 0.7866401813573315], "Sigma": [[0.003293730920932643, -0.001733506190160338, -0.01566316260042359], [-0.001733506190160338, 0.002859719543433827, 0.0031982833823416407], [-0.01566316260042359, 0.0031982833823416407, 0.1482363299120494]], "chi2_level": 0.95, "chi2_df": 3, "chi2_threshold": 7.814727903251179, "N_raw": 14, "N_roi": 12, "N_inlier": 12, "refit": true}
{"timestamp": "16:13:57.567594", "frame": 46, "mu": [1.300169874016234, 2.931931202371888, 0.7670579987098914], "Sigma": [[0.012125668059523866, -0.006106182675820859, -0.0042553061825079674], [-0.006106182675820859, 0.00392180280132625, 0.0006458904529172231], [-0.0042553061825079674, 0.0006458904529172231, 0.007823347880426683]], "chi2_level": 0.95, "chi2_df": 3, "chi2_threshold": 7.814727903251179, "N_raw": 29, "N_roi": 29, "N_inlier": 26, "refit": true}
{"timestamp": "16:13:57.620276", "frame": 47, "mu": [1.2733163853590608, 2.982320536175651, 0.5744163746902367], "Sigma": [[0.00435177796043969, -0.006127362520242536, 0.0070902472262192266], [-0.006127362520242536, 0.013791361979388307, -0.03566884123399716], [0.0070902472262192266, -0.03566884123399716, 0.17165413504112478]], "chi2_level": 0.95, "chi2_df": 3, "chi2_threshold": 7.814727903251179, "N_raw": 12, "N_roi": 12, "N_inlier": 11, "refit": true}
{"timestamp": "16:13:57.675062", "frame": 48, "mu": [1.2574078241852407, 2.910474951304529, 0.2826683784707643], "Sigma": [[0.002815823741809191, -0.000272481844327901, 0.0017800024167036533], [-0.000272481844327901, 0.004293475452711411, -0.018644423252215547], [0.0017800024167036533, -0.018644423252215547, 0.1822722948250947]], "chi2_level": 0.95, "chi2_df": 3, "chi2_threshold": 7.814727903251179, "N_raw": 9, "N_roi": 9, "N_inlier": 9, "refit": true}
{"timestamp": "16:13:57.735055", "frame": 49, "mu": [1.1334040755450705, 2.9795040110869584, 1.0038754741216993], "Sigma": [[0.01483466704853093, -0.009512790580213412, -0.01935490459684061], [-0.009512790580213412, 0.007436294673221082, 0.009858849298497271], [-0.01935490459684061, 0.009858849298497271, 0.03861197823866172]], "chi2_level": 0.95, "chi2_df": 3, "chi2_threshold": 7.814727903251179, "N_raw": 45, "N_roi": 45, "N_inlier": 40, "refit": true}
{"timestamp": "16:13:57.785502", "frame": 50, "mu": [1.0810812201526019, 2.933777264454978, 0.5914353077055682], "Sigma": [[0.007032818344148146, 0.00048816789222152113, -0.03908770100387053], [0.00048816789222152113, 0.0029330807075324365, 0.0017739762267965581], [-0.039087701003870524, 0.001773976226796559, 0.3017588135986193]], "chi2_level": 0.95, "chi2_df": 3, "chi2_threshold": 7.814727903251179, "N_raw": 10, "N_roi": 10, "N_inlier": 9, "refit": true}
{"timestamp": "16:13:57.842115", "frame": 51, "mu": [1.1204877881707287, 2.9480848504169206, 0.9397411486294125], "Sigma": [[0.010541951876933905, -0.003630623617218569, -0.0070522719719773325], [-0.003630623617218569, 0.0026578637517851917, -0.001058762600036448], [-0.007052271971977331, -0.001058762600036448, 0.0494893656614248]], "chi2_level": 0.95, "chi2_df": 3, "chi2_threshold": 7.814727903251179, "N_raw": 27, "N_roi": 27, "N_inlier": 24, "refit": true}
{"timestamp": "16:13:57.900227", "frame": 52, "mu": [0.9251377795384113, 2.981852986775745, 0.941114213151429], "Sigma": [[0.011834251319486901, -0.004648277295737373, -0.01516165996459503], [-0.004648277295737374, 0.0020422325336214436, 0.007143134389391405], [-0.01516165996459503, 0.007143134389391405, 0.1146050284143926]], "chi2_level": 0.95, "chi2_df": 3, "chi2_threshold": 7.814727903251179, "N_raw": 41, "N_roi": 38, "N_inlier": 35, "refit": true}
{"timestamp": "16:13:57.954534", "frame": 53, "mu": [0.8749174512483806, 2.9620114208307866, 1.0024158069277895], "Sigma": [[0.009392704728914228, -0.00304406134294754, -0.004343417485964509], [-0.00304406134294754, 0.007013345003474276, -0.009698695577077789], [-0.004343417485964509, -0.009698695577077789, 0.029929464498451634]], "chi2_level": 0.95, "chi2_df": 3, "chi2_threshold": 7.814727903251179, "N_raw": 38, "N_roi": 38, "N_inlier": 35, "refit": true}
{"timestamp": "16:13:58.007592", "frame": 54, "mu": [0.7972069629192424, 3.0235713646072764, 1.3662112939015187], "Sigma": [[0.010556671277338416, -0.003828500793156397, -0.01013307891994258], [-0.003828500793156397, 0.002598903255240827, 0.0026768694169651934], [-0.01013307891994258, 0.0026768694169651934, 0.011806502232753023]], "chi2_level": 0.95, "chi2_df": 3, "chi2_threshold": 7.814727903251179, "N_raw": 29, "N_roi": 28, "N_inlier": 25, "refit": true}
{"timestamp": "16:13:58.059686", "frame": 55, "mu": [0.7717236229355648, 2.928676146760993, 1.110462234772863], "Sigma": [[0.0022656802851147117, -0.0003055821652322145, -0.006209377426818384], [-0.0003055821652322146, 0.0008459488126217379, -0.0014259815930770113], [-0.006209377426818384, -0.0014259815930770113, 0.027801863726530925]], "chi2_level": 0.95, "chi2_df": 3, "chi2_threshold": 7.814727903251179, "N_raw": 8, "N_roi": 8, "N_inlier": 8, "refit": true}
{"timestamp": "16:13:58.117305", "frame": 56, "mu": [0.7245292888963792, 2.9138240788676786, 1.2720553655998943], "Sigma": [[0.009038713491089877, -0.0037541680550660624, -0.007668391494370631], [-0.003754168055066062, 0.004761828275237091, 0.0033000356338160433], [-0.007668391494370631, 0.0033000356338160433, 0.007487602236501045]], "chi2_level": 0.95, "chi2_df": 3, "chi2_threshold": 7.814727903251179, "N_raw": 38, "N_roi": 37, "N_inlier": 34, "refit": true}
{"timestamp": "16:13:58.174160", "frame": 57, "mu": [0.648514315311755, 3.004838322607143, -0.11377580066046736], "Sigma": [[0.00885828747314847, -0.0023229867297882368, -0.010095438525188877], [-0.0023229867297882368, 0.003523996939291201, 0.0025849472212156237], [-0.010095438525188877, 0.002584947221215624, 0.02200760817722614]], "chi2_level": 0.95, "chi2_df": 3, "chi2_threshold": 7.814727903251179, "N_raw": 33, "N_roi": 31, "N_inlier": 30, "refit": true}
{"timestamp": "16:13:58.233485", "frame": 58, "mu": [0.5939353395097279, 2.9284998092031387, 1.1817779880505888], "Sigma": [[0.013546311885178913, -0.002182321197353578, -0.00421106357813222], [-0.0021823211973535784, 0.007770118068172949, -0.00043937533391753613], [-0.00421106357813222, -0.00043937533391753624, 0.0024000489764532187]], "chi2_level": 0.95, "chi2_df": 3, "chi2_threshold": 7.814727903251179, "N_raw": 68, "N_roi": 67, "N_inlier": 65, "refit": true}
{"timestamp": "16:13:58.287160", "frame": 59, "mu": [0.5342296119166302, 2.9509783008660224, 1.228793560194005], "Sigma": [[0.011188596185814253, -0.007433625119180571, -0.012484491976599784], [-0.007433625119180571, 0.019531860935821634, 0.017353625229525278], [-0.012484491976599784, 0.017353625229525278, 0.024298717338952038]], "chi2_level": 0.95, "chi2_df": 3, "chi2_threshold": 7.814727903251179, "N_raw": 51, "N_roi": 49, "N_inlier": 45, "refit": true}
{"timestamp": "16:13:58.339522", "frame": 60, "mu": [0.4879283791452925, 2.915779361142178, 1.2590926385071046], "Sigma": [[0.007636188923502025, -0.0019161344188977562, -0.002993865504534643], [-0.0019161344188977562, 0.003425648171650359, -0.0005550762750453381], [-0.0029938655045346424, -0.0005550762750453382, 0.03299310634398702]], "chi2_level": 0.95, "chi2_df": 3, "chi2_threshold": 7.814727903251179, "N_raw": 38, "N_roi": 38, "N_inlier": 34, "refit": true}
{"timestamp": "16:13:58.394109", "frame": 61, "mu": [0.3439745385185433, 2.9866814769757215, 1.0301684524332453], "Sigma": [[0.0023889808977105137, -0.001788528167752106, 0.02163580776003509], [-0.0017885281677521064, 0.006125132750271769, 0.01560789261115846], [0.02163580776003509, 0.01560789261115846, 0.4505647180972766]], "chi2_level": 0.95, "chi2_df": 3, "chi2_threshold": 7.814727903251179, "N_raw": 10, "N_roi": 7, "N_inlier": 7, "refit": true}
{"timestamp": "16:13:58.445175", "frame": 62, "mu": [0.24276465252754814, 3.1847404983506857, -0.021107847839221955], "Sigma": [[0.000759873148626368, 0.00011936116431632271, 0.0009845308511866042], [0.00011936116431632271, 0.023076008584047788, -0.11554555207642762], [0.0009845308511866042, -0.11554555207642761, 0.6418724753585109]], "chi2_level": 0.95, "chi2_df": 3, "chi2_threshold": 7.814727903251179, "N_raw": 10, "N_roi": 10, "N_inlier": 10, "refit": true}
{"timestamp": "16:13:58.500918", "frame": 63, "mu": [0.2676957090758583, 2.989565883117492, 1.3776664569390342], "Sigma": [[0.001980012176788862, -0.0011501066972329026, -0.003263897075901647], [-0.0011501066972329026, 0.003894863861708918, -0.0007407003852865635], [-0.003263897075901647, -0.0007407003852865635, 0.017461315606159565]], "chi2_level": 0.95, "chi2_df": 3, "chi2_threshold": 7.814727903251179, "N_raw": 13, "N_roi": 10, "N_inlier": 9, "refit": true}
{"timestamp": "16:13:58.557700", "frame": 64, "mu": [0.32877660170753886, 3.1421660965899583, -0.37996019604599074], "Sigma": [[0.015020015005264644, 0.02393005927542173, -0.0667567934588871], [0.02393005927542173, 0.03876715509828896, -0.10676614176632995], [-0.0667567934588871, -0.10676614176632995, 0.2973040840420074]], "chi2_level": 0.95, "chi2_df": 3, "chi2_threshold": 7.814727903251179, "N_raw": 28, "N_roi": 5, "N_inlier": 5, "refit": true}
{"timestamp": "16:13:58.610161", "frame": 65, "mu": [0.318710365108094, 2.949128461288799, 0.6848312760999183], "Sigma": [[0.01865986094997501, -0.0011537274666570704, -0.07866103511584167], [-0.0011537274666570708, 0.001961506076342007, 0.0025102680666564984], [-0.07866103511584167, 0.0025102680666564976, 0.34401143052874644]], "chi2_level": 0.95, "chi2_df": 3, "chi2_threshold": 7.814727903251179, "N_raw": 10, "N_roi": 7, "N_inlier": 7, "refit": true}
{"timestamp": "16:13:58.669535", "frame": 66, "mu": [0.12699737629296365, 2.9794759599132177, 1.3742200255760402], "Sigma": [[0.010355499768795686, -0.0016830848686914637, -0.0062947089742708216], [-0.0016830848686914643, 0.0053137797668650994, 0.003782946005021235], [-0.0062947089742708216, 0.0037829460050212353, 0.006152551065195061]], "chi2_level": 0.95, "chi2_df": 3, "chi2_threshold": 7.814727903251179, "N_raw": 44, "N_roi": 42, "N_inlier": 41, "refit": true}
{"timestamp": "16:13:58.719345", "frame": 67, "mu": [0.05577539554869024, 2.980360226624066, 1.0286365208848214], "Sigma": [[0.0051626764984722935, -0.006670882344108172, -0.02988549509467325], [-0.006670882344108172, 0.00942649339000636, 0.026115995954528837], [-0.02988549509467325, 0.026115995954528837, 0.37696213013320556]], "chi2_level": 0.95, "chi2_df": 3, "chi2_threshold": 7.814727903251179, "N_raw": 9, "N_roi": 7, "N_inlier": 6, "refit": true}
{"timestamp": "16:13:58.783578", "frame": 68, "mu": [0.04218936376813971, 3.1644230693604642, -0.23608197848609572], "Sigma": [[0.012837953465437228, -0.005669910933732024, 0.0034812159121873996], [-0.005669910933732025, 0.03166779166792304, -0.0784486802850802], [0.0034812159121873952, -0.07844868028508022, 0.2444882174800492]], "chi2_level": 0.95, "chi2_df": 3, "chi2_threshold": 7.814727903251179, "N_raw": 77, "N_roi": 77, "N_inlier": 75, "refit": true}
{"timestamp": "16:13:58.834582", "frame": 69, "mu": [-0.0673786126577888, 3.0734472659194143, 0.08383884799154208], "Sigma": [[0.00850492086883796, -0.0014153313756485083, -0.005472901528958298], [-0.0014153313756485083, 0.005386324595186071, -0.0015697302769650044], [-0.005472901528958298, -0.0015697302769650044, 0.02489124531048237]], "chi2_level": 0.95, "chi2_df": 3, "chi2_threshold": 7.814727903251179, "N_raw": 42, "N_roi": 42, "N_inlier": 39, "refit": true}
{"timestamp": "16:13:58.888380", "frame": 70, "mu": [-0.3682849140425269, 2.934619431105705, 0.026073488929501985], "Sigma": [[0.01528540712071349, 0.0006770781928651448, 0.010836829191657044], [0.0006770781928651448, 0.0014647354867594138, -0.00030297175299335194], [0.010836829191657045, -0.00030297175299335194, 0.056249084330810946]], "chi2_level": 0.95, "chi2_df": 3, "chi2_threshold": 7.814727903251179, "N_raw": 35, "N_roi": 35, "N_inlier": 30, "refit": true}
{"timestamp": "16:13:58.946763", "frame": 71, "mu": [-0.19026020064877563, 2.9907977169785576, 1.391787656601807], "Sigma": [[0.012331127178546694, -0.0023892044717121483, -0.007953606465098125], [-0.002389204471712149, 0.006215164794215861, 0.003426181115674419], [-0.007953606465098125, 0.003426181115674419, 0.006578823764995866]], "chi2_level": 0.95, "chi2_df": 3, "chi2_threshold": 7.814727903251179, "N_raw": 52, "N_roi": 52, "N_inlier": 48, "refit": true}
{"timestamp": "16:13:58.998244", "frame": 72, "mu": [-0.2280654884746056, 2.976341558963848, 1.4288107241521184], "Sigma": [[0.009089475081949032, -0.0016722235922908503, -0.00896700676091116], [-0.0016722235922908505, 0.003682319531717198, 0.002536723797110617], [-0.008967006760911162, 0.0025367237971106174, 0.010081642598507379]], "chi2_level": 0.95, "chi2_df": 3, "chi2_threshold": 7.814727903251179, "N_raw": 36, "N_roi": 35, "N_inlier": 31, "refit": true}
{"timestamp": "16:13:59.056811", "frame": 73, "mu": [-0.33869094113714404, 2.958653315350655, 1.2022132026757406], "Sigma": [[0.019845261565199213, -0.0021262110321477855, 0.033324097736568664], [-0.0021262110321477855, 0.004521373024224467, 0.003060617597150583], [0.033324097736568664, 0.003060617597150583, 0.2710334179897528]], "chi2_level": 0.95, "chi2_df": 3, "chi2_threshold": 7.814727903251179, "N_raw": 52, "N_roi": 48, "N_inlier": 48, "refit": true}
{"timestamp": "16:13:59.108485", "frame": 74, "mu": [-0.3899658732834875, 2.9697735541736483, 1.4722708668812543], "Sigma": [[0.012758574354294389, -0.0010957493500530398, -0.007828880262057556], [-0.0010957493500530398, 0.004109007023392512, 0.0034178926671635723], [-0.007828880262057556, 0.0034178926671635723, 0.007927467365501522]], "chi2_level": 0.95, "chi2_df": 3, "chi2_threshold": 7.814727903251179, "N_raw": 38, "N_roi": 37, "N_inlier": 35, "refit": true}
{"timestamp": "16:13:59.160403", "frame": 75, "mu": [-0.3206586369156102, 2.9748525572974525, 0.6943599610478647], "Sigma": [[0.013572813046843135, 0.0014455649611557337, -0.08036700376618043], [0.0014455649611557337, 0.004087965964188196, -0.007372013199495026], [-0.08036700376618043, -0.007372013199495025, 0.4900300498084143]], "chi2_level": 0.95, "chi2_df": 3, "chi2_threshold": 7.814727903251179, "N_raw": 10, "N_roi": 8, "N_inlier": 8, "refit": true}
{"timestamp": "16:13:59.222115", "frame": 76, "mu": [-0.5101168720378515, 2.9702852496521697, 1.5596337098372095], "Sigma": [[0.01576931926402916, 0.0007537295193463512, -0.00675577287750394], [0.0007537295193463512, 0.004227172843968394, -3.6498996596679356e-06], [-0.00675577287750394, -3.649899659668044e-06, 0.0035290865431355503]], "chi2_level": 0.95, "chi2_df": 3, "chi2_threshold": 7.814727903251179, "N_raw": 57, "N_roi": 53, "N_inlier": 49, "refit": true}
{"timestamp": "16:13:59.276921", "frame": 77, "mu": [-0.5500174897335692, 2.954817003491867, 1.404517307210786], "Sigma": [[0.017998709271173002, 0.0017108165961078324, -0.01049831921060845], [0.0017108165961078324, 0.004688650213029658, -0.0022471077741068922], [-0.01049831921060845, -0.0022471077741068922, 0.007645918657000424]], "chi2_level": 0.95, "chi2_df": 3, "chi2_threshold": 7.814727903251179, "N_raw": 59, "N_roi": 59, "N_inlier": 57, "refit": true}
{"timestamp": "16:13:59.333570", "frame": 78, "mu": [-0.5864732210857448, 2.919290410216144, 1.384557560869687], "Sigma": [[0.015411083780809177, 0.0018092739117638954, -0.010671821725817892], [0.0018092739117638954, 0.0065436160283903755, -0.0031027529646906467], [-0.010671821725817892, -0.0031027529646906462, 0.01062716907736566]], "chi2_level": 0.95, "chi2_df": 3, "chi2_threshold": 7.814727903251179, "N_raw": 69, "N_roi": 65, "N_inlier": 64, "refit": true}
{"timestamp": "16:13:59.389705", "frame": 79, "mu": [-0.6687126976362241, 2.917317406969691, 1.3183994069555836], "Sigma": [[0.01354871894563807, -0.0011236843218796865, -0.016952007830593592], [-0.0011236843218796863, 0.007056253305078026, -0.0026752376999523847], [-0.01695200783059359, -0.0026752376999523843, 0.03746591461474262]], "chi2_level": 0.95, "chi2_df": 3, "chi2_threshold": 7.814727903251179, "N_raw": 77, "N_roi": 77, "N_inlier": 75, "refit": true}
{"timestamp": "16:13:59.445238", "frame": 80, "mu": [-0.7354930978351539, 2.8962426002720982, 1.4347996335681545], "Sigma": [[0.01346592039301126, -0.0002739627639295352, -0.008571564962537383], [-0.0002739627639295353, 0.008352715177195406, 0.003198835847622874], [-0.008571564962537383, 0.0031988358476228744, 0.007117216620926791]], "chi2_level": 0.95, "chi2_df": 3, "chi2_threshold": 7.814727903251179, "N_raw": 73, "N_roi": 69, "N_inlier": 64, "refit": true}
{"timestamp": "16:13:59.496303", "frame": 81, "mu": [-0.7725542835068886, 2.862415245033793, 1.3911448696160151], "Sigma": [[0.010755507993472914, -0.0018095330827605366, -0.01198478602168054], [-0.0018095330827605362, 0.006429372410618551, 0.009220886312170263], [-0.01198478602168054, 0.009220886312170263, 0.028146513712065602]], "chi2_level": 0.95, "chi2_df": 3, "chi2_threshold": 7.814727903251179, "N_raw": 48, "N_roi": 44, "N_inlier": 38, "refit": true}
{"timestamp": "16:13:59.554417", "frame": 82, "mu": [-0.8154188001037189, 2.912910663864702, 1.3721107620233424], "Sigma": [[0.013583057553225164, -0.00046721400098121996, -0.010103059629030485], [-0.00046721400098122007, 0.00862305200243495, 0.0014313177551875857], [-0.010103059629030485, 0.0014313177551875853, 0.010261977403861372]], "chi2_level": 0.95, "chi2_df": 3, "chi2_threshold": 7.814727903251179, "N_raw": 75, "N_roi": 72, "N_inlier": 67, "refit": true}
{"timestamp": "16:13:59.605653", "frame": 83, "mu": [-0.9138712817715373, 3.0055378934920327, -0.14721937041273978], "Sigma": [[0.011651100199105925, 0.006198861440206484, 0.013765925420361085], [0.006198861440206484, 0.007574366101293926, 0.009864070066298566], [0.013765925420361083, 0.009864070066298566, 0.08794597021601683]], "chi2_level": 0.95, "chi2_df": 3, "chi2_threshold": 7.814727903251179, "N_raw": 42, "N_roi": 41, "N_inlier": 37, "refit": true}
{"timestamp": "16:13:59.663127", "frame": 84, "mu": [-0.9595958361950543, 2.9289493280039856, 1.3605878594355358], "Sigma": [[0.011735910003718162, 0.001249635490054498, -0.015425351101490861], [0.001249635490054498, 0.008179414573701754, -0.0018823437018989945], [-0.01542535110149086, -0.0018823437018989945, 0.02557746546266273]], "chi2_level": 0.95, "chi2_df": 3, "chi2_threshold": 7.814727903251179, "N_raw": 66, "N_roi": 64, "N_inlier": 60, "refit": true}
{"timestamp": "16:13:59.714902", "frame": 85, "mu": [-1.0111955892987021, 2.9351892147505865, 1.395365725465114], "Sigma": [[0.010113194796703301, 0.00026339664146380064, -0.019352373071531516], [0.00026339664146380075, 0.0036422973995369925, 0.00034830591618422227], [-0.019352373071531512, 0.00034830591618422227, 0.05425436298509754]], "chi2_level": 0.95, "chi2_df": 3, "chi2_threshold": 7.814727903251179, "N_raw": 38, "N_roi": 38, "N_inlier": 34, "refit": true}
{"timestamp": "16:13:59.769067", "frame": 86, "mu": [-1.017288655305838, 2.859376433116473, 1.2246826137125353], "Sigma": [[0.010147125450456158, -6.942326601491085e-05, -0.006732129055662903], [-6.942326601491072e-05, 0.004387511559212095, -0.0007262302756967623], [-0.006732129055662903, -0.0007262302756967623, 0.006563131484481154]], "chi2_level": 0.95, "chi2_df": 3, "chi2_threshold": 7.814727903251179, "N_raw": 44, "N_roi": 44, "N_inlier": 41, "refit": true}
{"timestamp": "16:13:59.829605", "frame": 87, "mu": [-1.085856800677666, 2.9605436901956197, -0.581935807384272], "Sigma": [[0.015589593539197264, 0.006173922066366426, 0.015936601608324087], [0.006173922066366426, 0.014015120485628637, 0.018209443960372915], [0.015936601608324087, 0.018209443960372915, 0.0718374328793176]], "chi2_level": 0.95, "chi2_df": 3, "chi2_threshold": 7.814727903251179, "N_raw": 73, "N_roi": 69, "N_inlier": 67, "refit": true}
{"timestamp": "16:13:59.881524", "frame": 88, "mu": [-1.0932255037615843, 2.918566350272712, 1.0703205124519102], "Sigma": [[0.015480112183309132, -0.0011564188422171398, -0.04935508595705566], [-0.0011564188422171402, 0.010094557633483742, 0.007144643704156431], [-0.049355085957055664, 0.007144643704156429, 0.21117958848501364]], "chi2_level": 0.95, "chi2_df": 3, "chi2_threshold": 7.814727903251179, "N_raw": 54, "N_roi": 54, "N_inlier": 52, "refit": true}
{"timestamp": "16:13:59.936974", "frame": 89, "mu": [-1.113440686348493, 2.8755847954371223, 0.983061308164534], "Sigma": [[0.011350571308653792, 0.0004619707018080855, -0.014137908781350728], [0.0004619707018080856, 0.0030113665866681174, -0.004429728285447854], [-0.01413790878135073, -0.004429728285447854, 0.026421851026958258]], "chi2_level": 0.95, "chi2_df": 3, "chi2_threshold": 7.814727903251179, "N_raw": 46, "N_roi": 43, "N_inlier": 43, "refit": true}
{"timestamp": "16:13:59.988489", "frame": 90, "mu": [-1.2207178415522124, 2.831975508311383, 0.9919942312367883], "Sigma": [[0.009505495812496989, -0.0015335831550990337, 0.002321854830607109], [-0.0015335831550990341, 0.003265710431440685, -0.011494803721404781], [0.0023218548306071095, -0.011494803721404781, 0.10473788689499153]], "chi2_level": 0.95, "chi2_df": 3, "chi2_threshold": 7.814727903251179, "N_raw": 30, "N_roi": 28, "N_inlier": 26, "refit": true}
{"timestamp": "16:14:00.047566", "frame": 91, "mu": [-1.2859476559376397, 2.896398271162795, 1.1286381551469562], "Sigma": [[0.019059220604461774, -0.0027897996091844927, -0.018658748726758136], [-0.002789799609184493, 0.009553997094880843, 0.005796591504779751], [-0.018658748726758136, 0.005796591504779752, 0.02147903496110429]], "chi2_level": 0.95, "chi2_df": 3, "chi2_threshold": 7.814727903251179, "N_raw": 62, "N_roi": 62, "N_inlier": 61, "refit": true}
{"timestamp": "16:14:00.100407", "frame": 92, "mu": [-1.2421843813661464, 2.825920474618569, 1.003391020527274], "Sigma": [[0.014010391642617035, 0.004561464734459281, -0.010859750548844074], [0.004561464734459281, 0.003262953839173138, -0.007591652743748735], [-0.010859750548844072, -0.007591652743748735, 0.02033396967356539]], "chi2_level": 0.95, "chi2_df": 3, "chi2_threshold": 7.814727903251179, "N_raw": 49, "N_roi": 49, "N_inlier": 48, "refit": true}
{"timestamp": "16:14:00.149466", "frame": 93, "mu": [-1.490299931486185, 2.8908295709422345, 1.5213396153198295], "Sigma": [[0.007468309716454467, -0.004360606384872586, -0.008087709082393557], [-0.004360606384872586, 0.004453355099849089, 0.006677997008324058], [-0.008087709082393557, 0.006677997008324058, 0.013836570339879265]], "chi2_level": 0.95, "chi2_df": 3, "chi2_threshold": 7.814727903251179, "N_raw": 7, "N_roi": 7, "N_inlier": 7, "refit": true}
{"timestamp": "16:14:00.209138", "frame": 94, "mu": [-1.6262281214460865, 2.8823477573562233, 1.5707434163518381], "Sigma": [[0.015384005632608843, 0.004242918214972685, -0.01594284200154729], [0.004242918214972685, 0.004234523130228189, -0.005671842213217915], [-0.015942842001547285, -0.005671842213217916, 0.0224931318545731]], "chi2_level": 0.95, "chi2_df": 3, "chi2_threshold": 7.814727903251179, "N_raw": 43, "N_roi": 39, "N_inlier": 36, "refit": true}
{"timestamp": "16:14:00.269205", "frame": 95, "mu": [-1.6330123292407788, 2.874795860599059, 1.4944127462606007], "Sigma": [[0.017210937984134603, 0.0036750421725263967, -0.019105495337202443], [0.0036750421725263967, 0.004383790909821659, -0.005102715611755942], [-0.019105495337202443, -0.005102715611755943, 0.023495136010080624]], "chi2_level": 0.95, "chi2_df": 3, "chi2_threshold": 7.814727903251179, "N_raw": 45, "N_roi": 45, "N_inlier": 40, "refit": true}
{"timestamp": "16:14:00.318242", "frame": 96, "mu": [-1.4887445063066431, 2.877596616576972, 0.9683387261582126], "Sigma": [[0.03872765801596763, 0.01903302855792955, -0.09666452236261028], [0.01903302855792955, 0.01266400766429795, -0.050174467312645125], [-0.09666452236261028, -0.05017446731264513, 0.25772672826015575]], "chi2_level": 0.95, "chi2_df": 3, "chi2_threshold": 7.814727903251179, "N_raw": 30, "N_roi": 28, "N_inlier": 27, "refit": true}
{"timestamp": "16:14:00.373307", "frame": 97, "mu": [-1.621963815835903, 2.8982997384774, 1.12571139887516], "Sigma": [[0.013033431297103633, 0.005242939588593596, -0.035798891581641144], [0.005242939588593596, 0.003934477026415975, -0.01976093058575963], [-0.03579889158164115, -0.01976093058575963, 0.12447981004786828]], "chi2_level": 0.95, "chi2_df": 3, "chi2_threshold": 7.814727903251179, "N_raw": 31, "N_roi": 30, "N_inlier": 28, "refit": true}
{"timestamp": "16:14:00.433369", "frame": 98, "mu": [-1.6100433480900382, 2.9121150036484473, 0.7157601682431032], "Sigma": [[0.03747043748294796, 0.022193175411381445, -0.10031742888400279], [0.022193175411381445, 0.019019289773512627, -0.08054030651682947], [-0.1003174288840028, -0.08054030651682946, 0.38251971443711535]], "chi2_level": 0.95, "chi2_df": 3, "chi2_threshold": 7.814727903251179, "N_raw": 65, "N_roi": 62, "N_inlier": 60, "refit": true}
{"timestamp": "16:14:00.491983", "frame": 99, "mu": [-1.7694236204092406, 2.8637565026637053, 0.957681810089183], "Sigma": [[0.027271302411207975, 0.015589354686263603, -0.06265706982741207], [0.015589354686263603, 0.01788986649700063, -0.06678491416018786], [-0.06265706982741207, -0.06678491416018786, 0.3246403127712891]], "chi2_level": 0.95, "chi2_df": 3, "chi2_threshold": 7.814727903251179, "N_raw": 93, "N_roi": 93, "N_inlier": 92, "refit": true}
{"timestamp": "16:14:00.604132", "frame": 100, "mu": [-1.909138890424919, 2.7648041756293478, 1.3104001819931241], "Sigma": [[0.01581998131781712, 0.008833319766045348, -0.03937712476453951], [0.00883331976604535, 0.015147959448252023, -0.042454023289497336], [-0.03937712476453951, -0.042454023289497336, 0.23589074702601864]], "chi2_level": 0.95, "chi2_df": 3, "chi2_threshold": 7.814727903251179, "N_raw": 53, "N_roi": 53, "N_inlier": 52, "refit": true}
{"timestamp": "16:14:00.646995", "frame": 101, "mu": [-1.9564249590824134, 2.721403153293199, 1.4232411857615461], "Sigma": [[0.011867181987772849, 0.006627296793196562, -0.011746114295694155], [0.006627296793196561, 0.00850744562977957, -0.007732254106810497], [-0.011746114295694155, -0.007732254106810498, 0.01412877041790203]], "chi2_level": 0.95, "chi2_df": 3, "chi2_threshold": 7.814727903251179, "N_raw": 38, "N_roi": 38, "N_inlier": 36, "refit": true}
{"timestamp": "16:14:00.789878", "frame": 102, "mu": [-1.9759652073818956, 2.709312713851992, 1.3424415589284273], "Sigma": [[0.000768126247109156, 0.0012722562740949742, -0.0008136840619295722], [0.0012722562740949744, 0.010145111363307783, -0.006924520591799408], [-0.0008136840619295722, -0.006924520591799408, 0.006020385506919561]], "chi2_level": 0.95, "chi2_df": 3, "chi2_threshold": 7.814727903251179, "N_raw": 5, "N_roi": 5, "N_inlier": 5, "refit": true}
{"timestamp": "16:14:00.821063", "frame": 103, "mu": [-2.0632202631007805, 2.7643694923138376, 1.4280628916590319], "Sigma": [[0.013691792734298552, 0.007970943837213907, -0.0209393105315253], [0.007970943837213907, 0.009467353819036963, -0.01645320182015532], [-0.0209393105315253, -0.01645320182015532, 0.039445498897268366]], "chi2_level": 0.95, "chi2_df": 3, "chi2_threshold": 7.814727903251179, "N_raw": 48, "N_roi": 45, "N_inlier": 44, "refit": true}
{"timestamp": "16:14:00.867338", "frame": 104, "mu": [-2.200468308139474, 2.66618842495015, 1.6698018064478093], "Sigma": [[0.013167455752095407, 0.0065662659596349635, -0.01278423521976079], [0.0065662659596349635, 0.007356090090280756, -0.004077709910401223], [-0.01278423521976079, -0.004077709910401223, 0.01523485116937341]], "chi2_level": 0.95, "chi2_df": 3, "chi2_threshold": 7.814727903251179, "N_raw": 37, "N_roi": 32, "N_inlier": 30, "refit": true}
{"timestamp": "16:14:00.896061", "frame": 105, "mu": [-2.2022512471500826, 2.736576571548808, 1.6008910471233222], "Sigma": [[0.012398190511283047, 0.0068207319659064625, -0.015229211475806602], [0.0068207319659064625, 0.008746051006086936, -0.007954878166331072], [-0.015229211475806602, -0.007954878166331074, 0.02063016841069118]], "chi2_level": 0.95, "chi2_df": 3, "chi2_threshold": 7.814727903251179, "N_raw": 35, "N_roi": 35, "N_inlier": 33, "refit": true}
{"timestamp": "16:14:00.933752", "frame": 106, "mu": [-2.2079905915250224, 2.692971947164338, 1.4365359530193398], "Sigma": [[0.007720828802053508, 0.0051929894588312545, -0.00729111714839056], [0.0051929894588312545, 0.007573005949863228, -0.007826441350859428], [-0.007291117148390561, -0.007826441350859428, 0.011285468786987211]], "chi2_level": 0.95, "chi2_df": 3, "chi2_threshold": 7.814727903251179, "N_raw": 33, "N_roi": 27, "N_inlier": 26, "refit": true}
{"timestamp": "16:14:00.980649", "frame": 107, "mu": [-2.22097593841443, 2.6899784988536513, 1.34985428990786], "Sigma": [[0.001123193675138436, 0.0005840097725873013, -0.0020316899584993803], [0.0005840097725873011, 0.01192759678255889, -0.012253916792350616], [-0.0020316899584993803, -0.012253916792350618, 0.015073750842034633]], "chi2_level": 0.95, "chi2_df": 3, "chi2_threshold": 7.814727903251179, "N_raw": 12, "N_roi": 10, "N_inlier": 8, "refit": true}
{"timestamp": "16:14:01.005406", "frame": 108, "mu": [-2.31572701457782, 2.787117479570935, 1.4617413689285328], "Sigma": [[0.007220981149250835, 0.005517258272935078, -0.012637138708409424], [0.005517258272935078, 0.007945497174646548, -0.010739167824464662], [-0.012637138708409424, -0.010739167824464662, 0.027973117413416827]], "chi2_level": 0.95, "chi2_df": 3, "chi2_threshold": 7.814727903251179, "N_raw": 15, "N_roi": 12, "N_inlier": 11, "refit": true}
{"timestamp": "16:14:01.031065", "frame": 109, "mu": [-2.342000926688371, 2.775540890059801, 1.346577029911743], "Sigma": [[0.008436528268861244, 0.0036615366818606313, -0.009712974589799125], [0.0036615366818606313, 0.0035507095846203035, -0.005466249133882348], [-0.009712974589799125, -0.005466249133882348, 0.01825145034695336]], "chi2_level": 0.95, "chi2_df": 3, "chi2_threshold": 7.814727903251179, "N_raw": 24, "N_roi": 22, "N_inlier": 19, "refit": true}
{"timestamp": "16:14:01.087721", "frame": 110, "mu": [-2.415266848621534, 2.8073616745042207, 1.4902433754989748], "Sigma": [[0.00195703094893763, 0.0013373889301780204, -0.0005796598988244918], [0.0013373889301780202, 0.004243560567846986, -0.003875858342518337], [-0.0005796598988244916, -0.0038758583425183377, 0.004453890334740026]], "chi2_level": 0.95, "chi2_df": 3, "chi2_threshold": 7.814727903251179, "N_raw": 32, "N_roi": 8, "N_inlier": 7, "refit": true}
{"timestamp": "16:14:01.148550", "frame": 111, "mu": [-2.406276843993174, 2.778016264195565, 1.3873919449424301], "Sigma": [[0.0035218747290182133, 0.002269586565017595, -0.003201980599003511], [0.002269586565017595, 0.007925593038667581, -0.0034539980003828368], [-0.003201980599003511, -0.0034539980003828368, 0.018567566810661306]], "chi2_level": 0.95, "chi2_df": 3, "chi2_threshold": 7.814727903251179, "N_raw": 73, "N_roi": 21, "N_inlier": 19, "refit": true}
{"timestamp": "16:14:01.195078", "frame": 112, "mu": [-2.121281193985808, 2.50690164741511, -0.13130642914814117], "Sigma": [[0.6525414390464344, -0.8027964802231369, 0.023202707854100252], [-0.8027964802231369, 1.0197286346390637, -0.09087044668133115], [0.023202707854100266, -0.09087044668133115, 0.12575512090681784]], "chi2_level": 0.95, "chi2_df": 3, "chi2_threshold": 7.814727903251179, "N_raw": 9, "N_roi": 5, "N_inlier": 5, "refit": true}
{"timestamp": "16:14:01.310813", "frame": 114, "mu": [-2.4300595947124983, 2.7429500050006217, 1.2262469903864623], "Sigma": [[0.0015332033597856474, 0.0021653158791734516, -0.0005874876247149293], [0.002165315879173451, 0.00537419440148474, -0.001468819635634412], [-0.0005874876247149293, -0.001468819635634412, 0.0004025471249615016]], "chi2_level": 0.95, "chi2_df": 3, "chi2_threshold": 7.814727903251179, "N_raw": 49, "N_roi": 8, "N_inlier": 8, "refit": true}
{"timestamp": "16:14:01.366985", "frame": 115, "mu": [-2.456768959192864, 2.7685712886395355, 1.1728698453216135], "Sigma": [[0.0006533711654028727, 0.00033539144951999245, -0.0011918436477032026], [0.00033539144951999256, 0.0040761207154717954, -0.002302520930216433], [-0.0011918436477032029, -0.002302520930216433, 0.0037391751615359703]], "chi2_level": 0.95, "chi2_df": 3, "chi2_threshold": 7.814727903251179, "N_raw": 60, "N_roi": 6, "N_inlier": 6, "refit": true}
{"timestamp": "16:14:01.533624", "frame": 118, "mu": [-2.4185491838418787, 2.9557300534583706, 0.497466506384596], "Sigma": [[0.0028774921494095357, 0.0011883987888879838, -0.001999868562693159], [0.0011883987888879838, 0.0020827731881675467, -0.0026972166496486713], [-0.001999868562693159, -0.0026972166496486713, 0.007199458722895755]], "chi2_level": 0.95, "chi2_df": 3, "chi2_threshold": 7.814727903251179, "N_raw": 85, "N_roi": 14, "N_inlier": 14, "refit": true}
