{"timestamp": "15:51:15.198727", "frame": 19, "mu": [2.034398725644767, 1.5988030422299955, 1.559698305349055], "Sigma": [[0.5884186255038476, 0.41303769531336976, -0.14786798531564596], [0.41303769531336976, 0.29147512918891405, -0.10435528325112674], [-0.14786798531564596, -0.10435528325112674, 0.03736385674767774]], "chi2_level": 0.95, "chi2_df": 3, "chi2_threshold": 7.814727903251179, "N_raw": 6, "N_roi": 5, "N_inlier": 5, "refit": true}
{"timestamp": "15:51:15.363920", "frame": 22, "mu": [2.1129159096867114, 2.0113621860369024, 0.9046132175456916], "Sigma": [[0.0016344073475912178, 0.0007967096603530226, 0.012602302339575955], [0.0007967096603530227, 0.004791722893829155, -0.013262708448644946], [0.012602302339575953, -0.013262708448644946, 0.5566617208619504]], "chi2_level": 0.95, "chi2_df": 3, "chi2_threshold": 7.814727903251179, "N_raw": 7, "N_roi": 7, "N_inlier": 7, "refit": true}
{"timestamp": "15:51:15.420702", "frame": 23, "mu": [2.096268652617086, 2.0138439879303576, 1.175643373908751], "Sigma": [[0.0010760453399640522, -0.0020003921373026655, -0.0015411411100422667], [-0.002000392137302665, 0.012762791284374225, -0.006545577212967788], [-0.0015411411100422646, -0.00654557721296779, 0.41651895313910514]], "chi2_level": 0.95, "chi2_df": 3, "chi2_threshold": 7.814727903251179, "N_raw": 11, "N_roi": 7, "N_inlier": 6, "refit": true}
{"timestamp": "15:51:15.585329", "frame": 26, "mu": [1.884559918348022, 2.0730659615149505, 1.4551280955140455], "Sigma": [[0.002901176538799625, -0.0012194203120752137, -0.00011656160692703657], [-0.0012194203120752135, 0.004407836434337499, 0.0018734122894810284], [-0.00011656160692703667, 0.0018734122894810284, 0.001317201298179536]], "chi2_level": 0.95, "chi2_df": 3, "chi2_threshold": 7.814727903251179, "N_raw": 11, "N_roi": 11, "N_inlier": 10, "refit": true}
{"timestamp": "15:51:15.639537", "frame": 27, "mu": [1.558581773257487, 1.918171838609507, 1.6491429686286425], "Sigma": [[0.3567229101834045, 0.41772566639147235, -0.12167011990014497], [0.41772566639147235, 0.4913425433242319, -0.13743256788044944], [-0.12167011990014495, -0.13743256788044944, 0.054062758238354165]], "chi2_level": 0.95, "chi2_df": 3, "chi2_threshold": 7.814727903251179, "N_raw": 5, "N_roi": 5, "N_inlier": 5, "refit": true}
{"timestamp": "15:51:15.694247", "frame": 28, "mu": [1.7759285265796076, 2.2305956011361934, 1.517940129468043], "Sigma": [[0.0021024077292306057, 0.0006242835886490983, -0.009940025241485673], [0.0006242835886490984, 0.002361466603071834, 0.002980721402630812], [-0.009940025241485672, 0.002980721402630812, 0.06429069905854672]], "chi2_level": 0.95, "chi2_df": 3, "chi2_threshold": 7.814727903251179, "N_raw": 5, "N_roi": 5, "N_inlier": 5, "refit": true}
{"timestamp": "15:51:15.751087", "frame": 29, "mu": [1.6979078453136693, 2.294710070965067, 1.5479311751119595], "Sigma": [[0.004890872664223416, -0.003201856230219801, -0.0015193661041122365], [-0.003201856230219801, 0.006115825282409414, 0.001505977640969309], [-0.0015193661041122363, 0.0015059776409693092, 0.0022202633948319415]], "chi2_level": 0.95, "chi2_df": 3, "chi2_threshold": 7.814727903251179, "N_raw": 24, "N_roi": 24, "N_inlier": 23, "refit": true}
{"timestamp": "15:51:15.806211", "frame": 30, "mu": [1.6304557591658069, 2.3770574383814655, 1.6952815890359072], "Sigma": [[0.0026740652325903114, 0.0039892810502647836, 0.0029256209138177757], [0.0039892810502647836, 0.0074335680621608795, 0.008337331963558528], [0.0029256209138177752, 0.008337331963558528, 0.014163479381141977]], "chi2_level": 0.95, "chi2_df": 3, "chi2_threshold": 7.814727903251179, "N_raw": 6, "N_roi": 6, "N_inlier": 5, "refit": true}
{"timestamp": "15:51:15.864931", "frame": 31, "mu": [1.5700170627282157, 2.412248065763266, 1.6071040488009434], "Sigma": [[0.007162797631810237, -0.0026548070159556287, -0.00026977903182648746], [-0.0026548070159556287, 0.006370025994650869, 0.004181705403515873], [-0.0002697790318264875, 0.004181705403515873, 0.003918011851885187]], "chi2_level": 0.95, "chi2_df": 3, "chi2_threshold": 7.814727903251179, "N_raw": 36, "N_roi": 34, "N_inlier": 31, "refit": true}
{"timestamp": "15:51:15.974856", "frame": 33, "mu": [1.4763842910824874, 2.5589927019264467, -0.12617591683969148], "Sigma": [[0.009104762059627987, -0.002559834810945124, 0.02146842230062806], [-0.002559834810945124, 0.003885745160353463, -0.009800512865240384], [0.021468422300628065, -0.009800512865240384, 0.08673854320777438]], "chi2_level": 0.95, "chi2_df": 3, "chi2_threshold": 7.814727903251179, "N_raw": 33, "N_roi": 33, "N_inlier": 32, "refit": true}
{"timestamp": "15:51:16.028623", "frame": 34, "mu": [1.489492891437358, 2.53618315256114, 1.365564138626545], "Sigma": [[0.00491751132152326, -0.0031150797868369174, -0.01699448704574933], [-0.0031150797868369174, 0.005689784619833626, 0.024681928489000977], [-0.01699448704574933, 0.024681928489000977, 0.12115650511711003]], "chi2_level": 0.95, "chi2_df": 3, "chi2_threshold": 7.814727903251179, "N_raw": 15, "N_roi": 15, "N_inlier": 13, "refit": true}
{"timestamp": "15:51:16.083210", "frame": 35, "mu": [1.4227513181753622, 2.6308376762486185, 1.3822227356420296], "Sigma": [[0.005677138083280385, -0.004517438490955362, -0.01455251174249156], [-0.004517438490955362, 0.006377311067308836, 0.011447576281645621], [-0.01455251174249156, 0.011447576281645621, 0.05073776654824019]], "chi2_level": 0.95, "chi2_df": 3, "chi2_threshold": 7.814727903251179, "N_raw": 18, "N_roi": 18, "N_inlier": 17, "refit": true}
{"timestamp": "15:51:16.139798", "frame": 36, "mu": [1.4162119199829302, 2.535539113273928, 1.1297354091462164], "Sigma": [[0.0069373170363892425, -0.0034733662652782792, -0.0066706777820371745], [-0.003473366265278279, 0.002740909855789524, 0.0008415950595303937], [-0.006670677782037174, 0.0008415950595303935, 0.023773724265738996]], "chi2_level": 0.95, "chi2_df": 3, "chi2_threshold": 7.814727903251179, "N_raw": 33, "N_roi": 33, "N_inlier": 30, "refit": true}
{"timestamp": "15:51:16.193535", "frame": 37, "mu": [1.3244372477033777, 2.5656380443879008, 1.272274073499211], "Sigma": [[0.006790137591614737, -0.001490456768401818, -0.004381927601366843], [-0.001490456768401818, 0.0029764855130075896, -0.00041307432334839546], [-0.0043819276013668425, -0.00041307432334839546, 0.005942911720621671]], "chi2_level": 0.95, "chi2_df": 3, "chi2_threshold": 7.814727903251179, "N_raw": 19, "N_roi": 17, "N_inlier": 15, "refit": true}
{"timestamp": "15:51:16.248109", "frame": 38, "mu": [1.351787615761247, 2.54661408172046, 1.1499768587620323], "Sigma": [[0.008491783044533087, -0.0040964112710960175, -0.002743596743384754], [-0.0040964112710960175, 0.003387394848053505, 0.0010136545813752744], [-0.002743596743384754, 0.0010136545813752744, 0.0017187124195250116]], "chi2_level": 0.95, "chi2_df": 3, "chi2_threshold": 7.814727903251179, "N_raw": 23, "N_roi": 23, "N_inlier": 21, "refit": true}
{"timestamp": "15:51:16.305163", "frame": 39, "mu": [1.307647657883057, 2.6107054543413786, 1.204328149869221], "Sigma": [[0.011195096607958917, -0.005409285882531858, -0.005748341435507755], [-0.005409285882531858, 0.007836244993254833, 0.005009834142299628], [-0.005748341435507755, 0.005009834142299627, 0.005139650203926323]], "chi2_level": 0.95, "chi2_df": 3, "chi2_threshold": 7.814727903251179, "N_raw": 39, "N_roi": 39, "N_inlier": 37, "refit": true}
{"timestamp": "15:51:16.367001", "frame": 40, "mu": [1.2196783582562327, 2.764296015416125, 1.354937106657381], "Sigma": [[0.015407486208246578, -0.006340313732813857, -0.0031827595640901755], [-0.006340313732813857, 0.018729054804430822, 0.017620840059940135], [-0.0031827595640901755, 0.017620840059940135, 0.017672823101399893]], "chi2_level": 0.95, "chi2_df": 3, "chi2_threshold": 7.814727903251179, "N_raw": 74, "N_roi": 74, "N_inlier": 70, "refit": true}
{"timestamp": "15:51:16.416910", "frame": 41, "mu": [1.1600927900080447, 2.8104435120320934, 1.4189612620943992], "Sigma": [[0.008290521493468216, -0.004982762624957305, -0.011176767387742327], [-0.004982762624957305, 0.009107306437480893, 0.013207049812381966], [-0.011176767387742328, 0.013207049812381966, 0.02498877622656887]], "chi2_level": 0.95, "chi2_df": 3, "chi2_threshold": 7.814727903251179, "N_raw": 39, "N_roi": 37, "N_inlier": 34, "refit": true}
{"timestamp": "15:51:16.472784", "frame": 42, "mu": [1.0846567139971555, 2.8395987949201533, 1.352010747386904], "Sigma": [[0.012607691535868248, -0.007356627996990233, -0.016385354864658686], [-0.007356627996990233, 0.013584387712867388, 0.019812518803302495], [-0.016385354864658686, 0.019812518803302495, 0.04166429710719085]], "chi2_level": 0.95, "chi2_df": 3, "chi2_threshold": 7.814727903251179, "N_raw": 49, "N_roi": 49, "N_inlier": 45, "refit": true}
{"timestamp": "15:51:16.527391", "frame": 43, "mu": [1.0484066324054875, 2.9452703184851137, -0.3970175595894414], "Sigma": [[0.012786364570922358, 0.00546540325932777, 0.021861219278858195], [0.005465403259327771, 0.007189965515768085, 0.0047996878597004545], [0.021861219278858195, 0.0047996878597004545, 0.12127162303028849]], "chi2_level": 0.95, "chi2_df": 3, "chi2_threshold": 7.814727903251179, "N_raw": 38, "N_roi": 38, "N_inlier": 35, "refit": true}
{"timestamp": "15:51:16.585133", "frame": 44, "mu": [1.0277650875355098, 3.093071641411956, -0.19125796012498855], "Sigma": [[0.042083128016310103, 0.01410814499878429, -0.09881319722015973], [0.01410814499878429, 0.014549299907942447, -0.045664649850350306], [-0.09881319722015972, -0.045664649850350306, 0.27224438688898117]], "chi2_level": 0.95, "chi2_df": 3, "chi2_threshold": 7.814727903251179, "N_raw": 63, "N_roi": 63, "N_inlier": 63, "refit": true}
{"timestamp": "15:51:16.638916", "frame": 45, "mu": [0.8888922010097647, 3.0137967771635954, 1.3375775609563763], "Sigma": [[0.01637779680711552, -0.0035432066120994446, -0.01884213563114713], [-0.003543206612099445, 0.007250690134621992, 0.005674395971991072], [-0.01884213563114713, 0.005674395971991073, 0.02688611351823743]], "chi2_level": 0.95, "chi2_df": 3, "chi2_threshold": 7.814727903251179, "N_raw": 59, "N_roi": 59, "N_inlier": 57, "refit": true}
{"timestamp": "15:51:16.696088", "frame": 46, "mu": [0.8681277313530479, 3.1482810255468965, 0.7696584968495724], "Sigma": [[0.017865215114801027, -0.0035840752021309716, -0.03534817076836641], [-0.0035840752021309716, 0.004120967732167938, -0.011322990585134961], [-0.03534817076836641, -0.011322990585134963, 0.2286127545314454]], "chi2_level": 0.95, "chi2_df": 3, "chi2_threshold": 7.814727903251179, "N_raw": 72, "N_roi": 72, "N_inlier": 71, "refit": true}
{"timestamp": "15:51:16.747379", "frame": 47, "mu": [0.7243727122252117, 3.1176514807037314, 1.2015646191065008], "Sigma": [[0.011335443407763334, -0.004100149179421147, -0.011581267164936442], [-0.004100149179421146, 0.002859194303328607, 0.0003416518004442994], [-0.011581267164936442, 0.0003416518004442996, 0.04102418432667136]], "chi2_level": 0.95, "chi2_df": 3, "chi2_threshold": 7.814727903251179, "N_raw": 50, "N_roi": 49, "N_inlier": 44, "refit": true}
{"timestamp": "15:51:16.797372", "frame": 48, "mu": [0.6075591137705008, 3.224637608847557, 0.9805149614500938], "Sigma": [[0.005056145972169983, 0.0035067214040211147, -0.026539497624704082], [0.0035067214040211147, 0.005560066513474152, -0.023151124458753235], [-0.026539497624704086, -0.023151124458753232, 0.15495936556639187]], "chi2_level": 0.95, "chi2_df": 3, "chi2_threshold": 7.814727903251179, "N_raw": 10, "N_roi": 7, "N_inlier": 7, "refit": true}
{"timestamp": "15:51:16.852305", "frame": 49, "mu": [0.6220656529002124, 3.1956266070258734, 1.0628413591583064], "Sigma": [[0.006110189674006898, 0.0017422930959348677, -0.01406339568983761], [0.0017422930959348677, 0.0033559519812056742, -0.009344693772875437], [-0.01406339568983761, -0.009344693772875435, 0.05547079193669198]], "chi2_level": 0.95, "chi2_df": 3, "chi2_threshold": 7.814727903251179, "N_raw": 14, "N_roi": 14, "N_inlier": 13, "refit": true}
{"timestamp": "15:51:16.914544", "frame": 50, "mu": [0.5803214583119692, 3.380858441990802, 0.06458778618717806], "Sigma": [[0.020472261663771068, 0.013251280432092937, -0.02636546931072009], [0.013251280432092935, 0.014363550198626888, -0.021413576833135384], [-0.02636546931072009, -0.021413576833135384, 0.04456926096835101]], "chi2_level": 0.95, "chi2_df": 3, "chi2_threshold": 7.814727903251179, "N_raw": 54, "N_roi": 51, "N_inlier": 47, "refit": true}
{"timestamp": "15:51:16.967524", "frame": 51, "mu": [0.6195817979889756, 3.3599435020108337, 0.9477356839701117], "Sigma": [[0.012493691899030221, 0.000219562599497057, -0.010077472273090794], [0.000219562599497057, 0.0043794682261236095, 2.3186570530168917e-05], [-0.010077472273090794, 2.318657053016908e-05, 0.021599538899962065]], "chi2_level": 0.95, "chi2_df": 3, "chi2_threshold": 7.814727903251179, "N_raw": 51, "N_roi": 46, "N_inlier": 42, "refit": true}
{"timestamp": "15:51:17.025052", "frame": 52, "mu": [0.3459915450686414, 3.453634254668995, 1.5573398044928208], "Sigma": [[0.017843132458209156, -0.001996548977615034, -0.017107746529154116], [-0.001996548977615034, 0.006170679037529555, 0.006079596806393449], [-0.017107746529154116, 0.006079596806393449, 0.02261357296327942]], "chi2_level": 0.95, "chi2_df": 3, "chi2_threshold": 7.814727903251179, "N_raw": 57, "N_roi": 57, "N_inlier": 53, "refit": true}
{"timestamp": "15:51:17.072928", "frame": 53, "mu": [0.28189886004560377, 3.507925558351065, 1.4449351952332707], "Sigma": [[0.007783290180968409, -0.0014693342132466253, -0.017825453791166245], [-0.0014693342132466255, 0.0024654043252392843, 0.0011687562403511498], [-0.01782545379116624, 0.0011687562403511495, 0.05298105705641366]], "chi2_level": 0.95, "chi2_df": 3, "chi2_threshold": 7.814727903251179, "N_raw": 22, "N_roi": 21, "N_inlier": 17, "refit": true}
{"timestamp": "15:51:17.131052", "frame": 54, "mu": [0.2739704779876345, 3.535080566932412, 1.3758731094033323], "Sigma": [[0.011042092150201363, -0.002348380981466312, -0.011415718959257533], [-0.0023483809814663125, 0.0031024095892319943, 0.000508186591285275], [-0.011415718959257533, 0.0005081865912852754, 0.016624815203792727]], "chi2_level": 0.95, "chi2_df": 3, "chi2_threshold": 7.814727903251179, "N_raw": 40, "N_roi": 37, "N_inlier": 33, "refit": true}
{"timestamp": "15:51:17.185928", "frame": 55, "mu": [0.17925644332319754, 3.572742660659138, 0.4025702026866217], "Sigma": [[0.014024353162522818, -0.0002683547196046519, -0.009319965205252086], [-0.0002683547196046519, 0.0034793107035547143, 0.0005437834296045635], [-0.009319965205252087, 0.0005437834296045639, 0.021014708612079137]], "chi2_level": 0.95, "chi2_df": 3, "chi2_threshold": 7.814727903251179, "N_raw": 44, "N_roi": 43, "N_inlier": 38, "refit": true}
{"timestamp": "15:51:17.239053", "frame": 56, "mu": [0.15423038021375043, 3.6533314329777955, 1.426543578954471], "Sigma": [[0.01121107986142775, -0.002187929700182189, -0.00885782513989116], [-0.002187929700182189, 0.0025048057142233885, 0.0017322291959054712], [-0.00885782513989116, 0.0017322291959054716, 0.020282526733392616]], "chi2_level": 0.95, "chi2_df": 3, "chi2_threshold": 7.814727903251179, "N_raw": 28, "N_roi": 27, "N_inlier": 24, "refit": true}
{"timestamp": "15:51:17.293927", "frame": 57, "mu": [0.11879523690283736, 3.775538744762435, 0.006875359925953423], "Sigma": [[0.006845854025140922, 0.00273924803721904, -0.010842890713936128], [0.0027392480372190396, 0.039028870284803466, -0.09937106653635418], [-0.010842890713936128, -0.09937106653635418, 0.2599418515200638]], "chi2_level": 0.95, "chi2_df": 3, "chi2_threshold": 7.814727903251179, "N_raw": 21, "N_roi": 19, "N_inlier": 17, "refit": true}
{"timestamp": "15:51:17.353926", "frame": 58, "mu": [0.010861081995446907, 3.6706715692104623, 1.2859207572702953], "Sigma": [[0.014349277470725615, 0.0021506832770168353, -0.007561287182496483], [0.0021506832770168353, 0.003108274696713229, -0.0030407887207586476], [-0.007561287182496483, -0.0030407887207586476, 0.017291030033072367]], "chi2_level": 0.95, "chi2_df": 3, "chi2_threshold": 7.814727903251179, "N_raw": 58, "N_roi": 40, "N_inlier": 35, "refit": true}
{"timestamp": "15:51:17.414193", "frame": 59, "mu": [0.07173115193544885, 3.7809063300554064, 1.0423035252756372], "Sigma": [[0.034663670518209067, 0.0009207155454622156, -0.05157157398739991], [0.0009207155454622157, 0.007841394886145435, 0.0031708323218998234], [-0.05157157398739991, 0.003170832321899824, 0.16431058881582913]], "chi2_level": 0.95, "chi2_df": 3, "chi2_threshold": 7.814727903251179, "N_raw": 92, "N_roi": 88, "N_inlier": 86, "refit": true}
{"timestamp": "15:51:17.465501", "frame": 60, "mu": [-0.06049235953867528, 3.804737212830593, 1.3607471121190233], "Sigma": [[0.030322375783377965, 0.0017830169204061414, -0.03897432644426114], [0.0017830169204061414, 0.00934818251444381, 0.009844738878731833], [-0.03897432644426113, 0.009844738878731833, 0.10801572564859717]], "chi2_level": 0.95, "chi2_df": 3, "chi2_threshold": 7.814727903251179, "N_raw": 68, "N_roi": 68, "N_inlier": 67, "refit": true}
{"timestamp": "15:51:17.518813", "frame": 61, "mu": [-0.2037116328673569, 3.837078544716009, 1.4271594885064192], "Sigma": [[0.02495063237477335, 0.0032372215973688013, -0.012518546479063641], [0.0032372215973688005, 0.009601406043851802, 0.0121192913078176], [-0.012518546479063641, 0.0121192913078176, 0.034569503102908704]], "chi2_level": 0.95, "chi2_df": 3, "chi2_threshold": 7.814727903251179, "N_raw": 56, "N_roi": 56, "N_inlier": 54, "refit": true}
{"timestamp": "15:51:17.575278", "frame": 62, "mu": [-0.3154518607154031, 3.87231044635778, 1.523147393333437], "Sigma": [[0.02580988183929813, 0.00415312836851952, -0.00021547693865462758], [0.00415312836851952, 0.011092414109997136, 0.014138884468626064], [-0.00021547693865462758, 0.014138884468626064, 0.02297604923016725]], "chi2_level": 0.95, "chi2_df": 3, "chi2_threshold": 7.814727903251179, "N_raw": 66, "N_roi": 63, "N_inlier": 62, "refit": true}
{"timestamp": "15:51:17.629522", "frame": 63, "mu": [-0.32485313259945514, 3.9511383692226776, 1.3105264983879317], "Sigma": [[0.023894141083738198, 0.0011745110156193834, -0.007655330036638496], [0.0011745110156193839, 0.0032005004073758924, -0.004694074388687232], [-0.007655330036638496, -0.004694074388687232, 0.01193984317886424]], "chi2_level": 0.95, "chi2_df": 3, "chi2_threshold": 7.814727903251179, "N_raw": 53, "N_roi": 53, "N_inlier": 49, "refit": true}
{"timestamp": "15:51:17.679330", "frame": 64, "mu": [-0.37093812489444, 4.000028980486689, 1.2209946688930473], "Sigma": [[0.012252630265585629, 0.0023023417531719305, -0.011328908932001306], [0.0023023417531719305, 0.0037850088474358067, -0.01093578022001819], [-0.011328908932001306, -0.01093578022001819, 0.05007158663500488]], "chi2_level": 0.95, "chi2_df": 3, "chi2_threshold": 7.814727903251179, "N_raw": 27, "N_roi": 27, "N_inlier": 23, "refit": true}
{"timestamp": "15:51:17.739222", "frame": 65, "mu": [-0.45240748121233004, 4.05465294144385, 1.356657252325105], "Sigma": [[0.027603640532205348, 0.0008310124403023428, -0.009827632585748015], [0.0008310124403023427, 0.002646319782400949, -0.005031243332065022], [-0.009827632585748015, -0.005031243332065021, 0.018286063832314875]], "chi2_level": 0.95, "chi2_df": 3, "chi2_threshold": 7.814727903251179, "N_raw": 54, "N_roi": 54, "N_inlier": 49, "refit": true}
{"timestamp": "15:51:17.792271", "frame": 66, "mu": [-0.537145446278537, 4.0799311819848345, 1.5755264853016309], "Sigma": [[0.02249432433658858, 0.0033160625010074246, -0.006691016533340695], [0.0033160625010074246, 0.005996322546227384, 0.0019688758619125736], [-0.006691016533340694, 0.0019688758619125727, 0.006430070893249841]], "chi2_level": 0.95, "chi2_df": 3, "chi2_threshold": 7.814727903251179, "N_raw": 50, "N_roi": 49, "N_inlier": 48, "refit": true}
{"timestamp": "15:51:17.845935", "frame": 67, "mu": [-0.5927176705520719, 4.062781400896071, 1.279795286512131], "Sigma": [[0.018781315138156035, 0.001799590970185281, -0.030181913809829212], [0.001799590970185281, 0.0013460922409926134, -0.005452800605188392], [-0.030181913809829212, -0.005452800605188392, 0.08598194141350439]], "chi2_level": 0.95, "chi2_df": 3, "chi2_threshold": 7.814727903251179, "N_raw": 36, "N_roi": 34, "N_inlier": 34, "refit": true}
{"timestamp": "15:51:17.908860", "frame": 68, "mu": [-0.7037181885364312, 4.111384138882007, 1.5515331022278211], "Sigma": [[0.027500027609697344, 0.0036526588326305847, -0.015930307275124483], [0.0036526588326305847, 0.006343411830108732, 0.000249046996701377], [-0.015930307275124483, 0.00024904699670137687, 0.01250591016623577]], "chi2_level": 0.95, "chi2_df": 3, "chi2_threshold": 7.814727903251179, "N_raw": 60, "N_roi": 59, "N_inlier": 56, "refit": true}
{"timestamp": "15:51:17.957282", "frame": 69, "mu": [-0.7595077633828505, 4.1807384004750885, 1.3759982181847694], "Sigma": [[0.022949310745664604, 0.0048961958295465164, -0.020020993455113524], [0.0048961958295465164, 0.004554669852371328, -0.004011841675768896], [-0.020020993455113524, -0.004011841675768896, 0.020359841232437267]], "chi2_level": 0.95, "chi2_df": 3, "chi2_threshold": 7.814727903251179, "N_raw": 45, "N_roi": 39, "N_inlier": 37, "refit": true}
{"timestamp": "15:51:18.013727", "frame": 70, "mu": [-0.8496573703637034, 4.2291710243609195, 1.5496747109626914], "Sigma": [[0.023067278880301502, 0.007687376543766882, -0.011497575181715848], [0.007687376543766883, 0.007140966649252176, -0.004092466313394853], [-0.01149757518171585, -0.004092466313394853, 0.009259839737929787]], "chi2_level": 0.95, "chi2_df": 3, "chi2_threshold": 7.814727903251179, "N_raw": 55, "N_roi": 49, "N_inlier": 48, "refit": true}
{"timestamp": "15:51:18.069366", "frame": 71, "mu": [-0.8716724386972008, 4.332627233398194, 1.5384008348705807], "Sigma": [[0.01630395294343761, 0.0037070813618714357, -0.016050015972043176], [0.0037070813618714344, 0.00630623618079929, -0.002969688578843045], [-0.016050015972043176, -0.002969688578843045, 0.018811632517866078]], "chi2_level": 0.95, "chi2_df": 3, "chi2_threshold": 7.814727903251179, "N_raw": 62, "N_roi": 43, "N_inlier": 43, "refit": true}
{"timestamp": "15:51:18.124599", "frame": 72, "mu": [-0.9563512380429277, 4.330424836706774, 1.4157769936036242], "Sigma": [[0.02322889400061147, 0.0024596833421657556, -0.011744033985954505], [0.0024596833421657556, 0.005250581664120138, -0.0033466207422858897], [-0.011744033985954505, -0.0033466207422858897, 0.008631281371685706]], "chi2_level": 0.95, "chi2_df": 3, "chi2_threshold": 7.814727903251179, "N_raw": 60, "N_roi": 54, "N_inlier": 51, "refit": true}
{"timestamp": "15:51:18.176204", "frame": 73, "mu": [-0.9908630321809471, 4.459581943282061, 1.4207648284375716], "Sigma": [[0.02044846391377446, 0.003428436709048822, -0.012241056397519642], [0.0034284367090488214, 0.003776015841958216, -0.001605515579077912], [-0.012241056397519642, -0.0016055155790779122, 0.00967165005423467]], "chi2_level": 0.95, "chi2_df": 3, "chi2_threshold": 7.814727903251179, "N_raw": 42, "N_roi": 37, "N_inlier": 35, "refit": true}
{"timestamp": "15:51:18.227367", "frame": 74, "mu": [-0.9038395876792757, 4.048851641298712, 1.2560808725674502], "Sigma": [[0.10770545639579678, -0.41776729373776, 0.10152585748962321], [-0.41776729373776006, 1.6480445433047763, -0.38848128081513467], [0.10152585748962323, -0.38848128081513467, 0.10175403636069626]], "chi2_level": 0.95, "chi2_df": 3, "chi2_threshold": 7.814727903251179, "N_raw": 11, "N_roi": 8, "N_inlier": 6, "refit": true}
{"timestamp": "15:51:18.282711", "frame": 75, "mu": [-1.0864040738026404, 4.508414251206801, 1.1673949578205332], "Sigma": [[0.013306318288697246, 0.0018779054286204753, -0.005106913769355582], [0.0018779054286204755, 0.0029440842873211734, -0.010849702379151394], [-0.005106913769355584, -0.010849702379151394, 0.07166412689642604]], "chi2_level": 0.95, "chi2_df": 3, "chi2_threshold": 7.814727903251179, "N_raw": 21, "N_roi": 21, "N_inlier": 20, "refit": true}
{"timestamp": "15:51:18.345255", "frame": 76, "mu": [-1.0583197759051217, 4.586781802142392, -0.08667437999945342], "Sigma": [[0.02368152847986916, 0.013209267684114626, 0.05060616646795542], [0.013209267684114628, 0.019729780233664226, 0.024195879281853988], [0.05060616646795542, 0.024195879281853988, 0.22433934579316206]], "chi2_level": 0.95, "chi2_df": 3, "chi2_threshold": 7.814727903251179, "N_raw": 61, "N_roi": 57, "N_inlier": 56, "refit": true}
{"timestamp": "15:51:18.398519", "frame": 77, "mu": [-1.190132704783097, 4.530473746519981, 1.2217088625179018], "Sigma": [[0.021594876834375575, 0.005564835615833468, -0.016830644738426423], [0.005564835615833468, 0.0053526828991263395, -0.007557429772801725], [-0.016830644738426423, -0.007557429772801725, 0.025790963483699362]], "chi2_level": 0.95, "chi2_df": 3, "chi2_threshold": 7.814727903251179, "N_raw": 45, "N_roi": 41, "N_inlier": 39, "refit": true}
{"timestamp": "15:51:18.451134", "frame": 78, "mu": [-1.1787392065758109, 4.537302011326601, 1.0338048875055137], "Sigma": [[0.011690461455896755, 0.004027589823405517, -0.011610268559116664], [0.004027589823405517, 0.008040614188697602, -0.009036399275055349], [-0.011610268559116664, -0.009036399275055349, 0.028929657280544252]], "chi2_level": 0.95, "chi2_df": 3, "chi2_threshold": 7.814727903251179, "N_raw": 39, "N_roi": 35, "N_inlier": 34, "refit": true}
{"timestamp": "15:51:18.506518", "frame": 79, "mu": [-1.1369795394247662, 4.746229607553598, 0.9387623192865772], "Sigma": [[0.024835434487759177, 0.0035030406853560785, -0.024655568402792937], [0.003503040685356079, 0.005808836331579802, -0.004630792866383002], [-0.024655568402792937, -0.004630792866383002, 0.03286729378105747]], "chi2_level": 0.95, "chi2_df": 3, "chi2_threshold": 7.814727903251179, "N_raw": 36, "N_roi": 34, "N_inlier": 31, "refit": true}
{"timestamp": "15:51:18.558296", "frame": 80, "mu": [-1.3979320641103916, 4.698371539266255, 1.3470285167063707], "Sigma": [[0.00435886412654582, 0.00595084035402697, -0.011904846281238097], [0.00595084035402697, 0.01013100434047601, -0.01588828819482153], [-0.011904846281238095, -0.01588828819482153, 0.03328797960133595]], "chi2_level": 0.95, "chi2_df": 3, "chi2_threshold": 7.814727903251179, "N_raw": 12, "N_roi": 6, "N_inlier": 6, "refit": true}
{"timestamp": "15:51:18.613769", "frame": 81, "mu": [-1.5290926515525851, 4.67491967522649, 1.3246889989383417], "Sigma": [[0.013347227490296031, 0.005432572787555117, -0.00711768768642566], [0.005432572787555117, 0.006503044322684992, -0.004327155943509603], [-0.0071176876864256595, -0.004327155943509603, 0.008509261661798238]], "chi2_level": 0.95, "chi2_df": 3, "chi2_threshold": 7.814727903251179, "N_raw": 26, "N_roi": 22, "N_inlier": 21, "refit": true}
{"timestamp": "15:51:18.671091", "frame": 82, "mu": [-1.570750912052867, 4.679278473171894, 1.2464907562183614], "Sigma": [[0.021131847409284515, 0.007128695427784639, -0.011537409280640749], [0.007128695427784639, 0.005431863771945014, -0.0050357169061154205], [-0.011537409280640749, -0.0050357169061154205, 0.009270854355962165]], "chi2_level": 0.95, "chi2_df": 3, "chi2_threshold": 7.814727903251179, "N_raw": 36, "N_roi": 34, "N_inlier": 31, "refit": true}
{"timestamp": "15:51:18.722218", "frame": 83, "mu": [-1.536736746286011, 4.837226542679657, 1.051712837292157], "Sigma": [[0.0009348092234007239, 0.0013593374651145855, -0.010914018530183173], [0.0013593374651145855, 0.007293173027348279, -0.02519526579432445], [-0.010914018530183171, -0.02519526579432445, 0.1580177921645]], "chi2_level": 0.95, "chi2_df": 3, "chi2_threshold": 7.814727903251179, "N_raw": 6, "N_roi": 6, "N_inlier": 6, "refit": true}
{"timestamp": "15:51:18.779731", "frame": 84, "mu": [-1.6183737041599229, 4.8019004277479596, 1.2965814892857892], "Sigma": [[0.02024106391369431, 0.0061079822674607424, -0.011083270832819802], [0.0061079822674607424, 0.004970109351665033, -0.00502432543105596], [-0.0110832708328198, -0.00502432543105596, 0.009971594115046917]], "chi2_level": 0.95, "chi2_df": 3, "chi2_threshold": 7.814727903251179, "N_raw": 34, "N_roi": 30, "N_inlier": 30, "refit": true}
{"timestamp": "15:51:18.835203", "frame": 85, "mu": [-1.6161812406203433, 4.847806003197093, 1.3782883605245513], "Sigma": [[0.02469694724056072, 0.006740493097928715, -0.015420451039893611], [0.006740493097928714, 0.003507037767273251, -0.005071482365001813], [-0.015420451039893611, -0.005071482365001812, 0.01176753554458881]], "chi2_level": 0.95, "chi2_df": 3, "chi2_threshold": 7.814727903251179, "N_raw": 38, "N_roi": 25, "N_inlier": 23, "refit": true}
{"timestamp": "15:51:18.967941", "frame": 86, "mu": [-1.5827234858331747, 4.913669431599073, 0.8039425614615976], "Sigma": [[0.0018110018323298088, 0.0006829908517233434, -0.012048657630046226], [0.0006829908517233434, 0.0005918033886787123, -0.0026560753382759597], [-0.012048657630046224, -0.0026560753382759597, 0.17872780977969366]], "chi2_level": 0.95, "chi2_df": 3, "chi2_threshold": 7.814727903251179, "N_raw": 9, "N_roi": 5, "N_inlier": 5, "refit": true}
{"timestamp": "15:51:18.996020", "frame": 87, "mu": [-1.7169805245227001, 4.919333922894128, 1.4838573403567639], "Sigma": [[0.005923789043013989, 0.003272163303563251, -0.0017486090795011526], [0.003272163303563251, 0.00433469226172583, -0.001094506946901245], [-0.0017486090795011526, -0.001094506946901245, 0.000680745800253776]], "chi2_level": 0.95, "chi2_df": 3, "chi2_threshold": 7.814727903251179, "N_raw": 11, "N_roi": 8, "N_inlier": 7, "refit": true}
{"timestamp": "15:51:19.026294", "frame": 88, "mu": [-1.7079097894140516, 4.908970015504651, 1.0581271000722352], "Sigma": [[0.004418913485402476, 0.0014877910768863922, -0.02819506914463389], [0.0014877910768863922, 0.0011572372542658167, -0.011374904228483909], [-0.0281950691446339, -0.011374904228483909, 0.18580852467655837]], "chi2_level": 0.95, "chi2_df": 3, "chi2_threshold": 7.814727903251179, "N_raw": 10, "N_roi": 5, "N_inlier": 5, "refit": true}
{"timestamp": "15:51:19.106867", "frame": 90, "mu": [-1.6342885604367414, 4.351038435798123, 1.4273810036080417], "Sigma": [[0.4189952820256225, -1.015387608012128, 0.1771362455774098], [-1.015387608012128, 2.4647655087049, -0.4273393792773247], [0.1771362455774098, -0.4273393792773247, 0.08030366935698267]], "chi2_level": 0.95, "chi2_df": 3, "chi2_threshold": 7.814727903251179, "N_raw": 13, "N_roi": 5, "N_inlier": 5, "refit": true}
