{"timestamp": "16:11:25.453005", "frame": 29, "mu": [0.760755206611821, 4.961630993280854, 0.7404020090930545], "Sigma": [[0.020969088692519566, -0.0006310642821798339, -0.024487639450103047], [-0.0006310642821798338, 0.0006245517529043804, 0.0007756508588444964], [-0.024487639450103047, 0.0007756508588444967, 0.0335311342595427]], "chi2_level": 0.95, "chi2_df": 3, "chi2_threshold": 7.814727903251179, "N_raw": 59, "N_roi": 15, "N_inlier": 14, "refit": true}
{"timestamp": "16:11:25.509751", "frame": 30, "mu": [0.4795151850543818, 4.956885427203724, -0.6775863042289051], "Sigma": [[0.019263635768614104, -0.0006778547517640155, -0.0164212756479397], [-0.0006778547517640153, 0.000578895881809485, -0.0013301772305573418], [-0.0164212756479397, -0.0013301772305573415, 0.024281249064169477]], "chi2_level": 0.95, "chi2_df": 3, "chi2_threshold": 7.814727903251179, "N_raw": 68, "N_roi": 21, "N_inlier": 18, "refit": true}
{"timestamp": "16:11:25.565232", "frame": 31, "mu": [0.5896058999505611, 4.960979114909996, 1.1333591848458273], "Sigma": [[0.017545149348673017, -1.5191236625618199e-05, -0.028931409387373798], [-1.519123662561824e-05, 0.0004241069984817483, -0.0008211587735830258], [-0.028931409387373794, -0.0008211587735830258, 0.07494982286506889]], "chi2_level": 0.95, "chi2_df": 3, "chi2_threshold": 7.814727903251179, "N_raw": 54, "N_roi": 19, "N_inlier": 18, "refit": true}
{"timestamp": "16:11:25.619175", "frame": 32, "mu": [0.5993911951776629, 4.9514497392350565, 0.9450294216610572], "Sigma": [[0.022176874641857774, -0.0020696241610271776, -0.03539678445852566], [-0.0020696241610271776, 0.0006236976419039156, 0.0004512256581220052], [-0.03539678445852567, 0.0004512256581220052, 0.09279510300443727]], "chi2_level": 0.95, "chi2_df": 3, "chi2_threshold": 7.814727903251179, "N_raw": 49, "N_roi": 31, "N_inlier": 30, "refit": true}
{"timestamp": "16:11:25.669199", "frame": 33, "mu": [0.4792311856921011, 4.898766246736784, 1.2131187613022925], "Sigma": [[0.003981738419584112, 0.0005066371173176182, -0.021227602364646707], [0.0005066371173176182, 0.002871285395061796, -0.004455627497577502], [-0.02122760236464671, -0.004455627497577501, 0.11994944642912522]], "chi2_level": 0.95, "chi2_df": 3, "chi2_threshold": 7.814727903251179, "N_raw": 9, "N_roi": 5, "N_inlier": 5, "refit": true}
{"timestamp": "16:11:25.731579", "frame": 34, "mu": [0.5313265508626266, 4.885201812870454, -1.021268342699619], "Sigma": [[0.03355839801050116, -0.00676178510683164, -0.025901192343608284], [-0.00676178510683164, 0.0025636667148799587, -0.00037311407481131027], [-0.025901192343608284, -0.0003731140748113107, 0.08089921330374661]], "chi2_level": 0.95, "chi2_df": 3, "chi2_threshold": 7.814727903251179, "N_raw": 63, "N_roi": 54, "N_inlier": 54, "refit": true}
{"timestamp": "16:11:25.783495", "frame": 35, "mu": [0.5922287594549279, 4.873434708524929, 1.0018662644120757], "Sigma": [[0.03389362538014373, -0.0013941612799692371, -0.014161264276228519], [-0.0013941612799692371, 0.0026387920257974987, -0.0025294386531437055], [-0.014161264276228519, -0.0025294386531437055, 0.013206543583723392]], "chi2_level": 0.95, "chi2_df": 3, "chi2_threshold": 7.814727903251179, "N_raw": 47, "N_roi": 47, "N_inlier": 46, "refit": true}
{"timestamp": "16:11:25.840024", "frame": 36, "mu": [0.5463427444910379, 4.84260106961278, 1.0424491237002491], "Sigma": [[0.028118387792203225, -0.004405214351795089, -0.011208415130263537], [-0.00440521435179509, 0.0035450499091550674, -0.0026844806427437622], [-0.011208415130263537, -0.0026844806427437622, 0.015588998616680708]], "chi2_level": 0.95, "chi2_df": 3, "chi2_threshold": 7.814727903251179, "N_raw": 49, "N_roi": 49, "N_inlier": 47, "refit": true}
{"timestamp": "16:11:25.892006", "frame": 37, "mu": [0.5703059713198295, 4.780338176043521, 0.6655817994722066], "Sigma": [[0.021487903669253114, -0.0006124415251661092, -0.0031617233245750265], [-0.0006124415251661091, 0.0028407553085160646, -0.00019266018480894613], [-0.0031617233245750265, -0.00019266018480894613, 0.0027263761711535345]], "chi2_level": 0.95, "chi2_df": 3, "chi2_threshold": 7.814727903251179, "N_raw": 37, "N_roi": 33, "N_inlier": 31, "refit": true}
{"timestamp": "16:11:25.943889", "frame": 38, "mu": [0.5209657767033389, 4.761874931585184, 0.7260934845941719], "Sigma": [[0.013701520760512441, 0.00039174145345728987, -0.006678850981964258], [0.00039174145345729, 0.0009616680107872392, -0.001976625703672749], [-0.006678850981964259, -0.0019766257036727486, 0.026978738597484005]], "chi2_level": 0.95, "chi2_df": 3, "chi2_threshold": 7.814727903251179, "N_raw": 16, "N_roi": 16, "N_inlier": 15, "refit": true}
{"timestamp": "16:11:26.007999", "frame": 39, "mu": [0.6160205489472247, 4.723115782153288, 0.8905073374305704], "Sigma": [[0.03949612288621473, -0.001944032319797504, -0.023955785250992723], [-0.001944032319797504, 0.0038600010863285177, -0.006995722590401494], [-0.023955785250992723, -0.006995722590401494, 0.03846522378794947]], "chi2_level": 0.95, "chi2_df": 3, "chi2_threshold": 7.814727903251179, "N_raw": 78, "N_roi": 75, "N_inlier": 73, "refit": true}
{"timestamp": "16:11:26.059027", "frame": 40, "mu": [0.4986934063930453, 4.809970134779818, 0.10120164198852474], "Sigma": [[0.024429898209375137, 0.001107409993568789, -0.008685860393958158], [0.001107409993568789, 0.006995054243409228, -0.01846878155201883], [-0.008685860393958158, -0.01846878155201883, 0.06144305413157759]], "chi2_level": 0.95, "chi2_df": 3, "chi2_threshold": 7.814727903251179, "N_raw": 45, "N_roi": 44, "N_inlier": 42, "refit": true}
{"timestamp": "16:11:26.114677", "frame": 41, "mu": [0.4348480600240676, 4.6622752402803656, 0.8912092257439564], "Sigma": [[0.028234998272627775, -0.0022211933389649644, -0.0008587680588630352], [-0.0022211933389649644, 0.002986628696182005, -0.001047264502081016], [-0.0008587680588630353, -0.001047264502081016, 0.0006909761980651675]], "chi2_level": 0.95, "chi2_df": 3, "chi2_threshold": 7.814727903251179, "N_raw": 49, "N_roi": 42, "N_inlier": 39, "refit": true}
{"timestamp": "16:11:26.170234", "frame": 42, "mu": [0.511822671852003, 4.621472420215848, 1.0892702263772343], "Sigma": [[0.025835890340818648, -0.003267768662619911, -0.017458631929296736], [-0.003267768662619911, 0.0023508365601476507, -0.005482488931348898], [-0.017458631929296736, -0.005482488931348898, 0.060233984719793104]], "chi2_level": 0.95, "chi2_df": 3, "chi2_threshold": 7.814727903251179, "N_raw": 58, "N_roi": 58, "N_inlier": 54, "refit": true}
{"timestamp": "16:11:26.226255", "frame": 43, "mu": [0.5428163276347278, 4.59968931590057, 1.0044435968211614], "Sigma": [[0.022549509591657586, -0.004869658466655238, -0.0071805500141220585], [-0.0048696584666552386, 0.0021168476080088185, -0.002137026393923911], [-0.0071805500141220585, -0.0021370263939239106, 0.022312661041143114]], "chi2_level": 0.95, "chi2_df": 3, "chi2_threshold": 7.814727903251179, "N_raw": 38, "N_roi": 38, "N_inlier": 36, "refit": true}
{"timestamp": "16:11:26.277708", "frame": 44, "mu": [0.652611313690099, 4.546638034445761, 0.8429911637149407], "Sigma": [[0.02795023257260936, -0.006920229186432357, -0.010601990183356634], [-0.0069202291864323565, 0.0047901767693933495, 0.0018010945514274584], [-0.010601990183356634, 0.0018010945514274584, 0.005644224450590223]], "chi2_level": 0.95, "chi2_df": 3, "chi2_threshold": 7.814727903251179, "N_raw": 41, "N_roi": 41, "N_inlier": 40, "refit": true}
{"timestamp": "16:11:26.332983", "frame": 45, "mu": [0.5952674382344783, 4.530797093526359, 0.9980726256821202], "Sigma": [[0.017168718845873225, -0.00040829458513842184, -0.0055099618447828945], [-0.0004082945851384218, 0.0006846195672125303, -0.002388928720283282], [-0.005509961844782894, -0.002388928720283282, 0.0479484145762412]], "chi2_level": 0.95, "chi2_df": 3, "chi2_threshold": 7.814727903251179, "N_raw": 37, "N_roi": 33, "N_inlier": 32, "refit": true}
{"timestamp": "16:11:26.388799", "frame": 46, "mu": [0.6445608858520965, 4.3378872869855964, 0.381202986513023], "Sigma": [[0.02761402024072559, -0.0012543048850786602, 0.010015151684423485], [-0.00125430488507866, 0.002138544453938695, -0.0011666782612559403], [0.010015151684423485, -0.00116667826125594, 0.010738866926584842]], "chi2_level": 0.95, "chi2_df": 3, "chi2_threshold": 7.814727903251179, "N_raw": 43, "N_roi": 43, "N_inlier": 39, "refit": true}
{"timestamp": "16:11:26.442833", "frame": 47, "mu": [0.7093371000336537, 4.310191876798394, 0.5344457800988482], "Sigma": [[0.02747926304381473, -0.0010367037484097894, 0.009053239382690306], [-0.0010367037484097894, 0.0006434764854936081, -0.0016754112972117135], [0.009053239382690304, -0.0016754112972117135, 0.018890845581352657]], "chi2_level": 0.95, "chi2_df": 3, "chi2_threshold": 7.814727903251179, "N_raw": 42, "N_roi": 42, "N_inlier": 39, "refit": true}
{"timestamp": "16:11:26.499507", "frame": 48, "mu": [0.7460118572243369, 4.313756170971381, 0.6474225719655153], "Sigma": [[0.019350721741015195, -0.000798853590114709, -0.0009225843115942261], [-0.000798853590114709, 0.0021747305095795935, -0.0025275670447518083], [-0.0009225843115942261, -0.0025275670447518083, 0.0076146263829997615]], "chi2_level": 0.95, "chi2_df": 3, "chi2_threshold": 7.814727903251179, "N_raw": 45, "N_roi": 43, "N_inlier": 39, "refit": true}
{"timestamp": "16:11:26.557400", "frame": 49, "mu": [0.6609026434623838, 4.305872760184882, 0.9466055030503567], "Sigma": [[0.030826900209865605, -0.004281974398592915, -0.016381394139153925], [-0.004281974398592915, 0.004942554908096823, -0.002839611044563023], [-0.01638139413915393, -0.002839611044563023, 0.018270764716846605]], "chi2_level": 0.95, "chi2_df": 3, "chi2_threshold": 7.814727903251179, "N_raw": 67, "N_roi": 67, "N_inlier": 65, "refit": true}
{"timestamp": "16:11:26.613165", "frame": 50, "mu": [0.6374099468127665, 4.251730061145002, 0.752375619937707], "Sigma": [[0.026486277142203182, -0.0015553394337918408, -0.012170268770060012], [-0.0015553394337918408, 0.002792472906881322, -0.006564782752054797], [-0.01217026877006001, -0.006564782752054798, 0.05645664576568501]], "chi2_level": 0.95, "chi2_df": 3, "chi2_threshold": 7.814727903251179, "N_raw": 65, "N_roi": 65, "N_inlier": 61, "refit": true}
{"timestamp": "16:11:26.667138", "frame": 51, "mu": [0.5710939817053874, 4.224420941542084, 1.1087646537058298], "Sigma": [[0.03078894983070548, -0.0038014073861084427, -0.026055286647003656], [-0.0038014073861084435, 0.0032215209464063056, -0.003463351288205861], [-0.02605528664700366, -0.003463351288205861, 0.0498749082574584]], "chi2_level": 0.95, "chi2_df": 3, "chi2_threshold": 7.814727903251179, "N_raw": 67, "N_roi": 67, "N_inlier": 64, "refit": true}
{"timestamp": "16:11:26.722241", "frame": 52, "mu": [0.5253539985528928, 4.178355709031519, 1.149910639376762], "Sigma": [[0.025753902746491933, -0.0032129210584482355, -0.020261621877505426], [-0.003212921058448236, 0.0036545791879612818, -0.008507139223801741], [-0.020261621877505426, -0.008507139223801741, 0.06611030211698371]], "chi2_level": 0.95, "chi2_df": 3, "chi2_threshold": 7.814727903251179, "N_raw": 70, "N_roi": 70, "N_inlier": 66, "refit": true}
{"timestamp": "16:11:26.779440", "frame": 53, "mu": [0.5930148920044144, 4.1277855587913015, 0.9260525388827947], "Sigma": [[0.03188557746120761, -0.0040702410632117315, -0.03158675319208139], [-0.004070241063211732, 0.0028231473841230305, -0.0034810868903448625], [-0.03158675319208139, -0.0034810868903448625, 0.07078714211154001]], "chi2_level": 0.95, "chi2_df": 3, "chi2_threshold": 7.814727903251179, "N_raw": 76, "N_roi": 76, "N_inlier": 73, "refit": true}
{"timestamp": "16:11:26.835292", "frame": 54, "mu": [0.6018815524734422, 4.083444961277539, -0.8673839069304419], "Sigma": [[0.041123091660294056, -0.0013297809135251256, 0.05549865225492449], [-0.0013297809135251256, 0.00436547347425242, -0.011574492773173647], [0.05549865225492449, -0.011574492773173647, 0.44600548116471794]], "chi2_level": 0.95, "chi2_df": 3, "chi2_threshold": 7.814727903251179, "N_raw": 83, "N_roi": 83, "N_inlier": 83, "refit": true}
{"timestamp": "16:11:26.890615", "frame": 55, "mu": [0.634486507722753, 4.081835070087344, -0.9510073417624665], "Sigma": [[0.03163251290311245, 0.011854509816638045, 0.05925349700643495], [0.011854509816638046, 0.012183531702789671, 0.03661097218975214], [0.05925349700643495, 0.03661097218975215, 0.2080354498851094]], "chi2_level": 0.95, "chi2_df": 3, "chi2_threshold": 7.814727903251179, "N_raw": 63, "N_roi": 63, "N_inlier": 60, "refit": true}
{"timestamp": "16:11:26.938480", "frame": 56, "mu": [0.5520349893818578, 3.9826824453493126, 0.9105462046377137], "Sigma": [[0.026916914339967804, -0.004761347942778639, -0.00888480920189089], [-0.004761347942778639, 0.0025786711523395076, 7.093247617915004e-06], [-0.00888480920189089, 7.0932476179150585e-06, 0.008746591900332919]], "chi2_level": 0.95, "chi2_df": 3, "chi2_threshold": 7.814727903251179, "N_raw": 45, "N_roi": 45, "N_inlier": 42, "refit": true}
{"timestamp": "16:11:26.997097", "frame": 57, "mu": [0.5609562108518544, 3.99074885296989, -0.5984078617553752], "Sigma": [[0.028420308722563743, 0.00651850234675738, 0.05068465878908311], [0.00651850234675738, 0.007650403750854326, 0.011871342592659343], [0.05068465878908311, 0.011871342592659342, 0.19964217983734972]], "chi2_level": 0.95, "chi2_df": 3, "chi2_threshold": 7.814727903251179, "N_raw": 66, "N_roi": 66, "N_inlier": 66, "refit": true}
{"timestamp": "16:11:27.051215", "frame": 58, "mu": [0.6459648994112605, 3.8757875041591574, 0.9500475916852357], "Sigma": [[0.028573025461302734, -0.003864403296038424, -0.04389797466013669], [-0.003864403296038424, 0.0020952002069549473, 0.0003336645014728894], [-0.04389797466013669, 0.0003336645014728896, 0.1081488318912234]], "chi2_level": 0.95, "chi2_df": 3, "chi2_threshold": 7.814727903251179, "N_raw": 61, "N_roi": 61, "N_inlier": 57, "refit": true}
{"timestamp": "16:11:27.103262", "frame": 59, "mu": [0.7140914154106858, 3.802070230284382, 0.7858775266032967], "Sigma": [[0.019909840798963116, -0.0033567755577588055, -0.04786367981153364], [-0.0033567755577588055, 0.010726067405853731, -0.0016524420243192225], [-0.047863679811533645, -0.0016524420243192225, 0.19668447426238247]], "chi2_level": 0.95, "chi2_df": 3, "chi2_threshold": 7.814727903251179, "N_raw": 40, "N_roi": 40, "N_inlier": 39, "refit": true}
{"timestamp": "16:11:27.163175", "frame": 60, "mu": [0.6302864887740446, 3.7853489541585676, -1.1001097732051826], "Sigma": [[0.024174289604217216, -0.0073593582101063575, -0.030014309574766074], [-0.007359358210106359, 0.0058749962586001625, 0.0038565826426909494], [-0.030014309574766074, 0.00385658264269095, 0.05745405757240202]], "chi2_level": 0.95, "chi2_df": 3, "chi2_threshold": 7.814727903251179, "N_raw": 73, "N_roi": 73, "N_inlier": 68, "refit": true}
{"timestamp": "16:11:27.216464", "frame": 61, "mu": [0.6158019800237002, 3.770149115169099, -0.5641037078323354], "Sigma": [[0.02329429136383437, 0.00411990802778155, 0.05319943145593672], [0.00411990802778155, 0.007065650100147148, 0.016473290369749635], [0.05319943145593671, 0.016473290369749635, 0.19595104015230966]], "chi2_level": 0.95, "chi2_df": 3, "chi2_threshold": 7.814727903251179, "N_raw": 60, "N_roi": 60, "N_inlier": 57, "refit": true}
{"timestamp": "16:11:27.269189", "frame": 62, "mu": [0.5830235285810826, 3.846227920849238, -0.18805591392600712], "Sigma": [[0.01928067764506529, -0.0017769261135343673, -0.003683152946819871], [-0.0017769261135343669, 0.004579418939186863, -0.004087387839794342], [-0.003683152946819871, -0.004087387839794341, 0.007060534630793804]], "chi2_level": 0.95, "chi2_df": 3, "chi2_threshold": 7.814727903251179, "N_raw": 50, "N_roi": 50, "N_inlier": 49, "refit": true}
{"timestamp": "16:11:27.322307", "frame": 63, "mu": [0.5550388798788284, 3.6576165049952474, 0.7892249292654819], "Sigma": [[0.01596170957487384, -0.003562383660870117, -0.003142044497874734], [-0.003562383660870117, 0.002491280232804437, -0.0007984143921613614], [-0.0031420444978747337, -0.0007984143921613615, 0.0057036751872353774]], "chi2_level": 0.95, "chi2_df": 3, "chi2_threshold": 7.814727903251179, "N_raw": 35, "N_roi": 35, "N_inlier": 31, "refit": true}
{"timestamp": "16:11:27.382497", "frame": 64, "mu": [0.6294775182536816, 3.599487484797621, 0.830395094947583], "Sigma": [[0.025953585466828976, -0.005818049225784572, -0.01337596114870935], [-0.005818049225784574, 0.004047230684300994, -0.00229232969043889], [-0.01337596114870935, -0.00229232969043889, 0.022410128368962653]], "chi2_level": 0.95, "chi2_df": 3, "chi2_threshold": 7.814727903251179, "N_raw": 72, "N_roi": 72, "N_inlier": 69, "refit": true}
{"timestamp": "16:11:27.440717", "frame": 65, "mu": [0.608051204601748, 3.5774632467253293, 1.0185360668131727], "Sigma": [[0.019168400269916973, -0.004358588721487242, 0.004578797591980962], [-0.0043585887214872415, 0.002354976459871564, -0.005780162900234918], [0.004578797591980962, -0.005780162900234918, 0.023131281172457288]], "chi2_level": 0.95, "chi2_df": 3, "chi2_threshold": 7.814727903251179, "N_raw": 55, "N_roi": 55, "N_inlier": 52, "refit": true}
{"timestamp": "16:11:27.495838", "frame": 66, "mu": [0.6509472547204764, 3.527120885515648, 1.0527064013670246], "Sigma": [[0.02159742538601447, -0.006209560196030304, -0.019645933314671085], [-0.006209560196030304, 0.0056694216993234585, -0.0057410844145076145], [-0.019645933314671085, -0.005741084414507615, 0.06555290028643651]], "chi2_level": 0.95, "chi2_df": 3, "chi2_threshold": 7.814727903251179, "N_raw": 88, "N_roi": 88, "N_inlier": 85, "refit": true}
{"timestamp": "16:11:27.547326", "frame": 67, "mu": [0.6751267607538711, 3.586128534693625, -0.036971267556515], "Sigma": [[0.017429848198987942, 0.0009979320825906771, -0.012200269003537854], [0.0009979320825906773, 0.006494554522263374, -0.013242289323327026], [-0.012200269003537854, -0.013242289323327026, 0.03427730181049339]], "chi2_level": 0.95, "chi2_df": 3, "chi2_threshold": 7.814727903251179, "N_raw": 60, "N_roi": 60, "N_inlier": 58, "refit": true}
{"timestamp": "16:11:27.600567", "frame": 68, "mu": [0.6778700183586912, 3.4009286908921066, 0.9159758573195264], "Sigma": [[0.018946201757667015, -0.005622958366871477, -0.00542759401436612], [-0.005622958366871477, 0.002564880943040384, -0.00221679513757023], [-0.00542759401436612, -0.00221679513757023, 0.025431707607056687]], "chi2_level": 0.95, "chi2_df": 3, "chi2_threshold": 7.814727903251179, "N_raw": 59, "N_roi": 59, "N_inlier": 54, "refit": true}
{"timestamp": "16:11:27.655930", "frame": 69, "mu": [0.7805346730496613, 3.3487207038758102, 1.0453267555234078], "Sigma": [[0.025981819917938964, -0.008563157729423551, -0.030656162986608015], [-0.008563157729423551, 0.004470765627451244, 0.006876217007101636], [-0.030656162986608018, 0.006876217007101636, 0.04722458693290088]], "chi2_level": 0.95, "chi2_df": 3, "chi2_threshold": 7.814727903251179, "N_raw": 57, "N_roi": 57, "N_inlier": 55, "refit": true}
{"timestamp": "16:11:27.704247", "frame": 70, "mu": [0.760773917638458, 3.3211327089157585, 0.6029506624096954], "Sigma": [[0.026406191491230753, -0.009802139812238469, 0.020681786476493352], [-0.009802139812238469, 0.006636283480119254, -0.016772375985704885], [0.020681786476493345, -0.016772375985704885, 0.3200963825457236]], "chi2_level": 0.95, "chi2_df": 3, "chi2_threshold": 7.814727903251179, "N_raw": 9, "N_roi": 9, "N_inlier": 9, "refit": true}
{"timestamp": "16:11:27.767549", "frame": 71, "mu": [0.7946585417084638, 3.250318857316921, 0.8436969777954482], "Sigma": [[0.020206795385407615, -0.005125520845893367, -0.009762055702406966], [-0.005125520845893369, 0.003137816640024155, -0.0011046890924175233], [-0.009762055702406965, -0.001104689092417524, 0.03449952342066754]], "chi2_level": 0.95, "chi2_df": 3, "chi2_threshold": 7.814727903251179, "N_raw": 70, "N_roi": 70, "N_inlier": 67, "refit": true}
{"timestamp": "16:11:27.822139", "frame": 72, "mu": [0.814230895297751, 3.1770927077488476, 0.698634219148911], "Sigma": [[0.019591868603969366, -0.003617336478879552, 0.008400405795146136], [-0.0036173364788795515, 0.0020231848594785117, -0.005114843378411277], [0.008400405795146136, -0.005114843378411277, 0.027616063876368502]], "chi2_level": 0.95, "chi2_df": 3, "chi2_threshold": 7.814727903251179, "N_raw": 65, "N_roi": 65, "N_inlier": 62, "refit": true}
{"timestamp": "16:11:27.878687", "frame": 73, "mu": [0.7587415361398147, 3.1870999678870415, 0.877485506114291], "Sigma": [[0.020096917820738767, -0.006567358777178154, -0.006326502977383262], [-0.006567358777178155, 0.004784924899864293, -0.003215306296156069], [-0.006326502977383264, -0.003215306296156069, 0.02220636207719836]], "chi2_level": 0.95, "chi2_df": 3, "chi2_threshold": 7.814727903251179, "N_raw": 78, "N_roi": 78, "N_inlier": 73, "refit": true}
{"timestamp": "16:11:27.931335", "frame": 74, "mu": [0.6575931983620378, 3.3074578563017196, -0.6045675927477479], "Sigma": [[0.016775529652361263, 0.006496138768152319, 0.027907893048098195], [0.006496138768152318, 0.013818710384343702, 0.010351176483912644], [0.027907893048098195, 0.010351176483912646, 0.12304205250644293]], "chi2_level": 0.95, "chi2_df": 3, "chi2_threshold": 7.814727903251179, "N_raw": 54, "N_roi": 54, "N_inlier": 53, "refit": true}
{"timestamp": "16:11:27.990195", "frame": 75, "mu": [0.7354357782997872, 3.1757600692594035, -0.11256652686835451], "Sigma": [[0.019381217383283297, -0.0013162152392413057, 0.05025399455317568], [-0.0013162152392413057, 0.01204309708234752, -0.036034746365570205], [0.05025399455317568, -0.036034746365570205, 0.29962552866245784]], "chi2_level": 0.95, "chi2_df": 3, "chi2_threshold": 7.814727903251179, "N_raw": 83, "N_roi": 83, "N_inlier": 78, "refit": true}
{"timestamp": "16:11:28.038957", "frame": 76, "mu": [0.6501134587264312, 3.0674763179752436, 0.9223161061593833], "Sigma": [[0.012491462612743785, -0.0001832940682953778, -0.021841242038453335], [-0.00018329406829537765, 0.0013952776689323324, -0.0028538237285546204], [-0.021841242038453335, -0.0028538237285546204, 0.08016313641838808]], "chi2_level": 0.95, "chi2_df": 3, "chi2_threshold": 7.814727903251179, "N_raw": 49, "N_roi": 49, "N_inlier": 46, "refit": true}
{"timestamp": "16:11:28.094846", "frame": 77, "mu": [0.5795408850818123, 2.9956915734619693, 0.8752906851166543], "Sigma": [[0.011733160439377263, -0.0006189533494371553, -0.0006543805477083249], [-0.0006189533494371553, 0.0032693895955203545, -0.010136139183890665], [-0.0006543805477083251, -0.010136139183890665, 0.0792362694339611]], "chi2_level": 0.95, "chi2_df": 3, "chi2_threshold": 7.814727903251179, "N_raw": 56, "N_roi": 56, "N_inlier": 52, "refit": true}
{"timestamp": "16:11:28.156151", "frame": 78, "mu": [0.604750462939369, 2.934492847165803, 1.0002474038127567], "Sigma": [[0.014541113439524475, -0.0015815322635798885, -0.0016771732930339817], [-0.0015815322635798885, 0.0013529844808969366, -0.006586810420489388], [-0.0016771732930339809, -0.006586810420489388, 0.10189348033227437]], "chi2_level": 0.95, "chi2_df": 3, "chi2_threshold": 7.814727903251179, "N_raw": 96, "N_roi": 96, "N_inlier": 91, "refit": true}
{"timestamp": "16:11:28.208671", "frame": 79, "mu": [0.6853487693552707, 2.859864042088172, 0.697037858537256], "Sigma": [[0.02639812551638487, -0.0015214772858704688, -0.008378717062825683], [-0.0015214772858704686, 0.001680637754231994, -0.0016751342154613148], [-0.008378717062825683, -0.001675134215461315, 0.017444187408429977]], "chi2_level": 0.95, "chi2_df": 3, "chi2_threshold": 7.814727903251179, "N_raw": 75, "N_roi": 75, "N_inlier": 69, "refit": true}
{"timestamp": "16:11:28.266001", "frame": 80, "mu": [0.5818907039659309, 2.9877082166406312, -0.26640434937532115], "Sigma": [[0.014733106883971031, -0.0008641756342515864, 0.008610339890265047], [-0.0008641756342515862, 0.010160876962849107, -0.025107439292270897], [0.008610339890265044, -0.025107439292270897, 0.09199545253277011]], "chi2_level": 0.95, "chi2_df": 3, "chi2_threshold": 7.814727903251179, "N_raw": 87, "N_roi": 87, "N_inlier": 83, "refit": true}
{"timestamp": "16:11:28.323373", "frame": 81, "mu": [0.6378623000824508, 2.7949413201028688, 0.9628882085462879], "Sigma": [[0.019990927284179325, 0.004527415417076891, -0.005413285226749684], [0.00452741541707689, 0.0036764231212362327, -0.009319494575920104], [-0.005413285226749684, -0.009319494575920104, 0.08886683027127665]], "chi2_level": 0.95, "chi2_df": 3, "chi2_threshold": 7.814727903251179, "N_raw": 100, "N_roi": 100, "N_inlier": 97, "refit": true}
{"timestamp": "16:11:28.378373", "frame": 82, "mu": [0.6648613393202711, 2.8685373685966358, 0.03443538894469439], "Sigma": [[0.024360448549341232, -0.010243284996719301, 0.04985996620065826], [-0.010243284996719303, 0.014874190564661778, -0.05169035885326172], [0.04985996620065826, -0.05169035885326172, 0.23685430951033754]], "chi2_level": 0.95, "chi2_df": 3, "chi2_threshold": 7.814727903251179, "N_raw": 101, "N_roi": 101, "N_inlier": 96, "refit": true}
{"timestamp": "16:11:28.433505", "frame": 83, "mu": [0.6785188563107034, 3.0348824939188437, -0.5718697565069834], "Sigma": [[0.023302071350591185, 0.003386583849659378, -0.029641383710870047], [0.003386583849659378, 0.03595412672147299, -0.078101360580728], [-0.029641383710870047, -0.07810136058072799, 0.2031534585997373]], "chi2_level": 0.95, "chi2_df": 3, "chi2_threshold": 7.814727903251179, "N_raw": 100, "N_roi": 100, "N_inlier": 99, "refit": true}
{"timestamp": "16:11:28.484428", "frame": 84, "mu": [0.6429562475905317, 2.7939369312982203, 0.6076778319831546], "Sigma": [[0.019579910195352657, 0.0057079674220976255, -0.04503013539152023], [0.0057079674220976255, 0.01847968384731243, -0.04579668468103205], [-0.04503013539152023, -0.04579668468103205, 0.23440769489746013]], "chi2_level": 0.95, "chi2_df": 3, "chi2_threshold": 7.814727903251179, "N_raw": 84, "N_roi": 84, "N_inlier": 82, "refit": true}
{"timestamp": "16:11:28.543981", "frame": 85, "mu": [0.6785194088115908, 2.6267350015148936, 0.8729623038833055], "Sigma": [[0.025993490422938994, -0.0011490513947905344, -0.004874267018691886], [-0.0011490513947905346, 0.002587265374675368, -0.002598458678008283], [-0.004874267018691886, -0.002598458678008283, 0.04466771931282554]], "chi2_level": 0.95, "chi2_df": 3, "chi2_threshold": 7.814727903251179, "N_raw": 107, "N_roi": 107, "N_inlier": 102, "refit": true}
{"timestamp": "16:11:28.598251", "frame": 86, "mu": [0.6719007307872261, 2.5871152493095275, 0.9052837884227761], "Sigma": [[0.01909470797132114, -0.0001583340358750648, -0.027518965655475097], [-0.00015833403587506485, 0.012525288833792657, -0.0847679038246587], [-0.027518965655475097, -0.0847679038246587, 0.7184282770972724]], "chi2_level": 0.95, "chi2_df": 3, "chi2_threshold": 7.814727903251179, "N_raw": 101, "N_roi": 101, "N_inlier": 93, "refit": true}
{"timestamp": "16:11:28.654962", "frame": 87, "mu": [0.7120713901916534, 2.54262769840776, 0.7550142194162056], "Sigma": [[0.011526358800670612, -0.0022960851049209866, 0.007826971562815368], [-0.0022960851049209866, 0.008572201222685259, -0.03597107315614344], [0.007826971562815368, -0.03597107315614344, 0.24786063235456032]], "chi2_level": 0.95, "chi2_df": 3, "chi2_threshold": 7.814727903251179, "N_raw": 109, "N_roi": 109, "N_inlier": 98, "refit": true}
{"timestamp": "16:11:28.704116", "frame": 88, "mu": [0.6980554209180829, 2.635593225683278, -0.3188599435623604], "Sigma": [[0.00979527110869817, -0.0011348694171883693, -0.004824486535596179], [-0.0011348694171883693, 0.007345083565973063, -0.014580553535225341], [-0.004824486535596178, -0.014580553535225343, 0.04081438925844652]], "chi2_level": 0.95, "chi2_df": 3, "chi2_threshold": 7.814727903251179, "N_raw": 75, "N_roi": 75, "N_inlier": 69, "refit": true}
{"timestamp": "16:11:28.752245", "frame": 89, "mu": [0.7189646534434749, 2.439031905225375, 0.806315337789006], "Sigma": [[0.006112528389065774, 0.0017035118588430368, -0.02226860897158451], [0.001703511858843037, 0.004253428255474705, -0.02796712164571946], [-0.02226860897158451, -0.02796712164571946, 0.23564374438239716]], "chi2_level": 0.95, "chi2_df": 3, "chi2_threshold": 7.814727903251179, "N_raw": 30, "N_roi": 30, "N_inlier": 28, "refit": true}
{"timestamp": "16:11:28.818219", "frame": 90, "mu": [0.6840724187244829, 2.416393055972982, 1.0578042847495912], "Sigma": [[0.00901326024334712, -0.0024918733741360957, -0.003095905984015046], [-0.0024918733741360957, 0.0023964082954617033, -0.0036343159881470645], [-0.003095905984015046, -0.0036343159881470645, 0.04245251884491851]], "chi2_level": 0.95, "chi2_df": 3, "chi2_threshold": 7.814727903251179, "N_raw": 71, "N_roi": 71, "N_inlier": 66, "refit": true}
{"timestamp": "16:11:28.868241", "frame": 91, "mu": [0.6505635007561141, 2.370913127833555, 0.891732631894181], "Sigma": [[0.014184459153422585, -0.0029610315478208215, 0.011787766669903454], [-0.002961031547820821, 0.001222192756097339, -0.004995023651491435], [0.011787766669903454, -0.004995023651491435, 0.04009465099219658]], "chi2_level": 0.95, "chi2_df": 3, "chi2_threshold": 7.814727903251179, "N_raw": 73, "N_roi": 73, "N_inlier": 67, "refit": true}
{"timestamp": "16:11:28.930114", "frame": 92, "mu": [0.7216781971624514, 2.3171236977246057, 1.051346296692379], "Sigma": [[0.01377466324024927, -0.0027327529064510485, -0.003094656430010223], [-0.0027327529064510485, 0.004533356418040565, -0.007647535240380387], [-0.003094656430010222, -0.007647535240380386, 0.07185259232200714]], "chi2_level": 0.95, "chi2_df": 3, "chi2_threshold": 7.814727903251179, "N_raw": 117, "N_roi": 117, "N_inlier": 114, "refit": true}
{"timestamp": "16:11:28.978693", "frame": 93, "mu": [0.6011227610832922, 2.3048820272547026, 1.0306578870324152], "Sigma": [[0.01138186825821921, -0.004637021538118295, -0.0017226681313087487], [-0.004637021538118295, 0.004439066990145203, -0.00827629608820682], [-0.0017226681313087478, -0.008276296088206823, 0.0649491039510735]], "chi2_level": 0.95, "chi2_df": 3, "chi2_threshold": 7.814727903251179, "N_raw": 71, "N_roi": 71, "N_inlier": 68, "refit": true}
{"timestamp": "16:11:29.031967", "frame": 94, "mu": [0.6206578544632005, 2.28230975263277, 1.0042985815285697], "Sigma": [[0.008863161968154221, -0.0037747358589887777, 0.0031757694174200605], [-0.0037747358589887772, 0.0031665084050809846, -0.007048990552842723], [0.0031757694174200596, -0.007048990552842723, 0.05199910665492023]], "chi2_level": 0.95, "chi2_df": 3, "chi2_threshold": 7.814727903251179, "N_raw": 70, "N_roi": 70, "N_inlier": 67, "refit": true}
{"timestamp": "16:11:29.086838", "frame": 95, "mu": [0.6978243970799181, 2.183797353498768, 1.1780178667110273], "Sigma": [[0.00810085879504126, -0.0037247314245867666, 0.00910401074229575], [-0.0037247314245867666, 0.004480842420072218, -0.014690525291169586], [0.00910401074229575, -0.014690525291169588, 0.09565184722000986]], "chi2_level": 0.95, "chi2_df": 3, "chi2_threshold": 7.814727903251179, "N_raw": 69, "N_roi": 69, "N_inlier": 68, "refit": true}
{"timestamp": "16:11:29.149369", "frame": 96, "mu": [0.7007852963981757, 2.2068481068955323, 0.03377439182098202], "Sigma": [[0.016973222602673775, -0.007004973100176013, 0.10304395551402735], [-0.007004973100176013, 0.01580336782571638, -0.07999439855661983], [0.10304395551402735, -0.07999439855661983, 0.9747775345733825]], "chi2_level": 0.95, "chi2_df": 3, "chi2_threshold": 7.814727903251179, "N_raw": 115, "N_roi": 115, "N_inlier": 110, "refit": true}
{"timestamp": "16:11:29.198834", "frame": 97, "mu": [0.7674965867290034, 2.1056252539766627, 0.9589879350219348], "Sigma": [[0.00962404857152148, -0.0025477789530184217, -0.0031185654015358022], [-0.0025477789530184217, 0.0036591255077368986, -0.012830764064197994], [-0.0031185654015358022, -0.012830764064197994, 0.08787610383071456]], "chi2_level": 0.95, "chi2_df": 3, "chi2_threshold": 7.814727903251179, "N_raw": 76, "N_roi": 76, "N_inlier": 68, "refit": true}
{"timestamp": "16:11:29.257746", "frame": 98, "mu": [0.6132750500389534, 2.0757545123863417, 0.9741717517385252], "Sigma": [[0.01250587685986172, -0.004251668779770462, 0.006058808559479174], [-0.004251668779770462, 0.002607296354325729, -0.004161608083324575], [0.006058808559479174, -0.004161608083324575, 0.07138488951340957]], "chi2_level": 0.95, "chi2_df": 3, "chi2_threshold": 7.814727903251179, "N_raw": 110, "N_roi": 110, "N_inlier": 105, "refit": true}
{"timestamp": "16:11:29.310035", "frame": 99, "mu": [0.7587043050789897, 1.9840706586105683, 0.839571124090203], "Sigma": [[0.010713398266564372, -0.0027112910474913067, -0.00860909338223008], [-0.0027112910474913062, 0.0031568798298703847, 0.0005017323928402449], [-0.00860909338223008, 0.0005017323928402445, 0.03988579012091356]], "chi2_level": 0.95, "chi2_df": 3, "chi2_threshold": 7.814727903251179, "N_raw": 78, "N_roi": 78, "N_inlier": 74, "refit": true}
{"timestamp": "16:11:29.491173", "frame": 100, "mu": [0.6346499490560422, 1.9725926350978222, 1.0159627560653415], "Sigma": [[0.010148445704818817, -0.004932431390285489, -0.008415250522423763], [-0.004932431390285489, 0.005026482038394421, -0.0011964186794920805], [-0.008415250522423763, -0.0011964186794920803, 0.03833519838658222]], "chi2_level": 0.95, "chi2_df": 3, "chi2_threshold": 7.814727903251179, "N_raw": 95, "N_roi": 95, "N_inlier": 91, "refit": true}
{"timestamp": "16:11:29.505716", "frame": 101, "mu": [0.6171831855463793, 1.9003632061647624, 1.0206763186496965], "Sigma": [[0.00808042233094592, -0.0009671631695956466, 0.0026393826171635625], [-0.0009671631695956466, 0.0023269298399089576, -0.004033250189048404], [0.0026393826171635625, -0.004033250189048404, 0.023780311556117477]], "chi2_level": 0.95, "chi2_df": 3, "chi2_threshold": 7.814727903251179, "N_raw": 81, "N_roi": 81, "N_inlier": 76, "refit": true}
{"timestamp": "16:11:29.539168", "frame": 102, "mu": [0.6459072874612376, 1.863819309803618, 0.9730596465301979], "Sigma": [[0.009666305853531561, -0.002829092404397269, 0.009616059455241716], [-0.002829092404397269, 0.0023033731441265692, -0.004951140547377301], [0.009616059455241716, -0.004951140547377301, 0.0759487717458029]], "chi2_level": 0.95, "chi2_df": 3, "chi2_threshold": 7.814727903251179, "N_raw": 88, "N_roi": 88, "N_inlier": 84, "refit": true}
{"timestamp": "16:11:29.569862", "frame": 103, "mu": [0.6187080157342244, 1.864591493908423, 1.0746822540550525], "Sigma": [[0.00872373202784791, -0.002797726984921746, 0.000724007185540384], [-0.0027977269849217457, 0.0033111051095519603, -0.005776292456524568], [0.0007240071855403843, -0.005776292456524569, 0.03011853159297635]], "chi2_level": 0.95, "chi2_df": 3, "chi2_threshold": 7.814727903251179, "N_raw": 94, "N_roi": 94, "N_inlier": 90, "refit": true}
{"timestamp": "16:11:29.599829", "frame": 104, "mu": [0.6087460678055405, 1.8028933661511006, 0.9638790859469558], "Sigma": [[0.009954210516981381, -0.0017000727073279583, -0.008210961416182497], [-0.0017000727073279583, 0.0013928855731577484, -3.102554401426122e-05], [-0.008210961416182497, -3.102554401426122e-05, 0.03499918291074805]], "chi2_level": 0.95, "chi2_df": 3, "chi2_threshold": 7.814727903251179, "N_raw": 87, "N_roi": 87, "N_inlier": 81, "refit": true}
{"timestamp": "16:11:29.640339", "frame": 105, "mu": [0.6716171201419557, 1.7827709949709734, 0.976555199139745], "Sigma": [[0.021234812461707817, -0.009462259030454858, -0.04073330945308866], [-0.009462259030454858, 0.00791725841933022, 0.024058862060559235], [-0.04073330945308866, 0.024058862060559235, 0.1867113989518359]], "chi2_level": 0.95, "chi2_df": 3, "chi2_threshold": 7.814727903251179, "N_raw": 76, "N_roi": 76, "N_inlier": 73, "refit": true}
{"timestamp": "16:11:29.693945", "frame": 106, "mu": [0.5775932495414383, 1.7305936780200462, 1.1138685044784682], "Sigma": [[0.00877762601861982, -0.002353195977900833, -0.006063283664649711], [-0.002353195977900833, 0.0037690190958250547, -0.0004975408532996804], [-0.006063283664649711, -0.000497540853299679, 0.05221605632071406]], "chi2_level": 0.95, "chi2_df": 3, "chi2_threshold": 7.814727903251179, "N_raw": 78, "N_roi": 78, "N_inlier": 71, "refit": true}
{"timestamp": "16:11:29.750805", "frame": 107, "mu": [0.600052520085701, 1.5797963956393164, 0.6558014512070321], "Sigma": [[0.026921939037379286, -0.01957588620717411, -0.07153320933833879], [-0.01957588620717411, 0.022341127239857365, 0.0792370176331919], [-0.07153320933833879, 0.07923701763319191, 0.3187655705988292]], "chi2_level": 0.95, "chi2_df": 3, "chi2_threshold": 7.814727903251179, "N_raw": 90, "N_roi": 90, "N_inlier": 87, "refit": true}
{"timestamp": "16:11:29.803566", "frame": 108, "mu": [0.5872639919879127, 1.5999056162355758, 1.0165466839688895], "Sigma": [[0.012923700682415313, -0.0012840043903819907, -0.003217071008673575], [-0.0012840043903819907, 0.001430577318399659, -0.002399879409355904], [-0.003217071008673575, -0.002399879409355904, 0.07026512423660947]], "chi2_level": 0.95, "chi2_df": 3, "chi2_threshold": 7.814727903251179, "N_raw": 76, "N_roi": 75, "N_inlier": 72, "refit": true}
{"timestamp": "16:11:29.859162", "frame": 109, "mu": [0.5754113161463192, 1.5458902562562797, 0.7353341201973929], "Sigma": [[0.016143723541434854, -0.0005679329346705763, -0.04277173783702015], [-0.0005679329346705762, 0.004317831461190109, 0.015359714301098996], [-0.04277173783702016, 0.015359714301098996, 0.2598238529550568]], "chi2_level": 0.95, "chi2_df": 3, "chi2_threshold": 7.814727903251179, "N_raw": 82, "N_roi": 82, "N_inlier": 81, "refit": true}
{"timestamp": "16:11:29.914444", "frame": 110, "mu": [0.6256588231276339, 1.5497449888866415, 1.0090697545259824], "Sigma": [[0.009479261859146298, -0.0004920295805897615, -0.0068123189203521655], [-0.0004920295805897614, 0.002011411890748197, 0.002307277672522141], [-0.006812318920352165, 0.002307277672522141, 0.03431150582876133]], "chi2_level": 0.95, "chi2_df": 3, "chi2_threshold": 7.814727903251179, "N_raw": 83, "N_roi": 83, "N_inlier": 76, "refit": true}
{"timestamp": "16:11:29.967700", "frame": 111, "mu": [0.5626421439182533, 1.516540075832661, 1.056893367070241], "Sigma": [[0.0062271792194009785, 0.0002085494681178438, 0.0015288207007722605], [0.00020854946811784382, 0.0011612039316827982, -0.0007652707475991694], [0.0015288207007722605, -0.0007652707475991694, 0.019178504366326198]], "chi2_level": 0.95, "chi2_df": 3, "chi2_threshold": 7.814727903251179, "N_raw": 69, "N_roi": 69, "N_inlier": 63, "refit": true}
{"timestamp": "16:11:30.027277", "frame": 112, "mu": [0.6642635139935442, 1.446303853455312, 1.2065911661286746], "Sigma": [[0.005486092029493625, -0.0029793198430476016, 0.0026194894086381372], [-0.0029793198430476016, 0.005964412281609948, -0.010941137616351399], [0.0026194894086381372, -0.010941137616351399, 0.03949114319408367]], "chi2_level": 0.95, "chi2_df": 3, "chi2_threshold": 7.814727903251179, "N_raw": 98, "N_roi": 98, "N_inlier": 94, "refit": true}
{"timestamp": "16:11:30.079671", "frame": 113, "mu": [0.6619836154214198, 1.3998476063488896, 1.2868648997723149], "Sigma": [[0.004189453999839774, -0.0023864151094094115, 0.0035247367957320615], [-0.0023864151094094115, 0.0073564680018082225, -0.011603955321366802], [0.0035247367957320615, -0.011603955321366802, 0.02536893335956377]], "chi2_level": 0.95, "chi2_df": 3, "chi2_threshold": 7.814727903251179, "N_raw": 83, "N_roi": 83, "N_inlier": 80, "refit": true}
{"timestamp": "16:11:30.129282", "frame": 114, "mu": [0.7276407442904993, 1.3416038715959477, 0.6946865222101423], "Sigma": [[0.014629746270555735, -0.0007748801290079241, -0.06648435477687337], [-0.0007748801290079238, 0.007688969451521284, -0.022145642297957367], [-0.06648435477687337, -0.02214564229795736, 0.5356281361113687]], "chi2_level": 0.95, "chi2_df": 3, "chi2_threshold": 7.814727903251179, "N_raw": 49, "N_roi": 49, "N_inlier": 46, "refit": true}
