{"timestamp": "16:14:32.115160", "frame": 31, "mu": [2.335151466696132, 4.4038701756085725, 1.4535242577947414], "Sigma": [[0.009290595425815314, -0.003507101812394652, -0.005506219516261412], [-0.003507101812394652, 0.004525669164022372, 0.0018021328382214121], [-0.005506219516261412, 0.0018021328382214121, 0.006344622756434255]], "chi2_level": 0.99, "chi2_df": 3, "chi2_threshold": 11.344866730144373, "N_raw": 20, "N_roi": 15, "N_inlier": 15, "refit": true}
{"timestamp": "16:14:32.884513", "frame": 45, "mu": [2.0604118514272525, 4.12376080311827, 1.211845922246587], "Sigma": [[0.013143564060113676, -0.0065886698161937065, -0.0020117940296550682], [-0.0065886698161937065, 0.004308903762275673, 0.0013692426507673579], [-0.0020117940296550682, 0.0013692426507673579, 0.002094540132273753]], "chi2_level": 0.99, "chi2_df": 3, "chi2_threshold": 11.344866730144373, "N_raw": 12, "N_roi": 11, "N_inlier": 11, "refit": true}
{"timestamp": "16:14:32.941749", "frame": 46, "mu": [2.0041941873162172, 4.115311228118338, 1.194302274958241], "Sigma": [[0.019011685751703825, -0.009223951558580221, -0.0041181616175636915], [-0.009223951558580221, 0.0062370468429109125, 0.0014553468018022148], [-0.0041181616175636915, 0.0014553468018022146, 0.002851855811339355]], "chi2_level": 0.99, "chi2_df": 3, "chi2_threshold": 11.344866730144373, "N_raw": 24, "N_roi": 23, "N_inlier": 22, "refit": true}
{"timestamp": "16:14:32.996446", "frame": 47, "mu": [1.9670455558582396, 4.111335276808998, 1.2849321024915192], "Sigma": [[0.011344826770016329, -0.005941084466410226, -0.0058024095228750554], [-0.005941084466410226, 0.004146487774106769, 0.0032975228169669826], [-0.0058024095228750554, 0.0032975228169669817, 0.0044859964862162946]], "chi2_level": 0.99, "chi2_df": 3, "chi2_threshold": 11.344866730144373, "N_raw": 10, "N_roi": 10, "N_inlier": 10, "refit": true}
{"timestamp": "16:14:33.438779", "frame": 55, "mu": [1.6227356480811226, 4.238044144868054, -0.24524142827883866], "Sigma": [[0.013276951682298381, -0.003313485355430023, 0.041364654006565416], [-0.003313485355430023, 0.004237839343894546, -0.004129938649649707], [0.041364654006565416, -0.004129938649649707, 0.22720830285608848]], "chi2_level": 0.99, "chi2_df": 3, "chi2_threshold": 11.344866730144373, "N_raw": 23, "N_roi": 23, "N_inlier": 23, "refit": true}
{"timestamp": "16:14:33.491430", "frame": 56, "mu": [1.6445043523999665, 4.077949562278241, 1.0582527574000098], "Sigma": [[0.00811089521860269, -0.0036072721547221473, -0.008720246309014084], [-0.0036072721547221473, 0.0019733137403547974, 0.0025904988223798392], [-0.008720246309014084, 0.0025904988223798392, 0.025515773814345742]], "chi2_level": 0.99, "chi2_df": 3, "chi2_threshold": 11.344866730144373, "N_raw": 11, "N_roi": 11, "N_inlier": 11, "refit": true}
{"timestamp": "16:14:34.042161", "frame": 66, "mu": [0.9673458520761563, 4.152615783903414, 1.2739879523708055], "Sigma": [[0.005232770953896656, -0.0021000545141016793, -0.004675742960621753], [-0.0021000545141016793, 0.003175618633901939, 0.0021183095308875584], [-0.004675742960621753, 0.0021183095308875584, 0.006021098407978229]], "chi2_level": 0.99, "chi2_df": 3, "chi2_threshold": 11.344866730144373, "N_raw": 14, "N_roi": 14, "N_inlier": 14, "refit": true}
{"timestamp": "16:14:34.099129", "frame": 67, "mu": [0.9871427452980117, 4.090685802645009, 1.0986150302437148], "Sigma": [[0.011232364574555282, -0.0040631292083832685, -0.007793320363337842], [-0.004063129208383268, 0.004975741685507756, 0.0031575340990208966], [-0.007793320363337842, 0.0031575340990208974, 0.007676045755576869]], "chi2_level": 0.99, "chi2_df": 3, "chi2_threshold": 11.344866730144373, "N_raw": 32, "N_roi": 28, "N_inlier": 28, "refit": true}
{"timestamp": "16:14:34.483669", "frame": 74, "mu": [0.7101307604724638, 4.318485505520742, 0.11818614726917802], "Sigma": [[0.011167929868877902, 0.0015799909446658847, -0.011587333262912211], [0.0015799909446658849, 0.0029831553424038443, -0.006046430014402877], [-0.01158733326291221, -0.006046430014402877, 0.020694732762765844]], "chi2_level": 0.99, "chi2_df": 3, "chi2_threshold": 11.344866730144373, "N_raw": 21, "N_roi": 19, "N_inlier": 18, "refit": true}
{"timestamp": "16:14:34.650135", "frame": 77, "mu": [0.3886870894623022, 4.180127743479819, 1.2186384526288392], "Sigma": [[0.012080555374068968, -0.002852122307200347, -0.013267239132761679], [-0.0028521223072003467, 0.002983555285795923, -0.001769287732830526], [-0.013267239132761679, -0.0017692877328305257, 0.03773225746132644]], "chi2_level": 0.99, "chi2_df": 3, "chi2_threshold": 11.344866730144373, "N_raw": 37, "N_roi": 34, "N_inlier": 34, "refit": true}
{"timestamp": "16:14:34.758884", "frame": 79, "mu": [0.3615516558783491, 4.197904975228959, 1.3072330652488802], "Sigma": [[0.013287921989900347, -0.0017274544219058716, -0.006150337729183697], [-0.001727454421905872, 0.002616723666871096, 0.0008859620029878381], [-0.006150337729183697, 0.0008859620029878382, 0.004633309993039849]], "chi2_level": 0.99, "chi2_df": 3, "chi2_threshold": 11.344866730144373, "N_raw": 27, "N_roi": 25, "N_inlier": 23, "refit": true}
{"timestamp": "16:14:34.811181", "frame": 80, "mu": [0.3300144376053428, 4.156501077950477, 1.1900286583715747], "Sigma": [[0.005545672961122897, -0.0020016910125161616, -0.0035477161054554692], [-0.0020016910125161616, 0.0034512073869836955, 0.00307829394427566], [-0.0035477161054554692, 0.0030782939442756604, 0.004935045528018109]], "chi2_level": 0.99, "chi2_df": 3, "chi2_threshold": 11.344866730144373, "N_raw": 11, "N_roi": 10, "N_inlier": 10, "refit": true}
{"timestamp": "16:14:35.032553", "frame": 84, "mu": [-0.0792709479261083, 4.253451933847942, 0.4886247115796995], "Sigma": [[0.01488586153682134, -0.005284477093250301, 0.051133227423492675], [-0.005284477093250301, 0.004361983968612502, -0.022223034574847478], [0.051133227423492675, -0.022223034574847478, 0.27367327025283666]], "chi2_level": 0.99, "chi2_df": 3, "chi2_threshold": 11.344866730144373, "N_raw": 20, "N_roi": 17, "N_inlier": 17, "refit": true}
{"timestamp": "16:14:35.086910", "frame": 85, "mu": [0.04669492455212289, 4.167869742387727, 1.1302634227028572], "Sigma": [[0.013970848819070516, -0.00900261304623992, 0.024699681463181453], [-0.00900261304623992, 0.009903992463966081, -0.024794383685040798], [0.024699681463181453, -0.024794383685040798, 0.10564127191330372]], "chi2_level": 0.99, "chi2_df": 3, "chi2_threshold": 11.344866730144373, "N_raw": 19, "N_roi": 19, "N_inlier": 19, "refit": true}
{"timestamp": "16:14:35.251170", "frame": 88, "mu": [-0.04344884850139651, 4.333090964567444, -0.7922582338484793], "Sigma": [[0.020052909411080365, 0.026785347033373617, 0.0066183886546785555], [0.02678534703337362, 0.04432332878052951, -0.01218555124971887], [0.0066183886546785555, -0.01218555124971887, 0.17483915884582799]], "chi2_level": 0.99, "chi2_df": 3, "chi2_threshold": 11.344866730144373, "N_raw": 12, "N_roi": 12, "N_inlier": 12, "refit": true}
{"timestamp": "16:14:35.306516", "frame": 89, "mu": [-0.14791538824710865, 4.146648906106142, 1.2435408017358036], "Sigma": [[0.02064875590559413, 0.008907336950031246, -0.03411958363153003], [0.008907336950031246, 0.007876624963144539, -0.02402079291164364], [-0.03411958363153003, -0.02402079291164364, 0.0991065134574627]], "chi2_level": 0.99, "chi2_df": 3, "chi2_threshold": 11.344866730144373, "N_raw": 17, "N_roi": 17, "N_inlier": 16, "refit": true}
{"timestamp": "16:14:35.360933", "frame": 90, "mu": [-0.23295890592890467, 4.155915811166366, 0.283543168499099], "Sigma": [[0.007323811582331772, 0.0004217569218833271, -0.001076319128717391], [0.00042175692188332713, 0.0008247862746818491, -1.2747141193189578e-05], [-0.001076319128717391, -1.2747141193189578e-05, 0.0002823591933445314]], "chi2_level": 0.99, "chi2_df": 3, "chi2_threshold": 11.344866730144373, "N_raw": 11, "N_roi": 11, "N_inlier": 10, "refit": true}
{"timestamp": "16:14:35.531540", "frame": 93, "mu": [-0.3792286961661183, 4.137659858655326, 1.329151105876335], "Sigma": [[0.02892976228593734, 0.0014697994468318002, -0.004560601705905681], [0.0014697994468318, 0.0045079105298864676, -0.0021253175609426654], [-0.004560601705905681, -0.0021253175609426654, 0.004474719178991107]], "chi2_level": 0.99, "chi2_df": 3, "chi2_threshold": 11.344866730144373, "N_raw": 54, "N_roi": 52, "N_inlier": 52, "refit": true}
{"timestamp": "16:14:35.590797", "frame": 94, "mu": [-0.44488703331866164, 4.1121260582498085, 1.2453738910673517], "Sigma": [[0.020366126221324464, 0.00024031091482824092, -0.007338585626717919], [0.0002403109148282407, 0.0037663199714056857, 0.0014916785205459984], [-0.007338585626717919, 0.0014916785205459984, 0.005136730172929157]], "chi2_level": 0.99, "chi2_df": 3, "chi2_threshold": 11.344866730144373, "N_raw": 57, "N_roi": 34, "N_inlier": 33, "refit": true}
{"timestamp": "16:14:35.642438", "frame": 95, "mu": [-0.49057514837538907, 4.10737932810562, 1.179244915226138], "Sigma": [[0.01712476997658488, -9.230629695607784e-05, -0.005794045203540962], [-9.230629695607801e-05, 0.004105389327994276, -0.008800274801622958], [-0.005794045203540961, -0.00880027480162296, 0.02777717568493862]], "chi2_level": 0.99, "chi2_df": 3, "chi2_threshold": 11.344866730144373, "N_raw": 46, "N_roi": 43, "N_inlier": 42, "refit": true}
{"timestamp": "16:14:35.750117", "frame": 97, "mu": [-0.6237844967997321, 4.095052272488904, 1.290538946725734], "Sigma": [[0.021979229246014836, 0.000735868907299761, -0.010400055992372755], [0.000735868907299761, 0.0014915299988024786, -0.0008991286430302455], [-0.010400055992372755, -0.0008991286430302457, 0.005788044845673117]], "chi2_level": 0.99, "chi2_df": 3, "chi2_threshold": 11.344866730144373, "N_raw": 33, "N_roi": 28, "N_inlier": 25, "refit": true}
{"timestamp": "16:14:35.804155", "frame": 98, "mu": [-0.6570534772842241, 4.142962442310204, 1.061475047516481], "Sigma": [[0.017624273544266766, 0.0026867462743610706, -0.0075783298663441995], [0.0026867462743610706, 0.0023373065266781155, -0.0037741629881276294], [-0.0075783298663441995, -0.0037741629881276294, 0.008715819247460154]], "chi2_level": 0.99, "chi2_df": 3, "chi2_threshold": 11.344866730144373, "N_raw": 32, "N_roi": 32, "N_inlier": 30, "refit": true}
{"timestamp": "16:14:35.945076", "frame": 100, "mu": [-0.7802260896256099, 4.236317643554023, -0.08645114970366076], "Sigma": [[0.019072669692208978, 0.005784065137879317, 0.04037910665976471], [0.005784065137879317, 0.007608345995538305, 0.013228027455631945], [0.04037910665976471, 0.013228027455631945, 0.1824521893616672]], "chi2_level": 0.99, "chi2_df": 3, "chi2_threshold": 11.344866730144373, "N_raw": 45, "N_roi": 43, "N_inlier": 43, "refit": true}
{"timestamp": "16:14:35.966987", "frame": 101, "mu": [-0.7795622652970742, 4.141994130449519, 1.0114241271084428], "Sigma": [[0.00947078233641308, 0.0013847498791036087, -0.02723714598684564], [0.0013847498791036087, 0.005147493694846181, -0.014986411462320609], [-0.027237145986845637, -0.014986411462320607, 0.1514743295027733]], "chi2_level": 0.99, "chi2_df": 3, "chi2_threshold": 11.344866730144373, "N_raw": 15, "N_roi": 12, "N_inlier": 12, "refit": true}
{"timestamp": "16:14:36.022137", "frame": 102, "mu": [-0.8215151880679721, 4.294113685550143, -0.05352954744081684], "Sigma": [[0.010688274830203957, 0.007284629443169806, -0.015537040600885087], [0.0072846294431698055, 0.014237558367002636, -0.028030596220833644], [-0.015537040600885087, -0.028030596220833648, 0.05711188101848268]], "chi2_level": 0.99, "chi2_df": 3, "chi2_threshold": 11.344866730144373, "N_raw": 16, "N_roi": 14, "N_inlier": 13, "refit": true}
{"timestamp": "16:14:36.082691", "frame": 103, "mu": [-0.826114678567592, 4.259913454836037, -1.161124805053615], "Sigma": [[0.023624116677094124, 0.018334356524833846, 0.031018456219948053], [0.018334356524833846, 0.026386770418820225, 0.0366739939565208], [0.031018456219948056, 0.036673993956520795, 0.19846273165238665]], "chi2_level": 0.99, "chi2_df": 3, "chi2_threshold": 11.344866730144373, "N_raw": 54, "N_roi": 51, "N_inlier": 51, "refit": true}
{"timestamp": "16:14:36.134607", "frame": 104, "mu": [-0.9837602896559862, 4.141282733655997, 1.097210131083105], "Sigma": [[0.012098201409719376, 0.002280239620366158, -0.007578885390584508], [0.002280239620366158, 0.00226740304427333, -0.003294853427719207], [-0.007578885390584508, -0.003294853427719207, 0.00789184808363607]], "chi2_level": 0.99, "chi2_df": 3, "chi2_threshold": 11.344866730144373, "N_raw": 29, "N_roi": 27, "N_inlier": 26, "refit": true}
{"timestamp": "16:14:36.188703", "frame": 105, "mu": [-0.9953594565101761, 4.053104303050962, 1.0576291943182332], "Sigma": [[0.015586433327223434, 0.0016724701977202119, -0.002453329243572686], [0.0016724701977202114, 0.0019567933267969537, -0.0008185298792877248], [-0.0024533292435726856, -0.0008185298792877248, 0.0015982748989640415]], "chi2_level": 0.99, "chi2_df": 3, "chi2_threshold": 11.344866730144373, "N_raw": 27, "N_roi": 27, "N_inlier": 25, "refit": true}
{"timestamp": "16:14:36.248340", "frame": 106, "mu": [-1.014698185176787, 4.191388360208573, 0.18001592148654932], "Sigma": [[0.024503709320715952, 0.007896772847775079, -0.011761985737545378], [0.007896772847775079, 0.00784889642476491, -0.0037669907122253763], [-0.011761985737545378, -0.0037669907122253763, 0.006443763983168244]], "chi2_level": 0.99, "chi2_df": 3, "chi2_threshold": 11.344866730144373, "N_raw": 54, "N_roi": 52, "N_inlier": 52, "refit": true}
{"timestamp": "16:14:36.299715", "frame": 107, "mu": [-1.0971467184362238, 4.038070627591398, 1.0124646288665882], "Sigma": [[0.019980870248245703, 0.0026890448494644656, -0.010014225203579858], [0.0026890448494644656, 0.0034480262719599857, -0.001977443430844864], [-0.010014225203579858, -0.001977443430844864, 0.006762520698201893]], "chi2_level": 0.99, "chi2_df": 3, "chi2_threshold": 11.344866730144373, "N_raw": 40, "N_roi": 39, "N_inlier": 38, "refit": true}
{"timestamp": "16:14:36.358157", "frame": 108, "mu": [-1.150583774877301, 4.0468714248132, 1.0255421640195816], "Sigma": [[0.02198947141716045, 0.0024638225231759193, -0.011239605872306498], [0.0024638225231759193, 0.00414299625596687, -0.003967648623782245], [-0.0112396058723065, -0.003967648623782245, 0.009443363314221673]], "chi2_level": 0.99, "chi2_df": 3, "chi2_threshold": 11.344866730144373, "N_raw": 49, "N_roi": 49, "N_inlier": 49, "refit": true}
{"timestamp": "16:14:36.573296", "frame": 112, "mu": [-1.3752089917482448, 4.108167061679367, 1.2695546472188501], "Sigma": [[0.013587938398089095, 0.0031510918246824803, -0.007764900565820769], [0.0031510918246824803, 0.002968344669077281, -0.0009401528367909628], [-0.00776490056582077, -0.0009401528367909628, 0.0060303300479833686]], "chi2_level": 0.99, "chi2_df": 3, "chi2_threshold": 11.344866730144373, "N_raw": 23, "N_roi": 23, "N_inlier": 21, "refit": true}
{"timestamp": "16:14:36.628923", "frame": 113, "mu": [-1.4856219137482247, 4.0519364756906775, 1.3936355437815788], "Sigma": [[0.014247449082025897, 0.003320040614380834, -0.009355994757397904], [0.003320040614380834, 0.005208816171902784, 0.0003656300600993246], [-0.009355994757397904, 0.00036563006009932464, 0.009365079330309967]], "chi2_level": 0.99, "chi2_df": 3, "chi2_threshold": 11.344866730144373, "N_raw": 32, "N_roi": 30, "N_inlier": 28, "refit": true}
{"timestamp": "16:14:36.683469", "frame": 114, "mu": [-1.5273924369619551, 4.084233482977038, 1.2423419551569879], "Sigma": [[0.018130534779843457, 0.007234698234460765, -0.04796845818979994], [0.007234698234460766, 0.008079612663297537, -0.027661943327624554], [-0.04796845818979994, -0.027661943327624554, 0.18238959009804975]], "chi2_level": 0.99, "chi2_df": 3, "chi2_threshold": 11.344866730144373, "N_raw": 23, "N_roi": 21, "N_inlier": 21, "refit": true}
{"timestamp": "16:14:36.791749", "frame": 116, "mu": [-1.5108017469551256, 4.198754307144611, 0.031416366721483735], "Sigma": [[0.003407422843177377, 0.0007995831582451689, -0.0036066679953192828], [0.0007995831582451689, 0.004865814946575749, -0.0034258238003268262], [-0.0036066679953192828, -0.0034258238003268262, 0.006535563710151717]], "chi2_level": 0.99, "chi2_df": 3, "chi2_threshold": 11.344866730144373, "N_raw": 15, "N_roi": 10, "N_inlier": 10, "refit": true}
{"timestamp": "16:14:36.848274", "frame": 117, "mu": [-1.6414254594743165, 4.056056285642813, 1.0560817611947317], "Sigma": [[0.012023309528008888, 0.0025389643132938443, -0.012706576509294], [0.0025389643132938443, 0.002662017425821595, -0.0024878545939369624], [-0.012706576509294, -0.0024878545939369624, 0.014700513141207546]], "chi2_level": 0.99, "chi2_df": 3, "chi2_threshold": 11.344866730144373, "N_raw": 24, "N_roi": 12, "N_inlier": 12, "refit": true}
{"timestamp": "16:14:37.068782", "frame": 121, "mu": [-1.9824694973786543, 4.0815612917039985, 1.4474858598112768], "Sigma": [[0.015762600362358693, 0.0044690216736560946, -0.025131101305304087], [0.0044690216736560946, 0.0031489340096662486, -0.008038141020016197], [-0.02513110130530409, -0.008038141020016197, 0.042546703014305694]], "chi2_level": 0.99, "chi2_df": 3, "chi2_threshold": 11.344866730144373, "N_raw": 24, "N_roi": 21, "N_inlier": 21, "refit": true}
{"timestamp": "16:14:37.123114", "frame": 122, "mu": [-2.0153216711473965, 4.034081013363778, 1.6306541811745565], "Sigma": [[0.012962622278071094, 0.0043121798487471595, -0.013788110855251112], [0.0043121798487471595, 0.005037218193691331, -0.004469942692099962], [-0.013788110855251112, -0.004469942692099962, 0.017291733961135182]], "chi2_level": 0.99, "chi2_df": 3, "chi2_threshold": 11.344866730144373, "N_raw": 25, "N_roi": 21, "N_inlier": 21, "refit": true}
{"timestamp": "16:14:37.232619", "frame": 124, "mu": [-2.0876935988908025, 4.087870883303056, 1.3692012139750431], "Sigma": [[0.01329738051736212, 0.0037470895090750116, -0.020925071247401894], [0.0037470895090750116, 0.003213804846281928, -0.00836007370390248], [-0.02092507124740189, -0.00836007370390248, 0.045126276321999725]], "chi2_level": 0.99, "chi2_df": 3, "chi2_threshold": 11.344866730144373, "N_raw": 25, "N_roi": 22, "N_inlier": 21, "refit": true}
{"timestamp": "16:14:37.343757", "frame": 126, "mu": [-2.0929424750513492, 4.022868225387132, 1.1540508211473892], "Sigma": [[0.012124950204631264, 0.0038716389759265984, -0.013821729126106488], [0.0038716389759265984, 0.004790467612737469, -0.007085196511762404], [-0.013821729126106486, -0.0070851965117624035, 0.02722437170515345]], "chi2_level": 0.99, "chi2_df": 3, "chi2_threshold": 11.344866730144373, "N_raw": 27, "N_roi": 25, "N_inlier": 24, "refit": true}
{"timestamp": "16:14:37.496106", "frame": 127, "mu": [-2.2236198088338917, 3.973213119096861, 1.2648274462038505], "Sigma": [[0.01902522920069697, 0.007597502528725153, -0.017655433126533844], [0.007597502528725153, 0.00796777088274159, -0.00834198429954867], [-0.017655433126533844, -0.00834198429954867, 0.020782353925006825]], "chi2_level": 0.99, "chi2_df": 3, "chi2_threshold": 11.344866730144373, "N_raw": 39, "N_roi": 36, "N_inlier": 34, "refit": true}
{"timestamp": "16:14:37.525150", "frame": 128, "mu": [-2.2502305734408155, 4.019524752772665, 0.9422696452628141], "Sigma": [[0.01693235292140795, 0.009479474441726555, -0.03161970302853023], [0.009479474441726555, 0.015148093707903112, -0.05284692534378524], [-0.03161970302853023, -0.05284692534378524, 0.22536490583630228]], "chi2_level": 0.99, "chi2_df": 3, "chi2_threshold": 11.344866730144373, "N_raw": 48, "N_roi": 45, "N_inlier": 45, "refit": true}
{"timestamp": "16:14:37.556947", "frame": 129, "mu": [-2.242900390315023, 3.957048682195198, 1.1535754048370461], "Sigma": [[0.01778777664248768, 0.005921118531545965, -0.009854279497093556], [0.005921118531545965, 0.0064194652223856655, -0.006645016282613655], [-0.009854279497093556, -0.006645016282613654, 0.013851627377877481]], "chi2_level": 0.99, "chi2_df": 3, "chi2_threshold": 11.344866730144373, "N_raw": 41, "N_roi": 37, "N_inlier": 35, "refit": true}
{"timestamp": "16:14:37.588111", "frame": 130, "mu": [-2.2746172488750673, 3.913573971580552, 1.1668089623577005], "Sigma": [[0.017635378890195338, 0.006766091228692737, -0.012052307934390624], [0.006766091228692737, 0.006092297585290086, -0.005578489628187026], [-0.012052307934390624, -0.005578489628187026, 0.01011080626915631]], "chi2_level": 0.99, "chi2_df": 3, "chi2_threshold": 11.344866730144373, "N_raw": 41, "N_roi": 31, "N_inlier": 30, "refit": true}
{"timestamp": "16:14:37.623137", "frame": 131, "mu": [-2.2999948835363555, 3.9282211865353123, 1.0899986083496658], "Sigma": [[0.013545282744917649, 0.005750321591259962, -0.00866878919193326], [0.005750321591259962, 0.007623022589438553, -0.007671008441922914], [-0.00866878919193326, -0.007671008441922915, 0.010648014603246532]], "chi2_level": 0.99, "chi2_df": 3, "chi2_threshold": 11.344866730144373, "N_raw": 57, "N_roi": 36, "N_inlier": 35, "refit": true}
{"timestamp": "16:14:37.729058", "frame": 133, "mu": [-2.2614653815733274, 4.09752736631797, 0.7966754341043901], "Sigma": [[0.019852318509268288, 0.01591665803539563, -0.0526750553470232], [0.01591665803539563, 0.015104206718927333, -0.049212287535968555], [-0.0526750553470232, -0.049212287535968555, 0.17166848890505787]], "chi2_level": 0.99, "chi2_df": 3, "chi2_threshold": 11.344866730144373, "N_raw": 27, "N_roi": 16, "N_inlier": 16, "refit": true}
{"timestamp": "16:14:37.782842", "frame": 134, "mu": [-2.2020062041497974, 4.204883339159065, 0.3570526568496277], "Sigma": [[0.01982180345983411, 0.0036367735881368264, -0.014161644279702172], [0.003636773588136827, 0.000987638218094552, -0.002707982472977896], [-0.014161644279702172, -0.002707982472977896, 0.022784333099771778]], "chi2_level": 0.99, "chi2_df": 3, "chi2_threshold": 11.344866730144373, "N_raw": 25, "N_roi": 22, "N_inlier": 21, "refit": true}
{"timestamp": "16:14:37.839162", "frame": 135, "mu": [-2.2800681800389455, 4.195617764748032, 0.5955963213673012], "Sigma": [[0.016153191580400163, 0.00781119568205859, -0.04451351334025126], [0.00781119568205859, 0.005304713336401807, -0.026446393100253995], [-0.04451351334025127, -0.026446393100253998, 0.1657086504627135]], "chi2_level": 0.99, "chi2_df": 3, "chi2_threshold": 11.344866730144373, "N_raw": 29, "N_roi": 11, "N_inlier": 11, "refit": true}
