{"timestamp": "15:22:40.520098", "frame": 41, "mu": [-2.405373192954849, 3.1346381943935198, 0.9304910801413708], "Sigma": [[0.003925693527045968, 0.0008284124429794755, -0.0004992637313829412], [0.0008284124429794755, 0.0018120842568085146, -0.0012637581362768037], [-0.0004992637313829413, -0.0012637581362768037, 0.0010485579717433512]], "chi2_level": 0.99, "chi2_df": 3, "chi2_threshold": 11.344866730144373, "N_raw": 41, "N_roi": 13, "N_inlier": 12, "refit": true}
{"timestamp": "15:22:40.627278", "frame": 43, "mu": [-2.3676912894649527, 3.0688993375576454, 0.7005763435530367], "Sigma": [[0.004324881315110585, 0.0022160906652873764, -0.004964956092806979], [0.0022160906652873764, 0.004888765822937568, -0.006299968522100071], [-0.004964956092806979, -0.006299968522100071, 0.013374883377614503]], "chi2_level": 0.99, "chi2_df": 3, "chi2_threshold": 11.344866730144373, "N_raw": 25, "N_roi": 19, "N_inlier": 18, "refit": true}
{"timestamp": "15:22:40.690475", "frame": 44, "mu": [-2.339531106162684, 3.0730111113446434, 0.8527158645338409], "Sigma": [[0.007401370094703457, 0.003915465958778894, -0.0018728531927449273], [0.003915465958778894, 0.005370918255665378, -0.006884532901947946], [-0.0018728531927449273, -0.006884532901947946, 0.13864807502599277]], "chi2_level": 0.99, "chi2_df": 3, "chi2_threshold": 11.344866730144373, "N_raw": 55, "N_roi": 36, "N_inlier": 35, "refit": true}
{"timestamp": "15:22:40.852285", "frame": 47, "mu": [-2.305744219150077, 2.9547905969604935, -0.841221387232201], "Sigma": [[0.013755936969917452, 0.0060056999287672495, -0.005789512695372928], [0.0060056999287672495, 0.005448122070378945, -0.007975723257715703], [-0.005789512695372928, -0.007975723257715702, 0.01795131792329187]], "chi2_level": 0.99, "chi2_df": 3, "chi2_threshold": 11.344866730144373, "N_raw": 36, "N_roi": 34, "N_inlier": 31, "refit": true}
{"timestamp": "15:22:40.908858", "frame": 48, "mu": [-2.18247311174363, 2.9522518162883813, 1.1353575672117187], "Sigma": [[0.01883290507331174, 0.008251385605339959, -0.007252182226831538], [0.008251385605339959, 0.00696274248585929, -0.008953274651798255], [-0.007252182226831538, -0.008953274651798255, 0.016386757799477347]], "chi2_level": 0.99, "chi2_df": 3, "chi2_threshold": 11.344866730144373, "N_raw": 47, "N_roi": 47, "N_inlier": 46, "refit": true}
{"timestamp": "15:22:40.961422", "frame": 49, "mu": [-2.275200321158878, 2.876995166298031, 1.070233510064433], "Sigma": [[0.012460428169846357, 0.00514626470863342, -0.005067617778756725], [0.00514626470863342, 0.004114488894085861, -0.005116991853686364], [-0.005067617778756724, -0.005116991853686364, 0.01137542745936295]], "chi2_level": 0.99, "chi2_df": 3, "chi2_threshold": 11.344866730144373, "N_raw": 33, "N_roi": 31, "N_inlier": 30, "refit": true}
{"timestamp": "15:22:41.018477", "frame": 50, "mu": [-2.1783633821347186, 2.8635562869037563, 1.1790343050535932], "Sigma": [[0.019264371717484515, 0.007348008657279751, -0.008440085730330843], [0.007348008657279751, 0.006963339720995379, -0.008180083586378922], [-0.008440085730330841, -0.008180083586378922, 0.01274997584824301]], "chi2_level": 0.99, "chi2_df": 3, "chi2_threshold": 11.344866730144373, "N_raw": 51, "N_roi": 51, "N_inlier": 50, "refit": true}
{"timestamp": "15:22:41.070501", "frame": 51, "mu": [-2.1038179493220004, 2.8874665026448985, 1.0389703285343699], "Sigma": [[0.005564106306616109, 0.0021118289926473806, -0.003236248249951827], [0.0021118289926473806, 0.005008385459707459, -0.004450905873709266], [-0.003236248249951827, -0.004450905873709265, 0.011833004385834957]], "chi2_level": 0.99, "chi2_df": 3, "chi2_threshold": 11.344866730144373, "N_raw": 20, "N_roi": 20, "N_inlier": 19, "refit": true}
{"timestamp": "15:22:41.124008", "frame": 52, "mu": [-2.035963528105608, 2.824919793559767, 1.0392203456580504], "Sigma": [[0.008739994893756787, 0.006837207808271158, -0.003441479391957563], [0.006837207808271158, 0.010279729766109542, -0.011461211757091323], [-0.0034414793919575635, -0.011461211757091323, 0.029831190368679122]], "chi2_level": 0.99, "chi2_df": 3, "chi2_threshold": 11.344866730144373, "N_raw": 17, "N_roi": 17, "N_inlier": 16, "refit": true}
{"timestamp": "15:22:41.181151", "frame": 53, "mu": [-1.8943919391810438, 2.8390116837016817, 1.0381413384176863], "Sigma": [[0.025706101105794334, 0.01842190069834164, -0.04055855985810265], [0.01842190069834164, 0.015214484078837473, -0.034003104403968615], [-0.04055855985810265, -0.034003104403968615, 0.08176957377523578]], "chi2_level": 0.99, "chi2_df": 3, "chi2_threshold": 11.344866730144373, "N_raw": 33, "N_roi": 33, "N_inlier": 33, "refit": true}
{"timestamp": "15:22:41.236020", "frame": 54, "mu": [-1.8251323721701966, 2.845648320022762, 0.9643100277024665], "Sigma": [[0.010717122536556434, 0.009555158878752737, -0.016036228086296914], [0.009555158878752737, 0.012062912400568863, -0.019895325169882044], [-0.016036228086296914, -0.019895325169882044, 0.037431982406059924]], "chi2_level": 0.99, "chi2_df": 3, "chi2_threshold": 11.344866730144373, "N_raw": 27, "N_roi": 25, "N_inlier": 25, "refit": true}
{"timestamp": "15:22:41.289112", "frame": 55, "mu": [-1.8550106686107959, 2.776021120120716, 0.9491784091700628], "Sigma": [[0.00642334771444334, 0.002462896737920894, -0.007828992244256334], [0.002462896737920894, 0.003137081995114567, -0.009060094355589255], [-0.007828992244256334, -0.009060094355589257, 0.03474870246200801]], "chi2_level": 0.99, "chi2_df": 3, "chi2_threshold": 11.344866730144373, "N_raw": 21, "N_roi": 21, "N_inlier": 20, "refit": true}
{"timestamp": "15:22:41.349507", "frame": 56, "mu": [-1.85103419667805, 2.876302520646761, -0.2978237719562062], "Sigma": [[0.014707722831018602, 0.011214319920873846, -0.012850950972705808], [0.011214319920873845, 0.015712106703843674, -0.013627751911511637], [-0.012850950972705808, -0.013627751911511637, 0.021778149047997235]], "chi2_level": 0.99, "chi2_df": 3, "chi2_threshold": 11.344866730144373, "N_raw": 49, "N_roi": 49, "N_inlier": 48, "refit": true}
{"timestamp": "15:22:41.402494", "frame": 57, "mu": [-1.7807209596518583, 2.644644089883196, 0.9756307190818606], "Sigma": [[0.023562311497213634, 0.013191269051936912, -0.040807247761095844], [0.01319126905193691, 0.009049433530271976, -0.027292639191348285], [-0.040807247761095844, -0.027292639191348285, 0.09459115451097659]], "chi2_level": 0.99, "chi2_df": 3, "chi2_threshold": 11.344866730144373, "N_raw": 42, "N_roi": 42, "N_inlier": 39, "refit": true}
{"timestamp": "15:22:41.458292", "frame": 58, "mu": [-1.723232733275214, 2.6046889505966435, 1.0793359217004719], "Sigma": [[0.02193751904876763, 0.011587419256869163, -0.04427392448865079], [0.011587419256869163, 0.007483535088962181, -0.029155111460253368], [-0.04427392448865079, -0.02915511146025337, 0.1536967437941925]], "chi2_level": 0.99, "chi2_df": 3, "chi2_threshold": 11.344866730144373, "N_raw": 43, "N_roi": 43, "N_inlier": 40, "refit": true}
{"timestamp": "15:22:41.509565", "frame": 59, "mu": [-1.7519729540028095, 2.6469129371136306, 0.6727987216437152], "Sigma": [[0.0034213317505090634, 0.003321097293371449, -0.002863533695535598], [0.003321097293371449, 0.017000653470515464, -0.044039435810619795], [-0.002863533695535598, -0.044039435810619795, 0.2071716593647903]], "chi2_level": 0.99, "chi2_df": 3, "chi2_threshold": 11.344866730144373, "N_raw": 19, "N_roi": 19, "N_inlier": 18, "refit": true}
{"timestamp": "15:22:41.570327", "frame": 60, "mu": [-1.6453959135182177, 2.5988059530534624, 0.8664475649440694], "Sigma": [[0.02009417765998455, 0.009418061026658906, -0.029694260935301302], [0.009418061026658906, 0.006883984294227865, -0.017361993398776757], [-0.029694260935301302, -0.017361993398776757, 0.05772747999531404]], "chi2_level": 0.99, "chi2_df": 3, "chi2_threshold": 11.344866730144373, "N_raw": 57, "N_roi": 57, "N_inlier": 54, "refit": true}
{"timestamp": "15:22:41.630899", "frame": 61, "mu": [-1.602647901109017, 2.5513844916819624, 0.8929602160911605], "Sigma": [[0.02012671031199189, 0.010461219848209892, -0.02559727163906266], [0.010461219848209892, 0.009271408649307948, -0.024719805998484116], [-0.02559727163906266, -0.024719805998484112, 0.07752218155259902]], "chi2_level": 0.99, "chi2_df": 3, "chi2_threshold": 11.344866730144373, "N_raw": 93, "N_roi": 93, "N_inlier": 89, "refit": true}
{"timestamp": "15:22:41.682145", "frame": 62, "mu": [-1.4392550425798352, 2.7107940618182527, -0.8496334609258409], "Sigma": [[0.02256502942279171, 0.028503639704234786, -0.001715062174193142], [0.02850363970423479, 0.05016595401844148, 0.0006965710041358392], [-0.001715062174193142, 0.0006965710041358392, 0.03459390824145467]], "chi2_level": 0.99, "chi2_df": 3, "chi2_threshold": 11.344866730144373, "N_raw": 63, "N_roi": 63, "N_inlier": 59, "refit": true}
{"timestamp": "15:22:41.739845", "frame": 63, "mu": [-1.4708612118699451, 2.477597838035873, -0.6719388216427811], "Sigma": [[0.01640981945141929, 0.006487413003364119, 0.044691773761381406], [0.006487413003364119, 0.004754337659256481, 0.014329397219501546], [0.04469177376138141, 0.014329397219501546, 0.3749236833894662]], "chi2_level": 0.99, "chi2_df": 3, "chi2_threshold": 11.344866730144373, "N_raw": 88, "N_roi": 88, "N_inlier": 86, "refit": true}
{"timestamp": "15:22:41.791298", "frame": 64, "mu": [-1.4679682222540673, 2.4337600805955364, 1.1383710549909711], "Sigma": [[0.01210794966740659, 0.0015644340363446733, 0.005672863886664284], [0.001564434036344673, 0.0030405127863736454, -0.006284453850966511], [0.005672863886664284, -0.006284453850966511, 0.027073753588495057]], "chi2_level": 0.99, "chi2_df": 3, "chi2_threshold": 11.344866730144373, "N_raw": 58, "N_roi": 58, "N_inlier": 58, "refit": true}
{"timestamp": "15:22:41.849902", "frame": 65, "mu": [-1.4263330541464876, 2.5614022103317615, -0.31784978993595087], "Sigma": [[0.01307116182225521, 0.007077532585324213, -0.010071462957534959], [0.007077532585324213, 0.01606197298994597, -0.029822807040169513], [-0.01007146295753496, -0.02982280704016952, 0.05883129227370407]], "chi2_level": 0.99, "chi2_df": 3, "chi2_threshold": 11.344866730144373, "N_raw": 85, "N_roi": 85, "N_inlier": 81, "refit": true}
{"timestamp": "15:22:41.903924", "frame": 66, "mu": [-1.3802701543562672, 2.393991928160357, 0.9427659590139393], "Sigma": [[0.012084582189409119, 0.0019138235580220726, -0.015142709372993616], [0.0019138235580220726, 0.002301481517928683, -0.0111015084064956], [-0.015142709372993614, -0.011101508406495597, 0.12185476395079242]], "chi2_level": 0.99, "chi2_df": 3, "chi2_threshold": 11.344866730144373, "N_raw": 78, "N_roi": 78, "N_inlier": 76, "refit": true}
{"timestamp": "15:22:41.962837", "frame": 67, "mu": [-1.3057166353384093, 2.342520508505228, 1.055371374912287], "Sigma": [[0.013454834554324691, 0.001733488898094751, -0.0031228564215520357], [0.001733488898094751, 0.0028215284713628266, -0.011244674618544333], [-0.0031228564215520366, -0.011244674618544333, 0.062347132010002]], "chi2_level": 0.99, "chi2_df": 3, "chi2_threshold": 11.344866730144373, "N_raw": 100, "N_roi": 100, "N_inlier": 95, "refit": true}
{"timestamp": "15:22:42.016270", "frame": 68, "mu": [-1.2622715637104893, 2.329420787162453, 1.1422845298101538], "Sigma": [[0.012939555868861781, 0.002257678629765018, -0.001207975408165149], [0.002257678629765018, 0.003445571964540868, -0.008224321142161161], [-0.001207975408165149, -0.008224321142161161, 0.04836770763829905]], "chi2_level": 0.99, "chi2_df": 3, "chi2_threshold": 11.344866730144373, "N_raw": 91, "N_roi": 91, "N_inlier": 86, "refit": true}
{"timestamp": "15:22:42.070326", "frame": 69, "mu": [-1.198517055363794, 2.448787931662178, -0.2672174420752587], "Sigma": [[0.011451393756811918, 0.0028573440829202977, -0.0016883426234105946], [0.0028573440829202977, 0.01113338663352202, -0.01729259424500116], [-0.0016883426234105953, -0.017292594245001163, 0.028936616029025326]], "chi2_level": 0.99, "chi2_df": 3, "chi2_threshold": 11.344866730144373, "N_raw": 85, "N_roi": 85, "N_inlier": 80, "refit": true}
{"timestamp": "15:22:42.115282", "frame": 70, "mu": [-1.187674844800615, 2.2809283298860907, 0.9444988726761963], "Sigma": [[0.007673049647077139, 0.0010600242062562327, 0.0022153482434785618], [0.0010600242062562327, 0.0011770524192687446, -0.004423512008396167], [0.0022153482434785618, -0.0044235120083961675, 0.027955516563901293]], "chi2_level": 0.99, "chi2_df": 3, "chi2_threshold": 11.344866730144373, "N_raw": 23, "N_roi": 23, "N_inlier": 21, "refit": true}
{"timestamp": "15:22:42.175056", "frame": 71, "mu": [-1.0469093379131185, 2.260380950949476, 0.948523306817409], "Sigma": [[0.03140513643945913, 0.013362127936907619, -0.0382216474932877], [0.013362127936907619, 0.007726813528867083, -0.019507483943203358], [-0.0382216474932877, -0.01950748394320336, 0.05389424933947851]], "chi2_level": 0.99, "chi2_df": 3, "chi2_threshold": 11.344866730144373, "N_raw": 56, "N_roi": 56, "N_inlier": 55, "refit": true}
{"timestamp": "15:22:42.228622", "frame": 72, "mu": [-1.0726900862349273, 2.293352821338896, -0.2669688054112943], "Sigma": [[0.007889114519673682, 0.0023048943035018496, -0.0009543973152315163], [0.0023048943035018496, 0.005344446635344106, -0.011483254471782781], [-0.0009543973152315158, -0.011483254471782781, 0.030691392891226243]], "chi2_level": 0.99, "chi2_df": 3, "chi2_threshold": 11.344866730144373, "N_raw": 39, "N_roi": 39, "N_inlier": 37, "refit": true}
{"timestamp": "15:22:42.280390", "frame": 73, "mu": [-0.8899479095592433, 2.2324211607580886, 0.6785460965356156], "Sigma": [[0.03520749433359839, 0.0013435631919266632, 0.019801467024390985], [0.0013435631919266635, 0.011719513189705563, -0.03473141843250523], [0.019801467024390992, -0.03473141843250523, 0.15193321906824628]], "chi2_level": 0.99, "chi2_df": 3, "chi2_threshold": 11.344866730144373, "N_raw": 19, "N_roi": 19, "N_inlier": 19, "refit": true}
{"timestamp": "15:22:42.339037", "frame": 74, "mu": [-0.9724875572063215, 2.1042328019335934, 1.0237968463092237], "Sigma": [[0.006521383781817714, 0.0012508881143414587, -0.0035113958752495305], [0.0012508881143414587, 0.0013328172304311779, -0.0056689648623978114], [-0.0035113958752495305, -0.0056689648623978114, 0.032943575582880844]], "chi2_level": 0.99, "chi2_df": 3, "chi2_threshold": 11.344866730144373, "N_raw": 47, "N_roi": 46, "N_inlier": 43, "refit": true}
{"timestamp": "15:22:42.394721", "frame": 75, "mu": [-0.8851212008213551, 2.0933083220082787, 1.0779037592643816], "Sigma": [[0.009024308415063582, 0.0033812608218236973, -0.007240162504486755], [0.003381260821823698, 0.00319773054518488, -0.006720435316017754], [-0.007240162504486756, -0.006720435316017754, 0.0204848707588811]], "chi2_level": 0.99, "chi2_df": 3, "chi2_threshold": 11.344866730144373, "N_raw": 59, "N_roi": 59, "N_inlier": 56, "refit": true}
{"timestamp": "15:22:42.451817", "frame": 76, "mu": [-0.9511130729572299, 1.941646060796609, 1.0301157234072416], "Sigma": [[0.010133089184941166, 0.0015664981378927512, -0.0037347718640390443], [0.0015664981378927512, 0.002853635969920049, -0.005008936258637062], [-0.0037347718640390443, -0.005008936258637062, 0.01759924483650826]], "chi2_level": 0.99, "chi2_df": 3, "chi2_threshold": 11.344866730144373, "N_raw": 62, "N_roi": 62, "N_inlier": 57, "refit": true}
{"timestamp": "15:22:42.504858", "frame": 77, "mu": [-0.881423647116971, 1.9605747146407908, 0.9414405576144017], "Sigma": [[0.011853639127884001, 0.006623687500270344, -0.02078722701091467], [0.006623687500270344, 0.004837608228824783, -0.015194295137555859], [-0.020787227010914674, -0.015194295137555859, 0.06727055259116992]], "chi2_level": 0.99, "chi2_df": 3, "chi2_threshold": 11.344866730144373, "N_raw": 48, "N_roi": 48, "N_inlier": 44, "refit": true}
{"timestamp": "15:22:42.566550", "frame": 78, "mu": [-0.8317984789236584, 1.914877066451374, 1.126819627955663], "Sigma": [[0.009605837641394029, 0.0021705732618264115, -0.0009215929443890461], [0.0021705732618264115, 0.004391012288730648, -0.009685293152087795], [-0.0009215929443890459, -0.009685293152087795, 0.02865512108303747]], "chi2_level": 0.99, "chi2_df": 3, "chi2_threshold": 11.344866730144373, "N_raw": 96, "N_roi": 96, "N_inlier": 92, "refit": true}
{"timestamp": "15:22:42.620361", "frame": 79, "mu": [-0.7984487731821379, 2.026468580625072, -0.25520821575284497], "Sigma": [[0.009398729277001442, 0.00021310584510297024, 0.013965637686772316], [0.0002131058451029702, 0.006628899030850863, -0.012022089767484511], [0.013965637686772316, -0.012022089767484511, 0.10294005340334014]], "chi2_level": 0.99, "chi2_df": 3, "chi2_threshold": 11.344866730144373, "N_raw": 85, "N_roi": 85, "N_inlier": 83, "refit": true}
{"timestamp": "15:22:42.674900", "frame": 80, "mu": [-0.7169853904159948, 1.8652539787503386, 1.1001076428806948], "Sigma": [[0.011963442022439425, 0.003047698296770371, -0.008800117284760664], [0.003047698296770371, 0.004557701050331916, -0.017049754927428263], [-0.008800117284760664, -0.017049754927428263, 0.0722002552297682]], "chi2_level": 0.99, "chi2_df": 3, "chi2_threshold": 11.344866730144373, "N_raw": 92, "N_roi": 92, "N_inlier": 88, "refit": true}
{"timestamp": "15:22:42.730572", "frame": 81, "mu": [-0.6447504086161333, 1.9976265105816167, -0.6676961730180998], "Sigma": [[0.011089264099633634, 0.011215516007832866, 0.0013647127348666683], [0.011215516007832866, 0.02423955016903345, -0.010830539040160129], [0.001364712734866668, -0.010830539040160127, 0.09462403468489639]], "chi2_level": 0.99, "chi2_df": 3, "chi2_threshold": 11.344866730144373, "N_raw": 91, "N_roi": 91, "N_inlier": 88, "refit": true}
{"timestamp": "15:22:42.783919", "frame": 82, "mu": [-0.5872254472454319, 1.8619350905601502, -0.6834777588313771], "Sigma": [[0.00543909428273598, 0.0052602966575533705, 0.0037978039493719975], [0.0052602966575533705, 0.022667026424341218, -0.006235824482242277], [0.003797803949371997, -0.0062358244822422765, 0.07664721984951185]], "chi2_level": 0.99, "chi2_df": 3, "chi2_threshold": 11.344866730144373, "N_raw": 83, "N_roi": 83, "N_inlier": 81, "refit": true}
{"timestamp": "15:22:42.842907", "frame": 83, "mu": [-0.5984962480105399, 1.977494140632814, -0.6067612392548568], "Sigma": [[0.01461872996080116, -0.007417097593010008, 0.02994381527148586], [-0.00741709759301001, 0.03743671716339585, -0.1112283760448599], [0.029943815271485867, -0.11122837604485991, 0.3811707053009045]], "chi2_level": 0.99, "chi2_df": 3, "chi2_threshold": 11.344866730144373, "N_raw": 113, "N_roi": 113, "N_inlier": 111, "refit": true}
{"timestamp": "15:22:42.894875", "frame": 84, "mu": [-0.4976314544409069, 1.8599793125335116, -0.291159422991314], "Sigma": [[0.0056116144601617715, 0.0006361187126537991, -0.004207666662790343], [0.0006361187126537989, 0.012237586524417728, -0.024223343202469022], [-0.004207666662790342, -0.024223343202469022, 0.06909434406455983]], "chi2_level": 0.99, "chi2_df": 3, "chi2_threshold": 11.344866730144373, "N_raw": 89, "N_roi": 89, "N_inlier": 86, "refit": true}
{"timestamp": "15:22:42.953101", "frame": 85, "mu": [-0.5234569890608051, 1.8609033827842942, -0.8943183417137275], "Sigma": [[0.0080698837932739, -0.004165661641639672, 0.029206722139240304], [-0.004165661641639672, 0.05883252478368373, -0.09769490346208164], [0.0292067221392403, -0.09769490346208164, 0.2879045150810515]], "chi2_level": 0.99, "chi2_df": 3, "chi2_threshold": 11.344866730144373, "N_raw": 110, "N_roi": 110, "N_inlier": 108, "refit": true}
{"timestamp": "15:22:43.002914", "frame": 86, "mu": [-0.35455193146644276, 1.885759330890808, -0.6676798416975792], "Sigma": [[0.012803697367870839, 0.007778273973412053, -0.014720883317552143], [0.007778273973412053, 0.019241603910724943, -0.055226575469848486], [-0.014720883317552143, -0.055226575469848486, 0.18515608476919768]], "chi2_level": 0.99, "chi2_df": 3, "chi2_threshold": 11.344866730144373, "N_raw": 66, "N_roi": 64, "N_inlier": 61, "refit": true}
{"timestamp": "15:22:43.060625", "frame": 87, "mu": [-0.39330341848048517, 1.718639596199381, -0.7757917146512316], "Sigma": [[0.006233539420902678, 0.0024937533520701174, 0.006255392493607457], [0.0024937533520701174, 0.021578822835878933, -0.03408608545575127], [0.006255392493607457, -0.034086085455751265, 0.11982151599698171]], "chi2_level": 0.99, "chi2_df": 3, "chi2_threshold": 11.344866730144373, "N_raw": 94, "N_roi": 94, "N_inlier": 92, "refit": true}
{"timestamp": "15:22:43.117335", "frame": 88, "mu": [-0.35956519515819607, 1.6673284201993332, -0.07215240213840321], "Sigma": [[0.006126083997595813, -0.0028249052261781725, 0.055977144066644], [-0.0028249052261781725, 0.014580603753684198, -0.04734393787498785], [0.05597714406664401, -0.04734393787498785, 0.6999905490760142]], "chi2_level": 0.99, "chi2_df": 3, "chi2_threshold": 11.344866730144373, "N_raw": 105, "N_roi": 105, "N_inlier": 105, "refit": true}
{"timestamp": "15:22:43.170900", "frame": 89, "mu": [-0.26523617214282813, 1.6794321815665487, 0.09787031842420701], "Sigma": [[0.008426485749887328, -0.007028671476873042, 0.06583894530716704], [-0.007028671476873041, 0.015512348884380562, -0.07214093145243285], [0.06583894530716702, -0.07214093145243286, 0.7093616483850934]], "chi2_level": 0.99, "chi2_df": 3, "chi2_threshold": 11.344866730144373, "N_raw": 97, "N_roi": 97, "N_inlier": 95, "refit": true}
{"timestamp": "15:22:43.231310", "frame": 90, "mu": [-0.2519037594266758, 1.6806171760459947, -0.4300222038191938], "Sigma": [[0.007671996929793551, -0.0013673089399944, 0.010717939368949821], [-0.0013673089399943998, 0.009189475191903917, -0.025439316751051204], [0.010717939368949821, -0.025439316751051207, 0.0988244128701182]], "chi2_level": 0.99, "chi2_df": 3, "chi2_threshold": 11.344866730144373, "N_raw": 131, "N_roi": 129, "N_inlier": 126, "refit": true}
{"timestamp": "15:22:43.279904", "frame": 91, "mu": [-0.21830444974324034, 1.6054799007804212, -0.6689261117300578], "Sigma": [[0.01090586782637487, 0.0029824978614600836, 0.06238095358284952], [0.0029824978614600836, 0.077326111979882, 0.05229752563857683], [0.06238095358284952, 0.05229752563857683, 0.640122283541131]], "chi2_level": 0.99, "chi2_df": 3, "chi2_threshold": 11.344866730144373, "N_raw": 87, "N_roi": 87, "N_inlier": 87, "refit": true}
{"timestamp": "15:22:43.337346", "frame": 92, "mu": [-0.16936423834419015, 1.448116599297875, 1.2210254883966771], "Sigma": [[0.01676794365910585, 0.0002920386315907885, -0.009608731395155112], [0.0002920386315907885, 0.0034221386670322306, 0.0018504901743686857], [-0.009608731395155112, 0.0018504901743686855, 0.12598489550505867]], "chi2_level": 0.99, "chi2_df": 3, "chi2_threshold": 11.344866730144373, "N_raw": 111, "N_roi": 111, "N_inlier": 106, "refit": true}
{"timestamp": "15:22:43.388173", "frame": 93, "mu": [-0.11647898996432586, 1.4215507699925247, 1.2686355597638965], "Sigma": [[0.009237042089758337, -0.003902920075558691, 0.03700583975149574], [-0.003902920075558691, 0.005570112621317513, -0.02588048738971157], [0.03700583975149574, -0.02588048738971157, 0.3092200240094314]], "chi2_level": 0.99, "chi2_df": 3, "chi2_threshold": 11.344866730144373, "N_raw": 75, "N_roi": 74, "N_inlier": 73, "refit": true}
{"timestamp": "15:22:43.447730", "frame": 94, "mu": [-0.09997363763490881, 1.3748066331228301, 1.0732480432620572], "Sigma": [[0.0085191377874933, -0.0014920072251130656, 0.03877776086566767], [-0.0014920072251130656, 0.003954763154929321, -0.007188250552773979], [0.03877776086566767, -0.007188250552773978, 0.4085386360691574]], "chi2_level": 0.99, "chi2_df": 3, "chi2_threshold": 11.344866730144373, "N_raw": 112, "N_roi": 112, "N_inlier": 110, "refit": true}
{"timestamp": "15:22:43.509304", "frame": 95, "mu": [0.013747402823208334, 1.3404639235868914, 0.0778620096981868], "Sigma": [[0.012718312577521481, -0.003193665275272173, 0.06234406439988589], [-0.003193665275272173, 0.006950991882813847, -0.021462928152020038], [0.06234406439988589, -0.021462928152020038, 0.7247492962289735]], "chi2_level": 0.99, "chi2_df": 3, "chi2_threshold": 11.344866730144373, "N_raw": 134, "N_roi": 134, "N_inlier": 132, "refit": true}
{"timestamp": "15:22:43.561542", "frame": 96, "mu": [-0.021066747093947524, 1.2878439101672179, 1.3006320725011775], "Sigma": [[0.005147202668186937, -0.0017673329534131292, 0.0049125810683053606], [-0.001767332953413129, 0.004919549730428853, -0.005347315199794988], [0.0049125810683053606, -0.005347315199794988, 0.0566085317060432]], "chi2_level": 0.99, "chi2_df": 3, "chi2_threshold": 11.344866730144373, "N_raw": 126, "N_roi": 126, "N_inlier": 121, "refit": true}
{"timestamp": "15:22:43.619540", "frame": 97, "mu": [0.01594798574588033, 1.2298377628052224, 1.1459698391306636], "Sigma": [[0.008232303126621472, -0.0006321676417027185, 0.02188670816287483], [-0.0006321676417027186, 0.00531647075137386, 0.009051042178263968], [0.02188670816287483, 0.009051042178263968, 0.27207999607881267]], "chi2_level": 0.99, "chi2_df": 3, "chi2_threshold": 11.344866730144373, "N_raw": 148, "N_roi": 148, "N_inlier": 147, "refit": true}
{"timestamp": "15:22:43.668859", "frame": 98, "mu": [0.07450729020519013, 1.1938466737057694, 1.3078578786654032], "Sigma": [[0.005238765128590432, -0.0004353374854353196, 0.011417008567220386], [-0.0004353374854353196, 0.0046465658149290835, 0.002071887288489712], [0.011417008567220385, 0.0020718872884897123, 0.0729346453304261]], "chi2_level": 0.99, "chi2_df": 3, "chi2_threshold": 11.344866730144373, "N_raw": 108, "N_roi": 108, "N_inlier": 102, "refit": true}
{"timestamp": "15:22:43.721180", "frame": 99, "mu": [0.1290074527973397, 1.1607445669785326, 1.2658116151485557], "Sigma": [[0.003557344173214782, -0.0010838592476299846, 0.00559272691296204], [-0.0010838592476299848, 0.005640024206218793, -0.006765079960073017], [0.00559272691296204, -0.006765079960073016, 0.24239211653355364]], "chi2_level": 0.99, "chi2_df": 3, "chi2_threshold": 11.344866730144373, "N_raw": 94, "N_roi": 94, "N_inlier": 90, "refit": true}
{"timestamp": "15:22:43.890029", "frame": 100, "mu": [0.13199951416519057, 1.105444261332312, 1.3547715333339154], "Sigma": [[0.008702153207161872, -0.00043855557191581037, 0.009841178993432434], [-0.00043855557191581026, 0.005459422676442716, -0.0033373019337389178], [0.009841178993432434, -0.0033373019337389178, 0.018482273483013845]], "chi2_level": 0.99, "chi2_df": 3, "chi2_threshold": 11.344866730144373, "N_raw": 106, "N_roi": 106, "N_inlier": 101, "refit": true}
{"timestamp": "15:22:43.912079", "frame": 101, "mu": [0.20927752755613863, 1.0390217609316152, 1.3872890200961818], "Sigma": [[0.013459283041392269, 0.0006373219316490881, 0.012952361353753591], [0.0006373219316490881, 0.0009157972375648747, -0.0015634540272810558], [0.012952361353753591, -0.0015634540272810565, 0.0491320542870529]], "chi2_level": 0.99, "chi2_df": 3, "chi2_threshold": 11.344866730144373, "N_raw": 54, "N_roi": 52, "N_inlier": 47, "refit": true}
{"timestamp": "15:22:43.944053", "frame": 102, "mu": [0.23807192899469184, 1.016571378332252, 1.1069723899937791], "Sigma": [[0.006814459144177907, -0.005527240285640575, -0.02979074855771703], [-0.005527240285640575, 0.008730806003874261, 0.03801939441113162], [-0.02979074855771703, 0.03801939441113163, 0.4218045163558705]], "chi2_level": 0.99, "chi2_df": 3, "chi2_threshold": 11.344866730144373, "N_raw": 108, "N_roi": 108, "N_inlier": 107, "refit": true}
{"timestamp": "15:22:43.975656", "frame": 103, "mu": [0.2523372270607416, 1.0025791624055762, 1.3732506170811627], "Sigma": [[0.002881569719689018, 0.00015612876147778635, 0.0005943432815599225], [0.0001561287614777864, 0.002764851435082037, -0.005106617279029771], [0.0005943432815599224, -0.005106617279029771, 0.013258309498516831]], "chi2_level": 0.99, "chi2_df": 3, "chi2_threshold": 11.344866730144373, "N_raw": 90, "N_roi": 90, "N_inlier": 84, "refit": true}
{"timestamp": "15:22:44.007010", "frame": 104, "mu": [0.21883180743337985, 0.9886361247037263, 1.1031409446871785], "Sigma": [[0.006473971937487965, -0.002048650305478094, 0.023587049332828618], [-0.002048650305478094, 0.007706240892963017, -0.02445831093806036], [0.023587049332828618, -0.024458310938060356, 0.2444247725414333]], "chi2_level": 0.99, "chi2_df": 3, "chi2_threshold": 11.344866730144373, "N_raw": 79, "N_roi": 76, "N_inlier": 75, "refit": true}
{"timestamp": "15:22:44.044095", "frame": 105, "mu": [0.31296019883489135, 0.9206183831595376, 1.4002328098675532], "Sigma": [[0.003354242441352809, -0.001312196322654546, 0.006331289182098199], [-0.001312196322654546, 0.005094503320312958, -0.006498930442038114], [0.006331289182098199, -0.006498930442038114, 0.01968604995926356]], "chi2_level": 0.99, "chi2_df": 3, "chi2_threshold": 11.344866730144373, "N_raw": 50, "N_roi": 49, "N_inlier": 44, "refit": true}
{"timestamp": "15:22:44.097031", "frame": 106, "mu": [0.3389096720992175, 0.8349513544746301, 1.1972365178513569], "Sigma": [[0.004459757507846103, -0.000648881966445131, 0.003977992937708824], [-0.000648881966445131, 0.0007886420260441988, -0.005794439237944627], [0.003977992937708824, -0.005794439237944627, 0.2198567445568733]], "chi2_level": 0.99, "chi2_df": 3, "chi2_threshold": 11.344866730144373, "N_raw": 37, "N_roi": 35, "N_inlier": 34, "refit": true}
{"timestamp": "15:22:44.156007", "frame": 107, "mu": [0.4512456688251155, 0.835554088668556, 1.411556441273946], "Sigma": [[0.009352073378102335, 0.0003873904483433215, 0.008023243615250301], [0.0003873904483433214, 0.0012613620910053764, -0.0005077529866667223], [0.008023243615250301, -0.0005077529866667223, 0.014704786435305267]], "chi2_level": 0.99, "chi2_df": 3, "chi2_threshold": 11.344866730144373, "N_raw": 73, "N_roi": 73, "N_inlier": 73, "refit": true}
{"timestamp": "15:22:44.211288", "frame": 108, "mu": [0.4478385192179544, 0.8941637361589672, 1.2979840892783252], "Sigma": [[0.005415143597423157, 0.0021712737552024206, 0.0005600626159675369], [0.00217127375520242, 0.005558783420343345, -0.000329672182851491], [0.0005600626159675369, -0.0003296721828514912, 0.002980537783752359]], "chi2_level": 0.99, "chi2_df": 3, "chi2_threshold": 11.344866730144373, "N_raw": 64, "N_roi": 64, "N_inlier": 63, "refit": true}
{"timestamp": "15:22:44.313090", "frame": 110, "mu": [0.5106644786942596, 0.6862928505115763, 1.3918154120696824], "Sigma": [[0.0024230614987300163, 0.0026564833884080616, 0.0007248867341959006], [0.002656483388408061, 0.010830927238635888, 0.008804658280825432], [0.0007248867341959008, 0.008804658280825432, 0.014127873615478839]], "chi2_level": 0.99, "chi2_df": 3, "chi2_threshold": 11.344866730144373, "N_raw": 18, "N_roi": 18, "N_inlier": 17, "refit": true}
{"timestamp": "15:22:44.426044", "frame": 112, "mu": [0.5583227725057042, 0.7602287657787606, -0.5771585178720354], "Sigma": [[0.004002715177591378, 0.004968748763148898, 0.003973562869689234], [0.0049687487631488985, 0.008440616056226142, 0.0060133715370020244], [0.003973562869689234, 0.0060133715370020244, 0.008022535197398357]], "chi2_level": 0.99, "chi2_df": 3, "chi2_threshold": 11.344866730144373, "N_raw": 39, "N_roi": 39, "N_inlier": 38, "refit": true}
{"timestamp": "15:22:44.590893", "frame": 115, "mu": [0.6958688468516424, 0.6032836823524012, 1.4427907084558058], "Sigma": [[0.0021056157385236857, -0.0011696448115716138, -0.0017598163664875794], [-0.0011696448115716138, 0.002097611978499653, -0.000409838616113326], [-0.0017598163664875794, -0.0004098386161133261, 0.003120320765621294]], "chi2_level": 0.99, "chi2_df": 3, "chi2_threshold": 11.344866730144373, "N_raw": 37, "N_roi": 37, "N_inlier": 35, "refit": true}
{"timestamp": "15:22:44.698314", "frame": 117, "mu": [0.7690688517800189, 0.5113455511779481, 1.197179785407344], "Sigma": [[0.00941835913662926, -0.006248341582614138, -0.03298284796438211], [-0.0062483415826141385, 0.00659920124133459, 0.029027885420683876], [-0.03298284796438211, 0.029027885420683876, 0.15141576233040008]], "chi2_level": 0.99, "chi2_df": 3, "chi2_threshold": 11.344866730144373, "N_raw": 15, "N_roi": 15, "N_inlier": 15, "refit": true}
