{"timestamp": "15:43:35.945108", "frame": 26, "mu": [-2.2747814591023707, 3.9921086606854064, 0.8545325416537874], "Sigma": [[0.007040382600435879, 0.0014781490589957954, 0.017984690283372445], [0.0014781490589957954, 0.0022645445108647796, -0.0014461274520962551], [0.01798469028337244, -0.0014461274520962551, 0.17060347692317435]], "chi2_level": 0.997, "chi2_df": 3, "chi2_threshold": 13.931422665512084, "N_raw": 11, "N_roi": 11, "N_inlier": 10, "refit": true}
{"timestamp": "15:43:36.110154", "frame": 29, "mu": [-2.1111839250830085, 3.9167625990290635, 0.8304935674682501], "Sigma": [[0.007373804259964651, 0.003963625902772372, -0.006824117683858289], [0.003963625902772372, 0.005135803607138095, -0.005217899575511832], [-0.006824117683858289, -0.005217899575511832, 0.008689028111907622]], "chi2_level": 0.997, "chi2_df": 3, "chi2_threshold": 13.931422665512084, "N_raw": 18, "N_roi": 14, "N_inlier": 14, "refit": true}
{"timestamp": "15:43:36.166186", "frame": 30, "mu": [-2.001203500318587, 4.125690767169773, -0.16240171549372578], "Sigma": [[0.012687892079005999, 0.006994280729426364, -0.009807841405836945], [0.006994280729426365, 0.006644783874838046, -0.007793458798664854], [-0.009807841405836945, -0.007793458798664854, 0.01067182211752953]], "chi2_level": 0.997, "chi2_df": 3, "chi2_threshold": 13.931422665512084, "N_raw": 21, "N_roi": 20, "N_inlier": 20, "refit": true}
{"timestamp": "15:43:36.387722", "frame": 34, "mu": [-1.5294218748408515, 4.057215746859669, 0.5896074263339822], "Sigma": [[0.01433443805319773, 0.003043671234275379, 0.0018407599845538022], [0.003043671234275379, 0.0026724339626840775, -0.009507447428556581], [0.001840759984553803, -0.009507447428556581, 0.07432651333723353]], "chi2_level": 0.997, "chi2_df": 3, "chi2_threshold": 13.931422665512084, "N_raw": 25, "N_roi": 25, "N_inlier": 24, "refit": true}
{"timestamp": "15:43:36.662026", "frame": 39, "mu": [-1.1077850121459931, 4.048829104621994, 0.6010890574327284], "Sigma": [[0.008033732386005923, 0.0028635485883161883, -0.010317997839947213], [0.0028635485883161883, 0.008088242120492532, -0.03806125769619146], [-0.010317997839947215, -0.03806125769619146, 0.20151656711971047]], "chi2_level": 0.997, "chi2_df": 3, "chi2_threshold": 13.931422665512084, "N_raw": 17, "N_roi": 14, "N_inlier": 14, "refit": true}
{"timestamp": "15:43:36.719158", "frame": 40, "mu": [-1.0090617476803136, 4.024286315415734, 0.7817039346326154], "Sigma": [[0.016663722704608502, 0.0038430065718380864, -0.022233240785003695], [0.003843006571838087, 0.005093450936744263, -0.024237107133381775], [-0.022233240785003695, -0.02423710713338178, 0.13967648203917216]], "chi2_level": 0.997, "chi2_df": 3, "chi2_threshold": 13.931422665512084, "N_raw": 28, "N_roi": 28, "N_inlier": 27, "refit": true}
{"timestamp": "15:43:36.775226", "frame": 41, "mu": [-0.8998377838377125, 4.019628052423388, 0.7514444037809201], "Sigma": [[0.013489568785935798, 0.005770365227465499, -0.022403528126905534], [0.005770365227465498, 0.007835582645476753, -0.018776154318631253], [-0.022403528126905534, -0.018776154318631257, 0.06335880081099676]], "chi2_level": 0.997, "chi2_df": 3, "chi2_threshold": 13.931422665512084, "N_raw": 28, "N_roi": 21, "N_inlier": 21, "refit": true}
{"timestamp": "15:43:36.833330", "frame": 42, "mu": [-0.9328759876099314, 4.07400803832051, 0.8919825812669396], "Sigma": [[0.009711339476407137, 0.0008429932952874, 0.0013689784442203036], [0.0008429932952873998, 0.0016184275856316957, -0.00452791101928483], [0.0013689784442203038, -0.00452791101928483, 0.024925629151997027]], "chi2_level": 0.997, "chi2_df": 3, "chi2_threshold": 13.931422665512084, "N_raw": 57, "N_roi": 34, "N_inlier": 34, "refit": true}
{"timestamp": "15:43:36.887674", "frame": 43, "mu": [-0.770243875850619, 4.103081956318485, 0.9566348298849374], "Sigma": [[0.026727194583192684, 0.0017252333469573488, -0.010694374809767265], [0.0017252333469573483, 0.003475200900827425, -0.002065591680150919], [-0.010694374809767265, -0.002065591680150919, 0.0068302369749888665]], "chi2_level": 0.997, "chi2_df": 3, "chi2_threshold": 13.931422665512084, "N_raw": 48, "N_roi": 45, "N_inlier": 42, "refit": true}
{"timestamp": "15:43:36.940613", "frame": 44, "mu": [-0.7635569034363546, 4.060117201404623, 1.0565582116239214], "Sigma": [[0.016895352385664687, 0.0019630865407744254, -0.0047022949627809375], [0.001963086540774426, 0.0030631450808325587, -0.0014223184695000312], [-0.0047022949627809375, -0.0014223184695000314, 0.0027889690750483864]], "chi2_level": 0.997, "chi2_df": 3, "chi2_threshold": 13.931422665512084, "N_raw": 31, "N_roi": 31, "N_inlier": 31, "refit": true}
{"timestamp": "15:43:37.048216", "frame": 46, "mu": [-0.6062031912127386, 4.136873635033649, 1.1482364509187657], "Sigma": [[0.016534756464471466, 0.0020704308760517943, -0.004791649839103279], [0.0020704308760517947, 0.0022876549952897786, 0.00011865807071122006], [-0.004791649839103279, 0.00011865807071122, 0.0038489966102746675]], "chi2_level": 0.997, "chi2_df": 3, "chi2_threshold": 13.931422665512084, "N_raw": 25, "N_roi": 21, "N_inlier": 21, "refit": true}
{"timestamp": "15:43:37.109332", "frame": 47, "mu": [-0.5170621279915192, 4.132427568788504, 1.2555214099837197], "Sigma": [[0.02765969768209218, 0.0016383873452781854, -0.009271690328534109], [0.0016383873452781854, 0.004119962148667327, 0.0012052915605044354], [-0.009271690328534109, 0.0012052915605044354, 0.005383203428677883]], "chi2_level": 0.997, "chi2_df": 3, "chi2_threshold": 13.931422665512084, "N_raw": 59, "N_roi": 41, "N_inlier": 40, "refit": true}
{"timestamp": "15:43:37.267217", "frame": 50, "mu": [-0.2512706541477516, 4.209075018400715, 0.7668332133434977], "Sigma": [[0.0025353185326590843, 0.002373624994395814, -0.004924319086209107], [0.002373624994395814, 0.00859363205228513, -0.03491257008150096], [-0.004924319086209107, -0.03491257008150096, 0.27569464899493473]], "chi2_level": 0.997, "chi2_df": 3, "chi2_threshold": 13.931422665512084, "N_raw": 14, "N_roi": 11, "N_inlier": 11, "refit": true}
{"timestamp": "15:43:37.324816", "frame": 51, "mu": [-0.19106024224248017, 4.1653497714182945, 1.0596828676019863], "Sigma": [[0.009770166061390213, 0.00137439665519248, -0.0005826077661037777], [0.0013743966551924799, 0.005761780599375837, -0.020020555427830038], [-0.000582607766103778, -0.020020555427830038, 0.11841926678442705]], "chi2_level": 0.997, "chi2_df": 3, "chi2_threshold": 13.931422665512084, "N_raw": 33, "N_roi": 30, "N_inlier": 30, "refit": true}
{"timestamp": "15:43:37.434197", "frame": 53, "mu": [-0.15103302882282482, 4.348487461314554, 0.4245499111057797], "Sigma": [[0.0247657971318968, -0.0020527888004283684, 0.0029356610526009275], [-0.0020527888004283684, 0.0022118147403496725, -0.0041446403552181646], [0.0029356610526009275, -0.0041446403552181646, 0.025368313540802864]], "chi2_level": 0.997, "chi2_df": 3, "chi2_threshold": 13.931422665512084, "N_raw": 29, "N_roi": 29, "N_inlier": 28, "refit": true}
{"timestamp": "15:43:37.543521", "frame": 55, "mu": [0.1291336292913341, 4.235913803884153, 1.0300576485184152], "Sigma": [[0.011189444800519147, -0.001748188207687676, -0.006226135738429896], [-0.0017481882076876758, 0.004148508825704635, -0.011626360674948492], [-0.006226135738429896, -0.011626360674948492, 0.06114963585957849]], "chi2_level": 0.997, "chi2_df": 3, "chi2_threshold": 13.931422665512084, "N_raw": 29, "N_roi": 25, "N_inlier": 24, "refit": true}
{"timestamp": "15:43:37.598530", "frame": 56, "mu": [0.2046903940061437, 4.226952932440408, 1.0995353977820588], "Sigma": [[0.015857874040964462, -0.0025941138164356954, -0.008133378792231753], [-0.0025941138164356954, 0.0017509383013119076, 0.0005484891361893174], [-0.008133378792231753, 0.0005484891361893173, 0.005872927243124869]], "chi2_level": 0.997, "chi2_df": 3, "chi2_threshold": 13.931422665512084, "N_raw": 26, "N_roi": 24, "N_inlier": 23, "refit": true}
{"timestamp": "15:43:37.707722", "frame": 58, "mu": [0.29012865664914556, 4.253984724549127, 0.9594248968239003], "Sigma": [[0.011249338035773635, -0.0006593235220227487, -0.0008666243660314711], [-0.0006593235220227487, 0.008318527637129222, -0.009396093774115946], [-0.0008666243660314711, -0.009396093774115946, 0.016557317052109256]], "chi2_level": 0.997, "chi2_df": 3, "chi2_threshold": 13.931422665512084, "N_raw": 21, "N_roi": 17, "N_inlier": 16, "refit": true}
{"timestamp": "15:43:37.819723", "frame": 60, "mu": [0.4798586661794973, 4.243479292369513, 1.110086450409629], "Sigma": [[0.015802458870623214, -0.0035701183448745366, -0.006686829780009486], [-0.0035701183448745366, 0.003297410616116137, -0.0020758391362631482], [-0.006686829780009486, -0.0020758391362631487, 0.014965069170208048]], "chi2_level": 0.997, "chi2_df": 3, "chi2_threshold": 13.931422665512084, "N_raw": 38, "N_roi": 37, "N_inlier": 35, "refit": true}
{"timestamp": "15:43:37.874471", "frame": 61, "mu": [0.5793094337757043, 4.355997874863685, 0.1638968685718088], "Sigma": [[0.015575871059616395, -0.0021702931134396954, -0.006381238321943939], [-0.0021702931134396954, 0.0026605676276962534, -0.0009473567634127873], [-0.0063812383219439385, -0.0009473567634127877, 0.009090433163633543]], "chi2_level": 0.997, "chi2_df": 3, "chi2_threshold": 13.931422665512084, "N_raw": 28, "N_roi": 25, "N_inlier": 24, "refit": true}
{"timestamp": "15:43:38.037140", "frame": 64, "mu": [0.7513853247127679, 4.271857802179108, 0.7806756633104507], "Sigma": [[0.007289446407892437, -0.001137714442846629, -0.006505717350927672], [-0.001137714442846629, 0.012386436022921835, -0.024980211866413624], [-0.006505717350927671, -0.024980211866413624, 0.10700083079074676]], "chi2_level": 0.997, "chi2_df": 3, "chi2_threshold": 13.931422665512084, "N_raw": 14, "N_roi": 10, "N_inlier": 10, "refit": true}
{"timestamp": "15:43:38.255908", "frame": 68, "mu": [0.954724073639049, 4.1397772225381955, 0.8156216154479334], "Sigma": [[0.008980330772124841, -0.0018510606038122837, 0.0007050131223232754], [-0.001851060603812284, 0.013270020195459064, -0.012596509560147039], [0.0007050131223232754, -0.012596509560147039, 0.012436073167840896]], "chi2_level": 0.997, "chi2_df": 3, "chi2_threshold": 13.931422665512084, "N_raw": 13, "N_roi": 13, "N_inlier": 13, "refit": true}
{"timestamp": "15:43:38.421981", "frame": 71, "mu": [1.215863984029162, 4.239889544723238, 0.22888221012065918], "Sigma": [[0.007605020821507056, -0.002712050853817184, -0.0018756193756179432], [-0.002712050853817184, 0.027903691944885387, -0.036948488639917614], [-0.0018756193756179432, -0.036948488639917614, 0.05560371635995562]], "chi2_level": 0.997, "chi2_df": 3, "chi2_threshold": 13.931422665512084, "N_raw": 14, "N_roi": 14, "N_inlier": 13, "refit": true}
{"timestamp": "15:43:38.697716", "frame": 76, "mu": [1.5330717360831494, 3.9551121522489834, 0.9654165948462271], "Sigma": [[0.006405942371089491, -0.0008299494530384433, -0.006935453942952515], [-0.0008299494530384433, 0.0023599773626615216, -0.006435750566971474], [-0.006935453942952513, -0.006435750566971474, 0.110489710887888]], "chi2_level": 0.997, "chi2_df": 3, "chi2_threshold": 13.931422665512084, "N_raw": 16, "N_roi": 15, "N_inlier": 15, "refit": true}
{"timestamp": "15:43:38.861366", "frame": 79, "mu": [1.6014708891615925, 3.8209040917186488, 1.0957257275798695], "Sigma": [[0.00673756761565317, -0.0014389896451950904, -0.0015386398441688974], [-0.0014389896451950906, 0.001866180884096261, -0.002002690412659526], [-0.0015386398441688972, -0.002002690412659526, 0.004867727818064942]], "chi2_level": 0.997, "chi2_df": 3, "chi2_threshold": 13.931422665512084, "N_raw": 12, "N_roi": 12, "N_inlier": 12, "refit": true}
{"timestamp": "15:43:38.974127", "frame": 81, "mu": [1.649809146144295, 3.7308806244647377, 0.7782098866923403], "Sigma": [[0.023715265189434, -0.011341915118753328, -0.011066133011978764], [-0.011341915118753328, 0.007057578994725683, 0.004486414440320125], [-0.011066133011978764, 0.004486414440320125, 0.009320842034557799]], "chi2_level": 0.997, "chi2_df": 3, "chi2_threshold": 13.931422665512084, "N_raw": 30, "N_roi": 30, "N_inlier": 28, "refit": true}
{"timestamp": "15:43:39.032242", "frame": 82, "mu": [1.6902089974882386, 3.8446542253240463, -0.06815330426688844], "Sigma": [[0.02020538551610334, -0.007904696791270375, -0.006109412677820442], [-0.007904696791270377, 0.008729872696363505, -0.006168745006620457], [-0.006109412677820442, -0.006168745006620456, 0.017697308946880298]], "chi2_level": 0.997, "chi2_df": 3, "chi2_threshold": 13.931422665512084, "N_raw": 47, "N_roi": 47, "N_inlier": 47, "refit": true}
{"timestamp": "15:43:39.083939", "frame": 83, "mu": [1.626393088839374, 3.7066630685859208, 0.955025278391289], "Sigma": [[0.009702628802199482, -0.0048175015245342685, -0.0010489209359147164], [-0.0048175015245342685, 0.003920214371681195, -0.004669557649778622], [-0.0010489209359147167, -0.004669557649778622, 0.026695954710450415]], "chi2_level": 0.997, "chi2_df": 3, "chi2_threshold": 13.931422665512084, "N_raw": 23, "N_roi": 23, "N_inlier": 22, "refit": true}
{"timestamp": "15:43:39.138218", "frame": 84, "mu": [1.6223296540003338, 3.6655719869127235, 0.8488489520513823], "Sigma": [[0.009870326359365576, -0.003972670564792198, 0.0005841152435247032], [-0.003972670564792198, 0.003028020915897345, -0.0028328879482794255], [0.0005841152435247031, -0.0028328879482794264, 0.01054669603634007]], "chi2_level": 0.997, "chi2_df": 3, "chi2_threshold": 13.931422665512084, "N_raw": 24, "N_roi": 23, "N_inlier": 23, "refit": true}
{"timestamp": "15:43:39.193222", "frame": 85, "mu": [1.7014882645446185, 3.591117445999154, 1.0687053197242646], "Sigma": [[0.010029006900748814, -0.004406577014674237, -0.005113211898233759], [-0.004406577014674237, 0.0032465951102557795, -0.0002664824861589021], [-0.005113211898233759, -0.00026648248615890216, 0.031543689827698965]], "chi2_level": 0.997, "chi2_df": 3, "chi2_threshold": 13.931422665512084, "N_raw": 20, "N_roi": 19, "N_inlier": 18, "refit": true}
{"timestamp": "15:43:39.309056", "frame": 87, "mu": [1.7092444773868227, 3.500813596430633, 1.071296619004224], "Sigma": [[0.02280688420358491, -0.012232144742721204, -0.014674337602539425], [-0.012232144742721204, 0.007910638891810132, 0.0027730469196627482], [-0.014674337602539424, 0.0027730469196627482, 0.04592005682649264]], "chi2_level": 0.997, "chi2_df": 3, "chi2_threshold": 13.931422665512084, "N_raw": 58, "N_roi": 54, "N_inlier": 53, "refit": true}
{"timestamp": "15:43:39.363590", "frame": 88, "mu": [1.7544578179718675, 3.5585422215861637, -0.1118823748146037], "Sigma": [[0.02500727208359163, -0.008294775075112762, -0.01990252760537515], [-0.008294775075112762, 0.008083770822855841, 0.0006950923249998316], [-0.01990252760537515, 0.0006950923249998312, 0.024569940396639307]], "chi2_level": 0.997, "chi2_df": 3, "chi2_threshold": 13.931422665512084, "N_raw": 48, "N_roi": 47, "N_inlier": 47, "refit": true}
{"timestamp": "15:43:39.420121", "frame": 89, "mu": [1.7241902285652335, 3.415934810277483, 0.8408836670025386], "Sigma": [[0.020182644814468714, -0.013241344293801884, -0.01442559876217003], [-0.013241344293801884, 0.01264018020971531, 8.366729384627408e-05], [-0.01442559876217003, 8.366729384627386e-05, 0.051743841729417976]], "chi2_level": 0.997, "chi2_df": 3, "chi2_threshold": 13.931422665512084, "N_raw": 69, "N_roi": 69, "N_inlier": 69, "refit": true}
{"timestamp": "15:43:39.467720", "frame": 90, "mu": [1.6854959660235034, 3.4686026236398244, 0.9344455858865908], "Sigma": [[0.011613895207430577, -0.001015275612482467, -0.023064553380346978], [-0.0010152756124824672, 0.005118964724596624, -0.006706048808004613], [-0.02306455338034698, -0.006706048808004614, 0.07906659632621571]], "chi2_level": 0.997, "chi2_df": 3, "chi2_threshold": 13.931422665512084, "N_raw": 15, "N_roi": 13, "N_inlier": 13, "refit": true}
{"timestamp": "15:43:39.583615", "frame": 92, "mu": [1.6845210745532575, 3.4805511185999882, -0.3085057466517907], "Sigma": [[0.021852196443005078, -0.0097448670363655, -0.008449439888809055], [-0.009744867036365502, 0.01022916316631725, -0.0010775249280053371], [-0.008449439888809054, -0.0010775249280053373, 0.011920372944229053]], "chi2_level": 0.997, "chi2_df": 3, "chi2_threshold": 13.931422665512084, "N_raw": 55, "N_roi": 55, "N_inlier": 54, "refit": true}
{"timestamp": "15:43:39.695039", "frame": 94, "mu": [1.640000108593523, 3.26500524804137, 0.7505962575972811], "Sigma": [[0.017507149442188865, -0.013663168639423122, -0.00899222490294235], [-0.013663168639423122, 0.01951161674647185, 0.000772161890365843], [-0.00899222490294235, 0.000772161890365843, 0.01490692225020188]], "chi2_level": 0.997, "chi2_df": 3, "chi2_threshold": 13.931422665512084, "N_raw": 64, "N_roi": 60, "N_inlier": 58, "refit": true}
{"timestamp": "15:43:39.798230", "frame": 96, "mu": [1.5162544514418324, 3.2216536275933754, 0.6643614637760537], "Sigma": [[0.007826680072978775, -0.0048018785012363474, -0.01461968642723592], [-0.0048018785012363474, 0.01556378173349192, -0.012302374892773634], [-0.014619686427235918, -0.012302374892773638, 0.11274301623108161]], "chi2_level": 0.997, "chi2_df": 3, "chi2_threshold": 13.931422665512084, "N_raw": 18, "N_roi": 18, "N_inlier": 18, "refit": true}
{"timestamp": "15:43:39.852555", "frame": 97, "mu": [1.4122098957256815, 3.302162485563827, 0.7211805391320567], "Sigma": [[0.01362439273968703, -0.013792764252682714, -0.023921346898340842], [-0.013792764252682712, 0.031194658017900667, 0.02303674479469333], [-0.02392134689834084, 0.02303674479469333, 0.18998328928134464]], "chi2_level": 0.997, "chi2_df": 3, "chi2_threshold": 13.931422665512084, "N_raw": 13, "N_roi": 13, "N_inlier": 13, "refit": true}
{"timestamp": "15:43:39.911920", "frame": 98, "mu": [1.4685489499549913, 3.112336827051271, 0.7907574429265142], "Sigma": [[0.019279040718318326, -0.01453438592355302, -0.022695460801722262], [-0.01453438592355302, 0.013782157523443353, 0.0152267228493231], [-0.022695460801722262, 0.0152267228493231, 0.03419454926426399]], "chi2_level": 0.997, "chi2_df": 3, "chi2_threshold": 13.931422665512084, "N_raw": 43, "N_roi": 41, "N_inlier": 39, "refit": true}
{"timestamp": "15:43:39.966606", "frame": 99, "mu": [1.3481920969970451, 3.160527473377036, 0.9173366179557843], "Sigma": [[0.016587398715836088, -0.011228443124786387, -0.027082073226967297], [-0.011228443124786387, 0.010287830751400988, 0.016918213187041637], [-0.027082073226967297, 0.016918213187041637, 0.09979138354368186]], "chi2_level": 0.997, "chi2_df": 3, "chi2_threshold": 13.931422665512084, "N_raw": 43, "N_roi": 43, "N_inlier": 41, "refit": true}
{"timestamp": "15:43:40.069302", "frame": 100, "mu": [1.2265286311000918, 3.2236315055763534, 0.94499144404886], "Sigma": [[0.010008837856483639, -0.00427592696068166, -0.027891776904272265], [-0.00427592696068166, 0.0037672271932038233, 0.018231248315034525], [-0.027891776904272265, 0.018231248315034525, 0.22529203419950622]], "chi2_level": 0.997, "chi2_df": 3, "chi2_threshold": 13.931422665512084, "N_raw": 22, "N_roi": 20, "N_inlier": 20, "refit": true}
{"timestamp": "15:43:40.099180", "frame": 101, "mu": [1.1838418968224116, 3.0653972363194995, 1.1016576178294777], "Sigma": [[0.014802909570679116, -0.008867744123935147, -0.016618024368608743], [-0.008867744123935147, 0.008192104377458499, 0.008626047979872055], [-0.016618024368608743, 0.008626047979872053, 0.02084902465962981]], "chi2_level": 0.997, "chi2_df": 3, "chi2_threshold": 13.931422665512084, "N_raw": 40, "N_roi": 40, "N_inlier": 38, "refit": true}
{"timestamp": "15:43:40.350307", "frame": 106, "mu": [0.6973263006278677, 3.1624411556294922, -1.01094522791442], "Sigma": [[0.013244784231608386, 0.004117822344677763, 0.023664391682785696], [0.004117822344677763, 0.005661242831214226, 0.017296276852848166], [0.0236643916827857, 0.017296276852848166, 0.10879046616932601]], "chi2_level": 0.997, "chi2_df": 3, "chi2_threshold": 13.931422665512084, "N_raw": 39, "N_roi": 39, "N_inlier": 37, "refit": true}
{"timestamp": "15:43:40.406348", "frame": 107, "mu": [0.6557416550598103, 3.1734161585099843, 1.1641583525861592], "Sigma": [[0.011883401984275977, -0.00586178688676443, -0.012017051090582237], [-0.00586178688676443, 0.0065978299634035465, 0.006682174804983855], [-0.012017051090582239, 0.006682174804983855, 0.014769041576817127]], "chi2_level": 0.997, "chi2_df": 3, "chi2_threshold": 13.931422665512084, "N_raw": 39, "N_roi": 39, "N_inlier": 37, "refit": true}
{"timestamp": "15:43:40.460425", "frame": 108, "mu": [0.5934269985552495, 3.201550074546857, 1.2288400888622923], "Sigma": [[0.012591600758825513, -0.0044406132482697706, -0.006692696222792593], [-0.00444061324826977, 0.004764693654736278, 0.002302731139861733], [-0.006692696222792593, 0.0023027311398617326, 0.007190994706679988]], "chi2_level": 0.997, "chi2_df": 3, "chi2_threshold": 13.931422665512084, "N_raw": 40, "N_roi": 40, "N_inlier": 38, "refit": true}
{"timestamp": "15:43:40.513822", "frame": 109, "mu": [0.5345173325596331, 3.2053068768638444, 1.2994160704511157], "Sigma": [[0.008771002346564706, -0.0032925648462118, -0.008046275193332262], [-0.0032925648462118, 0.004616411217533195, 0.004576405637687142], [-0.008046275193332262, 0.004576405637687142, 0.008992835196199348]], "chi2_level": 0.997, "chi2_df": 3, "chi2_threshold": 13.931422665512084, "N_raw": 25, "N_roi": 24, "N_inlier": 24, "refit": true}
{"timestamp": "15:43:40.622667", "frame": 111, "mu": [0.40308557024882763, 2.939989714249376, -0.1237893141481724], "Sigma": [[0.0017326080963813138, 0.010933100903491182, 0.028966895534701883], [0.010933100903491182, 0.6284840055115222, 1.3316778484683276], [0.028966895534701886, 1.3316778484683276, 3.373257077833855]], "chi2_level": 0.997, "chi2_df": 3, "chi2_threshold": 13.931422665512084, "N_raw": 14, "N_roi": 13, "N_inlier": 13, "refit": true}
{"timestamp": "15:43:40.684570", "frame": 112, "mu": [0.3067991811627744, 3.268025889606423, -0.31125669132353256], "Sigma": [[0.016632921009234615, 0.0031520137934842717, 0.035409606383182246], [0.0031520137934842717, 0.006313420162686855, 0.008461316071860387], [0.035409606383182246, 0.008461316071860387, 0.12581762221027248]], "chi2_level": 0.997, "chi2_df": 3, "chi2_threshold": 13.931422665512084, "N_raw": 59, "N_roi": 59, "N_inlier": 56, "refit": true}
{"timestamp": "15:43:40.737661", "frame": 113, "mu": [0.15980625352655836, 3.2478409040183354, 1.3733787079740953], "Sigma": [[0.009346484889357102, -0.0017692810820054547, -0.017510416012676666], [-0.0017692810820054547, 0.004073113416554645, -0.004129066651447154], [-0.017510416012676666, -0.004129066651447154, 0.16123347861590542]], "chi2_level": 0.997, "chi2_df": 3, "chi2_threshold": 13.931422665512084, "N_raw": 39, "N_roi": 35, "N_inlier": 34, "refit": true}
{"timestamp": "15:43:40.790377", "frame": 114, "mu": [0.12682667747561177, 3.211439724101844, 1.321724945653921], "Sigma": [[0.006749940391554872, -0.0009577797080547546, -0.0075365506959538305], [-0.0009577797080547543, 0.0023248664106567192, -0.0009609746712882323], [-0.007536550695953832, -0.0009609746712882323, 0.014171179415710885]], "chi2_level": 0.997, "chi2_df": 3, "chi2_threshold": 13.931422665512084, "N_raw": 35, "N_roi": 30, "N_inlier": 28, "refit": true}
{"timestamp": "15:43:40.852549", "frame": 115, "mu": [0.11377557880397596, 3.2311503883395747, -0.6203842327879098], "Sigma": [[0.015400242925643933, 0.0011703497053213874, 0.04390103450028238], [0.001170349705321387, 0.0073438745297315046, -0.002712549338436541], [0.04390103450028238, -0.0027125493384365412, 0.32514784224227355]], "chi2_level": 0.997, "chi2_df": 3, "chi2_threshold": 13.931422665512084, "N_raw": 78, "N_roi": 66, "N_inlier": 66, "refit": true}
{"timestamp": "15:43:40.955330", "frame": 117, "mu": [-0.004381374400352799, 3.235159552800975, 0.8259093028749745], "Sigma": [[0.01214876521750133, 0.006735486468607504, -0.04637180914025597], [0.006735486468607504, 0.008913556828539924, -0.04465737356770723], [-0.04637180914025597, -0.04465737356770723, 0.2838926708325649]], "chi2_level": 0.997, "chi2_df": 3, "chi2_threshold": 13.931422665512084, "N_raw": 36, "N_roi": 36, "N_inlier": 36, "refit": true}
{"timestamp": "15:43:41.011425", "frame": 118, "mu": [-0.2588127716379178, 3.2594495022343657, -0.3122054356839339], "Sigma": [[0.014627611082266625, 0.00795655707593142, 0.005761838398644963], [0.00795655707593142, 0.019063824263739197, -0.012093714327513466], [0.005761838398644964, -0.012093714327513466, 0.14791875934518361]], "chi2_level": 0.997, "chi2_df": 3, "chi2_threshold": 13.931422665512084, "N_raw": 41, "N_roi": 41, "N_inlier": 39, "refit": true}
{"timestamp": "15:43:41.067917", "frame": 119, "mu": [-0.3042876367051068, 3.174485787693044, 1.36641331011089], "Sigma": [[0.016904002691858988, -0.002015505489795224, -0.017766525091601107], [-0.002015505489795224, 0.005244570756364639, 0.0019032810335930961], [-0.017766525091601107, 0.0019032810335930961, 0.022594500425154887]], "chi2_level": 0.997, "chi2_df": 3, "chi2_threshold": 13.931422665512084, "N_raw": 57, "N_roi": 56, "N_inlier": 53, "refit": true}
{"timestamp": "15:43:41.125530", "frame": 120, "mu": [-0.31963076528731055, 3.1824941366129895, 1.1358396489507063], "Sigma": [[0.015444944383610956, -0.001759954016860557, -0.01923026498944417], [-0.0017599540168605568, 0.0031048698287549975, -0.002919886559582043], [-0.01923026498944417, -0.0029198865595820435, 0.03887110194935076]], "chi2_level": 0.997, "chi2_df": 3, "chi2_threshold": 13.931422665512084, "N_raw": 67, "N_roi": 52, "N_inlier": 50, "refit": true}
{"timestamp": "15:43:41.179296", "frame": 121, "mu": [-0.5043846670390628, 3.192640388520625, 1.3568237364257603], "Sigma": [[0.017406055580987824, 0.00046708215335459477, -0.021897290962664594], [0.0004670821533545947, 0.004144983520627035, -0.003977994543749156], [-0.021897290962664587, -0.003977994543749156, 0.16734349239277732]], "chi2_level": 0.997, "chi2_df": 3, "chi2_threshold": 13.931422665512084, "N_raw": 56, "N_roi": 51, "N_inlier": 50, "refit": true}
{"timestamp": "15:43:41.230746", "frame": 122, "mu": [-0.6123376858004925, 3.1725783302989874, 1.409559805573632], "Sigma": [[0.005010928170470862, 0.0005826304484037087, -0.005185544399399484], [0.0005826304484037087, 0.0020397091639436167, -0.001740108117233447], [-0.005185544399399483, -0.001740108117233447, 0.01150830405201391]], "chi2_level": 0.997, "chi2_df": 3, "chi2_threshold": 13.931422665512084, "N_raw": 34, "N_roi": 15, "N_inlier": 14, "refit": true}
{"timestamp": "15:43:41.287158", "frame": 123, "mu": [-0.668026916900734, 3.2106775419979137, 1.2476652307271112], "Sigma": [[0.010421996544485718, 0.00018827342507222837, -0.019653576316774377], [0.00018827342507222842, 0.00373679601619353, -0.007403961453386907], [-0.019653576316774377, -0.007403961453386908, 0.09191352106464254]], "chi2_level": 0.997, "chi2_df": 3, "chi2_threshold": 13.931422665512084, "N_raw": 50, "N_roi": 44, "N_inlier": 42, "refit": true}
{"timestamp": "15:43:41.342698", "frame": 124, "mu": [-0.7697638014465187, 3.2200804575090505, 1.3133502817451375], "Sigma": [[0.015594110329471568, 0.003217489200762937, -0.02683408198315048], [0.003217489200762937, 0.010426385156358346, -0.016399551163952676], [-0.02683408198315048, -0.016399551163952676, 0.10266463396505654]], "chi2_level": 0.997, "chi2_df": 3, "chi2_threshold": 13.931422665512084, "N_raw": 43, "N_roi": 42, "N_inlier": 41, "refit": true}
{"timestamp": "15:43:41.395237", "frame": 125, "mu": [-0.7736792772476534, 3.140948735713248, 1.1442993743165144], "Sigma": [[0.018582754890439736, 0.003136481077837115, -0.0272259565456427], [0.003136481077837115, 0.002929256163878112, -0.008453095777934572], [-0.0272259565456427, -0.008453095777934572, 0.05936234188067609]], "chi2_level": 0.997, "chi2_df": 3, "chi2_threshold": 13.931422665512084, "N_raw": 32, "N_roi": 31, "N_inlier": 30, "refit": true}
{"timestamp": "15:43:41.454441", "frame": 126, "mu": [-0.6922354375754383, 3.43956539224739, -0.48892259719755526], "Sigma": [[0.03409909673212176, 0.018575889842103996, -0.05617605739540568], [0.018575889842104, 0.014722166093015318, -0.04066121284739412], [-0.05617605739540568, -0.04066121284739412, 0.12285877350981048]], "chi2_level": 0.997, "chi2_df": 3, "chi2_threshold": 13.931422665512084, "N_raw": 61, "N_roi": 59, "N_inlier": 56, "refit": true}
{"timestamp": "15:43:41.504276", "frame": 127, "mu": [-0.7724426477540811, 3.1956838957217735, 0.4789709220163527], "Sigma": [[0.011322430676785376, 0.005064046854617293, -0.029229358655527553], [0.005064046854617293, 0.003987331143705821, -0.019210981747495814], [-0.029229358655527553, -0.019210981747495817, 0.11966864701081882]], "chi2_level": 0.997, "chi2_df": 3, "chi2_threshold": 13.931422665512084, "N_raw": 19, "N_roi": 18, "N_inlier": 17, "refit": true}
{"timestamp": "15:43:41.562384", "frame": 128, "mu": [-1.0150908498945286, 3.1543184375682873, -0.7140808889648267], "Sigma": [[0.008743851302910789, 0.0034400889963870675, 0.01995110205397225], [0.0034400889963870675, 0.012709326975247544, 0.010895565040170665], [0.01995110205397225, 0.010895565040170665, 0.11559062831027453]], "chi2_level": 0.997, "chi2_df": 3, "chi2_threshold": 13.931422665512084, "N_raw": 43, "N_roi": 43, "N_inlier": 42, "refit": true}
{"timestamp": "15:43:41.615525", "frame": 129, "mu": [-1.0700236388388964, 3.2242486152961463, 1.0923805938699003], "Sigma": [[0.012497842104425576, 0.0011620714123815618, -0.0041209566756047625], [0.0011620714123815618, 0.0021097999636430142, -0.004813170131538572], [-0.004120956675604762, -0.004813170131538572, 0.09120222242967506]], "chi2_level": 0.997, "chi2_df": 3, "chi2_threshold": 13.931422665512084, "N_raw": 36, "N_roi": 34, "N_inlier": 33, "refit": true}
{"timestamp": "15:43:41.671396", "frame": 130, "mu": [-1.1148228925482286, 3.1169287586866106, 1.183819746301643], "Sigma": [[0.013487713074296944, 0.0017741193049366133, -0.009127130218702196], [0.001774119304936613, 0.004262855427788446, -0.0008607716731308904], [-0.009127130218702196, -0.0008607716731308904, 0.007029183812425648]], "chi2_level": 0.997, "chi2_df": 3, "chi2_threshold": 13.931422665512084, "N_raw": 38, "N_roi": 38, "N_inlier": 38, "refit": true}
{"timestamp": "15:43:41.729388", "frame": 131, "mu": [-1.1947570193215606, 3.1181220358145145, 1.1667339555628446], "Sigma": [[0.01735503522173878, 0.002517821015606241, -0.016936465841633365], [0.002517821015606241, 0.007925865232236408, -0.0013243892401697225], [-0.016936465841633365, -0.0013243892401697223, 0.02509331335788167]], "chi2_level": 0.997, "chi2_df": 3, "chi2_threshold": 13.931422665512084, "N_raw": 57, "N_roi": 56, "N_inlier": 53, "refit": true}
{"timestamp": "15:43:41.782944", "frame": 132, "mu": [-1.216723018021234, 3.0570676983520206, 1.0572478138477595], "Sigma": [[0.01966209087263331, -0.0008335379692952791, -0.022401093123719636], [-0.0008335379692952792, 0.004662662775691277, 0.0019145985567758372], [-0.022401093123719636, 0.001914598556775837, 0.029173350938632724]], "chi2_level": 0.997, "chi2_df": 3, "chi2_threshold": 13.931422665512084, "N_raw": 51, "N_roi": 47, "N_inlier": 44, "refit": true}
{"timestamp": "15:43:41.840597", "frame": 133, "mu": [-1.364452170442267, 3.155213856352853, 1.003240477817012], "Sigma": [[0.028214658751319878, 0.01004996459851048, -0.0680346445669078], [0.01004996459851048, 0.014203104071226649, -0.046002184022553405], [-0.0680346445669078, -0.046002184022553405, 0.23319562562248772]], "chi2_level": 0.997, "chi2_df": 3, "chi2_threshold": 13.931422665512084, "N_raw": 61, "N_roi": 61, "N_inlier": 59, "refit": true}
{"timestamp": "15:43:41.894168", "frame": 134, "mu": [-1.3593175894363392, 3.2803799690690596, -1.0309888083344922], "Sigma": [[0.038731597159987426, 0.040845432928530157, -0.03537664851023062], [0.040845432928530157, 0.06119375555810738, -0.027497903334723836], [-0.03537664851023062, -0.027497903334723836, 0.19644686641927736]], "chi2_level": 0.997, "chi2_df": 3, "chi2_threshold": 13.931422665512084, "N_raw": 57, "N_roi": 57, "N_inlier": 57, "refit": true}
{"timestamp": "15:43:41.950035", "frame": 135, "mu": [-1.3559367732286143, 3.2358201915266704, 0.48439795009220055], "Sigma": [[0.026880648956777817, 0.012498171451646108, -0.045620572396120884], [0.012498171451646108, 0.016230357421402136, -0.0532608159084029], [-0.045620572396120884, -0.0532608159084029, 0.18878382517313783]], "chi2_level": 0.997, "chi2_df": 3, "chi2_threshold": 13.931422665512084, "N_raw": 65, "N_roi": 62, "N_inlier": 61, "refit": true}
{"timestamp": "15:43:42.107765", "frame": 138, "mu": [-1.7496154176727383, 3.0476575535109647, 1.413286673475355], "Sigma": [[0.012685630837833308, 0.003942530695699048, -0.011690402960287682], [0.0039425306956990475, 0.004084001745030882, -0.003532548627427073], [-0.011690402960287682, -0.003532548627427073, 0.011614581073946828]], "chi2_level": 0.997, "chi2_df": 3, "chi2_threshold": 13.931422665512084, "N_raw": 27, "N_roi": 25, "N_inlier": 25, "refit": true}
{"timestamp": "15:43:42.218131", "frame": 140, "mu": [-1.8816984939287211, 2.984654984782281, 1.4284981653015034], "Sigma": [[0.0075777636740662156, 0.002216177141720335, -0.005265115162083554], [0.0022161771417203344, 0.002617439286773191, -0.002293065739207281], [-0.005265115162083554, -0.002293065739207281, 0.004958784977650592]], "chi2_level": 0.997, "chi2_df": 3, "chi2_threshold": 13.931422665512084, "N_raw": 23, "N_roi": 20, "N_inlier": 18, "refit": true}
{"timestamp": "15:43:42.328058", "frame": 142, "mu": [-1.8703476943578479, 3.0123187276713512, 1.2161730532632973], "Sigma": [[0.010268861771092024, 0.004763319522836104, -0.0149880352768804], [0.004763319522836104, 0.002852943737371323, -0.008726081714976328], [-0.014988035276880404, -0.008726081714976328, 0.04155471638102076]], "chi2_level": 0.997, "chi2_df": 3, "chi2_threshold": 13.931422665512084, "N_raw": 23, "N_roi": 23, "N_inlier": 22, "refit": true}
{"timestamp": "15:43:42.439284", "frame": 144, "mu": [-1.7872547909361878, 3.0537209163103105, 0.8637837378641967], "Sigma": [[0.014563197944183847, 0.003986823101356202, -0.013107853139633878], [0.003986823101356202, 0.002417915933424177, -0.006092998765125923], [-0.013107853139633877, -0.006092998765125924, 0.019267351379167005]], "chi2_level": 0.997, "chi2_df": 3, "chi2_threshold": 13.931422665512084, "N_raw": 34, "N_roi": 34, "N_inlier": 33, "refit": true}
{"timestamp": "15:43:42.492773", "frame": 145, "mu": [-1.9796227241968467, 2.9052393866047295, 1.3563247713955218], "Sigma": [[0.011327539337074262, 0.010091781367096427, -0.022800987193592415], [0.010091781367096427, 0.01058599270692092, -0.023774262483885367], [-0.022800987193592415, -0.023774262483885367, 0.06069983683123043]], "chi2_level": 0.997, "chi2_df": 3, "chi2_threshold": 13.931422665512084, "N_raw": 13, "N_roi": 13, "N_inlier": 13, "refit": true}
{"timestamp": "15:43:42.551381", "frame": 146, "mu": [-1.8244550334761582, 3.000708320536767, 0.7749622509250661], "Sigma": [[0.013919048971503237, 0.003487537743577468, -0.009779554828239657], [0.003487537743577469, 0.003071420467326024, -0.00444635569096232], [-0.009779554828239657, -0.00444635569096232, 0.010552954024807111]], "chi2_level": 0.997, "chi2_df": 3, "chi2_threshold": 13.931422665512084, "N_raw": 35, "N_roi": 35, "N_inlier": 33, "refit": true}
{"timestamp": "15:43:42.716921", "frame": 149, "mu": [-1.876065752336352, 2.8328600556679997, 1.1199729323314915], "Sigma": [[0.009677446649123152, 0.004980306665440946, -0.008654136049736548], [0.004980306665440946, 0.005301062736984565, -0.010845447750437633], [-0.008654136049736548, -0.010845447750437633, 0.02516865065148828]], "chi2_level": 0.997, "chi2_df": 3, "chi2_threshold": 13.931422665512084, "N_raw": 42, "N_roi": 42, "N_inlier": 39, "refit": true}
{"timestamp": "15:43:42.767160", "frame": 150, "mu": [-1.956446706255141, 2.9046123644583735, 0.2965269048020836], "Sigma": [[0.0054563650037396045, -0.00047404708227016226, -0.00024460727353268303], [-0.00047404708227016237, 0.00784375705492587, -0.03497838615427701], [-0.0002446072735326826, -0.03497838615427701, 0.20091977569440747]], "chi2_level": 0.997, "chi2_df": 3, "chi2_threshold": 13.931422665512084, "N_raw": 18, "N_roi": 18, "N_inlier": 18, "refit": true}
{"timestamp": "15:43:42.823180", "frame": 151, "mu": [-1.8897841004380818, 2.8102397239967227, 0.6796746772953868], "Sigma": [[0.00897156294879185, 0.0009674774036178487, 0.026857488485860434], [0.0009674774036178487, 0.004953108863750474, -0.013460319092199545], [0.026857488485860434, -0.013460319092199545, 0.20060809951349512]], "chi2_level": 0.997, "chi2_df": 3, "chi2_threshold": 13.931422665512084, "N_raw": 18, "N_roi": 18, "N_inlier": 18, "refit": true}
{"timestamp": "15:43:42.877402", "frame": 152, "mu": [-1.9281000328577909, 2.7163798399428707, 1.2006843911916723], "Sigma": [[0.004242760297047137, 0.0017795412670839467, -0.001213445431894286], [0.0017795412670839465, 0.00251547886332173, -0.0025969615786522117], [-0.001213445431894286, -0.0025969615786522117, 0.003935187597825854]], "chi2_level": 0.997, "chi2_df": 3, "chi2_threshold": 13.931422665512084, "N_raw": 11, "N_roi": 11, "N_inlier": 10, "refit": true}
{"timestamp": "15:43:42.931270", "frame": 153, "mu": [-1.8909793235563164, 2.685626355626639, 1.1612861287682552], "Sigma": [[0.0020629221435728507, 0.0014022298217820635, -0.0027526381936563635], [0.0014022298217820635, 0.00359265401821477, -0.009184159857184411], [-0.0027526381936563635, -0.009184159857184413, 0.028654613076491184]], "chi2_level": 0.997, "chi2_df": 3, "chi2_threshold": 13.931422665512084, "N_raw": 10, "N_roi": 10, "N_inlier": 10, "refit": true}
{"timestamp": "15:43:42.993421", "frame": 154, "mu": [-1.8719232766823641, 2.595184109892168, 1.2977949329165006], "Sigma": [[0.010455682386507731, 0.005388132849673251, -0.007476859674068998], [0.005388132849673252, 0.007382384415650663, -0.01205714028510309], [-0.007476859674068997, -0.01205714028510309, 0.025346687442998263]], "chi2_level": 0.997, "chi2_df": 3, "chi2_threshold": 13.931422665512084, "N_raw": 54, "N_roi": 54, "N_inlier": 51, "refit": true}
{"timestamp": "15:43:43.044407", "frame": 155, "mu": [-1.9438204047748655, 2.5566887449504008, 1.0518717978058907], "Sigma": [[0.009026613917369605, 0.002268113300607961, 0.011621482740405914], [0.0022681133006079604, 0.0032969306245089684, -0.006008790826297234], [0.011621482740405914, -0.006008790826297232, 0.1423710403273295]], "chi2_level": 0.997, "chi2_df": 3, "chi2_threshold": 13.931422665512084, "N_raw": 24, "N_roi": 24, "N_inlier": 23, "refit": true}
{"timestamp": "15:43:43.103011", "frame": 156, "mu": [-1.8420539388110353, 2.5590530391321638, 1.2239713263044851], "Sigma": [[0.01656117499929301, 0.005039045871425606, -0.008129437743733014], [0.005039045871425606, 0.0060178584182353665, -0.005694454035093755], [-0.008129437743733014, -0.005694454035093755, 0.008556472603702072]], "chi2_level": 0.997, "chi2_df": 3, "chi2_threshold": 13.931422665512084, "N_raw": 52, "N_roi": 52, "N_inlier": 50, "refit": true}
{"timestamp": "15:43:43.157871", "frame": 157, "mu": [-1.903226768911209, 2.469162811588046, 1.179717625355414], "Sigma": [[0.011671050902910715, 0.004264635244950101, -0.0038834257478586346], [0.004264635244950101, 0.005638611477961795, -0.005522655437764334], [-0.0038834257478586346, -0.005522655437764334, 0.019877457571352394]], "chi2_level": 0.997, "chi2_df": 3, "chi2_threshold": 13.931422665512084, "N_raw": 42, "N_roi": 37, "N_inlier": 36, "refit": true}
{"timestamp": "15:43:43.214394", "frame": 158, "mu": [-1.7820394466005847, 2.503930178639356, 0.995620485518669], "Sigma": [[0.010957322179471428, 0.008113992364160744, -0.010511125143656964], [0.008113992364160744, 0.013864065454108841, -0.02038814350561409], [-0.010511125143656964, -0.02038814350561409, 0.04603254447819749]], "chi2_level": 0.997, "chi2_df": 3, "chi2_threshold": 13.931422665512084, "N_raw": 62, "N_roi": 57, "N_inlier": 54, "refit": true}
