{"timestamp": "15:22:40.520098", "frame": 41, "mu": [-2.405373192954849, 3.1346381943935198, 0.9304910801413708], "Sigma": [[0.003925693527045968, 0.0008284124429794755, -0.0004992637313829412], [0.0008284124429794755, 0.0018120842568085146, -0.0012637581362768037], [-0.0004992637313829413, -0.0012637581362768037, 0.0010485579717433512]], "chi2_level": 0.997, "chi2_df": 3, "chi2_threshold": 13.931422665512084, "N_raw": 41, "N_roi": 13, "N_inlier": 12, "refit": true}
{"timestamp": "15:22:40.627278", "frame": 43, "mu": [-2.3676912894649527, 3.0688993375576454, 0.7005763435530367], "Sigma": [[0.004324881315110585, 0.0022160906652873764, -0.004964956092806979], [0.0022160906652873764, 0.004888765822937568, -0.006299968522100071], [-0.004964956092806979, -0.006299968522100071, 0.013374883377614503]], "chi2_level": 0.997, "chi2_df": 3, "chi2_threshold": 13.931422665512084, "N_raw": 25, "N_roi": 19, "N_inlier": 18, "refit": true}
{"timestamp": "15:22:40.690475", "frame": 44, "mu": [-2.339531106162684, 3.0730111113446434, 0.8527158645338409], "Sigma": [[0.007401370094703457, 0.003915465958778894, -0.0018728531927449273], [0.003915465958778894, 0.005370918255665378, -0.006884532901947946], [-0.0018728531927449273, -0.006884532901947946, 0.13864807502599277]], "chi2_level": 0.997, "chi2_df": 3, "chi2_threshold": 13.931422665512084, "N_raw": 55, "N_roi": 36, "N_inlier": 35, "refit": true}
{"timestamp": "15:22:40.852285", "frame": 47, "mu": [-2.3035884365919954, 2.964234835408411, -0.8521576635704613], "Sigma": [[0.013766966336264742, 0.007020822289559364, -0.0069857685078705345], [0.007020822289559364, 0.010267044595267285, -0.013526233146412447], [-0.0069857685078705345, -0.013526233146412447, 0.024223423577419516]], "chi2_level": 0.997, "chi2_df": 3, "chi2_threshold": 13.931422665512084, "N_raw": 36, "N_roi": 34, "N_inlier": 32, "refit": true}
{"timestamp": "15:22:40.908858", "frame": 48, "mu": [-2.18247311174363, 2.9522518162883813, 1.1353575672117187], "Sigma": [[0.01883290507331174, 0.008251385605339959, -0.007252182226831538], [0.008251385605339959, 0.00696274248585929, -0.008953274651798255], [-0.007252182226831538, -0.008953274651798255, 0.016386757799477347]], "chi2_level": 0.997, "chi2_df": 3, "chi2_threshold": 13.931422665512084, "N_raw": 47, "N_roi": 47, "N_inlier": 46, "refit": true}
{"timestamp": "15:22:40.961422", "frame": 49, "mu": [-2.275200321158878, 2.876995166298031, 1.070233510064433], "Sigma": [[0.012460428169846357, 0.00514626470863342, -0.005067617778756725], [0.00514626470863342, 0.004114488894085861, -0.005116991853686364], [-0.005067617778756724, -0.005116991853686364, 0.01137542745936295]], "chi2_level": 0.997, "chi2_df": 3, "chi2_threshold": 13.931422665512084, "N_raw": 33, "N_roi": 31, "N_inlier": 30, "refit": true}
{"timestamp": "15:22:41.018477", "frame": 50, "mu": [-2.1783633821347186, 2.8635562869037563, 1.1790343050535932], "Sigma": [[0.019264371717484515, 0.007348008657279751, -0.008440085730330843], [0.007348008657279751, 0.006963339720995379, -0.008180083586378922], [-0.008440085730330841, -0.008180083586378922, 0.01274997584824301]], "chi2_level": 0.997, "chi2_df": 3, "chi2_threshold": 13.931422665512084, "N_raw": 51, "N_roi": 51, "N_inlier": 50, "refit": true}
{"timestamp": "15:22:41.070501", "frame": 51, "mu": [-2.0990054419579094, 2.8844182809149856, 1.0498556614942884], "Sigma": [[0.006030601918466677, 0.0016242209734970677, -0.0016417564390092858], [0.0016242209734970677, 0.005100912380404741, -0.005239219193113771], [-0.0016417564390092854, -0.005239219193113772, 0.014786605219688923]], "chi2_level": 0.997, "chi2_df": 3, "chi2_threshold": 13.931422665512084, "N_raw": 20, "N_roi": 20, "N_inlier": 20, "refit": true}
{"timestamp": "15:22:41.124008", "frame": 52, "mu": [-2.035963528105608, 2.824919793559767, 1.0392203456580504], "Sigma": [[0.008739994893756787, 0.006837207808271158, -0.003441479391957563], [0.006837207808271158, 0.010279729766109542, -0.011461211757091323], [-0.0034414793919575635, -0.011461211757091323, 0.029831190368679122]], "chi2_level": 0.997, "chi2_df": 3, "chi2_threshold": 13.931422665512084, "N_raw": 17, "N_roi": 17, "N_inlier": 16, "refit": true}
{"timestamp": "15:22:41.181151", "frame": 53, "mu": [-1.8943919391810438, 2.8390116837016817, 1.0381413384176863], "Sigma": [[0.025706101105794334, 0.01842190069834164, -0.04055855985810265], [0.01842190069834164, 0.015214484078837473, -0.034003104403968615], [-0.04055855985810265, -0.034003104403968615, 0.08176957377523578]], "chi2_level": 0.997, "chi2_df": 3, "chi2_threshold": 13.931422665512084, "N_raw": 33, "N_roi": 33, "N_inlier": 33, "refit": true}
{"timestamp": "15:22:41.236020", "frame": 54, "mu": [-1.8251323721701966, 2.845648320022762, 0.9643100277024665], "Sigma": [[0.010717122536556434, 0.009555158878752737, -0.016036228086296914], [0.009555158878752737, 0.012062912400568863, -0.019895325169882044], [-0.016036228086296914, -0.019895325169882044, 0.037431982406059924]], "chi2_level": 0.997, "chi2_df": 3, "chi2_threshold": 13.931422665512084, "N_raw": 27, "N_roi": 25, "N_inlier": 25, "refit": true}
{"timestamp": "15:22:41.289112", "frame": 55, "mu": [-1.8550106686107959, 2.776021120120716, 0.9491784091700628], "Sigma": [[0.00642334771444334, 0.002462896737920894, -0.007828992244256334], [0.002462896737920894, 0.003137081995114567, -0.009060094355589255], [-0.007828992244256334, -0.009060094355589257, 0.03474870246200801]], "chi2_level": 0.997, "chi2_df": 3, "chi2_threshold": 13.931422665512084, "N_raw": 21, "N_roi": 21, "N_inlier": 20, "refit": true}
{"timestamp": "15:22:41.349507", "frame": 56, "mu": [-1.85103419667805, 2.876302520646761, -0.2978237719562062], "Sigma": [[0.014707722831018602, 0.011214319920873846, -0.012850950972705808], [0.011214319920873845, 0.015712106703843674, -0.013627751911511637], [-0.012850950972705808, -0.013627751911511637, 0.021778149047997235]], "chi2_level": 0.997, "chi2_df": 3, "chi2_threshold": 13.931422665512084, "N_raw": 49, "N_roi": 49, "N_inlier": 48, "refit": true}
{"timestamp": "15:22:41.402494", "frame": 57, "mu": [-1.7807209596518583, 2.644644089883196, 0.9756307190818606], "Sigma": [[0.023562311497213634, 0.013191269051936912, -0.040807247761095844], [0.01319126905193691, 0.009049433530271976, -0.027292639191348285], [-0.040807247761095844, -0.027292639191348285, 0.09459115451097659]], "chi2_level": 0.997, "chi2_df": 3, "chi2_threshold": 13.931422665512084, "N_raw": 42, "N_roi": 42, "N_inlier": 39, "refit": true}
{"timestamp": "15:22:41.458292", "frame": 58, "mu": [-1.723232733275214, 2.6046889505966435, 1.0793359217004719], "Sigma": [[0.02193751904876763, 0.011587419256869163, -0.04427392448865079], [0.011587419256869163, 0.007483535088962181, -0.029155111460253368], [-0.04427392448865079, -0.02915511146025337, 0.1536967437941925]], "chi2_level": 0.997, "chi2_df": 3, "chi2_threshold": 13.931422665512084, "N_raw": 43, "N_roi": 43, "N_inlier": 40, "refit": true}
{"timestamp": "15:22:41.509565", "frame": 59, "mu": [-1.7519729540028095, 2.6469129371136306, 0.6727987216437152], "Sigma": [[0.0034213317505090634, 0.003321097293371449, -0.002863533695535598], [0.003321097293371449, 0.017000653470515464, -0.044039435810619795], [-0.002863533695535598, -0.044039435810619795, 0.2071716593647903]], "chi2_level": 0.997, "chi2_df": 3, "chi2_threshold": 13.931422665512084, "N_raw": 19, "N_roi": 19, "N_inlier": 18, "refit": true}
{"timestamp": "15:22:41.570327", "frame": 60, "mu": [-1.6453959135182177, 2.5988059530534624, 0.8664475649440694], "Sigma": [[0.02009417765998455, 0.009418061026658906, -0.029694260935301302], [0.009418061026658906, 0.006883984294227865, -0.017361993398776757], [-0.029694260935301302, -0.017361993398776757, 0.05772747999531404]], "chi2_level": 0.997, "chi2_df": 3, "chi2_threshold": 13.931422665512084, "N_raw": 57, "N_roi": 57, "N_inlier": 54, "refit": true}
{"timestamp": "15:22:41.630899", "frame": 61, "mu": [-1.6020555641894951, 2.5529859710357146, 0.8844048601206904], "Sigma": [[0.020017386357149697, 0.010503352103051415, -0.026055070286372443], [0.010503352103051412, 0.009531409233821663, -0.02629935477330941], [-0.026055070286372443, -0.02629935477330941, 0.08637941123676286]], "chi2_level": 0.997, "chi2_df": 3, "chi2_threshold": 13.931422665512084, "N_raw": 93, "N_roi": 93, "N_inlier": 90, "refit": true}
{"timestamp": "15:22:41.682145", "frame": 62, "mu": [-1.4414466264707264, 2.7179112722661403, -0.8642728701838525], "Sigma": [[0.022296293350307368, 0.027102729469268255, -0.00043681613673135305], [0.027102729469268255, 0.051346152006331594, -0.0035119565484128166], [-0.00043681613673135305, -0.0035119565484128166, 0.043376595413132595]], "chi2_level": 0.997, "chi2_df": 3, "chi2_threshold": 13.931422665512084, "N_raw": 63, "N_roi": 63, "N_inlier": 61, "refit": true}
{"timestamp": "15:22:41.739845", "frame": 63, "mu": [-1.4708612118699451, 2.477597838035873, -0.6719388216427811], "Sigma": [[0.01640981945141929, 0.006487413003364119, 0.044691773761381406], [0.006487413003364119, 0.004754337659256481, 0.014329397219501546], [0.04469177376138141, 0.014329397219501546, 0.3749236833894662]], "chi2_level": 0.997, "chi2_df": 3, "chi2_threshold": 13.931422665512084, "N_raw": 88, "N_roi": 88, "N_inlier": 86, "refit": true}
{"timestamp": "15:22:41.791298", "frame": 64, "mu": [-1.4679682222540673, 2.4337600805955364, 1.1383710549909711], "Sigma": [[0.01210794966740659, 0.0015644340363446733, 0.005672863886664284], [0.001564434036344673, 0.0030405127863736454, -0.006284453850966511], [0.005672863886664284, -0.006284453850966511, 0.027073753588495057]], "chi2_level": 0.997, "chi2_df": 3, "chi2_threshold": 13.931422665512084, "N_raw": 58, "N_roi": 58, "N_inlier": 58, "refit": true}
{"timestamp": "15:22:41.849902", "frame": 65, "mu": [-1.4263330541464876, 2.5614022103317615, -0.31784978993595087], "Sigma": [[0.01307116182225521, 0.007077532585324213, -0.010071462957534959], [0.007077532585324213, 0.01606197298994597, -0.029822807040169513], [-0.01007146295753496, -0.02982280704016952, 0.05883129227370407]], "chi2_level": 0.997, "chi2_df": 3, "chi2_threshold": 13.931422665512084, "N_raw": 85, "N_roi": 85, "N_inlier": 81, "refit": true}
{"timestamp": "15:22:41.903924", "frame": 66, "mu": [-1.380004699707853, 2.3939388034561593, 0.9342852507475208], "Sigma": [[0.011998908120691895, 0.0018970528168302785, -0.015309450267858522], [0.0018970528168302785, 0.002283828373969581, -0.010957497738343907], [-0.015309450267858522, -0.010957497738343907, 0.1300153292327427]], "chi2_level": 0.997, "chi2_df": 3, "chi2_threshold": 13.931422665512084, "N_raw": 78, "N_roi": 78, "N_inlier": 77, "refit": true}
{"timestamp": "15:22:41.962837", "frame": 67, "mu": [-1.3057166353384093, 2.342520508505228, 1.055371374912287], "Sigma": [[0.013454834554324691, 0.001733488898094751, -0.0031228564215520357], [0.001733488898094751, 0.0028215284713628266, -0.011244674618544333], [-0.0031228564215520366, -0.011244674618544333, 0.062347132010002]], "chi2_level": 0.997, "chi2_df": 3, "chi2_threshold": 13.931422665512084, "N_raw": 100, "N_roi": 100, "N_inlier": 95, "refit": true}
{"timestamp": "15:22:42.016270", "frame": 68, "mu": [-1.2622715637104893, 2.329420787162453, 1.1422845298101538], "Sigma": [[0.012939555868861781, 0.002257678629765018, -0.001207975408165149], [0.002257678629765018, 0.003445571964540868, -0.008224321142161161], [-0.001207975408165149, -0.008224321142161161, 0.04836770763829905]], "chi2_level": 0.997, "chi2_df": 3, "chi2_threshold": 13.931422665512084, "N_raw": 91, "N_roi": 91, "N_inlier": 86, "refit": true}
{"timestamp": "15:22:42.070326", "frame": 69, "mu": [-1.198517055363794, 2.448787931662178, -0.2672174420752587], "Sigma": [[0.011451393756811918, 0.0028573440829202977, -0.0016883426234105946], [0.0028573440829202977, 0.01113338663352202, -0.01729259424500116], [-0.0016883426234105953, -0.017292594245001163, 0.028936616029025326]], "chi2_level": 0.997, "chi2_df": 3, "chi2_threshold": 13.931422665512084, "N_raw": 85, "N_roi": 85, "N_inlier": 80, "refit": true}
{"timestamp": "15:22:42.115282", "frame": 70, "mu": [-1.1892483473829318, 2.2878186247218455, 0.9250855110167082], "Sigma": [[0.007590579866875562, 0.0005922334981156242, 0.0034089205937226823], [0.0005922334981156243, 0.003086329875111132, -0.009776339290095777], [0.0034089205937226823, -0.00977633929009578, 0.04266653888270333]], "chi2_level": 0.997, "chi2_df": 3, "chi2_threshold": 13.931422665512084, "N_raw": 23, "N_roi": 23, "N_inlier": 22, "refit": true}
{"timestamp": "15:22:42.175056", "frame": 71, "mu": [-1.0469093379131185, 2.260380950949476, 0.948523306817409], "Sigma": [[0.03140513643945913, 0.013362127936907619, -0.0382216474932877], [0.013362127936907619, 0.007726813528867083, -0.019507483943203358], [-0.0382216474932877, -0.01950748394320336, 0.05389424933947851]], "chi2_level": 0.997, "chi2_df": 3, "chi2_threshold": 13.931422665512084, "N_raw": 56, "N_roi": 56, "N_inlier": 55, "refit": true}
{"timestamp": "15:22:42.228622", "frame": 72, "mu": [-1.0726900862349273, 2.293352821338896, -0.2669688054112943], "Sigma": [[0.007889114519673682, 0.0023048943035018496, -0.0009543973152315163], [0.0023048943035018496, 0.005344446635344106, -0.011483254471782781], [-0.0009543973152315158, -0.011483254471782781, 0.030691392891226243]], "chi2_level": 0.997, "chi2_df": 3, "chi2_threshold": 13.931422665512084, "N_raw": 39, "N_roi": 39, "N_inlier": 37, "refit": true}
{"timestamp": "15:22:42.280390", "frame": 73, "mu": [-0.8899479095592433, 2.2324211607580886, 0.6785460965356156], "Sigma": [[0.03520749433359839, 0.0013435631919266632, 0.019801467024390985], [0.0013435631919266635, 0.011719513189705563, -0.03473141843250523], [0.019801467024390992, -0.03473141843250523, 0.15193321906824628]], "chi2_level": 0.997, "chi2_df": 3, "chi2_threshold": 13.931422665512084, "N_raw": 19, "N_roi": 19, "N_inlier": 19, "refit": true}
{"timestamp": "15:22:42.339037", "frame": 74, "mu": [-0.9724875572063215, 2.1042328019335934, 1.0237968463092237], "Sigma": [[0.006521383781817714, 0.0012508881143414587, -0.0035113958752495305], [0.0012508881143414587, 0.0013328172304311779, -0.0056689648623978114], [-0.0035113958752495305, -0.0056689648623978114, 0.032943575582880844]], "chi2_level": 0.997, "chi2_df": 3, "chi2_threshold": 13.931422665512084, "N_raw": 47, "N_roi": 46, "N_inlier": 43, "refit": true}
{"timestamp": "15:22:42.394721", "frame": 75, "mu": [-0.8848705187410357, 2.0917113250432164, 1.08086453703708], "Sigma": [[0.008937720343048733, 0.0033079531676859847, -0.007094278676728152], [0.0033079531676859847, 0.003410756371583207, -0.007107227605651904], [-0.007094278676728152, -0.007107227605651905, 0.021119580741826006]], "chi2_level": 0.997, "chi2_df": 3, "chi2_threshold": 13.931422665512084, "N_raw": 59, "N_roi": 59, "N_inlier": 57, "refit": true}
{"timestamp": "15:22:42.451817", "frame": 76, "mu": [-0.9485760076022681, 1.94448967834599, 1.0251983493600716], "Sigma": [[0.010608452865952156, 0.00220574819720965, -0.004829051172557457], [0.0022057481972096505, 0.00355819972572808, -0.006226489109906729], [-0.004829051172557457, -0.006226489109906729, 0.019607549580537183]], "chi2_level": 0.997, "chi2_df": 3, "chi2_threshold": 13.931422665512084, "N_raw": 62, "N_roi": 62, "N_inlier": 58, "refit": true}
{"timestamp": "15:22:42.504858", "frame": 77, "mu": [-0.8800929876458, 1.9666132676326709, 0.9084692695767331], "Sigma": [[0.011538564429953026, 0.006681204027938634, -0.021486887537154633], [0.006681204027938634, 0.0060230813771602705, -0.02079169926651961], [-0.021486887537154633, -0.02079169926651961, 0.09883120448110075]], "chi2_level": 0.997, "chi2_df": 3, "chi2_threshold": 13.931422665512084, "N_raw": 48, "N_roi": 48, "N_inlier": 46, "refit": true}
{"timestamp": "15:22:42.566550", "frame": 78, "mu": [-0.8317984789236584, 1.914877066451374, 1.126819627955663], "Sigma": [[0.009605837641394029, 0.0021705732618264115, -0.0009215929443890461], [0.0021705732618264115, 0.004391012288730648, -0.009685293152087795], [-0.0009215929443890459, -0.009685293152087795, 0.02865512108303747]], "chi2_level": 0.997, "chi2_df": 3, "chi2_threshold": 13.931422665512084, "N_raw": 96, "N_roi": 96, "N_inlier": 92, "refit": true}
{"timestamp": "15:22:42.620361", "frame": 79, "mu": [-0.7962187802844912, 2.0258211842566016, -0.22617531330210888], "Sigma": [[0.009372110060780613, 0.0001454805286138972, 0.01623289173845184], [0.0001454805286138971, 0.006495742440067269, -0.012498026068950775], [0.01623289173845184, -0.012498026068950775, 0.13432135739596882]], "chi2_level": 0.997, "chi2_df": 3, "chi2_threshold": 13.931422665512084, "N_raw": 85, "N_roi": 85, "N_inlier": 85, "refit": true}
{"timestamp": "15:22:42.674900", "frame": 80, "mu": [-0.7169853904159948, 1.8652539787503386, 1.1001076428806948], "Sigma": [[0.011963442022439425, 0.003047698296770371, -0.008800117284760664], [0.003047698296770371, 0.004557701050331916, -0.017049754927428263], [-0.008800117284760664, -0.017049754927428263, 0.0722002552297682]], "chi2_level": 0.997, "chi2_df": 3, "chi2_threshold": 13.931422665512084, "N_raw": 92, "N_roi": 92, "N_inlier": 88, "refit": true}
{"timestamp": "15:22:42.730572", "frame": 81, "mu": [-0.6460937946196266, 2.0010781507226136, -0.679952493513755], "Sigma": [[0.011115061049446031, 0.010689704273580333, 0.002755092424022585], [0.010689704273580335, 0.02497651223287958, -0.014318157018029175], [0.002755092424022585, -0.014318157018029175, 0.10635807749613826]], "chi2_level": 0.997, "chi2_df": 3, "chi2_threshold": 13.931422665512084, "N_raw": 91, "N_roi": 91, "N_inlier": 89, "refit": true}
{"timestamp": "15:22:42.783919", "frame": 82, "mu": [-0.5872254472454319, 1.8619350905601502, -0.6834777588313771], "Sigma": [[0.00543909428273598, 0.0052602966575533705, 0.0037978039493719975], [0.0052602966575533705, 0.022667026424341218, -0.006235824482242277], [0.003797803949371997, -0.0062358244822422765, 0.07664721984951185]], "chi2_level": 0.997, "chi2_df": 3, "chi2_threshold": 13.931422665512084, "N_raw": 83, "N_roi": 83, "N_inlier": 81, "refit": true}
{"timestamp": "15:22:42.842907", "frame": 83, "mu": [-0.5995568073284635, 1.971837455645453, -0.6050840191321057], "Sigma": [[0.01441427457978574, -0.006963167007683615, 0.029308214890814258], [-0.006963167007683615, 0.03847992596408445, -0.10971945972180652], [0.029308214890814258, -0.10971945972180652, 0.3743818760325952]], "chi2_level": 0.997, "chi2_df": 3, "chi2_threshold": 13.931422665512084, "N_raw": 113, "N_roi": 113, "N_inlier": 113, "refit": true}
{"timestamp": "15:22:42.894875", "frame": 84, "mu": [-0.4976314544409069, 1.8599793125335116, -0.291159422991314], "Sigma": [[0.0056116144601617715, 0.0006361187126537991, -0.004207666662790343], [0.0006361187126537989, 0.012237586524417728, -0.024223343202469022], [-0.004207666662790342, -0.024223343202469022, 0.06909434406455983]], "chi2_level": 0.997, "chi2_df": 3, "chi2_threshold": 13.931422665512084, "N_raw": 89, "N_roi": 89, "N_inlier": 86, "refit": true}
{"timestamp": "15:22:42.953101", "frame": 85, "mu": [-0.5275509618597721, 1.858551579437394, -0.9182655547542442], "Sigma": [[0.00879675578014901, -0.003586688630743596, 0.03379223863454632], [-0.0035866886307435956, 0.05802541705187878, -0.09292454458513484], [0.03379223863454632, -0.09292454458513484, 0.3125209061891965]], "chi2_level": 0.997, "chi2_df": 3, "chi2_threshold": 13.931422665512084, "N_raw": 110, "N_roi": 110, "N_inlier": 110, "refit": true}
{"timestamp": "15:22:43.002914", "frame": 86, "mu": [-0.35838725291556434, 1.8900228036188402, -0.6821795569450168], "Sigma": [[0.013826157485251183, 0.006370693921962906, -0.010078264368813955], [0.006370693921962908, 0.020462983541851942, -0.059506075494336896], [-0.010078264368813959, -0.05950607549433689, 0.19974312872357677]], "chi2_level": 0.997, "chi2_df": 3, "chi2_threshold": 13.931422665512084, "N_raw": 66, "N_roi": 64, "N_inlier": 62, "refit": true}
{"timestamp": "15:22:43.060625", "frame": 87, "mu": [-0.39441795679522934, 1.720088291039828, -0.7865266408367718], "Sigma": [[0.0063402824257745355, 0.0022713001265985393, 0.00770836835404532], [0.0022713001265985393, 0.021671882290727126, -0.0357696230101453], [0.0077083683540453175, -0.0357696230101453, 0.13334553375744204]], "chi2_level": 0.997, "chi2_df": 3, "chi2_threshold": 13.931422665512084, "N_raw": 94, "N_roi": 94, "N_inlier": 93, "refit": true}
{"timestamp": "15:22:43.117335", "frame": 88, "mu": [-0.35956519515819607, 1.6673284201993332, -0.07215240213840321], "Sigma": [[0.006126083997595813, -0.0028249052261781725, 0.055977144066644], [-0.0028249052261781725, 0.014580603753684198, -0.04734393787498785], [0.05597714406664401, -0.04734393787498785, 0.6999905490760142]], "chi2_level": 0.997, "chi2_df": 3, "chi2_threshold": 13.931422665512084, "N_raw": 105, "N_roi": 105, "N_inlier": 105, "refit": true}
{"timestamp": "15:22:43.170900", "frame": 89, "mu": [-0.26523617214282813, 1.6794321815665487, 0.09787031842420701], "Sigma": [[0.008426485749887328, -0.007028671476873042, 0.06583894530716704], [-0.007028671476873041, 0.015512348884380562, -0.07214093145243285], [0.06583894530716702, -0.07214093145243286, 0.7093616483850934]], "chi2_level": 0.997, "chi2_df": 3, "chi2_threshold": 13.931422665512084, "N_raw": 97, "N_roi": 97, "N_inlier": 95, "refit": true}
{"timestamp": "15:22:43.231310", "frame": 90, "mu": [-0.2519037594266758, 1.6806171760459947, -0.4300222038191938], "Sigma": [[0.007671996929793551, -0.0013673089399944, 0.010717939368949821], [-0.0013673089399943998, 0.009189475191903917, -0.025439316751051204], [0.010717939368949821, -0.025439316751051207, 0.0988244128701182]], "chi2_level": 0.997, "chi2_df": 3, "chi2_threshold": 13.931422665512084, "N_raw": 131, "N_roi": 129, "N_inlier": 126, "refit": true}
{"timestamp": "15:22:43.279904", "frame": 91, "mu": [-0.21830444974324034, 1.6054799007804212, -0.6689261117300578], "Sigma": [[0.01090586782637487, 0.0029824978614600836, 0.06238095358284952], [0.0029824978614600836, 0.077326111979882, 0.05229752563857683], [0.06238095358284952, 0.05229752563857683, 0.640122283541131]], "chi2_level": 0.997, "chi2_df": 3, "chi2_threshold": 13.931422665512084, "N_raw": 87, "N_roi": 87, "N_inlier": 87, "refit": true}
{"timestamp": "15:22:43.337346", "frame": 92, "mu": [-0.17135468031719225, 1.4474247583591582, 1.1721105690726294], "Sigma": [[0.016488356567327375, 0.00013127021046571724, -0.006505499306940613], [0.0001312702104657173, 0.003595290988857423, 0.002834516221059717], [-0.006505499306940614, 0.002834516221059718, 0.18839003967587586]], "chi2_level": 0.997, "chi2_df": 3, "chi2_threshold": 13.931422665512084, "N_raw": 111, "N_roi": 111, "N_inlier": 110, "refit": true}
{"timestamp": "15:22:43.388173", "frame": 93, "mu": [-0.11647898996432586, 1.4215507699925247, 1.2686355597638965], "Sigma": [[0.009237042089758337, -0.003902920075558691, 0.03700583975149574], [-0.003902920075558691, 0.005570112621317513, -0.02588048738971157], [0.03700583975149574, -0.02588048738971157, 0.3092200240094314]], "chi2_level": 0.997, "chi2_df": 3, "chi2_threshold": 13.931422665512084, "N_raw": 75, "N_roi": 74, "N_inlier": 73, "refit": true}
{"timestamp": "15:22:43.447730", "frame": 94, "mu": [-0.09997363763490881, 1.3748066331228301, 1.0732480432620572], "Sigma": [[0.0085191377874933, -0.0014920072251130656, 0.03877776086566767], [-0.0014920072251130656, 0.003954763154929321, -0.007188250552773979], [0.03877776086566767, -0.007188250552773978, 0.4085386360691574]], "chi2_level": 0.997, "chi2_df": 3, "chi2_threshold": 13.931422665512084, "N_raw": 112, "N_roi": 112, "N_inlier": 110, "refit": true}
{"timestamp": "15:22:43.509304", "frame": 95, "mu": [0.013747402823208334, 1.3404639235868914, 0.0778620096981868], "Sigma": [[0.012718312577521481, -0.003193665275272173, 0.06234406439988589], [-0.003193665275272173, 0.006950991882813847, -0.021462928152020038], [0.06234406439988589, -0.021462928152020038, 0.7247492962289735]], "chi2_level": 0.997, "chi2_df": 3, "chi2_threshold": 13.931422665512084, "N_raw": 134, "N_roi": 134, "N_inlier": 132, "refit": true}
{"timestamp": "15:22:43.561542", "frame": 96, "mu": [-0.019697184760406144, 1.2877073263724117, 1.295316310740895], "Sigma": [[0.005353467081802122, -0.0017783869817740135, 0.00392315136548992], [-0.0017783869817740135, 0.0048846671290158775, -0.005211782937494245], [0.00392315136548992, -0.0052117829374942444, 0.059874633440597944]], "chi2_level": 0.997, "chi2_df": 3, "chi2_threshold": 13.931422665512084, "N_raw": 126, "N_roi": 126, "N_inlier": 122, "refit": true}
{"timestamp": "15:22:43.619540", "frame": 97, "mu": [0.01594798574588033, 1.2298377628052224, 1.1459698391306636], "Sigma": [[0.008232303126621472, -0.0006321676417027185, 0.02188670816287483], [-0.0006321676417027186, 0.00531647075137386, 0.009051042178263968], [0.02188670816287483, 0.009051042178263968, 0.27207999607881267]], "chi2_level": 0.997, "chi2_df": 3, "chi2_threshold": 13.931422665512084, "N_raw": 148, "N_roi": 148, "N_inlier": 147, "refit": true}
{"timestamp": "15:22:43.668859", "frame": 98, "mu": [0.07406301090856876, 1.1912608695955176, 1.2654267375912354], "Sigma": [[0.005102929765419213, -0.0003850757302106503, 0.011701381678075693], [-0.0003850757302106502, 0.004729838448000707, 0.00562377989831134], [0.011701381678075693, 0.00562377989831134, 0.1300711000314042]], "chi2_level": 0.997, "chi2_df": 3, "chi2_threshold": 13.931422665512084, "N_raw": 108, "N_roi": 108, "N_inlier": 105, "refit": true}
{"timestamp": "15:22:43.721180", "frame": 99, "mu": [0.1299300358904509, 1.1599868462687142, 1.249964859448742], "Sigma": [[0.0035909715695925486, -0.0011323542003921286, 0.004257348827988587], [-0.0011323542003921284, 0.005625884205071581, -0.005643648019876926], [0.004257348827988587, -0.005643648019876926, 0.2614828235657572]], "chi2_level": 0.997, "chi2_df": 3, "chi2_threshold": 13.931422665512084, "N_raw": 94, "N_roi": 94, "N_inlier": 91, "refit": true}
{"timestamp": "15:22:43.890029", "frame": 100, "mu": [0.13199951416519057, 1.105444261332312, 1.3547715333339154], "Sigma": [[0.008702153207161872, -0.00043855557191581037, 0.009841178993432434], [-0.00043855557191581026, 0.005459422676442716, -0.0033373019337389178], [0.009841178993432434, -0.0033373019337389178, 0.018482273483013845]], "chi2_level": 0.997, "chi2_df": 3, "chi2_threshold": 13.931422665512084, "N_raw": 106, "N_roi": 106, "N_inlier": 101, "refit": true}
{"timestamp": "15:22:43.912079", "frame": 101, "mu": [0.20927752755613863, 1.0390217609316152, 1.3872890200961818], "Sigma": [[0.013459283041392269, 0.0006373219316490881, 0.012952361353753591], [0.0006373219316490881, 0.0009157972375648747, -0.0015634540272810558], [0.012952361353753591, -0.0015634540272810565, 0.0491320542870529]], "chi2_level": 0.997, "chi2_df": 3, "chi2_threshold": 13.931422665512084, "N_raw": 54, "N_roi": 52, "N_inlier": 47, "refit": true}
{"timestamp": "15:22:43.944053", "frame": 102, "mu": [0.23807192899469184, 1.016571378332252, 1.1069723899937791], "Sigma": [[0.006814459144177907, -0.005527240285640575, -0.02979074855771703], [-0.005527240285640575, 0.008730806003874261, 0.03801939441113162], [-0.02979074855771703, 0.03801939441113163, 0.4218045163558705]], "chi2_level": 0.997, "chi2_df": 3, "chi2_threshold": 13.931422665512084, "N_raw": 108, "N_roi": 108, "N_inlier": 107, "refit": true}
{"timestamp": "15:22:43.975656", "frame": 103, "mu": [0.2523372270607416, 1.0025791624055762, 1.3732506170811627], "Sigma": [[0.002881569719689018, 0.00015612876147778635, 0.0005943432815599225], [0.0001561287614777864, 0.002764851435082037, -0.005106617279029771], [0.0005943432815599224, -0.005106617279029771, 0.013258309498516831]], "chi2_level": 0.997, "chi2_df": 3, "chi2_threshold": 13.931422665512084, "N_raw": 90, "N_roi": 90, "N_inlier": 84, "refit": true}
{"timestamp": "15:22:44.007010", "frame": 104, "mu": [0.21883180743337985, 0.9886361247037263, 1.1031409446871785], "Sigma": [[0.006473971937487965, -0.002048650305478094, 0.023587049332828618], [-0.002048650305478094, 0.007706240892963017, -0.02445831093806036], [0.023587049332828618, -0.024458310938060356, 0.2444247725414333]], "chi2_level": 0.997, "chi2_df": 3, "chi2_threshold": 13.931422665512084, "N_raw": 79, "N_roi": 76, "N_inlier": 75, "refit": true}
{"timestamp": "15:22:44.044095", "frame": 105, "mu": [0.31187242361455614, 0.9231333056752126, 1.2953842758761578], "Sigma": [[0.003200035013960133, -0.001417427218601099, 0.007436639260047523], [-0.0014174272186010992, 0.005445891085575311, -0.009645007584915677], [0.007436639260047523, -0.009645007584915677, 0.16064388555247885]], "chi2_level": 0.997, "chi2_df": 3, "chi2_threshold": 13.931422665512084, "N_raw": 50, "N_roi": 49, "N_inlier": 48, "refit": true}
{"timestamp": "15:22:44.097031", "frame": 106, "mu": [0.3389096720992175, 0.8349513544746301, 1.1972365178513569], "Sigma": [[0.004459757507846103, -0.000648881966445131, 0.003977992937708824], [-0.000648881966445131, 0.0007886420260441988, -0.005794439237944627], [0.003977992937708824, -0.005794439237944627, 0.2198567445568733]], "chi2_level": 0.997, "chi2_df": 3, "chi2_threshold": 13.931422665512084, "N_raw": 37, "N_roi": 35, "N_inlier": 34, "refit": true}
{"timestamp": "15:22:44.156007", "frame": 107, "mu": [0.4512456688251155, 0.835554088668556, 1.411556441273946], "Sigma": [[0.009352073378102335, 0.0003873904483433215, 0.008023243615250301], [0.0003873904483433214, 0.0012613620910053764, -0.0005077529866667223], [0.008023243615250301, -0.0005077529866667223, 0.014704786435305267]], "chi2_level": 0.997, "chi2_df": 3, "chi2_threshold": 13.931422665512084, "N_raw": 73, "N_roi": 73, "N_inlier": 73, "refit": true}
{"timestamp": "15:22:44.211288", "frame": 108, "mu": [0.4478385192179544, 0.8941637361589672, 1.2979840892783252], "Sigma": [[0.005415143597423157, 0.0021712737552024206, 0.0005600626159675369], [0.00217127375520242, 0.005558783420343345, -0.000329672182851491], [0.0005600626159675369, -0.0003296721828514912, 0.002980537783752359]], "chi2_level": 0.997, "chi2_df": 3, "chi2_threshold": 13.931422665512084, "N_raw": 64, "N_roi": 64, "N_inlier": 63, "refit": true}
{"timestamp": "15:22:44.313090", "frame": 110, "mu": [0.5106644786942596, 0.6862928505115763, 1.3918154120696824], "Sigma": [[0.0024230614987300163, 0.0026564833884080616, 0.0007248867341959006], [0.002656483388408061, 0.010830927238635888, 0.008804658280825432], [0.0007248867341959008, 0.008804658280825432, 0.014127873615478839]], "chi2_level": 0.997, "chi2_df": 3, "chi2_threshold": 13.931422665512084, "N_raw": 18, "N_roi": 18, "N_inlier": 17, "refit": true}
{"timestamp": "15:22:44.426044", "frame": 112, "mu": [0.5583227725057042, 0.7602287657787606, -0.5771585178720354], "Sigma": [[0.004002715177591378, 0.004968748763148898, 0.003973562869689234], [0.0049687487631488985, 0.008440616056226142, 0.0060133715370020244], [0.003973562869689234, 0.0060133715370020244, 0.008022535197398357]], "chi2_level": 0.997, "chi2_df": 3, "chi2_threshold": 13.931422665512084, "N_raw": 39, "N_roi": 39, "N_inlier": 38, "refit": true}
{"timestamp": "15:22:44.590893", "frame": 115, "mu": [0.6958688468516424, 0.6032836823524012, 1.4427907084558058], "Sigma": [[0.0021056157385236857, -0.0011696448115716138, -0.0017598163664875794], [-0.0011696448115716138, 0.002097611978499653, -0.000409838616113326], [-0.0017598163664875794, -0.0004098386161133261, 0.003120320765621294]], "chi2_level": 0.997, "chi2_df": 3, "chi2_threshold": 13.931422665512084, "N_raw": 37, "N_roi": 37, "N_inlier": 35, "refit": true}
{"timestamp": "15:22:44.698314", "frame": 117, "mu": [0.7690688517800189, 0.5113455511779481, 1.197179785407344], "Sigma": [[0.00941835913662926, -0.006248341582614138, -0.03298284796438211], [-0.0062483415826141385, 0.00659920124133459, 0.029027885420683876], [-0.03298284796438211, 0.029027885420683876, 0.15141576233040008]], "chi2_level": 0.997, "chi2_df": 3, "chi2_threshold": 13.931422665512084, "N_raw": 15, "N_roi": 15, "N_inlier": 15, "refit": true}
