{"timestamp": "15:18:11.981117", "frame": 6, "mu": [2.249569837435329, 4.1719538878132285, 1.0183766935378638], "Sigma": [[0.012151864738673307, -0.0057308848977185075, -9.099237262325118e-05], [-0.0057308848977185075, 0.004871640173094736, -0.00012403456981680303], [-9.099237262325124e-05, -0.0001240345698168031, 0.00023572288079113494]], "chi2_level": 0.997, "chi2_df": 3, "chi2_threshold": 13.931422665512084, "N_raw": 23, "N_roi": 18, "N_inlier": 18, "refit": true}
{"timestamp": "15:18:12.037882", "frame": 7, "mu": [2.223577367881288, 4.228379371196461, 1.0727864637852964], "Sigma": [[0.021575352092588523, -0.011260238930821813, -0.0036817640767395424], [-0.01126023893082181, 0.011081904812032983, 0.004592749683829146], [-0.0036817640767395424, 0.004592749683829147, 0.004779864482590538]], "chi2_level": 0.997, "chi2_df": 3, "chi2_threshold": 13.931422665512084, "N_raw": 42, "N_roi": 34, "N_inlier": 33, "refit": true}
{"timestamp": "15:18:12.094172", "frame": 8, "mu": [2.3060515813024356, 4.264288765168866, 1.3796493758419863], "Sigma": [[0.013612221686942714, -0.007962640075281704, -0.002583318112223212], [-0.007962640075281704, 0.00797477162546222, 0.0019927807137515878], [-0.0025833181122232123, 0.0019927807137515878, 0.0019890240986520343]], "chi2_level": 0.997, "chi2_df": 3, "chi2_threshold": 13.931422665512084, "N_raw": 29, "N_roi": 21, "N_inlier": 21, "refit": true}
{"timestamp": "15:18:12.918337", "frame": 23, "mu": [2.271292840494535, 4.252107449700375, 0.8360880155137429], "Sigma": [[0.018127642861986714, -0.009310884559988818, -0.005232653763093691], [-0.009310884559988818, 0.0068516392870060965, 0.002552759775814914], [-0.005232653763093692, 0.002552759775814914, 0.003050348451583221]], "chi2_level": 0.997, "chi2_df": 3, "chi2_threshold": 13.931422665512084, "N_raw": 27, "N_roi": 21, "N_inlier": 21, "refit": true}
{"timestamp": "15:18:13.025883", "frame": 25, "mu": [2.2619818318641762, 4.23767276520313, 0.9200309650351458], "Sigma": [[0.013646221297411911, -0.007805816512289712, -0.007054440618131966], [-0.0078058165122897125, 0.006274933306589108, 0.004477268428718396], [-0.007054440618131966, 0.004477268428718396, 0.006163942784271176]], "chi2_level": 0.997, "chi2_df": 3, "chi2_threshold": 13.931422665512084, "N_raw": 12, "N_roi": 12, "N_inlier": 12, "refit": true}
{"timestamp": "15:18:13.082359", "frame": 26, "mu": [2.273214978753394, 4.202536359340124, 0.9120487482375186], "Sigma": [[0.01119612677400353, -0.005840242546893892, -0.006972820527513083], [-0.005840242546893892, 0.005359331034606446, 0.004127227172123865], [-0.006972820527513083, 0.004127227172123865, 0.006617103051680995]], "chi2_level": 0.997, "chi2_df": 3, "chi2_threshold": 13.931422665512084, "N_raw": 17, "N_roi": 17, "N_inlier": 17, "refit": true}
{"timestamp": "15:18:13.138969", "frame": 27, "mu": [2.2231468872653686, 4.26959421175638, -0.5899002136208494], "Sigma": [[0.021364184913977274, -0.0031986330046651964, 0.0551070450355128], [-0.0031986330046651964, 0.004563463863567154, 0.002835948543315375], [0.0551070450355128, 0.0028359485433153736, 0.2451693011990892]], "chi2_level": 0.997, "chi2_df": 3, "chi2_threshold": 13.931422665512084, "N_raw": 32, "N_roi": 31, "N_inlier": 30, "refit": true}
{"timestamp": "15:18:13.522183", "frame": 34, "mu": [1.855702497864693, 4.172639198929395, 0.2703788892849636], "Sigma": [[0.014781316991517563, -0.0064823411460744225, -0.006757291524410252], [-0.006482341146074421, 0.004970973552346596, 0.0029580320181168554], [-0.006757291524410252, 0.0029580320181168554, 0.004756093675349574]], "chi2_level": 0.997, "chi2_df": 3, "chi2_threshold": 13.931422665512084, "N_raw": 22, "N_roi": 20, "N_inlier": 20, "refit": true}
{"timestamp": "15:18:13.688621", "frame": 37, "mu": [1.735060359368855, 4.0820035571229685, 1.1556013666620735], "Sigma": [[0.017648186290682367, -0.008381447273901495, -0.007007430484355266], [-0.008381447273901495, 0.006187276475037696, 0.003787284043681925], [-0.007007430484355266, 0.0037872840436819245, 0.0038627641767078687]], "chi2_level": 0.997, "chi2_df": 3, "chi2_threshold": 13.931422665512084, "N_raw": 25, "N_roi": 25, "N_inlier": 24, "refit": true}
{"timestamp": "15:18:14.019685", "frame": 43, "mu": [1.19252328249623, 4.218019111631797, 1.371166173161351], "Sigma": [[0.014753869459805558, -0.0055666707899314155, -0.01127140056045476], [-0.005566670789931416, 0.006331865445316613, 0.007257927369035793], [-0.01127140056045476, 0.007257927369035793, 0.012402135587690823]], "chi2_level": 0.997, "chi2_df": 3, "chi2_threshold": 13.931422665512084, "N_raw": 31, "N_roi": 29, "N_inlier": 29, "refit": true}
{"timestamp": "15:18:14.183101", "frame": 46, "mu": [1.2313972417665646, 4.224101758910835, -0.06104386100408264], "Sigma": [[0.00801821462224613, -0.0020651866241216503, -0.005849791718972683], [-0.00206518662412165, 0.003668030616130848, -0.0019768566990789956], [-0.005849791718972683, -0.0019768566990789956, 0.010828265216283014]], "chi2_level": 0.997, "chi2_df": 3, "chi2_threshold": 13.931422665512084, "N_raw": 19, "N_roi": 19, "N_inlier": 19, "refit": true}
{"timestamp": "15:18:14.402221", "frame": 50, "mu": [0.9191096456840723, 4.165373080897609, 0.9527993592514752], "Sigma": [[0.004168900343293731, -0.005195145023647121, 0.004358212057277382], [-0.005195145023647121, 0.010946516150151983, -0.014874054562736893], [0.004358212057277382, -0.014874054562736893, 0.028036045149901552]], "chi2_level": 0.997, "chi2_df": 3, "chi2_threshold": 13.931422665512084, "N_raw": 17, "N_roi": 10, "N_inlier": 10, "refit": true}
{"timestamp": "15:18:14.566879", "frame": 53, "mu": [0.701333498077411, 4.116491374647913, 1.2283908824794743], "Sigma": [[0.006938912866584556, -0.0013268371066262551, -0.003976519045629024], [-0.0013268371066262551, 0.002309376477197291, 0.0005862817057851025], [-0.003976519045629024, 0.0005862817057851025, 0.0034358190601576394]], "chi2_level": 0.997, "chi2_df": 3, "chi2_threshold": 13.931422665512084, "N_raw": 15, "N_roi": 12, "N_inlier": 11, "refit": true}
{"timestamp": "15:18:14.624875", "frame": 54, "mu": [0.6263323763317006, 4.17685945544722, 0.2583384784761215], "Sigma": [[0.015844566479909717, -0.001455858654575385, -0.010000463004512399], [-0.001455858654575385, 0.0038442707879215096, -0.0009122051507856315], [-0.010000463004512399, -0.0009122051507856314, 0.00859490573092407]], "chi2_level": 0.997, "chi2_df": 3, "chi2_threshold": 13.931422665512084, "N_raw": 39, "N_roi": 35, "N_inlier": 34, "refit": true}
{"timestamp": "15:18:14.787950", "frame": 57, "mu": [0.45824679861525414, 4.10041667574231, 1.1971647943915469], "Sigma": [[0.01050275301349839, -0.0012779551122380016, -0.00043680499798549855], [-0.0012779551122380016, 0.0020714103544123416, 0.000121210946236268], [-0.00043680499798549855, 0.00012121094623626797, 0.00015074944310002931]], "chi2_level": 0.997, "chi2_df": 3, "chi2_threshold": 13.931422665512084, "N_raw": 24, "N_roi": 21, "N_inlier": 20, "refit": true}
{"timestamp": "15:18:14.903136", "frame": 59, "mu": [0.24635127966618348, 4.141672955243059, 1.3071846679069599], "Sigma": [[0.011781432212751809, -0.0029237980166267816, -0.006797549657753918], [-0.0029237980166267816, 0.002808994331680732, 0.0032320650723795964], [-0.006797549657753918, 0.0032320650723795964, 0.006298019040851182]], "chi2_level": 0.997, "chi2_df": 3, "chi2_threshold": 13.931422665512084, "N_raw": 35, "N_roi": 22, "N_inlier": 20, "refit": true}
{"timestamp": "15:18:14.951192", "frame": 60, "mu": [0.22280578780560586, 4.184594245768829, 1.1213580731554857], "Sigma": [[0.006559479997307697, 0.0019847409127006586, -0.02326556427359467], [0.0019847409127006586, 0.0033240601793820823, -0.01802685315243832], [-0.023265564273594667, -0.01802685315243832, 0.24076992670400088]], "chi2_level": 0.997, "chi2_df": 3, "chi2_threshold": 13.931422665512084, "N_raw": 13, "N_roi": 13, "N_inlier": 12, "refit": true}
{"timestamp": "15:18:15.667461", "frame": 73, "mu": [-0.6468873226918597, 4.122612620610159, 1.1050809988710073], "Sigma": [[0.021606261767711868, 0.00735824267438577, -0.03219761998475869], [0.00735824267438577, 0.006303468704117027, -0.017412195522869843], [-0.03219761998475869, -0.017412195522869843, 0.07169338735763667]], "chi2_level": 0.997, "chi2_df": 3, "chi2_threshold": 13.931422665512084, "N_raw": 20, "N_roi": 14, "N_inlier": 14, "refit": true}
{"timestamp": "15:18:15.725006", "frame": 74, "mu": [-0.6807301146795762, 4.123653975098563, 1.2316642137093086], "Sigma": [[0.01993092603227884, 0.0034273828987019094, -0.022767933008583017], [0.0034273828987019094, 0.006544778732063813, -0.006789995973171293], [-0.022767933008583017, -0.006789995973171293, 0.06295267223159276]], "chi2_level": 0.997, "chi2_df": 3, "chi2_threshold": 13.931422665512084, "N_raw": 38, "N_roi": 35, "N_inlier": 34, "refit": true}
{"timestamp": "15:18:15.835356", "frame": 76, "mu": [-0.8174657848326282, 4.041865009106395, 1.1802153945527871], "Sigma": [[0.02201574087879507, 0.0033703163359619357, -0.007504184922866682], [0.003370316335961936, 0.004822160430589017, -0.0013037430789526413], [-0.007504184922866682, -0.0013037430789526413, 0.003336388989011388]], "chi2_level": 0.997, "chi2_df": 3, "chi2_threshold": 13.931422665512084, "N_raw": 45, "N_roi": 45, "N_inlier": 44, "refit": true}
{"timestamp": "15:18:15.942376", "frame": 78, "mu": [-0.9436212243168606, 4.115596825501889, 1.0498453147664693], "Sigma": [[0.013404612090856362, 0.0007102275151433785, -0.012908474449465466], [0.0007102275151433786, 0.001729406166292484, -0.0009376654887845748], [-0.012908474449465464, -0.0009376654887845746, 0.013789286119555497]], "chi2_level": 0.997, "chi2_df": 3, "chi2_threshold": 13.931422665512084, "N_raw": 26, "N_roi": 22, "N_inlier": 22, "refit": true}
{"timestamp": "15:18:16.051644", "frame": 80, "mu": [-1.0544882285104356, 4.130888370585102, 1.27050988563379], "Sigma": [[0.01126014368704939, 0.0015834036505449497, -0.007186642899774726], [0.0015834036505449499, 0.0032241025293281624, 4.0574904948575854e-06], [-0.007186642899774726, 4.05749049485764e-06, 0.0066738844739149565]], "chi2_level": 0.997, "chi2_df": 3, "chi2_threshold": 13.931422665512084, "N_raw": 22, "N_roi": 22, "N_inlier": 22, "refit": true}
{"timestamp": "15:18:16.110675", "frame": 81, "mu": [-1.136103115136223, 4.143224144744225, 1.2665719987009028], "Sigma": [[0.01555470526882891, 0.0010252901399153166, -0.014631273646102984], [0.0010252901399153164, 0.0024379094137614377, -0.003579484433735211], [-0.014631273646102984, -0.003579484433735211, 0.01993526566659211]], "chi2_level": 0.997, "chi2_df": 3, "chi2_threshold": 13.931422665512084, "N_raw": 37, "N_roi": 34, "N_inlier": 34, "refit": true}
{"timestamp": "15:18:16.163720", "frame": 82, "mu": [-1.2108881754392948, 4.124126521855702, 0.290859083827525], "Sigma": [[0.012279318796946052, 0.0006039151206557354, -0.001251704862112197], [0.0006039151206557354, 0.002606949610232678, -0.00040546745891869267], [-0.001251704862112197, -0.0004054674589186926, 0.0003283483548669017]], "chi2_level": 0.997, "chi2_df": 3, "chi2_threshold": 13.931422665512084, "N_raw": 29, "N_roi": 26, "N_inlier": 25, "refit": true}
{"timestamp": "15:18:16.221045", "frame": 83, "mu": [-1.2655269580883337, 4.086677121832946, 1.1584598579165637], "Sigma": [[0.01571848459101348, 0.002184124272498757, -0.008663450803614171], [0.002184124272498757, 0.0035121852867775936, -0.0021523643121132], [-0.008663450803614171, -0.0021523643121131994, 0.00664617654656995]], "chi2_level": 0.997, "chi2_df": 3, "chi2_threshold": 13.931422665512084, "N_raw": 39, "N_roi": 37, "N_inlier": 34, "refit": true}
{"timestamp": "15:18:16.276062", "frame": 84, "mu": [-1.312829388802417, 4.084587356239881, 1.0935348295814693], "Sigma": [[0.018922270511574024, 0.0038399387281678595, -0.013224119633482105], [0.0038399387281678587, 0.004275050582611335, -0.006900999886503277], [-0.013224119633482105, -0.006900999886503277, 0.021272273102288342]], "chi2_level": 0.997, "chi2_df": 3, "chi2_threshold": 13.931422665512084, "N_raw": 49, "N_roi": 49, "N_inlier": 47, "refit": true}
{"timestamp": "15:18:16.328672", "frame": 85, "mu": [-1.3650729274922602, 4.144080034813258, 0.8259067215759878], "Sigma": [[0.012380778636367192, 0.0003674393474575741, -0.013016077534557456], [0.0003674393474575742, 0.000525764536091675, 0.002279972436530833], [-0.013016077534557456, 0.002279972436530833, 0.05902961728087665]], "chi2_level": 0.997, "chi2_df": 3, "chi2_threshold": 13.931422665512084, "N_raw": 26, "N_roi": 23, "N_inlier": 22, "refit": true}
{"timestamp": "15:18:16.385076", "frame": 86, "mu": [-1.3145861030153458, 4.165542021184103, 0.42898579349001814], "Sigma": [[0.015522247175286814, 0.003275106711860121, -0.02457026033189101], [0.003275106711860121, 0.0026107976812864402, -0.010017156916071943], [-0.02457026033189101, -0.010017156916071943, 0.1585944968261588]], "chi2_level": 0.997, "chi2_df": 3, "chi2_threshold": 13.931422665512084, "N_raw": 38, "N_roi": 27, "N_inlier": 27, "refit": true}
{"timestamp": "15:18:16.495952", "frame": 88, "mu": [-1.5545492439419244, 4.130685973066752, -0.39217903978206153], "Sigma": [[0.018693850518417564, 0.008220970558903928, 0.04579291693379116], [0.008220970558903926, 0.02153693420465152, 0.028980387853178663], [0.04579291693379116, 0.028980387853178663, 0.1994312464355954]], "chi2_level": 0.997, "chi2_df": 3, "chi2_threshold": 13.931422665512084, "N_raw": 41, "N_roi": 37, "N_inlier": 37, "refit": true}
{"timestamp": "15:18:16.548207", "frame": 89, "mu": [-1.5762460777225797, 4.046920409441845, 1.088690592056162], "Sigma": [[0.012152690068585265, 0.0029599813079800134, -0.008659503535697402], [0.0029599813079800134, 0.005754516992009782, -0.020463896367440768], [-0.008659503535697402, -0.020463896367440768, 0.13202351363980552]], "chi2_level": 0.997, "chi2_df": 3, "chi2_threshold": 13.931422665512084, "N_raw": 24, "N_roi": 21, "N_inlier": 21, "refit": true}
{"timestamp": "15:18:16.604104", "frame": 90, "mu": [-1.5796931250743111, 3.9724164306963554, 0.9149807618035956], "Sigma": [[0.02156354600564437, 0.005285867443744429, -0.012072944650117483], [0.005285867443744429, 0.0025790429191132986, -0.005607789956433747], [-0.012072944650117483, -0.005607789956433747, 0.015361775639625241]], "chi2_level": 0.997, "chi2_df": 3, "chi2_threshold": 13.931422665512084, "N_raw": 33, "N_roi": 33, "N_inlier": 33, "refit": true}
{"timestamp": "15:18:16.660061", "frame": 91, "mu": [-1.6972014022509563, 4.126323411680895, 0.040702579618269556], "Sigma": [[0.015098087967658555, 0.0014872686478898652, -0.0005974411714286207], [0.001487268647889865, 0.0210668188065594, -0.025977735023496956], [-0.0005974411714286214, -0.025977735023496956, 0.03557128632847615]], "chi2_level": 0.997, "chi2_df": 3, "chi2_threshold": 13.931422665512084, "N_raw": 34, "N_roi": 15, "N_inlier": 14, "refit": true}
{"timestamp": "15:18:16.719250", "frame": 92, "mu": [-1.7945608726614308, 3.992133517932947, 1.1113955974665788], "Sigma": [[0.029136392530924253, 0.009948660579974643, -0.031226409625518134], [0.009948660579974643, 0.009352394433278085, -0.015736020720968125], [-0.031226409625518134, -0.01573602072096813, 0.056229842246783984]], "chi2_level": 0.997, "chi2_df": 3, "chi2_threshold": 13.931422665512084, "N_raw": 60, "N_roi": 47, "N_inlier": 46, "refit": true}
{"timestamp": "15:18:16.768504", "frame": 93, "mu": [-1.8013660887646454, 4.011381297320403, 1.0667011622151665], "Sigma": [[0.02305529920004753, 0.012140302594923824, -0.03744998280674579], [0.012140302594923824, 0.011610383378411767, -0.02927050880338794], [-0.03744998280674579, -0.02927050880338794, 0.09235696820681882]], "chi2_level": 0.997, "chi2_df": 3, "chi2_threshold": 13.931422665512084, "N_raw": 26, "N_roi": 26, "N_inlier": 26, "refit": true}
{"timestamp": "15:18:16.825554", "frame": 94, "mu": [-1.8896910507400508, 4.0091299779183265, 1.0530955236124642], "Sigma": [[0.023714572518850827, 0.013285629582119903, -0.037774251888496785], [0.013285629582119903, 0.015059956172946845, -0.038815307234282295], [-0.037774251888496785, -0.038815307234282295, 0.11778211563584262]], "chi2_level": 0.997, "chi2_df": 3, "chi2_threshold": 13.931422665512084, "N_raw": 41, "N_roi": 40, "N_inlier": 40, "refit": true}
{"timestamp": "15:18:16.881203", "frame": 95, "mu": [-2.0546592588910815, 3.934382107624729, 1.3435195009769607], "Sigma": [[0.02457380054148884, 0.008212709805268475, -0.0168494631408233], [0.008212709805268475, 0.006438294561089949, -0.006236579116538967], [-0.0168494631408233, -0.006236579116538967, 0.013159533547503283]], "chi2_level": 0.997, "chi2_df": 3, "chi2_threshold": 13.931422665512084, "N_raw": 44, "N_roi": 40, "N_inlier": 38, "refit": true}
{"timestamp": "15:18:16.936237", "frame": 96, "mu": [-2.0838196910422253, 3.960794912498882, 1.1844972526964004], "Sigma": [[0.014632154578667686, 0.006491455020183773, -0.00937970569738774], [0.006491455020183773, 0.005930267820524931, -0.007187841071871455], [-0.00937970569738774, -0.007187841071871455, 0.010644188661023507]], "chi2_level": 0.997, "chi2_df": 3, "chi2_threshold": 13.931422665512084, "N_raw": 36, "N_roi": 32, "N_inlier": 30, "refit": true}
{"timestamp": "15:18:16.988509", "frame": 97, "mu": [-2.0868448652570826, 4.146353218616872, 0.5952272259933457], "Sigma": [[0.015049456844003382, 0.008950167530562412, -0.025078219707629083], [0.008950167530562412, 0.023540969039814723, -0.056531659683623496], [-0.025078219707629083, -0.056531659683623496, 0.1638741039420105]], "chi2_level": 0.997, "chi2_df": 3, "chi2_threshold": 13.931422665512084, "N_raw": 21, "N_roi": 17, "N_inlier": 17, "refit": true}
{"timestamp": "15:18:17.046943", "frame": 98, "mu": [-2.2675555879842806, 4.013316384976593, 1.4931192419612764], "Sigma": [[0.01830182805716119, 0.006480808597867245, -0.01419290714575085], [0.006480808597867245, 0.008656551666794873, -0.006044021643936618], [-0.01419290714575085, -0.006044021643936617, 0.012576993607220142]], "chi2_level": 0.997, "chi2_df": 3, "chi2_threshold": 13.931422665512084, "N_raw": 51, "N_roi": 42, "N_inlier": 42, "refit": true}
{"timestamp": "15:18:17.098711", "frame": 99, "mu": [-2.3109894435391016, 4.036057206487204, 1.5532808136728038], "Sigma": [[0.01380651436168939, 0.005288482394157457, -0.01068109191073542], [0.005288482394157457, 0.005864397844983355, -0.005226631553092819], [-0.01068109191073542, -0.005226631553092819, 0.01041303809436686]], "chi2_level": 0.997, "chi2_df": 3, "chi2_threshold": 13.931422665512084, "N_raw": 37, "N_roi": 29, "N_inlier": 29, "refit": true}
{"timestamp": "15:18:17.228497", "frame": 100, "mu": [-2.3040554349303686, 4.02352465828413, 1.4017428756806118], "Sigma": [[0.014519543588053277, 0.006266613817016053, -0.013768957247794627], [0.006266613817016053, 0.006656935869383997, -0.00804230297744055], [-0.013768957247794627, -0.00804230297744055, 0.0176636071908247]], "chi2_level": 0.997, "chi2_df": 3, "chi2_threshold": 13.931422665512084, "N_raw": 46, "N_roi": 30, "N_inlier": 30, "refit": true}
{"timestamp": "15:18:17.252934", "frame": 101, "mu": [-2.3258387222499954, 4.001259291333227, 1.3342202784513943], "Sigma": [[0.009985456044333428, 0.004668969575309424, -0.011249062166084069], [0.004668969575309424, 0.006248320540964432, -0.0075341163418071325], [-0.011249062166084069, -0.0075341163418071325, 0.01703545586416163]], "chi2_level": 0.997, "chi2_df": 3, "chi2_threshold": 13.931422665512084, "N_raw": 42, "N_roi": 24, "N_inlier": 24, "refit": true}
{"timestamp": "15:18:17.283418", "frame": 102, "mu": [-2.3612366927784376, 4.008682095121064, 1.3689050931826636], "Sigma": [[0.0066143498597650285, 0.0027483840887125082, -0.006183578249750898], [0.0027483840887125082, 0.00816443717054422, -0.0026915281991656682], [-0.006183578249750897, -0.0026915281991656682, 0.007112948916942148]], "chi2_level": 0.997, "chi2_df": 3, "chi2_threshold": 13.931422665512084, "N_raw": 52, "N_roi": 23, "N_inlier": 23, "refit": true}
{"timestamp": "15:18:17.319331", "frame": 103, "mu": [-2.398532579622433, 4.033794861053993, 1.2147273297756143], "Sigma": [[0.004756615355227238, 0.0022593350270713993, -0.014184440675446157], [0.0022593350270713993, 0.0035801380934662504, -0.010901344007439504], [-0.014184440675446157, -0.010901344007439504, 0.0616248316427299]], "chi2_level": 0.997, "chi2_df": 3, "chi2_threshold": 13.931422665512084, "N_raw": 34, "N_roi": 11, "N_inlier": 11, "refit": true}
{"timestamp": "15:18:17.379649", "frame": 104, "mu": [-2.4041687254337796, 4.120767314353717, 0.28816489317855254], "Sigma": [[0.003189993132420838, -0.00033089290158484937, -0.0004900382292496166], [-0.00033089290158484915, 0.0068280971398124776, -0.00424108150672791], [-0.0004900382292496166, -0.00424108150672791, 0.005963916762649468]], "chi2_level": 0.997, "chi2_df": 3, "chi2_threshold": 13.931422665512084, "N_raw": 69, "N_roi": 17, "N_inlier": 17, "refit": true}
