{"timestamp": "16:17:36.081478", "frame": 16, "mu": [1.0754721924366766, 4.915082843071895, 0.8650113752422579], "Sigma": [[0.018156184385559843, -0.005098502973332442, -0.025515419533495138], [-0.005098502973332441, 0.003856325323059924, 0.007967792456992768], [-0.025515419533495138, 0.007967792456992768, 0.038900202728695064]], "chi2_level": 0.997, "chi2_df": 3, "chi2_threshold": 13.931422665512084, "N_raw": 43, "N_roi": 21, "N_inlier": 21, "refit": true}
{"timestamp": "16:17:36.140177", "frame": 17, "mu": [0.9640942589086657, 4.927231062129537, 1.0540414002635767], "Sigma": [[0.034613783342388384, -0.004004131779452316, -0.028189730286134744], [-0.004004131779452316, 0.0023550774899760204, 0.002648137484442212], [-0.028189730286134744, 0.0026481374844422125, 0.02631462068325862]], "chi2_level": 0.997, "chi2_df": 3, "chi2_threshold": 13.931422665512084, "N_raw": 57, "N_roi": 30, "N_inlier": 30, "refit": true}
{"timestamp": "16:17:36.796278", "frame": 29, "mu": [0.9609361030847774, 4.955000426087212, 1.1213782198292208], "Sigma": [[0.013517890354015634, -0.0005022168080974145, -0.012493665392647131], [-0.0005022168080974147, 0.0009612125785040791, -0.00036406345319405994], [-0.012493665392647131, -0.00036406345319406005, 0.013793490466546371]], "chi2_level": 0.997, "chi2_df": 3, "chi2_threshold": 13.931422665512084, "N_raw": 37, "N_roi": 14, "N_inlier": 14, "refit": true}
{"timestamp": "16:17:36.962302", "frame": 32, "mu": [0.912481709045874, 4.950628978326993, 1.1353293274994436], "Sigma": [[0.020669603035824123, 0.00023062391697001804, -0.012368615087612927], [0.0002306239169700182, 0.0010161719053449433, -0.0007030140108791904], [-0.012368615087612927, -0.0007030140108791904, 0.009445205465938232]], "chi2_level": 0.997, "chi2_df": 3, "chi2_threshold": 13.931422665512084, "N_raw": 42, "N_roi": 17, "N_inlier": 17, "refit": true}
{"timestamp": "16:17:37.015479", "frame": 33, "mu": [0.8381844696696858, 4.919802782315825, 0.9716815094703884], "Sigma": [[0.020469660017901792, -0.003898270523516101, -0.007696877208781811], [-0.0038982705235161, 0.002873464603807173, 0.0023489998688675257], [-0.007696877208781812, 0.002348999868867526, 0.008555299316628278]], "chi2_level": 0.997, "chi2_df": 3, "chi2_threshold": 13.931422665512084, "N_raw": 31, "N_roi": 22, "N_inlier": 22, "refit": true}
{"timestamp": "16:17:37.124430", "frame": 35, "mu": [0.8499112355878984, 4.82294995869999, 0.6180320085993309], "Sigma": [[0.021377727611134094, -0.004638016393728783, -0.005389194588372279], [-0.004638016393728784, 0.0020731097489486644, 0.0003222528517155158], [-0.00538919458837228, 0.0003222528517155159, 0.00470685988988249]], "chi2_level": 0.997, "chi2_df": 3, "chi2_threshold": 13.931422665512084, "N_raw": 23, "N_roi": 23, "N_inlier": 23, "refit": true}
{"timestamp": "16:17:37.182133", "frame": 36, "mu": [0.8471505439781096, 4.847198459998629, 0.6144347216065065], "Sigma": [[0.023221134047202323, -0.006023298484168857, -0.0036734274895646336], [-0.006023298484168858, 0.0029570600497745804, -0.0007499140326585453], [-0.0036734274895646336, -0.0007499140326585453, 0.011249716004337188]], "chi2_level": 0.997, "chi2_df": 3, "chi2_threshold": 13.931422665512084, "N_raw": 37, "N_roi": 34, "N_inlier": 32, "refit": true}
{"timestamp": "16:17:37.234493", "frame": 37, "mu": [0.8236659586298842, 4.819115615305117, 0.8814576626662219], "Sigma": [[0.018272260776997555, -0.004596263350701001, -0.01553321857774498], [-0.004596263350701001, 0.001945379808702243, 0.001222674218085842], [-0.015533218577744978, 0.0012226742180858421, 0.028113208079809937]], "chi2_level": 0.997, "chi2_df": 3, "chi2_threshold": 13.931422665512084, "N_raw": 22, "N_roi": 22, "N_inlier": 22, "refit": true}
{"timestamp": "16:17:37.343422", "frame": 39, "mu": [0.7061007474237776, 4.781013389671853, 0.9377886146665284], "Sigma": [[0.013719028723606247, -0.002107181968485163, -0.013217734865234275], [-0.002107181968485163, 0.001219373034926326, -0.000632874609603907], [-0.013217734865234275, -0.0006328746096039068, 0.025362618553834912]], "chi2_level": 0.997, "chi2_df": 3, "chi2_threshold": 13.931422665512084, "N_raw": 19, "N_roi": 19, "N_inlier": 19, "refit": true}
{"timestamp": "16:17:37.401815", "frame": 40, "mu": [0.7600456142273485, 4.707908028800613, 0.9837409676209818], "Sigma": [[0.030076579884264154, -0.004614628891328666, -0.03218652547420778], [-0.004614628891328666, 0.0018293393689945549, 0.002011044990938268], [-0.03218652547420778, 0.0020110449909382677, 0.048447231167547136]], "chi2_level": 0.997, "chi2_df": 3, "chi2_threshold": 13.931422665512084, "N_raw": 38, "N_roi": 38, "N_inlier": 38, "refit": true}
{"timestamp": "16:17:37.454719", "frame": 41, "mu": [0.6974844706246874, 4.730455220998767, 0.8805159231720809], "Sigma": [[0.017989442795347393, -0.004770051731145854, -0.0029160887037974225], [-0.004770051731145855, 0.004539328256870284, -0.0009240605718293344], [-0.0029160887037974225, -0.0009240605718293344, 0.0028777053144282715]], "chi2_level": 0.997, "chi2_df": 3, "chi2_threshold": 13.931422665512084, "N_raw": 26, "N_roi": 24, "N_inlier": 24, "refit": true}
{"timestamp": "16:17:37.511331", "frame": 42, "mu": [0.7159382216438134, 4.664333738870114, 0.8318963552891843], "Sigma": [[0.024319427169855964, -0.00672634910648323, -0.014432008804179497], [-0.00672634910648323, 0.00335980335280791, 0.0006396082693958403], [-0.014432008804179493, 0.0006396082693958402, 0.030005103148607087]], "chi2_level": 0.997, "chi2_df": 3, "chi2_threshold": 13.931422665512084, "N_raw": 40, "N_roi": 38, "N_inlier": 36, "refit": true}
{"timestamp": "16:17:37.566683", "frame": 43, "mu": [0.6151848330178874, 4.748569819996542, -1.095359419370143], "Sigma": [[0.019838826366169137, -0.011465409638695908, 0.011848932464035782], [-0.011465409638695908, 0.012466997040356016, -0.01008674859835779], [0.011848932464035782, -0.010086748598357788, 0.060797550844862894]], "chi2_level": 0.997, "chi2_df": 3, "chi2_threshold": 13.931422665512084, "N_raw": 35, "N_roi": 29, "N_inlier": 28, "refit": true}
{"timestamp": "16:17:37.622094", "frame": 44, "mu": [0.5736159173024928, 4.836187916863903, -0.37246725113090506], "Sigma": [[0.01782165346787515, -0.0022779863965689527, 0.0681731395383667], [-0.002277986396568953, 0.007446968060882314, -0.01668872839930428], [0.0681731395383667, -0.01668872839930428, 0.41999250634051705]], "chi2_level": 0.997, "chi2_df": 3, "chi2_threshold": 13.931422665512084, "N_raw": 39, "N_roi": 32, "N_inlier": 31, "refit": true}
{"timestamp": "16:17:37.735058", "frame": 46, "mu": [0.47852527374889586, 4.680484748663746, 0.8661260950671956], "Sigma": [[0.024701714180985324, -0.007642325405684113, -0.0045055063375809695], [-0.007642325405684113, 0.00798946641126425, -0.008357994804889895], [-0.0045055063375809695, -0.008357994804889895, 0.0480564905616759]], "chi2_level": 0.997, "chi2_df": 3, "chi2_threshold": 13.931422665512084, "N_raw": 62, "N_roi": 62, "N_inlier": 60, "refit": true}
{"timestamp": "16:17:37.784023", "frame": 47, "mu": [0.5181049200813326, 4.604310038034282, 0.7250926535100685], "Sigma": [[0.00460783393973562, -0.004121702865556248, -0.0012761251000168374], [-0.004121702865556248, 0.007074691320762659, -0.0035343743540829655], [-0.0012761251000168374, -0.0035343743540829655, 0.019709584724572488]], "chi2_level": 0.997, "chi2_df": 3, "chi2_threshold": 13.931422665512084, "N_raw": 12, "N_roi": 12, "N_inlier": 12, "refit": true}
{"timestamp": "16:17:37.842678", "frame": 48, "mu": [0.41872395306370885, 4.799692511989529, -0.06814082553086508], "Sigma": [[0.03807672103435582, -0.013056872059047908, -0.004265665571329704], [-0.013056872059047908, 0.013875621605163061, -0.003149299220730453], [-0.004265665571329704, -0.003149299220730453, 0.009128001813606564]], "chi2_level": 0.997, "chi2_df": 3, "chi2_threshold": 13.931422665512084, "N_raw": 46, "N_roi": 46, "N_inlier": 46, "refit": true}
{"timestamp": "16:17:37.895685", "frame": 49, "mu": [0.5508444894620902, 4.508112571611527, 0.9645700299840371], "Sigma": [[0.021729891471868507, -0.007697543098783846, -0.006143798808695808], [-0.007697543098783845, 0.0064320654922840805, 0.001016698532119296], [-0.006143798808695808, 0.0010166985321192954, 0.016747700247412282]], "chi2_level": 0.997, "chi2_df": 3, "chi2_threshold": 13.931422665512084, "N_raw": 31, "N_roi": 30, "N_inlier": 29, "refit": true}
{"timestamp": "16:17:37.951377", "frame": 50, "mu": [0.36922357331082784, 4.716991323006443, -0.014182777910996513], "Sigma": [[0.017103761605600752, -0.007396774549437974, 0.005031150551937922], [-0.007396774549437974, 0.017783431887854237, -0.03103277161954632], [0.0050311505519379214, -0.03103277161954632, 0.06317709898268961]], "chi2_level": 0.997, "chi2_df": 3, "chi2_threshold": 13.931422665512084, "N_raw": 36, "N_roi": 36, "N_inlier": 35, "refit": true}
{"timestamp": "16:17:38.006163", "frame": 51, "mu": [0.3312937331942416, 4.5337696186049605, 0.5666743246640694], "Sigma": [[0.0209699786133231, -0.0015332318509404456, 0.0008005778992281605], [-0.0015332318509404452, 0.004169286226014888, -0.008974160098828189], [0.0008005778992281606, -0.008974160098828189, 0.03648672866137351]], "chi2_level": 0.997, "chi2_df": 3, "chi2_threshold": 13.931422665512084, "N_raw": 32, "N_roi": 32, "N_inlier": 31, "refit": true}
{"timestamp": "16:17:38.063216", "frame": 52, "mu": [0.3262091721360919, 4.7143335486517595, -0.163510951255081], "Sigma": [[0.029633557391540426, -0.0037257250408094505, -0.010774938054919631], [-0.0037257250408094505, 0.006130672063206095, -0.005388290538301396], [-0.010774938054919631, -0.005388290538301396, 0.021607220252329702]], "chi2_level": 0.997, "chi2_df": 3, "chi2_threshold": 13.931422665512084, "N_raw": 47, "N_roi": 46, "N_inlier": 44, "refit": true}
{"timestamp": "16:17:38.169899", "frame": 54, "mu": [0.22052898252326023, 4.458620519230737, 0.7982417072537183], "Sigma": [[0.016144666347172335, -0.0031314834904487363, -0.007405745548055157], [-0.0031314834904487363, 0.0009845996999991048, -0.0003730979478599539], [-0.007405745548055157, -0.0003730979478599538, 0.030287996797321498]], "chi2_level": 0.997, "chi2_df": 3, "chi2_threshold": 13.931422665512084, "N_raw": 27, "N_roi": 27, "N_inlier": 27, "refit": true}
{"timestamp": "16:17:38.228465", "frame": 55, "mu": [0.17473285480803094, 4.400778135076807, 1.2335018469111776], "Sigma": [[0.02412179608351748, -0.0012266360665066308, -0.0218442102834328], [-0.001226636066506631, 0.0024412966447128624, -0.00439542195074291], [-0.0218442102834328, -0.00439542195074291, 0.054732643145233024]], "chi2_level": 0.997, "chi2_df": 3, "chi2_threshold": 13.931422665512084, "N_raw": 50, "N_roi": 50, "N_inlier": 50, "refit": true}
{"timestamp": "16:17:38.280542", "frame": 56, "mu": [0.2261892766560741, 4.32669138496778, 1.1724033472500812], "Sigma": [[0.020930186073806513, -0.002763510254564472, -0.025982732510917702], [-0.0027635102545644718, 0.002366789546106591, -0.0036715304259093678], [-0.025982732510917702, -0.0036715304259093678, 0.12005130767381905]], "chi2_level": 0.997, "chi2_df": 3, "chi2_threshold": 13.931422665512084, "N_raw": 32, "N_roi": 30, "N_inlier": 29, "refit": true}
{"timestamp": "16:17:38.339675", "frame": 57, "mu": [0.1588935543179043, 4.318021017641129, 1.1252991033577833], "Sigma": [[0.025725789704165506, -0.003768091265691364, -0.03134700160441978], [-0.003768091265691364, 0.003963072744656231, -0.0005242401252928282], [-0.03134700160441978, -0.0005242401252928276, 0.05333030430758017]], "chi2_level": 0.997, "chi2_df": 3, "chi2_threshold": 13.931422665512084, "N_raw": 60, "N_roi": 58, "N_inlier": 56, "refit": true}
{"timestamp": "16:17:38.445202", "frame": 59, "mu": [0.14066984495025045, 4.4359284590673775, -0.1639611708148112], "Sigma": [[0.02400453319302679, -0.00772788129632836, -0.016386492596851522], [-0.00772788129632836, 0.01342521821462099, -0.006792581300051909], [-0.016386492596851522, -0.006792581300051911, 0.03643397310346811]], "chi2_level": 0.997, "chi2_df": 3, "chi2_threshold": 13.931422665512084, "N_raw": 31, "N_roi": 31, "N_inlier": 30, "refit": true}
{"timestamp": "16:17:38.505506", "frame": 60, "mu": [0.013304369572351187, 4.310399190508569, 1.0629507584400397], "Sigma": [[0.026628554497275015, -0.013592150347131925, 0.011948480077470364], [-0.013592150347131925, 0.012013535303160497, -0.018186809420023865], [0.011948480077470364, -0.018186809420023865, 0.04316910376654082]], "chi2_level": 0.997, "chi2_df": 3, "chi2_threshold": 13.931422665512084, "N_raw": 54, "N_roi": 53, "N_inlier": 51, "refit": true}
{"timestamp": "16:17:38.561542", "frame": 61, "mu": [0.029417935198054673, 4.238041693497809, 0.7723487597817985], "Sigma": [[0.030964806792362458, -0.008153065384192614, -0.006019375815297636], [-0.008153065384192613, 0.009046379409045539, -0.0016102080974653805], [-0.006019375815297636, -0.0016102080974653803, 0.005825435013562947]], "chi2_level": 0.997, "chi2_df": 3, "chi2_threshold": 13.931422665512084, "N_raw": 72, "N_roi": 72, "N_inlier": 70, "refit": true}
{"timestamp": "16:17:38.621319", "frame": 62, "mu": [-0.016792808976274803, 4.233768159192146, 0.8784766485378339], "Sigma": [[0.03932012450543932, -0.014796220923231993, 3.5381060074608176e-05], [-0.014796220923231993, 0.012472054714521166, -0.011998910544628212], [3.538106007460774e-05, -0.011998910544628212, 0.04027712197947313]], "chi2_level": 0.997, "chi2_df": 3, "chi2_threshold": 13.931422665512084, "N_raw": 99, "N_roi": 99, "N_inlier": 96, "refit": true}
{"timestamp": "16:17:38.669597", "frame": 63, "mu": [0.02863271273565382, 4.251483236816295, 0.049989573411463664], "Sigma": [[0.024646988900977967, 0.0018625660807054826, 0.03252679317307301], [0.001862566080705483, 0.005396182156885243, -0.007365542501706641], [0.03252679317307301, -0.0073655425017066425, 0.177437264254363]], "chi2_level": 0.997, "chi2_df": 3, "chi2_threshold": 13.931422665512084, "N_raw": 52, "N_roi": 49, "N_inlier": 48, "refit": true}
{"timestamp": "16:17:38.776190", "frame": 65, "mu": [-0.1444025940778321, 4.145399877170215, 0.9339079883059833], "Sigma": [[0.03283843857655517, -0.01511771842598287, -0.0022673979150020064], [-0.01511771842598287, 0.010024765999697913, -0.006121630184116142], [-0.002267397915002006, -0.006121630184116141, 0.023217888153892204]], "chi2_level": 0.997, "chi2_df": 3, "chi2_threshold": 13.931422665512084, "N_raw": 40, "N_roi": 40, "N_inlier": 40, "refit": true}
{"timestamp": "16:17:38.835292", "frame": 66, "mu": [-0.12330961102978696, 4.075054988986965, 0.9019591569727886], "Sigma": [[0.027673569992114764, -0.011973078944806335, -0.0021953442538174633], [-0.011973078944806335, 0.010990079392542653, -0.012103353211937663], [-0.002195344253817463, -0.012103353211937663, 0.042916090727062636]], "chi2_level": 0.997, "chi2_df": 3, "chi2_threshold": 13.931422665512084, "N_raw": 67, "N_roi": 67, "N_inlier": 67, "refit": true}
{"timestamp": "16:17:38.884749", "frame": 67, "mu": [-0.12371838779175268, 3.994200639326408, 0.9874936725845872], "Sigma": [[0.008859948968987683, -0.0026737229177007777, -0.007094985516420586], [-0.0026737229177007777, 0.004500117079324149, -0.01594483132247158], [-0.007094985516420587, -0.015944831322471584, 0.13057080318513267]], "chi2_level": 0.997, "chi2_df": 3, "chi2_threshold": 13.931422665512084, "N_raw": 25, "N_roi": 25, "N_inlier": 24, "refit": true}
{"timestamp": "16:17:38.943197", "frame": 68, "mu": [-0.15046561717131804, 3.9476982633016986, 1.1688473714846526], "Sigma": [[0.021628634857792775, -0.0015039916811256653, -0.026811547005773664], [-0.0015039916811256653, 0.002467356257740807, -0.004062391223863988], [-0.026811547005773664, -0.004062391223863988, 0.05884101805382609]], "chi2_level": 0.997, "chi2_df": 3, "chi2_threshold": 13.931422665512084, "N_raw": 55, "N_roi": 55, "N_inlier": 55, "refit": true}
{"timestamp": "16:17:38.995189", "frame": 69, "mu": [-0.20558701894317813, 3.8951799836083025, 1.2670393720757227], "Sigma": [[0.019333815945017246, -0.0005183653163678307, -0.017304755102010117], [-0.0005183653163678303, 0.00232193490230263, -0.008745442202568341], [-0.017304755102010117, -0.008745442202568341, 0.09980857430542356]], "chi2_level": 0.997, "chi2_df": 3, "chi2_threshold": 13.931422665512084, "N_raw": 32, "N_roi": 32, "N_inlier": 30, "refit": true}
{"timestamp": "16:17:39.050200", "frame": 70, "mu": [-0.15524589494200305, 3.8722504478400945, 1.1724264008246097], "Sigma": [[0.015013320327152664, -0.0009894932633929304, -0.015829910924466777], [-0.0009894932633929304, 0.0016884410506895998, -0.0011967594078745297], [-0.015829910924466777, -0.00119675940787453, 0.023018681770263984]], "chi2_level": 0.997, "chi2_df": 3, "chi2_threshold": 13.931422665512084, "N_raw": 33, "N_roi": 33, "N_inlier": 30, "refit": true}
{"timestamp": "16:17:39.106245", "frame": 71, "mu": [-0.17204707570268749, 3.800338166252838, 1.0412210647150302], "Sigma": [[0.015972971096701923, -0.0012648797947897596, -0.00990199618880393], [-0.0012648797947897596, 0.001832180094750796, -0.001977641553092928], [-0.00990199618880393, -0.001977641553092928, 0.01590174264787691]], "chi2_level": 0.997, "chi2_df": 3, "chi2_threshold": 13.931422665512084, "N_raw": 38, "N_roi": 38, "N_inlier": 36, "refit": true}
{"timestamp": "16:17:39.159238", "frame": 72, "mu": [-0.21607859244935698, 3.774978532176257, 1.0091597917463513], "Sigma": [[0.007378278704558995, -0.0008330744854471749, -0.0034978254804473386], [-0.0008330744854471749, 0.0019043884328449948, -0.003521972313610473], [-0.0034978254804473386, -0.003521972313610473, 0.05495616562724194]], "chi2_level": 0.997, "chi2_df": 3, "chi2_threshold": 13.931422665512084, "N_raw": 21, "N_roi": 21, "N_inlier": 20, "refit": true}
{"timestamp": "16:17:39.213799", "frame": 73, "mu": [-0.3039384784431474, 3.7268167928667113, 1.062022646087674], "Sigma": [[0.011363361963084948, -0.0008904609453661415, -0.0074909709107144375], [-0.0008904609453661415, 0.0015779092138290143, 0.0016242994934373594], [-0.0074909709107144375, 0.0016242994934373594, 0.16077047419394666]], "chi2_level": 0.997, "chi2_df": 3, "chi2_threshold": 13.931422665512084, "N_raw": 26, "N_roi": 25, "N_inlier": 25, "refit": true}
{"timestamp": "16:17:39.268189", "frame": 74, "mu": [-0.37518355462691794, 3.738405677946678, 0.4364563696446777], "Sigma": [[0.002645282688467345, 0.0024950585944501355, 0.030513759419883827], [0.0024950585944501355, 0.0057439153522662306, 0.009540477535300969], [0.030513759419883827, 0.009540477535300969, 0.5921930235505426]], "chi2_level": 0.997, "chi2_df": 3, "chi2_threshold": 13.931422665512084, "N_raw": 13, "N_roi": 10, "N_inlier": 10, "refit": true}
{"timestamp": "16:17:39.382362", "frame": 76, "mu": [-0.4567238657534075, 3.6798329238344065, 1.099639706860768], "Sigma": [[0.016451715795419874, -0.0009640533347220954, -0.007543322971295417], [-0.0009640533347220954, 0.001988821459496132, -0.004474141726819456], [-0.007543322971295417, -0.004474141726819456, 0.04505908768988033]], "chi2_level": 0.997, "chi2_df": 3, "chi2_threshold": 13.931422665512084, "N_raw": 41, "N_roi": 37, "N_inlier": 36, "refit": true}
{"timestamp": "16:17:39.434799", "frame": 77, "mu": [-0.46654990957999537, 3.6049341256739225, 0.9431839785994285], "Sigma": [[0.012222537302266193, 0.0012004337890342861, -0.0018691992597870165], [0.0012004337890342861, 0.000802731993299151, -0.0035121895613238556], [-0.0018691992597870165, -0.0035121895613238556, 0.06751882496353093]], "chi2_level": 0.997, "chi2_df": 3, "chi2_threshold": 13.931422665512084, "N_raw": 30, "N_roi": 26, "N_inlier": 24, "refit": true}
{"timestamp": "16:17:39.494953", "frame": 78, "mu": [-0.5208766893779035, 3.6554208432066657, 1.0198495792015332], "Sigma": [[0.023061955152186196, -0.00047442908855232715, 0.007799687984293342], [-0.00047442908855232726, 0.0033090782791701575, 0.0005513532196590158], [0.007799687984293343, 0.000551353219659016, 0.12948556178892517]], "chi2_level": 0.997, "chi2_df": 3, "chi2_threshold": 13.931422665512084, "N_raw": 56, "N_roi": 55, "N_inlier": 54, "refit": true}
{"timestamp": "16:17:39.550913", "frame": 79, "mu": [-0.5352929128069464, 3.601268546804947, 1.0014244515519695], "Sigma": [[0.02418255703773025, -0.0008822273738237746, -0.0036131713170409877], [-0.0008822273738237745, 0.0037163652239539354, -0.004446552763080943], [-0.003613171317040988, -0.004446552763080943, 0.03027838725511762]], "chi2_level": 0.997, "chi2_df": 3, "chi2_threshold": 13.931422665512084, "N_raw": 64, "N_roi": 62, "N_inlier": 62, "refit": true}
{"timestamp": "16:17:39.599498", "frame": 80, "mu": [-0.6312643866903282, 3.6119762539591727, 1.045463909562133], "Sigma": [[0.009338180098334327, 0.0003795124561926991, -0.017561998076800058], [0.00037951245619269894, 0.002883176660060607, -0.009936540150231024], [-0.017561998076800058, -0.009936540150231026, 0.2528705382306635]], "chi2_level": 0.997, "chi2_df": 3, "chi2_threshold": 13.931422665512084, "N_raw": 22, "N_roi": 20, "N_inlier": 19, "refit": true}
{"timestamp": "16:17:39.653985", "frame": 81, "mu": [-0.5565171339932385, 3.535131703821936, 1.165000131546793], "Sigma": [[0.009940511565555756, 0.0007619228419755882, -0.009298026493458018], [0.0007619228419755882, 0.0011144976409043236, -0.003826807111176523], [-0.009298026493458018, -0.003826807111176522, 0.02625916652771653]], "chi2_level": 0.997, "chi2_df": 3, "chi2_threshold": 13.931422665512084, "N_raw": 19, "N_roi": 19, "N_inlier": 19, "refit": true}
{"timestamp": "16:17:39.712482", "frame": 82, "mu": [-0.5942209880045582, 3.488544133696386, 0.9491787568275435], "Sigma": [[0.01399454141193768, -0.002961889600490913, -0.016390562766776046], [-0.002961889600490913, 0.0025193440208152312, 9.311700995441987e-05], [-0.016390562766776046, 9.311700995441965e-05, 0.03796551719857237]], "chi2_level": 0.997, "chi2_df": 3, "chi2_threshold": 13.931422665512084, "N_raw": 45, "N_roi": 45, "N_inlier": 43, "refit": true}
{"timestamp": "16:17:39.767867", "frame": 83, "mu": [-0.6221135151695475, 3.4485790370576797, 0.7787137710497569], "Sigma": [[0.01835324334583991, -0.0033076786995659907, -0.0273208584720206], [-0.0033076786995659907, 0.0032149861462301864, 0.0016823108126927406], [-0.0273208584720206, 0.0016823108126927408, 0.0550138113360254]], "chi2_level": 0.997, "chi2_df": 3, "chi2_threshold": 13.931422665512084, "N_raw": 47, "N_roi": 47, "N_inlier": 45, "refit": true}
{"timestamp": "16:17:39.825576", "frame": 84, "mu": [-0.6625521898504582, 3.4637846146651374, 0.9718214789666101], "Sigma": [[0.01944873150513029, -5.3188203714193754e-06, -0.009280707310504635], [-5.318820371419267e-06, 0.007116870422391469, -0.02060586054125384], [-0.009280707310504635, -0.02060586054125384, 0.11100639889348789]], "chi2_level": 0.997, "chi2_df": 3, "chi2_threshold": 13.931422665512084, "N_raw": 65, "N_roi": 60, "N_inlier": 58, "refit": true}
{"timestamp": "16:17:39.877912", "frame": 85, "mu": [-0.7208837299195394, 3.421856053700937, 0.8536561011977761], "Sigma": [[0.009169501753090024, -0.0020717987141542467, -0.00794173661578148], [-0.002071798714154247, 0.0020814686504622955, -0.0046176076629437695], [-0.00794173661578148, -0.004617607662943769, 0.037189160854560775]], "chi2_level": 0.997, "chi2_df": 3, "chi2_threshold": 13.931422665512084, "N_raw": 37, "N_roi": 32, "N_inlier": 31, "refit": true}
{"timestamp": "16:17:39.933497", "frame": 86, "mu": [-0.805431773495266, 3.446982712984913, 0.9644914959041968], "Sigma": [[0.023730777611208974, -0.005972335803833651, -0.009700462860113345], [-0.005972335803833651, 0.0031609519478533756, -0.002892610902676348], [-0.009700462860113345, -0.002892610902676348, 0.039052437542788615]], "chi2_level": 0.997, "chi2_df": 3, "chi2_threshold": 13.931422665512084, "N_raw": 50, "N_roi": 50, "N_inlier": 47, "refit": true}
{"timestamp": "16:17:39.992098", "frame": 87, "mu": [-0.8713079275755821, 3.4399270400276154, 0.7785127964208787], "Sigma": [[0.038763240644474534, -0.009305562609793233, -0.005951883475669753], [-0.009305562609793233, 0.004931704567432209, -0.0035990081411623664], [-0.005951883475669753, -0.003599008141162367, 0.017109713820168168]], "chi2_level": 0.997, "chi2_df": 3, "chi2_threshold": 13.931422665512084, "N_raw": 83, "N_roi": 83, "N_inlier": 82, "refit": true}
{"timestamp": "16:17:40.042307", "frame": 88, "mu": [-0.8233688155389435, 3.367092070409687, 0.7437958232110833], "Sigma": [[0.02138940038218317, -0.008413238952124955, -0.0028457201823300113], [-0.008413238952124955, 0.00525545512642073, -0.004361370211028147], [-0.0028457201823300113, -0.004361370211028146, 0.029368347562401517]], "chi2_level": 0.997, "chi2_df": 3, "chi2_threshold": 13.931422665512084, "N_raw": 37, "N_roi": 37, "N_inlier": 36, "refit": true}
{"timestamp": "16:17:40.202189", "frame": 91, "mu": [-0.8739951090806557, 3.319066416139468, 0.22899177470829943], "Sigma": [[0.006810361223392445, 0.0067208305206096376, 0.006368043750825354], [0.0067208305206096376, 0.02162398408119849, -0.02739354233881678], [0.006368043750825353, -0.027393542338816784, 0.17270141096084948]], "chi2_level": 0.997, "chi2_df": 3, "chi2_threshold": 13.931422665512084, "N_raw": 10, "N_roi": 10, "N_inlier": 10, "refit": true}
{"timestamp": "16:17:40.262091", "frame": 92, "mu": [-0.8889533461252707, 3.1709331627220205, 1.043545884957216], "Sigma": [[0.011941548276955644, 0.0016193883849561705, -0.01206994639530066], [0.0016193883849561705, 0.0013536434823005039, -0.0053950638226736335], [-0.01206994639530066, -0.0053950638226736335, 0.029595765232826546]], "chi2_level": 0.997, "chi2_df": 3, "chi2_threshold": 13.931422665512084, "N_raw": 46, "N_roi": 46, "N_inlier": 43, "refit": true}
{"timestamp": "16:17:40.369164", "frame": 94, "mu": [-0.9313178758074305, 3.1250998430391124, 0.893198907973503], "Sigma": [[0.004868999815829266, -0.0002765048156486457, -0.004575088245889846], [-0.00027650481564864564, 0.0008667025513971819, -0.0027637782806480653], [-0.004575088245889846, -0.0027637782806480657, 0.02049752011875767]], "chi2_level": 0.997, "chi2_df": 3, "chi2_threshold": 13.931422665512084, "N_raw": 15, "N_roi": 15, "N_inlier": 14, "refit": true}
{"timestamp": "16:17:40.424633", "frame": 95, "mu": [-0.9402185176746944, 3.0695660686704196, 0.7780698240387645], "Sigma": [[0.009103820441223244, 0.00039534542422654524, -0.010229560480751378], [0.00039534542422654524, 0.0018678185369098755, -0.005931155471234689], [-0.010229560480751378, -0.005931155471234689, 0.07091109280048671]], "chi2_level": 0.997, "chi2_df": 3, "chi2_threshold": 13.931422665512084, "N_raw": 25, "N_roi": 25, "N_inlier": 24, "refit": true}
{"timestamp": "16:17:40.534045", "frame": 97, "mu": [-1.015071933777677, 3.1214281234756314, -0.15042485407583361], "Sigma": [[0.004156070420847996, -0.0033746802434288753, 0.007747253481696293], [-0.0033746802434288757, 0.019068762637924775, -0.046339041453078614], [0.007747253481696294, -0.046339041453078614, 0.12689936667869184]], "chi2_level": 0.997, "chi2_df": 3, "chi2_threshold": 13.931422665512084, "N_raw": 15, "N_roi": 15, "N_inlier": 15, "refit": true}
{"timestamp": "16:17:40.593289", "frame": 98, "mu": [-1.0784967957423717, 3.0790093718792177, -0.15564629116520035], "Sigma": [[0.01044178289523297, 0.00038721441977293525, 0.0022702894717638337], [0.00038721441977293504, 0.011360612197619328, -0.034836818361611316], [0.0022702894717638324, -0.034836818361611316, 0.137438712297996]], "chi2_level": 0.997, "chi2_df": 3, "chi2_threshold": 13.931422665512084, "N_raw": 33, "N_roi": 32, "N_inlier": 31, "refit": true}
{"timestamp": "16:17:40.647526", "frame": 99, "mu": [-1.0177689707734716, 2.877716585843623, 0.9518988378676262], "Sigma": [[0.01220393417682203, -0.0032186550624788398, -0.016740208805757113], [-0.0032186550624788398, 0.0031049981644862817, 0.0031775590127405638], [-0.016740208805757113, 0.0031775590127405638, 0.025219189104009335]], "chi2_level": 0.997, "chi2_df": 3, "chi2_threshold": 13.931422665512084, "N_raw": 41, "N_roi": 37, "N_inlier": 35, "refit": true}
{"timestamp": "16:17:40.783082", "frame": 100, "mu": [-1.1313331733887615, 2.9352797100322965, 0.8965583841745773], "Sigma": [[0.010945799999606673, -0.0010644950841839976, 0.010927920308081917], [-0.0010644950841839972, 0.00959091262370959, 0.028121159348660198], [0.010927920308081915, 0.028121159348660198, 0.16523297090177405]], "chi2_level": 0.997, "chi2_df": 3, "chi2_threshold": 13.931422665512084, "N_raw": 27, "N_roi": 23, "N_inlier": 23, "refit": true}
{"timestamp": "16:17:40.787957", "frame": 101, "mu": [-1.022049786157806, 2.9934031433570203, -0.28362478718827233], "Sigma": [[0.012536983624823443, 0.003133077733884615, -0.00710812863978411], [0.0031330777338846156, 0.002653990540686596, -0.002731916454269777], [-0.007108128639784111, -0.002731916454269777, 0.0053473154367076345]], "chi2_level": 0.997, "chi2_df": 3, "chi2_threshold": 13.931422665512084, "N_raw": 31, "N_roi": 30, "N_inlier": 29, "refit": true}
{"timestamp": "16:17:40.863105", "frame": 103, "mu": [-1.1724708996667763, 2.805116412203511, 1.0046106821327272], "Sigma": [[0.006840704126091938, -7.808459611946089e-05, -0.004793801659985598], [-7.808459611946086e-05, 0.002108497789464696, -8.123155653474838e-05], [-0.004793801659985598, -8.123155653474832e-05, 0.0038271635996614092]], "chi2_level": 0.997, "chi2_df": 3, "chi2_threshold": 13.931422665512084, "N_raw": 18, "N_roi": 18, "N_inlier": 16, "refit": true}
{"timestamp": "16:17:40.918699", "frame": 104, "mu": [-1.2407404470504575, 2.9656521850072854, -0.27391547222610835], "Sigma": [[0.004293179407879268, 0.007670462679924428, -0.021384151792832644], [0.007670462679924428, 0.03194818495997155, -0.07318770397399417], [-0.021384151792832647, -0.07318770397399417, 0.17680528643021506]], "chi2_level": 0.997, "chi2_df": 3, "chi2_threshold": 13.931422665512084, "N_raw": 15, "N_roi": 12, "N_inlier": 10, "refit": true}
{"timestamp": "16:17:41.100924", "frame": 107, "mu": [-1.4389012946678141, 2.654940886549036, 1.271053711918919], "Sigma": [[0.008956077248217072, 0.0024006656138018992, -0.012254561148404968], [0.0024006656138018992, 0.0012115910443553327, -0.002703789523088569], [-0.01225456114840497, -0.0027037895230885693, 0.04419191512198807]], "chi2_level": 0.997, "chi2_df": 3, "chi2_threshold": 13.931422665512084, "N_raw": 14, "N_roi": 14, "N_inlier": 14, "refit": true}
{"timestamp": "16:17:41.139821", "frame": 108, "mu": [-1.5100326744236896, 2.6504452495136044, 1.1806010797138535], "Sigma": [[0.014926376087167303, 0.003744229799112701, -0.0497038026317923], [0.003744229799112701, 0.003346938106949778, -0.018688464820240395], [-0.0497038026317923, -0.018688464820240395, 0.22597757226440232]], "chi2_level": 0.997, "chi2_df": 3, "chi2_threshold": 13.931422665512084, "N_raw": 22, "N_roi": 22, "N_inlier": 22, "refit": true}
{"timestamp": "16:17:41.195526", "frame": 109, "mu": [-1.4580435304129058, 2.6836895773829528, 0.8597169378811284], "Sigma": [[0.012233958010456686, 0.001873253775655231, -0.0248633778038077], [0.0018732537756552313, 0.002369184302550115, -0.01101411952846463], [-0.0248633778038077, -0.01101411952846463, 0.10356520876629823]], "chi2_level": 0.997, "chi2_df": 3, "chi2_threshold": 13.931422665512084, "N_raw": 28, "N_roi": 28, "N_inlier": 27, "refit": true}
{"timestamp": "16:17:41.249490", "frame": 110, "mu": [-1.530255227027197, 2.6063748370207365, 0.9740379919605942], "Sigma": [[0.009416273433979825, 0.0031378914533648533, -0.020068980477247457], [0.0031378914533648533, 0.002290290592775351, -0.009685496066897555], [-0.020068980477247457, -0.009685496066897555, 0.06269118016336672]], "chi2_level": 0.997, "chi2_df": 3, "chi2_threshold": 13.931422665512084, "N_raw": 15, "N_roi": 15, "N_inlier": 13, "refit": true}
{"timestamp": "16:17:41.305585", "frame": 111, "mu": [-1.500510665034169, 2.7808085438584937, -0.39184107383628447], "Sigma": [[0.009815169087941692, 0.0027876014850211957, -0.010870355829532729], [0.0027876014850211957, 0.005806050022738528, -0.008927213702179027], [-0.010870355829532729, -0.008927213702179027, 0.035729194544787526]], "chi2_level": 0.997, "chi2_df": 3, "chi2_threshold": 13.931422665512084, "N_raw": 29, "N_roi": 29, "N_inlier": 27, "refit": true}
{"timestamp": "16:17:41.357538", "frame": 112, "mu": [-1.690835279895857, 2.511236371436024, 1.298547383741489], "Sigma": [[0.0054520622482798296, 0.002365766100741169, -0.012307641470991434], [0.002365766100741169, 0.002526298718329643, -0.007504131047959296], [-0.012307641470991434, -0.007504131047959297, 0.05905341051648304]], "chi2_level": 0.997, "chi2_df": 3, "chi2_threshold": 13.931422665512084, "N_raw": 12, "N_roi": 12, "N_inlier": 12, "refit": true}
{"timestamp": "16:17:41.465947", "frame": 114, "mu": [-1.5329963494383343, 2.5169049425094894, 0.8462152714905282], "Sigma": [[0.008169191569615795, 0.0019606461959225147, -0.00445398110273357], [0.0019606461959225147, 0.0023253077385270195, -0.0025382933579010856], [-0.00445398110273357, -0.0025382933579010856, 0.006220106459398947]], "chi2_level": 0.997, "chi2_df": 3, "chi2_threshold": 13.931422665512084, "N_raw": 14, "N_roi": 14, "N_inlier": 14, "refit": true}
{"timestamp": "16:17:41.694632", "frame": 118, "mu": [-1.7857099950308406, 2.443810303631965, -0.18315004605856766], "Sigma": [[0.01200516618144485, 0.0068234004307150525, -0.007225051069214645], [0.0068234004307150525, 0.013011529162686589, -0.015903515215855493], [-0.007225051069214645, -0.015903515215855493, 0.021719735681115446]], "chi2_level": 0.997, "chi2_df": 3, "chi2_threshold": 13.931422665512084, "N_raw": 61, "N_roi": 61, "N_inlier": 60, "refit": true}
{"timestamp": "16:17:41.967358", "frame": 123, "mu": [-1.9228335706888366, 2.0377287202828853, 1.3134117932261569], "Sigma": [[0.02329612367880561, 0.012518320487112142, -0.013957000491103317], [0.012518320487112142, 0.01204413490404385, -0.009566923850757164], [-0.013957000491103315, -0.009566923850757164, 0.01079188675059859]], "chi2_level": 0.997, "chi2_df": 3, "chi2_threshold": 13.931422665512084, "N_raw": 43, "N_roi": 43, "N_inlier": 43, "refit": true}
{"timestamp": "16:17:42.018791", "frame": 124, "mu": [-2.008904607637016, 1.9335879061501775, 1.2812608519219177], "Sigma": [[0.03416846374208421, 0.02677563781753874, -0.03360025959517207], [0.02677563781753874, 0.024724145851426654, -0.03703228700444815], [-0.03360025959517207, -0.03703228700444815, 0.0736023101523984]], "chi2_level": 0.997, "chi2_df": 3, "chi2_threshold": 13.931422665512084, "N_raw": 19, "N_roi": 19, "N_inlier": 19, "refit": true}
{"timestamp": "16:17:42.072660", "frame": 125, "mu": [-1.9405902732847133, 2.0454911470574406, 0.9811705359303489], "Sigma": [[0.004488482905661535, 0.0009803281135047721, -0.0007264732065255934], [0.0009803281135047721, 0.0033981544685351374, -0.006271439705857513], [-0.0007264732065255932, -0.006271439705857513, 0.018110885075993143]], "chi2_level": 0.997, "chi2_df": 3, "chi2_threshold": 13.931422665512084, "N_raw": 12, "N_roi": 12, "N_inlier": 12, "refit": true}
{"timestamp": "16:17:42.129373", "frame": 126, "mu": [-2.249685850350132, 1.7338400686775808, 1.3470102017382017], "Sigma": [[0.014791639826387966, 0.01163667348259062, -0.008379325943129134], [0.01163667348259062, 0.01198307157297933, -0.007759128957752487], [-0.008379325943129134, -0.007759128957752487, 0.006048776509882412]], "chi2_level": 0.997, "chi2_df": 3, "chi2_threshold": 13.931422665512084, "N_raw": 24, "N_roi": 24, "N_inlier": 23, "refit": true}
{"timestamp": "16:17:42.183887", "frame": 127, "mu": [-2.2458915235946812, 1.7529554204070013, 1.4900181331938127], "Sigma": [[0.019985222075514484, 0.012893833184022273, -0.015751808751262527], [0.012893833184022273, 0.012713255966049984, -0.012232748706737066], [-0.015751808751262527, -0.012232748706737066, 0.014413048300227528]], "chi2_level": 0.997, "chi2_df": 3, "chi2_threshold": 13.931422665512084, "N_raw": 21, "N_roi": 21, "N_inlier": 21, "refit": true}
{"timestamp": "16:17:42.242391", "frame": 128, "mu": [-2.246721783238297, 1.7203644306616235, 1.4148604994215457], "Sigma": [[0.012581758556250001, 0.009830515595326113, -0.008850878621853516], [0.009830515595326115, 0.014744489494433655, -0.010540310392932416], [-0.008850878621853516, -0.010540310392932416, 0.009805203206490424]], "chi2_level": 0.997, "chi2_df": 3, "chi2_threshold": 13.931422665512084, "N_raw": 45, "N_roi": 45, "N_inlier": 44, "refit": true}
{"timestamp": "16:17:42.297341", "frame": 129, "mu": [-2.2646743110556935, 1.7009440428152054, 1.357396512403443], "Sigma": [[0.01923601432824312, 0.020706656881300196, -0.03760021195703431], [0.020706656881300193, 0.03134243644961456, -0.049161328014515254], [-0.03760021195703431, -0.049161328014515254, 0.10894651532761258]], "chi2_level": 0.997, "chi2_df": 3, "chi2_threshold": 13.931422665512084, "N_raw": 45, "N_roi": 42, "N_inlier": 41, "refit": true}
{"timestamp": "16:17:42.350846", "frame": 130, "mu": [-2.281412700281017, 1.7043756135558028, 1.431567294187245], "Sigma": [[0.011236411220616757, 0.009757237228029084, -0.010409532616619074], [0.009757237228029084, 0.01381491847454845, -0.011490841960382584], [-0.010409532616619074, -0.011490841960382584, 0.01177734636307925]], "chi2_level": 0.997, "chi2_df": 3, "chi2_threshold": 13.931422665512084, "N_raw": 34, "N_roi": 33, "N_inlier": 33, "refit": true}
{"timestamp": "16:17:42.402570", "frame": 131, "mu": [-2.2311294987380657, 1.7756219562578626, 1.2739477603624016], "Sigma": [[0.01619283871721592, 0.011969590082076202, -0.023540964205421906], [0.011969590082076202, 0.012736621418773455, -0.01847570665879848], [-0.023540964205421903, -0.01847570665879848, 0.054261112329990105]], "chi2_level": 0.997, "chi2_df": 3, "chi2_threshold": 13.931422665512084, "N_raw": 11, "N_roi": 11, "N_inlier": 11, "refit": true}
{"timestamp": "16:17:42.457983", "frame": 132, "mu": [-2.3753580125895475, 1.8107027142048477, -0.17293223505458824], "Sigma": [[0.005112154295311154, 0.006112379755499355, -0.004218640086278732], [0.006112379755499356, 0.009608329678649172, -0.0059936045420520435], [-0.004218640086278732, -0.0059936045420520435, 0.004293989792569679]], "chi2_level": 0.997, "chi2_df": 3, "chi2_threshold": 13.931422665512084, "N_raw": 12, "N_roi": 10, "N_inlier": 10, "refit": true}
{"timestamp": "16:17:42.516400", "frame": 133, "mu": [-2.3671581413947034, 1.6120304947396287, 1.3903291116789287], "Sigma": [[0.007016788277049334, 0.0038577987785036955, -0.004239121320813517], [0.0038577987785036955, 0.0094029024372479, -0.005402477297527201], [-0.004239121320813517, -0.005402477297527201, 0.004908595312583017]], "chi2_level": 0.997, "chi2_df": 3, "chi2_threshold": 13.931422665512084, "N_raw": 40, "N_roi": 30, "N_inlier": 30, "refit": true}
{"timestamp": "16:17:42.567720", "frame": 134, "mu": [-2.182019485269124, 1.5468955915766913, 1.2351351424203254], "Sigma": [[0.3922660864779271, -0.2545016806111775, 0.08576804574614286], [-0.2545016806111775, 0.18801035913361033, -0.06788682117465684], [0.08576804574614286, -0.06788682117465686, 0.027470376144669437]], "chi2_level": 0.997, "chi2_df": 3, "chi2_threshold": 13.931422665512084, "N_raw": 12, "N_roi": 12, "N_inlier": 12, "refit": true}
{"timestamp": "16:17:42.843328", "frame": 139, "mu": [-2.4126960865952607, 1.4730726658017506, 1.2001216388247165], "Sigma": [[0.0026631328696647954, 0.002504397886843484, -0.0011992899463542095], [0.002504397886843484, 0.004858831767752039, -0.001949673191357386], [-0.0011992899463542097, -0.001949673191357386, 0.0008827984768795589]], "chi2_level": 0.997, "chi2_df": 3, "chi2_threshold": 13.931422665512084, "N_raw": 17, "N_roi": 11, "N_inlier": 11, "refit": true}
{"timestamp": "16:17:43.005519", "frame": 142, "mu": [-2.435526269646664, 1.3936407916397107, 1.1506849959343022], "Sigma": [[0.002125999167617341, 0.0018831722766689087, -0.00193139853638674], [0.0018831722766689087, 0.003625822446111637, -0.00296306167009613], [-0.0019313985363867397, -0.0029630616700961295, 0.0034424417965826914]], "chi2_level": 0.997, "chi2_df": 3, "chi2_threshold": 13.931422665512084, "N_raw": 16, "N_roi": 10, "N_inlier": 10, "refit": true}
