{"timestamp": "16:12:38.487743", "frame": 54, "mu": [1.3811876741373055, 0.5017912284757311, 1.2853115202635583], "Sigma": [[0.004062730172198311, -0.005528891533600876, 0.003940684453420695], [-0.005528891533600876, 0.016399738200870748, -0.019541457168668046], [0.003940684453420695, -0.019541457168668046, 0.03866125369161279]], "chi2_level": 0.997, "chi2_df": 3, "chi2_threshold": 13.931422665512084, "N_raw": 17, "N_roi": 17, "N_inlier": 17, "refit": true}
{"timestamp": "16:12:38.543136", "frame": 55, "mu": [1.2662871329887544, 0.6997255389559207, 0.9920242407120838], "Sigma": [[0.0038663709548342716, 0.00048776087344735823, -0.008623607447404457], [0.0004877608734473578, 0.00477718665915042, -0.019560989767980055], [-0.008623607447404457, -0.019560989767980055, 0.14777810893846088]], "chi2_level": 0.997, "chi2_df": 3, "chi2_threshold": 13.931422665512084, "N_raw": 15, "N_roi": 15, "N_inlier": 15, "refit": true}
{"timestamp": "16:12:38.597841", "frame": 56, "mu": [1.2246423241280455, 0.6336804831935485, 1.196716663371033], "Sigma": [[0.0047738033567378485, -0.002767901241605896, -0.00021248137311594226], [-0.002767901241605896, 0.00810825552809021, -0.02195340862292736], [-0.00021248137311594226, -0.021953408622927356, 0.09463661791226374]], "chi2_level": 0.997, "chi2_df": 3, "chi2_threshold": 13.931422665512084, "N_raw": 14, "N_roi": 14, "N_inlier": 14, "refit": true}
{"timestamp": "16:12:38.652902", "frame": 57, "mu": [1.1154322825977023, 0.6042190147113138, 1.3321392186961099], "Sigma": [[0.004635845616116391, -0.0027346825933222216, 0.01632288277440816], [-0.0027346825933222216, 0.0031782971816805396, -0.012837869939974942], [0.01632288277440816, -0.012837869939974942, 0.21733042780725717]], "chi2_level": 0.997, "chi2_df": 3, "chi2_threshold": 13.931422665512084, "N_raw": 17, "N_roi": 17, "N_inlier": 17, "refit": true}
{"timestamp": "16:12:38.708818", "frame": 58, "mu": [1.074893281295021, 0.5789208413016879, 1.529910000042065], "Sigma": [[0.006101530771978272, -0.003880037142036682, -0.0036234184562525416], [-0.003880037142036682, 0.0056290350569804725, 0.002253469144000252], [-0.0036234184562525416, 0.002253469144000252, 0.0026113432331014274]], "chi2_level": 0.997, "chi2_df": 3, "chi2_threshold": 13.931422665512084, "N_raw": 19, "N_roi": 19, "N_inlier": 19, "refit": true}
{"timestamp": "16:12:38.764124", "frame": 59, "mu": [1.030111434770436, 0.5844172049077606, 1.5314948589062836], "Sigma": [[0.0033757921160167048, -5.012615077431155e-05, -0.0027050518380064385], [-5.012615077431155e-05, 0.003417153426133814, -0.00024444585382815085], [-0.0027050518380064385, -0.0002444458538281509, 0.007177779769798386]], "chi2_level": 0.997, "chi2_df": 3, "chi2_threshold": 13.931422665512084, "N_raw": 29, "N_roi": 29, "N_inlier": 27, "refit": true}
{"timestamp": "16:12:38.821122", "frame": 60, "mu": [0.9723245564091985, 0.5839686241299199, 1.547228214205371], "Sigma": [[0.002992731457162637, -0.0003866616336027591, -0.0024178923152930504], [-0.0003866616336027591, 0.002509576607289044, -1.236086927332667e-05], [-0.00241789231529305, -1.2360869273326684e-05, 0.0035450689507471773]], "chi2_level": 0.997, "chi2_df": 3, "chi2_threshold": 13.931422665512084, "N_raw": 24, "N_roi": 24, "N_inlier": 23, "refit": true}
{"timestamp": "16:12:38.876063", "frame": 61, "mu": [0.9654671237833088, 0.5537198794309247, 1.539572433033145], "Sigma": [[0.0045599310407292695, -0.0011835509837880205, -0.004345221418281895], [-0.0011835509837880205, 0.0022274863846536153, 0.0013577716294168867], [-0.004345221418281895, 0.0013577716294168867, 0.0076487614605102675]], "chi2_level": 0.997, "chi2_df": 3, "chi2_threshold": 13.931422665512084, "N_raw": 24, "N_roi": 24, "N_inlier": 24, "refit": true}
{"timestamp": "16:12:38.934389", "frame": 62, "mu": [0.8902308201154356, 0.5896920731303606, 1.5435041426423666], "Sigma": [[0.0054927795445564856, -0.002015079475743757, -0.0030903759895859464], [-0.002015079475743757, 0.004002364276776433, 0.00036334137563638326], [-0.0030903759895859464, 0.0003633413756363832, 0.002570860446629947]], "chi2_level": 0.997, "chi2_df": 3, "chi2_threshold": 13.931422665512084, "N_raw": 41, "N_roi": 41, "N_inlier": 39, "refit": true}
{"timestamp": "16:12:38.987359", "frame": 63, "mu": [0.823504439810902, 0.6130591359127132, 1.56292747127001], "Sigma": [[0.0038064857994904314, -0.0019330844447132092, -0.0024188268518718116], [-0.0019330844447132088, 0.0030709896455562297, 0.00046391654454670724], [-0.0024188268518718116, 0.00046391654454670724, 0.003671112797298129]], "chi2_level": 0.997, "chi2_df": 3, "chi2_threshold": 13.931422665512084, "N_raw": 28, "N_roi": 28, "N_inlier": 25, "refit": true}
{"timestamp": "16:12:39.045639", "frame": 64, "mu": [0.7811678935475549, 0.6382144754012524, 1.540354330551214], "Sigma": [[0.004882017282993025, -0.0004450321218971136, -0.003623445621117088], [-0.00044503212189711354, 0.002023190831822268, 0.00045354431694977925], [-0.0036234456211170878, 0.00045354431694977925, 0.020732481076718438]], "chi2_level": 0.997, "chi2_df": 3, "chi2_threshold": 13.931422665512084, "N_raw": 35, "N_roi": 35, "N_inlier": 32, "refit": true}
{"timestamp": "16:12:39.099265", "frame": 65, "mu": [0.7454264682332764, 0.6218694632238463, 1.4120840927746874], "Sigma": [[0.004211790074153384, -0.002509246885017769, -0.012523099224141396], [-0.002509246885017769, 0.00430703356891597, 0.014011150129070261], [-0.012523099224141396, 0.014011150129070261, 0.16951535532027195]], "chi2_level": 0.997, "chi2_df": 3, "chi2_threshold": 13.931422665512084, "N_raw": 38, "N_roi": 38, "N_inlier": 37, "refit": true}
{"timestamp": "16:12:39.155254", "frame": 66, "mu": [0.6929871797178296, 0.6380858706092519, 1.4951467681569963], "Sigma": [[0.006073580609518418, -0.0010890320040655031, -0.004712829595121412], [-0.001089032004065503, 0.0021653146205047333, -2.354644928548636e-05], [-0.004712829595121412, -2.354644928548644e-05, 0.004434424367763976]], "chi2_level": 0.997, "chi2_df": 3, "chi2_threshold": 13.931422665512084, "N_raw": 52, "N_roi": 52, "N_inlier": 50, "refit": true}
{"timestamp": "16:12:39.210870", "frame": 67, "mu": [0.6571004120286038, 0.6283740441827518, 1.4824235667510208], "Sigma": [[0.004545889664159308, -0.0008980538125264318, -0.004031170029118361], [-0.000898053812526432, 0.002051366352743624, -0.0011845817133103785], [-0.004031170029118361, -0.0011845817133103783, 0.01213129196997737]], "chi2_level": 0.997, "chi2_df": 3, "chi2_threshold": 13.931422665512084, "N_raw": 55, "N_roi": 54, "N_inlier": 52, "refit": true}
{"timestamp": "16:12:39.264024", "frame": 68, "mu": [0.5997504803811993, 0.6387859052722218, 1.4878935420295314], "Sigma": [[0.0027974850996870327, 0.0001410450431533862, -0.003609662374151952], [0.0001410450431533862, 0.0017526330972502664, -0.0014314187724972732], [-0.0036096623741519525, -0.0014314187724972732, 0.023590733424611925]], "chi2_level": 0.997, "chi2_df": 3, "chi2_threshold": 13.931422665512084, "N_raw": 44, "N_roi": 44, "N_inlier": 41, "refit": true}
{"timestamp": "16:12:39.317943", "frame": 69, "mu": [0.5530783004320656, 0.6259803193105992, 1.4826881910367378], "Sigma": [[0.0016888139345396828, 0.0004315668831040304, -0.0021431370186143486], [0.0004315668831040304, 0.002098328476493122, -0.0010595746413786565], [-0.0021431370186143486, -0.0010595746413786565, 0.056489073562694815]], "chi2_level": 0.997, "chi2_df": 3, "chi2_threshold": 13.931422665512084, "N_raw": 36, "N_roi": 36, "N_inlier": 32, "refit": true}
{"timestamp": "16:12:39.375019", "frame": 70, "mu": [0.525348087628575, 0.6272686426258705, 1.3166022349263704], "Sigma": [[0.0024516795164380954, -0.0007191427615161287, 0.0009145850585264728], [-0.0007191427615161288, 0.0021693852676166517, -0.004839283322258902], [0.0009145850585264728, -0.0048392833222589, 0.11336068705050391]], "chi2_level": 0.997, "chi2_df": 3, "chi2_threshold": 13.931422665512084, "N_raw": 49, "N_roi": 49, "N_inlier": 49, "refit": true}
{"timestamp": "16:12:39.430437", "frame": 71, "mu": [0.4834235123364515, 0.752087089252973, -0.39295476348381], "Sigma": [[0.00402782831910513, 0.0024140339107260123, -9.877528606236351e-05], [0.0024140339107260123, 0.003045530419779993, 0.0006329506395039073], [-9.877528606236344e-05, 0.0006329506395039073, 0.006861307674519713]], "chi2_level": 0.997, "chi2_df": 3, "chi2_threshold": 13.931422665512084, "N_raw": 52, "N_roi": 52, "N_inlier": 52, "refit": true}
{"timestamp": "16:12:39.487310", "frame": 72, "mu": [0.43214844095203825, 0.6890531368618745, 1.5061788285092428], "Sigma": [[0.00319582011039997, 0.0006414372987662044, -0.002995046344424499], [0.0006414372987662044, 0.002816719442679647, -0.0018559331027508405], [-0.002995046344424499, -0.0018559331027508405, 0.0038103020962803294]], "chi2_level": 0.997, "chi2_df": 3, "chi2_threshold": 13.931422665512084, "N_raw": 64, "N_roi": 64, "N_inlier": 62, "refit": true}
{"timestamp": "16:12:39.536687", "frame": 73, "mu": [0.34952016515329476, 0.6904536410583714, 1.5435708297753097], "Sigma": [[0.002256932006322808, -0.00013366484784876046, -0.003330813204966041], [-0.00013366484784876046, 0.0011758758502742018, -0.00066195303480168], [-0.003330813204966041, -0.0006619530348016798, 0.007310241366724072]], "chi2_level": 0.997, "chi2_df": 3, "chi2_threshold": 13.931422665512084, "N_raw": 25, "N_roi": 25, "N_inlier": 25, "refit": true}
{"timestamp": "16:12:39.596837", "frame": 74, "mu": [0.3415453065078511, 0.6695783954954927, 1.4455807162920051], "Sigma": [[0.004242359427361046, -0.0022692521663298004, -0.007107098027486476], [-0.0022692521663298004, 0.0034608948039061716, 0.004659897032711521], [-0.007107098027486476, 0.004659897032711521, 0.017498627940578368]], "chi2_level": 0.997, "chi2_df": 3, "chi2_threshold": 13.931422665512084, "N_raw": 68, "N_roi": 68, "N_inlier": 68, "refit": true}
{"timestamp": "16:12:39.655173", "frame": 75, "mu": [0.32944470828261, 0.7934333343836272, -0.240207725999832], "Sigma": [[0.005303428937009839, -0.001385669046333512, 0.011059878755637607], [-0.0013856690463335123, 0.007258190970128226, -0.009883122470642882], [0.011059878755637607, -0.009883122470642882, 0.3339177123279206]], "chi2_level": 0.997, "chi2_df": 3, "chi2_threshold": 13.931422665512084, "N_raw": 77, "N_roi": 77, "N_inlier": 74, "refit": true}
{"timestamp": "16:12:39.705317", "frame": 76, "mu": [0.22358291515173642, 0.6728010112410798, 1.4664738449518013], "Sigma": [[0.0012942269642447783, -0.000740624475290834, -0.0014235120751302387], [-0.000740624475290834, 0.002102335728278621, -0.0004592494244885818], [-0.0014235120751302384, -0.0004592494244885818, 0.0028349040209099865]], "chi2_level": 0.997, "chi2_df": 3, "chi2_threshold": 13.931422665512084, "N_raw": 43, "N_roi": 43, "N_inlier": 42, "refit": true}
{"timestamp": "16:12:39.755217", "frame": 77, "mu": [0.1711214668326341, 0.6521626033118105, 1.411208475363177], "Sigma": [[0.003575328099693857, -0.0017086809051962077, -0.00655143199114076], [-0.0017086809051962077, 0.007346860588412957, 0.03090757747823545], [-0.00655143199114076, 0.03090757747823545, 0.15653533162569003]], "chi2_level": 0.997, "chi2_df": 3, "chi2_threshold": 13.931422665512084, "N_raw": 18, "N_roi": 18, "N_inlier": 17, "refit": true}
{"timestamp": "16:12:39.814439", "frame": 78, "mu": [0.12611858779378154, 0.7965894495297638, -0.2587975333987753], "Sigma": [[0.001325336643989107, 0.0002909478556375495, -0.0015273241064002075], [0.00029094785563754953, 0.002755525274116777, -0.0017660524628425427], [-0.0015273241064002075, -0.0017660524628425427, 0.004267907399887474]], "chi2_level": 0.997, "chi2_df": 3, "chi2_threshold": 13.931422665512084, "N_raw": 39, "N_roi": 39, "N_inlier": 37, "refit": true}
{"timestamp": "16:12:39.876099", "frame": 79, "mu": [0.14422029797662028, 0.6698750152322949, 1.4009379549347643], "Sigma": [[0.003772350888187859, 0.000688691303851539, -0.004738173538192522], [0.000688691303851539, 0.0011035311883027864, -0.001969233898786619], [-0.004738173538192523, -0.001969233898786619, 0.01131075298534585]], "chi2_level": 0.997, "chi2_df": 3, "chi2_threshold": 13.931422665512084, "N_raw": 86, "N_roi": 86, "N_inlier": 83, "refit": true}
{"timestamp": "16:12:39.931895", "frame": 80, "mu": [0.06047982193186061, 0.6982034217973222, 1.4461703453827037], "Sigma": [[0.002916828356577135, 9.0835017994149e-05, -0.0030366127454117707], [9.083501799414905e-05, 0.00189251548293694, -0.002725144605722601], [-0.0030366127454117707, -0.0027251446057226006, 0.007549831953543618]], "chi2_level": 0.997, "chi2_df": 3, "chi2_threshold": 13.931422665512084, "N_raw": 93, "N_roi": 93, "N_inlier": 88, "refit": true}
{"timestamp": "16:12:39.989669", "frame": 81, "mu": [0.010915908245585287, 0.6244088939248661, 1.3616070073574882], "Sigma": [[0.004592384564342429, -0.002645997254352252, -0.00698414547440314], [-0.002645997254352252, 0.005324392217357453, 0.002514748334250123], [-0.00698414547440314, 0.002514748334250123, 0.017303976417004034]], "chi2_level": 0.997, "chi2_df": 3, "chi2_threshold": 13.931422665512084, "N_raw": 103, "N_roi": 102, "N_inlier": 99, "refit": true}
{"timestamp": "16:12:40.042111", "frame": 82, "mu": [-0.030157563497761376, 0.6052302779224867, 1.3728021140270388], "Sigma": [[0.002044491905856667, -0.0013058062220258587, -0.0038798997184767616], [-0.0013058062220258587, 0.0035462549540135864, 0.0014498588102750828], [-0.0038798997184767616, 0.0014498588102750828, 0.017594969080093607]], "chi2_level": 0.997, "chi2_df": 3, "chi2_threshold": 13.931422665512084, "N_raw": 92, "N_roi": 92, "N_inlier": 88, "refit": true}
{"timestamp": "16:12:40.095489", "frame": 83, "mu": [-0.09843170404536136, 0.637699206962426, -0.5171898283865348], "Sigma": [[0.0015834229474327645, 0.0006710548653397657, -0.0002897585767962134], [0.0006710548653397658, 0.0030446556118516504, -0.0006021473543698586], [-0.0002897585767962133, -0.0006021473543698585, 0.011728227260533637]], "chi2_level": 0.997, "chi2_df": 3, "chi2_threshold": 13.931422665512084, "N_raw": 80, "N_roi": 80, "N_inlier": 76, "refit": true}
{"timestamp": "16:12:40.149630", "frame": 84, "mu": [-0.12644409777342405, 0.6279429970790956, 1.4506643330893831], "Sigma": [[0.0018629715778531641, 0.000285115540431924, -0.0031607513161431124], [0.00028511554043192394, 0.0012834167392858451, -0.0029090637475293855], [-0.0031607513161431124, -0.0029090637475293855, 0.011799532375606518]], "chi2_level": 0.997, "chi2_df": 3, "chi2_threshold": 13.931422665512084, "N_raw": 79, "N_roi": 79, "N_inlier": 76, "refit": true}
{"timestamp": "16:12:40.206993", "frame": 85, "mu": [-0.1924342945431859, 0.5882359894407324, 1.4573643802520317], "Sigma": [[0.0017016219395885308, -0.0023971568998038323, -0.0032644491049510123], [-0.0023971568998038323, 0.005969291091914548, 0.005388794035689666], [-0.0032644491049510123, 0.005388794035689665, 0.019426298052330142]], "chi2_level": 0.997, "chi2_df": 3, "chi2_threshold": 13.931422665512084, "N_raw": 82, "N_roi": 82, "N_inlier": 79, "refit": true}
{"timestamp": "16:12:40.259655", "frame": 86, "mu": [-0.2440108186103153, 0.6419046861761976, -0.4539040148266045], "Sigma": [[0.0026603298061093723, 0.0020620888044084124, -0.00039550390772674865], [0.0020620888044084124, 0.009457850721309197, -0.00252928501437376], [-0.0003955039077267487, -0.002529285014373759, 0.0018785276438875685]], "chi2_level": 0.997, "chi2_df": 3, "chi2_threshold": 13.931422665512084, "N_raw": 70, "N_roi": 70, "N_inlier": 67, "refit": true}
{"timestamp": "16:12:40.311683", "frame": 87, "mu": [-0.3171098144531769, 0.6405515167232785, 1.549595815275815], "Sigma": [[0.001661014069888578, -0.0009933087098391562, 6.558731674132916e-05], [-0.0009933087098391562, 0.00276504933133617, -0.0021171183406463695], [6.558731674132914e-05, -0.0021171183406463695, 0.002270627244197328]], "chi2_level": 0.997, "chi2_df": 3, "chi2_threshold": 13.931422665512084, "N_raw": 59, "N_roi": 59, "N_inlier": 56, "refit": true}
{"timestamp": "16:12:40.369214", "frame": 88, "mu": [-0.339835017161441, 0.6070057573469212, 1.5213874790087647], "Sigma": [[0.002956654095972981, -0.0028799142817763604, -0.002803474528830641], [-0.002879914281776361, 0.004728015922855446, 0.0027611139916899436], [-0.002803474528830641, 0.0027611139916899436, 0.010055513447100137]], "chi2_level": 0.997, "chi2_df": 3, "chi2_threshold": 13.931422665512084, "N_raw": 76, "N_roi": 74, "N_inlier": 70, "refit": true}
{"timestamp": "16:12:40.423171", "frame": 89, "mu": [-0.3934186254752314, 0.6531440401349474, -0.40433686717111084], "Sigma": [[0.0026855037768976067, 3.790470862807363e-05, 0.0010213587590739098], [3.7904708628073546e-05, 0.004135196951495416, -0.0006082394219649104], [0.0010213587590739098, -0.0006082394219649103, 0.00426324339521028]], "chi2_level": 0.997, "chi2_df": 3, "chi2_threshold": 13.931422665512084, "N_raw": 70, "N_roi": 70, "N_inlier": 68, "refit": true}
{"timestamp": "16:12:40.476932", "frame": 90, "mu": [-0.47295244224752836, 0.6075586442649751, 1.5359487168312378], "Sigma": [[0.007037683295831134, -0.0003341566695833962, -0.0084139407085214], [-0.00033415666958339617, 0.0012661083388415051, -0.000485210517542665], [-0.0084139407085214, -0.0004852105175426649, 0.01683119356972329]], "chi2_level": 0.997, "chi2_df": 3, "chi2_threshold": 13.931422665512084, "N_raw": 51, "N_roi": 51, "N_inlier": 48, "refit": true}
{"timestamp": "16:12:40.540267", "frame": 91, "mu": [-0.5184774489666188, 0.700122539423883, -0.2933815385753831], "Sigma": [[0.017092089848189652, 0.005651458320390117, -0.015304481492923003], [0.005651458320390117, 0.006596020315512088, -0.0062360575508901795], [-0.015304481492923003, -0.00623605755089018, 0.018060656140239044]], "chi2_level": 0.997, "chi2_df": 3, "chi2_threshold": 13.931422665512084, "N_raw": 115, "N_roi": 115, "N_inlier": 114, "refit": true}
{"timestamp": "16:12:40.593547", "frame": 92, "mu": [-0.5741834350364458, 0.598138047962028, 0.11511684931074041], "Sigma": [[0.035410950984998704, 0.007860501057200545, 0.0810288414012644], [0.007860501057200545, 0.009439924278962527, -0.01937920718526802], [0.0810288414012644, -0.01937920718526802, 0.5057440588585759]], "chi2_level": 0.997, "chi2_df": 3, "chi2_threshold": 13.931422665512084, "N_raw": 100, "N_roi": 100, "N_inlier": 99, "refit": true}
{"timestamp": "16:12:40.647845", "frame": 93, "mu": [-0.6480359500482896, 0.5486953738666295, 1.5299798225985088], "Sigma": [[0.02978839614591495, 0.0008603719556841923, -0.03432920920262401], [0.0008603719556841918, 0.0025440791590923277, -0.0009978494203370034], [-0.03432920920262401, -0.0009978494203370034, 0.047146041745720964]], "chi2_level": 0.997, "chi2_df": 3, "chi2_threshold": 13.931422665512084, "N_raw": 102, "N_roi": 101, "N_inlier": 99, "refit": true}
{"timestamp": "16:12:40.703459", "frame": 94, "mu": [-0.7205104759610781, 0.6620295947640337, -0.2692642253680458], "Sigma": [[0.033492887821029174, 0.014974412438035538, -0.03574222640072345], [0.014974412438035538, 0.011981849941011487, -0.01875928609084991], [-0.03574222640072345, -0.01875928609084991, 0.04279402295711682]], "chi2_level": 0.997, "chi2_df": 3, "chi2_threshold": 13.931422665512084, "N_raw": 102, "N_roi": 102, "N_inlier": 100, "refit": true}
{"timestamp": "16:12:40.756098", "frame": 95, "mu": [-0.8644850033539777, 0.5835377769533177, -0.2248729002934959], "Sigma": [[0.01573560305280285, 0.009080450616128648, 0.005443782243492602], [0.00908045061612865, 0.012569715470675867, 0.0032987632096994402], [0.005443782243492602, 0.0032987632096994402, 0.004863788672020427]], "chi2_level": 0.997, "chi2_df": 3, "chi2_threshold": 13.931422665512084, "N_raw": 80, "N_roi": 77, "N_inlier": 73, "refit": true}
{"timestamp": "16:12:40.810844", "frame": 96, "mu": [-0.8961686107562638, 0.5444582457258756, 1.6481125322330201], "Sigma": [[0.007742840613379439, 0.0023256772327234347, -0.0025449043820270634], [0.0023256772327234347, 0.00563758504151716, -0.005039087624539567], [-0.0025449043820270634, -0.005039087624539567, 0.004900388039239991]], "chi2_level": 0.997, "chi2_df": 3, "chi2_threshold": 13.931422665512084, "N_raw": 82, "N_roi": 82, "N_inlier": 79, "refit": true}
{"timestamp": "16:12:40.863291", "frame": 97, "mu": [-0.8948962214969459, 0.5862300759457219, 1.6355332949659154], "Sigma": [[0.008298317438768464, 0.0010238183696886284, -0.002802468240464151], [0.0010238183696886284, 0.004741850328769759, -0.003539471040903055], [-0.002802468240464151, -0.003539471040903055, 0.003990167537011415]], "chi2_level": 0.997, "chi2_df": 3, "chi2_threshold": 13.931422665512084, "N_raw": 72, "N_roi": 72, "N_inlier": 71, "refit": true}
{"timestamp": "16:12:40.916486", "frame": 98, "mu": [-0.926660922609916, 0.5926172312127223, 1.6343667319296742], "Sigma": [[0.0066464128712114675, 0.0006220684166169498, -0.003432072898769869], [0.0006220684166169498, 0.004127695162147771, -0.0034371608159536673], [-0.003432072898769869, -0.0034371608159536673, 0.005698755350720261]], "chi2_level": 0.997, "chi2_df": 3, "chi2_threshold": 13.931422665512084, "N_raw": 58, "N_roi": 58, "N_inlier": 56, "refit": true}
{"timestamp": "16:12:40.970270", "frame": 99, "mu": [-0.9356170191281638, 0.5474932728081361, 1.5711643191844995], "Sigma": [[0.0060022904061750254, -0.0001448680584497439, -0.0018299570729859243], [-0.00014486805844974378, 0.002527143786758695, -0.002271058904752452], [-0.001829957072985924, -0.002271058904752452, 0.003584891912475072]], "chi2_level": 0.997, "chi2_df": 3, "chi2_threshold": 13.931422665512084, "N_raw": 55, "N_roi": 55, "N_inlier": 54, "refit": true}
{"timestamp": "16:12:41.094696", "frame": 100, "mu": [-1.0270541840014364, 0.5392552134138597, 1.563897671254455], "Sigma": [[0.006432990099480936, 0.0024636022027242485, 0.002042326060868397], [0.0024636022027242485, 0.0037121053377229206, -0.0019347583049133042], [0.002042326060868397, -0.0019347583049133042, 0.004545160507052352]], "chi2_level": 0.997, "chi2_df": 3, "chi2_threshold": 13.931422665512084, "N_raw": 57, "N_roi": 57, "N_inlier": 54, "refit": true}
{"timestamp": "16:12:41.101436", "frame": 101, "mu": [-1.0337333509007647, 0.541743451167032, 1.564542622279099], "Sigma": [[0.009490455063701707, 0.0006347687163655371, -0.0023354126468459937], [0.0006347687163655372, 0.00425419174790061, -0.0034237731351927135], [-0.0023354126468459937, -0.0034237731351927135, 0.004139468957148296]], "chi2_level": 0.997, "chi2_df": 3, "chi2_threshold": 13.931422665512084, "N_raw": 70, "N_roi": 70, "N_inlier": 70, "refit": true}
{"timestamp": "16:12:41.148054", "frame": 102, "mu": [-1.0453554039109236, 0.525508944885412, 1.5366314458125057], "Sigma": [[0.008597289331814336, -0.00211898297914803, -0.004174422339897068], [-0.0021189829791480306, 0.006736889923747074, -0.0018977717426000883], [-0.004174422339897068, -0.0018977717426000885, 0.005310685701609346]], "chi2_level": 0.997, "chi2_df": 3, "chi2_threshold": 13.931422665512084, "N_raw": 70, "N_roi": 70, "N_inlier": 67, "refit": true}
{"timestamp": "16:12:41.194025", "frame": 103, "mu": [-0.8806774312512362, 0.38695678472378203, 1.3906337509928959], "Sigma": [[0.45452510415652075, -0.028697851687334523, -0.0017049049601702898], [-0.028697851687334523, 0.00986529319835294, -0.001686043144138972], [-0.001704904960170289, -0.001686043144138972, 0.004657241636810908]], "chi2_level": 0.997, "chi2_df": 3, "chi2_threshold": 13.931422665512084, "N_raw": 74, "N_roi": 74, "N_inlier": 72, "refit": true}
{"timestamp": "16:12:41.248805", "frame": 104, "mu": [-1.124361428163368, 0.51775006340091, 1.5092324824110899], "Sigma": [[0.008273178880418714, -0.001191249339446031, -0.004247750612262626], [-0.0011912493394460313, 0.010774434923980126, -0.003376312787834476], [-0.004247750612262627, -0.003376312787834476, 0.005461448425961837]], "chi2_level": 0.997, "chi2_df": 3, "chi2_threshold": 13.931422665512084, "N_raw": 72, "N_roi": 72, "N_inlier": 69, "refit": true}
{"timestamp": "16:12:41.302522", "frame": 105, "mu": [-1.1674568977401372, 0.4885621502952457, 1.4499355457057592], "Sigma": [[0.007844300840605636, -0.0006385410278243655, -0.0038720295659714662], [-0.0006385410278243657, 0.010831841530621557, -0.005070586690763249], [-0.0038720295659714662, -0.005070586690763249, 0.007353564442655833]], "chi2_level": 0.997, "chi2_df": 3, "chi2_threshold": 13.931422665512084, "N_raw": 73, "N_roi": 73, "N_inlier": 71, "refit": true}
{"timestamp": "16:12:41.355734", "frame": 106, "mu": [-1.2154547644429894, 0.4441797860941205, 1.4050425235247122], "Sigma": [[0.005473253128458291, 0.003019379071780429, -0.002431606185845368], [0.003019379071780429, 0.008479023778541555, -0.008589303371883905], [-0.002431606185845368, -0.008589303371883905, 0.014250385313096942]], "chi2_level": 0.997, "chi2_df": 3, "chi2_threshold": 13.931422665512084, "N_raw": 51, "N_roi": 51, "N_inlier": 47, "refit": true}
{"timestamp": "16:12:41.407727", "frame": 107, "mu": [-1.2211584096187098, 0.5066500541452863, 1.3156788846631156], "Sigma": [[0.006003036193923758, 0.010623392402861847, -0.01893358927853057], [0.010623392402861847, 0.027345220783927076, -0.0510781109647347], [-0.018933589278530574, -0.0510781109647347, 0.11039607627948686]], "chi2_level": 0.997, "chi2_df": 3, "chi2_threshold": 13.931422665512084, "N_raw": 30, "N_roi": 30, "N_inlier": 30, "refit": true}
{"timestamp": "16:12:41.462118", "frame": 108, "mu": [-1.246935586228018, 0.4591862571669728, 1.2823785364066977], "Sigma": [[0.005434462631802434, 0.0054590561485914025, -0.0120974478010764], [0.005459056148591402, 0.0159318992865879, -0.030242990032243445], [-0.0120974478010764, -0.030242990032243445, 0.07886427629227033]], "chi2_level": 0.997, "chi2_df": 3, "chi2_threshold": 13.931422665512084, "N_raw": 32, "N_roi": 32, "N_inlier": 32, "refit": true}
{"timestamp": "16:12:41.519041", "frame": 109, "mu": [-1.3059353441976687, 0.6399230072502565, -0.594403163425479], "Sigma": [[0.004885677080897022, 0.004362969285917459, -0.0034964357221722916], [0.004362969285917459, 0.03377147144467582, -0.018576693522279263], [-0.0034964357221722916, -0.018576693522279263, 0.03324428219882749]], "chi2_level": 0.997, "chi2_df": 3, "chi2_threshold": 13.931422665512084, "N_raw": 43, "N_roi": 43, "N_inlier": 42, "refit": true}
{"timestamp": "16:12:41.576701", "frame": 110, "mu": [-1.376183219281408, 0.5116838248655793, 1.2942677641388909], "Sigma": [[0.004989890345227874, 0.003766108968911453, -0.0008575754761554679], [0.003766108968911453, 0.011582385461524918, -0.012897231304138102], [-0.0008575754761554681, -0.012897231304138104, 0.05131267632096334]], "chi2_level": 0.997, "chi2_df": 3, "chi2_threshold": 13.931422665512084, "N_raw": 58, "N_roi": 58, "N_inlier": 57, "refit": true}
{"timestamp": "16:12:41.628211", "frame": 111, "mu": [-1.4515888010884408, 0.5382616849718601, 1.2020548312403232], "Sigma": [[0.003840618959443181, 0.004976713260802442, 0.002090589379468313], [0.004976713260802442, 0.00948981490244034, 0.005921470547494574], [0.0020905893794683134, 0.005921470547494573, 0.01641924473210654]], "chi2_level": 0.997, "chi2_df": 3, "chi2_threshold": 13.931422665512084, "N_raw": 37, "N_roi": 37, "N_inlier": 35, "refit": true}
{"timestamp": "16:12:41.683793", "frame": 112, "mu": [-1.066659640271753, 0.5792469612622311, -0.5327615973112045], "Sigma": [[0.7881364905162971, -0.03725143190714017, 0.01799793498930472], [-0.03725143190714017, 0.008481692253299034, -0.0030011441937184027], [0.01799793498930472, -0.0030011441937184023, 0.002088464610834768]], "chi2_level": 0.997, "chi2_df": 3, "chi2_threshold": 13.931422665512084, "N_raw": 39, "N_roi": 39, "N_inlier": 39, "refit": true}
{"timestamp": "16:12:41.738438", "frame": 113, "mu": [-0.6646602985987031, 0.4135873388139054, 1.2740174909722684], "Sigma": [[1.6519190013726404, -0.05860538527128854, 0.028455132380073567], [-0.05860538527128856, 0.008699287283024146, -0.0007273547316156022], [0.028455132380073564, -0.0007273547316156022, 0.012116165276532217]], "chi2_level": 0.997, "chi2_df": 3, "chi2_threshold": 13.931422665512084, "N_raw": 41, "N_roi": 41, "N_inlier": 40, "refit": true}
{"timestamp": "16:12:41.792606", "frame": 114, "mu": [-1.5090718041198716, 0.6611666540310851, -0.5081363474205094], "Sigma": [[0.004532398476505159, 0.002970545147638005, -0.0018633927056608606], [0.0029705451476380053, 0.012054802730497659, -0.00284714318798726], [-0.0018633927056608606, -0.00284714318798726, 0.001458487586309994]], "chi2_level": 0.997, "chi2_df": 3, "chi2_threshold": 13.931422665512084, "N_raw": 33, "N_roi": 33, "N_inlier": 32, "refit": true}
{"timestamp": "16:12:41.846023", "frame": 115, "mu": [-0.9594109659313418, 0.4065369759924688, 1.1520298187677167], "Sigma": [[1.370071757449259, -0.047150968093526535, -0.020277923057977782], [-0.04715096809352652, 0.012677724822972402, 0.00729206491350215], [-0.020277923057977786, 0.0072920649135021515, 0.030577614337059245]], "chi2_level": 0.997, "chi2_df": 3, "chi2_threshold": 13.931422665512084, "N_raw": 25, "N_roi": 25, "N_inlier": 25, "refit": true}
{"timestamp": "16:12:41.898999", "frame": 116, "mu": [-1.6231233327772445, 0.7563272275913884, -0.7409184955498125], "Sigma": [[0.002098023386570434, 0.0034375838255549314, 0.0013681225829690904], [0.0034375838255549314, 0.005987442281776526, 0.003149984881610764], [0.0013681225829690904, 0.003149984881610764, 0.005826015544123487]], "chi2_level": 0.997, "chi2_df": 3, "chi2_threshold": 13.931422665512084, "N_raw": 10, "N_roi": 10, "N_inlier": 10, "refit": true}
{"timestamp": "16:12:41.957671", "frame": 117, "mu": [-0.7179684371124486, 0.45369304874663197, 1.1393317814182828], "Sigma": [[2.269467814811627, -0.06080885154322149, 0.016686689345878178], [-0.06080885154322149, 0.009829737429272786, 0.0006893784791222371], [0.016686689345878185, 0.0006893784791222371, 0.019022376525921307]], "chi2_level": 0.997, "chi2_df": 3, "chi2_threshold": 13.931422665512084, "N_raw": 37, "N_roi": 37, "N_inlier": 37, "refit": true}
{"timestamp": "16:12:42.065534", "frame": 119, "mu": [-0.47609101757302663, 0.4611987444420716, 0.9574709413700142], "Sigma": [[2.9021892734602344, 0.03586520769475836, 0.03773535685308267], [0.03586520769475835, 0.011938448929850597, -0.0037372303468746386], [0.03773535685308267, -0.003737230346874638, 0.006277464033679133]], "chi2_level": 0.997, "chi2_df": 3, "chi2_threshold": 13.931422665512084, "N_raw": 26, "N_roi": 26, "N_inlier": 25, "refit": true}
{"timestamp": "16:12:42.175609", "frame": 121, "mu": [0.4955546114120064, 0.34368548906956475, 0.5014766900053308], "Sigma": [[3.21585636078991, 0.11642047988360353, -0.02019413588335309], [0.11642047988360353, 0.013098371625645004, 0.000114215468971684], [-0.02019413588335309, 0.00011421546897168405, 0.00527315249012458]], "chi2_level": 0.997, "chi2_df": 3, "chi2_threshold": 13.931422665512084, "N_raw": 23, "N_roi": 23, "N_inlier": 23, "refit": true}
{"timestamp": "16:12:42.230000", "frame": 122, "mu": [1.0408489763949642, 0.7413660654929883, -1.3232975581778526], "Sigma": [[2.592025774251006, 0.1126219064004376, -0.009895484295157894], [0.1126219064004376, 0.011921657563815103, -0.0013080679286849395], [-0.009895484295157894, -0.0013080679286849397, 0.005667019321761574]], "chi2_level": 0.997, "chi2_df": 3, "chi2_threshold": 13.931422665512084, "N_raw": 14, "N_roi": 14, "N_inlier": 14, "refit": true}
{"timestamp": "16:12:42.665955", "frame": 130, "mu": [0.38221334188706846, 0.40096252311295516, 0.3931505771312904], "Sigma": [[4.2960548422378855, 0.19779147741181402, -0.052653596606617], [0.19779147741181405, 0.017835622088191356, -0.004834535362787927], [-0.05265359660661699, -0.004834535362787927, 0.0016202672858568288]], "chi2_level": 0.997, "chi2_df": 3, "chi2_threshold": 13.931422665512084, "N_raw": 10, "N_roi": 10, "N_inlier": 10, "refit": true}
{"timestamp": "16:12:42.724348", "frame": 131, "mu": [0.36974688414975954, 0.4787720204536432, 0.5342565245743696], "Sigma": [[4.832635472705544, 0.13715597200504068, 0.02407811785492909], [0.13715597200504068, 0.019654367610305472, -0.0007729184874979853], [0.024078117854929082, -0.0007729184874979853, 0.006947215318011725]], "chi2_level": 0.997, "chi2_df": 3, "chi2_threshold": 13.931422665512084, "N_raw": 24, "N_roi": 24, "N_inlier": 24, "refit": true}
{"timestamp": "16:12:42.779728", "frame": 132, "mu": [1.0363705590886851, 0.43363441067918196, 0.414299796209202], "Sigma": [[3.810732595527611, 0.16021760422546197, -0.015628124376778053], [0.160217604225462, 0.01603392623263359, -0.0008907092444317849], [-0.015628124376778046, -0.0008907092444317848, 0.0036950271858858]], "chi2_level": 0.997, "chi2_df": 3, "chi2_threshold": 13.931422665512084, "N_raw": 24, "N_roi": 24, "N_inlier": 23, "refit": true}
