{"timestamp": "16:27:08.943047", "frame": 1, "mu": [-0.5336197011261546, 2.624227764616656, 1.375401466729221], "Sigma": [[0.013374218688786276, 0.011039630926970218, 0.008992614490087576], [0.011039630926970218, 0.016739760858050297, 0.014606534785772037], [0.008992614490087574, 0.014606534785772039, 0.014792562886431554]], "chi2_level": 0.997, "chi2_df": 3, "chi2_threshold": 13.931422665512084, "N_raw": 41, "N_roi": 41, "N_inlier": 39, "refit": true}
{"timestamp": "16:27:08.999856", "frame": 2, "mu": [-0.545252574706723, 2.621548083257037, 1.3369091807659386], "Sigma": [[0.01492334748839064, 0.010430118697905503, 0.010021301584210414], [0.010430118697905503, 0.021648745693759932, 0.006457776588528359], [0.010021301584210416, 0.006457776588528359, 0.02091725153600108]], "chi2_level": 0.997, "chi2_df": 3, "chi2_threshold": 13.931422665512084, "N_raw": 57, "N_roi": 57, "N_inlier": 55, "refit": true}
{"timestamp": "16:27:09.054772", "frame": 3, "mu": [-0.5540616375279995, 2.597309119885416, 1.3291335728615523], "Sigma": [[0.012488886411132834, 0.006217573417827002, 0.003961979462767548], [0.006217573417827002, 0.01137675872289212, 0.0084123564157198], [0.003961979462767547, 0.0084123564157198, 0.007756679350068653]], "chi2_level": 0.997, "chi2_df": 3, "chi2_threshold": 13.931422665512084, "N_raw": 55, "N_roi": 55, "N_inlier": 55, "refit": true}
{"timestamp": "16:27:09.110532", "frame": 4, "mu": [-0.6323981711537054, 2.5430379846443616, 1.2051635221763055], "Sigma": [[0.012874494975905327, 0.0037881898733773517, 0.002182064864549053], [0.0037881898733773517, 0.0066929701976521224, 0.0006842381736559379], [0.002182064864549053, 0.0006842381736559379, 0.001072703070470125]], "chi2_level": 0.997, "chi2_df": 3, "chi2_threshold": 13.931422665512084, "N_raw": 59, "N_roi": 59, "N_inlier": 59, "refit": true}
{"timestamp": "16:27:09.160537", "frame": 5, "mu": [-0.6069719444885169, 2.562440256832576, 1.1863249816319552], "Sigma": [[0.008891037462343019, 0.003574423057973506, 0.007892552693859503], [0.003574423057973506, 0.004045197206813944, 0.0034988484247176948], [0.007892552693859503, 0.0034988484247176948, 0.007843597433996184]], "chi2_level": 0.997, "chi2_df": 3, "chi2_threshold": 13.931422665512084, "N_raw": 31, "N_roi": 31, "N_inlier": 31, "refit": true}
{"timestamp": "16:27:09.218279", "frame": 6, "mu": [-0.47692306690815583, 2.68320108854291, 1.4917407160106486], "Sigma": [[0.006743109470818805, 0.0005290544776549868, -0.0007469961369291685], [0.0005290544776549868, 0.002718507104737097, 0.00019936803992124844], [-0.0007469961369291685, 0.00019936803992124844, 0.0005856689202093928]], "chi2_level": 0.997, "chi2_df": 3, "chi2_threshold": 13.931422665512084, "N_raw": 28, "N_roi": 28, "N_inlier": 27, "refit": true}
{"timestamp": "16:27:09.273510", "frame": 7, "mu": [-0.513176942388198, 2.6805676982777507, 1.4127663520407925], "Sigma": [[0.008130764281010778, 0.00032493980177080643, 0.0011378532539757847], [0.00032493980177080627, 0.001583077964055013, -0.002661490234341975], [0.0011378532539757847, -0.002661490234341975, 0.009520094878812564]], "chi2_level": 0.997, "chi2_df": 3, "chi2_threshold": 13.931422665512084, "N_raw": 34, "N_roi": 34, "N_inlier": 33, "refit": true}
{"timestamp": "16:27:09.493688", "frame": 11, "mu": [-0.5531261662413733, 2.602914316999943, -0.4868652324437105], "Sigma": [[0.008016971181557806, 0.00405498599797503, 0.019909669215715388], [0.00405498599797503, 0.007160531772109207, 0.019074271571476915], [0.019909669215715384, 0.019074271571476918, 0.0900220435139538]], "chi2_level": 0.997, "chi2_df": 3, "chi2_threshold": 13.931422665512084, "N_raw": 36, "N_roi": 36, "N_inlier": 36, "refit": true}
{"timestamp": "16:27:09.551892", "frame": 12, "mu": [-0.5348897684962419, 2.601214919661681, 1.3103475122889126], "Sigma": [[0.011074728663893424, 0.0009671550258379781, -0.0034087404108402324], [0.0009671550258379782, 0.006138662897112754, 0.0006864765753737961], [-0.003408740410840232, 0.0006864765753737962, 0.0016837533862830117]], "chi2_level": 0.997, "chi2_df": 3, "chi2_threshold": 13.931422665512084, "N_raw": 54, "N_roi": 54, "N_inlier": 52, "refit": true}
{"timestamp": "16:27:09.603207", "frame": 13, "mu": [-0.48627489962026904, 2.756534503736015, 0.8599581686453479], "Sigma": [[0.015200868167985706, 0.01999371684103058, -0.02810368266052696], [0.01999371684103058, 0.04012334529761959, -0.05581599499840296], [-0.028103682660526957, -0.055815994998402965, 0.07873348581921585]], "chi2_level": 0.997, "chi2_df": 3, "chi2_threshold": 13.931422665512084, "N_raw": 29, "N_roi": 29, "N_inlier": 29, "refit": true}
{"timestamp": "16:27:09.662347", "frame": 14, "mu": [-0.5024470428457792, 2.633775032065364, 1.2187863716790814], "Sigma": [[0.008463560236779891, 0.0009760563689674962, -0.007043258108361983], [0.0009760563689674962, 0.009530043759094753, -0.010673616748484376], [-0.0070432581083619845, -0.010673616748484376, 0.0830342968931628]], "chi2_level": 0.997, "chi2_df": 3, "chi2_threshold": 13.931422665512084, "N_raw": 57, "N_roi": 57, "N_inlier": 56, "refit": true}
{"timestamp": "16:27:09.713418", "frame": 15, "mu": [-0.4856435083127959, 2.6836946632552867, 0.024539802460123585], "Sigma": [[0.003968146655120297, 0.002081428008819997, -0.00037147149878416047], [0.002081428008819997, 0.009519175915992448, -0.004392910662000817], [-0.0003714714987841607, -0.004392910662000818, 0.009676819616532245]], "chi2_level": 0.997, "chi2_df": 3, "chi2_threshold": 13.931422665512084, "N_raw": 27, "N_roi": 27, "N_inlier": 25, "refit": true}
{"timestamp": "16:27:09.823175", "frame": 17, "mu": [-0.49367647555303273, 2.5978980662362834, 1.3826809070831014], "Sigma": [[0.008974893262422125, 0.004397996526381483, 0.0024184440061659467], [0.004397996526381483, 0.007114805353544238, 0.005638852075069963], [0.0024184440061659467, 0.005638852075069964, 0.004936459695052312]], "chi2_level": 0.997, "chi2_df": 3, "chi2_threshold": 13.931422665512084, "N_raw": 34, "N_roi": 34, "N_inlier": 34, "refit": true}
{"timestamp": "16:27:09.880301", "frame": 18, "mu": [-0.4840477376053122, 2.554221734012882, 1.3218777089922804], "Sigma": [[0.010706705842196778, 0.0015918139612528138, -0.001970370048892566], [0.0015918139612528138, 0.0056684518971340135, 0.0012971431084075782], [-0.001970370048892566, 0.0012971431084075787, 0.0011517653881935764]], "chi2_level": 0.997, "chi2_df": 3, "chi2_threshold": 13.931422665512084, "N_raw": 47, "N_roi": 47, "N_inlier": 47, "refit": true}
{"timestamp": "16:27:09.935924", "frame": 19, "mu": [-0.45461133275311755, 2.5550665769686574, 1.3150923566617034], "Sigma": [[0.010737537676393667, 0.000679853140329339, -0.0020700533005975027], [0.000679853140329339, 0.005470465162562791, 0.0011403155659418446], [-0.0020700533005975027, 0.0011403155659418449, 0.001089982763699163]], "chi2_level": 0.997, "chi2_df": 3, "chi2_threshold": 13.931422665512084, "N_raw": 48, "N_roi": 48, "N_inlier": 47, "refit": true}
{"timestamp": "16:27:10.045669", "frame": 21, "mu": [-0.4740361557595778, 2.6263406961665394, -0.02255879080630381], "Sigma": [[0.011354560001615872, 0.002276814906063703, -0.0031033389923918893], [0.002276814906063703, 0.004951327648533171, -0.002784607928007006], [-0.0031033389923918893, -0.002784607928007006, 0.0035190034440116947]], "chi2_level": 0.997, "chi2_df": 3, "chi2_threshold": 13.931422665512084, "N_raw": 50, "N_roi": 50, "N_inlier": 49, "refit": true}
{"timestamp": "16:27:10.102280", "frame": 22, "mu": [-0.44194042253869287, 2.529638463477037, 1.3294994101432231], "Sigma": [[0.0132492613444327, 0.0015965266754616615, -0.0050618623172853225], [0.0015965266754616615, 0.0038323926624974666, -8.530844994865829e-05], [-0.0050618623172853225, -8.530844994865839e-05, 0.00261945072094343]], "chi2_level": 0.997, "chi2_df": 3, "chi2_threshold": 13.931422665512084, "N_raw": 47, "N_roi": 47, "N_inlier": 44, "refit": true}
{"timestamp": "16:27:10.152334", "frame": 23, "mu": [-0.4142212566841079, 2.523602750697145, 1.3371833673681055], "Sigma": [[0.007653287267426379, 0.0027690323923735905, -0.0013434650984264981], [0.0027690323923735905, 0.00391494874125158, 0.0015249623716873406], [-0.0013434650984264981, 0.0015249623716873401, 0.0025016505131519925]], "chi2_level": 0.997, "chi2_df": 3, "chi2_threshold": 13.931422665512084, "N_raw": 19, "N_roi": 19, "N_inlier": 19, "refit": true}
{"timestamp": "16:27:10.430719", "frame": 28, "mu": [-0.29749831359578993, 2.578145362600998, 1.343442374092131], "Sigma": [[0.01199483172130716, 0.002763986312914953, -0.006605686175034712], [0.0027639863129149526, 0.005155175755969062, -0.010498951811757756], [-0.006605686175034712, -0.010498951811757756, 0.09806638863156172]], "chi2_level": 0.997, "chi2_df": 3, "chi2_threshold": 13.931422665512084, "N_raw": 46, "N_roi": 46, "N_inlier": 44, "refit": true}
{"timestamp": "16:27:10.487407", "frame": 29, "mu": [-0.32378910105256725, 2.586009615084566, 1.1841679313002635], "Sigma": [[0.010382450093066814, 0.001150084344220512, 0.014223958128009384], [0.001150084344220512, 0.004285732979300767, 0.0092297765986713], [0.014223958128009384, 0.0092297765986713, 0.3221851310116515]], "chi2_level": 0.997, "chi2_df": 3, "chi2_threshold": 13.931422665512084, "N_raw": 56, "N_roi": 56, "N_inlier": 53, "refit": true}
{"timestamp": "16:27:10.539117", "frame": 30, "mu": [-0.3426353236227474, 2.600870568075737, 0.7708328358907762], "Sigma": [[0.006583830963589387, 0.003619204299832113, 0.016388337931962347], [0.0036192042998321136, 0.008804697521241642, -0.02136999230625145], [0.016388337931962347, -0.021369992306251452, 0.46356259244009806]], "chi2_level": 0.997, "chi2_df": 3, "chi2_threshold": 13.931422665512084, "N_raw": 33, "N_roi": 33, "N_inlier": 33, "refit": true}
{"timestamp": "16:27:10.645525", "frame": 32, "mu": [-0.2380661328660329, 2.7172594830172425, 0.07515763798887792], "Sigma": [[0.002897441732581226, 0.0023799320683567694, -0.00016948879014177016], [0.0023799320683567694, 0.005270166787368928, -0.0010813155459273068], [-0.00016948879014177018, -0.0010813155459273068, 0.0008644602579808384]], "chi2_level": 0.997, "chi2_df": 3, "chi2_threshold": 13.931422665512084, "N_raw": 13, "N_roi": 13, "N_inlier": 12, "refit": true}
{"timestamp": "16:27:10.811109", "frame": 35, "mu": [-0.08983763545727098, 2.6670523715392895, 1.4606836004883799], "Sigma": [[0.002824745405796635, 0.0005037379797792024, 1.7464001466949792e-05], [0.0005037379797792025, 0.002077487351219445, -0.001608732801962839], [1.7464001466949792e-05, -0.0016087328019628393, 0.0020673245356426714]], "chi2_level": 0.997, "chi2_df": 3, "chi2_threshold": 13.931422665512084, "N_raw": 12, "N_roi": 12, "N_inlier": 12, "refit": true}
{"timestamp": "16:27:10.926707", "frame": 37, "mu": [-0.018297606357918245, 2.644279760595286, 1.4723998106864082], "Sigma": [[0.01080780709080883, -0.001316694204084967, 0.0033790408885051326], [-0.001316694204084967, 0.004874481038664948, 0.004698029573727136], [0.0033790408885051334, 0.004698029573727136, 0.09556774544206223]], "chi2_level": 0.997, "chi2_df": 3, "chi2_threshold": 13.931422665512084, "N_raw": 57, "N_roi": 57, "N_inlier": 55, "refit": true}
{"timestamp": "16:27:10.981438", "frame": 38, "mu": [0.00985545110954644, 2.663809941073708, 1.3469371623166473], "Sigma": [[0.008822277685755216, -0.0008805541216180715, 0.005952337913493157], [-0.0008805541216180713, 0.0017393033969575966, -0.005275428182283607], [0.005952337913493156, -0.005275428182283605, 0.021754690790303205]], "chi2_level": 0.997, "chi2_df": 3, "chi2_threshold": 13.931422665512084, "N_raw": 50, "N_roi": 50, "N_inlier": 46, "refit": true}
{"timestamp": "16:27:11.032532", "frame": 39, "mu": [-0.056179186143448946, 2.6423791791925577, 0.2100128505497652], "Sigma": [[0.007290339030949283, -0.0020868291879298398, 0.004928110358566282], [-0.0020868291879298398, 0.0020125823442240193, -0.009394209501109436], [0.004928110358566279, -0.009394209501109436, 0.44337642033180524]], "chi2_level": 0.997, "chi2_df": 3, "chi2_threshold": 13.931422665512084, "N_raw": 19, "N_roi": 19, "N_inlier": 19, "refit": true}
{"timestamp": "16:27:11.086451", "frame": 40, "mu": [0.00345942521877678, 2.6515592166863193, 0.7364923058750996], "Sigma": [[0.00876565061470195, -0.0021585315867847657, 0.023775890673657464], [-0.0021585315867847657, 0.004378285828378069, -0.025668130872825472], [0.023775890673657464, -0.025668130872825472, 0.43160126603287174]], "chi2_level": 0.997, "chi2_df": 3, "chi2_threshold": 13.931422665512084, "N_raw": 11, "N_roi": 11, "N_inlier": 11, "refit": true}
{"timestamp": "16:27:11.140608", "frame": 41, "mu": [0.03491705172866339, 2.6324678568330815, 0.8599241618057782], "Sigma": [[0.0041065613466117305, 0.001403855277842759, -0.023380702890754883], [0.001403855277842759, 0.00409347754886099, -0.03245695817749723], [-0.023380702890754883, -0.03245695817749723, 0.5077375636687677]], "chi2_level": 0.997, "chi2_df": 3, "chi2_threshold": 13.931422665512084, "N_raw": 12, "N_roi": 12, "N_inlier": 12, "refit": true}
{"timestamp": "16:27:11.198392", "frame": 42, "mu": [0.010473457419971004, 2.6035817276354827, 1.0980991310015453], "Sigma": [[0.0047466040875606295, -0.000199372140379172, -0.008180672438336322], [-0.000199372140379172, 0.002722462613511966, -0.013886653671244363], [-0.008180672438336324, -0.013886653671244364, 0.3390209380230676]], "chi2_level": 0.997, "chi2_df": 3, "chi2_threshold": 13.931422665512084, "N_raw": 27, "N_roi": 25, "N_inlier": 24, "refit": true}
{"timestamp": "16:27:11.255728", "frame": 43, "mu": [0.07662638707738995, 2.5761426983750244, 1.087378201048931], "Sigma": [[0.007639399367652487, -0.0004917809874452598, 0.003799493361538857], [-0.0004917809874452599, 0.0022346177751389534, -0.011053753383651933], [0.003799493361538857, -0.011053753383651934, 0.15762916058198148]], "chi2_level": 0.997, "chi2_df": 3, "chi2_threshold": 13.931422665512084, "N_raw": 47, "N_roi": 47, "N_inlier": 46, "refit": true}
{"timestamp": "16:27:11.314191", "frame": 44, "mu": [0.0899105172052706, 2.5080415300630268, 0.7346002806445819], "Sigma": [[0.0076465649276055295, -0.0013415923799713926, 0.042350808864035], [-0.0013415923799713926, 0.0018305508028986495, -0.009046160434251852], [0.042350808864035, -0.009046160434251852, 0.7233169433519951]], "chi2_level": 0.997, "chi2_df": 3, "chi2_threshold": 13.931422665512084, "N_raw": 38, "N_roi": 38, "N_inlier": 38, "refit": true}
{"timestamp": "16:27:11.364783", "frame": 45, "mu": [0.12404658244001425, 2.546244991978013, 1.1910369479794864], "Sigma": [[0.009635921512493383, 3.0820412529605073e-05, -0.01523425170674008], [3.082041252960502e-05, 0.0053276160175512064, -0.023869974409270932], [-0.01523425170674008, -0.023869974409270932, 0.2148378245708389]], "chi2_level": 0.997, "chi2_df": 3, "chi2_threshold": 13.931422665512084, "N_raw": 40, "N_roi": 40, "N_inlier": 40, "refit": true}
{"timestamp": "16:27:11.416942", "frame": 46, "mu": [0.12213948063352077, 2.491865380689233, 0.915863752070327], "Sigma": [[0.001372160230845384, -9.91766284079616e-05, 0.0009045787021908729], [-9.917662840796157e-05, 0.0024090318725381917, 0.00467342727776241], [0.0009045787021908732, 0.004673427277762411, 0.41488104538996656]], "chi2_level": 0.997, "chi2_df": 3, "chi2_threshold": 13.931422665512084, "N_raw": 16, "N_roi": 16, "N_inlier": 16, "refit": true}
{"timestamp": "16:27:11.476135", "frame": 47, "mu": [0.1498471226118925, 2.458229399716458, 1.291591399903711], "Sigma": [[0.006886905593752158, -0.00047814544436592873, -0.0013017006293531684], [-0.00047814544436592884, 0.0043614481343315125, -0.0033720131195320883], [-0.0013017006293531684, -0.003372013119532089, 0.08152770661829759]], "chi2_level": 0.997, "chi2_df": 3, "chi2_threshold": 13.931422665512084, "N_raw": 53, "N_roi": 53, "N_inlier": 50, "refit": true}
{"timestamp": "16:27:11.534067", "frame": 48, "mu": [0.24422413589559233, 2.481168102192608, 0.8363848695217032], "Sigma": [[0.024882656257098016, 0.000146382613092638, -0.0068354761252653025], [0.00014638261309263804, 0.0014193821279363, -0.007043960455863918], [-0.006835476125265305, -0.007043960455863918, 0.1667891867379241]], "chi2_level": 0.997, "chi2_df": 3, "chi2_threshold": 13.931422665512084, "N_raw": 61, "N_roi": 61, "N_inlier": 59, "refit": true}
{"timestamp": "16:27:11.592192", "frame": 49, "mu": [0.2901349715646268, 2.443790775407921, 1.0706736998004258], "Sigma": [[0.03763326401534886, 0.005340442535147986, -0.03506713211630794], [0.005340442535147986, 0.0032067055340997998, -0.009209019659674751], [-0.03506713211630794, -0.009209019659674751, 0.049233755363314397]], "chi2_level": 0.997, "chi2_df": 3, "chi2_threshold": 13.931422665512084, "N_raw": 87, "N_roi": 87, "N_inlier": 82, "refit": true}
{"timestamp": "16:27:11.648467", "frame": 50, "mu": [0.26215497661110165, 2.426217373289655, 1.0605747643610781], "Sigma": [[0.022186886668863627, -0.0005990012476326781, -0.029029883307097305], [-0.0005990012476326778, 0.002700615411563772, 0.0007849703671326345], [-0.029029883307097305, 0.0007849703671326346, 0.09540143272897003]], "chi2_level": 0.997, "chi2_df": 3, "chi2_threshold": 13.931422665512084, "N_raw": 96, "N_roi": 96, "N_inlier": 93, "refit": true}
{"timestamp": "16:27:11.702897", "frame": 51, "mu": [0.2959681590046996, 2.4762090156972154, -0.7542511691088707], "Sigma": [[0.029728419696339665, 0.011814413071688621, 0.010835957620558896], [0.011814413071688621, 0.012039520826290293, 0.007774147077758592], [0.010835957620558896, 0.007774147077758592, 0.025832343066450214]], "chi2_level": 0.997, "chi2_df": 3, "chi2_threshold": 13.931422665512084, "N_raw": 91, "N_roi": 91, "N_inlier": 87, "refit": true}
{"timestamp": "16:27:11.764718", "frame": 52, "mu": [0.2096388358389903, 2.3776957004711745, 1.1461215496001047], "Sigma": [[0.03063779259669317, -0.0028627472084494505, -0.0011844645141634242], [-0.0028627472084494505, 0.003611238045598075, -0.0056323431938833796], [-0.0011844645141634242, -0.0056323431938833796, 0.014157209132923105]], "chi2_level": 0.997, "chi2_df": 3, "chi2_threshold": 13.931422665512084, "N_raw": 126, "N_roi": 126, "N_inlier": 121, "refit": true}
{"timestamp": "16:27:11.819270", "frame": 53, "mu": [0.23999309314141534, 2.5081437070932378, -0.2494830106092917], "Sigma": [[0.03848043695624248, -0.007885596603788979, 0.0072403518942664655], [-0.007885596603788979, 0.007823900356261562, -0.00861213264827537], [0.007240351894266464, -0.00861213264827537, 0.014405816621853213]], "chi2_level": 0.997, "chi2_df": 3, "chi2_threshold": 13.931422665512084, "N_raw": 131, "N_roi": 131, "N_inlier": 128, "refit": true}
{"timestamp": "16:27:11.868162", "frame": 54, "mu": [0.24455872858337488, 2.3296746957542274, 1.192639432333508], "Sigma": [[0.023132751755238205, -0.004332045736764089, -0.006353058325462564], [-0.004332045736764089, 0.004404799695303761, -0.0070569488926806], [-0.006353058325462564, -0.0070569488926806, 0.04242639765029271]], "chi2_level": 0.997, "chi2_df": 3, "chi2_threshold": 13.931422665512084, "N_raw": 86, "N_roi": 86, "N_inlier": 84, "refit": true}
{"timestamp": "16:27:11.932994", "frame": 55, "mu": [0.3025379702382069, 2.2696636167929984, 1.0627850336933684], "Sigma": [[0.01774655488221835, -0.0003828777686822446, -0.014658181245902692], [-0.0003828777686822446, 0.0077038514940316, -0.01385166545307972], [-0.014658181245902693, -0.01385166545307972, 0.32570072133731764]], "chi2_level": 0.997, "chi2_df": 3, "chi2_threshold": 13.931422665512084, "N_raw": 149, "N_roi": 149, "N_inlier": 149, "refit": true}
{"timestamp": "16:27:11.988440", "frame": 56, "mu": [0.35745003017000565, 2.265501340306678, 0.7771945504601979], "Sigma": [[0.019970651798552206, -0.006278482465707735, -0.0060165478353826135], [-0.006278482465707735, 0.007389912309331299, -0.026787506446893903], [-0.006016547835382613, -0.026787506446893903, 0.31845709827941154]], "chi2_level": 0.997, "chi2_df": 3, "chi2_threshold": 13.931422665512084, "N_raw": 150, "N_roi": 150, "N_inlier": 150, "refit": true}
{"timestamp": "16:27:12.038173", "frame": 57, "mu": [0.42984459548091314, 2.258141484139159, 0.2633560520037477], "Sigma": [[0.016357449022861875, -0.007873254279781307, 0.055258879108229984], [-0.007873254279781307, 0.016148779734250142, -0.0705937988467701], [0.055258879108229984, -0.07059379884677011, 0.42787157298355893]], "chi2_level": 0.997, "chi2_df": 3, "chi2_threshold": 13.931422665512084, "N_raw": 121, "N_roi": 121, "N_inlier": 119, "refit": true}
{"timestamp": "16:27:12.096496", "frame": 58, "mu": [0.2997388557091525, 2.176222330941042, 1.2231600210404112], "Sigma": [[0.029838765564551728, -0.0037291831881188352, -0.01028356378474379], [-0.0037291831881188357, 0.004652526125934012, -0.0048647097657165015], [-0.01028356378474379, -0.0048647097657165015, 0.033086475757941616]], "chi2_level": 0.997, "chi2_df": 3, "chi2_threshold": 13.931422665512084, "N_raw": 142, "N_roi": 142, "N_inlier": 136, "refit": true}
{"timestamp": "16:27:12.148996", "frame": 59, "mu": [0.36235313194466096, 2.2804624130029425, -0.26972205167858687], "Sigma": [[0.02753513123945073, -0.0006954037884784321, -0.020614427317298532], [-0.0006954037884784323, 0.007065204097471945, -0.005715195180935818], [-0.020614427317298532, -0.005715195180935818, 0.029694381715652193]], "chi2_level": 0.997, "chi2_df": 3, "chi2_threshold": 13.931422665512084, "N_raw": 125, "N_roi": 125, "N_inlier": 120, "refit": true}
{"timestamp": "16:27:12.200410", "frame": 60, "mu": [0.4648398653200797, 2.0998951212707073, 1.118698409951187], "Sigma": [[0.023798947691344555, -0.006117658697285711, -0.02417550540918533], [-0.00611765869728571, 0.005862669616754812, 0.004958299165432011], [-0.02417550540918533, 0.004958299165432011, 0.036702050556582475]], "chi2_level": 0.997, "chi2_df": 3, "chi2_threshold": 13.931422665512084, "N_raw": 105, "N_roi": 105, "N_inlier": 101, "refit": true}
{"timestamp": "16:27:12.258515", "frame": 61, "mu": [0.4076411868244085, 2.0445165146324373, 1.2336358710951558], "Sigma": [[0.01845459245103087, -0.0016133305362456315, -0.022134164505449416], [-0.0016133305362456313, 0.004808399105966455, -0.004755802901688724], [-0.022134164505449416, -0.004755802901688724, 0.04310809273840157]], "chi2_level": 0.997, "chi2_df": 3, "chi2_threshold": 13.931422665512084, "N_raw": 119, "N_roi": 119, "N_inlier": 114, "refit": true}
{"timestamp": "16:27:12.313106", "frame": 62, "mu": [0.3936653453891004, 2.0394343732654896, 1.3223413781207098], "Sigma": [[0.018531695395219955, -0.0023717091284872057, -0.015553550743795783], [-0.0023717091284872057, 0.006217043995872287, -0.0027069499911158475], [-0.015553550743795783, -0.0027069499911158475, 0.024084815341495265]], "chi2_level": 0.997, "chi2_df": 3, "chi2_threshold": 13.931422665512084, "N_raw": 120, "N_roi": 120, "N_inlier": 116, "refit": true}
{"timestamp": "16:27:12.363981", "frame": 63, "mu": [0.4372860380187752, 2.0004535009931974, 1.2776788759970712], "Sigma": [[0.013939394917962514, 5.3045396069111174e-05, -0.008440994735952688], [5.3045396069111323e-05, 0.003797390846263612, -0.005002359717665214], [-0.008440994735952688, -0.005002359717665214, 0.016433054873561233]], "chi2_level": 0.997, "chi2_df": 3, "chi2_threshold": 13.931422665512084, "N_raw": 94, "N_roi": 94, "N_inlier": 88, "refit": true}
{"timestamp": "16:27:12.417418", "frame": 64, "mu": [0.38214433949419013, 1.9775595276928266, -0.6031250124733905], "Sigma": [[0.007600603869700071, -0.001724035228838746, 0.037292394672747295], [-0.001724035228838746, 0.002339686655508006, -0.012295906274468015], [0.037292394672747295, -0.012295906274468017, 0.6167737250296575]], "chi2_level": 0.997, "chi2_df": 3, "chi2_threshold": 13.931422665512084, "N_raw": 82, "N_roi": 82, "N_inlier": 80, "refit": true}
{"timestamp": "16:27:12.472462", "frame": 65, "mu": [0.43546009080072323, 1.933768334036198, 1.1835157442994249], "Sigma": [[0.01510720610087385, -0.0012557778659215198, -0.005771894559642256], [-0.0012557778659215198, 0.0031875996851468097, -0.0069945806792496455], [-0.005771894559642256, -0.006994580679249646, 0.05227717229639865]], "chi2_level": 0.997, "chi2_df": 3, "chi2_threshold": 13.931422665512084, "N_raw": 89, "N_roi": 89, "N_inlier": 84, "refit": true}
{"timestamp": "16:27:12.532689", "frame": 66, "mu": [0.29949167402060933, 1.9309342010294095, 1.1420264086651462], "Sigma": [[0.011302304799360225, -0.003192746677312579, 0.011535674151551649], [-0.003192746677312579, 0.004727910059644828, -0.013858023250772705], [0.011535674151551647, -0.013858023250772705, 0.13392837218659545]], "chi2_level": 0.997, "chi2_df": 3, "chi2_threshold": 13.931422665512084, "N_raw": 122, "N_roi": 122, "N_inlier": 119, "refit": true}
{"timestamp": "16:27:12.583132", "frame": 67, "mu": [0.38694251121909184, 2.006242630432134, -0.16897127881042645], "Sigma": [[0.010402853017017688, 0.004310998391261995, -0.008319956988072799], [0.004310998391261994, 0.009633762975714449, -0.014127318144630287], [-0.008319956988072799, -0.014127318144630287, 0.03859600493969305]], "chi2_level": 0.997, "chi2_df": 3, "chi2_threshold": 13.931422665512084, "N_raw": 89, "N_roi": 89, "N_inlier": 84, "refit": true}
{"timestamp": "16:27:12.640273", "frame": 68, "mu": [0.33766227173537255, 1.881469720348198, 1.151871800617063], "Sigma": [[0.01784773163258263, -0.0006704304468290214, -0.009142157618907548], [-0.0006704304468290214, 0.0041820210174733806, -0.008234712516230943], [-0.009142157618907548, -0.008234712516230943, 0.25346874281373516]], "chi2_level": 0.997, "chi2_df": 3, "chi2_threshold": 13.931422665512084, "N_raw": 99, "N_roi": 99, "N_inlier": 97, "refit": true}
{"timestamp": "16:27:12.686965", "frame": 69, "mu": [0.32285037995092936, 1.9244628768790775, -0.07616619264964755], "Sigma": [[0.008198192629654107, 0.003955421317313756, -0.009273510582465467], [0.003955421317313756, 0.0050778666008875544, -0.005360546629112371], [-0.009273510582465467, -0.005360546629112371, 0.011800967873460041]], "chi2_level": 0.997, "chi2_df": 3, "chi2_threshold": 13.931422665512084, "N_raw": 50, "N_roi": 50, "N_inlier": 49, "refit": true}
{"timestamp": "16:27:12.745135", "frame": 70, "mu": [0.3415322900144418, 1.8167438719306102, 1.3718414776292152], "Sigma": [[0.016849699040611087, 0.0013417348128333196, -0.020511301854563433], [0.0013417348128333198, 0.0023430933110918928, 0.0005537191473860511], [-0.020511301854563433, 0.0005537191473860511, 0.0877943179314203]], "chi2_level": 0.997, "chi2_df": 3, "chi2_threshold": 13.931422665512084, "N_raw": 66, "N_roi": 66, "N_inlier": 64, "refit": true}
{"timestamp": "16:27:12.803993", "frame": 71, "mu": [0.32700536513229694, 1.8181557232668553, 0.9707447998478049], "Sigma": [[0.01270643690874963, -0.00017940996926673816, -0.04511649764782229], [-0.00017940996926673833, 0.0030483834741828852, -0.00971705474100383], [-0.04511649764782229, -0.009717054741003827, 0.4084186318096916]], "chi2_level": 0.997, "chi2_df": 3, "chi2_threshold": 13.931422665512084, "N_raw": 103, "N_roi": 103, "N_inlier": 102, "refit": true}
{"timestamp": "16:27:12.854167", "frame": 72, "mu": [0.23352060555534834, 1.7759834436396271, 1.2860544329589478], "Sigma": [[0.008998337934995255, 0.0006884548555405766, -0.031138135249123344], [0.0006884548555405767, 0.0042305003510923166, -0.012342990285564626], [-0.031138135249123344, -0.012342990285564626, 0.19734150383378452]], "chi2_level": 0.997, "chi2_df": 3, "chi2_threshold": 13.931422665512084, "N_raw": 60, "N_roi": 60, "N_inlier": 58, "refit": true}
{"timestamp": "16:27:12.909940", "frame": 73, "mu": [0.2192358553517627, 1.7721950075242934, 1.2271407475825096], "Sigma": [[0.014459020398126502, -0.00048177824266249804, -0.053940072133701264], [-0.000481778242662498, 0.0041404595646227765, 0.0010814221495916011], [-0.05394007213370127, 0.001081422149591601, 0.37116107344475063]], "chi2_level": 0.997, "chi2_df": 3, "chi2_threshold": 13.931422665512084, "N_raw": 72, "N_roi": 72, "N_inlier": 71, "refit": true}
{"timestamp": "16:27:12.967400", "frame": 74, "mu": [0.1975533602357638, 1.7687715009639844, 1.1379646397381178], "Sigma": [[0.01159467131064069, -0.0007838381321023464, -0.041924764982449375], [-0.0007838381321023466, 0.003407077156817419, 0.011733015653564605], [-0.04192476498244938, 0.011733015653564605, 0.42879544831500327]], "chi2_level": 0.997, "chi2_df": 3, "chi2_threshold": 13.931422665512084, "N_raw": 83, "N_roi": 83, "N_inlier": 82, "refit": true}
{"timestamp": "16:27:13.024665", "frame": 75, "mu": [0.20409172903451117, 1.7526260581293749, 1.3346708517494796], "Sigma": [[0.013755857587679663, -0.0019178289279621471, -0.028896094608521085], [-0.0019178289279621467, 0.004918398374292803, 0.006129098589191711], [-0.028896094608521085, 0.006129098589191711, 0.12150600487034709]], "chi2_level": 0.997, "chi2_df": 3, "chi2_threshold": 13.931422665512084, "N_raw": 102, "N_roi": 102, "N_inlier": 98, "refit": true}
{"timestamp": "16:27:13.078526", "frame": 76, "mu": [0.16850488668593286, 1.7334389048866334, 1.3865206279668232], "Sigma": [[0.013244061458533003, -0.0015786798823217473, -0.022762886456610926], [-0.0015786798823217473, 0.004949073146793592, 0.002666401236735304], [-0.022762886456610926, 0.0026664012367353046, 0.04758562780707611]], "chi2_level": 0.997, "chi2_df": 3, "chi2_threshold": 13.931422665512084, "N_raw": 89, "N_roi": 89, "N_inlier": 85, "refit": true}
{"timestamp": "16:27:13.133108", "frame": 77, "mu": [0.22707495951209244, 1.608049646443636, 0.8786323381524583], "Sigma": [[0.023441000306177608, -0.016615656206030706, -0.09741877409206157], [-0.016615656206030706, 0.017323076753944656, 0.0886540088579243], [-0.09741877409206157, 0.0886540088579243, 0.5439388254635192]], "chi2_level": 0.997, "chi2_df": 3, "chi2_threshold": 13.931422665512084, "N_raw": 98, "N_roi": 98, "N_inlier": 97, "refit": true}
{"timestamp": "16:27:13.188877", "frame": 78, "mu": [0.14697066241763143, 1.6103476230871787, 0.8790384844984008], "Sigma": [[0.027328045915430563, -0.024269087327817653, -0.10778530495151775], [-0.024269087327817657, 0.027221570528796233, 0.11056443715268328], [-0.10778530495151775, 0.11056443715268328, 0.6101732893885233]], "chi2_level": 0.997, "chi2_df": 3, "chi2_threshold": 13.931422665512084, "N_raw": 94, "N_roi": 94, "N_inlier": 93, "refit": true}
{"timestamp": "16:27:13.251736", "frame": 79, "mu": [0.1407001897946476, 1.6157984786902249, 0.9293837124337069], "Sigma": [[0.017368404854927227, -0.011305404056232312, -0.060916762640519644], [-0.011305404056232312, 0.024368326099829186, 0.10146673261865846], [-0.060916762640519644, 0.10146673261865846, 0.521336922656103]], "chi2_level": 0.997, "chi2_df": 3, "chi2_threshold": 13.931422665512084, "N_raw": 145, "N_roi": 145, "N_inlier": 144, "refit": true}
{"timestamp": "16:27:13.301242", "frame": 80, "mu": [0.046521040739516614, 1.6329272671981205, 1.2136942109640052], "Sigma": [[0.010315508285628714, -0.004978836426452679, -0.026372037387057082], [-0.004978836426452679, 0.01766717462024795, 0.06752270827727304], [-0.02637203738705708, 0.06752270827727302, 0.3623629186313992]], "chi2_level": 0.997, "chi2_df": 3, "chi2_threshold": 13.931422665512084, "N_raw": 111, "N_roi": 111, "N_inlier": 110, "refit": true}
{"timestamp": "16:27:13.348718", "frame": 81, "mu": [0.07310119326670105, 1.5218601033834307, 0.6357652687398718], "Sigma": [[0.012219076200833361, 0.0005632153421425371, 0.041769744142316316], [0.0005632153421425371, 0.012549004381276804, 0.04955133078860728], [0.041769744142316316, 0.04955133078860728, 0.3759964632650702]], "chi2_level": 0.997, "chi2_df": 3, "chi2_threshold": 13.931422665512084, "N_raw": 59, "N_roi": 59, "N_inlier": 58, "refit": true}
{"timestamp": "16:27:13.398411", "frame": 82, "mu": [0.03479807811488836, 1.5862833232237064, 0.8914352213117526], "Sigma": [[0.005681379038860935, -0.003092257061334716, -0.011630834381993407], [-0.003092257061334716, 0.008351235540545576, 0.011980923333479157], [-0.011630834381993407, 0.011980923333479157, 0.35141891843496015]], "chi2_level": 0.997, "chi2_df": 3, "chi2_threshold": 13.931422665512084, "N_raw": 25, "N_roi": 25, "N_inlier": 24, "refit": true}
{"timestamp": "16:27:13.458433", "frame": 83, "mu": [-0.04680295548409309, 1.6481781182653352, 1.4069911195002862], "Sigma": [[0.005834846681221996, -0.0013744048846001259, -0.010084252683426378], [-0.0013744048846001259, 0.005196532358983693, 0.008897318010329659], [-0.010084252683426378, 0.008897318010329659, 0.1671908158258165]], "chi2_level": 0.997, "chi2_df": 3, "chi2_threshold": 13.931422665512084, "N_raw": 63, "N_roi": 63, "N_inlier": 60, "refit": true}
{"timestamp": "16:27:13.514178", "frame": 84, "mu": [-0.003381435679279503, 1.6435019691721613, 1.0665983680227635], "Sigma": [[0.010178362808988727, 0.0007142633617007182, -0.055010391733587766], [0.0007142633617007183, 0.0031466506034189736, -0.00351142800134705], [-0.055010391733587766, -0.00351142800134705, 0.5035664272677571]], "chi2_level": 0.997, "chi2_df": 3, "chi2_threshold": 13.931422665512084, "N_raw": 65, "N_roi": 65, "N_inlier": 63, "refit": true}
{"timestamp": "16:27:13.568968", "frame": 85, "mu": [-0.017506898608920053, 1.689921654066134, -0.31085814468752265], "Sigma": [[0.004677342009158242, 0.002222672071439163, 0.007922001925061345], [0.002222672071439163, 0.007344311163613598, 0.008967753169307502], [0.007922001925061345, 0.008967753169307502, 0.029185484013443938]], "chi2_level": 0.997, "chi2_df": 3, "chi2_threshold": 13.931422665512084, "N_raw": 59, "N_roi": 59, "N_inlier": 55, "refit": true}
{"timestamp": "16:27:13.623213", "frame": 86, "mu": [0.011842702204266337, 1.5430717471651303, 1.3328384696763065], "Sigma": [[0.005169965721077947, -0.002001609010587979, -0.005879386403484386], [-0.002001609010587979, 0.005914431414104073, 0.0021307253868957784], [-0.005879386403484386, 0.0021307253868957784, 0.0072291751874540905]], "chi2_level": 0.997, "chi2_df": 3, "chi2_threshold": 13.931422665512084, "N_raw": 59, "N_roi": 59, "N_inlier": 55, "refit": true}
{"timestamp": "16:27:13.676039", "frame": 87, "mu": [-0.12871522003686203, 1.5776825429288737, 1.4053127589601635], "Sigma": [[0.012315515408293608, 0.0016375831113830605, -0.019798780014111908], [0.0016375831113830605, 0.003490986683833333, -0.006007218526509826], [-0.019798780014111908, -0.006007218526509825, 0.03913936303218942]], "chi2_level": 0.997, "chi2_df": 3, "chi2_threshold": 13.931422665512084, "N_raw": 42, "N_roi": 42, "N_inlier": 41, "refit": true}
{"timestamp": "16:27:13.731679", "frame": 88, "mu": [-0.16634669365903523, 1.6253582504766437, 1.4586498337821292], "Sigma": [[0.005776630124023235, -0.00016149927772428013, -0.00676512210377554], [-0.00016149927772428024, 0.0029778643500888236, -0.0024345015492621127], [-0.006765122103775541, -0.0024345015492621127, 0.010724880543320638]], "chi2_level": 0.997, "chi2_df": 3, "chi2_threshold": 13.931422665512084, "N_raw": 58, "N_roi": 58, "N_inlier": 55, "refit": true}
{"timestamp": "16:27:13.790692", "frame": 89, "mu": [-0.1597342434616319, 1.6779604416826277, -0.16039754336468787], "Sigma": [[0.00675764052689364, -0.0005221230072221313, -0.0023291973342399936], [-0.0005221230072221313, 0.007799285690661729, -0.003311757522624586], [-0.002329197334239994, -0.003311757522624586, 0.003357302568068973]], "chi2_level": 0.997, "chi2_df": 3, "chi2_threshold": 13.931422665512084, "N_raw": 75, "N_roi": 75, "N_inlier": 73, "refit": true}
{"timestamp": "16:27:13.837488", "frame": 90, "mu": [-0.26621014572134827, 1.5348884563344276, 1.4340288953921831], "Sigma": [[0.002717982697908115, 0.0003993583989969046, -0.002716129249852458], [0.0003993583989969046, 0.002520432182867447, -0.0018859712258847215], [-0.002716129249852458, -0.001885971225884721, 0.006205561121976297]], "chi2_level": 0.997, "chi2_df": 3, "chi2_threshold": 13.931422665512084, "N_raw": 16, "N_roi": 16, "N_inlier": 16, "refit": true}
{"timestamp": "16:27:13.898641", "frame": 91, "mu": [-0.30109538351484505, 1.524968869806944, 1.4756591640123835], "Sigma": [[0.0041943965417363645, -0.00196329219830799, -0.0033917655385650378], [-0.00196329219830799, 0.010911988610924813, 0.004146168100860578], [-0.0033917655385650378, 0.004146168100860578, 0.006405837936392496]], "chi2_level": 0.997, "chi2_df": 3, "chi2_threshold": 13.931422665512084, "N_raw": 64, "N_roi": 63, "N_inlier": 63, "refit": true}
{"timestamp": "16:27:13.960147", "frame": 92, "mu": [-0.3334982175682646, 1.5040029950997802, 1.3869267084511565], "Sigma": [[0.004068700906917147, -0.0021154162107391338, -0.005626783487121566], [-0.002115416210739134, 0.014090965987781224, 0.012888998266912378], [-0.005626783487121566, 0.01288899826691238, 0.03156861840275896]], "chi2_level": 0.997, "chi2_df": 3, "chi2_threshold": 13.931422665512084, "N_raw": 77, "N_roi": 77, "N_inlier": 73, "refit": true}
{"timestamp": "16:27:14.008946", "frame": 93, "mu": [-0.3649355072143233, 1.578189174312602, 1.493741783073999], "Sigma": [[0.00350813443703318, -7.061096996748074e-05, -0.004313732238248963], [-7.06109699674806e-05, 0.011753317817306068, 0.006797653577653868], [-0.004313732238248963, 0.006797653577653868, 0.018002842444615814]], "chi2_level": 0.997, "chi2_df": 3, "chi2_threshold": 13.931422665512084, "N_raw": 61, "N_roi": 61, "N_inlier": 59, "refit": true}
{"timestamp": "16:27:14.062051", "frame": 94, "mu": [-0.3685956470334542, 1.6641549819406507, -0.3038990476855194], "Sigma": [[0.002928778992223464, 0.0017475854295329833, 0.007153195812073096], [0.0017475854295329833, 0.02253936349285226, 0.020386719102377274], [0.007153195812073096, 0.020386719102377274, 0.10652166272713408]], "chi2_level": 0.997, "chi2_df": 3, "chi2_threshold": 13.931422665512084, "N_raw": 46, "N_roi": 46, "N_inlier": 44, "refit": true}
{"timestamp": "16:27:14.124407", "frame": 95, "mu": [-0.421272271481208, 1.5061202885831062, -0.061554233550537144], "Sigma": [[0.005633839436886299, -0.0008372685089457041, 0.04313064549109007], [-0.0008372685089457041, 0.018859381545398242, 0.03806516715797502], [0.04313064549109007, 0.03806516715797502, 0.7674653021540757]], "chi2_level": 0.997, "chi2_df": 3, "chi2_threshold": 13.931422665512084, "N_raw": 103, "N_roi": 103, "N_inlier": 103, "refit": true}
{"timestamp": "16:27:14.174494", "frame": 96, "mu": [-0.43717958205825813, 1.5979028171684277, -0.20540651406491045], "Sigma": [[0.004710007558407481, 0.00034824795301336943, -0.0025321843844035596], [0.0003482479530133695, 0.007937512711551223, 0.008379590124408904], [-0.0025321843844035596, 0.008379590124408904, 0.011850158972014097]], "chi2_level": 0.997, "chi2_df": 3, "chi2_threshold": 13.931422665512084, "N_raw": 63, "N_roi": 63, "N_inlier": 59, "refit": true}
{"timestamp": "16:27:14.232147", "frame": 97, "mu": [-0.49667222493808505, 1.5544812370459646, 1.4062844836082804], "Sigma": [[0.004413763305928649, -0.0021036333679825855, -0.0016923449356523578], [-0.002103633367982585, 0.025987756014644044, 0.016942262689519934], [-0.0016923449356523582, 0.016942262689519934, 0.023669495278174274]], "chi2_level": 0.997, "chi2_df": 3, "chi2_threshold": 13.931422665512084, "N_raw": 79, "N_roi": 79, "N_inlier": 75, "refit": true}
{"timestamp": "16:27:14.289855", "frame": 98, "mu": [-0.5073954763705127, 1.5667810883613253, 1.388196525376266], "Sigma": [[0.0074001525536049355, -0.001460718260478939, -0.003918337919106257], [-0.0014607182604789394, 0.01778375351916681, 0.006725923684657346], [-0.003918337919106258, 0.006725923684657346, 0.027996395607606424]], "chi2_level": 0.997, "chi2_df": 3, "chi2_threshold": 13.931422665512084, "N_raw": 104, "N_roi": 104, "N_inlier": 98, "refit": true}
{"timestamp": "16:27:14.341769", "frame": 99, "mu": [-0.5162763712216033, 1.5733130024507715, 1.400757898448892], "Sigma": [[0.005621244683914737, 0.0019472106362371316, -0.002072836628772076], [0.001947210636237132, 0.01769364891751242, 0.009249336261876621], [-0.002072836628772076, 0.009249336261876621, 0.009319184518755706]], "chi2_level": 0.997, "chi2_df": 3, "chi2_threshold": 13.931422665512084, "N_raw": 78, "N_roi": 78, "N_inlier": 74, "refit": true}
