{"timestamp": "15:23:54.448216", "frame": 21, "mu": [2.32896113288859, 4.924456155598229, 1.1313904854992702], "Sigma": [[0.012057297066818231, -0.004670227579676457, -0.005960368305906097], [-0.004670227579676457, 0.003005552346731222, 0.001316701178120985], [-0.005960368305906097, 0.001316701178120985, 0.005977042565154891]], "chi2_level": 0.997, "chi2_df": 3, "chi2_threshold": 13.931422665512084, "N_raw": 22, "N_roi": 11, "N_inlier": 11, "refit": true}
{"timestamp": "15:23:54.558298", "frame": 23, "mu": [2.2897449142372883, 4.934296558120591, 1.082264119814264], "Sigma": [[0.012625953617013026, -0.003606145311696717, -0.002967015502402389], [-0.003606145311696717, 0.001986306617990417, -2.8837832535910066e-05], [-0.002967015502402389, -2.883783253591004e-05, 0.0027850658033842473]], "chi2_level": 0.997, "chi2_df": 3, "chi2_threshold": 13.931422665512084, "N_raw": 22, "N_roi": 11, "N_inlier": 11, "refit": true}
{"timestamp": "15:23:54.890631", "frame": 29, "mu": [2.1797776032549705, 4.810693749724809, 0.7781399748217889], "Sigma": [[0.030022744142905317, -0.016826489054476722, -0.027489347755953724], [-0.016826489054476722, 0.011244507298936824, 0.013092882678852547], [-0.027489347755953724, 0.013092882678852547, 0.033647976395485335]], "chi2_level": 0.997, "chi2_df": 3, "chi2_threshold": 13.931422665512084, "N_raw": 39, "N_roi": 32, "N_inlier": 32, "refit": true}
{"timestamp": "15:23:55.000105", "frame": 31, "mu": [2.2652684195682995, 4.75644546479728, 0.48321753728923056], "Sigma": [[0.010145001274458776, -0.007761569522481462, -0.006940582898052855], [-0.007761569522481462, 0.015685588791363354, 0.015405166460766341], [-0.006940582898052855, 0.015405166460766343, 0.016619349555708478]], "chi2_level": 0.997, "chi2_df": 3, "chi2_threshold": 13.931422665512084, "N_raw": 26, "N_roi": 18, "N_inlier": 17, "refit": true}
{"timestamp": "15:23:55.058421", "frame": 32, "mu": [2.2092940463482327, 4.722898828542176, 0.5281305128887105], "Sigma": [[0.020389066697931217, -0.012399517929246429, -0.005734475947312384], [-0.012399517929246429, 0.016341638491654823, 0.008667989095412028], [-0.005734475947312385, 0.008667989095412026, 0.009182601660669691]], "chi2_level": 0.997, "chi2_df": 3, "chi2_threshold": 13.931422665512084, "N_raw": 41, "N_roi": 36, "N_inlier": 35, "refit": true}
{"timestamp": "15:23:55.112331", "frame": 33, "mu": [2.119073833719803, 4.737975404830014, 0.6124086982857736], "Sigma": [[0.021702300545008872, -0.01373706968534541, -0.011110590521028463], [-0.01373706968534541, 0.01286887942152485, 0.0072903007510170675], [-0.011110590521028463, 0.007290300751017069, 0.008323715084550912]], "chi2_level": 0.997, "chi2_df": 3, "chi2_threshold": 13.931422665512084, "N_raw": 35, "N_roi": 33, "N_inlier": 32, "refit": true}
{"timestamp": "15:23:55.164976", "frame": 34, "mu": [2.147937806192127, 4.794216206026091, -0.4591977579933106], "Sigma": [[0.013280335634813213, 0.00033260053147104985, 0.034379409830090225], [0.0003326005314710499, 0.00707195770831772, 0.019864585841144897], [0.03437940983009023, 0.019864585841144897, 0.2588498195519556]], "chi2_level": 0.997, "chi2_df": 3, "chi2_threshold": 13.931422665512084, "N_raw": 25, "N_roi": 23, "N_inlier": 22, "refit": true}
{"timestamp": "15:23:55.277161", "frame": 36, "mu": [2.0524687524304994, 4.627539325682479, 0.7542583720127428], "Sigma": [[0.016575471506432217, -0.009931578815431356, -0.003028377524328083], [-0.009931578815431356, 0.009390036771035996, -0.004222468233837249], [-0.003028377524328083, -0.004222468233837248, 0.021980644517847432]], "chi2_level": 0.997, "chi2_df": 3, "chi2_threshold": 13.931422665512084, "N_raw": 37, "N_roi": 35, "N_inlier": 35, "refit": true}
{"timestamp": "15:23:55.331469", "frame": 37, "mu": [1.9619849324275647, 4.686692817695466, 0.7001164604691181], "Sigma": [[0.020197643380364207, -0.011074873190710415, -0.0030153582202153565], [-0.011074873190710415, 0.010128968629955956, -0.0021469932694867513], [-0.0030153582202153565, -0.0021469932694867504, 0.008701674611016902]], "chi2_level": 0.997, "chi2_df": 3, "chi2_threshold": 13.931422665512084, "N_raw": 31, "N_roi": 29, "N_inlier": 29, "refit": true}
{"timestamp": "15:23:55.386403", "frame": 38, "mu": [2.04188064150813, 4.480579247596339, 0.6432687473145186], "Sigma": [[0.015489774443265525, -0.008238592525496725, -0.0035458453625675456], [-0.008238592525496725, 0.005456701478380273, -0.0006214813835283258], [-0.0035458453625675456, -0.0006214813835283258, 0.025768123552909035]], "chi2_level": 0.997, "chi2_df": 3, "chi2_threshold": 13.931422665512084, "N_raw": 27, "N_roi": 27, "N_inlier": 26, "refit": true}
{"timestamp": "15:23:55.442380", "frame": 39, "mu": [1.9635222213295138, 4.636880087952706, -0.6518524710218538], "Sigma": [[0.017430209457512773, 0.0006250823693887729, 0.05936296835675068], [0.000625082369388773, 0.005369389336445399, 0.016313604042696005], [0.05936296835675069, 0.01631360404269601, 0.32491027856924987]], "chi2_level": 0.997, "chi2_df": 3, "chi2_threshold": 13.931422665512084, "N_raw": 29, "N_roi": 29, "N_inlier": 29, "refit": true}
{"timestamp": "15:23:55.498224", "frame": 40, "mu": [1.9022206712204208, 4.659271399165771, -0.2581932197901913], "Sigma": [[0.025386644086055524, -0.013281116090451576, -0.007348528949838773], [-0.013281116090451576, 0.012049541070319787, -0.002647349877677509], [-0.007348528949838772, -0.002647349877677509, 0.033953877434102685]], "chi2_level": 0.997, "chi2_df": 3, "chi2_threshold": 13.931422665512084, "N_raw": 41, "N_roi": 41, "N_inlier": 41, "refit": true}
{"timestamp": "15:23:55.610227", "frame": 42, "mu": [1.8020792693345766, 4.46465776726924, 0.6435643860130519], "Sigma": [[0.02783625730421276, -0.013513951711560734, -0.006293020996736301], [-0.013513951711560737, 0.017201529334381165, 0.0072910392531040456], [-0.006293020996736299, 0.0072910392531040456, 0.007098395354303588]], "chi2_level": 0.997, "chi2_df": 3, "chi2_threshold": 13.931422665512084, "N_raw": 57, "N_roi": 55, "N_inlier": 55, "refit": true}
{"timestamp": "15:23:55.666392", "frame": 43, "mu": [1.8312331433445754, 4.501135376805917, -0.3052545833497643], "Sigma": [[0.02444191269879983, -0.004608088495049284, 0.008488864798156404], [-0.004608088495049283, 0.008539932246202477, -0.00854942195101237], [0.008488864798156404, -0.008549421951012371, 0.1591324936715143]], "chi2_level": 0.997, "chi2_df": 3, "chi2_threshold": 13.931422665512084, "N_raw": 56, "N_roi": 54, "N_inlier": 53, "refit": true}
{"timestamp": "15:23:55.718461", "frame": 44, "mu": [1.801069470923989, 4.211844921394104, 0.4399025076053049], "Sigma": [[0.018890139203358775, -0.008026812752056944, -0.013373120814000033], [-0.008026812752056944, 0.005200738112543056, 0.01404739551116963], [-0.01337312081400003, 0.01404739551116963, 0.1359548423621035]], "chi2_level": 0.997, "chi2_df": 3, "chi2_threshold": 13.931422665512084, "N_raw": 35, "N_roi": 31, "N_inlier": 31, "refit": true}
{"timestamp": "15:23:55.773986", "frame": 45, "mu": [1.8139245945780018, 4.162815034283154, 0.6046410024087077], "Sigma": [[0.014952481943467008, -0.006623148822386732, -0.0027388393407966755], [-0.006623148822386732, 0.003125377467675047, 0.003629821698340192], [-0.0027388393407966755, 0.003629821698340192, 0.0740758108489871]], "chi2_level": 0.997, "chi2_df": 3, "chi2_threshold": 13.931422665512084, "N_raw": 42, "N_roi": 37, "N_inlier": 36, "refit": true}
{"timestamp": "15:23:55.825834", "frame": 46, "mu": [1.7467511008828764, 4.178940733360697, 0.7956946057855394], "Sigma": [[0.007043561976643705, -0.003834163077295222, -0.007521056495015981], [-0.003834163077295222, 0.002613065460521383, 0.002095389139501082], [-0.00752105649501598, 0.002095389139501082, 0.03317445406939187]], "chi2_level": 0.997, "chi2_df": 3, "chi2_threshold": 13.931422665512084, "N_raw": 21, "N_roi": 15, "N_inlier": 15, "refit": true}
{"timestamp": "15:23:55.936875", "frame": 48, "mu": [1.5863256671592711, 4.116852782654074, 0.5303662819750752], "Sigma": [[0.01628726261528935, -0.008436211199850416, -0.006664284821178344], [-0.008436211199850416, 0.00596356186789814, 0.0018042826004025833], [-0.006664284821178344, 0.0018042826004025835, 0.021488579907614214]], "chi2_level": 0.997, "chi2_df": 3, "chi2_threshold": 13.931422665512084, "N_raw": 30, "N_roi": 27, "N_inlier": 26, "refit": true}
{"timestamp": "15:23:55.993839", "frame": 49, "mu": [1.6690780880496445, 4.02960099251575, 0.6263931000613693], "Sigma": [[0.022088965770026045, -0.011135553734648675, -0.010460964490237267], [-0.011135553734648675, 0.008252200415331137, 0.0019249620355488175], [-0.010460964490237267, 0.0019249620355488175, 0.018197884957172186]], "chi2_level": 0.997, "chi2_df": 3, "chi2_threshold": 13.931422665512084, "N_raw": 46, "N_roi": 46, "N_inlier": 45, "refit": true}
{"timestamp": "15:23:56.047393", "frame": 50, "mu": [1.5910244668651727, 3.9643116639329143, 0.6214893408046653], "Sigma": [[0.025932022434289534, -0.015869721817125787, -0.03178584281606043], [-0.015869721817125787, 0.010952654374225297, 0.01889921144964128], [-0.031785842816060436, 0.018899211449641285, 0.05899531697672568]], "chi2_level": 0.997, "chi2_df": 3, "chi2_threshold": 13.931422665512084, "N_raw": 33, "N_roi": 33, "N_inlier": 32, "refit": true}
{"timestamp": "15:23:56.098989", "frame": 51, "mu": [1.5340223747686141, 3.977279469668435, 0.7712452636456494], "Sigma": [[0.014394869073758221, -0.00742877721236941, -0.03034142023649805], [-0.00742877721236941, 0.007791978228949868, 0.007795821831850559], [-0.03034142023649805, 0.007795821831850557, 0.09207133930857]], "chi2_level": 0.997, "chi2_df": 3, "chi2_threshold": 13.931422665512084, "N_raw": 10, "N_roi": 10, "N_inlier": 10, "refit": true}
{"timestamp": "15:23:56.157221", "frame": 52, "mu": [1.4613521003412298, 4.185423853884307, -0.33490011383652973], "Sigma": [[0.015278491780628295, -0.009496382435280795, -0.006501128778158729], [-0.009496382435280795, 0.011400286857056376, 0.005699320710861806], [-0.00650112877815873, 0.005699320710861805, 0.004671607760964071]], "chi2_level": 0.997, "chi2_df": 3, "chi2_threshold": 13.931422665512084, "N_raw": 36, "N_roi": 36, "N_inlier": 34, "refit": true}
{"timestamp": "15:23:56.211415", "frame": 53, "mu": [1.3674325463115542, 4.07131187269594, 0.7475252260303621], "Sigma": [[0.01646797245796791, -0.010303950875100519, -0.005266794328209356], [-0.010303950875100519, 0.01389624201564378, -0.0038548579065326785], [-0.005266794328209356, -0.0038548579065326794, 0.02084586448127591]], "chi2_level": 0.997, "chi2_df": 3, "chi2_threshold": 13.931422665512084, "N_raw": 26, "N_roi": 26, "N_inlier": 26, "refit": true}
{"timestamp": "15:23:56.269338", "frame": 54, "mu": [1.4749778893744712, 3.814790348170133, 0.5854464502971881], "Sigma": [[0.025047948000195212, -0.008836422090491059, -0.006339468356467211], [-0.008836422090491059, 0.006179858175067895, 0.0002440188841258894], [-0.006339468356467211, 0.00024401888412588896, 0.008036448072079141]], "chi2_level": 0.997, "chi2_df": 3, "chi2_threshold": 13.931422665512084, "N_raw": 51, "N_roi": 51, "N_inlier": 47, "refit": true}
{"timestamp": "15:23:56.322623", "frame": 55, "mu": [1.2454066558743107, 3.8681083809184127, 0.8084266768405723], "Sigma": [[0.015074338049970356, -0.0074160045312740685, 0.009743363683830693], [-0.0074160045312740685, 0.011128669794403044, -0.004808144554428145], [0.009743363683830693, -0.004808144554428144, 0.10934493841620033]], "chi2_level": 0.997, "chi2_df": 3, "chi2_threshold": 13.931422665512084, "N_raw": 35, "N_roi": 35, "N_inlier": 34, "refit": true}
{"timestamp": "15:23:56.380421", "frame": 56, "mu": [1.284231110180596, 3.807358794407676, 0.6343836024335481], "Sigma": [[0.020445563346901417, -0.008316089739655311, 0.0063568050468352216], [-0.008316089739655311, 0.007089164232096685, -0.005965777703884262], [0.0063568050468352216, -0.005965777703884262, 0.024506360995838614]], "chi2_level": 0.997, "chi2_df": 3, "chi2_threshold": 13.931422665512084, "N_raw": 50, "N_roi": 50, "N_inlier": 49, "refit": true}
{"timestamp": "15:23:56.429992", "frame": 57, "mu": [1.2253003570752021, 3.7846568375173377, 0.5747475064766812], "Sigma": [[0.010113277100558008, -0.007189627659682639, -0.012348727836890642], [-0.007189627659682639, 0.011421326008767227, 0.014084173826465905], [-0.012348727836890642, 0.014084173826465908, 0.19687552594227484]], "chi2_level": 0.997, "chi2_df": 3, "chi2_threshold": 13.931422665512084, "N_raw": 17, "N_roi": 17, "N_inlier": 17, "refit": true}
{"timestamp": "15:23:56.484279", "frame": 58, "mu": [1.217991104309092, 3.648798619785013, 0.6446124697469126], "Sigma": [[0.011900490304242973, -0.007684696218564412, -0.0011108189739260583], [-0.007684696218564412, 0.007877789492536369, 0.0009990675994989671], [-0.0011108189739260583, 0.000999067599498967, 0.0008715769343143759]], "chi2_level": 0.997, "chi2_df": 3, "chi2_threshold": 13.931422665512084, "N_raw": 19, "N_roi": 19, "N_inlier": 18, "refit": true}
{"timestamp": "15:23:56.545306", "frame": 59, "mu": [1.0728650431925573, 3.8590822198503822, -0.7207719860242265], "Sigma": [[0.014575226964317949, 0.0031829147735317554, 0.025234360412147397], [0.003182914773531755, 0.013934825340343704, -0.012612088248087447], [0.025234360412147397, -0.012612088248087447, 0.2755756882503435]], "chi2_level": 0.997, "chi2_df": 3, "chi2_threshold": 13.931422665512084, "N_raw": 46, "N_roi": 45, "N_inlier": 45, "refit": true}
{"timestamp": "15:23:56.602097", "frame": 60, "mu": [1.102986252854018, 3.6799533385986534, 0.35357756760510756], "Sigma": [[0.022021329248751376, -0.015718731500270623, -0.026085779642454003], [-0.01571873150027062, 0.01794544770867608, 0.009417911531959415], [-0.026085779642454003, 0.009417911531959415, 0.2669339781061419]], "chi2_level": 0.997, "chi2_df": 3, "chi2_threshold": 13.931422665512084, "N_raw": 60, "N_roi": 60, "N_inlier": 59, "refit": true}
{"timestamp": "15:23:56.662739", "frame": 61, "mu": [0.9718437516575286, 3.685102703413097, 0.93704110107051], "Sigma": [[0.02127855406871027, -0.013438572881182203, -0.016571118267290044], [-0.013438572881182203, 0.02119537312800574, -0.004509832862777839], [-0.016571118267290044, -0.004509832862777839, 0.07591672478197775]], "chi2_level": 0.997, "chi2_df": 3, "chi2_threshold": 13.931422665512084, "N_raw": 94, "N_roi": 93, "N_inlier": 90, "refit": true}
{"timestamp": "15:23:56.715209", "frame": 62, "mu": [0.9424657094828977, 3.596407711254092, 0.7675027105489751], "Sigma": [[0.015612601395290927, -0.00573454521182341, -0.01070379117115432], [-0.00573454521182341, 0.01053989331415569, -0.0012573145791458852], [-0.01070379117115432, -0.0012573145791458843, 0.14690707329755018]], "chi2_level": 0.997, "chi2_df": 3, "chi2_threshold": 13.931422665512084, "N_raw": 72, "N_roi": 69, "N_inlier": 68, "refit": true}
{"timestamp": "15:23:56.769682", "frame": 63, "mu": [0.9511278139743911, 3.493741961345375, 0.8067026379530912], "Sigma": [[0.022365602918027038, -0.009174279257511164, 0.004436451809807511], [-0.009174279257511166, 0.004826961261377132, -0.005752233832396755], [0.004436451809807512, -0.005752233832396755, 0.0959266632898489]], "chi2_level": 0.997, "chi2_df": 3, "chi2_threshold": 13.931422665512084, "N_raw": 81, "N_roi": 81, "N_inlier": 79, "refit": true}
{"timestamp": "15:23:56.827310", "frame": 64, "mu": [0.9167111110215735, 3.4453197372140703, 0.7763476072574158], "Sigma": [[0.028777849670422673, -0.017250608429890818, -0.009301059755378505], [-0.017250608429890818, 0.013906231149133136, -0.0020404719264231898], [-0.009301059755378505, -0.00204047192642319, 0.09305179247628484]], "chi2_level": 0.997, "chi2_df": 3, "chi2_threshold": 13.931422665512084, "N_raw": 94, "N_roi": 91, "N_inlier": 91, "refit": true}
{"timestamp": "15:23:56.876173", "frame": 65, "mu": [0.8385506353372337, 3.468849519716632, 0.5813191178191904], "Sigma": [[0.024603889010301857, -0.009498246177049786, -0.00412628158382442], [-0.009498246177049783, 0.00657652540350422, -0.0012497903075742234], [-0.00412628158382442, -0.0012497903075742234, 0.00609715439401053]], "chi2_level": 0.997, "chi2_df": 3, "chi2_threshold": 13.931422665512084, "N_raw": 50, "N_roi": 50, "N_inlier": 48, "refit": true}
{"timestamp": "15:23:56.937076", "frame": 66, "mu": [0.8271882808989054, 3.3394122895309297, 0.7116756364258015], "Sigma": [[0.022453104131251, -0.007732952825409985, -0.0016908670576131367], [-0.007732952825409985, 0.005226901229741897, -0.008868243729008619], [-0.001690867057613137, -0.008868243729008619, 0.10039192449337109]], "chi2_level": 0.997, "chi2_df": 3, "chi2_threshold": 13.931422665512084, "N_raw": 100, "N_roi": 100, "N_inlier": 99, "refit": true}
{"timestamp": "15:23:56.990971", "frame": 67, "mu": [0.7642377616341312, 2.963334738899973, 0.21462096578716447], "Sigma": [[0.018871879493832112, -0.040352150270340933, -0.042268162390852265], [-0.040352150270340933, 0.8912987526829608, 0.7874666765887653], [-0.04226816239085226, 0.7874666765887652, 0.8894235459803645]], "chi2_level": 0.997, "chi2_df": 3, "chi2_threshold": 13.931422665512084, "N_raw": 89, "N_roi": 86, "N_inlier": 86, "refit": true}
{"timestamp": "15:23:57.047698", "frame": 68, "mu": [0.6484156944276088, 3.302776382591545, 0.8697987796701663], "Sigma": [[0.018418914920767263, -0.006237260934462304, -0.014874068172942578], [-0.006237260934462304, 0.004285538279745545, 0.0009134518741265333], [-0.014874068172942578, 0.000913451874126533, 0.17058764893755876]], "chi2_level": 0.997, "chi2_df": 3, "chi2_threshold": 13.931422665512084, "N_raw": 101, "N_roi": 97, "N_inlier": 97, "refit": true}
{"timestamp": "15:23:57.101291", "frame": 69, "mu": [0.6410850650291386, 3.268360689633338, 1.0250642819053921], "Sigma": [[0.023131177974875704, -0.0038616486233007145, -0.02307550652576147], [-0.0038616486233007145, 0.0028266754177199522, -0.003188866535816632], [-0.023075506525761468, -0.003188866535816632, 0.09893804683933918]], "chi2_level": 0.997, "chi2_df": 3, "chi2_threshold": 13.931422665512084, "N_raw": 94, "N_roi": 92, "N_inlier": 90, "refit": true}
{"timestamp": "15:23:57.155176", "frame": 70, "mu": [0.6070663057700656, 3.2214714141786356, 1.0515457669874835], "Sigma": [[0.021470423600912607, -0.006676677516462953, -0.029916808192596824], [-0.006676677516462953, 0.004327520011045037, 0.0034656514460084152], [-0.029916808192596827, 0.0034656514460084157, 0.0810845947709623]], "chi2_level": 0.997, "chi2_df": 3, "chi2_threshold": 13.931422665512084, "N_raw": 86, "N_roi": 83, "N_inlier": 80, "refit": true}
{"timestamp": "15:23:57.209436", "frame": 71, "mu": [0.6011923145578011, 3.155564338866578, 0.9906201266952067], "Sigma": [[0.024977797581468095, -0.007283784762564175, -0.04616247872816772], [-0.007283784762564174, 0.004773644033306117, 0.006831239714113845], [-0.04616247872816772, 0.006831239714113845, 0.1406561362516944]], "chi2_level": 0.997, "chi2_df": 3, "chi2_threshold": 13.931422665512084, "N_raw": 84, "N_roi": 83, "N_inlier": 81, "refit": true}
{"timestamp": "15:23:57.265688", "frame": 72, "mu": [0.5150175675520642, 3.1025797905501227, 0.969588495633367], "Sigma": [[0.02101170216241314, -0.005049213095690989, -0.04214828242191587], [-0.005049213095690988, 0.005307469065349756, 0.009657605801865388], [-0.04214828242191587, 0.00965760580186539, 0.22356685431874207]], "chi2_level": 0.997, "chi2_df": 3, "chi2_threshold": 13.931422665512084, "N_raw": 83, "N_roi": 83, "N_inlier": 82, "refit": true}
{"timestamp": "15:23:57.327233", "frame": 73, "mu": [0.43101682631521154, 3.190011538270837, 1.055080367500858], "Sigma": [[0.02048978773267572, -0.008936117682922119, -0.0170457415169512], [-0.008936117682922119, 0.011994804710895408, -0.013132745617631728], [-0.0170457415169512, -0.013132745617631728, 0.09903212869128558]], "chi2_level": 0.997, "chi2_df": 3, "chi2_threshold": 13.931422665512084, "N_raw": 111, "N_roi": 111, "N_inlier": 108, "refit": true}
{"timestamp": "15:23:57.381434", "frame": 74, "mu": [0.39947350785618807, 3.1474309108306517, 0.7400287539349462], "Sigma": [[0.020418504661507304, -0.003597921215718828, -0.0400422705778944], [-0.003597921215718828, 0.01217431707470688, -0.014317666647859167], [-0.04004227057789439, -0.014317666647859169, 0.2963640678194742]], "chi2_level": 0.997, "chi2_df": 3, "chi2_threshold": 13.931422665512084, "N_raw": 125, "N_roi": 123, "N_inlier": 120, "refit": true}
{"timestamp": "15:23:57.431753", "frame": 75, "mu": [0.42853200489307974, 3.0818771912074663, 0.6167185706349105], "Sigma": [[0.024899825321481196, -0.006533281893588127, -0.04655302210984784], [-0.006533281893588127, 0.010001774333729592, -0.005990208884723727], [-0.04655302210984784, -0.005990208884723728, 0.23315271644842833]], "chi2_level": 0.997, "chi2_df": 3, "chi2_threshold": 13.931422665512084, "N_raw": 89, "N_roi": 89, "N_inlier": 88, "refit": true}
{"timestamp": "15:23:57.484006", "frame": 76, "mu": [0.3855393595300702, 3.0070735555132693, 0.907967366667852], "Sigma": [[0.030374941051981037, -0.010454564864635762, -0.01915642965088194], [-0.010454564864635762, 0.009653823766148073, -0.022681050611744635], [-0.019156429650881945, -0.022681050611744635, 0.1805052450006351]], "chi2_level": 0.997, "chi2_df": 3, "chi2_threshold": 13.931422665512084, "N_raw": 78, "N_roi": 78, "N_inlier": 77, "refit": true}
{"timestamp": "15:23:57.538019", "frame": 77, "mu": [0.20576993154260648, 2.999911924409145, 0.779426723379287], "Sigma": [[0.029483337899105344, -0.014918919932247964, -0.010180676292760312], [-0.014918919932247964, 0.012538990116364506, -0.010223693041602373], [-0.010180676292760312, -0.010223693041602372, 0.08775408131871217]], "chi2_level": 0.997, "chi2_df": 3, "chi2_threshold": 13.931422665512084, "N_raw": 63, "N_roi": 61, "N_inlier": 59, "refit": true}
{"timestamp": "15:23:57.593675", "frame": 78, "mu": [0.2434981477157965, 2.9204283249418275, 0.7748287380391123], "Sigma": [[0.037582226503526925, -0.02262478857157611, -0.004329060062625223], [-0.02262478857157611, 0.019702243391979533, 0.004286995820962387], [-0.004329060062625222, 0.004286995820962387, 0.012406743097833807]], "chi2_level": 0.997, "chi2_df": 3, "chi2_threshold": 13.931422665512084, "N_raw": 80, "N_roi": 80, "N_inlier": 76, "refit": true}
{"timestamp": "15:23:57.647602", "frame": 79, "mu": [0.22720943148711387, 2.7929719301464475, 0.8140766430843928], "Sigma": [[0.01287575532146806, -0.0018437603293797742, -0.013620921253791511], [-0.0018437603293797742, 0.00155023076454962, 0.005624670381684841], [-0.013620921253791511, 0.005624670381684841, 0.1267211126297234]], "chi2_level": 0.997, "chi2_df": 3, "chi2_threshold": 13.931422665512084, "N_raw": 61, "N_roi": 61, "N_inlier": 59, "refit": true}
{"timestamp": "15:23:57.702988", "frame": 80, "mu": [0.1821289319816457, 2.7655718408645584, 1.0996716407616525], "Sigma": [[0.014286176438158068, -0.001665470619552707, -0.021903837585652126], [-0.0016654706195527074, 0.0015393307422962878, -0.0011699684951111291], [-0.021903837585652126, -0.0011699684951111294, 0.08623791470191408]], "chi2_level": 0.997, "chi2_df": 3, "chi2_threshold": 13.931422665512084, "N_raw": 69, "N_roi": 67, "N_inlier": 63, "refit": true}
{"timestamp": "15:23:57.763233", "frame": 81, "mu": [0.07963620195270227, 2.760183203322099, 1.357461114022794], "Sigma": [[0.013780677270530015, -0.001427641721477035, -0.012989100249754167], [-0.0014276417214770347, 0.005061520793357119, -0.002073174674977138], [-0.012989100249754167, -0.002073174674977138, 0.02275619007835872]], "chi2_level": 0.997, "chi2_df": 3, "chi2_threshold": 13.931422665512084, "N_raw": 72, "N_roi": 72, "N_inlier": 69, "refit": true}
{"timestamp": "15:23:57.816266", "frame": 82, "mu": [0.09826991631242019, 2.7655354351286294, -0.3248339275101916], "Sigma": [[0.016902419209939058, 0.006715900808626167, 0.01616830462945991], [0.006715900808626167, 0.010228685908902546, 0.005283298963589243], [0.01616830462945991, 0.005283298963589243, 0.07219508665177306]], "chi2_level": 0.997, "chi2_df": 3, "chi2_threshold": 13.931422665512084, "N_raw": 83, "N_roi": 83, "N_inlier": 80, "refit": true}
{"timestamp": "15:23:57.874431", "frame": 83, "mu": [0.03955572713632573, 2.6618032924275163, 0.8007335814310369], "Sigma": [[0.014938082879140356, -0.003252409494335826, -0.04071445732116315], [-0.003252409494335826, 0.005455546443172096, 0.028934426786086063], [-0.04071445732116315, 0.028934426786086063, 0.6191254367409114]], "chi2_level": 0.997, "chi2_df": 3, "chi2_threshold": 13.931422665512084, "N_raw": 106, "N_roi": 106, "N_inlier": 106, "refit": true}
{"timestamp": "15:23:57.922157", "frame": 84, "mu": [0.04327839241571904, 2.640590946156223, 1.1353840685117114], "Sigma": [[0.008062353362164702, -0.001803009688187506, -0.003368529920883041], [-0.001803009688187506, 0.003772078634831493, -0.001010052052392657], [-0.003368529920883041, -0.0010100520523926575, 0.10947709718910839]], "chi2_level": 0.997, "chi2_df": 3, "chi2_threshold": 13.931422665512084, "N_raw": 57, "N_roi": 57, "N_inlier": 55, "refit": true}
{"timestamp": "15:23:57.982967", "frame": 85, "mu": [-0.053035373995265034, 2.556487236067606, 0.8566174460142326], "Sigma": [[0.012571915129150901, -0.0013745145790617739, -0.03395824252232463], [-0.0013745145790617736, 0.01109079144054244, 0.044461359537982414], [-0.03395824252232463, 0.044461359537982414, 0.6229780049438928]], "chi2_level": 0.997, "chi2_df": 3, "chi2_threshold": 13.931422665512084, "N_raw": 105, "N_roi": 105, "N_inlier": 104, "refit": true}
{"timestamp": "15:23:58.033141", "frame": 86, "mu": [0.05855418901425005, 2.419399025757273, 0.6180796810091584], "Sigma": [[0.009741461982867326, -0.0024918013036433046, -0.0023884572944924258], [-0.002491801303643304, 0.012224614528737786, -0.03334115925568146], [-0.002388457294492425, -0.03334115925568146, 0.14474947022891285]], "chi2_level": 0.997, "chi2_df": 3, "chi2_threshold": 13.931422665512084, "N_raw": 66, "N_roi": 66, "N_inlier": 65, "refit": true}
{"timestamp": "15:23:58.086124", "frame": 87, "mu": [-0.08725371563626755, 2.487517019144312, 1.171977409020419], "Sigma": [[0.010847162889919939, -0.0032341996198717218, -0.015927117194927107], [-0.0032341996198717218, 0.005284307976598012, 0.0035942744976807687], [-0.015927117194927107, 0.0035942744976807696, 0.06912046558809483]], "chi2_level": 0.997, "chi2_df": 3, "chi2_threshold": 13.931422665512084, "N_raw": 59, "N_roi": 59, "N_inlier": 56, "refit": true}
{"timestamp": "15:23:58.145633", "frame": 88, "mu": [-0.11736030214873236, 2.448940422047496, 0.7211883034329175], "Sigma": [[0.009724668136556444, -0.002713588756465662, -0.016248823328697197], [-0.0027135887564656617, 0.006449594784042692, -0.011270189444792321], [-0.016248823328697197, -0.011270189444792317, 0.33220559179377523]], "chi2_level": 0.997, "chi2_df": 3, "chi2_threshold": 13.931422665512084, "N_raw": 81, "N_roi": 80, "N_inlier": 77, "refit": true}
{"timestamp": "15:23:58.193181", "frame": 89, "mu": [-0.25931894349778684, 2.7101534540245416, -1.0966587667823309], "Sigma": [[0.00672318654650488, -0.004429034040735108, 0.0317172755262266], [-0.004429034040735108, 0.017417490008502356, -0.08684457123053443], [0.0317172755262266, -0.08684457123053443, 0.47858081445507716]], "chi2_level": 0.997, "chi2_df": 3, "chi2_threshold": 13.931422665512084, "N_raw": 32, "N_roi": 29, "N_inlier": 27, "refit": true}
{"timestamp": "15:23:58.255352", "frame": 90, "mu": [-0.31585377784958296, 2.331861262319696, 1.0323994037100648], "Sigma": [[0.010453891570920108, 2.9259048614675384e-05, -0.006492641176816136], [2.925904861467517e-05, 0.006381440897605392, 0.013865124937563155], [-0.006492641176816137, 0.013865124937563155, 0.30896805503607727]], "chi2_level": 0.997, "chi2_df": 3, "chi2_threshold": 13.931422665512084, "N_raw": 85, "N_roi": 85, "N_inlier": 84, "refit": true}
{"timestamp": "15:23:58.309729", "frame": 91, "mu": [-0.36291065516536275, 2.296006049249167, 1.1847538688238988], "Sigma": [[0.014842238537809952, -0.00041125523197596715, -0.025748087216127393], [-0.0004112552319759675, 0.002728644493804973, 0.0006453053828752908], [-0.025748087216127393, 0.0006453053828752909, 0.09643263000994509]], "chi2_level": 0.997, "chi2_df": 3, "chi2_threshold": 13.931422665512084, "N_raw": 72, "N_roi": 69, "N_inlier": 66, "refit": true}
{"timestamp": "15:23:58.362541", "frame": 92, "mu": [-0.37093942013405323, 2.33082965424757, 1.0521160948847852], "Sigma": [[0.009863872959707837, -0.002741812672535436, -0.01709073559732851], [-0.002741812672535436, 0.003823505802086476, 0.003918614736128569], [-0.01709073559732851, 0.003918614736128569, 0.09288241663187087]], "chi2_level": 0.997, "chi2_df": 3, "chi2_threshold": 13.931422665512084, "N_raw": 62, "N_roi": 59, "N_inlier": 57, "refit": true}
{"timestamp": "15:23:58.418725", "frame": 93, "mu": [-0.33454559693450786, 2.4827384666302836, -0.6954403790133588], "Sigma": [[0.007955290002264978, 7.631138071976379e-05, -0.004947449884069997], [7.631138071976379e-05, 0.017314493606693578, -0.05526238365988725], [-0.004947449884069997, -0.055262383659887254, 0.1996855894571585]], "chi2_level": 0.997, "chi2_df": 3, "chi2_threshold": 13.931422665512084, "N_raw": 72, "N_roi": 72, "N_inlier": 69, "refit": true}
{"timestamp": "15:23:58.474075", "frame": 94, "mu": [-0.47480412184281, 2.101351430021078, 0.3743110745960052], "Sigma": [[0.012174400816636854, -0.008911463919225343, -0.04225269608593065], [-0.008911463919225343, 0.016447490524934397, 0.06393195700997908], [-0.04225269608593065, 0.06393195700997908, 0.5834897240112913]], "chi2_level": 0.997, "chi2_df": 3, "chi2_threshold": 13.931422665512084, "N_raw": 69, "N_roi": 69, "N_inlier": 69, "refit": true}
{"timestamp": "15:23:58.532132", "frame": 95, "mu": [-0.536223273370326, 2.1383477060753253, 1.1070370498231838], "Sigma": [[0.010474527683724108, 0.0007587567775176416, -0.02128641035614136], [0.0007587567775176416, 0.0025422453503173583, -0.006822179982221876], [-0.02128641035614136, -0.006822179982221876, 0.08528690618204371]], "chi2_level": 0.997, "chi2_df": 3, "chi2_threshold": 13.931422665512084, "N_raw": 87, "N_roi": 85, "N_inlier": 81, "refit": true}
{"timestamp": "15:23:58.585123", "frame": 96, "mu": [-0.5115872275531048, 2.1190549373673813, 0.9849548585147975], "Sigma": [[0.009427430509381924, 0.00023178337296557227, -0.009347894351640776], [0.00023178337296557227, 0.002211405085773963, -0.005492500688840833], [-0.009347894351640776, -0.0054925006888408325, 0.2707365005200583]], "chi2_level": 0.997, "chi2_df": 3, "chi2_threshold": 13.931422665512084, "N_raw": 84, "N_roi": 83, "N_inlier": 82, "refit": true}
{"timestamp": "15:23:58.635625", "frame": 97, "mu": [-0.5215995324381897, 2.070810324424456, 1.0021929033910266], "Sigma": [[0.011401128491982085, 0.0017818820350434007, -0.00980393913992263], [0.0017818820350434007, 0.007770607704955531, -0.014562296334041738], [-0.00980393913992263, -0.014562296334041738, 0.17022702304426188]], "chi2_level": 0.997, "chi2_df": 3, "chi2_threshold": 13.931422665512084, "N_raw": 49, "N_roi": 49, "N_inlier": 48, "refit": true}
{"timestamp": "15:23:58.691968", "frame": 98, "mu": [-0.5889700619080578, 2.024495623203971, 1.0384395109232811], "Sigma": [[0.0076165029245884456, 0.001408256038910018, -0.011313629589115155], [0.001408256038910018, 0.0024744568411899175, -0.008963256683135674], [-0.011313629589115156, -0.008963256683135674, 0.07186468124671228]], "chi2_level": 0.997, "chi2_df": 3, "chi2_threshold": 13.931422665512084, "N_raw": 60, "N_roi": 60, "N_inlier": 54, "refit": true}
{"timestamp": "15:23:58.741463", "frame": 99, "mu": [-0.5701801896483916, 1.9434015811621934, 0.5908294777726821], "Sigma": [[0.009549504886543311, 0.0031591822005968143, 0.028102896409278922], [0.0031591822005968143, 0.01362182024664677, -0.008951460303014861], [0.028102896409278922, -0.008951460303014865, 0.2320341474401674]], "chi2_level": 0.997, "chi2_df": 3, "chi2_threshold": 13.931422665512084, "N_raw": 23, "N_roi": 23, "N_inlier": 22, "refit": true}
{"timestamp": "15:23:58.907549", "frame": 100, "mu": [-0.594573749273081, 1.8966342817594186, 0.9730178532152253], "Sigma": [[0.006835249932887853, -0.0019258326509993234, -0.009190027069350567], [-0.0019258326509993234, 0.0014207083310736263, 0.0008232960313807158], [-0.009190027069350567, 0.0008232960313807158, 0.03124689549699666]], "chi2_level": 0.997, "chi2_df": 3, "chi2_threshold": 13.931422665512084, "N_raw": 55, "N_roi": 55, "N_inlier": 52, "refit": true}
{"timestamp": "15:23:58.913214", "frame": 101, "mu": [-0.6764079702481577, 1.8544001017160125, 0.9162786255433611], "Sigma": [[0.007836221706342164, -0.0002861686261061298, -0.008458818002202398], [-0.0002861686261061299, 0.0005830226905010023, -0.001769030742994821], [-0.008458818002202398, -0.001769030742994821, 0.024005381947411163]], "chi2_level": 0.997, "chi2_df": 3, "chi2_threshold": 13.931422665512084, "N_raw": 45, "N_roi": 45, "N_inlier": 42, "refit": true}
{"timestamp": "15:23:58.954001", "frame": 102, "mu": [-0.7353784504193256, 1.8319627249998784, 1.0269068403154482], "Sigma": [[0.006180677361607813, 0.0011710253588611249, -0.0053147353373822525], [0.0011710253588611246, 0.00229727350676393, 0.006318808019059922], [-0.0053147353373822525, 0.0063188080190599225, 0.11935580067936727]], "chi2_level": 0.997, "chi2_df": 3, "chi2_threshold": 13.931422665512084, "N_raw": 36, "N_roi": 36, "N_inlier": 34, "refit": true}
{"timestamp": "15:23:58.977669", "frame": 103, "mu": [-0.8282658870783763, 1.8056225456425212, 1.2876238050766222], "Sigma": [[0.005684604565425632, -0.00044480295378690476, -0.004379368333077464], [-0.00044480295378690476, 0.001920667525977168, -0.000737546583607941], [-0.004379368333077464, -0.000737546583607941, 0.004355794247987202]], "chi2_level": 0.997, "chi2_df": 3, "chi2_threshold": 13.931422665512084, "N_raw": 32, "N_roi": 31, "N_inlier": 29, "refit": true}
{"timestamp": "15:23:59.016921", "frame": 104, "mu": [-0.9305417709461444, 1.8195208963625054, -0.2743668962507614], "Sigma": [[0.0071465972987398525, 0.009559074941072162, -0.0013277862452287298], [0.009559074941072164, 0.018393215901187865, 0.0026637427598667656], [-0.0013277862452287295, 0.002663742759866766, 0.031372270102339575]], "chi2_level": 0.997, "chi2_df": 3, "chi2_threshold": 13.931422665512084, "N_raw": 38, "N_roi": 38, "N_inlier": 36, "refit": true}
{"timestamp": "15:23:59.071880", "frame": 105, "mu": [-0.9264317761291146, 1.8373250309538705, -0.36661864616278067], "Sigma": [[0.003079782199972991, 0.001497339056124594, -0.004489759902574768], [0.001497339056124594, 0.00809055636720498, -0.021724892767605076], [-0.004489759902574769, -0.021724892767605072, 0.06888912147187323]], "chi2_level": 0.997, "chi2_df": 3, "chi2_threshold": 13.931422665512084, "N_raw": 34, "N_roi": 34, "N_inlier": 32, "refit": true}
{"timestamp": "15:23:59.126562", "frame": 106, "mu": [-0.9776108513687393, 1.5060133751483058, 1.0417177765010983], "Sigma": [[0.04761089578940189, -0.04511807497797804, -0.010566935831622347], [-0.04511807497797803, 0.06278395980629307, -0.047316254631323315], [-0.01056693583162235, -0.047316254631323315, 0.4749951996899359]], "chi2_level": 0.997, "chi2_df": 3, "chi2_threshold": 13.931422665512084, "N_raw": 21, "N_roi": 21, "N_inlier": 19, "refit": true}
{"timestamp": "15:23:59.184968", "frame": 107, "mu": [-1.015704257351641, 1.7351462471481405, -0.4518811039112269], "Sigma": [[0.02313553626290458, 0.023798265977427915, -0.03644969189277027], [0.023798265977427912, 0.03869811977580201, -0.07899170595266594], [-0.03644969189277027, -0.07899170595266594, 0.2143305901639077]], "chi2_level": 0.997, "chi2_df": 3, "chi2_threshold": 13.931422665512084, "N_raw": 54, "N_roi": 54, "N_inlier": 51, "refit": true}
{"timestamp": "15:23:59.240380", "frame": 108, "mu": [-1.3393602923015269, 1.348316358140526, 1.724788067949753], "Sigma": [[0.040530967805864945, 0.028598971256558525, -0.0430559920328574], [0.028598971256558525, 0.024262799884764853, -0.031147873812576596], [-0.0430559920328574, -0.031147873812576596, 0.05424906431757578]], "chi2_level": 0.997, "chi2_df": 3, "chi2_threshold": 13.931422665512084, "N_raw": 55, "N_roi": 55, "N_inlier": 51, "refit": true}
{"timestamp": "15:23:59.294946", "frame": 109, "mu": [-1.2926300984031314, 1.3562965715450348, 1.6081377942427302], "Sigma": [[0.035766138647173096, 0.022265486861975343, -0.030028225783679974], [0.02226548686197534, 0.01913175698367458, -0.021886507132392114], [-0.030028225783679974, -0.021886507132392114, 0.02824290725130728]], "chi2_level": 0.997, "chi2_df": 3, "chi2_threshold": 13.931422665512084, "N_raw": 55, "N_roi": 55, "N_inlier": 53, "refit": true}
{"timestamp": "15:23:59.350475", "frame": 110, "mu": [-1.455938154146184, 1.24081083900186, 1.712554717898938], "Sigma": [[0.025031153688475367, 0.0171318105117818, -0.027882627641636265], [0.0171318105117818, 0.01597899320353041, -0.022602289321373918], [-0.027882627641636265, -0.022602289321373918, 0.043659479007233146]], "chi2_level": 0.997, "chi2_df": 3, "chi2_threshold": 13.931422665512084, "N_raw": 58, "N_roi": 58, "N_inlier": 55, "refit": true}
{"timestamp": "15:23:59.406909", "frame": 111, "mu": [-1.4719871064486456, 1.1747179202538682, 1.684565558076495], "Sigma": [[0.014186747145686348, 0.00740985583666502, -0.013269872853041534], [0.00740985583666502, 0.010175627075401822, -0.009366381425445568], [-0.013269872853041534, -0.009366381425445568, 0.014085101051784689]], "chi2_level": 0.997, "chi2_df": 3, "chi2_threshold": 13.931422665512084, "N_raw": 63, "N_roi": 63, "N_inlier": 60, "refit": true}
{"timestamp": "15:23:59.462842", "frame": 112, "mu": [-1.4492080800366967, 1.1472971487891879, 1.560175075939074], "Sigma": [[0.017601484928066704, 0.007790169002713265, -0.011705560963501383], [0.007790169002713267, 0.00891008054621199, -0.007576346700986471], [-0.011705560963501381, -0.007576346700986472, 0.009396859535380579]], "chi2_level": 0.997, "chi2_df": 3, "chi2_threshold": 13.931422665512084, "N_raw": 72, "N_roi": 72, "N_inlier": 71, "refit": true}
{"timestamp": "15:23:59.513772", "frame": 113, "mu": [-1.502216454014052, 1.1652474689986594, -0.2427191791080447], "Sigma": [[0.00763980173675765, 0.006266890270012091, 0.007023619911569426], [0.00626689027001209, 0.013730635903592204, 0.008695178136990282], [0.007023619911569426, 0.008695178136990282, 0.014284293757919037]], "chi2_level": 0.997, "chi2_df": 3, "chi2_threshold": 13.931422665512084, "N_raw": 47, "N_roi": 47, "N_inlier": 45, "refit": true}
{"timestamp": "15:23:59.566974", "frame": 114, "mu": [-1.4986361301481954, 1.1148245207971128, 1.6176180881631694], "Sigma": [[0.012442522131342917, 0.007539585663348515, -0.02075141544323688], [0.007539585663348515, 0.008023381686169657, -0.012910169144893756], [-0.02075141544323688, -0.012910169144893756, 0.05164839942791549]], "chi2_level": 0.997, "chi2_df": 3, "chi2_threshold": 13.931422665512084, "N_raw": 31, "N_roi": 31, "N_inlier": 30, "refit": true}
{"timestamp": "15:23:59.623350", "frame": 115, "mu": [-1.4361871340329366, 1.0020866548005383, 1.3789433181630604], "Sigma": [[0.009213456825170182, 0.005326833025634518, -0.0065719777256464315], [0.005326833025634518, 0.011410476235890686, -0.006349107235413751], [-0.0065719777256464315, -0.006349107235413751, 0.006199175936338344]], "chi2_level": 0.997, "chi2_df": 3, "chi2_threshold": 13.931422665512084, "N_raw": 34, "N_roi": 34, "N_inlier": 34, "refit": true}
{"timestamp": "15:23:59.677232", "frame": 116, "mu": [-1.4969713345771254, 0.9819193878772604, 1.4221219880065303], "Sigma": [[0.008729664159267634, 0.0025118817637084074, -0.005613124967537454], [0.0025118817637084074, 0.0058512287256849045, -0.0028328048223054906], [-0.005613124967537454, -0.002832804822305491, 0.004152995882682221]], "chi2_level": 0.997, "chi2_df": 3, "chi2_threshold": 13.931422665512084, "N_raw": 42, "N_roi": 42, "N_inlier": 41, "refit": true}
