{"timestamp": "15:47:31.661183", "frame": 25, "mu": [1.9398743426686984, 4.875097714317943, -0.2044743968370049], "Sigma": [[0.011648529864529909, 0.0011992142230363217, -0.009777447032550903], [0.0011992142230363217, 0.0035105007865381434, -0.0024656759666006603], [-0.009777447032550905, -0.00246567596660066, 0.012888737033473407]], "chi2_level": 0.997, "chi2_df": 3, "chi2_threshold": 13.931422665512084, "N_raw": 16, "N_roi": 14, "N_inlier": 14, "refit": true}
{"timestamp": "15:47:31.769938", "frame": 27, "mu": [1.8038813997801242, 4.707041635444966, 0.16303155432619904], "Sigma": [[0.010075859774634557, -0.002514088865529162, -0.0037530249763351483], [-0.002514088865529162, 0.004028863892584169, -0.006284738235291635], [-0.0037530249763351488, -0.006284738235291635, 0.01816983696274907]], "chi2_level": 0.997, "chi2_df": 3, "chi2_threshold": 13.931422665512084, "N_raw": 14, "N_roi": 14, "N_inlier": 14, "refit": true}
{"timestamp": "15:47:31.827458", "frame": 28, "mu": [1.8076561222742313, 4.507379519157048, 0.8669401230455146], "Sigma": [[0.020568646551626893, -0.01014037374598592, -0.013076923486000681], [-0.01014037374598592, 0.005528796046738523, 0.004262133854299155], [-0.013076923486000681, 0.004262133854299155, 0.03860279168862259]], "chi2_level": 0.997, "chi2_df": 3, "chi2_threshold": 13.931422665512084, "N_raw": 34, "N_roi": 32, "N_inlier": 31, "refit": true}
{"timestamp": "15:47:31.884664", "frame": 29, "mu": [1.8349394691461531, 4.4531556853649015, 0.9299097137307409], "Sigma": [[0.02092786761560011, -0.007995687405432009, -0.004531504152218054], [-0.007995687405432009, 0.0051162598566945406, -0.0006042965240320731], [-0.004531504152218054, -0.0006042965240320733, 0.008213254852584678]], "chi2_level": 0.997, "chi2_df": 3, "chi2_threshold": 13.931422665512084, "N_raw": 34, "N_roi": 32, "N_inlier": 32, "refit": true}
{"timestamp": "15:47:31.992441", "frame": 31, "mu": [1.982747387836272, 4.239638229059628, 0.6264563928352158], "Sigma": [[0.015513775162485427, -0.005940263974328747, -0.008344769763716717], [-0.005940263974328747, 0.0038766030905805294, 0.00045088350784800346], [-0.008344769763716717, 0.00045088350784800325, 0.027947654277800812]], "chi2_level": 0.997, "chi2_df": 3, "chi2_threshold": 13.931422665512084, "N_raw": 21, "N_roi": 21, "N_inlier": 21, "refit": true}
{"timestamp": "15:47:32.048510", "frame": 32, "mu": [2.104458927557043, 4.064201158707778, 0.500755693402597], "Sigma": [[0.02469641436080878, -0.011718325928788085, -0.009218186198060998], [-0.011718325928788085, 0.006762036477408155, 0.0028226791927951195], [-0.009218186198060998, 0.0028226791927951195, 0.014936976369994753]], "chi2_level": 0.997, "chi2_df": 3, "chi2_threshold": 13.931422665512084, "N_raw": 29, "N_roi": 29, "N_inlier": 29, "refit": true}
{"timestamp": "15:47:32.104570", "frame": 33, "mu": [1.9820793387579927, 4.024524125918634, 0.6842328050153548], "Sigma": [[0.020433869682322067, -0.011941821804085793, -0.018718656252125328], [-0.011941821804085793, 0.008836831322886287, 0.010629977975659245], [-0.018718656252125324, 0.010629977975659245, 0.04042537494324932]], "chi2_level": 0.997, "chi2_df": 3, "chi2_threshold": 13.931422665512084, "N_raw": 34, "N_roi": 33, "N_inlier": 32, "refit": true}
{"timestamp": "15:47:32.214257", "frame": 35, "mu": [1.9123268998317662, 3.9706786746363445, 0.9131297585607657], "Sigma": [[0.022712881472889745, -0.01067440560797283, -0.005747577354313384], [-0.01067440560797283, 0.008036488241545457, 0.002218131823810665], [-0.005747577354313384, 0.0022181318238106646, 0.0032022357922459454]], "chi2_level": 0.997, "chi2_df": 3, "chi2_threshold": 13.931422665512084, "N_raw": 34, "N_roi": 34, "N_inlier": 33, "refit": true}
{"timestamp": "15:47:32.326270", "frame": 37, "mu": [2.0506191612989713, 3.735554362219196, 0.5232073076558457], "Sigma": [[0.034206889853744676, -0.017278945756453196, -0.021577381670140876], [-0.017278945756453196, 0.01045857322623035, 0.00883984577737681], [-0.021577381670140876, 0.00883984577737681, 0.020692215256927608]], "chi2_level": 0.997, "chi2_df": 3, "chi2_threshold": 13.931422665512084, "N_raw": 46, "N_roi": 44, "N_inlier": 43, "refit": true}
{"timestamp": "15:47:32.380023", "frame": 38, "mu": [2.0367538451796117, 3.6017773726666817, 0.4574020180745645], "Sigma": [[0.019814623206180517, -0.012280951278888133, -0.008540688410089137], [-0.012280951278888133, 0.013835445729418224, 0.008129857139903088], [-0.008540688410089137, 0.008129857139903088, 0.0057696982126125805]], "chi2_level": 0.997, "chi2_df": 3, "chi2_threshold": 13.931422665512084, "N_raw": 35, "N_roi": 35, "N_inlier": 33, "refit": true}
{"timestamp": "15:47:32.435288", "frame": 39, "mu": [1.8968611696079176, 3.6173167705666662, 0.7081069870713504], "Sigma": [[0.016845850919843357, -0.009644644392113693, -0.016213547187609992], [-0.009644644392113693, 0.007056808894634516, 0.006833533618932991], [-0.016213547187609992, 0.006833533618932991, 0.024975421281832534]], "chi2_level": 0.997, "chi2_df": 3, "chi2_threshold": 13.931422665512084, "N_raw": 32, "N_roi": 31, "N_inlier": 30, "refit": true}
{"timestamp": "15:47:32.495361", "frame": 40, "mu": [2.013476122713009, 3.4323364907365517, 0.4796299496084658], "Sigma": [[0.02701359484798516, -0.011235514507394077, -0.01847507293407977], [-0.011235514507394075, 0.011224676291132546, 0.00572532441525621], [-0.018475072934079767, 0.005725324415256212, 0.023200463162633717]], "chi2_level": 0.997, "chi2_df": 3, "chi2_threshold": 13.931422665512084, "N_raw": 66, "N_roi": 63, "N_inlier": 63, "refit": true}
{"timestamp": "15:47:32.546573", "frame": 41, "mu": [2.111892570714494, 3.2872390402280574, 0.28593229573699913], "Sigma": [[0.02477443317032782, -0.017806269057069973, -0.017059899305045898], [-0.017806269057069973, 0.013753439963122168, 0.011177788288602736], [-0.017059899305045898, 0.011177788288602738, 0.036780689198223554]], "chi2_level": 0.997, "chi2_df": 3, "chi2_threshold": 13.931422665512084, "N_raw": 41, "N_roi": 40, "N_inlier": 38, "refit": true}
{"timestamp": "15:47:32.597971", "frame": 42, "mu": [1.8390153774791642, 3.362524012767136, 0.7912374165241246], "Sigma": [[0.013239578717117003, -0.007306700009173198, -0.009292021679237532], [-0.007306700009173198, 0.006424912853070708, 0.0057889968422348784], [-0.009292021679237532, 0.0057889968422348784, 0.013276309106925644]], "chi2_level": 0.997, "chi2_df": 3, "chi2_threshold": 13.931422665512084, "N_raw": 26, "N_roi": 22, "N_inlier": 21, "refit": true}
{"timestamp": "15:47:32.659453", "frame": 43, "mu": [1.94025778477198, 3.2393929838869115, 0.5981901711469304], "Sigma": [[0.038202776636493796, -0.01649173522652139, -0.01885311109783789], [-0.01649173522652139, 0.011713551251666775, 0.004876412912025885], [-0.01885311109783789, 0.004876412912025885, 0.013894901386424581]], "chi2_level": 0.997, "chi2_df": 3, "chi2_threshold": 13.931422665512084, "N_raw": 70, "N_roi": 69, "N_inlier": 69, "refit": true}
{"timestamp": "15:47:32.712493", "frame": 44, "mu": [1.8538411972345221, 3.224411838964711, 0.6869671613009712], "Sigma": [[0.01884934392364783, -0.00799783193234155, -0.008269542336410942], [-0.00799783193234155, 0.006622506151343814, 0.0013206953114039536], [-0.008269542336410942, 0.0013206953114039536, 0.007496915168923842]], "chi2_level": 0.997, "chi2_df": 3, "chi2_threshold": 13.931422665512084, "N_raw": 45, "N_roi": 42, "N_inlier": 42, "refit": true}
{"timestamp": "15:47:32.767768", "frame": 45, "mu": [1.8969346690709774, 3.126663148715562, 0.8711233700788401], "Sigma": [[0.016495131271533736, -0.008909224187410185, -0.011078991930140497], [-0.008909224187410183, 0.005513129336928836, 0.004336809643872473], [-0.0110789919301405, 0.004336809643872474, 0.06615938871300193]], "chi2_level": 0.997, "chi2_df": 3, "chi2_threshold": 13.931422665512084, "N_raw": 54, "N_roi": 50, "N_inlier": 49, "refit": true}
{"timestamp": "15:47:32.826571", "frame": 46, "mu": [1.8744478057181502, 3.0946455629836005, 0.8904719882385592], "Sigma": [[0.01166537488852584, -0.006009206182934901, -0.00716503565323247], [-0.006009206182934901, 0.0046748510285343405, 0.0025248278226964863], [-0.00716503565323247, 0.002524827822696486, 0.09548930088243548]], "chi2_level": 0.997, "chi2_df": 3, "chi2_threshold": 13.931422665512084, "N_raw": 46, "N_roi": 44, "N_inlier": 44, "refit": true}
{"timestamp": "15:47:32.878627", "frame": 47, "mu": [1.8207336998904315, 3.054623857469733, 0.9775905287883503], "Sigma": [[0.01587198456046649, -0.009008913173121007, -0.0046621262243530396], [-0.009008913173121007, 0.005818965709547787, -0.0009514025377030391], [-0.0046621262243530396, -0.000951402537703039, 0.06143287873768525]], "chi2_level": 0.997, "chi2_df": 3, "chi2_threshold": 13.931422665512084, "N_raw": 57, "N_roi": 54, "N_inlier": 54, "refit": true}
{"timestamp": "15:47:32.937362", "frame": 48, "mu": [1.863272763508472, 2.8634845766944106, 0.7186562603055233], "Sigma": [[0.024035077882601306, -0.015312564494927992, -0.007952742047343362], [-0.015312564494927992, 0.014111319503957382, 0.008337561622357853], [-0.007952742047343362, 0.008337561622357853, 0.06912430649138163]], "chi2_level": 0.997, "chi2_df": 3, "chi2_threshold": 13.931422665512084, "N_raw": 76, "N_roi": 73, "N_inlier": 71, "refit": true}
{"timestamp": "15:47:32.989228", "frame": 49, "mu": [1.8878038274709978, 2.8361991401078184, 0.756644820974611], "Sigma": [[0.02619373820451809, -0.015934838333837516, -0.0074492631334996005], [-0.015934838333837516, 0.01220087638249581, 0.0005962798023139817], [-0.0074492631334996005, 0.0005962798023139812, 0.010891794172886023]], "chi2_level": 0.997, "chi2_df": 3, "chi2_threshold": 13.931422665512084, "N_raw": 62, "N_roi": 60, "N_inlier": 59, "refit": true}
{"timestamp": "15:47:33.045229", "frame": 50, "mu": [1.8790173860335528, 2.6958692595677265, 0.7246595124537413], "Sigma": [[0.019485658136991532, -0.011557745637811399, -0.010099651335158704], [-0.011557745637811399, 0.00960606636993192, 0.01577548334256616], [-0.010099651335158704, 0.01577548334256616, 0.10469762266476354]], "chi2_level": 0.997, "chi2_df": 3, "chi2_threshold": 13.931422665512084, "N_raw": 64, "N_roi": 63, "N_inlier": 62, "refit": true}
{"timestamp": "15:47:33.099227", "frame": 51, "mu": [1.932963155287708, 2.647962679623186, 0.8233798318193645], "Sigma": [[0.02265029596578931, -0.009289181230021735, -0.01604553270471238], [-0.009289181230021735, 0.01284530219895673, 0.01425449264987831], [-0.01604553270471238, 0.01425449264987831, 0.06989581553761234]], "chi2_level": 0.997, "chi2_df": 3, "chi2_threshold": 13.931422665512084, "N_raw": 61, "N_roi": 58, "N_inlier": 58, "refit": true}
{"timestamp": "15:47:33.151389", "frame": 52, "mu": [1.7591409134994251, 2.6575460843285277, 1.2088431740298387], "Sigma": [[0.013736659427352737, -0.009789228795370707, -0.0029519202324883196], [-0.009789228795370707, 0.009086527888702102, -0.0006734431336232778], [-0.0029519202324883196, -0.0006734431336232778, 0.0062350412033484745]], "chi2_level": 0.997, "chi2_df": 3, "chi2_threshold": 13.931422665512084, "N_raw": 42, "N_roi": 38, "N_inlier": 37, "refit": true}
{"timestamp": "15:47:33.204136", "frame": 53, "mu": [1.7880577955615344, 2.5301889343788315, 0.8462518202717111], "Sigma": [[0.007479204287919451, -0.0046706153550251355, -0.0021653720127603987], [-0.0046706153550251355, 0.003535137891479737, -0.00034629262594174266], [-0.002165372012760399, -0.00034629262594174255, 0.03637416113705183]], "chi2_level": 0.997, "chi2_df": 3, "chi2_threshold": 13.931422665512084, "N_raw": 26, "N_roi": 23, "N_inlier": 23, "refit": true}
{"timestamp": "15:47:33.258722", "frame": 54, "mu": [1.8184900815912295, 2.46953736145825, 1.0179136858741353], "Sigma": [[0.007685808146292221, -0.0054828198707676835, -0.0060000744836645765], [-0.0054828198707676835, 0.004313324506869285, 0.006768611681394287], [-0.0060000744836645765, 0.006768611681394287, 0.04795533754830459]], "chi2_level": 0.997, "chi2_df": 3, "chi2_threshold": 13.931422665512084, "N_raw": 29, "N_roi": 29, "N_inlier": 28, "refit": true}
{"timestamp": "15:47:33.317538", "frame": 55, "mu": [1.7755895356896358, 2.258848100149698, 0.6234175822410692], "Sigma": [[0.011578705147154261, -0.012679162459559367, -0.009286107295233492], [-0.012679162459559367, 0.020096953995838506, 0.009690194623040282], [-0.009286107295233492, 0.009690194623040282, 0.012339935584372576]], "chi2_level": 0.997, "chi2_df": 3, "chi2_threshold": 13.931422665512084, "N_raw": 46, "N_roi": 46, "N_inlier": 43, "refit": true}
{"timestamp": "15:47:33.372586", "frame": 56, "mu": [1.814250384282519, 2.1549092398179255, 0.6352346179704992], "Sigma": [[0.0077492508734546585, -0.005130941968001475, -0.0027406139072304546], [-0.005130941968001476, 0.02068914420145297, 0.00603201767145458], [-0.0027406139072304546, 0.00603201767145458, 0.0030096655976280928]], "chi2_level": 0.997, "chi2_df": 3, "chi2_threshold": 13.931422665512084, "N_raw": 48, "N_roi": 45, "N_inlier": 43, "refit": true}
{"timestamp": "15:47:33.424248", "frame": 57, "mu": [1.7626193830752621, 2.1365557380014235, 0.8558934072113471], "Sigma": [[0.007151549823013259, -0.008084821395834291, -0.006332928191667201], [-0.008084821395834291, 0.01463111687784764, 0.012164137685687538], [-0.006332928191667201, 0.012164137685687538, 0.019462277811116816]], "chi2_level": 0.997, "chi2_df": 3, "chi2_threshold": 13.931422665512084, "N_raw": 24, "N_roi": 23, "N_inlier": 22, "refit": true}
{"timestamp": "15:47:33.480970", "frame": 58, "mu": [1.6821971163384881, 2.1764512573061237, 1.0486482690044374], "Sigma": [[0.011140579298441056, -0.007275630085250649, 0.001232656183928076], [-0.007275630085250649, 0.008443914569870255, -0.00203422440243844], [0.0012326561839280758, -0.00203422440243844, 0.004284375033099586]], "chi2_level": 0.997, "chi2_df": 3, "chi2_threshold": 13.931422665512084, "N_raw": 42, "N_roi": 42, "N_inlier": 39, "refit": true}
{"timestamp": "15:47:33.536054", "frame": 59, "mu": [1.6793744125056254, 2.1402317856428628, 1.0217569835642348], "Sigma": [[0.01069554043537056, -0.005419644358705661, 0.002146661870574465], [-0.005419644358705662, 0.006325281657976744, -0.0020058140811497894], [0.002146661870574465, -0.0020058140811497894, 0.000758590099792371]], "chi2_level": 0.997, "chi2_df": 3, "chi2_threshold": 13.931422665512084, "N_raw": 34, "N_roi": 34, "N_inlier": 34, "refit": true}
{"timestamp": "15:47:33.590479", "frame": 60, "mu": [1.7797856775575245, 2.026134008419529, 1.2491423738683878], "Sigma": [[0.006486395908711507, -0.004592608088310604, 0.005025840931968638], [-0.004592608088310604, 0.005450005871670758, -0.006664916892556329], [0.005025840931968638, -0.006664916892556329, 0.015090039890427665]], "chi2_level": 0.997, "chi2_df": 3, "chi2_threshold": 13.931422665512084, "N_raw": 31, "N_roi": 30, "N_inlier": 29, "refit": true}
{"timestamp": "15:47:33.642906", "frame": 61, "mu": [1.6973785768126004, 1.9191902766859035, 0.9256381357176929], "Sigma": [[0.007064325153002913, -0.0011147929050746336, -0.0011895958286730372], [-0.0011147929050746336, 0.005971965793313188, 0.0023507380965933147], [-0.001189595828673037, 0.0023507380965933147, 0.004560390520398905]], "chi2_level": 0.997, "chi2_df": 3, "chi2_threshold": 13.931422665512084, "N_raw": 20, "N_roi": 19, "N_inlier": 17, "refit": true}
{"timestamp": "15:47:33.916736", "frame": 66, "mu": [2.123304726505005, 1.442859622261207, 1.0142314491981943], "Sigma": [[0.021956646808488557, -0.005911692331340802, -0.00468433627210617], [-0.005911692331340802, 0.003459411290952893, 0.00042900622522550904], [-0.004684336272106169, 0.0004290062252255088, 0.022680826767241126]], "chi2_level": 0.997, "chi2_df": 3, "chi2_threshold": 13.931422665512084, "N_raw": 11, "N_roi": 10, "N_inlier": 10, "refit": true}
{"timestamp": "15:47:33.975639", "frame": 67, "mu": [1.9392027140270105, 1.4381564955347288, 1.1630099456170393], "Sigma": [[0.017716591847695536, -0.012438103459551545, -0.01072193675736657], [-0.012438103459551542, 0.010588458904165998, 0.003950852292581741], [-0.01072193675736657, 0.003950852292581741, 0.03353900926133056]], "chi2_level": 0.997, "chi2_df": 3, "chi2_threshold": 13.931422665512084, "N_raw": 28, "N_roi": 28, "N_inlier": 28, "refit": true}
{"timestamp": "15:47:34.027892", "frame": 68, "mu": [2.0442917114109282, 1.2883353535098772, 1.109098689445751], "Sigma": [[0.017455143298708328, -0.010607298878170291, -0.02560061126654922], [-0.010607298878170291, 0.009754902107756867, 0.011869593679290212], [-0.02560061126654922, 0.011869593679290212, 0.05016971834751366]], "chi2_level": 0.997, "chi2_df": 3, "chi2_threshold": 13.931422665512084, "N_raw": 13, "N_roi": 12, "N_inlier": 11, "refit": true}
{"timestamp": "15:47:34.136334", "frame": 70, "mu": [1.9064309692878771, 1.1634591369970275, 1.2509245678066503], "Sigma": [[0.0007918341262970074, -0.0006843894170747293, -0.0016041557146981458], [-0.0006843894170747291, 0.003223643341494136, -0.00487334368170906], [-0.0016041557146981458, -0.004873343681709061, 0.026298566477320755]], "chi2_level": 0.997, "chi2_df": 3, "chi2_threshold": 13.931422665512084, "N_raw": 11, "N_roi": 11, "N_inlier": 11, "refit": true}
