{"timestamp": "16:26:21.982500", "frame": 6, "mu": [-0.6843678848891372, 3.455833571207141, 0.8842472546919689], "Sigma": [[0.012259139810168995, 0.0013427207949869787, -0.0037200237240906826], [0.001342720794986979, 0.0015641988992971738, -0.0010273378314663122], [-0.0037200237240906826, -0.0010273378314663122, 0.0024385264810361656]], "chi2_level": 0.997, "chi2_df": 3, "chi2_threshold": 13.931422665512084, "N_raw": 23, "N_roi": 23, "N_inlier": 23, "refit": true}
{"timestamp": "16:26:22.038929", "frame": 7, "mu": [-0.6585929252847121, 3.469837106378991, 1.0435004401048755], "Sigma": [[0.013011343616615094, 0.0013795581860586476, -0.003966773361301917], [0.0013795581860586476, 0.0026549565725981564, -0.0018161483530772333], [-0.003966773361301917, -0.0018161483530772333, 0.0035776155825322353]], "chi2_level": 0.997, "chi2_df": 3, "chi2_threshold": 13.931422665512084, "N_raw": 32, "N_roi": 32, "N_inlier": 31, "refit": true}
{"timestamp": "16:26:22.255588", "frame": 11, "mu": [-0.5696733065973645, 3.580097900170908, 1.4107480336848932], "Sigma": [[0.008346261285463086, 0.0017918112042269738, -0.003591908954820747], [0.0017918112042269738, 0.0018321936738527394, -0.0007042809104269489], [-0.003591908954820747, -0.0007042809104269488, 0.002934571340920148]], "chi2_level": 0.997, "chi2_df": 3, "chi2_threshold": 13.931422665512084, "N_raw": 13, "N_roi": 13, "N_inlier": 12, "refit": true}
{"timestamp": "16:26:22.314029", "frame": 12, "mu": [-0.5400509964696145, 3.6249650984373276, 1.379996758893255], "Sigma": [[0.0132561935118624, 0.0017456775907184483, -0.00626062907517705], [0.0017456775907184483, 0.0030562757897582464, -0.0008334750173525198], [-0.006260629075177049, -0.0008334750173525196, 0.004259163947941111]], "chi2_level": 0.997, "chi2_df": 3, "chi2_threshold": 13.931422665512084, "N_raw": 31, "N_roi": 31, "N_inlier": 29, "refit": true}
{"timestamp": "16:26:22.481209", "frame": 15, "mu": [-0.5358169591603386, 3.5919335501026093, 1.3419291077794733], "Sigma": [[0.020709891134579342, 0.002956708890260892, -0.006686660497067625], [0.0029567088902608916, 0.005775780359805139, -0.00011132062911876304], [-0.006686660497067625, -0.00011132062911876293, 0.003628215767787261]], "chi2_level": 0.997, "chi2_df": 3, "chi2_threshold": 13.931422665512084, "N_raw": 49, "N_roi": 49, "N_inlier": 49, "refit": true}
{"timestamp": "16:26:22.588870", "frame": 17, "mu": [-0.5535863773705954, 3.5742769147137445, 1.3807631077664515], "Sigma": [[0.010390058679349128, 0.0017114563955390805, -0.002861776438902332], [0.0017114563955390807, 0.004961045758567446, 0.0030543624431834705], [-0.002861776438902332, 0.0030543624431834705, 0.0039060789910625397]], "chi2_level": 0.997, "chi2_df": 3, "chi2_threshold": 13.931422665512084, "N_raw": 28, "N_roi": 28, "N_inlier": 28, "refit": true}
{"timestamp": "16:26:22.642193", "frame": 18, "mu": [-0.45196695048833235, 3.6589929453122902, 1.3091473431470606], "Sigma": [[0.01397468380043657, -0.0003141875424775332, -0.003093861392733643], [-0.0003141875424775334, 0.0005705805790127029, -0.001389324893276611], [-0.003093861392733643, -0.001389324893276611, 0.006284034469065514]], "chi2_level": 0.997, "chi2_df": 3, "chi2_threshold": 13.931422665512084, "N_raw": 19, "N_roi": 19, "N_inlier": 19, "refit": true}
{"timestamp": "16:26:22.697142", "frame": 19, "mu": [-0.4801888255038591, 3.5496629943605584, 1.4018192978747919], "Sigma": [[0.012464309007118144, 0.0023269225389012, -0.0035255608755932286], [0.0023269225389012, 0.002955230589964979, 0.002065895692140486], [-0.0035255608755932286, 0.002065895692140486, 0.004568199527078531]], "chi2_level": 0.997, "chi2_df": 3, "chi2_threshold": 13.931422665512084, "N_raw": 21, "N_roi": 21, "N_inlier": 21, "refit": true}
{"timestamp": "16:26:22.752080", "frame": 20, "mu": [-0.4330227070260198, 3.53441880207264, 1.3333004081968174], "Sigma": [[0.011368071147014455, 0.002331719703430672, -0.004208622564868965], [0.002331719703430672, 0.0021546304634638054, -0.0004754023789829485], [-0.004208622564868965, -0.0004754023789829485, 0.002303165380394377]], "chi2_level": 0.997, "chi2_df": 3, "chi2_threshold": 13.931422665512084, "N_raw": 19, "N_roi": 19, "N_inlier": 17, "refit": true}
{"timestamp": "16:26:23.028793", "frame": 25, "mu": [-0.4339473580718827, 3.5614752254455015, 0.23690130998967496], "Sigma": [[0.015976156903175137, 0.003034452413294045, 0.008082354424345673], [0.003034452413294045, 0.002621699304634909, 0.004284732268361641], [0.008082354424345675, 0.004284732268361641, 0.04400696342694846]], "chi2_level": 0.997, "chi2_df": 3, "chi2_threshold": 13.931422665512084, "N_raw": 34, "N_roi": 33, "N_inlier": 31, "refit": true}
{"timestamp": "16:26:23.085607", "frame": 26, "mu": [-0.4122877325636955, 3.586877666206151, 1.2422691978585532], "Sigma": [[0.016036397424392862, -0.0006790267212591148, -0.004254569571557413], [-0.0006790267212591148, 0.0035843384163580837, -0.009661997219657183], [-0.004254569571557413, -0.009661997219657183, 0.19141609231600445]], "chi2_level": 0.997, "chi2_df": 3, "chi2_threshold": 13.931422665512084, "N_raw": 38, "N_roi": 38, "N_inlier": 38, "refit": true}
{"timestamp": "16:26:23.138867", "frame": 27, "mu": [-0.3335369508941048, 3.5498470598814897, 1.3362493692761337], "Sigma": [[0.013541603922492432, 0.0015637577760137366, -0.0035818522647620616], [0.0015637577760137366, 0.0020978939799938764, 0.0004489896674971965], [-0.0035818522647620616, 0.0004489896674971965, 0.002387307247708987]], "chi2_level": 0.997, "chi2_df": 3, "chi2_threshold": 13.931422665512084, "N_raw": 22, "N_roi": 22, "N_inlier": 22, "refit": true}
{"timestamp": "16:26:23.192352", "frame": 28, "mu": [-0.30897235181736304, 3.5921624495797753, 1.2252127281341374], "Sigma": [[0.01357321154290089, 0.0025932955146383053, 0.04075411666268121], [0.0025932955146383053, 0.0026889499900891534, 0.00981227063260113], [0.04075411666268121, 0.00981227063260113, 0.19698905972711878]], "chi2_level": 0.997, "chi2_df": 3, "chi2_threshold": 13.931422665512084, "N_raw": 14, "N_roi": 14, "N_inlier": 14, "refit": true}
{"timestamp": "16:26:23.248236", "frame": 29, "mu": [-0.3325975193562943, 3.6425095685766977, 1.011237003845419], "Sigma": [[0.0055299809247758526, 0.0011473281162441937, 0.01535931008644232], [0.0011473281162441937, 0.005024173890484074, -0.008337421606978805], [0.015359310086442321, -0.008337421606978805, 0.3592212298292531]], "chi2_level": 0.997, "chi2_df": 3, "chi2_threshold": 13.931422665512084, "N_raw": 21, "N_roi": 21, "N_inlier": 21, "refit": true}
{"timestamp": "16:26:23.305186", "frame": 30, "mu": [-0.30318396605035103, 3.6013351521325725, 1.3574373956135328], "Sigma": [[0.012483978717030374, 0.0018248244091335299, -0.003506083486535033], [0.00182482440913353, 0.004169292594233148, 0.0021478365567369198], [-0.0035060834865350333, 0.0021478365567369198, 0.004122149494209247]], "chi2_level": 0.997, "chi2_df": 3, "chi2_threshold": 13.931422665512084, "N_raw": 34, "N_roi": 34, "N_inlier": 31, "refit": true}
{"timestamp": "16:26:23.361202", "frame": 31, "mu": [-0.20017662241650647, 3.672291683506884, 1.4338719476804833], "Sigma": [[0.016497059398071418, 0.0008934877477230526, -0.0008667816965189451], [0.0008934877477230527, 0.0028737323886612633, -0.0003639770358488464], [-0.000866781696518945, -0.0003639770358488464, 0.00022052770920440474]], "chi2_level": 0.997, "chi2_df": 3, "chi2_threshold": 13.931422665512084, "N_raw": 38, "N_roi": 38, "N_inlier": 36, "refit": true}
{"timestamp": "16:26:23.636660", "frame": 36, "mu": [-0.08074728383242215, 3.6510509441442958, 1.0479608413441255], "Sigma": [[0.01286717032043242, 0.004552678170366367, 0.012013030437194932], [0.004552678170366367, 0.010318033204326728, -0.008837839585961158], [0.012013030437194932, -0.008837839585961158, 0.11265525189186176]], "chi2_level": 0.997, "chi2_df": 3, "chi2_threshold": 13.931422665512084, "N_raw": 42, "N_roi": 42, "N_inlier": 42, "refit": true}
{"timestamp": "16:26:23.693676", "frame": 37, "mu": [-0.146230010377081, 3.5953504222916024, 1.0999105786169787], "Sigma": [[0.022626304273207897, 0.003021133825037557, -0.01350130927232047], [0.003021133825037557, 0.005421412490676562, -0.009720316038466969], [-0.01350130927232047, -0.009720316038466969, 0.040290918636341815]], "chi2_level": 0.997, "chi2_df": 3, "chi2_threshold": 13.931422665512084, "N_raw": 60, "N_roi": 60, "N_inlier": 58, "refit": true}
{"timestamp": "16:26:23.748913", "frame": 38, "mu": [-0.0956241992719082, 3.581456459664972, 1.0220956310327984], "Sigma": [[0.017943491864943612, 0.0012794042397958993, -0.007570839321029138], [0.0012794042397958993, 0.005329157938809809, -0.01123983143106506], [-0.007570839321029137, -0.01123983143106506, 0.030610929272320654]], "chi2_level": 0.997, "chi2_df": 3, "chi2_threshold": 13.931422665512084, "N_raw": 59, "N_roi": 57, "N_inlier": 54, "refit": true}
{"timestamp": "16:26:23.800420", "frame": 39, "mu": [-0.025302222547563206, 3.608641598913633, 1.0110322204555389], "Sigma": [[0.012925103612124376, 0.005376706325282159, -0.024206426306255777], [0.005376706325282159, 0.00699874158348046, -0.026612974594294715], [-0.02420642630625578, -0.026612974594294715, 0.12003430197005545]], "chi2_level": 0.997, "chi2_df": 3, "chi2_threshold": 13.931422665512084, "N_raw": 32, "N_roi": 32, "N_inlier": 32, "refit": true}
{"timestamp": "16:26:23.855456", "frame": 40, "mu": [0.02794284241063118, 3.6330761028059, -0.908181402562673], "Sigma": [[0.011548902613249258, 0.00024302397206841755, 0.007385426861984044], [0.0002430239720684175, 0.002490719454572913, -0.01081451991754297], [0.007385426861984045, -0.01081451991754297, 0.21792925698746943]], "chi2_level": 0.997, "chi2_df": 3, "chi2_threshold": 13.931422665512084, "N_raw": 38, "N_roi": 38, "N_inlier": 37, "refit": true}
{"timestamp": "16:26:23.909497", "frame": 41, "mu": [0.03792643185880748, 3.747303716506564, -0.10653619066510761], "Sigma": [[0.008292611086371944, 0.001244011009838919, 0.009075090383399403], [0.0012440110098389191, 0.018892260594182114, -0.04049531236415796], [0.009075090383399405, -0.04049531236415796, 0.1964878061739256]], "chi2_level": 0.997, "chi2_df": 3, "chi2_threshold": 13.931422665512084, "N_raw": 31, "N_roi": 31, "N_inlier": 31, "refit": true}
{"timestamp": "16:26:23.967907", "frame": 42, "mu": [0.1089164046523999, 3.5275367052548283, 0.9236420251000399], "Sigma": [[0.013251550314141916, -0.0007803365068188597, -0.0022335147958309053], [-0.0007803365068188598, 0.0020111066695424618, -0.010973784345375747], [-0.002233514795830905, -0.010973784345375747, 0.11067492811982489]], "chi2_level": 0.997, "chi2_df": 3, "chi2_threshold": 13.931422665512084, "N_raw": 41, "N_roi": 41, "N_inlier": 40, "refit": true}
{"timestamp": "16:26:24.024554", "frame": 43, "mu": [0.12236275742836744, 3.5029813125713125, 1.180984617333629], "Sigma": [[0.019050648706888235, -0.00209717920062023, 0.004978723772934847], [-0.00209717920062023, 0.002403382043930766, -0.008500436876593628], [0.004978723772934847, -0.008500436876593628, 0.04298896794768055]], "chi2_level": 0.997, "chi2_df": 3, "chi2_threshold": 13.931422665512084, "N_raw": 67, "N_roi": 67, "N_inlier": 65, "refit": true}
{"timestamp": "16:26:24.074661", "frame": 44, "mu": [0.22525296035320305, 3.4647920361930282, 1.4146402910773261], "Sigma": [[0.009915170005273389, -0.0014489960686176742, 0.003937228975460239], [-0.0014489960686176742, 0.002019538843656957, -0.0042720154283838775], [0.003937228975460239, -0.0042720154283838775, 0.021494540496201656]], "chi2_level": 0.997, "chi2_df": 3, "chi2_threshold": 13.931422665512084, "N_raw": 28, "N_roi": 28, "N_inlier": 26, "refit": true}
{"timestamp": "16:26:24.185978", "frame": 46, "mu": [0.2295227944890072, 3.447371434165564, 0.6807562907936973], "Sigma": [[0.009810043605762412, -0.002714007844027735, 0.031693462643617575], [-0.002714007844027735, 0.005001468225059555, -0.04300955726205209], [0.03169346264361757, -0.04300955726205209, 0.6752146707309507]], "chi2_level": 0.997, "chi2_df": 3, "chi2_threshold": 13.931422665512084, "N_raw": 42, "N_roi": 42, "N_inlier": 41, "refit": true}
{"timestamp": "16:26:24.238557", "frame": 47, "mu": [0.19876393129744488, 3.4660037685519502, 0.96644400925278], "Sigma": [[0.008030986296054794, -0.0005451044458868687, 0.001185076312134761], [-0.0005451044458868687, 0.0027547107903979967, -0.0023505313050519346], [0.001185076312134761, -0.0023505313050519346, 0.21580777768419945]], "chi2_level": 0.997, "chi2_df": 3, "chi2_threshold": 13.931422665512084, "N_raw": 18, "N_roi": 18, "N_inlier": 17, "refit": true}
{"timestamp": "16:26:24.298691", "frame": 48, "mu": [0.28092249712882633, 3.602637306042781, -0.15483792294567694], "Sigma": [[0.03269551548611242, 0.015749435800886818, -0.01548487762319488], [0.01574943580088682, 0.02007050466708665, -0.03239367802015129], [-0.01548487762319488, -0.03239367802015129, 0.12192732581533995]], "chi2_level": 0.997, "chi2_df": 3, "chi2_threshold": 13.931422665512084, "N_raw": 57, "N_roi": 57, "N_inlier": 56, "refit": true}
{"timestamp": "16:26:24.347536", "frame": 49, "mu": [0.21973746159508986, 3.3994726974242537, 0.9964806850188772], "Sigma": [[0.0033151348021702373, 0.00046508830608085424, -0.0009036654729987054], [0.00046508830608085424, 0.0030042397913585097, -0.007038001530068868], [-0.0009036654729987052, -0.007038001530068868, 0.027803705270903]], "chi2_level": 0.997, "chi2_df": 3, "chi2_threshold": 13.931422665512084, "N_raw": 10, "N_roi": 10, "N_inlier": 10, "refit": true}
{"timestamp": "16:26:24.416062", "frame": 50, "mu": [0.36338796311400035, 3.3723330776170815, 0.8882583416592096], "Sigma": [[0.0276706986353518, 0.002636850675526738, -0.017211063014124596], [0.002636850675526738, 0.008506668490534745, -0.011324930707411678], [-0.017211063014124596, -0.011324930707411678, 0.03827626093765587]], "chi2_level": 0.997, "chi2_df": 3, "chi2_threshold": 13.931422665512084, "N_raw": 111, "N_roi": 111, "N_inlier": 108, "refit": true}
{"timestamp": "16:26:24.463265", "frame": 51, "mu": [0.25585988801496085, 3.3549579529736677, 1.0470007563295112], "Sigma": [[0.019082586952323913, 0.0027438323749180054, -0.0026970291056600338], [0.002743832374918005, 0.0039489289362905165, -0.0013120111866496604], [-0.002697029105660034, -0.0013120111866496604, 0.0020071092266032947]], "chi2_level": 0.997, "chi2_df": 3, "chi2_threshold": 13.931422665512084, "N_raw": 52, "N_roi": 50, "N_inlier": 48, "refit": true}
{"timestamp": "16:26:24.515690", "frame": 52, "mu": [0.27225672115697963, 3.296311537651143, 0.940361879105608], "Sigma": [[0.013347752443921324, 0.00037855135513077025, -0.00030804745351000466], [0.0003785513551307702, 0.002481364736228324, -0.0010645785107333073], [-0.0003080474535100046, -0.0010645785107333073, 0.0009074967415583523]], "chi2_level": 0.997, "chi2_df": 3, "chi2_threshold": 13.931422665512084, "N_raw": 38, "N_roi": 38, "N_inlier": 36, "refit": true}
{"timestamp": "16:26:24.571745", "frame": 53, "mu": [0.3273479421977663, 3.2687051981093624, 0.850619079605682], "Sigma": [[0.01527133385274323, -0.0010485681095113847, -0.006980462402126731], [-0.0010485681095113851, 0.0027699553345512124, -0.00038122368194321694], [-0.006980462402126731, -0.00038122368194321694, 0.005368238655700246]], "chi2_level": 0.997, "chi2_df": 3, "chi2_threshold": 13.931422665512084, "N_raw": 40, "N_roi": 40, "N_inlier": 37, "refit": true}
{"timestamp": "16:26:24.627726", "frame": 54, "mu": [0.43959328324753216, 3.28791127427329, 0.900906676009529], "Sigma": [[0.008434744503169993, -0.0014881469091605685, 0.006266372354547308], [-0.001488146909160568, 0.0038342813667921753, -0.024256229722925713], [0.006266372354547309, -0.02425622972292571, 0.19569489230100115]], "chi2_level": 0.997, "chi2_df": 3, "chi2_threshold": 13.931422665512084, "N_raw": 47, "N_roi": 47, "N_inlier": 47, "refit": true}
{"timestamp": "16:26:24.680110", "frame": 55, "mu": [0.661208927233774, 3.2719238761333225, 0.847916240051496], "Sigma": [[0.018937063648479448, 0.005460660855918056, -0.02039418847461553], [0.005460660855918056, 0.005647406864971032, -0.020708373313692113], [-0.02039418847461553, -0.020708373313692113, 0.11243251958071553]], "chi2_level": 0.997, "chi2_df": 3, "chi2_threshold": 13.931422665512084, "N_raw": 30, "N_roi": 30, "N_inlier": 28, "refit": true}
{"timestamp": "16:26:24.738077", "frame": 56, "mu": [0.4804145740591794, 3.203579122690781, 1.202224925698195], "Sigma": [[0.011781143134775237, -0.0032062702629328827, -0.003180738020493881], [-0.0032062702629328836, 0.0038575027814293098, -0.005557035138962588], [-0.003180738020493881, -0.005557035138962588, 0.020957175725209824]], "chi2_level": 0.997, "chi2_df": 3, "chi2_threshold": 13.931422665512084, "N_raw": 58, "N_roi": 58, "N_inlier": 54, "refit": true}
{"timestamp": "16:26:24.793048", "frame": 57, "mu": [0.5180737880890693, 3.1764695644181593, 0.7999290269604085], "Sigma": [[0.009524469412610198, 9.807889315654544e-06, -0.02996393885349129], [9.807889315654615e-06, 0.0029180671951512835, -0.019921239171656807], [-0.02996393885349129, -0.019921239171656807, 0.3308980829289454]], "chi2_level": 0.997, "chi2_df": 3, "chi2_threshold": 13.931422665512084, "N_raw": 47, "N_roi": 47, "N_inlier": 47, "refit": true}
{"timestamp": "16:26:24.851476", "frame": 58, "mu": [0.5490274133605713, 3.1334067076839207, 0.8809731326099558], "Sigma": [[0.014366124735333635, -0.00333694518724583, -0.013198660658552283], [-0.00333694518724583, 0.003565065059909864, -0.008377176132448736], [-0.013198660658552285, -0.008377176132448736, 0.10007729161887977]], "chi2_level": 0.997, "chi2_df": 3, "chi2_threshold": 13.931422665512084, "N_raw": 67, "N_roi": 67, "N_inlier": 66, "refit": true}
{"timestamp": "16:26:24.909672", "frame": 59, "mu": [0.5636114922345402, 3.11759482880985, 0.8154473744620143], "Sigma": [[0.01968768845283073, -0.002897587134784541, -0.03309202587555655], [-0.002897587134784541, 0.003226110370370833, -0.005710755019307629], [-0.03309202587555655, -0.005710755019307629, 0.2400569294808956]], "chi2_level": 0.997, "chi2_df": 3, "chi2_threshold": 13.931422665512084, "N_raw": 96, "N_roi": 96, "N_inlier": 96, "refit": true}
{"timestamp": "16:26:24.965261", "frame": 60, "mu": [0.5835958241257231, 3.0390701383504264, 0.5674162016783169], "Sigma": [[0.019693315703992666, -0.0070827842115625764, -0.041600277357850435], [-0.0070827842115625764, 0.005214944418342491, 0.020542278650308596], [-0.04160027735785044, 0.020542278650308596, 0.3467367799300341]], "chi2_level": 0.997, "chi2_df": 3, "chi2_threshold": 13.931422665512084, "N_raw": 99, "N_roi": 99, "N_inlier": 98, "refit": true}
{"timestamp": "16:26:25.017767", "frame": 61, "mu": [0.5439612490903006, 3.0274153410284894, 0.8462644120795544], "Sigma": [[0.01818641202582588, -0.001891345472486948, -0.0019275795662470586], [-0.0018913454724869478, 0.0024684961181809296, -0.0056299739946181525], [-0.0019275795662470586, -0.005629973994618152, 0.024064733740901185]], "chi2_level": 0.997, "chi2_df": 3, "chi2_threshold": 13.931422665512084, "N_raw": 75, "N_roi": 75, "N_inlier": 71, "refit": true}
{"timestamp": "16:26:25.065981", "frame": 62, "mu": [0.6562268610592339, 3.0012193991249294, 0.849518032573811], "Sigma": [[0.01104185855127686, -0.00238048330776366, -0.001151363408680557], [-0.00238048330776366, 0.002539233382189755, -0.001569635825661924], [-0.001151363408680557, -0.001569635825661924, 0.0027269723939604223]], "chi2_level": 0.997, "chi2_df": 3, "chi2_threshold": 13.931422665512084, "N_raw": 37, "N_roi": 37, "N_inlier": 36, "refit": true}
{"timestamp": "16:26:25.125603", "frame": 63, "mu": [0.5857081752046122, 2.987375577323023, 0.9704058933083453], "Sigma": [[0.01518742124693465, -0.004285534464002799, 0.005698453708532326], [-0.004285534464002799, 0.0033319839907475124, -0.008143244345785616], [0.005698453708532326, -0.008143244345785616, 0.030964069410185837]], "chi2_level": 0.997, "chi2_df": 3, "chi2_threshold": 13.931422665512084, "N_raw": 70, "N_roi": 70, "N_inlier": 68, "refit": true}
{"timestamp": "16:26:25.181919", "frame": 64, "mu": [0.635020995639714, 2.9335825046232213, 1.089387034215174], "Sigma": [[0.01608557469577688, -0.004279870048468789, 0.004645562411063082], [-0.004279870048468789, 0.00412917251829736, -0.007980615098692117], [0.004645562411063081, -0.007980615098692117, 0.029415430046241066]], "chi2_level": 0.997, "chi2_df": 3, "chi2_threshold": 13.931422665512084, "N_raw": 73, "N_roi": 73, "N_inlier": 70, "refit": true}
{"timestamp": "16:26:25.233011", "frame": 65, "mu": [0.6453962704085953, 2.848207155908322, 0.9849840637763645], "Sigma": [[0.008955213531765623, -0.0008954298136407259, -0.002268759847790458], [-0.0008954298136407259, 0.01929003697252338, 0.03415650122627909], [-0.002268759847790458, 0.03415650122627909, 0.2716604712001085]], "chi2_level": 0.997, "chi2_df": 3, "chi2_threshold": 13.931422665512084, "N_raw": 51, "N_roi": 51, "N_inlier": 48, "refit": true}
{"timestamp": "16:26:25.286081", "frame": 66, "mu": [0.6753189579636415, 2.837080487996508, 1.167423533127526], "Sigma": [[0.008587528975203635, -0.0017870778050094445, -0.0028293673026298007], [-0.0017870778050094445, 0.0019791068404081107, -0.003110928416716032], [-0.0028293673026298007, -0.003110928416716032, 0.011808207200074439]], "chi2_level": 0.997, "chi2_df": 3, "chi2_threshold": 13.931422665512084, "N_raw": 37, "N_roi": 37, "N_inlier": 35, "refit": true}
{"timestamp": "16:26:25.341800", "frame": 67, "mu": [0.6349455976992436, 2.760010164485019, 0.8578849732470277], "Sigma": [[0.013008223180249148, -0.0014725017742488826, -0.0011399422235312013], [-0.0014725017742488826, 0.0035929550064440364, -0.00662436848702263], [-0.001139942223531201, -0.00662436848702263, 0.0603125748412817]], "chi2_level": 0.997, "chi2_df": 3, "chi2_threshold": 13.931422665512084, "N_raw": 45, "N_roi": 45, "N_inlier": 43, "refit": true}
{"timestamp": "16:26:25.400752", "frame": 68, "mu": [0.6512837513771093, 2.715124836421817, 0.9695345766098233], "Sigma": [[0.011454811687434334, -0.0017102817495406476, 0.0005575252795087294], [-0.0017102817495406476, 0.001274223357257166, -0.004991599765682099], [0.0005575252795087299, -0.004991599765682099, 0.03369997587730939]], "chi2_level": 0.997, "chi2_df": 3, "chi2_threshold": 13.931422665512084, "N_raw": 67, "N_roi": 67, "N_inlier": 63, "refit": true}
{"timestamp": "16:26:25.457296", "frame": 69, "mu": [0.7146913487352462, 2.6835060284230874, 0.9283917850349565], "Sigma": [[0.015608330854279056, -0.0020574152993033524, -0.009399327691691186], [-0.002057415299303352, 0.0032457311447113323, -0.004524467792600774], [-0.009399327691691186, -0.004524467792600774, 0.026809948352941218]], "chi2_level": 0.997, "chi2_df": 3, "chi2_threshold": 13.931422665512084, "N_raw": 78, "N_roi": 78, "N_inlier": 75, "refit": true}
{"timestamp": "16:26:25.510886", "frame": 70, "mu": [0.6926920031771545, 2.6953635292772784, 0.9485847489899631], "Sigma": [[0.012414819268447971, -0.0016099106948096135, -0.0013013520562102344], [-0.0016099106948096135, 0.0016035123502310849, -0.003435744246028825], [-0.0013013520562102341, -0.0034357442460288246, 0.03107932195365944]], "chi2_level": 0.997, "chi2_df": 3, "chi2_threshold": 13.931422665512084, "N_raw": 66, "N_roi": 66, "N_inlier": 63, "refit": true}
{"timestamp": "16:26:25.564360", "frame": 71, "mu": [0.7548039763217713, 2.6535114690361437, 0.974374793954539], "Sigma": [[0.013090691989842607, -0.0026495440076275767, -0.013425051072512243], [-0.0026495440076275767, 0.0015138314777273518, 0.0009859797747937642], [-0.013425051072512245, 0.000985979774793764, 0.07153029941741697]], "chi2_level": 0.997, "chi2_df": 3, "chi2_threshold": 13.931422665512084, "N_raw": 62, "N_roi": 62, "N_inlier": 58, "refit": true}
{"timestamp": "16:26:25.622788", "frame": 72, "mu": [0.676746236799315, 2.609611982118971, 1.023048877265938], "Sigma": [[0.013093904251238169, -0.002215151756869351, 0.0019357314098277776], [-0.002215151756869351, 0.00289560464103294, -0.007005890046527959], [0.001935731409827778, -0.007005890046527959, 0.0403316193352231]], "chi2_level": 0.997, "chi2_df": 3, "chi2_threshold": 13.931422665512084, "N_raw": 87, "N_roi": 87, "N_inlier": 84, "refit": true}
{"timestamp": "16:26:25.677201", "frame": 73, "mu": [0.6716599502988582, 2.565108240704703, 0.70265398054289], "Sigma": [[0.013847681935032684, -0.0027137265773621677, -0.01936327152526507], [-0.0027137265773621677, 0.002609302078834194, -0.0008596223374324756], [-0.01936327152526507, -0.0008596223374324752, 0.16338157330359152]], "chi2_level": 0.997, "chi2_df": 3, "chi2_threshold": 13.931422665512084, "N_raw": 73, "N_roi": 73, "N_inlier": 72, "refit": true}
{"timestamp": "16:26:25.735003", "frame": 74, "mu": [0.6720563461301997, 2.735790211538481, -0.28223732180081734], "Sigma": [[0.019027786588236298, -0.007933558025203236, 0.016850458556793024], [-0.007933558025203236, 0.026693143096212922, -0.10738635541387351], [0.016850458556793024, -0.10738635541387351, 0.6046108662226858]], "chi2_level": 0.997, "chi2_df": 3, "chi2_threshold": 13.931422665512084, "N_raw": 98, "N_roi": 98, "N_inlier": 97, "refit": true}
{"timestamp": "16:26:25.790280", "frame": 75, "mu": [0.6126318997626689, 2.5141537835551064, 0.9284617539303102], "Sigma": [[0.023284346705529146, -0.006843425405735109, 0.009526195652840831], [-0.006843425405735109, 0.003808103550021255, -0.005993326916572006], [0.009526195652840831, -0.005993326916572006, 0.035599029888074465]], "chi2_level": 0.997, "chi2_df": 3, "chi2_threshold": 13.931422665512084, "N_raw": 91, "N_roi": 91, "N_inlier": 87, "refit": true}
{"timestamp": "16:26:25.840757", "frame": 76, "mu": [0.5562263159281476, 2.4941070095622746, -1.095987014653718], "Sigma": [[0.034533979164990035, -0.008950430541871585, -0.04893005376298552], [-0.008950430541871583, 0.003712650255554657, 0.004900527019304938], [-0.04893005376298552, 0.004900527019304939, 0.162048122660466]], "chi2_level": 0.997, "chi2_df": 3, "chi2_threshold": 13.931422665512084, "N_raw": 57, "N_roi": 57, "N_inlier": 53, "refit": true}
{"timestamp": "16:26:25.907258", "frame": 77, "mu": [0.7924946264133446, 2.4047517480689335, 0.9999135957620339], "Sigma": [[0.039267103386516455, -0.009894958529199825, -0.010127729914604878], [-0.009894958529199825, 0.005701728885560986, -0.005435478457156473], [-0.01012772991460488, -0.005435478457156472, 0.038897980570411744]], "chi2_level": 0.997, "chi2_df": 3, "chi2_threshold": 13.931422665512084, "N_raw": 148, "N_roi": 148, "N_inlier": 144, "refit": true}
{"timestamp": "16:26:25.956887", "frame": 78, "mu": [0.6439289333487408, 2.408456286491977, 1.0506596026230717], "Sigma": [[0.023176976455306413, -0.0082697774167209, -0.021798811479831724], [-0.0082697774167209, 0.006056382288598692, 0.0047829873590134915], [-0.02179881147983172, 0.004782987359013492, 0.049538836273149964]], "chi2_level": 0.997, "chi2_df": 3, "chi2_threshold": 13.931422665512084, "N_raw": 107, "N_roi": 107, "N_inlier": 103, "refit": true}
{"timestamp": "16:26:26.014477", "frame": 79, "mu": [0.7862319694317842, 2.3140658301630954, 0.819915351282036], "Sigma": [[0.015172979901541588, -0.003259846964408943, -0.008578250195456844], [-0.003259846964408943, 0.007174699243489481, -0.023456974626137883], [-0.008578250195456842, -0.023456974626137883, 0.19683010993400465]], "chi2_level": 0.997, "chi2_df": 3, "chi2_threshold": 13.931422665512084, "N_raw": 116, "N_roi": 116, "N_inlier": 116, "refit": true}
{"timestamp": "16:26:26.067467", "frame": 80, "mu": [0.8004137149328042, 2.25521649560388, 0.6152493209350502], "Sigma": [[0.014144362728498387, -0.008438303112289717, -0.019570092160080887], [-0.008438303112289717, 0.012676948426442814, 0.01217015120037276], [-0.019570092160080887, 0.01217015120037276, 0.2745049384565728]], "chi2_level": 0.997, "chi2_df": 3, "chi2_threshold": 13.931422665512084, "N_raw": 107, "N_roi": 107, "N_inlier": 107, "refit": true}
{"timestamp": "16:26:26.120064", "frame": 81, "mu": [0.7960633322828599, 2.2268283577612307, 1.02228692170843], "Sigma": [[0.02007450814912283, -0.007599561680182065, -0.029186588649391273], [-0.007599561680182068, 0.005635597577781525, 0.007217073299269893], [-0.02918658864939127, 0.007217073299269893, 0.06617139684884392]], "chi2_level": 0.997, "chi2_df": 3, "chi2_threshold": 13.931422665512084, "N_raw": 99, "N_roi": 99, "N_inlier": 95, "refit": true}
{"timestamp": "16:26:26.178902", "frame": 82, "mu": [0.7843581613948922, 2.1564199217081863, -0.2867633975722396], "Sigma": [[0.016832005868016257, -0.0035515944505894945, 0.05569029792600498], [-0.0035515944505894945, 0.006074349577326204, -0.010155681099348127], [0.05569029792600499, -0.010155681099348127, 1.372568769037992]], "chi2_level": 0.997, "chi2_df": 3, "chi2_threshold": 13.931422665512084, "N_raw": 115, "N_roi": 115, "N_inlier": 114, "refit": true}
{"timestamp": "16:26:26.235550", "frame": 83, "mu": [0.7638632283864621, 2.138088086090706, 1.1905377035073799], "Sigma": [[0.023292692769837475, -0.005572738321164641, -0.01602409934518446], [-0.005572738321164641, 0.0057732674754732574, -0.0051849678923487266], [-0.01602409934518446, -0.0051849678923487266, 0.0398713632815652]], "chi2_level": 0.997, "chi2_df": 3, "chi2_threshold": 13.931422665512084, "N_raw": 130, "N_roi": 129, "N_inlier": 125, "refit": true}
{"timestamp": "16:26:26.288894", "frame": 84, "mu": [0.7321596253556957, 2.1160678617537383, 1.0073781516540476], "Sigma": [[0.022158848885775878, -0.006254606762169471, 0.0163867965364271], [-0.006254606762169471, 0.00478202523664367, -0.008571287461774732], [0.0163867965364271, -0.008571287461774732, 0.07361053819690247]], "chi2_level": 0.997, "chi2_df": 3, "chi2_threshold": 13.931422665512084, "N_raw": 108, "N_roi": 108, "N_inlier": 104, "refit": true}
{"timestamp": "16:26:26.344847", "frame": 85, "mu": [0.6599476895059936, 2.0778613979324416, 1.0714577363263853], "Sigma": [[0.015921869485501422, -0.004702278301365714, 0.005564332073612028], [-0.004702278301365714, 0.003344675713911825, -0.007788179081140515], [0.005564332073612028, -0.007788179081140515, 0.07669175908241632]], "chi2_level": 0.997, "chi2_df": 3, "chi2_threshold": 13.931422665512084, "N_raw": 121, "N_roi": 121, "N_inlier": 117, "refit": true}
{"timestamp": "16:26:26.402700", "frame": 86, "mu": [0.6446624272364593, 2.063659879300956, 1.17088103804109], "Sigma": [[0.017523409854563566, -0.004826262186661556, 0.0036424791592903037], [-0.004826262186661555, 0.005987438436461956, -0.01422046360958312], [0.003642479159290303, -0.01422046360958312, 0.057081901964654194]], "chi2_level": 0.997, "chi2_df": 3, "chi2_threshold": 13.931422665512084, "N_raw": 139, "N_roi": 139, "N_inlier": 134, "refit": true}
{"timestamp": "16:26:26.454506", "frame": 87, "mu": [0.7078104755716682, 2.01175658020407, 1.0351481303639674], "Sigma": [[0.03732170312677781, -0.009659525312584887, 0.026099061402087446], [-0.009659525312584887, 0.005380938339785244, -0.017634991769577484], [0.026099061402087446, -0.017634991769577488, 0.08222599066859265]], "chi2_level": 0.997, "chi2_df": 3, "chi2_threshold": 13.931422665512084, "N_raw": 122, "N_roi": 122, "N_inlier": 116, "refit": true}
{"timestamp": "16:26:26.503561", "frame": 88, "mu": [0.6053407823030821, 2.025164835993735, 0.8968750336548101], "Sigma": [[0.012641366855029755, -0.004801594887288917, -0.011656084701907786], [-0.004801594887288918, 0.004585782700046825, -0.004192313882878578], [-0.011656084701907786, -0.004192313882878578, 0.1851048338618837]], "chi2_level": 0.997, "chi2_df": 3, "chi2_threshold": 13.931422665512084, "N_raw": 82, "N_roi": 82, "N_inlier": 81, "refit": true}
{"timestamp": "16:26:26.553648", "frame": 89, "mu": [0.5526141197937541, 1.9572482101520294, 1.0619834822316432], "Sigma": [[0.00551463817146435, -0.0020747100408147765, -0.0040789900458876125], [-0.002074710040814777, 0.0045101283247362825, -0.020521094064936955], [-0.0040789900458876125, -0.020521094064936955, 0.19459063240795904]], "chi2_level": 0.997, "chi2_df": 3, "chi2_threshold": 13.931422665512084, "N_raw": 45, "N_roi": 45, "N_inlier": 43, "refit": true}
{"timestamp": "16:26:26.619274", "frame": 90, "mu": [0.579515660121705, 1.9146431664397479, 1.1476422445061338], "Sigma": [[0.010565319965084767, -0.004338828531303424, -0.006676605219830047], [-0.004338828531303424, 0.00634063534380152, -0.007657018273040638], [-0.006676605219830047, -0.007657018273040638, 0.0943559244383651]], "chi2_level": 0.997, "chi2_df": 3, "chi2_threshold": 13.931422665512084, "N_raw": 121, "N_roi": 121, "N_inlier": 118, "refit": true}
{"timestamp": "16:26:26.675398", "frame": 91, "mu": [0.6206697540110369, 1.8548701260718898, 1.1348494753523979], "Sigma": [[0.015660447503021962, -0.002588672620622758, -0.01918128682768208], [-0.002588672620622758, 0.004112292466676724, -0.003852931446407964], [-0.01918128682768208, -0.003852931446407964, 0.06862697763531735]], "chi2_level": 0.997, "chi2_df": 3, "chi2_threshold": 13.931422665512084, "N_raw": 128, "N_roi": 128, "N_inlier": 126, "refit": true}
{"timestamp": "16:26:26.726448", "frame": 92, "mu": [0.5958107997208039, 1.8111101897620374, 1.1936957712577512], "Sigma": [[0.018094752529722615, -0.004813107448408872, -0.0297153659331107], [-0.004813107448408872, 0.00453932869675125, 0.005576183783517574], [-0.0297153659331107, 0.005576183783517574, 0.06461036879099276]], "chi2_level": 0.997, "chi2_df": 3, "chi2_threshold": 13.931422665512084, "N_raw": 103, "N_roi": 103, "N_inlier": 99, "refit": true}
{"timestamp": "16:26:26.782765", "frame": 93, "mu": [0.5060883495798634, 1.8857129212817747, 0.12231700518423747], "Sigma": [[0.012241952178608271, -0.002537409158803826, 0.07008218870520383], [-0.002537409158803826, 0.012642588606149164, -0.04843567624271625], [0.07008218870520382, -0.04843567624271625, 0.5976889666061836]], "chi2_level": 0.997, "chi2_df": 3, "chi2_threshold": 13.931422665512084, "N_raw": 103, "N_roi": 103, "N_inlier": 99, "refit": true}
{"timestamp": "16:26:26.831504", "frame": 94, "mu": [0.5243267920217001, 1.9112358819119943, -0.40455067186210414], "Sigma": [[0.01467532347281162, 0.01136183936632956, -0.004871248126985636], [0.01136183936632956, 0.015403767174318407, -0.010911361665849965], [-0.0048712481269856354, -0.010911361665849967, 0.07018410435761976]], "chi2_level": 0.997, "chi2_df": 3, "chi2_threshold": 13.931422665512084, "N_raw": 71, "N_roi": 71, "N_inlier": 68, "refit": true}
{"timestamp": "16:26:26.889561", "frame": 95, "mu": [0.5006082130199256, 1.7559665945842962, 1.2421574397999653], "Sigma": [[0.014277166492599599, -0.0019890648908768857, -0.02167983916631725], [-0.0019890648908768857, 0.004112327042740566, 0.004084627246949543], [-0.02167983916631725, 0.004084627246949543, 0.08748914012225141]], "chi2_level": 0.997, "chi2_df": 3, "chi2_threshold": 13.931422665512084, "N_raw": 90, "N_roi": 90, "N_inlier": 86, "refit": true}
{"timestamp": "16:26:26.947973", "frame": 96, "mu": [0.47110232486373943, 1.7439437245336709, 1.2419465338334936], "Sigma": [[0.015086941507389129, -0.002005187684604042, -0.024161722959415842], [-0.002005187684604042, 0.0045542151307266, 0.003823170715002162], [-0.024161722959415835, 0.003823170715002162, 0.06579019729134405]], "chi2_level": 0.997, "chi2_df": 3, "chi2_threshold": 13.931422665512084, "N_raw": 116, "N_roi": 116, "N_inlier": 109, "refit": true}
{"timestamp": "16:26:26.996463", "frame": 97, "mu": [0.3519646412729253, 1.72704728969456, 1.3382461957119425], "Sigma": [[0.016005062010775145, -0.005264870521443976, -0.035317358944666935], [-0.005264870521443976, 0.0063460437846757445, 0.01623386475305056], [-0.035317358944666935, 0.01623386475305056, 0.1436415240958652]], "chi2_level": 0.997, "chi2_df": 3, "chi2_threshold": 13.931422665512084, "N_raw": 64, "N_roi": 64, "N_inlier": 61, "refit": true}
{"timestamp": "16:26:27.056990", "frame": 98, "mu": [0.4386624444234879, 1.857214764934232, -0.48985207006956516], "Sigma": [[0.011304076017415456, 0.0015102131409263835, -0.0282380454992819], [0.0015102131409263835, 0.00850950653458112, -0.024163921173454922], [-0.0282380454992819, -0.02416392117345492, 0.20646446271503932]], "chi2_level": 0.997, "chi2_df": 3, "chi2_threshold": 13.931422665512084, "N_raw": 100, "N_roi": 100, "N_inlier": 100, "refit": true}
{"timestamp": "16:26:27.112833", "frame": 99, "mu": [0.38068805173264003, 1.6592221975782582, 1.207998609966103], "Sigma": [[0.015780462216239445, -0.004053020007676601, -0.03154180241937473], [-0.004053020007676601, 0.0058966729280782665, 0.01366087251412449], [-0.03154180241937473, 0.01366087251412449, 0.12263276291013614]], "chi2_level": 0.997, "chi2_df": 3, "chi2_threshold": 13.931422665512084, "N_raw": 108, "N_roi": 108, "N_inlier": 105, "refit": true}
{"timestamp": "16:26:27.302911", "frame": 100, "mu": [0.39043590533433425, 1.612929159026468, 0.8157103493494317], "Sigma": [[0.014471543244002913, -0.003709115760488083, -0.046405854979045466], [-0.003709115760488083, 0.014000395147757664, 0.04420926669119911], [-0.046405854979045466, 0.044209266691199116, 0.5041975729986198]], "chi2_level": 0.997, "chi2_df": 3, "chi2_threshold": 13.931422665512084, "N_raw": 121, "N_roi": 121, "N_inlier": 115, "refit": true}
{"timestamp": "16:26:27.319521", "frame": 101, "mu": [0.25436195288519076, 1.6467477682189087, 1.2792832823366083], "Sigma": [[0.00996388436899149, -0.0010916207114243619, -0.006657934999660265], [-0.001091620711424362, 0.0041616700062814295, -0.0045770041362469555], [-0.006657934999660264, -0.0045770041362469555, 0.10845395776343777]], "chi2_level": 0.997, "chi2_df": 3, "chi2_threshold": 13.931422665512084, "N_raw": 96, "N_roi": 96, "N_inlier": 93, "refit": true}
{"timestamp": "16:26:27.351719", "frame": 102, "mu": [0.22316881008839085, 1.608745003482532, 1.3991416097974707], "Sigma": [[0.008662441606984555, -3.605877706634839e-05, -0.015339576566092946], [-3.605877706634817e-05, 0.005309060030689767, -0.0011826255940116108], [-0.015339576566092946, -0.0011826255940116106, 0.07992034206910603]], "chi2_level": 0.997, "chi2_df": 3, "chi2_threshold": 13.931422665512084, "N_raw": 81, "N_roi": 81, "N_inlier": 79, "refit": true}
{"timestamp": "16:26:27.397902", "frame": 103, "mu": [0.18057023171599468, 1.5702404803697583, 0.9395624190318357], "Sigma": [[0.019662092408155328, 0.004468072080085175, 0.019612120750521746], [0.004468072080085175, 0.006120689313191391, 0.02413074307871529], [0.019612120750521742, 0.02413074307871529, 0.45273784209360685]], "chi2_level": 0.997, "chi2_df": 3, "chi2_threshold": 13.931422665512084, "N_raw": 130, "N_roi": 130, "N_inlier": 129, "refit": true}
{"timestamp": "16:26:27.412167", "frame": 104, "mu": [0.24051479298036915, 1.636997810614079, -0.5075634458533581], "Sigma": [[0.013095805081107097, 0.005496157220574444, -0.018225104983870682], [0.005496157220574444, 0.0092243755168517, -0.011985051367902464], [-0.018225104983870682, -0.011985051367902464, 0.10745777069086584]], "chi2_level": 0.997, "chi2_df": 3, "chi2_threshold": 13.931422665512084, "N_raw": 116, "N_roi": 116, "N_inlier": 111, "refit": true}
{"timestamp": "16:26:27.459451", "frame": 105, "mu": [0.19560869465459269, 1.464591788871114, 1.2008261770202602], "Sigma": [[0.01095828678398453, -0.005518055886453454, -0.03963902314534532], [-0.005518055886453454, 0.0066211647500362195, 0.02160191752542088], [-0.039639023145345315, 0.02160191752542088, 0.20212528735985621]], "chi2_level": 0.997, "chi2_df": 3, "chi2_threshold": 13.931422665512084, "N_raw": 68, "N_roi": 68, "N_inlier": 64, "refit": true}
{"timestamp": "16:26:27.490584", "frame": 106, "mu": [0.22915475058028748, 1.498982134693754, 0.9554145635327549], "Sigma": [[0.008235508326381154, -0.0011347615384219244, -0.029821933933381103], [-0.0011347615384219244, 0.004350949909525523, 0.015409836584655081], [-0.029821933933381103, 0.015409836584655081, 0.310885580638891]], "chi2_level": 0.997, "chi2_df": 3, "chi2_threshold": 13.931422665512084, "N_raw": 70, "N_roi": 70, "N_inlier": 68, "refit": true}
