{"timestamp": "15:49:58.636579", "frame": 30, "mu": [1.8596300663494656, 2.968215624563372, 1.0746248779962482], "Sigma": [[0.00966079926586218, -0.012374939737278892, -0.02157854986215957], [-0.012374939737278892, 0.02004096852239764, 0.0312284222529159], [-0.02157854986215957, 0.0312284222529159, 0.05394771140601225]], "chi2_level": 0.997, "chi2_df": 3, "chi2_threshold": 13.931422665512084, "N_raw": 22, "N_roi": 22, "N_inlier": 21, "refit": true}
{"timestamp": "15:49:58.752096", "frame": 32, "mu": [1.739541390029202, 2.767628869444799, 0.6474071629150725], "Sigma": [[0.014248139373291351, -0.00844965275112285, -0.0014920661479778082], [-0.00844965275112285, 0.007169484664042277, -0.0006947263085684209], [-0.0014920661479778082, -0.0006947263085684211, 0.002576141106259122]], "chi2_level": 0.997, "chi2_df": 3, "chi2_threshold": 13.931422665512084, "N_raw": 37, "N_roi": 36, "N_inlier": 35, "refit": true}
{"timestamp": "15:49:58.804418", "frame": 33, "mu": [1.6695794923439882, 2.7353823650456723, 0.5892669995686193], "Sigma": [[0.00856440857573456, -0.005696147737103439, -0.004217339687793582], [-0.005696147737103439, 0.004729015049564384, 0.0020258436638543164], [-0.004217339687793581, 0.0020258436638543164, 0.005693017115033516]], "chi2_level": 0.997, "chi2_df": 3, "chi2_threshold": 13.931422665512084, "N_raw": 20, "N_roi": 20, "N_inlier": 19, "refit": true}
{"timestamp": "15:49:58.863818", "frame": 34, "mu": [1.6040224120108575, 2.8545070809086175, 0.8366154212240228], "Sigma": [[0.018406412622174566, -0.009413833007862443, -0.0005391641686571297], [-0.009413833007862447, 0.007567991941720693, -0.0007624250079884866], [-0.0005391641686571295, -0.0007624250079884865, 0.006089578426742037]], "chi2_level": 0.997, "chi2_df": 3, "chi2_threshold": 13.931422665512084, "N_raw": 44, "N_roi": 42, "N_inlier": 42, "refit": true}
{"timestamp": "15:49:58.918100", "frame": 35, "mu": [1.5211592593708985, 2.8749391601651415, 0.8538792204560317], "Sigma": [[0.015219573829044182, -0.005204307455810349, -1.2681030018822127e-06], [-0.005204307455810349, 0.0029928865128025497, -0.0005296229224095361], [-1.2681030018815622e-06, -0.0005296229224095364, 0.01944678628774709]], "chi2_level": 0.997, "chi2_df": 3, "chi2_threshold": 13.931422665512084, "N_raw": 39, "N_roi": 38, "N_inlier": 37, "refit": true}
{"timestamp": "15:49:58.971129", "frame": 36, "mu": [1.5055417435089475, 2.8906259280028417, 0.7652939287076815], "Sigma": [[0.012994271175399133, -0.006432989679413317, -0.005812847620387731], [-0.006432989679413317, 0.009297342604711956, -0.005992201153070866], [-0.005812847620387731, -0.005992201153070867, 0.02615737397571028]], "chi2_level": 0.997, "chi2_df": 3, "chi2_threshold": 13.931422665512084, "N_raw": 36, "N_roi": 36, "N_inlier": 36, "refit": true}
{"timestamp": "15:49:59.188577", "frame": 40, "mu": [1.2291585755096768, 2.843523806172971, 0.6526656871214469], "Sigma": [[0.0033709212811912147, -0.00014131265691026066, -0.00040361935631411734], [-0.00014131265691026064, 0.0011473877981133895, -0.001158674754739672], [-0.00040361935631411734, -0.001158674754739672, 0.0020044005953853824]], "chi2_level": 0.997, "chi2_df": 3, "chi2_threshold": 13.931422665512084, "N_raw": 12, "N_roi": 12, "N_inlier": 11, "refit": true}
{"timestamp": "15:49:59.250236", "frame": 41, "mu": [1.1637555519173048, 2.9219058409046452, 1.0371144136994561], "Sigma": [[0.01737462997031749, -0.007577017652579288, -0.012176653746287795], [-0.007577017652579287, 0.00526087104843917, 0.0004305411010480458], [-0.012176653746287793, 0.0004305411010480459, 0.028761824733183006]], "chi2_level": 0.997, "chi2_df": 3, "chi2_threshold": 13.931422665512084, "N_raw": 63, "N_roi": 63, "N_inlier": 61, "refit": true}
{"timestamp": "15:49:59.302545", "frame": 42, "mu": [0.967813313207321, 2.9997868276009227, 1.109040327314385], "Sigma": [[0.010920839663478853, -0.009659339112936018, -0.027740395991615166], [-0.009659339112936018, 0.010344808007057515, 0.031113791520867833], [-0.027740395991615166, 0.031113791520867833, 0.13149622118732732]], "chi2_level": 0.997, "chi2_df": 3, "chi2_threshold": 13.931422665512084, "N_raw": 34, "N_roi": 32, "N_inlier": 30, "refit": true}
{"timestamp": "15:49:59.356308", "frame": 43, "mu": [0.9599142405703611, 3.00570599146471, 1.133085223311057], "Sigma": [[0.009888496894679364, -0.005226099303579715, -0.005554941511358694], [-0.005226099303579715, 0.004523947367645705, 0.0027441123481439177], [-0.005554941511358694, 0.0027441123481439173, 0.031155372267813595]], "chi2_level": 0.997, "chi2_df": 3, "chi2_threshold": 13.931422665512084, "N_raw": 34, "N_roi": 33, "N_inlier": 33, "refit": true}
{"timestamp": "15:49:59.412710", "frame": 44, "mu": [0.9544000152438402, 2.941147505110262, 1.1008656460708004], "Sigma": [[0.010634005925099251, -0.006049848256460193, -0.0091843925052595], [-0.006049848256460193, 0.005081213723150498, 0.0026773463696704307], [-0.0091843925052595, 0.0026773463696704307, 0.015312976917168306]], "chi2_level": 0.997, "chi2_df": 3, "chi2_threshold": 13.931422665512084, "N_raw": 37, "N_roi": 35, "N_inlier": 34, "refit": true}
{"timestamp": "15:49:59.463475", "frame": 45, "mu": [0.8941363709525623, 2.9742426630550036, 0.6090575952207046], "Sigma": [[0.013644490703267037, 0.0018952533499147243, -0.034134964313090085], [0.001895253349914724, 0.003929725199654695, 0.007021093469793049], [-0.03413496431309009, 0.007021093469793045, 0.5065619896736896]], "chi2_level": 0.997, "chi2_df": 3, "chi2_threshold": 13.931422665512084, "N_raw": 11, "N_roi": 10, "N_inlier": 10, "refit": true}
{"timestamp": "15:49:59.522314", "frame": 46, "mu": [0.7697836516874877, 2.999392488734578, 1.247508925513223], "Sigma": [[0.011233044836892388, -0.00367859895930946, -0.01246560337553948], [-0.00367859895930946, 0.003736631199090107, -0.0004103252479388598], [-0.01246560337553948, -0.0004103252479388598, 0.025196031296641046]], "chi2_level": 0.997, "chi2_df": 3, "chi2_threshold": 13.931422665512084, "N_raw": 49, "N_roi": 49, "N_inlier": 47, "refit": true}
{"timestamp": "15:49:59.576663", "frame": 47, "mu": [0.6210545056123865, 3.044389411654087, 1.230664745602404], "Sigma": [[0.010352118692244082, -0.0010150237848066419, -0.018622023731752067], [-0.0010150237848066419, 0.0030012601912694356, -0.008463594565201207], [-0.018622023731752063, -0.008463594565201208, 0.08054119793025499]], "chi2_level": 0.997, "chi2_df": 3, "chi2_threshold": 13.931422665512084, "N_raw": 33, "N_roi": 33, "N_inlier": 31, "refit": true}
{"timestamp": "15:49:59.632165", "frame": 48, "mu": [0.5761486980512946, 2.9089247827137883, 1.3490671109533718], "Sigma": [[0.008030839429411898, -0.004234040875928611, -0.007221654440174511], [-0.004234040875928611, 0.0068366668436265045, 0.007227973603000891], [-0.007221654440174511, 0.007227973603000891, 0.009751683650608568]], "chi2_level": 0.997, "chi2_df": 3, "chi2_threshold": 13.931422665512084, "N_raw": 32, "N_roi": 32, "N_inlier": 31, "refit": true}
{"timestamp": "15:49:59.686022", "frame": 49, "mu": [0.48949379914297836, 2.924092164947762, 1.3335416591525244], "Sigma": [[0.008749618614917904, -0.004424853384253122, -0.00831120505418095], [-0.004424853384253122, 0.005975265996167131, 0.005799426254437122], [-0.00831120505418095, 0.005799426254437122, 0.009422159708568743]], "chi2_level": 0.997, "chi2_df": 3, "chi2_threshold": 13.931422665512084, "N_raw": 36, "N_roi": 34, "N_inlier": 33, "refit": true}
{"timestamp": "15:49:59.743560", "frame": 50, "mu": [0.4014800605520246, 2.9332643536265057, 1.3636967480526108], "Sigma": [[0.012471018018472033, -0.0050255901285050485, -0.01205592953406628], [-0.005025590128505049, 0.006421144116557827, 0.007947792934446429], [-0.01205592953406628, 0.007947792934446429, 0.015592818611203672]], "chi2_level": 0.997, "chi2_df": 3, "chi2_threshold": 13.931422665512084, "N_raw": 44, "N_roi": 44, "N_inlier": 41, "refit": true}
{"timestamp": "15:49:59.802701", "frame": 51, "mu": [0.3133472208513104, 2.9479046463644103, 1.0863096534565997], "Sigma": [[0.013533325206847498, -0.0033617778505784755, -0.020668934943710866], [-0.0033617778505784755, 0.0033568878228826217, -0.0040354416278186745], [-0.02066893494371087, -0.0040354416278186745, 0.10126176901633473]], "chi2_level": 0.997, "chi2_df": 3, "chi2_threshold": 13.931422665512084, "N_raw": 71, "N_roi": 67, "N_inlier": 66, "refit": true}
{"timestamp": "15:49:59.852691", "frame": 52, "mu": [0.5103665071826201, 2.9151199798583582, 0.03475096194079211], "Sigma": [[0.02568846051210321, -0.007096963752256411, -0.0549597592276991], [-0.007096963752256411, 0.003319778562660378, 0.008053988585890265], [-0.0549597592276991, 0.008053988585890265, 0.2012780498965751]], "chi2_level": 0.997, "chi2_df": 3, "chi2_threshold": 13.931422665512084, "N_raw": 34, "N_roi": 29, "N_inlier": 29, "refit": true}
{"timestamp": "15:49:59.906413", "frame": 53, "mu": [0.18400663929480937, 2.926752671147362, 0.8373182645170065], "Sigma": [[0.004964784101856649, -0.0011492097901426158, -0.006236104292408839], [-0.0011492097901426154, 0.003835852790508712, -0.02619419506873378], [-0.006236104292408839, -0.02619419506873378, 0.4268381024934932]], "chi2_level": 0.997, "chi2_df": 3, "chi2_threshold": 13.931422665512084, "N_raw": 32, "N_roi": 29, "N_inlier": 28, "refit": true}
{"timestamp": "15:49:59.964027", "frame": 54, "mu": [0.06386850047866058, 2.9008214201525795, 0.9578461380983537], "Sigma": [[0.003675224068824881, -0.00031610302518296637, 0.004802593478441301], [-0.0003161030251829663, 0.004691337139040947, -0.015583995008525644], [0.0048025934784413, -0.015583995008525644, 0.24496153972363935]], "chi2_level": 0.997, "chi2_df": 3, "chi2_threshold": 13.931422665512084, "N_raw": 45, "N_roi": 22, "N_inlier": 22, "refit": true}
{"timestamp": "15:50:00.018324", "frame": 55, "mu": [-0.029505379072453004, 2.970207313464032, 1.3312161784618097], "Sigma": [[0.010832307589267962, -0.001051791021277589, -0.018922799541701785], [-0.0010517910212775887, 0.00507563188505816, 0.009107390502871215], [-0.018922799541701785, 0.009107390502871217, 0.10697117918300034]], "chi2_level": 0.997, "chi2_df": 3, "chi2_threshold": 13.931422665512084, "N_raw": 42, "N_roi": 39, "N_inlier": 37, "refit": true}
{"timestamp": "15:50:00.068151", "frame": 56, "mu": [-0.12563687121388661, 2.969692617048191, 1.3014401998409706], "Sigma": [[0.003672846259069468, -1.986689284820149e-05, -0.0047651973743019415], [-1.986689284820149e-05, 0.0021311277864563905, 0.0005814560578903455], [-0.004765197374301942, 0.0005814560578903455, 0.024174802862722108]], "chi2_level": 0.997, "chi2_df": 3, "chi2_threshold": 13.931422665512084, "N_raw": 14, "N_roi": 13, "N_inlier": 12, "refit": true}
{"timestamp": "15:50:00.125298", "frame": 57, "mu": [-0.14912174319478322, 2.9253293231668387, 1.3095425166188828], "Sigma": [[0.009767235945201324, -0.00044854747034818595, -0.0043611707134430504], [-0.00044854747034818595, 0.0021733030685369267, -0.00039414754329817], [-0.00436117071344305, -0.00039414754329817, 0.003419935730198536]], "chi2_level": 0.997, "chi2_df": 3, "chi2_threshold": 13.931422665512084, "N_raw": 28, "N_roi": 28, "N_inlier": 27, "refit": true}
{"timestamp": "15:50:00.179081", "frame": 58, "mu": [-0.20605313623506247, 2.907352520933943, 1.2409597599681006], "Sigma": [[0.00352408945812353, 0.0009473145020399959, -0.004689733445409402], [0.0009473145020399959, 0.0023097335506018124, -0.00376844779868274], [-0.004689733445409401, -0.00376844779868274, 0.01794696441060986]], "chi2_level": 0.997, "chi2_df": 3, "chi2_threshold": 13.931422665512084, "N_raw": 16, "N_roi": 16, "N_inlier": 16, "refit": true}
{"timestamp": "15:50:00.239069", "frame": 59, "mu": [-0.3412976149749295, 2.950349992484837, 1.3385245583755607], "Sigma": [[0.012597762551806611, -0.00048248363795508933, -0.007047898148945083], [-0.00048248363795508944, 0.0039019286869962986, 0.0013280697030544808], [-0.007047898148945083, 0.001328069703054481, 0.007006147433811912]], "chi2_level": 0.997, "chi2_df": 3, "chi2_threshold": 13.931422665512084, "N_raw": 51, "N_roi": 40, "N_inlier": 38, "refit": true}
{"timestamp": "15:50:00.300189", "frame": 60, "mu": [-0.41050324040455066, 3.04627876683577, -0.2293080452764015], "Sigma": [[0.014954186973066606, 0.0021036995390661083, 0.03229778105480112], [0.002103699539066108, 0.016227291500292458, 0.003932877013640134], [0.03229778105480112, 0.003932877013640134, 0.13376903385744263]], "chi2_level": 0.997, "chi2_df": 3, "chi2_threshold": 13.931422665512084, "N_raw": 94, "N_roi": 65, "N_inlier": 64, "refit": true}
{"timestamp": "15:50:00.346100", "frame": 61, "mu": [-0.5008843913943262, 2.886324778017314, 0.5456987708946966], "Sigma": [[0.012309973215696624, 0.0007876317742786641, 0.05779695782269332], [0.000787631774278664, 0.002994212033690245, 0.0071569736554643985], [0.05779695782269332, 0.007156973655464401, 0.40185485501053464]], "chi2_level": 0.997, "chi2_df": 3, "chi2_threshold": 13.931422665512084, "N_raw": 26, "N_roi": 22, "N_inlier": 22, "refit": true}
{"timestamp": "15:50:00.403919", "frame": 62, "mu": [-0.6061178195382182, 2.894371722982968, 0.9641615095153204], "Sigma": [[0.02940969373971239, -0.0020128500878030713, 0.06355556138981959], [-0.0020128500878030713, 0.003518809308093662, -0.004537160747479934], [0.06355556138981959, -0.004537160747479935, 0.28351134867236644]], "chi2_level": 0.997, "chi2_df": 3, "chi2_threshold": 13.931422665512084, "N_raw": 50, "N_roi": 48, "N_inlier": 48, "refit": true}
{"timestamp": "15:50:00.459188", "frame": 63, "mu": [-0.6380993212583717, 3.0839096133549013, -0.07682679165340839], "Sigma": [[0.015294078048038572, -0.01096817092000053, 0.034365049376718734], [-0.010968170920000526, 0.01825742365043294, -0.04546031749810554], [0.034365049376718734, -0.04546031749810554, 0.1396995397037101]], "chi2_level": 0.997, "chi2_df": 3, "chi2_threshold": 13.931422665512084, "N_raw": 52, "N_roi": 30, "N_inlier": 30, "refit": true}
{"timestamp": "15:50:00.512169", "frame": 64, "mu": [-0.68775790470039, 2.917625394678835, 1.1738375295513408], "Sigma": [[0.008239107036299298, 0.0007967854705097638, -0.020520801898108787], [0.0007967854705097636, 0.005366979387139766, -0.0011324785563163503], [-0.020520801898108787, -0.0011324785563163503, 0.13159099423159498]], "chi2_level": 0.997, "chi2_df": 3, "chi2_threshold": 13.931422665512084, "N_raw": 37, "N_roi": 32, "N_inlier": 31, "refit": true}
{"timestamp": "15:50:00.571060", "frame": 65, "mu": [-0.7094012752205151, 2.976596772266134, 0.9652363066783447], "Sigma": [[0.03751402789818025, 0.007973157955067384, -0.10681765842900795], [0.007973157955067384, 0.008020723138737309, -0.02840148162556775], [-0.10681765842900795, -0.02840148162556775, 0.3524793874464723]], "chi2_level": 0.997, "chi2_df": 3, "chi2_threshold": 13.931422665512084, "N_raw": 64, "N_roi": 62, "N_inlier": 62, "refit": true}
{"timestamp": "15:50:00.619536", "frame": 66, "mu": [-0.7989505281224846, 3.1921399321330446, -0.5113645165892162], "Sigma": [[0.006211802523619554, 0.01217166823485911, -0.03953059601407987], [0.01217166823485911, 0.05272888159778949, -0.11841773774665507], [-0.03953059601407987, -0.11841773774665508, 0.3403799457303118]], "chi2_level": 0.997, "chi2_df": 3, "chi2_threshold": 13.931422665512084, "N_raw": 13, "N_roi": 11, "N_inlier": 10, "refit": true}
{"timestamp": "15:50:00.682879", "frame": 67, "mu": [-0.9059682652101809, 2.9453051120630973, 0.8776733670143343], "Sigma": [[0.014660330684372816, 0.0019610945092572037, -0.03603013803865249], [0.001961094509257204, 0.009964522814383382, -0.031201181559941282], [-0.03603013803865249, -0.031201181559941286, 0.2650553439984683]], "chi2_level": 0.997, "chi2_df": 3, "chi2_threshold": 13.931422665512084, "N_raw": 82, "N_roi": 80, "N_inlier": 80, "refit": true}
{"timestamp": "15:50:00.734673", "frame": 68, "mu": [-1.0533766844080157, 2.8954130524098436, 1.3544681252261788], "Sigma": [[0.011726049743037833, -0.000344206790528454, -0.022079338374311173], [-0.000344206790528454, 0.005491564726497138, 0.002151955797502379], [-0.022079338374311173, 0.002151955797502379, 0.09265650610137716]], "chi2_level": 0.997, "chi2_df": 3, "chi2_threshold": 13.931422665512084, "N_raw": 48, "N_roi": 46, "N_inlier": 44, "refit": true}
{"timestamp": "15:50:00.788018", "frame": 69, "mu": [-1.170224137944817, 2.906562446149104, 1.3740276259882802], "Sigma": [[0.008963704782061266, 0.0019818934592276097, 0.0012689668981984612], [0.0019818934592276097, 0.006268572747976062, -0.01194874901475305], [0.0012689668981984618, -0.01194874901475305, 0.14419267515397194]], "chi2_level": 0.997, "chi2_df": 3, "chi2_threshold": 13.931422665512084, "N_raw": 38, "N_roi": 38, "N_inlier": 38, "refit": true}
{"timestamp": "15:50:00.843460", "frame": 70, "mu": [-1.146350322702205, 2.8547150378779373, 1.0553502443970109], "Sigma": [[0.013490006221822176, 0.00485154094394534, -0.021668549248617636], [0.00485154094394534, 0.003477728864947851, -0.012128569571937059], [-0.021668549248617636, -0.012128569571937059, 0.05471054264906891]], "chi2_level": 0.997, "chi2_df": 3, "chi2_threshold": 13.931422665512084, "N_raw": 47, "N_roi": 47, "N_inlier": 44, "refit": true}
{"timestamp": "15:50:00.896170", "frame": 71, "mu": [-1.2477431790288422, 2.8623040316029313, 0.9944776190919632], "Sigma": [[0.021612117576531115, 0.009144994490717425, -0.027099241429864425], [0.009144994490717425, 0.005882841949899987, -0.022810743442568365], [-0.02709924142986442, -0.022810743442568365, 0.2426817247502833]], "chi2_level": 0.997, "chi2_df": 3, "chi2_threshold": 13.931422665512084, "N_raw": 23, "N_roi": 23, "N_inlier": 22, "refit": true}
{"timestamp": "15:50:00.956022", "frame": 72, "mu": [-1.3315982084995857, 2.923175874632918, 1.1480836360261681], "Sigma": [[0.01682771648686433, 0.006620047091309393, -0.022655106143144844], [0.006620047091309394, 0.007744949128364251, -0.015076601252370782], [-0.022655106143144844, -0.015076601252370782, 0.0526382650924426]], "chi2_level": 0.997, "chi2_df": 3, "chi2_threshold": 13.931422665512084, "N_raw": 57, "N_roi": 57, "N_inlier": 55, "refit": true}
{"timestamp": "15:50:01.009581", "frame": 73, "mu": [-1.4234209437130578, 2.9274500516478774, 1.1029858141813227], "Sigma": [[0.01470857966030137, 0.0055585296732121765, -0.02005551391214866], [0.0055585296732121765, 0.005651350595894379, -0.012915213431260428], [-0.02005551391214866, -0.012915213431260428, 0.04424785262291512]], "chi2_level": 0.997, "chi2_df": 3, "chi2_threshold": 13.931422665512084, "N_raw": 53, "N_roi": 53, "N_inlier": 50, "refit": true}
{"timestamp": "15:50:01.061156", "frame": 74, "mu": [-1.564378821736389, 2.9059977912059063, 1.3248750052661948], "Sigma": [[0.027278962801322054, 0.008683479723819892, -0.06711825712423228], [0.008683479723819892, 0.014388356535480958, -0.02460168818715657], [-0.06711825712423228, -0.02460168818715657, 0.17485245969430227]], "chi2_level": 0.997, "chi2_df": 3, "chi2_threshold": 13.931422665512084, "N_raw": 25, "N_roi": 25, "N_inlier": 25, "refit": true}
{"timestamp": "15:50:01.114137", "frame": 75, "mu": [-1.5203114134346285, 3.016679385755107, 0.8359623270222785], "Sigma": [[0.013228705299214688, 0.005155597259933252, -0.040410694749740086], [0.005155597259933252, 0.031252006404574775, -0.030790885165810196], [-0.040410694749740086, -0.03079088516581019, 0.15449876150520017]], "chi2_level": 0.997, "chi2_df": 3, "chi2_threshold": 13.931422665512084, "N_raw": 16, "N_roi": 11, "N_inlier": 11, "refit": true}
{"timestamp": "15:50:01.173803", "frame": 76, "mu": [-1.6846070716198078, 2.851985787922243, 0.9912223575086389], "Sigma": [[0.012593171914608329, 0.007236427592556963, -0.032020138680452954], [0.007236427592556962, 0.008555886821014354, -0.029980067653743152], [-0.03202013868045296, -0.029980067653743152, 0.1570782264576081]], "chi2_level": 0.997, "chi2_df": 3, "chi2_threshold": 13.931422665512084, "N_raw": 49, "N_roi": 49, "N_inlier": 48, "refit": true}
{"timestamp": "15:50:01.228503", "frame": 77, "mu": [-1.8378394308134665, 2.7462178031212954, 1.3953660453256984], "Sigma": [[0.014560930781716235, 0.005384284249432953, -0.011331171100548133], [0.005384284249432953, 0.005833947113569152, -0.0065382434302499615], [-0.011331171100548133, -0.0065382434302499615, 0.012736531486506235]], "chi2_level": 0.997, "chi2_df": 3, "chi2_threshold": 13.931422665512084, "N_raw": 43, "N_roi": 42, "N_inlier": 40, "refit": true}
{"timestamp": "15:50:01.284365", "frame": 78, "mu": [-1.8798602486161027, 2.824016723605979, 1.3713250720169259], "Sigma": [[0.009789036985178768, 0.0021449055649397776, -0.00932646839997656], [0.0021449055649397776, 0.010405353807054802, -0.0032353176390076534], [-0.00932646839997656, -0.003235317639007654, 0.06926865793934006]], "chi2_level": 0.997, "chi2_df": 3, "chi2_threshold": 13.931422665512084, "N_raw": 46, "N_roi": 45, "N_inlier": 44, "refit": true}
{"timestamp": "15:50:01.335374", "frame": 79, "mu": [-2.009462872089467, 2.834433870873747, 1.5802687721224953], "Sigma": [[0.011399817745167748, 0.003252757588506031, -0.01440573839990463], [0.003252757588506031, 0.004949293469852341, -0.0022714149016426323], [-0.01440573839990463, -0.0022714149016426328, 0.021144004012774414]], "chi2_level": 0.997, "chi2_df": 3, "chi2_threshold": 13.931422665512084, "N_raw": 25, "N_roi": 25, "N_inlier": 24, "refit": true}
{"timestamp": "15:50:01.392702", "frame": 80, "mu": [-2.0718102000577403, 2.8088081261294007, 1.5851956965341247], "Sigma": [[0.01363826332729911, 0.0033181542995489328, -0.015385867587703592], [0.0033181542995489328, 0.008321381257268886, -0.00044752469492939304], [-0.015385867587703592, -0.0004475246949293931, 0.022548429607418034]], "chi2_level": 0.997, "chi2_df": 3, "chi2_threshold": 13.931422665512084, "N_raw": 41, "N_roi": 41, "N_inlier": 41, "refit": true}
{"timestamp": "15:50:01.446219", "frame": 81, "mu": [-2.057888446108497, 2.6930027250689954, 1.2118944436947692], "Sigma": [[0.012719541116139084, 0.005327184624034014, -0.0089498121666968], [0.005327184624034014, 0.006357997927759521, -0.004410241824069228], [-0.0089498121666968, -0.004410241824069228, 0.007410588799300711]], "chi2_level": 0.997, "chi2_df": 3, "chi2_threshold": 13.931422665512084, "N_raw": 34, "N_roi": 34, "N_inlier": 34, "refit": true}
{"timestamp": "15:50:01.507434", "frame": 82, "mu": [-2.0657056207297297, 2.8468686382863977, 0.9341118066775812], "Sigma": [[0.04403175255389094, 0.032028419048196956, -0.10341893200263357], [0.032028419048196956, 0.03214233262869907, -0.08340084910039636], [-0.10341893200263357, -0.08340084910039636, 0.30255545181752636]], "chi2_level": 0.997, "chi2_df": 3, "chi2_threshold": 13.931422665512084, "N_raw": 64, "N_roi": 61, "N_inlier": 61, "refit": true}
{"timestamp": "15:50:01.558474", "frame": 83, "mu": [-2.1406039078211996, 2.813428870286749, 0.9967832967928967], "Sigma": [[0.03853193297693591, 0.032902621738598634, -0.09089657177607385], [0.032902621738598634, 0.035076867756623026, -0.08252837015734739], [-0.09089657177607385, -0.0825283701573474, 0.23717186576151905]], "chi2_level": 0.997, "chi2_df": 3, "chi2_threshold": 13.931422665512084, "N_raw": 38, "N_roi": 38, "N_inlier": 38, "refit": true}
{"timestamp": "15:50:01.617525", "frame": 84, "mu": [-2.352257514869746, 2.688305242697994, 1.3655002320089977], "Sigma": [[0.006507656676895883, 0.005036475170474135, -0.010265652426827792], [0.005036475170474135, 0.01575571373774747, -0.02204811511447243], [-0.010265652426827792, -0.02204811511447243, 0.05898584001381568]], "chi2_level": 0.997, "chi2_df": 3, "chi2_threshold": 13.931422665512084, "N_raw": 67, "N_roi": 28, "N_inlier": 28, "refit": true}
{"timestamp": "15:50:01.669531", "frame": 85, "mu": [-2.373820494850097, 2.766074116784946, -0.43381058275802875], "Sigma": [[0.0064124112773918706, 0.010979177880557503, 0.011801777206890608], [0.010979177880557503, 0.04263890954121464, 0.009229589783335114], [0.011801777206890608, 0.009229589783335114, 0.0796656981038697]], "chi2_level": 0.997, "chi2_df": 3, "chi2_threshold": 13.931422665512084, "N_raw": 54, "N_roi": 20, "N_inlier": 20, "refit": true}
{"timestamp": "15:50:01.725446", "frame": 86, "mu": [-2.4467674719058605, 2.632922550751805, 1.3481122664338128], "Sigma": [[0.0016752742497084016, 0.0008091237703346506, -0.00161065022833372], [0.0008091237703346506, 0.004717652851762444, -0.002533876311462758], [-0.00161065022833372, -0.002533876311462758, 0.0033145218212868397]], "chi2_level": 0.997, "chi2_df": 3, "chi2_threshold": 13.931422665512084, "N_raw": 56, "N_roi": 10, "N_inlier": 10, "refit": true}
