{"timestamp": "15:19:13.575063", "frame": 36, "mu": [1.7695982783501265, 1.8715358852978201, 1.3268929924672437], "Sigma": [[0.006993661997227477, -0.006844031362163977, -0.016462435732899447], [-0.006844031362163977, 0.01502054659455652, 0.03150616642912498], [-0.016462435732899447, 0.03150616642912498, 0.10438686107903646]], "chi2_level": 0.997, "chi2_df": 3, "chi2_threshold": 13.931422665512084, "N_raw": 32, "N_roi": 32, "N_inlier": 31, "refit": true}
{"timestamp": "15:19:13.740669", "frame": 39, "mu": [1.7016941191355501, 1.736914546430165, 0.9538449621819701], "Sigma": [[0.006824924501460693, -0.006336394985767725, -0.012597305461424898], [-0.006336394985767725, 0.00777854981546919, 0.012788860934202197], [-0.012597305461424898, 0.012788860934202197, 0.06250194167825575]], "chi2_level": 0.997, "chi2_df": 3, "chi2_threshold": 13.931422665512084, "N_raw": 26, "N_roi": 26, "N_inlier": 23, "refit": true}
{"timestamp": "15:19:13.849889", "frame": 41, "mu": [1.4476589564194149, 1.890876467404331, 1.5015075527945458], "Sigma": [[0.007307849871101777, -0.004350552087768567, -0.001675244697288115], [-0.004350552087768567, 0.005071912726037075, 0.0014034925775513012], [-0.001675244697288115, 0.0014034925775513012, 0.0008086819834636165]], "chi2_level": 0.997, "chi2_df": 3, "chi2_threshold": 13.931422665512084, "N_raw": 28, "N_roi": 28, "N_inlier": 25, "refit": true}
{"timestamp": "15:19:14.016162", "frame": 44, "mu": [1.3958247476437202, 1.9258116714488673, 0.8149819174380382], "Sigma": [[0.009478159884935443, -0.0011803959281903623, -0.026415503865156613], [-0.0011803959281903621, 0.004744221026758558, -0.007793741917370868], [-0.026415503865156613, -0.0077937419173708675, 0.1380605330817561]], "chi2_level": 0.997, "chi2_df": 3, "chi2_threshold": 13.931422665512084, "N_raw": 25, "N_roi": 25, "N_inlier": 25, "refit": true}
{"timestamp": "15:19:14.069547", "frame": 45, "mu": [1.346202623378882, 1.9319278732520024, 0.909059163506079], "Sigma": [[0.008976179538733387, 0.0009531436976037181, -0.029431506946568542], [0.0009531436976037181, 0.0019259830192665198, -0.009913355100655347], [-0.02943150694656854, -0.009913355100655347, 0.1509545120700315]], "chi2_level": 0.997, "chi2_df": 3, "chi2_threshold": 13.931422665512084, "N_raw": 18, "N_roi": 18, "N_inlier": 18, "refit": true}
{"timestamp": "15:19:14.178236", "frame": 47, "mu": [1.2278879991807188, 1.8468934489463313, 1.096017571845976], "Sigma": [[0.004169923266777896, -0.0037856767617487673, -0.019793640725065238], [-0.003785676761748768, 0.01877888017501575, 0.08566088114729978], [-0.019793640725065238, 0.08566088114729978, 0.4660062896403819]], "chi2_level": 0.997, "chi2_df": 3, "chi2_threshold": 13.931422665512084, "N_raw": 16, "N_roi": 16, "N_inlier": 16, "refit": true}
{"timestamp": "15:19:14.237396", "frame": 48, "mu": [1.1323952820848302, 1.8211218976434251, 1.2826138685626578], "Sigma": [[0.009606982720321578, -0.0036662109252571257, -0.02752808333244714], [-0.0036662109252571253, 0.004324150559755356, 0.015121194808909492], [-0.027528083332447145, 0.015121194808909492, 0.17939972542619959]], "chi2_level": 0.997, "chi2_df": 3, "chi2_threshold": 13.931422665512084, "N_raw": 39, "N_roi": 39, "N_inlier": 38, "refit": true}
{"timestamp": "15:19:14.454274", "frame": 52, "mu": [0.9277562416778892, 1.8667700314012354, 1.407619035087045], "Sigma": [[0.005089994204528527, -0.0020783862766967803, -0.006078262473761454], [-0.0020783862766967803, 0.002521631168877228, 0.002055406050072031], [-0.006078262473761454, 0.002055406050072031, 0.00834167150976008]], "chi2_level": 0.997, "chi2_df": 3, "chi2_threshold": 13.931422665512084, "N_raw": 21, "N_roi": 21, "N_inlier": 21, "refit": true}
{"timestamp": "15:19:14.510423", "frame": 53, "mu": [0.847368818832387, 1.86134601627119, 1.3325677671821234], "Sigma": [[0.005770783816013143, -0.0027960814651322827, -0.019998079573893955], [-0.0027960814651322827, 0.0040500906065987176, 0.01857877153267834], [-0.019998079573893955, 0.01857877153267834, 0.16559094874116842]], "chi2_level": 0.997, "chi2_df": 3, "chi2_threshold": 13.931422665512084, "N_raw": 27, "N_roi": 27, "N_inlier": 26, "refit": true}
{"timestamp": "15:19:14.625183", "frame": 55, "mu": [0.8062896477314431, 1.8679183932297567, 1.4056941719504528], "Sigma": [[0.0073006746669316055, -0.0006545022502367822, -0.005527945731623797], [-0.0006545022502367822, 0.0022258360364360696, -0.0021120763889764024], [-0.005527945731623797, -0.0021120763889764024, 0.009146295111994501]], "chi2_level": 0.997, "chi2_df": 3, "chi2_threshold": 13.931422665512084, "N_raw": 50, "N_roi": 50, "N_inlier": 47, "refit": true}
{"timestamp": "15:19:14.677672", "frame": 56, "mu": [0.7122241767942342, 1.8645583514151551, 1.3941751972663545], "Sigma": [[0.007032995845691813, -0.0016236354107152676, -0.003122940785050043], [-0.0016236354107152676, 0.00271096433829278, -0.0008343316124971786], [-0.003122940785050043, -0.0008343316124971786, 0.0027759091778603064]], "chi2_level": 0.997, "chi2_df": 3, "chi2_threshold": 13.931422665512084, "N_raw": 43, "N_roi": 43, "N_inlier": 40, "refit": true}
{"timestamp": "15:19:14.733573", "frame": 57, "mu": [0.6590020847334178, 1.8860371144537225, 1.2729846347439455], "Sigma": [[0.00445404124262037, 0.00028089783470883894, -0.0008356838305601763], [0.000280897834708839, 0.005403738859674097, 0.029329695085922865], [-0.0008356838305601767, 0.029329695085922862, 0.2773304234647283]], "chi2_level": 0.997, "chi2_df": 3, "chi2_threshold": 13.931422665512084, "N_raw": 38, "N_roi": 36, "N_inlier": 34, "refit": true}
{"timestamp": "15:19:14.790705", "frame": 58, "mu": [0.6159494874947923, 1.8256978589870134, 0.965468406968509], "Sigma": [[0.01025262122255874, 0.0026133940512170334, 0.01948005082747309], [0.002613394051217034, 0.007564423713748645, 0.04303644440200324], [0.01948005082747309, 0.04303644440200324, 0.4084525522173336]], "chi2_level": 0.997, "chi2_df": 3, "chi2_threshold": 13.931422665512084, "N_raw": 55, "N_roi": 55, "N_inlier": 55, "refit": true}
{"timestamp": "15:19:14.842782", "frame": 59, "mu": [0.6136361874272502, 1.8531000654333076, 1.2654069791123197], "Sigma": [[0.006587066288300148, -0.0008437923376859045, -0.0037133188630226414], [-0.0008437923376859045, 0.003772082075239872, 0.001697639293193747], [-0.0037133188630226414, 0.001697639293193747, 0.04864357176763499]], "chi2_level": 0.997, "chi2_df": 3, "chi2_threshold": 13.931422665512084, "N_raw": 44, "N_roi": 44, "N_inlier": 40, "refit": true}
{"timestamp": "15:19:14.901940", "frame": 60, "mu": [0.4884667948614973, 1.8488131046436869, 1.3718283311815787], "Sigma": [[0.0065407797525055674, -0.00012262736306103736, -0.006426906446835794], [-0.00012262736306103744, 0.006401072573824499, 0.00016880541580791637], [-0.006426906446835794, 0.00016880541580791632, 0.027363782774466945]], "chi2_level": 0.997, "chi2_df": 3, "chi2_threshold": 13.931422665512084, "N_raw": 69, "N_roi": 69, "N_inlier": 65, "refit": true}
{"timestamp": "15:19:14.955452", "frame": 61, "mu": [0.3112927610550349, 1.8461268397257715, 1.1620728402637381], "Sigma": [[0.019711292798731343, -0.0005369267148575309, 0.06945760389776323], [-0.0005369267148575309, 0.003679491972557779, 0.0050819503219], [0.06945760389776323, 0.0050819503219, 0.37509316253816904]], "chi2_level": 0.997, "chi2_df": 3, "chi2_threshold": 13.931422665512084, "N_raw": 53, "N_roi": 53, "N_inlier": 51, "refit": true}
{"timestamp": "15:19:15.009802", "frame": 62, "mu": [0.30470172080570873, 1.8603966453736052, 1.4394874366853982], "Sigma": [[0.0057521348760804164, -0.0005882605188406253, 0.0007433156777664279], [-0.0005882605188406253, 0.002870004112640316, 0.002297599352077721], [0.0007433156777664274, 0.0022975993520777207, 0.06048554988980139]], "chi2_level": 0.997, "chi2_df": 3, "chi2_threshold": 13.931422665512084, "N_raw": 49, "N_roi": 49, "N_inlier": 45, "refit": true}
{"timestamp": "15:19:15.066602", "frame": 63, "mu": [0.24336909363792317, 1.8522008690618617, 1.5340096590510062], "Sigma": [[0.006353346489758271, 0.000216696800136206, -0.003271670318346906], [0.0002166968001362059, 0.004302196711784453, -0.0016766070960734813], [-0.003271670318346906, -0.0016766070960734813, 0.002766673916344076]], "chi2_level": 0.997, "chi2_df": 3, "chi2_threshold": 13.931422665512084, "N_raw": 60, "N_roi": 60, "N_inlier": 57, "refit": true}
{"timestamp": "15:19:15.122611", "frame": 64, "mu": [0.1834600998059563, 1.8543844169489334, 1.46294442210344], "Sigma": [[0.008823383871547128, -0.002197759292377025, -0.026834485036117066], [-0.002197759292377025, 0.005426360238026424, 0.007550546035908786], [-0.02683448503611707, 0.007550546035908788, 0.15165781965305486]], "chi2_level": 0.997, "chi2_df": 3, "chi2_threshold": 13.931422665512084, "N_raw": 64, "N_roi": 63, "N_inlier": 60, "refit": true}
{"timestamp": "15:19:15.172876", "frame": 65, "mu": [0.08440122198763267, 1.8470116846818347, 1.5769175340038726], "Sigma": [[0.005363370747216839, -0.0021921518856173605, -0.004820701475984364], [-0.0021921518856173605, 0.004176701488806022, 0.001959707885486343], [-0.004820701475984364, 0.001959707885486343, 0.005213542068218908]], "chi2_level": 0.997, "chi2_df": 3, "chi2_threshold": 13.931422665512084, "N_raw": 44, "N_roi": 44, "N_inlier": 42, "refit": true}
{"timestamp": "15:19:15.227570", "frame": 66, "mu": [0.11097597599564939, 1.7608296124585137, 1.3901451596808698], "Sigma": [[0.004329055192422896, -0.001431399959499076, -0.0035074115475332143], [-0.001431399959499076, 0.0036322339895596013, 0.0023675372128766294], [-0.0035074115475332147, 0.0023675372128766294, 0.0035855344402382903]], "chi2_level": 0.997, "chi2_df": 3, "chi2_threshold": 13.931422665512084, "N_raw": 34, "N_roi": 31, "N_inlier": 29, "refit": true}
{"timestamp": "15:19:15.282173", "frame": 67, "mu": [0.08279047968206277, 1.7393621274745765, 1.390272605786912], "Sigma": [[0.0031447129110425743, -0.001985342512051776, -0.004331989447654929], [-0.0019853425120517766, 0.005412008246041068, 0.0045263495745178645], [-0.00433198944765493, 0.0045263495745178645, 0.007186031229884726]], "chi2_level": 0.997, "chi2_df": 3, "chi2_threshold": 13.931422665512084, "N_raw": 35, "N_roi": 32, "N_inlier": 30, "refit": true}
{"timestamp": "15:19:15.340702", "frame": 68, "mu": [-0.12405030186710338, 1.875596887013119, 1.6899211243363568], "Sigma": [[0.005223613060538872, 0.00014763488511708727, -0.0029019032361675494], [0.0001476348851170873, 0.002493896743552014, -0.0008708566719124658], [-0.0029019032361675494, -0.0008708566719124659, 0.0022655421567644354]], "chi2_level": 0.997, "chi2_df": 3, "chi2_threshold": 13.931422665512084, "N_raw": 56, "N_roi": 40, "N_inlier": 37, "refit": true}
{"timestamp": "15:19:15.404765", "frame": 69, "mu": [-0.09813619232454225, 1.8216446373197266, -0.09616438010482141], "Sigma": [[0.013994772109074372, -0.004385877379534697, 0.08498623946902006], [-0.004385877379534697, 0.006776328217297523, -0.026551938347335442], [0.08498623946902006, -0.026551938347335442, 0.9893285308153235]], "chi2_level": 0.997, "chi2_df": 3, "chi2_threshold": 13.931422665512084, "N_raw": 116, "N_roi": 112, "N_inlier": 112, "refit": true}
{"timestamp": "15:19:15.458223", "frame": 70, "mu": [-0.16273139041328538, 1.8391534219427912, 1.0093031906679168], "Sigma": [[0.020751162569238125, -0.0001635430251898845, 0.05892312898628144], [-0.0001635430251898844, 0.0031176272787152553, 0.00703283923239012], [0.05892312898628144, 0.00703283923239012, 0.4268376767862648]], "chi2_level": 0.997, "chi2_df": 3, "chi2_threshold": 13.931422665512084, "N_raw": 100, "N_roi": 97, "N_inlier": 97, "refit": true}
{"timestamp": "15:19:15.509484", "frame": 71, "mu": [-0.2640717491575048, 1.8739378867176697, 1.4146561613739406], "Sigma": [[0.008709617753424437, 0.0002683326474513096, 0.006895297270248747], [0.0002683326474513097, 0.0066517271460222955, 0.0072364412035016284], [0.006895297270248747, 0.007236441203501629, 0.15052799319794402]], "chi2_level": 0.997, "chi2_df": 3, "chi2_threshold": 13.931422665512084, "N_raw": 72, "N_roi": 72, "N_inlier": 69, "refit": true}
{"timestamp": "15:19:15.564012", "frame": 72, "mu": [-0.25827677941289867, 1.836476920326045, 1.2176197054246902], "Sigma": [[0.008719769365069166, -0.0035597305438222074, -0.02276860675602494], [-0.0035597305438222074, 0.0036984720527218603, 0.018371943908784705], [-0.022768606756024944, 0.018371943908784705, 0.165772214628158]], "chi2_level": 0.997, "chi2_df": 3, "chi2_threshold": 13.931422665512084, "N_raw": 73, "N_roi": 72, "N_inlier": 69, "refit": true}
{"timestamp": "15:19:15.619738", "frame": 73, "mu": [-0.36751251334894686, 1.8552261917389956, -0.4394284588784853], "Sigma": [[0.008464957772459848, -0.0023531193007865076, 0.00016946111947336207], [-0.0023531193007865076, 0.010076280887434248, 0.0030686025843824037], [0.00016946111947336207, 0.0030686025843824037, 0.01968282864661247]], "chi2_level": 0.997, "chi2_df": 3, "chi2_threshold": 13.931422665512084, "N_raw": 82, "N_roi": 78, "N_inlier": 73, "refit": true}
{"timestamp": "15:19:15.673014", "frame": 74, "mu": [-0.4054314681309973, 1.8237369607080334, 1.4558324183244307], "Sigma": [[0.006479856319238932, -0.0038894137158938394, -0.009159679291200287], [-0.00388941371589384, 0.00982525488674777, 0.005411404497949777], [-0.009159679291200287, 0.005411404497949777, 0.014114113578255363]], "chi2_level": 0.997, "chi2_df": 3, "chi2_threshold": 13.931422665512084, "N_raw": 71, "N_roi": 71, "N_inlier": 68, "refit": true}
{"timestamp": "15:19:15.729243", "frame": 75, "mu": [-0.4862113168320017, 1.8581002910060664, 1.4158625466218784], "Sigma": [[0.007978135897328981, -0.003144192596097486, -0.017652390807770483], [-0.003144192596097487, 0.006851823568831346, 0.009195516979303526], [-0.01765239080777048, 0.009195516979303526, 0.07741025514668981]], "chi2_level": 0.997, "chi2_df": 3, "chi2_threshold": 13.931422665512084, "N_raw": 79, "N_roi": 79, "N_inlier": 78, "refit": true}
{"timestamp": "15:19:15.781432", "frame": 76, "mu": [-0.5546912763741673, 1.8431563677002005, 1.5023352291988634], "Sigma": [[0.006104982122177744, -0.0009718816175611415, -0.0051608336049069874], [-0.0009718816175611415, 0.006212700586804642, 0.0007160217489985948], [-0.0051608336049069874, 0.0007160217489985948, 0.0049597983956035365]], "chi2_level": 0.997, "chi2_df": 3, "chi2_threshold": 13.931422665512084, "N_raw": 58, "N_roi": 58, "N_inlier": 57, "refit": true}
{"timestamp": "15:19:15.838693", "frame": 77, "mu": [-0.596785326400669, 1.9254304725557845, -0.049881613981500275], "Sigma": [[0.006629122557469182, 0.0008267659957035443, -0.006502592062485393], [0.0008267659957035443, 0.008521692705666979, -0.0006533739700188734], [-0.006502592062485393, -0.000653373970018873, 0.016719070086064016]], "chi2_level": 0.997, "chi2_df": 3, "chi2_threshold": 13.931422665512084, "N_raw": 75, "N_roi": 75, "N_inlier": 72, "refit": true}
{"timestamp": "15:19:15.885209", "frame": 78, "mu": [-0.6828907564630338, 1.8568769252327817, 1.3918517141702762], "Sigma": [[0.0069050439188084916, -0.005393484970115459, -0.021991562298597066], [-0.005393484970115459, 0.009288962871488038, 0.022811207289820137], [-0.021991562298597066, 0.022811207289820137, 0.2029152070006141]], "chi2_level": 0.997, "chi2_df": 3, "chi2_threshold": 13.931422665512084, "N_raw": 19, "N_roi": 16, "N_inlier": 16, "refit": true}
{"timestamp": "15:19:15.946040", "frame": 79, "mu": [-0.6585711043382654, 1.7878365119304351, 1.3271407477867254], "Sigma": [[0.006107534950427211, -0.0007486017969042466, -0.0057602515826504054], [-0.0007486017969042465, 0.007330920466376534, -0.0014539803935868646], [-0.0057602515826504054, -0.0014539803935868644, 0.011713642146120659]], "chi2_level": 0.997, "chi2_df": 3, "chi2_threshold": 13.931422665512084, "N_raw": 68, "N_roi": 68, "N_inlier": 64, "refit": true}
{"timestamp": "15:19:16.000721", "frame": 80, "mu": [-0.6656858824016656, 1.7538499754763155, 1.281914568890151], "Sigma": [[0.005993925429684708, -0.0007954023507212536, -0.0035928925674204477], [-0.0007954023507212538, 0.007854381058900852, 0.0005250757288844636], [-0.0035928925674204477, 0.0005250757288844633, 0.003023669680391688]], "chi2_level": 0.997, "chi2_df": 3, "chi2_threshold": 13.931422665512084, "N_raw": 58, "N_roi": 58, "N_inlier": 56, "refit": true}
{"timestamp": "15:19:16.056618", "frame": 81, "mu": [-0.7731384003362531, 1.780703821770789, 1.339932047948903], "Sigma": [[0.00747194946802101, -0.0013477141022605827, -0.006410257764435811], [-0.0013477141022605827, 0.007264517882751803, 0.0018777102412830212], [-0.006410257764435811, 0.0018777102412830208, 0.006226755656741439]], "chi2_level": 0.997, "chi2_df": 3, "chi2_threshold": 13.931422665512084, "N_raw": 60, "N_roi": 60, "N_inlier": 57, "refit": true}
{"timestamp": "15:19:16.106469", "frame": 82, "mu": [-0.9016057864269402, 1.8062566250159209, 1.3362653369811905], "Sigma": [[0.004630546627522135, -0.00037564430140265014, -0.015312108124539175], [-0.0003756443014026503, 0.0034192768906125192, -0.00041853319097546234], [-0.015312108124539177, -0.00041853319097546267, 0.15203588742527943]], "chi2_level": 0.997, "chi2_df": 3, "chi2_threshold": 13.931422665512084, "N_raw": 30, "N_roi": 30, "N_inlier": 29, "refit": true}
{"timestamp": "15:19:16.164331", "frame": 83, "mu": [-0.9571851138417021, 1.793459026056322, 1.4772329291010688], "Sigma": [[0.0057822088036055255, 0.0006704315575206307, -0.007692584350207185], [0.0006704315575206307, 0.004706577629917586, -0.0022639348925565577], [-0.007692584350207184, -0.0022639348925565577, 0.016367910904829645]], "chi2_level": 0.997, "chi2_df": 3, "chi2_threshold": 13.931422665512084, "N_raw": 48, "N_roi": 48, "N_inlier": 44, "refit": true}
{"timestamp": "15:19:16.220681", "frame": 84, "mu": [-1.0125188070913265, 1.7512120455349862, 1.3956853300663643], "Sigma": [[0.013706101531148472, 0.003011534911479638, -0.03434597790899677], [0.003011534911479639, 0.005308891459369031, -0.016417582427301392], [-0.03434597790899677, -0.016417582427301392, 0.13696589516419386]], "chi2_level": 0.997, "chi2_df": 3, "chi2_threshold": 13.931422665512084, "N_raw": 49, "N_roi": 49, "N_inlier": 46, "refit": true}
{"timestamp": "15:19:16.278714", "frame": 85, "mu": [-0.9843829866015646, 1.8205673782883607, 1.0005732952477062], "Sigma": [[0.025980354578209786, 0.0077553913184932564, -0.0848322446779965], [0.0077553913184932564, 0.005252380423721824, -0.03240775710025921], [-0.0848322446779965, -0.03240775710025921, 0.34121348720995986]], "chi2_level": 0.997, "chi2_df": 3, "chi2_threshold": 13.931422665512084, "N_raw": 78, "N_roi": 78, "N_inlier": 77, "refit": true}
{"timestamp": "15:19:16.325100", "frame": 86, "mu": [-1.1210185595914108, 1.8285846011726243, 1.236215616342873], "Sigma": [[0.006150564071925653, 0.0029981562061248803, -0.03785133251995052], [0.0029981562061248807, 0.003715430451697119, -0.015810565803537218], [-0.03785133251995052, -0.015810565803537218, 0.2703466192852685]], "chi2_level": 0.997, "chi2_df": 3, "chi2_threshold": 13.931422665512084, "N_raw": 19, "N_roi": 19, "N_inlier": 19, "refit": true}
{"timestamp": "15:19:16.379161", "frame": 87, "mu": [-1.161325490879739, 1.8638675931059074, 0.6818658938336914], "Sigma": [[0.007260472714318772, 0.002986509303734816, -0.03323467929877844], [0.002986509303734816, 0.005160009197446342, -0.034880703911545394], [-0.03323467929877844, -0.034880703911545394, 0.29477321689281805]], "chi2_level": 0.997, "chi2_df": 3, "chi2_threshold": 13.931422665512084, "N_raw": 17, "N_roi": 17, "N_inlier": 17, "refit": true}
{"timestamp": "15:19:16.548674", "frame": 90, "mu": [-1.4736027131735712, 1.7264728849305022, 1.6406837293901226], "Sigma": [[0.022934405906685693, 0.017521634685872107, -0.01862383571003494], [0.017521634685872107, 0.01899285474188228, -0.016850652818639268], [-0.01862383571003494, -0.016850652818639268, 0.031058516090226567]], "chi2_level": 0.997, "chi2_df": 3, "chi2_threshold": 13.931422665512084, "N_raw": 49, "N_roi": 49, "N_inlier": 48, "refit": true}
{"timestamp": "15:19:16.604258", "frame": 91, "mu": [-1.6355031307532129, 1.5739931234184201, 1.5792478862486052], "Sigma": [[0.021801533978829862, 0.015021464199497975, -0.01707657781864446], [0.015021464199497977, 0.014637067688712155, -0.012628679509142007], [-0.017076577818644464, -0.012628679509142007, 0.014251539094271478]], "chi2_level": 0.997, "chi2_df": 3, "chi2_threshold": 13.931422665512084, "N_raw": 47, "N_roi": 47, "N_inlier": 45, "refit": true}
{"timestamp": "15:19:16.665725", "frame": 92, "mu": [-1.70326762608446, 1.5733348278958175, 1.6578308904038388], "Sigma": [[0.018690606407214636, 0.013006723108566785, -0.01380130740801103], [0.013006723108566785, 0.02112772379961673, -0.011652424759409663], [-0.013801307408011028, -0.011652424759409663, 0.011887287477757746]], "chi2_level": 0.997, "chi2_df": 3, "chi2_threshold": 13.931422665512084, "N_raw": 90, "N_roi": 90, "N_inlier": 90, "refit": true}
{"timestamp": "15:19:16.717435", "frame": 93, "mu": [-1.7748072488609832, 1.4394497812194798, 1.6213908394269845], "Sigma": [[0.019050522560884582, 0.0137604086720301, -0.015551830998285063], [0.0137604086720301, 0.01665045800646186, -0.011465449013268389], [-0.015551830998285063, -0.011465449013268389, 0.013822446508111938]], "chi2_level": 0.997, "chi2_df": 3, "chi2_threshold": 13.931422665512084, "N_raw": 61, "N_roi": 61, "N_inlier": 58, "refit": true}
{"timestamp": "15:19:16.772732", "frame": 94, "mu": [-1.8381767754169207, 1.5506559583021724, 1.7176286017544664], "Sigma": [[0.02504626803709529, 0.014364209324905081, -0.034939096846395], [0.014364209324905081, 0.016745680157385923, -0.018626510189123525], [-0.034939096846395006, -0.01862651018912352, 0.07205469516181823]], "chi2_level": 0.997, "chi2_df": 3, "chi2_threshold": 13.931422665512084, "N_raw": 70, "N_roi": 70, "N_inlier": 66, "refit": true}
{"timestamp": "15:19:16.831730", "frame": 95, "mu": [-1.825474479882197, 1.516916175122609, 1.658610713070373], "Sigma": [[0.022008310525255058, 0.013386741728844357, -0.026319418806295215], [0.013386741728844357, 0.02711233684568687, -0.00819646253340298], [-0.026319418806295215, -0.008196462533402981, 0.0386391741600183]], "chi2_level": 0.997, "chi2_df": 3, "chi2_threshold": 13.931422665512084, "N_raw": 98, "N_roi": 98, "N_inlier": 94, "refit": true}
{"timestamp": "15:19:16.887172", "frame": 96, "mu": [-1.840577226524429, 1.5415248707579379, 1.5077562561053568], "Sigma": [[0.01853692595820912, 0.010018455465918868, -0.019930973358894447], [0.010018455465918868, 0.02300249750451821, -0.010831506224600902], [-0.019930973358894447, -0.010831506224600902, 0.02535893751147822]], "chi2_level": 0.997, "chi2_df": 3, "chi2_threshold": 13.931422665512084, "N_raw": 99, "N_roi": 99, "N_inlier": 95, "refit": true}
{"timestamp": "15:19:16.937176", "frame": 97, "mu": [-1.9404516493328667, 1.443738882237623, 1.5290224986640235], "Sigma": [[0.014651414191231343, 0.004899259349399431, -0.01637238383938401], [0.004899259349399431, 0.01497935060235185, -0.00271668488075906], [-0.01637238383938401, -0.00271668488075906, 0.0209772752093744]], "chi2_level": 0.997, "chi2_df": 3, "chi2_threshold": 13.931422665512084, "N_raw": 66, "N_roi": 66, "N_inlier": 63, "refit": true}
{"timestamp": "15:19:16.992090", "frame": 98, "mu": [-1.9646008391450192, 1.4773902695134118, 1.4810723264842391], "Sigma": [[0.01621176479158321, 0.0035871764046877964, -0.018201402379838038], [0.0035871764046877964, 0.01127560875943833, -0.0025307600089231465], [-0.018201402379838034, -0.0025307600089231465, 0.02217073853402879]], "chi2_level": 0.997, "chi2_df": 3, "chi2_threshold": 13.931422665512084, "N_raw": 60, "N_roi": 60, "N_inlier": 57, "refit": true}
{"timestamp": "15:19:17.047692", "frame": 99, "mu": [-2.0007536763939617, 1.4931408981255214, 1.4691034994304606], "Sigma": [[0.011676220119895973, 0.005253908781632866, -0.010076039397488214], [0.005253908781632866, 0.018961592006335008, -0.006082709472048859], [-0.010076039397488214, -0.006082709472048859, 0.010735428519194458]], "chi2_level": 0.997, "chi2_df": 3, "chi2_threshold": 13.931422665512084, "N_raw": 71, "N_roi": 71, "N_inlier": 68, "refit": true}
{"timestamp": "15:19:17.176715", "frame": 100, "mu": [-2.0580170593881206, 1.5140824800475272, 1.502336086770824], "Sigma": [[0.011314970361342906, 0.005084249178293622, -0.010357827867365478], [0.005084249178293622, 0.014273461542001856, -0.005439722274815017], [-0.01035782786736548, -0.005439722274815017, 0.0108950901632412]], "chi2_level": 0.997, "chi2_df": 3, "chi2_threshold": 13.931422665512084, "N_raw": 56, "N_roi": 56, "N_inlier": 54, "refit": true}
{"timestamp": "15:19:17.182269", "frame": 101, "mu": [-2.1302982963074215, 1.5505070139985517, -0.14080742637210883], "Sigma": [[0.01036718583502575, 0.006170663634617892, -0.008442725595827937], [0.006170663634617892, 0.014863081109033477, -0.004921773541750962], [-0.008442725595827937, -0.004921773541750962, 0.011557755196794757]], "chi2_level": 0.997, "chi2_df": 3, "chi2_threshold": 13.931422665512084, "N_raw": 48, "N_roi": 48, "N_inlier": 47, "refit": true}
{"timestamp": "15:19:17.210571", "frame": 102, "mu": [-2.12926545708131, 1.464944089777047, 1.4103392421591416], "Sigma": [[0.013195581209176653, 0.005119993504319456, -0.01190351248160508], [0.005119993504319456, 0.015399201737303232, -0.007136844897004557], [-0.011903512481605084, -0.007136844897004559, 0.012827311201732418]], "chi2_level": 0.997, "chi2_df": 3, "chi2_threshold": 13.931422665512084, "N_raw": 63, "N_roi": 63, "N_inlier": 63, "refit": true}
{"timestamp": "15:19:17.262748", "frame": 103, "mu": [-2.1649037114076193, 1.3902285871209468, 1.3588654575559527], "Sigma": [[0.010543719797822308, 0.0023779079184255967, -0.009733233395979599], [0.0023779079184255963, 0.012987081062661856, 0.00020055933520385648], [-0.009733233395979599, 0.00020055933520385643, 0.010856748994878701]], "chi2_level": 0.997, "chi2_df": 3, "chi2_threshold": 13.931422665512084, "N_raw": 44, "N_roi": 44, "N_inlier": 44, "refit": true}
{"timestamp": "15:19:17.318834", "frame": 104, "mu": [-2.1868156212020318, 1.3912588388419294, 1.2738384345301086], "Sigma": [[0.010769356363586955, 0.004493675873913664, -0.007575017077142459], [0.004493675873913663, 0.014753959968230168, -0.005060012106140078], [-0.007575017077142459, -0.005060012106140077, 0.006729784953650587]], "chi2_level": 0.997, "chi2_df": 3, "chi2_threshold": 13.931422665512084, "N_raw": 50, "N_roi": 50, "N_inlier": 50, "refit": true}
{"timestamp": "15:19:17.373880", "frame": 105, "mu": [-2.2643694646654584, 1.4420235977140863, 1.2344222901543502], "Sigma": [[0.01528284651815605, 0.01590085434395947, -0.026613786066650026], [0.01590085434395947, 0.025670775988345773, -0.037477315162662124], [-0.026613786066650026, -0.03747731516266213, 0.08050383862189892]], "chi2_level": 0.997, "chi2_df": 3, "chi2_threshold": 13.931422665512084, "N_raw": 48, "N_roi": 48, "N_inlier": 47, "refit": true}
{"timestamp": "15:19:17.431610", "frame": 106, "mu": [-2.293140674489426, 1.28312549660984, 1.286965589968899], "Sigma": [[0.011983114865409627, 0.007739106003748086, -0.0065438845905381295], [0.007739106003748086, 0.0195406714634559, -0.008208450227327045], [-0.0065438845905381295, -0.008208450227327045, 0.005335383967026793]], "chi2_level": 0.997, "chi2_df": 3, "chi2_threshold": 13.931422665512084, "N_raw": 60, "N_roi": 57, "N_inlier": 54, "refit": true}
{"timestamp": "15:19:17.485092", "frame": 107, "mu": [-2.3484506872878925, 1.3091194597083688, 1.2478460952724997], "Sigma": [[0.007878431256711721, 0.005338713620283328, -0.0029742995648793327], [0.005338713620283328, 0.014592277248957173, -0.008865600179734884], [-0.0029742995648793322, -0.008865600179734884, 0.006990587987657976]], "chi2_level": 0.997, "chi2_df": 3, "chi2_threshold": 13.931422665512084, "N_raw": 53, "N_roi": 44, "N_inlier": 43, "refit": true}
{"timestamp": "15:19:17.591168", "frame": 109, "mu": [-2.40141090580983, 1.379097458404337, 1.0295483822559754], "Sigma": [[0.003217883623583692, 0.0034394529142917035, -0.0004849057954721437], [0.003439452914291704, 0.0054488338240109326, -0.004330402991958181], [-0.0004849057954721438, -0.004330402991958181, 0.018042813738829797]], "chi2_level": 0.997, "chi2_df": 3, "chi2_threshold": 13.931422665512084, "N_raw": 36, "N_roi": 24, "N_inlier": 24, "refit": true}
{"timestamp": "15:19:17.649259", "frame": 110, "mu": [-2.3910563669603877, 1.360290475000984, 1.17984887808964], "Sigma": [[0.0041600774504537376, 0.0019314554881019884, -0.001447149422724288], [0.0019314554881019884, 0.007291542062406911, -0.005546681088521941], [-0.001447149422724288, -0.005546681088521941, 0.00513838027805989]], "chi2_level": 0.997, "chi2_df": 3, "chi2_threshold": 13.931422665512084, "N_raw": 55, "N_roi": 26, "N_inlier": 26, "refit": true}
{"timestamp": "15:19:17.702580", "frame": 111, "mu": [-2.417212519742171, 1.321420127476351, 1.08205824034411], "Sigma": [[0.003189592792678438, 0.0032059089039760584, 0.00016371666422809885], [0.0032059089039760584, 0.009126634665031995, -0.005895922448550443], [0.000163716664228099, -0.005895922448550443, 0.0072487284351670745]], "chi2_level": 0.997, "chi2_df": 3, "chi2_threshold": 13.931422665512084, "N_raw": 43, "N_roi": 20, "N_inlier": 20, "refit": true}
{"timestamp": "15:19:17.758317", "frame": 112, "mu": [-2.4232764397485624, 1.3419038196946589, 1.0740956327537032], "Sigma": [[0.0029834814980701898, 0.002043341663654192, 0.00020559789255950977], [0.002043341663654192, 0.010190413778362075, -0.007606757729397982], [0.00020559789255951, -0.007606757729397982, 0.00814586531618097]], "chi2_level": 0.997, "chi2_df": 3, "chi2_threshold": 13.931422665512084, "N_raw": 53, "N_roi": 21, "N_inlier": 21, "refit": true}
{"timestamp": "15:19:17.812541", "frame": 113, "mu": [-2.447303572513652, 1.4339209003433575, 1.1166751228083145], "Sigma": [[0.0019375202342594114, 0.00013369150178124, -0.00030420791606432435], [0.0001336915017812399, 0.006517878559060426, -0.005376146224299101], [-0.00030420791606432435, -0.005376146224299101, 0.005204540200806915]], "chi2_level": 0.997, "chi2_df": 3, "chi2_threshold": 13.931422665512084, "N_raw": 47, "N_roi": 14, "N_inlier": 14, "refit": true}
