timestamp,frame,x,y,z,doppler,SNR,w_snr,d2,is_inlier
15:22:04.115146,30,-2.488100932066493,4.66010920164526,0.4667063498890162,-0.7655200204462744,28.999999351799488,1.0,3.664180445831669,1
15:22:04.115146,30,-2.462076745376048,4.6536333331532616,0.640483924662419,-0.7655200204462744,20.999999530613422,1.0,2.973419734006592,1
15:22:04.115146,30,-2.4389956912179502,4.683905448801018,0.4603301646807396,-0.7655200204462744,24.51999945193529,1.0,0.27632015245813357,1
15:22:04.115146,30,-2.4656824379271334,4.720736841794501,0.3896730994350323,-0.7655200204462744,18.11999959498644,1.0,4.295616218143812,1
15:22:04.115146,30,-2.3621693643753128,4.653100473417459,0.4718570299389903,-0.7655200204462744,15.999999642372131,1.0,4.139888060800582,1
15:22:04.115146,30,-2.388331271541613,4.690380731294667,0.4017335110327289,-0.7655200204462744,20.119999550282955,1.0,0.9633311506013751,1
15:22:04.115146,30,-2.3387704642166023,4.713211069287821,0.3956161404045335,-0.7655200204462744,16.359999634325504,1.0,3.6500805629264783,1
15:22:04.115146,30,-2.413485118721709,4.677180684466198,0.6341744308942256,-0.7655200204462744,18.639999583363533,1.0,4.009394773132172,1
15:22:04.442845,36,-2.439837986037148,4.574226228631187,-0.0518441372246832,-0.8349600223009475,26.519999407231808,1.0,0.856791831217932,1
15:22:04.442845,36,-2.46923314231612,4.629336484154496,-0.1049480057792433,-0.8349600223009475,35.759999200701714,1.0,3.6482270601682156,1
15:22:04.442845,36,-2.485457494056613,4.549599546558479,-0.0518441372246832,-0.8349600223009475,28.639999359846115,1.0,2.871663679929118,1
15:22:04.442845,36,-2.3478716110452558,4.622104919498805,-0.0518441372246832,-0.8349600223009475,23.519999474287037,1.0,0.9202280478099965,1
15:22:04.442845,36,-2.376158756882235,4.677792017258583,-0.1049480057792433,-0.8349600223009475,31.63999929279089,1.0,3.6344368447039965,1
15:22:04.442845,36,-2.3015339406332767,4.645352140464742,-0.0518441372246832,-0.8349600223009475,20.119999550282955,1.0,2.956174725907586,1
15:22:04.442845,36,-2.3268171864907514,4.696383141219656,-0.2622781921402591,-1.1132800297345966,27.119999393820763,1.0,4.7406270113656745,1
15:22:04.442845,36,-2.4541533227315084,4.492297643787399,0.1536144592758053,-0.904680024163099,10.87999975681305,1.0,4.347340369497086,1
15:22:04.550081,38,-2.4682115142138112,4.301488189516544,1.0044967254792532,-0.8349600223009475,15.999999642372131,1.0,2.0492319138349058,1
15:22:04.550081,38,-2.499577794526988,4.289875869571488,0.7445001287429829,-1.0438400278799236,15.87999964505434,1.0,2.093365011285674,1
15:22:04.550081,38,-2.35861653214811,4.259583450287241,1.215756888906402,-0.8349600223009475,8.759999804198742,0.8759999804198741,4.3654296603615474,1
15:22:04.550081,38,-2.388865935637413,4.314212872547223,1.205698922306986,-0.8349600223009475,14.51999967545271,1.0,3.000309999014708,1
15:22:04.550081,38,-2.4824754422606934,4.322238672558288,0.5736019702109756,-1.0438400278799236,9.759999781847,0.9759999781847,3.656158614518258,1
15:22:04.606051,39,-2.363343060655332,4.216950471613802,1.023220254822247,-0.8349600223009475,6.11999986320734,0.611999986320734,5.5470372702808675,1
15:22:04.606051,39,-2.350658836967028,4.243938715819866,0.8111288637201657,-0.8349600223009475,12.639999717473984,1.0,1.4669265687261364,1
15:22:04.606051,39,-2.380067370229244,4.283941471967605,0.7473946068471684,-0.7655200204462744,20.359999544918537,1.0,3.2678687933209405,1
15:22:04.606051,39,-2.270727934127152,4.360760038117023,0.566552898399534,-0.7655200204462744,19.759999558329586,1.0,2.2553506459800623,1
15:22:04.606051,39,-2.2522606105018497,4.4365975916198295,0.5429595902011395,-0.7655200204462744,8.759999804198742,0.8759999804198741,3.495541120537472,1
15:22:04.663767,40,-2.261714637821307,4.326632461014704,0.9440995243471396,-0.8349600223009475,37.11999917030335,1.0,1.1335824619353112,1
15:22:04.663767,40,-2.1890032614723283,4.293202950677171,0.9517473975508424,-0.8349600223009475,24.99999944120645,1.0,1.427771095462796,1
15:22:04.663767,40,-2.380067370229244,4.336304839626063,0.9428173554039444,-0.8349600223009475,23.75999946892261,1.0,4.0477791990025835,1
15:22:04.663767,40,-2.2325169883380305,4.283544363472003,1.005376475277997,-0.8349600223009475,28.359999366104603,1.0,1.5146873602252766,1
15:22:04.663767,40,-2.217077364232632,4.348263545117346,0.9383034928304266,-0.8349600223009475,31.999999284744263,1.0,2.239647785166348,1
15:22:04.663767,40,-2.3503062352187163,4.282082276267916,0.9560367103726986,-0.8349600223009475,40.759999088943005,1.0,0.33423814969472826,1
15:22:04.663767,40,-2.1725442691066705,4.331331940561074,0.7877119197268072,-0.904680024163099,26.75999940186739,1.0,3.277339895504419,1
15:22:04.663767,40,-2.1002069013510787,4.3346349195324265,0.9406457349552452,-0.8349600223009475,17.999999597668648,1.0,4.082151839741687,1
15:22:04.663767,40,-2.127461307120098,4.352099545356862,0.7821472567930472,-0.904680024163099,22.11999950557947,1.0,3.547857115657006,1
15:22:04.663767,40,-2.1447123161290893,4.314133363630717,0.94613911030269,-0.8349600223009475,21.359999522566795,1.0,2.5207783222742663,1
15:22:04.663767,40,-2.3199649107710045,4.239569300209111,1.0171595579663963,-0.8349600223009475,30.879999309778214,1.0,0.5666773153685654,1
15:22:04.663767,40,-2.393653082166246,4.271033123274891,1.0106929939346323,-0.8349600223009475,41.63999906927347,1.0,1.1014464566153324,1
15:22:04.663767,40,-2.363343060655332,4.216950471613802,1.023220254822247,-0.8349600223009475,31.5199992954731,1.0,0.8383014844760911,1
15:22:04.663767,40,-2.4682115142138112,4.301488189516544,1.0044967254792532,-0.8349600223009475,21.359999522566795,1.0,5.412481032711347,1
15:22:04.663767,40,-2.437348196213708,4.247700984853485,1.0169448215823396,-0.8349600223009475,39.35999912023544,1.0,1.291208474830953,1
15:22:04.663767,40,-2.4064848782136044,4.1939137801904245,1.0293929176854264,-0.8349600223009475,30.119999326765537,1.0,1.6238052465376542,1
15:22:04.663767,40,-2.4807995774835607,4.2239479576815855,1.0233094260308444,-0.8349600223009475,34.879999220371246,1.0,1.986864387004081,1
15:22:04.663767,40,-2.44938604930021,4.170461529588821,1.0356769292948182,-0.8349600223009475,27.119999393820763,1.0,2.936524708711188,1
15:22:04.663767,40,-2.4920422838339844,4.1465960650144025,1.042071661254527,-0.8349600223009475,23.519999474287037,1.0,4.790380808845395,1
15:22:04.663767,40,-2.2902112167260373,4.185196560666712,1.029764547667542,-0.8349600223009475,10.519999764859676,1.0,4.213355403380177,1
15:22:04.721627,41,-2.261714637821307,4.274923861903549,0.7511204052760978,-0.904680024163099,36.75999917834997,1.0,0.9595600637907777,1
15:22:04.721627,41,-2.2335219978130163,4.247168263714317,0.8619746936186552,-0.904680024163099,33.11999925971031,1.0,0.8683258985087479,1
15:22:04.721627,41,-2.333033039144418,4.162867819952713,1.0357475157098617,-0.904680024163099,21.87999951094389,1.0,1.815032280254207,1
15:22:04.721627,41,-2.320545100208189,4.227859712909769,0.9692560653414526,-0.904680024163099,37.51999916136265,1.0,1.8818621012921208,1
15:22:04.721627,41,-2.1893316639440954,4.255552192305206,0.8086718433616942,-0.904680024163099,27.639999382197857,1.0,1.2818082856470132,1
15:22:04.721627,41,-2.350658836967028,4.243938715819866,0.8111288637201657,-0.904680024163099,38.99999912828207,1.0,1.2237727856568923,1
15:22:04.721627,41,-2.217077364232632,4.296554946006191,0.7453243737593849,-0.904680024163099,32.51999927312136,1.0,2.0658835436553247,1
15:22:04.721627,41,-2.1242340482611226,4.341634111926402,0.307355028272106,-0.904680024163099,7.999999821186066,0.7999999821186066,10.819486173826665,1
15:22:04.721627,41,-2.145034073907272,4.276485745317731,0.803062714737274,-0.904680024163099,22.51999949663877,1.0,2.6395332671584484,1
15:22:04.721627,41,-2.16993765058477,4.274434365925557,0.5962162509508515,-0.904680024163099,27.639999382197857,1.0,3.519429336985029,1
15:22:04.721627,41,-2.1005219822601684,4.29699037693968,0.7975685152530754,-0.904680024163099,18.11999959498644,1.0,4.7708784100487325,1
15:22:04.721627,41,-2.1249087791340764,4.295177053749992,0.5906582644994434,-0.8349600223009475,22.99999948590994,1.0,3.2464912883303096,1
15:22:04.721627,41,-2.257405676146325,4.16256869538095,1.1829496799401835,-0.904680024163099,6.6399998515844345,0.6639999851584435,8.006368923953195,1
15:22:04.721627,41,-2.2427941562701807,4.307115345434305,0.584186711902259,-0.904680024163099,24.879999443888664,1.0,2.922884769122973,1
15:22:04.721627,41,-2.394610894553532,4.221020632415865,0.8172697456603366,-0.904680024163099,38.35999914258719,1.0,1.581306707358398,1
15:22:04.721627,41,-2.4814199893285616,4.212070689697431,0.9747962584550816,-0.904680024163099,30.51999931782484,1.0,5.983037079422086,1
15:22:04.721627,41,-2.4920422838339844,4.1465960650144025,1.042071661254527,-0.904680024163099,27.119999393820763,1.0,2.2742427302272175,1
15:22:04.721627,41,-2.438323493056786,4.197679157716212,0.8235240749562602,-0.904680024163099,35.11999921500683,1.0,2.8443222204435115,1
15:22:04.721627,41,-2.407086705034605,4.182192775110433,0.9814924844455868,-0.904680024163099,37.239999167621136,1.0,0.7052472622908603,1
15:22:04.721627,41,-2.3756215602135007,4.140126575527365,1.0418410137885128,-0.904680024163099,21.239999525249004,1.0,2.484300332007664,1
15:22:04.721627,41,-2.44938604930021,4.170461529588821,1.0356769292948182,-0.904680024163099,32.63999927043915,1.0,1.6355259037262027,1
15:22:04.721627,41,-2.41797252111686,4.116975101496056,1.0480444325587923,-0.904680024163099,19.759999558329586,1.0,4.10333479771013,1
15:22:04.721627,41,-2.363934098336061,4.20523522767484,0.9753182778893216,-0.904680024163099,39.11999912559986,1.0,0.8548800164871069,1
15:22:04.721627,41,-2.460081686793887,4.093415712986794,1.05435715168402,-0.904680024163099,17.759999603033066,1.0,6.715188689317327,1
15:22:04.775584,42,-1.6963583185555846,4.215935291919349,-0.2212954694154643,-1.1132800297345966,36.51999918371439,1.0,0.9191051889652031,1
15:22:04.775584,42,-1.675146503471585,4.163217868459872,-0.1935196697929608,-1.1132800297345966,37.63999915868044,1.0,4.667860818818665,1
15:22:04.775584,42,-1.717486292473244,4.268444346116139,-0.2489614832687081,-1.1132800297345966,14.359999679028988,1.0,1.1605107210640688,1
15:22:04.775584,42,-1.6291726694577542,4.179176637230296,-0.1977958089971911,-1.1132800297345966,33.11999925971031,1.0,3.2242948097021253,1
15:22:04.775584,42,-1.6498023333903271,4.232096141195225,-0.2256257559279362,-1.1132800297345966,30.759999312460423,1.0,0.7676753466385788,1
15:22:04.775584,42,-1.5995844262630674,4.225154812733664,-0.2749268042553998,-1.1132800297345966,25.359999433159828,1.0,1.4436344592511547,1
15:22:04.775584,42,-1.5528054217133438,4.240379813112029,-0.279006330811546,-1.1132800297345966,20.75999953597784,1.0,2.937181101090134,1
15:22:04.775584,42,-1.5058711379223897,4.25515220930143,-0.2829645824407691,-1.1132800297345966,17.11999961733818,1.0,5.902215672070433,1
15:22:04.775584,42,-1.7749371227406354,4.317548067772683,-0.1060818945948143,-1.1132800297345966,14.999999664723871,1.0,5.916081967520808,1
15:22:04.775584,42,-1.731181045270095,4.211111076109261,-0.0541623751039486,-1.1132800297345966,41.879999063909054,1.0,0.6012013078030496,1
15:22:04.775584,42,-1.7531024068543462,4.264434955101035,-0.0801735403142238,-1.1132800297345966,41.35999907553196,1.0,1.2172908646891238,1
15:22:04.775584,42,-1.799589139048681,4.2472766299131415,-0.0755759809366574,-1.1132800297345966,43.75999902188778,1.0,0.2823931378831691,1
15:22:04.775584,42,-1.8220028425548476,4.30017603735337,-0.1014270730730704,-1.1132800297345966,15.119999662041664,1.0,3.556061198447045,1
15:22:04.775584,42,-2.142460462116404,4.220308645476148,0.6139918910163893,-0.974120026017772,28.519999362528324,1.0,3.57326719889846,1
15:22:04.775584,42,-2.042374327465324,4.234921478620288,0.1345127528014029,-1.1830000315967482,22.239999502897263,1.0,4.1425345936637825,1
15:22:04.775584,42,-1.996538536298729,4.254428091965864,0.12928597150839,-1.1830000315967482,27.239999391138557,1.0,2.3977235973104194,1
15:22:04.775584,42,-1.9413806118882837,4.213846668434949,-0.0150516290490982,-1.1132800297345966,32.87999926507473,1.0,4.060329761330677,1
15:22:04.775584,42,-2.2907839651976616,4.173637149551622,0.9824754203102066,-0.974120026017772,20.359999544918537,1.0,8.110173459152733,1
15:22:04.775584,42,-1.826040003211824,4.197312570142342,0.0004569358674748,-1.1132800297345966,46.879998952150345,1.0,0.9042192138124058,1
15:22:04.775584,42,-1.8458959138368085,4.229670142776046,-0.0708583369267232,-1.1132800297345966,42.63999904692173,1.0,0.9671433235004774,1
15:22:04.775584,42,-1.7770864922746326,4.194167304189422,-0.0496223051012911,-1.1132800297345966,45.11999899148941,1.0,1.0620982535144958,1
15:22:04.775584,42,-2.26045752268107,4.130823821124313,1.042369537368688,-0.974120026017772,8.359999813139439,0.8359999813139438,11.015196762619752,1
15:22:04.775584,42,-1.8953663393576516,4.232376887285232,-0.0200167862256037,-1.1132800297345966,38.519999139010906,1.0,1.4607551361635431,1
15:22:04.830445,43,-2.117206247493176,4.208405273328135,0.7715630815557515,-1.0438400278799236,33.11999925971031,1.0,0.2892998101749051,1
15:22:04.830445,43,-2.0028337246906247,4.217358201035814,0.4110672612162149,-1.1132800297345966,17.999999597668648,1.0,2.9928386735758004,1
15:22:04.830445,43,-1.9589991038269288,4.212396560260372,0.7718031565401049,-1.0438400278799236,19.879999555647373,1.0,3.954792947131801,1
15:22:04.830445,43,-2.003068318953572,4.206330808024153,0.8231702761043314,-1.0438400278799236,23.639999471604824,1.0,3.353579003306506,1
15:22:04.830445,43,-2.0732716174233743,4.228643895502307,0.7661401590882635,-1.0438400278799236,31.359999299049377,1.0,1.0604887399054292,1
15:22:04.830445,43,-2.0466433325403104,4.186772040105316,0.8284110321731313,-1.0438400278799236,27.519999384880062,1.0,1.7762925084178878,1
15:22:04.830445,43,-2.090013683508474,4.16679335483105,0.8337643047582066,-1.0438400278799236,30.879999309778214,1.0,0.7091177464765779,1
15:22:04.830445,43,-2.0269991646415564,4.206192735893473,0.6210469345708636,-1.1132800297345966,28.519999362528324,1.0,0.8081667479386634,1
15:22:04.830445,43,-2.133175034859302,4.146396750053144,0.8392295585367833,-1.0438400278799236,32.63999927043915,1.0,0.15307075851390867,1
15:22:04.830445,43,-2.2047666965712844,4.179888038327425,0.8296007936031184,-1.0438400278799236,31.75999929010868,1.0,0.12864342701457626,1
15:22:04.830445,43,-2.1761230704938206,4.125584265414986,0.8448062469880628,-1.0438400278799236,32.35999927669764,1.0,0.10896589980899221,1
15:22:04.830445,43,-2.1474794444163567,4.071280492502547,0.8600117003730072,-1.0438400278799236,12.23999972641468,1.0,0.10432424297485876,1
15:22:04.830445,43,-2.291127637191987,4.136459587180984,0.8412374120163415,-1.0438400278799236,28.999999351799488,1.0,1.572695923605815,1
15:22:04.830445,43,-2.26147511011264,4.095361484417077,0.9026511975369208,-1.0438400278799236,29.999999329447743,1.0,1.0136486897718078,1
15:22:04.830445,43,-2.3336164967301896,4.151302824744758,0.9884598846057004,-1.0438400278799236,25.63999942690134,1.0,1.4168099486351142,1
15:22:04.830445,43,-2.303298895124318,4.097370421814674,1.0016014913220792,-1.0438400278799236,26.359999410808086,1.0,1.3928459930695758,1
15:22:04.830445,43,-2.345344632101696,4.0749190110203095,1.0076173287133685,-1.0438400278799236,22.51999949663877,1.0,2.38909374054104,1
15:22:04.830445,43,-2.3871558365807948,4.052062598932649,1.0137416858741302,-1.0438400278799236,18.759999580681324,1.0,3.8982062464163194,1
15:22:04.830445,43,-2.161253349401699,4.200974471179175,0.8239507009492386,-1.0438400278799236,33.359999254345894,1.0,0.19585967287902,1
15:22:04.884063,44,-1.9560205858992603,4.219636273353919,0.3596300535808219,-1.1830000315967482,19.879999555647373,1.0,2.762698793421138,1
15:22:04.884063,44,-1.928731334345607,4.238845290058841,0.1938401463368091,-1.1830000315967482,5.999999865889549,0.5999999865889549,2.543959318380306,1
15:22:04.884063,44,-2.130615651542981,4.091685071644974,0.6550018677147884,-0.8349600223009475,21.99999950826168,1.0,2.4890227187142253,1
15:22:04.884063,44,-2.0770184057745094,4.037241307801081,0.8697872737118726,-1.1132800297345966,6.7599998489022255,0.6759999848902225,6.213152706059585,1
15:22:04.884063,44,-2.1474794444163567,4.071280492502547,0.8600117003730072,-0.8349600223009475,17.359999611973763,1.0,2.926051054569779,1
15:22:04.884063,44,-2.021321483603941,4.143959038608939,0.4366198645724568,-1.1830000315967482,24.879999443888664,1.0,1.903795191318237,1
15:22:04.938447,45,-1.932775318927204,4.182153953139612,0.4263855680689874,-0.904680024163099,17.759999603033066,1.0,0.7250741448517601,1
15:22:04.938447,45,-1.9127411278833617,4.255181009707767,0.4009326701770885,-1.0438400278799236,6.519999854266644,0.6519999854266645,4.456406549763415,1
15:22:04.938447,45,-2.102571025361182,4.037827503197643,0.6727056566679208,-0.7655200204462744,17.999999597668648,1.0,2.734310209634259,1
15:22:04.938447,45,-2.2430001447231898,3.953773830613758,0.8921523168184788,-0.8349600223009475,10.119999773800371,1.0,3.4101982244137616,1
15:22:04.938447,45,-1.9514607909098445,4.109182439403324,0.4518235833039421,-0.7655200204462744,21.639999516308308,1.0,2.9319073651181498,1
15:22:04.996979,46,-1.9076653181215877,4.12782074218427,0.4468294651255009,-0.8349600223009475,45.87999897450209,1.0,0.2092584032004408,1
15:22:04.996979,46,-1.8146170329161613,4.036889166963087,0.4829652213901867,-0.6958000185841229,26.75999940186739,1.0,4.66200059488318,1
15:22:04.996979,46,-1.8391480566579608,4.091462127649258,0.4624570835869117,-0.6958000185841229,48.51999891549349,1.0,0.9622126325024363,1
15:22:04.996979,46,-1.8636790803997612,4.146035088335427,0.4419489457836374,-0.6958000185841229,48.239998921751976,1.0,0.4516228531417606,1
15:22:04.996979,46,-1.888210104141561,4.2006080490215965,0.4214408079803629,-0.6958000185841229,18.759999580681324,1.0,3.1302312568010193,1
15:22:04.996979,46,-1.7955568827351265,4.109016550403483,0.4577533901863226,-0.6958000185841229,42.9999990388751,1.0,1.1681206904181214,1
15:22:04.996979,46,-1.819506476331288,4.163823656437439,0.4371825133261973,-0.6958000185841229,47.35999894142151,1.0,1.0407011212838575,1
15:22:04.996979,46,-1.771607289138965,4.054209444369527,0.478324267046448,-0.6958000185841229,22.75999949127436,1.0,4.494753239964394,1
15:22:04.996979,46,-1.7501177142560764,4.109896338479068,0.4086464222830763,-0.6958000185841229,36.63999918103218,1.0,2.4055221124089896,1
15:22:04.996979,46,-1.775151923139565,4.181184667648401,0.4325306443924326,-0.6958000185841229,43.5199990272522,1.0,1.9668918966048896,1
15:22:04.996979,46,-1.7062136640659893,4.126589275926666,0.4041735631746894,-0.6958000185841229,30.63999931514263,1.0,2.986360341930822,1
15:22:04.996979,46,-1.7289715751271817,4.181630771435388,0.3828880249778947,-0.6958000185841229,38.1199991479516,1.0,2.1958489262648992,1
15:22:04.996979,46,-1.639478047100117,4.214168580155572,0.3741695454078431,-0.6958000185841229,32.35999927669764,1.0,5.022903291518313,1
15:22:04.996979,46,-1.594483121909695,4.229787543036512,0.3699844569172834,-0.6958000185841229,26.99999939650297,1.0,6.911436648025905,1
15:22:04.996979,46,-1.8825553173159704,4.0734875312289285,0.4672733621820146,-0.6958000185841229,51.87999884039164,1.0,1.118762532011273,1
15:22:04.996979,46,-1.843456069927449,4.218630762471396,0.4166116364660717,-0.6958000185841229,19.519999563694,1.0,4.112494532561671,1
15:22:04.996979,46,-1.861637461495074,4.0646959620556,0.6204144317904068,-0.974120026017772,30.879999309778214,1.0,1.1905509537599945,1
15:22:04.996979,46,-1.932775318927204,4.182153953139612,0.4263855680689874,-0.8349600223009475,17.23999961465597,1.0,2.478395918177012,1
15:22:04.996979,46,-1.9514607909098445,4.109182439403324,0.4518235833039421,-0.8349600223009475,41.11999908089638,1.0,0.3236684556297203,1
15:22:04.996979,46,-2.201830837529425,3.975240894222661,0.8864002344606057,-0.7655200204462744,21.639999516308308,1.0,4.8011427562443725,1
15:22:04.996979,46,-2.11851799033162,4.00426426804429,0.8301911103474562,-0.7655200204462744,25.63999942690134,1.0,2.876609702424341,1
15:22:04.996979,46,-2.144902898670056,4.017313608908207,0.6782023380763926,-0.8349600223009475,25.11999943852425,1.0,2.530525349081069,1
15:22:04.996979,46,-2.0767068504311164,4.024525816541834,0.8247620447901349,-0.904680024163099,29.759999334812164,1.0,2.5778561252918695,1
15:22:04.996979,46,-2.102571025361182,4.037827503197643,0.6727056566679208,-0.8349600223009475,30.23999932408333,1.0,1.6009883378969807,1
15:22:04.996979,46,-2.1294429429995247,4.076980716936203,0.6092697090331036,-0.8349600223009475,20.51999954134226,1.0,2.653376003092521,1
15:22:04.996979,46,-2.0325517082429414,4.003805763678518,0.6850944512785382,-0.8349600223009475,33.359999254345894,1.0,1.8008769719433537,1
15:22:04.996979,46,-2.0588950397037364,4.043409612834488,0.6221915755700951,-0.8349600223009475,36.11999919265509,1.0,0.9906462117029108,1
15:22:04.996979,46,-2.086357104499448,4.097341636877461,0.6038140169776884,-0.8349600223009475,24.759999446570877,1.0,2.227815420014661,1
15:22:04.996979,46,-2.007483097910278,4.002254769101027,0.8798166897896056,-0.904680024163099,14.999999664723871,1.0,3.4835972774988306,1
15:22:04.996979,46,-2.0161704388156387,4.063090831352606,0.6169180089621049,-0.8349600223009475,42.51999904960394,1.0,0.4455206291003988,1
15:22:04.996979,46,-1.9903737638385504,4.0232351632097645,0.6798883593647189,-0.8349600223009475,35.759999200701714,1.0,1.148997376474663,1
15:22:04.996979,46,-1.9043762438234064,4.0465073613895965,0.6252880526503146,-0.974120026017772,34.23999923467636,1.0,1.0771789891122303,1
15:22:04.996979,46,-1.9771472578002345,4.163270320219569,0.4314454222600787,-0.8349600223009475,15.519999653100967,1.0,2.1673560997213457,1
15:22:04.996979,46,-1.995061119253946,4.090122043807251,0.4569308009113277,-0.8349600223009475,35.35999920964241,1.0,0.8053680472421705,1
15:22:04.996979,46,-1.925774324019454,4.055094558587079,0.4722017443478057,-0.8349600223009475,51.759998843073845,1.0,1.6475287076534868,1
15:22:04.996979,46,-1.947996783725312,4.042256190420373,0.674791690484426,-0.8349600223009475,35.999999195337296,1.0,0.8773822877003579,1
15:22:04.996979,46,-2.043062632036873,4.117285368485262,0.5984701101993153,-0.8349600223009475,29.759999334812164,1.0,2.173790482526213,1
15:22:04.996979,46,-1.9732442225728088,4.082358384751209,0.6117552835888258,-0.8349600223009475,48.119998924434185,1.0,0.2752045298030412,1
15:22:05.050192,47,-2.0161704388156387,4.063090831352606,0.6169180089621049,-0.7655200204462744,19.35999956727028,1.0,1.664524587463999,1
15:22:05.050192,47,-1.8177735376077568,4.147370703154743,0.3920679826063284,-0.7655200204462744,9.239999793469906,0.9239999793469906,7.608904091928313,1
15:22:05.050192,47,-1.8574453165103535,4.019154320273587,0.4877172592385281,-1.2524400334514212,28.359999366104603,1.0,7.721458520383422,1
15:22:05.050192,47,-1.9043762438234064,4.0465073613895965,0.6252880526503146,-0.7655200204462744,30.999999307096004,1.0,0.9391069536136203,1
15:22:05.050192,47,-1.9732442225728088,4.082358384751209,0.6117552835888258,-0.7655200204462744,21.119999527931213,1.0,2.303949607510356,1
15:22:05.050192,47,-1.947996783725312,4.042256190420373,0.674791690484426,-0.7655200204462744,32.35999927669764,1.0,0.21401272029098972,1
15:22:05.050192,47,-1.9903737638385504,4.0232351632097645,0.6798883593647189,-0.7655200204462744,32.119999282062054,1.0,0.34607306064021315,1
15:22:05.050192,47,-1.8825553173159704,4.0734875312289285,0.4672733621820146,-0.7655200204462744,22.239999502897263,1.0,2.1478841253784036,1
15:22:05.050192,47,-1.9086016659307048,3.9856496922154863,1.2107224024445102,-1.0438400278799236,6.11999986320734,0.611999986320734,11.524544577081059,1
15:22:05.050192,47,-2.0325517082429414,4.003805763678518,0.6850944512785382,-0.7655200204462744,30.23999932408333,1.0,1.398700065704939,1
15:22:05.050192,47,-2.007483097910278,4.002254769101027,0.8798166897896056,-0.7655200204462744,28.11999937146902,1.0,0.5845281373993747,1
15:22:05.050192,47,-2.0767068504311164,4.024525816541834,0.8247620447901349,-0.7655200204462744,27.239999391138557,1.0,1.3669499072358522,1
15:22:05.050192,47,-2.048940091232113,3.9826635866750495,0.8850661312994168,-0.7655200204462744,26.87999939918518,1.0,1.060878534154718,1
15:22:05.050192,47,-2.1188358183388925,4.016976719590108,0.8752171537579521,-0.7655200204462744,23.75999946892261,1.0,2.655726188144711,1
15:22:05.050192,47,-1.9381105045734903,4.011867035683246,1.0663873441637923,-0.7655200204462744,14.239999681711195,1.0,5.752551500701226,1
15:22:05.050192,47,-2.0901921922614286,3.962672946677669,0.8904226071428964,-0.7655200204462744,24.759999446570877,1.0,2.4926851898735705,1
15:22:05.050192,47,-2.201830837529425,3.975240894222661,0.8864002344606057,-0.6958000185841229,20.359999544918537,1.0,4.847344118639636,1
15:22:05.103571,48,-1.6850606425047134,4.087599404910082,0.4693774540842994,-1.2524400334514212,18.999999575316902,1.0,4.401369330541374,1
15:22:05.103571,48,-1.732321329412044,4.116772330899103,0.6064606108140449,-0.904680024163099,21.239999525249004,1.0,1.7903367808420443,1
15:22:05.103571,48,-1.7756057027374934,4.099830203507707,0.6110002401666346,-0.904680024163099,23.11999948322773,1.0,0.488461866779376,1
15:22:05.103571,48,-1.844314031556737,4.152233770875631,0.6420505896345452,-0.904680024163099,9.879999779164793,0.9879999779164793,4.138485764226063,1
15:22:05.103571,48,-1.8323353157047368,3.9648211093182457,0.5081611562950419,-1.2524400334514212,27.359999388456345,1.0,3.0338930476046073,1
15:22:05.103571,48,-1.861637461495074,4.0646959620556,0.6204144317904068,-0.904680024163099,24.23999945819378,1.0,1.4485764437416098,1
15:22:05.103571,48,-1.894285325222916,3.91900378679538,0.667305565102748,-1.2524400334514212,18.35999958962202,1.0,3.6665736876499357,1
15:22:05.103571,48,-1.8704910450774803,3.974389469747568,1.074465285741034,-0.904680024163099,9.239999793469906,0.9239999793469906,8.039763588607475,1
15:22:05.103571,48,-1.8187125169802731,4.082470835252447,0.6156516688717462,-0.904680024163099,24.119999460875988,1.0,0.3826283462787957,1
15:22:05.158398,49,-1.5948368458391415,3.8478290600646368,-0.5205161100998641,-2.644040070619667,5.239999882876873,0.5239999882876873,3.0989778004140813,1
15:22:05.158398,49,-1.6155564577317831,3.897818828586581,-0.5532618519020245,-2.644040070619667,9.359999790787697,0.9359999790787696,2.6522439214696067,1
15:22:05.158398,49,-1.7255948125962888,3.9153343362539657,-0.5773061417334073,-2.644040070619667,9.759999781847,0.9759999781847,1.5428387339811582,1
15:22:05.158398,49,-1.741023961690761,3.873170284904581,0.5444896348000101,-1.1132800297345966,11.119999751448631,1.0,4.281035722586164,1
15:22:05.158398,49,-1.6818618007738122,3.986516456683233,1.0692517274354916,-0.904680024163099,5.119999885559082,0.5119999885559082,10.676374035177227,1
15:22:05.158398,49,-1.8113041162898105,3.954798224582978,0.6577144744040351,-0.7655200204462744,19.35999956727028,1.0,0.6806640216687552,1
15:22:05.158398,49,-1.878631804085906,3.9918043764880977,0.6438721895821591,-0.7655200204462744,17.359999611973763,1.0,0.9206396437007578,1
15:22:05.158398,49,-1.9903737638385504,4.0232351632097645,0.6798883593647189,-0.8349600223009475,8.239999815821648,0.8239999815821648,2.9931891631663046,1
15:22:05.158398,49,-1.9035711911752409,4.0123923320182255,-0.4213673796263348,-2.644040070619667,7.759999826550484,0.7759999826550483,4.1332098611850485,1
15:22:05.215574,50,-1.6074094249863915,3.840930330595483,0.3223194433294509,-0.8349600223009475,37.11999917030335,1.0,1.2674682889149387,1
15:22:05.215574,50,-1.6322733879769915,3.9122414717378393,0.3407735884472607,-0.8349600223009475,32.63999927043915,1.0,1.2930943613171948,1
15:22:05.215574,50,-1.5658870519932464,3.8562563030775032,0.3182128613796722,-0.8349600223009475,32.51999927312136,1.0,1.4425732981660369,1
15:22:05.215574,50,-1.590108732607412,3.9278045116444154,0.3366034844725205,-0.8349600223009475,28.23999936878681,1.0,2.1150867642283533,1
15:22:05.215574,50,-1.4403970953403298,3.899817281712265,0.3065407323329783,-0.8349600223009475,23.11999948322773,1.0,4.230736800868518,1
15:22:05.215574,50,-1.5456841802221144,3.9257253644212726,0.2904612290947952,-0.8349600223009475,23.9999994635582,1.0,2.9360382729926506,1
15:22:05.215574,50,-1.6742748173752933,3.896271937478017,0.3450526122556812,-0.904680024163099,36.11999919265509,1.0,0.846417568897011,1
15:22:05.215574,50,-1.5242080916068037,3.8711804406364094,0.3142139507730321,-0.8349600223009475,27.639999382197857,1.0,2.0009752129141396,1
15:22:05.215574,50,-1.6510120611121295,3.842136246326283,0.3680468288024057,-0.8349600223009475,40.3599990978837,1.0,0.7458811891335688,1
15:22:05.215574,50,-1.80722531489912,3.910487898362903,0.5286050533515558,-0.904680024163099,35.11999921500683,1.0,1.2164375451346472,1
15:22:05.215574,50,-1.6277493048489655,3.788000555174548,0.3910410453491306,-0.8349600223009475,16.99999962002039,1.0,4.223751206298617,1
15:22:05.215574,50,-1.9354938591519384,3.90050721995464,0.6722617052504725,-0.904680024163099,23.11999948322773,1.0,4.027894929964993,1
15:22:05.215574,50,-1.8619842114023293,3.805632517146716,0.5163225231952129,-0.904680024163099,26.239999413490292,1.0,3.5476156361358218,1
15:22:05.215574,50,-1.8212921633216004,3.823421523869599,0.5115559732096646,-0.904680024163099,30.999999307096004,1.0,2.0784075965660977,1
15:22:05.215574,50,-1.8487149233482836,3.8928309161383448,0.5333362274793969,-0.904680024163099,31.359999299049377,1.0,1.501611529074169,1
15:22:05.215574,50,-1.890019661853967,3.8747740646005018,0.5381745462668106,-0.904680024163099,27.119999393820763,1.0,2.209587286478308,1
15:22:05.215574,50,-1.733348340315802,3.8094447461609895,0.3768064898710579,-0.904680024163099,39.35999912023544,1.0,1.9727787214788506,1
15:22:05.215574,50,-1.763873431317432,3.9121726027914354,0.4812379793601362,-0.904680024163099,37.63999915868044,1.0,0.8402226108007835,1
15:22:05.215574,50,-1.7900860091743611,3.982316206276919,0.503473359193461,-0.904680024163099,12.23999972641468,1.0,5.717773794955563,1
15:22:05.215574,50,-1.6922648132457376,3.825989324742408,0.3723733834010538,-0.904680024163099,41.11999908089638,1.0,1.1537649024597403,1
15:22:05.215574,50,-1.722066403740682,3.929008539292687,0.4767268037708043,-0.904680024163099,37.99999915063381,1.0,1.153954872272056,1
15:22:05.215574,50,-1.7804179875504194,3.8408165927076072,0.5068949785622365,-0.904680024163099,35.63999920338392,1.0,1.0476683024513855,1
15:22:05.271646,51,-1.6805160870547908,3.891745745515089,0.7282116305747088,-0.6263600167294499,35.51999920606613,1.0,1.035204788036994,1
15:22:05.271646,51,-1.698595142032947,3.903242282454748,1.044456385865427,-0.904680024163099,22.51999949663877,1.0,4.89953348639802,1
15:22:05.271646,51,-1.7213143874234982,3.875316029408017,0.7326139597374715,-0.6263600167294499,39.35999912023544,1.0,1.0699489871626806,1
15:22:05.271646,51,-1.744953350515511,3.9169033565478464,0.6717948899952484,-0.904680024163099,45.11999899148941,1.0,0.24995545954483486,1
15:22:05.271646,51,-1.7695397393370984,3.972092516116047,0.6530804829540808,-0.904680024163099,23.519999474287037,1.0,3.3839556123243906,1
15:22:05.271646,51,-1.6583353293480505,3.9194551463966016,1.0401121620652116,-0.904680024163099,20.999999530613422,1.0,5.871258964450022,1
15:22:05.271646,51,-1.7035947634707151,3.9335587034028543,0.6673321032557888,-0.904680024163099,40.3599990978837,1.0,0.599136070522643,1
15:22:05.271646,51,-1.51484918640041,3.9398549460105534,0.6695715464376211,-0.904680024163099,21.51999951899052,1.0,4.386052940773874,1
15:22:05.271646,51,-1.639549736485316,3.907780565400088,0.7239151135357449,-0.6263600167294499,30.759999312460423,1.0,1.3466226615242003,1
15:22:05.271646,51,-1.6583230805834257,3.9060065497265857,0.5356911841584993,-0.6263600167294499,34.639999225735664,1.0,3.2849054828871234,1
15:22:05.271646,51,-1.6816888490946535,3.9610421733109487,0.515059076205286,-0.6263600167294499,18.999999575316902,1.0,2.663740335613855,1
15:22:05.271646,51,-1.5571292875422265,3.93865914227928,0.7156412237975431,-0.6263600167294499,25.87999942153692,1.0,2.956129016065488,1
15:22:05.271646,51,-1.6167218218976562,3.921823933452601,0.5314529289627403,-0.6263600167294499,28.999999351799488,1.0,3.5249113558287615,1
15:22:05.271646,51,-1.5330384683009826,3.9522492950672263,0.5233004778886763,-0.6263600167294499,24.119999460875988,1.0,5.006521655122809,1
15:22:05.271646,51,-1.7275984098929746,3.9889825367711382,0.6485548155594039,-0.904680024163099,21.359999522566795,1.0,4.393584486240476,1
15:22:05.271646,51,-1.8113041162898105,3.954798224582978,0.6577144744040351,-0.904680024163099,24.759999446570877,1.0,2.68797649679036,1
15:22:05.271646,51,-1.7386850966267249,3.886641355710951,1.0489045907800358,-0.904680024163099,22.99999948590994,1.0,4.245586842671104,1
15:22:05.271646,51,-1.761940557795582,3.858493060036717,0.7371216607948048,-0.6263600167294499,40.99999908357859,1.0,1.4646644561309359,1
15:22:05.271646,51,-1.9647051476049235,3.818930423296957,0.9309027040620504,-1.0438400278799236,22.239999502897263,1.0,3.7694341351692495,1
15:22:05.271646,51,-1.9903925206339823,3.822397229408313,0.7435208124804507,-1.0438400278799236,26.359999410808086,1.0,4.316065991643687,1
15:22:05.271646,51,-1.7861374436871789,3.899849355846666,0.6763644957108497,-0.904680024163099,47.51999893784523,1.0,0.2435705164361577,1
15:22:05.271646,51,-1.9501201428378443,3.841428602330296,0.7384213714751497,-1.0438400278799236,31.63999929279089,1.0,2.7044778837705685,1
15:22:05.271646,51,-1.884724629929444,3.8440835412384375,0.8783495551165417,-1.0438400278799236,31.63999929279089,1.0,1.6373357614259378,1
15:22:05.271646,51,-1.9096527546612347,3.860070028885629,0.7334264162838842,-1.0438400278799236,37.51999916136265,1.0,1.5060152753216949,1
15:22:05.271646,51,-1.93655975772034,3.914458406993674,0.715580397310829,-0.904680024163099,21.359999522566795,1.0,3.308192483759388,1
15:22:05.271646,51,-1.9246637670417837,3.825685455157029,0.8832793074243335,-1.0438400278799236,26.75999940186739,1.0,2.7156999459466484,1
15:22:05.271646,51,-1.8689944028090677,3.8783196449472737,0.7285364463979884,-1.0438400278799236,42.87999904155731,1.0,0.7029878102990664,1
15:22:05.271646,51,-1.894285325222916,3.91900378679538,0.667305565102748,-0.904680024163099,23.519999474287037,1.0,2.2993591697694864,1
15:22:05.271646,51,-1.8023905355880412,3.841278519684032,0.7417342829803797,-0.6263600167294499,39.87999910861254,1.0,2.2338364120096714,1
15:22:05.271646,51,-1.8281491530824645,3.8961756255689135,0.7237519508103543,-0.904680024163099,46.75999895483256,1.0,0.2783724618024047,1
15:22:05.271646,51,-1.8528873643484052,3.937101391586598,0.6624563265140035,-0.904680024163099,24.63999944925308,1.0,2.321066690447203,1
15:22:05.271646,51,-1.878631804085906,3.9918043764880977,0.6438721895821591,-0.8349600223009475,6.11999986320734,0.611999986320734,9.298458212648402,1
15:22:05.271646,51,-1.710736898893523,3.868674933693496,1.230301665440844,-0.904680024163099,10.519999764859676,1.0,10.615591281526347,1
15:22:05.271646,51,-1.842660275836986,3.823674129789573,0.7464513650358426,-1.0438400278799236,36.35999918729067,1.0,3.3926188335141836,1
15:22:05.328469,52,-1.6167218218976562,3.921823933452601,0.5314529289627403,-0.904680024163099,38.519999139010906,1.0,0.6529711273245393,1
15:22:05.328469,52,-1.5562722306547276,3.925022445275695,0.6735459030312605,-0.904680024163099,56.519998736679554,1.0,0.8454168012521166,1
15:22:05.328469,52,-1.5349637460825507,3.882592819969254,0.7339239110032723,-0.904680024163099,40.3599990978837,1.0,0.8625561179788352,1
15:22:05.328469,52,-1.5145273760064957,3.875455840750031,0.9170637785304744,-0.904680024163099,20.239999547600743,1.0,1.5515624097402054,1
15:22:05.328469,52,-1.5544546476903165,3.893433883630922,1.045775001314707,-0.974120026017772,22.239999502897263,1.0,2.6687206950135516,1
15:22:05.328469,52,-1.638647314698446,3.894160864221578,0.6818152387518588,-0.904680024163099,60.35999865084887,1.0,0.021199991830506325,1
15:22:05.328469,52,-1.5756661307881812,3.867569506440088,0.7379493957310519,-0.904680024163099,44.519999004900455,1.0,1.0761453821547695,1
15:22:05.328469,52,-1.4941078662883058,3.897222234054587,0.7300039713133668,-0.904680024163099,34.35999923199415,1.0,1.0184261677201556,1
15:22:05.328469,52,-1.6583230805834257,3.9060065497265857,0.5356911841584993,-0.904680024163099,40.639999091625214,1.0,0.5036193352550302,1
15:22:05.328469,52,-1.511437959697722,3.896562111304028,0.5441071708656291,-0.904680024163099,48.35999891906977,1.0,1.6148070061658628,1
15:22:05.328469,52,-1.453102576959197,3.911456285766931,0.7261899686520212,-0.904680024163099,28.359999366104603,1.0,1.5191781127614221,1
15:22:05.328469,52,-1.4699570517667788,3.910961263175025,0.5402489297501023,-0.904680024163099,39.35999912023544,1.0,1.6897256496567201,1
15:22:05.328469,52,-1.4909647416553289,3.9668542304451657,0.519387097248649,-0.904680024163099,29.23999934643507,1.0,3.247638276114719,1
15:22:05.328469,52,-1.4111748284984458,3.91182746855552,0.6809924828642062,-0.904680024163099,22.99999948590994,1.0,2.2746590259088877,1
15:22:05.328469,52,-1.42832914936219,3.924959026978613,0.5364982402430893,-0.904680024163099,31.359999299049377,1.0,2.107073574940576,1
15:22:05.328469,52,-1.4473621055295909,3.965594991635628,0.4734607073366248,-0.904680024163099,24.23999945819378,1.0,3.1289054858109973,1
15:22:05.328469,52,-1.3699057634594691,3.925259168030129,0.6773934698370074,-0.904680024163099,18.759999580681324,1.0,3.0595969880466485,1
15:22:05.328469,52,-1.3852378259468603,3.923301794849401,0.4913303491858563,-0.904680024163099,24.879999443888664,1.0,3.349636855592461,1
15:22:05.328469,52,-1.4001739679032974,3.9305793604623376,0.3443485677935562,-0.904680024163099,20.119999550282955,1.0,4.17416523029587,1
15:22:05.328469,52,-1.3433683525847586,3.936480060261982,0.4877992436109122,-0.904680024163099,19.999999552965164,1.0,4.028219646511117,1
15:22:05.328469,52,-1.5330384683009826,3.9522492950672263,0.5233004778886763,-0.904680024163099,34.23999923467636,1.0,2.0514463138385954,1
15:22:05.328469,52,-1.7275984098929746,3.9889825367711382,0.6485548155594039,-0.904680024163099,8.639999806880951,0.8639999806880951,12.801292199970048,1
15:22:05.328469,52,-1.7915295719114783,3.8066133938916615,1.113536087334278,-1.0438400278799236,17.759999603033066,1.0,3.497133065339852,1
15:22:05.328469,52,-1.6805160870547908,3.891745745515089,0.7282116305747088,-0.904680024163099,58.11999870091677,1.0,0.13802886828391708,1
15:22:05.328469,52,-1.858174538065707,3.801225683985114,0.936298887802576,-1.0438400278799236,20.119999550282955,1.0,4.274677536134878,1
15:22:05.328469,52,-1.884724629929444,3.8440835412384375,0.8783495551165417,-1.0438400278799236,21.119999527931213,1.0,2.5219136980738552,1
15:22:05.328469,52,-1.7035947634707151,3.9335587034028543,0.6673321032557888,-0.904680024163099,39.759999111294746,1.0,2.781155752107396,1
15:22:05.328469,52,-1.844597021933136,3.8620949314213817,0.87352341766246,-0.904680024163099,26.519999407231808,1.0,1.950867807020825,1
15:22:05.328469,52,-1.8689944028090677,3.8783196449472737,0.7285364463979884,-0.904680024163099,21.87999951094389,1.0,2.5078962439732986,1
15:22:05.328469,52,-1.7523772487973286,3.823729291762232,1.1089498963221254,-0.974120026017772,20.239999547600743,1.0,2.528495947784121,1
15:22:05.328469,52,-1.7788680165818107,3.836357987632879,0.9268852154119124,-1.0438400278799236,30.35999932140112,1.0,1.487175862384235,1
15:22:05.328469,52,-1.8023905355880412,3.841278519684032,0.7417342829803797,-0.904680024163099,33.359999254345894,1.0,1.8823678232590013,1
15:22:05.328469,52,-1.8281491530824645,3.8961756255689135,0.7237519508103543,-0.904680024163099,26.359999410808086,1.0,2.480142957432835,1
15:22:05.328469,52,-1.7134780982056277,3.8302938533904616,1.0626933214277148,-0.974120026017772,22.239999502897263,1.0,2.0140050769108933,1
15:22:05.328469,52,-1.8186122071723003,3.818983347943889,0.9315407360853588,-1.0438400278799236,24.759999446570877,1.0,2.625530318708388,1
15:22:05.328469,52,-1.761940557795582,3.858493060036717,0.7371216607948048,-0.904680024163099,41.75999906659126,1.0,0.843032684526125,1
15:22:05.328469,52,-1.7386850966267249,3.841477854054857,0.8803521079517702,-1.0438400278799236,36.63999918103218,1.0,1.1374108021048577,1
15:22:05.328469,52,-1.6583353293480505,3.874291644740508,0.8715596792369462,-0.904680024163099,45.2399989888072,1.0,0.30547959279014403,1
15:22:05.328469,52,-1.6342932206823548,3.862631918384549,1.054028363027764,-0.974120026017772,23.35999947786331,1.0,1.5565527725950568,1
15:22:05.328469,52,-1.744953350515511,3.9169033565478464,0.6717948899952484,-0.904680024163099,36.23999918997288,1.0,1.9968365321547188,1
15:22:05.328469,52,-1.698595142032947,3.8580787807986536,0.8759039030371616,-0.904680024163099,42.11999905854464,1.0,0.5047593367643644,1
15:22:05.328469,52,-1.6739693572106251,3.846654104272349,1.0583096054159429,-0.974120026017772,23.35999947786331,1.0,1.5752840056792037,1
15:22:05.328469,52,-1.6456334462815652,3.836349571412416,1.2788007947424431,-0.974120026017772,8.999999798834324,0.8999999798834324,4.235207537453976,1
15:22:05.328469,52,-1.7871210899721783,3.9136361851674457,0.719073407966532,-0.904680024163099,31.359999299049377,1.0,2.9124529280724585,1
15:22:05.328469,52,-1.7213143874234982,3.875316029408017,0.7326139597374715,-0.904680024163099,50.75999886542559,1.0,0.27170701071081427,1
15:22:05.382222,53,-1.61168389837722,3.796152834666888,0.576873850231119,-1.1830000315967482,38.1199991479516,1.0,1.2227498266366081,1
15:22:05.382222,53,-1.6095942091556297,3.8578838962339854,0.3638272587269489,-1.0438400278799236,8.119999818503857,0.8119999818503857,9.228255410102863,1
15:22:05.382222,53,-1.492247144227821,3.818443959850521,0.9329948672635708,-1.0438400278799236,26.119999416172504,1.0,2.4385412224405196,1
15:22:05.382222,53,-1.512710246125019,3.826304012253238,0.7522791485550553,-1.2524400334514212,36.87999917566776,1.0,1.0647892354088007,1
15:22:05.382222,53,-1.5697561499164687,3.7965578581925463,0.5318026597934156,-1.1830000315967482,37.51999916136265,1.0,1.2217625793051226,1
15:22:05.382222,53,-1.5869150303342676,3.803526320730132,0.386880929006637,-1.1830000315967482,26.6399994045496,1.0,3.6446621411188787,1
15:22:05.382222,53,-1.4525282452613315,3.832666251058556,0.9291840158198575,-1.0438400278799236,22.51999949663877,1.0,3.8683667553633523,1
15:22:05.382222,53,-1.3875842914043353,3.8129947097089865,0.5782464404734029,-1.2524400334514212,20.999999530613422,1.0,2.913369337867598,1
15:22:05.382222,53,-1.5239160575941535,3.764298782618852,0.4058469661996793,-1.1830000315967482,34.759999223053455,1.0,2.8880429110690162,1
15:22:05.382222,53,-1.4126640946872453,3.846504182457749,0.9254761532765268,-1.0438400278799236,19.119999572634697,1.0,5.764574010402595,1
15:22:05.382222,53,-1.4312476742260876,3.841485673425964,0.7037670263672422,-1.0438400278799236,25.63999942690134,1.0,3.031643503627544,1
15:22:05.382222,53,-1.481340800101934,3.7623061856508113,0.3616255098540981,-1.1830000315967482,30.759999312460423,1.0,3.4821744585292516,1
15:22:05.382222,53,-1.433947826852827,3.724551880711544,0.2378716595134173,-1.2524400334514212,26.359999410808086,1.0,8.322166215622053,1
15:22:05.382222,53,-1.3908782852735024,3.7201464664579498,0.194575608271311,-1.2524400334514212,22.239999502897263,1.0,9.917264346643996,1
15:22:05.382222,53,-1.5318168197300934,3.803838731050848,0.9369083265257152,-1.0438400278799236,29.23999934643507,1.0,1.4941315658521999,1
15:22:05.382222,53,-1.4724466841112993,3.840721332947728,0.7484160391179462,-1.0438400278799236,31.119999304413795,1.0,2.3127608293263884,1
15:22:05.382222,53,-1.6556823466990116,3.8229301032013367,0.7048124601201142,-1.0438400278799236,36.35999918729067,1.0,1.5944504995318105,1
15:22:05.382222,53,-1.5544546476903165,3.848925150522131,0.8796661479721757,-1.0438400278799236,41.75999906659126,1.0,2.2300777596244776,1
15:22:05.382222,53,-1.610251112016659,3.805808690372496,1.0679445639903165,-1.0438400278799236,31.239999301731583,1.0,1.404339959614112,1
15:22:05.382222,53,-1.6342932206823548,3.8181231852757582,0.8879195096852328,-1.0438400278799236,43.87999901920557,1.0,0.3855067930240364,1
15:22:05.382222,53,-1.869292866486526,3.771251386553583,1.1230113086432598,-1.0438400278799236,18.11999959498644,1.0,3.8904595684258654,1
15:22:05.382222,53,-1.8305027435693824,3.7891201757197246,1.11822338101647,-1.0438400278799236,22.11999950557947,1.0,2.6480329866428223,1
15:22:05.382222,53,-1.7651743572531693,3.750614255116537,1.1265768693964031,-1.0438400278799236,23.23999948054552,1.0,3.380761258997861,1
15:22:05.382222,53,-1.7919776073663256,3.7964326234429113,1.0717664106468854,-1.0438400278799236,26.99999939650297,1.0,1.8155040430601168,1
15:22:05.382222,53,-1.7265980044697482,3.767478360792592,1.1220581458994312,-1.0438400278799236,26.75999940186739,1.0,2.1555572668697582,1
15:22:05.382222,53,-1.752815492826363,3.8135528017502702,1.067179072695152,-1.0438400278799236,32.63999927043915,1.0,1.487360770835979,1
15:22:05.382222,53,-1.7788680165818107,3.836357987632879,0.9268852154119124,-1.0438400278799236,24.35999945551157,1.0,3.7894794290965956,1
15:22:05.382222,53,-1.8035741940797296,3.7333783799029385,1.1311952082407306,-1.0438400278799236,19.759999558329586,1.0,5.219664063498141,1
15:22:05.382222,53,-1.7137351606105464,3.7974830435295823,0.9379565265772892,-1.0438400278799236,38.239999145269394,1.0,0.5768464105827674,1
15:22:05.382222,53,-1.7368595534141502,3.8035678919223153,0.755098576655377,-1.0438400278799236,28.759999357163903,1.0,2.1718279521658106,1
15:22:05.382222,53,-1.6243115708978952,3.74334679238285,1.12656003821741,-1.0438400278799236,9.63999978452921,0.963999978452921,5.5682457545442805,1
15:22:05.382222,53,-1.6493435723883036,3.790065926089949,1.0721628249664583,-1.0438400278799236,31.5199992954731,1.0,1.1934762477557972,1
15:22:05.382222,53,-1.6742204923661756,3.8138457488376103,0.9335721529040146,-1.0438400278799236,42.51999904960394,1.0,0.4814523320258548,1
15:22:05.382222,53,-1.688271099784531,3.773946351069972,1.0764820520753942,-1.0438400278799236,29.759999334812164,1.0,1.5331176009809484,1
15:22:05.382222,53,-1.696811691517114,3.8201513884200033,0.7506550421611371,-1.0438400278799236,32.99999926239252,1.0,1.8877198391199408,1
15:22:05.493444,55,-1.3446490264365871,3.9517448316033903,0.5293210055252624,-1.1132800297345966,5.879999868571758,0.5879999868571758,7.026176032105587,1
15:22:05.493444,55,-1.310324165014352,3.754537048464782,0.734917872816419,-1.1830000315967482,33.2399992570281,1.0,3.1670754384684954,1
15:22:05.493444,55,-1.4079970618267854,3.869087724103472,0.557331005506533,-0.8349600223009475,17.999999597668648,1.0,2.731922226683267,1
15:22:05.493444,55,-1.3259252646822317,3.7553154218902502,0.5559279651445705,-1.2524400334514212,44.519999004900455,1.0,0.8847397673633207,1
15:22:05.493444,55,-1.3457222013576289,3.811384752178727,0.5343670194485881,-0.8349600223009475,37.239999167621136,1.0,0.7222659629976567,1
15:22:05.493444,55,-1.3668209289013944,3.882489177285367,0.5537400969490407,-0.8349600223009475,19.759999558329586,1.0,2.6196737596830664,1
15:22:05.493444,55,-1.2678575128102303,3.726064775977167,0.6133099601326149,-1.2524400334514212,26.359999410808086,1.0,2.3881198531439374,1
15:22:05.493444,55,-1.281400078287409,3.7218412081996983,0.4342006426197089,-1.3221600353135727,36.87999917566776,1.0,5.140176910102256,1
15:22:05.493444,55,-1.3005322246318596,3.777410746451367,0.4108222279004874,-1.3221600353135727,35.35999920964241,1.0,3.7934860608277985,1
15:22:05.493444,55,-1.3255081150282368,3.8954922361357274,0.5502559378309526,-0.8349600223009475,20.63999953866005,1.0,3.1447039458552557,1
15:22:05.493444,55,-1.228214741119228,3.7381199794396767,0.6100797781002425,-1.2524400334514212,20.999999530613422,1.0,3.47713732650221,1
15:22:05.493444,55,-1.2598677954377653,3.789776631749264,0.40750879892122,-1.3221600353135727,32.119999282062054,1.0,2.7277778994238906,1
15:22:05.493444,55,-1.2840627514540888,3.9080956003595606,0.5468788765652608,-0.8349600223009475,20.239999547600743,1.0,4.30520816725726,1
15:22:05.493444,55,-1.199513144188437,3.7296798001070455,0.3886426303102281,-1.3221600353135727,24.63999944925308,1.0,5.537976249980548,1
15:22:05.493444,55,-1.219077380519645,3.8017491170895927,0.4043007811428853,-1.0438400278799236,28.23999936878681,1.0,2.29881917902736,1
15:22:05.493444,55,-1.241305608342731,3.905226904834032,0.5026848765035696,-0.8349600223009475,18.999999575316902,1.0,4.145369292910224,1
15:22:05.493444,55,-1.1765658754665622,3.796928546580988,0.3614859296016641,-0.8349600223009475,24.23999945819378,1.0,3.3721045039714674,1
15:22:05.493444,55,-1.1996473058369572,3.917015900115124,0.4995260247384263,-1.0438400278799236,16.99999962002039,1.0,6.007590924538434,1
15:22:05.493444,55,-1.1578690396056652,3.928401924364127,0.4964751487359051,-1.0438400278799236,14.879999667406082,1.0,8.502459672052995,1
15:22:05.493444,55,-1.3862627250444364,3.798190168531384,0.5379024974813584,-0.8349600223009475,37.11999917030335,1.0,1.4034265608751413,1
15:22:05.493444,55,-1.241333864036105,3.734025178799352,0.4309359575369273,-1.3221600353135727,30.119999326765537,1.0,4.114914313522729,1
15:22:05.493444,55,-1.367171520981885,3.7569016953145,0.5991618754402728,-1.2524400334514212,51.87999884039164,1.0,0.46315277215127904,1
15:22:05.493444,55,-1.5862090033509633,3.705786266346258,0.9206391705818064,-1.1830000315967482,45.759998977184296,1.0,2.0939378144192666,1
15:22:05.493444,55,-1.3300715475352567,3.6976620650169454,0.796566745373884,-1.1830000315967482,19.63999956101179,1.0,4.873570060249261,1
15:22:05.493444,55,-1.349798305959318,3.741689536710145,0.7383603532158232,-1.1830000315967482,41.35999907553196,1.0,1.7366652473182629,1
15:22:05.493444,55,-1.7014993371602536,3.669502465736521,0.9735584216179956,-1.1830000315967482,24.23999945819378,1.0,5.158210926320955,1
15:22:05.493444,55,-1.663313600471639,3.6857533993834046,0.9692039970710612,-1.1830000315967482,30.23999932408333,1.0,3.715015726003541,1
15:22:05.493444,55,-1.6885243805410928,3.741618221456494,0.9535802618241752,-1.1830000315967482,28.11999937146902,1.0,4.435563114740517,1
15:22:05.493444,55,-1.624717787565982,3.690278551893366,0.9247944501459112,-1.1830000315967482,37.51999916136265,1.0,2.8395632701050717,1
15:22:05.493444,55,-1.649591013091339,3.757740214795518,0.9492603867286038,-1.1830000315967482,34.23999923467636,1.0,3.7054367281549094,1
15:22:05.493444,55,-1.610251112016659,3.761954725811008,0.9042793401335198,-1.1830000315967482,41.51999907195568,1.0,2.6753515832154413,1
15:22:05.493444,55,-1.5087194429146853,3.73568197537594,0.9126286394901476,-1.1830000315967482,53.23999880999327,1.0,2.454452921541039,1
15:22:05.493444,55,-1.5693481491692751,3.7404587742588538,0.7785540077310737,-1.1830000315967482,48.99999890476465,1.0,2.065796518997383,1
15:22:05.493444,55,-1.4682032462099557,3.7137263968212015,0.7889896236586222,-1.1830000315967482,57.35999871790409,1.0,0.7705308860800406,1
15:22:05.493444,55,-1.447469525868344,3.693227359867516,0.9253138565252104,-1.1830000315967482,24.119999460875988,1.0,4.587530698400524,1
15:22:05.493444,55,-1.5118776378466932,3.8130563189206015,0.7113846489482922,-1.1830000315967482,27.87999937683344,1.0,1.8198952672675497,1
15:22:05.493444,55,-1.4074631375802795,3.671218629627148,0.8036522425316848,-1.1830000315967482,23.519999474287037,1.0,2.928520044868526,1
15:22:05.493444,55,-1.4291243197572865,3.727719530734008,0.7852401747271056,-1.1830000315967482,55.99999874830246,1.0,0.8850621555333075,1
15:22:05.493444,55,-1.4499869775492826,3.771159806820812,0.7265373018350272,-1.1830000315967482,58.63999868929386,1.0,0.17552610527593498,1
15:22:05.493444,55,-1.4683223199955613,3.785407851223333,0.5856383169263453,-1.2524400334514212,31.75999929010868,1.0,2.8355216817343525,1
15:22:05.493444,55,-1.368835783773551,3.684627235214177,0.8000594174930131,-1.1830000315967482,21.87999951094389,1.0,3.596995339020175,1
15:22:05.493444,55,-1.3899024820699626,3.741334497852365,0.7815920552827653,-1.1830000315967482,49.75999888777733,1.0,1.6156784629144332,1
15:22:05.493444,55,-1.4070170164485156,3.743503282183856,0.6027519694184873,-1.2524400334514212,57.2399987205863,1.0,1.2261780587421576,1
15:22:05.493444,55,-1.4280247063370652,3.799396249453996,0.5818901369170342,-0.8349600223009475,35.11999921500683,1.0,1.4432572741028291,1
15:22:05.493444,55,-1.4490323962256149,3.855289216724135,0.5610283044155813,-0.8349600223009475,15.87999964505434,1.0,3.4832657494341412,1
15:22:05.493444,55,-1.4904567461674874,3.77001520453722,0.7706343861068388,-1.1830000315967482,55.519998759031296,1.0,0.5358956213479156,1
15:22:05.550730,56,-1.4070170164485156,3.743503282183856,0.6027519694184873,-1.1830000315967482,27.99999937415123,1.0,2.408553040154792,1
15:22:05.550730,56,-1.3505416552988931,3.7545699366909697,0.7780456301344896,-1.1132800297345966,41.999999061226845,1.0,1.0470726954198486,1
15:22:05.550730,56,-1.3314695322376289,3.733494114107904,0.9145244122446758,-1.1132800297345966,51.99999883770943,1.0,1.585594769074134,1
15:22:05.550730,56,-1.310977909167118,3.676034778937317,0.9312301317958708,-1.1132800297345966,36.63999918103218,1.0,2.2654882753148016,1
15:22:05.550730,56,-1.3899024820699626,3.741334497852365,0.7815920552827653,-1.1830000315967482,50.99999886006117,1.0,0.5970867624086976,1
15:22:05.550730,56,-1.4306264148442087,3.764074821939869,0.905020799182522,-1.1132800297345966,56.23999874293804,1.0,3.050299596835991,1
15:22:05.550730,56,-1.3491856713497703,3.6631870686371824,0.9346726653953809,-1.1132800297345966,42.51999904960394,1.0,1.9888560403383302,1
15:22:05.550730,56,-1.5018227241134752,3.709724970688157,0.4289585768553137,-1.1132800297345966,8.359999813139439,0.8359999813139438,9.968980621967559,1
15:22:05.550730,56,-1.4467218113923008,3.7297206674601338,0.6064450099032981,-1.1830000315967482,28.879999354481697,1.0,2.6896968549966163,1
15:22:05.550730,56,-1.365869396201766,3.7423149439332657,0.5594114327143631,-1.1830000315967482,25.359999433159828,1.0,3.100832510734098,1
15:22:05.550730,56,-1.3702745120053672,3.7204455839198474,0.9180207553709788,-1.1132800297345966,64.63999855518341,1.0,0.908848647184162,1
15:22:05.550730,56,-1.2726390502918876,3.6885127943739433,0.9278866576364836,-1.1132800297345966,30.51999931782484,1.0,2.7634436757629053,1
15:22:05.550730,56,-1.1737235032616686,3.74603812031422,0.7836044204239763,-1.1132800297345966,18.999999575316902,1.0,3.3738495866005014,1
15:22:05.550730,56,-1.311045775493779,3.767424523717028,0.7746012539218219,-1.1132800297345966,32.99999926239252,1.0,1.6993226731630384,1
15:22:05.550730,56,-1.3259252646822317,3.7553154218902502,0.5559279651445705,-1.1830000315967482,21.87999951094389,1.0,3.0302121953747863,1
15:22:05.550730,56,-1.2341729285778458,3.700619867155974,0.9246425772618336,-1.1132800297345966,25.11999943852425,1.0,3.4755328643108707,1
15:22:05.550730,56,-1.2521479466290524,3.722605220889081,0.7898832469012618,-1.1132800297345966,30.879999309778214,1.0,1.7646581942505235,1
15:22:05.550730,56,-1.2714187922095106,3.779896973482604,0.7712592710794979,-1.1132800297345966,25.63999942690134,1.0,2.546194458375298,1
15:22:05.550730,56,-1.281400078287409,3.7218412081996983,0.4342006426197089,-0.904680024163099,18.23999959230423,1.0,7.955765937288932,1
15:22:05.550730,56,-1.2129963742559489,3.734511052663756,0.786693088892017,-1.1132800297345966,23.9999994635582,1.0,2.468307717082162,1
15:22:05.550730,56,-1.231664668111217,3.7919860387531727,0.7680200158030019,-1.1132800297345966,19.999999552965164,1.0,3.5805116056637547,1
15:22:05.550730,56,-1.241333864036105,3.734025178799352,0.4309359575369273,-0.904680024163099,15.119999662041664,1.0,7.672296806076968,1
15:22:05.550730,56,-1.1911314089103473,3.7907830742798025,0.7252057794704465,-1.1132800297345966,15.87999964505434,1.0,3.674549327807921,1
15:22:05.550730,56,-1.4091538402980837,3.718217792927213,0.9611599903253254,-1.1132800297345966,73.51999835669994,1.0,1.183625149227049,1
15:22:05.550730,56,-1.2925314066321725,3.7461671708089246,0.9111286769360036,-1.1132800297345966,40.11999910324812,1.0,2.4632864755187245,1
15:22:05.550730,56,-1.3874666378164595,3.66099356386154,0.9771479775780592,-1.1132800297345966,46.23999896645546,1.0,1.6217069921298437,1
15:22:05.550730,56,-1.6496727274617693,3.5891479037754315,1.122070035506671,-1.1132800297345966,19.759999558329586,1.0,3.8787741579726673,1
15:22:05.550730,56,-1.4697464155845488,3.750066980406872,0.9087741890089917,-1.1132800297345966,54.87999877333641,1.0,2.3459420439370087,1
15:22:05.550730,56,-1.6865303845116495,3.573035146124373,1.1263874359071109,-1.1132800297345966,15.87999964505434,1.0,4.989142841225313,1
15:22:05.550730,56,-1.7128921902253187,3.6288845154540073,1.1127321795920544,-1.1830000315967482,17.879999600350857,1.0,3.383031218059791,1
15:22:05.550730,56,-1.701244110144066,3.70135035276285,1.0946245541009114,-1.0438400278799236,18.35999958962202,1.0,5.991377009867906,1
15:22:05.550730,56,-1.6128920403327311,3.5740237552372265,1.0004514675648333,-1.1830000315967482,24.51999945193529,1.0,5.271368658945532,1
15:22:05.550730,56,-1.6381028204021848,3.629888577310316,0.9848277323179472,-1.1830000315967482,29.519999340176582,1.0,1.8645469446046115,1
15:22:05.550730,56,-1.663313600471639,3.6857533993834046,0.9692039970710612,-1.1830000315967482,23.35999947786331,1.0,2.507007089344018,1
15:22:05.550730,56,-1.686498489060958,3.6932816416608585,0.7911950823119227,-1.1830000315967482,14.6399996727705,1.0,4.13622155829456,1
15:22:05.550730,56,-1.5757025752668286,3.589423612669239,0.9963250882023712,-1.1830000315967482,30.35999932140112,1.0,4.003597325018234,1
15:22:05.550730,56,-1.6003320545416653,3.645529146711332,0.980636854377782,-1.1830000315967482,38.6399991363287,1.0,1.1385243521159745,1
15:22:05.550730,56,-1.6249615338165022,3.7016346807534246,0.964948620553193,-1.1830000315967482,29.999999329447743,1.0,2.34001846828534,1
15:22:05.550730,56,-1.6476118338638186,3.709384291832959,0.7868803902023076,-1.1830000315967482,17.639999605715275,1.0,3.461623212097494,1
15:22:05.550730,56,-1.6754584188029176,3.645249128269141,1.1083472948037911,-1.1132800297345966,22.75999949127436,1.0,2.8731447466311995,1
15:22:05.550730,56,-1.5624012568164514,3.660804102596946,0.9765439422838108,-1.1132800297345966,50.519998870790005,1.0,0.6711309885407404,1
15:22:05.550730,56,-1.5383555412635246,3.604463483462143,0.992295166969144,-1.1132800297345966,36.87999917566776,1.0,3.012753805659485,1
15:22:05.550730,56,-1.4476866806704718,3.704420198051503,0.9648570447297636,-1.1132800297345966,73.11999836564064,1.0,0.7175477733039033,1
15:22:05.550730,56,-1.4254064488917977,3.6474083171519935,0.9807881334628596,-1.1132800297345966,46.51999896019697,1.0,1.6022876705802784,1
15:22:05.550730,56,-1.403126217113123,3.590396436252485,0.996719222195956,-1.1132800297345966,11.359999746084211,1.0,6.615705547397055,1
15:22:05.550730,56,-1.5684843669188933,3.7274222360184512,0.738256748610419,-1.1830000315967482,24.759999446570877,1.0,2.5372124629520014,1
15:22:05.550730,56,-1.525693432393394,3.7010083845151662,0.6141384429312562,-1.1830000315967482,27.639999382197857,1.0,3.953723175664848,1
15:22:05.550730,56,-1.4860747535876664,3.6902511006045966,0.9686536429481398,-1.1132800297345966,63.51999858021736,1.0,0.4705360647882617,1
15:22:05.550730,56,-1.463203720516453,3.6334572853814704,0.9845263011593524,-1.1132800297345966,42.75999904423952,1.0,1.8216403332175943,1
15:22:05.550730,56,-1.6076750538544926,3.712082436464767,0.742367035512884,-1.1830000315967482,21.119999527931213,1.0,2.987919680652932,1
15:22:05.550730,56,-1.586446972369378,3.717144721731749,0.9607927175984772,-1.1830000315967482,38.519999139010906,1.0,2.412664015243836,1
15:22:05.550730,56,-1.50894578665888,3.747044915827722,0.9527809847369276,-1.1132800297345966,47.75999893248081,1.0,3.2336493299071987,1
15:22:05.602449,57,-1.42512130278904,3.674033483696934,0.6272517028802509,-0.974120026017772,35.879999198019505,1.0,0.6836350719188082,1
15:22:05.602449,57,-1.3477690854771396,3.627919972575987,0.8185267797032614,-1.0438400278799236,37.75999915599823,1.0,2.0268442946006373,1
15:22:05.602449,57,-1.3650016366714162,3.631717347643577,0.6444756344213936,-0.974120026017772,49.87999888509512,1.0,0.5120505064616182,1
15:22:05.602449,57,-1.3846892602318626,3.673253923748266,0.5844534912264345,-0.974120026017772,35.23999921232462,1.0,1.1568772228726685,1
15:22:05.602449,57,-1.3096014397716202,3.6407541933429215,0.8150878606132785,-1.0438400278799236,31.75999929010868,1.0,3.263134691137124,1
15:22:05.602449,57,-1.326345980136985,3.644715666525528,0.6409927453740125,-0.974120026017772,41.999999061226845,1.0,0.6700507196083801,1
15:22:05.602449,57,-1.345476067359096,3.686439719335147,0.580920367947368,-0.974120026017772,32.35999927669764,1.0,1.0468483795612005,1
15:22:05.602449,57,-1.361144096213134,3.696315341249763,0.4410402780550486,-1.0438400278799236,11.879999734461308,1.0,4.775324901952301,1
15:22:05.602449,57,-1.2875576901157542,3.657339956758589,0.6376100770010478,-0.974120026017772,34.11999923735857,1.0,1.1575750576601433,1
15:22:05.602449,57,-1.3061283280068343,3.699246091601775,0.577488910840553,-0.974120026017772,28.23999936878681,1.0,1.2763009337349298,1
15:22:05.602449,57,-1.2321985152565558,3.652810006137033,0.7700285842643775,-1.0438400278799236,21.51999951899052,1.0,4.865855284958054,1
15:22:05.602449,57,-1.2486406454042285,3.6695889559243136,0.6343279675665023,-0.974120026017772,27.239999391138557,1.0,1.9733033707578085,1
15:22:05.602449,57,-1.2084466887424807,3.667275269847642,0.5925926806359634,-0.974120026017772,21.87999951094389,1.0,2.634915721155359,1
15:22:05.602449,57,-1.2227999326344443,3.678273725849442,0.4543631161526344,-0.974120026017772,19.999999552965164,1.0,3.825011984074994,1
15:22:05.602449,57,-1.4066884581842818,3.6585480120582674,0.764564573907702,-1.0438400278799236,55.11999876797199,1.0,0.4645441681958592,1
15:22:05.602449,57,-1.270603099384274,3.640722302087884,0.7732674748026933,-1.0438400278799236,26.119999416172504,1.0,3.2679285421217488,1
15:22:05.602449,57,-1.2622679319429586,3.66627166994803,0.4575790573389309,-0.974120026017772,23.87999946624041,1.0,3.795373146872894,1
15:22:05.602449,57,-1.385801955403273,3.614717728520288,0.8220643103362646,-1.0438400278799236,43.239999033510685,1.0,1.110883893826394,1
15:22:05.602449,57,-1.4451538835074884,3.644774556735421,0.7682551601384449,-1.0438400278799236,55.23999876528978,1.0,0.11603460420260948,1
15:22:05.602449,57,-1.502913825524375,3.6457498940293394,0.6348302678907363,-1.0438400278799236,33.99999924004078,1.0,2.026695281005284,1
15:22:05.602449,57,-1.6867834041195835,3.54215027619161,1.0089919405350765,-1.0438400278799236,20.359999544918537,1.0,3.6092123508360645,1
15:22:05.602449,57,-1.649920217545882,3.5582654511389484,1.004673892422051,-1.0438400278799236,24.879999443888664,1.0,3.0418773729993633,1
15:22:05.602449,57,-1.6126501045212405,3.5630141851889245,0.9615139086188385,-1.0438400278799236,30.35999932140112,1.0,2.079716467585289,1
15:22:05.602449,57,-1.6361374247077656,3.5829953913994013,0.8272915879684681,-1.0438400278799236,27.519999384880062,1.0,2.4551245273463786,1
15:22:05.602449,57,-1.5754662179213386,3.5784117326231737,0.9573881482184114,-1.0438400278799236,36.51999918371439,1.0,1.8854512939579184,1
15:22:05.602449,57,-1.598411976210523,3.5986171952459136,0.8231057382434779,-1.0438400278799236,34.51999922841787,1.0,1.41832171791849,1
15:22:05.602449,57,-1.6221185858100309,3.6411756976774696,0.7652929552127805,-1.0438400278799236,21.7599995136261,1.0,2.1191051485235413,1
15:22:05.602449,57,-1.6754584188029176,3.6027047008022604,0.9495693299184632,-1.0438400278799236,21.99999950826168,1.0,2.7624999188409305,1
15:22:05.602449,57,-1.5381247860195717,3.5934493474167586,0.95335883147838,-1.0438400278799236,42.11999905854464,1.0,2.016010395166446,1
15:22:05.602449,57,-1.5605266878548103,3.613873824240104,0.8190177368252631,-1.0438400278799236,42.51999904960394,1.0,0.7168989204699812,1
15:22:05.602449,57,-1.5801052027949565,3.6159692249754825,0.6428099741137756,-1.0438400278799236,25.999999418854717,1.0,4.744140358118106,1
15:22:05.602449,57,-1.461448168754656,3.5872144880659707,0.8294337814052379,-1.0438400278799236,45.99999897181988,1.0,0.24443629321927082,1
15:22:05.602449,57,-1.522485348137723,3.6287637527318553,0.8150279925105413,-1.0438400278799236,50.23999887704849,1.0,0.3503032565309614,1
15:22:05.602449,57,-1.5415865928435364,3.631045963913798,0.6387701740907592,-1.0438400278799236,30.35999932140112,1.0,3.213246369283116,1
15:22:05.602449,57,-1.5140826773538758,3.537280887952009,0.9697186619266668,-1.0438400278799236,19.519999563694,1.0,1.8493100949851864,1
15:22:05.602449,57,-1.423696246294892,3.6011487813891674,0.825700098762189,-1.0438400278799236,46.35999896377325,1.0,0.5164049471395009,1
15:22:05.659216,58,-1.2150640893109406,3.653634050768581,0.9797747544550974,-0.7655200204462744,16.519999630749226,1.0,1.8105655748267773,1
15:22:05.659216,58,-1.1952918027235335,3.634753855766231,1.147800860089526,-0.974120026017772,15.87999964505434,1.0,3.2376175067627453,1
15:22:05.659216,58,-1.3016097055158076,3.6538889889082937,0.4608969867236601,-0.8349600223009475,7.239999838173389,0.723999983817339,1.445284723855842,1
15:22:05.659216,58,-1.2818812574271723,3.598507134475404,0.4842251117152081,-0.8349600223009475,20.75999953597784,1.0,1.3552149773341786,1
15:22:05.659216,58,-1.267741880419344,3.601052651626895,0.6585775720140494,-0.8349600223009475,23.75999946892261,1.0,0.49237837264507606,1
15:22:05.659216,58,-1.3408213192085945,3.641126920987964,0.464316572516664,-0.8349600223009475,6.6399998515844345,0.6639999851584435,1.528146742474774,1
15:22:05.659216,58,-1.2325460957830494,3.62302820167332,1.1509427396344478,-0.974120026017772,18.999999575316902,1.0,2.3614127918105217,1
15:22:05.659216,58,-1.325082738516426,3.630564494737029,0.6024293031803731,-0.8349600223009475,21.359999522566795,1.0,0.6134926999283895,1
15:22:05.659216,58,-1.308880624266566,3.628264248813229,0.776605600116901,-1.0438400278799236,27.239999391138557,1.0,0.13118956218734035,1
15:22:05.659216,58,-1.229423777998226,3.613113135871461,0.6553459750003896,-0.8349600223009475,19.879999555647373,1.0,0.8112281116286655,1
15:22:05.659216,58,-1.252934635704835,3.641714433165988,0.9829686063658,-0.7655200204462744,20.239999547600743,1.0,1.0944619767613812,1
15:22:05.659216,58,-1.243135785598508,3.6107021316963617,0.4809574720581526,-0.8349600223009475,18.879999577999115,1.0,1.473548148158764,1
15:22:05.659216,58,-1.157917981485162,3.646119080748779,1.1447555572336543,-0.974120026017772,12.999999709427357,1.0,4.313033495367403,1
15:22:05.659216,58,-1.1770720375260968,3.665187277111946,0.9766790767864189,-0.7655200204462744,13.35999970138073,1.0,2.73260464251247,1
15:22:05.659216,58,-1.1909827342293209,3.62480289882642,0.652213712456897,-0.8349600223009475,16.359999634325504,1.0,1.3415114760933469,1
15:22:05.659216,58,-1.2042660012327844,3.622522272899531,0.4777902747683415,-0.8349600223009475,16.239999637007713,1.0,1.8082634278723244,1
15:22:05.659216,58,-1.2211401640295572,3.662388768683335,0.4158106612369341,-1.1830000315967482,7.759999826550484,0.7759999826550483,2.152778795832668,1
15:22:05.659216,58,-1.1524225931847991,3.6361207715252704,0.6491810976072019,-0.8349600223009475,13.35999970138073,1.0,2.0825261435332187,1
15:22:05.659216,58,-1.181603623652605,3.6739932265203192,0.4127012561309131,-1.1830000315967482,7.519999831914902,0.7519999831914902,2.6780940678038707,1
15:22:05.659216,58,-1.1246404481215733,3.629358551997027,0.4337985345227211,-1.1830000315967482,11.359999746084211,1.0,3.218966236253851,1
15:22:05.659216,58,-1.1366080416094435,3.635262708350637,0.2950314210348423,-1.1830000315967482,6.999999843537808,0.6999999843537809,3.9945357931623287,1
15:22:05.659216,58,-1.2906798896848686,3.629429616255944,0.9862603131360106,-0.7655200204462744,24.35999945551157,1.0,0.5849439179667524,1
15:22:05.659216,58,-1.2622679319429586,3.66627166994803,0.4575790573389309,-1.1830000315967482,7.639999829232693,0.7639999829232693,1.5858354118680513,1
15:22:05.659216,58,-1.2696771352656144,3.610943291025633,1.154180881683098,-0.974120026017772,22.239999502897263,1.0,1.6850667571881863,1
15:22:05.659216,58,-1.165275791275872,3.633966376080696,0.4747238365628501,-1.1830000315967482,13.639999695122242,1.0,2.3586634864217433,1
15:22:05.659216,58,-1.363701578537718,3.617578555745133,0.6059088750462109,-0.8349600223009475,20.51999954134226,1.0,0.7600029804886946,1
15:22:05.659216,58,-1.4188383958479005,3.614469767100672,0.4714593353732761,-0.8349600223009475,5.879999868571758,0.5879999868571758,2.3662481360741765,1
15:22:05.659216,58,-1.587046208956361,3.5579804216493853,1.1703363817108066,-1.0438400278799236,13.879999689757824,1.0,3.5534497585626137,1
15:22:05.659216,58,-1.5227814952903476,3.549953454101309,1.3326406882007382,-0.974120026017772,15.239999659359457,1.0,3.0458064051016205,1
15:22:05.659216,58,-1.5504526874620277,3.573133503656599,1.166276125624131,-1.0438400278799236,17.11999961733818,1.0,2.6076107064311818,1
15:22:05.659216,58,-1.5754662179213386,3.5784117326231737,0.9573881482184114,-1.0438400278799236,15.999999642372131,1.0,3.0491732513027903,1
15:22:05.659216,58,-1.4876568217431951,3.556638715562868,1.290352420274713,-0.974120026017772,18.35999958962202,1.0,2.282045541950365,1
15:22:05.659216,58,-1.5137041219979184,3.587932367640172,1.1623107819708345,-1.0438400278799236,20.999999530613422,1.0,1.8703999468810657,1
15:22:05.659216,58,-1.536509822350384,3.5582554729089555,0.8371933261301607,-0.8349600223009475,19.35999956727028,1.0,2.679337904720315,1
15:22:05.659216,58,-1.556155609198795,3.5611621189415263,0.6633808509739012,-0.8349600223009475,10.99999975413084,1.0,4.274689315646222,1
15:22:05.659216,58,-1.4513918485268955,3.570833348611068,1.2865489798125915,-0.974120026017772,21.639999516308308,1.0,1.9023981429061043,1
15:22:05.659216,58,-1.440116635751239,3.607052103028927,1.1159630826809643,-1.0438400278799236,24.99999944120645,1.0,0.8517008643709718,1
15:22:05.659216,58,-1.4990539476219469,3.5729162419683567,0.8332649849002751,-0.8349600223009475,23.23999948054552,1.0,1.7202511955670559,1
15:22:05.659216,58,-1.5587219259979088,3.535070811719636,1.3366284802081487,-1.0438400278799236,12.639999717473984,1.0,3.777451785375333,1
15:22:05.659216,58,-1.378430129168284,3.5981682404897644,1.2792246176085027,-0.974120026017772,24.23999945819378,1.0,1.7472902462304964,1
15:22:05.659216,58,-1.3470272621830126,3.6154370921079577,0.780042626397266,-1.0438400278799236,29.23999934643507,1.0,0.07243354262738966,1
15:22:05.659216,58,-1.3280968306941734,3.647163443726792,1.1052152813336418,-1.0438400278799236,27.759999379515648,1.0,0.9829507858658354,1
15:22:05.659216,58,-1.30668120809839,3.5985003323041087,1.1575149624239844,-0.974120026017772,24.63999944925308,1.0,1.2091526440271896,1
15:22:05.659216,58,-1.5182208243323088,3.576010340329435,0.6594022820439724,-0.8349600223009475,13.23999970406294,1.0,3.084273115953971,1
15:22:05.659216,58,-1.385801955403273,3.614717728520288,0.8220643103362646,-1.0438400278799236,29.11999934911728,1.0,0.13236144705325542,1
15:22:05.659216,58,-1.4035207941857797,3.618346299933735,0.6480583958572037,-0.8349600223009475,18.35999958962202,1.0,0.8358255379771895,1
15:22:05.659216,58,-1.3417406791367807,3.611305765853973,1.2757044282966197,-0.974120026017772,25.359999433159828,1.0,1.9713274666152818,1
15:22:05.659216,58,-1.3200914194542803,3.553036610320744,1.2873910851614765,-1.0438400278799236,12.639999717473984,1.0,1.8912132597016642,1
15:22:05.659216,58,-1.4801342186553557,3.590491403543513,0.6555220928502163,-0.8349600223009475,15.87999964505434,1.0,2.1144416316472143,1
15:22:05.659216,58,-1.423696246294892,3.6011487813891674,0.825700098762189,-1.0438400278799236,26.75999940186739,1.0,0.44697548273129245,1
15:22:05.659216,58,-1.4029157464359343,3.6207830091610766,1.1122838974715072,-1.0438400278799236,28.11999937146902,1.0,0.6874413266453454,1
15:22:05.659216,58,-1.3655745667213504,3.6341539017530495,1.1087011775994045,-1.0438400278799236,29.23999934643507,1.0,0.7313105099185102,1
15:22:05.714809,59,-1.1404257609545845,3.514232721420419,0.349617841555728,-1.1830000315967482,47.75999893248081,1.0,1.2841575724706635,1
15:22:05.714809,59,-1.1206168862281969,3.442731465722181,0.3392471830695462,-1.600480042747222,27.87999937683344,1.0,4.961150314562701,1
15:22:05.714809,59,-1.2211401640295572,3.662388768683335,0.4158106612369341,-1.1830000315967482,11.359999746084211,1.0,3.5873094334343105,1
15:22:05.714809,59,-1.202631389676605,3.606878083416329,0.4398221579243926,-0.8349600223009475,36.75999917834997,1.0,0.9501184595256149,1
15:22:05.714809,59,-1.222342236796891,3.5397449688017644,0.4669478751696165,-0.8349600223009475,54.51999878138304,1.0,0.031214650424630723,1
15:22:05.714809,59,-1.1601622781255243,3.4482774937210072,0.3783687581858888,-1.600480042747222,32.75999926775694,1.0,3.633975993310291,1
15:22:05.714809,59,-1.2605545914131784,3.6504030037834574,0.4190222372625254,-1.1830000315967482,9.519999787211418,0.9519999787211418,3.655276742510337,1
15:22:05.714809,59,-1.2414484141050346,3.595073986292612,0.4429850562160706,-0.8349600223009475,32.75999926775694,1.0,0.9276868468114531,1
15:22:05.714809,59,-1.163694103116773,3.618306652933593,0.4367598819515987,-1.1830000315967482,39.23999912291765,1.0,1.2697044977605783,1
15:22:05.714809,59,-1.1841226153236528,3.551367398149321,0.4638336546118511,-0.8349600223009475,52.23999883234501,1.0,0.14129437378369458,1
15:22:05.714809,59,-1.181603623652605,3.6739932265203192,0.4127012561309131,-1.1830000315967482,13.35999970138073,1.0,3.813484555356909,1
15:22:05.714809,59,-1.0394670924724625,3.5838809226584813,0.2779801502771044,-1.1830000315967482,33.7599992454052,1.0,1.888340555201172,1
15:22:05.714809,59,-1.1366080416094435,3.635262708350637,0.2950314210348423,-1.1830000315967482,14.999999664723871,1.0,1.934382533137903,1
15:22:05.714809,59,-1.0618908196144363,3.5186525685641774,0.3071811099774186,-1.1830000315967482,36.35999918729067,1.0,2.569825750325009,1
15:22:05.714809,59,-1.0803975787713969,3.590787372407076,0.318026818015515,-1.1830000315967482,37.239999167621136,1.0,1.208234468991739,1
15:22:05.714809,59,-1.0970251465935978,3.646050417921949,0.2921408629670279,-1.1830000315967482,15.999999642372131,1.0,2.2119880853241964,1
15:22:05.714809,59,-1.023469454270897,3.5287241689975164,0.3044824327748165,-1.1830000315967482,31.119999304413795,1.0,3.2186918495251953,1
15:22:05.714809,59,-1.057332549982181,3.65645525308742,0.289352895787061,-1.1830000315967482,15.999999642372131,1.0,2.7946481347886123,1
15:22:05.714809,59,-1.000341224918868,3.593732522207316,0.2753404221338389,-1.1830000315967482,29.759999334812164,1.0,2.7300300849517045,1
15:22:05.714809,59,-1.0157367069983425,3.649040894256616,0.2487975136114144,-1.1830000315967482,15.359999656677246,1.0,3.0356823808300852,1
15:22:05.714809,59,-0.9611153240808687,3.6032057086280376,0.2728020894826573,-1.1830000315967482,25.75999942421913,1.0,3.8847815418848715,1
15:22:05.714809,59,-0.975907110502942,3.658659875200389,0.2462201154355203,-1.1830000315967482,14.239999681711195,1.0,4.063019517689973,1
15:22:05.714809,59,-1.2349350379241062,3.4251418595047176,0.3845679326905253,-1.600480042747222,37.75999915599823,1.0,4.577708135246432,1
15:22:05.714809,59,-1.1193805173746492,3.580163171733532,0.320873564006217,-1.1830000315967482,39.23999912291765,1.0,0.8156539375538918,1
15:22:05.714809,59,-1.1857393465651562,3.443993516941356,0.5510927162158179,-1.600480042747222,22.11999950557947,1.0,3.0018614832911554,1
15:22:05.714809,59,-1.1021529931398548,3.5250636351164277,0.3467157069775917,-1.1830000315967482,42.11999905854464,1.0,1.4793244116131374,1
15:22:05.714809,59,-1.2818812574271723,3.598507134475404,0.4842251117152081,-0.8349600223009475,27.99999937415123,1.0,1.4786302568285745,1
15:22:05.714809,59,-1.299842964393752,3.638037130387136,0.4223356630527755,-1.1830000315967482,8.359999813139439,0.8359999813139438,4.016402592832339,1
15:22:05.714809,59,-1.488476091341531,3.4470187702466597,0.8735445047399555,-1.0438400278799236,19.35999956727028,1.0,3.6735922793296383,1
15:22:05.714809,59,-1.5116604681654546,3.490387102991628,0.817476186298423,-0.974120026017772,28.759999357163903,1.0,3.983713342167814,1
15:22:05.714809,59,-1.4521911465903945,3.461221220441359,0.8697389696797424,-0.974120026017772,22.239999502897263,1.0,3.2050613855572108,1
15:22:05.714809,59,-1.471489287309853,3.4659390931607086,0.7006664979503991,-0.8349600223009475,33.87999924272299,1.0,2.9438833254504964,1
15:22:05.714809,59,-1.4117953980482985,3.4247159320860314,0.717597567728657,-1.600480042747222,24.99999944120645,1.0,2.5710365191406566,1
15:22:05.714809,59,-1.4345750049173176,3.4799744225718587,0.6969057427691769,-0.8349600223009475,38.99999912828207,1.0,1.9831588166187508,1
15:22:05.714809,59,-1.4559665946105074,3.5213503806489346,0.6382303507773897,-0.8349600223009475,33.7599992454052,1.0,3.180303414957563,1
15:22:05.714809,59,-1.3387192683759974,3.4512847486441363,0.7104784747880624,-1.600480042747222,26.87999939918518,1.0,1.5965078485016189,1
15:22:05.714809,59,-1.3590241779536008,3.4932806819426,0.6522888178025683,-0.8349600223009475,43.119999036192894,1.0,0.7921142150796459,1
15:22:05.714809,59,-1.413449390190761,3.491429722965374,0.5214050194778526,-1.600480042747222,39.51999911665917,1.0,3.0810337065356195,1
15:22:05.714809,59,-1.3019785670057669,3.464038445833159,0.7070611319257527,-1.600480042747222,27.639999382197857,1.0,1.5475382009034715,1
15:22:05.714809,59,-1.260439625070529,3.5277539535373936,0.470160858026134,-0.8349600223009475,53.99999879300594,1.0,0.2201636637957359,1
15:22:05.714809,59,-1.2226959131612667,3.4323615711767346,0.554209486689851,-1.600480042747222,24.759999446570877,1.0,2.8589831865953617,1
15:22:05.714809,59,-1.3204985422040552,3.585938500726164,0.4875928669782796,-0.8349600223009475,23.519999474287037,1.0,1.8593564076791709,1
15:22:05.714809,59,-1.3001757651995154,3.530750080464365,0.5108691614398948,-0.8349600223009475,50.6399988681078,1.0,0.39700873253961794,1
15:22:05.714809,59,-1.2798529881949758,3.4755616602025654,0.5341454559015102,-1.600480042747222,45.11999899148941,1.0,0.7830206729314289,1
15:22:05.714809,59,-1.2407379554089175,3.472612365112523,0.494073455512813,-0.8349600223009475,42.23999905586243,1.0,1.0725009700146053,1
15:22:05.714809,59,-1.3973331170227437,3.559685388291873,0.4946273672538512,-0.8349600223009475,19.519999563694,1.0,3.4977518865835178,1
15:22:05.714809,59,-1.3758278381975866,3.504901009483074,0.5177953991344264,-1.600480042747222,45.51999898254872,1.0,1.8917003408977766,1
15:22:05.714809,59,-1.35432255937243,3.450116630674275,0.5409634310150016,-1.600480042747222,45.51999898254872,1.0,2.1377125516501136,1
15:22:05.714809,59,-1.263902751988415,3.4629388209426737,0.6669561088793872,-0.974120026017772,26.75999940186739,1.0,1.652654217408117,1
15:22:05.769506,60,-1.0305148753047937,3.424998235862458,0.3956846831609752,-1.0438400278799236,19.999999552965164,1.0,5.469865074273415,1
15:22:05.769506,60,-1.202631389676605,3.606878083416329,0.4398221579243926,-0.7655200204462744,26.519999407231808,1.0,1.8525954307342831,1
15:22:05.769506,60,-1.1099655415092766,3.4512469321734125,0.5089357594136543,-0.8349600223009475,29.879999332129955,1.0,2.3796436532416743,1
15:22:05.769506,60,-1.1278750620451088,3.506933505760139,0.4848771335929691,-1.0438400278799236,54.35999878495932,1.0,0.5244212924240664,1
15:22:05.769506,60,-1.1457845825809407,3.562620079346866,0.4608185077722839,-0.7655200204462744,64.51999855786562,1.0,0.43405211555236656,1
15:22:05.769506,60,-1.163694103116773,3.618306652933593,0.4367598819515987,-0.7655200204462744,29.11999934911728,1.0,2.1085361226265893,1
15:22:05.769506,60,-1.0676979446702657,3.4148645618822178,0.398399992920341,-1.0438400278799236,24.35999945551157,1.0,5.298833711026093,1
15:22:05.769506,60,-1.0900234965582472,3.517645222274386,0.4820069378034257,-1.0438400278799236,43.99999901652336,1.0,1.0013312060104749,1
15:22:05.769506,60,-1.1073319723399102,3.5735018871357065,0.4579027361630734,-1.0438400278799236,58.75999868661165,1.0,0.9270869244749835,1
15:22:05.769506,60,-1.1246404481215733,3.629358551997027,0.4337985345227211,-0.7655200204462744,30.35999932140112,1.0,2.6179631773911844,1
15:22:05.769506,60,-1.0520629296349522,3.527990791262377,0.479234850947853,-1.0438400278799236,35.23999921232462,1.0,1.7378235196984915,1
15:22:05.769506,60,-0.9611153240808687,3.6032057086280376,0.2728020894826573,-1.1132800297345966,21.639999516308308,1.0,2.751695271609025,1
15:22:05.769506,60,-1.0803975787713969,3.590787372407076,0.318026818015515,-1.1132800297345966,29.879999332129955,1.0,1.251106920446507,1
15:22:05.769506,60,-1.1021800302182028,3.696053617507789,0.4067901921811059,-1.1132800297345966,6.519999854266644,0.6519999854266645,6.848527493839263,1
15:22:05.769506,60,-1.009254703981913,3.490192999487292,0.3671375322654708,-1.0438400278799236,28.359999366104603,1.0,2.772708421712481,1
15:22:05.769506,60,-1.025280652648669,3.545613750687334,0.3412093201060009,-1.0438400278799236,42.9999990388751,1.0,1.357702077005063,1
15:22:05.769506,60,-1.0413066013154249,3.6010345018873773,0.3152811079465309,-1.1132800297345966,27.87999937683344,1.0,1.6650226047239398,1
15:22:05.769506,60,-0.9866887671418586,3.555330897567893,0.3386056184466204,-1.0438400278799236,35.879999198019505,1.0,2.0431327658713934,1
15:22:05.769506,60,-1.0021114940717293,3.6109035354700736,0.3126367083679717,-1.1132800297345966,24.879999443888664,1.0,2.337763392826066,1
15:22:05.769506,60,-0.9479982135849826,3.564674795827335,0.3361019284538447,-1.0438400278799236,29.759999334812164,1.0,2.9902525894620107,1
15:22:05.769506,60,-1.1841226153236528,3.551367398149321,0.4638336546118511,-0.7655200204462744,66.35999851673841,1.0,0.19817147766117826,1
15:22:05.769506,60,-0.9217933125156844,3.6122995346099382,0.2703654061546978,-1.1132800297345966,18.519999586045746,1.0,3.7502763963235854,1
15:22:05.769506,60,-1.0687686298293693,3.584011733344181,0.4550866313589372,-1.0438400278799236,50.99999886006117,1.0,1.6762407541928181,1
15:22:05.769506,60,-1.1671981384294636,3.51101936699971,0.5246445919997558,-1.0438400278799236,65.35999853909016,1.0,0.27345018561855156,1
15:22:05.769506,60,-1.263902751988415,3.4629388209426737,0.6669561088793872,-0.8349600223009475,50.87999886274338,1.0,1.1586484224582305,1
15:22:05.769506,60,-1.243135785598508,3.6107021316963617,0.4809574720581526,-0.7655200204462744,23.23999948054552,1.0,2.480416998479618,1
15:22:05.769506,60,-1.4876568217431951,3.4349632696233434,0.8362534739948078,-0.974120026017772,25.23999943584204,1.0,3.9817521182836195,1
15:22:05.769506,60,-1.5082564220064725,3.451547906873614,0.7045226046941522,-0.7655200204462744,25.87999942153692,1.0,4.279618625419178,1
15:22:05.769506,60,-1.4481235187986252,3.4109034695763456,0.7212986059036126,-0.6958000185841229,30.879999309778214,1.0,3.4852129783918286,1
15:22:05.769506,60,-1.471489287309853,3.4659390931607086,0.7006664979503991,-0.7655200204462744,32.239999279379845,1.0,3.1711488958070664,1
15:22:05.769506,60,-1.4117953980482985,3.4247159320860314,0.717597567728657,-0.6958000185841229,37.51999916136265,1.0,2.56363655329221,1
15:22:05.769506,60,-1.4345750049173176,3.4799744225718587,0.6969057427691769,-0.7655200204462744,40.3599990978837,1.0,2.326905602025617,1
15:22:05.769506,60,-1.4559665946105074,3.5213503806489346,0.6382303507773897,-0.7655200204462744,28.359999366104603,1.0,3.614061591817669,1
15:22:05.769506,60,-1.3387192683759974,3.4512847486441363,0.7104784747880624,-0.6958000185841229,44.11999901384115,1.0,1.5139883879226421,1
15:22:05.769506,60,-1.3590241779536008,3.4932806819426,0.6522888178025683,-0.7655200204462744,50.519998870790005,1.0,1.0890175467783427,1
15:22:05.769506,60,-1.3806041137486336,3.5487504624316157,0.6308885209911737,-0.7655200204462744,34.11999923735857,1.0,2.422257463501012,1
15:22:05.769506,60,-1.1471050666177482,3.440346027615307,0.5118566479867677,-0.8349600223009475,36.23999918997288,1.0,2.1823712130080906,1
15:22:05.769506,60,-1.311312001722116,3.340547873056677,0.5872994947761521,-1.5307600408850703,20.359999544918537,1.0,7.161319136419679,1
15:22:05.769506,60,-1.321726215149429,3.5062278197388648,0.6488196426857646,-0.7655200204462744,61.63999862223864,1.0,0.8160635645627737,1
15:22:05.769506,60,-1.3427138968435737,3.5619031877419998,0.6273642588659878,-0.7655200204462744,41.23999907821417,1.0,2.2123635123920913,1
15:22:05.769506,60,-1.2842960808310853,3.5188140455407915,0.6454471736463825,-0.7655200204462744,71.51999840140343,1.0,0.8014135157283366,1
15:22:05.769506,60,-1.3001757651995154,3.530750080464365,0.5108691614398948,-0.7655200204462744,49.11999890208244,1.0,0.8197387556152962,1
15:22:05.769506,60,-1.2226959131612667,3.4323615711767346,0.554209486689851,-0.8349600223009475,48.51999891549349,1.0,1.744861035192796,1
15:22:05.769506,60,-1.242424361249902,3.487743425609624,0.5308813616983035,-0.7655200204462744,76.359998293221,1.0,0.22772673249962214,1
15:22:05.769506,60,-1.262152809338537,3.5431252800425144,0.5075532367067557,-0.7655200204462744,57.11999872326851,1.0,0.48650788608261464,1
15:22:05.769506,60,-1.2818812574271723,3.598507134475404,0.4842251117152081,-0.7655200204462744,19.759999558329586,1.0,2.521204495941773,1
15:22:05.769506,60,-1.1857393465651562,3.443993516941356,0.5510927162158179,-0.8349600223009475,42.87999904155731,1.0,1.6057275739171404,1
15:22:05.769506,60,-1.204871492909607,3.499563055193025,0.5277143014965961,-0.7655200204462744,73.87999834865332,1.0,0.12029711395991413,1
15:22:05.769506,60,-1.2240036392540574,3.555132593444693,0.5043358867773744,-0.7655200204462744,63.51999858021736,1.0,0.4118602554807431,1
15:22:05.769506,60,-1.300738533455284,3.450552451735732,0.670275026505541,-0.8349600223009475,49.23999889940024,1.0,1.2309476605795515,1
15:22:05.818251,61,-1.053492889169828,3.5431971218847425,0.5160225885640646,-0.8349600223009475,7.35999983549118,0.735999983549118,5.433724006080343,1
15:22:05.818251,61,-1.2226959131612667,3.4323615711767346,0.554209486689851,-1.4613200390303973,17.759999603033066,1.0,2.4146465513442017,1
15:22:05.818251,61,-1.1918169540703691,3.4248082747952417,0.8860411830223895,-0.904680024163099,23.75999946892261,1.0,2.3918155804404915,1
15:22:05.818251,61,-1.1733532730403466,3.4104073970545232,1.0475663450438777,-0.904680024163099,10.519999764859676,1.0,2.6540656259227617,1
15:22:05.818251,61,-1.207143644629849,3.4188994401593926,0.6852936393204654,-0.904680024163099,28.879999354481697,1.0,2.524787954271255,1
15:22:05.882632,62,-1.0245530047551894,3.4861210965859533,0.7070294605486429,-0.5566400148672983,24.35999945551157,1.0,0.7645676488507099,1
15:22:05.882632,62,-1.0117951392122375,3.521492968666052,1.017146254552725,-0.904680024163099,23.9999994635582,1.0,5.00173204863961,1
15:22:05.882632,62,-1.1073319723399102,3.5735018871357065,0.4579027361630734,-0.4872000130126253,6.239999860525131,0.6239999860525132,3.9981954044445285,1
15:22:05.882632,62,-1.0915050519369571,3.532837491242641,0.5187984432285004,-0.4872000130126253,18.879999577999115,1.0,0.8997713086356631,1
15:22:05.882632,62,-1.0741730505473852,3.4767395884444,0.5423184328012858,-0.4872000130126253,40.759999088943005,1.0,1.4508765830982906,1
15:22:05.882632,62,-1.0615209577244735,3.4760460492727407,0.7097290613399236,-0.5566400148672983,29.639999337494373,1.0,0.6324962401611416,1
15:22:05.882632,62,-1.0483027624853605,3.511543377135375,1.0198122395683895,-0.904680024163099,29.759999334812164,1.0,3.6218208044086726,1
15:22:05.882632,62,-1.0308241412313208,3.4529945123393264,1.0361551618953433,-0.904680024163099,26.99999939650297,1.0,2.6673799066757145,1
15:22:05.882632,62,-1.2278846337507827,3.548085378875484,-0.0950158654425656,-0.6958000185841229,8.999999798834324,0.8999999798834324,11.597338165703487,1
15:22:05.882632,62,-1.1457845825809407,3.562620079346866,0.4608185077722839,-0.4872000130126253,5.359999880194664,0.5359999880194664,3.4907408209705153,1
15:22:05.882632,62,-1.1294080651133565,3.5221112154080987,0.5216725401761595,-0.4872000130126253,14.759999670088291,1.0,0.7975784214259087,1
15:22:05.882632,62,-1.1153327567941105,3.508908249830819,0.6546386375322886,-0.904680024163099,39.99999910593033,1.0,0.20941218748851273,1
15:22:05.882632,62,-1.1008617448634033,3.5034993102632708,0.8218158135568283,-0.904680024163099,35.51999920606613,1.0,0.550985365620201,1
15:22:05.882632,62,-1.0367644826575602,3.486934718581106,0.5395866559144249,-0.4872000130126253,38.519999139010906,1.0,1.1525716998157547,1
15:22:05.882632,62,-1.0520629296349522,3.527990791262377,0.479234850947853,-0.4872000130126253,22.51999949663877,1.0,0.7198153665101118,1
15:22:05.882632,62,-0.9865420967992796,3.4824866474167804,0.668255498486898,-0.5566400148672983,19.879999555647373,1.0,1.5389481255427595,1
15:22:05.882632,62,-1.0847055563605033,3.5012416524034764,1.0225725783909494,-0.904680024163099,36.87999917566776,1.0,2.4853837220575836,1
15:22:05.882632,62,-0.8183782589762724,3.534336142369183,0.3553094127788965,-0.4174800111504737,11.9999997317791,1.0,4.387808141005604,1
15:22:05.882632,62,-0.8703365878926201,3.582239146372857,0.3313955749095947,-0.5566400148672983,7.519999831914902,0.7519999831914902,4.480808883324246,1
15:22:05.882632,62,-0.8567325376802865,3.526245911229379,0.3574771836793879,-0.4174800111504737,14.359999679028988,1.0,3.5444755758565805,1
15:22:05.882632,62,-0.8431284874679528,3.470252676085901,0.3835587924491812,-0.4872000130126253,16.359999634325504,1.0,8.319373173379343,1
15:22:05.882632,62,-0.9092128610009816,3.573644511083659,0.3336985004945751,-0.4872000130126253,7.879999823868275,0.7879999823868274,3.384587291475781,1
15:22:05.882632,62,-0.8807894266956254,3.461926722710477,0.3857897249323452,-0.4872000130126253,19.759999558329586,1.0,8.219524514549033,1
15:22:05.882632,62,-0.9479982135849826,3.564674795827335,0.3361019284538447,-0.4872000130126253,8.119999818503857,0.8119999818503857,2.52103964515024,1
15:22:05.882632,62,-0.9375652327169716,3.556820451275788,0.4715099668291955,-0.5566400148672983,20.51999954134226,1.0,2.547037653951264,1
15:22:05.882632,62,-0.9226776406829924,3.5003417232162404,0.4957808498011542,-0.5566400148672983,23.9999994635582,1.0,2.4913033187057243,1
15:22:05.882632,62,-0.9866887671418586,3.555330897567893,0.3386056184466204,-0.4872000130126253,8.239999815821648,0.8239999815821648,1.9015038734277914,1
15:22:05.882632,62,-0.9758299860990718,3.5475793851845685,0.4739861030255405,-0.5566400148672983,23.11999948322773,1.0,1.6852354951914499,1
15:22:05.882632,62,-0.9603347883031096,3.491247395951424,0.4982176674474661,-0.4872000130126253,28.879999354481697,1.0,2.206720032868513,1
15:22:05.882632,62,-1.0300984113512606,3.5941485669964743,0.4523704749679966,-0.5566400148672983,7.879999823868275,0.7879999823868274,5.773365454955647,1
15:22:05.882632,62,-1.0139971573001132,3.537969178175882,0.4765611502326141,-0.4872000130126253,24.119999460875988,1.0,1.0720090502806685,1
15:22:05.882632,62,-0.9992522391880716,3.4967680059774464,0.5369518344976325,-0.4872000130126253,33.99999924004078,1.0,1.1460245741619413,1
15:22:05.882632,62,-1.0687686298293693,3.584011733344181,0.4550866313589372,-0.4872000130126253,7.1199998408555984,0.7119999840855599,4.763831469275302,1
15:22:05.882632,62,-1.066619981972787,3.44286455091026,1.0388694768796205,-0.904680024163099,32.75999926775694,1.0,2.276268085186918,1
15:22:05.882632,62,-0.8950011438483035,3.517785616897068,0.3597441127134604,-0.4872000130126253,17.359999611973763,1.0,2.954202317140799,1
15:22:05.882632,62,-1.1671981384294636,3.51101936699971,0.5246445919997558,-0.4872000130126253,10.99999975413084,1.0,0.9858767792396377,1
15:22:05.882632,62,-1.2859191493829796,3.491411522789189,0.9846283954685864,-0.904680024163099,38.87999913096428,1.0,2.1960546760927904,1
15:22:05.882632,62,-1.264830308727383,3.473423592236888,1.1478401229496442,-0.904680024163099,55.63999875634909,1.0,2.154093363182471,1
15:22:05.882632,62,-1.2434305042114846,3.4243127205554598,1.1982959664750172,-0.904680024163099,48.51999891549349,1.0,1.7398847483588713,1
15:22:05.882632,62,-1.322405030371588,3.489320876664524,1.0251119393362609,-0.904680024163099,33.2399992570281,1.0,3.020679835730839,1
15:22:05.882632,62,-1.3005227185984918,3.4610337855520488,1.1511599616452246,-0.904680024163099,48.119998924434185,1.0,1.9549435772635964,1
15:22:05.882632,62,-1.2785190302345608,3.412132538386427,1.2015596364508734,-0.904680024163099,42.9999990388751,1.0,2.226166988915563,1
15:22:05.882632,62,-1.1878121107915371,3.378120353064733,1.2087167954980462,-0.904680024163099,20.999999530613422,1.0,5.724157666029614,1
15:22:05.882632,62,-1.3357510254091849,3.4572577889823704,1.1914325039449465,-0.904680024163099,39.99999910593033,1.0,2.589054119925581,1
15:22:05.882632,62,-1.3711709187101837,3.444184251250392,1.1949355478224477,-0.904680024163099,32.51999927312136,1.0,2.777850345348843,1
15:22:05.882632,62,-1.3483090337468464,3.3867584824638923,1.208358594244019,-0.974120026017772,30.119999326765537,1.0,4.248396401266542,1
15:22:05.882632,62,-1.4415958292346962,3.417014105728486,1.2022157663732784,-0.974120026017772,26.359999410808086,1.0,4.232968391466768,1
15:22:05.882632,62,-1.4175597316469557,3.3600413517579244,1.2155174278407597,-0.974120026017772,24.759999446570877,1.0,7.785456063472999,1
15:22:05.882632,62,-1.4500138640589184,3.3706372521837182,1.3284118132664158,-0.904680024163099,20.359999544918537,1.0,6.409329174986816,1
15:22:05.882632,62,-1.3134797054257574,3.399614041742846,1.2049139575169727,-0.904680024163099,36.51999918371439,1.0,3.056703534369098,1
15:22:05.882632,62,-1.2085197938145662,3.427353919267435,1.158874917522768,-0.904680024163099,51.11999885737896,1.0,1.6004220974379215,1
15:22:05.882632,62,-1.358565753555774,3.4763726744534664,1.028581399662149,-0.904680024163099,27.759999379515648,1.0,3.0264096670740033,1
15:22:05.882632,62,-1.248191116480711,3.4700305783208485,0.8706512063314624,-0.904680024163099,43.75999902188778,1.0,0.6029814809330307,1
15:22:05.882632,62,-1.229195797783104,3.456534550747988,1.0345518101754738,-0.904680024163099,59.8799986615777,1.0,0.6527175073678875,1
15:22:05.882632,62,-1.152651869303613,3.4979546341754992,0.6575736500013325,-0.904680024163099,36.51999918371439,1.0,0.21622901749046813,1
15:22:05.882632,62,-1.1376966562956232,3.4926878135422927,0.8247127453721861,-0.904680024163099,41.23999907821417,1.0,0.17644415359542356,1
15:22:05.882632,62,-1.1209998805887775,3.4905888246341967,1.0254269949888355,-0.904680024163099,45.11999899148941,1.0,1.6058934678041923,1
15:22:05.882632,62,-1.1023091616096712,3.432389340474948,1.041676301056308,-0.904680024163099,39.11999912559986,1.0,2.171618574763378,1
15:22:05.882632,62,-1.204871492909607,3.499563055193025,0.5277143014965961,-0.4872000130126253,8.359999813139439,0.8359999813139438,1.4798035909837703,1
15:22:05.882632,62,-1.17506456430722,3.4934382105149853,0.8643791501883187,-0.904680024163099,45.11999899148941,1.0,0.4407489587586533,1
15:22:05.882632,62,-1.1571821057681675,3.47958595910139,1.0283752039227796,-0.904680024163099,53.23999880999327,1.0,0.9974180057442452,1
15:22:05.882632,62,-1.1909900431862217,3.500161495765755,0.6973819898681644,-0.904680024163099,31.5199992954731,1.0,0.4998791646896515,1
15:22:05.882632,62,-1.1378881112539097,3.42156992854566,1.0445753537453402,-0.904680024163099,45.35999898612499,1.0,2.366959557695123,1
15:22:05.882632,62,-1.246737517980643,3.5310381007363447,0.6421717479285005,-0.904680024163099,6.359999857842922,0.6359999857842922,3.0172577892476022,1
15:22:05.882632,62,-1.2281102610265238,3.488478041363506,0.7005125620400527,-0.904680024163099,26.359999410808086,1.0,0.8042183962510638,1
15:22:05.882632,62,-1.211688424307604,3.4819109829488726,0.8674678615056284,-0.904680024163099,46.11999896913767,1.0,0.36738305105807834,1
15:22:05.882632,62,-1.1932486137064686,3.468234156082389,1.0314169103743578,-0.904680024163099,58.87999868392944,1.0,0.6746135992465996,1
15:22:05.882632,62,-1.1731772685904645,3.4388567283820963,1.1557927491098052,-0.904680024163099,49.87999888509512,1.0,1.5138697253916484,1
15:22:05.882632,62,-1.267962942573814,3.5148389609163124,0.8148508470179792,-0.904680024163099,21.87999951094389,1.0,2.6534998445640907,1
15:22:05.933146,63,-0.9909480381118934,3.371777590079666,0.7494384248944255,-1.1132800297345966,21.239999525249004,1.0,4.505353905772409,1
15:22:05.933146,63,-1.0623562036890144,3.3519435334195333,0.754752944359141,-0.974120026017772,33.359999254345894,1.0,2.6866918860775133,1
15:22:05.933146,63,-1.0834041266800023,3.457776168723643,0.8772074624681196,-0.974120026017772,35.759999200701714,1.0,3.419947580086604,1
15:22:05.933146,63,-1.0267034556431496,3.3620330006610857,0.752049479759707,-0.974120026017772,26.519999407231808,1.0,3.3979599758246524,1
15:22:05.933146,63,-1.0464687066097196,3.4563262588312,0.8383823108964796,-0.974120026017772,28.879999354481697,1.0,3.7449239171029363,1
15:22:05.933146,63,-1.1351347238944605,3.4548272779065354,0.7154146139918789,-0.8349600223009475,19.999999552965164,1.0,2.018049593262806,1
15:22:05.933146,63,-1.0100249551714962,3.4662584430751067,0.8357209901492475,-0.904680024163099,23.35999947786331,1.0,5.520514369242089,1
15:22:05.933146,63,-0.8024399068022774,3.371488340491576,0.0364729093754965,-1.3916000371682458,12.519999720156193,1.0,5.51547825516916,1
15:22:05.933146,63,-0.9638219318856064,3.431105312399612,0.2209986822502703,-0.8349600223009475,10.639999762177467,1.0,3.174907123947965,1
15:22:05.933146,63,-0.9167399648146496,3.436843208910981,0.3525480116240689,-0.8349600223009475,14.51999967545271,1.0,1.7095547024605846,1
15:22:05.933146,63,-0.9240080177372806,3.4221873691235345,0.1831002054366413,-0.8349600223009475,11.9999997317791,1.0,2.84954440422319,1
15:22:05.933146,63,-0.8862041735476823,3.430930095317418,0.1807575990133438,-0.8349600223009475,12.759999714791777,1.0,2.671827429290399,1
15:22:05.933146,63,-0.8422398827124491,3.3830029100846315,0.0732915736824,-1.3916000371682458,12.879999712109566,1.0,4.294468220191371,1
15:22:05.933146,63,-0.8533863196082473,3.416965548819231,0.007453379930606,-1.3916000371682458,10.87999975681305,1.0,4.729319291966039,1
15:22:05.933146,63,-0.8568118901141126,3.386666287029287,-0.1648121193827822,-1.3916000371682458,5.759999871253967,0.5759999871253967,9.44121155226344,1
15:22:05.933146,63,-1.1196549049796072,3.447136122216669,0.8800584543370928,-0.974120026017772,43.35999903082848,1.0,2.1725236357988735,1
15:22:05.933146,63,-1.0074718160693317,3.473567415336552,0.3309847152725289,-0.8349600223009475,8.999999798834324,0.8999999798834324,4.744725988395252,1
15:22:05.933146,63,-1.1003806189529393,3.378128921103556,0.8632617406947811,-0.974120026017772,41.879999063909054,1.0,1.7863566918152984,1
15:22:05.933146,63,-1.1719454838331342,3.367705566641611,0.9046145045391508,-0.974120026017772,59.8799986615777,1.0,0.899584531832062,1
15:22:05.933146,63,-1.135897321521257,3.367328438253471,0.8661557213523274,-0.974120026017772,51.35999885201454,1.0,1.225286607725956,1
15:22:05.933146,63,-1.1557937187267622,3.4361464579214616,0.8830031260100828,-0.974120026017772,50.75999886542559,1.0,1.297825363074022,1
15:22:05.933146,63,-1.452555178892645,3.3088959424587743,1.074766257325317,-0.974120026017772,21.87999951094389,1.0,6.255829346238748,1
15:22:05.933146,63,-1.442172679051818,3.3791010069229306,1.055300065710478,-0.974120026017772,22.51999949663877,1.0,4.986632865505594,1
15:22:05.933146,63,-1.3488485551603853,3.349488209265843,1.063889592215414,-0.974120026017772,34.639999225735664,1.0,1.8556875693388677,1
15:22:05.933146,63,-1.371719588231599,3.406282024488968,1.0480169340042018,-0.974120026017772,27.99999937415123,1.0,2.9137238819963427,1
15:22:05.933146,63,-1.313808187571115,3.352189636631377,1.0245518616225235,-0.974120026017772,43.5199990272522,1.0,1.405668005774146,1
15:22:05.933146,63,-1.3362855217770997,3.419360793553957,1.0445124883952448,-0.974120026017772,34.879999220371246,1.0,2.4526215358877206,1
15:22:05.933146,63,-1.4181269634988911,3.322760387788128,1.0710512903958112,-0.974120026017772,27.359999388456345,1.0,4.3867633862336195,1
15:22:05.933146,63,-1.3005227185984918,3.421763200821685,1.0046001441885686,-0.974120026017772,42.75999904423952,1.0,1.8981328573174623,1
15:22:05.933146,63,-1.2424355939950822,3.344383659385044,0.9108635907545016,-0.974120026017772,60.99999863654375,1.0,1.2973181474710993,1
15:22:05.933146,63,-1.264830308727383,3.434153007506524,1.0012803054929882,-0.974120026017772,50.23999887704849,1.0,1.9583581622324178,1
15:22:05.933146,63,-1.1862084441718928,3.288212545770496,0.8912657573282357,-0.974120026017772,26.75999940186739,1.0,6.387051778060752,1
15:22:05.933146,63,-1.2072509009534378,3.3562148349728,0.9076934368102516,-0.974120026017772,63.879998572170734,1.0,0.902049375242584,1
15:22:05.933146,63,-1.2277210087170745,3.413122706646824,0.8891723215708569,-0.974120026017772,55.23999876528978,1.0,0.6747556709944493,1
15:22:05.933146,63,-1.2788387692242056,3.3647112639686543,1.0211967016895764,-0.974120026017772,53.11999881267548,1.0,0.9002500761402277,1
15:22:05.933146,63,-1.1918169540703691,3.4248082747952417,0.8860411830223895,-0.974120026017772,55.35999876260757,1.0,0.7978086417254046,1
15:22:05.990757,64,-0.9485174099018582,3.7146952896607615,-0.8171628282141363,-1.2524400334514212,8.119999818503857,0.8119999818503857,1.180490224687167,1
15:22:05.990757,64,-0.93321288791811,3.654757923061006,-0.8039777392129771,-1.2524400334514212,13.879999689757824,1.0,0.86881715222937,1
15:22:05.990757,64,-0.9856163173822614,3.705024540650791,-0.8171628282141363,-1.2524400334514212,6.359999857842922,0.6359999857842922,1.171897352027583,1
15:22:05.990757,64,-0.975476539666201,3.666908161475448,-0.6904723248395032,-1.2524400334514212,12.359999723732471,1.0,0.5239898202246583,1
15:22:05.990757,64,-0.9389630012598832,3.529650332566216,-0.3296071178545127,-0.8349600223009475,18.35999958962202,1.0,1.302121123063766,1
15:22:05.990757,64,-0.9595703014203432,3.467180182123587,-0.2161102847919623,-0.8349600223009475,22.359999500215054,1.0,1.9758590149559483,1
15:22:05.990757,64,-0.9742119677678014,3.5200843782184754,-0.3296071178545127,-0.8349600223009475,22.63999949395657,1.0,0.8558770633266692,1
15:22:05.990757,64,-1.1399826538044204,3.8201535995727833,-1.2332058542395377,-1.0438400278799236,5.359999880194664,0.5359999880194664,9.160984494348087,1
15:22:05.990757,64,-1.0395090477682414,3.615000642334939,-0.4917671324556357,-1.2524400334514212,18.11999959498644,1.0,0.07468302039889219,1
15:22:05.990757,64,-0.8966192583741636,3.663907159831731,-0.8039777392129771,-1.2524400334514212,14.879999667406082,1.0,1.1192579700130245,1
15:22:05.990757,64,-1.0120962358947183,3.656970215003417,-0.6904723248395032,-1.2524400334514212,10.87999975681305,1.0,0.5053178286319322,1
15:22:05.990757,64,-0.9093357006289188,3.715871093675031,-0.8554601442976444,-1.2524400334514212,9.63999978452921,0.963999978452921,1.415358111510627,1
15:22:05.990757,64,-0.7845998258792946,3.6811055921565514,-0.841657120285699,-1.2524400334514212,14.119999684393406,1.0,2.707850756421972,1
15:22:05.990757,64,-0.8721321434273306,3.724778506924782,-0.8554601442976444,-1.2524400334514212,10.519999764859676,1.0,1.6802232030948248,1
15:22:05.990757,64,-0.8862041735476823,3.784878568292892,-0.8692631683095898,-1.2524400334514212,5.879999868571758,0.5879999868571758,2.003490141618191,1
15:22:05.990757,64,-0.8213710378009541,3.673075671101513,-0.841657120285699,-1.2524400334514212,14.999999664723871,1.0,2.070997734840341,1
15:22:05.990757,64,-0.8348413737420731,3.7333134454444634,-0.8554601442976444,-1.2524400334514212,10.759999759495258,1.0,2.079490498871933,1
15:22:05.990757,64,-0.797467120618872,3.741475055747373,-0.8554601442976444,-1.2524400334514212,10.359999768435957,1.0,2.61506880654133,1
15:22:05.990757,64,-0.7477501546323856,3.6887674057364057,-0.841657120285699,-1.2524400334514212,12.879999712109566,1.0,3.4796086594182394,1
15:22:05.990757,64,-0.7545732953638946,3.722427016475659,-0.9698235451181316,-1.2524400334514212,9.519999787211418,0.9519999787211418,3.5257399214795777,1
15:22:05.990757,64,-0.7173119180838472,3.729786503707561,-0.9698235451181316,-1.2524400334514212,8.51999980956316,0.851999980956316,4.311011924549124,1
15:22:05.990757,64,-1.0267034556431496,3.570467866158461,-0.3352694665967131,-0.974120026017772,21.7599995136261,1.0,0.21973537946381794,1
15:22:05.990757,64,-0.8599359676555678,3.672690008956097,-0.8039777392129771,-1.2524400334514212,15.239999659359457,1.0,1.4997500524560674,1
15:22:05.990757,64,-1.0093635138951385,3.510166418382044,-0.3296071178545127,-0.974120026017772,27.99999937415123,1.0,0.5312152802109855,1
15:22:05.990757,64,-1.0467713058534558,3.5077965078156668,-0.2199030082972596,-0.904680024163099,34.35999923199415,1.0,0.6390711607689522,1
15:22:05.990757,64,-0.977283409826175,3.39860452571314,-0.1769637480483297,-0.8349600223009475,9.63999978452921,0.963999978452921,2.551957231453451,1
15:22:05.990757,64,-1.3258690095923509,3.418393838836322,-0.0733401122755333,-0.974120026017772,23.9999994635582,1.0,2.9320069338945176,1
15:22:05.990757,64,-1.3486462261999772,3.4771187176546983,-0.0746000283088985,-0.974120026017772,25.11999943852425,1.0,3.4391443089277853,1
15:22:05.990757,64,-1.2902632050475582,3.427878484208246,-0.1832861131201686,-0.974120026017772,29.759999334812164,1.0,2.16512084844328,1
15:22:05.990757,64,-1.313808187571115,3.490431100362704,-0.0746000283088985,-0.974120026017772,29.35999934375286,1.0,2.7190477836891027,1
15:22:05.990757,64,-1.2559204796620915,3.440609508439277,-0.1832861131201686,-0.974120026017772,36.35999918729067,1.0,1.6334809192064115,1
15:22:05.990757,64,-1.2774960445182404,3.499716032137327,-0.186434800863456,-0.974120026017772,33.359999254345894,1.0,2.002782235634789,1
15:22:05.990757,64,-1.2003854649844583,3.3934417600288063,-0.1801249305842492,-0.974120026017772,23.11999948322773,1.0,1.1984515022281734,1
15:22:05.990757,64,-1.2424355939950822,3.512315795046464,-0.186434800863456,-0.974120026017772,36.51999918371439,1.0,1.4560241589094844,1
15:22:05.990757,64,-1.1663915949430173,3.405275743680626,-0.1801249305842492,-0.974120026017772,26.519999407231808,1.0,1.0009476856558528,1
15:22:05.990757,64,-1.1868617027066537,3.4650381440102045,-0.1832861131201686,-0.974120026017772,48.51999891549349,1.0,0.8950882941969376,1
15:22:05.990757,64,-1.2072509009534378,3.524564329318717,-0.186434800863456,-0.974120026017772,37.75999915599823,1.0,1.0213364813029924,1
15:22:05.990757,64,-1.1322810867192856,3.416769202611021,-0.1801249305842492,-0.974120026017772,29.35999934375286,1.0,0.9125383359769944,1
15:22:05.990757,64,-1.22145216328087,3.452996474602009,-0.1832861131201686,-0.974120026017772,43.239999033510685,1.0,1.209470557817677,1
15:22:05.990757,64,-1.1719454838331342,3.536460410110921,-0.186434800863456,-0.974120026017772,36.75999917834997,1.0,0.7007762836118009,1
15:22:05.990757,64,-1.1521525569565207,3.476733312507011,-0.1832861131201686,-0.974120026017772,50.1199988797307,1.0,0.6923117374641305,1
15:22:05.990757,64,-1.0623562036890144,3.5600224810502543,-0.3352694665967131,-0.974120026017772,25.63999942690134,1.0,0.1234304819773962,1
15:22:05.990757,64,-0.9941935464930616,3.457411281694734,-0.2161102847919623,-0.8349600223009475,25.75999942421913,1.0,1.5063971093521111,1
15:22:05.990757,64,-1.028717373044067,3.4472966430343344,-0.2161102847919623,-0.8349600223009475,28.759999357163903,1.0,1.1548759240142754,1
15:22:05.990757,64,-1.1003806189529393,3.5572314802328293,-0.2236807408005598,-0.974120026017772,29.879999332129955,1.0,0.3245175936330975,1
15:22:05.990757,64,-1.063138328719628,3.436837277597779,-0.2161102847919623,-0.974120026017772,30.63999931514263,1.0,0.9195122738488161,1
15:22:05.990757,64,-1.135897321521257,3.5460499976012088,-0.2236807408005598,-0.974120026017772,33.87999924272299,1.0,0.42601773004360954,1
15:22:05.990757,64,-1.1167132102000752,3.486160941948403,-0.2199030082972596,-0.974120026017772,47.23999894410372,1.0,0.4990792531147101,1
15:22:05.990757,64,-1.098057351335508,3.427920987483726,-0.1801249305842492,-0.974120026017772,30.879999309778214,1.0,0.9351015425409368,1
15:22:05.990757,64,-1.0817963473909702,3.4971535810961307,-0.2199030082972596,-0.974120026017772,41.35999907553196,1.0,0.5105345966045484,1
15:22:06.041510,65,-0.8599359676555678,3.339461380857738,0.2728550168571027,-1.1830000315967482,11.119999751448631,1.0,0.634175676387041,1
15:22:06.041510,65,-0.8008990136385418,3.2866437330433214,0.4279630645777899,-1.1830000315967482,14.999999664723871,1.0,1.674596960914277,1
15:22:06.041510,65,-0.8144790317640395,3.342371959332441,0.4013076564508666,-1.1830000315967482,21.119999527931213,1.0,1.2098191197744124,1
15:22:06.041510,65,-0.8231666840606616,3.34759021001434,0.2706769036491805,-1.1830000315967482,12.11999972909689,1.0,0.20669806255810907,1
15:22:06.041510,65,-0.7734196598175747,3.3003361226678534,0.2969888067722284,-1.1830000315967482,20.359999544918537,1.0,2.929050359274431,1
15:22:06.041510,65,-0.7006967882328092,3.314575468478887,0.2931733855614145,-1.1830000315967482,16.519999630749226,1.0,1.6217066298460445,1
15:22:06.041510,65,-0.737095078470346,3.3076314092824592,0.2950340406152911,-1.1830000315967482,18.759999580681324,1.0,1.7887253815064155,1
15:22:06.041510,65,-0.710825708996479,3.3522832512257428,0.2304108413293555,-1.1830000315967482,11.119999751448631,1.0,2.155094963809133,1
15:22:06.041510,65,-0.6627794887106419,3.303884171711052,0.257669277576922,-1.1830000315967482,14.239999681711195,1.0,2.9967244783395497,1
15:22:06.041510,65,-0.6738301813852031,3.358970681230157,0.2286189498602331,-1.1830000315967482,9.999999776482582,0.9999999776482582,4.211473020508504,1
15:22:06.041510,65,-0.786315084486999,3.3553634746538137,0.2685940636664801,-1.1830000315967482,12.359999723732471,1.0,0.8360495491214133,1
15:22:06.041510,65,-0.8508602545235718,3.334328921355996,0.4034627819813483,-1.1830000315967482,20.51999954134226,1.0,0.16138524952201655,1
15:22:06.041510,65,-0.7477501546323856,3.3452388121980388,0.2322983930779592,-1.1830000315967482,11.9999997317791,1.0,1.0120027934627407,1
15:22:06.041510,65,-0.8871563919705033,3.325934875766278,0.4057119597183432,-1.1830000315967482,18.879999577999115,1.0,0.17476302564055854,1
15:22:06.041510,65,-0.9019481783925763,3.381389042338629,0.3791299856712058,-1.1830000315967482,9.879999779164793,0.9879999779164793,3.4708485051527727,1
15:22:06.041510,65,-1.0264008466175747,3.238497284215266,0.7968982270545795,-0.5566400148672983,12.359999723732471,1.0,7.693033671571754,1
15:22:06.041510,65,-1.2494832481678484,3.5630969365570517,-0.3087652016686046,-0.2783200074336491,5.879999868571758,0.5879999868571758,12.688309215592774,1
15:22:06.041510,65,-1.19181867310933,3.524081474688135,-0.2790365027312864,-0.2783200074336491,7.999999821186066,0.7999999821186066,10.003458884612304,1
15:22:06.041510,65,-0.927512217374603,3.2281512583461693,1.0990183472273896,-0.904680024163099,5.519999876618385,0.5519999876618386,9.22647166143446,1
15:22:06.041510,65,-0.977283409826175,3.2369982964416,0.9494425674170264,-0.904680024163099,11.9999997317791,1.0,5.352906606481671,1
15:22:06.041510,65,-0.9611768579816448,3.3239307458871625,0.4449221687438811,-1.1830000315967482,14.119999684393406,1.0,1.1215426187369841,1
15:22:06.041510,65,-0.975476539666201,3.3632539080146224,0.3839892802679534,-1.1830000315967482,6.8799998462200165,0.6879999846220016,0.8043788625491198,1
15:22:06.041510,65,-0.923363814521498,3.3171906619608134,0.4080549647459623,-1.1830000315967482,16.519999630749226,1.0,1.3092945030601297,1
15:22:06.041510,65,-0.938759296600972,3.3724990340101137,0.3815120562235377,-1.1830000315967482,8.359999813139439,0.8359999813139438,1.559379662349238,1
15:22:06.041510,65,-1.0559504870898933,3.505310018791976,-0.254655682586268,-0.2783200074336491,6.11999986320734,0.611999986320734,6.157731643389745,1
15:22:06.041510,65,-0.9742119677678014,3.314831812135823,0.7705590948848151,-0.5566400148672983,7.239999838173389,0.723999983817339,6.363350960953385,1
15:22:06.104290,66,-0.7248830745199708,3.276048365900136,1.0861843559385176,-0.904680024163099,21.51999951899052,1.0,9.315094081351726,1
15:22:06.104290,66,-0.8650468661219943,3.389923044006784,0.3768433068160179,-0.8349600223009475,8.879999801516533,0.8879999801516533,3.735061491374795,1
15:22:06.104290,66,-0.8159203870432854,3.3582662057989454,0.4357220099887677,-0.8349600223009475,14.51999967545271,1.0,1.732127627610351,1
15:22:06.104290,66,-0.8023163368309517,3.3022729706554674,0.461803618758561,-0.8349600223009475,17.519999608397484,1.0,2.3055286188370863,1
15:22:06.104290,66,-0.7935495675116176,3.30470080640664,0.6223369410129513,-0.974120026017772,37.239999167621136,1.0,0.5653948200018339,1
15:22:06.104290,66,-0.779863014878143,3.247703785204044,0.6460978486360833,-0.974120026017772,28.11999937146902,1.0,2.9366881761244974,1
15:22:06.104290,66,-0.7695692485033868,3.2417944956964684,0.8019000989597567,-0.904680024163099,28.639999359846115,1.0,2.2546360674021937,1
15:22:06.104290,66,-0.7588555892624081,3.268882398869762,1.0881044710172942,-0.904680024163099,27.519999384880062,1.0,8.276320302742551,1
15:22:06.104290,66,-0.8523659923902691,3.350208934337294,0.4378809493701152,-0.8349600223009475,14.759999670088291,1.0,1.703783829007802,1
15:22:06.104290,66,-0.9035443247853407,3.397518724529118,0.4141260626626382,-0.8349600223009475,8.359999813139439,0.8359999813139438,5.111439933688863,1
15:22:06.104290,66,-0.8289959110765858,3.29686444836822,0.624436686820947,-0.974120026017772,45.51999898254872,1.0,0.29442627726461523,1
15:22:06.104290,66,-0.8146980062771874,3.240002582839748,0.6481613795903451,-0.974120026017772,36.75999917834997,1.0,2.6841219006687216,1
15:22:06.104290,66,-0.8039444370187356,3.234194945002313,0.8039363924310952,-0.904680024163099,37.99999915063381,1.0,1.7746050692345774,1
15:22:06.104290,66,-0.7927522190816889,3.2613886463174637,1.0901124159619615,-0.904680024163099,35.51999920606613,1.0,7.352391530751662,1
15:22:06.104290,66,-0.7351171037079333,3.249061633133942,0.7999528753520997,-0.904680024163099,22.11999950557947,1.0,2.8893274709716503,1
15:22:06.104290,66,-0.8887263618521268,3.3418000340963783,0.4401341073989027,-0.8349600223009475,13.759999692440031,1.0,1.8231057813367912,1
15:22:06.104290,66,-0.878014864581054,3.330905539037597,0.5685934987170294,-0.974120026017772,15.87999964505434,1.0,0.914485599410183,1
15:22:06.104290,66,-0.8643593557449798,3.288686102471498,0.6266280679993961,-0.974120026017772,53.11999881267548,1.0,0.172869601899351,1
15:22:06.104290,66,-0.8524004546192616,3.271402688143538,0.7509382918192351,-0.974120026017772,48.99999890476465,1.0,0.22657615150143087,1
15:22:06.104290,66,-0.8420927334960283,3.3392130898465058,0.5663674971867017,-0.974120026017772,17.23999961465597,1.0,0.9978628341313707,1
15:22:06.104290,66,-0.7449500378309808,3.2550681279484337,0.6441245789449381,-0.974120026017772,21.87999951094389,1.0,3.358086648859947,1
15:22:06.104290,66,-0.6908380720773895,3.2828858308178845,1.0843522627355306,-0.904680024163099,17.11999961733818,1.0,10.468551083758875,1
15:22:06.104290,66,-0.7663981674628106,3.30984934289152,0.459773535936353,-0.8349600223009475,16.639999628067017,1.0,2.491020761336827,1
15:22:06.104290,66,-0.838239231763928,3.226263741000177,0.8060615521384737,-0.7655200204462744,51.51999884843826,1.0,1.449744402325288,1
15:22:06.104290,66,-0.631424248890657,3.3772951175403274,0.3919500244119192,-0.974120026017772,6.999999843537808,0.6999999843537809,4.185846403482335,1
15:22:06.104290,66,-0.620896350184361,3.3209846084631094,0.4187614547416798,-0.8349600223009475,9.999999776482582,0.9999999776482582,6.615148914061585,1
15:22:06.104290,66,-0.6681761694171215,3.3710184773357024,0.3936318450859293,-0.974120026017772,8.239999815821648,0.8239999815821648,3.43639065088884,1
15:22:06.104290,66,-0.6570354964988052,3.314812620293002,0.4204152339875544,-0.8349600223009475,11.519999742507936,1.0,5.775337401628686,1
15:22:06.104290,66,-0.7166136059588212,3.420482451988096,0.3686549381262523,-0.974120026017772,7.1199998408555984,0.7119999840855599,4.423668028848079,1
15:22:06.104290,66,-0.7048612728864427,3.364387160592946,0.395408701051906,-0.974120026017772,9.879999779164793,0.9879999779164793,2.846704523185276,1
15:22:06.104290,66,-0.6943355106532545,3.323959416765281,0.4559927530367353,-0.8349600223009475,13.23999970406294,1.0,3.3636080170798968,1
15:22:06.104290,66,-0.6858164699271659,3.3120633810776146,0.5827435767083355,-0.974120026017772,19.63999956101179,1.0,2.600067914233282,1
15:22:06.104290,66,-0.7538387088219881,3.413380653629217,0.3705578592613228,-0.974120026017772,7.879999823868275,0.7879999823868274,4.045721600203058,1
15:22:06.104290,66,-0.7414758908190087,3.357401830438176,0.3972804146257411,-0.8349600223009475,11.759999737143517,1.0,2.415562147466539,1
15:22:06.104290,66,-0.7304033589200123,3.317078399227983,0.4578365161289586,-0.8349600223009475,14.999999664723871,1.0,2.8436014335352278,1
15:22:06.104290,66,-0.7214417893824595,3.305266789106542,0.5845647180382685,-0.974120026017772,24.119999460875988,1.0,1.920329875231306,1
15:22:06.104290,66,-0.7909884284458395,3.40591964947565,0.3725570292989961,-0.974120026017772,8.51999980956316,0.851999980956316,3.805144922307101,1
15:22:06.104290,66,-0.7793931903411759,3.365971042760936,0.4336575051469888,-0.8349600223009475,13.35999970138073,1.0,1.907615100690926,1
15:22:06.104290,66,-0.7580238696547348,3.312194392957517,0.6203290405482309,-0.974120026017772,29.999999329447743,1.0,0.9852569741014623,1
15:22:06.104290,66,-0.82656957434323,3.253567857612216,1.0922079899797068,-0.904680024163099,45.87999897450209,1.0,6.543849308719333,1
15:22:06.104290,66,-0.8280590498895372,3.3981001856215616,0.3746522483239436,-0.8349600223009475,8.879999801516533,0.8879999801516533,3.7015651169457726,1
15:22:06.104290,66,-0.9138491949152232,3.322251428251989,0.5709123607132423,-0.974120026017772,14.239999681711195,1.0,0.970435577372115,1
15:22:06.104290,66,-1.0434194011105105,3.2826642293857327,0.741383557012828,-0.974120026017772,36.999999172985554,1.0,2.42977512827958,1
15:22:06.104290,66,-1.0264008466175747,3.238497284215266,0.7968982270545795,-0.7655200204462744,87.87999803572893,1.0,0.87289275713228,1
15:22:06.104290,66,-1.0083875687184176,3.1816618365941185,0.8180125964049674,-0.7655200204462744,99.35999777913094,1.0,2.1978802858801023,1
15:22:06.104290,66,-0.9931561488150016,3.169742092193612,0.9707365100126232,-0.7655200204462744,56.23999874293804,1.0,2.094602515750485,1
15:22:06.104290,66,-1.078332287679509,3.2724168704541072,0.744129328563109,-0.7655200204462744,30.119999326765537,1.0,2.852157047373829,1
15:22:06.104290,66,-1.0607442911559304,3.2284170634796534,0.7995992140602144,-0.7655200204462744,69.11999845504761,1.0,1.3427816494354052,1
15:22:06.104290,66,-1.042128287710977,3.171758523173026,0.8206661812385414,-0.7655200204462744,75.87999830394983,1.0,2.836361863654214,1
15:22:06.104290,66,-1.0263872234260143,3.159988365627644,0.9733500131691684,-0.7655200204462744,44.519999004900455,1.0,2.446315949666333,1
15:22:06.104290,66,-1.113137341923167,3.2618327969261145,0.7469653225175661,-0.7655200204462744,24.51999945193529,1.0,3.4123000767778153,1
15:22:06.104290,66,-0.9598257594211744,3.1791743489022566,0.9682091444447388,-0.7655200204462744,67.11999849975109,1.0,1.8981166376382783,1
15:22:06.104290,66,-1.094981662153863,3.218005620086679,0.8023889519094043,-0.7655200204462744,52.3599988296628,1.0,1.9623506843046052,1
15:22:06.104290,66,-1.059515660174592,3.149914144568837,0.976049392566248,-0.7655200204462744,34.639999225735664,1.0,2.9563882450853245,1
15:22:06.104290,66,-1.109293726206547,3.150976690040264,0.8262346566437033,-0.7655200204462744,41.23999907821417,1.0,4.625489620736396,1
15:22:06.104290,66,-1.0925381462448158,3.139520436430856,0.9788343782681848,-0.7655200204462744,26.99999939650297,1.0,3.628319387409433,1
15:22:06.104290,66,-1.1631244996444294,3.1961932628889835,0.8082335554055458,-0.7655200204462744,30.35999932140112,1.0,3.6658459924442792,1
15:22:06.104290,66,-1.1427117292219793,3.1401002484944978,0.8291489903724156,-0.7655200204462744,31.119999304413795,1.0,5.783673316851767,1
15:22:06.104290,66,-1.1254513794157444,3.128808280575808,0.9817046917787412,-0.7655200204462744,21.359999522566795,1.0,4.465976271397965,1
15:22:06.104290,66,-1.1970231519104042,3.18479453030171,0.8112878365970442,-0.7655200204462744,23.75999946892261,1.0,4.75841315464525,1
15:22:06.104290,66,-1.1786696598478938,3.163563297635302,0.932518455311039,-1.0438400278799236,24.119999460875988,1.0,4.117249764758897,1
15:22:06.104290,66,-0.924997859422375,3.3330403459591755,0.4424812587612146,-0.8349600223009475,12.11999972909689,1.0,2.091052886309785,1
15:22:06.104290,66,-1.075764794747861,3.161529800033826,0.8234069593432916,-0.7655200204462744,55.87999875098467,1.0,3.644371659992576,1
15:22:06.104290,66,-0.9745460118138146,3.1912387499740604,0.8154464701988291,-0.7655200204462744,116.51999739557505,1.0,1.7257264281949467,1
15:22:06.104290,66,-1.129109535902957,3.207263995171958,0.8052671616307017,-0.7655200204462744,39.51999911665917,1.0,2.7353306067430205,1
15:22:06.104290,66,-1.0084021734755788,3.292573848993684,0.738728282441578,-0.974120026017772,44.87999899685383,1.0,2.1417014618317114,1
15:22:06.104290,66,-0.9919547628544764,3.248245274279888,0.7942862609889374,-0.7655200204462744,100.99999774247408,1.0,0.5493489831838447,1
15:22:06.104290,66,-0.8996363652019602,3.280166586544211,0.6289108654120168,-0.974120026017772,57.87999870628119,1.0,0.20165574961414506,1
15:22:06.104290,66,-0.8871893866749816,3.2630010445432367,0.7531895054370301,-0.974120026017772,65.35999853909016,1.0,0.07069525326381693,1
15:22:06.104290,66,-0.8724502032882213,3.218001676803817,0.8082753655677026,-0.7655200204462744,70.51999842375517,1.0,1.2809506611052284,1
15:22:06.104290,66,-0.8603042733398375,3.2454208148263386,1.0943909835148846,-0.904680024163099,57.87999870628119,1.0,5.851614706697934,1
15:22:06.104290,66,-0.9656933951466716,3.3694310117141053,0.5491331760264662,-0.974120026017772,10.359999768435957,1.0,5.213458514747674,1
15:22:06.104290,66,-0.9348234117761364,3.271306752530814,0.6312848507809803,-0.974120026017772,57.6399987116456,1.0,0.3821279152130455,1
15:22:06.104290,66,-0.9218896005353222,3.2542637913502497,0.755530645374157,-0.974120026017772,84.35999811440706,1.0,0.060294082022428384,1
15:22:06.104290,66,-0.9065739305231254,3.2094095786127297,0.8105776113392933,-0.7655200204462744,93.99999789893629,1.0,1.2695066732892162,1
15:22:06.104290,66,-0.893818848576955,3.227462053836455,1.063205489048789,-0.904680024163099,68.35999847203493,1.0,3.7850726898468783,1
15:22:06.104290,66,-0.9508828227630876,3.3275048097697373,0.6077715766925493,-0.974120026017772,12.23999972641468,1.0,1.9143037740490163,1
15:22:06.104290,66,-1.001945829051702,3.359927965016966,0.5516795097145999,-0.974120026017772,8.639999806880951,0.8639999806880951,5.4513680619090765,1
15:22:06.104290,66,-0.8773423446700355,3.212141644204946,1.245334088699755,-0.904680024163099,18.999999575316902,1.0,9.23846181343167,1
15:22:06.104290,66,-1.0380980692132582,3.3500752276904247,0.5543195427244827,-0.974120026017772,7.239999838173389,0.723999983817339,5.813147541240247,1
15:22:06.104290,66,-0.927373089388745,3.2186662990974253,1.0655623044279343,-0.904680024163099,72.23999838531017,1.0,3.4161055125794375,1
15:22:06.104290,66,-0.9406070011245056,3.2004883056295363,0.8129680592305977,-0.7655200204462744,113.87999745458364,1.0,1.4170808652316578,1
15:22:06.104290,66,-1.0221770463786697,3.3084458800496743,0.6128784015196418,-0.974120026017772,8.639999806880951,0.8639999806880951,2.5152916643010323,1
15:22:06.104290,66,-0.9732841064681396,3.302144738324301,0.7361637703745911,-0.974120026017772,52.51999882608652,1.0,1.98489557833348,1
15:22:06.104290,66,-0.986579263120756,3.318147508670197,0.6102788579655061,-0.974120026017772,10.359999768435957,1.0,2.147185586460873,1
15:22:06.104290,66,-0.9564976262079692,3.245191802282577,0.7579614775185841,-0.974120026017772,99.51999777555466,1.0,0.1970977698658258,1
15:22:06.156141,67,-0.8345437013713375,3.1752444794671644,0.6740018629133169,-0.5566400148672983,53.51999880373478,1.0,2.732736280347697,1
15:22:06.156141,67,-0.9187002729678084,3.2148856871282443,0.6548914315126193,-0.4872000130126253,44.11999901384115,1.0,0.78248118193006,1
15:22:06.156141,67,-0.9057104892051726,3.197151642403828,0.7773710134873881,-0.6263600167294499,85.63999808579683,1.0,0.26503622879631616,1
15:22:06.156141,67,-0.8286776438830308,3.1607967773622354,1.2571277623562351,-0.904680024163099,13.999999687075617,1.0,3.727353876083732,1
15:22:06.156141,67,-0.8443189034997428,3.2204566986299654,1.2431060765815505,-0.904680024163099,58.87999868392944,1.0,1.7125688069833793,1
15:22:06.156141,67,-0.8928803779272345,3.197070712117537,0.9634138283737506,-0.904680024163099,105.2399976477027,1.0,0.16234407389959934,1
15:22:06.156141,67,-0.8592720803091841,3.205533029002844,0.961146357398236,-0.904680024163099,86.87999805808067,1.0,0.3499855171741881,1
15:22:06.156141,67,-0.8686038475939302,3.167018840086281,0.6762059163426541,-0.4872000130126253,68.63999846577644,1.0,2.5697315879159284,1
15:22:06.156141,67,-0.8829200451643896,3.2098101058696256,0.6192797126226193,-0.4872000130126253,38.35999914258719,1.0,1.0464865738459976,1
15:22:06.156141,67,-0.8942133649576129,3.222114724850082,0.4943164350051572,-0.6263600167294499,6.999999843537808,0.6999999843537809,2.0096576800819257,1
15:22:06.156141,67,-0.8112110311464711,3.228452360682222,1.240963645391696,-0.904680024163099,49.63999889045954,1.0,2.095946065361389,1
15:22:06.156141,67,-0.8255778562030015,3.213670296967133,0.9589659830186092,-0.904680024163099,67.75999848544598,1.0,0.670241856530451,1
15:22:06.156141,67,-0.8482985247503837,3.218171318997788,0.6170393323171837,-0.4872000130126253,32.35999927669764,1.0,1.375132775833046,1
15:22:06.156141,67,-0.7751620073557401,3.1905078175034665,0.5138637469354206,-0.4872000130126253,22.239999502897263,1.0,4.55580646660061,1
15:22:06.156141,67,-0.7780220383697181,3.2361278308022103,1.238907009371516,-0.904680024163099,39.759999111294746,1.0,2.594243772188273,1
15:22:06.156141,67,-0.7927522190816889,3.2613886463174637,1.0901124159619615,-0.904680024163099,51.87999884039164,1.0,3.104026969791107,1
15:22:06.156141,67,-0.8004001014777888,3.183140717311276,0.6718860723597433,-0.5566400148672983,41.63999906927347,1.0,3.0522131307728193,1
15:22:06.156141,67,-0.8097870137273047,3.1828530379205504,0.5159148389429011,-0.4872000130126253,26.87999939918518,1.0,4.082919398325924,1
15:22:06.156141,67,-0.7447552440409555,3.243482341449347,1.2369363741828896,-0.904680024163099,31.239999301731583,1.0,3.204425391601742,1
15:22:06.156141,67,-0.7588555892624081,3.268882398869762,1.0881044710172942,-0.904680024163099,39.99999910593033,1.0,3.7866949410889497,1
15:22:06.156141,67,-0.7651364919241781,3.177133887726495,0.6371727322846399,-0.5566400148672983,32.63999927043915,1.0,4.8679132718474785,1
15:22:06.156141,67,-0.7114139748117455,3.2505151571787305,1.2350519368876844,-0.904680024163099,24.759999446570877,1.0,3.923995299174877,1
15:22:06.156141,67,-0.7248830745199708,3.276048365900136,1.0861843559385176,-0.904680024163099,31.239999301731583,1.0,4.567685170762012,1
15:22:06.156141,67,-0.7274644625545061,3.1417060681839413,0.5380184028863058,-0.5566400148672983,25.999999418854717,1.0,12.039356753613214,1
15:22:06.156141,67,-0.6780015647810776,3.2572255747146794,1.2332538859280513,-0.974120026017772,19.759999558329586,1.0,4.751000005286606,1
15:22:06.156141,67,-0.8773423446700355,3.212141644204946,1.245334088699755,-0.904680024163099,63.879998572170734,1.0,1.447687946058018,1
15:22:06.156141,67,-0.6905617460719623,3.317566650383041,1.2190496853817965,-0.904680024163099,24.879999443888664,1.0,10.396006160378718,1
15:22:06.156141,67,-0.953188570280063,3.20584508310365,0.6573138540600989,-0.6263600167294499,48.239998921751976,1.0,0.6612120754533667,1
15:22:06.156141,67,-0.9598257594211744,3.1791743489022566,0.9682091444447388,-0.6263600167294499,108.35999757796526,1.0,0.2024672838397541,1
15:22:06.156141,67,-0.926399388255548,3.188284192535808,0.9657681691999548,-0.6263600167294499,114.3599974438548,1.0,0.11156944227068367,1
15:22:06.156141,67,-0.9406070011245056,3.2004883056295363,0.8129680592305977,-0.6263600167294499,99.63999777287243,1.0,0.08860174938482375,1
15:22:06.156141,67,-1.2125981153080785,3.1629338433852,0.9692880778013416,-0.8349600223009475,24.63999944925308,1.0,4.166607478203095,1
15:22:06.156141,67,-1.1582520683916353,3.1177787482103043,0.984660046068971,-0.8349600223009475,26.6399994045496,1.0,4.061201388401141,1
15:22:06.156141,67,-1.179318766688047,3.174486010848493,0.9661926838587231,-0.8349600223009475,30.63999931514263,1.0,3.44317170079445,1
15:22:06.156141,67,-1.1063086206882726,3.110972212967264,1.1310711790936103,-0.8349600223009475,17.639999605715275,1.0,4.663281829304975,1
15:22:06.156141,67,-1.1254513794157444,3.128808280575808,0.9817046917787412,-0.8349600223009475,33.519999250769615,1.0,2.9886778807609895,1
15:22:06.156141,67,-1.1631244996444294,3.1961932628889835,0.8082335554055458,-0.7655200204462744,25.23999943584204,1.0,3.735000663283869,1
15:22:06.156141,67,-1.0739552074198788,3.1215021661801234,1.1282496866338874,-0.8349600223009475,21.87999951094389,1.0,3.6521357918409185,1
15:22:06.156141,67,-1.0925381462448158,3.139520436430856,0.9788343782681848,-0.8349600223009475,42.75999904423952,1.0,2.0981354136117143,1
15:22:06.156141,67,-1.1124096164820507,3.196623144584487,0.9602610567514238,-0.8349600223009475,49.63999889045954,1.0,2.4699477021004665,1
15:22:06.156141,67,-1.129109535902957,3.207263995171958,0.8052671616307017,-0.8349600223009475,30.35999932140112,1.0,3.3949458842392612,1
15:22:06.156141,67,-1.0414943995305035,3.131719088140746,1.1255120706454065,-0.8349600223009475,27.639999382197857,1.0,2.8205177591178083,1
15:22:06.156141,67,-1.059515660174592,3.149914144568837,0.976049392566248,-0.8349600223009475,55.519998759031296,1.0,1.3815060695247594,1
15:22:06.156141,67,-1.1459214871793808,3.1857161522498325,0.9631835765393468,-0.8349600223009475,38.75999913364649,1.0,2.880608300154933,1
15:22:06.156141,67,-1.0939387770921245,3.205575131262313,0.7685767325252733,-0.8349600223009475,36.23999918997288,1.0,2.3035914761765053,1
15:22:06.156141,67,-0.9105056996248808,3.195468619464053,1.214465886904646,-0.904680024163099,61.99999861419201,1.0,1.0147710998367214,1
15:22:06.156141,67,-1.078192732705956,3.196265174652095,0.9237560137734078,-0.8349600223009475,63.63999857753515,1.0,1.5310348417818256,1
15:22:06.156141,67,-0.9875815495338716,3.1964718052942898,0.6598254162795494,-0.6263600167294499,49.23999889940024,1.0,0.6787660462120139,1
15:22:06.156141,67,-0.9745460118138146,3.1912387499740604,0.8154464701988291,-0.6263600167294499,103.99999767541884,1.0,0.12399450874311296,1
15:22:06.156141,67,-1.0254232794607077,3.226047278670987,0.763091237159788,-0.8349600223009475,46.999998949468136,1.0,2.109373143942977,1
15:22:06.156141,67,-1.0083875687184176,3.1816618365941185,0.8180125964049674,-0.6263600167294499,95.879997856915,1.0,0.3032795569403621,1
15:22:06.156141,67,-0.9433585942294312,3.186515068051784,1.216864983774954,-0.904680024163099,54.11999879032373,1.0,1.0461357534253186,1
15:22:06.156141,67,-0.9931561488150016,3.169742092193612,0.9707365100126232,-0.8349600223009475,91.35999795794488,1.0,0.44039460541584574,1
15:22:06.156141,67,-0.9761171537649052,3.1772446350156422,1.2193489888204752,-0.904680024163099,44.23999901115894,1.0,1.2149774552339105,1
15:22:06.156141,67,-1.0597340145332197,3.2159766585633927,0.7657896516848988,-0.8349600223009475,42.11999905854464,1.0,2.1398375672998946,1
15:22:06.156141,67,-1.042128287710977,3.171758523173026,0.8206661812385414,-0.8349600223009475,80.11999820917845,1.0,0.6325516957727921,1
15:22:06.156141,67,-1.0263872234260143,3.159988365627644,0.9733500131691684,-0.8349600223009475,71.99999839067459,1.0,0.8312570770014689,1
15:22:06.156141,67,-1.0087781024027946,3.1676582473911647,1.2219176536427856,-0.904680024163099,34.99999921768904,1.0,1.5270070724693436,1
15:22:06.213483,68,-0.8135921751946079,3.2261977014427465,0.6148886696229137,-0.904680024163099,21.239999525249004,1.0,1.8350153150199686,1
15:22:06.213483,68,-0.7615579571434066,3.134514582359988,0.5399453557052138,-0.4872000130126253,33.87999924272299,1.0,3.4951934613526006,1
15:22:06.213483,68,-0.7514685167454154,3.120379324880008,0.6615175249650029,-0.4872000130126253,36.11999919265509,1.0,3.961588780669221,1
15:22:06.213483,68,-0.7447552440409555,3.243482341449347,1.2369363741828896,-0.904680024163099,38.239999145269394,1.0,4.307374601048822,1
15:22:06.213483,68,-0.7309584309236997,3.183395863277956,1.2510723555354362,-0.904680024163099,25.11999943852425,1.0,2.174595804767991,1
15:22:06.213483,68,-0.7751620073557401,3.1905078175034665,0.5138637469354206,-1.0438400278799236,17.759999603033066,1.0,1.7096910942643673,1
15:22:06.213483,68,-0.7993136776693418,3.169578110816705,0.6391972966058077,-0.904680024163099,42.9999990388751,1.0,0.882075560507114,1
15:22:06.213483,68,-0.8334109327164043,3.16169259093824,0.6413102152891419,-0.904680024163099,53.35999880731106,1.0,0.7025335641074976,1
15:22:06.213483,68,-0.7780220383697181,3.2361278308022103,1.238907009371516,-0.904680024163099,45.35999898612499,1.0,3.676066874281899,1
15:22:06.213483,68,-0.7636089479613166,3.176177597135009,1.2530064841191917,-0.904680024163099,27.639999382197857,1.0,1.763474184465011,1
15:22:06.213483,68,-0.7491958575529152,3.1162273634678086,1.2671059588668672,-0.904680024163099,6.239999860525131,0.6239999860525132,4.215885950534994,1
15:22:06.213483,68,-0.8482985247503837,3.218171318997788,0.6170393323171837,-0.904680024163099,24.63999944925308,1.0,1.4234421419969054,1
15:22:06.213483,68,-0.8196358741845162,3.118523667964997,0.6976887603702775,-0.4872000130126253,55.99999874830246,1.0,2.6232458908838514,1
15:22:06.213483,68,-0.7861021966783904,3.126278851782803,0.6956107651291412,-0.4872000130126253,45.639998979866505,1.0,2.6343524840606083,1
15:22:06.213483,68,-0.7114139748117455,3.2505151571787305,1.2350519368876844,-0.904680024163099,31.119999304413795,1.0,5.075207661097777,1
15:22:06.213483,68,-0.8114139032112224,3.2204191894547334,1.2077804018249472,-0.904680024163099,50.35999887436628,1.0,2.4623170845492046,1
15:22:06.213483,68,-0.6445213551619617,3.2636129230210624,1.2315424011075795,-0.904680024163099,20.119999550282955,1.0,7.008133412196165,1
15:22:06.213483,68,-0.6325814047441558,3.2031535198194563,1.2457783074208095,-0.904680024163099,14.999999664723871,1.0,4.320565377293382,1
15:22:06.213483,68,-0.6982348186553883,3.1902983939974887,1.2492228280034063,-0.904680024163099,21.7599995136261,1.0,2.739784333792625,1
15:22:06.213483,68,-0.7056829181818174,3.204812157581302,0.5100309105633043,-0.904680024163099,12.23999972641468,1.0,3.0242159472187877,1
15:22:06.213483,68,-0.6841131154345907,3.1342464405530026,0.657801842519075,-0.8349600223009475,22.879999488592148,1.0,4.823357203892091,1
15:22:06.213483,68,-0.6780015647810776,3.2572255747146794,1.2332538859280513,-0.904680024163099,24.99999944120645,1.0,5.9764079986296235,1
15:22:06.213483,68,-0.6654413834901929,3.196884499046318,1.247458086474306,-0.904680024163099,18.23999959230423,1.0,3.456015085579696,1
15:22:06.213483,68,-0.8325147750194921,3.246789315368189,-0.2670337660580166,-0.0697200018621515,6.359999857842922,0.6359999857842922,12.655968305544926,1
15:22:06.213483,68,-0.7404594854328715,3.197827768053357,0.5119023720969416,-0.904680024163099,14.6399996727705,1.0,2.2823521508187685,1
15:22:06.213483,68,-0.7178267071246612,3.127475534872472,0.6596161012282007,-0.8349600223009475,28.639999359846115,1.0,4.299370155474234,1
15:22:06.213483,68,-0.6932982221288208,3.148567882063261,0.5361797853987293,-0.904680024163099,21.119999527931213,1.0,4.4418750984818915,1
15:22:06.213483,68,-0.7961831047438895,3.1686443173892145,1.2550250203434352,-0.904680024163099,28.359999366104603,1.0,1.5097446722728545,1
15:22:06.213483,68,-0.7274644625545061,3.1417060681839413,0.5380184028863058,-0.4872000130126253,26.6399994045496,1.0,3.875737709475316,1
15:22:06.213483,68,-0.8674248473684274,3.1534781166364807,0.6435112770445448,-0.4872000130126253,62.87999859452248,1.0,0.7037364827863322,1
15:22:06.213483,68,-1.0218757714601234,3.186766791020093,0.662425867016853,-1.0438400278799236,19.63999956101179,1.0,2.1845970400946024,1
15:22:06.213483,68,-0.8829200451643896,3.2098101058696256,0.6192797126226193,-0.904680024163099,26.99999939650297,1.0,1.1760009905008668,1
15:22:06.213483,68,-1.0074271578109046,3.169430327956243,0.7847989173067478,-0.6958000185841229,44.87999899685383,1.0,1.3801846869687986,1
15:22:06.213483,68,-0.9903742908192608,3.1248263889729704,0.8391269657553553,-0.6958000185841229,45.11999899148941,1.0,1.746277131500087,1
15:22:06.213483,68,-0.9762635945179512,3.1512097829757657,1.1202895547044416,-0.6958000185841229,26.75999940186739,1.0,1.5992302871633033,1
15:22:06.213483,68,-0.9565016418065118,3.148086272112104,1.3645005906551533,-0.904680024163099,13.999999687075617,1.0,3.0637723497054474,1
15:22:06.213483,68,-0.9244013802159404,3.157170411638928,1.3620665028050092,-0.904680024163099,16.8799996227026,1.0,2.607271971054714,1
15:22:06.213483,68,-1.0411357413869309,3.159536446672678,0.7874499748066883,-0.6958000185841229,35.51999920606613,1.0,2.0138938460334943,1
15:22:06.213483,68,-1.0089294430737403,3.1416219571654955,1.1228586048874738,-0.6958000185841229,21.639999516308308,1.0,2.2660109196651166,1
15:22:06.213483,68,-1.0939387770921245,3.205575131262313,0.7685767325252733,-0.5566400148672983,13.879999689757824,1.0,5.134547773857576,1
15:22:06.213483,68,-1.075764794747861,3.161529800033826,0.8234069593432916,-0.6958000185841229,27.99999937415123,1.0,2.933813018582439,1
15:22:06.213483,68,-1.0565479273418588,3.1050539799809727,0.8444249667771788,-0.6958000185841229,28.359999366104603,1.0,3.721356762459236,1
15:22:06.213483,68,-1.109293726206547,3.150976690040264,0.8262346566437033,-0.6958000185841229,22.239999502897263,1.0,3.8673112466041295,1
15:22:06.213483,68,-1.0925381462448158,3.139520436430856,0.9788343782681848,-0.6958000185841229,22.75999949127436,1.0,3.700726530552266,1
15:22:06.213483,68,-1.0235122842660236,3.115099982866397,0.8417331484168686,-0.6958000185841229,35.879999198019505,1.0,2.632307387331456,1
15:22:06.213483,68,-0.9435001204206253,3.1604816067970094,1.117805176999176,-0.6958000185841229,33.2399992570281,1.0,1.1134784923094174,1
15:22:06.213483,68,-1.0560678066653575,3.1767310107743563,0.6651149462291144,-1.0438400278799236,16.519999630749226,1.0,2.73991643975583,1
15:22:06.213483,68,-0.9702495481442996,3.140373902496048,0.6833454058523349,-0.5566400148672983,55.35999876260757,1.0,1.2416528281819503,1
15:22:06.213483,68,-0.9571372607731524,3.134232225668233,0.8366066794087206,-0.6958000185841229,55.63999875634909,1.0,1.0575256626222032,1
15:22:06.213483,68,-0.8530875887899153,3.1104449668573166,0.6998534418079727,-0.4872000130126253,64.87999854981899,1.0,2.8039588588891307,1
15:22:06.213483,68,-0.84465675492467,3.186391953133235,1.1108625206227734,-0.904680024163099,51.11999885737896,1.0,0.6909062171839198,1
15:22:06.213483,68,-0.8286776438830308,3.1607967773622354,1.2571277623562351,-0.904680024163099,26.87999939918518,1.0,1.4170313349022852,1
15:22:06.213483,68,-0.9174532743135904,3.201114898172567,0.6216095865030669,-0.904680024163099,27.519999384880062,1.0,1.0971573400461483,1
15:22:06.213483,68,-0.8864539953511527,3.102043556323105,0.7021045929758971,-0.4872000130126253,68.35999847203493,1.0,3.1806190316208856,1
15:22:06.213483,68,-0.8776934103160458,3.178073571466608,1.11309142427268,-0.904680024163099,47.11999894678593,1.0,0.6641639327695603,1
15:22:06.213483,68,-0.9025771341594806,3.1584646217256744,0.6784980122442583,-0.4872000130126253,67.23999849706888,1.0,0.4463439948810084,1
15:22:06.213483,68,-0.953188570280063,3.20584508310365,0.6573138540600989,-1.0438400278799236,25.999999418854717,1.0,1.6220761154691181,1
15:22:06.213483,68,-0.936460163767795,3.1495826798000133,0.6808779214104592,-0.5566400148672983,64.11999856680632,1.0,0.7492099733495727,1
15:22:06.213483,68,-0.9229246656876284,3.131285930199129,0.8015568918065692,-0.5566400148672983,64.63999855518341,1.0,1.0105129184788593,1
15:22:06.213483,68,-0.910642297101722,3.169436501454611,1.1154057202073655,-0.904680024163099,40.3599990978837,1.0,0.8034560365429589,1
15:22:06.213483,68,-0.8922086792618118,3.1659440374202203,1.3597156168622189,-0.904680024163099,20.359999544918537,1.0,2.320224302077835,1
15:22:06.213483,68,-0.9875815495338716,3.1964718052942898,0.6598254162795494,-1.0438400278799236,22.99999948590994,1.0,1.813924404331881,1
15:22:06.213483,68,-0.8610893159520506,3.1526357618015,1.2593144998851518,-0.904680024163099,23.87999946624041,1.0,1.4892553045524881,1
15:22:06.270461,69,-0.7116986447677385,3.3390752518313773,-0.034141931819727,-0.904680024163099,33.519999250769615,1.0,1.3936013521062545,1
15:22:06.270461,69,-0.7651364919241781,3.421601327802981,-0.4940872956730018,-0.974120026017772,29.879999332129955,1.0,0.9617279952234815,1
15:22:06.270461,69,-0.6984094370147339,3.2767262997141726,0.0670155337747119,-0.904680024163099,40.99999908357859,1.0,1.8822011949861208,1
15:22:06.270461,69,-0.6850556624990309,3.214074419832524,0.0986177082712285,-0.904680024163099,26.239999413490292,1.0,2.679553577591488,1
15:22:06.270461,69,-0.8433124590350529,3.6016928692611403,-1.477468998546338,-2.226560059469193,14.999999664723871,1.0,8.13987153338243,1
15:22:06.270461,69,-0.8299215061614027,3.5445016123777493,-1.4540082782405437,-2.226560059469193,5.359999880194664,0.5359999880194664,6.333355695470715,1
15:22:06.270461,69,-0.779863014878143,3.487456624243608,-0.4672014618083857,-0.904680024163099,7.1199998408555984,0.7119999840855599,2.119120163861297,1
15:22:06.270461,69,-0.7514685167454154,3.360479733795063,-0.4852611934485247,-0.974120026017772,33.87999924272299,1.0,0.4828645598152973,1
15:22:06.270461,69,-0.7637999154383202,3.262103719093889,0.0670155337747119,-0.904680024163099,77.23999827355146,1.0,1.2763013003898909,1
15:22:06.270461,69,-0.7311412329819007,3.2695784869587508,0.0670155337747119,-0.904680024163099,56.35999874025583,1.0,1.5047958245287916,1
15:22:06.270461,69,-0.717161617806444,3.2070632751614063,0.0986177082712285,-0.904680024163099,31.119999304413795,1.0,2.2100521932768826,1
15:22:06.270461,69,-0.8146980062771874,3.479483752875334,-0.4672014618083857,-0.904680024163099,6.11999986320734,0.611999986320734,2.1268620587824536,1
15:22:06.270461,69,-0.7993136776693418,3.413779011943784,-0.4940872956730018,-0.974120026017772,31.119999304413795,1.0,0.8405019266704385,1
15:22:06.270461,69,-0.7861021966783904,3.357354259329627,-0.4508027423525697,-0.974120026017772,41.63999906927347,1.0,0.2876474099826699,1
15:22:06.270461,69,-0.7783333613226905,3.324174435406352,-0.034141931819727,-0.904680024163099,64.11999856680632,1.0,0.9420915166478601,1
15:22:06.270461,69,-0.7144694396761406,3.352074985320494,-0.5883316338014193,-0.974120026017772,27.119999393820763,1.0,0.975435643686438,1
15:22:06.270461,69,-0.7450532553958812,3.331791431794765,-0.034141931819727,-0.904680024163099,45.99999897181988,1.0,1.0919251952627067,1
15:22:06.270461,69,-0.7308827931708539,3.42908148639602,-0.4940872956730018,-0.974120026017772,26.75999940186739,1.0,1.2400290558551603,1
15:22:06.270461,69,-0.6247611770816327,3.1612997823209805,-1.46723171699344,-0.974120026017772,15.75999964773655,1.0,12.370618505671,1
15:22:06.270461,69,-0.8200723464642913,3.667268074615353,-1.5009297188521324,-2.226560059469193,17.639999605715275,1.0,10.372808449921862,1
15:22:06.270461,69,-0.6037675698146495,3.51729442465749,-0.5029133978974789,-0.974120026017772,6.999999843537808,0.6999999843537809,4.476448803883945,1
15:22:06.270461,69,-0.6389097389367087,3.511080986473878,-0.5029133978974789,-0.974120026017772,7.519999831914902,0.7519999831914902,3.647121597486588,1
15:22:06.270461,69,-0.7491958575529152,3.199731426849653,0.0986177082712285,-0.904680024163099,35.759999200701714,1.0,1.8867273612143372,1
15:22:06.270461,69,-0.5998981196262108,3.1756904738057017,-0.8856152253465022,-0.904680024163099,17.879999600350857,1.0,7.819100226099996,1
15:22:06.270461,69,-0.673988017620153,3.254939375663977,-1.3928126387737838,-0.974120026017772,7.879999823868275,0.7879999823868274,7.292320509081191,1
15:22:06.270461,69,-0.6590626524617681,3.155099337822309,-1.4655703128973072,-0.974120026017772,18.999999575316902,1.0,11.023060736768013,1
15:22:06.270461,69,-0.6440056521300928,3.19035135412335,-1.0315130280966858,-1.0438400278799236,19.239999569952488,1.0,6.644218773037208,1
15:22:06.270461,69,-0.6327396041408312,3.29003823356226,0.0670155337747119,-0.904680024163099,22.99999948590994,1.0,3.0904870406670018,1
15:22:06.270461,69,-0.620796667715314,3.2279388846297583,0.0657506180745476,-0.904680024163099,17.999999597668648,1.0,3.968619405553458,1
15:22:06.270461,69,-0.7099625664041552,3.502355376351788,-0.4672014618083857,-0.974120026017772,7.999999821186066,0.7999999821186066,2.5849093473955858,1
15:22:06.270461,69,-0.6932982221288208,3.420147583254045,-0.5990324176512942,-0.974120026017772,22.879999488592148,1.0,1.6568062253173925,1
15:22:06.270461,69,-0.680913526075824,3.359051958134842,-0.5883316338014193,-0.974120026017772,21.7599995136261,1.0,1.5685444193578686,1
15:22:06.270461,69,-0.677459073116885,3.342010606286712,-0.1706413829764908,-1.0438400278799236,24.99999944120645,1.0,1.5509691233917713,1
15:22:06.270461,69,-0.6656078006889936,3.2835464425848664,0.0670155337747119,-0.904680024163099,30.23999932408333,1.0,2.4102061642119894,1
15:22:06.270461,69,-0.6530444782796893,3.2215696259649045,0.0657506180745476,-0.904680024163099,21.7599995136261,1.0,3.193966712999475,1
15:22:06.270461,69,-0.7449500378309808,3.4950807528712504,-0.4672014618083857,-0.974120026017772,7.759999826550484,0.7759999826550483,2.271152907990314,1
15:22:06.270461,69,-0.8494515285581586,3.4711629360468885,-0.4672014618083857,-0.904680024163099,5.239999882876873,0.5239999882876873,2.2924173209646264,1
15:22:06.270461,69,-0.8115356345654559,3.316225024359393,-0.034141931819727,-0.904680024163099,87.11999805271626,1.0,0.9423259124088927,1
15:22:06.270461,69,-0.8196358741845162,3.3493255022483504,-0.4508027423525697,-0.974120026017772,49.11999890208244,1.0,0.2311628823396802,1
15:22:06.270461,69,-0.9435001204206253,3.1604816067970094,-0.8821948230008242,-0.8349600223009475,64.51999855786562,1.0,1.8762457665789707,1
15:22:06.270461,69,-0.9256511029302652,3.1353765997233185,-0.7360609215739614,-0.904680024163099,55.35999876260757,1.0,1.6945977215929635,1
15:22:06.270461,69,-0.9069533386466602,3.0975789378889536,-0.6258925262318207,-0.904680024163099,28.999999351799488,1.0,2.0542334242789035,1
15:22:06.270461,69,-1.003941908378866,3.1308392106837943,-1.314099781176492,-0.6263600167294499,12.359999723732471,1.0,4.988395162088367,1
15:22:06.270461,69,-0.9931561488150016,3.169742092193612,-1.0292634899873767,-0.6263600167294499,33.639999248087406,1.0,2.8573542328688326,1
15:22:06.270461,69,-0.9762635945179512,3.1512097829757657,-0.8797104452955583,-0.8349600223009475,46.23999896645546,1.0,2.3131213933966084,1
15:22:06.270461,69,-0.957794761714852,3.126280179107619,-0.7336235430159709,-0.904680024163099,40.3599990978837,1.0,2.069717533618079,1
15:22:06.270461,69,-0.9384477089971228,3.0886662611568387,-0.6235043816990509,-0.904680024163099,24.23999945819378,1.0,2.3495363178355713,1
15:22:06.270461,69,-1.027620162052847,3.1998214413247457,-0.8933907011799984,-0.8349600223009475,26.87999939918518,1.0,2.883959437839497,1
15:22:06.270461,69,-1.0087781024027946,3.1676582473911647,-0.7780823463572144,-0.904680024163099,33.7599992454052,1.0,2.4444056645444396,1
15:22:06.270461,69,-0.9898426418257088,3.116873734589071,-0.7311030938035777,-0.904680024163099,29.999999329447743,1.0,2.589045181556852,1
15:22:06.270461,69,-0.9698482353629184,3.079449822874764,-0.6210348445042776,-0.904680024163099,20.119999550282955,1.0,2.785140251333235,1
15:22:06.270461,69,-0.8334109327164043,3.4056153210434585,-0.4940872956730018,-0.974120026017772,29.879999332129955,1.0,0.8744758180209946,1
15:22:06.270461,69,-1.0410778156757203,3.165805702053534,-0.7422502330202387,-0.904680024163099,25.23999943584204,1.0,3.118857769944161,1
15:22:06.270461,69,-1.0217915385016738,3.107158206804245,-0.7284998259795915,-0.8349600223009475,22.879999488592148,1.0,3.250865676269505,1
15:22:06.270461,69,-1.0735256396753254,3.1555928667252893,-0.7395137120416035,-0.904680024163099,19.35999956727028,1.0,4.043331881327784,1
15:22:06.270461,69,-1.0536382568798464,3.0971345672977795,-0.7258139998686135,-0.8349600223009475,17.879999600350857,1.0,4.053453900614281,1
15:22:06.270461,69,-0.9598257594211744,3.1791743489022566,-1.0317908555552613,-0.8349600223009475,41.35999907553196,1.0,2.3689997803660123,1
15:22:06.270461,69,-0.9702495481442996,3.3741435414122667,-0.4590021020804777,-0.6263600167294499,15.119999662041664,1.0,2.7099054962134117,1
15:22:06.270461,69,-1.060788394044761,3.189735118696477,-0.8906880791771541,-0.8349600223009475,21.639999516308308,1.0,3.7378402400034525,1
15:22:06.270461,69,-0.8934148798108965,3.228143223179788,0.1005149237067559,-0.904680024163099,75.75999830663204,1.0,1.9879152316622466,1
15:22:06.270461,69,-0.8753682737221791,3.1629360831789186,0.1971466672654756,-0.904680024163099,33.87999924272299,1.0,2.550788793519941,1
15:22:06.270461,69,-0.796382218543108,3.2543027435901117,0.0670155337747119,-0.904680024163099,99.11999778449535,1.0,1.1950172855776682,1
15:22:06.270461,69,-0.8686038475939302,3.401728410627949,-0.4590021020804777,-0.974120026017772,26.6399994045496,1.0,1.1908067460763587,1
15:22:06.270461,69,-0.8568652353130806,3.3557562784439563,-0.312552662714314,-0.974120026017772,53.99999879300594,1.0,0.715533418805212,1
15:22:06.270461,69,-0.84465675492467,3.307943993588334,-0.034141931819727,-0.904680024163099,106.35999762266874,1.0,1.0908431211854386,1
15:22:06.270461,69,-0.8288848840932511,3.246176340538432,0.0670155337747119,-0.904680024163099,108.87999756634235,1.0,1.2592327178424931,1
15:22:06.270461,69,-0.8130363842663189,3.1841085840157706,0.0986177082712285,-0.904680024163099,39.87999910861254,1.0,1.6720943894032458,1
15:22:06.270461,69,-0.9025771341594806,3.3928724321171857,-0.4590021020804777,-0.6263600167294499,22.51999949663877,1.0,1.5482436183595747,1
15:22:06.270461,69,-0.7811551783413079,3.192079608075952,0.0986177082712285,-0.904680024163099,39.11999912559986,1.0,1.707953492953643,1
15:22:06.270461,69,-0.8776934103160458,3.2993321711893158,-0.034141931819727,-0.904680024163099,106.51999761909246,1.0,1.3858479167055304,1
15:22:06.270461,69,-0.8610893159520506,3.2369158170675885,0.1005149237067559,-0.904680024163099,97.75999781489372,1.0,1.6305762445752539,1
15:22:06.270461,69,-0.8448362872340658,3.175819151764836,0.0986177082712285,-0.904680024163099,37.99999915063381,1.0,1.7775040660572499,1
15:22:06.270461,69,-0.826926147258227,3.108493249213613,0.2255307169192402,-0.904680024163099,4.999999888241291,0.4999999888241291,3.175431180019833,1
15:22:06.270461,69,-0.936460163767795,3.383677169205763,-0.4590021020804777,-0.6263600167294499,18.519999586045746,1.0,2.055250173415581,1
15:22:06.270461,69,-0.9258894903410776,3.3454825425457195,-0.2085248377813676,-0.8349600223009475,48.99999890476465,1.0,1.9631603894259297,1
15:22:06.270461,69,-0.8903793951547464,3.347019982684304,-0.312552662714314,-0.974120026017772,53.99999879300594,1.0,1.0249982159272424,1
15:22:06.270461,69,-0.910642297101722,3.2903904183373607,-0.034141931819727,-0.904680024163099,87.51999804377556,1.0,1.8255359994328013,1
15:22:06.322645,70,-0.713207301463773,3.0710016415509367,0.5325901521714549,-1.1132800297345966,22.51999949663877,1.0,3.0129093110628196,1
15:22:06.322645,70,-0.7088536528517436,3.1329827525037235,0.8428268317929555,-0.904680024163099,46.999998949468136,1.0,0.5906362669664134,1
15:22:06.322645,70,-0.6982348186553883,3.1902983939974887,1.2492228280034063,-0.904680024163099,67.87999848276377,1.0,1.9469671167394849,1
15:22:06.322645,70,-0.6841307679904072,3.151391334939785,1.359688485435626,-0.904680024163099,62.639998599886894,1.0,1.2989117845705702,1
15:22:06.322645,70,-0.6709694050292959,3.090764613949765,1.3720068500607332,-0.904680024163099,24.63999944925308,1.0,2.9196472096029695,1
15:22:06.322645,70,-0.717161617806444,3.123309385106565,1.2652083368879827,-0.904680024163099,76.11999829858541,1.0,0.7163293740653928,1
15:22:06.322645,70,-0.742074929521341,3.125975247315305,0.8447044871491491,-0.7655200204462744,60.35999865084887,1.0,0.28437726938861213,1
15:22:06.322645,70,-0.7309584309236997,3.183395863277956,1.2510723555354362,-0.904680024163099,89.99999798834324,1.0,1.554779057885961,1
15:22:06.322645,70,-0.5655416545754199,3.243007039780576,1.3736853477758977,-0.904680024163099,22.63999949395657,1.0,6.992650141471825,1
15:22:06.322645,70,-0.7024151909847439,3.0841316205694005,1.3737841552804029,-0.904680024163099,26.239999413490292,1.0,2.6407962610668188,1
15:22:06.322645,70,-0.7813635794219483,3.071135249547368,0.5680060633806714,-1.1132800297345966,30.51999931782484,1.0,1.9407375365298383,1
15:22:06.322645,70,-0.6394565226954838,3.097093537784562,1.3703110200302413,-0.904680024163099,22.11999950557947,1.0,3.3667258271717353,1
15:22:06.322645,70,-0.7479539069310729,3.078521347216511,0.5660269644750069,-1.1132800297345966,26.519999407231808,1.0,1.9921896071525635,1
15:22:06.322645,70,-0.6519997464698641,3.1578444034272577,1.357959390945705,-0.904680024163099,48.63999891281128,1.0,1.8039541589950794,1
15:22:06.322645,70,-0.6422017743865799,3.146033380535019,0.8393299265512508,-0.904680024163099,28.519999362528324,1.0,1.706924613470048,1
15:22:06.322645,70,-0.6755614914107394,3.139669019784004,0.8410352518748256,-0.904680024163099,36.51999918371439,1.0,1.0651032692433215,1
15:22:06.322645,70,-0.6797106656974042,3.0777289746536853,0.5307875686993582,-1.1132800297345966,18.879999577999115,1.0,3.4170524687345583,1
15:22:06.322645,70,-0.7558013059020968,3.039436872883974,-0.3573267362586123,-2.2962800613313448,8.51999980956316,0.851999980956316,12.213370617580015,1
15:22:06.322645,70,-0.7679963142179916,3.0884788071211964,-0.3953626842352342,-0.0697200018621515,7.999999821186066,0.7999999821186066,10.99108069305999,1
15:22:06.322645,70,-0.78335927447229,3.161583793024524,-0.4010206105414622,-0.0697200018621515,6.8799998462200165,0.6879999846220016,12.90777589403012,1
15:22:06.322645,70,-0.61980352552092,3.1639867926085,1.3563135427249935,-0.904680024163099,37.239999167621136,1.0,2.463962481743694,1
15:22:06.322645,70,-0.6325814047441558,3.2031535198194563,1.2457783074208095,-0.904680024163099,37.63999915868044,1.0,3.1775542919671365,1
15:22:06.322645,70,-0.58716300277933,3.1762797752939727,1.386984921430096,-0.904680024163099,28.639999359846115,1.0,3.4747716398608737,1
15:22:06.322645,70,-0.5996581683876216,3.20910482942008,1.244183658819415,-0.904680024163099,28.879999354481697,1.0,4.014517809346802,1
15:22:06.322645,70,-0.6087778377230191,3.152075198326027,0.8377110263533343,-0.904680024163099,22.63999949395657,1.0,2.515489567061416,1
15:22:06.322645,70,-0.5548670769413121,3.181795402876333,1.3855070134736518,-0.904680024163099,22.359999500215054,1.0,4.4445129996185,1
15:22:06.322645,70,-0.7769716298405024,3.1522997342531767,0.943389550631008,-0.904680024163099,74.87999832630157,1.0,0.4269257950597463,1
15:22:06.322645,70,-0.6654413834901929,3.196884499046318,1.247458086474306,-0.904680024163099,50.23999887704849,1.0,2.4881709822957574,1
15:22:06.322645,70,-0.7637999154383202,3.1682951267650146,1.2204374652342795,-0.904680024163099,110.99999751895666,1.0,0.9498881003779964,1
15:22:06.322645,70,-0.796382218543108,3.160759963055667,1.2224565062650354,-0.904680024163099,118.11999735981226,1.0,0.8744773827943391,1
15:22:06.322645,70,-0.7337907360095774,3.077195220937249,1.3756427579602173,-0.904680024163099,26.6399994045496,1.0,2.5311555730757034,1
15:22:06.322645,70,-0.7491958575529152,3.1162273634678086,1.2671059588668672,-0.904680024163099,82.51999815553427,1.0,0.5589180073074378,1
15:22:06.322645,70,-0.990238724094634,3.0834224730062467,1.139107910954946,-0.8349600223009475,26.99999939650297,1.0,3.4895701982141776,1
15:22:06.322645,70,-1.0087781024027946,3.132313685926648,1.090009954485968,-0.8349600223009475,30.35999932140112,1.0,4.661119521031449,1
15:22:06.322645,70,-0.9397164213154297,3.067271757344397,1.2802235739926116,-0.8349600223009475,22.879999488592148,1.0,3.1211717396704626,1
15:22:06.322645,70,-0.958178020130235,3.0928326814825486,1.1365864531931125,-0.8349600223009475,34.99999921768904,1.0,2.510670901249985,1
15:22:06.322645,70,-0.9750922734986684,3.1120897018754965,0.9894571184214518,-0.8349600223009475,38.87999913096428,1.0,2.876607606365254,1
15:22:06.322645,70,-0.9903742908192608,3.1248263889729704,0.8391269657553553,-0.6958000185841229,22.11999950557947,1.0,3.7775164255050955,1
15:22:06.322645,70,-0.9081794728913696,3.076196483360292,1.2778322008639833,-0.8349600223009475,29.35999934375286,1.0,2.2670405402608544,1
15:22:06.322645,70,-0.942368109016174,3.1213504013629128,0.9869757214724512,-0.8349600223009475,50.1199988797307,1.0,2.10412967933773,1
15:22:06.322645,70,-0.956225661806892,3.122210255607208,0.8039887114842421,-0.6958000185841229,26.119999416172504,1.0,2.6825294626331404,1
15:22:06.322645,70,-0.8765517072808938,3.084816144697816,1.2755225695695642,-0.8349600223009475,38.35999914258719,1.0,1.5866815901829963,1
15:22:06.322645,70,-0.893772376828841,3.1107217445630524,1.131793093187342,-0.8349600223009475,62.35999860614538,1.0,1.0707585752869002,1
15:22:06.322645,70,-0.9095497085122948,3.1302945519382845,0.9845791435487984,-0.8349600223009475,63.879998572170734,1.0,1.5007449608314472,1
15:22:06.322645,70,-0.9229246656876284,3.131285930199129,0.8015568918065692,-0.6958000185841229,30.119999326765537,1.0,2.0579333094820575,1
15:22:06.322645,70,-0.9260214991665856,3.1019327420009604,1.1341480993261297,-0.8349600223009475,46.35999896377325,1.0,1.7053002900990635,1
15:22:06.322645,70,-0.8448362872340658,3.0931298793980555,1.2732949110705485,-0.8349600223009475,50.23999887704849,1.0,1.0777261182786066,1
15:22:06.322645,70,-0.8295130791427227,3.1191455043434164,0.5440634877481652,-0.6958000185841229,5.879999868571758,0.5879999868571758,1.3115417371363305,1
15:22:06.322645,70,-0.826926147258227,3.060945555054975,1.4133086896246836,-0.904680024163099,20.999999530613422,1.0,3.020342910872785,1
15:22:06.322645,70,-0.8185233406824248,3.1052138628786925,0.6655810982611003,-0.7655200204462744,33.519999250769615,1.0,0.7004005992649566,1
15:22:06.322645,70,-0.8101158141165067,3.1446346267950185,0.9454434099843192,-0.904680024163099,85.87999808043242,1.0,0.39728960868679697,1
15:22:06.322645,70,-0.7811551783413079,3.108836274096208,1.269086395295174,-0.904680024163099,77.51999826729298,1.0,0.565657852008352,1
15:22:06.322645,70,-0.8530875887899153,3.1104449668573166,0.6998534418079727,-0.6958000185841229,34.51999922841787,1.0,0.8026315471699985,1
15:22:06.322645,70,-0.8436433357859473,3.1472296604667034,0.980041394894875,-0.8349600223009475,87.11999805271626,1.0,0.7912416087086357,1
15:22:06.322645,70,-0.7650929025755805,3.0699561086874643,1.3775824722414656,-0.904680024163099,25.75999942421913,1.0,2.591922797279364,1
15:22:06.322645,70,-0.8130363842663189,3.1011368560945067,1.2711494481309191,-0.904680024163099,64.51999855786562,1.0,0.7380266001018158,1
15:22:06.322645,70,-0.7963185604923215,3.062415007725204,1.3796031041543446,-0.904680024163099,23.639999471604824,1.0,2.8245100510418153,1
15:22:06.322645,70,-0.8864539953511527,3.102043556323105,0.7021045929758971,-0.6958000185841229,33.2399992570281,1.0,1.1831404940665404,1
15:22:06.322645,70,-0.876640353799586,3.138921259194047,0.9822676243062768,-0.8349600223009475,78.11999825388193,1.0,1.0638900606343629,1
15:22:06.322645,70,-0.8614338780022169,3.1191988102759325,1.1295216702753903,-0.8349600223009475,83.3599981367588,1.0,0.6045757168170937,1
15:22:06.322645,70,-0.8290092365095025,3.127363091440132,1.1273340577306623,-0.8349600223009475,105.7599976360798,1.0,0.3045126845369183,1
15:22:06.375978,71,-0.664908941645949,3.2800988626101697,-0.1674802004405713,-0.904680024163099,53.63999880105257,1.0,0.7020525325516724,1
15:22:06.375978,71,-0.7057285423597186,3.3110653330995192,-0.4426033826246617,-0.8349600223009475,42.75999904423952,1.0,1.5108943832186124,1
15:22:06.375978,71,-0.6530444782796893,3.2215696259649045,0.0657506180745476,-0.974120026017772,71.8799983933568,1.0,0.882947504189106,1
15:22:06.375978,71,-0.6403210209084235,3.158802838758453,0.0967204928357011,-0.974120026017772,69.75999844074249,1.0,1.5130665440354996,1
15:22:06.375978,71,-0.7212977432336765,3.38411132484226,-0.3471707151450818,-0.904680024163099,9.359999790787697,0.9359999790787696,2.1100188023302184,1
15:22:06.375978,71,-0.6976761376899662,3.2732858805908287,-0.1674802004405713,-0.904680024163099,68.63999846577644,1.0,0.39128991263846863,1
15:22:06.375978,71,-0.6895679915719325,3.0836677906178984,0.0948232774001737,-0.904680024163099,26.519999407231808,1.0,1.693109850710115,1
15:22:06.375978,71,-0.6718765063426737,3.152241796593407,0.0967204928357011,-0.974120026017772,87.11999805271626,1.0,1.1410105633968277,1
15:22:06.375978,71,-0.741368160736587,3.315312117433988,-0.3408562513829175,-0.904680024163099,47.75999893248081,1.0,1.0651615133196435,1
15:22:06.375978,71,-0.7303735667047279,3.2661455727257898,-0.1674802004405713,-0.904680024163099,84.63999810814857,1.0,0.2159473071636915,1
15:22:06.375978,71,-0.7033648046891883,3.1453655328896524,0.0967204928357011,-0.974120026017772,96.35999784618616,1.0,0.899247209149981,1
15:22:06.375978,71,-0.6725831554787424,3.317956948864898,-0.4426033826246617,-0.8349600223009475,36.87999917566776,1.0,1.8053179795451955,1
15:22:06.375978,71,-0.6852269849433577,3.214878213036488,0.0657506180745476,-0.974120026017772,96.51999784260988,1.0,0.5440085766230158,1
15:22:06.375978,71,-0.6087015039085438,3.165048003286071,0.0967204928357011,-0.974120026017772,52.999998815357685,1.0,2.015986710088523,1
15:22:06.375978,71,-0.6320752552648287,3.286583837491319,-0.1674802004405713,-0.904680024163099,41.51999907195568,1.0,1.1488605051664271,1
15:22:06.375978,71,-0.6393705108457086,3.324516771715177,-0.4426033826246617,-0.8349600223009475,31.119999304413795,1.0,2.2362154331791255,1
15:22:06.375978,71,-0.5770211172682441,3.17097666566504,0.0967204928357011,-0.974120026017772,39.759999111294746,1.0,2.650316213156744,1
15:22:06.375978,71,-0.5883396428279328,3.233176781684055,0.0986177082712285,-0.974120026017772,39.11999912559986,1.0,2.047679099104967,1
15:22:06.375978,71,-0.5991783618877349,3.2927401567422225,-0.1674802004405713,-0.904680024163099,32.51999927312136,1.0,1.732311200525113,1
15:22:06.375978,71,-0.6060939296972557,3.330744145673568,-0.4426033826246617,-0.8349600223009475,25.999999418854717,1.0,2.8042006115041453,1
15:22:06.375978,71,-0.5452830289996461,3.176588233034089,0.0967204928357011,-0.974120026017772,30.23999932408333,1.0,3.416573504735311,1
15:22:06.375978,71,-0.5559789978581444,3.2388984224400144,0.0986177082712285,-0.974120026017772,29.759999334812164,1.0,2.7910886338581324,1
15:22:06.375978,71,-0.5662215511764445,3.2985672047361114,-0.1674802004405713,-0.8349600223009475,25.75999942421913,1.0,2.4529737039012383,1
15:22:06.375978,71,-0.5134904128849869,3.181882144241184,0.0967204928357011,-0.974120026017772,23.519999474287037,1.0,4.315250051623117,1
15:22:06.375978,71,-0.5235627554543699,3.2442961760672824,0.0986177082712285,-0.974120026017772,23.23999948054552,1.0,3.670460941169967,1
15:22:06.375978,71,-0.7744836605231996,3.307732795335979,-0.3408562513829175,-0.904680024163099,50.35999887436628,1.0,1.0531286518252712,1
15:22:06.375978,71,-0.620796667715314,3.2279388846297583,0.0657506180745476,-0.974120026017772,52.7599988207221,1.0,1.3560649533326996,1
15:22:06.375978,71,-0.7629979589747268,3.258678653039859,-0.1674802004405713,-0.904680024163099,96.11999785155058,1.0,0.17537173473372572,1
15:22:06.375978,71,-0.7173409694826154,3.2078653149801952,0.0657506180745476,-0.974120026017772,120.11999731510878,1.0,0.3386488667498409,1
15:22:06.375978,71,-0.7347827671445136,3.138174735267799,0.0967204928357011,-0.974120026017772,90.75999797135592,1.0,0.787178815503774,1
15:22:06.375978,71,-0.7493832205259138,3.2005316330799567,0.0657506180745476,-0.974120026017772,128.35999713093042,1.0,0.26624211038065093,1
15:22:06.375978,71,-0.9715480051155276,3.140750653753713,-0.0328769528711452,-0.8349600223009475,21.87999951094389,1.0,3.2092905775333382,1
15:22:06.375978,71,-0.9890506357154776,3.197331901627993,-0.1674802004405713,-0.7655200204462744,26.75999940186739,1.0,3.604322003184717,1
15:22:06.375978,71,-0.9216380809160072,3.0884671977813083,0.0967204928357011,-0.904680024163099,19.239999569952488,1.0,2.80168323295464,1
15:22:06.375978,71,-0.9400924457425188,3.1503089354468377,-0.0328769528711452,-0.8349600223009475,27.759999379515648,1.0,2.3775276851118705,1
15:22:06.375978,71,-0.957028398182335,3.2070623776674223,-0.1674802004405713,-0.7655200204462744,33.7599992454052,1.0,2.7220617603705777,1
15:22:06.375978,71,-0.8907078428524738,3.097529002712769,0.0967204928357011,-0.904680024163099,24.51999945193529,1.0,2.149554993018846,1
15:22:06.375978,71,-0.908542877912546,3.159552188885749,-0.0328769528711452,-0.8349600223009475,36.11999919265509,1.0,1.6730436993056421,1
15:22:06.375978,71,-0.9249104586111734,3.216472150155965,-0.1674802004405713,-0.7655200204462744,43.119999036192894,1.0,1.9692527096694588,1
15:22:06.375978,71,-0.9397285097324908,3.2680034614386506,-0.3068678443342478,-0.7655200204462744,30.119999326765537,1.0,2.9517759399032992,1
15:22:06.375978,71,-0.8596885347508911,3.1062810573390705,0.0967204928357011,-0.904680024163099,31.87999928742647,1.0,1.6230052847384555,1
15:22:06.375978,71,-0.87690245655596,3.1684794897528468,-0.0328769528711452,-0.8349600223009475,48.239998921751976,1.0,1.0966437704685492,1
15:22:06.375978,71,-0.8927000287690415,3.2255602781242545,-0.1674802004405713,-0.7655200204462744,55.519998759031296,1.0,1.3467315439720995,1
15:22:06.375978,71,-0.9070020344812096,3.277237190901201,-0.3068678443342478,-0.7655200204462744,35.63999920338392,1.0,2.2875288108500333,1
15:22:06.375978,71,-0.9745555746159006,3.2657970486903376,-0.2047321142760703,-0.7655200204462744,25.359999433159828,1.0,3.596658303464844,1
15:22:06.375978,71,-0.8451743456883881,3.177089945325524,-0.0328769528711452,-0.8349600223009475,65.51999853551388,1.0,0.649108553950501,1
15:22:06.375978,71,-0.7203696767361122,3.076618043685945,0.0948232774001737,-0.904680024163099,25.359999433159828,1.0,1.5424961396330474,1
15:22:06.375978,71,-0.8285832585160808,3.114722486462083,0.0967204928357011,-0.904680024163099,42.35999905318022,1.0,1.2227816709579193,1
15:22:06.375978,71,-0.8082915475676031,3.302968523935676,-0.3068678443342478,-0.8349600223009475,49.99999888241291,1.0,1.0960857968825377,1
15:22:06.375978,71,-0.7955460520880685,3.2508858682187465,-0.1674802004405713,-0.904680024163099,96.87999783456326,1.0,0.268882904319279,1
15:22:06.375978,71,-0.7661272519387262,3.130670122801584,0.0967204928357011,-0.904680024163099,74.35999833792448,1.0,0.8041819183929138,1
15:22:06.375978,71,-0.7500852653952719,3.065116824893322,0.1895612202548809,-0.904680024163099,23.35999947786331,1.0,2.099893735498843,1
15:22:06.375978,71,-0.7814677550099078,3.193356908204611,-0.0328769528711452,-0.904680024163099,113.87999745458364,1.0,0.14363020795831455,1
15:22:06.375978,71,-0.8280145912627105,3.2427679975344077,-0.1674802004405713,-0.6958000185841229,86.35999806970358,1.0,0.4957735570142374,1
15:22:06.375978,71,-0.8133617180943351,3.185382694565438,-0.0328769528711452,-0.904680024163099,88.7599980160594,1.0,0.3311938428358647,1
15:22:06.375978,71,-0.7973951246496069,3.1228524459459663,0.0967204928357011,-0.904680024163099,56.63999873399735,1.0,0.9496075716837281,1
15:22:06.375978,71,-0.7806984181598237,3.057462842863337,0.1895612202548809,-0.904680024163099,20.75999953597784,1.0,2.201106365738905,1
15:22:06.375978,71,-0.8741848597863676,3.2861431993903336,-0.3068678443342478,-0.7655200204462744,41.51999907195568,1.0,1.756293284789094,1
15:22:06.375978,71,-0.8604003296719376,3.2343258527671086,-0.1674802004405713,-0.6958000185841229,70.63999842107296,1.0,0.8553098159147614,1
15:22:06.375978,71,-0.8412802673379397,3.2947205963126605,-0.3068678443342478,-0.8349600223009475,46.63999895751476,1.0,1.3588831752427595,1
15:22:06.434158,72,-0.545501222205522,3.061230922126684,1.146363721666106,-0.974120026017772,30.759999312460423,1.0,2.006194413679194,1
15:22:06.434158,72,-0.577252010365478,3.05580839534064,1.1478166833393626,-0.974120026017772,40.8799990862608,1.0,1.603418101564468,1
15:22:06.434158,72,-0.534800973390357,3.0011835176222603,1.163108176497745,-0.974120026017772,30.63999931514263,1.0,3.413556131835862,1
15:22:06.434158,72,-0.630732123816612,3.2565469059500214,0.7614561005859519,-1.0438400278799236,8.639999806880951,0.8639999806880951,8.122523299952174,1
15:22:06.434158,72,-0.6052712475484621,3.089574376047559,0.6789091395264055,-1.1132800297345966,19.63999956101179,1.0,1.7908308713493488,1
15:22:06.434158,72,-0.5940584170857133,3.0323390888585693,0.7033827419061243,-0.904680024163099,32.239999279379845,1.0,4.057191870175578,1
15:22:06.434158,72,-0.5862222555389488,3.035288931184417,0.880774526438654,-0.904680024163099,33.87999924272299,1.0,1.5298514233249327,1
15:22:06.434158,72,-0.5658440656880855,3.019961269544472,1.256254791202897,-0.974120026017772,38.75999913364649,1.0,3.1720022224456166,1
15:22:06.434158,72,-0.6601233518369379,3.033096538550158,0.7375560943505262,-0.904680024163099,53.51999880373478,1.0,2.589450205322213,1
15:22:06.434158,72,-0.6266742083921013,3.0264433540094315,0.7049624992977388,-0.904680024163099,41.63999906927347,1.0,3.914759322268389,1
15:22:06.434158,72,-0.6184078154029371,3.0294709663481028,0.8823334454181371,-0.904680024163099,46.11999896913767,1.0,1.3077953778957943,1
15:22:06.434158,72,-0.6089450738080195,3.0500794557340902,1.1493517480804245,-0.974120026017772,54.51999878138304,1.0,1.291088007574198,1
15:22:06.434158,72,-0.59691079486428,3.014345548124985,1.2577595192221669,-0.974120026017772,47.23999894410372,1.0,2.755453241086154,1
15:22:06.434158,72,-0.6725831554787424,3.090346122573822,0.7137275127234508,-0.904680024163099,22.359999500215054,1.0,1.1874781363082834,1
15:22:06.434158,72,-0.2452271331183594,3.2504666605760124,0.6175232750208766,-1.3221600353135727,9.759999781847,0.9759999781847,7.828748731251707,1
15:22:06.434158,72,-0.6505315350034879,3.023342408960931,0.8839755874207975,-0.904680024163099,62.639998599886894,1.0,1.1899044392043054,1
15:22:06.434158,72,-0.5539780739405439,3.0407957216782644,0.8792989863729403,-0.8349600223009475,25.359999433159828,1.0,1.8577727382276124,1
15:22:06.434158,72,-0.6385026606991141,3.083567359423068,0.6805187147798581,-1.1132800297345966,21.119999527931213,1.0,1.7593487470485214,1
15:22:06.434158,72,-0.5613832204353192,3.037919489829512,0.7018874779725184,-0.904680024163099,25.11999943852425,1.0,4.31427267980825,1
15:22:06.434158,72,-0.4632591663930262,3.301774658667915,0.6316096017573938,-1.1132800297345966,6.8799998462200165,0.6879999846220016,8.65975438015718,1
15:22:06.434158,72,-0.5036195113963203,3.006198745127808,1.161764350337775,-0.974120026017772,23.9999994635582,1.0,4.0267564814182055,1
15:22:06.434158,72,-0.6405772432533551,3.044044676196195,1.1509687623841032,-0.974120026017772,69.99999843537807,1.0,1.067565303622769,1
15:22:06.434158,72,-0.2801894981732344,3.247929072017494,0.618203219825854,-1.3221600353135727,10.519999764859676,1.0,6.902799500768758,1
15:22:06.434158,72,-0.315123844513035,3.245053905459822,0.6189736183830872,-1.3221600353135727,11.119999751448631,1.0,6.095764324954445,1
15:22:06.434158,72,-0.3848945105771351,3.2382920221327742,0.6207854595598832,-1.1132800297345966,12.23999972641468,1.0,4.823488259047867,1
15:22:06.434158,72,-0.4202943401996498,3.24805670181146,0.6544918867370475,-1.1132800297345966,13.519999697804453,1.0,4.937604723675893,1
15:22:06.434158,72,-0.4551289937308845,3.243828696636631,0.6556247773092374,-1.1132800297345966,13.999999687075617,1.0,4.602152013230716,1
15:22:06.434158,72,-0.4899181347440535,3.2392644315607737,0.6568477684503551,-1.1132800297345966,13.879999689757824,1.0,4.364501892886718,1
15:22:06.434158,72,-0.524658284354202,3.2343643630065726,0.6581607378623104,-1.1132800297345966,12.999999709427357,1.0,4.22173789728226,1
15:22:06.434158,72,-0.4499342868998757,3.0756547566078267,1.1424988668651237,-0.974120026017772,18.23999959230423,1.0,3.7759011547053234,1
15:22:06.434158,72,-0.4411086259768126,3.0153244221821964,1.1593191325406642,-0.974120026017772,18.999999575316902,1.0,5.563180806163275,1
15:22:06.434158,72,-0.5612877743742171,3.2680613175600546,0.7583708232937241,-1.0438400278799236,11.639999739825726,1.0,7.881038727313729,1
15:22:06.434158,72,-0.5493541215056731,3.1714456065372434,0.6835083696679545,-1.1132800297345966,15.359999656677246,1.0,1.7648016531689745,1
15:22:06.434158,72,-0.5261793869990975,3.0026788373959428,0.6085054369963623,-0.8349600223009475,19.999999552965164,1.0,10.489830439876968,1
15:22:06.434158,72,-0.5216784949988684,3.04599078715521,0.8779069727737658,-0.8349600223009475,19.519999563694,1.0,2.293417584471442,1
15:22:06.434158,72,-0.5136958843803668,3.0663464938440863,1.1449930083556046,-0.974120026017772,23.519999474287037,1.0,2.5012102901451376,1
15:22:06.434158,72,-0.5960397508332749,3.2624718083753046,0.7598685277658641,-1.0438400278799236,9.999999776482582,0.9999999776482582,7.964014649473124,1
15:22:06.434158,72,-0.6279178334610807,3.0084300309367604,1.2593445772755638,-0.974120026017772,53.75999879837036,1.0,2.4286452480019065,1
15:22:06.434158,72,-0.6721453555110414,3.0377046601998527,1.1526675645503237,-0.974120026017772,81.51999817788601,1.0,0.9313665116492204,1
15:22:06.434158,72,-0.6926547105359647,3.026563067912098,0.7393067325317668,-0.904680024163099,65.99999852478504,1.0,2.6710479003925665,1
15:22:06.434158,72,-0.7977141996791677,3.009305368053926,1.1602771319464402,-0.904680024163099,40.51999909430742,1.0,1.2356179046901459,1
15:22:06.434158,72,-0.781753865032895,2.981817013559048,1.2991928196802889,-0.974120026017772,26.239999413490292,1.0,2.447566355491067,1
15:22:06.434158,72,-0.8703308565428248,3.045622490920535,0.7257111737075359,-0.904680024163099,18.759999580681324,1.0,3.6875141182861872,1
15:22:06.434158,72,-0.8579903244179886,3.0374162247917127,0.8743191627756752,-0.974120026017772,40.639999091625214,1.0,1.945713738507369,1
15:22:06.434158,72,-0.8441603055442891,3.0226223533470686,1.0199752161713294,-0.904680024163099,38.6399991363287,1.0,1.276639053751104,1
15:22:06.434158,72,-0.8287904751218954,3.0260334240744102,1.25593729939489,-0.974120026017772,30.51999931782484,1.0,3.132576757091791,1
15:22:06.434158,72,-0.8123302297980961,2.9741181145911653,1.3012557334413417,-0.974120026017772,20.75999953597784,1.0,2.615139049241247,1
15:22:06.434158,72,-0.8123858467394738,3.030622923394422,1.0178314698881523,-0.904680024163099,52.87999881803989,1.0,0.8726782384230426,1
15:22:06.434158,72,-0.9030033507432588,3.03705787319274,0.7280060561111799,-0.904680024163099,17.11999961733818,1.0,4.434124862797221,1
15:22:06.434158,72,-0.8758503490257882,3.014315270743236,1.0222010922464848,-0.904680024163099,28.759999357163903,1.0,1.7647386252569508,1
15:22:06.434158,72,-0.8599035303332878,3.0178775905284727,1.2581226484071264,-0.974120026017772,23.23999948054552,1.0,3.4297144018333383,1
15:22:06.434158,72,-0.9084065953511934,3.034417758814465,1.118860163287187,-0.974120026017772,21.87999951094389,1.0,3.3780638035905963,1
15:22:06.434158,72,-0.8909305959120745,3.009421640750671,1.2603884133213268,-0.974120026017772,18.23999959230423,1.0,3.8001150160451536,1
15:22:06.434158,72,-0.9565016418065118,3.044072389626556,0.9763154965265916,-0.974120026017772,19.35999956727028,1.0,4.3330476843048915,1
15:22:06.434158,72,-0.9400924457425188,3.034455579989331,1.1528833516817831,-0.974120026017772,16.99999962002039,1.0,4.630087658520458,1
15:22:06.434158,72,-0.7057285423597186,3.083689332921182,0.7155111941350596,-0.904680024163099,23.23999948054552,1.0,1.3636000204599161,1
15:22:06.434158,72,-0.8901995511595616,3.028973045870105,0.8765815057492714,-0.974120026017772,31.359999299049377,1.0,2.561179312995634,1
15:22:06.434158,72,-0.8256952993627987,3.045547869510581,0.8721402951401176,-0.904680024163099,52.3599988296628,1.0,1.4180967844612795,1
15:22:06.434158,72,-0.9223197586918288,3.0202191770565774,0.8789270978285042,-0.2783200074336491,24.35999945551157,1.0,3.2640644170514665,1
15:22:06.434158,72,-0.7510993255361446,2.989220187510193,1.2972091451986525,-0.974120026017772,33.359999254345894,1.0,2.3610028906136344,1
15:22:06.434158,72,-0.8375713299859002,3.053871093628352,0.7235009672732915,-0.904680024163099,20.359999544918537,1.0,3.033834617349728,1
15:22:06.434158,72,-0.6841307679904072,3.049340710606196,0.9788303704785448,-0.974120026017772,81.2399981841445,1.0,0.04567121199704145,1
15:22:06.434158,72,-0.658862080800605,3.002215309526563,1.2610098068586106,-0.974120026017772,54.87999877333641,1.0,2.1901640234084327,1
15:22:06.434158,72,-0.645518194029959,2.949431341272522,1.3059063924662944,-0.974120026017772,14.119999684393406,1.0,4.018460360754853,1
15:22:06.434158,72,-0.7251168043442445,3.019715700393659,0.7411414791286115,-0.904680024163099,74.75999832898378,1.0,2.8589801055869026,1
15:22:06.434158,72,-0.7161933770073164,3.042577608113936,0.9806425383296749,-0.974120026017772,92.87999792397022,1.0,0.11285747033752026,1
15:22:06.434158,72,-0.7036462537963005,3.031060041741351,1.154447984700292,-0.904680024163099,81.2399981841445,1.0,0.8811642542757184,1
15:22:06.434158,72,-0.6895679915719325,3.003136428763784,1.293480299593076,-0.974120026017772,49.99999888241291,1.0,2.4336906711687694,1
15:22:06.434158,72,-0.7388033569777192,3.076712721596256,0.7173805715054793,-0.904680024163099,23.35999947786331,1.0,1.637533400388238,1
15:22:06.434158,72,-0.7601361196201925,3.0492499646396607,0.8366127903785991,-0.904680024163099,74.35999833792448,1.0,0.8745447716941372,1
15:22:06.434158,72,-0.7481843672865525,3.0355051479214707,0.982537598326747,-0.974120026017772,87.99999803304672,1.0,0.27053824980991237,1
15:22:06.434158,72,-0.7350767880456953,3.0241114852769693,1.1563098447934852,-0.904680024163099,69.35999844968319,1.0,0.91578792392518,1
15:22:06.434158,72,-0.7203696767361122,2.996326896133408,1.2953049083622186,-0.974120026017772,41.75999906659126,1.0,2.3561074567543647,1
15:22:06.434158,72,-0.8047280469976951,3.0618028564628297,0.7213756578272379,-0.904680024163099,21.87999951094389,1.0,2.4737140874870436,1
15:22:06.434158,72,-0.792562131917077,3.04175094560738,0.8386221464723242,-0.904680024163099,65.11999854445457,1.0,1.236820144514375,1
15:22:06.434158,72,-0.780530150030602,3.0383161808349946,1.0157700677697863,-0.904680024163099,70.99999841302633,1.0,0.55342562363848,1
15:22:06.434158,72,-0.7718042918789919,3.069416986254331,0.7193354578985394,-0.904680024163099,22.879999488592148,1.0,2.007954841827268,1
15:22:06.434158,72,-0.7664338152321337,3.016859685656532,1.1582529586454535,-0.904680024163099,53.87999879568815,1.0,1.0342242701164188,1
15:22:06.485954,73,-0.4717736486951212,3.110384059907962,0.6733332015412634,-1.1132800297345966,16.8799996227026,1.0,1.2810655200566827,1
15:22:06.485954,73,-0.4092937930176835,2.983090664023347,1.03711309436379,-1.0438400278799236,20.63999953866005,1.0,1.2360634447418373,1
15:22:06.485954,73,-0.4015865038241556,2.959021401506268,1.1750602827493055,-1.0438400278799236,18.639999583363533,1.0,2.1740192006898753,1
15:22:06.485954,73,-0.4405793838660803,2.9789860576568707,1.038212920324935,-1.0438400278799236,26.519999407231808,1.0,0.8076706410235084,1
15:22:06.485954,73,-0.4322829650537494,2.9549940877565657,1.176139398216205,-1.0438400278799236,22.99999948590994,1.0,1.6535832148533263,1
15:22:06.485954,73,-0.4935431384122737,2.9460509964115302,1.178535692319945,-1.0438400278799236,27.99999937415123,1.0,0.8799149003040114,1
15:22:06.485954,73,-0.5116424019842906,2.987391770415017,0.8994938890453983,-1.0438400278799236,21.239999525249004,1.0,0.1665607164935368,1
15:22:06.485954,73,-0.5035439678434195,2.9975656215676696,1.1313537378910403,-1.0438400278799236,34.51999922841787,1.0,0.6968439046068748,1
15:22:06.485954,73,-0.5433205990179557,2.982296648027241,0.9008591229745406,-1.0438400278799236,26.119999416172504,1.0,0.12841250403913373,1
15:22:06.485954,73,-0.5347207525793867,2.992551146352483,1.1326973624754155,-1.0438400278799236,44.87999899685383,1.0,0.4585522045014735,1
15:22:06.485954,73,-0.5261793869990975,3.0026788373959428,0.6085054369963623,-0.7655200204462744,30.879999309778214,1.0,2.1060451933490754,1
15:22:06.485954,73,-0.3707942563368788,2.95428911580426,1.1442591797561938,-1.0438400278799236,15.119999662041664,1.0,2.4568021488564975,1
15:22:06.485954,73,-0.3437739957048379,3.183930985489224,0.6444889088271069,-1.1132800297345966,13.119999706745148,1.0,2.98854699540762,1
15:22:06.485954,73,-0.4047284236691628,3.118850701826916,0.6710645716764763,-1.1132800297345966,20.999999530613422,1.0,1.7928786736226088,1
15:22:06.485954,73,-0.4122261384812224,3.1766283416864898,0.6464456463366615,-1.1132800297345966,12.759999714791777,1.0,2.0169207720342666,1
15:22:06.485954,73,-0.3711434251890089,3.122597906253428,0.6700605112765181,-1.1132800297345966,21.87999951094389,1.0,2.2066990330429284,1
15:22:06.485954,73,-0.3848945105771351,3.2382920221327742,0.6207854595598832,-1.1132800297345966,5.879999868571758,0.5879999868571758,2.7611467805561944,1
15:22:06.485954,73,-0.3375213126772805,3.126020522561203,0.669143424000848,-1.1132800297345966,22.11999950557947,1.0,2.72535237385064,1
15:22:06.485954,73,-0.2701791976665864,3.1318906542782545,0.6675705269477998,-1.1132800297345966,21.639999516308308,1.0,4.075618306336925,1
15:22:06.485954,73,-0.3080471434291768,3.144916092675213,0.5482365460476779,-1.3916000371682458,12.999999709427357,1.0,3.8693880770126023,1
15:22:06.485954,73,-0.2738973138148204,3.1477266919376787,0.5474834482450526,-1.3916000371682458,12.999999709427357,1.0,4.515517280910026,1
15:22:06.485954,73,-0.5241007245751922,2.941136113117837,1.1798526313293831,-1.0438400278799236,33.11999925971031,1.0,0.6271163890506177,1
15:22:06.485954,73,-0.3779672731328915,2.9868928746026344,1.036094295109617,-1.0438400278799236,16.359999634325504,1.0,1.7567024497109416,1
15:22:06.485954,73,-0.5749444644469137,2.976895797613612,0.902306276481314,-1.0438400278799236,31.87999928742647,1.0,0.1866706535024283,1
15:22:06.485954,73,-0.5546059011047452,2.9359263168755785,1.1812485920252274,-1.0438400278799236,37.239999167621136,1.0,0.4639140819846786,1
15:22:06.485954,73,-0.8600325362830791,2.993292230779935,1.164567839147295,-1.0438400278799236,15.359999656677246,1.0,3.270183224843771,1
15:22:06.485954,73,-0.5658440656880855,2.987235782269169,1.134121609989017,-1.0438400278799236,56.519998736679554,1.0,0.3132367060906723,1
15:22:06.485954,73,-0.8289148133745593,3.0014492878945824,1.1623821622808104,-1.0438400278799236,19.119999572634697,1.0,2.587213239517915,1
15:22:06.485954,73,-0.7819493702894031,2.9743772584813346,1.268468990155036,-1.0438400278799236,21.51999951899052,1.0,2.046388700818146,1
15:22:06.485954,73,-0.7975945415573524,3.000508069989355,1.1292557741180729,-1.0438400278799236,23.9999994635582,1.0,2.0128716153225956,1
15:22:06.485954,73,-0.736071399133563,2.929412144217185,1.3112705201503914,-1.0438400278799236,17.879999600350857,1.0,1.7205278330082456,1
15:22:06.485954,73,-0.7513998754543596,2.9576826426676117,1.17476420081189,-1.0438400278799236,27.99999937415123,1.0,1.4029106679186774,1
15:22:06.485954,73,-0.7655142479731354,2.979864808790948,1.0347047626868455,-1.0438400278799236,29.879999332129955,1.0,1.692132063760911,1
15:22:06.485954,73,-0.7061331357886946,2.92908931743301,1.279294320291196,-1.0438400278799236,21.99999950826168,1.0,1.284052362828521,1
15:22:06.485954,73,-0.720657930286697,2.964792195016846,1.1728592020013662,-1.0438400278799236,36.87999917566776,1.0,1.018153482850687,1
15:22:06.485954,73,-0.7341948429465849,2.987107907702508,1.032763980182794,-1.0438400278799236,36.23999918997288,1.0,1.1755803033753172,1
15:22:06.485954,73,-0.6759401789847593,2.935764274451369,1.2775057709486142,-1.0438400278799236,26.99999939650297,1.0,1.083372898910942,1
15:22:06.485954,73,-0.6898439199297736,2.9716044524592484,1.1710338631210413,-1.0438400278799236,47.9999989271164,1.0,0.7267120612088347,1
15:22:06.485954,73,-0.8125333817581306,2.966676434130944,1.270532419820777,-1.0438400278799236,16.8799996227026,1.0,2.527679155879002,1
15:22:06.485954,73,-0.6456796287292288,2.9421472610243717,1.2757954548510797,-1.0438400278799236,32.119999282062054,1.0,0.9724236398094684,1
15:22:06.485954,73,-0.702802019050849,2.9940481272891386,1.0309043539492615,-1.0438400278799236,41.75999906659126,1.0,0.7558635189735796,1
15:22:06.485954,73,-0.59691079486428,2.9816200608496817,1.135626338008287,-1.0438400278799236,65.75999853014946,1.0,0.26104238275161307,1
15:22:06.485954,73,-0.585055617508837,2.930422128660013,1.182723434812577,-1.0438400278799236,38.519999139010906,1.0,0.39044961121725563,1
15:22:06.485954,73,-0.5729288461350381,2.9010954737845567,1.3169015705825595,-1.0438400278799236,8.239999815821648,0.8239999815821648,1.270331898809574,1
15:22:06.485954,73,-0.6078796952451393,3.0030303930050786,0.9951656989849088,-1.0438400278799236,37.87999915331602,1.0,0.0776737030819166,1
15:22:06.485954,73,-0.6394565226954838,2.99700617160293,0.9967798842446408,-1.0438400278799236,42.63999904692173,1.0,0.23751349847810163,1
15:22:06.485954,73,-0.6280120360473465,2.9843343875407724,1.1676228872962464,-1.0438400278799236,67.11999849975109,1.0,0.4237837695823784,1
15:22:06.485954,73,-0.6153545110517762,2.948237638858706,1.2741635430287692,-1.0438400278799236,36.63999918103218,1.0,0.9511756525589714,1
15:22:06.485954,73,-0.6713389155420161,3.000684773534696,1.0291260699473137,-1.0438400278799236,44.11999901384115,1.0,0.4330035149702177,1
15:22:06.485954,73,-0.646784441486722,2.963226091999464,0.7310389669998818,-0.7655200204462744,27.119999393820763,1.0,2.0784035079048895,1
15:22:06.485954,73,-0.6589609257588089,2.9781187337747816,1.169288366703275,-1.0438400278799236,59.63999866694212,1.0,0.5285961167886861,1
15:22:06.539778,74,-0.6379976716826851,3.1012895215773555,0.0277604966399862,-1.0438400278799236,8.639999806880951,0.8639999806880951,7.9755997472452,1
15:22:06.539778,74,-0.5162477706971897,2.9460033863469146,0.6347698449671113,-1.0438400278799236,52.23999883234501,1.0,0.4965642477090447,1
15:22:06.539778,74,-0.506316154395282,2.8893279352978865,0.6610342529378603,-1.1830000315967482,48.239998921751976,1.0,0.928379255597835,1
15:22:06.539778,74,-0.4987170320520315,2.870864045503138,0.7740622095675893,-1.0438400278799236,24.759999446570877,1.0,0.969596223994585,1
15:22:06.539778,74,-0.5376645782906765,2.884285853633921,0.6623852746478918,-1.1830000315967482,60.51999864727259,1.0,0.8601456856912244,1
15:22:06.539778,74,-0.5482111078539841,2.940862402011141,0.636147367568183,-1.0438400278799236,57.6399987116456,1.0,0.19064563327017403,1
15:22:06.539778,74,-0.5295949584008216,2.8658976386820485,0.7753929542645848,-1.0438400278799236,29.879999332129955,1.0,0.773975174464022,1
15:22:06.539778,74,-0.4656013894214414,2.837298558121922,0.6860537491663468,-1.1132800297345966,20.239999547600743,1.0,2.8023497813023392,1
15:22:06.539778,74,-0.4740781396758585,2.8804869420643104,0.6305307116336922,-1.1830000315967482,37.51999916136265,1.0,1.6965051893757999,1
15:22:06.539778,74,-0.4200608238790239,2.959570473383599,0.6311345549519891,-1.3916000371682458,31.75999929010868,1.0,2.5686363098113127,1
15:22:06.539778,74,-0.4935485190830368,3.007603785928529,0.6071858010142912,-1.0438400278799236,27.519999384880062,1.0,2.218591100899444,1
15:22:06.539778,74,-0.4347716810006478,2.8416470622723997,0.6848885709909429,-1.1132800297345966,16.519999630749226,1.0,3.029997026758731,1
15:22:06.539778,74,-0.4426871448314477,2.8849146151874354,0.6293443201960021,-1.1830000315967482,28.999999351799488,1.0,2.0319279143329156,1
15:22:06.539778,74,-0.4521694248192581,2.955357889754395,0.6322633133334827,-1.0438400278799236,37.99999915063381,1.0,1.6897270284999106,1
15:22:06.539778,74,-0.4112518816434373,2.889038858262741,0.628239232594584,-1.1830000315967482,22.75999949127436,1.0,2.557726806950556,1
15:22:06.539778,74,-0.3767081482424643,2.835572777993624,0.5117059331404605,-1.1830000315967482,18.23999959230423,1.0,7.022336767861099,1
15:22:06.539778,74,-0.3879102172083291,2.9634727062924373,0.6300889547953876,-1.3916000371682458,26.519999407231808,1.0,3.630315032665421,1
15:22:06.539778,74,-0.4028355133764847,3.077495760766164,0.577380036167638,-1.0438400278799236,12.879999712109566,1.0,8.979259759629832,1
15:22:06.539778,74,-0.5801196243592849,2.935412937746467,0.6376075471170846,-1.0438400278799236,59.35999867320061,1.0,0.08416211085549057,1
15:22:06.539778,74,-0.4842328091958383,2.95083537665966,0.6334751170649762,-1.0438400278799236,45.2399989888072,1.0,0.9976577333711723,1
15:22:06.539778,74,-0.5716327561602156,2.9178685144805896,0.7523299466655617,-1.0438400278799236,69.99999843537807,1.0,0.12218173264367557,1
15:22:06.539778,74,-0.6030173037780754,2.912195343182158,0.7538500683335001,-1.0438400278799236,71.51999840140343,1.0,0.0701548455151782,1
15:22:06.539778,74,-0.6844376800906401,3.1474357156633563,-0.003955362496014,-1.0438400278799236,16.239999637007713,1.0,9.362992176287559,1
15:22:06.539778,74,-0.5611816461171413,2.8727840104427,0.8059775122562618,-1.0438400278799236,34.99999921768904,1.0,0.4861664773684255,1
15:22:06.539778,74,-0.794525363412517,2.930578664648424,0.9147169148550608,-1.0438400278799236,18.639999583363533,1.0,3.397142281605782,1
15:22:06.539778,74,-0.8054440561845788,2.928150159703901,0.7404375347322465,-1.3916000371682458,20.75999953597784,1.0,3.141641174136508,1
15:22:06.539778,74,-0.7483961791749536,2.8804705927379257,0.9340286893165995,-1.0438400278799236,21.99999950826168,1.0,2.3542881375202116,1
15:22:06.539778,74,-0.763370021273116,2.938102784114967,0.9127008331202452,-1.0438400278799236,23.75999946892261,1.0,2.8859569507058884,1
15:22:06.539778,74,-0.770241227409867,2.8962707426124603,0.6480956666932232,-1.1132800297345966,24.759999446570877,1.0,3.8791348592126393,1
15:22:06.539778,74,-0.7177771239216205,2.887551724885564,0.932131305676142,-1.0438400278799236,26.87999939918518,1.0,1.7810794668433,1
15:22:06.539778,74,-0.7314410378141779,2.934141005962574,0.8805305707477746,-1.0438400278799236,30.63999931514263,1.0,1.9396707166236076,1
15:22:06.539778,74,-0.7387284279639139,2.9035585669875945,0.646142900037326,-1.1132800297345966,29.879999332129955,1.0,2.6963897787323945,1
15:22:06.539778,74,-0.6870862915572495,2.894336750552979,0.9303132635279336,-1.0438400278799236,32.239999279379845,1.0,1.4127850159323383,1
15:22:06.539778,74,-0.6977436990772953,2.9057216579884684,0.7886632943748753,-1.1132800297345966,39.99999910593033,1.0,0.8796573164088517,1
15:22:06.539778,74,-0.7806984181598237,2.904220268826056,1.0255683082666127,-1.0438400278799236,17.879999600350857,1.0,4.059593071287959,1
15:22:06.539778,74,-0.6431950257112695,2.842785550928179,0.9500117228950944,-1.0438400278799236,9.759999781847,0.9759999781847,1.430599474510697,1
15:22:06.539778,74,-0.655701650840391,2.889847151225565,0.898936287279249,-1.0438400278799236,36.999999172985554,1.0,0.8865401032647131,1
15:22:06.539778,74,-0.6665070468884566,2.9123105378939305,0.7868978093251813,-1.0438400278799236,51.759998843073845,1.0,0.4532161794012386,1
15:22:06.539778,74,-0.6754843710410443,2.917219268706277,0.6424825260437625,-1.1830000315967482,43.239999033510685,1.0,1.0047969537689754,1
15:22:06.539778,74,-0.624905836882052,2.8960320618569795,0.8972790454703028,-1.0438400278799236,39.51999911665917,1.0,0.7918039489488597,1
15:22:06.539778,74,-0.6352037445533293,2.9185973705028303,0.7852132576046766,-1.0438400278799236,63.879998572170734,1.0,0.23309484919015833,1
15:22:06.539778,74,-0.6437594379168341,2.9235907799911,0.6407752847404287,-1.0438400278799236,50.6399988681078,1.0,0.4868342761446585,1
15:22:06.539778,74,-0.5919923928859915,2.8672145612226374,0.8074698416770636,-1.0438400278799236,38.6399991363287,1.0,0.5568640714016159,1
15:22:06.539778,74,-0.7071417562940718,2.910541641786077,0.6442717907843867,-1.1132800297345966,36.11999919265509,1.0,1.7398042837821006,1
15:22:06.539778,74,-0.6119701293881743,2.9296555384947527,0.639150237597085,-1.0438400278799236,56.63999873399735,1.0,0.18143294249648798,1
15:22:06.595005,75,-0.411979659827515,2.902634017618558,0.6574688989256146,-1.0438400278799236,14.759999670088291,1.0,1.5432353365092915,1
15:22:06.595005,75,-0.3633083921212747,2.902502376327765,1.1908567230425933,-1.1830000315967482,32.35999927669764,1.0,1.119025731350575,1
15:22:06.595005,75,-0.3556836124174047,2.8646594055104075,1.293944365005999,-1.1132800297345966,25.23999943584204,1.0,1.3919730307532445,1
15:22:06.595005,75,-0.39341996097686,2.8988476286544613,1.1918360097301943,-1.1830000315967482,34.35999923199415,1.0,0.8153204959005966,1
15:22:06.595005,75,-0.4347716810006478,2.8416470622723997,0.6848885709909429,-1.0438400278799236,22.75999949127436,1.0,0.9473328729893535,1
15:22:06.595005,75,-0.4305549281240156,2.8791010785662645,0.9402810065917592,-1.0438400278799236,24.63999944925308,1.0,0.09422961318841089,1
15:22:06.595005,75,-0.4200608238790239,2.959570473383599,0.6311345549519891,-1.0438400278799236,5.879999868571758,0.5879999868571758,1.6625181710237897,1
15:22:06.595005,75,-0.3851632275828449,2.861081360292886,1.294903099332516,-1.1132800297345966,26.239999413490292,1.0,1.1884449877464898,1
15:22:06.595005,75,-0.443470552909953,2.898502476013397,0.658575942162213,-1.0438400278799236,15.999999642372131,1.0,0.9648320567902962,1
15:22:06.595005,75,-0.3262173621986574,2.8453072668977835,1.20683690771246,-1.1830000315967482,22.99999948590994,1.0,1.4550153517844784,1
15:22:06.595005,75,-0.3557208198409048,2.96706419826089,0.6291266174228178,-1.0438400278799236,5.999999865889549,0.5999999865889549,3.648332996368647,1
15:22:06.595005,75,-0.3879102172083291,2.9634727062924373,0.6300889547953876,-1.0438400278799236,5.999999865889549,0.5999999865889549,2.5298609829017806,1
15:22:06.595005,75,-0.2966651295286676,2.848315583327401,1.2060308317545667,-1.1830000315967482,20.239999547600743,1.0,2.154387716271013,1
15:22:06.595005,75,-0.3029792775702889,2.908938435399566,1.1891321862118651,-1.1830000315967482,24.51999945193529,1.0,2.38569948272713,1
15:22:06.595005,75,-0.2670832305942712,2.851038301458753,1.2053012816300537,-1.1830000315967482,17.519999608397484,1.0,3.0640874248487977,1
15:22:06.595005,75,-0.2727677647357998,2.9117191031975485,1.1883871085209767,-1.1830000315967482,20.51999954134226,1.0,3.3477876504588364,1
15:22:06.595005,75,-0.2425289753533622,2.9142078160285023,1.1877202599277297,-1.1830000315967482,16.99999962002039,1.0,4.528319011445143,1
15:22:06.595005,75,-0.3770220614501474,2.7780225133250416,1.225520604382297,-1.1830000315967482,6.8799998462200165,0.6879999846220016,0.6401945537483221,1
15:22:06.595005,75,-0.3331604927308572,2.9058660906990066,1.18995541849325,-1.1830000315967482,28.759999357163903,1.0,1.6426183536269323,1
15:22:06.595005,75,-0.4656013894214414,2.837298558121922,0.6860537491663468,-1.0438400278799236,25.75999942421913,1.0,0.6388500734191906,1
15:22:06.595005,75,-0.4990536119863883,3.0932528807787016,-0.1385452356579448,-0.3480400092958007,4.999999888241291,0.4999999888241291,10.707475462310281,1
15:22:06.595005,75,-0.4234921881659553,2.8949022131508,1.192893180628206,-1.1830000315967482,34.23999923467636,1.0,0.7318187605982025,1
15:22:06.595005,75,-0.4610856261277326,2.8747947495807926,0.9414348839657593,-1.0438400278799236,26.6399994045496,1.0,0.01275967325940704,1
15:22:06.595005,75,-0.6525462768936983,2.8430573787535884,0.7815129834673324,-1.0438400278799236,20.119999550282955,1.0,3.766947259842957,1
15:22:06.595005,75,-0.6218986588548095,2.849212526297104,0.779863716653753,-1.0438400278799236,23.23999948054552,1.0,2.585592811486195,1
15:22:06.595005,75,-0.5827168769274731,2.854627345067728,0.9468387237184666,-1.0438400278799236,22.99999948590994,1.0,1.9728160260465484,1
15:22:06.595005,75,-0.5911888514710624,2.8550713377685213,0.7782938528513805,-1.0438400278799236,26.239999413490292,1.0,1.6394196693576426,1
15:22:06.595005,75,-0.7460485596612275,3.211161986831647,-0.2356503104624057,-0.4174800111504737,5.519999876618385,0.5519999876618386,9.31117423701451,1
15:22:06.595005,75,-0.5433276016310206,2.876222198746733,1.1978984754023774,-1.0438400278799236,23.87999946624041,1.0,2.6032649972827717,1
15:22:06.595005,75,-0.5523888822628434,2.860109530472001,0.9453697765666338,-1.0438400278799236,25.51999942958355,1.0,1.1399004035988891,1
15:22:06.595005,75,-0.5604199256974668,2.8606332272916,0.7768035490452805,-1.0438400278799236,28.23999936878681,1.0,0.9286730333684867,1
15:22:06.595005,75,-0.5679541474325843,2.865387921489119,0.634576482003316,-1.2524400334514212,15.359999656677246,1.0,1.184713618352929,1
15:22:06.595005,75,-0.6979466287280439,3.1670887717189005,-0.2020037863793358,-0.4174800111504737,8.999999798834324,0.8999999798834324,8.560733226672472,1
15:22:06.595005,75,-0.5731581017234731,2.87082994205395,1.19934332622859,-1.0438400278799236,19.879999555647373,1.0,3.622617244848378,1
15:22:06.595005,75,-0.5134427692336049,2.881326050133194,1.1965309025450868,-1.0438400278799236,27.99999937415123,1.0,1.8044513531534978,1
15:22:06.595005,75,-0.5026671084152763,2.8439275084170417,1.2994994600897316,-1.1830000315967482,21.87999951094389,1.0,2.4874560581756557,1
15:22:06.595005,75,-0.579276085585083,3.1343308927501763,-0.1713891974781431,-0.3480400092958007,7.1199998408555984,0.7119999840855599,9.035344416118903,1
15:22:06.595005,75,-0.4963845380933742,2.832652484248858,0.6872986609086094,-1.2524400334514212,27.99999937415123,1.0,0.5640958596888936,1
15:22:06.595005,75,-0.4915702159551348,2.870193736934633,0.942667721588663,-1.0438400278799236,27.519999384880062,1.0,0.15983477878087174,1
15:22:06.595005,75,-0.505421727103485,2.87575628165697,0.631798288269505,-1.0438400278799236,16.99999962002039,1.0,0.6977184301160309,1
15:22:06.595005,75,-0.4733592048837269,2.8486413927098786,1.2982363786002522,-1.1830000315967482,24.23999945819378,1.0,1.8454645174866218,1
15:22:06.595005,75,-0.5367147727818435,2.8707231070274903,0.633146923346839,-1.0438400278799236,16.519999630749226,1.0,0.8200843124547832,1
15:22:06.595005,75,-0.527118048727369,2.8277093052567013,0.6886231817276005,-1.2524400334514212,28.999999351799488,1.0,0.7231860776027685,1
15:22:06.595005,75,-0.5220056491727794,2.865298500725196,0.9439793961777412,-1.0438400278799236,27.119999393820763,1.0,0.5355465008838202,1
15:22:06.595005,75,-0.4835065929894289,2.8861409858324705,1.1952407444128577,-1.1830000315967482,31.75999929010868,1.0,1.2262755675348724,1
15:22:06.595005,75,-0.4146043267482168,2.8572187475119475,1.2959380833078429,-1.1132800297345966,25.999999418854717,1.0,1.1960543180755263,1
15:22:06.653581,76,0.0,2.985981272377696,0.6240578026900601,-0.974120026017772,11.119999751448631,1.0,4.6598475787841345,1
15:22:06.653581,76,-0.311048972091018,2.8560571319561485,0.681027404456306,-0.974120026017772,45.99999897181988,1.0,1.0689672526246796,1
15:22:06.653581,76,-0.2651740474132623,3.073871445408635,0.6922541805087727,-0.974120026017772,4.999999888241291,0.4999999888241291,4.52201697155986,1
15:22:06.653581,76,-0.2601688971599383,3.015852236539015,0.7169378340697456,-0.974120026017772,17.519999608397484,1.0,1.8987220577144954,1
15:22:06.653581,76,-0.2856356618223956,2.9161127076437734,0.6538572948183285,-0.974120026017772,40.639999091625214,1.0,0.416501021121251,1
15:22:06.653581,76,-0.2800327914207002,2.858911861385914,0.680262482010991,-0.974120026017772,42.63999904692173,1.0,1.3525728485557207,1
15:22:06.653581,76,-0.3250159466221656,3.010199596705161,0.7184524543483306,-0.974120026017772,12.759999714791777,1.0,2.0862282225967492,1
15:22:06.653581,76,-0.3172724113902689,2.913200861049459,0.6546375217617584,-0.974120026017772,34.51999922841787,1.0,0.28095199427712136,1
15:22:06.653581,76,-0.301768127876892,2.834532654373936,0.9580851746399964,-1.1132800297345966,15.359999656677246,1.0,1.117830761377773,1
15:22:06.653581,76,-0.3488774339828143,2.9099835776115097,0.655499590260779,-0.974120026017772,27.519999384880062,1.0,0.22975990077452174,1
15:22:06.653581,76,-0.3420340481247237,2.8529029569621285,0.6818725630987403,-0.974120026017772,47.23999894410372,1.0,0.873272187521738,1
15:22:06.653581,76,-0.3351906622666332,2.795822336312749,0.7082455359367013,-0.974120026017772,20.999999530613422,1.0,2.797096118594367,1
15:22:06.653581,76,-0.2961460996802488,2.804889142724634,1.0639480323732218,-1.1830000315967482,15.359999656677246,1.0,2.231223444884244,1
15:22:06.653581,76,-0.3897329940450436,3.0032954221077666,0.7203024223561059,-0.974120026017772,5.999999865889549,0.5999999865889549,2.573158559800057,1
15:22:06.653581,76,-0.3804475691242512,2.9064611790555746,0.6564434141092623,-1.1132800297345966,21.239999525249004,1.0,0.2605473586794866,1
15:22:06.653581,76,-0.3729849210401734,2.849449651818712,0.6827978734231372,-0.974120026017772,45.759998977184296,1.0,0.7632172724194631,1
15:22:06.653581,76,-0.2222796392107798,2.921018956145168,0.6525426694945136,-0.974120026017772,43.35999903082848,1.0,0.9505806179302109,1
15:22:06.653581,76,-0.3573923398008828,3.006903790374081,0.719335562993153,-0.974120026017772,8.879999801516533,0.8879999801516533,2.293536573338175,1
15:22:06.653581,76,-0.2277047255270454,3.018208504782541,0.7163064738967415,-0.974120026017772,22.239999502897263,1.0,1.923822349918958,1
15:22:06.653581,76,-0.1326931640799682,3.081558674528304,0.6901943936741246,-0.974120026017772,8.359999813139439,0.8359999813139438,4.415133210835752,1
15:22:06.653581,76,-0.1868286512018597,2.86567667147398,0.678449856610944,-0.974120026017772,32.99999926239252,1.0,2.754699681688907,1
15:22:06.653581,76,-0.3655222729560956,2.792438124581848,0.7091523327370117,-0.974120026017772,24.99999944120645,1.0,2.5518105871042733,1
15:22:06.653581,76,-0.0324030239533394,2.985824776488627,0.6240997356371549,-0.974120026017772,13.119999706745148,1.0,3.8276461622287816,1
15:22:06.653581,76,-0.031928983458938,2.967542852519253,0.7390197479035514,-0.974120026017772,17.999999597668648,1.0,3.841219134608347,1
15:22:06.653581,76,-0.0651073138069957,3.025280845866245,0.7144114458147657,-0.974120026017772,15.75999964773655,1.0,3.3512550745133365,1
15:22:06.653581,76,-0.0638547740462802,2.967080248648988,0.7391437022370044,-0.974120026017772,21.639999516308308,1.0,3.0874388228953644,1
15:22:06.653581,76,-0.0995314853564138,3.0826802427816102,0.6898938703663946,-0.974120026017772,8.239999815821648,0.8239999815821648,4.601262155696386,1
15:22:06.653581,76,-0.0976528322830646,3.024494768190163,0.7146220746932599,-0.974120026017772,18.879999577999115,1.0,2.8822592071396715,1
15:22:06.653581,76,-0.0957741792097154,2.9663092935987168,0.7393502790201252,-0.974120026017772,26.119999416172504,1.0,2.434625464578153,1
15:22:06.653581,76,-0.1301885855577187,3.0233943694958008,0.7149169256347667,-0.974120026017772,22.11999950557947,1.0,2.5080721324512814,1
15:22:06.653581,76,-0.1276840070354693,2.9652300644632983,0.7396394575954086,-0.974120026017772,31.5199992954731,1.0,1.8797511885997489,1
15:22:06.653581,76,-0.1658415735982851,3.080116850479471,0.690580729263637,-0.974120026017772,7.999999821186066,0.7999999821186066,4.317255027875608,1
15:22:06.653581,76,-0.1627113200828893,3.0219797598221065,0.7152959691544383,-0.974120026017772,24.759999446570877,1.0,2.2256008777743475,1
15:22:06.653581,76,-0.1595810665674934,2.963842669164743,0.7400112090452395,-0.974120026017772,37.11999917030335,1.0,1.4198603777179224,1
15:22:06.653581,76,-0.1557190943562882,2.867331063794485,0.6780065635247003,-0.974120026017772,28.23999936878681,1.0,3.414166792300967,1
15:22:06.653581,76,-0.1989733990981844,3.07835491481631,0.6910528385016965,-0.974120026017772,7.239999838173389,0.723999983817339,4.3044753117584245,1
15:22:06.653581,76,-0.1952177836123712,3.020251080628864,0.7157591673482402,-0.974120026017772,24.99999944120645,1.0,2.0318298490564413,1
15:22:06.653581,76,-0.1914621681265579,2.962147246441418,0.7404654961947836,-0.974120026017772,41.75999906659126,1.0,1.0520711684658932,1
15:22:06.653581,76,-0.2320853274248739,3.0762730437309096,0.6916106741777752,-0.974120026017772,6.239999860525131,0.6239999860525132,4.37372443471775,1
15:22:06.653581,76,-0.3318286946228849,2.83147259127023,0.9589051160774228,-1.1132800297345966,19.239999569952488,1.0,0.8786101193071035,1
15:22:06.653581,76,-0.2489886077058522,2.861466859780873,0.679577872254399,-0.974120026017772,37.99999915063381,1.0,1.7264360363089533,1
15:22:06.653581,76,-0.411979659827515,2.902634017618558,0.6574688989256146,-1.1132800297345966,16.239999637007713,1.0,0.37101866669950245,1
15:22:06.653581,76,-0.5197042921513924,2.8204717052314128,0.8284831540127533,-0.974120026017772,35.51999920606613,1.0,0.9270540371124367,1
15:22:06.653581,76,-0.5125444765252221,2.837023640982455,1.0514111032119435,-1.1132800297345966,43.5199990272522,1.0,1.516352661692561,1
15:22:06.653581,76,-0.5021393299637716,2.7871345205817755,1.0994245401337823,-1.0438400278799236,31.5199992954731,1.0,1.727729554112385,1
15:22:06.653581,76,-0.5499535752221126,2.815305611499085,0.8298674046563541,-0.974120026017772,31.75999929010868,1.0,1.2515698132185586,1
15:22:06.653581,76,-0.5423770239774744,2.831928719028367,1.0527762834350411,-1.1132800297345966,40.23999910056591,1.0,1.8379891862149207,1
15:22:06.653581,76,-0.5313662479677339,2.782143030450835,1.100762005883396,-1.0438400278799236,29.35999934375286,1.0,1.9494830645405445,1
15:22:06.653581,76,-0.5821618843215007,2.843857870276033,0.9177962918951956,-1.1830000315967482,26.99999939650297,1.0,1.874753798194672,1
15:22:06.653581,76,-0.5721553341817328,2.8265458963468486,1.054218606425554,-1.1132800297345966,33.99999924004078,1.0,2.221924594829834,1
15:22:06.653581,76,-0.6124027782239928,2.838088518033348,0.9193421851694736,-1.1830000315967482,22.51999949663877,1.0,2.3778978406264133,1
15:22:06.653581,76,-0.6022078895540004,2.8302983872655134,1.0845861199323048,-1.1132800297345966,27.359999388456345,1.0,3.0593891160343456,1
15:22:06.653581,76,-0.5902775236339948,2.7973269996444245,1.1889309501767684,-1.1830000315967482,21.87999951094389,1.0,3.361067974300032,1
15:22:06.653581,76,-0.6431950257112695,2.842785550928179,0.9500117228950944,-1.1132800297345966,18.639999583363533,1.0,3.2757275900042346,1
15:22:06.653581,76,-0.631885132166233,2.824338126121197,1.0861831670926028,-1.0438400278799236,21.639999516308308,1.0,3.5723610394065295,1
15:22:06.653581,76,-0.619366829140118,2.79148481748523,1.19049635816836,-1.0438400278799236,18.23999959230423,1.0,3.7973243583815455,1
15:22:06.653581,76,-0.6614991867946431,2.8180915076205726,1.0878569434752705,-1.0438400278799236,16.99999962002039,1.0,4.141789441667563,1
15:22:06.653581,76,-0.3258259666213317,2.811134312312009,1.0929938153211514,-1.1830000315967482,18.519999586045746,1.0,1.8599920215052907,1
15:22:06.653581,76,-0.4633538470213357,2.7658454883999144,1.2287834283771983,-1.1132800297345966,9.759999781847,0.9759999781847,2.8686147030962923,1
15:22:06.653581,76,-0.5611291908700433,2.802887913271661,1.187440907861171,-1.1830000315967482,25.75999942421913,1.0,2.983102040890862,1
15:22:06.653581,76,-0.4826606750547276,2.8418301527211867,1.0501232022731397,-1.1132800297345966,42.11999905854464,1.0,1.2586241935098994,1
15:22:06.653581,76,-0.4031849932843282,2.8323690775881816,0.6551469294587158,-0.974120026017772,41.999999061226845,1.0,1.2547679648766787,1
15:22:06.653581,76,-0.4728621984475059,2.791843455502531,1.0981627848245556,-1.0438400278799236,31.5199992954731,1.0,1.572821490393744,1
15:22:06.653581,76,-0.3976772638217488,2.8262682058515955,0.7951490821868736,-0.974120026017772,29.519999340176582,1.0,0.6536238257891265,1
15:22:06.653581,76,-0.3918472776272445,2.824482185296785,0.960778189712773,-1.1132800297345966,24.23999945819378,1.0,0.6372355308528742,1
15:22:06.653581,76,-0.355310160200133,2.807844650091065,1.0938752776566243,-1.1830000315967482,22.11999950557947,1.0,1.6550036673204234,1
15:22:06.653581,76,-0.4426871448314477,2.8849146151874354,0.6293443201960021,-1.1132800297345966,12.639999717473984,1.0,0.671647963857066,1
15:22:06.653581,76,-0.4340036398196353,2.828325733373013,0.6562303402758913,-0.974120026017772,37.11999917030335,1.0,1.2808011682467746,1
15:22:06.653581,76,-0.428074910641425,2.822280095949291,0.7962176930145226,-0.974120026017772,33.7599992454052,1.0,0.6591401536773578,1
15:22:06.653581,76,-0.3847588230605934,2.804270361664336,1.0948330053540825,-1.1830000315967482,25.999999418854717,1.0,1.5256635930999258,1
15:22:06.653581,76,-0.464778886354569,2.8239849110252138,0.657393460118471,-1.1132800297345966,31.87999928742647,1.0,1.3879543874522033,1
15:22:06.653581,76,-0.4584297503286786,2.8179985716297797,0.79736492399831,-0.974120026017772,36.75999917834997,1.0,0.7425627318445924,1
15:22:06.653581,76,-0.4517091269521202,2.8163337846926098,0.962961547074267,-1.1132800297345966,36.999999172985554,1.0,0.6986022179437417,1
15:22:06.653581,76,-0.4435377811075596,2.7962693643235528,1.0969768661301889,-1.0438400278799236,29.519999340176582,1.0,1.4863707049813661,1
15:22:06.653581,76,-0.4217992920775943,2.820552541461786,0.9618311346049028,-1.1132800297345966,30.35999932140112,1.0,0.6310398035648374,1
15:22:06.653581,76,-0.4955076553902595,2.8193470446233824,0.658636172675445,-1.1132800297345966,26.99999939650297,1.0,1.5742844993666052,1
15:22:06.653581,76,-0.4894030390868656,2.8253453599000373,0.8271772621801072,-0.974120026017772,37.51999916136265,1.0,0.6733124555529545,1
15:22:06.712746,77,-0.3042870465645379,3.032720863953098,-0.5546336325540366,-0.7655200204462744,27.639999382197857,1.0,4.54958261981,1
15:22:06.712746,77,-0.3345985348504245,3.0295264094969268,-0.5546336325540366,-0.7655200204462744,33.11999925971031,1.0,4.246524539470452,1
15:22:06.712746,77,-0.3420340481247237,3.0968491305683874,-0.5348277145520451,-0.974120026017772,16.99999962002039,1.0,1.4239599689947582,1
15:22:06.712746,77,-0.3505167971068197,3.1736537468165764,-0.4499567845506162,-0.904680024163099,9.879999779164793,0.9879999779164793,1.6957597856154685,1
15:22:06.712746,77,-0.2670832305942712,2.959574690551034,-0.029717005458087,-0.974120026017772,26.119999416172504,1.0,2.4542076385498115,1
15:22:06.712746,77,-0.2557141623112139,2.8335929631665957,-0.0284520265095052,-1.0438400278799236,19.63999956101179,1.0,3.7042646065707876,1
15:22:06.712746,77,-0.2613986964527426,2.896583826858815,-0.0290845159837961,-0.974120026017772,28.639999359846115,1.0,2.2308429920359414,1
15:22:06.712746,77,-0.2980991563342067,2.971048360909507,-0.5433547691418661,-0.904680024163099,23.519999474287037,1.0,8.142605356615153,1
15:22:06.712746,77,-0.3283743253645034,2.973171090952964,-0.5134684424406348,-0.904680024163099,29.879999332129955,1.0,6.161054625323182,1
15:22:06.712746,77,-0.3578781059747439,3.2403046053859645,-0.4262046631688457,-0.8349600223009475,5.239999882876873,0.5239999882876873,5.39646942117796,1
15:22:06.712746,77,-0.2966651295286676,2.9567559253236757,-0.029717005458087,-0.974120026017772,34.23999923467636,1.0,2.148073915247145,1
15:22:06.712746,77,-0.3192742316664574,2.8907769041420406,-0.0290845159837961,-0.974120026017772,49.75999888777733,1.0,1.511057547832769,1
15:22:06.712746,77,-0.2840368334454249,2.830894185758286,-0.0284520265095052,-1.0438400278799236,23.35999947786331,1.0,3.2083313555226174,1
15:22:06.712746,77,-0.382235279232984,3.169989955985129,-0.4499567845506162,-0.904680024163099,7.999999821186066,0.7999999821186066,1.75627164069556,1
15:22:06.712746,77,-0.3729849210401734,3.09327400600972,-0.5348277145520451,-0.974120026017772,14.999999664723871,1.0,1.3354978411546963,1
15:22:06.712746,77,-0.3648765635631529,3.0260290049379464,-0.5546336325540366,-0.904680024163099,38.99999912828207,1.0,4.050734246592727,1
15:22:06.712746,77,-0.3597717700332164,2.983693445934212,-0.4235133636567282,-0.904680024163099,38.6399991363287,1.0,2.3662913304670585,1
15:22:06.712746,77,-0.3262173621986574,2.953641486980956,-0.029717005458087,-0.974120026017772,45.639998979866505,1.0,1.9244623278693282,1
15:22:06.712746,77,-0.3123311011342575,2.8279123213031263,-0.0284520265095052,-1.0438400278799236,27.359999388456345,1.0,2.803194868812149,1
15:22:06.712746,77,-0.4139155381514618,3.166009168813904,-0.4499567845506162,-1.0438400278799236,6.359999857842922,0.6359999857842922,1.9056319624681173,1
15:22:06.712746,77,-0.4038984957760062,3.089389556641999,-0.5348277145520451,-0.974120026017772,12.879999712109566,1.0,1.347019299231023,1
15:22:06.712746,77,-0.311048972091018,3.100114572808541,-0.5348277145520451,-0.8349600223009475,18.35999958962202,1.0,1.613849725768095,1
15:22:06.712746,77,-0.2903509814870462,2.8938250555409804,-0.0290845159837961,-0.974120026017772,37.63999915868044,1.0,1.8275550363512068,1
15:22:06.712746,77,-0.2869778540230972,3.180028905692088,-0.4499567845506162,-0.904680024163099,11.639999739825726,1.0,1.847501464696217,1
15:22:06.712746,77,-0.1276840070354693,3.19039761222395,-0.4499567845506162,-0.8349600223009475,12.999999709427357,1.0,3.9001479539049972,1
15:22:06.712746,77,-0.2324202717677937,2.8990529422207234,-0.0290845159837961,-0.974120026017772,22.11999950557947,1.0,2.72231481596357,1
15:22:06.712746,77,-0.0651073138069957,3.2549317027887974,-0.4587828867750933,-0.8349600223009475,5.359999880194664,0.5359999880194664,7.0015429443931385,1
15:22:06.712746,77,-0.0638547740462802,3.192313063840765,-0.4499567845506162,-0.8349600223009475,10.99999975413084,1.0,5.432187729415993,1
15:22:06.712746,77,-0.0976528322830646,3.254117895294797,-0.4587828867750933,-0.8349600223009475,6.11999986320734,0.611999986320734,6.319224319158975,1
15:22:06.712746,77,-0.0957741792097154,3.1915149124410536,-0.4499567845506162,-0.8349600223009475,11.9999997317791,1.0,4.613224293829418,1
15:22:06.712746,77,-0.1301885855577187,3.2529786787375694,-0.4587828867750933,-0.8349600223009475,6.8799998462200165,0.6879999846220016,5.739094974753809,1
15:22:06.712746,77,-0.3958173317244973,3.027577333800526,-0.5241269307021703,-0.974120026017772,44.359999008476734,1.0,2.836261864435953,1
15:22:06.712746,77,-0.1595810665674934,3.1889612749185425,-0.4499567845506162,-0.8349600223009475,13.639999695122242,1.0,3.290713207495166,1
15:22:06.712746,77,-0.1954831228075756,3.2541415186065525,-0.4262046631688457,-0.8349600223009475,7.999999821186066,0.7999999821186066,5.790056918599479,1
15:22:06.712746,77,-0.1914621681265579,3.1872060441573584,-0.4499567845506162,-0.8349600223009475,13.759999692440031,1.0,2.782760223701672,1
15:22:06.712746,77,-0.1868286512018597,3.1100734529378657,-0.5348277145520451,-0.8349600223009475,17.879999600350857,1.0,3.419574580214208,1
15:22:06.712746,77,-0.2930047624028239,3.2468136508938774,-0.4262046631688457,-0.8349600223009475,6.359999857842922,0.6359999857842922,5.290912347039201,1
15:22:06.712746,77,-0.2280142208378598,3.252024014289757,-0.4262046631688457,-0.8349600223009475,7.879999823868275,0.7879999823868274,5.5334492666656185,1
15:22:06.712746,77,-0.2233241236292169,3.1851320954620017,-0.4499567845506162,-0.8349600223009475,13.519999697804453,1.0,2.3742159471367206,1
15:22:06.712746,77,-0.2179195253388363,3.1080496952357217,-0.5348277145520451,-0.8349600223009475,18.639999583363533,1.0,2.807817045335552,1
15:22:06.712746,77,-0.2034186052503899,2.9012321547172397,-0.0290845159837961,-0.974120026017772,17.359999611973763,1.0,3.303438129912267,1
15:22:06.712746,77,-0.2605225176370908,3.249581310296081,-0.4262046631688457,-0.8349600223009475,7.35999983549118,0.735999983549118,5.367731986785394,1
15:22:06.712746,77,-0.2551637469066142,3.182739636225605,-0.4499567845506162,-0.7655200204462744,12.999999709427357,1.0,2.063095154738622,1
15:22:06.712746,77,-0.2800327914207002,3.1030700061886933,-0.5348277145520451,-0.8349600223009475,18.879999577999115,1.0,1.906697589778473,1
15:22:06.712746,77,-0.2739451298289267,3.035612048863689,-0.5546336325540366,-0.7655200204462744,23.11999948322773,1.0,4.961361013388638,1
15:22:06.712746,77,-0.237474623560578,2.962097500788873,-0.029717005458087,-0.974120026017772,20.359999544918537,1.0,2.8443296497268418,1
15:22:06.712746,77,-0.3901197475035612,2.983996935818529,-0.3934396327936877,-0.904680024163099,50.1199988797307,1.0,1.462660422482466,1
15:22:06.712746,77,-0.1629324766287867,3.25593361149781,-0.4262046631688457,-0.8349600223009475,7.639999829232693,0.7639999829232693,6.139641353307857,1
15:22:06.712746,77,-0.3481655546901903,2.8874396774745823,-0.0290845159837961,-1.0438400278799236,64.23999856412411,1.0,1.280032058917247,1
15:22:06.712746,77,-0.5113902986569997,2.9791435251190777,-0.2727814036917162,-1.1132800297345966,73.51999835669994,1.0,0.6831219620045528,1
15:22:06.712746,77,-0.5026671084152763,2.9283259093073184,-0.0594310392405252,-1.0438400278799236,80.87999819219112,1.0,1.704161280119234,1
15:22:06.712746,77,-0.4920422716032751,2.8664301051103163,-0.0290845159837961,-1.1132800297345966,59.8799986615777,1.0,1.3661647738575855,1
15:22:06.712746,77,-0.4812698208862,2.803674364753646,0.0569012078401966,-1.0438400278799236,29.35999934375286,1.0,2.224181106938527,1
15:22:06.712746,77,-0.5499535752221126,3.0222290000136813,-0.4016065839851218,-1.0438400278799236,30.759999312460423,1.0,1.601113763492735,1
15:22:06.712746,77,-0.541155667420184,2.9738807515498054,-0.2727814036917162,-1.1132800297345966,60.63999864459038,1.0,1.0656176783341955,1
15:22:06.712746,77,-0.5319247456571192,2.923152907044159,-0.0594310392405252,-1.1132800297345966,63.23999858647585,1.0,2.024818216410804,1
15:22:06.712746,77,-0.5206814923702877,2.861366444206386,-0.0290845159837961,-1.1132800297345966,46.23999896645546,1.0,1.624559181210441,1
15:22:06.712746,77,-0.5092820333409332,2.7987215643198096,0.0569012078401966,-1.0438400278799236,25.63999942690134,1.0,2.419432007212486,1
15:22:06.712746,77,-0.5801478633960623,3.016578445858862,-0.4016065839851218,-1.0438400278799236,25.11999943852425,1.0,2.1290838376180217,1
15:22:06.712746,77,-0.518998871055989,3.023467848942537,-0.4323045801016619,-1.0438400278799236,36.999999172985554,1.0,1.4790745023618102,1
15:22:06.712746,77,-0.5721553341817328,2.975019917633474,-0.1819907642462835,-1.1132800297345966,47.23999894410372,1.0,2.1316350807372255,1
15:22:06.712746,77,-0.5492686454242905,2.856016649055291,-0.0290845159837961,-1.1132800297345966,35.35999920964241,1.0,1.9613456653042087,1
15:22:06.712746,77,-0.6102841372697206,3.010626236386748,-0.4016065839851218,-1.0438400278799236,20.63999953866005,1.0,2.744597500972383,1
15:22:06.712746,77,-0.6018764293319254,2.9691497100286384,-0.1819907642462835,-1.1132800297345966,36.11999919265509,1.0,2.6726074214881685,1
15:22:06.712746,77,-0.5902775236339948,2.9119305105197184,-0.0594310392405252,-1.1132800297345966,35.879999198019505,1.0,2.8918439035589234,1
15:22:06.712746,77,-0.5778008720739287,2.8503812546320635,-0.0290845159837961,-1.1132800297345966,27.359999388456345,1.0,2.3758259204223195,1
15:22:06.712746,77,-0.631885132166233,2.9646143382850387,-0.1516867825536061,-1.1132800297345966,27.87999937683344,1.0,3.751998475089309,1
15:22:06.712746,77,-0.618716521092258,2.902831189389972,-0.1485256000176866,-1.1132800297345966,27.519999384880062,1.0,2.5485225924316843,1
15:22:06.712746,77,-0.6062753191204415,2.8444608244714247,-0.0290845159837961,-1.1132800297345966,21.51999951899052,1.0,2.867381117229014,1
15:22:06.712746,77,-0.6614991867946431,2.9581473629432327,-0.1516867825536061,-1.1132800297345966,21.7599995136261,1.0,4.438492089409207,1
15:22:06.712746,77,-0.6477134129677037,2.896498987092768,-0.1485256000176866,-1.1132800297345966,21.51999951899052,1.0,3.190095279243603,1
15:22:06.712746,77,-0.5611291908700433,2.917687591939315,-0.0594310392405252,-1.1132800297345966,47.63999893516302,1.0,2.420956842167069,1
15:22:06.712746,77,-0.527118048727369,3.0707667430602106,-0.5348277145520451,-1.0438400278799236,7.519999831914902,0.7519999831914902,2.367124661156305,1
15:22:06.712746,77,-0.642582432361734,3.0148028423756497,-0.3092839325720958,-1.0438400278799236,16.99999962002039,1.0,3.507330698531264,1
15:22:06.712746,77,-0.340594135974648,2.8246476679850634,-0.0284520265095052,-1.0438400278799236,30.999999307096004,1.0,2.4876036251348816,1
15:22:06.712746,77,-0.4455544058629035,3.1617117833782813,-0.4499567845506162,-1.0438400278799236,5.119999885559082,0.5119999885559082,2.142402004458116,1
15:22:06.712746,77,-0.4347716810006478,3.0851961709069062,-0.5348277145520451,-0.974120026017772,10.87999975681305,1.0,1.457167461033094,1
15:22:06.712746,77,-0.4260728090913426,3.023467848942537,-0.5241269307021703,-0.974120026017772,47.63999893516302,1.0,2.864066254886436,1
15:22:06.712746,77,-0.4199397130405147,2.979946604853527,-0.3934396327936877,-0.904680024163099,63.63999857753515,1.0,1.4580415010189176,1
15:22:06.712746,77,-0.3852210112135037,2.9465268662502586,-0.029717005458087,-0.974120026017772,78.63999824225903,1.0,1.7193368378715128,1
15:22:06.712746,77,-0.3770220614501474,2.8838137092584764,-0.0290845159837961,-1.0438400278799236,76.87999828159809,1.0,1.1332357074289239,1
15:22:06.712746,77,-0.3687677877614501,2.8206773836761485,0.0569012078401966,-1.0438400278799236,33.519999250769615,1.0,2.2392797132836275,1
15:22:06.712746,77,-0.4656013894214414,3.080694268139503,-0.5348277145520451,-0.974120026017772,9.359999790787697,0.9359999790787696,1.6646732831574962,1
15:22:06.712746,77,-0.4584297503286786,3.033242460760464,-0.4323045801016619,-1.0438400278799236,47.11999894678593,1.0,0.8808225036860318,1
15:22:06.712746,77,-0.3557369734057325,2.950231686964102,-0.029717005458087,-0.974120026017772,60.87999863922596,1.0,1.7819857609267027,1
15:22:06.712746,77,-0.4146043267482168,2.9420860125504094,-0.0594310392405252,-0.974120026017772,92.51999793201684,1.0,1.2036591595219643,1
15:22:06.712746,77,-0.451278909061692,2.985928264101912,-0.3029944271647227,-1.0438400278799236,75.51999831199646,1.0,0.27616741713679915,1
15:22:06.712746,77,-0.443023826530015,2.7452306172364622,0.0834474836622485,-1.0438400278799236,5.519999876618385,0.5519999876618386,3.5663125188976554,1
15:22:06.712746,77,-0.4633538470213357,2.8712071254052325,-0.0290845159837961,-1.0438400278799236,73.51999835669994,1.0,1.1869398896709686,1
15:22:06.712746,77,-0.4733592048837269,2.933206081432901,-0.0594310392405252,-1.0438400278799236,93.51999790966512,1.0,1.459802515794071,1
15:22:06.712746,77,-0.481115129626703,2.9812662551625357,-0.3029944271647227,-1.0438400278799236,79.75999821722507,1.0,0.4819135778312022,1
15:22:06.712746,77,-0.4532094818525866,2.8083468000999283,0.0569012078401966,-1.0438400278799236,32.35999927669764,1.0,2.107689516493303,1
15:22:06.712746,77,-0.4887387474249722,3.028506578911803,-0.4323045801016619,-1.0438400278799236,43.119999036192894,1.0,1.1337604535091128,1
15:22:06.712746,77,-0.4963845380933742,3.075884298526294,-0.5348277145520451,-1.0438400278799236,8.239999815821648,0.8239999815821648,1.9683561910860223,1
15:22:06.712746,77,-0.3969556526223148,2.8168487346543456,0.0569012078401966,-1.0438400278799236,33.99999924004078,1.0,2.1143134384513056,1
15:22:06.712746,77,-0.4058408663198289,2.8798993620875053,-0.0290845159837961,-1.0438400278799236,80.87999819219112,1.0,1.0695018672338246,1
15:22:06.764486,78,-0.1842009624995421,3.066331206643784,-0.4016065839851218,-0.5566400148672983,23.11999948322773,1.0,0.3257810246549514,1
15:22:06.764486,78,-0.1572073277038912,3.141526065494153,-0.3155983963342602,-0.6263600167294499,28.23999936878681,1.0,0.5361258160242498,1
15:22:06.764486,78,-0.1540619379127418,3.078670700166354,-0.3092839325720958,-0.6263600167294499,21.239999525249004,1.0,0.6295376401105683,1
15:22:06.764486,78,-0.1954831228075756,3.2541415186065525,-0.4262046631688457,-0.6263600167294499,5.239999882876873,0.5239999882876873,1.1942807875016532,1
15:22:06.764486,78,-0.1923879794574565,3.202617712678937,-0.3219128600964245,-0.6263600167294499,15.639999650418758,1.0,0.5685728177669662,1
15:22:06.764486,78,-0.1886142037710914,3.1397969434660533,-0.3155983963342602,-0.6263600167294499,27.99999937415123,1.0,0.34270750548441453,1
15:22:06.764486,78,-0.1603527174950406,3.2043814308219525,-0.3219128600964245,-0.6263600167294499,17.639999605715275,1.0,0.719272981169845,1
15:22:06.764486,78,-0.2563975858964899,3.1981297075245463,-0.3219128600964245,-0.6263600167294499,8.759999804198742,0.8759999804198741,0.5186288475904393,1
15:22:06.764486,78,-0.2200022185759357,3.1377538443741315,-0.3155983963342602,-0.6263600167294499,24.759999446570877,1.0,0.2314050815538487,1
15:22:06.764486,78,-0.2148545528570268,3.064335912484121,-0.4016065839851218,-0.5566400148672983,24.51999945193529,1.0,0.14774123802924255,1
15:22:06.764486,78,-0.2104853350293984,3.0020204952838303,-0.3934396327936877,-0.5566400148672983,17.519999608397484,1.0,0.3786904692411167,1
15:22:06.764486,78,-0.1629324766287867,3.25593361149781,-0.4262046631688457,-0.6263600167294499,5.879999868571758,0.5879999868571758,1.3270138843204333,1
15:22:06.764486,78,-0.2513682333432404,3.1353969725265847,-0.3155983963342602,-0.6263600167294499,20.119999550282955,1.0,0.20152293063881976,1
15:22:06.764486,78,-0.2454866579392311,3.062034187300512,-0.4016065839851218,-0.5566400148672983,25.23999943584204,1.0,0.04842900941078063,1
15:22:06.764486,78,-0.2401680793492244,2.9956938427491737,-0.4235133636567282,-0.5566400148672983,20.87999953329563,1.0,0.21003754987956819,1
15:22:06.764486,78,-0.2354825615658199,2.937249869628889,-0.3852402730657797,-0.904680024163099,20.87999953329563,1.0,0.7119291427353741,1
15:22:06.764486,78,-0.2244040027831094,3.2005337354478094,-0.3219128600964245,-0.6263600167294499,12.11999972909689,1.0,0.5019343211731999,1
15:22:06.764486,78,-0.1232680416760391,3.0800573615888345,-0.3092839325720958,-0.6263600167294499,19.239999569952488,1.0,0.9446789635493569,1
15:22:06.764486,78,-0.0959043550736282,3.195852806165079,-0.4180053034409377,-0.6263600167294499,15.359999656677246,1.0,1.4046215615916342,1
15:22:06.764486,78,-0.1278575546039354,3.194733987318193,-0.4180053034409377,-0.6263600167294499,17.23999961465597,1.0,1.0600014416852486,1
15:22:06.764486,78,-0.2883655294660908,3.1954058693099268,-0.3219128600964245,-0.6263600167294499,6.11999986320734,0.611999986320734,0.6179145736757735,1
15:22:06.764486,78,0.0626873229806413,3.1339482924685798,-0.4098059437130297,-0.2783200074336491,10.519999764859676,1.0,4.406777488971451,1
15:22:06.764486,78,0.0319723811997479,3.197131616126511,-0.4180053034409377,-0.2783200074336491,7.759999826550484,0.7759999826550483,3.642553319045594,1
15:22:06.764486,78,0.031345228738627,3.1344184591347286,-0.4098059437130297,-0.2783200074336491,11.9999997317791,1.0,3.601957060717122,1
15:22:06.764486,78,0.0,3.1972914793611324,-0.4180053034409377,-0.2783200074336491,9.119999796152117,0.9119999796152116,2.952852414881572,1
15:22:06.764486,78,0.0,3.1454570675917632,-0.3155983963342602,-0.6263600167294499,13.999999687075617,1.0,2.7583620412901624,1
15:22:06.764486,78,-0.0325552846540931,3.255420019839504,-0.4587828867750933,-0.6263600167294499,5.639999873936176,0.5639999873936177,2.831895172057649,1
15:22:06.764486,78,-0.125784731035629,3.142941037547677,-0.3155983963342602,-0.6263600167294499,26.119999416172504,1.0,0.8123424745072716,1
15:22:06.764486,78,-0.0319723811997479,3.197131616126511,-0.4180053034409377,-0.2783200074336491,10.87999975681305,1.0,2.350389384473985,1
15:22:06.764486,78,-0.0639415651881623,3.1966520424088363,-0.4180053034409377,-0.6263600167294499,12.999999709427357,1.0,1.8345291801394965,1
15:22:06.764486,78,-0.0629049460871088,3.1448279971758,-0.3155983963342602,-0.6263600167294499,19.35999956727028,1.0,1.6158328290337283,1
15:22:06.764486,78,-0.0616463496964375,3.0819065671018198,-0.3092839325720958,-0.6263600167294499,15.519999653100967,1.0,1.8199957385733168,1
15:22:06.764486,78,-0.0976528322830646,3.254117895294797,-0.4587828867750933,-0.6263600167294499,6.239999860525131,0.6239999860525132,1.9425246237361509,1
15:22:06.764486,78,-0.0943495559996458,3.1440417181306044,-0.3155983963342602,-0.6263600167294499,22.75999949127436,1.0,1.172026441050188,1
15:22:06.764486,78,-0.092461818738443,3.0811360198556312,-0.3092839325720958,-0.6263600167294499,17.23999961465597,1.0,1.3412903153253242,1
15:22:06.764486,78,-0.1301885855577187,3.2529786787375694,-0.4587828867750933,-0.6263600167294499,6.239999860525131,0.6239999860525132,1.6286733186786668,1
15:22:06.764486,78,-0.0651073138069957,3.2549317027887974,-0.4587828867750933,-0.6263600167294499,5.999999865889549,0.5999999865889549,2.3433672256743012,1
15:22:06.764486,78,-0.0314540457326649,3.1452997960560167,-0.3155983963342602,-0.6263600167294499,16.519999630749226,1.0,2.144402563168491,1
15:22:06.764486,78,-0.281731063841815,3.121888724473658,-0.4098059437130297,-0.904680024163099,15.519999653100967,1.0,0.16637839057311338,1
15:22:06.764486,78,-0.2701125095239882,2.9931424185999336,-0.4235133636567282,-0.5566400148672983,24.879999443888664,1.0,0.1369300975736296,1
15:22:06.764486,78,-0.4174083200749596,2.9619835124404776,-0.5134684424406348,-0.7655200204462744,38.1199991479516,1.0,0.7205297863329314,1
15:22:06.764486,78,-0.4111880864013673,2.917843928492082,-0.3852402730657797,-0.7655200204462744,39.11999912559986,1.0,1.1679883307451027,1
15:22:06.764486,78,-0.456285679534243,3.0190560198327185,-0.5241269307021703,-0.904680024163099,16.119999639689922,1.0,1.2592939505653253,1
15:22:06.764486,78,-0.4470067906347409,2.9576614009658813,-0.5134684424406348,-0.7655200204462744,36.63999918103218,1.0,1.0578438080343016,1
15:22:06.764486,78,-0.4403454794971686,2.9135862252768376,-0.3852402730657797,-0.7655200204462744,36.999999172985554,1.0,1.4947682510734834,1
15:22:06.764486,78,-0.4260728090913426,3.023467848942537,-0.5241269307021703,-0.904680024163099,17.999999597668648,1.0,0.870299101274365,1
15:22:06.764486,78,-0.4765605608899614,2.9530435258291194,-0.5134684424406348,-0.7655200204462744,32.99999926239252,1.0,1.465583011930134,1
15:22:06.764486,78,-0.4985252518401872,2.90419720520391,-0.3852402730657797,-0.7655200204462744,27.639999382197857,1.0,2.3572541262987503,1
15:22:06.764486,78,-0.5345761629579449,2.9377235737671765,-0.5433547691418661,-0.7655200204462744,23.87999946624041,1.0,2.4146049469774606,1
15:22:06.764486,78,-0.5275418131589132,2.8990668272403672,-0.3852402730657797,-0.7655200204462744,22.879999488592148,1.0,2.891576192893212,1
15:22:06.764486,78,-0.5639261798366557,2.932231016404585,-0.5433547691418661,-0.7655200204462744,19.879999555647373,1.0,3.0173420778286415,1
15:22:06.764486,78,-0.5565056207382982,2.893646545022941,-0.3852402730657797,-0.7655200204462744,18.759999580681324,1.0,3.493680896193949,1
15:22:06.764486,78,-0.5932198045698409,2.926445238396979,-0.5433547691418661,-0.7655200204462744,16.639999628067017,1.0,3.687354815739574,1
15:22:06.764486,78,-0.2760942145613105,3.0594262612635483,-0.4016065839851218,-0.5566400148672983,25.11999943852425,1.0,0.027175769774113574,1
15:22:06.764486,78,-0.4694588384139421,2.909037165880071,-0.3852402730657797,-0.7655200204462744,32.63999927043915,1.0,1.8914193789830116,1
15:22:06.764486,78,-0.5060666754883557,2.9481303488138364,-0.5134684424406348,-0.7655200204462744,28.359999366104603,1.0,1.943038949898391,1
15:22:06.764486,78,-0.3481655546901903,2.8874396774745823,-0.0290845159837961,-0.904680024163099,22.63999949395657,1.0,3.721338167792714,1
15:22:06.764486,78,-0.2648427960369834,2.934748222049693,-0.3852402730657797,-0.904680024163099,25.23999943584204,1.0,0.605571424273783,1
15:22:06.764486,78,-0.3328895126184004,2.7607509531057794,0.0834474836622485,-0.974120026017772,13.519999697804453,1.0,7.750011625019762,1
15:22:06.764486,78,-0.3441083301688569,3.115630122051974,-0.4098059437130297,-0.904680024163099,11.759999737143517,1.0,0.4514741248905416,1
15:22:06.764486,78,-0.3299173450827098,2.987141920170045,-0.4235133636567282,-0.5566400148672983,29.35999934375286,1.0,0.21601641327528726,1
15:22:06.764486,78,-0.3234808794556901,2.928864789310544,-0.3852402730657797,-0.904680024163099,30.119999326765537,1.0,0.6136141436217745,1
15:22:06.764486,78,-0.3752469061515618,3.1120333159773343,-0.4098059437130297,-0.904680024163099,9.119999796152117,0.9119999796152116,0.7109780573441532,1
15:22:06.764486,78,-0.3367657117186936,3.049148490506359,-0.4323045801016619,-0.904680024163099,23.9999994635582,1.0,0.17796763105917676,1
15:22:06.764486,78,-0.3580891215047612,2.969738745192408,-0.5134684424406348,-0.6958000185841229,33.7599992454052,1.0,0.25996495662923763,1
15:22:06.764486,78,-0.3527528646440187,2.925483592488934,-0.3852402730657797,-0.904680024163099,34.879999220371246,1.0,0.726746939980259,1
15:22:06.764486,78,-0.3122061728637476,2.826781194130164,0.0853446990977759,-0.974120026017772,19.119999572634697,1.0,6.166169113917352,1
15:22:06.764486,78,-0.449108431095881,3.186931606837925,-1.4760353328761004,-0.0697200018621515,11.359999746084211,1.0,13.235811940575497,1
15:22:06.764486,78,-0.4063479577580339,3.108125309178361,-0.4098059437130297,-0.904680024163099,7.35999983549118,0.735999983549118,1.047458987239265,1
15:22:06.764486,78,-0.3958173317244973,3.027577333800526,-0.5241269307021703,-0.904680024163099,20.119999550282955,1.0,0.5540215041983428,1
15:22:06.764486,78,-0.3819895748414194,2.921809849759049,-0.3852402730657797,-0.7655200204462744,38.239999145269394,1.0,0.9117581663013268,1
15:22:06.764486,78,-0.3672398496088647,3.045628433444544,-0.4323045801016619,-0.904680024163099,22.239999502897263,1.0,0.3770518348465735,1
15:22:06.764486,78,-0.3877681090328758,2.966009428045383,-0.5134684424406348,-0.6958000185841229,37.11999917030335,1.0,0.454340237102206,1
15:22:06.823395,79,-0.2104853350293984,2.797899457378603,0.8429864196313321,-0.4872000130126253,10.239999771118164,1.0,0.7975506331076415,1
15:22:06.823395,79,-0.2156004343687619,2.8901481845652413,0.9053928395640192,-0.4872000130126253,16.119999639689922,1.0,0.7911725374463231,1
15:22:06.823395,79,-0.2202119533728976,2.9601889788528912,0.912668212135182,-0.4872000130126253,16.639999628067017,1.0,2.564902449621426,1
15:22:06.823395,79,-0.2246179339346487,3.019416168386287,0.8909129774709039,-0.4872000130126253,8.51999980956316,0.851999980956316,5.0324958961314135,1
15:22:06.823395,79,-0.1705358238246467,2.7642095472102763,1.3476876182148003,-0.8349600223009475,32.51999927312136,1.0,1.3732369347950555,1
15:22:06.823395,79,-0.1667448069168499,2.7027610791104437,1.3621885436687724,-0.8349600223009475,37.11999917030335,1.0,2.4064740254664123,1
15:22:06.823395,79,-0.1804551069031989,2.7997875704177195,0.8424805012672825,-0.4872000130126253,9.63999978452921,0.963999978452921,1.273474929228756,1
15:22:06.823395,79,-0.1989153459175885,2.76242522024871,1.3481657271831853,-0.8349600223009475,40.8799990862608,1.0,1.0236196362396575,1
15:22:06.823395,79,-0.1848404280847264,2.892082181493408,0.9048746266489528,-0.4872000130126253,15.359999656677246,1.0,0.8882476139281728,1
15:22:06.823395,79,-0.162953790009053,2.6413126110106107,1.3766894691227445,-0.904680024163099,22.879999488592148,1.0,4.412425959136544,1
15:22:06.823395,79,-0.1900715567044877,2.6396076153417734,1.377146321335308,-0.904680024163099,26.75999940186739,1.0,3.668407078319647,1
15:22:06.823395,79,-0.2516078703147409,2.957910245149071,0.9132787969908864,-0.4872000130126253,12.359999723732471,1.0,2.9266116888082845,1
15:22:06.823395,79,-0.2463388807899909,2.887917170449843,0.9059906379945426,-0.4872000130126253,14.879999667406082,1.0,0.8702241361784385,1
15:22:06.823395,79,-0.2401680793492244,2.784004725996779,0.8155748844655699,-0.4872000130126253,10.87999975681305,1.0,0.7552553590832255,1
15:22:06.823395,79,-0.232327306762138,2.8217299070257718,1.334239226203399,-0.8349600223009475,24.51999945193529,1.0,1.1943837351856748,1
15:22:06.823395,79,-0.22727497664259,2.760366861944327,1.3487172626285786,-0.8349600223009475,50.23999887704849,1.0,0.829406702770076,1
15:22:06.823395,79,-0.2222226465230421,2.699003816862883,1.3631952990537584,-0.8349600223009475,60.87999863922596,1.0,1.4561766479394747,1
15:22:06.823395,79,-0.2171703164034941,2.6376407717814394,1.377673335478938,-0.904680024163099,29.999999329447743,1.0,3.074693570693842,1
15:22:06.823395,79,-0.3451557828819757,3.0062976804640984,-0.0716576893974152,-0.6263600167294499,6.239999860525131,0.6239999860525132,11.958077800815113,1
15:22:06.823395,79,-0.3327819504307989,2.8490713519781226,-0.181940842157819,-1.1132800297345966,10.119999773800371,1.0,13.231634234081685,1
15:22:06.823395,79,-0.2886404370836815,3.014458308072738,0.8922414321381056,-0.4872000130126253,4.999999888241291,0.4999999888241291,6.405184461889695,1
15:22:06.823395,79,-0.1887940154202108,2.9621643424119464,0.9121389150647754,-0.4872000130126253,18.519999586045746,1.0,2.3813122867945546,1
15:22:06.823395,79,-0.2566420175025329,3.017091841987561,0.8915357788523885,-0.4872000130126253,6.6399998515844345,0.6639999851584435,5.630263542111612,1
15:22:06.823395,79,-0.1925713887615563,3.02143105483822,0.8903730902732678,-0.4872000130126253,10.119999773800371,1.0,4.615572389266573,1
15:22:06.823395,79,-0.0629049460871088,2.9559877061339104,0.8812139790046116,-0.4872000130126253,7.519999831914902,0.7519999831914902,3.3847099772120313,1
15:22:06.823395,79,-0.1389794881816689,2.7042376263438186,1.3617929040300032,-0.904680024163099,28.359999366104603,1.0,3.113615455581835,1
15:22:06.823395,79,-0.2829786266803499,2.955328369171947,0.913970608573914,-0.4872000130126253,8.51999980956316,0.851999980956316,3.4629137984119662,1
15:22:06.823395,79,0.0,2.9565953414952437,0.8810511636002496,-0.4872000130126253,4.999999888241291,0.4999999888241291,5.229447075747375,1
15:22:06.823395,79,0.0,2.908260609442462,0.9324677338418116,-0.4872000130126253,7.759999826550484,0.7759999826550483,5.140545039968703,1
15:22:06.823395,79,-0.0319723811997479,2.9800042645775315,0.7687593299276572,-0.4872000130126253,5.639999873936176,0.5639999873936177,4.749000571839367,1
15:22:06.823395,79,-0.0314540457326649,2.956443428857126,0.8810918684689535,-0.4872000130126253,5.999999865889549,0.5999999865889549,4.207140139666006,1
15:22:06.823395,79,-0.0308541022091607,2.9081115943331444,0.9325076623200136,-0.4872000130126253,8.639999806880951,0.8639999806880951,3.977277214406177,1
15:22:06.823395,79,-0.0639415651881623,2.97954103193802,0.7688834527393218,-0.4872000130126253,6.7599998489022255,0.6759999848902225,3.9388526074760466,1
15:22:06.823395,79,-0.0616463496964375,2.8968445752796685,0.9035985470798852,-0.4872000130126253,9.63999978452921,0.963999978452921,3.1047265989339454,1
15:22:06.823395,79,-0.0962372932608487,3.0143561540007733,0.8590369866101961,-0.4872000130126253,8.119999818503857,0.8119999818503857,4.090659307210301,1
15:22:06.823395,79,-0.0943495559996458,2.955228218897486,0.8814174829962731,-0.4872000130126253,9.759999781847,0.9759999781847,2.758687694401824,1
15:22:06.823395,79,-0.092461818738443,2.8961002837942,0.9037979793823498,-0.4872000130126253,10.639999762177467,1.0,2.2697049077618616,1
15:22:06.823395,79,-0.083409935112547,2.7063858147770943,1.3612172986741171,-0.904680024163099,17.23999961465597,1.0,5.005251300409666,1
15:22:06.823395,79,-0.1283014203952189,3.0132717062753227,0.8593275635024644,-0.4872000130126253,9.63999978452921,0.963999978452921,3.8790297606458246,1
15:22:06.823395,79,-0.125784731035629,2.954165043095941,0.8817023600937093,-0.4872000130126253,12.759999714791777,1.0,2.3255925179877397,1
15:22:06.823395,79,-0.1232680416760391,2.895058379916561,0.9040771566849544,-0.4872000130126253,11.759999737143517,1.0,1.6241723434701811,1
15:22:06.823395,79,-0.1203435193744593,2.8026931588227035,0.8417019512006296,-0.4872000130126253,8.51999980956316,0.851999980956316,2.7641658899329427,1
15:22:06.823395,79,-0.1137284589540034,2.766955420800904,1.346951863603674,-0.8349600223009475,20.51999954134226,1.0,2.549978879451741,1
15:22:06.823395,79,-0.1112002716141068,2.705445911841882,1.3614691449065708,-0.904680024163099,21.99999950826168,1.0,3.9789854370355697,1
15:22:06.823395,79,-0.1603527174950406,3.011877602255664,0.8597011125486971,-0.4872000130126253,10.519999764859676,1.0,3.860092192887702,1
15:22:06.823395,79,-0.1572073277038912,2.952798285045965,0.8820685818094491,-0.4872000130126253,16.359999634325504,1.0,2.08193356083514,1
15:22:06.823395,79,-0.1540619379127418,2.893718967836268,0.9044360510702012,-0.4872000130126253,13.35999970138073,1.0,1.1647992714386561,1
15:22:06.823395,79,-0.1504068334174945,2.801385524163765,0.8420523308514871,-0.4872000130126253,8.999999798834324,0.8999999798834324,1.9279637100196139,1
15:22:06.823395,79,-0.1421392482921974,2.765719664397825,1.3472829835339204,-0.8349600223009475,25.75999942421913,1.0,1.8810833773284297,1
15:22:06.823395,79,-0.1358197280711403,2.642755588289812,1.376302824526086,-0.904680024163099,19.239999569952488,1.0,5.3092869165681895,1
15:22:06.823395,79,-0.2770526935295238,2.8853893622467544,0.9066679621611812,-0.4872000130126253,12.359999723732471,1.0,1.12204911077567,1
15:22:06.823395,79,-0.1944934513110381,2.7010164177952416,1.3626560242592465,-0.8349600223009475,48.35999891906977,1.0,1.8548873732840776,1
15:22:06.823395,79,-0.2918867109839139,2.6723050926087115,0.7331588333982602,-0.6958000185841229,14.879999667406082,1.0,3.472611273347205,1
15:22:06.823395,79,-0.3790162131412265,2.662583726792465,0.7357636655180511,-0.6958000185841229,20.87999953329563,1.0,3.1563483855330507,1
15:22:06.823395,79,-0.3481655546901903,2.7815249296702818,1.2245821347510324,-0.8349600223009475,30.759999312460423,1.0,1.347702214498701,1
15:22:06.823395,79,-0.3404579028675427,2.7493976425729088,1.3516564561007498,-0.8349600223009475,51.99999883770943,1.0,1.5500125710663006,1
15:22:06.823395,79,-0.3324400780701536,2.706256516190697,1.4475653900383805,-0.8349600223009475,50.87999886274338,1.0,1.8099911698826663,1
15:22:06.823395,79,-0.3248819059141732,2.6447285777834137,1.460125235142648,-0.904680024163099,26.359999410808086,1.0,2.169248442322977,1
15:22:06.823395,79,-0.4286567482700213,2.8342134318930388,0.8248010694511614,-0.7655200204462744,4.999999888241291,0.4999999888241291,3.5365048360362583,1
15:22:06.823395,79,-0.4174083200749596,2.7281609597459013,0.7374098261629141,-0.6958000185841229,12.11999972909689,1.0,2.4026187894758113,1
15:22:06.823395,79,-0.407987446938395,2.658782759399368,0.7367821316614882,-0.6958000185841229,21.7599995136261,1.0,3.3705163309490693,1
15:22:06.823395,79,-0.3765697103968153,2.7445849573149563,1.1140983582307895,-0.8349600223009475,28.999999351799488,1.0,1.0700390278132355,1
15:22:06.823395,79,-0.3686755873662869,2.7459727623462284,1.3525741499916624,-0.8349600223009475,42.9999990388751,1.0,2.090379139605022,1
15:22:06.823395,79,-0.3599932326854868,2.70291229230766,1.4484614721271492,-0.8349600223009475,39.35999912023544,1.0,2.221234262882761,1
15:22:06.823395,79,-0.3518086273773066,2.6414603863089328,1.4610009444089456,-0.904680024163099,22.51999949663877,1.0,2.371155966634304,1
15:22:06.823395,79,-0.4470067906347409,2.723986120648489,0.7385284709275959,-0.6958000185841229,11.639999739825726,1.0,3.0300276514213556,1
15:22:06.823395,79,-0.4376910807475424,2.66721771137962,0.7648177869782811,-0.6958000185841229,21.51999951899052,1.0,3.305287788625441,1
15:22:06.823395,79,-0.4340976314802177,2.736754251244234,1.116196589598605,-0.8349600223009475,26.239999413490292,1.0,2.445872178429028,1
15:22:06.823395,79,-0.41498879315865,2.695426291403237,1.450467340024028,-0.8349600223009475,30.35999932140112,1.0,3.4443777683675902,1
15:22:06.823395,79,-0.4055538394680372,2.6341445829448418,1.4629612080123384,-0.904680024163099,18.999999575316902,1.0,3.1708870924987007,1
15:22:06.823395,79,-0.4765605608899614,2.719525595791312,0.7397236649608951,-0.7655200204462744,11.119999751448631,1.0,3.810642515395743,1
15:22:06.823395,79,-0.4666289445880537,2.662850144742284,0.7659880729316442,-0.7655200204462744,20.359999544918537,1.0,3.8780674410311367,1
15:22:06.823395,79,-0.453096169099398,2.734065311096884,1.3557647419378371,-0.974120026017772,27.759999379515648,1.0,4.530807056936959,1
15:22:06.823395,79,-0.442425699506508,2.6912852629756703,1.4515769252470287,-0.8349600223009475,23.639999471604824,1.0,4.25092841296679,1
15:22:06.823395,79,-0.4955201459250481,2.6582032828459004,0.7672331958241192,-0.7655200204462744,18.639999583363533,1.0,4.599208212103964,1
15:22:06.823395,79,-0.46981836365508,2.686879425856345,1.452757465745135,-0.8349600223009475,18.759999580681324,1.0,5.183909522866331,1
15:22:06.823395,79,-0.3877681090328758,2.7320496956031395,0.7363678425303892,-0.6958000185841229,12.359999723732471,1.0,1.9315002398194139,1
15:22:06.823395,79,-0.3982177850958922,2.838206962417647,0.8237310061721437,-0.7655200204462744,6.11999986320734,0.611999986320734,2.6294889558294243,1
15:22:06.823395,79,-0.3968564046151714,2.7422754960087383,1.3535648295209954,-0.8349600223009475,34.639999225735664,1.0,2.7691787974435558,1
15:22:06.823395,79,-0.3051589506291745,2.6976217862515286,1.3923492381249227,-0.8349600223009475,62.99999859184027,1.0,1.2409826738981873,1
15:22:06.823395,79,-0.2979226965326347,2.647736518033567,1.4593192599817386,-0.904680024163099,29.759999334812164,1.0,2.102701872505448,1
15:22:06.823395,79,-0.2613594863232563,2.812519940678388,1.3066055554069227,-0.8349600223009475,27.519999384880062,1.0,1.055729721809733,1
15:22:06.823395,79,-0.2556118800603384,2.7580346781312333,1.349342169397898,-0.8349600223009475,58.23999869823456,1.0,0.7877699185474647,1
15:22:06.823395,79,-0.249929619656572,2.6967234775717746,1.3638063141252796,-0.8349600223009475,70.23999843001366,1.0,1.207659282097305,1
15:22:06.823395,79,-0.2442473592528056,2.635412277012316,1.3782704588526615,-0.904680024163099,31.87999928742647,1.0,2.6287447534761346,1
15:22:06.823395,79,-0.3143210854203707,2.9524436091069544,0.9147435777036864,-0.4872000130126253,5.879999868571758,0.5879999868571758,4.170281343072289,1
15:22:06.823395,79,-0.3372234422659134,2.845311015814477,0.8218274808014754,-0.7655200204462744,9.759999781847,0.9759999781847,1.294121651648536,1
15:22:06.823395,79,-0.3299173450827098,2.775744203113174,0.8177882849012907,-0.4872000130126253,11.879999734461308,1.0,0.7088974830639945,1
15:22:06.823395,79,-0.2903509814870462,2.7876927312552358,1.2229294772972683,-0.8349600223009475,29.999999329447743,1.0,0.5389552426466362,1
15:22:06.823395,79,-0.3209629425247737,2.669345231469538,0.7339519258002101,-0.6958000185841229,17.11999961733818,1.0,3.204461166004225,1
15:22:06.823395,79,-0.3192742316664574,2.78474844309656,1.22371839693167,-0.8349600223009475,31.119999304413795,1.0,0.868713051723718,1
15:22:06.823395,79,-0.3500070780402841,2.6661046681795844,0.7348202321167752,-0.6958000185841229,19.239999569952488,1.0,3.100018879152552,1
15:22:06.823395,79,-0.3122061728637476,2.752549794203626,1.350811839616879,-0.8349600223009475,59.35999867320061,1.0,1.1509032756749622,1
15:22:06.823395,79,-0.3677390004768806,2.841906280367691,0.8227397769148834,-0.7655200204462744,7.639999829232693,0.7639999829232693,1.8809256485543608,1
15:22:06.823395,79,-0.3597717700332164,2.7724132327874904,0.8186808157100698,-0.4872000130126253,12.23999972641468,1.0,1.0246237581264688,1
15:22:06.823395,79,-0.2712049996270697,2.6390403016297066,1.4054275492288966,-0.904680024163099,31.75999929010868,1.0,2.23511921650999,1
15:22:06.823395,79,-0.2775144124919569,2.7004359058883107,1.3915951970408422,-0.8349600223009475,71.11999841034412,1.0,1.1660635709583373,1
15:22:06.823395,79,-0.2839232225042327,2.7554289020258578,1.3500403850009897,-0.8349600223009475,61.99999861419201,1.0,0.8958790526222746,1
15:22:06.823395,79,-0.2701125095239882,2.78154023951721,0.8162352416275278,-0.4872000130126253,11.359999746084211,1.0,0.5710660005182056,1
15:22:06.874062,80,-0.1985175284916484,2.7863621526689166,1.4594215352216833,-0.8349600223009475,44.75999899953604,1.0,2.7233587982155343,1
15:22:06.874062,80,-0.2286766523590806,2.620396818620814,0.7587906883909454,-0.6958000185841229,16.119999639689922,1.0,2.846125966082376,1
15:22:06.874062,80,-0.1941044773794098,2.7244212314295497,1.4714386120680865,-0.8349600223009475,84.87999810278416,1.0,0.7678617425879186,1
15:22:06.874062,80,-0.1898149408575356,2.657160141947768,1.4567942075641536,-0.8349600223009475,74.87999832630157,1.0,0.815957917222297,1
15:22:06.874062,80,-0.1853990162564361,2.595342991059236,1.469431546919213,-0.8349600223009475,25.999999418854717,1.0,2.958935232320264,1
15:22:06.874062,80,-0.26065887661718,2.622116116689011,0.6260047590807576,-0.6958000185841229,6.6399998515844345,0.6639999851584435,3.2631946514474546,1
15:22:06.874062,80,-0.2571883183045299,2.61805025150224,0.7594194491553525,-0.6958000185841229,18.35999958962202,1.0,2.4662836272977007,1
15:22:06.874062,80,-0.221778216050282,2.722412655564833,1.471976808348974,-0.8349600223009475,89.63999799638987,1.0,0.6418177482948175,1
15:22:06.874062,80,-0.2168771144871054,2.65519595382539,1.4573205101853275,-0.8349600223009475,82.99999814480543,1.0,0.631320803604019,1
15:22:06.874062,80,-0.2118316055247847,2.593424498531797,1.4699456054426254,-0.8349600223009475,27.759999379515648,1.0,2.7342806628079237,1
15:22:06.874062,80,-0.3155662907480064,2.662767382128704,-0.2142933824561215,-0.1391600037168245,8.119999818503857,0.8119999818503857,13.237072443386491,1
15:22:06.874062,80,-0.2317624676946515,2.6244943489239225,0.6253675136739996,-0.6958000185841229,5.879999868571758,0.5879999868571758,3.7037822964881486,1
15:22:06.874062,80,-0.2895292198704269,2.6194588901462432,0.6267167607869988,-0.6958000185841229,7.519999831914902,0.7519999831914902,2.9818211917821307,1
15:22:06.874062,80,-0.2268204418465366,2.784307910943868,1.4599719676329683,-0.8349600223009475,47.63999893516302,1.0,2.6422782522347545,1
15:22:06.874062,80,-0.1589478872417894,2.5970060727175577,1.4689859255319186,-0.8349600223009475,23.23999948054552,1.0,3.3241714505896285,1
15:22:06.874062,80,-0.0832973232546013,2.7243394405885573,1.4427200850491808,-0.904680024163099,29.11999934911728,1.0,2.582109267807632,1
15:22:06.874062,80,-0.1664113284234207,2.726162403538474,1.4709720664076165,-0.8349600223009475,69.35999844968319,1.0,1.0296510502694218,1
15:22:06.874062,80,-0.2861798134683198,2.627708080124779,0.7864826273977592,-0.6958000185841229,20.359999544918537,1.0,1.7660981086796415,1
15:22:06.874062,80,-0.0277694768915355,2.7254122992338137,1.4424326134415917,-0.904680024163099,17.519999608397484,1.0,4.386964258440798,1
15:22:06.874062,80,-0.0567618568028348,2.7925279609073583,1.4577694118835076,-0.8349600223009475,16.239999637007713,1.0,5.143163057453245,1
15:22:06.874062,80,-0.0555361768586472,2.7250099604778124,1.4425404197863458,-0.904680024163099,22.359999500215054,1.0,3.4144079786300887,1
15:22:06.874062,80,-0.054273537323669,2.663055654223239,1.4552145098109732,-0.904680024163099,20.359999544918537,1.0,3.8323975892091178,1
15:22:06.874062,80,-0.0851911247268707,2.7862785022769923,1.4300500797937388,-0.8349600223009475,20.239999547600743,1.0,4.172112935015678,1
15:22:06.874062,80,-0.0814035217823319,2.6624003789001227,1.4553900903046224,-0.904680024163099,26.239999413490292,1.0,2.9477928393848,1
15:22:06.874062,80,-0.1135749140190165,2.785318528047582,1.430307304113264,-0.8349600223009475,25.23999943584204,1.0,3.532659957295395,1
15:22:06.874062,80,-0.1110501399880165,2.723400806617476,1.4429715912637204,-0.8349600223009475,38.87999913096428,1.0,1.8892297182718871,1
15:22:06.874062,80,-0.1085253659570164,2.661483085187369,1.455635878414177,-0.904680024163099,34.35999923199415,1.0,2.2045624428667505,1
15:22:06.874062,80,-0.1419473459149135,2.7840844400407723,1.4306379769980777,-0.8349600223009475,31.5199992954731,1.0,3.0296030711420423,1
15:22:06.874062,80,-0.1387918518004708,2.722194152427178,1.4432949132795545,-0.8349600223009475,52.51999882608652,1.0,1.3349845298914789,1
15:22:06.874062,80,-0.135636357686028,2.660303864813584,1.455951849561031,-0.8349600223009475,45.759998977184296,1.0,1.601965029202075,1
15:22:06.874062,80,-0.1326599679606117,2.581273550235805,1.3908127450221688,-0.8349600223009475,20.239999547600743,1.0,4.691147595563411,1
15:22:06.874062,80,-0.1703055831951427,2.782576361664331,1.4310420653811675,-0.8349600223009475,38.519999139010906,1.0,2.662170229874262,1
15:22:06.874062,80,-0.1627337858929072,2.658862835699816,1.456337972148335,-0.8349600223009475,60.11999865621328,1.0,1.1393100037800274,1
15:22:06.874062,80,-0.2551006733472704,2.781980391342865,1.4605956246304248,-0.8349600223009475,45.87999897450209,1.0,2.693958536827723,1
15:22:06.874062,80,-0.3246705018205625,2.650056835376163,1.4867845489580946,-0.8349600223009475,37.11999917030335,1.0,1.310652147303171,1
15:22:06.874062,80,-0.2439176005869262,2.652970467749848,1.4579168273820358,-0.8349600223009475,78.35999824851751,1.0,0.5848624873620412,1
15:22:06.874062,80,-0.4024364597622198,2.6608488594773734,0.8966862203030028,-0.6958000185841229,17.999999597668648,1.0,1.6690323416943231,1
15:22:06.874062,80,-0.3679382607789568,2.769942598585007,1.463821141478546,-0.8349600223009475,21.239999525249004,1.0,4.218379819823891,1
15:22:06.874062,80,-0.3597589812800484,2.70836668456673,1.4757404149348263,-0.8349600223009475,25.999999418854717,1.0,2.029862304693037,1
15:22:06.874062,80,-0.249429777085355,2.7201368768002285,1.4725866014311015,-0.8349600223009475,79.51999822258949,1.0,0.650951681268543,1
15:22:06.874062,80,-0.3434004222822318,2.585214856530177,1.4995789618473876,-0.8349600223009475,17.759999603033066,1.0,3.6013935501290506,1
15:22:06.874062,80,-0.4369178823326818,2.6547021460938485,0.7378755287013259,-0.6958000185841229,8.759999804198742,0.8759999804198741,2.8138015041871283,1
15:22:06.874062,80,-0.407987446938395,2.658782759399368,0.7367821316614882,-0.6958000185841229,9.239999793469906,0.9239999793469906,2.248494348102275,1
15:22:06.874062,80,-0.4309732740363473,2.6568237660960574,0.8977647408239862,-0.6958000185841229,15.75999964773655,1.0,2.2866122607543584,1
15:22:06.874062,80,-0.414718755560128,2.7008855548823014,1.4777449775922418,-0.8349600223009475,20.119999550282955,1.0,3.5197250862386253,1
15:22:06.874062,80,-0.4052899412937088,2.6394797276550164,1.4896186764302328,-0.8349600223009475,21.51999951899052,1.0,3.257428063827515,1
15:22:06.874062,80,-0.4666289445880537,2.662850144742284,0.7659880729316442,-0.6263600167294499,8.119999818503857,0.8119999818503857,3.4926372213777466,1
15:22:06.874062,80,-0.4594669913441409,2.652523234108863,0.8989170648969793,-0.6958000185841229,13.35999970138073,1.0,3.052637894193344,1
15:22:06.874062,80,-0.4320856098667473,2.6354354806874545,1.490702329139183,-0.8349600223009475,16.8799996227026,1.0,4.176717634906281,1
15:22:06.874062,80,-0.4955201459250481,2.6582032828459004,0.7672331958241192,-0.6263600167294499,7.35999983549118,0.735999983549118,4.37433999869262,1
15:22:06.874062,80,-0.4241475698265471,2.762291382109586,1.4658712787542507,-0.8349600223009475,16.99999962002039,1.0,5.765936632290863,1
15:22:06.874062,80,-0.3171172478471737,2.588404938424424,1.4987241819800348,-0.8349600223009475,20.87999953329563,1.0,3.1186806209755087,1
15:22:06.874062,80,-0.3515797017811401,2.646790770548453,1.487659688391107,-0.8349600223009475,27.99999937415123,1.0,1.8242002147947793,1
15:22:06.874062,80,-0.3190666186665259,2.630124351697817,0.653916314307625,-0.6263600167294499,8.359999813139439,0.8359999813139438,2.362076888992772,1
15:22:06.874062,80,-0.2382430118100534,2.591250786982886,1.470528049696734,-0.8349600223009475,27.87999937683344,1.0,2.649701074670676,1
15:22:06.874062,80,-0.3322237557939512,2.711708732327903,1.474844915936154,-0.8349600223009475,34.51999922841787,1.0,1.4845793426775695,1
15:22:06.874062,80,-0.3146875536483223,2.6248060894659866,0.7872602134512252,-0.6958000185841229,21.51999951899052,1.0,1.7158896978218834,1
15:22:06.874062,80,-0.2833553949943931,2.779379826615917,1.4612924438488752,-0.8349600223009475,40.3599990978837,1.0,2.8778598844274503,1
15:22:06.874062,80,-0.277056395351692,2.717594122711706,1.473267930335672,-0.8349600223009475,62.35999860614538,1.0,0.7947515326884391,1
15:22:06.874062,80,-0.2646305939937413,2.588822073781837,1.471178821437602,-0.8349600223009475,26.519999407231808,1.0,2.704738646914848,1
15:22:06.874062,80,-0.3479391546612723,2.6269029344109267,0.6547794904681308,-0.6263600167294499,8.999999798834324,0.8999999798834324,2.4155850167878747,1
15:22:06.874062,80,-0.2707573957089909,2.655808418807495,1.485243416822469,-0.8349600223009475,64.63999855518341,1.0,0.6910605816498643,1
15:22:06.874062,80,-0.3115817813394118,2.7765064768173198,1.4620623556069816,-0.8349600223009475,33.2399992570281,1.0,3.193501582612199,1
15:22:06.874062,80,-0.3046553082106119,2.714784647572544,1.474020726930366,-0.8349600223009475,46.51999896019697,1.0,1.0727609266665903,1
15:22:06.874062,80,-0.2977288350818121,2.653062818327769,1.48597909825375,-0.8349600223009475,49.51999889314175,1.0,0.9328297888703594,1
15:22:06.874062,80,-0.2908023619530122,2.591340989082995,1.497937469577134,-0.8349600223009475,23.9999994635582,1.0,2.773708169223422,1
15:22:06.874062,80,-0.3790162131412265,2.662583726792465,0.7357636655180511,-0.6958000185841229,9.359999790787697,0.9359999790787696,1.8358127247070697,1
15:22:06.874062,80,-0.3733519437784236,2.653389630961706,0.8688480004972634,-0.6958000185841229,20.119999550282955,1.0,1.3047040557374208,1
15:22:06.874062,80,-0.33977700976734,2.773360629279643,1.4629052829142135,-0.8349600223009475,26.6399994045496,1.0,3.640462207098751,1
15:22:06.874062,80,-0.3431638253366056,2.6216288848761478,0.7881115428552612,-0.6958000185841229,21.359999522566795,1.0,1.819707723909704,1
15:22:06.922176,81,-0.1211045997388347,2.514829940178712,-0.3060937140038837,-1.948240052035544,11.639999739825726,1.0,6.479242263665222,1
15:22:06.922176,81,-0.119406779644002,2.741283803995144,0.7029529684901916,-0.6958000185841229,11.759999737143517,1.0,0.2844458714987429,1
15:22:06.922176,81,-0.1218854047239269,2.798186894489936,0.6760290927125581,-0.6958000185841229,7.879999823868275,0.7879999823868274,1.2767394855325434,1
15:22:06.922176,81,-0.0895655343061314,2.742293071158278,0.7026825361688827,-0.6958000185841229,11.239999748766422,1.0,0.5277463623634832,1
15:22:06.922176,81,-0.0914247200264893,2.7992171118445945,0.6757530468043487,-0.6958000185841229,8.119999818503857,0.8119999818503857,1.3605706399855169,1
15:22:06.922176,81,-0.0597153324898682,2.7430140483733614,0.7024893509063399,-0.6958000185841229,10.519999764859676,1.0,0.9772073827687928,1
15:22:06.922176,81,-0.1084547473531291,2.666800440444878,1.4822981135015465,-0.904680024163099,6.8799998462200165,0.6879999846220016,5.221042660141523,1
15:22:06.922176,81,-0.0298591591903856,2.743446663543277,0.7023734320209276,-0.6958000185841229,9.359999790787697,0.9359999790787696,1.6351800251331856,1
15:22:06.922176,81,-0.0302988935429393,2.759403274575658,0.5920296675587626,-0.6958000185841229,7.519999831914902,0.7519999831914902,1.65485160463246,1
15:22:06.922176,81,0.0,2.743590873406871,0.7023347911044369,-0.6958000185841229,8.239999815821648,0.8239999815821648,2.5040061347976748,1
15:22:06.922176,81,0.0,2.7595496082107416,0.5919904575794164,-0.6958000185841229,6.8799998462200165,0.6879999846220016,2.455422073620365,1
15:22:06.922176,81,0.0,2.4705384914596755,-0.2639879922236843,-1.878800050180871,4.999999888241291,0.4999999888241291,12.05402092318127,1
15:22:06.922176,81,-0.0605947572219088,2.758964288303648,0.5921472935758363,-0.6958000185841229,7.999999821186066,0.7999999821186066,1.069316467064954,1
15:22:06.922176,81,-0.1059316162193046,2.604759014106253,1.494342120608131,-0.8349600223009475,8.51999980956316,0.851999980956316,7.721469612969161,1
15:22:06.922176,81,-0.2435758188098442,2.7911257844549704,0.6779211114440944,-0.6958000185841229,5.759999871253967,0.5759999871253967,2.9891354355924107,1
15:22:06.922176,81,-0.1849604734185526,2.558439783873186,-0.3480168002681942,-1.878800050180871,14.6399996727705,1.0,5.40026688612825,1
15:22:06.922176,81,-0.3635246168783492,2.5612403283080174,0.8153708744512653,-0.6958000185841229,14.239999681711195,1.0,5.50980522215039,1
15:22:06.922176,81,-0.3297809107849779,2.5413026733491924,0.9171565170693292,-1.1132800297345966,8.759999804198742,0.8759999804198741,5.338440908132788,1
15:22:06.922176,81,-0.1892956056803051,2.628736386388438,-0.3644923214064812,-1.878800050180871,10.239999771118164,1.0,5.125672231433652,1
15:22:06.922176,81,-0.2688491963501227,2.744736259171609,0.7329684880674918,-0.6958000185841229,8.51999980956316,0.851999980956316,2.3321332723898873,1
15:22:06.922176,81,-0.1808653240426941,2.538598467711448,1.507489842607296,-0.8349600223009475,4.999999888241291,0.4999999888241291,9.627041933261797,1
15:22:06.922176,81,-0.2058190306699102,2.7281153141472188,0.8396878606349758,-0.6958000185841229,13.119999706745148,1.0,0.6377239663564308,1
15:22:06.922176,81,-0.3161662596945837,2.6600500872338277,0.8670633366179259,-0.6958000185841229,15.75999964773655,1.0,2.8874610511445242,1
15:22:06.922176,81,-0.1793673250763604,2.7512309048393924,0.7312282530056828,-0.6958000185841229,10.759999759495258,1.0,0.5930308440201673,1
15:22:06.922176,81,-0.182767163979616,2.795244078619638,0.6768176178484777,-0.6958000185841229,6.519999854266644,0.6519999854266645,1.7283645168352486,1
15:22:06.922176,81,-0.1495001823238702,2.752819226134049,0.7308026635974585,-0.6958000185841229,11.519999742507936,1.0,0.40786105159787533,1
15:22:06.922176,81,-0.1523339009830079,2.7968625059357017,0.6763839615561302,-0.6958000185841229,7.239999838173389,0.723999983817339,1.4001646825627416,1
15:22:06.922176,81,-0.2390448159390308,2.747189219275587,0.732311219388565,-0.6958000185841229,9.759999781847,0.9759999781847,1.5575553609114725,1
15:22:06.983509,82,-0.1439421715340532,2.673387006750088,0.8634897198040248,-0.6958000185841229,6.6399998515844345,0.6639999851584435,0.859232584666572,1
15:22:06.983509,82,-0.1627990860293494,2.4605854151846844,0.7121566060332611,-1.4613200390303973,30.63999931514263,1.0,0.9787771338859964,1
15:22:06.983509,82,-0.1347342927030686,2.5094783834663046,0.962711622570834,-0.974120026017772,28.519999362528324,1.0,0.9094973811593208,1
15:22:06.983509,82,-0.1326931442865943,2.575043169859537,1.3649991159905572,-0.7655200204462744,31.75999929010868,1.0,1.194168212781588,1
15:22:06.983509,82,-0.1295325939660795,2.513709530057762,1.3801238781496976,-0.7655200204462744,23.87999946624041,1.0,1.2315604486925655,1
15:22:06.983509,82,-0.1946329361637791,2.5278293250666843,0.7086266012421314,-1.4613200390303973,26.119999416172504,1.0,0.3078162476217713,1
15:22:06.983509,82,-0.1898911078407393,2.458882038193236,0.7126130245225255,-1.4613200390303973,38.239999145269394,1.0,0.7260478802934004,1
15:22:06.983509,82,-0.1616515063898096,2.508046938080124,0.9630951772060704,-0.974120026017772,36.999999172985554,1.0,0.5911427708756827,1
15:22:06.983509,82,-0.1857239491980094,2.551733668895944,1.2887737226516194,-0.7655200204462744,56.519998736679554,1.0,0.5305394208691392,1
15:22:06.983509,82,-0.223703711578021,2.5634120846418678,0.7857827767386407,-0.974120026017772,29.639999337494373,1.0,0.0514825473129209,1
15:22:06.983509,82,-0.2174384584323862,2.469666324951165,0.7378615387319432,-1.4613200390303973,47.63999893516302,1.0,0.44166980577506687,1
15:22:06.983509,82,-0.1885525550613433,2.5063555682860224,0.9635483783765022,-0.974120026017772,48.87999890744686,1.0,0.35262379368775276,1
15:22:06.983509,82,-0.1812730899167111,2.510707277678925,1.3809283292500814,-0.7655200204462744,31.119999304413795,1.0,0.6805471499413333,1
15:22:06.983509,82,-0.2515953455925609,2.561116547391008,0.7863978640912042,-0.974120026017772,32.239999279379845,1.0,0.0038678909045260883,1
15:22:06.983509,82,-0.246002372880592,2.5041828432797777,0.8133762790270556,-0.974120026017772,58.23999869823456,1.0,0.12455712400753849,1
15:22:06.983509,82,-0.159226461560042,2.553399665294733,1.2883273202619707,-0.7655200204462744,42.23999905586243,1.0,0.7561407040500294,1
15:22:06.983509,82,-0.0796371227123609,2.5770941910674936,1.3644495465142263,-0.7655200204462744,19.119999572634697,1.0,2.0142958119273398,1
15:22:06.983509,82,-0.1061704419771016,2.576196801982029,1.364690001194973,-0.7655200204462744,24.35999945551157,1.0,1.5659670370364596,1
15:22:06.983509,82,0.0581573659330578,2.377465178141011,-0.360821703185469,-0.6263600167294499,11.359999746084211,1.0,10.848782847401303,1
15:22:06.983509,82,0.029236888409894,2.6862726927132563,0.7294162262300465,-0.6958000185841229,6.7599998489022255,0.6759999848902225,4.351532213155192,1
15:22:06.983509,82,0.0,2.743590873406871,0.7023347911044369,-0.6263600167294499,5.359999880194664,0.5359999880194664,3.800798890628812,1
15:22:06.983509,82,0.0,2.6864138972147837,0.7293783905978946,-0.6958000185841229,7.1199998408555984,0.7119999840855599,3.531487532233305,1
15:22:06.983509,82,-0.0298591591903856,2.743446663543277,0.7023734320209276,-0.6263600167294499,5.359999880194664,0.5359999880194664,3.0782575031799886,1
15:22:06.983509,82,-0.029236888409894,2.6862726927132563,0.7294162262300465,-0.6958000185841229,7.35999983549118,0.735999983549118,2.8044419789334682,1
15:22:06.983509,82,-0.0908390479575567,2.515853557901134,-0.3063679915459647,-0.6263600167294499,11.239999748766422,1.0,4.068180219767792,1
15:22:06.983509,82,-0.0597153324898682,2.7430140483733614,0.7024893509063399,-0.6263600167294499,4.999999888241291,0.4999999888241291,2.451621635940241,1
15:22:06.983509,82,-0.0585743269952717,2.698419778286468,0.7564572183484091,-0.6958000185841229,7.239999838173389,0.723999983817339,2.230767255433763,1
15:22:06.983509,82,-0.0878541686901549,2.6977125770804866,0.7566467123404381,-0.6958000185841229,6.6399998515844345,0.6639999851584435,1.6931437978871833,1
15:22:06.983509,82,-0.2154347486353404,2.504404443219564,0.964071180762392,-0.974120026017772,64.11999856680632,1.0,0.1936387025061293,1
15:22:06.983509,82,-0.1171252250417733,2.6967225944014315,0.7569119773998116,-0.6263600167294499,5.519999876618385,0.5519999876618386,1.2478718365603279,1
15:22:06.983509,82,-0.1078036056999378,2.510649761301228,0.9623977528259346,-0.974120026017772,22.359999500215054,1.0,1.3079691653897907,1
15:22:06.983509,82,-0.1036416223743708,2.514835684405165,1.3798221260017582,-0.7655200204462744,20.119999550282955,1.0,1.6172422436714697,1
15:22:06.983509,82,-0.2122028645966568,2.549811813991331,1.2892886821212803,-0.7655200204462744,72.87999837100506,1.0,0.3810592341119529,1
15:22:06.983509,82,-0.1554106124069141,2.512333348610018,1.380492624857259,-0.7655200204462744,27.87999937683344,1.0,0.9194148947050247,1
15:22:06.983509,82,-0.3155662907480064,2.662767382128704,-0.2142933824561215,-0.0697200018621515,9.239999793469906,0.9239999793469906,1.5230316921566436,1
15:22:06.983509,82,-0.3931504646554276,2.592024674951491,0.8944281443026374,-0.974120026017772,23.75999946892261,1.0,1.172556204590041,1
15:22:06.983509,82,-0.3844107170446883,2.534403882159757,0.9190050425972892,-0.974120026017772,50.519998870790005,1.0,0.9435478040987397,1
15:22:06.983509,82,-0.3761815798447774,2.487255573905488,0.9686662064462056,-0.974120026017772,57.6399987116456,1.0,0.8905377898367238,1
15:22:06.983509,82,-0.3442262623967222,2.5363722826662016,1.2928897936865014,-0.7655200204462744,40.639999091625214,1.0,0.7638629002767897,1
15:22:06.983509,82,-0.3358929061946252,2.5018005072285425,1.4101433407665007,-0.7655200204462744,18.23999959230423,1.0,0.807984711129345,1
15:22:06.983509,82,-0.4216010685755259,2.599046869687059,0.9217346153788712,-0.974120026017772,20.239999547600743,1.0,1.7126476261591357,1
15:22:06.983509,82,-0.4122288631147045,2.541269973278059,0.945704489933756,-0.974120026017772,40.23999910056591,1.0,1.3960253332334691,1
15:22:06.983509,82,-0.4028566576538831,2.483493076869059,0.969674364488641,-0.974120026017772,43.239999033510685,1.0,1.2781790530709431,1
15:22:06.983509,82,-0.3705382226275763,2.5329202065970176,1.29381477468145,-0.7655200204462744,30.119999326765537,1.0,1.0638775256193522,1
15:22:06.983509,82,-0.4394832972045384,2.537156485229795,0.9468066957343636,-0.974120026017772,31.87999928742647,1.0,1.904653531723307,1
15:22:06.983509,82,-0.4294914501347372,2.479473110790261,0.9707515111530558,-0.974120026017772,32.51999927312136,1.0,1.7422334684996679,1
15:22:06.983509,82,-0.4225407816866667,2.494738889908966,1.1941351981497794,-0.974120026017772,22.879999488592148,1.0,1.720075544973683,1
15:22:06.983509,82,-0.4666937833328513,2.5327799496300165,0.9479793849139702,-0.974120026017772,25.359999433159828,1.0,2.491878659765592,1
15:22:06.983509,82,-0.2071174402693872,2.5088314798702145,1.3814309477580893,-0.7655200204462744,32.99999926239252,1.0,0.5146801577234706,1
15:22:06.983509,82,-0.4487022766783194,2.4905310740825795,1.1952626790023588,-0.974120026017772,17.759999603033066,1.0,2.2340768015048025,1
15:22:06.983509,82,-0.4955720591563411,2.5586990022884866,1.0268646111219708,-0.974120026017772,20.359999544918537,1.0,3.328870569981369,1
15:22:06.983509,82,-0.4826295295787988,2.470662405185003,0.9731123326047326,-0.974120026017772,19.519999563694,1.0,2.8976611352914228,1
15:22:06.983509,82,-0.3101843418709736,2.5049208466600907,1.4093072483357063,-0.7655200204462744,21.99999950826168,1.0,0.6127879693125842,1
15:22:06.983509,82,-0.3178798798280214,2.539570036355315,1.2920329581679098,-0.7655200204462744,54.87999877333641,1.0,0.537808988534832,1
15:22:06.983509,82,-0.456083293830406,2.475196077662332,0.9718975387256852,-0.974120026017772,24.879999443888664,1.0,2.2822254567868834,1
15:22:06.983509,82,-0.3554434528268403,2.5043038725429763,0.8417052184248905,-0.974120026017772,61.35999862849712,1.0,0.61181992304918,1
15:22:06.983509,82,-0.3494688841928524,2.490760225652995,0.9677271378407086,-0.974120026017772,74.5199983343482,1.0,0.5797667356063558,1
15:22:06.983509,82,-0.2799563741690689,2.5705643510314693,0.8128725100923069,-0.974120026017772,33.519999250769615,1.0,0.04158579525527035,1
15:22:06.983509,82,-0.2422953989149654,2.50219375799162,0.964663532083939,-0.974120026017772,80.51999820023775,1.0,0.11386570441278751,1
15:22:06.983509,82,-0.2386605598866281,2.5476342927647746,1.2898721471754375,-0.7655200204462744,85.23999809473753,1.0,0.3073874562565789,1
15:22:06.983509,82,-0.2329410790515596,2.5067061427620945,1.382000430119854,-0.7655200204462744,32.51999927312136,1.0,0.42151838454163687,1
15:22:06.983509,82,-0.3078441677902318,2.567725468816607,0.8136331862891863,-0.974120026017772,32.99999926239252,1.0,0.16647092617760118,1
15:22:06.983509,82,-0.3010007819321412,2.510644848167226,0.8400061591271475,-0.974120026017772,72.51999837905169,1.0,0.18301731362538798,1
15:22:06.983509,82,-0.2959413278439161,2.4969946172516493,0.9660566376465498,-0.974120026017772,91.11999796330927,1.0,0.19056959695252376,1
15:22:06.983509,82,-0.2732493749330356,2.50167502906955,0.8140482458194529,-0.974120026017772,67.75999848544598,1.0,0.13291634230264704,1
15:22:06.983509,82,-0.258741423920985,2.5043314788864963,1.382636719387616,-0.7655200204462744,29.879999332129955,1.0,0.4007479744512095,1
15:22:06.983509,82,-0.3357011772525278,2.564617357639285,0.8144660021691359,-0.974120026017772,30.63999931514263,1.0,0.37491574821142504,1
15:22:06.983509,82,-0.32823852916845,2.5076058304024214,0.8408204614830106,-0.974120026017772,69.99999843537807,1.0,0.3572546313352053,1
15:22:06.983509,82,-0.3227212419452934,2.4940066816493416,0.9668572525782242,-0.974120026017772,88.51999802142382,1.0,0.34630421164559666,1
15:22:06.983509,82,-0.2915017095376578,2.542513147891668,1.2912443538085094,-0.7655200204462744,71.75999839603901,1.0,0.38612263534182617,1
15:22:06.983509,82,-0.2845158948647921,2.501707725707817,1.3833397519329815,-0.7655200204462744,26.119999416172504,1.0,0.4520369097225825,1
15:22:06.983509,82,-0.449108431095881,2.6963134902690973,-0.250579243829041,-0.0697200018621515,6.7599998489022255,0.6759999848902225,3.5973507627417343,1
15:22:06.983509,82,-0.2650943893205609,2.545201322966573,1.290524059468075,-0.7655200204462744,84.75999810546637,1.0,0.30919221764137594,1
15:22:06.983509,82,-0.365232806613567,2.5956874153322307,0.8934467159755335,-0.974120026017772,27.359999388456345,1.0,0.7857959842110604,1
15:22:07.037079,83,-0.1579805799527722,2.674205043627642,-0.2173580946180622,-0.1391600037168245,17.759999603033066,1.0,1.2107777842669578,1
15:22:07.037079,83,-0.1551071732864852,2.625565656421474,-0.1770280013083303,-0.1391600037168245,17.359999611973763,1.0,1.4743817032811535,1
15:22:07.037079,83,-0.1061005516385775,2.4072046223558647,0.7407498883402721,-1.1132800297345966,35.999999195337296,1.0,2.7977859070007134,1
15:22:07.037079,83,-0.106058967662343,2.5254109935635167,1.185916632745379,-0.7655200204462744,38.87999913096428,1.0,1.240032475607601,1
15:22:07.037079,83,-0.103657171078918,2.495084252293349,1.3046076893690723,-0.7655200204462744,37.35999916493893,1.0,1.2797796517425208,1
15:22:07.037079,83,-0.1895419363352604,2.6725266248098136,-0.2169083636512638,-0.1391600037168245,20.119999550282955,1.0,0.9515898102742413,1
15:22:07.037079,83,-0.1590977768304435,2.404642917876837,0.7414362949866746,-1.1132800297345966,40.8799990862608,1.0,2.304611334659047,1
15:22:07.037079,83,-0.1826470247762639,2.575308905747717,-0.1362645367635901,-0.8349600223009475,9.759999781847,0.9759999781847,1.9311853883766648,1
15:22:07.037079,83,-0.1612130509884618,2.4071088452724805,0.6145895574172537,-1.1132800297345966,20.999999530613422,1.0,2.85355584342315,1
15:22:07.037079,83,-0.1325538222958683,2.524258572704235,1.1862254229839644,-0.7655200204462744,47.63999893516302,1.0,0.9038502456191422,1
15:22:07.037079,83,-0.1295325939660795,2.513709530057762,1.3801238781496976,-0.7655200204462744,44.63999900221825,1.0,1.450299763107508,1
15:22:07.037079,83,-0.2210843386829136,2.670543435707573,-0.2163769697328805,-0.1391600037168245,22.239999502897263,1.0,0.8839464410796225,1
15:22:07.037079,83,-0.1860944805557622,2.6239177652787653,-0.1765864502074272,-0.1391600037168245,19.239999569952488,1.0,1.23073794574296,1
15:22:07.037079,83,-0.0777519495963705,2.495960398348919,1.304372926741031,-0.7655200204462744,30.119999326765537,1.0,1.727679220396718,1
15:22:07.037079,83,-0.0259207725197697,2.496961833305658,1.3041045930531003,-0.7655200204462744,19.35999956727028,1.0,3.0010364844178907,1
15:22:07.037079,83,-0.0788093620503218,2.355806970533299,0.6451698015232932,-1.1132800297345966,30.759999312460423,1.0,5.850468221561138,1
15:22:07.037079,83,-0.0869906496677881,2.6321932494630125,0.6233045994919428,-0.6958000185841229,5.239999882876873,0.5239999882876873,1.7764531120840057,1
15:22:07.037079,83,-0.0518389529840039,2.4965862795488865,1.3042052223789415,-0.7655200204462744,24.119999460875988,1.0,2.3014973189866685,1
15:22:07.037079,83,-0.0530400914954005,2.526947823658964,1.1855048403624,-0.7655200204462744,24.759999446570877,1.0,2.306216771045841,1
15:22:07.037079,83,-0.0525439533700989,2.3564413636044024,0.644999816412207,-1.1132800297345966,25.87999942153692,1.0,6.441521009880269,1
15:22:07.037079,83,-0.0579985996696722,2.6328934995851347,0.6231169680372204,-0.6958000185841229,5.999999865889549,0.5999999865889549,2.4835892851167207,1
15:22:07.037079,83,-0.0265213718051807,2.527332079213407,1.1854018793969,-0.7655200204462744,19.999999552965164,1.0,3.035817296592498,1
15:22:07.037079,83,-0.0290007498601807,2.633313677670139,0.6230043816586661,-0.6958000185841229,6.359999857842922,0.6359999857842922,3.3461613529899417,1
15:22:07.037079,83,0.0,2.633453741700569,0.6229668516148239,-0.6958000185841229,6.359999857842922,0.6359999857842922,4.363909723414637,1
15:22:07.037079,83,0.0287931757654666,2.5908249177716924,0.5446319709740217,-0.6958000185841229,5.999999865889549,0.5999999865889549,4.978956784980456,1
15:22:07.037079,83,0.0575834722374797,2.5904077471291176,0.5447437515108056,-0.6958000185841229,5.639999873936176,0.5639999873936177,6.301758271684454,1
15:22:07.037079,83,0.0863680104105125,2.589712509076886,0.5449300399854486,-0.6958000185841229,5.239999882876873,0.5239999882876873,7.779965829174509,1
15:22:07.037079,83,-0.2170631785328936,2.621970647121376,-0.1760647214695865,-0.1391600037168245,20.63999953866005,1.0,1.1745755568655425,1
15:22:07.037079,83,-0.0795535072209078,2.526307440429738,1.1856764305315175,-0.7655200204462744,30.999999307096004,1.0,1.7075529925844892,1
15:22:07.037079,83,-0.1859795431667777,2.415441868913118,0.766041146516842,-1.1132800297345966,43.99999901652336,1.0,1.789477413701066,1
15:22:07.037079,83,-0.3155662907480064,2.662767382128704,-0.2142933824561215,-0.1391600037168245,21.639999516308308,1.0,1.8324357572437149,1
15:22:07.037079,83,-0.1554106124069141,2.512333348610018,1.380492624857259,-0.7655200204462744,49.75999888777733,1.0,1.250042075943292,1
15:22:07.037079,83,-0.3358929061946252,2.5018005072285425,1.4101433407665007,-0.7655200204462744,15.75999964773655,1.0,3.5275216423590674,1
15:22:07.037079,83,-0.343813259741703,2.505843339917437,1.191159769737618,-0.904680024163099,21.639999516308308,1.0,2.962120560230816,1
15:22:07.037079,83,-0.3101843418709736,2.5049208466600907,1.4093072483357063,-0.7655200204462744,19.63999956101179,1.0,2.857741927057414,1
15:22:07.037079,83,-0.3174984875616903,2.5090372569418093,1.1903039622502454,-0.904680024163099,27.119999393820763,1.0,2.241979991086748,1
15:22:07.037079,83,-0.3494688841928524,2.490760225652995,0.9677271378407086,-0.904680024163099,22.99999948590994,1.0,2.6866094191917886,1
15:22:07.037079,83,-0.2844447593730075,2.5077927085578944,1.4085377352594164,-0.7655200204462744,24.759999446570877,1.0,2.3128081663212936,1
15:22:07.037079,83,-0.291151965798922,2.5119768373330658,1.189516304058322,-0.904680024163099,34.11999923735857,1.0,1.654314974973329,1
15:22:07.037079,83,-0.3227212419452934,2.4940066816493416,0.9668572525782242,-0.904680024163099,27.639999382197857,1.0,1.913818944299185,1
15:22:07.037079,83,-0.2586767326374122,2.5104158057381705,1.407834878488293,-0.7655200204462744,31.239999301731583,1.0,1.8926230067940333,1
15:22:07.037079,83,-0.2647763290835011,2.5146617871356303,1.1887968739270067,-0.7655200204462744,42.63999904692173,1.0,1.1990251861252976,1
15:22:07.037079,83,-0.2955396316123945,2.4865089134148075,0.940975914192878,-0.904680024163099,32.75999926775694,1.0,1.3110216999039483,1
15:22:07.037079,83,-0.3406899750583942,2.611194246955645,-0.1731771937478647,-0.1391600037168245,16.759999625384808,1.0,2.828782440674102,1
15:22:07.037079,83,-0.347001358502033,2.659567399513292,-0.2134359496985283,-0.1391600037168245,19.519999563694,1.0,2.5330361192560193,1
15:22:07.037079,83,-0.2329410790515596,2.5067061427620945,1.382000430119854,-0.7655200204462744,38.6399991363287,1.0,1.398060404394292,1
15:22:07.037079,83,-0.2383742149570017,2.5170918378567717,1.1881457437987102,-0.7655200204462744,51.51999884843826,1.0,0.8759981960462451,1
15:22:07.037079,83,-0.409764254464206,2.652257361507016,-0.2114772309181054,-0.1391600037168245,16.8799996227026,1.0,4.511844722614983,1
15:22:07.037079,83,-0.309826659435336,2.6143360271554075,-0.1740190312151872,-0.1391600037168245,18.759999580681324,1.0,2.133040371154293,1
15:22:07.037079,83,-0.2675094955705671,2.456276892844849,0.865652275481402,-0.904680024163099,37.99999915063381,1.0,1.2004219319985605,1
15:22:07.037079,83,-0.1515807392856626,2.456967206711112,1.4201922454846605,-0.7655200204462744,18.23999959230423,1.0,0.8622350445367266,1
15:22:07.037079,83,-0.2617103815155551,2.804756439226392,-0.145171495770839,-0.1391600037168245,12.23999972641468,1.0,2.77406450891353,1
15:22:07.037079,83,-0.2526046327819231,2.668255674638171,-0.2157639660018588,-0.1391600037168245,23.23999948054552,1.0,1.0080714720952046,1
15:22:07.037079,83,-0.2480101703740276,2.6197244966594897,-0.1754628672672455,-0.1391600037168245,20.999999530613422,1.0,1.3061093608920535,1
15:22:07.037079,83,-0.1855011176116413,2.521186295556632,1.187048637164589,-0.7655200204462744,59.99999865889549,1.0,0.6262228318182511,1
15:22:07.037079,83,-0.1812730899167111,2.510707277678925,1.3809283292500814,-0.7655200204462744,50.23999887704849,1.0,1.174482506432262,1
15:22:07.037079,83,-0.2137578300159018,2.449442616683974,0.8397669534340322,-0.904680024163099,44.63999900221825,1.0,0.8296818371866752,1
15:22:07.037079,83,-0.2789323614059072,2.6171795385062726,-0.1747809477853197,-0.1391600037168245,20.239999547600743,1.0,1.6255373082172944,1
15:22:07.037079,83,-0.2404094001686232,2.4472491391685454,0.840354693962907,-0.904680024163099,42.35999905318022,1.0,1.0648469778281933,1
15:22:07.037079,83,-0.2119482636087168,2.519266746493452,1.1875629787859,-0.7655200204462744,58.23999869823456,1.0,0.6851095479320771,1
15:22:07.037079,83,-0.2071174402693872,2.5088314798702145,1.3814309477580893,-0.7655200204462744,45.87999897450209,1.0,1.2237745163341835,1
15:22:07.037079,83,-0.1590354216582177,2.522850293093013,1.1866027703685085,-0.7655200204462744,55.63999875634909,1.0,0.6991897604179701,1
15:22:07.037079,83,-0.2840996666292867,2.6656635703757963,-0.2150694137580582,-0.1391600037168245,23.11999948322773,1.0,1.3241714885516556,1
15:22:07.093175,84,-0.0262732903385605,2.356822024824352,0.6448978185457319,-0.904680024163099,57.759998708963394,1.0,4.947061045777664,1
15:22:07.093175,84,-0.0530608876426083,2.408742055017106,0.7403379345002752,-0.904680024163099,71.3599984049797,1.0,2.029799074637874,1
15:22:07.093175,84,-0.0265492473522806,2.578119906807772,1.3641747068099548,-0.6958000185841229,95.51999786496162,1.0,3.1410540121669612,1
15:22:07.093175,84,-0.025910404556831,2.522794214969787,1.4045180937310993,-0.6958000185841229,96.75999783724546,1.0,1.2969420666068063,1
15:22:07.093175,84,-0.0252781996814449,2.4612389120102582,1.4190476454994505,-0.6958000185841229,58.23999869823456,1.0,1.2248543500344886,1
15:22:07.093175,84,-0.0542953156493743,2.464779916159113,0.7110326928845114,-0.904680024163099,11.239999748766422,1.0,1.1119967200164589,1
15:22:07.093175,84,-0.0531038054389131,2.557502117983246,1.287228071377097,-0.6958000185841229,123.63999723643064,1.0,1.7642100406811565,1
15:22:07.093175,84,-0.0777402867072557,2.515711699037737,1.3795873985884026,-0.6958000185841229,154.87999653816223,1.0,0.6229624488996286,1
15:22:07.093175,84,-0.0505538715640998,2.4608726681860227,1.4191457802363874,-0.6958000185841229,73.11999836564064,1.0,1.021366002411589,1
15:22:07.093175,84,-0.1166176020476983,2.421653990136212,-0.2206515657073349,-0.8349600223009475,8.239999815821648,0.8239999815821648,9.246568998722307,1
15:22:07.093175,84,-0.0814361865485948,2.464124377893868,0.7112083438332917,-0.8349600223009475,11.359999746084211,1.0,0.8916425773926101,1
15:22:07.093175,84,-0.079584698842197,2.4081014207041527,0.7405095919470746,-0.904680024163099,83.99999812245369,1.0,1.9242974106448831,1
15:22:07.093175,84,-0.0796490701719209,2.5568609654992973,1.287399867667396,-0.6958000185841229,152.75999658554792,1.0,1.468516287881279,1
15:22:07.093175,84,-0.0271490152640776,2.465173265341407,0.7109272952887724,-0.904680024163099,10.87999975681305,1.0,1.460395195964775,1
15:22:07.093175,84,-0.0518182180949141,2.522418811429504,1.404618682806554,-0.6958000185841229,125.99999718368052,1.0,0.9791277271931036,1
15:22:07.093175,84,0.0,2.461360997354481,1.4190149328300583,-0.6958000185841229,44.99999899417162,1.0,1.5421188109396455,1
15:22:07.093175,84,0.0,2.5782481308918723,1.36414034927017,-0.6958000185841229,73.11999836564064,1.0,3.680291289384503,1
15:22:07.093175,84,-0.1063325041301248,2.4196774628300397,0.7649062225473366,-0.904680024163099,90.51999797672032,1.0,1.4593272051611454,1
15:22:07.093175,84,0.0796172116072497,2.5833240586414714,1.3902633129507973,-0.6958000185841229,35.51999920606613,1.0,6.3013231013957105,1
15:22:07.093175,84,0.077720849854601,2.52179318057366,1.4047863200891373,-0.6958000185841229,34.51999922841787,1.0,3.663481944876091,1
15:22:07.093175,84,0.0758244881019523,2.460262302505849,1.4193093272274775,-0.6958000185841229,21.51999951899052,1.0,3.1644900348404867,1
15:22:07.093175,84,0.0574934075858069,2.3983864853239982,-0.1544925186222898,-0.8349600223009475,5.119999885559082,0.5119999885559082,11.742035637134917,1
15:22:07.093175,84,0.0525439533700989,2.3564413636044024,0.644999816412207,-0.904680024163099,29.23999934643507,1.0,6.2150412156646215,1
15:22:07.093175,84,0.0,2.5229193536544696,1.4044845629215967,-0.6958000185841229,73.23999836295843,1.0,1.7255628071283902,1
15:22:07.093175,84,0.0530825646257283,2.5839649546729864,1.3900915853767206,-0.6958000185841229,44.359999008476734,1.0,5.441678231459168,1
15:22:07.093175,84,0.0505538715640998,2.4608726681860227,1.4191457802363874,-0.6958000185841229,27.119999393820763,1.0,2.513087718359208,1
15:22:07.093175,84,0.0262732903385605,2.356822024824352,0.6448978185457319,-0.904680024163099,36.51999918371439,1.0,5.6611245818769,1
15:22:07.093175,84,0.026542609432217,2.5843495179293163,1.3899885419627482,-0.6958000185841229,56.519998736679554,1.0,4.6856318823942615,1
15:22:07.093175,84,0.025910404556831,2.522794214969787,1.4045180937310993,-0.6958000185841229,55.99999874830246,1.0,2.2636815744973284,1
15:22:07.093175,84,0.0252781996814449,2.4612389120102582,1.4190476454994505,-0.6958000185841229,34.759999223053455,1.0,1.9719231491206133,1
15:22:07.093175,84,0.0,2.356948916127343,0.6448638181235689,-0.904680024163099,45.87999897450209,1.0,5.238041116387018,1
15:22:07.093175,84,0.0518182180949141,2.522418811429504,1.404618682806554,-0.6958000185841229,43.5199990272522,1.0,2.9100503243851743,1
15:22:07.093175,84,-0.1061863700646415,2.55596344178416,1.2876403584220548,-0.6958000185841229,170.75999618321657,1.0,1.2866460005684686,1
15:22:07.093175,84,-0.0758244881019523,2.460262302505849,1.4193093272274775,-0.6958000185841229,85.11999809741974,1.0,0.9329459884553131,1
15:22:07.093175,84,-0.1011128027716399,2.453474566828301,1.394954250808543,-0.6958000185841229,87.87999803572893,1.0,0.993174355556143,1
15:22:07.093175,84,-0.2119482636087168,2.519266746493452,1.1875629787859,-0.7655200204462744,84.87999810278416,1.0,1.0490652256508712,1
15:22:07.093175,84,-0.2071174402693872,2.4819963215026686,1.2812807733012512,-0.7655200204462744,78.23999825119972,1.0,1.2106376333600002,1
15:22:07.093175,84,-0.2020941610110883,2.42834647997894,1.323144822852464,-0.7655200204462744,39.23999912291765,1.0,2.731330144689241,1
15:22:07.093175,84,-0.2433683325542748,2.5416525120399305,1.0659889575517054,-0.8349600223009475,38.87999913096428,1.0,1.9102325521810577,1
15:22:07.093175,84,-0.2383742149570017,2.5170918378567717,1.1881457437987102,-0.7655200204462744,64.63999855518341,1.0,1.523110804750204,1
15:22:07.093175,84,-0.232696501119295,2.457138511272534,1.2074828862218818,-0.7655200204462744,59.63999866694212,1.0,2.024083130910331,1
15:22:07.093175,84,-0.2703235906640199,2.539171549943703,1.066653729341842,-0.8349600223009475,30.759999312460423,1.0,2.4465324854050348,1
15:22:07.093175,84,-0.2647763290835011,2.5146617871356303,1.1887968739270067,-0.7655200204462744,49.87999888509512,1.0,2.1247521083484058,1
15:22:07.093175,84,-0.2584697567564322,2.4547663406900164,1.208118507413776,-0.7655200204462744,46.11999896913767,1.0,2.7624397962332563,1
15:22:07.093175,84,-0.2524660932373182,2.4239556188222413,1.3243213505534783,-0.7655200204462744,23.9999994635582,1.0,4.220023517019501,1
15:22:07.093175,84,-0.2980867659634039,2.5718083323288545,1.1702118063108875,-0.8349600223009475,24.63999944925308,1.0,4.055638520109366,1
15:22:07.093175,84,-0.291151965798922,2.5119768373330658,1.189516304058322,-0.7655200204462744,39.23999912291765,1.0,2.8558996234985203,1
15:22:07.093175,84,-0.28421716563444,2.452145342337277,1.2088208018057558,-0.7655200204462744,36.35999918729067,1.0,3.6323973130197285,1
15:22:07.093175,84,-0.3174984875616903,2.5090372569418093,1.1903039622502454,-0.7655200204462744,31.359999299049377,1.0,3.718518958812753,1
15:22:07.093175,84,-0.1036416223743708,2.514835684405165,1.3798221260017582,-0.6958000185841229,169.7599962055683,1.0,0.5387789866504541,1
15:22:07.093175,84,-0.2163887378151686,2.543872986634729,1.0653939831772157,-0.8349600223009475,49.359998896718025,1.0,1.5028728209661184,1
15:22:07.093175,84,-0.2272914916035709,2.4262726892871838,1.3237004933935914,-0.7655200204462744,30.51999931782484,1.0,3.4113663731680783,1
15:22:07.093175,84,-0.1813002851849143,2.4909552262080625,1.305714058574152,-0.7655200204462744,103.23999769240618,1.0,0.7852473583324877,1
15:22:07.093175,84,-0.0985593349146239,2.397898367046772,1.4340555514210558,-0.6958000185841229,16.759999625384808,1.0,3.3439833174569977,1
15:22:07.093175,84,-0.1768766211718192,2.430176783520181,1.3226543944966844,-0.7655200204462744,50.87999886274338,1.0,2.178253773096566,1
15:22:07.093175,84,-0.1791511896165226,2.4878615069653764,-0.2377783715408088,-0.2783200074336491,18.23999959230423,1.0,9.670335645241718,1
15:22:07.093175,84,-0.1359874258396553,2.4747874567667987,0.7364893355976108,-0.8349600223009475,10.759999759495258,1.0,0.6824864582146875,1
15:22:07.093175,84,-0.1336855368939809,2.454477061979564,0.8384179778827401,-0.8349600223009475,87.35999804735184,1.0,0.5650336471063218,1
15:22:07.093175,84,-0.1295520269312018,2.4939579289960507,1.304909486787,-0.6958000185841229,160.2399964183569,1.0,0.30298482521363646,1
15:22:07.093175,84,-0.1263720436455647,2.4523758902559862,1.395248640308838,-0.6958000185841229,79.51999822258949,1.0,1.1472309325411094,1
15:22:07.093175,84,-0.1327130514093187,2.554809636589454,1.287949519592199,-0.6958000185841229,165.87999629229307,1.0,1.2201677233875445,1
15:22:07.093175,84,-0.1592025773928287,2.546143483147415,1.2627830560471858,-0.6958000185841229,141.5199968367815,1.0,1.033364841803409,1
15:22:07.093175,84,-0.1554339276893312,2.4925815410884096,1.3052782888153245,-0.7655200204462744,133.23999702185392,1.0,0.4834235492263107,1
15:22:07.093175,84,-0.1516186474209994,2.451033287157773,1.3956083897247598,-0.6958000185841229,65.11999854445457,1.0,1.42129920234049,1
15:22:07.093175,84,-0.2432632949478934,2.5307067899851257,-0.2789142770889103,-0.2783200074336491,21.7599995136261,1.0,12.002564356919207,1
15:22:07.093175,84,-0.1885525550613433,2.5063555682860224,0.9635483783765022,-0.8349600223009475,62.35999860614538,1.0,0.6107178838963595,1
15:22:07.093175,84,-0.1855011176116413,2.521186295556632,1.187048637164589,-0.7655200204462744,111.35999751091003,1.0,0.7007609848376336,1
15:22:07.093175,84,-0.1614320885700355,2.4975462323655155,0.9380184734934308,-0.8349600223009475,76.359998293221,1.0,0.3331907693236351,1
15:22:07.149175,85,0.052891524723904,2.492350952050973,1.0850846277951811,-0.6263600167294499,77.87999825924635,1.0,1.381897903315778,1
15:22:07.149175,85,0.0259168843716623,2.4898778254104417,1.2791689306940204,-0.6263600167294499,148.5199966803193,1.0,0.8700153429677417,1
15:22:07.149175,85,0.0518311770766007,2.4895023279872004,1.279269544925338,-0.6263600167294499,95.7599978595972,1.0,1.3860272182069688,1
15:22:07.149175,85,0.0505741005290948,2.435670441114528,1.321182373380786,-0.6263600167294499,71.75999839603901,1.0,0.8524073852029774,1
15:22:07.149175,85,0.0493018516256643,2.3935419643086955,1.40970360615936,-0.6958000185841229,39.759999111294746,1.0,2.007266210429383,1
15:22:07.149175,85,0.0267951399507692,2.469077974626555,0.8622222359557492,-0.6958000185841229,22.879999488592148,1.0,0.8687579534921616,1
15:22:07.149175,85,0.0264470847051086,2.492734131294921,1.084981955226209,-0.6263600167294499,110.23999753594398,1.0,0.8561351215224418,1
15:22:07.149175,85,0.0252883146696876,2.436036831490022,1.321084199375558,-0.6263600167294499,108.23999758064748,1.0,0.5812747726812477,1
15:22:07.149175,85,0.0,2.5022255788553225,0.9367646463803818,-0.6958000185841229,26.119999416172504,1.0,0.9689578495714555,1
15:22:07.149175,85,0.0,2.5191876082509355,1.1601341093313609,-0.6263600167294499,146.63999672234058,1.0,1.2842834494755808,1
15:22:07.149175,85,0.0,2.4970870220641728,1.304071048826355,-0.6263600167294499,222.3599950298667,1.0,0.7055529629039762,1
15:22:07.149175,85,0.0,2.436158965686293,1.321051473616299,-0.6263600167294499,158.75999645143747,1.0,0.4572611086153907,1
15:22:07.149175,85,0.0,2.394018199490353,1.4095759993270276,-0.6958000185841229,56.87999872863293,1.0,1.9726183293915005,1
15:22:07.149175,85,-0.0269576403742641,2.5126024482307843,0.9618745319400892,-0.6958000185841229,28.11999937146902,1.0,0.9378031183212108,1
15:22:07.149175,85,0.0534929358177361,2.45718927315159,0.8376912430894929,-0.6958000185841229,19.35999956727028,1.0,1.2276734902694275,1
15:22:07.149175,85,0.0246521584104258,2.39389913771842,1.4096079018326666,-0.6958000185841229,48.63999891281128,1.0,1.916529207923166,1
15:22:07.149175,85,0.1516413938186203,2.4317634168820863,1.3222292573686776,-0.6263600167294499,19.999999552965164,1.0,3.3448338089392187,1
15:22:07.149175,85,0.0758548290208201,2.43505983119854,1.3213459858146657,-0.6263600167294499,49.11999890208244,1.0,1.267443968176696,1
15:22:07.149175,85,-0.0265213718051807,2.527332079213407,1.1854018793969,-0.6263600167294499,164.51999632269144,1.0,1.2514510936301517,1
15:22:07.149175,85,0.1552474380694841,2.462759808800739,1.205976664088784,-0.6263600167294499,24.99999944120645,1.0,3.8471954341483396,1
15:22:07.149175,85,0.1314211574724697,2.440838644120632,0.96235067936723,-0.6263600167294499,30.23999932408333,1.0,2.6045796499802942,1
15:22:07.149175,85,0.1293965904147862,2.464134545318227,1.2056083045491175,-0.6263600167294499,32.87999926507473,1.0,2.876934998112282,1
15:22:07.149175,85,0.1263910024530849,2.433106221402648,1.3218694539818006,-0.6263600167294499,25.999999418854717,1.0,2.516702938779375,1
15:22:07.149175,85,0.1232114933250498,2.3910422504542104,1.4103734024679784,-0.6263600167294499,20.75999953597784,1.0,3.1303619934445805,1
15:22:07.149175,85,0.112708752201562,2.349707881210475,-0.1117935793979199,-0.1391600037168245,6.11999986320734,0.611999986320734,13.379579042982263,1
15:22:07.149175,85,0.0739466146970453,2.392946714978223,1.4098631027367552,-0.6958000185841229,31.999999284744263,1.0,2.241790769659307,1
15:22:07.149175,85,0.1063325041301248,2.4196774628300397,0.7649062225473366,-0.6958000185841229,13.519999697804453,1.0,2.5311683254941264,1
15:22:07.149175,85,0.1035328032094554,2.465259517252881,1.2053068692277191,-0.6263600167294499,44.87999899685383,1.0,2.042278663790145,1
15:22:07.149175,85,0.1011279720931946,2.4342050628025387,1.32157502031609,-0.6263600167294499,34.99999921768904,1.0,1.8232359931377158,1
15:22:07.149175,85,0.0985839831689091,2.3921134492514367,1.4100863756153283,-0.6263600167294499,25.63999942690134,1.0,2.617126763465999,1
15:22:07.149175,85,0.0802327170987791,2.4565434224749816,0.8378642982567213,-0.6958000185841229,16.239999637007713,1.0,1.735695195501053,1
15:22:07.149175,85,0.0789809318958039,2.4531310766112733,0.9862984397592248,-0.6263600167294499,55.23999876528978,1.0,1.2819579476317986,1
15:22:07.149175,85,0.0777402867072557,2.488876540670191,1.2794372241315644,-0.6263600167294499,63.999998569488525,1.0,2.043817061281839,1
15:22:07.149175,85,0.1569390219902059,2.407213729094236,0.8898769772179871,-0.6263600167294499,23.35999947786331,1.0,3.525526471042452,1
15:22:07.149175,85,0.1052956229650335,2.452241081796932,0.9865369131509956,-0.6263600167294499,40.23999910056591,1.0,1.9243306482545637,1
15:22:07.149175,85,-0.0259207725197697,2.496961833305658,1.3041045930531003,-0.6263600167294499,267.8799940124154,1.0,0.44752373106582777,1
15:22:07.149175,85,-0.1263404477395545,2.458309474127792,1.4198325860143344,-0.6263600167294499,56.99999872595072,1.0,1.566358128446244,1
15:22:07.149175,85,-0.0246459948060588,2.39968360905073,1.4335771972678013,-0.6958000185841229,61.63999862223864,1.0,1.9813587771901082,1
15:22:07.149175,85,-0.1295325939660795,2.513709530057762,1.3801238781496976,-0.6263600167294499,66.11999852210283,1.0,1.2400914311080697,1
15:22:07.149175,85,-0.1231806876290259,2.3968274360737856,1.4343425065104172,-0.6958000185841229,37.239999167621136,1.0,4.246010600813054,1
15:22:07.149175,85,-0.1628234052469514,2.5829407773852866,1.1672288766482328,-0.7655200204462744,15.999999642372131,1.0,3.762675314719824,1
15:22:07.149175,85,-0.159226461560042,2.553399665294733,1.2883273202619707,-0.7655200204462744,39.99999910593033,1.0,2.4469015933178646,1
15:22:07.149175,85,-0.1553717561934594,2.518415674810944,1.4056913200306886,-0.6263600167294499,46.51999896019697,1.0,1.7790024070154455,1
15:22:07.149175,85,-0.1515807392856626,2.456967206711112,1.4201922454846605,-0.6263600167294499,40.23999910056591,1.0,2.2498654255362074,1
15:22:07.149175,85,-0.1327130514093187,2.554809636589454,1.287949519592199,-0.7655200204462744,54.87999877333641,1.0,2.2243355919042385,1
15:22:07.149175,85,-0.1477897223778657,2.3955187386112784,1.4346931709386326,-0.6958000185841229,29.879999332129955,1.0,5.21701840772823,1
15:22:07.149175,85,-0.1857239491980094,2.551733668895944,1.2887737226516194,-0.7655200204462744,29.999999329447743,1.0,2.8372223411622133,1
15:22:07.149175,85,-0.1812277674913869,2.516790010434836,1.4061269154874307,-0.6263600167294499,34.23999923467636,1.0,2.3246865014785234,1
15:22:07.149175,85,-0.1723839782782862,2.3939724055279,1.4351075096395534,-0.6958000185841229,23.9999994635582,1.0,6.356751996172928,1
15:22:07.149175,85,-0.2122028645966568,2.549811813991331,1.2892886821212803,-0.7655200204462744,23.23999948054552,1.0,3.3994331073722233,1
15:22:07.149175,85,-0.2070656561643982,2.514914681618551,1.4066294083292972,-0.6263600167294499,26.119999416172504,1.0,3.0395945629856507,1
15:22:07.149175,85,-0.2020133260448502,2.4535516365371066,1.421107444754477,-0.8349600223009475,22.63999949395657,1.0,4.122064563827217,1
15:22:07.149175,85,-0.0252845213910441,2.455306060748204,1.3944635034917623,-0.6263600167294499,195.8799956217408,1.0,0.38988235525405507,1
15:22:07.149175,85,-0.1899194741128412,2.581237145940348,1.1676853633181046,-0.7655200204462744,13.23999970406294,1.0,4.02039053634164,1
15:22:07.149175,85,-0.1357110541769505,2.584382600090242,1.1668425414188113,-0.7655200204462744,19.239999569952488,1.0,3.675465568841501,1
15:22:07.149175,85,-0.1768058728848366,2.455381207981368,1.4206172125634922,-0.6263600167294499,29.639999337494373,1.0,3.1005349108214433,1
15:22:07.149175,85,-0.1011128027716399,2.453474566828301,1.394954250808543,-0.6263600167294499,83.99999812245369,1.0,1.0993766136858913,1
15:22:07.149175,85,-0.089156227489426,2.469246620056148,-0.2636418363243842,-0.6958000185841229,17.759999603033066,1.0,13.016793674285632,1
15:22:07.149175,85,-0.0985593349146239,2.397898367046772,1.4340555514210558,-0.6958000185841229,45.87999897450209,1.0,3.440295768784617,1
15:22:07.149175,85,-0.0540997460417009,2.5422195574698514,1.037817478977869,-0.7655200204462744,28.11999937146902,1.0,1.7201562675089652,1
15:22:07.149175,85,-0.0530400914954005,2.526947823658964,1.1855048403624,-0.7655200204462744,145.9999967366457,1.0,1.00609703363074,1
15:22:07.149175,85,-0.0505665143511325,2.4549397253317213,1.394561662770768,-0.6263600167294499,176.8799960464239,1.0,0.47126217624875544,1
15:22:07.149175,85,-0.0492895250332855,2.3993265249425404,1.4336728776662206,-0.6958000185841229,60.63999864459038,1.0,2.311271331320124,1
15:22:07.149175,85,-0.0812202125330088,2.5510611883603564,1.0634679103298017,-0.7655200204462744,26.119999416172504,1.0,1.9541849329111298,1
15:22:07.149175,85,-0.0795535072209078,2.526307440429738,1.1856764305315175,-0.7655200204462744,109.51999755203724,1.0,0.91742642359822,1
15:22:07.149175,85,-0.0518389529840039,2.4965862795488865,1.3042052223789415,-0.6263600167294499,225.63999495655295,1.0,0.34053568280631186,1
15:22:07.149175,85,-0.0758434507021505,2.45432920700798,1.394725250662579,-0.6263600167294499,126.11999718099833,1.0,0.7066024042681797,1
15:22:07.149175,85,-0.0739281263493037,2.3987314244380378,1.4338323343658177,-0.6958000185841229,54.51999878138304,1.0,2.79649226610041,1
15:22:07.149175,85,-0.103657171078918,2.495084252293349,1.3046076893690723,-0.6263600167294499,98.5199977979064,1.0,0.5941736275030083,1
15:22:07.149175,85,-0.072031764596655,2.3372005463702257,1.4483553415041577,-0.6958000185841229,6.6399998515844345,0.6639999851584435,7.448940391014979,1
15:22:07.149175,85,-0.1082809821400695,2.550145960263664,1.0637131449592008,-0.7655200204462744,22.879999488592148,1.0,1.9157341931384861,1
15:22:07.149175,85,-0.0777519495963705,2.495960398348919,1.304372926741031,-0.6263600167294499,152.11999659985304,1.0,0.3881954627000591,1
15:22:07.149175,85,-0.1061704419771016,2.54870687506718,1.2620961972524003,-0.7655200204462744,77.35999827086926,1.0,1.815441948205487,1
15:22:07.210467,86,0.1069644751753313,2.455639321947874,0.8381065512628365,-0.8349600223009475,22.239999502897263,1.0,0.42657130921163566,1
15:22:07.210467,86,0.1085689138973876,2.463206716098948,0.7114542305701654,-0.8349600223009475,15.639999650418758,1.0,0.7869599458415288,1
15:22:07.210467,86,0.1102425221519476,2.478543086362084,0.6071184232381541,-0.7655200204462744,13.639999695122242,1.0,1.2286035740474808,1
15:22:07.210467,86,0.1123998341733792,2.5192760080814294,0.5508665603263592,-0.7655200204462744,6.999999843537808,0.6999999843537809,1.578414827918779,1
15:22:07.210467,86,0.1263404477395545,2.458309474127792,1.4198325860143344,-0.6958000185841229,45.2399989888072,1.0,1.7498644380705226,1
15:22:07.210467,86,0.1231806876290259,2.3968274360737856,1.4343425065104172,-0.6958000185841229,34.639999225735664,1.0,1.6663902940787332,1
15:22:07.210467,86,0.1295325939660795,2.513709530057762,1.3801238781496976,-0.6958000185841229,39.11999912559986,1.0,1.9405233374243887,1
15:22:07.210467,86,0.1315997845601834,2.451096955326813,0.9868434809147032,-0.8349600223009475,28.519999362528324,1.0,0.5238153716196037,1
15:22:07.210467,86,0.1052956229650335,2.452241081796932,0.9865369131509956,-0.8349600223009475,38.519999139010906,1.0,0.2577060422386581,1
15:22:07.210467,86,0.1336855368939809,2.454477061979564,0.8384179778827401,-0.8349600223009475,18.999999575316902,1.0,0.6710002149775387,1
15:22:07.210467,86,0.1119014753910499,2.286094555039495,-0.2712663830832631,-0.4872000130126253,6.359999857842922,0.6359999857842922,13.39526782624073,1
15:22:07.210467,86,0.103657171078918,2.495084252293349,1.3046076893690723,-0.6958000185841229,54.51999878138304,1.0,1.074626567719429,1
15:22:07.210467,86,0.0758244881019523,2.460262302505849,1.4193093272274775,-0.6958000185841229,94.11999789625406,1.0,1.1796895080615015,1
15:22:07.210467,86,0.0985593349146239,2.397898367046772,1.4340555514210558,-0.6958000185841229,46.999998949468136,1.0,1.3530556722568765,1
15:22:07.210467,86,0.0843097120085925,2.5202260501318983,0.5506119973261605,-0.7655200204462744,6.11999986320734,0.611999986320734,1.4735690664193353,1
15:22:07.210467,86,0.0826915392009795,2.479474894069491,0.6068687461154529,-0.7655200204462744,11.519999742507936,1.0,1.1220839501828779,1
15:22:07.210467,86,0.0814361865485948,2.464124377893868,0.7112083438332917,-0.8349600223009475,13.879999689757824,1.0,0.6646711283193432,1
15:22:07.210467,86,0.0802327170987791,2.4565434224749816,0.8378642982567213,-0.8349600223009475,24.51999945193529,1.0,0.2833706172071944,1
15:22:07.210467,86,0.0789809318958039,2.4531310766112733,0.9862984397592248,-0.8349600223009475,53.23999880999327,1.0,0.08959071158776619,1
15:22:07.210467,86,0.0739281263493037,2.3987314244380378,1.4338323343658177,-0.6958000185841229,63.879998572170734,1.0,1.1261603357452905,1
15:22:07.210467,86,0.072031764596655,2.3372005463702257,1.4483553415041577,-0.6958000185841229,17.999999597668648,1.0,1.3837413367665787,1
15:22:07.210467,86,0.0562111589432396,2.5209047194642404,0.5504301484266314,-0.7655200204462744,5.119999885559082,0.5119999885559082,1.4795380013504393,1
15:22:07.210467,86,0.0549887570855261,2.466083600844294,0.5819533710884901,-0.7655200204462744,8.999999798834324,0.8999999798834324,1.2726005954859663,1
15:22:07.210467,86,0.1356907844457499,2.462027022539764,0.711770328506665,-0.8349600223009475,15.75999964773655,1.0,1.0135230732116618,1
15:22:07.210467,86,0.1010875222545205,2.459407876005794,1.4195382701181591,-0.6958000185841229,64.23999856412411,1.0,1.4199332094648263,1
15:22:07.210467,86,0.1377824809430618,2.4773452076262443,0.6074393938780527,-0.7655200204462744,14.359999679028988,1.0,1.4424248997961024,1
15:22:07.210467,86,0.2137578300159018,2.449442616683974,0.8397669534340322,-0.8349600223009475,11.359999746084211,1.0,2.0101954011990806,1
15:22:07.210467,86,0.1477897223778657,2.3955187386112784,1.4346931709386326,-0.6958000185841229,26.119999416172504,1.0,2.0660398079858373,1
15:22:07.210467,86,0.0542953156493743,2.464779916159113,0.7110326928845114,-0.7655200204462744,10.87999975681305,1.0,0.6467673414603213,1
15:22:07.210467,86,0.3018487387729839,2.4505625882065827,0.5861122138904782,-0.8349600223009475,6.999999843537808,0.6999999843537809,5.04438914848426,1
15:22:07.210467,86,0.2745040747758237,2.4533461816793207,0.5853663522674015,-0.8349600223009475,7.759999826550484,0.7759999826550483,4.199664757253875,1
15:22:07.210467,86,0.2710424126119383,2.4522031235423065,0.7144026343095586,-0.8349600223009475,9.239999793469906,0.9239999793469906,3.7048416354808684,1
15:22:07.210467,86,0.2497362001545584,2.4505951245476494,0.4535238703837303,-0.7655200204462744,6.519999854266644,0.6519999854266645,4.18994908715378,1
15:22:07.210467,86,0.2471319606011657,2.455865511209925,0.5846912999542082,-0.8349600223009475,8.359999813139439,0.8359999813139438,3.460824371473848,1
15:22:07.210467,86,0.2440154773278353,2.4546906828060338,0.7137360948137181,-0.8349600223009475,10.639999762177467,1.0,2.9594355493560327,1
15:22:07.210467,86,0.2246198525974709,2.512764419603648,0.5526113352004247,-0.7655200204462744,7.1199998408555984,0.7119999840855599,3.1032261850093343,1
15:22:07.210467,86,0.2197351334374949,2.458120324867553,0.5840871244555641,-0.8349600223009475,9.759999781847,0.9759999781847,2.8281308913916337,1
15:22:07.210467,86,0.216964140700436,2.456917061901692,0.7131395383329913,-0.8349600223009475,12.11999972909689,1.0,2.3173786069793314,1
15:22:07.210467,86,0.2020133260448502,2.4535516365371066,1.421107444754477,-0.6958000185841229,19.759999558329586,1.0,3.2763673318981,1
15:22:07.210467,86,0.1969609959253023,2.392188591455663,1.435585481179657,-0.6958000185841229,16.119999639689922,1.0,3.123683565269187,1
15:22:07.210467,86,0.1404787164489173,2.518054688316244,0.551193811971141,-0.7655200204462744,7.519999831914902,0.7519999831914902,1.7939592359916527,1
15:22:07.210467,86,0.1965915312781989,2.514798731280864,0.5520662430293612,-0.7655200204462744,7.639999829232693,0.7639999829232693,2.5565471747981627,1
15:22:07.210467,86,0.1898911078407393,2.458882038193236,0.7126130245225255,-0.8349600223009475,13.879999689757824,1.0,1.7789051463392962,1
15:22:07.210467,86,0.1870848842592654,2.4513785544235343,0.8392482204801199,-0.8349600223009475,13.35999970138073,1.0,1.4629823883667359,1
15:22:07.210467,86,0.1812730899167111,2.510707277678925,1.3809283292500814,-0.6958000185841229,22.51999949663877,1.0,2.902641680982199,1
15:22:07.210467,86,0.1768058728848366,2.455381207981368,1.4206172125634922,-0.6958000185841229,25.23999943584204,1.0,2.678244497274415,1
15:22:07.210467,86,0.1723839782782862,2.3939724055279,1.4351075096395534,-0.6958000185841229,20.239999547600743,1.0,2.551859334685413,1
15:22:07.210467,86,0.1685435509705037,2.516562212967293,0.5515937195356155,-0.7655200204462744,7.759999826550484,0.7759999826550483,2.1200597047207212,1
15:22:07.210467,86,0.165308661601516,2.475881377648844,0.6078316259383534,-0.7655200204462744,13.519999697804453,1.0,1.7634101152013817,1
15:22:07.210467,86,0.1627990860293494,2.4605854151846844,0.7121566060332611,-0.8349600223009475,15.359999656677246,1.0,1.3442249322904036,1
15:22:07.210467,86,0.1603932301709429,2.453056758795075,0.8387985469740313,-0.8349600223009475,15.999999642372131,1.0,1.0165232826798383,1
15:22:07.210467,86,0.1578907862871317,2.449698811612604,0.9872181123938282,-0.8349600223009475,21.7599995136261,1.0,0.887785873428408,1
15:22:07.210467,86,0.1554106124069141,2.512333348610018,1.380492624857259,-0.6958000185841229,29.23999934643507,1.0,2.37513606846314,1
15:22:07.210467,86,0.1515807392856626,2.456967206711112,1.4201922454846605,-0.6958000185841229,33.2399992570281,1.0,2.1693523055292907,1
15:22:07.210467,86,0.1923163329445746,2.4601103971727283,0.5835538861885128,-0.7655200204462744,11.639999739825726,1.0,2.301822092166818,1
15:22:07.210467,86,0.0534929358177361,2.45718927315159,0.8376912430894929,-0.6958000185841229,24.51999945193529,1.0,0.24150806141527942,1
15:22:07.210467,86,0.0777519495963705,2.495960398348919,1.304372926741031,-0.6958000185841229,78.9999982342124,1.0,0.8433885828089378,1
15:22:07.210467,86,0.0518389529840039,2.4965862795488865,1.3042052223789415,-0.6958000185841229,116.87999738752842,1.0,0.7059772833633153,1
15:22:07.210467,86,-0.0492895250332855,2.3993265249425404,1.4336728776662206,-0.6958000185841229,59.11999867856503,1.0,1.2911869862135164,1
15:22:07.210467,86,-0.0803747021540704,2.4680427589593923,0.8624996211577576,-0.6958000185841229,9.519999787211418,0.9519999787211418,1.4678445975845884,1
15:22:07.210467,86,-0.0793306756345397,2.491712362552984,1.0852557373354623,-0.6958000185841229,50.6399988681078,1.0,1.131882458971699,1
15:22:07.210467,86,-0.0777519495963705,2.495960398348919,1.304372926741031,-0.8349600223009475,79.51999822258949,1.0,1.428690685255804,1
15:22:07.210467,86,-0.0758434507021505,2.45432920700798,1.394725250662579,-0.6958000185841229,71.3599984049797,1.0,1.5108704388526806,1
15:22:07.210467,86,-0.0739281263493037,2.3987314244380378,1.4338323343658177,-0.6958000185841229,43.239999033510685,1.0,1.5843870015194466,1
15:22:07.210467,86,-0.1071537664952709,2.4671370584769554,0.8627423028706109,-0.6958000185841229,7.999999821186066,0.7999999821186066,2.0286216929002343,1
15:22:07.210467,86,-0.1057618935440752,2.490818426659368,1.085495266736242,-0.6958000185841229,36.11999919265509,1.0,1.6251628581287874,1
15:22:07.210467,86,-0.103657171078918,2.495084252293349,1.3046076893690723,-0.8349600223009475,54.63999877870083,1.0,1.8553441079841602,1
15:22:07.210467,86,-0.1011279720931946,2.4342050628025387,1.32157502031609,-0.904680024163099,49.87999888509512,1.0,1.6583151964127396,1
15:22:07.210467,86,-0.0985593349146239,2.397898367046772,1.4340555514210558,-0.6958000185841229,31.999999284744263,1.0,1.9643201332432039,1
15:22:07.210467,86,-0.1339221155495954,2.465972741697511,0.8630542806113972,-0.6958000185841229,6.999999843537808,0.6999999843537809,2.690916880332901,1
15:22:07.210467,86,-0.1321825353528637,2.489669233762965,1.0858031920447808,-0.6958000185841229,26.519999407231808,1.0,2.2166168484862565,1
15:22:07.210467,86,-0.1295520269312018,2.4939579289960507,1.304909486787,-0.8349600223009475,38.99999912828207,1.0,2.3759808360800267,1
15:22:07.210467,86,-0.1263910024530849,2.433106221402648,1.3218694539818006,-0.904680024163099,36.35999918729067,1.0,2.164787293987719,1
15:22:07.210467,86,-0.1585899590188596,2.4882648987821034,1.0861794824688054,-0.6958000185841229,19.999999552965164,1.0,2.9061683191864693,1
15:22:07.210467,86,-0.1554339276893312,2.4925815410884096,1.3052782888153245,-0.8349600223009475,28.879999354481697,1.0,2.990532508898056,1
15:22:07.210467,86,-0.1516413938186203,2.4317634168820863,1.3222292573686776,-0.904680024163099,27.519999384880062,1.0,2.7618246958149433,1
15:22:07.210467,86,-0.1477897223778657,2.3955187386112784,1.4346931709386326,-0.904680024163099,18.879999577999115,1.0,2.9842022222194613,1
15:22:07.210467,86,-0.1849815238218203,2.486605562149103,1.0866241003795891,-0.6958000185841229,15.519999653100967,1.0,3.693717518294866,1
15:22:07.210467,86,-0.1813002851849143,2.4909552262080625,1.305714058574152,-0.8349600223009475,22.239999502897263,1.0,3.698908087994409,1
15:22:07.210467,86,-0.1768766211718192,2.430176783520181,1.3226543944966844,-0.904680024163099,21.359999522566795,1.0,3.4493395409189875,1
15:22:07.210467,86,-0.0505665143511325,2.4549397253317213,1.394561662770768,-0.6958000185841229,104.99999765306713,1.0,1.2049730402511534,1
15:22:07.210467,86,-0.0518389529840039,2.4965862795488865,1.3042052223789415,-0.6958000185841229,118.11999735981226,1.0,1.0960662373870473,1
15:22:07.210467,86,-0.1231806876290259,2.3968274360737856,1.4343425065104172,-0.904680024163099,24.23999945819378,1.0,2.43094567213777,1
15:22:07.210467,86,-0.0535876004099924,2.468689752575532,0.8623262597408048,-0.6958000185841229,11.359999746084211,1.0,1.0086448822496066,1
15:22:07.210467,86,-0.052891524723904,2.492350952050973,1.0850846277951811,-0.6958000185841229,70.75999841839075,1.0,0.7368281063985407,1
15:22:07.210467,86,0.0505538715640998,2.4608726681860227,1.4191457802363874,-0.6958000185841229,138.359996907413,1.0,1.0292427437468321,1
15:22:07.210467,86,0.0492895250332855,2.3993265249425404,1.4336728776662206,-0.6958000185841229,83.63999813050032,1.0,0.9858081420392274,1
15:22:07.210467,86,0.0480251785024712,2.3377803816990586,1.448199975096054,-0.6958000185841229,19.519999563694,1.0,1.2531588684264858,1
15:22:07.210467,86,0.0285312504608086,2.3330039873198034,-0.3163720452952869,-0.4872000130126253,7.999999821186066,0.7999999821186066,13.891755713818473,1
15:22:07.210467,86,0.027495753318911,2.466481973749512,0.5818466273902505,-1.1830000315967482,6.8799998462200165,0.6879999846220016,1.3881754193931124,1
15:22:07.210467,86,0.0526583427995549,2.4537668507711,0.9861280845865308,-0.8349600223009475,73.63999835401773,1.0,0.019578833665559556,1
15:22:07.210467,86,0.0267478052879278,2.4575768093931742,0.8375874030665227,-0.6958000185841229,21.639999516308308,1.0,0.3010693856810813,1
15:22:07.210467,86,0.0264218959092421,2.483459240911063,1.0600994722718249,-0.6958000185841229,95.51999786496162,1.0,0.08962603401727434,1
15:22:07.210467,86,0.0259207725197697,2.496961833305658,1.3041045930531003,-0.6958000185841229,164.75999631732702,1.0,0.6624830025268262,1
15:22:07.210467,86,0.0252845213910441,2.455306060748204,1.3944635034917623,-0.6958000185841229,184.6399958729744,1.0,0.828514484968936,1
15:22:07.210467,86,0.0246459948060588,2.39968360905073,1.4335771972678013,-0.6958000185841229,97.9999978095293,1.0,0.9320823700523538,1
15:22:07.210467,86,0.0240137899306727,2.3381283060912006,1.4481067490361523,-0.6958000185841229,20.239999547600743,1.0,1.2059962561244904,1
15:22:07.210467,86,0.0271490152640776,2.465173265341407,0.7109272952887724,-0.7655200204462744,7.879999823868275,0.7879999823868274,0.7333343982880723,1
15:22:07.210467,86,0.0,2.465304386106161,0.7108921615857455,-0.974120026017772,5.759999871253967,0.5759999871253967,0.9244331618454256,1
15:22:07.210467,86,-0.0240137899306727,2.3381283060912006,1.4481067490361523,-0.6958000185841229,18.999999575316902,1.0,1.3621473091802418,1
15:22:07.210467,86,0.0,2.4666147691443943,0.5818110449714333,-1.1830000315967482,5.239999882876873,0.5239999882876873,1.6110890439068755,1
15:22:07.210467,86,-0.0246459948060588,2.39968360905073,1.4335771972678013,-0.6958000185841229,78.87999823689461,1.0,1.08474010467843,1
15:22:07.210467,86,-0.0252845213910441,2.455306060748204,1.3944635034917623,-0.6958000185841229,152.11999659985304,1.0,0.9892854363989634,1
15:22:07.210467,86,-0.0264470847051086,2.492734131294921,1.084981955226209,-0.6958000185841229,93.3599979132414,1.0,0.4400285938222267,1
15:22:07.210467,86,-0.0267951399507692,2.469077974626555,0.8622222359557492,-0.6958000185841229,14.119999684393406,1.0,0.6510574709943759,1
15:22:07.210467,86,-0.0259207725197697,2.496961833305658,1.3041045930531003,-0.6958000185841229,166.23999628424644,1.0,0.8574937369480911,1
15:22:07.210467,86,0.0,2.399802641054493,1.4335453027385197,-0.6958000185841229,95.63999786227942,1.0,0.9650456840923198,1
15:22:07.210467,86,0.0,2.455428176624193,1.3944307826414084,-0.6958000185841229,192.2399957031012,1.0,0.8638067596541563,1
15:22:07.210467,86,0.0,2.4970870220641728,1.304071048826355,-0.6958000185841229,191.6399957165122,1.0,0.7129734614056691,1
15:22:07.210467,86,0.0,2.492861861967224,1.0849477298957169,-0.6958000185841229,105.35999764502048,1.0,0.2414890540902262,1
15:22:07.210467,86,0.0,2.457705992446435,0.8375527885717258,-0.6958000185841229,17.759999603033066,1.0,0.46211611404764186,1
15:22:07.260499,87,0.0758548290208201,2.43505983119854,1.3213459858146657,-0.6958000185841229,143.2399967983365,1.0,1.520258574637134,1
15:22:07.260499,87,0.1035328032094554,2.465259517252881,1.2053068692277191,-0.6958000185841229,70.99999841302633,1.0,3.3075286291384747,1
15:22:07.260499,87,0.0985987731074712,2.373325873311728,1.3385423512631074,-0.6958000185841229,106.23999762535097,1.0,0.6501998312106321,1
15:22:07.260499,87,0.0960551635661783,2.330752331674572,1.4252185004221134,-0.6958000185841229,52.87999881803989,1.0,2.225610228490021,1
15:22:07.260499,87,0.0779031481598812,2.364263046171557,0.7934046793195058,-0.6263600167294499,27.87999937683344,1.0,2.0883666179042972,1
15:22:07.260499,87,0.0776586628105435,2.4661346121084504,1.2050723882678689,-0.6958000185841229,98.75999779254198,1.0,3.1697631636470933,1
15:22:07.260499,87,0.1011279720931946,2.4342050628025387,1.32157502031609,-0.6958000185841229,101.23999773710966,1.0,1.653258712926771,1
15:22:07.260499,87,0.0739466146970453,2.392946714978223,1.4098631027367552,-0.6958000185841229,142.75999680906534,1.0,0.6250529463985434,1
15:22:07.260499,87,0.0493092480741856,2.3747546026801687,1.3381595243826312,-0.6958000185841229,164.63999632000923,1.0,0.3309467029444538,1
15:22:07.260499,87,0.0522484564833097,2.400024318107236,0.8647316215261238,-0.6263600167294499,30.23999932408333,1.0,0.8270472643601263,1
15:22:07.260499,87,0.0517482582537125,2.4586844971383965,1.1802723853974515,-0.6958000185841229,131.11999706923962,1.0,2.4975066674143664,1
15:22:07.260499,87,0.0505741005290948,2.435670441114528,1.321182373380786,-0.6958000185841229,188.51999578624964,1.0,1.5015797252289613,1
15:22:07.260499,87,0.0480371889001961,2.33214420328567,1.424845549547952,-0.6958000185841229,61.99999861419201,1.0,1.8617370817987822,1
15:22:07.260499,87,0.0467658293887748,2.2764775038438905,1.462669653168457,-0.6958000185841229,8.51999980956316,0.851999980956316,6.268258081144755,1
15:22:07.260499,87,0.1036321893797674,2.351202528612781,0.770045546110379,-0.6263600167294499,23.9999994635582,1.0,3.2860101549426606,1
15:22:07.260499,87,0.0720497786919401,2.3315642229484665,1.4250009548109317,-0.6958000185841229,60.75999864190817,1.0,1.9808016457441435,1
15:22:07.260499,87,0.120050943004535,2.3297086106524345,1.4254981646271188,-0.6958000185841229,42.75999904423952,1.0,2.597156915422511,1
15:22:07.260499,87,0.1919854574255198,2.3068811459665493,1.3570009635836475,-0.6958000185841229,20.63999953866005,1.0,5.806084794447482,1
15:22:07.260499,87,0.1263910024530849,2.433106221402648,1.3218694539818006,-0.6958000185841229,71.63999839872122,1.0,1.901695830876566,1
15:22:07.260499,87,0.0261255345074362,2.400402838563154,0.8646301972756416,-0.6263600167294499,30.35999932140112,1.0,0.6776162881732357,1
15:22:07.260499,87,0.2216069574620423,2.3655918875483875,1.3406146665026684,-0.6958000185841229,23.9999994635582,1.0,3.633962303629671,1
15:22:07.260499,87,0.206899976026999,2.4592616168697616,1.2069140017916586,-0.6958000185841229,22.75999949127436,1.0,5.01367823653752,1
15:22:07.260499,87,0.2020941610110883,2.42834647997894,1.323144822852464,-0.6958000185841229,30.23999932408333,1.0,3.352657069784291,1
15:22:07.260499,87,0.197039809218304,2.367613812972745,1.3400728932180557,-0.6958000185841229,30.63999931514263,1.0,2.782167372602606,1
15:22:07.260499,87,0.1812565912548825,2.347074497635564,0.7711516486770549,-0.6958000185841229,13.879999689757824,1.0,5.76679250699611,1
15:22:07.260499,87,0.1810827611104414,2.4611354451729164,1.2064119110110738,-0.6958000185841229,28.999999351799488,1.0,4.411013549057603,1
15:22:07.260499,87,0.123229977974968,2.3722545138092443,1.3388294211766014,-0.6958000185841229,75.51999831199646,1.0,0.9947126194928597,1
15:22:07.260499,87,0.1724529571587241,2.3693983408323005,1.339594730419217,-0.6958000185841229,40.11999910324812,1.0,2.059352895457702,1
15:22:07.260499,87,0.1553964676315375,2.34870042056899,0.7707159839400881,-0.6958000185841229,16.639999628067017,1.0,4.793471866609473,1
15:22:07.260499,87,0.1552474380694841,2.462759808800739,1.205976664088784,-0.6958000185841229,38.1199991479516,1.0,3.9267870588952176,1
15:22:07.260499,87,0.1516413938186203,2.4317634168820863,1.3222292573686776,-0.6958000185841229,52.11999883502722,1.0,2.2668106157809667,1
15:22:07.260499,87,0.1478488599479095,2.3709452926757626,1.3391802259220316,-0.6958000185841229,54.239998787641525,1.0,1.4640018386031812,1
15:22:07.260499,87,0.14403471744917,2.3284331642532816,1.4258399194597609,-0.6958000185841229,33.519999250769615,1.0,3.0965463035859684,1
15:22:07.260499,87,0.1295208044916207,2.350076476762884,0.7703472707941945,-0.6958000185841229,19.999999552965164,1.0,3.9670074798913144,1
15:22:07.260499,87,0.1293965904147862,2.464134545318227,1.2056083045491175,-0.6958000185841229,51.35999885201454,1.0,3.5594361793060574,1
15:22:07.260499,87,0.168029293145629,2.308619898144419,1.3565350663417497,-0.6958000185841229,26.119999416172504,1.0,4.970080867765192,1
15:22:07.260499,87,0.0258171550844729,2.433360968499062,1.1067763033082811,-0.6263600167294499,151.99999660253525,1.0,0.9931303984124853,1
15:22:07.260499,87,0.1768766211718192,2.430176783520181,1.3226543944966844,-0.6958000185841229,39.11999912559986,1.0,2.7499681211873135,1
15:22:07.260499,87,0.0246558568196054,2.375111829674386,1.338063805698016,-0.6263600167294499,149.99999664723873,1.0,0.3542220630915485,1
15:22:07.260499,87,-0.0739577084452697,2.3741592640481617,1.3383190448883004,-0.6263600167294499,40.51999909430742,1.0,1.6490492973076527,1
15:22:07.260499,87,-0.072031764596655,2.3372005463702257,1.4483553415041577,-0.6958000185841229,21.359999522566795,1.0,3.0092354967928165,1
15:22:07.260499,87,-0.1046609018586453,2.409740674495836,0.8891998842383109,-0.6263600167294499,14.119999684393406,1.0,2.008316785300902,1
15:22:07.260499,87,-0.1032428049480809,2.431490893055073,1.1072773885132832,-0.6263600167294499,42.87999904155731,1.0,2.7672337403352647,1
15:22:07.260499,87,-0.1007237163520867,2.3721633594507785,1.1290595102903245,-0.6263600167294499,45.759998977184296,1.0,1.6703705160666593,1
15:22:07.260499,87,-0.0985987731074712,2.373325873311728,1.3385423512631074,-0.6263600167294499,30.119999326765537,1.0,2.270603260799959,1
15:22:07.260499,87,-0.0755516018376015,2.3730147109382407,1.1288313913467838,-0.6263600167294499,62.99999859184027,1.0,1.1066648139620212,1
15:22:07.260499,87,-0.0960311475747274,2.3363888580877497,1.4485728327239529,-0.6958000185841229,16.8799996227026,1.0,3.639066284790608,1
15:22:07.260499,87,-0.1290341469660934,2.430369072198097,1.1075779795059622,-0.6263600167294499,32.239999279379845,1.0,3.4731149240712726,1
15:22:07.260499,87,-0.125330768274413,2.334334099047829,1.035107197602442,-0.6263600167294499,34.35999923199415,1.0,3.4093535241809807,1
15:22:07.260499,87,-0.123229977974968,2.3722545138092443,1.3388294211766014,-0.6263600167294499,23.11999948322773,1.0,3.0106810079278334,1
15:22:07.260499,87,-0.1548125856775141,2.4289981863558308,1.1079453072603127,-0.6263600167294499,24.99999944120645,1.0,4.295480965095952,1
15:22:07.260499,87,-0.1503693460817759,2.3330025586775665,1.0354639827693433,-0.6263600167294499,26.6399994045496,1.0,4.193104603721824,1
15:22:07.260499,87,0.0252883146696876,2.436036831490022,1.321084199375558,-0.7655200204462744,204.99999541789293,1.0,1.5962320335887896,1
15:22:07.260499,87,-0.0774411387360706,2.4323635367456125,1.107043564341123,-0.6263600167294499,58.51999869197607,1.0,2.1779340921687425,1
15:22:07.260499,87,-0.1472578389948232,2.3104647615032845,1.1514769568433278,-0.6263600167294499,18.23999959230423,1.0,5.495042409333546,1
15:22:07.260499,87,-0.0480251785024712,2.3377803816990586,1.448199975096054,-0.6958000185841229,27.519999384880062,1.0,2.50008762952086,1
15:22:07.260499,87,-0.0785048355200492,2.4106253044291184,0.8889628483620875,-0.6263600167294499,16.8799996227026,1.0,1.4946745014938236,1
15:22:07.260499,87,0.0,2.400529016254348,0.8645963880651835,-0.6263600167294499,27.87999937683344,1.0,0.6594574938339559,1
15:22:07.260499,87,0.0,2.433485656819633,1.1067428931734784,-0.6263600167294499,142.75999680906534,1.0,1.1124826926942992,1
15:22:07.260499,87,0.0,2.436158965686293,1.321051473616299,-0.6263600167294499,175.11999608576298,1.0,1.803351424067136,1
15:22:07.260499,87,0.0,2.375230909308413,1.3380318984062436,-0.6263600167294499,113.63999745994806,1.0,0.49830625922020705,1
15:22:07.260499,87,0.0240197954298076,2.332492214688636,1.4247523001735705,-0.6958000185841229,55.75999875366688,1.0,1.8675334697465604,1
15:22:07.260499,87,-0.0261255345074362,2.400402838563154,0.8646301972756416,-0.6263600167294499,24.119999460875988,1.0,0.7718075637915198,1
15:22:07.260499,87,0.0,2.338244284754504,1.448075672646981,-0.6958000185841229,45.639998979866505,1.0,1.8452470242400822,1
15:22:07.260499,87,-0.0252579737508198,2.406937611873736,1.2242068736564715,-0.6263600167294499,127.87999714165926,1.0,0.6572309896459833,1
15:22:07.260499,87,-0.0246558568196054,2.375111829674386,1.338063805698016,-0.6263600167294499,79.87999821454287,1.0,0.7625034126286605,1
15:22:07.260499,87,-0.0240137899306727,2.3381283060912006,1.4481067490361523,-0.6958000185841229,35.63999920338392,1.0,2.1119460940539154,1
15:22:07.260499,87,-0.0523409187636726,2.411257246147797,0.8887935200889039,-0.6263600167294499,20.239999547600743,1.0,1.1076145059836895,1
15:22:07.260499,87,-0.0516317284750669,2.4329869160060764,1.1068765303717034,-0.6263600167294499,81.51999817788601,1.0,1.705445468976046,1
15:22:07.260499,87,-0.0505134217254257,2.4065716610933987,1.2243049298725324,-0.6263600167294499,89.23999800533056,1.0,1.0301520491730147,1
15:22:07.260499,87,-0.0493092480741856,2.3747546026801687,1.3381595243826312,-0.6263600167294499,56.11999874562025,1.0,1.1462368332272113,1
15:22:07.260499,87,-0.0258171550844729,2.433360968499062,1.1067763033082811,-0.6263600167294499,112.35999748855828,1.0,1.350130080114649,1
15:22:07.313076,88,0.1290341469660934,2.430369072198097,1.1075779795059622,-0.6958000185841229,24.99999944120645,1.0,1.8442374994618305,1
15:22:07.313076,88,0.1548125856775141,2.4289981863558308,1.1079453072603127,-0.6958000185841229,20.999999530613422,1.0,2.251375794267868,1
15:22:07.313076,88,0.1516413938186203,2.4317634168820863,1.3222292573686776,-0.6958000185841229,72.51999837905169,1.0,1.8356922428442708,1
15:22:07.313076,88,0.1478488599479095,2.3709452926757626,1.3391802259220316,-0.6958000185841229,127.75999714434148,1.0,0.4924448933458525,1
15:22:07.313076,88,0.14403471744917,2.3284331642532816,1.4258399194597609,-0.7655200204462744,111.35999751091003,1.0,0.8807043998294453,1
15:22:07.313076,88,0.1402577404671522,2.2673753955340485,1.440895938221066,-0.6958000185841229,37.51999916136265,1.0,3.0660104389453284,1
15:22:07.313076,88,0.1263720436455647,2.4261955004357434,1.297542095337734,-0.6958000185841229,96.23999784886836,1.0,1.296065141636749,1
15:22:07.313076,88,0.0935129530701664,2.2751224697174988,1.4630327334683404,-0.6958000185841229,36.999999172985554,1.0,2.821629918156266,1
15:22:07.313076,88,0.120050943004535,2.3297086106524345,1.4254981646271188,-0.6958000185841229,131.51999706029892,1.0,0.7138648614039388,1
15:22:07.313076,88,0.1169028849777772,2.2686173963044207,1.440563145117646,-0.6958000185841229,38.75999913364649,1.0,2.966653168489483,1
15:22:07.313076,88,0.1032428049480809,2.431490893055073,1.1072773885132832,-0.6958000185841229,28.759999357163903,1.0,1.5734742806107433,1
15:22:07.313076,88,0.1011128027716399,2.4272941770080583,1.2972477058374392,-0.6958000185841229,115.35999742150308,1.0,1.1058022737321658,1
15:22:07.313076,88,0.0985987731074712,2.373325873311728,1.3385423512631074,-0.6958000185841229,179.99999597668648,1.0,0.13397944581427146,1
15:22:07.313076,88,0.0960551635661783,2.330752331674572,1.4252185004221134,-0.6958000185841229,127.87999714165926,1.0,0.6788539577212391,1
15:22:07.313076,88,0.1635985702999887,2.265907870047197,1.44128916049014,-0.7655200204462744,33.99999924004078,1.0,3.2971846556667557,1
15:22:07.313076,88,0.123229977974968,2.3722545138092443,1.3388294211766014,-0.6958000185841229,166.87999626994133,1.0,0.24680034474381732,1
15:22:07.313076,88,0.1680040885427325,2.326926120020684,1.4262437307448432,-0.7655200204462744,83.8799981251359,1.0,1.1786131322155446,1
15:22:07.313076,88,0.2063204434395846,2.4255097929577474,1.1088800194542112,-0.6958000185841229,14.119999684393406,1.0,3.4712252849840866,1
15:22:07.313076,88,0.1768766211718192,2.430176783520181,1.3226543944966844,-0.6958000185841229,53.11999881267548,1.0,2.2872485265587077,1
15:22:07.313076,88,0.2706317167568178,2.37962612582276,1.4134323438436684,-0.7655200204462744,27.239999391138557,1.0,3.8310499609890227,1
15:22:07.313076,88,0.0822894593553875,2.242179071613551,-0.2269629470489458,-0.0697200018621515,17.519999608397484,1.0,8.552467751650461,1
15:22:07.313076,88,0.2636896277028308,2.318585325880232,1.4284786397990117,-0.7655200204462744,26.119999416172504,1.0,3.6670074946430686,1
15:22:07.313076,88,0.2524660932373182,2.4239556188222413,1.3243213505534783,-0.7655200204462744,23.11999948322773,1.0,4.419445182532742,1
15:22:07.313076,88,0.2461150220978566,2.3821218416681944,1.4127636187983468,-0.7655200204462744,35.11999921500683,1.0,2.9498711654553,1
15:22:07.313076,88,0.2398018211862924,2.321017023059044,1.4278270685037122,-0.7655200204462744,33.7599992454052,1.0,2.851697500099001,1
15:22:07.313076,88,0.233513573638015,2.260153725472064,1.4428309788821787,-0.7655200204462744,20.359999544918537,1.0,4.7749647906308885,1
15:22:07.313076,88,0.1724529571587241,2.3693983408323005,1.339594730419217,-0.6958000185841229,90.63999797403812,1.0,0.8701059120877226,1
15:22:07.313076,88,0.2272914916035709,2.4262726892871838,1.3237004933935914,-0.6958000185841229,29.759999334812164,1.0,3.5798770882190434,1
15:22:07.313076,88,0.2158900346885416,2.323217864012318,1.427237354947613,-0.7655200204462744,44.87999899685383,1.0,2.164779211796456,1
15:22:07.313076,88,0.2102288183782905,2.262296854466938,1.4422567291987265,-0.7655200204462744,24.51999945193529,1.0,4.152292706843014,1
15:22:07.313076,88,0.2020941610110883,2.42834647997894,1.323144822852464,-0.6958000185841229,39.23999912291765,1.0,2.8689011301974254,1
15:22:07.313076,88,0.1970102530019256,2.3864022457286067,1.4116166879870802,-0.7655200204462744,64.23999856412411,1.0,1.569927565125799,1
15:22:07.313076,88,0.1919566593681947,2.325187628657803,1.4267095581015758,-0.7655200204462744,60.99999863654375,1.0,1.6068673070012371,1
15:22:07.313076,88,0.1869230404128581,2.2642149665951843,1.4417427726029706,-0.7655200204462744,29.23999934643507,1.0,3.6594946583383727,1
15:22:07.313076,88,0.1805755432600692,2.427378372615708,1.1083793350438675,-0.6958000185841229,17.23999961465597,1.0,2.793990377243032,1
15:22:07.313076,88,0.2215737161428809,2.384380623595577,1.4121583800050264,-0.7655200204462744,46.75999895483256,1.0,2.1959468654011687,1
15:22:07.313076,88,0.0774411387360706,2.4323635367456125,1.107043564341123,-0.6958000185841229,30.879999309778214,1.0,1.4400273167864825,1
15:22:07.313076,88,0.0839358993092754,2.2870403847901604,-0.2715198174011313,-0.0697200018621515,24.23999945819378,1.0,8.377251889530255,1
15:22:07.313076,88,0.0739577084452697,2.3741592640481617,1.3383190448883004,-0.6958000185841229,152.87999658286572,1.0,0.15482719535622397,1
15:22:07.313076,88,0.0,2.2769292421157803,1.462548610263314,-0.6958000185841229,19.519999563694,1.0,4.298105821369352,1
15:22:07.313076,88,-0.0564204436966936,2.256510613628925,-0.4767274074532226,-1.7396400464640465,8.999999798834324,0.8999999798834324,11.074741172043266,1
15:22:07.313076,88,-0.0559619297078916,2.2877160450360163,-0.2717008600183659,-2.0874000557523686,18.639999583363533,1.0,8.465078762693361,1
15:22:07.313076,88,-0.0258754228871614,2.459059393845889,1.180171932127434,-0.6958000185841229,20.63999953866005,1.0,3.237667921169453,1
15:22:07.313076,88,-0.0252845213910441,2.429125670927961,1.2967569585206586,-0.6958000185841229,39.23999912291765,1.0,2.173987621386218,1
15:22:07.313076,88,-0.0246558568196054,2.375111829674386,1.338063805698016,-0.6958000185841229,40.23999910056591,1.0,1.593104250144889,1
15:22:07.313076,88,-0.0240233989695233,2.31418682785875,1.3550434120204735,-0.6958000185841229,30.119999326765537,1.0,2.763334473574509,1
15:22:07.313076,88,0.0,2.332608222356514,1.4247212160126468,-0.6958000185841229,40.11999910324812,1.0,1.873513098058519,1
15:22:07.313076,88,-0.0505665143511325,2.4287593355114785,1.296855117799664,-0.6958000185841229,29.519999340176582,1.0,2.798623553974697,1
15:22:07.313076,88,-0.0480443956192765,2.31383876424581,1.3551366753844758,-0.6958000185841229,23.23999948054552,1.0,3.5427677673935056,1
15:22:07.313076,88,-0.0776586628105435,2.4661346121084504,1.2050723882678689,-0.6958000185841229,14.239999681711195,1.0,4.832623540407759,1
15:22:07.313076,88,-0.0758434507021505,2.428148817187737,1.297018705691475,-0.6958000185841229,22.75999949127436,1.0,3.5628043933225997,1
15:22:07.313076,88,-0.0739577084452697,2.3741592640481617,1.3383190448883004,-0.6958000185841229,23.519999474287037,1.0,3.1389301141342045,1
15:22:07.313076,88,-0.0720605878697194,2.3132586968977824,1.3552921039619354,-0.6958000185841229,18.35999958962202,1.0,4.462142106100099,1
15:22:07.313076,88,-0.1011279720931946,2.4342050628025387,1.32157502031609,-0.6958000185841229,17.999999597668648,1.0,4.674524534363866,1
15:22:07.313076,88,0.0758434507021505,2.428148817187737,1.297018705691475,-0.6958000185841229,115.99999740719797,1.0,1.0488855185331827,1
15:22:07.313076,88,-0.0493092480741856,2.3747546026801687,1.3381595243826312,-0.6958000185841229,30.35999932140112,1.0,2.29626329878992,1
15:22:07.313076,88,0.0,2.375230909308413,1.3380318984062436,-0.6958000185841229,55.23999876528978,1.0,1.0283906661855846,1
15:22:07.313076,88,-0.0517767566104131,2.466759742376181,1.2049048851174664,-0.6958000185841229,17.11999961733818,1.0,4.14236255250633,1
15:22:07.313076,88,0.0,2.4591843635806767,1.1801384465879194,-0.6958000185841229,24.35999945551157,1.0,2.8244301739551423,1
15:22:07.313076,88,0.0720497786919401,2.3315642229484665,1.4250009548109317,-0.6958000185841229,103.63999768346548,1.0,0.7764664457485251,1
15:22:07.313076,88,0.0,2.4292477868039506,1.2967242376703043,-0.6958000185841229,53.35999880731106,1.0,1.6877679469616493,1
15:22:07.313076,88,0.0701428983450049,2.275912873354066,1.4628209454522274,-0.6958000185841229,33.2399992570281,1.0,2.9897067481299953,1
15:22:07.313076,88,0.0559619297078916,2.2877160450360163,-0.2717008600183659,-0.1391600037168245,23.9999994635582,1.0,8.042233162216014,1
15:22:07.313076,88,0.0516317284750669,2.4329869160060764,1.1068765303717034,-0.6958000185841229,30.63999931514263,1.0,1.4448797186009863,1
15:22:07.313076,88,0.0493092480741856,2.3747546026801687,1.3381595243826312,-0.6958000185841229,111.63999750465156,1.0,0.31022599346026575,1
15:22:07.313076,88,0.0480371889001961,2.33214420328567,1.424845549547952,-0.6958000185841229,76.2399982959032,1.0,1.0075320026710801,1
15:22:07.313076,88,0.0467658293887748,2.2764775038438905,1.462669653168457,-0.6958000185841229,28.359999366104603,1.0,3.2912658884314245,1
15:22:07.313076,88,0.0505665143511325,2.4287593355114785,1.296855117799664,-0.6958000185841229,97.11999782919884,1.0,1.1262507319811075,1
15:22:07.313076,88,0.0233840838887862,2.276816304724397,1.4625788717461303,-0.6958000185841229,23.639999471604824,1.0,3.7271181238986384,1
15:22:07.313076,88,0.027982363960422,2.288121468211606,-0.2718094928308581,-0.1391600037168245,22.879999488592148,1.0,7.882198750168221,1
15:22:07.313076,88,0.0258171550844729,2.433360968499062,1.1067763033082811,-0.6958000185841229,28.11999937146902,1.0,1.589056042002594,1
15:22:07.313076,88,0.0252845213910441,2.429125670927961,1.2967569585206586,-0.6958000185841229,73.11999836564064,1.0,1.3388733598536715,1
15:22:07.313076,88,0.0246558568196054,2.375111829674386,1.338063805698016,-0.6958000185841229,77.99999825656414,1.0,0.6010951994871758,1
15:22:07.313076,88,0.0240197954298076,2.332492214688636,1.4247523001735705,-0.6958000185841229,54.9999987706542,1.0,1.3729148071611108,1
15:22:07.313076,88,0.027679138908616,2.2143200898616007,-0.4300867256608391,-1.7396400464640465,16.8799996227026,1.0,11.237990414968777,1
15:22:07.313076,88,0.0,2.28825661377495,-0.2718457049754166,-2.0874000557523686,20.87999953329563,1.0,7.89843329589008,1
15:22:07.370089,89,0.1440563260771986,2.31012716846944,1.3561311944753849,-0.6958000185841229,69.11999845504761,1.0,1.4719550166399857,1
15:22:07.370089,89,0.1476714708920167,2.342578840216192,1.2447244515293352,-0.6958000185841229,44.63999900221825,1.0,3.6209568374331864,1
15:22:07.370089,89,0.1479938492337256,2.236815425953296,0.8292753618469151,-0.904680024163099,48.87999890744686,1.0,1.2877206559232797,1
15:22:07.370089,89,0.168029293145629,2.308619898144419,1.3565350663417497,-0.6958000185841229,51.23999885469675,1.0,2.0093303563225184,1
15:22:07.370089,89,0.1538825510064199,2.2976554775776683,0.677585395298892,-0.6958000185841229,6.6399998515844345,0.6639999851584435,1.988484748471021,1
15:22:07.370089,89,0.1635985702999887,2.265907870047197,1.44128916049014,-0.7655200204462744,42.23999905586243,1.0,1.9430408631791989,1
15:22:07.370089,89,0.1402577404671522,2.2673753955340485,1.440895938221066,-0.7655200204462744,51.99999883770943,1.0,1.7460475136217055,1
15:22:07.370089,89,0.150217301015399,2.242928793730262,0.7090833142397108,-0.904680024163099,35.11999921500683,1.0,1.223381907742575,1
15:22:07.370089,89,0.1282589759429602,2.299018127840393,0.6772202742614288,-0.6958000185841229,6.6399998515844345,0.6639999851584435,1.523685750499014,1
15:22:07.370089,89,0.1011638271209572,2.295200434869697,0.7993412038804855,-0.6958000185841229,43.75999902188778,1.0,0.5120570052242333,1
15:22:07.370089,89,0.1233508245374915,2.2381259309860044,0.8289242130817238,-0.904680024163099,58.23999869823456,1.0,1.3569930836312158,1
15:22:07.370089,89,0.1230821266526219,2.3438864905462125,1.244374067679424,-0.6958000185841229,56.11999874562025,1.0,2.9480825107331556,1
15:22:07.370089,89,0.1200689534968511,2.3114028062158405,1.355789388371402,-0.6958000185841229,88.2399980276823,1.0,1.0903355148803364,1
15:22:07.370089,89,0.1169028849777772,2.2686173963044207,1.440563145117646,-0.7655200204462744,58.75999868661165,1.0,1.7136284027100581,1
15:22:07.370089,89,0.2718627874070187,2.179358380909145,0.6229566552837462,-0.904680024163099,11.119999751448631,1.0,6.40082405862752,1
15:22:07.370089,89,0.1026225750893617,2.3001332093726097,0.6769214890653763,-0.6958000185841229,6.7599998489022255,0.6759999848902225,1.2386718106431116,1
15:22:07.370089,89,0.0994990924941289,2.284252632719512,0.9191987009264232,-0.6958000185841229,62.35999860614538,1.0,0.0670375175741239,1
15:22:07.370089,89,0.1722460481080416,2.341033744405485,1.2451384587040426,-0.6958000185841229,34.35999923199415,1.0,4.443362356835683,1
15:22:07.370089,89,0.125204040816471,2.2442589877214307,0.7087268898340002,-0.904680024163099,41.999999061226845,1.0,1.2169004204941443,1
15:22:07.370089,89,0.1726220746690257,2.235266957077892,0.8296902728315843,-0.904680024163099,38.6399991363287,1.0,1.4046628514588586,1
15:22:07.370089,89,0.2472345692962009,2.1818654494613696,0.622284888289808,-0.904680024163099,13.519999697804453,1.0,5.835104010705128,1
15:22:07.370089,89,0.1774377377539615,2.2413431093903933,0.5869968736472471,-0.904680024163099,6.519999854266644,0.6519999854266645,1.8833128330435982,1
15:22:07.370089,89,0.09848047430368,2.3449565646316106,1.2440873421924,-0.6958000185841229,65.35999853909016,1.0,2.4304797504150155,1
15:22:07.370089,89,0.2568135000803428,2.2399583918254784,1.375585074650728,-0.6958000185841229,15.87999964505434,1.0,4.1847774689860415,1
15:22:07.370089,89,0.2532670069499707,2.2351022089091206,0.5886691178912469,-0.904680024163099,5.999999865889549,0.5999999865889549,3.6454927850192345,1
15:22:07.370089,89,0.2439929022434086,2.180656354790265,0.7426031121638725,-0.904680024163099,18.23999959230423,1.0,5.830452532096434,1
15:22:07.370089,89,0.2458566121022944,2.334975447798788,1.2467617743873154,-0.6958000185841229,16.359999634325504,1.0,7.7536319681176895,1
15:22:07.370089,89,0.2398377971540755,2.3027099146779104,1.3581186416388815,-0.7655200204462744,21.7599995136261,1.0,4.504713881460956,1
15:22:07.370089,89,0.233548606219338,2.2423266786218408,1.3749504941161972,-0.6958000185841229,20.119999550282955,1.0,3.466845322462965,1
15:22:07.370089,89,0.2280125423793811,2.2374266299591827,0.5880462911480131,-0.904680024163099,6.239999860525131,0.6239999860525132,2.882624224427885,1
15:22:07.370089,89,0.2251569545271494,2.2374896305892027,0.7105407336108587,-0.904680024163099,16.759999625384808,1.0,2.3454025991560834,1
15:22:07.370089,89,0.2196632030086453,2.182895660434022,0.7420030920250216,-0.904680024163099,23.23999948054552,1.0,5.48953370041323,1
15:22:07.370089,89,0.2213410734438814,2.3372318581040608,1.2461571710682242,-0.6958000185841229,20.63999953866005,1.0,6.514892666669821,1
15:22:07.370089,89,0.2159224233205137,2.304911085809591,1.3575288396117453,-0.6958000185841229,28.359999366104603,1.0,3.5306288960505494,1
15:22:07.370089,89,0.2102603576933785,2.2444701291369573,1.3743761582816556,-0.6958000185841229,25.63999942690134,1.0,2.9008152905659554,1
15:22:07.370089,89,0.2027352767455827,2.239506999464676,0.5874888578190576,-0.904680024163099,6.359999857842922,0.6359999857842922,2.2934528338400475,1
15:22:07.370089,89,0.2001962567975911,2.239543945923176,0.7099902814761219,-0.904680024163099,21.239999525249004,1.0,1.7931708777751596,1
15:22:07.370089,89,0.1972330380414818,2.233480679205384,0.8301689045449803,-0.904680024163099,29.879999332129955,1.0,1.7023429508302685,1
15:22:07.370089,89,0.1968034008635637,2.33925135762238,1.2456160478031757,-0.6958000185841229,26.519999407231808,1.0,5.4097755870356385,1
15:22:07.370089,89,0.1919854574255198,2.3068811459665493,1.3570009635836475,-0.6958000185841229,37.75999915599823,1.0,2.697229707819898,1
15:22:07.370089,89,0.1869510833078059,2.2463885290275725,1.3738621245802054,-0.6958000185841229,33.11999925971031,1.0,2.491014975336213,1
15:22:07.370089,89,0.1752155396100777,2.241357060740182,0.70950445882512,-0.904680024163099,27.519999384880062,1.0,1.4173553496798363,1
15:22:07.370089,89,0.0960695741217477,2.312446683820917,1.355509682210125,-0.6958000185841229,98.99999778717756,1.0,0.8699087338336767,1
15:22:07.370089,89,0.1137138964678374,2.212624333919884,1.477814916534254,-0.6958000185841229,11.639999739825726,1.0,7.022144658724895,1
15:22:07.370089,89,0.0,2.2971550305117523,0.7988174715566676,-0.7655200204462744,19.35999956727028,1.0,1.5759219855161937,1
15:22:07.370089,89,0.0,2.2968737397439565,0.9415990215202376,-0.6958000185841229,29.999999329447743,1.0,1.3116140729371246,1
15:22:07.370089,89,0.0,2.346859314966188,1.2435775017768518,-0.6958000185841229,38.35999914258719,1.0,2.035020679395647,1
15:22:07.370089,89,0.0,2.314302852930533,1.3550123231961877,-0.6958000185841229,41.11999908089638,1.0,1.715889078921287,1
15:22:07.370089,89,0.0,2.2769292421157803,1.462548610263314,-0.7655200204462744,26.359999410808086,1.0,3.93715395729052,1
15:22:07.370089,89,-0.0256620588483852,2.3019920503617715,0.6764234141234726,-0.6958000185841229,6.239999860525131,0.6239999860525132,2.7436258737482393,1
15:22:07.370089,89,-0.0252972806679745,2.297032853012676,0.7988502089188785,-0.7655200204462744,15.359999656677246,1.0,2.3535746411672887,1
15:22:07.370089,89,-0.0249250239762742,2.2967533601215844,0.9416312771428376,-0.4872000130126253,23.23999948054552,1.0,2.107019727993042,1
15:22:07.370089,89,0.0,2.302115989618817,0.6763902046996366,-0.6958000185841229,6.6399998515844345,0.6639999851584435,2.028630936440327,1
15:22:07.370089,89,-0.0246262747236393,2.3467403782039007,1.2436093707862572,-0.6958000185841229,29.519999340176582,1.0,2.387267238983492,1
15:22:07.370089,89,-0.0233840838887862,2.276816304724397,1.4625788717461303,-0.7655200204462744,20.75999953597784,1.0,4.958996833592765,1
15:22:07.370089,89,-0.0510039771488833,2.3428593630628813,0.8917719999627542,-0.6958000185841229,12.519999720156193,1.0,3.2374947067538105,1
15:22:07.370089,89,-0.0500817874284517,2.327103721145384,1.0111007669273948,-0.6958000185841229,18.23999959230423,1.0,2.592726139788237,1
15:22:07.370089,89,-0.0492500868404383,2.346383579810616,1.2437049746275983,-0.6958000185841229,22.75999949127436,1.0,2.9336152600994287,1
15:22:07.370089,89,-0.0480443956192765,2.31383876424581,1.3551366753844758,-0.6958000185841229,23.519999474287037,1.0,3.261994122570792,1
15:22:07.370089,89,-0.0738689739898149,2.345788955465874,1.243864303740572,-0.6958000185841229,17.879999600350857,1.0,3.681237497943625,1
15:22:07.370089,89,-0.0720605878697194,2.3132586968977824,1.3552921039619354,-0.7655200204462744,18.35999958962202,1.0,4.338779347462484,1
15:22:07.370089,89,0.0935363392978456,2.2696337481592765,1.4402908144589113,-0.7655200204462744,58.999998681247234,1.0,1.8509045321942694,1
15:22:07.370089,89,-0.0240233989695233,2.31418682785875,1.3550434120204735,-0.6958000185841229,30.759999312460423,1.0,2.3899609167458875,1
15:22:07.370089,89,0.0233899319076108,2.271328006769641,1.4398368392324947,-0.7655200204462744,33.87999924272299,1.0,3.334950316949786,1
15:22:07.370089,89,-0.0518264596358424,2.3527041938751,0.7696431761160389,-0.6958000185841229,5.999999865889549,0.5999999865889549,4.285153955595862,1
15:22:07.370089,89,0.0246262747236393,2.3467403782039007,1.2436093707862572,-0.6958000185841229,49.51999889314175,1.0,1.8698974827534383,1
15:22:07.370089,89,0.0240233989695233,2.31418682785875,1.3550434120204735,-0.6958000185841229,55.75999875366688,1.0,1.2331718758274728,1
15:22:07.370089,89,0.0839358993092754,2.2870403847901604,-0.2715198174011313,-0.0697200018621515,16.519999630749226,1.0,11.599306416151977,1
15:22:07.370089,89,0.0822894593553875,2.242179071613551,-0.2269629470489458,-0.0697200018621515,15.87999964505434,1.0,9.951457560961034,1
15:22:07.370089,89,0.0806430194014995,2.197317758436941,-0.1824060766967608,-0.0697200018621515,6.7599998489022255,0.6759999848902225,11.807382371611912,1
15:22:07.370089,89,0.0769759120642315,2.3010006106670984,0.6766890695890044,-0.6958000185841229,6.8799998462200165,0.6879999846220016,1.139881068011623,1
15:22:07.370089,89,0.0746330267743678,2.285093633265003,0.9189733555094248,-0.6958000185841229,58.51999869197607,1.0,0.16058337084378807,1
15:22:07.370089,89,0.0738689739898149,2.345788955465874,1.243864303740572,-0.6958000185841229,67.35999849438667,1.0,2.074102978740805,1
15:22:07.370089,89,0.0720605878697194,2.3132586968977824,1.3552921039619354,-0.6958000185841229,92.63999792933464,1.0,0.81631390987174,1
15:22:07.370089,89,0.0701604400623492,2.270424349464282,1.4400789734777,-0.7655200204462744,52.51999882608652,1.0,2.1631870373616575,1
15:22:07.370089,89,0.0758817234294014,2.2960555063247234,0.7991120881746405,-0.6958000185841229,39.23999912291765,1.0,0.4848173456529433,1
15:22:07.370089,89,0.0513215515123854,2.3016202449844565,0.6765230390740657,-0.6958000185841229,6.8799998462200165,0.6879999846220016,1.2339797694768222,1
15:22:07.370089,89,0.0505920316290764,2.296666332733092,0.7989484177318027,-0.6958000185841229,31.75999929010868,1.0,0.6485529801549986,1
15:22:07.370089,89,0.0497594978144569,2.2856944080185277,0.9188123783993848,-0.6958000185841229,49.23999889940024,1.0,0.4447177348056459,1
15:22:07.370089,89,0.0492500868404383,2.346383579810616,1.2437049746275983,-0.6958000185841229,60.63999864459038,1.0,1.88511771013178,1
15:22:07.370089,89,0.0480443956192765,2.31383876424581,1.3551366753844758,-0.6958000185841229,74.5199983343482,1.0,0.9353898222265766,1
15:22:07.370089,89,0.0467775248416269,2.270989121159969,1.4399276433579329,-0.7655200204462744,42.9999990388751,1.0,2.6559745260538135,1
15:22:07.370089,89,0.0256620588483852,2.3019920503617715,0.6764234141234726,-0.6958000185841229,6.8799998462200165,0.6879999846220016,1.5278589405975334,1
15:22:07.370089,89,0.0252972806679745,2.297032853012676,0.7988502089188785,-0.6958000185841229,24.759999446570877,1.0,1.0099531898560417,1
15:22:07.370089,89,0.0248809929464531,2.286054896903113,0.91871578569388,-0.6958000185841229,38.87999913096428,1.0,0.9258989724587771,1
15:22:07.421332,90,0.2378906677369255,2.1261183894124542,0.7740504641431667,-0.7655200204462744,30.759999312460423,1.0,3.1694376283512167,1
15:22:07.421332,90,0.2323934556106648,2.297710818631362,1.6261296405629804,-0.6958000185841229,32.99999926239252,1.0,3.777465229616593,1
15:22:07.421332,90,0.2280125423793811,2.2374266299591827,0.5880462911480131,-0.6958000185841229,5.119999885559082,0.5119999885559082,0.9385915579448292,1
15:22:07.421332,90,0.2225816279355868,2.184134506312066,0.6216768963390837,-0.7655200204462744,16.359999634325504,1.0,1.0440802110075365,1
15:22:07.421332,90,0.2196632030086453,2.182895660434022,0.7420030920250216,-0.7655200204462744,35.759999200701714,1.0,0.8366872104486412,1
15:22:07.421332,90,0.2001962567975911,2.239543945923176,0.7099902814761219,-0.5566400148672983,22.359999500215054,1.0,0.24800726232757403,1
15:22:07.421332,90,0.2092203926766691,2.299843667463997,1.6255581454406982,-0.6263600167294499,28.999999351799488,1.0,3.921209308813615,1
15:22:07.421332,90,0.2050809759575671,2.2941880406592694,0.6785144922209825,-0.4872000130126253,6.239999860525131,0.6239999860525132,1.4076181106377195,1
15:22:07.421332,90,0.1904268184776393,2.1302557564509863,0.7729418599864009,-0.6263600167294499,38.99999912828207,1.0,2.3160297337445064,1
15:22:07.421332,90,0.2439929022434086,2.180656354790265,0.7426031121638725,-0.7655200204462744,27.519999384880062,1.0,1.2531930623623053,1
15:22:07.421332,90,0.1858304607690582,2.3054134471264565,1.6481525222618392,-0.6263600167294499,24.879999443888664,1.0,4.448842806212259,1
15:22:07.421332,90,0.2141694514901412,2.1283016902788408,0.773465450439184,-0.7655200204462744,35.11999921500683,1.0,2.677596598235389,1
15:22:07.421332,90,0.2472345692962009,2.1818654494613696,0.622284888289808,-0.7655200204462744,12.11999972909689,1.0,1.5124045217531046,1
15:22:07.421332,90,0.3487543237357726,2.271287475070864,1.5608139378422177,-0.6263600167294499,31.239999301731583,1.0,4.3894182286929695,1
15:22:07.421332,90,0.2682982023923649,2.1781821581845,0.7432660711463033,-0.7655200204462744,21.359999522566795,1.0,1.80151000637551,1
15:22:07.421332,90,0.2718627874070187,2.179358380909145,0.6229566552837462,-0.6958000185841229,9.119999796152117,0.9119999796152116,2.114928661113065,1
15:22:07.421332,90,0.2718275787656296,2.2187372401011465,1.5703147878862942,-0.6958000185841229,19.239999569952488,1.0,4.370879247894402,1
15:22:07.421332,90,0.2793808327390183,2.2803891370528864,1.5583751548643536,-0.6263600167294499,37.63999915868044,1.0,3.268096554191078,1
15:22:07.421332,90,0.2869042319536189,2.3417973506174645,1.5464827140677966,-0.6263600167294499,31.63999929279089,1.0,3.912449375620718,1
15:22:07.421332,90,0.2925766729458625,2.175473318034312,0.743991902676971,-0.6958000185841229,16.8799996227026,1.0,2.48284551085138,1
15:22:07.421332,90,0.2964638194668627,2.176613551360145,0.6236921301447618,-0.6958000185841229,7.239999838173389,0.723999983817339,2.852888441182235,1
15:22:07.421332,90,0.3025363539556698,2.2775786694981544,1.559128217375998,-0.6263600167294499,37.11999917030335,1.0,3.522331110075499,1
15:22:07.421332,90,0.325661621790391,2.274544681038712,1.5599411721335508,-0.6263600167294499,34.879999220371246,1.0,3.8956988519411295,1
15:22:07.421332,90,0.4017639695530293,2.3826215827174533,0.621150899643722,-1.2524400334514212,6.999999843537808,0.6999999843537809,10.492842693095403,1
15:22:07.421332,90,0.179490737943702,2.2960453948483197,0.678016815665968,-0.5566400148672983,7.519999831914902,0.7519999831914902,1.415474106379941,1
15:22:07.421332,90,0.2555432793937989,2.2953542455762146,1.6267610824100125,-0.6958000185841229,36.11999919265509,1.0,3.7479832632975887,1
15:22:07.421332,90,0.1752155396100777,2.241357060740182,0.70950445882512,-0.5566400148672983,29.519999340176582,1.0,0.17168549368440433,1
15:22:07.421332,90,0.1953115376376152,2.1848998511870805,0.7414660707312615,-0.7655200204462744,46.75999895483256,1.0,0.5508111366964998,1
15:22:07.421332,90,0.1666651429428292,2.13198039252391,0.7724797451434235,-0.6263600167294499,41.999999061226845,1.0,2.0836484920043477,1
15:22:07.421332,90,0.1709403412764535,2.186668726632046,0.7409921019842716,-0.7655200204462744,59.35999867320061,1.0,0.3944102888925539,1
15:22:07.421332,90,-0.0244395958680347,2.1923321014366106,0.739474605278954,-0.2783200074336491,21.639999516308308,1.0,3.6750453835624715,1
15:22:07.421332,90,-0.0252972806679745,2.297032853012676,0.7988502089188785,-0.6263600167294499,13.519999697804453,1.0,5.707130071295897,1
15:22:07.421332,90,0.0,2.247283063110291,0.7079165912757044,-0.6263600167294499,16.239999637007713,1.0,3.170241698765065,1
15:22:07.421332,90,0.0244395958680347,2.1923321014366106,0.739474605278954,-0.6263600167294499,34.639999225735664,1.0,2.113846363660361,1
15:22:07.421332,90,0.02505082735821,2.247162075899191,0.7079490097012133,-0.6263600167294499,19.879999555647373,1.0,2.3709569153663574,1
15:22:07.421332,90,0.0488767477969582,2.191978007744564,0.7395694843977827,-0.6263600167294499,44.519999004900455,1.0,1.516071015583355,1
15:22:07.421332,90,0.0500991496546718,2.24679912636451,0.7080462617359242,-0.6263600167294499,24.35999945551157,1.0,1.6935831491023978,1
15:22:07.421332,90,0.0513215515123854,2.3016202449844565,0.6765230390740657,-0.5566400148672983,8.999999798834324,0.8999999798834324,3.35577102703027,1
15:22:07.421332,90,0.073309012092051,2.191387890934698,0.7397276057204265,-0.6263600167294499,56.35999874025583,1.0,1.0414372103286056,1
15:22:07.421332,90,0.0751424620781412,2.2461942508008987,0.7082083376547152,-0.6263600167294499,29.759999334812164,1.0,1.1391253457496848,1
15:22:07.421332,90,0.0769759120642315,2.3010006106670984,0.6766890695890044,-0.5566400148672983,9.519999787211418,0.9519999787211418,2.718173143865455,1
15:22:07.421332,90,0.0,2.192450136601765,0.7394429778517724,-0.6263600167294499,27.239999391138557,1.0,2.833811445744247,1
15:22:07.421332,90,0.1001782603183573,2.2453475096954048,0.7084352212501306,-0.6263600167294499,34.879999220371246,1.0,0.7086211194476877,1
15:22:07.421332,90,0.0977339455473529,2.1905618100182,0.7399489534348849,-0.6263600167294499,67.75999848544598,1.0,0.6909272352734679,1
15:22:07.421332,90,0.150217301015399,2.242928793730262,0.7090833142397108,-0.5566400148672983,35.51999920606613,1.0,0.22378419563575835,1
15:22:07.421332,90,0.1465520510243781,2.188202109882856,0.7405812331805299,-0.7655200204462744,70.23999843001366,1.0,0.36635746524257035,1
15:22:07.421332,90,0.1428868010333572,2.1334754260354494,0.772079152121349,-0.6263600167294499,43.239999033510685,1.0,1.9793897190374536,1
15:22:07.421332,90,0.1532182031406915,2.039773540839396,-0.2421137257813872,-1.5307600408850703,7.639999829232693,0.7639999829232693,10.912458020272897,1
15:22:07.421332,90,0.1538825510064199,2.2976554775776683,0.677585395298892,-0.5566400148672983,8.639999806880951,0.8639999806880951,1.551669910216996,1
15:22:07.421332,90,0.125204040816471,2.2442589877214307,0.7087268898340002,-0.5566400148672983,37.63999915868044,1.0,0.4031402560839626,1
15:22:07.421332,90,0.1221491056899817,2.1894998476024683,0.7402335054065723,-0.6263600167294499,73.75999835133553,1.0,0.46555338421206616,1
15:22:07.421332,90,0.1097064782384731,2.241251794733634,-0.2267144839578119,-0.0697200018621515,5.119999885559082,0.5119999885559082,8.27396321503659,1
15:22:07.421332,90,0.1049638612333086,2.10741421802733,-0.2683458319257084,-1.5307600408850703,9.359999790787697,0.9359999790787696,7.836084634590853,1
15:22:07.421332,90,0.1026225750893617,2.3001332093726097,0.6769214890653763,-0.5566400148672983,9.63999978452921,0.963999978452921,2.204198787571929,1
15:22:07.421332,90,0.1282589759429602,2.299018127840393,0.6772202742614288,-0.5566400148672983,9.359999790787697,0.9359999790787696,1.8149768062356828,1
15:22:07.483426,91,0.2444589992970416,2.436435976882741,-1.5695198570936892,-1.4613200390303973,11.359999746084211,1.0,2.4504036752882743,1
15:22:07.483426,91,0.2497751525394476,2.48942018714158,-1.6036515851188484,-1.4613200390303973,20.75999953597784,1.0,1.695875472899659,1
15:22:07.483426,91,0.2550913057818537,2.542404397400419,-1.6377833131440078,-1.4613200390303973,14.359999679028988,1.0,1.8908318165585798,1
15:22:07.483426,91,0.2272003727264508,2.26442537874936,0.0455219662055171,-0.6958000185841229,29.519999340176582,1.0,3.7090288628145283,1
15:22:07.483426,91,0.2351696939886613,2.3438527718517634,-0.7286789683899209,-0.5566400148672983,38.1199991479516,1.0,0.8126789802780953,1
15:22:07.483426,91,0.2412021316424311,2.403975934305225,-0.747370621943875,-0.5566400148672983,36.23999918997288,1.0,0.36117770262389237,1
15:22:07.483426,91,0.4600204344507504,2.391955249297195,-1.702418922203244,-1.4613200390303973,7.239999838173389,0.723999983817339,7.142840773142652,1
15:22:07.483426,91,0.2251569545271494,2.494985636265532,-0.6664170777371378,-0.5566400148672983,14.51999967545271,1.0,2.4855267842909186,1
15:22:07.483426,91,0.2931355790614421,2.431059852013969,-1.5695198570936892,-1.4613200390303973,12.359999723732471,1.0,2.375477245934591,1
15:22:07.483426,91,0.233513573638015,2.32734680882334,0.0467868819056814,-0.6958000185841229,32.35999927669764,1.0,4.020129095666704,1
15:22:07.483426,91,0.2500951367498916,2.4926093560598934,-0.6664170777371378,-0.5566400148672983,12.999999709427357,1.0,2.9381149398566735,1
15:22:07.483426,91,0.2296549316496091,2.544828148731362,-1.6377833131440078,-1.4613200390303973,13.759999692440031,1.0,1.995522383903555,1
15:22:07.483426,91,0.2117197990479981,2.346087237887583,-0.7286789683899209,-0.5566400148672983,48.75999891012907,1.0,0.6811480584852048,1
15:22:07.483426,91,0.2102288183782905,2.3295655392232795,0.0467868819056814,-0.6958000185841229,36.23999918997288,1.0,3.436074074495584,1
15:22:07.483426,91,0.2045451369239512,2.2665841242389355,0.0455219662055171,-0.6958000185841229,34.639999225735664,1.0,3.2457783359133603,1
15:22:07.483426,91,0.2416388304316339,2.677622871374525,-1.5393347089061418,-1.4613200390303973,6.7599998489022255,0.6759999848902225,7.118992287287661,1
15:22:07.483426,91,0.2248688774727268,2.4917934270156263,-1.6036515851188484,-1.4613200390303973,18.519999586045746,1.0,1.8722208109661884,1
15:22:07.483426,91,0.2200828232958445,2.4387587052998905,-1.5695198570936892,-1.4613200390303973,9.759999781847,0.9759999781847,2.6952607462469653,1
15:22:07.483426,91,0.2001962567975911,2.4971124199978454,-0.6664170777371378,-0.5566400148672983,15.999999642372131,1.0,2.1611446188800447,1
15:22:07.483426,91,0.1930775804517336,2.4083188760947825,-0.747370621943875,-0.5566400148672983,56.23999874293804,1.0,0.032382582979188126,1
15:22:07.483426,91,0.1882487323048091,2.3480870971651684,-0.7286789683899209,-0.5566400148672983,62.35999860614538,1.0,0.677223445533995,1
15:22:07.483426,91,0.1869230404128581,2.3315513150210085,0.0467868819056814,-0.6958000185841229,39.23999912291765,1.0,2.969412955883425,1
15:22:07.483426,91,0.2995102826459827,2.483927149810044,-1.6036515851188484,-1.4613200390303973,21.239999525249004,1.0,1.7611759235358369,1
15:22:07.483426,91,0.2171507134917924,2.4062677175778964,-0.747370621943875,-0.5566400148672983,45.51999898254872,1.0,0.13250978425739193,1
15:22:07.483426,91,0.3058849862305232,2.5367944476061184,-1.6377833131440078,-1.4613200390303973,14.239999681711195,1.0,2.1023976157108075,1
15:22:07.483426,91,0.3491256126382316,2.477440574781584,-1.6036515851188484,-1.4613200390303973,16.759999625384808,1.0,2.375082699477751,1
15:22:07.483426,91,0.2567749777360136,2.324895345692371,0.0467868819056814,-0.6958000185841229,27.99999937415123,1.0,4.720330716958334,1
15:22:07.483426,91,0.1818694467791273,2.268516213215033,0.0455219662055171,-0.6958000185841229,38.75999913364649,1.0,2.899314876157412,1
15:22:07.483426,91,0.4624529344380886,2.4046034507201948,-1.5695198570936892,-1.4613200390303973,5.759999871253967,0.5759999871253967,6.340390992299804,1
15:22:07.483426,91,0.4479175462579178,2.4614975861715584,-1.6036515851188484,-1.4613200390303973,8.879999801516533,0.8879999801516533,5.208432764820624,1
15:22:07.483426,91,0.4383841787805683,2.409107673720864,-1.5695198570936892,-1.4613200390303973,6.8799998462200165,0.6879999846220016,5.380776412649157,1
15:22:07.483426,91,0.3986012970466139,2.4699630565996085,-1.6036515851188484,-1.4613200390303973,10.99999975413084,1.0,3.5274355806491418,1
15:22:07.483426,91,0.3901175645528987,2.4173929671472907,-1.5695198570936892,-1.4613200390303973,8.239999815821648,0.8239999815821648,3.850180847620584,1
15:22:07.483426,91,0.3818397649827518,2.5264778028085653,-1.6377833131440078,-1.4613200390303973,10.519999764859676,1.0,3.4516398401941193,1
15:22:07.483426,91,0.373882148793243,2.473825505929606,-1.6036515851188484,-1.4613200390303973,13.639999695122242,1.0,2.884574616290852,1
15:22:07.483426,91,0.3659245326037343,2.4211732090506466,-1.5695198570936892,-1.4613200390303973,9.879999779164793,0.9879999779164793,3.281449070447386,1
15:22:07.483426,91,0.3210352053931376,2.4555744109678783,-0.7660622754978292,-0.5566400148672983,9.239999793469906,0.9239999793469906,3.0038371144529776,1
15:22:07.483426,91,0.3132020578413521,2.395659247888037,-0.747370621943875,-0.5566400148672983,19.759999558329586,1.0,1.805607069948019,1
15:22:07.483426,91,0.3565563167685819,2.5301698139016087,-1.6377833131440078,-1.4613200390303973,11.9999997317791,1.0,2.866088902926579,1
15:22:07.483426,91,0.3416949085078815,2.424711335661558,-1.5695198570936892,-1.4613200390303973,11.359999746084211,1.0,2.8452979821378657,1
15:22:07.483426,91,0.2998939819865212,2.4871092816584333,-0.6664170777371378,-0.5566400148672983,10.239999771118164,1.0,4.222294477877613,1
15:22:07.483426,91,0.2892302052007698,2.398671434237514,-0.747370621943875,-0.5566400148672983,23.75999946892261,1.0,1.1989891420551317,1
15:22:07.483426,91,0.2782826835948838,2.30788040729927,-0.8222958188371752,-0.5566400148672983,23.9999994635582,1.0,2.332804219820175,1
15:22:07.483426,91,0.272481294090956,2.259767772340216,-0.0227621211992834,-0.6958000185841229,19.999999552965164,1.0,4.539105617318365,1
15:22:07.483426,91,0.3312372132214581,2.5336088101330407,-1.6377833131440078,-1.4613200390303973,13.35999970138073,1.0,2.4159017020226328,1
15:22:07.483426,91,0.3243341642144541,2.480807901651685,-1.6036515851188484,-1.4613200390303973,19.63999956101179,1.0,2.0001967066197315,1
15:22:07.483426,91,0.3174311152074501,2.428006993170329,-1.5695198570936892,-1.4613200390303973,12.359999723732471,1.0,2.542907180315862,1
15:22:07.483426,91,0.2750083096684887,2.4899838170069586,-0.6664170777371378,-0.5566400148672983,11.519999742507936,1.0,3.51750009015366,1
15:22:07.483426,91,0.2652294297819849,2.4014437554531765,-0.747370621943875,-0.5566400148672983,28.999999351799488,1.0,0.717094995026435,1
15:22:07.483426,91,0.258596072156951,2.3413839225024398,-0.7286789683899209,-0.5566400148672983,29.999999329447743,1.0,1.0705972369550494,1
15:22:07.483426,91,0.2498703695481429,2.2623795523649037,-0.0227621211992834,-0.6958000185841229,24.51999945193529,1.0,3.884678507894292,1
15:22:07.483426,91,0.2041955922166046,2.5469974193794918,-1.6377833131440078,-1.4613200390303973,12.519999720156193,1.0,2.242399258572666,1
15:22:07.483426,91,0.1169204231866319,2.336459517467642,-0.0233946106735743,-0.6958000185841229,36.75999917834997,1.0,1.8991914356838038,1
15:22:07.483426,91,0.1956846391967033,2.440837559889704,-1.5695198570936892,-1.4613200390303973,7.999999821186066,0.7999999821186066,3.0800788457788366,1
15:22:07.483426,91,0.09355037196996,2.3375118801896067,-0.0233946106735743,-0.6958000185841229,32.99999926239252,1.0,1.962323976310853,1
15:22:07.483426,91,0.0910075196951148,2.273974480210841,0.0455219662055171,-0.6958000185841229,30.119999326765537,1.0,2.70531077134905,1
15:22:07.483426,91,0.0751424620781412,2.503997322230217,-0.6664170777371378,-0.2088800055789761,12.23999972641468,1.0,2.513037385818222,1
15:22:07.483426,91,0.073309012092051,2.442900656927464,-0.6501567324128542,-0.5566400148672983,42.35999905318022,1.0,1.3716543944683899,1
15:22:07.483426,91,0.0706580305483638,2.3545611149016583,-0.7286789683899209,-0.2088800055789761,80.99999818950891,1.0,2.61549645612312,1
15:22:07.483426,91,0.0682465365923563,2.2742020976240784,0.0682772590532686,-0.6958000185841229,25.11999943852425,1.0,3.0046090188891483,1
15:22:07.483426,91,0.0500991496546718,2.5046235354933364,-0.6664170777371378,-0.2088800055789761,10.87999975681305,1.0,2.988581000731931,1
15:22:07.483426,91,0.0488767477969582,2.4435115908043774,-0.6501567324128542,-0.2088800055789761,34.11999923735857,1.0,1.9493174272728837,1
15:22:07.483426,91,0.0471092794785679,2.3551499563456515,-0.7286789683899209,-0.2088800055789761,65.87999852746725,1.0,3.4037020286514412,1
15:22:07.483426,91,0.0455014828579605,2.274770842448165,0.0682772590532686,-0.6958000185841229,20.75999953597784,1.0,3.369604772327025,1
15:22:07.483426,91,0.0244395958680347,2.443878175569387,-0.6501567324128542,-0.2088800055789761,27.87999937683344,1.0,2.664307994502594,1
15:22:07.483426,91,0.0238283643778595,2.382757062637491,-0.6338963870885707,-0.6958000185841229,52.3599988296628,1.0,3.0655909578442544,1
15:22:07.483426,91,0.0,2.5051245436790683,-0.6664170777371378,-0.2088800055789761,8.879999801516533,0.8879999801516533,4.357033365430156,1
15:22:07.483426,91,0.0,2.444000374564322,-0.6501567324128542,-0.2088800055789761,23.11999948322773,1.0,3.518091128756021,1
15:22:07.483426,91,0.0,2.382876205449576,-0.6338963870885707,-0.6958000185841229,41.51999907195568,1.0,4.012956051442686,1
15:22:07.483426,91,-0.0244395958680347,2.443878175569387,-0.6501567324128542,-0.2088800055789761,19.519999563694,1.0,4.5121451547028535,1
15:22:07.483426,91,-0.0238283643778595,2.382757062637491,-0.6338963870885707,-0.6958000185841229,33.11999925971031,1.0,5.099038198171633,1
15:22:07.483426,91,0.199940115706654,2.493917489634598,-1.6036515851188484,-1.4613200390303973,15.239999659359457,1.0,2.18968006019082,1
15:22:07.483426,91,0.0928453160053442,2.319894882429115,-0.6176360417642871,-0.2088800055789761,27.99999937415123,1.0,2.5107822316813455,1
15:22:07.483426,91,0.0941997158743022,2.3537368193188284,-0.7286789683899209,-0.5566400148672983,93.75999790430068,1.0,1.9625406539302956,1
15:22:07.483426,91,0.02505082735821,2.504999288501282,-0.6664170777371378,-0.2088800055789761,9.759999781847,0.9759999781847,3.602728682327533,1
15:22:07.483426,91,0.1001782603183573,2.503120711332725,-0.6664170777371378,-0.5566400148672983,13.759999692440031,1.0,2.1745602354935847,1
15:22:07.483426,91,0.1752155396100777,2.498989494580241,-0.6664170777371378,-0.5566400148672983,16.759999625384808,1.0,1.9663979907920552,1
15:22:07.483426,91,0.0977339455473529,2.4420454350315217,-0.6501567324128542,-0.5566400148672983,52.23999883234501,1.0,0.9298679166557435,1
15:22:07.483426,91,0.1689851398153902,2.4101292047417515,-0.747370621943875,-0.5566400148672983,65.11999854445457,1.0,0.06210562897703452,1
15:22:07.483426,91,0.1647588408461045,2.3498521497002662,-0.7286789683899209,-0.5566400148672983,77.99999825656414,1.0,0.8021408627050037,1
15:22:07.483426,91,0.1635985702999887,2.333303937640611,0.0467868819056814,-0.6958000185841229,40.3599990978837,1.0,2.621410396684595,1
15:22:07.483426,91,0.1591755698419958,2.2702214524703743,0.0455219662055171,-0.6958000185841229,40.3599990978837,1.0,2.6708261525356423,1
15:22:07.483426,91,0.1547138776963793,2.2065871319942385,0.0663800436177412,-0.6958000185841229,13.639999695122242,1.0,4.344396846056496,1
15:22:07.483426,91,0.1787158333954537,2.54891199241956,-1.6377833131440078,-1.4613200390303973,10.99999975413084,1.0,2.632891240180181,1
15:22:07.483426,91,0.1749913600965204,2.495792162594012,-1.6036515851188484,-1.4613200390303973,12.23999972641468,1.0,2.6496150113622727,1
15:22:07.483426,91,0.1712668867975871,2.442672332768464,-1.5695198570936892,-1.4613200390303973,6.359999857842922,0.6359999857842922,3.6061543407358974,1
15:22:07.483426,91,0.150217301015399,2.5006166723068355,-0.6664170777371378,-0.5566400148672983,16.519999630749226,1.0,1.902736297160911,1
15:22:07.483426,91,0.1448758008066411,2.411698522487454,-0.747370621943875,-0.5566400148672983,67.63999848812819,1.0,0.22300598883259087,1
15:22:07.483426,91,0.1000500872481082,2.4999180936614245,-1.6036515851188484,-1.4613200390303973,7.759999826550484,0.7759999826550483,4.898164949437778,1
15:22:07.483426,91,0.1177319813075738,2.352677152026029,-0.7286789683899209,-0.5566400148672983,98.35999780148268,1.0,1.4435246898154241,1
15:22:07.483426,91,0.1207519743391885,2.4130266724014304,-0.747370621943875,-0.5566400148672983,62.1199986115098,1.0,0.5164276008180906,1
15:22:07.483426,91,0.125204040816471,2.501993790461217,-0.6664170777371378,-0.5566400148672983,15.359999656677246,1.0,1.9716280681978184,1
15:22:07.483426,91,0.1468320078532788,2.44426284046042,-1.5695198570936892,-1.4613200390303973,5.119999885559082,0.5119999885559082,4.274800823460493,1
15:22:07.483426,91,0.1137423346572624,2.272950722430633,0.0455219662055171,-0.6958000185841229,35.11999921500683,1.0,2.5725994136691135,1
15:22:07.483426,91,0.1364657754812376,2.271699671482461,0.0455219662055171,-0.6958000185841229,38.99999912828207,1.0,2.5615151173047286,1
15:22:07.483426,91,0.1402577404671522,2.3348232318212934,0.0467868819056814,-0.6958000185841229,39.35999912023544,1.0,2.393347794524597,1
15:22:07.483426,91,0.1412524736413505,2.351382218989102,-0.7286789683899209,-0.5566400148672983,91.99999794363976,1.0,1.0571521609155232,1
15:22:07.483426,91,0.1500251054969852,2.4974172584281438,-1.6036515851188484,-1.4613200390303973,9.759999781847,0.9759999781847,3.2534059373168684,1
15:22:07.540170,92,0.382742863148963,2.2846634986696905,1.3629541642345604,-0.6263600167294499,27.759999379515648,1.0,0.8788647444126934,1
15:22:07.540170,92,0.4420052966730301,2.3641510965146537,0.8743438222817588,-0.7655200204462744,35.63999920338392,1.0,1.430689330545793,1
15:22:07.540170,92,0.4525331953793262,2.420461605591872,0.8475323919519984,-0.7655200204462744,26.75999940186739,1.0,2.969934010297511,1
15:22:07.540170,92,0.431477397966734,2.307840587437436,0.901155252611519,-0.7655200204462744,22.239999502897263,1.0,0.539339452776532,1
15:22:07.540170,92,0.395722957899399,2.2388721816914847,1.4485333513518723,-0.6263600167294499,40.759999088943005,1.0,1.4985459642409316,1
15:22:07.540170,92,0.3849280492356782,2.183690537670528,1.4855677038732358,-0.6263600167294499,38.1199991479516,1.0,2.2667825010183016,1
15:22:07.540170,92,0.3743256703703227,2.117813266972967,1.4783519155980738,-0.6263600167294499,22.879999488592148,1.0,3.650555112402145,1
15:22:07.540170,92,0.4261483394518839,2.424705346799469,0.846395284922536,-0.7655200204462744,19.879999555647373,1.0,3.245323062928265,1
15:22:07.540170,92,0.4169708630785149,2.3794728894971438,0.8973101127853893,-0.7655200204462744,24.63999944925308,1.0,1.777009820996823,1
15:22:07.540170,92,0.406320196025433,2.311886872732294,0.9000710537344161,-0.7655200204462744,18.999999575316902,1.0,0.5577621742965868,1
15:22:07.540170,92,0.372650411315043,2.242583170941284,1.447538994779268,-0.6263600167294499,51.11999885737896,1.0,1.2567575097306964,1
15:22:07.540170,92,0.3558864168675206,2.319249468512833,0.8980982521408238,-0.7655200204462744,12.11999972909689,1.0,0.875741496774451,1
15:22:07.540170,92,0.3525006882839026,2.121323597902569,1.4774113252603207,-0.6263600167294499,27.759999379515648,1.0,3.2003748164552257,1
15:22:07.540170,92,0.4004282411987485,2.4401440743041443,0.8699750511810218,-0.7655200204462744,14.359999679028988,1.0,3.966926234860699,1
15:22:07.540170,92,0.39111253131155,2.3833756650352758,0.896264367231707,-0.7655200204462744,16.759999625384808,1.0,2.0341520717352055,1
15:22:07.540170,92,0.3811223624049447,2.315689959859268,0.8990520196099983,-0.7655200204462744,15.359999656677246,1.0,0.6704109234628981,1
15:22:07.540170,92,0.3590071712503176,2.2882459060174463,1.36199426107877,-0.6263600167294499,33.2399992570281,1.0,0.8169270958123982,1
15:22:07.540170,92,0.3495406000017623,2.246071114676292,1.4466044030722278,-0.6263600167294499,63.63999857753515,1.0,1.097475977098483,1
15:22:07.540170,92,0.3400054977895717,2.190693091288164,1.4836913752864345,-0.6263600167294499,61.11999863386154,1.0,1.6585509068595088,1
15:22:07.540170,92,0.3306404564239795,2.1246229436967874,1.476527268219209,-0.6263600167294499,33.2399992570281,1.0,2.8292731551757555,1
15:22:07.540170,92,0.3739139605284337,2.443883891040913,0.8689729703065643,-0.7655200204462744,10.519999764859676,1.0,4.454375968283338,1
15:22:07.540170,92,0.3652150886191286,2.387028477299914,0.8952855991352944,-0.7655200204462744,11.519999742507936,1.0,2.3855362505175157,1
15:22:07.540170,92,0.3357852758836775,2.162314247600355,0.8635278343989476,-0.6263600167294499,13.759999692440031,1.0,1.1385112688808765,1
15:22:07.540170,92,0.3961132202033161,2.114092301938131,1.4793489451742226,-0.6263600167294499,18.999999575316902,1.0,4.180928046486834,1
15:22:07.540170,92,0.3624848976056603,2.1873002950124887,1.484600472308585,-0.6263600167294499,48.239998921751976,1.0,1.922393944696963,1
15:22:07.540170,92,0.6912333835373256,2.262516391107754,0.7938089250346865,-0.8349600223009475,11.359999746084211,1.0,5.986470680094366,1
15:22:07.540170,92,0.6662231566138255,2.2690724572461742,0.7920522324073718,-0.8349600223009475,13.639999695122242,1.0,5.001503015854377,1
15:22:07.540170,92,0.4565914525297306,2.3035515085998357,0.9023045078223276,-0.7655200204462744,24.119999460875988,1.0,0.6166845568711098,1
15:22:07.540170,92,0.3352355789353237,2.2915988688944964,1.3610958373836128,-0.6263600167294499,39.23999912291765,1.0,0.8386394620020338,1
15:22:07.540170,92,0.6754464557518677,2.2716518159376817,0.6677191072361051,-1.3221600353135727,13.35999970138073,1.0,5.420601923852719,1
15:22:07.540170,92,0.6556502391779891,2.2605548565634037,0.9138254260127316,-0.8349600223009475,13.999999687075617,1.0,4.866697276441545,1
15:22:07.540170,92,0.6564174448097805,2.3295828926473043,0.7615485681307876,-0.8349600223009475,16.359999634325504,1.0,4.214370569462033,1
15:22:07.540170,92,0.6411463079328265,2.275386619374683,0.7903603577641587,-0.8349600223009475,16.8799996227026,1.0,4.129050268446378,1
15:22:07.540170,92,0.6062293810690753,2.2727440837498705,0.9105593324317582,-0.8349600223009475,15.519999653100967,1.0,3.1777226011457897,1
15:22:07.540170,92,0.6306776622665491,2.335799136334553,0.7598829306548343,-0.8349600223009475,20.359999544918537,1.0,3.561436124290031,1
15:22:07.540170,92,0.6160053451581872,2.2814582460823565,0.7887334702910942,-0.8349600223009475,21.359999522566795,1.0,3.367573336738866,1
15:22:07.540170,92,0.5814267812808038,2.2784800702214523,0.909022379488902,-0.7655200204462744,17.11999961733818,1.0,2.493624788805428,1
15:22:07.540170,92,0.6048748124854733,2.3417664461543284,0.758283994807639,-0.8349600223009475,25.359999433159828,1.0,3.0205352592616603,1
15:22:07.540170,92,0.5920943701586466,2.299329667950404,0.8108035255756882,-0.8349600223009475,27.639999382197857,1.0,2.6502906777683917,1
15:22:07.540170,92,0.556566039301524,2.2839761991774146,0.9075496961736548,-0.7655200204462744,18.879999577999115,1.0,1.9144518070676497,1
15:22:07.540170,92,0.5530902383118772,2.352951902240381,0.7552868608824075,-0.7655200204462744,30.999999307096004,1.0,2.268238362931926,1
15:22:07.540170,92,0.5414039558838987,2.3102787857504903,0.8078697183033219,-0.8349600223009475,35.999999195337296,1.0,1.7080494810141795,1
15:22:07.540170,92,0.5316496411846056,2.289231921009465,0.906141429753114,-0.7655200204462744,20.51999954134226,1.0,1.438692531216713,1
15:22:07.540170,92,0.5282660457601828,2.370534570709552,0.778074020804751,-0.7655200204462744,35.999999195337296,1.0,2.1750466872247705,1
15:22:07.540170,92,0.5190428965519647,2.350225533340866,0.8780751656883237,-0.7655200204462744,45.35999898612499,1.0,1.5916833440028475,1
15:22:07.540170,92,0.5066800785489852,2.2942467101498254,0.9047977210527424,-0.7655200204462744,22.359999500215054,1.0,1.064828783030119,1
15:22:07.540170,92,0.512741848039983,2.4181116237531644,0.7235374241468251,-0.7655200204462744,9.359999790787697,0.9359999790787696,3.330668237159903,1
15:22:07.540170,92,0.5021798848050482,2.375511283755628,0.7767405145630935,-0.7655200204462744,37.239999167621136,1.0,2.0865768925985724,1
15:22:07.540170,92,0.4934121814023853,2.355115356518932,0.8767649415166301,-0.7655200204462744,50.75999886542559,1.0,1.4375972776268942,1
15:22:07.540170,92,0.4816598483300069,2.299020065123781,0.9035187044422835,-0.7655200204462744,24.119999460875988,1.0,0.7913361088757762,1
15:22:07.540170,92,0.4296966346012786,2.175821605338418,1.4876761779369196,-0.6263600167294499,24.63999944925308,1.0,3.201957763795072,1
15:22:07.540170,92,0.4788727983663633,2.415963222685236,0.8487377300190775,-0.7655200204462744,33.519999250769615,1.0,2.7941818305635295,1
15:22:07.540170,92,0.467732125448047,2.359757365642535,0.8755211189207026,-0.7655200204462744,46.63999895751476,1.0,1.3844737712462716,1
15:22:07.540170,92,0.4187559325195021,2.23493851802271,1.4495873733552165,-0.6263600167294499,32.63999927043915,1.0,1.8241124746817166,1
15:22:07.540170,92,0.3263958349213269,2.249335664105056,1.4457296696891389,-0.6263600167294499,76.87999828159809,1.0,1.0194278839148836,1
15:22:07.540170,92,0.4073327083832658,2.179864180234991,1.4865929732580403,-0.6263600167294499,30.35999932140112,1.0,2.6929077442947973,1
15:22:07.540170,92,0.3086699669320356,2.1329077137922283,1.49721077857129,-0.6263600167294499,38.87999913096428,1.0,2.5494543454194756,1
15:22:07.540170,92,0.2208319449615559,2.143138269109296,1.49446950953596,-0.6958000185841229,39.759999111294746,1.0,2.14777836335771,1
15:22:07.540170,92,0.2218242782753758,2.231456770962063,0.8307112091243327,-0.5566400148672983,10.239999771118164,1.0,2.0345067248510498,1
15:22:07.540170,92,0.2162764785122609,2.17564829300107,0.8599549877019865,-0.6263600167294499,29.11999934911728,1.0,1.960436684654328,1
15:22:07.540170,92,0.214111152512443,2.2111339783263877,1.0850957740990028,-0.5566400148672983,39.23999912291765,1.0,1.0616695419432944,1
15:22:07.540170,92,0.2102288183782905,2.262296854466938,1.4422567291987265,-0.6958000185841229,57.2399987205863,1.0,1.803033557180644,1
15:22:07.540170,92,0.2045451369239512,2.2011340948836797,1.4573357041413126,-0.6958000185841229,64.3599985614419,1.0,1.606021281620104,1
15:22:07.540170,92,0.1988117355499618,2.145165009297749,1.4939264461391963,-0.6958000185841229,34.35999923199415,1.0,2.2304427027674976,1
15:22:07.540170,92,0.1923002623767433,2.177621583531307,0.8594262460979774,-0.6263600167294499,28.759999357163903,1.0,2.374880097932495,1
15:22:07.540170,92,0.1888931261106038,2.16451894678924,0.9747273951725104,-0.5566400148672983,33.2399992570281,1.0,1.9299005317987903,1
15:22:07.540170,92,0.1869510833078059,2.2463885290275725,1.3738621245802054,-0.6958000185841229,45.51999898254872,1.0,1.7688966043565717,1
15:22:07.540170,92,0.1818694467791273,2.2030003495243804,1.456835642717466,-0.6958000185841229,50.99999886006117,1.0,1.8698426266890773,1
15:22:07.540170,92,0.1767716451313775,2.1469789528100507,1.4934404014399594,-0.6958000185841229,28.759999357163903,1.0,2.3840992003198425,1
15:22:07.540170,92,0.1683048163760973,2.179363186799056,0.8589595849088487,-0.6958000185841229,26.519999407231808,1.0,2.8695292899815508,1
15:22:07.540170,92,0.163987558083169,2.12345941652022,0.8882288969861134,-0.5566400148672983,27.759999379515648,1.0,3.2301222421175564,1
15:22:07.540170,92,0.1636231139705302,2.248081686455304,1.3734084444147858,-0.6958000185841229,36.11999919265509,1.0,2.213472543465606,1
15:22:07.540170,92,0.1591755698419958,2.204647484161116,1.4563942943217274,-0.6958000185841229,40.11999910324812,1.0,2.204902035467911,1
15:22:07.540170,92,0.1547138776963793,2.148579918253368,1.4930114240423125,-0.6958000185841229,23.87999946624041,1.0,2.6076290511122555,1
15:22:07.540170,92,0.1402787824589412,2.249549432105829,1.3730151631530334,-0.6958000185841229,28.879999354481697,1.0,2.729885882235237,1
15:22:07.540170,92,0.1364862485882303,2.188731307899505,1.389966131706387,-0.6958000185841229,31.87999928742647,1.0,2.390826089045131,1
15:22:07.540170,92,0.120265834560427,2.182150658097564,0.8582126842254885,-0.6958000185841229,19.519999563694,1.0,4.094069134587581,1
15:22:07.540170,92,0.096227102603337,2.1831962473835302,0.8579325194206993,-0.6958000185841229,16.359999634325504,1.0,4.821280390575555,1
15:22:07.540170,92,0.3175714978583759,2.18852331926443,1.4607147512844203,-0.6263600167294499,75.75999830663204,1.0,1.3973360927337084,1
15:22:07.540170,92,0.2272003727264508,2.199048906862913,1.457894428587544,-0.6958000185841229,79.23999822884798,1.0,1.4146323819621145,1
15:22:07.540170,92,0.233513573638015,2.260153725472064,1.4428309788821787,-0.6958000185841229,70.75999841839075,1.0,1.494054007902061,1
15:22:07.540170,92,0.1442925400348197,2.180872928645448,0.8585550508003286,-0.6958000185841229,23.11999948322773,1.0,3.4430395025011666,1
15:22:07.540170,92,0.2402310671811239,2.1734435125357447,0.8605457568471582,-0.6263600167294499,27.239999391138557,1.0,1.6275463132689976,1
15:22:07.540170,92,0.2395500397752255,2.275080001353173,1.2660834078740852,-0.6263600167294499,44.63999900221825,1.0,1.1028545004257344,1
15:22:07.540170,92,0.3489945322838539,2.480282984073281,0.9426441469320732,-0.7655200204462744,7.759999826550484,0.7759999826550483,6.336444949941509,1
15:22:07.540170,92,0.3408753951189974,2.4225807684438063,0.9672428624103432,-0.7655200204462744,8.239999815821648,0.8239999815821648,3.7462637031695847,1
15:22:07.540170,92,0.3306148829865717,2.322565042745105,0.8972098467028409,-0.5566400148672983,9.519999787211418,0.9519999787211418,1.1722080527716077,1
15:22:07.540170,92,0.3113837483865684,2.288159505852192,1.3371478028020372,-0.6263600167294499,44.519999004900455,1.0,0.7791244243276563,1
15:22:07.540170,92,0.3032184305308541,2.2523764927753707,1.4449148821026063,-0.6263600167294499,87.11999805271626,1.0,1.0213380424677545,1
15:22:07.540170,92,0.2950207106201566,2.191481937029253,1.459921992043624,-0.6263600167294499,88.99999801069498,1.0,1.2870261881620224,1
15:22:07.540170,92,0.2867512783908595,2.1357834014839483,1.4964402403766095,-0.6263600167294499,43.239999033510685,1.0,2.336943302697976,1
15:22:07.540170,92,0.3222831959729183,2.483525033489617,0.941775442409144,-0.7655200204462744,5.879999868571758,0.5879999868571758,7.0597255646768975,1
15:22:07.540170,92,0.3147854811608587,2.425747393630043,0.966394367748959,-0.7655200204462744,5.999999865889549,0.5999999865889549,4.327528914602488,1
15:22:07.540170,92,0.3053102878943135,2.3256363510014397,0.8963868921358493,-0.5566400148672983,7.519999831914902,0.7519999831914902,1.5582638767221182,1
15:22:07.540170,92,0.3119411262504619,2.1654425519006306,0.8626896077880102,-0.6263600167294499,16.639999628067017,1.0,1.1316898272462748,1
15:22:07.540170,92,0.2880657827659656,2.1683403868313773,0.8619131352585179,-0.6263600167294499,20.119999550282955,1.0,1.2118223263745604,1
15:22:07.540170,92,0.2954550804481911,2.223961406588889,0.8327195859551018,-0.5566400148672983,9.519999787211418,0.9519999787211418,0.9263502426542292,1
15:22:07.540170,92,0.2428300713636669,2.140898934917011,1.4950695373243663,-0.6263600167294499,43.87999901920557,1.0,2.137226340560586,1
15:22:07.540170,92,0.2498328886820264,2.196744993979137,1.4585117601841835,-0.6958000185841229,91.5199979543686,1.0,1.2968720135110816,1
15:22:07.540170,92,0.2634127651409941,2.2726508573499125,1.266734295048058,-0.6263600167294499,47.8799989297986,1.0,0.7845268151833267,1
15:22:07.540170,92,0.2641616329445346,2.171007462611529,0.8611984944570734,-0.6263600167294499,23.87999946624041,1.0,1.3775580946846988,1
15:22:07.540170,92,0.2567749777360136,2.257785793921665,1.44346546422884,-0.6958000185841229,83.11999814212322,1.0,1.259927679040092,1
15:22:07.540170,92,0.2648039149620849,2.1384472306524374,1.4957264695021386,-0.6263600167294499,45.2399989888072,1.0,2.199907589656796,1
15:22:07.540170,92,0.2724404215580441,2.1942225866217093,1.4591876371985886,-0.6263600167294499,95.51999786496162,1.0,1.2539373757871388,1
15:22:07.540170,92,0.2800107045513648,2.255193296606915,1.4441601217907074,-0.6263600167294499,89.63999799638987,1.0,1.1019302004597817,1
15:22:07.540170,92,0.2872491494509361,2.269991342422405,1.267446909925142,-0.6263600167294499,47.75999893248081,1.0,0.5454739211154389,1
15:22:07.540170,92,0.2572355247129426,2.0773280316742326,1.5101391675608775,-0.6263600167294499,7.519999831914902,0.7519999831914902,3.83829588795423,1
15:22:07.589897,93,0.5767307522447699,2.2328070142688947,0.816059470543486,-0.7655200204462744,34.11999923735857,1.0,0.5418088714166162,1
15:22:07.589897,93,0.5908027823651216,2.287286730211612,0.7871717326755627,-0.7655200204462744,34.639999225735664,1.0,0.8433610636405071,1
15:22:07.589897,93,0.5626587221244181,2.1783272983261783,0.8449472084114094,-0.7655200204462744,25.87999942153692,1.0,0.5559877379243263,1
15:22:07.589897,93,0.5530902383118772,2.352951902240381,0.7552868608824075,-0.7655200204462744,12.359999723732471,1.0,1.2269684700085266,1
15:22:07.589897,93,0.5402229435722997,2.298211963733088,0.7842443251763618,-0.7655200204462744,35.879999198019505,1.0,0.5686582357970158,1
15:22:07.589897,93,0.5273556488327222,2.243472025225794,0.8132017894703159,-0.7655200204462744,33.7599992454052,1.0,0.22829243179624548,1
15:22:07.589897,93,0.5144883540931448,2.1887320867185007,0.8421592537642701,-0.7655200204462744,25.87999942153692,1.0,0.2058710580062195,1
15:22:07.589897,93,0.5271136923333891,2.3581689299704203,0.7538889625152527,-0.7655200204462744,11.519999742507936,1.0,1.1932805477356156,1
15:22:07.589897,93,0.4788140897051535,2.2649817472424925,0.8336572317705486,-0.7655200204462744,21.7599995136261,1.0,0.17464112478156246,1
15:22:07.589897,93,0.5025877586947045,2.2484463112517963,0.8118689335467271,-0.7655200204462744,28.999999351799488,1.0,0.15082056268300476,1
15:22:07.589897,93,0.4903247918753622,2.1935850018924845,0.8408589190624642,-0.7655200204462744,24.35999945551157,1.0,0.108167053214244,1
15:22:07.589897,93,0.501084435427284,2.363134786872364,0.7525583651686485,-0.7655200204462744,9.999999776482582,0.9999999776482582,1.2145669370896488,1
15:22:07.589897,93,0.4904969872551007,2.32024651549906,0.8051988731668209,-0.7655200204462744,23.87999946624041,1.0,0.5937976629611703,1
15:22:07.589897,93,0.4661121975891865,2.1982042762299616,0.8396211882341196,-0.7655200204462744,21.359999522566795,1.0,0.061644681364964996,1
15:22:07.589897,93,0.4760435062821597,2.380235779207544,0.775474589822108,-0.7655200204462744,8.239999815821648,0.8239999815821648,1.4195929670229723,1
15:22:07.589897,93,0.6048748124854733,2.3417664461543284,0.758283994807639,-0.7655200204462744,12.519999720156193,1.0,1.4606443145959944,1
15:22:07.589897,93,0.467732125448047,2.359757365642535,0.8755211189207026,-0.7655200204462744,16.639999628067017,1.0,0.973313242473584,1
15:22:07.589897,93,0.5159762701668654,2.315385582535803,0.8065013562287875,-0.7655200204462744,31.5199992954731,1.0,0.5877933503451864,1
15:22:07.589897,93,0.586660710941463,2.1727764655779627,0.8464345495636141,-0.7655200204462744,24.63999944925308,1.0,0.8089698704143832,1
15:22:07.589897,93,0.6844991911382117,2.2123110774658614,0.7004533583873691,-0.904680024163099,15.519999653100967,1.0,2.063780635710897,1
15:22:07.589897,93,0.6160053451581872,2.2814582460823565,0.7887334702910942,-0.7655200204462744,29.639999337494373,1.0,1.062569698372247,1
15:22:07.589897,93,0.4565914525297306,2.3035515085998357,0.9023045078223276,-0.7655200204462744,15.239999659359457,1.0,0.4295229323116827,1
15:22:07.589897,93,0.7554688918112366,2.079793659158136,0.6496349420715586,-0.904680024163099,11.119999751448631,1.0,4.644135520694036,1
15:22:07.589897,93,0.7338245136559637,2.1986106661236904,0.704124372542478,-0.904680024163099,10.639999762177467,1.0,3.0631008790451113,1
15:22:07.589897,93,0.7163459218695808,2.146243080120179,0.7349901731211594,-0.904680024163099,12.759999714791777,1.0,2.975787840395911,1
15:22:07.589897,93,0.7091973119656029,2.205579984291994,0.7022569493674855,-0.904680024163099,12.639999717473984,1.0,2.535588562238284,1
15:22:07.589897,93,0.6923053029346014,2.153046399653896,0.733167229146249,-0.904680024163099,14.999999664723871,1.0,2.4394411805057037,1
15:22:07.589897,93,0.6754132939035999,2.100512815015798,0.7640775089250127,-0.904680024163099,16.359999634325504,1.0,2.6470343257519273,1
15:22:07.589897,93,0.6681954540493426,2.1596171683528067,0.7314065969797241,-0.904680024163099,17.759999603033066,1.0,1.9574060539674452,1
15:22:07.589897,93,0.6518917169604734,2.1069232592397524,0.7623598355720793,-0.904680024163099,18.35999958962202,1.0,2.1558194739729917,1
15:22:07.589897,93,0.6772094867578925,2.284862465090661,0.6914156155106297,-0.904680024163099,9.879999779164793,0.9879999779164793,2.0986882546732812,1
15:22:07.589897,93,0.6597326209651806,2.218803272541614,0.6987137799597158,-0.904680024163099,19.119999572634697,1.0,1.647398791567412,1
15:22:07.589897,93,0.6440187861784935,2.1659547291455463,0.7297084526833264,-0.904680024163099,21.359999522566795,1.0,1.5294204962201068,1
15:22:07.589897,93,0.6283049513918063,2.113106185749479,0.760703125406937,-0.904680024163099,20.51999954134226,1.0,1.7172804271356645,1
15:22:07.589897,93,0.6564174448097805,2.3295828926473043,0.7615485681307876,-0.7655200204462744,10.99999975413084,1.0,1.9182949652659962,1
15:22:07.589897,93,0.636557276094338,2.237975552539408,0.7201792389709467,-0.904680024163099,23.9999994635582,1.0,1.2848630459362247,1
15:22:07.589897,93,0.6213954430260018,2.1846703543853434,0.7506626368753291,-0.904680024163099,25.87999942153692,1.0,1.1184574318248905,1
15:22:07.589897,93,0.6106040341789186,2.166994072829437,0.847983937030901,-0.7655200204462744,22.75999949127436,1.0,1.1142722518503194,1
15:22:07.589897,93,0.601333028049825,2.22711735583016,0.8175840099273541,-0.7655200204462744,30.63999931514263,1.0,0.7784571727605062,1
15:22:07.589897,93,0.4418529924737612,2.202589447807368,0.8384461850512814,-0.7655200204462744,17.879999600350857,1.0,0.0660070101727478,1
15:22:07.589897,93,0.6306776622665491,2.335799136334553,0.7598829306548343,-0.7655200204462744,11.9999997317791,1.0,1.6613074472495992,1
15:22:07.589897,93,0.4420052966730301,2.3641510965146537,0.8743438222817588,-0.7655200204462744,11.359999746084211,1.0,1.1112086906414542,1
15:22:07.589897,93,0.2864445565939889,2.238736040057899,1.1765819668875757,-0.6958000185841229,25.75999942421913,1.0,2.3906620778582255,1
15:22:07.589897,93,0.2721543710458661,2.1507045965406872,1.3059421555534252,-0.6958000185841229,54.11999879032373,1.0,3.864440124560433,1
15:22:07.589897,93,0.2626749386594665,2.241388105610125,1.1758713480645824,-0.6958000185841229,24.879999443888664,1.0,2.7713249042217285,1
15:22:07.589897,93,0.2565053752538422,2.2130558504766364,1.285962490432854,-0.6958000185841229,42.51999904960394,1.0,3.5719045789589488,1
15:22:07.589897,93,0.2494332093728403,2.146140560679241,1.2836353424632172,-0.6958000185841229,49.99999888241291,1.0,4.097142794424318,1
15:22:07.589897,93,0.2388790534511476,2.24381044551347,1.1752222840436874,-0.6958000185841229,22.879999488592148,1.0,3.198592629187903,1
15:22:07.589897,93,0.2332683946115047,2.215421295802601,1.285328671268022,-0.6958000185841229,38.87999913096428,1.0,3.9876854570946767,1
15:22:07.589897,93,0.260386446560851,2.0740620598958888,-0.2864974047374984,-0.0697200018621515,17.759999603033066,1.0,5.03592629948768,1
15:22:07.589897,93,0.2344220686163061,2.076451821376572,-0.2871377393963508,-0.0697200018621515,19.35999956727028,1.0,5.321971108480843,1
15:22:07.589897,93,0.2084342486612985,2.078590670923509,-0.2877108424051839,-0.0697200018621515,20.239999547600743,1.0,5.659643450945738,1
15:22:07.589897,93,0.1861500587549845,2.122954268914943,-0.3349337976810105,-0.0697200018621515,15.359999656677246,1.0,6.96896996122778,1
15:22:07.589897,93,0.1824255854560512,2.0804783946535363,-0.2882166564541779,-0.0697200018621515,20.119999550282955,1.0,6.048585946523058,1
15:22:07.589897,93,0.1563986798450947,2.0821148037958643,-0.2886551309623515,-0.0697200018621515,18.879999577999115,1.0,6.488438076933512,1
15:22:07.589897,93,0.1043005536450371,2.0846330489068574,-0.2893298927061858,-0.0697200018621515,17.11999961733818,1.0,7.519414467168778,1
15:22:07.589897,93,0.0782345428249083,2.085514633053122,-0.2895661124662374,-0.0697200018621515,14.999999664723871,1.0,8.109803480291632,1
15:22:07.589897,93,0.4525331953793262,2.420461605591872,0.8475323919519984,-0.7655200204462744,6.519999854266644,0.6519999854266645,2.010386863878569,1
15:22:07.589897,93,0.3398975950977528,1.8891534727589967,-0.2686709066406489,-0.8349600223009475,10.359999768435957,1.0,4.673628662212262,1
15:22:07.589897,93,0.2947109517932786,2.147966824510287,1.3066757393580315,-0.6958000185841229,56.35999874025583,1.0,3.571344702026158,1
15:22:07.589897,93,0.2296549316496091,2.034225719134246,-0.2406271914357405,-0.4174800111504737,13.999999687075617,1.0,4.691071810703891,1
15:22:07.589897,93,0.2999228237324738,2.066898629583178,1.4906849144749843,-0.6263600167294499,10.239999771118164,1.0,6.5011391738238835,1
15:22:07.589897,93,0.3029000644570567,2.2076522288596663,1.2874103864813249,-0.6958000185841229,44.75999899953604,1.0,2.8771228075499353,1
15:22:07.589897,93,0.431477397966734,2.307840587437436,0.901155252611519,-0.7655200204462744,10.359999768435957,1.0,0.5405809498661311,1
15:22:07.589897,93,0.4175496024292732,2.2067400781112205,0.8373340270132841,-0.4872000130126253,14.359999679028988,1.0,0.12095249614525569,1
15:22:07.589897,93,0.3850243141348608,2.154778820683224,1.3755009478322386,-0.6263600167294499,43.5199990272522,1.0,3.126063778521993,1
15:22:07.589897,93,0.4261483394518839,2.424705346799469,0.846395284922536,-0.7655200204462744,4.999999888241291,0.4999999888241291,2.230459901452558,1
15:22:07.589897,93,0.4162342677386584,2.368296109765881,0.873233169328476,-0.7655200204462744,7.759999826550484,0.7759999826550483,1.3020842595046198,1
15:22:07.589897,93,0.3932044577743658,2.2106557520819656,0.8362848253349995,-0.4872000130126253,11.519999742507936,1.0,0.22617513517643034,1
15:22:07.589897,93,0.3625755497994729,2.1583894807729247,1.37453347437706,-0.6263600167294499,48.87999890744686,1.0,3.252404461771098,1
15:22:07.589897,93,0.3904216157262342,2.3721919908983646,0.8721892711252195,-0.7655200204462744,5.359999880194664,0.5359999880194664,1.5455849241808037,1
15:22:07.589897,93,0.406320196025433,2.311886872732294,0.9000710537344161,-0.7655200204462744,7.239999838173389,0.723999983817339,0.7034060345751374,1
15:22:07.589897,93,0.3087471607954249,2.1048018393221053,1.3902017767227024,-0.6958000185841229,35.23999921232462,1.0,4.671663117216424,1
15:22:07.589897,93,0.3688199930031079,2.2143360781554877,0.835298684935716,-0.4872000130126253,9.239999793469906,0.9239999793469906,0.38136461334647864,1
15:22:07.589897,93,0.359595847270626,2.1589557867583595,0.8644277312693722,-0.6958000185841229,15.999999642372131,1.0,0.5434889167349152,1
15:22:07.589897,93,0.3397334480511761,2.141838358052154,1.3083178569963294,-0.6958000185841229,53.35999880731106,1.0,3.120237596148077,1
15:22:07.589897,93,0.4033216423722209,1.838280789875236,-0.2175275520198427,-0.8349600223009475,7.35999983549118,0.735999983549118,5.211069821994295,1
15:22:07.589897,93,0.3443986465415474,2.2177806883022604,0.8343757044286482,-0.4872000130126253,7.759999826550484,0.7759999826550483,0.5862064578656924,1
15:22:07.589897,93,0.3172380616924208,2.145011313164556,1.3074676662363411,-0.6958000185841229,56.11999874562025,1.0,3.323184942538563,1
15:22:07.589897,93,0.3811223624049447,2.315689959859268,0.8990520196099983,-0.7655200204462744,5.119999885559082,0.5119999885559082,0.9176617790443274,1
15:22:07.641323,94,0.5767307522447699,2.2328070142688947,0.816059470543486,-0.5566400148672983,11.239999748766422,1.0,0.5429018568381946,1
15:22:07.641323,94,0.5626587221244181,2.1783272983261783,0.8449472084114094,-0.7655200204462744,7.35999983549118,0.735999983549118,0.5705792162972162,1
15:22:07.641323,94,0.4829180212904986,2.080240617886063,1.4196909257688777,-0.6958000185841229,21.119999527931213,1.0,0.9663019782404514,1
15:22:07.641323,94,0.5148507255140469,2.3033076206111085,0.7828789480309899,-0.7655200204462744,6.519999854266644,0.6519999854266645,0.3393729624430146,1
15:22:07.641323,94,0.5273556488327222,2.243472025225794,0.8132017894703159,-0.5566400148672983,8.759999804198742,0.8759999804198741,0.2336085123857816,1
15:22:07.641323,94,0.5025877586947045,2.2484463112517963,0.8118689335467271,-0.5566400148672983,6.519999854266644,0.6519999854266645,0.20842116287074414,1
15:22:07.641323,94,0.4612987042164473,2.084800872390223,1.4184690092572076,-0.6958000185841229,25.359999433159828,1.0,0.8044920766863665,1
15:22:07.641323,94,0.5908027823651216,2.287286730211612,0.7871717326755627,-0.7655200204462744,9.519999787211418,0.9519999787211418,0.609393747591666,1
15:22:07.641323,94,0.5402229435722997,2.298211963733088,0.7842443251763618,-0.7655200204462744,8.119999818503857,0.8119999818503857,0.33923678848532607,1
15:22:07.641323,94,0.601333028049825,2.22711735583016,0.8175840099273541,-0.8349600223009475,13.23999970406294,1.0,0.8275719230152019,1
15:22:07.641323,94,0.7161744877015876,2.255719076560544,0.7956302599783116,-0.6958000185841229,8.359999813139439,0.8359999813139438,2.874799475734779,1
15:22:07.641323,94,0.6272434326066562,2.232921043386153,0.8422478714776283,-0.8349600223009475,14.119999684393406,1.0,1.1490559910109484,1
15:22:07.641323,94,0.6411463079328265,2.275386619374683,0.7903603577641587,-0.7655200204462744,10.639999762177467,1.0,1.2420634413959493,1
15:22:07.641323,94,0.6517765047791243,2.226743800097815,0.8439030588281891,-0.8349600223009475,13.639999695122242,1.0,1.6044891743201681,1
15:22:07.641323,94,0.6662231566138255,2.2690724572461742,0.7920522324073718,-0.6958000185841229,10.119999773800371,1.0,1.6949533960202814,1
15:22:07.641323,94,0.6762443998471733,2.2203298983437563,0.8456216586235215,-0.8349600223009475,12.23999972641468,1.0,2.1475996147661207,1
15:22:07.641323,94,0.6912333835373256,2.262516391107754,0.7938089250346865,-0.6958000185841229,9.359999790787697,0.9359999790787696,2.2391453329536883,1
15:22:07.641323,94,0.700644671041796,2.213679979508778,0.8474034990050865,-0.8349600223009475,10.639999762177467,1.0,2.7785384361843293,1
15:22:07.641323,94,0.724974878356315,2.206794708579193,0.8492484017903386,-0.8349600223009475,8.999999798834324,0.8999999798834324,3.497426975154048,1
15:22:07.641323,94,0.7410439750170913,2.2486811933303037,0.7975160551062792,-0.6958000185841229,7.35999983549118,0.735999983549118,3.6020449558164476,1
15:22:07.641323,94,0.4521984648644594,2.1488623644569973,1.400648982904889,-0.6958000185841229,29.23999934643507,1.0,0.588025347650078,1
15:22:07.641323,94,0.7492325887903831,2.1996747740763247,0.8511561824905445,-0.8349600223009475,7.639999829232693,0.7639999829232693,4.304356695095242,1
15:22:07.641323,94,0.6160053451581872,2.2814582460823565,0.7887334702910942,-0.7655200204462744,10.359999768435957,1.0,0.8802842553325992,1
15:22:07.641323,94,0.4396332576584508,2.089152075801575,1.4173031078170322,-0.6958000185841229,30.119999326765537,1.0,0.7094514780591804,1
15:22:07.641323,94,0.4744831339686797,2.1443867988152934,1.4018482071042562,-0.6958000185841229,24.51999945193529,1.0,0.6612427509320068,1
15:22:07.641323,94,0.4298685762926048,2.153122456540463,1.3995074946714423,-0.6958000185841229,34.11999923735857,1.0,0.5847508696556618,1
15:22:07.641323,94,0.4894270228145848,2.3081579499915628,0.7815793061904723,-0.7655200204462744,5.119999885559082,0.5119999885559082,0.42920337485400073,1
15:22:07.641323,94,0.2550913057818537,2.031884555127186,-0.2399998784306998,-0.0697200018621515,7.879999823868275,0.7879999823868274,12.95097731673787,1
15:22:07.641323,94,0.3218467367037092,2.179811053946627,-0.1777151693664507,-0.0697200018621515,14.359999679028988,1.0,10.028369120356592,1
15:22:07.641323,94,0.2723723052112272,2.1995664296306416,1.4813137714433997,-0.6958000185841229,25.51999942958355,1.0,2.873470286505473,1
15:22:07.641323,94,0.3828216694145259,2.2174446697884718,-0.2203353840546489,-0.0697200018621515,11.879999734461308,1.0,9.090671956976806,1
15:22:07.641323,94,0.3788190587875757,2.146196235186841,-0.3764972287947596,-0.2088800055789761,5.639999873936176,0.5639999873936177,11.36199212091181,1
15:22:07.641323,94,0.2867512783908595,2.1357834014839483,1.4964402403766095,-0.7655200204462744,26.239999413490292,1.0,2.1968884686113315,1
15:22:07.641323,94,0.2950207106201566,2.191481937029253,1.459921992043624,-0.6958000185841229,30.119999326765537,1.0,2.288332771367263,1
15:22:07.641323,94,0.3160607098450766,1.9590193873918096,0.6456162043842855,-0.7655200204462744,14.759999670088291,1.0,2.9735438000466337,1
15:22:07.641323,94,0.3086699669320356,2.1329077137922283,1.49721077857129,-0.6958000185841229,30.879999309778214,1.0,1.8269532472948389,1
15:22:07.641323,94,0.3175714978583759,2.18852331926443,1.4607147512844203,-0.6958000185841229,34.99999921768904,1.0,1.8739966282587734,1
15:22:07.641323,94,0.3306404564239795,2.1246229436967874,1.476527268219209,-0.6958000185841229,35.51999920606613,1.0,1.4382464846475034,1
15:22:07.641323,94,0.3495930393923488,2.228241955100027,1.3787244844094828,-0.6958000185841229,21.119999527931213,1.0,1.4290566210792899,1
15:22:07.641323,94,0.370350685948381,2.003883165566538,0.611757849567192,-0.7655200204462744,7.239999838173389,0.723999983817339,2.2424334032760513,1
15:22:07.641323,94,0.3525006882839026,2.121323597902569,1.4774113252603207,-0.6958000185841229,38.87999913096428,1.0,1.1987433682663033,1
15:22:07.641323,94,0.3625755497994729,2.1819533844219268,1.4624751600197945,-0.6958000185841229,41.35999907553196,1.0,1.2489074025522524,1
15:22:07.641323,94,0.3528401426601835,2.0016563676439563,1.5284511868782016,-0.6958000185841229,6.519999854266644,0.6519999854266645,1.4183072725206245,1
15:22:07.641323,94,0.3635361115186817,2.0623344243194794,1.514156692543213,-0.6958000185841229,22.11999950557947,1.0,1.1989766247254976,1
15:22:07.641323,94,0.3743256703703227,2.117813266972967,1.4783519155980738,-0.6958000185841229,39.99999910593033,1.0,1.0244130171548533,1
15:22:07.641323,94,0.3850820769252037,2.160994537599896,1.397398176908815,-0.6958000185841229,41.11999908089638,1.0,0.7868813837959263,1
15:22:07.641323,94,0.3961132202033161,2.114092301938131,1.4793489451742226,-0.6958000185841229,38.519999139010906,1.0,0.9155848122401329,1
15:22:07.641323,94,0.4074957012232654,2.15716664906005,1.398423856551783,-0.6958000185841229,38.519999139010906,1.0,0.6511377852440418,1
15:22:07.641323,94,0.4179238481430135,2.0932937930034243,1.416193338037519,-0.6958000185841229,34.759999223053455,1.0,0.6809387044667141,1
15:22:07.641323,94,0.3400905282128709,2.185347029186539,1.4615658356457184,-0.6958000185841229,39.11999912559986,1.0,1.5273894323579411,1
15:22:07.703329,95,0.601333028049825,2.22711735583016,-1.182415990072646,-0.6263600167294499,24.759999446570877,1.0,5.1658657989010095,1
15:22:07.703329,95,0.6100040457244862,2.231068395497033,-1.304572649831257,-0.6263600167294499,12.759999714791777,1.0,6.2568800788509,1
15:22:07.703329,95,0.5250893451387066,2.0382445424609728,-0.6835274902847481,-0.7655200204462744,19.119999572634697,1.0,1.2068363344827486,1
15:22:07.703329,95,0.6344862975245207,2.1609806983150346,0.8495952158758211,-0.6263600167294499,50.1199988797307,1.0,2.5007327240860415,1
15:22:07.703329,95,0.6106040341789186,2.166994072829437,-1.152016062969099,-0.6263600167294499,37.75999915599823,1.0,3.8189354503689046,1
15:22:07.703329,95,0.6258751710558725,2.22119034610206,0.8191721473975297,-0.6263600167294499,34.639999225735664,1.0,3.922617440291755,1
15:22:07.703329,95,0.6349000780827776,2.2250559203051843,0.697038388040911,-0.6263600167294499,14.359999679028988,1.0,3.491143489920665,1
15:22:07.703329,95,0.6186178679798683,2.1069348188494645,0.8783667076100459,-0.6263600167294499,42.11999905854464,1.0,2.4532308629919393,1
15:22:07.703329,95,0.5953328973019646,2.112797799556815,-1.123204273335728,-0.6263600167294499,35.999999195337296,1.0,2.976501249871588,1
15:22:07.703329,95,0.586660710941463,2.1727764655779627,-1.153565450436386,-0.6263600167294499,24.119999460875988,1.0,3.3013356887708127,1
15:22:07.703329,95,0.5767307522447699,2.2328070142688947,-1.183940529456514,-0.6263600167294499,16.359999634325504,1.0,4.814380917981881,1
15:22:07.703329,95,0.5168335874500873,2.079174255048087,-0.7689161298393618,-0.7655200204462744,21.87999951094389,1.0,0.5549089803646836,1
15:22:07.703329,95,0.5036064192244363,2.043212802783124,-0.6848587316258561,-0.7655200204462744,23.9999994635582,1.0,0.9239009137337357,1
15:22:07.703329,95,0.4894822030157919,1.9914824700212337,-0.6448490102657896,-0.7655200204462744,19.239999569952488,1.0,2.3858190076929993,1
15:22:07.703329,95,0.5850470134726841,2.236840096874679,-1.306119172554351,-0.6263600167294499,10.359999768435957,1.0,5.816720548467254,1
15:22:07.703329,95,0.5626587221244181,2.1783272983261783,-1.1550527915885906,-0.6263600167294499,14.359999679028988,1.0,2.8841711174979827,1
15:22:07.703329,95,0.5485866920040665,2.123847582383462,-1.126165053720667,-0.6263600167294499,20.999999530613422,1.0,1.918931165500879,1
15:22:07.703329,95,0.4947347318804869,2.0840597954752766,-0.7702252064514168,-0.7655200204462744,27.359999388456345,1.0,0.35746122157560223,1
15:22:07.703329,95,0.4820731330901654,2.0479733090277974,-0.6861343054296798,-0.7655200204462744,30.759999312460423,1.0,0.7295300511331801,1
15:22:07.703329,95,0.4685528424421034,1.996109462440634,-0.646088809147953,-0.7655200204462744,23.11999948322773,1.0,2.1444845815620335,1
15:22:07.703329,95,0.5402229435722997,2.298211963733088,-1.2157556748236382,-0.6263600167294499,7.999999821186066,0.7999999821186066,7.448157874116749,1
15:22:07.703329,95,0.6456997855809277,2.178550703496558,0.7523023923889398,-0.6263600167294499,39.87999910861254,1.0,2.3452538564185446,1
15:22:07.703329,95,0.5719883938331011,2.118435575325765,-1.124714910800126,-0.6263600167294499,28.23999936878681,1.0,2.398061169070418,1
15:22:07.703329,95,0.6597326209651806,2.218803272541614,0.6987137799597158,-0.6263600167294499,14.6399996727705,1.0,3.150258983711629,1
15:22:07.703329,95,0.7222514801152993,2.087011960268891,0.7676950520515762,-0.4872000130126253,28.639999359846115,1.0,2.2271532017230675,1
15:22:07.703329,95,0.6583051127719436,2.1547369433671664,0.8512682249718404,-0.6263600167294499,52.3599988296628,1.0,2.272172713183587,1
15:22:07.703329,95,0.5273556488327222,2.243472025225794,-1.186798210529684,-0.6263600167294499,10.639999762177467,1.0,4.4114927923387475,1
15:22:07.703329,95,0.8258711404055235,2.056880083467433,0.6557746161735918,-0.4872000130126253,8.879999801516533,0.8879999801516533,4.689971075830254,1
15:22:07.703329,95,0.8150425605943517,2.057309760203487,0.775653732572529,-0.4872000130126253,15.519999653100967,1.0,4.354240444316572,1
15:22:07.703329,95,0.779750961114646,2.059640286561168,0.8910392393431024,-0.6263600167294499,21.87999951094389,1.0,3.6654046342492363,1
15:22:07.703329,95,0.8117681261591208,2.116718247540752,0.742901328167481,-0.5566400148672983,10.639999762177467,1.0,3.3235487563240476,1
15:22:07.703329,95,0.7919612657175876,2.06507105720149,0.773574099309696,-0.4872000130126253,18.639999583363533,1.0,3.652313733077228,1
15:22:07.703329,95,0.756947554705615,2.067062032161516,0.8890505886030602,-0.6263600167294499,25.51999942958355,1.0,3.167097069229001,1
15:22:07.703329,95,0.7980226864406729,2.1229480256661417,0.6187207407189752,-0.4872000130126253,7.639999829232693,0.7639999829232693,2.9970716494325256,1
15:22:07.703329,95,0.7642098608850312,2.1319415330401967,0.7388222611117563,-0.5566400148672983,13.119999706745148,1.0,2.399033069155759,1
15:22:07.703329,95,0.7455634056044919,2.0799228998201014,0.7695945600739247,-0.4872000130126253,22.879999488592148,1.0,2.589928628047021,1
15:22:07.703329,95,0.7340684541752844,2.074263146361885,0.887121055868467,-0.6263600167294499,29.759999334812164,1.0,2.7790404478475397,1
15:22:07.703329,95,0.7583783335097577,2.191403819886928,0.7060554411715938,-0.6263600167294499,8.999999798834324,0.8999999798834324,2.8875881399901067,1
15:22:07.703329,95,0.7403149068125284,2.139207890077909,0.7368752466115849,-0.6263600167294499,16.759999625384808,1.0,2.107736662006742,1
15:22:07.703329,95,0.7111159474145397,2.081242909056888,0.8852508340909799,-0.6263600167294499,34.639999225735664,1.0,2.500106770561332,1
15:22:07.703329,95,0.7338245136559637,2.1986106661236904,0.704124372542478,-0.6263600167294499,10.519999764859676,1.0,2.7855992642767125,1
15:22:07.703329,95,0.7163459218695808,2.146243080120179,0.7349901731211594,-0.6263600167294499,21.99999950826168,1.0,1.9287883673818371,1
15:22:07.703329,95,0.6880923296548268,2.0880006222761045,0.8834401102912097,-0.6263600167294499,39.51999911665917,1.0,2.329173105740243,1
15:22:07.703329,95,0.7091973119656029,2.205579984291994,0.7022569493674855,-0.6263600167294499,12.23999972641468,1.0,2.796228035689828,1
15:22:07.703329,95,0.6923053029346014,2.153046399653896,0.733167229146249,-0.6263600167294499,28.999999351799488,1.0,1.8609766257117009,1
15:22:07.703329,95,0.6771762383515176,2.1127685811099868,0.7861289720654465,-0.6263600167294499,45.51999898254872,1.0,1.8388556606778175,1
15:22:07.703329,95,0.6649999032386329,2.0945356102538737,0.8816890655400194,-0.6263600167294499,43.5199990272522,1.0,2.2651221622743587,1
15:22:07.703329,95,0.6844991911382117,2.2123110774658614,0.7004533583873691,-0.6263600167294499,13.759999692440031,1.0,2.9182024230967105,1
15:22:07.703329,95,0.6699395586982632,2.1721966005840327,0.7540049691329751,-0.6263600167294499,36.51999918371439,1.0,2.1532393413083337,1
15:22:07.703329,95,0.6418409773892526,2.100847219496872,0.8799978749404171,-0.6263600167294499,44.75999899953604,1.0,2.3068428550406983,1
15:22:07.703329,95,0.5144883540931448,2.1887320867185007,-1.15784074623573,-0.7655200204462744,9.359999790787697,0.9359999790787696,2.3470057850103485,1
15:22:07.703329,95,0.7006914935850449,2.1061139356658205,0.7879120789381264,-0.6263600167294499,36.23999918997288,1.0,1.9416917011209063,1
15:22:07.703329,95,0.4725864032521876,2.0887316366366258,-0.7714770225177667,-0.7655200204462744,34.639999225735664,1.0,0.24975502874788566,1
15:22:07.703329,95,0.3519367624039908,2.0721483123466182,-0.6926119780459776,-0.7655200204462744,63.63999857753515,1.0,1.3773071567606212,1
15:22:07.703329,95,0.3420662946454196,2.019606450228507,-0.6523848080502773,-0.7655200204462744,34.759999223053455,1.0,2.484081942451507,1
15:22:07.703329,95,0.3481955527197644,2.170943291363545,-0.7993909260691111,-0.6958000185841229,32.35999927669764,1.0,2.1038440740264814,1
15:22:07.703329,95,0.3395464559408257,2.134760830198061,-0.7133154679442666,-0.7655200204462744,57.87999870628119,1.0,1.7452154352106883,1
15:22:07.703329,95,0.3301115022502129,2.075442379891624,-0.6934946207844754,-0.7655200204462744,52.63999882340431,1.0,1.7801460085911411,1
15:22:07.703329,95,0.3208531487964924,2.0228081318935165,-0.6532426960668383,-0.6958000185841229,30.759999312460423,1.0,2.8316125974413273,1
15:22:07.703329,95,0.5016210593535673,2.1339921482112074,-1.128883281941776,-0.6263600167294499,15.359999656677246,1.0,1.25469685213152,1
15:22:07.703329,95,0.3251398496921028,2.1741952786655183,-0.8002622934404711,-0.6958000185841229,30.63999931514263,1.0,2.6799711839738416,1
15:22:07.703329,95,0.317063451229484,2.137932038889627,-0.7141651907522023,-0.7655200204462744,48.119998924434185,1.0,2.3098492088021634,1
15:22:07.703329,95,0.3084229897969587,2.085408033402817,-0.6732889861038889,-0.6958000185841229,41.75999906659126,1.0,2.2936079257861146,1
15:22:07.703329,95,0.3611803434692949,2.108869752646049,-0.7768730144395759,-0.6958000185841229,65.35999853909016,1.0,1.0273866871212705,1
15:22:07.703329,95,0.2996079179014966,2.025804753641078,-0.6540456384441189,-0.6958000185841229,26.359999410808086,1.0,3.2603177640612935,1
15:22:07.703329,95,0.3020516329518743,2.177224406096154,-0.8010739456892809,-0.6958000185841229,27.99999937415123,1.0,3.339680471797547,1
15:22:07.703329,95,0.2945487404386553,2.140885923497375,-0.7149566817473831,-0.7655200204462744,38.75999913364649,1.0,2.95641707396654,1
15:22:07.703329,95,0.2783327264657224,2.0285960158115275,-0.6547935548885543,-0.6958000185841229,22.359999500215054,1.0,3.7694878731853265,1
15:22:07.703329,95,0.2721543710458661,2.1507045965406872,-0.6940578444465748,-0.7655200204462744,31.119999304413795,1.0,3.888240549430995,1
15:22:07.703329,95,0.2645920365181776,2.090943117910836,-0.6747721075278506,-0.6958000185841229,25.87999942153692,1.0,3.5477660528052457,1
15:22:07.703329,95,0.2495705750893602,2.153224355480848,-0.694733011819712,-0.7655200204462744,24.99999944120645,1.0,4.7172231245353125,1
15:22:07.703329,95,0.2426357749248783,2.09339286048506,-0.6754285140722779,-0.6958000185841229,20.75999953597784,1.0,4.294573043352632,1
15:22:07.703329,95,0.2891375241818489,2.1384023111384334,-2.134212014502599,-0.0697200018621515,10.99999975413084,1.0,4.17769761016622,1
15:22:07.703329,95,0.2416388304316339,2.1879759450706917,-2.179902945349432,-0.0697200018621515,11.879999734461308,1.0,5.7089794206813185,1
15:22:07.703329,95,0.1918807505958744,2.2368818036789224,-2.225543548383771,-0.2088800055789761,6.6399998515844345,0.6639999851584435,8.471524275354243,1
15:22:07.703329,95,0.373882148793243,1.974476373972423,-2.1892816376306588,-0.0697200018621515,7.1199998408555984,0.7119999840855599,7.673472571250248,1
15:22:07.703329,95,0.3712164364838727,2.1674687693862413,-0.7984599307112082,-0.6958000185841229,32.75999926775694,1.0,1.6121419240280965,1
15:22:07.703329,95,0.2865218391295005,2.088281420160907,-0.6740589077652613,-0.6958000185841229,32.75999926775694,1.0,2.8805328492056312,1
15:22:07.703329,95,0.3529813304797089,1.980852324086626,-0.5523684585962692,-0.7655200204462744,9.519999787211418,0.9519999787211418,3.7030814974343444,1
15:22:07.703329,95,0.4624529344380886,1.916446944352016,-2.138396933805949,-0.2783200074336491,6.999999843537808,0.6999999843537809,12.714653172731754,1
15:22:07.703329,95,0.4604916400464667,2.052525585148357,-0.6873540841399073,-0.7655200204462744,39.51999911665917,1.0,0.6228945582179681,1
15:22:07.703329,95,0.4475766269767247,2.000534064787165,-0.6472743777735346,-0.7655200204462744,27.359999388456345,1.0,1.989545112393904,1
15:22:07.703329,95,0.5148507255140469,2.3033076206111085,-1.21712105196901,-0.6263600167294499,5.999999865889549,0.5999999865889549,7.466559431760916,1
15:22:07.703329,95,0.4903247918753622,2.1935850018924845,-1.1591410809375358,-0.7655200204462744,6.359999857842922,0.6359999857842922,2.224961021072529,1
15:22:07.703329,95,0.4780618250560199,2.1387236925331727,-1.1301510954217986,-0.6263600167294499,11.239999748766422,1.0,1.067664861702633,1
15:22:07.703329,95,0.4839921863032627,2.033515530792948,-1.1843027264734498,-0.4872000130126253,16.759999625384808,1.0,2.2024119703268683,1
15:22:07.703329,95,0.4503908163794964,2.0931893113519333,-0.7726714528578541,-0.7655200204462744,43.5199990272522,1.0,0.23092502101869622,1
15:22:07.703329,95,0.4388640982245637,2.0568691759210065,-0.6885179457796897,-0.7655200204462744,50.519998870790005,1.0,0.6031732193526479,1
15:22:07.703329,95,0.4265556542236285,2.004755834604296,-0.648405597586665,-0.7655200204462744,31.87999928742647,1.0,1.9202302225613999,1
15:22:07.703329,95,0.5025877586947045,2.2484463112517963,-1.188131066453273,-0.6263600167294499,7.1199998408555984,0.7119999840855599,4.357925877758614,1
15:22:07.703329,95,0.4788140897051535,2.2649817472424925,-1.1663427682294514,-0.6263600167294499,4.999999888241291,0.4999999888241291,4.905194494639794,1
15:22:07.703329,95,0.3632452341514657,2.0162000288115327,-0.651472060182519,-0.7655200204462744,37.239999167621136,1.0,2.2184451315851157,1
15:22:07.703329,95,0.373726829176381,2.068643597197421,-0.691672892452049,-0.7655200204462744,70.75999841839075,1.0,1.0574102213446666,1
15:22:07.703329,95,0.3835427239927498,2.105272986531868,-0.7759092638639176,-0.6958000185841229,67.5199984908104,1.0,0.6991773712065161,1
15:22:07.703329,95,0.3954795235789624,2.0649285849126118,-0.6906774579104626,-0.7655200204462744,70.11999843269587,1.0,0.821230486866793,1
15:22:07.703329,95,0.3843878494384238,2.012589208281882,-0.6505045437375855,-0.7655200204462744,37.63999915868044,1.0,2.0354309149472067,1
15:22:07.703329,95,0.4054920262624784,2.0087743497185837,-0.6494823554663106,-0.7655200204462744,35.63999920338392,1.0,1.9357771065149423,1
15:22:07.703329,95,0.4171926703605189,2.061003646990305,-0.6896257739638383,-0.7655200204462744,61.87999861687422,1.0,0.6695532065909313,1
15:22:07.703329,95,0.4281501908025049,2.0974323738574614,-0.7738083780296451,-0.7655200204462744,53.63999880105257,1.0,0.3001149179525595,1
15:22:07.703329,95,0.4544547849764874,2.1432274393491606,-1.1313578707440568,-0.7655200204462744,8.51999980956316,0.851999980956316,0.976088577628476,1
15:22:07.703329,95,0.4058667505651379,2.1014603998505144,-0.7748876843415752,-0.6958000185841229,62.759998597204685,1.0,0.4564779684225784,1
15:22:07.753121,96,0.6440187861784935,2.1659547291455463,-1.2702915473166736,-0.5566400148672983,5.519999876618385,0.5519999876618386,2.896420689810677,1
15:22:07.753121,96,0.5311919927087473,1.9816231859378477,-0.6422072230576973,-0.8349600223009475,52.51999882608652,1.0,1.4352838769372072,1
15:22:07.753121,96,0.5519682508839892,1.9763918801940112,-0.6408054989082761,-0.8349600223009475,42.9999990388751,1.0,1.789857718425593,1
15:22:07.753121,96,0.6283049513918063,2.113106185749479,-1.239296874593063,-0.5566400148672983,8.51999980956316,0.851999980956316,1.9273073389050013,1
15:22:07.753121,96,0.6125911166051192,2.060257642353412,-1.2083022018694525,-0.5566400148672983,6.239999860525131,0.6239999860525132,1.57235856651729,1
15:22:07.753121,96,0.54528907713813,2.0112794494858,-0.7448384144598388,-0.7655200204462744,34.879999220371246,1.0,0.7731949173755625,1
15:22:07.753121,96,0.5004599647095405,1.9036484897500547,-0.468191416581676,-0.7655200204462744,11.879999734461308,1.0,4.197476409549621,1
15:22:07.753121,96,0.523906917995784,2.016443312527965,-0.7462220673918118,-0.7655200204462744,44.87999899685383,1.0,0.5247619088380203,1
15:22:07.753121,96,0.6046553558543946,2.119060976257507,-1.2408924559007857,-0.5566400148672983,7.1199998408555984,0.7119999840855599,1.6385247888606025,1
15:22:07.753121,96,0.5895329947402029,2.066063504233669,-1.209857877871634,-0.5566400148672983,5.359999880194664,0.5359999880194664,1.1936787443839254,1
15:22:07.753121,96,0.5365050060711732,2.0412766352855,-0.852447436148715,-0.7655200204462744,21.239999525249004,1.0,0.23371452560551617,1
15:22:07.753121,96,0.5103626157792674,1.9866535502243263,-0.6435551051058936,-0.8349600223009475,62.759998597204685,1.0,1.1642900209756926,1
15:22:07.753121,96,0.5666167078296057,2.005909312284112,-0.743399490533402,-0.7655200204462744,27.519999384880062,1.0,1.108203077750033,1
15:22:07.753121,96,0.495941744605938,1.9521407145673293,-0.5446752060121759,-0.8349600223009475,40.3599990978837,1.0,2.2274854731863583,1
15:22:07.753121,96,0.6197777169685861,2.1720584482813456,-1.2719270339299371,-0.5566400148672983,4.999999888241291,0.4999999888241291,2.7025179286775898,1
15:22:07.753121,96,0.6355879798716044,2.0542293501266977,-1.2066869258355657,-0.5566400148672983,6.8799998462200165,0.6879999846220016,2.0502533992363254,1
15:22:07.753121,96,0.7222514801152993,2.3348427421010194,-0.6501567324128542,-0.5566400148672983,7.35999983549118,0.735999983549118,9.00705305693064,1
15:22:07.753121,96,0.6681954540493426,2.1596171683528067,-1.268593403020276,-0.5566400148672983,5.759999871253967,0.5759999871253967,3.1945971200709957,1
15:22:07.753121,96,0.5809452952879779,2.124787035289774,-1.2424267487942946,-0.5566400148672983,5.519999876618385,0.5519999876618386,1.4501657996028845,1
15:22:07.753121,96,0.7919612657175876,2.3121278477786524,-0.6501567324128542,-0.5566400148672983,5.359999880194664,0.5359999880194664,9.254969872320514,1
15:22:07.753121,96,0.7721544052760544,2.2543017954370157,-0.6338963870885707,-0.5566400148672983,5.239999882876873,0.5239999882876873,6.767754858283786,1
15:22:07.753121,96,0.7455634056044919,2.3275036066769004,-0.6501567324128542,-0.5566400148672983,6.359999857842922,0.6359999857842922,8.991146011077,1
15:22:07.753121,96,0.7269169503239524,2.2692930083683542,-0.6338963870885707,-0.5566400148672983,5.879999868571758,0.5879999868571758,6.272169447589383,1
15:22:07.753121,96,0.70418805341807,2.276448592857093,-0.6338963870885707,-0.5566400148672983,6.519999854266644,0.6519999854266645,6.168648770725846,1
15:22:07.753121,96,0.7163459218695808,2.4005202560203656,-0.6664170777371378,-0.5566400148672983,5.359999880194664,0.5359999880194664,12.818213107156035,1
15:22:07.753121,96,0.6988673300831979,2.093875494116668,-1.2341440263001593,-0.5566400148672983,8.359999813139439,0.8359999813139438,3.409368981165883,1
15:22:07.753121,96,0.681388738296815,2.0415079081131573,-1.203278225721478,-0.5566400148672983,6.999999843537808,0.6999999843537809,3.3086317377400736,1
15:22:07.753121,96,0.5933531060577052,1.9653285568806973,-0.6378410903608692,-0.8349600223009475,28.639999359846115,1.0,2.7537646829979314,1
15:22:07.753121,96,0.6923053029346014,2.153046399653896,-1.266832770853751,-0.5566400148672983,5.639999873936176,0.5639999873936177,3.598438453123956,1
15:22:07.753121,96,0.6754132939035999,2.100512815015798,-1.2359224910749873,-0.5566400148672983,9.119999796152117,0.9119999796152116,2.8114201044759044,1
15:22:07.753121,96,0.6585212848725984,2.0479792303777007,-1.205012211296224,-0.5566400148672983,7.1199998408555984,0.7119999840855599,2.6286011959584474,1
15:22:07.753121,96,0.5878876773250103,2.0003334379321225,-0.741905439503689,-0.7655200204462744,22.11999950557947,1.0,1.530850843805786,1
15:22:07.753121,96,0.5726893126965822,1.970960156119009,-0.6393500728288706,-0.8349600223009475,34.99999921768904,1.0,2.2290180068276717,1
15:22:07.753121,96,0.6518917169604734,2.1069232592397524,-1.237640164427921,-0.5566400148672983,9.239999793469906,0.9239999793469906,2.3178346113212553,1
15:22:07.753121,96,0.5145550324052296,2.0463529076550997,-0.8538076192307096,-0.7655200204462744,25.63999942690134,1.0,0.08799994391409463,1
15:22:07.753121,96,0.4054920262624784,2.0087743497185837,-0.6494823554663106,-0.8349600223009475,56.759998731315136,1.0,1.0274030939754233,1
15:22:07.753121,96,0.4894822030157919,1.9914824700212337,-0.6448490102657896,-0.8349600223009475,71.63999839872122,1.0,0.9758636860206191,1
15:22:07.753121,96,0.3632452341514657,2.0162000288115327,-0.651472060182519,-0.8349600223009475,37.75999915599823,1.0,1.521899364271405,1
15:22:07.753121,96,0.3595880141128076,2.0759174872409494,-0.8617294244553038,-0.6958000185841229,43.5199990272522,1.0,1.4474569583680519,1
15:22:07.753121,96,0.351144250454717,2.0502707359058565,-0.7552860981679435,-0.6958000185841229,46.35999896377325,1.0,1.5244823086178023,1
15:22:07.753121,96,0.3420662946454196,2.019606450228507,-0.6523848080502773,-0.6958000185841229,30.63999931514263,1.0,1.8827008019539204,1
15:22:07.753121,96,0.3372882637184925,2.079283169185543,-0.8626312562143377,-0.6958000185841229,37.35999916493893,1.0,1.9678152463459497,1
15:22:07.753121,96,0.3293681377084158,2.053557385675369,-0.7561667533194885,-0.6958000185841229,35.759999200701714,1.0,2.0064857460633743,1
15:22:07.753121,96,0.3149547847803861,2.082433287393974,-0.8634753278443492,-0.6958000185841229,31.119999304413795,1.0,2.5662484570705457,1
15:22:07.753121,96,0.3075590884242887,2.0566335335271604,-0.7569910046521746,-0.6958000185841229,27.99999937415123,1.0,2.5641697755983577,1
15:22:07.753121,96,0.5024723686005682,2.0214003850286293,-0.7475503109651873,-0.7655200204462744,57.999998703598976,1.0,0.3618334222896402,1
15:22:07.753121,96,0.2857192834889924,2.059498871849023,-0.7577587697415595,-0.6958000185841229,22.239999502897263,1.0,3.196431820248743,1
15:22:07.753121,96,0.3157614292216512,1.8923200890008784,-2.2695193989054,-0.3480400092958007,5.999999865889549,0.5999999865889549,13.497777901558933,1
15:22:07.753121,96,0.3728852490701616,2.046773912880845,-0.7543491272623173,-0.6958000185841229,60.11999865621328,1.0,1.119261262028,1
15:22:07.753121,96,0.3818518060069744,2.0723365781255656,-0.8607699227496675,-0.6958000185841229,48.239998921751976,1.0,1.0063305071480915,1
15:22:07.753121,96,0.2925898106276708,2.085367526857059,-0.8642615549388825,-0.6958000185841229,25.63999942690134,1.0,3.241598989358176,1
15:22:07.753121,96,0.3843878494384238,2.012589208281882,-0.6505045437375855,-0.8349600223009475,46.63999895751476,1.0,1.2364534431508423,1
15:22:07.753121,96,0.3894074153894008,2.0828211223106883,-0.9917050001023632,-0.7655200204462744,7.759999826550484,0.7759999826550483,0.990621401435315,1
15:22:07.753121,96,0.4925536036671401,2.051216909287099,-0.8551109245399876,-0.7655200204462744,30.999999307096004,1.0,0.029549224227163183,1
15:22:07.753121,96,0.4809875723894641,2.026150171284695,-0.7488230123567206,-0.7655200204462744,73.51999835669994,1.0,0.2833331971159305,1
15:22:07.753121,96,0.4705029199813457,2.055868153785411,-0.8563572217471099,-0.7655200204462744,37.11999917030335,1.0,0.05722600248243727,1
15:22:07.753121,96,0.4594546778240927,2.030692196321517,-0.7500400442973392,-0.7655200204462744,88.11999803036451,1.0,0.28817988656755195,1
15:22:07.753121,96,0.4475766269767247,2.000534064787165,-0.6472743777735346,-0.8349600223009475,74.35999833792448,1.0,0.8426368071637995,1
15:22:07.753121,96,0.448405186397741,2.060306176029483,-0.8575463862234005,-0.7655200204462744,43.239999033510685,1.0,0.1698892787993007,1
15:22:07.753121,96,0.4685528424421034,1.996109462440634,-0.646088809147953,-0.8349600223009475,76.2399982959032,1.0,0.8689869214752066,1
15:22:07.753121,96,0.4265556542236285,2.004755834604296,-0.648405597586665,-0.8349600223009475,66.87999850511551,1.0,0.8957859690524983,1
15:22:07.753121,96,0.4262626126711706,2.064530532220808,-0.8586782990534073,-0.7655200204462744,47.9999989271164,1.0,0.3663939868555193,1
15:22:07.753121,96,0.4162532113106835,2.0391511667640034,-0.752306618596202,-0.7655200204462744,89.99999798834324,1.0,0.5435664534000967,1
15:22:07.753121,96,0.4040774130404564,2.0685407999273058,-0.8597528470467961,-0.7655200204462744,49.99999888241291,1.0,0.645591561897816,1
15:22:07.753121,96,0.4378758381758706,2.035026005940397,-0.7512012850848682,-0.7655200204462744,95.11999787390232,1.0,0.3752876015582429,1
15:22:07.753121,96,0.3945889594731028,2.043067266279709,-0.7533559342989151,-0.7655200204462744,76.11999829858541,1.0,0.7919230952482621,1
15:22:07.804935,97,0.5002571276058311,1.9894910421266263,1.1699170735386886,-0.7655200204462744,28.359999366104603,1.0,2.247689499171412,1
15:22:07.804935,97,0.4881111497510491,1.963626515009171,1.2738155079089872,-0.7655200204462744,56.759998731315136,1.0,1.0191123838097322,1
15:22:07.804935,97,0.4748191566704863,1.9264182164514176,1.354289316069883,-0.6958000185841229,44.63999900221825,1.0,0.988029544624871,1
15:22:07.804935,97,0.5028214357966712,1.872391014726655,0.6905790357543153,-0.6263600167294499,12.999999709427357,1.0,1.3162794471440473,1
15:22:07.804935,97,0.4942831451833262,1.9276933968051584,0.6540099782640838,-0.6263600167294499,4.999999888241291,0.4999999888241291,0.893114358971233,1
15:22:07.804935,97,0.4534932534074183,1.910330922903532,1.2939813758326717,-0.7655200204462744,42.9999990388751,1.0,1.2504640068849047,1
15:22:07.804935,97,0.4813217141129622,1.8771441006558451,0.6893054502180331,-0.6263600167294499,15.999999642372131,1.0,0.921470591043074,1
15:22:07.804935,97,0.5242708757580649,1.8674304985512604,0.6919082020575538,-0.6263600167294499,10.359999768435957,1.0,1.9234200415554843,1
15:22:07.804935,97,0.4745588088988987,1.8757586558429131,0.8009845886623135,-0.6263600167294499,20.63999953866005,1.0,0.8913186348340045,1
15:22:07.804935,97,0.6136196372645625,1.952848289943208,1.343280882917947,-0.6958000185841229,28.359999366104603,1.0,5.168471501755155,1
15:22:07.804935,97,0.4803308116643344,1.8697508061362336,1.3943142847282246,-0.6958000185841229,19.119999572634697,1.0,3.4911981664250233,1
15:22:07.804935,97,0.5516644429761388,1.969733225775975,1.3387565779973056,-0.6958000185841229,47.35999894142151,1.0,2.7204485193821046,1
15:22:07.804935,97,0.5089330758976217,1.958811121150923,1.2751057888045425,-0.6958000185841229,56.759998731315136,1.0,1.141540461596418,1
15:22:07.804935,97,0.5670103360524233,1.8568891803449508,0.694732739758094,-0.6263600167294499,8.239999815821648,0.8239999815821648,3.7733951872673095,1
15:22:07.804935,97,0.5152794778933878,1.916854279448182,1.3568519652663622,-0.6958000185841229,40.99999908357859,1.0,1.2670242098692808,1
15:22:07.804935,97,0.5308996202258857,1.9749616521656976,1.3373556253684935,-0.6958000185841229,53.23999880999327,1.0,2.273961079249239,1
15:22:07.804935,97,0.5882960824751661,1.8513094324370256,0.6962278287039916,-0.6263600167294499,6.7599998489022255,0.6759999848902225,5.01572270987378,1
15:22:07.804935,97,0.5354333574925985,1.9117796839546792,1.3582116990307609,-0.6958000185841229,36.87999917566776,1.0,1.6863259955591339,1
15:22:07.804935,97,0.5558396329533289,1.912970515521485,1.3794609015199728,-0.6958000185841229,32.119999282062054,1.0,2.2558872584718475,1
15:22:07.804935,97,0.5723740997442793,1.964304491366999,1.340211202998114,-0.6958000185841229,40.639999091625214,1.0,3.3517559191372372,1
15:22:07.804935,97,0.5758954556527046,1.907504609341354,1.3809254866668432,-0.6958000185841229,27.519999384880062,1.0,3.0294222008393126,1
15:22:07.804935,97,0.5930265195819809,1.958675991807663,1.341719354909637,-0.6958000185841229,34.11999923735857,1.0,4.167779488126591,1
15:22:07.804935,97,0.4463229523959979,1.9726527560064089,1.2713969339230888,-0.7655200204462744,47.63999893516302,1.0,1.3396822940667241,1
15:22:07.804935,97,0.4950740707780893,1.9217339529348487,1.355544460696282,-0.6958000185841229,43.87999901920557,1.0,1.0341914118183924,1
15:22:07.804935,97,0.4331912269679031,1.9146133156912997,1.2928339121435166,-0.7655200204462744,39.51999911665917,1.0,1.5403627641522484,1
15:22:07.804935,97,0.4672404128984412,1.9682405470941131,1.2725791817379757,-0.7655200204462744,53.35999880731106,1.0,1.0850495836941179,1
15:22:07.804935,97,0.4597738606610936,1.8816892810342212,0.6880875728061935,-0.6263600167294499,18.879999577999115,1.0,0.7393903882016306,1
15:22:07.804935,97,0.4721550332285862,1.9323609735775664,0.6527593048373068,-0.6263600167294499,5.639999873936176,0.5639999873936177,0.6511872834336718,1
15:22:07.804935,97,0.2897335762435126,1.9616974732270105,0.7586063282488729,-0.6263600167294499,10.87999975681305,1.0,6.676515575715911,1
15:22:07.804935,97,0.3118802256089127,1.958791877535312,0.7593848802679948,-0.6263600167294499,12.759999714791777,1.0,5.133059931636015,1
15:22:07.804935,97,0.3560777495282791,1.952339684014376,0.7611137403113388,-0.6263600167294499,14.759999670088291,1.0,2.685451624477793,1
15:22:07.804935,97,0.3679013550716455,1.896106745499964,0.7955323344711909,-0.6263600167294499,21.239999525249004,1.0,2.5533376983361995,1
15:22:07.804935,97,0.3781242043668818,1.948793731399084,0.7620638754510054,-0.6263600167294499,16.99999962002039,1.0,1.7796146310863974,1
15:22:07.804935,97,0.437338231574326,1.7686529054770532,-0.1854176952420991,-0.2088800055789761,8.639999806880951,0.8639999806880951,11.72575912842462,1
15:22:07.804935,97,0.4600204344507504,1.8698329108147616,-0.2634939776703753,-0.2088800055789761,13.35999970138073,1.0,7.036329311332042,1
15:22:07.804935,97,0.3893149789337743,1.892449641040267,0.7965122526578028,-0.6263600167294499,22.99999948590994,1.0,1.8006266699024207,1
15:22:07.804935,97,0.4001328471018407,1.9450350072328189,0.7630710225559274,-0.6263600167294499,19.119999572634697,1.0,1.0847287601880882,1
15:22:07.804935,97,0.4109079568977014,1.9974125261281677,0.7297619712291579,-0.6958000185841229,6.6399998515844345,0.6639999851584435,3.4156304725559536,1
15:22:07.804935,97,0.410689671624178,1.888585883162967,0.7975475434607746,-0.6263600167294499,23.9999994635582,1.0,1.2586386942404575,1
15:22:07.804935,97,0.4934590986683014,1.7988850949038442,-0.2315652773045915,-0.2088800055789761,12.359999723732471,1.0,9.885927926061068,1
15:22:07.804935,97,0.4533137177911934,1.8802399732722916,0.7997838232760841,-0.6263600167294499,22.63999949395657,1.0,0.8044994645044801,1
15:22:07.804935,97,0.4253608599722449,1.9768627005288608,1.270268882688118,-0.7655200204462744,41.23999907821417,1.0,1.7833957028478535,1
15:22:07.804935,97,0.4128458817686191,1.918699395117324,1.291739050461104,-0.7655200204462744,35.11999921500683,1.0,2.0205534469898234,1
15:22:07.804935,97,0.4381800302083579,1.8860261013475528,0.6869255253055173,-0.6263600167294499,20.51999954134226,1.0,0.7704928221509852,1
15:22:07.804935,97,0.4499797061660953,1.936814579391962,0.6515659647559329,-0.6263600167294499,6.239999860525131,0.6239999860525132,0.6219345323256975,1
15:22:07.804935,97,0.4320232956914956,1.8845158582406147,0.7986381033518937,-0.6263600167294499,23.87999946624041,1.0,0.9267770263283981,1
15:22:07.804935,97,0.4043562318188621,1.980869959670545,1.2691951408372413,-0.7655200204462744,34.99999921768904,1.0,2.416629750287868,1
15:22:07.804935,97,0.3924592523270407,1.9225887525770864,1.2906969002706845,-0.7655200204462744,30.51999931782484,1.0,2.691444268363399,1
15:22:07.804935,97,0.427759381509981,1.9410537688914944,0.6504300773529708,-0.6263600167294499,6.519999854266644,0.6519999854266645,0.8059010259661652,1
15:22:07.804935,97,0.4221014768873211,1.9410638873848485,0.7641350809122383,-0.6263600167294499,20.63999953866005,1.0,0.600096340343018,1
15:22:07.858098,98,0.6313974748170226,1.7662794729032885,-0.2228286272208279,-0.1391600037168245,16.239999637007713,1.0,3.6885113832250584,1
15:22:07.858098,98,0.4530613362749912,1.9030893666916728,1.2744181979153273,-0.6958000185841229,31.119999304413795,1.0,3.844164685228338,1
15:22:07.858098,98,0.4923541921950721,1.906144053458218,0.9892717169689398,-0.7655200204462744,20.87999953329563,1.0,3.2718221569227808,1
15:22:07.858098,98,0.4892273106356797,1.8217696290966228,0.725980136839393,-0.4174800111504737,15.519999653100967,1.0,1.4815272229229115,1
15:22:07.858098,98,0.6213034363952844,1.6908100993138586,-0.3635655585174682,-0.1391600037168245,22.99999948590994,1.0,2.300443663329988,1
15:22:07.858098,98,0.6437213260600594,1.684700448091822,-0.3619284824064874,-0.1391600037168245,19.879999555647373,1.0,3.099284222495401,1
15:22:07.858098,98,0.4985341732127074,1.8388256421925644,1.3190265151125762,-0.6958000185841229,30.999999307096004,1.0,5.027301250841861,1
15:22:07.858098,98,0.5242708757580649,1.8674304985512604,0.6919082020575538,-0.5566400148672983,6.11999986320734,0.611999986320734,2.004517570174376,1
15:22:07.858098,98,0.6541795778859973,1.760070560916598,-0.2211649542681182,-0.1391600037168245,13.639999695122242,1.0,4.98934820436232,1
15:22:07.858098,98,0.6660748441315386,1.678374565777631,-0.3602334673489857,-0.1391600037168245,16.759999625384808,1.0,4.126417724120378,1
15:22:07.858098,98,0.4934887759609015,1.893946090125276,1.2768681314874677,-0.6958000185841229,33.87999924272299,1.0,3.746211991570844,1
15:22:07.858098,98,0.5032481785010438,1.801943521423543,1.415755888889303,-0.6263600167294499,11.119999751448631,1.0,8.847533092412398,1
15:22:07.858098,98,0.6085522325295516,1.7722680199022025,-0.2244332535530224,-0.1391600037168245,18.999999575316902,1.0,2.6070274359800982,1
15:22:07.858098,98,0.4859592228064327,1.9326291765981545,1.1936417663080867,-0.6958000185841229,24.35999945551157,1.0,4.896493558795704,1
15:22:07.858098,98,0.5762835155795166,1.7023782863254782,-0.3666652448851235,-0.1391600037168245,25.75999942421913,1.0,1.4095457504334667,1
15:22:07.858098,98,0.4893928643758172,1.7462703901114844,-0.3542160585524505,-0.1391600037168245,25.75999942421913,1.0,1.3299516980120611,1
15:22:07.858098,98,0.5536859863828877,1.7078356653060511,-0.3681275451757591,-0.1391600037168245,27.359999388456345,1.0,1.3287813797614008,1
15:22:07.858098,98,0.400482632551006,1.8161570256108883,-0.2361932771892698,-0.1391600037168245,14.51999967545271,1.0,3.7487058563773457,1
15:22:07.858098,98,0.5856461355286732,1.7780356030636577,-0.2259786728034138,-0.1391600037168245,21.51999951899052,1.0,1.7507080686261818,1
15:22:07.858098,98,0.4237926430702451,1.812176048641537,-0.2351265776252455,-0.1391600037168245,17.23999961465597,1.0,2.5781724342428953,1
15:22:07.858098,98,0.4330086941873821,1.851584724961488,-0.2837329919401146,-0.1391600037168245,19.879999555647373,1.0,3.635240539240844,1
15:22:07.858098,98,0.4470602746802309,1.807970117065288,-0.2339996016559689,-0.1391600037168245,19.879999555647373,1.0,1.6841260049105349,1
15:22:07.858098,98,0.4664079419121632,1.7508865918946237,-0.3554529660923418,-0.1391600037168245,22.99999948590994,1.0,2.0876766902103263,1
15:22:07.858098,98,0.4824246853991435,1.8008635752081412,-0.4742194159228416,-0.904680024163099,5.879999868571758,0.5879999868571758,1.9334236176719308,1
15:22:07.858098,98,0.4091917700819846,1.855652274663627,-0.2848228885979758,-0.1391600037168245,16.8799996227026,1.0,4.375365089297094,1
15:22:07.858098,98,0.5053516672115997,1.754993353509339,-0.1817576293233789,-0.1391600037168245,11.519999742507936,1.0,0.6047279451380906,1
15:22:07.858098,98,0.5165856512028603,1.7940069128132543,-0.2302581723528858,-0.1391600037168245,23.35999947786331,1.0,0.5929557838606672,1
15:22:07.858098,98,0.5352135990947108,1.7363731219730871,-0.3515640935474926,-0.1391600037168245,27.359999388456345,1.0,0.6062834389350276,1
15:22:07.858098,98,0.5423733275401181,1.6228547541956135,-0.5066709986308928,-0.904680024163099,16.99999962002039,1.0,9.113909556700461,1
15:22:07.858098,98,0.5396605456050947,1.7889055930141278,-0.2288912778323766,-0.1391600037168245,23.11999948322773,1.0,0.7375132918597517,1
15:22:07.858098,98,0.4934590986683014,1.7988850949038442,-0.2315652773045915,-0.1391600037168245,22.11999950557947,1.0,0.6981925403296529,1
15:22:07.910618,99,0.6437213260600594,1.684700448091822,-0.3619284824064874,-0.974120026017772,16.519999630749226,1.0,0.8704670617878487,1
15:22:07.910618,99,0.4852996056117115,1.92439470274044,1.173794927170327,-0.5566400148672983,14.119999684393406,1.0,4.40428933264627,1
15:22:07.910618,99,0.5100968501578521,1.816943223905666,0.7272733682126553,-0.3480400092958007,6.999999843537808,0.6999999843537809,1.9763581992089163,1
15:22:07.910618,99,0.6399533931511547,1.7217950020450234,-0.172862157858471,-0.1391600037168245,13.639999695122242,1.0,0.7636551453507594,1
15:22:07.910618,99,0.6570302803628914,1.6651878342477764,-0.2923424135492327,-0.0697200018621515,20.999999530613422,1.0,1.310323903385581,1
15:22:07.910618,99,0.5955657044551737,1.8953915371399013,1.3626028897352231,-0.4872000130126253,11.9999997317791,1.0,7.101860464613439,1
15:22:07.910618,99,0.7227772242973826,1.6451944596082233,-0.2869852049605921,-0.0697200018621515,15.239999659359457,1.0,3.3824205158158756,1
15:22:07.910618,99,0.7445512331919018,1.6381077484469115,-0.2850863264279257,0.0697200018621515,12.759999714791777,1.0,4.614872634434929,1
15:22:07.910618,99,0.5604999402943888,1.7452944123170984,1.512713497494418,-0.5566400148672983,8.119999818503857,0.8119999818503857,12.075490361421235,1
15:22:07.910618,99,0.6170864642889229,1.850309933577987,1.4623212886309167,-0.5566400148672983,24.99999944120645,1.0,5.438681077981304,1
15:22:07.910618,99,0.7009309382859767,1.6520704991716453,-0.2888276342087352,-0.0697200018621515,18.11999959498644,1.0,2.414088576741677,1
15:22:07.910618,99,0.634980298480224,1.6714278180379687,-0.2940144121665984,-0.0697200018621515,23.11999948322773,1.0,1.195591518900716,1
15:22:07.910618,99,0.5791906592734951,1.803493896476348,1.4964641914269454,-0.5566400148672983,26.239999413490292,1.0,4.982183314174086,1
15:22:07.910618,99,0.6261945915968782,1.71393344711323,-0.3455514007903772,-0.974120026017772,17.879999600350857,1.0,0.6556647338602393,1
15:22:07.910618,99,0.4875575374938993,1.8641036092576408,0.911526368343898,-0.5566400148672983,13.35999970138073,1.0,2.548089796320137,1
15:22:07.910618,99,0.4934590986683014,1.7988850949038442,-0.2315652773045915,-0.0697200018621515,15.359999656677246,1.0,2.4898249712348535,1
15:22:07.910618,99,0.5149212186550781,1.877124381307604,-0.3286232135531834,-0.974120026017772,7.519999831914902,0.7519999831914902,8.449393730669488,1
15:22:07.910618,99,0.5165856512028603,1.7940069128132543,-0.2302581723528858,-0.0697200018621515,18.23999959230423,1.0,1.689119284555862,1
15:22:07.910618,99,0.5352135990947108,1.7363731219730871,-0.3515640935474926,-0.974120026017772,17.639999605715275,1.0,1.8995040555553668,1
15:22:07.910618,99,0.4893928643758172,1.7462703901114844,-0.3542160585524505,-0.974120026017772,15.999999642372131,1.0,4.628534340057529,1
15:22:07.910618,99,0.5856461355286732,1.7780356030636577,-0.2259786728034138,-0.0697200018621515,23.11999948322773,1.0,1.3970846398912116,1
15:22:07.910618,99,0.5808202555196225,1.7255927036325334,-0.3486754891590715,-0.974120026017772,18.639999583363533,1.0,0.6067878332174905,1
15:22:07.910618,99,0.5953182876412951,1.7337272077107588,-0.1760593827305268,-0.1391600037168245,14.51999967545271,1.0,0.19275422393371752,1
15:22:07.910618,99,0.6128668190996955,1.677454506916406,-0.2956292585846092,-0.0697200018621515,23.9999994635582,1.0,1.3863697078223594,1
15:22:07.910618,99,0.5396605456050947,1.7889055930141278,-0.2288912778323766,-0.0697200018621515,20.999999530613422,1.0,1.248289790906422,1
15:22:08.058085,100,0.5999093523980388,1.8204113708762264,1.0265336620089336,-0.4174800111504737,27.639999382197857,1.0,1.4469687259178252,1
15:22:08.058085,100,0.7548005950689674,1.6509217002583767,-0.3528774942031814,-0.1391600037168245,23.23999948054552,1.0,1.4127803713964715,1
15:22:08.058085,100,0.579776352828653,1.8261088626759665,1.0250070236823103,-0.4174800111504737,25.999999418854717,1.0,1.4841966529544637,1
15:22:08.058085,100,0.6045486731054834,1.7875863396905265,0.8439613132670134,-0.4174800111504737,15.119999662041664,1.0,0.8679395494969191,1
15:22:08.058085,100,0.7878737175450802,1.6233051669874483,-0.2811199866799665,-0.1391600037168245,21.359999522566795,1.0,2.0080242390654366,1
15:22:08.058085,100,0.7987194491543476,1.635915349055035,-0.348856554516908,-0.1391600037168245,21.119999527931213,1.0,2.526175190369679,1
15:22:08.058085,100,0.6247769142394959,1.7816491036775128,0.8455521908619734,-0.4174800111504737,13.639999695122242,1.0,0.896298367242449,1
15:22:08.058085,100,0.8639932557670741,1.6118226854659754,-0.3424009447647047,-0.1391600037168245,15.519999653100967,1.0,5.305102915139186,1
15:22:08.058085,100,0.820560165303605,1.6280947640602477,-0.3467610350832157,-0.1391600037168245,18.23999959230423,1.0,3.306665393962523,1
15:22:08.058085,100,0.6199823615347894,1.814519697351737,1.0281123311718887,-0.4174800111504737,28.23999936878681,1.0,1.5400140910941438,1
15:22:08.058085,100,0.8522611776585617,1.5995396552704466,-0.2747520370076834,-0.1391600037168245,14.239999681711195,1.0,4.592100599301892,1
15:22:08.058085,100,0.7445512331919018,1.6381077484469115,-0.2850863264279257,-0.1391600037168245,25.63999942690134,1.0,1.009250379811527,1
15:22:08.058085,100,0.6508048527579038,1.8269444944541469,1.23044849336183,-0.5566400148672983,39.23999912291765,1.0,3.021579003920973,1
15:22:08.058085,100,0.6157799472724196,1.769506845551252,1.4244472699944335,-0.4872000130126253,36.75999917834997,1.0,3.828457269237206,1
15:22:08.058085,100,0.6529666048572674,1.794311326065521,1.330954090170441,-0.5566400148672983,49.11999890208244,1.0,3.6655359618735903,1
15:22:08.058085,100,0.6317511461457468,1.7005454610116162,1.4461981142721267,-0.4872000130126253,13.35999970138073,1.0,5.063899625161248,1
15:22:08.058085,100,0.8094178607915995,1.615590776935042,-0.2790529220953255,-0.1391600037168245,17.519999608397484,1.0,2.7265612479479095,1
15:22:08.058085,100,0.5639128566075526,1.7988731873547514,0.8409370115502912,-0.4174800111504737,15.999999642372131,1.0,1.2111270135434125,1
15:22:08.058085,100,0.6449426782055229,1.775516777979344,0.8471953425805223,-0.4174800111504737,11.879999734461308,1.0,1.0559297441775817,1
15:22:08.058085,100,0.7327268489814578,1.6581059658443846,-0.354802512365163,-0.1391600037168245,24.23999945819378,1.0,1.083840124259177,1
15:22:08.058085,100,0.5461675396861416,1.6942488844488175,-0.300129298481802,-0.0697200018621515,16.639999628067017,1.0,4.115521046147885,1
15:22:08.058085,100,0.5601745054291796,1.7007031279776843,-0.12916371591511,-0.1391600037168245,5.239999882876873,0.5239999882876873,2.656795689395773,1
15:22:08.058085,100,0.5684582192912667,1.6888656106722375,-0.2986868546207319,-0.1391600037168245,19.999999552965164,1.0,3.1325234910721615,1
15:22:08.058085,100,0.5762835155795166,1.7023782863254782,-0.3666652448851235,-0.1391600037168245,13.759999692440031,1.0,3.2096428632090905,1
15:22:08.058085,100,0.6213034363952844,1.6908100993138586,-0.3635655585174682,-0.1391600037168245,16.359999634325504,1.0,1.79319634325077,1
15:22:08.058085,100,0.6211716328866622,1.635079937862311,-0.2441273873876612,-0.1391600037168245,17.519999608397484,1.0,1.3337511530920514,1
15:22:08.058085,100,0.634980298480224,1.6714278180379687,-0.2940144121665984,-0.1391600037168245,27.759999379515648,1.0,1.1574669671560658,1
15:22:08.058085,100,0.6437213260600594,1.684700448091822,-0.3619284824064874,-0.1391600037168245,19.119999572634697,1.0,1.331267385941953,1
15:22:08.058085,100,0.6128668190996955,1.677454506916406,-0.2956292585846092,-0.1391600037168245,23.9999994635582,1.0,1.6551589884131592,1
15:22:08.058085,100,0.6570302803628914,1.6651878342477764,-0.2923424135492327,-0.1391600037168245,30.51999931782484,1.0,0.8181587419637854,1
15:22:08.058085,100,0.5025413154903232,1.814326080404436,0.8367964213369037,-0.4174800111504737,14.359999679028988,1.0,2.747734198452821,1
15:22:08.058085,100,0.7227772242973826,1.6451944596082233,-0.2869852049605921,-0.1391600037168245,29.23999934643507,1.0,0.7328625063193639,1
15:22:08.058085,100,0.5723910911451578,1.8012580019597262,0.7314762107661728,-0.4174800111504737,7.239999838173389,0.723999983817339,0.9362570617803235,1
15:22:08.058085,100,0.5435093447912395,1.804221670330653,0.8395038898561666,-0.4174800111504737,16.119999639689922,1.0,1.5856449361752678,1
15:22:08.058085,100,0.5595853761097215,1.8316116030065503,1.0235325688545722,-0.4174800111504737,23.519999474287037,1.0,1.6531819539307557,1
15:22:08.058085,100,0.7009309382859767,1.6520704991716453,-0.2888276342087352,-0.1391600037168245,31.119999304413795,1.0,0.6076572568375319,1
15:22:08.058085,100,0.5230514824957997,1.8093728063836445,0.8381236471106648,-0.4174800111504737,15.519999653100967,1.0,2.097377200171218,1
15:22:08.058085,100,0.6660748441315386,1.678374565777631,-0.3602334673489857,-0.1391600037168245,21.7599995136261,1.0,1.0311885313165623,1
15:22:08.058085,100,0.7105798308229292,1.6650766597641826,-0.356670304171657,-0.1391600037168245,23.639999471604824,1.0,0.90933028838308,1
15:22:08.084957,101,0.8037948552933439,1.5447430825741713,-0.4857410393004824,-0.6958000185841229,6.6399998515844345,0.6639999851584435,1.5763618796623073,1
15:22:08.084957,101,0.7286773058931684,1.7676164565288428,1.3381069589048482,-0.3480400092958007,17.359999611973763,1.0,3.9449923980137283,1
15:22:08.084957,101,0.7320453840409016,1.8300397724707067,1.315495324750513,-0.4174800111504737,19.999999552965164,1.0,3.9937200923107516,1
15:22:08.084957,101,0.7108644996061709,1.8689826262732208,1.2106958080686794,-0.4174800111504737,10.119999773800371,1.0,3.3801382029607554,1
15:22:08.084957,101,0.6503692667276421,1.7252762258678658,1.3351375132527703,-0.3480400092958007,10.99999975413084,1.0,3.0193568691219435,1
15:22:08.084957,101,0.8947636014330298,1.5826641295934685,-0.2702302535306868,-0.4872000130126253,22.359999500215054,1.0,3.6169116617101116,1
15:22:08.084957,101,0.8735560669832119,1.591204528756977,-0.2725186465895879,-0.4872000130126253,26.6399994045496,1.0,2.7548347826333788,1
15:22:08.084957,101,0.8522611776585617,1.5995396552704466,-0.2747520370076834,-0.4872000130126253,31.359999299049377,1.0,2.0269575835103675,1
15:22:08.084957,101,0.8094178607915995,1.615590776935042,-0.2790529220953255,-0.4872000130126253,36.11999919265509,1.0,0.9755651323184116,1
15:22:08.084957,101,0.500972914525851,1.679963982508483,1.2758397548573,-0.4872000130126253,7.1199998408555984,0.7119999840855599,4.698467590661797,1
15:22:08.084957,101,0.7607426945979144,1.6737310302379609,-0.3347791956548693,-0.4872000130126253,21.51999951899052,1.0,0.48617475980755737,1
15:22:08.084957,101,0.7878737175450802,1.6233051669874483,-0.2811199866799665,-0.4872000130126253,39.99999910593033,1.0,0.6528052691988587,1
15:22:08.084957,101,0.6313974748170226,1.7662794729032885,-0.2228286272208279,-0.1391600037168245,28.759999357163903,1.0,2.901483763806663,1
15:22:08.084957,101,0.6541795778859973,1.760070560916598,-0.2211649542681182,-0.1391600037168245,33.639999248087406,1.0,2.1099219303417955,1
15:22:08.084957,101,0.7009309382859767,1.6520704991716453,-0.2888276342087352,-0.1391600037168245,38.1199991479516,1.0,0.7211213043059124,1
15:22:08.084957,101,0.6085522325295516,1.7722680199022025,-0.2244332535530224,-0.1391600037168245,24.119999460875988,1.0,3.8372054253677117,1
15:22:08.084957,101,0.7064205509908489,1.702286078822583,-0.1676347576358177,-0.4872000130126253,28.639999359846115,1.0,0.516476978024176,1
15:22:08.084957,101,0.7227772242973826,1.6451944596082233,-0.2869852049605921,-0.4872000130126253,41.23999907821417,1.0,0.4997391048080089,1
15:22:08.084957,101,0.7445512331919018,1.6381077484469115,-0.2850863264279257,-0.4872000130126253,41.999999061226845,1.0,0.4146668191142626,1
15:22:08.084957,101,0.6907167991763612,1.6644442039484848,-0.1194481665030648,-0.1391600037168245,7.879999823868275,0.7879999823868274,0.4705040613822675,1
15:22:08.116687,102,0.8170259414492484,1.715708523745349,1.5199862111574818,-0.3480400092958007,47.75999893248081,1.0,0.4493747925110555,1
15:22:08.116687,102,0.8064460201663656,1.7870118776186132,1.5002257337824163,-0.3480400092958007,44.23999901115894,1.0,1.2579701330447537,1
15:22:08.116687,102,0.8302017768441298,1.8126611006848004,1.3847704433728418,-0.2783200074336491,15.999999642372131,1.0,3.602354995698609,1
15:22:08.116687,102,0.7730716470883434,1.6868609220025612,1.6069079464702851,-0.4174800111504737,33.359999254345894,1.0,1.2578617047463942,1
15:22:08.116687,102,0.7990506723897363,1.738472727394006,1.5747577584562156,-0.3480400092958007,54.11999879032373,1.0,0.17806456503869447,1
15:22:08.116687,102,0.824960108772941,1.7791327255694742,1.5023369462110256,-0.3480400092958007,42.23999905586243,1.0,1.4107603713663568,1
15:22:08.116687,102,0.7903439273225019,1.679310141845333,1.6089311719156396,-0.4174800111504737,30.51999931782484,1.0,1.41359627355786,1
15:22:08.116687,102,0.8432651922558247,1.7655727436023978,1.4850265502537583,-0.3480400092958007,37.99999915063381,1.0,1.6218277906528409,1
15:22:08.116687,102,0.8418901883099587,1.6511649407810465,1.5968422722774998,-0.4174800111504737,22.879999488592148,1.0,3.0963961406534435,1
15:22:08.116687,102,0.8347996320231014,1.707730752532422,1.522123848511386,-0.3480400092958007,39.99999910593033,1.0,0.9094844763126644,1
15:22:08.116687,102,0.8616096949680276,1.7573387617490075,1.487232839041867,-0.3480400092958007,32.75999926775694,1.0,2.156280732724289,1
15:22:08.116687,102,0.9161189471415334,1.7315795202395103,1.494135007001975,-0.2783200074336491,22.879999488592148,1.0,4.832463406290975,1
15:22:08.116687,102,0.8700948063730779,1.6912621882532983,1.526536587010477,-0.3480400092958007,32.75999926775694,1.0,2.3579217941113173,1
15:22:08.116687,102,0.8980383938305649,1.7403413002016068,1.4917872951368722,-0.2783200074336491,27.639999382197857,1.0,3.7619704994730165,1
15:22:08.116687,102,0.8588402881456585,1.6429509750609887,1.5990431977588462,-0.4174800111504737,19.239999569952488,1.0,3.9612002392884897,1
15:22:08.116687,102,0.8876127606613367,1.6827730420297329,1.5288112468855113,-0.3480400092958007,26.519999407231808,1.0,3.345556973893639,1
15:22:08.116687,102,0.7811180538395234,1.7461044197337607,1.5727128526568954,-0.3480400092958007,56.759998731315136,1.0,0.1352375742085612,1
15:22:08.116687,102,0.8075371738260789,1.6715929045927171,1.6109989994052774,-0.4174800111504737,26.75999940186739,1.0,1.741472863178803,1
15:22:08.116687,102,0.7557220603371564,1.6942444899927125,1.604929525390064,-0.4174800111504737,34.51999922841787,1.0,1.2746110237870767,1
15:22:08.116687,102,0.7127032244458987,1.8237041585759968,1.49039406673143,-0.3480400092958007,25.11999943852425,1.0,3.1995005838175716,1
15:22:08.116687,102,0.7878512876334143,1.7947118063346197,1.4981625441011857,-0.3480400092958007,43.239999033510685,1.0,1.2849560698107927,1
15:22:08.116687,102,0.7305213642431402,1.6377473427713924,1.618103748413171,-0.3480400092958007,11.119999751448631,1.0,5.255347144160488,1
15:22:08.116687,102,0.670445202101285,1.5802166507462665,-0.1892791742715149,-0.1391600037168245,10.759999759495258,1.0,13.866201502925787,1
15:22:08.116687,102,0.6856880701936309,1.6161435749589557,-0.2390534042401246,-0.1391600037168245,22.63999949395657,1.0,12.5792148060418,1
15:22:08.116687,102,0.6717773069525471,1.7928502848970973,1.5804723242259129,-0.3480400092958007,22.75999949127436,1.0,3.756331193126966,1
15:22:08.116687,102,0.6901468326880196,1.786272641730709,1.5822347984004468,-0.3480400092958007,27.759999379515648,1.0,2.7192767079508946,1
15:22:08.116687,102,0.6855854593550917,1.722092125625196,1.597467773911224,-0.4174800111504737,23.639999471604824,1.0,3.0736503134319726,1
15:22:08.116687,102,0.7316018602582265,1.8167286426907352,1.4922631505796762,-0.3480400092958007,29.879999332129955,1.0,2.448957631395968,1
15:22:08.116687,102,0.7084473443184288,1.7795178944116958,1.5840447274896527,-0.3480400092958007,33.99999924004078,1.0,1.8596748090257011,1
15:22:08.116687,102,0.7266770118079439,1.77258671840913,1.5859019305021382,-0.3480400092958007,41.23999907821417,1.0,1.1770873802194868,1
15:22:08.116687,102,0.750427336497465,1.80957093182073,1.4941810534269495,-0.3480400092958007,34.99999921768904,1.0,1.879997930866312,1
15:22:08.116687,102,0.7207979146173481,1.708507052864243,1.6011078831866392,-0.4174800111504737,30.999999307096004,1.0,1.8269814157464073,1
15:22:08.116687,102,0.7450202843440901,1.760846275156115,1.5687627844015393,-0.3480400092958007,48.75999891012907,1.0,0.5775980500991406,1
15:22:08.116687,102,0.7691777706317623,1.8022317417310716,1.496147583484572,-0.3480400092958007,39.87999910861254,1.0,1.492150219623076,1
15:22:08.116687,102,0.7382969020130801,1.7014601074651738,1.602996106515426,-0.4174800111504737,33.639999248087406,1.0,1.4641966575284155,1
15:22:08.116687,102,0.7631073241383476,1.7535625175889762,1.570714461359518,-0.3480400092958007,54.63999877870083,1.0,0.26828388476829523,1
15:22:08.116687,102,0.7032268480340396,1.7153846215012842,1.5992650442244545,-0.4174800111504737,27.519999384880062,1.0,2.363338302161637,1
15:22:08.148490,103,0.7382969020130801,1.7014601074651738,1.602996106515426,-0.2088800055789761,13.759999692440031,1.0,1.3803322061008845,1
15:22:08.148490,103,0.8370465481636997,1.7138312614609197,1.1540578347161428,-0.2783200074336491,4.999999888241291,0.4999999888241291,2.7888371223790287,1
15:22:08.148490,103,0.7793609629989544,1.7675354058598178,1.6683142401040745,-0.2088800055789761,10.99999975413084,1.0,2.7269020578935885,1
15:22:08.148490,103,0.6953683398634016,1.667216611009092,1.6860346942137396,-0.2088800055789761,8.759999804198742,0.8759999804198741,4.637316373354487,1
15:22:08.148490,103,0.7918157704718235,1.5804571628242834,-0.229491258927875,-0.2783200074336491,14.51999967545271,1.0,1.8612856981278307,1
15:22:08.148490,103,0.9727052967992306,1.4182256359415772,-0.1057261730342142,-1.4613200390303973,5.759999871253967,0.5759999871253967,11.086207277376008,1
15:22:08.148490,103,0.8608263917743617,1.6044651875187237,-0.1033768374878967,-0.0697200018621515,12.359999723732471,1.0,1.5652107189573092,1
15:22:08.148490,103,0.7817196997948751,1.601096926971168,-0.2988640662277873,-0.1391600037168245,9.999999776482582,0.9999999776482582,2.5307185834559496,1
15:22:08.148490,103,0.7898402589003157,1.7129837274393818,0.9688527668368604,-0.1391600037168245,5.359999880194664,0.5359999880194664,1.028921840253295,1
15:22:08.184962,104,0.8410062404795068,1.615088426126134,1.46909625775725,-0.1391600037168245,38.87999913096428,1.0,1.7665099518809269,1
15:22:08.184962,104,0.8337980394600177,1.6853947998698666,1.4469850247084903,-0.1391600037168245,37.75999915599823,1.0,2.938057181573236,1
15:22:08.184962,104,0.8068910364009126,1.6310064217618212,1.4648310436815457,-0.1391600037168245,45.35999898612499,1.0,0.901967886724033,1
15:22:08.184962,104,0.8155965154455305,1.6873518418625832,1.426199990686229,-0.1391600037168245,42.87999904155731,1.0,2.241602956872102,1
15:22:08.184962,104,0.7892768829955662,1.63290030921064,1.44471675119087,-0.1391600037168245,51.87999884039164,1.0,0.5960071705658809,1
15:22:08.184962,104,0.7959758909907486,1.6760829470330396,1.3685186459134753,-0.2783200074336491,47.11999894678593,1.0,1.0775937974901069,1
15:22:08.184962,104,0.7702894241003584,1.621995066216795,1.3888968069573389,-0.2783200074336491,57.35999871790409,1.0,0.5337349874962036,1
15:22:08.184962,104,0.7781122779289966,1.6836852722920077,1.3664816089997365,-0.2783200074336491,49.51999889314175,1.0,0.9465980726730387,1
15:22:08.184962,104,0.7530022771233797,1.629352061336666,1.3869255060562498,-0.2783200074336491,60.51999864727259,1.0,0.4714864333829403,1
15:22:08.184962,104,0.7278922763177629,1.5750188503813245,1.4073694031127633,-0.2783200074336491,26.6399994045496,1.0,3.3556025128300746,1
15:22:08.184962,104,0.7847018780331548,1.7456876317516576,1.3439827697948583,-0.2783200074336491,16.99999962002039,1.0,4.681571861368445,1
15:22:08.184962,104,0.7027856203931909,1.6844402843881958,1.2856095850088705,-0.2783200074336491,36.87999917566776,1.0,0.80998855479553,1
15:22:08.184962,104,0.7349391906972024,1.630054013805185,1.3671894420015025,-0.2783200074336491,60.35999865084887,1.0,0.6365062270381938,1
15:22:08.184962,104,0.7601708542913547,1.691114671065488,1.364490907598133,-0.2783200074336491,49.23999889940024,1.0,0.9239408609279732,1
15:22:08.184962,104,0.6843325258477948,1.7090029562210671,-0.1694345395104002,-0.0697200018621515,16.8799996227026,1.0,7.620447394594916,1
15:22:08.184962,104,0.7446311336401256,1.7330440100374962,-0.2139232117858642,-0.0697200018621515,11.639999739825726,1.0,7.500538875832033,1
15:22:08.184962,104,0.7818964516566163,1.6565431065145844,-0.093806965878457,-0.1391600037168245,15.75999964773655,1.0,4.001445404120223,1
15:22:08.184962,104,0.6585442546190394,1.6069035977799706,1.237214842560854,-0.2783200074336491,37.87999915331602,1.0,4.351828300970511,1
15:22:08.184962,104,0.9070807604634412,1.5947148542580705,-0.3378169152082986,-0.0697200018621515,6.999999843537808,0.6999999843537809,6.942329414517743,1
15:22:08.184962,104,0.6966599476474346,1.6162744024929332,1.2929053263887438,-0.2783200074336491,51.11999885737896,1.0,2.0486100088329176,1
15:22:08.184962,104,0.7208696011984348,1.6775645005122553,1.2874519457457598,-0.2783200074336491,42.11999905854464,1.0,0.4886434403523914,1
15:22:08.184962,104,0.7150374881986752,1.616606204434208,1.3122742737727666,-0.2783200074336491,56.87999872863293,1.0,1.4401583086797392,1
15:22:08.184962,104,0.7414465706698306,1.6916594512633676,1.3441451008601848,-0.2783200074336491,46.63999895751476,1.0,0.7663953076015594,1
15:22:08.184962,104,0.6791832984724745,1.6229192703401616,1.2911248394152677,-0.2783200074336491,44.519999004900455,1.0,2.453728771070407,1
15:22:08.241584,105,0.8277968938136143,1.6326741246798675,1.2994802856979777,-0.2088800055789761,53.63999880105257,1.0,0.6661485818200009,1
15:22:08.241584,105,0.8666166310126509,1.6439598434444815,1.3771260055784107,-0.2088800055789761,56.519998736679554,1.0,1.422800475896499,1
15:22:08.241584,105,0.8216818191339951,1.5989274445566155,1.3950777575524906,-0.2088800055789761,69.87999843806028,1.0,0.25296818040425095,1
15:22:08.241584,105,0.8482733584765046,1.645579081269271,1.3564922987870305,-0.2088800055789761,56.87999872863293,1.0,1.3574639558616162,1
15:22:08.241584,105,0.8386505586087987,1.5909085882925105,1.3972264036126787,-0.2088800055789761,67.87999848276377,1.0,0.504150684832743,1
15:22:08.241584,105,0.8574663269555282,1.601083431643266,1.4532420578407277,-0.0697200018621515,61.87999861687422,1.0,0.6376157862465257,1
15:22:08.241584,105,0.908213963758891,1.581291581092667,1.478152095090687,-0.0697200018621515,38.239999145269394,1.0,2.7289520717688416,1
15:22:08.241584,105,0.8747850532902137,1.5985146028003985,1.4735372003328768,-0.0697200018621515,53.87999879568815,1.0,1.054759405553908,1
15:22:08.241584,105,0.9014240789822776,1.6268813127009298,1.3817021840990555,-0.0697200018621515,47.11999894678593,1.0,1.4964871925385805,1
15:22:08.241584,105,0.8915440853553519,1.5899838172373564,1.475823017435297,-0.0697200018621515,45.639998979866505,1.0,1.75646662063474,1
15:22:08.241584,105,0.920766895634316,1.637020794890217,1.4396861540766874,-0.0697200018621515,40.759999088943005,1.0,2.398057468507267,1
15:22:08.241584,105,0.9384997332107164,1.6340221425815884,1.4607502867419253,-0.0697200018621515,34.639999225735664,1.0,2.996207430698144,1
15:22:08.241584,105,0.8010835501739658,1.5799870642788465,1.322086342804918,-0.2088800055789761,66.9999985024333,1.0,0.5878720052782097,1
15:22:08.241584,105,0.8840645578550219,1.6355046323036326,1.3793915725754358,-0.2088800055789761,52.87999881803989,1.0,1.326169864958098,1
15:22:08.241584,105,0.7612391784302815,1.560634465911367,1.4112236873151072,-0.2088800055789761,36.11999919265509,1.0,2.375641506839153,1
15:22:08.241584,105,0.8726181355491355,1.6770197262510658,1.279109315748186,-0.2088800055789761,23.87999946624041,1.0,4.337545967811729,1
15:22:08.241584,105,0.8090726101920902,1.6332421869526694,1.2792213688465466,-0.2088800055789761,47.9999989271164,1.0,0.7813227963664665,1
15:22:08.241584,105,0.7349788140802869,1.5067974711096792,1.431534623653978,-0.2088800055789761,6.6399998515844345,0.6639999851584435,8.874924316964005,1
15:22:08.241584,105,0.7742136801520474,1.5453235487135244,-0.1799295957604245,-0.3480400092958007,10.759999759495258,1.0,10.573424138388605,1
15:22:08.241584,105,0.7559374882957968,1.5648198499707575,0.734566140630664,-0.2783200074336491,4.999999888241291,0.4999999888241291,1.8942853124768146,1
15:22:08.241584,105,0.692176755709972,1.5860479105047132,1.2234665051024043,-0.2088800055789761,28.879999354481697,1.0,3.0199145948293205,1
15:22:08.241584,105,0.7279817477584346,1.5801144009003094,1.2443929862306375,-0.2088800055789761,35.11999921500683,1.0,1.7400995263850747,1
15:22:08.241584,105,0.7522574011369615,1.632805707533732,1.219196126538579,-0.2088800055789761,28.879999354481697,1.0,1.8641720518703853,1
15:22:08.241584,105,0.7700120527947544,1.6254536495301948,1.2211661045433335,-0.2088800055789761,34.759999223053455,1.0,1.0334183705217947,1
15:22:08.241584,105,0.812792842493617,1.5984631048954383,0.9333387786940912,-0.2783200074336491,7.35999983549118,0.735999983549118,0.42739519389553193,1
15:22:08.241584,105,0.7246832305850743,1.549021248958614,1.338872209833862,-0.2088800055789761,32.119999282062054,1.0,3.7456836362030232,1
15:22:08.241584,105,0.7486649471110786,1.5953316825851338,1.29851691127535,-0.2088800055789761,51.51999884843826,1.0,1.0192457947480706,1
15:22:08.241584,105,0.7736303130816998,1.6485304325118555,1.275124895795274,-0.2088800055789761,41.23999907821417,1.0,2.3070675979318342,1
15:22:08.241584,105,0.7840277075520782,1.5876426274110909,1.3200350408460273,-0.2088800055789761,60.11999865621328,1.0,0.4902320586760133,1
15:22:08.241584,105,0.7451634495604338,1.5729995968093862,1.246299392241106,-0.2088800055789761,42.75999904423952,1.0,1.4743371587337801,1
15:22:08.297537,106,0.8432454330683703,1.5218810647128342,1.4216076298702134,-0.0697200018621515,31.63999929279089,1.0,0.5928640390295131,1
15:22:08.297537,106,0.8071104359290276,1.5120235650379532,1.3487857093622253,-0.2088800055789761,36.51999918371439,1.0,0.09334989789387911,1
15:22:08.297537,106,0.8378518090316857,1.5844643537259973,1.3794051546029302,-0.2088800055789761,63.35999858379364,1.0,0.06393432171654884,1
15:22:08.297537,106,0.8666166310126509,1.6439598434444815,1.3771260055784107,-0.2088800055789761,46.23999896645546,1.0,0.21891380183313056,1
15:22:08.297537,106,0.8555354337303637,1.5827262302662837,1.3994188598379886,-0.2088800055789761,60.87999863922596,1.0,0.2071410281022945,1
15:22:08.297537,106,0.8860598396377146,1.6544739823491768,1.4350095865917103,-0.0697200018621515,44.359999008476734,1.0,0.4301433801156611,1
15:22:08.297537,106,0.872334756025324,1.5743811887068822,1.4016549069846345,-0.2088800055789761,53.87999879568815,1.0,0.5373830075004002,1
15:22:08.297537,106,0.9556316447569974,1.6248741144705523,1.4632014934866149,-0.0697200018621515,23.35999947786331,1.0,2.9188461509084496,1
15:22:08.297537,106,0.8594002326942001,1.513657849261833,1.4238110338094965,-0.0697200018621515,27.639999382197857,1.0,1.1327911467782563,1
15:22:08.297537,106,0.8910533720889741,1.5841934656673566,1.4577677105841618,-0.0697200018621515,44.87999899685383,1.0,1.0837151244819518,1
15:22:08.297537,106,0.9212739724773902,1.6430042344985991,1.4583435424664202,-0.0697200018621515,33.99999924004078,1.0,1.236892408179683,1
15:22:08.297537,106,0.908213963758891,1.581291581092667,1.478152095090687,-0.0697200018621515,36.51999918371439,1.0,1.8050825693426025,1
15:22:08.297537,106,0.9384997332107164,1.6340221425815884,1.4607502867419253,-0.0697200018621515,28.23999936878681,1.0,1.9618172194802215,1
15:22:08.297537,106,0.9247930215269564,1.5724387635826635,1.4805242003932328,-0.0697200018621515,29.35999934375286,1.0,2.731266063760366,1
15:22:08.297537,106,0.860705042519123,1.7397831779779125,1.4291390057354352,-0.1391600037168245,13.519999697804453,1.0,1.5233453374643426,1
15:22:08.297537,106,0.9412796007676618,1.5634262499816785,1.4829390961343911,-0.0697200018621515,23.75999946892261,1.0,3.875180272787492,1
15:22:08.297537,106,0.9034585401845656,1.6458312004206102,1.437325413029828,-0.0697200018621515,39.759999111294746,1.0,0.7063058571911988,1
15:22:08.297537,106,0.8490820432332307,1.6522461006094458,1.374905709662782,-0.2088800055789761,44.87999899685383,1.0,0.35775414203435874,1
15:22:08.297537,106,0.8233603015972509,1.5041489306199771,1.3508957112952122,-0.2088800055789761,34.759999223053455,1.0,0.28276785376786306,1
15:22:08.297537,106,0.7897064941286591,1.5128922741783395,1.3297439375813154,-0.2088800055789761,36.35999918729067,1.0,0.10116299627309493,1
15:22:08.297537,106,0.8180592851119846,1.5721671398822232,1.3241816852318653,-0.2088800055789761,59.8799986615777,1.0,0.059149262316693416,1
15:22:08.297537,106,0.7451634495604338,1.5729995968093862,1.246299392241106,-0.2088800055789761,28.11999937146902,1.0,2.070434885430451,1
15:22:08.297537,106,0.7594468505425156,1.684410632428187,1.3460874160131513,-0.2088800055789761,24.23999945819378,1.0,4.34696819398453,1
15:22:08.297537,106,0.7368515673911666,1.5135079122377997,1.2733184077099222,-0.2088800055789761,26.87999939918518,1.0,1.1845634340632287,1
15:22:08.297537,106,0.7486649471110786,1.5953316825851338,1.29851691127535,-0.2088800055789761,34.879999220371246,1.0,2.2792722982042823,1
15:22:08.297537,106,0.7533146039168157,1.5063109024718415,1.2752468406646296,-0.2088800055789761,30.759999312460423,1.0,0.6368152563613175,1
15:22:08.297537,106,0.782963506827473,1.580536794950243,1.302481189469228,-0.2088800055789761,43.119999036192894,1.0,0.7355898671471368,1
15:22:08.297537,106,0.7959758909907486,1.6760829470330396,1.3685186459134753,-0.2088800055789761,34.99999921768904,1.0,2.1524375313462634,1
15:22:08.297537,106,0.7733191144275352,1.5204411709294627,1.327721216793106,-0.2088800055789761,34.23999923467636,1.0,0.29831424590887573,1
15:22:08.297537,106,0.8010835501739658,1.5799870642788465,1.322086342804918,-0.2088800055789761,52.11999883502722,1.0,0.3149075262658804,1
15:22:08.297537,106,0.813759907130271,1.6683084555147416,1.3706018146373655,-0.2088800055789761,40.639999091625214,1.0,1.3250087377232018,1
15:22:08.297537,106,0.7781122779289966,1.6836852722920077,1.3664816089997365,-0.2088800055789761,29.23999934643507,1.0,3.2082649344426657,1
15:22:08.297537,106,0.7635004346748336,1.4673145535133814,1.3692540547155447,-0.2088800055789761,7.999999821186066,0.7999999821186066,0.3028742231012204,1
15:22:08.354765,107,0.909891207595892,1.5112914350027191,1.5001812746869152,-0.0697200018621515,40.639999091625214,1.0,0.7536336966394019,1
15:22:08.354765,107,0.996829830641774,1.6137927253634985,1.2960509395758515,-0.2088800055789761,32.63999927043915,1.0,2.1668763157510798,1
15:22:08.354765,107,0.9656673510727182,1.5633430083837672,1.318057502319866,-0.2088800055789761,66.35999851673841,1.0,0.584262857976347,1
15:22:08.354765,107,0.9345048715036623,1.5128932914040358,1.3400640650638804,-0.2088800055789761,73.35999836027622,1.0,0.6088146269051032,1
15:22:08.354765,107,0.8914504071635002,1.496745367376582,1.4283427196726552,-0.0697200018621515,47.35999894142151,1.0,0.910685455888933,1
15:22:08.354765,107,0.9168907180983158,1.5148244222108482,1.320088766677482,-0.2783200074336491,85.87999808043242,1.0,0.3765512869321275,1
15:22:08.354765,107,0.9487536186486452,1.5725890285126132,1.3155800386931398,-0.2088800055789761,74.87999832630157,1.0,0.45453383577975126,1
15:22:08.354765,107,0.8875202856083119,1.4710928488662631,1.3597530617060571,-0.2783200074336491,52.23999883234501,1.0,1.7024271225343977,1
15:22:08.354765,107,0.8452681548475216,1.4533515992191908,1.4458554018658116,-0.0697200018621515,12.519999720156193,1.0,2.9778046784329333,1
15:22:08.354765,107,0.9549895867809174,1.53024549998222,1.413481029135799,-0.1391600037168245,58.63999868929386,1.0,0.5830937547707484,1
15:22:08.354765,107,0.979370285168812,1.623337118335788,1.2934935271866812,-0.2088800055789761,33.99999924004078,1.0,2.2628997962804975,1
15:22:08.354765,107,0.9824845175707204,1.553934079168921,1.3205786173046257,-0.2088800055789761,54.75999877601862,1.0,0.9561552330712442,1
15:22:08.354765,107,1.0486034404277171,1.584154450784924,1.3039924913142324,-0.2088800055789761,22.63999949395657,1.0,3.405315182194753,1
15:22:08.354765,107,0.9414902765496698,1.493407867381071,1.5049731621889233,-0.0697200018621515,33.87999924272299,1.0,1.3977892175643356,1
15:22:08.354765,107,0.97124062497739,1.5209424451199969,1.4159737751732742,-0.1391600037168245,45.639998979866505,1.0,1.090823346968166,1
15:22:08.354765,107,1.002672235959546,1.565070305436054,1.378064560255159,-0.1391600037168245,43.5199990272522,1.0,1.4244904465253185,1
15:22:08.354765,107,1.0314481391721513,1.5942004119806046,1.3013006841246553,-0.2088800055789761,26.239999413490292,1.0,2.7356480543419925,1
15:22:08.354765,107,0.95714937632405,1.4842380657932566,1.5074302031191316,-0.0697200018621515,27.87999937683344,1.0,2.0549690825235003,1
15:22:08.354765,107,0.9873945399250716,1.5114828850513515,1.4185084566544215,-0.1391600037168245,35.35999920964241,1.0,1.834035599701746,1
15:22:08.354765,107,1.020320705550621,1.5618855698962164,1.3991177408950397,-0.1391600037168245,34.23999923467636,1.0,1.997465349851978,1
15:22:08.354765,107,0.9727127619626984,1.4749174699270853,1.5099276492544491,-0.0697200018621515,22.99999948590994,1.0,2.938171175270456,1
15:22:08.354765,107,1.0062683017467948,1.5257974971825463,1.4930216900591091,-0.1391600037168245,27.87999937683344,1.0,1.962428420047032,1
15:22:08.354765,107,1.0369112660298725,1.551949819860159,1.4017800170933987,-0.1391600037168245,27.119999393820763,1.0,2.788188199401068,1
15:22:08.354765,107,1.0222679493948543,1.5160003379856957,1.4956468309540245,-0.1391600037168245,22.239999502897263,1.0,2.888780188575044,1
15:22:08.354765,107,0.985901547650833,1.6518248621896214,1.191943426144826,-0.2088800055789761,5.639999873936176,0.5639999873936177,3.8390137671341096,1
15:22:08.354765,107,1.0141896939668165,1.6040801661625097,1.2986534119701958,-0.2088800055789761,29.879999332129955,1.0,2.323638520529246,1
15:22:08.354765,107,0.9441591413323478,1.6419176047809898,1.2885149008487118,-0.2088800055789761,33.359999254345894,1.0,3.203207782048339,1
15:22:08.354765,107,0.8284540376725383,1.5272638947764734,1.2392176346446446,-0.2783200074336491,55.519998759031296,1.0,1.0894539321195527,1
15:22:08.354765,107,0.8962419173288845,1.501604987950235,1.2654295200288517,-0.2783200074336491,90.11999798566104,1.0,0.5773391234228699,1
15:22:08.354765,107,0.9146432309459542,1.5905886595184675,1.3107570521010627,-0.2088800055789761,75.87999830394983,1.0,0.9121786285803923,1
15:22:08.354765,107,0.7066056214290795,1.5455082594830674,-0.2026432872459835,-0.3480400092958007,16.99999962002039,1.0,11.122508178877593,1
15:22:08.354765,107,0.7507017580278206,1.489486881396079,-0.1469694840186735,-0.3480400092958007,7.1199998408555984,0.7119999840855599,11.564299180525806,1
15:22:08.354765,107,0.8456042346760444,1.5775170457399814,-0.2925458560942688,-0.3480400092958007,10.359999768435957,1.0,13.460915450302043,1
15:22:08.354765,107,0.7716418363848179,1.518063239402023,1.1647073675792874,-0.2783200074336491,26.87999939918518,1.0,2.913472272778754,1
15:22:08.354765,107,0.8038660128915222,1.6022453969014483,1.2074033268058506,-0.2783200074336491,23.23999948054552,1.0,4.515172667083608,1
15:22:08.354765,107,0.7638030532461438,1.4682124565855483,1.2108994693162458,-0.2783200074336491,27.239999391138557,1.0,3.9203197580769378,1
15:22:08.354765,107,0.790151863236773,1.518861181908175,1.183677975688895,-0.2783200074336491,33.87999924272299,1.0,2.1814206668270875,1
15:22:08.354765,107,0.8213534206360391,1.594396124545027,1.2095065329949255,-0.2783200074336491,28.879999354481697,1.0,3.2019666145115604,1
15:22:08.354765,107,0.7846245229325323,1.4839921795250244,1.2625353306985143,-0.2783200074336491,32.99999926239252,1.0,2.9433355174326326,1
15:22:08.354765,107,0.8235593381637971,1.5032734094046722,1.1878547067430087,-0.2783200074336491,43.35999903082848,1.0,1.1887805274970669,1
15:22:08.354765,107,0.838758693726623,1.5863783320802007,1.2116548940109562,-0.2783200074336491,36.51999918371439,1.0,2.111610853930899,1
15:22:08.354765,107,0.7226706126423754,1.580646073074837,-0.2527213562317159,-0.3480400092958007,17.11999961733818,1.0,11.753016081915748,1
15:22:08.354765,107,0.9264110640537292,1.6509518402208243,1.2860941847583756,-0.2088800055789761,31.119999304413795,1.0,4.042323314009442,1
15:22:08.354765,107,0.8575950668818743,1.586141766293433,1.2316996919095704,-0.2783200074336491,46.23999896645546,1.0,1.5740485176500856,1
15:22:08.354765,107,0.8906387725625334,1.6685037785454262,1.2813911570586978,-0.2088800055789761,24.119999460875988,1.0,6.445205544388833,1
15:22:08.354765,107,0.8169513623290918,1.468521629079017,1.2666806521969871,-0.2783200074336491,46.11999896913767,1.0,2.366029304633627,1
15:22:08.354765,107,0.8451336223058113,1.519181019883079,1.241383434444851,-0.2783200074336491,69.99999843537807,1.0,0.6860034971511431,1
15:22:08.354765,107,0.8748613590944395,1.577774574729888,1.233941674131939,-0.2783200074336491,57.6399987116456,1.0,0.8543550000092666,1
15:22:08.354765,107,0.908570346444853,1.6598141935516058,1.2837195243403534,-0.2088800055789761,27.759999379515648,1.0,5.123889131526032,1
15:22:08.354765,107,0.8489514320878667,1.4524297077056116,1.270992469533656,-0.2783200074336491,51.51999884843826,1.0,2.6337928579318515,1
15:22:08.354765,107,0.8782375941165318,1.5025339776878204,1.2458439959574377,-0.2783200074336491,83.3599981367588,1.0,0.5436555738099251,1
15:22:08.354765,107,0.896231832118806,1.592053666511338,1.290257799636234,-0.2783200074336491,68.87999846041203,1.0,1.1445307144376844,1
15:22:08.354765,107,0.866355373888235,1.4515316965371057,1.2899248846568605,-0.2783200074336491,53.87999879568815,1.0,2.6445032810269913,1
15:22:08.354765,107,0.8008279836945297,1.4763349682734488,1.2645870742696486,-0.2783200074336491,39.51999911665917,1.0,2.5501088629007387,1
15:22:08.410086,108,0.97124062497739,1.5209424451199969,1.4159737751732742,-0.2088800055789761,53.63999880105257,1.0,0.4769743372952512,1
15:22:08.410086,108,0.9388531360991405,1.4702243169250109,1.435449013723579,-0.2088800055789761,32.75999926775694,1.0,0.4802723855260769,1
15:22:08.410086,108,1.0141896939668165,1.6040801661625097,1.2986534119701958,-0.2088800055789761,24.23999945819378,1.0,0.7195158159304065,1
15:22:08.410086,108,0.9549895867809174,1.53024549998222,1.413481029135799,-0.2088800055789761,63.999998569488525,1.0,0.20204329342239424,1
15:22:08.410086,108,0.923144013371721,1.4792171473401343,1.4330393920761764,-0.2088800055789761,37.63999915868044,1.0,0.2554851613675225,1
15:22:08.410086,108,0.996829830641774,1.6137927253634985,1.2960509395758515,-0.2088800055789761,24.99999944120645,1.0,0.4794970259937257,1
15:22:08.410086,108,1.0314481391721513,1.5942004119806046,1.3013006841246553,-0.2088800055789761,22.51999949663877,1.0,1.1139831546879386,1
15:22:08.410086,108,0.952954893940802,1.6000114099035183,1.3889019528543247,-0.2088800055789761,59.239998675882816,1.0,0.16639392581066176,1
15:22:08.410086,108,0.9868351601901136,1.5812738526243055,1.3939226661954218,-0.2088800055789761,57.11999872326851,1.0,0.38196750949805136,1
15:22:08.410086,108,0.954468374299522,1.4610802002064862,1.4378991724138035,-0.2088800055789761,27.359999388456345,1.0,0.8343013587021155,1
15:22:08.410086,108,1.0369112660298725,1.551949819860159,1.4017800170933987,-0.2088800055789761,31.87999928742647,1.0,1.803763423280796,1
15:22:08.410086,108,1.020320705550621,1.5618855698962164,1.3991177408950397,-0.2088800055789761,40.3599990978837,1.0,1.1839613858054638,1
15:22:08.410086,108,1.0486034404277171,1.584154450784924,1.3039924913142324,-0.2088800055789761,20.119999550282955,1.0,1.6624420882427058,1
15:22:08.410086,108,0.9699881664621282,1.451785711588572,1.4403896231330338,-0.2088800055789761,22.359999500215054,1.0,1.317158213062598,1
15:22:08.410086,108,1.0034497162460003,1.501867765724365,1.4210848201132162,-0.2088800055789761,32.87999926507473,1.0,1.4391490043266963,1
15:22:08.410086,108,0.9854109606207448,1.4423417805123429,1.4429201168382846,-0.1391600037168245,18.23999959230423,1.0,1.928383795691362,1
15:22:08.410086,108,1.0194045484359953,1.492098048642916,1.423702607915471,-0.2088800055789761,25.63999942690134,1.0,2.1254516796073855,1
15:22:08.410086,108,1.053398136251246,1.541854316773489,1.4044850989926576,-0.1391600037168245,24.99999944120645,1.0,2.568744062943066,1
15:22:08.410086,108,1.0375939562650949,1.5003049732737703,1.4802455643752874,-0.1391600037168245,20.119999550282955,1.0,3.1674179057280325,1
15:22:08.410086,108,1.086054221761327,1.5211881054899346,1.410022593616697,-0.1391600037168245,19.879999555647373,1.0,4.531858630384097,1
15:22:08.410086,108,0.922202650552151,1.5483783886400502,1.40862233626349,-0.2088800055789761,68.87999846041203,1.0,0.06648200556884448,1
15:22:08.410086,108,0.9873945399250716,1.5114828850513515,1.4185084566544215,-0.2088800055789761,42.35999905318022,1.0,0.889491667174453,1
15:22:08.410086,108,0.8914504071635002,1.496745367376582,1.4283427196726552,-0.2088800055789761,40.639999091625214,1.0,0.19506386698333195,1
15:22:08.410086,108,1.0036281138556398,1.5716605733149829,1.3964985366229694,-0.2088800055789761,49.63999889045954,1.0,0.7098694482016223,1
15:22:08.410086,108,0.9358709693552564,1.6091338141333789,1.3864576120079033,-0.2088800055789761,54.87999877333641,1.0,0.27942219717905276,1
15:22:08.410086,108,0.979370285168812,1.623337118335788,1.2934935271866812,-0.2088800055789761,24.35999945551157,1.0,0.39432883546692976,1
15:22:08.410086,108,0.8180592851119846,1.5721671398822232,1.3241816852318653,-0.2088800055789761,21.7599995136261,1.0,2.9147992001223586,1
15:22:08.410086,108,0.8490820432332307,1.6522461006094458,1.374905709662782,-0.2088800055789761,18.639999583363533,1.0,3.061995870379073,1
15:22:08.410086,108,0.8378518090316857,1.5844643537259973,1.3794051546029302,-0.2088800055789761,27.359999388456345,1.0,2.1002927272288443,1
15:22:08.410086,108,0.8666166310126509,1.6439598434444815,1.3771260055784107,-0.2088800055789761,23.23999948054552,1.0,2.209356910503444,1
15:22:08.410086,108,0.8262186502721648,1.5237260196087974,1.4022171561042769,-0.2088800055789761,27.239999391138557,1.0,1.6006057042535171,1
15:22:08.410086,108,0.8547206026199774,1.5762897887608327,1.3815955226838217,-0.2088800055789761,34.99999921768904,1.0,1.407789205394292,1
15:22:08.410086,108,0.8840645578550219,1.6355046323036326,1.3793915725754358,-0.2088800055789761,29.519999340176582,1.0,1.504867304852664,1
15:22:08.410086,108,0.908570346444853,1.6598141935516058,1.2837195243403534,-0.2088800055789761,17.759999603033066,1.0,1.6082713379926503,1
15:22:08.410086,108,0.8432454330683703,1.5218810647128342,1.4216076298702134,-0.2088800055789761,32.51999927312136,1.0,1.0814678838139073,1
15:22:08.410086,108,0.8099123721416085,1.5316279913307584,1.4000998291627638,-0.2088800055789761,22.51999949663877,1.0,2.28442858840049,1
15:22:08.410086,108,0.9014240789822776,1.6268813127009298,1.3817021840990555,-0.2088800055789761,37.239999167621136,1.0,0.948466204242018,1
15:22:08.410086,108,0.872334756025324,1.5743811887068822,1.4016549069846345,-0.2088800055789761,44.63999900221825,1.0,0.9033903367547544,1
15:22:08.410086,108,0.9056700311860114,1.5572064091619828,1.4062568752938729,-0.2088800055789761,65.35999853909016,1.0,0.20650060135209927,1
15:22:08.410086,108,0.8754690930167666,1.5052790041905866,1.4260561385798425,-0.2088800055789761,40.51999909430742,1.0,0.36002946001786057,1
15:22:08.410086,108,0.9841599140023924,1.6434276961890342,1.1729224131750162,-0.2088800055789761,6.8799998462200165,0.6879999846220016,1.419023750273703,1
15:22:08.410086,108,0.8444631025235221,1.4473671081162771,1.4292146786986486,-0.2088800055789761,11.359999746084211,1.0,0.7263669566315327,1
15:22:08.410086,108,0.9186934584568488,1.6180907469611088,1.3840576090900534,-0.2088800055789761,46.35999896377325,1.0,0.540039958826463,1
15:22:08.410086,108,0.8890468455755244,1.5658742981114713,1.4039343214497748,-0.2088800055789761,55.75999875366688,1.0,0.48540284368112474,1
15:22:08.410086,108,0.8594002326942001,1.513657849261833,1.4238110338094965,-0.2088800055789761,37.35999916493893,1.0,0.6554358311838095,1
15:22:08.410086,108,0.9264110640537292,1.6509518402208243,1.2860941847583756,-0.2088800055789761,20.359999544918537,1.0,1.0711209444546572,1
15:22:08.410086,108,0.9441591413323478,1.6419176047809898,1.2885149008487118,-0.2088800055789761,22.75999949127436,1.0,0.6898768106636347,1
15:22:08.461864,109,1.0231866798991751,1.5866411829587037,1.473445976609489,-0.2088800055789761,30.35999932140112,1.0,1.2839457446377385,1
15:22:08.461864,109,0.98817887714009,1.465447011834334,1.5124652508523546,-0.2088800055789761,26.239999413490292,1.0,1.8355091008212137,1
15:22:08.461864,109,0.9727127619626984,1.4749174699270853,1.5099276492544491,-0.2088800055789761,29.519999340176582,1.0,1.425540572090994,1
15:22:08.461864,109,1.0062683017467948,1.5257974971825463,1.4930216900591091,-0.2088800055789761,37.99999915063381,1.0,0.205729822401799,1
15:22:08.461864,109,1.0398238415308911,1.5766775244380076,1.476115730863769,-0.2088800055789761,28.519999362528324,1.0,1.3976588756539245,1
15:22:08.461864,109,1.0222679493948543,1.5160003379856957,1.4956468309540245,-0.2088800055789761,33.2399992570281,1.0,0.5722923094557935,1
15:22:08.461864,109,1.0696471881742096,1.4856885423777508,1.5037688521083103,-0.2088800055789761,23.35999947786331,1.0,2.874767683875492,1
15:22:08.461864,109,1.0035461752576644,1.4558276385528783,1.5150427541548142,-0.2088800055789761,22.75999949127436,1.0,2.4395174956543575,1
15:22:08.461864,109,1.0381653711044316,1.50604912649314,1.498313250037166,-0.2088800055789761,28.11999937146902,1.0,1.138981362880438,1
15:22:08.461864,109,1.0727845669511986,1.5562706144334015,1.4815837459195178,-0.2088800055789761,22.239999502897263,1.0,2.2424683558420444,1
15:22:08.461864,109,1.1053161928675106,1.5352310758193706,1.4872212733002708,-0.2088800055789761,18.999999575316902,1.0,3.914167612861697,1
15:22:08.461864,109,1.085228435379079,1.475281205796271,1.5065574895406768,-0.2088800055789761,19.35999956727028,1.0,4.044843094671621,1
15:22:08.461864,109,0.9901680281116128,1.53543962437598,1.4904380898643104,-0.2088800055789761,41.23999907821417,1.0,0.038769133266800336,1
15:22:08.461864,109,1.056357021649619,1.5665536641370572,1.478828411055694,-0.2088800055789761,25.51999942958355,1.0,1.7169772259831673,1
15:22:08.461864,109,0.95714937632405,1.4842380657932566,1.5074302031191316,-0.2088800055789761,31.87999928742647,1.0,1.2091283003741284,1
15:22:08.461864,109,1.003503746139835,1.6615349446840335,1.4291910911323829,-0.2088800055789761,10.119999773800371,1.0,5.614546937510425,1
15:22:08.461864,109,0.973968738503183,1.5449257553613558,1.487896288727483,-0.2088800055789761,41.63999906927347,1.0,0.07087169448637581,1
15:22:08.461864,109,1.0064472004566962,1.596443643341641,1.470819415266043,-0.2088800055789761,30.759999312460423,1.0,1.3752563123641823,1
15:22:08.461864,109,0.8915440853553519,1.5899838172373564,1.475823017435297,-0.2088800055789761,24.63999944925308,1.0,3.1975542163866986,1
15:22:08.461864,109,0.908213963758891,1.581291581092667,1.478152095090687,-0.2088800055789761,29.639999337494373,1.0,2.1786766407311142,1
15:22:08.461864,109,0.8939543982969157,1.5200034126947746,1.497846907299851,-0.2088800055789761,29.11999934911728,1.0,2.2688996994535233,1
15:22:08.461864,109,0.9247930215269564,1.5724387635826635,1.4805242003932328,-0.2088800055789761,34.759999223053455,1.0,1.3559725041757118,1
15:22:08.461864,109,0.8779281943070655,1.5285610196037462,1.4955539034394492,-0.2088800055789761,25.75999942421913,1.0,3.0125482599776543,1
15:22:08.461864,109,0.8912984399625248,1.4281887946980494,1.4525977550165536,-0.2088800055789761,13.119999706745148,1.0,5.930591388944893,1
15:22:08.461864,109,0.909891207595892,1.5112914350027191,1.5001812746869152,-0.2088800055789761,31.63999929279089,1.0,1.716190780104193,1
15:22:08.461864,109,0.9412796007676618,1.5634262499816785,1.4829390961343911,-0.2088800055789761,39.11999912559986,1.0,0.7300451366225542,1
15:22:08.461864,109,0.9726679939394318,1.6155610649606378,1.4656969175818673,-0.2088800055789761,29.519999340176582,1.0,2.1705544304277873,1
15:22:08.461864,109,0.9414902765496698,1.493407867381071,1.5049731621889233,-0.2088800055789761,32.63999927043915,1.0,1.1857750966673801,1
15:22:08.461864,109,0.9556316447569974,1.6248741144705523,1.4632014934866149,-0.2088800055789761,26.99999939650297,1.0,2.873311788593531,1
15:22:08.516472,110,0.9854109606207448,1.4423417805123429,1.4429201168382846,-0.1391600037168245,33.7599992454052,1.0,0.635150938377188,1
15:22:08.516472,110,0.954468374299522,1.4610802002064862,1.4378991724138035,-0.1391600037168245,48.63999891281128,1.0,1.3445091419897466,1
15:22:08.516472,110,0.9896230314083436,1.5296792943825694,1.4723747387559722,-0.1391600037168245,51.23999885469675,1.0,1.349212493928216,1
15:22:08.516472,110,0.9356346477510932,1.3957683570064752,1.4430405223889746,-0.1391600037168245,23.23999948054552,1.0,3.03265195893657,1
15:22:08.516472,110,0.9699881664621282,1.451785711588572,1.4403896231330338,-0.1391600037168245,41.63999906927347,1.0,0.6898667375236494,1
15:22:08.516472,110,1.005714443319249,1.520042474295994,1.4749569169157744,-0.1391600037168245,48.99999890476465,1.0,2.2902029082536437,1
15:22:08.516472,110,1.0217052846284105,1.5102507075369034,1.477580612911347,-0.1391600037168245,42.87999904155731,1.0,3.8902323136714587,1
15:22:08.516472,110,1.045105130150118,1.3969897544071843,1.4361760360167857,-0.1391600037168245,16.8799996227026,1.0,3.392842278926458,1
15:22:08.516472,110,1.0976180660845491,1.4409652262157502,1.437403606391554,-0.1391600037168245,18.23999959230423,1.0,3.909148532862372,1
15:22:08.516472,110,1.015959395713976,1.4230093833754054,1.4481002170388848,-0.1391600037168245,26.75999940186739,1.0,2.4052545080317556,1
15:22:08.516472,110,1.0510068087376514,1.47209874443267,1.4290614053277908,-0.1391600037168245,35.35999920964241,1.0,4.721939858995384,1
15:22:08.516472,110,1.0300999562557769,1.407012308643615,1.4334905007030367,-0.1391600037168245,21.119999527931213,1.0,2.3023517049720104,1
15:22:08.516472,110,1.0666510766497586,1.4618711572175391,1.431801879062604,-0.1391600037168245,28.519999362528324,1.0,3.7577022039103554,1
15:22:08.516472,110,1.0821886803478422,1.4514929718752858,1.4345827054439613,-0.1391600037168245,22.75999949127436,1.0,3.479500560525521,1
15:22:08.516472,110,0.9215422086739729,1.4106775153616211,1.4572898881731855,-0.1391600037168245,25.63999942690134,1.0,4.597582197681736,1
15:22:08.516472,110,1.056357021649619,1.5665536641370572,1.478828411055694,-0.1391600037168245,19.759999558329586,1.0,5.19005729711137,1
15:22:08.516472,110,0.9734326580234048,1.539160204122695,1.4698343366475934,-0.1391600037168245,48.51999891549349,1.0,1.046081877631323,1
15:22:08.516472,110,0.8452681548475216,1.4533515992191908,1.4458554018658116,-0.1391600037168245,23.35999947786331,1.0,2.9784067931967813,1
15:22:08.516472,110,0.9064656472208908,1.4195061887300249,1.4549242522738837,-0.1391600037168245,26.99999939650297,1.0,3.1843430041685967,1
15:22:08.516472,110,0.9388531360991405,1.4702243169250109,1.435449013723579,-0.1391600037168245,51.759998843073845,1.0,2.5792239461397926,1
15:22:08.516472,110,0.8293292839965305,1.5532991357935888,1.4889253451841131,-0.1391600037168245,17.519999608397484,1.0,3.518995684054862,1
15:22:08.516472,110,0.8456140214617671,1.545209713580878,1.4910928993332435,-0.1391600037168245,21.99999950826168,1.0,3.707341269696501,1
15:22:08.516472,110,0.8747850532902137,1.5985146028003985,1.4735372003328768,-0.1391600037168245,17.879999600350857,1.0,5.5116190691582645,1
15:22:08.516472,110,0.8297536198128758,1.4614414004121956,1.4436877461692177,-0.1391600037168245,20.63999953866005,1.0,4.198891126818175,1
15:22:08.516472,110,0.8915440853553519,1.5899838172373564,1.475823017435297,-0.1391600037168245,22.11999950557947,1.0,3.7812293387838487,1
15:22:08.516472,110,0.8774449753401627,1.5229683808120442,1.4780994389315854,-0.1391600037168245,34.99999921768904,1.0,1.5059011863198966,1
15:22:08.516472,110,0.861339848543632,1.5313661364444962,1.475849267091636,-0.1391600037168245,27.759999379515648,1.0,1.5413755241585871,1
15:22:08.516472,110,0.8606981637748492,1.4451123461131137,1.4480631030818207,-0.1391600037168245,25.75999942421913,1.0,2.248851665539056,1
15:22:08.516472,110,0.8934623583742839,1.5144154840809625,1.4803911807036254,-0.1391600037168245,42.87999904155731,1.0,2.010455073879146,1
15:22:08.516472,110,0.9247930215269564,1.5724387635826635,1.4805242003932328,-0.1391600037168245,34.639999225735664,1.0,1.9420621862764227,1
15:22:08.516472,110,0.8556638119863367,1.3533497311945653,1.408279438642345,-0.1391600037168245,4.999999888241291,0.4999999888241291,10.573023828880537,1
15:22:08.516472,110,0.8912984399625248,1.4281887946980494,1.4525977550165536,-0.1391600037168245,27.119999393820763,1.0,2.333858827376964,1
15:22:08.516472,110,0.923144013371721,1.4792171473401343,1.4330393920761764,-0.2088800055789761,49.359998896718025,1.0,4.374236542759728,1
15:22:08.516472,110,0.9412796007676618,1.5634262499816785,1.4829390961343911,-0.1391600037168245,41.999999061226845,1.0,1.8742235987844773,1
15:22:08.516472,110,0.908213963758891,1.581291581092667,1.478152095090687,-0.1391600037168245,27.759999379515648,1.0,2.5845762910627914,1
15:22:08.622278,112,1.086097458178094,1.5157429879110376,1.652758858720591,0.0697200018621515,24.879999443888664,1.0,5.605246718630877,1
15:22:08.622278,112,1.1383165120693968,1.555369629681756,1.6441050740088774,-0.0697200018621515,9.119999796152117,0.9119999796152116,6.491251589480676,1
15:22:08.622278,112,0.98817887714009,1.465447011834334,1.5124652508523546,-0.1391600037168245,26.87999939918518,1.0,0.23911113174964727,1
15:22:08.622278,112,1.0035461752576644,1.4558276385528783,1.5150427541548142,-0.1391600037168245,27.759999379515648,1.0,0.09785320790682273,1
15:22:08.622278,112,0.9727127619626984,1.4749174699270853,1.5099276492544491,-0.1391600037168245,24.99999944120645,1.0,1.0631067694525491,1
15:22:08.622278,112,0.95714937632405,1.4842380657932566,1.5074302031191316,-0.1391600037168245,22.359999500215054,1.0,2.5575797006770036,1
15:22:08.622278,112,0.9619532619769487,1.3588288101034771,1.3983227220525187,-0.1391600037168245,16.99999962002039,1.0,5.207315952363551,1
15:22:08.791439,115,1.1358107839257374,1.261353652211622,1.4973010967149232,-0.0697200018621515,26.239999413490292,1.0,0.09710752005707086,1
15:22:08.791439,115,1.1790476898690083,1.3236616484913313,1.5315035169030065,-0.0697200018621515,50.23999887704849,1.0,0.07316085758687998,1
15:22:08.791439,115,1.2203928519410157,1.3749958446624109,1.5334288710691582,-0.0697200018621515,53.35999880731106,1.0,0.2200611993289298,1
15:22:08.791439,115,1.149238590003818,1.2503176194680847,1.500258192776197,-0.0697200018621515,24.119999460875988,1.0,0.19688858253458072,1
15:22:08.791439,115,1.1929866522036052,1.3122055071201315,1.5345731807317962,-0.0697200018621515,44.87999899685383,1.0,0.25024146178491735,1
15:22:08.791439,115,1.234820605918047,1.3631379756717246,1.5366061774891664,-0.0697200018621515,47.51999893784523,1.0,0.4292867196757399,1
15:22:08.791439,115,1.175748102194313,1.2278592244342017,1.5062759015888256,-0.0697200018621515,21.639999516308308,1.0,0.7228344626887306,1
15:22:08.791439,115,1.2447264912287417,1.2479433630078247,1.4950090158185083,-0.0697200018621515,25.23999943584204,1.0,1.6979494123119445,1
15:22:08.791439,115,1.2491248788690208,1.3511413404934964,1.5398206661970637,-0.0697200018621515,39.63999911397696,1.0,0.7632181330987461,1
15:22:08.791439,115,1.234082237461292,1.2770373424136916,1.5439964620641713,-0.0697200018621515,31.119999304413795,1.0,1.4818250448464236,1
15:22:08.791439,115,1.2773572725225892,1.32673658394482,1.5463599010057596,-0.0697200018621515,32.119999282062054,1.0,1.8047524602678264,1
15:22:08.791439,115,1.291282570009472,1.3143309030295802,1.5496839931885562,-0.0697200018621515,25.87999942153692,1.0,2.5120164179840727,1
15:22:08.791439,115,1.271198212349865,1.2236405869712643,1.501520925031339,-0.0697200018621515,20.51999954134226,1.0,3.1718744374731465,1
15:22:08.791439,115,1.3050787403211914,1.301791336593172,1.5530439598886283,-0.0697200018621515,20.87999953329563,1.0,3.3433084845304,1
15:22:08.791439,115,1.2068063168724674,1.3006153007610937,1.5376787671658103,-0.0697200018621515,37.99999915063381,1.0,0.54411392311132,1
15:22:08.791439,115,1.2321878838041305,1.4616726838450598,1.567765862940114,-0.0697200018621515,23.35999947786331,1.0,0.6010903240986049,1
15:22:08.791439,115,1.1514512278465214,1.351662439717686,1.5429537350621314,-0.0697200018621515,51.759998843073845,1.0,0.0776544168419994,1
15:22:08.791439,115,1.1911726841657428,1.398290554968378,1.5271870722547574,-0.0697200018621515,55.11999876797199,1.0,0.17589560392654421,1
15:22:08.791439,115,1.0639966142354398,1.415880453465919,1.5257465701387614,-0.0697200018621515,24.23999945819378,1.0,2.712726235305312,1
15:22:08.791439,115,1.1018580633646031,1.4810070689710484,1.56389476715406,-0.0697200018621515,23.639999471604824,1.0,2.7184088071803614,1
15:22:08.791439,115,1.0788469792896225,1.4055312276101322,1.528519636849107,-0.0697200018621515,29.759999334812164,1.0,1.9825883446922368,1
15:22:08.791439,115,1.1172368665110932,1.470289574379231,1.5667665111748224,-0.0697200018621515,29.519999340176582,1.0,2.0140370383078134,1
15:22:08.791439,115,1.1082225837800013,1.3844050541232802,1.5341803779740686,-0.0697200018621515,36.23999918997288,1.0,0.8708357107159328,1
15:22:08.791439,115,1.086369075334915,1.4915754823403649,1.5610629693264733,-0.1391600037168245,19.119999572634697,1.0,3.546570420277954,1
15:22:08.791439,115,1.1227448856803603,1.373630219091864,1.5370674863193152,-0.0697200018621515,43.119999036192894,1.0,0.48968283391656003,1
15:22:08.791439,115,1.1614760632201928,1.4210161538382835,1.5210977663900525,-0.0697200018621515,44.63999900221825,1.0,0.630592660333867,1
15:22:08.791439,115,1.054727410159198,1.2418295790121865,1.4908255075614094,-0.0697200018621515,5.359999880194664,0.5359999880194664,0.6973700076672678,1
15:22:08.791439,115,1.1371549140327877,1.3627156504740938,1.5399920361661807,-0.0697200018621515,48.99999890476465,1.0,0.22524813937993685,1
15:22:08.791439,115,1.1763831923597985,1.4097250668321446,1.5241232040350168,-0.0697200018621515,51.63999884575605,1.0,0.3409233527680055,1
15:22:08.791439,115,1.122269397720847,1.2722594326759318,1.4943789016466802,-0.0697200018621515,27.239999391138557,1.0,0.10618545121727768,1
15:22:08.791439,115,1.146452787447351,1.4321626868875548,1.5181110618610931,-0.0697200018621515,36.63999918103218,1.0,1.0447714514890876,1
15:22:08.846491,116,1.200642721668428,1.1991453768450473,1.4957254911366298,-0.0697200018621515,41.11999908089638,1.0,1.3338346664840834,1
15:22:08.846491,116,1.2447264912287417,1.2479433630078247,1.4950090158185083,-0.0697200018621515,64.63999855518341,1.0,0.007846393721608079,1
15:22:08.846491,116,1.291282570009472,1.3143309030295802,1.5496839931885562,-0.0697200018621515,34.35999923199415,1.0,2.0469068955480303,1
15:22:08.846491,116,1.2261769089120358,1.1757033183926482,1.5020067717678731,-0.0697200018621515,39.23999912291765,1.0,2.1042302036668397,1
15:22:08.846491,116,1.271198212349865,1.2236405869712643,1.501520925031339,-0.0697200018621515,70.23999843001366,1.0,0.33100910518654425,1
15:22:08.846491,116,1.3050787403211914,1.301791336593172,1.5530439598886283,-0.0697200018621515,39.63999911397696,1.0,1.8777210384879714,1
15:22:08.846491,116,1.3226058826958438,1.1735254586214874,1.514949233201244,-0.0697200018621515,49.75999888777733,1.0,2.5463186349946807,1
15:22:08.846491,116,1.3099491738368063,1.1862398288817226,1.5115424279577436,-0.0697200018621515,60.35999865084887,1.0,1.7913737131360437,1
15:22:08.846491,116,1.344938084779864,1.2577713426271924,1.5452322548444264,-0.0697200018621515,45.51999898254872,1.0,1.951586695542789,1
15:22:08.846491,116,1.3475212695389065,1.147733151690521,1.521860261014332,-0.0697200018621515,39.759999111294746,1.0,4.470518543917314,1
15:22:08.846491,116,1.4724360145738342,1.244354583968715,1.646285118669859,-0.0697200018621515,7.879999823868275,0.7879999823868274,9.47601483336623,1
15:22:08.846491,116,1.284244053418564,1.211298645986969,1.5048279381511138,-0.0697200018621515,68.51999846845865,1.0,0.6857230344342764,1
15:22:08.846491,116,1.2773572725225892,1.32673658394482,1.5463599010057596,-0.0697200018621515,28.999999351799488,1.0,2.3420158026513405,1
15:22:08.846491,116,1.187694891764265,1.2106802576249485,1.492634729146866,-0.0697200018621515,40.3599990978837,1.0,1.1354548886937925,1
15:22:08.846491,116,1.0948513126622466,1.2936758876254055,1.4886403798382313,-0.0697200018621515,19.119999572634697,1.0,2.9756410646805955,1
15:22:08.846491,116,1.122269397720847,1.2722594326759318,1.4943789016466802,-0.0697200018621515,22.99999948590994,1.0,1.8338652292319662,1
15:22:08.846491,116,1.1508174595311094,1.3461671673730051,1.5254731812934184,-0.0697200018621515,21.99999950826168,1.0,3.0192276326913356,1
15:22:08.846491,116,1.1358107839257374,1.261353652211622,1.4973010967149232,-0.0697200018621515,27.519999384880062,1.0,1.4317305495974857,1
15:22:08.846491,116,1.1790476898690083,1.3236616484913313,1.5315035169030065,-0.0697200018621515,27.519999384880062,1.0,1.6125027752615801,1
15:22:08.846491,116,1.2313032583262509,1.259901767802847,1.4918047709109177,-0.0697200018621515,54.63999877870083,1.0,0.03544388706071971,1
15:22:08.846491,116,1.1929866522036052,1.3122055071201315,1.5345731807317962,-0.0697200018621515,34.759999223053455,1.0,1.0806941527719518,1
15:22:08.846491,116,1.1272089142918804,1.1549979647173363,1.443916335574817,-0.0697200018621515,7.639999829232693,0.7639999829232693,5.84033855661804,1
15:22:08.846491,116,1.1746282933659768,1.2220894973198797,1.4895776325843562,-0.0697200018621515,37.11999917030335,1.0,1.05921546425137,1
15:22:08.846491,116,1.2068063168724674,1.3006153007610937,1.5376787671658103,-0.0697200018621515,43.99999901652336,1.0,0.6658020022617948,1
15:22:08.846491,116,1.2491248788690208,1.3511413404934964,1.5398206661970637,-0.0697200018621515,24.119999460875988,1.0,3.3014735919519853,1
15:22:08.846491,116,1.149238590003818,1.2503176194680847,1.500258192776197,-0.0697200018621515,32.51999927312136,1.0,1.144414984970836,1
15:22:08.900429,117,1.3099491738368063,1.1862398288817226,1.5115424279577436,-0.1391600037168245,74.35999833792448,1.0,0.07725870970499808,1
15:22:08.900429,117,1.355138312230686,1.2271613828368737,1.4946921735635943,-0.1391600037168245,56.759998731315136,1.0,0.9190796725233552,1
15:22:08.900429,117,1.3226058826958438,1.1735254586214874,1.514949233201244,-0.1391600037168245,70.87999841570854,1.0,0.2076149528814431,1
15:22:08.900429,117,1.3682316378529271,1.2140084066759238,1.498216502903987,-0.1391600037168245,58.11999870091677,1.0,0.8651554256269554,1
15:22:08.900429,117,1.417048386104952,1.2726007801867425,1.5373322027222214,-0.1391600037168245,19.519999563694,1.0,5.121498092194103,1
15:22:08.900429,117,1.3475212695389065,1.147733151690521,1.521860261014332,-0.1391600037168245,62.759998597204685,1.0,0.8447890761614012,1
15:22:08.900429,117,1.4066855138684011,1.1737999297538142,1.5089903318241515,-0.1391600037168245,49.23999889940024,1.0,1.474118889719297,1
15:22:08.900429,117,1.359777456005121,1.1346577942288745,1.5253637924869283,-0.1391600037168245,52.87999881803989,1.0,1.354899394622015,1
15:22:08.900429,117,1.3838806871075853,1.1081552088064608,1.5324651388482011,-0.1391600037168245,43.5199990272522,1.0,2.7664276518918123,1
15:22:08.900429,117,1.4316202308542747,1.1463830882485164,1.516336652364508,-0.1391600037168245,41.999999061226845,1.0,2.5402322685372845,1
15:22:08.900429,117,1.2830209106160604,1.2053803259854838,1.4875176276245692,-0.1391600037168245,71.75999839603901,1.0,0.13203022668920544,1
15:22:08.900429,117,1.4438734679264045,1.132495404693125,1.5200578459579142,-0.1391600037168245,34.879999220371246,1.0,3.2767095779105437,1
15:22:08.900429,117,1.3940065274054654,1.1873263460425394,1.5053659395031005,-0.1391600037168245,55.23999876528978,1.0,1.1408929695695684,1
15:22:08.900429,117,1.3957253214409184,1.0947306310820324,1.5360622436081903,-0.1391600037168245,35.35999920964241,1.0,3.6711584824499908,1
15:22:08.900429,117,1.2468919754197914,1.133975903308036,1.4585718768441476,-0.0697200018621515,39.63999911397696,1.0,2.2013753711495476,1
15:22:08.900429,117,1.2699874946986116,1.2177105122287364,1.4842137641781643,-0.1391600037168245,64.11999856680632,1.0,0.33911834239520144,1
15:22:08.900429,117,1.3150505640985035,1.26585234978879,1.484324960214449,-0.0697200018621515,44.63999900221825,1.0,1.8267769198573622,1
15:22:08.900429,117,1.1705646024474132,1.2040494373377706,1.4397957299900854,-0.0697200018621515,27.99999937415123,1.0,2.9585236286976206,1
15:22:08.900429,117,1.216597077184871,1.2657540422742546,1.4713405391009275,-0.0697200018621515,36.51999918371439,1.0,2.3403724638181176,1
15:22:08.900429,117,1.2301305375228242,1.2539371570994735,1.4745068639405612,-0.0697200018621515,44.75999899953604,1.0,1.6673092740713007,1
15:22:08.900429,117,1.183585996232848,1.19267966853248,1.4428422503595917,-0.0697200018621515,32.239999279379845,1.0,2.5430683658994653,1
15:22:08.900429,117,1.2092724206868688,1.1695656611415268,1.4490356299738445,-0.0697200018621515,36.11999919265509,1.0,2.054918259645397,1
15:22:08.900429,117,1.2435409858376292,1.2419901417570367,1.4777080570535297,-0.0697200018621515,54.35999878495932,1.0,1.1083556227049414,1
15:22:08.900429,117,1.287665651616098,1.290993495383197,1.4775884105556345,-0.0697200018621515,37.51999916136265,1.0,3.0359682076001104,1
15:22:08.900429,117,1.176676528252051,1.110484381414416,1.4558437142730498,-0.0697200018621515,8.51999980956316,0.851999980956316,6.226872147094155,1
15:22:08.900429,117,1.221934882734529,1.157823733937238,1.4521818698858189,-0.0697200018621515,38.75999913364649,1.0,1.9851194911474004,1
15:22:08.900429,117,1.273779359274784,1.3033644276411511,1.4742736292474956,-0.0697200018621515,30.999999307096004,1.0,3.8165693835470478,1
15:22:08.956228,118,1.3528875867074353,1.0208958265017525,1.4888715921044406,-0.0697200018621515,30.999999307096004,1.0,3.872205960997026,1
15:22:08.956228,118,1.3777795969353164,1.084215860816968,1.4634164382240509,-0.0697200018621515,62.35999860614538,1.0,2.0881749810857064,1
15:22:08.956228,118,1.4302567236792745,1.1403622297252567,1.498401960085875,-0.0697200018621515,49.63999889045954,1.0,1.0856282902213896,1
15:22:08.956228,118,1.4698599172661904,1.216822558371986,1.5522779322127294,-0.0697200018621515,9.999999776482582,0.9999999776482582,12.580448280674233,1
15:22:08.956228,118,1.4012254711075174,1.0573718389441962,1.4706092722064634,-0.0697200018621515,51.63999884575605,1.0,1.2556231950707633,1
15:22:08.956228,118,1.3302505216660725,1.0468138138048744,1.481926888337129,-0.0697200018621515,36.23999918997288,1.0,2.0641256267892176,1
15:22:08.956228,118,1.4127388088019452,1.0437813221323775,1.4742508402109118,-0.0697200018621515,41.23999907821417,1.0,1.330055322323098,1
15:22:08.956228,118,1.5076427620851975,1.022421927896613,1.471485470826286,-0.0697200018621515,24.99999944120645,1.0,4.630600701279885,1
15:22:08.956228,118,1.4665474685400586,1.0983876127755328,1.509649024800159,-0.0697200018621515,36.75999917834997,1.0,3.2688170207764764,1
15:22:08.956228,118,1.4353405289019696,1.0162700718234472,1.4816224575139605,-0.0697200018621515,32.75999926775694,1.0,2.504323852555747,1
15:22:08.956228,118,1.4848552758084597,1.0513282021985946,1.4637400579708777,-0.0697200018621515,30.35999932140112,1.0,4.830889745974828,1
15:22:08.956228,118,1.4424982904939536,1.1264877731107563,1.5021196095311509,-0.0697200018621515,43.63999902456999,1.0,1.4587483014575482,1
15:22:08.956228,118,1.4053457550763755,1.1677529588165896,1.4910626363457524,-0.0697200018621515,52.999998815357685,1.0,1.3564960938044777,1
15:22:08.956228,118,1.3150505640985035,1.26585234978879,1.484324960214449,-0.0697200018621515,28.11999937146902,1.0,6.992135126968946,1
15:22:08.956228,118,1.3187318839629498,1.059607522728241,1.478498824362914,-0.0697200018621515,40.639999091625214,1.0,1.6317715710094045,1
15:22:08.956228,118,1.3658494050253178,1.097466681498224,1.4598658915234588,-0.0697200018621515,70.23999843001366,1.0,2.97761106517098,1
15:22:08.956228,118,1.2447264912287417,1.2479433630078247,1.4950090158185083,-0.0697200018621515,26.99999939650297,1.0,4.29644117690455,1
15:22:08.956228,118,1.271198212349865,1.2236405869712643,1.501520925031339,-0.0697200018621515,34.11999923735857,1.0,2.569305115353049,1
15:22:08.956228,118,1.3087015489018423,1.1803453754589457,1.4942257224007085,-0.0697200018621515,54.239998787641525,1.0,0.8696667569311105,1
15:22:08.956228,118,1.2375346564497482,1.0581058675961958,1.4873897934637723,-0.0697200018621515,9.519999787211418,0.9519999787211418,6.538530190791962,1
15:22:08.956228,118,1.2261769089120358,1.1757033183926482,1.5020067717678731,-0.0697200018621515,28.359999366104603,1.0,4.09380622497945,1
15:22:08.956228,118,1.321346203227863,1.1676431146497377,1.4976292829265851,-0.0697200018621515,64.87999854981899,1.0,0.5928980954673766,1
15:22:08.956228,118,1.3682316378529271,1.2140084066759238,1.498216502903987,-0.0697200018621515,47.75999893248081,1.0,2.0403301200907995,1
15:22:08.956228,118,1.2953001573472376,1.0848579744456524,1.4717329862167126,-0.0697200018621515,42.75999904423952,1.0,1.670330851408218,1
15:22:08.956228,118,1.3462378600984115,1.1418753728896192,1.5045337285219826,-0.0697200018621515,71.23999840766191,1.0,0.9407245443525942,1
15:22:08.956228,118,1.3940065274054654,1.1873263460425394,1.5053659395031005,-0.0697200018621515,52.23999883234501,1.0,1.3648233496553455,1
15:22:08.956228,118,1.2833894115876785,1.09731219221568,1.4683958886228723,-0.0697200018621515,41.999999061226845,1.0,2.1252768447165638,1
15:22:09.064205,120,1.5105378636776268,1.0351814463894724,-0.0916368091637683,0.0697200018621515,34.11999923735857,1.0,1.461146516785618,1
15:22:09.064205,120,1.5309380144393094,1.0047656744223463,-0.0916368091637683,0.0697200018621515,29.23999934643507,1.0,4.022831835205098,1
15:22:09.064205,120,1.614755501940632,1.106602473369711,-0.0979591742356072,0.1391600037168245,7.519999831914902,0.7519999831914902,5.194607992780448,1
15:22:09.064205,120,1.5626466828091292,1.0708919598795916,-0.0947979916996877,0.0697200018621515,26.75999940186739,1.0,1.3231542317354177,1
15:22:09.064205,120,1.5409177530124714,1.101928638106899,-0.0947979916996877,0.0697200018621515,28.23999936878681,1.0,0.8744685799137488,1
15:22:09.064205,120,1.456912577189353,1.1093831650878092,-0.0916368091637683,0.0697200018621515,38.519999139010906,1.0,1.0240530018365188,1
15:22:09.064205,120,1.5185724766874564,1.1325245595908515,-0.0947979916996877,0.0697200018621515,28.23999936878681,1.0,1.819852436916623,1
15:22:09.064205,120,1.467933378677449,1.0947588137655604,-0.0916368091637683,0.0697200018621515,39.759999111294746,1.0,0.4435486687015191,1
15:22:09.064205,120,1.4172942806674416,1.056993067940269,-0.0884756266278488,0.0697200018621515,19.239999569952488,1.0,3.180025122646642,1
15:22:09.064205,120,1.4344350207416088,1.138297604241873,-0.0916368091637683,0.0697200018621515,34.879999220371246,1.0,3.169775031505846,1
15:22:09.064205,120,1.4895335179377178,1.0651831595987868,-0.0916368091637683,0.0697200018621515,37.99999915063381,1.0,0.27834280870484207,1
15:22:09.120548,121,1.5366015995283375,1.017277237334328,1.5509304608550978,0.1391600037168245,48.87999890744686,1.0,0.49012441589635425,1
15:22:09.120548,121,1.5931880969760916,0.9586801245940856,1.625373505179638,0.1391600037168245,31.63999929279089,1.0,3.189339611540277,1
15:22:09.120548,121,1.5400608281564063,0.9267114846148709,1.6378659927491055,0.1391600037168245,32.51999927312136,1.0,2.508666169722806,1
15:22:09.120548,121,1.5828788653305963,0.9740194776039538,1.621263337928228,0.1391600037168245,37.51999916136265,1.0,2.5072095261606346,1
15:22:09.120548,121,1.5300953734459726,0.941539323678318,1.6338928852465564,0.1391600037168245,38.6399991363287,1.0,1.6631883566452315,1
15:22:09.120548,121,1.5582696659882829,0.9873820806466682,1.5589408439471582,0.1391600037168245,43.5199990272522,1.0,1.878415001126651,1
15:22:09.120548,121,1.5097064510966356,0.9709025326933995,1.626025037103779,0.1391600037168245,45.11999899148941,1.0,0.9434967806502956,1
15:22:09.120548,121,1.4887136663230045,0.9998660117965368,1.6182642962680978,0.1391600037168245,50.519998870790005,1.0,1.5039547779662197,1
15:22:09.120548,121,1.5029498628413676,1.0613202584935162,1.5391291689032665,0.1391600037168245,52.51999882608652,1.0,0.8957868338454148,1
15:22:09.120548,121,1.4746652074331104,0.9976505369585412,1.5620747764297174,0.1391600037168245,53.51999880373478,1.0,0.9784314438420582,1
15:22:09.120548,121,1.4528317245391578,1.0259289278755035,1.5544976044202656,0.1391600037168245,52.87999881803989,1.0,1.2783393970441739,1
15:22:09.120548,121,1.4013776103977664,0.9849939005767052,1.5531072062606648,0.1391600037168245,22.359999500215054,1.0,6.88321070746014,1
15:22:09.120548,121,1.529106938407585,1.1264841046223728,1.5157832118984933,0.1391600037168245,24.51999945193529,1.0,6.74501800546194,1
15:22:09.120548,121,1.479762033379891,1.0901320027767785,1.5314090852900342,0.1391600037168245,49.63999889045954,1.0,2.797628412709854,1
15:22:09.120548,121,1.4304171283521978,1.053779900931184,1.5470349586815753,0.1391600037168245,48.87999890744686,1.0,2.84266989697079,1
15:22:09.120548,121,1.5255365324236445,1.0320663517731732,1.5469677295844375,0.1391600037168245,52.23999883234501,1.0,0.2959284873808653,1
15:22:09.173316,122,1.555598944613599,1.0095455252891048,1.1910063614271742,0.1391600037168245,7.639999829232693,0.7639999829232693,6.170132627101749,1
15:22:09.173316,122,1.5673276709136672,1.034882446938608,1.4395513779666107,0.1391600037168245,16.359999634325504,1.0,2.1014699988753405,1
15:22:09.173316,122,1.4341209867220457,0.9494319385217312,1.5808802679998613,0.2088800055789761,10.359999768435957,1.0,3.3937261144784867,1
15:22:09.173316,122,1.4853612931251916,0.9833545879280297,1.5659053644274796,0.2088800055789761,22.75999949127436,1.0,0.7390143226117984,1
15:22:09.173316,122,1.5366015995283375,1.017277237334328,1.5509304608550978,0.1391600037168245,26.119999416172504,1.0,1.5776165915077873,1
15:22:09.173316,122,1.5582696659882829,0.9873820806466682,1.5589408439471582,0.2783200074336491,25.51999942958355,1.0,4.728861912605268,1
15:22:09.227541,123,1.562261994222751,0.922102551009452,1.733941893234768,0.2783200074336491,12.23999972641468,1.0,3.333006814538559,1
15:22:09.227541,123,1.5959803409981097,0.9849400769342508,1.716449827621755,0.2783200074336491,25.11999943852425,1.0,1.1844931830070078,1
15:22:09.227541,123,1.5391960697564222,0.8466457925341405,0.9962035504166616,0.2088800055789761,10.359999768435957,1.0,3.486249057884994,1
15:22:09.227541,123,1.5056999327630003,0.9777227616755128,0.9367932574810592,0.2088800055789761,6.999999843537808,0.6999999843537809,5.073810235827867,1
15:22:09.227541,123,1.592301988087225,1.074521037030638,1.610668156138623,0.2783200074336491,19.35999956727028,1.0,2.5248008825911388,1
15:22:09.285521,124,1.6671264436559496,0.9586423082231796,1.6214571217417673,0.3480400092958007,41.23999907821417,1.0,1.7777082239200028,1
15:22:09.285521,124,1.692040573304458,0.7672533221794585,1.6179241670093123,0.3480400092958007,40.639999091625214,1.0,4.15971008455217,1
15:22:09.285521,124,1.725526747540693,0.8603012662284781,1.647807524527083,0.3480400092958007,36.11999919265509,1.0,4.194540664291569,1
15:22:09.285521,124,1.7164753808434094,0.7178640151884437,1.6311579919322878,0.3480400092958007,31.359999299049377,1.0,5.5733856092228855,1
15:22:09.285521,124,1.6749033308068009,0.7997765862949902,1.6092095846543315,0.3480400092958007,51.63999884575605,1.0,4.574239473770955,1
15:22:09.285521,124,1.61905114381667,0.7731068253443334,1.622241082622231,0.3480400092958007,34.639999225735664,1.0,3.2008927255877384,1
15:22:09.285521,124,1.7067400569866324,0.8934555221287049,1.638923868432962,0.3480400092958007,40.11999910324812,1.0,2.3000542528686174,1
15:22:09.285521,124,1.6516628587190794,0.8646233477538883,1.6505759425766433,0.3480400092958007,62.35999860614538,1.0,3.1909779869181483,1
15:22:09.285521,124,1.6018377697704849,0.8042192595893684,1.6139045309917075,0.3480400092958007,42.11999905854464,1.0,3.2706929683730728,1
15:22:09.285521,124,1.687270693196525,0.9262402406101664,1.630139229591773,0.3480400092958007,42.11999905854464,1.0,1.5055624591024845,1
15:22:09.285521,124,1.6328217792451571,0.8963500899884352,1.642074787616426,0.3480400092958007,68.51999846845865,1.0,1.2099080575772714,1
15:22:09.285521,124,1.5783728652937896,0.8664599393667042,1.6540103456410793,0.3480400092958007,48.239998921751976,1.0,5.210194775207595,1
15:22:09.285521,124,1.6133275928593993,0.9277065296542428,1.6336728549304578,0.3480400092958007,66.11999852210283,1.0,0.27145599800490294,1
15:22:09.285521,124,1.5097064510966356,0.9709025326933995,1.626025037103779,0.3480400092958007,32.99999926239252,1.0,2.2352569517601,1
15:22:09.285521,124,1.700378537079193,1.028426480623338,1.619746458322064,0.3480400092958007,12.879999712109566,1.0,6.104634084719863,1
15:22:09.285521,124,1.646315365795777,0.9906487645733006,1.6128810176101704,0.3480400092958007,37.87999915331602,1.0,3.0829192921609883,1
15:22:09.285521,124,1.5931880969760916,0.9586801245940856,1.625373505179638,0.3480400092958007,57.11999872326851,1.0,0.34465868310161174,1
15:22:09.285521,124,1.5400608281564063,0.9267114846148709,1.6378659927491055,0.3480400092958007,47.11999894678593,1.0,2.061849191208525,1
15:22:09.285521,124,1.4930368485263752,0.8645839639783175,1.6036152142581854,0.3480400092958007,13.35999970138073,1.0,7.262097600073401,1
15:22:09.285521,124,1.6365631351519208,1.012135835933792,1.6273842203921758,0.2783200074336491,33.2399992570281,1.0,2.1488635931768516,1
15:22:09.285521,124,1.5828788653305963,0.9740194776039538,1.621263337928228,0.3480400092958007,45.99999897181988,1.0,0.7509100834663527,1
15:22:09.285521,124,1.5300953734459726,0.941539323678318,1.6338928852465564,0.3480400092958007,40.51999909430742,1.0,1.8842294399629438,1
15:22:09.285521,124,1.561786589101469,1.0043956252447264,1.6131240736987145,0.3480400092958007,35.999999195337296,1.0,2.2832137073840992,1
15:22:09.285521,124,1.5409177530124714,1.039845804585644,1.623232053650986,0.3480400092958007,28.11999937146902,1.0,2.588827884904957,1
15:22:09.285521,124,1.4887136663230045,0.9998660117965368,1.6182642962680978,0.3480400092958007,26.359999410808086,1.0,3.5040034242518345,1
15:22:09.285521,124,1.5595287420628487,0.8967707510853059,1.6458885881191485,0.3480400092958007,50.23999887704849,1.0,3.1412976101272068,1
15:22:09.337555,125,1.6587378128450008,0.7926042051468416,1.533064944043447,0.4174800111504737,33.7599992454052,1.0,0.8469998142897582,1
15:22:09.337555,125,1.6018377697704849,0.8042192595893684,1.6139045309917075,0.4174800111504737,12.999999709427357,1.0,3.5832757661411336,1
15:22:09.337555,125,1.694528750304645,0.8100514334199002,1.4396524698566346,0.3480400092958007,37.75999915599823,1.0,3.0362586558188127,1
15:22:09.337555,125,1.6401395030116617,0.874163570587148,0.919626932938986,0.3480400092958007,6.6399998515844345,0.6639999851584435,4.770428167577572,1
15:22:09.337555,125,1.6304836863661816,0.8109419193466524,0.98148204949606,0.3480400092958007,13.519999697804453,1.0,2.3865144057546255,1
15:22:09.337555,125,1.7047226826255768,0.7252302056938102,1.1866718525363416,0.3480400092958007,22.879999488592148,1.0,3.9598558140332423,1
15:22:09.394559,126,1.692040573304458,0.7672533221794585,1.6179241670093123,0.4872000130126253,56.11999874562025,1.0,0.12654679060481314,1
15:22:09.394559,126,1.7319083796388717,0.6845540762622473,1.6400833631674925,0.5566400148672983,50.519998870790005,1.0,2.9059057559291945,1
15:22:09.394559,126,1.7737138507726808,0.7418022774584682,1.6188583968299903,0.4872000130126253,71.3599984049797,1.0,1.184330083097982,1
15:22:09.394559,126,1.7164753808434094,0.7178640151884437,1.6311579919322878,0.4872000130126253,55.11999876797199,1.0,1.2832003344655538,1
15:22:09.394559,126,1.8048878818706973,0.8184237691311924,1.5924423729545758,0.4872000130126253,40.99999908357859,1.0,0.29976720957193487,1
15:22:09.394559,126,1.789661486275043,0.707381568195073,1.6280813980800235,0.4872000130126253,63.879998572170734,1.0,2.7723485548744042,1
15:22:09.394559,126,1.7484642275875777,0.7928385456553255,1.6051832699819442,0.4872000130126253,72.63999837636948,1.0,0.16433792107184952,1
15:22:09.394559,126,1.6356169190213383,0.7416680987035915,1.6306650640366809,0.5566400148672983,14.999999664723871,1.0,0.186393818170832,1
15:22:09.394559,126,1.6570961493385148,0.8319623019504415,1.600585448136636,0.4872000130126253,47.35999894142151,1.0,0.9534478713344549,1
15:22:09.394559,126,1.6749033308068009,0.7997765862949902,1.6092095846543315,0.4872000130126253,53.11999881267548,1.0,0.20315598131800902,1
15:22:09.394559,126,1.712354528906545,0.8597053443115145,1.5872663652815635,0.4872000130126253,57.35999871790409,1.0,1.3300884127268495,1
15:22:09.394559,126,1.6932686210663028,0.8926022336981443,1.5784516703369205,0.4872000130126253,46.879998952150345,1.0,2.984810101390113,1
15:22:09.394559,126,1.6386261515344438,0.8637975952892627,1.5920552069956908,0.4872000130126253,40.51999909430742,1.0,2.37240914236513,1
15:22:09.394559,126,1.7307555177969314,0.8264463472456468,1.5961780866864324,0.4872000130126253,67.11999849975109,1.0,0.38812783175469334,1
15:22:09.447859,127,1.789661486275043,0.707381568195073,1.6280813980800235,0.5566400148672983,43.75999902188778,1.0,1.5336874132882556,1
15:22:09.447859,127,1.7319083796388717,0.6845540762622473,1.6400833631674925,0.5566400148672983,17.879999600350857,1.0,3.3815305247665,1
15:22:09.447859,127,1.830952320701952,0.7657405397284927,1.6065588017276928,0.5566400148672983,41.63999906927347,1.0,3.3549439318704906,1
15:22:09.447859,127,1.7737138507726808,0.7418022774584682,1.6188583968299903,0.5566400148672983,42.51999904960394,1.0,0.21354813854461074,1
15:22:09.447859,127,1.7484642275875777,0.7928385456553255,1.6051832699819442,0.5566400148672983,38.239999145269394,1.0,4.323199034459127,1
15:22:09.447859,127,1.859538781354912,0.8377830252863627,1.559866171786634,0.5566400148672983,15.999999642372131,1.0,4.921415881045846,1
