{"timestamp": "15:48:28.374448", "frame": 1, "mu": [0.8620886907951097, 1.496009193598054, 0.9674218526576344], "Sigma": [[0.006204438368574408, -0.003808162400814577, -8.521310025848749e-05], [-0.0038081624008145768, 0.003754392888862598, -0.0034576662073540973], [-8.521310025848749e-05, -0.0034576662073540973, 0.01641297846205176]], "chi2_level": 0.997, "chi2_df": 3, "chi2_threshold": 13.931422665512084, "N_raw": 68, "N_roi": 68, "N_inlier": 67, "refit": true}
{"timestamp": "15:48:28.424819", "frame": 2, "mu": [0.8451163596621807, 1.5041636491330528, 1.2059225243508889], "Sigma": [[0.0043330880329512916, -0.0026220800118223146, -0.0011382771174399467], [-0.0026220800118223146, 0.0046760915246533835, -0.0007166357660042054], [-0.001138277117439947, -0.0007166357660042054, 0.0015035451545802167]], "chi2_level": 0.997, "chi2_df": 3, "chi2_threshold": 13.931422665512084, "N_raw": 38, "N_roi": 38, "N_inlier": 37, "refit": true}
{"timestamp": "15:48:28.482407", "frame": 3, "mu": [0.8456698571049677, 1.5228842028439022, 1.0557627581958153], "Sigma": [[0.004123888785271624, -0.0026541594867002406, -0.0016375982739540887], [-0.0026541594867002406, 0.005336659553767096, 0.006832983911949401], [-0.0016375982739540887, 0.006832983911949402, 0.038229790312274144]], "chi2_level": 0.997, "chi2_df": 3, "chi2_threshold": 13.931422665512084, "N_raw": 53, "N_roi": 53, "N_inlier": 51, "refit": true}
{"timestamp": "15:48:28.539328", "frame": 4, "mu": [0.8408428710765145, 1.5343996520606122, 0.8969902286504422], "Sigma": [[0.0071794872504975125, -0.002714834569983373, -0.003539601214883569], [-0.002714834569983373, 0.00478222943648086, -0.0019554054311895644], [-0.003539601214883569, -0.0019554054311895644, 0.008112338268198025]], "chi2_level": 0.997, "chi2_df": 3, "chi2_threshold": 13.931422665512084, "N_raw": 66, "N_roi": 66, "N_inlier": 63, "refit": true}
{"timestamp": "15:48:28.591234", "frame": 5, "mu": [0.7344472966818532, 1.57582355886641, 0.8520289067582736], "Sigma": [[0.00482727244244601, -0.002080326374754646, 0.002856716583392106], [-0.002080326374754646, 0.0028459544937000708, -0.0040162184764852655], [0.002856716583392106, -0.0040162184764852655, 0.029050831346560696]], "chi2_level": 0.997, "chi2_df": 3, "chi2_threshold": 13.931422665512084, "N_raw": 50, "N_roi": 50, "N_inlier": 49, "refit": true}
{"timestamp": "15:48:28.695912", "frame": 7, "mu": [0.8762710308487692, 1.3208360718311418, 0.6642263851896002], "Sigma": [[0.005192887133670453, -0.01837560584310007, -0.04423475960169557], [-0.01837560584310007, 0.10841763378334152, 0.18057936253525578], [-0.044234759601695574, 0.1805793625352558, 0.5208010892184785]], "chi2_level": 0.997, "chi2_df": 3, "chi2_threshold": 13.931422665512084, "N_raw": 13, "N_roi": 12, "N_inlier": 12, "refit": true}
{"timestamp": "15:48:28.764236", "frame": 8, "mu": [0.8028824103965898, 1.5127313914769007, 1.1592721964621702], "Sigma": [[0.009390370679528316, -0.0018562430506967676, -0.01386608903840454], [-0.001856243050696768, 0.003184271860544782, -0.004204207970197968], [-0.013866089038404538, -0.004204207970197968, 0.04421090756664037]], "chi2_level": 0.997, "chi2_df": 3, "chi2_threshold": 13.931422665512084, "N_raw": 107, "N_roi": 107, "N_inlier": 106, "refit": true}
{"timestamp": "15:48:28.812251", "frame": 9, "mu": [0.8376105952388944, 1.519392698180879, 1.1105487149423459], "Sigma": [[0.0072730322248941975, -0.004164782631899316, -0.006685632267610899], [-0.004164782631899316, 0.005297748303206582, 0.0010567988477580888], [-0.006685632267610899, 0.0010567988477580888, 0.015065528805816861]], "chi2_level": 0.997, "chi2_df": 3, "chi2_threshold": 13.931422665512084, "N_raw": 50, "N_roi": 50, "N_inlier": 46, "refit": true}
{"timestamp": "15:48:28.869163", "frame": 10, "mu": [0.7814165893159607, 1.5209062008951262, -0.6349240139967338], "Sigma": [[0.008160333326591667, -0.00016190497827095745, 0.000339314797646376], [-0.00016190497827095745, 0.0028507685421664585, 0.0010957294253176918], [0.000339314797646376, 0.0010957294253176918, 0.01544863871128387]], "chi2_level": 0.997, "chi2_df": 3, "chi2_threshold": 13.931422665512084, "N_raw": 49, "N_roi": 49, "N_inlier": 46, "refit": true}
{"timestamp": "15:48:28.927155", "frame": 11, "mu": [0.8023046985821264, 1.6455587995403402, -0.3626379436998082], "Sigma": [[0.008588173748448148, -0.002221201964106691, -0.004077005328531709], [-0.002221201964106691, 0.011679604308516531, -0.015418864062371819], [-0.004077005328531709, -0.015418864062371817, 0.034989298522214135]], "chi2_level": 0.997, "chi2_df": 3, "chi2_threshold": 13.931422665512084, "N_raw": 67, "N_roi": 67, "N_inlier": 63, "refit": true}
{"timestamp": "15:48:28.976320", "frame": 12, "mu": [0.8457023457656256, 1.4803774092194688, 1.1755581999507647], "Sigma": [[0.009970294267190245, -0.002300790458047961, -0.00875696844860869], [-0.002300790458047961, 0.004252956853286564, 0.015152379552940513], [-0.008756968448608692, 0.015152379552940517, 0.13813405978850565]], "chi2_level": 0.997, "chi2_df": 3, "chi2_threshold": 13.931422665512084, "N_raw": 27, "N_roi": 27, "N_inlier": 25, "refit": true}
{"timestamp": "15:48:29.036636", "frame": 13, "mu": [0.8750335365485501, 1.4157274821312207, 1.1219472032747744], "Sigma": [[0.011624307476034889, -0.002832164949941928, -0.009119572044307876], [-0.002832164949941928, 0.004215966628745409, 0.00890961539114339], [-0.009119572044307876, 0.008909615391143391, 0.0692760790210782]], "chi2_level": 0.997, "chi2_df": 3, "chi2_threshold": 13.931422665512084, "N_raw": 70, "N_roi": 70, "N_inlier": 69, "refit": true}
{"timestamp": "15:48:29.091187", "frame": 14, "mu": [0.7959739333030394, 1.4077227398481438, 1.2823773181768536], "Sigma": [[0.013086457628100026, -0.003492374568721151, -0.016440809785367112], [-0.0034923745687211504, 0.004036083956292665, 0.0025987630412081875], [-0.016440809785367112, 0.0025987630412081875, 0.028782751585736538]], "chi2_level": 0.997, "chi2_df": 3, "chi2_threshold": 13.931422665512084, "N_raw": 62, "N_roi": 62, "N_inlier": 59, "refit": true}
{"timestamp": "15:48:29.148591", "frame": 15, "mu": [0.7955420408360604, 1.376694485840266, 1.0568350651959344], "Sigma": [[0.008152041015777543, -0.004200070632621041, -0.01732732703487349], [-0.004200070632621041, 0.0054947520525305315, 0.0069899789803187585], [-0.01732732703487349, 0.0069899789803187585, 0.10055540758116371]], "chi2_level": 0.997, "chi2_df": 3, "chi2_threshold": 13.931422665512084, "N_raw": 73, "N_roi": 73, "N_inlier": 71, "refit": true}
{"timestamp": "15:48:29.206686", "frame": 16, "mu": [0.7581231989060856, 1.359968213507961, 1.2666582385237448], "Sigma": [[0.01557477625322836, -0.00492678671371122, -0.023506394041987705], [-0.004926786713711221, 0.004584410977788215, 0.007453959349415734], [-0.023506394041987705, 0.007453959349415734, 0.046820779876839774]], "chi2_level": 0.997, "chi2_df": 3, "chi2_threshold": 13.931422665512084, "N_raw": 76, "N_roi": 76, "N_inlier": 72, "refit": true}
{"timestamp": "15:48:29.262807", "frame": 17, "mu": [0.8014387254393868, 1.2997203453792974, 1.1088858471275], "Sigma": [[0.016546256610453954, -0.00828162158557876, -0.03027661136853729], [-0.00828162158557876, 0.008244930155981815, 0.016600299044703302], [-0.03027661136853729, 0.016600299044703302, 0.07623239568422384]], "chi2_level": 0.997, "chi2_df": 3, "chi2_threshold": 13.931422665512084, "N_raw": 101, "N_roi": 101, "N_inlier": 99, "refit": true}
{"timestamp": "15:48:29.318208", "frame": 18, "mu": [0.7318168568981592, 1.329417004197683, 1.1764776460535533], "Sigma": [[0.010569480127334427, -0.003983371615697467, -0.01611894669958984], [-0.003983371615697467, 0.005883625920645634, -0.004839275727792338], [-0.016118946699589836, -0.004839275727792337, 0.07219809991094797]], "chi2_level": 0.997, "chi2_df": 3, "chi2_threshold": 13.931422665512084, "N_raw": 100, "N_roi": 100, "N_inlier": 100, "refit": true}
{"timestamp": "15:48:29.361755", "frame": 19, "mu": [0.7135258620014961, 1.2630627848497906, 1.0528829763670338], "Sigma": [[0.008895972359940984, -0.005862262637701192, -0.04477980374966053], [-0.005862262637701193, 0.008097071296366278, 0.05187047555680939], [-0.044779803749660535, 0.05187047555680939, 0.44088911157238037]], "chi2_level": 0.997, "chi2_df": 3, "chi2_threshold": 13.931422665512084, "N_raw": 25, "N_roi": 25, "N_inlier": 24, "refit": true}
{"timestamp": "15:48:29.422751", "frame": 20, "mu": [0.6803103558652679, 1.2696578958148281, 1.2781342405837006], "Sigma": [[0.009498968585439508, -0.0043712419305381445, -0.019624135069902023], [-0.0043712419305381445, 0.006047626108043858, 0.01257874363999249], [-0.019624135069902023, 0.01257874363999249, 0.06175117353523805]], "chi2_level": 0.997, "chi2_df": 3, "chi2_threshold": 13.931422665512084, "N_raw": 74, "N_roi": 74, "N_inlier": 71, "refit": true}
{"timestamp": "15:48:29.481300", "frame": 21, "mu": [0.7035004084272137, 1.232422421793292, 1.135998986728163], "Sigma": [[0.005668115888750024, -0.0015858828506129866, -0.007357447501559809], [-0.0015858828506129866, 0.0014165269061247549, 0.00033454463014749873], [-0.007357447501559809, 0.00033454463014749873, 0.0570731148003282]], "chi2_level": 0.997, "chi2_df": 3, "chi2_threshold": 13.931422665512084, "N_raw": 96, "N_roi": 96, "N_inlier": 92, "refit": true}
{"timestamp": "15:48:29.535452", "frame": 22, "mu": [0.6329826234600978, 1.3588551940654316, -0.152772463714598], "Sigma": [[0.008027437543960493, -0.00010045368231128284, 0.007506545996837784], [-0.0001004536823112827, 0.010186687985699017, -0.041893429517989585], [0.007506545996837784, -0.04189342951798959, 0.3677417334500413]], "chi2_level": 0.997, "chi2_df": 3, "chi2_threshold": 13.931422665512084, "N_raw": 80, "N_roi": 80, "N_inlier": 78, "refit": true}
{"timestamp": "15:48:29.590799", "frame": 23, "mu": [0.6126388062629424, 1.2269993596390263, 1.1577723157538888], "Sigma": [[0.005799486193564052, -0.00038503500283953117, -0.016679787479190314], [-0.0003850350028395314, 0.0020095628129507617, -0.0031306094727279275], [-0.016679787479190314, -0.0031306094727279275, 0.10799087961460063]], "chi2_level": 0.997, "chi2_df": 3, "chi2_threshold": 13.931422665512084, "N_raw": 83, "N_roi": 83, "N_inlier": 80, "refit": true}
{"timestamp": "15:48:29.641416", "frame": 24, "mu": [0.5787604010726816, 1.368201948778251, -0.36129145012899916], "Sigma": [[0.004204207539213808, 0.003054411182969004, -0.009451773746727196], [0.0030544111829690045, 0.010470412781885485, -0.018878860840709707], [-0.009451773746727196, -0.018878860840709704, 0.04555304712544355]], "chi2_level": 0.997, "chi2_df": 3, "chi2_threshold": 13.931422665512084, "N_raw": 58, "N_roi": 58, "N_inlier": 56, "refit": true}
{"timestamp": "15:48:29.698292", "frame": 25, "mu": [0.588734708079116, 1.3812242964460504, -0.47351754169079885], "Sigma": [[0.0048119574676357075, 0.0025808266562921366, -0.013100382587231821], [0.0025808266562921366, 0.007061481303886711, -0.019371902019612572], [-0.013100382587231821, -0.019371902019612572, 0.07374878436334734]], "chi2_level": 0.997, "chi2_df": 3, "chi2_threshold": 13.931422665512084, "N_raw": 74, "N_roi": 74, "N_inlier": 70, "refit": true}
{"timestamp": "15:48:29.750021", "frame": 26, "mu": [0.5583435820397336, 1.1871925506265626, 1.29442254234325], "Sigma": [[0.01489720290229873, 0.0006150735799323895, -0.010949538338059294], [0.0006150735799323897, 0.002274396773205261, 0.0036603908555143698], [-0.010949538338059294, 0.00366039085551437, 0.11698301837464695]], "chi2_level": 0.997, "chi2_df": 3, "chi2_threshold": 13.931422665512084, "N_raw": 50, "N_roi": 50, "N_inlier": 48, "refit": true}
{"timestamp": "15:48:29.802856", "frame": 27, "mu": [0.456530630080426, 1.2078658524847607, 1.1190405013085039], "Sigma": [[0.0047025302368035385, -0.0014147065057645428, -0.017334384080957853], [-0.0014147065057645433, 0.005919043179867007, -0.018221831491358195], [-0.017334384080957853, -0.018221831491358195, 0.3109264607990554]], "chi2_level": 0.997, "chi2_df": 3, "chi2_threshold": 13.931422665512084, "N_raw": 38, "N_roi": 38, "N_inlier": 38, "refit": true}
{"timestamp": "15:48:29.854906", "frame": 28, "mu": [0.4181536720999395, 1.2086306362826507, 0.7079260367727139], "Sigma": [[0.015731208414544583, -0.00324984821342792, 0.03681778923967594], [-0.00324984821342792, 0.007325635198715071, -0.027609766261517347], [0.03681778923967594, -0.027609766261517347, 0.3739324348942798]], "chi2_level": 0.997, "chi2_df": 3, "chi2_threshold": 13.931422665512084, "N_raw": 17, "N_roi": 17, "N_inlier": 17, "refit": true}
{"timestamp": "15:48:29.919816", "frame": 29, "mu": [0.4570837598242782, 1.1495084633253922, 1.22374612484907], "Sigma": [[0.00779287992736879, -0.0021533152511366118, -0.0180218920186143], [-0.002153315251136612, 0.004081087723373682, 0.006233033747472722], [-0.0180218920186143, 0.006233033747472722, 0.06632329683976304]], "chi2_level": 0.997, "chi2_df": 3, "chi2_threshold": 13.931422665512084, "N_raw": 90, "N_roi": 90, "N_inlier": 88, "refit": true}
{"timestamp": "15:48:29.974345", "frame": 30, "mu": [0.4086777351522184, 1.3104568666236915, -0.3642325058287182], "Sigma": [[0.006868230137312268, 0.0017440411014114075, -0.0084286178703127], [0.001744041101411407, 0.004598136146132141, -0.003915567060563516], [-0.0084286178703127, -0.003915567060563516, 0.01161551701733781]], "chi2_level": 0.997, "chi2_df": 3, "chi2_threshold": 13.931422665512084, "N_raw": 79, "N_roi": 79, "N_inlier": 76, "refit": true}
{"timestamp": "15:48:30.028176", "frame": 31, "mu": [0.3415835904062244, 1.1808876231218788, 1.36354389334937], "Sigma": [[0.00589578184041721, -0.0006266688125471164, -0.006965643408776463], [-0.0006266688125471164, 0.0037080594005810897, -0.0008670719461117304], [-0.006965643408776463, -0.0008670719461117305, 0.00939459105081462]], "chi2_level": 0.997, "chi2_df": 3, "chi2_threshold": 13.931422665512084, "N_raw": 73, "N_roi": 73, "N_inlier": 69, "refit": true}
{"timestamp": "15:48:30.084665", "frame": 32, "mu": [0.30685485174222366, 1.2041490908645662, 1.3993514843177222], "Sigma": [[0.006896160158145133, -0.0004100779832666827, -0.007153331216775664], [-0.00041007798326668255, 0.0039309676820525885, -0.0013985577222949729], [-0.007153331216775664, -0.0013985577222949729, 0.008718041058534527]], "chi2_level": 0.997, "chi2_df": 3, "chi2_threshold": 13.931422665512084, "N_raw": 83, "N_roi": 83, "N_inlier": 79, "refit": true}
{"timestamp": "15:48:30.137216", "frame": 33, "mu": [0.23916906866319784, 1.1940118581640438, 1.4065604788248043], "Sigma": [[0.003296053399961114, -0.0005087201463870086, -0.004010932350840064], [-0.0005087201463870085, 0.002485143688476344, -0.0016447961901087443], [-0.004010932350840064, -0.0016447961901087443, 0.007597038687764264]], "chi2_level": 0.997, "chi2_df": 3, "chi2_threshold": 13.931422665512084, "N_raw": 58, "N_roi": 57, "N_inlier": 53, "refit": true}
{"timestamp": "15:48:30.197783", "frame": 34, "mu": [0.19562704845024032, 1.1456150913341654, 1.2214771784728622], "Sigma": [[0.0031649682555081903, -0.0005719285184255457, -0.0019887971769366086], [-0.0005719285184255456, 0.003957160098941165, 0.006918938410404182], [-0.001988797176936608, 0.006918938410404183, 0.0810893958673349]], "chi2_level": 0.997, "chi2_df": 3, "chi2_threshold": 13.931422665512084, "N_raw": 108, "N_roi": 108, "N_inlier": 106, "refit": true}
{"timestamp": "15:48:30.249440", "frame": 35, "mu": [0.2027389209637283, 1.1395327714211603, 1.294510577961752], "Sigma": [[0.002773414579410076, -0.0007309633249910756, -0.005434383033222539], [-0.0007309633249910756, 0.0029307693076683888, 0.007796385598797964], [-0.005434383033222539, 0.007796385598797962, 0.07888038361994637]], "chi2_level": 0.997, "chi2_df": 3, "chi2_threshold": 13.931422665512084, "N_raw": 75, "N_roi": 75, "N_inlier": 73, "refit": true}
{"timestamp": "15:48:30.301164", "frame": 36, "mu": [0.13206862765670693, 1.1435206373649758, 1.4234244628638213], "Sigma": [[0.004579164381262026, -0.00127589196582925, -0.006889053418981148], [-0.00127589196582925, 0.0035760331479522747, 0.003263687671258752], [-0.006889053418981148, 0.003263687671258753, 0.025035641767941857]], "chi2_level": 0.997, "chi2_df": 3, "chi2_threshold": 13.931422665512084, "N_raw": 64, "N_roi": 64, "N_inlier": 62, "refit": true}
{"timestamp": "15:48:30.355003", "frame": 37, "mu": [0.11139951065500116, 1.2023017742720983, 1.4142292540938601], "Sigma": [[0.0035255685249319284, 0.0008375907562435348, -0.004796715050561497], [0.0008375907562435348, 0.0015145207333738069, -0.002679109058070013], [-0.004796715050561497, -0.002679109058070013, 0.010399979787928339]], "chi2_level": 0.997, "chi2_df": 3, "chi2_threshold": 13.931422665512084, "N_raw": 51, "N_roi": 51, "N_inlier": 47, "refit": true}
{"timestamp": "15:48:30.416803", "frame": 38, "mu": [0.05907569428799282, 1.180312704143906, 1.2049552146153242], "Sigma": [[0.0102590839194819, -0.004334211554704733, 0.020428404353798068], [-0.004334211554704733, 0.00442659129827036, -0.014769526784479431], [0.020428404353798068, -0.014769526784479431, 0.09123333773672451]], "chi2_level": 0.997, "chi2_df": 3, "chi2_threshold": 13.931422665512084, "N_raw": 92, "N_roi": 92, "N_inlier": 88, "refit": true}
{"timestamp": "15:48:30.470861", "frame": 39, "mu": [-0.011082895843306058, 1.1598957838672495, 1.4900147521819584], "Sigma": [[0.0029506052455931346, -0.0006228844104250768, -0.001957335301888215], [-0.0006228844104250769, 0.0051088562082914225, -0.003112966431097001], [-0.0019573353018882147, -0.003112966431097001, 0.0049611148667223735]], "chi2_level": 0.997, "chi2_df": 3, "chi2_threshold": 13.931422665512084, "N_raw": 78, "N_roi": 78, "N_inlier": 73, "refit": true}
{"timestamp": "15:48:30.522320", "frame": 40, "mu": [-0.0013798805987425967, 1.1397292194749833, 1.4628270438132478], "Sigma": [[0.002778601476608511, 0.0006034840775323305, -0.0029061821372088565], [0.0006034840775323304, 0.0035579007020483102, -0.0024081903385995604], [-0.0029061821372088565, -0.0024081903385995604, 0.014068747018483712]], "chi2_level": 0.997, "chi2_df": 3, "chi2_threshold": 13.931422665512084, "N_raw": 69, "N_roi": 69, "N_inlier": 67, "refit": true}
{"timestamp": "15:48:30.572319", "frame": 41, "mu": [-0.02377317152841808, 1.1114844013115537, 1.1429539118035907], "Sigma": [[0.0008481618378329538, 0.00034754469276600253, 0.0008477519619599455], [0.0003475446927660026, 0.001399633807905392, 0.004263108514603145], [0.0008477519619599455, 0.004263108514603145, 0.020737999085524636]], "chi2_level": 0.997, "chi2_df": 3, "chi2_threshold": 13.931422665512084, "N_raw": 15, "N_roi": 15, "N_inlier": 13, "refit": true}
{"timestamp": "15:48:30.626663", "frame": 42, "mu": [-0.09169433840390095, 1.1290754944158228, 1.4442882397304406], "Sigma": [[0.0022678570493572447, 0.000346060442149627, -0.00300597408559182], [0.000346060442149627, 0.002038986298407812, -0.0017835954036111731], [-0.0030059740855918203, -0.0017835954036111734, 0.005194660896602009]], "chi2_level": 0.997, "chi2_df": 3, "chi2_threshold": 13.931422665512084, "N_raw": 34, "N_roi": 34, "N_inlier": 32, "refit": true}
{"timestamp": "15:48:30.688614", "frame": 43, "mu": [-0.15724921866441174, 1.1186845378469306, 1.2958762989955313], "Sigma": [[0.0023915098879962703, -0.00032175938944368, -0.0017949167909248357], [-0.00032175938944368, 0.002343738419414684, 0.004740869884882168], [-0.001794916790924836, 0.004740869884882168, 0.04686201937409106]], "chi2_level": 0.997, "chi2_df": 3, "chi2_threshold": 13.931422665512084, "N_raw": 79, "N_roi": 79, "N_inlier": 79, "refit": true}
{"timestamp": "15:48:30.736052", "frame": 44, "mu": [-0.17432674147917554, 1.0933001310091133, 1.412477371492871], "Sigma": [[0.0011842498768817992, 0.0002578152870875345, -0.0008105662377858984], [0.0002578152870875346, 0.0018442853055126893, -0.0020897607049904813], [-0.0008105662377858984, -0.0020897607049904813, 0.004669664552847797]], "chi2_level": 0.997, "chi2_df": 3, "chi2_threshold": 13.931422665512084, "N_raw": 24, "N_roi": 24, "N_inlier": 23, "refit": true}
{"timestamp": "15:48:30.796549", "frame": 45, "mu": [-0.21668410353871062, 1.0454450452047541, 1.3452409731126678], "Sigma": [[0.0029896336113664638, -0.0014716119233727108, -0.0009617839084929757], [-0.0014716119233727108, 0.002780928699327968, -0.0028943330817701035], [-0.0009617839084929756, -0.0028943330817701035, 0.008686530303442654]], "chi2_level": 0.997, "chi2_df": 3, "chi2_threshold": 13.931422665512084, "N_raw": 70, "N_roi": 70, "N_inlier": 69, "refit": true}
{"timestamp": "15:48:30.849184", "frame": 46, "mu": [-0.25747893677208455, 1.2381053033759888, -0.2623733466262305], "Sigma": [[0.0014947966577401378, 0.00020898057313673717, -0.0010381109964576305], [0.00020898057313673717, 0.00287256425684253, -0.004636419494462656], [-0.0010381109964576305, -0.004636419494462656, 0.014908291106262161]], "chi2_level": 0.997, "chi2_df": 3, "chi2_threshold": 13.931422665512084, "N_raw": 46, "N_roi": 46, "N_inlier": 43, "refit": true}
{"timestamp": "15:48:30.909605", "frame": 47, "mu": [-0.29421073540474296, 1.0974298566521434, 1.4172984467344185], "Sigma": [[0.0037724004638981273, -0.0014009006104415932, -0.0067578508410664866], [-0.0014009006104415932, 0.005405602784589928, 0.0033613845835608522], [-0.0067578508410664866, 0.0033613845835608522, 0.04239161364972349]], "chi2_level": 0.997, "chi2_df": 3, "chi2_threshold": 13.931422665512084, "N_raw": 92, "N_roi": 92, "N_inlier": 90, "refit": true}
{"timestamp": "15:48:30.964236", "frame": 48, "mu": [-0.3255788690294969, 1.1128704199021096, 1.4659053941142615], "Sigma": [[0.0038477906789767605, -0.000620709628487024, -0.0036181043317563494], [-0.000620709628487024, 0.004824382498024667, -0.0028175700037280215], [-0.0036181043317563494, -0.0028175700037280215, 0.015970309135507992]], "chi2_level": 0.997, "chi2_df": 3, "chi2_threshold": 13.931422665512084, "N_raw": 86, "N_roi": 86, "N_inlier": 84, "refit": true}
{"timestamp": "15:48:31.019919", "frame": 49, "mu": [-0.34240293701847446, 1.0753929487454832, 1.26942963126927], "Sigma": [[0.0024900054787150737, -0.0019412641741352625, -0.008008332381144297], [-0.0019412641741352625, 0.009934564155903205, 0.024679879985641077], [-0.008008332381144297, 0.02467987998564108, 0.10069024005034821]], "chi2_level": 0.997, "chi2_df": 3, "chi2_threshold": 13.931422665512084, "N_raw": 81, "N_roi": 81, "N_inlier": 77, "refit": true}
{"timestamp": "15:48:31.075951", "frame": 50, "mu": [-0.3797493000689466, 1.1007640184804028, 1.2442990445161706], "Sigma": [[0.0043331293783475605, -0.0012004038537738898, -0.007912975622940672], [-0.0012004038537738898, 0.0026326773190860353, 0.006004399589531399], [-0.007912975622940672, 0.006004399589531399, 0.1501764708172573]], "chi2_level": 0.997, "chi2_df": 3, "chi2_threshold": 13.931422665512084, "N_raw": 93, "N_roi": 93, "N_inlier": 92, "refit": true}
{"timestamp": "15:48:31.133808", "frame": 51, "mu": [-0.4535363067829509, 1.1187073545534911, 1.1745627819199818], "Sigma": [[0.0036011749512016022, -0.0005785495934118722, -0.001301888593470682], [-0.0005785495934118722, 0.004634846938605106, -0.013292090062608244], [-0.001301888593470682, -0.013292090062608244, 0.19376838001808913]], "chi2_level": 0.997, "chi2_df": 3, "chi2_threshold": 13.931422665512084, "N_raw": 107, "N_roi": 107, "N_inlier": 106, "refit": true}
{"timestamp": "15:48:31.180650", "frame": 52, "mu": [-0.4573194595700351, 1.092305168605059, 1.3250794134232244], "Sigma": [[0.0033621523907326617, -0.0007429105377156113, -0.006920523095769265], [-0.0007429105377156113, 0.003025152243752782, 0.0030351030338085947], [-0.006920523095769265, 0.003035103033808595, 0.050483014636321204]], "chi2_level": 0.997, "chi2_df": 3, "chi2_threshold": 13.931422665512084, "N_raw": 52, "N_roi": 52, "N_inlier": 52, "refit": true}
{"timestamp": "15:48:31.239854", "frame": 53, "mu": [-0.4948132666497339, 1.1718504302322672, -0.30451542400959786], "Sigma": [[0.005779038434819338, -0.00177795776912891, 0.021625269762130736], [-0.00177795776912891, 0.00852619055649666, -0.012214985361068216], [0.021625269762130736, -0.012214985361068216, 0.3437571661977292]], "chi2_level": 0.997, "chi2_df": 3, "chi2_threshold": 13.931422665512084, "N_raw": 90, "N_roi": 90, "N_inlier": 90, "refit": true}
{"timestamp": "15:48:31.290228", "frame": 54, "mu": [-0.5366607973823339, 1.1114473884081577, 1.0568137361307466], "Sigma": [[0.003805322448502275, 0.000233648821422352, -0.007424988842468331], [0.00023364882142235202, 0.0005863422485016257, -0.0017464714097254743], [-0.007424988842468331, -0.0017464714097254743, 0.11433047602482208]], "chi2_level": 0.997, "chi2_df": 3, "chi2_threshold": 13.931422665512084, "N_raw": 54, "N_roi": 54, "N_inlier": 52, "refit": true}
{"timestamp": "15:48:31.344363", "frame": 55, "mu": [-0.6208917157289965, 1.2979264914494313, -0.28119272046859894], "Sigma": [[0.004572886277769135, 0.0013273996678424397, -0.005691159884252967], [0.0013273996678424397, 0.0047401001690095595, -0.008221676384791151], [-0.005691159884252967, -0.008221676384791151, 0.022611328221142965]], "chi2_level": 0.997, "chi2_df": 3, "chi2_threshold": 13.931422665512084, "N_raw": 51, "N_roi": 51, "N_inlier": 47, "refit": true}
{"timestamp": "15:48:31.396667", "frame": 56, "mu": [-0.6017567528991641, 1.462259713525768, -0.5553914895757671], "Sigma": [[0.003195736717099761, -0.00030379898744070736, 0.002879346228578133], [-0.0003037989874407073, 0.012373977179033898, -0.031856096086145695], [0.002879346228578133, -0.031856096086145695, 0.09522051894171478]], "chi2_level": 0.997, "chi2_df": 3, "chi2_threshold": 13.931422665512084, "N_raw": 34, "N_roi": 34, "N_inlier": 33, "refit": true}
{"timestamp": "15:48:31.454905", "frame": 57, "mu": [-0.7039432202188018, 1.2187103474970045, 1.2406196920472394], "Sigma": [[0.006208849042404857, -0.0007145374232201926, -0.016780321099138008], [-0.0007145374232201926, 0.003104071881440142, 0.004866375207333519], [-0.016780321099138008, 0.004866375207333519, 0.12831368839115145]], "chi2_level": 0.997, "chi2_df": 3, "chi2_threshold": 13.931422665512084, "N_raw": 61, "N_roi": 60, "N_inlier": 58, "refit": true}
{"timestamp": "15:48:31.512859", "frame": 58, "mu": [-0.7166777752444218, 1.4215439656984648, -0.4044819664796341], "Sigma": [[0.005878066502900494, 0.004159737189486725, -0.01446164018353496], [0.004159737189486726, 0.0072344768137279705, -0.017602710218726718], [-0.01446164018353496, -0.017602710218726718, 0.11129496442070558]], "chi2_level": 0.997, "chi2_df": 3, "chi2_threshold": 13.931422665512084, "N_raw": 74, "N_roi": 74, "N_inlier": 71, "refit": true}
{"timestamp": "15:48:31.561257", "frame": 59, "mu": [-0.825064152748201, 1.3001648861867474, 1.3036581804390637], "Sigma": [[0.005438506716890943, -0.000957235080106478, -0.0009168745356132775], [-0.000957235080106478, 0.012477072845618874, -0.03706995361575889], [-0.0009168745356132784, -0.03706995361575889, 0.13332955921468712]], "chi2_level": 0.997, "chi2_df": 3, "chi2_threshold": 13.931422665512084, "N_raw": 27, "N_roi": 27, "N_inlier": 26, "refit": true}
{"timestamp": "15:48:31.618100", "frame": 60, "mu": [-0.8644066144232437, 1.2181699560722032, 1.2471943890753912], "Sigma": [[0.005301796037182111, 0.0014437746363534587, -0.004279144158262424], [0.0014437746363534585, 0.005389666535239586, -0.01613800145571653], [-0.004279144158262424, -0.01613800145571653, 0.08019462815551828]], "chi2_level": 0.997, "chi2_df": 3, "chi2_threshold": 13.931422665512084, "N_raw": 43, "N_roi": 43, "N_inlier": 41, "refit": true}
{"timestamp": "15:48:31.681034", "frame": 61, "mu": [-0.8030244529128351, 1.3284234658266407, 1.0431202523300585], "Sigma": [[0.007781246427839975, 0.0002914303832165563, -0.009198930923414412], [0.0002914303832165563, 0.0020357940965434517, 0.00665787416982792], [-0.009198930923414412, 0.00665787416982792, 0.2338997138810655]], "chi2_level": 0.997, "chi2_df": 3, "chi2_threshold": 13.931422665512084, "N_raw": 80, "N_roi": 80, "N_inlier": 79, "refit": true}
{"timestamp": "15:48:31.728396", "frame": 62, "mu": [-0.9278532683446429, 1.453465792657059, -0.30028016337435176], "Sigma": [[0.004801539909723794, -0.002831087816733588, 0.0021144616526338096], [-0.0028310878167335887, 0.027729220916197003, -0.05197135977340767], [0.0021144616526338105, -0.05197135977340767, 0.10669422828650181]], "chi2_level": 0.997, "chi2_df": 3, "chi2_threshold": 13.931422665512084, "N_raw": 36, "N_roi": 34, "N_inlier": 32, "refit": true}
{"timestamp": "15:48:31.782238", "frame": 63, "mu": [-0.9579451550792674, 1.4720858376204293, -0.144643691996448], "Sigma": [[0.012097735895857649, 0.00912655209357649, -0.019054561359726996], [0.00912655209357649, 0.02088630888997352, -0.042303653717771006], [-0.019054561359726996, -0.042303653717771006, 0.09360243915995833]], "chi2_level": 0.997, "chi2_df": 3, "chi2_threshold": 13.931422665512084, "N_raw": 39, "N_roi": 39, "N_inlier": 36, "refit": true}
{"timestamp": "15:48:31.837853", "frame": 64, "mu": [-1.1397532048971808, 1.237034675242948, 1.394887748394848], "Sigma": [[0.11129306019892046, 0.07957297106177028, -0.07480017536745848], [0.07957297106177028, 0.05879953354758843, -0.052770308703035104], [-0.07480017536745848, -0.052770308703035104, 0.07560381342109923]], "chi2_level": 0.997, "chi2_df": 3, "chi2_threshold": 13.931422665512084, "N_raw": 43, "N_roi": 43, "N_inlier": 43, "refit": true}
{"timestamp": "15:48:31.896445", "frame": 65, "mu": [-0.9660481580536799, 1.3804663376490132, 1.3540125401065226], "Sigma": [[0.006662599172100913, 0.0010626075141441488, -0.0005734178033912217], [0.0010626075141441488, 0.0026159490755740585, -0.002483964949008561], [-0.0005734178033912221, -0.002483964949008561, 0.01456143124805497]], "chi2_level": 0.997, "chi2_df": 3, "chi2_threshold": 13.931422665512084, "N_raw": 63, "N_roi": 63, "N_inlier": 61, "refit": true}
{"timestamp": "15:48:31.945539", "frame": 66, "mu": [-1.1567084078058683, 1.3057870863133896, 1.2857047226619571], "Sigma": [[0.061710594781681394, 0.047392863430498804, -0.04701216543966502], [0.0473928634304988, 0.04138651060359653, -0.043067570013310144], [-0.04701216543966502, -0.043067570013310144, 0.19624448111793621]], "chi2_level": 0.997, "chi2_df": 3, "chi2_threshold": 13.931422665512084, "N_raw": 16, "N_roi": 16, "N_inlier": 16, "refit": true}
{"timestamp": "15:48:32.005166", "frame": 67, "mu": [-0.9961980304401328, 1.502475138685545, 1.3132893023956504], "Sigma": [[0.005216524070808093, 0.003249490187956578, 0.0010366377572587622], [0.003249490187956578, 0.004471322856986193, -0.003690520701397486], [0.001036637757258762, -0.0036905207013974866, 0.016601387177796398]], "chi2_level": 0.997, "chi2_df": 3, "chi2_threshold": 13.931422665512084, "N_raw": 59, "N_roi": 59, "N_inlier": 54, "refit": true}
{"timestamp": "15:48:32.058442", "frame": 68, "mu": [-0.9776112901091916, 1.5083275622553884, 1.3499025314722293], "Sigma": [[0.004864779312539428, 0.00104582650005863, -0.0008927762120803575], [0.00104582650005863, 0.004618972947776453, -0.0014612424210817074], [-0.0008927762120803575, -0.0014612424210817074, 0.00548956218823866]], "chi2_level": 0.997, "chi2_df": 3, "chi2_threshold": 13.931422665512084, "N_raw": 41, "N_roi": 41, "N_inlier": 38, "refit": true}
{"timestamp": "15:48:32.116374", "frame": 69, "mu": [-1.087041908909995, 1.5307040332518964, 1.3795935099577354], "Sigma": [[0.03065900284518925, 0.021033990150343716, -0.01948997477358719], [0.021033990150343716, 0.020469824349438878, -0.015719574931608783], [-0.01948997477358719, -0.015719574931608783, 0.014029906255070872]], "chi2_level": 0.997, "chi2_df": 3, "chi2_threshold": 13.931422665512084, "N_raw": 71, "N_roi": 71, "N_inlier": 68, "refit": true}
{"timestamp": "15:48:32.168079", "frame": 70, "mu": [-1.070434723477426, 1.5548173845249749, 0.76234839908168], "Sigma": [[0.056869032046982584, 0.030624241872583675, -0.1047753578746055], [0.030624241872583675, 0.021095317707799648, -0.05565929623453132], [-0.1047753578746055, -0.05565929623453132, 0.2602103238380457]], "chi2_level": 0.997, "chi2_df": 3, "chi2_threshold": 13.931422665512084, "N_raw": 40, "N_roi": 40, "N_inlier": 40, "refit": true}
{"timestamp": "15:48:32.223214", "frame": 71, "mu": [-1.1305369856591474, 1.7327164184632307, -0.4173859788057481], "Sigma": [[0.007418984227474503, 5.809579257443748e-05, -0.009317814298396506], [5.8095792574437265e-05, 0.011200615958162576, -0.04046982741372676], [-0.009317814298396506, -0.04046982741372676, 0.18468933182423306]], "chi2_level": 0.997, "chi2_df": 3, "chi2_threshold": 13.931422665512084, "N_raw": 44, "N_roi": 44, "N_inlier": 41, "refit": true}
{"timestamp": "15:48:32.279567", "frame": 72, "mu": [-1.2507957023700012, 1.503727491462695, 1.2315053342939688], "Sigma": [[0.0692674621292629, 0.029972347036317133, -0.09445432962964447], [0.029972347036317133, 0.022757354055870822, -0.01387470554156092], [-0.09445432962964448, -0.01387470554156092, 0.26660932397317766]], "chi2_level": 0.997, "chi2_df": 3, "chi2_threshold": 13.931422665512084, "N_raw": 54, "N_roi": 54, "N_inlier": 54, "refit": true}
{"timestamp": "15:48:32.332264", "frame": 73, "mu": [-1.129366276140978, 1.5880888846090886, 0.5199580530221637], "Sigma": [[0.0407390743090761, 0.014189833507593902, -0.07990869951537513], [0.014189833507593902, 0.009780434423137961, -0.016130584134720346], [-0.07990869951537513, -0.016130584134720342, 0.34152587652431254]], "chi2_level": 0.997, "chi2_df": 3, "chi2_threshold": 13.931422665512084, "N_raw": 38, "N_roi": 38, "N_inlier": 38, "refit": true}
{"timestamp": "15:48:32.386597", "frame": 74, "mu": [-1.1558735464080983, 2.0782290898097147, -1.0033211284321557], "Sigma": [[0.004604517363723948, -0.0001298815289868194, -0.0020092156272991575], [-0.0001298815289868195, 0.024447831747543083, -0.057024317709595665], [-0.0020092156272991575, -0.057024317709595665, 0.16509346276893935]], "chi2_level": 0.997, "chi2_df": 3, "chi2_threshold": 13.931422665512084, "N_raw": 33, "N_roi": 33, "N_inlier": 33, "refit": true}
{"timestamp": "15:48:32.448615", "frame": 75, "mu": [-1.2202702213768715, 1.7133723879418172, 1.3067962342348074], "Sigma": [[0.05151894734916874, 0.03345520419552896, -0.057843907204952215], [0.03345520419552897, 0.02649606618411105, -0.0492015214986888], [-0.05784390720495222, -0.0492015214986888, 0.1724405242954513]], "chi2_level": 0.997, "chi2_df": 3, "chi2_threshold": 13.931422665512084, "N_raw": 85, "N_roi": 85, "N_inlier": 85, "refit": true}
{"timestamp": "15:48:32.501865", "frame": 76, "mu": [-1.1706588829570264, 1.887754853624335, -0.19820076231411196], "Sigma": [[0.006128053296712203, 0.0028596011282882115, -0.003298843047444527], [0.002859601128288212, 0.012073729297297948, -0.011851468757484572], [-0.003298843047444527, -0.011851468757484569, 0.02190784908806409]], "chi2_level": 0.997, "chi2_df": 3, "chi2_threshold": 13.931422665512084, "N_raw": 71, "N_roi": 71, "N_inlier": 67, "refit": true}
{"timestamp": "15:48:32.608048", "frame": 78, "mu": [-1.3384354016093043, 1.9747870580748121, -0.11993447196590157], "Sigma": [[0.006143743719410622, 0.0038458703685473545, -0.004058954790709651], [0.0038458703685473545, 0.006706842268704663, -0.011396315790379374], [-0.0040589547907096514, -0.011396315790379374, 0.03391571812158539]], "chi2_level": 0.997, "chi2_df": 3, "chi2_threshold": 13.931422665512084, "N_raw": 39, "N_roi": 39, "N_inlier": 36, "refit": true}
{"timestamp": "15:48:32.716364", "frame": 80, "mu": [-1.3445082892902283, 2.049353472201778, -0.17597263312289668], "Sigma": [[0.005589605592629421, 0.0017025027653162664, -0.004756385337236374], [0.0017025027653162668, 0.004756958355405641, -0.0061215562738888745], [-0.004756385337236374, -0.0061215562738888745, 0.01515167627150859]], "chi2_level": 0.997, "chi2_df": 3, "chi2_threshold": 13.931422665512084, "N_raw": 33, "N_roi": 33, "N_inlier": 32, "refit": true}
{"timestamp": "15:48:32.775490", "frame": 81, "mu": [-1.33309820797382, 2.092483815446132, -0.19809073014848744], "Sigma": [[0.010477223564379676, 0.0018787319322330805, 0.0018531561932881723], [0.0018787319322330807, 0.00460455323265683, -0.007495856878108616], [0.001853156193288172, -0.007495856878108616, 0.021608319206945677]], "chi2_level": 0.997, "chi2_df": 3, "chi2_threshold": 13.931422665512084, "N_raw": 53, "N_roi": 53, "N_inlier": 51, "refit": true}
{"timestamp": "15:48:32.832572", "frame": 82, "mu": [-1.3297223968986562, 2.0626342069491987, -0.5683496702412676], "Sigma": [[0.010119303120056851, 0.005665906788815383, 0.01829757125383752], [0.005665906788815383, 0.012956639400757286, 0.014420786787412423], [0.01829757125383752, 0.014420786787412421, 0.07168303628624512]], "chi2_level": 0.997, "chi2_df": 3, "chi2_threshold": 13.931422665512084, "N_raw": 64, "N_roi": 64, "N_inlier": 60, "refit": true}
{"timestamp": "15:48:32.882056", "frame": 83, "mu": [-1.3823605113911335, 2.1700060807977133, -0.510522063907582], "Sigma": [[0.009189219015726112, 0.006211768365619281, -0.01697445965760694], [0.006211768365619281, 0.008563354469725153, -0.02261791607928801], [-0.01697445965760694, -0.02261791607928801, 0.09461254669263328]], "chi2_level": 0.997, "chi2_df": 3, "chi2_threshold": 13.931422665512084, "N_raw": 33, "N_roi": 33, "N_inlier": 32, "refit": true}
{"timestamp": "15:48:32.936443", "frame": 84, "mu": [-1.3870249452577632, 2.0590689597187337, 1.087497277147666], "Sigma": [[0.005953192883256347, 0.0012796515547423624, -0.0022111183019088007], [0.0012796515547423624, 0.00208684345955153, -0.0034878748967128973], [-0.0022111183019088007, -0.0034878748967128973, 0.007906380116943309]], "chi2_level": 0.997, "chi2_df": 3, "chi2_threshold": 13.931422665512084, "N_raw": 33, "N_roi": 33, "N_inlier": 31, "refit": true}
{"timestamp": "15:48:32.991566", "frame": 85, "mu": [-1.3167087467371874, 2.13184461224247, 1.189061042791298], "Sigma": [[0.005331199191676065, 0.0002977222969852302, -0.0028339331600025835], [0.0002977222969852302, 0.0009666808233949252, -0.002932793766616967], [-0.0028339331600025835, -0.002932793766616967, 0.027753455635992928]], "chi2_level": 0.997, "chi2_df": 3, "chi2_threshold": 13.931422665512084, "N_raw": 34, "N_roi": 34, "N_inlier": 31, "refit": true}
{"timestamp": "15:48:33.106746", "frame": 87, "mu": [-1.3323494900037776, 2.181368413512325, 1.2286051479795441], "Sigma": [[0.012555189737140086, 0.0007371620483903967, 0.01036802235540776], [0.0007371620483903967, 0.00549060294705032, -0.009275988982625306], [0.01036802235540776, -0.009275988982625306, 0.11358191914246585]], "chi2_level": 0.997, "chi2_df": 3, "chi2_threshold": 13.931422665512084, "N_raw": 67, "N_roi": 67, "N_inlier": 66, "refit": true}
{"timestamp": "15:48:33.159385", "frame": 88, "mu": [-1.3655392338116705, 2.230860200057413, 1.2731875909594976], "Sigma": [[0.008027031591385868, 0.0017042634184251885, -0.006513457346946285], [0.0017042634184251885, 0.004533252320783061, -0.010508606279856865], [-0.0065134573469462845, -0.010508606279856864, 0.06940239543180152]], "chi2_level": 0.997, "chi2_df": 3, "chi2_threshold": 13.931422665512084, "N_raw": 54, "N_roi": 54, "N_inlier": 52, "refit": true}
{"timestamp": "15:48:33.211707", "frame": 89, "mu": [-1.3161321131362926, 2.2825068113030627, -0.026074761047764815], "Sigma": [[0.009757829286524806, 0.0026142223694060295, -0.004817189039932959], [0.0026142223694060295, 0.003460930395722448, -0.001834622582357379], [-0.004817189039932959, -0.001834622582357379, 0.002910117299299757]], "chi2_level": 0.997, "chi2_df": 3, "chi2_threshold": 13.931422665512084, "N_raw": 31, "N_roi": 31, "N_inlier": 28, "refit": true}
{"timestamp": "15:48:33.265249", "frame": 90, "mu": [-1.306430391552595, 2.3414209737957226, -0.38014503443597075], "Sigma": [[0.00829400976568711, 0.003943599740240192, 0.014543153192575858], [0.003943599740240192, 0.008629592417468315, 0.016505292362210062], [0.01454315319257586, 0.016505292362210062, 0.06015535311613267]], "chi2_level": 0.997, "chi2_df": 3, "chi2_threshold": 13.931422665512084, "N_raw": 30, "N_roi": 30, "N_inlier": 30, "refit": true}
