{"timestamp": "15:46:26.097962", "frame": 17, "mu": [1.8777543895994884, 1.3603457846629192, 1.2621651381697492], "Sigma": [[0.002819212379084079, -0.0048641514448317606, 2.4829965946398256e-05], [-0.004864151444831761, 0.014016433529970597, -0.003686172488450312], [2.482996594639823e-05, -0.003686172488450312, 0.0034061240839292845]], "chi2_level": 0.997, "chi2_df": 3, "chi2_threshold": 13.931422665512084, "N_raw": 16, "N_roi": 16, "N_inlier": 15, "refit": true}
{"timestamp": "15:46:26.264141", "frame": 20, "mu": [1.8498469772883317, 1.3854719240011992, 1.2294676709200318], "Sigma": [[0.005406363160938872, -0.006163295377488479, 0.0029108112973274336], [-0.006163295377488479, 0.009432725927723347, -0.003839783583622335], [0.0029108112973274336, -0.0038397835836223347, 0.014560264589593459]], "chi2_level": 0.997, "chi2_df": 3, "chi2_threshold": 13.931422665512084, "N_raw": 21, "N_roi": 21, "N_inlier": 21, "refit": true}
{"timestamp": "15:46:26.377729", "frame": 22, "mu": [1.9070240679482457, 1.2513470590059435, 1.2298846805272747], "Sigma": [[0.004550456625206209, -0.0034708833472037763, -0.0003667303448172463], [-0.0034708833472037763, 0.008120865767730771, -0.0024437195456490377], [-0.00036673034481724643, -0.0024437195456490377, 0.0025705347810690547]], "chi2_level": 0.997, "chi2_df": 3, "chi2_threshold": 13.931422665512084, "N_raw": 27, "N_roi": 27, "N_inlier": 26, "refit": true}
{"timestamp": "15:46:26.488112", "frame": 24, "mu": [1.8635875076875321, 1.42018633182776, -0.3500839526665477], "Sigma": [[0.00607894215637801, -0.0008011720542286194, -0.0034708673803869198], [-0.0008011720542286193, 0.007035228781644355, 0.001652445696870946], [-0.0034708673803869198, 0.0016524456968709464, 0.007460878599946783]], "chi2_level": 0.997, "chi2_df": 3, "chi2_threshold": 13.931422665512084, "N_raw": 31, "N_roi": 31, "N_inlier": 30, "refit": true}
{"timestamp": "15:46:26.597319", "frame": 26, "mu": [1.8507751608866436, 1.367964334592949, -0.39264269513389094], "Sigma": [[0.005880734821525401, -0.002269750791673465, -0.0022966761427940107], [-0.0022697507916734656, 0.006691881210570548, -0.0008795358933984805], [-0.0022966761427940107, -0.0008795358933984806, 0.0027980291623708542]], "chi2_level": 0.997, "chi2_df": 3, "chi2_threshold": 13.931422665512084, "N_raw": 27, "N_roi": 27, "N_inlier": 26, "refit": true}
{"timestamp": "15:46:26.655306", "frame": 27, "mu": [1.7546040526044426, 1.5293149408051914, -0.5472749774005077], "Sigma": [[0.006784672848857129, -0.006190680430297212, 0.0017101418364998], [-0.0061906804302972115, 0.012600710098629649, -0.012912342362450889], [0.0017101418364997996, -0.012912342362450889, 0.02871124065225058]], "chi2_level": 0.997, "chi2_df": 3, "chi2_threshold": 13.931422665512084, "N_raw": 45, "N_roi": 45, "N_inlier": 45, "refit": true}
{"timestamp": "15:46:26.707397", "frame": 28, "mu": [1.8701777148057908, 1.1234019688648056, 1.156795317734568], "Sigma": [[0.004491758411568013, -0.002494673663739239, -0.0008729166545472372], [-0.0024946736637392396, 0.006237197803063488, -0.004043937717564929], [-0.000872916654547237, -0.0040439377175649285, 0.017096729790268484]], "chi2_level": 0.997, "chi2_df": 3, "chi2_threshold": 13.931422665512084, "N_raw": 21, "N_roi": 21, "N_inlier": 21, "refit": true}
{"timestamp": "15:46:26.760966", "frame": 29, "mu": [1.794760798923864, 1.19798689111044, 1.2223817103216996], "Sigma": [[0.005181011469110526, -0.001958060999688304, 0.001059447969180845], [-0.001958060999688304, 0.003828978045074059, -0.006178563838669288], [0.0010594479691808448, -0.006178563838669288, 0.022534971558083105]], "chi2_level": 0.997, "chi2_df": 3, "chi2_threshold": 13.931422665512084, "N_raw": 17, "N_roi": 17, "N_inlier": 17, "refit": true}
{"timestamp": "15:46:26.870280", "frame": 31, "mu": [1.6181778065274512, 1.4484176035229601, -0.5561010351571659], "Sigma": [[0.003645498393681652, -0.0013527866755658215, -0.006474509163086797], [-0.0013527866755658215, 0.021965114123834024, -0.02261384976804256], [-0.006474509163086797, -0.02261384976804256, 0.045625755098849224]], "chi2_level": 0.997, "chi2_df": 3, "chi2_threshold": 13.931422665512084, "N_raw": 12, "N_roi": 12, "N_inlier": 12, "refit": true}
{"timestamp": "15:46:26.982756", "frame": 33, "mu": [1.681858853829526, 1.043399366116866, 1.1506039550793206], "Sigma": [[0.004684496025587232, -0.002810747920565562, -0.00022737580826219685], [-0.0028107479205655623, 0.006581547281721389, -0.002008013535579722], [-0.00022737580826219682, -0.0020080135355797215, 0.0010043908625562057]], "chi2_level": 0.997, "chi2_df": 3, "chi2_threshold": 13.931422665512084, "N_raw": 28, "N_roi": 28, "N_inlier": 27, "refit": true}
{"timestamp": "15:46:27.036562", "frame": 34, "mu": [1.6372222642256504, 1.1006857562206172, 1.2504133921856657], "Sigma": [[0.0033848284171905493, -0.002047112854095849, -0.0008273107309978995], [-0.002047112854095849, 0.005793271648625728, -0.0004028206967059764], [-0.0008273107309978997, -0.0004028206967059764, 0.0010724169575038515]], "chi2_level": 0.997, "chi2_df": 3, "chi2_threshold": 13.931422665512084, "N_raw": 21, "N_roi": 21, "N_inlier": 19, "refit": true}
{"timestamp": "15:46:27.093165", "frame": 35, "mu": [1.6970523855547557, 0.94116469675997, 1.2418432063242448], "Sigma": [[0.004778865425911859, -0.0017826002722193548, 0.0010898264015722875], [-0.0017826002722193548, 0.006822708588721135, -0.0005528265171146605], [0.001089826401572288, -0.0005528265171146605, 0.002278311218576181]], "chi2_level": 0.997, "chi2_df": 3, "chi2_threshold": 13.931422665512084, "N_raw": 26, "N_roi": 26, "N_inlier": 25, "refit": true}
{"timestamp": "15:46:27.150792", "frame": 36, "mu": [1.5940953717227515, 0.9787976485778329, 1.2225330686835605], "Sigma": [[0.006255838374367029, -0.003554391009887911, -0.005452642985562789], [-0.0035543910098879113, 0.005823291895784287, -0.001989671608581571], [-0.005452642985562788, -0.001989671608581571, 0.014428635522388763]], "chi2_level": 0.997, "chi2_df": 3, "chi2_threshold": 13.931422665512084, "N_raw": 48, "N_roi": 48, "N_inlier": 46, "refit": true}
{"timestamp": "15:46:27.201532", "frame": 37, "mu": [1.5147471628191325, 1.0336306136639404, 0.9912844167740539], "Sigma": [[0.0017632821994119044, -0.0005072188485749507, 0.0036133441679036347], [-0.0005072188485749508, 0.003128113083022149, -0.009343350396839208], [0.0036133441679036347, -0.00934335039683921, 0.08260087105017971]], "chi2_level": 0.997, "chi2_df": 3, "chi2_threshold": 13.931422665512084, "N_raw": 12, "N_roi": 12, "N_inlier": 12, "refit": true}
{"timestamp": "15:46:27.255501", "frame": 38, "mu": [1.5631480967633253, 0.9419285559549933, 1.1536643104472657], "Sigma": [[0.006957247392393081, -0.004852261916890546, 0.000285758269533858], [-0.004852261916890545, 0.00885675381559685, -0.015110087590335546], [0.0002857582695338576, -0.015110087590335544, 0.04667978186342834]], "chi2_level": 0.997, "chi2_df": 3, "chi2_threshold": 13.931422665512084, "N_raw": 14, "N_roi": 14, "N_inlier": 13, "refit": true}
{"timestamp": "15:46:27.319466", "frame": 39, "mu": [1.481313243965069, 1.2569930811268928, -0.6538291762500641], "Sigma": [[0.01275445139852825, -0.023207753681890937, 0.005310833853498097], [-0.023207753681890937, 0.0647170161370226, -0.03020113353402546], [0.005310833853498097, -0.030201133534025464, 0.027942540882764]], "chi2_level": 0.997, "chi2_df": 3, "chi2_threshold": 13.931422665512084, "N_raw": 67, "N_roi": 67, "N_inlier": 66, "refit": true}
{"timestamp": "15:46:27.422917", "frame": 41, "mu": [1.4479349642336807, 0.9679177633612016, 1.0487842960095017], "Sigma": [[0.006269696625222845, -0.007187182247100578, 0.01409017774394567], [-0.007187182247100578, 0.012475968389565764, -0.023293944993325422], [0.01409017774394567, -0.023293944993325422, 0.054442838685006406]], "chi2_level": 0.997, "chi2_df": 3, "chi2_threshold": 13.931422665512084, "N_raw": 38, "N_roi": 38, "N_inlier": 38, "refit": true}
{"timestamp": "15:46:27.476325", "frame": 42, "mu": [1.3811814900225632, 0.9426487086280322, 1.173750099441924], "Sigma": [[0.003218493990038947, -0.001484932618268786, -0.003968978949473723], [-0.0014849326182687862, 0.0036895752946864944, -0.004261787588060947], [-0.003968978949473723, -0.004261787588060946, 0.02724458856833733]], "chi2_level": 0.997, "chi2_df": 3, "chi2_threshold": 13.931422665512084, "N_raw": 17, "N_roi": 17, "N_inlier": 17, "refit": true}
{"timestamp": "15:46:27.531414", "frame": 43, "mu": [1.3647659537888062, 0.9460916359930422, 0.9852752504377302], "Sigma": [[0.004550211118310177, -0.005330550463327735, 0.0009388971066542394], [-0.005330550463327735, 0.017701191545658974, -0.026778500642391942], [0.000938897106654239, -0.026778500642391945, 0.06901140034959799]], "chi2_level": 0.997, "chi2_df": 3, "chi2_threshold": 13.931422665512084, "N_raw": 19, "N_roi": 19, "N_inlier": 19, "refit": true}
{"timestamp": "15:46:27.586864", "frame": 44, "mu": [1.2983512814645282, 0.9581083069154421, 1.085850563070223], "Sigma": [[0.00257465143235293, -0.0013965286091283371, -0.0076184010225940745], [-0.0013965286091283374, 0.008849134926282936, -0.016090254137987307], [-0.0076184010225940745, -0.01609025413798731, 0.08704925539302089]], "chi2_level": 0.997, "chi2_df": 3, "chi2_threshold": 13.931422665512084, "N_raw": 28, "N_roi": 28, "N_inlier": 28, "refit": true}
{"timestamp": "15:46:27.644363", "frame": 45, "mu": [1.3023428602911176, 1.0259170188235895, -0.5330994632834875], "Sigma": [[0.006853328135021765, -0.0033403284596398596, -0.007494686082860834], [-0.0033403284596398596, 0.006903274274287657, -0.0012679968078316904], [-0.007494686082860834, -0.0012679968078316895, 0.01621232002049241]], "chi2_level": 0.997, "chi2_df": 3, "chi2_threshold": 13.931422665512084, "N_raw": 43, "N_roi": 43, "N_inlier": 42, "refit": true}
{"timestamp": "15:46:27.697461", "frame": 46, "mu": [1.2401294834163628, 0.8891491391460488, 1.2233263547607685], "Sigma": [[0.004062408232532866, -0.002553612745381669, -0.0038616114947224826], [-0.002553612745381669, 0.005345343045932008, -0.0010433103905998639], [-0.0038616114947224826, -0.0010433103905998639, 0.007886894168929277]], "chi2_level": 0.997, "chi2_df": 3, "chi2_threshold": 13.931422665512084, "N_raw": 25, "N_roi": 25, "N_inlier": 23, "refit": true}
{"timestamp": "15:46:27.751135", "frame": 47, "mu": [1.2209690447608152, 0.8072082711049969, 0.9669037701833254], "Sigma": [[0.0036246319026087973, -0.001946191605931171, -0.006841298776655475], [-0.001946191605931171, 0.0018233415289731017, 0.0008529619678522885], [-0.006841298776655474, 0.0008529619678522885, 0.045466365880859054]], "chi2_level": 0.997, "chi2_df": 3, "chi2_threshold": 13.931422665512084, "N_raw": 20, "N_roi": 20, "N_inlier": 20, "refit": true}
{"timestamp": "15:46:27.809007", "frame": 48, "mu": [1.153306087961813, 0.9914588242368115, -0.4509131309350146], "Sigma": [[0.011670201466870065, -0.007194718959916399, -0.013155757959835474], [-0.007194718959916399, 0.006355985960125112, 0.006302116941531148], [-0.013155757959835474, 0.006302116941531148, 0.017548043628482342]], "chi2_level": 0.997, "chi2_df": 3, "chi2_threshold": 13.931422665512084, "N_raw": 45, "N_roi": 45, "N_inlier": 43, "refit": true}
{"timestamp": "15:46:27.862743", "frame": 49, "mu": [1.062789975168814, 0.9059404595651566, 1.3410236567829685], "Sigma": [[0.0030534284538808847, -0.0014697158942028282, -0.006278058280790183], [-0.0014697158942028284, 0.0028137489890148197, 0.001558210218878718], [-0.006278058280790183, 0.001558210218878718, 0.04798589207356789]], "chi2_level": 0.997, "chi2_df": 3, "chi2_threshold": 13.931422665512084, "N_raw": 31, "N_roi": 31, "N_inlier": 31, "refit": true}
{"timestamp": "15:46:27.922462", "frame": 50, "mu": [1.0278178551547543, 0.8845979617788395, 1.347999932896544], "Sigma": [[0.0059884441828935335, -0.003068757852751622, -0.006396680759089023], [-0.003068757852751622, 0.004061496501675964, 0.000546218824366523], [-0.006396680759089023, 0.0005462188243665228, 0.016008325596742375]], "chi2_level": 0.997, "chi2_df": 3, "chi2_threshold": 13.931422665512084, "N_raw": 61, "N_roi": 61, "N_inlier": 59, "refit": true}
{"timestamp": "15:46:27.975777", "frame": 51, "mu": [0.9885725125507263, 0.8692603713253714, 1.2565504494214652], "Sigma": [[0.004991714198864603, -0.003012157143006437, -0.010659082516272147], [-0.0030121571430064367, 0.002953443853607376, 0.007394005612610448], [-0.010659082516272147, 0.007394005612610448, 0.04059854758809236]], "chi2_level": 0.997, "chi2_df": 3, "chi2_threshold": 13.931422665512084, "N_raw": 46, "N_roi": 46, "N_inlier": 45, "refit": true}
{"timestamp": "15:46:28.032777", "frame": 52, "mu": [0.9500005120653366, 1.0284072119388146, -0.4479823223104086], "Sigma": [[0.0076332598890341665, -0.00157254438186064, -0.014511660632133248], [-0.0015725443818606403, 0.00373010574865949, 0.0008564023714455687], [-0.014511660632133251, 0.0008564023714455686, 0.03664261874044192]], "chi2_level": 0.997, "chi2_df": 3, "chi2_threshold": 13.931422665512084, "N_raw": 62, "N_roi": 62, "N_inlier": 62, "refit": true}
{"timestamp": "15:46:28.083783", "frame": 53, "mu": [1.039232224097422, 0.8086079243218495, 1.2581385111126662], "Sigma": [[0.002837455883021172, -0.0017052354746918904, -0.0017259691046494865], [-0.0017052354746918904, 0.0024761979088990553, -0.002445678783086607], [-0.0017259691046494865, -0.002445678783086607, 0.010840515669853681]], "chi2_level": 0.997, "chi2_df": 3, "chi2_threshold": 13.931422665512084, "N_raw": 33, "N_roi": 33, "N_inlier": 30, "refit": true}
{"timestamp": "15:46:28.140448", "frame": 54, "mu": [0.8521786104050548, 0.8729451376469572, -0.586231637664288], "Sigma": [[0.005393398844185648, -0.0014856248425151983, -0.003898861873575232], [-0.0014856248425151983, 0.002673765952912398, -0.00037826042025057176], [-0.003898861873575232, -0.0003782604202505717, 0.004185282363289367]], "chi2_level": 0.997, "chi2_df": 3, "chi2_threshold": 13.931422665512084, "N_raw": 49, "N_roi": 49, "N_inlier": 48, "refit": true}
{"timestamp": "15:46:28.192735", "frame": 55, "mu": [0.8490246634079394, 0.8402626360905389, 1.2769618495026336], "Sigma": [[0.00600240034739514, -0.0016441448164720763, -0.01586714190258839], [-0.0016441448164720763, 0.0011506689664227525, 0.002192858274261045], [-0.01586714190258839, 0.0021928582742610447, 0.059775439588509074]], "chi2_level": 0.997, "chi2_df": 3, "chi2_threshold": 13.931422665512084, "N_raw": 27, "N_roi": 26, "N_inlier": 25, "refit": true}
{"timestamp": "15:46:28.247140", "frame": 56, "mu": [0.7666743824244897, 0.834392052990266, 1.4277087340623267], "Sigma": [[0.004675370275608465, -0.0016830601623441862, -0.006858160646628171], [-0.0016830601623441862, 0.0032518257215906903, 0.003486464088899916], [-0.00685816064662817, 0.003486464088899916, 0.015159007642634061]], "chi2_level": 0.997, "chi2_df": 3, "chi2_threshold": 13.931422665512084, "N_raw": 32, "N_roi": 32, "N_inlier": 31, "refit": true}
{"timestamp": "15:46:28.300807", "frame": 57, "mu": [0.8227402408162044, 0.6938484884495387, 1.0609573886995418], "Sigma": [[0.004364918777756201, -0.0033752897529994953, -0.013469662051379934], [-0.0033752897529994953, 0.011982451527033304, 0.03376988492082194], [-0.013469662051379934, 0.03376988492082194, 0.10410266034675465]], "chi2_level": 0.997, "chi2_df": 3, "chi2_threshold": 13.931422665512084, "N_raw": 14, "N_roi": 14, "N_inlier": 12, "refit": true}
{"timestamp": "15:46:28.358399", "frame": 58, "mu": [0.6731817532331009, 0.8226026858233746, 1.43848500734522], "Sigma": [[0.0021812645436024188, -0.00044889542264639265, -0.001005993767181655], [-0.00044889542264639265, 0.003465655592568009, -0.0007477926034916203], [-0.0010059937671816552, -0.0007477926034916203, 0.000872837192071283]], "chi2_level": 0.997, "chi2_df": 3, "chi2_threshold": 13.931422665512084, "N_raw": 37, "N_roi": 37, "N_inlier": 36, "refit": true}
{"timestamp": "15:46:28.416621", "frame": 59, "mu": [0.654260811243988, 0.778271544246732, 1.4070514714006255], "Sigma": [[0.0028808108882624837, 4.573167777935346e-05, -0.0030879221160025013], [4.5731677779353434e-05, 0.0031618633379804765, -0.001111102010005915], [-0.0030879221160025013, -0.0011111020100059146, 0.013798329706213199]], "chi2_level": 0.997, "chi2_df": 3, "chi2_threshold": 13.931422665512084, "N_raw": 56, "N_roi": 56, "N_inlier": 54, "refit": true}
{"timestamp": "15:46:28.473740", "frame": 60, "mu": [0.631843820642137, 0.7411448883551656, 1.3111520321493904], "Sigma": [[0.003759097978723968, -0.0011251761237551206, -0.010339376880782212], [-0.0011251761237551206, 0.004337187507402133, 0.006410289093506636], [-0.010339376880782212, 0.006410289093506636, 0.08488899618629722]], "chi2_level": 0.997, "chi2_df": 3, "chi2_threshold": 13.931422665512084, "N_raw": 71, "N_roi": 71, "N_inlier": 71, "refit": true}
{"timestamp": "15:46:28.529725", "frame": 61, "mu": [0.6143823114884599, 0.7123559199700414, 1.2929503139438847], "Sigma": [[0.003801625626477757, -0.00017920240651355608, -0.002840406245758117], [-0.00017920240651355608, 0.0029022818241740732, 0.00552446927983309], [-0.0028404062457581176, 0.00552446927983309, 0.07315696816923403]], "chi2_level": 0.997, "chi2_df": 3, "chi2_threshold": 13.931422665512084, "N_raw": 78, "N_roi": 78, "N_inlier": 77, "refit": true}
{"timestamp": "15:46:28.583156", "frame": 62, "mu": [0.5769583985791716, 0.710936603698044, 1.3755324726821938], "Sigma": [[0.004358790302501011, -0.0019855300711157124, -0.005855201783768121], [-0.0019855300711157124, 0.0018844268697343833, 0.0023464333092443066], [-0.005855201783768121, 0.0023464333092443066, 0.0173606762629359]], "chi2_level": 0.997, "chi2_df": 3, "chi2_threshold": 13.931422665512084, "N_raw": 52, "N_roi": 52, "N_inlier": 50, "refit": true}
{"timestamp": "15:46:28.636251", "frame": 63, "mu": [0.5512475912781876, 0.6961348604660363, 1.3705197149655712], "Sigma": [[0.0026384475319166005, -0.0005534499003631525, -0.004541654162603397], [-0.0005534499003631524, 0.001505698433098306, 0.002418122796432632], [-0.004541654162603398, 0.002418122796432632, 0.06442426715014002]], "chi2_level": 0.997, "chi2_df": 3, "chi2_threshold": 13.931422665512084, "N_raw": 46, "N_roi": 45, "N_inlier": 42, "refit": true}
{"timestamp": "15:46:28.689652", "frame": 64, "mu": [0.4901181708632937, 0.7315061228136526, 1.4336509031684965], "Sigma": [[0.002490459086174713, 0.00013999330456428925, -0.0017895910402421886], [0.0001399933045642892, 0.0013070650536008736, 0.0005581593294854764], [-0.0017895910402421888, 0.0005581593294854764, 0.023176118215679588]], "chi2_level": 0.997, "chi2_df": 3, "chi2_threshold": 13.931422665512084, "N_raw": 42, "N_roi": 42, "N_inlier": 40, "refit": true}
{"timestamp": "15:46:28.744540", "frame": 65, "mu": [0.526560249808107, 0.6850818925146744, 1.2558542823745045], "Sigma": [[0.0013259471395608007, -0.00019184051203515896, -0.001390521181909024], [-0.00019184051203515896, 0.000884174866442487, 0.0005323828628935591], [-0.001390521181909024, 0.0005323828628935593, 0.015012983757660076]], "chi2_level": 0.997, "chi2_df": 3, "chi2_threshold": 13.931422665512084, "N_raw": 42, "N_roi": 42, "N_inlier": 40, "refit": true}
{"timestamp": "15:46:28.797429", "frame": 66, "mu": [0.4232185780917683, 0.7184175624413606, 1.3325495856905818], "Sigma": [[0.001146325370896095, 0.0006098390468976454, 0.0006650442717378199], [0.0006098390468976453, 0.0008331739947607627, -0.0001569749650993245], [0.00066504427173782, -0.0001569749650993246, 0.03853593400898275]], "chi2_level": 0.997, "chi2_df": 3, "chi2_threshold": 13.931422665512084, "N_raw": 28, "N_roi": 28, "N_inlier": 26, "refit": true}
{"timestamp": "15:46:28.853209", "frame": 67, "mu": [0.305253308703541, 0.7674917313313548, 1.4570614718834805], "Sigma": [[0.0025668022353203925, -0.0007918260828881406, -0.0032009623649180688], [-0.0007918260828881406, 0.0016235247088739323, -0.0004546298106930887], [-0.0032009623649180688, -0.0004546298106930887, 0.007465406911303372]], "chi2_level": 0.997, "chi2_df": 3, "chi2_threshold": 13.931422665512084, "N_raw": 38, "N_roi": 38, "N_inlier": 34, "refit": true}
{"timestamp": "15:46:28.913788", "frame": 68, "mu": [0.34166925691138794, 0.7122937455579477, 1.3884255799757128], "Sigma": [[0.0041256826581729375, -0.0005299173389506787, -0.0049018707233226665], [-0.0005299173389506787, 0.0014840906586009088, -0.0009649219549036031], [-0.0049018707233226665, -0.0009649219549036031, 0.008449981504452293]], "chi2_level": 0.997, "chi2_df": 3, "chi2_threshold": 13.931422665512084, "N_raw": 72, "N_roi": 72, "N_inlier": 72, "refit": true}
{"timestamp": "15:46:28.961495", "frame": 69, "mu": [0.3585762202825827, 0.698565076695994, 1.015234021627177], "Sigma": [[0.005668990500503357, 0.0035743802383009947, 0.029615507010290566], [0.0035743802383009947, 0.004166310926817496, 0.025956517771572006], [0.029615507010290566, 0.02595651777157201, 0.22423005757150202]], "chi2_level": 0.997, "chi2_df": 3, "chi2_threshold": 13.931422665512084, "N_raw": 16, "N_roi": 16, "N_inlier": 16, "refit": true}
{"timestamp": "15:46:29.022294", "frame": 70, "mu": [0.2593267319392086, 0.741874918370507, 1.4246394014406079], "Sigma": [[0.0026705180499423924, 0.0005362053110812813, -0.0020750380771608406], [0.0005362053110812811, 0.001760507912331556, -0.0018412735389850116], [-0.0020750380771608406, -0.0018412735389850118, 0.008588867397568542]], "chi2_level": 0.997, "chi2_df": 3, "chi2_threshold": 13.931422665512084, "N_raw": 67, "N_roi": 67, "N_inlier": 64, "refit": true}
{"timestamp": "15:46:29.076212", "frame": 71, "mu": [0.2093166636496622, 0.6952508907661248, 1.4111505411587335], "Sigma": [[0.0012741264652377446, -0.0008472470269176819, -0.002518697365697662], [-0.000847247026917682, 0.005931674850743765, 0.009214209608955541], [-0.002518697365697662, 0.009214209608955543, 0.02583214514214871]], "chi2_level": 0.997, "chi2_df": 3, "chi2_threshold": 13.931422665512084, "N_raw": 50, "N_roi": 50, "N_inlier": 48, "refit": true}
{"timestamp": "15:46:29.132881", "frame": 72, "mu": [0.15975606317059915, 0.7188559687788432, 1.2123604626546343], "Sigma": [[0.0015767980934000448, 0.000752676239157615, 0.006530577434220683], [0.0007526762391576151, 0.003043684632547654, 0.010647567322754284], [0.006530577434220683, 0.010647567322754284, 0.09054550336136427]], "chi2_level": 0.997, "chi2_df": 3, "chi2_threshold": 13.931422665512084, "N_raw": 62, "N_roi": 61, "N_inlier": 61, "refit": true}
{"timestamp": "15:46:29.187902", "frame": 73, "mu": [0.1550624183466254, 0.7030742738439807, 1.3528255934781022], "Sigma": [[0.0024213333463805296, -0.0011701135211694027, -0.0038166866755826377], [-0.0011701135211694027, 0.0031570565138215835, 0.00025812647592387986], [-0.003816686675582638, 0.00025812647592387975, 0.009795084031880466]], "chi2_level": 0.997, "chi2_df": 3, "chi2_threshold": 13.931422665512084, "N_raw": 68, "N_roi": 68, "N_inlier": 66, "refit": true}
{"timestamp": "15:46:29.242811", "frame": 74, "mu": [0.07672086741771764, 0.7564433905109853, 1.3488039806740735], "Sigma": [[0.0022964678309755314, -7.615002175880618e-06, -0.0033320180786543365], [-7.615002175880631e-06, 0.0026999249718897035, -0.002030594720918248], [-0.0033320180786543365, -0.002030594720918248, 0.00736475550471064]], "chi2_level": 0.997, "chi2_df": 3, "chi2_threshold": 13.931422665512084, "N_raw": 65, "N_roi": 65, "N_inlier": 65, "refit": true}
{"timestamp": "15:46:29.351126", "frame": 76, "mu": [0.031804612208007184, 0.7060471823932236, 1.3229727570130914], "Sigma": [[0.001820756459060334, -0.0005445564563259768, -0.0021152136673138373], [-0.0005445564563259768, 0.0002966144210221095, 8.726137126955597e-05], [-0.0021152136673138373, 8.726137126955597e-05, 0.010501103610427706]], "chi2_level": 0.997, "chi2_df": 3, "chi2_threshold": 13.931422665512084, "N_raw": 57, "N_roi": 57, "N_inlier": 57, "refit": true}
{"timestamp": "15:46:29.403603", "frame": 77, "mu": [-0.004219875910578211, 0.7751873898867561, 1.4673442616198231], "Sigma": [[0.0011665446688707423, -0.00013732538586403955, 9.794398539370567e-05], [-0.00013732538586403955, 0.0015664091259651428, -0.0010739022040701296], [9.794398539370567e-05, -0.0010739022040701298, 0.0007377973551897314]], "chi2_level": 0.997, "chi2_df": 3, "chi2_threshold": 13.931422665512084, "N_raw": 36, "N_roi": 36, "N_inlier": 34, "refit": true}
{"timestamp": "15:46:29.461469", "frame": 78, "mu": [-0.10468032625554724, 0.7288745349870557, 1.437435139253279], "Sigma": [[0.0015901853201987146, -0.0003021278597045293, -0.0003621501429975943], [-0.00030212785970452926, 0.0015679347607719045, -0.002043620011793096], [-0.00036215014299759444, -0.0020436200117930955, 0.0034197245242519386]], "chi2_level": 0.997, "chi2_df": 3, "chi2_threshold": 13.931422665512084, "N_raw": 57, "N_roi": 57, "N_inlier": 56, "refit": true}
{"timestamp": "15:46:29.517146", "frame": 79, "mu": [-0.14424682602657132, 0.8388544167111155, -0.33434934213569606], "Sigma": [[0.0013523157653184362, 3.759418824546046e-05, -0.0008815689066867614], [3.759418824546046e-05, 0.002526866709245929, -0.0031833282463297964], [-0.0008815689066867614, -0.0031833282463297964, 0.004955632007052699]], "chi2_level": 0.997, "chi2_df": 3, "chi2_threshold": 13.931422665512084, "N_raw": 58, "N_roi": 58, "N_inlier": 55, "refit": true}
{"timestamp": "15:46:29.565810", "frame": 80, "mu": [-0.20589603492363065, 0.9590157332893946, -0.7119125203730217], "Sigma": [[0.00953200735970396, -0.008846367807365653, 0.04165064983245257], [-0.008846367807365653, 0.013285040540490857, -0.058016385101481646], [0.04165064983245258, -0.05801638510148165, 0.26220697006813615]], "chi2_level": 0.997, "chi2_df": 3, "chi2_threshold": 13.931422665512084, "N_raw": 13, "N_roi": 13, "N_inlier": 13, "refit": true}
{"timestamp": "15:46:29.628701", "frame": 81, "mu": [-0.22648545149964258, 0.7026807881348587, 1.3347569772079861], "Sigma": [[0.0019223737911036544, -0.0012083393895216724, 6.578169563567073e-05], [-0.0012083393895216724, 0.003712112938094027, -0.0031427553844554637], [6.578169563567069e-05, -0.0031427553844554637, 0.004196026433220736]], "chi2_level": 0.997, "chi2_df": 3, "chi2_threshold": 13.931422665512084, "N_raw": 71, "N_roi": 71, "N_inlier": 70, "refit": true}
{"timestamp": "15:46:29.680364", "frame": 82, "mu": [-0.2632694524106389, 0.6899489006152346, 1.465604586036522], "Sigma": [[0.0013381975623664264, -4.550142989092576e-05, -0.0017172069988814456], [-4.550142989092577e-05, 0.0013114155466204395, -0.0023661239282013677], [-0.0017172069988814456, -0.0023661239282013677, 0.011908795319367378]], "chi2_level": 0.997, "chi2_df": 3, "chi2_threshold": 13.931422665512084, "N_raw": 48, "N_roi": 48, "N_inlier": 45, "refit": true}
{"timestamp": "15:46:29.740206", "frame": 83, "mu": [-0.2657381260866073, 0.6365434776574497, 1.2633728082348896], "Sigma": [[0.0022569544325523674, -0.0016029731100789886, -0.0015502346751631963], [-0.0016029731100789886, 0.0038512108005260334, -0.0009022917541911346], [-0.0015502346751631963, -0.0009022917541911346, 0.009992835925328339]], "chi2_level": 0.997, "chi2_df": 3, "chi2_threshold": 13.931422665512084, "N_raw": 84, "N_roi": 80, "N_inlier": 77, "refit": true}
{"timestamp": "15:46:29.795578", "frame": 84, "mu": [-0.34367770415372967, 0.6667453355789825, 1.4122100713824193], "Sigma": [[0.0016358435721128052, -0.0005318876274048312, -0.0009696235419248366], [-0.0005318876274048312, 0.0009201848601062668, 6.767572826622478e-06], [-0.0009696235419248366, 6.76757282662237e-06, 0.015201370775066982]], "chi2_level": 0.997, "chi2_df": 3, "chi2_threshold": 13.931422665512084, "N_raw": 74, "N_roi": 69, "N_inlier": 66, "refit": true}
{"timestamp": "15:46:29.849022", "frame": 85, "mu": [-0.36475100065778177, 0.681170131994971, 1.3408441582001078], "Sigma": [[0.002017331745338732, -0.00038032115854205853, 0.0005461635577619559], [-0.00038032115854205853, 0.0012229129611345238, -0.0027708380786521476], [0.0005461635577619559, -0.0027708380786521476, 0.008454062897499136]], "chi2_level": 0.997, "chi2_df": 3, "chi2_threshold": 13.931422665512084, "N_raw": 71, "N_roi": 69, "N_inlier": 69, "refit": true}
{"timestamp": "15:46:29.900293", "frame": 86, "mu": [-0.41033149041060824, 0.5314427224188737, 1.2461665076888728], "Sigma": [[0.001615133046591943, 0.0003542665846984347, -0.00039287756263662487], [0.0003542665846984348, 0.006389991826576568, 0.005252328970631438], [-0.00039287756263662487, 0.005252328970631439, 0.012974697889701544]], "chi2_level": 0.997, "chi2_df": 3, "chi2_threshold": 13.931422665512084, "N_raw": 46, "N_roi": 45, "N_inlier": 43, "refit": true}
{"timestamp": "15:46:29.956733", "frame": 87, "mu": [-0.5209969163393644, 0.7529332294644592, -0.4128672519431228], "Sigma": [[0.02523051979526221, 0.015049352501106127, -0.03212821134324042], [0.015049352501106127, 0.011942088037592438, -0.02288750643105173], [-0.03212821134324042, -0.022887506431051734, 0.04836781166555352]], "chi2_level": 0.997, "chi2_df": 3, "chi2_threshold": 13.931422665512084, "N_raw": 52, "N_roi": 52, "N_inlier": 50, "refit": true}
{"timestamp": "15:46:30.010612", "frame": 88, "mu": [-0.6193110025754726, 0.6030277023080464, 1.557708005668438], "Sigma": [[0.02457206149187021, 0.004579554183272711, -0.028326889970422167], [0.004579554183272711, 0.003304130381494595, -0.0043886478748099466], [-0.028326889970422167, -0.004388647874809947, 0.04414984532742709]], "chi2_level": 0.997, "chi2_df": 3, "chi2_threshold": 13.931422665512084, "N_raw": 48, "N_roi": 48, "N_inlier": 46, "refit": true}
{"timestamp": "15:46:30.063830", "frame": 89, "mu": [-0.6446346876986735, 0.5420972814051553, 1.404295374349927], "Sigma": [[0.028524975364594734, 0.008587270571313534, -0.029444495839158636], [0.008587270571313534, 0.0035443784687262483, -0.008543810572073865], [-0.029444495839158636, -0.008543810572073865, 0.04102903150830911]], "chi2_level": 0.997, "chi2_df": 3, "chi2_threshold": 13.931422665512084, "N_raw": 38, "N_roi": 38, "N_inlier": 37, "refit": true}
{"timestamp": "15:46:30.116960", "frame": 90, "mu": [-0.7283546468110571, 0.6721784013250027, -0.2598704593142144], "Sigma": [[0.023472125243812182, 0.01321501017884139, -0.03347228566105351], [0.013215010178841392, 0.010343457476209938, -0.02252957190665411], [-0.03347228566105351, -0.02252957190665411, 0.057545130411737755]], "chi2_level": 0.997, "chi2_df": 3, "chi2_threshold": 13.931422665512084, "N_raw": 19, "N_roi": 19, "N_inlier": 18, "refit": true}
{"timestamp": "15:46:30.173168", "frame": 91, "mu": [-0.8343206875901571, 0.5864007026410654, 1.7132542662144403], "Sigma": [[0.010304946772935353, 0.0036644700527564376, -0.011915909844946043], [0.0036644700527564376, 0.003958649082544983, -0.006107109047872975], [-0.011915909844946043, -0.006107109047872975, 0.02085691987761258]], "chi2_level": 0.997, "chi2_df": 3, "chi2_threshold": 13.931422665512084, "N_raw": 36, "N_roi": 36, "N_inlier": 34, "refit": true}
{"timestamp": "15:46:30.231300", "frame": 92, "mu": [-0.8659861488744452, 0.5808751085401388, 1.6597545398489257], "Sigma": [[0.009727754560124272, 0.0027306617848912532, -0.010445535939286845], [0.0027306617848912532, 0.0036582415486136827, -0.005925894050874367], [-0.010445535939286845, -0.0059258940508743665, 0.019683922720236915]], "chi2_level": 0.997, "chi2_df": 3, "chi2_threshold": 13.931422665512084, "N_raw": 55, "N_roi": 55, "N_inlier": 52, "refit": true}
{"timestamp": "15:46:30.284810", "frame": 93, "mu": [-0.8902360786978326, 0.5779641667710977, 1.642332706097255], "Sigma": [[0.007576390642217844, 0.00231822964869504, -0.004185394937357736], [0.00231822964869504, 0.0025974366472416156, -0.004390360636211418], [-0.004185394937357736, -0.004390360636211418, 0.009713264089164087]], "chi2_level": 0.997, "chi2_df": 3, "chi2_threshold": 13.931422665512084, "N_raw": 45, "N_roi": 45, "N_inlier": 43, "refit": true}
{"timestamp": "15:46:30.341352", "frame": 94, "mu": [-0.9046004055500421, 0.5727283245305456, 1.4831874420139273], "Sigma": [[0.01339893493527056, 0.009953006399413478, -0.014532678434863354], [0.009953006399413478, 0.011329447813532859, -0.016823283300783743], [-0.014532678434863354, -0.016823283300783743, 0.028049479768248307]], "chi2_level": 0.997, "chi2_df": 3, "chi2_threshold": 13.931422665512084, "N_raw": 55, "N_roi": 55, "N_inlier": 54, "refit": true}
{"timestamp": "15:46:30.392610", "frame": 95, "mu": [-0.9410842551780376, 0.6104190311800979, 1.522344860759098], "Sigma": [[0.012192450039820436, 0.003580925169866715, -0.018998536074266957], [0.003580925169866715, 0.002873837381188363, -0.00771485863480276], [-0.018998536074266964, -0.00771485863480276, 0.04903342085165589]], "chi2_level": 0.997, "chi2_df": 3, "chi2_threshold": 13.931422665512084, "N_raw": 32, "N_roi": 32, "N_inlier": 32, "refit": true}
{"timestamp": "15:46:30.451789", "frame": 96, "mu": [-0.9073861540832864, 0.6283377061845817, 1.3419016493677682], "Sigma": [[0.014662420227613321, 0.00990503670825281, -0.025953661039327565], [0.00990503670825281, 0.008062816817517823, -0.015787473201400448], [-0.025953661039327565, -0.015787473201400448, 0.08010055135041581]], "chi2_level": 0.997, "chi2_df": 3, "chi2_threshold": 13.931422665512084, "N_raw": 57, "N_roi": 57, "N_inlier": 57, "refit": true}
{"timestamp": "15:46:30.501612", "frame": 97, "mu": [-0.9347237848144785, 0.630194857241748, 1.40358115727098], "Sigma": [[0.008038171188705846, 0.0007697344778767692, -0.025173985696568833], [0.000769734477876769, 0.003393882561111957, -0.0045900320595670535], [-0.025173985696568833, -0.004590032059567053, 0.10702558465311966]], "chi2_level": 0.997, "chi2_df": 3, "chi2_threshold": 13.931422665512084, "N_raw": 20, "N_roi": 20, "N_inlier": 20, "refit": true}
{"timestamp": "15:46:30.559082", "frame": 98, "mu": [-1.016493536367773, 0.659373625407099, 1.545868508124247], "Sigma": [[0.0070202986381128745, 0.003625478663196004, -0.008419839540970721], [0.003625478663196003, 0.005446910052840967, -0.008817468491428747], [-0.008419839540970721, -0.008817468491428747, 0.02580085840177941]], "chi2_level": 0.997, "chi2_df": 3, "chi2_threshold": 13.931422665512084, "N_raw": 45, "N_roi": 45, "N_inlier": 44, "refit": true}
{"timestamp": "15:46:30.615032", "frame": 99, "mu": [-1.0885260090123676, 0.6506242913672575, 1.5123862524178908], "Sigma": [[0.00545510053484522, 0.0026085382994480506, -0.0052398139896821915], [0.0026085382994480506, 0.004940163014933983, -0.008339827882662854], [-0.0052398139896821915, -0.008339827882662854, 0.01735842571942667]], "chi2_level": 0.997, "chi2_df": 3, "chi2_threshold": 13.931422665512084, "N_raw": 42, "N_roi": 42, "N_inlier": 40, "refit": true}
{"timestamp": "15:46:30.751109", "frame": 100, "mu": [-1.1636782319042747, 0.5819379344706527, 1.4320729201661233], "Sigma": [[0.0057548025642711045, 0.003258450856804013, -0.0012477329325434666], [0.003258450856804013, 0.004243031255551273, -0.0040746457694466375], [-0.0012477329325434668, -0.0040746457694466375, 0.008706685818352785]], "chi2_level": 0.997, "chi2_df": 3, "chi2_threshold": 13.931422665512084, "N_raw": 46, "N_roi": 46, "N_inlier": 43, "refit": true}
{"timestamp": "15:46:30.755925", "frame": 101, "mu": [-1.1456227809063153, 0.6763462131398581, -0.5033669014512455], "Sigma": [[0.005732873146487576, 0.00766510885894783, -0.002585933593333546], [0.00766510885894783, 0.020031491617682962, -0.010978384139980611], [-0.002585933593333546, -0.010978384139980611, 0.008758668919255084]], "chi2_level": 0.997, "chi2_df": 3, "chi2_threshold": 13.931422665512084, "N_raw": 40, "N_roi": 40, "N_inlier": 38, "refit": true}
{"timestamp": "15:46:30.799340", "frame": 102, "mu": [-1.172398797130527, 0.5961300977156426, 1.329379072016704], "Sigma": [[0.006513512354903839, 0.006939749293325886, -0.0069191215305566215], [0.006939749293325886, 0.019455379292985315, -0.013240332322289123], [-0.0069191215305566215, -0.013240332322289123, 0.014433303425643062]], "chi2_level": 0.997, "chi2_df": 3, "chi2_threshold": 13.931422665512084, "N_raw": 41, "N_roi": 41, "N_inlier": 39, "refit": true}
{"timestamp": "15:46:30.836539", "frame": 103, "mu": [-1.2466735080469769, 0.6885612418735112, -0.4633731613857049], "Sigma": [[0.006908415289700599, 0.003871677464875595, 0.0005477537555832388], [0.003871677464875595, 0.011903658256820883, -0.0037759883355346175], [0.0005477537555832388, -0.0037759883355346175, 0.003436698067351955]], "chi2_level": 0.997, "chi2_df": 3, "chi2_threshold": 13.931422665512084, "N_raw": 61, "N_roi": 61, "N_inlier": 59, "refit": true}
{"timestamp": "15:46:30.890974", "frame": 104, "mu": [-1.243885933583392, 0.6602818275138659, 1.3914480909883393], "Sigma": [[0.006790160542318585, 0.0007519107095607018, -0.0012375931579633194], [0.0007519107095607018, 0.005105131282901372, -0.0029255824610338677], [-0.0012375931579633199, -0.0029255824610338677, 0.0027130299570273784]], "chi2_level": 0.997, "chi2_df": 3, "chi2_threshold": 13.931422665512084, "N_raw": 53, "N_roi": 53, "N_inlier": 52, "refit": true}
{"timestamp": "15:46:30.948354", "frame": 105, "mu": [-1.30159168600762, 0.6315644379804799, 1.40216650451115], "Sigma": [[0.008794913712566901, 0.002941477779656917, -0.003529227861892314], [0.002941477779656917, 0.009978526494978346, -0.006425111127798661], [-0.003529227861892314, -0.006425111127798662, 0.007753938661571648]], "chi2_level": 0.997, "chi2_df": 3, "chi2_threshold": 13.931422665512084, "N_raw": 72, "N_roi": 72, "N_inlier": 70, "refit": true}
{"timestamp": "15:46:31.000771", "frame": 106, "mu": [-1.3656778866968349, 0.6629199021281713, 1.421083217682911], "Sigma": [[0.005809397227306849, 0.0017089794156758147, -0.0010629078199670093], [0.0017089794156758147, 0.009921370908005598, -0.0045394658764827], [-0.0010629078199670089, -0.004539465876482699, 0.004155619235242994]], "chi2_level": 0.997, "chi2_df": 3, "chi2_threshold": 13.931422665512084, "N_raw": 54, "N_roi": 54, "N_inlier": 52, "refit": true}
{"timestamp": "15:46:31.056294", "frame": 107, "mu": [-1.4242364313775249, 0.5473385274197167, 1.2750141890601927], "Sigma": [[0.005335938011327232, 0.005023725171552661, -0.0009740367602804339], [0.005023725171552661, 0.007633111788561465, -0.0055059129828097415], [-0.0009740367602804336, -0.005505912982809742, 0.02334760129340715]], "chi2_level": 0.997, "chi2_df": 3, "chi2_threshold": 13.931422665512084, "N_raw": 59, "N_roi": 55, "N_inlier": 55, "refit": true}
{"timestamp": "15:46:31.116807", "frame": 108, "mu": [-1.4203109689337328, 0.8099088591386476, -0.44978038080243266], "Sigma": [[0.006121583088547735, 0.004880919894645785, 0.0010861718055653687], [0.004880919894645785, 0.014307889773012979, 0.003131385002209999], [0.0010861718055653682, 0.0031313850022099982, 0.03676639487992634]], "chi2_level": 0.997, "chi2_df": 3, "chi2_threshold": 13.931422665512084, "N_raw": 93, "N_roi": 67, "N_inlier": 66, "refit": true}
{"timestamp": "15:46:31.168497", "frame": 109, "mu": [-1.456198685687702, 0.7005704150450626, 1.27968087338895], "Sigma": [[0.00522790136174696, 0.00452087128997998, 0.0008717029634085472], [0.00452087128997998, 0.007361100949079436, -0.006265070563066102], [0.0008717029634085472, -0.006265070563066102, 0.0231605695594505]], "chi2_level": 0.997, "chi2_df": 3, "chi2_threshold": 13.931422665512084, "N_raw": 65, "N_roi": 65, "N_inlier": 63, "refit": true}
{"timestamp": "15:46:31.221554", "frame": 110, "mu": [-1.4938441090059267, 0.6941885434318115, 1.3929457681215596], "Sigma": [[0.00809465856066482, 0.004609708464806383, -0.0005527356692297859], [0.004609708464806382, 0.01044086837589025, -0.006844019325859102], [-0.0005527356692297855, -0.006844019325859102, 0.0074472647475457175]], "chi2_level": 0.997, "chi2_df": 3, "chi2_threshold": 13.931422665512084, "N_raw": 62, "N_roi": 62, "N_inlier": 62, "refit": true}
