{"timestamp": "15:11:47.297872", "frame": 30, "mu": [-2.4103062505909243, 4.392906561628118, 0.9722636575943991], "Sigma": [[0.004311974712230169, 0.0013059799060984212, -0.0010857221595342004], [0.001305979906098421, 0.00353686289845833, -0.0005447027393016859], [-0.0010857221595342004, -0.0005447027393016859, 0.00048303732659338603]], "chi2_level": 0.997, "chi2_df": 3, "chi2_threshold": 13.931422665512084, "N_raw": 59, "N_roi": 11, "N_inlier": 11, "refit": true}
{"timestamp": "15:11:47.729675", "frame": 38, "mu": [-2.2330340873990475, 4.286466486689479, 0.7541575849497469], "Sigma": [[0.01092935630963999, 0.00016677821851356382, -0.007447697222678241], [0.00016677821851356404, 0.003152491552802172, 0.0009090324240633643], [-0.00744769722267824, 0.0009090324240633639, 0.0065760149510235184]], "chi2_level": 0.997, "chi2_df": 3, "chi2_threshold": 13.931422665512084, "N_raw": 11, "N_roi": 11, "N_inlier": 11, "refit": true}
{"timestamp": "15:11:47.842839", "frame": 40, "mu": [-2.1316104023350912, 4.4549012531658665, 0.15124373140231487], "Sigma": [[0.022762808429392153, 0.008304142421759284, -0.02156842179238789], [0.008304142421759284, 0.005719389062259676, -0.0051670470108299196], [-0.021568421792387885, -0.0051670470108299196, 0.02501953264927514]], "chi2_level": 0.997, "chi2_df": 3, "chi2_threshold": 13.931422665512084, "N_raw": 27, "N_roi": 27, "N_inlier": 27, "refit": true}
{"timestamp": "15:11:48.065664", "frame": 44, "mu": [-2.000016497843512, 4.401249127384224, 1.0471518588047857], "Sigma": [[0.011591894772862777, 0.0021424078350706795, -0.008036782888273083], [0.0021424078350706795, 0.0037763276446164578, -0.0006579747094710262], [-0.008036782888273083, -0.0006579747094710263, 0.006936880962214929]], "chi2_level": 0.997, "chi2_df": 3, "chi2_threshold": 13.931422665512084, "N_raw": 34, "N_roi": 13, "N_inlier": 13, "refit": true}
{"timestamp": "15:11:48.227177", "frame": 47, "mu": [-1.8019802475453681, 4.451478413966166, 1.1102430238093788], "Sigma": [[0.00987613058626531, 0.004215099793584358, -0.0024418667777650837], [0.004215099793584358, 0.004395059023546541, -0.00252284665365682], [-0.0024418667777650832, -0.00252284665365682, 0.003055579964577988]], "chi2_level": 0.997, "chi2_df": 3, "chi2_threshold": 13.931422665512084, "N_raw": 17, "N_roi": 15, "N_inlier": 15, "refit": true}
{"timestamp": "15:11:48.393809", "frame": 50, "mu": [-1.5512351411160696, 4.392121137002065, 0.7100215744730315], "Sigma": [[0.011473233749263406, 0.0022058724507438114, -0.00693013772150751], [0.0022058724507438114, 0.0029646032295407333, -0.0006200983337480979], [-0.006930137721507509, -0.0006200983337480979, 0.0055649282772546734]], "chi2_level": 0.997, "chi2_df": 3, "chi2_threshold": 13.931422665512084, "N_raw": 23, "N_roi": 19, "N_inlier": 19, "refit": true}
{"timestamp": "15:11:48.448678", "frame": 51, "mu": [-1.537543960106445, 4.4279371738902045, 0.8083263088514334], "Sigma": [[0.014235927410937432, 0.0001308583767540256, -0.015170755007485003], [0.00013085837675402565, 0.004128937853466357, 0.0028239259238078164], [-0.015170755007485002, 0.002823925923807817, 0.019515366356165735]], "chi2_level": 0.997, "chi2_df": 3, "chi2_threshold": 13.931422665512084, "N_raw": 24, "N_roi": 24, "N_inlier": 22, "refit": true}
{"timestamp": "15:11:48.502618", "frame": 52, "mu": [-1.4031490221970007, 4.717846250795055, -0.3283320643449951], "Sigma": [[0.0034054276731403845, -0.002592741444299371, 0.005855225651349467], [-0.002592741444299371, 0.008537747661446835, -0.017277359021130794], [0.005855225651349467, -0.01727735902113079, 0.04632901481280362]], "chi2_level": 0.997, "chi2_df": 3, "chi2_threshold": 13.931422665512084, "N_raw": 13, "N_roi": 11, "N_inlier": 11, "refit": true}
{"timestamp": "15:11:48.556303", "frame": 53, "mu": [-1.4615135522292384, 4.451841872124361, 0.9281665696005132], "Sigma": [[0.010465515182587452, 0.0030653805466792586, -0.004768319770772192], [0.0030653805466792586, 0.0035718307258432026, -0.0012564387744989415], [-0.004768319770772192, -0.0012564387744989415, 0.00344378680263865]], "chi2_level": 0.997, "chi2_df": 3, "chi2_threshold": 13.931422665512084, "N_raw": 13, "N_roi": 13, "N_inlier": 13, "refit": true}
{"timestamp": "15:11:48.670005", "frame": 55, "mu": [-1.4033093908609766, 4.594567535838154, 0.1973758509713859], "Sigma": [[0.020896952252066267, 0.006651690303888104, -0.011256301822343995], [0.006651690303888105, 0.005321277009061137, -0.0010602059094933862], [-0.011256301822343995, -0.0010602059094933862, 0.00986731655969329]], "chi2_level": 0.997, "chi2_df": 3, "chi2_threshold": 13.931422665512084, "N_raw": 35, "N_roi": 35, "N_inlier": 35, "refit": true}
{"timestamp": "15:11:48.723435", "frame": 56, "mu": [-1.342895008619692, 4.575114550802801, -0.040902139865148825], "Sigma": [[0.013223479190786909, 0.0032766671954350883, -0.005977101970336147], [0.0032766671954350883, 0.002745542661439583, -0.0034963568645163387], [-0.005977101970336147, -0.0034963568645163387, 0.006425713580559557]], "chi2_level": 0.997, "chi2_df": 3, "chi2_threshold": 13.931422665512084, "N_raw": 25, "N_roi": 20, "N_inlier": 20, "refit": true}
{"timestamp": "15:11:48.777935", "frame": 57, "mu": [-1.3060116883230468, 4.409431458533004, 0.6002746787617023], "Sigma": [[0.00815600219790835, 0.0017384389880706944, -0.0034875572418720914], [0.0017384389880706944, 0.003972791771037179, 0.0005017325242528335], [-0.0034875572418720914, 0.0005017325242528334, 0.006066306472863784]], "chi2_level": 0.997, "chi2_df": 3, "chi2_threshold": 13.931422665512084, "N_raw": 14, "N_roi": 12, "N_inlier": 12, "refit": true}
{"timestamp": "15:11:48.835701", "frame": 58, "mu": [-1.2187570310502527, 4.532326206392225, 0.9319319221282669], "Sigma": [[0.02064683918095498, -0.00018918761213223818, -0.016669949886496768], [-0.00018918761213223797, 0.002117207577836096, -0.0010091377523171032], [-0.016669949886496768, -0.001009137752317103, 0.016010627296300477]], "chi2_level": 0.997, "chi2_df": 3, "chi2_threshold": 13.931422665512084, "N_raw": 36, "N_roi": 31, "N_inlier": 31, "refit": true}
{"timestamp": "15:11:48.888930", "frame": 59, "mu": [-1.2004230476200348, 4.474876984374142, 0.8821644705275982], "Sigma": [[0.010374654160759776, 0.002243677204546266, -0.006144477106515374], [0.0022436772045462657, 0.001905887250903725, -0.002224259809629237], [-0.006144477106515374, -0.0022242598096292375, 0.006733559069290524]], "chi2_level": 0.997, "chi2_df": 3, "chi2_threshold": 13.931422665512084, "N_raw": 20, "N_roi": 17, "N_inlier": 17, "refit": true}
{"timestamp": "15:11:48.944209", "frame": 60, "mu": [-1.160392187798336, 4.575768696176554, 0.38747728731515807], "Sigma": [[0.008562483267435193, 0.003994953346876285, -0.009465873883833015], [0.003994953346876285, 0.005304078630049025, -0.0072149541390743996], [-0.009465873883833015, -0.0072149541390743996, 0.018704169393196808]], "chi2_level": 0.997, "chi2_df": 3, "chi2_threshold": 13.931422665512084, "N_raw": 22, "N_roi": 16, "N_inlier": 16, "refit": true}
{"timestamp": "15:11:49.000122", "frame": 61, "mu": [-1.0745460950607904, 4.432766554720936, 0.7546814062842944], "Sigma": [[0.02329675548493621, -0.0003634066716306732, -0.0033797949608209317], [-0.0003634066716306732, 0.0027295474350382894, -0.007193247317908743], [-0.003379794960820932, -0.0071932473179087434, 0.03474359264766694]], "chi2_level": 0.997, "chi2_df": 3, "chi2_threshold": 13.931422665512084, "N_raw": 31, "N_roi": 29, "N_inlier": 27, "refit": true}
{"timestamp": "15:11:49.111683", "frame": 63, "mu": [-0.9214497508833043, 4.472530444810104, 0.8745286511909484], "Sigma": [[0.029642614945457883, 0.002089949001761248, -0.012457683381183197], [0.002089949001761248, 0.005260783732945129, -0.000286982136245484], [-0.012457683381183197, -0.00028698213624548383, 0.006160431081386015]], "chi2_level": 0.997, "chi2_df": 3, "chi2_threshold": 13.931422665512084, "N_raw": 48, "N_roi": 48, "N_inlier": 47, "refit": true}
{"timestamp": "15:11:49.547022", "frame": 71, "mu": [-0.6450834562642851, 4.488620392232066, 1.0994786312467029], "Sigma": [[0.010455667161784156, 0.001581855212111382, -0.0023191161346167305], [0.001581855212111382, 0.001465318926894571, -0.0016910135323675495], [-0.0023191161346167305, -0.0016910135323675497, 0.004569843978900701]], "chi2_level": 0.997, "chi2_df": 3, "chi2_threshold": 13.931422665512084, "N_raw": 11, "N_roi": 10, "N_inlier": 10, "refit": true}
{"timestamp": "15:11:49.603720", "frame": 72, "mu": [-0.4718252446322976, 4.534298585487268, 1.1094337609307763], "Sigma": [[0.015412276898708816, 0.0011696964771923755, -0.002953847349212571], [0.001169696477192375, 0.001804733967003356, -0.0005744178141971584], [-0.002953847349212571, -0.0005744178141971584, 0.0008392521758298638]], "chi2_level": 0.997, "chi2_df": 3, "chi2_threshold": 13.931422665512084, "N_raw": 21, "N_roi": 21, "N_inlier": 20, "refit": true}
{"timestamp": "15:11:49.658611", "frame": 73, "mu": [-0.5646949100989278, 4.535750341500051, 1.1832049710036734], "Sigma": [[0.012861500619965672, -0.0005412500602312944, -0.00663856827175355], [-0.0005412500602312944, 0.0018206287848147797, -2.815773337128927e-05], [-0.0066385682717535486, -2.815773337128927e-05, 0.004756513735393689]], "chi2_level": 0.997, "chi2_df": 3, "chi2_threshold": 13.931422665512084, "N_raw": 19, "N_roi": 17, "N_inlier": 17, "refit": true}
{"timestamp": "15:11:49.714256", "frame": 74, "mu": [-0.4950606585262098, 4.608950617288714, 0.2727629886683261], "Sigma": [[0.02379080341603258, 0.004159601098020182, -0.013343670448498308], [0.004159601098020182, 0.0023653829839211404, -0.0020725229657583173], [-0.01334367044849831, -0.0020725229657583178, 0.009376035697766386]], "chi2_level": 0.997, "chi2_df": 3, "chi2_threshold": 13.931422665512084, "N_raw": 24, "N_roi": 24, "N_inlier": 24, "refit": true}
{"timestamp": "15:11:49.932633", "frame": 78, "mu": [-0.37443696193871207, 4.505923960426378, 0.877999317597444], "Sigma": [[0.008221373309485995, 0.0008378726890473076, -0.006873758655135838], [0.0008378726890473076, 0.007896332507578886, -0.005241001457664807], [-0.006873758655135838, -0.005241001457664807, 0.011195146642525763]], "chi2_level": 0.997, "chi2_df": 3, "chi2_threshold": 13.931422665512084, "N_raw": 17, "N_roi": 17, "N_inlier": 15, "refit": true}
{"timestamp": "15:11:49.990643", "frame": 79, "mu": [-0.26623609035299484, 4.570290065091022, 1.06853524096116], "Sigma": [[0.028247666749864373, 0.0007306466994864403, -0.011789676465629607], [0.0007306466994864405, 0.004930265248968678, 0.004661405950347258], [-0.011789676465629607, 0.004661405950347258, 0.011214835684536385]], "chi2_level": 0.997, "chi2_df": 3, "chi2_threshold": 13.931422665512084, "N_raw": 39, "N_roi": 39, "N_inlier": 39, "refit": true}
{"timestamp": "15:11:50.157384", "frame": 82, "mu": [-0.09224291360079694, 4.589161033494545, 1.2687148032419375], "Sigma": [[0.02483103267467094, -0.0011498545366164868, -0.00963152423673606], [-0.001149854536616487, 0.004431594464002063, 5.631100269293547e-05], [-0.00963152423673606, 5.631100269293542e-05, 0.00564508046433622]], "chi2_level": 0.997, "chi2_df": 3, "chi2_threshold": 13.931422665512084, "N_raw": 47, "N_roi": 47, "N_inlier": 46, "refit": true}
{"timestamp": "15:11:50.211423", "frame": 83, "mu": [-0.03660547936450619, 4.556635300289308, 1.2415195064174005], "Sigma": [[0.023145546514231802, -0.0008066147209200373, -0.00915338652460039], [-0.000806614720920037, 0.0033952990986315964, 0.0013910883229579344], [-0.00915338652460039, 0.0013910883229579344, 0.005163922384184948]], "chi2_level": 0.997, "chi2_df": 3, "chi2_threshold": 13.931422665512084, "N_raw": 38, "N_roi": 38, "N_inlier": 36, "refit": true}
{"timestamp": "15:11:50.592811", "frame": 90, "mu": [0.22624396569926747, 4.596064637088085, 1.2467841882491366], "Sigma": [[0.008234919285318153, -0.0007635955669272527, -0.005465448785366256], [-0.0007635955669272527, 0.00310081084124418, 0.00011060297478314446], [-0.005465448785366256, 0.00011060297478314459, 0.004741601758329098]], "chi2_level": 0.997, "chi2_df": 3, "chi2_threshold": 13.931422665512084, "N_raw": 17, "N_roi": 16, "N_inlier": 16, "refit": true}
{"timestamp": "15:11:50.703590", "frame": 92, "mu": [0.346894199276004, 4.6008608139900735, 1.0548934926779134], "Sigma": [[0.01557219558642107, -0.0019009915712607224, -0.006755946525881159], [-0.0019009915712607224, 0.0018264714965268607, 0.0005125587823980246], [-0.006755946525881159, 0.0005125587823980246, 0.004706310806609783]], "chi2_level": 0.997, "chi2_df": 3, "chi2_threshold": 13.931422665512084, "N_raw": 25, "N_roi": 21, "N_inlier": 21, "refit": true}
{"timestamp": "15:11:50.761518", "frame": 93, "mu": [0.4063088123209783, 4.695330143634845, 0.4231745316968367], "Sigma": [[0.022386140975199885, 1.2180060513219525e-05, -0.011531009841792523], [1.2180060513219417e-05, 0.0036168144675998515, -0.00241009984964708], [-0.011531009841792523, -0.00241009984964708, 0.008893436686971783]], "chi2_level": 0.997, "chi2_df": 3, "chi2_threshold": 13.931422665512084, "N_raw": 40, "N_roi": 35, "N_inlier": 35, "refit": true}
{"timestamp": "15:11:51.637309", "frame": 109, "mu": [1.1259413635975033, 4.6373894475529385, -0.5489194809603624], "Sigma": [[0.009951839133869865, -0.0019141895747963112, 0.05785897688636285], [-0.0019141895747963108, 0.005732402504036126, -0.007342761123533775], [0.05785897688636285, -0.007342761123533778, 0.42262720611481114]], "chi2_level": 0.997, "chi2_df": 3, "chi2_threshold": 13.931422665512084, "N_raw": 11, "N_roi": 11, "N_inlier": 11, "refit": true}
{"timestamp": "15:11:51.858731", "frame": 113, "mu": [1.279188652276401, 4.648220737187032, 1.1367596433329956], "Sigma": [[0.017046559237156072, -0.005517924208215753, -0.006343324022399074], [-0.005517924208215753, 0.003468398281865243, 0.0016307647045485077], [-0.006343324022399074, 0.0016307647045485075, 0.0049793117302591346]], "chi2_level": 0.997, "chi2_df": 3, "chi2_threshold": 13.931422665512084, "N_raw": 24, "N_roi": 22, "N_inlier": 22, "refit": true}
{"timestamp": "15:11:52.132349", "frame": 118, "mu": [1.4606421685075945, 4.71611765272067, 0.45176372382665875], "Sigma": [[0.011023195983525181, -0.001029135038168673, -0.007157747981993364], [-0.0010291350381686727, 0.003357023258444965, -0.0015055307478683334], [-0.007157747981993364, -0.0015055307478683334, 0.008738402156146978]], "chi2_level": 0.997, "chi2_df": 3, "chi2_threshold": 13.931422665512084, "N_raw": 16, "N_roi": 16, "N_inlier": 16, "refit": true}
{"timestamp": "15:11:52.187102", "frame": 119, "mu": [1.5020137806539133, 4.625201815656142, 1.229844220756811], "Sigma": [[0.017798323696634144, -0.008311798682139396, -0.007286994641315903], [-0.008311798682139396, 0.006288858729604175, 0.002739706003888869], [-0.007286994641315904, 0.002739706003888868, 0.006290029970970502]], "chi2_level": 0.997, "chi2_df": 3, "chi2_threshold": 13.931422665512084, "N_raw": 16, "N_roi": 16, "N_inlier": 16, "refit": true}
{"timestamp": "15:11:52.408917", "frame": 123, "mu": [1.7034683365963428, 4.504729508889985, 0.8093624767277798], "Sigma": [[0.026299346201573107, -0.011937132915569327, -0.016050257146049525], [-0.011937132915569327, 0.00708114936721568, 0.007496357630006015], [-0.016050257146049525, 0.007496357630006015, 0.012865295684942145]], "chi2_level": 0.997, "chi2_df": 3, "chi2_threshold": 13.931422665512084, "N_raw": 23, "N_roi": 23, "N_inlier": 23, "refit": true}
{"timestamp": "15:11:52.466798", "frame": 124, "mu": [1.7370645331341905, 4.5724289755248, 1.0123746916337093], "Sigma": [[0.026289828084392976, -0.009616982617530644, -0.010817295938569104], [-0.009616982617530644, 0.006485146751933092, 0.003138652266065714], [-0.010817295938569104, 0.003138652266065714, 0.0061894829699411435]], "chi2_level": 0.997, "chi2_df": 3, "chi2_threshold": 13.931422665512084, "N_raw": 35, "N_roi": 34, "N_inlier": 34, "refit": true}
{"timestamp": "15:11:52.851164", "frame": 131, "mu": [1.9056513025780792, 4.421225713313988, 0.910078608094262], "Sigma": [[0.022989606410921265, -0.008934169225491029, -0.005819986325146998], [-0.008934169225491027, 0.007567347810597835, 0.0041038328605919674], [-0.005819986325146998, 0.0041038328605919674, 0.003463757264752604]], "chi2_level": 0.997, "chi2_df": 3, "chi2_threshold": 13.931422665512084, "N_raw": 36, "N_roi": 33, "N_inlier": 33, "refit": true}
{"timestamp": "15:11:52.904212", "frame": 132, "mu": [1.9183028280747065, 4.4272297791231, 0.8529336385606365], "Sigma": [[0.015086413847892872, -0.006974361660868993, -0.006990824346170944], [-0.006974361660868993, 0.005773704885274434, 0.004322815523279563], [-0.006990824346170944, 0.004322815523279564, 0.0050390556777807185]], "chi2_level": 0.997, "chi2_df": 3, "chi2_threshold": 13.931422665512084, "N_raw": 24, "N_roi": 21, "N_inlier": 21, "refit": true}
{"timestamp": "15:11:53.013057", "frame": 134, "mu": [1.927581326506631, 4.361385109743659, 0.8623751307944736], "Sigma": [[0.013432931163428362, -0.005048720972704736, -0.008037497069639063], [-0.005048720972704736, 0.004245879416830384, 0.002660859415473778], [-0.008037497069639063, 0.002660859415473778, 0.008143215323764153]], "chi2_level": 0.997, "chi2_df": 3, "chi2_threshold": 13.931422665512084, "N_raw": 22, "N_roi": 20, "N_inlier": 20, "refit": true}
{"timestamp": "15:11:53.068949", "frame": 135, "mu": [2.0017800474277645, 4.39555211084751, 0.9457732204096767], "Sigma": [[0.013834096870419662, -0.001021436056708586, -0.008410864230327901], [-0.0010214360567085865, 0.001729718792428797, -0.001638643014811951], [-0.008410864230327901, -0.001638643014811951, 0.010000258943556169]], "chi2_level": 0.997, "chi2_df": 3, "chi2_threshold": 13.931422665512084, "N_raw": 24, "N_roi": 12, "N_inlier": 12, "refit": true}
{"timestamp": "15:11:53.123047", "frame": 136, "mu": [1.9927296477262073, 4.376590745847932, 0.9670630824570048], "Sigma": [[0.016767458982353413, -0.002316718674957857, -0.0072970367457739415], [-0.002316718674957857, 0.0026614952848171003, -0.0008179836028055693], [-0.0072970367457739415, -0.0008179836028055693, 0.006173334394620687]], "chi2_level": 0.997, "chi2_df": 3, "chi2_threshold": 13.931422665512084, "N_raw": 16, "N_roi": 15, "N_inlier": 14, "refit": true}
{"timestamp": "15:11:53.187679", "frame": 137, "mu": [2.0630711678623426, 4.382029886502004, 0.8856363619268854], "Sigma": [[0.0486518992196323, -0.0035086025035611632, -0.010035785945144763], [-0.0035086025035611624, 0.01709499355195239, 0.0069697959774627834], [-0.010035785945144763, 0.0069697959774627834, 0.0063138007665344805]], "chi2_level": 0.997, "chi2_df": 3, "chi2_threshold": 13.931422665512084, "N_raw": 85, "N_roi": 45, "N_inlier": 45, "refit": true}
{"timestamp": "15:11:53.238940", "frame": 138, "mu": [2.118552443435095, 4.473817712753396, 0.013356643948316954], "Sigma": [[0.036407567807658595, -0.010471801700008252, -0.019945942365438993], [-0.010471801700008252, 0.00800090930817207, 0.0034798121371871892], [-0.019945942365438993, 0.0034798121371871892, 0.01388449032492528]], "chi2_level": 0.997, "chi2_df": 3, "chi2_threshold": 13.931422665512084, "N_raw": 53, "N_roi": 48, "N_inlier": 48, "refit": true}
{"timestamp": "15:11:53.291900", "frame": 139, "mu": [2.1141982648615487, 4.292007980568907, 0.8249051200465106], "Sigma": [[0.029013212062252686, -0.012849745364592324, -0.02012654967947919], [-0.012849745364592326, 0.0076938513424023415, 0.007844571336722603], [-0.02012654967947919, 0.007844571336722603, 0.016908677828367028]], "chi2_level": 0.997, "chi2_df": 3, "chi2_threshold": 13.931422665512084, "N_raw": 34, "N_roi": 31, "N_inlier": 30, "refit": true}
{"timestamp": "15:11:53.402407", "frame": 141, "mu": [2.1586556176433107, 4.222357433593407, 0.804359770997274], "Sigma": [[0.025614085991319945, -0.011327749824157015, -0.009345001762853532], [-0.011327749824157017, 0.006585093757545288, 0.0027448754586606467], [-0.009345001762853532, 0.0027448754586606467, 0.011896597401218028]], "chi2_level": 0.997, "chi2_df": 3, "chi2_threshold": 13.931422665512084, "N_raw": 49, "N_roi": 25, "N_inlier": 24, "refit": true}
{"timestamp": "15:11:53.456878", "frame": 142, "mu": [2.2184034164692137, 4.154812226029791, 0.599382270741133], "Sigma": [[0.024330324022902618, -0.015010495415734607, -0.009931340123090823], [-0.015010495415734607, 0.012579096702761321, 0.004530990090194792], [-0.009931340123090823, 0.004530990090194792, 0.01094575317480517]], "chi2_level": 0.997, "chi2_df": 3, "chi2_threshold": 13.931422665512084, "N_raw": 45, "N_roi": 35, "N_inlier": 34, "refit": true}
{"timestamp": "15:11:53.515368", "frame": 143, "mu": [2.2162451548865043, 4.092052639981677, 0.5686610473653227], "Sigma": [[0.02754956987041449, -0.01910877912935674, -0.027087861966885736], [-0.01910877912935674, 0.015029705539143854, 0.015885209378862168], [-0.027087861966885736, 0.015885209378862168, 0.03896633937371885]], "chi2_level": 0.997, "chi2_df": 3, "chi2_threshold": 13.931422665512084, "N_raw": 62, "N_roi": 39, "N_inlier": 38, "refit": true}
{"timestamp": "15:11:53.570333", "frame": 144, "mu": [2.1596093335781315, 4.091624127690983, 0.6736578824243794], "Sigma": [[0.035211360273524055, -0.023607972771570288, -0.036926198551370575], [-0.023607972771570288, 0.017269741790587545, 0.021989395832747415], [-0.036926198551370575, 0.021989395832747415, 0.059640793396010874]], "chi2_level": 0.997, "chi2_df": 3, "chi2_threshold": 13.931422665512084, "N_raw": 67, "N_roi": 47, "N_inlier": 47, "refit": true}
{"timestamp": "15:11:53.621396", "frame": 145, "mu": [2.1048130871207955, 4.110018525484378, 0.9282346699421413], "Sigma": [[0.022223017247122532, -0.011478399364843465, -0.010261615095460266], [-0.011478399364843465, 0.00918343287391593, 0.003371159187575325], [-0.010261615095460266, 0.0033711591875753254, 0.009042519023362464]], "chi2_level": 0.997, "chi2_df": 3, "chi2_threshold": 13.931422665512084, "N_raw": 37, "N_roi": 34, "N_inlier": 34, "refit": true}
{"timestamp": "15:11:53.681854", "frame": 146, "mu": [2.177307467070638, 3.987641492844055, 0.6715543925053364], "Sigma": [[0.02937184516813511, -0.016999692122095643, -0.00815564993708182], [-0.016999692122095643, 0.011528069395101434, 0.0018770122830394185], [-0.00815564993708182, 0.0018770122830394182, 0.01146931222913611]], "chi2_level": 0.997, "chi2_df": 3, "chi2_threshold": 13.931422665512084, "N_raw": 67, "N_roi": 40, "N_inlier": 39, "refit": true}
{"timestamp": "15:11:53.732404", "frame": 147, "mu": [2.1174969938624657, 4.000287652329221, 0.9226107830314347], "Sigma": [[0.007083228502679167, -0.001995317594170999, -0.011323088027729425], [-0.001995317594170999, 0.0012636744806129368, -0.0012762730473246217], [-0.011323088027729423, -0.0012762730473246217, 0.051461958854147886]], "chi2_level": 0.997, "chi2_df": 3, "chi2_threshold": 13.931422665512084, "N_raw": 41, "N_roi": 10, "N_inlier": 10, "refit": true}
{"timestamp": "15:11:53.786332", "frame": 148, "mu": [2.139681163445399, 3.947830351926692, 0.7904230598389618], "Sigma": [[0.018854228511559917, -0.011608581520733022, -0.024030693815645286], [-0.011608581520733019, 0.008282333181551223, 0.012134895471370024], [-0.024030693815645286, 0.012134895471370024, 0.0445563409072479]], "chi2_level": 0.997, "chi2_df": 3, "chi2_threshold": 13.931422665512084, "N_raw": 35, "N_roi": 25, "N_inlier": 25, "refit": true}
{"timestamp": "15:11:53.845206", "frame": 149, "mu": [2.1549679514042372, 3.9321414714239613, 0.7989405586292004], "Sigma": [[0.03255515694619776, -0.018190733816953998, -0.011358062168409379], [-0.018190733816953998, 0.015266117025402029, 0.004616584110303258], [-0.011358062168409379, 0.004616584110303258, 0.006433038485189289]], "chi2_level": 0.997, "chi2_df": 3, "chi2_threshold": 13.931422665512084, "N_raw": 68, "N_roi": 52, "N_inlier": 52, "refit": true}
{"timestamp": "15:11:53.897338", "frame": 150, "mu": [2.203717270244926, 4.034334117529278, -0.12620320339804403], "Sigma": [[0.02515550989471526, -0.0108328082784327, -0.020390640744631566], [-0.0108328082784327, 0.009468623188324423, -0.0008288276269675958], [-0.020390640744631566, -0.0008288276269675964, 0.0387302102605967]], "chi2_level": 0.997, "chi2_df": 3, "chi2_threshold": 13.931422665512084, "N_raw": 41, "N_roi": 40, "N_inlier": 39, "refit": true}
{"timestamp": "15:11:53.952662", "frame": 151, "mu": [2.1626197139166146, 3.8515580373373792, 0.8573252954592255], "Sigma": [[0.026172856849993962, -0.017844912657664976, -0.018004207893135955], [-0.017844912657664976, 0.015325139252394628, 0.009244987198083579], [-0.018004207893135955, 0.009244987198083579, 0.01976710983426956]], "chi2_level": 0.997, "chi2_df": 3, "chi2_threshold": 13.931422665512084, "N_raw": 43, "N_roi": 43, "N_inlier": 43, "refit": true}
{"timestamp": "15:11:54.007899", "frame": 152, "mu": [2.110088852381763, 4.0042026621401385, -0.07132945067738072], "Sigma": [[0.019852827237257002, -0.009480741756851973, -0.013831653828578653], [-0.009480741756851973, 0.010730307701405465, -0.0006136627878497559], [-0.013831653828578653, -0.0006136627878497561, 0.021113273719431967]], "chi2_level": 0.997, "chi2_df": 3, "chi2_threshold": 13.931422665512084, "N_raw": 43, "N_roi": 43, "N_inlier": 43, "refit": true}
{"timestamp": "15:11:54.061402", "frame": 153, "mu": [2.100449043622135, 3.833684192117362, 0.7420818299973186], "Sigma": [[0.0256135312988562, -0.01293312889306927, 0.003574748219892281], [-0.01293312889306927, 0.009830881575768466, -0.003257479800503644], [0.0035747482198922806, -0.003257479800503644, 0.001982189183466779]], "chi2_level": 0.997, "chi2_df": 3, "chi2_threshold": 13.931422665512084, "N_raw": 39, "N_roi": 39, "N_inlier": 38, "refit": true}
{"timestamp": "15:11:54.117085", "frame": 154, "mu": [2.0952374885735905, 3.833570331717578, 0.9885881925929542], "Sigma": [[0.026739248171967725, -0.014317424935098988, -0.006299761678567505], [-0.014317424935098988, 0.009999484689224057, 0.0005031598278662376], [-0.006299761678567505, 0.0005031598278662375, 0.008490159707317603]], "chi2_level": 0.997, "chi2_df": 3, "chi2_threshold": 13.931422665512084, "N_raw": 42, "N_roi": 39, "N_inlier": 39, "refit": true}
{"timestamp": "15:11:54.175192", "frame": 155, "mu": [2.0836176639511734, 3.7695144755409893, 0.6711757091775139], "Sigma": [[0.025019569719508094, -0.011896140349594086, 0.003653037612166141], [-0.011896140349594086, 0.0072572082776816765, -0.004912534767324266], [0.003653037612166141, -0.004912534767324266, 0.03698227153645277]], "chi2_level": 0.997, "chi2_df": 3, "chi2_threshold": 13.931422665512084, "N_raw": 66, "N_roi": 51, "N_inlier": 49, "refit": true}
{"timestamp": "15:11:54.225622", "frame": 156, "mu": [2.030842285014751, 3.9137008587427777, 0.14962587221362608], "Sigma": [[0.00861911069435317, -0.0028229509513859313, -0.006057086602148243], [-0.002822950951385931, 0.004099964152647753, 0.0006586063347996155], [-0.006057086602148243, 0.0006586063347996153, 0.022620979022797538]], "chi2_level": 0.997, "chi2_df": 3, "chi2_threshold": 13.931422665512084, "N_raw": 19, "N_roi": 15, "N_inlier": 15, "refit": true}
{"timestamp": "15:11:54.277853", "frame": 157, "mu": [2.040044335048783, 3.810635049001343, 0.6885701093773551], "Sigma": [[0.006957047290643876, -0.003799901706442999, -0.007100528374445026], [-0.003799901706442999, 0.0037463497458421354, -0.0019709158692086974], [-0.007100528374445026, -0.0019709158692086974, 0.03350174467903537]], "chi2_level": 0.997, "chi2_df": 3, "chi2_threshold": 13.931422665512084, "N_raw": 16, "N_roi": 12, "N_inlier": 12, "refit": true}
{"timestamp": "15:11:54.337683", "frame": 158, "mu": [2.0276707276082973, 3.7632120254383423, 0.6290196376989978], "Sigma": [[0.025181191852117913, -0.015542931257876272, -0.008481111546174768], [-0.015542931257876272, 0.012572970497382773, 0.0020832398016277748], [-0.008481111546174768, 0.0020832398016277748, 0.019166414181788743]], "chi2_level": 0.997, "chi2_df": 3, "chi2_threshold": 13.931422665512084, "N_raw": 49, "N_roi": 46, "N_inlier": 46, "refit": true}
{"timestamp": "15:11:54.449338", "frame": 160, "mu": [1.973718530124676, 3.7316876931517653, 0.9790116773508364], "Sigma": [[0.01941298709438827, -0.010406712496412287, -0.003214560696839728], [-0.010406712496412287, 0.009160611984171315, -0.006551913320668509], [-0.003214560696839728, -0.006551913320668509, 0.03716529065915358]], "chi2_level": 0.997, "chi2_df": 3, "chi2_threshold": 13.931422665512084, "N_raw": 55, "N_roi": 54, "N_inlier": 54, "refit": true}
{"timestamp": "15:11:54.505133", "frame": 161, "mu": [1.9826487771790535, 3.708617254447528, 0.7666704562904347], "Sigma": [[0.02412924868495422, -0.012744892023957129, -0.012033260645662434], [-0.012744892023957129, 0.011322776197713446, 0.0007359622869200707], [-0.012033260645662434, 0.000735962286920071, 0.048501904259757256]], "chi2_level": 0.997, "chi2_df": 3, "chi2_threshold": 13.931422665512084, "N_raw": 67, "N_roi": 65, "N_inlier": 65, "refit": true}
{"timestamp": "15:11:54.556402", "frame": 162, "mu": [1.9502098439552007, 3.635356928713421, 1.0325472176048058], "Sigma": [[0.01993667266831676, -0.011595164023455848, -0.00964621324142276], [-0.011595164023455848, 0.010262975297293683, 0.005246120392907566], [-0.00964621324142276, 0.005246120392907565, 0.007317116794044858]], "chi2_level": 0.997, "chi2_df": 3, "chi2_threshold": 13.931422665512084, "N_raw": 37, "N_roi": 37, "N_inlier": 35, "refit": true}
{"timestamp": "15:11:54.611835", "frame": 163, "mu": [1.9042799708748839, 3.6640108425313485, 1.108060200613211], "Sigma": [[0.019985451505730736, -0.010388433930712242, -0.011479360049975518], [-0.010388433930712242, 0.008944481017605371, 0.005336866943944328], [-0.011479360049975518, 0.005336866943944328, 0.009107460482069509]], "chi2_level": 0.997, "chi2_df": 3, "chi2_threshold": 13.931422665512084, "N_raw": 35, "N_roi": 35, "N_inlier": 34, "refit": true}
{"timestamp": "15:11:54.664205", "frame": 164, "mu": [1.9065669729200359, 3.61277649056954, 0.9436778120397169], "Sigma": [[0.011216125040999248, -0.007019839593954414, -0.00946351758305897], [-0.007019839593954413, 0.006581021154746063, 0.0026816361507092995], [-0.00946351758305897, 0.0026816361507093, 0.01665774937489345]], "chi2_level": 0.997, "chi2_df": 3, "chi2_threshold": 13.931422665512084, "N_raw": 24, "N_roi": 21, "N_inlier": 21, "refit": true}
{"timestamp": "15:11:54.719187", "frame": 165, "mu": [1.9227528217986964, 3.557592307829696, 0.8552888801640894], "Sigma": [[0.012621003871701815, -0.008789733666627804, -0.00801953452674144], [-0.008789733666627804, 0.007029921666576738, 0.004254482744306604], [-0.008019534526741442, 0.004254482744306604, 0.010765292132954747]], "chi2_level": 0.997, "chi2_df": 3, "chi2_threshold": 13.931422665512084, "N_raw": 22, "N_roi": 22, "N_inlier": 21, "refit": true}
{"timestamp": "15:11:54.779070", "frame": 166, "mu": [1.8492894138097906, 3.6701878933163603, 0.7616545829337333], "Sigma": [[0.023038752178067716, -0.018794216566165787, -0.007787861389692392], [-0.018794216566165783, 0.024983613797365863, 0.004678743814280932], [-0.007787861389692392, 0.004678743814280932, 0.006381568729683603]], "chi2_level": 0.997, "chi2_df": 3, "chi2_threshold": 13.931422665512084, "N_raw": 60, "N_roi": 59, "N_inlier": 59, "refit": true}
{"timestamp": "15:11:54.829237", "frame": 167, "mu": [1.8875641616927308, 3.5849699706511573, 0.8520799478009298], "Sigma": [[0.013042125840331818, -0.009550512244218108, -0.015141881131952766], [-0.009550512244218108, 0.008516649019427225, 0.008631397344785394], [-0.015141881131952766, 0.008631397344785394, 0.025773230688934376]], "chi2_level": 0.997, "chi2_df": 3, "chi2_threshold": 13.931422665512084, "N_raw": 20, "N_roi": 19, "N_inlier": 19, "refit": true}
{"timestamp": "15:11:54.885351", "frame": 168, "mu": [1.7615053471990911, 3.667555692852612, 0.9513808634146915], "Sigma": [[0.01304132907623594, -0.005755557730170873, -0.009954819614586528], [-0.005755557730170873, 0.01002735826700479, -0.004405560047041125], [-0.009954819614586528, -0.004405560047041125, 0.02086320487908941]], "chi2_level": 0.997, "chi2_df": 3, "chi2_threshold": 13.931422665512084, "N_raw": 34, "N_roi": 34, "N_inlier": 34, "refit": true}
{"timestamp": "15:11:54.993473", "frame": 170, "mu": [1.7971654240649877, 3.5620252636331364, 0.9029740391965742], "Sigma": [[0.013240598849683234, -0.0066542037608272615, -0.007046350488193774], [-0.0066542037608272615, 0.003682538399875062, 0.0023180661072684725], [-0.0070463504881937734, 0.0023180661072684725, 0.014575137034254514]], "chi2_level": 0.997, "chi2_df": 3, "chi2_threshold": 13.931422665512084, "N_raw": 22, "N_roi": 21, "N_inlier": 20, "refit": true}
{"timestamp": "15:11:55.105681", "frame": 172, "mu": [1.7524237058547005, 3.5222219197835, 0.813313955737772], "Sigma": [[0.01972714838407135, -0.011160742294811258, -0.009259442358125841], [-0.011160742294811258, 0.008109339004960333, 0.0026696876283778138], [-0.00925944235812584, 0.0026696876283778138, 0.010470535837944746]], "chi2_level": 0.997, "chi2_df": 3, "chi2_threshold": 13.931422665512084, "N_raw": 37, "N_roi": 37, "N_inlier": 37, "refit": true}
{"timestamp": "15:11:55.270391", "frame": 175, "mu": [1.6470765745614997, 3.3642629676371, 0.7486091890163733], "Sigma": [[0.01587705541140339, -0.010579171092924031, -0.007491587208142608], [-0.010579171092924031, 0.00853026255918258, 0.004332507506329452], [-0.007491587208142608, 0.004332507506329452, 0.005469629986510688]], "chi2_level": 0.997, "chi2_df": 3, "chi2_threshold": 13.931422665512084, "N_raw": 28, "N_roi": 26, "N_inlier": 25, "refit": true}
{"timestamp": "15:11:55.325970", "frame": 176, "mu": [1.5647885964883932, 3.413540941762202, 0.8785858817728253], "Sigma": [[0.013786395677874841, -0.011663356362514324, -0.013944266936373321], [-0.011663356362514324, 0.015768055456977265, 0.014597951815264801], [-0.013944266936373321, 0.014597951815264801, 0.017849356492584532]], "chi2_level": 0.997, "chi2_df": 3, "chi2_threshold": 13.931422665512084, "N_raw": 35, "N_roi": 35, "N_inlier": 34, "refit": true}
{"timestamp": "15:11:55.381878", "frame": 177, "mu": [1.4584179680694946, 3.5013456163098837, 1.044197983734667], "Sigma": [[0.014956201630937652, -0.011355890861303479, -0.01768113149748648], [-0.011355890861303477, 0.015320461032925071, 0.01893517239171139], [-0.01768113149748648, 0.018935172391711386, 0.026903098443258715]], "chi2_level": 0.997, "chi2_df": 3, "chi2_threshold": 13.931422665512084, "N_raw": 36, "N_roi": 36, "N_inlier": 36, "refit": true}
{"timestamp": "15:11:55.437994", "frame": 178, "mu": [1.4168495968269637, 3.4573042908876186, 0.9212736494060417], "Sigma": [[0.021691991730457515, -0.008571899570920328, -0.0032818072387907882], [-0.008571899570920328, 0.012681340714968873, 0.006481407296642535], [-0.003281807238790788, 0.006481407296642535, 0.004546926266650021]], "chi2_level": 0.997, "chi2_df": 3, "chi2_threshold": 13.931422665512084, "N_raw": 54, "N_roi": 54, "N_inlier": 54, "refit": true}
{"timestamp": "15:11:55.490365", "frame": 179, "mu": [1.3936021564539618, 3.5032145891962743, -0.665978214749145], "Sigma": [[0.01454919323852958, 0.0052396622404251615, 0.0508001755953246], [0.005239662240425162, 0.007845444420054406, 0.030594256758117985], [0.0508001755953246, 0.030594256758117985, 0.2518015189759834]], "chi2_level": 0.997, "chi2_df": 3, "chi2_threshold": 13.931422665512084, "N_raw": 34, "N_roi": 34, "N_inlier": 34, "refit": true}
{"timestamp": "15:11:55.544189", "frame": 180, "mu": [1.3116912412262793, 3.600971272308202, 1.3584792770990304], "Sigma": [[0.009264299150011916, -0.004751497294386701, -0.007237082955084186], [-0.004751497294386701, 0.004048210768906436, 0.002844978096517168], [-0.007237082955084186, 0.0028449780965171677, 0.008875466062321946]], "chi2_level": 0.997, "chi2_df": 3, "chi2_threshold": 13.931422665512084, "N_raw": 21, "N_roi": 21, "N_inlier": 20, "refit": true}
{"timestamp": "15:11:55.598180", "frame": 181, "mu": [1.2212010313045478, 3.586369069789586, 1.2248397207595394], "Sigma": [[0.005795949716557373, -0.001892688311502458, -0.005373292589116577], [-0.001892688311502458, 0.00572887148996962, 0.0010588271158438632], [-0.005373292589116577, 0.0010588271158438632, 0.16585659660835195]], "chi2_level": 0.997, "chi2_df": 3, "chi2_threshold": 13.931422665512084, "N_raw": 17, "N_roi": 17, "N_inlier": 17, "refit": true}
{"timestamp": "15:11:55.657897", "frame": 182, "mu": [1.1656885977208291, 3.598608019594883, 1.1500414786490136], "Sigma": [[0.020799800785574023, -0.005911357074018408, -0.0031880155010681954], [-0.0059113570740184085, 0.007966955108465774, 0.003318448783997124], [-0.0031880155010681954, 0.0033184487839971245, 0.009330132661259698]], "chi2_level": 0.997, "chi2_df": 3, "chi2_threshold": 13.931422665512084, "N_raw": 51, "N_roi": 51, "N_inlier": 49, "refit": true}
{"timestamp": "15:11:55.765062", "frame": 184, "mu": [1.0493608030579418, 3.556990981396464, 1.186776255416221], "Sigma": [[0.012695941287408865, -0.005277972416520735, -0.0031033514301667987], [-0.005277972416520735, 0.006745392902369055, 0.003826143706628457], [-0.0031033514301667987, 0.003826143706628457, 0.0033244307856554883]], "chi2_level": 0.997, "chi2_df": 3, "chi2_threshold": 13.931422665512084, "N_raw": 34, "N_roi": 34, "N_inlier": 33, "refit": true}
{"timestamp": "15:11:55.878509", "frame": 186, "mu": [0.9211589037604869, 3.5401706431487905, 0.9059777130248351], "Sigma": [[0.017891013126972468, -0.0009689406705628099, 0.007066531385102908], [-0.0009689406705628103, 0.004915780229036964, -0.0012509052371939616], [0.007066531385102908, -0.0012509052371939612, 0.0057478881692253495]], "chi2_level": 0.997, "chi2_df": 3, "chi2_threshold": 13.931422665512084, "N_raw": 51, "N_roi": 50, "N_inlier": 50, "refit": true}
{"timestamp": "15:11:55.931579", "frame": 187, "mu": [0.8884068994826728, 3.6533537321187888, 1.1473922969426273], "Sigma": [[0.013670374650039478, -0.0031982647251090875, -0.011222846288006346], [-0.0031982647251090875, 0.0032335917787171906, 0.0014055665696728666], [-0.011222846288006346, 0.0014055665696728666, 0.013042493948708976]], "chi2_level": 0.997, "chi2_df": 3, "chi2_threshold": 13.931422665512084, "N_raw": 33, "N_roi": 32, "N_inlier": 32, "refit": true}
{"timestamp": "15:11:55.984917", "frame": 188, "mu": [0.8241466271866635, 3.6410766851212295, 1.168181668338194], "Sigma": [[0.014235150536061955, -0.004317331683130849, -0.008944791169772717], [-0.004317331683130849, 0.004467313096815288, 0.004580017545113318], [-0.008944791169772717, 0.004580017545113316, 0.008420129616211325]], "chi2_level": 0.997, "chi2_df": 3, "chi2_threshold": 13.931422665512084, "N_raw": 31, "N_roi": 27, "N_inlier": 26, "refit": true}
{"timestamp": "15:11:56.038901", "frame": 189, "mu": [0.7484063068560601, 3.690428838551977, 1.3334205562381574], "Sigma": [[0.005938816042891429, -0.0017354617077826263, -0.0037085638295778684], [-0.0017354617077826263, 0.0013194881188472697, -0.0006771814138530659], [-0.003708563829577868, -0.0006771814138530658, 0.016795350041929107]], "chi2_level": 0.997, "chi2_df": 3, "chi2_threshold": 13.931422665512084, "N_raw": 23, "N_roi": 17, "N_inlier": 17, "refit": true}
{"timestamp": "15:11:56.092788", "frame": 190, "mu": [0.6841215871446731, 3.7337567485345233, 1.4681522362448216], "Sigma": [[0.006057071842040871, -3.1158278142035054e-05, -0.014557997696982536], [-3.115827814203516e-05, 0.0013894020940118871, -0.0010000518327196852], [-0.014557997696982536, -0.0010000518327196854, 0.038700969539300606]], "chi2_level": 0.997, "chi2_df": 3, "chi2_threshold": 13.931422665512084, "N_raw": 12, "N_roi": 11, "N_inlier": 10, "refit": true}
{"timestamp": "15:11:56.149892", "frame": 191, "mu": [0.7297916326726283, 3.6999806320850572, 1.3702344343765231], "Sigma": [[0.014708529762778262, -0.003110263772675376, -0.005744833175531872], [-0.003110263772675376, 0.0016782892238318802, -0.0001628274186866797], [-0.005744833175531872, -0.00016282741868667966, 0.007459461944549181]], "chi2_level": 0.997, "chi2_df": 3, "chi2_threshold": 13.931422665512084, "N_raw": 31, "N_roi": 28, "N_inlier": 25, "refit": true}
