{"timestamp": "15:22:44.702974", "frame": 28, "mu": [2.354736066883395, 0.9293985940190559, -0.9415428607322025], "Sigma": [[0.0036018143579518045, -0.001506859557871676, -0.006407216776285536], [-0.001506859557871676, 0.007077116423566191, -0.0020678011791427317], [-0.006407216776285537, -0.0020678011791427317, 0.025263871318399373]], "chi2_level": 0.997, "chi2_df": 3, "chi2_threshold": 13.931422665512084, "N_raw": 14, "N_roi": 14, "N_inlier": 14, "refit": true}
{"timestamp": "15:22:45.197970", "frame": 37, "mu": [1.8680456317525498, 0.8060964153656333, 1.2158833270947746], "Sigma": [[0.0021629894530019907, 0.002341771485562546, -0.006715388825644906], [0.002341771485562546, 0.005485788020123862, -0.00942981376588561], [-0.006715388825644906, -0.00942981376588561, 0.031676449479947556]], "chi2_level": 0.997, "chi2_df": 3, "chi2_threshold": 13.931422665512084, "N_raw": 10, "N_roi": 10, "N_inlier": 10, "refit": true}
{"timestamp": "15:22:45.254624", "frame": 38, "mu": [1.8276035339953323, 0.7365584120048864, 1.3199413836196858], "Sigma": [[0.002858807387760171, -0.002285406254698988, -0.00377539348821436], [-0.002285406254698988, 0.0062863342054359644, -0.0017392414290510268], [-0.00377539348821436, -0.0017392414290510268, 0.015163319527802721]], "chi2_level": 0.997, "chi2_df": 3, "chi2_threshold": 13.931422665512084, "N_raw": 24, "N_roi": 24, "N_inlier": 22, "refit": true}
{"timestamp": "15:22:45.313415", "frame": 39, "mu": [1.8002576352960638, 0.7525563237239623, 1.1893969877419912], "Sigma": [[0.00440975302088837, -0.005484385549304633, -0.00421280163294751], [-0.005484385549304633, 0.008858153770933972, 0.00075130815687354], [-0.00421280163294751, 0.0007513081568735396, 0.014549903007529145]], "chi2_level": 0.997, "chi2_df": 3, "chi2_threshold": 13.931422665512084, "N_raw": 35, "N_roi": 35, "N_inlier": 34, "refit": true}
{"timestamp": "15:22:45.367458", "frame": 40, "mu": [1.6743386840720702, 0.8072852592885454, 1.359851809606178], "Sigma": [[0.003628804453712633, -0.0034099917372156993, -0.0033862233545945176], [-0.0034099917372156993, 0.008089432337309403, -0.0005769014520118958], [-0.0033862233545945176, -0.0005769014520118958, 0.009685095105755602]], "chi2_level": 0.997, "chi2_df": 3, "chi2_threshold": 13.931422665512084, "N_raw": 29, "N_roi": 29, "N_inlier": 29, "refit": true}
{"timestamp": "15:22:45.424479", "frame": 41, "mu": [1.651446751511318, 0.7547021260407917, 1.3132333582645088], "Sigma": [[0.00609246735427768, -0.0057328638967792485, -0.007203630501110211], [-0.0057328638967792485, 0.009543168463008537, 0.0019843829544515836], [-0.007203630501110211, 0.0019843829544515836, 0.022226335326577914]], "chi2_level": 0.997, "chi2_df": 3, "chi2_threshold": 13.931422665512084, "N_raw": 45, "N_roi": 45, "N_inlier": 44, "refit": true}
{"timestamp": "15:22:45.477723", "frame": 42, "mu": [1.5681899641115966, 0.7640852826517319, 1.3788214726082733], "Sigma": [[0.005066099741003195, -0.0031472345387952424, -0.005988710377340124], [-0.003147234538795242, 0.00741292267418149, 0.0009623833595419073], [-0.005988710377340124, 0.0009623833595419073, 0.017641686479184758]], "chi2_level": 0.997, "chi2_df": 3, "chi2_threshold": 13.931422665512084, "N_raw": 31, "N_roi": 31, "N_inlier": 30, "refit": true}
{"timestamp": "15:22:45.530464", "frame": 43, "mu": [1.5512840018396656, 0.7611558187798714, 1.2784311872215213], "Sigma": [[0.00681669740206894, -0.004956266889672157, -0.02057149162573479], [-0.004956266889672157, 0.009441438045107647, 0.016015488152241283], [-0.020571491625734795, 0.016015488152241283, 0.0757704655832433]], "chi2_level": 0.997, "chi2_df": 3, "chi2_threshold": 13.931422665512084, "N_raw": 17, "N_roi": 17, "N_inlier": 17, "refit": true}
{"timestamp": "15:22:45.586504", "frame": 44, "mu": [1.570488928042752, 0.693375821407507, 0.9948289675281887], "Sigma": [[0.005615304886315241, -0.006781239327871627, -0.01226646281636671], [-0.006781239327871627, 0.011932313864053426, 0.00906823411238718], [-0.01226646281636671, 0.00906823411238718, 0.0391865695828704]], "chi2_level": 0.997, "chi2_df": 3, "chi2_threshold": 13.931422665512084, "N_raw": 21, "N_roi": 21, "N_inlier": 20, "refit": true}
{"timestamp": "15:22:45.643592", "frame": 45, "mu": [1.4546928354433795, 0.7486306034690158, 1.2254731863372774], "Sigma": [[0.005321152816999223, -0.004461120320036003, -0.007413722771994334], [-0.004461120320036003, 0.006228039619315346, 0.003666818332759453], [-0.007413722771994334, 0.0036668183327594533, 0.01592768737547824]], "chi2_level": 0.997, "chi2_df": 3, "chi2_threshold": 13.931422665512084, "N_raw": 34, "N_roi": 34, "N_inlier": 33, "refit": true}
{"timestamp": "15:22:45.696827", "frame": 46, "mu": [1.4374531670087263, 0.673752861360509, 1.2067558149853073], "Sigma": [[0.0038456763676389203, -0.0020638459183539844, -0.0029028713922899002], [-0.002063845918353985, 0.004254652579579252, 0.0005457866287115571], [-0.0029028713922899007, 0.000545786628711557, 0.0071796102442433255]], "chi2_level": 0.997, "chi2_df": 3, "chi2_threshold": 13.931422665512084, "N_raw": 26, "N_roi": 26, "N_inlier": 24, "refit": true}
{"timestamp": "15:22:45.750981", "frame": 47, "mu": [1.3206708508696763, 0.7737670045357603, 1.3602640177007794], "Sigma": [[0.0027915556243248256, -0.0011772163168093095, -0.0038922238697412063], [-0.0011772163168093095, 0.003472195650969242, -0.0034934664720620537], [-0.0038922238697412068, -0.003493466472062054, 0.05535971962075903]], "chi2_level": 0.997, "chi2_df": 3, "chi2_threshold": 13.931422665512084, "N_raw": 20, "N_roi": 19, "N_inlier": 19, "refit": true}
{"timestamp": "15:22:45.806850", "frame": 48, "mu": [1.242648396039711, 0.7981099690483844, 1.3607253632646357], "Sigma": [[0.0022819456435016904, -4.041253994000121e-05, -0.007883848393936702], [-4.041253994000118e-05, 0.0019115612186992503, -0.002000900409312061], [-0.007883848393936702, -0.002000900409312061, 0.05304951084154072]], "chi2_level": 0.997, "chi2_df": 3, "chi2_threshold": 13.931422665512084, "N_raw": 18, "N_roi": 18, "N_inlier": 18, "refit": true}
{"timestamp": "15:22:45.862283", "frame": 49, "mu": [1.1856095147280732, 0.8141576286735415, 1.4421821546323568], "Sigma": [[0.0037825537055462656, -0.0003458050382468386, -0.004277877703920737], [-0.00034580503824683867, 0.0036055091330327227, 0.0018176790827089061], [-0.004277877703920737, 0.0018176790827089066, 0.03984667897881654]], "chi2_level": 0.997, "chi2_df": 3, "chi2_threshold": 13.931422665512084, "N_raw": 32, "N_roi": 32, "N_inlier": 31, "refit": true}
{"timestamp": "15:22:45.919374", "frame": 50, "mu": [1.105228100253294, 0.8244961862938401, 1.3732844989591189], "Sigma": [[0.005971913132130282, -0.002024667490994791, -0.00985441932542782], [-0.002024667490994791, 0.004553991054794716, -0.0014876813066418261], [-0.00985441932542782, -0.0014876813066418265, 0.061368719382135395]], "chi2_level": 0.997, "chi2_df": 3, "chi2_threshold": 13.931422665512084, "N_raw": 45, "N_roi": 45, "N_inlier": 45, "refit": true}
{"timestamp": "15:22:45.972673", "frame": 51, "mu": [1.079279310631778, 0.837253926238184, 1.165688804021173], "Sigma": [[0.005479310669094695, -0.002917218079597203, -0.02160614748578411], [-0.002917218079597203, 0.0034391632389145967, 0.01102879521239695], [-0.021606147485784113, 0.011028795212396948, 0.15337155948244144]], "chi2_level": 0.997, "chi2_df": 3, "chi2_threshold": 13.931422665512084, "N_raw": 28, "N_roi": 28, "N_inlier": 27, "refit": true}
{"timestamp": "15:22:46.029402", "frame": 52, "mu": [0.975362823954865, 0.857654125101641, 1.4061547472701514], "Sigma": [[0.0051363809680800366, -0.002355725983357899, -0.005782515716348208], [-0.0023557259833578985, 0.0037165508911277305, 0.0013151547623715073], [-0.005782515716348208, 0.0013151547623715077, 0.017867083934771696]], "chi2_level": 0.997, "chi2_df": 3, "chi2_threshold": 13.931422665512084, "N_raw": 46, "N_roi": 46, "N_inlier": 43, "refit": true}
{"timestamp": "15:22:46.083901", "frame": 53, "mu": [0.8808185354095484, 0.8928984271994035, 1.4670990687790244], "Sigma": [[0.00545216859460462, -0.0020968437307478187, -0.0045735290612026035], [-0.0020968437307478187, 0.0033415981099315564, 0.0020950228160602708], [-0.0045735290612026035, 0.0020950228160602708, 0.006073785628176989]], "chi2_level": 0.997, "chi2_df": 3, "chi2_threshold": 13.931422665512084, "N_raw": 38, "N_roi": 38, "N_inlier": 35, "refit": true}
{"timestamp": "15:22:46.139368", "frame": 54, "mu": [0.8640509877688095, 0.8551693017904384, 1.4204942554921238], "Sigma": [[0.004597810901549729, -0.0008717353099871013, -0.0031381412368824495], [-0.0008717353099871014, 0.002635848171353851, -0.0009111836769117502], [-0.0031381412368824495, -0.0009111836769117502, 0.003551603806034716]], "chi2_level": 0.997, "chi2_df": 3, "chi2_threshold": 13.931422665512084, "N_raw": 46, "N_roi": 46, "N_inlier": 45, "refit": true}
{"timestamp": "15:22:46.198567", "frame": 55, "mu": [0.8352647791211659, 0.832348291316368, 1.3438239159181522], "Sigma": [[0.008554077877772745, -0.000839031381345495, -0.007176585296895789], [-0.000839031381345495, 0.0032258378017694317, -0.0016118258821051553], [-0.007176585296895789, -0.0016118258821051553, 0.008325645707774497]], "chi2_level": 0.997, "chi2_df": 3, "chi2_threshold": 13.931422665512084, "N_raw": 76, "N_roi": 76, "N_inlier": 76, "refit": true}
{"timestamp": "15:22:46.251805", "frame": 56, "mu": [0.7612677617850782, 0.8357122418231077, 1.3655382237459603], "Sigma": [[0.005571185712148092, -0.0010216326557280734, -0.004375164425397119], [-0.0010216326557280734, 0.002008470364624507, 0.00033299181166051694], [-0.004375164425397119, 0.0003329918116605171, 0.01137255903394146]], "chi2_level": 0.997, "chi2_df": 3, "chi2_threshold": 13.931422665512084, "N_raw": 58, "N_roi": 58, "N_inlier": 55, "refit": true}
{"timestamp": "15:22:46.308819", "frame": 57, "mu": [0.7200486021059155, 0.81542099002955, 1.2648400400872764], "Sigma": [[0.008097463803157201, -0.0032783321088730617, -0.013310785546948003], [-0.0032783321088730617, 0.0036308387856148283, 0.002630229876973874], [-0.013310785546948, 0.0026302298769738737, 0.03307830125113317]], "chi2_level": 0.997, "chi2_df": 3, "chi2_threshold": 13.931422665512084, "N_raw": 70, "N_roi": 70, "N_inlier": 69, "refit": true}
{"timestamp": "15:22:46.365533", "frame": 58, "mu": [0.6803910984382149, 0.7834013643498439, 1.3077315740534652], "Sigma": [[0.007573142027577879, -0.001720926995573992, -0.010261976850590066], [-0.001720926995573992, 0.0028888020062490345, 0.005407514902688374], [-0.010261976850590066, 0.005407514902688374, 0.046411154990585304]], "chi2_level": 0.997, "chi2_df": 3, "chi2_threshold": 13.931422665512084, "N_raw": 85, "N_roi": 84, "N_inlier": 83, "refit": true}
{"timestamp": "15:22:46.421207", "frame": 59, "mu": [0.6006331677097976, 0.785619394947032, 1.2119483354182705], "Sigma": [[0.003775460413521246, -0.001116319715558593, -0.004330915532738547], [-0.001116319715558593, 0.0028750790974915595, 0.008477681363831365], [-0.004330915532738547, 0.008477681363831365, 0.09179157857917043]], "chi2_level": 0.997, "chi2_df": 3, "chi2_threshold": 13.931422665512084, "N_raw": 82, "N_roi": 80, "N_inlier": 80, "refit": true}
{"timestamp": "15:22:46.474545", "frame": 60, "mu": [0.5186799891082605, 0.7946645759689936, 1.0807271472101179], "Sigma": [[0.0023107931390240937, -0.0012192594639227035, -0.006642072219279217], [-0.0012192594639227035, 0.0024726166669612488, 0.005031542084843787], [-0.006642072219279217, 0.005031542084843787, 0.12341471045607397]], "chi2_level": 0.997, "chi2_df": 3, "chi2_threshold": 13.931422665512084, "N_raw": 73, "N_roi": 72, "N_inlier": 71, "refit": true}
{"timestamp": "15:22:46.530740", "frame": 61, "mu": [0.4517506034710761, 0.8205398193123815, 1.1610644781748105], "Sigma": [[0.0033877514727431828, -0.0040472119498988325, -0.014738141864183395], [-0.0040472119498988325, 0.008568786920881128, 0.020692716686160136], [-0.014738141864183395, 0.020692716686160136, 0.13158244956392173]], "chi2_level": 0.997, "chi2_df": 3, "chi2_threshold": 13.931422665512084, "N_raw": 83, "N_roi": 83, "N_inlier": 83, "refit": true}
{"timestamp": "15:22:46.581251", "frame": 62, "mu": [0.43596898892347297, 0.8626543824696691, 1.3680309099628876], "Sigma": [[0.0037812486720554227, 0.0013684387143509968, -0.003976519229662478], [0.0013684387143509966, 0.0018682985236921068, -0.00035155177742989896], [-0.003976519229662479, -0.000351551777429899, 0.02601352564821278]], "chi2_level": 0.997, "chi2_df": 3, "chi2_threshold": 13.931422665512084, "N_raw": 54, "N_roi": 54, "N_inlier": 52, "refit": true}
{"timestamp": "15:22:46.636116", "frame": 63, "mu": [0.32331717098234103, 0.8779156200302114, 1.3464027601096977], "Sigma": [[0.0022574406856492295, -0.00023355797881882955, -0.00419261133711334], [-0.00023355797881882955, 0.0021361335987248853, 0.002656469116086308], [-0.00419261133711334, 0.002656469116086308, 0.04839552210463853]], "chi2_level": 0.997, "chi2_df": 3, "chi2_threshold": 13.931422665512084, "N_raw": 58, "N_roi": 58, "N_inlier": 53, "refit": true}
{"timestamp": "15:22:46.700524", "frame": 64, "mu": [0.3647427750676564, 0.813078273072925, 1.1249034598743246], "Sigma": [[0.0054784646255477045, -0.0011499586689858693, -0.0052358524557946096], [-0.0011499586689858688, 0.002919802116002242, 0.00921481518419304], [-0.0052358524557946096, 0.00921481518419304, 0.11094352394582564]], "chi2_level": 0.997, "chi2_df": 3, "chi2_threshold": 13.931422665512084, "N_raw": 111, "N_roi": 111, "N_inlier": 106, "refit": true}
{"timestamp": "15:22:46.755617", "frame": 65, "mu": [0.2608879600202675, 0.8258787555879878, 1.1778861034140449], "Sigma": [[0.005080344056465304, -0.0024878655226222234, -0.016000524620698366], [-0.0024878655226222234, 0.004081235445973693, 0.012421275290438832], [-0.016000524620698366, 0.012421275290438832, 0.0964657121589395]], "chi2_level": 0.997, "chi2_df": 3, "chi2_threshold": 13.931422665512084, "N_raw": 114, "N_roi": 114, "N_inlier": 110, "refit": true}
{"timestamp": "15:22:46.806791", "frame": 66, "mu": [0.18460643304777513, 0.8603226512477511, 1.2503875761230663], "Sigma": [[0.007852575649967015, -0.0011535086486327388, -0.0036438671445199224], [-0.001153508648632739, 0.002591182041308525, 0.006174461009382109], [-0.0036438671445199224, 0.006174461009382109, 0.1465838657161668]], "chi2_level": 0.997, "chi2_df": 3, "chi2_threshold": 13.931422665512084, "N_raw": 83, "N_roi": 81, "N_inlier": 79, "refit": true}
{"timestamp": "15:22:46.856448", "frame": 67, "mu": [0.11405470626585208, 0.8231030156984771, 1.2000121145123481], "Sigma": [[0.002715768194213816, -0.0006876671274925113, -0.010905570990237376], [-0.0006876671274925113, 0.0009066516466687543, 0.002346697773935003], [-0.010905570990237376, 0.002346697773935003, 0.08238904988352491]], "chi2_level": 0.997, "chi2_df": 3, "chi2_threshold": 13.931422665512084, "N_raw": 51, "N_roi": 51, "N_inlier": 49, "refit": true}
{"timestamp": "15:22:46.905727", "frame": 68, "mu": [0.026160687186419476, 0.803513755276056, 1.4004764316693277], "Sigma": [[0.001653337782699519, -0.0007030296991853498, -0.004104722131784786], [-0.0007030296991853498, 0.0010517355961732215, 0.0011853591287182006], [-0.004104722131784786, 0.001185359128718201, 0.012501678885739073]], "chi2_level": 0.997, "chi2_df": 3, "chi2_threshold": 13.931422665512084, "N_raw": 19, "N_roi": 19, "N_inlier": 17, "refit": true}
{"timestamp": "15:22:46.969361", "frame": 69, "mu": [-0.005335070862591958, 0.8307914835047384, 1.3229059404511334], "Sigma": [[0.0024046823399954454, -0.001106787991606007, -0.0025894411242035204], [-0.001106787991606007, 0.003261408194511872, -0.001158811757842292], [-0.0025894411242035204, -0.001158811757842292, 0.013718391256622001]], "chi2_level": 0.997, "chi2_df": 3, "chi2_threshold": 13.931422665512084, "N_raw": 80, "N_roi": 80, "N_inlier": 78, "refit": true}
{"timestamp": "15:22:47.031052", "frame": 70, "mu": [-0.056009804099654455, 0.7924907701778194, 1.2855738877268332], "Sigma": [[0.004582366396936264, -0.004674817122968965, -0.0058549261838715975], [-0.004674817122968966, 0.00812702452234085, 0.00400010234171709], [-0.005854926183871597, 0.00400010234171709, 0.02477662998403332]], "chi2_level": 0.997, "chi2_df": 3, "chi2_threshold": 13.931422665512084, "N_raw": 120, "N_roi": 120, "N_inlier": 116, "refit": true}
{"timestamp": "15:22:47.087637", "frame": 71, "mu": [-0.11468755828815552, 0.8028590423599589, 1.3398316318657533], "Sigma": [[0.0058304656659161885, -0.005897985626520745, -0.008544045793154466], [-0.005897985626520745, 0.010246034110685425, 0.0054724019895294705], [-0.008544045793154466, 0.0054724019895294705, 0.018674560159884956]], "chi2_level": 0.997, "chi2_df": 3, "chi2_threshold": 13.931422665512084, "N_raw": 125, "N_roi": 124, "N_inlier": 120, "refit": true}
{"timestamp": "15:22:47.141883", "frame": 72, "mu": [-0.16610679498967879, 0.7471473118785779, 1.3336891500185761], "Sigma": [[0.008434093939758483, -0.009441526055651229, -0.012295826282345525], [-0.009441526055651229, 0.013924596978128803, 0.012526395187813157], [-0.012295826282345525, 0.012526395187813157, 0.022761388625110908]], "chi2_level": 0.997, "chi2_df": 3, "chi2_threshold": 13.931422665512084, "N_raw": 120, "N_roi": 120, "N_inlier": 118, "refit": true}
{"timestamp": "15:22:47.194991", "frame": 73, "mu": [-0.2839054457619151, 0.8379004223504114, 1.4291385046105864], "Sigma": [[0.008003666569541887, -0.0033463952837230583, -0.00880156840701847], [-0.003346395283723059, 0.004737724711744458, 0.0019767533186153996], [-0.00880156840701847, 0.0019767533186154, 0.01333755810381444]], "chi2_level": 0.997, "chi2_df": 3, "chi2_threshold": 13.931422665512084, "N_raw": 105, "N_roi": 105, "N_inlier": 103, "refit": true}
{"timestamp": "15:22:47.241991", "frame": 74, "mu": [-0.4124752483407073, 0.8287676088669543, 1.4719992148159522], "Sigma": [[0.004916427537205757, -0.0019279302872134256, -0.0016238264428139284], [-0.001927930287213426, 0.003026511897387921, -0.007089534060242277], [-0.0016238264428139284, -0.007089534060242277, 0.0730748810082199]], "chi2_level": 0.997, "chi2_df": 3, "chi2_threshold": 13.931422665512084, "N_raw": 60, "N_roi": 60, "N_inlier": 57, "refit": true}
{"timestamp": "15:22:47.299593", "frame": 75, "mu": [-0.2735255328080558, 0.7468738811053216, 1.1766865328003606], "Sigma": [[0.0029262998620879516, -0.0036564906333013693, 0.0033843090727093857], [-0.003656490633301369, 0.008842824628605679, -0.010697532762882283], [0.0033843090727093865, -0.010697532762882283, 0.02678169189539126]], "chi2_level": 0.997, "chi2_df": 3, "chi2_threshold": 13.931422665512084, "N_raw": 72, "N_roi": 69, "N_inlier": 66, "refit": true}
{"timestamp": "15:22:47.365267", "frame": 76, "mu": [-0.44676468440613065, 0.7662472590087777, 0.45989081446833624], "Sigma": [[0.017178833023926664, -0.012229308385242263, 0.0884063842898916], [-0.012229308385242263, 0.013756367149191982, -0.04984296608266647], [0.0884063842898916, -0.04984296608266647, 0.7137566568355062]], "chi2_level": 0.997, "chi2_df": 3, "chi2_threshold": 13.931422665512084, "N_raw": 148, "N_roi": 146, "N_inlier": 139, "refit": true}
{"timestamp": "15:22:47.420944", "frame": 77, "mu": [-0.5874445619870241, 0.7667720369636017, 0.6000784589030782], "Sigma": [[0.04844592059804104, -0.003910451486665999, 0.1221563360490415], [-0.003910451486665999, 0.012695335336010673, -0.025708673772192856], [0.1221563360490415, -0.025708673772192853, 0.5171495330403815]], "chi2_level": 0.997, "chi2_df": 3, "chi2_threshold": 13.931422665512084, "N_raw": 149, "N_roi": 149, "N_inlier": 149, "refit": true}
{"timestamp": "15:22:47.473220", "frame": 78, "mu": [-0.6584491731033413, 0.7538205642725677, 1.4893333704595884], "Sigma": [[0.03816663425246562, -0.001632580192694676, -0.03772082346669346], [-0.001632580192694676, 0.009317442889551216, 0.0001619902304401885], [-0.03772082346669346, 0.00016199023044018764, 0.04304961423050514]], "chi2_level": 0.997, "chi2_df": 3, "chi2_threshold": 13.931422665512084, "N_raw": 134, "N_roi": 134, "N_inlier": 133, "refit": true}
{"timestamp": "15:22:47.530536", "frame": 79, "mu": [-0.7621925087416055, 0.7232620213344174, 1.5286747176282516], "Sigma": [[0.04452449705260714, -0.0010666130686103805, -0.044374029454138646], [-0.001066613068610381, 0.007247721590982258, -0.0018249114864084559], [-0.044374029454138646, -0.0018249114864084559, 0.05208160768450616]], "chi2_level": 0.997, "chi2_df": 3, "chi2_threshold": 13.931422665512084, "N_raw": 150, "N_roi": 150, "N_inlier": 150, "refit": true}
{"timestamp": "15:22:47.573955", "frame": 80, "mu": [-0.7997390428910738, 0.6676414817645391, 1.5337801809676486], "Sigma": [[0.05735648560717023, -0.0035676235420592944, -0.07493291069693431], [-0.003567623542059295, 0.006509860506159552, 0.0024754143504406873], [-0.07493291069693432, 0.002475414350440687, 0.10135041315197554]], "chi2_level": 0.997, "chi2_df": 3, "chi2_threshold": 13.931422665512084, "N_raw": 70, "N_roi": 70, "N_inlier": 69, "refit": true}
{"timestamp": "15:22:47.632829", "frame": 81, "mu": [-0.7914949321618665, 0.6756166849694029, 1.4482399658461196], "Sigma": [[0.06446900237024947, 0.004330084875207852, -0.0604598758689302], [0.004330084875207852, 0.005383282046281545, -0.00690716563899863], [-0.0604598758689302, -0.00690716563899863, 0.06307344737376866]], "chi2_level": 0.997, "chi2_df": 3, "chi2_threshold": 13.931422665512084, "N_raw": 102, "N_roi": 102, "N_inlier": 102, "refit": true}
{"timestamp": "15:22:47.692444", "frame": 82, "mu": [-0.8649446567145364, 0.6879241413035448, 1.481256228656754], "Sigma": [[0.045373355047765254, -0.0030985348863242345, -0.042407699633439176], [-0.0030985348863242345, 0.007915068221247273, -6.80935010846746e-05], [-0.042407699633439176, -6.80935010846746e-05, 0.04661772129843042]], "chi2_level": 0.997, "chi2_df": 3, "chi2_threshold": 13.931422665512084, "N_raw": 129, "N_roi": 129, "N_inlier": 129, "refit": true}
{"timestamp": "15:22:47.742606", "frame": 83, "mu": [-0.970845324037482, 0.689010488625841, 1.494149701109971], "Sigma": [[0.03471062934544193, 0.003787341043856968, -0.02459264808847332], [0.003787341043856968, 0.007056709811733079, -0.006983546693062109], [-0.02459264808847332, -0.006983546693062109, 0.02415613649850974]], "chi2_level": 0.997, "chi2_df": 3, "chi2_threshold": 13.931422665512084, "N_raw": 91, "N_roi": 91, "N_inlier": 89, "refit": true}
{"timestamp": "15:22:47.790417", "frame": 84, "mu": [-1.096409391648441, 0.6830974646057727, 1.5024264261282234], "Sigma": [[0.01778343967923985, 0.007226254128292742, -0.013792785154037066], [0.007226254128292743, 0.004879831100687211, -0.007033972074322861], [-0.013792785154037066, -0.007033972074322861, 0.027574105637510428]], "chi2_level": 0.997, "chi2_df": 3, "chi2_threshold": 13.931422665512084, "N_raw": 49, "N_roi": 49, "N_inlier": 47, "refit": true}
{"timestamp": "15:22:47.848268", "frame": 85, "mu": [-1.109315650678114, 0.7258673683559357, 1.5407123148243782], "Sigma": [[0.011902244200197004, 0.0036216938853841744, -0.0063008210074020216], [0.0036216938853841744, 0.00650708202389537, -0.005339986372652409], [-0.006300821007402021, -0.005339986372652409, 0.00624721376197078]], "chi2_level": 0.997, "chi2_df": 3, "chi2_threshold": 13.931422665512084, "N_raw": 76, "N_roi": 76, "N_inlier": 74, "refit": true}
{"timestamp": "15:22:47.905829", "frame": 86, "mu": [-1.0881266777301575, 0.7471867064330244, 1.4395179709395798], "Sigma": [[0.019744457239324158, 0.008268352354506316, -0.024587624956290372], [0.008268352354506316, 0.008669394777965512, -0.014130849226874624], [-0.024587624956290376, -0.014130849226874624, 0.04543046060982241]], "chi2_level": 0.997, "chi2_df": 3, "chi2_threshold": 13.931422665512084, "N_raw": 86, "N_roi": 86, "N_inlier": 85, "refit": true}
{"timestamp": "15:22:47.956373", "frame": 87, "mu": [-1.2118140232542451, 0.6333969393917618, 1.4609681821000788], "Sigma": [[0.010346161763984615, 0.001875150261137274, -0.003947766028932227], [0.0018751502611372736, 0.004526079282918924, -0.0021808352573353313], [-0.003947766028932227, -0.0021808352573353313, 0.0052761893616606005]], "chi2_level": 0.997, "chi2_df": 3, "chi2_threshold": 13.931422665512084, "N_raw": 53, "N_roi": 53, "N_inlier": 49, "refit": true}
{"timestamp": "15:22:48.012589", "frame": 88, "mu": [-1.2186034300116657, 0.5619638281034942, 1.4076501850113952], "Sigma": [[0.011287411497946013, 0.0017153250656928491, -0.006475796544253187], [0.0017153250656928493, 0.007512727931313633, -0.005034275670331679], [-0.006475796544253185, -0.005034275670331679, 0.009183731516579786]], "chi2_level": 0.997, "chi2_df": 3, "chi2_threshold": 13.931422665512084, "N_raw": 64, "N_roi": 64, "N_inlier": 61, "refit": true}
{"timestamp": "15:22:48.064894", "frame": 89, "mu": [-1.1816133873517707, 0.8151289713685064, -0.5563230701486276], "Sigma": [[0.0066350467400105, 0.013564506121575302, -0.009123876770400385], [0.013564506121575302, 0.05976235371115517, -0.0523700900417022], [-0.009123876770400385, -0.0523700900417022, 0.0719005820429138]], "chi2_level": 0.997, "chi2_df": 3, "chi2_threshold": 13.931422665512084, "N_raw": 50, "N_roi": 50, "N_inlier": 50, "refit": true}
{"timestamp": "15:22:48.127813", "frame": 90, "mu": [-1.2577594913302823, 0.6866221040627344, 1.2708200338647926], "Sigma": [[0.014673292005864815, 0.008522074412312793, -0.03236608366665788], [0.008522074412312793, 0.017861976226442106, -0.04265998001023913], [-0.03236608366665788, -0.04265998001023913, 0.14792286375103333]], "chi2_level": 0.997, "chi2_df": 3, "chi2_threshold": 13.931422665512084, "N_raw": 103, "N_roi": 96, "N_inlier": 96, "refit": true}
{"timestamp": "15:22:48.178213", "frame": 91, "mu": [-1.3115081061163436, 0.6041078308397523, 1.2359085229272253], "Sigma": [[0.0071561322397689885, 0.0018144919621082237, -0.016813066520486874], [0.001814491962108223, 0.038480023560054685, -0.05300914140313431], [-0.016813066520486877, -0.05300914140313431, 0.14095959195746227]], "chi2_level": 0.997, "chi2_df": 3, "chi2_threshold": 13.931422665512084, "N_raw": 67, "N_roi": 67, "N_inlier": 64, "refit": true}
{"timestamp": "15:22:48.232749", "frame": 92, "mu": [-1.388140628284759, 0.6055786146322998, 1.4156672957141407], "Sigma": [[0.007924032657013353, -0.0005496380266433256, -0.003446059494736027], [-0.0005496380266433258, 0.012588983312118015, -0.005872405546405859], [-0.003446059494736026, -0.005872405546405859, 0.012044448297325707]], "chi2_level": 0.997, "chi2_df": 3, "chi2_threshold": 13.931422665512084, "N_raw": 67, "N_roi": 67, "N_inlier": 66, "refit": true}
{"timestamp": "15:22:48.288604", "frame": 93, "mu": [-1.4146986254613931, 0.5333021555759779, 1.3196689331602565], "Sigma": [[0.007273894253094827, 0.00103450862288501, 0.0006784178329040267], [0.0010345086228850102, 0.00979450482934958, -0.003100883822788269], [0.0006784178329040265, -0.0031008838227882694, 0.018517465106648857]], "chi2_level": 0.997, "chi2_df": 3, "chi2_threshold": 13.931422665512084, "N_raw": 68, "N_roi": 68, "N_inlier": 66, "refit": true}
{"timestamp": "15:22:48.342085", "frame": 94, "mu": [-1.4757304431558822, 0.5888253196677378, 1.3748660271422977], "Sigma": [[0.007337836784402872, 5.057811840472918e-05, -0.0015017226651688955], [5.057811840472926e-05, 0.01256809083405769, -0.006844062177812834], [-0.0015017226651688955, -0.0068440621778128345, 0.005451349064740961]], "chi2_level": 0.997, "chi2_df": 3, "chi2_threshold": 13.931422665512084, "N_raw": 60, "N_roi": 60, "N_inlier": 58, "refit": true}
{"timestamp": "15:22:48.396933", "frame": 95, "mu": [-1.5283702910669439, 0.633625276710688, 1.3564335668796508], "Sigma": [[0.006893882680235392, 0.0014225369648212891, -0.00031912859472211055], [0.001422536964821289, 0.008235564676816609, -0.007793913550785518], [-0.0003191285947221105, -0.007793913550785518, 0.013310689415772955]], "chi2_level": 0.997, "chi2_df": 3, "chi2_threshold": 13.931422665512084, "N_raw": 61, "N_roi": 61, "N_inlier": 60, "refit": true}
{"timestamp": "15:22:48.450835", "frame": 96, "mu": [-1.536152274648279, 0.6125064738133845, 1.2852356914426504], "Sigma": [[0.005214780134063599, 0.0021410042972355983, -0.000389254704214491], [0.0021410042972355983, 0.008847624882086435, -0.008637984189397829], [-0.0003892547042144911, -0.008637984189397829, 0.014610056750738613]], "chi2_level": 0.997, "chi2_df": 3, "chi2_threshold": 13.931422665512084, "N_raw": 54, "N_roi": 54, "N_inlier": 53, "refit": true}
{"timestamp": "15:22:48.507606", "frame": 97, "mu": [-1.6113605077905875, 0.6199739860799676, 1.3090643876955235], "Sigma": [[0.009651462287262476, 0.000809250516414513, -0.0007193720002211083], [0.000809250516414513, 0.013520066400002577, -0.006684115299886481], [-0.0007193720002211082, -0.006684115299886481, 0.008648435350067001]], "chi2_level": 0.997, "chi2_df": 3, "chi2_threshold": 13.931422665512084, "N_raw": 68, "N_roi": 68, "N_inlier": 68, "refit": true}
{"timestamp": "15:22:48.563196", "frame": 98, "mu": [-1.6665060273238494, 0.5578719452797772, 1.199936033206713], "Sigma": [[0.010436349074202112, 0.0030540456984661643, 0.0005151378019954957], [0.0030540456984661647, 0.009796658023322476, -0.0074361517208934415], [0.0005151378019954958, -0.007436151720893441, 0.009886922495742169]], "chi2_level": 0.997, "chi2_df": 3, "chi2_threshold": 13.931422665512084, "N_raw": 72, "N_roi": 72, "N_inlier": 66, "refit": true}
{"timestamp": "15:22:48.616082", "frame": 99, "mu": [-1.7008459621685252, 0.5715905128432586, 1.2269002734148708], "Sigma": [[0.008744893243460564, 0.005707425515267703, 0.0007224725574703679], [0.005707425515267704, 0.011137131650285879, -0.004355461188203886], [0.0007224725574703679, -0.004355461188203886, 0.00823124688912207]], "chi2_level": 0.997, "chi2_df": 3, "chi2_threshold": 13.931422665512084, "N_raw": 57, "N_roi": 57, "N_inlier": 52, "refit": true}
{"timestamp": "15:22:48.780497", "frame": 100, "mu": [-1.7548476882060435, 0.8529070692419944, -0.7735939450187592], "Sigma": [[0.011725638836085068, -0.0006924458546362082, 0.01513079385863937], [-0.000692445854636208, 0.025259987859069993, -0.03468723802150887], [0.015130793858639371, -0.03468723802150887, 0.07540082762800661]], "chi2_level": 0.997, "chi2_df": 3, "chi2_threshold": 13.931422665512084, "N_raw": 68, "N_roi": 68, "N_inlier": 68, "refit": true}
{"timestamp": "15:22:48.801464", "frame": 101, "mu": [-1.7137376019027963, 0.6471145247297961, 1.2583861965003826], "Sigma": [[0.005595274307479722, 0.006343548160643137, -0.0039226260894205615], [0.006343548160643137, 0.014698258021638103, -0.012023647714333976], [-0.0039226260894205615, -0.012023647714333976, 0.030696521026238825]], "chi2_level": 0.997, "chi2_df": 3, "chi2_threshold": 13.931422665512084, "N_raw": 33, "N_roi": 33, "N_inlier": 31, "refit": true}
{"timestamp": "15:22:48.832657", "frame": 102, "mu": [-1.8222356269105853, 0.6215874595296593, 1.1254009695074156], "Sigma": [[0.017278752925213567, 0.01386474980276077, 0.027321819574057972], [0.01386474980276077, 0.01953776651197716, 0.01751682084761124], [0.027321819574057972, 0.01751682084761124, 0.07481066296446949]], "chi2_level": 0.997, "chi2_df": 3, "chi2_threshold": 13.931422665512084, "N_raw": 56, "N_roi": 56, "N_inlier": 51, "refit": true}
{"timestamp": "15:22:48.863646", "frame": 103, "mu": [-1.4285022728770074, 0.642909837213588, 1.0331281689673482], "Sigma": [[1.5287888533152214, -0.06371791679186434, -0.19072170183639925], [-0.06371791679186434, 0.021165188815123876, 0.029560742977944244], [-0.19072170183639925, 0.02956074297794424, 0.08031591372487193]], "chi2_level": 0.997, "chi2_df": 3, "chi2_threshold": 13.931422665512084, "N_raw": 24, "N_roi": 24, "N_inlier": 24, "refit": true}
{"timestamp": "15:22:48.941901", "frame": 105, "mu": [-1.9520453122351198, 0.7246103749312373, 1.107936709428047], "Sigma": [[0.00699338552023191, 0.00816234981851221, -0.0031026655084862333], [0.00816234981851221, 0.011094648416871142, -0.005509943971391518], [-0.0031026655084862333, -0.005509943971391517, 0.009015509736686115]], "chi2_level": 0.997, "chi2_df": 3, "chi2_threshold": 13.931422665512084, "N_raw": 34, "N_roi": 34, "N_inlier": 33, "refit": true}
{"timestamp": "15:22:48.994428", "frame": 106, "mu": [-1.9877787751391205, 0.7503990541067921, 1.0808029234715617], "Sigma": [[0.005846958653068286, 0.007024836635203114, -0.0033311991762673392], [0.007024836635203114, 0.009167740264816914, -0.004361503083561868], [-0.0033311991762673392, -0.004361503083561868, 0.004100531050136976]], "chi2_level": 0.997, "chi2_df": 3, "chi2_threshold": 13.931422665512084, "N_raw": 14, "N_roi": 14, "N_inlier": 14, "refit": true}
{"timestamp": "15:22:49.111288", "frame": 108, "mu": [-1.4408484486993423, 0.6049192619007755, 0.9142002489662715], "Sigma": [[2.3867347757138146, -0.04539881364500489, -0.10504898361256824], [-0.04539881364500489, 0.015524025588570921, 0.004991277704349518], [-0.10504898361256824, 0.0049912777043495185, 0.06139593415865354]], "chi2_level": 0.997, "chi2_df": 3, "chi2_threshold": 13.931422665512084, "N_raw": 64, "N_roi": 64, "N_inlier": 64, "refit": true}
{"timestamp": "15:22:49.268387", "frame": 111, "mu": [-1.9346284283784463, 0.6862581109359016, 0.9955218097398839], "Sigma": [[0.3428035587089116, -0.07522591675609618, 0.1707764728910421], [-0.07522591675609618, 0.020384059623749493, -0.039519839529838625], [0.17077647289104209, -0.039519839529838625, 0.0892319964438444]], "chi2_level": 0.997, "chi2_df": 3, "chi2_threshold": 13.931422665512084, "N_raw": 10, "N_roi": 10, "N_inlier": 10, "refit": true}
{"timestamp": "15:22:49.385490", "frame": 113, "mu": [-1.204348994653828, 0.6478447047502331, 0.6883937838329761], "Sigma": [[4.056623794291837, 0.012254809471370894, -0.22419150373884217], [0.012254809471370896, 0.019409094269604157, 0.004192951015660749], [-0.22419150373884217, 0.00419295101566075, 0.08291967542386494]], "chi2_level": 0.997, "chi2_df": 3, "chi2_threshold": 13.931422665512084, "N_raw": 39, "N_roi": 28, "N_inlier": 28, "refit": true}
