{"timestamp": "15:29:31.642895", "frame": 1, "mu": [1.012033234183314, 1.578004902718132, 1.1759247158375088], "Sigma": [[0.004095939341328061, 0.0006520404297843233, -0.0005940813254423295], [0.0006520404297843233, 0.0014324885985338358, -0.003037861398434887], [-0.0005940813254423287, -0.003037861398434887, 0.0481417274115484]], "chi2_level": 0.997, "chi2_df": 3, "chi2_threshold": 13.931422665512084, "N_raw": 20, "N_roi": 20, "N_inlier": 20, "refit": true}
{"timestamp": "15:29:31.701859", "frame": 2, "mu": [1.0417176948579658, 1.5806643314579627, 1.1676042973321004], "Sigma": [[0.007987673001308067, -0.0016552951568900244, 0.005692247045399123], [-0.0016552951568900246, 0.004688102514926841, -0.0049821132940760125], [0.005692247045399123, -0.004982113294076013, 0.050949805856046027]], "chi2_level": 0.997, "chi2_df": 3, "chi2_threshold": 13.931422665512084, "N_raw": 60, "N_roi": 60, "N_inlier": 59, "refit": true}
{"timestamp": "15:29:31.762836", "frame": 3, "mu": [0.9717020007032994, 1.5907804817669677, 1.290291813864664], "Sigma": [[0.007832822168453974, -0.0007590419694860559, -0.0066348811896989775], [-0.0007590419694860559, 0.0063158654738790995, -0.004324758036601477], [-0.006634881189698977, -0.004324758036601477, 0.011178370993052892]], "chi2_level": 0.997, "chi2_df": 3, "chi2_threshold": 13.931422665512084, "N_raw": 77, "N_roi": 77, "N_inlier": 74, "refit": true}
{"timestamp": "15:29:31.824696", "frame": 4, "mu": [0.9460936368458378, 1.7186748015236548, 0.13245235055097734], "Sigma": [[0.007757946712360002, -0.005885120269172451, 0.030819470666149103], [-0.005885120269172451, 0.03004799111656084, -0.15203364400130695], [0.030819470666149096, -0.15203364400130695, 0.9328349548293332]], "chi2_level": 0.997, "chi2_df": 3, "chi2_threshold": 13.931422665512084, "N_raw": 119, "N_roi": 119, "N_inlier": 118, "refit": true}
{"timestamp": "15:29:31.873955", "frame": 5, "mu": [0.9674717025345176, 1.5424636223939183, 1.1226122806677934], "Sigma": [[0.011291990736353471, -0.003928003414015532, -0.003537534164759422], [-0.003928003414015533, 0.004229930148797201, -0.006923558289487323], [-0.0035375341647594215, -0.006923558289487323, 0.11585153258622194]], "chi2_level": 0.997, "chi2_df": 3, "chi2_threshold": 13.931422665512084, "N_raw": 82, "N_roi": 82, "N_inlier": 82, "refit": true}
{"timestamp": "15:29:31.921776", "frame": 6, "mu": [0.9041879916470694, 1.627380638154779, -0.1508261029786608], "Sigma": [[0.0069768303211861825, -0.0019217486698525437, -0.00433405936548989], [-0.0019217486698525435, 0.002509741530710501, 0.0008834643669184924], [-0.00433405936548989, 0.0008834643669184926, 0.003255002003087852]], "chi2_level": 0.997, "chi2_df": 3, "chi2_threshold": 13.931422665512084, "N_raw": 31, "N_roi": 31, "N_inlier": 29, "refit": true}
{"timestamp": "15:29:31.981915", "frame": 7, "mu": [0.9579955576736844, 1.5427070581045061, 1.3350007464968079], "Sigma": [[0.009332956320561784, -0.0013141742943163536, -0.008185461569053375], [-0.0013141742943163536, 0.004330446105421354, -0.00295151323085659], [-0.008185461569053375, -0.0029515132308565906, 0.01670201923184752]], "chi2_level": 0.997, "chi2_df": 3, "chi2_threshold": 13.931422665512084, "N_raw": 74, "N_roi": 74, "N_inlier": 69, "refit": true}
{"timestamp": "15:29:32.040226", "frame": 8, "mu": [0.971993411759394, 1.538908552054121, 1.260673534400741], "Sigma": [[0.011085121741537557, -0.0017134949282550677, -0.011382823278434106], [-0.0017134949282550677, 0.005314451595377364, -0.004308265030476724], [-0.011382823278434106, -0.004308265030476724, 0.02099762634107425]], "chi2_level": 0.997, "chi2_df": 3, "chi2_threshold": 13.931422665512084, "N_raw": 95, "N_roi": 95, "N_inlier": 93, "refit": true}
{"timestamp": "15:29:32.089840", "frame": 9, "mu": [0.942325462381906, 1.5054853019945824, 1.364965913177094], "Sigma": [[0.010231984250297676, -0.0015457306788274482, -0.008892222624509626], [-0.0015457306788274484, 0.0035849752232434483, -0.00030835495853517674], [-0.008892222624509626, -0.00030835495853517674, 0.010655018906676523]], "chi2_level": 0.997, "chi2_df": 3, "chi2_threshold": 13.931422665512084, "N_raw": 60, "N_roi": 60, "N_inlier": 59, "refit": true}
{"timestamp": "15:29:32.142747", "frame": 10, "mu": [1.0308478769162708, 1.5299753709194222, 1.2276138716130176], "Sigma": [[0.008270509909151378, -0.001593404368146413, -0.005142644758127025], [-0.0015934043681464127, 0.0034542112662020895, -0.0033194506292638856], [-0.005142644758127025, -0.0033194506292638856, 0.009938217804023212]], "chi2_level": 0.997, "chi2_df": 3, "chi2_threshold": 13.931422665512084, "N_raw": 42, "N_roi": 42, "N_inlier": 41, "refit": true}
{"timestamp": "15:29:32.195110", "frame": 11, "mu": [0.9986666298909628, 1.5161229549579378, 1.154140929801393], "Sigma": [[0.00546657894488719, -0.0027798436680125872, -0.0060897791166117776], [-0.0027798436680125872, 0.0033244915400308644, 0.0002916748095503611], [-0.006089779116611778, 0.00029167480955036095, 0.017769268845588892]], "chi2_level": 0.997, "chi2_df": 3, "chi2_threshold": 13.931422665512084, "N_raw": 29, "N_roi": 29, "N_inlier": 27, "refit": true}
{"timestamp": "15:29:32.253039", "frame": 12, "mu": [0.9746348058768114, 1.4761813792627354, 1.004998271762867], "Sigma": [[0.00875021163732571, -0.0034730206192221894, -0.02376582205276746], [-0.0034730206192221894, 0.0069707177409561285, 0.014415477032033712], [-0.02376582205276746, 0.014415477032033714, 0.09957837635251292]], "chi2_level": 0.997, "chi2_df": 3, "chi2_threshold": 13.931422665512084, "N_raw": 49, "N_roi": 49, "N_inlier": 47, "refit": true}
{"timestamp": "15:29:32.312758", "frame": 13, "mu": [0.9422853317466743, 1.4779728416504794, 1.2826009076689595], "Sigma": [[0.0075258083906506274, -0.000912956456470876, -0.007181783010839991], [-0.000912956456470876, 0.006213311816395345, -0.005906173994055401], [-0.007181783010839992, -0.005906173994055401, 0.015512782315167648]], "chi2_level": 0.997, "chi2_df": 3, "chi2_threshold": 13.931422665512084, "N_raw": 89, "N_roi": 89, "N_inlier": 86, "refit": true}
{"timestamp": "15:29:32.371064", "frame": 14, "mu": [0.9357169891419678, 1.4547092085503621, 1.244986858011433], "Sigma": [[0.00952213403405597, -0.0002622141293368675, -0.012616195498020821], [-0.0002622141293368676, 0.005317963689390241, -0.004707189841846612], [-0.012616195498020821, -0.004707189841846612, 0.03547139384209784]], "chi2_level": 0.997, "chi2_df": 3, "chi2_threshold": 13.931422665512084, "N_raw": 102, "N_roi": 102, "N_inlier": 98, "refit": true}
{"timestamp": "15:29:32.422428", "frame": 15, "mu": [0.9424076012990533, 1.4186060626553434, 1.2707138471098078], "Sigma": [[0.009341174090403977, -0.0013100344172409834, -0.010649892686600382], [-0.001310034417240983, 0.004292196477510535, -0.0020401777223697367], [-0.010649892686600382, -0.0020401777223697367, 0.01812209133721531]], "chi2_level": 0.997, "chi2_df": 3, "chi2_threshold": 13.931422665512084, "N_raw": 74, "N_roi": 74, "N_inlier": 71, "refit": true}
{"timestamp": "15:29:32.473605", "frame": 16, "mu": [0.9667854650310679, 1.3532048378585217, 1.3132625348451312], "Sigma": [[0.012177738082358216, -0.003838909991639064, -0.008014528870413339], [-0.003838909991639064, 0.0026703496966597275, 0.001260525275368632], [-0.008014528870413339, 0.001260525275368632, 0.006866289830883632]], "chi2_level": 0.997, "chi2_df": 3, "chi2_threshold": 13.931422665512084, "N_raw": 50, "N_roi": 50, "N_inlier": 49, "refit": true}
{"timestamp": "15:29:32.525342", "frame": 17, "mu": [1.0021928657608152, 1.3884831193697713, 0.8620556214315186], "Sigma": [[0.00498067662325035, -0.0010916317831005814, -0.014619475533867256], [-0.0010916317831005814, 0.004364299944817422, -0.003118337736108561], [-0.014619475533867256, -0.00311833773610856, 0.07109926099401356]], "chi2_level": 0.997, "chi2_df": 3, "chi2_threshold": 13.931422665512084, "N_raw": 26, "N_roi": 26, "N_inlier": 26, "refit": true}
{"timestamp": "15:29:32.589801", "frame": 18, "mu": [0.9179849818606646, 1.3620584339578115, 1.1746166905091857], "Sigma": [[0.010382305472556188, -0.002752745148150596, -0.01681255382351818], [-0.002752745148150596, 0.0036092164865492967, -0.00032762703702321613], [-0.01681255382351818, -0.0003276270370232158, 0.04763145109052759]], "chi2_level": 0.997, "chi2_df": 3, "chi2_threshold": 13.931422665512084, "N_raw": 102, "N_roi": 102, "N_inlier": 102, "refit": true}
{"timestamp": "15:29:32.641017", "frame": 19, "mu": [0.8968700113052991, 1.340674976195448, 1.291729186059063], "Sigma": [[0.01071459725813662, -0.0032424166105938738, -0.013802216717967733], [-0.0032424166105938738, 0.0026890187244603906, 0.002937398086007277], [-0.013802216717967733, 0.002937398086007277, 0.028310315830781488]], "chi2_level": 0.997, "chi2_df": 3, "chi2_threshold": 13.931422665512084, "N_raw": 65, "N_roi": 65, "N_inlier": 63, "refit": true}
{"timestamp": "15:29:32.693761", "frame": 20, "mu": [0.9424710255569735, 1.3790001028448458, 1.1420775737777356], "Sigma": [[0.004506415839158116, -0.0017345218298074599, -0.003597362093410908], [-0.0017345218298074599, 0.005685376635621201, -0.001499364956075061], [-0.003597362093410908, -0.001499364956075061, 0.018236265741633513]], "chi2_level": 0.997, "chi2_df": 3, "chi2_threshold": 13.931422665512084, "N_raw": 48, "N_roi": 48, "N_inlier": 46, "refit": true}
{"timestamp": "15:29:32.806895", "frame": 22, "mu": [0.9021500878656019, 1.527971736036928, -0.23415674339271864], "Sigma": [[0.006510264136503833, -0.0011899017031953998, 0.008894997146591699], [-0.0011899017031954003, 0.011022661814563106, -0.03709352445534897], [0.008894997146591699, -0.03709352445534897, 0.2203389313358085]], "chi2_level": 0.997, "chi2_df": 3, "chi2_threshold": 13.931422665512084, "N_raw": 77, "N_roi": 77, "N_inlier": 77, "refit": true}
{"timestamp": "15:29:32.863071", "frame": 23, "mu": [0.8530851180545093, 1.435527090187279, 1.2601460245109477], "Sigma": [[0.006094891783590391, -0.00031187466430057285, -0.009664733475252605], [-0.00031187466430057285, 0.003931825713360028, -0.006074153402936652], [-0.009664733475252606, -0.006074153402936651, 0.03334187489226548]], "chi2_level": 0.997, "chi2_df": 3, "chi2_threshold": 13.931422665512084, "N_raw": 78, "N_roi": 78, "N_inlier": 76, "refit": true}
{"timestamp": "15:29:32.917269", "frame": 24, "mu": [0.8647900307981743, 1.4142463969310746, 1.2301620718594255], "Sigma": [[0.006261003730552315, -0.001668308113531419, -0.01013992629090663], [-0.0016683081135314194, 0.004041603888998999, -0.0071353689603639685], [-0.01013992629090663, -0.0071353689603639685, 0.05967640027705449]], "chi2_level": 0.997, "chi2_df": 3, "chi2_threshold": 13.931422665512084, "N_raw": 67, "N_roi": 67, "N_inlier": 64, "refit": true}
{"timestamp": "15:29:32.967770", "frame": 25, "mu": [0.8948961210971546, 1.4770504810502008, 1.0968031148228452], "Sigma": [[0.011924825841835815, -0.011754083710634397, -0.002129766766926484], [-0.011754083710634397, 0.021930125351475406, -0.01815197619240385], [-0.002129766766926484, -0.01815197619240385, 0.05063576617724384]], "chi2_level": 0.997, "chi2_df": 3, "chi2_threshold": 13.931422665512084, "N_raw": 43, "N_roi": 43, "N_inlier": 41, "refit": true}
{"timestamp": "15:29:33.018729", "frame": 26, "mu": [0.9001658118154684, 1.3751718169449707, 1.095292470550484], "Sigma": [[0.01335955567227933, -0.004791900179331785, -0.060822137314085055], [-0.0047919001793317855, 0.004286428607501989, 0.02266427083088865], [-0.060822137314085055, 0.02266427083088865, 0.3864980375462508]], "chi2_level": 0.997, "chi2_df": 3, "chi2_threshold": 13.931422665512084, "N_raw": 22, "N_roi": 22, "N_inlier": 22, "refit": true}
{"timestamp": "15:29:33.080721", "frame": 27, "mu": [0.8753469369915995, 1.4672896402677944, 1.2948739122816437], "Sigma": [[0.00713547389026585, -0.0013044825253296795, -0.005025234721017755], [-0.0013044825253296795, 0.004191864226996456, -0.008663007543575742], [-0.005025234721017754, -0.00866300754357574, 0.04243914972339054]], "chi2_level": 0.997, "chi2_df": 3, "chi2_threshold": 13.931422665512084, "N_raw": 74, "N_roi": 74, "N_inlier": 73, "refit": true}
{"timestamp": "15:29:33.130613", "frame": 28, "mu": [0.8756405153520267, 1.4668468684971334, 1.1923919744096025], "Sigma": [[0.009064904700670852, -0.005366035665305876, -0.03421577085692512], [-0.005366035665305878, 0.013282262805480302, 0.024436345115755823], [-0.03421577085692512, 0.024436345115755823, 0.1701815169161812]], "chi2_level": 0.997, "chi2_df": 3, "chi2_threshold": 13.931422665512084, "N_raw": 32, "N_roi": 32, "N_inlier": 31, "refit": true}
{"timestamp": "15:29:33.245196", "frame": 30, "mu": [0.9352695970298659, 1.4797826927931792, 1.216932592318539], "Sigma": [[0.007179767664319049, -0.0032950576746124407, -0.0029349659163660315], [-0.0032950576746124407, 0.006589180169925509, -0.002084279445390076], [-0.0029349659163660315, -0.002084279445390076, 0.0049782882557602446]], "chi2_level": 0.997, "chi2_df": 3, "chi2_threshold": 13.931422665512084, "N_raw": 65, "N_roi": 65, "N_inlier": 62, "refit": true}
{"timestamp": "15:29:33.299828", "frame": 31, "mu": [0.9395647711523888, 1.423584002130843, 1.2219336265463012], "Sigma": [[0.0073690797204354515, -0.0022215609760450976, -0.007849217215648546], [-0.002221560976045097, 0.003668268251442016, -0.0017650228065793684], [-0.007849217215648546, -0.0017650228065793682, 0.015234537671906575]], "chi2_level": 0.997, "chi2_df": 3, "chi2_threshold": 13.931422665512084, "N_raw": 66, "N_roi": 66, "N_inlier": 65, "refit": true}
{"timestamp": "15:29:33.355184", "frame": 32, "mu": [0.8867152495589344, 1.506302139638068, -0.5553722416533226], "Sigma": [[0.006813456615589626, 0.003977829440567555, 0.008235885029942335], [0.003977829440567556, 0.005071637545238414, 0.0038772901544546646], [0.008235885029942335, 0.0038772901544546646, 0.04119095939954621]], "chi2_level": 0.997, "chi2_df": 3, "chi2_threshold": 13.931422665512084, "N_raw": 65, "N_roi": 65, "N_inlier": 63, "refit": true}
{"timestamp": "15:29:33.409716", "frame": 33, "mu": [0.917154094203205, 1.3984767800032032, 1.244357069290005], "Sigma": [[0.009164230539804993, -0.0006462710637683659, -0.011153366754958132], [-0.0006462710637683659, 0.003950894859188934, -0.002169627335514404], [-0.011153366754958132, -0.002169627335514404, 0.019561583335814675]], "chi2_level": 0.997, "chi2_df": 3, "chi2_threshold": 13.931422665512084, "N_raw": 60, "N_roi": 60, "N_inlier": 57, "refit": true}
{"timestamp": "15:29:33.465354", "frame": 34, "mu": [0.9209389657749227, 1.3342889602639678, 1.240620359438691], "Sigma": [[0.01462037285870606, -0.008608816535709, -0.027981506709820057], [-0.008608816535709, 0.008689681935562184, 0.01836832508225273], [-0.027981506709820053, 0.01836832508225273, 0.06785415911723659]], "chi2_level": 0.997, "chi2_df": 3, "chi2_threshold": 13.931422665512084, "N_raw": 66, "N_roi": 66, "N_inlier": 64, "refit": true}
{"timestamp": "15:29:33.513827", "frame": 35, "mu": [0.8805296131508579, 1.1135679736534785, 0.4694795533361038], "Sigma": [[0.00952097960066028, -0.00013095061929228115, -0.002324149219557845], [-0.00013095061929228131, 0.02521848796567116, 0.09418278836848143], [-0.0023241492195578486, 0.09418278836848143, 0.44691822732806696]], "chi2_level": 0.997, "chi2_df": 3, "chi2_threshold": 13.931422665512084, "N_raw": 18, "N_roi": 18, "N_inlier": 18, "refit": true}
{"timestamp": "15:29:33.576738", "frame": 36, "mu": [0.8404466699542301, 1.3188937429222383, 1.3243729949524208], "Sigma": [[0.007798226162539239, -0.001247866211697313, -0.005172731464315537], [-0.001247866211697313, 0.005347943763359653, -0.001719498654993956], [-0.005172731464315537, -0.001719498654993956, 0.008228984530996526]], "chi2_level": 0.997, "chi2_df": 3, "chi2_threshold": 13.931422665512084, "N_raw": 76, "N_roi": 76, "N_inlier": 74, "refit": true}
{"timestamp": "15:29:33.626364", "frame": 37, "mu": [0.7946258693749161, 1.3027302434881125, 1.3096955322834536], "Sigma": [[0.007596723198118875, -0.0011029538895156372, -0.01692040736069837], [-0.0011029538895156372, 0.0019845544914709632, -0.0030285115171330185], [-0.01692040736069837, -0.0030285115171330185, 0.06836128376123429]], "chi2_level": 0.997, "chi2_df": 3, "chi2_threshold": 13.931422665512084, "N_raw": 38, "N_roi": 38, "N_inlier": 36, "refit": true}
{"timestamp": "15:29:33.690590", "frame": 38, "mu": [0.8393308553441445, 1.370819445904517, 0.08639008939725992], "Sigma": [[0.0084078764628441, -0.002509059929042847, 0.030042071752852475], [-0.0025090599290428462, 0.016187747797294507, -0.0884661150188992], [0.030042071752852475, -0.0884661150188992, 0.6278633568833827]], "chi2_level": 0.997, "chi2_df": 3, "chi2_threshold": 13.931422665512084, "N_raw": 103, "N_roi": 103, "N_inlier": 103, "refit": true}
{"timestamp": "15:29:33.742955", "frame": 39, "mu": [0.7881644133178377, 1.2140145029478826, 1.3011899659945183], "Sigma": [[0.010759687081902022, -0.004172239949552646, -0.011883682430641432], [-0.004172239949552646, 0.005073132909950533, 0.003157531625131462], [-0.011883682430641434, 0.003157531625131463, 0.0186133156785982]], "chi2_level": 0.997, "chi2_df": 3, "chi2_threshold": 13.931422665512084, "N_raw": 81, "N_roi": 81, "N_inlier": 79, "refit": true}
{"timestamp": "15:29:33.801208", "frame": 40, "mu": [0.829249010624243, 1.1462465490095042, 1.1130686745266123], "Sigma": [[0.011319365549253368, -0.006022887588365057, -0.02166634666043594], [-0.006022887588365057, 0.005009608835092632, 0.012365463557854782], [-0.021666346660435938, 0.012365463557854782, 0.07243029891520311]], "chi2_level": 0.997, "chi2_df": 3, "chi2_threshold": 13.931422665512084, "N_raw": 109, "N_roi": 109, "N_inlier": 107, "refit": true}
{"timestamp": "15:29:33.853749", "frame": 41, "mu": [0.776797784274028, 1.1754717285356124, 1.245562987499818], "Sigma": [[0.009619736894607775, -0.0016335654537389377, -0.009538592151363332], [-0.0016335654537389377, 0.0027780939206938555, -0.0013741677357948904], [-0.009538592151363334, -0.0013741677357948902, 0.015273161660677414]], "chi2_level": 0.997, "chi2_df": 3, "chi2_threshold": 13.931422665512084, "N_raw": 84, "N_roi": 84, "N_inlier": 83, "refit": true}
{"timestamp": "15:29:33.905005", "frame": 42, "mu": [0.749688930022142, 1.1375934269792558, 1.2194027084895247], "Sigma": [[0.004973477127804624, -0.001865448662949968, -0.003475332030118525], [-0.001865448662949968, 0.0019958242542236033, 0.0018548083422678884], [-0.0034753320301185255, 0.0018548083422678884, 0.043420238997947024]], "chi2_level": 0.997, "chi2_df": 3, "chi2_threshold": 13.931422665512084, "N_raw": 57, "N_roi": 57, "N_inlier": 54, "refit": true}
{"timestamp": "15:29:33.967356", "frame": 43, "mu": [0.7361702600622547, 1.1099477400055993, 1.2103235145616826], "Sigma": [[0.008873784776231833, -0.002754608202042323, -0.0125035572047974], [-0.0027546082020423234, 0.0037414936973458454, 0.0025897199694176532], [-0.0125035572047974, 0.0025897199694176532, 0.05827099054320378]], "chi2_level": 0.997, "chi2_df": 3, "chi2_threshold": 13.931422665512084, "N_raw": 113, "N_roi": 113, "N_inlier": 108, "refit": true}
{"timestamp": "15:29:34.021026", "frame": 44, "mu": [0.6770491303463131, 1.086487594321117, 1.255228777178254], "Sigma": [[0.010329481288734762, -0.0048867529749030865, -0.017570040796017122], [-0.0048867529749030865, 0.00591055255092333, 0.011660053620892882], [-0.017570040796017122, 0.011660053620892882, 0.060034037756999455]], "chi2_level": 0.997, "chi2_df": 3, "chi2_threshold": 13.931422665512084, "N_raw": 98, "N_roi": 98, "N_inlier": 95, "refit": true}
{"timestamp": "15:29:34.069527", "frame": 45, "mu": [0.6423951188652081, 1.3980683178780946, -0.6688983572792874], "Sigma": [[0.009560049289349266, -0.014197797258518776, 0.011316486167945332], [-0.014197797258518776, 0.028942334421916988, -0.03284141898573315], [0.011316486167945332, -0.03284141898573315, 0.08248402206038806]], "chi2_level": 0.997, "chi2_df": 3, "chi2_threshold": 13.931422665512084, "N_raw": 57, "N_roi": 57, "N_inlier": 54, "refit": true}
{"timestamp": "15:29:34.127177", "frame": 46, "mu": [0.5804749885373247, 1.088275181034507, 1.2970367588255576], "Sigma": [[0.00505668432313733, 5.364556525815523e-05, -0.008566085049371425], [5.364556525815523e-05, 0.002451794565263784, -0.0015029457913337688], [-0.008566085049371425, -0.0015029457913337688, 0.028489620172937033]], "chi2_level": 0.997, "chi2_df": 3, "chi2_threshold": 13.931422665512084, "N_raw": 67, "N_roi": 67, "N_inlier": 63, "refit": true}
{"timestamp": "15:29:34.182163", "frame": 47, "mu": [0.5881886672462047, 1.155001844268706, -0.5931947000394941], "Sigma": [[0.005851723896120067, 0.004369448502073923, 0.004811844687972763], [0.004369448502073924, 0.0074358538761394736, 0.015114952257229412], [0.004811844687972763, 0.015114952257229412, 0.15614914897824295]], "chi2_level": 0.997, "chi2_df": 3, "chi2_threshold": 13.931422665512084, "N_raw": 69, "N_roi": 68, "N_inlier": 67, "refit": true}
{"timestamp": "15:29:34.238842", "frame": 48, "mu": [0.5202710910504097, 1.0657980027446257, 1.3299397921381264], "Sigma": [[0.008153498638674308, -0.00042097053375473074, -0.008169217164307543], [-0.0004209705337547308, 0.0026715627615386483, -0.0035252411581122986], [-0.008169217164307543, -0.0035252411581122986, 0.025620692360558403]], "chi2_level": 0.997, "chi2_df": 3, "chi2_threshold": 13.931422665512084, "N_raw": 84, "N_roi": 84, "N_inlier": 79, "refit": true}
{"timestamp": "15:29:34.294573", "frame": 49, "mu": [0.47411776340961165, 1.0758284285554836, 1.3245293645524432], "Sigma": [[0.00584040560442843, -0.0004398551651551898, -0.005435481216363645], [-0.0004398551651551898, 0.0046637383057634004, -0.0007403836792985498], [-0.005435481216363644, -0.0007403836792985497, 0.0469354616231092]], "chi2_level": 0.997, "chi2_df": 3, "chi2_threshold": 13.931422665512084, "N_raw": 86, "N_roi": 86, "N_inlier": 81, "refit": true}
{"timestamp": "15:29:34.344306", "frame": 50, "mu": [0.358408110143875, 1.0678659647836852, 1.3782931583340539], "Sigma": [[0.00414493082628748, -0.0001729347973396558, -0.00454140846574733], [-0.0001729347973396557, 0.003119787272149098, -0.0025595480129322412], [-0.00454140846574733, -0.0025595480129322412, 0.007790403710828799]], "chi2_level": 0.997, "chi2_df": 3, "chi2_threshold": 13.931422665512084, "N_raw": 49, "N_roi": 49, "N_inlier": 44, "refit": true}
{"timestamp": "15:29:34.393133", "frame": 51, "mu": [0.3548888317631247, 1.052224064782166, 1.0475328954373473], "Sigma": [[0.0018886127904089655, -0.00021079486642253229, 0.002851368885803845], [-0.00021079486642253226, 0.0012306537352485501, -0.002472247137294589], [0.0028513688858038447, -0.002472247137294589, 0.040847719757761275]], "chi2_level": 0.997, "chi2_df": 3, "chi2_threshold": 13.931422665512084, "N_raw": 14, "N_roi": 14, "N_inlier": 14, "refit": true}
{"timestamp": "15:29:34.453713", "frame": 52, "mu": [0.34205850167690593, 1.0663449189645062, 1.331025848130415], "Sigma": [[0.002585068868256736, -0.0006023109404475321, -0.0028191786202763306], [-0.0006023109404475321, 0.002374833345696355, -0.002444522467835551], [-0.0028191786202763306, -0.002444522467835551, 0.009640878124073443]], "chi2_level": 0.997, "chi2_df": 3, "chi2_threshold": 13.931422665512084, "N_raw": 58, "N_roi": 58, "N_inlier": 56, "refit": true}
{"timestamp": "15:29:34.510526", "frame": 53, "mu": [0.30208105452223866, 1.0638646243262102, 1.2313369845335667], "Sigma": [[0.003499644682146151, -0.0010955139495967053, -0.002426544763781082], [-0.0010955139495967053, 0.0032408708710265025, -0.0024736708076705033], [-0.002426544763781082, -0.0024736708076705033, 0.006164867238433172]], "chi2_level": 0.997, "chi2_df": 3, "chi2_threshold": 13.931422665512084, "N_raw": 63, "N_roi": 63, "N_inlier": 59, "refit": true}
{"timestamp": "15:29:34.563848", "frame": 54, "mu": [0.20221765271350325, 1.024591951446156, 1.3528315454493431], "Sigma": [[0.004587627984388233, -0.0008960261857990383, -0.00913805110811122], [-0.0008960261857990384, 0.0025069168481985935, 0.002347117774913652], [-0.009138051108111223, 0.002347117774913652, 0.04197709330022466]], "chi2_level": 0.997, "chi2_df": 3, "chi2_threshold": 13.931422665512084, "N_raw": 53, "N_roi": 53, "N_inlier": 50, "refit": true}
{"timestamp": "15:29:34.621140", "frame": 55, "mu": [0.12568205349187175, 1.0455468736442202, 1.4385904322063916], "Sigma": [[0.0034977802075211654, 0.0009246769062896685, -0.0035182704395929406], [0.0009246769062896686, 0.004231519163533854, -0.0039430498494564484], [-0.0035182704395929406, -0.0039430498494564484, 0.007176944871257631]], "chi2_level": 0.997, "chi2_df": 3, "chi2_threshold": 13.931422665512084, "N_raw": 68, "N_roi": 68, "N_inlier": 64, "refit": true}
{"timestamp": "15:29:34.673165", "frame": 56, "mu": [0.13374597624547935, 1.0975302287989162, 1.2606042042743653], "Sigma": [[0.0035000835992362502, 0.00019794524692724353, 0.0011322004176459535], [0.00019794524692724356, 0.0019412850043653027, 0.0016990775679210737], [0.0011322004176459542, 0.001699077567921074, 0.018906237349408342]], "chi2_level": 0.997, "chi2_df": 3, "chi2_threshold": 13.931422665512084, "N_raw": 51, "N_roi": 51, "N_inlier": 48, "refit": true}
{"timestamp": "15:29:34.734716", "frame": 57, "mu": [0.04963837327926503, 1.055318193295835, 1.3778383352403945], "Sigma": [[0.00517341501863683, -0.00036074628198949854, -0.006493311669161412], [-0.0003607462819894986, 0.0019290648245704964, -0.0026524385819383114], [-0.006493311669161412, -0.0026524385819383114, 0.019428481979205426]], "chi2_level": 0.997, "chi2_df": 3, "chi2_threshold": 13.931422665512084, "N_raw": 90, "N_roi": 90, "N_inlier": 87, "refit": true}
{"timestamp": "15:29:34.792815", "frame": 58, "mu": [-0.021477957796019184, 1.0438543881486644, 1.3694782239640975], "Sigma": [[0.0040477664876286444, -0.0007747518580064746, 0.0014135032816449085], [-0.0007747518580064746, 0.00422285549185323, 0.004928845527350648], [0.0014135032816449085, 0.004928845527350649, 0.06992700379977362]], "chi2_level": 0.997, "chi2_df": 3, "chi2_threshold": 13.931422665512084, "N_raw": 106, "N_roi": 106, "N_inlier": 103, "refit": true}
{"timestamp": "15:29:34.838173", "frame": 59, "mu": [-0.000617106122463388, 1.0677036397143866, 1.256551153959029], "Sigma": [[0.0024313291839466737, -0.0006713508471249084, -0.0033995481744124962], [-0.0006713508471249084, 0.0009351329645170297, -0.0007040358303671304], [-0.0033995481744124967, -0.0007040358303671305, 0.012591242136690637]], "chi2_level": 0.997, "chi2_df": 3, "chi2_threshold": 13.931422665512084, "N_raw": 41, "N_roi": 41, "N_inlier": 38, "refit": true}
{"timestamp": "15:29:34.890978", "frame": 60, "mu": [-0.07711506192777622, 0.9876983593521907, 1.2454242762501657], "Sigma": [[0.0016822098386632238, 0.0001449876391096054, 0.008209524426073114], [0.0001449876391096054, 0.0014120122530186234, 0.00984013615036118], [0.008209524426073114, 0.009840136150361181, 0.19248608531691883]], "chi2_level": 0.997, "chi2_df": 3, "chi2_threshold": 13.931422665512084, "N_raw": 28, "N_roi": 28, "N_inlier": 28, "refit": true}
{"timestamp": "15:29:34.944938", "frame": 61, "mu": [-0.07892095014517818, 1.0259056445641381, 1.1574875556664619], "Sigma": [[0.0011407517351331759, 0.0001686526187676383, -0.005304494808748646], [0.00016865261876763832, 0.0013099456098546623, -0.006698349570996105], [-0.005304494808748646, -0.006698349570996105, 0.10192785329146088]], "chi2_level": 0.997, "chi2_df": 3, "chi2_threshold": 13.931422665512084, "N_raw": 26, "N_roi": 26, "N_inlier": 24, "refit": true}
{"timestamp": "15:29:35.001089", "frame": 62, "mu": [-0.10709036986760277, 0.9871372462492425, 1.2086213952693299], "Sigma": [[0.0037949191004784926, 0.0011151568360577761, 0.0072146685042483874], [0.001115156836057776, 0.0022672096115583518, 0.00622550408092935], [0.007214668504248387, 0.006225504080929349, 0.030857942463004096]], "chi2_level": 0.997, "chi2_df": 3, "chi2_threshold": 13.931422665512084, "N_raw": 38, "N_roi": 38, "N_inlier": 37, "refit": true}
{"timestamp": "15:29:35.055715", "frame": 63, "mu": [-0.17785596232233075, 0.9578804499096217, 1.2601566847568915], "Sigma": [[0.0024353274296166627, 0.000564619579670007, -0.009339265139178097], [0.0005646195796700069, 0.0012172957914247846, -0.005770705746091583], [-0.009339265139178096, -0.005770705746091582, 0.06958456283779012]], "chi2_level": 0.997, "chi2_df": 3, "chi2_threshold": 13.931422665512084, "N_raw": 35, "N_roi": 35, "N_inlier": 32, "refit": true}
{"timestamp": "15:29:35.116221", "frame": 64, "mu": [-0.2948602290017608, 0.981334245967658, 1.4318982354312633], "Sigma": [[0.0029448889060328448, -0.00027463438267489703, -0.0021586483320193833], [-0.0002746343826748971, 0.0034854621906132543, -0.0018788593082579954], [-0.0021586483320193833, -0.0018788593082579956, 0.00900628458575987]], "chi2_level": 0.997, "chi2_df": 3, "chi2_threshold": 13.931422665512084, "N_raw": 72, "N_roi": 69, "N_inlier": 64, "refit": true}
{"timestamp": "15:29:35.174895", "frame": 65, "mu": [-0.3400269979396189, 0.9623426185203408, 1.4339481983833229], "Sigma": [[0.0033154832049220265, -0.0015569110754929845, -0.0035523642757575922], [-0.0015569110754929845, 0.005382596374710276, -0.0028673713934399547], [-0.0035523642757575922, -0.0028673713934399547, 0.011470929805606904]], "chi2_level": 0.997, "chi2_df": 3, "chi2_threshold": 13.931422665512084, "N_raw": 88, "N_roi": 88, "N_inlier": 88, "refit": true}
{"timestamp": "15:29:35.228788", "frame": 66, "mu": [-0.3811057573078734, 0.9655421876036742, 1.459753523854254], "Sigma": [[0.0033880362471460077, -0.0012815807434817454, -0.0029373964663624744], [-0.0012815807434817454, 0.003348424801083297, -0.0013689302955603492], [-0.0029373964663624744, -0.0013689302955603492, 0.008945476222676043]], "chi2_level": 0.997, "chi2_df": 3, "chi2_threshold": 13.931422665512084, "N_raw": 77, "N_roi": 75, "N_inlier": 71, "refit": true}
{"timestamp": "15:29:35.283543", "frame": 67, "mu": [-0.3956696091721318, 0.947566894690744, 1.2704016578911028], "Sigma": [[0.0027483005577255983, -0.0018679212470682994, -0.0038635894892835227], [-0.0018679212470682997, 0.004558478343545308, 0.010497394218560944], [-0.0038635894892835227, 0.010497394218560942, 0.04814107184413191]], "chi2_level": 0.997, "chi2_df": 3, "chi2_threshold": 13.931422665512084, "N_raw": 83, "N_roi": 79, "N_inlier": 79, "refit": true}
{"timestamp": "15:29:35.332177", "frame": 68, "mu": [-0.5029836057944932, 0.9811591203513109, 1.5217748537163485], "Sigma": [[0.0028335487981556336, -0.0008501325786961461, -0.002595035321373585], [-0.0008501325786961461, 0.002044173897142636, -0.0007782394088372694], [-0.0025950353213735856, -0.0007782394088372694, 0.008364252736172837]], "chi2_level": 0.997, "chi2_df": 3, "chi2_threshold": 13.931422665512084, "N_raw": 45, "N_roi": 45, "N_inlier": 43, "refit": true}
{"timestamp": "15:29:35.393829", "frame": 69, "mu": [-0.5147056336401955, 0.9264172462315559, 1.2817542732019964], "Sigma": [[0.005284931430017346, -0.0035348987214872613, -0.014787295756597905], [-0.0035348987214872613, 0.007514888842272847, 0.01551674956322912], [-0.014787295756597907, 0.01551674956322912, 0.08225206610613137]], "chi2_level": 0.997, "chi2_df": 3, "chi2_threshold": 13.931422665512084, "N_raw": 86, "N_roi": 86, "N_inlier": 86, "refit": true}
{"timestamp": "15:29:35.448410", "frame": 70, "mu": [-0.5433443358090116, 0.9038337089031225, 1.214610012537656], "Sigma": [[0.006349069874427187, 0.0007870066983799876, -0.010054024314227248], [0.0007870066983799876, 0.0024139040546805822, -0.006230805480765515], [-0.010054024314227248, -0.006230805480765515, 0.035570622874007765]], "chi2_level": 0.997, "chi2_df": 3, "chi2_threshold": 13.931422665512084, "N_raw": 81, "N_roi": 81, "N_inlier": 81, "refit": true}
{"timestamp": "15:29:35.500973", "frame": 71, "mu": [-0.6431202253426525, 1.0025310706136177, 1.3210470632658948], "Sigma": [[0.002197628464212107, -0.001417961603988521, -0.0038813661036953633], [-0.001417961603988521, 0.0018669535942195607, -0.0006976361935980435], [-0.0038813661036953633, -0.0006976361935980438, 0.026321677826085556]], "chi2_level": 0.997, "chi2_df": 3, "chi2_threshold": 13.931422665512084, "N_raw": 17, "N_roi": 17, "N_inlier": 16, "refit": true}
{"timestamp": "15:29:35.552718", "frame": 72, "mu": [-0.5836143724881472, 0.9180276159345939, 0.9360915483268306], "Sigma": [[0.003012358740297521, -0.00025862671422240667, -0.0011890304726371564], [-0.00025862671422240667, 0.0014261017446214436, -0.002334127049111682], [-0.0011890304726371564, -0.002334127049111682, 0.014557106837842613]], "chi2_level": 0.997, "chi2_df": 3, "chi2_threshold": 13.931422665512084, "N_raw": 49, "N_roi": 49, "N_inlier": 47, "refit": true}
{"timestamp": "15:29:35.607042", "frame": 73, "mu": [-0.8620865858767255, 0.9233356122091758, 1.478288981290023], "Sigma": [[0.03537118145329968, 0.009575349590919298, -0.0456131418793551], [0.009575349590919298, 0.006710348933840555, -0.008715282270865083], [-0.0456131418793551, -0.008715282270865085, 0.07858122959794997]], "chi2_level": 0.997, "chi2_df": 3, "chi2_threshold": 13.931422665512084, "N_raw": 44, "N_roi": 44, "N_inlier": 44, "refit": true}
{"timestamp": "15:29:35.661480", "frame": 74, "mu": [-0.8373079034530858, 1.0047269686818587, 1.5005330057514163], "Sigma": [[0.019506594553906006, 0.010141156413656252, -0.028078348668184684], [0.010141156413656252, 0.007443636949007755, -0.012869407441460447], [-0.028078348668184684, -0.012869407441460447, 0.08840971843516074]], "chi2_level": 0.997, "chi2_df": 3, "chi2_threshold": 13.931422665512084, "N_raw": 37, "N_roi": 37, "N_inlier": 37, "refit": true}
{"timestamp": "15:29:35.715639", "frame": 75, "mu": [-1.0563106186882436, 0.9047940617667041, 1.7156335474965954], "Sigma": [[0.030427298651727008, 0.014651511462172948, -0.02937443902201961], [0.014651511462172948, 0.009481861518245607, -0.016380022305277943], [-0.029374439022019614, -0.016380022305277943, 0.04684418434033528]], "chi2_level": 0.997, "chi2_df": 3, "chi2_threshold": 13.931422665512084, "N_raw": 40, "N_roi": 40, "N_inlier": 38, "refit": true}
{"timestamp": "15:29:35.773507", "frame": 76, "mu": [-0.9928108805190945, 1.0692938474408022, -0.33711403467714685], "Sigma": [[0.02595104274002818, 0.020590526101137055, -0.02284503233602545], [0.020590526101137055, 0.022897924040327096, -0.02626612385855443], [-0.022845032336025445, -0.026266123858554424, 0.0471003595898134]], "chi2_level": 0.997, "chi2_df": 3, "chi2_threshold": 13.931422665512084, "N_raw": 48, "N_roi": 48, "N_inlier": 47, "refit": true}
{"timestamp": "15:29:35.823992", "frame": 77, "mu": [-1.0352597795647471, 0.9886582108062296, 1.2508523395668263], "Sigma": [[0.03152052458746076, 0.025159268680243582, -0.052645137868474745], [0.025159268680243586, 0.021708286952278395, -0.04133890633857105], [-0.052645137868474745, -0.04133890633857105, 0.15391146454570104]], "chi2_level": 0.997, "chi2_df": 3, "chi2_threshold": 13.931422665512084, "N_raw": 19, "N_roi": 19, "N_inlier": 19, "refit": true}
{"timestamp": "15:29:35.883391", "frame": 78, "mu": [-1.164517389211381, 0.8040010583691175, 1.3254287253044534], "Sigma": [[0.02154976239658124, 0.015803064805974838, -0.028872297607042983], [0.015803064805974838, 0.02562329212800009, -0.029576351584895758], [-0.028872297607042983, -0.029576351584895758, 0.0909589063920021]], "chi2_level": 0.997, "chi2_df": 3, "chi2_threshold": 13.931422665512084, "N_raw": 47, "N_roi": 47, "N_inlier": 46, "refit": true}
{"timestamp": "15:29:35.942047", "frame": 79, "mu": [-1.1742146965009714, 0.8482053357313858, 1.4894116657654066], "Sigma": [[0.011375683242956588, 0.004078162893152019, -0.009406730960524226], [0.004078162893152018, 0.008565684209291062, -0.004982449200262363], [-0.009406730960524226, -0.004982449200262362, 0.008729023617346022]], "chi2_level": 0.997, "chi2_df": 3, "chi2_threshold": 13.931422665512084, "N_raw": 80, "N_roi": 63, "N_inlier": 61, "refit": true}
{"timestamp": "15:29:35.993538", "frame": 80, "mu": [-1.2696271582333094, 0.8991084485416088, 1.6457869473459732], "Sigma": [[0.012774818720117527, 0.005357026150863582, -0.009911549562240853], [0.005357026150863583, 0.008081446081660658, -0.0070575683226065215], [-0.009911549562240855, -0.0070575683226065215, 0.020118589277983958]], "chi2_level": 0.997, "chi2_df": 3, "chi2_threshold": 13.931422665512084, "N_raw": 54, "N_roi": 50, "N_inlier": 47, "refit": true}
{"timestamp": "15:29:36.046521", "frame": 81, "mu": [-1.1683861409066085, 0.990964575595423, -0.32182568279113133], "Sigma": [[0.016733508644076335, 0.019163481395157722, -0.02538262601107156], [0.019163481395157722, 0.03181997841935552, -0.03274765587939012], [-0.02538262601107156, -0.03274765587939012, 0.0660994223218686]], "chi2_level": 0.997, "chi2_df": 3, "chi2_threshold": 13.931422665512084, "N_raw": 35, "N_roi": 35, "N_inlier": 33, "refit": true}
{"timestamp": "15:29:36.104772", "frame": 82, "mu": [-1.2456397498778615, 0.9247216338000493, 1.4708135206087745], "Sigma": [[0.0145773622542486, 0.007486352984019904, -0.009995844814357637], [0.007486352984019904, 0.0063713486206955225, -0.008727468957562656], [-0.009995844814357637, -0.008727468957562658, 0.01991114974441771]], "chi2_level": 0.997, "chi2_df": 3, "chi2_threshold": 13.931422665512084, "N_raw": 67, "N_roi": 67, "N_inlier": 65, "refit": true}
{"timestamp": "15:29:36.161559", "frame": 83, "mu": [-1.235669175494768, 1.0064372830064254, 1.4457107992324991], "Sigma": [[0.017973137673994347, 0.010551702829211154, -0.011736697652482201], [0.010551702829211154, 0.00999265229904141, -0.010708815695445125], [-0.011736697652482201, -0.010708815695445125, 0.012639616392811448]], "chi2_level": 0.997, "chi2_df": 3, "chi2_threshold": 13.931422665512084, "N_raw": 68, "N_roi": 68, "N_inlier": 66, "refit": true}
{"timestamp": "15:29:36.215352", "frame": 84, "mu": [-1.363220977569832, 0.8960124989901417, 1.419370037743934], "Sigma": [[0.01148476111872601, 0.0060621554119507865, -0.00715668158505985], [0.0060621554119507865, 0.010629575128828507, -0.006468824871202869], [-0.007156681585059849, -0.006468824871202869, 0.0076356127610579805]], "chi2_level": 0.997, "chi2_df": 3, "chi2_threshold": 13.931422665512084, "N_raw": 65, "N_roi": 65, "N_inlier": 62, "refit": true}
{"timestamp": "15:29:36.271116", "frame": 85, "mu": [-1.3163926998970836, 0.9929995714153134, 1.3187068084031504], "Sigma": [[0.01868864309740165, 0.01186926722589121, -0.02686094868287109], [0.01186926722589121, 0.015176774750863072, -0.0166751068603753], [-0.02686094868287109, -0.0166751068603753, 0.06544231113929057]], "chi2_level": 0.997, "chi2_df": 3, "chi2_threshold": 13.931422665512084, "N_raw": 75, "N_roi": 75, "N_inlier": 75, "refit": true}
{"timestamp": "15:29:36.331413", "frame": 86, "mu": [-1.3750700578932622, 1.0265276130720933, 1.3931001944080232], "Sigma": [[0.013592911102042268, 0.011981239108133021, -0.0027423286206220334], [0.011981239108133021, 0.020988129717152217, -0.004920351207286931], [-0.0027423286206220334, -0.0049203512072869314, 0.019834474298227517]], "chi2_level": 0.997, "chi2_df": 3, "chi2_threshold": 13.931422665512084, "N_raw": 109, "N_roi": 109, "N_inlier": 100, "refit": true}
{"timestamp": "15:29:36.385617", "frame": 87, "mu": [-1.401809530140514, 1.1324567380131212, 0.15750632192051475], "Sigma": [[0.022860722863221494, 0.007510639488391437, 0.04596003506536891], [0.007510639488391436, 0.009895466707866412, 0.012810821597918753], [0.04596003506536891, 0.012810821597918753, 0.34836364799910685]], "chi2_level": 0.997, "chi2_df": 3, "chi2_threshold": 13.931422665512084, "N_raw": 101, "N_roi": 101, "N_inlier": 101, "refit": true}
{"timestamp": "15:29:36.442641", "frame": 88, "mu": [-1.3995733153283902, 1.1308648192024624, 1.1844790180769578], "Sigma": [[0.03528062780853414, 0.01953435179115561, -0.07578033116847645], [0.019534351791155615, 0.015321208975554735, -0.04473427114866729], [-0.07578033116847645, -0.04473427114866729, 0.24490303478384143]], "chi2_level": 0.997, "chi2_df": 3, "chi2_threshold": 13.931422665512084, "N_raw": 112, "N_roi": 112, "N_inlier": 110, "refit": true}
