{"timestamp": "14:50:45.190467", "frame": 42, "mu": [-2.3696494441719613, 2.9958320705423347, 0.9486091876984718], "Sigma": [[0.005321064203637794, 0.0028907278059240255, -0.002184426998571436], [0.0028907278059240255, 0.00448650048374413, -0.003699486474609723], [-0.002184426998571436, -0.0036994864746097227, 0.005055106358571937]], "chi2_level": 0.997, "chi2_df": 3, "chi2_threshold": 13.931422665512084, "N_raw": 36, "N_roi": 19, "N_inlier": 19, "refit": true}
{"timestamp": "14:50:45.355630", "frame": 45, "mu": [-2.2938430469641826, 3.020068244917756, 1.1766878009055932], "Sigma": [[0.012167454770983388, 0.0063631059966184605, -0.004451504696136329], [0.006363105996618462, 0.004260106133524541, -0.004540485183478039], [-0.004451504696136329, -0.004540485183478039, 0.009293814570547038]], "chi2_level": 0.997, "chi2_df": 3, "chi2_threshold": 13.931422665512084, "N_raw": 23, "N_roi": 21, "N_inlier": 21, "refit": true}
{"timestamp": "14:50:45.412034", "frame": 46, "mu": [-2.212238147087595, 3.1143460546919517, 0.11327470155199645], "Sigma": [[0.016216683616080425, 0.01126969759629458, -0.0014419486923295257], [0.01126969759629458, 0.010261047173419148, -0.0009649649010691234], [-0.0014419486923295255, -0.0009649649010691235, 0.0007434108757945544]], "chi2_level": 0.997, "chi2_df": 3, "chi2_threshold": 13.931422665512084, "N_raw": 30, "N_roi": 27, "N_inlier": 26, "refit": true}
{"timestamp": "14:50:45.464977", "frame": 47, "mu": [-2.1781986758529612, 2.945551683024141, 1.0938172450958037], "Sigma": [[0.008578606237510273, 0.0029022271475200624, -0.006917917670940556], [0.0029022271475200624, 0.004364919211681642, -0.0024256094501346375], [-0.006917917670940556, -0.0024256094501346375, 0.006531376663938554]], "chi2_level": 0.997, "chi2_df": 3, "chi2_threshold": 13.931422665512084, "N_raw": 19, "N_roi": 19, "N_inlier": 19, "refit": true}
{"timestamp": "14:50:45.518800", "frame": 48, "mu": [-2.144717977989765, 3.08347840203289, 1.487549103623182], "Sigma": [[0.007613934624373917, 0.0036896613673188983, -0.008373726748767232], [0.0036896613673188983, 0.002790016844480891, -0.004229909744515611], [-0.008373726748767232, -0.004229909744515611, 0.010709858522289001]], "chi2_level": 0.997, "chi2_df": 3, "chi2_threshold": 13.931422665512084, "N_raw": 11, "N_roi": 11, "N_inlier": 11, "refit": true}
{"timestamp": "14:50:45.795558", "frame": 53, "mu": [-2.046469984847454, 3.0701350053879266, 1.242189564414516], "Sigma": [[0.011541046598335923, 0.0036502978185351327, 0.014259566636896759], [0.0036502978185351327, 0.0029857899425775923, -0.001951400716251848], [0.014259566636896759, -0.0019514007162518482, 0.1039775218051779]], "chi2_level": 0.997, "chi2_df": 3, "chi2_threshold": 13.931422665512084, "N_raw": 22, "N_roi": 21, "N_inlier": 20, "refit": true}
{"timestamp": "14:50:45.851045", "frame": 54, "mu": [-1.8721475889776407, 3.116708639613071, 1.064631816534349], "Sigma": [[0.01099746165905363, 0.005240425872702072, -0.005024340456430475], [0.005240425872702071, 0.0033249043461678796, -0.004990733170378706], [-0.005024340456430475, -0.004990733170378706, 0.015154502352714342]], "chi2_level": 0.997, "chi2_df": 3, "chi2_threshold": 13.931422665512084, "N_raw": 23, "N_roi": 23, "N_inlier": 23, "refit": true}
{"timestamp": "14:50:46.072776", "frame": 58, "mu": [-1.6935279274542006, 3.1609848595157155, 1.1814968537903945], "Sigma": [[0.014010828469917311, 0.007489224538212335, -0.02336082631380946], [0.007489224538212334, 0.0068754498923285145, -0.020145314766436072], [-0.02336082631380946, -0.020145314766436072, 0.07727480627333189]], "chi2_level": 0.997, "chi2_df": 3, "chi2_threshold": 13.931422665512084, "N_raw": 36, "N_roi": 33, "N_inlier": 32, "refit": true}
{"timestamp": "14:50:46.128793", "frame": 59, "mu": [-1.6871253017340384, 3.1050247427971884, 1.3122068142744472], "Sigma": [[0.02149428891334742, 0.006161518973044292, -0.016781688745114688], [0.006161518973044292, 0.0051816332069015, -0.006145638259990189], [-0.016781688745114688, -0.006145638259990188, 0.01501578456870438]], "chi2_level": 0.997, "chi2_df": 3, "chi2_threshold": 13.931422665512084, "N_raw": 47, "N_roi": 44, "N_inlier": 44, "refit": true}
{"timestamp": "14:50:46.184324", "frame": 60, "mu": [-1.5438242317250634, 3.117631531262828, 1.1246703139739205], "Sigma": [[0.02019549530586455, -0.004350816641492379, -0.03955812203690677], [-0.004350816641492379, 0.004618917924076627, 0.00894805909236534], [-0.03955812203690678, 0.00894805909236534, 0.08702812259892713]], "chi2_level": 0.997, "chi2_df": 3, "chi2_threshold": 13.931422665512084, "N_raw": 45, "N_roi": 42, "N_inlier": 42, "refit": true}
{"timestamp": "14:50:46.239985", "frame": 61, "mu": [-1.4787770415327894, 3.089148736076631, 1.0422401389364568], "Sigma": [[0.01797605808564585, -0.005383848608529299, -0.0399861562667158], [-0.005383848608529299, 0.005963990562265869, 0.010211816099366302], [-0.0399861562667158, 0.010211816099366302, 0.09737350756593809]], "chi2_level": 0.997, "chi2_df": 3, "chi2_threshold": 13.931422665512084, "N_raw": 53, "N_roi": 53, "N_inlier": 51, "refit": true}
{"timestamp": "14:50:46.294467", "frame": 62, "mu": [-1.4559046048409288, 3.1386838605145204, 0.8053361530305443], "Sigma": [[0.012928551748462915, 0.0014309004220429261, -0.020367673681406788], [0.0014309004220429261, 0.003540998473696518, 0.01882828798698593], [-0.020367673681406788, 0.01882828798698593, 0.35428044753767435]], "chi2_level": 0.997, "chi2_df": 3, "chi2_threshold": 13.931422665512084, "N_raw": 45, "N_roi": 45, "N_inlier": 45, "refit": true}
{"timestamp": "14:50:46.351513", "frame": 63, "mu": [-1.4204285631285156, 3.108163137922102, 0.8151733701171252], "Sigma": [[0.014024744751082856, -0.0011999410963441021, -0.030490267681286546], [-0.0011999410963441023, 0.004150318706320765, -0.010806840691269845], [-0.030490267681286546, -0.010806840691269847, 0.1670608037389578]], "chi2_level": 0.997, "chi2_df": 3, "chi2_threshold": 13.931422665512084, "N_raw": 60, "N_roi": 60, "N_inlier": 60, "refit": true}
{"timestamp": "14:50:46.403049", "frame": 64, "mu": [-1.370697409485188, 3.0991861350360956, 0.9830439795729814], "Sigma": [[0.013682895038862277, -0.0017972573002261278, -0.022449400255184014], [-0.001797257300226128, 0.0026910261718779346, 0.0001662474980577166], [-0.022449400255184014, 0.00016624749805771682, 0.05101968523093835]], "chi2_level": 0.997, "chi2_df": 3, "chi2_threshold": 13.931422665512084, "N_raw": 40, "N_roi": 40, "N_inlier": 38, "refit": true}
{"timestamp": "14:50:46.456895", "frame": 65, "mu": [-1.3936104620801975, 3.1235032938123317, 0.9744747534802729], "Sigma": [[0.010406652503925378, 0.000936493788457433, -0.01702699585560581], [0.0009364937884574329, 0.0025102506267612908, -0.007866811194516592], [-0.01702699585560581, -0.007866811194516592, 0.11123205275175384]], "chi2_level": 0.997, "chi2_df": 3, "chi2_threshold": 13.931422665512084, "N_raw": 33, "N_roi": 33, "N_inlier": 32, "refit": true}
{"timestamp": "14:50:46.514363", "frame": 66, "mu": [-1.3147893494099083, 3.188232947338898, 1.044237282243388], "Sigma": [[0.014245220018458444, 0.00513520793902457, -0.016027887184824008], [0.00513520793902457, 0.0047521472641089335, -0.01303719724262675], [-0.016027887184824008, -0.01303719724262675, 0.03952205831728317]], "chi2_level": 0.997, "chi2_df": 3, "chi2_threshold": 13.931422665512084, "N_raw": 47, "N_roi": 47, "N_inlier": 46, "refit": true}
{"timestamp": "14:50:46.570337", "frame": 67, "mu": [-1.2632531998825325, 3.177064018493195, 1.0496179943169945], "Sigma": [[0.019634128018525914, 0.0023462471218956235, -0.01880443670363059], [0.0023462471218956235, 0.0012791578746891676, -0.006223038319685122], [-0.01880443670363059, -0.006223038319685122, 0.04440702896643674]], "chi2_level": 0.997, "chi2_df": 3, "chi2_threshold": 13.931422665512084, "N_raw": 51, "N_roi": 51, "N_inlier": 50, "refit": true}
{"timestamp": "14:50:46.622484", "frame": 68, "mu": [-1.2487473432039988, 3.147877902656231, 1.0929248325734298], "Sigma": [[0.012720859016159027, -0.001059404945282697, -0.0177130265534139], [-0.001059404945282697, 0.0007101891939265704, -0.0021853798681655814], [-0.0177130265534139, -0.0021853798681655814, 0.09555789512847015]], "chi2_level": 0.997, "chi2_df": 3, "chi2_threshold": 13.931422665512084, "N_raw": 30, "N_roi": 30, "N_inlier": 28, "refit": true}
{"timestamp": "14:50:46.676002", "frame": 69, "mu": [-1.1769022135432112, 3.1154410607595415, 0.7103651696026259], "Sigma": [[0.007901260881295873, 0.0005079432725402578, 0.009543473894564272], [0.0005079432725402578, 0.005100585905493577, -0.01764337670146792], [0.009543473894564274, -0.01764337670146792, 0.10497954775583881]], "chi2_level": 0.997, "chi2_df": 3, "chi2_threshold": 13.931422665512084, "N_raw": 23, "N_roi": 23, "N_inlier": 23, "refit": true}
{"timestamp": "14:50:46.736312", "frame": 70, "mu": [-1.1324841321550492, 3.1665661598266723, 1.0180299243418864], "Sigma": [[0.020444822706266907, 0.002858108729288723, -0.010090821281464666], [0.002858108729288723, 0.0023117005108560327, -0.006381034868861842], [-0.010090821281464666, -0.006381034868861842, 0.02144033142551481]], "chi2_level": 0.997, "chi2_df": 3, "chi2_threshold": 13.931422665512084, "N_raw": 61, "N_roi": 61, "N_inlier": 58, "refit": true}
{"timestamp": "14:50:46.786976", "frame": 71, "mu": [-1.0573015899841904, 3.154012223645286, 0.9138940490069243], "Sigma": [[0.00751851349635222, -0.001746092161250544, -0.011128742551343732], [-0.001746092161250544, 0.0015551618605773494, 0.0012515796578185647], [-0.011128742551343733, 0.0012515796578185649, 0.030780580918828425]], "chi2_level": 0.997, "chi2_df": 3, "chi2_threshold": 13.931422665512084, "N_raw": 22, "N_roi": 21, "N_inlier": 21, "refit": true}
{"timestamp": "14:50:46.843958", "frame": 72, "mu": [-1.0358384975710853, 3.1241755212326607, 1.0050974495598377], "Sigma": [[0.012824071089355021, 0.00026518330545901984, -0.01350351790969683], [0.0002651833054590199, 0.003865270246760209, -0.002624079496976636], [-0.01350351790969683, -0.002624079496976636, 0.017619602267123877]], "chi2_level": 0.997, "chi2_df": 3, "chi2_threshold": 13.931422665512084, "N_raw": 48, "N_roi": 48, "N_inlier": 47, "refit": true}
{"timestamp": "14:50:46.897003", "frame": 73, "mu": [-1.0391120116605235, 3.1027982205440447, 1.1587439302037466], "Sigma": [[0.012896797166934008, 0.001302777961556004, -0.007673893565575878], [0.001302777961556004, 0.0024761488881126846, 0.0003130797657766637], [-0.00767389356557588, 0.0003130797657766639, 0.0056293900388217745]], "chi2_level": 0.997, "chi2_df": 3, "chi2_threshold": 13.931422665512084, "N_raw": 29, "N_roi": 27, "N_inlier": 27, "refit": true}
{"timestamp": "14:50:46.953134", "frame": 74, "mu": [-0.9513861499922996, 3.0661858330855494, 1.0408001908502593], "Sigma": [[0.012200549423453713, 0.0006178026193255342, -0.008518693497384048], [0.0006178026193255342, 0.0019168459326611203, -0.002574789460607788], [-0.008518693497384046, -0.002574789460607788, 0.01036026335526564]], "chi2_level": 0.997, "chi2_df": 3, "chi2_threshold": 13.931422665512084, "N_raw": 38, "N_roi": 38, "N_inlier": 38, "refit": true}
{"timestamp": "14:50:47.009899", "frame": 75, "mu": [-0.8909987991648562, 3.1158661190947474, 1.0268883166314184], "Sigma": [[0.013245879238820762, 0.002447427501025571, -0.008102786125186761], [0.0024474275010255716, 0.004118498377826815, -0.004696579417368809], [-0.008102786125186761, -0.004696579417368809, 0.008996884674026994]], "chi2_level": 0.997, "chi2_df": 3, "chi2_threshold": 13.931422665512084, "N_raw": 54, "N_roi": 50, "N_inlier": 50, "refit": true}
{"timestamp": "14:50:47.065382", "frame": 76, "mu": [-0.8837822875595872, 3.1041681949034685, 1.0045330423608245], "Sigma": [[0.014235868118802569, 0.0006336209258450268, -0.009159236052917786], [0.0006336209258450268, 0.002158795303882217, -0.004369905709095874], [-0.009159236052917786, -0.004369905709095874, 0.017734795284371527]], "chi2_level": 0.997, "chi2_df": 3, "chi2_threshold": 13.931422665512084, "N_raw": 52, "N_roi": 52, "N_inlier": 52, "refit": true}
{"timestamp": "14:50:47.884003", "frame": 91, "mu": [-0.2951822699737453, 3.275032441150427, 1.2254773024234045], "Sigma": [[0.015546450288231704, 0.0013394544497500561, -0.03672433987983083], [0.0013394544497500561, 0.001125780860105332, -0.0058772078080867015], [-0.03672433987983083, -0.0058772078080867015, 0.1564192496477561]], "chi2_level": 0.997, "chi2_df": 3, "chi2_threshold": 13.931422665512084, "N_raw": 14, "N_roi": 14, "N_inlier": 14, "refit": true}
{"timestamp": "14:50:48.000440", "frame": 93, "mu": [-0.20306297753150848, 3.283282054846633, 1.0131454124367965], "Sigma": [[0.016402697428385266, -0.0006765383149469902, -0.007148531160593794], [-0.0006765383149469903, 0.004063311613970844, -0.0017163928576192174], [-0.007148531160593794, -0.0017163928576192176, 0.004856455825936352]], "chi2_level": 0.997, "chi2_df": 3, "chi2_threshold": 13.931422665512084, "N_raw": 55, "N_roi": 55, "N_inlier": 52, "refit": true}
{"timestamp": "14:50:48.051720", "frame": 94, "mu": [-0.16869271935945068, 3.324237803556114, 1.3560319025535355], "Sigma": [[0.006636130161576505, 0.0004923334516320659, -0.003364598702526036], [0.0004923334516320659, 0.0018517575012069578, -0.002529036417546738], [-0.0033645987025260355, -0.002529036417546738, 0.017172141673828252]], "chi2_level": 0.997, "chi2_df": 3, "chi2_threshold": 13.931422665512084, "N_raw": 25, "N_roi": 25, "N_inlier": 24, "refit": true}
{"timestamp": "14:50:48.105432", "frame": 95, "mu": [-0.1476005879159681, 3.2105781221104874, 1.155822316150703], "Sigma": [[0.011658392603173641, -0.0005415555388726171, -0.004125456488996761], [-0.0005415555388726171, 0.0016865108348885218, -0.001348707577108047], [-0.004125456488996761, -0.001348707577108047, 0.004037311031225212]], "chi2_level": 0.997, "chi2_df": 3, "chi2_threshold": 13.931422665512084, "N_raw": 28, "N_roi": 28, "N_inlier": 27, "refit": true}
{"timestamp": "14:50:48.160149", "frame": 96, "mu": [-0.1459177262154889, 3.2502246144589426, 1.0124295002901729], "Sigma": [[0.0077405814305863685, -0.0016118808055593248, 0.017621341419389567], [-0.001611880805559325, 0.003443134862625493, -0.013930777044296202], [0.017621341419389567, -0.013930777044296202, 0.10105034574637645]], "chi2_level": 0.997, "chi2_df": 3, "chi2_threshold": 13.931422665512084, "N_raw": 16, "N_roi": 15, "N_inlier": 14, "refit": true}
{"timestamp": "14:50:48.268958", "frame": 98, "mu": [-0.05425525464176799, 3.291802982420182, 1.0725210190822534], "Sigma": [[0.004843919241335858, -0.0007170975990189003, -0.0006880534466605483], [-0.0007170975990189004, 0.0015059427550020478, -0.0002938476263426129], [-0.0006880534466605483, -0.0002938476263426129, 0.0003029783716683157]], "chi2_level": 0.997, "chi2_df": 3, "chi2_threshold": 13.931422665512084, "N_raw": 12, "N_roi": 12, "N_inlier": 11, "refit": true}
{"timestamp": "14:50:48.446321", "frame": 101, "mu": [0.10633025482865274, 3.222968183097513, 1.2309812727901228], "Sigma": [[0.011303100230128442, -0.0013369232759886979, -0.0027752452797450786], [-0.0013369232759886979, 0.0016229885786864981, 0.00012336205926774115], [-0.0027752452797450786, 0.0001233620592677411, 0.002198079842972283]], "chi2_level": 0.997, "chi2_df": 3, "chi2_threshold": 13.931422665512084, "N_raw": 27, "N_roi": 26, "N_inlier": 25, "refit": true}
{"timestamp": "14:50:48.493002", "frame": 102, "mu": [0.146320901631645, 3.2609068649255217, 1.2510069720454122], "Sigma": [[0.011314900165886084, -0.0013519279672824626, -0.0051782895469304115], [-0.0013519279672824626, 0.003055632565594966, -9.82117593265128e-05], [-0.0051782895469304115, -9.82117593265127e-05, 0.003938132205572184]], "chi2_level": 0.997, "chi2_df": 3, "chi2_threshold": 13.931422665512084, "N_raw": 38, "N_roi": 37, "N_inlier": 35, "refit": true}
{"timestamp": "14:50:48.546642", "frame": 103, "mu": [0.19420087315900766, 3.297635745744074, 1.1803273698444336], "Sigma": [[0.007010355110317019, -0.0012636599959611199, -0.0017964160260912057], [-0.0012636599959611199, 0.0020584368186521715, -0.0020374967813105785], [-0.0017964160260912057, -0.0020374967813105785, 0.005154303671099821]], "chi2_level": 0.997, "chi2_df": 3, "chi2_threshold": 13.931422665512084, "N_raw": 27, "N_roi": 27, "N_inlier": 27, "refit": true}
{"timestamp": "14:50:48.605057", "frame": 104, "mu": [0.216499551377535, 3.2557729954393517, 1.1964831338343793], "Sigma": [[0.013762192244661497, -0.0020942313312654667, -0.011581909629200964], [-0.0020942313312654667, 0.00243545085188971, -0.0008399926728746573], [-0.011581909629200964, -0.0008399926728746573, 0.026763194678815355]], "chi2_level": 0.997, "chi2_df": 3, "chi2_threshold": 13.931422665512084, "N_raw": 49, "N_roi": 49, "N_inlier": 46, "refit": true}
{"timestamp": "14:50:48.661833", "frame": 105, "mu": [0.2714338141015156, 3.289162511341683, 1.187213988620767], "Sigma": [[0.01386191314055442, -0.001817009265025807, -0.008457739546201147], [-0.001817009265025807, 0.003970206746256679, -0.0052118419571379505], [-0.008457739546201147, -0.0052118419571379505, 0.023032447950523248]], "chi2_level": 0.997, "chi2_df": 3, "chi2_threshold": 13.931422665512084, "N_raw": 66, "N_roi": 63, "N_inlier": 60, "refit": true}
{"timestamp": "14:50:48.712990", "frame": 106, "mu": [0.3105751523326297, 3.241020401799918, 1.2782304068277128], "Sigma": [[0.009833691101760043, -0.00223195263163398, -0.0035071835577929725], [-0.00223195263163398, 0.0035829611986073133, -0.0005157713072733911], [-0.0035071835577929725, -0.0005157713072733911, 0.0071878369592146595]], "chi2_level": 0.997, "chi2_df": 3, "chi2_threshold": 13.931422665512084, "N_raw": 29, "N_roi": 26, "N_inlier": 26, "refit": true}
{"timestamp": "14:50:48.767104", "frame": 107, "mu": [0.3315898386056751, 3.299411366126627, 1.1659075497245066], "Sigma": [[0.010721463845053287, -0.0014749054628012623, -0.003813564818987436], [-0.0014749054628012623, 0.0020189328075086747, -0.0015029054161253292], [-0.003813564818987436, -0.0015029054161253288, 0.006382735491436376]], "chi2_level": 0.997, "chi2_df": 3, "chi2_threshold": 13.931422665512084, "N_raw": 33, "N_roi": 33, "N_inlier": 33, "refit": true}
{"timestamp": "14:50:48.879288", "frame": 109, "mu": [0.4266756559199657, 3.303796889024966, 1.131845503737303], "Sigma": [[0.012408096780400899, -0.0022171054749372506, -0.007265520728435216], [-0.002217105474937251, 0.002261002292162266, -0.0033730038655418832], [-0.007265520728435216, -0.0033730038655418832, 0.028533288788071674]], "chi2_level": 0.997, "chi2_df": 3, "chi2_threshold": 13.931422665512084, "N_raw": 52, "N_roi": 50, "N_inlier": 48, "refit": true}
{"timestamp": "14:50:48.930384", "frame": 110, "mu": [0.482851710979419, 3.31272710416435, 0.7384208361345627], "Sigma": [[0.0025106055876989502, 0.00033403441692132687, -0.007083322605328279], [0.0003340344169213269, 0.0006193690461367077, -0.003660231582858659], [-0.00708332260532828, -0.0036602315828586592, 0.20806024929505582]], "chi2_level": 0.997, "chi2_df": 3, "chi2_threshold": 13.931422665512084, "N_raw": 15, "N_roi": 12, "N_inlier": 12, "refit": true}
{"timestamp": "14:50:49.153510", "frame": 114, "mu": [0.6118977997323551, 3.344889654911389, 1.218892692562246], "Sigma": [[0.013226442894348451, -0.00339369934834951, -0.0076653999756392185], [-0.00339369934834951, 0.004627892068084436, -0.00021917195671402256], [-0.0076653999756392185, -0.00021917195671402253, 0.007027789674419127]], "chi2_level": 0.997, "chi2_df": 3, "chi2_threshold": 13.931422665512084, "N_raw": 46, "N_roi": 45, "N_inlier": 44, "refit": true}
{"timestamp": "14:50:49.264127", "frame": 116, "mu": [0.7128602486978362, 3.2866654959213224, 1.0328834024946685], "Sigma": [[0.013442327137267668, -0.003723791348117688, -0.0025346277930625174], [-0.003723791348117688, 0.0032298001865424487, -0.003391047658502314], [-0.0025346277930625174, -0.003391047658502314, 0.010110020405732884]], "chi2_level": 0.997, "chi2_df": 3, "chi2_threshold": 13.931422665512084, "N_raw": 52, "N_roi": 47, "N_inlier": 47, "refit": true}
{"timestamp": "14:50:49.318236", "frame": 117, "mu": [0.7382992110287724, 3.2486968463878756, 0.9828669370344207], "Sigma": [[0.01165834136616718, -0.0027801858877899693, 0.0010737283184302528], [-0.0027801858877899693, 0.0024714541545426696, -0.002456204545497965], [0.0010737283184302526, -0.002456204545497965, 0.004705577694173049]], "chi2_level": 0.997, "chi2_df": 3, "chi2_threshold": 13.931422665512084, "N_raw": 37, "N_roi": 34, "N_inlier": 34, "refit": true}
{"timestamp": "14:50:49.534435", "frame": 121, "mu": [0.9402851662351286, 3.2905458192995316, 0.8324821768717907], "Sigma": [[0.008820524598449219, -0.00723308295802085, 0.021152713977180857], [-0.00723308295802085, 0.010016281195312726, -0.02600015351559981], [0.021152713977180857, -0.02600015351559981, 0.08694412420592042]], "chi2_level": 0.997, "chi2_df": 3, "chi2_threshold": 13.931422665512084, "N_raw": 13, "N_roi": 13, "N_inlier": 13, "refit": true}
{"timestamp": "14:50:49.593726", "frame": 122, "mu": [0.9826507416692196, 3.2667126020475754, 1.0248211058427346], "Sigma": [[0.01497417532366213, -0.00638700803313346, -0.0015274775438903062], [-0.00638700803313346, 0.0050628587243248535, -0.006336851537943286], [-0.0015274775438903064, -0.006336851537943286, 0.02679036571661859]], "chi2_level": 0.997, "chi2_df": 3, "chi2_threshold": 13.931422665512084, "N_raw": 43, "N_roi": 42, "N_inlier": 40, "refit": true}
{"timestamp": "14:50:49.650357", "frame": 123, "mu": [1.055214209983075, 3.268682833818967, 1.0340750746416936], "Sigma": [[0.018308777447952083, -0.007057313241546225, -0.0068478762948147864], [-0.007057313241546225, 0.006384175902041884, -0.0006204993319127258], [-0.0068478762948147864, -0.000620499331912726, 0.007047641228006353]], "chi2_level": 0.997, "chi2_df": 3, "chi2_threshold": 13.931422665512084, "N_raw": 55, "N_roi": 53, "N_inlier": 51, "refit": true}
{"timestamp": "14:50:49.700604", "frame": 124, "mu": [1.0530472765429575, 3.261935261991719, 1.2932458422434354], "Sigma": [[0.007566887663969031, -0.004576077226055691, -0.003050403506454473], [-0.004576077226055691, 0.006546917387254744, 0.0009096054307069132], [-0.003050403506454473, 0.0009096054307069132, 0.0040747343202589366]], "chi2_level": 0.997, "chi2_df": 3, "chi2_threshold": 13.931422665512084, "N_raw": 15, "N_roi": 15, "N_inlier": 13, "refit": true}
{"timestamp": "14:50:49.758871", "frame": 125, "mu": [1.0851603281213564, 3.317403547763753, 1.0314320141492557], "Sigma": [[0.01672000074466069, -0.0061224577163859414, -0.0038289049659306117], [-0.0061224577163859414, 0.00478390565413006, -0.0020111963237616466], [-0.0038289049659306117, -0.0020111963237616475, 0.09936883888553816]], "chi2_level": 0.997, "chi2_df": 3, "chi2_threshold": 13.931422665512084, "N_raw": 43, "N_roi": 43, "N_inlier": 42, "refit": true}
{"timestamp": "14:50:49.868094", "frame": 127, "mu": [1.1986229491659124, 3.302146714156697, 1.2110996256304518], "Sigma": [[0.018085897735817, -0.0068663520297399215, -0.006563401941190502], [-0.0068663520297399215, 0.005202394415599019, 0.00036120858374358083], [-0.006563401941190502, 0.00036120858374358083, 0.005532932763144173]], "chi2_level": 0.997, "chi2_df": 3, "chi2_threshold": 13.931422665512084, "N_raw": 41, "N_roi": 41, "N_inlier": 39, "refit": true}
{"timestamp": "14:50:49.923886", "frame": 128, "mu": [1.1910103333887507, 3.360303238589965, 1.1740103329004177], "Sigma": [[0.016925260851427107, -0.006759034651007127, -0.00740915470427053], [-0.006759034651007127, 0.0048954322736125475, -0.00020304373896275603], [-0.0074091547042705284, -0.00020304373896275614, 0.011623189642660613]], "chi2_level": 0.997, "chi2_df": 3, "chi2_threshold": 13.931422665512084, "N_raw": 41, "N_roi": 39, "N_inlier": 37, "refit": true}
{"timestamp": "14:50:49.977022", "frame": 129, "mu": [1.29208931251886, 3.247831349800337, 1.143471965482509], "Sigma": [[0.011484323547895055, -0.004328566633914257, -0.006445331272571031], [-0.004328566633914257, 0.003302830041505711, -0.0004961457088578985], [-0.006445331272571031, -0.0004961457088578987, 0.011559662057216537]], "chi2_level": 0.997, "chi2_df": 3, "chi2_threshold": 13.931422665512084, "N_raw": 34, "N_roi": 34, "N_inlier": 32, "refit": true}
{"timestamp": "14:50:50.035131", "frame": 130, "mu": [1.3282712120414932, 3.2775434023250103, 1.0915053939476012], "Sigma": [[0.014875975404534237, -0.004366320636471559, -0.0066010626750729945], [-0.004366320636471559, 0.004757585238097855, -0.002913418289216787], [-0.006601062675072995, -0.002913418289216787, 0.011331077383322084]], "chi2_level": 0.997, "chi2_df": 3, "chi2_threshold": 13.931422665512084, "N_raw": 52, "N_roi": 52, "N_inlier": 49, "refit": true}
{"timestamp": "14:50:50.085429", "frame": 131, "mu": [1.37892703915511, 3.260399014934841, 1.1869352063899876], "Sigma": [[0.005206831531308606, -0.0014520818505899867, -0.0016949542882536504], [-0.0014520818505899867, 0.0021198299111214254, -0.0022307117227831495], [-0.0016949542882536504, -0.0022307117227831495, 0.008883591390809221]], "chi2_level": 0.997, "chi2_df": 3, "chi2_threshold": 13.931422665512084, "N_raw": 18, "N_roi": 17, "N_inlier": 16, "refit": true}
{"timestamp": "14:50:50.144354", "frame": 132, "mu": [1.4047095624805308, 3.421652591648281, 0.04166228081967097], "Sigma": [[0.01580942514071221, -0.005271902472995649, -0.00622838866503418], [-0.005271902472995649, 0.007828676096403428, -0.0006537897731486795], [-0.00622838866503418, -0.0006537897731486795, 0.004559413081309734]], "chi2_level": 0.997, "chi2_df": 3, "chi2_threshold": 13.931422665512084, "N_raw": 53, "N_roi": 53, "N_inlier": 50, "refit": true}
{"timestamp": "14:50:50.308437", "frame": 135, "mu": [1.4876245218415665, 3.3298130928321417, 1.1886873774229796], "Sigma": [[0.01880984604664037, -0.008365278742352142, -0.010133332187092817], [-0.008365278742352142, 0.007040589770652431, 0.002415443791695098], [-0.010133332187092817, 0.002415443791695098, 0.009712614601877438]], "chi2_level": 0.997, "chi2_df": 3, "chi2_threshold": 13.931422665512084, "N_raw": 46, "N_roi": 46, "N_inlier": 44, "refit": true}
{"timestamp": "14:50:50.579765", "frame": 140, "mu": [1.6677753031365763, 3.3383035943151635, 0.9137209431918419], "Sigma": [[0.014608579488923851, -0.005347425791896527, -0.0010552574009319348], [-0.005347425791896527, 0.004997780873922338, 0.0025422819034323168], [-0.0010552574009319348, 0.0025422819034323168, 0.0025391842870192477]], "chi2_level": 0.997, "chi2_df": 3, "chi2_threshold": 13.931422665512084, "N_raw": 22, "N_roi": 22, "N_inlier": 22, "refit": true}
{"timestamp": "14:50:50.635761", "frame": 141, "mu": [1.6648241064091778, 3.4404775983446747, 0.15975076242541086], "Sigma": [[0.01221190644909866, -0.00450433645598132, -0.006671225095405482], [-0.00450433645598132, 0.004593653208035101, -0.001147394351583125], [-0.006671225095405483, -0.001147394351583125, 0.009861270513840212]], "chi2_level": 0.997, "chi2_df": 3, "chi2_threshold": 13.931422665512084, "N_raw": 23, "N_roi": 23, "N_inlier": 23, "refit": true}
{"timestamp": "14:50:50.800823", "frame": 144, "mu": [1.809850237027106, 3.3945093886294315, 1.0504275879446705], "Sigma": [[0.009065211974683773, -0.0040644411988280844, 0.006657581628364109], [-0.0040644411988280844, 0.002753803424484401, -0.00515896555471626], [0.006657581628364109, -0.00515896555471626, 0.08481788243719161]], "chi2_level": 0.997, "chi2_df": 3, "chi2_threshold": 13.931422665512084, "N_raw": 20, "N_roi": 18, "N_inlier": 18, "refit": true}
{"timestamp": "14:50:50.965986", "frame": 147, "mu": [1.7802006584941346, 3.393807113696432, 1.3451890880098663], "Sigma": [[0.009951849546832378, -0.005107982824208714, -0.0018080079614594714], [-0.005107982824208714, 0.0043597599513128795, -0.00012967936420656205], [-0.0018080079614594716, -0.00012967936420656216, 0.0028080964446685706]], "chi2_level": 0.997, "chi2_df": 3, "chi2_threshold": 13.931422665512084, "N_raw": 23, "N_roi": 21, "N_inlier": 21, "refit": true}
{"timestamp": "14:50:51.184341", "frame": 151, "mu": [1.900380023607986, 3.386106432375928, 1.231767814420219], "Sigma": [[0.008147644925118719, -0.0036096815480628026, -0.0032489484598179266], [-0.0036096815480628035, 0.003535936034206601, -0.0007394617902030918], [-0.0032489484598179266, -0.0007394617902030918, 0.005364534001822658]], "chi2_level": 0.997, "chi2_df": 3, "chi2_threshold": 13.931422665512084, "N_raw": 19, "N_roi": 19, "N_inlier": 19, "refit": true}
{"timestamp": "14:50:51.242648", "frame": 152, "mu": [1.9445110920715356, 3.4229841477503027, 1.3021593333925], "Sigma": [[0.011514955420590868, -0.006426010507417562, -0.004239257446835603], [-0.006426010507417562, 0.007848738166292819, -0.0007567568333687268], [-0.004239257446835603, -0.0007567568333687269, 0.004904254204299087]], "chi2_level": 0.997, "chi2_df": 3, "chi2_threshold": 13.931422665512084, "N_raw": 34, "N_roi": 34, "N_inlier": 34, "refit": true}
{"timestamp": "14:50:51.459512", "frame": 156, "mu": [2.002438029338673, 3.5069991881714726, 1.1234104791997117], "Sigma": [[0.008755406185684165, -0.0054388243584202614, -0.0034162005022322574], [-0.005438824358420262, 0.005294365254928824, -0.0013322994005225508], [-0.003416200502232256, -0.0013322994005225512, 0.010343216718621841]], "chi2_level": 0.997, "chi2_df": 3, "chi2_threshold": 13.931422665512084, "N_raw": 20, "N_roi": 20, "N_inlier": 20, "refit": true}
