{"timestamp": "15:47:16.238906", "frame": 10, "mu": [1.6894450024544492, 1.1963577819285653, 1.3949537534575511], "Sigma": [[0.004054859934190923, -0.0007145882932952383, -0.0017244845904464475], [-0.0007145882932952384, 0.003840338510310792, -0.0011648559861091928], [-0.0017244845904464475, -0.0011648559861091928, 0.0017753001952080258]], "chi2_level": 0.997, "chi2_df": 3, "chi2_threshold": 13.931422665512084, "N_raw": 23, "N_roi": 23, "N_inlier": 23, "refit": true}
{"timestamp": "15:47:16.293400", "frame": 11, "mu": [1.7286093692553837, 1.3228172687585318, -0.40420752054546316], "Sigma": [[0.004393722208070211, -0.0015390261289220046, 0.0007012824529195993], [-0.0015390261289220046, 0.0060594669486459035, 0.0012161083533424656], [0.0007012824529195996, 0.001216108353342465, 0.029522743350171295]], "chi2_level": 0.997, "chi2_df": 3, "chi2_threshold": 13.931422665512084, "N_raw": 24, "N_roi": 24, "N_inlier": 24, "refit": true}
{"timestamp": "15:47:16.347910", "frame": 12, "mu": [1.7022322563347443, 1.1327208698333624, 1.3023245121450977], "Sigma": [[0.007222116072475787, -0.011892008697472407, 0.0007855618700425347], [-0.011892008697472407, 0.0281184070394835, -0.00648309398916779], [0.0007855618700425343, -0.006483093989167791, 0.007465491220880597]], "chi2_level": 0.997, "chi2_df": 3, "chi2_threshold": 13.931422665512084, "N_raw": 12, "N_roi": 12, "N_inlier": 11, "refit": true}
{"timestamp": "15:47:16.406937", "frame": 13, "mu": [1.6771392915098828, 1.1812241818936093, 1.1539923494475826], "Sigma": [[0.008305714789825957, -0.008050105054384818, -0.002333542931458416], [-0.008050105054384818, 0.009990830491909469, -0.001549827310294718], [-0.002333542931458416, -0.0015498273102947178, 0.009125264699119933]], "chi2_level": 0.997, "chi2_df": 3, "chi2_threshold": 13.931422665512084, "N_raw": 40, "N_roi": 40, "N_inlier": 40, "refit": true}
{"timestamp": "15:47:16.458236", "frame": 14, "mu": [1.6460761116845053, 1.2046627808941677, 1.237697562988929], "Sigma": [[0.003961411743676251, -0.004235884931972452, 0.00343771916936049], [-0.004235884931972451, 0.012443564530640662, -0.014500363310547347], [0.0034377191693604897, -0.014500363310547347, 0.019830379303817758]], "chi2_level": 0.997, "chi2_df": 3, "chi2_threshold": 13.931422665512084, "N_raw": 10, "N_roi": 10, "N_inlier": 10, "refit": true}
{"timestamp": "15:47:16.520110", "frame": 15, "mu": [1.6276511247839256, 1.3600374880961859, -0.4449109368233769], "Sigma": [[0.01076937772064711, -0.006795326737067503, -0.003560589053876296], [-0.006795326737067503, 0.013577419169447002, 0.00112905623557438], [-0.0035605890538762956, 0.00112905623557438, 0.0029166672942848243]], "chi2_level": 0.997, "chi2_df": 3, "chi2_threshold": 13.931422665512084, "N_raw": 50, "N_roi": 50, "N_inlier": 48, "refit": true}
{"timestamp": "15:47:16.574143", "frame": 16, "mu": [1.6579903165382408, 1.0714527619036636, 1.2381152474005868], "Sigma": [[0.008232879308306835, -0.00510352931428508, -0.0052772214758971285], [-0.00510352931428508, 0.006240447267718822, -0.00024427826575538776], [-0.0052772214758971285, -0.00024427826575538786, 0.008342538017892932]], "chi2_level": 0.997, "chi2_df": 3, "chi2_threshold": 13.931422665512084, "N_raw": 40, "N_roi": 40, "N_inlier": 40, "refit": true}
{"timestamp": "15:47:16.628949", "frame": 17, "mu": [1.6457736562399765, 1.0560401436233133, 1.1987993529892096], "Sigma": [[0.007761498776871714, -0.006567132393503502, -0.0022371481889655385], [-0.006567132393503502, 0.010954799294055254, -0.0015334472985289902], [-0.0022371481889655385, -0.00153344729852899, 0.0032842578609328437]], "chi2_level": 0.997, "chi2_df": 3, "chi2_threshold": 13.931422665512084, "N_raw": 40, "N_roi": 40, "N_inlier": 39, "refit": true}
{"timestamp": "15:47:16.681966", "frame": 18, "mu": [1.6328798745368507, 1.055358878217105, 1.2484819663680706], "Sigma": [[0.003427312577249716, -0.002154614691381278, -0.0005224501872131915], [-0.002154614691381278, 0.006513314876551533, -0.002545070078043607], [-0.0005224501872131915, -0.002545070078043607, 0.0022426906248333507]], "chi2_level": 0.997, "chi2_df": 3, "chi2_threshold": 13.931422665512084, "N_raw": 28, "N_roi": 28, "N_inlier": 27, "refit": true}
{"timestamp": "15:47:16.793128", "frame": 20, "mu": [1.4851650489398742, 1.1078885076007416, 0.9413690697537624], "Sigma": [[0.004670071866755305, -0.005694476785132295, -0.005145109333959103], [-0.005694476785132295, 0.00830272850070842, 0.0032121769754249506], [-0.005145109333959102, 0.0032121769754249506, 0.02542107035795655]], "chi2_level": 0.997, "chi2_df": 3, "chi2_threshold": 13.931422665512084, "N_raw": 33, "N_roi": 33, "N_inlier": 32, "refit": true}
{"timestamp": "15:47:16.849803", "frame": 21, "mu": [1.4814969209142872, 1.03161722914824, 1.1687147656286068], "Sigma": [[0.007962335245055468, -0.00575065582381249, -0.003717783083356833], [-0.00575065582381249, 0.007809823988641689, -7.74910408367969e-05], [-0.0037177830833568324, -7.749104083679733e-05, 0.014716004422106889]], "chi2_level": 0.997, "chi2_df": 3, "chi2_threshold": 13.931422665512084, "N_raw": 47, "N_roi": 47, "N_inlier": 46, "refit": true}
{"timestamp": "15:47:16.901377", "frame": 22, "mu": [1.4616056622835065, 0.9848593291533595, 1.209379234916097], "Sigma": [[0.006210981218958334, -0.003960812943385937, -0.004466783908636024], [-0.003960812943385937, 0.005797460852972269, 0.0001545780775676859], [-0.004466783908636024, 0.00015457807756768583, 0.0068112243040606415]], "chi2_level": 0.997, "chi2_df": 3, "chi2_threshold": 13.931422665512084, "N_raw": 25, "N_roi": 25, "N_inlier": 25, "refit": true}
{"timestamp": "15:47:16.958367", "frame": 23, "mu": [1.471131540602539, 1.0767715022407827, -0.4978451402722025], "Sigma": [[0.007739279715928389, -0.006443230909327528, -0.004250946752007108], [-0.006443230909327528, 0.014591990625878069, 0.0026933854795716944], [-0.004250946752007108, 0.0026933854795716944, 0.003365519263352057]], "chi2_level": 0.997, "chi2_df": 3, "chi2_threshold": 13.931422665512084, "N_raw": 45, "N_roi": 45, "N_inlier": 44, "refit": true}
{"timestamp": "15:47:17.015196", "frame": 24, "mu": [1.393878252024869, 0.9482898066560749, 1.2378561263137882], "Sigma": [[0.01149044537322043, -0.010213769908699225, -0.007490826886970272], [-0.010213769908699225, 0.012222737659184408, 0.003833432455442808], [-0.007490826886970272, 0.0038334324554428075, 0.009082204558655094]], "chi2_level": 0.997, "chi2_df": 3, "chi2_threshold": 13.931422665512084, "N_raw": 51, "N_roi": 51, "N_inlier": 49, "refit": true}
{"timestamp": "15:47:17.066453", "frame": 25, "mu": [1.3630077017876123, 0.9354258758800771, 1.0046339558498742], "Sigma": [[0.0021583148825704284, -0.002444276511583213, -0.0017412498649993784], [-0.002444276511583213, 0.004482766442763958, 0.0013259637436684522], [-0.0017412498649993786, 0.0013259637436684522, 0.02383609109044422]], "chi2_level": 0.997, "chi2_df": 3, "chi2_threshold": 13.931422665512084, "N_raw": 22, "N_roi": 22, "N_inlier": 22, "refit": true}
{"timestamp": "15:47:17.123789", "frame": 26, "mu": [1.3423235897727577, 0.8905459696319273, 1.219147973989931], "Sigma": [[0.007040202558725691, -0.008045913847171241, -0.006117283915650864], [-0.00804591384717124, 0.009812568806173502, 0.004924378571438999], [-0.006117283915650864, 0.004924378571438999, 0.03714292353944838]], "chi2_level": 0.997, "chi2_df": 3, "chi2_threshold": 13.931422665512084, "N_raw": 42, "N_roi": 42, "N_inlier": 41, "refit": true}
{"timestamp": "15:47:17.178303", "frame": 27, "mu": [1.2972062998344143, 0.9547650504232861, 1.1109303551382532], "Sigma": [[0.004288822842963718, -0.004121498849293253, 0.00622314326564245], [-0.004121498849293252, 0.008312123253209697, -0.0220260137456018], [0.0062231432656424494, -0.0220260137456018, 0.09176599779985337]], "chi2_level": 0.997, "chi2_df": 3, "chi2_threshold": 13.931422665512084, "N_raw": 40, "N_roi": 40, "N_inlier": 40, "refit": true}
{"timestamp": "15:47:17.240396", "frame": 28, "mu": [1.2576694262375712, 0.9959651832396269, 1.0804024670533496], "Sigma": [[0.0050171978377409636, -0.0024642449937249877, -0.0028603686193331168], [-0.0024642449937249877, 0.006768222053267396, -0.010167689492981474], [-0.0028603686193331163, -0.010167689492981474, 0.04611414433680561]], "chi2_level": 0.997, "chi2_df": 3, "chi2_threshold": 13.931422665512084, "N_raw": 81, "N_roi": 81, "N_inlier": 81, "refit": true}
{"timestamp": "15:47:17.287017", "frame": 29, "mu": [1.1390847398190158, 0.9994042869049646, 1.2849139636921738], "Sigma": [[0.007244119550376691, -0.004798215624804015, -0.015353048378321778], [-0.004798215624804016, 0.00715032749954863, 0.0022137589757022873], [-0.01535304837832178, 0.0022137589757022873, 0.07385935619144962]], "chi2_level": 0.997, "chi2_df": 3, "chi2_threshold": 13.931422665512084, "N_raw": 19, "N_roi": 19, "N_inlier": 19, "refit": true}
{"timestamp": "15:47:17.342277", "frame": 30, "mu": [1.166488282691957, 0.9145494844129389, 1.293592285852293], "Sigma": [[0.004952235370514092, -0.0025487061945888953, -0.005788203093868983], [-0.0025487061945888958, 0.0033688384064234646, 0.0019699553973518543], [-0.005788203093868983, 0.0019699553973518543, 0.013050234648296232]], "chi2_level": 0.997, "chi2_df": 3, "chi2_threshold": 13.931422665512084, "N_raw": 26, "N_roi": 26, "N_inlier": 24, "refit": true}
{"timestamp": "15:47:17.394766", "frame": 31, "mu": [1.1018987654906434, 0.9614212780032072, 1.3521673056419639], "Sigma": [[0.004739774896416137, -0.0017315361538962609, -0.013635594574841713], [-0.0017315361538962609, 0.002014933316947779, 0.005162870871186188], [-0.013635594574841713, 0.005162870871186188, 0.04878676740747709]], "chi2_level": 0.997, "chi2_df": 3, "chi2_threshold": 13.931422665512084, "N_raw": 12, "N_roi": 12, "N_inlier": 11, "refit": true}
{"timestamp": "15:47:17.452488", "frame": 32, "mu": [1.10836138926885, 0.9015358135403894, 1.0927478917320899], "Sigma": [[0.004043502264640769, -0.0023026714800897788, -0.00867307868750803], [-0.0023026714800897788, 0.002949312770247665, 0.002346104442673422], [-0.00867307868750803, 0.002346104442673422, 0.036564379225058716]], "chi2_level": 0.997, "chi2_df": 3, "chi2_threshold": 13.931422665512084, "N_raw": 35, "N_roi": 35, "N_inlier": 34, "refit": true}
{"timestamp": "15:47:17.504659", "frame": 33, "mu": [1.1543372120432365, 0.7564260868389803, 0.8609151126915187], "Sigma": [[0.04259814340144363, -0.04444781110518895, -0.11690194307334645], [-0.04444781110518895, 0.049800878085460826, 0.12922008022136888], [-0.11690194307334645, 0.12922008022136888, 0.3773798749793875]], "chi2_level": 0.997, "chi2_df": 3, "chi2_threshold": 13.931422665512084, "N_raw": 11, "N_roi": 11, "N_inlier": 11, "refit": true}
{"timestamp": "15:47:17.565660", "frame": 34, "mu": [1.0011739813128953, 1.045894295601599, -0.4332194229586067], "Sigma": [[0.007557523089057936, -0.002400414857695074, -0.010018180511283203], [-0.0024004148576950743, 0.0028482457317677047, 3.328950525330484e-05], [-0.010018180511283203, 3.328950525330484e-05, 0.01945334994351494]], "chi2_level": 0.997, "chi2_df": 3, "chi2_threshold": 13.931422665512084, "N_raw": 55, "N_roi": 55, "N_inlier": 53, "refit": true}
{"timestamp": "15:47:17.615879", "frame": 35, "mu": [0.9177165367198873, 0.9096424192285574, 1.3050488438520225], "Sigma": [[0.004964312868761158, -0.0008180723321706241, -0.01258061192379346], [-0.0008180723321706241, 0.0015403457767538154, 0.004106103060159957], [-0.01258061192379346, 0.004106103060159957, 0.04417689142635756]], "chi2_level": 0.997, "chi2_df": 3, "chi2_threshold": 13.931422665512084, "N_raw": 13, "N_roi": 13, "N_inlier": 13, "refit": true}
{"timestamp": "15:47:17.672240", "frame": 36, "mu": [0.8443812702638102, 0.9141960257261308, 1.438253626150561], "Sigma": [[0.002267476444931419, -0.0007719996225966422, -0.0023439149301172284], [-0.0007719996225966422, 0.0022007115944258056, 0.0005922298453505323], [-0.0023439149301172284, 0.0005922298453505323, 0.011557639594279549]], "chi2_level": 0.997, "chi2_df": 3, "chi2_threshold": 13.931422665512084, "N_raw": 26, "N_roi": 26, "N_inlier": 23, "refit": true}
{"timestamp": "15:47:17.731371", "frame": 37, "mu": [0.8506881422432171, 0.9019093761631577, 1.3715524844639242], "Sigma": [[0.005362839226981672, -0.0015258852419938623, -0.007588064572135321], [-0.0015258852419938625, 0.0025306862914562397, 0.0005804183116660762], [-0.007588064572135321, 0.0005804183116660761, 0.015331346369028614]], "chi2_level": 0.997, "chi2_df": 3, "chi2_threshold": 13.931422665512084, "N_raw": 54, "N_roi": 53, "N_inlier": 50, "refit": true}
{"timestamp": "15:47:17.783332", "frame": 38, "mu": [0.7790963011916235, 0.8942580970927587, 1.4001129795818759], "Sigma": [[0.002546333719495527, -0.000817738427469151, -0.00398790991066977], [-0.000817738427469151, 0.002516729878681033, 0.0008619756815400454], [-0.00398790991066977, 0.0008619756815400454, 0.01180384246654831]], "chi2_level": 0.997, "chi2_df": 3, "chi2_threshold": 13.931422665512084, "N_raw": 34, "N_roi": 34, "N_inlier": 32, "refit": true}
{"timestamp": "15:47:17.835433", "frame": 39, "mu": [0.878628099705568, 0.8105275042084936, 1.2911975773106419], "Sigma": [[0.005437033594991067, -0.0023240588174082352, -0.004269222662246349], [-0.002324058817408236, 0.0033723564084061604, 0.002405366361417079], [-0.0042692226622463485, 0.002405366361417079, 0.014483354094063894]], "chi2_level": 0.997, "chi2_df": 3, "chi2_threshold": 13.931422665512084, "N_raw": 19, "N_roi": 19, "N_inlier": 18, "refit": true}
{"timestamp": "15:47:17.895446", "frame": 40, "mu": [0.6963359441316505, 0.8792031650040196, 1.4553159118589665], "Sigma": [[0.004310317957231522, -0.000291110060621656, -0.0038766030824077856], [-0.0002911100606216559, 0.0038656871667761008, -0.0006099389413051225], [-0.003876603082407785, -0.0006099389413051225, 0.00792032346944058]], "chi2_level": 0.997, "chi2_df": 3, "chi2_threshold": 13.931422665512084, "N_raw": 55, "N_roi": 55, "N_inlier": 53, "refit": true}
{"timestamp": "15:47:17.948907", "frame": 41, "mu": [0.6646523642660376, 0.8774976357408342, 1.4367785564900053], "Sigma": [[0.003325776199674708, -0.00026969686510140353, -0.002919368892828988], [-0.00026969686510140353, 0.002781762801137644, -0.0011294973890417191], [-0.002919368892828988, -0.0011294973890417191, 0.0036293779347785935]], "chi2_level": 0.997, "chi2_df": 3, "chi2_threshold": 13.931422665512084, "N_raw": 47, "N_roi": 47, "N_inlier": 46, "refit": true}
{"timestamp": "15:47:18.005832", "frame": 42, "mu": [0.6934381842911908, 0.8010788239123303, 1.1151199352320273], "Sigma": [[0.005824285011837294, -0.002603595017871445, -0.017669488974412183], [-0.002603595017871445, 0.002678073779325931, 0.011166045345082514], [-0.017669488974412183, 0.011166045345082514, 0.09959556900184395]], "chi2_level": 0.997, "chi2_df": 3, "chi2_threshold": 13.931422665512084, "N_raw": 52, "N_roi": 52, "N_inlier": 50, "refit": true}
{"timestamp": "15:47:18.055135", "frame": 43, "mu": [0.6353627551169334, 0.7727119789005029, 1.3214420880368043], "Sigma": [[0.006383188521114312, 0.0009283448249654907, 0.004653903990102359], [0.0009283448249654902, 0.007849941833264628, 0.0340118813489462], [0.004653903990102358, 0.0340118813489462, 0.15930484478039483]], "chi2_level": 0.997, "chi2_df": 3, "chi2_threshold": 13.931422665512084, "N_raw": 17, "N_roi": 17, "N_inlier": 17, "refit": true}
{"timestamp": "15:47:18.116608", "frame": 44, "mu": [0.5659315337752671, 0.8437026730861864, 1.4220914234116353], "Sigma": [[0.0031945056756927056, 1.1975823628679425e-05, -0.0023627113356713093], [1.1975823628679452e-05, 0.004359779938740961, 0.0008558785901995342], [-0.002362711335671309, 0.0008558785901995343, 0.01846027026550274]], "chi2_level": 0.997, "chi2_df": 3, "chi2_threshold": 13.931422665512084, "N_raw": 60, "N_roi": 60, "N_inlier": 57, "refit": true}
{"timestamp": "15:47:18.172973", "frame": 45, "mu": [0.5752542150315717, 0.802405795175097, 1.4266450207516332], "Sigma": [[0.005368411646304653, 0.0003719364911316626, -0.0038890853615958865], [0.00037193649113166264, 0.002347970478312215, -0.0018132713935568134], [-0.0038890853615958865, -0.001813271393556813, 0.004443272239624895]], "chi2_level": 0.997, "chi2_df": 3, "chi2_threshold": 13.931422665512084, "N_raw": 71, "N_roi": 71, "N_inlier": 65, "refit": true}
{"timestamp": "15:47:18.232220", "frame": 46, "mu": [0.5303648465411446, 0.7529406984711378, 1.2059508785050352], "Sigma": [[0.005415636393678155, -0.0010462037374767818, -0.005305811221798478], [-0.0010462037374767818, 0.005013839776860238, 0.013496326442338958], [-0.005305811221798478, 0.013496326442338958, 0.077411595835956]], "chi2_level": 0.997, "chi2_df": 3, "chi2_threshold": 13.931422665512084, "N_raw": 91, "N_roi": 91, "N_inlier": 91, "refit": true}
{"timestamp": "15:47:18.282105", "frame": 47, "mu": [0.46125128626421136, 0.7879035028607203, 1.3884593486324588], "Sigma": [[0.0034737807566779014, -0.0002399004574473727, -0.002700420799004062], [-0.0002399004574473728, 0.0015841502755783736, -0.0011618098406919602], [-0.002700420799004062, -0.0011618098406919602, 0.0037494422937421525]], "chi2_level": 0.997, "chi2_df": 3, "chi2_threshold": 13.931422665512084, "N_raw": 54, "N_roi": 54, "N_inlier": 51, "refit": true}
{"timestamp": "15:47:18.334857", "frame": 48, "mu": [0.4286025420375308, 0.7624165440304755, 1.3020531952135124], "Sigma": [[0.010256732704753803, -0.005178027470764431, -0.013640138108929035], [-0.005178027470764431, 0.005008742645390393, 0.006053842224702684], [-0.013640138108929035, 0.006053842224702684, 0.028642075879406977]], "chi2_level": 0.997, "chi2_df": 3, "chi2_threshold": 13.931422665512084, "N_raw": 52, "N_roi": 52, "N_inlier": 49, "refit": true}
{"timestamp": "15:47:18.386146", "frame": 49, "mu": [0.3908370199860601, 0.7478065556237984, 0.9490244237062082], "Sigma": [[0.003922625286750231, -0.002470385794519922, 0.0014575271165580654], [-0.002470385794519922, 0.0020619297459725824, 0.0028273927099100355], [0.0014575271165580654, 0.002827392709910036, 0.14723734039544573]], "chi2_level": 0.997, "chi2_df": 3, "chi2_threshold": 13.931422665512084, "N_raw": 20, "N_roi": 20, "N_inlier": 20, "refit": true}
{"timestamp": "15:47:18.449691", "frame": 50, "mu": [0.3722650227965906, 0.7559591886057248, 1.2349906981556344], "Sigma": [[0.004490521145014887, -0.0006718796176204295, -0.001403127704859772], [-0.0006718796176204294, 0.0014559593175739489, 0.0006939277959932852], [-0.0014031277048597716, 0.0006939277959932852, 0.04132207789384454]], "chi2_level": 0.997, "chi2_df": 3, "chi2_threshold": 13.931422665512084, "N_raw": 83, "N_roi": 83, "N_inlier": 79, "refit": true}
{"timestamp": "15:47:18.506590", "frame": 51, "mu": [0.26968671117605164, 0.750987233618751, 1.0478075127152708], "Sigma": [[0.007687058448477595, -0.005133749539563195, -0.01622493660390241], [-0.005133749539563196, 0.005963717114011302, 0.025418668371582173], [-0.01622493660390241, 0.025418668371582173, 0.2610450489061084]], "chi2_level": 0.997, "chi2_df": 3, "chi2_threshold": 13.931422665512084, "N_raw": 90, "N_roi": 90, "N_inlier": 90, "refit": true}
{"timestamp": "15:47:18.557765", "frame": 52, "mu": [0.2412261561029041, 0.8123307487269118, 1.4426555692455247], "Sigma": [[0.0025737121179574838, 0.0005211299528333774, -0.0032556509548062173], [0.0005211299528333774, 0.001838442696476702, -0.0020856205932332575], [-0.003255650954806217, -0.0020856205932332575, 0.00829541793875792]], "chi2_level": 0.997, "chi2_df": 3, "chi2_threshold": 13.931422665512084, "N_raw": 65, "N_roi": 65, "N_inlier": 62, "refit": true}
{"timestamp": "15:47:18.610142", "frame": 53, "mu": [0.21688374610694902, 0.7454998836836203, 1.3218846593072973], "Sigma": [[0.0019417950848973767, -0.0008818368068931924, -0.0006650128586637768], [-0.0008818368068931924, 0.0008712292993683439, -0.000598267726982253], [-0.0006650128586637769, -0.0005982677269822531, 0.011633264428474578]], "chi2_level": 0.997, "chi2_df": 3, "chi2_threshold": 13.931422665512084, "N_raw": 53, "N_roi": 53, "N_inlier": 50, "refit": true}
{"timestamp": "15:47:18.665279", "frame": 54, "mu": [0.1730083274595424, 0.751315051716087, 1.3855560338674515], "Sigma": [[0.0021563494691361506, 0.0005930066732071214, -0.0027664073677337495], [0.0005930066732071214, 0.001402993933035498, -0.002311569888556937], [-0.0027664073677337495, -0.0023115698885569367, 0.005923145136862149]], "chi2_level": 0.997, "chi2_df": 3, "chi2_threshold": 13.931422665512084, "N_raw": 48, "N_roi": 47, "N_inlier": 44, "refit": true}
{"timestamp": "15:47:18.720293", "frame": 55, "mu": [0.11778667309258689, 0.7854348361095284, 1.358335199955813], "Sigma": [[0.001926488897580076, -0.0005803218062693919, -0.0042028448547078885], [-0.0005803218062693919, 0.0007905797495805667, 0.0009261790782627519], [-0.0042028448547078885, 0.0009261790782627519, 0.015943141495052177]], "chi2_level": 0.997, "chi2_df": 3, "chi2_threshold": 13.931422665512084, "N_raw": 50, "N_roi": 50, "N_inlier": 47, "refit": true}
{"timestamp": "15:47:18.827471", "frame": 57, "mu": [-0.01945775099523212, 0.729118219334012, 1.343075706685357], "Sigma": [[0.0011084872435686815, -0.00045693384199854594, -0.0016313265738979498], [-0.00045693384199854594, 0.005431067581954497, -0.01649083423112281], [-0.0016313265738979498, -0.01649083423112281, 0.06752781523006914]], "chi2_level": 0.997, "chi2_df": 3, "chi2_threshold": 13.931422665512084, "N_raw": 32, "N_roi": 32, "N_inlier": 30, "refit": true}
{"timestamp": "15:47:18.886055", "frame": 58, "mu": [-0.05070942350936454, 0.7545153763373562, 1.3804224107434626], "Sigma": [[0.0014034648974783615, -0.0019651106390828677, -0.0019353841866172454], [-0.0019651106390828677, 0.005730859679697408, 0.005134919260903597], [-0.0019353841866172452, 0.005134919260903596, 0.016135692970033387]], "chi2_level": 0.997, "chi2_df": 3, "chi2_threshold": 13.931422665512084, "N_raw": 54, "N_roi": 54, "N_inlier": 51, "refit": true}
{"timestamp": "15:47:18.941978", "frame": 59, "mu": [-0.11562366165759673, 0.7541253118949743, 1.3587094069365697], "Sigma": [[0.001327742583998985, 0.0005067127684839847, 0.001206653262700033], [0.0005067127684839847, 0.002553959464764567, 0.002159520365896256], [0.001206653262700033, 0.002159520365896256, 0.016830142651395076]], "chi2_level": 0.997, "chi2_df": 3, "chi2_threshold": 13.931422665512084, "N_raw": 62, "N_roi": 62, "N_inlier": 60, "refit": true}
{"timestamp": "15:47:18.991264", "frame": 60, "mu": [-0.175400373384081, 0.7780981546755038, 1.335560294111036], "Sigma": [[0.002616768398266679, -0.0021239689642673465, -0.017693153143872882], [-0.0021239689642673465, 0.0029132766621040346, 0.01780174252079397], [-0.017693153143872882, 0.01780174252079397, 0.16571815784157393]], "chi2_level": 0.997, "chi2_df": 3, "chi2_threshold": 13.931422665512084, "N_raw": 24, "N_roi": 24, "N_inlier": 23, "refit": true}
{"timestamp": "15:47:19.052157", "frame": 61, "mu": [-0.1806741940866771, 0.749113656365072, 1.3466872006258097], "Sigma": [[0.0020592006507923304, -0.0015433677875610827, -0.003285667094700376], [-0.0015433677875610827, 0.004294101952034847, 0.0026839604848631236], [-0.003285667094700376, 0.0026839604848631236, 0.01683148426957828]], "chi2_level": 0.997, "chi2_df": 3, "chi2_threshold": 13.931422665512084, "N_raw": 72, "N_roi": 72, "N_inlier": 68, "refit": true}
{"timestamp": "15:47:19.107524", "frame": 62, "mu": [-0.24272729033559237, 0.7803553085697913, 1.4506310202730897], "Sigma": [[0.001999449845331894, -0.0012783379149686146, -0.001092838465061536], [-0.0012783379149686146, 0.002352598385019845, -0.0014133004362410122], [-0.001092838465061536, -0.0014133004362410126, 0.005757668689330811]], "chi2_level": 0.997, "chi2_df": 3, "chi2_threshold": 13.931422665512084, "N_raw": 63, "N_roi": 63, "N_inlier": 61, "refit": true}
{"timestamp": "15:47:19.165271", "frame": 63, "mu": [-0.2526396684447326, 0.7917646808846502, 1.379223931130768], "Sigma": [[0.0021272979631421184, 0.00038670494304976694, -0.0021941966970625954], [0.00038670494304976694, 0.001819071427177604, -0.004528469164988582], [-0.0021941966970625954, -0.004528469164988582, 0.01435595762336656]], "chi2_level": 0.997, "chi2_df": 3, "chi2_threshold": 13.931422665512084, "N_raw": 88, "N_roi": 86, "N_inlier": 84, "refit": true}
{"timestamp": "15:47:19.212738", "frame": 64, "mu": [-0.31834784624215523, 0.8026412325199942, 1.5235622277200622], "Sigma": [[0.001289852287689861, -1.72930480139213e-05, -0.0007682092279935999], [-1.729304801392133e-05, 0.0009432679201458073, -0.0011015457399559943], [-0.0007682092279935998, -0.0011015457399559943, 0.0026882418829986716]], "chi2_level": 0.997, "chi2_df": 3, "chi2_threshold": 13.931422665512084, "N_raw": 32, "N_roi": 30, "N_inlier": 28, "refit": true}
{"timestamp": "15:47:19.268567", "frame": 65, "mu": [-0.3309150534516721, 0.7755733329043238, 1.4478082469565297], "Sigma": [[0.001383874728530263, -0.00017440470233810943, -0.0007285963597684986], [-0.00017440470233810943, 0.0007460557240611426, -0.0013624451948109546], [-0.0007285963597684985, -0.0013624451948109546, 0.005501916582366932]], "chi2_level": 0.997, "chi2_df": 3, "chi2_threshold": 13.931422665512084, "N_raw": 43, "N_roi": 40, "N_inlier": 39, "refit": true}
{"timestamp": "15:47:19.326830", "frame": 66, "mu": [-0.371204603486807, 0.7791923540078128, 1.4067118418164541], "Sigma": [[0.0023050381233245586, 0.0004194753866136147, -0.0012005920140703407], [0.0004194753866136147, 0.001295850858179825, -0.0027603752715718096], [-0.0012005920140703407, -0.0027603752715718096, 0.006928728542190684]], "chi2_level": 0.997, "chi2_df": 3, "chi2_threshold": 13.931422665512084, "N_raw": 64, "N_roi": 63, "N_inlier": 62, "refit": true}
{"timestamp": "15:47:19.381071", "frame": 67, "mu": [-0.4455296568367866, 0.7804354043009374, 1.3757341629168875], "Sigma": [[0.0026168521670720266, 0.0003731140853451747, -0.005064834084774523], [0.00037311408534517474, 0.0011265289400376442, -0.003932229147596364], [-0.005064834084774523, -0.003932229147596364, 0.026044779030967607]], "chi2_level": 0.997, "chi2_df": 3, "chi2_threshold": 13.931422665512084, "N_raw": 54, "N_roi": 54, "N_inlier": 53, "refit": true}
{"timestamp": "15:47:19.430071", "frame": 68, "mu": [-0.5054706657740738, 0.7564246238811335, 1.4794891000100157], "Sigma": [[0.00344575232111414, -0.0008997391920994422, -0.010718914147300713], [-0.0008997391920994422, 0.0015763133994604191, 0.0017073680499656502], [-0.010718914147300713, 0.0017073680499656498, 0.041726947861368546]], "chi2_level": 0.997, "chi2_df": 3, "chi2_threshold": 13.931422665512084, "N_raw": 14, "N_roi": 14, "N_inlier": 14, "refit": true}
{"timestamp": "15:47:19.545980", "frame": 70, "mu": [-0.6022901993998994, 0.7869390737123431, 1.3562123008556637], "Sigma": [[0.018752101412343427, 0.005648713096461096, -0.029864559699849122], [0.005648713096461096, 0.0027774672754038673, -0.010237684270008207], [-0.02986455969984912, -0.010237684270008207, 0.0787225462711563]], "chi2_level": 0.997, "chi2_df": 3, "chi2_threshold": 13.931422665512084, "N_raw": 59, "N_roi": 59, "N_inlier": 58, "refit": true}
{"timestamp": "15:47:19.596557", "frame": 71, "mu": [-0.6177469664411602, 0.7945281777482556, 1.1381132505957405], "Sigma": [[0.0015668573193230847, -0.0002641484275152326, -0.005956821553725299], [-0.0002641484275152326, 0.0012872346846868087, 0.0007261307361912004], [-0.005956821553725299, 0.0007261307361912004, 0.04699732973164156]], "chi2_level": 0.997, "chi2_df": 3, "chi2_threshold": 13.931422665512084, "N_raw": 27, "N_roi": 27, "N_inlier": 27, "refit": true}
{"timestamp": "15:47:19.650286", "frame": 72, "mu": [-0.8590264258418757, 0.8248309799718874, -0.34397033554166845], "Sigma": [[0.029604562905878665, 0.01735826734002051, -0.026203845983509638], [0.01735826734002051, 0.015484124682901916, -0.024552901313870765], [-0.026203845983509635, -0.024552901313870765, 0.05310486408683801]], "chi2_level": 0.997, "chi2_df": 3, "chi2_threshold": 13.931422665512084, "N_raw": 23, "N_roi": 23, "N_inlier": 22, "refit": true}
{"timestamp": "15:47:19.713785", "frame": 73, "mu": [-0.9041092455059642, 0.6869114275040639, 1.6011626229382205], "Sigma": [[0.014897678393306133, 0.0041435001051736975, -0.01972266454857618], [0.0041435001051736975, 0.0036001665300099154, -0.00843173309608633], [-0.01972266454857618, -0.00843173309608633, 0.05251534445360503]], "chi2_level": 0.997, "chi2_df": 3, "chi2_threshold": 13.931422665512084, "N_raw": 77, "N_roi": 77, "N_inlier": 77, "refit": true}
{"timestamp": "15:47:19.771315", "frame": 74, "mu": [-0.8769546390183521, 0.7029919259769059, 1.453605950312705], "Sigma": [[0.01782639716997439, 0.0064576381742614064, -0.02729936366453983], [0.0064576381742614064, 0.00555298840050651, -0.015799729351946554], [-0.027299363664539826, -0.015799729351946554, 0.07390289311080196]], "chi2_level": 0.997, "chi2_df": 3, "chi2_threshold": 13.931422665512084, "N_raw": 93, "N_roi": 93, "N_inlier": 93, "refit": true}
{"timestamp": "15:47:19.818758", "frame": 75, "mu": [-0.9575281350079503, 0.7201622883978324, -0.45600894937939], "Sigma": [[0.013806166445075022, 0.014330585496711403, -0.004263044280212348], [0.014330585496711403, 0.02057598631704475, -0.009828037329282092], [-0.004263044280212349, -0.009828037329282092, 0.02154793550814771]], "chi2_level": 0.997, "chi2_df": 3, "chi2_threshold": 13.931422665512084, "N_raw": 37, "N_roi": 37, "N_inlier": 35, "refit": true}
{"timestamp": "15:47:19.877426", "frame": 76, "mu": [-1.0316969919664163, 0.6811145757633791, 1.5837931046023883], "Sigma": [[0.006045924095626217, 0.00295074356080275, 0.0008010360704366164], [0.00295074356080275, 0.0035792326435208927, -0.003825091017782652], [0.0008010360704366166, -0.0038250910177826526, 0.012355946645252145]], "chi2_level": 0.997, "chi2_df": 3, "chi2_threshold": 13.931422665512084, "N_raw": 63, "N_roi": 63, "N_inlier": 59, "refit": true}
{"timestamp": "15:47:19.933153", "frame": 77, "mu": [-1.0267866550686215, 0.6716062418893819, 1.4591243659860262], "Sigma": [[0.011374168610108218, 0.004956039324994667, -0.0023177286933062672], [0.004956039324994667, 0.005672007718951804, -0.003997575817674314], [-0.002317728693306267, -0.003997575817674314, 0.0047246390666797955]], "chi2_level": 0.997, "chi2_df": 3, "chi2_threshold": 13.931422665512084, "N_raw": 68, "N_roi": 68, "N_inlier": 66, "refit": true}
{"timestamp": "15:47:19.986235", "frame": 78, "mu": [-1.097879834944208, 0.6990921766686704, 1.5320164524225044], "Sigma": [[0.00987377273316206, 0.006147136034575921, -0.005220358766253678], [0.006147136034575921, 0.005553652911804157, -0.005329687194484333], [-0.005220358766253677, -0.005329687194484333, 0.02873472160018782]], "chi2_level": 0.997, "chi2_df": 3, "chi2_threshold": 13.931422665512084, "N_raw": 55, "N_roi": 55, "N_inlier": 54, "refit": true}
{"timestamp": "15:47:20.041119", "frame": 79, "mu": [-1.1519021703784114, 0.597542855955531, 1.3925407782448893], "Sigma": [[0.01095743061868265, 0.004746388405464324, -0.005344172208860947], [0.004746388405464324, 0.011696032923505574, -0.00675248858210315], [-0.005344172208860947, -0.006752488582103148, 0.006463487002974915]], "chi2_level": 0.997, "chi2_df": 3, "chi2_threshold": 13.931422665512084, "N_raw": 60, "N_roi": 60, "N_inlier": 59, "refit": true}
{"timestamp": "15:47:20.095884", "frame": 80, "mu": [-1.1661696328829976, 0.6671021682598849, 1.4383893533423264], "Sigma": [[0.008209909080398288, 0.00220732672110153, -0.0014140928069440609], [0.0022073267211015295, 0.00552316358025234, -0.0034279111871100593], [-0.0014140928069440607, -0.0034279111871100593, 0.0029394447863834187]], "chi2_level": 0.997, "chi2_df": 3, "chi2_threshold": 13.931422665512084, "N_raw": 56, "N_roi": 56, "N_inlier": 55, "refit": true}
{"timestamp": "15:47:20.152980", "frame": 81, "mu": [-1.223644354863208, 0.6654234060629657, 1.4335824477838424], "Sigma": [[0.008757036906186644, 0.004715934844549253, -0.0012263905504314105], [0.004715934844549253, 0.007358592036272975, -0.004795200518754901], [-0.0012263905504314105, -0.004795200518754901, 0.008678793119476102]], "chi2_level": 0.997, "chi2_df": 3, "chi2_threshold": 13.931422665512084, "N_raw": 72, "N_roi": 72, "N_inlier": 70, "refit": true}
{"timestamp": "15:47:20.205892", "frame": 82, "mu": [-1.2317160718843652, 0.7197324996579423, 1.4378907320446968], "Sigma": [[0.004072890035761457, 0.002618019858127451, -0.003654592369629496], [0.002618019858127451, 0.008586871719779106, -0.006533958333552089], [-0.0036545923696294958, -0.006533958333552089, 0.007844300908435234]], "chi2_level": 0.997, "chi2_df": 3, "chi2_threshold": 13.931422665512084, "N_raw": 48, "N_roi": 40, "N_inlier": 39, "refit": true}
{"timestamp": "15:47:20.265383", "frame": 83, "mu": [-1.2659350409886543, 0.731889063741534, 1.4286368930602706], "Sigma": [[0.0077347004254134585, 0.007587910392377649, 0.0034723856308247537], [0.007587910392377649, 0.016747821703241017, 0.002038033758528387], [0.0034723856308247537, 0.0020380337585283867, 0.017445888326548933]], "chi2_level": 0.997, "chi2_df": 3, "chi2_threshold": 13.931422665512084, "N_raw": 83, "N_roi": 72, "N_inlier": 71, "refit": true}
{"timestamp": "15:47:20.317895", "frame": 84, "mu": [-1.3051171819650598, 0.800037891136504, 1.542823512081517], "Sigma": [[0.009119308758894605, 0.0031954842799388605, -0.003677012584449244], [0.0031954842799388605, 0.0066842116068209665, -0.006123495829660755], [-0.0036770125844492437, -0.006123495829660755, 0.01087035902908163]], "chi2_level": 0.997, "chi2_df": 3, "chi2_threshold": 13.931422665512084, "N_raw": 67, "N_roi": 66, "N_inlier": 63, "refit": true}
{"timestamp": "15:47:20.372233", "frame": 85, "mu": [-1.3430749868150733, 0.8089269288111868, 1.4686625893034666], "Sigma": [[0.00570132821235651, 0.0012817468013382035, 0.001555161168649481], [0.0012817468013382035, 0.0064479985331980655, -0.0035631216312640088], [0.0015551611686494809, -0.0035631216312640088, 0.015140423159087318]], "chi2_level": 0.997, "chi2_df": 3, "chi2_threshold": 13.931422665512084, "N_raw": 63, "N_roi": 63, "N_inlier": 60, "refit": true}
{"timestamp": "15:47:20.425678", "frame": 86, "mu": [-1.3612206624171777, 0.9659264214944887, -0.5004376892646913], "Sigma": [[0.008121037628759176, 0.012348928453286483, -0.012434594395896031], [0.012348928453286483, 0.03395957401492801, -0.048420511364403694], [-0.012434594395896035, -0.04842051136440369, 0.09043368294263934]], "chi2_level": 0.997, "chi2_df": 3, "chi2_threshold": 13.931422665512084, "N_raw": 59, "N_roi": 59, "N_inlier": 59, "refit": true}
{"timestamp": "15:47:20.478067", "frame": 87, "mu": [-1.4325723191694464, 0.7195858506632815, 1.153827463752956], "Sigma": [[0.007542758315784094, 0.008075478931844174, -0.014876081747211431], [0.008075478931844175, 0.009865053583527685, -0.018106268982245304], [-0.014876081747211431, -0.018106268982245308, 0.061503015076594655]], "chi2_level": 0.997, "chi2_df": 3, "chi2_threshold": 13.931422665512084, "N_raw": 34, "N_roi": 34, "N_inlier": 33, "refit": true}
{"timestamp": "15:47:20.535815", "frame": 88, "mu": [-1.4622759199778175, 0.7917879514293932, 1.3116678748961497], "Sigma": [[0.006236154887010387, 0.004863282542059094, -0.004430329537003075], [0.004863282542059093, 0.007800667678697473, -0.013187931735646242], [-0.004430329537003075, -0.013187931735646242, 0.0536296530039085]], "chi2_level": 0.997, "chi2_df": 3, "chi2_threshold": 13.931422665512084, "N_raw": 56, "N_roi": 56, "N_inlier": 54, "refit": true}
{"timestamp": "15:47:20.594677", "frame": 89, "mu": [-1.5003082249250024, 0.9570787090466522, -0.25939085086247465], "Sigma": [[0.007989785659374235, 0.0038795121725713113, 0.006468953661227742], [0.0038795121725713113, 0.010301382594443761, -0.0010496737305389471], [0.006468953661227742, -0.001049673730538947, 0.0675438208122992]], "chi2_level": 0.997, "chi2_df": 3, "chi2_threshold": 13.931422665512084, "N_raw": 77, "N_roi": 65, "N_inlier": 63, "refit": true}
{"timestamp": "15:47:20.649029", "frame": 90, "mu": [-1.4893180635080694, 0.9073094306279704, 1.3821608630358904], "Sigma": [[0.008669330914840732, 0.004972770868499938, -0.001436139484346488], [0.004972770868499938, 0.007633359540993594, -0.00591150821159903], [-0.0014361394843464877, -0.005911508211599029, 0.01232939675471976]], "chi2_level": 0.997, "chi2_df": 3, "chi2_threshold": 13.931422665512084, "N_raw": 66, "N_roi": 66, "N_inlier": 65, "refit": true}
{"timestamp": "15:47:20.703100", "frame": 91, "mu": [-1.510785512579281, 0.9227354598864348, 1.3613667493269452], "Sigma": [[0.01228645965209539, 0.00654173716472862, -0.0026505169197330748], [0.006541737164728619, 0.012100750255035984, -0.005620179772599802], [-0.0026505169197330748, -0.005620179772599802, 0.0037948191139023073]], "chi2_level": 0.997, "chi2_df": 3, "chi2_threshold": 13.931422665512084, "N_raw": 74, "N_roi": 74, "N_inlier": 72, "refit": true}
{"timestamp": "15:47:20.759670", "frame": 92, "mu": [-1.5558492823454981, 0.9173968136713534, 1.3677008236985586], "Sigma": [[0.011077085888841352, 0.004951184794134009, -0.004836861121100341], [0.00495118479413401, 0.017849260443660774, -0.005039892181612952], [-0.004836861121100341, -0.005039892181612952, 0.004785273463508171]], "chi2_level": 0.997, "chi2_df": 3, "chi2_threshold": 13.931422665512084, "N_raw": 79, "N_roi": 79, "N_inlier": 77, "refit": true}
{"timestamp": "15:47:20.816939", "frame": 93, "mu": [-1.5773294326901777, 1.0069487252443559, 1.3428511595828188], "Sigma": [[0.01086914041370817, 0.006507827545842703, 0.0008198543403998429], [0.006507827545842703, 0.012202220685915137, -0.005036102296463011], [0.0008198543403998429, -0.005036102296463011, 0.028230840028223618]], "chi2_level": 0.997, "chi2_df": 3, "chi2_threshold": 13.931422665512084, "N_raw": 92, "N_roi": 92, "N_inlier": 92, "refit": true}
{"timestamp": "15:47:20.867572", "frame": 94, "mu": [-1.6642331436393896, 0.9250781022415479, 1.374073058873998], "Sigma": [[0.010298973004883359, 0.006652228459373671, -0.0025245194184934545], [0.006652228459373671, 0.01407728174099483, -0.006489627513510282], [-0.0025245194184934545, -0.006489627513510282, 0.0054445261663768835]], "chi2_level": 0.997, "chi2_df": 3, "chi2_threshold": 13.931422665512084, "N_raw": 63, "N_roi": 63, "N_inlier": 62, "refit": true}
{"timestamp": "15:47:20.925662", "frame": 95, "mu": [-1.6538235592355297, 1.0113479923494204, 1.3679967410744467], "Sigma": [[0.014503658775417925, 0.007946031097445084, -0.004761244911502706], [0.007946031097445084, 0.015408329046670515, -0.009625596257521078], [-0.004761244911502706, -0.00962559625752108, 0.006993245064719145]], "chi2_level": 0.997, "chi2_df": 3, "chi2_threshold": 13.931422665512084, "N_raw": 89, "N_roi": 89, "N_inlier": 89, "refit": true}
{"timestamp": "15:47:20.980756", "frame": 96, "mu": [-1.753982326408455, 0.9455245385572977, 1.2037590357833858], "Sigma": [[0.011968700886629269, 0.009367688648226288, -0.0007529125785912375], [0.009367688648226288, 0.017548590788803966, -0.010212421536949283], [-0.0007529125785912375, -0.010212421536949283, 0.010813523591220236]], "chi2_level": 0.997, "chi2_df": 3, "chi2_threshold": 13.931422665512084, "N_raw": 85, "N_roi": 85, "N_inlier": 82, "refit": true}
{"timestamp": "15:47:21.032597", "frame": 97, "mu": [-1.7941854322823723, 1.021708800762947, 1.337930535158805], "Sigma": [[0.007247723458188402, 0.003551142900023845, -0.002768548185924923], [0.0035511429000238456, 0.010186689435724254, -0.010144456019388088], [-0.0027685481859249226, -0.010144456019388088, 0.026780088574301586]], "chi2_level": 0.997, "chi2_df": 3, "chi2_threshold": 13.931422665512084, "N_raw": 65, "N_roi": 65, "N_inlier": 63, "refit": true}
