{"timestamp": "14:59:40.482167", "frame": 23, "mu": [1.903635656862348, 0.8078792496414651, 1.1607278505039595], "Sigma": [[0.0025738300032399795, -0.002285099768201451, -0.004835054918948039], [-0.002285099768201451, 0.008530499149814961, 0.006587947158019164], [-0.004835054918948039, 0.006587947158019164, 0.019849799181045312]], "chi2_level": 0.997, "chi2_df": 3, "chi2_threshold": 13.931422665512084, "N_raw": 13, "N_roi": 13, "N_inlier": 12, "refit": true}
{"timestamp": "14:59:40.535667", "frame": 24, "mu": [1.8753146302717953, 0.6641721015877987, 1.089296804161693], "Sigma": [[0.005226049854431302, 2.800622514064456e-05, 0.017114229661752734], [2.800622514064429e-05, 0.004217832515066891, 0.005329829189454578], [0.017114229661752734, 0.005329829189454578, 0.15787326607556607]], "chi2_level": 0.997, "chi2_df": 3, "chi2_threshold": 13.931422665512084, "N_raw": 10, "N_roi": 10, "N_inlier": 10, "refit": true}
{"timestamp": "14:59:40.590645", "frame": 25, "mu": [1.8663794625809829, 0.7104216454804607, 1.3137320365759981], "Sigma": [[0.0021495145804301926, -0.0005660624646364177, -0.0036476474771113205], [-0.0005660624646364177, 0.008741845689528916, -0.004969755785501787], [-0.0036476474771113205, -0.004969755785501787, 0.011170572577151589]], "chi2_level": 0.997, "chi2_df": 3, "chi2_threshold": 13.931422665512084, "N_raw": 11, "N_roi": 11, "N_inlier": 11, "refit": true}
{"timestamp": "14:59:40.646818", "frame": 26, "mu": [1.8010430488451479, 0.919650646000102, -0.5348279265943046], "Sigma": [[0.003576600801985963, -0.004479016433631258, -0.002406703879866545], [-0.004479016433631258, 0.015456198952382745, 0.0009968561573196427], [-0.002406703879866545, 0.0009968561573196427, 0.002890173782064151]], "chi2_level": 0.997, "chi2_df": 3, "chi2_threshold": 13.931422665512084, "N_raw": 26, "N_roi": 26, "N_inlier": 26, "refit": true}
{"timestamp": "14:59:40.813643", "frame": 29, "mu": [1.7661225403605494, 0.6918208237954251, 1.224321485700851], "Sigma": [[0.003459877471484828, -0.0052241998286147884, -0.001583745833157535], [-0.0052241998286147884, 0.011848322862898305, 0.0011792840524658518], [-0.001583745833157535, 0.001179284052465852, 0.00202053421213282]], "chi2_level": 0.997, "chi2_df": 3, "chi2_threshold": 13.931422665512084, "N_raw": 18, "N_roi": 18, "N_inlier": 17, "refit": true}
{"timestamp": "14:59:40.978474", "frame": 32, "mu": [1.6834304186296456, 0.7393049117837452, 1.3046100569864834], "Sigma": [[0.002677579399564244, -9.490837249940702e-05, -0.003039198427392993], [-9.490837249940707e-05, 0.004825625190941371, -0.0031327406746271425], [-0.003039198427392993, -0.0031327406746271425, 0.007016607806292971]], "chi2_level": 0.997, "chi2_df": 3, "chi2_threshold": 13.931422665512084, "N_raw": 16, "N_roi": 16, "N_inlier": 16, "refit": true}
{"timestamp": "14:59:41.089757", "frame": 34, "mu": [1.5866622579775795, 0.7695530903603489, 1.0976948728728029], "Sigma": [[0.003208537298681541, -0.0048960907487348, 0.0013585175959449406], [-0.0048960907487348, 0.02080176111277203, -0.02614414206539713], [0.001358517595944941, -0.026144142065397127, 0.05116869259153663]], "chi2_level": 0.997, "chi2_df": 3, "chi2_threshold": 13.931422665512084, "N_raw": 21, "N_roi": 21, "N_inlier": 21, "refit": true}
{"timestamp": "14:59:41.150376", "frame": 35, "mu": [1.561800123907783, 0.8302558751039195, 1.035880129153522], "Sigma": [[0.0048892547981597275, -0.006743069860073469, 0.0041562711474804285], [-0.006743069860073469, 0.017724919719366905, -0.023378871496165667], [0.0041562711474804285, -0.023378871496165667, 0.05676107736297754]], "chi2_level": 0.997, "chi2_df": 3, "chi2_threshold": 13.931422665512084, "N_raw": 59, "N_roi": 59, "N_inlier": 58, "refit": true}
{"timestamp": "14:59:41.200193", "frame": 36, "mu": [1.5409993845017453, 0.7448765317949295, 1.1995504461300142], "Sigma": [[0.002609599958042913, -0.0023617090877926144, -0.0001942937377542152], [-0.0023617090877926144, 0.012361707229748916, -0.008359542100409116], [-0.0001942937377542153, -0.008359542100409114, 0.008909092709474152]], "chi2_level": 0.997, "chi2_df": 3, "chi2_threshold": 13.931422665512084, "N_raw": 22, "N_roi": 22, "N_inlier": 21, "refit": true}
{"timestamp": "14:59:41.310156", "frame": 38, "mu": [1.4672141620086014, 0.7839518810215642, 1.2775645353631067], "Sigma": [[0.0031147448533366106, -0.0007422931755482738, -0.0012563387836649054], [-0.0007422931755482738, 0.007193616410575415, -0.00947382176833006], [-0.0012563387836649058, -0.00947382176833006, 0.03315364767749272]], "chi2_level": 0.997, "chi2_df": 3, "chi2_threshold": 13.931422665512084, "N_raw": 30, "N_roi": 30, "N_inlier": 30, "refit": true}
{"timestamp": "14:59:41.419559", "frame": 40, "mu": [1.3650305932636044, 0.7925847090059782, 1.3698325833799894], "Sigma": [[0.002582240498757802, -0.0005986265845352891, -0.0044744505415734315], [-0.000598626584535289, 0.004053848678731121, -0.004229957009738503], [-0.0044744505415734315, -0.004229957009738503, 0.034143777622213205]], "chi2_level": 0.997, "chi2_df": 3, "chi2_threshold": 13.931422665512084, "N_raw": 21, "N_roi": 21, "N_inlier": 20, "refit": true}
{"timestamp": "14:59:41.473132", "frame": 41, "mu": [1.3167759710005411, 0.7844388246746441, 1.4371114617790193], "Sigma": [[0.0037050103310593326, -0.0009789141539407594, -0.004148093523616293], [-0.0009789141539407594, 0.003650117716732989, 0.0008978466206433673], [-0.004148093523616293, 0.0008978466206433673, 0.007604985914870797]], "chi2_level": 0.997, "chi2_df": 3, "chi2_threshold": 13.931422665512084, "N_raw": 16, "N_roi": 16, "N_inlier": 16, "refit": true}
{"timestamp": "14:59:41.531531", "frame": 42, "mu": [1.317452236876002, 0.7826185294423066, 1.4254536116232808], "Sigma": [[0.005572651872067685, -0.0017708737596360629, -0.005341311668917687], [-0.0017708737596360629, 0.004209971238978319, 0.0009249158298730552], [-0.0053413116689176865, 0.0009249158298730553, 0.013430956038003018]], "chi2_level": 0.997, "chi2_df": 3, "chi2_threshold": 13.931422665512084, "N_raw": 35, "N_roi": 35, "N_inlier": 34, "refit": true}
{"timestamp": "14:59:41.586222", "frame": 43, "mu": [1.2639607695141857, 0.8079886814913138, 1.5230916367458123], "Sigma": [[0.002921258928274926, -0.0003720222525403794, 0.00014740683355841434], [-0.0003720222525403795, 0.005473233796838981, -0.00022569767962062867], [0.00014740683355841434, -0.00022569767962062873, 0.0001906250533101216]], "chi2_level": 0.997, "chi2_df": 3, "chi2_threshold": 13.931422665512084, "N_raw": 28, "N_roi": 28, "N_inlier": 26, "refit": true}
{"timestamp": "14:59:41.640337", "frame": 44, "mu": [1.2365958913597122, 0.7973346988794585, 1.450038140446923], "Sigma": [[0.0037018059099470637, 0.00010663252319907505, -0.005065002768079778], [0.00010663252319907505, 0.002718805397481685, -0.00033378688327225127], [-0.005065002768079779, -0.00033378688327225143, 0.04154636734204499]], "chi2_level": 0.997, "chi2_df": 3, "chi2_threshold": 13.931422665512084, "N_raw": 26, "N_roi": 26, "N_inlier": 25, "refit": true}
{"timestamp": "14:59:41.698714", "frame": 45, "mu": [1.1932145390399693, 0.8470143167429582, 1.2710757157285197], "Sigma": [[0.0054020496030029695, -0.0015467088786592024, -0.010037020987217416], [-0.0015467088786592022, 0.0033787276214010424, -0.004395562902164702], [-0.010037020987217416, -0.004395562902164702, 0.06953090379055135]], "chi2_level": 0.997, "chi2_df": 3, "chi2_threshold": 13.931422665512084, "N_raw": 47, "N_roi": 47, "N_inlier": 47, "refit": true}
{"timestamp": "14:59:41.752065", "frame": 46, "mu": [1.1139776745106431, 0.9664301156038068, -0.3133246163359222], "Sigma": [[0.005603032071483848, -0.003704169021908584, -0.004538341108975538], [-0.0037041690219085837, 0.00581963077256184, 0.0018642936208087505], [-0.004538341108975538, 0.0018642936208087507, 0.005141777877767966]], "chi2_level": 0.997, "chi2_df": 3, "chi2_threshold": 13.931422665512084, "N_raw": 38, "N_roi": 38, "N_inlier": 35, "refit": true}
{"timestamp": "14:59:41.859218", "frame": 48, "mu": [1.0189563078523505, 0.9545013699843934, 1.3386095091744663], "Sigma": [[0.0024131289952193657, 0.0013248452169870655, -0.00363292553685516], [0.0013248452169870653, 0.003534142537549692, -0.005539022633776331], [-0.00363292553685516, -0.005539022633776331, 0.01203161690881944]], "chi2_level": 0.997, "chi2_df": 3, "chi2_threshold": 13.931422665512084, "N_raw": 17, "N_roi": 17, "N_inlier": 17, "refit": true}
{"timestamp": "14:59:41.918463", "frame": 49, "mu": [0.9960395711090059, 0.8988129765337941, 1.3832884272701302], "Sigma": [[0.004234077638663761, -0.0015940901736276234, -0.0032111001240313474], [-0.0015940901736276234, 0.0030442675961403656, -0.0015893356833396564], [-0.0032111001240313474, -0.0015893356833396564, 0.006384451799663138]], "chi2_level": 0.997, "chi2_df": 3, "chi2_threshold": 13.931422665512084, "N_raw": 49, "N_roi": 49, "N_inlier": 47, "refit": true}
{"timestamp": "14:59:41.975254", "frame": 50, "mu": [0.9921895422499991, 0.8620484505985432, 1.3750987831032089], "Sigma": [[0.006507248508747834, -0.003623100813470482, -0.007390009223800484], [-0.0036231008134704826, 0.00383873730577921, 0.005282655500807472], [-0.007390009223800484, 0.005282655500807471, 0.04003578848046348]], "chi2_level": 0.997, "chi2_df": 3, "chi2_threshold": 13.931422665512084, "N_raw": 54, "N_roi": 54, "N_inlier": 51, "refit": true}
{"timestamp": "14:59:42.026982", "frame": 51, "mu": [0.9588688253861037, 0.8346747447828128, 1.2050753975584583], "Sigma": [[0.007526223163974247, -0.004324202392009685, -0.021418187217454837], [-0.004324202392009686, 0.0065398774640929086, 0.015182773844204835], [-0.02141818721745484, 0.015182773844204835, 0.09095474466682735]], "chi2_level": 0.997, "chi2_df": 3, "chi2_threshold": 13.931422665512084, "N_raw": 36, "N_roi": 36, "N_inlier": 36, "refit": true}
{"timestamp": "14:59:42.081868", "frame": 52, "mu": [0.8598376218678121, 0.8673149088417338, 1.4619885680821996], "Sigma": [[0.0031955366619620595, -0.0006797325852659243, -0.001999976387664283], [-0.0006797325852659243, 0.003271406266922127, 3.0091362972088415e-05], [-0.001999976387664283, 3.0091362972088333e-05, 0.0038395325615366536]], "chi2_level": 0.997, "chi2_df": 3, "chi2_threshold": 13.931422665512084, "N_raw": 37, "N_roi": 37, "N_inlier": 35, "refit": true}
{"timestamp": "14:59:42.137375", "frame": 53, "mu": [0.8391581031845652, 0.8566415663212603, 1.4506884910393152], "Sigma": [[0.003559879978475685, -0.0008609053869141429, -0.0015717414630733596], [-0.0008609053869141429, 0.003173871384625761, -0.0004101648443593702], [-0.0015717414630733596, -0.0004101648443593702, 0.0010967861772807448]], "chi2_level": 0.997, "chi2_df": 3, "chi2_threshold": 13.931422665512084, "N_raw": 39, "N_roi": 39, "N_inlier": 36, "refit": true}
{"timestamp": "14:59:42.198082", "frame": 54, "mu": [0.8507097633894446, 0.8000659664423947, 1.218171002608122], "Sigma": [[0.007640284272353062, -0.0035772791584298726, -0.017434190131282168], [-0.003577279158429872, 0.004466015196469906, 0.006065977133557146], [-0.017434190131282168, 0.006065977133557146, 0.060605505433581064]], "chi2_level": 0.997, "chi2_df": 3, "chi2_threshold": 13.931422665512084, "N_raw": 78, "N_roi": 78, "N_inlier": 77, "refit": true}
{"timestamp": "14:59:42.249740", "frame": 55, "mu": [0.7603501410823246, 0.9193426351918, -0.3155533426453346], "Sigma": [[0.003913727802537956, 0.0004219888251433823, -0.002980091471235696], [0.0004219888251433823, 0.003345731442883847, -0.000942148217791409], [-0.002980091471235696, -0.000942148217791409, 0.0033958526050067495]], "chi2_level": 0.997, "chi2_df": 3, "chi2_threshold": 13.931422665512084, "N_raw": 48, "N_roi": 48, "N_inlier": 46, "refit": true}
{"timestamp": "14:59:42.304051", "frame": 56, "mu": [0.7363405696831417, 0.9285877088902982, -0.43027430894700397], "Sigma": [[0.007312256929559466, -0.0022946051215178265, -0.019451867388003276], [-0.0022946051215178265, 0.005395394258941394, 0.0045224259867003855], [-0.019451867388003276, 0.004522425986700385, 0.08638749910328933]], "chi2_level": 0.997, "chi2_df": 3, "chi2_threshold": 13.931422665512084, "N_raw": 52, "N_roi": 52, "N_inlier": 51, "refit": true}
{"timestamp": "14:59:42.353875", "frame": 57, "mu": [0.7274534008940509, 0.7681613525536821, 1.305060467385459], "Sigma": [[0.0037410597506745804, -0.0007809053542636277, -0.009001537641090539], [-0.0007809053542636277, 0.0025270581794515166, 0.004394092905246456], [-0.009001537641090539, 0.004394092905246456, 0.0297058800878342]], "chi2_level": 0.997, "chi2_df": 3, "chi2_threshold": 13.931422665512084, "N_raw": 17, "N_roi": 17, "N_inlier": 17, "refit": true}
{"timestamp": "14:59:42.468033", "frame": 59, "mu": [0.6518677472118707, 0.7652924354114293, 1.3488129849938997], "Sigma": [[0.0029709500674534907, 0.00028850746409980635, -0.004771498830256234], [0.0002885074640998064, 0.002787159058518234, -0.013619599819782294], [-0.0047714988302562334, -0.013619599819782294, 0.11757419975647421]], "chi2_level": 0.997, "chi2_df": 3, "chi2_threshold": 13.931422665512084, "N_raw": 39, "N_roi": 39, "N_inlier": 38, "refit": true}
{"timestamp": "14:59:42.525295", "frame": 60, "mu": [0.6283795861307445, 0.7700950291049593, 1.4023000848569556], "Sigma": [[0.004357843168376273, 0.0008950603191938438, -0.005269976767393281], [0.0008950603191938439, 0.002425584696906175, -0.004058130018722272], [-0.005269976767393282, -0.004058130018722272, 0.011618974642925524]], "chi2_level": 0.997, "chi2_df": 3, "chi2_threshold": 13.931422665512084, "N_raw": 61, "N_roi": 61, "N_inlier": 59, "refit": true}
{"timestamp": "14:59:42.583439", "frame": 61, "mu": [0.5754633467961225, 0.7666104151111739, 1.3721744470570856], "Sigma": [[0.0025543400258145523, -0.0002549448825174529, -0.0011250927630711526], [-0.00025494488251745284, 0.0032951357970466264, -0.0011447645602071102], [-0.0011250927630711528, -0.0011447645602071102, 0.03340258973591392]], "chi2_level": 0.997, "chi2_df": 3, "chi2_threshold": 13.931422665512084, "N_raw": 76, "N_roi": 76, "N_inlier": 74, "refit": true}
{"timestamp": "14:59:42.636757", "frame": 62, "mu": [0.5374468856568276, 0.8930602172039535, -0.38228204847482583], "Sigma": [[0.0023616856741516534, -0.0007004426320610363, -0.0006398433479229716], [-0.0007004426320610363, 0.00372196781499574, -0.004263610015112647], [-0.0006398433479229716, -0.0042636100151126465, 0.008960744125129793]], "chi2_level": 0.997, "chi2_df": 3, "chi2_threshold": 13.931422665512084, "N_raw": 62, "N_roi": 62, "N_inlier": 58, "refit": true}
{"timestamp": "14:59:42.689031", "frame": 63, "mu": [0.4879719742196262, 0.7793290188357467, 1.4247597993313186], "Sigma": [[0.003328836333003662, -0.0005762965086865723, -0.0002842976562309248], [-0.0005762965086865723, 0.0014625204433148678, -0.001968252912046681], [-0.0002842976562309249, -0.001968252912046681, 0.004114008747299939]], "chi2_level": 0.997, "chi2_df": 3, "chi2_threshold": 13.931422665512084, "N_raw": 51, "N_roi": 51, "N_inlier": 47, "refit": true}
{"timestamp": "14:59:42.747300", "frame": 64, "mu": [0.4811590279438816, 0.9211418729217964, -0.3360498366196587], "Sigma": [[0.003370043245020628, 0.001657234235952991, -0.0020780714881845803], [0.001657234235952991, 0.00466099956059183, -0.002732577012322535], [-0.0020780714881845803, -0.002732577012322535, 0.0054257789790174305]], "chi2_level": 0.997, "chi2_df": 3, "chi2_threshold": 13.931422665512084, "N_raw": 68, "N_roi": 67, "N_inlier": 64, "refit": true}
{"timestamp": "14:59:42.803272", "frame": 65, "mu": [0.43031089340345186, 0.8161788629973648, 1.4125559268207475], "Sigma": [[0.00645352350164017, -0.002002965865789531, -0.010457560445899614], [-0.002002965865789531, 0.004455802375598572, 0.0038185290692599504], [-0.010457560445899614, 0.0038185290692599504, 0.021819778684129886]], "chi2_level": 0.997, "chi2_df": 3, "chi2_threshold": 13.931422665512084, "N_raw": 77, "N_roi": 74, "N_inlier": 72, "refit": true}
{"timestamp": "14:59:42.852628", "frame": 66, "mu": [0.36257952489563844, 0.7938734192426157, 1.45832140912896], "Sigma": [[0.0025326599171619666, -0.0006305640158894281, -0.0026751050847994545], [-0.0006305640158894281, 0.002367764832264356, 0.0005218776661163421], [-0.0026751050847994545, 0.0005218776661163421, 0.007503016043517692]], "chi2_level": 0.997, "chi2_df": 3, "chi2_threshold": 13.931422665512084, "N_raw": 39, "N_roi": 39, "N_inlier": 36, "refit": true}
{"timestamp": "14:59:42.920643", "frame": 67, "mu": [0.34904052391928225, 0.8176648590941719, 1.2156768404930787], "Sigma": [[0.004419339012151288, -0.00018502922470822568, 0.00032198412838426913], [-0.0001850292247082257, 0.0026130968138618725, 0.003035580105605692], [0.0003219841283842691, 0.003035580105605692, 0.04909695422739669]], "chi2_level": 0.997, "chi2_df": 3, "chi2_threshold": 13.931422665512084, "N_raw": 126, "N_roi": 126, "N_inlier": 123, "refit": true}
{"timestamp": "14:59:42.964470", "frame": 68, "mu": [0.2926666451616875, 0.9256418606142695, -0.33547340397063147], "Sigma": [[0.0021479556216320345, -0.00016695030800758967, -0.000223865407157529], [-0.00016695030800758972, 0.003203781529442937, -0.004882606126547402], [-0.0002238654071575288, -0.004882606126547402, 0.013596452549615142]], "chi2_level": 0.997, "chi2_df": 3, "chi2_threshold": 13.931422665512084, "N_raw": 45, "N_roi": 45, "N_inlier": 43, "refit": true}
{"timestamp": "14:59:43.019595", "frame": 69, "mu": [0.25704474966676627, 0.8133130725845528, 1.430134622079604], "Sigma": [[0.002180058858651607, -0.0005799800474362363, -0.0013154121689564467], [-0.0005799800474362365, 0.0016959408464918147, -0.0014308877743444627], [-0.0013154121689564467, -0.0014308877743444627, 0.004307886463612295]], "chi2_level": 0.997, "chi2_df": 3, "chi2_threshold": 13.931422665512084, "N_raw": 54, "N_roi": 54, "N_inlier": 52, "refit": true}
{"timestamp": "14:59:43.076414", "frame": 70, "mu": [0.2609900175000297, 0.812198191754381, 1.3714044564907675], "Sigma": [[0.005866614051251841, 0.0010864204447981073, -0.005496423528688319], [0.0010864204447981073, 0.0009024314040005263, -0.00176433878104436], [-0.005496423528688319, -0.00176433878104436, 0.007956920131067602]], "chi2_level": 0.997, "chi2_df": 3, "chi2_threshold": 13.931422665512084, "N_raw": 64, "N_roi": 64, "N_inlier": 62, "refit": true}
{"timestamp": "14:59:43.129031", "frame": 71, "mu": [0.23180017669642303, 0.8604405988886161, 1.342343093076918], "Sigma": [[0.003277043430804755, 0.0010141196368173703, -0.003153925147164458], [0.0010141196368173703, 0.0012161477111984032, -0.002386283626831049], [-0.0031539251471644574, -0.002386283626831049, 0.013645489242603068]], "chi2_level": 0.997, "chi2_df": 3, "chi2_threshold": 13.931422665512084, "N_raw": 46, "N_roi": 46, "N_inlier": 42, "refit": true}
{"timestamp": "14:59:43.184999", "frame": 72, "mu": [0.11940536237596204, 0.9799763711239353, -0.3392467562285439], "Sigma": [[0.0022038360552973984, 0.000628227914752846, -0.002768478174433017], [0.000628227914752846, 0.0028993711653970237, -0.004464702802572689], [-0.002768478174433017, -0.004464702802572689, 0.011131362700712832]], "chi2_level": 0.997, "chi2_df": 3, "chi2_threshold": 13.931422665512084, "N_raw": 54, "N_roi": 53, "N_inlier": 52, "refit": true}
{"timestamp": "14:59:43.248315", "frame": 73, "mu": [0.1180112343868322, 0.8347364050140782, 1.272632791399367], "Sigma": [[0.0036847252813706345, 0.0007151764481208253, 0.004788547214075749], [0.0007151764481208253, 0.001434082651849523, 0.0021083199767511175], [0.004788547214075749, 0.002108319976751118, 0.051344092615765766]], "chi2_level": 0.997, "chi2_df": 3, "chi2_threshold": 13.931422665512084, "N_raw": 106, "N_roi": 106, "N_inlier": 104, "refit": true}
{"timestamp": "14:59:43.299366", "frame": 74, "mu": [0.12924352520212515, 0.8300757168166792, 1.3657542049373443], "Sigma": [[0.0032991497667560245, 0.0001328195670881135, -0.005175829202206909], [0.0001328195670881135, 0.0015867184708178578, -0.0026910470597482326], [-0.005175829202206909, -0.002691047059748233, 0.013616153457899632]], "chi2_level": 0.997, "chi2_df": 3, "chi2_threshold": 13.931422665512084, "N_raw": 81, "N_roi": 81, "N_inlier": 77, "refit": true}
{"timestamp": "14:59:43.351166", "frame": 75, "mu": [0.07344570359222154, 0.7481569186666015, 1.285275342744875], "Sigma": [[0.0017126010369764566, -0.00012841907155774614, -0.0005786503213852505], [-0.00012841907155774617, 0.0016460185744106295, -0.002264414779510362], [-0.0005786503213852505, -0.002264414779510362, 0.005201986937339517]], "chi2_level": 0.997, "chi2_df": 3, "chi2_threshold": 13.931422665512084, "N_raw": 60, "N_roi": 60, "N_inlier": 59, "refit": true}
{"timestamp": "14:59:43.406989", "frame": 76, "mu": [0.029110782711753797, 0.7567175366554265, 1.2492077546118863], "Sigma": [[0.001822856823235779, -0.0004567468087563614, -0.00023128001381622667], [-0.0004567468087563614, 0.005953849038561884, -0.002992334843419748], [-0.00023128001381622667, -0.002992334843419748, 0.0019283666282919325]], "chi2_level": 0.997, "chi2_df": 3, "chi2_threshold": 13.931422665512084, "N_raw": 69, "N_roi": 69, "N_inlier": 66, "refit": true}
{"timestamp": "14:59:43.456504", "frame": 77, "mu": [-0.0631032311741113, 0.7860943855549005, 1.4450909079466001], "Sigma": [[0.0015353126769478416, 7.042834879016514e-05, 0.007265905796095661], [7.042834879016514e-05, 0.0010068470477718108, 0.0010981832026170034], [0.007265905796095662, 0.0010981832026170037, 0.08999458586523387]], "chi2_level": 0.997, "chi2_df": 3, "chi2_threshold": 13.931422665512084, "N_raw": 29, "N_roi": 29, "N_inlier": 27, "refit": true}
{"timestamp": "14:59:43.517527", "frame": 78, "mu": [-0.08791177719877144, 0.7679702989585067, 1.3289543878112398], "Sigma": [[0.0019204827735799781, -0.0007955924403955222, -0.0011142896791579734], [-0.000795592440395522, 0.0011211206332886775, -0.0020235768791265715], [-0.0011142896791579734, -0.0020235768791265715, 0.010336500421547573]], "chi2_level": 0.997, "chi2_df": 3, "chi2_threshold": 13.931422665512084, "N_raw": 74, "N_roi": 74, "N_inlier": 71, "refit": true}
{"timestamp": "14:59:43.571633", "frame": 79, "mu": [-0.1001831859058159, 0.7137656948254169, 1.2602120922365554], "Sigma": [[0.0019756683841287326, -0.0015413072695490634, -0.002508730690471767], [-0.0015413072695490634, 0.004969325886252398, 0.0018787551960567788], [-0.0025087306904717664, 0.0018787551960567786, 0.01551594872583281]], "chi2_level": 0.997, "chi2_df": 3, "chi2_threshold": 13.931422665512084, "N_raw": 65, "N_roi": 65, "N_inlier": 63, "refit": true}
{"timestamp": "14:59:43.627924", "frame": 80, "mu": [-0.13537135614699414, 0.7437664757737542, 1.2533352062320857], "Sigma": [[0.0024346464878252185, -0.0017228051991701994, -2.9772026086889497e-05], [-0.0017228051991701994, 0.003731793434522053, -0.0029656515500710605], [-2.977202608688936e-05, -0.0029656515500710605, 0.0040558126436195325]], "chi2_level": 0.997, "chi2_df": 3, "chi2_threshold": 13.931422665512084, "N_raw": 73, "N_roi": 73, "N_inlier": 72, "refit": true}
{"timestamp": "14:59:43.676209", "frame": 81, "mu": [-0.2170912040083602, 0.7641632039086118, 1.3087604869086835], "Sigma": [[0.002986832221363807, 0.0012434554330063596, -0.02403010540653553], [0.0012434554330063596, 0.00244305573638886, -0.014562134048092517], [-0.02403010540653553, -0.014562134048092517, 0.26310900481192007]], "chi2_level": 0.997, "chi2_df": 3, "chi2_threshold": 13.931422665512084, "N_raw": 30, "N_roi": 30, "N_inlier": 29, "refit": true}
{"timestamp": "14:59:43.736337", "frame": 82, "mu": [-0.28437323242958384, 0.7729771934702698, 1.4740624831842264], "Sigma": [[0.002375653468188647, -0.0008483208726070487, -0.0008446797318577728], [-0.0008483208726070487, 0.0021612014659240586, -0.0018427230873563172], [-0.0008446797318577728, -0.0018427230873563172, 0.004488914606656816]], "chi2_level": 0.997, "chi2_df": 3, "chi2_threshold": 13.931422665512084, "N_raw": 64, "N_roi": 61, "N_inlier": 57, "refit": true}
{"timestamp": "14:59:43.790644", "frame": 83, "mu": [-0.3092195653123533, 0.7595548599286585, 1.4619238509409378], "Sigma": [[0.002060834345479753, -0.0005083022667429682, 0.0006139653429758003], [-0.0005083022667429682, 0.0010423786319605623, -0.002030491694063878], [0.0006139653429758003, -0.002030491694063878, 0.005048880407646064]], "chi2_level": 0.997, "chi2_df": 3, "chi2_threshold": 13.931422665512084, "N_raw": 54, "N_roi": 51, "N_inlier": 48, "refit": true}
{"timestamp": "14:59:43.841184", "frame": 84, "mu": [-0.29391444632108826, 0.7148015403756451, 1.3756005281410517], "Sigma": [[0.001259630409573765, -0.0009693197346903545, -0.002284482559015487], [-0.0009693197346903545, 0.0012111751045138137, 0.001089667552929084], [-0.002284482559015487, 0.0010896675529290841, 0.010196892898626403]], "chi2_level": 0.997, "chi2_df": 3, "chi2_threshold": 13.931422665512084, "N_raw": 32, "N_roi": 30, "N_inlier": 28, "refit": true}
{"timestamp": "14:59:43.905777", "frame": 85, "mu": [-0.30229284600637074, 0.7295213258436131, 1.3489692018646526], "Sigma": [[0.0040543646653382615, -0.0016354154541307702, -0.007975303668281829], [-0.0016354154541307704, 0.0033440817711279875, -0.0004008588833555758], [-0.007975303668281829, -0.0004008588833555759, 0.025249812742845587]], "chi2_level": 0.997, "chi2_df": 3, "chi2_threshold": 13.931422665512084, "N_raw": 96, "N_roi": 96, "N_inlier": 91, "refit": true}
{"timestamp": "14:59:43.955118", "frame": 86, "mu": [-0.4362873845489127, 0.8303461526888622, -0.2853524764859853], "Sigma": [[0.0026411739523254287, -0.0007172971141911405, 0.002112014845964425], [-0.0007172971141911405, 0.0049474512812609705, 0.0008418497351972995], [0.002112014845964425, 0.0008418497351972998, 0.007087885003643604]], "chi2_level": 0.997, "chi2_df": 3, "chi2_threshold": 13.931422665512084, "N_raw": 52, "N_roi": 50, "N_inlier": 48, "refit": true}
{"timestamp": "14:59:44.009945", "frame": 87, "mu": [-0.5175812533887082, 0.7466661544524451, 1.5379403592919871], "Sigma": [[0.011271594495584783, 0.003315513637912641, -0.007800243913457764], [0.003315513637912641, 0.0032204522166345536, -0.0048279552846511005], [-0.007800243913457764, -0.0048279552846511005, 0.010037505554580071]], "chi2_level": 0.997, "chi2_df": 3, "chi2_threshold": 13.931422665512084, "N_raw": 48, "N_roi": 48, "N_inlier": 42, "refit": true}
{"timestamp": "14:59:44.064934", "frame": 88, "mu": [-0.5361506211786419, 0.7326249808073569, 1.540980542123919], "Sigma": [[0.0037561598761868603, -8.829812478310964e-05, -0.0011470041757915262], [-8.829812478310963e-05, 0.0010777636870481554, -0.0011217658864856024], [-0.0011470041757915262, -0.0011217658864856024, 0.005506627742836904]], "chi2_level": 0.997, "chi2_df": 3, "chi2_threshold": 13.931422665512084, "N_raw": 54, "N_roi": 54, "N_inlier": 49, "refit": true}
{"timestamp": "14:59:44.122640", "frame": 89, "mu": [-0.5801364740917768, 0.736708016724214, 1.5272718003850914], "Sigma": [[0.013226403880973773, 0.0018277808200333817, -0.00678920989401852], [0.0018277808200333815, 0.002436791351233835, -0.003697874155240896], [-0.00678920989401852, -0.003697874155240895, 0.007800883780773993]], "chi2_level": 0.997, "chi2_df": 3, "chi2_threshold": 13.931422665512084, "N_raw": 76, "N_roi": 76, "N_inlier": 70, "refit": true}
{"timestamp": "14:59:44.181685", "frame": 90, "mu": [-0.7422634528142573, 0.6989275906590497, 1.6261730413053828], "Sigma": [[0.018782100686910837, 0.006903877503955386, -0.011734853009890436], [0.006903877503955386, 0.0070548092321672745, -0.00743466937791208], [-0.011734853009890437, -0.00743466937791208, 0.013235427857928918]], "chi2_level": 0.997, "chi2_df": 3, "chi2_threshold": 13.931422665512084, "N_raw": 99, "N_roi": 99, "N_inlier": 96, "refit": true}
{"timestamp": "14:59:44.233917", "frame": 91, "mu": [-0.7933846047486359, 0.7342532395504321, -0.10963120569792371], "Sigma": [[0.015406172538605373, 0.007951029622989603, -0.007747586243151807], [0.007951029622989603, 0.008586732602801293, -0.0055747143811083815], [-0.007747586243151807, -0.005574714381108382, 0.004667131916008233]], "chi2_level": 0.997, "chi2_df": 3, "chi2_threshold": 13.931422665512084, "N_raw": 84, "N_roi": 84, "N_inlier": 83, "refit": true}
{"timestamp": "14:59:44.286323", "frame": 92, "mu": [-0.8393938409527422, 0.6998648741430701, 1.701006128714664], "Sigma": [[0.013578952209574583, 0.008261489993118497, -0.007557550222600611], [0.008261489993118497, 0.009312441513421777, -0.009104392339157302], [-0.00755755022260061, -0.009104392339157302, 0.0095899094162789]], "chi2_level": 0.997, "chi2_df": 3, "chi2_threshold": 13.931422665512084, "N_raw": 65, "N_roi": 65, "N_inlier": 62, "refit": true}
{"timestamp": "14:59:44.338165", "frame": 93, "mu": [-0.742033298780303, 0.8065653384046441, 1.5215586377194639], "Sigma": [[0.007956216987939543, 0.0035835132810537957, -0.006467886606171989], [0.0035835132810537957, 0.0038017812776755568, -0.006053691978639664], [-0.006467886606171989, -0.006053691978639664, 0.013264676852930169]], "chi2_level": 0.997, "chi2_df": 3, "chi2_threshold": 13.931422665512084, "N_raw": 44, "N_roi": 44, "N_inlier": 42, "refit": true}
{"timestamp": "14:59:44.389723", "frame": 94, "mu": [-0.8830821187794351, 0.6865431146650036, 1.6379500730764422], "Sigma": [[0.02280820986819203, 0.008659296158063863, -0.027694086821555334], [0.008659296158063863, 0.005522964585292959, -0.013884457879193693], [-0.027694086821555334, -0.013884457879193691, 0.04170282650310278]], "chi2_level": 0.997, "chi2_df": 3, "chi2_threshold": 13.931422665512084, "N_raw": 24, "N_roi": 24, "N_inlier": 24, "refit": true}
{"timestamp": "14:59:44.449687", "frame": 95, "mu": [-0.9168647419444683, 0.692697213928272, 1.5928952828111698], "Sigma": [[0.018178825314666955, 0.006544804888830106, -0.015152032781463265], [0.006544804888830106, 0.005283809498392422, -0.008158533834387147], [-0.015152032781463265, -0.008158533834387147, 0.022397106186846857]], "chi2_level": 0.997, "chi2_df": 3, "chi2_threshold": 13.931422665512084, "N_raw": 52, "N_roi": 52, "N_inlier": 51, "refit": true}
{"timestamp": "14:59:44.510603", "frame": 96, "mu": [-0.8109238690081417, 0.7632210861489134, 1.3093165083552454], "Sigma": [[0.02176080208916478, 0.004905282447777121, -0.03942259476123146], [0.004905282447777121, 0.0033644282933015905, -0.009409884605272072], [-0.03942259476123146, -0.009409884605272072, 0.10270038364922991]], "chi2_level": 0.997, "chi2_df": 3, "chi2_threshold": 13.931422665512084, "N_raw": 97, "N_roi": 97, "N_inlier": 97, "refit": true}
{"timestamp": "14:59:44.567902", "frame": 97, "mu": [-0.9333888190965615, 0.7380893716177765, 0.24165880646582938], "Sigma": [[0.018520294469172104, 0.003826439220744152, 0.06981573468583228], [0.003826439220744152, 0.008312385757328202, 0.02186983073068908], [0.06981573468583228, 0.02186983073068908, 0.5346643139961479]], "chi2_level": 0.997, "chi2_df": 3, "chi2_threshold": 13.931422665512084, "N_raw": 106, "N_roi": 106, "N_inlier": 106, "refit": true}
{"timestamp": "14:59:44.616970", "frame": 98, "mu": [-0.9432585975037844, 0.6879121723250311, 1.524901448580261], "Sigma": [[0.011763333417051583, 0.0041445824364914, -0.007352983809879101], [0.0041445824364914, 0.0044200515363535505, -0.004344152947216171], [-0.007352983809879101, -0.004344152947216171, 0.009275114689989613]], "chi2_level": 0.997, "chi2_df": 3, "chi2_threshold": 13.931422665512084, "N_raw": 65, "N_roi": 65, "N_inlier": 63, "refit": true}
{"timestamp": "14:59:44.666205", "frame": 99, "mu": [-0.9796835247475738, 0.8033435590919994, -0.27197419947831447], "Sigma": [[0.016734264726234654, 0.011544984674127949, -0.031527950601128826], [0.011544984674127949, 0.014305972599056352, -0.02656538506638841], [-0.031527950601128826, -0.02656538506638841, 0.07106722854665559]], "chi2_level": 0.997, "chi2_df": 3, "chi2_threshold": 13.931422665512084, "N_raw": 31, "N_roi": 31, "N_inlier": 31, "refit": true}
{"timestamp": "14:59:44.809284", "frame": 100, "mu": [-1.0535477802448692, 0.6373883851393197, 1.4722013777858374], "Sigma": [[0.01036531856929288, 0.0023188526399434166, -0.003399598319233437], [0.0023188526399434166, 0.004154585630039969, -0.0038248310160551415], [-0.0033995983192334368, -0.0038248310160551415, 0.005510258473736032]], "chi2_level": 0.997, "chi2_df": 3, "chi2_threshold": 13.931422665512084, "N_raw": 58, "N_roi": 58, "N_inlier": 56, "refit": true}
{"timestamp": "14:59:44.830430", "frame": 101, "mu": [-1.095732438326061, 0.6489328093714721, 1.4890350075504106], "Sigma": [[0.011883684548602221, 0.004654911896174453, -0.0012857913957316988], [0.004654911896174453, 0.005618663874259754, -0.00432978088143208], [-0.0012857913957316988, -0.00432978088143208, 0.004921964750637392]], "chi2_level": 0.997, "chi2_df": 3, "chi2_threshold": 13.931422665512084, "N_raw": 83, "N_roi": 83, "N_inlier": 82, "refit": true}
{"timestamp": "14:59:44.877928", "frame": 102, "mu": [-1.1045399801768228, 0.7423836767514587, 1.5532534497796475], "Sigma": [[0.008198104636561012, 0.004129472082722828, -0.00194013365606347], [0.004129472082722829, 0.005833205686689745, -0.005378414233739647], [-0.00194013365606347, -0.005378414233739647, 0.00802442406805753]], "chi2_level": 0.997, "chi2_df": 3, "chi2_threshold": 13.931422665512084, "N_raw": 75, "N_roi": 75, "N_inlier": 72, "refit": true}
{"timestamp": "14:59:44.902712", "frame": 103, "mu": [-1.1048750030668348, 0.5886294981186797, 1.4200628416078585], "Sigma": [[0.011330720778590308, 0.002182276895140229, -0.00274614942917173], [0.002182276895140229, 0.006427700140257905, -0.003434039954116264], [-0.00274614942917173, -0.0034340399541162646, 0.002441661963461797]], "chi2_level": 0.997, "chi2_df": 3, "chi2_threshold": 13.931422665512084, "N_raw": 76, "N_roi": 76, "N_inlier": 74, "refit": true}
{"timestamp": "14:59:44.948248", "frame": 104, "mu": [-1.1366869306515686, 0.5219212206223769, 1.405643817100528], "Sigma": [[0.010237446612264499, 0.004148976545509789, -0.0014388236159574889], [0.004148976545509789, 0.0087099914321434, -0.004265467425466241], [-0.001438823615957489, -0.004265467425466241, 0.0031604783268634]], "chi2_level": 0.997, "chi2_df": 3, "chi2_threshold": 13.931422665512084, "N_raw": 78, "N_roi": 78, "N_inlier": 75, "refit": true}
{"timestamp": "14:59:44.998647", "frame": 105, "mu": [-1.1809691188501101, 0.48189601398149623, 1.2802148032796987], "Sigma": [[0.008352735775491251, -9.933104876680636e-05, -0.0004015847461076508], [-9.933104876680636e-05, 0.006066659682461132, -0.0019140030265599824], [-0.0004015847461076509, -0.0019140030265599824, 0.0012544848782406347]], "chi2_level": 0.997, "chi2_df": 3, "chi2_threshold": 13.931422665512084, "N_raw": 45, "N_roi": 45, "N_inlier": 43, "refit": true}
{"timestamp": "14:59:45.056163", "frame": 106, "mu": [-1.1933517437961185, 0.525716855885288, 1.3910392911665046], "Sigma": [[0.007323621410036789, 0.0005542584267153523, -0.0024032014007807113], [0.000554258426715352, 0.006629810783792459, -0.004332154489802474], [-0.0024032014007807113, -0.004332154489802474, 0.004250383751650262]], "chi2_level": 0.997, "chi2_df": 3, "chi2_threshold": 13.931422665512084, "N_raw": 67, "N_roi": 67, "N_inlier": 62, "refit": true}
{"timestamp": "14:59:45.108653", "frame": 107, "mu": [-0.8657941273891154, 0.39596417850177806, 1.2738375298449909], "Sigma": [[0.8805248346915927, -0.03180418834838022, 0.014319656601918971], [-0.03180418834838022, 0.008263715016325812, -0.004365375895668629], [0.014319656601918971, -0.004365375895668629, 0.004601880744586996]], "chi2_level": 0.997, "chi2_df": 3, "chi2_threshold": 13.931422665512084, "N_raw": 51, "N_roi": 51, "N_inlier": 49, "refit": true}
{"timestamp": "14:59:45.164748", "frame": 108, "mu": [-1.310330603925005, 0.5347994106503873, 1.3977531053802386], "Sigma": [[0.0061489274095120824, 0.0008512730645731661, -0.0015533697195887228], [0.0008512730645731661, 0.00939711400217553, -0.006652410581940355], [-0.0015533697195887228, -0.006652410581940355, 0.008331234485090022]], "chi2_level": 0.997, "chi2_df": 3, "chi2_threshold": 13.931422665512084, "N_raw": 59, "N_roi": 59, "N_inlier": 58, "refit": true}
{"timestamp": "14:59:45.219295", "frame": 109, "mu": [-1.3235588981076536, 0.6093214725047615, 1.4524755953020854], "Sigma": [[0.0058361840775859875, 0.0004940025556548036, -0.0013084720777377214], [0.0004940025556548039, 0.008057579294393748, -0.005200441737446078], [-0.0013084720777377212, -0.005200441737446078, 0.004307485596248362]], "chi2_level": 0.997, "chi2_df": 3, "chi2_threshold": 13.931422665512084, "N_raw": 54, "N_roi": 54, "N_inlier": 53, "refit": true}
{"timestamp": "14:59:45.274795", "frame": 110, "mu": [-1.3542653089780228, 0.5506985462758585, 1.4038532676562983], "Sigma": [[0.008485991620037108, 0.003264447501749922, -6.630928284099007e-05], [0.003264447501749922, 0.006503590950818682, -0.0038003347015552603], [-6.630928284099007e-05, -0.0038003347015552603, 0.006775812935295588]], "chi2_level": 0.997, "chi2_df": 3, "chi2_threshold": 13.931422665512084, "N_raw": 59, "N_roi": 59, "N_inlier": 56, "refit": true}
{"timestamp": "14:59:45.329258", "frame": 111, "mu": [-1.348570775196788, 0.5282227464755611, 1.3972143442331248], "Sigma": [[0.008363195671278474, 0.001489541947624865, -0.0013313680066380706], [0.0014895419476248645, 0.009465343335460048, -0.0042471310637072915], [-0.0013313680066380706, -0.004247131063707292, 0.002724782426674337]], "chi2_level": 0.997, "chi2_df": 3, "chi2_threshold": 13.931422665512084, "N_raw": 54, "N_roi": 54, "N_inlier": 54, "refit": true}
{"timestamp": "14:59:45.384056", "frame": 112, "mu": [-1.3741631416113553, 0.5901995377157003, 1.3342793369571524], "Sigma": [[0.00512238868845057, -0.0006759939101531127, -0.002118016745318795], [-0.0006759939101531128, 0.01853192665000921, -0.003816694223049448], [-0.002118016745318795, -0.0038166942230494477, 0.00218319239717691]], "chi2_level": 0.997, "chi2_df": 3, "chi2_threshold": 13.931422665512084, "N_raw": 56, "N_roi": 56, "N_inlier": 55, "refit": true}
{"timestamp": "14:59:45.440232", "frame": 113, "mu": [-1.4106382031653808, 0.5373074840560645, 1.3662374468698109], "Sigma": [[0.0076889324897987, 0.0007555503551955433, -0.0013732785099108415], [0.0007555503551955431, 0.010521039048886916, -0.005831433008944075], [-0.0013732785099108415, -0.005831433008944075, 0.0040412128429694796]], "chi2_level": 0.997, "chi2_df": 3, "chi2_threshold": 13.931422665512084, "N_raw": 58, "N_roi": 58, "N_inlier": 57, "refit": true}
{"timestamp": "14:59:45.495444", "frame": 114, "mu": [-1.4313144777964928, 0.706192179115434, -0.531396454072798], "Sigma": [[0.006278515467126732, 0.0022670027177354502, 0.0027643769777452153], [0.00226700271773545, 0.009062599226132768, -0.006302686168104508], [0.0027643769777452153, -0.006302686168104508, 0.014377350305494538]], "chi2_level": 0.997, "chi2_df": 3, "chi2_threshold": 13.931422665512084, "N_raw": 61, "N_roi": 61, "N_inlier": 61, "refit": true}
{"timestamp": "14:59:45.550143", "frame": 115, "mu": [-1.5053490446809434, 0.5080403676276597, 1.250932613061421], "Sigma": [[0.005869459475898791, 0.007338442391992063, 0.002048522464917808], [0.007338442391992063, 0.01040855178415398, 0.0023298275956991337], [0.002048522464917808, 0.002329827595699134, 0.02430189250075984]], "chi2_level": 0.997, "chi2_df": 3, "chi2_threshold": 13.931422665512084, "N_raw": 59, "N_roi": 59, "N_inlier": 58, "refit": true}
{"timestamp": "14:59:45.602665", "frame": 116, "mu": [-1.0154997875644503, 0.39778395157797064, 1.0369600736637545], "Sigma": [[1.2967021137939232, -0.021771659136937536, -0.001574499039280061], [-0.02177165913693753, 0.012867525949432173, 0.01044340893350005], [-0.0015744990392800567, 0.01044340893350005, 0.023810778983036206]], "chi2_level": 0.997, "chi2_df": 3, "chi2_threshold": 13.931422665512084, "N_raw": 38, "N_roi": 37, "N_inlier": 37, "refit": true}
