{"timestamp": "15:25:23.085627", "frame": 27, "mu": [2.32005767207014, 4.921194105813104, 0.8288090020736256], "Sigma": [[0.014616662622714337, -0.004553761028477975, -0.018387179544712605], [-0.004553761028477976, 0.0015981045747655769, 0.003987349037668004], [-0.018387179544712605, 0.0039873490376680035, 0.043364904491457995]], "chi2_level": 0.997, "chi2_df": 3, "chi2_threshold": 13.931422665512084, "N_raw": 26, "N_roi": 10, "N_inlier": 10, "refit": true}
{"timestamp": "15:25:23.306326", "frame": 31, "mu": [2.1081801536586853, 4.883027477274365, 0.9428254588250142], "Sigma": [[0.02307326041258531, -0.00878412104312814, 0.0038425865605031355], [-0.00878412104312814, 0.005102457883491549, -0.005007695318205511], [0.0038425865605031364, -0.00500769531820551, 0.014085977260017738]], "chi2_level": 0.997, "chi2_df": 3, "chi2_threshold": 13.931422665512084, "N_raw": 31, "N_roi": 30, "N_inlier": 30, "refit": true}
{"timestamp": "15:25:23.362249", "frame": 32, "mu": [2.1221818248893727, 4.82713597015725, 0.783650587774376], "Sigma": [[0.007720600116679975, -0.004783727486831542, -0.002310646090105447], [-0.004783727486831542, 0.004128192627405691, -0.00042891983931945513], [-0.0023106460901054465, -0.000428919839319455, 0.00837430787380762]], "chi2_level": 0.997, "chi2_df": 3, "chi2_threshold": 13.931422665512084, "N_raw": 17, "N_roi": 13, "N_inlier": 13, "refit": true}
{"timestamp": "15:25:23.473928", "frame": 34, "mu": [2.0052532784683104, 4.770806730705676, 0.6257243384022746], "Sigma": [[0.018030492276245903, -0.010555213255286723, -0.0011902002739054636], [-0.010555213255286721, 0.008534901889282536, -0.002786325329845415], [-0.0011902002739054636, -0.0027863253298454145, 0.013111598426733437]], "chi2_level": 0.997, "chi2_df": 3, "chi2_threshold": 13.931422665512084, "N_raw": 36, "N_roi": 32, "N_inlier": 32, "refit": true}
{"timestamp": "15:25:23.527974", "frame": 35, "mu": [2.0021621470932747, 4.708320947984299, 0.6649647117519816], "Sigma": [[0.015886359911904895, -0.007595348076852899, -0.00246734588495896], [-0.007595348076852899, 0.004920527072371452, -0.002345811626196806], [-0.0024673458849589604, -0.002345811626196806, 0.01597538190766885]], "chi2_level": 0.997, "chi2_df": 3, "chi2_threshold": 13.931422665512084, "N_raw": 30, "N_roi": 27, "N_inlier": 27, "refit": true}
{"timestamp": "15:25:23.585644", "frame": 36, "mu": [1.9070530546659283, 4.673090332946551, 0.4670966419162931], "Sigma": [[0.030791296479873775, -0.012892215647081543, -0.0064784621338642365], [-0.012892215647081541, 0.007193569701230714, -0.00044400901205836796], [-0.0064784621338642365, -0.00044400901205836774, 0.02155830868240715]], "chi2_level": 0.997, "chi2_df": 3, "chi2_threshold": 13.931422665512084, "N_raw": 46, "N_roi": 46, "N_inlier": 45, "refit": true}
{"timestamp": "15:25:23.637786", "frame": 37, "mu": [1.8805361665710665, 4.625829431065799, 0.7141319199873815], "Sigma": [[0.009229341497716653, -0.004564358833939891, -0.003647367546793229], [-0.004564358833939891, 0.003488295650180784, -0.0010675244482657022], [-0.003647367546793229, -0.0010675244482657022, 0.012510452243024073]], "chi2_level": 0.997, "chi2_df": 3, "chi2_threshold": 13.931422665512084, "N_raw": 22, "N_roi": 19, "N_inlier": 18, "refit": true}
{"timestamp": "15:25:23.690937", "frame": 38, "mu": [1.983676197368617, 4.532415354452796, 0.6337087057082021], "Sigma": [[0.01054182609304493, -0.007276168221385939, -9.922821273467496e-05], [-0.0072761682213859395, 0.006985615544715663, -0.002854583087874005], [-9.922821273467518e-05, -0.002854583087874005, 0.011692628184943632]], "chi2_level": 0.997, "chi2_df": 3, "chi2_threshold": 13.931422665512084, "N_raw": 14, "N_roi": 13, "N_inlier": 13, "refit": true}
{"timestamp": "15:25:23.747028", "frame": 39, "mu": [1.8263834986112035, 4.570501815191061, 0.7457229655909131], "Sigma": [[0.01745879508736346, -0.007261549922815837, -0.009569868849913506], [-0.007261549922815837, 0.004245993738977644, 0.0022698096673643485], [-0.009569868849913506, 0.002269809667364348, 0.0117289147958899]], "chi2_level": 0.997, "chi2_df": 3, "chi2_threshold": 13.931422665512084, "N_raw": 22, "N_roi": 22, "N_inlier": 21, "refit": true}
{"timestamp": "15:25:23.805992", "frame": 40, "mu": [1.7548884674281295, 4.624423442069115, -0.698393133534861], "Sigma": [[0.032581269649529204, -0.0005812758638509538, 0.07120918286767], [-0.0005812758638509541, 0.005382502137393485, 0.005896504760953771], [0.07120918286767, 0.005896504760953771, 0.28350258794552646]], "chi2_level": 0.997, "chi2_df": 3, "chi2_threshold": 13.931422665512084, "N_raw": 50, "N_roi": 50, "N_inlier": 50, "refit": true}
{"timestamp": "15:25:23.860051", "frame": 41, "mu": [1.7259616607543133, 4.50982916083324, 0.7596215460464526], "Sigma": [[0.03030137894669116, -0.01508094014864316, -0.017858287425821122], [-0.015080940148643158, 0.008817347015978945, 0.005920109199084928], [-0.017858287425821122, 0.005920109199084928, 0.023889709444605563]], "chi2_level": 0.997, "chi2_df": 3, "chi2_threshold": 13.931422665512084, "N_raw": 39, "N_roi": 37, "N_inlier": 37, "refit": true}
{"timestamp": "15:25:23.968834", "frame": 43, "mu": [1.6147153078326157, 4.439806550279876, 0.7246028777921429], "Sigma": [[0.023756643030708777, -0.007717683106452091, -0.01433905403681841], [-0.007717683106452091, 0.004013693948951868, 0.001573533241721664], [-0.01433905403681841, 0.0015735332417216642, 0.02366006333073918]], "chi2_level": 0.997, "chi2_df": 3, "chi2_threshold": 13.931422665512084, "N_raw": 35, "N_roi": 32, "N_inlier": 32, "refit": true}
{"timestamp": "15:25:24.023970", "frame": 44, "mu": [1.6839915823614484, 4.299868491276026, 0.44859671121712036], "Sigma": [[0.028301099599969647, -0.013122156003402746, -0.008921727629678931], [-0.013122156003402746, 0.008912131676480743, 0.0034079226466957446], [-0.008921727629678931, 0.0034079226466957446, 0.004854188276511241]], "chi2_level": 0.997, "chi2_df": 3, "chi2_threshold": 13.931422665512084, "N_raw": 37, "N_roi": 37, "N_inlier": 36, "refit": true}
{"timestamp": "15:25:24.080071", "frame": 45, "mu": [1.6353159987776427, 4.4977517373480405, -0.4017621372374042], "Sigma": [[0.03196559643195668, -0.010386386603208847, -0.00610715481184659], [-0.010386386603208847, 0.006398550938742565, -5.903648312964333e-05], [-0.00610715481184659, -5.903648312964333e-05, 0.005187725630266156]], "chi2_level": 0.997, "chi2_df": 3, "chi2_threshold": 13.931422665512084, "N_raw": 40, "N_roi": 40, "N_inlier": 39, "refit": true}
{"timestamp": "15:25:24.136270", "frame": 46, "mu": [1.5329993029799456, 4.289881462928845, 0.5830315756833394], "Sigma": [[0.02759409206506963, -0.014231547380746508, -0.016496498938765376], [-0.014231547380746508, 0.009771091000952638, 0.004859151909123494], [-0.016496498938765376, 0.004859151909123493, 0.032575218147704144]], "chi2_level": 0.997, "chi2_df": 3, "chi2_threshold": 13.931422665512084, "N_raw": 48, "N_roi": 48, "N_inlier": 48, "refit": true}
{"timestamp": "15:25:24.188120", "frame": 47, "mu": [1.500687884353746, 4.2106287485056635, 0.6396212088129987], "Sigma": [[0.015527372749498973, -0.008568489187518043, -0.011742255633106616], [-0.008568489187518043, 0.006466254107159379, 0.003938127808593366], [-0.011742255633106616, 0.003938127808593366, 0.018111050277390534]], "chi2_level": 0.997, "chi2_df": 3, "chi2_threshold": 13.931422665512084, "N_raw": 27, "N_roi": 27, "N_inlier": 27, "refit": true}
{"timestamp": "15:25:24.246939", "frame": 48, "mu": [1.4676538540925885, 4.180469850379308, 0.6869063150384446], "Sigma": [[0.023263135182712797, -0.01184092575660005, -0.010310003096881725], [-0.011840925756600049, 0.009525927154819184, -0.002337933293587486], [-0.010310003096881725, -0.002337933293587486, 0.02548473038379915]], "chi2_level": 0.997, "chi2_df": 3, "chi2_threshold": 13.931422665512084, "N_raw": 54, "N_roi": 54, "N_inlier": 54, "refit": true}
{"timestamp": "15:25:24.299562", "frame": 49, "mu": [1.3377271944855533, 4.216133836918978, 0.8316588756946144], "Sigma": [[0.011438658266466827, -0.005551642260083676, -0.00421958437384756], [-0.005551642260083676, 0.006013493596062626, -0.004169590993622531], [-0.00421958437384756, -0.004169590993622531, 0.015961286878741335]], "chi2_level": 0.997, "chi2_df": 3, "chi2_threshold": 13.931422665512084, "N_raw": 32, "N_roi": 32, "N_inlier": 32, "refit": true}
{"timestamp": "15:25:24.351777", "frame": 50, "mu": [1.3531688094082381, 4.1896286989980895, 0.5753499529702698], "Sigma": [[0.01674241944331125, -0.010306804734579459, -0.006354360948453144], [-0.010306804734579459, 0.00888733091595906, 0.0011056074995825784], [-0.006354360948453144, 0.0011056074995825786, 0.009558462847886615]], "chi2_level": 0.997, "chi2_df": 3, "chi2_threshold": 13.931422665512084, "N_raw": 23, "N_roi": 23, "N_inlier": 22, "refit": true}
{"timestamp": "15:25:24.406670", "frame": 51, "mu": [1.308802044272326, 4.13136118131664, 0.5794777698251405], "Sigma": [[0.015121707938676983, -0.01274632761376042, -0.004434294105224151], [-0.012746327613760416, 0.014566468462252605, 0.0038868362938357715], [-0.004434294105224151, 0.0038868362938357715, 0.0023894688221120118]], "chi2_level": 0.997, "chi2_df": 3, "chi2_threshold": 13.931422665512084, "N_raw": 20, "N_roi": 19, "N_inlier": 19, "refit": true}
{"timestamp": "15:25:24.519679", "frame": 53, "mu": [1.2338830190155843, 4.001353478862198, 0.6536681485027208], "Sigma": [[0.020632093851272477, -0.011352029966622441, 0.007565378259802691], [-0.011352029966622438, 0.009480723850199154, -0.006097163977566766], [0.007565378259802691, -0.006097163977566766, 0.025230870541917416]], "chi2_level": 0.997, "chi2_df": 3, "chi2_threshold": 13.931422665512084, "N_raw": 44, "N_roi": 44, "N_inlier": 44, "refit": true}
{"timestamp": "15:25:24.628042", "frame": 55, "mu": [1.032810834119783, 3.9108021804188406, 0.23849530035806005], "Sigma": [[0.021162529584249468, -0.005629696614158793, 0.00545432749246493], [-0.005629696614158793, 0.0032630049347833947, -0.0008756362353336964], [0.00545432749246493, -0.0008756362353336965, 0.02118967753034193]], "chi2_level": 0.997, "chi2_df": 3, "chi2_threshold": 13.931422665512084, "N_raw": 36, "N_roi": 36, "N_inlier": 34, "refit": true}
{"timestamp": "15:25:24.685773", "frame": 56, "mu": [1.1443036404283995, 4.033342281784569, -0.18048793429176202], "Sigma": [[0.02145361875312443, -0.00818842796601826, 0.0018744033873250231], [-0.00818842796601826, 0.007308239071029579, -0.01145541148941685], [0.0018744033873250234, -0.011455411489416848, 0.030799444259625143]], "chi2_level": 0.997, "chi2_df": 3, "chi2_threshold": 13.931422665512084, "N_raw": 48, "N_roi": 48, "N_inlier": 47, "refit": true}
{"timestamp": "15:25:24.742096", "frame": 57, "mu": [1.0744825994929672, 3.8105010459187367, 0.6098912277369475], "Sigma": [[0.024954694087311526, -0.008551832057738027, 0.000491557164144835], [-0.008551832057738027, 0.00416538663195333, -0.0038165262108134763], [0.0004915571641448352, -0.0038165262108134763, 0.02366848149752488]], "chi2_level": 0.997, "chi2_df": 3, "chi2_threshold": 13.931422665512084, "N_raw": 54, "N_roi": 54, "N_inlier": 54, "refit": true}
{"timestamp": "15:25:24.797189", "frame": 58, "mu": [0.9800502918039924, 3.820141780939211, 0.6592006418690844], "Sigma": [[0.018045557270965115, -0.006630008141391705, 0.005834611863890859], [-0.006630008141391705, 0.004217333962905882, -0.007185496063076667], [0.005834611863890858, -0.007185496063076667, 0.025771022251118162]], "chi2_level": 0.997, "chi2_df": 3, "chi2_threshold": 13.931422665512084, "N_raw": 53, "N_roi": 53, "N_inlier": 53, "refit": true}
{"timestamp": "15:25:24.850523", "frame": 59, "mu": [0.9110068161381006, 4.0163587941916665, -0.32657322559284685], "Sigma": [[0.016323695037082572, -0.006956453945351914, 2.662619332031795e-05], [-0.0069564539453519135, 0.007116243138632302, -0.005087842990018193], [2.6626193320317842e-05, -0.005087842990018193, 0.007769677950634459]], "chi2_level": 0.997, "chi2_df": 3, "chi2_threshold": 13.931422665512084, "N_raw": 46, "N_roi": 42, "N_inlier": 42, "refit": true}
{"timestamp": "15:25:24.902028", "frame": 60, "mu": [0.9726529683763585, 3.6690745099868263, 0.7598104185186169], "Sigma": [[0.010226621660384889, -0.002737479048447637, -0.0030434793610495405], [-0.002737479048447637, 0.0008679340424538859, -0.0005593839386758222], [-0.003043479361049541, -0.0005593839386758222, 0.02145508245700243]], "chi2_level": 0.997, "chi2_df": 3, "chi2_threshold": 13.931422665512084, "N_raw": 24, "N_roi": 24, "N_inlier": 23, "refit": true}
{"timestamp": "15:25:24.961358", "frame": 61, "mu": [0.8593950463705241, 3.6631215457616086, 0.8179163210397983], "Sigma": [[0.021219247834787784, -0.008105144350923594, -0.019247662250681818], [-0.008105144350923594, 0.004071643976955533, 0.0038788632407404313], [-0.019247662250681814, 0.0038788632407404313, 0.04060112881073775]], "chi2_level": 0.997, "chi2_df": 3, "chi2_threshold": 13.931422665512084, "N_raw": 52, "N_roi": 52, "N_inlier": 52, "refit": true}
{"timestamp": "15:25:25.017240", "frame": 62, "mu": [0.8118834338796208, 3.6916325450484884, 0.6586666568812162], "Sigma": [[0.01837031884668703, -0.007818386358807623, -6.942691965487808e-05], [-0.007818386358807623, 0.00754996754826479, -0.0025409582825834144], [-6.942691965487808e-05, -0.0025409582825834144, 0.008194290467365525]], "chi2_level": 0.997, "chi2_df": 3, "chi2_threshold": 13.931422665512084, "N_raw": 51, "N_roi": 51, "N_inlier": 49, "refit": true}
{"timestamp": "15:25:25.073983", "frame": 63, "mu": [0.7530587604013307, 3.8292235924281797, -0.1976059655151622], "Sigma": [[0.020586296989899194, -0.002906230290723186, -0.0025928640590422544], [-0.002906230290723185, 0.00788957663708443, -0.006178860115536014], [-0.002592864059042255, -0.006178860115536014, 0.008680043266112636]], "chi2_level": 0.997, "chi2_df": 3, "chi2_threshold": 13.931422665512084, "N_raw": 68, "N_roi": 65, "N_inlier": 65, "refit": true}
{"timestamp": "15:25:25.126196", "frame": 64, "mu": [0.6554481874512664, 3.56848147358092, 0.6408379288039366], "Sigma": [[0.016056046173834375, -0.005910372377766494, -0.007809751786634803], [-0.005910372377766494, 0.004383868487982947, -0.0005011625934828804], [-0.007809751786634804, -0.0005011625934828804, 0.0118734802542973]], "chi2_level": 0.997, "chi2_df": 3, "chi2_threshold": 13.931422665512084, "N_raw": 49, "N_roi": 46, "N_inlier": 46, "refit": true}
{"timestamp": "15:25:25.179339", "frame": 65, "mu": [0.677019242572162, 3.5259518626894373, 0.5796778814358265], "Sigma": [[0.00953538852356778, -0.002365237197711265, -0.002465550620698011], [-0.0023652371977112654, 0.003490559472728181, -0.0034382310630750625], [-0.002465550620698011, -0.0034382310630750625, 0.03582420192901316]], "chi2_level": 0.997, "chi2_df": 3, "chi2_threshold": 13.931422665512084, "N_raw": 31, "N_roi": 31, "N_inlier": 29, "refit": true}
{"timestamp": "15:25:25.238727", "frame": 66, "mu": [0.6713431522519856, 3.6957031668309215, -0.5867200443630266], "Sigma": [[0.029445217500056107, -0.013263057151220049, -0.009270898516217364], [-0.013263057151220047, 0.010126151098717411, 0.005118803818474802], [-0.009270898516217364, 0.005118803818474802, 0.007151356017413562]], "chi2_level": 0.997, "chi2_df": 3, "chi2_threshold": 13.931422665512084, "N_raw": 60, "N_roi": 57, "N_inlier": 53, "refit": true}
{"timestamp": "15:25:25.297218", "frame": 67, "mu": [0.5359537202352165, 3.4658801797195125, 0.8927448090867619], "Sigma": [[0.02392765335714481, -0.009508693078284447, 0.012027238631701593], [-0.009508693078284447, 0.005048482001016346, -0.009010667080200149], [0.012027238631701593, -0.009010667080200149, 0.05766366576660862]], "chi2_level": 0.997, "chi2_df": 3, "chi2_threshold": 13.931422665512084, "N_raw": 78, "N_roi": 73, "N_inlier": 71, "refit": true}
{"timestamp": "15:25:25.346964", "frame": 68, "mu": [0.5306181036205386, 3.4098468559243433, 0.8296286980781039], "Sigma": [[0.01644632176551456, -0.010749324720929133, -0.007445862231803865], [-0.010749324720929133, 0.011360657779440408, 0.0011010144357703837], [-0.007445862231803865, 0.0011010144357703837, 0.02426509308376786]], "chi2_level": 0.997, "chi2_df": 3, "chi2_threshold": 13.931422665512084, "N_raw": 51, "N_roi": 51, "N_inlier": 51, "refit": true}
{"timestamp": "15:25:25.401107", "frame": 69, "mu": [0.5406094454789923, 3.5295388596264337, -0.4318693927008395], "Sigma": [[0.016259532780625335, -0.005257194184878381, -0.012260854204971524], [-0.0052571941848783815, 0.005367117001908744, 0.005705333737338303], [-0.012260854204971526, 0.005705333737338303, 0.011137796028859427]], "chi2_level": 0.997, "chi2_df": 3, "chi2_threshold": 13.931422665512084, "N_raw": 44, "N_roi": 42, "N_inlier": 40, "refit": true}
{"timestamp": "15:25:25.455789", "frame": 70, "mu": [0.41010874810097997, 3.522357960896634, -0.22997610031114188], "Sigma": [[0.022565863625529932, -0.01398019412203208, -0.00769749397071281], [-0.01398019412203208, 0.017356785580245906, -0.006648790569096726], [-0.00769749397071281, -0.006648790569096726, 0.02014438675438946]], "chi2_level": 0.997, "chi2_df": 3, "chi2_threshold": 13.931422665512084, "N_raw": 51, "N_roi": 51, "N_inlier": 50, "refit": true}
{"timestamp": "15:25:25.517171", "frame": 71, "mu": [0.4461575607318253, 3.2495345236999613, 0.8138503257004885], "Sigma": [[0.01967984001324001, -0.012036154647292394, -0.008293798685671424], [-0.012036154647292394, 0.010803963062922086, -0.0005028734896989815], [-0.008293798685671422, -0.0005028734896989814, 0.03568006656016902]], "chi2_level": 0.997, "chi2_df": 3, "chi2_threshold": 13.931422665512084, "N_raw": 78, "N_roi": 78, "N_inlier": 76, "refit": true}
{"timestamp": "15:25:25.573478", "frame": 72, "mu": [0.3503009486356494, 3.219294189452219, 0.7907122384566685], "Sigma": [[0.026990538649295293, -0.020242773281718272, -0.009515639199899036], [-0.02024277328171827, 0.01930882510256413, 0.002601268735947994], [-0.009515639199899036, 0.002601268735947994, 0.027947885355521486]], "chi2_level": 0.997, "chi2_df": 3, "chi2_threshold": 13.931422665512084, "N_raw": 95, "N_roi": 93, "N_inlier": 90, "refit": true}
{"timestamp": "15:25:25.628770", "frame": 73, "mu": [0.3013004880060254, 3.2692431608323838, -0.4036344979735943], "Sigma": [[0.028205239499407977, -0.00977710818280331, 0.1198417371709885], [-0.00977710818280331, 0.027211182774984452, -0.06528209660899514], [0.1198417371709885, -0.06528209660899514, 0.6561459289092978]], "chi2_level": 0.997, "chi2_df": 3, "chi2_threshold": 13.931422665512084, "N_raw": 93, "N_roi": 86, "N_inlier": 86, "refit": true}
{"timestamp": "15:25:25.680034", "frame": 74, "mu": [0.2759232404277857, 3.115370347056134, 0.7252281467732615], "Sigma": [[0.01840977671599131, -0.006009928881159319, 0.015490692305104439], [-0.006009928881159319, 0.004379573068618546, -0.008012676310671535], [0.015490692305104437, -0.008012676310671535, 0.0638342826167138]], "chi2_level": 0.997, "chi2_df": 3, "chi2_threshold": 13.931422665512084, "N_raw": 67, "N_roi": 66, "N_inlier": 63, "refit": true}
{"timestamp": "15:25:25.736257", "frame": 75, "mu": [0.22025500732279474, 3.091600203781226, -1.0638896384830292], "Sigma": [[0.02300796327843436, -0.005191924727055888, 0.07841187203002048], [-0.005191924727055888, 0.00896197784433031, -0.030983232736710498], [0.07841187203002048, -0.030983232736710498, 0.5801554945942845]], "chi2_level": 0.997, "chi2_df": 3, "chi2_threshold": 13.931422665512084, "N_raw": 79, "N_roi": 75, "N_inlier": 74, "refit": true}
{"timestamp": "15:25:25.790933", "frame": 76, "mu": [0.22072206714082185, 3.11796968534872, -0.7324624997594219], "Sigma": [[0.01492055636153473, 0.004431830853882551, 0.04139671856180213], [0.004431830853882551, 0.010214267953371412, 0.019985877432565212], [0.04139671856180214, 0.019985877432565212, 0.17466945459775587]], "chi2_level": 0.997, "chi2_df": 3, "chi2_threshold": 13.931422665512084, "N_raw": 79, "N_roi": 75, "N_inlier": 73, "refit": true}
{"timestamp": "15:25:25.846924", "frame": 77, "mu": [0.1949825890261054, 3.1401105987883375, -0.28412636581778866], "Sigma": [[0.01816404918828729, -0.005124354613602719, 0.011634815501981456], [-0.00512435461360272, 0.007639610908489716, -0.012700523035507044], [0.011634815501981456, -0.012700523035507044, 0.030783601628380397]], "chi2_level": 0.997, "chi2_df": 3, "chi2_threshold": 13.931422665512084, "N_raw": 82, "N_roi": 80, "N_inlier": 77, "refit": true}
{"timestamp": "15:25:25.899854", "frame": 78, "mu": [0.14070318155241726, 3.0494307651388106, -0.2220405368496732], "Sigma": [[0.01676940705793223, -0.00044745267978096696, -0.002179525365597047], [-0.00044745267978096696, 0.00471621051717759, -0.002857398709714724], [-0.0021795253655970464, -0.002857398709714724, 0.004467829226824595]], "chi2_level": 0.997, "chi2_df": 3, "chi2_threshold": 13.931422665512084, "N_raw": 66, "N_roi": 65, "N_inlier": 61, "refit": true}
{"timestamp": "15:25:25.957207", "frame": 79, "mu": [0.023240641606898392, 2.8742615214477967, 0.9131893910909871], "Sigma": [[0.016058023653312485, -0.0040367039072294825, 0.0009716451855347537], [-0.0040367039072294825, 0.007513669202040835, -0.003556277751920649], [0.0009716451855347539, -0.003556277751920649, 0.00745194907548941]], "chi2_level": 0.997, "chi2_df": 3, "chi2_threshold": 13.931422665512084, "N_raw": 85, "N_roi": 80, "N_inlier": 79, "refit": true}
{"timestamp": "15:25:26.007396", "frame": 80, "mu": [0.03712897188520799, 2.989627276245546, -0.23093537034388728], "Sigma": [[0.010206011187731122, -0.0014220427543074582, -0.0030657315508264868], [-0.0014220427543074584, 0.004292341763241321, -0.003766815426391425], [-0.0030657315508264868, -0.0037668154263914254, 0.0063132130789826475]], "chi2_level": 0.997, "chi2_df": 3, "chi2_threshold": 13.931422665512084, "N_raw": 50, "N_roi": 50, "N_inlier": 46, "refit": true}
{"timestamp": "15:25:26.060676", "frame": 81, "mu": [-0.00452692376702528, 2.9954244239904284, -0.3899114245437769], "Sigma": [[0.006652321406837097, -0.0002136322616792507, -0.00021898036023057445], [-0.00021363226167925092, 0.011994776020132615, -0.03759103681464625], [-0.00021898036023057423, -0.03759103681464625, 0.12940345249780788]], "chi2_level": 0.997, "chi2_df": 3, "chi2_threshold": 13.931422665512084, "N_raw": 45, "N_roi": 45, "N_inlier": 44, "refit": true}
{"timestamp": "15:25:26.116063", "frame": 82, "mu": [-0.009145591560619951, 2.9531842688432595, -0.4119824617807116], "Sigma": [[0.011941670700661022, -0.0025751285207960776, -0.007558840248043814], [-0.0025751285207960776, 0.006646540385731208, -0.01632014296614689], [-0.007558840248043814, -0.01632014296614689, 0.07387373665139349]], "chi2_level": 0.997, "chi2_df": 3, "chi2_threshold": 13.931422665512084, "N_raw": 47, "N_roi": 47, "N_inlier": 44, "refit": true}
{"timestamp": "15:25:26.174091", "frame": 83, "mu": [-0.11535047826022743, 2.7066564356887306, 0.6028074478325451], "Sigma": [[0.014819616946333313, -0.0030858409026838602, 0.00569777689471871], [-0.0030858409026838602, 0.004990432336796412, -0.022314927190303556], [0.005697776894718709, -0.022314927190303556, 0.13741527935533046]], "chi2_level": 0.997, "chi2_df": 3, "chi2_threshold": 13.931422665512084, "N_raw": 64, "N_roi": 64, "N_inlier": 62, "refit": true}
{"timestamp": "15:25:26.232095", "frame": 84, "mu": [-0.12293313466167015, 2.6274578679331193, 0.7313378275309947], "Sigma": [[0.015081933223594678, -0.003334672222994538, -0.003274429075297903], [-0.003334672222994538, 0.002314970894564881, -0.006525014052386222], [-0.003274429075297902, -0.006525014052386223, 0.1824410438334149]], "chi2_level": 0.997, "chi2_df": 3, "chi2_threshold": 13.931422665512084, "N_raw": 97, "N_roi": 97, "N_inlier": 96, "refit": true}
{"timestamp": "15:25:26.278586", "frame": 85, "mu": [-0.2519634810527692, 2.6245487298215506, 0.6606122262853888], "Sigma": [[0.022663885050174783, -0.0031332680665445774, -0.017219791234221123], [-0.0031332680665445774, 0.005039853677816492, -0.014109933660984682], [-0.01721979123422112, -0.01410993366098468, 0.1623403247870451]], "chi2_level": 0.997, "chi2_df": 3, "chi2_threshold": 13.931422665512084, "N_raw": 17, "N_roi": 17, "N_inlier": 17, "refit": true}
{"timestamp": "15:25:26.336932", "frame": 86, "mu": [-0.35657666585146663, 2.810505421327174, -0.5952025794676925], "Sigma": [[0.016420428677617185, -0.004912927130750976, 0.0011284315259739962], [-0.004912927130750976, 0.01007532669877628, -0.021983246238207504], [0.001128431525973996, -0.021983246238207507, 0.057750445439733705]], "chi2_level": 0.997, "chi2_df": 3, "chi2_threshold": 13.931422665512084, "N_raw": 54, "N_roi": 52, "N_inlier": 51, "refit": true}
{"timestamp": "15:25:26.392771", "frame": 87, "mu": [-0.3344608351817233, 2.5152329889296365, -1.1767219555986708], "Sigma": [[0.009955518772609024, -0.0046740240469760564, -0.006412191185060315], [-0.004674024046976056, 0.0031267449772153033, -0.0018890200593649313], [-0.0064121911850603145, -0.0018890200593649317, 0.05102635083300626]], "chi2_level": 0.997, "chi2_df": 3, "chi2_threshold": 13.931422665512084, "N_raw": 64, "N_roi": 64, "N_inlier": 60, "refit": true}
{"timestamp": "15:25:26.442223", "frame": 88, "mu": [-0.330738542952467, 2.4377595043851317, 0.6220539437282377], "Sigma": [[0.008059693588278741, -0.004958174526507404, 0.004238000377555321], [-0.004958174526507404, 0.016643538987882716, -0.04076025229006022], [0.004238000377555321, -0.04076025229006022, 0.11336864053320558]], "chi2_level": 0.997, "chi2_df": 3, "chi2_threshold": 13.931422665512084, "N_raw": 18, "N_roi": 15, "N_inlier": 15, "refit": true}
{"timestamp": "15:25:26.503833", "frame": 89, "mu": [-0.3449638865974318, 2.550271676515799, -0.4982166994135964], "Sigma": [[0.009926244374802625, 0.0016816004417410484, -0.010384221595756027], [0.0016816004417410486, 0.006770231850193483, -0.016191309650850395], [-0.010384221595756027, -0.016191309650850395, 0.04803155752090295]], "chi2_level": 0.997, "chi2_df": 3, "chi2_threshold": 13.931422665512084, "N_raw": 66, "N_roi": 66, "N_inlier": 62, "refit": true}
{"timestamp": "15:25:26.559477", "frame": 90, "mu": [-0.4087639051008244, 2.464059625750137, -0.2724870765827859], "Sigma": [[0.009743959888467811, 0.0039042681797772398, -0.016349294867575758], [0.0039042681797772406, 0.006880317189461401, -0.01584941462659208], [-0.016349294867575758, -0.015849414626592083, 0.04819826325545215]], "chi2_level": 0.997, "chi2_df": 3, "chi2_threshold": 13.931422665512084, "N_raw": 68, "N_roi": 65, "N_inlier": 61, "refit": true}
{"timestamp": "15:25:26.620498", "frame": 91, "mu": [-0.5265075207732575, 2.453899534479132, -0.3710538799454258], "Sigma": [[0.017625492437217817, -0.004897403875108094, 0.0031192880099451107], [-0.0048974038751080935, 0.015814151413381963, -0.03825731269341423], [0.003119288009945111, -0.03825731269341423, 0.11059578567081797]], "chi2_level": 0.997, "chi2_df": 3, "chi2_threshold": 13.931422665512084, "N_raw": 109, "N_roi": 109, "N_inlier": 107, "refit": true}
{"timestamp": "15:25:26.673424", "frame": 92, "mu": [-0.5472004706222366, 2.3740998740920842, -0.3341914460793865], "Sigma": [[0.009912235606113639, 0.0033554713507200546, -0.013383057411135631], [0.003355471350720054, 0.024013229321651845, -0.07404319440214065], [-0.013383057411135631, -0.07404319440214065, 0.26432996833158606]], "chi2_level": 0.997, "chi2_df": 3, "chi2_threshold": 13.931422665512084, "N_raw": 90, "N_roi": 88, "N_inlier": 87, "refit": true}
{"timestamp": "15:25:26.729406", "frame": 93, "mu": [-0.5559173048078871, 2.282309984940866, -0.39896754217985014], "Sigma": [[0.019264472547970715, -0.0012896741088551456, -0.0357342267157901], [-0.0012896741088551456, 0.009009386425165135, -0.012152307360525333], [-0.03573422671579011, -0.012152307360525333, 0.1261359553934502]], "chi2_level": 0.997, "chi2_df": 3, "chi2_threshold": 13.931422665512084, "N_raw": 92, "N_roi": 90, "N_inlier": 88, "refit": true}
{"timestamp": "15:25:26.780110", "frame": 94, "mu": [-0.5574044103950269, 2.119985126839829, -0.9375798766074545], "Sigma": [[0.009986877839052158, 0.002771731437020153, 0.0016085837374585725], [0.0027717314370201535, 0.012573099563839644, -0.0012326064434381083], [0.0016085837374585727, -0.0012326064434381079, 0.06636663896489017]], "chi2_level": 0.997, "chi2_df": 3, "chi2_threshold": 13.931422665512084, "N_raw": 67, "N_roi": 66, "N_inlier": 64, "refit": true}
{"timestamp": "15:25:26.833779", "frame": 95, "mu": [-0.611035229505567, 1.9633428348373454, -1.0257099112764674], "Sigma": [[0.009096587521633353, 0.01027498584774396, 0.020444355928377685], [0.01027498584774396, 0.024312064964486513, 0.02763867744771721], [0.020444355928377685, 0.02763867744771721, 0.0664840634921027]], "chi2_level": 0.997, "chi2_df": 3, "chi2_threshold": 13.931422665512084, "N_raw": 62, "N_roi": 61, "N_inlier": 57, "refit": true}
{"timestamp": "15:25:26.890086", "frame": 96, "mu": [-0.6707359444253054, 1.9890782130069227, -0.9405872277465538], "Sigma": [[0.009174244202264672, 0.011287408672674061, -0.008078550878017123], [0.011287408672674061, 0.040780357776280536, -0.00972718312186072], [-0.008078550878017123, -0.009727183121860725, 0.0933196346552409]], "chi2_level": 0.997, "chi2_df": 3, "chi2_threshold": 13.931422665512084, "N_raw": 65, "N_roi": 63, "N_inlier": 61, "refit": true}
{"timestamp": "15:25:26.941798", "frame": 97, "mu": [-0.7749619755701126, 1.9521271174939543, 1.3021504696759787], "Sigma": [[0.010172782987713605, -0.001317702255556808, -0.0105078220168167], [-0.0013177022555568077, 0.002827109345784024, 0.0004941078973516778], [-0.0105078220168167, 0.0004941078973516777, 0.017157615329165404]], "chi2_level": 0.997, "chi2_df": 3, "chi2_threshold": 13.931422665512084, "N_raw": 52, "N_roi": 52, "N_inlier": 47, "refit": true}
{"timestamp": "15:25:27.000033", "frame": 98, "mu": [-0.8324679614695726, 1.9253856460866268, 1.2755882070235725], "Sigma": [[0.008594172220130083, 0.0010549655626734674, -0.008666194061001723], [0.0010549655626734674, 0.005015325725877665, -0.007061199340756791], [-0.008666194061001723, -0.0070611993407567915, 0.02074950628291842]], "chi2_level": 0.997, "chi2_df": 3, "chi2_threshold": 13.931422665512084, "N_raw": 77, "N_roi": 77, "N_inlier": 74, "refit": true}
{"timestamp": "15:25:27.055780", "frame": 99, "mu": [-0.904093897301232, 1.8669143473060226, 1.265669842096501], "Sigma": [[0.007181600831234476, 0.00042371273866276054, -0.00323825641935213], [0.0004237127386627605, 0.0026086097237732796, -0.005392427426614639], [-0.0032382564193521304, -0.005392427426614639, 0.048069448652569215]], "chi2_level": 0.997, "chi2_df": 3, "chi2_threshold": 13.931422665512084, "N_raw": 67, "N_roi": 67, "N_inlier": 65, "refit": true}
{"timestamp": "15:25:27.402926", "frame": 100, "mu": [-0.9184158369695233, 1.9254047128888496, -0.3327668959393632], "Sigma": [[0.00805510167068007, 0.004284369887552028, 0.009111635284165772], [0.004284369887552028, 0.012438629435040116, 0.010728811261563472], [0.009111635284165772, 0.010728811261563472, 0.029905148966665518]], "chi2_level": 0.997, "chi2_df": 3, "chi2_threshold": 13.931422665512084, "N_raw": 68, "N_roi": 68, "N_inlier": 65, "refit": true}
{"timestamp": "15:25:27.457224", "frame": 101, "mu": [-1.0264171265325044, 1.7564477086978687, 1.3221809583045856], "Sigma": [[0.0049549786739116605, 0.0003722439037297234, -0.003922158311273435], [0.0003722439037297234, 0.003038547476410306, -0.008974586972443101], [-0.003922158311273435, -0.008974586972443101, 0.04490032989414126]], "chi2_level": 0.997, "chi2_df": 3, "chi2_threshold": 13.931422665512084, "N_raw": 43, "N_roi": 43, "N_inlier": 40, "refit": true}
{"timestamp": "15:25:27.490320", "frame": 102, "mu": [-1.0384566830974797, 1.7624463388698157, 1.269291290589761], "Sigma": [[0.006531359176304268, 0.0012768008649054472, -0.005187543932120032], [0.0012768008649054472, 0.004875237201175559, -0.01045303230146629], [-0.005187543932120032, -0.010453032301466292, 0.04094279517100412]], "chi2_level": 0.997, "chi2_df": 3, "chi2_threshold": 13.931422665512084, "N_raw": 77, "N_roi": 77, "N_inlier": 74, "refit": true}
{"timestamp": "15:25:27.520871", "frame": 103, "mu": [-1.0865373588225746, 1.6530664005049198, 1.4087962170392498], "Sigma": [[0.003206433398951683, 0.0003512811406005643, -0.0026242839249864987], [0.00035128114060056434, 0.002257629402520346, -0.002128037223386018], [-0.0026242839249864987, -0.002128037223386018, 0.01841509981989165]], "chi2_level": 0.997, "chi2_df": 3, "chi2_threshold": 13.931422665512084, "N_raw": 23, "N_roi": 23, "N_inlier": 22, "refit": true}
{"timestamp": "15:25:27.551254", "frame": 104, "mu": [-1.065420381791983, 1.655112017550704, 0.6393149531678562], "Sigma": [[0.002398873956541664, 0.0025979404070271073, -0.025969356043624773], [0.0025979404070271073, 0.007929433233429511, -0.0403106743096354], [-0.02596935604362477, -0.0403106743096354, 0.4086390031906955]], "chi2_level": 0.997, "chi2_df": 3, "chi2_threshold": 13.931422665512084, "N_raw": 12, "N_roi": 12, "N_inlier": 12, "refit": true}
{"timestamp": "15:25:27.581439", "frame": 105, "mu": [-1.1630993767034217, 1.5601878342160078, 1.0845094356552434], "Sigma": [[0.013631555715558791, 0.004617535008900883, -0.0199246784638541], [0.0046175350089008825, 0.004636793832777832, -0.01636682150545344], [-0.0199246784638541, -0.01636682150545344, 0.20297971522461525]], "chi2_level": 0.997, "chi2_df": 3, "chi2_threshold": 13.931422665512084, "N_raw": 51, "N_roi": 51, "N_inlier": 48, "refit": true}
{"timestamp": "15:25:27.612929", "frame": 106, "mu": [-1.2588872519826613, 1.4604669687222904, 1.2926080050232076], "Sigma": [[0.0335539820906942, 0.023150703391361015, -0.04966510051627321], [0.023150703391361015, 0.02059180868686694, -0.04614979605981694], [-0.04966510051627321, -0.04614979605981694, 0.25234883105718237]], "chi2_level": 0.997, "chi2_df": 3, "chi2_threshold": 13.931422665512084, "N_raw": 40, "N_roi": 39, "N_inlier": 39, "refit": true}
{"timestamp": "15:25:27.646433", "frame": 107, "mu": [-1.2309055538610996, 1.422635108962472, 0.9537094818287833], "Sigma": [[0.004805564790973451, 0.0013041923137116053, 0.0014900846329056277], [0.0013041923137116051, 0.006121807666357812, -0.012045679191512039], [0.0014900846329056277, -0.012045679191512039, 0.032925740075134095]], "chi2_level": 0.997, "chi2_df": 3, "chi2_threshold": 13.931422665512084, "N_raw": 20, "N_roi": 20, "N_inlier": 18, "refit": true}
{"timestamp": "15:25:27.676862", "frame": 108, "mu": [-1.4456884183769498, 1.2708673046993375, 1.4757872449966825], "Sigma": [[0.020903207388341616, 0.018385111631977827, -0.02387106734169026], [0.018385111631977827, 0.019777594933328896, -0.021871997725563017], [-0.02387106734169026, -0.021871997725563017, 0.05075679358908773]], "chi2_level": 0.997, "chi2_df": 3, "chi2_threshold": 13.931422665512084, "N_raw": 36, "N_roi": 36, "N_inlier": 34, "refit": true}
{"timestamp": "15:25:27.707893", "frame": 109, "mu": [-1.5119235924017405, 1.2117034059996972, 1.4971079386987254], "Sigma": [[0.010882346020609895, 0.007084941536961407, -0.006243401489682674], [0.007084941536961408, 0.010341498787826241, -0.007325328311896692], [-0.006243401489682674, -0.007325328311896692, 0.010178387601935643]], "chi2_level": 0.997, "chi2_df": 3, "chi2_threshold": 13.931422665512084, "N_raw": 51, "N_roi": 51, "N_inlier": 49, "refit": true}
{"timestamp": "15:25:27.736118", "frame": 110, "mu": [-1.5595683257728266, 1.1566252518862932, 1.4933191309947325], "Sigma": [[0.01334276128755345, 0.006103477216077747, -0.0094380505358388], [0.006103477216077747, 0.007474134633296377, -0.007935808412433673], [-0.0094380505358388, -0.007935808412433673, 0.019127923252823316]], "chi2_level": 0.997, "chi2_df": 3, "chi2_threshold": 13.931422665512084, "N_raw": 54, "N_roi": 54, "N_inlier": 52, "refit": true}
{"timestamp": "15:25:27.771961", "frame": 111, "mu": [-1.489447701555093, 1.1227441724411917, 1.4864562781658446], "Sigma": [[0.008906333109651953, 0.005935315629422264, -0.00478679745985461], [0.0059353156294222635, 0.010153651920526264, -0.008310198001908683], [-0.00478679745985461, -0.008310198001908683, 0.0077612833211238045]], "chi2_level": 0.997, "chi2_df": 3, "chi2_threshold": 13.931422665512084, "N_raw": 60, "N_roi": 60, "N_inlier": 58, "refit": true}
{"timestamp": "15:25:27.800789", "frame": 112, "mu": [-1.492150935349998, 1.0593640370270365, 1.387991849818973], "Sigma": [[0.008361566423200475, 0.005644306614471031, -0.0060527559764030105], [0.005644306614471031, 0.007675538011599565, -0.009605536442038008], [-0.0060527559764030105, -0.009605536442038008, 0.019467549490170398]], "chi2_level": 0.997, "chi2_df": 3, "chi2_threshold": 13.931422665512084, "N_raw": 29, "N_roi": 29, "N_inlier": 28, "refit": true}
{"timestamp": "15:25:27.831948", "frame": 113, "mu": [-1.6436104631202955, 1.0438971943407374, 1.3817646064768405], "Sigma": [[0.004793171206576128, 0.004227851049102288, -0.0034888090208212708], [0.004227851049102287, 0.0047641865006549725, -0.004299680822925879], [-0.0034888090208212708, -0.004299680822925879, 0.004874262501419665]], "chi2_level": 0.997, "chi2_df": 3, "chi2_threshold": 13.931422665512084, "N_raw": 18, "N_roi": 18, "N_inlier": 17, "refit": true}
{"timestamp": "15:25:27.870403", "frame": 114, "mu": [-1.5696478331438228, 0.9686744973704422, 0.9828221016703139], "Sigma": [[0.010874026532374492, 0.008983535968562679, -0.007158447103341962], [0.008983535968562679, 0.010702909040589976, -0.008060735668842661], [-0.007158447103341962, -0.008060735668842661, 0.006561638451698384]], "chi2_level": 0.997, "chi2_df": 3, "chi2_threshold": 13.931422665512084, "N_raw": 12, "N_roi": 12, "N_inlier": 12, "refit": true}
{"timestamp": "15:25:27.931778", "frame": 115, "mu": [-1.6402514777413597, 0.9155404881607696, 1.2520092775049227], "Sigma": [[0.0050840375467793375, 0.005163031062846235, -0.0007902629048030299], [0.005163031062846235, 0.008091036755132128, -0.008367403487719206], [-0.0007902629048030298, -0.008367403487719206, 0.047511534593165636]], "chi2_level": 0.997, "chi2_df": 3, "chi2_threshold": 13.931422665512084, "N_raw": 55, "N_roi": 55, "N_inlier": 52, "refit": true}
{"timestamp": "15:25:27.982851", "frame": 116, "mu": [-1.6201173541138694, 1.027864609391734, -0.3462219038075563], "Sigma": [[0.0028628263026752717, 0.0010752439307173851, 0.0008786730790572786], [0.0010752439307173851, 0.002843914172679843, -0.0010049331811464485], [0.0008786730790572786, -0.0010049331811464485, 0.0034059265110065722]], "chi2_level": 0.997, "chi2_df": 3, "chi2_threshold": 13.931422665512084, "N_raw": 18, "N_roi": 18, "N_inlier": 18, "refit": true}
{"timestamp": "15:25:28.041779", "frame": 117, "mu": [-1.6845653108212577, 0.8009196133763004, 1.2449096414235334], "Sigma": [[0.0060998116465722394, 0.004540014057006665, -0.000993631513958621], [0.004540014057006665, 0.007894750885415433, -0.006361348108044108], [-0.000993631513958621, -0.006361348108044108, 0.022883056496569628]], "chi2_level": 0.997, "chi2_df": 3, "chi2_threshold": 13.931422665512084, "N_raw": 55, "N_roi": 55, "N_inlier": 55, "refit": true}
{"timestamp": "15:25:28.096290", "frame": 118, "mu": [-1.7319026273956164, 0.7333576301558169, 1.0713912239446142], "Sigma": [[0.009995342391747394, 0.008677969476312768, 0.001158140077919101], [0.008677969476312768, 0.010642247281002224, -0.0023617437016270632], [0.0011581400779191015, -0.002361743701627063, 0.008961840679679126]], "chi2_level": 0.997, "chi2_df": 3, "chi2_threshold": 13.931422665512084, "N_raw": 57, "N_roi": 57, "N_inlier": 55, "refit": true}
{"timestamp": "15:25:28.146723", "frame": 119, "mu": [-1.7709374063548942, 0.7221002122796607, 1.0380393057318227], "Sigma": [[0.005885924280788831, 0.008258616621167798, 0.0045113388743354445], [0.008258616621167798, 0.01482875775469004, 0.010107561805350171], [0.0045113388743354445, 0.010107561805350171, 0.027446740207825514]], "chi2_level": 0.997, "chi2_df": 3, "chi2_threshold": 13.931422665512084, "N_raw": 23, "N_roi": 23, "N_inlier": 23, "refit": true}
