{"timestamp": "15:18:11.981117", "frame": 6, "mu": [2.249569837435329, 4.1719538878132285, 1.0183766935378638], "Sigma": [[0.012151864738673307, -0.0057308848977185075, -9.099237262325118e-05], [-0.0057308848977185075, 0.004871640173094736, -0.00012403456981680303], [-9.099237262325124e-05, -0.0001240345698168031, 0.00023572288079113494]], "chi2_level": 0.95, "chi2_df": 3, "chi2_threshold": 7.814727903251179, "N_raw": 23, "N_roi": 18, "N_inlier": 18, "refit": true}
{"timestamp": "15:18:12.037882", "frame": 7, "mu": [2.223577367881288, 4.228379371196461, 1.0727864637852964], "Sigma": [[0.021575352092588523, -0.011260238930821813, -0.0036817640767395424], [-0.01126023893082181, 0.011081904812032983, 0.004592749683829146], [-0.0036817640767395424, 0.004592749683829147, 0.004779864482590538]], "chi2_level": 0.95, "chi2_df": 3, "chi2_threshold": 7.814727903251179, "N_raw": 42, "N_roi": 34, "N_inlier": 33, "refit": true}
{"timestamp": "15:18:12.094172", "frame": 8, "mu": [2.288156862965106, 4.279089444527975, 1.3935501999956883], "Sigma": [[0.011636727178188533, -0.005993550059499979, -0.00025040327167044277], [-0.00599355005949998, 0.006498931599874478, 4.6293381046685055e-05], [-0.0002504032716704429, 4.629338104668505e-05, 0.00016826344038141993]], "chi2_level": 0.95, "chi2_df": 3, "chi2_threshold": 7.814727903251179, "N_raw": 29, "N_roi": 21, "N_inlier": 19, "refit": true}
{"timestamp": "15:18:12.918337", "frame": 23, "mu": [2.271292840494535, 4.252107449700375, 0.8360880155137429], "Sigma": [[0.018127642861986714, -0.009310884559988818, -0.005232653763093691], [-0.009310884559988818, 0.0068516392870060965, 0.002552759775814914], [-0.005232653763093692, 0.002552759775814914, 0.003050348451583221]], "chi2_level": 0.95, "chi2_df": 3, "chi2_threshold": 7.814727903251179, "N_raw": 27, "N_roi": 21, "N_inlier": 21, "refit": true}
{"timestamp": "15:18:13.025883", "frame": 25, "mu": [2.2681583644710552, 4.239730545870358, 0.9150156530446588], "Sigma": [[0.013457230995615256, -0.00845717908784516, -0.006709225725143439], [-0.00845717908784516, 0.006480674842438166, 0.004917519499183076], [-0.006709225725143439, 0.004917519499183076, 0.005904341163825507]], "chi2_level": 0.95, "chi2_df": 3, "chi2_threshold": 7.814727903251179, "N_raw": 12, "N_roi": 12, "N_inlier": 11, "refit": true}
{"timestamp": "15:18:13.082359", "frame": 26, "mu": [2.2764056081365833, 4.205428666028846, 0.9048574161066515], "Sigma": [[0.011656186148423554, -0.0063465418625916325, -0.006955242156272714], [-0.0063465418625916325, 0.005515553134771615, 0.004746539242631566], [-0.006955242156272714, 0.004746539242631566, 0.006051965416691869]], "chi2_level": 0.95, "chi2_df": 3, "chi2_threshold": 7.814727903251179, "N_raw": 17, "N_roi": 17, "N_inlier": 16, "refit": true}
{"timestamp": "15:18:13.138969", "frame": 27, "mu": [2.2231468872653686, 4.26959421175638, -0.5899002136208494], "Sigma": [[0.021364184913977274, -0.0031986330046651964, 0.0551070450355128], [-0.0031986330046651964, 0.004563463863567154, 0.002835948543315375], [0.0551070450355128, 0.0028359485433153736, 0.2451693011990892]], "chi2_level": 0.95, "chi2_df": 3, "chi2_threshold": 7.814727903251179, "N_raw": 32, "N_roi": 31, "N_inlier": 30, "refit": true}
{"timestamp": "15:18:13.522183", "frame": 34, "mu": [1.8532102110714406, 4.167895013734436, 0.2767028151333353], "Sigma": [[0.015366170116910773, -0.007052543027933303, -0.006746057644128799], [-0.007052543027933302, 0.004727351599293056, 0.003748809351662441], [-0.006746057644128799, 0.0037488093516624406, 0.004125002222616812]], "chi2_level": 0.95, "chi2_df": 3, "chi2_threshold": 7.814727903251179, "N_raw": 22, "N_roi": 20, "N_inlier": 19, "refit": true}
{"timestamp": "15:18:13.688621", "frame": 37, "mu": [1.735060359368855, 4.0820035571229685, 1.1556013666620735], "Sigma": [[0.017648186290682367, -0.008381447273901495, -0.007007430484355266], [-0.008381447273901495, 0.006187276475037696, 0.003787284043681925], [-0.007007430484355266, 0.0037872840436819245, 0.0038627641767078687]], "chi2_level": 0.95, "chi2_df": 3, "chi2_threshold": 7.814727903251179, "N_raw": 25, "N_roi": 25, "N_inlier": 24, "refit": true}
{"timestamp": "15:18:14.019685", "frame": 43, "mu": [1.19252328249623, 4.218019111631797, 1.371166173161351], "Sigma": [[0.014753869459805558, -0.0055666707899314155, -0.01127140056045476], [-0.005566670789931416, 0.006331865445316613, 0.007257927369035793], [-0.01127140056045476, 0.007257927369035793, 0.012402135587690823]], "chi2_level": 0.95, "chi2_df": 3, "chi2_threshold": 7.814727903251179, "N_raw": 31, "N_roi": 29, "N_inlier": 29, "refit": true}
{"timestamp": "15:18:14.183101", "frame": 46, "mu": [1.2338008811692804, 4.22922677554235, -0.06204661525423143], "Sigma": [[0.008353843269405302, -0.0024139743607381843, -0.0061289852148933305], [-0.0024139743607381843, 0.0033727044252537925, -0.0019890385592724043], [-0.0061289852148933305, -0.0019890385592724043, 0.011410675144883281]], "chi2_level": 0.95, "chi2_df": 3, "chi2_threshold": 7.814727903251179, "N_raw": 19, "N_roi": 19, "N_inlier": 18, "refit": true}
{"timestamp": "15:18:14.566879", "frame": 53, "mu": [0.701333498077411, 4.116491374647913, 1.2283908824794743], "Sigma": [[0.006938912866584556, -0.0013268371066262551, -0.003976519045629024], [-0.0013268371066262551, 0.002309376477197291, 0.0005862817057851025], [-0.003976519045629024, 0.0005862817057851025, 0.0034358190601576394]], "chi2_level": 0.95, "chi2_df": 3, "chi2_threshold": 7.814727903251179, "N_raw": 15, "N_roi": 12, "N_inlier": 11, "refit": true}
{"timestamp": "15:18:14.624875", "frame": 54, "mu": [0.6263323763317006, 4.17685945544722, 0.2583384784761215], "Sigma": [[0.015844566479909717, -0.001455858654575385, -0.010000463004512399], [-0.001455858654575385, 0.0038442707879215096, -0.0009122051507856315], [-0.010000463004512399, -0.0009122051507856314, 0.00859490573092407]], "chi2_level": 0.95, "chi2_df": 3, "chi2_threshold": 7.814727903251179, "N_raw": 39, "N_roi": 35, "N_inlier": 34, "refit": true}
{"timestamp": "15:18:14.787950", "frame": 57, "mu": [0.45824679861525414, 4.10041667574231, 1.1971647943915469], "Sigma": [[0.01050275301349839, -0.0012779551122380016, -0.00043680499798549855], [-0.0012779551122380016, 0.0020714103544123416, 0.000121210946236268], [-0.00043680499798549855, 0.00012121094623626797, 0.00015074944310002931]], "chi2_level": 0.95, "chi2_df": 3, "chi2_threshold": 7.814727903251179, "N_raw": 24, "N_roi": 21, "N_inlier": 20, "refit": true}
{"timestamp": "15:18:14.903136", "frame": 59, "mu": [0.24635127966618348, 4.141672955243059, 1.3071846679069599], "Sigma": [[0.011781432212751809, -0.0029237980166267816, -0.006797549657753918], [-0.0029237980166267816, 0.002808994331680732, 0.0032320650723795964], [-0.006797549657753918, 0.0032320650723795964, 0.006298019040851182]], "chi2_level": 0.95, "chi2_df": 3, "chi2_threshold": 7.814727903251179, "N_raw": 35, "N_roi": 22, "N_inlier": 20, "refit": true}
{"timestamp": "15:18:14.951192", "frame": 60, "mu": [0.22280578780560586, 4.184594245768829, 1.1213580731554857], "Sigma": [[0.006559479997307697, 0.0019847409127006586, -0.02326556427359467], [0.0019847409127006586, 0.0033240601793820823, -0.01802685315243832], [-0.023265564273594667, -0.01802685315243832, 0.24076992670400088]], "chi2_level": 0.95, "chi2_df": 3, "chi2_threshold": 7.814727903251179, "N_raw": 13, "N_roi": 13, "N_inlier": 12, "refit": true}
{"timestamp": "15:18:15.667461", "frame": 73, "mu": [-0.668737022637916, 4.1111434323695235, 1.1577949784731436], "Sigma": [[0.01435327579586552, 0.0033150390528491874, -0.013518379768825632], [0.003315039052849188, 0.004325739814744292, -0.007637519973877651], [-0.013518379768825632, -0.00763751997387765, 0.026273588662906605]], "chi2_level": 0.95, "chi2_df": 3, "chi2_threshold": 7.814727903251179, "N_raw": 20, "N_roi": 14, "N_inlier": 13, "refit": true}
{"timestamp": "15:18:15.725006", "frame": 74, "mu": [-0.6973528271728342, 4.112477533489324, 1.290246819316948], "Sigma": [[0.016481046924312407, 0.000484964284439801, -0.007652730227017349], [0.00048496428443980103, 0.004830309943898367, 0.003929716469590423], [-0.007652730227017349, 0.003929716469590423, 0.008201366564083358]], "chi2_level": 0.95, "chi2_df": 3, "chi2_threshold": 7.814727903251179, "N_raw": 38, "N_roi": 35, "N_inlier": 32, "refit": true}
{"timestamp": "15:18:15.835356", "frame": 76, "mu": [-0.8174657848326282, 4.041865009106395, 1.1802153945527871], "Sigma": [[0.02201574087879507, 0.0033703163359619357, -0.007504184922866682], [0.003370316335961936, 0.004822160430589017, -0.0013037430789526413], [-0.007504184922866682, -0.0013037430789526413, 0.003336388989011388]], "chi2_level": 0.95, "chi2_df": 3, "chi2_threshold": 7.814727903251179, "N_raw": 45, "N_roi": 45, "N_inlier": 44, "refit": true}
{"timestamp": "15:18:15.942376", "frame": 78, "mu": [-0.9436212243168606, 4.115596825501889, 1.0498453147664693], "Sigma": [[0.013404612090856362, 0.0007102275151433785, -0.012908474449465466], [0.0007102275151433786, 0.001729406166292484, -0.0009376654887845748], [-0.012908474449465464, -0.0009376654887845746, 0.013789286119555497]], "chi2_level": 0.95, "chi2_df": 3, "chi2_threshold": 7.814727903251179, "N_raw": 26, "N_roi": 22, "N_inlier": 22, "refit": true}
{"timestamp": "15:18:16.051644", "frame": 80, "mu": [-1.0556018329202423, 4.13189386129486, 1.2757182713987523], "Sigma": [[0.012193474177536938, 0.0018332562918213858, -0.007743160607377843], [0.0018332562918213862, 0.002189239505413554, 0.00019026059192231578], [-0.007743160607377843, 0.00019026059192231594, 0.006845529640259197]], "chi2_level": 0.95, "chi2_df": 3, "chi2_threshold": 7.814727903251179, "N_raw": 22, "N_roi": 22, "N_inlier": 20, "refit": true}
{"timestamp": "15:18:16.110675", "frame": 81, "mu": [-1.1315980042837994, 4.143475589034699, 1.269683215585913], "Sigma": [[0.015561404622921217, 0.0005475776603263199, -0.01461045895210937], [0.0005475776603263199, 0.002097019671527267, -0.0027409275800540835], [-0.01461045895210937, -0.0027409275800540835, 0.01860470427934489]], "chi2_level": 0.95, "chi2_df": 3, "chi2_threshold": 7.814727903251179, "N_raw": 37, "N_roi": 34, "N_inlier": 32, "refit": true}
{"timestamp": "15:18:16.163720", "frame": 82, "mu": [-1.2108881754392948, 4.124126521855702, 0.290859083827525], "Sigma": [[0.012279318796946052, 0.0006039151206557354, -0.001251704862112197], [0.0006039151206557354, 0.002606949610232678, -0.00040546745891869267], [-0.001251704862112197, -0.0004054674589186926, 0.0003283483548669017]], "chi2_level": 0.95, "chi2_df": 3, "chi2_threshold": 7.814727903251179, "N_raw": 29, "N_roi": 26, "N_inlier": 25, "refit": true}
{"timestamp": "15:18:16.221045", "frame": 83, "mu": [-1.2655269580883337, 4.086677121832946, 1.1584598579165637], "Sigma": [[0.01571848459101348, 0.002184124272498757, -0.008663450803614171], [0.002184124272498757, 0.0035121852867775936, -0.0021523643121132], [-0.008663450803614171, -0.0021523643121131994, 0.00664617654656995]], "chi2_level": 0.95, "chi2_df": 3, "chi2_threshold": 7.814727903251179, "N_raw": 39, "N_roi": 37, "N_inlier": 34, "refit": true}
{"timestamp": "15:18:16.276062", "frame": 84, "mu": [-1.312829388802417, 4.084587356239881, 1.0935348295814693], "Sigma": [[0.018922270511574024, 0.0038399387281678595, -0.013224119633482105], [0.0038399387281678587, 0.004275050582611335, -0.006900999886503277], [-0.013224119633482105, -0.006900999886503277, 0.021272273102288342]], "chi2_level": 0.95, "chi2_df": 3, "chi2_threshold": 7.814727903251179, "N_raw": 49, "N_roi": 49, "N_inlier": 47, "refit": true}
{"timestamp": "15:18:16.328672", "frame": 85, "mu": [-1.3648002130310846, 4.143290479821371, 0.836835284932637], "Sigma": [[0.012693769493438515, 0.0003854692872446171, -0.013468046303082957], [0.00038546928724461714, 0.0005141109886929667, 0.002684859534189064], [-0.013468046303082957, 0.002684859534189064, 0.055737521370831614]], "chi2_level": 0.95, "chi2_df": 3, "chi2_threshold": 7.814727903251179, "N_raw": 26, "N_roi": 23, "N_inlier": 21, "refit": true}
{"timestamp": "15:18:16.385076", "frame": 86, "mu": [-1.306384874590444, 4.17043557415596, 0.35917318084340494], "Sigma": [[0.015765601597013675, 0.0032142940809438813, -0.018523033553073193], [0.0032142940809438813, 0.0016387194094477945, -0.006723235438555767], [-0.01852303355307319, -0.006723235438555766, 0.10407010534902278]], "chi2_level": 0.95, "chi2_df": 3, "chi2_threshold": 7.814727903251179, "N_raw": 38, "N_roi": 27, "N_inlier": 25, "refit": true}
{"timestamp": "15:18:16.495952", "frame": 88, "mu": [-1.5520645184615693, 4.108514476327581, -0.37736574407365664], "Sigma": [[0.019575618239535436, 0.009622410432794277, 0.04778990417650521], [0.009622410432794277, 0.013580424958069746, 0.03677674803332573], [0.04778990417650521, 0.03677674803332573, 0.20673786447341005]], "chi2_level": 0.95, "chi2_df": 3, "chi2_threshold": 7.814727903251179, "N_raw": 41, "N_roi": 37, "N_inlier": 35, "refit": true}
{"timestamp": "15:18:16.548207", "frame": 89, "mu": [-1.5822023386759911, 4.0285457393707595, 1.2155401577730742], "Sigma": [[0.010158168730032148, 0.0026681634870609813, -0.00210441180576871], [0.0026681634870609813, 0.0033199920486408152, -0.0020916388676326257], [-0.00210441180576871, -0.0020916388676326257, 0.0024121124403367715]], "chi2_level": 0.95, "chi2_df": 3, "chi2_threshold": 7.814727903251179, "N_raw": 24, "N_roi": 21, "N_inlier": 18, "refit": true}
{"timestamp": "15:18:16.604104", "frame": 90, "mu": [-1.5796931250743111, 3.9724164306963554, 0.9149807618035956], "Sigma": [[0.02156354600564437, 0.005285867443744429, -0.012072944650117483], [0.005285867443744429, 0.0025790429191132986, -0.005607789956433747], [-0.012072944650117483, -0.005607789956433747, 0.015361775639625241]], "chi2_level": 0.95, "chi2_df": 3, "chi2_threshold": 7.814727903251179, "N_raw": 33, "N_roi": 33, "N_inlier": 33, "refit": true}
{"timestamp": "15:18:16.660061", "frame": 91, "mu": [-1.6880703625472715, 4.087471097515159, 0.09219078287044931], "Sigma": [[0.015180222249651808, 0.00626330151324949, -0.006469953961744133], [0.00626330151324949, 0.0033678143146822466, -0.002614434146984482], [-0.006469953961744133, -0.002614434146984482, 0.004067760783007788]], "chi2_level": 0.95, "chi2_df": 3, "chi2_threshold": 7.814727903251179, "N_raw": 34, "N_roi": 15, "N_inlier": 12, "refit": true}
{"timestamp": "15:18:16.719250", "frame": 92, "mu": [-1.8108759187091652, 3.9804236943809204, 1.1537841777803857], "Sigma": [[0.02439833769023009, 0.006034813391134113, -0.016876197881293634], [0.006034813391134113, 0.0066270132743044274, -0.0051049094214471276], [-0.016876197881293634, -0.005104909421447128, 0.017805616125367983]], "chi2_level": 0.95, "chi2_df": 3, "chi2_threshold": 7.814727903251179, "N_raw": 60, "N_roi": 47, "N_inlier": 44, "refit": true}
{"timestamp": "15:18:16.768504", "frame": 93, "mu": [-1.820170116285089, 3.985392799465083, 1.1310397388432007], "Sigma": [[0.017959947624590904, 0.0071624452744683985, -0.018997822539248446], [0.007162445274468399, 0.005805538875549719, -0.012302247992260179], [-0.018997822539248446, -0.01230224799226018, 0.034808800308592736]], "chi2_level": 0.95, "chi2_df": 3, "chi2_threshold": 7.814727903251179, "N_raw": 26, "N_roi": 26, "N_inlier": 23, "refit": true}
{"timestamp": "15:18:16.825554", "frame": 94, "mu": [-1.8972198361711319, 4.002065656781638, 1.0830607019741065], "Sigma": [[0.022773890505736694, 0.012295182552452901, -0.03253278847608765], [0.012295182552452901, 0.013976674702281274, -0.03380399245681957], [-0.03253278847608765, -0.03380399245681957, 0.09528197665764637]], "chi2_level": 0.95, "chi2_df": 3, "chi2_threshold": 7.814727903251179, "N_raw": 41, "N_roi": 40, "N_inlier": 38, "refit": true}
{"timestamp": "15:18:16.881203", "frame": 95, "mu": [-2.0546592588910815, 3.934382107624729, 1.3435195009769607], "Sigma": [[0.02457380054148884, 0.008212709805268475, -0.0168494631408233], [0.008212709805268475, 0.006438294561089949, -0.006236579116538967], [-0.0168494631408233, -0.006236579116538967, 0.013159533547503283]], "chi2_level": 0.95, "chi2_df": 3, "chi2_threshold": 7.814727903251179, "N_raw": 44, "N_roi": 40, "N_inlier": 38, "refit": true}
{"timestamp": "15:18:16.936237", "frame": 96, "mu": [-2.0838196910422253, 3.960794912498882, 1.1844972526964004], "Sigma": [[0.014632154578667686, 0.006491455020183773, -0.00937970569738774], [0.006491455020183773, 0.005930267820524931, -0.007187841071871455], [-0.00937970569738774, -0.007187841071871455, 0.010644188661023507]], "chi2_level": 0.95, "chi2_df": 3, "chi2_threshold": 7.814727903251179, "N_raw": 36, "N_roi": 32, "N_inlier": 30, "refit": true}
{"timestamp": "15:18:16.988509", "frame": 97, "mu": [-2.0868448652570826, 4.146353218616872, 0.5952272259933457], "Sigma": [[0.015049456844003382, 0.008950167530562412, -0.025078219707629083], [0.008950167530562412, 0.023540969039814723, -0.056531659683623496], [-0.025078219707629083, -0.056531659683623496, 0.1638741039420105]], "chi2_level": 0.95, "chi2_df": 3, "chi2_threshold": 7.814727903251179, "N_raw": 21, "N_roi": 17, "N_inlier": 17, "refit": true}
{"timestamp": "15:18:17.046943", "frame": 98, "mu": [-2.2675555879842806, 4.013316384976593, 1.4931192419612764], "Sigma": [[0.01830182805716119, 0.006480808597867245, -0.01419290714575085], [0.006480808597867245, 0.008656551666794873, -0.006044021643936618], [-0.01419290714575085, -0.006044021643936617, 0.012576993607220142]], "chi2_level": 0.95, "chi2_df": 3, "chi2_threshold": 7.814727903251179, "N_raw": 51, "N_roi": 42, "N_inlier": 42, "refit": true}
{"timestamp": "15:18:17.098711", "frame": 99, "mu": [-2.3117290160245076, 4.040314650385869, 1.5558206881819743], "Sigma": [[0.014221450737242751, 0.00555788016584214, -0.010954259845642725], [0.005557880165842141, 0.005452129085916563, -0.005746172725714314], [-0.010954259845642725, -0.005746172725714314, 0.01052738299848353]], "chi2_level": 0.95, "chi2_df": 3, "chi2_threshold": 7.814727903251179, "N_raw": 37, "N_roi": 29, "N_inlier": 28, "refit": true}
{"timestamp": "15:18:17.228497", "frame": 100, "mu": [-2.2992184443895844, 4.0266248133659195, 1.404282549781085], "Sigma": [[0.015133837376772099, 0.006154586939125158, -0.014655202047147046], [0.006154586939125158, 0.005427824146987152, -0.007422460360369693], [-0.014655202047147046, -0.007422460360369693, 0.017724647772048647]], "chi2_level": 0.95, "chi2_df": 3, "chi2_threshold": 7.814727903251179, "N_raw": 46, "N_roi": 30, "N_inlier": 28, "refit": true}
{"timestamp": "15:18:17.252934", "frame": 101, "mu": [-2.3299815063339158, 3.9979849580150226, 1.3463804313709018], "Sigma": [[0.010008957382898347, 0.004547218280015239, -0.010531686815380855], [0.004547218280015239, 0.006263444745652081, -0.006908040078740022], [-0.010531686815380855, -0.006908040078740022, 0.014233705084688854]], "chi2_level": 0.95, "chi2_df": 3, "chi2_threshold": 7.814727903251179, "N_raw": 42, "N_roi": 24, "N_inlier": 23, "refit": true}
{"timestamp": "15:18:17.283418", "frame": 102, "mu": [-2.3612366927784376, 4.008682095121064, 1.3689050931826636], "Sigma": [[0.0066143498597650285, 0.0027483840887125082, -0.006183578249750898], [0.0027483840887125082, 0.00816443717054422, -0.0026915281991656682], [-0.006183578249750897, -0.0026915281991656682, 0.007112948916942148]], "chi2_level": 0.95, "chi2_df": 3, "chi2_threshold": 7.814727903251179, "N_raw": 52, "N_roi": 23, "N_inlier": 23, "refit": true}
{"timestamp": "15:18:17.319331", "frame": 103, "mu": [-2.412132827609438, 4.027384183499799, 1.263524268395612], "Sigma": [[0.0019041882732025695, 0.0009159062627630383, -0.0037704749113971524], [0.0009159062627630383, 0.0031037771530636974, -0.006255602218604641], [-0.0037704749113971524, -0.006255602218604641, 0.02492970217767528]], "chi2_level": 0.95, "chi2_df": 3, "chi2_threshold": 7.814727903251179, "N_raw": 34, "N_roi": 11, "N_inlier": 10, "refit": true}
{"timestamp": "15:18:17.379649", "frame": 104, "mu": [-2.399400531583564, 4.13134054210344, 0.28568140232423483], "Sigma": [[0.0030121448094987467, -0.0011956694446268392, -0.0003229956561859433], [-0.0011956694446268392, 0.005390979197990524, -0.00407113359497731], [-0.00032299565618594306, -0.00407113359497731, 0.006239628407584136]], "chi2_level": 0.95, "chi2_df": 3, "chi2_threshold": 7.814727903251179, "N_raw": 69, "N_roi": 17, "N_inlier": 16, "refit": true}
