{"timestamp": "15:31:12.886421", "frame": 4, "mu": [-0.25712939357358927, 3.559355588705247, 1.3394413359630937], "Sigma": [[0.016397537556344186, 0.0011099507940637533, -0.00387650916692219], [0.0011099507940637533, 0.0016539862314863048, 0.0005553549856165051], [-0.0038765091669221903, 0.0005553549856165052, 0.001982181315013479]], "chi2_level": 0.95, "chi2_df": 3, "chi2_threshold": 7.814727903251179, "N_raw": 26, "N_roi": 26, "N_inlier": 25, "refit": true}
{"timestamp": "15:31:13.104419", "frame": 8, "mu": [-0.2772620932601277, 3.536635526445561, 1.299414162076706], "Sigma": [[0.00400255052112185, 0.0010225783020219288, -0.0008808426107282647], [0.0010225783020219288, 0.0024647837390879006, -6.724239533997098e-05], [-0.0008808426107282648, -6.724239533997098e-05, 0.0002622956563075424]], "chi2_level": 0.95, "chi2_df": 3, "chi2_threshold": 7.814727903251179, "N_raw": 10, "N_roi": 10, "N_inlier": 10, "refit": true}
{"timestamp": "15:31:13.160245", "frame": 9, "mu": [-0.2510848283109216, 3.5633309894317478, 1.350200058820596], "Sigma": [[0.006406068186727075, -0.0004030391712336025, -0.0030737942144847606], [-0.0004030391712336025, 0.0023023036451918265, 0.0012090434910928673], [-0.00307379421448476, 0.0012090434910928675, 0.002688895748404487]], "chi2_level": 0.95, "chi2_df": 3, "chi2_threshold": 7.814727903251179, "N_raw": 20, "N_roi": 20, "N_inlier": 18, "refit": true}
{"timestamp": "15:31:13.323454", "frame": 12, "mu": [-0.22524219155794295, 3.605498536637409, 1.1506114823550533], "Sigma": [[0.004860946838373836, 0.001508822637711277, -0.008931246154802588], [0.0015088226377112776, 0.011787813229417863, -0.06034196629632967], [-0.008931246154802588, -0.06034196629632967, 0.33870205438685663]], "chi2_level": 0.95, "chi2_df": 3, "chi2_threshold": 7.814727903251179, "N_raw": 13, "N_roi": 13, "N_inlier": 13, "refit": true}
{"timestamp": "15:31:13.710212", "frame": 19, "mu": [-0.0637074679466872, 3.599805000873558, 0.4007062192269609], "Sigma": [[0.00499400860566586, 7.559994447215438e-06, -0.0010608239511252166], [7.5599944472154245e-06, 0.001933367993568044, 0.0007093837533465124], [-0.0010608239511252166, 0.0007093837533465124, 0.001269888787082566]], "chi2_level": 0.95, "chi2_df": 3, "chi2_threshold": 7.814727903251179, "N_raw": 15, "N_roi": 14, "N_inlier": 13, "refit": true}
{"timestamp": "15:31:13.770022", "frame": 20, "mu": [-0.01990117155826646, 3.6132955078140947, 1.1254153775357982], "Sigma": [[0.012300893777339462, -0.001141148007307101, -0.004082586047249903], [-0.001141148007307101, 0.002362502706567465, -0.0052830374513963664], [-0.004082586047249903, -0.005283037451396367, 0.026457599561665913]], "chi2_level": 0.95, "chi2_df": 3, "chi2_threshold": 7.814727903251179, "N_raw": 49, "N_roi": 49, "N_inlier": 45, "refit": true}
{"timestamp": "15:31:13.824410", "frame": 21, "mu": [0.0844541979367596, 3.6710133517355663, 1.3350750887266019], "Sigma": [[0.0072549466248280564, -6.492218293675556e-05, 2.4493605799741965e-05], [-6.492218293675556e-05, 0.0013990138690153373, -0.006178475005453098], [2.449360579974153e-05, -0.006178475005453098, 0.1965525168149506]], "chi2_level": 0.95, "chi2_df": 3, "chi2_threshold": 7.814727903251179, "N_raw": 31, "N_roi": 29, "N_inlier": 26, "refit": true}
{"timestamp": "15:31:13.875874", "frame": 22, "mu": [0.08747976868772556, 3.620829532414767, 1.4317217891093503], "Sigma": [[0.005628682732412886, -8.566314870329974e-05, 0.00025619292779571295], [-8.566314870329974e-05, 0.0011408939227678147, 0.0010445124826161689], [0.0002561929277957129, 0.0010445124826161686, 0.0015715195010925491]], "chi2_level": 0.95, "chi2_df": 3, "chi2_threshold": 7.814727903251179, "N_raw": 12, "N_roi": 12, "N_inlier": 10, "refit": true}
{"timestamp": "15:31:14.042155", "frame": 25, "mu": [0.14762906605624146, 3.667024805219604, 0.8531269804591818], "Sigma": [[0.006849387204089362, -0.001158401745093986, 0.03383192560997224], [-0.001158401745093986, 0.0031707379414165028, -0.003941093517366996], [0.03383192560997224, -0.003941093517366998, 0.2967400932632945]], "chi2_level": 0.95, "chi2_df": 3, "chi2_threshold": 7.814727903251179, "N_raw": 14, "N_roi": 10, "N_inlier": 10, "refit": true}
{"timestamp": "15:31:14.646893", "frame": 36, "mu": [0.5810597681218345, 3.603650629336218, 1.2931139136144612], "Sigma": [[0.0055395090793741225, -0.0005860963263408806, -0.0007519998437219136], [-0.0005860963263408807, 0.0019304350526599496, -0.0005208385727754276], [-0.0007519998437219137, -0.0005208385727754276, 0.0004000557154369862]], "chi2_level": 0.95, "chi2_df": 3, "chi2_threshold": 7.814727903251179, "N_raw": 17, "N_roi": 13, "N_inlier": 11, "refit": true}
{"timestamp": "15:31:14.921715", "frame": 41, "mu": [0.8398821487491058, 3.4635736010387754, 1.2422007573170315], "Sigma": [[0.010889262380682021, -0.0017239014632780287, -0.05969835596109203], [-0.0017239014632780287, 0.002999028539746816, 0.009971622220270072], [-0.05969835596109202, 0.009971622220270072, 0.3912689500038143]], "chi2_level": 0.95, "chi2_df": 3, "chi2_threshold": 7.814727903251179, "N_raw": 14, "N_roi": 14, "N_inlier": 13, "refit": true}
{"timestamp": "15:31:15.030009", "frame": 43, "mu": [1.0542200197177063, 3.634062850387531, -0.2602027255011986], "Sigma": [[0.010588787096384259, 0.00785148032412556, -0.016399575864620715], [0.00785148032412556, 0.046874640327483515, -0.12324701375056717], [-0.016399575864620715, -0.12324701375056717, 0.36086776585287395]], "chi2_level": 0.95, "chi2_df": 3, "chi2_threshold": 7.814727903251179, "N_raw": 10, "N_roi": 10, "N_inlier": 10, "refit": true}
{"timestamp": "15:31:15.310908", "frame": 48, "mu": [1.0852929875902362, 3.1847377290187064, 0.8094867275607651], "Sigma": [[0.014268973879262755, -0.004407556374057509, -0.006980838544015352], [-0.004407556374057509, 0.002255770846799815, -3.179040123079275e-05], [-0.006980838544015353, -3.179040123079275e-05, 0.029236890445853255]], "chi2_level": 0.95, "chi2_df": 3, "chi2_threshold": 7.814727903251179, "N_raw": 44, "N_roi": 44, "N_inlier": 41, "refit": true}
{"timestamp": "15:31:15.421091", "frame": 50, "mu": [1.2098260176432323, 3.146058207303818, 0.8722405223089198], "Sigma": [[0.011963785774122692, 0.0004162239337529056, 0.0009014288899114264], [0.0004162239337529056, 0.0033122849914279644, -0.0013279538841593362], [0.0009014288899114261, -0.0013279538841593362, 0.009249674427236284]], "chi2_level": 0.95, "chi2_df": 3, "chi2_threshold": 7.814727903251179, "N_raw": 43, "N_roi": 43, "N_inlier": 37, "refit": true}
{"timestamp": "15:31:15.525918", "frame": 52, "mu": [1.176963056784234, 3.0853553191590675, 0.7474886153953165], "Sigma": [[0.00711279998538059, 0.0012370519889121506, -0.019203432833311336], [0.0012370519889121506, 0.0014127832018185824, -0.009227380026156735], [-0.019203432833311336, -0.009227380026156735, 0.08416360112493963]], "chi2_level": 0.95, "chi2_df": 3, "chi2_threshold": 7.814727903251179, "N_raw": 12, "N_roi": 12, "N_inlier": 10, "refit": true}
{"timestamp": "15:31:15.585402", "frame": 53, "mu": [1.242142637684132, 3.347070260976623, -0.6932328001747337], "Sigma": [[0.013408948480268485, 0.0067446609034311055, -0.026647705461247694], [0.0067446609034311055, 0.02411034732890136, -0.05322905321785599], [-0.026647705461247694, -0.053229053217855996, 0.13649321378371287]], "chi2_level": 0.95, "chi2_df": 3, "chi2_threshold": 7.814727903251179, "N_raw": 35, "N_roi": 35, "N_inlier": 33, "refit": true}
{"timestamp": "15:31:15.695738", "frame": 55, "mu": [1.3118567333432882, 3.0826112541142217, -0.6047938674787466], "Sigma": [[0.014817151132192568, 0.0005979476719566886, 0.022289964558952678], [0.0005979476719566886, 0.005803034055609317, 0.012916695955729224], [0.022289964558952678, 0.012916695955729224, 0.10656736699263533]], "chi2_level": 0.95, "chi2_df": 3, "chi2_threshold": 7.814727903251179, "N_raw": 42, "N_roi": 42, "N_inlier": 38, "refit": true}
{"timestamp": "15:31:15.745980", "frame": 56, "mu": [1.289321494945222, 2.8736101470669118, 0.9745185881964374], "Sigma": [[0.0041592791619094955, -0.0018757301767366097, -0.010245541126065478], [-0.0018757301767366099, 0.0016984940651735814, 0.005359960020686217], [-0.010245541126065478, 0.005359960020686217, 0.040640453491243574]], "chi2_level": 0.95, "chi2_df": 3, "chi2_threshold": 7.814727903251179, "N_raw": 10, "N_roi": 10, "N_inlier": 10, "refit": true}
{"timestamp": "15:31:15.803118", "frame": 57, "mu": [1.3369016605780353, 2.8123996674507796, 1.0058812799027155], "Sigma": [[0.012425359735614315, -0.0030650932186280333, -0.01333190112088058], [-0.003065093218628034, 0.0037952852763438356, -0.00327000566087615], [-0.01333190112088058, -0.0032700056608761497, 0.03626486604949284]], "chi2_level": 0.95, "chi2_df": 3, "chi2_threshold": 7.814727903251179, "N_raw": 34, "N_roi": 34, "N_inlier": 34, "refit": true}
{"timestamp": "15:31:15.862086", "frame": 58, "mu": [1.3430747091667399, 2.7871076933411536, -0.9537859964401313], "Sigma": [[0.01696157630147329, -0.0017102905366708423, 0.009112033029718237], [-0.0017102905366708427, 0.0034975887407321556, 0.007765687912777326], [0.009112033029718237, 0.007765687912777326, 0.0786963082929402]], "chi2_level": 0.95, "chi2_df": 3, "chi2_threshold": 7.814727903251179, "N_raw": 55, "N_roi": 55, "N_inlier": 53, "refit": true}
{"timestamp": "15:31:15.919572", "frame": 59, "mu": [1.335513468952728, 2.7233427152876364, 0.9336240094279357], "Sigma": [[0.015395603564756891, -0.004696770716980532, -0.0035826483887470375], [-0.004696770716980532, 0.003636300130192242, -0.00341241479213806], [-0.0035826483887470366, -0.00341241479213806, 0.03465701997430316]], "chi2_level": 0.95, "chi2_df": 3, "chi2_threshold": 7.814727903251179, "N_raw": 67, "N_roi": 67, "N_inlier": 66, "refit": true}
{"timestamp": "15:31:15.973293", "frame": 60, "mu": [1.295445498549838, 2.8386684531562913, -0.10139802107855843], "Sigma": [[0.015292068977227498, -0.004636423616926592, -0.006144868412574218], [-0.004636423616926591, 0.006542658125265017, -0.0005978781335982216], [-0.006144868412574218, -0.0005978781335982215, 0.004585693749053624]], "chi2_level": 0.95, "chi2_df": 3, "chi2_threshold": 7.814727903251179, "N_raw": 57, "N_roi": 57, "N_inlier": 53, "refit": true}
{"timestamp": "15:31:16.031718", "frame": 61, "mu": [1.3646762028561603, 2.6323536649553416, 0.8650945727335543], "Sigma": [[0.025724986460265175, -0.011279544416615186, -0.026511316591902544], [-0.011279544416615186, 0.006453305085879205, 0.008724614819912511], [-0.026511316591902544, 0.008724614819912511, 0.05395064848000066]], "chi2_level": 0.95, "chi2_df": 3, "chi2_threshold": 7.814727903251179, "N_raw": 79, "N_roi": 79, "N_inlier": 74, "refit": true}
{"timestamp": "15:31:16.084081", "frame": 62, "mu": [1.3664939847704207, 2.5927472283001243, 0.7153397397296996], "Sigma": [[0.019601165161218244, -0.0024025600886059127, -0.001143140758144061], [-0.0024025600886059127, 0.003126315378029313, -0.0018477538308859323], [-0.0011431407581440614, -0.0018477538308859323, 0.008245512250713285]], "chi2_level": 0.95, "chi2_df": 3, "chi2_threshold": 7.814727903251179, "N_raw": 62, "N_roi": 62, "N_inlier": 59, "refit": true}
{"timestamp": "15:31:16.140772", "frame": 63, "mu": [1.3652160909344264, 2.5340086154905936, 0.8809661997306387], "Sigma": [[0.022553851555087184, -0.006230026458899581, -0.022307726700357383], [-0.006230026458899581, 0.0031275288928041462, 0.002399225365869462], [-0.022307726700357383, 0.002399225365869462, 0.06017090916193746]], "chi2_level": 0.95, "chi2_df": 3, "chi2_threshold": 7.814727903251179, "N_raw": 81, "N_roi": 81, "N_inlier": 77, "refit": true}
{"timestamp": "15:31:16.191554", "frame": 64, "mu": [1.3114430699457236, 2.469808029161843, 0.6978180255490636], "Sigma": [[0.009738391098787675, -0.0009404803555628124, -0.0018781340504505123], [-0.0009404803555628125, 0.0037406945365919524, -0.001390801356443731], [-0.0018781340504505125, -0.001390801356443731, 0.01468869433937534]], "chi2_level": 0.95, "chi2_df": 3, "chi2_threshold": 7.814727903251179, "N_raw": 46, "N_roi": 44, "N_inlier": 42, "refit": true}
{"timestamp": "15:31:16.250299", "frame": 65, "mu": [1.3453030677714528, 2.427786718898646, 1.046253976943898], "Sigma": [[0.012534594171537945, -0.004598311732527302, -0.01934074788898321], [-0.004598311732527302, 0.002501089050616935, 0.004203308523341066], [-0.01934074788898321, 0.004203308523341065, 0.10706715080361882]], "chi2_level": 0.95, "chi2_df": 3, "chi2_threshold": 7.814727903251179, "N_raw": 74, "N_roi": 74, "N_inlier": 71, "refit": true}
{"timestamp": "15:31:16.307580", "frame": 66, "mu": [1.329983283602195, 2.4704642417329277, -0.5651909343167121], "Sigma": [[0.014812564101421611, 0.003293577689693592, 0.015583806868876882], [0.003293577689693592, 0.0054336021706639604, 1.6048751425321766e-05], [0.015583806868876882, 1.60487514253222e-05, 0.17836797306984656]], "chi2_level": 0.95, "chi2_df": 3, "chi2_threshold": 7.814727903251179, "N_raw": 89, "N_roi": 89, "N_inlier": 86, "refit": true}
{"timestamp": "15:31:16.358667", "frame": 67, "mu": [1.3544741437440078, 2.339143385344117, 1.2227555512893795], "Sigma": [[0.010629320238408251, -0.004265219437664281, -0.006661504807077806], [-0.004265219437664282, 0.002206294218502116, -0.00048192307652512954], [-0.006661504807077806, -0.0004819230765251301, 0.04572631898512232]], "chi2_level": 0.95, "chi2_df": 3, "chi2_threshold": 7.814727903251179, "N_raw": 56, "N_roi": 56, "N_inlier": 52, "refit": true}
{"timestamp": "15:31:16.418441", "frame": 68, "mu": [1.323539878875542, 2.3038627956072557, 1.103316185646251], "Sigma": [[0.014176906424437629, -0.008575129865891547, -0.013243997996566101], [-0.008575129865891547, 0.006320042403186646, 0.002417071190945322], [-0.013243997996566101, 0.002417071190945322, 0.0678381837860591]], "chi2_level": 0.95, "chi2_df": 3, "chi2_threshold": 7.814727903251179, "N_raw": 87, "N_roi": 87, "N_inlier": 82, "refit": true}
{"timestamp": "15:31:16.471615", "frame": 69, "mu": [1.3380459123587771, 2.238805666377648, 1.0251969169651145], "Sigma": [[0.01129406871862364, -0.004610779391383241, -0.003901856120371828], [-0.004610779391383241, 0.002700021869732918, 0.003108725298308329], [-0.003901856120371828, 0.003108725298308329, 0.08584448984429982]], "chi2_level": 0.95, "chi2_df": 3, "chi2_threshold": 7.814727903251179, "N_raw": 80, "N_roi": 80, "N_inlier": 76, "refit": true}
{"timestamp": "15:31:16.523782", "frame": 70, "mu": [1.3476409959274414, 2.151704132242744, 0.7393719729884974], "Sigma": [[0.011124924725219754, -0.0017015756204430675, 0.00449272896735197], [-0.0017015756204430675, 0.0015698417607579282, 0.0034041150904309697], [0.004492728967351971, 0.0034041150904309697, 0.08424215176810057]], "chi2_level": 0.95, "chi2_df": 3, "chi2_threshold": 7.814727903251179, "N_raw": 56, "N_roi": 56, "N_inlier": 53, "refit": true}
{"timestamp": "15:31:16.583147", "frame": 71, "mu": [1.313691651841792, 2.365474726507151, -0.43213894965947375], "Sigma": [[0.013620848688980187, -0.0034104480783378748, 0.00215224978757599], [-0.0034104480783378743, 0.0066235732966636205, -0.022365763609675383], [0.00215224978757599, -0.022365763609675383, 0.09902673377823262]], "chi2_level": 0.95, "chi2_df": 3, "chi2_threshold": 7.814727903251179, "N_raw": 84, "N_roi": 84, "N_inlier": 79, "refit": true}
{"timestamp": "15:31:16.635916", "frame": 72, "mu": [1.2986299424389076, 2.1546768968560794, 0.9969027737604587], "Sigma": [[0.013092487930452926, -0.005018073343885666, 0.008247989912734515], [-0.005018073343885666, 0.0036753966846063716, -0.007408291994991883], [0.008247989912734515, -0.007408291994991883, 0.03789769020480324]], "chi2_level": 0.95, "chi2_df": 3, "chi2_threshold": 7.814727903251179, "N_raw": 74, "N_roi": 74, "N_inlier": 72, "refit": true}
{"timestamp": "15:31:16.688655", "frame": 73, "mu": [1.3027478383757638, 2.107855878773431, 0.988669569855245], "Sigma": [[0.012632964960878968, -0.003079142271575392, 0.004314026997952669], [-0.0030791422715753915, 0.001685219954032237, 0.00245233348637453], [0.004314026997952669, 0.00245233348637453, 0.04874324655723648]], "chi2_level": 0.95, "chi2_df": 3, "chi2_threshold": 7.814727903251179, "N_raw": 60, "N_roi": 60, "N_inlier": 58, "refit": true}
{"timestamp": "15:31:16.741250", "frame": 74, "mu": [1.2858385335368854, 2.061233120543837, 1.0093644331482823], "Sigma": [[0.008008143932229568, -0.003556406186919123, -0.00564231853649094], [-0.003556406186919123, 0.0019699734529154225, 0.00024212271031959367], [-0.00564231853649094, 0.00024212271031959383, 0.023992734422656443]], "chi2_level": 0.95, "chi2_df": 3, "chi2_threshold": 7.814727903251179, "N_raw": 47, "N_roi": 47, "N_inlier": 43, "refit": true}
{"timestamp": "15:31:16.799324", "frame": 75, "mu": [1.3223396300248669, 2.078769371917868, -0.8847443919120843], "Sigma": [[0.010878453307059813, 0.004292096737513448, 0.026333439373469703], [0.004292096737513448, 0.00638198262204566, 0.01757970362836485], [0.026333439373469703, 0.01757970362836485, 0.1322626212695468]], "chi2_level": 0.95, "chi2_df": 3, "chi2_threshold": 7.814727903251179, "N_raw": 67, "N_roi": 67, "N_inlier": 65, "refit": true}
{"timestamp": "15:31:16.852412", "frame": 76, "mu": [1.3537495171587741, 1.9626349762893345, 0.9717445952945996], "Sigma": [[0.009093481860004774, -0.006103400470485316, -0.006997228432693602], [-0.006103400470485316, 0.00615094181469986, 0.0106453843877325], [-0.006997228432693603, 0.010645384387732498, 0.05198566035859609]], "chi2_level": 0.95, "chi2_df": 3, "chi2_threshold": 7.814727903251179, "N_raw": 52, "N_roi": 52, "N_inlier": 48, "refit": true}
{"timestamp": "15:31:16.910024", "frame": 77, "mu": [1.3408419191005638, 1.8847795082926762, 1.0007306540225767], "Sigma": [[0.010983103352182435, -0.007245157756543649, -0.007125305735994934], [-0.007245157756543649, 0.0055865974166010015, 0.004780539964938932], [-0.0071253057359949344, 0.004780539964938933, 0.042926630732432476]], "chi2_level": 0.95, "chi2_df": 3, "chi2_threshold": 7.814727903251179, "N_raw": 69, "N_roi": 69, "N_inlier": 66, "refit": true}
{"timestamp": "15:31:16.963925", "frame": 78, "mu": [1.2984043453293117, 1.8136308056808217, 0.9713477198191255], "Sigma": [[0.01087694069492747, -0.007941872236029993, -0.01176082436891304], [-0.007941872236029993, 0.006952167942984285, 0.011582771451670706], [-0.011760824368913039, 0.011582771451670706, 0.05203373406679099]], "chi2_level": 0.95, "chi2_df": 3, "chi2_threshold": 7.814727903251179, "N_raw": 63, "N_roi": 63, "N_inlier": 62, "refit": true}
{"timestamp": "15:31:17.020347", "frame": 79, "mu": [1.250117497800102, 1.7993984970986991, 1.0605516405369766], "Sigma": [[0.008685064974293222, -0.005360482145828778, -0.009506299482091241], [-0.005360482145828778, 0.005503148177246356, 0.011662822710897284], [-0.009506299482091241, 0.011662822710897284, 0.06684670437421843]], "chi2_level": 0.95, "chi2_df": 3, "chi2_threshold": 7.814727903251179, "N_raw": 65, "N_roi": 65, "N_inlier": 61, "refit": true}
{"timestamp": "15:31:17.076445", "frame": 80, "mu": [1.1886991816040893, 1.8397243795390743, -0.5038158544441311], "Sigma": [[0.008644927581889748, 0.0016324820829468076, 0.008232954306315397], [0.0016324820829468076, 0.00482031694698354, 0.008731664713500627], [0.008232954306315396, 0.008731664713500627, 0.14657474386916183]], "chi2_level": 0.95, "chi2_df": 3, "chi2_threshold": 7.814727903251179, "N_raw": 71, "N_roi": 71, "N_inlier": 69, "refit": true}
{"timestamp": "15:31:17.132535", "frame": 81, "mu": [1.1794065389443302, 1.873380073866362, -0.10783709453796521], "Sigma": [[0.010016854729334496, -0.0032377102878147317, 0.016425613805587914], [-0.0032377102878147317, 0.011349930625055595, -0.04059431245758884], [0.016425613805587914, -0.04059431245758884, 0.23305397215892312]], "chi2_level": 0.95, "chi2_df": 3, "chi2_threshold": 7.814727903251179, "N_raw": 82, "N_roi": 82, "N_inlier": 78, "refit": true}
{"timestamp": "15:31:17.186991", "frame": 82, "mu": [1.2299885602938838, 1.677094871531919, 1.1720396326947875], "Sigma": [[0.025629918794439925, -0.017851305950156684, -0.035042361681413975], [-0.017851305950156684, 0.01597901908447423, 0.02214332969072191], [-0.035042361681413975, 0.02214332969072191, 0.07074934769201585]], "chi2_level": 0.95, "chi2_df": 3, "chi2_threshold": 7.814727903251179, "N_raw": 75, "N_roi": 75, "N_inlier": 73, "refit": true}
{"timestamp": "15:31:17.238432", "frame": 83, "mu": [1.1463293403417414, 1.6730235227552868, 1.326188137862658], "Sigma": [[0.006461837468602206, -0.0027591625262348802, -0.005667219724799158], [-0.0027591625262348794, 0.0029260111995623164, -0.002850919538309476], [-0.005667219724799158, -0.0028509195383094755, 0.03307460114119316]], "chi2_level": 0.95, "chi2_df": 3, "chi2_threshold": 7.814727903251179, "N_raw": 62, "N_roi": 62, "N_inlier": 57, "refit": true}
{"timestamp": "15:31:17.295700", "frame": 84, "mu": [1.1889267864310817, 1.625848797599361, 1.1862036600636183], "Sigma": [[0.010401115179848685, -0.004619418962585753, -0.0010986958027839175], [-0.004619418962585754, 0.0073087911868325904, -0.0017438544016392203], [-0.0010986958027839177, -0.0017438544016392201, 0.007610670692112726]], "chi2_level": 0.95, "chi2_df": 3, "chi2_threshold": 7.814727903251179, "N_raw": 69, "N_roi": 69, "N_inlier": 63, "refit": true}
{"timestamp": "15:31:17.351699", "frame": 85, "mu": [1.1549891908705958, 1.730152311199301, -0.32827747145064806], "Sigma": [[0.009867156259737291, -0.0026508378628542816, -0.0035773422587551465], [-0.0026508378628542816, 0.00757216966493589, -0.002698386341564896], [-0.0035773422587551465, -0.002698386341564895, 0.00581754644359694]], "chi2_level": 0.95, "chi2_df": 3, "chi2_threshold": 7.814727903251179, "N_raw": 68, "N_roi": 68, "N_inlier": 65, "refit": true}
{"timestamp": "15:31:17.411608", "frame": 86, "mu": [1.1614785767094689, 1.5336170922457284, 1.1547141242842682], "Sigma": [[0.018439345897609212, -0.009876113993723757, -0.020298194507410848], [-0.009876113993723757, 0.009097468969655196, 0.010002494551291843], [-0.020298194507410845, 0.010002494551291841, 0.05327172506355167]], "chi2_level": 0.95, "chi2_df": 3, "chi2_threshold": 7.814727903251179, "N_raw": 107, "N_roi": 107, "N_inlier": 104, "refit": true}
{"timestamp": "15:31:17.466173", "frame": 87, "mu": [1.1010839136225, 1.509794734428624, 1.1993850226698362], "Sigma": [[0.011256793077925684, -0.004176109784590086, -0.010583685006033171], [-0.004176109784590086, 0.007554146588654226, -0.002875600851576847], [-0.010583685006033171, -0.002875600851576847, 0.024065474822826817]], "chi2_level": 0.95, "chi2_df": 3, "chi2_threshold": 7.814727903251179, "N_raw": 97, "N_roi": 97, "N_inlier": 95, "refit": true}
{"timestamp": "15:31:17.519404", "frame": 88, "mu": [1.1024229598264856, 1.452545628640651, 1.2047697798256891], "Sigma": [[0.009803812311145814, -0.003207219121785859, -0.008393712630942612], [-0.003207219121785859, 0.0049902843648817466, -0.001942254857753952], [-0.008393712630942612, -0.001942254857753952, 0.02254339997390916]], "chi2_level": 0.95, "chi2_df": 3, "chi2_threshold": 7.814727903251179, "N_raw": 84, "N_roi": 84, "N_inlier": 81, "refit": true}
{"timestamp": "15:31:17.573547", "frame": 89, "mu": [1.0763968583649701, 1.4069383331912353, 1.2392966892640147], "Sigma": [[0.011259820058964755, -0.0037568065468139983, -0.009177427232339483], [-0.003756806546813999, 0.00614883621973515, -0.0013964024527620804], [-0.009177427232339483, -0.0013964024527620804, 0.015267186066876486]], "chi2_level": 0.95, "chi2_df": 3, "chi2_threshold": 7.814727903251179, "N_raw": 86, "N_roi": 86, "N_inlier": 82, "refit": true}
{"timestamp": "15:31:17.629162", "frame": 90, "mu": [1.0619342840829225, 1.345741026129226, 1.1389500470144973], "Sigma": [[0.010955659317462696, -0.005420836793820116, -0.012159712679895601], [-0.005420836793820116, 0.004384291578527176, 0.0024108372203670314], [-0.012159712679895601, 0.0024108372203670314, 0.03411153916081677]], "chi2_level": 0.95, "chi2_df": 3, "chi2_threshold": 7.814727903251179, "N_raw": 85, "N_roi": 85, "N_inlier": 83, "refit": true}
{"timestamp": "15:31:17.682821", "frame": 91, "mu": [1.017471231025117, 1.292888626147956, 1.1852643698710719], "Sigma": [[0.012225402341275433, -0.005706545846604617, -0.01894272524509437], [-0.005706545846604617, 0.005735728970030077, 0.005972990703578117], [-0.01894272524509437, 0.005972990703578117, 0.049248584469972496]], "chi2_level": 0.95, "chi2_df": 3, "chi2_threshold": 7.814727903251179, "N_raw": 80, "N_roi": 80, "N_inlier": 76, "refit": true}
{"timestamp": "15:31:17.735974", "frame": 92, "mu": [1.0026176334613361, 1.264008985788372, 1.2959208712731651], "Sigma": [[0.010201596000060036, -0.004713234200063321, -0.01117266185816665], [-0.004713234200063321, 0.005840149343378372, 0.0028480104101124993], [-0.01117266185816665, 0.0028480104101124997, 0.015445422566080481]], "chi2_level": 0.95, "chi2_df": 3, "chi2_threshold": 7.814727903251179, "N_raw": 67, "N_roi": 67, "N_inlier": 63, "refit": true}
{"timestamp": "15:31:17.793699", "frame": 93, "mu": [0.9130868499719612, 1.436624142023575, -0.35237556448303925], "Sigma": [[0.009830477950789706, -0.00298992947237972, -0.00746847516474794], [-0.002989929472379721, 0.012316669154412298, -0.02446542038519973], [-0.007468475164747938, -0.02446542038519973, 0.08211772493686116]], "chi2_level": 0.95, "chi2_df": 3, "chi2_threshold": 7.814727903251179, "N_raw": 82, "N_roi": 82, "N_inlier": 77, "refit": true}
{"timestamp": "15:31:17.846104", "frame": 94, "mu": [0.8743818548909635, 1.2855904782295007, -0.5220040473205293], "Sigma": [[0.009152224639819524, 0.0011227625431007228, -0.0019323048751457802], [0.001122762543100723, 0.0037883347195955836, 0.0014379776232208848], [-0.00193230487514578, 0.001437977623220885, 0.0368863249266095]], "chi2_level": 0.95, "chi2_df": 3, "chi2_threshold": 7.814727903251179, "N_raw": 72, "N_roi": 72, "N_inlier": 69, "refit": true}
{"timestamp": "15:31:17.902613", "frame": 95, "mu": [0.901445604777631, 1.2158812156295626, 1.3230892634043367], "Sigma": [[0.008344396565241831, -0.002217041872391765, -0.00734943506472136], [-0.002217041872391765, 0.003407755883349078, -0.0012883296258118194], [-0.00734943506472136, -0.0012883296258118194, 0.017342555963855654]], "chi2_level": 0.95, "chi2_df": 3, "chi2_threshold": 7.814727903251179, "N_raw": 78, "N_roi": 78, "N_inlier": 71, "refit": true}
{"timestamp": "15:31:17.950983", "frame": 96, "mu": [0.7553359815530912, 1.1819679447801286, 1.421439528617066], "Sigma": [[0.005511961478965192, -0.003812841077377953, -0.015418241399951921], [-0.003812841077377952, 0.006190440836720172, 0.025183390536324096], [-0.015418241399951921, 0.025183390536324096, 0.1653961720358977]], "chi2_level": 0.95, "chi2_df": 3, "chi2_threshold": 7.814727903251179, "N_raw": 35, "N_roi": 35, "N_inlier": 30, "refit": true}
{"timestamp": "15:31:18.012628", "frame": 97, "mu": [0.7260142308385218, 1.1671728627623792, 1.2602588858950081], "Sigma": [[0.0069277858575738545, 0.0006475702657840647, 0.02184428753133078], [0.0006475702657840647, 0.004756198512248919, 0.018061461835286823], [0.02184428753133078, 0.018061461835286823, 0.2847819074410555]], "chi2_level": 0.95, "chi2_df": 3, "chi2_threshold": 7.814727903251179, "N_raw": 64, "N_roi": 64, "N_inlier": 61, "refit": true}
{"timestamp": "15:31:18.064442", "frame": 98, "mu": [0.7555067276728732, 1.155242972906202, 1.410489006744639], "Sigma": [[0.006251058873003731, -0.0010217199970392196, -0.007764575995362959], [-0.0010217199970392193, 0.0038034710834334746, -0.0002284858770090483], [-0.007764575995362959, -0.00022848587700904834, 0.011794044572785062]], "chi2_level": 0.95, "chi2_df": 3, "chi2_threshold": 7.814727903251179, "N_raw": 63, "N_roi": 63, "N_inlier": 60, "refit": true}
{"timestamp": "15:31:18.119550", "frame": 99, "mu": [0.7302437951701516, 1.1444744818885133, 1.3654708672403388], "Sigma": [[0.010414973833589131, -0.0036187638261265488, -0.014260281448719828], [-0.0036187638261265483, 0.0033057644905087934, 0.003971835525818097], [-0.01426028144871983, 0.003971835525818097, 0.02375393935323042]], "chi2_level": 0.95, "chi2_df": 3, "chi2_threshold": 7.814727903251179, "N_raw": 62, "N_roi": 62, "N_inlier": 59, "refit": true}
{"timestamp": "15:31:18.268691", "frame": 100, "mu": [0.6654569390098277, 1.147132657294532, 1.413730942071696], "Sigma": [[0.00771077265233447, -0.0020820356898982695, -0.008879506385642957], [-0.0020820356898982695, 0.00501329571173676, 0.0017009587301299875], [-0.008879506385642957, 0.0017009587301299875, 0.010995711538199806]], "chi2_level": 0.95, "chi2_df": 3, "chi2_threshold": 7.814727903251179, "N_raw": 71, "N_roi": 71, "N_inlier": 68, "refit": true}
{"timestamp": "15:31:18.289099", "frame": 101, "mu": [0.5496104981114871, 1.1729385509602779, 1.4794825180509965], "Sigma": [[0.005009040709269867, -0.0015548943452288308, -0.006111433483059453], [-0.0015548943452288308, 0.0034999059759058117, 0.00101361774547396], [-0.006111433483059453, 0.00101361774547396, 0.013268394644472069]], "chi2_level": 0.95, "chi2_df": 3, "chi2_threshold": 7.814727903251179, "N_raw": 49, "N_roi": 48, "N_inlier": 44, "refit": true}
{"timestamp": "15:31:18.322987", "frame": 102, "mu": [0.4850991259859768, 1.1822402571085182, 1.4840333513746062], "Sigma": [[0.0026502475079232075, -0.00026580257367851814, -0.00171004542129249], [-0.00026580257367851814, 0.004610888897173975, -0.0027810447141013153], [-0.00171004542129249, -0.0027810447141013153, 0.0033960539883377758]], "chi2_level": 0.95, "chi2_df": 3, "chi2_threshold": 7.814727903251179, "N_raw": 58, "N_roi": 58, "N_inlier": 56, "refit": true}
{"timestamp": "15:31:18.352128", "frame": 103, "mu": [0.4806570674193192, 1.1398442426040563, 1.4494890341114446], "Sigma": [[0.004843531597650761, 9.940344122081257e-06, -0.0042360708841458015], [9.940344122081257e-06, 0.0016192723311041289, -0.0016288330311357404], [-0.0042360708841458015, -0.0016288330311357406, 0.005906156068633058]], "chi2_level": 0.95, "chi2_df": 3, "chi2_threshold": 7.814727903251179, "N_raw": 56, "N_roi": 56, "N_inlier": 52, "refit": true}
{"timestamp": "15:31:18.391633", "frame": 104, "mu": [0.38271255492190415, 1.173854448860111, 1.474728517841199], "Sigma": [[0.002337667881380723, -0.0005278542215857126, -0.001139999184625046], [-0.0005278542215857126, 0.0029143038592834816, -0.0023176929619372504], [-0.001139999184625046, -0.00231769296193725, 0.003126719969361061]], "chi2_level": 0.95, "chi2_df": 3, "chi2_threshold": 7.814727903251179, "N_raw": 46, "N_roi": 46, "N_inlier": 45, "refit": true}
{"timestamp": "15:31:18.451499", "frame": 105, "mu": [0.35988886339853143, 1.172609310955578, 1.4746136428445877], "Sigma": [[0.0040867802917197845, -0.0003619483937481292, -0.004365387285182805], [-0.0003619483937481292, 0.0042315348961145215, -0.0017796583521238478], [-0.004365387285182806, -0.0017796583521238474, 0.006157649241733737]], "chi2_level": 0.95, "chi2_df": 3, "chi2_threshold": 7.814727903251179, "N_raw": 70, "N_roi": 70, "N_inlier": 66, "refit": true}
{"timestamp": "15:31:18.501577", "frame": 106, "mu": [0.30062688426950973, 1.140493753171969, 1.5170336642198878], "Sigma": [[0.002019207283117206, -0.00043429430106357067, -0.0035276719602578715], [-0.00043429430106357067, 0.003463037922338279, 0.0024016477582668857], [-0.0035276719602578715, 0.0024016477582668857, 0.016919083305754742]], "chi2_level": 0.95, "chi2_df": 3, "chi2_threshold": 7.814727903251179, "N_raw": 45, "N_roi": 45, "N_inlier": 38, "refit": true}
{"timestamp": "15:31:18.559338", "frame": 107, "mu": [0.253865796364697, 1.166037330769542, 1.5197304840611503], "Sigma": [[0.0030639059418781215, 0.0004962185004712264, -0.0024030271734296295], [0.0004962185004712263, 0.0033527755403229336, -0.0015795447215082785], [-0.0024030271734296295, -0.0015795447215082787, 0.0029590916526577174]], "chi2_level": 0.95, "chi2_df": 3, "chi2_threshold": 7.814727903251179, "N_raw": 57, "N_roi": 57, "N_inlier": 51, "refit": true}
{"timestamp": "15:31:18.612626", "frame": 108, "mu": [0.252334183307252, 1.0832370301845375, 1.3957635738909335], "Sigma": [[0.0029226851218840527, -0.0018891290221086077, -0.004621010860497277], [-0.0018891290221086077, 0.004098459294318533, 0.001943382524759274], [-0.004621010860497277, 0.0019433825247592742, 0.008052602379059637]], "chi2_level": 0.95, "chi2_df": 3, "chi2_threshold": 7.814727903251179, "N_raw": 48, "N_roi": 48, "N_inlier": 44, "refit": true}
{"timestamp": "15:31:18.668971", "frame": 109, "mu": [0.21794716068908013, 1.0443605783145298, 1.2747163492796496], "Sigma": [[0.0027192903949778374, 1.786915258100366e-05, 0.0013858023980599244], [1.7869152581003714e-05, 0.0027903126206604715, 0.00589704071373122], [0.0013858023980599244, 0.005897040713731221, 0.048014842954535404]], "chi2_level": 0.95, "chi2_df": 3, "chi2_threshold": 7.814727903251179, "N_raw": 55, "N_roi": 55, "N_inlier": 48, "refit": true}
{"timestamp": "15:31:18.779282", "frame": 111, "mu": [0.12326384429175326, 1.0980522688387342, 1.3828279662673817], "Sigma": [[0.002462570564553586, -0.00042836411722601604, -0.0026916975615085886], [-0.000428364117226016, 0.007037053384627447, -0.0006100664765599998], [-0.0026916975615085886, -0.0006100664765599999, 0.004063850179354196]], "chi2_level": 0.95, "chi2_df": 3, "chi2_threshold": 7.814727903251179, "N_raw": 67, "N_roi": 67, "N_inlier": 63, "refit": true}
{"timestamp": "15:31:18.836455", "frame": 112, "mu": [0.009833643635770361, 1.1022972249704441, 1.4679017130213472], "Sigma": [[0.0031945755434863487, -0.002794952742922399, -0.005037796202493193], [-0.002794952742922399, 0.00943074753891446, 0.005904482412177324], [-0.005037796202493193, 0.005904482412177324, 0.010830510584311817]], "chi2_level": 0.95, "chi2_df": 3, "chi2_threshold": 7.814727903251179, "N_raw": 71, "N_roi": 68, "N_inlier": 65, "refit": true}
{"timestamp": "15:31:18.891004", "frame": 113, "mu": [0.01565262205893243, 1.0979681457785093, 1.4272420576562126], "Sigma": [[0.002651178944836581, -0.0008697433267021003, -0.0027096007274466996], [-0.0008697433267021005, 0.00340430958912473, -0.0015155103942716898], [-0.0027096007274466996, -0.0015155103942716898, 0.0049914757613890815]], "chi2_level": 0.95, "chi2_df": 3, "chi2_threshold": 7.814727903251179, "N_raw": 63, "N_roi": 62, "N_inlier": 59, "refit": true}
{"timestamp": "15:31:18.948596", "frame": 114, "mu": [-0.07210614079419238, 1.098073936921993, 1.4721152270296134], "Sigma": [[0.0033730101939828706, -0.001624775788685012, -0.005373786756430868], [-0.001624775788685012, 0.008864961031731634, -0.0001093845768068999], [-0.005373786756430868, -0.00010938457680689968, 0.010984018395656938]], "chi2_level": 0.95, "chi2_df": 3, "chi2_threshold": 7.814727903251179, "N_raw": 89, "N_roi": 89, "N_inlier": 86, "refit": true}
{"timestamp": "15:31:19.000425", "frame": 115, "mu": [-0.12914031224210762, 1.1270576610278362, 1.5199202643322605], "Sigma": [[0.003549149658320365, -0.0010336649897062704, -0.0033457893536675922], [-0.0010336649897062704, 0.004257527502547244, -0.001390461800300234], [-0.003345789353667592, -0.001390461800300234, 0.00501395454560752]], "chi2_level": 0.95, "chi2_df": 3, "chi2_threshold": 7.814727903251179, "N_raw": 68, "N_roi": 68, "N_inlier": 64, "refit": true}
{"timestamp": "15:31:19.058701", "frame": 116, "mu": [-0.18325136205597503, 1.164264559884138, -0.09255156787386581], "Sigma": [[0.0038938376564700734, -0.00212852610761537, 0.015830397679474823], [-0.00212852610761537, 0.010623407974184186, -0.03232085518035049], [0.015830397679474823, -0.03232085518035049, 0.20925587509245744]], "chi2_level": 0.95, "chi2_df": 3, "chi2_threshold": 7.814727903251179, "N_raw": 88, "N_roi": 88, "N_inlier": 85, "refit": true}
{"timestamp": "15:31:19.112586", "frame": 117, "mu": [-0.23820466370184945, 1.225836870795909, -0.21245012937478905], "Sigma": [[0.003084255482863022, 0.00018088715582926124, -0.0027060022534794188], [0.00018088715582926127, 0.0054680332830378915, -0.004369090243616144], [-0.0027060022534794188, -0.004369090243616144, 0.008266607549112301]], "chi2_level": 0.95, "chi2_df": 3, "chi2_threshold": 7.814727903251179, "N_raw": 78, "N_roi": 78, "N_inlier": 73, "refit": true}
{"timestamp": "15:31:19.168033", "frame": 118, "mu": [-0.3133142910279814, 1.1905167844301536, -0.1508142989938946], "Sigma": [[0.0031661601067758363, -0.000814594121624221, 0.0006204037688262692], [-0.0008145941216242208, 0.007685793115026836, -0.0056568115709765545], [0.0006204037688262696, -0.005656811570976554, 0.024945346357142004]], "chi2_level": 0.95, "chi2_df": 3, "chi2_threshold": 7.814727903251179, "N_raw": 78, "N_roi": 78, "N_inlier": 69, "refit": true}
{"timestamp": "15:31:19.221949", "frame": 119, "mu": [-0.33618341719686506, 1.0950154520407438, 1.3789945203370524], "Sigma": [[0.00697928777671795, -0.004436543196260181, -0.022451935380962296], [-0.004436543196260181, 0.006564088775946251, 0.020982464723493396], [-0.022451935380962296, 0.020982464723493396, 0.11523709789767111]], "chi2_level": 0.95, "chi2_df": 3, "chi2_threshold": 7.814727903251179, "N_raw": 75, "N_roi": 75, "N_inlier": 70, "refit": true}
{"timestamp": "15:31:19.275638", "frame": 120, "mu": [-0.4150641704831345, 1.1694346920593437, 1.5807460095065133], "Sigma": [[0.00386861503836118, -0.0008261239151467689, -0.002013136913343802], [-0.0008261239151467691, 0.006142217277780794, -0.0021812211529806673], [-0.002013136913343802, -0.0021812211529806673, 0.002580375727715272]], "chi2_level": 0.95, "chi2_df": 3, "chi2_threshold": 7.814727903251179, "N_raw": 72, "N_roi": 72, "N_inlier": 69, "refit": true}
{"timestamp": "15:31:19.333193", "frame": 121, "mu": [-0.4370789190819472, 1.1793373272456673, 1.4898444248308178], "Sigma": [[0.0041925369269830365, -0.001678279560080982, -0.002372252117950448], [-0.001678279560080982, 0.009779305082249973, -0.0035060801578756934], [-0.0023722521179504476, -0.0035060801578756934, 0.00409067522121313]], "chi2_level": 0.95, "chi2_df": 3, "chi2_threshold": 7.814727903251179, "N_raw": 94, "N_roi": 94, "N_inlier": 90, "refit": true}
{"timestamp": "15:31:19.389099", "frame": 122, "mu": [-0.47312490484795705, 1.1879778732395627, 1.45165425620482], "Sigma": [[0.004166075791789407, -0.00011437602687941362, -0.0021124040372012907], [-0.00011437602687941356, 0.0047270063504288, -0.004764289617685431], [-0.0021124040372012907, -0.004764289617685432, 0.007346701445679358]], "chi2_level": 0.95, "chi2_df": 3, "chi2_threshold": 7.814727903251179, "N_raw": 83, "N_roi": 83, "N_inlier": 79, "refit": true}
{"timestamp": "15:31:19.443092", "frame": 123, "mu": [-0.5487600934766252, 1.1617820251044613, 1.4517844874066574], "Sigma": [[0.005286260597426409, -0.001329940136619712, -0.00275201034528645], [-0.001329940136619712, 0.010742231577417884, 0.0007895870700555115], [-0.00275201034528645, 0.0007895870700555115, 0.0030498922033706916]], "chi2_level": 0.95, "chi2_df": 3, "chi2_threshold": 7.814727903251179, "N_raw": 88, "N_roi": 88, "N_inlier": 83, "refit": true}
{"timestamp": "15:31:19.496997", "frame": 124, "mu": [-0.5764591034873975, 1.2308050541538123, -0.49078256329177433], "Sigma": [[0.004578665214360235, 0.00024685565208677816, 0.0022196567455363522], [0.0002468556520867781, 0.014559141782525873, 0.00814319294029043], [0.002219656745536352, 0.00814319294029043, 0.012895358527306316]], "chi2_level": 0.95, "chi2_df": 3, "chi2_threshold": 7.814727903251179, "N_raw": 75, "N_roi": 75, "N_inlier": 75, "refit": true}
{"timestamp": "15:31:19.556002", "frame": 125, "mu": [-0.6005195677973462, 1.3357694854081734, -0.3206553580384524], "Sigma": [[0.004586332289604935, 0.00042408441906425766, -0.006749433863126127], [0.0004240844190642576, 0.014264685932894676, -0.00018041073322790937], [-0.006749433863126128, -0.0001804107332279091, 0.028694828605792685]], "chi2_level": 0.95, "chi2_df": 3, "chi2_threshold": 7.814727903251179, "N_raw": 99, "N_roi": 96, "N_inlier": 91, "refit": true}
