{"timestamp": "15:14:34.827910", "frame": 24, "mu": [-2.254954779884075, 4.94613846847512, 1.3850845571638397], "Sigma": [[0.013963740325469353, 0.0017754007005776264, -0.004819042621254687], [0.0017754007005776262, 0.0014183261080495198, -0.003186987228644856], [-0.004819042621254688, -0.003186987228644856, 0.009502289345914969]], "chi2_level": 0.95, "chi2_df": 3, "chi2_threshold": 7.814727903251179, "N_raw": 40, "N_roi": 15, "N_inlier": 15, "refit": true}
{"timestamp": "15:14:35.101781", "frame": 29, "mu": [-1.9950988845558055, 4.946604642817889, 0.8891532649920445], "Sigma": [[0.03139134372481879, 0.004352301442709991, -0.023540698807760232], [0.004352301442709991, 0.0012260522321803954, -0.004017497800185753], [-0.02354069880776023, -0.004017497800185754, 0.022006345892269828]], "chi2_level": 0.95, "chi2_df": 3, "chi2_threshold": 7.814727903251179, "N_raw": 27, "N_roi": 17, "N_inlier": 17, "refit": true}
{"timestamp": "15:14:35.159174", "frame": 30, "mu": [-2.0822729900728527, 4.914513287070563, 0.9863793382749769], "Sigma": [[0.03153776890029804, 0.005689803140244759, -0.011896068458454184], [0.005689803140244759, 0.003604304317008168, -0.00535587951534789], [-0.011896068458454184, -0.00535587951534789, 0.011389601915955682]], "chi2_level": 0.95, "chi2_df": 3, "chi2_threshold": 7.814727903251179, "N_raw": 49, "N_roi": 35, "N_inlier": 34, "refit": true}
{"timestamp": "15:14:35.215700", "frame": 31, "mu": [-2.037116360119923, 4.888379387409765, 0.7420763753282095], "Sigma": [[0.03076082872400579, 0.004668622335398782, -0.017684288049316862], [0.004668622335398782, 0.003310920008524325, -0.004450010180531757], [-0.017684288049316862, -0.004450010180531757, 0.012879099024487401]], "chi2_level": 0.95, "chi2_df": 3, "chi2_threshold": 7.814727903251179, "N_raw": 34, "N_roi": 33, "N_inlier": 31, "refit": true}
{"timestamp": "15:14:35.267400", "frame": 32, "mu": [-2.0460464759191552, 4.870821091871149, 0.7838585245165347], "Sigma": [[0.020213452039175756, 0.004519921511791989, -0.013197025977321268], [0.0045199215117919895, 0.002718484639158525, -0.0052604828016254565], [-0.01319702597732127, -0.005260482801625457, 0.017127974220768644]], "chi2_level": 0.95, "chi2_df": 3, "chi2_threshold": 7.814727903251179, "N_raw": 20, "N_roi": 19, "N_inlier": 18, "refit": true}
{"timestamp": "15:14:35.326348", "frame": 33, "mu": [-2.048917024716836, 4.862475631374228, 0.8538027500322274], "Sigma": [[0.03627083113376754, 0.008024219924196201, -0.016755938064805853], [0.008024219924196201, 0.004486542310186717, -0.008964942358499163], [-0.016755938064805853, -0.008964942358499163, 0.022676361808985475]], "chi2_level": 0.95, "chi2_df": 3, "chi2_threshold": 7.814727903251179, "N_raw": 51, "N_roi": 47, "N_inlier": 47, "refit": true}
{"timestamp": "15:14:35.432649", "frame": 35, "mu": [-1.8604241054879713, 4.7330064720709455, 0.38220485564955925], "Sigma": [[0.03326071374562321, 0.006284305955306827, -0.018371240506447978], [0.006284305955306829, 0.0018786528544555649, -0.0044027285652425766], [-0.018371240506447978, -0.0044027285652425766, 0.01684237774019621]], "chi2_level": 0.95, "chi2_df": 3, "chi2_threshold": 7.814727903251179, "N_raw": 26, "N_roi": 26, "N_inlier": 25, "refit": true}
{"timestamp": "15:14:35.486357", "frame": 36, "mu": [-1.8540251958532339, 4.720607979103804, 0.5883350587781154], "Sigma": [[0.019321243063849337, 0.002703338615695761, -0.011492584929434883], [0.0027033386156957604, 0.001597721540189934, -0.002490726720362449], [-0.011492584929434885, -0.002490726720362449, 0.01332014194826377]], "chi2_level": 0.95, "chi2_df": 3, "chi2_threshold": 7.814727903251179, "N_raw": 17, "N_roi": 17, "N_inlier": 16, "refit": true}
{"timestamp": "15:14:35.545574", "frame": 37, "mu": [-1.857766626289669, 4.673729876973311, 0.7578500364261599], "Sigma": [[0.03485355462306397, 0.00946346564023428, -0.018326743001012533], [0.00946346564023428, 0.003947074060676723, -0.008305733466692257], [-0.018326743001012533, -0.008305733466692257, 0.022849942651770976]], "chi2_level": 0.95, "chi2_df": 3, "chi2_threshold": 7.814727903251179, "N_raw": 39, "N_roi": 39, "N_inlier": 38, "refit": true}
{"timestamp": "15:14:35.598114", "frame": 38, "mu": [-1.9667172080353477, 4.610363205365243, 0.760157250472873], "Sigma": [[0.02781632750142877, 0.005307733593703956, -0.008030873138693452], [0.005307733593703956, 0.0021753910181812005, -0.00438177692512692], [-0.008030873138693452, -0.00438177692512692, 0.017430559117970125]], "chi2_level": 0.95, "chi2_df": 3, "chi2_threshold": 7.814727903251179, "N_raw": 32, "N_roi": 32, "N_inlier": 30, "refit": true}
{"timestamp": "15:14:35.652958", "frame": 39, "mu": [-1.9943018665146934, 4.6311104595256465, 0.5415668466088462], "Sigma": [[0.019710216225365177, 0.0027216777223796357, -0.008877025629479248], [0.0027216777223796357, 0.002331269046569465, -0.0034005875878744822], [-0.008877025629479247, -0.0034005875878744822, 0.0131210688161129]], "chi2_level": 0.95, "chi2_df": 3, "chi2_threshold": 7.814727903251179, "N_raw": 20, "N_roi": 20, "N_inlier": 19, "refit": true}
{"timestamp": "15:14:35.708262", "frame": 40, "mu": [-1.930988434899818, 4.543344771456061, 0.48600642633348856], "Sigma": [[0.022665696754075385, 0.003145389642787661, -0.014653884342398914], [0.003145389642787661, 0.0014956712512070563, -0.003954161722872045], [-0.014653884342398914, -0.003954161722872044, 0.018458483586953657]], "chi2_level": 0.95, "chi2_df": 3, "chi2_threshold": 7.814727903251179, "N_raw": 29, "N_roi": 29, "N_inlier": 26, "refit": true}
{"timestamp": "15:14:35.761288", "frame": 41, "mu": [-1.8951892656608738, 4.472724682390604, 0.5199516873185831], "Sigma": [[0.022093323726669965, 0.0014763076013333712, -0.007078948664189695], [0.0014763076013333712, 0.000645872762129528, -0.000990243212162405], [-0.007078948664189695, -0.0009902432121624053, 0.005787382318432137]], "chi2_level": 0.95, "chi2_df": 3, "chi2_threshold": 7.814727903251179, "N_raw": 17, "N_roi": 16, "N_inlier": 14, "refit": true}
{"timestamp": "15:14:35.818113", "frame": 42, "mu": [-1.7599298749064918, 4.438197417257145, 0.6520363560353586], "Sigma": [[0.022717928779295023, 0.003068371872401226, -0.0021887675993303574], [0.003068371872401226, 0.0011861503130303653, -0.00042641360409061883], [-0.002188767599330358, -0.00042641360409061883, 0.023662557179730873]], "chi2_level": 0.95, "chi2_df": 3, "chi2_threshold": 7.814727903251179, "N_raw": 18, "N_roi": 18, "N_inlier": 15, "refit": true}
{"timestamp": "15:14:35.872609", "frame": 43, "mu": [-1.8110874025669594, 4.381196719816558, 0.8342363181542704], "Sigma": [[0.02188161099365401, 0.0029517467557295, -0.015261380698488827], [0.0029517467557295, 0.0008517793710215994, -0.002947011968014836], [-0.015261380698488827, -0.002947011968014836, 0.018266343111352487]], "chi2_level": 0.95, "chi2_df": 3, "chi2_threshold": 7.814727903251179, "N_raw": 20, "N_roi": 20, "N_inlier": 18, "refit": true}
{"timestamp": "15:14:35.981235", "frame": 45, "mu": [-2.015690231145285, 4.232969742280767, 0.4887352960895992], "Sigma": [[0.014112355057673928, 0.0036103183004844463, -0.006016572448586096], [0.0036103183004844463, 0.00138932646440431, -0.002654076636487809], [-0.006016572448586096, -0.0026540766364878086, 0.008597267277564135]], "chi2_level": 0.95, "chi2_df": 3, "chi2_threshold": 7.814727903251179, "N_raw": 19, "N_roi": 19, "N_inlier": 18, "refit": true}
{"timestamp": "15:14:36.092973", "frame": 47, "mu": [-1.8973198084198246, 4.088910259401118, 0.19615904778387994], "Sigma": [[0.019902454853322576, 0.0028116816217179782, -0.011641255353895904], [0.0028116816217179782, 0.0015190283984830985, -0.002866087540589778], [-0.011641255353895905, -0.002866087540589778, 0.015023961599336675]], "chi2_level": 0.95, "chi2_df": 3, "chi2_threshold": 7.814727903251179, "N_raw": 33, "N_roi": 33, "N_inlier": 31, "refit": true}
{"timestamp": "15:14:36.156332", "frame": 48, "mu": [-1.8442221852881122, 4.06993225788666, 0.5807395797157293], "Sigma": [[0.029735093761064656, 0.008090330956043272, 0.0006781942638971897], [0.00809033095604327, 0.0034225454182952066, -0.004411399473288696], [0.0006781942638971897, -0.004411399473288696, 0.07072100058170158]], "chi2_level": 0.95, "chi2_df": 3, "chi2_threshold": 7.814727903251179, "N_raw": 74, "N_roi": 72, "N_inlier": 71, "refit": true}
{"timestamp": "15:14:36.207884", "frame": 49, "mu": [-1.9324747127979525, 3.987776888010838, 0.403298531930335], "Sigma": [[0.029028574686581723, 0.007734193214969607, -0.0036989825680602646], [0.007734193214969607, 0.003996785489183659, -0.0026863393928782753], [-0.0036989825680602637, -0.002686339392878276, 0.022270150566278343]], "chi2_level": 0.95, "chi2_df": 3, "chi2_threshold": 7.814727903251179, "N_raw": 49, "N_roi": 49, "N_inlier": 48, "refit": true}
{"timestamp": "15:14:36.259353", "frame": 50, "mu": [-1.8208637949022948, 3.984519287787971, 0.7706199300231152], "Sigma": [[0.020301742319599327, 0.004859349162240325, -0.011077161491065239], [0.004859349162240325, 0.002331662426988892, -0.005308207583265014], [-0.011077161491065239, -0.005308207583265014, 0.020514664129709814]], "chi2_level": 0.95, "chi2_df": 3, "chi2_threshold": 7.814727903251179, "N_raw": 37, "N_roi": 37, "N_inlier": 35, "refit": true}
{"timestamp": "15:14:36.312194", "frame": 51, "mu": [-1.8343814960901903, 3.926616801664564, 0.6550958170333527], "Sigma": [[0.010033991761621668, 0.0023018219289207666, -0.01563677596118468], [0.0023018219289207666, 0.0008734387521020248, -0.004918741026266954], [-0.01563677596118468, -0.004918741026266954, 0.04062723527357301]], "chi2_level": 0.95, "chi2_df": 3, "chi2_threshold": 7.814727903251179, "N_raw": 23, "N_roi": 23, "N_inlier": 21, "refit": true}
{"timestamp": "15:14:36.368398", "frame": 52, "mu": [-1.8150081613033344, 3.873577775304592, 0.5279594111027212], "Sigma": [[0.018514621359632277, 0.0013408832875711743, -0.013956509983137532], [0.0013408832875711745, 0.0010466439045880896, -0.0020996120294217487], [-0.013956509983137529, -0.002099612029421749, 0.018945991781191877]], "chi2_level": 0.95, "chi2_df": 3, "chi2_threshold": 7.814727903251179, "N_raw": 28, "N_roi": 28, "N_inlier": 26, "refit": true}
{"timestamp": "15:14:36.478086", "frame": 54, "mu": [-1.9896495968570558, 3.730522343838627, 1.0792282937400055], "Sigma": [[0.01833275652559713, 0.00584382969104111, -0.01288432569767254], [0.00584382969104111, 0.002823747441146363, -0.0066245579548586215], [-0.01288432569767254, -0.0066245579548586215, 0.03246975260980159]], "chi2_level": 0.95, "chi2_df": 3, "chi2_threshold": 7.814727903251179, "N_raw": 30, "N_roi": 30, "N_inlier": 27, "refit": true}
{"timestamp": "15:14:36.533953", "frame": 55, "mu": [-1.8733074246204002, 3.691729301496101, 0.8742581018167718], "Sigma": [[0.019810406920159118, 0.004867483866692793, -0.022408092403317294], [0.004867483866692793, 0.002041059877288602, -0.007837233073447112], [-0.022408092403317294, -0.007837233073447112, 0.04646601370946581]], "chi2_level": 0.95, "chi2_df": 3, "chi2_threshold": 7.814727903251179, "N_raw": 39, "N_roi": 39, "N_inlier": 36, "refit": true}
{"timestamp": "15:14:36.592282", "frame": 56, "mu": [-1.9245969969482373, 3.6016505880565353, 1.0198893447957127], "Sigma": [[0.02584975961281496, 0.008670317678993312, -0.021581403094306888], [0.00867031767899331, 0.00493096434046593, -0.01181705174311061], [-0.021581403094306888, -0.01181705174311061, 0.038786002466558764]], "chi2_level": 0.95, "chi2_df": 3, "chi2_threshold": 7.814727903251179, "N_raw": 55, "N_roi": 55, "N_inlier": 52, "refit": true}
{"timestamp": "15:14:36.646958", "frame": 57, "mu": [-1.9804996039026976, 3.5430815460260656, 0.9782732099014776], "Sigma": [[0.026435257405296918, 0.008065771426914147, -0.027410465384441057], [0.008065771426914147, 0.004199450031994642, -0.01329130021418497], [-0.027410465384441057, -0.01329130021418497, 0.05592684073614617]], "chi2_level": 0.95, "chi2_df": 3, "chi2_threshold": 7.814727903251179, "N_raw": 52, "N_roi": 52, "N_inlier": 51, "refit": true}
{"timestamp": "15:14:36.697565", "frame": 58, "mu": [-1.8281815458730928, 3.5123946365278385, 0.8047410569519704], "Sigma": [[0.014305764753769953, 0.0023176109168014233, -0.01230485655856857], [0.0023176109168014233, 0.000676614378082874, -0.0015752292127212753], [-0.01230485655856857, -0.0015752292127212755, 0.02992886822053751]], "chi2_level": 0.95, "chi2_df": 3, "chi2_threshold": 7.814727903251179, "N_raw": 23, "N_roi": 23, "N_inlier": 22, "refit": true}
{"timestamp": "15:14:36.757368", "frame": 59, "mu": [-1.9404423230964531, 3.5661626169615457, -0.1080450741301496], "Sigma": [[0.021690911240842693, 0.009503163886114292, -0.005099208787585586], [0.009503163886114292, 0.009704407350796045, -0.012395572993047652], [-0.005099208787585586, -0.012395572993047653, 0.02439373578333452]], "chi2_level": 0.95, "chi2_df": 3, "chi2_threshold": 7.814727903251179, "N_raw": 49, "N_roi": 49, "N_inlier": 48, "refit": true}
{"timestamp": "15:14:36.810658", "frame": 60, "mu": [-1.8490734697821176, 3.3349130876861746, 0.8290920140334376], "Sigma": [[0.016921710699418023, 0.0042900464198289, -0.021892515785513822], [0.004290046419828901, 0.0018649630030746474, -0.0076389673765753195], [-0.021892515785513822, -0.007638967376575319, 0.05665119009349434]], "chi2_level": 0.95, "chi2_df": 3, "chi2_threshold": 7.814727903251179, "N_raw": 41, "N_roi": 41, "N_inlier": 39, "refit": true}
{"timestamp": "15:14:36.866221", "frame": 61, "mu": [-1.866669343780374, 3.3106786761503155, 0.8351772771720252], "Sigma": [[0.01790339250621311, 0.004448001966288989, -0.012100223909177855], [0.004448001966288989, 0.0023347827553430373, -0.006087974774581058], [-0.012100223909177855, -0.006087974774581058, 0.01952758701873504]], "chi2_level": 0.95, "chi2_df": 3, "chi2_threshold": 7.814727903251179, "N_raw": 39, "N_roi": 39, "N_inlier": 36, "refit": true}
{"timestamp": "15:14:36.972221", "frame": 63, "mu": [-1.8849203901589286, 3.1675291488850643, 0.6892555621893449], "Sigma": [[0.007905576006721564, 0.002987290803996154, 0.0038563711902587757], [0.002987290803996154, 0.0020798858365142186, 0.003321149824659385], [0.0038563711902587757, 0.003321149824659385, 0.05851890741365577]], "chi2_level": 0.95, "chi2_df": 3, "chi2_threshold": 7.814727903251179, "N_raw": 21, "N_roi": 21, "N_inlier": 19, "refit": true}
{"timestamp": "15:14:37.028258", "frame": 64, "mu": [-1.8828274740715807, 3.083191774152248, 0.6613339383410394], "Sigma": [[0.019858056364983348, 0.0041021469613415585, 0.013694416131855682], [0.0041021469613415585, 0.001543228320015764, 0.0021098522372403317], [0.013694416131855682, 0.0021098522372403313, 0.036334586993090945]], "chi2_level": 0.95, "chi2_df": 3, "chi2_threshold": 7.814727903251179, "N_raw": 28, "N_roi": 28, "N_inlier": 27, "refit": true}
{"timestamp": "15:14:37.085349", "frame": 65, "mu": [-1.9838933297576522, 3.287923527295357, -0.6610241939112325], "Sigma": [[0.021270304305123916, 0.007062207664892652, -4.691348034613525e-06], [0.007062207664892652, 0.006728137538971565, -0.0031887118337937718], [-4.691348034612224e-06, -0.003188711833793772, 0.005950227036393131]], "chi2_level": 0.95, "chi2_df": 3, "chi2_threshold": 7.814727903251179, "N_raw": 41, "N_roi": 41, "N_inlier": 38, "refit": true}
{"timestamp": "15:14:37.141599", "frame": 66, "mu": [-1.7944649167390028, 3.1969748560811984, -0.5645942627024925], "Sigma": [[0.02232378122198405, 0.003421058112736814, 0.013313615990125666], [0.003421058112736814, 0.008460011948097429, 0.008763175888049311], [0.013313615990125666, 0.008763175888049311, 0.05305918363112766]], "chi2_level": 0.95, "chi2_df": 3, "chi2_threshold": 7.814727903251179, "N_raw": 43, "N_roi": 43, "N_inlier": 41, "refit": true}
{"timestamp": "15:14:37.196336", "frame": 67, "mu": [-1.8872233100025533, 3.163137018715354, -0.6693221227659335], "Sigma": [[0.010934834452070906, 0.005971252723738756, 0.012867206832614431], [0.005971252723738756, 0.009814895137227794, 0.0062459433364918], [0.012867206832614431, 0.0062459433364918, 0.07962517098185456]], "chi2_level": 0.95, "chi2_df": 3, "chi2_threshold": 7.814727903251179, "N_raw": 42, "N_roi": 42, "N_inlier": 39, "refit": true}
{"timestamp": "15:14:37.249519", "frame": 68, "mu": [-1.9840256536746508, 2.7782242562755055, -1.458835821850073], "Sigma": [[0.011732960492564776, 0.0036362571134663426, -0.012022236562592426], [0.0036362571134663417, 0.0018394769640450402, 9.549673872994726e-05], [-0.012022236562592424, 9.549673872994726e-05, 0.09117617205694278]], "chi2_level": 0.95, "chi2_df": 3, "chi2_threshold": 7.814727903251179, "N_raw": 31, "N_roi": 29, "N_inlier": 26, "refit": true}
{"timestamp": "15:14:37.308582", "frame": 69, "mu": [-1.8168049724364814, 2.997228271369215, -0.5373461082068277], "Sigma": [[0.02053200770177951, 0.002051288518601416, 0.010192141167851358], [0.0020512885186014154, 0.004020911881022673, -0.006519801561897228], [0.01019214116785136, -0.006519801561897227, 0.03388807897931294]], "chi2_level": 0.95, "chi2_df": 3, "chi2_threshold": 7.814727903251179, "N_raw": 53, "N_roi": 53, "N_inlier": 51, "refit": true}
{"timestamp": "15:14:37.359724", "frame": 70, "mu": [-1.986780826126876, 2.6642311711971804, 0.6549286800615974], "Sigma": [[0.01835245099914949, 0.006067453520226438, 0.0112835899465114], [0.006067453520226438, 0.0027493959527743195, 0.0025708326302901637], [0.0112835899465114, 0.0025708326302901637, 0.03716266508518424]], "chi2_level": 0.95, "chi2_df": 3, "chi2_threshold": 7.814727903251179, "N_raw": 29, "N_roi": 29, "N_inlier": 28, "refit": true}
{"timestamp": "15:14:37.411367", "frame": 71, "mu": [-1.8385783612025381, 2.6865282791874647, 0.7829297687458405], "Sigma": [[0.0074808913810353464, 0.0010127897998227883, -0.0008783162495935825], [0.0010127897998227881, 0.00091534017445643, -0.001477935369506541], [-0.0008783162495935824, -0.0014779353695065411, 0.00888343665568174]], "chi2_level": 0.95, "chi2_df": 3, "chi2_threshold": 7.814727903251179, "N_raw": 14, "N_roi": 14, "N_inlier": 12, "refit": true}
{"timestamp": "15:14:37.467883", "frame": 72, "mu": [-1.824735998702484, 2.634362231643701, 0.7618494990036941], "Sigma": [[0.008540454515260388, 0.001489905351147425, -0.012483208828874423], [0.001489905351147425, 0.0007640897121944724, -0.004088154004123003], [-0.012483208828874423, -0.004088154004123004, 0.03398082952323906]], "chi2_level": 0.95, "chi2_df": 3, "chi2_threshold": 7.814727903251179, "N_raw": 23, "N_roi": 23, "N_inlier": 21, "refit": true}
{"timestamp": "15:14:37.525344", "frame": 73, "mu": [-1.8223862190983648, 2.7997016849286758, -0.6155120741947276], "Sigma": [[0.010436302009877446, 0.004364380506263935, -0.007948510629297405], [0.004364380506263935, 0.003451414819900944, -0.0070874702090257214], [-0.007948510629297406, -0.0070874702090257214, 0.018343120004240317]], "chi2_level": 0.95, "chi2_df": 3, "chi2_threshold": 7.814727903251179, "N_raw": 33, "N_roi": 33, "N_inlier": 29, "refit": true}
{"timestamp": "15:14:37.578421", "frame": 74, "mu": [-1.9262654196338822, 2.44668229221786, 0.7056446100960391], "Sigma": [[0.019152041058829346, 0.004727824228855383, 0.005686050694368979], [0.004727824228855383, 0.003061348724482559, 0.007330238282805734], [0.005686050694368979, 0.007330238282805734, 0.07515422301185534]], "chi2_level": 0.95, "chi2_df": 3, "chi2_threshold": 7.814727903251179, "N_raw": 24, "N_roi": 24, "N_inlier": 22, "refit": true}
{"timestamp": "15:14:37.688795", "frame": 76, "mu": [-1.9312692493394437, 2.3678104355179763, 0.7998391757337094], "Sigma": [[0.013633256373665076, 0.0009037286631795038, -0.006892014319324851], [0.0009037286631795038, 0.00270805656756231, -0.0007400485455477863], [-0.006892014319324853, -0.0007400485455477863, 0.004253768133015008]], "chi2_level": 0.95, "chi2_df": 3, "chi2_threshold": 7.814727903251179, "N_raw": 29, "N_roi": 29, "N_inlier": 27, "refit": true}
{"timestamp": "15:14:37.746403", "frame": 77, "mu": [-1.8765299342337154, 2.2547105928747526, -1.3210272536319483], "Sigma": [[0.011340107668132668, 0.003772349213869761, -0.005709052805370108], [0.003772349213869761, 0.006333285396410417, -0.002210186744402003], [-0.005709052805370108, -0.0022101867444020034, 0.004877051682852795]], "chi2_level": 0.95, "chi2_df": 3, "chi2_threshold": 7.814727903251179, "N_raw": 41, "N_roi": 41, "N_inlier": 36, "refit": true}
{"timestamp": "15:14:37.798103", "frame": 78, "mu": [-1.9127115076924535, 2.133388409358171, 0.8881058180701575], "Sigma": [[0.026347326116021988, 0.021768496262186743, -0.04781763225394745], [0.021768496262186743, 0.02334112236354674, -0.048022692649064114], [-0.04781763225394745, -0.048022692649064114, 0.11885469819977929]], "chi2_level": 0.95, "chi2_df": 3, "chi2_threshold": 7.814727903251179, "N_raw": 19, "N_roi": 19, "N_inlier": 19, "refit": true}
{"timestamp": "15:14:37.852681", "frame": 79, "mu": [-1.9691172343447714, 1.9830200368205986, 1.1449206977234176], "Sigma": [[0.05556844624862052, 0.050767304635886745, -0.08737520857551043], [0.050767304635886745, 0.049023326913838275, -0.0835305056525531], [-0.08737520857551043, -0.08353050565255311, 0.15066275701810453]], "chi2_level": 0.95, "chi2_df": 3, "chi2_threshold": 7.814727903251179, "N_raw": 24, "N_roi": 24, "N_inlier": 22, "refit": true}
{"timestamp": "15:14:37.916260", "frame": 80, "mu": [-2.039639922790923, 1.8805713170519023, 1.3631263854591076], "Sigma": [[0.02650432030606284, 0.021606487861742563, -0.01771696864793256], [0.021606487861742563, 0.02652653806541684, -0.019320064963561964], [-0.01771696864793256, -0.019320064963561964, 0.015445895528386483]], "chi2_level": 0.95, "chi2_df": 3, "chi2_threshold": 7.814727903251179, "N_raw": 86, "N_roi": 86, "N_inlier": 82, "refit": true}
{"timestamp": "15:14:37.964254", "frame": 81, "mu": [-2.199589591903693, 1.8371802799327999, -0.9689070315165953], "Sigma": [[0.027211541181661823, 0.010643674777334682, 0.006747212776788227], [0.01064367477733468, 0.01009260550089256, -0.012775433795447794], [0.006747212776788227, -0.012775433795447794, 0.050337971938683335]], "chi2_level": 0.95, "chi2_df": 3, "chi2_threshold": 7.814727903251179, "N_raw": 29, "N_roi": 29, "N_inlier": 27, "refit": true}
{"timestamp": "15:14:38.017508", "frame": 82, "mu": [-2.041478615717503, 1.719528634691124, 1.3689276385276248], "Sigma": [[0.02192787384506624, 0.022526132209994325, -0.0333664410024825], [0.022526132209994325, 0.030087923423014598, -0.04549887905965618], [-0.0333664410024825, -0.04549887905965618, 0.09076543745061252]], "chi2_level": 0.95, "chi2_df": 3, "chi2_threshold": 7.814727903251179, "N_raw": 24, "N_roi": 24, "N_inlier": 23, "refit": true}
{"timestamp": "15:14:38.075361", "frame": 83, "mu": [-2.0741263092778217, 1.602426784042037, 1.438184657867165], "Sigma": [[0.01608433792359932, 0.012350633560188184, -0.012585198475316054], [0.012350633560188184, 0.014162804965051736, -0.012198168871285392], [-0.012585198475316054, -0.012198168871285392, 0.012207257134548146]], "chi2_level": 0.95, "chi2_df": 3, "chi2_threshold": 7.814727903251179, "N_raw": 45, "N_roi": 45, "N_inlier": 43, "refit": true}
{"timestamp": "15:14:38.130955", "frame": 84, "mu": [-2.048432980870457, 1.5422821172117491, 1.472988417901361], "Sigma": [[0.009848647119627607, 0.0069562596683514204, -0.008085927817839862], [0.0069562596683514204, 0.010783673488157378, -0.007238016153421991], [-0.008085927817839862, -0.00723801615342199, 0.007771310248768104]], "chi2_level": 0.95, "chi2_df": 3, "chi2_threshold": 7.814727903251179, "N_raw": 41, "N_roi": 41, "N_inlier": 37, "refit": true}
{"timestamp": "15:14:38.248289", "frame": 86, "mu": [-2.043980665916246, 1.486924703805479, -0.28718906352554546], "Sigma": [[0.014302400766531593, 0.009420269613236037, 0.02838490578186454], [0.009420269613236037, 0.019118374304387023, 0.023950730637781303], [0.028384905781864537, 0.023950730637781303, 0.32235849418110624]], "chi2_level": 0.95, "chi2_df": 3, "chi2_threshold": 7.814727903251179, "N_raw": 91, "N_roi": 91, "N_inlier": 87, "refit": true}
{"timestamp": "15:14:38.299960", "frame": 87, "mu": [-1.9178455881350776, 1.501524278329649, 1.3141822710985807], "Sigma": [[0.012469475684571513, 0.0107296742143815, -0.015817087622789813], [0.0107296742143815, 0.018919383611145653, -0.020949604237726342], [-0.015817087622789813, -0.020949604237726342, 0.02982814843308547]], "chi2_level": 0.95, "chi2_df": 3, "chi2_threshold": 7.814727903251179, "N_raw": 71, "N_roi": 71, "N_inlier": 69, "refit": true}
{"timestamp": "15:14:38.355759", "frame": 88, "mu": [-1.8885095152114078, 1.3609120829276695, 1.1766338561023717], "Sigma": [[0.01870479489314483, 0.012756205415669204, -0.017316032454045848], [0.012756205415669204, 0.014295144207058677, -0.017071777523432044], [-0.017316032454045848, -0.017071777523432047, 0.02363112492081927]], "chi2_level": 0.95, "chi2_df": 3, "chi2_threshold": 7.814727903251179, "N_raw": 78, "N_roi": 78, "N_inlier": 73, "refit": true}
{"timestamp": "15:14:38.407980", "frame": 89, "mu": [-1.9727616493535127, 1.295572469888649, 1.2523970362536927], "Sigma": [[0.009255531178411599, 0.007443602537255409, -0.004581981211259741], [0.00744360253725541, 0.00850150428164296, -0.008739233498284163], [-0.004581981211259742, -0.008739233498284161, 0.02035702935104043]], "chi2_level": 0.95, "chi2_df": 3, "chi2_threshold": 7.814727903251179, "N_raw": 48, "N_roi": 48, "N_inlier": 44, "refit": true}
{"timestamp": "15:14:38.462718", "frame": 90, "mu": [-1.8901102031128332, 1.26039448797072, 1.0987448354065172], "Sigma": [[0.012447201714780897, 0.007617009471593189, -0.010282258700570233], [0.007617009471593189, 0.009685515081866129, -0.009808259365884614], [-0.010282258700570233, -0.009808259365884614, 0.012690356924344658]], "chi2_level": 0.95, "chi2_df": 3, "chi2_threshold": 7.814727903251179, "N_raw": 54, "N_roi": 54, "N_inlier": 50, "refit": true}
{"timestamp": "15:14:38.517709", "frame": 91, "mu": [-1.9235840413662084, 1.149754947369648, 1.2797087496880577], "Sigma": [[0.009543175259119454, 0.007581237481634882, -0.00530991337256771], [0.007581237481634882, 0.011312307137927522, -0.008484260206709686], [-0.005309913372567709, -0.008484260206709686, 0.009019855751873751]], "chi2_level": 0.95, "chi2_df": 3, "chi2_threshold": 7.814727903251179, "N_raw": 50, "N_roi": 50, "N_inlier": 46, "refit": true}
{"timestamp": "15:14:38.569712", "frame": 92, "mu": [-1.8993464032340746, 1.0972356906449832, 1.2760688133828497], "Sigma": [[0.004807196370639173, 0.003959622816156101, -0.0015621925406269339], [0.003959622816156101, 0.008038486580272947, -0.004757724926404418], [-0.001562192540626934, -0.004757724926404418, 0.0038447442796697654]], "chi2_level": 0.95, "chi2_df": 3, "chi2_threshold": 7.814727903251179, "N_raw": 30, "N_roi": 30, "N_inlier": 29, "refit": true}
{"timestamp": "15:14:38.626319", "frame": 93, "mu": [-1.962271907821131, 1.0321853212897645, 1.2281456839094649], "Sigma": [[0.006481895633262431, 0.0046140042808156785, -0.002915640915469239], [0.0046140042808156785, 0.010689824915021918, -0.009728747592388277], [-0.002915640915469239, -0.009728747592388277, 0.011669565039616154]], "chi2_level": 0.95, "chi2_df": 3, "chi2_threshold": 7.814727903251179, "N_raw": 46, "N_roi": 46, "N_inlier": 45, "refit": true}
{"timestamp": "15:14:38.682374", "frame": 94, "mu": [-1.933804670173214, 1.0012519300102067, 1.1293828494652727], "Sigma": [[0.007130944424066236, 0.005640304499188857, -0.0015150438446034612], [0.005640304499188857, 0.008893128257837939, -0.007300202897786443], [-0.001515043844603461, -0.007300202897786444, 0.016422797528297946]], "chi2_level": 0.95, "chi2_df": 3, "chi2_threshold": 7.814727903251179, "N_raw": 53, "N_roi": 53, "N_inlier": 52, "refit": true}
{"timestamp": "15:14:38.734676", "frame": 95, "mu": [-1.9218793140566455, 1.0438921404309942, 0.9287964240213885], "Sigma": [[0.008979855609049504, 0.0040019377287610096, -0.003555960043423151], [0.0040019377287610096, 0.0030611976498650002, -0.003562423288822835], [-0.003555960043423151, -0.003562423288822835, 0.011929189045432201]], "chi2_level": 0.95, "chi2_df": 3, "chi2_threshold": 7.814727903251179, "N_raw": 38, "N_roi": 38, "N_inlier": 37, "refit": true}
{"timestamp": "15:14:38.798829", "frame": 96, "mu": [-1.9981672013116751, 0.8655907905551464, 1.0474775290413514], "Sigma": [[0.024499282324756955, 0.013322906599420335, 0.01880766560388938], [0.013322906599420335, 0.012265349212679782, 0.0012037683592946253], [0.01880766560388938, 0.0012037683592946253, 0.04829318760149594]], "chi2_level": 0.95, "chi2_df": 3, "chi2_threshold": 7.814727903251179, "N_raw": 93, "N_roi": 93, "N_inlier": 92, "refit": true}
{"timestamp": "15:14:38.849984", "frame": 97, "mu": [-1.9003196815494598, 0.8915668305808545, 1.0519667628617815], "Sigma": [[0.007311602338259838, 0.006650433792315339, 0.004243846051962374], [0.00665043379231534, 0.007594196665405363, -0.0006031108738597532], [0.004243846051962374, -0.0006031108738597532, 0.0364633447531193]], "chi2_level": 0.95, "chi2_df": 3, "chi2_threshold": 7.814727903251179, "N_raw": 67, "N_roi": 67, "N_inlier": 63, "refit": true}
{"timestamp": "15:14:38.902921", "frame": 98, "mu": [-1.8798417906903984, 0.8033368356271504, 0.9978788981003359], "Sigma": [[0.01460778566100704, 0.014225082115846784, 0.01479347442747631], [0.014225082115846784, 0.016360721800630987, 0.01490586412471865], [0.01479347442747631, 0.01490586412471865, 0.04098964858462986]], "chi2_level": 0.95, "chi2_df": 3, "chi2_threshold": 7.814727903251179, "N_raw": 50, "N_roi": 50, "N_inlier": 48, "refit": true}
{"timestamp": "15:14:38.960686", "frame": 99, "mu": [-1.9172636422762448, 0.7013721407575462, 1.0480412836170814], "Sigma": [[0.03225024282125357, 0.016911721173860528, 0.018356531035847647], [0.016911721173860528, 0.015086878470312773, 0.0023279421579591184], [0.018356531035847647, 0.0023279421579591175, 0.029030416558286965]], "chi2_level": 0.95, "chi2_df": 3, "chi2_threshold": 7.814727903251179, "N_raw": 70, "N_roi": 70, "N_inlier": 64, "refit": true}
{"timestamp": "15:14:39.093535", "frame": 100, "mu": [-1.8188668276214317, 0.6679066388857765, 0.8611919694684679], "Sigma": [[0.004342863562813368, 0.005482722920056485, -0.002901499028364338], [0.005482722920056485, 0.008171142899651079, -0.004213771340799499], [-0.002901499028364338, -0.004213771340799498, 0.005434215857887034]], "chi2_level": 0.95, "chi2_df": 3, "chi2_threshold": 7.814727903251179, "N_raw": 20, "N_roi": 20, "N_inlier": 20, "refit": true}
{"timestamp": "15:14:39.100837", "frame": 101, "mu": [-1.7830333800487, 0.6446645613295501, 1.0253493870656476], "Sigma": [[0.006049522390896014, 0.00698363438251422, 0.000663274435210902], [0.006983634382514221, 0.010458777110713543, -0.0023205390530096374], [0.0006632744352109014, -0.0023205390530096365, 0.021211796715415947]], "chi2_level": 0.95, "chi2_df": 3, "chi2_threshold": 7.814727903251179, "N_raw": 54, "N_roi": 54, "N_inlier": 53, "refit": true}
{"timestamp": "15:14:39.132822", "frame": 102, "mu": [-1.7676083441691075, 0.69292880287146, 1.2467014199021995], "Sigma": [[0.005149227326147819, 0.0034514059703688615, -0.0018050594291730165], [0.003451405970368862, 0.006963095092494624, -0.005066614060432698], [-0.0018050594291730165, -0.005066614060432697, 0.009727853344423285]], "chi2_level": 0.95, "chi2_df": 3, "chi2_threshold": 7.814727903251179, "N_raw": 39, "N_roi": 39, "N_inlier": 37, "refit": true}
{"timestamp": "15:14:39.226821", "frame": 104, "mu": [-1.6822739427827615, 0.5628387464341609, 1.2245347178174795], "Sigma": [[0.004285953764573959, 0.005298159322757685, -0.0019045610334493897], [0.005298159322757685, 0.009791618987073782, -0.004852984452755638], [-0.0019045610334493897, -0.004852984452755638, 0.003944157378142721]], "chi2_level": 0.95, "chi2_df": 3, "chi2_threshold": 7.814727903251179, "N_raw": 25, "N_roi": 25, "N_inlier": 24, "refit": true}
{"timestamp": "15:14:39.281564", "frame": 105, "mu": [-0.833199372312122, 0.5755100087699869, 1.1846216120546307], "Sigma": [[1.9626623082440873, -0.11676579902058529, 0.04803978455650012], [-0.11676579902058529, 0.00939216702265137, -0.002456819691108514], [0.04803978455650012, -0.0024568196911085144, 0.004098271783702621]], "chi2_level": 0.95, "chi2_df": 3, "chi2_threshold": 7.814727903251179, "N_raw": 16, "N_roi": 16, "N_inlier": 15, "refit": true}
