{"timestamp": "15:29:27.464874", "frame": 1, "mu": [0.17260333038146342, 1.7083366293935018, 1.6314156444850267], "Sigma": [[0.003539817179744246, -0.0004479190637395728, -0.0011629164570660837], [-0.00044791906373957283, 0.0033234654962904474, 0.0011795476586977157], [-0.0011629164570660837, 0.0011795476586977157, 0.0009584009912777169]], "chi2_level": 0.95, "chi2_df": 3, "chi2_threshold": 7.814727903251179, "N_raw": 37, "N_roi": 37, "N_inlier": 35, "refit": true}
{"timestamp": "15:29:27.520925", "frame": 2, "mu": [0.1483922412739358, 1.7269888036925671, 1.6378345552134854], "Sigma": [[0.004581687753342971, 0.000243409274234621, -0.0019219698226741228], [0.000243409274234621, 0.0027474504303488115, -0.0008621492927984054], [-0.0019219698226741228, -0.0008621492927984054, 0.0012527776031758919]], "chi2_level": 0.95, "chi2_df": 3, "chi2_threshold": 7.814727903251179, "N_raw": 41, "N_roi": 41, "N_inlier": 41, "refit": true}
{"timestamp": "15:29:27.578036", "frame": 3, "mu": [0.21654447360795073, 1.740096660797549, -0.3590876979736276], "Sigma": [[0.005693889320078705, 0.0023076192826189724, 0.0109455098029007], [0.0023076192826189724, 0.005929516196135603, 0.004531289809297989], [0.010945509802900698, 0.004531289809297989, 0.03690935667247554]], "chi2_level": 0.95, "chi2_df": 3, "chi2_threshold": 7.814727903251179, "N_raw": 60, "N_roi": 60, "N_inlier": 60, "refit": true}
{"timestamp": "15:29:27.633077", "frame": 4, "mu": [0.1967919804585553, 1.7254679669818895, 1.5464716830192826], "Sigma": [[0.005520386778649651, 0.0006503196611291378, -0.003048393724837899], [0.0006503196611291378, 0.00336816227938036, -0.0022668984203544533], [-0.003048393724837899, -0.0022668984203544533, 0.003284161177414366]], "chi2_level": 0.95, "chi2_df": 3, "chi2_threshold": 7.814727903251179, "N_raw": 54, "N_roi": 54, "N_inlier": 53, "refit": true}
{"timestamp": "15:29:27.685215", "frame": 5, "mu": [0.12865420197092964, 1.7296377843210642, 1.636826935121981], "Sigma": [[0.0042356480284149005, -0.001269549468331913, -0.0018444336887406929], [-0.0012695494683319132, 0.003099938547006186, 0.0008356583251091778], [-0.001844433688740693, 0.0008356583251091778, 0.0010589732175954546]], "chi2_level": 0.95, "chi2_df": 3, "chi2_threshold": 7.814727903251179, "N_raw": 39, "N_roi": 39, "N_inlier": 37, "refit": true}
{"timestamp": "15:29:27.741752", "frame": 6, "mu": [0.1855687591604213, 1.6985826990362585, 1.5563849402541252], "Sigma": [[0.005015234936583432, -0.0015793924634809337, -0.0018751480386700276], [-0.0015793924634809335, 0.0039157942730286095, 0.001183333645312901], [-0.0018751480386700276, 0.001183333645312901, 0.0010246798436544886]], "chi2_level": 0.95, "chi2_df": 3, "chi2_threshold": 7.814727903251179, "N_raw": 44, "N_roi": 44, "N_inlier": 43, "refit": true}
{"timestamp": "15:29:27.796995", "frame": 7, "mu": [0.19968109989276175, 1.7390626064000678, 1.584436351999288], "Sigma": [[0.006128397981572032, 0.001165639319230683, -0.0033678197784343276], [0.001165639319230683, 0.0031137045047958745, -0.0019179770047269736], [-0.0033678197784343276, -0.0019179770047269736, 0.002827213603586973]], "chi2_level": 0.95, "chi2_df": 3, "chi2_threshold": 7.814727903251179, "N_raw": 52, "N_roi": 52, "N_inlier": 51, "refit": true}
{"timestamp": "15:29:27.853650", "frame": 8, "mu": [0.2062827576942808, 1.7330176271246485, 1.529184933481163], "Sigma": [[0.005536647687311682, 0.0006294202334050711, -0.0028144026886022105], [0.0006294202334050711, 0.004492160097755159, -0.002233963939433787], [-0.0028144026886022105, -0.002233963939433787, 0.0024965867955508386]], "chi2_level": 0.95, "chi2_df": 3, "chi2_threshold": 7.814727903251179, "N_raw": 59, "N_roi": 59, "N_inlier": 58, "refit": true}
{"timestamp": "15:29:27.907471", "frame": 9, "mu": [0.20575690002048697, 1.7359429584263517, 1.548203033357258], "Sigma": [[0.005302036075208409, 0.00017002006060974268, -0.002256116135117039], [0.0001700200606097428, 0.004376656669143257, -0.0007347469055812224], [-0.002256116135117039, -0.0007347469055812226, 0.001251191334206644]], "chi2_level": 0.95, "chi2_df": 3, "chi2_threshold": 7.814727903251179, "N_raw": 54, "N_roi": 54, "N_inlier": 53, "refit": true}
{"timestamp": "15:29:27.960234", "frame": 10, "mu": [0.13877503026316593, 1.757052885375551, 1.6376582586991153], "Sigma": [[0.0039023178029877056, -0.0007986758858796911, -0.0013240715182604964], [-0.0007986758858796911, 0.001771694902423396, 0.00015764281457684672], [-0.0013240715182604964, 0.00015764281457684672, 0.0006696800978742461]], "chi2_level": 0.95, "chi2_df": 3, "chi2_threshold": 7.814727903251179, "N_raw": 27, "N_roi": 27, "N_inlier": 27, "refit": true}
{"timestamp": "15:29:28.016007", "frame": 11, "mu": [0.17407441284731406, 1.743151861126548, 1.5605528158990771], "Sigma": [[0.00348985045906835, -0.0005337636487588584, -0.0012537544440360173], [-0.0005337636487588583, 0.004863807467507879, -2.6251542957346187e-05], [-0.0012537544440360175, -2.6251542957346187e-05, 0.0006263481835074794]], "chi2_level": 0.95, "chi2_df": 3, "chi2_threshold": 7.814727903251179, "N_raw": 44, "N_roi": 44, "N_inlier": 44, "refit": true}
{"timestamp": "15:29:28.073547", "frame": 12, "mu": [0.21460486691979047, 1.7786979536642158, 1.5358203893044498], "Sigma": [[0.0057311022121082035, 0.0005470116235699195, -0.00248454970155509], [0.0005470116235699195, 0.0035804922152808073, -0.00206203811093954], [-0.00248454970155509, -0.00206203811093954, 0.00228135236366905]], "chi2_level": 0.95, "chi2_df": 3, "chi2_threshold": 7.814727903251179, "N_raw": 54, "N_roi": 54, "N_inlier": 53, "refit": true}
{"timestamp": "15:29:28.124442", "frame": 13, "mu": [0.17413596860073727, 1.7481485381554505, 1.6112544216583058], "Sigma": [[0.0038789651128396437, -0.0007270699196030503, -0.0016079562212434227], [-0.0007270699196030503, 0.0019155889447885076, 0.0005267183395587017], [-0.0016079562212434227, 0.0005267183395587017, 0.0008642555699370235]], "chi2_level": 0.95, "chi2_df": 3, "chi2_threshold": 7.814727903251179, "N_raw": 29, "N_roi": 29, "N_inlier": 27, "refit": true}
{"timestamp": "15:29:28.183355", "frame": 14, "mu": [0.19895742393333862, 1.7959340090724722, -0.01433828151236129], "Sigma": [[0.005441418630372231, 0.0010458434326689118, -0.002421172696671304], [0.0010458434326689118, 0.004708073125085621, 0.0009421732183671101], [-0.002421172696671304, 0.0009421732183671101, 0.0017657846690033493]], "chi2_level": 0.95, "chi2_df": 3, "chi2_threshold": 7.814727903251179, "N_raw": 57, "N_roi": 57, "N_inlier": 54, "refit": true}
{"timestamp": "15:29:28.231887", "frame": 15, "mu": [0.14282760258164431, 1.7479890094282653, 1.319699618960642], "Sigma": [[0.0019692869860296817, -0.002033006430156038, -0.020695002840352673], [-0.002033006430156038, 0.004860275454868613, 0.028234791991171647], [-0.020695002840352677, 0.028234791991171647, 0.4057270824767902]], "chi2_level": 0.95, "chi2_df": 3, "chi2_threshold": 7.814727903251179, "N_raw": 11, "N_roi": 11, "N_inlier": 11, "refit": true}
{"timestamp": "15:29:28.292161", "frame": 16, "mu": [0.1382122714458122, 1.748548809696245, 1.2605419291325344], "Sigma": [[0.005758244815091666, -0.004028534284296332, -0.03092474514168726], [-0.0040285342842963315, 0.009072861112719923, 0.05452220469658432], [-0.030924745141687256, 0.05452220469658432, 0.4671601360724731]], "chi2_level": 0.95, "chi2_df": 3, "chi2_threshold": 7.814727903251179, "N_raw": 50, "N_roi": 50, "N_inlier": 50, "refit": true}
{"timestamp": "15:29:28.346621", "frame": 17, "mu": [0.1621610202905836, 1.7143333756396284, 1.1182215974928233], "Sigma": [[0.00453392525943369, -0.00431289007434474, -0.030071437919947236], [-0.00431289007434474, 0.011370904694757565, 0.0694983712244291], [-0.030071437919947236, 0.0694983712244291, 0.5308733179512326]], "chi2_level": 0.95, "chi2_df": 3, "chi2_threshold": 7.814727903251179, "N_raw": 41, "N_roi": 41, "N_inlier": 40, "refit": true}
{"timestamp": "15:29:28.459855", "frame": 19, "mu": [0.0904110633633028, 1.6626370499950105, 0.42371603341686775], "Sigma": [[0.011827628692411165, 0.0016862244318326689, 0.0415666275173075], [0.0016862244318326689, 0.007616972208766758, 0.051945427092786475], [0.041566627517307504, 0.051945427092786475, 0.47335813266007926]], "chi2_level": 0.95, "chi2_df": 3, "chi2_threshold": 7.814727903251179, "N_raw": 62, "N_roi": 62, "N_inlier": 60, "refit": true}
{"timestamp": "15:29:28.509142", "frame": 20, "mu": [0.09112366136512152, 1.7270004732221875, 1.2520828897472709], "Sigma": [[0.0024914098185562458, 0.0005342466419889717, 0.0031791740679529747], [0.0005342466419889716, 0.003339889668053303, 0.011814832002393034], [0.003179174067952974, 0.011814832002393034, 0.30825777012297323]], "chi2_level": 0.95, "chi2_df": 3, "chi2_threshold": 7.814727903251179, "N_raw": 26, "N_roi": 26, "N_inlier": 25, "refit": true}
{"timestamp": "15:29:28.571092", "frame": 21, "mu": [0.17552327651169483, 1.7231361694192324, 1.3721803791167813], "Sigma": [[0.006453752176756227, -0.00046447107100855005, -0.007326465779508854], [-0.00046447107100855016, 0.007819787343226185, -0.0001759817598025538], [-0.007326465779508854, -0.00017598175980255374, 0.014136608811868486]], "chi2_level": 0.95, "chi2_df": 3, "chi2_threshold": 7.814727903251179, "N_raw": 78, "N_roi": 78, "N_inlier": 75, "refit": true}
{"timestamp": "15:29:28.623622", "frame": 22, "mu": [0.2354674059295383, 1.621607224898847, 0.5677308237652681], "Sigma": [[0.004661799128234075, -0.001960156620738384, 0.006785285701354767], [-0.0019601566207383845, 0.018800675430721694, -0.08449572979100947], [0.006785285701354769, -0.08449572979100947, 0.4317351023197829]], "chi2_level": 0.95, "chi2_df": 3, "chi2_threshold": 7.814727903251179, "N_raw": 29, "N_roi": 29, "N_inlier": 26, "refit": true}
{"timestamp": "15:29:28.680871", "frame": 23, "mu": [0.009227772432946741, 1.7288293867251077, 1.513578905184348], "Sigma": [[0.006256388386829045, -0.003814095069158188, -0.004946375072659692], [-0.003814095069158188, 0.007773914486828018, 0.0036025648228812006], [-0.004946375072659692, 0.0036025648228812, 0.004702051587929906]], "chi2_level": 0.95, "chi2_df": 3, "chi2_threshold": 7.814727903251179, "N_raw": 60, "N_roi": 60, "N_inlier": 58, "refit": true}
{"timestamp": "15:29:28.734143", "frame": 24, "mu": [-0.019610787103261085, 1.7049574840281552, 1.529272805786796], "Sigma": [[0.0060265320556944, -0.0036834538408036053, -0.0065352339206094495], [-0.0036834538408036053, 0.004940598079961964, 0.0036317082104330867], [-0.0065352339206094495, 0.003631708210433087, 0.007570541930775939]], "chi2_level": 0.95, "chi2_df": 3, "chi2_threshold": 7.814727903251179, "N_raw": 48, "N_roi": 47, "N_inlier": 43, "refit": true}
{"timestamp": "15:29:28.793758", "frame": 25, "mu": [-0.013733050639466886, 1.7060354868473238, 1.492489327634371], "Sigma": [[0.006941628595565376, -0.003060346489916331, -0.005885647510268101], [-0.003060346489916331, 0.008068054940201503, 0.0014910788246739618], [-0.005885647510268102, 0.0014910788246739616, 0.005991224052138695]], "chi2_level": 0.95, "chi2_df": 3, "chi2_threshold": 7.814727903251179, "N_raw": 75, "N_roi": 75, "N_inlier": 73, "refit": true}
{"timestamp": "15:29:28.847515", "frame": 26, "mu": [-0.05602571935949301, 1.7264941931143116, 1.519839428650004], "Sigma": [[0.005899980870320187, -0.0002813706732579552, -0.004235706205171596], [-0.0002813706732579552, 0.004258687570826906, -0.0018089500792160544], [-0.0042357062051715955, -0.0018089500792160542, 0.004476934982867309]], "chi2_level": 0.95, "chi2_df": 3, "chi2_threshold": 7.814727903251179, "N_raw": 64, "N_roi": 64, "N_inlier": 60, "refit": true}
{"timestamp": "15:29:28.899280", "frame": 27, "mu": [-0.11598921943344555, 1.7472246475923243, -0.1581687125567283], "Sigma": [[0.005632176958495394, 0.0024808524125780307, 0.010768876426528916], [0.0024808524125780307, 0.004218038987509405, 0.005931791919205473], [0.010768876426528916, 0.005931791919205473, 0.035892050020255736]], "chi2_level": 0.95, "chi2_df": 3, "chi2_threshold": 7.814727903251179, "N_raw": 46, "N_roi": 46, "N_inlier": 45, "refit": true}
{"timestamp": "15:29:28.953235", "frame": 28, "mu": [-0.09220191601466671, 1.7002654091741163, 1.5194255891824762], "Sigma": [[0.004481358945385239, -9.913739714926746e-05, -0.004250035658477142], [-9.913739714926748e-05, 0.0029191695195575264, -0.0005787035590896327], [-0.004250035658477142, -0.0005787035590896327, 0.00473429436934979]], "chi2_level": 0.95, "chi2_df": 3, "chi2_threshold": 7.814727903251179, "N_raw": 43, "N_roi": 43, "N_inlier": 41, "refit": true}
{"timestamp": "15:29:29.066760", "frame": 30, "mu": [-0.1705747268837871, 1.6450028667902257, 1.4451858005894516], "Sigma": [[0.005642203975940059, -0.0009473685521256786, -0.0028086223062778245], [-0.0009473685521256785, 0.004225751239512473, -0.0013958774504710882], [-0.0028086223062778245, -0.0013958774504710882, 0.0026574235429813174]], "chi2_level": 0.95, "chi2_df": 3, "chi2_threshold": 7.814727903251179, "N_raw": 61, "N_roi": 61, "N_inlier": 56, "refit": true}
{"timestamp": "15:29:29.119041", "frame": 31, "mu": [-0.13130215514004107, 1.6235852862826732, 1.3772650279832384], "Sigma": [[0.003123183275726399, -0.0006799613905553931, -0.002430319566236676], [-0.0006799613905553933, 0.004977471746403413, -0.0001116101865485824], [-0.002430319566236676, -0.00011161018654858222, 0.0023699279046391344]], "chi2_level": 0.95, "chi2_df": 3, "chi2_threshold": 7.814727903251179, "N_raw": 43, "N_roi": 43, "N_inlier": 41, "refit": true}
{"timestamp": "15:29:29.171841", "frame": 32, "mu": [-0.3036357558725157, 1.6089971104358605, 1.5140613279980064], "Sigma": [[0.003617377712851792, -0.00012335247642157642, -0.0015720970578762038], [-0.00012335247642157642, 0.0029881615437210357, -0.0007631120584472405], [-0.0015720970578762038, -0.0007631120584472405, 0.001125061009859774]], "chi2_level": 0.95, "chi2_df": 3, "chi2_threshold": 7.814727903251179, "N_raw": 37, "N_roi": 37, "N_inlier": 36, "refit": true}
{"timestamp": "15:29:29.228456", "frame": 33, "mu": [-0.3408379706314235, 1.6267146049189434, 1.5112950799318112], "Sigma": [[0.004430618341898088, -0.00010779361391056295, -0.005779918626050096], [-0.00010779361391056297, 0.0029859198472106823, 0.0007846724819604162], [-0.0057799186260500965, 0.0007846724819604161, 0.017926868721818347]], "chi2_level": 0.95, "chi2_df": 3, "chi2_threshold": 7.814727903251179, "N_raw": 41, "N_roi": 41, "N_inlier": 38, "refit": true}
{"timestamp": "15:29:29.286028", "frame": 34, "mu": [-0.3343166442050327, 1.597317143859313, 1.2622319009014649], "Sigma": [[0.008133227977348164, -0.0036429251408930507, -0.027360671074991072], [-0.0036429251408930507, 0.0043453263462644035, 0.013692676246182244], [-0.027360671074991075, 0.013692676246182242, 0.20636327787659714]], "chi2_level": 0.95, "chi2_df": 3, "chi2_threshold": 7.814727903251179, "N_raw": 50, "N_roi": 48, "N_inlier": 45, "refit": true}
{"timestamp": "15:29:29.344457", "frame": 35, "mu": [-0.3394415390202188, 1.6185609368678489, 1.369650201259172], "Sigma": [[0.005869521559875797, -0.002111939443382492, -0.009579028633819108], [-0.002111939443382492, 0.006653535815777632, 0.00310529398031357], [-0.009579028633819108, 0.0031052939803135693, 0.039482544337390645]], "chi2_level": 0.95, "chi2_df": 3, "chi2_threshold": 7.814727903251179, "N_raw": 85, "N_roi": 84, "N_inlier": 80, "refit": true}
{"timestamp": "15:29:29.397795", "frame": 36, "mu": [-0.39573448162563923, 1.6383622217490075, 1.3856411553607308], "Sigma": [[0.003962525437306957, -0.0014009080799703367, -0.0065705246412268055], [-0.001400908079970337, 0.005448199656481175, 0.004966054788107878], [-0.0065705246412268055, 0.004966054788107878, 0.045054863214082294]], "chi2_level": 0.95, "chi2_df": 3, "chi2_threshold": 7.814727903251179, "N_raw": 64, "N_roi": 64, "N_inlier": 61, "refit": true}
{"timestamp": "15:29:29.450538", "frame": 37, "mu": [-0.4451427431082805, 1.6236802031436028, 1.2763471482920938], "Sigma": [[0.00449662476115401, -0.0002015212218497181, 0.0027814361530080272], [-0.0002015212218497181, 0.00424636421030778, 0.010355248839594041], [0.0027814361530080272, 0.010355248839594041, 0.2477224032360055]], "chi2_level": 0.95, "chi2_df": 3, "chi2_threshold": 7.814727903251179, "N_raw": 57, "N_roi": 57, "N_inlier": 55, "refit": true}
{"timestamp": "15:29:29.508482", "frame": 38, "mu": [-0.4615074997197564, 1.677897913493558, 1.438251858443884], "Sigma": [[0.0050544798164169485, -0.0011625109558586221, -0.004426906750532745], [-0.0011625109558586221, 0.006013821463783565, -0.0025114365992895404], [-0.004426906750532745, -0.0025114365992895404, 0.007011046477488816]], "chi2_level": 0.95, "chi2_df": 3, "chi2_threshold": 7.814727903251179, "N_raw": 69, "N_roi": 69, "N_inlier": 66, "refit": true}
{"timestamp": "15:29:29.564550", "frame": 39, "mu": [-0.5369402255250864, 1.677290919543633, 1.48090947920525], "Sigma": [[0.006610392165637364, -0.000656112341352979, -0.00694597584119401], [-0.000656112341352979, 0.00628291381276255, -0.002966808128238785], [-0.00694597584119401, -0.002966808128238785, 0.009987047241886003]], "chi2_level": 0.95, "chi2_df": 3, "chi2_threshold": 7.814727903251179, "N_raw": 77, "N_roi": 77, "N_inlier": 75, "refit": true}
{"timestamp": "15:29:29.621028", "frame": 40, "mu": [-0.5372086228531712, 1.6802484289999846, 1.4310911382716056], "Sigma": [[0.005548908333649291, -0.0011995779446454398, -0.003946351232545863], [-0.00119957794464544, 0.012506504160068117, 0.0015650957582167056], [-0.003946351232545863, 0.0015650957582167054, 0.0076024137513806544]], "chi2_level": 0.95, "chi2_df": 3, "chi2_threshold": 7.814727903251179, "N_raw": 82, "N_roi": 82, "N_inlier": 80, "refit": true}
{"timestamp": "15:29:29.672574", "frame": 41, "mu": [-0.6081644506680742, 1.6838593828403283, 1.4387311224287045], "Sigma": [[0.006426546373905116, -0.0018601432822852606, -0.0038191805300233435], [-0.0018601432822852606, 0.007609457033990381, 0.0013704152528932682], [-0.003819180530023344, 0.0013704152528932682, 0.003048481412987972]], "chi2_level": 0.95, "chi2_df": 3, "chi2_threshold": 7.814727903251179, "N_raw": 64, "N_roi": 64, "N_inlier": 61, "refit": true}
{"timestamp": "15:29:29.726049", "frame": 42, "mu": [-0.6224225089420173, 1.6281100348608926, 1.3726276197218563], "Sigma": [[0.005678488395194556, -0.00243267060511883, -0.006324713314075862], [-0.00243267060511883, 0.008349760478134632, 0.0046520240047069495], [-0.006324713314075862, 0.00465202400470695, 0.008240521971611736]], "chi2_level": 0.95, "chi2_df": 3, "chi2_threshold": 7.814727903251179, "N_raw": 55, "N_roi": 55, "N_inlier": 51, "refit": true}
{"timestamp": "15:29:29.783528", "frame": 43, "mu": [-0.6687576137562402, 1.6884404416262742, 1.3929462481601025], "Sigma": [[0.0050639160229845265, -0.0036598724571820047, -0.011579123174600968], [-0.0036598724571820047, 0.015436234063554278, 0.01530831429327471], [-0.011579123174600968, 0.01530831429327471, 0.057252970815697565]], "chi2_level": 0.95, "chi2_df": 3, "chi2_threshold": 7.814727903251179, "N_raw": 66, "N_roi": 66, "N_inlier": 63, "refit": true}
{"timestamp": "15:29:29.840526", "frame": 44, "mu": [-0.7240624634452203, 1.7118589461422018, 1.4690023849050016], "Sigma": [[0.007088185490898648, -0.0020439980456722347, -0.005897621762360052], [-0.0020439980456722347, 0.013099338559488883, 0.004194724491172683], [-0.005897621762360052, 0.004194724491172683, 0.007644006917010565]], "chi2_level": 0.95, "chi2_df": 3, "chi2_threshold": 7.814727903251179, "N_raw": 82, "N_roi": 82, "N_inlier": 77, "refit": true}
{"timestamp": "15:29:29.901738", "frame": 45, "mu": [-0.7581934988726915, 1.69109186394582, 1.1973607146801248], "Sigma": [[0.007889373770432447, 0.0006355450955461831, 0.004681416502662181], [0.0006355450955461829, 0.013179442228625706, 0.028645660906442463], [0.004681416502662179, 0.02864566090644246, 0.25223616734851423]], "chi2_level": 0.95, "chi2_df": 3, "chi2_threshold": 7.814727903251179, "N_raw": 126, "N_roi": 126, "N_inlier": 124, "refit": true}
{"timestamp": "15:29:29.951577", "frame": 46, "mu": [-0.7731028139577553, 1.746785464193266, 1.4666134279374166], "Sigma": [[0.007801122413355736, -0.0012051515632266888, -0.0057682087469762885], [-0.0012051515632266886, 0.014402188460080286, 0.0027011090614829794], [-0.0057682087469762885, 0.0027011090614829803, 0.006576191236449709]], "chi2_level": 0.95, "chi2_df": 3, "chi2_threshold": 7.814727903251179, "N_raw": 87, "N_roi": 87, "N_inlier": 87, "refit": true}
{"timestamp": "15:29:30.007961", "frame": 47, "mu": [-0.7822726834628216, 1.7805549589993042, 0.16137059802898576], "Sigma": [[0.0104019224854367, 0.0024365193012909785, 0.05052758834236114], [0.0024365193012909785, 0.014185939419194247, 0.03205036081125848], [0.05052758834236114, 0.03205036081125848, 0.4819673372509428]], "chi2_level": 0.95, "chi2_df": 3, "chi2_threshold": 7.814727903251179, "N_raw": 99, "N_roi": 99, "N_inlier": 99, "refit": true}
{"timestamp": "15:29:30.059257", "frame": 48, "mu": [-0.8223151696276004, 1.8192774437352723, -0.48228798967421915], "Sigma": [[0.00928832703419588, 0.003612691177568069, -0.004078692999862075], [0.003612691177568069, 0.008456416501666982, -0.001265497949249502], [-0.004078692999862075, -0.001265497949249502, 0.010119585863435409]], "chi2_level": 0.95, "chi2_df": 3, "chi2_threshold": 7.814727903251179, "N_raw": 73, "N_roi": 73, "N_inlier": 69, "refit": true}
{"timestamp": "15:29:30.117465", "frame": 49, "mu": [-0.8148960612059677, 1.869225614708128, 1.4519467863348685], "Sigma": [[0.009374750951296433, 0.004067382722371738, -0.006414786895293997], [0.004067382722371738, 0.01568142707300781, -0.002423783520533296], [-0.006414786895293997, -0.002423783520533296, 0.008247965657765081]], "chi2_level": 0.95, "chi2_df": 3, "chi2_threshold": 7.814727903251179, "N_raw": 94, "N_roi": 94, "N_inlier": 90, "refit": true}
{"timestamp": "15:29:30.171342", "frame": 50, "mu": [-0.8891608195888097, 1.959644449990938, -0.07463894963164927], "Sigma": [[0.00985438884391267, 0.00537206683007996, -0.005390568963801206], [0.00537206683007996, 0.01189021925841605, -0.006927322735323141], [-0.005390568963801205, -0.0069273227353231406, 0.03903517796374703]], "chi2_level": 0.95, "chi2_df": 3, "chi2_threshold": 7.814727903251179, "N_raw": 91, "N_roi": 91, "N_inlier": 88, "refit": true}
{"timestamp": "15:29:30.227787", "frame": 51, "mu": [-0.8748546866286815, 1.9076922117139943, 1.4256041483866537], "Sigma": [[0.01073297632620832, 0.0023268885767310024, -0.007622127650942341], [0.0023268885767310024, 0.010269137688307853, -0.005671277292523559], [-0.007622127650942339, -0.005671277292523558, 0.016704900891211218]], "chi2_level": 0.95, "chi2_df": 3, "chi2_threshold": 7.814727903251179, "N_raw": 99, "N_roi": 99, "N_inlier": 96, "refit": true}
{"timestamp": "15:29:30.285032", "frame": 52, "mu": [-0.8867863217692804, 1.936981859604306, 1.3506720211565462], "Sigma": [[0.012224307476796537, -0.00027117099212391654, -0.021688765315575183], [-0.0002711709921239165, 0.008983263841314341, 0.009099498812045073], [-0.021688765315575183, 0.009099498812045071, 0.11693667872258745]], "chi2_level": 0.95, "chi2_df": 3, "chi2_threshold": 7.814727903251179, "N_raw": 109, "N_roi": 109, "N_inlier": 103, "refit": true}
{"timestamp": "15:29:30.345465", "frame": 53, "mu": [-0.8401389745147707, 1.887962710275636, 1.0354939471213647], "Sigma": [[0.019429819378898983, -0.002253653593818173, -0.044849223839730806], [-0.002253653593818173, 0.008717098530875156, 0.01678566847221063], [-0.044849223839730806, 0.01678566847221063, 0.2163132020041937]], "chi2_level": 0.95, "chi2_df": 3, "chi2_threshold": 7.814727903251179, "N_raw": 145, "N_roi": 145, "N_inlier": 141, "refit": true}
{"timestamp": "15:29:30.393503", "frame": 54, "mu": [-0.9748172279323762, 1.9363264237736872, 1.2889671871291446], "Sigma": [[0.012332250183304734, 0.0039768250705979336, -0.011075733907515161], [0.0039768250705979336, 0.008693843492800488, -0.006933828921806716], [-0.011075733907515161, -0.006933828921806716, 0.02660788351554865]], "chi2_level": 0.95, "chi2_df": 3, "chi2_threshold": 7.814727903251179, "N_raw": 96, "N_roi": 96, "N_inlier": 93, "refit": true}
{"timestamp": "15:29:30.444897", "frame": 55, "mu": [-0.9143898181197836, 1.972340697502336, 1.1502080488244577], "Sigma": [[0.009145708631033722, 0.0002954911670685405, -0.0013101150352916114], [0.00029549116706854064, 0.0011682044390690504, -0.004530409120669021], [-0.0013101150352916111, -0.004530409120669021, 0.03785201504126731]], "chi2_level": 0.95, "chi2_df": 3, "chi2_threshold": 7.814727903251179, "N_raw": 76, "N_roi": 76, "N_inlier": 71, "refit": true}
{"timestamp": "15:29:30.509959", "frame": 56, "mu": [-0.9206585214513378, 2.017590402484404, 0.9358148787963709], "Sigma": [[0.010956231703422815, -0.001270043060321272, -0.019508297376462605], [-0.001270043060321272, 0.0041870587269508845, 0.008946538921134898], [-0.019508297376462605, 0.008946538921134898, 0.274189182644441]], "chi2_level": 0.95, "chi2_df": 3, "chi2_threshold": 7.814727903251179, "N_raw": 143, "N_roi": 143, "N_inlier": 140, "refit": true}
{"timestamp": "15:29:30.557366", "frame": 57, "mu": [-0.9793250292972997, 2.057978317023915, 1.2105124667168812], "Sigma": [[0.0109237091511641, -0.003492159412528623, -0.012394433407654561], [-0.003492159412528623, 0.006298461856831313, -0.008608040988732949], [-0.012394433407654561, -0.00860804098873295, 0.21391247959920726]], "chi2_level": 0.95, "chi2_df": 3, "chi2_threshold": 7.814727903251179, "N_raw": 89, "N_roi": 89, "N_inlier": 85, "refit": true}
{"timestamp": "15:29:30.614466", "frame": 58, "mu": [-1.0039984731479366, 2.124623608588636, 1.1554935817583474], "Sigma": [[0.013079845578351472, -0.0024727159285239317, -0.0154809249524552], [-0.002472715928523931, 0.007631739184272983, -0.010810451272196459], [-0.015480924952455198, -0.010810451272196459, 0.2838273053389001]], "chi2_level": 0.95, "chi2_df": 3, "chi2_threshold": 7.814727903251179, "N_raw": 107, "N_roi": 107, "N_inlier": 106, "refit": true}
{"timestamp": "15:29:30.667367", "frame": 59, "mu": [-0.9953235664627692, 2.1066663216962493, 1.29459374646916], "Sigma": [[0.015188751999820635, -0.0023719491937880875, -0.015167797282173982], [-0.0023719491937880875, 0.004493785840544556, -0.0035371302007168337], [-0.015167797282173982, -0.0035371302007168332, 0.046083234618585996]], "chi2_level": 0.95, "chi2_df": 3, "chi2_threshold": 7.814727903251179, "N_raw": 97, "N_roi": 97, "N_inlier": 95, "refit": true}
{"timestamp": "15:29:30.719422", "frame": 60, "mu": [-0.9666372904717415, 2.1565711372953253, 1.310288538219218], "Sigma": [[0.012084857091595723, -0.0024701563477541565, -0.009370498032280706], [-0.0024701563477541565, 0.007217421383102545, 0.0016678603417206329], [-0.009370498032280706, 0.0016678603417206329, 0.03380823098909404]], "chi2_level": 0.95, "chi2_df": 3, "chi2_threshold": 7.814727903251179, "N_raw": 79, "N_roi": 79, "N_inlier": 76, "refit": true}
{"timestamp": "15:29:30.776463", "frame": 61, "mu": [-1.0556980855461158, 2.17331381802901, 1.1103699569016954], "Sigma": [[0.019102800084822884, -0.008223623942002864, -0.009717056890549504], [-0.008223623942002864, 0.012423201432339158, 0.025655907692403328], [-0.009717056890549504, 0.025655907692403328, 0.18494297697960882]], "chi2_level": 0.95, "chi2_df": 3, "chi2_threshold": 7.814727903251179, "N_raw": 97, "N_roi": 97, "N_inlier": 94, "refit": true}
{"timestamp": "15:29:30.834109", "frame": 62, "mu": [-1.0099792931046871, 2.2058555843178445, 1.0971767695938628], "Sigma": [[0.016181103135029427, -0.0005485040967116528, 0.010805398343584826], [-0.000548504096711653, 0.012079721358066422, 0.027734026903351226], [0.010805398343584825, 0.027734026903351226, 0.15678904939354193]], "chi2_level": 0.95, "chi2_df": 3, "chi2_threshold": 7.814727903251179, "N_raw": 112, "N_roi": 112, "N_inlier": 110, "refit": true}
{"timestamp": "15:29:30.886509", "frame": 63, "mu": [-1.0795135901239947, 2.422913983669285, -0.10630634596834679], "Sigma": [[0.01619842618535383, 0.0012235665371730944, 0.017890962616668053], [0.001223566537173094, 0.006628233574580765, -0.014035449279639645], [0.017890962616668053, -0.014035449279639645, 0.16589030249944778]], "chi2_level": 0.95, "chi2_df": 3, "chi2_threshold": 7.814727903251179, "N_raw": 91, "N_roi": 91, "N_inlier": 88, "refit": true}
{"timestamp": "15:29:30.945193", "frame": 64, "mu": [-1.0266183333476853, 2.330745444781612, 0.9100192584413523], "Sigma": [[0.015082545566335294, 0.004871514683407194, 0.003597758312889845], [0.004871514683407194, 0.010174084281006242, 0.020316033212471135], [0.0035977583128898438, 0.020316033212471135, 0.3961368302798274]], "chi2_level": 0.95, "chi2_df": 3, "chi2_threshold": 7.814727903251179, "N_raw": 123, "N_roi": 123, "N_inlier": 122, "refit": true}
{"timestamp": "15:29:30.994716", "frame": 65, "mu": [-0.9883708471147127, 2.3633427154764686, 1.1685179305321651], "Sigma": [[0.01285545446554058, 0.0016622665067732923, -0.004479515388604318], [0.0016622665067732923, 0.004479891580724247, -0.00922999188260729], [-0.004479515388604318, -0.00922999188260729, 0.022795311191381333]], "chi2_level": 0.95, "chi2_df": 3, "chi2_threshold": 7.814727903251179, "N_raw": 84, "N_roi": 84, "N_inlier": 80, "refit": true}
{"timestamp": "15:29:31.046421", "frame": 66, "mu": [-0.9439015208763484, 2.4117652238657925, 0.9299111149819178], "Sigma": [[0.009300346808426152, 0.001617869667312833, 0.0022998166760876473], [0.0016178696673128333, 0.002489734144545939, 0.016546864425194388], [0.0022998166760876473, 0.016546864425194388, 0.26900218208504134]], "chi2_level": 0.95, "chi2_df": 3, "chi2_threshold": 7.814727903251179, "N_raw": 61, "N_roi": 61, "N_inlier": 59, "refit": true}
{"timestamp": "15:29:31.098220", "frame": 67, "mu": [-1.0534887076912416, 2.4771424027665767, 1.115147226665372], "Sigma": [[0.0071740240135518335, -0.0010827437337330914, -0.021630330688603067], [-0.0010827437337330914, 0.005594641397066401, 0.03965312633874503], [-0.021630330688603067, 0.03965312633874503, 0.5013861405951934]], "chi2_level": 0.95, "chi2_df": 3, "chi2_threshold": 7.814727903251179, "N_raw": 44, "N_roi": 44, "N_inlier": 43, "refit": true}
{"timestamp": "15:29:31.160934", "frame": 68, "mu": [-1.113933443020321, 2.5413594083095203, 1.0483050815568207], "Sigma": [[0.02040090172936233, 0.003881665786819143, 0.04042301333439917], [0.003881665786819143, 0.004284512782303287, 0.010780323203717513], [0.04042301333439917, 0.010780323203717513, 0.3129846623459987]], "chi2_level": 0.95, "chi2_df": 3, "chi2_threshold": 7.814727903251179, "N_raw": 95, "N_roi": 95, "N_inlier": 91, "refit": true}
{"timestamp": "15:29:31.213428", "frame": 69, "mu": [-1.1011007026004904, 2.5824675846238496, 0.971129449172026], "Sigma": [[0.022818488025590382, 0.0013774045392284302, 0.04635338544927053], [0.0013774045392284304, 0.002357052187595906, 0.006682901847822774], [0.04635338544927053, 0.0066829018478227736, 0.3067696020898753]], "chi2_level": 0.95, "chi2_df": 3, "chi2_threshold": 7.814727903251179, "N_raw": 74, "N_roi": 74, "N_inlier": 72, "refit": true}
{"timestamp": "15:29:31.266539", "frame": 70, "mu": [-0.9775742055140431, 2.629487478097475, 1.3881198496979241], "Sigma": [[0.012152698299466079, -0.0013636559039903766, -0.01928796023245964], [-0.0013636559039903766, 0.004442593644261951, -0.00030517822851082693], [-0.01928796023245964, -0.0003051782285108268, 0.048095606537082135]], "chi2_level": 0.95, "chi2_df": 3, "chi2_threshold": 7.814727903251179, "N_raw": 60, "N_roi": 60, "N_inlier": 55, "refit": true}
{"timestamp": "15:29:31.325450", "frame": 71, "mu": [-0.9523387486171233, 2.741673857568102, -0.17692337729703986], "Sigma": [[0.0118397435309617, 0.0033993199510594773, -0.017915340669157637], [0.0033993199510594773, 0.01167548023816851, -0.040339458356751054], [-0.017915340669157637, -0.040339458356751054, 0.23400649242364094]], "chi2_level": 0.95, "chi2_df": 3, "chi2_threshold": 7.814727903251179, "N_raw": 79, "N_roi": 79, "N_inlier": 76, "refit": true}
{"timestamp": "15:29:31.378039", "frame": 72, "mu": [-0.9680978593334821, 2.798423519950383, -0.03864559917584243], "Sigma": [[0.015154597519571447, 0.0005480346091831549, -0.018687445405605723], [0.0005480346091831547, 0.00590286481585929, -0.011618513755048875], [-0.018687445405605723, -0.011618513755048875, 0.05259301201230698]], "chi2_level": 0.95, "chi2_df": 3, "chi2_threshold": 7.814727903251179, "N_raw": 66, "N_roi": 66, "N_inlier": 60, "refit": true}
{"timestamp": "15:29:31.435678", "frame": 73, "mu": [-0.9658386289160288, 2.6707726572200796, 1.0394115425428005], "Sigma": [[0.011679544207868316, -0.00031804599032951293, -0.010436990451807187], [-0.000318045990329513, 0.004703139470834874, 0.011552889331148973], [-0.010436990451807187, 0.01155288933114897, 0.16517053911228782]], "chi2_level": 0.95, "chi2_df": 3, "chi2_threshold": 7.814727903251179, "N_raw": 87, "N_roi": 87, "N_inlier": 87, "refit": true}
{"timestamp": "15:29:31.490598", "frame": 74, "mu": [-0.9881221774607643, 2.7202459639131393, 1.115113892959587], "Sigma": [[0.01163879377955714, -0.0008546001973400877, -0.01679022046274012], [-0.0008546001973400876, 0.006842061375236583, 0.018612467652892754], [-0.01679022046274012, 0.018612467652892754, 0.16962995723019889]], "chi2_level": 0.95, "chi2_df": 3, "chi2_threshold": 7.814727903251179, "N_raw": 82, "N_roi": 82, "N_inlier": 78, "refit": true}
{"timestamp": "15:29:31.545622", "frame": 75, "mu": [-0.9981883137056181, 2.774424626374155, 1.1466470661685462], "Sigma": [[0.013748857593791904, 0.00020150510857982223, -0.013586913701195455], [0.0002015051085798224, 0.004597792605082881, -0.00015092463254049365], [-0.013586913701195455, -0.0001509246325404935, 0.11744945373250887]], "chi2_level": 0.95, "chi2_df": 3, "chi2_threshold": 7.814727903251179, "N_raw": 92, "N_roi": 92, "N_inlier": 91, "refit": true}
{"timestamp": "15:29:31.598064", "frame": 76, "mu": [-0.9586604546506303, 2.83860560394141, 1.245763296648756], "Sigma": [[0.014093641241032623, 0.0010475192218871933, -0.008005714044075265], [0.001047519221887193, 0.005284951672232778, -0.006479862461733179], [-0.008005714044075265, -0.006479862461733179, 0.015821037628980954]], "chi2_level": 0.95, "chi2_df": 3, "chi2_threshold": 7.814727903251179, "N_raw": 72, "N_roi": 72, "N_inlier": 69, "refit": true}
{"timestamp": "15:29:31.652607", "frame": 77, "mu": [-1.0094001444612897, 2.7976923137189242, 0.8415737909157154], "Sigma": [[0.01019649859909371, 0.0010908327591571594, 0.005147314072507037], [0.0010908327591571598, 0.0033196785891003626, 0.01670560087481123], [0.005147314072507036, 0.01670560087481123, 0.2474184313361994]], "chi2_level": 0.95, "chi2_df": 3, "chi2_threshold": 7.814727903251179, "N_raw": 60, "N_roi": 60, "N_inlier": 58, "refit": true}
{"timestamp": "15:29:31.708473", "frame": 78, "mu": [-1.0347202897912018, 2.9083830969029445, 1.252947447119652], "Sigma": [[0.013343031746697662, -0.0016811784888243523, 0.003557276896663913], [-0.0016811784888243523, 0.003990993590848767, -0.0017434706978030185], [0.003557276896663914, -0.0017434706978030187, 0.10390729648581364]], "chi2_level": 0.95, "chi2_df": 3, "chi2_threshold": 7.814727903251179, "N_raw": 67, "N_roi": 67, "N_inlier": 63, "refit": true}
{"timestamp": "15:29:31.763500", "frame": 79, "mu": [-0.9946968291147625, 2.940364509242685, -0.8752052599281408], "Sigma": [[0.016024199607334415, 0.0032229845131113875, 0.048962172977848925], [0.0032229845131113875, 0.011738370927936507, 0.0051400774545642056], [0.048962172977848925, 0.005140077454564205, 0.29301403062352976]], "chi2_level": 0.95, "chi2_df": 3, "chi2_threshold": 7.814727903251179, "N_raw": 74, "N_roi": 74, "N_inlier": 69, "refit": true}
{"timestamp": "15:29:31.815202", "frame": 80, "mu": [-0.9748336451472883, 2.992141067505485, 1.395700197602254], "Sigma": [[0.008759287325089354, -0.0017991699063019905, -0.0016385843218626169], [-0.0017991699063019907, 0.005550152423169452, 0.0023794417937673326], [-0.001638584321862617, 0.002379441793767333, 0.0804336140538678]], "chi2_level": 0.95, "chi2_df": 3, "chi2_threshold": 7.814727903251179, "N_raw": 44, "N_roi": 44, "N_inlier": 41, "refit": true}
{"timestamp": "15:29:31.869360", "frame": 81, "mu": [-0.9160816726995, 2.934794138924773, 0.8526975788657165], "Sigma": [[0.012783165934003941, -0.0021160446897829544, 0.03835300480998663], [-0.0021160446897829544, 0.0029552860337086198, -0.0175502021108326], [0.03835300480998663, -0.0175502021108326, 0.37336515431873946]], "chi2_level": 0.95, "chi2_df": 3, "chi2_threshold": 7.814727903251179, "N_raw": 37, "N_roi": 37, "N_inlier": 36, "refit": true}
{"timestamp": "15:29:31.929403", "frame": 82, "mu": [-0.9111391849693267, 2.9746108984308037, 0.7999630747810079], "Sigma": [[0.01682475344343452, -0.0012946040229890104, 0.03709313470674717], [-0.0012946040229890102, 0.005671501764333064, -0.001802835471237101], [0.03709313470674717, -0.0018028354712371002, 0.46554610460520307]], "chi2_level": 0.95, "chi2_df": 3, "chi2_threshold": 7.814727903251179, "N_raw": 76, "N_roi": 76, "N_inlier": 76, "refit": true}
{"timestamp": "15:29:31.987567", "frame": 83, "mu": [-0.9091422585661091, 3.030495037622539, 0.8233172843865494], "Sigma": [[0.01652390968413369, -0.0025211451663074737, 0.01789685621209714], [-0.0025211451663074737, 0.0070448436741772655, -0.024023644926234038], [0.01789685621209714, -0.024023644926234038, 0.4125435790566258]], "chi2_level": 0.95, "chi2_df": 3, "chi2_threshold": 7.814727903251179, "N_raw": 101, "N_roi": 101, "N_inlier": 101, "refit": true}
{"timestamp": "15:29:32.039158", "frame": 84, "mu": [-0.8591933720767091, 3.0988415081885963, 0.09609823641255452], "Sigma": [[0.01550197832682717, 0.0007425724904546742, -0.007770326039721454], [0.0007425724904546742, 0.006637614456192862, 0.0030764951823599234], [-0.007770326039721453, 0.0030764951823599234, 0.006755145055269181]], "chi2_level": 0.95, "chi2_df": 3, "chi2_threshold": 7.814727903251179, "N_raw": 69, "N_roi": 69, "N_inlier": 64, "refit": true}
{"timestamp": "15:29:32.093671", "frame": 85, "mu": [-0.8605518862495765, 3.154591317819299, 0.1600806933497343], "Sigma": [[0.015166998001721806, 0.0013254712010239067, -0.00880184547855981], [0.0013254712010239062, 0.006952123874790534, 0.002325132881403637], [-0.00880184547855981, 0.0023251328814036373, 0.007931860730089583]], "chi2_level": 0.95, "chi2_df": 3, "chi2_threshold": 7.814727903251179, "N_raw": 68, "N_roi": 68, "N_inlier": 64, "refit": true}
{"timestamp": "15:29:32.147750", "frame": 86, "mu": [-0.8094954346504882, 3.1745543320832916, 0.1720953814624234], "Sigma": [[0.013364046056880508, 0.0016358187067428628, -0.007438465491262973], [0.0016358187067428633, 0.0073273479160784185, 0.0037942823606577315], [-0.007438465491262973, 0.0037942823606577306, 0.008454103856693996]], "chi2_level": 0.95, "chi2_df": 3, "chi2_threshold": 7.814727903251179, "N_raw": 65, "N_roi": 65, "N_inlier": 62, "refit": true}
{"timestamp": "15:29:32.254997", "frame": 88, "mu": [-0.846758152686331, 3.1467423027235757, 0.8908276347947292], "Sigma": [[0.03203694982821935, -0.000459502191009554, 0.06261302141787278], [-0.00045950219100955407, 0.0024179562310654382, -0.007972189845231572], [0.06261302141787278, -0.007972189845231572, 0.18788828722732578]], "chi2_level": 0.95, "chi2_df": 3, "chi2_threshold": 7.814727903251179, "N_raw": 53, "N_roi": 51, "N_inlier": 49, "refit": true}
{"timestamp": "15:29:32.311516", "frame": 89, "mu": [-0.849580850883042, 3.1993894390786477, 0.954237713931343], "Sigma": [[0.02641799699461523, 0.0013804306760631122, 0.0652219682459836], [0.0013804306760631122, 0.0026417828235233073, 0.0005111201913708182], [0.0652219682459836, 0.0005111201913708177, 0.2813770090269565]], "chi2_level": 0.95, "chi2_df": 3, "chi2_threshold": 7.814727903251179, "N_raw": 55, "N_roi": 51, "N_inlier": 51, "refit": true}
