{"timestamp": "15:23:24.236089", "frame": 1, "mu": [2.2772608107923964, 3.7637977224876247, 1.2570373211096462], "Sigma": [[0.012598490376480656, -0.006911969055316091, -0.006203174665226199], [-0.006911969055316089, 0.005783301522067894, 8.090305226227871e-05], [-0.0062031746652261984, 8.09030522622785e-05, 0.01169511069252764]], "chi2_level": 0.95, "chi2_df": 3, "chi2_threshold": 7.814727903251179, "N_raw": 23, "N_roi": 22, "N_inlier": 21, "refit": true}
{"timestamp": "15:23:24.399294", "frame": 4, "mu": [2.2706897775672226, 3.76750406917647, 1.3335450272002503], "Sigma": [[0.007415088873919716, -0.0049041897188998275, -0.002323126886289856], [-0.0049041897188998275, 0.004922627475677097, -0.0011184868666262006], [-0.0023231268862898558, -0.0011184868666262006, 0.0074044328996899006]], "chi2_level": 0.95, "chi2_df": 3, "chi2_threshold": 7.814727903251179, "N_raw": 16, "N_roi": 16, "N_inlier": 15, "refit": true}
{"timestamp": "15:23:24.674574", "frame": 9, "mu": [2.274571781729189, 3.798419882710511, 1.1070908359563292], "Sigma": [[0.0073195403066220474, -0.004876507165490736, -9.616286593041428e-05], [-0.004876507165490736, 0.005594168435304189, -0.0008820736012532147], [-9.616286593041427e-05, -0.0008820736012532147, 0.0005408677781488686]], "chi2_level": 0.95, "chi2_df": 3, "chi2_threshold": 7.814727903251179, "N_raw": 16, "N_roi": 16, "N_inlier": 15, "refit": true}
{"timestamp": "15:23:24.950319", "frame": 14, "mu": [2.2178921633087105, 3.9095977949586964, 1.0034749143203971], "Sigma": [[0.01671743592741011, -0.010729508669283901, -0.0059010773655897315], [-0.010729508669283901, 0.008714887716830341, 0.0049035346094666865], [-0.0059010773655897315, 0.004903534609466686, 0.003568846586483968]], "chi2_level": 0.95, "chi2_df": 3, "chi2_threshold": 7.814727903251179, "N_raw": 16, "N_roi": 16, "N_inlier": 15, "refit": true}
{"timestamp": "15:23:25.006099", "frame": 15, "mu": [2.230984188379808, 3.809133534490457, 1.2825252803369729], "Sigma": [[0.01433158536432431, -0.0077502633402388756, -0.0044577900835433525], [-0.0077502633402388756, 0.0057687793794147756, 0.0001887106514387516], [-0.004457790083543353, 0.0001887106514387515, 0.008280519760378838]], "chi2_level": 0.95, "chi2_df": 3, "chi2_threshold": 7.814727903251179, "N_raw": 25, "N_roi": 25, "N_inlier": 23, "refit": true}
{"timestamp": "15:23:25.119136", "frame": 17, "mu": [2.2466688427514785, 3.7375653263801207, 1.3014273583202283], "Sigma": [[0.018019288429917516, -0.010241236299639873, -0.0017993998829704185], [-0.010241236299639873, 0.008564474031405854, -0.0006751635131400656], [-0.0017993998829704183, -0.0006751635131400656, 0.0031127287399743834]], "chi2_level": 0.95, "chi2_df": 3, "chi2_threshold": 7.814727903251179, "N_raw": 32, "N_roi": 32, "N_inlier": 30, "refit": true}
{"timestamp": "15:23:25.171555", "frame": 18, "mu": [2.2024130384514504, 3.8825138248162947, 1.1023821411305919], "Sigma": [[0.009724213163372077, -0.008661009300565283, -0.0027867456900935246], [-0.008661009300565283, 0.010184848909813837, 0.00294201745039002], [-0.0027867456900935246, 0.00294201745039002, 0.003271250890210975]], "chi2_level": 0.95, "chi2_df": 3, "chi2_threshold": 7.814727903251179, "N_raw": 14, "N_roi": 14, "N_inlier": 13, "refit": true}
{"timestamp": "15:23:25.283502", "frame": 20, "mu": [2.2305514384920895, 3.7068335292927324, 1.3556889572794641], "Sigma": [[0.01892510230133084, -0.010811449725537384, -0.010449867602090577], [-0.010811449725537384, 0.00824942828876756, 0.005306349291149126], [-0.010449867602090577, 0.005306349291149126, 0.009114829293851373]], "chi2_level": 0.95, "chi2_df": 3, "chi2_threshold": 7.814727903251179, "N_raw": 30, "N_roi": 28, "N_inlier": 25, "refit": true}
{"timestamp": "15:23:25.451191", "frame": 23, "mu": [2.240080646668136, 3.6633405228116924, 1.262812694605037], "Sigma": [[0.021444912327347194, -0.011912921923938058, -0.00841389882046425], [-0.011912921923938058, 0.00995285891239273, 0.0026464924053858363], [-0.00841389882046425, 0.0026464924053858363, 0.006410326985605629]], "chi2_level": 0.95, "chi2_df": 3, "chi2_threshold": 7.814727903251179, "N_raw": 40, "N_roi": 36, "N_inlier": 35, "refit": true}
{"timestamp": "15:23:25.612581", "frame": 26, "mu": [2.2360789006910053, 3.461674521005576, 0.7098676568322584], "Sigma": [[0.01712852511848482, -0.012018818969389729, -0.01144812483151671], [-0.012018818969389729, 0.009122313742582915, 0.006780505020937083], [-0.01144812483151671, 0.006780505020937083, 0.01847244172978823]], "chi2_level": 0.95, "chi2_df": 3, "chi2_threshold": 7.814727903251179, "N_raw": 26, "N_roi": 25, "N_inlier": 24, "refit": true}
{"timestamp": "15:23:25.668318", "frame": 27, "mu": [2.127728752748161, 3.55971809560236, 0.9046861856687679], "Sigma": [[0.0034051404493366092, -0.0014234039744357903, -0.002834870796318052], [-0.0014234039744357903, 0.003204094275218833, -0.004465730595230576], [-0.002834870796318052, -0.004465730595230576, 0.05473791784495436]], "chi2_level": 0.95, "chi2_df": 3, "chi2_threshold": 7.814727903251179, "N_raw": 17, "N_roi": 13, "N_inlier": 13, "refit": true}
{"timestamp": "15:23:25.780764", "frame": 29, "mu": [2.235859887169144, 3.373593281131045, 0.7234307392606362], "Sigma": [[0.017497292740597834, -0.014761793835406569, -0.0017117764002298433], [-0.014761793835406569, 0.016328120489276225, 0.0018791742598611757], [-0.0017117764002298435, 0.0018791742598611757, 0.0016000588132739754]], "chi2_level": 0.95, "chi2_df": 3, "chi2_threshold": 7.814727903251179, "N_raw": 42, "N_roi": 32, "N_inlier": 30, "refit": true}
{"timestamp": "15:23:25.838554", "frame": 30, "mu": [2.133851587527725, 3.46949285772203, -0.026196230347800442], "Sigma": [[0.024370231243889214, -0.012282589453781216, -0.010545694020634825], [-0.012282589453781214, 0.012086529180021724, 0.002143874457368593], [-0.010545694020634825, 0.002143874457368593, 0.007782441261747682]], "chi2_level": 0.95, "chi2_df": 3, "chi2_threshold": 7.814727903251179, "N_raw": 55, "N_roi": 52, "N_inlier": 50, "refit": true}
{"timestamp": "15:23:25.889850", "frame": 31, "mu": [2.1423243438681814, 3.286818010815144, 0.8580293107763937], "Sigma": [[0.003454469318210875, -0.0015731026110363058, -0.0037375364354475344], [-0.0015731026110363058, 0.00180674337059237, -0.0008111582496077161], [-0.0037375364354475344, -0.000811158249607716, 0.013530158107030227]], "chi2_level": 0.95, "chi2_df": 3, "chi2_threshold": 7.814727903251179, "N_raw": 16, "N_roi": 13, "N_inlier": 12, "refit": true}
{"timestamp": "15:23:25.943587", "frame": 32, "mu": [2.032007880081345, 3.3010624458712634, 0.957670476143926], "Sigma": [[0.015392552239424116, -0.01074095090930622, -0.007219197642676987], [-0.01074095090930622, 0.009436702063622205, 0.004621394763964569], [-0.007219197642676987, 0.004621394763964568, 0.004705050197839618]], "chi2_level": 0.95, "chi2_df": 3, "chi2_threshold": 7.814727903251179, "N_raw": 29, "N_roi": 26, "N_inlier": 24, "refit": true}
{"timestamp": "15:23:26.002474", "frame": 33, "mu": [2.098908300249691, 3.203947306037921, 0.8815480937891105], "Sigma": [[0.017717927391672147, -0.013316376777057545, -0.002481033035538114], [-0.013316376777057543, 0.011834349762957013, -0.0033537728578151827], [-0.0024810330355381147, -0.0033537728578151823, 0.032278480710162205]], "chi2_level": 0.95, "chi2_df": 3, "chi2_threshold": 7.814727903251179, "N_raw": 52, "N_roi": 51, "N_inlier": 50, "refit": true}
{"timestamp": "15:23:26.053607", "frame": 34, "mu": [2.03090160282549, 3.204167937586785, 0.7275158040129754], "Sigma": [[0.0125429277533264, -0.009576246975812644, -0.007174745377122019], [-0.009576246975812646, 0.008214332959688571, 0.004108815910017421], [-0.007174745377122019, 0.004108815910017421, 0.016378082285270823]], "chi2_level": 0.95, "chi2_df": 3, "chi2_threshold": 7.814727903251179, "N_raw": 25, "N_roi": 23, "N_inlier": 21, "refit": true}
{"timestamp": "15:23:26.112058", "frame": 35, "mu": [1.9805606649923186, 3.1632870619048177, 1.0749720590180298], "Sigma": [[0.016668973852261584, -0.0093037967089043, -0.011240704088540936], [-0.0093037967089043, 0.007862480622704992, -0.0006551763232219436], [-0.011240704088540936, -0.0006551763232219439, 0.029588520034555033]], "chi2_level": 0.95, "chi2_df": 3, "chi2_threshold": 7.814727903251179, "N_raw": 51, "N_roi": 51, "N_inlier": 50, "refit": true}
{"timestamp": "15:23:26.166657", "frame": 36, "mu": [1.9758869706968973, 3.0436147446180595, 0.5953544256685407], "Sigma": [[0.01732452427007688, -0.011225810905347706, -0.0001677266821473902], [-0.011225810905347704, 0.009138882378554964, -0.001319977335761798], [-0.00016772668214739043, -0.001319977335761798, 0.019063011435829134]], "chi2_level": 0.95, "chi2_df": 3, "chi2_threshold": 7.814727903251179, "N_raw": 45, "N_roi": 45, "N_inlier": 43, "refit": true}
{"timestamp": "15:23:26.219720", "frame": 37, "mu": [1.9143594322862043, 3.0067794370834284, 0.5463260266209192], "Sigma": [[0.011696038602775306, -0.006580421582734641, 0.00042015232038782225], [-0.006580421582734641, 0.004824559912113857, -0.001921094820135867], [0.0004201523203878222, -0.0019210948201358667, 0.009123704151010405]], "chi2_level": 0.95, "chi2_df": 3, "chi2_threshold": 7.814727903251179, "N_raw": 32, "N_roi": 32, "N_inlier": 30, "refit": true}
{"timestamp": "15:23:26.279813", "frame": 38, "mu": [1.8673467821329415, 3.036742037302651, 0.9409379922373963], "Sigma": [[0.0153805009004445, -0.009087388156796727, -0.0011646910919498408], [-0.009087388156796727, 0.006091401878928758, 0.004233444976947116], [-0.0011646910919498408, 0.004233444976947116, 0.11057459276660486]], "chi2_level": 0.95, "chi2_df": 3, "chi2_threshold": 7.814727903251179, "N_raw": 61, "N_roi": 58, "N_inlier": 57, "refit": true}
{"timestamp": "15:23:26.333355", "frame": 39, "mu": [1.8880182945824475, 2.9659359609308584, 1.087440796976137], "Sigma": [[0.017368378616774642, -0.010179471337819036, -0.006233151660178328], [-0.010179471337819036, 0.0074321992747094804, -0.0012209176982968647], [-0.006233151660178328, -0.0012209176982968645, 0.026743014581977406]], "chi2_level": 0.95, "chi2_df": 3, "chi2_threshold": 7.814727903251179, "N_raw": 49, "N_roi": 49, "N_inlier": 48, "refit": true}
{"timestamp": "15:23:26.391313", "frame": 40, "mu": [1.8775151854248222, 2.95690983607706, -0.9541827375867076], "Sigma": [[0.022200910947374385, 0.005311166983324308, 0.0551531387625781], [0.005311166983324308, 0.00803672810988375, 0.025286887978570358], [0.0551531387625781, 0.025286887978570358, 0.2648844294863158]], "chi2_level": 0.95, "chi2_df": 3, "chi2_threshold": 7.814727903251179, "N_raw": 70, "N_roi": 70, "N_inlier": 69, "refit": true}
{"timestamp": "15:23:26.444294", "frame": 41, "mu": [1.8073427882245672, 2.757141636208207, 0.5385688960598545], "Sigma": [[0.020782703886807804, -0.012785009161867691, -0.005852902593541293], [-0.01278500916186769, 0.01116909589325983, 0.006320214172959509], [-0.005852902593541293, 0.006320214172959509, 0.04847185962048535]], "chi2_level": 0.95, "chi2_df": 3, "chi2_threshold": 7.814727903251179, "N_raw": 66, "N_roi": 66, "N_inlier": 65, "refit": true}
{"timestamp": "15:23:26.498505", "frame": 42, "mu": [1.762925547035727, 2.788140418869404, 0.7224650055326025], "Sigma": [[0.015963715208505237, -0.00961061471961322, 0.002254463373850802], [-0.00961061471961322, 0.007044332106344857, -0.003129695070436544], [0.0022544633738508027, -0.003129695070436544, 0.05000325199123912]], "chi2_level": 0.95, "chi2_df": 3, "chi2_threshold": 7.814727903251179, "N_raw": 60, "N_roi": 60, "N_inlier": 59, "refit": true}
{"timestamp": "15:23:26.549261", "frame": 43, "mu": [1.7583250108045199, 2.8468517477325723, -0.8923035817922238], "Sigma": [[0.005966920599725021, 0.0026846799051523083, 0.021341881184152933], [0.002684679905152308, 0.004731884007186942, 0.02214687537958531], [0.021341881184152933, 0.02214687537958531, 0.19741244053436421]], "chi2_level": 0.95, "chi2_df": 3, "chi2_threshold": 7.814727903251179, "N_raw": 31, "N_roi": 31, "N_inlier": 30, "refit": true}
{"timestamp": "15:23:26.606958", "frame": 44, "mu": [1.7146883370381234, 2.7088873080898077, 0.7785580709703567], "Sigma": [[0.015944159762061764, -0.01476671259704421, -0.023206450322472802], [-0.014766712597044209, 0.015156237075040687, 0.01990823621838207], [-0.023206450322472802, 0.019908236218382072, 0.05368407861279049]], "chi2_level": 0.95, "chi2_df": 3, "chi2_threshold": 7.814727903251179, "N_raw": 46, "N_roi": 46, "N_inlier": 45, "refit": true}
{"timestamp": "15:23:26.662711", "frame": 45, "mu": [1.6778536174307366, 2.65770558163306, 0.9554608007166281], "Sigma": [[0.01559573661945047, -0.01188773384911438, -0.017021133853282862], [-0.01188773384911438, 0.010168913312551537, 0.015467766618163471], [-0.017021133853282862, 0.015467766618163473, 0.06066812179288755]], "chi2_level": 0.95, "chi2_df": 3, "chi2_threshold": 7.814727903251179, "N_raw": 51, "N_roi": 51, "N_inlier": 48, "refit": true}
{"timestamp": "15:23:26.720203", "frame": 46, "mu": [1.6330802907403879, 2.8138370531867727, -0.3730105765449103], "Sigma": [[0.016616668600474033, -0.008348759164326335, -0.021620849199733234], [-0.008348759164326335, 0.009657955139249228, 0.0007229178689618534], [-0.021620849199733234, 0.0007229178689618532, 0.07516617835609049]], "chi2_level": 0.95, "chi2_df": 3, "chi2_threshold": 7.814727903251179, "N_raw": 68, "N_roi": 68, "N_inlier": 64, "refit": true}
{"timestamp": "15:23:26.775499", "frame": 47, "mu": [1.5515047213815842, 2.6722161766760975, 0.9754279564273017], "Sigma": [[0.010089152716351659, -0.0064007201204966824, 0.0007729975656511723], [-0.0064007201204966824, 0.006295284959858962, -0.008847570558922137], [0.0007729975656511725, -0.008847570558922137, 0.053984624276303975]], "chi2_level": 0.95, "chi2_df": 3, "chi2_threshold": 7.814727903251179, "N_raw": 64, "N_roi": 64, "N_inlier": 63, "refit": true}
{"timestamp": "15:23:26.829772", "frame": 48, "mu": [1.4916552032025654, 2.815143909866469, -0.3922115830411488], "Sigma": [[0.013664473967407149, -0.00838014685152921, -0.000249508538807083], [-0.00838014685152921, 0.011264079482612722, -0.014626072143861168], [-0.000249508538807083, -0.01462607214386117, 0.05095612840318071]], "chi2_level": 0.95, "chi2_df": 3, "chi2_threshold": 7.814727903251179, "N_raw": 64, "N_roi": 64, "N_inlier": 63, "refit": true}
{"timestamp": "15:23:26.886631", "frame": 49, "mu": [1.4820380393773065, 2.5325628052901488, 0.8577679336256043], "Sigma": [[0.014136266698860025, -0.009092625882617047, -0.0030388647955587266], [-0.009092625882617047, 0.006900301611825259, 7.753172586193809e-05], [-0.0030388647955587266, 7.753172586193917e-05, 0.04669161211971136]], "chi2_level": 0.95, "chi2_df": 3, "chi2_threshold": 7.814727903251179, "N_raw": 68, "N_roi": 68, "N_inlier": 64, "refit": true}
{"timestamp": "15:23:26.941187", "frame": 50, "mu": [1.4292805907118402, 2.4846478393046736, 0.999205135447634], "Sigma": [[0.015036290356037702, -0.008544940844133804, -0.014793358249927231], [-0.008544940844133804, 0.006239700226514278, 0.007479630503221346], [-0.01479335824992723, 0.007479630503221346, 0.07220102701573128]], "chi2_level": 0.95, "chi2_df": 3, "chi2_threshold": 7.814727903251179, "N_raw": 71, "N_roi": 71, "N_inlier": 68, "refit": true}
{"timestamp": "15:23:26.995402", "frame": 51, "mu": [1.392769425431991, 2.4228452376471643, 0.9482997604804491], "Sigma": [[0.017991484773928, -0.011517807695481129, -0.0034249944066031953], [-0.011517807695481129, 0.008350494040231261, -0.002071959332692081], [-0.003424994406603196, -0.0020719593326920804, 0.04595607924136348]], "chi2_level": 0.95, "chi2_df": 3, "chi2_threshold": 7.814727903251179, "N_raw": 73, "N_roi": 73, "N_inlier": 71, "refit": true}
{"timestamp": "15:23:27.048541", "frame": 52, "mu": [1.3780453118022447, 2.3761959321557486, 0.8449628101400103], "Sigma": [[0.009328784188028969, -0.006259861704366652, 1.1306572028791078e-05], [-0.006259861704366652, 0.004763481581974057, -0.0029663776712275866], [1.1306572028791024e-05, -0.002966377671227586, 0.03038978731526546]], "chi2_level": 0.95, "chi2_df": 3, "chi2_threshold": 7.814727903251179, "N_raw": 48, "N_roi": 48, "N_inlier": 44, "refit": true}
{"timestamp": "15:23:27.104296", "frame": 53, "mu": [1.3191292883043904, 2.3410006306788587, 1.1841571993526936], "Sigma": [[0.012674868372705456, -0.005961444173686931, -0.008605556782207313], [-0.005961444173686931, 0.005949577684141856, 0.000785046595568054], [-0.008605556782207313, 0.0007850465955680537, 0.01959569589310277]], "chi2_level": 0.95, "chi2_df": 3, "chi2_threshold": 7.814727903251179, "N_raw": 56, "N_roi": 55, "N_inlier": 53, "refit": true}
{"timestamp": "15:23:27.163354", "frame": 54, "mu": [1.330743680861569, 2.223846964150276, 0.9632191247056185], "Sigma": [[0.022202069827134827, -0.0150860263044445, -0.029302084127114204], [-0.0150860263044445, 0.011609726677628765, 0.02073355065119456], [-0.029302084127114204, 0.02073355065119456, 0.0822959306243142]], "chi2_level": 0.95, "chi2_df": 3, "chi2_threshold": 7.814727903251179, "N_raw": 85, "N_roi": 85, "N_inlier": 81, "refit": true}
{"timestamp": "15:23:27.216548", "frame": 55, "mu": [1.2857795174803441, 2.252134749214616, -0.9913527775200187], "Sigma": [[0.013568423199524978, -0.0018132552945920412, 0.004177502303789774], [-0.0018132552945920412, 0.005695207183082694, 0.011148729715683457], [0.004177502303789774, 0.011148729715683457, 0.09862661557366897]], "chi2_level": 0.95, "chi2_df": 3, "chi2_threshold": 7.814727903251179, "N_raw": 72, "N_roi": 72, "N_inlier": 69, "refit": true}
{"timestamp": "15:23:27.272405", "frame": 56, "mu": [1.2152780978864492, 2.1758191397473006, 0.840289121444837], "Sigma": [[0.012318041177931392, -0.007952002227986692, 0.007490053807038463], [-0.007952002227986692, 0.006591351773071969, -0.008209156450836535], [0.007490053807038463, -0.008209156450836533, 0.04975012528500701]], "chi2_level": 0.95, "chi2_df": 3, "chi2_threshold": 7.814727903251179, "N_raw": 77, "N_roi": 77, "N_inlier": 72, "refit": true}
{"timestamp": "15:23:27.325016", "frame": 57, "mu": [1.1653999143723435, 2.2857640700736033, -0.5120580145912345], "Sigma": [[0.013712587169950882, -0.0013934848217946388, 0.004596735786825826], [-0.0013934848217946388, 0.004113855267000339, 0.005995196797791647], [0.004596735786825828, 0.0059951967977916465, 0.10692050729170648]], "chi2_level": 0.95, "chi2_df": 3, "chi2_threshold": 7.814727903251179, "N_raw": 61, "N_roi": 61, "N_inlier": 58, "refit": true}
{"timestamp": "15:23:27.383553", "frame": 58, "mu": [1.058013494576762, 2.1226867199655954, 0.8620788158443579], "Sigma": [[0.0169342568990022, -0.015393277717571536, 0.0027327567843184], [-0.015393277717571536, 0.018473770455256146, 4.107239285979381e-05], [0.0027327567843184004, 4.107239285979381e-05, 0.08935870582829537]], "chi2_level": 0.95, "chi2_df": 3, "chi2_threshold": 7.814727903251179, "N_raw": 87, "N_roi": 87, "N_inlier": 84, "refit": true}
{"timestamp": "15:23:27.437754", "frame": 59, "mu": [1.0425751947225268, 2.042180577927393, 0.7303449826506647], "Sigma": [[0.01771105402869013, -0.017009837242223293, 0.007423556047355815], [-0.017009837242223293, 0.0212189079734987, -0.0082722355185326], [0.007423556047355813, -0.008272235518532598, 0.03963920224003647]], "chi2_level": 0.95, "chi2_df": 3, "chi2_threshold": 7.814727903251179, "N_raw": 76, "N_roi": 76, "N_inlier": 73, "refit": true}
{"timestamp": "15:23:27.495608", "frame": 60, "mu": [0.9982234857082254, 2.011539298526672, 0.9338123430912543], "Sigma": [[0.015508389079856898, -0.010876709251517526, -0.005124743922946108], [-0.010876709251517526, 0.009632385143548753, -6.1411034375643e-05], [-0.0051247439229461095, -6.141103437564332e-05, 0.10256701055699669]], "chi2_level": 0.95, "chi2_df": 3, "chi2_threshold": 7.814727903251179, "N_raw": 107, "N_roi": 107, "N_inlier": 105, "refit": true}
{"timestamp": "15:23:27.550227", "frame": 61, "mu": [0.9544871742225602, 2.125121616389002, 0.08817729557244525], "Sigma": [[0.011984477263350397, -0.00725363524620836, 0.04288241949550312], [-0.00725363524620836, 0.015988063655819534, -0.06759566187710428], [0.04288241949550313, -0.06759566187710428, 0.3788623186394816]], "chi2_level": 0.95, "chi2_df": 3, "chi2_threshold": 7.814727903251179, "N_raw": 91, "N_roi": 91, "N_inlier": 83, "refit": true}
{"timestamp": "15:23:27.605522", "frame": 62, "mu": [0.8570348791712283, 1.9833325686618346, 1.0591148286459278], "Sigma": [[0.007932793115726419, -0.0034773469539998467, 0.0029300468305246147], [-0.0034773469539998462, 0.0047307628616292405, -0.003925153398871442], [0.002930046830524614, -0.003925153398871442, 0.1357563022158997]], "chi2_level": 0.95, "chi2_df": 3, "chi2_threshold": 7.814727903251179, "N_raw": 89, "N_roi": 89, "N_inlier": 87, "refit": true}
{"timestamp": "15:23:27.659538", "frame": 63, "mu": [0.8506571034678507, 2.045278253336957, -0.0064002260999240345], "Sigma": [[0.009982212203108914, -0.006568976722701167, 0.02514427944906563], [-0.006568976722701167, 0.015633376843175215, -0.05882279407064323], [0.02514427944906563, -0.05882279407064323, 0.48442882403919246]], "chi2_level": 0.95, "chi2_df": 3, "chi2_threshold": 7.814727903251179, "N_raw": 88, "N_roi": 88, "N_inlier": 82, "refit": true}
{"timestamp": "15:23:27.714492", "frame": 64, "mu": [0.7503711814095309, 1.8855261564602155, 1.1533269223026532], "Sigma": [[0.007766809250400035, -0.0032767868421700553, -0.008221753519156489], [-0.0032767868421700553, 0.004142228296235363, 0.003675627931521686], [-0.008221753519156487, 0.003675627931521686, 0.10118500244793499]], "chi2_level": 0.95, "chi2_df": 3, "chi2_threshold": 7.814727903251179, "N_raw": 88, "N_roi": 88, "N_inlier": 85, "refit": true}
{"timestamp": "15:23:27.769724", "frame": 65, "mu": [0.7345835966664569, 1.8564578922092436, 1.2369155955483866], "Sigma": [[0.01070417282505881, -0.00327721401044705, -0.01978076944596158], [-0.0032772140104470504, 0.005681021561269863, 0.005468094186247741], [-0.01978076944596158, 0.005468094186247743, 0.08344699915909315]], "chi2_level": 0.95, "chi2_df": 3, "chi2_threshold": 7.814727903251179, "N_raw": 87, "N_roi": 87, "N_inlier": 84, "refit": true}
{"timestamp": "15:23:27.821745", "frame": 66, "mu": [0.7734690667951714, 1.7719389926065952, 1.009137066504638], "Sigma": [[0.005819533296228559, -0.0035390190734060512, -0.0028541704907972935], [-0.0035390190734060504, 0.003485804354709081, 0.002846394342003674], [-0.0028541704907972944, 0.002846394342003674, 0.061529642342398494]], "chi2_level": 0.95, "chi2_df": 3, "chi2_threshold": 7.814727903251179, "N_raw": 77, "N_roi": 77, "N_inlier": 68, "refit": true}
{"timestamp": "15:23:27.881822", "frame": 67, "mu": [0.7527462858495712, 1.7695727984565475, -0.2631515778535828], "Sigma": [[0.010234492687006705, -0.0064889177278805235, 0.05254786397925748], [-0.0064889177278805235, 0.01817304597909983, -0.06092710004278548], [0.05254786397925748, -0.06092710004278548, 0.7423511945080613]], "chi2_level": 0.95, "chi2_df": 3, "chi2_threshold": 7.814727903251179, "N_raw": 103, "N_roi": 103, "N_inlier": 100, "refit": true}
{"timestamp": "15:23:27.943089", "frame": 68, "mu": [0.6003558731344736, 1.6707783555523354, 0.724498272346837], "Sigma": [[0.01720092717321199, -0.012147218533556986, -0.008238217078505531], [-0.012147218533556986, 0.02027320486773239, 0.043861502708326866], [-0.008238217078505534, 0.043861502708326866, 0.21652929477669483]], "chi2_level": 0.95, "chi2_df": 3, "chi2_threshold": 7.814727903251179, "N_raw": 150, "N_roi": 150, "N_inlier": 141, "refit": true}
{"timestamp": "15:23:27.985472", "frame": 69, "mu": [0.5096795278291767, 1.710461380040837, 1.1957742463676468], "Sigma": [[0.009507852576353207, -0.0031887417849384664, -0.019844619769885635], [-0.003188741784938466, 0.002752127278499814, 0.0023136678772000853], [-0.019844619769885635, 0.0023136678772000853, 0.0794351685620836]], "chi2_level": 0.95, "chi2_df": 3, "chi2_threshold": 7.814727903251179, "N_raw": 57, "N_roi": 57, "N_inlier": 52, "refit": true}
{"timestamp": "15:23:28.041696", "frame": 70, "mu": [0.3967832526776874, 1.7436919347700772, 1.118114756553715], "Sigma": [[0.01166995111304273, -0.008828277778579398, 0.017706637862683047], [-0.008828277778579398, 0.010828574640440477, -0.025457918443632096], [0.017706637862683047, -0.025457918443632096, 0.07767173100800556]], "chi2_level": 0.95, "chi2_df": 3, "chi2_threshold": 7.814727903251179, "N_raw": 73, "N_roi": 73, "N_inlier": 70, "refit": true}
{"timestamp": "15:23:28.107650", "frame": 71, "mu": [0.3715109224669606, 1.6864964424432671, -0.13898093787057644], "Sigma": [[0.02277260661948886, -0.009111579981063758, 0.12353018580726585], [-0.00911157998106376, 0.007779858808331569, -0.05646337085144451], [0.12353018580726587, -0.05646337085144451, 1.415808894821635]], "chi2_level": 0.95, "chi2_df": 3, "chi2_threshold": 7.814727903251179, "N_raw": 113, "N_roi": 113, "N_inlier": 106, "refit": true}
{"timestamp": "15:23:28.153113", "frame": 72, "mu": [0.46711783985454713, 1.6227392859431893, 0.8770469698336645], "Sigma": [[0.008323667795975818, 0.002982998682646322, -0.03406216761269948], [0.002982998682646322, 0.007880959703868954, -0.05151666355192949], [-0.03406216761269948, -0.05151666355192949, 0.48594513117136023]], "chi2_level": 0.95, "chi2_df": 3, "chi2_threshold": 7.814727903251179, "N_raw": 73, "N_roi": 73, "N_inlier": 72, "refit": true}
{"timestamp": "15:23:28.202443", "frame": 73, "mu": [0.4577645143127053, 1.4663361042444367, 0.851355395450874], "Sigma": [[0.0052646445848359424, -0.0015457207352239373, -0.006226346675889973], [-0.0015457207352239373, 0.0018088375435672194, 0.0006433939022449892], [-0.006226346675889973, 0.0006433939022449891, 0.02821640678207195]], "chi2_level": 0.95, "chi2_df": 3, "chi2_threshold": 7.814727903251179, "N_raw": 45, "N_roi": 45, "N_inlier": 39, "refit": true}
{"timestamp": "15:23:28.260888", "frame": 74, "mu": [0.29334311484692466, 1.4713166034708693, 1.3848717466137455], "Sigma": [[0.004981239833853794, -0.0007940485422295092, -0.0025806703547703413], [-0.0007940485422295092, 0.003134963858186954, -0.0031869423333708486], [-0.0025806703547703413, -0.0031869423333708486, 0.019086455594037627]], "chi2_level": 0.95, "chi2_df": 3, "chi2_threshold": 7.814727903251179, "N_raw": 70, "N_roi": 70, "N_inlier": 61, "refit": true}
{"timestamp": "15:23:28.314527", "frame": 75, "mu": [0.24290136013649075, 1.5208756773875178, -0.22748299341726191], "Sigma": [[0.0044835413000244165, 0.0009178053771446227, -0.007481483510804538], [0.0009178053771446227, 0.00852281952009889, -0.02444960495343723], [-0.007481483510804536, -0.02444960495343723, 0.10337039911271766]], "chi2_level": 0.95, "chi2_df": 3, "chi2_threshold": 7.814727903251179, "N_raw": 52, "N_roi": 52, "N_inlier": 49, "refit": true}
{"timestamp": "15:23:28.367205", "frame": 76, "mu": [0.27054852515752037, 1.4490939021923361, -0.5097107177369111], "Sigma": [[0.00653955238490419, 0.004463951422023918, 0.003086502204598467], [0.004463951422023918, 0.005041961749255939, 0.004039606856812358], [0.003086502204598467, 0.004039606856812358, 0.024092039726791532]], "chi2_level": 0.95, "chi2_df": 3, "chi2_threshold": 7.814727903251179, "N_raw": 40, "N_roi": 40, "N_inlier": 38, "refit": true}
{"timestamp": "15:23:28.431724", "frame": 77, "mu": [0.1816156218773332, 1.3900327635775118, 1.401813808305432], "Sigma": [[0.007456606303877203, 0.000912633197389182, -0.013556506629229869], [0.0009126331973891818, 0.003137074284866311, -0.0030747590538895385], [-0.013556506629229869, -0.0030747590538895376, 0.040087979910739424]], "chi2_level": 0.95, "chi2_df": 3, "chi2_threshold": 7.814727903251179, "N_raw": 73, "N_roi": 73, "N_inlier": 69, "refit": true}
{"timestamp": "15:23:28.481408", "frame": 78, "mu": [0.19268977668495765, 1.360593780004832, 1.2029682424059274], "Sigma": [[0.004190855484183528, 9.800784575258901e-05, -0.0017665686046445547], [9.800784575258899e-05, 0.004242205199633472, 0.008551041735216947], [-0.001766568604644555, 0.008551041735216947, 0.04286171211047773]], "chi2_level": 0.95, "chi2_df": 3, "chi2_threshold": 7.814727903251179, "N_raw": 70, "N_roi": 70, "N_inlier": 63, "refit": true}
{"timestamp": "15:23:28.540098", "frame": 79, "mu": [0.07490056253947218, 1.290886437524093, 1.1527301133458336], "Sigma": [[0.003537774154430201, 0.0006435909040689785, -0.005890395725076033], [0.0006435909040689784, 0.0052230706460028075, -0.007590020623778742], [-0.005890395725076033, -0.007590020623778742, 0.38598689164046524]], "chi2_level": 0.95, "chi2_df": 3, "chi2_threshold": 7.814727903251179, "N_raw": 94, "N_roi": 94, "N_inlier": 92, "refit": true}
{"timestamp": "15:23:28.591334", "frame": 80, "mu": [0.08334308819072218, 1.273576836614298, 1.221917458687095], "Sigma": [[0.007869714725097359, 0.0019451376039640073, -0.03008041997637454], [0.0019451376039640073, 0.003945893972605167, -0.002953551934335356], [-0.030080419976374544, -0.0029535519343353556, 0.2559091776715714]], "chi2_level": 0.95, "chi2_df": 3, "chi2_threshold": 7.814727903251179, "N_raw": 71, "N_roi": 71, "N_inlier": 68, "refit": true}
{"timestamp": "15:23:28.645247", "frame": 81, "mu": [0.00016289621752197845, 1.2628505044130782, -0.4071317323909424], "Sigma": [[0.0033220670748748565, 0.004566467297190473, 0.002818683994658123], [0.004566467297190473, 0.0141631296432798, -0.00014964833017275004], [0.002818683994658123, -0.0001496483301727501, 0.019405585639755016]], "chi2_level": 0.95, "chi2_df": 3, "chi2_threshold": 7.814727903251179, "N_raw": 63, "N_roi": 63, "N_inlier": 58, "refit": true}
{"timestamp": "15:23:28.707310", "frame": 82, "mu": [-0.031641110337399914, 1.1637805891341226, 1.4020214665897632], "Sigma": [[0.006300508906699523, 0.001348771852855256, -0.0065165583958001], [0.001348771852855256, 0.005481271897956992, -0.006507822300180054], [-0.0065165583958001, -0.006507822300180054, 0.012406968891928]], "chi2_level": 0.95, "chi2_df": 3, "chi2_threshold": 7.814727903251179, "N_raw": 115, "N_roi": 115, "N_inlier": 110, "refit": true}
{"timestamp": "15:23:28.764807", "frame": 83, "mu": [-0.10832580976237685, 1.248327915832785, -0.3392344120340991], "Sigma": [[0.006359530419970485, 0.0017075725271459385, -0.008483628770332012], [0.0017075725271459385, 0.00647737344714813, -0.00856512696480872], [-0.008483628770332012, -0.00856512696480872, 0.021291004596486092]], "chi2_level": 0.95, "chi2_df": 3, "chi2_threshold": 7.814727903251179, "N_raw": 116, "N_roi": 116, "N_inlier": 112, "refit": true}
{"timestamp": "15:23:28.812372", "frame": 84, "mu": [-0.14570335671557375, 1.0505427389027104, 1.426754687324192], "Sigma": [[0.005339720999857907, 0.00014025446699242339, -0.006492571399408721], [0.00014025446699242339, 0.004183820201791405, -0.004867543449539433], [-0.006492571399408722, -0.004867543449539432, 0.013981756884450594]], "chi2_level": 0.95, "chi2_df": 3, "chi2_threshold": 7.814727903251179, "N_raw": 66, "N_roi": 66, "N_inlier": 61, "refit": true}
{"timestamp": "15:23:28.869443", "frame": 85, "mu": [-0.16072240597582663, 1.0247790024601016, 1.361154197701439], "Sigma": [[0.003053278814070107, 0.0011496687899669863, -0.0040640765942563765], [0.0011496687899669863, 0.003432517570622726, -0.00578724628908109], [-0.0040640765942563765, -0.00578724628908109, 0.01475211992807106]], "chi2_level": 0.95, "chi2_df": 3, "chi2_threshold": 7.814727903251179, "N_raw": 90, "N_roi": 90, "N_inlier": 87, "refit": true}
{"timestamp": "15:23:28.917928", "frame": 86, "mu": [-0.2541674018221804, 0.9788760971667556, 1.4377782575654654], "Sigma": [[0.0022598415082646954, 0.00017827502083630613, -0.001596732409731579], [0.00017827502083630613, 0.0026381588191458187, -0.003298952975666419], [-0.001596732409731579, -0.003298952975666419, 0.005389102483642337]], "chi2_level": 0.95, "chi2_df": 3, "chi2_threshold": 7.814727903251179, "N_raw": 56, "N_roi": 56, "N_inlier": 55, "refit": true}
{"timestamp": "15:23:28.971815", "frame": 87, "mu": [-0.2884198290303804, 0.9150021804917571, 1.503381513606291], "Sigma": [[0.0024072179556041745, -0.0003690960167090605, -0.0006282138570409207], [-0.0003690960167090604, 0.002448296531296006, -0.00138117358313634], [-0.0006282138570409207, -0.00138117358313634, 0.002098779592842674]], "chi2_level": 0.95, "chi2_df": 3, "chi2_threshold": 7.814727903251179, "N_raw": 48, "N_roi": 48, "N_inlier": 45, "refit": true}
{"timestamp": "15:23:29.031823", "frame": 88, "mu": [-0.29474856921629156, 0.8908627532211533, 1.290892248013643], "Sigma": [[0.007838755059683346, -0.0019941866145391273, -0.021442416108227405], [-0.0019941866145391273, 0.002432682583292498, 0.0029705975024744507], [-0.021442416108227405, 0.00297059750247445, 0.08203896119469781]], "chi2_level": 0.95, "chi2_df": 3, "chi2_threshold": 7.814727903251179, "N_raw": 80, "N_roi": 79, "N_inlier": 76, "refit": true}
{"timestamp": "15:23:29.084814", "frame": 89, "mu": [-0.41240199361991686, 0.8470734685278266, 1.2287591096905912], "Sigma": [[0.0034686630390804523, -0.0011687058140014723, -0.008515613657347416], [-0.001168705814001472, 0.004009032349585399, -0.01436658268814223], [-0.008515613657347416, -0.01436658268814223, 0.39759473664323647]], "chi2_level": 0.95, "chi2_df": 3, "chi2_threshold": 7.814727903251179, "N_raw": 63, "N_roi": 63, "N_inlier": 60, "refit": true}
{"timestamp": "15:23:29.140421", "frame": 90, "mu": [-0.3798122956434182, 0.8303977376555892, 1.4046145029781743], "Sigma": [[0.003297470460989546, 0.0013833936580576805, -0.005063936090333669], [0.0013833936580576805, 0.004472373518109909, -0.007985372017766581], [-0.005063936090333669, -0.007985372017766581, 0.018687147265347523]], "chi2_level": 0.95, "chi2_df": 3, "chi2_threshold": 7.814727903251179, "N_raw": 69, "N_roi": 69, "N_inlier": 69, "refit": true}
{"timestamp": "15:23:29.243297", "frame": 92, "mu": [-0.6767331002301975, 0.7106542351970819, -0.3419287219556861], "Sigma": [[0.03920260089450005, 0.02709561645511982, -0.027544071002385317], [0.02709561645511982, 0.029666312183172887, -0.04352340907551656], [-0.027544071002385317, -0.04352340907551656, 0.09643356855131835]], "chi2_level": 0.95, "chi2_df": 3, "chi2_threshold": 7.814727903251179, "N_raw": 23, "N_roi": 21, "N_inlier": 19, "refit": true}
{"timestamp": "15:23:29.298968", "frame": 93, "mu": [-0.7322017322394887, 0.5275065116705551, 1.5964372271310534], "Sigma": [[0.02101699861249135, 0.009763831157327122, -0.015342219327402713], [0.009763831157327122, 0.006257056773278417, -0.009508246954342658], [-0.015342219327402713, -0.009508246954342658, 0.015847083673548205]], "chi2_level": 0.95, "chi2_df": 3, "chi2_threshold": 7.814727903251179, "N_raw": 28, "N_roi": 28, "N_inlier": 26, "refit": true}
{"timestamp": "15:23:29.353471", "frame": 94, "mu": [-0.5862343589499337, 0.5209521295370088, 1.4936127993392163], "Sigma": [[0.02229294554172291, 0.012665974358681106, -0.010948186060423186], [0.012665974358681106, 0.008390969276458694, -0.008576055580843742], [-0.010948186060423186, -0.008576055580843744, 0.014591177773736178]], "chi2_level": 0.95, "chi2_df": 3, "chi2_threshold": 7.814727903251179, "N_raw": 22, "N_roi": 21, "N_inlier": 20, "refit": true}
{"timestamp": "15:23:29.413876", "frame": 95, "mu": [-0.7068224492466112, 0.45374958024286927, 1.586753012063291], "Sigma": [[0.006075377931887866, 0.00294414265751844, -0.0006203746592299744], [0.0029441426575184397, 0.003388002012362001, -0.0016409502572407222], [-0.0006203746592299744, -0.0016409502572407222, 0.0012730093063766919]], "chi2_level": 0.95, "chi2_df": 3, "chi2_threshold": 7.814727903251179, "N_raw": 64, "N_roi": 64, "N_inlier": 57, "refit": true}
{"timestamp": "15:23:29.471615", "frame": 96, "mu": [-0.7527483825561411, 0.3837583531288664, 1.5814704602093017], "Sigma": [[0.010650634299879657, 0.004511316988908552, -0.0027232905673936197], [0.004511316988908552, 0.004671633810213566, -0.00368454029280418], [-0.0027232905673936197, -0.0036845402928041807, 0.005546006625867772]], "chi2_level": 0.95, "chi2_df": 3, "chi2_threshold": 7.814727903251179, "N_raw": 79, "N_roi": 79, "N_inlier": 75, "refit": true}
{"timestamp": "15:23:29.519454", "frame": 97, "mu": [-0.7467813874929914, 0.3883600373898485, 1.5806721041236849], "Sigma": [[0.003924252021415747, 0.002875562470382514, -0.003007405471808817], [0.0028755624703825145, 0.005309243676370368, -0.0055860536576413725], [-0.003007405471808817, -0.0055860536576413725, 0.006444450318097658]], "chi2_level": 0.95, "chi2_df": 3, "chi2_threshold": 7.814727903251179, "N_raw": 25, "N_roi": 25, "N_inlier": 24, "refit": true}
{"timestamp": "15:23:29.576109", "frame": 98, "mu": [-0.7929838250234846, 0.3444583925490998, 1.5959979408899982], "Sigma": [[0.003501736803643042, 0.0005480453976177922, 0.000438723329957468], [0.000548045397617792, 0.002666989273466109, -0.0020491393729769954], [0.000438723329957468, -0.0020491393729769954, 0.0021203949988201137]], "chi2_level": 0.95, "chi2_df": 3, "chi2_threshold": 7.814727903251179, "N_raw": 42, "N_roi": 42, "N_inlier": 40, "refit": true}
{"timestamp": "15:23:29.628332", "frame": 99, "mu": [-0.7923746882621839, 0.4516190321295349, -0.42582007508072034], "Sigma": [[0.004606809757407498, 0.0027710433865725673, -0.0020485148935708657], [0.0027710433865725677, 0.003997122165539329, -0.00321607008036242], [-0.0020485148935708657, -0.0032160700803624204, 0.007334831511625141]], "chi2_level": 0.95, "chi2_df": 3, "chi2_threshold": 7.814727903251179, "N_raw": 24, "N_roi": 24, "N_inlier": 23, "refit": true}
{"timestamp": "15:23:29.802139", "frame": 100, "mu": [-0.6215353346312943, 0.2409949674475988, 1.5504026344122437], "Sigma": [[0.32356308216464985, -0.00548878544477961, 0.011217901967734731], [-0.00548878544477961, 0.0027749817096085995, -0.004391646615904465], [0.011217901967734731, -0.004391646615904465, 0.010496901543829621]], "chi2_level": 0.95, "chi2_df": 3, "chi2_threshold": 7.814727903251179, "N_raw": 43, "N_roi": 43, "N_inlier": 41, "refit": true}
{"timestamp": "15:23:29.824913", "frame": 101, "mu": [-0.8712342459797685, 0.22051256475811165, 1.4356404367920803], "Sigma": [[0.0013830038441184596, 0.0014870291042536348, 0.0014198836645465706], [0.001487029104253635, 0.0022757131392136544, 0.0015052415231141798], [0.0014198836645465706, 0.0015052415231141798, 0.0038194913832942014]], "chi2_level": 0.95, "chi2_df": 3, "chi2_threshold": 7.814727903251179, "N_raw": 21, "N_roi": 21, "N_inlier": 18, "refit": true}
{"timestamp": "15:23:29.857192", "frame": 102, "mu": [-0.48455124372000397, 0.20057200390471075, 1.4588491679533853], "Sigma": [[0.5238207923580674, -0.0016469217197620696, 0.009029816926064825], [-0.0016469217197620702, 0.001071039430555173, -0.000294027694602862], [0.009029816926064825, -0.00029402769460286197, 0.0026687083617611797]], "chi2_level": 0.95, "chi2_df": 3, "chi2_threshold": 7.814727903251179, "N_raw": 34, "N_roi": 34, "N_inlier": 32, "refit": true}
{"timestamp": "15:23:29.889713", "frame": 103, "mu": [-0.944393110149783, 0.22435731602141312, 1.4296680223815537], "Sigma": [[0.0018522857804086918, 0.0005055680780202684, 0.0008702956766267034], [0.0005055680780202684, 0.0008681608671649363, -0.0002630408548456349], [0.0008702956766267034, -0.0002630408548456349, 0.0017827623122939047]], "chi2_level": 0.95, "chi2_df": 3, "chi2_threshold": 7.814727903251179, "N_raw": 22, "N_roi": 22, "N_inlier": 18, "refit": true}
{"timestamp": "15:23:29.957761", "frame": 105, "mu": [0.5324091780448302, 0.18616064694038273, 1.3699886733265367], "Sigma": [[0.5830997726503435, 0.014448954029870226, -0.007891923441132691], [0.014448954029870228, 0.0017350337798675284, -0.0005384646281552684], [-0.007891923441132691, -0.0005384646281552684, 0.0023142574113515883]], "chi2_level": 0.95, "chi2_df": 3, "chi2_threshold": 7.814727903251179, "N_raw": 19, "N_roi": 19, "N_inlier": 17, "refit": true}
