{"timestamp": "16:24:50.458131", "frame": 1, "mu": [-0.3289605889958164, 4.0695076997946416, 1.1450236607385607], "Sigma": [[0.009478863110947472, -0.00018641326877384852, -0.005353868607701285], [-0.00018641326877384852, 0.0007250578079962324, 0.00013582350855356585], [-0.005353868607701285, 0.0001358235085535659, 0.0043645798845922314]], "chi2_level": 0.95, "chi2_df": 3, "chi2_threshold": 7.814727903251179, "N_raw": 14, "N_roi": 13, "N_inlier": 11, "refit": true}
{"timestamp": "16:24:50.953007", "frame": 10, "mu": [-0.21089071148578098, 4.129422480617858, 1.3508238502683383], "Sigma": [[0.008699382727625639, 0.0003178723082295384, -0.0017766204308417106], [0.0003178723082295384, 0.001211327253774257, -0.00033765565271598393], [-0.0017766204308417106, -0.00033765565271598393, 0.0005352455929145848]], "chi2_level": 0.95, "chi2_df": 3, "chi2_threshold": 7.814727903251179, "N_raw": 16, "N_roi": 16, "N_inlier": 14, "refit": true}
{"timestamp": "16:24:51.064181", "frame": 12, "mu": [-0.31211477992636333, 4.058648294895656, 1.2552744083629905], "Sigma": [[0.012031495427263365, -0.00024190719894206513, -0.006209865839492221], [-0.00024190719894206532, 0.0014542683828258883, 0.00035690068102601596], [-0.0062098658394922224, 0.000356900681026016, 0.004039894303639321]], "chi2_level": 0.95, "chi2_df": 3, "chi2_threshold": 7.814727903251179, "N_raw": 20, "N_roi": 20, "N_inlier": 19, "refit": true}
{"timestamp": "16:24:51.282951", "frame": 16, "mu": [-0.25253328594997276, 4.075539292924597, 1.3710065732286425], "Sigma": [[0.012303977146816246, 0.0013796945885097534, -0.001152120495242799], [0.0013796945885097534, 0.001512449167682755, -0.00010176403275606207], [-0.001152120495242799, -0.00010176403275606206, 0.00023792297306944387]], "chi2_level": 0.95, "chi2_df": 3, "chi2_threshold": 7.814727903251179, "N_raw": 21, "N_roi": 21, "N_inlier": 19, "refit": true}
{"timestamp": "16:24:51.340330", "frame": 17, "mu": [-0.21566447579981465, 4.110507262929476, 1.4058610082650933], "Sigma": [[0.02075456087699222, 0.0011249609070504854, -0.006823896660819446], [0.0011249609070504854, 0.003191189951244442, 0.0011068822188887307], [-0.006823896660819446, 0.001106882218888731, 0.003873466841787955]], "chi2_level": 0.95, "chi2_df": 3, "chi2_threshold": 7.814727903251179, "N_raw": 34, "N_roi": 34, "N_inlier": 34, "refit": true}
{"timestamp": "16:24:51.613484", "frame": 22, "mu": [-0.14146340085827874, 4.088156349299067, 1.3644750271857249], "Sigma": [[0.0063562331536234475, 0.0005767629839561273, -0.0009635713316254238], [0.0005767629839561275, 0.002029530089786552, 2.5919908882523652e-05], [-0.0009635713316254239, 2.5919908882523673e-05, 0.00027769691135145065]], "chi2_level": 0.95, "chi2_df": 3, "chi2_threshold": 7.814727903251179, "N_raw": 19, "N_roi": 18, "N_inlier": 16, "refit": true}
{"timestamp": "16:24:51.668331", "frame": 23, "mu": [-0.1302234386586629, 4.0964651092630415, 1.4124356111478173], "Sigma": [[0.014305034472790567, 0.0003256389632033533, -0.004164154999758912], [0.00032563896320335334, 0.0021971824418302553, 0.0019260977496309215], [-0.004164154999758912, 0.001926097749630921, 0.004357529650550356]], "chi2_level": 0.95, "chi2_df": 3, "chi2_threshold": 7.814727903251179, "N_raw": 25, "N_roi": 25, "N_inlier": 23, "refit": true}
{"timestamp": "16:24:51.945050", "frame": 28, "mu": [0.07720211398890305, 4.185707696625096, 0.9795500662806785], "Sigma": [[0.006176126012479519, -0.0007907915960967085, 0.0030040554679437153], [-0.0007907915960967086, 0.00026134452948879477, -0.0010237229022555402], [0.0030040554679437153, -0.0010237229022555402, 0.022796784573664824]], "chi2_level": 0.95, "chi2_df": 3, "chi2_threshold": 7.814727903251179, "N_raw": 16, "N_roi": 13, "N_inlier": 10, "refit": true}
{"timestamp": "16:24:52.110427", "frame": 31, "mu": [0.1575577083557896, 4.202444249665656, 1.345728917484467], "Sigma": [[0.011096221291647857, -0.0002637967344940301, -0.0010421316092903104], [-0.00026379673449402995, 0.0014552275023547404, 0.0002691543112962281], [-0.0010421316092903104, 0.0002691543112962282, 0.00024115262086634416]], "chi2_level": 0.95, "chi2_df": 3, "chi2_threshold": 7.814727903251179, "N_raw": 20, "N_roi": 20, "N_inlier": 18, "refit": true}
{"timestamp": "16:24:52.168219", "frame": 32, "mu": [0.18859145282899673, 4.169071089369559, 1.2814902178977838], "Sigma": [[0.020659440886087933, -0.0021225993764617548, -0.00471853066988985], [-0.0021225993764617548, 0.004711505723093219, 0.004074672314850611], [-0.00471853066988985, 0.004074672314850611, 0.004836900462889342]], "chi2_level": 0.95, "chi2_df": 3, "chi2_threshold": 7.814727903251179, "N_raw": 39, "N_roi": 39, "N_inlier": 38, "refit": true}
{"timestamp": "16:24:52.224678", "frame": 33, "mu": [0.19359992431779238, 4.105620843246138, 1.2839949177455536], "Sigma": [[0.021357252389536632, -0.0016835380751558464, -0.004518921461883783], [-0.0016835380751558464, 0.005055501218791963, 0.007004366877215954], [-0.004518921461883783, 0.007004366877215954, 0.011985364169065415]], "chi2_level": 0.95, "chi2_df": 3, "chi2_threshold": 7.814727903251179, "N_raw": 39, "N_roi": 39, "N_inlier": 38, "refit": true}
{"timestamp": "16:24:52.276934", "frame": 34, "mu": [0.23818103141626593, 4.062656503073371, 1.1993995742842043], "Sigma": [[0.013449206233826004, 0.0004973652015940165, -0.0015354082661034928], [0.0004973652015940165, 0.002174664033473011, -0.00011472459892522371], [-0.0015354082661034928, -0.00011472459892522374, 0.0003177023539043478]], "chi2_level": 0.95, "chi2_df": 3, "chi2_threshold": 7.814727903251179, "N_raw": 27, "N_roi": 26, "N_inlier": 24, "refit": true}
{"timestamp": "16:24:52.384043", "frame": 36, "mu": [0.37522503745854946, 4.132718419275925, 1.21227350659082], "Sigma": [[0.009078286092455565, -0.0003711467842161451, -0.000745487330892989], [-0.0003711467842161451, 0.0008387164039642094, -0.0021704013805688106], [-0.000745487330892989, -0.0021704013805688106, 0.007919376707065703]], "chi2_level": 0.95, "chi2_df": 3, "chi2_threshold": 7.814727903251179, "N_raw": 14, "N_roi": 14, "N_inlier": 12, "refit": true}
{"timestamp": "16:24:52.441037", "frame": 37, "mu": [0.40903115694884673, 4.098242221772085, 1.156334112881378], "Sigma": [[0.011975848448931055, -0.002158540396894194, -0.003985530961037142], [-0.0021585403968941946, 0.0015040810111979339, -0.0005789715794569477], [-0.0039855309610371415, -0.0005789715794569477, 0.0051542997677960405]], "chi2_level": 0.95, "chi2_df": 3, "chi2_threshold": 7.814727903251179, "N_raw": 24, "N_roi": 24, "N_inlier": 21, "refit": true}
{"timestamp": "16:24:52.496119", "frame": 38, "mu": [0.3843304376566327, 4.096009903773723, 1.1718708045343837], "Sigma": [[0.012210890145876207, -0.001459078747804297, -0.006954994920800695], [-0.0014590787478042967, 0.0020870113035762598, -0.00033893493724805124], [-0.006954994920800695, -0.000338934937248051, 0.008285491986076518]], "chi2_level": 0.95, "chi2_df": 3, "chi2_threshold": 7.814727903251179, "N_raw": 24, "N_roi": 24, "N_inlier": 22, "refit": true}
{"timestamp": "16:24:52.550351", "frame": 39, "mu": [0.4627251940142687, 4.01701910185054, 0.9492295028782588], "Sigma": [[0.005279771311551235, -0.0016878977256274362, -0.0036054249306302646], [-0.0016878977256274362, 0.0010985460750998104, 0.0003677304078566015], [-0.0036054249306302646, 0.00036773040785660144, 0.006868253294312748]], "chi2_level": 0.95, "chi2_df": 3, "chi2_threshold": 7.814727903251179, "N_raw": 12, "N_roi": 12, "N_inlier": 10, "refit": true}
{"timestamp": "16:24:52.990407", "frame": 47, "mu": [0.701353966089941, 3.8651775443433793, 1.1990007598154346], "Sigma": [[0.01923549531330446, -0.004167387559737217, -0.06950479987216197], [-0.004167387559737217, 0.002634340030434509, 0.013513005995805757], [-0.06950479987216197, 0.013513005995805757, 0.29118688217796396]], "chi2_level": 0.95, "chi2_df": 3, "chi2_threshold": 7.814727903251179, "N_raw": 15, "N_roi": 12, "N_inlier": 11, "refit": true}
{"timestamp": "16:24:53.048322", "frame": 48, "mu": [0.7539724231437173, 3.851029566221314, 1.3394118827940473], "Sigma": [[0.010093882410862466, -0.002916179114094083, -0.005357686597074949], [-0.002916179114094083, 0.003544984908487132, -8.936890404605036e-05], [-0.005357686597074949, -8.93689040460503e-05, 0.005015490254804893]], "chi2_level": 0.95, "chi2_df": 3, "chi2_threshold": 7.814727903251179, "N_raw": 34, "N_roi": 29, "N_inlier": 28, "refit": true}
{"timestamp": "16:24:53.375662", "frame": 54, "mu": [0.9444485726541736, 3.68062382567458, 1.0076982793677849], "Sigma": [[0.009079263415055645, -0.002868798188287961, -0.003387601782998609], [-0.00286879818828796, 0.001668964743203984, 0.0005402160926960136], [-0.003387601782998609, 0.0005402160926960136, 0.0040016989831474555]], "chi2_level": 0.95, "chi2_df": 3, "chi2_threshold": 7.814727903251179, "N_raw": 18, "N_roi": 16, "N_inlier": 14, "refit": true}
{"timestamp": "16:24:53.486511", "frame": 56, "mu": [1.0064940762950538, 3.610453785032292, 0.8769507728256426], "Sigma": [[0.014038238642269196, -0.004399831406780394, -0.007197981182032093], [-0.004399831406780394, 0.0027659146143679883, 0.00039456071808896325], [-0.007197981182032093, 0.00039456071808896325, 0.01196179956018556]], "chi2_level": 0.95, "chi2_df": 3, "chi2_threshold": 7.814727903251179, "N_raw": 34, "N_roi": 34, "N_inlier": 32, "refit": true}
{"timestamp": "16:24:53.541314", "frame": 57, "mu": [1.086831368020994, 3.5920774288023503, 0.9969524651806017], "Sigma": [[0.01590709683776903, -0.0044754061954628485, 0.0008700047482246583], [-0.0044754061954628485, 0.002432364811194338, -0.00125916383597517], [0.0008700047482246582, -0.00125916383597517, 0.002600722209999797]], "chi2_level": 0.95, "chi2_df": 3, "chi2_threshold": 7.814727903251179, "N_raw": 26, "N_roi": 26, "N_inlier": 25, "refit": true}
{"timestamp": "16:24:53.652511", "frame": 59, "mu": [1.1549399199397543, 3.4996746106360104, 0.8514163339425389], "Sigma": [[0.019721478936117573, -0.006444750890215222, -0.004714274978603012], [-0.006444750890215221, 0.0026097100199770924, 6.28831794410561e-05], [-0.004714274978603012, 6.28831794410561e-05, 0.012902172126739067]], "chi2_level": 0.95, "chi2_df": 3, "chi2_threshold": 7.814727903251179, "N_raw": 35, "N_roi": 35, "N_inlier": 33, "refit": true}
{"timestamp": "16:24:53.871332", "frame": 63, "mu": [1.2702379636866308, 3.4667232343763503, -0.26069404526326256], "Sigma": [[0.00954479313280473, 0.0018987255302292607, 0.034249721714432246], [0.0018987255302292604, 0.0033956690884624735, 0.0029483308255054924], [0.034249721714432246, 0.002948330825505492, 0.2365665481023275]], "chi2_level": 0.95, "chi2_df": 3, "chi2_threshold": 7.814727903251179, "N_raw": 28, "N_roi": 28, "N_inlier": 27, "refit": true}
{"timestamp": "16:24:53.982917", "frame": 65, "mu": [1.3806935691409898, 3.340835240398291, 1.0026720017706061], "Sigma": [[0.013372438452850835, -0.004041200376490631, -0.010462265219747961], [-0.004041200376490631, 0.002415571236492685, -0.00010273188125726346], [-0.010462265219747961, -0.00010273188125726335, 0.021056809249892113]], "chi2_level": 0.95, "chi2_df": 3, "chi2_threshold": 7.814727903251179, "N_raw": 38, "N_roi": 38, "N_inlier": 37, "refit": true}
{"timestamp": "16:24:54.146900", "frame": 68, "mu": [1.4386345295675818, 3.193332725658442, 0.5245825417760541], "Sigma": [[0.009526384079237355, -0.0029108293151858654, -0.034130492755410274], [-0.0029108293151858654, 0.0027563925018155833, -0.000784679613367846], [-0.034130492755410274, -0.000784679613367846, 0.4102958722335523]], "chi2_level": 0.95, "chi2_df": 3, "chi2_threshold": 7.814727903251179, "N_raw": 30, "N_roi": 30, "N_inlier": 28, "refit": true}
{"timestamp": "16:24:54.199695", "frame": 69, "mu": [1.430327865042765, 3.289233795620616, -0.12916946293937764], "Sigma": [[0.004050487031128733, -0.000296278902628029, -0.004408219191333463], [-0.0002962789026280291, 0.0018541845732723877, -0.00544190298095706], [-0.004408219191333462, -0.005441902980957059, 0.02368009903070775]], "chi2_level": 0.95, "chi2_df": 3, "chi2_threshold": 7.814727903251179, "N_raw": 12, "N_roi": 11, "N_inlier": 10, "refit": true}
{"timestamp": "16:24:54.257379", "frame": 70, "mu": [1.3789265887152176, 3.1881771840598496, 1.1986766330938146], "Sigma": [[0.009686209927185944, -0.003545141299259936, -0.0004897443796904779], [-0.003545141299259936, 0.0021131312301400544, -0.0024544100899297023], [-0.0004897443796904781, -0.0024544100899297023, 0.010575841885184983]], "chi2_level": 0.95, "chi2_df": 3, "chi2_threshold": 7.814727903251179, "N_raw": 27, "N_roi": 27, "N_inlier": 24, "refit": true}
{"timestamp": "16:24:54.311243", "frame": 71, "mu": [1.4011827995425263, 3.135092067720137, 0.9321471483513682], "Sigma": [[0.009608041957636208, -0.0026478180197013965, -0.0036948474843690763], [-0.0026478180197013965, 0.003156931570849236, 0.0004250344506812204], [-0.0036948474843690763, 0.00042503445068122045, 0.003768222609801835]], "chi2_level": 0.95, "chi2_df": 3, "chi2_threshold": 7.814727903251179, "N_raw": 27, "N_roi": 27, "N_inlier": 25, "refit": true}
{"timestamp": "16:24:54.367427", "frame": 72, "mu": [1.4414144608835808, 3.089304845579926, 0.9268915489628097], "Sigma": [[0.012424600220995775, -0.004588217487699495, -0.003950178624232293], [-0.004588217487699495, 0.0029141260933011623, -3.548994299472027e-05], [-0.003950178624232293, -3.548994299472022e-05, 0.006079469577520637]], "chi2_level": 0.95, "chi2_df": 3, "chi2_threshold": 7.814727903251179, "N_raw": 29, "N_roi": 28, "N_inlier": 24, "refit": true}
{"timestamp": "16:24:54.585766", "frame": 76, "mu": [1.5247970199270884, 3.0613574402998256, 1.003892266364324], "Sigma": [[0.008374259636640059, -0.003762182638937695, -0.008426406317165935], [-0.0037621826389376955, 0.0029176123273232813, 0.0016792923969082235], [-0.008426406317165935, 0.0016792923969082237, 0.014440490311115673]], "chi2_level": 0.95, "chi2_df": 3, "chi2_threshold": 7.814727903251179, "N_raw": 19, "N_roi": 19, "N_inlier": 18, "refit": true}
{"timestamp": "16:24:54.697929", "frame": 78, "mu": [1.584232275869257, 3.0087101203043383, 1.2340360211215096], "Sigma": [[0.011359841424448673, -0.006436132640549623, -0.0039147250425795085], [-0.006436132640549623, 0.004627884426021852, -0.0010210327339141162], [-0.0039147250425795085, -0.0010210327339141162, 0.016175142574925833]], "chi2_level": 0.95, "chi2_df": 3, "chi2_threshold": 7.814727903251179, "N_raw": 32, "N_roi": 32, "N_inlier": 31, "refit": true}
{"timestamp": "16:24:54.811266", "frame": 80, "mu": [1.5607133990996442, 2.820952823583317, 0.8132879865289337], "Sigma": [[0.021127379135963412, -0.011269286468076692, -0.007928227862239373], [-0.011269286468076692, 0.007926407827774014, 0.0023061588130728053], [-0.007928227862239373, 0.0023061588130728053, 0.024909928861423077]], "chi2_level": 0.95, "chi2_df": 3, "chi2_threshold": 7.814727903251179, "N_raw": 59, "N_roi": 59, "N_inlier": 56, "refit": true}
{"timestamp": "16:24:54.868511", "frame": 81, "mu": [1.6210291174852678, 3.0468299331152515, -0.7878803001881797], "Sigma": [[0.018933298364244237, -0.00044874964563726806, -0.036049387796663154], [-0.0004487496456372684, 0.016442989598804227, -0.04126849599575578], [-0.036049387796663154, -0.041268495995755786, 0.18164054144910938]], "chi2_level": 0.95, "chi2_df": 3, "chi2_threshold": 7.814727903251179, "N_raw": 63, "N_roi": 61, "N_inlier": 60, "refit": true}
{"timestamp": "16:24:55.029665", "frame": 84, "mu": [1.6085087612675435, 2.747297841926647, 1.0933545638636162], "Sigma": [[0.014953484750750845, -0.007798448645341205, -0.0074277502673686146], [-0.0077984486453412044, 0.004259752919618103, 0.002428281782212419], [-0.0074277502673686146, 0.002428281782212419, 0.04656827648615512]], "chi2_level": 0.95, "chi2_df": 3, "chi2_threshold": 7.814727903251179, "N_raw": 50, "N_roi": 48, "N_inlier": 46, "refit": true}
{"timestamp": "16:24:55.084406", "frame": 85, "mu": [1.610717588618459, 2.6899115875911797, 0.8505842487175099], "Sigma": [[0.014214008567667165, -0.005290683288999447, 0.003213615689169596], [-0.005290683288999447, 0.00394576458872116, -0.0029096850570350706], [0.0032136156891695964, -0.0029096850570350706, 0.0054885626625973604]], "chi2_level": 0.95, "chi2_df": 3, "chi2_threshold": 7.814727903251179, "N_raw": 38, "N_roi": 38, "N_inlier": 37, "refit": true}
{"timestamp": "16:24:55.143727", "frame": 86, "mu": [1.6416803590011269, 2.641835396784895, 0.9572538556959801], "Sigma": [[0.015683539796395307, -0.008453954621799247, -0.005490927036011617], [-0.008453954621799247, 0.005573796796471632, 0.0005571742027625671], [-0.005490927036011617, 0.0005571742027625664, 0.0589216197452314]], "chi2_level": 0.95, "chi2_df": 3, "chi2_threshold": 7.814727903251179, "N_raw": 63, "N_roi": 62, "N_inlier": 61, "refit": true}
{"timestamp": "16:24:55.194030", "frame": 87, "mu": [1.6121558972242507, 2.6684742570202684, 0.9726335814179417], "Sigma": [[0.009975062116384612, -0.003753575017399736, -0.001248536007173456], [-0.003753575017399736, 0.0020811315927637773, 0.0008339608613886924], [-0.0012485360071734556, 0.0008339608613886924, 0.024898386365797408]], "chi2_level": 0.95, "chi2_df": 3, "chi2_threshold": 7.814727903251179, "N_raw": 32, "N_roi": 32, "N_inlier": 30, "refit": true}
{"timestamp": "16:24:55.249230", "frame": 88, "mu": [1.596687583723643, 2.5914318955725286, 1.1757816117348703], "Sigma": [[0.006895242609126383, -0.004315978743581155, 0.004150169616371841], [-0.004315978743581155, 0.0036871301556946467, -0.002902547069348266], [0.004150169616371841, -0.002902547069348266, 0.07091723899247493]], "chi2_level": 0.95, "chi2_df": 3, "chi2_threshold": 7.814727903251179, "N_raw": 43, "N_roi": 41, "N_inlier": 40, "refit": true}
{"timestamp": "16:24:55.300478", "frame": 89, "mu": [1.6574502114502363, 2.512972186329236, 0.802277021805684], "Sigma": [[0.007211118013997504, -0.005629679199965217, -0.0030113155253532423], [-0.0056296791999652165, 0.00560498468474497, 0.0010873870056939661], [-0.0030113155253532423, 0.0010873870056939661, 0.006784349832203955]], "chi2_level": 0.95, "chi2_df": 3, "chi2_threshold": 7.814727903251179, "N_raw": 21, "N_roi": 21, "N_inlier": 20, "refit": true}
{"timestamp": "16:24:55.632052", "frame": 95, "mu": [1.5136961027751044, 2.433232106303354, 1.1901921353504468], "Sigma": [[0.009234833684410986, -0.004529869948874485, -0.0008612785911381681], [-0.004529869948874485, 0.004111411859179411, -0.0011659649871004509], [-0.0008612785911381682, -0.0011659649871004509, 0.0027963626901460585]], "chi2_level": 0.95, "chi2_df": 3, "chi2_threshold": 7.814727903251179, "N_raw": 33, "N_roi": 33, "N_inlier": 30, "refit": true}
{"timestamp": "16:24:55.691828", "frame": 96, "mu": [1.6124449140218262, 2.3668315877747417, 1.15729338930363], "Sigma": [[0.018326052325702655, -0.006609552976016482, -0.021655403863539417], [-0.006609552976016482, 0.005572842820849908, 0.003644708175234258], [-0.021655403863539417, 0.003644708175234258, 0.05635050106927812]], "chi2_level": 0.95, "chi2_df": 3, "chi2_threshold": 7.814727903251179, "N_raw": 62, "N_roi": 62, "N_inlier": 61, "refit": true}
{"timestamp": "16:24:55.744834", "frame": 97, "mu": [1.563983939002327, 2.2559717362695357, 0.8855474350100712], "Sigma": [[0.011022244333579432, -0.005620964466575751, -0.002261727187536042], [-0.005620964466575751, 0.003326344601665937, -8.84011081960244e-06], [-0.002261727187536042, -8.840110819602223e-06, 0.03076122883039837]], "chi2_level": 0.95, "chi2_df": 3, "chi2_threshold": 7.814727903251179, "N_raw": 48, "N_roi": 48, "N_inlier": 46, "refit": true}
{"timestamp": "16:24:55.798689", "frame": 98, "mu": [1.5462083349265345, 2.2734186938626464, 1.062092552648183], "Sigma": [[0.012023806793574073, -0.005476530305237972, 0.0016708529665630883], [-0.0054765303052379715, 0.003457198790017239, -0.002005549608690564], [0.0016708529665630883, -0.002005549608690564, 0.017530492114716884]], "chi2_level": 0.95, "chi2_df": 3, "chi2_threshold": 7.814727903251179, "N_raw": 42, "N_roi": 42, "N_inlier": 40, "refit": true}
{"timestamp": "16:24:55.850858", "frame": 99, "mu": [1.7895329074605295, 2.0567505158213835, 0.5755129716998559], "Sigma": [[0.01636192383655785, -0.00899456166158212, -0.008351172610204384], [-0.00899456166158212, 0.0071629409576523416, 0.004383631209104278], [-0.008351172610204384, 0.004383631209104278, 0.005188920138079854]], "chi2_level": 0.95, "chi2_df": 3, "chi2_threshold": 7.814727903251179, "N_raw": 15, "N_roi": 15, "N_inlier": 14, "refit": true}
{"timestamp": "16:24:55.957399", "frame": 100, "mu": [1.5547902170435906, 2.3465108469163063, -0.22175438823011875], "Sigma": [[0.008506835176217923, -0.003221380374720183, -0.008977354098451844], [-0.003221380374720183, 0.0034287291431404675, 0.000861183417277719], [-0.008977354098451844, 0.000861183417277719, 0.018473219173211413]], "chi2_level": 0.95, "chi2_df": 3, "chi2_threshold": 7.814727903251179, "N_raw": 25, "N_roi": 25, "N_inlier": 22, "refit": true}
{"timestamp": "16:24:55.967323", "frame": 101, "mu": [1.6158186575816642, 2.138973602474151, 1.0819168270724078], "Sigma": [[0.019135247878999354, -0.01382392918935927, -0.024639239186352458], [-0.01382392918935927, 0.013726116174915917, 0.01897121379857147], [-0.02463923918635246, 0.01897121379857147, 0.06267876716303977]], "chi2_level": 0.95, "chi2_df": 3, "chi2_threshold": 7.814727903251179, "N_raw": 65, "N_roi": 65, "N_inlier": 65, "refit": true}
{"timestamp": "16:24:56.018842", "frame": 102, "mu": [1.748821981841188, 1.9527577718863856, 0.7907667286262797], "Sigma": [[0.011034899927563473, -0.007367839279312864, -0.008637597569683526], [-0.007367839279312864, 0.006391902379389364, 0.005647834531451195], [-0.008637597569683525, 0.005647834531451195, 0.029796455778737567]], "chi2_level": 0.95, "chi2_df": 3, "chi2_threshold": 7.814727903251179, "N_raw": 40, "N_roi": 40, "N_inlier": 36, "refit": true}
{"timestamp": "16:24:56.125522", "frame": 104, "mu": [1.5740242419805688, 2.11852258841186, -0.08554245197603175], "Sigma": [[0.004656734665527302, 0.006799769468957815, -0.023099328728264416], [0.006799769468957815, 0.01932874848620287, -0.05373367092361253], [-0.023099328728264413, -0.053733670923612524, 0.1710655121716703]], "chi2_level": 0.95, "chi2_df": 3, "chi2_threshold": 7.814727903251179, "N_raw": 14, "N_roi": 14, "N_inlier": 12, "refit": true}
{"timestamp": "16:24:56.185218", "frame": 105, "mu": [1.5098815723985954, 1.9843214644488818, 1.0871141419568955], "Sigma": [[0.006901957022694601, -0.006357654774953619, -0.009244612357737074], [-0.00635765477495362, 0.00975936786049931, 0.01802442214233869], [-0.009244612357737075, 0.018024422142338688, 0.11503957700434592]], "chi2_level": 0.95, "chi2_df": 3, "chi2_threshold": 7.814727903251179, "N_raw": 51, "N_roi": 51, "N_inlier": 49, "refit": true}
{"timestamp": "16:24:56.238359", "frame": 106, "mu": [1.5141465711549595, 1.9822497265931838, 1.1163526209807482], "Sigma": [[0.00956194111042783, -0.007163948362007016, -0.027069634668935985], [-0.007163948362007016, 0.008584316466062388, 0.026281546499822787], [-0.027069634668935985, 0.02628154649982279, 0.17292130112695572]], "chi2_level": 0.95, "chi2_df": 3, "chi2_threshold": 7.814727903251179, "N_raw": 33, "N_roi": 33, "N_inlier": 30, "refit": true}
{"timestamp": "16:24:56.294621", "frame": 107, "mu": [1.5121182665794959, 1.9333354007263923, 1.03204618093397], "Sigma": [[0.0075591849124968845, -0.005251561302733441, -0.011463872974364443], [-0.005251561302733441, 0.006065145318323502, 0.011371575445169268], [-0.011463872974364443, 0.011371575445169268, 0.06218509226578898]], "chi2_level": 0.95, "chi2_df": 3, "chi2_threshold": 7.814727903251179, "N_raw": 44, "N_roi": 44, "N_inlier": 43, "refit": true}
{"timestamp": "16:24:56.348479", "frame": 108, "mu": [1.5406289149489458, 1.922087073565236, 1.2267024867863827], "Sigma": [[0.005891832826670449, -0.00336464712755104, -0.0005525369554314202], [-0.00336464712755104, 0.00512296271494134, -0.002278395681421256], [-0.0005525369554314201, -0.002278395681421256, 0.012040443067114473]], "chi2_level": 0.95, "chi2_df": 3, "chi2_threshold": 7.814727903251179, "N_raw": 37, "N_roi": 37, "N_inlier": 34, "refit": true}
{"timestamp": "16:24:56.402375", "frame": 109, "mu": [1.595342070693075, 1.7656579766834495, 0.881396889137854], "Sigma": [[0.009073032781292126, -0.003950279820770246, 0.015219301681920178], [-0.003950279820770246, 0.0029648196177305577, -0.006926121540016346], [0.015219301681920178, -0.006926121540016346, 0.06362847651160262]], "chi2_level": 0.95, "chi2_df": 3, "chi2_threshold": 7.814727903251179, "N_raw": 21, "N_roi": 21, "N_inlier": 19, "refit": true}
{"timestamp": "16:24:56.463481", "frame": 110, "mu": [1.5639753103747847, 1.788045072406279, -0.7591649596841792], "Sigma": [[0.010636966072134468, -0.0031732058830928125, 0.00506392266085876], [-0.0031732058830928125, 0.0055930215594275365, 0.00861362444219484], [0.005063922660858759, 0.00861362444219484, 0.09381248097551459]], "chi2_level": 0.95, "chi2_df": 3, "chi2_threshold": 7.814727903251179, "N_raw": 69, "N_roi": 69, "N_inlier": 66, "refit": true}
{"timestamp": "16:24:56.521119", "frame": 111, "mu": [1.498705843210454, 1.9580345797546965, -0.4369474610463946], "Sigma": [[0.009932114992148055, -0.005286246026340466, 0.0023314272227908453], [-0.005286246026340466, 0.013783100276050989, -0.019600714991057873], [0.002331427222790845, -0.019600714991057873, 0.07699743733963349]], "chi2_level": 0.95, "chi2_df": 3, "chi2_threshold": 7.814727903251179, "N_raw": 87, "N_roi": 87, "N_inlier": 87, "refit": true}
{"timestamp": "16:24:56.574910", "frame": 112, "mu": [1.498353395783796, 1.731720244042049, 1.2147807564546065], "Sigma": [[0.010406803430112584, -0.005198764805965563, -0.006671397389691689], [-0.005198764805965563, 0.008908866337549287, 2.4642821862687998e-05], [-0.006671397389691689, 2.4642821862687998e-05, 0.013905674503645776]], "chi2_level": 0.95, "chi2_df": 3, "chi2_threshold": 7.814727903251179, "N_raw": 70, "N_roi": 70, "N_inlier": 65, "refit": true}
{"timestamp": "16:24:56.628397", "frame": 113, "mu": [1.5243080719114768, 1.6744373967412811, 1.0978341839695998], "Sigma": [[0.008911307029622754, -0.004802299848897007, -0.005305815928991592], [-0.004802299848897006, 0.005399748356920648, 0.0014640505679260156], [-0.005305815928991593, 0.0014640505679260156, 0.04585300735015962]], "chi2_level": 0.95, "chi2_df": 3, "chi2_threshold": 7.814727903251179, "N_raw": 66, "N_roi": 66, "N_inlier": 64, "refit": true}
{"timestamp": "16:24:56.684770", "frame": 114, "mu": [1.456141707242041, 1.625532430332161, 1.3068947956483954], "Sigma": [[0.012543999005833329, -0.006010636739484318, -0.00793473825938923], [-0.006010636739484318, 0.005915180981692411, -0.002004331872054906], [-0.00793473825938923, -0.0020043318720549055, 0.0318304136763671]], "chi2_level": 0.95, "chi2_df": 3, "chi2_threshold": 7.814727903251179, "N_raw": 73, "N_roi": 73, "N_inlier": 70, "refit": true}
{"timestamp": "16:24:56.736171", "frame": 115, "mu": [1.448900745714341, 1.5623891983318239, 0.9021404187034757], "Sigma": [[0.007384245683178198, -0.00430468241737771, -0.003571425863046532], [-0.004304682417377711, 0.004719516295357592, 0.004341049247128458], [-0.0035714258630465323, 0.004341049247128458, 0.05236781871099086]], "chi2_level": 0.95, "chi2_df": 3, "chi2_threshold": 7.814727903251179, "N_raw": 50, "N_roi": 50, "N_inlier": 48, "refit": true}
{"timestamp": "16:24:56.791613", "frame": 116, "mu": [1.377468356294707, 1.5990609416972752, 1.2484802607503946], "Sigma": [[0.009040559099990152, -0.004220893914019467, -0.001029054627004754], [-0.004220893914019466, 0.00814564431571639, -0.0014588521440947065], [-0.001029054627004754, -0.0014588521440947065, 0.0018524096870547254]], "chi2_level": 0.95, "chi2_df": 3, "chi2_threshold": 7.814727903251179, "N_raw": 56, "N_roi": 56, "N_inlier": 54, "refit": true}
{"timestamp": "16:24:56.849678", "frame": 117, "mu": [1.29905196926587, 1.5996385361109717, 1.2705008331331622], "Sigma": [[0.008723920094735065, -0.0033564548821043197, -0.004241574645658237], [-0.00335645488210432, 0.007769264989106647, -0.0063960679947348545], [-0.004241574645658237, -0.006396067994734855, 0.015292949310809623]], "chi2_level": 0.95, "chi2_df": 3, "chi2_threshold": 7.814727903251179, "N_raw": 78, "N_roi": 78, "N_inlier": 76, "refit": true}
{"timestamp": "16:24:56.897507", "frame": 118, "mu": [1.3342720769770993, 1.6933393046867373, -0.5792203472315299], "Sigma": [[0.013547124696267855, 0.005905338496298735, -0.03769985287978064], [0.005905338496298735, 0.007963910512350413, -0.024997446361991013], [-0.03769985287978064, -0.024997446361991013, 0.1437812046154753]], "chi2_level": 0.95, "chi2_df": 3, "chi2_threshold": 7.814727903251179, "N_raw": 19, "N_roi": 19, "N_inlier": 17, "refit": true}
{"timestamp": "16:24:56.960106", "frame": 119, "mu": [1.2904741158687498, 1.5185399686183663, 1.1825576591105313], "Sigma": [[0.01086570637094129, -0.005940777944704518, -0.011859782375739947], [-0.005940777944704518, 0.010101919381737741, 0.0031386530068282983], [-0.011859782375739947, 0.0031386530068282974, 0.02704965701231869]], "chi2_level": 0.95, "chi2_df": 3, "chi2_threshold": 7.814727903251179, "N_raw": 80, "N_roi": 80, "N_inlier": 77, "refit": true}
{"timestamp": "16:24:57.018056", "frame": 120, "mu": [1.3308422824733013, 1.4075706155015353, 1.1354499149597945], "Sigma": [[0.018975454154358203, -0.015222722646232234, -0.029794129717682], [-0.015222722646232234, 0.015825190920490756, 0.02367190431414156], [-0.029794129717681996, 0.023671904314141554, 0.07387306948209905]], "chi2_level": 0.95, "chi2_df": 3, "chi2_threshold": 7.814727903251179, "N_raw": 90, "N_roi": 90, "N_inlier": 87, "refit": true}
{"timestamp": "16:24:57.068345", "frame": 121, "mu": [1.2805183575027468, 1.406653408756437, 1.1730090983723034], "Sigma": [[0.0077007103761648965, -0.0026397682587000746, -0.002183639323402199], [-0.002639768258700074, 0.004817037513268816, 0.0033794754016019278], [-0.0021836393234021985, 0.0033794754016019286, 0.03621115014554009]], "chi2_level": 0.95, "chi2_df": 3, "chi2_threshold": 7.814727903251179, "N_raw": 63, "N_roi": 63, "N_inlier": 60, "refit": true}
{"timestamp": "16:24:57.125184", "frame": 122, "mu": [1.2978164406853994, 1.5655290116640765, -0.6213107881223835], "Sigma": [[0.014969062185462652, -0.005833301257892356, -0.022327270433818873], [-0.005833301257892357, 0.007229925698825264, 0.0005766115971662356], [-0.022327270433818873, 0.0005766115971662359, 0.06302599837914441]], "chi2_level": 0.95, "chi2_df": 3, "chi2_threshold": 7.814727903251179, "N_raw": 87, "N_roi": 87, "N_inlier": 86, "refit": true}
{"timestamp": "16:24:57.177722", "frame": 123, "mu": [1.285523944306179, 1.515186557657867, -0.5069891824961859], "Sigma": [[0.008220836202326574, -0.00406653658305524, -0.00977771056447951], [-0.004066536583055241, 0.005436367521242014, 0.00046195331652577475], [-0.00977771056447951, 0.0004619533165257748, 0.03692861445799475]], "chi2_level": 0.95, "chi2_df": 3, "chi2_threshold": 7.814727903251179, "N_raw": 58, "N_roi": 58, "N_inlier": 55, "refit": true}
{"timestamp": "16:24:57.227713", "frame": 124, "mu": [1.201733273492146, 1.2719491348643048, 1.1906639841417792], "Sigma": [[0.0052104725536558085, -0.0034443691281110045, -0.0055681184025264206], [-0.0034443691281110045, 0.002922722949438998, 0.001839847159494398], [-0.0055681184025264206, 0.001839847159494398, 0.022089817852041338]], "chi2_level": 0.95, "chi2_df": 3, "chi2_threshold": 7.814727903251179, "N_raw": 26, "N_roi": 26, "N_inlier": 22, "refit": true}
{"timestamp": "16:24:57.288336", "frame": 125, "mu": [1.1125858914046447, 1.354720155587343, 1.3194984211132275], "Sigma": [[0.007627329768394185, -0.0028205597662497106, -0.007570108631034164], [-0.002820559766249711, 0.004563045348171453, -0.0012302364806346376], [-0.007570108631034164, -0.0012302364806346376, 0.014003983792271517]], "chi2_level": 0.95, "chi2_df": 3, "chi2_threshold": 7.814727903251179, "N_raw": 60, "N_roi": 60, "N_inlier": 59, "refit": true}
{"timestamp": "16:24:57.345396", "frame": 126, "mu": [1.1146159223325864, 1.2906028451689513, 1.255651987317073], "Sigma": [[0.00874085045028638, -0.004128287893394398, -0.011192473620734352], [-0.004128287893394396, 0.00518950373419202, 0.00048030416269882346], [-0.011192473620734352, 0.00048030416269882357, 0.03261644675261521]], "chi2_level": 0.95, "chi2_df": 3, "chi2_threshold": 7.814727903251179, "N_raw": 80, "N_roi": 80, "N_inlier": 78, "refit": true}
{"timestamp": "16:24:57.400516", "frame": 127, "mu": [1.087691835225807, 1.2595847657086903, 1.3497294034671548], "Sigma": [[0.008216503376245654, -0.0027455891051841527, -0.009451897032592796], [-0.0027455891051841527, 0.005550281858702519, -0.002277800556577684], [-0.009451897032592794, -0.0022778005565776845, 0.021358065449309467]], "chi2_level": 0.95, "chi2_df": 3, "chi2_threshold": 7.814727903251179, "N_raw": 77, "N_roi": 77, "N_inlier": 76, "refit": true}
{"timestamp": "16:24:57.454779", "frame": 128, "mu": [1.0645596590543036, 1.2028066426164554, 1.3714506750103912], "Sigma": [[0.015385787065550062, -0.00551669107982311, -0.018021216123314254], [-0.005516691079823111, 0.006038019789908894, 0.005255719465671063], [-0.018021216123314254, 0.005255719465671064, 0.028458904086395502]], "chi2_level": 0.95, "chi2_df": 3, "chi2_threshold": 7.814727903251179, "N_raw": 77, "N_roi": 77, "N_inlier": 75, "refit": true}
{"timestamp": "16:24:57.510647", "frame": 129, "mu": [1.0042921876660542, 1.1576987447684384, 1.3442281983803608], "Sigma": [[0.008926700261741421, -0.003600302673134088, -0.01288574103483377], [-0.003600302673134088, 0.005660366158678354, 0.0027828389917514077], [-0.01288574103483377, 0.0027828389917514077, 0.03588514639899047]], "chi2_level": 0.95, "chi2_df": 3, "chi2_threshold": 7.814727903251179, "N_raw": 82, "N_roi": 82, "N_inlier": 79, "refit": true}
{"timestamp": "16:24:57.563244", "frame": 130, "mu": [1.034787131320076, 1.1186902682140845, 1.3657673327324371], "Sigma": [[0.01592760089110062, -0.00837188878744479, -0.01996855218015567], [-0.008371888787444787, 0.009458060139480568, 0.00843650547662715], [-0.01996855218015567, 0.00843650547662715, 0.03236982511543207]], "chi2_level": 0.95, "chi2_df": 3, "chi2_threshold": 7.814727903251179, "N_raw": 62, "N_roi": 62, "N_inlier": 60, "refit": true}
{"timestamp": "16:24:57.616652", "frame": 131, "mu": [1.0033355930298467, 1.0840104309161236, 1.3951087167735434], "Sigma": [[0.016742867588768758, -0.005006890246802142, -0.020644745315308806], [-0.005006890246802142, 0.006264060442265804, 0.006095079614992156], [-0.020644745315308806, 0.006095079614992156, 0.029973871186923316]], "chi2_level": 0.95, "chi2_df": 3, "chi2_threshold": 7.814727903251179, "N_raw": 56, "N_roi": 56, "N_inlier": 52, "refit": true}
{"timestamp": "16:24:57.673874", "frame": 132, "mu": [0.9533676281746585, 1.0749134228416055, 1.394768021043849], "Sigma": [[0.011895243373092479, -0.005058845249273178, -0.015009491106813244], [-0.005058845249273178, 0.004539273589308332, 0.004905311476971883], [-0.015009491106813244, 0.004905311476971883, 0.024789151158053746]], "chi2_level": 0.95, "chi2_df": 3, "chi2_threshold": 7.814727903251179, "N_raw": 73, "N_roi": 73, "N_inlier": 70, "refit": true}
{"timestamp": "16:24:57.728822", "frame": 133, "mu": [0.9309577475512123, 1.069828759419789, 1.2856157197048013], "Sigma": [[0.009914616013135731, -0.0038722402222468957, -0.02446813203307561], [-0.0038722402222468952, 0.0031725988420754168, 0.010630199397927486], [-0.02446813203307561, 0.010630199397927486, 0.11083936317927325]], "chi2_level": 0.95, "chi2_df": 3, "chi2_threshold": 7.814727903251179, "N_raw": 65, "N_roi": 65, "N_inlier": 60, "refit": true}
{"timestamp": "16:24:57.779909", "frame": 134, "mu": [0.9380579465230264, 1.04945168226535, 1.1905665581671256], "Sigma": [[0.01096082486622392, -0.004980165809816856, -0.00590859868281277], [-0.004980165809816854, 0.004778932054172386, -0.010481849024281195], [-0.005908598682812769, -0.010481849024281195, 0.09812413749691884]], "chi2_level": 0.95, "chi2_df": 3, "chi2_threshold": 7.814727903251179, "N_raw": 42, "N_roi": 42, "N_inlier": 41, "refit": true}
{"timestamp": "16:24:57.831631", "frame": 135, "mu": [0.8388575601552379, 1.0236309932077068, 1.148096045104766], "Sigma": [[0.008143624157845268, -0.0021308128219052307, -0.0219909519506852], [-0.002130812821905231, 0.0056685138779271425, 0.021931760777464476], [-0.0219909519506852, 0.021931760777464476, 0.2912418315228952]], "chi2_level": 0.95, "chi2_df": 3, "chi2_threshold": 7.814727903251179, "N_raw": 23, "N_roi": 23, "N_inlier": 22, "refit": true}
{"timestamp": "16:24:57.891430", "frame": 136, "mu": [0.7933580159384703, 1.0117852541694383, 1.4666631695472718], "Sigma": [[0.006137404205398742, -0.0004945815174903916, -0.004954980811392215], [-0.0004945815174903917, 0.0031175742133328632, -0.0013171299082770794], [-0.004954980811392215, -0.0013171299082770794, 0.005896419290454189]], "chi2_level": 0.95, "chi2_df": 3, "chi2_threshold": 7.814727903251179, "N_raw": 61, "N_roi": 61, "N_inlier": 60, "refit": true}
{"timestamp": "16:24:57.944992", "frame": 137, "mu": [0.7434115466505943, 0.991387246082272, 1.538798628365299], "Sigma": [[0.0032395761366020995, -0.0005186601401752896, -0.0012846130128089342], [-0.0005186601401752897, 0.004084112533548603, 0.00050301354573465], [-0.0012846130128089345, 0.0005030135457346499, 0.001495051107172162]], "chi2_level": 0.95, "chi2_df": 3, "chi2_threshold": 7.814727903251179, "N_raw": 42, "N_roi": 42, "N_inlier": 37, "refit": true}
{"timestamp": "16:24:58.002646", "frame": 138, "mu": [0.7089511498746408, 0.9671152300242459, 1.492090209246622], "Sigma": [[0.004899431237862612, -0.0005347026640143519, -0.0026293254069748658], [-0.000534702664014352, 0.004595731487585325, -0.0011341243169830466], [-0.0026293254069748653, -0.0011341243169830466, 0.002613528412922346]], "chi2_level": 0.95, "chi2_df": 3, "chi2_threshold": 7.814727903251179, "N_raw": 62, "N_roi": 62, "N_inlier": 58, "refit": true}
{"timestamp": "16:24:58.057372", "frame": 139, "mu": [0.7158551451281397, 1.0086115280981354, -0.3724491969276007], "Sigma": [[0.006063899092503538, 0.0037996149451304554, 0.00202970952012809], [0.0037996149451304554, 0.004370729200776474, 0.0009363763252997131], [0.00202970952012809, 0.000936376325299713, 0.011724577096061855]], "chi2_level": 0.95, "chi2_df": 3, "chi2_threshold": 7.814727903251179, "N_raw": 54, "N_roi": 54, "N_inlier": 50, "refit": true}
{"timestamp": "16:24:58.110223", "frame": 140, "mu": [0.6759543443956723, 0.9246228456927986, 1.4703575323147966], "Sigma": [[0.004117729739694204, -0.0007028399834705006, -0.002402087270117546], [-0.0007028399834705006, 0.002308559204527089, -0.0005999130523109118], [-0.0024020872701175458, -0.0005999130523109118, 0.0021070443260930135]], "chi2_level": 0.95, "chi2_df": 3, "chi2_threshold": 7.814727903251179, "N_raw": 44, "N_roi": 44, "N_inlier": 42, "refit": true}
{"timestamp": "16:24:58.167134", "frame": 141, "mu": [0.6377080326863637, 0.9170309987721342, 1.4288482100158586], "Sigma": [[0.006649374696145921, -0.0027102177455199617, -0.007585880745062968], [-0.0027102177455199617, 0.00382208200650698, 0.002216639147051869], [-0.007585880745062968, 0.002216639147051869, 0.015567724728890018]], "chi2_level": 0.95, "chi2_df": 3, "chi2_threshold": 7.814727903251179, "N_raw": 62, "N_roi": 62, "N_inlier": 58, "refit": true}
{"timestamp": "16:24:58.223624", "frame": 142, "mu": [0.5776302655715527, 0.9322391476730243, 1.4762325230157787], "Sigma": [[0.0038719553283828355, -0.0018023603079756682, -0.002794848450604744], [-0.0018023603079756682, 0.005076152141746046, 7.937408285985255e-05], [-0.002794848450604744, 7.937408285985255e-05, 0.005548224826187205]], "chi2_level": 0.95, "chi2_df": 3, "chi2_threshold": 7.814727903251179, "N_raw": 61, "N_roi": 61, "N_inlier": 58, "refit": true}
