{"timestamp": "15:47:31.661183", "frame": 25, "mu": [1.9513294486815922, 4.882078464272836, -0.22426323750200214], "Sigma": [[0.00980244517137942, -0.0002535021815102598, -0.006013656349827321], [-0.00025350218151026, 0.0027795865009067906, 2.2020114122148562e-05], [-0.006013656349827321, 2.2020114122148562e-05, 0.00616435617650114]], "chi2_level": 0.95, "chi2_df": 3, "chi2_threshold": 7.814727903251179, "N_raw": 16, "N_roi": 14, "N_inlier": 13, "refit": true}
{"timestamp": "15:47:31.769938", "frame": 27, "mu": [1.7961240846952358, 4.712030348030383, 0.17176224614059174], "Sigma": [[0.010549973244686294, -0.003208825651957065, -0.001838972946031747], [-0.003208825651957065, 0.0025375657765463575, -0.0029724109540818803], [-0.001838972946031747, -0.0029724109540818803, 0.008492305773813661]], "chi2_level": 0.95, "chi2_df": 3, "chi2_threshold": 7.814727903251179, "N_raw": 14, "N_roi": 14, "N_inlier": 12, "refit": true}
{"timestamp": "15:47:31.827458", "frame": 28, "mu": [1.8076561222742313, 4.507379519157048, 0.8669401230455146], "Sigma": [[0.020568646551626893, -0.01014037374598592, -0.013076923486000681], [-0.01014037374598592, 0.005528796046738523, 0.004262133854299155], [-0.013076923486000681, 0.004262133854299155, 0.03860279168862259]], "chi2_level": 0.95, "chi2_df": 3, "chi2_threshold": 7.814727903251179, "N_raw": 34, "N_roi": 32, "N_inlier": 31, "refit": true}
{"timestamp": "15:47:31.884664", "frame": 29, "mu": [1.8352171796260948, 4.455013338329648, 0.9244224088942402], "Sigma": [[0.021388756907165914, -0.008196900996927542, -0.004561887132561804], [-0.00819690099692754, 0.005070844756860726, -0.00014821397928426816], [-0.004561887132561804, -0.00014821397928426816, 0.0070086796213640985]], "chi2_level": 0.95, "chi2_df": 3, "chi2_threshold": 7.814727903251179, "N_raw": 34, "N_roi": 32, "N_inlier": 31, "refit": true}
{"timestamp": "15:47:31.992441", "frame": 31, "mu": [1.9788296204878297, 4.239214845968069, 0.6050299678533724], "Sigma": [[0.015672339649933423, -0.006949338876219015, -0.006561802354629821], [-0.006949338876219015, 0.004100523653739824, 0.0016556098775385509], [-0.0065618023546298206, 0.0016556098775385509, 0.014681115768951794]], "chi2_level": 0.95, "chi2_df": 3, "chi2_threshold": 7.814727903251179, "N_raw": 21, "N_roi": 21, "N_inlier": 19, "refit": true}
{"timestamp": "15:47:32.048510", "frame": 32, "mu": [2.1130145966242506, 4.061763658433246, 0.48848711570303915], "Sigma": [[0.023455608722682292, -0.011532058643799123, -0.006503396302745622], [-0.011532058643799121, 0.006831201245825604, 0.002056253980154906], [-0.006503396302745622, 0.0020562539801549065, 0.011105382133162258]], "chi2_level": 0.95, "chi2_df": 3, "chi2_threshold": 7.814727903251179, "N_raw": 29, "N_roi": 29, "N_inlier": 28, "refit": true}
{"timestamp": "15:47:32.104570", "frame": 33, "mu": [1.9820793387579927, 4.024524125918634, 0.6842328050153548], "Sigma": [[0.020433869682322067, -0.011941821804085793, -0.018718656252125328], [-0.011941821804085793, 0.008836831322886287, 0.010629977975659245], [-0.018718656252125324, 0.010629977975659245, 0.04042537494324932]], "chi2_level": 0.95, "chi2_df": 3, "chi2_threshold": 7.814727903251179, "N_raw": 34, "N_roi": 33, "N_inlier": 32, "refit": true}
{"timestamp": "15:47:32.214257", "frame": 35, "mu": [1.9123268998317662, 3.9706786746363445, 0.9131297585607657], "Sigma": [[0.022712881472889745, -0.01067440560797283, -0.005747577354313384], [-0.01067440560797283, 0.008036488241545457, 0.002218131823810665], [-0.005747577354313384, 0.0022181318238106646, 0.0032022357922459454]], "chi2_level": 0.95, "chi2_df": 3, "chi2_threshold": 7.814727903251179, "N_raw": 34, "N_roi": 34, "N_inlier": 33, "refit": true}
{"timestamp": "15:47:32.326270", "frame": 37, "mu": [2.0561563201113353, 3.733563216974214, 0.5134618797650211], "Sigma": [[0.03370794006209737, -0.017218346265949026, -0.019777385956400356], [-0.017218346265949026, 0.010538073425289394, 0.008218364890244766], [-0.019777385956400356, 0.008218364890244766, 0.01711168166336532]], "chi2_level": 0.95, "chi2_df": 3, "chi2_threshold": 7.814727903251179, "N_raw": 46, "N_roi": 44, "N_inlier": 42, "refit": true}
{"timestamp": "15:47:32.380023", "frame": 38, "mu": [2.0367538451796117, 3.6017773726666817, 0.4574020180745645], "Sigma": [[0.019814623206180517, -0.012280951278888133, -0.008540688410089137], [-0.012280951278888133, 0.013835445729418224, 0.008129857139903088], [-0.008540688410089137, 0.008129857139903088, 0.0057696982126125805]], "chi2_level": 0.95, "chi2_df": 3, "chi2_threshold": 7.814727903251179, "N_raw": 35, "N_roi": 35, "N_inlier": 33, "refit": true}
{"timestamp": "15:47:32.435288", "frame": 39, "mu": [1.8999664169039785, 3.617220158609031, 0.6986308663218428], "Sigma": [[0.01673477405173332, -0.009833663760519912, -0.01513192821846139], [-0.009833663760519912, 0.007205259164235897, 0.0069334473838587474], [-0.01513192821846139, 0.0069334473838587474, 0.021157590539600958]], "chi2_level": 0.95, "chi2_df": 3, "chi2_threshold": 7.814727903251179, "N_raw": 32, "N_roi": 31, "N_inlier": 29, "refit": true}
{"timestamp": "15:47:32.495361", "frame": 40, "mu": [2.016102957054548, 3.432397220568702, 0.47400176595648313], "Sigma": [[0.0269129619323794, -0.011407932578358187, -0.017694381192851556], [-0.011407932578358187, 0.011385380808501563, 0.005831609159280592], [-0.017694381192851556, 0.005831609159280592, 0.021292791313497508]], "chi2_level": 0.95, "chi2_df": 3, "chi2_threshold": 7.814727903251179, "N_raw": 66, "N_roi": 63, "N_inlier": 62, "refit": true}
{"timestamp": "15:47:32.546573", "frame": 41, "mu": [2.1191064568159774, 3.282228964879887, 0.26382000189488775], "Sigma": [[0.02370080348738621, -0.0170784415940836, -0.012023956785972538], [-0.0170784415940836, 0.013289036742666847, 0.007660435072890515], [-0.012023956785972538, 0.007660435072890515, 0.02088453493881802]], "chi2_level": 0.95, "chi2_df": 3, "chi2_threshold": 7.814727903251179, "N_raw": 41, "N_roi": 40, "N_inlier": 37, "refit": true}
{"timestamp": "15:47:32.597971", "frame": 42, "mu": [1.8390153774791642, 3.362524012767136, 0.7912374165241246], "Sigma": [[0.013239578717117003, -0.007306700009173198, -0.009292021679237532], [-0.007306700009173198, 0.006424912853070708, 0.0057889968422348784], [-0.009292021679237532, 0.0057889968422348784, 0.013276309106925644]], "chi2_level": 0.95, "chi2_df": 3, "chi2_threshold": 7.814727903251179, "N_raw": 26, "N_roi": 22, "N_inlier": 21, "refit": true}
{"timestamp": "15:47:32.659453", "frame": 43, "mu": [1.9392878472542057, 3.2410210891129996, 0.5958365268116587], "Sigma": [[0.03870799793174742, -0.016629951908612387, -0.019289538509265236], [-0.016629951908612384, 0.01170756943065076, 0.005210055603460064], [-0.019289538509265236, 0.005210055603460063, 0.013724679902443354]], "chi2_level": 0.95, "chi2_df": 3, "chi2_threshold": 7.814727903251179, "N_raw": 70, "N_roi": 69, "N_inlier": 68, "refit": true}
{"timestamp": "15:47:32.712493", "frame": 44, "mu": [1.8473350243726954, 3.2277984042973964, 0.692444766520683], "Sigma": [[0.017548779366478584, -0.007276290819185386, -0.0069877480692081325], [-0.007276290819185386, 0.0063073798574307715, 0.0005801404020077044], [-0.0069877480692081325, 0.0005801404020077044, 0.0064308834708801275]], "chi2_level": 0.95, "chi2_df": 3, "chi2_threshold": 7.814727903251179, "N_raw": 45, "N_roi": 42, "N_inlier": 41, "refit": true}
{"timestamp": "15:47:32.767768", "frame": 45, "mu": [1.892772077996288, 3.1301439025152784, 0.8749330555589141], "Sigma": [[0.01599551501118293, -0.008389210724586827, -0.0105376372480881], [-0.008389210724586827, 0.005037725354864286, 0.0037809674753337065], [-0.0105376372480881, 0.003780967475333708, 0.06683675236878117]], "chi2_level": 0.95, "chi2_df": 3, "chi2_threshold": 7.814727903251179, "N_raw": 54, "N_roi": 50, "N_inlier": 48, "refit": true}
{"timestamp": "15:47:32.826571", "frame": 46, "mu": [1.8744478057181502, 3.0946455629836005, 0.8904719882385592], "Sigma": [[0.01166537488852584, -0.006009206182934901, -0.00716503565323247], [-0.006009206182934901, 0.0046748510285343405, 0.0025248278226964863], [-0.00716503565323247, 0.002524827822696486, 0.09548930088243548]], "chi2_level": 0.95, "chi2_df": 3, "chi2_threshold": 7.814727903251179, "N_raw": 46, "N_roi": 44, "N_inlier": 44, "refit": true}
{"timestamp": "15:47:32.878627", "frame": 47, "mu": [1.8207336998904315, 3.054623857469733, 0.9775905287883503], "Sigma": [[0.01587198456046649, -0.009008913173121007, -0.0046621262243530396], [-0.009008913173121007, 0.005818965709547787, -0.0009514025377030391], [-0.0046621262243530396, -0.000951402537703039, 0.06143287873768525]], "chi2_level": 0.95, "chi2_df": 3, "chi2_threshold": 7.814727903251179, "N_raw": 57, "N_roi": 54, "N_inlier": 54, "refit": true}
{"timestamp": "15:47:32.937362", "frame": 48, "mu": [1.863272763508472, 2.8634845766944106, 0.7186562603055233], "Sigma": [[0.024035077882601306, -0.015312564494927992, -0.007952742047343362], [-0.015312564494927992, 0.014111319503957382, 0.008337561622357853], [-0.007952742047343362, 0.008337561622357853, 0.06912430649138163]], "chi2_level": 0.95, "chi2_df": 3, "chi2_threshold": 7.814727903251179, "N_raw": 76, "N_roi": 73, "N_inlier": 71, "refit": true}
{"timestamp": "15:47:32.989228", "frame": 49, "mu": [1.8878038274709978, 2.8361991401078184, 0.756644820974611], "Sigma": [[0.02619373820451809, -0.015934838333837516, -0.0074492631334996005], [-0.015934838333837516, 0.01220087638249581, 0.0005962798023139817], [-0.0074492631334996005, 0.0005962798023139812, 0.010891794172886023]], "chi2_level": 0.95, "chi2_df": 3, "chi2_threshold": 7.814727903251179, "N_raw": 62, "N_roi": 60, "N_inlier": 59, "refit": true}
{"timestamp": "15:47:33.045229", "frame": 50, "mu": [1.8790173860335528, 2.6958692595677265, 0.7246595124537413], "Sigma": [[0.019485658136991532, -0.011557745637811399, -0.010099651335158704], [-0.011557745637811399, 0.00960606636993192, 0.01577548334256616], [-0.010099651335158704, 0.01577548334256616, 0.10469762266476354]], "chi2_level": 0.95, "chi2_df": 3, "chi2_threshold": 7.814727903251179, "N_raw": 64, "N_roi": 63, "N_inlier": 62, "refit": true}
{"timestamp": "15:47:33.099227", "frame": 51, "mu": [1.932963155287708, 2.647962679623186, 0.8233798318193645], "Sigma": [[0.02265029596578931, -0.009289181230021735, -0.01604553270471238], [-0.009289181230021735, 0.01284530219895673, 0.01425449264987831], [-0.01604553270471238, 0.01425449264987831, 0.06989581553761234]], "chi2_level": 0.95, "chi2_df": 3, "chi2_threshold": 7.814727903251179, "N_raw": 61, "N_roi": 58, "N_inlier": 58, "refit": true}
{"timestamp": "15:47:33.151389", "frame": 52, "mu": [1.7591409134994251, 2.6575460843285277, 1.2088431740298387], "Sigma": [[0.013736659427352737, -0.009789228795370707, -0.0029519202324883196], [-0.009789228795370707, 0.009086527888702102, -0.0006734431336232778], [-0.0029519202324883196, -0.0006734431336232778, 0.0062350412033484745]], "chi2_level": 0.95, "chi2_df": 3, "chi2_threshold": 7.814727903251179, "N_raw": 42, "N_roi": 38, "N_inlier": 37, "refit": true}
{"timestamp": "15:47:33.204136", "frame": 53, "mu": [1.7874756248674009, 2.5321935713442247, 0.7993171777422479], "Sigma": [[0.008054337268111165, -0.005069023620909573, -0.002697296437029708], [-0.005069023620909573, 0.003717481492936817, 0.0008934871902606205], [-0.002697296437029708, 0.0008934871902606203, 0.009901356903407744]], "chi2_level": 0.95, "chi2_df": 3, "chi2_threshold": 7.814727903251179, "N_raw": 26, "N_roi": 23, "N_inlier": 21, "refit": true}
{"timestamp": "15:47:33.258722", "frame": 54, "mu": [1.8184900815912295, 2.46953736145825, 1.0179136858741353], "Sigma": [[0.007685808146292221, -0.0054828198707676835, -0.0060000744836645765], [-0.0054828198707676835, 0.004313324506869285, 0.006768611681394287], [-0.0060000744836645765, 0.006768611681394287, 0.04795533754830459]], "chi2_level": 0.95, "chi2_df": 3, "chi2_threshold": 7.814727903251179, "N_raw": 29, "N_roi": 29, "N_inlier": 28, "refit": true}
{"timestamp": "15:47:33.317538", "frame": 55, "mu": [1.7755895356896358, 2.258848100149698, 0.6234175822410692], "Sigma": [[0.011578705147154261, -0.012679162459559367, -0.009286107295233492], [-0.012679162459559367, 0.020096953995838506, 0.009690194623040282], [-0.009286107295233492, 0.009690194623040282, 0.012339935584372576]], "chi2_level": 0.95, "chi2_df": 3, "chi2_threshold": 7.814727903251179, "N_raw": 46, "N_roi": 46, "N_inlier": 43, "refit": true}
{"timestamp": "15:47:33.372586", "frame": 56, "mu": [1.814250384282519, 2.1549092398179255, 0.6352346179704992], "Sigma": [[0.0077492508734546585, -0.005130941968001475, -0.0027406139072304546], [-0.005130941968001476, 0.02068914420145297, 0.00603201767145458], [-0.0027406139072304546, 0.00603201767145458, 0.0030096655976280928]], "chi2_level": 0.95, "chi2_df": 3, "chi2_threshold": 7.814727903251179, "N_raw": 48, "N_roi": 45, "N_inlier": 43, "refit": true}
{"timestamp": "15:47:33.424248", "frame": 57, "mu": [1.7604380125741494, 2.124680634131312, 0.8257967679365822], "Sigma": [[0.007587906093691264, -0.009223649831014863, -0.006683190839836192], [-0.009223649831014863, 0.014533822828532638, 0.009650765428270154], [-0.006683190839836192, 0.009650765428270154, 0.006980635944158957]], "chi2_level": 0.95, "chi2_df": 3, "chi2_threshold": 7.814727903251179, "N_raw": 24, "N_roi": 23, "N_inlier": 20, "refit": true}
{"timestamp": "15:47:33.480970", "frame": 58, "mu": [1.6821971163384881, 2.1764512573061237, 1.0486482690044374], "Sigma": [[0.011140579298441056, -0.007275630085250649, 0.001232656183928076], [-0.007275630085250649, 0.008443914569870255, -0.00203422440243844], [0.0012326561839280758, -0.00203422440243844, 0.004284375033099586]], "chi2_level": 0.95, "chi2_df": 3, "chi2_threshold": 7.814727903251179, "N_raw": 42, "N_roi": 42, "N_inlier": 39, "refit": true}
{"timestamp": "15:47:33.536054", "frame": 59, "mu": [1.6845855178547, 2.1360787126945837, 1.0224325790996043], "Sigma": [[0.010096326373648884, -0.004848044583639505, 0.0020920118470107206], [-0.004848044583639505, 0.00593049404963696, -0.0019711992096077113], [0.0020920118470107206, -0.0019711992096077113, 0.0007660287784116365]], "chi2_level": 0.95, "chi2_df": 3, "chi2_threshold": 7.814727903251179, "N_raw": 34, "N_roi": 34, "N_inlier": 33, "refit": true}
{"timestamp": "15:47:33.590479", "frame": 60, "mu": [1.7808341259953693, 2.028017442766351, 1.2447705945279552], "Sigma": [[0.006572971370552516, -0.00478514771303973, 0.005352021754565769], [-0.00478514771303973, 0.005397681121480707, -0.006415251132003079], [0.005352021754565769, -0.006415251132003079, 0.01450234942967714]], "chi2_level": 0.95, "chi2_df": 3, "chi2_threshold": 7.814727903251179, "N_raw": 31, "N_roi": 30, "N_inlier": 28, "refit": true}
{"timestamp": "15:47:33.642906", "frame": 61, "mu": [1.6973785768126004, 1.9191902766859035, 0.9256381357176929], "Sigma": [[0.007064325153002913, -0.0011147929050746336, -0.0011895958286730372], [-0.0011147929050746336, 0.005971965793313188, 0.0023507380965933147], [-0.001189595828673037, 0.0023507380965933147, 0.004560390520398905]], "chi2_level": 0.95, "chi2_df": 3, "chi2_threshold": 7.814727903251179, "N_raw": 20, "N_roi": 19, "N_inlier": 17, "refit": true}
{"timestamp": "15:47:33.975639", "frame": 67, "mu": [1.9359076611785437, 1.4434615946280693, 1.1564126384497886], "Sigma": [[0.01583890330891682, -0.012307247089620263, -0.008143036101965949], [-0.012307247089620263, 0.010545931682704358, 0.004184957346564925], [-0.008143036101965949, 0.004184957346564925, 0.029697104689116224]], "chi2_level": 0.95, "chi2_df": 3, "chi2_threshold": 7.814727903251179, "N_raw": 28, "N_roi": 28, "N_inlier": 26, "refit": true}
{"timestamp": "15:47:34.027892", "frame": 68, "mu": [2.0442917114109282, 1.2883353535098772, 1.109098689445751], "Sigma": [[0.017455143298708328, -0.010607298878170291, -0.02560061126654922], [-0.010607298878170291, 0.009754902107756867, 0.011869593679290212], [-0.02560061126654922, 0.011869593679290212, 0.05016971834751366]], "chi2_level": 0.95, "chi2_df": 3, "chi2_threshold": 7.814727903251179, "N_raw": 13, "N_roi": 12, "N_inlier": 11, "refit": true}
{"timestamp": "15:47:34.136334", "frame": 70, "mu": [1.9106284462231866, 1.1721359122779662, 1.2243020912900544], "Sigma": [[0.0006894496651078122, -0.0011395388850846803, -0.0005965608370836649], [-0.0011395388850846805, 0.0027696997445313897, -0.002954019519252102], [-0.0005965608370836649, -0.002954019519252102, 0.021600804908510438]], "chi2_level": 0.95, "chi2_df": 3, "chi2_threshold": 7.814727903251179, "N_raw": 11, "N_roi": 11, "N_inlier": 10, "refit": true}
