{"timestamp": "15:49:58.636579", "frame": 30, "mu": [1.8599789107689604, 2.958904865559892, 1.0648255915011506], "Sigma": [[0.010141233688145936, -0.012925478591429876, -0.02258569040068085], [-0.012925478591429876, 0.019222472050881595, 0.030873828671363374], [-0.02258569040068085, 0.030873828671363374, 0.05462850064424063]], "chi2_level": 0.95, "chi2_df": 3, "chi2_threshold": 7.814727903251179, "N_raw": 22, "N_roi": 22, "N_inlier": 20, "refit": true}
{"timestamp": "15:49:58.752096", "frame": 32, "mu": [1.739964369018769, 2.7685434098656296, 0.644861242166648], "Sigma": [[0.014450624791049978, -0.00860296943143551, -0.001441947071814722], [-0.00860296943143551, 0.0072210560846939775, -0.0005482428966273153], [-0.001441947071814722, -0.0005482428966273153, 0.002178011760932081]], "chi2_level": 0.95, "chi2_df": 3, "chi2_threshold": 7.814727903251179, "N_raw": 37, "N_roi": 36, "N_inlier": 34, "refit": true}
{"timestamp": "15:49:58.804418", "frame": 33, "mu": [1.6695794923439882, 2.7353823650456723, 0.5892669995686193], "Sigma": [[0.00856440857573456, -0.005696147737103439, -0.004217339687793582], [-0.005696147737103439, 0.004729015049564384, 0.0020258436638543164], [-0.004217339687793581, 0.0020258436638543164, 0.005693017115033516]], "chi2_level": 0.95, "chi2_df": 3, "chi2_threshold": 7.814727903251179, "N_raw": 20, "N_roi": 20, "N_inlier": 19, "refit": true}
{"timestamp": "15:49:58.863818", "frame": 34, "mu": [1.6042422506409493, 2.852157712038979, 0.8310412027691033], "Sigma": [[0.01928501961627426, -0.009980388661714804, -0.000389258784219418], [-0.009980388661714804, 0.007397006003264849, -0.000506210611516732], [-0.0003892587842194183, -0.000506210611516732, 0.004964837040223033]], "chi2_level": 0.95, "chi2_df": 3, "chi2_threshold": 7.814727903251179, "N_raw": 44, "N_roi": 42, "N_inlier": 40, "refit": true}
{"timestamp": "15:49:58.918100", "frame": 35, "mu": [1.5211592593708985, 2.8749391601651415, 0.8538792204560317], "Sigma": [[0.015219573829044182, -0.005204307455810349, -1.2681030018822127e-06], [-0.005204307455810349, 0.0029928865128025497, -0.0005296229224095361], [-1.2681030018815622e-06, -0.0005296229224095364, 0.01944678628774709]], "chi2_level": 0.95, "chi2_df": 3, "chi2_threshold": 7.814727903251179, "N_raw": 39, "N_roi": 38, "N_inlier": 37, "refit": true}
{"timestamp": "15:49:58.971129", "frame": 36, "mu": [1.5034538804850173, 2.8869957732581453, 0.7688698135101678], "Sigma": [[0.013370746339870327, -0.006906765567575371, -0.006766094159542113], [-0.006906765567575371, 0.009530079255301771, -0.005989962194112108], [-0.006766094159542114, -0.005989962194112108, 0.024562452757649053]], "chi2_level": 0.95, "chi2_df": 3, "chi2_threshold": 7.814727903251179, "N_raw": 36, "N_roi": 36, "N_inlier": 34, "refit": true}
{"timestamp": "15:49:59.188577", "frame": 40, "mu": [1.2291585755096768, 2.843523806172971, 0.6526656871214469], "Sigma": [[0.0033709212811912147, -0.00014131265691026066, -0.00040361935631411734], [-0.00014131265691026064, 0.0011473877981133895, -0.001158674754739672], [-0.00040361935631411734, -0.001158674754739672, 0.0020044005953853824]], "chi2_level": 0.95, "chi2_df": 3, "chi2_threshold": 7.814727903251179, "N_raw": 12, "N_roi": 12, "N_inlier": 11, "refit": true}
{"timestamp": "15:49:59.250236", "frame": 41, "mu": [1.1637555519173048, 2.9219058409046452, 1.0371144136994561], "Sigma": [[0.01737462997031749, -0.007577017652579288, -0.012176653746287795], [-0.007577017652579287, 0.00526087104843917, 0.0004305411010480458], [-0.012176653746287793, 0.0004305411010480459, 0.028761824733183006]], "chi2_level": 0.95, "chi2_df": 3, "chi2_threshold": 7.814727903251179, "N_raw": 63, "N_roi": 63, "N_inlier": 61, "refit": true}
{"timestamp": "15:49:59.302545", "frame": 42, "mu": [0.967813313207321, 2.9997868276009227, 1.109040327314385], "Sigma": [[0.010920839663478853, -0.009659339112936018, -0.027740395991615166], [-0.009659339112936018, 0.010344808007057515, 0.031113791520867833], [-0.027740395991615166, 0.031113791520867833, 0.13149622118732732]], "chi2_level": 0.95, "chi2_df": 3, "chi2_threshold": 7.814727903251179, "N_raw": 34, "N_roi": 32, "N_inlier": 30, "refit": true}
{"timestamp": "15:49:59.356308", "frame": 43, "mu": [0.9609357032989332, 3.0094218104917547, 1.1406414668655092], "Sigma": [[0.010308442146132787, -0.00553307448639178, -0.00610418114210775], [-0.00553307448639178, 0.004291853362133907, 0.0030467953311105116], [-0.00610418114210775, 0.003046795331110512, 0.025364185537114343]], "chi2_level": 0.95, "chi2_df": 3, "chi2_threshold": 7.814727903251179, "N_raw": 34, "N_roi": 33, "N_inlier": 31, "refit": true}
{"timestamp": "15:49:59.412710", "frame": 44, "mu": [0.9544000152438402, 2.941147505110262, 1.1008656460708004], "Sigma": [[0.010634005925099251, -0.006049848256460193, -0.0091843925052595], [-0.006049848256460193, 0.005081213723150498, 0.0026773463696704307], [-0.0091843925052595, 0.0026773463696704307, 0.015312976917168306]], "chi2_level": 0.95, "chi2_df": 3, "chi2_threshold": 7.814727903251179, "N_raw": 37, "N_roi": 35, "N_inlier": 34, "refit": true}
{"timestamp": "15:49:59.463475", "frame": 45, "mu": [0.8941363709525623, 2.9742426630550036, 0.6090575952207046], "Sigma": [[0.013644490703267037, 0.0018952533499147243, -0.034134964313090085], [0.001895253349914724, 0.003929725199654695, 0.007021093469793049], [-0.03413496431309009, 0.007021093469793045, 0.5065619896736896]], "chi2_level": 0.95, "chi2_df": 3, "chi2_threshold": 7.814727903251179, "N_raw": 11, "N_roi": 10, "N_inlier": 10, "refit": true}
{"timestamp": "15:49:59.522314", "frame": 46, "mu": [0.7677680465246175, 3.004254106053765, 1.2475314807416553], "Sigma": [[0.010984311395557849, -0.003523145534212478, -0.01201999842423361], [-0.003523145534212478, 0.0033179392155282686, -0.0005510489281204754], [-0.01201999842423361, -0.0005510489281204753, 0.024764938364022892]], "chi2_level": 0.95, "chi2_df": 3, "chi2_threshold": 7.814727903251179, "N_raw": 49, "N_roi": 49, "N_inlier": 45, "refit": true}
{"timestamp": "15:49:59.576663", "frame": 47, "mu": [0.6116226710148907, 3.034731154640142, 1.287488858932897], "Sigma": [[0.009010702127323297, -0.002265056594110823, -0.009808364217294988], [-0.0022650565941108236, 0.0013219468668054367, -0.0003084220006027229], [-0.009808364217294988, -0.0003084220006027227, 0.029073693183175736]], "chi2_level": 0.95, "chi2_df": 3, "chi2_threshold": 7.814727903251179, "N_raw": 33, "N_roi": 33, "N_inlier": 29, "refit": true}
{"timestamp": "15:49:59.632165", "frame": 48, "mu": [0.5777913670782053, 2.902935010860685, 1.344707300632476], "Sigma": [[0.008121774967797278, -0.0039378131600727884, -0.007109808379583428], [-0.0039378131600727884, 0.005540858890233153, 0.0063412478594428974], [-0.007109808379583428, 0.006341247859442897, 0.009218797099555125]], "chi2_level": 0.95, "chi2_df": 3, "chi2_threshold": 7.814727903251179, "N_raw": 32, "N_roi": 32, "N_inlier": 30, "refit": true}
{"timestamp": "15:49:59.686022", "frame": 49, "mu": [0.48949379914297836, 2.924092164947762, 1.3335416591525244], "Sigma": [[0.008749618614917904, -0.004424853384253122, -0.00831120505418095], [-0.004424853384253122, 0.005975265996167131, 0.005799426254437122], [-0.00831120505418095, 0.005799426254437122, 0.009422159708568743]], "chi2_level": 0.95, "chi2_df": 3, "chi2_threshold": 7.814727903251179, "N_raw": 36, "N_roi": 34, "N_inlier": 33, "refit": true}
{"timestamp": "15:49:59.743560", "frame": 50, "mu": [0.4014800605520246, 2.9332643536265057, 1.3636967480526108], "Sigma": [[0.012471018018472033, -0.0050255901285050485, -0.01205592953406628], [-0.005025590128505049, 0.006421144116557827, 0.007947792934446429], [-0.01205592953406628, 0.007947792934446429, 0.015592818611203672]], "chi2_level": 0.95, "chi2_df": 3, "chi2_threshold": 7.814727903251179, "N_raw": 44, "N_roi": 44, "N_inlier": 41, "refit": true}
{"timestamp": "15:49:59.802701", "frame": 51, "mu": [0.30832884732203636, 2.946446464598136, 1.1262632419610616], "Sigma": [[0.011832319387337848, -0.0035479317169574472, -0.00999098156022129], [-0.0035479317169574472, 0.002954831517457755, -0.002492724324040624], [-0.009990981560221289, -0.0024927243240406246, 0.043923014232501334]], "chi2_level": 0.95, "chi2_df": 3, "chi2_threshold": 7.814727903251179, "N_raw": 71, "N_roi": 67, "N_inlier": 61, "refit": true}
{"timestamp": "15:49:59.852691", "frame": 52, "mu": [0.5408851118225332, 2.911137178356556, -0.0834123704497998], "Sigma": [[0.017351943865684043, -0.006118133676103467, -0.019522944139692806], [-0.006118133676103467, 0.003067840390520817, 0.003900542216977239], [-0.01952294413969281, 0.0039005422169772395, 0.06116559526317551]], "chi2_level": 0.95, "chi2_df": 3, "chi2_threshold": 7.814727903251179, "N_raw": 34, "N_roi": 29, "N_inlier": 26, "refit": true}
{"timestamp": "15:49:59.906413", "frame": 53, "mu": [0.18817273593139996, 2.9193597832711644, 0.8737899200185224], "Sigma": [[0.004662649844289375, -0.0003293875268637622, -0.01072151547489528], [-0.00032938752686376214, 0.002447550223143237, -0.019614686367757272], [-0.010721515474895277, -0.019614686367757275, 0.4054017977267268]], "chi2_level": 0.95, "chi2_df": 3, "chi2_threshold": 7.814727903251179, "N_raw": 32, "N_roi": 29, "N_inlier": 27, "refit": true}
{"timestamp": "15:49:59.964027", "frame": 54, "mu": [0.0618065546469969, 2.8850558696404818, 1.0164794940927149], "Sigma": [[0.003989884613203144, -0.00044958562897430684, 0.005480701625294986], [-0.00044958562897430684, 0.0017825031571857624, -0.012171911468156724], [0.005480701625294984, -0.012171911468156726, 0.18215658200143833]], "chi2_level": 0.95, "chi2_df": 3, "chi2_threshold": 7.814727903251179, "N_raw": 45, "N_roi": 22, "N_inlier": 19, "refit": true}
{"timestamp": "15:50:00.018324", "frame": 55, "mu": [-0.03962528893708822, 2.973287498328111, 1.3976174642025123], "Sigma": [[0.00885671883061138, -0.00035591061950812836, -0.0036844180827797003], [-0.00035591061950812836, 0.0050141395065360726, 0.004622648212091093], [-0.0036844180827797, 0.004622648212091093, 0.006236685531105315]], "chi2_level": 0.95, "chi2_df": 3, "chi2_threshold": 7.814727903251179, "N_raw": 42, "N_roi": 39, "N_inlier": 35, "refit": true}
{"timestamp": "15:50:00.068151", "frame": 56, "mu": [-0.12563687121388661, 2.969692617048191, 1.3014401998409706], "Sigma": [[0.003672846259069468, -1.986689284820149e-05, -0.0047651973743019415], [-1.986689284820149e-05, 0.0021311277864563905, 0.0005814560578903455], [-0.004765197374301942, 0.0005814560578903455, 0.024174802862722108]], "chi2_level": 0.95, "chi2_df": 3, "chi2_threshold": 7.814727903251179, "N_raw": 14, "N_roi": 13, "N_inlier": 12, "refit": true}
{"timestamp": "15:50:00.125298", "frame": 57, "mu": [-0.14912174319478322, 2.9253293231668387, 1.3095425166188828], "Sigma": [[0.009767235945201324, -0.00044854747034818595, -0.0043611707134430504], [-0.00044854747034818595, 0.0021733030685369267, -0.00039414754329817], [-0.00436117071344305, -0.00039414754329817, 0.003419935730198536]], "chi2_level": 0.95, "chi2_df": 3, "chi2_threshold": 7.814727903251179, "N_raw": 28, "N_roi": 28, "N_inlier": 27, "refit": true}
{"timestamp": "15:50:00.179081", "frame": 58, "mu": [-0.21554089081680636, 2.8988943859309853, 1.2850483856755432], "Sigma": [[0.00310371757623688, 0.0003144231777032161, -0.0013403117955844554], [0.00031442317770321606, 0.001816341118608252, -0.0006935964059459071], [-0.0013403117955844554, -0.0006935964059459071, 0.0019000718108027547]], "chi2_level": 0.95, "chi2_df": 3, "chi2_threshold": 7.814727903251179, "N_raw": 16, "N_roi": 16, "N_inlier": 14, "refit": true}
{"timestamp": "15:50:00.239069", "frame": 59, "mu": [-0.3412976149749295, 2.950349992484837, 1.3385245583755607], "Sigma": [[0.012597762551806611, -0.00048248363795508933, -0.007047898148945083], [-0.00048248363795508944, 0.0039019286869962986, 0.0013280697030544808], [-0.007047898148945083, 0.001328069703054481, 0.007006147433811912]], "chi2_level": 0.95, "chi2_df": 3, "chi2_threshold": 7.814727903251179, "N_raw": 51, "N_roi": 40, "N_inlier": 38, "refit": true}
{"timestamp": "15:50:00.300189", "frame": 60, "mu": [-0.40930272281477614, 3.0344294201594626, -0.20751133161614535], "Sigma": [[0.015327974197106567, 0.0026776892033301344, 0.03226978848158525], [0.0026776892033301344, 0.011616265008694527, 0.013393997334828711], [0.03226978848158526, 0.013393997334828711, 0.12024974495314503]], "chi2_level": 0.95, "chi2_df": 3, "chi2_threshold": 7.814727903251179, "N_raw": 94, "N_roi": 65, "N_inlier": 62, "refit": true}
{"timestamp": "15:50:00.346100", "frame": 61, "mu": [-0.4974279248176302, 2.8759446821785275, 0.5561721071367965], "Sigma": [[0.011690428003835955, 0.001123820863478421, 0.0556643828053778], [0.001123820863478421, 0.0014493305712485998, 0.008137675609504725], [0.0556643828053778, 0.008137675609504725, 0.4036963705903744]], "chi2_level": 0.95, "chi2_df": 3, "chi2_threshold": 7.814727903251179, "N_raw": 26, "N_roi": 22, "N_inlier": 20, "refit": true}
{"timestamp": "15:50:00.403919", "frame": 62, "mu": [-0.6064628397156171, 2.892076193722913, 0.9605027646183086], "Sigma": [[0.02974825543232177, -0.0021043022102227144, 0.06420146487899771], [-0.0021043022102227144, 0.003110862326726491, -0.005307654929450822], [0.06420146487899772, -0.005307654929450823, 0.28573082401686933]], "chi2_level": 0.95, "chi2_df": 3, "chi2_threshold": 7.814727903251179, "N_raw": 50, "N_roi": 48, "N_inlier": 47, "refit": true}
{"timestamp": "15:50:00.459188", "frame": 63, "mu": [-0.6098815737126001, 3.053021947446629, 0.025507593638505396], "Sigma": [[0.007564784672363103, -0.00196810724709378, 0.004319003803744956], [-0.0019681072470937805, 0.008755425670109559, -0.013376549715472724], [0.004319003803744956, -0.013376549715472724, 0.031710006715689985]], "chi2_level": 0.95, "chi2_df": 3, "chi2_threshold": 7.814727903251179, "N_raw": 52, "N_roi": 30, "N_inlier": 27, "refit": true}
{"timestamp": "15:50:00.512169", "frame": 64, "mu": [-0.6988394927545138, 2.9151320664190385, 1.2588918446986885], "Sigma": [[0.006766712084206991, 0.00021553565573298358, -0.007922532193953365], [0.0002155356557329833, 0.005362584276053828, 0.0014444828734844232], [-0.007922532193953367, 0.0014444828734844232, 0.028336795384619133]], "chi2_level": 0.95, "chi2_df": 3, "chi2_threshold": 7.814727903251179, "N_raw": 37, "N_roi": 32, "N_inlier": 29, "refit": true}
{"timestamp": "15:50:00.571060", "frame": 65, "mu": [-0.7094012752205151, 2.976596772266134, 0.9652363066783447], "Sigma": [[0.03751402789818025, 0.007973157955067384, -0.10681765842900795], [0.007973157955067384, 0.008020723138737309, -0.02840148162556775], [-0.10681765842900795, -0.02840148162556775, 0.3524793874464723]], "chi2_level": 0.95, "chi2_df": 3, "chi2_threshold": 7.814727903251179, "N_raw": 64, "N_roi": 62, "N_inlier": 62, "refit": true}
{"timestamp": "15:50:00.619536", "frame": 66, "mu": [-0.7989505281224846, 3.1921399321330446, -0.5113645165892162], "Sigma": [[0.006211802523619554, 0.01217166823485911, -0.03953059601407987], [0.01217166823485911, 0.05272888159778949, -0.11841773774665507], [-0.03953059601407987, -0.11841773774665508, 0.3403799457303118]], "chi2_level": 0.95, "chi2_df": 3, "chi2_threshold": 7.814727903251179, "N_raw": 13, "N_roi": 11, "N_inlier": 10, "refit": true}
{"timestamp": "15:50:00.682879", "frame": 67, "mu": [-0.9059682652101809, 2.9453051120630973, 0.8776733670143343], "Sigma": [[0.014660330684372816, 0.0019610945092572037, -0.03603013803865249], [0.001961094509257204, 0.009964522814383382, -0.031201181559941282], [-0.03603013803865249, -0.031201181559941286, 0.2650553439984683]], "chi2_level": 0.95, "chi2_df": 3, "chi2_threshold": 7.814727903251179, "N_raw": 82, "N_roi": 80, "N_inlier": 80, "refit": true}
{"timestamp": "15:50:00.734673", "frame": 68, "mu": [-1.0599677209714546, 2.8955662627210432, 1.4080973235561542], "Sigma": [[0.011010332846185853, -0.0003233499431028699, -0.01344303224260484], [-0.0003233499431028696, 0.005680179367034345, 0.0020306585849577826], [-0.01344303224260484, 0.0020306585849577826, 0.018970039924013235]], "chi2_level": 0.95, "chi2_df": 3, "chi2_threshold": 7.814727903251179, "N_raw": 48, "N_roi": 46, "N_inlier": 42, "refit": true}
{"timestamp": "15:50:00.788018", "frame": 69, "mu": [-1.1641839707866923, 2.897404612517725, 1.468985448764895], "Sigma": [[0.009177248874192745, 0.0028407801332170136, -0.006425273557685356], [0.002840780133217013, 0.005630304291752222, -0.0016183277889895362], [-0.006425273557685355, -0.0016183277889895362, 0.035163133848263424]], "chi2_level": 0.95, "chi2_df": 3, "chi2_threshold": 7.814727903251179, "N_raw": 38, "N_roi": 38, "N_inlier": 35, "refit": true}
{"timestamp": "15:50:00.843460", "frame": 70, "mu": [-1.1445289740121414, 2.8578407023596415, 1.0490076603039782], "Sigma": [[0.0135926261602727, 0.004660001696762778, -0.021517455058626615], [0.004660001696762778, 0.0030515896681837596, -0.011365793965710379], [-0.021517455058626615, -0.011365793965710379, 0.05376748779404823]], "chi2_level": 0.95, "chi2_df": 3, "chi2_threshold": 7.814727903251179, "N_raw": 47, "N_roi": 47, "N_inlier": 43, "refit": true}
{"timestamp": "15:50:00.896170", "frame": 71, "mu": [-1.2492181913712825, 2.8620692165056103, 1.0315050894194746], "Sigma": [[0.02230949225481343, 0.009456973494692902, -0.026448900236553267], [0.009456973494692902, 0.0060884254679433565, -0.023358807572874247], [-0.026448900236553267, -0.023358807572874247, 0.21094060401265943]], "chi2_level": 0.95, "chi2_df": 3, "chi2_threshold": 7.814727903251179, "N_raw": 23, "N_roi": 23, "N_inlier": 21, "refit": true}
{"timestamp": "15:50:00.956022", "frame": 72, "mu": [-1.3390225923328432, 2.9115305874046826, 1.1761422184757768], "Sigma": [[0.016216868000542353, 0.005213314950155427, -0.019215539750643103], [0.0052133149501554284, 0.004601598786588363, -0.009317346026563363], [-0.019215539750643103, -0.009317346026563363, 0.0380147315837317]], "chi2_level": 0.95, "chi2_df": 3, "chi2_threshold": 7.814727903251179, "N_raw": 57, "N_roi": 57, "N_inlier": 52, "refit": true}
{"timestamp": "15:50:01.009581", "frame": 73, "mu": [-1.4273722503379789, 2.9219858591597827, 1.111887000867981], "Sigma": [[0.01405464205095182, 0.004396351161351189, -0.018354240448118488], [0.004396351161351189, 0.004008666285707127, -0.010304014257306216], [-0.018354240448118488, -0.010304014257306218, 0.04039908990925399]], "chi2_level": 0.95, "chi2_df": 3, "chi2_threshold": 7.814727903251179, "N_raw": 53, "N_roi": 53, "N_inlier": 49, "refit": true}
{"timestamp": "15:50:01.061156", "frame": 74, "mu": [-1.600441461148302, 2.8880645347949736, 1.4244276222447347], "Sigma": [[0.015872000797366025, 0.0058885117395868925, -0.03642900013215804], [0.0058885117395868925, 0.008970600771202139, -0.014603806861348382], [-0.03642900013215804, -0.014603806861348382, 0.09202311351618864]], "chi2_level": 0.95, "chi2_df": 3, "chi2_threshold": 7.814727903251179, "N_raw": 25, "N_roi": 25, "N_inlier": 22, "refit": true}
{"timestamp": "15:50:01.114137", "frame": 75, "mu": [-1.5144391027483115, 3.001152830388865, 0.8501240585456163], "Sigma": [[0.013383309615731975, 0.007102597033065684, -0.044282754277614314], [0.007102597033065684, 0.0287388525474721, -0.0286328945620171], [-0.044282754277614314, -0.0286328945620171, 0.15995139321031274]], "chi2_level": 0.95, "chi2_df": 3, "chi2_threshold": 7.814727903251179, "N_raw": 16, "N_roi": 11, "N_inlier": 10, "refit": true}
{"timestamp": "15:50:01.173803", "frame": 76, "mu": [-1.6822847431123735, 2.8519323000473733, 1.00058116830721], "Sigma": [[0.01260707648414085, 0.007397744025911604, -0.03374156442196398], [0.007397744025911604, 0.00873947393713039, -0.030600104412560176], [-0.03374156442196398, -0.030600104412560176, 0.15628558420747382]], "chi2_level": 0.95, "chi2_df": 3, "chi2_threshold": 7.814727903251179, "N_raw": 49, "N_roi": 49, "N_inlier": 47, "refit": true}
{"timestamp": "15:50:01.228503", "frame": 77, "mu": [-1.8378394308134665, 2.7462178031212954, 1.3953660453256984], "Sigma": [[0.014560930781716235, 0.005384284249432953, -0.011331171100548133], [0.005384284249432953, 0.005833947113569152, -0.0065382434302499615], [-0.011331171100548133, -0.0065382434302499615, 0.012736531486506235]], "chi2_level": 0.95, "chi2_df": 3, "chi2_threshold": 7.814727903251179, "N_raw": 43, "N_roi": 42, "N_inlier": 40, "refit": true}
{"timestamp": "15:50:01.284365", "frame": 78, "mu": [-1.8771187537214733, 2.8169896593967145, 1.4300987586233431], "Sigma": [[0.010351082362256311, 0.0025865160239387465, -0.012455633781272606], [0.0025865160239387465, 0.010204010199324329, 0.003034537170529494], [-0.012455633781272605, 0.0030345371705294936, 0.020659207294521392]], "chi2_level": 0.95, "chi2_df": 3, "chi2_threshold": 7.814727903251179, "N_raw": 46, "N_roi": 45, "N_inlier": 41, "refit": true}
{"timestamp": "15:50:01.335374", "frame": 79, "mu": [-2.0149169752714378, 2.840205307926125, 1.5927884114448532], "Sigma": [[0.011006386956229094, 0.004244382533323453, -0.013060880114849849], [0.004244382533323453, 0.0042151568353001835, -0.004352487188480535], [-0.013060880114849849, -0.004352487188480535, 0.017608990786238506]], "chi2_level": 0.95, "chi2_df": 3, "chi2_threshold": 7.814727903251179, "N_raw": 25, "N_roi": 25, "N_inlier": 23, "refit": true}
{"timestamp": "15:50:01.392702", "frame": 80, "mu": [-2.072686054751688, 2.8080873055239626, 1.5904743626071194], "Sigma": [[0.013876855095806566, 0.004003682898893114, -0.015343130229412498], [0.004003682898893114, 0.007535504853570212, -0.001427434403534008], [-0.0153431302294125, -0.0014274344035340083, 0.021723743713112163]], "chi2_level": 0.95, "chi2_df": 3, "chi2_threshold": 7.814727903251179, "N_raw": 41, "N_roi": 41, "N_inlier": 39, "refit": true}
{"timestamp": "15:50:01.446219", "frame": 81, "mu": [-2.057888446108497, 2.6930027250689954, 1.2118944436947692], "Sigma": [[0.012719541116139084, 0.005327184624034014, -0.0089498121666968], [0.005327184624034014, 0.006357997927759521, -0.004410241824069228], [-0.0089498121666968, -0.004410241824069228, 0.007410588799300711]], "chi2_level": 0.95, "chi2_df": 3, "chi2_threshold": 7.814727903251179, "N_raw": 34, "N_roi": 34, "N_inlier": 34, "refit": true}
{"timestamp": "15:50:01.507434", "frame": 82, "mu": [-2.063855331780866, 2.846053681142811, 0.9286363322411061], "Sigma": [[0.044121081250634096, 0.032499885944395665, -0.10341626600900962], [0.032499885944395665, 0.03239409494176851, -0.08468299917719421], [-0.10341626600900962, -0.08468299917719421, 0.3025129094230967]], "chi2_level": 0.95, "chi2_df": 3, "chi2_threshold": 7.814727903251179, "N_raw": 64, "N_roi": 61, "N_inlier": 60, "refit": true}
{"timestamp": "15:50:01.558474", "frame": 83, "mu": [-2.1386803209961185, 2.8208567621950147, 0.9928902625468088], "Sigma": [[0.03944920956888706, 0.03326872403858075, -0.09310697557830534], [0.03326872403858075, 0.03396981938141745, -0.08370612309672561], [-0.09310697557830536, -0.08370612309672561, 0.24310367721474355]], "chi2_level": 0.95, "chi2_df": 3, "chi2_threshold": 7.814727903251179, "N_raw": 38, "N_roi": 38, "N_inlier": 37, "refit": true}
{"timestamp": "15:50:01.617525", "frame": 84, "mu": [-2.3604333483316626, 2.659649629614221, 1.4391153296605186], "Sigma": [[0.006386909590713262, 0.003018730768374108, -0.004674457354800437], [0.003018730768374108, 0.008063068312140135, -0.0008775540603140396], [-0.004674457354800436, -0.0008775540603140398, 0.005014216354371526]], "chi2_level": 0.95, "chi2_df": 3, "chi2_threshold": 7.814727903251179, "N_raw": 67, "N_roi": 28, "N_inlier": 25, "refit": true}
{"timestamp": "15:50:01.669531", "frame": 85, "mu": [-2.380074060213792, 2.7331501972020114, -0.42187516615050413], "Sigma": [[0.005950067790283355, 0.008371559057957063, 0.01398575905917809], [0.008371559057957063, 0.02690296250205019, 0.016287164159783436], [0.013985759059178088, 0.016287164159783436, 0.08212630870842239]], "chi2_level": 0.95, "chi2_df": 3, "chi2_threshold": 7.814727903251179, "N_raw": 54, "N_roi": 20, "N_inlier": 18, "refit": true}
{"timestamp": "15:50:01.725446", "frame": 86, "mu": [-2.4467674719058605, 2.632922550751805, 1.3481122664338128], "Sigma": [[0.0016752742497084016, 0.0008091237703346506, -0.00161065022833372], [0.0008091237703346506, 0.004717652851762444, -0.002533876311462758], [-0.00161065022833372, -0.002533876311462758, 0.0033145218212868397]], "chi2_level": 0.95, "chi2_df": 3, "chi2_threshold": 7.814727903251179, "N_raw": 56, "N_roi": 10, "N_inlier": 10, "refit": true}
